
metadata:
    version:
        essentia: "1.2.2"
    audio_properties:
        analysis_sample_rate: 44100
        bitrate: 128
        channels: 2
        equal_loudness: 1
        length: 10.0310201645
        replay_gain: -5.0324344635
        downmix: "mix"
    tags:
        track: 1
        year: 0
        album: "Splitted by Mp3Splt v. 2.1"
        artist: "From 000.00 To 000.10"
        comment: "http://mp3splt.sf.net"
        genre: ""
        title: "10 Twenty Four Hours.mp3"

highlevel:
    ballroom:
        all:
            ChaChaCha: 0.123615592718
            Jive: 0.0410291180015
            Quickstep: 0.0120915342122
            Rumba-American: 0.056153010577
            Rumba-International: 0.371371269226
            Rumba-Misc: 0.0580698996782
            Samba: 0.134385675192
            Tango: 0.0940084978938
            VienneseWaltz: 0.0337813571095
            Waltz: 0.0754940286279
        probability: 0.371371269226
        value: "Rumba-International"
    culture:
        all:
            non_western: 0.952103257179
            western: 0.0478967614472
        probability: 0.952103257179
        value: "non_western"
    gender:
        all:
            female: 0.688697636127
            male: 0.311302363873
        probability: 0.688697636127
        value: "female"
    genre_dortmund:
        all:
            alternative: 0.0394215509295
            blues: 0.00809205137193
            electronic: 0.572101891041
            folkcountry: 0.0111087076366
            funksoulrnb: 0.00353245576844
            jazz: 0.2434925735
            pop: 0.0119814584032
            raphiphop: 0.0116384951398
            rock: 0.0986308455467
        probability: 0.572101891041
        value: "electronic"
    genre_electronica:
        all:
            ambient: 0.37491735816
            dnb: 0.0746630504727
            house: 0.179066881537
            techno: 0.318330913782
            trance: 0.0530217848718
        probability: 0.37491735816
        value: "ambient"
    genre_rosamerica:
        all:
            cla: 0.0568822845817
            dan: 0.173669025302
            hip: 0.0624428018928
            jaz: 0.202081784606
            pop: 0.0798132494092
            rhy: 0.14443589747
            roc: 0.268478035927
            spe: 0.012196903117
        probability: 0.268478035927
        value: "roc"
    genre_tzanetakis:
        all:
            blu: 0.0513709187508
            cla: 0.0680592656136
            cou: 0.0177106410265
            dis: 0.0433580763638
            hip: 0.0574262738228
            jaz: 0.0607549734414
            met: 0.0185157004744
            pop: 0.161908701062
            reg: 0.479152262211
            roc: 0.0417431890965
        probability: 0.479152262211
        value: "reg"
    live_studio:
        all:
            live: 0.0753707662225
            studio: 0.924629211426
        probability: 0.924629211426
        value: "studio"
    mood:
        all:
            Cluster1: 0.299319684505
            Cluster2: 0.0237338095903
            Cluster3: 0.380630403757
            Cluster4: 0.0173770617694
            Cluster5: 0.278939038515
        probability: 0.380630403757
        value: "Cluster3"
    mood_acoustic:
        all:
            acoustic: 0.233710244298
            not_acoustic: 0.766289770603
        probability: 0.766289770603
        value: "not_acoustic"
    mood_aggressive:
        all:
            aggressive: 0.186499491334
            not_aggressive: 0.813500523567
        probability: 0.813500523567
        value: "not_aggressive"
    mood_electronic:
        all:
            electronic: 0.959803640842
            not_electronic: 0.040196351707
        probability: 0.959803640842
        value: "electronic"
    mood_happy:
        all:
            happy: 0.0183040071279
            not_happy: 0.981696009636
        probability: 0.981696009636
        value: "not_happy"
    mood_party:
        all:
            not_party: 0.906276643276
            party: 0.0937233716249
        probability: 0.906276643276
        value: "not_party"
    mood_relaxed:
        all:
            not_relaxed: 0.199590951204
            relaxed: 0.800409078598
        probability: 0.800409078598
        value: "relaxed"
    mood_sad:
        all:
            not_sad: 0.306475758553
            sad: 0.693524241447
        probability: 0.693524241447
        value: "sad"
    rhythm:
        all:
            fast: 0.825516223907
            medium: 0.136534035206
            slow: 0.0379497148097
        probability: 0.825516223907
        value: "fast"
    speech_music:
        all:
            music: 0.993851959705
            speech: 0.00614802818745
        probability: 0.993851959705
        value: "music"
    timbre:
        all:
            bright: 0.221013367176
            dark: 0.778986632824
        probability: 0.778986632824
        value: "dark"
    voice_instrumental:
        all:
            instrumental: 0.999999880791
            voice: 1.39731753279e-07
        probability: 0.999999880791
        value: "instrumental"

lowlevel:
    average_loudness: 0.948794007301
    barkbands_kurtosis:
        dmean: 8.30812644958
        dmean2: 12.4092483521
        dvar: 431.653900146
        dvar2: 532.52746582
        max: 326.737518311
        mean: 11.0017824173
        min: -1.83303821087
        var: 1386.84423828
    barkbands_skewness:
        dmean: 1.02749764919
        dmean2: 1.7256077528
        dvar: 0.902173936367
        dvar2: 2.11646938324
        max: 15.6784267426
        mean: 2.21205258369
        min: -2.65728282928
        var: 4.81810235977
    barkbands_spread:
        dmean: 7.04419803619
        dmean2: 12.0790786743
        dvar: 50.3737335205
        dvar2: 128.145492554
        max: 55.0587501526
        mean: 20.2961044312
        min: 0.309518247843
        var: 153.444747925
    dissonance:
        dmean: 0.0188794247806
        dmean2: 0.0307527370751
        dvar: 0.000401995115681
        dvar2: 0.000915022916161
        max: 0.495180100203
        mean: 0.454019933939
        min: 0.284450143576
        var: 0.00117831572425
    hfc:
        dmean: 0.967698693275
        dmean2: 1.33839392662
        dvar: 3.59355306625
        dvar2: 6.8968963623
        max: 20.08360672
        mean: 2.04187703133
        min: 0.0908270329237
        var: 7.672082901
    pitch:
        dmean: 366.418243408
        dmean2: 707.458129883
        dvar: 687120.9375
        dvar2: 1693821.5
        max: 4410
        mean: 488.618438721
        min: 97.566368103
        var: 652410.6875
    pitch_instantaneous_confidence:
        dmean: 0.0880929902196
        dmean2: 0.146022006869
        dvar: 0.00725249992684
        dvar2: 0.0183107629418
        max: 0.83692586422
        mean: 0.520456969738
        min: 0.138462483883
        var: 0.0185160581023
    pitch_salience:
        dmean: 0.0811591595411
        dmean2: 0.140759810805
        dvar: 0.00522300554439
        dvar2: 0.0128122493625
        max: 0.778091132641
        mean: 0.349976092577
        min: 0.0623323470354
        var: 0.0229744203389
    silence_rate_20dB:
        dmean: 0
        dmean2: 0
        dvar: 0
        dvar2: 0
        max: 1
        mean: 1
        min: 1
        var: 0
    silence_rate_30dB:
        dmean: 0
        dmean2: 0
        dvar: 0
        dvar2: 0
        max: 1
        mean: 1
        min: 1
        var: 0
    silence_rate_60dB:
        dmean: 0.127819553018
        dmean2: 0.256281405687
        dvar: 0.111481897533
        dvar2: 0.235827639699
        max: 1
        mean: 0.639999985695
        min: 0
        var: 0.230399996042
    spectral_centroid:
        dmean: 206.507919312
        dmean2: 344.947692871
        dvar: 46643.3203125
        dvar2: 104228.109375
        max: 2200.97729492
        mean: 581.688598633
        min: 133.647247314
        var: 162170.765625
    spectral_complexity:
        dmean: 1.74520552158
        dmean2: 2.51373624802
        dvar: 9.13781738281
        dvar2: 16.370716095
        max: 34
        mean: 5.06830596924
        min: 0
        var: 22.571849823
    spectral_crest:
        dmean: 3.7626042366
        dmean2: 6.93792247772
        dvar: 7.47347784042
        dvar2: 24.1744747162
        max: 22.2056903839
        mean: 13.5376777649
        min: 3.86754536629
        var: 22.409034729
    spectral_decrease:
        dmean: 5.64028601602e-10
        dmean2: 9.89046955446e-10
        dvar: 8.98590184257e-19
        dvar2: 2.32121996608e-18
        max: -1.31689260191e-11
        mean: -8.8726564984e-10
        min: -8.33223623431e-09
        var: 9.09817816903e-19
    spectral_energy:
        dmean: 0.00219485000707
        dmean2: 0.00381723139435
        dvar: 1.38169643833e-05
        dvar2: 3.54170624632e-05
        max: 0.033269405365
        mean: 0.00353394658305
        min: 6.20998034719e-05
        var: 1.44531513797e-05
    spectral_energyband_high:
        dmean: 4.93981751788e-05
        dmean2: 7.07337167114e-05
        dvar: 1.78755996671e-08
        dvar2: 3.30014167105e-08
        max: 0.00122035911772
        mean: 6.50767979096e-05
        min: 1.57033284154e-08
        var: 3.60285525858e-08
    spectral_energyband_low:
        dmean: 0.00121691240929
        dmean2: 0.00225950777531
        dvar: 2.8586227927e-06
        dvar2: 8.32340992929e-06
        max: 0.0130988750607
        mean: 0.00166007317603
        min: 1.8487050113e-07
        var: 2.98166764878e-06
    spectral_energyband_middle_high:
        dmean: 0.000259323598584
        dmean2: 0.000335388875101
        dvar: 2.00366031322e-07
        dvar2: 3.60141200417e-07
        max: 0.00409121904522
        mean: 0.000628917943686
        min: 3.2815350437e-07
        var: 5.55381632239e-07
    spectral_energyband_middle_low:
        dmean: 0.000951798807364
        dmean2: 0.00160654063802
        dvar: 7.24494475435e-06
        dvar2: 1.87162058864e-05
        max: 0.0255919452757
        mean: 0.00117988314014
        min: 2.55878404687e-07
        var: 5.79684683544e-06
    spectral_flatness_db:
        dmean: 0.038824532181
        dmean2: 0.0635074898601
        dvar: 0.00139657652471
        dvar2: 0.0030764574185
        max: 0.520780324936
        mean: 0.261384010315
        min: 0.106708958745
        var: 0.0058108442463
    spectral_flux:
        dmean: 0.0105409147218
        dmean2: 0.0154228489846
        dvar: 0.000272168545052
        dvar2: 0.000600992061663
        max: 0.158793240786
        mean: 0.0279061179608
        min: 0.00259492662735
        var: 0.000464696786366
    spectral_kurtosis:
        dmean: 7.63348054886
        dmean2: 12.6682634354
        dvar: 79.4750137329
        dvar2: 210.683639526
        max: 53.2955780029
        mean: 15.9705247879
        min: 0.391678571701
        var: 170.681625366
    spectral_rms:
        dmean: 0.000500458932947
        dmean2: 0.000854343990795
        dvar: 3.16046055104e-07
        dvar2: 7.96382209955e-07
        max: 0.00569718843326
        mean: 0.0016969491262
        min: 0.000246140552917
        var: 5.68119560285e-07
    spectral_rolloff:
        dmean: 480.868743896
        dmean2: 849.437255859
        dvar: 491142.40625
        dvar2: 1264319.5
        max: 4801.90429688
        mean: 1160.43798828
        min: 150.732421875
        var: 1032286.25
    spectral_skewness:
        dmean: 0.624173521996
        dmean2: 0.994766175747
        dvar: 0.449815988541
        dvar2: 1.1598764658
        max: 5.26600456238
        mean: 2.54582333565
        min: 0.667207062244
        var: 1.06549108028
    spectral_spread:
        dmean: 732313.9375
        dmean2: 964024
        dvar: 1.05888586138e+12
        dvar2: 1.93575754138e+12
        max: 9932625
        mean: 3152739.75
        min: 983141
        var: 3.63534798029e+12
    spectral_strongpeak:
        dmean: 0.157464772463
        dmean2: 0.287434369326
        dvar: 0.106234483421
        dvar2: 0.298775076866
        max: 2.57814455032
        mean: 0.258623868227
        min: 0.0228171758354
        var: 0.0988397374749
    zerocrossingrate:
        dmean: 0.00725465547293
        dmean2: 0.00765018677339
        dvar: 4.50347433798e-05
        dvar2: 4.86929020553e-05
        max: 0.12939453125
        mean: 0.037977874279
        min: 0.005859375
        var: 0.000501228147186
    barkbands:
        dmean: [2.72819953295e-08, 0.000130183776491, 0.00114035210572, 0.000576107413508, 0.000393532653106, 2.85250334855e-05, 9.90792068478e-06, 1.22798237499e-05, 1.3143508113e-05, 1.58821840159e-05, 1.04629298221e-05, 9.93211961031e-06, 1.77318943315e-05, 2.60195138253e-05, 9.78631724138e-05, 5.59964610147e-05, 5.77776918362e-05, 1.68116166606e-05, 2.08036017284e-05, 2.06918412005e-05, 2.63422571152e-05, 1.39782650876e-05, 2.36126925302e-06, 5.71699615648e-07, 3.24128450302e-07, 1.65765694504e-08, 8.2818391034e-10]
        dmean2: [4.58482389831e-08, 0.000220132846152, 0.00213592196815, 0.00102085771505, 0.000627542671282, 4.84075062559e-05, 1.52362790686e-05, 1.82673684321e-05, 1.99402620638e-05, 2.19650810322e-05, 1.58635320986e-05, 1.61474927154e-05, 2.6062309189e-05, 3.85035928048e-05, 0.000146995007526, 8.05337549536e-05, 9.09933369257e-05, 2.49629574682e-05, 3.2172374631e-05, 2.96442158287e-05, 3.79552366212e-05, 2.1998246666e-05, 3.16862769978e-06, 8.46850241487e-07, 4.91490482091e-07, 2.32715411386e-08, 9.72989133707e-10]
        dvar: [2.43713994705e-15, 9.93119755321e-08, 2.30796740652e-06, 1.215880161e-06, 3.3458325106e-06, 6.27599794356e-09, 5.85815229659e-10, 9.63476076699e-10, 1.0651284299e-09, 1.26941546164e-09, 7.94661780823e-10, 8.78720429753e-10, 1.11298281702e-09, 3.46471917823e-09, 3.20047988112e-08, 1.32823885224e-08, 1.50923469278e-08, 2.35232189283e-09, 4.04134326004e-09, 4.66182470404e-09, 4.74057060273e-09, 1.60988300468e-09, 4.40489381082e-11, 2.23444938767e-12, 8.08651648247e-13, 1.61791138568e-15, 1.403029609e-16]
        dvar2: [6.42181120631e-15, 2.57481389099e-07, 6.8291487878e-06, 3.46605042978e-06, 8.35036189528e-06, 1.67686664554e-08, 1.17519649567e-09, 1.8503746313e-09, 2.25879359661e-09, 3.02198377433e-09, 1.82190995623e-09, 2.29870900093e-09, 2.75296807573e-09, 9.10610964411e-09, 5.84534376458e-08, 2.9079016528e-08, 3.51486519889e-08, 5.24490229026e-09, 9.59723145399e-09, 9.67739843816e-09, 9.44891187515e-09, 3.58681973012e-09, 9.14288714182e-11, 5.20661552067e-12, 2.00626060903e-12, 3.33346957656e-15, 1.40674305438e-16]
        max: [5.02530440372e-07, 0.00390861975029, 0.0118001196533, 0.00855912081897, 0.0168668366969, 0.000560268468689, 0.000253926758887, 0.000529984245077, 0.000452057720395, 0.000481555121951, 0.000450065970654, 0.000479728943901, 0.000299150997307, 0.000651935348287, 0.00260725338012, 0.00137646077201, 0.00114145094994, 0.000637338147499, 0.000653665920254, 0.000749377184547, 0.000744594202843, 0.000325704400893, 5.74002806388e-05, 1.36368098538e-05, 8.99310180102e-06, 3.3817059375e-07, 2.26891017974e-07]
        mean: [6.21197031592e-08, 0.000159998962772, 0.00150001328439, 0.000714731984772, 0.000355478870915, 3.31503651978e-05, 1.93401356228e-05, 2.4882316211e-05, 3.14489770972e-05, 3.50726586476e-05, 2.18641416723e-05, 1.96275923372e-05, 2.80548556475e-05, 4.89508893224e-05, 0.000176565736183, 0.000137582508614, 9.71434710664e-05, 2.35856423387e-05, 2.86228350888e-05, 2.76061600744e-05, 3.09308306896e-05, 1.55313991854e-05, 2.69899373961e-06, 6.27257065844e-07, 3.61604264754e-07, 1.77392784906e-08, 7.94504406709e-10]
        min: [5.38957697915e-11, 1.26803627154e-07, 5.68219533648e-08, 1.97932816803e-08, 5.2147406393e-08, 1.777838321e-08, 2.93251023464e-09, 9.16981512944e-09, 1.51858650099e-08, 6.73608280266e-09, 2.76470046856e-09, 1.69595004706e-09, 3.6128149361e-09, 4.04987776648e-09, 3.17798698468e-09, 7.18949699774e-09, 9.40570643593e-09, 3.09796881481e-08, 1.87334965318e-08, 8.47876613363e-09, 4.51153647774e-09, 1.96787341977e-09, 5.84494619371e-10, 3.85663612157e-10, 3.32182503726e-10, 3.6174875595e-11, 1.40291302338e-13]
        var: [3.61344721167e-15, 9.59497228337e-08, 2.60123329099e-06, 8.44262672217e-07, 2.74881472251e-06, 4.79285278132e-09, 1.0325990063e-09, 2.05721017998e-09, 3.36465921791e-09, 2.35884933808e-09, 1.51347123722e-09, 1.05102360148e-09, 1.81666282018e-09, 4.13373335562e-09, 8.71951328918e-08, 3.98360526788e-08, 2.4603444615e-08, 3.55538598562e-09, 5.81654768794e-09, 7.74747022092e-09, 8.33504820719e-09, 2.31174701604e-09, 6.83854084471e-11, 2.8776920083e-12, 9.15208230381e-13, 2.21879200566e-15, 1.40239830475e-16]
    mfcc:
        mean: [-840.979309082, 183.234802246, -54.0377807617, 47.7330741882, 24.0664844513, 23.5966873169, -1.24177575111, 7.09266281128, 13.4970846176, -3.00943565369, -3.62875580788, -8.61829090118, -3.53420615196]
        cov: [[8330.13378906, -3933.62695312, 627.519592285, 267.920715332, -1013.86230469, 69.0591049194, -355.320281982, -215.395141602, 187.465408325, -93.9088821411, -175.762481689, 55.6758346558, -104.205833435], [-3933.62695312, 3688.34448242, -1422.9864502, -564.094665527, 992.771118164, -117.878433228, 32.179523468, 253.019393921, -43.5693130493, 20.0621070862, 35.6236076355, -14.4432058334, 131.243865967], [627.519592285, -1422.9864502, 1298.93041992, 370.753967285, -584.794677734, 175.921951294, 84.6473617554, -176.904693604, 7.74788093567, 0.583922386169, 18.6626472473, 35.223651886, -40.1492614746], [267.920715332, -564.094665527, 370.753967285, 296.580047607, -123.537231445, -18.0747680664, 29.0047950745, -62.7002105713, -42.242729187, -12.6945123672, 2.82809925079, 14.566573143, 0.423685401678], [-1013.86230469, 992.771118164, -584.794677734, -123.537231445, 531.127319336, -71.2638320923, 0.230913832784, 86.9779129028, -15.187128067, -17.122467041, -10.1925048828, -20.4066867828, 36.84923172], [69.0591049194, -117.878433228, 175.921951294, -18.0747680664, -71.2638320923, 145.936843872, 24.7912559509, -25.5505828857, 22.752822876, 16.3468513489, 5.42039394379, -16.0862236023, -18.4777164459], [-355.320281982, 32.179523468, 84.6473617554, 29.0047950745, 0.230913832784, 24.7912559509, 98.6244430542, -5.93511724472, -33.3672943115, 26.4890670776, 24.3332653046, -12.4980535507, -3.54354429245], [-215.395141602, 253.019393921, -176.904693604, -62.7002105713, 86.9779129028, -25.5505828857, -5.93511724472, 74.4789733887, 32.0089912415, 4.20355558395, 4.22748756409, 0.510133802891, 4.82107448578], [187.465408325, -43.5693130493, 7.74788093567, -42.242729187, -15.187128067, 22.752822876, -33.3672943115, 32.0089912415, 95.8445205688, 11.5928640366, -16.8980140686, 1.86110341549, -0.0204905476421], [-93.9088821411, 20.0621070862, 0.583922386169, -12.6945123672, -17.122467041, 16.3468513489, 26.4890670776, 4.20355558395, 11.5928640366, 60.1797714233, 19.5614681244, -25.468996048, -12.5221376419], [-175.762481689, 35.6236076355, 18.6626472473, 2.82809925079, -10.1925048828, 5.42039394379, 24.3332653046, 4.22748756409, -16.8980140686, 19.5614681244, 46.9463920593, 9.66222476959, -1.85785114765], [55.6758346558, -14.4432058334, 35.223651886, 14.566573143, -20.4066867828, -16.0862236023, -12.4980535507, 0.510133802891, 1.86110341549, -25.468996048, 9.66222476959, 74.1499862671, 40.8540306091], [-104.205833435, 131.243865967, -40.1492614746, 0.423685401678, 36.84923172, -18.4777164459, -3.54354429245, 4.82107448578, -0.0204905476421, -12.5221376419, -1.85785114765, 40.8540306091, 66.0856933594]]
        icov: [[0.000466702011181, 0.000586823676713, 0.000699574069586, -2.28954904742e-05, 0.000393212336348, -0.000447964761406, 0.000662572740112, 0.000556792481802, -0.000366706604837, 4.10732900491e-05, 0.0007243353175, -0.000510430545546, -1.0359357475e-05], [0.000586823676713, 0.00162616162561, 0.000698808464222, 0.00121937517542, -0.000739474548027, -0.000610023504123, 0.000922671868466, -0.000703608733602, 0.000877908954863, -0.000671862857416, 0.000746124773286, -0.000472073239507, -0.00135910289828], [0.000699574069586, 0.000698808464222, 0.00536691443995, -0.00372249144129, 0.00346250203438, -0.00300017162226, -0.00285631092265, 0.0060598673299, -0.00541060045362, 0.00350130349398, -0.000785243173596, -0.00172734248918, 0.00134249578696], [-2.28954904742e-05, 0.00121937517542, -0.00372249144129, 0.00934776943177, -0.00306655000895, 0.00374578218907, 0.000972904672381, -0.00220211152919, 0.00511741172522, -0.00208506942727, 0.000927659799345, 0.000861688167788, -0.00270927348174], [0.000393212336348, -0.000739474548027, 0.00346250203438, -0.00306655000895, 0.00673814350739, -0.00113501411397, -0.00219553359784, 0.00208867550828, -0.00343936122954, 0.00448646815494, -3.58962934115e-05, 0.00148620433174, -0.00020351249259], [-0.000447964761406, -0.000610023504123, -0.00300017162226, 0.00374578218907, -0.00113501411397, 0.0122537184507, -0.003093957901, 0.00371858826838, -0.00362112908624, 0.000923236424569, -0.00300202937797, 0.00333538209088, 0.000307768990751], [0.000662572740112, 0.000922671868466, -0.00285631092265, 0.000972904672381, -0.00219553359784, -0.003093957901, 0.0212300326675, -0.00827855616808, 0.0116668213159, -0.0102770365775, 0.000659961835481, 0.000902920146473, -0.0029110647738], [0.000556792481802, -0.000703608733602, 0.0060598673299, -0.00220211152919, 0.00208867550828, 0.00371858826838, -0.00827855616808, 0.0371550433338, -0.0215567573905, 0.00920317880809, -0.00992202665657, -0.000852252356708, 0.00467674434185], [-0.000366706604837, 0.000877908954863, -0.00541060045362, 0.00511741172522, -0.00343936122954, -0.00362112908624, 0.0116668213159, -0.0215567573905, 0.030233649537, -0.0159321967512, 0.013653350994, -0.00420286133885, -0.00256564794108], [4.10732900491e-05, -0.000671862857416, 0.00350130349398, -0.00208506942727, 0.00448646815494, 0.000923236424569, -0.0102770365775, 0.00920317880809, -0.0159321967512, 0.0366687737405, -0.0195586457849, 0.0154756288975, -0.00310003128834], [0.0007243353175, 0.000746124773286, -0.000785243173596, 0.000927659799345, -3.58962934115e-05, -0.00300202937797, 0.000659961835481, -0.00992202665657, 0.013653350994, -0.0195586457849, 0.0414570309222, -0.0170889999717, 0.00714527489617], [-0.000510430545546, -0.000472073239507, -0.00172734248918, 0.000861688167788, 0.00148620433174, 0.00333538209088, 0.000902920146473, -0.000852252356708, -0.00420286133885, 0.0154756288975, -0.0170889999717, 0.033981192857, -0.0192642640322], [-1.0359357475e-05, -0.00135910289828, 0.00134249578696, -0.00270927348174, -0.00020351249259, 0.000307768990751, -0.0029110647738, 0.00467674434185, -0.00256564794108, -0.00310003128834, 0.00714527489617, -0.0192642640322, 0.0298717059195]]
    spectral_contrast:
        mean: [7.29485094553e-08, -1.54731864654e-07, -9.32645747298e-08, 2.07740910696e-07, 4.92349045089e-07, -3.58218215979e-07, 5.68361258502e-07, 4.66039909952e-06, -3.33199722036e-07, 5.35790377398e-07, 1.43963134747e-07, 1.1061058558e-06]
        var: [0.000291671633022, 0.000655854761135, 0.00140685611404, 0.00270177004859, 0.00460941437632, 0.00478612584993, 0.0537320785224, 0.109764821827, 0.177945137024, 0.236662685871, 1.05546057224, 4.47998189926]

rhythm:
    beats_loudness:
        dmean: 0.00622965442017
        dmean2: 0.0114281326532
        dvar: 2.44527345785e-05
        dvar2: 7.50159742893e-05
        max: 0.0198979917914
        mean: 0.00594611326233
        min: 0.0005056662485
        var: 2.82371656795e-05
    beats_loudness_bass:
        dmean: 0.210512131453
        dmean2: 0.310458004475
        dvar: 0.028559204191
        dvar2: 0.0499719083309
        max: 0.881116569042
        mean: 0.595198810101
        min: 0.14676079154
        var: 0.05660443753
    bpm: 86.2072906494
    bpm_confidence: 0
    first_peak_bpm: 130
    first_peak_spread: 0
    first_peak_weight: 0.615384638309
    onset_rate: 3.28979492188
    second_peak_bpm: 86
    second_peak_spread: 0
    second_peak_weight: 0.307692319155
    beats_position: [1.870834589, 2.33069729805, 2.7905600071, 3.25042271614, 3.71028542519, 4.17014837265, 4.6300110817, 5.08987426758, 5.54973697662, 6.51090335846, 7.20692014694, 7.9029378891, 8.59895515442, 9.29497337341]
    bpm_estimates: [86.1022033691, 86.177696228, 87.2538528442, 86.039604187, 86.2384796143, 86.0511550903, 85.5880508423]
    bpm_intervals: [0.459862709045, 0.459862709045, 0.459862709045, 0.459862709045, 0.459862947464, 0.459862709045, 0.459863185883, 0.459862709045, 0.961166381836, 0.696016788483, 0.696017742157, 0.69601726532, 0.696018218994]
    onset_times: [1.59056687355, 1.75310659409, 2.04335594177, 2.43809533119, 2.50775504112, 2.7863945961, 2.99537420273, 3.20435380936, 3.48299312592, 3.93578219414, 4.15637207031, 4.59755086899, 4.85297060013, 5.0967798233, 5.32897949219, 5.56117916107, 5.79337882996, 6.00235843658, 6.25777769089, 6.48997735977, 6.73378705978, 6.98920631409, 7.19818592072, 7.66258525848, 7.89478445053, 8.32435417175, 8.57977294922, 8.83519268036, 9.06739234924, 9.29959201813, 9.52018165588, 9.7639913559, 9.99619007111]
    rubato_start: [7.20692014694]
    rubato_stop: [9.29497337341]
    perceptual_tempo: "unknown"

sfx:
    inharmonicity:
        dmean: 0.0175173450261
        dmean2: 0.0313464663923
        dvar: 0.00126861396711
        dvar2: 0.00351228844374
        max: 0.302381038666
        mean: 0.0145441638306
        min: 2.24525109616e-07
        var: 0.00107708328869
    oddtoevenharmonicenergyratio:
        dmean: 28.0739440918
        dmean2: 52.6326522827
        dvar: 61453.9414062
        dvar2: 175268.71875
        max: 3150.58544922
        mean: 15.9046821594
        min: 4.46420102662e-07
        var: 33082.6601562
    pitch_after_max_to_before_max_energy_ratio: 1.26712572575
    pitch_centroid: 162.951828003
    pitch_max_to_total: 0.338797807693
    pitch_min_to_total: 0.833333313465
    tristimulus:
        dmean: [0.210171326995, 0.196316108108, 0.038472738117]
        dmean2: [0.37929546833, 0.35844707489, 0.0695604160428]
        dvar: [0.0617279745638, 0.0544489510357, 0.00351253873669]
        dvar2: [0.169614002109, 0.150180056691, 0.00956913083792]
        max: [0.998669862747, 0.982566058636, 0.508835613728]
        mean: [0.72033649683, 0.232764273882, 0.0366216786206]
        min: [0.013280088082, 0, 0]
        var: [0.0714603662491, 0.0598554573953, 0.00362392724492]

tonal:
    chords_changes_rate: 0.0380434766412
    chords_number_rate: 0.0217391308397
    chords_strength:
        dmean: 0.00872580055147
        dmean2: 0.00647580251098
        dvar: 3.96478790208e-05
        dvar2: 3.4493907151e-05
        max: 0.609048843384
        mean: 0.484686523676
        min: 0.299938082695
        var: 0.00607629260048
    key_strength: 0.624174952507
    tuning_diatonic_strength: 0.403929829597
    tuning_equal_tempered_deviation: 0.125770241022
    tuning_frequency: 439.238189697
    tuning_nontempered_energy_ratio: 0.75342720747
    hpcp:
        dmean: [0.0889194905758, 0.0787422582507, 0.0646899789572, 0.0733144283295, 0.0898461043835, 0.0727443471551, 0.0522506162524, 0.0615252703428, 0.134195685387, 0.0909505933523, 0.121824815869, 0.0603261217475, 0.067829169333, 0.0976779535413, 0.146130904555, 0.141725257039, 0.133397370577, 0.122363187373, 0.0796282589436, 0.0667866170406, 0.0766171440482, 0.0985437333584, 0.0952809154987, 0.11358255893, 0.0761952772737, 0.0563778504729, 0.0256024319679, 0.0139854531735, 0.022975217551, 0.0547832809389, 0.0730189010501, 0.0662964135408, 0.0327353440225, 0.0329746194184, 0.0415103584528, 0.062376126647]
        dmean2: [0.140935227275, 0.133479371667, 0.112037375569, 0.117565497756, 0.154335394502, 0.127769887447, 0.0872915014625, 0.105032682419, 0.226697772741, 0.149958133698, 0.196806579828, 0.108519226313, 0.123229518533, 0.172708004713, 0.23093213141, 0.236985713243, 0.21654304862, 0.220377996564, 0.141717940569, 0.120656937361, 0.135751500726, 0.172824457288, 0.167074307799, 0.213089138269, 0.142540156841, 0.0995905771852, 0.0467729866505, 0.0250493790954, 0.0425912328064, 0.103764511645, 0.12002979219, 0.114946857095, 0.059196587652, 0.0528320632875, 0.0667945072055, 0.094854593277]
        dvar: [0.0215346887708, 0.0139948111027, 0.0179590657353, 0.0194180402905, 0.0410360731184, 0.02231487073, 0.0137214995921, 0.0172845106572, 0.0412063784897, 0.0378883332014, 0.0333458036184, 0.0240556709468, 0.0351728014648, 0.0343404971063, 0.0498363636434, 0.0549241937697, 0.0445005074143, 0.0584700964391, 0.0278846994042, 0.033849414438, 0.0261082984507, 0.0356471054256, 0.0363796874881, 0.0533173307776, 0.03975738585, 0.0212805978954, 0.00557884341106, 0.00106143124867, 0.00422685220838, 0.0191125068814, 0.0356699451804, 0.0365895666182, 0.00578400073573, 0.00554521335289, 0.00745408982038, 0.011655007489]
        dvar2: [0.0446715839207, 0.0316179729998, 0.0428182668984, 0.0498942323029, 0.120774716139, 0.0671534091234, 0.0377235710621, 0.0495612807572, 0.0982684344053, 0.0793133750558, 0.0887286514044, 0.0491141788661, 0.103212095797, 0.09640365839, 0.114268504083, 0.126505866647, 0.115472942591, 0.160490453243, 0.0815361440182, 0.101368203759, 0.0747978538275, 0.0967213660479, 0.104958757758, 0.16381675005, 0.111904770136, 0.0624427311122, 0.0162254590541, 0.00322966231033, 0.012828623876, 0.052782241255, 0.0754883140326, 0.09295989573, 0.0167608000338, 0.0141110280529, 0.0187083501369, 0.0274571981281]
        max: [1, 0.753731966019, 1, 1, 1, 1, 0.781323075294, 1, 1, 1, 1, 1, 1, 1, 1, 1, 1, 1, 0.825805187225, 1, 0.898441553116, 1, 1, 1, 1, 1, 0.522945821285, 0.235468626022, 0.470900684595, 0.831801593304, 1, 1, 0.408844858408, 0.456913471222, 0.734988808632, 1]
        mean: [0.144718766212, 0.11408316344, 0.0836826339364, 0.0919580236077, 0.0728813484311, 0.0611346140504, 0.0563264973462, 0.0815438479185, 0.374501645565, 0.544290542603, 0.256881147623, 0.0554371140897, 0.0514510236681, 0.096149995923, 0.195520713925, 0.234655216336, 0.175079494715, 0.115711763501, 0.0772333219647, 0.0494219772518, 0.0667006373405, 0.0962795913219, 0.0923473313451, 0.101860128343, 0.101539343596, 0.0536253862083, 0.0206908565015, 0.0148891936988, 0.0186640415341, 0.0460564121604, 0.074699036777, 0.0560232177377, 0.0333529748023, 0.0423220954835, 0.0478801839054, 0.0887089818716]
        min: [0.000254549318925, 0.000294899946311, 3.67849752365e-05, 4.48414866696e-05, 3.16560144711e-05, 7.307917258e-05, 5.75715275772e-05, 0.000141617158079, 0.000253750826232, 0.000197713030502, 0.000310115719913, 1.50549067257e-05, 1.36545941132e-05, 2.42286132561e-05, 3.32257550326e-05, 4.96658394695e-05, 5.74905170652e-05, 1.8486258341e-05, 1.93747127923e-05, 4.16415714426e-05, 4.43166682089e-05, 4.52575732197e-05, 6.75391356708e-06, 3.29939302901e-06, 7.21721016816e-06, 1.29559311972e-05, 1.38562454595e-05, 1.08934418677e-05, 1.09847032945e-05, 0.00049237255007, 0.000609044218436, 0.000358101417078, 1.34045449158e-05, 1.54488152475e-05, 8.86220877874e-05, 0.000186753983144]
        var: [0.040937051177, 0.024196645245, 0.0323652736843, 0.0333672873676, 0.0366701632738, 0.0168907698244, 0.0110362675041, 0.0171974152327, 0.129347965121, 0.201530143619, 0.0724021196365, 0.0210794303566, 0.0214396510273, 0.03097172454, 0.0813123211265, 0.111649043858, 0.077272683382, 0.058695435524, 0.0275052133948, 0.0232756976038, 0.0187229793519, 0.0297929570079, 0.0339779034257, 0.0552629120648, 0.0664866045117, 0.0224752239883, 0.00336266867816, 0.000729533086997, 0.00240485812537, 0.0146352387965, 0.0385978929698, 0.0279483795166, 0.00412930268794, 0.00767167611048, 0.00882264878601, 0.0169039387256]
    chords_histogram: [0, 59.2391319275, 0, 0, 0, 0, 0, 0, 7.60869550705, 11.9565219879, 0, 0, 0, 0, 0, 0, 0, 0, 0, 0, 0, 0, 0.543478250504, 20.652173996]
    thpcp: [1, 0.471955925226, 0.101852059364, 0.0945286005735, 0.176651969552, 0.359221220016, 0.431121230125, 0.321665495634, 0.212591901422, 0.14189723134, 0.0908007249236, 0.12254601717, 0.176890075207, 0.169665500522, 0.187142938375, 0.186553567648, 0.0985234603286, 0.0380143597722, 0.0273552313447, 0.0342905856669, 0.084617331624, 0.137241110206, 0.102928884327, 0.0612778887153, 0.0777564421296, 0.0879680588841, 0.162980929017, 0.265885144472, 0.209599748254, 0.153746262193, 0.168950244784, 0.133901551366, 0.112319819629, 0.103486083448, 0.149816766381, 0.688054680824]
    chords_key: "A"
    chords_scale: "minor"
    key_key: "F"
    key_scale: "major"
    chords_progression: ["A#", "Dm", "Dm", "Dm", "Dm", "Dm", "Dm", "Dm", "Dm", "Dm", "Dm", "Dm", "C#m", "C#m", "C#m", "C#m", "C#m", "C#m", "C#m", "C#m", "C#m", "C#m", "C#m", "C#m", "C#m", "C#m", "C#m", "C#m", "C#m", "C#m", "C#m", "C#m", "C#m", "C#m", "Am", "Am", "Am", "Am", "Am", "Am", "Am", "Am", "Am", "Am", "Am", "Am", "Am", "Am", "Am", "Am", "Am", "Am", "Am", "Am", "Am", "Am", "Am", "Am", "Am", "Am", "Am", "Am", "Am", "Am", "Am", "Am", "Am", "Am", "Am", "Am", "Am", "Am", "Am", "Am", "Am", "Am", "Am", "Am", "Am", "Am", "Am", "Am", "Am", "Dm", "Dm", "Dm", "Dm", "Dm", "Dm", "Dm", "Dm", "Dm", "Dm", "Dm", "Dm", "Dm", "Dm", "Dm", "Dm", "Dm", "Dm", "Dm", "A", "A", "A", "A", "A", "A", "A", "A", "A", "A", "A", "A", "A", "A", "Am", "Am", "Am", "Am", "Am", "Am", "Am", "Am", "Am", "Am", "Am", "Am", "Am", "Am", "Am", "Am", "Am", "Am", "Am", "Am", "Am", "Am", "Am", "Am", "Am", "Am", "Am", "Am", "Am", "Am", "Am", "Am", "Am", "Am", "Am", "Am", "Am", "Am", "Am", "Am", "Am", "Am", "Am", "Am", "Am", "Am", "Am", "Am", "Am", "Am", "Am", "Am", "Am", "Am", "Am", "Am", "Am", "Am", "Am", "Am", "Dm", "Dm", "Dm", "Dm", "Dm", "Dm", "Dm", "Dm"]
