
metadata:
    version:
        essentia: "1.2.2"
    audio_properties:
        analysis_sample_rate: 44100
        bitrate: 128
        channels: 2
        equal_loudness: 1
        length: 10.0310201645
        replay_gain: -14.116147995
        downmix: "mix"
    tags:
        track: 226
        year: 0
        album: "Splitted by Mp3Splt v. 2.1"
        artist: "From 037.30 To 037.40"
        comment: "http://mp3splt.sf.net"
        genre: ""
        title: "11 Better Man.mp3"

highlevel:
    ballroom:
        all:
            ChaChaCha: 0.0613588169217
            Jive: 0.221743255854
            Quickstep: 0.071418851614
            Rumba-American: 0.0139765478671
            Rumba-International: 0.266188383102
            Rumba-Misc: 0.0513695701957
            Samba: 0.0605750530958
            Tango: 0.0182677414268
            VienneseWaltz: 0.177078709006
            Waltz: 0.0580230802298
        probability: 0.266188383102
        value: "Rumba-International"
    culture:
        all:
            non_western: 0.493882447481
            western: 0.506117522717
        probability: 0.506117522717
        value: "western"
    gender:
        all:
            female: 0.78683245182
            male: 0.21316754818
        probability: 0.78683245182
        value: "female"
    genre_dortmund:
        all:
            alternative: 0.32016903162
            blues: 0.00119311211165
            electronic: 0.0537041425705
            folkcountry: 0.203835263848
            funksoulrnb: 0.00126462092157
            jazz: 0.00861482694745
            pop: 0.0787293761969
            raphiphop: 0.00125185982324
            rock: 0.331237763166
        probability: 0.331237763166
        value: "rock"
    genre_electronica:
        all:
            ambient: 0.546156644821
            dnb: 0.100911960006
            house: 0.0319139510393
            techno: 0.0125560574234
            trance: 0.308461397886
        probability: 0.546156644821
        value: "ambient"
    genre_rosamerica:
        all:
            cla: 0.0565823465586
            dan: 0.0205148812383
            hip: 0.00364306662232
            jaz: 0.01330166962
            pop: 0.090875312686
            rhy: 0.020763322711
            roc: 0.792930662632
            spe: 0.00138874177355
        probability: 0.792930662632
        value: "roc"
    genre_tzanetakis:
        all:
            blu: 0.00794113520533
            cla: 0.0772438272834
            cou: 0.114573664963
            dis: 0.0373737998307
            hip: 0.00430033775046
            jaz: 0.0654174461961
            met: 0.0259617492557
            pop: 0.063123382628
            reg: 0.021445337683
            roc: 0.582619309425
        probability: 0.582619309425
        value: "roc"
    live_studio:
        all:
            live: 0.780393242836
            studio: 0.219606757164
        probability: 0.780393242836
        value: "live"
    mood:
        all:
            Cluster1: 0.392537266016
            Cluster2: 0.0413902513683
            Cluster3: 0.427560836077
            Cluster4: 0.0198263432831
            Cluster5: 0.118685312569
        probability: 0.427560836077
        value: "Cluster3"
    mood_acoustic:
        all:
            acoustic: 0.0431255474687
            not_acoustic: 0.95687443018
        probability: 0.95687443018
        value: "not_acoustic"
    mood_aggressive:
        all:
            aggressive: 0.133531481028
            not_aggressive: 0.866468548775
        probability: 0.866468548775
        value: "not_aggressive"
    mood_electronic:
        all:
            electronic: 0.530879020691
            not_electronic: 0.469120979309
        probability: 0.530879020691
        value: "electronic"
    mood_happy:
        all:
            happy: 0.245582461357
            not_happy: 0.754417538643
        probability: 0.754417538643
        value: "not_happy"
    mood_party:
        all:
            not_party: 0.943877577782
            party: 0.056122392416
        probability: 0.943877577782
        value: "not_party"
    mood_relaxed:
        all:
            not_relaxed: 0.146461009979
            relaxed: 0.853538990021
        probability: 0.853538990021
        value: "relaxed"
    mood_sad:
        all:
            not_sad: 0.156934037805
            sad: 0.843065977097
        probability: 0.843065977097
        value: "sad"
    rhythm:
        all:
            fast: 0.0742096528411
            medium: 0.0501731708646
            slow: 0.875617146492
        probability: 0.875617146492
        value: "slow"
    speech_music:
        all:
            music: 0.999949991703
            speech: 5.00153655594e-05
        probability: 0.999949991703
        value: "music"
    timbre:
        all:
            bright: 0.367291778326
            dark: 0.632708251476
        probability: 0.632708251476
        value: "dark"
    voice_instrumental:
        all:
            instrumental: 0.620850682259
            voice: 0.379149287939
        probability: 0.620850682259
        value: "instrumental"

lowlevel:
    average_loudness: 0.926938831806
    barkbands_kurtosis:
        dmean: 0.636511623859
        dmean2: 1.01121723652
        dvar: 0.569986283779
        dvar2: 1.4623363018
        max: 6.16257190704
        mean: 0.145082741976
        min: -1.8159558773
        var: 2.85623145103
    barkbands_skewness:
        dmean: 0.26790612936
        dmean2: 0.427404254675
        dvar: 0.0624971427023
        dvar2: 0.161885842681
        max: 2.58140087128
        mean: 0.877497851849
        min: -0.530348002911
        var: 0.415227890015
    barkbands_spread:
        dmean: 3.15367460251
        dmean2: 4.7123799324
        dvar: 6.82615423203
        dvar2: 16.3339881897
        max: 53.7526397705
        mean: 26.1185245514
        min: 11.6812238693
        var: 77.6307678223
    dissonance:
        dmean: 0.0221959650517
        dmean2: 0.0380853489041
        dvar: 0.000366292777471
        dvar2: 0.000967083207797
        max: 0.497701048851
        mean: 0.457444578409
        min: 0.33011007309
        var: 0.000622111896519
    hfc:
        dmean: 0.805219650269
        dmean2: 1.25546824932
        dvar: 1.76708352566
        dvar2: 4.79083156586
        max: 30.5007915497
        mean: 4.9183011055
        min: 1.28429174423
        var: 21.0864925385
    pitch:
        dmean: 146.306884766
        dmean2: 275.959960938
        dvar: 335443.125
        dvar2: 906827.5625
        max: 4009.09082031
        mean: 420.847625732
        min: 73.5
        var: 744977.5625
    pitch_instantaneous_confidence:
        dmean: 0.0569235086441
        dmean2: 0.0895948857069
        dvar: 0.00248735607602
        dvar2: 0.00654462585226
        max: 0.730943024158
        mean: 0.45820531249
        min: 0.148935437202
        var: 0.0133895576
    pitch_salience:
        dmean: 0.0440066494048
        dmean2: 0.0728730857372
        dvar: 0.00175727286842
        dvar2: 0.00483398232609
        max: 0.738327085972
        mean: 0.543081521988
        min: 0.23552633822
        var: 0.00770803261548
    silence_rate_20dB:
        dmean: 0
        dmean2: 0
        dvar: 0
        dvar2: 0
        max: 1
        mean: 1
        min: 1
        var: 0
    silence_rate_30dB:
        dmean: 0
        dmean2: 0
        dvar: 0
        dvar2: 0
        max: 1
        mean: 1
        min: 1
        var: 0
    silence_rate_60dB:
        dmean: 0.0974477976561
        dmean2: 0.193023249507
        dvar: 0.0879515856504
        dvar2: 0.202276334167
        max: 1
        mean: 0.261574059725
        min: 0
        var: 0.193152889609
    spectral_centroid:
        dmean: 140.938369751
        dmean2: 219.447158813
        dvar: 17581.046875
        dvar2: 47246.1210938
        max: 2395.96948242
        mean: 1006.9420166
        min: 388.292388916
        var: 150107.296875
    spectral_complexity:
        dmean: 1.99766898155
        dmean2: 3.21962618828
        dvar: 2.65500307083
        dvar2: 6.63401603699
        max: 38
        mean: 12.251162529
        min: 4
        var: 26.6578178406
    spectral_crest:
        dmean: 1.34899306297
        dmean2: 2.22523641586
        dvar: 1.56031656265
        dvar2: 4.14154624939
        max: 15.1832685471
        mean: 7.32518720627
        min: 2.83951306343
        var: 7.11472320557
    spectral_decrease:
        dmean: 1.82972109686e-10
        dmean2: 2.98362806683e-10
        dvar: 5.18277089067e-20
        dvar2: 1.46200799923e-19
        max: -4.06574524048e-10
        mean: -1.11367359779e-09
        min: -3.86301834965e-09
        var: 3.02141237968e-19
    spectral_energy:
        dmean: 0.000743487908039
        dmean2: 0.00121084589045
        dvar: 8.41167093313e-07
        dvar2: 2.37917492996e-06
        max: 0.0173464175314
        mean: 0.00464936485514
        min: 0.00167802697979
        var: 5.77273294766e-06
    spectral_energyband_high:
        dmean: 4.9497019063e-05
        dmean2: 7.67442325014e-05
        dvar: 9.26927068434e-09
        dvar2: 2.20129852124e-08
        max: 0.00189760746434
        mean: 0.000175526758539
        min: 1.70232524397e-05
        var: 1.02924900602e-07
    spectral_energyband_low:
        dmean: 0.000198516325327
        dmean2: 0.000319352577208
        dvar: 8.96348595347e-08
        dvar2: 2.53430130215e-07
        max: 0.00283364951611
        mean: 0.000486071105115
        min: 5.36671132068e-06
        var: 1.93854674535e-07
    spectral_energyband_middle_high:
        dmean: 0.000300538464217
        dmean2: 0.000467956298962
        dvar: 1.37545242751e-07
        dvar2: 3.43948187265e-07
        max: 0.0076226904057
        mean: 0.001428067917
        min: 0.000274036283372
        var: 1.0618533679e-06
    spectral_energyband_middle_low:
        dmean: 0.000502468436025
        dmean2: 0.000796782725956
        dvar: 3.99320015276e-07
        dvar2: 1.0875355656e-06
        max: 0.00952622666955
        mean: 0.00255968351848
        min: 0.000737824535463
        var: 1.77821448233e-06
    spectral_flatness_db:
        dmean: 0.0134819168597
        dmean2: 0.0209665652364
        dvar: 0.000144000718137
        dvar2: 0.000313584983815
        max: 0.227927699685
        mean: 0.156384855509
        min: 0.0827224850655
        var: 0.000658161996398
    spectral_flux:
        dmean: 0.00496363360435
        dmean2: 0.00773909175768
        dvar: 3.16601654049e-05
        dvar2: 6.6282635089e-05
        max: 0.0801993235946
        mean: 0.0270516164601
        min: 0.0126801906154
        var: 0.000110602079076
    spectral_kurtosis:
        dmean: 0.887307107449
        dmean2: 1.41794097424
        dvar: 0.713321805
        dvar2: 1.58651447296
        max: 10.6970481873
        mean: 4.06194400787
        min: 0.94029045105
        var: 2.3186955452
    spectral_rms:
        dmean: 0.000167206773767
        dmean2: 0.00026957312366
        dvar: 3.00178086832e-08
        dvar2: 8.3089673808e-08
        max: 0.00411379802972
        mean: 0.00207412918098
        min: 0.00127949181478
        var: 2.33957919704e-07
    spectral_rolloff:
        dmean: 296.796478271
        dmean2: 503.162445068
        dvar: 138049.453125
        dvar2: 330305.46875
        max: 4392.7734375
        mean: 2021.06713867
        min: 581.396484375
        var: 784696.25
    spectral_skewness:
        dmean: 0.141533046961
        dmean2: 0.216464787722
        dvar: 0.01641994901
        dvar2: 0.0355938673019
        max: 2.9290137291
        mean: 1.73497104645
        min: 0.78108304739
        var: 0.108965098858
    spectral_spread:
        dmean: 523842.28125
        dmean2: 750029.3125
        dvar: 368294133760
        dvar2: 661937782784
        max: 10309881
        mean: 5212393
        min: 2752086.25
        var: 989630693376
    spectral_strongpeak:
        dmean: 0.18953756988
        dmean2: 0.3408600986
        dvar: 0.217374801636
        dvar2: 0.618798315525
        max: 4.75297641754
        mean: 0.409880399704
        min: 0.0321323350072
        var: 0.18518525362
    zerocrossingrate:
        dmean: 0.0056761270389
        dmean2: 0.00730710616335
        dvar: 2.33353421208e-05
        dvar2: 3.15829493047e-05
        max: 0.130859375
        mean: 0.0654626190662
        min: 0.01806640625
        var: 0.000446269201348
    barkbands:
        dmean: [1.42513215451e-07, 1.72469517565e-05, 0.000191083963728, 0.000356606265996, 0.00017190296785, 8.7813292339e-05, 6.83191101416e-05, 0.000103770878923, 8.27070252853e-05, 0.00011147618352, 2.03562358365e-05, 4.2979419959e-05, 4.87022771267e-05, 3.58178658644e-05, 5.66872076888e-05, 7.0713533205e-05, 9.15331256692e-05, 5.13531886099e-05, 8.8393164333e-05, 5.50913428015e-05, 2.86844642687e-05, 1.38878540383e-05, 3.54519261236e-06, 1.67559107922e-06, 1.6160265659e-06, 3.55028184629e-08, 6.02015604034e-10]
        dmean2: [2.09062832823e-07, 2.76586815744e-05, 0.00030888809124, 0.00059822172625, 0.000251629884588, 0.000137462629937, 8.52254670463e-05, 0.000142983437399, 0.000117862713523, 0.000171112507815, 3.38152276527e-05, 6.60414007143e-05, 8.06020689197e-05, 5.81935346418e-05, 9.23837578739e-05, 0.000118677089631, 0.000147943457705, 8.30010758364e-05, 0.000151425047079, 9.01657695067e-05, 4.5435885113e-05, 2.21740992856e-05, 5.72089038542e-06, 2.53038706433e-06, 2.64826576313e-06, 5.58442039278e-08, 7.69550256852e-10]
        dvar: [4.94326205403e-13, 1.87445881039e-09, 8.50703614219e-08, 2.91150058729e-07, 5.65701050448e-08, 2.69935842567e-08, 6.0974905125e-09, 2.67376325525e-08, 7.5851565029e-09, 2.26665957115e-08, 7.95413734878e-10, 5.14973619303e-09, 3.13638337524e-09, 1.43001488428e-09, 5.21795451291e-09, 9.701103032e-09, 1.29546124938e-08, 9.03276653474e-09, 9.24404446323e-08, 1.06603401662e-08, 4.65346960965e-09, 7.59489082736e-10, 6.38427088973e-11, 1.0707605809e-11, 4.45709094632e-12, 5.43091140703e-15, 5.60721252704e-17]
        dvar2: [5.84673477168e-13, 4.7667190195e-09, 2.43002801881e-07, 8.14430848095e-07, 1.05279696072e-07, 7.66229248939e-08, 8.114331429e-09, 5.68634028753e-08, 1.37044615656e-08, 4.47946959525e-08, 2.47220843796e-09, 1.26336265893e-08, 7.76019160043e-09, 4.25036006391e-09, 1.33231790045e-08, 2.352420303e-08, 3.19356416867e-08, 2.2027260016e-08, 2.81964247506e-07, 3.07258893883e-08, 1.29750699074e-08, 2.08693151649e-09, 1.64270638758e-10, 2.28319516071e-11, 9.72749398392e-12, 1.30788197452e-14, 5.63463588045e-17]
        max: [1.36379330797e-05, 0.000638455094304, 0.00282680406235, 0.00719778006896, 0.0051076146774, 0.00216281134635, 0.000920945312828, 0.0020267535001, 0.000926835287828, 0.00185811787378, 0.00026949509629, 0.000910116417799, 0.0005108161713, 0.000275110884104, 0.00096196209779, 0.00104458222631, 0.00164174905512, 0.00158690242097, 0.00480245985091, 0.00143670104444, 0.000945424195379, 0.000568558636587, 0.000165881647263, 3.52731440216e-05, 1.82828116522e-05, 6.14933469478e-07, 1.55369093591e-07]
        mean: [1.7460601498e-07, 2.19082194235e-05, 0.000464007607661, 0.000943596765865, 0.000537895073649, 0.000220352085307, 0.000163646764122, 0.000370658410247, 0.000301357737044, 0.000221048001549, 3.78338518203e-05, 9.75344883045e-05, 0.000100226621726, 7.37521186238e-05, 0.000126587518025, 0.000158996626851, 0.000201905582799, 0.000136421411298, 0.000222638234845, 0.000123110366985, 7.33444758225e-05, 3.76103962481e-05, 8.15052317193e-06, 3.15394277095e-06, 3.41237068824e-06, 4.39454908019e-08, 6.03097183305e-10]
        min: [2.53079918133e-11, 2.67492737294e-07, 4.48694390798e-06, 2.49849472311e-05, 1.49654906636e-05, 1.68650130945e-05, 3.33450952894e-06, 3.10261702907e-06, 1.74374872586e-05, 9.23575680645e-06, 1.27249859361e-06, 1.5129651274e-06, 2.91683272735e-06, 4.65025868834e-06, 4.94768391945e-06, 6.89190710546e-06, 1.57266040333e-05, 4.66895016871e-06, 1.4945246221e-05, 5.00613577969e-06, 2.83709641735e-06, 2.97314181807e-06, 4.95454969496e-07, 1.40705679996e-07, 1.08018348044e-07, 3.15014659323e-12, 2.74798968845e-14]
        var: [5.29965882377e-13, 2.61389998535e-09, 1.84683671023e-07, 9.08429910851e-07, 4.60331250451e-07, 3.35821823683e-08, 2.57264254344e-08, 2.1867084854e-07, 4.03226323442e-08, 6.50258868973e-08, 1.62600088949e-09, 1.63721818325e-08, 8.29364221744e-09, 2.64526200944e-09, 2.02104448732e-08, 2.36856685376e-08, 3.491743783e-08, 4.66589931136e-08, 2.70284857606e-07, 4.51246613409e-08, 2.22011884432e-08, 4.80014694659e-09, 1.98961028208e-10, 2.31709720855e-11, 7.09264808343e-12, 7.41345342997e-15, 5.59593243046e-17]
    mfcc:
        mean: [-706.643615723, 122.461547852, -37.4853668213, 32.9857711792, -9.91819000244, -6.57985782623, -6.34260940552, -5.11640405655, 1.85298395157, -12.4389877319, -2.20293331146, -16.5288963318, -8.31303024292]
        cov: [[795.241394043, -380.83102417, 21.6978549957, 202.560440063, -49.9566802979, 31.6033935547, 58.8764038086, 12.4437952042, -22.9407444, 74.3959121704, -111.735084534, 47.3219985962, -47.3992233276], [-380.83102417, 368.070648193, -52.2620735168, -123.40473175, 65.6154174805, -27.563533783, -32.6662864685, -9.66646766663, 26.7296237946, -45.2112503052, 69.0912857056, -10.6618909836, 39.8961791992], [21.6978549957, -52.2620735168, 202.325927734, 67.0753173828, -9.76775455475, -3.06156015396, 6.39834594727, 15.3752689362, -17.4036521912, 10.2747888565, -6.37590503693, 19.4051952362, -15.215262413], [202.560440063, -123.40473175, 67.0753173828, 192.184005737, -29.8458309174, 9.77421855927, 25.3353862762, 27.0068054199, -2.68783116341, 39.8227806091, -43.360660553, 2.35845351219, -34.1486701965], [-49.9566802979, 65.6154174805, -9.76775455475, -29.8458309174, 79.5750961304, 3.71067452431, -9.13495159149, 2.97076845169, 28.2644920349, -1.78199911118, 12.9121627808, 7.97241020203, 14.4635772705], [31.6033935547, -27.563533783, -3.06156015396, 9.77421855927, 3.71067452431, 47.4417419434, 13.3830127716, 7.86829900742, -4.0006608963, 0.866720438004, -4.04681539536, 0.236791327596, 2.56419301033], [58.8764038086, -32.6662864685, 6.39834594727, 25.3353862762, -9.13495159149, 13.3830127716, 61.1181297302, 14.5456981659, 3.86816883087, 14.6315393448, -20.5781269073, -6.85926389694, -11.1874494553], [12.4437952042, -9.66646766663, 15.3752689362, 27.0068054199, 2.97076845169, 7.86829900742, 14.5456981659, 53.3535881042, 3.79928088188, -1.6272765398, -18.4704914093, -4.6232252121, -0.2777325809], [-22.9407444, 26.7296237946, -17.4036521912, -2.68783116341, 28.2644920349, -4.0006608963, 3.86816883087, 3.79928088188, 61.0293960571, 9.17946052551, 5.66021490097, -5.92579698563, 3.56606602669], [74.3959121704, -45.2112503052, 10.2747888565, 39.8227806091, -1.78199911118, 0.866720438004, 14.6315393448, -1.6272765398, 9.17946052551, 54.4281959534, -8.95400047302, 10.1521654129, -16.1246013641], [-111.735084534, 69.0912857056, -6.37590503693, -43.360660553, 12.9121627808, -4.04681539536, -20.5781269073, -18.4704914093, 5.66021490097, -8.95400047302, 70.3365097046, 8.18937492371, 11.9917383194], [47.3219985962, -10.6618909836, 19.4051952362, 2.35845351219, 7.97241020203, 0.236791327596, -6.85926389694, -4.6232252121, -5.92579698563, 10.1521654129, 8.18937492371, 61.4706840515, 9.27419948578], [-47.3992233276, 39.8961791992, -15.215262413, -34.1486701965, 14.4635772705, 2.56419301033, -11.1874494553, -0.2777325809, 3.56606602669, -16.1246013641, 11.9917383194, 9.27419948578, 48.6951293945]]
        icov: [[0.00357763981447, 0.00277579040267, 0.00129928544629, -0.00203012139536, -0.00113694148604, 0.000230729623581, -0.00129274569917, 0.00119211606216, 0.000508056487888, -0.00017931041657, 0.0022177095525, -0.00274589145556, 0.000106104882434], [0.00277579040267, 0.00706101860851, 0.00145139801316, -0.000385636521969, -0.00384951056913, 0.00305533199571, -0.00144255510531, -6.97540526744e-05, 0.000283976143692, 0.00181650568265, -0.00169146212284, -0.0009190569981, -0.00107716605999], [0.00129928544629, 0.00145139801316, 0.00664440961555, -0.00283043738455, -0.00129725411534, 0.00159000139683, -0.000952717498876, -0.00100321823265, 0.00206661317497, 0.000769675767515, -0.000639910576865, -0.00275502889417, 0.00102956441697], [-0.00203012139536, -0.000385636521969, -0.00283043738455, 0.0104448748752, 0.00265387329273, -0.00127868971322, 0.00143024360295, -0.00387963582762, -0.00159689132124, -0.00410985620692, 0.0011712788837, 0.00150174146984, 0.00254730321467], [-0.00113694148604, -0.00384951056913, -0.00129725411534, 0.00265387329273, 0.0198335982859, -0.00481742154807, 0.00343395746313, -0.00205839751288, -0.00853373855352, -0.00192981073633, 0.000944139494095, -0.00226289918646, -0.00117277598474], [0.000230729623581, 0.00305533199571, 0.00159000139683, -0.00127868971322, -0.00481742154807, 0.0257921218872, -0.00619779992849, -0.00237777177244, 0.00385497231036, 0.00172785820905, -0.00296557880938, 0.000506465439685, -0.00311962212436], [-0.00129274569917, -0.00144255510531, -0.000952717498876, 0.00143024360295, 0.00343395746313, -0.00619779992849, 0.0224992893636, -0.00433876086026, -0.00267112394795, -0.0050361524336, 0.00350957526825, 0.00251883966848, 0.00226358138025], [0.00119211606216, -6.97540526744e-05, -0.00100321823265, -0.00387963582762, -0.00205839751288, -0.00237777177244, -0.00433876086026, 0.0245860479772, -0.001450813259, 0.00384861044586, 0.00586201297119, -8.02451977506e-05, -0.00198424980044], [0.000508056487888, 0.000283976143692, 0.00206661317497, -0.00159689132124, -0.00853373855352, 0.00385497231036, -0.00267112394795, -0.001450813259, 0.0227647218853, -0.00468935631216, -0.00214377674274, 0.003280850593, -0.00181932735723], [-0.00017931041657, 0.00181650568265, 0.000769675767515, -0.00410985620692, -0.00192981073633, 0.00172785820905, -0.0050361524336, 0.00384861044586, -0.00468935631216, 0.0277441609651, -0.000997166498564, -0.00544583285227, 0.00585586391389], [0.0022177095525, -0.00169146212284, -0.000639910576865, 0.0011712788837, 0.000944139494095, -0.00296557880938, 0.00350957526825, 0.00586201297119, -0.00214377674274, -0.000997166498564, 0.0228417720646, -0.00418919092044, -0.000118974647194], [-0.00274589145556, -0.0009190569981, -0.00275502889417, 0.00150174146984, -0.00226289918646, 0.000506465439685, 0.00251883966848, -8.02451977506e-05, 0.003280850593, -0.00544583285227, -0.00418919092044, 0.0222426336259, -0.00575196696445], [0.000106104882434, -0.00107716605999, 0.00102956441697, 0.00254730321467, -0.00117277598474, -0.00311962212436, 0.00226358138025, -0.00198424980044, -0.00181932735723, 0.00585586391389, -0.000118974647194, -0.00575196696445, 0.0278482381254]]
    spectral_contrast:
        mean: [-2.96717217907e-07, 5.20587661867e-08, -6.19741058472e-08, 5.36528432349e-07, -1.94018312527e-07, -6.89993044034e-07, -3.58521947419e-06, -1.3081833572e-07, 4.80059952679e-07, -1.0930608596e-06, 2.19372805077e-06, 2.48024639404e-06]
        var: [0.000278577994322, 0.000673704431392, 0.00080279604299, 0.00110286462586, 0.00248621287756, 0.00278037739918, 0.0405307933688, 0.0570355914533, 0.106716021895, 0.160322546959, 0.247973501682, 0.646447122097]

rhythm:
    beats_loudness:
        dmean: 0.00161729659885
        dmean2: 0.00231715617701
        dvar: 2.01922080123e-06
        dvar2: 2.05685614674e-06
        max: 0.0127718960866
        mean: 0.00484719965607
        min: 0.00215430138633
        var: 5.01179829371e-06
    beats_loudness_bass:
        dmean: 0.14930409193
        dmean2: 0.189973890781
        dvar: 0.00822151452303
        dvar2: 0.0270342361182
        max: 0.646666884422
        mean: 0.256805062294
        min: 0.0442453287542
        var: 0.0281862393022
    bpm: 114.130821228
    bpm_confidence: 0
    first_peak_bpm: 113
    first_peak_spread: 0.4375
    first_peak_weight: 0.529411792755
    onset_rate: 2.19319653511
    second_peak_bpm: 76
    second_peak_spread: 0
    second_peak_weight: 0.0588235296309
    beats_position: [0.386419981718, 0.91738909483, 1.44835805893, 1.97932708263, 2.51029610634, 3.04126524925, 3.57223415375, 4.10320329666, 4.63417243958, 5.16514110565, 5.95830345154, 6.48020124435, 7.00209856033, 7.52399635315, 8.04589366913, 8.56779193878, 9.08968925476, 9.61158752441]
    bpm_estimates: [114.516426086, 113.060897827, 111.871124268, 111.601783752, 113.752731323, 113.257202148, 115.045722961, 114.955436707, 113.237319946, 116.362846375, 115.098106384, 115.180145264, 114.320999146, 115.570709229]
    bpm_intervals: [0.530969142914, 0.5309689641, 0.530969023705, 0.530969023705, 0.530969142914, 0.530968904495, 0.530969142914, 0.530969142914, 0.530968666077, 0.793162345886, 0.521897792816, 0.521897315979, 0.521897792816, 0.521897315979, 0.521898269653, 0.521897315979, 0.521898269653]
    onset_times: [0.0580498874187, 0.127709746361, 0.359909296036, 1.75310659409, 1.98530614376, 2.79800462723, 4.00544214249, 4.55111122131, 4.86458063126, 5.05034017563, 5.61922883987, 5.9094786644, 5.95591831207, 6.11845827103, 6.64090681076, 6.96598625183, 7.70902490616, 8.05732440948, 8.23147392273, 8.70748329163, 9.07900238037, 9.32281208038]
    rubato_start: []
    rubato_stop: []
    perceptual_tempo: "unknown"

sfx:
    inharmonicity:
        dmean: 0.0296428985894
        dmean2: 0.052592895925
        dvar: 0.0015734374756
        dvar2: 0.0048252446577
        max: 0.251779794693
        mean: 0.0312500447035
        min: 0
        var: 0.00140270392876
    oddtoevenharmonicenergyratio:
        dmean: 2.69039988518
        dmean2: 5.08104515076
        dvar: 92.6691513062
        dvar2: 264.496063232
        max: 103.258674622
        mean: 1.67793238163
        min: 0
        var: 54.1407661438
    pitch_after_max_to_before_max_energy_ratio: 0.380980402231
    pitch_centroid: 120.264968872
    pitch_max_to_total: 0.0860465094447
    pitch_min_to_total: 0.0255813952535
    tristimulus:
        dmean: [0.155021697283, 0.167293220758, 0.0778844803572]
        dmean2: [0.272573083639, 0.293958932161, 0.132586166263]
        dvar: [0.0300987847149, 0.0395536534488, 0.00660631153733]
        dvar2: [0.0812042355537, 0.118435226381, 0.0172334816307]
        max: [1, 0.922508299351, 0.529580593109]
        mean: [0.44087100029, 0.406745374203, 0.11938546598]
        min: [0.00899397581816, 0, 0]
        var: [0.0454686358571, 0.0459015369415, 0.00811700150371]

tonal:
    chords_changes_rate: 0
    chords_number_rate: 0.00462962966412
    chords_strength:
        dmean: 0.00378880975768
        dmean2: 0.00371377007104
        dvar: 9.59863427852e-06
        dvar2: 1.39333933475e-05
        max: 0.770045757294
        mean: 0.65045773983
        min: 0.503013908863
        var: 0.00522781303152
    key_strength: 0.784711837769
    tuning_diatonic_strength: 0.597278654575
    tuning_equal_tempered_deviation: 0.0376956947148
    tuning_frequency: 441.272583008
    tuning_nontempered_energy_ratio: 0.655571460724
    hpcp:
        dmean: [0.163180783391, 0.139167174697, 0.0460736118257, 0.0186741258949, 0.0150036308914, 0.0193095318973, 0.031740758568, 0.0307048205286, 0.0545925721526, 0.0666902810335, 0.0496643818915, 0.059686653316, 0.126533672214, 0.159388944507, 0.198837712407, 0.14909504354, 0.179422259331, 0.0645257756114, 0.0261526368558, 0.030600246042, 0.0368977896869, 0.0673899874091, 0.0621885731816, 0.0337021760643, 0.0256806630641, 0.0304918009788, 0.0977335199714, 0.12707144022, 0.0738945603371, 0.0333059504628, 0.0454600937665, 0.0332166068256, 0.0228387918323, 0.0219225808978, 0.0389997139573, 0.10456225276]
        dmean2: [0.254756361246, 0.230575293303, 0.0793852880597, 0.0324991159141, 0.0249280910939, 0.0317859724164, 0.0513910874724, 0.050267226994, 0.0889455676079, 0.106127880514, 0.0850251466036, 0.103894680738, 0.232685536146, 0.28734728694, 0.321356505156, 0.265826910734, 0.301780730486, 0.111145488918, 0.0440470427275, 0.053138975054, 0.0614581182599, 0.1082226336, 0.103872179985, 0.0547930784523, 0.0426057614386, 0.0507085584104, 0.146700888872, 0.206038236618, 0.117653809488, 0.0578672364354, 0.0771708190441, 0.0559882484376, 0.0364812985063, 0.0373250953853, 0.0658433884382, 0.172338962555]
        dvar: [0.0309954117984, 0.0226282887161, 0.00482967076823, 0.00221934565343, 0.000802689930424, 0.00116423866712, 0.00280235195532, 0.00261745229363, 0.0117627484724, 0.0199646130204, 0.0100454166532, 0.0147494459525, 0.0512701310217, 0.0552208982408, 0.0343702808022, 0.0474366247654, 0.0333921946585, 0.0143725536764, 0.00182136078365, 0.005002329126, 0.00750622758642, 0.0107026612386, 0.0124212410301, 0.0033183824271, 0.00375724304467, 0.00399230932817, 0.0131620429456, 0.0227369870991, 0.00651479884982, 0.00399496592581, 0.0105714043602, 0.0035284080077, 0.00256344350055, 0.00275445892476, 0.00373302097432, 0.0128091387451]
        dvar2: [0.0766222849488, 0.0598660558462, 0.0133197372779, 0.00641479855403, 0.00218211556785, 0.00289347232319, 0.00736675644293, 0.00684773363173, 0.0243595670909, 0.0401986204088, 0.0274736508727, 0.0342454500496, 0.145495295525, 0.153378546238, 0.0923867449164, 0.115140356123, 0.0854080915451, 0.0307757072151, 0.00408007577062, 0.0136059978977, 0.0205456148833, 0.0290838945657, 0.0345381870866, 0.00948247034103, 0.00801327079535, 0.00872118212283, 0.0297495666891, 0.0544251762331, 0.0158162135631, 0.010942755267, 0.0284242928028, 0.00932608824223, 0.00575160235167, 0.00778827862814, 0.00998128019273, 0.031197745353]
        max: [1, 1, 0.496410340071, 0.46622595191, 0.217982143164, 0.285577297211, 0.479515314102, 0.438531607389, 0.810768723488, 1, 0.695334076881, 1, 1, 1, 1, 1, 1, 1, 0.3478705585, 0.804423749447, 1, 0.927857816219, 0.850724875927, 0.451964080334, 1, 0.901556611061, 0.865762531757, 1, 0.575834870338, 0.539993345737, 0.98756057024, 0.489997625351, 0.475658416748, 0.534744083881, 0.454280406237, 1]
        mean: [0.499484479427, 0.306839942932, 0.0641559511423, 0.0294738635421, 0.0227124001831, 0.0312057957053, 0.0460799597204, 0.0522778704762, 0.100650019944, 0.127064868808, 0.0764599815011, 0.0839592590928, 0.137415409088, 0.188685551286, 0.603027999401, 0.831955611706, 0.395084559917, 0.0726121664047, 0.0399440824986, 0.0402634777129, 0.0635915771127, 0.124958649278, 0.108122728765, 0.0555457659066, 0.0506951734424, 0.0558106005192, 0.232375919819, 0.344749063253, 0.159599840641, 0.0509101077914, 0.0653227418661, 0.0509053170681, 0.0339835733175, 0.0263273715973, 0.0566655360162, 0.281826764345]
        min: [0.0362463593483, 0.0106091341004, 0.00243224366568, 0.00084677367704, 0.000807630829513, 0.00109391962178, 0.000616355624516, 0.000816613668576, 0.000989126856439, 0.00107969995588, 0.000491007987875, 0.00114306295291, 0.00420282082632, 0.00759541615844, 0.0409184396267, 0.0733638852835, 0.0251111537218, 0.001346524572, 0.00213010935113, 0.00209912168793, 0.00628537684679, 0.00835422705859, 0.00282235816121, 0.00196590065025, 0.00139059196226, 0.000899482925888, 0.00710230600089, 0.0255180262029, 0.0142349833623, 0.00255938922055, 0.000835605431348, 0.00151232059579, 0.00142679398414, 0.00146504212171, 0.00184358889237, 0.015442843549]
        var: [0.108060255647, 0.0540503412485, 0.00659603765234, 0.00204339670017, 0.000730230647605, 0.00140042544808, 0.00396169582382, 0.00407862756401, 0.0248010009527, 0.0473439544439, 0.0159552711993, 0.0173528380692, 0.0424201488495, 0.0508716031909, 0.0613882616162, 0.0715596154332, 0.0461980588734, 0.0144898472354, 0.002390636364, 0.00450912304223, 0.00749701075256, 0.0180220920593, 0.0161978267133, 0.00629952596501, 0.0147866057232, 0.0103681264445, 0.0485619865358, 0.085621625185, 0.0153865590692, 0.00453903665766, 0.0131579777226, 0.00527876988053, 0.00315306056291, 0.00235770689324, 0.00506791705266, 0.0466103516519]
    chords_histogram: [100, 0, 0, 0, 0, 0, 0, 0, 0, 0, 0, 0, 0, 0, 0, 0, 0, 0, 0, 0, 0, 0, 0, 0]
    thpcp: [1, 0.474886596203, 0.0872788950801, 0.0480122752488, 0.0483961850405, 0.0764362588525, 0.150198698044, 0.129962131381, 0.0667653009295, 0.0609349496663, 0.0670836269855, 0.279312878847, 0.414383977652, 0.191836968064, 0.0611932985485, 0.0785171017051, 0.0611875392497, 0.0408478192985, 0.0316451638937, 0.0681112483144, 0.338752150536, 0.600373923779, 0.368817687035, 0.0771146342158, 0.0354272052646, 0.0273000150919, 0.0375089682639, 0.0553875230253, 0.0628373324871, 0.120980039239, 0.152730345726, 0.0919039174914, 0.100917957723, 0.165171563625, 0.226797625422, 0.724831938744]
    chords_key: "D"
    chords_scale: "major"
    key_key: "D"
    key_scale: "major"
    chords_progression: ["D", "D", "D", "D", "D", "D", "D", "D", "D", "D", "D", "D", "D", "D", "D", "D", "D", "D", "D", "D", "D", "D", "D", "D", "D", "D", "D", "D", "D", "D", "D", "D", "D", "D", "D", "D", "D", "D", "D", "D", "D", "D", "D", "D", "D", "D", "D", "D", "D", "D", "D", "D", "D", "D", "D", "D", "D", "D", "D", "D", "D", "D", "D", "D", "D", "D", "D", "D", "D", "D", "D", "D", "D", "D", "D", "D", "D", "D", "D", "D", "D", "D", "D", "D", "D", "D", "D", "D", "D", "D", "D", "D", "D", "D", "D", "D", "D", "D", "D", "D", "D", "D", "D", "D", "D", "D", "D", "D", "D", "D", "D", "D", "D", "D", "D", "D", "D", "D", "D", "D", "D", "D", "D", "D", "D", "D", "D", "D", "D", "D", "D", "D", "D", "D", "D", "D", "D", "D", "D", "D", "D", "D", "D", "D", "D", "D", "D", "D", "D", "D", "D", "D", "D", "D", "D", "D", "D", "D", "D", "D", "D", "D", "D", "D", "D", "D", "D", "D", "D", "D", "D", "D", "D", "D", "D", "D", "D", "D", "D", "D", "D", "D", "D", "D", "D", "D", "D", "D", "D", "D", "D", "D", "D", "D", "D", "D", "D", "D", "D", "D", "D", "D", "D", "D", "D", "D", "D", "D", "D", "D", "D", "D", "D", "D", "D", "D"]
