
metadata:
    version:
        essentia: "1.2.2"
    audio_properties:
        analysis_sample_rate: 44100
        bitrate: 128
        channels: 2
        equal_loudness: 1
        length: 10.0048980713
        replay_gain: -14.2353153229
        downmix: "mix"
    tags:
        track: 23
        year: 0
        album: "Splitted by Mp3Splt v. 2.1"
        artist: "From 003.40 To 003.50"
        comment: "http://mp3splt.sf.net"
        genre: ""
        title: "03 Diesel Power.mp3"

highlevel:
    ballroom:
        all:
            ChaChaCha: 0.052607152611
            Jive: 0.482415258884
            Quickstep: 0.00241883890703
            Rumba-American: 0.000143604091136
            Rumba-International: 0.000157644768478
            Rumba-Misc: 0.000189710248378
            Samba: 0.461946725845
            Tango: 4.28010862379e-05
            VienneseWaltz: 4.19261523348e-05
            Waltz: 3.63365616067e-05
        probability: 0.482415258884
        value: "Jive"
    culture:
        all:
            non_western: 0.27640235424
            western: 0.72359764576
        probability: 0.72359764576
        value: "western"
    gender:
        all:
            female: 0.629988193512
            male: 0.370011776686
        probability: 0.629988193512
        value: "female"
    genre_dortmund:
        all:
            alternative: 0.0185308307409
            blues: 0.00176505884156
            electronic: 0.523984491825
            folkcountry: 0.0094753112644
            funksoulrnb: 0.0117061659694
            jazz: 0.0373873822391
            pop: 0.0248156283051
            raphiphop: 0.333209604025
            rock: 0.0391255244613
        probability: 0.523984491825
        value: "electronic"
    genre_electronica:
        all:
            ambient: 0.0313805155456
            dnb: 0.231532841921
            house: 0.031355984509
            techno: 0.0155791947618
            trance: 0.690151453018
        probability: 0.690151453018
        value: "trance"
    genre_rosamerica:
        all:
            cla: 0.00378985796124
            dan: 0.584972977638
            hip: 0.319735169411
            jaz: 0.00365836452693
            pop: 0.0159471593797
            rhy: 0.00598868494853
            roc: 0.0630021765828
            spe: 0.00290559488349
        probability: 0.584972977638
        value: "dan"
    genre_tzanetakis:
        all:
            blu: 0.00732950819656
            cla: 0.00453662872314
            cou: 0.00930287782103
            dis: 0.082431845367
            hip: 0.213243111968
            jaz: 0.0465065650642
            met: 0.0432611294091
            pop: 0.48051160574
            reg: 0.0722118616104
            roc: 0.0406648777425
        probability: 0.48051160574
        value: "pop"
    live_studio:
        all:
            live: 0.159519553185
            studio: 0.840480446815
        probability: 0.840480446815
        value: "studio"
    mood:
        all:
            Cluster1: 0.390732467175
            Cluster2: 0.281730800867
            Cluster3: 0.0391492806375
            Cluster4: 0.0396623797715
            Cluster5: 0.248725086451
        probability: 0.390732467175
        value: "Cluster1"
    mood_acoustic:
        all:
            acoustic: 0.00719041237608
            not_acoustic: 0.992809593678
        probability: 0.992809593678
        value: "not_acoustic"
    mood_aggressive:
        all:
            aggressive: 0.914854049683
            not_aggressive: 0.0851459503174
        probability: 0.914854049683
        value: "aggressive"
    mood_electronic:
        all:
            electronic: 0.992138624191
            not_electronic: 0.00786138139665
        probability: 0.992138624191
        value: "electronic"
    mood_happy:
        all:
            happy: 0.533358812332
            not_happy: 0.466641187668
        probability: 0.533358812332
        value: "happy"
    mood_party:
        all:
            not_party: 0.0617595016956
            party: 0.938240528107
        probability: 0.938240528107
        value: "party"
    mood_relaxed:
        all:
            not_relaxed: 0.964346110821
            relaxed: 0.0356538668275
        probability: 0.964346110821
        value: "not_relaxed"
    mood_sad:
        all:
            not_sad: 0.994834423065
            sad: 0.00516559928656
        probability: 0.994834423065
        value: "not_sad"
    rhythm:
        all:
            fast: 0.961859107018
            medium: 0.0316404551268
            slow: 0.00650046393275
        probability: 0.961859107018
        value: "fast"
    speech_music:
        all:
            music: 0.997333228588
            speech: 0.00266677280888
        probability: 0.997333228588
        value: "music"
    timbre:
        all:
            bright: 0.240356966853
            dark: 0.759643018246
        probability: 0.759643018246
        value: "dark"
    voice_instrumental:
        all:
            instrumental: 0.0162746496499
            voice: 0.983725368977
        probability: 0.983725368977
        value: "voice"

lowlevel:
    average_loudness: 0.977156281471
    barkbands_kurtosis:
        dmean: 1.06333649158
        dmean2: 1.76070678234
        dvar: 2.26734614372
        dvar2: 5.56917333603
        max: 13.6998138428
        mean: -0.514866769314
        min: -1.87906122208
        var: 3.17800664902
    barkbands_skewness:
        dmean: 0.5722245574
        dmean2: 0.840950906277
        dvar: 0.261336743832
        dvar2: 0.504534840584
        max: 2.35462999344
        mean: -0.208928391337
        min: -3.24165201187
        var: 0.983285307884
    barkbands_spread:
        dmean: 9.10830593109
        dmean2: 14.8960905075
        dvar: 70.0081481934
        dvar2: 162.666641235
        max: 88.018409729
        mean: 46.2173500061
        min: 9.33044052124
        var: 144.387069702
    dissonance:
        dmean: 0.0124346474186
        dmean2: 0.0206350982189
        dvar: 0.000220228495891
        dvar2: 0.000534891500138
        max: 0.499869942665
        mean: 0.479373544455
        min: 0.353574484587
        var: 0.000455957808299
    hfc:
        dmean: 3.80855417252
        dmean2: 5.20851564407
        dvar: 23.1158218384
        dvar2: 47.3118553162
        max: 45.4191703796
        mean: 8.92934608459
        min: 3.64946845366e-06
        var: 54.2568206787
    pitch:
        dmean: 1180.79504395
        dmean2: 2200.73925781
        dvar: 2190892.25
        dvar2: 4854026
        max: 4900
        mean: 2617.93212891
        min: 62.820514679
        var: 3077270.25
    pitch_instantaneous_confidence:
        dmean: 0.0875684544444
        dmean2: 0.144626230001
        dvar: 0.00502292998135
        dvar2: 0.0136525025591
        max: 0.640516042709
        mean: 0.341953217983
        min: 0.152449667454
        var: 0.0105613414198
    pitch_salience:
        dmean: 0.062481995672
        dmean2: 0.103980436921
        dvar: 0.00487812003121
        dvar2: 0.0103836655617
        max: 0.837400794029
        mean: 0.673191726208
        min: 0.313673079014
        var: 0.00729979155585
    silence_rate_20dB:
        dmean: 0
        dmean2: 0
        dvar: 0
        dvar2: 0
        max: 1
        mean: 1
        min: 1
        var: 0
    silence_rate_30dB:
        dmean: 0
        dmean2: 0
        dvar: 0
        dvar2: 0
        max: 1
        mean: 1
        min: 1
        var: 0
    silence_rate_60dB:
        dmean: 0.213457077742
        dmean2: 0.427906990051
        dvar: 0.167892679572
        dvar2: 0.277361541986
        max: 1
        mean: 0.497685194016
        min: 0
        var: 0.24999409914
    spectral_centroid:
        dmean: 491.797668457
        dmean2: 714.85345459
        dvar: 206706.90625
        dvar2: 384959.6875
        max: 4366.78466797
        mean: 2374.58081055
        min: 566.256713867
        var: 768710.0625
    spectral_complexity:
        dmean: 4.66511631012
        dmean2: 6.75058269501
        dvar: 24.6645851135
        dvar2: 46.0053634644
        max: 43
        mean: 11.7424592972
        min: 0
        var: 71.7503738403
    spectral_crest:
        dmean: 1.89329636097
        dmean2: 3.10133576393
        dvar: 3.34611797333
        dvar2: 7.97033643723
        max: 17.3283748627
        mean: 6.61011123657
        min: 2.73894405365
        var: 6.52959489822
    spectral_decrease:
        dmean: 3.73019670707e-10
        dmean2: 5.53181112029e-10
        dvar: 3.44897324952e-19
        dvar2: 8.69544667625e-19
        max: -5.87620107433e-16
        mean: -7.98286825532e-10
        min: -4.6187271785e-09
        var: 4.15364117552e-19
    spectral_energy:
        dmean: 0.00171686359681
        dmean2: 0.002474516863
        dvar: 6.3994230004e-06
        dvar2: 1.59624414664e-05
        max: 0.0205138083547
        mean: 0.00382283842191
        min: 2.54883247841e-09
        var: 8.68335064297e-06
    spectral_energyband_high:
        dmean: 0.000470638799015
        dmean2: 0.000641517166514
        dvar: 3.27184039861e-07
        dvar2: 5.5214530903e-07
        max: 0.00453061517328
        mean: 0.000982320401818
        min: 3.649843483e-10
        var: 8.14955626538e-07
    spectral_energyband_low:
        dmean: 0.000257860432612
        dmean2: 0.000420158874476
        dvar: 3.24435291077e-07
        dvar2: 7.58901421705e-07
        max: 0.00403776392341
        mean: 0.000443917379016
        min: 1.05240871573e-09
        var: 3.40796646014e-07
    spectral_energyband_middle_high:
        dmean: 0.000515885534696
        dmean2: 0.000795591215137
        dvar: 6.19941886271e-07
        dvar2: 1.57644524279e-06
        max: 0.00798290874809
        mean: 0.00115765281953
        min: 3.68683361618e-10
        var: 1.1266687352e-06
    spectral_energyband_middle_low:
        dmean: 0.000997531227767
        dmean2: 0.00166423688643
        dvar: 3.78841809834e-06
        dvar2: 1.01721343526e-05
        max: 0.0125497141853
        mean: 0.00123894505668
        min: 5.30039900859e-10
        var: 3.05530738842e-06
    spectral_flatness_db:
        dmean: 0.0153573015705
        dmean2: 0.0244634542614
        dvar: 0.000177739872015
        dvar2: 0.000382124097086
        max: 0.243192255497
        mean: 0.137811288238
        min: 0.0640925392509
        var: 0.0005937795504
    spectral_flux:
        dmean: 0.0111053753644
        dmean2: 0.0164445005357
        dvar: 0.000216219195863
        dvar2: 0.000402873032726
        max: 0.109013520181
        mean: 0.0414536297321
        min: 5.04859635839e-05
        var: 0.000387276435504
    spectral_kurtosis:
        dmean: 0.445464491844
        dmean2: 0.715346455574
        dvar: 0.246240645647
        dvar2: 0.483452260494
        max: 7.79795074463
        mean: 0.697463929653
        min: -0.657705545425
        var: 0.424587517977
    spectral_rms:
        dmean: 0.000407486659242
        dmean2: 0.00055847276235
        dvar: 2.28421882298e-07
        dvar2: 5.23034998423e-07
        max: 0.00447364198044
        mean: 0.00181508122478
        min: 1.57691658842e-06
        var: 4.35075918404e-07
    spectral_rolloff:
        dmean: 649.200744629
        dmean2: 1033.69360352
        dvar: 503787.9375
        dvar2: 1198987.25
        max: 7751.953125
        mean: 4456.77441406
        min: 236.865234375
        var: 1275705.625
    spectral_skewness:
        dmean: 0.148260638118
        dmean2: 0.223881259561
        dvar: 0.0219058897346
        dvar2: 0.0428950078785
        max: 1.91349625587
        mean: 0.646681189537
        min: 0.153126358986
        var: 0.0567181892693
    spectral_spread:
        dmean: 565202.375
        dmean2: 783739.3125
        dvar: 1.66076035891e+12
        dvar2: 1.83414751232e+12
        max: 31395102
        mean: 6205449.5
        min: 4124163.25
        var: 2.66660583834e+12
    spectral_strongpeak:
        dmean: 0.344834893942
        dmean2: 0.567719697952
        dvar: 0.510541260242
        dvar2: 1.21783828735
        max: 6.17778110504
        mean: 0.362231642008
        min: 0
        var: 0.535343825817
    zerocrossingrate:
        dmean: 0.0158271249384
        dmean2: 0.0176543835551
        dvar: 0.000200471462449
        dvar2: 0.000211227248656
        max: 0.2255859375
        mean: 0.13812468946
        min: 0.04638671875
        var: 0.00121288676746
    barkbands:
        dmean: [3.7431593114e-07, 0.000130951564643, 0.00018344266573, 7.93637664174e-05, 0.000291940436, 0.000456994137494, 0.000209649340832, 0.000154148583533, 5.68065624975e-05, 2.933792166e-05, 2.64862646873e-05, 3.18956335832e-05, 1.39310359373e-05, 2.14287229028e-05, 3.63115359505e-05, 7.35234207241e-05, 7.36100118957e-05, 0.000139605283039, 0.000204141164431, 0.000217104228796, 0.000215860491153, 0.000124171638163, 5.76181046199e-05, 8.12724192656e-06, 2.63518586507e-06, 9.24684897541e-08, 2.28000285318e-10]
        dmean2: [6.11333916822e-07, 0.000213843304664, 0.000314951874316, 0.00014639965957, 0.000521505135112, 0.000830464472529, 0.000354914547643, 0.000245457631536, 9.72393099801e-05, 4.89190497319e-05, 4.46690573881e-05, 5.40333312529e-05, 2.18329187192e-05, 3.31064693455e-05, 6.13944575889e-05, 0.000123836303828, 0.000121374250739, 0.000229930417845, 0.000324031279888, 0.000305507186567, 0.000320731691318, 0.000174486252945, 9.13655385375e-05, 1.07184414446e-05, 3.35241770699e-06, 1.3139394639e-07, 4.00215527385e-10]
        dvar: [2.63459745556e-13, 6.35128643012e-08, 2.34507041341e-07, 2.89757142724e-08, 2.5557335448e-07, 1.35868890538e-06, 1.76398231133e-07, 1.28468172989e-07, 1.37010571777e-08, 2.42492492752e-09, 2.7705244765e-09, 4.92638108085e-09, 1.24738330776e-09, 2.72844791205e-09, 1.26066543871e-08, 4.8734833058e-08, 1.55769637189e-08, 3.24906501703e-08, 8.40416163328e-08, 8.90479867621e-08, 6.90840167294e-08, 2.56632830542e-08, 6.65820065748e-09, 1.97488567166e-10, 2.63960971136e-11, 5.68119363402e-14, 1.76715983858e-19]
        dvar2: [5.83350967358e-13, 1.59682201684e-07, 6.18504316208e-07, 8.21694357001e-08, 6.94037169069e-07, 3.8130754092e-06, 4.80598259855e-07, 3.0966293707e-07, 3.67194523676e-08, 6.31041086052e-09, 7.35452099221e-09, 1.27038433106e-08, 2.31894969893e-09, 5.44184830531e-09, 3.57243905569e-08, 1.34024773502e-07, 4.40499015042e-08, 8.84390942701e-08, 2.216567907e-07, 1.83478263693e-07, 1.4191299158e-07, 4.98944281446e-08, 1.55253889744e-08, 3.40880268457e-10, 3.91806621869e-11, 1.06208160214e-13, 3.60755954107e-19]
        max: [5.33034699401e-06, 0.00170785794035, 0.00364354625344, 0.00118841545191, 0.00354680465534, 0.00740714650601, 0.00324052385986, 0.0037511694245, 0.0014158723643, 0.000349926500348, 0.000582595414016, 0.000613160838839, 0.000530037097633, 0.000851894728839, 0.0010193802882, 0.0024223618675, 0.00135561090428, 0.00165500072762, 0.00270167621784, 0.00274122552946, 0.00180250545964, 0.00178099120967, 0.000736210553441, 0.000239242857788, 7.09003143129e-05, 2.83644112642e-06, 5.97234128819e-09]
        mean: [9.760104831e-07, 0.000270097894827, 0.000172848216607, 6.2045204686e-05, 0.000327867805026, 0.000371941481717, 0.000211104284972, 0.000177860609256, 7.93709987192e-05, 3.91704925278e-05, 3.15495308314e-05, 3.23618332914e-05, 1.70300863829e-05, 2.69898937404e-05, 3.89690358134e-05, 8.90484370757e-05, 0.00010744138126, 0.000266389397439, 0.000372003065422, 0.000360085396096, 0.000402736215619, 0.000231762722251, 0.00010945503891, 1.76988833118e-05, 5.87106342209e-06, 1.66707081917e-07, 2.22835846997e-10]
        min: [4.50593368173e-10, 5.68709246362e-10, 2.60669597019e-10, 1.75374659239e-10, 2.23095347751e-10, 8.53166842729e-11, 2.8344349437e-11, 9.11754092364e-12, 7.41528019543e-12, 1.17124686685e-11, 1.10055905361e-11, 1.43444041367e-11, 1.07507709332e-11, 1.40702536428e-11, 2.32454576421e-11, 1.6416354387e-11, 1.25622507188e-11, 1.12764277083e-10, 1.06495014196e-10, 1.28682203782e-10, 5.26120987054e-11, 1.30415997446e-10, 3.44000765373e-11, 1.6242351214e-11, 1.39195191831e-11, 1.29534187196e-11, 2.77941135818e-13]
        var: [1.23538494972e-12, 9.8841745455e-08, 1.66621319408e-07, 1.77292385217e-08, 2.14309267221e-07, 8.46170223667e-07, 1.36709033427e-07, 1.52578749635e-07, 1.35532580714e-08, 2.85699597313e-09, 2.74672928846e-09, 4.77813788535e-09, 1.95898164357e-09, 4.88130291743e-09, 1.11763345245e-08, 4.99371850537e-08, 1.79822379209e-08, 5.72795855192e-08, 1.40891700084e-07, 1.65824005194e-07, 1.40020844697e-07, 5.15721509942e-08, 1.2105620506e-08, 7.82602926908e-10, 1.20811749493e-10, 1.85529150094e-13, 1.79209377643e-19]
    mfcc:
        mean: [-704.855651855, 58.3934249878, -5.56090784073, 70.6416015625, -24.248714447, -2.2177939415, -12.3907690048, 7.20560741425, -0.728086590767, -4.44997119904, 1.4140458107, -0.340651452541, 0.12758615613]
        cov: [[3464.46020508, -84.1122970581, -218.351303101, -388.216644287, -182.99458313, -115.412033081, -0.188989326358, -176.668228149, -50.3777770996, 70.0434112549, -69.7969055176, -19.5067062378, 38.4288787842], [-84.1122970581, 684.599914551, -22.1655902863, -112.939849854, -108.596740723, -2.15576267242, -9.39308643341, 2.26207399368, -27.336933136, -43.501914978, 61.8290634155, 33.9473152161, 21.5051555634], [-218.351303101, -22.1655902863, 247.394256592, 56.3232917786, 27.8445987701, -24.8131599426, 60.5406990051, 60.2231140137, 11.9819631577, 1.424010396, -6.71333217621, 2.07797932625, -9.57885932922], [-388.216644287, -112.939849854, 56.3232917786, 238.669265747, 62.4644317627, 28.8194179535, -14.482052803, 35.7914962769, 19.913526535, -21.5564727783, -12.2157773972, -14.9898786545, -16.7888221741], [-182.99458313, -108.596740723, 27.8445987701, 62.4644317627, 157.048675537, 66.4771652222, 28.8960838318, 27.2797870636, 28.4428424835, 26.1001853943, 2.86590886116, -10.5740718842, -18.4958839417], [-115.412033081, -2.15576267242, -24.8131599426, 28.8194179535, 66.4771652222, 120.402999878, 81.4917602539, 54.574054718, 35.7718925476, 29.7779884338, 28.2454357147, 5.92918491364, -11.904718399], [-0.188989326358, -9.39308643341, 60.5406990051, -14.482052803, 28.8960838318, 81.4917602539, 230.102432251, 133.066711426, 98.0292663574, 103.35131073, 48.1077156067, 25.7169437408, 6.51803922653], [-176.668228149, 2.26207399368, 60.2231140137, 35.7914962769, 27.2797870636, 54.574054718, 133.066711426, 163.870544434, 95.6169891357, 65.8368835449, 40.418636322, 21.8407993317, 13.2940683365], [-50.3777770996, -27.336933136, 11.9819631577, 19.913526535, 28.4428424835, 35.7718925476, 98.0292663574, 95.6169891357, 126.941612244, 96.5932388306, 41.5948371887, 26.1355285645, 14.0303649902], [70.0434112549, -43.501914978, 1.424010396, -21.5564727783, 26.1001853943, 29.7779884338, 103.35131073, 65.8368835449, 96.5932388306, 138.786071777, 54.5499763489, 21.3437786102, 8.50839424133], [-69.7969055176, 61.8290634155, -6.71333217621, -12.2157773972, 2.86590886116, 28.2454357147, 48.1077156067, 40.418636322, 41.5948371887, 54.5499763489, 67.4987030029, 31.6971130371, 5.01590824127], [-19.5067062378, 33.9473152161, 2.07797932625, -14.9898786545, -10.5740718842, 5.92918491364, 25.7169437408, 21.8407993317, 26.1355285645, 21.3437786102, 31.6971130371, 46.5771903992, 17.7413730621], [38.4288787842, 21.5051555634, -9.57885932922, -16.7888221741, -18.4958839417, -11.904718399, 6.51803922653, 13.2940683365, 14.0303649902, 8.50839424133, 5.01590824127, 17.7413730621, 44.6272621155]]
        icov: [[0.0004293929087, 9.19107988011e-05, 0.000239413202507, 0.000494934793096, 0.000309836002998, 0.000108361011371, -0.000298060826026, 0.000412079622038, 4.63321048301e-05, -0.000490528880619, 0.000745516852476, 2.36630639847e-05, -0.000112608613563], [9.19107988011e-05, 0.00230750348419, -0.000443514698418, 0.00117854622658, 0.00139564357232, -0.000885689689312, 0.000271691271337, 9.69649481704e-05, -0.000661728787236, 0.00236116861925, -0.00377922039479, 0.00117650616448, -0.000854398356751], [0.000239413202507, -0.000443514698418, 0.00712376367301, -0.00147763383575, -0.00263930461369, 0.00639633694664, -0.00387770915404, -0.0026130466722, 0.00264674145728, 0.000294128229143, 0.00190908252262, -0.00239822571166, 0.00278855091892], [0.000494934793096, 0.00117854622658, -0.00147763383575, 0.0071104131639, -0.000203049377888, -0.00210738298483, 0.0022863720078, -0.000944267667364, -0.00316359847784, 0.00264129601419, -0.000771957042161, 0.0020292927511, 0.000435760710388], [0.000309836002998, 0.00139564357232, -0.00263930461369, -0.000203049377888, 0.0119708599523, -0.00850375927985, 0.00292095961049, 0.00119614368305, -0.00163504527882, -0.0025035974104, 0.00106982933357, 0.00196977565065, 0.000415771384723], [0.000108361011371, -0.000885689689312, 0.00639633694664, -0.00210738298483, -0.00850375927985, 0.0220434293151, -0.00911947526038, -0.00226494669914, 0.00182312005199, 0.0043200715445, -0.00449821259826, -0.000617209589109, 0.00463027320802], [-0.000298060826026, 0.000271691271337, -0.00387770915404, 0.0022863720078, 0.00292095961049, -0.00911947526038, 0.0148692987859, -0.00663915555924, -0.000225418392802, -0.00656761834398, 0.0026660154108, -0.00150112411939, 0.000357597804395], [0.000412079622038, 9.69649481704e-05, -0.0026130466722, -0.000944267667364, 0.00119614368305, -0.00226494669914, -0.00663915555924, 0.0189186483622, -0.0106257526204, 0.00484723877162, -0.00469362316653, 0.00401063961908, -0.00474252691492], [4.63321048301e-05, -0.000661728787236, 0.00264674145728, -0.00316359847784, -0.00163504527882, 0.00182312005199, -0.000225418392802, -0.0106257526204, 0.0282834600657, -0.0163090750575, 0.00588497240096, -0.00835835002363, -0.00045739847701], [-0.000490528880619, 0.00236116861925, 0.000294128229143, 0.00264129601419, -0.0025035974104, 0.0043200715445, -0.00656761834398, 0.00484723877162, -0.0163090750575, 0.0282593052834, -0.0189074333757, 0.00885587744415, -0.00168440153357], [0.000745516852476, -0.00377922039479, 0.00190908252262, -0.000771957042161, 0.00106982933357, -0.00449821259826, 0.0026660154108, -0.00469362316653, 0.00588497240096, -0.0189074333757, 0.0437369272113, -0.022993048653, 0.00753035210073], [2.36630639847e-05, 0.00117650616448, -0.00239822571166, 0.0020292927511, 0.00196977565065, -0.000617209589109, -0.00150112411939, 0.00401063961908, -0.00835835002363, 0.00885587744415, -0.022993048653, 0.0424778833985, -0.0140256192535], [-0.000112608613563, -0.000854398356751, 0.00278855091892, 0.000435760710388, 0.000415771384723, 0.00463027320802, 0.000357597804395, -0.00474252691492, -0.00045739847701, -0.00168440153357, 0.00753035210073, -0.0140256192535, 0.0316413864493]]
    spectral_contrast:
        mean: [-3.85407652459e-08, -6.44276454409e-08, -9.75120656221e-07, -1.76013486453e-07, -1.9674027385e-07, -2.27493366367e-08, -4.28676321462e-06, 1.58987779741e-06, -1.34615220304e-06, -1.34359379445e-06, -1.77472486484e-06, 9.45929855334e-07]
        var: [0.000301215419313, 0.000691739027388, 0.00122825836297, 0.00185741158202, 0.00341571704485, 0.00491345627233, 0.0571856871247, 0.110892735422, 0.130393907428, 0.282892733812, 0.354027599096, 1.89188873768]

rhythm:
    beats_loudness:
        dmean: 0.0041371518746
        dmean2: 0.00820997916162
        dvar: 5.40933797311e-06
        dvar2: 1.48102972162e-05
        max: 0.0122255422175
        mean: 0.0072793001309
        min: 0.00327724544331
        var: 7.63564366935e-06
    beats_loudness_bass:
        dmean: 0.221403226256
        dmean2: 0.433681428432
        dvar: 0.0411801710725
        dvar2: 0.0876524969935
        max: 0.495366752148
        mean: 0.126798510551
        min: 0.0023729945533
        var: 0.0341776013374
    bpm: 106.635025024
    bpm_confidence: 0
    first_peak_bpm: 107
    first_peak_spread: 0
    first_peak_weight: 0.941176474094
    onset_rate: 5.09750318527
    second_peak_bpm: 100
    second_peak_spread: 0
    second_peak_weight: 0.0588235296309
    beats_position: [0.134786084294, 0.697357535362, 1.25992894173, 1.82250034809, 2.38507175446, 2.94764304161, 3.51021456718, 4.07278633118, 4.63535785675, 5.19792938232, 5.7605009079, 6.36201572418, 6.92477321625, 7.48753023148, 8.0502872467, 8.61304473877, 9.17580223083, 9.73855876923]
    bpm_estimates: [106.598556519, 106.591522217, 106.676940918, 106.710487366, 106.664924622, 106.510032654, 106.665550232, 106.638717651, 106.759124756, 106.715766907, 106.794044495, 106.57321167, 106.679710388, 106.573539734, 106.39289093, 106.077980042, 106.446151733, 106.592803955, 107.132896423, 106.781166077, 106.759262085]
    bpm_intervals: [0.562571465969, 0.562571406364, 0.562571406364, 0.562571406364, 0.562571287155, 0.562571525574, 0.562571763992, 0.562571525574, 0.562571525574, 0.562571525574, 0.601514816284, 0.562757492065, 0.562757015228, 0.562757015228, 0.562757492065, 0.562757492065, 0.562756538391]
    onset_times: [0.0580498874187, 0.417959183455, 0.557278931141, 0.870748281479, 0.986848056316, 1.13777780533, 1.25387752056, 1.45124721527, 1.55573701859, 1.82276642323, 1.98530614376, 2.3916554451, 2.68190479279, 2.83283448219, 2.97215414047, 3.13469386101, 3.25079369545, 3.40172338486, 3.52943301201, 3.81968259811, 3.99383211136, 4.08671188354, 4.65560102463, 4.94585037231, 5.0967798233, 5.23609972, 5.39863967896, 5.52634906769, 5.67727899551, 5.78176879883, 5.9675283432, 6.08362817764, 6.25777769089, 6.35065746307, 6.91954660416, 7.20979595184, 7.34911584854, 7.50004529953, 7.66258525848, 7.79029464722, 7.92961454391, 8.04571437836, 8.2198638916, 8.33596324921, 8.52172374725, 8.6146030426, 9.18349170685, 9.47374153137, 9.62467098236, 9.7639913559, 9.92653083801]
    rubato_start: []
    rubato_stop: []
    perceptual_tempo: "unknown"

sfx:
    inharmonicity:
        dmean: 0.0611910000443
        dmean2: 0.108793877065
        dvar: 0.00440840981901
        dvar2: 0.0124425068498
        max: 0.384592533112
        mean: 0.0709447339177
        min: 0
        var: 0.00471413368359
    oddtoevenharmonicenergyratio:
        dmean: 4.78028917313
        dmean2: 9.13543987274
        dvar: 1453.13928223
        dvar2: 4319.81835938
        max: 566.772094727
        mean: 2.94458651543
        min: 0
        var: 750.245422363
    pitch_after_max_to_before_max_energy_ratio: 7.71628952026
    pitch_centroid: 229.605926514
    pitch_max_to_total: 0.153132244945
    pitch_min_to_total: 0.846867740154
    tristimulus:
        dmean: [0.196375384927, 0.267570436001, 0.197771012783]
        dmean2: [0.331619024277, 0.473962217569, 0.350003302097]
        dvar: [0.02741519548, 0.0484825372696, 0.0298155900091]
        dvar2: [0.0763318687677, 0.136208713055, 0.0789205878973]
        max: [1, 0.980914413929, 0.845069825649]
        mean: [0.302897572517, 0.420117586851, 0.210550829768]
        min: [0.00921796076, 0, 0]
        var: [0.0439790152013, 0.0640633478761, 0.0386149846017]

tonal:
    chords_changes_rate: 0
    chords_number_rate: 0.00462962966412
    chords_strength:
        dmean: 0.0108693214133
        dmean2: 0.0136396223679
        dvar: 6.78678115946e-05
        dvar2: 0.000118571610074
        max: 0.682041704655
        mean: 0.52934640646
        min: 0.403828144073
        var: 0.00495085399598
    key_strength: 0.540194988251
    tuning_diatonic_strength: 0.510533094406
    tuning_equal_tempered_deviation: 0.273998200893
    tuning_frequency: 431.941772461
    tuning_nontempered_energy_ratio: 0.908470869064
    hpcp:
        dmean: [0.169547438622, 0.181120932102, 0.168621778488, 0.149758145213, 0.135108456016, 0.17827232182, 0.207170143723, 0.250598311424, 0.225712448359, 0.256269931793, 0.247910067439, 0.227337568998, 0.208290725946, 0.190573096275, 0.191112712026, 0.191106855869, 0.178129732609, 0.189036473632, 0.145387873054, 0.113024003804, 0.112239867449, 0.0939899459481, 0.0819844156504, 0.0969740524888, 0.133019730449, 0.135942772031, 0.136228248477, 0.144680663943, 0.163785204291, 0.206504538655, 0.216085404158, 0.213901862502, 0.192485973239, 0.145187467337, 0.120019160211, 0.118686415255]
        dmean2: [0.291535764933, 0.300589233637, 0.286430686712, 0.264241427183, 0.226938188076, 0.304296255112, 0.343290925026, 0.435710787773, 0.375690490007, 0.428437501192, 0.437967866659, 0.400139063597, 0.371853739023, 0.331903547049, 0.324585825205, 0.32971984148, 0.29780369997, 0.316734790802, 0.240831643343, 0.195525661111, 0.201413720846, 0.171344786882, 0.146337136626, 0.172665372491, 0.241268888116, 0.238795086741, 0.227350249887, 0.242499247193, 0.291320770979, 0.369721233845, 0.379166781902, 0.390187621117, 0.34495216608, 0.260252892971, 0.207881808281, 0.196829944849]
        dvar: [0.0310447737575, 0.0350789874792, 0.0308328606188, 0.0319485105574, 0.0229781009257, 0.0423538535833, 0.0391952991486, 0.0541734546423, 0.0435952618718, 0.0574507154524, 0.0576037466526, 0.0529942400753, 0.043837338686, 0.0400835573673, 0.0432579293847, 0.0449791327119, 0.0369825512171, 0.0505558401346, 0.0269547514617, 0.0159168485552, 0.0233947467059, 0.0262583401054, 0.0167310219258, 0.018315795809, 0.0294928178191, 0.0314423553646, 0.0217166282237, 0.0297873392701, 0.0297483950853, 0.0372127890587, 0.0544272772968, 0.054932449013, 0.0565272718668, 0.042702589184, 0.0217932965606, 0.014594274573]
        dvar2: [0.0872556492686, 0.0855891406536, 0.0804718434811, 0.0871752202511, 0.0603308007121, 0.116036579013, 0.09599686414, 0.13490895927, 0.0916943848133, 0.134922608733, 0.159055516124, 0.142102703452, 0.117815338075, 0.109958104789, 0.112708896399, 0.116420485079, 0.0906100049615, 0.125058412552, 0.0751793608069, 0.0428253263235, 0.0635970383883, 0.0745403021574, 0.0472523681819, 0.0494501963258, 0.0820355191827, 0.0876809358597, 0.0527772270143, 0.0795764476061, 0.0790267661214, 0.105767935514, 0.156308948994, 0.149134010077, 0.16393044591, 0.118674851954, 0.0650344640017, 0.036905169487]
        max: [1, 1, 1, 1, 0.907946825027, 1, 1, 1, 1, 1, 1, 1, 1, 1, 1, 1, 1, 1, 0.957139134407, 0.898610830307, 1, 1, 0.985087871552, 1, 1, 1, 0.918587327003, 1, 1, 1, 1, 1, 1, 1, 1, 1]
        mean: [0.248750478029, 0.314106225967, 0.265402942896, 0.196808516979, 0.196624144912, 0.221080362797, 0.290664792061, 0.43370655179, 0.593022286892, 0.543051958084, 0.342955231667, 0.277541816235, 0.268479496241, 0.249622002244, 0.268867462873, 0.266533106565, 0.268398493528, 0.272678524256, 0.218170136213, 0.175612524152, 0.140803396702, 0.101257145405, 0.0875458195806, 0.10459318012, 0.143734231591, 0.170144766569, 0.199701026082, 0.209449067712, 0.234343543649, 0.285563200712, 0.267357409, 0.219315350056, 0.189604863524, 0.170505434275, 0.157987654209, 0.170843616128]
        min: [0.0105798561126, 0.0109011735767, 0.00720993243158, 0.00440465984866, 0.00488485023379, 0.0056033032015, 0.00340925552882, 0.00441766856238, 0.00719133857638, 0.00675368728116, 0.00735407974571, 0.0186120774597, 0.0151465088129, 0.010924375616, 0.00763930566609, 0.00924072042108, 0.0201953724027, 0.0240867156535, 0.0157015677541, 0.00897613540292, 0.00762296607718, 0.00850350502878, 0.00706766499206, 0.00777968857437, 0.00680278008804, 0.00902391411364, 0.0147486235946, 0.012782080099, 0.0165474899113, 0.0150980651379, 0.0134440623224, 0.0143567612395, 0.0103509584442, 0.0110984519124, 0.00721377460286, 0.00636560050771]
        var: [0.0364747978747, 0.0685804188251, 0.0487219542265, 0.0310502126813, 0.0257555581629, 0.0410097539425, 0.0700848922133, 0.0915711298585, 0.0976602137089, 0.10589005053, 0.0762488767505, 0.0636111721396, 0.053964599967, 0.0458258651197, 0.0537758879364, 0.0541299730539, 0.0505954511464, 0.0625912100077, 0.0333894081414, 0.0180236287415, 0.0197239089757, 0.0170454587787, 0.0121098887175, 0.0153891202062, 0.0235358737409, 0.0274508129805, 0.0285993572325, 0.0347246415913, 0.0332101993263, 0.0403170362115, 0.0513972714543, 0.0515024811029, 0.0456291139126, 0.0341469608247, 0.0209295731038, 0.018510511145]
    chords_histogram: [0, 0, 0, 0, 0, 0, 0, 0, 0, 0, 100, 0, 0, 0, 0, 0, 0, 0, 0, 0, 0, 0, 0, 0]
    thpcp: [1, 0.915736198425, 0.578317582607, 0.468012452126, 0.452730864286, 0.420931905508, 0.453385084867, 0.44944870472, 0.452594280243, 0.459811598063, 0.367895334959, 0.296131402254, 0.237433567643, 0.170747622848, 0.147626519203, 0.17637309432, 0.242375761271, 0.286911249161, 0.336751312017, 0.353189200163, 0.395168185234, 0.481538742781, 0.450838714838, 0.369826495647, 0.319726377726, 0.287519425154, 0.266410976648, 0.288089692593, 0.419462263584, 0.52967017889, 0.44754293561, 0.331873714924, 0.331562817097, 0.37280279398, 0.490141421556, 0.731349468231]
    chords_key: "B"
    chords_scale: "minor"
    key_key: "C"
    key_scale: "minor"
    chords_progression: ["Bm", "Bm", "Bm", "Bm", "Bm", "Bm", "Bm", "Bm", "Bm", "Bm", "Bm", "Bm", "Bm", "Bm", "Bm", "Bm", "Bm", "Bm", "Bm", "Bm", "Bm", "Bm", "Bm", "Bm", "Bm", "Bm", "Bm", "Bm", "Bm", "Bm", "Bm", "Bm", "Bm", "Bm", "Bm", "Bm", "Bm", "Bm", "Bm", "Bm", "Bm", "Bm", "Bm", "Bm", "Bm", "Bm", "Bm", "Bm", "Bm", "Bm", "Bm", "Bm", "Bm", "Bm", "Bm", "Bm", "Bm", "Bm", "Bm", "Bm", "Bm", "Bm", "Bm", "Bm", "Bm", "Bm", "Bm", "Bm", "Bm", "Bm", "Bm", "Bm", "Bm", "Bm", "Bm", "Bm", "Bm", "Bm", "Bm", "Bm", "Bm", "Bm", "Bm", "Bm", "Bm", "Bm", "Bm", "Bm", "Bm", "Bm", "Bm", "Bm", "Bm", "Bm", "Bm", "Bm", "Bm", "Bm", "Bm", "Bm", "Bm", "Bm", "Bm", "Bm", "Bm", "Bm", "Bm", "Bm", "Bm", "Bm", "Bm", "Bm", "Bm", "Bm", "Bm", "Bm", "Bm", "Bm", "Bm", "Bm", "Bm", "Bm", "Bm", "Bm", "Bm", "Bm", "Bm", "Bm", "Bm", "Bm", "Bm", "Bm", "Bm", "Bm", "Bm", "Bm", "Bm", "Bm", "Bm", "Bm", "Bm", "Bm", "Bm", "Bm", "Bm", "Bm", "Bm", "Bm", "Bm", "Bm", "Bm", "Bm", "Bm", "Bm", "Bm", "Bm", "Bm", "Bm", "Bm", "Bm", "Bm", "Bm", "Bm", "Bm", "Bm", "Bm", "Bm", "Bm", "Bm", "Bm", "Bm", "Bm", "Bm", "Bm", "Bm", "Bm", "Bm", "Bm", "Bm", "Bm", "Bm", "Bm", "Bm", "Bm", "Bm", "Bm", "Bm", "Bm", "Bm", "Bm", "Bm", "Bm", "Bm", "Bm", "Bm", "Bm", "Bm", "Bm", "Bm", "Bm", "Bm", "Bm", "Bm", "Bm", "Bm", "Bm", "Bm", "Bm", "Bm", "Bm", "Bm", "Bm", "Bm", "Bm", "Bm", "Bm"]
