
metadata:
    version:
        essentia: "1.2.2"
    audio_properties:
        analysis_sample_rate: 44100
        bitrate: 128
        channels: 2
        equal_loudness: 1
        length: 10.0310201645
        replay_gain: -11.9327487946
        downmix: "mix"
    tags:
        track: 8
        year: 0
        album: "Splitted by Mp3Splt v. 2.1"
        artist: "From 001.10 To 001.20"
        comment: "http://mp3splt.sf.net"
        genre: ""
        title: "04 Universal Traveler.mp3"

highlevel:
    ballroom:
        all:
            ChaChaCha: 0.0072370832786
            Jive: 0.00371623481624
            Quickstep: 0.00428838655353
            Rumba-American: 0.0098951915279
            Rumba-International: 0.451187610626
            Rumba-Misc: 0.350350618362
            Samba: 0.00668381014839
            Tango: 0.00194222666323
            VienneseWaltz: 0.0770474746823
            Waltz: 0.0876513570547
        probability: 0.451187610626
        value: "Rumba-International"
    culture:
        all:
            non_western: 0.0996193364263
            western: 0.900380671024
        probability: 0.900380671024
        value: "western"
    gender:
        all:
            female: 0.481516361237
            male: 0.518483638763
        probability: 0.518483638763
        value: "male"
    genre_dortmund:
        all:
            alternative: 0.0509246699512
            blues: 0.14692106843
            electronic: 0.0603721626103
            folkcountry: 0.419450253248
            funksoulrnb: 0.0202636048198
            jazz: 0.113440178335
            pop: 0.124984286726
            raphiphop: 0.0363535173237
            rock: 0.0272902734578
        probability: 0.419450253248
        value: "folkcountry"
    genre_electronica:
        all:
            ambient: 0.483619570732
            dnb: 0.0304956175387
            house: 0.385789722204
            techno: 0.0752881094813
            trance: 0.0248069819063
        probability: 0.483619570732
        value: "ambient"
    genre_rosamerica:
        all:
            cla: 0.081938624382
            dan: 0.0663820132613
            hip: 0.0248129703104
            jaz: 0.116872623563
            pop: 0.109200499952
            rhy: 0.497945874929
            roc: 0.0853715911508
            spe: 0.0174757968634
        probability: 0.497945874929
        value: "rhy"
    genre_tzanetakis:
        all:
            blu: 0.0937320962548
            cla: 0.0127016510814
            cou: 0.0974045097828
            dis: 0.0350501425564
            hip: 0.0436319932342
            jaz: 0.0155934216455
            met: 0.0162031501532
            pop: 0.1745660007
            reg: 0.0786714479327
            roc: 0.432445585728
        probability: 0.432445585728
        value: "roc"
    live_studio:
        all:
            live: 0.110817082226
            studio: 0.889182925224
        probability: 0.889182925224
        value: "studio"
    mood:
        all:
            Cluster1: 0.0539399050176
            Cluster2: 0.0605301223695
            Cluster3: 0.852257728577
            Cluster4: 0.0256612673402
            Cluster5: 0.00761096226051
        probability: 0.852257728577
        value: "Cluster3"
    mood_acoustic:
        all:
            acoustic: 0.936387658119
            not_acoustic: 0.0636123418808
        probability: 0.936387658119
        value: "acoustic"
    mood_aggressive:
        all:
            aggressive: 0.00965133588761
            not_aggressive: 0.990348637104
        probability: 0.990348637104
        value: "not_aggressive"
    mood_electronic:
        all:
            electronic: 0.74725484848
            not_electronic: 0.252745121717
        probability: 0.74725484848
        value: "electronic"
    mood_happy:
        all:
            happy: 0.0168349221349
            not_happy: 0.983165085316
        probability: 0.983165085316
        value: "not_happy"
    mood_party:
        all:
            not_party: 0.973581314087
            party: 0.026418697089
        probability: 0.973581314087
        value: "not_party"
    mood_relaxed:
        all:
            not_relaxed: 0.0939173847437
            relaxed: 0.906082630157
        probability: 0.906082630157
        value: "relaxed"
    mood_sad:
        all:
            not_sad: 0.101925976574
            sad: 0.898074030876
        probability: 0.898074030876
        value: "sad"
    rhythm:
        all:
            fast: 0.0566463135183
            medium: 0.800702393055
            slow: 0.142651319504
        probability: 0.800702393055
        value: "medium"
    speech_music:
        all:
            music: 0.999847710133
            speech: 0.000152309890836
        probability: 0.999847710133
        value: "music"
    timbre:
        all:
            bright: 0.100964285433
            dark: 0.899035692215
        probability: 0.899035692215
        value: "dark"
    voice_instrumental:
        all:
            instrumental: 0.578305840492
            voice: 0.421694129705
        probability: 0.578305840492
        value: "instrumental"

lowlevel:
    average_loudness: 0.977414608002
    barkbands_kurtosis:
        dmean: 10.2869110107
        dmean2: 15.6858921051
        dvar: 160.706314087
        dvar2: 345.990539551
        max: 135.234832764
        mean: 19.2674694061
        min: -1.92339205742
        var: 370.502471924
    barkbands_skewness:
        dmean: 1.00315332413
        dmean2: 1.53247261047
        dvar: 0.944026350975
        dvar2: 2.04229998589
        max: 8.21993732452
        mean: 2.99068450928
        min: -1.53381896019
        var: 2.79420757294
    barkbands_spread:
        dmean: 4.95640277863
        dmean2: 7.55399608612
        dvar: 67.0848388672
        dvar2: 128.765014648
        max: 65.3282852173
        mean: 9.88791370392
        min: 0.495809823275
        var: 170.506561279
    dissonance:
        dmean: 0.0375718437135
        dmean2: 0.0589755624533
        dvar: 0.00123778718989
        dvar2: 0.00306358910166
        max: 0.493004262447
        mean: 0.391999155283
        min: 0.20922383666
        var: 0.003488417482
    hfc:
        dmean: 0.886501848698
        dmean2: 1.48285138607
        dvar: 2.77269887924
        dvar2: 6.37240695953
        max: 13.3037939072
        mean: 1.69952642918
        min: 0.0947809815407
        var: 3.88201284409
    pitch:
        dmean: 159.836914062
        dmean2: 311.063873291
        dvar: 463307.78125
        dvar2: 969980.6875
        max: 4900
        mean: 467.520080566
        min: 75
        var: 1052445.75
    pitch_instantaneous_confidence:
        dmean: 0.0886168777943
        dmean2: 0.135419011116
        dvar: 0.00848990585655
        dvar2: 0.0185429565609
        max: 0.912367582321
        mean: 0.601127564907
        min: 0.182440161705
        var: 0.0237780753523
    pitch_salience:
        dmean: 0.0694038495421
        dmean2: 0.109450899065
        dvar: 0.0042237280868
        dvar2: 0.00827406253666
        max: 0.771963179111
        mean: 0.498043835163
        min: 0.193411424756
        var: 0.0146546876058
    silence_rate_20dB:
        dmean: 0
        dmean2: 0
        dvar: 0
        dvar2: 0
        max: 1
        mean: 1
        min: 1
        var: 0
    silence_rate_30dB:
        dmean: 0
        dmean2: 0
        dvar: 0
        dvar2: 0
        max: 1
        mean: 1
        min: 1
        var: 0
    silence_rate_60dB:
        dmean: 0.153132244945
        dmean2: 0.304651170969
        dvar: 0.129682525992
        dvar2: 0.235094502568
        max: 1
        mean: 0.518518507481
        min: 0
        var: 0.249656960368
    spectral_centroid:
        dmean: 160.89944458
        dmean2: 243.67250061
        dvar: 90661.296875
        dvar2: 169025.234375
        max: 2840.48046875
        mean: 491.124206543
        min: 153.259124756
        var: 214783.21875
    spectral_complexity:
        dmean: 1.24708628654
        dmean2: 2.05140185356
        dvar: 3.46808242798
        dvar2: 7.70764780045
        max: 17
        mean: 4.24651145935
        min: 1
        var: 5.17179250717
    spectral_crest:
        dmean: 2.50986623764
        dmean2: 3.99256777763
        dvar: 5.3707242012
        dvar2: 12.1298074722
        max: 25.4659957886
        mean: 12.6777982712
        min: 3.88032078743
        var: 17.77734375
    spectral_decrease:
        dmean: 3.53971713052e-10
        dmean2: 5.76712455569e-10
        dvar: 3.43018539287e-19
        dvar2: 9.42477906017e-19
        max: -4.70680612541e-11
        mean: -9.24653409395e-10
        min: -5.27716226273e-09
        var: 5.83974881705e-19
    spectral_energy:
        dmean: 0.00140220916364
        dmean2: 0.00229536578991
        dvar: 5.18184015164e-06
        dvar2: 1.41989867188e-05
        max: 0.0203192308545
        mean: 0.00364400446415
        min: 0.0001922052179
        var: 8.80495099409e-06
    spectral_energyband_high:
        dmean: 3.73299881176e-05
        dmean2: 5.81549029448e-05
        dvar: 1.61563971091e-08
        dvar2: 2.78088947425e-08
        max: 0.00135923968628
        mean: 6.87000429025e-05
        min: 8.76778827319e-09
        var: 5.13599509588e-08
    spectral_energyband_low:
        dmean: 0.000190345817828
        dmean2: 0.000303175591398
        dvar: 9.92545849954e-08
        dvar2: 2.70966722837e-07
        max: 0.00243552634493
        mean: 0.000316850258969
        min: 8.83799373241e-07
        var: 1.3605200877e-07
    spectral_energyband_middle_high:
        dmean: 0.000241483387072
        dmean2: 0.00041655721725
        dvar: 4.0589915784e-07
        dvar2: 1.04523201117e-06
        max: 0.0041512530297
        mean: 0.000213895385968
        min: 1.32376396778e-06
        var: 3.10594458597e-07
    spectral_energyband_middle_low:
        dmean: 0.00111116643529
        dmean2: 0.00177353632171
        dvar: 3.78645836463e-06
        dvar2: 1.02984195109e-05
        max: 0.0190775729716
        mean: 0.00304450979456
        min: 0.000149137849803
        var: 7.41376106816e-06
    spectral_flatness_db:
        dmean: 0.0339200310409
        dmean2: 0.0486086644232
        dvar: 0.00106124905869
        dvar2: 0.00208750343882
        max: 0.458082020283
        mean: 0.289173275232
        min: 0.146265074611
        var: 0.00433090981096
    spectral_flux:
        dmean: 0.0120111703873
        dmean2: 0.0196616332978
        dvar: 0.00024845340522
        dvar2: 0.000473505322589
        max: 0.119944393635
        mean: 0.0251141879708
        min: 0.00218452047557
        var: 0.000355373049388
    spectral_kurtosis:
        dmean: 9.73507976532
        dmean2: 14.600566864
        dvar: 217.509109497
        dvar2: 476.019836426
        max: 148.327362061
        mean: 18.1259307861
        min: -0.670354127884
        var: 480.09197998
    spectral_rms:
        dmean: 0.000338135374477
        dmean2: 0.000525515526533
        dvar: 2.15876795551e-07
        dvar2: 5.75046328777e-07
        max: 0.00445237476379
        mean: 0.00174590270035
        min: 0.000433032662841
        var: 5.06954904722e-07
    spectral_rolloff:
        dmean: 347.391967773
        dmean2: 638.147094727
        dvar: 715001.5
        dvar2: 1552630
        max: 5490.96679688
        mean: 767.883056641
        min: 172.265625
        var: 1252878.25
    spectral_skewness:
        dmean: 0.82161128521
        dmean2: 1.18839287758
        dvar: 0.846450150013
        dvar2: 1.79009449482
        max: 10.1652050018
        mean: 3.06986045837
        min: 0.172815352678
        var: 2.65564250946
    spectral_spread:
        dmean: 1038022.5
        dmean2: 1579784.25
        dvar: 1.96959902106e+12
        dvar2: 4.81735632486e+12
        max: 12361108
        mean: 3928736.75
        min: 648215.5625
        var: 4.82477290291e+12
    spectral_strongpeak:
        dmean: 0.134000390768
        dmean2: 0.229803800583
        dvar: 0.102091290057
        dvar2: 0.292224228382
        max: 3.89375543594
        mean: 0.41870290041
        min: 0.0415755398571
        var: 0.0990300923586
    zerocrossingrate:
        dmean: 0.00798891857266
        dmean2: 0.00880845729262
        dvar: 0.00012069263903
        dvar2: 0.000116756214993
        max: 0.17138671875
        mean: 0.0303517896682
        min: 0.00732421875
        var: 0.000710037478711
    barkbands:
        dmean: [1.0627153415e-06, 3.37317942467e-05, 0.000165455945535, 0.000589399482124, 0.000524093222339, 0.000178118032636, 0.0001356980938, 2.5900426408e-05, 2.45902392635e-05, 3.1889481761e-05, 1.03523443613e-05, 1.46992988448e-05, 9.43683335208e-06, 1.01991117845e-05, 7.83014456829e-06, 1.04475057014e-05, 0.000100283512438, 4.22114026151e-05, 2.2426023861e-05, 1.69148079294e-05, 1.90473601833e-05, 1.1024358173e-05, 1.64143068559e-06, 6.70373651701e-07, 1.05127196548e-06, 1.65867408697e-08, 2.23131998989e-10]
        dmean2: [1.32082163873e-06, 5.49787728232e-05, 0.000261658162344, 0.000891424424481, 0.000861300097313, 0.000272870529443, 0.000235031548073, 4.33583081758e-05, 4.05843929911e-05, 5.61251836189e-05, 1.78867358045e-05, 2.51546280197e-05, 1.55636826094e-05, 1.80208044185e-05, 1.36091030072e-05, 1.86898323591e-05, 0.000174729357241, 7.10769818397e-05, 3.66254971595e-05, 2.75314923783e-05, 2.94653909805e-05, 1.62858450494e-05, 2.60807473751e-06, 1.09854681796e-06, 1.72644797658e-06, 3.04135667761e-08, 3.3112693143e-10]
        dvar: [7.40152383827e-12, 3.08694825257e-09, 8.26884374305e-08, 1.15293812541e-06, 1.03235663573e-06, 7.25285360659e-08, 9.14291575782e-08, 5.21079046578e-09, 4.22275991951e-09, 2.49449634282e-08, 1.69870650879e-09, 3.95298682676e-09, 1.85945792097e-09, 2.14687068123e-09, 1.067145039e-09, 1.07909592373e-09, 1.1164484448e-07, 1.41583065272e-08, 1.91000673055e-08, 2.45259990095e-09, 5.85466652936e-09, 1.80690185037e-09, 1.33879348579e-11, 1.78044688368e-12, 4.89453226213e-12, 1.36295383328e-15, 3.72201497147e-18]
        dvar2: [1.46909359677e-11, 8.28470270164e-09, 2.20251038741e-07, 2.5939864372e-06, 2.74568583336e-06, 1.51150103989e-07, 2.72288218639e-07, 1.38837688013e-08, 9.76382175111e-09, 6.98504720731e-08, 4.34923252968e-09, 1.06497424213e-08, 4.98972019258e-09, 6.06683769888e-09, 2.99478175592e-09, 3.04913005955e-09, 2.99640589674e-07, 3.59690872642e-08, 3.85952390047e-08, 6.17083983911e-09, 1.15810951939e-08, 2.94166446757e-09, 2.97609575872e-11, 4.1777753132e-12, 1.22856854898e-11, 3.72398162315e-15, 3.80925688349e-18]
        max: [2.86213198706e-05, 0.000484782911371, 0.0021950234659, 0.00957841333002, 0.0104061858729, 0.00334077700973, 0.00414828537032, 0.000670182169415, 0.00077770894859, 0.0016377811553, 0.000422590121161, 0.000597371137701, 0.000476073619211, 0.000423191435402, 0.000346893881215, 0.000290367082926, 0.00238595367409, 0.000860171974637, 0.00201178737916, 0.000485741300508, 0.000843183719553, 0.000659214798361, 4.01790530304e-05, 1.10221199066e-05, 1.85821281775e-05, 2.49465728075e-07, 4.00425825831e-08]
        mean: [1.72647355612e-06, 6.55179246678e-05, 0.000249661068665, 0.000993543071672, 0.000869653536938, 0.000724459940102, 0.000396594608901, 3.0184721254e-05, 2.72069300991e-05, 2.44257207669e-05, 9.30309397518e-06, 1.17717590911e-05, 8.38119831315e-06, 8.53224719322e-06, 6.02674526817e-06, 8.14729719423e-06, 7.24406127119e-05, 3.81244608434e-05, 2.24901923502e-05, 1.97015633603e-05, 3.30868679157e-05, 1.90240953089e-05, 1.92829907064e-06, 8.54222264479e-07, 1.20717982099e-06, 1.6435953043e-08, 2.04010155991e-10]
        min: [1.68137836987e-10, 5.75523841917e-08, 4.60840965388e-07, 2.48204219133e-06, 3.6390506466e-06, 2.70012678811e-05, 1.04852424556e-05, 6.27844158885e-08, 1.97685530168e-08, 7.01422990801e-08, 6.35050456665e-09, 1.25237065163e-08, 2.63594923666e-09, 5.69218405744e-09, 8.75109762433e-09, 2.75149165674e-08, 1.64462434782e-07, 1.37636590125e-07, 1.11200071373e-08, 4.41935599227e-09, 3.09441916535e-10, 8.59609938786e-10, 3.97417543319e-10, 2.03471739457e-10, 1.05217987101e-10, 8.33860931693e-12, 1.30028451249e-14]
        var: [1.26082451771e-11, 8.02567967639e-09, 1.14101524673e-07, 3.1941629004e-06, 1.40103566082e-06, 4.0448657046e-07, 1.58830943064e-07, 4.68132999032e-09, 5.62162050244e-09, 1.52624313188e-08, 1.26226817887e-09, 2.75587308529e-09, 1.38083755541e-09, 1.32998290159e-09, 6.65553112622e-10, 6.8162148148e-10, 7.65280461223e-08, 1.16862528543e-08, 2.02951664363e-08, 2.51767362514e-09, 1.52765480266e-08, 5.73321257136e-09, 3.05768084463e-11, 3.60928084295e-12, 9.03323162799e-12, 1.6348379627e-15, 3.73477547319e-18]
    mfcc:
        mean: [-860.059570312, 168.749267578, 4.04249334335, 71.2255859375, 2.35673356056, -19.0560855865, -9.71725654602, -13.8217964172, -13.9378089905, -18.2332820892, -10.997838974, -0.943186640739, -1.33024418354]
        cov: [[6170.46435547, -2725.26293945, 280.044219971, -543.992553711, -424.810119629, 69.34009552, 104.330200195, -350.080413818, 123.990348816, 119.505889893, 87.827835083, -157.995788574, -161.71182251], [-2725.26293945, 2576.87329102, -483.137756348, -62.381980896, 147.527206421, -158.308288574, 298.061004639, 326.961547852, -61.0393486023, 101.295455933, -21.7098522186, 22.0141391754, -5.05630064011], [280.044219971, -483.137756348, 732.428039551, 29.5018081665, -144.904998779, 81.3639068604, -49.0451622009, -50.3237724304, 86.5369033813, -40.8906478882, 0.13290554285, -21.0615386963, 42.9122886658], [-543.992553711, -62.381980896, 29.5018081665, 545.215881348, 100.822135925, 33.5008277893, -97.2004699707, -42.1235389709, 88.7493057251, -46.6995620728, -19.686466217, 58.9596748352, 16.6492099762], [-424.810119629, 147.527206421, -144.904998779, 100.822135925, 357.426513672, -83.9547576904, -89.5828933716, 127.711448669, 19.067035675, -54.986076355, -42.6015586853, -9.67358016968, -47.1028289795], [69.34009552, -158.308288574, 81.3639068604, 33.5008277893, -83.9547576904, 300.684906006, 30.059923172, -128.992431641, 39.1319694519, 26.277967453, 76.4342651367, 14.3814535141, 31.034992218], [104.330200195, 298.061004639, -49.0451622009, -97.2004699707, -89.5828933716, 30.059923172, 248.147018433, -13.2379598618, 2.13816046715, 87.6841964722, 68.056060791, 10.7650728226, -35.1774711609], [-350.080413818, 326.961547852, -50.3237724304, -42.1235389709, 127.711448669, -128.992431641, -13.2379598618, 259.474609375, -1.57843327522, -17.8654251099, -69.5020599365, -5.39553833008, 2.42797112465], [123.990348816, -61.0393486023, 86.5369033813, 88.7493057251, 19.067035675, 39.1319694519, 2.13816046715, -1.57843327522, 152.70324707, 19.6155910492, 22.8067092896, -1.49901401997, -8.42184734344], [119.505889893, 101.295455933, -40.8906478882, -46.6995620728, -54.986076355, 26.277967453, 87.6841964722, -17.8654251099, 19.6155910492, 127.783035278, 46.3776283264, 7.43208217621, -18.4091300964], [87.827835083, -21.7098522186, 0.13290554285, -19.686466217, -42.6015586853, 76.4342651367, 68.056060791, -69.5020599365, 22.8067092896, 46.3776283264, 145.499450684, 31.2736930847, -7.66806173325], [-157.995788574, 22.0141391754, -21.0615386963, 58.9596748352, -9.67358016968, 14.3814535141, 10.7650728226, -5.39553833008, -1.49901401997, 7.43208217621, 31.2736930847, 98.0515975952, 16.7019443512], [-161.71182251, -5.05630064011, 42.9122886658, 16.6492099762, -47.1028289795, 31.034992218, -35.1774711609, 2.42797112465, -8.42184734344, -18.4091300964, -7.66806173325, 16.7019443512, 106.74811554]]
        icov: [[0.000645167077892, 0.000857861421537, 0.000349582405761, 0.000503016693983, 0.000412006600527, 0.000295737700071, -0.000863022461999, -0.000116620882181, -0.000760581286158, -0.000224946605158, 0.000211569786188, 0.000568106246646, 0.000440593110397], [0.000857861421537, 0.0018042603042, 0.000760646129493, 0.000478646572446, 0.000406796782045, 0.000423993973527, -0.00208793510683, -0.000915991258807, -0.000799615227152, -0.000453120330349, 0.000333865493303, 0.00090218137484, 0.000135211259476], [0.000349582405761, 0.000760646129493, 0.00215754285455, 0.000204499388929, 0.00124723301269, -8.87371788849e-05, -0.000438689021394, -0.000636281270999, -0.00155670859385, 0.000770423037466, 7.33122578822e-05, 0.000775542110205, 6.41157203063e-06], [0.000503016693983, 0.000478646572446, 0.000204499388929, 0.00320878042839, -0.000543883128557, 0.000166110126884, 3.00931114907e-05, 0.00127709063236, -0.00238861888647, 0.000326948560541, 0.00118154368829, -0.00164965889417, 0.000105517981865], [0.000412006600527, 0.000406796782045, 0.00124723301269, -0.000543883128557, 0.0057552815415, 1.18086009024e-05, 0.00143740989733, -0.00270804786123, -0.00120505387895, 0.00151852495037, -0.000894784228876, 0.00102670141496, 0.00324011966586], [0.000295737700071, 0.000423993973527, -8.87371788849e-05, 0.000166110126884, 1.18086009024e-05, 0.00510688684881, -0.000855219259392, 0.0020137175452, -0.00124377035536, -0.000364904553862, -0.0012747932924, 0.000414992973674, -0.00164684909396], [-0.000863022461999, -0.00208793510683, -0.000438689021394, 3.00931114907e-05, 0.00143740989733, -0.000855219259392, 0.00919298641384, -8.30321587273e-05, 0.000736322894227, -0.00204135174863, -0.00231577595696, -0.00128856918309, 0.00242090597749], [-0.000116620882181, -0.000915991258807, -0.000636281270999, 0.00127709063236, -0.00270804786123, 0.0020137175452, -8.30321587273e-05, 0.00791481230408, -0.00121829938143, -0.000245077302679, 0.00257021840662, -0.00150615232997, -0.00186932308134], [-0.000760581286158, -0.000799615227152, -0.00155670859385, -0.00238861888647, -0.00120505387895, -0.00124377035536, 0.000736322894227, -0.00121829938143, 0.0100839985535, -0.00190717005171, -0.00174737768248, 0.000806567724794, 0.000123446588987], [-0.000224946605158, -0.000453120330349, 0.000770423037466, 0.000326948560541, 0.00151852495037, -0.000364904553862, -0.00204135174863, -0.000245077302679, -0.00190717005171, 0.0120003251359, -0.00177485228051, -0.000463486183435, 0.00125014362857], [0.000211569786188, 0.000333865493303, 7.33122578822e-05, 0.00118154368829, -0.000894784228876, -0.0012747932924, -0.00231577595696, 0.00257021840662, -0.00174737768248, -0.00177485228051, 0.0112642105669, -0.00345028261654, 0.000181810479262], [0.000568106246646, 0.00090218137484, 0.000775542110205, -0.00164965889417, 0.00102670141496, 0.000414992973674, -0.00128856918309, -0.00150615232997, 0.000806567724794, -0.000463486183435, -0.00345028261654, 0.0135895302519, -0.00159948680084], [0.000440593110397, 0.000135211259476, 6.41157203063e-06, 0.000105517981865, 0.00324011966586, -0.00164684909396, 0.00242090597749, -0.00186932308134, 0.000123446588987, 0.00125014362857, 0.000181810479262, -0.00159948680084, 0.0132601121441]]
    spectral_contrast:
        mean: [-1.94026981148e-07, -8.23852275289e-08, 3.52618229726e-07, -1.25698221609e-07, -1.46897733089e-07, 1.65472204827e-08, 2.26615475185e-06, -1.67655389305e-06, 3.38984091286e-06, 3.07559957946e-06, 9.90961893876e-07, 5.58287592867e-06]
        var: [0.000943009508774, 0.00112523091957, 0.00213455036283, 0.00283581693657, 0.00409181183204, 0.00631222780794, 0.0981213599443, 0.161090925336, 0.308926403522, 0.616301596165, 0.983294904232, 4.08425235748]

rhythm:
    beats_loudness:
        dmean: 0.00340593815781
        dmean2: 0.00559908663854
        dvar: 6.85652321408e-06
        dvar2: 1.62707037816e-05
        max: 0.00981222093105
        mean: 0.00371598009951
        min: 0.000434616056737
        var: 7.56587314754e-06
    beats_loudness_bass:
        dmean: 0.201489418745
        dmean2: 0.312545329332
        dvar: 0.0309399329126
        dvar2: 0.0781946256757
        max: 0.692300736904
        mean: 0.26295030117
        min: 0.00620774691924
        var: 0.0400876440108
    bpm: 91.5405426025
    bpm_confidence: 0
    first_peak_bpm: 92
    first_peak_spread: 0
    first_peak_weight: 0.928571462631
    onset_rate: 5.58268213272
    second_peak_bpm: 87
    second_peak_spread: 0
    second_peak_weight: 0.0714285746217
    beats_position: [0.441997081041, 1.09682643414, 1.75165581703, 2.40648531914, 3.06131434441, 3.71614360809, 4.37097263336, 5.02580213547, 5.68063116074, 6.37293338776, 7.02889442444, 7.68485546112, 8.3408164978, 8.99677658081, 9.65273761749]
    bpm_estimates: [91.6013412476, 91.3998184204, 91.9629211426, 91.4746932983, 92.3339080811, 91.6508255005, 91.518081665, 91.3668746948, 91.3430786133, 91.5854568481, 91.3096313477, 91.5905151367, 91.630317688, 91.554145813, 91.5213012695, 91.4566955566, 91.355430603, 91.5218048096, 91.3203659058, 91.3134536743]
    bpm_intervals: [0.654829382896, 0.654829382896, 0.654829502106, 0.654829025269, 0.654829263687, 0.654829025269, 0.654829502106, 0.654829025269, 0.69230222702, 0.655961036682, 0.655961036682, 0.655961036682, 0.655960083008, 0.655961036682]
    onset_times: [0.0580498874187, 0.18575963378, 0.301859408617, 0.441179126501, 0.684988677502, 0.766258478165, 0.9287981987, 1.07972788811, 1.24226760864, 1.39319729805, 1.57895696163, 1.71827661991, 2.08979582787, 2.2523355484, 2.38004541397, 2.60063481331, 2.69351482391, 2.9837641716, 3.07664394379, 3.27401351929, 3.40172338486, 3.55265307426, 3.7151927948, 3.92417240143, 4.02866220474, 4.21442174911, 4.38857126236, 4.58594083786, 4.91102027893, 5.05034017563, 5.22448968887, 5.32897949219, 5.71210861206, 5.92108821869, 6.03718805313, 6.18811798096, 6.35065746307, 6.53641700745, 6.66412687302, 6.8963265419, 7.22140598297, 7.51165533066, 7.6858048439, 7.98766422272, 8.34757328033, 8.54494285583, 8.66104316711, 8.84680271149, 8.97451210022, 9.14866256714, 9.287981987, 9.50857162476, 9.67111110687, 9.81043052673, 9.86848068237, 9.90331077576]
    rubato_start: []
    rubato_stop: []
    perceptual_tempo: "unknown"

sfx:
    inharmonicity:
        dmean: 0.0205471571535
        dmean2: 0.0372218489647
        dvar: 0.00177293061279
        dvar2: 0.00479130307212
        max: 0.395403683186
        mean: 0.0172577742487
        min: 2.16666467168e-06
        var: 0.00175425910857
    oddtoevenharmonicenergyratio:
        dmean: 7.1694483757
        dmean2: 13.5970172882
        dvar: 1285.66723633
        dvar2: 3682.49316406
        max: 395.21194458
        mean: 4.42253255844
        min: 7.11131042408e-06
        var: 734.389404297
    pitch_after_max_to_before_max_energy_ratio: 9.14874744415
    pitch_centroid: 250.454101562
    pitch_max_to_total: 0.451162785292
    pitch_min_to_total: 0.402325570583
    tristimulus:
        dmean: [0.216442361474, 0.220979332924, 0.0507301650941]
        dmean2: [0.376925647259, 0.39057302475, 0.0882147401571]
        dvar: [0.0575894638896, 0.0575738251209, 0.0110477935523]
        dvar2: [0.140741527081, 0.152700453997, 0.027491049841]
        max: [0.990926504135, 0.990027189255, 0.947330951691]
        mean: [0.657982409, 0.272173762321, 0.0542351156473]
        min: [0.00408612890169, 0, 0]
        var: [0.0831086561084, 0.0667458698153, 0.0172192230821]

tonal:
    chords_changes_rate: 0.0648148134351
    chords_number_rate: 0.0185185186565
    chords_strength:
        dmean: 0.00940311234444
        dmean2: 0.00912722293288
        dvar: 5.80972118769e-05
        dvar2: 6.49965004413e-05
        max: 0.646098971367
        mean: 0.48035427928
        min: 0.355205357075
        var: 0.00446683354676
    key_strength: 0.627355158329
    tuning_diatonic_strength: 0.609046459198
    tuning_equal_tempered_deviation: 0.0798802152276
    tuning_frequency: 443.316436768
    tuning_nontempered_energy_ratio: 0.699406504631
    hpcp:
        dmean: [0.141305044293, 0.123330891132, 0.0616143383086, 0.0343713723123, 0.0217747092247, 0.021289370954, 0.0239660404623, 0.0448110550642, 0.0936010926962, 0.0918991193175, 0.058651342988, 0.0660688430071, 0.06689170748, 0.0563848689198, 0.0613120310009, 0.100602462888, 0.129257157445, 0.116486936808, 0.0820952057838, 0.115921996534, 0.150851070881, 0.142162054777, 0.0769332200289, 0.045646764338, 0.0454266667366, 0.0518184117973, 0.0421223975718, 0.0325216390193, 0.0463713109493, 0.133642911911, 0.170946896076, 0.137582153082, 0.0455274954438, 0.0569725111127, 0.119005613029, 0.144499585032]
        dmean2: [0.230987459421, 0.216025784612, 0.115198075771, 0.06396137923, 0.0386709012091, 0.0361374504864, 0.0422296598554, 0.078042909503, 0.15559668839, 0.149404764175, 0.104203648865, 0.121904797852, 0.126545488834, 0.0990522876382, 0.102715536952, 0.182997211814, 0.229850426316, 0.215075999498, 0.144387722015, 0.197733551264, 0.269392758608, 0.217001676559, 0.138654604554, 0.0780709534883, 0.0819935649633, 0.0972037017345, 0.0783309787512, 0.0589203238487, 0.0846214666963, 0.21055136621, 0.284765899181, 0.231570780277, 0.0851431265473, 0.10319981724, 0.219830840826, 0.258769899607]
        dvar: [0.0501428842545, 0.0330670960248, 0.0222707353532, 0.0121339783072, 0.00322544178925, 0.00285290181637, 0.0022612453904, 0.00828818138689, 0.0349310338497, 0.0351715274155, 0.0171786956489, 0.0234429575503, 0.025871405378, 0.0135323442519, 0.0181387457997, 0.0333587937057, 0.052891343832, 0.0683081075549, 0.0316411219537, 0.0478425547481, 0.0622855089605, 0.0480787791312, 0.0208086352795, 0.0142949903384, 0.0198660641909, 0.0244890805334, 0.0198145862669, 0.0117299053818, 0.00816653855145, 0.0237459484488, 0.0591932311654, 0.0285312458873, 0.0182836297899, 0.0200242865831, 0.0472759567201, 0.0515296496451]
        dvar2: [0.113168440759, 0.089827619493, 0.0640138685703, 0.0345622636378, 0.00807686243206, 0.00631427532062, 0.00533724343404, 0.018680524081, 0.0728113204241, 0.0637934654951, 0.0451592989266, 0.0638561546803, 0.069058097899, 0.0383986085653, 0.0349942408502, 0.0789551138878, 0.146638557315, 0.203154414892, 0.0768257603049, 0.11156539619, 0.15361623466, 0.118270732462, 0.0541529357433, 0.0285695046186, 0.0486970171332, 0.0704666152596, 0.0573578067124, 0.0343156158924, 0.0230746641755, 0.0540498308837, 0.124716050923, 0.080150090158, 0.0516006797552, 0.0537736080587, 0.140570029616, 0.132757097483]
        max: [1, 1, 1, 0.914351165295, 0.37930932641, 0.527826189995, 0.371837407351, 0.664434492588, 1, 1, 0.997007012367, 0.955032169819, 1, 0.774263381958, 1, 1, 1, 1, 1, 1, 1, 1, 1, 1, 1, 1, 1, 1, 0.642555654049, 1, 1, 1, 1, 1, 1, 1]
        mean: [0.227783694863, 0.140382006764, 0.0418564043939, 0.0230700597167, 0.015896404162, 0.0199811831117, 0.0227203983814, 0.0436894260347, 0.120624922216, 0.125720441341, 0.057001400739, 0.0516122505069, 0.0543615631759, 0.0426138080657, 0.0650200247765, 0.0986916571856, 0.0974695160985, 0.0758113488555, 0.0646508038044, 0.119902193546, 0.224785536528, 0.191104277968, 0.074233263731, 0.0510773472488, 0.0509361587465, 0.0378524698317, 0.0303371697664, 0.0223827809095, 0.040732447058, 0.372459411621, 0.630603432655, 0.304088234901, 0.0278199873865, 0.0360477901995, 0.0812209770083, 0.171567648649]
        min: [6.1288519646e-05, 8.68228889885e-05, 9.97871939035e-06, 8.90779483598e-06, 8.14803115645e-06, 3.13585296681e-05, 2.33593109442e-05, 6.88356158207e-05, 1.49025418068e-05, 1.34215651997e-05, 8.15508828964e-05, 5.50863624085e-05, 3.96135983465e-05, 2.76301288977e-05, 0.000128976695123, 0.00023966608569, 0.000238065549638, 5.38921922271e-05, 8.62675915414e-06, 3.7266221625e-05, 3.94947746827e-05, 5.29911812919e-05, 5.51443627046e-05, 8.12525468064e-06, 1.00947290775e-05, 6.27812096354e-06, 9.03759791981e-06, 2.99311486742e-05, 5.62545428693e-05, 8.31707948237e-05, 4.13112720707e-05, 3.65777523257e-05, 1.85711433005e-05, 1.19583246487e-05, 1.4982850189e-05, 4.74004664284e-05]
        var: [0.0997155681252, 0.0447325222194, 0.0133133176714, 0.00713146664202, 0.00250443536788, 0.00291952886619, 0.00252629350871, 0.00893128383905, 0.0630351752043, 0.0662632882595, 0.015086190775, 0.0163323115557, 0.0189331416041, 0.00989472679794, 0.028858685866, 0.0427069105208, 0.0411557890475, 0.0451379679143, 0.0289948508143, 0.0565646477044, 0.110671587288, 0.0838040336967, 0.0206285044551, 0.0252549294382, 0.0277801528573, 0.0157374348491, 0.0112616112456, 0.00671159289777, 0.00695025594905, 0.066766038537, 0.155404835939, 0.0444611795247, 0.0109344050288, 0.01386681851, 0.0343054570258, 0.0758937299252]
    chords_histogram: [50.9259262085, 0, 31.4814815521, 0, 0.925925910473, 0, 0, 0, 0, 0, 0, 0, 0, 0, 0, 0, 0, 10.6481485367, 0, 6.01851844788, 0, 0, 0, 0]
    thpcp: [1, 0.482217848301, 0.0441164523363, 0.0571639612317, 0.128798812628, 0.272069007158, 0.361215442419, 0.222615361214, 0.0663751587272, 0.0365841016173, 0.0252082422376, 0.0316858142614, 0.0360296145082, 0.0692819356918, 0.191284909844, 0.19936530292, 0.0903918370605, 0.0818458124995, 0.0862056240439, 0.0675762370229, 0.103107631207, 0.156503513455, 0.154565468431, 0.120220325887, 0.10252212733, 0.190138816833, 0.356461018324, 0.303049862385, 0.117717824876, 0.0809975713491, 0.0807736814022, 0.0600257925689, 0.0481081567705, 0.0354942269623, 0.064592808485, 0.590639710426]
    chords_key: "C"
    chords_scale: "major"
    key_key: "C"
    key_scale: "major"
    chords_progression: ["G", "G", "G", "G", "G", "G", "G", "G", "G", "G", "G", "G", "G", "G", "C", "C", "G", "G", "G", "G", "G", "G", "Cm", "C", "C", "C", "C", "C", "C", "C", "C", "C", "C", "C", "C", "C", "C", "C", "C", "C", "C", "C", "C", "C", "C", "C", "C", "C", "C", "C", "C", "C", "C", "C", "C", "C", "C", "C", "C", "C", "C", "C", "C", "C", "C", "C", "C", "C", "C", "G", "G", "G", "G", "G", "G", "G", "G", "G", "G", "G", "G", "G", "G", "G", "G", "G", "G", "G", "G", "G", "G", "G", "G", "G", "G", "G", "G", "G", "G", "G", "C", "C", "C", "C", "C", "C", "C", "C", "C", "C", "C", "C", "C", "C", "G", "G", "G", "C", "C", "C", "C", "C", "C", "C", "C", "Cm", "Cm", "Cm", "Cm", "Cm", "Cm", "Cm", "Cm", "Cm", "Cm", "Cm", "Cm", "Cm", "Cm", "Cm", "Cm", "Cm", "Cm", "Cm", "Cm", "Cm", "Cm", "C", "C", "C", "C", "C", "C", "C", "C", "C", "C", "C", "C", "C", "C", "C", "C", "C", "C", "C", "C", "C", "C", "C", "C", "C", "C", "C", "C", "C", "C", "C", "C", "C", "C", "C", "C", "C", "C", "C", "C", "G", "G", "G", "G", "G", "G", "G", "G", "G", "Gm", "Gm", "Gm", "Gm", "Gm", "Gm", "Gm", "Gm", "Gm", "Gm", "Gm", "Gm", "Gm", "G", "G", "G", "G", "G", "D", "D"]
