
metadata:
    version:
        essentia: "1.2.2"
    audio_properties:
        analysis_sample_rate: 44100
        bitrate: 128
        channels: 2
        equal_loudness: 1
        length: 10.0310201645
        replay_gain: -6.58428764343
        downmix: "mix"
    tags:
        track: 52
        year: 0
        album: "Splitted by Mp3Splt v. 2.1"
        artist: "From 008.30 To 008.40"
        comment: "http://mp3splt.sf.net"
        genre: ""
        title: "03 Fill 25.mp3"

highlevel:
    ballroom:
        all:
            ChaChaCha: 0.282238602638
            Jive: 0.122073836625
            Quickstep: 0.0405342765152
            Rumba-American: 0.00221898104064
            Rumba-International: 0.00549265975133
            Rumba-Misc: 0.00722792046145
            Samba: 0.536342740059
            Tango: 0.000680243014358
            VienneseWaltz: 0.0019230551552
            Waltz: 0.00126766902395
        probability: 0.536342740059
        value: "Samba"
    culture:
        all:
            non_western: 0.17882026732
            western: 0.821179747581
        probability: 0.821179747581
        value: "western"
    gender:
        all:
            female: 0.895329713821
            male: 0.104670256376
        probability: 0.895329713821
        value: "female"
    genre_dortmund:
        all:
            alternative: 0.00791306886822
            blues: 0.00570282666013
            electronic: 0.636199533939
            folkcountry: 0.00579071324319
            funksoulrnb: 0.0437757819891
            jazz: 0.0450317710638
            pop: 0.0263437423855
            raphiphop: 0.209842517972
            rock: 0.0194000396878
        probability: 0.636199533939
        value: "electronic"
    genre_electronica:
        all:
            ambient: 0.264742583036
            dnb: 0.074251703918
            house: 0.177157223225
            techno: 0.0953754633665
            trance: 0.388473033905
        probability: 0.388473033905
        value: "trance"
    genre_rosamerica:
        all:
            cla: 0.0206589978188
            dan: 0.478053033352
            hip: 0.10610806942
            jaz: 0.049634475261
            pop: 0.0247450228781
            rhy: 0.286557376385
            roc: 0.0187365766615
            spe: 0.0155064659193
        probability: 0.478053033352
        value: "dan"
    genre_tzanetakis:
        all:
            blu: 0.00220111361705
            cla: 0.00586468493566
            cou: 0.00573074631393
            dis: 0.0256416331977
            hip: 0.123705781996
            jaz: 0.00679657002911
            met: 0.00276953540742
            pop: 0.141980931163
            reg: 0.677499711514
            roc: 0.00780932512134
        probability: 0.677499711514
        value: "reg"
    live_studio:
        all:
            live: 0.0117085212842
            studio: 0.988291501999
        probability: 0.988291501999
        value: "studio"
    mood:
        all:
            Cluster1: 0.409546613693
            Cluster2: 0.282794266939
            Cluster3: 0.0214136727154
            Cluster4: 0.143978968263
            Cluster5: 0.142266467214
        probability: 0.409546613693
        value: "Cluster1"
    mood_acoustic:
        all:
            acoustic: 0.0391840785742
            not_acoustic: 0.960815906525
        probability: 0.960815906525
        value: "not_acoustic"
    mood_aggressive:
        all:
            aggressive: 0.160652905703
            not_aggressive: 0.8393471241
        probability: 0.8393471241
        value: "not_aggressive"
    mood_electronic:
        all:
            electronic: 0.968183398247
            not_electronic: 0.0318165756762
        probability: 0.968183398247
        value: "electronic"
    mood_happy:
        all:
            happy: 0.207568764687
            not_happy: 0.792431235313
        probability: 0.792431235313
        value: "not_happy"
    mood_party:
        all:
            not_party: 0.152929633856
            party: 0.847070336342
        probability: 0.847070336342
        value: "party"
    mood_relaxed:
        all:
            not_relaxed: 0.430779635906
            relaxed: 0.569220364094
        probability: 0.569220364094
        value: "relaxed"
    mood_sad:
        all:
            not_sad: 0.851725637913
            sad: 0.148274376988
        probability: 0.851725637913
        value: "not_sad"
    rhythm:
        all:
            fast: 0.185971289873
            medium: 0.431895166636
            slow: 0.382133543491
        probability: 0.431895166636
        value: "medium"
    speech_music:
        all:
            music: 0.987743377686
            speech: 0.012256635353
        probability: 0.987743377686
        value: "music"
    timbre:
        all:
            bright: 0.572923004627
            dark: 0.427076995373
        probability: 0.572923004627
        value: "bright"
    voice_instrumental:
        all:
            instrumental: 0.421998500824
            voice: 0.578001499176
        probability: 0.578001499176
        value: "voice"

lowlevel:
    average_loudness: 0.740259408951
    barkbands_kurtosis:
        dmean: 3.54074048996
        dmean2: 5.33403348923
        dvar: 42.9925193787
        dvar2: 73.2760467529
        max: 60.2992973328
        mean: 2.76064753532
        min: -1.88311338425
        var: 66.2213134766
    barkbands_skewness:
        dmean: 0.806447088718
        dmean2: 1.20495820045
        dvar: 0.561196863651
        dvar2: 1.08167433739
        max: 6.11482143402
        mean: 0.204974025488
        min: -3.11985015869
        var: 2.01414060593
    barkbands_spread:
        dmean: 9.54482460022
        dmean2: 14.4464788437
        dvar: 92.5531463623
        dvar2: 175.198654175
        max: 57.2468833923
        mean: 25.276971817
        min: 1.27487921715
        var: 201.185592651
    dissonance:
        dmean: 0.0312904603779
        dmean2: 0.0512318648398
        dvar: 0.00105889723636
        dvar2: 0.00229538185522
        max: 0.499722182751
        mean: 0.451039642096
        min: 0.238047674298
        var: 0.00182206509635
    hfc:
        dmean: 3.53927111626
        dmean2: 5.67331695557
        dvar: 23.9631061554
        dvar2: 59.8523712158
        max: 50.1265716553
        mean: 4.71732139587
        min: 0.0785554945469
        var: 30.5812225342
    pitch:
        dmean: 986.926940918
        dmean2: 1921.01782227
        dvar: 2123852.25
        dvar2: 4150827.75
        max: 4410
        mean: 1471.4296875
        min: 77.7777786255
        var: 2711933.5
    pitch_instantaneous_confidence:
        dmean: 0.118973821402
        dmean2: 0.189989924431
        dvar: 0.0101636555046
        dvar2: 0.0218018256128
        max: 0.899818122387
        mean: 0.539826989174
        min: 0.149939537048
        var: 0.0231895986944
    pitch_salience:
        dmean: 0.0802518054843
        dmean2: 0.125851660967
        dvar: 0.00628328835592
        dvar2: 0.013614767231
        max: 0.83015358448
        mean: 0.603151977062
        min: 0.210382059216
        var: 0.0159804560244
    silence_rate_20dB:
        dmean: 0
        dmean2: 0
        dvar: 0
        dvar2: 0
        max: 1
        mean: 1
        min: 1
        var: 0
    silence_rate_30dB:
        dmean: 0
        dmean2: 0
        dvar: 0
        dvar2: 0
        max: 1
        mean: 1
        min: 1
        var: 0
    silence_rate_60dB:
        dmean: 0.18097448349
        dmean2: 0.362790703773
        dvar: 0.148223236203
        dvar2: 0.26838234067
        max: 1
        mean: 0.708333313465
        min: 0
        var: 0.206596240401
    spectral_centroid:
        dmean: 503.920898438
        dmean2: 782.882385254
        dvar: 299504.75
        dvar2: 605582.9375
        max: 3830.81689453
        mean: 1604.6003418
        min: 280.366455078
        var: 652310.625
    spectral_complexity:
        dmean: 4.09557104111
        dmean2: 6.49299049377
        dvar: 22.4454421997
        dvar2: 49.4976577759
        max: 37
        mean: 7.60465097427
        min: 0
        var: 41.5785942078
    spectral_crest:
        dmean: 3.03627800941
        dmean2: 4.77628469467
        dvar: 7.69455957413
        dvar2: 15.4622535706
        max: 25.0722694397
        mean: 10.4324169159
        min: 3.33881926537
        var: 22.484462738
    spectral_decrease:
        dmean: 4.34600494481e-10
        dmean2: 6.76650735443e-10
        dvar: 5.25949454204e-19
        dvar2: 1.27390539602e-18
        max: -3.02719689593e-11
        mean: -6.75768829783e-10
        min: -7.62858842762e-09
        var: 7.33032517895e-19
    spectral_energy:
        dmean: 0.00194648164324
        dmean2: 0.00304216844961
        dvar: 9.76727369562e-06
        dvar2: 2.37858985201e-05
        max: 0.0333386212587
        mean: 0.00297838286497
        min: 0.000142089265864
        var: 1.34566471388e-05
    spectral_energyband_high:
        dmean: 0.00028028950328
        dmean2: 0.000460882787593
        dvar: 1.47558722574e-07
        dvar2: 3.53892460225e-07
        max: 0.00436179665849
        mean: 0.000289506599074
        min: 1.23061099089e-07
        var: 1.99971012194e-07
    spectral_energyband_low:
        dmean: 0.000166236117366
        dmean2: 0.000270577380434
        dvar: 1.58565541142e-07
        dvar2: 4.07162872307e-07
        max: 0.00230540917255
        mean: 0.000165274032042
        min: 4.2520309762e-07
        var: 1.33787011691e-07
    spectral_energyband_middle_high:
        dmean: 0.000797365501057
        dmean2: 0.00129651790485
        dvar: 3.58278293788e-06
        dvar2: 9.65357594396e-06
        max: 0.0229952763766
        mean: 0.00124705734197
        min: 9.40662266657e-06
        var: 3.53764175998e-06
    spectral_energyband_middle_low:
        dmean: 0.000923729792703
        dmean2: 0.00156122888438
        dvar: 3.53508266926e-06
        dvar2: 8.73168937687e-06
        max: 0.0178113095462
        mean: 0.00127642776351
        min: 9.94788388198e-06
        var: 5.26386293132e-06
    spectral_flatness_db:
        dmean: 0.0346629545093
        dmean2: 0.0521847195923
        dvar: 0.00124897598289
        dvar2: 0.00304345902987
        max: 0.343280881643
        mean: 0.170485153794
        min: 0.0806599259377
        var: 0.00251026311889
    spectral_flux:
        dmean: 0.0154683953151
        dmean2: 0.0238560829312
        dvar: 0.000312120944727
        dvar2: 0.000481613154989
        max: 0.132739260793
        mean: 0.0336897596717
        min: 0.00509115448222
        var: 0.000575542799197
    spectral_kurtosis:
        dmean: 4.97408676147
        dmean2: 7.73015117645
        dvar: 62.9330329895
        dvar2: 152.167068481
        max: 52.1509132385
        mean: 5.73982381821
        min: 0.470313310623
        var: 63.5073127747
    spectral_rms:
        dmean: 0.000497429748066
        dmean2: 0.000735896639526
        dvar: 3.12012758741e-07
        dvar2: 7.35255014206e-07
        max: 0.00570311164483
        mean: 0.00150139373727
        min: 0.0003723220143
        var: 6.51558366371e-07
    spectral_rolloff:
        dmean: 927.583984375
        dmean2: 1649.60424805
        dvar: 1333290.25
        dvar2: 2528401.75
        max: 4909.5703125
        mean: 2805.87744141
        min: 430.6640625
        var: 2045300.375
    spectral_skewness:
        dmean: 0.620869457722
        dmean2: 0.88637638092
        dvar: 0.589253842831
        dvar2: 1.29976248741
        max: 5.61287117004
        mean: 1.59696125984
        min: 0.423343479633
        var: 0.856247246265
    spectral_spread:
        dmean: 1206718
        dmean2: 1713094.375
        dvar: 1.42369790362e+12
        dvar2: 3.13008324608e+12
        max: 10725390
        mean: 4913317
        min: 1310487.75
        var: 2.74482515149e+12
    spectral_strongpeak:
        dmean: 0.383907943964
        dmean2: 0.663977861404
        dvar: 0.323119342327
        dvar2: 0.823789834976
        max: 4.68738889694
        mean: 0.688486099243
        min: 0.00996568985283
        var: 0.450021892786
    zerocrossingrate:
        dmean: 0.0170010644943
        dmean2: 0.0203788969666
        dvar: 0.000229403129197
        dvar2: 0.000296890910249
        max: 0.17041015625
        mean: 0.0851392149925
        min: 0.01953125
        var: 0.00124084064737
    barkbands:
        dmean: [1.83903921425e-06, 7.83738360042e-05, 0.000110249187856, 0.000171531952219, 0.000348855624907, 0.000102606863948, 0.000322735199006, 6.74035472912e-05, 6.84429032844e-05, 2.8041720725e-05, 4.26707047154e-05, 4.94755440741e-05, 0.000101302372059, 0.000178938353201, 0.000149234081618, 5.27702723048e-05, 4.45404839411e-05, 5.12229817105e-05, 9.00097074918e-05, 0.00032845250098, 0.000156176349265, 3.44137406501e-05, 1.1707307749e-05, 3.26839085574e-06, 1.87116665984e-06, 4.50384796125e-08, 4.40659536638e-10]
        dmean2: [2.9797508887e-06, 0.000130473694298, 0.000201093454962, 0.000324285705574, 0.000661193858832, 0.000176196845132, 0.000453971326351, 0.000110815948574, 0.000111657209345, 4.49362778454e-05, 6.24623280601e-05, 7.80214613769e-05, 0.000176094632479, 0.00030095531838, 0.000263681140495, 8.36802719277e-05, 7.01864919392e-05, 7.57084562792e-05, 0.000147573766299, 0.000549232703634, 0.000267137947958, 5.25840296177e-05, 1.99812566279e-05, 5.11627240485e-06, 3.0221256111e-06, 7.05776486143e-08, 5.70763436514e-10]
        dvar: [7.27654568544e-12, 3.56238167853e-08, 1.085088428e-07, 2.64030177277e-07, 9.7533927601e-07, 1.10861805069e-07, 7.7357566397e-07, 3.73577258017e-08, 4.39571294919e-08, 4.05350641941e-09, 2.83362524556e-08, 1.04297406267e-08, 4.55682922507e-08, 4.55220060758e-07, 6.4535885258e-07, 9.67815605435e-09, 5.38165068065e-09, 1.00093018318e-08, 1.38285924933e-08, 1.40372449664e-07, 7.52035873575e-08, 1.4923916547e-09, 1.78699610665e-10, 1.14041467242e-11, 3.97122612572e-12, 3.12674546831e-15, 3.03527175983e-17]
        dvar2: [1.89332317185e-11, 9.17909872555e-08, 3.07437403535e-07, 7.61735179822e-07, 2.81120355794e-06, 2.90166013883e-07, 1.45946137309e-06, 8.66119194143e-08, 8.1118578521e-08, 8.00028487902e-09, 4.01522690652e-08, 2.65159645352e-08, 1.31387253077e-07, 1.29350428324e-06, 1.87911018656e-06, 2.41926567668e-08, 1.16896980984e-08, 2.1394109595e-08, 3.38074173101e-08, 3.27720186988e-07, 2.01076730377e-07, 3.3073959127e-09, 4.39837138932e-10, 2.63349619889e-11, 9.68756845576e-12, 7.09285230647e-15, 3.02102804055e-17]
        max: [1.58963339345e-05, 0.00128434167709, 0.00190318725072, 0.00270836777054, 0.00657084304839, 0.00446079811081, 0.0147799775004, 0.00244106352329, 0.00314800534397, 0.00118757970631, 0.00379769410938, 0.00111329171341, 0.00167593359947, 0.00720918085426, 0.00943015795201, 0.000920266029425, 0.000610926421359, 0.00137040321715, 0.00117869093083, 0.00227359472774, 0.00301224249415, 0.000386321538826, 6.13908050582e-05, 2.05290016311e-05, 1.1550761883e-05, 3.53121464514e-07, 1.14862352518e-07]
        mean: [2.79177879747e-06, 8.5168525402e-05, 7.74309955887e-05, 0.000115110407933, 0.000230988822295, 8.08260811027e-05, 0.000597481615841, 0.000110693923489, 0.000128227198729, 3.67997599824e-05, 8.86952911969e-05, 0.00010620476678, 0.000123029050883, 0.000219586567255, 0.000138955656439, 7.60135662858e-05, 6.27240951871e-05, 6.9514309871e-05, 0.000105143044493, 0.000330970709911, 0.000143988669151, 3.41542181559e-05, 9.19837202673e-06, 3.03793899548e-06, 1.60649574354e-06, 4.18287271486e-08, 4.33683561285e-10]
        min: [2.41919873023e-10, 4.91532281544e-09, 1.03178070532e-08, 3.84128142628e-08, 3.24538802943e-07, 8.12640905679e-08, 5.65435016142e-07, 1.52575552193e-07, 3.00642511775e-07, 3.8200582253e-07, 7.08485060841e-07, 1.22494100196e-07, 2.44715124609e-07, 4.76868642352e-08, 1.15417769564e-07, 5.09428268458e-08, 4.56454003483e-08, 1.26309970483e-07, 2.40147670638e-07, 8.25739192578e-08, 6.10244583754e-08, 8.30188184864e-09, 1.87607041013e-10, 6.96258994903e-10, 4.33728553073e-10, 2.15617228932e-11, 4.97090487262e-13]
        var: [7.16598265102e-12, 3.07663796661e-08, 6.39636610344e-08, 1.46951350644e-07, 5.53309916995e-07, 8.53150083913e-08, 1.73746605014e-06, 1.03437201915e-07, 1.83667509646e-07, 7.78249464872e-09, 1.28274720623e-07, 3.55133877861e-08, 6.18923436946e-08, 3.42551203403e-07, 3.69294497204e-07, 1.50147023703e-08, 1.01579837875e-08, 1.86449113926e-08, 2.23782876674e-08, 1.79212250373e-07, 7.48916093585e-08, 2.10520956223e-09, 1.65466043645e-10, 1.53140399667e-11, 4.50710432517e-12, 3.79353700417e-15, 3.05706432937e-17]
    mfcc:
        mean: [-772.566040039, 103.629867554, -35.5048789978, 43.7957649231, -23.7602672577, 5.2407336235, 3.60745573044, -13.605017662, -3.22385954857, 6.52601575851, 4.60103797913, 4.85706520081, 5.08403730392]
        cov: [[5719.54443359, -2650.49243164, -141.33921814, 300.24130249, -9.06546211243, -75.3609924316, -191.768737793, -215.929367065, 17.0746631622, -59.3695144653, -231.057479858, -197.390365601, -205.091674805], [-2650.49243164, 2381.43798828, -440.279510498, -324.360656738, 240.553955078, 141.962158203, 124.319732666, 118.951164246, 52.8127632141, -11.3966598511, 55.021320343, 62.6295166016, -1.42115592957], [-141.33921814, -440.279510498, 1695.35144043, 457.319976807, -543.798278809, -543.111450195, -220.24369812, 108.887245178, -188.015411377, -120.048652649, 61.5972518921, -77.5467681885, 81.5127639771], [300.24130249, -324.360656738, 457.319976807, 617.605407715, -88.8910903931, -372.93359375, -149.309310913, -14.5546998978, 22.6432228088, -68.3030548096, -94.7454223633, -5.48444652557, 32.3339347839], [-9.06546211243, 240.553955078, -543.798278809, -88.8910903931, 440.894561768, 438.684326172, 157.773620605, -35.3184623718, 44.0701675415, 24.3564224243, -48.7541160583, 4.6598739624, -8.51065063477], [-75.3609924316, 141.962158203, -543.111450195, -372.93359375, 438.684326172, 844.898864746, 406.235076904, -19.4404258728, -2.73870944977, 64.2352676392, 13.232632637, -11.6027851105, -17.2790222168], [-191.768737793, 124.319732666, -220.24369812, -149.309310913, 157.773620605, 406.235076904, 293.281341553, 42.9423675537, 15.041352272, 47.599445343, 27.4230041504, 9.52498245239, 1.21502780914], [-215.929367065, 118.951164246, 108.887245178, -14.5546998978, -35.3184623718, -19.4404258728, 42.9423675537, 106.95640564, 26.4302787781, 25.7949485779, 51.4132156372, 16.6853218079, 27.1092414856], [17.0746631622, 52.8127632141, -188.015411377, 22.6432228088, 44.0701675415, -2.73870944977, 15.041352272, 26.4302787781, 103.729232788, 58.8668174744, 7.01613616943, 33.4108543396, 5.1662311554], [-59.3695144653, -11.3966598511, -120.048652649, -68.3030548096, 24.3564224243, 64.2352676392, 47.599445343, 25.7949485779, 58.8668174744, 97.3078842163, 64.3142547607, 39.2687301636, 14.0905590057], [-231.057479858, 55.021320343, 61.5972518921, -94.7454223633, -48.7541160583, 13.232632637, 27.4230041504, 51.4132156372, 7.01613616943, 64.3142547607, 125.134384155, 56.6654815674, 20.3435497284], [-197.390365601, 62.6295166016, -77.5467681885, -5.48444652557, 4.6598739624, -11.6027851105, 9.52498245239, 16.6853218079, 33.4108543396, 39.2687301636, 56.6654815674, 76.2594223022, 32.6885948181], [-205.091674805, -1.42115592957, 81.5127639771, 32.3339347839, -8.51065063477, -17.2790222168, 1.21502780914, 27.1092414856, 5.1662311554, 14.0905590057, 20.3435497284, 32.6885948181, 76.9876098633]]
        icov: [[0.000563677225728, 0.000726575497538, 2.54642109212e-05, 0.000262661604211, -0.000645586347673, 0.000421469652792, -0.000126419821754, 3.12503616442e-05, -0.000963603786658, 0.000906182045583, -0.000291838659905, 0.00074044225039, 0.00105350464582], [0.000726575497538, 0.00167913327459, -0.000547971168999, 0.00183453678619, -0.002981439, 0.00268462509848, -0.00218886113726, 0.000600772444159, -0.00254199490882, 0.00272387894802, -0.000593341537751, 0.000283347588265, 0.00158072833437], [2.54642109212e-05, -0.000547971168999, 0.00523882033303, -0.0065273498185, 0.00807646755129, -0.00715779839084, 0.00738204549998, -0.00669585587457, 0.00690056663007, -0.00048227966181, -0.00472868047655, 0.00638261344284, -0.0030553038232], [0.000262661604211, 0.00183453678619, -0.0065273498185, 0.0125312805176, -0.0137638486922, 0.0146251022816, -0.0138978241012, 0.0100760264322, -0.0107184993103, 0.00425329711288, 0.00529841147363, -0.00625935196877, 0.00201225094497], [-0.000645586347673, -0.002981439, 0.00807646755129, -0.0137638486922, 0.0250729452819, -0.0237557869405, 0.0215499959886, -0.0140444785357, 0.0109224114567, -0.00532316276804, 0.000798411550932, 0.00202485453337, -0.00332948565483], [0.000421469652792, 0.00268462509848, -0.00715779839084, 0.0146251022816, -0.0237557869405, 0.0288374107331, -0.028801811859, 0.018204588443, -0.0106504578143, 0.00542664108798, -0.00219853082672, 0.00155842700042, 0.000139619238325], [-0.000126419821754, -0.00218886113726, 0.00738204549998, -0.0138978241012, 0.0215499959886, -0.028801811859, 0.0347307361662, -0.0226881038398, 0.0137980049476, -0.00876242108643, 0.00434750458226, -0.00255109230056, 0.00161492906045], [3.12503616442e-05, 0.000600772444159, -0.00669585587457, 0.0100760264322, -0.0140444785357, 0.018204588443, -0.0226881038398, 0.0344880260527, -0.0226531140506, 0.0126933632419, -0.0142649374902, 0.00958042126149, -0.00740224262699], [-0.000963603786658, -0.00254199490882, 0.00690056663007, -0.0107184993103, 0.0109224114567, -0.0106504578143, 0.0137980049476, -0.0226531140506, 0.0445533916354, -0.0306755267084, 0.0173369105905, -0.0115879746154, 0.00412119459361], [0.000906182045583, 0.00272387894802, -0.00048227966181, 0.00425329711288, -0.00532316276804, 0.00542664108798, -0.00876242108643, 0.0126933632419, -0.0306755267084, 0.0450916215777, -0.02861007303, 0.0138916904107, -0.00704591907561], [-0.000291838659905, -0.000593341537751, -0.00472868047655, 0.00529841147363, 0.000798411550932, -0.00219853082672, 0.00434750458226, -0.0142649374902, 0.0173369105905, -0.02861007303, 0.0475724637508, -0.0365221984684, 0.0135515341535], [0.00074044225039, 0.000283347588265, 0.00638261344284, -0.00625935196877, 0.00202485453337, 0.00155842700042, -0.00255109230056, 0.00958042126149, -0.0115879746154, 0.0138916904107, -0.0365221984684, 0.0525180771947, -0.0193238575011], [0.00105350464582, 0.00158072833437, -0.0030553038232, 0.00201225094497, -0.00332948565483, 0.000139619238325, 0.00161492906045, -0.00740224262699, 0.00412119459361, -0.00704591907561, 0.0135515341535, -0.0193238575011, 0.0260957647115]]
    spectral_contrast:
        mean: [3.26309432808e-08, -2.26930822578e-07, -2.6969368605e-07, 6.45410864308e-07, -1.41647660712e-07, 7.23537993963e-07, 2.4884245704e-06, 3.94776816393e-06, -1.48041306147e-06, 1.43286797538e-06, -2.13107387026e-06, -1.44347200148e-06]
        var: [0.000249428412644, 0.000816355692223, 0.0014317111345, 0.00316916778684, 0.00447433954105, 0.00646092370152, 0.0663387253881, 0.208050057292, 0.501617908478, 0.654518663883, 0.928538143635, 3.23545622826]

rhythm:
    beats_loudness:
        dmean: 0.00429932493716
        dmean2: 0.00798806268722
        dvar: 2.24155082833e-05
        dvar2: 5.61680571991e-05
        max: 0.022472281009
        mean: 0.00619719224051
        min: 0.00258073420264
        var: 1.79469698196e-05
    beats_loudness_bass:
        dmean: 0.194793120027
        dmean2: 0.379065722227
        dvar: 0.0197025407106
        dvar2: 0.0571454316378
        max: 0.743967413902
        mean: 0.389222055674
        min: 0.0498273409903
        var: 0.0419751480222
    bpm: 124.348510742
    bpm_confidence: 0
    first_peak_bpm: 124
    first_peak_spread: 0
    first_peak_weight: 0.949999988079
    onset_rate: 7.97526025772
    second_peak_bpm: 115
    second_peak_spread: 0
    second_peak_weight: 0.0500000007451
    beats_position: [0.0577146224678, 0.54032355547, 1.02293252945, 1.50554132462, 1.98815023899, 2.47075915337, 2.95336818695, 3.43597722054, 3.91858625412, 4.40119552612, 4.88380432129, 5.36641359329, 5.8490228653, 6.37089538574, 6.85333538055, 7.33577489853, 7.81821489334, 8.30065441132, 8.78309440613, 9.26553440094, 9.74797344208]
    bpm_estimates: [124.484169006, 124.304077148, 124.449455261, 124.21762085, 124.277786255, 124.294998169, 124.286460876, 124.279930115, 124.486274719, 124.321426392, 124.468788147, 124.328720093, 124.337081909, 124.5260849, 124.298858643, 124.272186279, 124.323600769, 124.315803528]
    bpm_intervals: [0.482608944178, 0.48260897398, 0.482608795166, 0.482608914375, 0.482608914375, 0.482609033585, 0.482609033585, 0.482609033585, 0.482609272003, 0.482608795166, 0.482609272003, 0.482609272003, 0.521872520447, 0.482439994812, 0.482439517975, 0.482439994812, 0.482439517975, 0.482439994812, 0.482439994812, 0.482439041138]
    onset_times: [0.0464399084449, 0.174149662256, 0.301859408617, 0.417959183455, 0.53405892849, 0.777868509293, 0.917188227177, 1.02167797089, 1.14938771725, 1.26548755169, 1.39319729805, 1.50929701328, 1.64861679077, 1.75310659409, 1.88081634045, 1.98530614376, 2.12462592125, 2.24072551727, 2.36843538284, 2.47292518616, 2.60063481331, 2.72834467888, 2.85605430603, 2.96054410934, 3.09986400604, 3.20435380936, 3.34367346764, 3.44816327095, 3.5758728981, 3.69197273254, 3.92417240143, 4.06349229813, 4.17959165573, 4.31891155243, 4.41179132462, 4.55111122131, 4.66721105576, 4.80653047562, 4.8994102478, 5.0387301445, 5.14321994781, 5.28253984451, 5.38702964783, 5.51473903656, 5.630838871, 5.7701587677, 5.87464857101, 6.00235843658, 6.11845827103, 6.25777769089, 6.3622674942, 6.48997735977, 6.60607719421, 6.74539661407, 6.8382768631, 6.97759628296, 7.0936961174, 7.22140598297, 7.32589578629, 7.46521520615, 7.58131504059, 7.70902490616, 7.81351470947, 7.95283460617, 8.05732440948, 8.19664382935, 8.3011341095, 8.42884349823, 8.54494285583, 8.78875255585, 8.91646289825, 9.03256225586, 9.17188167572, 9.26476192474, 9.4040813446, 9.52018165588, 9.64789104462, 9.75238132477, 9.89170074463, 9.99619007111]
    rubato_start: []
    rubato_stop: []
    perceptual_tempo: "unknown"

sfx:
    inharmonicity:
        dmean: 0.0595685727894
        dmean2: 0.104929178953
        dvar: 0.00448441179469
        dvar2: 0.0117551349103
        max: 0.406340837479
        mean: 0.065581843257
        min: 4.70807492547e-07
        var: 0.00516353966668
    oddtoevenharmonicenergyratio:
        dmean: 16.5821743011
        dmean2: 29.6719589233
        dvar: 8897.79394531
        dvar2: 22805.640625
        max: 1378.26855469
        mean: 10.3495254517
        min: 5.78605504415e-05
        var: 6003.85546875
    pitch_after_max_to_before_max_energy_ratio: 99.8698196411
    pitch_centroid: 226.492843628
    pitch_max_to_total: 0.0302325580269
    pitch_min_to_total: 0.737209320068
    tristimulus:
        dmean: [0.2262955755, 0.298973500729, 0.133093833923]
        dmean2: [0.395282715559, 0.526797473431, 0.23076890409]
        dvar: [0.0531041733921, 0.0651057884097, 0.0185404326767]
        dvar2: [0.132245078683, 0.161424443126, 0.0472032725811]
        max: [0.98980152607, 0.98423230648, 0.709695279598]
        mean: [0.336498945951, 0.468699902296, 0.128967776895]
        min: [0.0079274168238, 0, 0]
        var: [0.0787095502019, 0.0901700630784, 0.0236411560327]

tonal:
    chords_changes_rate: 0.0185185186565
    chords_number_rate: 0.0185185186565
    chords_strength:
        dmean: 0.00600331369787
        dmean2: 0.00692373001948
        dvar: 2.5378760256e-05
        dvar2: 2.9185152016e-05
        max: 0.595624148846
        mean: 0.475631117821
        min: 0.306102067232
        var: 0.00491533754393
    key_strength: 0.664197921753
    tuning_diatonic_strength: 0.561156570911
    tuning_equal_tempered_deviation: 0.0950717926025
    tuning_frequency: 440.508575439
    tuning_nontempered_energy_ratio: 0.66253900528
    hpcp:
        dmean: [0.129888370633, 0.172773137689, 0.191913768649, 0.197862580419, 0.219679638743, 0.185714140534, 0.185397714376, 0.116812258959, 0.0622356384993, 0.0673637762666, 0.098501548171, 0.145426332951, 0.172989830375, 0.130473822355, 0.100743964314, 0.0934308692813, 0.0917119756341, 0.156604245305, 0.183293685317, 0.110090970993, 0.058600358665, 0.0666828528047, 0.0596553944051, 0.0938512608409, 0.11663698405, 0.0844002813101, 0.0441683121026, 0.0642201676965, 0.142973780632, 0.173735633492, 0.139283880591, 0.089999884367, 0.15558090806, 0.2241666466, 0.160838901997, 0.132159858942]
        dmean2: [0.22261685133, 0.295847088099, 0.301424831152, 0.355838835239, 0.373570978642, 0.319313585758, 0.310992211103, 0.191140249372, 0.102349996567, 0.114027075469, 0.169435307384, 0.234157115221, 0.275714933872, 0.214707612991, 0.173500806093, 0.165386527777, 0.158642724156, 0.24908721447, 0.313308686018, 0.186317056417, 0.103585578501, 0.117828853428, 0.10383464396, 0.154367625713, 0.197829812765, 0.142926409841, 0.0767573863268, 0.108093321323, 0.233563303947, 0.296456634998, 0.236824855208, 0.157501861453, 0.26079890132, 0.377526283264, 0.269117712975, 0.23838570714]
        dvar: [0.0326101519167, 0.0426656864583, 0.0265070423484, 0.0511455573142, 0.029318427667, 0.0251270066947, 0.03507931903, 0.0160430967808, 0.00787418615073, 0.00678678508848, 0.0121789975092, 0.0230504292995, 0.0341125801206, 0.0257132910192, 0.0215638224036, 0.0205024704337, 0.00900018494576, 0.0203063525259, 0.0411196760833, 0.0167492739856, 0.0115536758676, 0.0224264282733, 0.0106661375612, 0.0138286203146, 0.0273108463734, 0.0211219582707, 0.00552790053189, 0.00586315244436, 0.0394647233188, 0.0466744787991, 0.0378060266376, 0.0125871160999, 0.0308026447892, 0.0623150542378, 0.0293480474502, 0.0403057709336]
        dvar2: [0.0857710540295, 0.0990260988474, 0.0739097744226, 0.114548943937, 0.0755302384496, 0.0590620934963, 0.0766319558024, 0.0367423631251, 0.0182696171105, 0.0170491226017, 0.0285076331347, 0.0646228939295, 0.0736084133387, 0.0490816384554, 0.0550382547081, 0.0558039546013, 0.0242202542722, 0.0463437847793, 0.0779469832778, 0.0430335327983, 0.0300643369555, 0.0605622641742, 0.029309829697, 0.0363680310547, 0.0684389919043, 0.0589931197464, 0.0151709532365, 0.0151499798521, 0.101442292333, 0.134015277028, 0.0994534865022, 0.0346925072372, 0.0919459685683, 0.14659704268, 0.0656107142568, 0.116149172187]
        max: [1, 1, 1, 1, 1, 1, 1, 0.806159079075, 0.650977551937, 0.492023795843, 1, 1, 1, 1, 1, 1, 0.573209881783, 1, 1, 1, 0.664265275002, 1, 0.679118394852, 1, 1, 1, 0.72189861536, 0.603660166264, 1, 1, 1, 0.61952060461, 1, 1, 1, 1]
        mean: [0.125700131059, 0.175277367234, 0.436514616013, 0.668886840343, 0.436351150274, 0.260759890079, 0.273785233498, 0.168342277408, 0.0929691195488, 0.0753883346915, 0.109833322465, 0.206300809979, 0.249673068523, 0.173853114247, 0.108986675739, 0.0958587527275, 0.103114172816, 0.306046038866, 0.430181741714, 0.208343923092, 0.05321630463, 0.0584351830184, 0.056462161243, 0.15231578052, 0.194721221924, 0.0915859565139, 0.0455482192338, 0.0790876448154, 0.179720580578, 0.232061728835, 0.160237908363, 0.107161439955, 0.204697802663, 0.294108599424, 0.214499667287, 0.122399486601]
        min: [0.00020083252457, 0.00172727019526, 0.0133027276024, 0.0184412449598, 0.0114718526602, 0.000695484923199, 0.000475501117762, 0.00036540243309, 0.000382315105526, 0.000192882536794, 0.000551992154215, 0.00303984433413, 0.00512043759227, 0.00171923765447, 0.000172203435795, 0.000249582139077, 0.0016840507742, 0.00681551685557, 0.00541078206152, 0.0027659276966, 7.83166033216e-05, 8.95080302143e-05, 9.29711750359e-05, 0.000386190367863, 0.000982249737717, 0.000887875852641, 0.000327821762767, 0.000173146865563, 0.000859585008584, 0.00436377106234, 0.00590843288228, 0.00299728615209, 0.00399197824299, 0.00444298237562, 0.00243858457543, 0.000144167846884]
        var: [0.0322374552488, 0.0518778525293, 0.0603186115623, 0.125545725226, 0.0633215978742, 0.0527046062052, 0.0837559774518, 0.0351506434381, 0.0157412942499, 0.00958144571632, 0.0163680184633, 0.039125341922, 0.0618947669864, 0.0451361909509, 0.0251824967563, 0.0192490648478, 0.0112134637311, 0.0533328838646, 0.124126248062, 0.0336068198085, 0.0100897615775, 0.0167939271778, 0.00774125149474, 0.0361157953739, 0.0658537745476, 0.0195396114141, 0.0049432660453, 0.00784741155803, 0.0558745935559, 0.0638260394335, 0.036903899163, 0.0110851451755, 0.0322915054858, 0.0809185579419, 0.0401469059289, 0.0327326394618]
    chords_histogram: [4.62962961197, 1.85185182095, 0, 0, 0, 0, 0, 87.0370407104, 0, 0, 0, 0, 0, 0, 0, 0, 0, 0, 0, 0, 0, 0, 6.48148155212, 0]
    thpcp: [1, 0.652354240417, 0.389841556549, 0.409314721823, 0.251675277948, 0.138990804553, 0.112707160413, 0.164203137159, 0.308424085379, 0.373266518116, 0.25991410017, 0.162937387824, 0.143310859799, 0.154157876968, 0.457545310259, 0.643130838871, 0.311478585005, 0.0795595049858, 0.0873618349433, 0.0844121277332, 0.227715313435, 0.291112363338, 0.136922940612, 0.0680955499411, 0.118237704039, 0.268686085939, 0.346937209368, 0.239559069276, 0.160208627582, 0.306027561426, 0.439698576927, 0.320681542158, 0.182989820838, 0.187924355268, 0.262043386698, 0.652598619461]
    chords_key: "D#"
    chords_scale: "major"
    key_key: "D#"
    key_scale: "minor"
    chords_progression: ["G#m", "G#m", "G#m", "G#m", "G#m", "G#m", "G#m", "G#m", "G#m", "G#m", "G#m", "G#m", "G#m", "G#m", "F#", "F#", "F#", "F#", "D#", "D#", "D#", "D#", "D#", "D#", "D#", "D#", "D#", "D#", "D#", "D#", "D#", "D#", "D#", "D#", "D#", "D#", "D#", "D#", "D#", "D#", "D#", "D#", "D#", "D#m", "D#m", "D#m", "D#m", "D#m", "D#m", "D#m", "D#m", "D#m", "D#m", "D#", "D#", "D#", "D#", "D#", "D#", "D#", "D#", "D#", "D#", "D#", "D#", "D#", "D#", "D#", "D#", "D#", "D#", "D#", "D#", "D#", "D#", "D#", "D#", "D#", "D#", "D#", "D#", "D#", "D#", "D#", "D#", "D#", "D#", "D#", "D#", "D#", "D#", "D#", "D#", "D#", "D#", "D#", "D#", "D#", "D#", "D#", "D#", "D#", "D#", "D#", "D#", "D#", "D#", "D#", "D#", "D#", "D#", "D#", "D#", "D#", "D#", "D#", "D#", "D#", "D#", "D#", "D#", "D#", "D#", "D#", "D#", "D#", "D#", "D#", "D#", "D#", "D#", "D#", "D#", "D#", "D#", "D#", "D#", "D#", "D#", "D#", "D#", "D#", "D#", "D#", "D#", "D#", "D#", "D#", "D#", "D#", "D#", "D#", "D#", "D#", "D#", "D#", "D#", "D#", "D#", "D#", "D#", "D#", "D#", "D#", "D#", "D#", "D#", "D#", "D#", "D#", "D#", "D#", "D#", "D#", "D#", "D#", "D#", "D#", "D#", "D#", "D#", "D#", "D#", "D#", "D#", "D#", "D#", "D#", "D#", "D#", "D#", "D#", "D#", "D#", "D#", "D#", "D#", "D#", "D#", "D#", "D#", "D#", "D#", "D#", "D#", "D#", "D#", "D#", "D#", "D#", "D#", "D#", "D#", "D#", "D#", "D#"]
