
metadata:
    version:
        essentia: "1.2.2"
    audio_properties:
        analysis_sample_rate: 44100
        bitrate: 128
        channels: 2
        equal_loudness: 1
        length: 10.0571432114
        replay_gain: -13.429101944
        downmix: "mix"
    tags:
        track: 15
        year: 0
        album: "Splitted by Mp3Splt v. 2.1"
        artist: "From 002.20 To 002.30"
        comment: "http://mp3splt.sf.net"
        genre: ""
        title: "12 Find Out.mp3"

highlevel:
    ballroom:
        all:
            ChaChaCha: 0.302417725325
            Jive: 0.120427086949
            Quickstep: 0.0396785475314
            Rumba-American: 0.0027441768907
            Rumba-International: 0.00285583594814
            Rumba-Misc: 0.00372478505597
            Samba: 0.525762200356
            Tango: 0.000900222279597
            VienneseWaltz: 0.000869432406034
            Waltz: 0.000619979866315
        probability: 0.525762200356
        value: "Samba"
    culture:
        all:
            non_western: 0.513651907444
            western: 0.486348062754
        probability: 0.513651907444
        value: "non_western"
    gender:
        all:
            female: 0.0449593923986
            male: 0.955040633678
        probability: 0.955040633678
        value: "male"
    genre_dortmund:
        all:
            alternative: 0.00160363561008
            blues: 0.00241178530268
            electronic: 0.00542362732813
            folkcountry: 0.00152266491205
            funksoulrnb: 0.0209617894143
            jazz: 0.00923364982009
            pop: 0.00725429179147
            raphiphop: 0.934174418449
            rock: 0.0174141507596
        probability: 0.934174418449
        value: "raphiphop"
    genre_electronica:
        all:
            ambient: 0.0801300629973
            dnb: 0.730630159378
            house: 0.0858239680529
            techno: 0.0343426465988
            trance: 0.0690731704235
        probability: 0.730630159378
        value: "dnb"
    genre_rosamerica:
        all:
            cla: 0.00183391361497
            dan: 0.0379794463515
            hip: 0.811331629753
            jaz: 0.00370309199207
            pop: 0.0645162090659
            rhy: 0.0548209436238
            roc: 0.0234803445637
            spe: 0.00233442452736
        probability: 0.811331629753
        value: "hip"
    genre_tzanetakis:
        all:
            blu: 9.97690949589e-05
            cla: 9.95014197542e-05
            cou: 0.000342397077475
            dis: 0.00714736059308
            hip: 0.0901897847652
            jaz: 0.000193237996427
            met: 0.000136460424983
            pop: 0.856269657612
            reg: 0.0449553877115
            roc: 0.000566424569115
        probability: 0.856269657612
        value: "pop"
    live_studio:
        all:
            live: 0.117483250797
            studio: 0.882516741753
        probability: 0.882516741753
        value: "studio"
    mood:
        all:
            Cluster1: 0.224073976278
            Cluster2: 0.376732558012
            Cluster3: 0.0620132498443
            Cluster4: 0.188996583223
            Cluster5: 0.148183643818
        probability: 0.376732558012
        value: "Cluster2"
    mood_acoustic:
        all:
            acoustic: 0.018531601876
            not_acoustic: 0.981468379498
        probability: 0.981468379498
        value: "not_acoustic"
    mood_aggressive:
        all:
            aggressive: 0.267764180899
            not_aggressive: 0.732235848904
        probability: 0.732235848904
        value: "not_aggressive"
    mood_electronic:
        all:
            electronic: 0.546636462212
            not_electronic: 0.453363567591
        probability: 0.546636462212
        value: "electronic"
    mood_happy:
        all:
            happy: 0.942364037037
            not_happy: 0.0576359406114
        probability: 0.942364037037
        value: "happy"
    mood_party:
        all:
            not_party: 0.107199035585
            party: 0.892800986767
        probability: 0.892800986767
        value: "party"
    mood_relaxed:
        all:
            not_relaxed: 0.98084962368
            relaxed: 0.0191504023969
        probability: 0.98084962368
        value: "not_relaxed"
    mood_sad:
        all:
            not_sad: 0.901752412319
            sad: 0.0982476174831
        probability: 0.901752412319
        value: "not_sad"
    rhythm:
        all:
            fast: 0.983180165291
            medium: 0.0161968432367
            slow: 0.000622990191914
        probability: 0.983180165291
        value: "fast"
    speech_music:
        all:
            music: 0.998193740845
            speech: 0.00180627324153
        probability: 0.998193740845
        value: "music"
    timbre:
        all:
            bright: 0.0778802782297
            dark: 0.922119736671
        probability: 0.922119736671
        value: "dark"
    voice_instrumental:
        all:
            instrumental: 0.0221116542816
            voice: 0.977888345718
        probability: 0.977888345718
        value: "voice"

lowlevel:
    average_loudness: 0.969141840935
    barkbands_kurtosis:
        dmean: 1.9099624157
        dmean2: 3.02903580666
        dvar: 10.3706760406
        dvar2: 23.0706920624
        max: 45.945022583
        mean: 0.526280105114
        min: -1.87996041775
        var: 14.1351795197
    barkbands_skewness:
        dmean: 0.714949309826
        dmean2: 1.02231657505
        dvar: 0.411023557186
        dvar2: 0.871806383133
        max: 6.24476194382
        mean: 0.383279561996
        min: -2.9344830513
        var: 1.19003987312
    barkbands_spread:
        dmean: 9.02348804474
        dmean2: 12.9743595123
        dvar: 77.9070358276
        dvar2: 160.242080688
        max: 95.7440719604
        mean: 29.5129566193
        min: 2.86618566513
        var: 198.890945435
    dissonance:
        dmean: 0.0337523445487
        dmean2: 0.052124325186
        dvar: 0.00140872981865
        dvar2: 0.00294360728003
        max: 0.498470336199
        mean: 0.443061947823
        min: 0.0497183948755
        var: 0.00277598085813
    hfc:
        dmean: 2.82993650436
        dmean2: 4.07478570938
        dvar: 24.2858524323
        dvar2: 55.0439300537
        max: 51.0035324097
        mean: 5.73904085159
        min: 0.000489090161864
        var: 37.9109649658
    pitch:
        dmean: 654.133422852
        dmean2: 1244.00085449
        dvar: 1540932.125
        dvar2: 3449966.5
        max: 4900
        mean: 912.78515625
        min: 75.7731933594
        var: 1702202.875
    pitch_instantaneous_confidence:
        dmean: 0.13189907372
        dmean2: 0.206346556544
        dvar: 0.0141015648842
        dvar2: 0.0263504255563
        max: 0.95120459795
        mean: 0.491106063128
        min: 0.123428702354
        var: 0.0356611907482
    pitch_salience:
        dmean: 0.0985225513577
        dmean2: 0.157612815499
        dvar: 0.00800344906747
        dvar2: 0.0175450891256
        max: 0.961384534836
        mean: 0.57049882412
        min: 0.177262693644
        var: 0.0149580910802
    silence_rate_20dB:
        dmean: 0
        dmean2: 0
        dvar: 0
        dvar2: 0
        max: 1
        mean: 1
        min: 1
        var: 0
    silence_rate_30dB:
        dmean: 0
        dmean2: 0
        dvar: 0
        dvar2: 0
        max: 1
        mean: 1
        min: 1
        var: 0
    silence_rate_60dB:
        dmean: 0.157043874264
        dmean2: 0.314814805984
        dvar: 0.13238067925
        dvar2: 0.252743452787
        max: 1
        mean: 0.483870953321
        min: 0
        var: 0.249739319086
    spectral_centroid:
        dmean: 454.757110596
        dmean2: 651.806640625
        dvar: 237522.5
        dvar2: 423770.6875
        max: 5606.21240234
        mean: 1597.8963623
        min: 142.36366272
        var: 667901.25
    spectral_complexity:
        dmean: 3.8723897934
        dmean2: 5.66744184494
        dvar: 29.5916156769
        dvar2: 50.3382301331
        max: 46
        mean: 9.40509223938
        min: 0
        var: 71.5604476929
    spectral_crest:
        dmean: 3.22685360909
        dmean2: 5.36667156219
        dvar: 10.9716377258
        dvar2: 23.8852081299
        max: 23.7715682983
        mean: 8.66574764252
        min: 2.27129936218
        var: 19.6353130341
    spectral_decrease:
        dmean: 4.80390727198e-10
        dmean2: 7.51573525637e-10
        dvar: 4.48638982806e-19
        dvar2: 1.14578649287e-18
        max: -7.30102962679e-14
        mean: -8.75869654582e-10
        min: -4.68375604967e-09
        var: 6.44826061576e-19
    spectral_energy:
        dmean: 0.00202057720162
        dmean2: 0.00314118643291
        dvar: 7.99388453743e-06
        dvar2: 2.01876773644e-05
        max: 0.0223037395626
        mean: 0.00382628035732
        min: 3.19920673064e-07
        var: 1.18745592772e-05
    spectral_energyband_high:
        dmean: 0.000254515820416
        dmean2: 0.000371736387024
        dvar: 2.55906712709e-07
        dvar2: 5.95596759467e-07
        max: 0.00414938805625
        mean: 0.000371390808141
        min: 6.49984244205e-09
        var: 3.58195393346e-07
    spectral_energyband_low:
        dmean: 0.000461433897726
        dmean2: 0.000781590875704
        dvar: 1.30732962589e-06
        dvar2: 3.50616392097e-06
        max: 0.00687732640654
        mean: 0.000453841610579
        min: 8.3060198719e-09
        var: 1.07728817511e-06
    spectral_energyband_middle_high:
        dmean: 0.000796582258772
        dmean2: 0.00115155847743
        dvar: 1.39148698963e-06
        dvar2: 3.14439353133e-06
        max: 0.0138229820877
        mean: 0.00158475537319
        min: 1.96494767124e-07
        var: 2.96265898214e-06
    spectral_energyband_middle_low:
        dmean: 0.00111337658018
        dmean2: 0.00184353848454
        dvar: 2.4621265311e-06
        dvar2: 6.29984560874e-06
        max: 0.0109806675464
        mean: 0.00141627038829
        min: 1.08382181452e-07
        var: 2.65074527306e-06
    spectral_flatness_db:
        dmean: 0.0272998251021
        dmean2: 0.0397787578404
        dvar: 0.000569933850784
        dvar2: 0.00116644264199
        max: 0.297395348549
        mean: 0.159450545907
        min: 0.0669824853539
        var: 0.00192306342069
    spectral_flux:
        dmean: 0.0137808425352
        dmean2: 0.0206102356315
        dvar: 0.000226061252761
        dvar2: 0.00049366481835
        max: 0.133244618773
        mean: 0.0439562499523
        min: 0.00382625334896
        var: 0.000500155205373
    spectral_kurtosis:
        dmean: 1.55448925495
        dmean2: 2.28732395172
        dvar: 4.08195781708
        dvar2: 9.66255760193
        max: 22.6212825775
        mean: 3.65323209763
        min: -1.32786202431
        var: 8.62654781342
    spectral_rms:
        dmean: 0.000470468890853
        dmean2: 0.000675645191222
        dvar: 2.50804532698e-07
        dvar2: 5.91471518874e-07
        max: 0.00466473447159
        mean: 0.00175113300793
        min: 1.76668545464e-05
        var: 6.66487267154e-07
    spectral_rolloff:
        dmean: 774.845275879
        dmean2: 1199.14868164
        dvar: 1004046.75
        dvar2: 1831751
        max: 10163.671875
        mean: 2917.79785156
        min: 107.666015625
        var: 2197467.75
    spectral_skewness:
        dmean: 0.279290676117
        dmean2: 0.378553062677
        dvar: 0.0944946482778
        dvar2: 0.180805265903
        max: 3.93812775612
        mean: 1.45591139793
        min: -0.0234924200922
        var: 0.288135290146
    spectral_spread:
        dmean: 869408.6875
        dmean2: 1156148
        dvar: 1.2084683735e+12
        dvar2: 1.85315793306e+12
        max: 20770888
        mean: 5457772.5
        min: 2386164.5
        var: 4.47156322304e+12
    spectral_strongpeak:
        dmean: 0.475324392319
        dmean2: 0.766456365585
        dvar: 0.443617671728
        dvar2: 0.928523361683
        max: 5.79069948196
        mean: 0.658147096634
        min: 0.000614965159912
        var: 0.67374587059
    zerocrossingrate:
        dmean: 0.0173843987286
        dmean2: 0.0180289335549
        dvar: 0.000272645178484
        dvar2: 0.000293159624562
        max: 0.28564453125
        mean: 0.0906733796
        min: 0.0048828125
        var: 0.001490005292
    barkbands:
        dmean: [7.45843465211e-07, 0.000165609628311, 0.000335828081006, 0.000167902180692, 0.000318244798109, 0.000243185088038, 0.000182171002962, 0.000355307303835, 0.000165676930919, 0.000290116178803, 0.000121229575598, 9.66153602349e-05, 7.30516403564e-05, 6.38075653114e-05, 0.000104236212792, 7.01105527696e-05, 0.000137237133458, 0.000105568935396, 0.000177826412255, 0.00016619321832, 0.000109776177851, 3.6648758396e-05, 7.65543973102e-06, 4.95867379868e-06, 4.40958319814e-06, 1.36600149858e-07, 1.49283607698e-09]
        dmean2: [1.36506628223e-06, 0.000256193277892, 0.000598942511715, 0.00031014365959, 0.000549158081412, 0.000428256811574, 0.000293522956781, 0.000580183579586, 0.000268981879344, 0.000408593041357, 0.000185798824532, 0.000151270418428, 0.000116926901683, 0.000107488580397, 0.000165001270943, 0.000107688596472, 0.000218000874156, 0.000168464859598, 0.000271774857538, 0.00025082132197, 0.000161698757438, 5.3494120948e-05, 1.08601398097e-05, 6.86398425387e-06, 6.52409016766e-06, 2.09753054037e-07, 2.30215624342e-09]
        dvar: [2.77162689501e-12, 1.18869827759e-07, 8.34663865135e-07, 2.60493038695e-07, 2.83384224531e-07, 2.32475571238e-07, 2.98873203519e-07, 8.00431166681e-07, 1.51196616116e-07, 6.77668651861e-07, 4.37985967494e-08, 8.42340597274e-08, 2.9578302474e-08, 1.90675226719e-08, 1.0078229451e-07, 2.28480718789e-08, 4.88327245307e-08, 2.90417005999e-08, 1.07582025066e-07, 1.11747539222e-07, 4.05454940733e-08, 6.59903065525e-09, 1.7786278006e-10, 1.51946830118e-10, 1.9644021132e-10, 2.47062163479e-13, 3.39983778435e-16]
        dvar2: [8.38706101097e-12, 2.48562287197e-07, 2.32552088164e-06, 7.39146571505e-07, 7.27513395304e-07, 6.23635742159e-07, 8.20215973363e-07, 2.00085059987e-06, 3.3380982245e-07, 1.34905462801e-06, 8.45722141207e-08, 1.65613030845e-07, 6.01475420581e-08, 5.12838553846e-08, 2.43395305688e-07, 4.6659422992e-08, 1.15285331503e-07, 6.92344883646e-08, 2.41821027203e-07, 2.61315022954e-07, 9.11370818812e-08, 1.43667984176e-08, 3.88802851026e-10, 2.941435151e-10, 4.48288406396e-10, 6.15819515607e-13, 8.50015032624e-16]
        max: [9.33692626859e-06, 0.00248767063022, 0.00487978477031, 0.00296885985881, 0.00364148942754, 0.00329322228208, 0.00759202893823, 0.00982857961208, 0.00434494903311, 0.0133599806577, 0.00309493439272, 0.00348309939727, 0.0017111946363, 0.0012032793602, 0.0052198106423, 0.00199895631522, 0.00216679950245, 0.00150293717161, 0.00364037742838, 0.00283675361425, 0.00155910395551, 0.000687399238814, 0.000106992367364, 0.000149726693053, 0.000170595259988, 4.7261655709e-06, 2.72828970083e-07]
        mean: [5.81015399348e-07, 0.000212494691368, 0.0002407918073, 0.00011161310249, 0.000311998417601, 0.00022492746939, 0.000184012838872, 0.000318698439514, 0.000200695329113, 0.000332951516612, 0.0001629308681, 0.000115518334496, 8.86766065378e-05, 6.84476544848e-05, 0.000115744922368, 8.65398469614e-05, 0.000198067602469, 0.000139652955113, 0.000256246799836, 0.000226735050092, 0.000159077040735, 4.69627702842e-05, 1.08123012978e-05, 6.86363773639e-06, 5.08990297021e-06, 1.52283007537e-07, 8.89694040662e-10]
        min: [1.02605042518e-10, 2.97397573235e-09, 5.16921838667e-09, 5.13014564163e-09, 2.32331966998e-08, 1.61015627498e-08, 1.13428804127e-08, 1.79164274527e-08, 2.90482109477e-08, 1.25716868027e-08, 1.17994614079e-09, 1.03795922968e-08, 1.29376376279e-08, 2.10146513524e-08, 6.88373802404e-08, 3.6765605671e-08, 1.46276644131e-08, 6.07831784905e-09, 1.4563044104e-08, 9.43652933572e-10, 8.01979593845e-10, 1.94658666963e-09, 9.80534875517e-10, 9.27138865681e-10, 5.7276627885e-10, 6.08167197158e-11, 3.88336721991e-14]
        var: [2.16004015889e-12, 1.58672804673e-07, 5.48195089323e-07, 1.55961757287e-07, 2.52468652207e-07, 1.94725799929e-07, 2.81918971723e-07, 6.97510415648e-07, 2.15902460354e-07, 1.03783190752e-06, 1.04439358495e-07, 1.17744171746e-07, 4.00719706306e-08, 1.85186976864e-08, 9.71143165884e-08, 3.35424168441e-08, 6.98785740383e-08, 3.86464904523e-08, 1.4523229197e-07, 1.49586512066e-07, 6.38923296492e-08, 8.24631563034e-09, 3.12901732302e-10, 2.74519601495e-10, 2.39158887139e-10, 2.73045420909e-13, 1.71797035542e-16]
    mfcc:
        mean: [-738.280456543, 99.2333526611, -39.3372268677, 43.5556297302, -17.7324752808, -6.01534748077, -0.328647375107, 2.67806553841, 5.38390254974, -3.97716379166, -3.99888753891, -5.04425239563, -2.81154441833]
        cov: [[4576.73486328, -592.250305176, -88.2842407227, 24.3083133698, -206.956619263, 28.6013565063, 126.258888245, -60.9842605591, 6.79056072235, -25.9671859741, -56.2913818359, 38.0800628662, -20.9949626923], [-592.250305176, 1568.83325195, -382.014282227, -95.7579574585, -26.9771499634, 57.5195007324, 42.2606735229, 91.0719223022, -68.3119812012, 31.3905410767, 45.2343940735, 25.6181125641, -24.2460289001], [-88.2842407227, -382.014282227, 526.713623047, 199.895477295, 76.0553436279, 8.45060253143, 44.8335418701, 18.3106517792, 39.2747840881, 5.19236183167, -3.01977181435, 19.7475662231, 33.8700141907], [24.3083133698, -95.7579574585, 199.895477295, 448.061981201, 117.109024048, 44.3158302307, -13.1137104034, -2.51441836357, 37.4344940186, 15.3680362701, -34.2890968323, -19.9529457092, 7.07691669464], [-206.956619263, -26.9771499634, 76.0553436279, 117.109024048, 300.780914307, 99.0492401123, -43.9115104675, -21.406332016, -18.0274429321, 22.8058376312, -3.11745762825, -32.0864143372, -1.17309963703], [28.6013565063, 57.5195007324, 8.45060253143, 44.3158302307, 99.0492401123, 181.497909546, 87.2721176147, 44.1086120605, 25.8663578033, 36.2404937744, 24.2585258484, 16.2945156097, -13.6198291779], [126.258888245, 42.2606735229, 44.8335418701, -13.1137104034, -43.9115104675, 87.2721176147, 326.54901123, 109.869796753, 82.7140350342, 24.6054821014, 38.0632553101, 65.9707565308, -0.299364566803], [-60.9842605591, 91.0719223022, 18.3106517792, -2.51441836357, -21.406332016, 44.1086120605, 109.869796753, 144.390274048, 60.4446105957, 27.6094703674, 23.6695919037, 33.4244995117, 5.34498643875], [6.79056072235, -68.3119812012, 39.2747840881, 37.4344940186, -18.0274429321, 25.8663578033, 82.7140350342, 60.4446105957, 118.064590454, 47.8087043762, 14.6341314316, 30.9152069092, 10.8145999908], [-25.9671859741, 31.3905410767, 5.19236183167, 15.3680362701, 22.8058376312, 36.2404937744, 24.6054821014, 27.6094703674, 47.8087043762, 120.919090271, 67.3742904663, 39.5031776428, 7.76735925674], [-56.2913818359, 45.2343940735, -3.01977181435, -34.2890968323, -3.11745762825, 24.2585258484, 38.0632553101, 23.6695919037, 14.6341314316, 67.3742904663, 118.644134521, 64.4918212891, 2.60830521584], [38.0800628662, 25.6181125641, 19.7475662231, -19.9529457092, -32.0864143372, 16.2945156097, 65.9707565308, 33.4244995117, 30.9152069092, 39.5031776428, 64.4918212891, 113.466239929, 36.9867515564], [-20.9949626923, -24.2460289001, 33.8700141907, 7.07691669464, -1.17309963703, -13.6198291779, -0.299364566803, 5.34498643875, 10.8145999908, 7.76735925674, 2.60830521584, 36.9867515564, 84.2359085083]]
        icov: [[0.000264331582002, 0.0001494185708, 0.000155436238856, -0.000108047315734, 0.000251450372161, -0.000183038806426, -0.000145234604133, 0.000128712636069, 0.00024797199876, -0.000156485693878, 0.000289300893201, -0.000233696526266, 9.69405955402e-05], [0.0001494185708, 0.00100255315192, 0.000805054150987, -0.000275185098872, 0.000134038375109, -0.000155982692377, -0.000200585316634, -0.000852376513649, 0.00127894035541, -0.000480588176288, 0.000213072285987, -0.000368803797755, 9.07057401491e-05], [0.000155436238856, 0.000805054150987, 0.00314465677366, -0.00126960570924, -0.000486238015583, 0.000547283736523, -0.000654000672512, -0.000709025247488, 0.000613236508798, 0.000118956952065, -0.000103956954263, -0.000588189286646, -0.000591125688516], [-0.000108047315734, -0.000275185098872, -0.00126960570924, 0.00323053635657, -0.000853956618812, -0.000355092517566, 0.000440588133642, 0.000418846524553, -0.00138761254493, -0.00031950866105, 0.00103580742143, 0.000172917672899, 0.000138238829095], [0.000251450372161, 0.000134038375109, -0.000486238015583, -0.000853956618812, 0.00570744462311, -0.00373766571283, 0.00086538126925, 0.000725630496163, 0.00131323176902, -0.00107357767411, -0.000140169257065, 0.0016752902884, -0.00100016943179], [-0.000183038806426, -0.000155982692377, 0.000547283736523, -0.000355092517566, -0.00373766571283, 0.00960319582373, -0.00233491463587, -0.00143478321843, 0.000104993108835, -0.00119561154861, -2.73893110716e-05, -0.000898751663044, 0.00179490400478], [-0.000145234604133, -0.000200585316634, -0.000654000672512, 0.000440588133642, 0.00086538126925, -0.00233491463587, 0.00559270568192, -0.00210474035703, -0.00245831185021, 0.00159827817697, -0.000482612202177, -0.00164817261975, 0.000826834177133], [0.000128712636069, -0.000852376513649, -0.000709025247488, 0.000418846524553, 0.000725630496163, -0.00143478321843, -0.00210474035703, 0.0116775771603, -0.00455040996894, 0.000383150443668, -0.00055182777578, 9.48378365138e-05, -0.000409378000768], [0.00024797199876, 0.00127894035541, 0.000613236508798, -0.00138761254493, 0.00131323176902, 0.000104993108835, -0.00245831185021, -0.00455040996894, 0.0164740644395, -0.00691760936752, 0.00382683100179, -0.00178834109101, -0.000195212618564], [-0.000156485693878, -0.000480588176288, 0.000118956952065, -0.00031950866105, -0.00107357767411, -0.00119561154861, 0.00159827817697, 0.000383150443668, -0.00691760936752, 0.0161492992193, -0.00897778384387, 0.000605948793236, -0.0010142957326], [0.000289300893201, 0.000213072285987, -0.000103956954263, 0.00103580742143, -0.000140169257065, -2.73893110716e-05, -0.000482612202177, -0.00055182777578, 0.00382683100179, -0.00897778384387, 0.0186815354973, -0.00937297381461, 0.00398873863742], [-0.000233696526266, -0.000368803797755, -0.000588189286646, 0.000172917672899, 0.0016752902884, -0.000898751663044, -0.00164817261975, 9.48378365138e-05, -0.00178834109101, 0.000605948793236, -0.00937297381461, 0.0188104677945, -0.007871738635], [9.69405955402e-05, 9.07057401491e-05, -0.000591125688516, 0.000138238829095, -0.00100016943179, 0.00179490400478, 0.000826834177133, -0.000409378000768, -0.000195212618564, -0.0010142957326, 0.00398873863742, -0.007871738635, 0.0159044060856]]
    spectral_contrast:
        mean: [-9.24768812638e-08, -7.38418108881e-08, -2.44472175837e-07, 1.18071007194e-07, 2.41109063381e-07, -2.04201100473e-08, -1.50253370634e-07, -3.63422770988e-07, -5.6044922303e-07, 5.50791071419e-07, 2.25669805332e-06, 1.50998437221e-06]
        var: [0.000537035812158, 0.00122877291869, 0.00322203058749, 0.00472938362509, 0.00646962877363, 0.0128330886364, 0.0875281170011, 0.121322661638, 0.164524376392, 0.404287546873, 0.825913012028, 2.55197715759]

rhythm:
    beats_loudness:
        dmean: 0.00331420521252
        dmean2: 0.00632503116503
        dvar: 5.68646510146e-06
        dvar2: 1.74790893652e-05
        max: 0.00993849989027
        mean: 0.00525239529088
        min: 0.000587809772696
        var: 6.813751952e-06
    beats_loudness_bass:
        dmean: 0.222375914454
        dmean2: 0.409183621407
        dvar: 0.0226794891059
        dvar2: 0.0684126392007
        max: 0.474487572908
        mean: 0.154083549976
        min: 0.00215606810525
        var: 0.0262396465987
    bpm: 105.189605713
    bpm_confidence: 0
    first_peak_bpm: 105
    first_peak_spread: 0
    first_peak_weight: 0.9375
    onset_rate: 5.46875047684
    second_peak_bpm: 81
    second_peak_spread: 0
    second_peak_weight: 0.0625
    beats_position: [0.355493485928, 0.927046298981, 1.49859905243, 2.07015180588, 2.64170455933, 3.21325755119, 3.78481030464, 4.35636329651, 4.92791604996, 5.49946928024, 6.24316453934, 6.81257486343, 7.38198518753, 7.95139503479, 8.52080535889, 9.09021568298, 9.65962600708]
    bpm_estimates: [104.763641357, 105.150291443, 105.28553772, 105.499053955, 103.559959412, 105.362159729, 105.245315552, 105.538414001, 105.296714783, 105.414207458, 105.179748535, 105.45929718, 105.299339294, 105.380744934, 105.409736633]
    bpm_intervals: [0.571552813053, 0.571552753448, 0.571552753448, 0.571552753448, 0.571552991867, 0.571552753448, 0.571552991867, 0.571552753448, 0.571553230286, 0.743695259094, 0.569410324097, 0.569410324097, 0.56940984726, 0.569410324097, 0.569410324097, 0.569410324097]
    onset_times: [0.0580498874187, 0.290249437094, 0.452789127827, 0.743038535118, 0.882358253002, 1.2190476656, 1.30031740665, 1.47446715832, 1.64861679077, 1.83437645435, 1.93886625767, 2.08979582787, 2.21750569344, 2.36843538284, 2.57741498947, 2.64707493782, 2.86766433716, 2.93732428551, 3.21596360207, 3.36689352989, 3.47138333321, 3.64553284645, 3.79646253586, 3.93578219414, 4.22603178024, 4.5046710968, 4.80653047562, 5.06195020676, 5.24770975113, 5.36380958557, 5.51473903656, 5.54956912994, 5.68888902664, 5.80498886108, 5.88625860214, 6.22294807434, 6.38548755646, 6.5596370697, 6.80344676971, 6.94276666641, 7.07047605515, 7.19818592072, 7.25623559952, 7.33750581741, 7.60453510284, 7.80190467834, 8.06893444061, 8.498503685, 8.76553249359, 8.80036258698, 8.93968296051, 9.0906124115, 9.36925125122, 9.61306095123, 9.94975090027]
    rubato_start: []
    rubato_stop: []
    perceptual_tempo: "unknown"

sfx:
    inharmonicity:
        dmean: 0.0493635199964
        dmean2: 0.0869471058249
        dvar: 0.0033043876756
        dvar2: 0.00927252415568
        max: 0.419869422913
        mean: 0.0517088621855
        min: 0
        var: 0.00337507668883
    oddtoevenharmonicenergyratio:
        dmean: 7.85754299164
        dmean2: 15.1352396011
        dvar: 1544.07067871
        dvar2: 4602.38574219
        max: 530.341064453
        mean: 4.70846939087
        min: 0
        var: 812.022705078
    pitch_after_max_to_before_max_energy_ratio: 0.424448490143
    pitch_centroid: 214.989044189
    pitch_max_to_total: 0.650462985039
    pitch_min_to_total: 0.953703701496
    tristimulus:
        dmean: [0.222372621298, 0.248840689659, 0.125818163157]
        dmean2: [0.38011264801, 0.422862410545, 0.217474207282]
        dvar: [0.0382152311504, 0.0428620129824, 0.0172682423145]
        dvar2: [0.0942232981324, 0.120503902435, 0.042358327657]
        max: [1, 0.957504630089, 0.795316874981]
        mean: [0.348550021648, 0.489927023649, 0.144407376647]
        min: [0.0105910981074, 0, 0]
        var: [0.0598452240229, 0.0623808763921, 0.0239815544337]

tonal:
    chords_changes_rate: 0.101382486522
    chords_number_rate: 0.0460829511285
    chords_strength:
        dmean: 0.018303271383
        dmean2: 0.0239052418619
        dvar: 0.000236441555899
        dvar2: 0.000377344287699
        max: 0.638322591782
        mean: 0.437820494175
        min: 0.284041672945
        var: 0.0051773195155
    key_strength: 0.452585279942
    tuning_diatonic_strength: 0.477389454842
    tuning_equal_tempered_deviation: 0.178152397275
    tuning_frequency: 432.940917969
    tuning_nontempered_energy_ratio: 0.828597784042
    hpcp:
        dmean: [0.212930738926, 0.212107688189, 0.203593507409, 0.18397834897, 0.211287230253, 0.238694891334, 0.268278628588, 0.275927752256, 0.262649655342, 0.252928048372, 0.23297958076, 0.220547750592, 0.261563688517, 0.238082066178, 0.203802868724, 0.203300878406, 0.219131127, 0.181603804231, 0.176218628883, 0.189382523298, 0.218932807446, 0.220275118947, 0.18506872654, 0.156143248081, 0.110340595245, 0.108381703496, 0.12292599678, 0.173370078206, 0.158418253064, 0.140393391252, 0.14996959269, 0.156497269869, 0.150374352932, 0.14258441329, 0.181706443429, 0.211861133575]
        dmean2: [0.353499740362, 0.375216931105, 0.355103433132, 0.327417761087, 0.371185690165, 0.39499104023, 0.456311494112, 0.490740329027, 0.462252795696, 0.447218298912, 0.404684811831, 0.380711764097, 0.464960038662, 0.416817069054, 0.353171944618, 0.341790884733, 0.372950166464, 0.308808833361, 0.306649893522, 0.338755577803, 0.392025381327, 0.399744153023, 0.322907924652, 0.273849159479, 0.190341949463, 0.182613357902, 0.202692598104, 0.285742789507, 0.265459597111, 0.249159961939, 0.258359789848, 0.26663044095, 0.246132060885, 0.234313473105, 0.318783074617, 0.354320049286]
        dvar: [0.046889975667, 0.0631871968508, 0.0535315237939, 0.0501647852361, 0.0559009872377, 0.0610374845564, 0.0682145729661, 0.0732601210475, 0.069860868156, 0.0768773555756, 0.065717227757, 0.050366576761, 0.0615620948374, 0.0600678995252, 0.0461128801107, 0.0510106422007, 0.0598808713257, 0.0498719066381, 0.0505653358996, 0.0509108640254, 0.0531526170671, 0.0657850429416, 0.0564780682325, 0.0498935692012, 0.0242037605494, 0.0268980618566, 0.0294804740697, 0.0467509180307, 0.0362945050001, 0.0340029224753, 0.0359507836401, 0.0398427173495, 0.0381844043732, 0.0311335586011, 0.0558727830648, 0.0456252805889]
        dvar2: [0.119205072522, 0.15972840786, 0.138726085424, 0.139375418425, 0.14240115881, 0.159481853247, 0.190345019102, 0.165713727474, 0.168049246073, 0.192213356495, 0.175682887435, 0.134229138494, 0.158184960485, 0.169925525784, 0.12241191417, 0.116794899106, 0.15602748096, 0.145164206624, 0.128940477967, 0.138878598809, 0.150547668338, 0.179622679949, 0.149230033159, 0.134596884251, 0.0644178837538, 0.071430310607, 0.0735441446304, 0.120430238545, 0.101560272276, 0.0899578034878, 0.0901450067759, 0.102378457785, 0.0963558927178, 0.0826094001532, 0.161597117782, 0.122118152678]
        max: [1, 1, 1, 1, 1, 1, 1, 1, 1, 1, 1, 1, 1, 1, 1, 1, 1, 1, 1, 1, 1, 1, 1, 1, 0.82682621479, 1, 1, 1, 1, 1, 1, 1, 1, 1, 1, 1]
        mean: [0.22800154984, 0.202904433012, 0.187636554241, 0.163524240255, 0.177039429545, 0.244356691837, 0.321949511766, 0.316869616508, 0.254702091217, 0.236890867352, 0.213614657521, 0.220226451755, 0.281326264143, 0.257662415504, 0.208399936557, 0.230270758271, 0.218556448817, 0.185250416398, 0.177021205425, 0.166278362274, 0.210114955902, 0.236840039492, 0.186197042465, 0.139865353703, 0.115204721689, 0.108871310949, 0.141225248575, 0.192642644048, 0.168696284294, 0.139193788171, 0.154512360692, 0.149782150984, 0.143558740616, 0.150208801031, 0.187103256583, 0.23322238028]
        min: [0.00188255787361, 0.00195520487614, 0.00175997673068, 0.000857819744851, 0.00105868501123, 0.00224882853217, 0.00220819050446, 0.00300590600818, 0.00251100421883, 0.000884185603354, 0.00175276387017, 0.00145315297414, 0.00108356005512, 0.00254886294715, 0.00152590556536, 0.00219681719318, 0.00150341633707, 0.00220420397818, 0.00240230956115, 0.00103583291639, 0.00109542533755, 0.000818968983367, 0.00246618315578, 0.00367509783246, 0.00331366085447, 0.000852272438351, 0.000663569720928, 0.000534510530997, 0.000660285353661, 0.000771686143707, 0.000647093402222, 0.000809316581581, 0.000555313657969, 0.00250308401883, 0.0021332774777, 0.00186122301966]
        var: [0.0568039156497, 0.0584292560816, 0.0530845299363, 0.0440969988704, 0.0550067350268, 0.0736326798797, 0.0986156389117, 0.0929658189416, 0.0762808546424, 0.0845047831535, 0.0673501342535, 0.0550141967833, 0.0827997028828, 0.0730691924691, 0.0510814376175, 0.0644536614418, 0.064785644412, 0.0487396679819, 0.0501475185156, 0.0428302250803, 0.0572146810591, 0.0645620971918, 0.0540078692138, 0.0435510203242, 0.0234053470194, 0.027971778065, 0.0341078825295, 0.0568269118667, 0.0394634120166, 0.0342013463378, 0.0495847091079, 0.0403978899121, 0.0408322028816, 0.0355756916106, 0.0495918244123, 0.0560986734927]
    chords_histogram: [4.60829496384, 3.22580647469, 8.29493045807, 0, 0, 0, 0, 0, 0, 0, 0, 0, 0, 0, 0, 2.7649769783, 6.91244220734, 21.1981563568, 15.2073736191, 22.5806446075, 0, 1.84331798553, 13.3640556335, 0]
    thpcp: [1, 0.984221458435, 0.791124343872, 0.735801279545, 0.663503587246, 0.684040307999, 0.873821079731, 0.800319314003, 0.647306263447, 0.715238749981, 0.678853154182, 0.575402081013, 0.54984152317, 0.516473412514, 0.65263324976, 0.735643446445, 0.578342378139, 0.434432566166, 0.357834756374, 0.338162690401, 0.438656508923, 0.598362922668, 0.52398365736, 0.432346642017, 0.479927301407, 0.465234905481, 0.445904523134, 0.466560125351, 0.581157147884, 0.724406719208, 0.708190381527, 0.630236804485, 0.582813620567, 0.507918894291, 0.549898087978, 0.758990705013]
    chords_key: "B"
    chords_scale: "minor"
    key_key: "E"
    key_scale: "major"
    chords_progression: ["Em", "Em", "Em", "Em", "Em", "E", "E", "E", "E", "A", "A", "A", "A", "A", "A", "A", "A", "A", "A", "A", "A", "A", "A", "A", "A", "A", "A", "A", "A", "A", "A", "A", "A", "A", "Bm", "Bm", "A", "A", "A", "A", "F#m", "F#m", "F#m", "F#m", "Bm", "Bm", "Bm", "Bm", "Bm", "Bm", "Bm", "Bm", "Bm", "Bm", "Bm", "Bm", "Bm", "Bm", "Bm", "Bm", "Bm", "Bm", "Bm", "Bm", "Bm", "Bm", "Bm", "Bm", "Bm", "Bm", "Bm", "Bm", "Bm", "Bm", "Bm", "G#m", "G#m", "G#m", "Em", "Em", "Em", "Em", "Em", "Em", "Em", "Em", "Em", "Em", "Em", "Em", "Em", "Em", "B", "C", "C", "C", "C", "C", "C", "C", "C", "C", "C", "C", "C", "C", "C", "C", "B", "B", "B", "B", "B", "B", "B", "B", "B", "B", "B", "B", "B", "B", "B", "Am", "Am", "Am", "Am", "Am", "Am", "G#m", "G#m", "G#m", "G#m", "Bm", "Bm", "Bm", "E", "B", "B", "E", "E", "E", "Bm", "Bm", "Bm", "Bm", "Bm", "Bm", "Bm", "Bm", "Bm", "Bm", "Bm", "Bm", "Bm", "G", "G", "G", "G", "G", "G", "G", "G", "G", "G", "G", "G", "G", "G", "G", "G", "G", "G", "G", "G", "G", "G", "G", "G", "G", "G", "G", "G", "G", "G", "G", "G", "G", "Em", "E", "E", "Em", "Em", "Em", "Em", "Em", "Em", "Em", "Em", "Em", "Em", "Em", "Em", "Em", "Em", "Em", "Em", "Em", "Em", "Em", "Em", "Em", "Em", "Em", "Em", "Em", "Em"]
