
metadata:
    version:
        essentia: "1.2.2"
    audio_properties:
        analysis_sample_rate: 44100
        bitrate: 128
        channels: 2
        equal_loudness: 1
        length: 9.92653083801
        replay_gain: -12.0277385712
        downmix: "mix"
    tags:
        track: 29
        year: 0
        album: "Splitted by Mp3Splt v. 2.1"
        artist: "From 004.40 To 004.50"
        comment: "http://mp3splt.sf.net"
        genre: ""
        title: "11 Visit Me.mp3"

highlevel:
    ballroom:
        all:
            ChaChaCha: 0.346703231335
            Jive: 0.128308817744
            Quickstep: 0.384256452322
            Rumba-American: 0.00212253024802
            Rumba-International: 0.0304224360734
            Rumba-Misc: 0.0112154567614
            Samba: 0.0753173530102
            Tango: 0.0118060065433
            VienneseWaltz: 0.00342123140581
            Waltz: 0.00642649130896
        probability: 0.384256452322
        value: "Quickstep"
    culture:
        all:
            non_western: 0.0036859519314
            western: 0.996314048767
        probability: 0.996314048767
        value: "western"
    gender:
        all:
            female: 0.0451849773526
            male: 0.954815030098
        probability: 0.954815030098
        value: "male"
    genre_dortmund:
        all:
            alternative: 0.0537312179804
            blues: 0.0178193878382
            electronic: 0.134185001254
            folkcountry: 0.165884941816
            funksoulrnb: 0.0338498167694
            jazz: 0.182507604361
            pop: 0.154470488429
            raphiphop: 0.09771194309
            rock: 0.159839570522
        probability: 0.182507604361
        value: "jazz"
    genre_electronica:
        all:
            ambient: 0.340290635824
            dnb: 0.152156159282
            house: 0.351441264153
            techno: 0.0657248795033
            trance: 0.0903870761395
        probability: 0.351441264153
        value: "house"
    genre_rosamerica:
        all:
            cla: 0.0638072863221
            dan: 0.170011013746
            hip: 0.0189313143492
            jaz: 0.0202459897846
            pop: 0.541127204895
            rhy: 0.0964743345976
            roc: 0.0692391917109
            spe: 0.0201636776328
        probability: 0.541127204895
        value: "pop"
    genre_tzanetakis:
        all:
            blu: 0.000966355379205
            cla: 0.00320551428013
            cou: 0.0132290963084
            dis: 0.0489180423319
            hip: 0.00471877399832
            jaz: 0.00325450650416
            met: 0.0021263086237
            pop: 0.739810824394
            reg: 0.110548645258
            roc: 0.0732219144702
        probability: 0.739810824394
        value: "pop"
    live_studio:
        all:
            live: 0.386022865772
            studio: 0.613977134228
        probability: 0.613977134228
        value: "studio"
    mood:
        all:
            Cluster1: 0.205778881907
            Cluster2: 0.195219233632
            Cluster3: 0.167738974094
            Cluster4: 0.179577693343
            Cluster5: 0.251685231924
        probability: 0.251685231924
        value: "Cluster5"
    mood_acoustic:
        all:
            acoustic: 0.473044335842
            not_acoustic: 0.526955664158
        probability: 0.526955664158
        value: "not_acoustic"
    mood_aggressive:
        all:
            aggressive: 0.0354749113321
            not_aggressive: 0.964525103569
        probability: 0.964525103569
        value: "not_aggressive"
    mood_electronic:
        all:
            electronic: 0.543980121613
            not_electronic: 0.456019878387
        probability: 0.543980121613
        value: "electronic"
    mood_happy:
        all:
            happy: 0.566981971264
            not_happy: 0.433018028736
        probability: 0.566981971264
        value: "happy"
    mood_party:
        all:
            not_party: 0.396429091692
            party: 0.60357093811
        probability: 0.60357093811
        value: "party"
    mood_relaxed:
        all:
            not_relaxed: 0.302224248648
            relaxed: 0.69777572155
        probability: 0.69777572155
        value: "relaxed"
    mood_sad:
        all:
            not_sad: 0.532871305943
            sad: 0.467128694057
        probability: 0.532871305943
        value: "not_sad"
    rhythm:
        all:
            fast: 0.967012345791
            medium: 0.0302641503513
            slow: 0.00272351782769
        probability: 0.967012345791
        value: "fast"
    speech_music:
        all:
            music: 0.965439260006
            speech: 0.0345607511699
        probability: 0.965439260006
        value: "music"
    timbre:
        all:
            bright: 0.566221177578
            dark: 0.433778852224
        probability: 0.566221177578
        value: "bright"
    voice_instrumental:
        all:
            instrumental: 0.0708059594035
            voice: 0.929194033146
        probability: 0.929194033146
        value: "voice"

lowlevel:
    average_loudness: 0.710138201714
    barkbands_kurtosis:
        dmean: 2.57468914986
        dmean2: 3.95379781723
        dvar: 10.6483774185
        dvar2: 24.8025512695
        max: 23.2978076935
        mean: 3.62977981567
        min: -1.74961340427
        var: 23.4180393219
    barkbands_skewness:
        dmean: 0.559576690197
        dmean2: 0.832144737244
        dvar: 0.300395071507
        dvar2: 0.601499438286
        max: 4.00263118744
        mean: 1.26391410828
        min: -2.73480367661
        var: 1.77368545532
    barkbands_spread:
        dmean: 6.06912946701
        dmean2: 8.25603961945
        dvar: 40.5266838074
        dvar2: 82.6422271729
        max: 54.1953125
        mean: 18.9188919067
        min: 2.88051533699
        var: 146.127716064
    dissonance:
        dmean: 0.0242903195322
        dmean2: 0.0391897819936
        dvar: 0.000489406462293
        dvar2: 0.00117236957885
        max: 0.499671041965
        mean: 0.445987403393
        min: 0.33081522584
        var: 0.00122744799592
    hfc:
        dmean: 2.1432030201
        dmean2: 2.70790147781
        dvar: 24.8973388672
        dvar2: 35.666431427
        max: 50.0987205505
        mean: 4.10049581528
        min: 0.000809740042314
        var: 56.3528404236
    pitch:
        dmean: 308.86416626
        dmean2: 583.709594727
        dvar: 641877.375
        dvar2: 1769331.25
        max: 4410
        mean: 572.352661133
        min: 73.8693466187
        var: 1120808.5
    pitch_instantaneous_confidence:
        dmean: 0.0956791266799
        dmean2: 0.142476156354
        dvar: 0.00630293413997
        dvar2: 0.0158143918961
        max: 0.822157263756
        mean: 0.411544203758
        min: 0.135579943657
        var: 0.0180369894952
    pitch_salience:
        dmean: 0.0712849497795
        dmean2: 0.110819377005
        dvar: 0.00363382766955
        dvar2: 0.00889029260725
        max: 0.88171261549
        mean: 0.616660177708
        min: 0.254887729883
        var: 0.0108899213374
    silence_rate_20dB:
        dmean: 0
        dmean2: 0
        dvar: 0
        dvar2: 0
        max: 1
        mean: 1
        min: 1
        var: 0
    silence_rate_30dB:
        dmean: 0
        dmean2: 0
        dvar: 0
        dvar2: 0
        max: 1
        mean: 1
        min: 1
        var: 0
    silence_rate_60dB:
        dmean: 0.091743119061
        dmean2: 0.184049084783
        dvar: 0.0833264142275
        dvar2: 0.168580055237
        max: 1
        mean: 0.707317054272
        min: 0
        var: 0.207019433379
    spectral_centroid:
        dmean: 276.660705566
        dmean2: 395.949493408
        dvar: 127171.890625
        dvar2: 241014.125
        max: 5091.54101562
        mean: 1152.82409668
        min: 240.0987854
        var: 985735.875
    spectral_complexity:
        dmean: 3.27111101151
        dmean2: 4.23660707474
        dvar: 32.1531562805
        dvar2: 49.0199165344
        max: 60
        mean: 8.05309772491
        min: 0
        var: 84.8467330933
    spectral_crest:
        dmean: 2.16600608826
        dmean2: 3.39467740059
        dvar: 3.72542071342
        dvar2: 10.6788740158
        max: 19.6883640289
        mean: 8.23145961761
        min: 3.39454865456
        var: 8.39611339569
    spectral_decrease:
        dmean: 3.68876651446e-10
        dmean2: 5.35138711122e-10
        dvar: 3.05538261949e-19
        dvar2: 7.10089164341e-19
        max: -1.00030843797e-13
        mean: -7.69113717158e-10
        min: -4.23554480378e-09
        var: 6.54777457936e-19
    spectral_energy:
        dmean: 0.00156275776681
        dmean2: 0.0022317150142
        dvar: 5.77804257773e-06
        dvar2: 1.23587651615e-05
        max: 0.0205299779773
        mean: 0.00327473809011
        min: 4.50984657618e-07
        var: 1.29773616209e-05
    spectral_energyband_high:
        dmean: 0.000151097992784
        dmean2: 0.000183894924703
        dvar: 1.39547438494e-07
        dvar2: 2.05012838705e-07
        max: 0.00365393632092
        mean: 0.000216514206841
        min: 3.32034288952e-09
        var: 2.82401600771e-07
    spectral_energyband_low:
        dmean: 0.000166069570696
        dmean2: 0.00029815826565
        dvar: 2.34433812807e-07
        dvar2: 6.06237620104e-07
        max: 0.00303846457973
        mean: 0.000162929049111
        min: 2.87738299853e-09
        var: 1.89847938259e-07
    spectral_energyband_middle_high:
        dmean: 0.000532621343154
        dmean2: 0.000675304268952
        dvar: 1.43680233577e-06
        dvar2: 1.95604184228e-06
        max: 0.0129428962246
        mean: 0.00101373298094
        min: 1.19695215517e-07
        var: 3.64335778613e-06
    spectral_energyband_middle_low:
        dmean: 0.000953159702476
        dmean2: 0.00151528452989
        dvar: 2.0327229322e-06
        dvar2: 5.60168837183e-06
        max: 0.00895098689944
        mean: 0.00188155740034
        min: 1.40536144499e-07
        var: 3.69396911992e-06
    spectral_flatness_db:
        dmean: 0.0245668627322
        dmean2: 0.0334512367845
        dvar: 0.00048353447346
        dvar2: 0.00104041129816
        max: 0.283805221319
        mean: 0.179532378912
        min: 0.0788769498467
        var: 0.00205387035385
    spectral_flux:
        dmean: 0.0102917551994
        dmean2: 0.0156532581896
        dvar: 0.000223119539442
        dvar2: 0.00044776807772
        max: 0.128305092454
        mean: 0.0307490676641
        min: 0.000527211057488
        var: 0.000526543008164
    spectral_kurtosis:
        dmean: 2.13055539131
        dmean2: 3.21284627914
        dvar: 6.38916730881
        dvar2: 16.5719470978
        max: 29.4047393799
        mean: 6.03649568558
        min: -0.572308301926
        var: 37.038734436
    spectral_rms:
        dmean: 0.000399054813897
        dmean2: 0.000548587937374
        dvar: 2.68172783535e-07
        dvar2: 5.74949751808e-07
        max: 0.00447540450841
        mean: 0.00150949391536
        min: 2.09758200072e-05
        var: 9.16294254694e-07
    spectral_rolloff:
        dmean: 588.09576416
        dmean2: 869.499389648
        dvar: 535180.625
        dvar2: 977820.875
        max: 6632.2265625
        mean: 1952.7565918
        min: 150.732421875
        var: 2652577.25
    spectral_skewness:
        dmean: 0.309684574604
        dmean2: 0.418172866106
        dvar: 0.0919338390231
        dvar2: 0.199270114303
        max: 4.0412735939
        mean: 1.82097792625
        min: 0.476686000824
        var: 0.652434468269
    spectral_spread:
        dmean: 912823.625
        dmean2: 1323380.875
        dvar: 1.57353980723e+12
        dvar2: 3.90823306854e+12
        max: 14088008
        mean: 4796913.5
        min: 1704707.375
        var: 3.8169584599e+12
    spectral_strongpeak:
        dmean: 0.223010659218
        dmean2: 0.355130702257
        dvar: 0.0955926477909
        dvar2: 0.250559985638
        max: 2.89781045914
        mean: 0.35869961977
        min: 0.000838402891532
        var: 0.145611569285
    zerocrossingrate:
        dmean: 0.0130815971643
        dmean2: 0.0148468017578
        dvar: 0.00015031939256
        dvar2: 0.000204733922146
        max: 0.22607421875
        mean: 0.0688498169184
        min: 0.01513671875
        var: 0.00220115133561
    barkbands:
        dmean: [1.55371537858e-07, 3.97967560275e-05, 0.00014008396829, 0.000188286605407, 0.000322314852383, 0.000288911804091, 0.00028482687776, 0.000146604797919, 9.07762732822e-05, 0.000105647886812, 5.83111177548e-05, 2.9585116863e-05, 3.04436343868e-05, 2.84662692138e-05, 4.3218198698e-05, 9.59879762377e-05, 9.77466042968e-05, 0.000105355669803, 0.000103569152998, 0.000115023220133, 6.43407911411e-05, 2.92686563625e-05, 1.11561494123e-05, 2.45980754698e-06, 1.5659758219e-06, 8.86292781388e-08, 3.95082438986e-10]
        dmean2: [2.17859678742e-07, 6.7420231062e-05, 0.000253704871284, 0.000343506253557, 0.000545338145457, 0.000423670106102, 0.000476553250337, 0.000254123151535, 0.00013170002785, 0.000160649025929, 8.11073550722e-05, 4.51086089015e-05, 4.91790524393e-05, 5.15835236001e-05, 6.75172414049e-05, 0.000133780064061, 0.000161438481882, 0.000143689467222, 0.000157691902132, 0.000154676119564, 7.98639157438e-05, 3.64646257367e-05, 1.67182934092e-05, 3.52849997398e-06, 2.39940754909e-06, 1.32251173568e-07, 6.22711382459e-10]
        dvar: [1.49025662145e-13, 8.84362449938e-09, 1.9003667262e-07, 2.74487859997e-07, 3.9347472125e-07, 1.65077977954e-07, 4.69157583893e-07, 9.16925699812e-08, 2.63132253764e-08, 3.57114942062e-08, 2.60859245316e-08, 2.2364232688e-09, 4.29236513e-09, 3.70790664839e-09, 7.18482695561e-09, 8.61464428681e-08, 7.3674463863e-08, 6.04534946547e-08, 1.26404771095e-07, 6.49979270406e-08, 2.6198504699e-08, 5.45447820244e-09, 5.46660217093e-10, 2.21551700597e-11, 6.24325200912e-12, 2.75668177115e-14, 3.54116511372e-19]
        dvar2: [2.83440968179e-13, 2.41174173965e-08, 5.03817318531e-07, 8.08649815554e-07, 1.12955433451e-06, 3.85819475923e-07, 1.30633350182e-06, 2.77107886859e-07, 5.42487761379e-08, 6.50731877272e-08, 4.92025797882e-08, 4.88817031297e-09, 1.02613713082e-08, 8.78786465819e-09, 1.38409603778e-08, 1.61977268931e-07, 1.43244733408e-07, 9.80094156944e-08, 3.01922653989e-07, 1.29968782403e-07, 3.71524606635e-08, 8.30312085753e-09, 1.22802834568e-09, 4.05767121292e-11, 1.46518595867e-11, 6.18727820172e-14, 7.84648794913e-19]
        max: [4.18939680458e-06, 0.000681546051055, 0.00275033712387, 0.00345421396196, 0.0048944731243, 0.00289131561294, 0.00679322611541, 0.00258405134082, 0.00178994704038, 0.00211151898839, 0.00220064120367, 0.000358390534529, 0.000651060487144, 0.000568278017454, 0.000760858762078, 0.00302577740513, 0.00273021333851, 0.00254764314741, 0.0038796714507, 0.0026135398075, 0.00163634505589, 0.000713023764547, 0.000164255718119, 3.33294701704e-05, 1.53143719217e-05, 9.52197297011e-07, 3.60591179138e-09]
        mean: [1.96707702571e-07, 4.00136341341e-05, 0.000122726662084, 0.000173567255842, 0.000428185274359, 0.00051359430654, 0.000412029097788, 0.000190757302335, 0.000142876568134, 0.000153089349624, 7.68767858972e-05, 4.13448360632e-05, 3.74509654648e-05, 3.79662778869e-05, 5.80217601964e-05, 0.000109964494186, 0.000143962024595, 0.000151967586135, 0.00014182877203, 0.000150401683641, 9.36585347517e-05, 3.77855285478e-05, 1.18529751489e-05, 3.0722108022e-06, 1.47049661336e-06, 8.04283857292e-08, 3.60071472638e-10]
        min: [3.98968184878e-12, 1.13248521671e-09, 1.55822532655e-09, 4.10634637404e-09, 9.67781521588e-10, 9.9850527846e-09, 1.83886132987e-08, 1.10730340452e-08, 8.67175042885e-09, 5.68512659171e-09, 8.21656698236e-09, 7.72438735197e-09, 3.59916718651e-09, 2.87661827691e-09, 4.1713676957e-09, 6.23453688675e-09, 8.7885352329e-09, 3.98955046776e-09, 3.69868646821e-09, 3.34532779256e-09, 1.36991018529e-09, 3.82272491439e-10, 1.29490640433e-10, 1.35678995816e-10, 1.18307877384e-10, 8.70116999285e-12, 5.95303862629e-13]
        var: [3.22540334285e-13, 9.45777234307e-09, 1.37906198461e-07, 1.75574939476e-07, 3.68466203327e-07, 4.11660920463e-07, 5.62372008517e-07, 1.2230893276e-07, 5.61569031277e-08, 7.83330094123e-08, 4.52018618091e-08, 3.76601017038e-09, 5.23693133303e-09, 4.90275153808e-09, 1.16362111058e-08, 1.23728526091e-07, 1.15053488514e-07, 1.15215804897e-07, 1.54144203179e-07, 1.11850930296e-07, 5.37061772832e-08, 1.01714805467e-08, 6.72036981619e-10, 3.51986773062e-11, 7.22954335286e-12, 2.95877011043e-14, 4.08714102415e-19]
    mfcc:
        mean: [-795.824951172, 122.55997467, -35.0964927673, 39.3851013184, -24.7805290222, -12.6306409836, -16.0030574799, -9.34241771698, -8.76806926727, -10.9504642487, -11.7848110199, -8.78672790527, -7.19981527328]
        cov: [[17273.1894531, -3206.51831055, -437.240264893, -7.03621196747, -745.130554199, -208.420379639, -522.035888672, 0.0758821591735, -262.527526855, -24.360534668, -180.065689087, 59.3409347534, -2.75836920738], [-3206.51831055, 3756.00756836, 68.5686569214, -132.823638916, 109.834121704, -150.477401733, 15.2418775558, -209.653381348, 17.0982456207, -124.176765442, -19.9650173187, -151.630493164, -124.186706543], [-437.240264893, 68.5686569214, 534.025878906, 46.6377792358, 107.876197815, 115.024703979, 132.099517822, 120.494163513, 47.131603241, 92.6774215698, 31.3414039612, 51.8752326965, 41.7601470947], [-7.03621196747, -132.823638916, 46.6377792358, 257.511230469, 122.348388672, 87.6776733398, 84.6346969604, 104.720649719, 77.1900634766, 68.5567855835, 64.9662017822, 83.7402114868, 25.1584129333], [-745.130554199, 109.834121704, 107.876197815, 122.348388672, 205.089096069, 114.207183838, 115.179199219, 63.6532363892, 51.3154792786, 39.3329315186, 60.7708625793, 36.3793258667, 29.2890014648], [-208.420379639, -150.477401733, 115.024703979, 87.6776733398, 114.207183838, 161.292922974, 108.417907715, 79.6708908081, 52.7819976807, 59.6278800964, 52.7887115479, 46.8781051636, 20.2589530945], [-522.035888672, 15.2418775558, 132.099517822, 84.6346969604, 115.179199219, 108.417907715, 137.916519165, 92.228843689, 67.304145813, 57.5248031616, 48.1631698608, 38.5668449402, 22.1163749695], [0.0758821591735, -209.653381348, 120.494163513, 104.720649719, 63.6532363892, 79.6708908081, 92.228843689, 141.272903442, 76.1607971191, 69.3158493042, 35.636932373, 49.3169326782, 18.8911628723], [-262.527526855, 17.0982456207, 47.131603241, 77.1900634766, 51.3154792786, 52.7819976807, 67.304145813, 76.1607971191, 95.719909668, 60.418838501, 33.6732788086, 27.1620635986, 9.55190753937], [-24.360534668, -124.176765442, 92.6774215698, 68.5567855835, 39.3329315186, 59.6278800964, 57.5248031616, 69.3158493042, 60.418838501, 82.519203186, 39.850566864, 39.119178772, 11.0178117752], [-180.065689087, -19.9650173187, 31.3414039612, 64.9662017822, 60.7708625793, 52.7887115479, 48.1631698608, 35.636932373, 33.6732788086, 39.850566864, 72.2629852295, 35.7220573425, 27.132604599], [59.3409347534, -151.630493164, 51.8752326965, 83.7402114868, 36.3793258667, 46.8781051636, 38.5668449402, 49.3169326782, 27.1620635986, 39.119178772, 35.7220573425, 81.7315368652, 32.1721801758], [-2.75836920738, -124.186706543, 41.7601470947, 25.1584129333, 29.2890014648, 20.2589530945, 22.1163749695, 18.8911628723, 9.55190753937, 11.0178117752, 27.132604599, 32.1721801758, 70.3251724243]]
        icov: [[9.18367222766e-05, 3.48874709744e-05, 2.00411650439e-05, -0.000186629258678, 0.00033102434827, -0.000206660683034, 0.000345977925463, -0.00021215066954, 0.000294938625302, -0.000140937801916, 7.86480741226e-05, 8.6032145191e-05, -9.77539457381e-05], [3.48874709744e-05, 0.000513587496243, -0.000482121511595, -2.60187880485e-05, -0.000317951518809, 0.000879523227923, -0.000575380807277, 0.00133352540433, -0.00145350326784, 0.00138047372457, -0.000728030514438, 5.47917734366e-05, 0.00114265352022], [2.00411650439e-05, -0.000482121511595, 0.00385294458829, 0.00116698886268, -0.000777237524744, -0.000748286955059, -0.00125027354807, -0.00314142461866, 0.00448096496984, -0.00584514718503, 0.00300431926735, -0.000314871984301, -0.00248761754483], [-0.000186629258678, -2.60187880485e-05, 0.00116698886268, 0.0103484941646, -0.0060331937857, 0.00150086020585, 0.00191442493815, -0.00379959354177, -0.00262091448531, -0.000650948029943, -0.00147891626693, -0.00713597796857, 0.00234370189719], [0.00033102434827, -0.000317951518809, -0.000777237524744, -0.0060331937857, 0.0157886762172, -0.0056750299409, -0.00610445719212, 0.00183294015005, 0.00174966675695, 0.00346735143103, -0.00314688496292, 0.00411973102018, -0.00289347651415], [-0.000206660683034, 0.000879523227923, -0.000748286955059, 0.00150086020585, -0.0056750299409, 0.0182705931365, -0.00961891748011, 0.0018247027183, -0.000789338140748, -0.00143865437713, -0.00322036934085, -0.00303220259957, 0.00404978962615], [0.000345977925463, -0.000575380807277, -0.00125027354807, 0.00191442493815, -0.00610445719212, -0.00961891748011, 0.0311000905931, -0.0105562116951, -0.00412565749139, -4.05265855079e-05, -0.00133271794766, 4.45763362222e-06, -0.00149762886576], [-0.00021215066954, 0.00133352540433, -0.00314142461866, -0.00379959354177, 0.00183294015005, 0.0018247027183, -0.0105562116951, 0.0254514869303, -0.0118202548474, 0.00106387445703, 0.00105389568489, -0.00179637072142, 0.00261907745153], [0.000294938625302, -0.00145350326784, 0.00448096496984, -0.00262091448531, 0.00174966675695, -0.000789338140748, -0.00412565749139, -0.0118202548474, 0.0342600382864, -0.0207577180117, 0.00353252678178, 0.00475427182391, -0.00524617079645], [-0.000140937801916, 0.00138047372457, -0.00584514718503, -0.000650948029943, 0.00346735143103, -0.00143865437713, -4.05265855079e-05, 0.00106387445703, -0.0207577180117, 0.043085180223, -0.0139200352132, -0.00537793105468, 0.00873350910842], [7.86480741226e-05, -0.000728030514438, 0.00300431926735, -0.00147891626693, -0.00314688496292, -0.00322036934085, -0.00133271794766, 0.00105389568489, 0.00353252678178, -0.0139200352132, 0.0298704877496, -0.00267629534937, -0.00876227207482], [8.6032145191e-05, 5.47917734366e-05, -0.000314871984301, -0.00713597796857, 0.00411973102018, -0.00303220259957, 4.45763362222e-06, -0.00179637072142, 0.00475427182391, -0.00537793105468, -0.00267629534937, 0.0261938609183, -0.00827490352094], [-9.77539457381e-05, 0.00114265352022, -0.00248761754483, 0.00234370189719, -0.00289347651415, 0.00404978962615, -0.00149762886576, 0.00261907745153, -0.00524617079645, 0.00873350910842, -0.00876227207482, -0.00827490352094, 0.0231887269765]]
    spectral_contrast:
        mean: [2.0939098988e-07, -3.23432658433e-07, 1.71923801418e-07, 6.27859790825e-08, -5.71650744519e-08, 5.72969440782e-08, -1.3037856661e-06, 3.7397958863e-07, -8.86157522473e-07, 7.99387976258e-07, -3.71421333512e-06, -2.42638378722e-07]
        var: [0.000287222472252, 0.000471261329949, 0.000773122534156, 0.00234300666489, 0.00309604243375, 0.00880844518542, 0.0453302115202, 0.0932440385222, 0.148573026061, 0.747786045074, 1.575070858, 7.94199180603]

rhythm:
    beats_loudness:
        dmean: 0.00529834348708
        dmean2: 0.0100642479956
        dvar: 2.66050265054e-05
        dvar2: 9.06512359506e-05
        max: 0.0183447487652
        mean: 0.00421798694879
        min: 5.7353672922e-09
        var: 3.41989325534e-05
    beats_loudness_bass:
        dmean: 0.180205449462
        dmean2: 0.280010104179
        dvar: 0.0209265667945
        dvar2: 0.0403407402337
        max: 0.470819532871
        mean: 0.204135298729
        min: 0.000703136436641
        var: 0.0284736584872
    bpm: 104.439491272
    bpm_confidence: 0
    first_peak_bpm: 105
    first_peak_spread: 0
    first_peak_weight: 0.9375
    onset_rate: 2.21628284454
    second_peak_bpm: 99
    second_peak_spread: 0
    second_peak_weight: 0.0625
    beats_position: [0.0660727247596, 0.639321982861, 1.2125711441, 1.78582060337, 2.35906982422, 2.93231916428, 3.50556850433, 4.07881784439, 4.65206718445, 5.22531652451, 5.79856586456, 6.40527200699, 6.98080205917, 7.55633115768, 8.13186073303, 8.70739078522, 9.2829208374]
    bpm_estimates: [104.559898376, 103.576858521, 105.313926697, 104.799133301, 104.965904236, 104.73059082, 104.842124939, 104.824661255, 104.40335083, 104.333206177, 104.174591064, 104.443229675, 104.224990845, 104.600753784, 103.858306885, 104.344657898, 104.372688293, 104.040916443, 104.190727234, 104.189476013]
    bpm_intervals: [0.573249280453, 0.573249161243, 0.573249459267, 0.573249220848, 0.573249340057, 0.573249340057, 0.573249340057, 0.573249340057, 0.573249340057, 0.573249340057, 0.606706142426, 0.575530052185, 0.575529098511, 0.575529575348, 0.575530052185, 0.575530052185]
    onset_times: [1.764716506, 3.81968259811, 4.08671188354, 6.38548755646, 6.67573690414, 6.96598625183, 7.26784563065, 7.40716552734, 7.58131504059, 7.69741487503, 7.85995483398, 8.01088428497, 8.12698459625, 8.33596324921, 8.42884349823, 8.59138298035, 8.6958732605, 8.99773216248, 9.287981987, 9.57823085785, 9.72916126251, 9.90331077576]
    rubato_start: []
    rubato_stop: []
    perceptual_tempo: "unknown"

sfx:
    inharmonicity:
        dmean: 0.0437779352069
        dmean2: 0.0782138630748
        dvar: 0.00416876701638
        dvar2: 0.0123520437628
        max: 0.42383530736
        mean: 0.0417935289443
        min: 1.00230708995e-05
        var: 0.00376498675905
    oddtoevenharmonicenergyratio:
        dmean: 2.75354766846
        dmean2: 5.23813390732
        dvar: 41.3683853149
        dvar2: 123.068733215
        max: 42.4826164246
        mean: 1.74680554867
        min: 0.00128207972739
        var: 23.847328186
    pitch_after_max_to_before_max_energy_ratio: 1.47711026669
    pitch_centroid: 136.917770386
    pitch_max_to_total: 0.690265476704
    pitch_min_to_total: 0.336283177137
    tristimulus:
        dmean: [0.241440877318, 0.266891300678, 0.102221518755]
        dmean2: [0.41804382205, 0.469770044088, 0.181322902441]
        dvar: [0.0371652618051, 0.0388303920627, 0.014247553423]
        dvar2: [0.105228044093, 0.110321693122, 0.0450250990689]
        max: [0.962091863155, 0.971216678619, 0.702915608883]
        mean: [0.420348525047, 0.441974312067, 0.111965492368]
        min: [0.00546768447384, 0, 0]
        var: [0.0679634958506, 0.0611444078386, 0.0165211874992]

tonal:
    chords_changes_rate: 0.0263157896698
    chords_number_rate: 0.0350877195597
    chords_strength:
        dmean: 0.0130168106407
        dmean2: 0.0108508933336
        dvar: 0.000110863875307
        dvar2: 8.60311774886e-05
        max: 0.827466130257
        mean: 0.645372509956
        min: 0.452468842268
        var: 0.00938913971186
    key_strength: 0.719991266727
    tuning_diatonic_strength: 0.620798408985
    tuning_equal_tempered_deviation: 0.125079572201
    tuning_frequency: 444.598632812
    tuning_nontempered_energy_ratio: 0.775118589401
    hpcp:
        dmean: [0.160958141088, 0.159423723817, 0.143746435642, 0.13076724112, 0.137387946248, 0.109799601138, 0.134718820453, 0.109137587249, 0.0766733959317, 0.073090672493, 0.0998827219009, 0.128560170531, 0.107068777084, 0.116706728935, 0.199408739805, 0.205895960331, 0.174238950014, 0.121270492673, 0.0588969737291, 0.0834986194968, 0.13169260323, 0.134341150522, 0.121989756823, 0.109492436051, 0.118918590248, 0.120283953846, 0.137745112181, 0.13914373517, 0.124768532813, 0.130147874355, 0.144158735871, 0.144467949867, 0.116967894137, 0.115037336946, 0.113655805588, 0.134205833077]
        dmean2: [0.252151340246, 0.263024479151, 0.250525325537, 0.234609410167, 0.23726721108, 0.180563956499, 0.225826859474, 0.194187790155, 0.132720857859, 0.115068271756, 0.166488215327, 0.224859401584, 0.174429386854, 0.192244663835, 0.343994230032, 0.331202596426, 0.281841278076, 0.206167429686, 0.0958942621946, 0.144491925836, 0.224954590201, 0.239807605743, 0.21043099463, 0.183738678694, 0.201352208853, 0.210025623441, 0.231213077903, 0.240022018552, 0.227843850851, 0.220992237329, 0.23892582953, 0.249168977141, 0.212176948786, 0.215360239148, 0.210366532207, 0.223230317235]
        dvar: [0.0388664267957, 0.0321674533188, 0.0335011593997, 0.0444396920502, 0.0280840396881, 0.0175644103438, 0.0480075962842, 0.0273597016931, 0.0162124224007, 0.0173336677253, 0.0241861045361, 0.0345973707736, 0.0247929040343, 0.016513293609, 0.0487334281206, 0.0509036593139, 0.0418916158378, 0.0282517652959, 0.00896628573537, 0.0230498015881, 0.0400898009539, 0.0259430445731, 0.0247322432697, 0.0209796242416, 0.0240427814424, 0.0275312419981, 0.0344104766846, 0.0394841209054, 0.0275656748563, 0.0287527032197, 0.0453782491386, 0.0437783189118, 0.039047062397, 0.0419708006084, 0.0344744324684, 0.0320406965911]
        dvar2: [0.0824559107423, 0.0748018398881, 0.0941780805588, 0.123692415655, 0.0815689116716, 0.0461288392544, 0.11481654644, 0.0611038692296, 0.0347956195474, 0.0315648950636, 0.0574847832322, 0.0903620570898, 0.0498748645186, 0.0381101705134, 0.113463871181, 0.0980492010713, 0.0847129300237, 0.0706775709987, 0.0178112071007, 0.0596551187336, 0.104753009975, 0.070825047791, 0.0748450756073, 0.0449902154505, 0.0541360452771, 0.0800625756383, 0.0910546705127, 0.114256203175, 0.0783033967018, 0.0746017247438, 0.126005962491, 0.129965633154, 0.122883737087, 0.118603549898, 0.0971694588661, 0.0759164243937]
        max: [1, 1, 1, 1, 1, 0.860611975193, 1, 0.85278236866, 0.800586044788, 1, 1, 1, 1, 1, 1, 1, 1, 1, 0.66850233078, 0.902233481407, 1, 0.854360699654, 1, 1, 1, 1, 1, 1, 0.949868857861, 1, 1, 1, 1, 1, 1, 1]
        mean: [0.332654237747, 0.239685982466, 0.172961071134, 0.211193621159, 0.190736785531, 0.18334813416, 0.19242566824, 0.140289321542, 0.109916202724, 0.113894656301, 0.126543059945, 0.153406232595, 0.159594476223, 0.170892030001, 0.293505221605, 0.404917538166, 0.327421218157, 0.163283020258, 0.073356218636, 0.0823197960854, 0.125753596425, 0.147609815001, 0.13844178617, 0.170942127705, 0.188435435295, 0.155545368791, 0.202943637967, 0.208482727408, 0.155572786927, 0.195460319519, 0.236761122942, 0.174274429679, 0.10622742027, 0.0961119309068, 0.105859026313, 0.227451860905]
        min: [0.00337048131041, 0.00150851497892, 0.00120741128922, 0.00106998253614, 0.00234076660126, 0.00313205295242, 0.00078627379844, 0.000323429558193, 0.000746110628825, 0.000945105857681, 0.000978149822913, 0.00117327447515, 0.000540192122571, 0.00147165975068, 0.00167076278012, 0.00202991743572, 0.00392047176138, 0.00122765719425, 0.00125295377802, 0.000822277623229, 0.00152797240298, 0.000648825778626, 0.00103362905793, 0.000995562062599, 0.000790821679402, 0.00076073105447, 0.00161063834094, 0.00126288959291, 0.00142398267053, 0.0012051796075, 0.0014016184723, 0.00284727220424, 0.00144442892633, 0.00121156673413, 0.00170752615668, 0.00358948088251]
        var: [0.118806481361, 0.0607199110091, 0.0500375814736, 0.102510854602, 0.0639721602201, 0.0414513424039, 0.0755158290267, 0.0459811277688, 0.0329498201609, 0.0403946600854, 0.0510479733348, 0.0594209730625, 0.0692298933864, 0.0532839000225, 0.0775973424315, 0.121614769101, 0.108071260154, 0.0422805175185, 0.0141832558438, 0.0192621555179, 0.0372831188142, 0.0312149655074, 0.0248541440815, 0.0443628653884, 0.0604700818658, 0.0315485037863, 0.0757608190179, 0.0883135721087, 0.0421432852745, 0.0671743676066, 0.108121737838, 0.0544458553195, 0.0312713831663, 0.032766815275, 0.0287298187613, 0.0614732354879]
    chords_histogram: [25.4385967255, 0, 0, 0, 0, 0, 0, 0, 0, 0, 0, 0, 0, 0, 0, 0, 19.2982463837, 27.19298172, 0, 0, 0, 0, 28.0701751709, 0]
    thpcp: [1, 0.808612108231, 0.403250068426, 0.181163355708, 0.203300148249, 0.310565948486, 0.364542901516, 0.341901183128, 0.42216527462, 0.465367436409, 0.384140849113, 0.501197457314, 0.514877021313, 0.38420855999, 0.482716351748, 0.584714412689, 0.430394858122, 0.262343347073, 0.237361744046, 0.261433541775, 0.56172388792, 0.821535766125, 0.59193778038, 0.427151352167, 0.521571934223, 0.471050947905, 0.452803641558, 0.47522187233, 0.346463918686, 0.271453291178, 0.281278640032, 0.312515616417, 0.378857970238, 0.394140690565, 0.42204156518, 0.724851846695]
    chords_key: "G"
    chords_scale: "major"
    key_key: "D"
    key_scale: "major"
    chords_progression: ["A#", "A#", "A#", "A#", "A#", "A#", "A#", "A#", "A#", "A#", "A#", "A#", "A#", "A#", "A#", "A#", "A#", "A#", "A#", "A#", "A#", "A#", "D", "D", "D", "D", "D", "D", "D", "D", "D", "D", "D", "D", "D", "D", "D", "D", "D", "D", "D", "D", "D", "D", "D", "D", "D", "D", "D", "D", "D", "Dm", "Dm", "Dm", "Dm", "Dm", "Dm", "Dm", "Dm", "Dm", "Dm", "Dm", "Dm", "Dm", "Dm", "Dm", "Dm", "Dm", "Dm", "Dm", "Dm", "Dm", "Dm", "Dm", "Dm", "Dm", "Dm", "Dm", "Dm", "Dm", "Dm", "Dm", "G", "G", "G", "G", "G", "G", "G", "G", "G", "G", "G", "G", "G", "G", "G", "G", "G", "G", "G", "G", "G", "G", "G", "G", "G", "G", "G", "G", "G", "G", "G", "G"]
