
metadata:
    version:
        essentia: "1.2.2"
    audio_properties:
        analysis_sample_rate: 44100
        bitrate: 128
        channels: 2
        equal_loudness: 1
        length: 10.0048980713
        replay_gain: -10.0944309235
        downmix: "mix"
    tags:
        track: 23
        year: 0
        album: "Splitted by Mp3Splt v. 2.1"
        artist: "From 003.40 To 003.50"
        comment: "http://mp3splt.sf.net"
        genre: ""
        title: "02 Duende.mp3"

highlevel:
    ballroom:
        all:
            ChaChaCha: 0.00390309421346
            Jive: 0.0147447809577
            Quickstep: 0.0289951693267
            Rumba-American: 0.00816457159817
            Rumba-International: 0.503304481506
            Rumba-Misc: 0.204433009028
            Samba: 0.00667004333809
            Tango: 0.00639767292887
            VienneseWaltz: 0.138459652662
            Waltz: 0.0849275067449
        probability: 0.503304481506
        value: "Rumba-International"
    culture:
        all:
            non_western: 0.219597488642
            western: 0.780402481556
        probability: 0.780402481556
        value: "western"
    gender:
        all:
            female: 0.642684459686
            male: 0.357315540314
        probability: 0.642684459686
        value: "female"
    genre_dortmund:
        all:
            alternative: 0.319265663624
            blues: 0.00581328757107
            electronic: 0.0458259508014
            folkcountry: 0.234880045056
            funksoulrnb: 0.0162748117
            jazz: 0.022266400978
            pop: 0.197687879205
            raphiphop: 0.00126421893947
            rock: 0.156721740961
        probability: 0.319265663624
        value: "alternative"
    genre_electronica:
        all:
            ambient: 0.827952921391
            dnb: 0.0119490139186
            house: 0.00899416487664
            techno: 0.00262081273831
            trance: 0.148483082652
        probability: 0.827952921391
        value: "ambient"
    genre_rosamerica:
        all:
            cla: 0.020567080006
            dan: 0.0107856290415
            hip: 0.00335003132932
            jaz: 0.0292460191995
            pop: 0.0769026353955
            rhy: 0.0455332845449
            roc: 0.809717595577
            spe: 0.00389771838672
        probability: 0.809717595577
        value: "roc"
    genre_tzanetakis:
        all:
            blu: 0.0331013984978
            cla: 0.111045137048
            cou: 0.173689514399
            dis: 0.0302631705999
            hip: 0.00566792069003
            jaz: 0.109976477921
            met: 0.0156231578439
            pop: 0.140748381615
            reg: 0.0327274985611
            roc: 0.347157329321
        probability: 0.347157329321
        value: "roc"
    live_studio:
        all:
            live: 0.561413764954
            studio: 0.438586205244
        probability: 0.561413764954
        value: "live"
    mood:
        all:
            Cluster1: 0.469261467457
            Cluster2: 0.139814764261
            Cluster3: 0.306662589312
            Cluster4: 0.0665973573923
            Cluster5: 0.0176638029516
        probability: 0.469261467457
        value: "Cluster1"
    mood_acoustic:
        all:
            acoustic: 0.510128855705
            not_acoustic: 0.489871144295
        probability: 0.510128855705
        value: "acoustic"
    mood_aggressive:
        all:
            aggressive: 7.83194991527e-07
            not_aggressive: 0.99999922514
        probability: 0.99999922514
        value: "not_aggressive"
    mood_electronic:
        all:
            electronic: 0.406155437231
            not_electronic: 0.593844532967
        probability: 0.593844532967
        value: "not_electronic"
    mood_happy:
        all:
            happy: 0.225468173623
            not_happy: 0.774531841278
        probability: 0.774531841278
        value: "not_happy"
    mood_party:
        all:
            not_party: 0.97519993782
            party: 0.0248000640422
        probability: 0.97519993782
        value: "not_party"
    mood_relaxed:
        all:
            not_relaxed: 0.259623497725
            relaxed: 0.740376472473
        probability: 0.740376472473
        value: "relaxed"
    mood_sad:
        all:
            not_sad: 0.0418224483728
            sad: 0.958177566528
        probability: 0.958177566528
        value: "sad"
    rhythm:
        all:
            fast: 0.0657532885671
            medium: 0.403826743364
            slow: 0.530419945717
        probability: 0.530419945717
        value: "slow"
    speech_music:
        all:
            music: 0.99319255352
            speech: 0.00680743064731
        probability: 0.99319255352
        value: "music"
    timbre:
        all:
            bright: 0.311311930418
            dark: 0.68868803978
        probability: 0.68868803978
        value: "dark"
    voice_instrumental:
        all:
            instrumental: 0.0984260514379
            voice: 0.901573956013
        probability: 0.901573956013
        value: "voice"

lowlevel:
    average_loudness: 0.982019424438
    barkbands_kurtosis:
        dmean: 1.37541842461
        dmean2: 2.16887116432
        dvar: 1.86865878105
        dvar2: 4.39502477646
        max: 13.9059143066
        mean: 2.33830809593
        min: -1.68861103058
        var: 7.38192415237
    barkbands_skewness:
        dmean: 0.312915623188
        dmean2: 0.482792615891
        dvar: 0.0745291784406
        dvar2: 0.177775740623
        max: 3.72118401527
        mean: 1.61205661297
        min: -0.167044878006
        var: 0.382339537144
    barkbands_spread:
        dmean: 4.03820896149
        dmean2: 6.29304695129
        dvar: 9.61673259735
        dvar2: 23.6557788849
        max: 54.1055183411
        mean: 20.4374256134
        min: 4.7163271904
        var: 70.7943496704
    dissonance:
        dmean: 0.0263883881271
        dmean2: 0.0427359640598
        dvar: 0.00041242421139
        dvar2: 0.00120391487144
        max: 0.496017217636
        mean: 0.42731872201
        min: 0.345007330179
        var: 0.00104115123395
    hfc:
        dmean: 0.824304759502
        dmean2: 1.33354306221
        dvar: 1.10458350182
        dvar2: 2.84990787506
        max: 13.3411922455
        mean: 4.18577671051
        min: 1.50915300846
        var: 2.46877026558
    pitch:
        dmean: 207.314575195
        dmean2: 387.410644531
        dvar: 556032.375
        dvar2: 1430532.625
        max: 4410
        mean: 337.914398193
        min: 95.661605835
        var: 410928.25
    pitch_instantaneous_confidence:
        dmean: 0.0713623836637
        dmean2: 0.108913734555
        dvar: 0.00407748110592
        dvar2: 0.0101232910529
        max: 0.83126938343
        mean: 0.539490282536
        min: 0.225685536861
        var: 0.0185887105763
    pitch_salience:
        dmean: 0.0567514151335
        dmean2: 0.0882887765765
        dvar: 0.00220054015517
        dvar2: 0.00598783604801
        max: 0.773134946823
        mean: 0.561162054539
        min: 0.294346988201
        var: 0.00711104786023
    silence_rate_20dB:
        dmean: 0
        dmean2: 0
        dvar: 0
        dvar2: 0
        max: 1
        mean: 1
        min: 1
        var: 0
    silence_rate_30dB:
        dmean: 0
        dmean2: 0
        dvar: 0
        dvar2: 0
        max: 1
        mean: 1
        min: 1
        var: 0
    silence_rate_60dB:
        dmean: 0.0558139532804
        dmean2: 0.109557107091
        dvar: 0.0526986420155
        dvar2: 0.125525847077
        max: 1
        mean: 0.0835266858339
        min: 0
        var: 0.0765503272414
    spectral_centroid:
        dmean: 122.447212219
        dmean2: 188.359863281
        dvar: 13551.0175781
        dvar2: 31098.9765625
        max: 2293.42700195
        mean: 784.3125
        min: 342.294158936
        var: 82894.2109375
    spectral_complexity:
        dmean: 1.92289721966
        dmean2: 3.21545672417
        dvar: 3.67396044731
        dvar2: 8.96995449066
        max: 29
        mean: 11.6317014694
        min: 4
        var: 8.75479507446
    spectral_crest:
        dmean: 2.06785511971
        dmean2: 3.10018539429
        dvar: 3.29975390434
        dvar2: 7.83109521866
        max: 22.1499786377
        mean: 10.7246627808
        min: 3.47031831741
        var: 15.8358707428
    spectral_decrease:
        dmean: 2.54877979833e-10
        dmean2: 3.7363651062e-10
        dvar: 5.18267589414e-20
        dvar2: 1.2273474577e-19
        max: -3.79538206419e-10
        mean: -1.39347200445e-09
        min: -3.15926595995e-09
        var: 2.6723413857e-19
    spectral_energy:
        dmean: 0.00101534521673
        dmean2: 0.001493049087
        dvar: 8.42714143801e-07
        dvar2: 2.01743728212e-06
        max: 0.0124365575612
        mean: 0.00563894212246
        min: 0.00157417287119
        var: 4.11996916228e-06
    spectral_energyband_high:
        dmean: 3.42866478604e-05
        dmean2: 5.4789306887e-05
        dvar: 4.05236821877e-09
        dvar2: 9.91275950213e-09
        max: 0.000886966998223
        mean: 8.65349938977e-05
        min: 6.04872502663e-06
        var: 1.5854265456e-08
    spectral_energyband_low:
        dmean: 0.000129422376631
        dmean2: 0.000246216048254
        dvar: 9.71280211814e-09
        dvar2: 3.23723945428e-08
        max: 0.000804617768154
        mean: 0.000271931727184
        min: 2.82164037344e-05
        var: 2.27870522451e-08
    spectral_energyband_middle_high:
        dmean: 0.000252932601143
        dmean2: 0.000417654082412
        dvar: 1.73971727691e-07
        dvar2: 4.79596792502e-07
        max: 0.0051007186994
        mean: 0.000971742731053
        min: 0.000266881979769
        var: 2.65442764658e-07
    spectral_energyband_middle_low:
        dmean: 0.00091758480994
        dmean2: 0.00132650136948
        dvar: 6.22338063749e-07
        dvar2: 1.41900477502e-06
        max: 0.0113437334076
        mean: 0.00430871313438
        min: 0.000715185364243
        var: 3.79691186936e-06
    spectral_flatness_db:
        dmean: 0.0128859998658
        dmean2: 0.0195828787982
        dvar: 0.000116837982205
        dvar2: 0.000267350376816
        max: 0.259577572346
        mean: 0.182840406895
        min: 0.0933151468635
        var: 0.000805005256552
    spectral_flux:
        dmean: 0.00547363562509
        dmean2: 0.00856390688568
        dvar: 3.31924275088e-05
        dvar2: 6.30123686278e-05
        max: 0.0941424295306
        mean: 0.0303681474179
        min: 0.0152595946565
        var: 6.74148759572e-05
    spectral_kurtosis:
        dmean: 1.8476960659
        dmean2: 3.19085526466
        dvar: 2.53538298607
        dvar2: 7.75120973587
        max: 16.5354480743
        mean: 7.15000486374
        min: -0.587865591049
        var: 9.18591213226
    spectral_rms:
        dmean: 0.000209321719012
        dmean2: 0.000306002999423
        dvar: 3.14371000343e-08
        dvar2: 7.35902290216e-08
        max: 0.00348327821121
        mean: 0.00230880896561
        min: 0.00123926531523
        var: 1.70809855149e-07
    spectral_rolloff:
        dmean: 440.273284912
        dmean2: 746.096984863
        dvar: 352051.09375
        dvar2: 859134.125
        max: 5447.90039062
        mean: 1406.98693848
        min: 279.931640625
        var: 1029514.5
    spectral_skewness:
        dmean: 0.218215018511
        dmean2: 0.365947932005
        dvar: 0.0306765604764
        dvar2: 0.0800868943334
        max: 3.21220326424
        mean: 2.07203435898
        min: 0.554309427738
        var: 0.192471906543
    spectral_spread:
        dmean: 295053.59375
        dmean2: 397590.78125
        dvar: 637266886656
        dvar2: 649963175936
        max: 19871110
        mean: 3923320
        min: 2692487.75
        var: 1.91317357363e+12
    spectral_strongpeak:
        dmean: 0.208288118243
        dmean2: 0.35339564085
        dvar: 0.111098669469
        dvar2: 0.270118206739
        max: 3.48452496529
        mean: 0.498553425074
        min: 0.0365446768701
        var: 0.160598605871
    zerocrossingrate:
        dmean: 0.00601338874549
        dmean2: 0.00735166296363
        dvar: 2.71899643849e-05
        dvar2: 3.37418896379e-05
        max: 0.13232421875
        mean: 0.0541149936616
        min: 0.0185546875
        var: 0.000327845715219
    barkbands:
        dmean: [4.56483064681e-07, 3.13380223815e-05, 0.000111384637421, 7.21681208233e-05, 0.000627367058769, 0.000164949437021, 0.000250765006058, 0.000270257063676, 0.000195122440346, 8.78427308635e-05, 6.90217784722e-05, 6.08197769907e-05, 2.65701492026e-05, 3.36229313689e-05, 3.3710974094e-05, 2.40057943302e-05, 1.89527982002e-05, 2.79438609141e-05, 9.46310537984e-05, 7.98538967501e-05, 9.84425878414e-06, 4.97947485201e-06, 2.28746853281e-06, 3.47149324398e-07, 1.96784370132e-07, 8.46372927299e-09, 2.41157849246e-09]
        dmean2: [8.55432858771e-07, 5.62033892493e-05, 0.000213126244489, 0.00011120220006, 0.000860747764818, 0.000254590151599, 0.000391283334466, 0.000419615797, 0.000278552877717, 0.000138807648909, 0.000107952691906, 0.000102194615465, 4.30341460742e-05, 5.531989882e-05, 5.30128090759e-05, 4.11473047279e-05, 3.15539255098e-05, 4.54138571513e-05, 0.000157318150741, 0.000132193221361, 1.61954649229e-05, 6.8065492087e-06, 3.33152297571e-06, 4.39953538489e-07, 2.79729960084e-07, 1.18913137115e-08, 2.58163379563e-09]
        dvar: [2.3089269754e-13, 6.4505323305e-10, 7.32394367375e-09, 5.62033619644e-09, 4.95225833674e-07, 2.96195263871e-08, 7.91111745002e-08, 1.22336714981e-07, 5.58945920659e-08, 1.78839343334e-08, 8.39211455883e-09, 1.31297959172e-08, 1.63752900129e-09, 3.24529825235e-09, 1.79486203677e-09, 4.08525480111e-09, 1.77151460168e-09, 2.15547979465e-09, 1.36820919039e-08, 9.26604926121e-09, 9.94720639191e-10, 2.93066543255e-10, 1.58628263303e-10, 2.04320653278e-12, 4.40222402802e-13, 2.08178167359e-15, 2.07508884275e-15]
        dvar2: [5.16989771306e-13, 2.13970952068e-09, 2.4540776522e-08, 1.30555992683e-08, 1.08971016743e-06, 6.82005278918e-08, 2.21783622578e-07, 2.94841044024e-07, 1.09033848616e-07, 4.84676938584e-08, 2.16425277699e-08, 3.50749687072e-08, 4.44064429672e-09, 8.1721402978e-09, 4.26304014312e-09, 1.14914993077e-08, 4.93266094637e-09, 5.38222710844e-09, 3.61562015883e-08, 2.51085943148e-08, 2.8771767191e-09, 6.12448924908e-10, 2.98632618634e-10, 3.41075258314e-12, 7.24300773438e-13, 2.36346417426e-15, 2.07337233049e-15]
        max: [7.46444402466e-06, 0.000298298982671, 0.00051681563491, 0.00123530067503, 0.00912527833134, 0.00175403035246, 0.00259736715816, 0.00488689821213, 0.00334742921405, 0.00147846224718, 0.000761420757044, 0.00116766791325, 0.000459020026028, 0.000620872771833, 0.000401561206672, 0.000642762111966, 0.000441919139121, 0.000682578480337, 0.00117320299614, 0.000978214084171, 0.000595480436459, 0.00041243690066, 0.000259476306383, 4.15418835473e-05, 1.86151173693e-05, 9.07429750896e-07, 9.45078397763e-07]
        mean: [1.44892328535e-06, 0.000117280738777, 0.00015322965919, 0.000212579092477, 0.0022697695531, 0.000368006760255, 0.000529248849489, 0.000468853919301, 0.000409718399169, 0.000158823124366, 0.000113525355118, 8.63731183927e-05, 4.18202253059e-05, 6.19667189312e-05, 6.42212326056e-05, 3.69627960026e-05, 3.3447984606e-05, 5.78254912398e-05, 0.000251747143921, 0.000163045566296, 2.18782224692e-05, 1.04629325506e-05, 5.12047381562e-06, 9.49039019815e-07, 6.20011519459e-07, 2.23160867563e-08, 2.37727371122e-09]
        min: [1.71836038731e-08, 9.78583557298e-06, 7.01467797626e-06, 9.52234677243e-06, 6.60095902276e-05, 1.40312013173e-05, 1.71525935002e-05, 3.52280972038e-06, 9.91153137875e-06, 6.31567309028e-06, 4.479171821e-06, 4.10927987105e-06, 7.0464500368e-07, 2.75086517831e-06, 1.96086057258e-06, 1.85271812825e-06, 2.05487893368e-07, 2.60059755419e-06, 7.576180451e-06, 8.96016354091e-06, 1.82433154805e-06, 1.26003868672e-07, 1.62644184343e-07, 3.17358370694e-08, 2.47815172827e-08, 1.36044442378e-09, 7.05179661951e-14]
        var: [1.04758552093e-12, 3.70431485486e-09, 1.07071622679e-08, 4.1197544931e-08, 2.92506115329e-06, 1.05918147142e-07, 1.87709900956e-07, 3.83690462513e-07, 2.21537462153e-07, 2.52542129431e-08, 1.40228806345e-08, 1.25440013932e-08, 2.45729858683e-09, 4.70555461263e-09, 3.82533027476e-09, 2.96998892146e-09, 3.14364245746e-09, 7.29882154715e-09, 4.71508947442e-08, 2.47888554128e-08, 2.18821250009e-09, 1.21375687279e-09, 6.43202879846e-10, 1.14629356354e-11, 2.71388684095e-12, 3.03983099407e-15, 2.07642524899e-15]
    mfcc:
        mean: [-731.083862305, 164.243988037, -31.5562858582, 47.1856079102, -20.3586616516, -18.7280025482, 9.3273267746, -11.0951747894, -12.3638296127, 7.68061733246, -7.80140781403, -12.9293422699, -5.39579486847]
        cov: [[299.075012207, -239.552810669, 45.7154159546, -22.0083847046, -45.2052001953, 52.8059272766, -52.3844184875, 22.5453834534, 24.1632118225, -42.8509407043, 29.3657894135, 28.0608825684, 6.77066659927], [-239.552810669, 507.139831543, -212.410263062, -26.6367759705, 20.9432125092, -133.4480896, 106.803413391, -34.4413833618, -41.911907196, 100.967544556, -54.9560623169, -67.0763626099, -30.6185817719], [45.7154159546, -212.410263062, 231.010986328, 7.18081188202, 1.74947452545, 57.4138946533, -90.1443405151, 44.2335243225, -8.44444847107, -64.5797576904, 39.7462387085, 20.5809059143, 14.4690694809], [-22.0083847046, -26.6367759705, 7.18081188202, 117.709899902, -4.51475334167, 0.282649755478, -12.1248073578, -30.2917575836, 37.3945388794, -38.1880493164, 8.60876655579, 26.1235103607, -10.0609149933], [-45.2052001953, 20.9432125092, 1.74947452545, -4.51475334167, 86.4468460083, -30.0818481445, -13.6382265091, 20.0637207031, -8.2774143219, -2.77876162529, -13.8074464798, 8.92631053925, -11.0954771042], [52.8059272766, -133.4480896, 57.4138946533, 0.282649755478, -30.0818481445, 162.601089478, -35.8097648621, -15.1286773682, 1.56703579426, -20.1091499329, 41.1546936035, -17.523519516, 39.6032180786], [-52.3844184875, 106.803413391, -90.1443405151, -12.1248073578, -13.6382265091, -35.8097648621, 163.375213623, -44.6898956299, -44.0828056335, 74.4377593994, -60.0709075928, -38.7098274231, -15.6744213104], [22.5453834534, -34.4413833618, 44.2335243225, -30.2917575836, 20.0637207031, -15.1286773682, -44.6898956299, 97.1598739624, 10.5075492859, -23.7889080048, 6.37708616257, 13.8506650925, 6.08570241928], [24.1632118225, -41.911907196, -8.44444847107, 37.3945388794, -8.2774143219, 1.56703579426, -44.0828056335, 10.5075492859, 98.8448028564, -31.2699279785, 25.0432243347, 29.8831386566, -4.2172961235], [-42.8509407043, 100.967544556, -64.5797576904, -38.1880493164, -2.77876162529, -20.1091499329, 74.4377593994, -23.7889080048, -31.2699279785, 182.677703857, -1.06903243065, -110.889190674, -4.16136169434], [29.3657894135, -54.9560623169, 39.7462387085, 8.60876655579, -13.8074464798, 41.1546936035, -60.0709075928, 6.37708616257, 25.0432243347, -1.06903243065, 81.9696884155, 3.62400984764, 6.94869375229], [28.0608825684, -67.0763626099, 20.5809059143, 26.1235103607, 8.92631053925, -17.523519516, -38.7098274231, 13.8506650925, 29.8831386566, -110.889190674, 3.62400984764, 147.014434814, -4.6753115654], [6.77066659927, -30.6185817719, 14.4690694809, -10.0609149933, -11.0954771042, 39.6032180786, -15.6744213104, 6.08570241928, -4.2172961235, -4.16136169434, 6.94869375229, -4.6753115654, 60.4244804382]]
        icov: [[0.00806169584394, 0.00552362529561, 0.0041846758686, 0.00254864711314, 0.00416804291308, 0.00145172001794, 0.00201484165154, -0.000858017883729, 0.00132393522654, 0.00107655185275, -0.00057853810722, 0.00109670578968, 0.00205882638693], [0.00552362529561, 0.00822710432112, 0.006472107023, 0.00179917633068, 0.00252187834121, 0.00389208388515, 0.00151016504969, -0.000326056178892, 0.00285556633025, 0.00141535233706, -0.00127373449504, 0.00277245533653, 0.00129422231112], [0.0041846758686, 0.006472107023, 0.0121118435636, -4.43145800091e-05, 0.00236497353762, 0.00132816995028, 0.00378350587562, -0.00308005185798, 0.00560201238841, 0.00249425042421, -0.00223021092825, 0.00262188352644, 0.00178056966979], [0.00254864711314, 0.00179917633068, -4.43145800091e-05, 0.0131777757779, 0.000435881374869, 0.00169304281007, -0.000294980360195, 0.00533838616684, -0.00445486791432, 0.00321681727655, -0.00123010994866, 0.00099781784229, 0.00131635984872], [0.00416804291308, 0.00252187834121, 0.00236497353762, 0.000435881374869, 0.0164605248719, 0.00171984429471, 0.00476540997624, -0.00290829897858, 0.00300136371516, -0.00129408750217, 0.00345001695678, -0.000882337160874, 0.00339691061527], [0.00145172001794, 0.00389208388515, 0.00132816995028, 0.00169304281007, 0.00171984429471, 0.0125124510378, -0.000113336260256, 0.00330085633323, 0.00118664233014, 0.00373886246234, -0.00514227058738, 0.00459886435419, -0.0051860078238], [0.00201484165154, 0.00151016504969, 0.00378350587562, -0.000294980360195, 0.00476540997624, -0.000113336260256, 0.0155575526878, 0.00210493220948, 0.00438263174146, -0.00507767684758, 0.00897278916091, -0.00141867552884, 0.00317197944969], [-0.000858017883729, -0.000326056178892, -0.00308005185798, 0.00533838616684, -0.00290829897858, 0.00330085633323, 0.00210493220948, 0.0162449590862, -0.00325297261588, 0.00142855639569, 0.000330921960995, 0.000747580779716, -0.00233911303803], [0.00132393522654, 0.00285556633025, 0.00560201238841, -0.00445486791432, 0.00300136371516, 0.00118664233014, 0.00438263174146, -0.00325297261588, 0.0167260691524, 0.000287231465336, -0.00267575308681, -0.000579524901696, 0.00190336199012], [0.00107655185275, 0.00141535233706, 0.00249425042421, 0.00321681727655, -0.00129408750217, 0.00373886246234, -0.00507767684758, 0.00142855639569, 0.000287231465336, 0.0153451086953, -0.00717361457646, 0.0102357510477, -0.000920499558561], [-0.00057853810722, -0.00127373449504, -0.00223021092825, -0.00123010994866, 0.00345001695678, -0.00514227058738, 0.00897278916091, 0.000330921960995, -0.00267575308681, -0.00717361457646, 0.0231637638062, -0.00379230943508, 0.00240871007554], [0.00109670578968, 0.00277245533653, 0.00262188352644, 0.00099781784229, -0.000882337160874, 0.00459886435419, -0.00141867552884, 0.000747580779716, -0.000579524901696, 0.0102357510477, -0.00379230943508, 0.015386772342, -0.000508073833771], [0.00205882638693, 0.00129422231112, 0.00178056966979, 0.00131635984872, 0.00339691061527, -0.0051860078238, 0.00317197944969, -0.00233911303803, 0.00190336199012, -0.000920499558561, 0.00240871007554, -0.000508073833771, 0.0216018240899]]
    spectral_contrast:
        mean: [-3.05734317863e-07, 1.53579222228e-07, 1.13564908588e-07, 1.15631621611e-07, 2.0479544105e-07, 1.18330071075e-07, 2.48404785452e-06, 2.18876880353e-06, -1.71057683929e-06, 4.67458812636e-06, 1.47365187786e-06, 5.17685123214e-07]
        var: [0.000615400378592, 0.000807817326859, 0.000933085626457, 0.00198286073282, 0.00261551095173, 0.00324286776595, 0.059624504298, 0.0876598060131, 0.0895133018494, 0.130152598023, 0.224395990372, 0.373548001051]

rhythm:
    beats_loudness:
        dmean: 0.00266885128804
        dmean2: 0.00461988244206
        dvar: 4.89130206915e-06
        dvar2: 1.24222378872e-05
        max: 0.0121693266556
        mean: 0.00573425646871
        min: 0.00251256558113
        var: 6.40770940663e-06
    beats_loudness_bass:
        dmean: 0.0514635816216
        dmean2: 0.0912241786718
        dvar: 0.00134959851857
        dvar2: 0.00245461682789
        max: 0.179058849812
        mean: 0.0712531656027
        min: 0.0236302912235
        var: 0.00212945160456
    bpm: 112.175186157
    bpm_confidence: 0
    first_peak_bpm: 112
    first_peak_spread: 0.0909090638161
    first_peak_weight: 0.526315808296
    onset_rate: 2.19892311096
    second_peak_bpm: 139
    second_peak_spread: 0
    second_peak_weight: 0.421052634716
    beats_position: [0.163865849376, 0.698888599873, 1.23391139507, 1.76893424988, 2.30395698547, 2.83897948265, 3.37400221825, 3.90902495384, 4.44404745102, 4.97907018661, 5.51409292221, 6.06761026382, 6.49860668182, 6.92960357666, 7.36059999466, 7.79159641266, 8.2225933075, 8.65358924866, 9.08458614349, 9.51558208466]
    bpm_estimates: [112.83000946, 113.204719543, 110.066589355, 110.038642883, 114.735961914]
    bpm_intervals: [0.535022735596, 0.5350227952, 0.535022854805, 0.535022735596, 0.535022497177, 0.535022735596, 0.535022735596, 0.535022497177, 0.535022735596, 0.535022735596, 0.553517341614, 0.430996417999, 0.430996894836, 0.430996417999, 0.430996417999, 0.430996894836, 0.430995941162, 0.430996894836, 0.430995941162]
    onset_times: [0.0580498874187, 0.429569154978, 0.615328788757, 2.93732428551, 4.07510185242, 4.15637207031, 4.33052158356, 4.40018129349, 5.29414987564, 5.64244890213, 5.68888902664, 5.88625860214, 6.21133804321, 6.44353723526, 6.48997735977, 7.12852621078, 7.8831744194, 8.52172374725, 9.22993183136, 9.49696159363, 9.77560043335, 9.92653083801]
    rubato_start: [6.49860668182]
    rubato_stop: [6.92960357666]
    perceptual_tempo: "unknown"

sfx:
    inharmonicity:
        dmean: 0.0281469095498
        dmean2: 0.0499641112983
        dvar: 0.00137176027056
        dvar2: 0.00390207883902
        max: 0.179799631238
        mean: 0.0275850258768
        min: 0
        var: 0.00133540388197
    oddtoevenharmonicenergyratio:
        dmean: 2.39666891098
        dmean2: 4.63930368423
        dvar: 214.870544434
        dvar2: 649.48425293
        max: 203.258087158
        mean: 1.5238288641
        min: 0
        var: 108.868270874
    pitch_after_max_to_before_max_energy_ratio: 8.35451698303
    pitch_centroid: 222.629135132
    pitch_max_to_total: 0.0652680620551
    pitch_min_to_total: 0.811188817024
    tristimulus:
        dmean: [0.182026579976, 0.19486002624, 0.06755091995]
        dmean2: [0.323754400015, 0.345146387815, 0.118601165712]
        dvar: [0.0286012049764, 0.0326415598392, 0.00458277575672]
        dvar2: [0.0767372623086, 0.0951533466578, 0.0129920700565]
        max: [1, 0.951944708824, 0.383215636015]
        mean: [0.476987868547, 0.418438136578, 0.0835657864809]
        min: [0.0233015622944, 0, 0]
        var: [0.0425063148141, 0.0461504310369, 0.0055375690572]

tonal:
    chords_changes_rate: 0.037037037313
    chords_number_rate: 0.00925925932825
    chords_strength:
        dmean: 0.00511660473421
        dmean2: 0.00494753522798
        dvar: 1.74570832314e-05
        dvar2: 1.79027629201e-05
        max: 0.664636194706
        mean: 0.555053710938
        min: 0.460598230362
        var: 0.00359518197365
    key_strength: 0.670212209225
    tuning_diatonic_strength: 0.529786407948
    tuning_equal_tempered_deviation: 0.0289729610085
    tuning_frequency: 438.731048584
    tuning_nontempered_energy_ratio: 0.620703756809
    hpcp:
        dmean: [0.0590930357575, 0.0442117638886, 0.0403573550284, 0.0555431097746, 0.0587721802294, 0.122219190001, 0.128757312894, 0.123691916466, 0.0608705431223, 0.0471003428102, 0.0203243941069, 0.0211417041719, 0.0205528214574, 0.0199575275183, 0.0792396217585, 0.111238904297, 0.0772595778108, 0.0281383376569, 0.0215069465339, 0.0162661224604, 0.00956260692328, 0.00836104806513, 0.0133761558682, 0.0189650095999, 0.0162540562451, 0.0123018361628, 0.0624915249646, 0.108739264309, 0.0817085057497, 0.129563555121, 0.142572686076, 0.134713828564, 0.060021288693, 0.0571724772453, 0.0666422620416, 0.0673930421472]
        dmean2: [0.0953640565276, 0.0739414095879, 0.0710249990225, 0.0923366695642, 0.100920282304, 0.184288918972, 0.211600989103, 0.211154043674, 0.10008584708, 0.0741970613599, 0.0348875261843, 0.0351887792349, 0.0357276238501, 0.0337353609502, 0.129892587662, 0.180660054088, 0.121532090008, 0.0490720681846, 0.0363179333508, 0.0282080359757, 0.01578704454, 0.0138985663652, 0.0211067181081, 0.0310643333942, 0.0273486785591, 0.0216832887381, 0.098398514092, 0.167926520109, 0.122872725129, 0.188138887286, 0.217641726136, 0.206366509199, 0.0992812141776, 0.0926781147718, 0.117339916527, 0.116860032082]
        dvar: [0.00773685751483, 0.0053675766103, 0.00958514399827, 0.015574619174, 0.0159319415689, 0.0238569807261, 0.0354698747396, 0.0290724057704, 0.0160922799259, 0.0147646442056, 0.0013246628223, 0.00188624707516, 0.00210356805474, 0.0011636079289, 0.00972442049533, 0.0194337777793, 0.00678332941607, 0.00192635785788, 0.00164946378209, 0.00133855105378, 0.000198601963348, 0.000181426265044, 0.000241625210037, 0.000578320934437, 0.000788333301898, 0.000359858939191, 0.00728475954384, 0.0247487165034, 0.011565066874, 0.0143326949328, 0.0299641378224, 0.0163141507655, 0.00989869609475, 0.0115098506212, 0.0207448024303, 0.0147552322596]
        dvar2: [0.0213920585811, 0.0165202133358, 0.029693884775, 0.0438124425709, 0.0390205569565, 0.0424035638571, 0.0718679875135, 0.0750924572349, 0.0366225168109, 0.0386143103242, 0.00375175056979, 0.00509125227109, 0.0058429017663, 0.00303178606555, 0.0231934841722, 0.0391690991819, 0.0161391366273, 0.0058007882908, 0.00453927367926, 0.00389290018938, 0.000564943184145, 0.00046605564421, 0.000650400528684, 0.00143284746446, 0.00161241379101, 0.00082420441322, 0.0152046661824, 0.0525884926319, 0.0247419141233, 0.0330822318792, 0.0607874579728, 0.0381548292935, 0.0243219602853, 0.027023024857, 0.0590593665838, 0.0415185429156]
        max: [1, 0.60049790144, 1, 0.949275255203, 1, 1, 1, 1, 1, 1, 0.225999444723, 0.291042238474, 0.316082626581, 0.353370755911, 0.732675015926, 1, 0.729773581028, 0.32100713253, 0.308157503605, 0.323523640633, 0.100355163217, 0.104999788105, 0.10458804667, 0.19688077271, 0.295874148607, 0.157418683171, 0.716827392578, 1, 0.967811346054, 1, 1, 1, 0.893149793148, 0.973361551762, 1, 0.883563399315]
        mean: [0.104013137519, 0.0621522814035, 0.0459464080632, 0.057810459286, 0.0698503702879, 0.339024871588, 0.57032006979, 0.34081017971, 0.124329708517, 0.0709673836827, 0.0244018435478, 0.0226517245173, 0.0200867187232, 0.0224815364927, 0.153455123305, 0.291879236698, 0.17787925899, 0.0381258167326, 0.0241458918899, 0.017752179876, 0.0106336614117, 0.00976609624922, 0.0196427926421, 0.0299867000431, 0.023484710604, 0.0153462802991, 0.0981543958187, 0.186020761728, 0.138026207685, 0.384337365627, 0.621145784855, 0.321323931217, 0.0713761374354, 0.0801227018237, 0.0966400504112, 0.102972738445]
        min: [0.0048631192185, 0.000680791214108, 0.000827897398267, 0.000591110554524, 0.00154103431851, 0.00377072487026, 0.00131865323056, 0.00589207140729, 0.00103020411916, 0.000669854984153, 0.000993292196654, 0.00055234960746, 0.000867867202032, 0.000481836439576, 0.00588864879683, 0.00753274653107, 0.00130750495009, 0.000979044823907, 0.000381979276426, 0.000386512750993, 0.000261013046838, 0.000103105201561, 0.00100073125213, 0.00110375974327, 0.00123096164316, 0.000155072499183, 0.0011032493785, 0.00172630744055, 0.00628971355036, 0.0361437574029, 0.0393575280905, 0.0315085165203, 0.000986224040389, 0.00094173749676, 0.000362627004506, 0.00239969720133]
        var: [0.0129362093285, 0.00615524314344, 0.00698540778831, 0.0132132694125, 0.0182568095624, 0.0843099206686, 0.171193048358, 0.0734830722213, 0.0642043054104, 0.0304249674082, 0.00133888807613, 0.0015294450568, 0.00146818137728, 0.00115589285269, 0.0256716590375, 0.0785716101527, 0.027270462364, 0.00218138215132, 0.00153282715473, 0.000966090825386, 0.000201966802706, 0.000202532319236, 0.000368364766473, 0.000850177137181, 0.0010605037678, 0.000470408442197, 0.0154840238392, 0.0617806911469, 0.0330422744155, 0.0536705553532, 0.116295590997, 0.0428657084703, 0.012407604605, 0.0207847692072, 0.0246128756553, 0.0172244478017]
    chords_histogram: [63.8888893127, 36.1111106873, 0, 0, 0, 0, 0, 0, 0, 0, 0, 0, 0, 0, 0, 0, 0, 0, 0, 0, 0, 0, 0, 0]
    thpcp: [1, 0.517308413982, 0.114910446107, 0.128991782665, 0.155583530664, 0.165778696537, 0.167453661561, 0.10006070137, 0.0739704072475, 0.0930706784129, 0.112454071641, 0.545805633068, 0.918174266815, 0.548679828644, 0.200161874294, 0.114252381027, 0.0392852127552, 0.0364676453173, 0.0323381721973, 0.0361936539412, 0.24705170095, 0.469904571772, 0.286372810602, 0.0613798201084, 0.0388731472194, 0.0285797324032, 0.0171194300056, 0.0157227125019, 0.0316234827042, 0.0482764281332, 0.0378086939454, 0.0247064065188, 0.158021509647, 0.299480021, 0.222212255001, 0.61875551939]
    chords_key: "G"
    chords_scale: "major"
    key_key: "G"
    key_scale: "major"
    chords_progression: ["G", "G", "G", "G", "G", "G", "G", "G", "G", "G", "G", "G", "G", "G", "G", "G", "G", "G", "G", "G", "G", "G", "G", "G", "G", "G", "G", "G", "G", "G", "G", "G", "G", "G", "G", "G", "G", "G", "G", "G", "G", "G", "G", "Bm", "Bm", "Bm", "Bm", "Bm", "Bm", "Bm", "Bm", "Bm", "Bm", "Bm", "Bm", "Bm", "Bm", "Bm", "Bm", "Bm", "Bm", "Bm", "Bm", "Bm", "Bm", "Bm", "Bm", "Bm", "Bm", "Bm", "Bm", "Bm", "Bm", "Bm", "Bm", "Bm", "Bm", "Bm", "Bm", "Bm", "Bm", "Bm", "Bm", "Bm", "Bm", "Bm", "Bm", "Bm", "Bm", "Bm", "Bm", "Bm", "Bm", "Bm", "Bm", "Bm", "Bm", "Bm", "Bm", "Bm", "Bm", "Bm", "Bm", "Bm", "Bm", "Bm", "Bm", "Bm", "Bm", "Bm", "Bm", "G", "G", "G", "G", "G", "G", "G", "G", "G", "G", "G", "G", "G", "G", "G", "G", "G", "G", "G", "G", "G", "G", "G", "G", "G", "G", "G", "Bm", "Bm", "Bm", "Bm", "Bm", "G", "G", "G", "Bm", "G", "G", "G", "G", "G", "G", "Bm", "Bm", "Bm", "Bm", "G", "G", "G", "G", "G", "G", "G", "G", "G", "G", "G", "G", "G", "G", "G", "G", "G", "G", "G", "G", "G", "G", "G", "G", "G", "G", "G", "G", "G", "G", "G", "G", "G", "G", "G", "G", "G", "G", "G", "G", "G", "G", "G", "G", "G", "G", "G", "G", "G", "G", "G", "G", "G", "G", "G", "G", "G", "G", "G"]
