
metadata:
    version:
        essentia: "1.2.2"
    audio_properties:
        analysis_sample_rate: 44100
        bitrate: 128
        channels: 2
        equal_loudness: 1
        length: 10.0048980713
        replay_gain: -6.9190864563
        downmix: "mix"
    tags:
        track: 18
        year: 0
        album: "Splitted by Mp3Splt v. 2.1"
        artist: "From 002.50 To 003.00"
        comment: "http://mp3splt.sf.net"
        genre: ""
        title: "07 Walk Now.mp3"

highlevel:
    ballroom:
        all:
            ChaChaCha: 0.0963593050838
            Jive: 0.0283014327288
            Quickstep: 0.000433885928942
            Rumba-American: 0.000403909769375
            Rumba-International: 0.00032584098517
            Rumba-Misc: 0.00274512916803
            Samba: 0.871237635612
            Tango: 5.95660494582e-05
            VienneseWaltz: 6.94811024005e-05
            Waltz: 6.38116907794e-05
        probability: 0.871237635612
        value: "Samba"
    culture:
        all:
            non_western: 0.0966408923268
            western: 0.903359115124
        probability: 0.903359115124
        value: "western"
    gender:
        all:
            female: 0.897824287415
            male: 0.102175690234
        probability: 0.897824287415
        value: "female"
    genre_dortmund:
        all:
            alternative: 0.0247764587402
            blues: 0.00789537187666
            electronic: 0.30589017272
            folkcountry: 0.0105405645445
            funksoulrnb: 0.0225890651345
            jazz: 0.0503880903125
            pop: 0.0994313433766
            raphiphop: 0.398399651051
            rock: 0.0800892859697
        probability: 0.398399651051
        value: "raphiphop"
    genre_electronica:
        all:
            ambient: 0.0313479527831
            dnb: 0.0398660078645
            house: 0.0299072898924
            techno: 0.0272494405508
            trance: 0.871629297733
        probability: 0.871629297733
        value: "trance"
    genre_rosamerica:
        all:
            cla: 0.000701816286892
            dan: 0.812083542347
            hip: 0.156668871641
            jaz: 0.00137488706969
            pop: 0.0109171727672
            rhy: 0.0107990140095
            roc: 0.00700091850013
            spe: 0.000453806540463
        probability: 0.812083542347
        value: "dan"
    genre_tzanetakis:
        all:
            blu: 0.000592266442254
            cla: 0.000701521174051
            cou: 0.000964380626101
            dis: 0.00917134340852
            hip: 0.0042270552367
            jaz: 0.0040779709816
            met: 0.00445411726832
            pop: 0.967629373074
            reg: 0.00630601961166
            roc: 0.00187596911564
        probability: 0.967629373074
        value: "pop"
    live_studio:
        all:
            live: 0.0740943774581
            studio: 0.925905644894
        probability: 0.925905644894
        value: "studio"
    mood:
        all:
            Cluster1: 0.472887635231
            Cluster2: 0.284918993711
            Cluster3: 0.0305329114199
            Cluster4: 0.0823199152946
            Cluster5: 0.129340529442
        probability: 0.472887635231
        value: "Cluster1"
    mood_acoustic:
        all:
            acoustic: 1.48996396092e-05
            not_acoustic: 0.999985098839
        probability: 0.999985098839
        value: "not_acoustic"
    mood_aggressive:
        all:
            aggressive: 0.111598566175
            not_aggressive: 0.888401448727
        probability: 0.888401448727
        value: "not_aggressive"
    mood_electronic:
        all:
            electronic: 0.988041639328
            not_electronic: 0.0119583560154
        probability: 0.988041639328
        value: "electronic"
    mood_happy:
        all:
            happy: 0.150380238891
            not_happy: 0.849619746208
        probability: 0.849619746208
        value: "not_happy"
    mood_party:
        all:
            not_party: 0.0766532942653
            party: 0.923346698284
        probability: 0.923346698284
        value: "party"
    mood_relaxed:
        all:
            not_relaxed: 0.93503844738
            relaxed: 0.0649615302682
        probability: 0.93503844738
        value: "not_relaxed"
    mood_sad:
        all:
            not_sad: 0.925876140594
            sad: 0.0741238296032
        probability: 0.925876140594
        value: "not_sad"
    rhythm:
        all:
            fast: 0.655979692936
            medium: 0.33078110218
            slow: 0.0132391694933
        probability: 0.655979692936
        value: "fast"
    speech_music:
        all:
            music: 0.999998509884
            speech: 1.49264747051e-06
        probability: 0.999998509884
        value: "music"
    timbre:
        all:
            bright: 0.884779274464
            dark: 0.115220747888
        probability: 0.884779274464
        value: "bright"
    voice_instrumental:
        all:
            instrumental: 0.563934504986
            voice: 0.436065495014
        probability: 0.563934504986
        value: "instrumental"

lowlevel:
    average_loudness: 0.984427809715
    barkbands_kurtosis:
        dmean: 0.629913210869
        dmean2: 1.04808938503
        dvar: 0.456873089075
        dvar2: 1.20025134087
        max: 4.82685661316
        mean: -0.879770159721
        min: -1.83235287666
        var: 0.664811849594
    barkbands_skewness:
        dmean: 0.495441675186
        dmean2: 0.814895927906
        dvar: 0.172455847263
        dvar2: 0.430282741785
        max: 1.81120753288
        mean: 0.119006685913
        min: -1.95643699169
        var: 0.397340744734
    barkbands_spread:
        dmean: 8.60797119141
        dmean2: 13.6708974838
        dvar: 45.3328170776
        dvar2: 110.053077698
        max: 71.1553649902
        mean: 42.1137619019
        min: 11.357872963
        var: 133.804092407
    dissonance:
        dmean: 0.0245024394244
        dmean2: 0.042402908206
        dvar: 0.000502559531014
        dvar2: 0.001407364849
        max: 0.499975591898
        mean: 0.460046440363
        min: 0.310686290264
        var: 0.000851374235936
    hfc:
        dmean: 5.04968976974
        dmean2: 7.84016370773
        dvar: 46.3167190552
        dvar2: 104.256561279
        max: 50.8499412537
        mean: 5.68034410477
        min: 0.0305453594774
        var: 53.519695282
    pitch:
        dmean: 913.492004395
        dmean2: 1772.16589355
        dvar: 2030160.25
        dvar2: 5026833.5
        max: 4410
        mean: 1117.04272461
        min: 98
        var: 1919943.25
    pitch_instantaneous_confidence:
        dmean: 0.16380892694
        dmean2: 0.259150773287
        dvar: 0.0206544771791
        dvar2: 0.0412496626377
        max: 0.956769049168
        mean: 0.495478868484
        min: 0.146232843399
        var: 0.036984115839
    pitch_salience:
        dmean: 0.102309048176
        dmean2: 0.165395542979
        dvar: 0.00774960126728
        dvar2: 0.0179323721677
        max: 0.833359003067
        mean: 0.549992263317
        min: 0.251652628183
        var: 0.0129796909168
    silence_rate_20dB:
        dmean: 0
        dmean2: 0
        dvar: 0
        dvar2: 0
        max: 1
        mean: 1
        min: 1
        var: 0
    silence_rate_30dB:
        dmean: 0
        dmean2: 0
        dvar: 0
        dvar2: 0
        max: 1
        mean: 1
        min: 1
        var: 0
    silence_rate_60dB:
        dmean: 0.264501154423
        dmean2: 0.530232548714
        dvar: 0.194540902972
        dvar2: 0.286294072866
        max: 1
        mean: 0.701388895512
        min: 0
        var: 0.209443166852
    spectral_centroid:
        dmean: 512.879821777
        dmean2: 841.801086426
        dvar: 181732.328125
        dvar2: 421734.6875
        max: 3918.58691406
        mean: 1974.64367676
        min: 586.798278809
        var: 447702.53125
    spectral_complexity:
        dmean: 5.49534893036
        dmean2: 8.53846168518
        dvar: 42.5383453369
        dvar2: 84.88722229
        max: 45
        mean: 7.58932733536
        min: 0
        var: 59.5181236267
    spectral_crest:
        dmean: 2.28041338921
        dmean2: 3.78130602837
        dvar: 3.26779055595
        dvar2: 9.16293525696
        max: 15.9562425613
        mean: 6.85985994339
        min: 2.64864802361
        var: 5.87103414536
    spectral_decrease:
        dmean: 5.75022141014e-10
        dmean2: 9.04021968395e-10
        dvar: 5.96086150042e-19
        dvar2: 1.46101964764e-18
        max: -3.20419623993e-12
        mean: -6.43975095471e-10
        min: -5.39171329805e-09
        var: 6.14879848655e-19
    spectral_energy:
        dmean: 0.00260543543845
        dmean2: 0.00408408371732
        dvar: 1.18161724458e-05
        dvar2: 2.82639412035e-05
        max: 0.0218885671347
        mean: 0.00294573698193
        min: 1.48639455801e-05
        var: 1.26274444483e-05
    spectral_energyband_high:
        dmean: 0.000546685478184
        dmean2: 0.000862780841999
        dvar: 6.3352615598e-07
        dvar2: 1.45915510075e-06
        max: 0.00643379008397
        mean: 0.000561023072805
        min: 2.58111936091e-06
        var: 6.95843823451e-07
    spectral_energyband_low:
        dmean: 0.000393626600271
        dmean2: 0.000647556269541
        dvar: 4.51934113244e-07
        dvar2: 1.14619103897e-06
        max: 0.00376277253963
        mean: 0.000411115732277
        min: 5.04155252656e-07
        var: 4.02554121592e-07
    spectral_energyband_middle_high:
        dmean: 0.000683325342834
        dmean2: 0.00103337131441
        dvar: 8.13990425286e-07
        dvar2: 1.7447416667e-06
        max: 0.00802275165915
        mean: 0.000919183832593
        min: 5.74424393562e-06
        var: 1.03316222066e-06
    spectral_energyband_middle_low:
        dmean: 0.00123648671433
        dmean2: 0.00212554796599
        dvar: 3.92710808228e-06
        dvar2: 1.02386457002e-05
        max: 0.0140892900527
        mean: 0.00105439592153
        min: 1.55303951033e-06
        var: 3.02642411043e-06
    spectral_flatness_db:
        dmean: 0.0194879733026
        dmean2: 0.0317022800446
        dvar: 0.000255143415416
        dvar2: 0.000689181790221
        max: 0.269785821438
        mean: 0.113757394254
        min: 0.067381568253
        var: 0.000789801008068
    spectral_flux:
        dmean: 0.0186039861292
        dmean2: 0.0280881430954
        dvar: 0.000364226521924
        dvar2: 0.000644212123007
        max: 0.131882324815
        mean: 0.040415354073
        min: 0.00385537883267
        var: 0.000605764973443
    spectral_kurtosis:
        dmean: 0.723993778229
        dmean2: 1.1056689024
        dvar: 0.514504253864
        dvar2: 1.14388942719
        max: 7.76994037628
        mean: 0.830366075039
        min: -0.912589073181
        var: 0.755786418915
    spectral_rms:
        dmean: 0.000658689590637
        dmean2: 0.000954804767389
        dvar: 4.33519488752e-07
        dvar2: 9.97970460048e-07
        max: 0.00462111458182
        mean: 0.00149445992429
        min: 0.000120421806059
        var: 6.40478731384e-07
    spectral_rolloff:
        dmean: 865.33392334
        dmean2: 1457.83227539
        dvar: 717433.0625
        dvar2: 1789876.5
        max: 7235.15625
        mean: 4002.03027344
        min: 775.1953125
        var: 1165105.25
    spectral_skewness:
        dmean: 0.234974548221
        dmean2: 0.354541748762
        dvar: 0.0450751893222
        dvar2: 0.103975504637
        max: 2.47299361229
        mean: 0.962242186069
        min: 0.389420777559
        var: 0.0721401572227
    spectral_spread:
        dmean: 743767
        dmean2: 1096522.25
        dvar: 460057182208
        dvar2: 861703766016
        max: 12038867
        mean: 8083235.5
        min: 5981920.5
        var: 1.20820033126e+12
    spectral_strongpeak:
        dmean: 0.384342908859
        dmean2: 0.673519134521
        dvar: 0.172282397747
        dvar2: 0.445341914892
        max: 2.18347096443
        mean: 0.428721785545
        min: 0.00206816452555
        var: 0.187875181437
    zerocrossingrate:
        dmean: 0.0143225379288
        dmean2: 0.017330000177
        dvar: 0.000125580845634
        dvar2: 0.000159249815624
        max: 0.189453125
        mean: 0.116297036409
        min: 0.0400390625
        var: 0.000634801166598
    barkbands:
        dmean: [1.20632626022e-06, 9.87246457953e-05, 0.000341052218573, 0.000344608444721, 0.000428983039455, 0.000160001829499, 0.000191732135136, 0.000140577089041, 8.55121470522e-05, 0.000104942591861, 3.63578838005e-05, 6.6098102252e-05, 1.58476486831e-05, 3.57549215551e-05, 8.89933871804e-05, 7.32975022402e-05, 7.58787500672e-05, 9.06879722606e-05, 0.000181381532457, 0.000230308723985, 0.000204991360079, 0.000120903176139, 7.20435782569e-05, 4.38306597061e-05, 1.16157407319e-05, 2.4408998911e-07, 8.74308070387e-10]
        dmean2: [1.59574824465e-06, 0.000155102447025, 0.000594787707087, 0.000644449028187, 0.00077330210479, 0.000293351215078, 0.000355652795406, 0.000243144022534, 0.000125306221889, 0.000153440225404, 5.89982810197e-05, 0.000102387195511, 2.64535356109e-05, 5.92547658016e-05, 0.000158696100698, 0.000119680422358, 0.000128058207338, 0.000146649297676, 0.000295172241749, 0.00036837082007, 0.000322058418533, 0.000193393847439, 0.000116496332339, 7.52676933189e-05, 1.86341185326e-05, 3.77300125365e-07, 1.36093269987e-09]
        dvar: [1.96142863236e-12, 2.65164210589e-08, 4.18642059685e-07, 6.92925027579e-07, 9.38003211104e-07, 2.03075913419e-07, 7.83781644031e-08, 4.1773841275e-08, 3.75902899918e-08, 3.61132386217e-08, 2.430313506e-09, 9.51832657137e-09, 1.31219057842e-09, 3.35676730856e-09, 3.68753703128e-08, 1.3784236863e-08, 2.95566717767e-08, 2.4208338445e-08, 6.93382631312e-08, 1.27631238911e-07, 1.23810693253e-07, 3.23919202572e-08, 7.57375673288e-09, 3.41415185012e-09, 2.00575112075e-10, 7.59847778231e-14, 1.25791556051e-17]
        dvar2: [3.10043462258e-12, 6.67302444413e-08, 1.0833067563e-06, 1.96412156583e-06, 2.55036843555e-06, 5.78165213483e-07, 2.07497876659e-07, 1.08505034291e-07, 5.55514994005e-08, 5.86761998989e-08, 5.74601166647e-09, 2.11131307992e-08, 3.40814931832e-09, 8.32968538589e-09, 9.99788909439e-08, 3.48998909772e-08, 7.52912896473e-08, 6.25484730676e-08, 1.54194381707e-07, 3.06333106437e-07, 2.86859773269e-07, 7.56800346835e-08, 1.89410034324e-08, 8.80449846363e-09, 4.96163166108e-10, 1.6826603587e-13, 1.36437469797e-17]
        max: [1.4288129023e-05, 0.00135803455487, 0.00330473715439, 0.00664418097585, 0.00605692714453, 0.00384292681701, 0.00130371830892, 0.00152377621271, 0.0032628912013, 0.00263214553706, 0.00041267593042, 0.000819435343146, 0.000370860507246, 0.000514070619829, 0.00184382207226, 0.00121641589794, 0.00208104006015, 0.00112887856085, 0.0021444153972, 0.00317460857332, 0.00289779063314, 0.00138661870733, 0.000478334783111, 0.000306552305119, 8.32011792227e-05, 1.52670463649e-06, 7.23187341123e-08]
        mean: [3.9154147089e-06, 0.000166389378137, 0.00024082895834, 0.000222589660552, 0.000282617518678, 0.000128252373543, 0.000149037674419, 0.00012100188178, 0.000107188963739, 0.000147461076267, 4.57011337858e-05, 8.36700055515e-05, 1.43979068525e-05, 3.1837294955e-05, 6.76976778777e-05, 7.29859020794e-05, 7.57218222134e-05, 8.37627667352e-05, 0.000220152243855, 0.000254674901953, 0.000188153542695, 0.000132807865157, 6.25103348284e-05, 3.15406578011e-05, 1.05838544187e-05, 2.55766082091e-07, 7.98598132068e-10]
        min: [1.13884812691e-09, 2.67905477358e-07, 2.47814249121e-08, 4.33794333787e-08, 1.37803715106e-08, 4.1522341121e-09, 3.4570419416e-08, 3.48638558023e-08, 7.60206546602e-08, 4.41529266482e-07, 1.42497839306e-07, 4.96752612378e-08, 1.95709626283e-09, 7.9051282853e-08, 4.90581797408e-09, 1.01195965385e-07, 2.401343977e-07, 1.26610011364e-08, 1.78811617957e-07, 2.86773047264e-06, 2.11608792711e-07, 6.01869999173e-07, 3.48481393075e-07, 4.65626506241e-08, 2.95626989555e-08, 1.52279733268e-09, 2.44932221206e-13]
        var: [1.19185963182e-11, 3.1708630388e-08, 3.17717848475e-07, 4.06253576557e-07, 6.16856823399e-07, 1.20159015182e-07, 5.64168765038e-08, 3.51528797182e-08, 6.87971848379e-08, 7.19179382713e-08, 3.37752825708e-09, 1.46665550815e-08, 1.08964137713e-09, 2.93818591679e-09, 2.48561757843e-08, 1.23513990147e-08, 2.48145592963e-08, 2.2260396193e-08, 8.66988258963e-08, 1.363915203e-07, 1.30247400421e-07, 3.53494264971e-08, 7.41568229046e-09, 2.74338685102e-09, 1.94724389391e-10, 8.89309378091e-14, 1.27485448238e-17]
    mfcc:
        mean: [-727.818786621, 63.6375236511, -4.10591077805, 39.2066612244, -17.421295166, 0.192620292306, 0.617939591408, 10.6763544083, 8.5793504715, 4.199406147, -4.42101669312, -3.91294312477, 6.3260550499]
        cov: [[3969.46826172, -239.364227295, 277.502075195, 154.498657227, 249.69152832, -47.7496871948, -403.879211426, -463.861724854, -314.820281982, -67.4615707397, -146.300430298, 29.5370025635, -269.524169922], [-239.364227295, 648.829345703, 286.820861816, 59.0679397583, 104.347640991, -27.4364089966, -160.939865112, -25.7956924438, 36.6424865723, 89.5333328247, 71.8539657593, 14.7455940247, 34.3191299438], [277.502075195, 286.820861816, 316.69317627, 42.3551025391, 80.0412445068, -39.9974441528, -158.541473389, -55.8331489563, -18.4851799011, 39.8492965698, 12.2923183441, 17.0271091461, 13.4416866302], [154.498657227, 59.0679397583, 42.3551025391, 224.321624756, 39.1581039429, 4.65827608109, 19.6761169434, -37.1581382751, 12.3270654678, -40.6778755188, -23.8485031128, -24.060125351, -34.1374473572], [249.69152832, 104.347640991, 80.0412445068, 39.1581039429, 137.449951172, 32.9726295471, -66.9603652954, -26.1692047119, -6.56187200546, 49.9350242615, 19.5994739532, -5.42330598831, -23.4075164795], [-47.7496871948, -27.4364089966, -39.9974441528, 4.65827608109, 32.9726295471, 122.859268188, 92.6044540405, 9.62079143524, 1.49344968796, -0.894335865974, 3.21443986893, -7.3503370285, 16.5362854004], [-403.879211426, -160.939865112, -158.541473389, 19.6761169434, -66.9603652954, 92.6044540405, 267.145507812, 113.77620697, 44.3763580322, -55.8291282654, -22.0019340515, -30.4148769379, 7.43038415909], [-463.861724854, -25.7956924438, -55.8331489563, -37.1581382751, -26.1692047119, 9.62079143524, 113.77620697, 178.385162354, 91.563117981, 15.2537631989, 13.9085617065, -16.0411109924, -4.77656173706], [-314.820281982, 36.6424865723, -18.4851799011, 12.3270654678, -6.56187200546, 1.49344968796, 44.3763580322, 91.563117981, 139.090591431, 58.3197860718, 14.6944150925, -23.2938117981, -22.0668697357], [-67.4615707397, 89.5333328247, 39.8492965698, -40.6778755188, 49.9350242615, -0.894335865974, -55.8291282654, 15.2537631989, 58.3197860718, 129.36567688, 43.4537010193, -10.5497112274, -22.6374111176], [-146.300430298, 71.8539657593, 12.2923183441, -23.8485031128, 19.5994739532, 3.21443986893, -22.0019340515, 13.9085617065, 14.6944150925, 43.4537010193, 92.8895111084, 34.8420639038, 9.5916519165], [29.5370025635, 14.7455940247, 17.0271091461, -24.060125351, -5.42330598831, -7.3503370285, -30.4148769379, -16.0411109924, -23.2938117981, -10.5497112274, 34.8420639038, 95.6461105347, 60.3414077759], [-269.524169922, 34.3191299438, 13.4416866302, -34.1374473572, -23.4075164795, 16.5362854004, 7.43038415909, -4.77656173706, -22.0668697357, -22.6374111176, 9.5916519165, 60.3414077759, 165.70111084]]
        icov: [[0.000743355194572, 0.000640797254164, -0.000678650394548, 1.97542649403e-05, -0.00107204192318, -9.91218257695e-05, 0.000281247281237, 0.00112494209316, 0.000383421982406, 0.000201203816687, 0.00103289936669, -0.00117490056437, 0.00146039819811], [0.000640797254164, 0.00379648036323, -0.00299050123431, -0.000740274088457, -0.00113885931205, -0.000357371667633, 0.00105209671892, 0.000684163882397, -0.0004875677987, -0.000111920351628, -0.00127104134299, 0.000174413158675, 0.000123241959955], [-0.000678650394548, -0.00299050123431, 0.00766980974004, -0.00110059278086, 0.000127506034914, -0.00010056582687, 0.00270661036484, -0.0022706806194, 0.00096257426776, -0.000683986465447, 0.00113578827586, 0.00027772449539, -0.00162432563957], [1.97542649403e-05, -0.000740274088457, -0.00110059278086, 0.00865332502872, -0.0054911817424, 0.00372465676628, -0.00471973977983, 0.00576665252447, -0.0053713992238, 0.00572975352407, -0.000143896439113, 0.000568384421058, 0.00115674117114], [-0.00107204192318, -0.00113885931205, 0.000127506034914, -0.0054911817424, 0.0195019748062, -0.0110131483525, 0.00793852843344, -0.00733238272369, 0.0048217610456, -0.00645398488268, -0.00135796552058, 0.00170519005042, -0.000144807141623], [-9.91218257695e-05, -0.000357371667633, -0.00010056582687, 0.00372465676628, -0.0110131483525, 0.0207725707442, -0.013425800018, 0.00734082004055, -0.00195816089399, 3.38270983775e-05, -0.00123041018378, 0.000529407639988, -0.00250454666093], [0.000281247281237, 0.00105209671892, 0.00270661036484, -0.00471973977983, 0.00793852843344, -0.013425800018, 0.0179416555911, -0.00978456158191, 0.00181393162347, 0.00200646882877, 0.000616587174591, 0.00186140369624, 0.000224464369239], [0.00112494209316, 0.000684163882397, -0.0022706806194, 0.00576665252447, -0.00733238272369, 0.00734082004055, -0.00978456158191, 0.0182695910335, -0.00917578302324, 0.00377622293308, -0.000758137612138, -0.00135718123056, 0.0020893944893], [0.000383421982406, -0.0004875677987, 0.00096257426776, -0.0053713992238, 0.0048217610456, -0.00195816089399, 0.00181393162347, -0.00917578302324, 0.0187593940645, -0.010569287464, 0.00242566131055, -0.000657975266222, 0.00122416811064], [0.000201203816687, -0.000111920351628, -0.000683986465447, 0.00572975352407, -0.00645398488268, 3.38270983775e-05, 0.00200646882877, 0.00377622293308, -0.010569287464, 0.0200676172972, -0.00592030351982, 0.00354303885251, 0.00107665034011], [0.00103289936669, -0.00127104134299, 0.00113578827586, -0.000143896439113, -0.00135796552058, -0.00123041018378, 0.000616587174591, -0.000758137612138, 0.00242566131055, -0.00592030351982, 0.0195247177035, -0.00998845603317, 0.00372441578656], [-0.00117490056437, 0.000174413158675, 0.00027772449539, 0.000568384421058, 0.00170519005042, 0.000529407639988, 0.00186140369624, -0.00135718123056, -0.000657975266222, 0.00354303885251, -0.00998845603317, 0.0204712115228, -0.00826731696725], [0.00146039819811, 0.000123241959955, -0.00162432563957, 0.00115674117114, -0.000144807141623, -0.00250454666093, 0.000224464369239, 0.0020893944893, 0.00122416811064, 0.00107665034011, 0.00372441578656, -0.00826731696725, 0.0121397366747]]
    spectral_contrast:
        mean: [2.24848491825e-07, 1.13029280158e-07, -1.7338589231e-08, -1.67560273212e-07, 1.23989067902e-07, 5.52276446797e-07, -7.99822430508e-07, 4.47290676675e-06, 2.40382360062e-06, -2.41571683546e-06, -4.02061687055e-06, -3.55691759069e-06]
        var: [0.000306017987896, 0.000641811115202, 0.00164923351258, 0.00302120600827, 0.0030772536993, 0.0053543979302, 0.0815406963229, 0.126348257065, 0.18454529345, 0.232536286116, 0.847441256046, 3.42776584625]

rhythm:
    beats_loudness:
        dmean: 0.00471586128697
        dmean2: 0.00905344821513
        dvar: 5.1551796787e-06
        dvar2: 1.66314148373e-05
        max: 0.0135990278795
        mean: 0.00785792898387
        min: 0.00381645699963
        var: 9.84958478512e-06
    beats_loudness_bass:
        dmean: 0.270470440388
        dmean2: 0.527843654156
        dvar: 0.00889392383397
        dvar2: 0.0187248941511
        max: 0.674144923687
        mean: 0.365232676268
        min: 0.124719597399
        var: 0.0255670696497
    bpm: 128.837844849
    bpm_confidence: 0
    first_peak_bpm: 129
    first_peak_spread: 0
    first_peak_weight: 0.949999988079
    onset_rate: 7.39637708664
    second_peak_bpm: 119
    second_peak_spread: 0
    second_peak_weight: 0.0500000007451
    beats_position: [0.451698154211, 0.917182326317, 1.38266646862, 1.84815061092, 2.31363487244, 2.77911901474, 3.24460315704, 3.71008706093, 4.17557096481, 4.64105510712, 5.10653924942, 5.57202291489, 6.07634830475, 6.54226827621, 7.00818872452, 7.47410821915, 7.94002819061, 8.40594768524, 8.87186813354, 9.33778762817, 9.8037071228]
    bpm_estimates: [128.959609985, 128.821029663, 129.062942505, 129.017120361, 128.844726562, 128.823455811, 128.889587402, 128.978729248, 128.803451538, 128.773864746, 128.904800415, 128.856185913, 128.722869873, 128.920028687, 128.942047119, 128.903305054, 128.701705933, 128.60144043, 128.752746582, 128.680999756, 128.650924683, 128.821243286]
    bpm_intervals: [0.465484172106, 0.465484142303, 0.465484142303, 0.465484261513, 0.465484142303, 0.465484142303, 0.465483903885, 0.465483903885, 0.465484142303, 0.465484142303, 0.465483665466, 0.504325389862, 0.465919971466, 0.465920448303, 0.465919494629, 0.465919971466, 0.465919494629, 0.465920448303, 0.465919494629, 0.465919494629]
    onset_times: [0.0464399084449, 0.208979591727, 0.325079351664, 0.452789127827, 0.568888902664, 0.673378705978, 0.801088452339, 0.917188227177, 1.14938771725, 1.27709746361, 1.38158726692, 1.49768710136, 1.6137868166, 1.74149656296, 1.84598636627, 2.07818603516, 2.20589566231, 2.33360552788, 2.4497051239, 2.55419492722, 2.68190479279, 2.7863945961, 3.01859402657, 3.14630389214, 3.26240372658, 3.3785033226, 3.49460315704, 3.61070299149, 3.72680282593, 3.95900225639, 4.08671188354, 4.20281171799, 4.31891155243, 4.43501138687, 4.55111122131, 4.66721105576, 4.8994102478, 5.02712011337, 5.13160991669, 5.24770975113, 5.36380958557, 5.49151945114, 5.59600925446, 5.8282084465, 5.95591831207, 6.07201814651, 6.18811798096, 6.3042178154, 6.42031764984, 6.53641700745, 6.76861667633, 6.8963265419, 7.01242637634, 7.12852621078, 7.24462604523, 7.36072540283, 7.47682523727, 7.70902490616, 7.8251247406, 7.95283460617, 8.06893444061, 8.18503379822, 8.31274414062, 8.40562343597, 8.64943313599, 8.77714252472, 8.88163280487, 9.0093421936, 9.11383247375, 9.34603214264, 9.58984088898, 9.70594120026, 9.83365058899, 9.94975090027]
    rubato_start: []
    rubato_stop: []
    perceptual_tempo: "unknown"

sfx:
    inharmonicity:
        dmean: 0.0473257601261
        dmean2: 0.0849193036556
        dvar: 0.00289936666377
        dvar2: 0.0081562269479
        max: 0.316050559282
        mean: 0.0444959960878
        min: 9.18569930946e-05
        var: 0.00269911438227
    oddtoevenharmonicenergyratio:
        dmean: 8.41330909729
        dmean2: 15.3619775772
        dvar: 1948.01538086
        dvar2: 5333.53857422
        max: 573.685424805
        mean: 5.1813955307
        min: 0.000131197302835
        var: 1234.8927002
    pitch_after_max_to_before_max_energy_ratio: 38.4724159241
    pitch_centroid: 239.970413208
    pitch_max_to_total: 0.0185614842921
    pitch_min_to_total: 0.127610206604
    tristimulus:
        dmean: [0.23575539887, 0.293723732233, 0.136613741517]
        dmean2: [0.406665802002, 0.506864309311, 0.235437884927]
        dvar: [0.0334609001875, 0.0460302568972, 0.0157454013824]
        dvar2: [0.0897335410118, 0.138488143682, 0.044118154794]
        max: [0.954145133495, 0.991250634193, 0.680791199207]
        mean: [0.396614015102, 0.425061881542, 0.125547930598]
        min: [0.00836056284606, 0, 0]
        var: [0.0581285059452, 0.0681405439973, 0.0185856856406]

tonal:
    chords_changes_rate: 0.0414746552706
    chords_number_rate: 0.0276497695595
    chords_strength:
        dmean: 0.0106495507061
        dmean2: 0.0142047191039
        dvar: 8.92607931746e-05
        dvar2: 0.000143392957398
        max: 0.614249885082
        mean: 0.49642008543
        min: 0.222564354539
        var: 0.00723186088726
    key_strength: 0.444796919823
    tuning_diatonic_strength: 0.381333619356
    tuning_equal_tempered_deviation: 0.104308314621
    tuning_frequency: 451.326080322
    tuning_nontempered_energy_ratio: 0.71878862381
    hpcp:
        dmean: [0.164171233773, 0.154169663787, 0.208568558097, 0.232365772128, 0.215447440743, 0.237906441092, 0.303414106369, 0.252131551504, 0.225555807352, 0.304672986269, 0.231990545988, 0.19470718503, 0.176390185952, 0.16288267076, 0.153116777539, 0.126248598099, 0.124383315444, 0.122584491968, 0.190030023456, 0.16976416111, 0.106941394508, 0.0890146270394, 0.078803345561, 0.0745291635394, 0.0928139016032, 0.109935291111, 0.168784275651, 0.223774299026, 0.17283500731, 0.172383382916, 0.241273760796, 0.176641941071, 0.205206304789, 0.323091268539, 0.296553403139, 0.193939819932]
        dmean2: [0.285562425852, 0.262344539165, 0.369972854853, 0.403038024902, 0.383542925119, 0.440370023251, 0.557394385338, 0.464633315802, 0.365763396025, 0.510069966316, 0.379178106785, 0.350446373224, 0.311532199383, 0.271204352379, 0.262625187635, 0.223275244236, 0.216209158301, 0.201529175043, 0.318780094385, 0.289118081331, 0.182322978973, 0.150917217135, 0.140091568232, 0.133897721767, 0.170085802674, 0.201770961285, 0.286734580994, 0.365545630455, 0.281810700893, 0.299787968397, 0.403815060854, 0.291174054146, 0.351782888174, 0.546808898449, 0.515630841255, 0.323183387518]
        dvar: [0.0433904677629, 0.03353074193, 0.0536569543183, 0.0492216795683, 0.0467586554587, 0.0478387102485, 0.0777787640691, 0.0670965984464, 0.0356812849641, 0.065099850297, 0.0386209078133, 0.0476554408669, 0.0433665290475, 0.0293055176735, 0.0363968908787, 0.0323647223413, 0.0274256188422, 0.0204102136195, 0.0415978915989, 0.031381841749, 0.019971607253, 0.0243680793792, 0.0167928207666, 0.0214646533132, 0.0261051040143, 0.0272925980389, 0.02959032543, 0.0590024031699, 0.0336206778884, 0.0395915694535, 0.0566658042371, 0.0283838305622, 0.0309001598507, 0.0757604166865, 0.0558302104473, 0.0438799522817]
        dvar2: [0.108223751187, 0.0936577916145, 0.149865373969, 0.142051145434, 0.135148197412, 0.126774549484, 0.241471648216, 0.198367387056, 0.0917650610209, 0.131496578455, 0.110304348171, 0.139611899853, 0.1172677055, 0.0778016373515, 0.0946910604835, 0.0871782228351, 0.0739261284471, 0.0595479793847, 0.117452077568, 0.0884265601635, 0.0518391914666, 0.0649962723255, 0.0474602989852, 0.0623048506677, 0.074795037508, 0.0771314501762, 0.0700995251536, 0.105984561145, 0.08736500144, 0.108806744218, 0.152599543333, 0.0743744149804, 0.0834245979786, 0.143613964319, 0.127327606082, 0.124271936715]
        max: [1, 1, 1, 1, 1, 1, 1, 1, 1, 1, 1, 1, 1, 1, 1, 1, 1, 1, 1, 1, 0.973827183247, 1, 0.840560019016, 1, 1, 1, 1, 1, 1, 1, 1, 1, 1, 1, 1, 1]
        mean: [0.15787820518, 0.148956209421, 0.20851418376, 0.283670246601, 0.280065268278, 0.261722922325, 0.278454452753, 0.240590333939, 0.336450755596, 0.455227583647, 0.297550469637, 0.174791291356, 0.187830805779, 0.188969120383, 0.165005251765, 0.13220050931, 0.121189817786, 0.148137405515, 0.233242064714, 0.213664457202, 0.111427024007, 0.0840510353446, 0.0759372189641, 0.0692168995738, 0.0763572603464, 0.0910145491362, 0.191867649555, 0.290779232979, 0.205537930131, 0.181015998125, 0.264991462231, 0.217214271426, 0.288780480623, 0.524199068546, 0.446722984314, 0.22238214314]
        min: [0.000378110591555, 0.00214615324512, 0.00271678599529, 0.00279307318851, 0.00745622720569, 0.00648804288357, 0.00217272900045, 0.00236105895601, 0.0064791450277, 0.00265775085427, 0.00196811021306, 0.00137916882522, 0.00110999983735, 0.00258037121966, 0.00128560967278, 0.000781992101111, 0.000711171247531, 0.000195829838049, 0.00173140957486, 0.00170778308529, 0.000718393712305, 0.000555837526917, 0.00043446055497, 0.000334308075253, 0, 1.88228405023e-05, 0.00218753213994, 0.00265689031221, 0.00222471565939, 0.00317976600491, 0.00329709961079, 0.00368069065735, 0.00528583023697, 0.0026847764384, 0.000478674890473, 0.000290385069093]
        var: [0.0466932170093, 0.0339122600853, 0.0471845977008, 0.0524534508586, 0.0508848279715, 0.0535093136132, 0.0796784237027, 0.0644120797515, 0.0562763847411, 0.117898009717, 0.0576571263373, 0.0446747429669, 0.0428238809109, 0.0326728262007, 0.0360064283013, 0.028955642134, 0.0254508201033, 0.0211620777845, 0.0482645258307, 0.0399300679564, 0.0196362249553, 0.0199364069849, 0.0130681954324, 0.0145530197769, 0.0187541972846, 0.021908627823, 0.0391942448914, 0.0995925068855, 0.0470936149359, 0.0397647768259, 0.0716491937637, 0.0393920019269, 0.0460172891617, 0.124812193215, 0.0943424999714, 0.0545231327415]
    chords_histogram: [1.38248848915, 4.60829496384, 86.6359481812, 0, 0, 1.84331798553, 0, 0, 0, 0, 0, 0, 0.460829496384, 1.38248848915, 0, 0, 0, 0, 0, 3.68663597107, 0, 0, 0, 0]
    thpcp: [1, 0.852201044559, 0.424232244492, 0.301179856062, 0.284159630537, 0.397776722908, 0.54114985466, 0.53427273035, 0.499281555414, 0.531199812889, 0.458967506886, 0.641837775707, 0.868425011635, 0.567628741264, 0.333444476128, 0.358319610357, 0.360491126776, 0.314775943756, 0.252195239067, 0.231190443039, 0.282597601414, 0.444949418306, 0.407601743937, 0.212566241622, 0.160341829062, 0.144863322377, 0.132043153048, 0.145664617419, 0.173625931144, 0.366020590067, 0.554711461067, 0.392098993063, 0.345319181681, 0.505516827106, 0.414373636246, 0.550898492336]
    chords_key: "G#"
    chords_scale: "major"
    key_key: "C#"
    key_scale: "major"
    chords_progression: ["G#", "G#", "G#", "G#", "G#", "G#", "G#", "G#", "G#", "G#", "G#", "G#", "G#", "G#", "G#", "G#", "G#", "G#", "G#", "G#", "G#", "G#", "G#", "G#", "G#", "G#", "G#", "G#", "G#", "G#", "G#", "G#", "G#", "G#", "G#", "G#", "G#", "G#", "G#", "G#", "G#", "G#", "G#", "G#", "G#", "G#", "G#", "G#", "G#", "G#", "G#", "G#", "G#", "G#", "G#", "G#", "G#", "G#", "G#", "G#", "G#", "G#", "G#", "G#", "G#", "G#", "G#", "G#", "G#", "G#", "G#", "G#", "G#", "G#", "G#", "G#", "G#", "G#", "G#", "G#", "G#", "G#", "G#", "G#", "G#", "G#", "G#", "G#", "G#", "G#", "G#", "G#", "G#", "G#", "G#", "G#", "G#", "G#", "G#", "G#", "G#", "G#", "G#", "G#", "G#", "G#", "G#", "G#", "G#", "G#", "G#", "G#", "G#", "G#", "G#", "G#", "G#", "G#", "G#", "G#", "G#", "G#", "G#", "G#", "G#", "G#", "G#", "G#", "G#", "G#", "G#", "G#", "G#", "G#", "G#", "G#", "G#", "G#", "G#", "G#", "G#", "G#", "G#", "G#", "G#", "G#", "G#", "G#", "G#", "G#", "G#", "G#", "G#", "G#", "G#", "G#", "G#", "G#", "G#", "G#", "G#", "G#", "G#", "G#", "G#", "G#", "G#", "G#", "G#", "G#", "G#", "G#", "G#", "G#", "G#", "G#", "G#", "G#", "G#", "G#", "G#", "G#", "G#", "G#", "G#", "G#", "G#", "G#", "Fm", "Fm", "Fm", "Fm", "Fm", "Fm", "Fm", "Fm", "Gm", "Fm", "Fm", "G#m", "C#", "C#", "C#", "G#m", "G#m", "G#m", "G#m", "G#m", "G#m", "G#m", "G", "Gm", "Gm", "Gm", "Bm", "Bm", "Bm"]
