
metadata:
    version:
        essentia: "1.2.2"
    audio_properties:
        analysis_sample_rate: 44100
        bitrate: 128
        channels: 2
        equal_loudness: 1
        length: 10.0048980713
        replay_gain: -13.0328712463
        downmix: "mix"
    tags:
        track: 11
        year: 0
        album: "Splitted by Mp3Splt v. 2.1"
        artist: "From 001.40 To 001.50"
        comment: "http://mp3splt.sf.net"
        genre: ""
        title: "01 4.mp3"

highlevel:
    ballroom:
        all:
            ChaChaCha: 0.0061411196366
            Jive: 0.00475243153051
            Quickstep: 0.019959371537
            Rumba-American: 0.0110027398914
            Rumba-International: 0.63649058342
            Rumba-Misc: 0.0545294322073
            Samba: 0.00574385747313
            Tango: 0.00842672865838
            VienneseWaltz: 0.156652167439
            Waltz: 0.0963015705347
        probability: 0.63649058342
        value: "Rumba-International"
    culture:
        all:
            non_western: 0.467980980873
            western: 0.532019019127
        probability: 0.532019019127
        value: "western"
    gender:
        all:
            female: 0.657771110535
            male: 0.342228889465
        probability: 0.657771110535
        value: "female"
    genre_dortmund:
        all:
            alternative: 0.0514668636024
            blues: 0.00904257968068
            electronic: 0.556977987289
            folkcountry: 0.0291759576648
            funksoulrnb: 0.00289659178816
            jazz: 0.0701249614358
            pop: 0.0356691777706
            raphiphop: 0.00492166914046
            rock: 0.239724233747
        probability: 0.556977987289
        value: "electronic"
    genre_electronica:
        all:
            ambient: 0.931359767914
            dnb: 0.0158071517944
            house: 0.0113868638873
            techno: 0.00367969460785
            trance: 0.0377665087581
        probability: 0.931359767914
        value: "ambient"
    genre_rosamerica:
        all:
            cla: 0.0723581239581
            dan: 0.0624669343233
            hip: 0.026446679607
            jaz: 0.0918482616544
            pop: 0.169182494283
            rhy: 0.0967540815473
            roc: 0.460336774588
            spe: 0.0206066444516
        probability: 0.460336774588
        value: "roc"
    genre_tzanetakis:
        all:
            blu: 0.0166277103126
            cla: 0.102168790996
            cou: 0.178387016058
            dis: 0.0258576553315
            hip: 0.0191941894591
            jaz: 0.0790966898203
            met: 0.0133935986087
            pop: 0.170210570097
            reg: 0.121673919261
            roc: 0.273389846087
        probability: 0.273389846087
        value: "roc"
    live_studio:
        all:
            live: 0.0633251368999
            studio: 0.936674833298
        probability: 0.936674833298
        value: "studio"
    mood:
        all:
            Cluster1: 0.303332418203
            Cluster2: 0.247860014439
            Cluster3: 0.165631830692
            Cluster4: 0.0927211418748
            Cluster5: 0.19045458734
        probability: 0.303332418203
        value: "Cluster1"
    mood_acoustic:
        all:
            acoustic: 0.690644860268
            not_acoustic: 0.309355139732
        probability: 0.690644860268
        value: "acoustic"
    mood_aggressive:
        all:
            aggressive: 0.0190427973866
            not_aggressive: 0.980957210064
        probability: 0.980957210064
        value: "not_aggressive"
    mood_electronic:
        all:
            electronic: 0.506909787655
            not_electronic: 0.493090182543
        probability: 0.506909787655
        value: "electronic"
    mood_happy:
        all:
            happy: 0.129097729921
            not_happy: 0.870902240276
        probability: 0.870902240276
        value: "not_happy"
    mood_party:
        all:
            not_party: 0.947803974152
            party: 0.052196033299
        probability: 0.947803974152
        value: "not_party"
    mood_relaxed:
        all:
            not_relaxed: 0.259623497725
            relaxed: 0.740376472473
        probability: 0.740376472473
        value: "relaxed"
    mood_sad:
        all:
            not_sad: 0.0932413116097
            sad: 0.906758666039
        probability: 0.906758666039
        value: "sad"
    rhythm:
        all:
            fast: 0.390969216824
            medium: 0.503412246704
            slow: 0.10561850667
        probability: 0.503412246704
        value: "medium"
    speech_music:
        all:
            music: 0.543160319328
            speech: 0.456839680672
        probability: 0.543160319328
        value: "music"
    timbre:
        all:
            bright: 0.310172140598
            dark: 0.689827859402
        probability: 0.689827859402
        value: "dark"
    voice_instrumental:
        all:
            instrumental: 0.973883748055
            voice: 0.0261162668467
        probability: 0.973883748055
        value: "instrumental"

lowlevel:
    average_loudness: 0.970306456089
    barkbands_kurtosis:
        dmean: 3.8581969738
        dmean2: 6.24364614487
        dvar: 16.3557853699
        dvar2: 39.8847351074
        max: 36.3739700317
        mean: 7.36764335632
        min: -1.73613655567
        var: 33.4897613525
    barkbands_skewness:
        dmean: 0.606414854527
        dmean2: 0.991602957249
        dvar: 0.333460390568
        dvar2: 0.775109767914
        max: 4.43220901489
        mean: 1.90242016315
        min: -0.455183833838
        var: 0.642131388187
    barkbands_spread:
        dmean: 4.34536600113
        dmean2: 6.32570028305
        dvar: 38.7153396606
        dvar2: 66.4273223877
        max: 47.2221183777
        mean: 10.1979656219
        min: 1.8544665575
        var: 100.49369812
    dissonance:
        dmean: 0.0388941839337
        dmean2: 0.0630263835192
        dvar: 0.00122181465849
        dvar2: 0.00297105452046
        max: 0.496594011784
        mean: 0.408749163151
        min: 0.162211254239
        var: 0.00310030486435
    hfc:
        dmean: 1.60628163815
        dmean2: 2.47394776344
        dvar: 8.66253376007
        dvar2: 20.1522045135
        max: 19.9237232208
        mean: 3.02763700485
        min: 0.006537550129
        var: 13.9427623749
    pitch:
        dmean: 383.657806396
        dmean2: 733.004089355
        dvar: 916382.8125
        dvar2: 2289581.25
        max: 4009.09082031
        mean: 500.115997314
        min: 69.2307662964
        var: 780582.875
    pitch_instantaneous_confidence:
        dmean: 0.10819914192
        dmean2: 0.176251113415
        dvar: 0.00975855626166
        dvar2: 0.0239441078156
        max: 0.872311651707
        mean: 0.488691389561
        min: 0.145121872425
        var: 0.0279180295765
    pitch_salience:
        dmean: 0.0789779424667
        dmean2: 0.126206576824
        dvar: 0.00516276946291
        dvar2: 0.013733276166
        max: 0.88553082943
        mean: 0.611322164536
        min: 0.259886354208
        var: 0.0133622540161
    silence_rate_20dB:
        dmean: 0
        dmean2: 0
        dvar: 0
        dvar2: 0
        max: 1
        mean: 1
        min: 1
        var: 0
    silence_rate_30dB:
        dmean: 0
        dmean2: 0
        dvar: 0
        dvar2: 0
        max: 1
        mean: 1
        min: 1
        var: 0
    silence_rate_60dB:
        dmean: 0.18097448349
        dmean2: 0.360465109348
        dvar: 0.148223280907
        dvar2: 0.300297796726
        max: 1
        mean: 0.393518507481
        min: 0
        var: 0.238661274314
    spectral_centroid:
        dmean: 142.3152771
        dmean2: 232.991271973
        dvar: 55713.5625
        dvar2: 120696.039062
        max: 2326.37988281
        mean: 573.176452637
        min: 248.911880493
        var: 106047.9375
    spectral_complexity:
        dmean: 3.08837199211
        dmean2: 5.01631689072
        dvar: 25.317779541
        dvar2: 58.9531402588
        max: 37
        mean: 8.9211139679
        min: 0
        var: 40.5320739746
    spectral_crest:
        dmean: 2.79778122902
        dmean2: 4.66874361038
        dvar: 6.50589418411
        dvar2: 14.6040410995
        max: 22.9805107117
        mean: 11.0270957947
        min: 3.66398286819
        var: 17.4937877655
    spectral_decrease:
        dmean: 3.74660386049e-10
        dmean2: 5.76954539699e-10
        dvar: 2.22478006414e-19
        dvar2: 5.50825256766e-19
        max: -3.68985744736e-12
        mean: -1.08593156689e-09
        min: -3.82355169748e-09
        var: 4.12541699754e-19
    spectral_energy:
        dmean: 0.00154718023259
        dmean2: 0.00237495265901
        dvar: 4.01402485295e-06
        dvar2: 9.86825398286e-06
        max: 0.0162380617112
        mean: 0.00437316903844
        min: 1.45192561831e-05
        var: 7.41554868e-06
    spectral_energyband_high:
        dmean: 6.19393977104e-05
        dmean2: 8.28749252832e-05
        dvar: 1.81416712763e-08
        dvar2: 3.10387022751e-08
        max: 0.00111821282189
        mean: 7.63853313401e-05
        min: 1.68498537345e-09
        var: 3.09600132198e-08
    spectral_energyband_low:
        dmean: 0.000102745136246
        dmean2: 0.000155935005751
        dvar: 2.4643577845e-08
        dvar2: 6.37031902784e-08
        max: 0.00196965644136
        mean: 0.000237449145061
        min: 5.91986236032e-07
        var: 6.08034156357e-08
    spectral_energyband_middle_high:
        dmean: 0.000497884815559
        dmean2: 0.000830842822324
        dvar: 1.05332003386e-06
        dvar2: 2.88429851025e-06
        max: 0.00556713854894
        mean: 0.000622232386377
        min: 5.50826882773e-07
        var: 1.16612238799e-06
    spectral_energyband_middle_low:
        dmean: 0.0011541537242
        dmean2: 0.00177928467747
        dvar: 1.69200393429e-06
        dvar2: 4.41831161879e-06
        max: 0.0105891274288
        mean: 0.00343702291138
        min: 1.33726234708e-05
        var: 3.15663055517e-06
    spectral_flatness_db:
        dmean: 0.0352563373744
        dmean2: 0.0508541800082
        dvar: 0.00117935205344
        dvar2: 0.00210401136428
        max: 0.397703647614
        mean: 0.249075397849
        min: 0.10956081003
        var: 0.004400273785
    spectral_flux:
        dmean: 0.0109716467559
        dmean2: 0.0167812295258
        dvar: 0.000157013011631
        dvar2: 0.000269385869615
        max: 0.093316026032
        mean: 0.0320121794939
        min: 0.0038104141131
        var: 0.000374420022126
    spectral_kurtosis:
        dmean: 14.2179079056
        dmean2: 21.7004051208
        dvar: 253.593048096
        dvar2: 559.466308594
        max: 124.227149963
        mean: 27.8550357819
        min: 0.897691249847
        var: 583.24987793
    spectral_rms:
        dmean: 0.000338528072461
        dmean2: 0.000509228906594
        dvar: 1.45609149627e-07
        dvar2: 3.43724337881e-07
        max: 0.00398020260036
        mean: 0.00198519486003
        min: 0.000119017342513
        var: 3.25507130583e-07
    spectral_rolloff:
        dmean: 357.400878906
        dmean2: 606.945068359
        dvar: 478456.8125
        dvar2: 888202.375
        max: 4112.84179688
        mean: 931.021911621
        min: 344.53125
        var: 838990.25
    spectral_skewness:
        dmean: 1.01119041443
        dmean2: 1.50130105019
        dvar: 0.897973775864
        dvar2: 2.06917095184
        max: 8.66569328308
        mean: 3.50330996513
        min: 1.00841522217
        var: 2.60157465935
    spectral_spread:
        dmean: 1064153.75
        dmean2: 1326947.625
        dvar: 3.14909759898e+12
        dvar2: 4.42475007181e+12
        max: 23600748
        mean: 2918960.5
        min: 656202.3125
        var: 5.94076132966e+12
    spectral_strongpeak:
        dmean: 0.170006662607
        dmean2: 0.282897979021
        dvar: 0.0276184696704
        dvar2: 0.0641997084022
        max: 1.43103289604
        mean: 0.462115556002
        min: 0.00512276450172
        var: 0.0638138279319
    zerocrossingrate:
        dmean: 0.00695062661543
        dmean2: 0.00829964317381
        dvar: 7.83139184932e-05
        dvar2: 9.30938695092e-05
        max: 0.1044921875
        mean: 0.0324803330004
        min: 0.01220703125
        var: 0.000294021214359
    barkbands:
        dmean: [5.44516296941e-07, 1.1825843103e-05, 0.000100299002952, 0.000197070039576, 0.000337382603902, 0.000494616979267, 0.000491760671139, 0.000196689725271, 0.000167414124007, 7.36301371944e-05, 5.11745092808e-05, 2.40980607487e-05, 1.63735203387e-05, 3.04896730086e-05, 5.40480286872e-05, 7.01272001606e-05, 0.000111502318759, 7.90339472587e-05, 6.23026062385e-05, 5.99640225118e-05, 2.60442720901e-05, 5.46683486391e-06, 4.97639007335e-07, 1.73723762487e-07, 5.00625844779e-07, 7.84198377346e-08, 2.59108778877e-09]
        dmean2: [8.37100571971e-07, 1.91316084965e-05, 0.000154339868459, 0.000323069340084, 0.000601315347012, 0.000810391968116, 0.000765364617109, 0.000364261359209, 0.0003045835183, 0.00013665521692, 9.37683362281e-05, 4.2280425987e-05, 2.82262863038e-05, 5.51618613827e-05, 9.89957843558e-05, 0.000130643049488, 0.000209701320273, 0.000124992497149, 9.59398748819e-05, 8.25421593618e-05, 3.47687309841e-05, 7.79249512561e-06, 8.1997484358e-07, 3.00814605225e-07, 7.09222490514e-07, 1.16978533526e-07, 2.88264767612e-09]
        dvar: [1.46983770641e-12, 3.325146547e-10, 2.58915751061e-08, 7.26822619868e-08, 3.26798414108e-07, 3.78436737947e-07, 4.18351817189e-07, 1.30423998712e-07, 9.37279693858e-08, 1.84014705695e-08, 8.38304980988e-09, 1.78466441625e-09, 8.2361228948e-10, 5.02673636049e-09, 1.04131148149e-08, 2.91353074999e-08, 9.03859884716e-08, 3.25701989823e-08, 1.71844636299e-08, 1.72683698452e-08, 3.43728645547e-09, 1.58838761588e-10, 1.07623870753e-12, 2.44849469476e-13, 1.11883527616e-12, 2.54122504967e-14, 1.93276867289e-15]
        dvar2: [2.32695828752e-12, 8.82231898647e-10, 6.8413697818e-08, 2.10819123936e-07, 9.2606205726e-07, 1.03535103335e-06, 9.3617506991e-07, 3.73293516986e-07, 2.90029277039e-07, 5.45941531982e-08, 2.50435263638e-08, 5.04237895882e-09, 2.21821405688e-09, 1.5004426146e-08, 3.00332523295e-08, 8.71066276886e-08, 2.68450605745e-07, 6.9867596153e-08, 3.60898866347e-08, 3.15184252031e-08, 6.35326724563e-09, 3.01432323546e-10, 2.67254642895e-12, 6.54047562637e-13, 2.43387059638e-12, 5.6727426169e-14, 1.9312931415e-15]
        max: [2.1477093469e-05, 0.000153608882101, 0.0019253824139, 0.00217014364898, 0.00544979982078, 0.00416565267369, 0.00760606490076, 0.0021043268498, 0.00205947225913, 0.000730634084903, 0.000603343360126, 0.000376436655642, 0.000269003561698, 0.000454745284515, 0.000788037083112, 0.00108906079549, 0.0015788761666, 0.00138138257898, 0.00095453375252, 0.00101815478411, 0.000566746806726, 0.000139824245707, 8.16740521259e-06, 3.58822285307e-06, 8.75347632245e-06, 9.38089613101e-07, 9.14349527648e-07]
        mean: [1.38998120747e-06, 3.5759388993e-05, 0.000200384762138, 0.000337723671691, 0.000555193983018, 0.00101673603058, 0.00106500275433, 0.000242058362346, 0.000210315687582, 7.8564575233e-05, 6.94320478942e-05, 3.10087743856e-05, 1.93027080968e-05, 2.80400563497e-05, 5.33117599844e-05, 5.20735047758e-05, 8.67201306392e-05, 9.76476221695e-05, 8.22902293294e-05, 7.01658063917e-05, 3.24332104356e-05, 6.5567578531e-06, 3.8521488932e-07, 1.21885747717e-07, 4.83101814552e-07, 6.96194391026e-08, 2.58132248909e-09]
        min: [1.33573134775e-08, 3.0583436228e-07, 2.75006868833e-07, 1.81668340815e-07, 3.43310830431e-06, 2.5708945941e-06, 2.92467620966e-06, 1.34375318339e-06, 2.53645907833e-06, 3.92442586872e-07, 3.41534089898e-08, 9.55137657854e-09, 9.57709822558e-09, 9.91278668039e-08, 1.04329835438e-07, 8.52523207584e-09, 3.87300325144e-09, 7.19294224183e-09, 1.53317394336e-08, 5.51338663612e-09, 5.99640892496e-10, 1.12278138176e-10, 6.61548810524e-12, 6.75821855076e-12, 4.85104283132e-11, 4.98129532414e-12, 2.46455027203e-14]
        var: [1.50489592576e-12, 3.36290079117e-10, 5.93182960529e-08, 9.19691913737e-08, 3.26333179146e-07, 6.35697062989e-07, 1.35448726724e-06, 1.36321119726e-07, 8.82447608319e-08, 1.75409766712e-08, 1.06528403876e-08, 3.01274871717e-09, 8.32881597024e-10, 3.60055629756e-09, 8.03797473026e-09, 2.03080325889e-08, 6.12626607222e-08, 4.61593465673e-08, 2.91832691346e-08, 2.68018478522e-08, 5.63392088537e-09, 2.40169495402e-10, 1.00816143628e-12, 1.74455773178e-13, 1.31110736417e-12, 2.7095023748e-14, 1.93394160176e-15]
    mfcc:
        mean: [-828.451538086, 233.278549194, -60.1387405396, 69.1778640747, -25.8797397614, -19.6112155914, -4.14049291611, -28.609708786, 8.96838951111, -19.8167953491, 8.6797914505, -21.2545433044, 9.8252954483]
        cov: [[5806.85351562, -3491.77246094, -197.090423584, 317.081604004, -376.03024292, 36.1331443787, -92.6782684326, 11.5643987656, 420.248779297, -679.438415527, 386.25567627, -286.735534668, 219.455627441], [-3491.77246094, 2913.3918457, -585.899169922, -9.64897727966, 129.147064209, -25.3329086304, 79.1103897095, -13.717880249, -278.039520264, 393.10949707, -279.106323242, 189.128051758, -122.833229065], [-197.090423584, -585.899169922, 897.055664062, -355.143127441, 190.884078979, -3.27340650558, -39.019405365, 35.6262588501, -59.9266166687, 96.5804748535, -33.4092979431, 42.1624908447, -55.2596321106], [317.081604004, -9.64897727966, -355.143127441, 417.307342529, -139.949066162, 37.9630813599, 51.7526283264, -91.4217224121, 96.688835144, -165.428314209, 105.522453308, -113.091217041, 70.7669525146], [-376.03024292, 129.147064209, 190.884078979, -139.949066162, 159.391738892, -2.09081482887, 10.2003126144, 18.9158287048, -67.8263549805, 78.4386062622, -74.1639785767, 54.1631774902, -49.3326530457], [36.1331443787, -25.3329086304, -3.27340650558, 37.9630813599, -2.09081482887, 74.4410858154, -3.10595798492, 11.8545818329, -20.6851272583, -17.3470001221, -4.47127389908, 2.55914330482, 24.5046958923], [-92.6782684326, 79.1103897095, -39.019405365, 51.7526283264, 10.2003126144, -3.10595798492, 93.5250396729, -42.3467216492, 26.6197566986, -49.774055481, 18.98046875, -12.6780614853, 13.3665332794], [11.5643987656, -13.717880249, 35.6262588501, -91.4217224121, 18.9158287048, 11.8545818329, -42.3467216492, 104.673912048, -61.3785514832, 67.2960357666, -60.5752601624, 51.063533783, -14.6050481796], [420.248779297, -278.039520264, -59.9266166687, 96.688835144, -67.8263549805, -20.6851272583, 26.6197566986, -61.3785514832, 162.179290771, -129.486373901, 112.819892883, -93.229675293, 43.9300117493], [-679.438415527, 393.10949707, 96.5804748535, -165.428314209, 78.4386062622, -17.3470001221, -49.774055481, 67.2960357666, -129.486373901, 233.815673828, -127.123031616, 106.744132996, -91.0875167847], [386.25567627, -279.106323242, -33.4092979431, 105.522453308, -74.1639785767, -4.47127389908, 18.98046875, -60.5752601624, 112.819892883, -127.123031616, 141.668960571, -99.0910491943, 61.4992790222], [-286.735534668, 189.128051758, 42.1624908447, -113.091217041, 54.1631774902, 2.55914330482, -12.6780614853, 51.063533783, -93.229675293, 106.744132996, -99.0910491943, 139.465164185, -42.4663963318], [219.455627441, -122.833229065, -55.2596321106, 70.7669525146, -49.3326530457, 24.5046958923, 13.3665332794, -14.6050481796, 43.9300117493, -91.0875167847, 61.4992790222, -42.4663963318, 118.346199036]]
        icov: [[0.002103934763, 0.00298958923668, 0.00275115482509, 0.00107294425834, 0.000107192798168, 0.000149931700435, 0.000732236017939, 0.000269382609986, 0.000920857361052, 0.00190040050074, 0.0010349979857, 0.000279563595541, 0.000492032966577], [0.00298958923668, 0.00516526540741, 0.00482882233337, 0.00169568043202, -0.000455117609818, 0.000148196093505, 2.08404435398e-05, 0.00172106735408, 0.00201431871392, 0.000758540467359, 0.00199475325644, 0.000830334145576, 0.000145242185681], [0.00275115482509, 0.00482882233337, 0.00671474961564, 0.00340582034551, -0.00236678891815, -0.00094083766453, 0.000563918962143, 0.00220933486708, 0.00227377749979, 0.000645678781439, 0.000105070699647, 0.00126458483282, 0.00047834313591], [0.00107294425834, 0.00169568043202, 0.00340582034551, 0.0076200584881, 0.0026801340282, -0.00363169703633, -0.00104518677108, 0.00392099935561, 0.0017147398321, 0.00218225736171, 0.000911416485906, 0.00294954981655, 0.000903114210814], [0.000107192798168, -0.000455117609818, -0.00236678891815, 0.0026801340282, 0.0145882843062, -0.00131491513457, -0.00358630437404, 0.0017098444514, 0.0012642609654, 0.00157116143964, 0.00554182054475, 0.00129637983628, 0.00191588373855], [0.000149931700435, 0.000148196093505, -0.00094083766453, -0.00363169703633, -0.00131491513457, 0.018861413002, 0.0016131370794, -0.00300172762945, 0.00431215297431, 0.00300454022363, 0.00082497310359, -0.0010354493279, -0.0034864989575], [0.000732236017939, 2.08404435398e-05, 0.000563918962143, -0.00104518677108, -0.00358630437404, 0.0016131370794, 0.017319438979, 0.00348514341749, -0.000961890560575, 0.00627011759207, 0.000736046407837, -0.00280056963675, -7.34629247745e-06], [0.000269382609986, 0.00172106735408, 0.00220933486708, 0.00392099935561, 0.0017098444514, -0.00300172762945, 0.00348514341749, 0.0200505722314, 0.00283861369826, -0.0022756268736, 0.00623013917357, 0.000399488286348, -0.00251048477367], [0.000920857361052, 0.00201431871392, 0.00227377749979, 0.0017147398321, 0.0012642609654, 0.00431215297431, -0.000961890560575, 0.00283861369826, 0.0189976803958, 0.00445293262601, -0.0067467847839, 0.00312718632631, 0.0015160322655], [0.00190040050074, 0.000758540467359, 0.000645678781439, 0.00218225736171, 0.00157116143964, 0.00300454022363, 0.00627011759207, -0.0022756268736, 0.00445293262601, 0.0191033314914, 0.0034909681417, -0.00222532451153, 0.00574139039963], [0.0010349979857, 0.00199475325644, 0.000105070699647, 0.000911416485906, 0.00554182054475, 0.00082497310359, 0.000736046407837, 0.00623013917357, -0.0067467847839, 0.0034909681417, 0.0288745798171, 0.00768937030807, -0.00457414099947], [0.000279563595541, 0.000830334145576, 0.00126458483282, 0.00294954981655, 0.00129637983628, -0.0010354493279, -0.00280056963675, 0.000399488286348, 0.00312718632631, -0.00222532451153, 0.00768937030807, 0.0168365761638, -0.000537340994924], [0.000492032966577, 0.000145242185681, 0.00047834313591, 0.000903114210814, 0.00191588373855, -0.0034864989575, -7.34629247745e-06, -0.00251048477367, 0.0015160322655, 0.00574139039963, -0.00457414099947, -0.000537340994924, 0.0146234044805]]
    spectral_contrast:
        mean: [5.65967539501e-08, 1.46215484165e-07, -3.8627199217e-08, -3.64265986263e-07, 1.38069111699e-07, -1.62477974186e-07, -6.62254649342e-07, -1.01715113487e-06, 5.63339938253e-07, 1.43963882238e-06, -3.80639971809e-06, 2.50201219387e-06]
        var: [0.000330956652761, 0.000967403175309, 0.00137665402144, 0.00165002979338, 0.00300793745555, 0.00353802088648, 0.0446387603879, 0.0781670957804, 0.0980411022902, 0.301260739565, 1.13580298424, 3.26933693886]

rhythm:
    beats_loudness:
        dmean: 0.00291167502292
        dmean2: 0.00536169810221
        dvar: 7.89107980381e-06
        dvar2: 2.7574973501e-05
        max: 0.0126642147079
        mean: 0.00611042324454
        min: 0.0024414206855
        var: 6.01333204031e-06
    beats_loudness_bass:
        dmean: 0.107020027936
        dmean2: 0.177019372582
        dvar: 0.00533840619028
        dvar2: 0.0179344527423
        max: 0.398156970739
        mean: 0.125876098871
        min: 0.0238229818642
        var: 0.00957382284105
    bpm: 83.8326568604
    bpm_confidence: 0
    first_peak_bpm: 84
    first_peak_spread: 0.125000059605
    first_peak_weight: 0.466666668653
    onset_rate: 6.09701395035
    second_peak_bpm: 112
    second_peak_spread: 0
    second_peak_weight: 0.466666668653
    beats_position: [0.291757881641, 1.00747013092, 1.72318232059, 2.43889451027, 3.15460658073, 3.87031888962, 4.58603096008, 5.30174303055, 6.03489780426, 6.57188844681, 7.10887956619, 7.64587020874, 8.18286037445, 8.71985149384, 9.25684261322, 9.7938337326]
    bpm_estimates: [83.9103927612, 83.7847595215, 83.9634933472, 83.9435501099, 83.8123016357, 83.7772750854, 83.7501525879, 83.7532730103, 83.732170105, 83.8992080688]
    bpm_intervals: [0.715712249279, 0.715712189674, 0.715712189674, 0.715712070465, 0.715712308884, 0.715712070465, 0.715712070465, 0.733154773712, 0.536990642548, 0.536991119385, 0.536990642548, 0.53699016571, 0.536991119385, 0.536991119385, 0.536991119385]
    onset_times: [0.0580498874187, 0.27863946557, 0.476009070873, 0.650158703327, 0.824308395386, 0.99845802784, 1.18421769142, 1.35836732388, 1.39319729805, 1.52090704441, 1.69505667686, 1.92725622654, 2.06657600403, 2.26394557953, 2.43809533119, 2.61224484444, 2.73995471001, 2.9837641716, 3.12308382988, 3.35528349876, 3.5178232193, 3.64553284645, 3.68036270142, 3.84290242195, 4.07510185242, 4.17959165573, 4.22603178024, 4.40018129349, 4.53950119019, 4.58594083786, 5.05034017563, 5.13160991669, 5.24770975113, 5.31736946106, 5.68888902664, 5.78176879883, 5.86303853989, 5.99074840546, 6.39709758759, 6.47836732864, 6.58285713196, 6.73378705978, 6.94276666641, 7.05886602402, 7.24462604523, 7.46521520615, 7.79029464722, 7.90639448166, 8.03410434723, 8.38240337372, 8.55655288696, 8.75392246246, 8.82358264923, 8.91646289825, 9.13705253601, 9.4040813446, 9.49696159363, 9.54340171814, 9.63628101349, 9.83365058899, 10.0078001022]
    rubato_start: [6.57188844681]
    rubato_stop: [7.10887956619]
    perceptual_tempo: "unknown"

sfx:
    inharmonicity:
        dmean: 0.0364699289203
        dmean2: 0.0653505772352
        dvar: 0.00314735877328
        dvar2: 0.00862063933164
        max: 0.366325378418
        mean: 0.0299122501165
        min: 5.75727426622e-05
        var: 0.00249870168045
    oddtoevenharmonicenergyratio:
        dmean: 3.26356744766
        dmean2: 6.01386785507
        dvar: 58.3563652039
        dvar2: 172.578277588
        max: 60.5329933167
        mean: 2.4579834938
        min: 9.78380921879e-05
        var: 40.9701156616
    pitch_after_max_to_before_max_energy_ratio: 26.338224411
    pitch_centroid: 230.534729004
    pitch_max_to_total: 0.0301624126732
    pitch_min_to_total: 0.197215780616
    tristimulus:
        dmean: [0.239608868957, 0.264835983515, 0.0520128794014]
        dmean2: [0.419518947601, 0.463216334581, 0.0923371091485]
        dvar: [0.0507250018418, 0.0551439896226, 0.00744464946911]
        dvar2: [0.145415917039, 0.16180999577, 0.0226146019995]
        max: [0.973248124123, 0.970665991306, 0.617167770863]
        mean: [0.476569026709, 0.458880603313, 0.0464171692729]
        min: [0.0093451263383, 0, 0]
        var: [0.0737316012383, 0.0750921741128, 0.00595586141571]

tonal:
    chords_changes_rate: 0.0460829511285
    chords_number_rate: 0.0138248847798
    chords_strength:
        dmean: 0.00768779590726
        dmean2: 0.0073252110742
        dvar: 3.09638271574e-05
        dvar2: 4.08548039559e-05
        max: 0.762042343616
        mean: 0.575705587864
        min: 0.359431624413
        var: 0.00687555875629
    key_strength: 0.720018446445
    tuning_diatonic_strength: 0.653318881989
    tuning_equal_tempered_deviation: 0.0892982259393
    tuning_frequency: 440.508575439
    tuning_nontempered_energy_ratio: 0.727741122246
    hpcp:
        dmean: [0.0518339946866, 0.0309682767838, 0.0831843689084, 0.109020002186, 0.107220746577, 0.105903804302, 0.0383997932076, 0.029591858387, 0.0407542698085, 0.0427502244711, 0.0537810139358, 0.155472755432, 0.161008864641, 0.165728569031, 0.106459952891, 0.0444573350251, 0.0420323833823, 0.0722487047315, 0.0860912650824, 0.0720077827573, 0.0695068687201, 0.0279742479324, 0.0376509651542, 0.18646261096, 0.217333495617, 0.222062662244, 0.234820082784, 0.101346775889, 0.0651481598616, 0.0334222875535, 0.0319258496165, 0.0345478989184, 0.137039095163, 0.225145623088, 0.202196419239, 0.144000664353]
        dmean2: [0.0962721258402, 0.0570444986224, 0.156173110008, 0.183956503868, 0.187350049615, 0.186465486884, 0.067688010633, 0.0542010590434, 0.0728902295232, 0.0729853063822, 0.0909657776356, 0.266553401947, 0.27229949832, 0.28373259306, 0.198031261563, 0.080244846642, 0.0747643113136, 0.125934526324, 0.151712179184, 0.12131780386, 0.125917315483, 0.0501071698964, 0.0678761973977, 0.333512604237, 0.396643996239, 0.39379581809, 0.421893239021, 0.175900936127, 0.108008719981, 0.0587752759457, 0.0569987371564, 0.0615958273411, 0.230668604374, 0.362445771694, 0.348219513893, 0.25685057044]
        dvar: [0.0101441359147, 0.0047549973242, 0.0269197896123, 0.0332707762718, 0.0278761107475, 0.027395606041, 0.00312786363065, 0.00283410586417, 0.00550667615607, 0.00456058839336, 0.00481567066163, 0.0263071339577, 0.0312345139682, 0.0345028974116, 0.0328107327223, 0.00725175114349, 0.00870034936816, 0.0226125624031, 0.0362766981125, 0.0262261983007, 0.0317510999739, 0.00351785146631, 0.00347654358484, 0.046757362783, 0.0618344321847, 0.0538235977292, 0.070335380733, 0.0218195840716, 0.0142402956262, 0.00481161708012, 0.00446073058993, 0.00300025730394, 0.0213606003672, 0.04956426844, 0.0371001027524, 0.0382136367261]
        dvar2: [0.0293595399708, 0.0134466029704, 0.0809882208705, 0.0928797274828, 0.0669017061591, 0.0856032818556, 0.00832709576935, 0.00775749282911, 0.0163729470223, 0.012497891672, 0.0110876495019, 0.0736677572131, 0.0898612067103, 0.0964343845844, 0.100609324872, 0.0201491843909, 0.0241250861436, 0.0657465234399, 0.106741778553, 0.0646770894527, 0.097241140902, 0.0100082224235, 0.00963529199362, 0.140306517482, 0.165167808533, 0.135312482715, 0.221933946013, 0.0526756606996, 0.0370135270059, 0.012779594399, 0.0124789904803, 0.00801386497915, 0.0514892116189, 0.113301478326, 0.0835050418973, 0.115669980645]
        max: [0.698025166988, 0.589239895344, 0.806390166283, 1, 1, 1, 0.384099751711, 0.271063387394, 0.476635545492, 0.499252229929, 0.517693817616, 0.913578093052, 1, 1, 1, 0.481372445822, 0.739678025246, 1, 1, 1, 0.945090055466, 0.501917183399, 0.353326380253, 1, 1, 1, 1, 1, 0.79477751255, 0.484368771315, 0.559141695499, 0.330253720284, 0.943069517612, 1, 1, 1]
        mean: [0.0376604087651, 0.0241911076009, 0.0557832308114, 0.131307274103, 0.172235146165, 0.11608915031, 0.042419847101, 0.0247084349394, 0.0398580990732, 0.048633184284, 0.0528507977724, 0.192578628659, 0.390820771456, 0.290573000908, 0.082024410367, 0.0333655588329, 0.0329438261688, 0.0567724332213, 0.0867921933532, 0.0853586047888, 0.0499273985624, 0.0224326457828, 0.031122026965, 0.200906962156, 0.437321126461, 0.389300942421, 0.237911611795, 0.170229509473, 0.0755128487945, 0.0284234434366, 0.0271293763071, 0.0270518418401, 0.171256691217, 0.434470891953, 0.371507883072, 0.118684023619]
        min: [0.000145702884765, 0.000183715412277, 0.000226253338042, 0.000596909492742, 0.00211974908598, 0.00257987086661, 0.000292232289212, 0.000148336839629, 0.00036748801358, 0.000532466394361, 0.000157625050633, 0.000159512565006, 0.000414029549574, 0.000596816127654, 0.000152288397658, 0, 8.13182632555e-05, 0.000405072991271, 0.000513603794388, 0.00032998417737, 0.000126376442495, 3.5737943108e-05, 0, 0, 0, 0, 0, 0, 6.7633780418e-05, 0.00020328098617, 0.000173180014826, 5.54509497306e-05, 0.000517865933944, 0.00584851950407, 0.00457818806171, 0.000432669650763]
        var: [0.00686445878819, 0.00321874953806, 0.0169563125819, 0.0571486726403, 0.0633148774505, 0.0224294047803, 0.00309791020118, 0.00235964288004, 0.00400290964171, 0.00457145413384, 0.00601706188172, 0.0354347340763, 0.117003262043, 0.0866956263781, 0.0236130412668, 0.00514785805717, 0.00558069907129, 0.0148094324395, 0.041441950947, 0.0428905189037, 0.0211063176394, 0.00263882661238, 0.00304797198623, 0.0553027503192, 0.151357024908, 0.12907807529, 0.0804566219449, 0.0726508125663, 0.0203108005226, 0.00397787988186, 0.00342658022419, 0.00247465912253, 0.0319064110518, 0.122005775571, 0.0905211940408, 0.0315703265369]
    chords_histogram: [71.8894042969, 0, 0, 0, 0, 0, 0, 0, 0, 0, 0, 0, 0, 0, 0, 0, 0, 0, 0, 0, 0, 0, 10.5990781784, 17.5115203857]
    thpcp: [1, 0.890194714069, 0.544020414352, 0.389255166054, 0.17267139256, 0.0649944469333, 0.0620353668928, 0.0618580728769, 0.391603976488, 0.993482530117, 0.849508225918, 0.271388739347, 0.086116142571, 0.0553165748715, 0.127556681633, 0.300253659487, 0.393841356039, 0.265455156565, 0.096999309957, 0.0564995221794, 0.0911414921284, 0.111207030714, 0.120851233602, 0.440359771252, 0.893670022488, 0.664438545704, 0.187561050057, 0.0762953311205, 0.0753309726715, 0.129818633199, 0.198463305831, 0.195185184479, 0.11416644603, 0.0512955896556, 0.0711651593447, 0.459403753281]
    chords_key: "C#"
    chords_scale: "major"
    key_key: "C#"
    key_scale: "major"
    chords_progression: ["C#", "C#", "C#", "C#", "A#m", "A#m", "A#m", "A#m", "A#m", "A#m", "C#", "C#", "C#", "C#", "C#", "C#", "C#", "C#", "C#", "C#", "C#", "C#", "C#", "C#", "C#", "C#", "C#", "C#", "C#", "C#", "C#", "C#", "C#", "C#", "C#", "C#", "C#", "C#", "C#", "C#", "C#", "C#", "C#", "A#m", "A#m", "A#m", "A#m", "A#m", "A#m", "C#", "C#", "C#", "C#", "C#", "C#", "C#", "C#", "C#", "C#", "C#", "C#", "C#", "C#", "C#", "C#", "C#", "C#", "C#", "C#", "C#", "C#", "C#", "C#", "C#", "C#", "C#", "C#", "C#", "C#", "F#", "F#", "F#", "F#", "F#", "F#", "F#", "F#", "F#", "F#", "F#", "F#", "F#", "F#", "F#", "F#", "F#", "F#", "F#", "F#", "C#", "C#", "A#m", "A#m", "A#m", "A#m", "A#m", "A#m", "A#m", "A#m", "A#m", "A#m", "A#m", "A#m", "A#m", "A#m", "A#m", "A#m", "A#m", "A#m", "A#m", "A#m", "A#m", "A#m", "A#m", "A#m", "A#m", "A#m", "C#", "C#", "C#", "C#", "C#", "C#", "C#", "C#", "C#", "C#", "C#", "C#", "C#", "C#", "C#", "C#", "C#", "C#", "C#", "C#", "C#", "C#", "C#", "C#", "C#", "C#", "C#", "C#", "C#", "C#", "C#", "C#", "C#", "C#", "C#", "C#", "C#", "C#", "C#", "C#", "C#", "C#", "C#", "C#", "C#", "C#", "C#", "C#", "C#", "C#", "C#", "C#", "C#", "C#", "C#", "C#", "C#", "C#", "C#", "C#", "C#", "C#", "C#", "C#", "C#", "C#", "C#", "C#", "C#", "C#", "C#", "C#", "C#", "C#", "C#", "C#", "C#", "C#", "C#", "C#", "C#", "C#", "C#", "C#", "C#", "C#", "F#", "F#", "F#", "C#"]
