
metadata:
    version:
        essentia: "1.2.2"
    audio_properties:
        analysis_sample_rate: 44100
        bitrate: 128
        channels: 2
        equal_loudness: 1
        length: 10.0048980713
        replay_gain: -15.1997089386
        downmix: "mix"
    tags:
        track: 19
        year: 0
        album: "Splitted by Mp3Splt v. 2.1"
        artist: "From 003.00 To 003.10"
        comment: "http://mp3splt.sf.net"
        genre: ""
        title: "10 Vanessa.mp3"

highlevel:
    ballroom:
        all:
            ChaChaCha: 0.074953109026
            Jive: 0.136369138956
            Quickstep: 0.0820389986038
            Rumba-American: 0.0146522596478
            Rumba-International: 0.0241751428694
            Rumba-Misc: 0.0178335607052
            Samba: 0.0526677593589
            Tango: 0.0992113724351
            VienneseWaltz: 0.42374804616
            Waltz: 0.0743506029248
        probability: 0.42374804616
        value: "VienneseWaltz"
    culture:
        all:
            non_western: 0.0526279881597
            western: 0.947372019291
        probability: 0.947372019291
        value: "western"
    gender:
        all:
            female: 0.22336307168
            male: 0.776636958122
        probability: 0.776636958122
        value: "male"
    genre_dortmund:
        all:
            alternative: 0.188200086355
            blues: 0.0387535095215
            electronic: 0.0167601630092
            folkcountry: 0.0819855555892
            funksoulrnb: 0.0299954991788
            jazz: 0.0725254416466
            pop: 0.073551222682
            raphiphop: 0.00106166990008
            rock: 0.497166872025
        probability: 0.497166872025
        value: "rock"
    genre_electronica:
        all:
            ambient: 0.537453651428
            dnb: 0.110861249268
            house: 0.0150511255488
            techno: 0.0137822758406
            trance: 0.322851717472
        probability: 0.537453651428
        value: "ambient"
    genre_rosamerica:
        all:
            cla: 0.0856017097831
            dan: 0.0154417334124
            hip: 0.00541523983702
            jaz: 0.0103598060086
            pop: 0.0457117855549
            rhy: 0.0409292504191
            roc: 0.794760346413
            spe: 0.00178011774551
        probability: 0.794760346413
        value: "roc"
    genre_tzanetakis:
        all:
            blu: 0.0208173748106
            cla: 0.0631203874946
            cou: 0.439513236284
            dis: 0.0306134838611
            hip: 0.00555513519794
            jaz: 0.0235835220665
            met: 0.0611741282046
            pop: 0.0122207477689
            reg: 0.00527377333492
            roc: 0.338128209114
        probability: 0.439513236284
        value: "cou"
    live_studio:
        all:
            live: 0.179224297404
            studio: 0.820775687695
        probability: 0.820775687695
        value: "studio"
    mood:
        all:
            Cluster1: 0.336671173573
            Cluster2: 0.136655718088
            Cluster3: 0.152887970209
            Cluster4: 0.0918369069695
            Cluster5: 0.281948238611
        probability: 0.336671173573
        value: "Cluster1"
    mood_acoustic:
        all:
            acoustic: 0.013244680129
            not_acoustic: 0.986755311489
        probability: 0.986755311489
        value: "not_acoustic"
    mood_aggressive:
        all:
            aggressive: 0.556581914425
            not_aggressive: 0.443418115377
        probability: 0.556581914425
        value: "aggressive"
    mood_electronic:
        all:
            electronic: 0.110224917531
            not_electronic: 0.88977509737
        probability: 0.88977509737
        value: "not_electronic"
    mood_happy:
        all:
            happy: 0.507923126221
            not_happy: 0.492076873779
        probability: 0.507923126221
        value: "happy"
    mood_party:
        all:
            not_party: 0.698190569878
            party: 0.301809459925
        probability: 0.698190569878
        value: "not_party"
    mood_relaxed:
        all:
            not_relaxed: 0.295315444469
            relaxed: 0.704684555531
        probability: 0.704684555531
        value: "relaxed"
    mood_sad:
        all:
            not_sad: 0.739300489426
            sad: 0.260699510574
        probability: 0.739300489426
        value: "not_sad"
    rhythm:
        all:
            fast: 0.521753132343
            medium: 0.167395085096
            slow: 0.310851752758
        probability: 0.521753132343
        value: "fast"
    speech_music:
        all:
            music: 0.99942034483
            speech: 0.000579628162086
        probability: 0.99942034483
        value: "music"
    timbre:
        all:
            bright: 0.657814204693
            dark: 0.342185825109
        probability: 0.657814204693
        value: "bright"
    voice_instrumental:
        all:
            instrumental: 0.970374882221
            voice: 0.0296250991523
        probability: 0.970374882221
        value: "instrumental"

lowlevel:
    average_loudness: 0.980655431747
    barkbands_kurtosis:
        dmean: 0.429444909096
        dmean2: 0.681126177311
        dvar: 0.27504080534
        dvar2: 0.5364112854
        max: 6.29514122009
        mean: -0.701495409012
        min: -1.73516452312
        var: 1.17070543766
    barkbands_skewness:
        dmean: 0.266553878784
        dmean2: 0.397269695997
        dvar: 0.0486625395715
        dvar2: 0.101996928453
        max: 1.05403256416
        mean: -0.535047233105
        min: -2.59195637703
        var: 0.291951477528
    barkbands_spread:
        dmean: 4.05739593506
        dmean2: 6.48930168152
        dvar: 16.9365787506
        dvar2: 38.9105300903
        max: 46.4870986938
        mean: 27.2868595123
        min: 12.4139137268
        var: 39.1333274841
    dissonance:
        dmean: 0.0144488504156
        dmean2: 0.0249359607697
        dvar: 0.000160404539201
        dvar2: 0.000411194894696
        max: 0.498081117868
        mean: 0.474049299955
        min: 0.379878640175
        var: 0.000263867928879
    hfc:
        dmean: 2.49001073837
        dmean2: 3.68845748901
        dvar: 5.16702508926
        dvar2: 9.92369651794
        max: 41.1082611084
        mean: 12.8369522095
        min: 4.68523148811e-06
        var: 34.1612854004
    pitch:
        dmean: 622.783874512
        dmean2: 1207.21142578
        dvar: 1222012.875
        dvar2: 3255588.75
        max: 3675
        mean: 676.766052246
        min: 82.5842666626
        var: 924298
    pitch_instantaneous_confidence:
        dmean: 0.0835880711675
        dmean2: 0.130260884762
        dvar: 0.00482558878139
        dvar2: 0.0116497753188
        max: 0.862653613091
        mean: 0.508667111397
        min: 0.195235848427
        var: 0.0211760811508
    pitch_salience:
        dmean: 0.0507194884121
        dmean2: 0.0791509971023
        dvar: 0.00203207484446
        dvar2: 0.00423017749563
        max: 0.970357298851
        mean: 0.586158931255
        min: 0.372381150723
        var: 0.00613354379311
    silence_rate_20dB:
        dmean: 0
        dmean2: 0
        dvar: 0
        dvar2: 0
        max: 1
        mean: 1
        min: 1
        var: 0
    silence_rate_30dB:
        dmean: 0
        dmean2: 0
        dvar: 0
        dvar2: 0
        max: 1
        mean: 1
        min: 1
        var: 0
    silence_rate_60dB:
        dmean: 0.0116009283811
        dmean2: 0.0232558138669
        dvar: 0.0114662759006
        dvar2: 0.0273660831153
        max: 1
        mean: 0.0208333339542
        min: 0
        var: 0.020399203524
    spectral_centroid:
        dmean: 179.411849976
        dmean2: 264.140106201
        dvar: 24711.4316406
        dvar2: 50522.6992188
        max: 3060.44897461
        mean: 2092.96240234
        min: 1038.38330078
        var: 122227.414062
    spectral_complexity:
        dmean: 3.1837208271
        dmean2: 5.02564096451
        dvar: 7.78250169754
        dvar2: 17.9689598083
        max: 35
        mean: 18.6148490906
        min: 0
        var: 22.4688339233
    spectral_crest:
        dmean: 1.58740663528
        dmean2: 2.49983716011
        dvar: 1.91779828072
        dvar2: 4.16039228439
        max: 17.9429302216
        mean: 7.47102975845
        min: 3.10499787331
        var: 7.76567745209
    spectral_decrease:
        dmean: 2.13799852822e-10
        dmean2: 3.20371090767e-10
        dvar: 4.25866926725e-20
        dvar2: 8.74400088574e-20
        max: -1.08289361246e-15
        mean: -1.27550181528e-09
        min: -2.73560396558e-09
        var: 1.42983157813e-19
    spectral_energy:
        dmean: 0.00100586889312
        dmean2: 0.00150497222785
        dvar: 8.93531989732e-07
        dvar2: 1.80239442216e-06
        max: 0.0140534546226
        mean: 0.00597838731483
        min: 4.5120400749e-09
        var: 3.6359481328e-06
    spectral_energyband_high:
        dmean: 0.000107816587843
        dmean2: 0.000163989534485
        dvar: 2.40105073601e-08
        dvar2: 5.36394324513e-08
        max: 0.00132545200177
        mean: 0.000298159895465
        min: 8.68949634469e-11
        var: 4.15480769789e-08
    spectral_energyband_low:
        dmean: 8.13272490632e-05
        dmean2: 0.000135572379804
        dvar: 3.38407275535e-08
        dvar2: 9.23358811633e-08
        max: 0.00186531094369
        mean: 0.000117970099382
        min: 8.93308829686e-11
        var: 2.68786912727e-08
    spectral_energyband_middle_high:
        dmean: 0.000768967438489
        dmean2: 0.0011618436547
        dvar: 4.71790713164e-07
        dvar2: 9.63910338214e-07
        max: 0.0123712252825
        mean: 0.00410779053345
        min: 1.45459755352e-09
        var: 3.28290229845e-06
    spectral_energyband_middle_low:
        dmean: 0.000446752877906
        dmean2: 0.000673882721458
        dvar: 2.71317873057e-07
        dvar2: 6.27902409178e-07
        max: 0.00490790838376
        mean: 0.00145445752423
        min: 2.87097501328e-09
        var: 5.4302057606e-07
    spectral_flatness_db:
        dmean: 0.0141964610666
        dmean2: 0.019805425778
        dvar: 0.00017358615878
        dvar2: 0.000334468728397
        max: 0.211502224207
        mean: 0.159383773804
        min: 0.0914814919233
        var: 0.000569740892388
    spectral_flux:
        dmean: 0.0069796089083
        dmean2: 0.0103527102619
        dvar: 4.30809923273e-05
        dvar2: 8.72301898198e-05
        max: 0.0764284208417
        mean: 0.0391935035586
        min: 6.71717207297e-05
        var: 0.00011156052642
    spectral_kurtosis:
        dmean: 1.14509475231
        dmean2: 1.90142810345
        dvar: 1.09247136116
        dvar2: 2.93020057678
        max: 13.6316184998
        mean: 4.26990747452
        min: 1.50237512589
        var: 2.03068304062
    spectral_rms:
        dmean: 0.000205035714316
        dmean2: 0.000302584579913
        dvar: 3.73745798754e-08
        dvar2: 6.86527670268e-08
        max: 0.0037027944345
        mean: 0.00238446635194
        min: 2.09809218177e-06
        var: 1.46892233488e-07
    spectral_rolloff:
        dmean: 129.04888916
        dmean2: 211.115493774
        dvar: 22990.8886719
        dvar2: 49002.515625
        max: 4242.04101562
        mean: 3488.07885742
        min: 2282.51953125
        var: 58190.9921875
    spectral_skewness:
        dmean: 0.155879333615
        dmean2: 0.247614488006
        dvar: 0.0237898621708
        dvar2: 0.0482267849147
        max: 3.30368924141
        mean: 1.42721605301
        min: 0.98992151022
        var: 0.0457907468081
    spectral_spread:
        dmean: 438830.375
        dmean2: 607662.5625
        dvar: 328778874880
        dvar2: 486634848256
        max: 11362103
        mean: 4158312.75
        min: 2700913.25
        var: 810361618432
    spectral_strongpeak:
        dmean: 1.04227828979
        dmean2: 1.68107748032
        dvar: 1.77309811115
        dvar2: 3.45954346657
        max: 13.4660377502
        mean: 2.50301814079
        min: 3.80639103241e-05
        var: 6.58737039566
    zerocrossingrate:
        dmean: 0.00613871729001
        dmean2: 0.00764973973855
        dvar: 3.00647297991e-05
        dvar2: 4.7434346925e-05
        max: 0.15478515625
        mean: 0.113438725471
        min: 0.05322265625
        var: 0.000186818491784
    barkbands:
        dmean: [8.98084238088e-08, 2.50885477726e-05, 6.31548027741e-05, 0.000120781151054, 0.00023321658955, 6.2955688918e-05, 8.25918541523e-05, 4.57225833088e-05, 0.00018692703452, 6.45193067612e-05, 0.000138428760692, 7.1492868301e-05, 0.000126431754325, 6.21573344688e-05, 0.000108764856122, 0.000109159409476, 0.00018078496214, 0.000268555508228, 0.000403431826271, 0.000196223030798, 5.72120334255e-05, 2.05360065593e-05, 4.57702526546e-06, 1.43116778872e-06, 7.66980576827e-07, 8.69140919235e-08, 1.79986914262e-09]
        dmean2: [1.40022990536e-07, 4.40288204118e-05, 0.000104867503978, 0.00020289690292, 0.000373668706743, 0.000107031548396, 0.000137006572913, 7.35787907615e-05, 0.000273197423667, 0.000100381206721, 0.000206869342946, 0.00010972693417, 0.000186563716852, 0.000100398327049, 0.000178907110239, 0.000180230927072, 0.000303829612676, 0.000443591998192, 0.000603114836849, 0.000299984036246, 9.22450635699e-05, 3.01689724438e-05, 6.82282416165e-06, 2.08191386264e-06, 1.05082369828e-06, 1.24994869566e-07, 2.22887996948e-09]
        dvar: [2.13321073588e-13, 4.87997731113e-09, 1.82911463753e-08, 3.68308938903e-08, 8.52497024084e-08, 1.27828156948e-08, 3.41042287744e-08, 8.43379055482e-09, 5.74711549461e-08, 1.10977218526e-08, 4.14479615074e-08, 1.61799782461e-08, 2.75551972351e-08, 9.25084187031e-09, 1.93044762398e-08, 1.53558818994e-08, 4.82288449177e-08, 8.63511147031e-08, 2.2535749622e-07, 5.28317798398e-08, 6.8809740128e-09, 1.40786382552e-09, 6.19876927566e-11, 3.91786039375e-12, 1.13568919893e-12, 1.70780883467e-14, 6.39853823493e-16]
        dvar2: [2.68317106814e-13, 1.34792905726e-08, 5.06297013203e-08, 8.5091329538e-08, 2.12995630022e-07, 3.53048150714e-08, 8.35049078773e-08, 2.11043200693e-08, 1.31976733542e-07, 2.30439791693e-08, 8.77357351214e-08, 3.87423284565e-08, 6.10759656183e-08, 1.92857108061e-08, 4.58269759918e-08, 3.80537628075e-08, 1.26187643446e-07, 2.18546375663e-07, 3.72500124968e-07, 1.01595688307e-07, 1.67904410375e-08, 3.12480241682e-09, 1.42970774109e-10, 8.17256592262e-12, 2.5079400362e-12, 3.49092635224e-14, 6.39355450483e-16]
        max: [8.86226189323e-06, 0.000591254676692, 0.0012736528879, 0.00155747972894, 0.00226169684902, 0.00104660762008, 0.00185974920169, 0.00108582538087, 0.00272911065258, 0.00175416038837, 0.00246836803854, 0.00227528973483, 0.00158143369481, 0.00154417438898, 0.00185699213762, 0.000974991009571, 0.0024829749018, 0.00269165588543, 0.00850907899439, 0.00311637553386, 0.000734074856155, 0.000433403067291, 6.32846276858e-05, 2.17303859245e-05, 1.45932053783e-05, 8.50728554269e-07, 5.2654212368e-07]
        mean: [7.06908664938e-08, 2.09490863199e-05, 9.69619577518e-05, 0.000191396204173, 0.000397819851059, 9.87602470559e-05, 0.000107258514618, 7.04966878402e-05, 0.000574845937081, 0.000146925420268, 0.000266886811005, 0.000170918254298, 0.000306018686388, 0.000124754427816, 0.000214151776163, 0.000196380773559, 0.000382975849789, 0.000612308154814, 0.00124200317077, 0.000570144387893, 0.000133175984956, 3.98873198719e-05, 8.35682203615e-06, 3.06390870719e-06, 1.75999991825e-06, 1.17243551756e-07, 1.72305414381e-09]
        min: [3.0395395402e-12, 4.07655367796e-11, 3.80447132131e-11, 4.6525262809e-11, 1.53486306997e-10, 2.2813539946e-10, 3.59469870537e-10, 6.616641679e-10, 1.2833960561e-09, 6.10568873238e-10, 1.90385068821e-10, 7.86634923866e-11, 1.63872283798e-11, 5.90342705276e-12, 1.63549035426e-11, 9.44952033288e-11, 1.72444919455e-10, 2.97859598097e-10, 5.01655453289e-11, 1.26650814836e-10, 7.86449551315e-12, 5.72114361094e-12, 4.41942879861e-12, 2.28088571251e-13, 8.8877245407e-13, 4.42167651235e-13, 3.79718988457e-13]
        var: [2.05195967639e-13, 3.20369841766e-09, 1.56456199107e-08, 5.54130288322e-08, 1.31302613227e-07, 1.27708172926e-08, 3.92396515281e-08, 9.8577750407e-09, 3.22757387039e-07, 6.19030018356e-08, 1.33990070594e-07, 1.13447221395e-07, 1.16091868563e-07, 2.43610251971e-08, 3.76550133296e-08, 2.72151385872e-08, 1.18297968754e-07, 2.12976814851e-07, 1.72111720076e-06, 2.34727593806e-07, 1.16032055075e-08, 2.22772555958e-09, 9.91627266411e-11, 9.18690644391e-12, 2.9780769864e-12, 2.75063497234e-14, 6.41305637965e-16]
    mfcc:
        mean: [-684.895324707, 95.2062301636, -70.8432159424, 44.0964775085, -20.2759685516, -12.9121742249, 6.03757572174, -1.20288062096, -9.50300884247, -6.54681539536, -6.44882106781, -14.7692241669, -11.5767707825]
        cov: [[1828.32324219, -189.449569702, 96.931388855, 47.4461402893, 59.1421699524, 110.494346619, -6.08423566818, -33.0443115234, -48.1748924255, -10.2947559357, 7.20064783096, -9.66400241852, -24.3820133209], [-189.449569702, 231.868835449, -56.7287597656, 42.2230834961, 25.7996940613, -3.39965105057, 39.347568512, -2.15337777138, 33.9818534851, 52.0559501648, 15.0185031891, 0.764409124851, -14.9234867096], [96.931388855, -56.7287597656, 196.132171631, 27.7919044495, 22.4376831055, 65.500831604, -19.5171585083, 22.1128692627, -1.50351703167, -28.1162395477, -11.0563631058, 14.5620536804, 26.8949432373], [47.4461402893, 42.2230834961, 27.7919044495, 85.2614898682, 43.7571487427, 35.98487854, 34.3222885132, 21.1683158875, -10.6195268631, 14.9064950943, 7.6344537735, -1.22363650799, 1.10399770737], [59.1421699524, 25.7996940613, 22.4376831055, 43.7571487427, 73.9651641846, 47.8708839417, 34.7568435669, 16.1344337463, 7.06162166595, 19.2763900757, 11.3219547272, -2.27939939499, -0.808824837208], [110.494346619, -3.39965105057, 65.500831604, 35.98487854, 47.8708839417, 91.6937942505, 40.6859550476, 14.323589325, -23.299697876, -3.79267978668, 4.17919254303, 3.0728700161, 8.81288814545], [-6.08423566818, 39.347568512, -19.5171585083, 34.3222885132, 34.7568435669, 40.6859550476, 104.115249634, 32.300491333, -15.7839851379, 5.46629905701, 8.52246761322, -9.28562450409, -2.20883488655], [-33.0443115234, -2.15337777138, 22.1128692627, 21.1683158875, 16.1344337463, 14.323589325, 32.300491333, 84.1833572388, 27.9192028046, -5.26454019547, -15.0518436432, -9.01529312134, -3.89584851265], [-48.1748924255, 33.9818534851, -1.50351703167, -10.6195268631, 7.06162166595, -23.299697876, -15.7839851379, 27.9192028046, 99.2231369019, 46.8372955322, -0.928902089596, -4.94762325287, -13.4243602753], [-10.2947559357, 52.0559501648, -28.1162395477, 14.9064950943, 19.2763900757, -3.79267978668, 5.46629905701, -5.26454019547, 46.8372955322, 95.782043457, 39.1593055725, -0.887429475784, -17.206609726], [7.20064783096, 15.0185031891, -11.0563631058, 7.6344537735, 11.3219547272, 4.17919254303, 8.52246761322, -15.0518436432, -0.928902089596, 39.1593055725, 57.2311973572, 22.1924591064, -5.59831762314], [-9.66400241852, 0.764409124851, 14.5620536804, -1.22363650799, -2.27939939499, 3.0728700161, -9.28562450409, -9.01529312134, -4.94762325287, -0.887429475784, 22.1924591064, 45.1098327637, 17.7557926178], [-24.3820133209, -14.9234867096, 26.8949432373, 1.10399770737, -0.808824837208, 8.81288814545, -2.20883488655, -3.89584851265, -13.4243602753, -17.206609726, -5.59831762314, 17.7557926178, 56.5680465698]]
        icov: [[0.000711457512807, 0.00080601638183, 0.000159138580784, -0.000703983008862, -7.80851478339e-05, -0.000933592033107, 0.00010944467067, 0.0007268745685, -0.000332662137225, 2.14776137e-05, 0.000142246615724, -5.19918721693e-05, 0.000614018295892], [0.00080601638183, 0.00758445961401, 0.00199663778767, -0.00500777456909, 0.000340556754963, -0.000915999582503, -0.0025621864479, 0.00365345459431, -0.00364717468619, -0.00134583679028, 0.00235449080355, -0.00266471737996, 0.00159042072482], [0.000159138580784, 0.00199663778767, 0.0109543101862, -0.0046367989853, 0.00259227049537, -0.0104243960232, 0.00547290313989, -0.00107107206713, -0.00466917641461, 0.00398213975132, -0.00147652137093, -0.000601813255344, -0.00257530272938], [-0.000703983008862, -0.00500777456909, -0.0046367989853, 0.0245108064264, -0.0109593113884, 0.00401708949357, -0.00106711126864, -0.00709499605, 0.010544099845, -0.00660545565188, 0.00213982141577, -0.000223806971917, -0.000436151894974], [-7.80851478339e-05, 0.000340556754963, 0.00259227049537, -0.0109593113884, 0.0302424449474, -0.0146405855194, -0.00161291577388, 0.00171304517426, -0.00860995054245, 0.00200758897699, -0.00539209274575, 0.00363990478218, -0.00130283867475], [-0.000933592033107, -0.000915999582503, -0.0104243960232, 0.00401708949357, -0.0146405855194, 0.0318114683032, -0.00915211625397, -0.000845246133395, 0.00987424887717, -0.00518220150843, 0.0046025547199, -0.00331356446259, 0.000915424025152], [0.00010944467067, -0.0025621864479, 0.00547290313989, -0.00106711126864, -0.00161291577388, -0.00915211625397, 0.0201648510993, -0.00871713366359, 0.00350382458419, 0.00189644191414, -0.00615576980636, 0.00569915212691, -0.00260992534459], [0.0007268745685, 0.00365345459431, -0.00107107206713, -0.00709499605, 0.00171304517426, -0.000845246133395, -0.00871713366359, 0.0223169792444, -0.0116027826443, 0.00485163321719, 0.00372628681362, -0.0010105551919, 0.00268582860008], [-0.000332662137225, -0.00364717468619, -0.00466917641461, 0.010544099845, -0.00860995054245, 0.00987424887717, 0.00350382458419, -0.0116027826443, 0.026948960498, -0.0165004990995, 0.0094994623214, -0.00378628075123, 0.00208975630812], [2.14776137e-05, -0.00134583679028, 0.00398213975132, -0.00660545565188, 0.00200758897699, -0.00518220150843, 0.00189644191414, 0.00485163321719, -0.0165004990995, 0.0297891944647, -0.0217794608325, 0.0103053571656, -0.00111068971455], [0.000142246615724, 0.00235449080355, -0.00147652137093, 0.00213982141577, -0.00539209274575, 0.0046025547199, -0.00615576980636, 0.00372628681362, 0.0094994623214, -0.0217794608325, 0.0445808023214, -0.0252616312355, 0.00853560119867], [-5.19918721693e-05, -0.00266471737996, -0.000601813255344, -0.000223806971917, 0.00363990478218, -0.00331356446259, 0.00569915212691, -0.0010105551919, -0.00378628075123, 0.0103053571656, -0.0252616312355, 0.0410492233932, -0.012862320058], [0.000614018295892, 0.00159042072482, -0.00257530272938, -0.000436151894974, -0.00130283867475, 0.000915424025152, -0.00260992534459, 0.00268582860008, 0.00208975630812, -0.00111068971455, 0.00853560119867, -0.012862320058, 0.02455689013]]
    spectral_contrast:
        mean: [2.11812135831e-07, -1.03348718028e-07, -5.6743689747e-09, 2.33725231169e-07, -2.51936796758e-07, -6.33247509541e-07, -2.53466680533e-07, -1.5739221908e-06, 1.37343067763e-06, -1.03346985725e-06, 8.67932158144e-07, 2.40282088271e-06]
        var: [0.000261998298811, 0.000587558723055, 0.00146721187048, 0.00185347476508, 0.00271388376132, 0.00323640438728, 0.0250191651285, 0.061548307538, 0.11107378453, 0.14440575242, 0.416768610477, 0.965913414955]

rhythm:
    beats_loudness:
        dmean: 0.00157377426513
        dmean2: 0.00226770155132
        dvar: 7.08938728167e-07
        dvar2: 3.23577546624e-06
        max: 0.00970949977636
        mean: 0.00639779865742
        min: 0.00441040238366
        var: 2.16524313146e-06
    beats_loudness_bass:
        dmean: 0.054338324815
        dmean2: 0.10082795471
        dvar: 0.00147014041431
        dvar2: 0.0050342627801
        max: 0.13697271049
        mean: 0.0499286018312
        min: 0.00144710158929
        var: 0.00151771039236
    bpm: 138.184967041
    bpm_confidence: 0
    first_peak_bpm: 139
    first_peak_spread: 0.421052634716
    first_peak_weight: 0.550000011921
    onset_rate: 3.69818854332
    second_peak_bpm: 84
    second_peak_spread: 0
    second_peak_weight: 0.0500000007451
    beats_position: [0.546511352062, 0.97768253088, 1.4088537693, 1.84002494812, 2.27119612694, 2.70236730576, 3.13353848457, 3.56470966339, 3.99588108063, 4.42705249786, 4.8582239151, 5.28939533234, 6.00389719009, 6.44066762924, 6.87743759155, 7.31420850754, 7.75097894669, 8.187748909, 8.62451934814, 9.06128978729, 9.49806118011]
    bpm_estimates: [139.394348145, 138.350036621, 139.524917603, 139.429672241, 139.086990356, 137.268356323, 137.809356689, 137.617782593, 136.036849976, 137.814224243, 137.702102661]
    bpm_intervals: [0.431171178818, 0.431171238422, 0.431171178818, 0.431171178818, 0.431171178818, 0.431171178818, 0.431171178818, 0.431171417236, 0.431171417236, 0.431171417236, 0.431171417236, 0.714501857758, 0.436770439148, 0.436769962311, 0.436770915985, 0.436770439148, 0.436769962311, 0.436770439148, 0.436770439148, 0.436771392822]
    onset_times: [0.0464399084449, 0.53405892849, 0.754648506641, 0.986848056316, 1.54412698746, 1.63700675964, 1.8575963974, 2.08979582787, 2.29877543449, 2.49614500999, 2.93732428551, 3.36689352989, 3.5758728981, 3.77324271202, 3.80807256699, 4.04027223587, 4.22603178024, 4.40018129349, 4.66721105576, 4.91102027893, 5.02712011337, 5.0967798233, 5.32897949219, 5.56117916107, 6.28099775314, 6.43192720413, 7.52326536179, 7.72063493729, 7.92961454391, 8.17342376709, 8.38240337372, 8.62621307373, 8.83519268036, 8.93968296051, 9.25315189362, 9.4853515625, 9.91492080688]
    rubato_start: []
    rubato_stop: []
    perceptual_tempo: "unknown"

sfx:
    inharmonicity:
        dmean: 0.0631210282445
        dmean2: 0.113521926105
        dvar: 0.00490360055119
        dvar2: 0.0141072394326
        max: 0.393002331257
        mean: 0.0709908753633
        min: 0.000149827435962
        var: 0.0049367742613
    oddtoevenharmonicenergyratio:
        dmean: 3.21971654892
        dmean2: 6.15694475174
        dvar: 63.4091148376
        dvar2: 186.828689575
        max: 71.6598815918
        mean: 2.05209040642
        min: 0.000759007467423
        var: 35.493976593
    pitch_after_max_to_before_max_energy_ratio: 17.5247974396
    pitch_centroid: 231.083938599
    pitch_max_to_total: 0.118329465389
    pitch_min_to_total: 0.408352673054
    tristimulus:
        dmean: [0.179575353861, 0.266267418861, 0.163091897964]
        dmean2: [0.309848338366, 0.463815778494, 0.29135671258]
        dvar: [0.022286163643, 0.0501009374857, 0.0225547887385]
        dvar2: [0.0648171156645, 0.143644705415, 0.0618061758578]
        max: [0.841286361217, 0.997118651867, 0.658471882343]
        mean: [0.292700231075, 0.456256181002, 0.160272583365]
        min: [0.00288130808622, 0, 0]
        var: [0.0313603766263, 0.0660372823477, 0.0270550269634]

tonal:
    chords_changes_rate: 0.0184331797063
    chords_number_rate: 0.0138248847798
    chords_strength:
        dmean: 0.00843884237111
        dmean2: 0.00692443689331
        dvar: 4.15162612626e-05
        dvar2: 3.86496503779e-05
        max: 0.701662063599
        mean: 0.50266045332
        min: 0.317612379789
        var: 0.0124356811866
    key_strength: 0.734187722206
    tuning_diatonic_strength: 0.629452347755
    tuning_equal_tempered_deviation: 0.0674021169543
    tuning_frequency: 439.491973877
    tuning_nontempered_energy_ratio: 0.668613791466
    hpcp:
        dmean: [0.148243844509, 0.149204552174, 0.123584263027, 0.103343725204, 0.0691717192531, 0.101954497397, 0.167182311416, 0.134338989854, 0.063823454082, 0.036387976259, 0.0303290635347, 0.050526779145, 0.0829198732972, 0.0726909562945, 0.0597692392766, 0.075899027288, 0.0797764211893, 0.0845197066665, 0.0854786112905, 0.07904073596, 0.143109440804, 0.156097501516, 0.1371743083, 0.100128613412, 0.0699883252382, 0.0565343163908, 0.0886413007975, 0.130467459559, 0.100216798484, 0.0617868378758, 0.0575514808297, 0.0590302981436, 0.120520874858, 0.13997079432, 0.114865638316, 0.130453690886]
        dmean2: [0.244601473212, 0.248288303614, 0.195799738169, 0.154805660248, 0.104122288525, 0.148640856147, 0.26306027174, 0.203141957521, 0.107570081949, 0.0605120770633, 0.0490895621479, 0.0803137794137, 0.13656167686, 0.120487689972, 0.100678294897, 0.120626181364, 0.126716077328, 0.141767725348, 0.14433170855, 0.134755373001, 0.239430963993, 0.251051545143, 0.212411001325, 0.156369939446, 0.123565524817, 0.0996258854866, 0.141547486186, 0.210260093212, 0.155441433191, 0.103473164141, 0.0969090536237, 0.0924947038293, 0.181021347642, 0.218031570315, 0.195052951574, 0.223074376583]
        dvar: [0.0301975831389, 0.0262124519795, 0.020799709484, 0.0196973793209, 0.00921409763396, 0.0131012853235, 0.0274655651301, 0.0160861704499, 0.0112420897931, 0.00269941729493, 0.00160129461437, 0.00449536601081, 0.00970111321658, 0.00592032168061, 0.00519945891574, 0.0101832076907, 0.0104196919128, 0.0186631530523, 0.0170903168619, 0.0184429734945, 0.0348872877657, 0.0439137034118, 0.0250425618142, 0.019907059148, 0.0164815150201, 0.014222227037, 0.0198218133301, 0.0296110585332, 0.0121722389013, 0.00971315894276, 0.00682754116133, 0.00455012125894, 0.021971821785, 0.0301173198968, 0.0234337337315, 0.0258393269032]
        dvar2: [0.0845569595695, 0.0694569796324, 0.0505616441369, 0.0352840945125, 0.0192320477217, 0.0287063978612, 0.0570509321988, 0.0419274531305, 0.0305970162153, 0.00716246245429, 0.00397298019379, 0.0110167739913, 0.0248488951474, 0.0152415642515, 0.0145854651928, 0.0269595589489, 0.0274726692587, 0.0441570580006, 0.0380565561354, 0.0529104694724, 0.0856228992343, 0.0789548903704, 0.053982552141, 0.0453176274896, 0.0383212342858, 0.0397144407034, 0.0435797013342, 0.05599969998, 0.0275037772954, 0.0237740650773, 0.0163537375629, 0.0113732740283, 0.0404069237411, 0.0570687688887, 0.0553758442402, 0.0677666217089]
        max: [1, 1, 1, 1, 0.960087835789, 1, 1, 1, 0.92407554388, 0.357025653124, 0.366106808186, 0.622684001923, 0.79797232151, 0.626628577709, 0.687388598919, 1, 0.847108662128, 1, 1, 1, 1, 1, 1, 1, 1, 0.907766759396, 1, 1, 0.907618165016, 0.861097455025, 0.789371550083, 0.658240973949, 1, 1, 1, 1]
        mean: [0.265181869268, 0.23772418499, 0.242686703801, 0.23338085413, 0.138520047069, 0.233431816101, 0.443719208241, 0.316496938467, 0.0925967395306, 0.0612488053739, 0.0533683821559, 0.0836461931467, 0.136540591717, 0.120571836829, 0.10543756187, 0.138519078493, 0.122740216553, 0.139912724495, 0.153495952487, 0.104539141059, 0.325087964535, 0.605510294437, 0.410900980234, 0.152032345533, 0.0996344685555, 0.0700397193432, 0.158368423581, 0.293810158968, 0.217695072293, 0.100187830627, 0.0934669300914, 0.12258156389, 0.31650391221, 0.368198156357, 0.204351246357, 0.198464438319]
        min: [0, 0, 0, 0, 0, 0, 0, 0, 0, 0, 0, 0, 0, 0, 0, 0, 0, 0, 0, 0, 0, 0, 0, 0, 0, 0, 0, 0, 0, 0, 0, 0, 0, 0, 0, 0]
        var: [0.0507498271763, 0.0389510467649, 0.0638800859451, 0.0812826007605, 0.0204563960433, 0.0347296819091, 0.0910056605935, 0.0495775565505, 0.0108530661091, 0.00324900238775, 0.002167400904, 0.00589100271463, 0.0142865106463, 0.00977740436792, 0.00679217791185, 0.0171896256506, 0.0156712587923, 0.0432658903301, 0.0534536801279, 0.0202850662172, 0.0563713610172, 0.142232522368, 0.0624537169933, 0.0313687846065, 0.0221192650497, 0.0120911831036, 0.0407418310642, 0.0989622026682, 0.045399915427, 0.0112793892622, 0.00874279532582, 0.00800121296197, 0.0801619887352, 0.101380750537, 0.0359000712633, 0.0319029577076]
    chords_histogram: [65.8986206055, 0, 0, 0, 0, 0, 0, 0, 0, 0, 0, 0, 0, 0, 0, 0, 0, 0, 0, 0, 17.9723510742, 0, 16.129032135, 0]
    thpcp: [1, 0.678602814674, 0.251081347466, 0.164546281099, 0.115670569241, 0.261545389891, 0.48522734642, 0.359523326159, 0.165460154414, 0.154360592365, 0.202443405986, 0.522706091404, 0.608079075813, 0.337485998869, 0.327763944864, 0.437947750092, 0.392601400614, 0.400796979666, 0.385428369045, 0.228765800595, 0.385512560606, 0.732802093029, 0.522694587708, 0.152923479676, 0.10115237534, 0.0881378576159, 0.138141646981, 0.225496724248, 0.199124336243, 0.174130097032, 0.228764206171, 0.202705413103, 0.231065809727, 0.253498494625, 0.172646343708, 0.536882638931]
    chords_key: "E"
    chords_scale: "major"
    key_key: "E"
    key_scale: "major"
    chords_progression: ["D", "D", "D", "D", "D", "D", "D", "D", "D", "D", "D", "D", "D", "D", "D", "D", "D", "D", "D", "D", "D", "D", "D", "D", "D", "D", "D", "D", "D", "D", "D", "D", "D", "D", "D", "D", "D", "D", "D", "A", "A", "A", "A", "A", "A", "A", "A", "A", "A", "A", "E", "E", "E", "E", "E", "E", "E", "E", "E", "E", "E", "E", "E", "E", "E", "E", "E", "E", "E", "E", "E", "E", "E", "E", "E", "E", "E", "E", "E", "E", "E", "E", "E", "E", "E", "E", "E", "E", "E", "E", "E", "E", "E", "E", "E", "E", "E", "E", "E", "E", "E", "E", "E", "E", "E", "E", "E", "E", "E", "E", "E", "E", "E", "E", "E", "E", "E", "E", "E", "E", "E", "E", "E", "E", "E", "E", "E", "E", "E", "E", "E", "E", "E", "E", "E", "E", "E", "E", "E", "E", "E", "E", "E", "E", "E", "E", "E", "E", "E", "E", "E", "E", "E", "E", "E", "E", "E", "E", "E", "A", "A", "A", "A", "A", "A", "A", "A", "A", "A", "A", "A", "A", "A", "A", "A", "A", "A", "A", "A", "A", "A", "A", "A", "E", "E", "E", "E", "E", "E", "E", "E", "E", "E", "E", "E", "E", "E", "E", "E", "E", "E", "E", "E", "E", "E", "E", "E", "E", "E", "E", "E", "E", "E", "E", "E", "E", "E"]
