
metadata:
    version:
        essentia: "1.2.2"
    audio_properties:
        analysis_sample_rate: 44100
        bitrate: 128
        channels: 2
        equal_loudness: 1
        length: 10.0310201645
        replay_gain: -10.3819046021
        downmix: "mix"
    tags:
        track: 22
        year: 0
        album: "Splitted by Mp3Splt v. 2.1"
        artist: "From 003.30 To 003.40"
        comment: "http://mp3splt.sf.net"
        genre: ""
        title: "09 Cool Kids of Death.mp3"

highlevel:
    ballroom:
        all:
            ChaChaCha: 0.0892571508884
            Jive: 0.0413444712758
            Quickstep: 0.00855563860387
            Rumba-American: 0.00554036255926
            Rumba-International: 0.0853221714497
            Rumba-Misc: 0.0574215054512
            Samba: 0.694012820721
            Tango: 0.00681019155309
            VienneseWaltz: 0.00692543480545
            Waltz: 0.00481028156355
        probability: 0.694012820721
        value: "Samba"
    culture:
        all:
            non_western: 0.00561356730759
            western: 0.994386434555
        probability: 0.994386434555
        value: "western"
    gender:
        all:
            female: 0.807377278805
            male: 0.192622736096
        probability: 0.807377278805
        value: "female"
    genre_dortmund:
        all:
            alternative: 0.140017867088
            blues: 0.00407968414947
            electronic: 0.306631475687
            folkcountry: 0.0458653233945
            funksoulrnb: 0.0135655328631
            jazz: 0.0170447994024
            pop: 0.208029702306
            raphiphop: 0.0287599265575
            rock: 0.236005693674
        probability: 0.306631475687
        value: "electronic"
    genre_electronica:
        all:
            ambient: 0.00732824672014
            dnb: 0.0103604374453
            house: 0.00195777672343
            techno: 0.00946690328419
            trance: 0.970886647701
        probability: 0.970886647701
        value: "trance"
    genre_rosamerica:
        all:
            cla: 0.00180461199488
            dan: 0.914569318295
            hip: 0.0152139849961
            jaz: 0.00115137547255
            pop: 0.018643302843
            rhy: 0.00894129090011
            roc: 0.0390116088092
            spe: 0.000664530845825
        probability: 0.914569318295
        value: "dan"
    genre_tzanetakis:
        all:
            blu: 0.00533196004108
            cla: 0.00575090199709
            cou: 0.0259622596204
            dis: 0.0621672645211
            hip: 0.0274630188942
            jaz: 0.0365455076098
            met: 0.0450828000903
            pop: 0.63661468029
            reg: 0.107887156308
            roc: 0.0471944212914
        probability: 0.63661468029
        value: "pop"
    live_studio:
        all:
            live: 0.0710698440671
            studio: 0.928930163383
        probability: 0.928930163383
        value: "studio"
    mood:
        all:
            Cluster1: 0.332566767931
            Cluster2: 0.0157153494656
            Cluster3: 0.0228824820369
            Cluster4: 0.0112227024511
            Cluster5: 0.617612719536
        probability: 0.617612719536
        value: "Cluster5"
    mood_acoustic:
        all:
            acoustic: 0.00730796158314
            not_acoustic: 0.992692053318
        probability: 0.992692053318
        value: "not_acoustic"
    mood_aggressive:
        all:
            aggressive: 0.186247855425
            not_aggressive: 0.813752174377
        probability: 0.813752174377
        value: "not_aggressive"
    mood_electronic:
        all:
            electronic: 0.97969865799
            not_electronic: 0.020301323384
        probability: 0.97969865799
        value: "electronic"
    mood_happy:
        all:
            happy: 0.548227846622
            not_happy: 0.451772153378
        probability: 0.548227846622
        value: "happy"
    mood_party:
        all:
            not_party: 0.419206500053
            party: 0.580793499947
        probability: 0.580793499947
        value: "party"
    mood_relaxed:
        all:
            not_relaxed: 0.832815051079
            relaxed: 0.167184978724
        probability: 0.832815051079
        value: "not_relaxed"
    mood_sad:
        all:
            not_sad: 0.63515162468
            sad: 0.364848345518
        probability: 0.63515162468
        value: "not_sad"
    rhythm:
        all:
            fast: 0.700199484825
            medium: 0.223943442106
            slow: 0.0758570432663
        probability: 0.700199484825
        value: "fast"
    speech_music:
        all:
            music: 0.999999880791
            speech: 1.00000008274e-07
        probability: 0.999999880791
        value: "music"
    timbre:
        all:
            bright: 0.741203784943
            dark: 0.258796215057
        probability: 0.741203784943
        value: "bright"
    voice_instrumental:
        all:
            instrumental: 0.540681898594
            voice: 0.459318131208
        probability: 0.540681898594
        value: "instrumental"

lowlevel:
    average_loudness: 0.983344435692
    barkbands_kurtosis:
        dmean: 0.985236287117
        dmean2: 1.57504427433
        dvar: 1.33765113354
        dvar2: 3.32445502281
        max: 9.0560798645
        mean: -0.0161308031529
        min: -1.73502230644
        var: 1.97606635094
    barkbands_skewness:
        dmean: 0.391273379326
        dmean2: 0.62296885252
        dvar: 0.112569369376
        dvar2: 0.285832166672
        max: 2.61274147034
        mean: 0.809256613255
        min: -1.15160703659
        var: 0.264348447323
    barkbands_spread:
        dmean: 7.8217716217
        dmean2: 11.4597597122
        dvar: 46.4365692139
        dvar2: 96.8579788208
        max: 62.3065338135
        mean: 32.8989944458
        min: 7.39221906662
        var: 101.806488037
    dissonance:
        dmean: 0.0213979110122
        dmean2: 0.0350069329143
        dvar: 0.000314248725772
        dvar2: 0.000813482096419
        max: 0.498937904835
        mean: 0.455360531807
        min: 0.357112139463
        var: 0.000632808718365
    hfc:
        dmean: 2.57325077057
        dmean2: 3.94154477119
        dvar: 15.6248655319
        dvar2: 37.2203826904
        max: 30.8471717834
        mean: 4.39041996002
        min: 1.25592350741e-05
        var: 17.3810653687
    pitch:
        dmean: 398.10534668
        dmean2: 771.718017578
        dvar: 926463.9375
        dvar2: 2425830.75
        max: 4410
        mean: 442.177734375
        min: 69.8890686035
        var: 672994.0625
    pitch_instantaneous_confidence:
        dmean: 0.0861457064748
        dmean2: 0.136590987444
        dvar: 0.00479142181575
        dvar2: 0.0114501416683
        max: 0.838246941566
        mean: 0.3631246984
        min: 0.128694593906
        var: 0.0136380773038
    pitch_salience:
        dmean: 0.0613327212632
        dmean2: 0.0969603657722
        dvar: 0.00242903199978
        dvar2: 0.00624026404694
        max: 0.952667236328
        mean: 0.579421043396
        min: 0.324072062969
        var: 0.00577260460705
    silence_rate_20dB:
        dmean: 0
        dmean2: 0
        dvar: 0
        dvar2: 0
        max: 1
        mean: 1
        min: 1
        var: 0
    silence_rate_30dB:
        dmean: 0
        dmean2: 0
        dvar: 0
        dvar2: 0
        max: 1
        mean: 1
        min: 1
        var: 0
    silence_rate_60dB:
        dmean: 0.199074074626
        dmean2: 0.399071931839
        dvar: 0.159443557262
        dvar2: 0.272295683622
        max: 1
        mean: 0.547344088554
        min: 0
        var: 0.24775801599
    spectral_centroid:
        dmean: 275.56842041
        dmean2: 434.352783203
        dvar: 65799.4140625
        dvar2: 140123.4375
        max: 2860.17138672
        mean: 1062.86535645
        min: 357.402252197
        var: 136665.390625
    spectral_complexity:
        dmean: 3.50580048561
        dmean2: 5.71860456467
        dvar: 20.1849842072
        dvar2: 44.7650222778
        max: 36
        mean: 10.8310184479
        min: 0
        var: 27.6218910217
    spectral_crest:
        dmean: 2.20132374763
        dmean2: 3.59711289406
        dvar: 3.65160870552
        dvar2: 9.96029853821
        max: 17.368724823
        mean: 6.90264034271
        min: 2.48503947258
        var: 7.18096208572
    spectral_decrease:
        dmean: 3.60452362402e-10
        dmean2: 5.4672949501e-10
        dvar: 2.97775326996e-19
        dvar2: 6.36007437367e-19
        max: -8.61610596035e-16
        mean: -9.34613053616e-10
        min: -4.37011316023e-09
        var: 4.34683153403e-19
    spectral_energy:
        dmean: 0.00156983814668
        dmean2: 0.00236644991674
        dvar: 5.69329267819e-06
        dvar2: 1.23805766634e-05
        max: 0.019291780889
        mean: 0.00392566807568
        min: 4.39107816774e-09
        var: 7.99786175776e-06
    spectral_energyband_high:
        dmean: 0.000239134416915
        dmean2: 0.000362467544619
        dvar: 1.68866691297e-07
        dvar2: 4.2137037326e-07
        max: 0.00313682388514
        mean: 0.000268015166512
        min: 1.1605104655e-09
        var: 1.5737639103e-07
    spectral_energyband_low:
        dmean: 0.000571435317397
        dmean2: 0.000936199910939
        dvar: 1.14936460704e-06
        dvar2: 2.66643064606e-06
        max: 0.00718943029642
        mean: 0.000887851463631
        min: 1.53188711716e-10
        var: 1.2055568277e-06
    spectral_energyband_middle_high:
        dmean: 0.000539319880772
        dmean2: 0.000848165829666
        dvar: 4.22523640964e-07
        dvar2: 9.99564122139e-07
        max: 0.00531838089228
        mean: 0.00117106898688
        min: 2.39313546757e-09
        var: 6.93077993219e-07
    spectral_energyband_middle_low:
        dmean: 0.000842502806336
        dmean2: 0.00145757722203
        dvar: 2.00815225071e-06
        dvar2: 5.44256045032e-06
        max: 0.0111214742064
        mean: 0.0015985412756
        min: 6.48316511587e-10
        var: 2.0008710635e-06
    spectral_flatness_db:
        dmean: 0.0150561435148
        dmean2: 0.0232569873333
        dvar: 0.000157963339007
        dvar2: 0.000358334596967
        max: 0.187666550279
        mean: 0.107902176678
        min: 0.0583358071744
        var: 0.000427710765507
    spectral_flux:
        dmean: 0.010678161867
        dmean2: 0.0157450158149
        dvar: 0.000190714810742
        dvar2: 0.000311599229462
        max: 0.114152245224
        mean: 0.0354471355677
        min: 6.62652091705e-05
        var: 0.000353246694431
    spectral_kurtosis:
        dmean: 0.842842459679
        dmean2: 1.25721549988
        dvar: 0.576479017735
        dvar2: 1.28312528133
        max: 5.4127035141
        mean: 2.0601580143
        min: 0.0825204849243
        var: 1.16831409931
    spectral_rms:
        dmean: 0.00034798917477
        dmean2: 0.000507821328938
        dvar: 1.81194266702e-07
        dvar2: 3.5562385392e-07
        max: 0.00433834642172
        mean: 0.00186865299474
        min: 2.06977733797e-06
        var: 3.38053325777e-07
    spectral_rolloff:
        dmean: 787.635498047
        dmean2: 1243.61755371
        dvar: 557868.375
        dvar2: 1102628.625
        max: 4565.0390625
        mean: 2271.9519043
        min: 387.59765625
        var: 1029589.625
    spectral_skewness:
        dmean: 0.225812017918
        dmean2: 0.326232373714
        dvar: 0.0411040969193
        dvar2: 0.0870809704065
        max: 2.13355088234
        mean: 1.44844949245
        min: 0.850962042809
        var: 0.0846087262034
    spectral_spread:
        dmean: 810881.8125
        dmean2: 1168149.5
        dvar: 475615100928
        dvar2: 901855903744
        max: 13933090
        mean: 7975497
        min: 5581238
        var: 1.58182880051e+12
    spectral_strongpeak:
        dmean: 0.228648081422
        dmean2: 0.385024607182
        dvar: 0.152742445469
        dvar2: 0.426845937967
        max: 3.87235832214
        mean: 0.315762937069
        min: 0
        var: 0.161540165544
    zerocrossingrate:
        dmean: 0.0112440632656
        dmean2: 0.0141488006338
        dvar: 8.24650123832e-05
        dvar2: 0.000112175228423
        max: 0.130859375
        mean: 0.0742413550615
        min: 0.0302734375
        var: 0.000290066818707
    barkbands:
        dmean: [5.26436178916e-06, 0.00035620725248, 0.000314121687552, 0.000360991602065, 0.000402305624448, 6.58995559206e-05, 9.39074816415e-05, 7.20132375136e-05, 0.000151153915795, 9.39416495385e-05, 0.000135597103508, 3.83571605198e-05, 2.25283947657e-05, 4.28085550084e-05, 5.30552533746e-05, 4.74398657389e-05, 0.000139842741191, 9.41674879869e-05, 0.000106424413389, 0.000140631949762, 0.000103882543044, 4.23138044425e-05, 1.3385982129e-05, 7.21397327652e-06, 7.84589519753e-06, 2.32752370266e-07, 8.29400215174e-10]
        dmean2: [6.04314800512e-06, 0.000585796311498, 0.000528043194208, 0.000655350566376, 0.000721209333278, 0.000102637801319, 0.000153033310198, 0.000105750950752, 0.000210559752304, 0.000131302454975, 0.00020326518279, 6.18845588178e-05, 3.6077824916e-05, 6.9833258749e-05, 8.78602004377e-05, 8.17943291622e-05, 0.000229754004977, 0.000148594728671, 0.000164344077348, 0.000224410614464, 0.000163761069416, 6.37462726445e-05, 2.08203600778e-05, 1.10727205538e-05, 1.2146167137e-05, 3.4831504081e-07, 1.20255461145e-09]
        dvar: [6.31105029347e-11, 4.23819841444e-07, 4.59576739331e-07, 8.29719795092e-07, 4.17081395199e-07, 5.30938404353e-09, 4.03228881396e-08, 7.93331711435e-09, 7.04384532924e-08, 1.64170508299e-08, 3.45567521265e-08, 2.93113244787e-09, 1.55542390079e-09, 2.811177513e-09, 3.97407262653e-09, 6.09370642835e-09, 3.57718690225e-08, 1.79069168382e-08, 3.04220577618e-08, 5.79965409031e-08, 3.75820476961e-08, 4.90476548265e-09, 4.42219399988e-10, 1.05540111373e-10, 1.11499171007e-10, 8.75738351736e-14, 1.11314737279e-17]
        dvar2: [7.16932069267e-11, 1.07404696337e-06, 1.15661464406e-06, 2.32199454331e-06, 1.18659932014e-06, 1.22748193832e-08, 9.92713466985e-08, 1.40948497318e-08, 1.03126104989e-07, 3.24020774656e-08, 8.51576231753e-08, 7.18692305668e-09, 3.93581789382e-09, 7.04500990878e-09, 9.8091481604e-09, 1.62104552004e-08, 8.92620803938e-08, 3.83619571664e-08, 7.32182243723e-08, 1.43041631873e-07, 9.69345208546e-08, 1.1525366439e-08, 1.13598463969e-09, 2.59480270604e-10, 2.81219769693e-10, 1.63917815953e-13, 1.14202466156e-17]
        max: [8.25044917292e-05, 0.00496001169086, 0.00517645152286, 0.00613196007907, 0.00498717045411, 0.000633381830994, 0.00400239368901, 0.00100665586069, 0.00404981104657, 0.0012767581502, 0.00187884806655, 0.00063605431933, 0.000576664402615, 0.00051064993022, 0.000569936819375, 0.000539587810636, 0.00109642464668, 0.00154180277605, 0.00164722418413, 0.00207124720328, 0.00128555775154, 0.000448673818028, 0.000136853836011, 6.17972837063e-05, 6.32222072454e-05, 1.73123862623e-06, 7.03613096675e-08]
        mean: [1.11143535833e-05, 0.000505805481225, 0.000371125963284, 0.000331444869516, 0.00055489706574, 0.000110773522465, 0.000197763030883, 0.000124357276945, 0.000272942677839, 0.00015464759781, 0.000235872459598, 6.04940287303e-05, 3.274349001e-05, 6.83852049406e-05, 8.29900527606e-05, 5.54052821826e-05, 0.000142674325616, 0.000139425159432, 0.000125201477204, 0.000158585302415, 0.000105544568214, 4.80934577354e-05, 1.50439254867e-05, 1.01291352621e-05, 9.83836252999e-06, 3.71762212126e-07, 9.53481849031e-10]
        min: [6.89675122567e-11, 8.39513597528e-11, 3.5146364985e-11, 2.07485036097e-11, 2.21026929398e-11, 2.99293645423e-11, 7.57749835101e-11, 1.62598018383e-10, 3.11980941081e-10, 7.52169437845e-11, 2.32219148424e-12, 4.32414277995e-11, 7.01037700113e-11, 2.98266758514e-11, 7.94735943721e-11, 5.13106501732e-10, 5.91185156384e-10, 3.39283989792e-10, 6.33935404171e-10, 4.54088433521e-10, 3.49267031963e-10, 2.92699975368e-10, 5.26033036574e-11, 2.90358327659e-11, 1.67763632847e-11, 4.14437321267e-12, 7.7211181242e-13]
        var: [2.17994053364e-10, 4.21785131266e-07, 3.78255464284e-07, 5.24865527041e-07, 3.45555747572e-07, 9.59638679632e-09, 1.78760188874e-07, 1.92905869056e-08, 1.85764079674e-07, 4.04129743004e-08, 6.80204763626e-08, 4.54022286434e-09, 2.14845119473e-09, 4.8519672724e-09, 7.5482962103e-09, 5.74253000707e-09, 3.53286786492e-08, 3.01951494919e-08, 3.57494087666e-08, 5.41612195093e-08, 3.25078346464e-08, 5.08554842682e-09, 4.06873756909e-10, 1.0882433843e-10, 1.08086692374e-10, 1.37174966481e-13, 1.21287532801e-17]
    mfcc:
        mean: [-701.883361816, 104.553665161, -7.65960359573, 35.885925293, -4.51802396774, 0.0219517685473, 10.528301239, 6.08630371094, 9.73528575897, 0.283289015293, -2.17251825333, -6.18961858749, -3.85738587379]
        cov: [[2310.30175781, -366.720550537, -53.3395233154, 183.336227417, -25.9523029327, 27.0983428955, -17.551776886, 29.8010902405, 1.35119628906, -33.7391586304, -17.2863826752, -8.82120609283, -10.4127893448], [-366.720550537, 393.259429932, -5.16095256805, -130.941452026, -10.2409477234, -30.9767913818, 44.0908088684, -2.64308810234, -8.33839797974, 28.5640029907, 10.9775075912, -29.3557128906, -2.26290893555], [-53.3395233154, -5.16095256805, 165.754043579, 20.7082939148, -43.8000793457, -4.34614372253, 1.48416912556, -9.22672080994, 2.57996320724, -13.6166448593, -4.42203712463, -9.45191669464, -3.7889444828], [183.336227417, -130.941452026, 20.7082939148, 150.705673218, 14.1317472458, -16.8489074707, -46.9702720642, 11.1761360168, 18.1026744843, -30.4335021973, -1.98205089569, 16.9166641235, -0.896221458912], [-25.9523029327, -10.2409477234, -43.8000793457, 14.1317472458, 123.746963501, 33.0613327026, -22.2130489349, -9.68563556671, 7.07721757889, -9.07220745087, -20.885925293, 3.66622376442, 4.51319980621], [27.0983428955, -30.9767913818, -4.34614372253, -16.8489074707, 33.0613327026, 108.330238342, 52.3097457886, -19.1462917328, -17.3623867035, 1.63611960411, -5.75498628616, -15.133441925, -2.94269418716], [-17.551776886, 44.0908088684, 1.48416912556, -46.9702720642, -22.2130489349, 52.3097457886, 111.703842163, 19.880115509, -16.2461166382, 15.5437765121, -7.73613262177, -32.5835838318, -9.89080142975], [29.8010902405, -2.64308810234, -9.22672080994, 11.1761360168, -9.68563556671, -19.1462917328, 19.880115509, 64.3285446167, 32.4811019897, 0.872729897499, -9.93486213684, -0.610184371471, -7.31640625], [1.35119628906, -8.33839797974, 2.57996320724, 18.1026744843, 7.07721757889, -17.3623867035, -16.2461166382, 32.4811019897, 60.527381897, 16.5142478943, -2.2138698101, -0.914183437824, -5.36670923233], [-33.7391586304, 28.5640029907, -13.6166448593, -30.4335021973, -9.07220745087, 1.63611960411, 15.5437765121, 0.872729897499, 16.5142478943, 90.377204895, 33.8170013428, -17.7768688202, -10.4353971481], [-17.2863826752, 10.9775075912, -4.42203712463, -1.98205089569, -20.885925293, -5.75498628616, -7.73613262177, -9.93486213684, -2.2138698101, 33.8170013428, 65.8053894043, 20.5021114349, 1.36834788322], [-8.82120609283, -29.3557128906, -9.45191669464, 16.9166641235, 3.66622376442, -15.133441925, -32.5835838318, -0.610184371471, -0.914183437824, -17.7768688202, 20.5021114349, 73.3737030029, 29.2016735077], [-10.4127893448, -2.26290893555, -3.7889444828, -0.896221458912, 4.51319980621, -2.94269418716, -9.89080142975, -7.31640625, -5.36670923233, -10.4353971481, 1.36834788322, 29.2016735077, 48.5368041992]]
        icov: [[0.000548467796762, 0.000375622999854, 0.000338338693837, -0.000465955032269, 0.000351141090505, -0.00018763045955, 7.15785790817e-05, -0.00024591977126, 0.000212425700738, 1.81735213118e-05, 3.68677428924e-05, 0.000384681741707, -0.000118608644698], [0.000375622999854, 0.00465016486123, -0.000270414486295, 0.00344662833959, -0.00161339773331, 0.00357209471986, -0.00238700676709, 0.000907628622372, -0.000746071105823, 0.00125147146173, -0.00220974767581, 0.00198711967096, -0.000589758332353], [0.000338338693837, -0.000270414486295, 0.00781230488792, -0.00205606408417, 0.00383236375637, -0.000745096127503, -0.000573997560423, 0.00339241442271, -0.00271654454991, 0.00139896362089, 0.00113738316577, 0.000778753310442, 0.000124557031086], [-0.000465955032269, 0.00344662833959, -0.00205606408417, 0.012657458894, -0.00258232466877, 0.00189809349831, 0.00237965607084, -0.00247243489139, -0.00159773498308, 0.00411046529189, -0.00386413699016, 0.00156217068434, 0.000477529509226], [0.000351141090505, -0.00161339773331, 0.00383236375637, -0.00258232466877, 0.013971910812, -0.00800457317382, 0.00607257382944, 0.000299262726912, -0.00151877570897, -0.00138219143264, 0.00604870403185, -0.00112480251119, -0.000209209960303], [-0.00018763045955, 0.00357209471986, -0.000745096127503, 0.00189809349831, -0.00800457317382, 0.0217028539628, -0.01546018105, 0.0114229489118, -0.00386944646016, 0.00254126032814, -0.00281385425478, -5.09314195369e-05, 0.000963196565863], [7.15785790817e-05, -0.00238700676709, -0.000573997560423, 0.00237965607084, 0.00607257382944, -0.01546018105, 0.0266596693546, -0.0184156466275, 0.0119283320382, -0.00398175371811, 0.00195669266395, 0.0061515471898, -0.0022353916429], [-0.00024591977126, 0.000907628622372, 0.00339241442271, -0.00247243489139, 0.000299262726912, 0.0114229489118, -0.0184156466275, 0.0378246866167, -0.0217936206609, 0.00372339435853, 0.00390546908602, -0.00668127322569, 0.00512281898409], [0.000212425700738, -0.000746071105823, -0.00271654454991, -0.00159773498308, -0.00151877570897, -0.00386944646016, 0.0119283320382, -0.0217936206609, 0.0336102247238, -0.00941894110292, 0.00267010345124, 0.00178256561048, -0.000635085161775], [1.81735213118e-05, 0.00125147146173, 0.00139896362089, 0.00411046529189, -0.00138219143264, 0.00254126032814, -0.00398175371811, 0.00372339435853, -0.00941894110292, 0.0209338441491, -0.0135018294677, 0.00746678654104, -0.000372544600395], [3.68677428924e-05, -0.00220974767581, 0.00113738316577, -0.00386413699016, 0.00604870403185, -0.00281385425478, 0.00195669266395, 0.00390546908602, 0.00267010345124, -0.0135018294677, 0.0290060695261, -0.0129817342386, 0.00456166034564], [0.000384681741707, 0.00198711967096, 0.000778753310442, 0.00156217068434, -0.00112480251119, -5.09314195369e-05, 0.0061515471898, -0.00668127322569, 0.00178256561048, 0.00746678654104, -0.0129817342386, 0.0279846824706, -0.0140555249527], [-0.000118608644698, -0.000589758332353, 0.000124557031086, 0.000477529509226, -0.000209209960303, 0.000963196565863, -0.0022353916429, 0.00512281898409, -0.000635085161775, -0.000372544600395, 0.00456166034564, -0.0140555249527, 0.0291404984891]]
    spectral_contrast:
        mean: [-3.28846056163e-07, 5.48441221326e-07, 2.35680658989e-07, 1.12215744252e-07, 4.00641170017e-07, 5.00896305766e-07, -4.44233955932e-06, 1.94542940335e-06, -4.20395554102e-06, -5.89423734709e-07, -4.20323112849e-06, 1.22922506307e-06]
        var: [0.000242260663072, 0.000757856061682, 0.00132450112142, 0.00204937951639, 0.00307443621568, 0.00483567593619, 0.072167865932, 0.0848245918751, 0.136366575956, 0.145162314177, 0.225132003427, 1.24905765057]

rhythm:
    beats_loudness:
        dmean: 0.00249691982754
        dmean2: 0.00406971340999
        dvar: 2.80259473584e-06
        dvar2: 6.49316780255e-06
        max: 0.0125897713006
        mean: 0.00871000718325
        min: 0.00351121346466
        var: 5.06042260895e-06
    beats_loudness_bass:
        dmean: 0.187984570861
        dmean2: 0.345056176186
        dvar: 0.0145952980965
        dvar2: 0.0380860827863
        max: 0.785887777805
        mean: 0.564624249935
        min: 0.26685115695
        var: 0.0198343265802
    bpm: 130.685317993
    bpm_confidence: 0
    first_peak_bpm: 131
    first_peak_spread: 0
    first_peak_weight: 0.952380955219
    onset_rate: 5.38330078125
    second_peak_bpm: 118
    second_peak_spread: 0
    second_peak_weight: 0.047619048506
    beats_position: [0.0610983483493, 0.51963609457, 0.978173851967, 1.43671166897, 1.89524936676, 2.35378718376, 2.81232500076, 3.27086257935, 3.72940039635, 4.18793821335, 4.64647579193, 5.10501384735, 5.56355142593, 6.07096910477, 6.53057479858, 6.99017906189, 7.44978380203, 7.90938901901, 8.36899375916, 8.82859802246, 9.28820323944, 9.74780845642]
    bpm_estimates: [130.892227173, 130.853378296, 130.977722168, 130.734436035, 130.808303833, 130.869766235, 130.885116577, 130.785095215, 130.880599976, 130.828613281, 131.024383545, 130.887664795, 127.931091309, 130.749664307, 130.833999634, 130.775695801, 130.878189087, 130.739685059]
    bpm_intervals: [0.458537757397, 0.458537757397, 0.458537817001, 0.458537697792, 0.458537817001, 0.458537817001, 0.458537578583, 0.458537817001, 0.458537817001, 0.458537578583, 0.45853805542, 0.458537578583, 0.507417678833, 0.459605693817, 0.459604263306, 0.459604740143, 0.45960521698, 0.459604740143, 0.459604263306, 0.45960521698, 0.45960521698]
    onset_times: [0.0464399084449, 0.27863946557, 0.429569154978, 0.522448956966, 0.743038535118, 0.975238084793, 1.20743763447, 1.35836732388, 1.43963718414, 1.67183673382, 1.79954648018, 1.90403628349, 2.13623571396, 2.36843538284, 2.61224484444, 2.82122445107, 3.05342411995, 3.20435380936, 3.28562355042, 3.42494320869, 3.52943301201, 3.75002264977, 3.98222231865, 4.12154197693, 4.21442174911, 4.446621418, 4.66721105576, 4.8994102478, 5.05034017563, 5.14321994781, 5.36380958557, 5.58439922333, 5.8282084465, 6.06040811539, 6.29260778427, 6.51319742203, 6.74539661407, 6.8963265419, 6.98920631409, 7.20979595184, 7.44199562073, 7.66258525848, 7.81351470947, 7.90639448166, 8.13859367371, 8.35918331146, 8.59138298035, 8.74231338501, 8.82358264923, 9.05578231812, 9.287981987, 9.52018165588, 9.75238132477, 9.98458003998]
    rubato_start: []
    rubato_stop: []
    perceptual_tempo: "unknown"

sfx:
    inharmonicity:
        dmean: 0.0295432526618
        dmean2: 0.0514884106815
        dvar: 0.00107623112854
        dvar2: 0.00304311676882
        max: 0.251540631056
        mean: 0.0345078483224
        min: 0
        var: 0.00111897930037
    oddtoevenharmonicenergyratio:
        dmean: 1.58099603653
        dmean2: 2.98485326767
        dvar: 30.7020435333
        dvar2: 92.3272781372
        max: 72.9519042969
        mean: 1.13423907757
        min: 0
        var: 16.498916626
    pitch_after_max_to_before_max_energy_ratio: 2.54627943039
    pitch_centroid: 214.15814209
    pitch_max_to_total: 0.326388895512
    pitch_min_to_total: 0.0856481492519
    tristimulus:
        dmean: [0.207081064582, 0.218530282378, 0.103664897382]
        dmean2: [0.359153777361, 0.373385369778, 0.180636331439]
        dvar: [0.0316625088453, 0.031641792506, 0.0101098529994]
        dvar2: [0.0854832306504, 0.0879060775042, 0.0272058285773]
        max: [1, 0.89399433136, 0.62164992094]
        mean: [0.429248034954, 0.42653849721, 0.120176799595]
        min: [0.0309807807207, 0, 0]
        var: [0.0444294884801, 0.0434194020927, 0.0119034303352]

tonal:
    chords_changes_rate: 0.00460829492658
    chords_number_rate: 0.00921658985317
    chords_strength:
        dmean: 0.00618918053806
        dmean2: 0.00708515476435
        dvar: 2.48605811066e-05
        dvar2: 3.33312927978e-05
        max: 0.669337391853
        mean: 0.599721372128
        min: 0.449544161558
        var: 0.00281433854252
    key_strength: 0.752458572388
    tuning_diatonic_strength: 0.600548446178
    tuning_equal_tempered_deviation: 0.0368859358132
    tuning_frequency: 441.527557373
    tuning_nontempered_energy_ratio: 0.663805007935
    hpcp:
        dmean: [0.0746601969004, 0.0673729628325, 0.140855595469, 0.183654174209, 0.147819891572, 0.165844976902, 0.183721512556, 0.124266207218, 0.0898482203484, 0.109632007778, 0.100917510688, 0.14545416832, 0.170311644673, 0.129205018282, 0.0835378244519, 0.102183952928, 0.144314110279, 0.200366780162, 0.2379861027, 0.14456012845, 0.0628193542361, 0.0606143921614, 0.0648298338056, 0.090994887054, 0.122470803559, 0.143479570746, 0.160366788507, 0.147472158074, 0.12589661777, 0.0975892841816, 0.106612935662, 0.150229275227, 0.236008197069, 0.256033360958, 0.201222285628, 0.113299190998]
        dmean2: [0.139101713896, 0.120870605111, 0.247544720769, 0.312983691692, 0.251610964537, 0.265493422747, 0.299285888672, 0.208195924759, 0.160096988082, 0.196503058076, 0.177607342601, 0.245131924748, 0.278648495674, 0.222476050258, 0.152802079916, 0.193608984351, 0.254913717508, 0.341179579496, 0.383788734674, 0.239809140563, 0.115192331374, 0.111362628639, 0.119713284075, 0.164942383766, 0.216211587191, 0.247828438878, 0.287769198418, 0.251138538122, 0.222730100155, 0.177933141589, 0.196119323373, 0.275099426508, 0.389059990644, 0.425373375416, 0.336953282356, 0.206401526928]
        dvar: [0.020352223888, 0.0175892282277, 0.0255464762449, 0.0424318648875, 0.0267123654485, 0.0304778553545, 0.0428228527308, 0.0208640247583, 0.019341873005, 0.0309984758496, 0.0230690687895, 0.0459430068731, 0.051906209439, 0.0285518933088, 0.0170710869133, 0.0360717028379, 0.0484080538154, 0.0402408614755, 0.0446267165244, 0.0246234629303, 0.0120257735252, 0.0258362814784, 0.0171754863113, 0.0227558575571, 0.033036544919, 0.0403790324926, 0.0479401163757, 0.0368729382753, 0.0350133627653, 0.0204515308142, 0.035167299211, 0.0495375208557, 0.0417860671878, 0.051872652024, 0.0361640863121, 0.0326732061803]
        dvar2: [0.0579074695706, 0.0520733445883, 0.0658440366387, 0.112266942859, 0.0758733227849, 0.06745339185, 0.0853682607412, 0.0537714473903, 0.0553908236325, 0.0908416062593, 0.0688594281673, 0.120759837329, 0.127932652831, 0.0768819749355, 0.0449236892164, 0.100701414049, 0.129423290491, 0.0941677838564, 0.096909314394, 0.060711812228, 0.0340637825429, 0.0717131644487, 0.0473657175899, 0.0634153932333, 0.089719325304, 0.112890817225, 0.135033160448, 0.0987129732966, 0.10421255976, 0.0536417774856, 0.10396335274, 0.144188284874, 0.111387729645, 0.119891367853, 0.105103842914, 0.0941860899329]
        max: [1, 1, 1, 1, 1, 1, 1, 1, 1, 1, 1, 1, 1, 1, 0.713660180569, 1, 1, 1, 1, 1, 0.755710184574, 1, 0.739441514015, 1, 1, 1, 1, 1, 1, 1, 1, 1, 1, 1, 1, 0.927924454212]
        mean: [0.0647749975324, 0.0666332095861, 0.18783454597, 0.263673782349, 0.181292682886, 0.293831408024, 0.392645984888, 0.199855104089, 0.0916672796011, 0.107798695564, 0.114951491356, 0.208011299372, 0.259153962135, 0.153838351369, 0.0710178390145, 0.0769429951906, 0.136490538716, 0.374699532986, 0.493796348572, 0.240324452519, 0.0493657961488, 0.0419161580503, 0.0628885105252, 0.107989721, 0.148422315717, 0.152178406715, 0.165262535214, 0.168501645327, 0.120755895972, 0.094076551497, 0.0941409394145, 0.131541356444, 0.381742477417, 0.538959026337, 0.302282094955, 0.0977147072554]
        min: [0, 0, 0, 0, 0, 0, 0, 0, 0, 0, 0, 0, 0, 0, 0, 0, 0, 0, 0, 0, 0, 0, 0, 0, 0, 0, 0, 0, 0, 0, 0, 0, 0, 0, 0, 0]
        var: [0.0145257823169, 0.0132438959554, 0.0316487289965, 0.0610084123909, 0.0322448201478, 0.0752568766475, 0.125960558653, 0.035849634558, 0.0152262421325, 0.0240119099617, 0.0232074838132, 0.0729795396328, 0.092861354351, 0.0363534502685, 0.0130416136235, 0.0221881363541, 0.0421551615, 0.0707255676389, 0.0970852300525, 0.0382579639554, 0.00780340656638, 0.0142828579992, 0.0141191612929, 0.0254207737744, 0.034960962832, 0.0427382700145, 0.0519717633724, 0.0506452694535, 0.0305457450449, 0.0176862906665, 0.0243474896997, 0.0395109020174, 0.0702613815665, 0.111672408879, 0.0548507347703, 0.0235453993082]
    chords_histogram: [87.5576019287, 0, 0, 0, 0, 12.4423961639, 0, 0, 0, 0, 0, 0, 0, 0, 0, 0, 0, 0, 0, 0, 0, 0, 0, 0]
    thpcp: [1, 0.560862839222, 0.181302666664, 0.120185382664, 0.123633161187, 0.34851360321, 0.489227890968, 0.336375623941, 0.545183181763, 0.728526592255, 0.370816886425, 0.170082092285, 0.200012788177, 0.213284283876, 0.385950118303, 0.48084166646, 0.285436093807, 0.131768524647, 0.142762228847, 0.25324845314, 0.695228219032, 0.916203856468, 0.445904880762, 0.0915947109461, 0.0777724385262, 0.116685144603, 0.200367212296, 0.275387018919, 0.2823561728, 0.306632846594, 0.312642782927, 0.224053949118, 0.174552321434, 0.174671798944, 0.244065597653, 0.708295941353]
    chords_key: "G#"
    chords_scale: "minor"
    key_key: "G#"
    key_scale: "minor"
    chords_progression: ["C#", "C#", "C#", "C#", "C#", "C#", "C#", "C#", "C#", "C#", "C#", "C#", "C#", "C#", "C#", "C#", "C#", "C#", "C#", "C#", "C#", "C#", "C#", "C#", "C#", "C#", "C#", "G#m", "G#m", "G#m", "G#m", "G#m", "G#m", "G#m", "G#m", "G#m", "G#m", "G#m", "G#m", "G#m", "G#m", "G#m", "G#m", "G#m", "G#m", "G#m", "G#m", "G#m", "G#m", "G#m", "G#m", "G#m", "G#m", "G#m", "G#m", "G#m", "G#m", "G#m", "G#m", "G#m", "G#m", "G#m", "G#m", "G#m", "G#m", "G#m", "G#m", "G#m", "G#m", "G#m", "G#m", "G#m", "G#m", "G#m", "G#m", "G#m", "G#m", "G#m", "G#m", "G#m", "G#m", "G#m", "G#m", "G#m", "G#m", "G#m", "G#m", "G#m", "G#m", "G#m", "G#m", "G#m", "G#m", "G#m", "G#m", "G#m", "G#m", "G#m", "G#m", "G#m", "G#m", "G#m", "G#m", "G#m", "G#m", "G#m", "G#m", "G#m", "G#m", "G#m", "G#m", "G#m", "G#m", "G#m", "G#m", "G#m", "G#m", "G#m", "G#m", "G#m", "G#m", "G#m", "G#m", "G#m", "G#m", "G#m", "G#m", "G#m", "G#m", "G#m", "G#m", "G#m", "G#m", "G#m", "G#m", "G#m", "G#m", "G#m", "G#m", "G#m", "G#m", "G#m", "G#m", "G#m", "G#m", "G#m", "G#m", "G#m", "G#m", "G#m", "G#m", "G#m", "G#m", "G#m", "G#m", "G#m", "G#m", "G#m", "G#m", "G#m", "G#m", "G#m", "G#m", "G#m", "G#m", "G#m", "G#m", "G#m", "G#m", "G#m", "G#m", "G#m", "G#m", "G#m", "G#m", "G#m", "G#m", "G#m", "G#m", "G#m", "G#m", "G#m", "G#m", "G#m", "G#m", "G#m", "G#m", "G#m", "G#m", "G#m", "G#m", "G#m", "G#m", "G#m", "G#m", "G#m", "G#m", "G#m", "G#m", "G#m", "G#m", "G#m", "G#m", "G#m", "G#m", "G#m", "G#m", "G#m", "G#m", "G#m", "G#m", "G#m", "G#m", "G#m", "G#m", "G#m", "G#m"]
