
metadata:
    version:
        essentia: "1.2.2"
    audio_properties:
        analysis_sample_rate: 44100
        bitrate: 128
        channels: 2
        equal_loudness: 1
        length: 10.0310201645
        replay_gain: -12.6142635345
        downmix: "mix"
    tags:
        track: 6
        year: 0
        album: "Splitted by Mp3Splt v. 2.1"
        artist: "From 000.50 To 001.00"
        comment: "http://mp3splt.sf.net"
        genre: ""
        title: "05 No Pride.mp3"

highlevel:
    ballroom:
        all:
            ChaChaCha: 0.0227640476078
            Jive: 0.92620575428
            Quickstep: 0.00178252148908
            Rumba-American: 6.44187311991e-05
            Rumba-International: 0.000222295100684
            Rumba-Misc: 8.81541200215e-05
            Samba: 0.0476174578071
            Tango: 6.12695657765e-05
            VienneseWaltz: 0.00109043321572
            Waltz: 0.000103643767943
        probability: 0.92620575428
        value: "Jive"
    culture:
        all:
            non_western: 0.0361116118729
            western: 0.963888406754
        probability: 0.963888406754
        value: "western"
    gender:
        all:
            female: 0.753063678741
            male: 0.246936306357
        probability: 0.753063678741
        value: "female"
    genre_dortmund:
        all:
            alternative: 0.121471181512
            blues: 0.00282637542114
            electronic: 0.018601115793
            folkcountry: 0.0228449515998
            funksoulrnb: 0.00399173051119
            jazz: 0.00739811221138
            pop: 0.0505548901856
            raphiphop: 0.00219916831702
            rock: 0.770112454891
        probability: 0.770112454891
        value: "rock"
    genre_electronica:
        all:
            ambient: 0.0811613425612
            dnb: 0.304814249277
            house: 0.0036115697585
            techno: 0.0139103056863
            trance: 0.596502542496
        probability: 0.596502542496
        value: "trance"
    genre_rosamerica:
        all:
            cla: 0.00192427984439
            dan: 0.0145280873403
            hip: 0.000677928153891
            jaz: 0.000696762697771
            pop: 0.00209381617606
            rhy: 0.000280098203802
            roc: 0.979412019253
            spe: 0.000387032167055
        probability: 0.979412019253
        value: "roc"
    genre_tzanetakis:
        all:
            blu: 0.00714816618711
            cla: 0.0137733304873
            cou: 0.0947690308094
            dis: 0.0653965622187
            hip: 0.016782335937
            jaz: 0.101341038942
            met: 0.351642072201
            pop: 0.0524763651192
            reg: 0.00805596355349
            roc: 0.288615137339
        probability: 0.351642072201
        value: "met"
    live_studio:
        all:
            live: 0.100822612643
            studio: 0.899177372456
        probability: 0.899177372456
        value: "studio"
    mood:
        all:
            Cluster1: 0.554718971252
            Cluster2: 0.0393783710897
            Cluster3: 0.00618039257824
            Cluster4: 0.0445107109845
            Cluster5: 0.355211555958
        probability: 0.554718971252
        value: "Cluster1"
    mood_acoustic:
        all:
            acoustic: 0.00374355097301
            not_acoustic: 0.99625647068
        probability: 0.99625647068
        value: "not_acoustic"
    mood_aggressive:
        all:
            aggressive: 0.987632751465
            not_aggressive: 0.0123672662303
        probability: 0.987632751465
        value: "aggressive"
    mood_electronic:
        all:
            electronic: 0.320134162903
            not_electronic: 0.679865837097
        probability: 0.679865837097
        value: "not_electronic"
    mood_happy:
        all:
            happy: 0.28731161356
            not_happy: 0.71268838644
        probability: 0.71268838644
        value: "not_happy"
    mood_party:
        all:
            not_party: 0.286001652479
            party: 0.713998377323
        probability: 0.713998377323
        value: "party"
    mood_relaxed:
        all:
            not_relaxed: 0.961360514164
            relaxed: 0.0386395119131
        probability: 0.961360514164
        value: "not_relaxed"
    mood_sad:
        all:
            not_sad: 0.985233783722
            sad: 0.0147662172094
        probability: 0.985233783722
        value: "not_sad"
    rhythm:
        all:
            fast: 0.901056647301
            medium: 0.051277153194
            slow: 0.0476661920547
        probability: 0.901056647301
        value: "fast"
    speech_music:
        all:
            music: 0.999935567379
            speech: 6.44480314804e-05
        probability: 0.999935567379
        value: "music"
    timbre:
        all:
            bright: 0.871442019939
            dark: 0.128558009863
        probability: 0.871442019939
        value: "bright"
    voice_instrumental:
        all:
            instrumental: 0.265477955341
            voice: 0.734522044659
        probability: 0.734522044659
        value: "voice"

lowlevel:
    average_loudness: 0.976772725582
    barkbands_kurtosis:
        dmean: 0.411658614874
        dmean2: 0.696265697479
        dvar: 0.245558306575
        dvar2: 0.668030023575
        max: 2.27130031586
        mean: -1.23087239265
        min: -1.83895874023
        var: 0.34535202384
    barkbands_skewness:
        dmean: 0.352895051241
        dmean2: 0.586480140686
        dvar: 0.0948731303215
        dvar2: 0.259846687317
        max: 1.05827045441
        mean: -0.412018358707
        min: -1.70490121841
        var: 0.189872920513
    barkbands_spread:
        dmean: 5.50940275192
        dmean2: 9.001745224
        dvar: 24.1979827881
        dvar2: 71.0559768677
        max: 60.5699043274
        mean: 40.7615318298
        min: 19.3022785187
        var: 46.0155982971
    dissonance:
        dmean: 0.00722469110042
        dmean2: 0.0123258195817
        dvar: 4.71853963973e-05
        dvar2: 0.000131669774419
        max: 0.498619765043
        mean: 0.485553652048
        min: 0.436608672142
        var: 7.36407018849e-05
    hfc:
        dmean: 3.56603860855
        dmean2: 5.80166721344
        dvar: 25.5030002594
        dvar2: 67.7420806885
        max: 45.3498878479
        mean: 10.6300363541
        min: 3.22536754608
        var: 31.666229248
    pitch:
        dmean: 1173.45300293
        dmean2: 2239.19750977
        dvar: 1926027.375
        dvar2: 4611288.5
        max: 4009.09082031
        mean: 2143.47387695
        min: 66.315788269
        var: 2377859
    pitch_instantaneous_confidence:
        dmean: 0.072561532259
        dmean2: 0.12015812099
        dvar: 0.00391564657912
        dvar2: 0.00973063334823
        max: 0.67011743784
        mean: 0.307210892439
        min: 0.152664959431
        var: 0.00869202800095
    pitch_salience:
        dmean: 0.0479125604033
        dmean2: 0.0813029780984
        dvar: 0.00170921219978
        dvar2: 0.00492515787482
        max: 0.862240970135
        mean: 0.687329292297
        min: 0.510908544064
        var: 0.00309241679497
    silence_rate_20dB:
        dmean: 0
        dmean2: 0
        dvar: 0
        dvar2: 0
        max: 1
        mean: 1
        min: 1
        var: 0
    silence_rate_30dB:
        dmean: 0
        dmean2: 0
        dvar: 0
        dvar2: 0
        max: 1
        mean: 1
        min: 1
        var: 0
    silence_rate_60dB:
        dmean: 0.0974477976561
        dmean2: 0.193023249507
        dvar: 0.0879520252347
        dvar2: 0.197624921799
        max: 1
        mean: 0.12962962687
        min: 0
        var: 0.112825781107
    spectral_centroid:
        dmean: 290.367980957
        dmean2: 470.983703613
        dvar: 59180.921875
        dvar2: 165265.0625
        max: 3421.04125977
        mean: 2059.09741211
        min: 964.669189453
        var: 138932.875
    spectral_complexity:
        dmean: 4.95104885101
        dmean2: 7.71962594986
        dvar: 22.6758956909
        dvar2: 46.6223335266
        max: 53
        mean: 20.4744186401
        min: 7
        var: 53.8632888794
    spectral_crest:
        dmean: 1.35002410412
        dmean2: 2.26888847351
        dvar: 1.44329714775
        dvar2: 3.8419752121
        max: 13.4877471924
        mean: 5.46624279022
        min: 2.33719754219
        var: 2.54137563705
    spectral_decrease:
        dmean: 3.29170524171e-10
        dmean2: 5.3242821263e-10
        dvar: 2.30836847449e-19
        dvar2: 5.82297669616e-19
        max: -4.67052452269e-10
        mean: -1.10405740106e-09
        min: -4.08764844195e-09
        var: 2.75946676866e-19
    spectral_energy:
        dmean: 0.00151412864216
        dmean2: 0.00245657446794
        dvar: 5.04860327055e-06
        dvar2: 1.28117571876e-05
        max: 0.0195411145687
        mean: 0.00513113895431
        min: 0.00220249523409
        var: 5.98964788878e-06
    spectral_energyband_high:
        dmean: 0.000238719643676
        dmean2: 0.000390139204683
        dvar: 1.22661674595e-07
        dvar2: 3.23083241938e-07
        max: 0.00400981260464
        mean: 0.000571344862692
        min: 0.000112075460493
        var: 1.64039633432e-07
    spectral_energyband_low:
        dmean: 0.000264225702267
        dmean2: 0.000470191967906
        dvar: 2.00211587753e-07
        dvar2: 5.5622643913e-07
        max: 0.00272748013958
        mean: 0.000328869064106
        min: 1.09492111733e-05
        var: 1.46592796568e-07
    spectral_energyband_middle_high:
        dmean: 0.000958084478043
        dmean2: 0.00156435382087
        dvar: 1.84020348115e-06
        dvar2: 4.90285856358e-06
        max: 0.0114182131365
        mean: 0.00276165711693
        min: 0.000814531173091
        var: 2.21825030167e-06
    spectral_energyband_middle_low:
        dmean: 0.000591104791965
        dmean2: 0.000939010409638
        dvar: 6.05346940574e-07
        dvar2: 1.48710307712e-06
        max: 0.00672437949106
        mean: 0.00146926846355
        min: 0.000215415406274
        var: 8.77895672602e-07
    spectral_flatness_db:
        dmean: 0.0114574991167
        dmean2: 0.0186819769442
        dvar: 0.000102276237158
        dvar2: 0.000258701882558
        max: 0.191135764122
        mean: 0.125315368176
        min: 0.0799553692341
        var: 0.000292036042083
    spectral_flux:
        dmean: 0.00814736261964
        dmean2: 0.011948665604
        dvar: 8.74211254995e-05
        dvar2: 0.000149724597577
        max: 0.106750614941
        mean: 0.0443997122347
        min: 0.0203405339271
        var: 0.000190526916413
    spectral_kurtosis:
        dmean: 0.723353147507
        dmean2: 1.16712474823
        dvar: 0.447797358036
        dvar2: 1.05738592148
        max: 7.42870235443
        mean: 2.940731287
        min: -0.107314825058
        var: 1.26870942116
    spectral_rms:
        dmean: 0.000297881138977
        dmean2: 0.000474942731671
        dvar: 1.38903544666e-07
        dvar2: 3.39044845532e-07
        max: 0.00436629168689
        mean: 0.00218971958384
        min: 0.00146587030031
        var: 2.11124742577e-07
    spectral_rolloff:
        dmean: 256.491027832
        dmean2: 419.595275879
        dvar: 57920.5351562
        dvar2: 147832.140625
        max: 5189.50195312
        mean: 3721.83789062
        min: 2454.78515625
        var: 125420.992188
    spectral_skewness:
        dmean: 0.145066395402
        dmean2: 0.234357491136
        dvar: 0.0166992470622
        dvar2: 0.0403465814888
        max: 2.27289009094
        mean: 1.31940579414
        min: 0.706801116467
        var: 0.046030536294
    spectral_spread:
        dmean: 540617.6875
        dmean2: 789631
        dvar: 310548856832
        dvar2: 616188084224
        max: 10383933
        mean: 5594836.5
        min: 3359088.75
        var: 1.1077002199e+12
    spectral_strongpeak:
        dmean: 0.370054930449
        dmean2: 0.659683644772
        dvar: 0.523020863533
        dvar2: 1.39304983616
        max: 5.45873165131
        mean: 0.417390972376
        min: 0.028268976137
        var: 0.508816719055
    zerocrossingrate:
        dmean: 0.00736633175984
        dmean2: 0.00878335814923
        dvar: 4.6146378736e-05
        dvar2: 5.18041706528e-05
        max: 0.1767578125
        mean: 0.116011083126
        min: 0.04833984375
        var: 0.000239405504544
    barkbands:
        dmean: [1.07762801349e-07, 0.00012323485862, 0.000160700947163, 0.000171428939211, 0.000362440827303, 0.000143012613989, 0.000112114750664, 4.89761696372e-05, 5.62754212297e-05, 4.7770798119e-05, 2.38045740844e-05, 3.93019909097e-05, 5.13836639584e-05, 7.2314425779e-05, 0.000148434090079, 0.000160351934028, 0.000203185074497, 0.000235121478909, 0.00037758128019, 0.000224794363021, 0.000103877202491, 5.28735545231e-05, 1.14063432193e-05, 4.46478679805e-06, 3.30713874064e-06, 1.5936608122e-07, 1.113112158e-09]
        dmean2: [1.78188486188e-07, 0.000224254123168, 0.000279930623947, 0.00027523143217, 0.00058160640765, 0.000241106943577, 0.000185393699212, 8.32216028357e-05, 8.37487386889e-05, 7.02571269358e-05, 3.95144052163e-05, 6.62337261019e-05, 8.46963666845e-05, 0.000120972377772, 0.000243971226155, 0.000268781237537, 0.000348332308931, 0.000398877862608, 0.000641503371298, 0.000372462091036, 0.000173748136149, 8.6170672148e-05, 1.80250262929e-05, 6.82240261085e-06, 4.76055674881e-06, 2.25602050818e-07, 1.61595004045e-09]
        dvar: [4.00314987593e-14, 5.98824101417e-08, 5.63500357487e-08, 3.44884156789e-08, 2.0593584793e-07, 9.09550195161e-08, 3.69353330143e-08, 8.77933281629e-09, 5.44810907499e-09, 7.17544468287e-09, 1.66729829942e-09, 4.75901407171e-09, 9.47847755839e-09, 1.49410492867e-08, 4.22611563522e-08, 3.45605570828e-08, 4.30421849273e-08, 9.31652266445e-08, 2.76676047406e-07, 1.05174869702e-07, 2.26526015723e-08, 4.89596718722e-09, 4.95372187714e-10, 6.60916668616e-11, 2.95664048799e-11, 5.95057586105e-14, 7.21902622841e-17]
        dvar2: [9.75659575917e-14, 1.64578338513e-07, 1.5901392203e-07, 9.25972400978e-08, 5.27878796674e-07, 2.60332626567e-07, 9.67222817394e-08, 2.2705327396e-08, 1.10251852092e-08, 1.27470558553e-08, 4.58021753857e-09, 1.20024763461e-08, 2.35307204832e-08, 4.04908924168e-08, 1.08084556416e-07, 9.17078537555e-08, 1.19198851678e-07, 2.47232861739e-07, 7.48801596728e-07, 2.74256166222e-07, 6.04713861208e-08, 1.15720597549e-08, 1.21510634887e-09, 1.60009394623e-10, 4.84725350136e-11, 1.23043678653e-13, 7.26828317953e-17]
        max: [1.61267644216e-06, 0.00147790659685, 0.00188578374218, 0.0015118306037, 0.0035637090914, 0.00251828646287, 0.00135294522624, 0.00079150655074, 0.000798587978352, 0.00150506093632, 0.000322019652231, 0.000552239245735, 0.000844213704113, 0.00124847865663, 0.00221588509157, 0.00201723398641, 0.00187959277537, 0.00251917587593, 0.00529182143509, 0.00337170320563, 0.00147401017603, 0.000807897304185, 0.000224981034989, 0.000107579369796, 7.10309541319e-05, 3.06303172692e-06, 1.76973600219e-07]
        mean: [1.0933966621e-07, 0.000106138082629, 0.000222624992603, 0.000337768084137, 0.000624283391517, 0.000199140878976, 0.00014060063404, 6.25815009698e-05, 9.14634147193e-05, 9.8520074971e-05, 3.09745664708e-05, 5.46832015971e-05, 6.99685988366e-05, 9.8903561593e-05, 0.000250204699114, 0.000338066660333, 0.00039793344331, 0.000424719095463, 0.000754190026782, 0.000479045236716, 0.000219462774112, 9.21227911022e-05, 1.97136705538e-05, 1.00120878415e-05, 7.55656947149e-06, 3.54818155301e-07, 1.29699950779e-09]
        min: [7.38847941162e-11, 3.4430706819e-07, 1.15072975859e-06, 1.10501750896e-05, 2.04210882657e-05, 2.61691479864e-06, 2.58574254985e-06, 2.82279131625e-07, 1.2655110595e-06, 1.50457685777e-06, 8.99771634977e-07, 2.89974286716e-06, 2.71479029834e-06, 9.21808896237e-06, 1.80776532943e-05, 4.69777114631e-05, 5.63023495488e-05, 7.0879177656e-05, 0.000149761268403, 0.000104184604425, 4.11116634496e-05, 8.35352147988e-06, 6.23353002993e-07, 6.22551112883e-07, 5.97194059537e-07, 2.51156855313e-08, 3.22803226207e-13]
        var: [3.7983556052e-14, 3.94849308805e-08, 4.75957016022e-08, 6.85755949803e-08, 2.98026947121e-07, 8.06511621931e-08, 3.71908548402e-08, 8.81584050205e-09, 1.22096350808e-08, 3.38202568173e-08, 1.59854629533e-09, 5.28145571721e-09, 1.21553025423e-08, 1.66269522595e-08, 6.48834515005e-08, 4.26576285406e-08, 5.85701442901e-08, 9.67739026692e-08, 3.04646505356e-07, 1.52966123323e-07, 2.65844199987e-08, 8.47945358373e-09, 7.30385862902e-10, 1.1761733254e-10, 8.24601636973e-11, 1.33831801977e-13, 7.29235810582e-17]
    mfcc:
        mean: [-674.308227539, 77.406539917, -42.3382873535, 62.2682266235, 3.65994906425, -4.39826107025, -3.66838431358, -8.02471828461, 0.402624607086, -5.01380825043, -7.45376110077, -10.5056867599, -6.99053859711]
        cov: [[541.269348145, -69.1806488037, 1.63254499435, -75.9142150879, -97.9043045044, 42.2438087463, -30.0740203857, -18.5517616272, -66.5112915039, -6.14995908737, 7.4122428894, -13.04301548, 15.3232402802], [-69.1806488037, 271.72164917, -118.002243042, 3.33553910255, -18.2567825317, -39.1211013794, 18.58934021, -38.8112449646, -0.071242980659, 27.1486949921, 19.3200874329, 25.6278820038, -6.98044157028], [1.63254499435, -118.002243042, 160.558486938, 24.4489517212, 34.238445282, 29.3440513611, -7.19859838486, 33.2998580933, 12.4143791199, -13.19140625, 1.24587023258, 0.900992870331, 16.8793296814], [-75.9142150879, 3.33553910255, 24.4489517212, 98.7491226196, 40.0321617126, 13.3564167023, -6.9608798027, 3.13240456581, 3.39184951782, -2.07187247276, 12.9736375809, 8.83427238464, 18.9273967743], [-97.9043045044, -18.2567825317, 34.238445282, 40.0321617126, 90.4053649902, 21.0076332092, 23.9974975586, 10.3261651993, 31.8686904907, 8.47446155548, 5.33912992477, 3.88221478462, 7.34739398956], [42.2438087463, -39.1211013794, 29.3440513611, 13.3564167023, 21.0076332092, 79.5521011353, 22.6123638153, 27.5632896423, 8.4569644928, -0.77838820219, 16.001499176, -1.37250769138, 5.71544885635], [-30.0740203857, 18.58934021, -7.19859838486, -6.9608798027, 23.9974975586, 22.6123638153, 67.9740371704, 27.919500351, 21.875333786, 8.49062919617, 4.89599943161, 1.63659620285, -0.04154060781], [-18.5517616272, -38.8112449646, 33.2998580933, 3.13240456581, 10.3261651993, 27.5632896423, 27.919500351, 63.4041481018, 33.4988365173, 13.473074913, 5.52886199951, -2.08388257027, 1.90691578388], [-66.5112915039, -0.071242980659, 12.4143791199, 3.39184951782, 31.8686904907, 8.4569644928, 21.875333786, 33.4988365173, 74.6687545776, 31.1431045532, 12.1464338303, -1.26872217655, -2.29896855354], [-6.14995908737, 27.1486949921, -13.19140625, -2.07187247276, 8.47446155548, -0.77838820219, 8.49062919617, 13.473074913, 31.1431045532, 72.4763870239, 29.5314693451, 12.5833864212, 2.96818089485], [7.4122428894, 19.3200874329, 1.24587023258, 12.9736375809, 5.33912992477, 16.001499176, 4.89599943161, 5.52886199951, 12.1464338303, 29.5314693451, 58.8841285706, 22.399312973, 12.5490436554], [-13.04301548, 25.6278820038, 0.900992870331, 8.83427238464, 3.88221478462, -1.37250769138, 1.63659620285, -2.08388257027, -1.26872217655, 12.5833864212, 22.399312973, 47.5377960205, 18.6762294769], [15.3232402802, -6.98044157028, 16.8793296814, 18.9273967743, 7.34739398956, 5.71544885635, -0.04154060781, 1.90691578388, -2.29896855354, 2.96818089485, 12.5490436554, 18.6762294769, 45.233833313]]
        icov: [[0.00343406898901, 0.000662657432258, -0.00031476537697, 0.00209474703297, 0.00314570800401, -0.00319401337765, 0.000371106754756, 0.00169940455817, 0.00180283852387, -0.00148424005602, -0.00040053090197, 0.00144586933311, -0.00229563098401], [0.000662657432258, 0.00723929749802, 0.00359889073297, -0.00214529689401, 0.00272856792435, 0.0012697277125, -0.00404451740906, 0.00459855608642, -0.00141214218456, -0.00129844562616, -0.000932101218496, -0.00293446239084, 0.00112978881225], [-0.00031476537697, 0.00359889073297, 0.0114087862894, -0.00054646335775, -0.00389935984276, -3.53387622454e-05, 0.00333580002189, -0.00503648584709, -0.000177245747182, 0.00249857874587, -0.000895903969649, -0.00172555784229, -0.00172533898149], [0.00209474703297, -0.00214529689401, -0.00054646335775, 0.0172272007912, -0.0072984425351, -0.00285725505091, 0.00700592575595, -0.00380843202583, 0.00400081649423, 0.00155435909983, -0.0032939913217, 0.00236541312188, -0.00629315618426], [0.00314570800401, 0.00272856792435, -0.00389935984276, -0.0072984425351, 0.0253742747009, -0.00567020429298, -0.00982482358813, 0.0124462908134, -0.00825102813542, -0.0034368627239, 0.00328799709678, -0.00110496464185, -0.000724196783267], [-0.00319401337765, 0.0012697277125, -3.53387622454e-05, -0.00285725505091, -0.00567020429298, 0.0220320578665, -0.00478732492775, -0.00765665154904, 0.00167469168082, 0.00385480746627, -0.00700108194724, 0.00137858558446, 0.00214753043838], [0.000371106754756, -0.00404451740906, 0.00333580002189, 0.00700592575595, -0.00982482358813, -0.00478732492775, 0.0270426385105, -0.0138681801036, 0.00149450113531, 0.00233411369845, -0.000262366520474, 0.000502448703628, -0.00232780096121], [0.00169940455817, 0.00459855608642, -0.00503648584709, -0.00380843202583, 0.0124462908134, -0.00765665154904, -0.0138681801036, 0.0368512757123, -0.0128401098773, -0.00507137179375, 0.00341834011488, -0.00102001498453, 0.000139446012327], [0.00180283852387, -0.00141214218456, -0.000177245747182, 0.00400081649423, -0.00825102813542, 0.00167469168082, 0.00149450113531, -0.0128401098773, 0.027102008462, -0.00728455372155, -0.00298367324285, 0.00468806084245, -1.77177098521e-05], [-0.00148424005602, -0.00129844562616, 0.00249857874587, 0.00155435909983, -0.0034368627239, 0.00385480746627, 0.00233411369845, -0.00507137179375, -0.00728455372155, 0.0231865663081, -0.0097597008571, -0.00193100131582, 0.000619953090791], [-0.00040053090197, -0.000932101218496, -0.000895903969649, -0.0032939913217, 0.00328799709678, -0.00700108194724, -0.000262366520474, 0.00341834011488, -0.00298367324285, -0.0097597008571, 0.0289697926491, -0.00981353595853, -0.00158570508938], [0.00144586933311, -0.00293446239084, -0.00172555784229, 0.00236541312188, -0.00110496464185, 0.00137858558446, 0.000502448703628, -0.00102001498453, 0.00468806084245, -0.00193100131582, -0.00981353595853, 0.0324784033, -0.0115619897842], [-0.00229563098401, 0.00112978881225, -0.00172533898149, -0.00629315618426, -0.000724196783267, 0.00214753043838, -0.00232780096121, 0.000139446012327, -1.77177098521e-05, 0.000619953090791, -0.00158570508938, -0.0115619897842, 0.0313467867672]]
    spectral_contrast:
        mean: [-5.05469905931e-08, 3.42640085194e-08, 6.45816726319e-07, 1.50441081814e-07, -1.78125191042e-07, 1.71081797617e-08, -3.73617172045e-06, 2.74125909527e-06, -1.83214979188e-06, 1.89764548963e-07, 8.91332035735e-07, -2.71707085631e-06]
        var: [0.000328364898451, 0.000444844685262, 0.000839600921609, 0.00164232961833, 0.00216351519339, 0.0023073987104, 0.028093200177, 0.0524825118482, 0.102839827538, 0.19168934226, 0.213461369276, 0.437793344259]

rhythm:
    beats_loudness:
        dmean: 0.00171159685124
        dmean2: 0.00273706926964
        dvar: 1.41875420923e-06
        dvar2: 3.42346675097e-06
        max: 0.0104355765507
        mean: 0.00818565301597
        min: 0.00577601417899
        var: 1.87641603588e-06
    beats_loudness_bass:
        dmean: 0.0598533414304
        dmean2: 0.113149486482
        dvar: 0.00193662359379
        dvar2: 0.00483580352738
        max: 0.156356438994
        mean: 0.0672631189227
        min: 0.0137351099402
        var: 0.00200163060799
    bpm: 93.500038147
    bpm_confidence: 0
    first_peak_bpm: 93
    first_peak_spread: 0
    first_peak_weight: 1
    onset_rate: 3.68855810165
    second_peak_bpm: 0
    second_peak_spread: 0
    second_peak_weight: 0
    beats_position: [0.203544095159, 0.848635792732, 1.4937274456, 2.13881921768, 2.78391098976, 3.42900252342, 4.0740942955, 4.71918582916, 5.36427783966, 6.01331043243, 6.65121746063, 7.28912401199, 7.92703151703, 8.56493854523, 9.20284557343, 9.84075260162]
    bpm_estimates: [93.0083694458, 93.0513153076, 92.9541473389, 93.2799072266, 93.2035217285, 92.8327941895, 92.5575027466, 93.1968460083, 94.0263366699, 94.0891113281, 93.8348312378, 94.05834198, 93.359703064, 94.1639328003, 94.883934021]
    bpm_intervals: [0.645091712475, 0.64509165287, 0.645091772079, 0.645091772079, 0.645091533661, 0.645091772079, 0.645091533661, 0.645092010498, 0.649032592773, 0.637907028198, 0.637906551361, 0.637907505035, 0.637907028198, 0.637907028198, 0.637907028198]
    onset_times: [0.0580498874187, 0.197369620204, 0.847528338432, 0.99845802784, 1.32353746891, 1.49768710136, 1.83437645435, 2.13623571396, 2.79800462723, 3.13469386101, 3.27401351929, 3.44816327095, 3.61070299149, 3.94739222527, 4.08671188354, 4.40018129349, 4.71365070343, 5.18966007233, 5.3754196167, 5.61922883987, 5.67727899551, 5.99074840546, 6.14167785645, 6.35065746307, 6.65251684189, 6.82666683197, 7.04725646973, 7.2910656929, 7.41877555847, 7.63936519623, 7.73224496841, 7.94122457504, 8.27791404724, 8.56816291809, 9.21832180023, 9.85687065125, 10.0078001022]
    rubato_start: []
    rubato_stop: []
    perceptual_tempo: "unknown"

sfx:
    inharmonicity:
        dmean: 0.0535890758038
        dmean2: 0.0963785871863
        dvar: 0.00283552613109
        dvar2: 0.00770313944668
        max: 0.317810595036
        mean: 0.0673118233681
        min: 0.00111740641296
        var: 0.00293136178516
    oddtoevenharmonicenergyratio:
        dmean: 1.9133682251
        dmean2: 3.41136360168
        dvar: 39.1075935364
        dvar2: 87.8914718628
        max: 78.9169464111
        mean: 1.49759447575
        min: 0.0082845389843
        var: 28.2969474792
    pitch_after_max_to_before_max_energy_ratio: 12.3331394196
    pitch_centroid: 216.558181763
    pitch_max_to_total: 0.111627906561
    pitch_min_to_total: 0.430232554674
    tristimulus:
        dmean: [0.185301333666, 0.302592396736, 0.192300826311]
        dmean2: [0.323863387108, 0.524216532707, 0.342049181461]
        dvar: [0.0212226435542, 0.0524916313589, 0.0241056252271]
        dvar2: [0.0597801022232, 0.155851781368, 0.0656569078565]
        max: [0.873939871788, 0.968836545944, 0.715383112431]
        mean: [0.271430283785, 0.46119093895, 0.187245890498]
        min: [0.00596840493381, 0, 0]
        var: [0.0304770357907, 0.0692073628306, 0.0291316099465]

tonal:
    chords_changes_rate: 0.0416666679084
    chords_number_rate: 0.0185185186565
    chords_strength:
        dmean: 0.00935658067465
        dmean2: 0.0109440321103
        dvar: 5.45050679648e-05
        dvar2: 7.52373962314e-05
        max: 0.688628792763
        mean: 0.556356966496
        min: 0.342892020941
        var: 0.00472620828077
    key_strength: 0.737766385078
    tuning_diatonic_strength: 0.712491393089
    tuning_equal_tempered_deviation: 0.0674993991852
    tuning_frequency: 447.174194336
    tuning_nontempered_energy_ratio: 0.799275875092
    hpcp:
        dmean: [0.192527368665, 0.17521199584, 0.135015338659, 0.132070854306, 0.118432685733, 0.117458254099, 0.139063581824, 0.140545800328, 0.16489250958, 0.156973749399, 0.125255167484, 0.121020562947, 0.129674717784, 0.144047364593, 0.218978226185, 0.221044704318, 0.188388347626, 0.16010132432, 0.155520349741, 0.138164788485, 0.116984441876, 0.126043394208, 0.140341937542, 0.134802430868, 0.127760529518, 0.0978494435549, 0.096915461123, 0.125037029386, 0.172661691904, 0.245937898755, 0.221877217293, 0.226329430938, 0.193292304873, 0.163241222501, 0.161852553487, 0.183512598276]
        dmean2: [0.333553433418, 0.298162430525, 0.219203770161, 0.218510374427, 0.196648389101, 0.188074693084, 0.230509892106, 0.244910091162, 0.285901963711, 0.260206580162, 0.209669321775, 0.211502611637, 0.226345077157, 0.254267305136, 0.378972262144, 0.366603523493, 0.317919582129, 0.276117533445, 0.265867143869, 0.232998281717, 0.198587536812, 0.213321760297, 0.245466127992, 0.225934997201, 0.215551793575, 0.167311012745, 0.16429810226, 0.211554586887, 0.316462218761, 0.425658106804, 0.386912316084, 0.385561913252, 0.330864340067, 0.277488470078, 0.274407565594, 0.308176279068]
        dvar: [0.0321036428213, 0.0251723472029, 0.0195542350411, 0.0245049018413, 0.0190654937178, 0.0153710609302, 0.0216872040182, 0.0245254635811, 0.0356477834284, 0.0291755590588, 0.018729031086, 0.0272550806403, 0.0230451747775, 0.0189303439111, 0.044419799, 0.0503869019449, 0.0368879437447, 0.0343620441854, 0.0371719226241, 0.0252933874726, 0.0207760408521, 0.0242812838405, 0.02627248317, 0.0181114599109, 0.0216946862638, 0.0118809789419, 0.0195998474956, 0.0317739546299, 0.0383493453264, 0.0562260523438, 0.0492455251515, 0.0471877269447, 0.0300973169506, 0.0326130725443, 0.024868382141, 0.0283428616822]
        dvar2: [0.0774782374501, 0.0635526478291, 0.0495402701199, 0.0636815056205, 0.0525053478777, 0.0371218658984, 0.0503062009811, 0.06330268085, 0.0945762097836, 0.0729222074151, 0.043001268059, 0.0670807361603, 0.0579581484199, 0.0546478070319, 0.11389964819, 0.105286464095, 0.0965855419636, 0.0888071879745, 0.0922977924347, 0.0600524023175, 0.0602519623935, 0.065802693367, 0.0687197223306, 0.0507783740759, 0.0615293048322, 0.032997995615, 0.0513807423413, 0.0856109634042, 0.101881995797, 0.156900018454, 0.105885818601, 0.122670859098, 0.0796083584428, 0.0906471088529, 0.0663330182433, 0.0775320082903]
        max: [1, 1, 1, 1, 1, 0.902215898037, 1, 1, 1, 1, 1, 1, 1, 0.92688792944, 1, 1, 1, 0.955619931221, 1, 1, 1, 0.990644276142, 1, 1, 1, 0.721258580685, 1, 1, 1, 1, 1, 1, 1, 1, 1, 1]
        mean: [0.382078886032, 0.317514300346, 0.228627547622, 0.20192463696, 0.192615300417, 0.229794159532, 0.249084725976, 0.234181821346, 0.284179151058, 0.307011187077, 0.237056955695, 0.209531292319, 0.2153224051, 0.244808793068, 0.403128653765, 0.504520118237, 0.376742959023, 0.236009910703, 0.198671251535, 0.182057097554, 0.172208860517, 0.186394155025, 0.19967508316, 0.210054457188, 0.193307757378, 0.147474780679, 0.142559826374, 0.160138070583, 0.210532560945, 0.399783700705, 0.554970324039, 0.473410218954, 0.333510190248, 0.273854881525, 0.268315643072, 0.324124544859]
        min: [0.0289120357484, 0.0198861174285, 0.0169241838157, 0.0232418384403, 0.0266285445541, 0.0282915923744, 0.0223924573511, 0.0401795245707, 0.0288130268455, 0.0249327663332, 0.0250226836652, 0.0249380003661, 0.0354669466615, 0.0385964363813, 0.0600373968482, 0.052289403975, 0.0572260916233, 0.0338112935424, 0.0220648944378, 0.0110472086817, 0.0174228493124, 0.0145400380716, 0.0296158753335, 0.023244695738, 0.0243596266955, 0.0212011691183, 0.010401613079, 0.0154596343637, 0.020049571991, 0.0234178174287, 0.0286369472742, 0.0307139884681, 0.0253411233425, 0.0316462852061, 0.0478616431355, 0.0287626162171]
        var: [0.0706726908684, 0.0506416596472, 0.0277712251991, 0.0279623102397, 0.0210865531117, 0.0246330928057, 0.0329054743052, 0.0284247510135, 0.0607244670391, 0.0701768994331, 0.0324714817107, 0.033796697855, 0.0317930355668, 0.0251196157187, 0.0718214437366, 0.101826533675, 0.0564764887094, 0.0381468608975, 0.0409310609102, 0.034193880856, 0.0253102183342, 0.0274568591267, 0.0269445870072, 0.0203511733562, 0.0231906045228, 0.0133164217696, 0.0254110097885, 0.0350896269083, 0.0407889857888, 0.0951514318585, 0.114660076797, 0.0831511616707, 0.0423885323107, 0.0366981327534, 0.0364052988589, 0.0440456345677]
    chords_histogram: [62.0370368958, 0, 0, 0, 0, 0, 0, 0, 0, 0, 0, 0, 0, 0, 0, 14.8148145676, 0, 14.3518514633, 0, 8.79629611969, 0, 0, 0, 0]
    thpcp: [1, 0.853036999702, 0.600951373577, 0.493458598852, 0.483477473259, 0.584039390087, 0.688467264175, 0.572128415108, 0.411963552237, 0.363847643137, 0.347073167562, 0.414065659046, 0.44882529974, 0.421971797943, 0.51206189394, 0.553202867508, 0.427152484655, 0.377554059029, 0.387989044189, 0.441120505333, 0.726396799088, 0.909093856812, 0.678852438927, 0.425265818834, 0.357985347509, 0.328048348427, 0.310302823782, 0.335863292217, 0.359794169664, 0.378496736288, 0.348320901394, 0.265734523535, 0.2568782866, 0.288552492857, 0.379358232021, 0.720369517803]
    chords_key: "G"
    chords_scale: "major"
    key_key: "G"
    key_scale: "major"
    chords_progression: ["G", "G", "G", "G", "G", "G", "G", "G", "G", "G", "G", "G", "G", "G", "G", "G", "G", "Cm", "Cm", "Cm", "Cm", "Cm", "Cm", "Cm", "Cm", "Cm", "Cm", "Cm", "Cm", "Cm", "Cm", "Cm", "Cm", "Cm", "Cm", "Cm", "Cm", "Cm", "Cm", "Cm", "Cm", "Cm", "Cm", "Cm", "Cm", "Cm", "Cm", "Cm", "Cm", "G", "G", "G", "G", "G", "G", "G", "G", "G", "G", "G", "G", "Gm", "Gm", "Gm", "Gm", "Gm", "Gm", "Gm", "Gm", "Gm", "Gm", "G", "G", "G", "G", "G", "G", "G", "G", "G", "G", "G", "G", "G", "G", "G", "G", "G", "G", "G", "G", "G", "G", "G", "G", "G", "G", "G", "G", "G", "G", "G", "G", "G", "G", "G", "G", "G", "G", "G", "G", "G", "G", "G", "G", "G", "G", "G", "G", "Gm", "Gm", "Gm", "Gm", "Gm", "Gm", "Gm", "Gm", "Gm", "Gm", "Gm", "Gm", "Gm", "Gm", "Gm", "Gm", "Dm", "Gm", "Gm", "Gm", "Gm", "Gm", "Dm", "Dm", "Dm", "Dm", "Dm", "Dm", "Dm", "Dm", "Dm", "Dm", "Dm", "Dm", "Dm", "Dm", "Dm", "Dm", "Dm", "Dm", "G", "G", "G", "G", "G", "G", "G", "G", "G", "G", "G", "G", "G", "G", "G", "G", "G", "G", "G", "G", "G", "G", "G", "G", "G", "G", "G", "G", "G", "G", "G", "G", "G", "G", "G", "G", "G", "G", "G", "G", "G", "G", "G", "G", "G", "G", "G", "G", "G", "G", "G", "G", "G", "G", "G", "G", "G"]
