
metadata:
    version:
        essentia: "1.2.2"
    audio_properties:
        analysis_sample_rate: 44100
        bitrate: 128
        channels: 2
        equal_loudness: 1
        length: 9.97877597809
        replay_gain: -11.6632785797
        downmix: "mix"
    tags:
        track: 16
        year: 0
        album: "Splitted by Mp3Splt v. 2.1"
        artist: "From 002.30 To 002.40"
        comment: "http://mp3splt.sf.net"
        genre: ""
        title: "12 Pacific Heights.mp3"

highlevel:
    ballroom:
        all:
            ChaChaCha: 0.0486457869411
            Jive: 0.281872272491
            Quickstep: 0.0501588582993
            Rumba-American: 0.0418258421123
            Rumba-International: 0.112904340029
            Rumba-Misc: 0.122812390327
            Samba: 0.0887148156762
            Tango: 0.0188210848719
            VienneseWaltz: 0.0924277976155
            Waltz: 0.141816824675
        probability: 0.281872272491
        value: "Jive"
    culture:
        all:
            non_western: 0.0618010796607
            western: 0.938198924065
        probability: 0.938198924065
        value: "western"
    gender:
        all:
            female: 0.0142771620303
            male: 0.985722839832
        probability: 0.985722839832
        value: "male"
    genre_dortmund:
        all:
            alternative: 0.000147584127262
            blues: 4.77290486742e-05
            electronic: 0.00101418606937
            folkcountry: 0.000142084798426
            funksoulrnb: 0.00238516647369
            jazz: 0.00111175386701
            pop: 0.0027109675575
            raphiphop: 0.992098987103
            rock: 0.00034153816523
        probability: 0.992098987103
        value: "raphiphop"
    genre_electronica:
        all:
            ambient: 0.015030099079
            dnb: 0.0190894007683
            house: 0.926970303059
            techno: 0.0213975775987
            trance: 0.0175126064569
        probability: 0.926970303059
        value: "house"
    genre_rosamerica:
        all:
            cla: 0.000652912945952
            dan: 0.0681284889579
            hip: 0.701645851135
            jaz: 0.00165242876392
            pop: 0.00282940128818
            rhy: 0.218856990337
            roc: 0.00176517944783
            spe: 0.00446874136105
        probability: 0.701645851135
        value: "hip"
    genre_tzanetakis:
        all:
            blu: 0.000418994488427
            cla: 0.00074152025627
            cou: 0.0010632755002
            dis: 0.0049940943718
            hip: 0.472685694695
            jaz: 0.000481584342197
            met: 0.0016582737444
            pop: 0.376267850399
            reg: 0.139829844236
            roc: 0.00185888132546
        probability: 0.472685694695
        value: "hip"
    live_studio:
        all:
            live: 0.0392914712429
            studio: 0.960708558559
        probability: 0.960708558559
        value: "studio"
    mood:
        all:
            Cluster1: 0.0824552625418
            Cluster2: 0.475131601095
            Cluster3: 0.244594946504
            Cluster4: 0.138646811247
            Cluster5: 0.0591713823378
        probability: 0.475131601095
        value: "Cluster2"
    mood_acoustic:
        all:
            acoustic: 0.0312478523701
            not_acoustic: 0.968752145767
        probability: 0.968752145767
        value: "not_acoustic"
    mood_aggressive:
        all:
            aggressive: 0.00740768620744
            not_aggressive: 0.992592334747
        probability: 0.992592334747
        value: "not_aggressive"
    mood_electronic:
        all:
            electronic: 0.855159342289
            not_electronic: 0.144840657711
        probability: 0.855159342289
        value: "electronic"
    mood_happy:
        all:
            happy: 0.458554029465
            not_happy: 0.541445970535
        probability: 0.541445970535
        value: "not_happy"
    mood_party:
        all:
            not_party: 0.118185937405
            party: 0.881814062595
        probability: 0.881814062595
        value: "party"
    mood_relaxed:
        all:
            not_relaxed: 0.259623497725
            relaxed: 0.740376472473
        probability: 0.740376472473
        value: "relaxed"
    mood_sad:
        all:
            not_sad: 3.00000096379e-14
            sad: 1
        probability: 1
        value: "sad"
    rhythm:
        all:
            fast: 0.805616080761
            medium: 0.192808404565
            slow: 0.00157553306781
        probability: 0.805616080761
        value: "fast"
    speech_music:
        all:
            music: 3.00000096379e-14
            speech: 1
        probability: 1
        value: "speech"
    timbre:
        all:
            bright: 0.267708957195
            dark: 0.732291042805
        probability: 0.732291042805
        value: "dark"
    voice_instrumental:
        all:
            instrumental: 0.002017932944
            voice: 0.997982084751
        probability: 0.997982084751
        value: "voice"

lowlevel:
    average_loudness: 0.98656976223
    barkbands_kurtosis:
        dmean: 3.91456341743
        dmean2: 6.70343875885
        dvar: 39.4028816223
        dvar2: 102.105194092
        max: 71.9921264648
        mean: 2.22212457657
        min: -1.94251990318
        var: 39.60779953
    barkbands_skewness:
        dmean: 1.0647521019
        dmean2: 1.62754523754
        dvar: 1.07221770287
        dvar2: 2.49570155144
        max: 7.52073097229
        mean: 0.851189434528
        min: -4.5333313942
        var: 2.14392828941
    barkbands_spread:
        dmean: 12.0342226028
        dmean2: 19.6070919037
        dvar: 148.512329102
        dvar2: 331.8175354
        max: 102.477287292
        mean: 27.9138793945
        min: 1.83556067944
        var: 306.456604004
    dissonance:
        dmean: 0.0351612269878
        dmean2: 0.0542586185038
        dvar: 0.00108818453737
        dvar2: 0.00237322156318
        max: 0.5
        mean: 0.438330292702
        min: 0.22354260087
        var: 0.00259533058852
    hfc:
        dmean: 3.22477126122
        dmean2: 4.60541152954
        dvar: 27.2266197205
        dvar2: 52.9091377258
        max: 59.8578910828
        mean: 4.61926794052
        min: 0.0102179124951
        var: 45.1634979248
    pitch:
        dmean: 1026.5559082
        dmean2: 1984.89660645
        dvar: 2800477.75
        dvar2: 5588629
        max: 5512.5
        mean: 1462.70666504
        min: 83.2075500488
        var: 3415322.75
    pitch_instantaneous_confidence:
        dmean: 0.148811876774
        dmean2: 0.227987959981
        dvar: 0.0146158309653
        dvar2: 0.0319333337247
        max: 0.915055990219
        mean: 0.528307378292
        min: 0.162744343281
        var: 0.0341666117311
    pitch_salience:
        dmean: 0.0952701494098
        dmean2: 0.153109431267
        dvar: 0.00729471584782
        dvar2: 0.0192956142128
        max: 0.803418874741
        mean: 0.563827335835
        min: 0.269334852695
        var: 0.0149001590908
    silence_rate_20dB:
        dmean: 0
        dmean2: 0
        dvar: 0
        dvar2: 0
        max: 1
        mean: 1
        min: 1
        var: 0
    silence_rate_30dB:
        dmean: 0
        dmean2: 0
        dvar: 0
        dvar2: 0
        max: 1
        mean: 1
        min: 1
        var: 0
    silence_rate_60dB:
        dmean: 0.251162797213
        dmean2: 0.501165509224
        dvar: 0.188080132008
        dvar2: 0.310604482889
        max: 1
        mean: 0.626450121403
        min: 0
        var: 0.234010800719
    spectral_centroid:
        dmean: 699.338562012
        dmean2: 1044.11169434
        dvar: 767740.6875
        dvar2: 1498689.5
        max: 6025.60986328
        mean: 1534.81555176
        min: 147.490585327
        var: 1546691
    spectral_complexity:
        dmean: 3.19580411911
        dmean2: 4.42289733887
        dvar: 16.9407157898
        dvar2: 24.6365585327
        max: 50
        mean: 6.49767446518
        min: 0
        var: 42.1058082581
    spectral_crest:
        dmean: 3.20074439049
        dmean2: 5.04958868027
        dvar: 7.58403682709
        dvar2: 18.5771331787
        max: 21.7012042999
        mean: 9.77050209045
        min: 3.05940842628
        var: 14.4041109085
    spectral_decrease:
        dmean: 6.21953766267e-10
        dmean2: 9.91276616347e-10
        dvar: 1.03044959814e-18
        dvar2: 2.6052367721e-18
        max: -5.09687387781e-12
        mean: -7.99609045643e-10
        min: -6.52133325119e-09
        var: 1.00902406931e-18
    spectral_energy:
        dmean: 0.00259816483594
        dmean2: 0.004085438326
        dvar: 1.69311060745e-05
        dvar2: 4.17221708631e-05
        max: 0.0289837215096
        mean: 0.00343688810244
        min: 2.0163544832e-05
        var: 1.78866848728e-05
    spectral_energyband_high:
        dmean: 0.000265669252258
        dmean2: 0.000381294084946
        dvar: 2.73570748277e-07
        dvar2: 4.97976202496e-07
        max: 0.00565695203841
        mean: 0.000326906272676
        min: 4.6004732468e-08
        var: 4.53704018355e-07
    spectral_energyband_low:
        dmean: 0.000575547746848
        dmean2: 0.00106099690311
        dvar: 2.9099578569e-06
        dvar2: 8.49211119203e-06
        max: 0.0102888969705
        mean: 0.00052659882931
        min: 1.54986690148e-09
        var: 1.976796284e-06
    spectral_energyband_middle_high:
        dmean: 0.000662452890538
        dmean2: 0.000926084583625
        dvar: 1.14619990654e-06
        dvar2: 2.20631613956e-06
        max: 0.0113850142807
        mean: 0.000868095376063
        min: 9.7466806892e-07
        var: 1.92160223378e-06
    spectral_energyband_middle_low:
        dmean: 0.00162032584194
        dmean2: 0.00271242321469
        dvar: 7.62111721997e-06
        dvar2: 2.04542320716e-05
        max: 0.0160444471985
        mean: 0.00171526998747
        min: 1.89127931662e-05
        var: 6.15226463196e-06
    spectral_flatness_db:
        dmean: 0.0385002717376
        dmean2: 0.0572376213968
        dvar: 0.000991997076198
        dvar2: 0.00234112003818
        max: 0.389757603407
        mean: 0.205957069993
        min: 0.0707305073738
        var: 0.00315493834205
    spectral_flux:
        dmean: 0.0182151999325
        dmean2: 0.0283015668392
        dvar: 0.000424791185651
        dvar2: 0.000768503639847
        max: 0.141441717744
        mean: 0.0423861034214
        min: 0.0021056891419
        var: 0.000823477515951
    spectral_kurtosis:
        dmean: 2.77067351341
        dmean2: 4.30372333527
        dvar: 21.535577774
        dvar2: 49.5509262085
        max: 49.3319854736
        mean: 4.37391042709
        min: -1.08982861042
        var: 38.169883728
    spectral_rms:
        dmean: 0.000609755283222
        dmean2: 0.000894620781764
        dvar: 4.82757798181e-07
        dvar2: 1.08301367163e-06
        max: 0.00531759345904
        mean: 0.00159373797942
        min: 0.000140256015584
        var: 8.13061717508e-07
    spectral_rolloff:
        dmean: 1327.88085938
        dmean2: 2149.04418945
        dvar: 2390841.75
        dvar2: 4831950.5
        max: 9173.14453125
        mean: 2783.69091797
        min: 150.732421875
        var: 4573228
    spectral_skewness:
        dmean: 0.507132291794
        dmean2: 0.730967700481
        dvar: 0.30598795414
        dvar2: 0.57853937149
        max: 5.62231063843
        mean: 1.49419486523
        min: -0.269571065903
        var: 0.949910998344
    spectral_spread:
        dmean: 1481276.875
        dmean2: 2215539.25
        dvar: 3.48052966605e+12
        dvar2: 5.11404461261e+12
        max: 30100342
        mean: 6479518.5
        min: 1495240.5
        var: 8.57321609626e+12
    spectral_strongpeak:
        dmean: 0.273343712091
        dmean2: 0.438073128462
        dvar: 0.128909230232
        dvar2: 0.332146078348
        max: 2.71746206284
        mean: 0.360398709774
        min: 0.0108963893726
        var: 0.147929057479
    zerocrossingrate:
        dmean: 0.0270808301866
        dmean2: 0.0310457888991
        dvar: 0.000658155418932
        dvar2: 0.000863240333274
        max: 0.279296875
        mean: 0.0864621177316
        min: 0.00732421875
        var: 0.00307155144401
    barkbands:
        dmean: [1.01017292309e-06, 0.000172639542143, 0.000428321509389, 0.000383771810448, 0.000601684383582, 0.000126884260681, 0.000405815168051, 0.000241442816332, 0.000113376416266, 5.90007948631e-05, 6.09313574387e-05, 4.46664635092e-05, 4.43943572463e-05, 3.5584991565e-05, 3.9811253373e-05, 6.26025284873e-05, 0.000179797512828, 8.12231592136e-05, 0.000141042663017, 0.00019172829343, 0.000101364799775, 4.624731082e-05, 3.09365568683e-05, 1.32995783133e-05, 9.22889012145e-06, 2.19114966171e-07, 8.82996875617e-09]
        dmean2: [1.5026643041e-06, 0.000292662065476, 0.00081439682981, 0.000733527413104, 0.00104129198007, 0.000215017716982, 0.000643300532829, 0.000395826762542, 0.000176071000169, 9.84108773991e-05, 9.4738745247e-05, 7.28500963305e-05, 7.48960592318e-05, 5.61451743124e-05, 6.69142245897e-05, 8.69842988322e-05, 0.000274349586107, 0.000117425137432, 0.00020198560378, 0.000286668684566, 0.000146445250721, 6.404263695e-05, 4.62410134787e-05, 2.02979226742e-05, 1.44727155202e-05, 3.35109717753e-07, 8.99493368678e-09]
        dvar: [6.55039607625e-12, 1.92825623913e-07, 2.09927634387e-06, 1.82840904017e-06, 1.31929618874e-06, 8.95873597528e-08, 6.06814523962e-07, 5.16635509484e-07, 1.52758872218e-07, 4.98773395918e-08, 3.17384127868e-08, 2.83813541557e-08, 1.765842228e-08, 5.56134116536e-09, 1.66951625857e-08, 1.85858155533e-08, 1.23044287648e-07, 2.94840241111e-08, 6.81667700064e-08, 2.77490073586e-07, 3.86303575794e-08, 7.62356666684e-09, 3.58556628832e-09, 6.55123344462e-10, 4.47671677506e-10, 2.3141455115e-13, 2.94311558631e-14]
        dvar2: [1.38702738531e-11, 5.52837775558e-07, 6.1208797888e-06, 5.32827061761e-06, 3.59270393346e-06, 2.22759766189e-07, 1.37521419674e-06, 1.39484279771e-06, 2.88036801521e-07, 1.00717180374e-07, 7.00981459545e-08, 5.98126419504e-08, 4.79017039368e-08, 1.36363569325e-08, 4.42299423753e-08, 3.43247670287e-08, 2.70778485856e-07, 6.20028686171e-08, 1.40394618597e-07, 6.8503447892e-07, 7.12006738013e-08, 1.39316291836e-08, 7.23572002315e-09, 1.3770218299e-09, 9.97378624135e-10, 5.05555937825e-13, 2.856469198e-14]
        max: [2.25926014537e-05, 0.003193593584, 0.00864954851568, 0.00963768176734, 0.00804033502936, 0.00302898022346, 0.00606612628326, 0.00837789848447, 0.00511747272685, 0.00280349515378, 0.00157310196664, 0.0022505314555, 0.00118981022388, 0.000575148151256, 0.00140498101246, 0.00129442999605, 0.00332114263438, 0.00133948610164, 0.00295979389921, 0.00605313619599, 0.00239115091972, 0.000912582618184, 0.000537389831152, 0.000173266453203, 0.000143465120345, 3.52022493644e-06, 3.61451793651e-06]
        mean: [1.44095849919e-06, 0.000203259463888, 0.000321917294059, 0.000250904093264, 0.00053685635794, 0.000119672935398, 0.000401263445383, 0.000234430466662, 0.000163255128427, 5.87426584389e-05, 5.55483020435e-05, 4.56560374005e-05, 3.9064198063e-05, 3.68396067643e-05, 3.38744030159e-05, 6.99979937053e-05, 0.000184391159564, 8.90493538463e-05, 0.000160584575497, 0.000190684790141, 0.000112628884381, 5.7286441006e-05, 4.05291903007e-05, 1.72460931935e-05, 1.14740514618e-05, 2.82936156282e-07, 8.97921381693e-09]
        min: [7.690822805e-12, 2.49481990622e-10, 5.9387217366e-10, 4.56270399241e-09, 4.63875693413e-08, 8.26752568628e-08, 2.60703927779e-07, 2.48854163942e-08, 5.69347697876e-08, 1.19263798837e-08, 4.91121898705e-09, 3.42088597449e-08, 3.05158778247e-08, 2.52715999238e-08, 9.91111193116e-09, 9.89089770087e-08, 1.30551896405e-07, 7.80031328418e-08, 8.91079707799e-08, 7.45987094319e-08, 1.48457299787e-08, 9.98358640203e-09, 3.67069374896e-09, 7.46663397777e-10, 4.81267248276e-10, 1.94560357408e-11, 5.77358934316e-14]
        var: [1.02661221538e-11, 1.93825400174e-07, 1.19606750104e-06, 1.00361546629e-06, 1.00156205463e-06, 7.95972994183e-08, 6.54815892176e-07, 4.06671148312e-07, 1.84803852221e-07, 6.43257322963e-08, 3.46125865747e-08, 3.00014839638e-08, 1.70913363462e-08, 5.63101787421e-09, 1.3569638746e-08, 2.97327868992e-08, 1.52578863322e-07, 3.72296504736e-08, 1.07280101247e-07, 2.73662607242e-07, 6.18299154098e-08, 1.37883962026e-08, 7.21345383425e-09, 1.19433141155e-09, 6.78953337996e-10, 3.77159891859e-13, 3.0310931716e-14]
    mfcc:
        mean: [-790.22253418, 84.4389419556, -10.5670890808, 43.9636001587, -18.4432315826, -25.0446357727, -17.0301628113, -10.1520643234, -12.0972032547, -3.54702830315, -1.09005129337, 0.386445552111, 1.74005925655]
        cov: [[6422.18115234, -1720.7989502, 46.1378097534, 34.8752937317, -31.3865146637, 84.8048171997, 128.389511108, 168.311782837, -44.9410591125, -3.69083213806, -134.599197388, -276.266448975, -165.807327271], [-1720.7989502, 3612.67773438, -755.569885254, -208.232666016, 469.486450195, 14.0880203247, 435.180114746, 326.391387939, 50.5237159729, 228.430236816, 318.698394775, 54.8257522583, 38.5337982178], [46.1378097534, -755.569885254, 2108.76098633, 788.667785645, 128.53213501, 824.000366211, 388.981781006, 319.186798096, 460.306488037, 288.012390137, 193.955368042, 202.131530762, 3.83293747902], [34.8752937317, -208.232666016, 788.667785645, 1023.00976562, 354.576782227, 269.660217285, 30.5743713379, 142.405303955, 210.877243042, 183.763870239, -12.7464256287, 96.5805664062, 99.6437454224], [-31.3865146637, 469.486450195, 128.53213501, 354.576782227, 647.168334961, 172.916244507, -5.07656621933, 46.3147773743, 109.515151978, 168.398025513, 50.1435165405, 27.2788963318, 37.3350524902], [84.8048171997, 14.0880203247, 824.000366211, 269.660217285, 172.916244507, 662.344482422, 315.57635498, 209.934616089, 272.057556152, 194.319717407, 184.525436401, 109.313186646, -8.67213058472], [128.389511108, 435.180114746, 388.981781006, 30.5743713379, -5.07656621933, 315.57635498, 523.175354004, 303.660827637, 163.482589722, 165.454925537, 240.273849487, 86.5767974854, 14.4168958664], [168.311782837, 326.391387939, 319.186798096, 142.405303955, 46.3147773743, 209.934616089, 303.660827637, 390.998321533, 188.447921753, 149.440704346, 200.083587646, 93.4913482666, 48.9156570435], [-44.9410591125, 50.5237159729, 460.306488037, 210.877243042, 109.515151978, 272.057556152, 163.482589722, 188.447921753, 355.250305176, 250.187698364, 153.84223938, 131.919372559, 35.8447952271], [-3.69083213806, 228.430236816, 288.012390137, 183.763870239, 168.398025513, 194.319717407, 165.454925537, 149.440704346, 250.187698364, 367.521087646, 231.349365234, 134.199645996, 37.4390678406], [-134.599197388, 318.698394775, 193.955368042, -12.7464256287, 50.1435165405, 184.525436401, 240.273849487, 200.083587646, 153.84223938, 231.349365234, 331.73626709, 130.112182617, 31.3486995697], [-276.266448975, 54.8257522583, 202.131530762, 96.5805664062, 27.2788963318, 109.313186646, 86.5767974854, 93.4913482666, 131.919372559, 134.199645996, 130.112182617, 184.577713013, 68.869758606], [-165.807327271, 38.5337982178, 3.83293747902, 99.6437454224, 37.3350524902, -8.67213058472, 14.4168958664, 48.9156570435, 35.8447952271, 37.4390678406, 31.3486995697, 68.869758606, 160.43170166]]
        icov: [[0.000258537242189, 0.00022708583856, 0.000155786270625, 1.94737658603e-05, -0.000134841626277, -6.99915617588e-05, -0.000222890856094, -0.00040332012577, 0.000164851779118, -0.000337779434631, 0.000248577969614, 0.000389164953958, 0.000193799060071], [0.00022708583856, 0.000685390201397, 0.000442280870629, 5.64803412999e-05, -0.000551474746317, -1.4926289623e-05, -0.000684679951519, -0.000566225848161, 0.00017002808454, -0.000305510882754, 0.000125600316096, 0.000220797490329, 0.000300106330542], [0.000155786270625, 0.000442280870629, 0.00169250997715, -0.000869588460773, 0.00020710460376, -0.00127554615028, -0.000571872515138, -0.000261508685071, -0.000478933245176, 7.09263476892e-05, 4.00649623771e-05, -0.000180486676982, 0.000728521728888], [1.94737658603e-05, 5.64803412999e-05, -0.000869588460773, 0.00228898879141, -0.000953917449806, 0.000207267701626, 0.000409886182752, -0.000939894234762, 0.000495737651363, -0.00112822139636, 0.00158318225294, -0.000217266104301, -0.000974977388978], [-0.000134841626277, -0.000551474746317, 0.00020710460376, -0.000953917449806, 0.00291934516281, -0.00108364620246, 0.00110239756759, 0.000346683722455, 0.000131734283059, -0.000917359197047, -0.000135293405037, 0.0005673787673, -0.000394578819396], [-6.99915617588e-05, -1.4926289623e-05, -0.00127554615028, 0.000207267701626, -0.00108364620246, 0.00444085989147, -0.00159513193648, 0.000768263766076, -0.00161937251687, 0.00113091466483, -0.000900967803318, -0.000169247461599, 0.000580923398957], [-0.000222890856094, -0.000684679951519, -0.000571872515138, 0.000409886182752, 0.00110239756759, -0.00159513193648, 0.00564699387178, -0.00231724884361, 0.000883084489033, -0.000529070617631, -0.00118802429643, 0.000343290332239, -0.000439584371634], [-0.00040332012577, -0.000566225848161, -0.000261508685071, -0.000939894234762, 0.000346683722455, 0.000768263766076, -0.00231724884361, 0.00718577438965, -0.0029078933876, 0.00252207787707, -0.00295108696446, 1.1442532923e-05, -0.00107980333269], [0.000164851779118, 0.00017002808454, -0.000478933245176, 0.000495737651363, 0.000131734283059, -0.00161937251687, 0.000883084489033, -0.0029078933876, 0.0087711699307, -0.00532444007695, 0.00251823104918, -0.00173467327841, 5.75533304072e-05], [-0.000337779434631, -0.000305510882754, 7.09263476892e-05, -0.00112822139636, -0.000917359197047, 0.00113091466483, -0.000529070617631, 0.00252207787707, -0.00532444007695, 0.0100035490468, -0.00567764323205, -0.00108257262036, 0.000405800412409], [0.000248577969614, 0.000125600316096, 4.00649623771e-05, 0.00158318225294, -0.000135293405037, -0.000900967803318, -0.00118802429643, -0.00295108696446, 0.00251823104918, -0.00567764323205, 0.0100520402193, -0.00277157104574, 0.000219704175834], [0.000389164953958, 0.000220797490329, -0.000180486676982, -0.000217266104301, 0.0005673787673, -0.000169247461599, 0.000343290332239, 1.1442532923e-05, -0.00173467327841, -0.00108257262036, -0.00277157104574, 0.0113338613883, -0.00337069388479], [0.000193799060071, 0.000300106330542, 0.000728521728888, -0.000974977388978, -0.000394578819396, 0.000580923398957, -0.000439584371634, -0.00107980333269, 5.75533304072e-05, 0.000405800412409, 0.000219704175834, -0.00337069388479, 0.00873797945678]]
    spectral_contrast:
        mean: [2.85773069209e-07, -1.62656576208e-07, -3.10256041303e-07, 1.3456094905e-07, 1.79853554272e-08, -2.18735181079e-07, 2.40130475504e-06, -1.97665642077e-07, -1.72170791757e-06, 1.63496929417e-06, -1.1517557823e-06, 4.67577638119e-06]
        var: [0.000614261545707, 0.00178216944914, 0.00305649521761, 0.00412477692589, 0.00917259044945, 0.0149538675323, 0.140006288886, 0.238290458918, 0.31361284852, 1.24444186687, 2.16546201706, 3.55485701561]

rhythm:
    beats_loudness:
        dmean: 0.0032978146337
        dmean2: 0.00557801965624
        dvar: 4.05636183132e-06
        dvar2: 1.12427014756e-05
        max: 0.00884144287556
        mean: 0.00410490576178
        min: 0.000785897194874
        var: 6.75046067045e-06
    beats_loudness_bass:
        dmean: 0.41814404726
        dmean2: 0.749103009701
        dvar: 0.104307375848
        dvar2: 0.223230034113
        max: 0.80207413435
        mean: 0.312996417284
        min: 1.90284481505e-05
        var: 0.115288577974
    bpm: 90.4745407104
    bpm_confidence: 0
    first_peak_bpm: 90
    first_peak_spread: 0
    first_peak_weight: 0.928571462631
    onset_rate: 6.0127620697
    second_peak_bpm: 58
    second_peak_spread: 0
    second_peak_weight: 0.0714285746217
    beats_position: [0.143697306514, 0.807271182537, 1.47084498405, 2.13441896439, 2.7979927063, 3.46156668663, 4.12514066696, 4.78871440887, 5.45228815079, 6.47954130173, 7.14210939407, 7.80467653275, 8.46724510193, 9.12981319427, 9.79238033295]
    bpm_estimates: [90.4929885864, 90.4578323364, 90.4234390259, 90.1104431152, 90.5197067261, 90.5138092041, 90.6286239624, 90.5469665527, 90.5129623413, 90.5386505127]
    bpm_intervals: [0.663573861122, 0.663573801517, 0.663573980331, 0.663573741913, 0.663573980331, 0.663573980331, 0.663573741913, 0.663573741913, 1.02725315094, 0.662568092346, 0.662567138672, 0.662568569183, 0.662568092346, 0.662567138672]
    onset_times: [0.0348299331963, 0.371519267559, 0.487619042397, 0.777868509293, 0.975238084793, 1.14938771725, 1.32353746891, 1.48607707024, 1.74149656296, 2.03174614906, 2.3916554451, 2.48453521729, 2.56580495834, 2.69351482391, 2.76317453384, 3.03020405769, 3.15791392326, 3.26240372658, 3.48299312592, 3.58748292923, 3.81968259811, 4.04027223587, 4.1679816246, 4.40018129349, 4.49306106567, 4.59755086899, 4.72526073456, 4.82975053787, 4.95746040344, 5.11999988556, 5.41024923325, 5.47990942001, 5.72371864319, 5.81659841537, 6.00235843658, 6.14167785645, 6.3042178154, 6.40870761871, 6.48997735977, 6.65251684189, 6.81505680084, 7.0356464386, 7.1517457962, 7.27945566177, 7.39555549622, 7.6277551651, 7.80190467834, 7.9644446373, 8.13859367371, 8.47528362274, 8.63782310486, 8.82358264923, 8.96290206909, 9.05578231812, 9.11383247375, 9.35764217377, 9.47374153137, 9.71755123138, 9.82204055786, 9.91492080688]
    rubato_start: []
    rubato_stop: []
    perceptual_tempo: "unknown"

sfx:
    inharmonicity:
        dmean: 0.0479985140264
        dmean2: 0.0850141346455
        dvar: 0.0038361591287
        dvar2: 0.0103000728413
        max: 0.367307424545
        mean: 0.0413743294775
        min: 0
        var: 0.00336527545005
    oddtoevenharmonicenergyratio:
        dmean: 13.9958486557
        dmean2: 27.5221118927
        dvar: 4415.22607422
        dvar2: 14323.5195312
        max: 554.053039551
        mean: 7.52571105957
        min: 0
        var: 2256.85351562
    pitch_after_max_to_before_max_energy_ratio: 77.822265625
    pitch_centroid: 211.902038574
    pitch_max_to_total: 0.00930232554674
    pitch_min_to_total: 0.897674441338
    tristimulus:
        dmean: [0.280938416719, 0.282024949789, 0.152376458049]
        dmean2: [0.485924869776, 0.489659756422, 0.26973131299]
        dvar: [0.0658872500062, 0.0573766939342, 0.0289986860007]
        dvar2: [0.173214957118, 0.159070551395, 0.074524961412]
        max: [1, 0.981319189072, 0.913231134415]
        mean: [0.408762842417, 0.42089766264, 0.146191358566]
        min: [0.000394739443436, 0, 0]
        var: [0.0946103259921, 0.0815500468016, 0.0349834747612]

tonal:
    chords_changes_rate: 0.0833333358169
    chords_number_rate: 0.0324074067175
    chords_strength:
        dmean: 0.0129763651639
        dmean2: 0.0152459125966
        dvar: 0.000120538250485
        dvar2: 0.000193483414478
        max: 0.578245401382
        mean: 0.455978184938
        min: 0.256720721722
        var: 0.00724856369197
    key_strength: 0.527086436749
    tuning_diatonic_strength: 0.391924858093
    tuning_equal_tempered_deviation: 0.141687959433
    tuning_frequency: 442.548919678
    tuning_nontempered_energy_ratio: 0.7711571455
    hpcp:
        dmean: [0.22509868443, 0.197950094938, 0.211067795753, 0.29781460762, 0.265840828419, 0.231291085482, 0.225618809462, 0.196417763829, 0.171553432941, 0.171805217862, 0.17791891098, 0.187917098403, 0.225901052356, 0.192095994949, 0.177064582705, 0.175364881754, 0.164185166359, 0.150028720498, 0.125853016973, 0.133671745658, 0.182025641203, 0.189353376627, 0.1028412655, 0.0797092542052, 0.0806350633502, 0.0806275159121, 0.153981178999, 0.201379701495, 0.136869683862, 0.0848596543074, 0.0670518502593, 0.0724960044026, 0.107768416405, 0.132858589292, 0.156437695026, 0.1867441535]
        dmean2: [0.400324940681, 0.353284060955, 0.376235038042, 0.542035698891, 0.477575808764, 0.413434505463, 0.39781704545, 0.354145616293, 0.315310299397, 0.319675803185, 0.312636554241, 0.327655553818, 0.392792224884, 0.342230856419, 0.319308280945, 0.305629968643, 0.286274194717, 0.271255105734, 0.224649354815, 0.240626007318, 0.323953866959, 0.332085579634, 0.181839063764, 0.148192554712, 0.152487978339, 0.148703604937, 0.275897353888, 0.348105043173, 0.234431862831, 0.154054522514, 0.112577088177, 0.118092611432, 0.1790022403, 0.223698988557, 0.280283778906, 0.327154427767]
        dvar: [0.0739347785711, 0.0556311793625, 0.0685890614986, 0.11195114255, 0.0949375778437, 0.0715390592813, 0.0712783187628, 0.0627655982971, 0.057199805975, 0.0610838793218, 0.0625439584255, 0.0531666427851, 0.0723997056484, 0.0523880422115, 0.0552230216563, 0.0500875376165, 0.0451585017145, 0.0366845279932, 0.0355203710496, 0.045056451112, 0.0527725033462, 0.063763089478, 0.0244423951954, 0.0243130046874, 0.0306604765356, 0.0232665594667, 0.0425147004426, 0.0676927417517, 0.0393656827509, 0.0314620137215, 0.0162777137011, 0.0150450710207, 0.0301442183554, 0.0356507524848, 0.0534686483443, 0.0566360615194]
        dvar2: [0.190089344978, 0.147257193923, 0.180789589882, 0.270850807428, 0.244287520647, 0.177860245109, 0.182873800397, 0.169129028916, 0.157846212387, 0.170675262809, 0.176837161183, 0.123675726354, 0.146871104836, 0.129976689816, 0.158595129848, 0.131199717522, 0.125558868051, 0.100655481219, 0.0934211462736, 0.116360574961, 0.133258059621, 0.159622833133, 0.0650516673923, 0.0685438737273, 0.0879663676023, 0.0658518224955, 0.108248606324, 0.167840197682, 0.105387322605, 0.0792699977756, 0.04081081599, 0.0370821021497, 0.0760170295835, 0.0869315043092, 0.14489069581, 0.142771586776]
        max: [1, 1, 1, 1, 1, 1, 1, 1, 1, 1, 1, 1, 1, 1, 1, 1, 1, 1, 1, 1, 1, 1, 1, 1, 1, 1, 1, 1, 1, 1, 1, 0.784176290035, 1, 1, 1, 1]
        mean: [0.240864723921, 0.199630185962, 0.202124089003, 0.236178010702, 0.225386500359, 0.237483307719, 0.228846773505, 0.15965257585, 0.127553105354, 0.132721081376, 0.144933983684, 0.22047136724, 0.284416079521, 0.202672302723, 0.158692061901, 0.186326891184, 0.165585786104, 0.131587281823, 0.112745821476, 0.116801269352, 0.218229979277, 0.238170534372, 0.111528247595, 0.0604199506342, 0.0593206249177, 0.0639379024506, 0.152622908354, 0.209007740021, 0.133710280061, 0.0748588442802, 0.0669985562563, 0.0709474608302, 0.103834353387, 0.131893485785, 0.139433011413, 0.204066768289]
        min: [0.00095243222313, 0.000816753192339, 0.00059482245706, 0.000452182692243, 0.000682406767737, 0.000439166964497, 0.00055551022524, 0.000599593215156, 0.000587027519941, 0.000564240966924, 0.000321916100802, 0.000551023578737, 0.000518790096976, 0.000900570885278, 0.00031614137697, 0.000440385105321, 0.000381973106414, 0.000347572698956, 0.000211201841012, 0.000470570405014, 0.000610259186942, 0.000400551536586, 0.000352931470843, 0.000176017783815, 0.000139219278935, 0.000196013934328, 0.000180592716788, 0.0001955601183, 0.000714038324077, 0.000310658506351, 0.000320259161526, 0.000190729391761, 0.000210271624383, 0.000209717720281, 0.000883185712155, 0.000640530546661]
        var: [0.0902407541871, 0.0630273222923, 0.0725912004709, 0.109708078206, 0.0874629691243, 0.083826340735, 0.0855747237802, 0.0537077710032, 0.0459411665797, 0.0493383221328, 0.0551905967295, 0.0668993592262, 0.11479960382, 0.0575967542827, 0.0473558753729, 0.0614076070487, 0.044645242393, 0.0351295769215, 0.0342290848494, 0.0375572517514, 0.0802573487163, 0.103870481253, 0.0219499841332, 0.0150762554258, 0.0182105246931, 0.0155556024984, 0.0445679351687, 0.081844650209, 0.042144227773, 0.0254587400705, 0.0166774466634, 0.0141173088923, 0.02906447649, 0.0406334400177, 0.0414200983942, 0.0688309147954]
    chords_histogram: [38.8888893127, 0, 0, 0, 0, 2.77777767181, 37.0370368958, 1.85185182095, 0, 0, 0, 0, 0, 0, 1.85185182095, 6.01851844788, 0, 0, 0, 0, 0, 0, 11.1111106873, 0.462962955236]
    thpcp: [1, 0.712590873241, 0.557957410812, 0.655120790005, 0.582195580006, 0.462657660246, 0.396411567926, 0.410670429468, 0.767291307449, 0.837401807308, 0.392130613327, 0.2124350667, 0.208569869399, 0.224804103374, 0.536618411541, 0.734866142273, 0.470122098923, 0.263201862574, 0.235565289855, 0.249449536204, 0.365079045296, 0.463734269142, 0.490243077278, 0.717493772507, 0.846874475479, 0.701894879341, 0.710663378239, 0.83039611578, 0.792453467846, 0.834985494614, 0.804619669914, 0.561334550381, 0.448473602533, 0.466644078493, 0.509584367275, 0.775171935558]
    chords_key: "A"
    chords_scale: "major"
    key_key: "A"
    key_scale: "major"
    chords_progression: ["D", "D", "D", "Dm", "Dm", "Dm", "Dm", "Dm", "D#m", "D#m", "Dm", "Dm", "Dm", "Dm", "Dm", "Dm", "Dm", "Dm", "D#m", "D#m", "D#m", "D#m", "F#", "F#", "F#", "F#", "F#", "F#", "F#", "F#", "F#", "F#", "F#", "F#", "F#", "F#", "F#", "F#", "F#", "F#", "F#", "F#", "F#", "F#", "F#", "F#", "F#", "D", "D", "D", "D", "D", "D", "D", "D", "D", "D", "D", "D", "D", "D", "D", "D", "D", "D", "D", "D", "A#", "A#", "A#", "A#", "D", "A", "A", "A", "A", "A", "A", "A", "A", "A", "A", "A", "A", "F#", "A", "F#", "F#", "F#", "F#", "F#", "F#", "F#", "F#", "F#", "F#", "F#", "F#", "F#", "F#", "F#", "F#", "F#", "F#", "F#", "F#", "F#", "F#", "F#", "F#", "F#", "F#", "F#", "F#", "F#", "F#", "F#", "F#", "F#", "F#", "F#", "F#", "F#", "F#", "F#", "F#", "F#", "F#", "F#", "F#", "F#", "F#", "F#", "F#", "F#", "F#", "F#", "F#", "F#", "F#m", "F#", "A", "A", "A", "A", "A", "A", "A", "A", "A", "A", "A", "A", "A", "A", "A", "A", "A", "A", "A", "A", "A", "A", "A", "A", "A", "A", "A", "A", "A", "A", "A", "A", "A", "A", "A", "A", "A", "A", "A", "A", "A", "A", "A", "A", "A", "A", "A", "A", "A", "A", "A", "A", "A", "A", "A", "A", "A", "A", "A", "A", "A", "A", "A", "A", "A", "A", "A", "A", "A", "A", "A#m", "A#m", "A", "A#m", "A#m"]
