
metadata:
    version:
        essentia: "1.2.2"
    audio_properties:
        analysis_sample_rate: 44100
        bitrate: 128
        channels: 2
        equal_loudness: 1
        length: 10.0048980713
        replay_gain: -12.0092067719
        downmix: "mix"
    tags:
        track: 14
        year: 0
        album: "Splitted by Mp3Splt v. 2.1"
        artist: "From 002.10 To 002.20"
        comment: "http://mp3splt.sf.net"
        genre: ""
        title: "12 Pacific Heights.mp3"

highlevel:
    ballroom:
        all:
            ChaChaCha: 0.325327724218
            Jive: 0.057581987232
            Quickstep: 0.0229600202292
            Rumba-American: 0.00312736397609
            Rumba-International: 0.0320904888213
            Rumba-Misc: 0.0281722247601
            Samba: 0.525656223297
            Tango: 0.00165899912827
            VienneseWaltz: 0.00224691582844
            Waltz: 0.00117805576883
        probability: 0.525656223297
        value: "Samba"
    culture:
        all:
            non_western: 0.144351616502
            western: 0.855648398399
        probability: 0.855648398399
        value: "western"
    gender:
        all:
            female: 0.0550460033119
            male: 0.944953978062
        probability: 0.944953978062
        value: "male"
    genre_dortmund:
        all:
            alternative: 0.000556269660592
            blues: 0.000320695369737
            electronic: 0.00094021752011
            folkcountry: 0.000498530280311
            funksoulrnb: 0.00431531947106
            jazz: 0.00220367242582
            pop: 0.00629585422575
            raphiphop: 0.984080672264
            rock: 0.000788791861851
        probability: 0.984080672264
        value: "raphiphop"
    genre_electronica:
        all:
            ambient: 0.0198501441628
            dnb: 0.00943828187883
            house: 0.948425173759
            techno: 0.0149177266285
            trance: 0.00736869312823
        probability: 0.948425173759
        value: "house"
    genre_rosamerica:
        all:
            cla: 0.0014137448743
            dan: 0.0333985425532
            hip: 0.817861676216
            jaz: 0.00206836150028
            pop: 0.00918124988675
            rhy: 0.123063668609
            roc: 0.00273968698457
            spe: 0.0102730821818
        probability: 0.817861676216
        value: "hip"
    genre_tzanetakis:
        all:
            blu: 0.000243936956394
            cla: 0.000375957606593
            cou: 0.000707616563886
            dis: 0.00401681335643
            hip: 0.598331332207
            jaz: 0.000160917901667
            met: 0.000995578477159
            pop: 0.243884891272
            reg: 0.150075748563
            roc: 0.00120721932035
        probability: 0.598331332207
        value: "hip"
    live_studio:
        all:
            live: 0.00970785785466
            studio: 0.990292131901
        probability: 0.990292131901
        value: "studio"
    mood:
        all:
            Cluster1: 0.167762264609
            Cluster2: 0.346446990967
            Cluster3: 0.160089179873
            Cluster4: 0.149860799313
            Cluster5: 0.175840780139
        probability: 0.346446990967
        value: "Cluster2"
    mood_acoustic:
        all:
            acoustic: 0.0511052981019
            not_acoustic: 0.948894679546
        probability: 0.948894679546
        value: "not_acoustic"
    mood_aggressive:
        all:
            aggressive: 0.00380375189707
            not_aggressive: 0.996196269989
        probability: 0.996196269989
        value: "not_aggressive"
    mood_electronic:
        all:
            electronic: 0.752143919468
            not_electronic: 0.247856080532
        probability: 0.752143919468
        value: "electronic"
    mood_happy:
        all:
            happy: 0.650557160378
            not_happy: 0.349442839622
        probability: 0.650557160378
        value: "happy"
    mood_party:
        all:
            not_party: 0.188377216458
            party: 0.811622798443
        probability: 0.811622798443
        value: "party"
    mood_relaxed:
        all:
            not_relaxed: 0.760930538177
            relaxed: 0.239069476724
        probability: 0.760930538177
        value: "not_relaxed"
    mood_sad:
        all:
            not_sad: 0.700151741505
            sad: 0.299848228693
        probability: 0.700151741505
        value: "not_sad"
    rhythm:
        all:
            fast: 0.550927340984
            medium: 0.43959441781
            slow: 0.00947822164744
        probability: 0.550927340984
        value: "fast"
    speech_music:
        all:
            music: 0.993700504303
            speech: 0.00629947800189
        probability: 0.993700504303
        value: "music"
    timbre:
        all:
            bright: 0.165483772755
            dark: 0.834516227245
        probability: 0.834516227245
        value: "dark"
    voice_instrumental:
        all:
            instrumental: 0.00686950096861
            voice: 0.993130505085
        probability: 0.993130505085
        value: "voice"

lowlevel:
    average_loudness: 0.970618724823
    barkbands_kurtosis:
        dmean: 4.06292772293
        dmean2: 6.41160106659
        dvar: 32.6179428101
        dvar2: 70.1240310669
        max: 46.2327270508
        mean: 3.392993927
        min: -1.90007293224
        var: 57.9341812134
    barkbands_skewness:
        dmean: 0.959221720695
        dmean2: 1.44110989571
        dvar: 0.831690609455
        dvar2: 1.71666157246
        max: 5.64992237091
        mean: 1.03729641438
        min: -3.37992167473
        var: 2.24463653564
    barkbands_spread:
        dmean: 9.32037258148
        dmean2: 14.4441289902
        dvar: 99.1562042236
        dvar2: 223.165878296
        max: 77.6759643555
        mean: 24.1398029327
        min: 1.03172075748
        var: 230.900344849
    dissonance:
        dmean: 0.03784096241
        dmean2: 0.0609384179115
        dvar: 0.00146833492909
        dvar2: 0.00391302118078
        max: 0.498224049807
        mean: 0.429992854595
        min: 0.189171791077
        var: 0.00301787303761
    hfc:
        dmean: 2.76613426208
        dmean2: 4.05079698563
        dvar: 22.432964325
        dvar2: 45.5258865356
        max: 51.5487976074
        mean: 3.98451519012
        min: 0.00879937689751
        var: 32.8104171753
    pitch:
        dmean: 735.989685059
        dmean2: 1420.18505859
        dvar: 2084105.625
        dvar2: 4112080
        max: 4900
        mean: 1053.39978027
        min: 78.75
        var: 2474582.5
    pitch_instantaneous_confidence:
        dmean: 0.13822068274
        dmean2: 0.214303463697
        dvar: 0.0126776918769
        dvar2: 0.0305622126907
        max: 0.904698133469
        mean: 0.556194126606
        min: 0.173412144184
        var: 0.02926219441
    pitch_salience:
        dmean: 0.0905785262585
        dmean2: 0.14533033967
        dvar: 0.00606892537326
        dvar2: 0.0158425886184
        max: 0.838141679764
        mean: 0.556729018688
        min: 0.22190836072
        var: 0.0131544396281
    silence_rate_20dB:
        dmean: 0
        dmean2: 0
        dvar: 0
        dvar2: 0
        max: 1
        mean: 1
        min: 1
        var: 0
    silence_rate_30dB:
        dmean: 0
        dmean2: 0
        dvar: 0
        dvar2: 0
        max: 1
        mean: 1
        min: 1
        var: 0
    silence_rate_60dB:
        dmean: 0.199535965919
        dmean2: 0.40000000596
        dvar: 0.159721359611
        dvar2: 0.295815140009
        max: 1
        mean: 0.64814811945
        min: 0
        var: 0.228052794933
    spectral_centroid:
        dmean: 490.811706543
        dmean2: 753.209350586
        dvar: 392584.78125
        dvar2: 762830.9375
        max: 6218.44824219
        mean: 1311.23156738
        min: 117.999984741
        var: 972820.9375
    spectral_complexity:
        dmean: 3.03720927238
        dmean2: 4.45687627792
        dvar: 21.6172370911
        dvar2: 41.781879425
        max: 53
        mean: 6.72621822357
        min: 0
        var: 39.2382888794
    spectral_crest:
        dmean: 3.10640573502
        dmean2: 5.14710712433
        dvar: 6.66237163544
        dvar2: 15.88808918
        max: 21.1111392975
        mean: 9.86452865601
        min: 4.01836490631
        var: 12.9582176208
    spectral_decrease:
        dmean: 5.38257216576e-10
        dmean2: 8.75663763722e-10
        dvar: 9.13577145992e-19
        dvar2: 2.4550062972e-18
        max: -2.12263735234e-12
        mean: -7.38525351984e-10
        min: -6.60125643037e-09
        var: 8.64079588715e-19
    spectral_energy:
        dmean: 0.00224068574607
        dmean2: 0.00362551258877
        dvar: 1.50475325427e-05
        dvar2: 3.9308302803e-05
        max: 0.0295903049409
        mean: 0.00314877205528
        min: 8.80945481185e-06
        var: 1.50546247824e-05
    spectral_energyband_high:
        dmean: 0.000205460761208
        dmean2: 0.000318189326208
        dvar: 1.89849203025e-07
        dvar2: 3.74937087599e-07
        max: 0.00474445428699
        mean: 0.00022976618493
        min: 1.1420374868e-08
        var: 2.6158380706e-07
    spectral_energyband_low:
        dmean: 0.000556270824745
        dmean2: 0.00102042639628
        dvar: 2.78056199932e-06
        dvar2: 8.29056443763e-06
        max: 0.0105199003592
        mean: 0.000502439972479
        min: 1.27530697114e-09
        var: 1.80874781108e-06
    spectral_energyband_middle_high:
        dmean: 0.00062856101431
        dmean2: 0.000860506203026
        dvar: 1.03771196791e-06
        dvar2: 2.11774522541e-06
        max: 0.00919544324279
        mean: 0.000903238193132
        min: 1.22771086808e-06
        var: 1.6957386606e-06
    spectral_energyband_middle_low:
        dmean: 0.00128243200015
        dmean2: 0.00216501508839
        dvar: 6.20531500317e-06
        dvar2: 1.75272289198e-05
        max: 0.0173890534788
        mean: 0.00151331292
        min: 5.1611523304e-06
        var: 4.79903974338e-06
    spectral_flatness_db:
        dmean: 0.0353131517768
        dmean2: 0.0534051693976
        dvar: 0.000934052164666
        dvar2: 0.00244456715882
        max: 0.39646294713
        mean: 0.215938225389
        min: 0.104140929878
        var: 0.00291154766455
    spectral_flux:
        dmean: 0.0161847621202
        dmean2: 0.0247319508344
        dvar: 0.00037105276715
        dvar2: 0.000698879593983
        max: 0.14260622859
        mean: 0.0395038127899
        min: 0.00206788047217
        var: 0.000765258038882
    spectral_kurtosis:
        dmean: 3.72673368454
        dmean2: 5.49640607834
        dvar: 75.2582702637
        dvar2: 172.575881958
        max: 106.799240112
        mean: 6.03097963333
        min: -0.955790042877
        var: 103.807739258
    spectral_rms:
        dmean: 0.000540849345271
        dmean2: 0.000815167208202
        dvar: 4.42991307636e-07
        dvar2: 1.0673743418e-06
        max: 0.00537294987589
        mean: 0.0015192204155
        min: 9.27070141188e-05
        var: 7.63942409776e-07
    spectral_rolloff:
        dmean: 912.606994629
        dmean2: 1521.12731934
        dvar: 1561409.375
        dvar2: 3174453
        max: 9496.14257812
        mean: 2389.78515625
        min: 150.732421875
        var: 3191847.25
    spectral_skewness:
        dmean: 0.516101956367
        dmean2: 0.727460086346
        dvar: 0.42453032732
        dvar2: 0.864016234875
        max: 8.45588779449
        mean: 1.75307440758
        min: -0.0988248363137
        var: 1.15725958347
    spectral_spread:
        dmean: 1199883.125
        dmean2: 1773882
        dvar: 1.70871934157e+12
        dvar2: 3.82090870784e+12
        max: 13274513
        mean: 5488579.5
        min: 989391.0625
        var: 4.27279253504e+12
    spectral_strongpeak:
        dmean: 0.323594629765
        dmean2: 0.5420140028
        dvar: 0.312686800957
        dvar2: 0.753563582897
        max: 4.52301263809
        mean: 0.416614979506
        min: 0.0101255299523
        var: 0.31703671813
    zerocrossingrate:
        dmean: 0.0191678777337
        dmean2: 0.0210484508425
        dvar: 0.000356133969035
        dvar2: 0.000467701145681
        max: 0.25146484375
        mean: 0.072702921927
        min: 0.00537109375
        var: 0.0017648935318
    barkbands:
        dmean: [7.82499796514e-07, 0.000169488877873, 0.00040398305282, 0.000349514535628, 0.000450434512459, 9.48140441324e-05, 0.00027971965028, 0.000220810412429, 0.000135519905598, 7.25964855519e-05, 4.4437503675e-05, 5.31876758032e-05, 3.62931350537e-05, 2.96988055197e-05, 6.51480077067e-05, 6.25907778158e-05, 0.000169337799889, 8.47485935083e-05, 0.000110298518848, 0.000201723436476, 8.22579604574e-05, 2.53455837083e-05, 1.24723401314e-05, 4.74504304293e-06, 3.09208280669e-06, 6.17716295892e-08, 2.97568664154e-10]
        dmean2: [1.12779741812e-06, 0.000296960090054, 0.000755272689275, 0.000660803576466, 0.000792207720224, 0.000159245581017, 0.000445243669674, 0.000360634847311, 0.000221822454478, 0.000118074924103, 7.41227777326e-05, 7.92508872109e-05, 6.27879126114e-05, 4.66009187221e-05, 9.97401075438e-05, 9.48074739426e-05, 0.00024923030287, 0.000128487808979, 0.000163767981576, 0.0002936667006, 0.000124635276734, 3.78794502467e-05, 1.9124830942e-05, 7.53000904297e-06, 4.77894400319e-06, 9.70547517909e-08, 4.4065093241e-10]
        dvar: [4.02549651599e-12, 1.67442877341e-07, 1.85362239336e-06, 1.38199197863e-06, 1.18579305308e-06, 5.77805465696e-08, 2.80560612964e-07, 3.03645947497e-07, 1.87332389601e-07, 5.49043228659e-08, 1.91447533382e-08, 3.14741122054e-08, 1.0745428547e-08, 3.63133678682e-09, 1.97594349771e-08, 1.97211260655e-08, 1.00305136641e-07, 4.32436522146e-08, 4.04491800055e-08, 1.43652982842e-07, 3.99999819933e-08, 3.06153347118e-09, 1.86813631231e-09, 1.4437090412e-10, 9.23818521681e-11, 2.87230735886e-14, 3.78114184165e-18]
        dvar2: [8.64613675794e-12, 4.93560435189e-07, 5.39505344932e-06, 3.99535792894e-06, 3.36340531248e-06, 1.46413299262e-07, 6.34207651729e-07, 7.4749993928e-07, 4.82845450733e-07, 1.18224704693e-07, 4.73239722965e-08, 6.42426982722e-08, 2.82463155088e-08, 7.44998862601e-09, 4.18708765437e-08, 4.18660413004e-08, 2.20454566602e-07, 9.55816261694e-08, 8.12152833873e-08, 2.95627984315e-07, 8.46613374961e-08, 6.56928511589e-09, 4.61223415016e-09, 2.90721335894e-10, 2.17666620839e-10, 6.69461570056e-14, 3.79411410161e-18]
        max: [1.56098158186e-05, 0.00301178987138, 0.00914208218455, 0.00822086259723, 0.00829899404198, 0.00241543003358, 0.00371984438971, 0.00562606845051, 0.00494148721918, 0.00265650893562, 0.00114530825522, 0.00250099087134, 0.000919822079595, 0.000474495667731, 0.00138092215639, 0.00129486352671, 0.00282878801227, 0.00173123646528, 0.00178836868145, 0.00365819316357, 0.00218217237853, 0.000612084695604, 0.000632707728073, 0.00011807721603, 0.000111665860459, 1.57754675456e-06, 4.07352622744e-08]
        mean: [1.08356869077e-06, 0.000194781532628, 0.000306590663968, 0.000237269647187, 0.000438613613369, 0.00011319652549, 0.000331395043759, 0.000224981791689, 0.000156855021487, 7.28708619135e-05, 4.38286806457e-05, 4.83362891828e-05, 2.78974584944e-05, 3.22953674186e-05, 6.86353087076e-05, 6.83406906319e-05, 0.000193153653527, 9.90797852864e-05, 0.000132043220219, 0.000229190685786, 7.97894826974e-05, 2.66268252744e-05, 1.29378868223e-05, 5.48897924091e-06, 3.42464159075e-06, 6.72155593406e-08, 2.91178664513e-10]
        min: [2.85884423773e-11, 2.53430110231e-10, 4.31612912077e-10, 1.60681423722e-09, 1.47599152456e-07, 4.11793706689e-07, 2.80758939653e-07, 1.42818112892e-08, 2.90488522126e-08, 1.1129274391e-08, 1.50051491232e-08, 1.86059523344e-08, 2.40936834928e-08, 1.88465532069e-09, 3.92061707544e-08, 2.06745482956e-08, 1.33515527523e-08, 3.68416976926e-08, 6.33103951486e-08, 1.66460942808e-08, 3.2212297274e-09, 2.6236477435e-09, 3.86437604138e-10, 2.80567818978e-10, 2.78058159831e-10, 2.76932747567e-11, 3.66171502841e-13]
        var: [6.12546124934e-12, 1.73135845216e-07, 1.05758419977e-06, 7.84728399594e-07, 8.38301559725e-07, 5.55422481341e-08, 3.39067526056e-07, 2.9787895528e-07, 1.55825915726e-07, 6.91401993436e-08, 2.05259294006e-08, 3.7342609005e-08, 7.9782829232e-09, 4.79984141322e-09, 2.74672480316e-08, 2.54036365277e-08, 1.3958545253e-07, 5.40904281365e-08, 5.78005128204e-08, 2.03077632932e-07, 4.83941242635e-08, 4.25856550024e-09, 1.9558381581e-09, 2.03110278596e-10, 1.05672436079e-10, 3.34205556838e-14, 3.94946110219e-18]
    mfcc:
        mean: [-805.36114502, 101.285247803, -20.9348583221, 45.1326026917, -18.6389865875, -30.6219863892, -16.4630393982, -14.3112773895, -10.5041818619, -1.3695538044, -4.95088481903, -0.814240753651, 4.31337118149]
        cov: [[6859.22265625, -1367.2364502, -818.595031738, 191.875350952, 213.147018433, -87.7100143433, 178.826248169, 170.347213745, 154.933624268, 273.034484863, -183.123504639, -160.481552124, -221.136520386], [-1367.2364502, 3326.72583008, -47.0206985474, -94.7148742676, 705.799316406, 314.764160156, 572.551025391, 505.982543945, 283.611724854, 204.617538452, 302.245361328, 79.6457977295, 129.350784302], [-818.595031738, -47.0206985474, 2015.76696777, 832.31640625, 64.4663162231, 766.197753906, 324.089538574, 314.300140381, 287.070770264, -49.588809967, 258.483978271, 171.827178955, 57.4238510132], [191.875350952, -94.7148742676, 832.31640625, 1049.83581543, 373.397918701, 293.220184326, 146.898193359, 228.642745972, 245.613769531, 73.699798584, 43.233455658, 98.9309234619, 68.3864517212], [213.147018433, 705.799316406, 64.4663162231, 373.397918701, 781.515319824, 213.555389404, 149.161422729, 176.631134033, 209.178665161, 221.311889648, 70.2154769897, 68.6379470825, 54.4656333923], [-87.7100143433, 314.764160156, 766.197753906, 293.220184326, 213.555389404, 625.970214844, 264.959747314, 220.038314819, 223.681060791, 77.3161849976, 211.802337646, 107.123527527, 28.8092689514], [178.826248169, 572.551025391, 324.089538574, 146.898193359, 149.161422729, 264.959747314, 434.754882812, 257.000152588, 122.040412903, 64.0862808228, 141.054428101, 52.5933761597, 49.7067680359], [170.347213745, 505.982543945, 314.300140381, 228.642745972, 176.631134033, 220.038314819, 257.000152588, 367.239776611, 183.736740112, 71.9325637817, 129.008163452, 50.5599365234, 42.5460891724], [154.933624268, 283.611724854, 287.070770264, 245.613769531, 209.178665161, 223.681060791, 122.040412903, 183.736740112, 297.639587402, 158.609466553, 103.45790863, 84.9996261597, 13.191860199], [273.034484863, 204.617538452, -49.588809967, 73.699798584, 221.311889648, 77.3161849976, 64.0862808228, 71.9325637817, 158.609466553, 269.693237305, 117.475875854, 79.8840866089, 18.3178501129], [-183.123504639, 302.245361328, 258.483978271, 43.233455658, 70.2154769897, 211.802337646, 141.054428101, 129.008163452, 103.45790863, 117.475875854, 289.515899658, 105.053321838, 52.2053184509], [-160.481552124, 79.6457977295, 171.827178955, 98.9309234619, 68.6379470825, 107.123527527, 52.5933761597, 50.5599365234, 84.9996261597, 79.8840866089, 105.053321838, 140.695114136, 39.9700775146], [-221.136520386, 129.350784302, 57.4238510132, 68.3864517212, 54.4656333923, 28.8092689514, 49.7067680359, 42.5460891724, 13.191860199, 18.3178501129, 52.2053184509, 39.9700775146, 119.755561829]]
        icov: [[0.000283524219412, 0.000255896273302, 0.000276025384665, -8.39734420879e-05, -9.53803391894e-05, -0.000100696051959, -0.000402105302783, -0.000284125620965, -0.000122196914162, -0.000192137988051, 2.7458429031e-05, 0.000318396021612, 0.000422801822424], [0.000255896273302, 0.000841961824335, 0.000277200044366, 0.000350059330231, -0.000711531436536, 0.000118525109428, -0.000853768608067, -0.000619378348347, -0.00050325517077, 0.000298543367535, -0.000342803454259, 0.000382339960197, 0.00013140248484], [0.000276025384665, 0.000277200044366, 0.001956832828, -0.00116147077642, 0.000542870780919, -0.00162506673951, -0.000491125101689, -0.000224464878556, -0.000408201070968, 0.000875429483131, -0.000534604885615, -0.000191983825061, 0.000571051146835], [-8.39734420879e-05, 0.000350059330231, -0.00116147077642, 0.00252792076208, -0.00131589372177, 0.000841771776322, 1.1430937775e-05, -0.000632262206636, -0.000823549285997, 0.00026203764719, 0.000700416276231, -0.000334183889208, -0.000947105232626], [-9.53803391894e-05, -0.000711531436536, 0.000542870780919, -0.00131589372177, 0.00310809584334, -0.0012646104442, 0.00054660695605, 0.000123827849166, 0.000468988495413, -0.00190284312703, 0.000938544806559, -1.89789498108e-05, -0.000460095441667], [-0.000100696051959, 0.000118525109428, -0.00162506673951, 0.000841771776322, -0.0012646104442, 0.00495547614992, -0.00121025159024, 0.000455315661384, -0.0017813697923, 0.00101330212783, -0.00162785430439, -7.79829570092e-05, 0.000485076219775], [-0.000402105302783, -0.000853768608067, -0.000491125101689, 1.1430937775e-05, 0.00054660695605, -0.00121025159024, 0.00558182224631, -0.00216663139872, 0.00151915347669, -0.000653992698062, 0.000125178892631, -0.00036533040111, -0.00109585630707], [-0.000284125620965, -0.000619378348347, -0.000224464878556, -0.000632262206636, 0.000123827849166, 0.000455315661384, -0.00216663139872, 0.0071402285248, -0.00293725216761, 0.00141999765765, -0.00141804793384, 0.000819256762043, -0.000739168201108], [-0.000122196914162, -0.00050325517077, -0.000408201070968, -0.000823549285997, 0.000468988495413, -0.0017813697923, 0.00151915347669, -0.00293725216761, 0.00957239884883, -0.00466722762212, 0.00162226415705, -0.00184103869833, 0.00117888813838], [-0.000192137988051, 0.000298543367535, 0.000875429483131, 0.00026203764719, -0.00190284312703, 0.00101330212783, -0.000653992698062, 0.00141999765765, -0.00466722762212, 0.00959902349859, -0.00344316684641, -0.00190209655557, 0.000323644140735], [2.7458429031e-05, -0.000342803454259, -0.000534604885615, 0.000700416276231, 0.000938544806559, -0.00162785430439, 0.000125178892631, -0.00141804793384, 0.00162226415705, -0.00344316684641, 0.00784372445196, -0.00284614996053, -0.00142748712096], [0.000318396021612, 0.000382339960197, -0.000191983825061, -0.000334183889208, -1.89789498108e-05, -7.79829570092e-05, -0.00036533040111, 0.000819256762043, -0.00184103869833, -0.00190209655557, -0.00284614996053, 0.0125509882346, -0.00210876297206], [0.000422801822424, 0.00013140248484, 0.000571051146835, -0.000947105232626, -0.000460095441667, 0.000485076219775, -0.00109585630707, -0.000739168201108, 0.00117888813838, 0.000323644140735, -0.00142748712096, -0.00210876297206, 0.0112129375339]]
    spectral_contrast:
        mean: [-4.14224615497e-07, -2.21019490709e-07, -1.2595111798e-07, 1.24568174442e-07, 2.37778969847e-08, -1.24360738596e-07, -1.84069097031e-06, -6.04067508903e-07, -8.98633345514e-07, 1.8827323629e-06, 2.45112005359e-06, -1.56714577315e-06]
        var: [0.000666640466079, 0.00187506410293, 0.00283510936424, 0.00334801501594, 0.00893205683678, 0.0141221275553, 0.120912022889, 0.20098528266, 0.293523639441, 0.96949160099, 2.28919410706, 3.47992110252]

rhythm:
    beats_loudness:
        dmean: 0.00314987800084
        dmean2: 0.00536572095007
        dvar: 4.8515544222e-06
        dvar2: 1.09892462206e-05
        max: 0.00953262206167
        mean: 0.00401392672211
        min: 0.000645030348096
        var: 7.38614335205e-06
    beats_loudness_bass:
        dmean: 0.361829012632
        dmean2: 0.60101890564
        dvar: 0.0626105517149
        dvar2: 0.135651499033
        max: 0.815668940544
        mean: 0.276301920414
        min: 5.80843925491e-06
        var: 0.0812215283513
    bpm: 90.48046875
    bpm_confidence: 0
    first_peak_bpm: 179
    first_peak_spread: 0
    first_peak_weight: 0.526315808296
    onset_rate: 6.59676933289
    second_peak_bpm: 90
    second_peak_spread: 0
    second_peak_weight: 0.421052634716
    beats_position: [0.604719638824, 1.26784670353, 1.93097364902, 2.59410047531, 3.25722742081, 3.92035460472, 4.58348178864, 5.24660873413, 5.90973615646, 6.42317819595, 6.758644104, 7.09411144257, 7.42957735062, 7.7650437355, 8.10051059723, 8.43597793579, 8.77144432068, 9.10691070557, 9.44237709045, 9.77784442902]
    bpm_estimates: [90.619102478, 90.4249572754, 90.5105514526, 90.4496612549, 90.505821228, 90.3727340698]
    bpm_intervals: [0.663127064705, 0.663126945496, 0.663126826286, 0.663126945496, 0.663127183914, 0.663127183914, 0.663126945496, 0.663127422333, 0.51344203949, 0.335465908051, 0.335467338562, 0.335465908051, 0.335466384888, 0.335466861725, 0.335467338562, 0.335466384888, 0.335466384888, 0.335466384888, 0.335467338562]
    onset_times: [0.0580498874187, 0.243809521198, 0.452789127827, 0.580498874187, 0.847528338432, 1.18421769142, 1.26548755169, 1.35836732388, 1.49768710136, 1.60217690468, 1.78793644905, 1.92725622654, 2.00852608681, 2.12462592125, 2.27555561066, 2.35682535172, 2.42648530006, 2.5890250206, 2.79800462723, 2.91410422325, 3.13469386101, 3.26240372658, 3.42494320869, 3.52943301201, 3.7151927948, 3.9125623703, 4.07510185242, 4.21442174911, 4.37696123123, 4.49306106567, 4.58594083786, 4.69043064117, 4.79492044449, 4.92263031006, 5.08517026901, 5.25931978226, 5.59600925446, 5.70049905777, 5.79337882996, 5.93269824982, 6.1068482399, 6.21133804321, 6.29260778427, 6.40870761871, 6.5596370697, 6.79183673859, 6.91954660416, 7.14013624191, 7.34911584854, 7.4303855896, 7.52326536179, 7.70902490616, 7.85995483398, 7.92961454391, 8.06893444061, 8.25469398499, 8.38240337372, 8.52172374725, 8.60299301147, 8.91646289825, 9.04417228699, 9.26476192474, 9.4040813446, 9.58984088898, 9.75238132477, 9.91492080688]
    rubato_start: [6.758644104]
    rubato_stop: [9.77784442902]
    perceptual_tempo: "unknown"

sfx:
    inharmonicity:
        dmean: 0.0451156757772
        dmean2: 0.0805875211954
        dvar: 0.00347302760929
        dvar2: 0.00932672340423
        max: 0.392856359482
        mean: 0.0423981659114
        min: 1.51190579345e-05
        var: 0.00356893148273
    oddtoevenharmonicenergyratio:
        dmean: 7.53066539764
        dmean2: 14.2082748413
        dvar: 1300.56677246
        dvar2: 3830.56274414
        max: 479.386322021
        mean: 4.83524656296
        min: 2.48473934334e-05
        var: 714.153808594
    pitch_after_max_to_before_max_energy_ratio: 6.61928033829
    pitch_centroid: 211.271377563
    pitch_max_to_total: 0.0928074270487
    pitch_min_to_total: 0.429234325886
    tristimulus:
        dmean: [0.244028717279, 0.254832148552, 0.139997720718]
        dmean2: [0.415102899075, 0.436179876328, 0.247025728226]
        dvar: [0.0475250147283, 0.0499590449035, 0.0289906132966]
        dvar2: [0.11378608644, 0.135086804628, 0.0832072496414]
        max: [0.985248923302, 0.986691594124, 0.866343736649]
        mean: [0.415585786104, 0.422553300858, 0.136046081781]
        min: [0.00044821650954, 0, 0]
        var: [0.0892894119024, 0.0767823383212, 0.0291477143764]

tonal:
    chords_changes_rate: 0.0691244229674
    chords_number_rate: 0.0368663594127
    chords_strength:
        dmean: 0.0118923587725
        dmean2: 0.0133028356358
        dvar: 8.78668288351e-05
        dvar2: 0.000138261806569
        max: 0.674537658691
        mean: 0.488653540611
        min: 0.373896569014
        var: 0.00489137321711
    key_strength: 0.659765899181
    tuning_diatonic_strength: 0.538589894772
    tuning_equal_tempered_deviation: 0.168812125921
    tuning_frequency: 442.804626465
    tuning_nontempered_energy_ratio: 0.80038022995
    hpcp:
        dmean: [0.171702384949, 0.185749545693, 0.20447267592, 0.255909979343, 0.26427295804, 0.289466589689, 0.28601193428, 0.220260232687, 0.187652409077, 0.171176508069, 0.155209541321, 0.171891465783, 0.195496484637, 0.1631321311, 0.133433565497, 0.14547124505, 0.1421097368, 0.12798781693, 0.129535317421, 0.141932964325, 0.184640809894, 0.181946188211, 0.106804341078, 0.0806232392788, 0.0746050849557, 0.0980201438069, 0.146366775036, 0.157328829169, 0.148279964924, 0.0884499400854, 0.0719487965107, 0.0894760712981, 0.1526453197, 0.176042214036, 0.153289154172, 0.137689739466]
        dmean2: [0.307395040989, 0.327469289303, 0.347593545914, 0.462325423956, 0.461850255728, 0.519224643707, 0.506236195564, 0.383180499077, 0.33453848958, 0.29858699441, 0.277645170689, 0.290551662445, 0.327193498611, 0.283094912767, 0.229306071997, 0.251594156027, 0.245537564158, 0.217640116811, 0.227670356631, 0.245092064142, 0.315520256758, 0.312578469515, 0.182278513908, 0.140547275543, 0.13385373354, 0.177902325988, 0.251078307629, 0.273646891117, 0.269764751196, 0.163038551807, 0.125270277262, 0.160336479545, 0.259883642197, 0.283117562532, 0.262544393539, 0.23756043613]
        dvar: [0.0524828396738, 0.0527177006006, 0.0664756000042, 0.0883351415396, 0.0805916637182, 0.0866043567657, 0.0797686427832, 0.0631827637553, 0.0737523511052, 0.0563640445471, 0.0527241565287, 0.046684358269, 0.0588987991214, 0.0433895103633, 0.0389199890196, 0.0380254760385, 0.034400511533, 0.0311399027705, 0.041984051466, 0.0438055992126, 0.0518786981702, 0.0446673706174, 0.028174046427, 0.022081637755, 0.017913389951, 0.0339935682714, 0.0430318042636, 0.0571393072605, 0.0496280603111, 0.0296074226499, 0.0184231605381, 0.0297927260399, 0.0408660434186, 0.0455239228904, 0.0429960563779, 0.0329266153276]
        dvar2: [0.133468493819, 0.147859767079, 0.157606944442, 0.215711370111, 0.205675989389, 0.218028455973, 0.218355879188, 0.176415383816, 0.191473260522, 0.152737155557, 0.144495770335, 0.123192675412, 0.144158124924, 0.125987753272, 0.1078690961, 0.0894235372543, 0.0914046689868, 0.0750118419528, 0.11172991991, 0.122075587511, 0.132201910019, 0.111219495535, 0.0751128941774, 0.0588368289173, 0.0488254204392, 0.100232921541, 0.108933605254, 0.142965495586, 0.147611200809, 0.0802760794759, 0.0465824715793, 0.0842734724283, 0.109905906022, 0.117787756026, 0.114600300789, 0.0772285088897]
        max: [1, 1, 1, 1, 1, 1, 1, 1, 1, 1, 1, 1, 1, 1, 1, 1, 1, 1, 1, 1, 1, 1, 1, 1, 1, 1, 1, 1, 1, 1, 1, 1, 1, 1, 1, 1]
        mean: [0.174511358142, 0.163937032223, 0.189394041896, 0.221166580915, 0.235707566142, 0.309798628092, 0.309672445059, 0.201690480113, 0.153562963009, 0.140009850264, 0.130137890577, 0.232014104724, 0.290613085032, 0.178350135684, 0.12378423661, 0.141727477312, 0.131183430552, 0.112753488123, 0.110646635294, 0.128214389086, 0.221048563719, 0.224281921983, 0.109721109271, 0.0660619288683, 0.0606436058879, 0.0801350548863, 0.194563254714, 0.247564464808, 0.143422961235, 0.0682232379913, 0.0604294724762, 0.0741190686822, 0.165363147855, 0.21352994442, 0.158468097448, 0.159296005964]
        min: [0.000614226155449, 0.000532312318683, 0.000247920048423, 0.000292915297905, 0.000433903798694, 0.000633833173197, 0.000378262746381, 0.000368784967577, 0.000209553079912, 0.000208715995541, 0.000205551768886, 0.000271229742793, 0.00024006376043, 0.000481899478473, 0.000235307321418, 0.000198523805011, 0.000297115097055, 0.000208108787774, 0.000315527111525, 0.00045769859571, 0.000477179419249, 0.000396309886128, 0, 0.000214995452552, 0.000428762607044, 0.000256703526247, 8.58730345499e-05, 8.05565432529e-05, 0.00015060469741, 0.000402912584832, 0.000265935377683, 0.000347743887687, 0.000216760701733, 0.000509480072651, 0.000960519653745, 0.00021342067339]
        var: [0.0598508678377, 0.0472814813256, 0.0733707547188, 0.0936599522829, 0.086655087769, 0.10213894397, 0.105649501085, 0.061322864145, 0.0634520500898, 0.0503395088017, 0.0415809042752, 0.073888912797, 0.119741305709, 0.046410497278, 0.0342679955065, 0.042187012732, 0.0333126485348, 0.0310217514634, 0.0348346084356, 0.0377181358635, 0.0738800540566, 0.0734389945865, 0.0252163317055, 0.0184082910419, 0.0144738359377, 0.0233487989753, 0.0815741270781, 0.1169661358, 0.0460285320878, 0.02068111673, 0.0151451881975, 0.0199825577438, 0.0531932972372, 0.0758948847651, 0.0434626303613, 0.0464586056769]
    chords_histogram: [0, 0.460829496384, 34.1013832092, 3.22580647469, 0, 0, 0, 0, 0, 0, 0, 0, 0, 13.8248844147, 0, 1.38248848915, 0, 0, 0, 0, 15.2073736191, 8.75576019287, 21.6589870453, 1.38248848915]
    thpcp: [1, 0.999592721462, 0.651037335396, 0.495686382055, 0.45193824172, 0.42007252574, 0.748919069767, 0.938070952892, 0.575697004795, 0.399563550949, 0.45748257637, 0.423447430134, 0.363957345486, 0.357156634331, 0.413863629103, 0.713523387909, 0.723960340023, 0.354169130325, 0.213241517544, 0.195751696825, 0.258668214083, 0.628031373024, 0.79911416769, 0.462955445051, 0.220218017697, 0.195060491562, 0.239249184728, 0.53377622366, 0.689253985882, 0.511519670486, 0.51419210434, 0.563305795193, 0.529172897339, 0.611345648766, 0.713904321194, 0.760841190815]
    chords_key: "F#"
    chords_scale: "major"
    key_key: "B"
    key_scale: "major"
    chords_progression: ["G#m", "G#m", "G#m", "E", "E", "E", "E", "E", "E", "E", "E", "E", "E", "E", "E", "E", "E", "E", "E", "E", "E", "E", "E", "E", "E", "E", "E", "E", "E", "E", "Am", "Am", "Am", "Am", "Am", "Am", "Am", "Am", "Am", "Am", "Am", "Am", "Am", "Am", "Am", "Am", "E", "E", "C#m", "C#m", "C#m", "C#m", "C#m", "C#m", "C#m", "C#m", "C#m", "C#m", "C#m", "C#m", "C#m", "C#m", "C#m", "C#m", "C#m", "C#m", "C#m", "F#", "F#", "F#", "F#", "F#", "F#", "F#", "F#", "F#", "F#", "F#", "F#", "F#", "F#", "F#", "F#", "F#", "F#", "F#", "F#", "F#", "F#", "F#", "F#", "F#", "F#", "F#", "F#", "F#", "F#", "F#", "F#", "F#", "F#", "F#", "F#", "F#", "F#", "F#", "F#", "F#", "F#", "F#", "A", "A", "A", "A", "A", "A", "A", "A", "A", "A", "A", "A", "A", "A", "A", "A", "A", "A", "A", "A", "A", "A", "A", "A", "A", "A", "A", "A", "A", "Am", "Am", "Am", "Am", "Am", "Am", "Am", "Am", "Am", "Am", "Am", "Am", "Am", "Am", "A", "A", "A", "A", "E", "E", "E", "E", "E", "Em", "Em", "D#m", "Em", "E", "E", "E", "E", "E", "E", "E", "E", "E", "E", "E", "E", "E", "A#m", "A#m", "A#m", "A#m", "A#m", "A#m", "A#m", "F#", "F#", "F#", "F#", "F#", "F#", "F#", "F#", "F#", "F#", "F#", "F#", "F#", "F#", "F#", "F#", "F#", "F#", "F#", "F#", "F#", "F#", "F#", "F#", "F#", "F#", "F#", "F#", "F#", "F#", "F#"]
