
metadata:
    version:
        essentia: "1.2.2"
    audio_properties:
        analysis_sample_rate: 44100
        bitrate: 128
        channels: 2
        equal_loudness: 1
        length: 10.1093873978
        replay_gain: -8.42444992065
        downmix: "mix"
    tags:
        track: 8
        year: 0
        album: "Splitted by Mp3Splt v. 2.1"
        artist: "From 001.10 To 001.20"
        comment: "http://mp3splt.sf.net"
        genre: ""
        title: "12 Nova.mp3"

highlevel:
    ballroom:
        all:
            ChaChaCha: 0.00590555602685
            Jive: 0.0048675998114
            Quickstep: 0.00411281734705
            Rumba-American: 0.0132817132398
            Rumba-International: 0.572198092937
            Rumba-Misc: 0.0714549347758
            Samba: 0.0130919478834
            Tango: 0.0994538515806
            VienneseWaltz: 0.142754599452
            Waltz: 0.0728788524866
        probability: 0.572198092937
        value: "Rumba-International"
    culture:
        all:
            non_western: 0.131950363517
            western: 0.868049621582
        probability: 0.868049621582
        value: "western"
    gender:
        all:
            female: 0.786231279373
            male: 0.213768720627
        probability: 0.786231279373
        value: "female"
    genre_dortmund:
        all:
            alternative: 0.027606215328
            blues: 0.000577454280574
            electronic: 0.518634796143
            folkcountry: 0.0101244226098
            funksoulrnb: 0.0047663198784
            jazz: 0.410554498434
            pop: 0.00657418323681
            raphiphop: 0.00263682566583
            rock: 0.0185252949595
        probability: 0.518634796143
        value: "electronic"
    genre_electronica:
        all:
            ambient: 0.817861735821
            dnb: 0.0110634863377
            house: 0.0588366352022
            techno: 0.0926974564791
            trance: 0.0195406675339
        probability: 0.817861735821
        value: "ambient"
    genre_rosamerica:
        all:
            cla: 0.053887937218
            dan: 0.0738857910037
            hip: 0.0802421197295
            jaz: 0.6573818326
            pop: 0.0178944543004
            rhy: 0.0508278347552
            roc: 0.0491293556988
            spe: 0.016750657931
        probability: 0.6573818326
        value: "jaz"
    genre_tzanetakis:
        all:
            blu: 0.345482468605
            cla: 0.128402873874
            cou: 0.025299526751
            dis: 0.0275963023305
            hip: 0.0562127530575
            jaz: 0.141223013401
            met: 0.0205500423908
            pop: 0.0494291186333
            reg: 0.15495634079
            roc: 0.0508475787938
        probability: 0.345482468605
        value: "blu"
    live_studio:
        all:
            live: 0.395884633064
            studio: 0.604115366936
        probability: 0.604115366936
        value: "studio"
    mood:
        all:
            Cluster1: 0.166440218687
            Cluster2: 0.0609486140311
            Cluster3: 0.462412565947
            Cluster4: 0.0235961787403
            Cluster5: 0.286602437496
        probability: 0.462412565947
        value: "Cluster3"
    mood_acoustic:
        all:
            acoustic: 0.545319199562
            not_acoustic: 0.45468083024
        probability: 0.545319199562
        value: "acoustic"
    mood_aggressive:
        all:
            aggressive: 0.144872888923
            not_aggressive: 0.855127096176
        probability: 0.855127096176
        value: "not_aggressive"
    mood_electronic:
        all:
            electronic: 0.787018358707
            not_electronic: 0.212981641293
        probability: 0.787018358707
        value: "electronic"
    mood_happy:
        all:
            happy: 0.0174534153193
            not_happy: 0.982546567917
        probability: 0.982546567917
        value: "not_happy"
    mood_party:
        all:
            not_party: 0.946583747864
            party: 0.0534162223339
        probability: 0.946583747864
        value: "not_party"
    mood_relaxed:
        all:
            not_relaxed: 0.0639648139477
            relaxed: 0.936035215855
        probability: 0.936035215855
        value: "relaxed"
    mood_sad:
        all:
            not_sad: 0.164529457688
            sad: 0.835470557213
        probability: 0.835470557213
        value: "sad"
    rhythm:
        all:
            fast: 0.0138050848618
            medium: 0.236755490303
            slow: 0.749439418316
        probability: 0.749439418316
        value: "slow"
    speech_music:
        all:
            music: 0.999866843224
            speech: 0.000133174733492
        probability: 0.999866843224
        value: "music"
    timbre:
        all:
            bright: 0.0562315173447
            dark: 0.943768501282
        probability: 0.943768501282
        value: "dark"
    voice_instrumental:
        all:
            instrumental: 0.999998450279
            voice: 1.5537393665e-06
        probability: 0.999998450279
        value: "instrumental"

lowlevel:
    average_loudness: 0.95586669445
    barkbands_kurtosis:
        dmean: 7.03815126419
        dmean2: 10.7162189484
        dvar: 94.5135421753
        dvar2: 229.090332031
        max: 89.8865585327
        mean: 15.5410661697
        min: -1.39127099514
        var: 252.351989746
    barkbands_skewness:
        dmean: 0.790165781975
        dmean2: 1.1804163456
        dvar: 0.603299319744
        dvar2: 1.37352848053
        max: 7.41037082672
        mean: 1.9607129097
        min: -1.33766496181
        var: 2.91193079948
    barkbands_spread:
        dmean: 2.44267582893
        dmean2: 3.89833259583
        dvar: 40.6124305725
        dvar2: 94.4692077637
        max: 55.247959137
        mean: 4.82631635666
        min: 0.669788241386
        var: 44.8428535461
    dissonance:
        dmean: 0.0472699590027
        dmean2: 0.0787029415369
        dvar: 0.0018400355475
        dvar2: 0.0051540969871
        max: 0.499999880791
        mean: 0.397701233625
        min: 0.167565152049
        var: 0.00407639797777
    hfc:
        dmean: 0.40615272522
        dmean2: 0.634540498257
        dvar: 0.494522124529
        dvar2: 1.31623589993
        max: 7.50581073761
        mean: 1.18838500977
        min: 0.00282851513475
        var: 1.1089413166
    pitch:
        dmean: 225.370620728
        dmean2: 438.642913818
        dvar: 572150.4375
        dvar2: 1466245.875
        max: 4410
        mean: 313.109222412
        min: 56.9032249451
        var: 395701.46875
    pitch_instantaneous_confidence:
        dmean: 0.0869543403387
        dmean2: 0.143039092422
        dvar: 0.00581097835675
        dvar2: 0.0132173653692
        max: 0.945875048637
        mean: 0.480902761221
        min: 0.163001418114
        var: 0.023602893576
    pitch_salience:
        dmean: 0.0764616653323
        dmean2: 0.125596046448
        dvar: 0.00591355748475
        dvar2: 0.012919829227
        max: 0.787546157837
        mean: 0.522526204586
        min: 0.167320340872
        var: 0.019187938422
    silence_rate_20dB:
        dmean: 0
        dmean2: 0
        dvar: 0
        dvar2: 0
        max: 1
        mean: 1
        min: 1
        var: 0
    silence_rate_30dB:
        dmean: 0
        dmean2: 0
        dvar: 0
        dvar2: 0
        max: 1
        mean: 1
        min: 1
        var: 0
    silence_rate_60dB:
        dmean: 0.0827586203814
        dmean2: 0.163594469428
        dvar: 0.0759097859263
        dvar2: 0.15065664053
        max: 1
        mean: 0.431192666292
        min: 0
        var: 0.245265483856
    spectral_centroid:
        dmean: 76.7638015747
        dmean2: 121.150283813
        dvar: 47120.0703125
        dvar2: 121227.34375
        max: 2548.91333008
        mean: 298.933959961
        min: 120.455162048
        var: 45531.4609375
    spectral_complexity:
        dmean: 0.836027741432
        dmean2: 1.37962961197
        dvar: 0.677500784397
        dvar2: 1.50865757465
        max: 10
        mean: 4.71658992767
        min: 0
        var: 3.85286021233
    spectral_crest:
        dmean: 2.21650362015
        dmean2: 3.54311656952
        dvar: 4.2400302887
        dvar2: 10.4550247192
        max: 25.1578063965
        mean: 12.0828313828
        min: 3.92721295357
        var: 13.8965215683
    spectral_decrease:
        dmean: 2.81645290423e-10
        dmean2: 4.04392574982e-10
        dvar: 1.45990062737e-19
        dvar2: 2.69116258807e-19
        max: -4.5666868724e-12
        mean: -1.04532704714e-09
        min: -4.5250128089e-09
        var: 5.74418308992e-19
    spectral_energy:
        dmean: 0.00109161098953
        dmean2: 0.00157379556913
        dvar: 2.18247168959e-06
        dvar2: 4.08532150686e-06
        max: 0.0175468884408
        mean: 0.00405309395865
        min: 1.74922424776e-05
        var: 8.59886768012e-06
    spectral_energyband_high:
        dmean: 1.44773584907e-05
        dmean2: 2.4382616175e-05
        dvar: 3.00539193532e-09
        dvar2: 8.30903967852e-09
        max: 0.000515521736816
        mean: 1.21785933516e-05
        min: 4.749268534e-09
        var: 2.13050554976e-09
    spectral_energyband_low:
        dmean: 0.000578248756938
        dmean2: 0.000739046547096
        dvar: 1.04743457996e-06
        dvar2: 1.56123041961e-06
        max: 0.0104775484651
        mean: 0.00146336713806
        min: 8.95849552762e-06
        var: 3.19141577165e-06
    spectral_energyband_middle_high:
        dmean: 3.47703171428e-05
        dmean2: 5.89647752349e-05
        dvar: 1.24308217053e-08
        dvar2: 3.40708332658e-08
        max: 0.00100364780519
        mean: 4.22638768214e-05
        min: 6.67035990887e-08
        var: 9.9547570187e-09
    spectral_energyband_middle_low:
        dmean: 0.00080721930135
        dmean2: 0.00120999745559
        dvar: 1.2364697568e-06
        dvar2: 2.73512569038e-06
        max: 0.0142616014928
        mean: 0.00253523583524
        min: 7.32103535483e-06
        var: 5.00991882291e-06
    spectral_flatness_db:
        dmean: 0.030877718702
        dmean2: 0.0453552305698
        dvar: 0.00109198328573
        dvar2: 0.00221662386321
        max: 0.42917945981
        mean: 0.319480776787
        min: 0.110887363553
        var: 0.00309673743322
    spectral_flux:
        dmean: 0.0081046577543
        dmean2: 0.0134748704731
        dvar: 9.39969177125e-05
        dvar2: 0.00021787804144
        max: 0.075894638896
        mean: 0.0228586420417
        min: 0.00281608500518
        var: 0.000197931192815
    spectral_kurtosis:
        dmean: 9.44253253937
        dmean2: 14.5381278992
        dvar: 83.267539978
        dvar2: 200.602127075
        max: 74.9535064697
        mean: 24.9647407532
        min: -0.179780244827
        var: 332.333984375
    spectral_rms:
        dmean: 0.000257089152001
        dmean2: 0.000363354512956
        dvar: 9.29292340857e-08
        dvar2: 1.56170088417e-07
        max: 0.00413750112057
        mean: 0.00184522476047
        min: 0.000130635380629
        var: 5.49387607407e-07
    spectral_rolloff:
        dmean: 134.619750977
        dmean2: 253.014907837
        dvar: 300632.84375
        dvar2: 775887.3125
        max: 4478.90625
        mean: 428.927642822
        min: 107.666015625
        var: 222181.5
    spectral_skewness:
        dmean: 0.762302935123
        dmean2: 1.11882925034
        dvar: 0.469862520695
        dvar2: 0.98736345768
        max: 7.48069477081
        mean: 3.95811724663
        min: 0.644663274288
        var: 2.46211767197
    spectral_spread:
        dmean: 647449.4375
        dmean2: 918916.875
        dvar: 560680468480
        dvar2: 1.03505834803e+12
        max: 8862330
        mean: 2985375.5
        min: 1098004.75
        var: 2.16683524915e+12
    spectral_strongpeak:
        dmean: 0.121040306985
        dmean2: 0.191347330809
        dvar: 0.027529168874
        dvar2: 0.0633551254869
        max: 1.42865967751
        mean: 0.332486480474
        min: 0
        var: 0.0782795771956
    zerocrossingrate:
        dmean: 0.00431446684524
        dmean2: 0.00539256911725
        dvar: 5.39682296221e-05
        dvar2: 7.39220195101e-05
        max: 0.103515625
        mean: 0.0179752763361
        min: 0.001953125
        var: 0.000143580604345
    barkbands:
        dmean: [7.31924046704e-07, 0.000261764391325, 0.000351852795575, 0.000193914471311, 0.000230497636949, 0.000467491568998, 0.000195905027795, 0.000112205649202, 2.08018282137e-05, 3.22811683873e-06, 3.6176568301e-06, 2.06182016882e-06, 1.59875492045e-06, 2.31986882682e-06, 2.64748678092e-06, 2.31596959566e-06, 1.98409838958e-06, 5.36924517291e-06, 7.48696493247e-06, 1.23203717521e-05, 5.32025478606e-06, 2.892044904e-06, 1.00905890577e-06, 7.52631535761e-07, 1.416569404e-07, 2.63495725239e-10, 1.96003768771e-10]
        dmean2: [1.11264682801e-06, 0.00034920242615, 0.000454259105027, 0.00030434524524, 0.000371825502953, 0.000708418665454, 0.000288097275188, 0.000161365504027, 3.06821457343e-05, 5.79172819926e-06, 6.48954119242e-06, 3.50531831828e-06, 2.7306323318e-06, 4.07743982578e-06, 4.60224691778e-06, 4.0074237404e-06, 3.1774557101e-06, 9.17635679798e-06, 1.1773487131e-05, 2.14084138861e-05, 8.93295145943e-06, 5.09619985678e-06, 1.67065252299e-06, 1.3376421748e-06, 2.57233807588e-07, 4.87306917041e-10, 3.63375163293e-10]
        dvar: [4.14931977666e-12, 1.82037993568e-07, 4.30061703582e-07, 7.75524924279e-08, 1.31355420763e-07, 6.82810082253e-07, 1.77084089614e-07, 9.56514583095e-08, 2.78178791113e-09, 7.63172858242e-11, 1.2770157154e-10, 2.17244382206e-11, 9.82428288027e-12, 4.8060343899e-11, 6.95284038676e-11, 4.69967953443e-11, 2.57206322213e-11, 4.36190000785e-10, 4.75985584281e-10, 2.28633489918e-09, 3.62817303978e-10, 2.39348929565e-10, 1.89436001607e-11, 1.10109525664e-11, 5.864015328e-13, 2.72456465819e-19, 1.27502110757e-19]
        dvar2: [9.45138411979e-12, 2.7546604997e-07, 6.37744506093e-07, 1.78545533913e-07, 3.43344623843e-07, 1.49022935148e-06, 3.74904743694e-07, 1.78917403559e-07, 6.27106011564e-09, 2.17908552314e-10, 3.61464608245e-10, 5.67965917353e-11, 2.71965470977e-11, 1.36236133486e-10, 1.89461876743e-10, 1.29972185792e-10, 5.41901211404e-11, 1.20338794485e-09, 1.20729548581e-09, 6.40574127075e-09, 9.8640762225e-10, 6.92718993278e-10, 5.17130401001e-11, 3.19545639949e-11, 1.70503335842e-12, 8.36469282145e-19, 4.27500873391e-19]
        max: [3.19366117765e-05, 0.00452859699726, 0.0073855984956, 0.00292621995322, 0.00483529176563, 0.00982138700783, 0.00516727054492, 0.00451012328267, 0.000829868775327, 9.54704592004e-05, 0.000113678936032, 3.67176253349e-05, 3.05420908262e-05, 6.74330367474e-05, 8.81412706804e-05, 8.49838761496e-05, 5.07098666276e-05, 0.000224753559451, 0.000227566008107, 0.000421459786594, 0.000175177599886, 0.000160702169524, 4.73680520372e-05, 3.21528241329e-05, 8.69185350894e-06, 4.20802415135e-09, 2.84046053345e-09]
        mean: [1.40926488257e-06, 0.000761987408623, 0.000700021861121, 0.000287939212285, 0.000437437585788, 0.00106225779746, 0.00041932973545, 0.000281698215986, 4.61241979792e-05, 3.89058095607e-06, 3.81418067263e-06, 2.53075404544e-06, 2.78792344943e-06, 2.71584804068e-06, 2.65523999587e-06, 2.44505213232e-06, 2.57267674897e-06, 4.87898614665e-06, 8.92007483344e-06, 9.21104128793e-06, 4.62397429146e-06, 2.28076964959e-06, 9.09382322334e-07, 5.54244991235e-07, 1.02094297461e-07, 2.35074126831e-10, 1.46009870861e-10]
        min: [1.58910684611e-09, 1.9090157366e-06, 2.77970957541e-06, 1.89949230389e-06, 1.82271401172e-06, 2.42567489295e-06, 1.76343746716e-07, 9.38507156434e-08, 2.87253261178e-08, 1.97732941132e-08, 9.32002386378e-09, 8.3846787291e-09, 1.12998224111e-08, 6.10032513393e-09, 9.85863612968e-10, 8.62844851124e-10, 1.67340130641e-09, 5.83790038533e-09, 1.4812259197e-09, 1.01624353377e-09, 1.18945975291e-09, 7.26786408833e-10, 5.07667297089e-10, 5.90659132715e-10, 3.5519953645e-10, 1.02380159472e-12, 1.78221597805e-15]
        var: [5.89154159486e-12, 9.45573731315e-07, 9.36120500228e-07, 1.17311365955e-07, 2.61429391912e-07, 1.86795625723e-06, 6.6295791612e-07, 3.82577724167e-07, 8.47921466374e-09, 6.33602961764e-11, 8.89935070081e-11, 1.91457232013e-11, 1.60486242351e-11, 3.88953105834e-11, 5.1532632328e-11, 3.51768961182e-11, 3.22703565259e-11, 3.04449299104e-10, 6.27063345693e-10, 1.50163703694e-09, 2.74364919672e-10, 1.42696035543e-10, 1.38489003251e-11, 6.6270387615e-12, 3.3941632057e-13, 1.67903162838e-19, 8.21977129512e-20]
    mfcc:
        mean: [-879.392333984, 187.210113525, 33.0947189331, 63.7499732971, -2.43934702873, -2.30076527596, -13.8421783447, -7.3625164032, -11.7695627213, 2.98265767097, 0.46615087986, 6.70041322708, -1.28684568405]
        cov: [[4394.79541016, -882.311157227, -640.535705566, -67.0782089233, -340.744476318, -204.694000244, -7.60798168182, -38.1999359131, 9.42026615143, 71.2566146851, -9.99672412872, -52.1298217773, 10.1581802368], [-882.311157227, 1522.00610352, 200.539474487, -271.132720947, -66.9130935669, -180.690307617, -214.653717041, -83.1788101196, -8.12098121643, 44.222858429, 178.828735352, 156.421096802, 35.8959999084], [-640.535705566, 200.539474487, 350.946929932, 88.051651001, 51.1212692261, 61.1788139343, 27.6350288391, 17.3621444702, 16.5097427368, -3.59184503555, 5.69369649887, 22.7866344452, 8.19006347656], [-67.0782089233, -271.132720947, 88.051651001, 221.007751465, 106.706001282, 103.017654419, 87.9145050049, 52.7149925232, -3.99072933197, -37.1838645935, -50.1784744263, -43.9401130676, -19.2610015869], [-340.744476318, -66.9130935669, 51.1212692261, 106.706001282, 161.749694824, 124.599647522, 82.0108261108, 36.3014755249, -15.623875618, -32.2292976379, -26.7722110748, -19.4199695587, -7.91752290726], [-204.694000244, -180.690307617, 61.1788139343, 103.017654419, 124.599647522, 171.369552612, 120.682449341, 42.917842865, 4.13523435593, -11.7379484177, -31.8446979523, -17.6418972015, 2.07248210907], [-7.60798168182, -214.653717041, 27.6350288391, 87.9145050049, 82.0108261108, 120.682449341, 148.053512573, 78.3609161377, 29.3621711731, 2.62709021568, -33.9195098877, -29.1367263794, -10.188085556], [-38.1999359131, -83.1788101196, 17.3621444702, 52.7149925232, 36.3014755249, 42.917842865, 78.3609161377, 113.025421143, 87.1200408936, 34.8059463501, -3.11944079399, -12.3321056366, -16.6416492462], [9.42026615143, -8.12098121643, 16.5097427368, -3.99072933197, -15.623875618, 4.13523435593, 29.3621711731, 87.1200408936, 146.334838867, 95.0154876709, 25.0070343018, 16.3015136719, 4.34918689728], [71.2566146851, 44.222858429, -3.59184503555, -37.1838645935, -32.2292976379, -11.7379484177, 2.62709021568, 34.8059463501, 95.0154876709, 111.553482056, 57.7058448792, 29.3294239044, 13.2560653687], [-9.99672412872, 178.828735352, 5.69369649887, -50.1784744263, -26.7722110748, -31.8446979523, -33.9195098877, -3.11944079399, 25.0070343018, 57.7058448792, 86.5086364746, 51.0865211487, 14.16102314], [-52.1298217773, 156.421096802, 22.7866344452, -43.9401130676, -19.4199695587, -17.6418972015, -29.1367263794, -12.3321056366, 16.3015136719, 29.3294239044, 51.0865211487, 68.4667053223, 30.531452179], [10.1581802368, 35.8959999084, 8.19006347656, -19.2610015869, -7.91752290726, 2.07248210907, -10.188085556, -16.6416492462, 4.34918689728, 13.2560653687, 14.16102314, 30.531452179, 50.6338920593]]
        icov: [[0.000462161260657, 7.68989120843e-05, 0.00079898693366, -0.000697047449648, 0.00121746980585, 0.000325586006511, -0.000899763719644, 0.000534712045919, -4.93328334414e-05, -6.67190543027e-05, -0.00027941854205, -3.44752806996e-05, -0.000249241129495], [7.68989120843e-05, 0.00183124991599, -0.00142539257649, 0.00232443446293, -0.00206671981141, 0.00169674458448, 0.000888227077667, -0.000496390159242, -3.76373827748e-05, 0.00104652170558, -0.00217790319584, -0.000995472422801, 0.000362673890777], [0.00079898693366, -0.00142539257649, 0.00631948141381, -0.005032222718, 0.00433862395585, -0.00206174841151, -0.00202868948691, 0.00243603484705, -0.00176189059857, 0.000481850671349, 0.000566852628253, -0.00126983248629, -0.000298608938465], [-0.000697047449648, 0.00232443446293, -0.005032222718, 0.0133313434198, -0.00768109969795, 0.000286174414214, 0.00290970271453, -0.00500521529466, 0.00139062956441, 0.00188595743384, -0.00109439482912, 0.00204762374051, 0.000562969013117], [0.00121746980585, -0.00206671981141, 0.00433862395585, -0.00768109969795, 0.0239832978696, -0.0148795805871, 0.00108713947702, -0.00379086448811, 0.00305863423273, 0.00164547422901, -0.000821301015094, 0.00136194156948, -0.000355703406967], [0.000325586006511, 0.00169674458448, -0.00206174841151, 0.000286174414214, -0.0148795805871, 0.030004195869, -0.0193466525525, 0.0109309852123, -0.00427773315459, 4.51488522231e-05, -0.000497422821354, -0.00311205582693, -0.00230948836543], [-0.000899763719644, 0.000888227077667, -0.00202868948691, 0.00290970271453, 0.00108713947702, -0.0193466525525, 0.0344379357994, -0.0253405533731, 0.0141869001091, -0.00972424820065, 0.00796298310161, 0.000335853314027, -0.000553940131795], [0.000534712045919, -0.000496390159242, 0.00243603484705, -0.00500521529466, -0.00379086448811, 0.0109309852123, -0.0253405533731, 0.0476466044784, -0.0353560037911, 0.0193093493581, -0.0137629630044, 0.00455051986501, 0.00655441125855], [-4.93328334414e-05, -3.76373827748e-05, -0.00176189059857, 0.00139062956441, 0.00305863423273, -0.00427773315459, 0.0141869001091, -0.0353560037911, 0.0473559238017, -0.0373285971582, 0.0220713280141, -0.0100457081571, -0.00167214870453], [-6.67190543027e-05, 0.00104652170558, 0.000481850671349, 0.00188595743384, 0.00164547422901, 4.51488522231e-05, -0.00972424820065, 0.0193093493581, -0.0373285971582, 0.0498578995466, -0.0325277522206, 0.0116661936045, -0.00322781410068], [-0.00027941854205, -0.00217790319584, 0.000566852628253, -0.00109439482912, -0.000821301015094, -0.000497422821354, 0.00796298310161, -0.0137629630044, 0.0220713280141, -0.0325277522206, 0.0460479035974, -0.0240790061653, 0.00632365653291], [-3.44752806996e-05, -0.000995472422801, -0.00126983248629, 0.00204762374051, 0.00136194156948, -0.00311205582693, 0.000335853314027, 0.00455051986501, -0.0100457081571, 0.0116661936045, -0.0240790061653, 0.042219184339, -0.0173141155392], [-0.000249241129495, 0.000362673890777, -0.000298608938465, 0.000562969013117, -0.000355703406967, -0.00230948836543, -0.000553940131795, 0.00655441125855, -0.00167214870453, -0.00322781410068, 0.00632365653291, -0.0173141155392, 0.0315468795598]]
    spectral_contrast:
        mean: [-2.35465819287e-07, 6.87219483098e-07, 3.97541697339e-07, -2.91340882086e-07, 4.61146299813e-07, 6.55788454651e-08, -1.80709196229e-06, -2.62953994934e-06, 5.4468205235e-07, 2.57697388406e-06, -1.50412461153e-06, -5.89344381297e-06]
        var: [0.00012968268129, 0.000363024359103, 0.0008198065334, 0.00298691773787, 0.0037166394759, 0.00480833509937, 0.0260046031326, 0.0638692006469, 0.11947491765, 0.316966056824, 0.77802324295, 2.11233878136]

rhythm:
    beats_loudness:
        dmean: 0.00163413130213
        dmean2: 0.0023235923145
        dvar: 1.19320532121e-06
        dvar2: 1.98100860871e-06
        max: 0.00710843177512
        mean: 0.0033697837498
        min: 8.60884756548e-05
        var: 4.61623540104e-06
    beats_loudness_bass:
        dmean: 0.375466018915
        dmean2: 0.663476765156
        dvar: 0.077142201364
        dvar2: 0.210227891803
        max: 0.904164910316
        mean: 0.364399492741
        min: 0.0351914651692
        var: 0.0938126519322
    bpm: 80.6804656982
    bpm_confidence: 0
    first_peak_bpm: 81
    first_peak_spread: 0
    first_peak_weight: 0.923076987267
    onset_rate: 4.45130825043
    second_peak_bpm: 88
    second_peak_spread: 0
    second_peak_weight: 0.0769230797887
    beats_position: [0.149470046163, 0.891290485859, 1.63311076164, 2.37493133545, 3.11675167084, 3.85857200623, 4.60039234161, 5.342212677, 6.02676343918, 6.77417707443, 7.52159070969, 8.2690038681, 9.01641845703, 9.76383209229]
    bpm_estimates: [81.037109375, 80.8605499268, 80.9268112183, 80.7772521973, 80.7257919312, 80.9524459839, 80.865852356, 80.9119186401, 80.4603424072, 80.2169570923, 80.2501907349, 80.1803817749]
    bpm_intervals: [0.741820454597, 0.741820275784, 0.741820573807, 0.741820335388, 0.741820335388, 0.741820335388, 0.741820335388, 0.684550762177, 0.747413635254, 0.747413635254, 0.747413158417, 0.747414588928, 0.747413635254]
    onset_times: [0.0580498874187, 0.31346938014, 0.46439909935, 0.615328788757, 0.99845802784, 1.52090704441, 1.64861679077, 1.74149656296, 2.11301589012, 2.15945577621, 2.41487526894, 2.49614500999, 2.5890250206, 2.85605430603, 3.22757363319, 3.59909296036, 3.78485250473, 3.92417240143, 4.3073015213, 4.48145103455, 4.6439909935, 4.71365070343, 5.0967798233, 5.27092981339, 5.31736946106, 5.50312948227, 5.71210861206, 5.8282084465, 6.01396846771, 6.24616765976, 6.39709758759, 6.54802703857, 6.73378705978, 6.91954660416, 7.2330160141, 7.65097522736, 7.98766422272, 8.08054447174, 8.40562343597, 8.51011371613, 8.76553249359, 9.12544250488, 9.52018165588, 9.85687065125, 10.0890703201]
    rubato_start: []
    rubato_stop: []
    perceptual_tempo: "unknown"

sfx:
    inharmonicity:
        dmean: 0.0131308715791
        dmean2: 0.0232274923474
        dvar: 0.000547901843674
        dvar2: 0.00147750030737
        max: 0.196891635656
        mean: 0.00921765435487
        min: 0
        var: 0.000433975132182
    oddtoevenharmonicenergyratio:
        dmean: 5.57460260391
        dmean2: 10.6158409119
        dvar: 859.315124512
        dvar2: 2600.93334961
        max: 327.812988281
        mean: 3.31405591965
        min: 0
        var: 461.173034668
    pitch_after_max_to_before_max_energy_ratio: 0.932628035545
    pitch_centroid: 209.920333862
    pitch_max_to_total: 0.640552997589
    pitch_min_to_total: 0.907834112644
    tristimulus:
        dmean: [0.221262454987, 0.22297000885, 0.0170183107257]
        dmean2: [0.397908389568, 0.404536753893, 0.0305523276329]
        dvar: [0.0613873824477, 0.0623308159411, 0.0010610105237]
        dvar2: [0.149679839611, 0.16083958745, 0.00255712587386]
        max: [1, 0.968608736992, 0.314682543278]
        mean: [0.740323662758, 0.232635959983, 0.0166077278554]
        min: [0.00745069980621, 0, 0]
        var: [0.0742410942912, 0.0688532814384, 0.00101431808434]

tonal:
    chords_changes_rate: 0.0321100912988
    chords_number_rate: 0.0275229364634
    chords_strength:
        dmean: 0.009286836721
        dmean2: 0.00837709382176
        dvar: 4.94064261147e-05
        dvar2: 5.5974098359e-05
        max: 0.612310290337
        mean: 0.459507793188
        min: 0.239927962422
        var: 0.00582671677694
    key_strength: 0.864079833031
    tuning_diatonic_strength: 0.553288280964
    tuning_equal_tempered_deviation: 0.0900004431605
    tuning_frequency: 437.465789795
    tuning_nontempered_energy_ratio: 0.751023173332
    hpcp:
        dmean: [0.027498729527, 0.0289339758456, 0.0781514719129, 0.112075269222, 0.0842450112104, 0.0244945250452, 0.00685419142246, 0.0100627541542, 0.0430815778673, 0.0686344653368, 0.0663966834545, 0.127267435193, 0.165576756001, 0.16817291081, 0.109099105, 0.039045073092, 0.0135511113331, 0.0283785369247, 0.0794599279761, 0.076898008585, 0.0483206473291, 0.0140529172495, 0.0143383294344, 0.0649334341288, 0.153996989131, 0.18493103981, 0.148730188608, 0.0946014150977, 0.135750368237, 0.0795119553804, 0.0648398846388, 0.0712928324938, 0.0947182103992, 0.0958523079753, 0.0721821337938, 0.0358534641564]
        dmean2: [0.0532380640507, 0.0542903281748, 0.132809117436, 0.18125885725, 0.128657057881, 0.0403212383389, 0.0121268806979, 0.0177903696895, 0.0769678428769, 0.12556245923, 0.125599727035, 0.218182832003, 0.284628033638, 0.279220968485, 0.187634065747, 0.0739619508386, 0.0263308435678, 0.0494489446282, 0.123373895884, 0.111868858337, 0.0788131132722, 0.0260771512985, 0.0261362027377, 0.108681112528, 0.254091739655, 0.307195901871, 0.259224742651, 0.166595667601, 0.239133104682, 0.147292390466, 0.113674707711, 0.115568079054, 0.15936973691, 0.15161664784, 0.111867398024, 0.0619607977569]
        dvar: [0.00971820298582, 0.00419571436942, 0.0193395931274, 0.0325231701136, 0.013721736148, 0.00220554112457, 0.000677318079397, 0.000489301921334, 0.00950782187283, 0.0207548867911, 0.0161993782967, 0.0307180434465, 0.047910194844, 0.0387753993273, 0.0254637412727, 0.0146582722664, 0.00205541681498, 0.00399987585843, 0.0159957874566, 0.0195944234729, 0.0115320272744, 0.00155448296573, 0.00124910147861, 0.0110169416294, 0.0428049378097, 0.0553099289536, 0.0393148995936, 0.0433902740479, 0.0501822195947, 0.0274038556963, 0.0259141474962, 0.0205043759197, 0.0305882841349, 0.0269194021821, 0.0169018860906, 0.00962123926729]
        dvar2: [0.028816414997, 0.0122859431431, 0.049338016659, 0.0696829035878, 0.0310162939131, 0.005985700991, 0.00201320950873, 0.00130752311088, 0.0291228014976, 0.0627759322524, 0.0460081882775, 0.0815694704652, 0.106216751039, 0.10167709738, 0.0691466107965, 0.0420453101397, 0.00605707941577, 0.00994840450585, 0.0360985919833, 0.0340243726969, 0.0262489337474, 0.00406274758279, 0.00362871913239, 0.0272126421332, 0.0925613418221, 0.136140376329, 0.109770819545, 0.101447373629, 0.140582859516, 0.0742464065552, 0.0640864744782, 0.0483734533191, 0.0739177167416, 0.060276415199, 0.0404078066349, 0.027319861576]
        max: [0.884157896042, 0.430292516947, 1, 1, 0.716665446758, 0.362594723701, 0.277826070786, 0.175617337227, 0.924228191376, 1, 0.736223936081, 1, 1, 1, 1, 1, 0.343933671713, 0.504148185253, 1, 1, 1, 0.306146591902, 0.229662522674, 0.833604693413, 1, 1, 1, 1, 1, 1, 1, 1, 1, 1, 1, 1]
        mean: [0.0170249771327, 0.0185543615371, 0.0874607264996, 0.164581790566, 0.111791357398, 0.0276085715741, 0.00630031665787, 0.00806396454573, 0.0369678772986, 0.0632716342807, 0.0638040155172, 0.165574029088, 0.375151753426, 0.323971778154, 0.100517474115, 0.0226232744753, 0.00768819171935, 0.0285453032702, 0.153281733394, 0.197951346636, 0.0767274051905, 0.0105007207021, 0.0112447924912, 0.0737932771444, 0.235496133566, 0.259109079838, 0.257702499628, 0.309060364962, 0.172603085637, 0.0529522895813, 0.0514904893935, 0.0688918754458, 0.122943423688, 0.174008950591, 0.111692257226, 0.0308257006109]
        min: [2.34918334172e-05, 1.1913819435e-05, 1.57426475198e-05, 3.94465314457e-05, 3.76360840164e-05, 5.7212626416e-05, 2.08614255826e-05, 1.32065242724e-05, 1.33631683639e-05, 2.08591973205e-05, 1.55235884449e-05, 0.000133516907226, 0.000373037968529, 0.000296214071568, 4.53960783489e-05, 1.4069446479e-05, 1.66056415765e-05, 5.63084613532e-05, 8.65779948072e-05, 0.000118372125144, 2.80998719973e-05, 1.24175985547e-05, 1.06020506792e-05, 2.66383522103e-05, 0.00015899061691, 0.000169066202943, 7.89790574345e-05, 4.81452734675e-05, 1.70873499883e-05, 1.46509573824e-05, 4.09949825553e-05, 2.66373554041e-05, 3.2598098187e-05, 9.11156603252e-05, 9.53331909841e-05, 2.8764588933e-05]
        var: [0.00533540546894, 0.00256567774341, 0.0276663452387, 0.0680152997375, 0.0246716830879, 0.00282216607593, 0.000415605521994, 0.000389999739127, 0.00914867501706, 0.0202004741877, 0.0171797759831, 0.0531399101019, 0.143988877535, 0.106878049672, 0.0263097323477, 0.00841388013214, 0.00108259904664, 0.00395567202941, 0.0552506670356, 0.103485658765, 0.0257602017373, 0.00122636090964, 0.000833817583043, 0.0136478152126, 0.0946490168571, 0.105935662985, 0.0906795337796, 0.181033551693, 0.0699668675661, 0.0190442986786, 0.0246373303235, 0.0308976750821, 0.0535512901843, 0.0767100527883, 0.0386483259499, 0.00794470123947]
    chords_histogram: [36.23853302, 27.5229358673, 22.9357795715, 5.9633026123, 0, 2.75229358673, 0, 0, 0, 0, 0.458715587854, 0, 0, 0, 0, 0, 0, 0, 0, 0, 0, 0, 4.1284403801, 0]
    thpcp: [1, 0.863575279713, 0.267938166857, 0.0603043287992, 0.0204935520887, 0.076090015471, 0.408585935831, 0.52765673399, 0.204523652792, 0.0279905945063, 0.0299739837646, 0.196702465415, 0.627735674381, 0.690678060055, 0.68692868948, 0.823827564716, 0.460088700056, 0.141148984432, 0.137252435088, 0.183637350798, 0.327716499567, 0.463836163282, 0.297725528479, 0.0821686163545, 0.0453815758228, 0.049458283931, 0.233134254813, 0.438707232475, 0.297989696264, 0.0735930725932, 0.0167940482497, 0.0214952062815, 0.0985411256552, 0.168656110764, 0.17007522285, 0.441352128983]
    chords_key: "F#"
    chords_scale: "major"
    key_key: "F#"
    key_scale: "major"
    chords_progression: ["B", "B", "B", "B", "B", "B", "B", "B", "B", "C#", "C#", "C#", "A#m", "A#m", "A#m", "A#m", "A#m", "A#m", "A#m", "A#m", "A#m", "A#m", "A#m", "A#m", "A#m", "A#m", "A#m", "A#m", "A#m", "A#m", "A#m", "A#m", "A#m", "A#m", "A#m", "A#m", "A#m", "A#m", "A#m", "A#m", "A#m", "A#m", "A#m", "A#m", "A#m", "A#m", "A#m", "A#m", "A#m", "A#m", "A#m", "A#m", "A#m", "A#m", "A#m", "A#m", "A#m", "A#m", "A#m", "A#m", "A#m", "A#m", "A#m", "A#m", "A#m", "A#m", "A#m", "A#m", "A#m", "A#m", "A#m", "A#m", "F#", "F#", "F#", "F#", "F#", "F#", "F#", "F#", "F#", "F#", "F#", "F#", "F#", "F#", "F#", "F#", "F#", "F#", "F#", "F#", "F#", "F#", "F#", "F#", "F#", "F#", "F#", "F#", "F#", "F#", "F#", "F#", "F#", "F#", "F#", "F#", "F#", "F#", "F#", "F#", "F#", "F#", "F#", "F#", "F#", "F#", "F#", "F#", "F#", "F#", "F#", "F#", "F#", "F#", "F#", "F#", "F#", "F#", "F#", "F#", "F#", "F#", "F#", "F#", "F#", "F#", "F#", "F#", "F#", "F#", "F#", "F#", "F#", "F#", "F#", "F#", "F#", "F#", "F#", "F", "Fm", "Fm", "Fm", "Fm", "Fm", "Fm", "Fm", "Fm", "Fm", "Fm", "Fm", "Fm", "Fm", "C#", "C#", "C#", "C#", "C#", "C#", "C#", "C#", "C#", "C#", "C#", "C#", "C#", "C#", "C#", "C#", "C#", "C#", "C#", "C#", "C#", "C#", "C#", "C#", "C#", "C#", "C#", "C#", "C#", "C#", "C#", "C#", "C#", "C#", "C#", "C#", "C#", "C#", "C#", "C#", "C#", "C#", "C#", "C#", "C#", "C#", "C#", "Cm", "Cm", "Cm", "Cm", "Cm", "Cm"]
