
metadata:
    version:
        essentia: "1.2.2"
    audio_properties:
        analysis_sample_rate: 44100
        bitrate: 128
        channels: 2
        equal_loudness: 1
        length: 10.0310201645
        replay_gain: -12.472158432
        downmix: "mix"
    tags:
        track: 13
        year: 0
        album: "Splitted by Mp3Splt v. 2.1"
        artist: "From 002.00 To 002.10"
        comment: "http://mp3splt.sf.net"
        genre: ""
        title: "09 Shadows of Ourselves.mp3"

highlevel:
    ballroom:
        all:
            ChaChaCha: 0.195977836847
            Jive: 0.0793652385473
            Quickstep: 0.0604763999581
            Rumba-American: 0.0433451347053
            Rumba-International: 0.224651679397
            Rumba-Misc: 0.108621656895
            Samba: 0.241259887815
            Tango: 0.00918389856815
            VienneseWaltz: 0.0196369104087
            Waltz: 0.0174813494086
        probability: 0.241259887815
        value: "Samba"
    culture:
        all:
            non_western: 0.939768373966
            western: 0.0602316334844
        probability: 0.939768373966
        value: "non_western"
    gender:
        all:
            female: 0.340116649866
            male: 0.659883320332
        probability: 0.659883320332
        value: "male"
    genre_dortmund:
        all:
            alternative: 0.0448894202709
            blues: 0.0151080861688
            electronic: 0.0169919971377
            folkcountry: 0.105955690145
            funksoulrnb: 0.0066985511221
            jazz: 0.67276185751
            pop: 0.0354409255087
            raphiphop: 0.0114042507485
            rock: 0.0907492414117
        probability: 0.67276185751
        value: "jazz"
    genre_electronica:
        all:
            ambient: 0.423618197441
            dnb: 0.280080705881
            house: 0.0623528957367
            techno: 0.0242138877511
            trance: 0.209734305739
        probability: 0.423618197441
        value: "ambient"
    genre_rosamerica:
        all:
            cla: 0.0174069777131
            dan: 0.161934480071
            hip: 0.0651913061738
            jaz: 0.147972300649
            pop: 0.267360955477
            rhy: 0.18576169014
            roc: 0.145577937365
            spe: 0.00879433378577
        probability: 0.267360955477
        value: "pop"
    genre_tzanetakis:
        all:
            blu: 0.00659865839407
            cla: 0.00656366022304
            cou: 0.115053638816
            dis: 0.0702546089888
            hip: 0.0132898287848
            jaz: 0.0337964110076
            met: 0.00719237234443
            pop: 0.238094612956
            reg: 0.292940795422
            roc: 0.21621543169
        probability: 0.292940795422
        value: "reg"
    live_studio:
        all:
            live: 0.0625740811229
            studio: 0.937425911427
        probability: 0.937425911427
        value: "studio"
    mood:
        all:
            Cluster1: 0.283067882061
            Cluster2: 0.152964890003
            Cluster3: 0.389398723841
            Cluster4: 0.0800901427865
            Cluster5: 0.094478353858
        probability: 0.389398723841
        value: "Cluster3"
    mood_acoustic:
        all:
            acoustic: 0.698147475719
            not_acoustic: 0.301852554083
        probability: 0.698147475719
        value: "acoustic"
    mood_aggressive:
        all:
            aggressive: 0.00573981925845
            not_aggressive: 0.994260191917
        probability: 0.994260191917
        value: "not_aggressive"
    mood_electronic:
        all:
            electronic: 0.112241886556
            not_electronic: 0.887758135796
        probability: 0.887758135796
        value: "not_electronic"
    mood_happy:
        all:
            happy: 0.25577878952
            not_happy: 0.74422121048
        probability: 0.74422121048
        value: "not_happy"
    mood_party:
        all:
            not_party: 0.890976548195
            party: 0.109023422003
        probability: 0.890976548195
        value: "not_party"
    mood_relaxed:
        all:
            not_relaxed: 0.443142265081
            relaxed: 0.556857764721
        probability: 0.556857764721
        value: "relaxed"
    mood_sad:
        all:
            not_sad: 0.159703925252
            sad: 0.840296089649
        probability: 0.840296089649
        value: "sad"
    rhythm:
        all:
            fast: 0.324226438999
            medium: 0.146002620459
            slow: 0.529770970345
        probability: 0.529770970345
        value: "slow"
    speech_music:
        all:
            music: 0.999855399132
            speech: 0.00014460098464
        probability: 0.999855399132
        value: "music"
    timbre:
        all:
            bright: 0.861667156219
            dark: 0.138332843781
        probability: 0.861667156219
        value: "bright"
    voice_instrumental:
        all:
            instrumental: 0.961366355419
            voice: 0.038633659482
        probability: 0.961366355419
        value: "instrumental"

lowlevel:
    average_loudness: 0.966816604137
    barkbands_kurtosis:
        dmean: 3.39941716194
        dmean2: 5.01329135895
        dvar: 30.8118839264
        dvar2: 62.5783042908
        max: 61.3637237549
        mean: 4.63995218277
        min: -1.83126354218
        var: 78.3572006226
    barkbands_skewness:
        dmean: 0.579834759235
        dmean2: 0.871166646481
        dvar: 0.315724223852
        dvar2: 0.583311021328
        max: 6.25111484528
        mean: 1.58901560307
        min: -0.294680267572
        var: 1.18708825111
    barkbands_spread:
        dmean: 6.34668779373
        dmean2: 8.79112434387
        dvar: 40.0804252625
        dvar2: 81.231803894
        max: 65.2614212036
        mean: 20.047246933
        min: 1.80224227905
        var: 136.90776062
    dissonance:
        dmean: 0.0363071523607
        dmean2: 0.0607477203012
        dvar: 0.00103287049569
        dvar2: 0.0027043663431
        max: 0.496717512608
        mean: 0.424515455961
        min: 0.25632199645
        var: 0.0020224719774
    hfc:
        dmean: 1.44021737576
        dmean2: 1.88936889172
        dvar: 3.55662059784
        dvar2: 7.05797481537
        max: 16.1079406738
        mean: 3.14173960686
        min: 0.0524341575801
        var: 9.2331237793
    pitch:
        dmean: 255.471557617
        dmean2: 498.444702148
        dvar: 695185.4375
        dvar2: 1902330.625
        max: 4900
        mean: 416.085632324
        min: 72.4137954712
        var: 704743.125
    pitch_instantaneous_confidence:
        dmean: 0.108462654054
        dmean2: 0.160615548491
        dvar: 0.00896078255028
        dvar2: 0.017558446154
        max: 0.906088888645
        mean: 0.490825265646
        min: 0.156186282635
        var: 0.0263586696237
    pitch_salience:
        dmean: 0.0740758553147
        dmean2: 0.121484547853
        dvar: 0.00517442496493
        dvar2: 0.0122279142961
        max: 0.853445112705
        mean: 0.525040030479
        min: 0.228461965919
        var: 0.00909074954689
    silence_rate_20dB:
        dmean: 0
        dmean2: 0
        dvar: 0
        dvar2: 0
        max: 1
        mean: 1
        min: 1
        var: 0
    silence_rate_30dB:
        dmean: 0
        dmean2: 0
        dvar: 0
        dvar2: 0
        max: 1
        mean: 1
        min: 1
        var: 0
    silence_rate_60dB:
        dmean: 0.153132244945
        dmean2: 0.306976735592
        dvar: 0.129682481289
        dvar2: 0.245300769806
        max: 1
        mean: 0.469907402992
        min: 0
        var: 0.249094173312
    spectral_centroid:
        dmean: 217.818145752
        dmean2: 326.809295654
        dvar: 57610
        dvar2: 133765.171875
        max: 2051.40283203
        mean: 750.055664062
        min: 190.16973877
        var: 137815.78125
    spectral_complexity:
        dmean: 2.6550116539
        dmean2: 3.87616825104
        dvar: 10.0115013123
        dvar2: 19.2907600403
        max: 27
        mean: 7.61860466003
        min: 0
        var: 23.440580368
    spectral_crest:
        dmean: 2.6238052845
        dmean2: 4.12917852402
        dvar: 6.02986335754
        dvar2: 14.9974756241
        max: 22.1106719971
        mean: 10.1159620285
        min: 2.79834485054
        var: 16.6619091034
    spectral_decrease:
        dmean: 3.74473035913e-10
        dmean2: 5.3720961013e-10
        dvar: 2.04314115364e-19
        dvar2: 4.06867628493e-19
        max: -1.03684482874e-11
        mean: -1.03923503136e-09
        min: -6.72386235578e-09
        var: 7.66683672779e-19
    spectral_energy:
        dmean: 0.00152208667714
        dmean2: 0.00216433685273
        dvar: 3.34261585522e-06
        dvar2: 6.59746910969e-06
        max: 0.0264630317688
        mean: 0.00420727999881
        min: 4.38888600911e-05
        var: 1.24452371892e-05
    spectral_energyband_high:
        dmean: 0.000100126781035
        dmean2: 0.000138115341542
        dvar: 2.09272332796e-08
        dvar2: 4.04925799558e-08
        max: 0.00108670513146
        mean: 0.000143258526805
        min: 5.11381415436e-07
        var: 4.03318587416e-08
    spectral_energyband_low:
        dmean: 0.000422877958044
        dmean2: 0.000739717797842
        dvar: 6.23115340659e-07
        dvar2: 1.8458812292e-06
        max: 0.00738925021142
        mean: 0.000715350150131
        min: 4.02668206334e-07
        var: 6.26394978553e-07
    spectral_energyband_middle_high:
        dmean: 0.000415478862124
        dmean2: 0.000575882382691
        dvar: 3.62118214525e-07
        dvar2: 7.70598774125e-07
        max: 0.00542870163918
        mean: 0.000782869523391
        min: 8.41490600578e-06
        var: 8.42424924485e-07
    spectral_energyband_middle_low:
        dmean: 0.000925224216189
        dmean2: 0.00131060066633
        dvar: 1.45842466281e-06
        dvar2: 2.64799245997e-06
        max: 0.0183009300381
        mean: 0.00256579648703
        min: 2.52965182881e-05
        var: 6.32941919321e-06
    spectral_flatness_db:
        dmean: 0.0315539613366
        dmean2: 0.0441998243332
        dvar: 0.000753527274355
        dvar2: 0.00155477074441
        max: 0.325275659561
        mean: 0.181731238961
        min: 0.0798720940948
        var: 0.00242214626633
    spectral_flux:
        dmean: 0.0114925680682
        dmean2: 0.017120346427
        dvar: 0.000146674137795
        dvar2: 0.000281293207081
        max: 0.104281418025
        mean: 0.0304780025035
        min: 0.00432148203254
        var: 0.000324703956721
    spectral_kurtosis:
        dmean: 2.35724115372
        dmean2: 3.36498117447
        dvar: 11.4083461761
        dvar2: 22.4110527039
        max: 31.7889137268
        mean: 4.67123508453
        min: -0.668159246445
        var: 21.2285556793
    spectral_rms:
        dmean: 0.000364401639672
        dmean2: 0.000509922858328
        dvar: 1.43661708307e-07
        dvar2: 2.77095182355e-07
        max: 0.00508110132068
        mean: 0.00186498230323
        min: 0.000206926066312
        var: 6.26501730494e-07
    spectral_rolloff:
        dmean: 627.524414062
        dmean2: 1023.98431396
        dvar: 774561.3125
        dvar2: 1696614.125
        max: 4931.10351562
        mean: 1380.92993164
        min: 150.732421875
        var: 1315493.75
    spectral_skewness:
        dmean: 0.368214845657
        dmean2: 0.492012232542
        dvar: 0.141651004553
        dvar2: 0.257295489311
        max: 4.53928089142
        mean: 1.80101692677
        min: 0.711843907833
        var: 0.451065480709
    spectral_spread:
        dmean: 1223086.25
        dmean2: 1696294
        dvar: 1.54766331085e+12
        dvar2: 2.8481510441e+12
        max: 16896364
        mean: 6424469
        min: 1999406.75
        var: 4.36392715878e+12
    spectral_strongpeak:
        dmean: 0.189555436373
        dmean2: 0.308150559664
        dvar: 0.0792478844523
        dvar2: 0.178582966328
        max: 2.44761562347
        mean: 0.410275191069
        min: 0.021023100242
        var: 0.173192560673
    zerocrossingrate:
        dmean: 0.0106750344858
        dmean2: 0.0118077360094
        dvar: 8.84521214175e-05
        dvar2: 0.000100566845504
        max: 0.12451171875
        mean: 0.0521620623767
        min: 0.00537109375
        var: 0.000535267230589
    barkbands:
        dmean: [3.59646783465e-08, 9.57991942414e-05, 0.000359115249012, 0.000279167143162, 0.000354734569555, 8.32906371215e-05, 0.000134016052471, 0.00026344077196, 0.000166233512573, 0.000148145089042, 4.58392496512e-05, 5.11139078299e-05, 5.80580053793e-05, 2.99756975437e-05, 4.75819651911e-05, 2.57348820014e-05, 4.163651829e-05, 2.77936233033e-05, 6.19849379291e-05, 6.43665116513e-05, 3.66524072888e-05, 2.55231771007e-05, 6.39342215436e-06, 1.80314964382e-06, 1.19949322652e-06, 5.79911329623e-07, 6.47663589426e-10]
        dmean2: [5.00190218133e-08, 0.000162732045283, 0.000635139527731, 0.000446724821813, 0.000572916178498, 0.000138493152917, 0.000213664665353, 0.000348987348843, 0.000241477959207, 0.000209327947232, 6.9830515713e-05, 7.5466799899e-05, 8.3005768829e-05, 4.93008628837e-05, 7.46950390749e-05, 3.82499674743e-05, 6.62869570078e-05, 3.98437550757e-05, 8.93911346793e-05, 9.27652290557e-05, 5.27769370819e-05, 3.66533604392e-05, 9.31575232244e-06, 2.54021460933e-06, 1.66042502769e-06, 9.13773646971e-07, 8.53994930328e-10]
        dvar: [9.78076669135e-14, 2.24638476709e-08, 5.36346874469e-07, 2.0569942194e-07, 2.99845538621e-07, 1.95714964235e-08, 7.78102346999e-08, 3.32674460424e-07, 1.92656386844e-07, 7.45851735928e-08, 6.99479674182e-09, 1.09663602643e-08, 8.52155590536e-09, 3.43809247738e-09, 8.32225577341e-09, 2.71605493651e-09, 7.34503791122e-09, 2.71219424697e-09, 9.418848812e-09, 9.84946169069e-09, 2.91645374517e-09, 2.16401896402e-09, 1.38012892781e-10, 9.32395306796e-12, 6.2610160112e-12, 2.01834902958e-12, 5.04724003822e-17]
        dvar2: [9.97309873574e-14, 6.08973493854e-08, 1.58525995175e-06, 4.76995410281e-07, 6.77200830523e-07, 4.53054767036e-08, 1.82126086656e-07, 6.24189169685e-07, 2.60386400441e-07, 1.35555566771e-07, 1.42046685525e-08, 2.34484147654e-08, 2.06284678228e-08, 8.58290771788e-09, 2.03470413851e-08, 5.785051993e-09, 1.87572481991e-08, 5.38866107291e-09, 1.92923206299e-08, 2.10772785891e-08, 5.6884443822e-09, 4.53629622754e-09, 3.22415399934e-10, 1.83883672178e-11, 1.36491191613e-11, 5.10384920091e-12, 5.09002446648e-17]
        max: [6.4682935772e-06, 0.00121067615692, 0.00708850240335, 0.00576377660036, 0.00563290575519, 0.00104178709444, 0.00452357856557, 0.00790765974671, 0.00869574770331, 0.00496321031824, 0.000831704353914, 0.00128695275635, 0.000723511795513, 0.000472068524687, 0.000845797418151, 0.000462373980554, 0.000778477988206, 0.000519828114193, 0.00102042476647, 0.000907836656552, 0.000461490184534, 0.000384631130146, 9.31882386794e-05, 3.11875410262e-05, 2.26496267715e-05, 1.27995272123e-05, 1.47330780464e-07]
        mean: [6.1346156599e-08, 0.000145572354086, 0.000569724768866, 0.000518933986314, 0.000837999628857, 0.000107679923531, 0.000208118741284, 0.000582931563258, 0.000266804767307, 0.000272134930128, 5.30870456714e-05, 6.99046795489e-05, 6.93053516443e-05, 3.76094867534e-05, 6.21295621386e-05, 3.16370824294e-05, 4.74621083413e-05, 3.98764132115e-05, 0.000104649814602, 9.03882173588e-05, 4.81017159473e-05, 3.05908652081e-05, 7.95668893261e-06, 2.43742078965e-06, 1.6585619278e-06, 5.24169934124e-07, 6.59407195513e-10]
        min: [1.05151561069e-10, 7.54470690367e-08, 1.38438906561e-07, 3.35355821335e-07, 9.61656610343e-07, 2.29595372048e-07, 1.30349192773e-07, 1.58050534083e-06, 3.37685179375e-07, 4.43917400617e-07, 7.08916658709e-08, 2.56594518078e-07, 1.70190332938e-07, 7.95519596863e-08, 1.02647426559e-07, 5.49793597315e-08, 1.06567391356e-07, 1.99400730594e-07, 3.47925492861e-07, 3.46575404819e-07, 1.3408792654e-07, 7.91370524666e-08, 3.132513271e-08, 8.3063529388e-09, 3.86164078492e-09, 5.00339547571e-10, 2.54249475206e-13]
        var: [9.89860184921e-14, 2.87736980908e-08, 5.0268903351e-07, 5.61564547752e-07, 8.76770059222e-07, 2.85472072648e-08, 1.5389665009e-07, 1.45696446907e-06, 5.2911656212e-07, 3.15508884796e-07, 1.26154198199e-08, 1.79809056533e-08, 1.36303093257e-08, 4.20528634137e-09, 1.2781029568e-08, 3.77136322172e-09, 8.76027961283e-09, 4.60737759056e-09, 2.5492580491e-08, 1.95016287563e-08, 4.67804728288e-09, 2.81952505787e-09, 1.70190680993e-10, 1.7356605736e-11, 1.05756696803e-11, 1.87317934601e-12, 5.0373826923e-17]
    mfcc:
        mean: [-757.15423584, 130.110214233, -5.46712779999, 40.6094551086, -24.8869781494, 7.63724327087, 3.13993382454, 4.56136083603, -0.109946116805, 3.27523589134, 0.594126164913, -6.47049856186, -6.88911533356]
        cov: [[4247.31738281, -707.275512695, -761.625793457, 299.667205811, 98.795211792, -153.374084473, -121.890441895, -318.225646973, -76.1015319824, -23.1829223633, -197.057983398, -151.248657227, 46.1396446228], [-707.275512695, 1068.33898926, -242.381958008, -75.9403305054, 54.318561554, -26.7641677856, 112.16103363, 65.9871902466, -27.9357013702, 124.617645264, 70.2121963501, -27.2309818268, -50.1510925293], [-761.625793457, -242.381958008, 946.6484375, -50.6915664673, -93.7952346802, 84.1438446045, -6.79872226715, 86.953453064, 78.6525878906, -42.1146621704, 66.8957366943, 100.80304718, 26.8065261841], [299.667205811, -75.9403305054, -50.6915664673, 390.758880615, 135.288665771, 54.332321167, 42.83984375, -76.1122436523, -18.6190242767, -9.96380710602, -54.5462150574, -11.774433136, 18.5020389557], [98.795211792, 54.318561554, -93.7952346802, 135.288665771, 249.517120361, 109.886253357, 8.73013210297, -21.5135765076, -44.2418403625, -35.489276886, -37.7568664551, -7.41787052155, 10.2529830933], [-153.374084473, -26.7641677856, 84.1438446045, 54.332321167, 109.886253357, 197.384140015, 69.3228225708, 13.5175828934, -23.1638908386, -52.1847991943, -30.1286945343, 20.0493202209, -9.93039512634], [-121.890441895, 112.16103363, -6.79872226715, 42.83984375, 8.73013210297, 69.3228225708, 146.953109741, 21.8022918701, -5.78001356125, 20.2481174469, 7.73003005981, -4.51530742645, -13.9442911148], [-318.225646973, 65.9871902466, 86.953453064, -76.1122436523, -21.5135765076, 13.5175828934, 21.8022918701, 119.418807983, 35.9435386658, -3.05184078217, 13.2755498886, 3.12913537025, -18.4446849823], [-76.1015319824, -27.9357013702, 78.6525878906, -18.6190242767, -44.2418403625, -23.1638908386, -5.78001356125, 35.9435386658, 78.1971054077, 27.3041610718, 11.3505840302, 3.66166615486, -4.06889247894], [-23.1829223633, 124.617645264, -42.1146621704, -9.96380710602, -35.489276886, -52.1847991943, 20.2481174469, -3.05184078217, 27.3041610718, 109.251739502, 53.3020477295, -10.2828512192, -6.82520103455], [-197.057983398, 70.2121963501, 66.8957366943, -54.5462150574, -37.7568664551, -30.1286945343, 7.73003005981, 13.2755498886, 11.3505840302, 53.3020477295, 88.222076416, 34.1126174927, -1.78468346596], [-151.248657227, -27.2309818268, 100.80304718, -11.774433136, -7.41787052155, 20.0493202209, -4.51530742645, 3.12913537025, 3.66166615486, -10.2828512192, 34.1126174927, 82.5782623291, 34.4504165649], [46.1396446228, -50.1510925293, 26.8065261841, 18.5020389557, 10.2529830933, -9.93039512634, -13.9442911148, -18.4446849823, -4.06889247894, -6.82520103455, -1.78468346596, 34.4504165649, 66.0891952515]]
        icov: [[0.000430526299169, 0.000337388104526, 0.000242185851675, 1.28293168018e-05, -0.000220976260607, 0.000390681088902, -0.000147044542246, 0.000659919518512, -1.28447863972e-05, -0.000302354892483, 0.000581750820857, 0.000186608056538, -1.38146606332e-05], [0.000337388104526, 0.0017782804789, 0.00035433168523, 0.00046745329746, -0.00118478317745, 0.00120443583, -0.00124830228742, -0.000506640761159, 0.00124380772468, -0.0021021575667, 0.000859742227476, -0.000723325356375, 0.00105904694647], [0.000242185851675, 0.00035433168523, 0.00194582075346, -0.000478540256154, 0.00104662112426, -0.00151028728578, 0.000674956827424, -0.000485505384859, -0.00146864866838, 0.00124941265676, -0.00224340171553, 0.000231058060308, -0.00108028249815], [1.28293168018e-05, 0.00046745329746, -0.000478540256154, 0.00459080561996, -0.00313359685242, 0.00179388793185, -0.00275705102831, 0.00278616230935, -0.000848325435072, -0.00150127219968, 0.00359493657015, -0.00157361407764, 0.000916289631277], [-0.000220976260607, -0.00118478317745, 0.00104662112426, -0.00313359685242, 0.00957773625851, -0.00723371980712, 0.00453041074798, -0.0017564042937, 0.00154141825624, 0.00157740490977, -0.00345327472314, 0.00370324891992, -0.00416499655694], [0.000390681088902, 0.00120443583, -0.00151028728578, 0.00179388793185, -0.00723371980712, 0.014906456694, -0.00788455177099, 0.00106867705472, 0.00154673948418, 0.000305762456264, 0.00735653983429, -0.00751436501741, 0.00699080247432], [-0.000147044542246, -0.00124830228742, 0.000674956827424, -0.00275705102831, 0.00453041074798, -0.00788455177099, 0.0127899078652, -0.00320072448812, 0.00162753113545, -0.00203781970777, -0.00320562813431, 0.00319883064367, -0.00229306449182], [0.000659919518512, -0.000506640761159, -0.000485505384859, 0.00278616230935, -0.0017564042937, 0.00106867705472, -0.00320072448812, 0.0154220815748, -0.00768025591969, 0.00395940896124, -0.000158097027452, 0.000873530108947, 0.00211003259756], [-1.28447863972e-05, 0.00124380772468, -0.00146864866838, -0.000848325435072, 0.00154141825624, 0.00154673948418, 0.00162753113545, -0.00768025591969, 0.0224698036909, -0.0104937925935, 0.00680705346167, -0.00397000275552, 0.00253215688281], [-0.000302354892483, -0.0021021575667, 0.00124941265676, -0.00150127219968, 0.00157740490977, 0.000305762456264, -0.00203781970777, 0.00395940896124, -0.0104937925935, 0.0251887943596, -0.0183346215636, 0.00996925402433, -0.00473087048158], [0.000581750820857, 0.000859742227476, -0.00224340171553, 0.00359493657015, -0.00345327472314, 0.00735653983429, -0.00320562813431, -0.000158097027452, 0.00680705346167, -0.0183346215636, 0.0350081324577, -0.019089166075, 0.0104920435697], [0.000186608056538, -0.000723325356375, 0.000231058060308, -0.00157361407764, 0.00370324891992, -0.00751436501741, 0.00319883064367, 0.000873530108947, -0.00397000275552, 0.00996925402433, -0.019089166075, 0.0302378386259, -0.0166097134352], [-1.38146606332e-05, 0.00105904694647, -0.00108028249815, 0.000916289631277, -0.00416499655694, 0.00699080247432, -0.00229306449182, 0.00211003259756, 0.00253215688281, -0.00473087048158, 0.0104920435697, -0.0166097134352, 0.026536475867]]
    spectral_contrast:
        mean: [-3.07553023049e-08, 1.2643461389e-07, 3.2518968851e-07, -3.10550603899e-07, -6.15106046098e-07, 6.58007536458e-07, 3.03041110783e-06, 2.48260278113e-07, 5.06736523675e-06, -2.19954995373e-06, -2.0341817617e-06, 9.85036081147e-07]
        var: [0.000338362180628, 0.000901118153706, 0.00189959432464, 0.00303995143622, 0.00615188153461, 0.00932967942208, 0.0496769472957, 0.15416289866, 0.189280122519, 0.372345328331, 0.423484504223, 2.54549026489]

rhythm:
    beats_loudness:
        dmean: 0.00416765268892
        dmean2: 0.0075645041652
        dvar: 1.2644060007e-05
        dvar2: 3.12539086735e-05
        max: 0.0152738597244
        mean: 0.00553961517289
        min: 0.00145557837095
        var: 1.27420589706e-05
    beats_loudness_bass:
        dmean: 0.172123029828
        dmean2: 0.284319102764
        dvar: 0.0171345900744
        dvar2: 0.0481433980167
        max: 0.557265222073
        mean: 0.192373245955
        min: 0.00261706789024
        var: 0.0209963284433
    bpm: 118.759078979
    bpm_confidence: 0
    first_peak_bpm: 119
    first_peak_spread: 0
    first_peak_weight: 0.947368443012
    onset_rate: 5.38330078125
    second_peak_bpm: 127
    second_peak_spread: 0
    second_peak_weight: 0.0526315793395
    beats_position: [0.210392564535, 0.714973330498, 1.21955406666, 1.72413480282, 2.22871565819, 2.73329639435, 3.23787736893, 3.74245810509, 4.24703884125, 4.75161981583, 5.25620079041, 5.76078128815, 6.232670784, 6.738489151, 7.24430751801, 7.75012588501, 8.25594425201, 8.76176261902, 9.26758098602, 9.77339935303]
    bpm_estimates: [118.821708679, 118.788513184, 119.107421875, 118.809341431, 118.391059875, 118.743598938, 119.8567276, 119.005577087, 118.765113831, 118.827835083, 118.688423157, 118.801078796, 118.456336975, 117.849395752, 118.622253418, 118.709030151, 118.350852966, 118.7551651, 118.822517395, 118.84703064, 118.921859741]
    bpm_intervals: [0.50458073616, 0.50458073616, 0.50458073616, 0.50458085537, 0.50458073616, 0.504580974579, 0.50458073616, 0.50458073616, 0.504580974579, 0.504580974579, 0.504580497742, 0.47188949585, 0.505818367004, 0.505818367004, 0.505818367004, 0.505818367004, 0.505818367004, 0.505818367004, 0.505818367004]
    onset_times: [0.0580498874187, 0.626938760281, 0.882358253002, 1.04489791393, 1.14938771725, 1.27709746361, 1.39319729805, 1.64861679077, 1.90403628349, 2.0549659729, 2.17106580734, 2.40326523781, 2.65868473053, 2.92571425438, 3.06503391266, 3.1811337471, 3.32045340538, 3.43655323982, 3.69197273254, 3.94739222527, 4.09832191467, 4.33052158356, 4.43501138687, 4.58594083786, 4.69043064117, 4.94585037231, 5.10838985443, 5.22448968887, 5.29414987564, 5.46829938889, 5.72371864319, 5.87464857101, 6.00235843658, 6.23455762863, 6.46675729752, 6.61768722534, 6.72217702866, 6.98920631409, 7.12852621078, 7.25623559952, 7.38394546509, 7.50004529953, 7.75546503067, 8.01088428497, 8.15020370483, 8.26630401611, 8.53333377838, 8.75392246246, 9.02095222473, 9.18349170685, 9.287981987, 9.41569137573, 9.53179168701, 9.78721046448]
    rubato_start: []
    rubato_stop: []
    perceptual_tempo: "unknown"

sfx:
    inharmonicity:
        dmean: 0.0272754877806
        dmean2: 0.0499843657017
        dvar: 0.00143113348167
        dvar2: 0.00413991510868
        max: 0.299223899841
        mean: 0.0268164705485
        min: 2.1201411073e-05
        var: 0.00119322550017
    oddtoevenharmonicenergyratio:
        dmean: 4.40701675415
        dmean2: 8.44079017639
        dvar: 263.75994873
        dvar2: 762.672851562
        max: 187.887435913
        mean: 3.15542340279
        min: 7.68179670558e-05
        var: 147.859176636
    pitch_after_max_to_before_max_energy_ratio: 2.29000043869
    pitch_centroid: 239.135421753
    pitch_max_to_total: 0.437209308147
    pitch_min_to_total: 0.897674441338
    tristimulus:
        dmean: [0.196820765734, 0.203935712576, 0.0676664337516]
        dmean2: [0.336865752935, 0.35471957922, 0.117600925267]
        dvar: [0.0377265773714, 0.04235137254, 0.00834804307669]
        dvar2: [0.096090555191, 0.105302684009, 0.0217152796686]
        max: [0.983839631081, 0.956498861313, 0.702539801598]
        mean: [0.470008999109, 0.436668276787, 0.0773050636053]
        min: [0.0201242286712, 0, 0]
        var: [0.0594942308962, 0.0619541890919, 0.00915128085762]

tonal:
    chords_changes_rate: 0.0324074067175
    chords_number_rate: 0.0185185186565
    chords_strength:
        dmean: 0.00871347263455
        dmean2: 0.00878979172558
        dvar: 4.05960745411e-05
        dvar2: 5.00294663652e-05
        max: 0.681569159031
        mean: 0.538491129875
        min: 0.346488207579
        var: 0.00905498396605
    key_strength: 0.621931016445
    tuning_diatonic_strength: 0.501706838608
    tuning_equal_tempered_deviation: 0.111275553703
    tuning_frequency: 443.316436768
    tuning_nontempered_energy_ratio: 0.793059647083
    hpcp:
        dmean: [0.229743793607, 0.159258395433, 0.0668021291494, 0.0493867471814, 0.0607206858695, 0.0705029442906, 0.0644002705812, 0.0683062672615, 0.149001777172, 0.167585134506, 0.141353920102, 0.120462216437, 0.0973493158817, 0.0781210437417, 0.131168410182, 0.148469462991, 0.0909372344613, 0.0592806488276, 0.046774469316, 0.0816674083471, 0.181944787502, 0.2036960572, 0.108358599246, 0.0667154118419, 0.0678854510188, 0.0518193766475, 0.0373710989952, 0.0450491271913, 0.0687271356583, 0.113220088184, 0.097407028079, 0.104945860803, 0.0958024337888, 0.0886365845799, 0.143629804254, 0.229649871588]
        dmean2: [0.380952268839, 0.27793481946, 0.122019447386, 0.0902061983943, 0.110902048647, 0.119222968817, 0.108150579035, 0.123934365809, 0.245288297534, 0.285469442606, 0.252851784229, 0.219187140465, 0.172704219818, 0.130652844906, 0.21802046895, 0.247529089451, 0.158547252417, 0.109430372715, 0.0859448611736, 0.143280163407, 0.296588689089, 0.340990513563, 0.182166963816, 0.126395240426, 0.126282796264, 0.0915686860681, 0.0679992213845, 0.0855131745338, 0.132477372885, 0.201349005103, 0.165793195367, 0.173989325762, 0.17243295908, 0.16793513298, 0.257344543934, 0.395709812641]
        dvar: [0.0611933991313, 0.0436335168779, 0.0194956306368, 0.00981276854873, 0.0220242049545, 0.0223800875247, 0.0213643182069, 0.0156164234504, 0.0369885340333, 0.0499568730593, 0.0457083322108, 0.0463688634336, 0.0308954752982, 0.0172898154706, 0.0369833596051, 0.0493317432702, 0.015416382812, 0.0116575621068, 0.0118540944532, 0.0142854172736, 0.0490123033524, 0.0622931458056, 0.0297855641693, 0.0219758413732, 0.027444023639, 0.014672415331, 0.00588458636776, 0.0119711179286, 0.0230301134288, 0.0327306985855, 0.0292139258236, 0.0241464674473, 0.0309463907033, 0.0288189314306, 0.0344665162265, 0.0552318394184]
        dvar2: [0.145501539111, 0.119548380375, 0.0579765029252, 0.0279818810523, 0.0622812211514, 0.0531811639667, 0.0486208833754, 0.0463377386332, 0.0917274951935, 0.105271935463, 0.130475744605, 0.1303396523, 0.0844531208277, 0.0376930274069, 0.0842948332429, 0.104350782931, 0.0401844494045, 0.0334448963404, 0.0344182290137, 0.0403230600059, 0.102948270738, 0.124861888587, 0.0789993926883, 0.0613150522113, 0.0774273574352, 0.0398884527385, 0.0163757037371, 0.0346404574811, 0.0675551891327, 0.090911321342, 0.0578024722636, 0.0598314218223, 0.0873403176665, 0.0891704633832, 0.0985474959016, 0.145918622613]
        max: [1, 1, 1, 0.543506681919, 1, 0.879032313824, 1, 0.978892028332, 1, 1, 1, 1, 1, 1, 1, 1, 1, 0.804129004478, 1, 0.88151216507, 1, 1, 1, 0.930805921555, 1, 0.958457827568, 0.503656744957, 0.676815032959, 1, 1, 1, 1, 1, 1, 1, 1]
        mean: [0.460213035345, 0.207942128181, 0.0562031492591, 0.0362300351262, 0.0449955314398, 0.0642089918256, 0.0623003467917, 0.0660155192018, 0.19999589026, 0.252150028944, 0.146519601345, 0.102257817984, 0.0764098018408, 0.079906180501, 0.22380001843, 0.274657994509, 0.130615442991, 0.0440477132797, 0.032791543752, 0.0872591361403, 0.277824997902, 0.290121495724, 0.108231559396, 0.0440346635878, 0.042867783457, 0.0373687706888, 0.0295455548912, 0.0311218649149, 0.0526832528412, 0.165017545223, 0.254946142435, 0.163978159428, 0.067184753716, 0.0588995963335, 0.151907354593, 0.413817852736]
        min: [0.00375310447998, 0.00141044566408, 0.000142706732731, 0.000135060457978, 9.11751121748e-05, 8.14153972897e-05, 5.81960302952e-05, 0.000304240529658, 0.000466182566015, 0.000495970540214, 0.000485183059936, 0.00038583209971, 0.000377401185688, 0.00045458463137, 0.00134729710408, 0.000579606334213, 0.000569066498429, 0.000266263697995, 0.000150464518811, 0.000213264254853, 0.00224485062063, 0.00218307576142, 0.000310721312417, 7.33840279281e-05, 0.00014029761951, 0.00014652707614, 0.000157942558872, 0.000169269769685, 0.000445594196208, 0.000647462904453, 0.000473925116239, 0.000699701835401, 0.000206965109101, 9.87912571873e-05, 0.000494310166687, 0.00220483960584]
        var: [0.128715112805, 0.0680659860373, 0.0138074718416, 0.00619026180357, 0.0133168203756, 0.020479047671, 0.0218948200345, 0.0110819479451, 0.0703878253698, 0.0999890044332, 0.041047450155, 0.0339291319251, 0.022686874494, 0.0232812911272, 0.0867361500859, 0.126893207431, 0.0355162024498, 0.00866209622473, 0.0069984793663, 0.0177714917809, 0.105296172202, 0.103762216866, 0.0250687152147, 0.0134068541229, 0.0165922865272, 0.00999285653234, 0.00389330065809, 0.00693306419998, 0.0141478423029, 0.0504584796727, 0.133859649301, 0.0616009794176, 0.0207047462463, 0.0183532107621, 0.0353571251035, 0.112828053534]
    chords_histogram: [0, 0, 7.87037038803, 0, 0, 0, 0, 0, 0, 0, 0, 0, 0, 0, 0, 0, 85.648147583, 2.31481480598, 0, 0, 0, 4.16666650772, 0, 0]
    thpcp: [1, 0.451838850975, 0.122124202549, 0.078724488616, 0.0977710932493, 0.139520153403, 0.135372847319, 0.143445566297, 0.434572428465, 0.547898471355, 0.318373441696, 0.222196698189, 0.166031375527, 0.173628672957, 0.486296564341, 0.596806228161, 0.283815175295, 0.0957115739584, 0.071252964437, 0.18960596621, 0.603687822819, 0.630406975746, 0.235177084804, 0.0956832170486, 0.0931476950645, 0.0811988562346, 0.0641997382045, 0.0676249116659, 0.114475794137, 0.358567744493, 0.553974211216, 0.356309235096, 0.145986199379, 0.12798333168, 0.330080509186, 0.899187624454]
    chords_key: "A"
    chords_scale: "minor"
    key_key: "C#"
    key_scale: "minor"
    chords_progression: ["Am", "Am", "Am", "Am", "Am", "Am", "Am", "Am", "Am", "Am", "Am", "Am", "Am", "Am", "Am", "Am", "Am", "Am", "Am", "Am", "Am", "Am", "Am", "Am", "Am", "Am", "Am", "Am", "Am", "Am", "Am", "Am", "Am", "Am", "Am", "Am", "Am", "Am", "Am", "Am", "Am", "Am", "Am", "Am", "Am", "Am", "Am", "Am", "Am", "Am", "Am", "Am", "Am", "Am", "Am", "Am", "Am", "Am", "Am", "Am", "Am", "Am", "Am", "Am", "Am", "Am", "Am", "Am", "Am", "Am", "Am", "Am", "Am", "Am", "Am", "Am", "Am", "Am", "Am", "Am", "Am", "Am", "Am", "Am", "Am", "Am", "Am", "Am", "Am", "D", "D", "Am", "D", "D", "D", "D", "D", "D", "D", "Am", "Am", "Am", "Am", "Am", "Am", "Am", "Am", "Am", "Am", "Am", "Am", "Am", "Am", "Am", "Am", "Am", "Am", "Am", "Am", "Am", "Am", "Am", "Am", "Am", "Am", "Am", "Am", "Am", "Am", "Am", "Am", "Am", "Am", "Am", "Am", "Am", "Am", "Am", "Am", "Am", "Am", "Am", "Am", "G#m", "G#m", "G#m", "G#m", "G#m", "G#m", "G#m", "G#m", "G#m", "G#m", "G#m", "G#m", "G#m", "G#m", "G#m", "G#m", "G#m", "Am", "Am", "Am", "Am", "Am", "Am", "Am", "Am", "Am", "Am", "Am", "Am", "Am", "Am", "Am", "Am", "Am", "Am", "Am", "Am", "Am", "Am", "Am", "Am", "Am", "Am", "Am", "Am", "Am", "Am", "Am", "Am", "Am", "Am", "Am", "Am", "Am", "Am", "Am", "Am", "Am", "Am", "Am", "Am", "Am", "Am", "Am", "Am", "Am", "Am", "Am", "C", "C", "C", "C", "C"]
