
metadata:
    version:
        essentia: "1.2.2"
    audio_properties:
        analysis_sample_rate: 44100
        bitrate: 128
        channels: 2
        equal_loudness: 1
        length: 10.0310201645
        replay_gain: -4.40493392944
        downmix: "mix"
    tags:
        track: 12
        year: 0
        album: "Splitted by Mp3Splt v. 2.1"
        artist: "From 001.50 To 002.00"
        comment: "http://mp3splt.sf.net"
        genre: ""
        title: "20 The World Turned Upside Dow"

highlevel:
    ballroom:
        all:
            ChaChaCha: 0.0144579773769
            Jive: 0.0263259783387
            Quickstep: 0.058834079653
            Rumba-American: 0.0735483244061
            Rumba-International: 0.306053757668
            Rumba-Misc: 0.188008382916
            Samba: 0.0211292635649
            Tango: 0.02501164563
            VienneseWaltz: 0.039710432291
            Waltz: 0.246920138597
        probability: 0.306053757668
        value: "Rumba-International"
    culture:
        all:
            non_western: 0.657528221607
            western: 0.34247174859
        probability: 0.657528221607
        value: "non_western"
    gender:
        all:
            female: 0.00881158094853
            male: 0.991188406944
        probability: 0.991188406944
        value: "male"
    genre_dortmund:
        all:
            alternative: 0.134349182248
            blues: 0.0614298954606
            electronic: 0.00965910311788
            folkcountry: 0.570214271545
            funksoulrnb: 0.00559454970062
            jazz: 0.00711012538522
            pop: 0.134725481272
            raphiphop: 0.00184847507626
            rock: 0.0750689506531
        probability: 0.570214271545
        value: "folkcountry"
    genre_electronica:
        all:
            ambient: 0.827463924885
            dnb: 0.0196776241064
            house: 0.0995094552636
            techno: 0.0168549865484
            trance: 0.0364940166473
        probability: 0.827463924885
        value: "ambient"
    genre_rosamerica:
        all:
            cla: 0.139097839594
            dan: 0.0124395145103
            hip: 0.0141551773995
            jaz: 0.0666285306215
            pop: 0.064730361104
            rhy: 0.651871025562
            roc: 0.0278609711677
            spe: 0.023216560483
        probability: 0.651871025562
        value: "rhy"
    genre_tzanetakis:
        all:
            blu: 0.0515368171036
            cla: 0.0206580683589
            cou: 0.356747686863
            dis: 0.0208590216935
            hip: 0.00289003876969
            jaz: 0.0110158678144
            met: 0.00670255860314
            pop: 0.0546698309481
            reg: 0.0397644974291
            roc: 0.435155600309
        probability: 0.435155600309
        value: "roc"
    live_studio:
        all:
            live: 0.870306611061
            studio: 0.12969340384
        probability: 0.870306611061
        value: "live"
    mood:
        all:
            Cluster1: 2.89215705607e-07
            Cluster2: 5.82902828228e-07
            Cluster3: 0.999926388264
            Cluster4: 5.71175769437e-06
            Cluster5: 6.70429290039e-05
        probability: 0.999926388264
        value: "Cluster3"
    mood_acoustic:
        all:
            acoustic: 0.989583671093
            not_acoustic: 0.0104163167998
        probability: 0.989583671093
        value: "acoustic"
    mood_aggressive:
        all:
            aggressive: 5.14262524121e-07
            not_aggressive: 0.999999463558
        probability: 0.999999463558
        value: "not_aggressive"
    mood_electronic:
        all:
            electronic: 0.0145502761006
            not_electronic: 0.98544973135
        probability: 0.98544973135
        value: "not_electronic"
    mood_happy:
        all:
            happy: 0.240324601531
            not_happy: 0.759675383568
        probability: 0.759675383568
        value: "not_happy"
    mood_party:
        all:
            not_party: 0.948285281658
            party: 0.0517146922648
        probability: 0.948285281658
        value: "not_party"
    mood_relaxed:
        all:
            not_relaxed: 0.467376589775
            relaxed: 0.532623410225
        probability: 0.532623410225
        value: "relaxed"
    mood_sad:
        all:
            not_sad: 0.0988204032183
            sad: 0.901179611683
        probability: 0.901179611683
        value: "sad"
    rhythm:
        all:
            fast: 0.623065054417
            medium: 0.194700852036
            slow: 0.182234108448
        probability: 0.623065054417
        value: "fast"
    speech_music:
        all:
            music: 0.960413277149
            speech: 0.0395867340267
        probability: 0.960413277149
        value: "music"
    timbre:
        all:
            bright: 0.717766582966
            dark: 0.282233387232
        probability: 0.717766582966
        value: "bright"
    voice_instrumental:
        all:
            instrumental: 0.00065163441468
            voice: 0.999348342419
        probability: 0.999348342419
        value: "voice"

lowlevel:
    average_loudness: 0.945546388626
    barkbands_kurtosis:
        dmean: 7.65355634689
        dmean2: 10.6968955994
        dvar: 113.49168396
        dvar2: 200.305511475
        max: 96.1458282471
        mean: 12.1963882446
        min: -1.88990092278
        var: 342.594818115
    barkbands_skewness:
        dmean: 0.928857207298
        dmean2: 1.27123034
        dvar: 0.843757808208
        dvar2: 1.53657793999
        max: 8.24462413788
        mean: 2.45280313492
        min: -5.3858923912
        var: 4.77504920959
    barkbands_spread:
        dmean: 5.61258220673
        dmean2: 8.46507358551
        dvar: 49.0430870056
        dvar2: 114.017051697
        max: 56.634979248
        mean: 16.4224300385
        min: 0.952282965183
        var: 145.339065552
    dissonance:
        dmean: 0.0248034689575
        dmean2: 0.0380380302668
        dvar: 0.000475827779155
        dvar2: 0.00126317702234
        max: 0.497858405113
        mean: 0.427437782288
        min: 0.278478950262
        var: 0.00147287047002
    hfc:
        dmean: 1.78841745853
        dmean2: 2.50781393051
        dvar: 29.0308246613
        dvar2: 63.0089912415
        max: 68.2323989868
        mean: 3.86142468452
        min: 0.0782441347837
        var: 64.63697052
    pitch:
        dmean: 254.177398682
        dmean2: 484.726013184
        dvar: 659318.4375
        dvar2: 1470953.375
        max: 5512.5
        mean: 484.031616211
        min: 81.3653106689
        var: 1110498.75
    pitch_instantaneous_confidence:
        dmean: 0.0924054309726
        dmean2: 0.14060524106
        dvar: 0.0085406024009
        dvar2: 0.0186718516052
        max: 0.908828556538
        mean: 0.573447525501
        min: 0.183605730534
        var: 0.0304683633149
    pitch_salience:
        dmean: 0.0749579444528
        dmean2: 0.116550818086
        dvar: 0.0043624904938
        dvar2: 0.0112096369267
        max: 0.821014106274
        mean: 0.604338169098
        min: 0.213625058532
        var: 0.0138570144773
    silence_rate_20dB:
        dmean: 0
        dmean2: 0
        dvar: 0
        dvar2: 0
        max: 1
        mean: 1
        min: 1
        var: 0
    silence_rate_30dB:
        dmean: 0
        dmean2: 0
        dvar: 0
        dvar2: 0
        max: 1
        mean: 1
        min: 1
        var: 0
    silence_rate_60dB:
        dmean: 0.0974477976561
        dmean2: 0.193023249507
        dvar: 0.0879517942667
        dvar2: 0.183671966195
        max: 1
        mean: 0.620370388031
        min: 0
        var: 0.235511004925
    spectral_centroid:
        dmean: 229.028518677
        dmean2: 324.980651855
        dvar: 206831.125
        dvar2: 315877.21875
        max: 5371.18261719
        mean: 859.268249512
        min: 214.214279175
        var: 727312.3125
    spectral_complexity:
        dmean: 1.58741259575
        dmean2: 2.38084101677
        dvar: 5.85541677475
        dvar2: 10.6096315384
        max: 27
        mean: 5.63255834579
        min: 0
        var: 19.9300994873
    spectral_crest:
        dmean: 2.88314962387
        dmean2: 4.57046175003
        dvar: 6.4812207222
        dvar2: 15.8015842438
        max: 23.6076488495
        mean: 12.9358825684
        min: 4.52278327942
        var: 20.0500984192
    spectral_decrease:
        dmean: 2.29469401813e-10
        dmean2: 3.29227950457e-10
        dvar: 1.00633584864e-19
        dvar2: 2.01908092531e-19
        max: -4.07020597781e-11
        mean: -7.23105075817e-10
        min: -3.29294502777e-09
        var: 4.61226810573e-19
    spectral_energy:
        dmean: 0.00100192893296
        dmean2: 0.00143271230627
        dvar: 2.05396781894e-06
        dvar2: 4.25420512329e-06
        max: 0.012967149727
        mean: 0.00307940877974
        min: 0.000161797725013
        var: 9.07119556359e-06
    spectral_energyband_high:
        dmean: 0.000204017647775
        dmean2: 0.000295045174425
        dvar: 8.63456989464e-07
        dvar2: 1.84068335329e-06
        max: 0.0116637852043
        mean: 0.000292513752356
        min: 1.65318056133e-07
        var: 1.65284893683e-06
    spectral_energyband_low:
        dmean: 9.52066238824e-06
        dmean2: 1.72027721419e-05
        dvar: 1.51651621816e-10
        dvar2: 4.38640734846e-10
        max: 0.00010497639596
        mean: 1.4935976651e-05
        min: 2.51853577993e-07
        var: 2.44445769182e-10
    spectral_energyband_middle_high:
        dmean: 0.000264109054115
        dmean2: 0.000354381947545
        dvar: 2.32849671988e-07
        dvar2: 3.41974356388e-07
        max: 0.00544588966295
        mean: 0.000673699716572
        min: 4.85599503008e-06
        var: 1.24309781313e-06
    spectral_energyband_middle_low:
        dmean: 0.000734859495424
        dmean2: 0.00108141126111
        dvar: 1.20963454719e-06
        dvar2: 2.64773166236e-06
        max: 0.0123957479373
        mean: 0.00209826044738
        min: 0.000100863842817
        var: 3.92824949813e-06
    spectral_flatness_db:
        dmean: 0.0281889308244
        dmean2: 0.0396772474051
        dvar: 0.000586572801694
        dvar2: 0.00117714493535
        max: 0.415452122688
        mean: 0.247131288052
        min: 0.117271356285
        var: 0.00276944716461
    spectral_flux:
        dmean: 0.0090302079916
        dmean2: 0.0144654875621
        dvar: 0.000114896181913
        dvar2: 0.000288789538899
        max: 0.107690148056
        mean: 0.024040941149
        min: 0.00401174463332
        var: 0.000332066934789
    spectral_kurtosis:
        dmean: 3.52243304253
        dmean2: 5.57923936844
        dvar: 23.811662674
        dvar2: 51.603351593
        max: 57.3542785645
        mean: 8.42555236816
        min: -0.179152727127
        var: 80.0726394653
    spectral_rms:
        dmean: 0.000275182304904
        dmean2: 0.000379759439966
        dvar: 9.87230137639e-08
        dvar2: 1.75636159838e-07
        max: 0.00355680729263
        mean: 0.00153210607823
        min: 0.000397305237129
        var: 6.56951613109e-07
    spectral_rolloff:
        dmean: 479.251495361
        dmean2: 766.440856934
        dvar: 604489.6875
        dvar2: 1087105.625
        max: 6546.09375
        mean: 1420.39050293
        min: 236.865234375
        var: 2046615.875
    spectral_skewness:
        dmean: 0.400446712971
        dmean2: 0.597519159317
        dvar: 0.171510353684
        dvar2: 0.340084582567
        max: 6.00798463821
        mean: 2.0161626339
        min: -0.0711211115122
        var: 0.994604110718
    spectral_spread:
        dmean: 638284.0625
        dmean2: 949650.0625
        dvar: 489291939840
        dvar2: 920543494144
        max: 12124156
        mean: 4152982
        min: 1525883.25
        var: 1.98222820147e+12
    spectral_strongpeak:
        dmean: 0.2519338727
        dmean2: 0.418395042419
        dvar: 0.273160964251
        dvar2: 0.716677308083
        max: 4.6560254097
        mean: 0.480736464262
        min: 0.0109603460878
        var: 0.363491028547
    zerocrossingrate:
        dmean: 0.0109664099291
        dmean2: 0.0122652146965
        dvar: 0.000227990720305
        dvar2: 0.000196289125597
        max: 0.24658203125
        mean: 0.0513660535216
        min: 0.01123046875
        var: 0.00147964910138
    barkbands:
        dmean: [1.52680967869e-09, 6.91110699336e-07, 9.12886662263e-06, 8.09415796539e-05, 0.000340779020917, 0.000272712233709, 0.000156086287461, 0.000107804902655, 8.37647312437e-05, 1.37820443342e-05, 2.14514184336e-05, 2.59576136159e-05, 3.04170098389e-05, 2.60086053459e-05, 2.03254421649e-05, 3.52069473593e-05, 8.10697601992e-05, 4.0567945689e-05, 6.29594869679e-05, 4.35601832578e-05, 8.09009579825e-05, 9.20443853829e-05, 1.86733104783e-05, 3.19632340506e-06, 1.14299939469e-06, 1.75347114606e-08, 1.6340867548e-10]
        dmean2: [2.77182077291e-09, 1.23600284496e-06, 1.64349985425e-05, 0.00012310843158, 0.000528355536517, 0.000422582554165, 0.000237743515754, 0.000149869869347, 0.000122802463011, 1.90559130715e-05, 3.05910361931e-05, 3.31678966177e-05, 3.8208461774e-05, 3.90080385841e-05, 2.9322472983e-05, 4.58641916339e-05, 0.000123655438074, 5.98651349719e-05, 8.95389530342e-05, 5.95095807512e-05, 0.000126204482513, 0.000131191074615, 2.71467743005e-05, 4.70125041829e-06, 1.73110470314e-06, 2.57468215636e-08, 2.92391222345e-10]
        dvar: [3.95338359265e-18, 1.65910969858e-12, 1.36990335742e-10, 1.5091456973e-08, 2.3138606764e-07, 5.78635479087e-07, 2.10013070046e-07, 1.25531329331e-07, 1.42281322724e-07, 1.61253144171e-09, 3.01447080631e-08, 1.90667321931e-08, 1.10365068196e-08, 6.61761845322e-09, 2.99537838977e-09, 1.28374777475e-08, 3.25948121827e-08, 6.59652199531e-09, 2.21413429813e-08, 2.69060773661e-08, 1.49958253814e-07, 2.02500487489e-07, 7.33544780473e-09, 2.246997588e-10, 3.02779780414e-11, 3.69562423063e-15, 1.91439940933e-19]
        dvar2: [1.06047788805e-17, 4.74460618363e-12, 3.97322341694e-10, 3.04823757347e-08, 5.31681507709e-07, 1.35814389068e-06, 4.6468218784e-07, 2.32543868606e-07, 3.23249821577e-07, 3.93475474425e-09, 4.40234337873e-08, 2.32459527183e-08, 1.74541998632e-08, 1.35023263681e-08, 6.18191897672e-09, 2.04085068845e-08, 5.75192800056e-08, 1.14434071108e-08, 4.49502302047e-08, 5.63052608982e-08, 3.3017494161e-07, 4.48220021099e-07, 1.70081264628e-08, 4.81517270501e-10, 6.44069311773e-11, 7.83516911155e-15, 3.00550440403e-19]
        max: [2.18024904797e-08, 1.80543502211e-05, 9.81932826107e-05, 0.00187597156037, 0.00711228698492, 0.0113379294053, 0.00503827445209, 0.00538584217429, 0.00628842879087, 0.000829892756883, 0.00332184927538, 0.0032463578973, 0.00239893584512, 0.00103900907561, 0.000794254068751, 0.00286066741683, 0.00251134927385, 0.00104693940375, 0.00183217343874, 0.00168210943229, 0.00426661130041, 0.00667546875775, 0.000965888786595, 0.000186210570973, 8.69254508871e-05, 7.88899171766e-07, 8.26539459098e-09]
        mean: [1.64591085206e-09, 1.1215614677e-06, 1.38133436849e-05, 0.000175559485797, 0.000811522710137, 0.0004606625007, 0.000314389384585, 0.000176515997737, 0.000158643422765, 2.59482003457e-05, 2.64128084382e-05, 4.74000044051e-05, 5.16280670126e-05, 3.16888254019e-05, 3.65031046385e-05, 6.2218401581e-05, 0.000163298522239, 9.31121176109e-05, 0.000104989383544, 6.3091989432e-05, 0.000119668642583, 0.000114743743325, 2.13938892557e-05, 3.65782238987e-06, 1.40249801461e-06, 2.27982450696e-08, 1.3819752287e-10]
        min: [1.44091023835e-11, 1.18837739649e-08, 2.21974012504e-08, 1.74708384293e-06, 3.03131055261e-05, 1.23143888686e-06, 5.61032436508e-07, 2.72191101658e-07, 1.21662807828e-07, 7.65280248061e-08, 3.46966118059e-08, 9.25513745642e-08, 7.71234809349e-08, 9.57333554652e-08, 1.37862969041e-07, 3.54481670684e-07, 6.54214431961e-07, 3.44032599742e-07, 1.97057758555e-07, 8.84304540705e-08, 8.1546858155e-08, 1.99699936587e-08, 5.7870113146e-09, 1.72516667618e-09, 1.2223037027e-09, 3.87629373044e-11, 1.52978107612e-13]
        var: [4.02060897463e-18, 2.20300166998e-12, 2.26696925121e-10, 6.61068639829e-08, 7.23914922673e-07, 9.3133894552e-07, 5.26330268258e-07, 2.71870590041e-07, 3.46969841303e-07, 8.06549138588e-09, 5.01100885231e-08, 8.14588361209e-08, 4.18893328913e-08, 9.61468327176e-09, 1.18930953974e-08, 5.51655716663e-08, 1.09855115227e-07, 3.13501402616e-08, 5.36496749248e-08, 4.21656238814e-08, 2.72955219316e-07, 3.51756654027e-07, 1.03523660755e-08, 3.25402593759e-10, 3.64095142924e-11, 6.91558186313e-15, 1.91470714637e-19]
    mfcc:
        mean: [-822.436767578, 133.082321167, -35.5447845459, 60.5530128479, -11.7490348816, -15.2748804092, -32.1454162598, -19.5603084564, -20.072933197, -29.016336441, -10.3611354828, -14.1704444885, -9.99940299988]
        cov: [[7756.47021484, -3267.63745117, -91.3808822632, -591.954101562, -929.121704102, -86.5216522217, -207.463088989, 201.660995483, 98.3564376831, 126.8074646, 602.871887207, 131.236358643, -56.8787498474], [-3267.63745117, 2459.05151367, -321.8878479, -50.819858551, 308.769195557, -130.487548828, 85.4473266602, -0.0703193321824, -67.7618331909, -103.488922119, -146.598709106, -45.5533981323, -28.3208332062], [-91.3808822632, -321.8878479, 438.471893311, 71.2790527344, -37.5948867798, 51.6891288757, 14.6823291779, -44.3356246948, -9.29384326935, -23.6869335175, -56.0959701538, -4.22857475281, 7.71879720688], [-591.954101562, -50.819858551, 71.2790527344, 348.642913818, 157.925247192, 49.815246582, -52.389667511, -89.4864883423, 6.01227807999, 32.2330970764, -102.561523438, -31.0770645142, 50.9195899963], [-929.121704102, 308.769195557, -37.5948867798, 157.925247192, 365.55380249, 9.72904014587, -11.8618850708, -88.1832580566, -12.9376106262, 24.8805923462, -102.881256104, -52.5259399414, 39.3677787781], [-86.5216522217, -130.487548828, 51.6891288757, 49.815246582, 9.72904014587, 133.036972046, 6.92627716064, -20.3273849487, 5.83628749847, 18.3224487305, -7.31194353104, 21.8075809479, 3.92582917213], [-207.463088989, 85.4473266602, 14.6823291779, -52.389667511, -11.8618850708, 6.92627716064, 162.881851196, 29.3442592621, -32.7465209961, -25.5951976776, -7.68224143982, 19.0163497925, 5.54283952713], [201.660995483, -0.0703193321824, -44.3356246948, -89.4864883423, -88.1832580566, -20.3273849487, 29.3442592621, 164.844192505, 26.7506847382, 8.0964050293, 29.3350582123, 26.0561714172, -8.00310993195], [98.3564376831, -67.7618331909, -9.29384326935, 6.01227807999, -12.9376106262, 5.83628749847, -32.7465209961, 26.7506847382, 124.921073914, 32.3263778687, -2.0591211319, 5.45017147064, 7.47218942642], [126.8074646, -103.488922119, -23.6869335175, 32.2330970764, 24.8805923462, 18.3224487305, -25.5951976776, 8.0964050293, 32.3263778687, 87.7799301147, -2.60443973541, -0.107513926923, 8.30295181274], [602.871887207, -146.598709106, -56.0959701538, -102.561523438, -102.881256104, -7.31194353104, -7.68224143982, 29.3350582123, -2.0591211319, -2.60443973541, 138.151977539, 29.4798107147, -27.8611793518], [131.236358643, -45.5533981323, -4.22857475281, -31.0770645142, -52.5259399414, 21.8075809479, 19.0163497925, 26.0561714172, 5.45017147064, -0.107513926923, 29.4798107147, 63.2520561218, 6.53464984894], [-56.8787498474, -28.3208332062, 7.71879720688, 50.9195899963, 39.3677787781, 3.92582917213, 5.54283952713, -8.00310993195, 7.47218942642, 8.30295181274, -27.8611793518, 6.53464984894, 78.267616272]]
        icov: [[0.000935177260544, 0.00118754175492, 0.000665372237563, 0.00102594099008, 0.000791643571574, 0.00104700552765, 0.000736920163035, 0.000186886638403, 0.000220882226131, -0.000461222283775, -0.00127730588429, 9.28697336349e-05, -0.000542141671758], [0.00118754175492, 0.00216931919567, 0.00134500756394, 0.00151391676627, 0.000451359373983, 0.00171532959212, 0.000783212017268, 0.000140236355946, 0.000355846190359, 0.000236963285715, -0.000729786523152, -0.000255280407146, -0.00012137885642], [0.000665372237563, 0.00134500756394, 0.00369858811609, 0.000481977040181, 0.00117999839131, 3.87217951356e-05, 0.000149644940393, 0.000748797319829, 0.000199636255275, 0.00103570951615, 0.00110620947089, 0.000152787994011, 1.4496273252e-05], [0.00102594099008, 0.00151391676627, 0.000481977040181, 0.00635527539998, -0.000233570623095, -8.43697052915e-05, 0.00223890249617, 0.00140278798062, 0.000464446755359, -0.00121052248869, 0.00112609111238, 0.000374161900254, -0.00232849572785], [0.000791643571574, 0.000451359373983, 0.00117999839131, -0.000233570623095, 0.00586203532293, 0.000335687916959, 0.000250177283306, 0.00180388311855, 0.000526919553522, -0.00202869996428, 0.000377371703507, 0.00255614658818, -0.0019386052154], [0.00104700552765, 0.00171532959212, 3.87217951356e-05, -8.43697052915e-05, 0.000335687916959, 0.0110486950725, -0.000179492024472, 0.00134505645838, -2.70844266197e-05, -0.00215745903552, -0.00109478249215, -0.00460982788354, 0.00108646985609], [0.000736920163035, 0.000783212017268, 0.000149644940393, 0.00223890249617, 0.000250177283306, -0.000179492024472, 0.00852225068957, -0.00131708907429, 0.00222068559378, 0.000986549304798, 0.000400966790039, -0.00182342156768, -0.00152915273793], [0.000186886638403, 0.000140236355946, 0.000748797319829, 0.00140278798062, 0.00180388311855, 0.00134505645838, -0.00131708907429, 0.00870601367205, -0.00161555362865, -0.0017774219159, 0.000464126904262, -0.00176976691, -0.00013545769616], [0.000220882226131, 0.000355846190359, 0.000199636255275, 0.000464446755359, 0.000526919553522, -2.70844266197e-05, 0.00222068559378, -0.00161555362865, 0.00984018296003, -0.00287719909102, 0.000729962310288, -0.000611361814663, -0.000942031037994], [-0.000461222283775, 0.000236963285715, 0.00103570951615, -0.00121052248869, -0.00202869996428, -0.00215745903552, 0.000986549304798, -0.0017774219159, -0.00287719909102, 0.0156002389267, 0.000915853248443, -8.30219869385e-05, 0.000265683105681], [-0.00127730588429, -0.000729786523152, 0.00110620947089, 0.00112609111238, 0.000377371703507, -0.00109478249215, 0.000400966790039, 0.000464126904262, 0.000729962310288, 0.000915853248443, 0.0151120303199, -0.00432742899284, 0.00342406891286], [9.28697336349e-05, -0.000255280407146, 0.000152787994011, 0.000374161900254, 0.00255614658818, -0.00460982788354, -0.00182342156768, -0.00176976691, -0.000611361814663, -8.30219869385e-05, -0.00432742899284, 0.0231816899031, -0.00479843420908], [-0.000542141671758, -0.00012137885642, 1.4496273252e-05, -0.00232849572785, -0.0019386052154, 0.00108646985609, -0.00152915273793, -0.00013545769616, -0.000942031037994, 0.000265683105681, 0.00342406891286, -0.00479843420908, 0.0165485180914]]
    spectral_contrast:
        mean: [5.3548880885e-08, -1.02064291241e-07, 1.42150142324e-07, 7.66110304085e-08, 4.12034424357e-08, -7.86642715411e-08, 2.37240351453e-06, -3.02555940834e-06, -4.80163919292e-07, -1.35455024974e-06, -2.36228447648e-06, 1.26417296542e-06]
        var: [0.000759690708946, 0.00120368320495, 0.00202964921482, 0.00329388654791, 0.00489324517548, 0.0108199017122, 0.0663160607219, 0.0857713371515, 0.1251616925, 0.213337779045, 0.4727024436, 2.63029408455]

rhythm:
    beats_loudness:
        dmean: 0.00320622744039
        dmean2: 0.00585763948038
        dvar: 1.0670910342e-05
        dvar2: 3.3690725104e-05
        max: 0.0126972673461
        mean: 0.00320588122122
        min: 0.000306613859721
        var: 1.01190989881e-05
    beats_loudness_bass:
        dmean: 0.0614869073033
        dmean2: 0.0998770073056
        dvar: 0.00187041517347
        dvar2: 0.00616887351498
        max: 0.212988108397
        mean: 0.0659903734922
        min: 0.00113129534293
        var: 0.00366038572975
    bpm: 140.406906128
    bpm_confidence: 0
    first_peak_bpm: 147
    first_peak_spread: 0
    first_peak_weight: 0.565217375755
    onset_rate: 5.58268213272
    second_peak_bpm: 140
    second_peak_spread: 0
    second_peak_weight: 0.391304343939
    beats_position: [0.358245521784, 0.76561409235, 1.17298269272, 1.58035111427, 1.98771965504, 2.3950881958, 2.80245661736, 3.20982527733, 3.61719369888, 4.02456235886, 4.43193101883, 4.8392996788, 5.24666786194, 5.65403652191, 5.99881362915, 6.42615652084, 6.85349845886, 7.28084039688, 7.70818281174, 8.13552570343, 8.56286716461, 8.99020957947, 9.41755199432, 9.84489536285]
    bpm_estimates: [139.806640625, 139.405319214, 141.556808472, 140.321884155, 140.943878174]
    bpm_intervals: [0.407368570566, 0.407368600368, 0.407368421555, 0.407368540764, 0.407368540764, 0.407368421555, 0.407368659973, 0.407368421555, 0.407368659973, 0.407368659973, 0.407368659973, 0.407368183136, 0.407368659973, 0.344777107239, 0.427342891693, 0.427341938019, 0.427341938019, 0.427342414856, 0.427342891693, 0.427341461182, 0.427342414856, 0.427342414856, 0.42734336853]
    onset_times: [0.0696598663926, 0.150929704309, 0.325079351664, 0.417959183455, 0.603718817234, 0.731428563595, 0.870748281479, 1.03328800201, 1.16099774837, 1.31192743778, 1.4164172411, 1.49768710136, 1.62539684772, 1.72988665104, 1.86920630932, 1.95047616959, 2.08979582787, 2.19428563118, 2.35682535172, 2.47292518616, 2.71673464775, 2.99537420273, 3.23918366432, 3.36689352989, 3.52943301201, 3.66875290871, 4.06349229813, 4.26086187363, 4.35374164581, 4.6439909935, 4.8994102478, 4.99229001999, 5.1780500412, 5.44507932663, 5.54956912994, 5.79337882996, 5.9094786644, 6.06040811539, 6.1648979187, 6.26938772202, 6.52480745316, 6.67573690414, 6.8382768631, 7.02403640747, 7.36072540283, 7.52326536179, 7.6277551651, 7.81351470947, 8.18503379822, 8.47528362274, 8.84680271149, 8.99773216248, 9.31120204926, 9.54340171814, 9.81043052673, 9.9613609314]
    rubato_start: []
    rubato_stop: []
    perceptual_tempo: "unknown"

sfx:
    inharmonicity:
        dmean: 0.0392833203077
        dmean2: 0.070813588798
        dvar: 0.0039727226831
        dvar2: 0.0107891857624
        max: 0.440926283598
        mean: 0.0333241894841
        min: 1.71606588992e-05
        var: 0.00337817077525
    oddtoevenharmonicenergyratio:
        dmean: 41.9045028687
        dmean2: 83.5736999512
        dvar: 122578.617188
        dvar2: 366900.6875
        max: 4558.25878906
        mean: 21.6086101532
        min: 0.000159150513355
        var: 61599.75
    pitch_after_max_to_before_max_energy_ratio: 0.630720734596
    pitch_centroid: 254.508560181
    pitch_max_to_total: 0.779069781303
    pitch_min_to_total: 0.934883713722
    tristimulus:
        dmean: [0.23380702734, 0.239924177527, 0.0817561596632]
        dmean2: [0.407327413559, 0.423108458519, 0.148763805628]
        dvar: [0.0503175593913, 0.053049698472, 0.0150141566992]
        dvar2: [0.133030310273, 0.137220129371, 0.0415740311146]
        max: [0.973665833473, 0.974442243576, 0.808999240398]
        mean: [0.475741893053, 0.410845726728, 0.0852779000998]
        min: [0.000887555943336, 0, 0]
        var: [0.0828073471785, 0.0736216977239, 0.0176953729242]

tonal:
    chords_changes_rate: 0.0416666679084
    chords_number_rate: 0.0231481473893
    chords_strength:
        dmean: 0.0104579795152
        dmean2: 0.00857345759869
        dvar: 8.2825012214e-05
        dvar2: 6.09468770563e-05
        max: 0.715162336826
        mean: 0.564875304699
        min: 0.273283272982
        var: 0.00831427145749
    key_strength: 0.850470662117
    tuning_diatonic_strength: 0.599216222763
    tuning_equal_tempered_deviation: 0.216706737876
    tuning_frequency: 444.085327148
    tuning_nontempered_energy_ratio: 0.802468657494
    hpcp:
        dmean: [0.0873093381524, 0.0586167797446, 0.0398658216, 0.0610491074622, 0.111498683691, 0.200494468212, 0.177950397134, 0.160703167319, 0.0682679787278, 0.0487598963082, 0.0503004342318, 0.0674993023276, 0.0610609203577, 0.0502721481025, 0.0374608673155, 0.0418088771403, 0.0723004564643, 0.0807290375233, 0.0615225620568, 0.0947599336505, 0.170599937439, 0.163635805249, 0.140822350979, 0.0664590299129, 0.0370420850813, 0.0469690822065, 0.0742793753743, 0.0754660740495, 0.0589196793735, 0.0667859911919, 0.0582984313369, 0.071341060102, 0.0964655652642, 0.0874345749617, 0.113879770041, 0.124846845865]
        dmean2: [0.155182301998, 0.103421680629, 0.0732271149755, 0.117205381393, 0.199558451772, 0.318351864815, 0.299397498369, 0.278259038925, 0.118849933147, 0.0885282680392, 0.0846417322755, 0.112243078649, 0.102603763342, 0.09126611799, 0.0675686225295, 0.0751842707396, 0.125619277358, 0.137598201632, 0.108715452254, 0.162113085389, 0.275073826313, 0.263283491135, 0.245847269893, 0.118297480047, 0.066681869328, 0.0791808590293, 0.130516305566, 0.127240121365, 0.106386125088, 0.126169532537, 0.106619663537, 0.132184997201, 0.173687830567, 0.150410667062, 0.204018577933, 0.229108273983]
        dvar: [0.0314287059009, 0.0205456484109, 0.00876030884683, 0.0253015831113, 0.0341835990548, 0.0431038960814, 0.0547348968685, 0.038709320128, 0.0235273335129, 0.0231888629496, 0.0164879076183, 0.0245548114181, 0.018018880859, 0.0173159893602, 0.00838543195277, 0.00823148339987, 0.020979469642, 0.0260799136013, 0.0144111923873, 0.0166183486581, 0.0413843281567, 0.0448984354734, 0.0322556197643, 0.0240667741746, 0.00884980242699, 0.0176694970578, 0.0288804937154, 0.0316600389779, 0.0199293009937, 0.0397199355066, 0.0205770339817, 0.0220318175852, 0.0305850841105, 0.027943873778, 0.0449145287275, 0.0520716942847]
        dvar2: [0.0860385894775, 0.0538590885699, 0.0272129178047, 0.0844212472439, 0.100044026971, 0.108059890568, 0.120653092861, 0.0975020006299, 0.0582581423223, 0.0688968449831, 0.0377109758556, 0.0641274154186, 0.0421699732542, 0.0493238121271, 0.0230807475746, 0.0209763143212, 0.0512850135565, 0.0597857683897, 0.0424760654569, 0.0424989312887, 0.0973581895232, 0.0853444635868, 0.0868004933, 0.0620996132493, 0.0248072072864, 0.0346796773374, 0.0822770893574, 0.0693722963333, 0.0518661998212, 0.115914270282, 0.056051377207, 0.0578934289515, 0.0854405611753, 0.0697816461325, 0.131003707647, 0.140953540802]
        max: [1, 1, 0.536660373211, 1, 1, 1, 1, 1, 0.8810942173, 1, 1, 1, 1, 1, 0.667278468609, 0.661834359169, 1, 1, 0.794225990772, 1, 1, 1, 1, 1, 0.914710044861, 1, 1, 1, 0.959670186043, 1, 1, 1, 1, 1, 1, 1]
        mean: [0.111536256969, 0.0565642863512, 0.0319118909538, 0.0488370843232, 0.111241109669, 0.371797740459, 0.487945050001, 0.232933819294, 0.0562108717859, 0.0370684340596, 0.0589088760316, 0.0850546956062, 0.0692958757281, 0.040676612407, 0.0343638062477, 0.0426028259099, 0.0812084823847, 0.10072285682, 0.0637411549687, 0.0983984768391, 0.31869161129, 0.393074005842, 0.190134033561, 0.0534409508109, 0.0335875675082, 0.0598182268441, 0.111973762512, 0.109195902944, 0.0659892708063, 0.0486949495971, 0.0436907783151, 0.0638610869646, 0.0992113426328, 0.0952394530177, 0.104867115617, 0.136527627707]
        min: [9.5597213658e-05, 9.62944177445e-05, 0.000128265688545, 0.000154950976139, 0.000471646111691, 0.00281204562634, 0.0046334429644, 0.00098939484451, 0.000143357145134, 0.000197954359464, 0.000283846602542, 0.000288547802484, 0.000169830163941, 0.000295632577036, 0.000825924274977, 0.000828584481496, 0.00100829149596, 0.000301270454656, 0.000184489224921, 0.000334039039444, 0.000662280188408, 0.0020704807248, 0.000805808464065, 0.000241924280999, 0.0001439096377, 0.000321562460158, 0.000308919785311, 0.000461058167275, 0.000218863147893, 0.000199234986212, 0.000203865842195, 0.000392344139982, 0.000418418436311, 0.000495290325489, 0.000986415660009, 0.000127547682496]
        var: [0.0564278848469, 0.0243235137314, 0.00647386349738, 0.0213640555739, 0.0362893491983, 0.101791843772, 0.153590872884, 0.0616140291095, 0.0193054359406, 0.0157503038645, 0.0244404301047, 0.0383179821074, 0.0253153312951, 0.0117714507505, 0.00635004881769, 0.00800166837871, 0.0252272151411, 0.0412022396922, 0.0158023219556, 0.0182922650129, 0.0966231375933, 0.13843165338, 0.0490930080414, 0.0223692338914, 0.00834068190306, 0.0256407354027, 0.0639582201838, 0.0612385123968, 0.0226132739335, 0.0221612732857, 0.0141024580225, 0.0195767153054, 0.0291230473667, 0.026529636234, 0.0394749492407, 0.0723536461592]
    chords_histogram: [37.9629631042, 0, 0.925925910473, 0, 0, 0, 0, 0, 10.1851854324, 0, 0, 0, 19.4444446564, 0, 0, 0, 0, 0, 0, 24.5370368958, 0, 0, 6.94444465637, 0]
    thpcp: [1, 0.477377146482, 0.115199185908, 0.0759684592485, 0.120728507638, 0.17431204021, 0.142015740275, 0.0833631008863, 0.0704255625606, 0.0873107016087, 0.166429564357, 0.206422537565, 0.130631834269, 0.201658934355, 0.653130114079, 0.805570244789, 0.389662802219, 0.109522476792, 0.0688347369432, 0.122592136264, 0.229480266571, 0.223787292838, 0.135239139199, 0.0997959673405, 0.0895403623581, 0.130877614021, 0.203324824572, 0.195184797049, 0.214915826917, 0.279801249504, 0.228583648801, 0.115923479199, 0.0654005855322, 0.10008726269, 0.227978765965, 0.761966407299]
    chords_key: "E"
    chords_scale: "major"
    key_key: "E"
    key_scale: "major"
    chords_progression: ["Bm", "Bm", "Bm", "Bm", "Bm", "Bm", "Bm", "Bm", "Bm", "Bm", "Bm", "Bm", "Bm", "Bm", "Bm", "Bm", "Bm", "Bm", "Bm", "Bm", "Bm", "Bm", "Bm", "Bm", "Bm", "Bm", "Bm", "Bm", "Bm", "Bm", "Bm", "Bm", "Bm", "Bm", "Bm", "Bm", "Bm", "Bm", "Bm", "Bm", "Bm", "Bm", "Bm", "Bm", "Bm", "Bm", "Bm", "Bm", "Bm", "Bm", "Bm", "Bm", "Bm", "E", "E", "E", "E", "E", "E", "E", "E", "E", "E", "E", "E", "E", "E", "E", "E", "E", "E", "E", "E", "E", "E", "E", "E", "E", "E", "E", "E", "E", "E", "E", "E", "E", "E", "E", "E", "E", "E", "E", "E", "E", "E", "E", "E", "E", "E", "E", "E", "E", "E", "E", "E", "E", "E", "E", "E", "E", "E", "E", "E", "E", "E", "E", "E", "E", "E", "E", "E", "E", "E", "E", "E", "E", "E", "E", "E", "E", "E", "E", "E", "E", "E", "A#", "A#", "A#", "A#", "A#", "A#", "A#", "A#", "A#", "A#", "A#", "A#", "A#", "A#", "A#", "A#", "A#", "A#", "A#", "A#", "A#", "A#", "A#", "A#", "A#", "A#", "A#", "A#", "A#", "A#", "A#", "A#", "A#", "A#", "A#", "A#", "A#", "A#", "A#", "A#", "A#", "A#", "B", "B", "A", "A", "A", "A", "A", "A", "A", "A", "A", "A", "A", "G#", "A", "A", "G#", "G#", "G#", "G#", "G#", "G#", "G#", "G#", "G#", "G#", "A", "A", "G#", "G#", "G#", "G#", "G#", "G#", "G#", "G#", "G#", "G#", "G#"]
