
metadata:
    version:
        essentia: "1.2.2"
    audio_properties:
        analysis_sample_rate: 44100
        bitrate: 128
        channels: 2
        equal_loudness: 1
        length: 10.0310201645
        replay_gain: -14.6992874146
        downmix: "mix"
    tags:
        track: 5
        year: 0
        album: "Splitted by Mp3Splt v. 2.1"
        artist: "From 000.40 To 000.50"
        comment: "http://mp3splt.sf.net"
        genre: ""
        title: "01 Love and Hate Theme.mp3"

highlevel:
    ballroom:
        all:
            ChaChaCha: 0.735880255699
            Jive: 0.0476851426065
            Quickstep: 0.0156593676656
            Rumba-American: 0.00414538988844
            Rumba-International: 0.0479944311082
            Rumba-Misc: 0.0316500216722
            Samba: 0.0970747023821
            Tango: 0.00238557090051
            VienneseWaltz: 0.0015959556913
            Waltz: 0.0159291867167
        probability: 0.735880255699
        value: "ChaChaCha"
    culture:
        all:
            non_western: 0.910875976086
            western: 0.0891240015626
        probability: 0.910875976086
        value: "non_western"
    gender:
        all:
            female: 0.697005689144
            male: 0.302994310856
        probability: 0.697005689144
        value: "female"
    genre_dortmund:
        all:
            alternative: 0.015010561794
            blues: 0.00490252487361
            electronic: 0.850496053696
            folkcountry: 0.0138931497931
            funksoulrnb: 0.00433301646262
            jazz: 0.0482726357877
            pop: 0.0163523554802
            raphiphop: 0.0321161746979
            rock: 0.0146235181019
        probability: 0.850496053696
        value: "electronic"
    genre_electronica:
        all:
            ambient: 0.59726023674
            dnb: 0.0324386619031
            house: 0.285587072372
            techno: 0.0765614137053
            trance: 0.00815263018012
        probability: 0.59726023674
        value: "ambient"
    genre_rosamerica:
        all:
            cla: 0.0743301063776
            dan: 0.0837942957878
            hip: 0.0356807522476
            jaz: 0.0604455955327
            pop: 0.067918650806
            rhy: 0.589543759823
            roc: 0.0411064811051
            spe: 0.047180339694
        probability: 0.589543759823
        value: "rhy"
    genre_tzanetakis:
        all:
            blu: 0.0539259500802
            cla: 0.0569956973195
            cou: 0.0243303682655
            dis: 0.0443094857037
            hip: 0.094071097672
            jaz: 0.0190939903259
            met: 0.0209209714085
            pop: 0.107004739344
            reg: 0.455184310675
            roc: 0.124163374305
        probability: 0.455184310675
        value: "reg"
    live_studio:
        all:
            live: 0.254640758038
            studio: 0.745359241962
        probability: 0.745359241962
        value: "studio"
    mood:
        all:
            Cluster1: 0.730912923813
            Cluster2: 0.0559013746679
            Cluster3: 0.0855991616845
            Cluster4: 0.0472198352218
            Cluster5: 0.0803666934371
        probability: 0.730912923813
        value: "Cluster1"
    mood_acoustic:
        all:
            acoustic: 0.33375698328
            not_acoustic: 0.66624301672
        probability: 0.66624301672
        value: "not_acoustic"
    mood_aggressive:
        all:
            aggressive: 9.55893119681e-06
            not_aggressive: 0.999990463257
        probability: 0.999990463257
        value: "not_aggressive"
    mood_electronic:
        all:
            electronic: 0.727415502071
            not_electronic: 0.272584468126
        probability: 0.727415502071
        value: "electronic"
    mood_happy:
        all:
            happy: 0.109969116747
            not_happy: 0.890030860901
        probability: 0.890030860901
        value: "not_happy"
    mood_party:
        all:
            not_party: 0.671472191811
            party: 0.328527778387
        probability: 0.671472191811
        value: "not_party"
    mood_relaxed:
        all:
            not_relaxed: 0.455566287041
            relaxed: 0.544433712959
        probability: 0.544433712959
        value: "relaxed"
    mood_sad:
        all:
            not_sad: 0.484962463379
            sad: 0.515037536621
        probability: 0.515037536621
        value: "sad"
    rhythm:
        all:
            fast: 0.0867870226502
            medium: 0.887368083
            slow: 0.0258449111134
        probability: 0.887368083
        value: "medium"
    speech_music:
        all:
            music: 0.484748214483
            speech: 0.515251755714
        probability: 0.515251755714
        value: "speech"
    timbre:
        all:
            bright: 0.264892011881
            dark: 0.735107958317
        probability: 0.735107958317
        value: "dark"
    voice_instrumental:
        all:
            instrumental: 0.231805831194
            voice: 0.768194198608
        probability: 0.768194198608
        value: "voice"

lowlevel:
    average_loudness: 0.880238294601
    barkbands_kurtosis:
        dmean: 24.525976181
        dmean2: 38.3194084167
        dvar: 2785.58276367
        dvar2: 5696.77880859
        max: 525.006958008
        mean: 59.7689247131
        min: -1.89320588112
        var: 8720.875
    barkbands_skewness:
        dmean: 1.56265163422
        dmean2: 2.45289945602
        dvar: 6.10525131226
        dvar2: 12.3467130661
        max: 18.330947876
        mean: 4.0132689476
        min: -3.96373462677
        var: 18.9718666077
    barkbands_spread:
        dmean: 7.43247842789
        dmean2: 11.2695846558
        dvar: 122.329338074
        dvar2: 224.783813477
        max: 72.2794876099
        mean: 18.808013916
        min: 0.180101230741
        var: 393.984527588
    dissonance:
        dmean: 0.0351995639503
        dmean2: 0.0576930046082
        dvar: 0.00231288210489
        dvar2: 0.00546083180234
        max: 0.499682962894
        mean: 0.43576130271
        min: 0.0982280373573
        var: 0.00437363190576
    hfc:
        dmean: 1.60273718834
        dmean2: 2.34883451462
        dvar: 20.5267696381
        dvar2: 38.3527793884
        max: 25.5380401611
        mean: 1.85308480263
        min: 0.000687118794303
        var: 27.6509113312
    pitch:
        dmean: 683.369873047
        dmean2: 1294.29211426
        dvar: 1750608.625
        dvar2: 3570057.75
        max: 4900
        mean: 1445.75976562
        min: 53.3252716064
        var: 3023655
    pitch_instantaneous_confidence:
        dmean: 0.0820892676711
        dmean2: 0.135585948825
        dvar: 0.00686174863949
        dvar2: 0.0157648809254
        max: 0.793130278587
        mean: 0.493939101696
        min: 0.16515570879
        var: 0.0176256354898
    pitch_salience:
        dmean: 0.0835415348411
        dmean2: 0.141407072544
        dvar: 0.0090906098485
        dvar2: 0.0259364694357
        max: 0.926632404327
        mean: 0.542227625847
        min: 0.264183670282
        var: 0.0178422424942
    silence_rate_20dB:
        dmean: 0
        dmean2: 0
        dvar: 0
        dvar2: 0
        max: 1
        mean: 1
        min: 1
        var: 0
    silence_rate_30dB:
        dmean: 0
        dmean2: 0
        dvar: 0
        dvar2: 0
        max: 1
        mean: 1
        min: 1
        var: 0
    silence_rate_60dB:
        dmean: 0.0821256041527
        dmean2: 0.164648905396
        dvar: 0.0753808021545
        dvar2: 0.176280558109
        max: 1
        mean: 0.898795187473
        min: 0
        var: 0.0909624695778
    spectral_centroid:
        dmean: 329.616546631
        dmean2: 500.677032471
        dvar: 308624.875
        dvar2: 628541.9375
        max: 4547.20800781
        mean: 956.392700195
        min: 93.6412658691
        var: 1009685.4375
    spectral_complexity:
        dmean: 2.31979703903
        dmean2: 3.5089058876
        dvar: 35.6895637512
        dvar2: 63.5476799011
        max: 36
        mean: 3.13670897484
        min: 0
        var: 48.4116439819
    spectral_crest:
        dmean: 2.71833705902
        dmean2: 4.44936275482
        dvar: 11.770942688
        dvar2: 28.3424053192
        max: 24.957485199
        mean: 15.0626869202
        min: 4.61459732056
        var: 33.7865524292
    spectral_decrease:
        dmean: 2.47878301218e-10
        dmean2: 3.89847598647e-10
        dvar: 4.59485336889e-19
        dvar2: 8.37874868801e-19
        max: -7.3782614133e-13
        mean: -3.06575875797e-10
        min: -3.88291221398e-09
        var: 5.93822156705e-19
    spectral_energy:
        dmean: 0.00106952048372
        dmean2: 0.00167309236713
        dvar: 8.66988921189e-06
        dvar2: 1.56639489433e-05
        max: 0.0164815057069
        mean: 0.00132516829763
        min: 2.84772795567e-06
        var: 1.13671312647e-05
    spectral_energyband_high:
        dmean: 0.00014430952433
        dmean2: 0.000200145572308
        dvar: 1.59648990916e-07
        dvar2: 3.0029494269e-07
        max: 0.00247506331652
        mean: 0.000152262160555
        min: 3.03070735175e-10
        var: 2.0522922739e-07
    spectral_energyband_low:
        dmean: 9.84191137832e-05
        dmean2: 0.000160683019203
        dvar: 9.93984343722e-08
        dvar2: 2.53313857002e-07
        max: 0.00257596303709
        mean: 8.03820003057e-05
        min: 6.72158370629e-11
        var: 8.54444195397e-08
    spectral_energyband_middle_high:
        dmean: 0.000309971161187
        dmean2: 0.00048998958664
        dvar: 7.94067148036e-07
        dvar2: 1.62716980867e-06
        max: 0.0049892142415
        mean: 0.000340331083862
        min: 9.38756961055e-10
        var: 1.01334148894e-06
    spectral_energyband_middle_low:
        dmean: 0.000620025792159
        dmean2: 0.000995900947601
        dvar: 3.02469720737e-06
        dvar2: 5.83658811593e-06
        max: 0.0107844443992
        mean: 0.000752190477215
        min: 1.8779602442e-06
        var: 3.62987475455e-06
    spectral_flatness_db:
        dmean: 0.0378428138793
        dmean2: 0.0577103123069
        dvar: 0.00330209196545
        dvar2: 0.00653684604913
        max: 0.596341252327
        mean: 0.292911231518
        min: 0.0964450538158
        var: 0.0174279864877
    spectral_flux:
        dmean: 0.00966064352542
        dmean2: 0.0166754480451
        dvar: 0.000446161429863
        dvar2: 0.00102057366166
        max: 0.120928838849
        mean: 0.0171515867114
        min: 0.000136276750709
        var: 0.000749967817683
    spectral_kurtosis:
        dmean: 4.43948459625
        dmean2: 6.62199306488
        dvar: 66.8136825562
        dvar2: 128.018249512
        max: 139.690155029
        mean: 12.8005228043
        min: -1.0211302042
        var: 480.367370605
    spectral_rms:
        dmean: 0.000316803460009
        dmean2: 0.000484824849991
        dvar: 5.27085887825e-07
        dvar2: 9.14519944217e-07
        max: 0.00400992715731
        mean: 0.000689525040798
        min: 5.27093070559e-05
        var: 8.17401883069e-07
    spectral_rolloff:
        dmean: 570.137512207
        dmean2: 966.035095215
        dvar: 1217660.5
        dvar2: 2251693
        max: 6007.76367188
        mean: 1677.89709473
        min: 86.1328125
        var: 3497279.25
    spectral_skewness:
        dmean: 0.481177419424
        dmean2: 0.695462584496
        dvar: 0.382184207439
        dvar2: 0.646401762962
        max: 10.3988180161
        mean: 2.42136287689
        min: 0.267000377178
        var: 3.71839332581
    spectral_spread:
        dmean: 1036156.8125
        dmean2: 1562869.875
        dvar: 1.9914054697e+12
        dvar2: 4.15443792691e+12
        max: 18124782
        mean: 5555067
        min: 779240.8125
        var: 8.28592567091e+12
    spectral_strongpeak:
        dmean: 0.0660776793957
        dmean2: 0.103498674929
        dvar: 0.0126688005403
        dvar2: 0.0316394455731
        max: 0.968519449234
        mean: 0.0952585116029
        min: 0.00406303070486
        var: 0.0184294655919
    zerocrossingrate:
        dmean: 0.0143101103604
        dmean2: 0.0149453822523
        dvar: 0.000320781546179
        dvar2: 0.000371752190404
        max: 0.21435546875
        mean: 0.0556652992964
        min: 0.00830078125
        var: 0.00252803089097
    barkbands:
        dmean: [2.3696190965e-07, 2.98665690934e-05, 7.67051242292e-05, 0.000269271200523, 0.000327602901962, 0.000107175517769, 2.68299609161e-05, 2.84658835881e-05, 3.46088818333e-05, 1.979962326e-05, 2.15779473365e-05, 1.40734573506e-05, 1.02872309071e-05, 8.43610087031e-06, 1.10435203169e-05, 2.42309361056e-05, 2.60270826402e-05, 6.49013672955e-05, 0.000124983343994, 7.66122757341e-05, 6.1223814555e-05, 2.88075461867e-05, 4.03171679864e-06, 8.60103568812e-07, 4.17866658609e-07, 4.71523335932e-08, 2.23705068358e-10]
        dmean2: [2.8044266287e-07, 5.1209677622e-05, 0.000134811503813, 0.000408645923017, 0.000484712625621, 0.000196249879082, 4.37870257883e-05, 5.05043753947e-05, 6.25443281024e-05, 3.47923232766e-05, 3.65555097233e-05, 2.35409806919e-05, 1.62666801771e-05, 1.40908314279e-05, 1.80544066097e-05, 3.88924563595e-05, 4.54772634839e-05, 9.32920374908e-05, 0.000205945267226, 0.000105906896351, 9.64109931374e-05, 4.37439048255e-05, 6.0477864281e-06, 1.19131425436e-06, 5.83651456054e-07, 6.58861267766e-08, 3.74155650906e-10]
        dvar: [9.05404982758e-13, 2.03761043593e-08, 6.95314383847e-08, 8.00440602688e-07, 7.60601551519e-07, 1.49033482444e-07, 3.30870686405e-09, 9.73283853511e-09, 1.17569607383e-08, 3.64836205691e-09, 4.2749350726e-09, 1.79437609216e-09, 9.93601756427e-10, 7.85908282896e-10, 1.00253194635e-09, 6.9693544269e-09, 6.02656990978e-09, 3.71178821013e-08, 1.37011113566e-07, 4.34746532108e-08, 3.08960856898e-08, 7.27622317953e-09, 1.27703819741e-10, 4.73636624712e-12, 9.37822410875e-13, 1.26054714762e-14, 2.62587761672e-19]
        dvar2: [9.15359042904e-13, 5.40137605753e-08, 1.91980916497e-07, 1.89075717572e-06, 1.58755585744e-06, 4.33862453519e-07, 8.24000956356e-09, 2.71978564115e-08, 3.27544604772e-08, 1.02946424718e-08, 9.60131707473e-09, 4.33589519844e-09, 2.20091234127e-09, 1.61074820149e-09, 2.38788810947e-09, 1.677198469e-08, 1.44505829525e-08, 8.04574469271e-08, 3.04179224031e-07, 8.68839151735e-08, 5.9373896022e-08, 1.49688546003e-08, 3.09335224102e-10, 9.7751607156e-12, 2.08265891512e-12, 2.68454675129e-14, 6.8097023543e-19]
        max: [1.05386970972e-05, 0.00119808816817, 0.00249880109914, 0.0063478210941, 0.00694741029292, 0.00314123788849, 0.000348260859028, 0.000644399900921, 0.000705566082615, 0.000552060082555, 0.000427124381531, 0.000289060961222, 0.000261699955445, 0.000230439138249, 0.000197910980205, 0.000653924478684, 0.00049314944772, 0.00115883233957, 0.00232217437588, 0.00134597322904, 0.00106471008621, 0.000578658713493, 8.63947207108e-05, 1.56991682161e-05, 1.06910974864e-05, 1.05559036001e-06, 3.96105237499e-09]
        mean: [3.87427235182e-07, 2.67992927547e-05, 5.31989935553e-05, 0.000209887264646, 0.000373607734218, 8.98528305697e-05, 2.90260923066e-05, 1.99485621124e-05, 2.68992062047e-05, 1.762264219e-05, 2.1559148081e-05, 1.21183611554e-05, 9.37023378356e-06, 8.01852547738e-06, 1.08508311314e-05, 2.25698386203e-05, 2.50715766015e-05, 6.21494182269e-05, 0.000126488201204, 7.94449879322e-05, 6.67347630952e-05, 2.79978976323e-05, 3.86249303119e-06, 1.06296283775e-06, 5.80112498483e-07, 5.94928657449e-08, 2.36874519999e-10]
        min: [4.29314922371e-14, 2.54262236266e-12, 2.28137300717e-11, 4.59457027979e-10, 7.838745546e-07, 2.44826651397e-07, 3.22559756682e-11, 3.05924729993e-11, 8.23422025009e-11, 6.31920973881e-11, 2.29694336468e-11, 1.24000454002e-11, 1.36697250741e-11, 7.73985216196e-12, 1.3176536251e-11, 2.55909789887e-11, 5.69657342131e-11, 1.28041369174e-10, 1.18564560947e-10, 9.20503465118e-11, 8.72942829133e-11, 4.03150117456e-11, 1.19954020675e-11, 9.4944321502e-12, 9.14095101695e-12, 3.16126058707e-13, 4.44865515546e-16]
        var: [2.65567624315e-12, 1.64922262513e-08, 4.59176945355e-08, 6.91452100909e-07, 9.2548793873e-07, 8.41346974312e-08, 4.07035471994e-09, 6.055662638e-09, 8.9240810297e-09, 2.88872992193e-09, 4.73951766722e-09, 1.64442071071e-09, 1.02010488945e-09, 8.47201531151e-10, 1.12111198103e-09, 6.67681065991e-09, 6.10936989887e-09, 4.06216855708e-08, 1.57687523483e-07, 5.44527871682e-08, 3.87310272743e-08, 7.92157539564e-09, 1.20221624322e-10, 6.9637256031e-12, 2.21628726656e-12, 2.26311194584e-14, 3.23161163953e-19]
    mfcc:
        mean: [-1002.34881592, 104.133491516, 5.63500833511, 68.5253143311, -18.5424594879, -13.9644098282, -13.1028842926, -17.6034088135, -22.9717769623, -28.1300067902, -23.7784233093, -24.9072761536, -20.9214324951]
        cov: [[39929.25, -4725.66113281, -2866.31884766, -958.763061523, -1051.63757324, 669.364074707, 728.500183105, 1539.17272949, 2060.39599609, 1998.20178223, 1794.84655762, 1833.23181152, 1976.94958496], [-4725.66113281, 3419.11254883, 357.322570801, -235.329833984, 39.6861000061, -305.741882324, -67.7441177368, 131.052139282, -48.60962677, -148.636108398, -56.9154052734, -127.070152283, -227.332839966], [-2866.31884766, 357.322570801, 845.908691406, 205.086608887, 8.94733715057, -14.9326133728, -65.4802246094, 47.5792961121, -49.1208953857, -126.028427124, -49.666053772, -81.0818939209, -38.5216789246], [-958.763061523, -235.329833984, 205.086608887, 430.665344238, 193.840240479, 141.873565674, 48.7903060913, 1.08364367485, -4.17643737793, -5.31503677368, -10.3065042496, -9.93406867981, 14.9848556519], [-1051.63757324, 39.6861000061, 8.94733715057, 193.840240479, 340.975463867, 73.9769515991, 34.6031188965, -49.9414291382, -25.9116363525, -2.72837901115, -9.19670200348, -2.78183984756, -4.41907691956], [669.364074707, -305.741882324, -14.9326133728, 141.873565674, 73.9769515991, 235.330780029, 122.178207397, 6.3769993782, 28.5480670929, 73.4576416016, 49.0438919067, 62.2450218201, 67.9131774902], [728.500183105, -67.7441177368, -65.4802246094, 48.7903060913, 34.6031188965, 122.178207397, 150.664611816, 38.4872169495, 40.4111213684, 58.889377594, 32.0072250366, 23.0999393463, 16.0242958069], [1539.17272949, 131.052139282, 47.5792961121, 1.08364367485, -49.9414291382, 6.3769993782, 38.4872169495, 319.863311768, 184.714401245, 61.1752662659, 152.171722412, 99.9839019775, 108.149688721], [2060.39599609, -48.60962677, -49.1208953857, -4.17643737793, -25.9116363525, 28.5480670929, 40.4111213684, 184.714401245, 232.890640259, 160.932189941, 161.445419312, 146.337738037, 161.84034729], [1998.20178223, -148.636108398, -126.028427124, -5.31503677368, -2.72837901115, 73.4576416016, 58.889377594, 61.1752662659, 160.932189941, 239.505630493, 167.047119141, 175.67578125, 183.137664795], [1794.84655762, -56.9154052734, -49.666053772, -10.3065042496, -9.19670200348, 49.0438919067, 32.0072250366, 152.171722412, 161.445419312, 167.047119141, 254.004104614, 200.85508728, 208.527786255], [1833.23181152, -127.070152283, -81.0818939209, -9.93406867981, -2.78183984756, 62.2450218201, 23.0999393463, 99.9839019775, 146.337738037, 175.67578125, 200.85508728, 266.12387085, 247.171066284], [1976.94958496, -227.332839966, -38.5216789246, 14.9848556519, -4.41907691956, 67.9131774902, 16.0242958069, 108.149688721, 161.84034729, 183.137664795, 208.527786255, 247.171066284, 303.212982178]]
        icov: [[0.000139373893035, 0.000141762007843, 0.000283693603706, 0.000181470459211, 0.000250302953646, -5.049659012e-05, -0.000222001981456, -0.00029954846832, -0.000493313069455, -0.000283391069388, 1.89993806998e-05, -1.74416290974e-05, -0.00020620241412], [0.000141762007843, 0.00057375972392, -1.40902884027e-07, 0.000527520198375, -0.000106248400698, 0.000558848318178, -0.000579241488595, -0.000612719217315, -0.000286310823867, -0.000481812370708, -3.07799673465e-05, -0.00040347254253, 0.000396131916204], [0.000283693603706, -1.40902884027e-07, 0.00242161308415, -0.000869566050824, 0.00115792278666, -0.000513163628057, 0.000508320576046, -0.000859045307152, -0.000921092170756, 0.000285249669105, -0.000114055619633, 0.000851986231282, -0.00138453906402], [0.000181470459211, 0.000527520198375, -0.000869566050824, 0.00513951806352, -0.00213573500514, -0.0022593701724, 0.000203995732591, -0.00103671045508, -0.000862786662765, -0.000659787794575, 0.000688449363224, 0.000553706369828, -0.000384048966225], [0.000250302953646, -0.000106248400698, 0.00115792278666, -0.00213573500514, 0.00504117831588, -0.000363910570741, -0.00069650739897, 0.000704074453097, -0.00118248455692, 0.000325400586007, -0.000645468942821, -0.000211386170122, -0.000467481964733], [-5.049659012e-05, 0.000558848318178, -0.000513163628057, -0.0022593701724, -0.000363910570741, 0.0115572651848, -0.00837970804423, 0.000610698771197, 0.00212537846528, -0.000623676518444, -0.000205782809644, -0.00165669748094, -0.000839867512695], [-0.000222001981456, -0.000579241488595, 0.000508320576046, 0.000203995732591, -0.00069650739897, -0.00837970804423, 0.0153973875567, -0.00202226918191, 0.000694536254741, -0.00286961649545, 0.000544031499885, 0.00138093321584, 0.00270463107154], [-0.00029954846832, -0.000612719217315, -0.000859045307152, -0.00103671045508, 0.000704074453097, 0.000610698771197, -0.00202226918191, 0.0104874195531, -0.00796572864056, 0.00740211363882, -0.00471996515989, -0.000106151215732, 0.000788974168245], [-0.000493313069455, -0.000286310823867, -0.000921092170756, -0.000862786662765, -0.00118248455692, 0.00212537846528, 0.000694536254741, -0.00796572864056, 0.0202992837876, -0.00934500806034, 0.00125922076404, 0.000772244122345, -0.00144739914685], [-0.000283391069388, -0.000481812370708, 0.000285249669105, -0.000659787794575, 0.000325400586007, -0.000623676518444, -0.00286961649545, 0.00740211363882, -0.00934500806034, 0.0177257973701, -0.00485976086929, -0.00227886647917, -0.00130720750894], [1.89993806998e-05, -3.07799673465e-05, -0.000114055619633, 0.000688449363224, -0.000645468942821, -0.000205782809644, 0.000544031499885, -0.00471996515989, 0.00125922076404, -0.00485976086929, 0.014754361473, -0.00442329840735, -0.00278210523538], [-1.74416290974e-05, -0.00040347254253, 0.000851986231282, 0.000553706369828, -0.000211386170122, -0.00165669748094, 0.00138093321584, -0.000106151215732, 0.000772244122345, -0.00227886647917, -0.00442329840735, 0.019593777135, -0.0117411119863], [-0.00020620241412, 0.000396131916204, -0.00138453906402, -0.000384048966225, -0.000467481964733, -0.000839867512695, 0.00270463107154, 0.000788974168245, -0.00144739914685, -0.00130720750894, -0.00278210523538, -0.0117411119863, 0.0175859443843]]
    spectral_contrast:
        mean: [-1.52802925868e-07, -8.67473914923e-08, -6.58291821054e-09, -1.32978721368e-08, -7.61166404573e-07, -6.78663027998e-08, 3.63497792932e-06, -4.1820203478e-06, 1.71842452801e-06, 2.31220747082e-06, -2.997057436e-06, 3.92394713344e-06]
        var: [0.000331030809321, 0.000593087053858, 0.00092850800138, 0.00139193516225, 0.00257199816406, 0.00829898193479, 0.0929179415107, 0.150085285306, 0.290421932936, 0.848685204983, 1.59800982475, 21.6694793701]

rhythm:
    beats_loudness:
        dmean: 0.00523427827284
        dmean2: 0.0102114379406
        dvar: 3.00815336232e-05
        dvar2: 9.67060695984e-05
        max: 0.0143131902441
        mean: 0.00488714128733
        min: 5.95571373196e-06
        var: 3.48470384779e-05
    beats_loudness_bass:
        dmean: 0.141861468554
        dmean2: 0.230474665761
        dvar: 0.0355926342309
        dvar2: 0.0854163020849
        max: 0.557169675827
        mean: 0.122920036316
        min: 0.000572278513573
        var: 0.0300791151822
    bpm: 95.4588928223
    bpm_confidence: 0
    first_peak_bpm: 191
    first_peak_spread: 0
    first_peak_weight: 0.523809552193
    onset_rate: 2.49226880074
    second_peak_bpm: 95
    second_peak_spread: 0
    second_peak_weight: 0.428571432829
    beats_position: [0.117453694344, 0.745998442173, 1.37454319, 2.00308799744, 2.63163256645, 3.26017737389, 3.88872218132, 4.51726722717, 5.14581203461, 5.77435684204, 6.27659416199, 6.59000396729, 6.90341472626, 7.21682453156, 7.53023529053, 7.84364509583, 8.1570558548, 8.4704656601, 8.78387641907, 9.09728622437, 9.41069602966, 9.72410678864]
    bpm_estimates: [95.4437484741, 95.4405899048, 95.5944976807, 95.5914382935, 95.5023117065, 95.5054626465, 95.5676116943, 95.5185241699, 95.6263275146, 95.1004638672, 95.1568069458]
    bpm_intervals: [0.628544747829, 0.628544747829, 0.628544807434, 0.628544569016, 0.628544807434, 0.628544807434, 0.628545045853, 0.628544807434, 0.628544807434, 0.502237319946, 0.313409805298, 0.313410758972, 0.313409805298, 0.313410758972, 0.313409805298, 0.313410758972, 0.313409805298, 0.313410758972, 0.313409805298, 0.313409805298, 0.313410758972]
    onset_times: [0.104489795864, 0.441179126501, 0.743038535118, 1.24226760864, 1.369977355, 1.64861679077, 1.99691605568, 2.11301589012, 2.36843538284, 2.62385487556, 3.26240372658, 3.90095233917, 4.21442174911, 4.55111122131, 4.85297060013, 5.16644001007, 5.79337882996, 6.42031764984, 7.6858048439, 8.63782310486, 8.95129299164, 9.11383247375, 9.42730140686, 9.74077129364, 9.90331077576]
    rubato_start: [6.59000396729]
    rubato_stop: [9.72410678864]
    perceptual_tempo: "unknown"

sfx:
    inharmonicity:
        dmean: 0.0305604375899
        dmean2: 0.0535002201796
        dvar: 0.00210039666854
        dvar2: 0.00558623299003
        max: 0.362735420465
        mean: 0.0312824696302
        min: 6.82033373778e-07
        var: 0.00244875205681
    oddtoevenharmonicenergyratio:
        dmean: 570.571289062
        dmean2: 1143.70385742
        dvar: 44707980
        dvar2: 134136816
        max: 93400.3984375
        mean: 284.908630371
        min: 3.26978874909e-06
        var: 22378586
    pitch_after_max_to_before_max_energy_ratio: 3.57249760628
    pitch_centroid: 191.670623779
    pitch_max_to_total: 0.237974688411
    pitch_min_to_total: 0.526582300663
    tristimulus:
        dmean: [0.205589309335, 0.216876596212, 0.102452583611]
        dmean2: [0.367473989725, 0.387887626886, 0.18010430038]
        dvar: [0.0762547552586, 0.0759514197707, 0.0252476222813]
        dvar2: [0.176714137197, 0.194368883967, 0.0665752068162]
        max: [0.994180142879, 0.99191069603, 0.893542289734]
        mean: [0.557365357876, 0.28531140089, 0.106417134404]
        min: [0.001811007387, 0, 0]
        var: [0.141726016998, 0.100434221327, 0.0301429647952]

tonal:
    chords_changes_rate: 0.0492610819638
    chords_number_rate: 0.019704433158
    chords_strength:
        dmean: 0.00953925214708
        dmean2: 0.00861299596727
        dvar: 7.2948889283e-05
        dvar2: 5.53125973966e-05
        max: 0.679609119892
        mean: 0.545756220818
        min: 0.28834477067
        var: 0.00925668887794
    key_strength: 0.715142309666
    tuning_diatonic_strength: 0.469471812248
    tuning_equal_tempered_deviation: 0.290798962116
    tuning_frequency: 446.142181396
    tuning_nontempered_energy_ratio: 0.975882291794
    hpcp:
        dmean: [0.18288525939, 0.139522209764, 0.116613730788, 0.0981557369232, 0.105394534767, 0.140682980418, 0.152039408684, 0.158550471067, 0.165955975652, 0.140154421329, 0.0818046033382, 0.0663237944245, 0.0646131485701, 0.0779184550047, 0.0990817919374, 0.0913858488202, 0.0710589140654, 0.069620706141, 0.0771948993206, 0.0883575081825, 0.115163370967, 0.0969681218266, 0.0971617549658, 0.0899102911353, 0.0634867995977, 0.0568711720407, 0.0614488348365, 0.0774745717645, 0.126416295767, 0.210890099406, 0.174370542169, 0.146475940943, 0.126284360886, 0.111020363867, 0.157400399446, 0.195462137461]
        dmean2: [0.321435004473, 0.252611488104, 0.200898945332, 0.171578198671, 0.182770416141, 0.23408216238, 0.263329714537, 0.287001281977, 0.286715239286, 0.246372789145, 0.147360742092, 0.112824037671, 0.109057098627, 0.134273052216, 0.167070567608, 0.157776638865, 0.1269864887, 0.125801712275, 0.147321075201, 0.156504869461, 0.194378912449, 0.163877651095, 0.178021356463, 0.161836817861, 0.110483653843, 0.10099683702, 0.109325639904, 0.141514658928, 0.217397525907, 0.371315509081, 0.302186727524, 0.270721435547, 0.230494469404, 0.196656748652, 0.268412858248, 0.345934271812]
        dvar: [0.0559057891369, 0.048696924001, 0.0374568589032, 0.0366041325033, 0.0327577553689, 0.0378053598106, 0.041572522372, 0.0429623015225, 0.0563743077219, 0.0357188358903, 0.0257877949625, 0.0197113901377, 0.0144624225795, 0.0149295199662, 0.0275156795979, 0.0171891208738, 0.0196721348912, 0.0194313172251, 0.0356997139752, 0.0231111049652, 0.0352975018322, 0.0201973896474, 0.0397974438965, 0.0341309681535, 0.0148523906246, 0.0174536500126, 0.0207705739886, 0.0333129912615, 0.029591595754, 0.0750294029713, 0.0549733191729, 0.0732439085841, 0.0501439683139, 0.0403885617852, 0.0436851531267, 0.0830520093441]
        dvar2: [0.145833835006, 0.140512377024, 0.100376158953, 0.104570567608, 0.082312092185, 0.0786424428225, 0.105467647314, 0.125319629908, 0.137114316225, 0.0980382114649, 0.0697179958224, 0.0499758496881, 0.0370079725981, 0.0427732355893, 0.0678688809276, 0.0426786877215, 0.0554948672652, 0.0483518913388, 0.10086927563, 0.0634430572391, 0.0909191220999, 0.0530534088612, 0.11370550096, 0.0964958444238, 0.0408406928182, 0.0424982234836, 0.0583655573428, 0.0954904332757, 0.0775713920593, 0.186261683702, 0.14642560482, 0.208720654249, 0.129606768489, 0.0906182155013, 0.111773513258, 0.195153668523]
        max: [1, 1, 1, 1, 1, 1, 1, 1, 1, 1, 1, 1, 0.943692982197, 0.686008691788, 1, 0.775438129902, 0.863406419754, 0.70287245512, 1, 1, 1, 1, 1, 1, 1, 0.992342472076, 1, 1, 1, 1, 1, 1, 1, 1, 1, 1]
        mean: [0.258562296629, 0.122073218226, 0.111837312579, 0.0849412232637, 0.152053639293, 0.342739224434, 0.297129124403, 0.215283468366, 0.343396902084, 0.242002397776, 0.0770973786712, 0.0615289658308, 0.0575612559915, 0.144665896893, 0.284825026989, 0.203384116292, 0.0658066794276, 0.0588142983615, 0.0517579391599, 0.0854576006532, 0.163856118917, 0.133102431893, 0.072116240859, 0.0699820891023, 0.0550303049386, 0.0500081442297, 0.0540794283152, 0.0629511550069, 0.167858719826, 0.322179973125, 0.245562568307, 0.107116773725, 0.0981361716986, 0.105041496456, 0.227630108595, 0.373025119305]
        min: [0, 0, 0, 0, 5.82228312851e-05, 8.14133600215e-05, 3.7917849113e-05, 0.000395717914216, 0, 0, 0, 0, 0, 4.31082626164e-05, 2.8282212952e-05, 3.57371427526e-05, 2.93881948892e-05, 0, 0, 0, 0, 0, 0, 0, 0, 0, 0, 0, 3.06312613247e-05, 1.51949564042e-07, 3.83184124075e-05, 6.99638403603e-05, 0, 0, 0, 0]
        var: [0.0882264897227, 0.0423029921949, 0.0410550832748, 0.0287448037416, 0.0329658985138, 0.141009628773, 0.0944923982024, 0.0510414727032, 0.151465713978, 0.0747622549534, 0.0247226767242, 0.0216696187854, 0.0151480631903, 0.02729758434, 0.122552730143, 0.0503533892334, 0.0168628040701, 0.0166818611324, 0.0214447900653, 0.0179791525006, 0.0533288195729, 0.0311503242701, 0.0263113174587, 0.0254610739648, 0.0125915808603, 0.0136810690165, 0.0144626013935, 0.0217020362616, 0.0365373007953, 0.138757333159, 0.077869169414, 0.0510232821107, 0.0406939536333, 0.0434762425721, 0.0665390491486, 0.164371654391]
    chords_histogram: [0, 0, 33.0049247742, 0, 0.985221683979, 0, 0, 0, 0, 0.49261084199, 0, 0, 0, 0, 0, 0, 3.44827580452, 0, 0, 10.344827652, 0, 0, 0, 51.7241363525]
    thpcp: [1, 0.693149805069, 0.32725200057, 0.29981175065, 0.227709129453, 0.407623052597, 0.918810009956, 0.796539187431, 0.577128589153, 0.920573115349, 0.648756325245, 0.206681460142, 0.16494590044, 0.154309332371, 0.387818098068, 0.763554573059, 0.545229017735, 0.176413536072, 0.157668471336, 0.138751894236, 0.229093417525, 0.439262956381, 0.356818944216, 0.193328112364, 0.18760690093, 0.147524401546, 0.134061068296, 0.144975304604, 0.168758481741, 0.44999307394, 0.863695085049, 0.658300340176, 0.287156999111, 0.263081938028, 0.281593620777, 0.610227286816]
    chords_key: "G#"
    chords_scale: "minor"
    key_key: "B"
    key_scale: "major"
    chords_progression: ["Gm", "G", "G#m", "G", "G", "G", "G", "G", "G", "G#m", "G#m", "G#m", "G#m", "G#m", "G#m", "G#m", "G#m", "G#m", "G#m", "G#m", "G#m", "G#m", "G#m", "G#m", "G#m", "G#m", "G#m", "G#m", "G#m", "G#m", "G#m", "G#m", "G#m", "G#m", "G#m", "G#m", "G#m", "G#m", "G#m", "G#m", "G#m", "G#m", "G#m", "G#m", "G#m", "G#m", "G#m", "G#m", "G#m", "G#m", "G#m", "G#m", "G#m", "G#m", "G#m", "G#m", "G#m", "G#m", "G#m", "G#m", "G#m", "G#m", "G#m", "G#m", "G#m", "G#m", "G#m", "G#m", "G#m", "G#m", "G#m", "G#m", "G#m", "G#m", "G#m", "G#m", "G#m", "G#m", "G#m", "G#m", "G#m", "G#m", "G#m", "G#m", "G#m", "G#m", "G#m", "G#m", "G#m", "G#m", "G#m", "G#m", "G#m", "G#m", "G#m", "G#m", "G#m", "G#m", "G#m", "G#m", "G#m", "G#m", "G#m", "G#m", "G#m", "G#m", "G#m", "G#m", "G#m", "G#m", "G#m", "G#m", "G#m", "C#", "C#", "F#m", "F#m", "F#m", "F#m", "F#m", "F#m", "F#m", "F#m", "F#m", "F#m", "F#m", "F#", "F#m", "F#m", "F#m", "F#", "F#", "F#", "F#", "F#", "F#", "F#", "F#", "F#", "F#", "F#", "F#", "F#", "F#", "F#", "F#", "F#", "F#", "F#", "F#", "F#", "F#", "F#", "F#", "F#", "F#", "F#", "F#", "F#", "F#", "F#", "F#", "F#", "F#", "F#", "F#", "F#", "F#", "F#", "F#", "F#", "F#", "F#", "F#", "F#", "F#", "F#", "F#", "F#", "F#", "F#", "F#", "F#", "F#", "F#", "F#", "F#", "F#", "F#", "F#", "F#", "F#", "F#", "F#", "F#", "F#", "F#m", "F#m", "F#m", "F#m", "F#m", "F#m", "F#m"]
