
metadata:
    version:
        essentia: "1.2.2"
    audio_properties:
        analysis_sample_rate: 44100
        bitrate: 128
        channels: 2
        equal_loudness: 1
        length: 10.0048980713
        replay_gain: -13.9472293854
        downmix: "mix"
    tags:
        track: 7
        year: 0
        album: "Splitted by Mp3Splt v. 2.1"
        artist: "From 001.00 To 001.10"
        comment: "http://mp3splt.sf.net"
        genre: ""
        title: "05 I Hung My Head.mp3"

highlevel:
    ballroom:
        all:
            ChaChaCha: 0.0111815994605
            Jive: 0.00822610035539
            Quickstep: 0.0969118326902
            Rumba-American: 0.0154913114384
            Rumba-International: 0.149188324809
            Rumba-Misc: 0.137387320399
            Samba: 0.0095562338829
            Tango: 0.0834024325013
            VienneseWaltz: 0.154670745134
            Waltz: 0.333984106779
        probability: 0.333984106779
        value: "Waltz"
    culture:
        all:
            non_western: 0.762462556362
            western: 0.237537443638
        probability: 0.762462556362
        value: "non_western"
    gender:
        all:
            female: 0.0619604252279
            male: 0.938039600849
        probability: 0.938039600849
        value: "male"
    genre_dortmund:
        all:
            alternative: 0.0657022148371
            blues: 0.0818222612143
            electronic: 0.0227574091405
            folkcountry: 0.410113692284
            funksoulrnb: 0.0329117141664
            jazz: 0.107669346035
            pop: 0.115769065917
            raphiphop: 0.0157489795238
            rock: 0.147505313158
        probability: 0.410113692284
        value: "folkcountry"
    genre_electronica:
        all:
            ambient: 0.953050911427
            dnb: 0.00524296145886
            house: 0.0332557223737
            techno: 0.00326075754128
            trance: 0.005189654883
        probability: 0.953050911427
        value: "ambient"
    genre_rosamerica:
        all:
            cla: 0.209874346852
            dan: 0.0192777309567
            hip: 0.0385686978698
            jaz: 0.373947739601
            pop: 0.132634520531
            rhy: 0.123960144818
            roc: 0.0770289674401
            spe: 0.0247078482062
        probability: 0.373947739601
        value: "jaz"
    genre_tzanetakis:
        all:
            blu: 0.041114103049
            cla: 0.0527454502881
            cou: 0.342397421598
            dis: 0.0265842732042
            hip: 0.00794847775251
            jaz: 0.0541773177683
            met: 0.00597089109942
            pop: 0.164808914065
            reg: 0.109041787684
            roc: 0.19521138072
        probability: 0.342397421598
        value: "cou"
    live_studio:
        all:
            live: 0.123581446707
            studio: 0.876418530941
        probability: 0.876418530941
        value: "studio"
    mood:
        all:
            Cluster1: 0.0327644720674
            Cluster2: 0.0705131292343
            Cluster3: 0.820973932743
            Cluster4: 0.0696402639151
            Cluster5: 0.00610820343718
        probability: 0.820973932743
        value: "Cluster3"
    mood_acoustic:
        all:
            acoustic: 0.961731433868
            not_acoustic: 0.0382685400546
        probability: 0.961731433868
        value: "acoustic"
    mood_aggressive:
        all:
            aggressive: 0.00349593395367
            not_aggressive: 0.996504068375
        probability: 0.996504068375
        value: "not_aggressive"
    mood_electronic:
        all:
            electronic: 0.214120402932
            not_electronic: 0.785879611969
        probability: 0.785879611969
        value: "not_electronic"
    mood_happy:
        all:
            happy: 0.0314908213913
            not_happy: 0.968509197235
        probability: 0.968509197235
        value: "not_happy"
    mood_party:
        all:
            not_party: 0.962963581085
            party: 0.0370364077389
        probability: 0.962963581085
        value: "not_party"
    mood_relaxed:
        all:
            not_relaxed: 0.0614330396056
            relaxed: 0.938566982746
        probability: 0.938566982746
        value: "relaxed"
    mood_sad:
        all:
            not_sad: 0.112902417779
            sad: 0.887097597122
        probability: 0.887097597122
        value: "sad"
    rhythm:
        all:
            fast: 0.170939251781
            medium: 0.207150503993
            slow: 0.621910214424
        probability: 0.621910214424
        value: "slow"
    speech_music:
        all:
            music: 0.687596678734
            speech: 0.312403291464
        probability: 0.687596678734
        value: "music"
    timbre:
        all:
            bright: 0.518642604351
            dark: 0.481357425451
        probability: 0.518642604351
        value: "bright"
    voice_instrumental:
        all:
            instrumental: 0.120785959065
            voice: 0.879214048386
        probability: 0.879214048386
        value: "voice"

lowlevel:
    average_loudness: 0.957004666328
    barkbands_kurtosis:
        dmean: 2.79084920883
        dmean2: 4.02421617508
        dvar: 10.0900297165
        dvar2: 23.5710887909
        max: 31.1742324829
        mean: 6.57605934143
        min: -1.82836472988
        var: 33.6376342773
    barkbands_skewness:
        dmean: 0.435459405184
        dmean2: 0.598222196102
        dvar: 0.194099158049
        dvar2: 0.376776486635
        max: 5.29893350601
        mean: 2.13158607483
        min: -2.14350676537
        var: 0.888483941555
    barkbands_spread:
        dmean: 3.2202539444
        dmean2: 4.5015873909
        dvar: 24.4675483704
        dvar2: 41.6122131348
        max: 56.789264679
        mean: 11.1038312912
        min: 1.28754770756
        var: 77.8760299683
    dissonance:
        dmean: 0.026149218902
        dmean2: 0.0377657637
        dvar: 0.000705649203155
        dvar2: 0.00126668333542
        max: 0.497791230679
        mean: 0.425944000483
        min: 0.19640904665
        var: 0.00470971222967
    hfc:
        dmean: 0.516701996326
        dmean2: 0.636297643185
        dvar: 0.868104577065
        dvar2: 1.4434953928
        max: 10.4920034409
        mean: 1.67687082291
        min: 0.00506007904187
        var: 4.76053953171
    pitch:
        dmean: 122.19997406
        dmean2: 232.916976929
        dvar: 208771.140625
        dvar2: 422203.375
        max: 4009.09082031
        mean: 296.300445557
        min: 65.430267334
        var: 374778
    pitch_instantaneous_confidence:
        dmean: 0.0762132927775
        dmean2: 0.111647062004
        dvar: 0.00579769117758
        dvar2: 0.0116478279233
        max: 0.823379278183
        mean: 0.485383927822
        min: 0.149044454098
        var: 0.0292124841362
    pitch_salience:
        dmean: 0.0568333417177
        dmean2: 0.0876337587833
        dvar: 0.0027219359763
        dvar2: 0.00706084445119
        max: 0.846063613892
        mean: 0.633261501789
        min: 0.31014674902
        var: 0.00835116859525
    silence_rate_20dB:
        dmean: 0
        dmean2: 0
        dvar: 0
        dvar2: 0
        max: 1
        mean: 1
        min: 1
        var: 0
    silence_rate_30dB:
        dmean: 0
        dmean2: 0
        dvar: 0
        dvar2: 0
        max: 1
        mean: 1
        min: 1
        var: 0
    silence_rate_60dB:
        dmean: 0.0835266858339
        dmean2: 0.165116280317
        dvar: 0.0765501707792
        dvar2: 0.156457513571
        max: 1
        mean: 0.708333313465
        min: 0
        var: 0.206596985459
    spectral_centroid:
        dmean: 105.44278717
        dmean2: 144.079910278
        dvar: 40232.78125
        dvar2: 63673.6601562
        max: 3100.578125
        mean: 541.634216309
        min: 247.641921997
        var: 109914.601562
    spectral_complexity:
        dmean: 1.02325582504
        dmean2: 1.59207463264
        dvar: 1.80411493778
        dvar2: 3.39769649506
        max: 16
        mean: 5.03480291367
        min: 0
        var: 9.356092453
    spectral_crest:
        dmean: 2.32718586922
        dmean2: 3.43032097816
        dvar: 4.34973859787
        dvar2: 10.2829990387
        max: 23.7495689392
        mean: 11.7931470871
        min: 4.41155004501
        var: 15.4421186447
    spectral_decrease:
        dmean: 2.17790188661e-10
        dmean2: 2.67289801403e-10
        dvar: 1.25289518941e-19
        dvar2: 2.06033991878e-19
        max: -3.68654716129e-12
        mean: -7.25046633843e-10
        min: -3.78457087891e-09
        var: 6.18427626302e-19
    spectral_energy:
        dmean: 0.000859216146637
        dmean2: 0.00105820037425
        dvar: 1.97165491045e-06
        dvar2: 3.21821471516e-06
        max: 0.0149751929566
        mean: 0.00288859033026
        min: 1.43728148032e-05
        var: 9.90594708128e-06
    spectral_energyband_high:
        dmean: 7.58743317419e-06
        dmean2: 1.05876633825e-05
        dvar: 1.34794730933e-09
        dvar2: 2.81304535221e-09
        max: 0.000770479557104
        mean: 1.20213844639e-05
        min: 6.72030875393e-09
        var: 3.00292568589e-09
    spectral_energyband_low:
        dmean: 9.2670408776e-05
        dmean2: 0.000136982620461
        dvar: 1.52160062328e-08
        dvar2: 3.23028714888e-08
        max: 0.00144458236173
        mean: 0.000193550760741
        min: 1.62892524713e-06
        var: 5.22199918862e-08
    spectral_energyband_middle_high:
        dmean: 0.000140811011079
        dmean2: 0.00018012826331
        dvar: 6.53916671922e-08
        dvar2: 1.03055562306e-07
        max: 0.00301675940864
        mean: 0.00036883726716
        min: 8.15950727429e-07
        var: 3.12329063945e-07
    spectral_energyband_middle_low:
        dmean: 0.000780542439315
        dmean2: 0.000975747185294
        dvar: 1.73400042058e-06
        dvar2: 3.0875964967e-06
        max: 0.0138168213889
        mean: 0.00231417431496
        min: 1.16002220238e-05
        var: 7.22251388652e-06
    spectral_flatness_db:
        dmean: 0.022918317467
        dmean2: 0.0326169729233
        dvar: 0.000552060024347
        dvar2: 0.000885289686266
        max: 0.384048014879
        mean: 0.252088695765
        min: 0.110355883837
        var: 0.0023106422741
    spectral_flux:
        dmean: 0.00751768983901
        dmean2: 0.0118100494146
        dvar: 0.000100481614936
        dvar2: 0.000209341218579
        max: 0.095156699419
        mean: 0.0225312467664
        min: 0.00281764403917
        var: 0.000372540176613
    spectral_kurtosis:
        dmean: 7.10830593109
        dmean2: 11.8088703156
        dvar: 57.7534484863
        dvar2: 152.210250854
        max: 77.8566589355
        mean: 16.3868274689
        min: -0.681373119354
        var: 133.194854736
    spectral_rms:
        dmean: 0.000233345126617
        dmean2: 0.000281001353869
        dvar: 1.0005780382e-07
        dvar2: 1.34763766368e-07
        max: 0.00382229569368
        mean: 0.00146277912427
        min: 0.000118415613542
        var: 6.78414721733e-07
    spectral_rolloff:
        dmean: 246.179519653
        dmean2: 391.914154053
        dvar: 229307.15625
        dvar2: 418618.34375
        max: 4155.90820312
        mean: 787.08605957
        min: 215.33203125
        var: 500556.40625
    spectral_skewness:
        dmean: 0.54421132803
        dmean2: 0.874241828918
        dvar: 0.27149400115
        dvar2: 0.624516189098
        max: 6.54140281677
        mean: 2.87769246101
        min: 0.829099535942
        var: 0.98129349947
    spectral_spread:
        dmean: 582708.625
        dmean2: 779066.25
        dvar: 1.06913457766e+12
        dvar2: 1.35292570829e+12
        max: 17055456
        mean: 2662293.5
        min: 1018204.125
        var: 2.71196592538e+12
    spectral_strongpeak:
        dmean: 0.144310638309
        dmean2: 0.202547132969
        dvar: 0.0392006523907
        dvar2: 0.0663818120956
        max: 1.91518342495
        mean: 0.373204022646
        min: 0.00217007589526
        var: 0.175367534161
    zerocrossingrate:
        dmean: 0.00596611574292
        dmean2: 0.00648651458323
        dvar: 6.61770172883e-05
        dvar2: 6.18083722657e-05
        max: 0.1396484375
        mean: 0.0335124060512
        min: 0.0107421875
        var: 0.000342599436408
    barkbands:
        dmean: [1.91367686142e-08, 8.71145311976e-06, 8.89643270057e-05, 8.54882819112e-05, 0.000240875437157, 0.000178683767444, 0.00035464760731, 0.000262035639025, 0.000108345899207, 5.15637875651e-05, 3.1833693356e-05, 4.23433812102e-05, 2.37874537561e-05, 1.18104253488e-05, 8.81376035977e-06, 8.69500581757e-06, 2.43668127951e-05, 1.36916250995e-05, 2.71359203907e-05, 1.1957848983e-05, 3.1511826819e-06, 6.72233284149e-07, 2.08353753806e-07, 2.6215261073e-07, 2.46484404443e-07, 5.82412562622e-09, 7.72641173263e-10]
        dmean2: [2.11209734147e-08, 1.35610571306e-05, 0.000132968678372, 0.000138521674671, 0.000321069761412, 0.000241563699092, 0.000479932699818, 0.000368679728126, 0.000131870096084, 8.44462556415e-05, 4.25833859481e-05, 6.42308441456e-05, 3.57728567906e-05, 1.83876854862e-05, 1.47609844134e-05, 1.33818439281e-05, 3.42577659467e-05, 2.18243749259e-05, 3.84595368814e-05, 1.9998922653e-05, 4.66204437544e-06, 9.85578594737e-07, 3.21587890539e-07, 4.06887210147e-07, 3.73842453882e-07, 8.1759967685e-09, 8.80082284826e-10]
        dvar: [1.16429340669e-13, 1.84364731814e-10, 1.45239162919e-08, 1.52254493457e-08, 1.4777214119e-07, 1.30555676492e-07, 9.88940655589e-07, 6.42391000838e-07, 1.30768015083e-07, 6.43731539185e-08, 8.07799249714e-09, 1.9897241188e-08, 4.63380667171e-09, 8.9159712946e-10, 3.11826398036e-10, 7.09218350714e-10, 2.42863484878e-09, 1.47704593001e-09, 4.97003949107e-09, 7.57796136952e-09, 2.65981625613e-10, 2.89948815825e-12, 3.50461250732e-13, 1.06637984033e-12, 1.12213266023e-12, 7.66403722186e-16, 1.82393430947e-16]
        dvar2: [1.16199462704e-13, 4.11494310848e-10, 3.07409280254e-08, 4.13158467438e-08, 2.66359279522e-07, 2.13270539007e-07, 2.07139532904e-06, 1.36743676649e-06, 1.69038386844e-07, 1.6889683252e-07, 1.48094896346e-08, 3.35588659084e-08, 7.84889930827e-09, 2.05395922492e-09, 6.77689848683e-10, 1.30319754987e-09, 5.0218629255e-09, 3.56525520218e-09, 1.05070370182e-08, 2.026926893e-08, 5.77569880811e-10, 6.03561905316e-12, 7.06916079493e-13, 2.6809318654e-12, 2.42668146862e-12, 1.7257248097e-15, 1.82308568834e-16]
        max: [7.10143740434e-06, 0.000178766538738, 0.00143790617585, 0.00142663205042, 0.00446618255228, 0.00488151516765, 0.0110530294478, 0.0101728197187, 0.005502844695, 0.00359474145807, 0.00146539392881, 0.00174160464667, 0.00091933918884, 0.000342532177456, 0.00022791189258, 0.000453053333331, 0.000558363564778, 0.000562206550967, 0.000784800387919, 0.00160176143982, 0.000336525845341, 2.74631674984e-05, 9.62718149822e-06, 1.63182994584e-05, 1.21028151625e-05, 3.37987813737e-07, 2.80863218904e-07]
        mean: [1.95132088265e-08, 1.70065868588e-05, 0.000176533139893, 0.000140603762702, 0.000610472168773, 0.000385675055441, 0.000464455748443, 0.000446383666713, 0.000246240699198, 6.82655518176e-05, 5.82708853472e-05, 6.31234433968e-05, 3.9018370444e-05, 2.05873184314e-05, 1.60501567734e-05, 1.26439335872e-05, 3.72471840819e-05, 2.25325347856e-05, 4.15805152443e-05, 1.51335189003e-05, 4.8246993174e-06, 1.04328296402e-06, 2.80808507114e-07, 3.056232174e-07, 2.87090756501e-07, 6.08965899929e-09, 7.40959849033e-10]
        min: [4.54723515786e-11, 5.14773681459e-08, 6.1588087874e-07, 1.25216013203e-06, 4.02064824812e-06, 1.96848509404e-06, 1.30970263967e-07, 4.76113477532e-08, 3.5530263176e-07, 2.61217081743e-07, 3.20735837889e-09, 1.00074217357e-07, 1.37423256774e-07, 4.16786605228e-08, 8.5164252539e-08, 4.50082993098e-08, 2.27975629485e-08, 8.9504496259e-08, 1.95078904142e-08, 6.64901333991e-09, 3.02706526512e-09, 1.19560383816e-09, 2.96740437777e-10, 1.31653396518e-10, 1.21952686664e-12, 1.65095736561e-12, 3.64967989302e-15]
        var: [1.16644595458e-13, 8.18649370515e-10, 4.91548206583e-08, 3.24191269385e-08, 4.69639161338e-07, 4.95993617733e-07, 1.59037358571e-06, 1.40495831147e-06, 6.15800104242e-07, 7.5585987247e-08, 2.80645551243e-08, 4.57846098811e-08, 9.72070068883e-09, 1.37758982e-09, 4.48545783849e-10, 1.41415268384e-09, 5.12370634809e-09, 2.60045673883e-09, 9.68569668913e-09, 7.81513964654e-09, 6.04015115702e-10, 7.90273575746e-12, 7.66170330305e-13, 1.32464395355e-12, 1.83059904041e-12, 9.18797072557e-16, 1.82527765079e-16]
    mfcc:
        mean: [-846.012634277, 200.148254395, -45.6278457642, 44.5964279175, -10.4717760086, -10.4721374512, -10.1392621994, -11.9255838394, -15.7283067703, -5.28095817566, -5.51507377625, -7.00423002243, -11.1331701279]
        cov: [[4205.60009766, -1736.39050293, 286.136352539, -313.024353027, -244.033752441, -649.166442871, 71.8162002563, 234.699279785, -45.1539611816, -213.241134644, 110.337615967, 252.740081787, 52.7249717712], [-1736.39050293, 1735.02270508, -438.104736328, 28.2907962799, -24.0768146515, 152.973449707, -127.242889404, -8.16088962555, -94.6427230835, 36.5980758667, -36.5398178101, -99.7059783936, 35.4460716248], [286.136352539, -438.104736328, 625.466796875, -214.937820435, 110.655853271, -129.46937561, 36.1121711731, -27.6255607605, -10.9749927521, -24.9219779968, -26.7720584869, 46.4983520508, 31.0227127075], [-313.024353027, 28.2907962799, -214.937820435, 487.777404785, 96.8743667603, 273.196380615, -43.2902984619, -36.4996337891, 38.1388626099, 36.0055236816, -41.537322998, -71.6714401245, -15.4136791229], [-244.033752441, -24.0768146515, 110.655853271, 96.8743667603, 275.480529785, 84.110710144, 17.440788269, -56.9583015442, 26.1099185944, -12.7874536514, -16.087978363, -8.97955322266, 28.0548458099], [-649.166442871, 152.973449707, -129.46937561, 273.196380615, 84.110710144, 404.268829346, -23.1514225006, -26.9540729523, 55.3705177307, 71.2704772949, -69.6264038086, -95.9818878174, -32.6053352356], [71.8162002563, -127.242889404, 36.1121711731, -43.2902984619, 17.440788269, -23.1514225006, 165.657104492, -5.62678003311, 46.5393104553, 2.42057514191, 50.1326446533, 1.51139521599, 8.13344573975], [234.699279785, -8.16088962555, -27.6255607605, -36.4996337891, -56.9583015442, -26.9540729523, -5.62678003311, 183.824508667, -4.05730056763, 11.9075641632, -8.8716878891, 28.9075107574, -15.3253965378], [-45.1539611816, -94.6427230835, -10.9749927521, 38.1388626099, 26.1099185944, 55.3705177307, 46.5393104553, -4.05730056763, 137.099395752, 24.9791316986, 11.3463439941, -11.5091342926, -10.6193037033], [-213.241134644, 36.5980758667, -24.9219779968, 36.0055236816, -12.7874536514, 71.2704772949, 2.42057514191, 11.9075641632, 24.9791316986, 107.729263306, -8.17383861542, -10.5476751328, -23.4571285248], [110.337615967, -36.5398178101, -26.7720584869, -41.537322998, -16.087978363, -69.6264038086, 50.1326446533, -8.8716878891, 11.3463439941, -8.17383861542, 123.862426758, 15.3787612915, 17.6172714233], [252.740081787, -99.7059783936, 46.4983520508, -71.6714401245, -8.97955322266, -95.9818878174, 1.51139521599, 28.9075107574, -11.5091342926, -10.5476751328, 15.3787612915, 91.3808670044, 12.3655061722], [52.7249717712, 35.4460716248, 31.0227127075, -15.4136791229, 28.0548458099, -32.6053352356, 8.13344573975, -15.3253965378, -10.6193037033, -23.4571285248, 17.6172714233, 12.3655061722, 109.128555298]]
        icov: [[0.000770150392782, 0.000794797611888, 0.000320260005537, -2.28309581871e-05, 0.000324902590364, 0.00067201256752, 0.000179899696377, -0.000742251402698, 0.000199711226742, 0.000827403448056, 4.81392453366e-05, -0.000293628690997, -0.00050212489441], [0.000794797611888, 0.0017766157398, 0.00121269130614, 0.000706704915501, -0.000122801488033, 0.000441202602815, 0.000728629296646, -0.00075447926065, 0.000833750353195, 0.000411435030401, 0.000234125443967, 0.000623000320047, -0.00114167586435], [0.000320260005537, 0.00121269130614, 0.00338904047385, 0.00182293483522, -0.00165680912323, 0.000508838915266, 0.000217939930735, 3.98421252612e-05, 0.000654609873891, -0.000361382873962, 0.00140292313881, 0.000434955058154, -0.000977005227469], [-2.28309581871e-05, 0.000706704915501, 0.00182293483522, 0.00459887878969, -0.00158773246221, -0.00216271798126, 0.00112341705244, 0.000302192900563, 0.000223048176849, -0.000273712124908, 0.00022554199677, 0.00100531207863, -0.000553915393539], [0.000324902590364, -0.000122801488033, -0.00165680912323, -0.00158773246221, 0.00574361300096, -0.000760257709771, -0.000730346946511, 0.000711014319677, -0.000712436973117, 0.00175648578443, -3.55583397322e-05, -0.00163829873782, -0.000920182501432], [0.00067201256752, 0.000441202602815, 0.000508838915266, -0.00216271798126, -0.000760257709771, 0.00666474131867, -6.78845083257e-07, -0.000757034868002, -0.00100036244839, -0.00169365759939, 0.00209713354707, 0.00315763661638, 4.61757053927e-06], [0.000179899696377, 0.000728629296646, 0.000217939930735, 0.00112341705244, -0.000730346946511, -6.78845083257e-07, 0.00831612572074, -0.000334883574396, -0.00209401804022, -0.000200969036086, -0.0028938211035, 0.00124855386093, -0.00062742177397], [-0.000742251402698, -0.00075447926065, 3.98421252612e-05, 0.000302192900563, 0.000711014319677, -0.000757034868002, -0.000334883574396, 0.00703694485128, -0.000272873294307, -0.00133298372384, 0.000894070311915, -0.00197414238937, 0.0010055283783], [0.000199711226742, 0.000833750353195, 0.000654609873891, 0.000223048176849, -0.000712436973117, -0.00100036244839, -0.00209401804022, -0.000272873294307, 0.00949740409851, -0.00133313739207, -0.00056404148927, 0.000313172815368, 0.000173334134161], [0.000827403448056, 0.000411435030401, -0.000361382873962, -0.000273712124908, 0.00175648578443, -0.00169365759939, -0.000200969036086, -0.00133298372384, -0.00133313739207, 0.0126369185746, -0.000520459201653, -0.00184662127867, 0.00128070742358], [4.81392453366e-05, 0.000234125443967, 0.00140292313881, 0.00022554199677, -3.55583397322e-05, 0.00209713354707, -0.0028938211035, 0.000894070311915, -0.00056404148927, -0.000520459201653, 0.0111407553777, -0.000263630587142, -0.00142471399158], [-0.000293628690997, 0.000623000320047, 0.000434955058154, 0.00100531207863, -0.00163829873782, 0.00315763661638, 0.00124855386093, -0.00197414238937, 0.000313172815368, -0.00184662127867, -0.000263630587142, 0.0168050471693, -0.00127592682838], [-0.00050212489441, -0.00114167586435, -0.000977005227469, -0.000553915393539, -0.000920182501432, 4.61757053927e-06, -0.00062742177397, 0.0010055283783, 0.000173334134161, 0.00128070742358, -0.00142471399158, -0.00127592682838, 0.011069079861]]
    spectral_contrast:
        mean: [1.09656212999e-07, -3.10089347977e-07, -6.71243753914e-08, -3.51819522848e-07, 7.88620653225e-08, -9.56647667749e-08, -1.7963332084e-06, 1.28281362777e-06, 3.67336087947e-06, -5.30633485596e-07, 1.90776358977e-06, 1.08864912818e-06]
        var: [0.000743106997106, 0.000977950985543, 0.00149103871081, 0.00192062184215, 0.00424239458516, 0.00701639195904, 0.0623246096075, 0.101232364774, 0.253327518702, 0.3654307127, 0.56625187397, 2.87764358521]

rhythm:
    beats_loudness:
        dmean: 0.00235093198717
        dmean2: 0.00357714178972
        dvar: 5.04611944052e-06
        dvar2: 9.62689500739e-06
        max: 0.0116031961516
        mean: 0.00372000015341
        min: 0.00055307825096
        var: 9.95402842818e-06
    beats_loudness_bass:
        dmean: 0.126302748919
        dmean2: 0.227860853076
        dvar: 0.0112243425101
        dvar2: 0.0294246599078
        max: 0.450643479824
        mean: 0.149734705687
        min: 0.0111856488511
        var: 0.0167116690427
    bpm: 103.409133911
    bpm_confidence: 0
    first_peak_bpm: 202
    first_peak_spread: 0
    first_peak_weight: 0.72000002861
    onset_rate: 3.99804162979
    second_peak_bpm: 103
    second_peak_spread: 0
    second_peak_weight: 0.280000001192
    beats_position: [0.394625723362, 0.690948724747, 0.987271726131, 1.28359472752, 1.57991778851, 1.87624073029, 2.17256379128, 2.46888661385, 2.76520967484, 3.06153273582, 3.3578555584, 3.65417861938, 3.95050168037, 4.24682474136, 4.54314756393, 4.83947038651, 5.13579368591, 5.43211650848, 5.72843933105, 6.31259536743, 6.89285182953, 7.4731092453, 8.0533657074, 8.63362216949, 9.21387958527, 9.79413700104]
    bpm_estimates: [103.531097412, 104.184455872, 101.947151184, 102.811500549, 102.978820801, 103.86138916, 104.549583435]
    bpm_intervals: [0.296323001385, 0.296323001385, 0.296323001385, 0.296323060989, 0.29632294178, 0.296323060989, 0.296322822571, 0.296323060989, 0.296323060989, 0.296322822571, 0.296323060989, 0.296323060989, 0.296323060989, 0.296322822571, 0.296322822571, 0.296323299408, 0.296322822571, 0.296322822571, 0.584156036377, 0.580256462097, 0.580257415771, 0.580256462097, 0.580256462097, 0.580257415771, 0.580257415771]
    onset_times: [0.0464399084449, 0.336689352989, 0.684988677502, 0.952018141747, 1.25387752056, 1.53251695633, 1.99691605568, 2.43809533119, 3.04181408882, 3.32045340538, 3.40172338486, 3.81968259811, 4.07510185242, 4.22603178024, 4.36535167694, 4.53950119019, 4.74848079681, 4.9806804657, 5.38702964783, 5.67727899551, 5.97913837433, 6.06040811539, 6.24616765976, 6.51319742203, 6.57124710083, 6.90793657303, 7.05886602402, 7.19818592072, 7.7670750618, 8.04571437836, 8.38240337372, 8.60299301147, 8.96290206909, 9.18349170685, 9.29959201813, 9.41569137573, 9.52018165588, 9.70594120026, 9.8800907135, 9.98458003998]
    rubato_start: [6.31259536743]
    rubato_stop: [6.89285182953]
    perceptual_tempo: "unknown"

sfx:
    inharmonicity:
        dmean: 0.0235777739435
        dmean2: 0.0409607440233
        dvar: 0.00102184328716
        dvar2: 0.00286123389378
        max: 0.230649396777
        mean: 0.0250345058739
        min: 2.55055419984e-05
        var: 0.00101020210423
    oddtoevenharmonicenergyratio:
        dmean: 2.52818346024
        dmean2: 4.77972745895
        dvar: 61.7154579163
        dvar2: 183.84942627
        max: 80.7248077393
        mean: 1.80033802986
        min: 5.79387851758e-05
        var: 33.208316803
    pitch_after_max_to_before_max_energy_ratio: 1.76492202282
    pitch_centroid: 234.263748169
    pitch_max_to_total: 0.410672843456
    pitch_min_to_total: 0.192575410008
    tristimulus:
        dmean: [0.189218908548, 0.193831965327, 0.0368771702051]
        dmean2: [0.325904935598, 0.330056965351, 0.0615681856871]
        dvar: [0.0383459627628, 0.0397106558084, 0.00278254947625]
        dvar2: [0.100601740181, 0.107811845839, 0.00617406517267]
        max: [0.990395009518, 0.980691254139, 0.552557826042]
        mean: [0.451965659857, 0.486275166273, 0.047780726105]
        min: [0.00872480496764, 0, 0]
        var: [0.0680950805545, 0.0691663622856, 0.00474267266691]

tonal:
    chords_changes_rate: 0.0460829511285
    chords_number_rate: 0.0230414755642
    chords_strength:
        dmean: 0.00608384236693
        dmean2: 0.00712430244312
        dvar: 3.68988912669e-05
        dvar2: 5.11858925165e-05
        max: 0.607326328754
        mean: 0.541137874126
        min: 0.480825453997
        var: 0.00100340263452
    key_strength: 0.742781877518
    tuning_diatonic_strength: 0.542077839375
    tuning_equal_tempered_deviation: 0.138445168734
    tuning_frequency: 438.477722168
    tuning_nontempered_energy_ratio: 0.713414788246
    hpcp:
        dmean: [0.0848432257771, 0.083960480988, 0.0578994825482, 0.0666535943747, 0.0820866450667, 0.0793384984136, 0.0936485230923, 0.103345870972, 0.206124797463, 0.219913646579, 0.2124902457, 0.108220346272, 0.0772406235337, 0.0638267397881, 0.0750670284033, 0.0731587409973, 0.0855859741569, 0.0816966146231, 0.0847657099366, 0.0919228494167, 0.133197948337, 0.151383116841, 0.0908459201455, 0.0559894479811, 0.0681968778372, 0.076248832047, 0.0684761628509, 0.0648810788989, 0.103287234902, 0.155649080873, 0.164479002357, 0.150955930352, 0.0790246501565, 0.0711085274816, 0.092140249908, 0.0882317498326]
        dmean2: [0.145421713591, 0.15052460134, 0.100758388638, 0.118781395257, 0.145942151546, 0.143399208784, 0.164735719562, 0.180279806256, 0.354427069426, 0.395653963089, 0.340556770563, 0.197121813893, 0.148933574557, 0.118566915393, 0.131138339639, 0.119486488402, 0.151453450322, 0.147937014699, 0.145453229547, 0.163044631481, 0.219448298216, 0.255646646023, 0.153553500772, 0.0916546136141, 0.110968090594, 0.137816905975, 0.119473852217, 0.112605907023, 0.192380398512, 0.281786322594, 0.265238642693, 0.246899113059, 0.145771324635, 0.128393962979, 0.167489662766, 0.158699899912]
        dvar: [0.031849976629, 0.0437761507928, 0.0199937336147, 0.0281960219145, 0.0418668910861, 0.0346144847572, 0.0338601507246, 0.0300423838198, 0.0500847622752, 0.0963748469949, 0.0475231856108, 0.0336390845478, 0.0438522621989, 0.022928468883, 0.0285952072591, 0.023509144783, 0.0390522517264, 0.0382755510509, 0.0400699228048, 0.0404940582812, 0.0399743802845, 0.0425722748041, 0.0221715401858, 0.013063525781, 0.0218574572355, 0.0247557386756, 0.0212733820081, 0.0208309926093, 0.0440597720444, 0.0589870177209, 0.0507141537964, 0.040548902005, 0.0182158239186, 0.0292908791453, 0.049162119627, 0.0338254272938]
        dvar2: [0.0884227007627, 0.126958861947, 0.0511811934412, 0.0641418769956, 0.123676382005, 0.0924669280648, 0.0973085388541, 0.0807168483734, 0.149185106158, 0.215626016259, 0.110516265035, 0.102828934789, 0.132861331105, 0.0658655315638, 0.0812824890018, 0.0491009242833, 0.106603898108, 0.10412402451, 0.102992378175, 0.11214274168, 0.103176727891, 0.116083227098, 0.0574376396835, 0.0317311994731, 0.0568015724421, 0.0681538283825, 0.0556662194431, 0.0549762547016, 0.122371055186, 0.154388904572, 0.101316355169, 0.0978395789862, 0.0546263717115, 0.0917854905128, 0.148325353861, 0.0911896899343]
        max: [1, 1, 1, 1, 1, 1, 1, 1, 1, 1, 1, 0.963235914707, 1, 1, 1, 1, 1, 1, 1, 1, 1, 1, 0.887986779213, 0.752854466438, 1, 1, 0.862901806831, 0.80365729332, 1, 1, 1, 1, 0.81652122736, 1, 1, 1]
        mean: [0.0907854288816, 0.0801660045981, 0.0627919882536, 0.0684482678771, 0.0658054947853, 0.0732821971178, 0.0933298543096, 0.0957982093096, 0.321303337812, 0.636880874634, 0.422255307436, 0.0882847979665, 0.0534870289266, 0.0527510344982, 0.0707748308778, 0.0966565236449, 0.0826283916831, 0.0631213933229, 0.0664115473628, 0.0794277861714, 0.145541325212, 0.180404007435, 0.100705258548, 0.0654702037573, 0.0873776748776, 0.086873434484, 0.077804505825, 0.066447198391, 0.0756896212697, 0.207530900836, 0.357748419046, 0.236239597201, 0.0648777112365, 0.0555270798504, 0.0688598975539, 0.0748683810234]
        min: [0.00011232799443, 0, 0, 0.00015643351071, 7.08278894308e-05, 9.38673183555e-05, 0.00026902204263, 0.000188892285223, 0, 0.00061384786386, 0.000511787773576, 0.000102691061329, 7.85344527685e-05, 4.90322454425e-05, 7.29386083549e-05, 7.89443438407e-05, 0.000157668400789, 0.000248147000093, 0.000102776823041, 0, 0.000962086196523, 0.00020650443912, 0.000236542604398, 0.000107255014882, 0.000229134588153, 0.000452762178611, 0.000504651688971, 0.000554024823941, 0.00052664760733, 0.000440195231931, 0.000280263426248, 0.000429250620073, 0, 6.59826639549e-07, 0.000486594391987, 0.000185569631867]
        var: [0.036126434803, 0.036227632314, 0.0235426332802, 0.0320191681385, 0.0290531869978, 0.0267669279128, 0.026853216812, 0.0276673007756, 0.0624153092504, 0.168064594269, 0.0913670435548, 0.0227978806943, 0.0300957728177, 0.0214618053287, 0.0293175373226, 0.0424056984484, 0.034235522151, 0.0279599353671, 0.0349657721817, 0.0350508056581, 0.0440226607025, 0.0483096390963, 0.0201478172094, 0.0158208813518, 0.0321581996977, 0.0224971566349, 0.0199680812657, 0.0177464466542, 0.0324846506119, 0.0675600916147, 0.13064172864, 0.0665887966752, 0.0130989430472, 0.0204477161169, 0.0365276038647, 0.0275767985731]
    chords_histogram: [53.917049408, 0, 0, 0, 0, 0, 0, 0, 0, 0, 0, 0, 0, 0, 0, 14.7465438843, 6.91244220734, 0, 0, 0, 0, 0, 13.3640556335, 11.0599079132]
    thpcp: [1, 0.663005173206, 0.138620585203, 0.0839827805758, 0.0828271582723, 0.111127264798, 0.151765465736, 0.129739165306, 0.0991102010012, 0.104276247323, 0.124713726342, 0.2285220474, 0.28326177597, 0.158122599125, 0.102798193693, 0.13719625771, 0.136404529214, 0.122164927423, 0.104332223535, 0.118844233453, 0.325855135918, 0.561719536781, 0.370932161808, 0.101867891848, 0.0871859714389, 0.108120530844, 0.117554761469, 0.142546951771, 0.125872835517, 0.0985929891467, 0.107474207878, 0.103324651718, 0.11506421119, 0.146542087197, 0.150417789817, 0.504495203495]
    chords_key: "C"
    chords_scale: "major"
    key_key: "C"
    key_scale: "major"
    chords_progression: ["C", "C", "C", "C", "C", "C", "C", "C", "C", "C", "C", "C", "C", "C", "C", "C", "C", "C", "C", "C", "C", "C", "C", "C", "C", "C", "C", "C", "C", "C", "C", "C", "C", "C", "C", "C", "C", "C", "C", "C", "C", "C", "C", "C", "C", "C", "C", "C", "C", "C", "C", "C", "C", "C", "C", "C", "C", "C", "C", "C", "C", "C", "C", "C", "C", "C", "C", "C", "C", "C", "C", "C", "C", "C", "C", "C", "C", "C", "C", "C", "C", "C", "C", "C", "C", "C", "C", "C", "C", "C", "C", "C", "C", "C", "C", "C", "C", "C", "C", "C", "C", "C", "C", "C", "C", "C", "C", "C", "C", "C", "C", "C", "C", "C", "C", "C", "C", "G#", "G#", "G#", "G#", "G#", "G#", "G#", "G#", "G#", "G#", "G#", "G#", "G#", "Fm", "G#", "G#", "Fm", "Fm", "Fm", "Fm", "Fm", "Fm", "Fm", "Fm", "Fm", "Fm", "Fm", "Fm", "Fm", "Fm", "Fm", "Fm", "Fm", "Fm", "Fm", "Fm", "Fm", "Fm", "Fm", "Fm", "Fm", "F", "F", "Fm", "Fm", "Fm", "Fm", "Fm", "F", "Fm", "F", "F", "F", "F", "F", "F", "F", "F", "F", "F", "F", "F", "F", "F", "F", "F", "F", "F", "F", "F", "F", "F", "F", "F", "F", "F", "Am", "Am", "Am", "Am", "Am", "Am", "Am", "Am", "Am", "Am", "Am", "Am", "Am", "Am", "Am", "Am", "Am", "Am", "Am", "Am", "Am", "Am", "Am", "Am"]
