
metadata:
    version:
        essentia: "1.2.2"
    audio_properties:
        analysis_sample_rate: 44100
        bitrate: 128
        channels: 2
        equal_loudness: 1
        length: 10.0571432114
        replay_gain: -13.2272548676
        downmix: "mix"
    tags:
        track: 49
        year: 0
        album: "Splitted by Mp3Splt v. 2.1"
        artist: "From 008.00 To 008.10"
        comment: "http://mp3splt.sf.net"
        genre: ""
        title: "12 Cop Shoot Cop.mp3"

highlevel:
    ballroom:
        all:
            ChaChaCha: 0.0147740291432
            Jive: 0.350384861231
            Quickstep: 0.165838912129
            Rumba-American: 0.00540662463754
            Rumba-International: 0.0156136378646
            Rumba-Misc: 0.0154288392514
            Samba: 0.0373940095305
            Tango: 0.0350073799491
            VienneseWaltz: 0.3386297822
            Waltz: 0.0215219277889
        probability: 0.350384861231
        value: "Jive"
    culture:
        all:
            non_western: 0.0672298148274
            western: 0.932770192623
        probability: 0.932770192623
        value: "western"
    gender:
        all:
            female: 0.166232079268
            male: 0.83376789093
        probability: 0.83376789093
        value: "male"
    genre_dortmund:
        all:
            alternative: 0.118664942682
            blues: 0.00629795575514
            electronic: 0.0164577811956
            folkcountry: 0.0364558286965
            funksoulrnb: 0.0345166772604
            jazz: 0.0184890907258
            pop: 0.0197735652328
            raphiphop: 0.00059430411784
            rock: 0.74874985218
        probability: 0.74874985218
        value: "rock"
    genre_electronica:
        all:
            ambient: 0.414503484964
            dnb: 0.37938067317
            house: 0.00447831768543
            techno: 0.0122507754713
            trance: 0.189386755228
        probability: 0.414503484964
        value: "ambient"
    genre_rosamerica:
        all:
            cla: 0.0675138607621
            dan: 0.0104909166694
            hip: 0.00850561447442
            jaz: 0.00382468733005
            pop: 0.00802542455494
            rhy: 0.00228085718118
            roc: 0.897992551327
            spe: 0.00136606220622
        probability: 0.897992551327
        value: "roc"
    genre_tzanetakis:
        all:
            blu: 0.0248128995299
            cla: 0.0619373992085
            cou: 0.122734621167
            dis: 0.0188119020313
            hip: 0.00879051629454
            jaz: 0.0226086936891
            met: 0.416512191296
            pop: 0.0282875988632
            reg: 0.00611104723066
            roc: 0.289393126965
        probability: 0.416512191296
        value: "met"
    live_studio:
        all:
            live: 0.571417152882
            studio: 0.428582876921
        probability: 0.571417152882
        value: "live"
    mood:
        all:
            Cluster1: 0.449159264565
            Cluster2: 0.0743355080485
            Cluster3: 0.0241326186806
            Cluster4: 0.0864623710513
            Cluster5: 0.365910232067
        probability: 0.449159264565
        value: "Cluster1"
    mood_acoustic:
        all:
            acoustic: 0.0150618525222
            not_acoustic: 0.984938144684
        probability: 0.984938144684
        value: "not_acoustic"
    mood_aggressive:
        all:
            aggressive: 0.998922586441
            not_aggressive: 0.00107742287219
        probability: 0.998922586441
        value: "aggressive"
    mood_electronic:
        all:
            electronic: 0.115864321589
            not_electronic: 0.884135663509
        probability: 0.884135663509
        value: "not_electronic"
    mood_happy:
        all:
            happy: 0.164457663894
            not_happy: 0.835542321205
        probability: 0.835542321205
        value: "not_happy"
    mood_party:
        all:
            not_party: 0.365391969681
            party: 0.634608030319
        probability: 0.634608030319
        value: "party"
    mood_relaxed:
        all:
            not_relaxed: 0.584030628204
            relaxed: 0.415969371796
        probability: 0.584030628204
        value: "not_relaxed"
    mood_sad:
        all:
            not_sad: 0.978016018867
            sad: 0.0219839550555
        probability: 0.978016018867
        value: "not_sad"
    rhythm:
        all:
            fast: 0.255563527346
            medium: 0.57011950016
            slow: 0.174316987395
        probability: 0.57011950016
        value: "medium"
    speech_music:
        all:
            music: 0.98487251997
            speech: 0.0151275042444
        probability: 0.98487251997
        value: "music"
    timbre:
        all:
            bright: 0.228345274925
            dark: 0.771654725075
        probability: 0.771654725075
        value: "dark"
    voice_instrumental:
        all:
            instrumental: 0.983898818493
            voice: 0.0161011833698
        probability: 0.983898818493
        value: "instrumental"

lowlevel:
    average_loudness: 0.9742359519
    barkbands_kurtosis:
        dmean: 0.427041739225
        dmean2: 0.731086790562
        dvar: 0.297706902027
        dvar2: 0.835945665836
        max: 3.1008272171
        mean: -0.952607870102
        min: -1.64498257637
        var: 0.435193896294
    barkbands_skewness:
        dmean: 0.298535972834
        dmean2: 0.49422493577
        dvar: 0.0535830333829
        dvar2: 0.150585517287
        max: 1.36648321152
        mean: 0.052523355931
        min: -1.91571044922
        var: 0.352611869574
    barkbands_spread:
        dmean: 4.13382768631
        dmean2: 6.86732244492
        dvar: 11.189868927
        dvar2: 33.3227043152
        max: 41.3225631714
        mean: 27.955909729
        min: 11.0191059113
        var: 22.2124404907
    dissonance:
        dmean: 0.0159603524953
        dmean2: 0.0268472153693
        dvar: 0.000580884050578
        dvar2: 0.000765480916016
        max: 0.499595820904
        mean: 0.475475758314
        min: 0
        var: 0.000769849924836
    hfc:
        dmean: 1.67840635777
        dmean2: 2.6151907444
        dvar: 2.94695949554
        dvar2: 7.7075304985
        max: 26.3960590363
        mean: 9.08328056335
        min: 0.000681132194586
        var: 19.2617321014
    pitch:
        dmean: 364.707214355
        dmean2: 682.40045166
        dvar: 519793.3125
        dvar2: 1424957.625
        max: 3675
        mean: 724.811462402
        min: 78.75
        var: 853468.5
    pitch_instantaneous_confidence:
        dmean: 0.0665680840611
        dmean2: 0.113081686199
        dvar: 0.00344688328914
        dvar2: 0.00895745400339
        max: 0.733506560326
        mean: 0.307883113623
        min: 0.1353058815
        var: 0.0157821178436
    pitch_salience:
        dmean: 0.0451847277582
        dmean2: 0.0778335481882
        dvar: 0.00148441409692
        dvar2: 0.00414507510141
        max: 0.963999867439
        mean: 0.708600223064
        min: 0.398611545563
        var: 0.00248105800711
    silence_rate_20dB:
        dmean: 0
        dmean2: 0
        dvar: 0
        dvar2: 0
        max: 1
        mean: 1
        min: 1
        var: 0
    silence_rate_30dB:
        dmean: 0
        dmean2: 0
        dvar: 0
        dvar2: 0
        max: 1
        mean: 1
        min: 1
        var: 0
    silence_rate_60dB:
        dmean: 0.0184757504612
        dmean2: 0.037037037313
        dvar: 0.0181344486773
        dvar2: 0.0402946434915
        max: 1
        mean: 0.0253456216305
        min: 0
        var: 0.0247035101056
    spectral_centroid:
        dmean: 188.171127319
        dmean2: 311.001525879
        dvar: 21081.8222656
        dvar2: 58580.9921875
        max: 2487.27050781
        mean: 1593.63098145
        min: 1009.39019775
        var: 91168.40625
    spectral_complexity:
        dmean: 3.22041773796
        dmean2: 5.41860485077
        dvar: 6.73795890808
        dvar2: 16.1503410339
        max: 37
        mean: 20.6782398224
        min: 0
        var: 21.727481842
    spectral_crest:
        dmean: 1.82003009319
        dmean2: 3.07969379425
        dvar: 2.73936748505
        dvar2: 8.05211639404
        max: 17.379655838
        mean: 6.19786882401
        min: 2.46755647659
        var: 9.03841972351
    spectral_decrease:
        dmean: 2.35401809157e-10
        dmean2: 3.97534588581e-10
        dvar: 3.68168720242e-20
        dvar2: 9.54438020021e-20
        max: -5.94583857518e-14
        mean: -1.25559318498e-09
        min: -2.73203437651e-09
        var: 1.4208814839e-19
    spectral_energy:
        dmean: 0.00101138767786
        dmean2: 0.00169220194221
        dvar: 7.01649184975e-07
        dvar2: 1.8069873704e-06
        max: 0.0124234901741
        mean: 0.00556277669966
        min: 2.86190697807e-07
        var: 3.16506339004e-06
    spectral_energyband_high:
        dmean: 6.63443570375e-05
        dmean2: 0.000106632855022
        dvar: 3.55820550801e-09
        dvar2: 9.15327103002e-09
        max: 0.000881685235072
        mean: 0.000264638510998
        min: 1.46483660757e-08
        var: 1.17781286946e-08
    spectral_energyband_low:
        dmean: 0.000146102596773
        dmean2: 0.000249350356171
        dvar: 2.80942682451e-08
        dvar2: 7.26091613501e-08
        max: 0.00109726877417
        mean: 0.000176200948772
        min: 3.24024340692e-09
        var: 3.18316040193e-08
    spectral_energyband_middle_high:
        dmean: 0.000629235466477
        dmean2: 0.000994106754661
        dvar: 4.78221693356e-07
        dvar2: 1.27100395275e-06
        max: 0.00979795865715
        mean: 0.00289311166853
        min: 2.09284010566e-07
        var: 2.86531485472e-06
    spectral_energyband_middle_low:
        dmean: 0.000664841150865
        dmean2: 0.00113907770719
        dvar: 3.54371252342e-07
        dvar2: 1.01436864952e-06
        max: 0.0060285734944
        mean: 0.00222882791422
        min: 5.80047512244e-08
        var: 7.20360560535e-07
    spectral_flatness_db:
        dmean: 0.0111864348873
        dmean2: 0.0188319478184
        dvar: 9.06771456357e-05
        dvar2: 0.000249797041761
        max: 0.199337273836
        mean: 0.133885636926
        min: 0.0756530165672
        var: 0.000294380675768
    spectral_flux:
        dmean: 0.00481559894979
        dmean2: 0.00794306118041
        dvar: 1.894750676e-05
        dvar2: 4.42354903498e-05
        max: 0.101047098637
        mean: 0.0454036705196
        min: 0.0295172743499
        var: 6.28014386166e-05
    spectral_kurtosis:
        dmean: 0.885645389557
        dmean2: 1.5233591795
        dvar: 0.753809094429
        dvar2: 2.10621571541
        max: 13.4823246002
        mean: 3.95890712738
        min: 1.57915496826
        var: 1.38971877098
    spectral_rms:
        dmean: 0.000212565908441
        dmean2: 0.000353928626282
        dvar: 3.15565635844e-08
        dvar2: 6.95916568816e-08
        max: 0.00348144769669
        mean: 0.00230096187443
        min: 1.67095913639e-05
        var: 1.32671289066e-07
    spectral_rolloff:
        dmean: 253.60206604
        dmean2: 426.006530762
        dvar: 75529.8125
        dvar2: 215160.90625
        max: 4134.375
        mean: 3046.60058594
        min: 1464.2578125
        var: 132341.359375
    spectral_skewness:
        dmean: 0.126115903258
        dmean2: 0.208697617054
        dvar: 0.0137791540474
        dvar2: 0.0386783145368
        max: 3.18353676796
        mean: 1.45594024658
        min: 0.959875404835
        var: 0.0312089323997
    spectral_spread:
        dmean: 234386.265625
        dmean2: 344109.96875
        dvar: 363694587904
        dvar2: 190115528704
        max: 19921262
        mean: 4066360.5
        min: 2892222.5
        var: 855392124928
    spectral_strongpeak:
        dmean: 0.502689540386
        dmean2: 0.858999013901
        dvar: 0.448072820902
        dvar2: 1.12676918507
        max: 8.01996231079
        mean: 0.83871203661
        min: 0.00107230339199
        var: 1.0498071909
    zerocrossingrate:
        dmean: 0.00583105254918
        dmean2: 0.00760810310021
        dvar: 2.58606978605e-05
        dvar2: 3.88282423955e-05
        max: 0.12548828125
        mean: 0.0918748676777
        min: 0.00634765625
        var: 0.000150348307216
    barkbands:
        dmean: [9.49741050249e-08, 4.17231058236e-05, 0.0001188369788, 0.000119754877232, 0.000231367492233, 0.000219658439164, 0.000236447202042, 0.000168883227161, 0.000369675311958, 0.000120717741083, 0.000133239300339, 5.7071014453e-05, 4.8446807341e-05, 6.13344891462e-05, 9.93968933471e-05, 0.000115933275083, 0.000353336188709, 0.000161145959282, 0.000124596175738, 7.86267919466e-05, 4.08484884247e-05, 1.16562605399e-05, 1.92520337805e-06, 4.43817128826e-07, 1.73092089994e-07, 1.39111424602e-08, 1.87565496468e-09]
        dmean2: [1.43624149018e-07, 7.26503567421e-05, 0.000201356946491, 0.000203892064746, 0.00037473870907, 0.000390493805753, 0.000399497046601, 0.000275624741334, 0.000640058657154, 0.000200194772333, 0.000227089534746, 9.80366094154e-05, 7.82406423241e-05, 9.90523476503e-05, 0.000168341168319, 0.000197958564968, 0.000568065268453, 0.000257765728747, 0.000211019782, 0.000128050523927, 7.04949779902e-05, 1.93655796465e-05, 3.15564170705e-06, 7.46227783566e-07, 2.76501879171e-07, 2.19004903101e-08, 2.89711965529e-09]
        dvar: [1.14450143156e-14, 3.02223734927e-09, 1.81172943314e-08, 1.98394456419e-08, 4.27227924149e-08, 6.13788841974e-08, 5.40779119262e-08, 2.54966714408e-08, 1.88848559901e-07, 1.75744165887e-08, 3.15123891426e-08, 8.496514603e-09, 2.56317767011e-09, 3.78696807246e-09, 1.2145459749e-08, 1.73427618932e-08, 4.23396585347e-07, 4.45056187459e-08, 1.26006725054e-08, 4.68443905888e-09, 1.81794745924e-09, 1.31788552293e-10, 2.61671565492e-12, 1.63427919201e-13, 2.36892973906e-14, 6.95717499249e-16, 5.72718203852e-16]
        dvar2: [2.71924952173e-14, 7.89792764522e-09, 4.70699745847e-08, 5.32591002411e-08, 1.20307774409e-07, 1.98569026111e-07, 1.59375005637e-07, 6.04556689154e-08, 5.83254916364e-07, 5.09362294565e-08, 9.14559521448e-08, 2.41601565421e-08, 6.28411855885e-09, 9.1119050083e-09, 3.47931496947e-08, 4.45772911917e-08, 1.08189215098e-06, 1.03928933015e-07, 3.35550431885e-08, 1.19312764113e-08, 5.29936139415e-09, 3.4083921796e-10, 6.72640632429e-12, 4.54146079467e-13, 6.13944794526e-14, 1.74872355417e-15, 1.43546768862e-15]
        max: [8.41886162561e-07, 0.000421363802161, 0.000905754510313, 0.00106745318044, 0.00169253977947, 0.00208473391831, 0.00214559282176, 0.00173911917955, 0.00313865463249, 0.00129365036264, 0.00164284696802, 0.000994499539956, 0.000478355388623, 0.000717864604667, 0.00112001411617, 0.0013280636631, 0.00736792059615, 0.00294135534205, 0.00110216147732, 0.000839606975205, 0.000498177541886, 0.000145123209222, 1.90274149645e-05, 4.5354777285e-06, 1.86104568911e-06, 3.5402206322e-07, 3.52837105311e-07]
        mean: [1.3915865793e-07, 4.7752269893e-05, 0.000128311046865, 0.0001539139339, 0.000382768397685, 0.000327501271386, 0.000382570753573, 0.00029129255563, 0.000646802072879, 0.000193639585632, 0.000218722212594, 9.89168329397e-05, 9.29045127123e-05, 0.000130016065668, 0.000188656151295, 0.000262393383309, 0.0008808496641, 0.000373626331566, 0.000354970106855, 0.000239290355239, 0.00011928981985, 3.88419284718e-05, 7.05111915522e-06, 1.79065398243e-06, 7.30470731014e-07, 4.12407246131e-08, 1.08569686574e-09]
        min: [5.85567816458e-10, 1.84463488928e-09, 6.1793103967e-10, 1.77631756526e-10, 7.02710389877e-10, 6.25222940087e-09, 1.38156517338e-08, 1.66931819479e-08, 1.84326207631e-08, 1.06141113676e-08, 5.90092730235e-09, 3.30146332495e-09, 8.59512849782e-10, 6.1516325367e-09, 1.29009096739e-08, 2.31443344489e-08, 3.43784662959e-08, 4.35663984888e-08, 6.56353265072e-08, 7.05492064768e-09, 5.38147526541e-09, 3.87211152031e-09, 8.44625591689e-10, 5.69776836823e-10, 5.99857552519e-10, 5.65754665338e-10, 2.77431268063e-12]
        var: [2.35753799295e-14, 3.06850544973e-09, 2.07432027111e-08, 2.86284507212e-08, 7.32394696001e-08, 6.91674699738e-08, 8.67361507062e-08, 5.94798201803e-08, 3.06945764805e-07, 2.62296406817e-08, 5.07381017201e-08, 8.74508021553e-09, 4.14031475771e-09, 8.78132411231e-09, 1.55170205574e-08, 4.24995896253e-08, 1.74618719484e-06, 1.08786977648e-07, 2.38892461368e-08, 1.20771703749e-08, 3.09592795844e-09, 3.06633940461e-10, 7.84476390098e-12, 3.98627935131e-13, 7.7745671229e-14, 7.55234798684e-16, 2.87142369174e-16]
    mfcc:
        mean: [-676.675537109, 115.648231506, -58.790058136, 45.8082351685, -24.9071979523, -11.6939678192, -13.6582555771, -1.63527691364, 0.64737612009, -4.24794101715, -3.29999685287, -4.50911092758, -4.34268379211]
        cov: [[757.542480469, 42.585067749, -28.8499469757, 44.2746772766, 13.4057540894, 35.3004837036, -16.3990726471, -13.3824443817, -5.80293941498, -29.8407974243, -20.0922584534, 1.81573104858, -10.2411670685], [42.585067749, 121.628311157, 24.7615394592, 2.76581549644, 13.3356199265, 22.1248531342, 28.6794452667, 10.8255281448, 7.82424211502, 8.80699253082, 0.585551738739, -10.8629980087, 4.6714887619], [-28.8499469757, 24.7615394592, 119.103294373, 1.59993493557, -45.3803138733, -2.23297905922, 25.0606689453, 2.53211951256, 7.87265205383, 37.0512695312, 16.9533958435, -15.7249822617, 1.79124474525], [44.2746772766, 2.76581549644, 1.59993493557, 62.7844047546, 47.8945503235, 1.34950149059, -9.43181037903, 13.0143661499, 7.29795646667, -15.6740064621, 0.672306656837, 17.2496967316, 0.891953766346], [13.4057540894, 13.3356199265, -45.3803138733, 47.8945503235, 106.930786133, 21.0478553772, -15.0176486969, 14.2179985046, 7.12330722809, -26.4347019196, -3.58309864998, 25.5860328674, 3.27359247208], [35.3004837036, 22.1248531342, -2.23297905922, 1.34950149059, 21.0478553772, 60.9218788147, 33.7519989014, 3.15966629982, -3.33765983582, 6.88355112076, 1.25065457821, -4.64877033234, 7.02696084976], [-16.3990726471, 28.6794452667, 25.0606689453, -9.43181037903, -15.0176486969, 33.7519989014, 66.06665802, 21.2471389771, -1.04480099678, 11.6109704971, 2.36728954315, -13.6256971359, 5.721596241], [-13.3824443817, 10.8255281448, 2.53211951256, 13.0143661499, 14.2179985046, 3.15966629982, 21.2471389771, 52.3506851196, 15.2208013535, -10.4773740768, -1.72079706192, 3.01266932487, -4.47527647018], [-5.80293941498, 7.82424211502, 7.87265205383, 7.29795646667, 7.12330722809, -3.33765983582, -1.04480099678, 15.2208013535, 35.8190040588, 16.6923427582, 6.8866558075, 1.73839592934, 0.367374897003], [-29.8407974243, 8.80699253082, 37.0512695312, -15.6740064621, -26.4347019196, 6.88355112076, 11.6109704971, -10.4773740768, 16.6923427582, 62.4599990845, 26.9305801392, -11.2877788544, 4.2669672966], [-20.0922584534, 0.585551738739, 16.9533958435, 0.672306656837, -3.58309864998, 1.25065457821, 2.36728954315, -1.72079706192, 6.8866558075, 26.9305801392, 34.8927307129, 10.7640657425, 4.50653839111], [1.81573104858, -10.8629980087, -15.7249822617, 17.2496967316, 25.5860328674, -4.64877033234, -13.6256971359, 3.01266932487, 1.73839592934, -11.2877788544, 10.7640657425, 42.0631217957, 12.0205259323], [-10.2411670685, 4.6714887619, 1.79124474525, 0.891953766346, 3.27359247208, 7.02696084976, 5.721596241, -4.47527647018, 0.367374897003, 4.2669672966, 4.50653839111, 12.0205259323, 37.6826133728]]
        icov: [[0.00170525861904, -0.000994821777567, 0.000831676879898, -0.00240901531652, 0.00221553537995, -0.00236912886612, 0.00149897800293, 0.000476971792523, -0.000414409179939, 0.000686588929966, 0.000430969928857, -0.000283853092697, 0.000647928856779], [-0.000994821777567, 0.0110098142177, -0.00319911376573, 0.00311185838655, -0.00531675899401, 0.000998037750833, -0.00462942291051, 0.000490544887725, -0.00199879799038, 0.000465638440801, -0.000175859036972, 0.00289203412831, -0.00145464076195], [0.000831676879898, -0.00319911376573, 0.0156779568642, -0.0100752478465, 0.0090592391789, 0.000580819731113, -0.00229851994663, -0.000575583428144, 0.000902633066289, -0.00583807006478, -0.0021079541184, 0.00198126304895, -0.00022646470461], [-0.00240901531652, 0.00311185838655, -0.0100752478465, 0.0346904210746, -0.0184410195798, 0.00511350948364, -0.000829263706692, -0.0023075893987, -0.00287420698442, 0.00559977674857, -0.00209012976848, -0.00318626291119, -0.000222063739784], [0.00221553537995, -0.00531675899401, 0.0090592391789, -0.0184410195798, 0.0291171297431, -0.015427579172, 0.0105431331322, -0.00339981680736, -0.00340643594973, 0.00330062955618, -0.000347326917108, -0.00546268885955, 0.00105348788202], [-0.00236912886612, 0.000998037750833, 0.000580819731113, 0.00511350948364, -0.015427579172, 0.0363083966076, -0.0226741861552, 0.00630263378844, 0.00404732534662, -0.00636502588168, 0.000797827960923, 0.00269554369152, -0.00242941477336], [0.00149897800293, -0.00462942291051, -0.00229851994663, -0.000829263706692, 0.0105431331322, -0.0226741861552, 0.0406114161015, -0.0199385546148, 0.00835256371647, -0.00230739242397, -0.000346789165633, 0.00453442148864, -0.00533688487485], [0.000476971792523, 0.000490544887725, -0.000575583428144, -0.0023075893987, -0.00339981680736, 0.00630263378844, -0.0199385546148, 0.0377708040178, -0.0207197461277, 0.0144390631467, -0.00415600743145, -0.00158311030827, 0.00635302998126], [-0.000414409179939, -0.00199879799038, 0.000902633066289, -0.00287420698442, -0.00340643594973, 0.00404732534662, 0.00835256371647, -0.0207197461277, 0.0490074194968, -0.0249030888081, 0.00787630490959, -0.00247139669955, -0.00183894799557], [0.000686588929966, 0.000465638440801, -0.00583807006478, 0.00559977674857, 0.00330062955618, -0.00636502588168, -0.00230739242397, 0.0144390631467, -0.0249030888081, 0.0500596016645, -0.0334070324898, 0.0149793634191, -0.00296959490515], [0.000430969928857, -0.000175859036972, -0.0021079541184, -0.00209012976848, -0.000347326917108, 0.000797827960923, -0.000346789165633, -0.00415600743145, 0.00787630490959, -0.0334070324898, 0.061339199543, -0.0257281139493, 0.00430655060336], [-0.000283853092697, 0.00289203412831, 0.00198126304895, -0.00318626291119, -0.00546268885955, 0.00269554369152, 0.00453442148864, -0.00158311030827, -0.00247139669955, 0.0149793634191, -0.0257281139493, 0.0467364601791, -0.0148628884926], [0.000647928856779, -0.00145464076195, -0.00022646470461, -0.000222063739784, 0.00105348788202, -0.00242941477336, -0.00533688487485, 0.00635302998126, -0.00183894799557, -0.00296959490515, 0.00430655060336, -0.0148628884926, 0.0334165580571]]
    spectral_contrast:
        mean: [-3.1029856018e-07, 2.86909880742e-07, 3.98744049335e-07, 1.25099049342e-07, 4.19922997708e-07, 1.30143703814e-07, -1.18338334687e-06, 1.15787543109e-06, -4.17039336753e-06, -5.18574211128e-07, -2.539820116e-06, 5.12599945068e-06]
        var: [0.00022405218624, 0.000626774795819, 0.000865800189786, 0.00127666350454, 0.00198343838565, 0.00240787328221, 0.0210600290447, 0.0569493994117, 0.0757051631808, 0.0931256115437, 0.173935621977, 0.398601353168]

rhythm:
    beats_loudness:
        dmean: 0.00139493483584
        dmean2: 0.00222062761895
        dvar: 2.35345646615e-06
        dvar2: 6.77051593811e-06
        max: 0.0104937804863
        mean: 0.00562651595101
        min: 0.00393211143091
        var: 2.97940937344e-06
    beats_loudness_bass:
        dmean: 0.0591568872333
        dmean2: 0.106460273266
        dvar: 0.0028196121566
        dvar2: 0.00707425875589
        max: 0.20128133893
        mean: 0.0744669213891
        min: 0.0146917998791
        var: 0.00366095267236
    bpm: 107.375709534
    bpm_confidence: 0
    first_peak_bpm: 107
    first_peak_spread: 0
    first_peak_weight: 0.555555582047
    onset_rate: 0.894886374474
    second_peak_bpm: 130
    second_peak_spread: 0
    second_peak_weight: 0.388888895512
    beats_position: [0.161205768585, 0.720072865486, 1.2789400816, 1.8378071785, 2.39667415619, 2.9555413723, 3.51440858841, 4.07327604294, 4.63214302063, 5.19101047516, 5.74987745285, 6.42698478699, 6.88780593872, 7.34862709045, 7.80944871902, 8.27026939392, 8.73109149933, 9.19191169739, 9.6527338028]
    bpm_estimates: [108.352355957, 108.224700928, 105.550086975]
    bpm_intervals: [0.558867096901, 0.55886721611, 0.558867096901, 0.558866977692, 0.55886721611, 0.55886721611, 0.558867454529, 0.558866977692, 0.558867454529, 0.558866977692, 0.677107334137, 0.460821151733, 0.460821151733, 0.460821628571, 0.460820674896, 0.460822105408, 0.460820198059, 0.460822105408]
    onset_times: [0.0464399084449, 3.58748292923, 3.77324271202, 3.93578219414, 5.9094786644, 6.3622674942, 7.31428575516, 8.33596324921, 8.88163280487]
    rubato_start: [6.88780593872]
    rubato_stop: [9.6527338028]
    perceptual_tempo: "unknown"

sfx:
    inharmonicity:
        dmean: 0.0561112239957
        dmean2: 0.0983690917492
        dvar: 0.00300185312517
        dvar2: 0.00815878901631
        max: 0.381118446589
        mean: 0.0616481602192
        min: 0
        var: 0.00327783543617
    oddtoevenharmonicenergyratio:
        dmean: 2.48104000092
        dmean2: 4.66670274734
        dvar: 79.3543930054
        dvar2: 221.531616211
        max: 115.451347351
        mean: 1.73642253876
        min: 0
        var: 48.4998321533
    pitch_after_max_to_before_max_energy_ratio: 0.709818899632
    pitch_centroid: 146.60697937
    pitch_max_to_total: 0.148148149252
    pitch_min_to_total: 0.724537014961
    tristimulus:
        dmean: [0.188026696444, 0.242988198996, 0.13457532227]
        dmean2: [0.325596749783, 0.430404812098, 0.234242260456]
        dvar: [0.0190943926573, 0.0439329110086, 0.0134768588468]
        dvar2: [0.0579326860607, 0.124653384089, 0.0377250090241]
        max: [1, 0.943251669407, 0.601953744888]
        mean: [0.345154643059, 0.454451411963, 0.136317715049]
        min: [0.0190042443573, 0, 0]
        var: [0.0307420268655, 0.0508160851896, 0.0164029765874]

tonal:
    chords_changes_rate: 0.0783410146832
    chords_number_rate: 0.0322580635548
    chords_strength:
        dmean: 0.0107165984809
        dmean2: 0.0112301604822
        dvar: 7.39443930797e-05
        dvar2: 8.30314529594e-05
        max: 0.73001730442
        mean: 0.462795555592
        min: 0.192458942533
        var: 0.0196785293519
    key_strength: 0.600952446461
    tuning_diatonic_strength: 0.497004747391
    tuning_equal_tempered_deviation: 0.0543675385416
    tuning_frequency: 440.763122559
    tuning_nontempered_energy_ratio: 0.749971151352
    hpcp:
        dmean: [0.208786517382, 0.147048935294, 0.138437539339, 0.155338212848, 0.163599580526, 0.168502822518, 0.175763070583, 0.17097787559, 0.180294513702, 0.184659287333, 0.158709838986, 0.116487175226, 0.119285970926, 0.107515275478, 0.135112583637, 0.166609317064, 0.144240915775, 0.15629452467, 0.193970456719, 0.197599217296, 0.209194526076, 0.226115837693, 0.194620996714, 0.176214784384, 0.162506133318, 0.15084220469, 0.165010899305, 0.178250178695, 0.169049739838, 0.157038033009, 0.159002766013, 0.115753076971, 0.11004460603, 0.107117898762, 0.133199691772, 0.196014285088]
        dmean2: [0.355726063251, 0.253296494484, 0.236591354012, 0.270719587803, 0.278693169355, 0.286062806845, 0.292010486126, 0.284095108509, 0.302084058523, 0.296880245209, 0.270094871521, 0.195437818766, 0.194017514586, 0.175019681454, 0.227418631315, 0.275133609772, 0.239708170295, 0.260893374681, 0.326766073704, 0.33371040225, 0.35770970583, 0.390048950911, 0.325358510017, 0.303495973349, 0.271961539984, 0.259412944317, 0.281651347876, 0.285123795271, 0.298374503851, 0.2610014081, 0.266412854195, 0.197120696306, 0.19205737114, 0.186894580722, 0.225693210959, 0.336355954409]
        dvar: [0.0307829976082, 0.0193171594292, 0.0177848096937, 0.0247318316251, 0.0242628566921, 0.0285573918372, 0.0290825255215, 0.0232341662049, 0.0286427997053, 0.0305303782225, 0.0282318089157, 0.0144489491358, 0.0160561408848, 0.0125336656347, 0.0210475809872, 0.0311857387424, 0.0244741886854, 0.0281320102513, 0.0347346365452, 0.0304349754006, 0.0330005735159, 0.0419566817582, 0.0332493036985, 0.0275220274925, 0.0326968692243, 0.0262391120195, 0.0270266514271, 0.0252499710768, 0.0299874097109, 0.0214277748019, 0.0212341267616, 0.015539528802, 0.0154977217317, 0.011982713826, 0.0145361162722, 0.0282199960202]
        dvar2: [0.0770577639341, 0.0564892329276, 0.0522779449821, 0.0633615255356, 0.0643992573023, 0.0739719718695, 0.0702326223254, 0.062257040292, 0.0713086426258, 0.0833574086428, 0.0830961838365, 0.036827031523, 0.0431352891028, 0.0328120477498, 0.060142558068, 0.087659701705, 0.073013626039, 0.0729176774621, 0.0828637480736, 0.072784088552, 0.0825195237994, 0.106003627181, 0.0788381323218, 0.0764814168215, 0.0952338799834, 0.0715020373464, 0.0770335868001, 0.0663011297584, 0.0817070752382, 0.0621758438647, 0.0638234838843, 0.0439106561244, 0.042260825634, 0.0376111008227, 0.0385908186436, 0.0737688988447]
        max: [1, 0.994413495064, 0.920405983925, 1, 1, 1, 1, 1, 1, 1, 1, 0.987920761108, 1, 0.806002259254, 0.943377077579, 1, 1, 1, 1, 1, 1, 1, 1, 0.920402288437, 1, 1, 1, 1, 1, 1, 1, 1, 1, 0.983132243156, 0.793655633926, 1]
        mean: [0.435219168663, 0.276125758886, 0.249555438757, 0.324633926153, 0.286814987659, 0.291530758142, 0.341810017824, 0.286365151405, 0.319358050823, 0.380025744438, 0.275195926428, 0.202895611525, 0.216864645481, 0.203008145094, 0.250197321177, 0.293979465961, 0.2596154809, 0.324896544218, 0.412648558617, 0.37640401721, 0.457163125277, 0.553163230419, 0.395121842623, 0.25375816226, 0.272375494242, 0.264795035124, 0.303837448359, 0.365936696529, 0.303479909897, 0.29850307107, 0.2992362082, 0.211740553379, 0.20118740201, 0.213578179479, 0.24342893064, 0.401769995689]
        min: [0.0544149689376, 0.0308743584901, 0.0270277410746, 0.0240198839456, 0.0147549202666, 0.0141455261037, 0.0159538425505, 0.0233142971992, 0.0302875936031, 0.0240615606308, 0.019210582599, 0.0287988279015, 0.0240175854415, 0.0226309597492, 0.023345336318, 0.0422719679773, 0.0382372438908, 0.0338645353913, 0.0579281635582, 0.0325064472854, 0.029569607228, 0.0467629805207, 0.0281824730337, 0.018228283152, 0.0154835665599, 0.028471885249, 0.0127612063661, 0.0134669858962, 0.0316528938711, 0.0279595125467, 0.0295555070043, 0.0193959865719, 0.0187478512526, 0.0256630275398, 0.0277528557926, 0.0596946701407]
        var: [0.0671753361821, 0.0309689976275, 0.0330381095409, 0.0712765082717, 0.0525853633881, 0.0470105744898, 0.0595072731376, 0.0364149846137, 0.0522145405412, 0.0892791152, 0.0482351332903, 0.0207857601345, 0.0234919525683, 0.0217765532434, 0.0343759171665, 0.0507098250091, 0.0313860028982, 0.0577646456659, 0.0752347260714, 0.0668719783425, 0.0744819790125, 0.0867435187101, 0.0663314908743, 0.0353789404035, 0.0571639090776, 0.0541755445302, 0.0485050566494, 0.074622951448, 0.059904973954, 0.0443259775639, 0.0467469245195, 0.0231281779706, 0.0254442729056, 0.0243710651994, 0.0262490548193, 0.0567972175777]
    chords_histogram: [19.8156681061, 0, 0, 0, 0, 1.38248848915, 0, 6.91244220734, 11.0599079132, 2.30414748192, 17.0506916046, 0, 0, 0, 0, 0, 0, 0, 0, 0, 0, 0, 41.4746551514, 0]
    thpcp: [1, 0.714295208454, 0.458740115166, 0.492396235466, 0.478692412376, 0.549272656441, 0.66153472662, 0.548626303673, 0.539629280567, 0.540954649448, 0.382781326771, 0.363703489304, 0.386103361845, 0.440067082644, 0.726313650608, 0.786782562733, 0.499175906181, 0.45114248991, 0.586868226528, 0.518499732018, 0.527024805546, 0.617918908596, 0.517686545849, 0.577330589294, 0.687004685402, 0.497494965792, 0.366791576147, 0.392044574022, 0.3669950068, 0.452302873135, 0.531451582909, 0.46932888031, 0.587342977524, 0.745979726315, 0.680457413197, 0.826452493668]
    chords_key: "A"
    chords_scale: "minor"
    key_key: "E"
    key_scale: "minor"
    chords_progression: ["G#m", "G#m", "G#m", "G#m", "G#m", "G#m", "G#m", "G#m", "G#m", "G#m", "G#m", "G#m", "G#m", "G#m", "G#m", "G#m", "Am", "Am", "Am", "Am", "G#m", "Am", "Am", "Am", "Am", "Am", "Am", "Am", "Am", "Am", "Am", "Am", "Am", "Am", "Am", "Am", "Am", "Am", "Am", "Am", "Am", "Am", "Am", "Am", "Am", "Am", "Am", "Am", "Am", "Am", "Am", "Am", "Am", "Am", "Am", "Am", "Am", "Am", "Am", "Am", "Am", "Am", "Am", "Am", "Am", "Am", "Am", "Am", "Am", "Am", "G#m", "Am", "G#m", "G#m", "G#m", "G#m", "G#m", "G#m", "B", "B", "B", "B", "B", "Em", "Em", "Em", "Em", "Em", "Em", "Em", "Em", "Em", "Em", "Em", "Em", "Em", "Em", "Em", "Em", "Em", "Em", "Em", "Em", "Em", "Em", "Em", "Em", "Em", "Em", "Em", "Em", "Em", "Em", "Em", "Em", "Em", "Em", "Em", "Em", "Em", "Em", "Em", "Em", "Em", "Em", "Em", "E", "E", "E", "A", "A", "A", "E", "E", "Am", "E", "E", "E", "E", "E", "E", "E", "E", "E", "D#m", "D#m", "D#m", "E", "D#m", "D#m", "D#m", "D#m", "D#m", "D#m", "D#m", "D#m", "D#m", "D#m", "D#m", "D#m", "D#m", "D#m", "D#m", "D#m", "D#m", "D#m", "D#m", "D#m", "D#m", "D#m", "D#m", "D#m", "D#m", "D#m", "D#m", "D#m", "D#m", "D#m", "D#m", "D#m", "D#m", "D#m", "Am", "Am", "Am", "Am", "Am", "Am", "Am", "Am", "Am", "Am", "Am", "Am", "Am", "Am", "Am", "Am", "Am", "Am", "Am", "Am", "Am", "Am", "Am", "Am", "Am", "Am", "Am", "Am", "Am", "Am", "Am", "Am", "Am", "Am", "Am"]
