
metadata:
    version:
        essentia: "1.2.2"
    audio_properties:
        analysis_sample_rate: 44100
        bitrate: 128
        channels: 2
        equal_loudness: 1
        length: 10.0048980713
        replay_gain: -12.505979538
        downmix: "mix"
    tags:
        track: 24
        year: 0
        album: "Splitted by Mp3Splt v. 2.1"
        artist: "From 003.50 To 004.00"
        comment: "http://mp3splt.sf.net"
        genre: ""
        title: "04 Re-Transitions.mp3"

highlevel:
    ballroom:
        all:
            ChaChaCha: 0.35745126009
            Jive: 0.230454489589
            Quickstep: 0.074243620038
            Rumba-American: 0.00847037415951
            Rumba-International: 0.110507279634
            Rumba-Misc: 0.0449989400804
            Samba: 0.0855406448245
            Tango: 0.0131154861301
            VienneseWaltz: 0.0577837340534
            Waltz: 0.0174341779202
        probability: 0.35745126009
        value: "ChaChaCha"
    culture:
        all:
            non_western: 0.85684388876
            western: 0.143156096339
        probability: 0.85684388876
        value: "non_western"
    gender:
        all:
            female: 0.5
            male: 0.5
        probability: 0.5
        value: "female"
    genre_dortmund:
        all:
            alternative: 0.0172566436231
            blues: 0.005011735484
            electronic: 0.587666451931
            folkcountry: 0.014178651385
            funksoulrnb: 0.0264084320515
            jazz: 0.00910159479827
            pop: 0.0225757546723
            raphiphop: 0.121768981218
            rock: 0.196031719446
        probability: 0.587666451931
        value: "electronic"
    genre_electronica:
        all:
            ambient: 0.447254478931
            dnb: 0.307944267988
            house: 0.0490417852998
            techno: 0.0670488476753
            trance: 0.128710627556
        probability: 0.447254478931
        value: "ambient"
    genre_rosamerica:
        all:
            cla: 0.0412493273616
            dan: 0.260343968868
            hip: 0.242135673761
            jaz: 0.0148329045624
            pop: 0.156918153167
            rhy: 0.0271401628852
            roc: 0.192787930369
            spe: 0.0645918995142
        probability: 0.260343968868
        value: "dan"
    genre_tzanetakis:
        all:
            blu: 0.00465285545215
            cla: 0.0102702220902
            cou: 0.0216669477522
            dis: 0.0354841016233
            hip: 0.11379661411
            jaz: 0.00413385918364
            met: 0.0073223002255
            pop: 0.529276013374
            reg: 0.14777751267
            roc: 0.125619575381
        probability: 0.529276013374
        value: "pop"
    live_studio:
        all:
            live: 0.657356142998
            studio: 0.342643886805
        probability: 0.657356142998
        value: "live"
    mood:
        all:
            Cluster1: 0.349693000317
            Cluster2: 0.0599883683026
            Cluster3: 0.041346244514
            Cluster4: 0.0846259146929
            Cluster5: 0.464346468449
        probability: 0.464346468449
        value: "Cluster5"
    mood_acoustic:
        all:
            acoustic: 0.104847118258
            not_acoustic: 0.89515286684
        probability: 0.89515286684
        value: "not_acoustic"
    mood_aggressive:
        all:
            aggressive: 0.786417424679
            not_aggressive: 0.213582575321
        probability: 0.786417424679
        value: "aggressive"
    mood_electronic:
        all:
            electronic: 0.877617061138
            not_electronic: 0.122382946312
        probability: 0.877617061138
        value: "electronic"
    mood_happy:
        all:
            happy: 0.220297515392
            not_happy: 0.779702484608
        probability: 0.779702484608
        value: "not_happy"
    mood_party:
        all:
            not_party: 0.251793384552
            party: 0.748206615448
        probability: 0.748206615448
        value: "party"
    mood_relaxed:
        all:
            not_relaxed: 0.884018719196
            relaxed: 0.115981265903
        probability: 0.884018719196
        value: "not_relaxed"
    mood_sad:
        all:
            not_sad: 0.752870678902
            sad: 0.247129306197
        probability: 0.752870678902
        value: "not_sad"
    rhythm:
        all:
            fast: 0.754598081112
            medium: 0.228661730886
            slow: 0.0167401880026
        probability: 0.754598081112
        value: "fast"
    speech_music:
        all:
            music: 0.995525717735
            speech: 0.00447429763153
        probability: 0.995525717735
        value: "music"
    timbre:
        all:
            bright: 0.0132741173729
            dark: 0.986725866795
        probability: 0.986725866795
        value: "dark"
    voice_instrumental:
        all:
            instrumental: 0.0911991521716
            voice: 0.908800840378
        probability: 0.908800840378
        value: "voice"

lowlevel:
    average_loudness: 0.979647099972
    barkbands_kurtosis:
        dmean: 1.88012099266
        dmean2: 3.05970549583
        dvar: 5.86099481583
        dvar2: 16.8838043213
        max: 17.8973503113
        mean: 1.12987518311
        min: -1.60295534134
        var: 9.63921546936
    barkbands_skewness:
        dmean: 0.577045738697
        dmean2: 0.906421244144
        dvar: 0.223782226443
        dvar2: 0.527945876122
        max: 3.90026473999
        mean: 0.917261064053
        min: -1.33505010605
        var: 0.989983141422
    barkbands_spread:
        dmean: 4.4585981369
        dmean2: 6.82145643234
        dvar: 19.0242519379
        dvar2: 33.5732955933
        max: 42.0027809143
        mean: 17.226228714
        min: 3.71856594086
        var: 51.8239555359
    dissonance:
        dmean: 0.0234729517251
        dmean2: 0.0397119708359
        dvar: 0.000361925835023
        dvar2: 0.00105571362656
        max: 0.499789744616
        mean: 0.460108339787
        min: 0.379312098026
        var: 0.000557994702831
    hfc:
        dmean: 2.77507090569
        dmean2: 4.29538583755
        dvar: 22.8425998688
        dvar2: 52.5301742554
        max: 34.8284416199
        mean: 4.10658931732
        min: 0.302937358618
        var: 26.3923969269
    pitch:
        dmean: 269.360778809
        dmean2: 515.653198242
        dvar: 481779.28125
        dvar2: 1452518.875
        max: 4009.09082031
        mean: 355.340057373
        min: 76.6956558228
        var: 270485.46875
    pitch_instantaneous_confidence:
        dmean: 0.0986390858889
        dmean2: 0.159196451306
        dvar: 0.00651552667841
        dvar2: 0.0152595350519
        max: 0.753792405128
        mean: 0.366852879524
        min: 0.14360845089
        var: 0.0143923144788
    pitch_salience:
        dmean: 0.0860697552562
        dmean2: 0.144240051508
        dvar: 0.00497401272878
        dvar2: 0.0128960218281
        max: 0.822668075562
        mean: 0.625725328922
        min: 0.382927507162
        var: 0.0088980877772
    silence_rate_20dB:
        dmean: 0
        dmean2: 0
        dvar: 0
        dvar2: 0
        max: 1
        mean: 1
        min: 1
        var: 0
    silence_rate_30dB:
        dmean: 0
        dmean2: 0
        dvar: 0
        dvar2: 0
        max: 1
        mean: 1
        min: 1
        var: 0
    silence_rate_60dB:
        dmean: 0.172093018889
        dmean2: 0.3449883461
        dvar: 0.142477363348
        dvar2: 0.235295847058
        max: 1
        mean: 0.431554526091
        min: 0
        var: 0.245315641165
    spectral_centroid:
        dmean: 240.74281311
        dmean2: 342.058776855
        dvar: 57567.3789062
        dvar2: 95137.0234375
        max: 2493.12597656
        mean: 1006.15222168
        min: 290.737670898
        var: 263608.3125
    spectral_complexity:
        dmean: 4.61682224274
        dmean2: 7.07494163513
        dvar: 35.469997406
        dvar2: 66.3972091675
        max: 47
        mean: 11.0559444427
        min: 0
        var: 59.2556266785
    spectral_crest:
        dmean: 3.07441091537
        dmean2: 5.0976190567
        dvar: 7.58211898804
        dvar2: 20.3904724121
        max: 20.5037307739
        mean: 9.38345718384
        min: 2.87148523331
        var: 17.3588886261
    spectral_decrease:
        dmean: 5.63527280395e-10
        dmean2: 9.66385416135e-10
        dvar: 6.04884146434e-19
        dvar2: 1.59141029895e-18
        max: -9.20707537988e-11
        mean: -1.01073915904e-09
        min: -4.64724392302e-09
        var: 6.7188712022e-19
    spectral_energy:
        dmean: 0.00236409902573
        dmean2: 0.00401638541371
        dvar: 1.06516472442e-05
        dvar2: 2.76937189483e-05
        max: 0.0189463123679
        mean: 0.00418724212795
        min: 0.000390957196942
        var: 1.16595592772e-05
    spectral_energyband_high:
        dmean: 0.000107187901449
        dmean2: 0.000157319635036
        dvar: 5.73571270479e-08
        dvar2: 1.17176170988e-07
        max: 0.00228403322399
        mean: 0.000116999231977
        min: 1.17113859233e-06
        var: 6.99904632029e-08
    spectral_energyband_low:
        dmean: 8.34917082102e-05
        dmean2: 0.000124610116472
        dvar: 4.49833628124e-08
        dvar2: 8.95844749493e-08
        max: 0.00315906223841
        mean: 0.000123334073578
        min: 6.69589823588e-08
        var: 7.73508190832e-08
    spectral_energyband_middle_high:
        dmean: 0.000793454819359
        dmean2: 0.00121608411428
        dvar: 1.80666734195e-06
        dvar2: 4.21734239353e-06
        max: 0.00969916209579
        mean: 0.00128060497809
        min: 0.000108112108137
        var: 2.20520746552e-06
    spectral_energyband_middle_low:
        dmean: 0.00162135553546
        dmean2: 0.00282798847184
        dvar: 5.22007985637e-06
        dvar2: 1.46637730722e-05
        max: 0.0150158377364
        mean: 0.00266623473726
        min: 0.000161594885867
        var: 6.26123028269e-06
    spectral_flatness_db:
        dmean: 0.0295497942716
        dmean2: 0.0398194119334
        dvar: 0.000532702193595
        dvar2: 0.000992640154436
        max: 0.287268549204
        mean: 0.174098774791
        min: 0.0694479942322
        var: 0.00219955155626
    spectral_flux:
        dmean: 0.0154690593481
        dmean2: 0.0238623674959
        dvar: 0.000346118351445
        dvar2: 0.000745703524444
        max: 0.121480852365
        mean: 0.0425644293427
        min: 0.0106521658599
        var: 0.000524764298461
    spectral_kurtosis:
        dmean: 4.4252243042
        dmean2: 6.4014878273
        dvar: 19.8518486023
        dvar2: 47.2661819458
        max: 31.6053924561
        mean: 10.2525701523
        min: 0.597501277924
        var: 52.3853797913
    spectral_rms:
        dmean: 0.000514235347509
        dmean2: 0.000838999869302
        dvar: 3.73616330762e-07
        dvar2: 9.02251599655e-07
        max: 0.00429932633415
        mean: 0.00187368004117
        min: 0.000617593410425
        var: 5.74436455736e-07
    spectral_rolloff:
        dmean: 504.722045898
        dmean2: 794.812438965
        dvar: 316085.1875
        dvar2: 552986.0625
        max: 4026.70898438
        mean: 1750.91638184
        min: 279.931640625
        var: 932855.125
    spectral_skewness:
        dmean: 0.422547250986
        dmean2: 0.612874746323
        dvar: 0.156524509192
        dvar2: 0.321403026581
        max: 4.04145860672
        mean: 2.34840965271
        min: 1.06908583641
        var: 0.517264723778
    spectral_spread:
        dmean: 955775
        dmean2: 1165769.25
        dvar: 1.06217354035e+12
        dvar2: 1.37178998374e+12
        max: 18014838
        mean: 4131849
        min: 1586677.5
        var: 5.54391253811e+12
    spectral_strongpeak:
        dmean: 0.252222985029
        dmean2: 0.435018509626
        dvar: 0.0643877014518
        dvar2: 0.170935571194
        max: 1.73727250099
        mean: 0.381067961454
        min: 0.0216365400702
        var: 0.0806702896953
    zerocrossingrate:
        dmean: 0.0105288494378
        dmean2: 0.0107822101563
        dvar: 8.33213634905e-05
        dvar2: 9.01659659576e-05
        max: 0.126953125
        mean: 0.0577014125884
        min: 0.01953125
        var: 0.000628182548098
    barkbands:
        dmean: [6.8132163733e-07, 2.96154594253e-05, 6.30251888651e-05, 0.000167380698258, 0.000742080621421, 0.00047454572632, 0.000610636430793, 0.000156135676662, 0.000127655337565, 9.10160888452e-05, 5.0542945246e-05, 0.000103913102066, 8.95745542948e-05, 0.000105102873931, 0.000110615757876, 7.7750744822e-05, 7.50983817852e-05, 0.000123915611766, 0.000124352998682, 0.000129556006868, 4.0642102249e-05, 1.731123848e-05, 4.78033780382e-06, 2.43589465754e-06, 1.25453107103e-06, 5.0253266437e-08, 5.56214074798e-10]
        dmean2: [7.93934987087e-07, 3.94605267502e-05, 0.000106519866677, 0.000281693850411, 0.00120510777924, 0.000872464443091, 0.00114224606659, 0.000239635759499, 0.000219179768465, 0.000143864992424, 8.19642373244e-05, 0.0001770152885, 0.000142891454743, 0.000171970459633, 0.000187904341146, 0.000127891267766, 0.000125682432554, 0.000189033045899, 0.000198710418772, 0.000207555131055, 5.91944262851e-05, 2.5317307518e-05, 7.56449344408e-06, 3.51166454493e-06, 1.79110327281e-06, 7.40439816127e-08, 7.10202063825e-10]
        dvar: [2.07143590475e-12, 5.27809884687e-09, 3.21242552559e-08, 5.35425606074e-08, 9.59630483521e-07, 5.17661646882e-07, 1.97101348931e-06, 3.79562230535e-08, 4.6129123632e-08, 1.76296790499e-08, 6.02848526654e-09, 2.66416311234e-08, 2.47641249729e-08, 1.19017773414e-08, 1.40428362272e-08, 1.36867157607e-08, 1.85054265245e-08, 5.43712204149e-08, 7.39626599966e-08, 1.01876231895e-07, 8.55575787995e-09, 1.40960743078e-09, 8.88062401394e-11, 1.87710454819e-11, 4.27218156684e-12, 4.88713743072e-15, 5.16688675074e-17]
        dvar2: [3.10066360608e-12, 1.14509717264e-08, 6.68501343171e-08, 1.40638434232e-07, 2.750425665e-06, 1.44426417137e-06, 5.52385836272e-06, 9.31307155838e-08, 1.25453027522e-07, 4.31912212662e-08, 1.59103539232e-08, 7.13149219678e-08, 5.98780331984e-08, 3.19847153207e-08, 3.72336010912e-08, 3.02189491208e-08, 4.55684023848e-08, 1.10750804083e-07, 1.79231349762e-07, 2.44681160666e-07, 1.73118106517e-08, 2.72806066626e-09, 1.92237753494e-10, 3.42374635587e-11, 7.64577724049e-12, 9.22625386192e-15, 5.17603106698e-17]
        max: [1.34368920044e-05, 0.000895368808415, 0.00266326311976, 0.00124718795996, 0.00692639918998, 0.00340585247613, 0.0108713516966, 0.0018158161547, 0.00204783398658, 0.00088095391402, 0.00054839317454, 0.00103592441883, 0.00117657624651, 0.000881950836629, 0.000840503373183, 0.000909169670194, 0.000959067197982, 0.00159187789541, 0.00224029016681, 0.00221824576147, 0.000771619670559, 0.000325424131006, 6.87063729856e-05, 2.91456090054e-05, 1.28862175188e-05, 4.73008583413e-07, 1.49369810742e-07]
        mean: [2.25493863582e-06, 5.78881590627e-05, 6.32623050478e-05, 0.000166905767401, 0.00111547822598, 0.00045937098912, 0.000454464665381, 0.000277464190731, 0.000174400804099, 0.000125966515043, 6.50911970297e-05, 0.000124715239508, 0.000107362655399, 0.000176106332219, 0.00018036448455, 0.000110280838271, 8.67394846864e-05, 0.000128941814182, 0.000117897994642, 0.000119281954539, 4.50488441857e-05, 1.80103288585e-05, 5.00816940985e-06, 3.30630564349e-06, 1.56743931257e-06, 6.60608847625e-08, 5.68812108526e-10]
        min: [2.1022482366e-10, 1.03309094612e-08, 3.90226473357e-09, 1.36333495604e-08, 1.2301685274e-05, 9.82420988294e-06, 1.67669350049e-06, 2.66215238298e-06, 6.87831970936e-06, 2.02349951905e-06, 2.06092954613e-06, 3.10789801006e-06, 4.0124023144e-06, 5.88097782384e-06, 1.1622346392e-05, 7.901024901e-07, 1.23432050714e-06, 1.96383234652e-06, 2.03274476007e-06, 1.20518961921e-06, 2.97573734542e-07, 1.10132006625e-07, 1.69902385494e-08, 1.11286277971e-08, 4.27206892084e-09, 1.48839440772e-10, 7.04925958643e-14]
        var: [9.6008496292e-12, 1.08346123184e-08, 4.63861731248e-08, 7.21695272432e-08, 1.71364376911e-06, 3.90645794823e-07, 1.20465574582e-06, 8.72890808523e-08, 5.54741212966e-08, 2.31994157218e-08, 6.0754592468e-09, 2.47524045704e-08, 2.77221836598e-08, 2.22397353866e-08, 2.05318677615e-08, 2.00845811094e-08, 1.95838207873e-08, 7.23290938254e-08, 7.15448251754e-08, 9.75292735461e-08, 1.09901590051e-08, 1.78065007184e-09, 9.4256866201e-11, 3.14415611602e-11, 6.96781824946e-12, 8.56788903334e-15, 5.18048262216e-17]
    mfcc:
        mean: [-750.575927734, 151.972793579, -57.0475959778, 21.5377483368, -10.398276329, -9.67868518829, -13.5897483826, -18.8611049652, -7.99700832367, -1.08222973347, -4.70656728745, -7.95951795578, -5.00592899323]
        cov: [[3620.16357422, -1725.67285156, 652.834228516, 311.956512451, -197.64201355, 53.0376205444, 125.877929688, 204.480651855, -162.635864258, -175.916122437, -87.3380279541, 26.4345493317, 4.20214796066], [-1725.67285156, 2236.30297852, -357.22958374, 379.576202393, 145.714355469, 84.3004608154, 89.8319854736, -102.659286499, 25.0486564636, -46.754322052, -42.8159866333, -71.4547805786, -21.726896286], [652.834228516, -357.22958374, 761.726135254, 25.5054416656, 163.700256348, 133.70552063, 48.7960166931, 119.758308411, -73.4836425781, 2.15057206154, -70.5238113403, -56.7034568787, -45.6954917908], [311.956512451, 379.576202393, 25.5054416656, 377.950012207, -32.8680915833, 61.0400085449, 96.4335479736, 11.7057361603, -21.7271327972, -89.3444519043, -51.6053581238, -44.8073539734, -35.3936042786], [-197.64201355, 145.714355469, 163.700256348, -32.8680915833, 194.61505127, 73.5959320068, 5.96854162216, 26.93309021, 17.3773479462, 46.5777549744, -2.11092448235, -13.8024625778, -9.42059230804], [53.0376205444, 84.3004608154, 133.70552063, 61.0400085449, 73.5959320068, 99.2223358154, 33.2075843811, 29.2143325806, 3.77278923988, 8.93809986115, -20.1803894043, -23.8618049622, -17.1368713379], [125.877929688, 89.8319854736, 48.7960166931, 96.4335479736, 5.96854162216, 33.2075843811, 75.9451828003, 22.4249343872, 8.28068733215, -22.2946033478, -14.811715126, -18.3210353851, -12.2113208771], [204.480651855, -102.659286499, 119.758308411, 11.7057361603, 26.93309021, 29.2143325806, 22.4249343872, 67.8162460327, 3.95304346085, 8.77884483337, -6.45343112946, -0.347962379456, 1.23733580112], [-162.635864258, 25.0486564636, -73.4836425781, -21.7271327972, 17.3773479462, 3.77278923988, 8.28068733215, 3.95304346085, 80.2661361694, 42.2808570862, 21.4940605164, 7.36190080643, -0.610593020916], [-175.916122437, -46.754322052, 2.15057206154, -89.3444519043, 46.5777549744, 8.93809986115, -22.2946033478, 8.77884483337, 42.2808570862, 88.859046936, 41.4311943054, 13.8223562241, 3.30667066574], [-87.3380279541, -42.8159866333, -70.5238113403, -51.6053581238, -2.11092448235, -20.1803894043, -14.811715126, -6.45343112946, 21.4940605164, 41.4311943054, 59.6499481201, 33.0055732727, 16.0799064636], [26.4345493317, -71.4547805786, -56.7034568787, -44.8073539734, -13.8024625778, -23.8618049622, -18.3210353851, -0.347962379456, 7.36190080643, 13.8223562241, 33.0055732727, 59.447681427, 40.6943397522], [4.20214796066, -21.726896286, -45.6954917908, -35.3936042786, -9.42059230804, -17.1368713379, -12.2113208771, 1.23733580112, -0.610593020916, 3.30667066574, 16.0799064636, 40.6943397522, 60.7587585449]]
        icov: [[0.00122424284928, 0.00118222809397, -0.000107317828224, -0.00183303467929, 6.16536271991e-05, -9.35350253712e-05, -0.00099863903597, -0.00111055828165, 0.00148051441647, 0.000259039748926, 0.000645006715786, -0.00137026328593, -0.000257491366938], [0.00118222809397, 0.00207760604098, 0.000710886903107, -0.00279513373971, -0.00149392266758, -6.65519983158e-05, -0.00158755551092, 3.94571798097e-05, 0.00207764981315, -0.000497526081745, 0.00134278577752, -0.00057260284666, -0.000926599197555], [-0.000107317828224, 0.000710886903107, 0.00400781910866, -7.22748663975e-05, -0.0027558344882, -0.00144609773997, -0.00164131948259, -0.00310844765045, 0.00451430119574, -0.00221060216427, 0.00310972565785, 0.000268023955869, 0.00129516865127], [-0.00183303467929, -0.00279513373971, -7.22748663975e-05, 0.00944610033184, 0.00256330985576, -0.00349104008637, -0.00236625177786, 0.000363177066902, -0.00249502761289, 0.00462081888691, -0.00211734767072, 0.00145760469604, 0.00281288614497], [6.16536271991e-05, -0.00149392266758, -0.0027558344882, 0.00256330985576, 0.011831833981, -0.0058837402612, 0.00152999220882, -0.000481669907458, -0.0025930989068, -0.0013541597873, -0.00119125179481, -0.0003478549188, -2.96787220577e-05], [-9.35350253712e-05, -6.65519983158e-05, -0.00144609773997, -0.00349104008637, -0.0058837402612, 0.0221102945507, -0.00386687973514, -0.00128461769782, 8.87366986717e-05, -0.00621769670397, 0.00500428350642, 0.00112521427218, -0.000304400658933], [-0.00099863903597, -0.00158755551092, -0.00164131948259, -0.00236625177786, 0.00152999220882, -0.00386687973514, 0.0276134889573, -0.00546904606745, -0.00978780072182, 0.00921651534736, -0.00788186211139, 0.00689693493769, -0.00143707403913], [-0.00111055828165, 3.94571798097e-05, -0.00310844765045, 0.000363177066902, -0.000481669907458, -0.00128461769782, -0.00546904606745, 0.0272167343646, -0.00386264361441, -0.00434816535562, 0.00258263456635, -0.00201552221552, -0.00326150632463], [0.00148051441647, 0.00207764981315, 0.00451430119574, -0.00249502761289, -0.0025930989068, 8.87366986717e-05, -0.00978780072182, -0.00386264361441, 0.0262296721339, -0.0139635857195, 0.00594886858016, -0.00458959490061, 0.00283985724673], [0.000259039748926, -0.000497526081745, -0.00221060216427, 0.00462081888691, -0.0013541597873, -0.00621769670397, 0.00921651534736, -0.00434816535562, -0.0139635857195, 0.0366298928857, -0.0229303780943, 0.00620639370754, 0.000588490511291], [0.000645006715786, 0.00134278577752, 0.00310972565785, -0.00211734767072, -0.00119125179481, 0.00500428350642, -0.00788186211139, 0.00258263456635, 0.00594886858016, -0.0229303780943, 0.0450181663036, -0.0219706147909, 0.0052397926338], [-0.00137026328593, -0.00057260284666, 0.000268023955869, 0.00145760469604, -0.0003478549188, 0.00112521427218, 0.00689693493769, -0.00201552221552, -0.00458959490061, 0.00620639370754, -0.0219706147909, 0.048726581037, -0.0245735887438], [-0.000257491366938, -0.000926599197555, 0.00129516865127, 0.00281288614497, -2.96787220577e-05, -0.000304400658933, -0.00143707403913, -0.00326150632463, 0.00283985724673, 0.000588490511291, 0.0052397926338, -0.0245735887438, 0.0335132107139]]
    spectral_contrast:
        mean: [1.03578699395e-07, -2.33329959798e-08, -5.50283552059e-08, -4.48337374337e-07, -2.13974075791e-07, -2.79544394743e-07, 5.54746975467e-07, 1.72450552327e-06, -9.72882617134e-07, 1.15152283797e-06, 6.6267443799e-06, -1.6501733171e-06]
        var: [0.000314410688588, 0.000450597290182, 0.00081794889411, 0.00145257473923, 0.00263640261255, 0.00501935137436, 0.0641634240746, 0.0687798038125, 0.134159490466, 0.358614653349, 1.25686120987, 2.44112372398]

rhythm:
    beats_loudness:
        dmean: 0.00273732049391
        dmean2: 0.00448019709438
        dvar: 2.40329791268e-06
        dvar2: 6.04690421824e-06
        max: 0.008948802948
        mean: 0.00513752503321
        min: 0.00143958861008
        var: 5.96412201048e-06
    beats_loudness_bass:
        dmean: 0.110872469842
        dmean2: 0.21578630805
        dvar: 0.00978203862906
        dvar2: 0.0248690228909
        max: 0.383080661297
        mean: 0.103340953588
        min: 0.0132188443094
        var: 0.00864183250815
    bpm: 115.353973389
    bpm_confidence: 0
    first_peak_bpm: 86
    first_peak_spread: 0
    first_peak_weight: 0.5
    onset_rate: 5.09750318527
    second_peak_bpm: 115
    second_peak_spread: 0.125
    second_peak_weight: 0.4375
    beats_position: [0.157570630312, 0.8523696661, 1.54716873169, 2.24196767807, 2.93676686287, 3.63156604767, 4.32636499405, 5.02116394043, 5.71596336365, 6.25514030457, 6.77528047562, 7.29542016983, 7.81555986404, 8.3357000351, 8.85583972931, 9.37597942352, 9.89611911774]
    bpm_estimates: [115.572685242, 115.365936279, 115.577789307, 115.252609253, 115.39150238, 115.572494507, 115.393173218, 115.032623291, 115.026931763]
    bpm_intervals: [0.69479906559, 0.69479906559, 0.694798946381, 0.694799184799, 0.694799184799, 0.694798946381, 0.694798946381, 0.694799423218, 0.539176940918, 0.520140171051, 0.520139694214, 0.520139694214, 0.520140171051, 0.520139694214, 0.520139694214, 0.520139694214]
    onset_times: [0.0580498874187, 0.31346938014, 0.615328788757, 0.661768734455, 0.835918366909, 1.03328800201, 1.18421769142, 1.369977355, 1.71827661991, 2.0549659729, 2.24072551727, 2.41487526894, 2.57741498947, 2.76317453384, 2.94893431664, 3.11147403717, 3.44816327095, 3.63392281532, 3.80807256699, 3.98222231865, 4.15637207031, 4.33052158356, 4.5046710968, 4.79492044449, 4.85297060013, 5.02712011337, 5.20126962662, 5.3754196167, 5.54956912994, 5.72371864319, 5.89786863327, 6.24616765976, 6.42031764984, 6.60607719421, 6.76861667633, 6.94276666641, 7.2910656929, 7.58131504059, 7.63936519623, 7.81351470947, 7.98766422272, 8.16181373596, 8.33596324921, 8.51011371613, 8.68426322937, 9.03256225586, 9.2067117691, 9.38086128235, 9.55501174927, 9.72916126251, 9.90331077576]
    rubato_start: [6.25514030457]
    rubato_stop: [6.77528047562]
    perceptual_tempo: "unknown"

sfx:
    inharmonicity:
        dmean: 0.0492515824735
        dmean2: 0.0884458720684
        dvar: 0.00460036937147
        dvar2: 0.0128371538594
        max: 0.43229919672
        mean: 0.043465949595
        min: 0.000170492799953
        var: 0.00411628047004
    oddtoevenharmonicenergyratio:
        dmean: 4.50037431717
        dmean2: 8.68017482758
        dvar: 644.708984375
        dvar2: 1915.32080078
        max: 315.317932129
        mean: 2.58363342285
        min: 0.00076478527626
        var: 328.31427002
    pitch_after_max_to_before_max_energy_ratio: 5.91239786148
    pitch_centroid: 205.69140625
    pitch_max_to_total: 0.097902096808
    pitch_min_to_total: 0.00466200476512
    tristimulus:
        dmean: [0.218156427145, 0.229782119393, 0.0722483173013]
        dmean2: [0.374215215445, 0.399510711432, 0.124559186399]
        dvar: [0.0309992618859, 0.0389847718179, 0.00673656305298]
        dvar2: [0.0827619209886, 0.106227919459, 0.0186425019056]
        max: [0.941226184368, 0.970309436321, 0.512116134167]
        mean: [0.458166718483, 0.445035874844, 0.0732665508986]
        min: [0.00179117149673, 0, 0]
        var: [0.0666296780109, 0.0621288083494, 0.00725610973313]

tonal:
    chords_changes_rate: 0.0787037014961
    chords_number_rate: 0.0231481473893
    chords_strength:
        dmean: 0.0112271811813
        dmean2: 0.0126705188304
        dvar: 7.58540118113e-05
        dvar2: 9.78766765911e-05
        max: 0.637508869171
        mean: 0.495748698711
        min: 0.327737420797
        var: 0.00563442474231
    key_strength: 0.476126343012
    tuning_diatonic_strength: 0.409532874823
    tuning_equal_tempered_deviation: 0.417688786983
    tuning_frequency: 433.942382812
    tuning_nontempered_energy_ratio: 0.981335103512
    hpcp:
        dmean: [0.206853240728, 0.292994469404, 0.268165379763, 0.215459004045, 0.1685564816, 0.132873624563, 0.126946911216, 0.166811987758, 0.235204264522, 0.256523251534, 0.233050465584, 0.231802985072, 0.158033937216, 0.17663757503, 0.147713303566, 0.140331119299, 0.142577901483, 0.136017620564, 0.140307441354, 0.153777182102, 0.138688877225, 0.083106726408, 0.0706210210919, 0.0807330012321, 0.102694585919, 0.189344763756, 0.185954421759, 0.145883396268, 0.158144384623, 0.140936523676, 0.15429212153, 0.210335358977, 0.263975739479, 0.267178326845, 0.259054630995, 0.21313996613]
        dmean2: [0.361127614975, 0.47205594182, 0.392396837473, 0.390215963125, 0.285815954208, 0.222738817334, 0.21682715416, 0.302841544151, 0.442349821329, 0.471782535315, 0.407774120569, 0.375670105219, 0.247245356441, 0.258755385876, 0.225390389562, 0.244127199054, 0.240741014481, 0.231162458658, 0.228050500154, 0.252402305603, 0.247129917145, 0.139072030783, 0.120208077133, 0.136863783002, 0.172289699316, 0.309948682785, 0.309205949306, 0.25060364604, 0.28325048089, 0.252730131149, 0.265062898397, 0.376228660345, 0.466420680285, 0.459041923285, 0.434615343809, 0.3665176332]
        dvar: [0.0523516200483, 0.0587448477745, 0.0505992174149, 0.0510288029909, 0.0400809086859, 0.0293431431055, 0.0181826185435, 0.0357956252992, 0.0749286487699, 0.0712478980422, 0.0512893423438, 0.0461068451405, 0.0249497015029, 0.0460555814207, 0.0324671939015, 0.0299791358411, 0.0279639679939, 0.0269148442894, 0.0258010812104, 0.0246436856687, 0.0236413683742, 0.00703202188015, 0.00541237834841, 0.0072371205315, 0.0101450849324, 0.0421458221972, 0.0369920954108, 0.0417152047157, 0.0653691366315, 0.0401276610792, 0.0283333286643, 0.0286918897182, 0.0517992936075, 0.0773711130023, 0.0547803342342, 0.0503504537046]
        dvar2: [0.138802826405, 0.133513972163, 0.0896750092506, 0.134869068861, 0.0880905240774, 0.0592264048755, 0.0481090247631, 0.109783053398, 0.223764941096, 0.216430604458, 0.108336761594, 0.0889574214816, 0.052791710943, 0.0789258405566, 0.0610007941723, 0.0770344883204, 0.0820352882147, 0.0701568126678, 0.0674666538835, 0.0617865808308, 0.060184687376, 0.017649743706, 0.0145281283185, 0.0168016236275, 0.0231629572809, 0.0936371833086, 0.0766642540693, 0.100381039083, 0.171959087253, 0.10627810657, 0.0776334553957, 0.0741204693913, 0.132197648287, 0.184986174107, 0.145607575774, 0.12664565444]
        max: [1, 1, 1, 1, 1, 1, 0.832321465015, 1, 1, 1, 1, 1, 1, 1, 1, 0.939068496227, 1, 1, 1, 1, 0.898781478405, 0.565478146076, 0.432499468327, 0.544702470303, 0.535425841808, 1, 1, 1, 1, 1, 0.88542085886, 1, 1, 1, 1, 1]
        mean: [0.266361296177, 0.413094878197, 0.384050309658, 0.225513190031, 0.214604914188, 0.190121367574, 0.146670684218, 0.167728155851, 0.193998619914, 0.241200089455, 0.376036286354, 0.356684923172, 0.232997506857, 0.296042382717, 0.251976430416, 0.143414631486, 0.169713780284, 0.17302942276, 0.164565622807, 0.184791475534, 0.15389738977, 0.0994420647621, 0.0913152694702, 0.0937020853162, 0.13626755774, 0.295629918575, 0.291214466095, 0.155320674181, 0.128330767155, 0.115548416972, 0.161510378122, 0.317984133959, 0.372429788113, 0.304749846458, 0.301249057055, 0.263192236423]
        min: [0.005132637918, 0.00759844016284, 0.00729193584993, 0.00433856854215, 0.00442870892584, 0.00390402204357, 0.00354140624404, 0.00404764758423, 0.00576973194256, 0.00567713193595, 0.0169775504619, 0.0143639994785, 0.00519534572959, 0.00349164381623, 0.00257107964717, 0.00275028636679, 0.00427434360608, 0.00279325153679, 0.00334458751604, 0.00255934544839, 0.00357359554619, 0.00600343476981, 0.00453551718965, 0.00386208784766, 0.00301496614702, 0.00744369905442, 0.00238923891447, 0.004604017362, 0.00189324526582, 0.00103664665949, 0.00549560133368, 0.0159559044987, 0.0278470162302, 0.0191596169025, 0.00516229216009, 0.00297633116134]
        var: [0.0534863546491, 0.0986949726939, 0.108111515641, 0.0512778423727, 0.0637736916542, 0.0568806864321, 0.0231846682727, 0.0303011536598, 0.0572438947856, 0.0613947175443, 0.0847284719348, 0.0857470482588, 0.0465200841427, 0.11215043813, 0.0779150947928, 0.0281219631433, 0.0405295901, 0.045269459486, 0.0313217006624, 0.0303793046623, 0.0262038335204, 0.00917462445796, 0.0076082427986, 0.00939011014998, 0.0153441959992, 0.0795507952571, 0.0800316259265, 0.0468309931457, 0.0534152574837, 0.0345109626651, 0.0312837213278, 0.0441667474806, 0.0664041638374, 0.0862077325583, 0.0822795033455, 0.0736859291792]
    chords_histogram: [13.4259262085, 30.5555553436, 0, 0.925925910473, 0, 0, 0, 7.87037038803, 42.1296310425, 0, 0, 0, 0, 0, 0, 0, 0, 0, 0, 0, 0, 0, 0, 5.09259271622]
    thpcp: [1, 0.929690301418, 0.545911371708, 0.519505143166, 0.46023657918, 0.355053275824, 0.406028151512, 0.469622433186, 0.58388543129, 0.910290360451, 0.863445520401, 0.564029037952, 0.716645002365, 0.609972298145, 0.347171157598, 0.410834878683, 0.418861210346, 0.398372471333, 0.447334229946, 0.372547328472, 0.240724518895, 0.221051558852, 0.226829454303, 0.329869866371, 0.71564656496, 0.704957842827, 0.375992745161, 0.310656875372, 0.279713988304, 0.390976458788, 0.769760549068, 0.901559948921, 0.737723588943, 0.729249060154, 0.637122988701, 0.644794464111]
    chords_key: "F"
    chords_scale: "major"
    key_key: "C#"
    key_scale: "major"
    chords_progression: ["Fm", "Fm", "Fm", "Fm", "Fm", "Fm", "Fm", "Fm", "Fm", "Fm", "Fm", "Fm", "Fm", "Fm", "Fm", "Fm", "Fm", "Fm", "Fm", "Fm", "Fm", "Fm", "Fm", "Fm", "Fm", "Fm", "Fm", "Fm", "Fm", "Fm", "Fm", "Fm", "Fm", "Fm", "Fm", "F", "F", "F", "Fm", "F", "F", "F", "F", "A#m", "A#m", "A#m", "A#m", "A#m", "A#m", "F", "F", "F", "F", "F", "F", "F", "F", "F", "F", "F", "F", "F", "F", "F", "F", "F", "F", "F", "F", "F", "F", "F", "F", "F", "F", "F", "F", "F", "F", "F", "F", "F", "F", "F", "F", "F", "F", "F", "F", "F", "F", "F", "F", "F", "F", "F", "F", "F", "Fm", "Fm", "Fm", "Fm", "Fm", "Fm", "Fm", "Fm", "Fm", "Fm", "Fm", "Fm", "Fm", "Fm", "Fm", "Fm", "Fm", "C#", "C#", "C#", "C#", "Fm", "Fm", "Fm", "C#", "C#", "C#", "C#", "C#", "C#", "C#", "C#", "C#", "C#", "C#", "C#", "C#", "C#", "C#", "C#", "C#", "C#", "Fm", "Fm", "Fm", "Fm", "Fm", "Fm", "Fm", "C#", "C#", "C#", "C#", "C#", "C#", "C#", "Fm", "Fm", "Fm", "F", "F", "F", "F", "F", "F", "A#m", "A#m", "A#m", "A#m", "A#m", "Cm", "Cm", "F", "F", "F", "F", "F", "F", "F", "F", "F", "F", "F", "F", "F", "F", "F", "F", "F", "F", "F", "F", "F", "F", "F", "F", "F", "F", "F", "F", "F", "Dm", "Dm", "Dm", "Dm", "Dm", "Dm", "Dm", "Dm", "Dm", "Dm", "Dm", "Dm", "Dm", "Dm", "Dm", "Dm", "Dm"]
