
metadata:
    version:
        essentia: "1.2.2"
    audio_properties:
        analysis_sample_rate: 44100
        bitrate: 128
        channels: 2
        equal_loudness: 1
        length: 10.0048980713
        replay_gain: -13.8710651398
        downmix: "mix"
    tags:
        track: 17
        year: 0
        album: "Splitted by Mp3Splt v. 2.1"
        artist: "From 002.40 To 002.50"
        comment: "http://mp3splt.sf.net"
        genre: ""
        title: "01 Back Together (Remix).mp3"

highlevel:
    ballroom:
        all:
            ChaChaCha: 0.0631176829338
            Jive: 0.361882299185
            Quickstep: 0.139885991812
            Rumba-American: 0.0112144239247
            Rumba-International: 0.0273979734629
            Rumba-Misc: 0.00759432278574
            Samba: 0.121022291481
            Tango: 0.0449331924319
            VienneseWaltz: 0.201702401042
            Waltz: 0.0212494079024
        probability: 0.361882299185
        value: "Jive"
    culture:
        all:
            non_western: 0.0205133743584
            western: 0.979486644268
        probability: 0.979486644268
        value: "western"
    gender:
        all:
            female: 0.653083086014
            male: 0.346916913986
        probability: 0.653083086014
        value: "female"
    genre_dortmund:
        all:
            alternative: 0.0286448132247
            blues: 0.065701186657
            electronic: 0.00921643059701
            folkcountry: 0.136070728302
            funksoulrnb: 0.0251907650381
            jazz: 0.0382289737463
            pop: 0.0797637999058
            raphiphop: 0.00377288484015
            rock: 0.613410413265
        probability: 0.613410413265
        value: "rock"
    genre_electronica:
        all:
            ambient: 0.472413897514
            dnb: 0.15708874166
            house: 0.01261509303
            techno: 0.00722767971456
            trance: 0.350654602051
        probability: 0.472413897514
        value: "ambient"
    genre_rosamerica:
        all:
            cla: 0.0173256322742
            dan: 0.0235642325133
            hip: 0.00310924556106
            jaz: 0.0190559253097
            pop: 0.486246854067
            rhy: 0.0726633071899
            roc: 0.376926094294
            spe: 0.00110870145727
        probability: 0.486246854067
        value: "pop"
    genre_tzanetakis:
        all:
            blu: 0.0171673856676
            cla: 0.0431464388967
            cou: 0.469077944756
            dis: 0.0573205426335
            hip: 0.00327632832341
            jaz: 0.0618503540754
            met: 0.0047735706903
            pop: 0.157220110297
            reg: 0.0125954477116
            roc: 0.173571884632
        probability: 0.469077944756
        value: "cou"
    live_studio:
        all:
            live: 0.0639165118337
            studio: 0.936083495617
        probability: 0.936083495617
        value: "studio"
    mood:
        all:
            Cluster1: 0.247945740819
            Cluster2: 0.308018803596
            Cluster3: 0.131435379386
            Cluster4: 0.230728954077
            Cluster5: 0.081871137023
        probability: 0.308018803596
        value: "Cluster2"
    mood_acoustic:
        all:
            acoustic: 0.0324393883348
            not_acoustic: 0.967560589314
        probability: 0.967560589314
        value: "not_acoustic"
    mood_aggressive:
        all:
            aggressive: 0.403681725264
            not_aggressive: 0.596318244934
        probability: 0.596318244934
        value: "not_aggressive"
    mood_electronic:
        all:
            electronic: 0.0881328955293
            not_electronic: 0.911867082119
        probability: 0.911867082119
        value: "not_electronic"
    mood_happy:
        all:
            happy: 0.925397992134
            not_happy: 0.0746020376682
        probability: 0.925397992134
        value: "happy"
    mood_party:
        all:
            not_party: 0.651236534119
            party: 0.348763465881
        probability: 0.651236534119
        value: "not_party"
    mood_relaxed:
        all:
            not_relaxed: 0.556168913841
            relaxed: 0.443831086159
        probability: 0.556168913841
        value: "not_relaxed"
    mood_sad:
        all:
            not_sad: 0.66860127449
            sad: 0.331398755312
        probability: 0.66860127449
        value: "not_sad"
    rhythm:
        all:
            fast: 0.991641521454
            medium: 0.00553751271218
            slow: 0.00282098562457
        probability: 0.991641521454
        value: "fast"
    speech_music:
        all:
            music: 0.999333202839
            speech: 0.000666781910695
        probability: 0.999333202839
        value: "music"
    timbre:
        all:
            bright: 0.979579389095
            dark: 0.020420582965
        probability: 0.979579389095
        value: "bright"
    voice_instrumental:
        all:
            instrumental: 0.618741929531
            voice: 0.381258070469
        probability: 0.618741929531
        value: "instrumental"

lowlevel:
    average_loudness: 0.977186024189
    barkbands_kurtosis:
        dmean: 0.695672214031
        dmean2: 1.07391560078
        dvar: 0.650437831879
        dvar2: 1.52400350571
        max: 6.15311908722
        mean: -0.234607994556
        min: -1.78650784492
        var: 1.87307929993
    barkbands_skewness:
        dmean: 0.373793870211
        dmean2: 0.57587903738
        dvar: 0.126678809524
        dvar2: 0.349434912205
        max: 2.44613957405
        mean: 0.12226498872
        min: -2.46866345406
        var: 0.727676928043
    barkbands_spread:
        dmean: 4.53566551208
        dmean2: 7.02443647385
        dvar: 17.244562149
        dvar2: 41.1612052917
        max: 52.058216095
        mean: 26.2630710602
        min: 8.08160400391
        var: 88.6455535889
    dissonance:
        dmean: 0.0220908336341
        dmean2: 0.0369428396225
        dvar: 0.000357656244887
        dvar2: 0.00100256537553
        max: 0.497573375702
        mean: 0.454805999994
        min: 0.357163727283
        var: 0.000818927132059
    hfc:
        dmean: 2.10497260094
        dmean2: 3.12611603737
        dvar: 7.65986585617
        dvar2: 15.7120351791
        max: 39.6815681458
        mean: 9.29623794556
        min: 0.960902988911
        var: 43.0687332153
    pitch:
        dmean: 315.852081299
        dmean2: 615.213317871
        dvar: 760023.5
        dvar2: 2167078.5
        max: 4410
        mean: 525.692077637
        min: 119.836959839
        var: 765465.75
    pitch_instantaneous_confidence:
        dmean: 0.0875711366534
        dmean2: 0.133521065116
        dvar: 0.00669239787385
        dvar2: 0.0144810276106
        max: 0.857201099396
        mean: 0.55241805315
        min: 0.167499542236
        var: 0.0282106753439
    pitch_salience:
        dmean: 0.0674860775471
        dmean2: 0.108879119158
        dvar: 0.00284341094084
        dvar2: 0.00675460277125
        max: 0.815525889397
        mean: 0.584349215031
        min: 0.268509298563
        var: 0.00854168925434
    silence_rate_20dB:
        dmean: 0
        dmean2: 0
        dvar: 0
        dvar2: 0
        max: 1
        mean: 1
        min: 1
        var: 0
    silence_rate_30dB:
        dmean: 0
        dmean2: 0
        dvar: 0
        dvar2: 0
        max: 1
        mean: 1
        min: 1
        var: 0
    silence_rate_60dB:
        dmean: 0.0930232554674
        dmean2: 0.186480179429
        dvar: 0.0843699425459
        dvar2: 0.184339240193
        max: 1
        mean: 0.199535965919
        min: 0
        var: 0.159721285105
    spectral_centroid:
        dmean: 235.922775269
        dmean2: 366.997955322
        dvar: 63324.7304688
        dvar2: 186548.234375
        max: 3187.24121094
        mean: 1613.13391113
        min: 475.318664551
        var: 272279.78125
    spectral_complexity:
        dmean: 2.88317751884
        dmean2: 4.59953165054
        dvar: 7.50973892212
        dvar2: 18.1463851929
        max: 35
        mean: 13.8741254807
        min: 0
        var: 26.1007118225
    spectral_crest:
        dmean: 2.26802349091
        dmean2: 3.5456097126
        dvar: 4.01209592819
        dvar2: 10.1722774506
        max: 19.9102745056
        mean: 8.36654281616
        min: 2.60014843941
        var: 13.8697385788
    spectral_decrease:
        dmean: 2.99161334594e-10
        dmean2: 5.04192465556e-10
        dvar: 1.30163745324e-19
        dvar2: 3.16123743946e-19
        max: -1.19714335667e-10
        mean: -1.22996701712e-09
        min: -3.8025649296e-09
        var: 3.03306140915e-19
    spectral_energy:
        dmean: 0.00128470989875
        dmean2: 0.00213141413406
        dvar: 2.37480026044e-06
        dvar2: 5.61845081393e-06
        max: 0.0179509520531
        mean: 0.00548537727445
        min: 0.000538985827006
        var: 6.62171260046e-06
    spectral_energyband_high:
        dmean: 0.000108718340925
        dmean2: 0.000169051636476
        dvar: 4.28293134291e-08
        dvar2: 1.12742029046e-07
        max: 0.00235754786991
        mean: 0.000264539703494
        min: 2.3394706659e-05
        var: 6.99724935771e-08
    spectral_energyband_low:
        dmean: 0.000183712065336
        dmean2: 0.000331892020768
        dvar: 1.9212926361e-07
        dvar2: 5.63487787986e-07
        max: 0.00320509215817
        mean: 0.00021588873642
        min: 2.86644944936e-06
        var: 1.22862715557e-07
    spectral_energyband_middle_high:
        dmean: 0.0007800856838
        dmean2: 0.00118406082038
        dvar: 8.77160800883e-07
        dvar2: 1.90133073374e-06
        max: 0.0120072858408
        mean: 0.00325611582957
        min: 0.000241464978899
        var: 4.89795365866e-06
    spectral_energyband_middle_low:
        dmean: 0.000749304599594
        dmean2: 0.00123445061035
        dvar: 8.95373716503e-07
        dvar2: 2.11371957448e-06
        max: 0.00859319791198
        mean: 0.00174883170985
        min: 0.000204104333534
        var: 1.54079066306e-06
    spectral_flatness_db:
        dmean: 0.0165440142155
        dmean2: 0.0228669475764
        dvar: 0.000183988959179
        dvar2: 0.000459672068246
        max: 0.223584681749
        mean: 0.14415384829
        min: 0.0589328035712
        var: 0.000808457436506
    spectral_flux:
        dmean: 0.0112398574129
        dmean2: 0.018101895228
        dvar: 0.000111244793516
        dvar2: 0.000252579688095
        max: 0.103199928999
        mean: 0.0448733270168
        min: 0.0170920174569
        var: 0.000318613165291
    spectral_kurtosis:
        dmean: 0.91522616148
        dmean2: 1.50044715405
        dvar: 0.706891417503
        dvar2: 1.78537380695
        max: 8.53007602692
        mean: 3.75528144836
        min: 0.800780296326
        var: 2.38632416725
    spectral_rms:
        dmean: 0.000274946884019
        dmean2: 0.000450206192909
        dvar: 9.84032908491e-08
        dvar2: 2.30226959275e-07
        max: 0.00418486865237
        mean: 0.00224597635679
        min: 0.000725148129277
        var: 3.07180954451e-07
    spectral_rolloff:
        dmean: 386.993530273
        dmean2: 654.820739746
        dvar: 251887.625
        dvar2: 667036.9375
        max: 4995.703125
        mean: 2907.98461914
        min: 602.9296875
        var: 779353.5625
    spectral_skewness:
        dmean: 0.13719253242
        dmean2: 0.225943982601
        dvar: 0.0147347180173
        dvar2: 0.0370360352099
        max: 2.41434621811
        mean: 1.52516412735
        min: 0.702096939087
        var: 0.0731484591961
    spectral_spread:
        dmean: 625493.625
        dmean2: 855895.8125
        dvar: 496885792768
        dvar2: 998492209152
        max: 11588973
        mean: 5114679.5
        min: 3044049.25
        var: 1.38959690138e+12
    spectral_strongpeak:
        dmean: 0.636041581631
        dmean2: 1.05812215805
        dvar: 0.741863906384
        dvar2: 1.84080064297
        max: 6.38609361649
        mean: 1.47305691242
        min: 0.00715926522389
        var: 1.99826216698
    zerocrossingrate:
        dmean: 0.00754097895697
        dmean2: 0.00899375136942
        dvar: 3.84253180528e-05
        dvar2: 5.49222531845e-05
        max: 0.162109375
        mean: 0.0902717038989
        min: 0.0400390625
        var: 0.000577103346586
    barkbands:
        dmean: [7.32909057888e-08, 3.31010305672e-05, 0.000157934235176, 0.000159013186931, 0.000157690039487, 0.000221213791519, 0.000173656822881, 0.000268361880444, 0.000158259412274, 0.000261817098362, 0.000109918677481, 0.000115993403597, 6.41726364847e-05, 9.39588717301e-05, 0.00010184229177, 0.000164927914739, 0.000273689918686, 0.000155455985805, 0.000247951189522, 0.000145642683492, 5.40835499123e-05, 1.88564645214e-05, 4.2425904212e-06, 1.89312788734e-06, 2.69760312221e-06, 1.24926913259e-07, 1.27001420491e-09]
        dmean2: [1.18982626418e-07, 6.06709254498e-05, 0.000285202928353, 0.00028671513428, 0.000260349013843, 0.00034991587745, 0.000288811192149, 0.000416474998929, 0.000239167522523, 0.000372532143956, 0.000163075877936, 0.00017683954502, 9.70979745034e-05, 0.000151008571265, 0.000164786673849, 0.000251627614489, 0.000429149105912, 0.000246030307608, 0.000389014079701, 0.000227461583563, 9.09467053134e-05, 2.84947927867e-05, 6.3767993197e-06, 2.83961730929e-06, 3.98230849896e-06, 1.91566613239e-07, 1.89836302233e-09]
        dvar: [2.38260898234e-14, 7.1604047136e-09, 1.31361588274e-07, 8.50637889016e-08, 6.349106485e-08, 1.50681373157e-07, 1.58629504199e-07, 2.25038036206e-07, 1.13846795102e-07, 1.80068568056e-07, 6.84015901697e-08, 4.47967778427e-08, 2.06224370913e-08, 4.16935890257e-08, 4.76641304203e-08, 1.11801227831e-07, 2.25224979999e-07, 6.02312510978e-08, 2.16678131437e-07, 5.1789804445e-08, 9.23937371056e-09, 7.67381713729e-10, 5.80058986954e-11, 8.39476491793e-12, 2.61113786842e-11, 5.72300250267e-14, 3.940217607e-17]
        dvar2: [4.76250237706e-14, 2.10447375082e-08, 3.8282550463e-07, 2.53241125847e-07, 1.57766095299e-07, 3.45198657214e-07, 4.10829642306e-07, 5.38983215392e-07, 2.69427800959e-07, 3.02749015191e-07, 1.12519330742e-07, 9.69478577417e-08, 4.96605885303e-08, 1.01499985306e-07, 1.11400446201e-07, 2.64631580649e-07, 5.37733342298e-07, 1.48989471427e-07, 4.84612257878e-07, 9.86810348991e-08, 2.50630520782e-08, 1.64138169723e-09, 1.34573477362e-10, 1.67610023083e-11, 5.40301588192e-11, 1.432465122e-13, 4.66404266376e-17]
        max: [2.72905981547e-06, 0.00066917669028, 0.00261018937454, 0.00210951175541, 0.00273564690724, 0.00474981125444, 0.00397570431232, 0.00457638222724, 0.00358652044088, 0.00547791738063, 0.00313981343061, 0.00274830474518, 0.00161015195772, 0.00212954776362, 0.0024855164811, 0.00391423935071, 0.00765890348703, 0.00315121747553, 0.00646381778643, 0.00334227830172, 0.000973115034867, 0.000354904448614, 7.68911268096e-05, 3.01645704894e-05, 4.85086929984e-05, 1.80319045739e-06, 1.22578200035e-07]
        mean: [1.08743876126e-07, 4.26158694609e-05, 0.000173168824404, 0.0001708726777, 0.000255497870967, 0.000364738632925, 0.000252950820141, 0.000402068690164, 0.000246269628406, 0.000642561819404, 0.000149282437633, 0.000210086262086, 8.79516301211e-05, 0.000126223952975, 0.000145341735333, 0.000270953896688, 0.000598030630499, 0.000316306541208, 0.00052746682195, 0.000333628617227, 0.000107688771095, 4.41971606051e-05, 8.79776598595e-06, 4.39364112026e-06, 4.02763635066e-06, 1.48642087083e-07, 1.31753130628e-09]
        min: [1.3811916888e-10, 2.60644213768e-07, 8.31826582726e-07, 2.17384922507e-06, 7.82548522693e-06, 1.67415328178e-05, 8.69025188877e-06, 2.18336890612e-06, 5.19548166267e-06, 7.44392764318e-06, 9.71778376879e-07, 2.50971106652e-06, 1.20304900975e-06, 4.37932749264e-06, 8.25923689263e-06, 6.86540715833e-06, 3.05200774164e-05, 1.3967985069e-05, 2.62090688921e-05, 2.02934315894e-05, 9.13964686333e-06, 2.9837076454e-06, 5.0719728506e-07, 2.58599527569e-07, 1.30269370402e-07, 3.78941722445e-09, 4.22248911183e-12]
        var: [3.98091255056e-14, 4.50024062459e-09, 8.8526647346e-08, 6.22483184998e-08, 8.8019291411e-08, 2.3286217754e-07, 2.39003071556e-07, 4.20318627903e-07, 1.89340084944e-07, 1.0321332411e-06, 1.25158081232e-07, 1.33653216494e-07, 2.99826723449e-08, 4.74215724466e-08, 6.77085338907e-08, 2.98322618164e-07, 9.57424731496e-07, 1.26228371755e-07, 5.91966227148e-07, 1.81568537982e-07, 1.2823322848e-08, 2.05640016127e-09, 1.11471082365e-10, 2.3374243513e-11, 3.55743628999e-11, 5.87490397042e-14, 3.9205750453e-17]
    mfcc:
        mean: [-690.06060791, 103.697898865, -47.9755477905, 41.1459579468, -17.5808353424, -13.2731151581, -1.32482421398, -2.56108188629, -0.101976454258, -6.30303382874, -4.27804613113, -6.20697927475, -2.2847070694]
        cov: [[732.08001709, -322.116241455, 8.37684440613, 17.8224334717, 27.7133827209, -71.3836898804, -32.8160514832, -18.9867095947, -33.555480957, -14.4440431595, -11.0108957291, 3.37918138504, 33.9293518066], [-322.116241455, 450.774536133, -78.1445770264, -86.7698745728, -49.7595710754, 33.1582298279, 61.0146789551, 25.7964096069, 32.8382568359, 14.2289609909, 37.3831443787, -7.47895669937, -23.1953868866], [8.37684440613, -78.1445770264, 268.134521484, 29.1640987396, 10.9252748489, 46.8063621521, 18.5995349884, -27.4206886292, -29.2631206512, -3.21309947968, 20.7563514709, 6.63732385635, -4.66025590897], [17.8224334717, -86.7698745728, 29.1640987396, 208.425689697, 124.787834167, -33.5490188599, -67.7866821289, -3.58413076401, 14.5666923523, 8.89389896393, -18.1236438751, 4.28050804138, 28.9047489166], [27.7133827209, -49.7595710754, 10.9252748489, 124.787834167, 189.211105347, -28.4066791534, -60.9817466736, -18.169002533, 38.4435501099, 24.3741264343, -5.3391957283, 8.60094547272, 28.354467392], [-71.3836898804, 33.1582298279, 46.8063621521, -33.5490188599, -28.4066791534, 123.80947876, 73.1058807373, 22.9246387482, -2.47160983086, 10.2444257736, 19.8070583344, 1.1910020113, -26.9099464417], [-32.8160514832, 61.0146789551, 18.5995349884, -67.7866821289, -60.9817466736, 73.1058807373, 139.600799561, 50.6598243713, -14.5640211105, -11.3646755219, 15.4212989807, 13.1705789566, -18.8872890472], [-18.9867095947, 25.7964096069, -27.4206886292, -3.58413076401, -18.169002533, 22.9246387482, 50.6598243713, 88.5074386597, 18.3029823303, -10.9222202301, -9.53698253632, -1.13107526302, -9.27565670013], [-33.555480957, 32.8382568359, -29.2631206512, 14.5666923523, 38.4435501099, -2.47160983086, -14.5640211105, 18.3029823303, 90.1475830078, 40.6666908264, -2.42664909363, -10.9069194794, -2.88518214226], [-14.4440431595, 14.2289609909, -3.21309947968, 8.89389896393, 24.3741264343, 10.2444257736, -11.3646755219, -10.9222202301, 40.6666908264, 87.0411529541, 33.3364143372, -0.988029003143, -4.76749801636], [-11.0108957291, 37.3831443787, 20.7563514709, -18.1236438751, -5.3391957283, 19.8070583344, 15.4212989807, -9.53698253632, -2.42664909363, 33.3364143372, 83.6421051025, 22.336681366, -5.51783657074], [3.37918138504, -7.47895669937, 6.63732385635, 4.28050804138, 8.60094547272, 1.1910020113, 13.1705789566, -1.13107526302, -10.9069194794, -0.988029003143, 22.336681366, 74.2464447021, 25.9786338806], [33.9293518066, -23.1953868866, -4.66025590897, 28.9047489166, 28.354467392, -26.9099464417, -18.8872890472, -9.27565670013, -2.88518214226, -4.76749801636, -5.51783657074, 25.9786338806, 61.8973197937]]
        icov: [[0.00227843108587, 0.00181204627734, 0.000289987510769, 0.000706915569026, -0.000431745458627, 0.00128423701972, -0.000823425594717, -9.53186681727e-05, 0.000303516368149, 3.17341946356e-05, -0.000878421415109, 0.000765025324654, -0.000770412152633], [0.00181204627734, 0.00428545987234, 0.00109855970368, 0.00109350238927, -0.000205330594326, 0.000826557865366, -0.00169188436121, 0.000281236425508, -0.00117274036165, 0.000695823167916, -0.00224655680358, 0.0012058938155, -0.000543450529221], [0.000289987510769, 0.00109855970368, 0.00496372114867, -0.00112731778063, -3.65800769941e-05, -0.0017993664369, -0.00129128678236, 0.00231415429153, 0.000408644875279, 0.000895886158105, -0.0014768949477, 0.00050244218437, 8.56313636177e-05], [0.000706915569026, 0.00109350238927, -0.00112731778063, 0.00993772316724, -0.00562162837014, 0.000425849400926, 0.00317712780088, -0.00381250493228, 0.00205409852788, -0.00103589892387, 0.000878837483469, 0.000187126570381, -0.00152905611321], [-0.000431745458627, -0.000205330594326, -3.65800769941e-05, -0.00562162837014, 0.0105113685131, -0.000543490983546, 0.000812849320937, 0.00223384960555, -0.00417716568336, -2.04949737963e-05, -0.000203906587558, -0.00103170599323, -0.00146794132888], [0.00128423701972, 0.000826557865366, -0.0017993664369, 0.000425849400926, -0.000543490983546, 0.01444980409, -0.00688374368474, -0.000476231012726, 0.000200163645786, -0.00208825222217, -0.000946404587012, 0.000357103155693, 0.00324486219324], [-0.000823425594717, -0.00169188436121, -0.00129128678236, 0.00317712780088, 0.000812849320937, -0.00688374368474, 0.0170215517282, -0.00832851603627, 0.00287206540816, 0.000123032106785, 0.000108203370473, -0.00302346306853, 0.00023922669061], [-9.53186681727e-05, 0.000281236425508, 0.00231415429153, -0.00381250493228, 0.00223384960555, -0.000476231012726, -0.00832851603627, 0.0192396752536, -0.00680949958041, 0.0041592605412, 0.000688847852871, -4.44865399913e-05, 0.00130673486274], [0.000303516368149, -0.00117274036165, 0.000408644875279, 0.00205409852788, -0.00417716568336, 0.000200163645786, 0.00287206540816, -0.00680949958041, 0.0197395347059, -0.00980653148144, 0.00346612045541, 0.00120562931988, 0.000289931485895], [3.17341946356e-05, 0.000695823167916, 0.000895886158105, -0.00103589892387, -2.04949737963e-05, -0.00208825222217, 0.000123032106785, 0.0041592605412, -0.00980653148144, 0.0201737247407, -0.00848670024425, 0.0013981803786, 0.000310257863021], [-0.000878421415109, -0.00224655680358, -0.0014768949477, 0.000878837483469, -0.000203906587558, -0.000946404587012, 0.000108203370473, 0.000688847852871, 0.00346612045541, -0.00848670024425, 0.0190491937101, -0.00639896653593, 0.00282796076499], [0.000765025324654, 0.0012058938155, 0.00050244218437, 0.000187126570381, -0.00103170599323, 0.000357103155693, -0.00302346306853, -4.44865399913e-05, 0.00120562931988, 0.0013981803786, -0.00639896653593, 0.0193677414209, -0.00885368231684], [-0.000770412152633, -0.000543450529221, 8.56313636177e-05, -0.00152905611321, -0.00146794132888, 0.00324486219324, 0.00023922669061, 0.00130673486274, 0.000289931485895, 0.000310257863021, 0.00282796076499, -0.00885368231684, 0.0234523471445]]
    spectral_contrast:
        mean: [3.44272393704e-07, 4.99866246173e-07, -3.13480143177e-07, -4.00429627234e-07, -3.66658866824e-07, 1.50175225144e-07, 2.48772971645e-06, -2.45685055233e-06, 2.74528701993e-06, 1.64791561019e-06, 2.77894491774e-06, 6.50649326417e-07]
        var: [0.000375426170649, 0.00104019395076, 0.00232024677098, 0.00273156003095, 0.00357758952305, 0.00501084048301, 0.0313410460949, 0.0545123368502, 0.10545874387, 0.193175882101, 0.280008465052, 0.494357138872]

rhythm:
    beats_loudness:
        dmean: 0.00287794438191
        dmean2: 0.00461015664041
        dvar: 4.94837468068e-06
        dvar2: 1.43931401908e-05
        max: 0.0128703387454
        mean: 0.00653625186533
        min: 0.00246356613934
        var: 7.32565422368e-06
    beats_loudness_bass:
        dmean: 0.0985133200884
        dmean2: 0.166680410504
        dvar: 0.0119603537023
        dvar2: 0.0366241633892
        max: 0.531793057919
        mean: 0.0995088741183
        min: 0.0121940746903
        var: 0.0118677057326
    bpm: 162.393859863
    bpm_confidence: 0
    first_peak_bpm: 161
    first_peak_spread: 0.384615361691
    first_peak_weight: 0.615384638309
    onset_rate: 2.59872722626
    second_peak_bpm: 0
    second_peak_spread: 0
    second_peak_weight: 0
    beats_position: [0.256073325872, 0.627707660198, 0.999342024326, 1.37097632885, 1.74261069298, 2.1142449379, 2.48587942123, 2.85751366615, 3.22914814949, 3.60078263283, 3.97241711617, 4.34405136108, 4.71568584442, 5.08732032776, 5.4589548111, 5.83058929443, 6.2000837326, 6.56746149063, 6.93484020233, 7.30221843719, 7.6695971489, 8.0369758606, 8.40435314178, 8.77173137665, 9.13910961151, 9.50648880005, 9.87386703491]
    bpm_estimates: [163.007583618, 159.032531738, 162.363754272, 163.216049194, 163.079818726, 163.663391113]
    bpm_intervals: [0.371634334326, 0.371634364128, 0.371634304523, 0.371634364128, 0.371634244919, 0.371634483337, 0.371634244919, 0.371634483337, 0.371634483337, 0.371634483337, 0.371634244919, 0.371634483337, 0.371634483337, 0.371634483337, 0.371634483337, 0.369494438171, 0.367377758026, 0.3673787117, 0.367378234863, 0.3673787117, 0.3673787117, 0.367377281189, 0.367378234863, 0.367378234863, 0.367379188538, 0.367378234863]
    onset_times: [0.0580498874187, 0.243809521198, 0.626938760281, 0.986848056316, 1.72988665104, 2.13623571396, 2.89088439941, 3.14630389214, 3.59909296036, 4.36535167694, 4.7020406723, 5.08517026901, 5.32897949219, 5.47990942001, 5.5727891922, 5.85142850876, 6.19972801208, 6.44353723526, 6.59446716309, 7.14013624191, 7.6858048439, 8.08054447174, 8.42884349823, 9.11383247375, 9.50857162476, 9.57823085785]
    rubato_start: []
    rubato_stop: []
    perceptual_tempo: "unknown"

sfx:
    inharmonicity:
        dmean: 0.0516033656895
        dmean2: 0.089957267046
        dvar: 0.00303807621822
        dvar2: 0.00881627202034
        max: 0.346750766039
        mean: 0.0557934679091
        min: 0.00017458460934
        var: 0.00306467944756
    oddtoevenharmonicenergyratio:
        dmean: 3.41988563538
        dmean2: 6.48618412018
        dvar: 135.047134399
        dvar2: 398.541687012
        max: 150.540527344
        mean: 2.55802559853
        min: 0.00147959624883
        var: 81.1821517944
    pitch_after_max_to_before_max_energy_ratio: 0.676524043083
    pitch_centroid: 209.868591309
    pitch_max_to_total: 0.638694643974
    pitch_min_to_total: 0.496503502131
    tristimulus:
        dmean: [0.181903675199, 0.225574165583, 0.131586864591]
        dmean2: [0.313334852457, 0.398719012737, 0.232937708497]
        dvar: [0.0259698461741, 0.0384877473116, 0.0171552170068]
        dvar2: [0.0670166760683, 0.107768654823, 0.0498035438359]
        max: [0.894460201263, 0.987024724483, 0.686328649521]
        mean: [0.308455318213, 0.50618237257, 0.154268816113]
        min: [0.0129752792418, 0, 0]
        var: [0.0409881472588, 0.0515643246472, 0.0196335259825]

tonal:
    chords_changes_rate: 0.0694444477558
    chords_number_rate: 0.0277777779847
    chords_strength:
        dmean: 0.0101959016174
        dmean2: 0.00998992566019
        dvar: 6.1408514739e-05
        dvar2: 9.09298250917e-05
        max: 0.62633728981
        mean: 0.495370745659
        min: 0.354301601648
        var: 0.00410513672978
    key_strength: 0.793135881424
    tuning_diatonic_strength: 0.694222509861
    tuning_equal_tempered_deviation: 0.112603254616
    tuning_frequency: 439.238189697
    tuning_nontempered_energy_ratio: 0.751538097858
    hpcp:
        dmean: [0.209723651409, 0.185516387224, 0.166952893138, 0.122920118272, 0.0968673974276, 0.128021150827, 0.174686148763, 0.172827616334, 0.176269441843, 0.137332111597, 0.119613729417, 0.10123424232, 0.100092336535, 0.110435120761, 0.196437850595, 0.26052698493, 0.268773913383, 0.19710752368, 0.103810615838, 0.075723618269, 0.102198302746, 0.146545618773, 0.143678978086, 0.0921058356762, 0.0598567612469, 0.0455778725445, 0.0755098462105, 0.109884977341, 0.10850379616, 0.104123428464, 0.109445460141, 0.103144071996, 0.0721133947372, 0.061068624258, 0.0735460966825, 0.125596269965]
        dmean2: [0.359736710787, 0.30546399951, 0.289825588465, 0.21336106956, 0.166394934058, 0.211760655046, 0.29113483429, 0.288154393435, 0.308140546083, 0.239675179124, 0.203792989254, 0.177568361163, 0.178468003869, 0.19219841063, 0.327382773161, 0.424351841211, 0.460586160421, 0.327133476734, 0.182567149401, 0.13079559803, 0.179749906063, 0.250728219748, 0.245978429914, 0.16281452775, 0.0999779328704, 0.0803251713514, 0.117089763284, 0.168037518859, 0.170600622892, 0.167988449335, 0.180188372731, 0.165860518813, 0.117694623768, 0.102973029017, 0.120601572096, 0.200876131654]
        dvar: [0.060596883297, 0.0376195460558, 0.0532971918583, 0.0302926898003, 0.0192528702319, 0.028575848788, 0.0448102727532, 0.0443181470037, 0.0569984577596, 0.0383587069809, 0.0468865074217, 0.0378367081285, 0.0307390987873, 0.0281831584871, 0.0471752695739, 0.0514353476465, 0.0562308430672, 0.0535935387015, 0.027534801513, 0.0171863920987, 0.0228811949492, 0.0333137661219, 0.0326234921813, 0.0219212975353, 0.0129439113662, 0.00799283012748, 0.0149331102148, 0.0211324840784, 0.02428698726, 0.0211213547736, 0.0278959982097, 0.0208874773234, 0.0117583032697, 0.0129374600947, 0.0196477863938, 0.0250560734421]
        dvar2: [0.143963441253, 0.0941983237863, 0.125591650605, 0.0683384239674, 0.0462067872286, 0.0665473490953, 0.10389918834, 0.114053323865, 0.150227323174, 0.0963813811541, 0.127736315131, 0.103701688349, 0.0844363793731, 0.0733950957656, 0.116141326725, 0.125328943133, 0.145986691117, 0.137100994587, 0.0601031966507, 0.0476936139166, 0.0586891919374, 0.0852753594518, 0.081553094089, 0.0482472442091, 0.0324356481433, 0.0194505956024, 0.0353575758636, 0.045585565269, 0.0551144294441, 0.0472309179604, 0.0688757523894, 0.0490091703832, 0.0297086276114, 0.0353653989732, 0.0527669861913, 0.0612489804626]
        max: [1, 1, 1, 1, 0.842999994755, 1, 1, 1, 1, 1, 1, 1, 1, 0.887232422829, 1, 1, 1, 1, 1, 1, 1, 1, 1, 1, 0.756702005863, 0.621525704861, 1, 1, 1, 0.790596544743, 1, 1, 0.785175025463, 0.889959156513, 1, 1]
        mean: [0.357040673494, 0.346932291985, 0.209330648184, 0.13926500082, 0.117436341941, 0.170244112611, 0.261882424355, 0.249888315797, 0.196994408965, 0.181869849563, 0.130565240979, 0.0893768668175, 0.0908972769976, 0.111475579441, 0.259465187788, 0.479630410671, 0.421450972557, 0.20559412241, 0.10529140383, 0.0692842006683, 0.120499752462, 0.218264356256, 0.201602458954, 0.108251385391, 0.0561731867492, 0.0450753048062, 0.105152256787, 0.193217679858, 0.170459106565, 0.154639795423, 0.206585943699, 0.15493196249, 0.0828763842583, 0.0744075626135, 0.0817396938801, 0.183093965054]
        min: [0.0166345909238, 0.0108913304284, 0.00664036395028, 0.0044207368046, 0.00478194328025, 0.00520078092813, 0.0101237287745, 0.00511349970475, 0.00575385289267, 0.00382327265106, 0.00171636673622, 0.0016891437117, 0.00140153325628, 0.00168669933919, 0.00957957562059, 0.0179581884295, 0.02325415425, 0.00551648484543, 0.00186305353418, 0.00132402603049, 0.00345972646028, 0.00519198644906, 0.00412512244657, 0.00192991946824, 0.00105442595668, 0.00075080501847, 0.00478482060134, 0.00639684731141, 0.00384705816396, 0.00280543859117, 0.00185367139056, 0.00161082309205, 0.00371919455938, 0.00390666350722, 0.00448808073997, 0.00831530429423]
        var: [0.12092462182, 0.0895038172603, 0.0634685456753, 0.0361578539014, 0.0243943799287, 0.0375564843416, 0.0792912468314, 0.0741489231586, 0.0648024007678, 0.0622969642282, 0.0474072471261, 0.0276510920376, 0.0229726526886, 0.0256320219487, 0.0662924572825, 0.110776118934, 0.0963741391897, 0.0576861165464, 0.0288254469633, 0.0133510865271, 0.0253202542663, 0.0545225329697, 0.0546862632036, 0.0291935317218, 0.0115752862766, 0.00706983124837, 0.0204117260873, 0.0535763949156, 0.045876827091, 0.0383732169867, 0.0811372250319, 0.0421600975096, 0.012583152391, 0.0107763549313, 0.01636749506, 0.0377432741225]
    chords_histogram: [22.6851844788, 0, 7.87037038803, 0, 0, 0, 0, 0, 0, 0, 0, 0, 0, 0, 0, 0, 0, 4.62962961197, 0, 0, 4.62962961197, 0, 32.4074058533, 27.7777786255]
    thpcp: [1, 0.878699421883, 0.428651154041, 0.219526126981, 0.144453316927, 0.251234591007, 0.455067813396, 0.420328766108, 0.225697502494, 0.117117650807, 0.0939792469144, 0.219236001372, 0.402847021818, 0.355396777391, 0.3224144876, 0.430719017982, 0.32302364707, 0.172792181373, 0.155135199428, 0.170422255993, 0.381739705801, 0.744407892227, 0.723332583904, 0.43644157052, 0.290358990431, 0.244847565889, 0.354948550463, 0.546008825302, 0.521001815796, 0.41072127223, 0.379187494516, 0.272220522165, 0.186345294118, 0.189515247941, 0.232419744134, 0.540969014168]
    chords_key: "G"
    chords_scale: "major"
    key_key: "D"
    key_scale: "major"
    chords_progression: ["C", "C", "C", "C", "C", "C", "C", "C", "C", "C", "G", "G", "G", "G", "G", "G", "G", "G", "G", "G", "G", "G", "G", "G", "G", "D", "D", "D", "D", "D", "D", "D", "Dm", "Dm", "Dm", "Dm", "Dm", "Dm", "Dm", "Dm", "Dm", "Dm", "D", "D", "D", "D", "D", "D", "D", "D", "D", "D", "D", "D", "D", "D", "G", "G", "G", "G", "G", "G", "G", "G", "G", "G", "G", "G", "G", "G", "G", "G", "G", "G", "G", "G", "G", "G", "Bm", "Bm", "Bm", "Bm", "Bm", "Bm", "Bm", "Bm", "Bm", "Bm", "Bm", "Bm", "Bm", "Bm", "Bm", "Bm", "Bm", "Bm", "Bm", "Bm", "Bm", "Bm", "Bm", "Bm", "Bm", "Bm", "Bm", "Bm", "Bm", "Bm", "Bm", "Bm", "Bm", "Bm", "Bm", "Bm", "Bm", "Bm", "Bm", "Bm", "Bm", "Bm", "G", "G", "G", "G", "G", "G", "Bm", "Bm", "Bm", "G", "G", "G", "G", "G", "G", "G", "G", "G", "G", "G", "G", "G", "G", "G", "G", "G", "G", "G", "G", "G", "G", "G", "G", "G", "D", "D", "D", "D", "D", "D", "D", "D", "D", "D", "D", "D", "D", "D", "D", "D", "D", "D", "D", "D", "D", "D", "D", "D", "D", "D", "D", "D", "Bm", "Bm", "Bm", "Bm", "Bm", "Bm", "G", "Bm", "Bm", "Bm", "Bm", "Bm", "Bm", "Bm", "Bm", "Bm", "G", "A", "A", "A", "A", "A", "A", "A", "A", "A", "A", "A", "A", "A", "A", "A", "A", "A"]
