
metadata:
    version:
        essentia: "1.2.2"
    audio_properties:
        analysis_sample_rate: 44100
        bitrate: 128
        channels: 2
        equal_loudness: 1
        length: 10.0832653046
        replay_gain: -7.73551368713
        downmix: "mix"
    tags:
        track: 7
        year: 0
        album: "Splitted by Mp3Splt v. 2.1"
        artist: "From 001.00 To 001.10"
        comment: "http://mp3splt.sf.net"
        genre: ""
        title: "07 You're the One for Me, Fatt"

highlevel:
    ballroom:
        all:
            ChaChaCha: 0.104460000992
            Jive: 0.483101129532
            Quickstep: 0.159100458026
            Rumba-American: 0.00417744554579
            Rumba-International: 0.0164136234671
            Rumba-Misc: 0.0102217262611
            Samba: 0.0576690360904
            Tango: 0.0133600598201
            VienneseWaltz: 0.130443438888
            Waltz: 0.0210530664772
        probability: 0.483101129532
        value: "Jive"
    culture:
        all:
            non_western: 0.246982738376
            western: 0.753017246723
        probability: 0.753017246723
        value: "western"
    gender:
        all:
            female: 0.00679626781493
            male: 0.993203759193
        probability: 0.993203759193
        value: "male"
    genre_dortmund:
        all:
            alternative: 0.126910597086
            blues: 0.0190981812775
            electronic: 0.00718642305583
            folkcountry: 0.149369880557
            funksoulrnb: 0.0853249207139
            jazz: 0.109467349946
            pop: 0.072231605649
            raphiphop: 0.00173914374318
            rock: 0.428671896458
        probability: 0.428671896458
        value: "rock"
    genre_electronica:
        all:
            ambient: 0.380055814981
            dnb: 0.244319558144
            house: 0.0678668320179
            techno: 0.0146648949012
            trance: 0.293092876673
        probability: 0.380055814981
        value: "ambient"
    genre_rosamerica:
        all:
            cla: 0.0181387364864
            dan: 0.0299305971712
            hip: 0.00286156963557
            jaz: 0.0133615508676
            pop: 0.273919939995
            rhy: 0.00602010916919
            roc: 0.654433369637
            spe: 0.00133412203286
        probability: 0.654433369637
        value: "roc"
    genre_tzanetakis:
        all:
            blu: 0.00475184107199
            cla: 0.0128818964586
            cou: 0.206860676408
            dis: 0.107851080596
            hip: 0.00233877077699
            jaz: 0.0636942312121
            met: 0.00908180698752
            pop: 0.111032545567
            reg: 0.00454045366496
            roc: 0.476966708899
        probability: 0.476966708899
        value: "roc"
    live_studio:
        all:
            live: 0.293279796839
            studio: 0.706720232964
        probability: 0.706720232964
        value: "studio"
    mood:
        all:
            Cluster1: 0.345636665821
            Cluster2: 0.255225121975
            Cluster3: 0.11203866452
            Cluster4: 0.241735264659
            Cluster5: 0.0453642755747
        probability: 0.345636665821
        value: "Cluster1"
    mood_acoustic:
        all:
            acoustic: 0.0167711637914
            not_acoustic: 0.983228862286
        probability: 0.983228862286
        value: "not_acoustic"
    mood_aggressive:
        all:
            aggressive: 0.106075033545
            not_aggressive: 0.893924951553
        probability: 0.893924951553
        value: "not_aggressive"
    mood_electronic:
        all:
            electronic: 0.305892378092
            not_electronic: 0.694107651711
        probability: 0.694107651711
        value: "not_electronic"
    mood_happy:
        all:
            happy: 0.885746359825
            not_happy: 0.114253617823
        probability: 0.885746359825
        value: "happy"
    mood_party:
        all:
            not_party: 0.620331764221
            party: 0.379668235779
        probability: 0.620331764221
        value: "not_party"
    mood_relaxed:
        all:
            not_relaxed: 0.75534081459
            relaxed: 0.244659200311
        probability: 0.75534081459
        value: "not_relaxed"
    mood_sad:
        all:
            not_sad: 0.677605807781
            sad: 0.322394162416
        probability: 0.677605807781
        value: "not_sad"
    rhythm:
        all:
            fast: 0.911769032478
            medium: 0.0172289330512
            slow: 0.0710020214319
        probability: 0.911769032478
        value: "fast"
    speech_music:
        all:
            music: 0.998791635036
            speech: 0.00120838964358
        probability: 0.998791635036
        value: "music"
    timbre:
        all:
            bright: 0.988614857197
            dark: 0.0113851539791
        probability: 0.988614857197
        value: "bright"
    voice_instrumental:
        all:
            instrumental: 0.0416357293725
            voice: 0.958364248276
        probability: 0.958364248276
        value: "voice"

lowlevel:
    average_loudness: 0.981433033943
    barkbands_kurtosis:
        dmean: 0.486350178719
        dmean2: 0.78003847599
        dvar: 1.23087692261
        dvar2: 3.2300362587
        max: 13.6994075775
        mean: -0.909291327
        min: -1.83016180992
        var: 1.83147406578
    barkbands_skewness:
        dmean: 0.313356429338
        dmean2: 0.460738569498
        dvar: 0.10679718852
        dvar2: 0.259448826313
        max: 3.54081535339
        mean: 0.240064665675
        min: -1.19545853138
        var: 0.449241518974
    barkbands_spread:
        dmean: 3.75296092033
        dmean2: 5.91321992874
        dvar: 15.782330513
        dvar2: 37.3438415527
        max: 51.1502075195
        mean: 29.6569232941
        min: 7.45261764526
        var: 54.8213005066
    dissonance:
        dmean: 0.0171818565577
        dmean2: 0.0282933562994
        dvar: 0.000419223477365
        dvar2: 0.00071207981091
        max: 0.499999880791
        mean: 0.457033991814
        min: 0.15157301724
        var: 0.000972692330834
    hfc:
        dmean: 2.39248919487
        dmean2: 3.57094335556
        dvar: 14.4472408295
        dvar2: 32.3560028076
        max: 37.6245651245
        mean: 8.48350143433
        min: 0.00411667814478
        var: 30.9923419952
    pitch:
        dmean: 535.225158691
        dmean2: 1038.96740723
        dvar: 1284089.75
        dvar2: 2971659.5
        max: 4410
        mean: 836.270751953
        min: 65.9192810059
        var: 1598889.5
    pitch_instantaneous_confidence:
        dmean: 0.081344358623
        dmean2: 0.125396981835
        dvar: 0.00436101062223
        dvar2: 0.0102702695876
        max: 0.875813603401
        mean: 0.487855166197
        min: 0.150000691414
        var: 0.0207986570895
    pitch_salience:
        dmean: 0.0509658567607
        dmean2: 0.0792719647288
        dvar: 0.00191703741439
        dvar2: 0.00468300888315
        max: 0.871441185474
        mean: 0.614902496338
        min: 0.372996360064
        var: 0.00547626847401
    silence_rate_20dB:
        dmean: 0
        dmean2: 0
        dvar: 0
        dvar2: 0
        max: 1
        mean: 1
        min: 1
        var: 0
    silence_rate_30dB:
        dmean: 0
        dmean2: 0
        dvar: 0
        dvar2: 0
        max: 1
        mean: 1
        min: 1
        var: 0
    silence_rate_60dB:
        dmean: 0.0781609192491
        dmean2: 0.156682029366
        dvar: 0.0720518454909
        dvar2: 0.145957276225
        max: 1
        mean: 0.190366968513
        min: 0
        var: 0.154127433896
    spectral_centroid:
        dmean: 214.20954895
        dmean2: 316.408111572
        dvar: 40677.1835938
        dvar2: 89841.6875
        max: 2811.87939453
        mean: 1541.10144043
        min: 374.195220947
        var: 203932.78125
    spectral_complexity:
        dmean: 3.20276498795
        dmean2: 4.73210144043
        dvar: 14.4427566528
        dvar2: 29.1476364136
        max: 42
        mean: 16.179309845
        min: 0
        var: 42.3908309937
    spectral_crest:
        dmean: 1.57034707069
        dmean2: 2.51493406296
        dvar: 1.89986336231
        dvar2: 4.70578670502
        max: 16.6842479706
        mean: 6.50255155563
        min: 2.61454916
        var: 4.86250972748
    spectral_decrease:
        dmean: 2.83199796947e-10
        dmean2: 4.31147867408e-10
        dvar: 1.3963915094e-19
        dvar2: 3.38878732965e-19
        max: -6.18150116597e-13
        mean: -1.18112153391e-09
        min: -3.71767239216e-09
        var: 2.85359888839e-19
    spectral_energy:
        dmean: 0.00124729203526
        dmean2: 0.00190169201232
        dvar: 2.98335658044e-06
        dvar2: 7.07454137228e-06
        max: 0.0169750377536
        mean: 0.00522730313241
        min: 2.70644022748e-06
        var: 6.07595347901e-06
    spectral_energyband_high:
        dmean: 0.000129259729874
        dmean2: 0.000196507637156
        dvar: 8.88717721637e-08
        dvar2: 2.05380317198e-07
        max: 0.00260147824883
        mean: 0.000230329256738
        min: 1.11918481593e-07
        var: 1.4415489602e-07
    spectral_energyband_low:
        dmean: 0.000123124205857
        dmean2: 0.000197390501853
        dvar: 6.08536794289e-08
        dvar2: 1.50951166233e-07
        max: 0.00211458746344
        mean: 0.000182859308552
        min: 2.29076970726e-08
        var: 7.32571336926e-08
    spectral_energyband_middle_high:
        dmean: 0.000649655761663
        dmean2: 0.000985087594017
        dvar: 7.82930271725e-07
        dvar2: 1.64970379046e-06
        max: 0.0115483859554
        mean: 0.00244130869396
        min: 1.14172655685e-06
        var: 2.0368074729e-06
    spectral_energyband_middle_low:
        dmean: 0.000720598734915
        dmean2: 0.00112416862976
        dvar: 7.0727281809e-07
        dvar2: 1.88566309589e-06
        max: 0.0080818766728
        mean: 0.00237280619331
        min: 1.42424960359e-06
        var: 1.52645600338e-06
    spectral_flatness_db:
        dmean: 0.0141374599189
        dmean2: 0.0209545176476
        dvar: 0.000198706999072
        dvar2: 0.000357785494998
        max: 0.288692563772
        mean: 0.157128348947
        min: 0.0846553891897
        var: 0.000836303574033
    spectral_flux:
        dmean: 0.00869355071336
        dmean2: 0.013599733822
        dvar: 9.52952323132e-05
        dvar2: 0.000204148745979
        max: 0.0895181745291
        mean: 0.0370843596756
        min: 0.00545002007857
        var: 0.000208816243685
    spectral_kurtosis:
        dmean: 1.36427640915
        dmean2: 2.31197428703
        dvar: 2.53435063362
        dvar2: 6.36533689499
        max: 18.3656997681
        mean: 4.96917057037
        min: -0.0294938087463
        var: 5.39436912537
    spectral_rms:
        dmean: 0.000262133224169
        dmean2: 0.000390620174585
        dvar: 1.04507947185e-07
        dvar2: 2.24151236239e-07
        max: 0.00406952248886
        mean: 0.00219654222019
        min: 5.1385108236e-05
        var: 2.75006613037e-07
    spectral_rolloff:
        dmean: 296.106048584
        dmean2: 491.28503418
        dvar: 186534.953125
        dvar2: 436364.90625
        max: 4672.70507812
        mean: 2997.07519531
        min: 301.46484375
        var: 495989.8125
    spectral_skewness:
        dmean: 0.176830664277
        dmean2: 0.295549690723
        dvar: 0.0354229100049
        dvar2: 0.0850578844547
        max: 2.95202851295
        mean: 1.62702226639
        min: 0.687025606632
        var: 0.10786151886
    spectral_spread:
        dmean: 551205.875
        dmean2: 701555.75
        dvar: 718353989632
        dvar2: 673840889856
        max: 22848628
        mean: 4472355.5
        min: 2243973.25
        var: 2.25112201626e+12
    spectral_strongpeak:
        dmean: 0.653096556664
        dmean2: 1.13133275509
        dvar: 0.941751420498
        dvar2: 2.40385246277
        max: 6.75499105453
        mean: 1.05181908607
        min: 0.00118454894982
        var: 1.29775798321
    zerocrossingrate:
        dmean: 0.00744460150599
        dmean2: 0.00833122804761
        dvar: 4.1824670916e-05
        dvar2: 4.17762712459e-05
        max: 0.14111328125
        mean: 0.0894845575094
        min: 0.0087890625
        var: 0.000465971097583
    barkbands:
        dmean: [1.70252405951e-07, 4.08088599215e-05, 9.55947689363e-05, 0.000107045656478, 0.000258608022705, 0.000230649398873, 0.000196911365492, 0.00017447952996, 0.000168481972651, 9.39114543144e-05, 6.83999460307e-05, 6.84444021317e-05, 3.79851044272e-05, 5.95651872572e-05, 5.13265949849e-05, 8.12208236312e-05, 0.000127344974317, 0.000258563202806, 0.000288581097266, 0.000151258922415, 5.41224690096e-05, 2.16877815546e-05, 5.74497289563e-06, 1.63816855547e-06, 1.49979518937e-06, 3.04509342186e-07, 1.70274983002e-09]
        dmean2: [2.68203280029e-07, 6.61766971461e-05, 0.000158995273523, 0.000188019999769, 0.000432196480688, 0.000376962532755, 0.000280519539956, 0.000266485178145, 0.000214765168494, 0.000135680340463, 0.000105329090729, 0.000109702108603, 6.13619267824e-05, 9.33400369831e-05, 8.56200349517e-05, 0.000129586900584, 0.000203818854061, 0.000408704770962, 0.000437312904978, 0.000238551365328, 8.47210612847e-05, 3.17967460433e-05, 7.99550616648e-06, 2.2098165573e-06, 2.04894854505e-06, 4.50387517503e-07, 2.62095189996e-09]
        dvar: [1.99130967792e-13, 9.06074415497e-09, 3.48988677956e-08, 2.01604386518e-08, 1.64430048244e-07, 1.91462333987e-07, 4.73897650011e-08, 8.55628314866e-08, 6.30512886346e-08, 2.27815526443e-08, 1.17295906321e-08, 1.382566861e-08, 3.89038090631e-09, 6.30133856205e-09, 5.53484591492e-09, 1.08012221389e-08, 2.2317300008e-08, 9.9996732672e-08, 1.46165376691e-07, 7.22258945984e-08, 1.56176938049e-08, 1.75388470414e-09, 1.09808925841e-10, 1.19728558665e-11, 9.7616159947e-12, 5.76024525387e-13, 3.56173198565e-16]
        dvar2: [4.3512096053e-13, 2.12749302619e-08, 8.63559819209e-08, 5.71693625773e-08, 4.72304634513e-07, 5.51900257051e-07, 9.43239868434e-08, 1.81396686116e-07, 8.32513151749e-08, 4.39362146665e-08, 2.66706869922e-08, 3.36665060274e-08, 1.0171352649e-08, 1.51575374474e-08, 1.48203103123e-08, 2.76225158302e-08, 5.44093872179e-08, 2.50915348943e-07, 3.26549979945e-07, 1.83617970606e-07, 3.72294266526e-08, 3.24112670036e-09, 1.96632710114e-10, 2.2172269229e-11, 1.92839910707e-11, 1.25326452775e-12, 8.95885996004e-16]
        max: [4.2623310037e-06, 0.000874786986969, 0.0018718802603, 0.00137998745777, 0.00482025463134, 0.00424835784361, 0.00278279930353, 0.0040376316756, 0.00523508246988, 0.0019846521318, 0.00112524419092, 0.00149506842718, 0.000748843071051, 0.000654607079923, 0.000923428800888, 0.0010457750177, 0.00148819794413, 0.00309833162464, 0.0040314081125, 0.00215656566434, 0.0014463304542, 0.000485652359203, 0.000106066523585, 5.30237412022e-05, 2.8247713999e-05, 5.84609188081e-06, 2.81081838693e-07]
        mean: [1.45806751561e-07, 4.71692474093e-05, 0.000135546652018, 0.000161118572578, 0.00045664672507, 0.000415266898926, 0.00046845767065, 0.000334350683261, 0.000463015923742, 0.000181453200639, 0.000129738720716, 0.000136312504765, 6.37575649307e-05, 0.000103897138615, 8.92618118087e-05, 0.000158601222211, 0.000264025758952, 0.000587385846302, 0.00063410308212, 0.000248202588409, 9.27750588744e-05, 3.96898030885e-05, 1.09107886601e-05, 3.01672412206e-06, 2.11432734432e-06, 3.4260818893e-07, 1.10120845775e-09]
        min: [1.92139550798e-11, 1.42134997105e-08, 4.48654935425e-09, 2.87699197798e-09, 2.17750965703e-07, 6.64015260554e-07, 3.8222395915e-07, 2.82759167192e-08, 1.04461065575e-07, 1.14063361423e-07, 1.13224905007e-08, 5.07329929178e-08, 6.29362659765e-08, 2.0966506753e-08, 1.29784769598e-08, 6.6541197441e-08, 2.60165620602e-07, 3.37359153946e-07, 8.03574451425e-08, 4.35010356625e-08, 5.80899524039e-08, 1.5630627459e-08, 5.2258530836e-09, 6.64043886545e-09, 4.37929426056e-09, 1.66716351835e-09, 4.39832713436e-13]
        var: [1.85035729685e-13, 9.12274700227e-09, 4.50296049337e-08, 3.54452964757e-08, 2.11405705386e-07, 2.25766427775e-07, 1.50059662474e-07, 1.63835039757e-07, 5.20196522302e-07, 6.10840089621e-08, 3.9783575545e-08, 4.28841069322e-08, 5.86233328548e-09, 1.20851435526e-08, 7.54167928108e-09, 2.66455693065e-08, 5.23663032936e-08, 2.8649617434e-07, 3.39583863251e-07, 1.11416461834e-07, 2.64658712723e-08, 4.00338029394e-09, 2.89971185952e-10, 2.60760406323e-11, 1.58353018198e-11, 7.12146379193e-13, 1.81351090731e-16]
    mfcc:
        mean: [-702.804626465, 119.096076965, -54.6496353149, 47.857208252, -19.6978645325, -21.6336288452, -12.4733686447, 1.42409789562, -13.6822595596, -6.82911634445, 1.49919116497, -8.44721603394, -5.01476860046]
        cov: [[2024.15405273, -768.651489258, 100.836730957, -48.1676368713, -135.867660522, 58.7061462402, 83.0026702881, -48.6248664856, 61.7066802979, 23.6803722382, -57.3690719604, 1.611510396, 33.1697807312], [-768.651489258, 858.24206543, -152.623291016, 34.4157752991, 33.0971717834, 35.5395736694, 68.0114212036, 143.285690308, -2.91747879982, 42.682800293, 51.5684509277, 8.95492172241, 37.6502227783], [100.836730957, -152.623291016, 299.722320557, 43.6225700378, 35.2187232971, 53.0044593811, 39.0859184265, -36.133441925, 54.5381126404, -8.6216135025, -21.6129589081, 15.736410141, -5.02148199081], [-48.1676368713, 34.4157752991, 43.6225700378, 202.981735229, 129.387924194, 42.8553237915, -65.6473007202, -53.0705108643, -17.8255062103, -0.836224317551, -33.8778114319, -3.0196223259, 7.16977739334], [-135.867660522, 33.0971717834, 35.2187232971, 129.387924194, 209.654571533, 55.2101631165, -63.0647315979, -53.2365493774, -2.90388965607, -3.71375203133, -28.3893642426, 0.763689875603, 12.7298822403], [58.7061462402, 35.5395736694, 53.0044593811, 42.8553237915, 55.2101631165, 114.766914368, 48.8149604797, 3.62734651566, 42.1166305542, 1.99352228642, -31.1271400452, 12.9235963821, 31.8933467865], [83.0026702881, 68.0114212036, 39.0859184265, -65.6473007202, -63.0647315979, 48.8149604797, 192.575454712, 100.356826782, 75.0709686279, 7.8201842308, 2.35932064056, 37.910697937, 19.5960636139], [-48.6248664856, 143.285690308, -36.133441925, -53.0705108643, -53.2365493774, 3.62734651566, 100.356826782, 151.75718689, 34.8586463928, 21.8934783936, 39.4074325562, 15.9350728989, 11.7842817307], [61.7066802979, -2.91747879982, 54.5381126404, -17.8255062103, -2.90388965607, 42.1166305542, 75.0709686279, 34.8586463928, 102.159301758, 6.86362457275, -20.1707782745, 22.0166759491, 13.3867454529], [23.6803722382, 42.682800293, -8.6216135025, -0.836224317551, -3.71375203133, 1.99352228642, 7.8201842308, 21.8934783936, 6.86362457275, 86.7766113281, 32.7375831604, 3.70834589005, 3.31161785126], [-57.3690719604, 51.5684509277, -21.6129589081, -33.8778114319, -28.3893642426, -31.1271400452, 2.35932064056, 39.4074325562, -20.1707782745, 32.7375831604, 111.64201355, 2.84396409988, -4.94663619995], [1.611510396, 8.95492172241, 15.736410141, -3.0196223259, 0.763689875603, 12.9235963821, 37.910697937, 15.9350728989, 22.0166759491, 3.70834589005, 2.84396409988, 66.4057312012, 23.6754837036], [33.1697807312, 37.6502227783, -5.02148199081, 7.16977739334, 12.7298822403, 31.8933467865, 19.5960636139, 11.7842817307, 13.3867454529, 3.31161785126, -4.94663619995, 23.6754837036, 82.1821899414]]
        icov: [[0.000992921646684, 0.00107960659079, 0.000366463762475, -0.000523743045051, 0.00079603906488, -0.000794714025687, -0.000569344789255, -4.13819761889e-05, -3.02907064906e-05, -0.000684288679622, 8.82840686245e-05, 0.00045643854537, -0.000594143697526], [0.00107960659079, 0.00286928098649, 0.00124390225392, -0.00120375433471, 0.000437379261712, -0.00131149799563, -0.00103107024916, -0.00148069532588, 0.00034194267937, -0.000983076519333, -0.000313389347866, 0.000710745167453, -0.000909537135158], [0.000366463762475, 0.00124390225392, 0.00505941407755, -0.00160668999888, 0.00018636281311, -0.00141780369449, -0.00182117207441, 0.00160128145944, -0.0021133616101, 0.000155415022164, -0.00116270093713, -4.04420788982e-05, 0.000737179303542], [-0.000523743045051, -0.00120375433471, -0.00160668999888, 0.00985739193857, -0.0045609632507, -0.00145503273234, 0.00262433919124, -8.91815871e-05, 0.00201178062707, -0.000582595705055, 0.00196487596259, -0.00106379098725, 0.000583396933507], [0.00079603906488, 0.000437379261712, 0.00018636281311, -0.0045609632507, 0.0100774681196, -0.00435485830531, 0.00266521493904, 0.000658175849821, -0.00132416025735, -7.49508253648e-05, -0.000293872551993, -0.000712510081939, -0.000306916103], [-0.000794714025687, -0.00131149799563, -0.00141780369449, -0.00145503273234, -0.00435485830531, 0.0174252260476, -0.00512897549197, 0.00182354741264, -0.00264135119505, -0.000384273007512, 0.00210080225952, 0.00189826870337, -0.00413910578936], [-0.000569344789255, -0.00103107024916, -0.00182117207441, 0.00262433919124, 0.00266521493904, -0.00512897549197, 0.0149356881157, -0.00674486812204, -0.0037857205607, 0.0011240526801, 0.00110012968071, -0.00455319834873, 0.00129464012571], [-4.13819761889e-05, -0.00148069532588, 0.00160128145944, -8.91815871e-05, 0.000658175849821, 0.00182354741264, -0.00674486812204, 0.0145127857104, -0.00244718231261, -0.000612332834862, -0.00367317697965, 0.00103116570972, -0.000576544203795], [-3.02907064906e-05, 0.00034194267937, -0.0021133616101, 0.00201178062707, -0.00132416025735, -0.00264135119505, -0.0037857205607, -0.00244718231261, 0.0172382667661, -0.00205564801581, 0.00367021863349, -0.00196773116477, 9.73592905211e-05], [-0.000684288679622, -0.000983076519333, 0.000155415022164, -0.000582595705055, -7.49508253648e-05, -0.000384273007512, 0.0011240526801, -0.000612332834862, -0.00205564801581, 0.0141102410853, -0.00446072872728, -0.000382483820431, 0.000375356408767], [8.82840686245e-05, -0.000313389347866, -0.00116270093713, 0.00196487596259, -0.000293872551993, 0.00210080225952, 0.00110012968071, -0.00367317697965, 0.00367021863349, -0.00446072872728, 0.0133134434, -0.00133013981394, 0.000126546976389], [0.00045643854537, 0.000710745167453, -4.04420788982e-05, -0.00106379098725, -0.000712510081939, 0.00189826870337, -0.00455319834873, 0.00103116570972, -0.00196773116477, -0.000382483820431, -0.00133013981394, 0.0195944998413, -0.00549699598923], [-0.000594143697526, -0.000909537135158, 0.000737179303542, 0.000583396933507, -0.000306916103, -0.00413910578936, 0.00129464012571, -0.000576544203795, 9.73592905211e-05, 0.000375356408767, 0.000126546976389, -0.00549699598923, 0.0158067792654]]
    spectral_contrast:
        mean: [-1.88324122519e-07, -1.62981450558e-07, 2.7061878427e-07, 2.75003486649e-07, 9.35176345251e-08, -7.48826138874e-08, -1.78091147518e-06, -2.70413261205e-06, -3.01256955026e-06, 2.56012231148e-06, 1.8191063873e-06, 2.03560148293e-06]
        var: [0.00034960632911, 0.000591957184952, 0.00153020222206, 0.00243469350971, 0.0031174919568, 0.0069458479993, 0.0405893139541, 0.0799897760153, 0.105798207223, 0.276871055365, 0.611020445824, 1.37934994698]

rhythm:
    beats_loudness:
        dmean: 0.0029439823702
        dmean2: 0.0051212371327
        dvar: 4.78814581584e-06
        dvar2: 1.57393133122e-05
        max: 0.0121289165691
        mean: 0.00766922021285
        min: 0.0031415601261
        var: 6.03109265285e-06
    beats_loudness_bass:
        dmean: 0.059880707413
        dmean2: 0.109345413744
        dvar: 0.00218513654545
        dvar2: 0.00648283679038
        max: 0.190989807248
        mean: 0.0468964874744
        min: 0.00438227970153
        var: 0.0023915914353
    bpm: 140.85887146
    bpm_confidence: 0
    first_peak_bpm: 140
    first_peak_spread: 0
    first_peak_weight: 0.954545497894
    onset_rate: 3.37192344666
    second_peak_bpm: 129
    second_peak_spread: 0
    second_peak_weight: 0.0454545468092
    beats_position: [0.442876935005, 0.870978832245, 1.29908072948, 1.72718262672, 2.15528464317, 2.58338665962, 3.01148843765, 3.4395904541, 3.86769223213, 4.295794487, 4.72389602661, 5.15199804306, 5.58010005951, 6.04692316055, 6.47173309326, 6.89654302597, 7.32135343552, 7.7461643219, 8.17097377777, 8.59578418732, 9.02059459686, 9.44540500641, 9.87021541595]
    bpm_estimates: [140.301727295, 140.031646729, 139.849472046, 140.600891113, 139.986495972, 140.524139404, 142.674163818, 139.466827393, 140.215179443, 140.282745361, 143.003250122, 142.834014893, 140.630752563, 141.622772217]
    bpm_intervals: [0.42810189724, 0.42810189724, 0.42810189724, 0.428102016449, 0.428102016449, 0.42810177803, 0.428102016449, 0.42810177803, 0.428102254868, 0.428101539612, 0.428102016449, 0.428102016449, 0.466823101044, 0.424809932709, 0.424809932709, 0.424810409546, 0.424810886383, 0.424809455872, 0.424810409546, 0.424810409546, 0.424810409546, 0.424810409546]
    onset_times: [0.0464399084449, 0.220589563251, 0.441179126501, 0.661768734455, 0.870748281479, 1.09133791924, 1.50929701328, 2.15945577621, 2.38004541397, 2.50775504112, 2.5890250206, 3.01859402657, 3.25079369545, 3.45977330208, 3.87773251534, 4.1099319458, 4.74848079681, 5.18966007233, 5.36380958557, 5.61922883987, 6.01396846771, 6.47836732864, 6.68734693527, 6.91954660416, 7.31428575516, 7.79029464722, 7.98766422272, 8.20825386047, 8.63782310486, 9.04417228699, 9.32281208038, 9.49696159363, 9.79882049561, 9.89170074463]
    rubato_start: []
    rubato_stop: []
    perceptual_tempo: "unknown"

sfx:
    inharmonicity:
        dmean: 0.0627287253737
        dmean2: 0.111658878624
        dvar: 0.00505586713552
        dvar2: 0.0136339878663
        max: 0.414047509432
        mean: 0.0685131028295
        min: 0.000612568634097
        var: 0.0049758348614
    oddtoevenharmonicenergyratio:
        dmean: 2.87985491753
        dmean2: 5.29164886475
        dvar: 32.4954109192
        dvar2: 95.5821456909
        max: 52.8242683411
        mean: 2.15122890472
        min: 0.00166955566965
        var: 20.6894607544
    pitch_after_max_to_before_max_energy_ratio: 1.2213435173
    pitch_centroid: 227.161621094
    pitch_max_to_total: 0.533333361149
    pitch_min_to_total: 0.496551722288
    tristimulus:
        dmean: [0.177616670728, 0.260147094727, 0.125120669603]
        dmean2: [0.306999474764, 0.463941752911, 0.226452887058]
        dvar: [0.0225290730596, 0.0543782189488, 0.0159616786987]
        dvar2: [0.0625244230032, 0.152398899198, 0.037859685719]
        max: [0.883593678474, 0.9561201334, 0.628576397896]
        mean: [0.310596495867, 0.472962379456, 0.136697277427]
        min: [0.0156784020364, 0, 0]
        var: [0.0387667119503, 0.0667326450348, 0.0190243422985]

tonal:
    chords_changes_rate: 0.0776255726814
    chords_number_rate: 0.0273972600698
    chords_strength:
        dmean: 0.00896101817489
        dmean2: 0.00884583219886
        dvar: 6.21567451162e-05
        dvar2: 6.84891929268e-05
        max: 0.660073101521
        mean: 0.504300951958
        min: 0.334123522043
        var: 0.00599088845775
    key_strength: 0.832416296005
    tuning_diatonic_strength: 0.652273774147
    tuning_equal_tempered_deviation: 0.051829226315
    tuning_frequency: 442.548919678
    tuning_nontempered_energy_ratio: 0.657351374626
    hpcp:
        dmean: [0.140413016081, 0.113039784133, 0.081746712327, 0.0695700123906, 0.0592303611338, 0.130621373653, 0.185931965709, 0.155925184488, 0.139682978392, 0.122226901352, 0.0907606482506, 0.0813507437706, 0.0871353521943, 0.0814555734396, 0.134658396244, 0.180204734206, 0.134263977408, 0.0635736957192, 0.0707569047809, 0.088432058692, 0.105384461582, 0.1166799739, 0.110394023359, 0.104265101254, 0.0704381167889, 0.0571952722967, 0.125229418278, 0.177451461554, 0.162456348538, 0.175348684192, 0.159245222807, 0.169485375285, 0.132705256343, 0.0871646180749, 0.0840162783861, 0.130117237568]
        dmean2: [0.224063411355, 0.182749211788, 0.136330425739, 0.117248393595, 0.102620281279, 0.210787519813, 0.305697709322, 0.257422029972, 0.227853655815, 0.194512009621, 0.151611745358, 0.137892514467, 0.153380602598, 0.132071822882, 0.21084612608, 0.278486758471, 0.232675671577, 0.109760075808, 0.128360614181, 0.158257678151, 0.169776201248, 0.191275835037, 0.184034943581, 0.161840096116, 0.109549835324, 0.0975571274757, 0.201809301972, 0.289372503757, 0.26409342885, 0.284426599741, 0.27292278409, 0.287205576897, 0.230586603284, 0.150164172053, 0.14310349524, 0.216683700681]
        dvar: [0.0263100191951, 0.0197402630001, 0.0137097621337, 0.0103666838259, 0.00692714098841, 0.0230726264417, 0.0435310639441, 0.02799760364, 0.0325901806355, 0.0313076265156, 0.0201991889626, 0.0180693101138, 0.0250657647848, 0.0145650496706, 0.0244777873158, 0.0306328609586, 0.0192064121366, 0.00765376025811, 0.0162792857736, 0.0227579399943, 0.0179595965892, 0.0246353391558, 0.0192947629839, 0.0156809482723, 0.00861458200961, 0.00976882316172, 0.0145969185978, 0.0383510366082, 0.0207244437188, 0.0302038528025, 0.0369711630046, 0.0368661135435, 0.0311650857329, 0.0196731220931, 0.0165859013796, 0.0307471044362]
        dvar2: [0.0591633804142, 0.0457020029426, 0.0406101197004, 0.0301895607263, 0.0189110524952, 0.0567502900958, 0.0921696573496, 0.0708710029721, 0.0713699162006, 0.0638791173697, 0.0532878413796, 0.0549616590142, 0.075545810163, 0.0355332680047, 0.055552829057, 0.0702978745103, 0.0581452324986, 0.021759191528, 0.0472809150815, 0.0636549666524, 0.0477657467127, 0.0545197278261, 0.042192414403, 0.0338846296072, 0.0183443259448, 0.020637024194, 0.0348246730864, 0.0861889198422, 0.0512051172554, 0.0793170556426, 0.090608112514, 0.0850694552064, 0.0803456380963, 0.0536519736052, 0.0474554523826, 0.0815676376224]
        max: [1, 1, 0.807613611221, 0.741545796394, 0.570615112782, 1, 1, 1, 1, 1, 1, 0.85679513216, 1, 1, 1, 1, 0.996408700943, 0.621435582638, 0.870870828629, 1, 1, 1, 1, 1, 1, 1, 1, 1, 1, 1, 1, 1, 1, 1, 0.801551163197, 1]
        mean: [0.273715794086, 0.189743101597, 0.11205214262, 0.0953426882625, 0.0791655182838, 0.226774513721, 0.393697351217, 0.297670185566, 0.205949693918, 0.192353636026, 0.132491677999, 0.112976230681, 0.111199676991, 0.103967942297, 0.232421651483, 0.350029736757, 0.211930766702, 0.0843556597829, 0.0792025402188, 0.0901543870568, 0.171640068293, 0.218624413013, 0.19094055891, 0.165242537856, 0.104163333774, 0.0709751620889, 0.227009117603, 0.38716083765, 0.299922645092, 0.359974890947, 0.496518313885, 0.327093958855, 0.153497442603, 0.10057118535, 0.0958884954453, 0.198395773768]
        min: [0, 0.00688079372048, 0.00336597231217, 0.00131154584233, 0, 0.00234441226348, 0.00466981995851, 0, 0.00105926883407, 0.00086859439034, 0.000553211895749, 0.000672014779411, 0.00112469389569, 0.000712056236807, 0, 0.000660121033434, 0.000683357997332, 0.000737549446058, 0.00262095639482, 0, 0, 0.00303685362451, 0.00502098817378, 0.0049212416634, 0.00175866344944, 0.0010925339302, 0.00759908603504, 0.0110525293276, 0.0112396329641, 0.00376423005946, 0.00145607430022, 0.00478032138199, 0, 0, 0, 0]
        var: [0.0739741995931, 0.036405865103, 0.0159029234201, 0.0132525470108, 0.00784552004188, 0.0429589599371, 0.119191229343, 0.067615441978, 0.0564302839339, 0.0666501820087, 0.0349661298096, 0.0227469988167, 0.0261323824525, 0.0212849788368, 0.0542255602777, 0.088568598032, 0.0319885239005, 0.0096738981083, 0.0120253236964, 0.0171207878739, 0.0403918102384, 0.0677559524775, 0.0339353233576, 0.0316245667636, 0.0146048450842, 0.0102577516809, 0.0355433560908, 0.114560820162, 0.0589900128543, 0.0705891698599, 0.141318038106, 0.068820245564, 0.0376403369009, 0.02020512335, 0.0169620364904, 0.0499586053193]
    chords_histogram: [54.7945213318, 17.3515987396, 0.91324198246, 0.91324198246, 0, 0, 0, 0, 1.82648396492, 0, 0, 0, 0, 0, 0, 0, 0, 0, 0, 0, 0, 4.56621026993, 8.67579936981, 10.9589042664]
    thpcp: [1, 0.658775210381, 0.309147596359, 0.202552825212, 0.193121775985, 0.399573922157, 0.55127030611, 0.382147222757, 0.225675746799, 0.192022502422, 0.159441292286, 0.456729412079, 0.792916059494, 0.599515020847, 0.414787709713, 0.387404918671, 0.266841471195, 0.22753688693, 0.223958864808, 0.209393978119, 0.468102872372, 0.704968452454, 0.426833748817, 0.169894352555, 0.159515842795, 0.181573137641, 0.345687299967, 0.440314888954, 0.384558945894, 0.332802504301, 0.209787502885, 0.142945706844, 0.457201898098, 0.779751360416, 0.604051530361, 0.724998235703]
    chords_key: "G"
    chords_scale: "major"
    key_key: "G"
    key_scale: "major"
    chords_progression: ["F#m", "F#m", "B", "B", "B", "B", "Em", "Em", "Em", "Em", "C", "C", "C", "C", "C", "C", "C", "C", "C", "C", "C", "D", "D", "Am", "Am", "Am", "Am", "Am", "Am", "Am", "Am", "Am", "Am", "G", "G", "G", "G", "G", "G", "G", "G", "G", "G", "G", "Bm", "Bm", "Bm", "Bm", "Bm", "Bm", "Bm", "Bm", "Bm", "Bm", "Bm", "Bm", "Bm", "Bm", "Bm", "Bm", "Bm", "Bm", "Bm", "Bm", "Bm", "G", "G", "G", "G", "G", "G", "G", "G", "G", "G", "G", "G", "G", "G", "G", "G", "G", "G", "G", "G", "G", "G", "G", "G", "G", "G", "G", "G", "G", "G", "G", "G", "G", "G", "G", "G", "G", "G", "G", "G", "G", "G", "G", "G", "G", "G", "G", "G", "G", "G", "G", "G", "G", "G", "G", "G", "G", "G", "G", "G", "G", "G", "G", "G", "G", "Bm", "Bm", "Bm", "Bm", "Bm", "Bm", "Bm", "Bm", "G", "G", "G", "G", "G", "G", "G", "G", "G", "G", "G", "G", "G", "G", "G", "G", "G", "G", "G", "G", "G", "G", "G", "G", "G", "G", "G", "G", "G", "G", "G", "G", "G", "G", "G", "G", "G", "C", "C", "C", "C", "C", "C", "C", "G", "G", "G", "G", "G", "G", "G", "C", "Em", "Em", "Em", "Em", "Em", "Em", "Em", "Em", "Em", "Em", "Em", "Em", "Em", "Em", "Em", "Em", "Em", "Em", "Bm", "Bm", "Bm", "Em", "Em", "Bm", "Bm", "Bm", "Bm", "Bm", "Bm"]
