
metadata:
    version:
        essentia: "1.2.2"
    audio_properties:
        analysis_sample_rate: 44100
        bitrate: 128
        channels: 2
        equal_loudness: 1
        length: 10.0310201645
        replay_gain: -4.95361328125
        downmix: "mix"
    tags:
        track: 2
        year: 0
        album: "Splitted by Mp3Splt v. 2.1"
        artist: "From 000.10 To 000.20"
        comment: "http://mp3splt.sf.net"
        genre: ""
        title: "01 Flight Response.mp3"

highlevel:
    ballroom:
        all:
            ChaChaCha: 0.361616581678
            Jive: 0.0741780996323
            Quickstep: 0.107697606087
            Rumba-American: 0.0240919273347
            Rumba-International: 0.112074047327
            Rumba-Misc: 0.0261759981513
            Samba: 0.130980238318
            Tango: 0.093340061605
            VienneseWaltz: 0.0308748558164
            Waltz: 0.0389705710113
        probability: 0.361616581678
        value: "ChaChaCha"
    culture:
        all:
            non_western: 0.970392644405
            western: 0.029607379809
        probability: 0.970392644405
        value: "non_western"
    gender:
        all:
            female: 0.210089042783
            male: 0.789910972118
        probability: 0.789910972118
        value: "male"
    genre_dortmund:
        all:
            alternative: 0.0319599620998
            blues: 0.0255762543529
            electronic: 0.27266228199
            folkcountry: 0.0231018420309
            funksoulrnb: 0.0386356674135
            jazz: 0.380035042763
            pop: 0.0349276736379
            raphiphop: 0.128846526146
            rock: 0.0642547607422
        probability: 0.380035042763
        value: "jazz"
    genre_electronica:
        all:
            ambient: 0.575071036816
            dnb: 0.163259595633
            house: 0.0976678282022
            techno: 0.130834788084
            trance: 0.0331667438149
        probability: 0.575071036816
        value: "ambient"
    genre_rosamerica:
        all:
            cla: 0.200321689248
            dan: 0.0260579697788
            hip: 0.323712259531
            jaz: 0.170770436525
            pop: 0.0343612655997
            rhy: 0.0949209704995
            roc: 0.10144444555
            spe: 0.0484109707177
        probability: 0.323712259531
        value: "hip"
    genre_tzanetakis:
        all:
            blu: 0.210461646318
            cla: 0.0611592642963
            cou: 0.0535420812666
            dis: 0.0610453672707
            hip: 0.144380345941
            jaz: 0.0942752212286
            met: 0.0185608882457
            pop: 0.100193321705
            reg: 0.162582710385
            roc: 0.0937991663814
        probability: 0.210461646318
        value: "blu"
    live_studio:
        all:
            live: 0.537216305733
            studio: 0.462783694267
        probability: 0.537216305733
        value: "live"
    mood:
        all:
            Cluster1: 0.296577304602
            Cluster2: 0.0533533580601
            Cluster3: 0.0989639610052
            Cluster4: 0.0844884514809
            Cluster5: 0.466616928577
        probability: 0.466616928577
        value: "Cluster5"
    mood_acoustic:
        all:
            acoustic: 0.807139933109
            not_acoustic: 0.19286005199
        probability: 0.807139933109
        value: "acoustic"
    mood_aggressive:
        all:
            aggressive: 0.936927199364
            not_aggressive: 0.063072770834
        probability: 0.936927199364
        value: "aggressive"
    mood_electronic:
        all:
            electronic: 0.613028109074
            not_electronic: 0.386971920729
        probability: 0.613028109074
        value: "electronic"
    mood_happy:
        all:
            happy: 0.0364455357194
            not_happy: 0.963554441929
        probability: 0.963554441929
        value: "not_happy"
    mood_party:
        all:
            not_party: 0.572761356831
            party: 0.427238613367
        probability: 0.572761356831
        value: "not_party"
    mood_relaxed:
        all:
            not_relaxed: 0.147356525064
            relaxed: 0.852643489838
        probability: 0.852643489838
        value: "relaxed"
    mood_sad:
        all:
            not_sad: 0.35081154108
            sad: 0.64918845892
        probability: 0.64918845892
        value: "sad"
    rhythm:
        all:
            fast: 0.879339694977
            medium: 0.091276705265
            slow: 0.0293835885823
        probability: 0.879339694977
        value: "fast"
    speech_music:
        all:
            music: 0.0188843049109
            speech: 0.981115698814
        probability: 0.981115698814
        value: "speech"
    timbre:
        all:
            bright: 0.00436567142606
            dark: 0.995634317398
        probability: 0.995634317398
        value: "dark"
    voice_instrumental:
        all:
            instrumental: 0.70046132803
            voice: 0.29953867197
        probability: 0.70046132803
        value: "instrumental"

lowlevel:
    average_loudness: 0.889050006866
    barkbands_kurtosis:
        dmean: 8.05335140228
        dmean2: 14.3494520187
        dvar: 77.1196365356
        dvar2: 215.404541016
        max: 60.4935379028
        mean: 8.56763839722
        min: -1.83250832558
        var: 72.1160583496
    barkbands_skewness:
        dmean: 1.07571578026
        dmean2: 1.85924708843
        dvar: 0.727185964584
        dvar2: 2.11297988892
        max: 6.03972244263
        mean: 2.11256790161
        min: -2.49243879318
        var: 1.09540331364
    barkbands_spread:
        dmean: 5.56337165833
        dmean2: 9.41960716248
        dvar: 39.4799041748
        dvar2: 108.291625977
        max: 57.2121391296
        mean: 8.70265769958
        min: 1.44066739082
        var: 48.9477577209
    dissonance:
        dmean: 0.0565711818635
        dmean2: 0.102136828005
        dvar: 0.00251293857582
        dvar2: 0.00719332462177
        max: 0.499590426683
        mean: 0.439019113779
        min: 0.17578150332
        var: 0.00264305784367
    hfc:
        dmean: 1.70666801929
        dmean2: 3.15291333199
        dvar: 39.0069046021
        dvar2: 112.974708557
        max: 67.5168838501
        mean: 1.23579216003
        min: 0.0100624682382
        var: 24.4097900391
    pitch:
        dmean: 222.736785889
        dmean2: 408.798217773
        dvar: 284008.65625
        dvar2: 790005.0625
        max: 4009.09082031
        mean: 273.089019775
        min: 46.7656402588
        var: 207841.671875
    pitch_instantaneous_confidence:
        dmean: 0.0980086773634
        dmean2: 0.169224023819
        dvar: 0.00636596512049
        dvar2: 0.0191098041832
        max: 0.695945739746
        mean: 0.276289701462
        min: 0.0945158600807
        var: 0.00866864807904
    pitch_salience:
        dmean: 0.166042864323
        dmean2: 0.296723902225
        dvar: 0.0162185076624
        dvar2: 0.0484457947314
        max: 0.909005880356
        mean: 0.653536558151
        min: 0.147018700838
        var: 0.0203753933311
    silence_rate_20dB:
        dmean: 0
        dmean2: 0
        dvar: 0
        dvar2: 0
        max: 1
        mean: 1
        min: 1
        var: 0
    silence_rate_30dB:
        dmean: 0
        dmean2: 0
        dvar: 0
        dvar2: 0
        max: 1
        mean: 1
        min: 1
        var: 0
    silence_rate_60dB:
        dmean: 0.171693742275
        dmean2: 0.341860473156
        dvar: 0.142215415835
        dvar2: 0.266852378845
        max: 1
        mean: 0.787037014961
        min: 0
        var: 0.167609795928
    spectral_centroid:
        dmean: 203.243133545
        dmean2: 340.436340332
        dvar: 45477.5117188
        dvar2: 117824.523438
        max: 2519.88891602
        mean: 420.33114624
        min: 139.613372803
        var: 84730.5390625
    spectral_complexity:
        dmean: 2.82051277161
        dmean2: 4.59112167358
        dvar: 12.1146526337
        dvar2: 32.4192428589
        max: 32
        mean: 3.29999995232
        min: 0
        var: 14.2006931305
    spectral_crest:
        dmean: 3.73746061325
        dmean2: 6.5552315712
        dvar: 8.36880016327
        dvar2: 25.388502121
        max: 21.4156646729
        mean: 9.44489097595
        min: 2.81206059456
        var: 11.2073812485
    spectral_decrease:
        dmean: 6.51230458448e-10
        dmean2: 1.15511755716e-09
        dvar: 1.56384243708e-18
        dvar2: 4.523545954e-18
        max: -6.37386584484e-12
        mean: -5.42601019671e-10
        min: -1.1072121886e-08
        var: 1.07800700329e-18
    spectral_energy:
        dmean: 0.00260826013982
        dmean2: 0.00463556172326
        dvar: 2.70560158242e-05
        dvar2: 7.83731593401e-05
        max: 0.047912709415
        mean: 0.00215998943895
        min: 2.50801149377e-05
        var: 1.83633710549e-05
    spectral_energyband_high:
        dmean: 4.67137942906e-05
        dmean2: 8.84655310074e-05
        dvar: 1.79536542078e-07
        dvar2: 5.20617277289e-07
        max: 0.0064840442501
        mean: 2.74916346825e-05
        min: 5.48198784145e-08
        var: 1.02911116073e-07
    spectral_energyband_low:
        dmean: 0.000525015522726
        dmean2: 0.000928570167162
        dvar: 6.34993682525e-07
        dvar2: 1.68569931702e-06
        max: 0.00556130381301
        mean: 0.000424940837547
        min: 4.66504047836e-07
        var: 5.20594880982e-07
    spectral_energyband_middle_high:
        dmean: 0.000448403472546
        dmean2: 0.000847144227009
        dvar: 4.94294317832e-06
        dvar2: 1.44886316775e-05
        max: 0.029047941789
        mean: 0.000306699541397
        min: 1.3608446352e-06
        var: 2.84304769593e-06
    spectral_energyband_middle_low:
        dmean: 0.00180641293991
        dmean2: 0.0032543214038
        dvar: 1.09117054308e-05
        dvar2: 3.14191784128e-05
        max: 0.0290122646838
        mean: 0.00140085932799
        min: 1.60589443112e-05
        var: 7.5994475992e-06
    spectral_flatness_db:
        dmean: 0.0549259968102
        dmean2: 0.0925600603223
        dvar: 0.00161093252245
        dvar2: 0.00441547203809
        max: 0.398626774549
        mean: 0.238107159734
        min: 0.0813223198056
        var: 0.00288722408004
    spectral_flux:
        dmean: 0.0178998764604
        dmean2: 0.0303075611591
        dvar: 0.000507025339175
        dvar2: 0.000957702286541
        max: 0.209516882896
        mean: 0.0354556031525
        min: 0.00317817158066
        var: 0.000834341335576
    spectral_kurtosis:
        dmean: 9.17451190948
        dmean2: 15.3555393219
        dvar: 61.8695793152
        dvar2: 179.479660034
        max: 70.1409759521
        mean: 17.7527370453
        min: 0.583353042603
        var: 107.585838318
    spectral_rms:
        dmean: 0.000764385098591
        dmean2: 0.00128024676815
        dvar: 7.3822207014e-07
        dvar2: 2.04418734029e-06
        max: 0.00683696614578
        mean: 0.00112654117402
        min: 0.000156423790031
        var: 8.3821203134e-07
    spectral_rolloff:
        dmean: 402.906768799
        dmean2: 703.65246582
        dvar: 305448.65625
        dvar2: 863022.9375
        max: 4091.30859375
        mean: 648.500061035
        min: 129.19921875
        var: 338058.59375
    spectral_skewness:
        dmean: 0.861565232277
        dmean2: 1.41690480709
        dvar: 0.461487799883
        dvar2: 1.27079236507
        max: 6.61959218979
        mean: 3.23973608017
        min: 0.933800518513
        var: 0.913147091866
    spectral_spread:
        dmean: 987384.4375
        dmean2: 1696258.125
        dvar: 773675614208
        dvar2: 1.93060746035e+12
        max: 9489810
        mean: 2841851.75
        min: 885582.0625
        var: 1.35024331981e+12
    spectral_strongpeak:
        dmean: 0.0698103532195
        dmean2: 0.117388874292
        dvar: 0.0306910965592
        dvar2: 0.0759031102061
        max: 3.11218571663
        mean: 0.0912368074059
        min: 0.00295972102322
        var: 0.0391359180212
    zerocrossingrate:
        dmean: 0.00628277985379
        dmean2: 0.00780451390892
        dvar: 3.09185015794e-05
        dvar2: 4.46816884505e-05
        max: 0.11962890625
        mean: 0.0256620179862
        min: 0.0068359375
        var: 0.000171966399648
    barkbands:
        dmean: [1.62379123481e-08, 7.09856249159e-05, 0.000464410724817, 0.000364634994185, 0.000536871491931, 0.000367366563296, 0.00027414172655, 0.000267532625003, 0.000155259229359, 8.77608108567e-05, 7.27736696717e-05, 3.26761910401e-05, 3.06862784782e-05, 3.64036895917e-05, 3.56274395017e-05, 3.49564361386e-05, 4.89444755658e-05, 4.62450370833e-05, 3.91712674173e-05, 5.56941413379e-05, 1.50970690811e-05, 2.14813735511e-06, 2.66229989165e-07, 1.09880410548e-07, 6.46278266458e-08, 2.55915399983e-09, 2.05980552059e-10]
        dmean2: [2.62382915395e-08, 0.000127632825752, 0.000818995118607, 0.000656682590488, 0.000951642345171, 0.000684019352775, 0.000516558997333, 0.000510509766173, 0.000292533164611, 0.000164732584381, 0.000139071009471, 6.1021590227e-05, 5.96178979322e-05, 7.06697683199e-05, 6.68837601552e-05, 6.25324973953e-05, 8.86215566425e-05, 8.406748384e-05, 7.51767947804e-05, 0.000106682731712, 2.88925184577e-05, 3.73752186533e-06, 4.950347261e-07, 1.97782497935e-07, 1.18997327547e-07, 4.66602623206e-09, 3.04263642059e-10]
        dvar: [1.10352754681e-15, 1.09971480811e-08, 5.10702420797e-07, 3.93138151367e-07, 1.16660658023e-06, 4.97602854921e-07, 8.94956372122e-07, 1.03411821328e-06, 2.97657720694e-07, 8.99023859802e-08, 3.52719069951e-07, 1.86105229005e-08, 2.83875607465e-08, 3.5650696617e-08, 4.17140775255e-08, 3.10250385382e-08, 6.51731397738e-08, 5.03744210789e-08, 3.89407333046e-08, 2.01256369792e-07, 1.70736296212e-08, 1.34910610461e-10, 1.26977811946e-12, 5.48433206401e-13, 1.81210041005e-13, 2.19482674367e-16, 4.49785413776e-18]
        dvar2: [1.74502233782e-15, 3.10082768351e-08, 1.34876518132e-06, 1.02116564449e-06, 3.20785443364e-06, 1.46325066908e-06, 2.62894536718e-06, 3.04544369101e-06, 8.80887625954e-07, 2.58879509829e-07, 1.05246260773e-06, 5.33985300422e-08, 8.42819360969e-08, 1.05613843004e-07, 1.23710350408e-07, 8.09899773913e-08, 1.77497966547e-07, 1.38672191952e-07, 1.14625230196e-07, 5.8767847122e-07, 5.00566628148e-08, 3.57615353996e-10, 3.66751897948e-12, 1.52230300848e-12, 5.15426893874e-13, 6.31863549943e-16, 4.6170607902e-18]
        max: [5.58805481887e-07, 0.000864225265104, 0.00469704624265, 0.00474908808246, 0.00952981878072, 0.00497059291229, 0.0115832192823, 0.00949330348521, 0.005119508598, 0.00272118765861, 0.00864995922893, 0.00165928469505, 0.00204133242369, 0.00227537332103, 0.00267096073367, 0.00242712791078, 0.00249434704892, 0.00238369219005, 0.00228093913756, 0.00636574160308, 0.00196655769832, 0.000139603362186, 1.12852239909e-05, 1.23070431073e-05, 6.62367028781e-06, 1.77653888045e-07, 4.38213874077e-08]
        mean: [1.7910071648e-08, 5.60136286367e-05, 0.000368910928955, 0.000279096799204, 0.000398294912884, 0.000261591456365, 0.000182093819603, 0.000168598766322, 0.000100600453152, 5.64539150218e-05, 4.36403533968e-05, 2.15117070184e-05, 1.82321637112e-05, 2.06145687116e-05, 2.30772857321e-05, 2.9011265724e-05, 3.37778983521e-05, 3.32534546033e-05, 2.28579028771e-05, 3.14621174766e-05, 9.00645045476e-06, 1.553223683e-06, 1.92644804997e-07, 8.16203566956e-08, 4.57214817118e-08, 1.96516380946e-09, 1.68008607027e-10]
        min: [1.15773467202e-10, 3.41897305134e-07, 1.17957029033e-07, 4.31399143963e-07, 4.21253935201e-06, 1.08794529297e-06, 6.14865257376e-07, 6.05130708209e-07, 3.562094264e-07, 3.6208038523e-07, 6.64947634732e-08, 9.37100637088e-08, 5.64281883442e-08, 5.66019906501e-08, 6.24943155003e-08, 3.22296216382e-08, 3.14640722365e-08, 3.805621418e-08, 6.40111963435e-08, 4.45959571493e-08, 1.35289717207e-08, 5.42916955837e-09, 1.08365738605e-09, 4.12793299542e-10, 2.75852285458e-10, 1.13291320769e-11, 6.02355113759e-15]
        var: [1.15782278225e-15, 8.64889493357e-09, 4.20588349925e-07, 3.06852342646e-07, 8.19698698251e-07, 3.26890187807e-07, 4.86462795379e-07, 5.61971148727e-07, 1.63230069461e-07, 5.11390254587e-08, 1.79712969839e-07, 1.07048148124e-08, 1.4589153885e-08, 1.84849060503e-08, 2.40986341993e-08, 3.32292344751e-08, 4.72107863914e-08, 3.78999516215e-08, 2.07590602486e-08, 1.10865080671e-07, 9.68875824015e-09, 1.05696576491e-10, 7.71739931075e-13, 3.93545737448e-13, 1.17765606295e-13, 1.35170258877e-16, 4.4739043639e-18]
    mfcc:
        mean: [-887.813598633, 199.040237427, -18.426656723, 47.6069602966, -17.4994831085, -5.33122348785, -0.177677899599, -5.13124132156, -4.04285860062, -2.80827355385, -2.95763874054, -5.65442562103, -3.64537096024]
        cov: [[5730.80224609, -494.770935059, -795.016235352, 85.655456543, -150.471176147, -239.854095459, -335.20425415, -109.099105835, -100.651603699, -121.9972229, -114.690238953, -21.3210887909, -28.9392433167], [-494.770935059, 948.566589355, 178.16583252, -37.3582191467, -18.7541389465, 46.2915344238, 66.5936508179, 4.46617078781, -23.1674957275, 12.6543207169, -8.50593757629, -39.3784637451, -62.6806983948], [-795.016235352, 178.16583252, 504.069915771, 30.8372268677, 56.2349853516, 64.9137420654, 85.6667938232, 27.6928749084, 7.00152921677, 6.31391191483, -2.39913868904, -18.2262001038, 0.834148824215], [85.655456543, -37.3582191467, 30.8372268677, 170.635040283, 59.5022354126, 30.4043121338, 19.6000919342, 29.5831699371, 20.1135540009, 11.9500646591, -1.1704955101, 4.28810691833, 7.45225143433], [-150.471176147, -18.7541389465, 56.2349853516, 59.5022354126, 115.90372467, 54.8444480896, 25.2401199341, 26.278968811, 24.3026332855, -0.970143198967, -1.66386115551, 7.44844484329, 13.3685035706], [-239.854095459, 46.2915344238, 64.9137420654, 30.4043121338, 54.8444480896, 102.724395752, 61.659740448, 19.4923801422, 18.1358795166, 5.16900777817, 7.40680551529, 5.03047609329, 8.35182094574], [-335.20425415, 66.5936508179, 85.6667938232, 19.6000919342, 25.2401199341, 61.659740448, 116.607032776, 43.3319320679, 11.836479187, 18.4422340393, 8.59484481812, -0.433311849833, 6.51568889618], [-109.099105835, 4.46617078781, 27.6928749084, 29.5831699371, 26.278968811, 19.4923801422, 43.3319320679, 64.3405380249, 24.6415271759, 13.1584348679, 9.13942050934, -2.87761330605, 5.22921848297], [-100.651603699, -23.1674957275, 7.00152921677, 20.1135540009, 24.3026332855, 18.1358795166, 11.836479187, 24.6415271759, 57.36378479, 16.8850975037, 4.16096258163, 6.70078468323, 7.421230793], [-121.9972229, 12.6543207169, 6.31391191483, 11.9500646591, -0.970143198967, 5.16900777817, 18.4422340393, 13.1584348679, 16.8850975037, 62.6935424805, 22.1980648041, 2.98985362053, -1.45088005066], [-114.690238953, -8.50593757629, -2.39913868904, -1.1704955101, -1.66386115551, 7.40680551529, 8.59484481812, 9.13942050934, 4.16096258163, 22.1980648041, 54.6195449829, 14.6773738861, 1.74215269089], [-21.3210887909, -39.3784637451, -18.2262001038, 4.28810691833, 7.44844484329, 5.03047609329, -0.433311849833, -2.87761330605, 6.70078468323, 2.98985362053, 14.6773738861, 45.3458633423, 17.8216724396], [-28.9392433167, -62.6806983948, 0.834148824215, 7.45225143433, 13.3685035706, 8.35182094574, 6.51568889618, 5.22921848297, 7.421230793, -1.45088005066, 1.74215269089, 17.8216724396, 53.0677185059]]
        icov: [[0.000286217225948, 5.76384845772e-05, 0.000346307613654, -0.000367711036233, 0.000242738096858, 2.61059558397e-05, 0.000492000195663, -0.000187920042663, 0.00036465874291, 0.000222866699914, 0.000436290778453, 6.67503481964e-05, 8.15648163552e-05], [5.76384845772e-05, 0.00133427407127, -0.000304903864162, 0.000224054630962, 0.000401687255362, -0.000632751383819, -0.00024869653862, -8.88436698006e-05, 0.000559292791877, -0.000303225795506, 0.000433504814282, 0.000275117781712, 0.00142528605647], [0.000346307613654, -0.000304903864162, 0.00293295248412, -0.000561038556043, -0.000723432283849, 1.77949277713e-05, -0.00098406849429, 0.000328768219333, 0.000432265893323, 0.000450985127827, 0.000348978297552, 0.00118008011486, -0.000326611945638], [-0.000367711036233, 0.000224054630962, -0.000561038556043, 0.00806856434792, -0.00346849206835, -0.000681006989907, 6.54094474157e-05, -0.00224079866894, -0.000111102279334, -0.0019850784447, 0.000749564322177, -0.000675155199133, 0.000296983111184], [0.000242738096858, 0.000401687255362, -0.000723432283849, -0.00346849206835, 0.0154379922897, -0.00753487134352, 0.00357686891221, -0.00416900636628, -0.00151193654165, 0.00154883309733, 0.00204191636294, -0.0016174770426, -0.000896353507414], [2.61059558397e-05, -0.000632751383819, 1.77949277713e-05, -0.000681006989907, -0.00753487134352, 0.0203260704875, -0.0105116833001, 0.00597972422838, -0.00410323077813, 0.00256360531785, -0.00324487569742, 0.000547270057723, -0.000670529669151], [0.000492000195663, -0.00024869653862, -0.00098406849429, 6.54094474157e-05, 0.00357686891221, -0.0105116833001, 0.0200107432902, -0.0120173441246, 0.00484538404271, -0.00362013536505, 0.00286129349843, -0.00141562544741, -0.000933753733989], [-0.000187920042663, -8.88436698006e-05, 0.000328768219333, -0.00224079866894, -0.00416900636628, 0.00597972422838, -0.0120173441246, 0.0288741625845, -0.0101463561878, 0.0013706338359, -0.00559012126178, 0.00569876842201, -0.00143239984754], [0.00036465874291, 0.000559292791877, 0.000432265893323, -0.000111102279334, -0.00151193654165, -0.00410323077813, 0.00484538404271, -0.0101463561878, 0.0256968643516, -0.00658401008695, 0.00399989681318, -0.00354788382538, -0.000413598143496], [0.000222866699914, -0.000303225795506, 0.000450985127827, -0.0019850784447, 0.00154883309733, 0.00256360531785, -0.00362013536505, 0.0013706338359, -0.00658401008695, 0.0220957230777, -0.00851917546242, 0.00168760621455, 0.000788609846495], [0.000436290778453, 0.000433504814282, 0.000348978297552, 0.000749564322177, 0.00204191636294, -0.00324487569742, 0.00286129349843, -0.00559012126178, 0.00399989681318, -0.00851917546242, 0.0257863178849, -0.00888433866203, 0.00217983359471], [6.67503481964e-05, 0.000275117781712, 0.00118008011486, -0.000675155199133, -0.0016174770426, 0.000547270057723, -0.00141562544741, 0.00569876842201, -0.00354788382538, 0.00168760621455, -0.00888433866203, 0.0302175804973, -0.00894276611507], [8.15648163552e-05, 0.00142528605647, -0.000326611945638, 0.000296983111184, -0.000896353507414, -0.000670529669151, -0.000933753733989, -0.00143239984754, -0.000413598143496, 0.000788609846495, 0.00217983359471, -0.00894276611507, 0.0241334289312]]
    spectral_contrast:
        mean: [-2.94934693557e-07, -8.73623875464e-08, 3.63813569493e-07, 2.15261138692e-07, -3.5959340039e-07, 1.0226354874e-07, 1.33382718559e-06, -1.82203086752e-06, 8.24761968943e-07, 7.68206859902e-07, 8.74109048254e-07, -1.39253086218e-06]
        var: [0.000267386378255, 0.000315894867526, 0.00114445085637, 0.00128662958741, 0.00223137508146, 0.00436146417633, 0.0540832728148, 0.101518951356, 0.154433339834, 0.255656898022, 0.482163071632, 2.70431089401]

rhythm:
    beats_loudness:
        dmean: 0.00129871303216
        dmean2: 0.00209731096402
        dvar: 1.6191411305e-06
        dvar2: 4.34517369285e-06
        max: 0.00498294038698
        mean: 0.00126894493587
        min: 8.23669615784e-05
        var: 1.67507016613e-06
    beats_loudness_bass:
        dmean: 0.245407000184
        dmean2: 0.405930489302
        dvar: 0.0349770896137
        dvar2: 0.0912269204855
        max: 0.937308430672
        mean: 0.465452581644
        min: 0.0717965438962
        var: 0.0549219101667
    bpm: 109.849723816
    bpm_confidence: 0
    first_peak_bpm: 110
    first_peak_spread: 0
    first_peak_weight: 0.555555582047
    onset_rate: 6.77897119522
    second_peak_bpm: 124
    second_peak_spread: 0
    second_peak_weight: 0.388888895512
    beats_position: [0.120148234069, 0.66635710001, 1.2125660181, 1.7587749958, 2.30498385429, 2.85119271278, 3.39740133286, 3.94361042976, 4.48981904984, 5.03602790833, 5.58223676682, 6.08802366257, 6.57358264923, 7.05914258957, 7.54470157623, 8.03026103973, 8.51582050323, 9.00137996674, 9.48693943024]
    bpm_estimates: [109.507720947, 109.834259033, 109.885848999, 110.074462891, 110.215393066, 109.900382996, 108.951011658, 110.428703308]
    bpm_intervals: [0.54620885849, 0.546208918095, 0.546208977699, 0.54620885849, 0.54620885849, 0.546208620071, 0.546209096909, 0.546208620071, 0.54620885849, 0.54620885849, 0.505786895752, 0.485558986664, 0.485559940338, 0.485558986664, 0.485559463501, 0.485559463501, 0.485559463501, 0.485559463501]
    onset_times: [0.104489795864, 0.336689352989, 0.777868509293, 0.893968224525, 1.20743763447, 1.32353746891, 1.64861679077, 1.75310659409, 2.06657600403, 2.17106580734, 2.31038546562, 2.43809533119, 2.54258513451, 2.65868473053, 2.82122445107, 2.92571425438, 3.04181408882, 3.16952371597, 3.25079369545, 3.36689352989, 3.45977330208, 3.58748292923, 3.85451245308, 3.90095233917, 4.00544214249, 4.13315200806, 4.33052158356, 4.40018129349, 4.45823144913, 4.56272125244, 4.67882108688, 4.86458063126, 4.95746040344, 5.28253984451, 5.44507932663, 5.59600925446, 5.67727899551, 5.7701587677, 5.89786863327, 6.03718805313, 6.08362817764, 6.11845827103, 6.22294807434, 6.35065746307, 6.5596370697, 6.66412687302, 6.78022670746, 6.96598625183, 7.0936961174, 7.2330160141, 7.4303855896, 7.51165533066, 7.55809545517, 7.81351470947, 7.99927425385, 8.19664382935, 8.28952407837, 8.54494285583, 8.63782310486, 8.77714252472, 8.90485286713, 9.0906124115, 9.21832180023, 9.33442211151, 9.53179168701, 9.65950107574, 9.75238132477, 9.9613609314]
    rubato_start: [6.57358264923]
    rubato_stop: [9.48693943024]
    perceptual_tempo: "unknown"

sfx:
    inharmonicity:
        dmean: 0.0147687923163
        dmean2: 0.0266822669655
        dvar: 0.000708341132849
        dvar2: 0.00193222926464
        max: 0.22327876091
        mean: 0.0109140546992
        min: 1.99709702429e-05
        var: 0.000520788831636
    oddtoevenharmonicenergyratio:
        dmean: 2.1889231205
        dmean2: 4.29735422134
        dvar: 124.008811951
        dvar2: 371.482543945
        max: 125.846168518
        mean: 1.1784080267
        min: 1.84639575309e-05
        var: 63.6077003479
    pitch_after_max_to_before_max_energy_ratio: 0.134702816606
    pitch_centroid: 244.622375488
    pitch_max_to_total: 0.990697681904
    pitch_min_to_total: 0.744186043739
    tristimulus:
        dmean: [0.22190566361, 0.218208387494, 0.0421269014478]
        dmean2: [0.380983799696, 0.372817456722, 0.0743749588728]
        dvar: [0.0322449989617, 0.0312164518982, 0.00244881282561]
        dvar2: [0.0805914476514, 0.0847936049104, 0.00630985246971]
        max: [0.982906222343, 0.927721202374, 0.397993981838]
        mean: [0.691774606705, 0.257001578808, 0.0392440967262]
        min: [0.03718226403, 0, 0]
        var: [0.0495667085052, 0.0432713963091, 0.00243660551496]

tonal:
    chords_changes_rate: 0.236111104488
    chords_number_rate: 0.037037037313
    chords_strength:
        dmean: 0.0161758381873
        dmean2: 0.0247522909194
        dvar: 0.000165697536431
        dvar2: 0.000407301704399
        max: 0.452284276485
        mean: 0.345745682716
        min: 0.233233988285
        var: 0.00273309811018
    key_strength: 0.253538012505
    tuning_diatonic_strength: 0.34661641717
    tuning_equal_tempered_deviation: 0.275966078043
    tuning_frequency: 435.700531006
    tuning_nontempered_energy_ratio: 0.911280691624
    hpcp:
        dmean: [0.273336291313, 0.277444005013, 0.263102948666, 0.26612958312, 0.282304674387, 0.295678734779, 0.258668720722, 0.268288940191, 0.267961800098, 0.285132974386, 0.289146751165, 0.249504834414, 0.258095622063, 0.281528145075, 0.232786282897, 0.227732211351, 0.267662554979, 0.283037394285, 0.210555508733, 0.194522202015, 0.228975862265, 0.203081727028, 0.190167844296, 0.206516101956, 0.186430677772, 0.186099231243, 0.178060889244, 0.167135000229, 0.178676873446, 0.213631913066, 0.21566914022, 0.185836613178, 0.198576390743, 0.216601938009, 0.207223087549, 0.226918950677]
        dmean2: [0.504552960396, 0.507613122463, 0.472182571888, 0.476450204849, 0.506876647472, 0.536756277084, 0.462089180946, 0.474326938391, 0.47744473815, 0.512264311314, 0.529532432556, 0.462126374245, 0.456950962543, 0.511643588543, 0.429691910744, 0.421449631453, 0.469648778439, 0.513475954533, 0.364186733961, 0.337274640799, 0.403494954109, 0.361657679081, 0.350653618574, 0.374138593674, 0.333196550608, 0.344585925341, 0.333712428808, 0.30699545145, 0.336181849241, 0.387772887945, 0.390143275261, 0.34393042326, 0.356203466654, 0.379258900881, 0.364606380463, 0.408957153559]
        dvar: [0.0780854076147, 0.0814715027809, 0.0615055710077, 0.0728986039758, 0.0829826369882, 0.0794495418668, 0.0586566738784, 0.072783626616, 0.0761451348662, 0.0794832333922, 0.0875637531281, 0.0650919526815, 0.0743294507265, 0.0832307711244, 0.0571761243045, 0.053427875042, 0.0632795989513, 0.0851323530078, 0.0429438054562, 0.0409367233515, 0.0510098934174, 0.0449005626142, 0.040934368968, 0.0505354441702, 0.040497366339, 0.0437726415694, 0.0397381149232, 0.0361219607294, 0.044501427561, 0.0648833215237, 0.0578462518752, 0.0500322654843, 0.0503915660083, 0.0484449341893, 0.0528190881014, 0.0650524422526]
        dvar2: [0.206504255533, 0.241096839309, 0.170740187168, 0.179184630513, 0.212755203247, 0.217810750008, 0.161837786436, 0.197255387902, 0.194894179702, 0.203723236918, 0.243460997939, 0.184446915984, 0.193893536925, 0.223630517721, 0.156178593636, 0.14376206696, 0.173779979348, 0.217987686396, 0.115678936243, 0.101164609194, 0.128766909242, 0.11870777607, 0.105829790235, 0.140770494938, 0.114503212273, 0.132500261068, 0.115881413221, 0.111596666276, 0.140986546874, 0.20201048255, 0.157508090138, 0.127962350845, 0.133465155959, 0.122490257025, 0.13460932672, 0.163723289967]
        max: [1, 1, 1, 1, 1, 1, 1, 1, 1, 1, 1, 1, 1, 1, 1, 1, 1, 1, 0.989811003208, 1, 1, 1, 1, 1, 0.999285757542, 1, 1, 1, 1, 1, 1, 1, 1, 1, 1, 1]
        mean: [0.208426445723, 0.222114056349, 0.226087346673, 0.243473351002, 0.262209445238, 0.252633243799, 0.232978403568, 0.241573899984, 0.253214776516, 0.254477083683, 0.228738188744, 0.198648571968, 0.228820040822, 0.241831243038, 0.198724642396, 0.18633043766, 0.231613695621, 0.251239746809, 0.19849036634, 0.180706769228, 0.198538377881, 0.170947819948, 0.15534876287, 0.168290123343, 0.163480356336, 0.153085693717, 0.147015705705, 0.136767178774, 0.142479985952, 0.168614864349, 0.176059439778, 0.159686028957, 0.167690336704, 0.180275514722, 0.172767043114, 0.181987628341]
        min: [0.00109012937173, 0.000890903640538, 0.00233798171394, 0.00206870818511, 0.00104847701732, 0.0016740077408, 0.000928793335333, 0.00102811760735, 0.00213091121987, 0.00118096393999, 0.00138838437852, 0.00247962516733, 0.000622728955932, 0.00216953759082, 0.00058990373509, 0.000392776535591, 0.000566100061405, 0.00109326338861, 0.000209072808502, 0.000327307381667, 0.00108134676702, 0.000501790549606, 0.00100875948556, 0.000873930810485, 0.000509210862219, 0.00122237112373, 0.000684065977111, 0.000987169099972, 0.000969546206761, 0.000511963269673, 0.000405529281124, 0.000867676746566, 0.000690745539032, 0.00160162511747, 0.0016598716611, 0.00115970615298]
        var: [0.0689631849527, 0.0712445378304, 0.0658169165254, 0.0812671259046, 0.0888520255685, 0.0840605795383, 0.0658689439297, 0.0741905868053, 0.0831863358617, 0.0869886875153, 0.0769324973226, 0.0592518560588, 0.0751845985651, 0.0810572952032, 0.0518244095147, 0.0515272766352, 0.0703243389726, 0.0900176167488, 0.0514583289623, 0.0501102432609, 0.0596723109484, 0.0460005737841, 0.0393484793603, 0.0457847155631, 0.0401248261333, 0.0374148897827, 0.0345804989338, 0.0309835337102, 0.0365394800901, 0.0547581017017, 0.0538008697331, 0.0454678833485, 0.050295304507, 0.0529813542962, 0.0536336638033, 0.0615287236869]
    chords_histogram: [0, 0, 0, 0, 4.62962961197, 2.77777767181, 8.79629611969, 0, 23.6111106873, 9.25925922394, 0, 0, 0, 0.925925910473, 0, 0, 0, 0, 0, 0.462962955236, 0, 5.09259271622, 27.7777786255, 16.6666660309]
    thpcp: [1, 0.963478803635, 0.888520240784, 0.921301305294, 0.965696632862, 0.970510721207, 0.872349143028, 0.757595002651, 0.872661292553, 0.922282755375, 0.757885158062, 0.710616827011, 0.883315622807, 0.958164393902, 0.756991684437, 0.689169585705, 0.757174789906, 0.651951432228, 0.59246057272, 0.641815662384, 0.623472392559, 0.583829820156, 0.560680449009, 0.521595180035, 0.54338234663, 0.643054127693, 0.671445846558, 0.609001815319, 0.639528214931, 0.687524855137, 0.658889472485, 0.694054424763, 0.794885337353, 0.847086429596, 0.862239539623, 0.928545296192]
    chords_key: "G#"
    chords_scale: "major"
    key_key: "D#"
    key_scale: "major"
    chords_progression: ["G", "G", "G", "G", "G", "G", "G", "G", "G", "F", "G", "G", "G", "G", "G", "G", "G", "G", "G", "G", "G", "G", "Bm", "Bm", "G", "G", "G", "G#", "G#", "G#", "F", "G#", "G#", "G#", "G#", "G#", "G#", "G#", "G#", "G#", "G#", "G#", "G#", "G#", "G#", "G#", "G", "G", "G", "G", "G#", "G#", "G#", "G", "Cm", "Cm", "G#", "G#", "G#", "G#", "G#", "Am", "Am", "Am", "A#m", "Am", "G#", "Am", "G#", "G#", "G#", "G#", "G#", "G", "G", "G", "G", "G", "G", "G", "G#", "G", "G#", "G#", "G", "G", "G#", "G#", "G#", "G#", "G#", "G#", "G#", "G#", "G#", "G#", "G#", "G", "G", "G", "G", "G", "G", "G", "G", "G", "G#", "G#", "Cm", "Cm", "Cm", "Cm", "Cm", "Cm", "Cm", "Cm", "Cm", "Cm", "Cm", "Cm", "Cm", "Cm", "Cm", "Cm", "Cm", "Cm", "Cm", "Cm", "F", "F", "F", "Cm", "Cm", "Cm", "Cm", "Cm", "F", "F", "F", "Cm", "Cm", "Fm", "Fm", "F", "F", "Fm", "Fm", "Fm", "Fm", "Fm", "Fm", "Fm", "Fm", "Fm", "G", "G", "G", "Cm", "C", "C", "C", "C", "C", "C", "C", "C", "C", "C", "C", "C", "C", "C", "C", "Am", "C", "C", "C", "G#", "C", "G#", "G#", "G#", "G#", "G#", "G#", "Cm", "Cm", "Cm", "Cm", "Cm", "Cm", "Bm", "Bm", "Bm", "Bm", "Bm", "G#", "G#", "G#", "G#", "Bm", "Bm", "Bm", "Bm", "G#", "C#m", "Bm", "Bm", "Bm", "Bm", "C#m", "Bm", "Bm", "Bm", "Bm", "Bm"]
