
metadata:
    version:
        essentia: "1.2.2"
    audio_properties:
        analysis_sample_rate: 44100
        bitrate: 128
        channels: 2
        equal_loudness: 1
        length: 5.01551008224
        replay_gain: 17.8156337738
        downmix: "left"
    tags:
        track: 16
        year: 0
        album: "Splitted by Mp3Splt v. 2.1"
        artist: "From 002.30 To 002.40"
        comment: "http://mp3splt.sf.net"
        genre: ""
        title: "12 Reunion.mp3"

highlevel:
    ballroom:
        all:
            ChaChaCha: 5.05732459715e-05
            Jive: 3.80407691409e-05
            Quickstep: 0.000135451220558
            Rumba-American: 0.000201165283215
            Rumba-International: 0.00563005171716
            Rumba-Misc: 0.021187691018
            Samba: 4.31388180004e-05
            Tango: 0.00258745555766
            VienneseWaltz: 0.00652077049017
            Waltz: 0.963605642319
        probability: 0.963605642319
        value: "Waltz"
    culture:
        all:
            non_western: 0.944656610489
            western: 0.0553433746099
        probability: 0.944656610489
        value: "non_western"
    gender:
        all:
            female: 0.725758492947
            male: 0.274241507053
        probability: 0.725758492947
        value: "female"
    genre_dortmund:
        all:
            alternative: 0.136480897665
            blues: 0.00026474162587
            electronic: 0.79852026701
            folkcountry: 0.0167251769453
            funksoulrnb: 0.000700132164638
            jazz: 0.0127602210268
            pop: 0.0199803374708
            raphiphop: 0.000178911039256
            rock: 0.0143893025815
        probability: 0.79852026701
        value: "electronic"
    genre_electronica:
        all:
            ambient: 0.998444497585
            dnb: 5.73733559577e-05
            house: 0.000680525787175
            techno: 0.000507203803863
            trance: 0.000310393894324
        probability: 0.998444497585
        value: "ambient"
    genre_rosamerica:
        all:
            cla: 0.857295691967
            dan: 0.00623069982976
            hip: 0.00360995181836
            jaz: 0.0837258026004
            pop: 0.0059859729372
            rhy: 0.0116487545893
            roc: 0.0292034335434
            spe: 0.00229966430925
        probability: 0.857295691967
        value: "cla"
    genre_tzanetakis:
        all:
            blu: 0.0736020058393
            cla: 0.690621733665
            cou: 0.0186028070748
            dis: 0.0191028304398
            hip: 0.0185145288706
            jaz: 0.0704140663147
            met: 0.0176344905049
            pop: 0.0238182600588
            reg: 0.0424424894154
            roc: 0.0252467729151
        probability: 0.690621733665
        value: "cla"
    live_studio:
        all:
            live: 0.280954569578
            studio: 0.71904540062
        probability: 0.71904540062
        value: "studio"
    mood:
        all:
            Cluster1: 0.138801172376
            Cluster2: 0.0291472952813
            Cluster3: 0.797639787197
            Cluster4: 0.0164596512914
            Cluster5: 0.017952112481
        probability: 0.797639787197
        value: "Cluster3"
    mood_acoustic:
        all:
            acoustic: 0.301188349724
            not_acoustic: 0.698811650276
        probability: 0.698811650276
        value: "not_acoustic"
    mood_aggressive:
        all:
            aggressive: 2.34398839893e-07
            not_aggressive: 0.999999761581
        probability: 0.999999761581
        value: "not_aggressive"
    mood_electronic:
        all:
            electronic: 0.581775963306
            not_electronic: 0.418224036694
        probability: 0.581775963306
        value: "electronic"
    mood_happy:
        all:
            happy: 0.0281389392912
            not_happy: 0.971861064434
        probability: 0.971861064434
        value: "not_happy"
    mood_party:
        all:
            not_party: 0.995567381382
            party: 0.00443262374029
        probability: 0.995567381382
        value: "not_party"
    mood_relaxed:
        all:
            not_relaxed: 0.0832890123129
            relaxed: 0.916710972786
        probability: 0.916710972786
        value: "relaxed"
    mood_sad:
        all:
            not_sad: 0.0370517782867
            sad: 0.962948203087
        probability: 0.962948203087
        value: "sad"
    rhythm:
        all:
            fast: 0.0141682801768
            medium: 0.241484850645
            slow: 0.744346857071
        probability: 0.744346857071
        value: "slow"
    speech_music:
        all:
            music: 0.80368244648
            speech: 0.196317523718
        probability: 0.80368244648
        value: "music"
    timbre:
        all:
            bright: 0.114214174449
            dark: 0.8857858181
        probability: 0.8857858181
        value: "dark"
    voice_instrumental:
        all:
            instrumental: 0.999981999397
            voice: 1.79768885573e-05
        probability: 0.999981999397
        value: "instrumental"

lowlevel:
    average_loudness: 0.061139639467
    barkbands_kurtosis:
        dmean: 4.3855214119
        dmean2: 8.30183124542
        dvar: 17.9165096283
        dvar2: 63.1518630981
        max: 51.2404174805
        mean: 13.2465906143
        min: 3.51322698593
        var: 112.569221497
    barkbands_skewness:
        dmean: 0.276150524616
        dmean2: 0.515475749969
        dvar: 0.088667139411
        dvar2: 0.283993989229
        max: 4.6499786377
        mean: 0.418180942535
        min: -0.608964323997
        var: 1.68615210056
    barkbands_spread:
        dmean: 0.220109403133
        dmean2: 0.410737425089
        dvar: 0.0459633804858
        dvar2: 0.117118813097
        max: 4.8171005249
        mean: 1.42432510853
        min: 0.782470941544
        var: 0.354209899902
    dissonance:
        dmean: 0.0403732694685
        dmean2: 0.0650478973985
        dvar: 0.00123355234973
        dvar2: 0.00260453810915
        max: 0.407647997141
        mean: 0.234227627516
        min: 0.106234095991
        var: 0.00509034935385
    hfc:
        dmean: 0.0518238060176
        dmean2: 0.0516743920743
        dvar: 0.034209407866
        dvar2: 0.0245751757175
        max: 3.02073359489
        mean: 0.597728013992
        min: 0.00114340137225
        var: 0.648554801941
    pitch:
        dmean: 21.7627353668
        dmean2: 41.8358688354
        dvar: 3229.7487793
        dvar2: 9751.14453125
        max: 370.588226318
        mean: 143.082336426
        min: 97.7827072144
        var: 6652.23925781
    pitch_instantaneous_confidence:
        dmean: 0.0206427965313
        dmean2: 0.0346832089126
        dvar: 0.000596871890593
        dvar2: 0.000829311204143
        max: 0.830562114716
        mean: 0.654374778271
        min: 0.337158858776
        var: 0.00276836031117
    pitch_salience:
        dmean: 0.0230433959514
        dmean2: 0.0390898436308
        dvar: 0.000530687742867
        dvar2: 0.00135202822275
        max: 0.753949999809
        mean: 0.597881555557
        min: 0.296980649233
        var: 0.00801135599613
    silence_rate_20dB:
        dmean: 0
        dmean2: 0
        dvar: 0
        dvar2: 0
        max: 1
        mean: 1
        min: 1
        var: 0
    silence_rate_30dB:
        dmean: 0
        dmean2: 0
        dvar: 0
        dvar2: 0
        max: 1
        mean: 1
        min: 1
        var: 0
    silence_rate_60dB:
        dmean: 0.0227272734046
        dmean2: 0.0457142852247
        dvar: 0.0222106557339
        dvar2: 0.0550528243184
        max: 1
        mean: 0.824858784676
        min: 0
        var: 0.144466400146
    spectral_centroid:
        dmean: 8.44899177551
        dmean2: 15.8027381897
        dvar: 42.5519371033
        dvar2: 128.413955688
        max: 337.309936523
        mean: 292.049530029
        min: 258.483062744
        var: 179.168045044
    spectral_complexity:
        dmean: 0.360902249813
        dmean2: 0.651515126228
        dvar: 0.335914641619
        dvar2: 0.666436493397
        max: 6
        mean: 2.97761201859
        min: 0
        var: 4.08158874512
    spectral_crest:
        dmean: 0.752908170223
        dmean2: 1.40090990067
        dvar: 0.379841178656
        dvar2: 1.04764664173
        max: 15.541179657
        mean: 12.5799016953
        min: 10.4828052521
        var: 0.816609144211
    spectral_decrease:
        dmean: 4.59429161381e-11
        dmean2: 5.45326318824e-11
        dvar: 2.48366875812e-20
        dvar2: 2.19799256317e-20
        max: -9.18569365536e-13
        mean: -5.11724107533e-10
        min: -2.52993737071e-09
        var: 4.65262056095e-19
    spectral_energy:
        dmean: 0.000177970272489
        dmean2: 0.000210150858038
        dvar: 3.73886450689e-07
        dvar2: 3.28899687929e-07
        max: 0.00982253625989
        mean: 0.00198557740077
        min: 3.5706007111e-06
        var: 7.0088517532e-06
    spectral_energyband_high:
        dmean: 1.93443003838e-08
        dmean2: 3.04069516233e-08
        dvar: 4.07417077217e-16
        dvar2: 8.83788247935e-16
        max: 2.41108949695e-07
        mean: 9.37346413821e-08
        min: 2.34216068762e-09
        var: 3.41029398257e-15
    spectral_energyband_low:
        dmean: 5.29157223355e-05
        dmean2: 0.000102187696029
        dvar: 5.63882052163e-09
        dvar2: 1.96109510853e-08
        max: 0.000580733409151
        mean: 0.000102911319118
        min: 3.42200650039e-07
        var: 1.39937039734e-08
    spectral_energyband_middle_high:
        dmean: 3.19233208756e-07
        dmean2: 3.23516076151e-07
        dvar: 1.38584434727e-12
        dvar2: 1.41639130979e-12
        max: 1.84126947715e-05
        mean: 3.0997059639e-06
        min: 3.63841721196e-08
        var: 1.68370300341e-11
    spectral_energyband_middle_low:
        dmean: 0.000157551505254
        dmean2: 0.000148678169353
        dvar: 3.45934410007e-07
        dvar2: 2.84070949874e-07
        max: 0.0095443027094
        mean: 0.00187947682571
        min: 3.01455611407e-06
        var: 6.45230284135e-06
    spectral_flatness_db:
        dmean: 0.00930357538164
        dmean2: 0.0151816857979
        dvar: 6.83521502651e-05
        dvar2: 0.00012217053154
        max: 0.48967179656
        mean: 0.422366291285
        min: 0.251115471125
        var: 0.00238358136266
    spectral_flux:
        dmean: 0.00167383125518
        dmean2: 0.00242474977858
        dvar: 3.25748842442e-05
        dvar2: 4.80708295072e-05
        max: 0.0594986267388
        mean: 0.00531016243622
        min: 0.000307054666337
        var: 4.43570243078e-05
    spectral_kurtosis:
        dmean: 10.736123085
        dmean2: 19.197145462
        dvar: 104.026451111
        dvar2: 315.623535156
        max: 119.409431458
        mean: 56.8138084412
        min: 5.86586666107
        var: 751.400817871
    spectral_rms:
        dmean: 5.59594227525e-05
        dmean2: 6.36738623143e-05
        dvar: 3.32487211097e-08
        dvar2: 1.4497593348e-08
        max: 0.00309563591145
        mean: 0.0010957531631
        min: 5.90212912357e-05
        var: 7.36476010843e-07
    spectral_rolloff:
        dmean: 0.809518933296
        dmean2: 1.46817290783
        dvar: 23.7488250732
        dvar2: 43.5098571777
        max: 409.130859375
        mean: 363.654083252
        min: 301.46484375
        var: 1444.05053711
    spectral_skewness:
        dmean: 0.56097048521
        dmean2: 1.00827515125
        dvar: 0.203992024064
        dvar2: 0.621505439281
        max: 9.56591320038
        mean: 6.26074886322
        min: 2.11900138855
        var: 3.06302976608
    spectral_spread:
        dmean: 321506.65625
        dmean2: 575266.0625
        dvar: 68861083648
        dvar2: 187455700992
        max: 5958324.5
        mean: 1995582
        min: 804083.6875
        var: 1.28094398054e+12
    spectral_strongpeak:
        dmean: 0.0131835350767
        dmean2: 0.00663248449564
        dvar: 0.00234633823857
        dvar2: 0.000841126660816
        max: 0.852775037289
        mean: 0.306427955627
        min: 0.0123229343444
        var: 0.0560102388263
    zerocrossingrate:
        dmean: 0.000675516901538
        dmean2: 0.000965465209447
        dvar: 1.19647245356e-06
        dvar2: 2.61345439867e-06
        max: 0.0234375
        mean: 0.0141382925212
        min: 0.0126953125
        var: 2.52248833021e-06
    barkbands:
        dmean: [1.62884106203e-09, 6.1709693e-06, 4.74908447359e-05, 2.64292375505e-05, 4.810090104e-05, 9.27180371946e-05, 2.25564708671e-05, 3.48944854522e-06, 7.73899444084e-07, 6.15628948708e-07, 3.59900269586e-08, 5.55212587017e-09, 1.73093228639e-09, 3.58109586429e-09, 4.47221637501e-09, 2.76671419108e-09, 6.51885256886e-09, 1.27217605339e-08, 1.53170471862e-08, 1.71831864293e-08, 1.22992762641e-08, 4.6816808208e-09, 1.44816625358e-09, 7.56950779834e-10, 7.93334453686e-10, 8.2601911422e-11, 8.62500140753e-11]
        dmean2: [2.82690981734e-09, 1.11943109005e-05, 9.27187938942e-05, 3.47708701156e-05, 4.53734246548e-05, 0.000104882492451, 1.66398549482e-05, 3.69131521438e-06, 9.31632257561e-07, 6.15618318989e-07, 4.15433589751e-08, 8.1770874516e-09, 2.80549694587e-09, 6.11243500259e-09, 7.02164060229e-09, 4.91096718847e-09, 1.10622133676e-08, 2.02612948641e-08, 2.61344350605e-08, 2.81751386666e-08, 2.12042809977e-08, 8.0002031666e-09, 2.45028242141e-09, 1.23553844933e-09, 1.39137368294e-09, 1.5680098886e-10, 1.64229879696e-10]
        dvar: [1.27485621946e-17, 9.62286222927e-11, 4.80563899785e-09, 2.2747670414e-09, 4.52295481068e-08, 9.37760447073e-08, 3.03022051895e-09, 1.0004382045e-10, 4.78055182246e-12, 5.69159910174e-12, 7.95494804062e-15, 1.02704194075e-16, 4.20028707933e-18, 2.43912848262e-17, 6.90275405207e-17, 6.30310179199e-18, 4.74347251664e-17, 1.91542842615e-16, 2.56388588093e-16, 2.53750980435e-16, 1.66018854709e-16, 2.53942810236e-17, 2.29097390019e-18, 9.47999853593e-19, 1.39719728671e-18, 1.95244868354e-20, 2.01000882194e-20]
        dvar2: [3.71399231214e-17, 1.99685615265e-10, 1.68741127737e-08, 2.98366353846e-09, 6.23630143082e-08, 6.68225084155e-08, 1.0035825504e-09, 1.33448210815e-10, 8.54918132814e-12, 6.75944803602e-12, 8.07436020443e-15, 1.87588760469e-16, 1.15328316873e-17, 5.27550119e-17, 1.45486140792e-16, 1.63589177095e-17, 1.37597140619e-16, 4.5287447676e-16, 7.51703835964e-16, 7.36177616162e-16, 4.65953671318e-16, 7.23642812326e-17, 6.23280632918e-18, 1.88434059645e-18, 4.15262534603e-18, 6.18400161321e-20, 6.90360027852e-20]
        max: [2.88421695416e-08, 0.000132590619614, 0.000448138336651, 0.000553583260626, 0.0030945118051, 0.00501435576007, 0.000927432498429, 0.000108705746243, 2.16799599002e-05, 3.55855263479e-05, 1.32554089305e-06, 1.21200642411e-07, 1.92668192511e-08, 6.2460209449e-08, 8.43443572762e-08, 2.05433288158e-08, 5.83103201279e-08, 1.51627190803e-07, 1.40519063052e-07, 1.69245225834e-07, 1.14792342742e-07, 5.04818906677e-08, 1.5573315082e-08, 1.1562900859e-08, 1.12717133405e-08, 8.35477242944e-10, 6.87298828961e-10]
        mean: [1.46055256778e-09, 3.59558289347e-05, 6.69545843266e-05, 7.8805765952e-05, 0.000648882763926, 0.000975990376901, 0.000142463090015, 2.69980937446e-05, 2.89052150038e-06, 6.16195347902e-06, 2.08228783549e-07, 2.10649364618e-08, 4.23255341886e-09, 9.25146359521e-09, 1.09213527111e-08, 7.11204606318e-09, 1.56946455832e-08, 4.2575617698e-08, 4.2212928264e-08, 5.19236209584e-08, 3.80188858173e-08, 1.58076947088e-08, 5.18064879884e-09, 3.20362358863e-09, 2.32548580392e-09, 9.16344986002e-11, 6.24450352538e-11]
        min: [4.01126527827e-12, 1.51364972112e-07, 1.69293315366e-07, 1.69822868656e-07, 1.19119317787e-06, 1.56089288339e-06, 1.85447959211e-08, 2.70893796284e-08, 5.36481836733e-09, 3.52752449473e-09, 5.56193702206e-10, 3.52328693998e-10, 2.00098090875e-10, 4.53267312572e-10, 4.12295669827e-10, 2.24552043626e-10, 2.47668774378e-10, 9.58891299696e-10, 1.41264455689e-09, 1.32577082645e-09, 6.16005413345e-10, 5.5419813183e-10, 1.43828976507e-10, 1.07750766642e-10, 1.08627384865e-10, 1.95451172608e-11, 8.48221774936e-13]
        var: [1.04011634097e-17, 1.41608003101e-09, 7.127870294e-09, 1.07129451976e-08, 7.73661895437e-07, 1.78051936928e-06, 4.48356658467e-08, 9.1913304745e-10, 2.20209909335e-11, 6.99922689251e-11, 8.8247517746e-14, 9.600028961e-16, 1.85810044219e-17, 1.52132675981e-16, 1.92097993303e-16, 1.96904802708e-17, 1.2525084132e-16, 1.16580585602e-15, 7.33836946491e-16, 1.13386498473e-15, 5.94682032872e-16, 1.08292527032e-16, 1.1184408324e-17, 1.09847624929e-17, 8.61324146697e-18, 1.91829921049e-20, 1.54773877506e-20]
    mfcc:
        mean: [-1054.45495605, 214.806045532, 75.0560684204, 84.3442001343, -28.6008777618, -29.8372650146, -20.8733558655, -10.1071138382, -4.33743619919, -6.93272066116, -9.09830856323, -13.8465070724, -9.30449962616]
        cov: [[4638.76513672, 1579.72131348, 1173.1763916, -651.750061035, -439.152770996, -610.244567871, 66.1363067627, -62.3705215454, 47.1682815552, -32.7241516113, -92.4426193237, -41.8186721802, -79.4074478149], [1579.72131348, 672.068786621, 452.43170166, -202.920196533, -207.298721313, -236.275817871, -15.4460048676, -9.04521942139, 35.2951965332, 12.9092140198, -39.0650978088, -24.2915859222, -28.7949695587], [1173.1763916, 452.43170166, 371.938232422, -147.659683228, -148.135772705, -183.847702026, 1.30780804157, -1.39020621777, 23.6899490356, 10.6415643692, -32.417755127, -9.59813213348, -24.2213096619], [-651.750061035, -202.920196533, -147.659683228, 159.483428955, 33.9436416626, 80.4433364868, -41.3380203247, 27.7642974854, 5.07862138748, 23.9584884644, 1.15476644039, 8.36920261383, 13.2271118164], [-439.152770996, -207.298721313, -148.135772705, 33.9436416626, 100.668586731, 73.8765411377, 22.2509307861, -9.18659496307, -16.4290218353, -17.3276596069, 18.3596763611, 1.14658176899, 4.97165727615], [-610.244567871, -236.275817871, -183.847702026, 80.4433364868, 73.8765411377, 107.991760254, -1.8957849741, -1.61008453369, -12.1364717484, -3.87829399109, 17.4319705963, 4.18010807037, 10.4042301178], [66.1363067627, -15.4460048676, 1.30780804157, -41.3380203247, 22.2509307861, -1.8957849741, 44.0378608704, -16.1421203613, -12.141875267, -20.6511135101, 3.16721749306, 3.25634074211, -0.127949997783], [-62.3705215454, -9.04521942139, -1.39020621777, 27.7642974854, -9.18659496307, -1.61008453369, -16.1421203613, 21.7019405365, 1.17534244061, 7.92624568939, -2.26619648933, 5.3160367012, 1.6394636631], [47.1682815552, 35.2951965332, 23.6899490356, 5.07862138748, -16.4290218353, -12.1364717484, -12.141875267, 1.17534244061, 18.3284130096, 4.73858594894, -5.79328775406, -2.90052676201, 0.301818966866], [-32.7241516113, 12.9092140198, 10.6415643692, 23.9584884644, -17.3276596069, -3.87829399109, -20.6511135101, 7.92624568939, 4.73858594894, 24.1740341187, -5.41368150711, -2.50038313866, -1.1546009779], [-92.4426193237, -39.0650978088, -32.417755127, 1.15476644039, 18.3596763611, 17.4319705963, 3.16721749306, -2.26619648933, -5.79328775406, -5.41368150711, 16.7503814697, -3.41069030762, 0.773191094398], [-41.8186721802, -24.2915859222, -9.59813213348, 8.36920261383, 1.14658176899, 4.18010807037, 3.25634074211, 5.3160367012, -2.90052676201, -2.50038313866, -3.41069030762, 18.9851875305, -2.20831394196], [-79.4074478149, -28.7949695587, -24.2213096619, 13.2271118164, 4.97165727615, 10.4042301178, -0.127949997783, 1.6394636631, 0.301818966866, -1.1546009779, 0.773191094398, -2.20831394196, 15.774564743]]
        icov: [[0.00235071824864, -0.00232388707809, -0.00342125468887, 0.00236013787799, -0.0008406858542, 0.00144780741539, 0.00201108772308, 0.00261726556346, 0.00325916451402, 0.00391370709985, 0.00247016525827, -0.000518922170158, -0.000556266575586], [-0.00232388707809, 0.0189304370433, -0.00316814263351, 0.00367495953105, 0.0142181580886, 0.00957268942147, 0.0101729752496, 0.00596199324355, -0.00114237261005, 0.00488302530721, 0.0014194494579, 0.0108530214056, 0.00540850078687], [-0.00342125468887, -0.00316814263351, 0.0331243053079, -0.00139356090222, 0.0110269393772, 0.0204028151929, -0.0149758355692, -0.00937159080058, -0.0102745536715, -0.0118630509824, -0.000991728855297, 0.00399354333058, 0.0128806997091], [0.00236013787799, 0.00367495953105, -0.00139356090222, 0.0309948492795, 0.00293235317804, -0.0090924827382, 0.0116900848225, -0.0169281940907, -0.00819790456444, -0.00837462022901, 0.0130697293207, -0.000351998838596, -0.00375925353728], [-0.0008406858542, 0.0142181580886, 0.0110269393772, 0.00293235317804, 0.0496249012649, 0.00711077451706, -0.00971742440015, 0.00310488138348, 0.00121045019478, 0.0133252302185, -0.00182686524931, 0.0207261424512, 0.0194061491638], [0.00144780741539, 0.00957268942147, 0.0204028151929, -0.0090924827382, 0.00711077451706, 0.0779736712575, 0.0130403637886, 0.0322186537087, 0.0136634828523, 0.0114688482136, -0.00773952016607, 0.00408128648996, 0.00833088066429], [0.00201108772308, 0.0101729752496, -0.0149758355692, 0.0116900848225, -0.00971742440015, 0.0130403637886, 0.0847695991397, 0.0429069660604, 0.0377847254276, 0.0401182994246, 0.0161641798913, -0.0117426188663, -0.0136364363134], [0.00261726556346, 0.00596199324355, -0.00937159080058, -0.0169281940907, 0.00310488138348, 0.0322186537087, 0.0429069660604, 0.110607206821, 0.033973839134, 0.0180644504726, -0.00551109435037, -0.0243071112782, -0.0119738234207], [0.00325916451402, -0.00114237261005, -0.0102745536715, -0.00819790456444, 0.00121045019478, 0.0136634828523, 0.0377847254276, 0.033973839134, 0.0980217754841, 0.0281050037593, 0.0226442180574, 0.00697478232905, -0.00715088006109], [0.00391370709985, 0.00488302530721, -0.0118630509824, -0.00837462022901, 0.0133252302185, 0.0114688482136, 0.0401182994246, 0.0180644504726, 0.0281050037593, 0.100056752563, 0.0246051698923, 0.0206482056528, 0.0125758005306], [0.00247016525827, 0.0014194494579, -0.000991728855297, 0.0130697293207, -0.00182686524931, -0.00773952016607, 0.0161641798913, -0.00551109435037, 0.0226442180574, 0.0246051698923, 0.101036719978, 0.0275001022965, 0.00919324159622], [-0.000518922170158, 0.0108530214056, 0.00399354333058, -0.000351998838596, 0.0207261424512, 0.00408128648996, -0.0117426188663, -0.0243071112782, 0.00697478232905, 0.0206482056528, 0.0275001022965, 0.0863532051444, 0.02895171009], [-0.000556266575586, 0.00540850078687, 0.0128806997091, -0.00375925353728, 0.0194061491638, 0.00833088066429, -0.0136364363134, -0.0119738234207, -0.00715088006109, 0.0125758005306, 0.00919324159622, 0.02895171009, 0.0875783786178]]
    spectral_contrast:
        mean: [-1.1154325108e-07, -4.73028478609e-08, 2.20125741635e-07, -2.89516208341e-07, -3.04333980239e-07, 2.79619172261e-07, -1.17519005016e-06, 4.09003519053e-07, -6.44197200472e-07, -2.25207691074e-06, 1.27482769585e-06, -3.97127087126e-06]
        var: [3.90803834307e-05, 4.7400881158e-05, 0.000106314881123, 0.000125288846903, 0.000171376246726, 0.000682736979797, 0.0228752288967, 0.0289141554385, 0.0363509953022, 0.0643680095673, 0.125053972006, 2.94707751274]

rhythm:
    beats_loudness:
        dmean: 0.000893359305337
        dmean2: 0.000682395591866
        dvar: 1.35513266741e-06
        dvar2: 7.1448852168e-07
        max: 0.00715425610542
        mean: 0.00167491484899
        min: 7.3811997936e-06
        var: 4.96684060636e-06
    beats_loudness_bass:
        dmean: 0.0411973893642
        dmean2: 0.0862950161099
        dvar: 0.00021633686265
        dvar2: 0.00051641126629
        max: 0.131021872163
        mean: 0.0936291515827
        min: 0.0529803521931
        var: 0.000670372741297
    bpm: 179.109542847
    bpm_confidence: 0
    first_peak_bpm: 179
    first_peak_spread: 0
    first_peak_weight: 1
    onset_rate: 0.199381515384
    second_peak_bpm: 0
    second_peak_spread: 0
    second_peak_weight: 0
    beats_position: [0.329208105803, 0.664221227169, 0.999234318733, 1.3342474699, 1.66926050186, 2.00427365303, 2.3392868042, 2.67429995537, 3.00931286812]
    bpm_estimates: [177.638397217, 180.580688477]
    bpm_intervals: [0.335013121367, 0.335013091564, 0.335013151169, 0.33501303196, 0.335013151169, 0.335013151169, 0.335013151169, 0.33501291275]
    onset_times: [0.0348299331963]
    rubato_start: []
    rubato_stop: []
    perceptual_tempo: "unknown"

sfx:
    inharmonicity:
        dmean: 0.0200404841453
        dmean2: 0.0382768549025
        dvar: 0.000584813184105
        dvar2: 0.00160759873688
        max: 0.0924651697278
        mean: 0.0122225042433
        min: 4.39100585936e-06
        var: 0.000470260129077
    oddtoevenharmonicenergyratio:
        dmean: 2.6717042923
        dmean2: 4.91755867004
        dvar: 34.7399902344
        dvar2: 93.8809127808
        max: 38.48802948
        mean: 1.4619230032
        min: 5.03745877722e-06
        var: 20.0425014496
    pitch_after_max_to_before_max_energy_ratio: 23.1834697723
    pitch_centroid: 80.5537872314
    pitch_max_to_total: 0.00746268639341
    pitch_min_to_total: 0.0149253727868
    tristimulus:
        dmean: [0.386949300766, 0.386911571026, 0.0084317419678]
        dmean2: [0.738044679165, 0.737804949284, 0.0148657085374]
        dvar: [0.0990251451731, 0.0995338708162, 5.73169054405e-05]
        dvar2: [0.246584147215, 0.246578127146, 0.000153448840138]
        max: [0.9911865592, 0.87875264883, 0.0549258030951]
        mean: [0.710526764393, 0.277973920107, 0.0101310377941]
        min: [0.118932701647, 0, 0]
        var: [0.100729718804, 0.10182633996, 0.000117149131256]

tonal:
    chords_changes_rate: 0.132352948189
    chords_number_rate: 0.0294117648154
    chords_strength:
        dmean: 0.00104304566048
        dmean2: 0.000301121297525
        dvar: 6.35520621017e-07
        dvar2: 1.69538438399e-07
        max: 0.542262792587
        mean: 0.514726161957
        min: 0.472438037395
        var: 0.000484950520331
    key_strength: 0.744314432144
    tuning_diatonic_strength: 0.512940049171
    tuning_equal_tempered_deviation: 0.00375445699319
    tuning_frequency: 437.971466064
    tuning_nontempered_energy_ratio: 0.590480625629
    hpcp:
        dmean: [0.00160857394803, 0.000944499741308, 0.000119607087981, 4.503092714e-05, 0.000296137324767, 0.000501653179526, 0.000627392437309, 0.000271132652415, 2.72715278697e-05, 1.8680746507e-05, 2.35813859035e-05, 0.0037741411943, 0.0149482646957, 0.013808304444, 0.0200469437987, 0.0149253727868, 0.0214839279652, 0.00504952389747, 0.000227959477343, 0.000343562685885, 0.000162642085343, 2.5203844416e-05, 2.91601645586e-05, 2.81531902147e-05, 2.01805269171e-05, 2.99804796668e-05, 0.000166719401022, 0.000242524794885, 0.00464971223846, 0.0379038341343, 0.0413571186364, 0.0266090258956, 0.00386080285534, 3.00912579405e-05, 2.51871715591e-05, 0.000817578984424]
        dmean2: [0.00182673090603, 0.00110433273949, 0.000187694342458, 5.83904184168e-05, 0.000310082337819, 0.000468289770652, 0.000974797643721, 0.000400502642151, 4.75631240988e-05, 3.17599005939e-05, 2.82031815004e-05, 0.00384388770908, 0.0151883345097, 0.0138245010749, 0.0260789971799, 0.0116518111899, 0.0233025029302, 0.00680468091741, 0.000425559934229, 0.000347959547071, 0.000167008882272, 2.97990773106e-05, 3.99680757255e-05, 4.46481826657e-05, 3.73742695956e-05, 4.62554235128e-05, 0.00016992194287, 0.000281988322968, 0.00714575080201, 0.0400955528021, 0.0336746312678, 0.0257155578583, 0.00525178294629, 4.09621934523e-05, 3.65058258467e-05, 0.00112881348468]
        dvar: [1.69405229826e-05, 4.10008442486e-06, 1.35693429826e-08, 9.62650226199e-09, 3.31825140165e-06, 4.28518387707e-06, 6.43823022983e-06, 8.53249559896e-07, 2.62045718458e-09, 1.39776223929e-09, 1.65989111345e-09, 0.000925194763113, 0.0147017193958, 0.0104156816378, 0.00261607975699, 0.00940024014562, 0.00203485740349, 0.000215199979721, 2.45937371801e-06, 6.75254659654e-06, 1.28752401451e-06, 2.95960056462e-09, 2.66881761135e-09, 3.96935462277e-09, 3.26837845677e-09, 4.01516953019e-09, 1.23479665604e-07, 2.69198409342e-07, 7.16874565114e-05, 0.00835606455803, 0.00542544201016, 0.000774006126449, 0.000174624030478, 9.29482979473e-09, 7.47312434157e-09, 4.88704927193e-06]
        dvar2: [2.77473882306e-05, 4.38587812823e-06, 3.6934505232e-08, 1.0225861935e-08, 2.91394849228e-06, 3.27779912368e-06, 1.69924805959e-05, 2.11123278859e-06, 5.45626965831e-09, 3.91123311516e-09, 2.34948061006e-09, 0.000938864948694, 0.0149204879999, 0.00959282182157, 0.00356396893039, 0.00505876541138, 0.000898884027265, 0.000530129473191, 5.19313425684e-06, 6.84996575728e-06, 1.30334797177e-06, 1.70234359942e-09, 2.67444666413e-09, 6.28570839822e-09, 7.20441661883e-09, 7.78729969397e-09, 2.14315676317e-07, 5.17557168678e-07, 0.000186163160834, 0.0185961294919, 0.0101754711941, 0.00131705927197, 0.000189045123989, 1.62907891621e-08, 1.58641171311e-08, 1.02479662019e-05]
        max: [0.0332967676222, 0.0167798101902, 0.000919087498914, 0.00114876136649, 0.0160818323493, 0.0243433210999, 0.0192188490182, 0.00566912908107, 0.000691632099915, 0.000493910105433, 0.000820447516162, 0.250890403986, 1, 0.881550192833, 0.555746376514, 1, 0.595462322235, 0.0902629047632, 0.0129363713786, 0.0214483495802, 0.0093589797616, 0.000991446664557, 0.000931536895223, 0.000969382352196, 0.000693135662004, 0.000749285158236, 0.00274397758767, 0.00380421848968, 0.0534793101251, 0.744154036045, 1, 0.504713475704, 0.107835672796, 0.00116069836076, 0.00110794999637, 0.0165321659297]
        mean: [0.0124854091555, 0.00857549533248, 0.000438185612438, 7.8365461377e-05, 0.000356253702193, 0.0010160462698, 0.00123968743719, 0.000567885115743, 6.83034886606e-05, 6.03097323619e-05, 7.94833686086e-05, 0.00377746671438, 0.0147774713114, 0.0141695346683, 0.472643226385, 0.981897354126, 0.517945110798, 0.0057902992703, 0.000425963517046, 0.000367756874766, 0.000188993595657, 5.69096991967e-05, 6.95023773005e-05, 6.70609078952e-05, 5.08240082127e-05, 0.000105129540316, 0.00103843165562, 0.00144678796642, 0.00443331478164, 0.249077677727, 0.473228126764, 0.231593221426, 0.00353311095387, 6.57673590467e-05, 6.4849453338e-05, 0.00435323594138]
        min: [0, 0, 0, 3.23960625792e-06, 6.0531942836e-06, 0.000106744948425, 0.000114317641419, 0, 0, 0, 4.43698399977e-06, 3.0566377518e-06, 2.37352537624e-06, 2.95535005534e-06, 0.132436037064, 0, 0, 9.29095840547e-05, 1.70945713762e-06, 2.58411364484e-06, 1.60230058555e-06, 0, 0, 0, 0, 0, 0, 0, 0.000323549349559, 0.07699521631, 0.158942818642, 0.0585934519768, 4.61897943751e-05, 0, 0, 0]
        var: [2.03878389584e-05, 7.61701267038e-06, 2.69541438058e-08, 3.17533235261e-08, 3.77114474759e-06, 1.11244826257e-05, 5.99187842454e-06, 4.80248559143e-07, 1.53469148501e-08, 1.24867600704e-08, 2.20158042907e-08, 0.000911446055397, 0.0144875431433, 0.0112526807934, 0.00234050047584, 0.0151627641171, 0.00522714480758, 0.000130555446958, 4.49093795396e-06, 6.66103005642e-06, 1.2825620388e-06, 2.47069174009e-08, 3.05058271977e-08, 3.16509414233e-08, 1.51016639194e-08, 1.30185968672e-08, 2.12195942595e-07, 3.82020999723e-07, 5.08422672283e-05, 0.012203861028, 0.03464326635, 0.00905157066882, 0.000173681037268, 3.70397614802e-08, 3.06718916931e-08, 3.88002854379e-06]
    chords_histogram: [41.1764717102, 0, 0, 0, 0, 0, 0, 58.8235282898, 0, 0, 0, 0, 0, 0, 0, 0, 0, 0, 0, 0, 0, 0, 0, 0]
    thpcp: [1, 0.527494132519, 0.00589705165476, 0.000433816749137, 0.000374536990421, 0.000192477949895, 5.79589104746e-05, 7.07837534719e-05, 6.82972677168e-05, 5.17610205861e-05, 0.000107067746285, 0.00105757662095, 0.00147346151061, 0.00451504904777, 0.253669768572, 0.481952756643, 0.235862970352, 0.00359824881889, 6.69798755553e-05, 6.60450459691e-05, 0.00443349406123, 0.012715594843, 0.00873359665275, 0.000446264166385, 7.98102410045e-05, 0.000362821738236, 0.00103477854282, 0.00126254279166, 0.000578354869504, 6.95627604728e-05, 6.14216260146e-05, 8.09487537481e-05, 0.00384710961953, 0.0150499148294, 0.0144307697192, 0.481357067823]
    chords_key: "G"
    chords_scale: "major"
    key_key: "G"
    key_scale: "minor"
    chords_progression: ["G", "G", "G", "G", "G", "G", "G", "G", "G", "G", "G", "G", "G", "G", "G", "G", "G", "G", "G", "G", "G", "G", "G", "G", "Gm", "G", "G", "G", "G", "G", "Gm", "Gm", "G", "Gm", "Gm", "G", "G", "G", "G", "G", "G", "G", "G", "Gm", "G", "G", "Gm", "Gm", "Gm", "Gm", "Gm", "Gm", "Gm", "Gm", "Gm", "Gm", "Gm", "Gm", "Gm", "Gm", "Gm", "Gm", "Gm", "Gm", "Gm", "Gm", "Gm", "Gm"]
