
metadata:
    version:
        essentia: "1.2.2"
    audio_properties:
        analysis_sample_rate: 44100
        bitrate: 128
        channels: 2
        equal_loudness: 1
        length: 10.0048980713
        replay_gain: -10.5768222809
        downmix: "mix"
    tags:
        track: 23
        year: 0
        album: "Splitted by Mp3Splt v. 2.1"
        artist: "From 003.40 To 003.50"
        comment: "http://mp3splt.sf.net"
        genre: ""
        title: "09 Master and Servant.mp3"

highlevel:
    ballroom:
        all:
            ChaChaCha: 0.0292967725545
            Jive: 0.887173831463
            Quickstep: 0.0171509347856
            Rumba-American: 0.000250402343227
            Rumba-International: 0.000497098837513
            Rumba-Misc: 0.000386575906305
            Samba: 0.0442332103848
            Tango: 0.00143126677722
            VienneseWaltz: 0.0184438917786
            Waltz: 0.0011360172648
        probability: 0.887173831463
        value: "Jive"
    culture:
        all:
            non_western: 0.140281140804
            western: 0.859718859196
        probability: 0.859718859196
        value: "western"
    gender:
        all:
            female: 0.464072465897
            male: 0.535927534103
        probability: 0.535927534103
        value: "male"
    genre_dortmund:
        all:
            alternative: 0.125725105405
            blues: 0.0101155042648
            electronic: 0.122986331582
            folkcountry: 0.0539295934141
            funksoulrnb: 0.0830294638872
            jazz: 0.016652289778
            pop: 0.0381346568465
            raphiphop: 0.0460675135255
            rock: 0.503359556198
        probability: 0.503359556198
        value: "rock"
    genre_electronica:
        all:
            ambient: 0.162610530853
            dnb: 0.280406326056
            house: 0.0133987301961
            techno: 0.0358894839883
            trance: 0.507694900036
        probability: 0.507694900036
        value: "trance"
    genre_rosamerica:
        all:
            cla: 0.0387325026095
            dan: 0.037765905261
            hip: 0.0414480268955
            jaz: 0.00564919738099
            pop: 0.00988934934139
            rhy: 0.00642113713548
            roc: 0.85792016983
            spe: 0.00217371457256
        probability: 0.85792016983
        value: "roc"
    genre_tzanetakis:
        all:
            blu: 0.0106002800167
            cla: 0.0144797898829
            cou: 0.0295427553356
            dis: 0.262719780207
            hip: 0.0254002120346
            jaz: 0.0200280733407
            met: 0.401321321726
            pop: 0.057048946619
            reg: 0.0207724254578
            roc: 0.158086419106
        probability: 0.401321321726
        value: "met"
    live_studio:
        all:
            live: 0.050364151597
            studio: 0.949635863304
        probability: 0.949635863304
        value: "studio"
    mood:
        all:
            Cluster1: 0.50225764513
            Cluster2: 0.0836219787598
            Cluster3: 0.01076596044
            Cluster4: 0.0635586902499
            Cluster5: 0.339795738459
        probability: 0.50225764513
        value: "Cluster1"
    mood_acoustic:
        all:
            acoustic: 0.0109427068383
            not_acoustic: 0.989057302475
        probability: 0.989057302475
        value: "not_acoustic"
    mood_aggressive:
        all:
            aggressive: 0.999375700951
            not_aggressive: 0.000624315929599
        probability: 0.999375700951
        value: "aggressive"
    mood_electronic:
        all:
            electronic: 0.57188642025
            not_electronic: 0.42811357975
        probability: 0.57188642025
        value: "electronic"
    mood_happy:
        all:
            happy: 0.13796518743
            not_happy: 0.862034797668
        probability: 0.862034797668
        value: "not_happy"
    mood_party:
        all:
            not_party: 0.0833587124944
            party: 0.916641294956
        probability: 0.916641294956
        value: "party"
    mood_relaxed:
        all:
            not_relaxed: 0.948494255543
            relaxed: 0.0515057519078
        probability: 0.948494255543
        value: "not_relaxed"
    mood_sad:
        all:
            not_sad: 0.999732851982
            sad: 0.000267152820015
        probability: 0.999732851982
        value: "not_sad"
    rhythm:
        all:
            fast: 0.894565701485
            medium: 0.0205901730806
            slow: 0.0848441198468
        probability: 0.894565701485
        value: "fast"
    speech_music:
        all:
            music: 0.999495565891
            speech: 0.000504448194988
        probability: 0.999495565891
        value: "music"
    timbre:
        all:
            bright: 0.0635062083602
            dark: 0.936493813992
        probability: 0.936493813992
        value: "dark"
    voice_instrumental:
        all:
            instrumental: 0.364963203669
            voice: 0.635036826134
        probability: 0.635036826134
        value: "voice"

lowlevel:
    average_loudness: 0.962295770645
    barkbands_kurtosis:
        dmean: 1.10554480553
        dmean2: 1.88938784599
        dvar: 1.12960922718
        dvar2: 3.33205294609
        max: 7.45242404938
        mean: 0.381072580814
        min: -1.6910674572
        var: 2.32255029678
    barkbands_skewness:
        dmean: 0.396389245987
        dmean2: 0.677802205086
        dvar: 0.119761995971
        dvar2: 0.350343227386
        max: 0.277354419231
        mean: -1.0277479887
        min: -2.50149774551
        var: 0.2197817415
    barkbands_spread:
        dmean: 5.85133695602
        dmean2: 9.69571971893
        dvar: 36.2411766052
        dvar2: 99.2810668945
        max: 52.0881958008
        mean: 23.7472000122
        min: 6.05543422699
        var: 78.6191558838
    dissonance:
        dmean: 0.0089968778193
        dmean2: 0.0154439853504
        dvar: 7.26981670596e-05
        dvar2: 0.000206476310268
        max: 0.499900519848
        mean: 0.485454529524
        min: 0.442304879427
        var: 0.000107495274278
    hfc:
        dmean: 4.62776136398
        dmean2: 7.75126647949
        dvar: 49.8077125549
        dvar2: 135.138885498
        max: 53.3342170715
        mean: 12.6897821426
        min: 1.29668653011
        var: 59.7404289246
    pitch:
        dmean: 1103.20202637
        dmean2: 2123.17260742
        dvar: 1975343.375
        dvar2: 4455552
        max: 4410
        mean: 1859.21862793
        min: 86.1328125
        var: 2567129.75
    pitch_instantaneous_confidence:
        dmean: 0.0741312429309
        dmean2: 0.123587161303
        dvar: 0.00363985379227
        dvar2: 0.00921960081905
        max: 0.75747358799
        mean: 0.359092563391
        min: 0.155052542686
        var: 0.0107897371054
    pitch_salience:
        dmean: 0.0444271042943
        dmean2: 0.0729363039136
        dvar: 0.00127435289323
        dvar2: 0.00348505820148
        max: 0.847338795662
        mean: 0.708106219769
        min: 0.501944899559
        var: 0.00361952604726
    silence_rate_20dB:
        dmean: 0
        dmean2: 0
        dvar: 0
        dvar2: 0
        max: 1
        mean: 1
        min: 1
        var: 0
    silence_rate_30dB:
        dmean: 0
        dmean2: 0
        dvar: 0
        dvar2: 0
        max: 1
        mean: 1
        min: 1
        var: 0
    silence_rate_60dB:
        dmean: 0.130232557654
        dmean2: 0.258741259575
        dvar: 0.113271825016
        dvar2: 0.224428489804
        max: 1
        mean: 0.257540613413
        min: 0
        var: 0.191213712096
    spectral_centroid:
        dmean: 260.398345947
        dmean2: 434.020629883
        dvar: 63762.453125
        dvar2: 191979.984375
        max: 3449.38085938
        mean: 2562.10571289
        min: 1437.32763672
        var: 98597.875
    spectral_complexity:
        dmean: 5.30607461929
        dmean2: 8.17330169678
        dvar: 29.3619346619
        dvar2: 62.2322921753
        max: 50
        mean: 21.0536136627
        min: 1
        var: 96.7873306274
    spectral_crest:
        dmean: 1.52790951729
        dmean2: 2.63361144066
        dvar: 1.70859932899
        dvar2: 4.84308958054
        max: 14.8608732224
        mean: 6.1769080162
        min: 3.00646686554
        var: 3.10329151154
    spectral_decrease:
        dmean: 3.07768005525e-10
        dmean2: 4.85479656476e-10
        dvar: 1.72884160144e-19
        dvar2: 4.11457782959e-19
        max: -1.49501466762e-10
        mean: -9.949322477e-10
        min: -3.36345862273e-09
        var: 2.93492108236e-19
    spectral_energy:
        dmean: 0.00155387865379
        dmean2: 0.00249279779382
        dvar: 4.76769309898e-06
        dvar2: 1.17529070849e-05
        max: 0.0175320301205
        mean: 0.00490610301495
        min: 0.000716694630682
        var: 7.409412774e-06
    spectral_energyband_high:
        dmean: 0.000379962177249
        dmean2: 0.000648453773465
        dvar: 3.56633108822e-07
        dvar2: 1.00217107502e-06
        max: 0.0041786073707
        mean: 0.000752818130422
        min: 7.73236315581e-05
        var: 3.10360235289e-07
    spectral_energyband_low:
        dmean: 0.000127578197862
        dmean2: 0.00021797757654
        dvar: 8.48214298799e-08
        dvar2: 2.22737440936e-07
        max: 0.00165410991758
        mean: 0.000109201238956
        min: 8.13322742488e-07
        var: 6.33745926848e-08
    spectral_energyband_middle_high:
        dmean: 0.0011310671689
        dmean2: 0.00190938031301
        dvar: 2.32169986703e-06
        dvar2: 6.04376282354e-06
        max: 0.0118658142164
        mean: 0.00337924831547
        min: 0.000325921457261
        var: 4.27953546023e-06
    spectral_energyband_middle_low:
        dmean: 0.000300882762531
        dmean2: 0.000479335139971
        dvar: 1.17783891085e-07
        dvar2: 2.64095007196e-07
        max: 0.00253890221938
        mean: 0.000664836203214
        min: 2.52874033322e-05
        var: 2.42381815951e-07
    spectral_flatness_db:
        dmean: 0.0144459763542
        dmean2: 0.0240041632205
        dvar: 0.000134017624077
        dvar2: 0.000349609646946
        max: 0.206260979176
        mean: 0.151337623596
        min: 0.10263376683
        var: 0.000467975798529
    spectral_flux:
        dmean: 0.00791784096509
        dmean2: 0.0122403642163
        dvar: 0.000117601070087
        dvar2: 0.000206643569982
        max: 0.0984217971563
        mean: 0.0441999994218
        min: 0.0176370535046
        var: 0.000222395159653
    spectral_kurtosis:
        dmean: 0.904118955135
        dmean2: 1.54448473454
        dvar: 0.983469307423
        dvar2: 2.20301604271
        max: 15.2281036377
        mean: 2.81245470047
        min: 0.456477403641
        var: 2.20022559166
    spectral_rms:
        dmean: 0.000325602071825
        dmean2: 0.000508901313879
        dvar: 1.57409786539e-07
        dvar2: 3.68935928918e-07
        max: 0.00413574883714
        mean: 0.00211117346771
        min: 0.000836190360133
        var: 3.29387290776e-07
    spectral_rolloff:
        dmean: 232.68939209
        dmean2: 392.741363525
        dvar: 43716.7304688
        dvar2: 108945.679688
        max: 5297.16796875
        mean: 3953.0769043
        min: 2885.44921875
        var: 106132.164062
    spectral_skewness:
        dmean: 0.13693831861
        dmean2: 0.226690039039
        dvar: 0.0209679510444
        dvar2: 0.0415549948812
        max: 2.8901913166
        mean: 1.0498945713
        min: 0.523962020874
        var: 0.0649154260755
    spectral_spread:
        dmean: 359952.3125
        dmean2: 556732
        dvar: 122816110592
        dvar2: 304906797056
        max: 6292139
        mean: 3848647.5
        min: 2448533.25
        var: 481066647552
    spectral_strongpeak:
        dmean: 0.915798127651
        dmean2: 1.60138487816
        dvar: 0.694844603539
        dvar2: 1.93128561974
        max: 4.99882984161
        mean: 1.48589074612
        min: 0.0320841148496
        var: 1.14769935608
    zerocrossingrate:
        dmean: 0.00660092383623
        dmean2: 0.00846316013485
        dvar: 3.65219493688e-05
        dvar2: 5.37200066901e-05
        max: 0.1728515625
        mean: 0.131125703454
        min: 0.05712890625
        var: 0.000144416306284
    barkbands:
        dmean: [4.82815245562e-08, 5.05430361954e-05, 8.31848592497e-05, 4.12645531469e-05, 8.2496968389e-05, 9.44640050875e-05, 8.35895625642e-05, 0.000112577217806, 5.83778019063e-05, 5.80590240133e-05, 9.63007041719e-05, 7.08396473783e-05, 6.31224029348e-05, 7.53230706323e-05, 9.36033757171e-05, 0.000137074675877, 0.000339708843967, 0.000307579088258, 0.00036953156814, 0.000391259382013, 0.00016749612405, 5.1088645705e-05, 5.69649500903e-06, 2.4303999453e-06, 1.33849164285e-06, 2.65117190423e-08, 4.37104741291e-10]
        dmean2: [6.80392915342e-08, 8.51562290336e-05, 0.0001486830879, 7.27434889995e-05, 0.000135049936944, 0.000160421070177, 0.00013417234004, 0.00018335369532, 9.51432302827e-05, 9.7410287708e-05, 0.000162192896823, 0.000121836084872, 0.000106661696918, 0.000124825222883, 0.000154120236402, 0.000228408680414, 0.000574712059461, 0.000533626065589, 0.000638680998236, 0.000679882185068, 0.00029529503081, 8.38659980218e-05, 9.06305194803e-06, 3.95187180402e-06, 1.99326086658e-06, 4.22326529304e-08, 6.33692043284e-10]
        dvar: [5.89399914237e-15, 1.41494860273e-08, 3.52080071764e-08, 4.69723682173e-09, 1.47253222949e-08, 2.76468483662e-08, 1.34736053425e-08, 2.75756022461e-08, 8.51644532673e-09, 5.74134784159e-09, 1.82663324466e-08, 9.9302894796e-09, 7.25487314668e-09, 1.00241219769e-08, 1.27825421359e-08, 2.80901293337e-08, 1.55326603135e-07, 1.13396197321e-07, 2.34835425772e-07, 4.36202839182e-07, 7.2335538448e-08, 4.27177582196e-09, 5.20904153145e-11, 1.72143289207e-11, 7.82591786513e-12, 4.7988249286e-15, 1.26866791586e-17]
        dvar2: [9.40297712197e-15, 3.65125707447e-08, 9.45789579987e-08, 1.31797088798e-08, 3.87568448446e-08, 7.47686925706e-08, 3.02184091083e-08, 7.07551492951e-08, 2.31292638375e-08, 1.63834759093e-08, 4.88945914867e-08, 2.85867880478e-08, 1.91592945953e-08, 2.65910315989e-08, 3.68304036158e-08, 7.37560981179e-08, 4.13223148144e-07, 3.28934959271e-07, 6.0805814428e-07, 1.22382334666e-06, 1.9878216051e-07, 9.87693482557e-09, 1.11506713585e-10, 3.88380959337e-11, 1.51504087054e-11, 1.1296041549e-14, 1.31072624498e-17]
        max: [6.46967009743e-07, 0.000709262501914, 0.00128290732391, 0.000642475613859, 0.0010631645564, 0.00160938792396, 0.00124612823129, 0.00149837974459, 0.00100665120408, 0.000634081137832, 0.0014070662437, 0.000912328774575, 0.000894952623639, 0.00119933276437, 0.0010595403146, 0.0016471655108, 0.00381734967232, 0.00322640733793, 0.00604368885979, 0.00423440476879, 0.00164580915589, 0.000431887310697, 9.09508089535e-05, 5.60268999834e-05, 2.6722171242e-05, 7.06256912508e-07, 7.35035357025e-08]
        mean: [6.60065282432e-08, 4.13065208704e-05, 6.78295982652e-05, 4.10783723055e-05, 0.000113603884529, 0.00013075316383, 0.000127255261759, 0.000151758955326, 7.9506658949e-05, 8.34794773255e-05, 0.000140998716233, 0.000127748877276, 0.000111067092803, 0.000148169798194, 0.000167805730598, 0.000260606117081, 0.000631091126706, 0.000590158510022, 0.000846202194225, 0.000665854895487, 0.000276307750028, 8.44541864353e-05, 1.23806676129e-05, 4.92523395224e-06, 1.66810298197e-06, 2.94176043525e-08, 3.94499793943e-10]
        min: [7.926771739e-11, 1.50222149387e-07, 1.20094043154e-07, 1.13442482075e-07, 1.58981924869e-06, 2.21215850615e-06, 1.46771674281e-06, 2.86696194962e-06, 6.19325135176e-07, 3.18688904599e-07, 4.61598665424e-06, 6.40778989691e-06, 2.86425506602e-06, 5.99603299634e-06, 5.4121537687e-06, 1.48588687807e-05, 2.60048309428e-05, 2.50895482168e-05, 3.84067097912e-05, 5.01767499372e-05, 2.42813439399e-05, 5.09894653078e-06, 6.08344464581e-07, 1.02038306693e-07, 5.19657383791e-08, 2.72360714711e-12, 2.13672206014e-13]
        var: [1.26904729265e-14, 1.08124069698e-08, 2.4577449409e-08, 3.70542840855e-09, 2.22775167202e-08, 3.06375298464e-08, 2.42776483361e-08, 3.97121695528e-08, 8.65932570093e-09, 8.2328961426e-09, 2.7068798758e-08, 2.32857946258e-08, 1.38732305643e-08, 3.42417010302e-08, 2.45398297238e-08, 5.74235272666e-08, 3.43145359238e-07, 2.03773353746e-07, 4.43785268089e-07, 3.56975732529e-07, 6.07197137015e-08, 5.15799847278e-09, 1.23674945285e-10, 2.97802511817e-11, 1.02711190247e-11, 4.86742697404e-15, 1.27308191704e-17]
    mfcc:
        mean: [-686.990478516, 74.9918212891, -70.9272918701, 52.2583465576, -24.7845401764, -5.33039236069, -5.07552289963, -2.43516397476, -6.86026287079, -4.95719671249, -4.28944969177, 3.32638096809, -1.18244230747]
        cov: [[772.496276855, -10.7058591843, -46.2358589172, 30.5142230988, 15.8840732574, 1.76094031334, -23.6059589386, 6.00635290146, 2.1171002388, 30.8120365143, 12.3018112183, -6.30363559723, -40.1047668457], [-10.7058591843, 237.557312012, 21.1401157379, 67.7478103638, -13.7206459045, -27.3068943024, -30.8960666656, 6.70278501511, 37.3480606079, 5.78449058533, 18.2878379822, 16.2013015747, -20.4880275726], [-46.2358589172, 21.1401157379, 365.872558594, 76.9490432739, -42.0253181458, -39.1170005798, -2.14647698402, 38.2746315002, 16.6310253143, 24.2596607208, -3.39169836044, -1.0999724865, 7.21395254135], [30.5142230988, 67.7478103638, 76.9490432739, 147.136886597, 6.95727348328, -8.8388299942, -40.2929458618, 8.95058441162, -3.52677536011, 7.86920976639, 2.51677107811, 14.6763238907, -15.2371644974], [15.8840732574, -13.7206459045, -42.0253181458, 6.95727348328, 112.349990845, 64.4890518188, 21.2857837677, 0.778514564037, 2.43986201286, 20.3643531799, 12.1839008331, 18.1018180847, 16.1846141815], [1.76094031334, -27.3068943024, -39.1170005798, -8.8388299942, 64.4890518188, 92.3054199219, 40.3401298523, 14.7994632721, 15.855887413, 16.1647529602, 8.67678928375, 2.41718530655, 15.4800233841], [-23.6059589386, -30.8960666656, -2.14647698402, -40.2929458618, 21.2857837677, 40.3401298523, 105.807678223, 23.4612731934, 21.4921741486, 9.5616312027, 7.94126844406, -12.6302700043, 27.1593513489], [6.00635290146, 6.70278501511, 38.2746315002, 8.95058441162, 0.778514564037, 14.7994632721, 23.4612731934, 61.2363891602, 24.2008304596, 23.4180603027, 10.4495306015, 8.56164646149, 8.64402008057], [2.1171002388, 37.3480606079, 16.6310253143, -3.52677536011, 2.43986201286, 15.855887413, 21.4921741486, 24.2008304596, 88.3625717163, 17.3679904938, 13.3332929611, -2.52201104164, 2.51736831665], [30.8120365143, 5.78449058533, 24.2596607208, 7.86920976639, 20.3643531799, 16.1647529602, 9.5616312027, 23.4180603027, 17.3679904938, 66.1061782837, 23.8645439148, 21.2768936157, 12.5675010681], [12.3018112183, 18.2878379822, -3.39169836044, 2.51677107811, 12.1839008331, 8.67678928375, 7.94126844406, 10.4495306015, 13.3332929611, 23.8645439148, 50.6484985352, 19.7083053589, 7.21854734421], [-6.30363559723, 16.2013015747, -1.0999724865, 14.6763238907, 18.1018180847, 2.41718530655, -12.6302700043, 8.56164646149, -2.52201104164, 21.2768936157, 19.7083053589, 62.0489959717, 16.5574321747], [-40.1047668457, -20.4880275726, 7.21395254135, -15.2371644974, 16.1846141815, 15.4800233841, 27.1593513489, 8.64402008057, 2.51736831665, 12.5675010681, 7.21854734421, 16.5574321747, 50.8764572144]]
        icov: [[0.00145230616909, 0.000327081885189, 0.000317871250445, -0.000400082004489, -0.000257717474597, 0.000324536347762, 8.79338767845e-05, -0.000220733782044, -6.37492485112e-05, -0.000953798240516, -0.0002352615993, 0.000339739373885, 0.00124701776076], [0.000327081885189, 0.00604318827391, 0.000542001449503, -0.00274750753306, -2.6127367164e-05, 0.00205273344181, 0.000136959424708, 0.000111613597255, -0.00310734543018, 0.000327989691868, -0.0016229483299, -0.00113704497926, 0.00175642198883], [0.000317871250445, 0.000542001449503, 0.00391045631841, -0.00248686503619, 0.000864145869855, 0.00196828064509, -0.000594012846705, -0.00168984523043, -0.00057898380328, -0.0015913748648, 0.000708414707333, 0.000916321878321, -0.00107698747888], [-0.000400082004489, -0.00274750753306, -0.00248686503619, 0.0108030447736, -0.00199749600142, -0.00136253598612, 0.00348169868812, -0.00171804998536, 0.00176055345219, 0.000518729153555, 0.000351638882421, -0.00101669435389, 0.0017152747605], [-0.000257717474597, -2.6127367164e-05, 0.000864145869855, -0.00199749600142, 0.0174424964935, -0.0116944676265, -0.000739935378078, 0.00399852916598, 0.000943213002756, -0.00257099000737, -0.000133442590595, -0.00351558276452, -0.00145782460459], [0.000324536347762, 0.00205273344181, 0.00196828064509, -0.00136253598612, -0.0116944676265, 0.0235694888979, -0.00458438089117, -0.00389396608807, -0.002769124927, -0.000954362680204, 2.80692202068e-05, 0.00223953300156, -0.000307106762193], [8.79338767845e-05, 0.000136959424708, -0.000594012846705, 0.00348169868812, -0.000739935378078, -0.00458438089117, 0.0165453273803, -0.00473162345588, -0.00117563921958, 0.000998820527457, -0.00235586287454, 0.00574579415843, -0.00687099900097], [-0.000220733782044, 0.000111613597255, -0.00168984523043, -0.00171804998536, 0.00399852916598, -0.00389396608807, -0.00473162345588, 0.024269009009, -0.00380725250579, -0.00531982490793, 0.000240048422711, -0.00355151481926, 0.000535589642823], [-6.37492485112e-05, -0.00310734543018, -0.00057898380328, 0.00176055345219, 0.000943213002756, -0.002769124927, -0.00117563921958, -0.00380725250579, 0.0153248244897, -0.00196140445769, -0.00181803840678, 0.00227115466259, 0.000369788904209], [-0.000953798240516, 0.000327989691868, -0.0015913748648, 0.000518729153555, -0.00257099000737, -0.000954362680204, 0.000998820527457, -0.00531982490793, -0.00196140445769, 0.0235768500715, -0.00703780772164, -0.00395003752783, -0.00220270454884], [-0.0002352615993, -0.0016229483299, 0.000708414707333, 0.000351638882421, -0.000133442590595, 2.80692202068e-05, -0.00235586287454, 0.000240048422711, -0.00181803840678, -0.00703780772164, 0.0270244907588, -0.00653308909386, 0.000536854553502], [0.000339739373885, -0.00113704497926, 0.000916321878321, -0.00101669435389, -0.00351558276452, 0.00223953300156, 0.00574579415843, -0.00355151481926, 0.00227115466259, -0.00395003752783, -0.00653308909386, 0.0252465512604, -0.00907745398581], [0.00124701776076, 0.00175642198883, -0.00107698747888, 0.0017152747605, -0.00145782460459, -0.000307106762193, -0.00687099900097, 0.000535589642823, 0.000369788904209, -0.00220270454884, 0.000536854553502, -0.00907745398581, 0.0295501798391]]
    spectral_contrast:
        mean: [3.08309012098e-07, 7.70240671244e-09, 3.42657244801e-08, 4.58844624518e-07, 3.97429431587e-07, -1.24734270912e-07, 1.40260215176e-06, 4.12286317442e-06, -1.05350170543e-06, 8.0848349171e-07, -3.00435544887e-06, -1.37187942073e-06]
        var: [0.00032503210241, 0.00051262305351, 0.000725327816326, 0.00206195167266, 0.00241421256214, 0.00306139979511, 0.0368109643459, 0.075364202261, 0.157441169024, 0.188456520438, 0.349234700203, 0.528154790401]

rhythm:
    beats_loudness:
        dmean: 0.00163980363868
        dmean2: 0.00283455220051
        dvar: 1.37700692449e-06
        dvar2: 4.39693349108e-06
        max: 0.00935240276158
        mean: 0.00713349040598
        min: 0.0041906372644
        var: 1.92313336811e-06
    beats_loudness_bass:
        dmean: 0.0649124085903
        dmean2: 0.117855601013
        dvar: 0.00153105624486
        dvar2: 0.00519149797037
        max: 0.32841154933
        mean: 0.190656632185
        min: 0.0878190025687
        var: 0.00359680689871
    bpm: 128.697265625
    bpm_confidence: 0
    first_peak_bpm: 129
    first_peak_spread: 0
    first_peak_weight: 0.949999988079
    onset_rate: 4.39784622192
    second_peak_bpm: 119
    second_peak_spread: 0
    second_peak_weight: 0.0500000007451
    beats_position: [0.327368497849, 0.793053746223, 1.25873911381, 1.72442436218, 2.19010972977, 2.65579509735, 3.12148022652, 3.58716535568, 4.05285072327, 4.51853609085, 4.9842209816, 5.44990634918, 5.91559171677, 6.41987037659, 6.88657140732, 7.35327291489, 7.81997442245, 8.28667640686, 8.75337696075, 9.220079422, 9.68677997589]
    bpm_estimates: [128.820922852, 128.835342407, 128.924240112, 128.814865112, 128.960891724, 129.124313354, 128.82800293, 128.760452271, 128.695770264, 128.660079956, 128.846435547, 128.586914062, 128.939971924, 128.777816772, 129.076004028, 126.668388367, 128.642608643, 128.499191284, 128.430999756, 128.411697388, 129.337692261]
    bpm_intervals: [0.465685248375, 0.465685367584, 0.465685248375, 0.465685367584, 0.465685367584, 0.465685129166, 0.465685129166, 0.465685367584, 0.465685367584, 0.465684890747, 0.465685367584, 0.465685367584, 0.504278659821, 0.466701030731, 0.466701507568, 0.466701507568, 0.466701984406, 0.466700553894, 0.466702461243, 0.466700553894]
    onset_times: [0.0464399084449, 0.31346938014, 0.441179126501, 0.777868509293, 1.25387752056, 1.60217690468, 1.72988665104, 1.95047616959, 2.18267583847, 2.42648530006, 2.65868473053, 2.90249443054, 3.12308382988, 3.44816327095, 3.59909296036, 4.06349229813, 4.31891155243, 4.52789115906, 4.77170085907, 5.00390005112, 5.24770975113, 5.38702964783, 5.46829938889, 5.73532867432, 5.85142850876, 5.93269824982, 6.18811798096, 6.40870761871, 6.65251684189, 6.87310647964, 7.12852621078, 7.30267572403, 7.33750581741, 7.70902490616, 7.81351470947, 7.9644446373, 8.05732440948, 8.27791404724, 8.54494285583, 8.74231338501, 9.11383247375, 9.46213150024, 9.69433116913, 9.93814086914]
    rubato_start: []
    rubato_stop: []
    perceptual_tempo: "unknown"

sfx:
    inharmonicity:
        dmean: 0.073957234621
        dmean2: 0.126345381141
        dvar: 0.00420721899718
        dvar2: 0.0115573881194
        max: 0.403627544641
        mean: 0.0948294699192
        min: 0
        var: 0.00541209196672
    oddtoevenharmonicenergyratio:
        dmean: 2.41225028038
        dmean2: 4.52192687988
        dvar: 41.9342041016
        dvar2: 123.440612793
        max: 64.9394302368
        mean: 1.82037186623
        min: 0
        var: 23.3355369568
    pitch_after_max_to_before_max_energy_ratio: 0.239794611931
    pitch_centroid: 223.83052063
    pitch_max_to_total: 0.848484873772
    pitch_min_to_total: 0.0303030312061
    tristimulus:
        dmean: [0.123587965965, 0.292339622974, 0.206046804786]
        dmean2: [0.214290678501, 0.509844362736, 0.369013816118]
        dvar: [0.0165754538029, 0.0601138807833, 0.0286347772926]
        dvar2: [0.0497855618596, 0.177527308464, 0.0776151195168]
        max: [1, 0.961798012257, 0.679447174072]
        mean: [0.191427737474, 0.496096640825, 0.21252939105]
        min: [0.0146182226017, 0, 0]
        var: [0.0175301060081, 0.0724265426397, 0.0386594682932]

tonal:
    chords_changes_rate: 0.0277777779847
    chords_number_rate: 0.0138888889924
    chords_strength:
        dmean: 0.00762000540271
        dmean2: 0.00954953115433
        dvar: 3.82969592465e-05
        dvar2: 4.87257057102e-05
        max: 0.701624929905
        mean: 0.620374143124
        min: 0.446777641773
        var: 0.00333177135326
    key_strength: 0.746802449226
    tuning_diatonic_strength: 0.639599621296
    tuning_equal_tempered_deviation: 0.150527894497
    tuning_frequency: 441.782684326
    tuning_nontempered_energy_ratio: 0.770739197731
    hpcp:
        dmean: [0.148605525494, 0.141374602914, 0.185469374061, 0.195598393679, 0.171590462327, 0.164542481303, 0.168629288673, 0.17146487534, 0.198859870434, 0.210956349969, 0.159774288535, 0.111263170838, 0.109589003026, 0.125357657671, 0.12915250659, 0.13898101449, 0.149018228054, 0.158213913441, 0.155493304133, 0.122995942831, 0.149605974555, 0.1605463624, 0.132297903299, 0.159194171429, 0.145573154092, 0.118547566235, 0.105366036296, 0.120341397822, 0.142532616854, 0.185879319906, 0.192118167877, 0.160920366645, 0.171814605594, 0.147152394056, 0.155902639031, 0.167078092694]
        dmean2: [0.241043895483, 0.230192273855, 0.30561080575, 0.331175893545, 0.301083654165, 0.283163189888, 0.283018440008, 0.281627595425, 0.318483024836, 0.325478583574, 0.259797483683, 0.187924087048, 0.181190565228, 0.206402271986, 0.210227668285, 0.231732338667, 0.257602423429, 0.282003194094, 0.264352977276, 0.200388982892, 0.253923654556, 0.268398225307, 0.216649845243, 0.275867968798, 0.250333219767, 0.209667086601, 0.179705306888, 0.197699919343, 0.237011402845, 0.305689662695, 0.310230404139, 0.269983291626, 0.297709614038, 0.251903861761, 0.264885753393, 0.279703080654]
        dvar: [0.016822591424, 0.0184848532081, 0.0258902329952, 0.0308402553201, 0.0308719165623, 0.0218908283859, 0.0256098154932, 0.0245314929634, 0.0301281288266, 0.0344502367079, 0.0169553142041, 0.0110396547243, 0.00991514325142, 0.0162720922381, 0.0141184218228, 0.0179447196424, 0.020017741248, 0.0242401752621, 0.0330018103123, 0.014664022252, 0.0230308901519, 0.0208053253591, 0.0139878792688, 0.0223840232939, 0.0225275978446, 0.0131870545447, 0.0161255393177, 0.0175418816507, 0.0227795969695, 0.0217186454684, 0.0335496552289, 0.0242100227624, 0.0295828413218, 0.0199182126671, 0.021070305258, 0.0258567612618]
        dvar2: [0.0473372861743, 0.044328853488, 0.0623756274581, 0.0949029102921, 0.0901171937585, 0.054631575942, 0.0654625818133, 0.0627638548613, 0.06807076931, 0.0755653753877, 0.0425824709237, 0.0261285770684, 0.0263064242899, 0.0401933267713, 0.0345042571425, 0.0478328578174, 0.0605927407742, 0.0611151568592, 0.078218691051, 0.0406784191728, 0.0660573095083, 0.0545463562012, 0.03916458413, 0.0573035031557, 0.0573291964829, 0.0350700616837, 0.0506506189704, 0.0470836423337, 0.0615801513195, 0.0527129396796, 0.0758042111993, 0.0574113987386, 0.0749237537384, 0.0547965876758, 0.0624238476157, 0.0776681154966]
        max: [0.960242211819, 1, 1, 1, 1, 1, 1, 1, 1, 1, 1, 0.714442014694, 0.735900521278, 1, 1, 1, 1, 1, 1, 1, 1, 1, 0.905596792698, 1, 1, 0.775787651539, 1, 0.944364011288, 1, 1, 1, 1, 1, 1, 1, 1]
        mean: [0.301591813564, 0.343554109335, 0.417747706175, 0.375537455082, 0.280029058456, 0.295935630798, 0.323677301407, 0.338647603989, 0.536048054695, 0.634721636772, 0.399250745773, 0.22329890728, 0.232894673944, 0.269463688135, 0.311895936728, 0.324518173933, 0.314883828163, 0.401856958866, 0.415985524654, 0.286051034927, 0.276100844145, 0.297489613295, 0.27339169383, 0.331421822309, 0.308023184538, 0.218887135386, 0.199113741517, 0.218181028962, 0.273726254702, 0.463853418827, 0.609322965145, 0.459389567375, 0.298279523849, 0.268314570189, 0.291813194752, 0.312653034925]
        min: [0.0206852778792, 0.0173599421978, 0.0451399534941, 0.0377326644957, 0.0370306409895, 0.0219326149672, 0.0230818521231, 0.0335123725235, 0.0463130585849, 0.0386129058897, 0.0164276789874, 0.0188164524734, 0.0190270487219, 0.0200310312212, 0.0292762964964, 0.0499514900148, 0.0527279302478, 0.0124209383503, 0.0128611801192, 0.0235210824758, 0.0299151334912, 0.0205447357148, 0.0231949035078, 0.0221085455269, 0.0178764630109, 0.0134988501668, 0.0129453204572, 0.0198158845305, 0.015342165716, 0.0364874191582, 0.0633266121149, 0.0681329295039, 0.0203813072294, 0.02420203574, 0.0359221026301, 0.0226153992116]
        var: [0.0410694554448, 0.0426007546484, 0.0583942867815, 0.0493928901851, 0.0380029976368, 0.040586926043, 0.0526024773717, 0.048440925777, 0.0692436546087, 0.0996629521251, 0.041007462889, 0.0211465712637, 0.0220480170101, 0.0391527377069, 0.047035805881, 0.0467913299799, 0.0414987802505, 0.0767837539315, 0.111063227057, 0.0372507721186, 0.0360483936965, 0.0368251614273, 0.0268761496991, 0.0417252033949, 0.0486536063254, 0.0232305601239, 0.0223041139543, 0.0254417099059, 0.0341213420033, 0.0509882159531, 0.09050706774, 0.0554051324725, 0.044227797538, 0.0340775176883, 0.0398234762251, 0.0481573827565]
    chords_histogram: [76.851852417, 0, 0, 0, 0, 0, 0, 12.5, 0, 0, 10.6481485367, 0, 0, 0, 0, 0, 0, 0, 0, 0, 0, 0, 0, 0]
    thpcp: [1, 0.629017055035, 0.351806044579, 0.366924107075, 0.424538373947, 0.491390109062, 0.511276364326, 0.496097505093, 0.633123159409, 0.655382633209, 0.450671643019, 0.434995174408, 0.468693047762, 0.430726915598, 0.522153019905, 0.485288619995, 0.344855338335, 0.313702464104, 0.343742847443, 0.431254029274, 0.730798184872, 0.959984540939, 0.723765432835, 0.46993753314, 0.422727942467, 0.459749877453, 0.492582917213, 0.475156039, 0.54126739502, 0.658158898354, 0.591656923294, 0.441184043884, 0.466244757175, 0.509951591492, 0.533537209034, 0.84454035759]
    chords_key: "C"
    chords_scale: "minor"
    key_key: "C"
    key_scale: "minor"
    chords_progression: ["Cm", "Cm", "Cm", "Cm", "Cm", "Cm", "Cm", "Cm", "Cm", "Cm", "Cm", "Cm", "Cm", "Cm", "Cm", "Cm", "Cm", "Cm", "Cm", "Cm", "Cm", "Cm", "Cm", "Cm", "Cm", "Cm", "Cm", "Cm", "Cm", "Cm", "Cm", "Cm", "Cm", "Cm", "Cm", "Cm", "Cm", "Cm", "Cm", "Cm", "Cm", "Cm", "Cm", "Cm", "Cm", "Cm", "Cm", "Cm", "Cm", "Cm", "Cm", "Cm", "Cm", "Cm", "Cm", "Cm", "Cm", "Cm", "Cm", "Cm", "Cm", "Cm", "Cm", "Cm", "Cm", "Cm", "Cm", "Cm", "Cm", "Cm", "Cm", "Cm", "Cm", "Cm", "Cm", "Cm", "Cm", "Cm", "Cm", "Cm", "Cm", "Cm", "Cm", "Cm", "Cm", "Cm", "Cm", "Cm", "Cm", "Cm", "Cm", "Cm", "Cm", "Cm", "Cm", "Cm", "Cm", "Cm", "Cm", "Cm", "Cm", "Cm", "Cm", "Cm", "Cm", "Cm", "Cm", "Cm", "Cm", "Cm", "Cm", "Cm", "Cm", "Cm", "Cm", "Cm", "Cm", "Cm", "Cm", "Cm", "Cm", "Cm", "Cm", "Cm", "Cm", "Cm", "Cm", "Cm", "Cm", "Cm", "Cm", "Cm", "Cm", "Cm", "Bm", "Bm", "Bm", "Bm", "Bm", "Bm", "Bm", "Bm", "Bm", "Bm", "Bm", "Bm", "Bm", "Bm", "Bm", "Bm", "Bm", "Bm", "Bm", "Bm", "Bm", "Bm", "Bm", "Cm", "Cm", "Cm", "Cm", "C", "C", "Cm", "C", "C", "C", "C", "C", "C", "C", "C", "C", "C", "C", "C", "C", "C", "C", "C", "C", "C", "C", "C", "C", "C", "C", "C", "C", "Cm", "Cm", "Cm", "Cm", "Cm", "Cm", "Cm", "Cm", "Cm", "Cm", "Cm", "Cm", "Cm", "Cm", "Cm", "Cm", "Cm", "Cm", "Cm", "Cm", "Cm", "Cm", "Cm", "Cm", "Cm", "Cm", "Cm"]
