
metadata:
    version:
        essentia: "1.2.2"
    audio_properties:
        analysis_sample_rate: 44100
        bitrate: 128
        channels: 2
        equal_loudness: 1
        length: 9.97877597809
        replay_gain: -10.0861873627
        downmix: "mix"
    tags:
        track: 17
        year: 0
        album: "Splitted by Mp3Splt v. 2.1"
        artist: "From 002.40 To 002.50"
        comment: "http://mp3splt.sf.net"
        genre: ""
        title: "08 Crossroad.mp3"

highlevel:
    ballroom:
        all:
            ChaChaCha: 0.146732151508
            Jive: 0.0674028247595
            Quickstep: 0.0490160249174
            Rumba-American: 0.000553728605155
            Rumba-International: 0.0171677526087
            Rumba-Misc: 0.00503558246419
            Samba: 0.711111366749
            Tango: 0.00133990484755
            VienneseWaltz: 0.000926862529013
            Waltz: 0.00071382697206
        probability: 0.711111366749
        value: "Samba"
    culture:
        all:
            non_western: 0.0910016074777
            western: 0.908998370171
        probability: 0.908998370171
        value: "western"
    gender:
        all:
            female: 0.264547586441
            male: 0.735452413559
        probability: 0.735452413559
        value: "male"
    genre_dortmund:
        all:
            alternative: 0.00367204938084
            blues: 0.00536960083991
            electronic: 0.0103108678013
            folkcountry: 0.0133229540661
            funksoulrnb: 0.00992795359343
            jazz: 0.0193598680198
            pop: 0.0204138141125
            raphiphop: 0.910345971584
            rock: 0.0072769401595
        probability: 0.910345971584
        value: "raphiphop"
    genre_electronica:
        all:
            ambient: 0.0630646646023
            dnb: 0.338421851397
            house: 0.39621335268
            techno: 0.146163642406
            trance: 0.0561364777386
        probability: 0.39621335268
        value: "house"
    genre_rosamerica:
        all:
            cla: 0.00455707544461
            dan: 0.0706438869238
            hip: 0.718486189842
            jaz: 0.00920871086419
            pop: 0.0249786321074
            rhy: 0.159021496773
            roc: 0.00909800454974
            spe: 0.00400597695261
        probability: 0.718486189842
        value: "hip"
    genre_tzanetakis:
        all:
            blu: 0.00569374440238
            cla: 0.00344143575057
            cou: 0.010131531395
            dis: 0.0418468415737
            hip: 0.222204208374
            jaz: 0.0073935049586
            met: 0.00937295891345
            pop: 0.365590542555
            reg: 0.316475868225
            roc: 0.0178493857384
        probability: 0.365590542555
        value: "pop"
    live_studio:
        all:
            live: 0.0359098985791
            studio: 0.964090108871
        probability: 0.964090108871
        value: "studio"
    mood:
        all:
            Cluster1: 0.312586963177
            Cluster2: 0.207610934973
            Cluster3: 0.0443736761808
            Cluster4: 0.134004116058
            Cluster5: 0.301424324512
        probability: 0.312586963177
        value: "Cluster1"
    mood_acoustic:
        all:
            acoustic: 0.017657559365
            not_acoustic: 0.982342422009
        probability: 0.982342422009
        value: "not_acoustic"
    mood_aggressive:
        all:
            aggressive: 0.143367782235
            not_aggressive: 0.856632232666
        probability: 0.856632232666
        value: "not_aggressive"
    mood_electronic:
        all:
            electronic: 0.979917645454
            not_electronic: 0.0200823489577
        probability: 0.979917645454
        value: "electronic"
    mood_happy:
        all:
            happy: 0.581258535385
            not_happy: 0.418741464615
        probability: 0.581258535385
        value: "happy"
    mood_party:
        all:
            not_party: 0.159139558673
            party: 0.840860426426
        probability: 0.840860426426
        value: "party"
    mood_relaxed:
        all:
            not_relaxed: 0.706574082375
            relaxed: 0.293425917625
        probability: 0.706574082375
        value: "not_relaxed"
    mood_sad:
        all:
            not_sad: 0.913604915142
            sad: 0.0863950923085
        probability: 0.913604915142
        value: "not_sad"
    rhythm:
        all:
            fast: 0.390650600195
            medium: 0.582794308662
            slow: 0.0265551060438
        probability: 0.582794308662
        value: "medium"
    speech_music:
        all:
            music: 0.999122738838
            speech: 0.00087723688921
        probability: 0.999122738838
        value: "music"
    timbre:
        all:
            bright: 0.179954960942
            dark: 0.820045053959
        probability: 0.820045053959
        value: "dark"
    voice_instrumental:
        all:
            instrumental: 0.00795384030789
            voice: 0.992046177387
        probability: 0.992046177387
        value: "voice"

lowlevel:
    average_loudness: 0.986707448959
    barkbands_kurtosis:
        dmean: 1.33403420448
        dmean2: 2.07227921486
        dvar: 2.71778678894
        dvar2: 5.16868543625
        max: 16.3518066406
        mean: 0.233362436295
        min: -1.86695313454
        var: 6.50784158707
    barkbands_skewness:
        dmean: 0.627101778984
        dmean2: 0.88881611824
        dvar: 0.303666889668
        dvar2: 0.56313586235
        max: 3.95029258728
        mean: 0.366653561592
        min: -3.61688661575
        var: 1.36347091198
    barkbands_spread:
        dmean: 7.51920795441
        dmean2: 11.7287940979
        dvar: 41.408821106
        dvar2: 99.1136245728
        max: 65.5021438599
        mean: 33.4421234131
        min: 7.57009458542
        var: 116.741523743
    dissonance:
        dmean: 0.0237858742476
        dmean2: 0.0376795269549
        dvar: 0.000507366843522
        dvar2: 0.00137821456883
        max: 0.499181061983
        mean: 0.450160086155
        min: 0.270609676838
        var: 0.00124842731748
    hfc:
        dmean: 3.45626759529
        dmean2: 5.24156522751
        dvar: 66.5087814331
        dvar2: 159.646575928
        max: 79.7837753296
        mean: 5.95924520493
        min: 7.22678407783e-07
        var: 100.582015991
    pitch:
        dmean: 899.749267578
        dmean2: 1750.88366699
        dvar: 2175506.75
        dvar2: 4644946
        max: 5512.5
        mean: 1511.62487793
        min: 96.9230804443
        var: 3173825.75
    pitch_instantaneous_confidence:
        dmean: 0.129636272788
        dmean2: 0.201957434416
        dvar: 0.0108494721353
        dvar2: 0.0254275947809
        max: 0.917569041252
        mean: 0.52121591568
        min: 0.0203016400337
        var: 0.0282275434583
    pitch_salience:
        dmean: 0.0766317024827
        dmean2: 0.118377417326
        dvar: 0.00398257188499
        dvar2: 0.0102216815576
        max: 0.82887172699
        mean: 0.617238819599
        min: 0.251917988062
        var: 0.0105495490134
    silence_rate_20dB:
        dmean: 0
        dmean2: 0
        dvar: 0
        dvar2: 0
        max: 1
        mean: 1
        min: 1
        var: 0
    silence_rate_30dB:
        dmean: 0
        dmean2: 0
        dvar: 0
        dvar2: 0
        max: 1
        mean: 1
        min: 1
        var: 0
    silence_rate_60dB:
        dmean: 0.139534890652
        dmean2: 0.279720276594
        dvar: 0.120064981282
        dvar2: 0.201477482915
        max: 1
        mean: 0.70533645153
        min: 0
        var: 0.207837328315
    spectral_centroid:
        dmean: 409.332397461
        dmean2: 592.50793457
        dvar: 193927.4375
        dvar2: 348167.21875
        max: 4470.45654297
        mean: 1623.65148926
        min: 259.419342041
        var: 809403.625
    spectral_complexity:
        dmean: 3.56876468658
        dmean2: 5.2102804184
        dvar: 19.1590309143
        dvar2: 35.9791755676
        max: 41
        mean: 8.45116233826
        min: 0
        var: 50.8846664429
    spectral_crest:
        dmean: 2.47154784203
        dmean2: 4.2121591568
        dvar: 4.84994840622
        dvar2: 11.8454627991
        max: 21.4379920959
        mean: 7.95485973358
        min: 2.95608043671
        var: 9.99801254272
    spectral_decrease:
        dmean: 3.35326461043e-10
        dmean2: 5.16459208733e-10
        dvar: 3.21163367678e-19
        dvar2: 7.75152141096e-19
        max: -7.12683304485e-16
        mean: -6.37956243388e-10
        min: -4.58878890441e-09
        var: 4.32926971414e-19
    spectral_energy:
        dmean: 0.00156051944941
        dmean2: 0.00239209504798
        dvar: 7.74532327341e-06
        dvar2: 1.87250261661e-05
        max: 0.0241316072643
        mean: 0.00294831418432
        min: 2.75538769579e-09
        var: 1.07512778413e-05
    spectral_energyband_high:
        dmean: 0.000288395705866
        dmean2: 0.000460830837255
        dvar: 8.91469596809e-07
        dvar2: 2.03114814212e-06
        max: 0.0105923907831
        mean: 0.000493287283462
        min: 3.92052085241e-11
        var: 1.54960855525e-06
    spectral_energyband_low:
        dmean: 0.000307590991724
        dmean2: 0.000540712673683
        dvar: 8.7043986241e-07
        dvar2: 2.32693355429e-06
        max: 0.00771186221391
        mean: 0.00038696845877
        min: 1.5790999619e-09
        var: 7.16521867616e-07
    spectral_energyband_middle_high:
        dmean: 0.000752759748138
        dmean2: 0.00111223198473
        dvar: 1.92989500647e-06
        dvar2: 4.71901148558e-06
        max: 0.0129918456078
        mean: 0.00114283163566
        min: 7.38937799838e-11
        var: 2.41653492594e-06
    spectral_energyband_middle_low:
        dmean: 0.000482321163872
        dmean2: 0.000747522688471
        dvar: 4.03929675485e-07
        dvar2: 9.74317003966e-07
        max: 0.00591773213819
        mean: 0.000925112806726
        min: 7.17245207671e-10
        var: 6.40722021217e-07
    spectral_flatness_db:
        dmean: 0.0184372011572
        dmean2: 0.0291763152927
        dvar: 0.000234516919591
        dvar2: 0.000545224756934
        max: 0.250563830137
        mean: 0.160308212042
        min: 0.0934291705489
        var: 0.000784952193499
    spectral_flux:
        dmean: 0.0117901200429
        dmean2: 0.0182828456163
        dvar: 0.00023464403057
        dvar2: 0.000459962000605
        max: 0.143962204456
        mean: 0.0348777025938
        min: 5.24917886651e-05
        var: 0.000463249452878
    spectral_kurtosis:
        dmean: 1.18438816071
        dmean2: 1.94649851322
        dvar: 1.27423655987
        dvar2: 3.71166372299
        max: 11.8835992813
        mean: 2.99087882042
        min: -0.792960643768
        var: 2.87390899658
    spectral_rms:
        dmean: 0.000410725071561
        dmean2: 0.000590173352975
        dvar: 2.71988596978e-07
        dvar2: 5.6209722743e-07
        max: 0.00485211610794
        mean: 0.00151401467156
        min: 1.63956792676e-06
        var: 5.84162364703e-07
    spectral_rolloff:
        dmean: 658.393676758
        dmean2: 1061.7677002
        dvar: 656779.625
        dvar2: 1189155.875
        max: 7795.01953125
        mean: 3068.58325195
        min: 172.265625
        var: 1974962.625
    spectral_skewness:
        dmean: 0.204013928771
        dmean2: 0.31035399437
        dvar: 0.0321374051273
        dvar2: 0.0786847993731
        max: 2.4425008297
        mean: 1.11888039112
        min: 0.0449268780649
        var: 0.15484829247
    spectral_spread:
        dmean: 693927.1875
        dmean2: 928029.3125
        dvar: 2.37259771085e+12
        dvar2: 2.69153992704e+12
        max: 30778184
        mean: 4587798
        min: 2448212.25
        var: 3.35129608192e+12
    spectral_strongpeak:
        dmean: 0.531939923763
        dmean2: 0.936015307903
        dvar: 1.01860582829
        dvar2: 2.7753944397
        max: 10.3269262314
        mean: 0.595775365829
        min: 0
        var: 1.02909862995
    zerocrossingrate:
        dmean: 0.013692362234
        dmean2: 0.0148264095187
        dvar: 0.000153476634296
        dvar2: 0.000158822003868
        max: 0.22314453125
        mean: 0.0921398103237
        min: 0.01611328125
        var: 0.00137388636358
    barkbands:
        dmean: [3.20353456118e-06, 0.000141435913974, 0.000188377816812, 0.000119870142953, 0.00014009399456, 0.000103837854112, 0.000131211709231, 0.000131596680149, 8.92270618351e-05, 4.57868336525e-05, 3.78269942303e-05, 2.82251912722e-05, 4.34926005255e-05, 3.66323292837e-05, 4.96879983984e-05, 4.70064987894e-05, 5.45426519238e-05, 0.000166172088939, 0.000232857142692, 0.000407996500144, 0.000133892826852, 2.80606782326e-05, 4.71777138955e-06, 2.30266050494e-06, 4.65501415192e-07, 1.5956638677e-08, 4.33010710621e-10]
        dmean2: [3.98264637624e-06, 0.000237656611716, 0.000333737814799, 0.000189685044461, 0.000232208069065, 0.000165736419149, 0.000215945852688, 0.000197420216864, 0.000149022729602, 6.92572066328e-05, 5.50722761545e-05, 4.60093542642e-05, 6.80623925291e-05, 5.52783167223e-05, 7.83561481512e-05, 8.10933634057e-05, 8.62234664964e-05, 0.000264286849415, 0.000367896776879, 0.00070624583168, 0.000209519988857, 4.39112591266e-05, 7.24674191588e-06, 3.75448416889e-06, 6.99202814758e-07, 2.36039578994e-08, 5.16690412677e-10]
        dvar: [2.2995183882e-11, 1.65274542496e-07, 3.12985605433e-07, 6.94934598755e-08, 8.8208949478e-08, 2.89223436312e-08, 4.25084714095e-08, 5.30830206458e-08, 2.81470722285e-08, 7.78387665434e-09, 2.18065512314e-08, 2.99986036012e-09, 9.77019887216e-09, 6.3401230932e-09, 1.54225663351e-08, 1.07404316552e-08, 1.28721158177e-08, 1.33451507622e-07, 1.75204618813e-07, 1.8227236751e-06, 2.23614904371e-07, 6.57240084578e-09, 1.76134301588e-10, 1.17665127641e-10, 1.30919222945e-12, 1.0317700919e-15, 3.83663209499e-17]
        dvar2: [3.84856625735e-11, 4.43340582024e-07, 8.39545748477e-07, 1.73651798718e-07, 2.47366585882e-07, 6.73234268334e-08, 1.14184366851e-07, 1.05323024968e-07, 7.45773434119e-08, 1.70523595244e-08, 3.34687264569e-08, 7.98791166545e-09, 2.21108535925e-08, 1.3281704625e-08, 3.57242164739e-08, 2.78325220648e-08, 3.09872163484e-08, 3.21910846424e-07, 4.30235019167e-07, 5.30219676875e-06, 5.32535693765e-07, 1.37699407432e-08, 3.86463028246e-10, 2.70533623281e-10, 2.92106638357e-12, 2.09286848783e-15, 3.72621837247e-17]
        max: [4.61315648863e-05, 0.00317492336035, 0.00475734192878, 0.00277864653617, 0.00270251510665, 0.00157217006199, 0.00186736090109, 0.00226590037346, 0.00126696040388, 0.00101005716715, 0.00292459502816, 0.000509176461492, 0.00115458015352, 0.00113073340617, 0.00126438122243, 0.000728926621377, 0.0012492982205, 0.00354484794661, 0.00368350907229, 0.0132168466225, 0.00628317240626, 0.00111591885798, 0.000140996853588, 0.000130357046146, 1.09164702735e-05, 2.64751463419e-07, 1.30660794184e-07]
        mean: [6.0297793425e-06, 0.000173164604348, 0.000207890858292, 0.000153596964083, 0.000156755937496, 0.000136829141411, 0.000187891462701, 0.000162061201991, 0.000105308507045, 6.41929000267e-05, 4.13189736719e-05, 3.49168549292e-05, 5.3144631238e-05, 4.01694560423e-05, 5.07294571435e-05, 4.93514053233e-05, 6.81392775732e-05, 0.000202513518161, 0.000316782854497, 0.000454139168141, 0.000219720081077, 5.15188585268e-05, 8.65300080477e-06, 2.82661790152e-06, 6.50504944133e-07, 2.11807797967e-08, 4.41395281436e-10]
        min: [6.82689682563e-10, 8.55500004171e-10, 3.85718845752e-10, 2.53583792853e-10, 3.04934355544e-10, 9.87413414921e-11, 2.23453287124e-11, 1.15656364694e-11, 2.43183823773e-11, 9.66857496842e-12, 8.2824224909e-12, 9.05265359202e-12, 8.5492706664e-12, 8.59681596743e-12, 7.02039294753e-12, 4.16051915142e-12, 9.47728961281e-12, 3.78559900441e-12, 4.96814742124e-12, 6.40762356369e-12, 1.57183432936e-11, 5.47832612607e-12, 2.54793842275e-12, 2.62648041337e-12, 2.97524700189e-12, 2.81614358569e-12, 1.51598433243e-13]
        var: [7.64104196582e-11, 1.35869768769e-07, 2.49615368375e-07, 7.49441042558e-08, 7.58013243285e-08, 4.51858177541e-08, 9.61029371638e-08, 8.58388347069e-08, 3.81463607368e-08, 1.18323777443e-08, 3.52214577504e-08, 4.04632372053e-09, 1.32003794562e-08, 8.09729705509e-09, 1.71586354014e-08, 1.06440571912e-08, 1.64783244827e-08, 1.51521206249e-07, 2.3787536918e-07, 1.31535136916e-06, 3.86757790238e-07, 1.73090910494e-08, 4.63027033382e-10, 1.1605960637e-10, 2.09419439255e-12, 1.92424116869e-15, 3.95781107688e-17]
    mfcc:
        mean: [-766.713378906, 111.061965942, -33.9764862061, 71.2770996094, -23.2926120758, -3.64430522919, 6.51245641708, -1.81013584137, -2.94655251503, 7.68897008896, 5.62988185883, 1.31662607193, -0.223157301545]
        cov: [[5034.86376953, -749.772705078, -612.431762695, -110.817108154, -223.517578125, -92.1869812012, -80.4066772461, -231.229949951, 23.0080909729, -37.9189224243, -16.4577312469, -31.2919025421, -67.8217544556], [-749.772705078, 1070.19909668, -204.548370361, -36.7487716675, 66.2328948975, -67.6435699463, 179.034637451, 144.179229736, -4.31828069687, 32.802772522, 80.8970565796, 27.0886898041, 39.8605232239], [-612.431762695, -204.548370361, 589.844055176, 73.9194335938, 62.6154174805, 158.84362793, -37.2149429321, 58.3094024658, -8.58020591736, -61.2099075317, -49.7903327942, 31.7193622589, 10.6955251694], [-110.817108154, -36.7487716675, 73.9194335938, 418.847747803, 197.392486572, -69.6314163208, -72.9729995728, -38.3509025574, 11.2217493057, -19.5298233032, -55.0447807312, 32.5852165222, 50.689250946], [-223.517578125, 66.2328948975, 62.6154174805, 197.392486572, 315.354492188, 18.8038864136, -81.9093093872, -33.5696678162, 73.8954467773, 22.7221431732, -63.3054122925, -11.1848316193, 10.7168493271], [-92.1869812012, -67.6435699463, 158.84362793, -69.6314163208, 18.8038864136, 224.532165527, 28.6400413513, 39.5766563416, 13.9988098145, -31.0633792877, -28.3974761963, -34.421497345, -30.6820201874], [-80.4066772461, 179.034637451, -37.2149429321, -72.9729995728, -81.9093093872, 28.6400413513, 274.118408203, 132.215988159, -19.7484264374, 7.10585784912, 53.0944976807, -11.0363903046, -31.8574028015], [-231.229949951, 144.179229736, 58.3094024658, -38.3509025574, -33.5696678162, 39.5766563416, 132.215988159, 197.118469238, 37.4622573853, -21.1226425171, 18.9095191956, -7.70008850098, -27.2385482788], [23.0080909729, -4.31828069687, -8.58020591736, 11.2217493057, 73.8954467773, 13.9988098145, -19.7484264374, 37.4622573853, 144.36038208, 50.9092330933, -18.4762821198, -27.0259399414, -27.9957427979], [-37.9189224243, 32.802772522, -61.2099075317, -19.5298233032, 22.7221431732, -31.0633792877, 7.10585784912, -21.1226425171, 50.9092330933, 165.491836548, 52.1479110718, -20.9393196106, -22.7867469788], [-16.4577312469, 80.8970565796, -49.7903327942, -55.0447807312, -63.3054122925, -28.3974761963, 53.0944976807, 18.9095191956, -18.4762821198, 52.1479110718, 112.536819458, 34.6071739197, -7.27589845657], [-31.2919025421, 27.0886898041, 31.7193622589, 32.5852165222, -11.1848316193, -34.421497345, -11.0363903046, -7.70008850098, -27.0259399414, -20.9393196106, 34.6071739197, 107.379745483, 53.539768219], [-67.8217544556, 39.8605232239, 10.6955251694, 50.689250946, 10.7168493271, -30.6820201874, -31.8574028015, -27.2385482788, -27.9957427979, -22.7867469788, -7.27589845657, 53.539768219, 98.7457351685]]
        icov: [[0.000303765642457, 0.0002533190127, 0.00042253601714, -3.28886599164e-05, 0.000131599401357, -0.000107953266706, -0.000107447864139, 0.000236673367908, -0.000231869853451, 0.000229429919273, 1.99386049644e-05, -0.00020509074966, 0.000160164854606], [0.0002533190127, 0.00174672703724, 0.000934344250709, 0.000482088245917, -0.0012058384018, 0.000242639231146, -0.000569129770156, -0.00119297439232, 0.000504951400217, 0.000120915487059, -0.000730749161448, -8.46996190376e-05, -0.00102306844201], [0.00042253601714, 0.000934344250709, 0.00353040592745, -0.000508739962243, -0.000265138485702, -0.0022235151846, 0.000716574839316, -0.00175954157021, 0.00100055104122, -0.000282862049062, 0.000877265469171, -0.00200159894302, 0.0002438165684], [-3.28886599164e-05, 0.000482088245917, -0.000508739962243, 0.00450999103487, -0.00317382346839, 0.00214789086021, -0.000404671765864, -0.000393431109842, 0.000741497671697, 0.000406734005082, 0.000642986560706, -0.000449619779829, -0.00110920425504], [0.000131599401357, -0.0012058384018, -0.000265138485702, -0.00317382346839, 0.00727448239923, -0.00174492783844, 0.000875582860317, 0.00183697906323, -0.00293377041817, -0.00108679581899, 0.00235854368657, -0.000407305196859, 0.00100468238816], [-0.000107953266706, 0.000242639231146, -0.0022235151846, 0.00214789086021, -0.00174492783844, 0.00759394140914, -0.00126664689742, 0.000171822481207, -0.0004496020847, 0.00156001234427, -6.44481333438e-05, 0.00215164455585, 0.000215019754251], [-0.000107447864139, -0.000569129770156, 0.000716574839316, -0.000404671765864, 0.000875582860317, -0.00126664689742, 0.00723365042359, -0.00484853377566, 0.00259686307982, -0.00132345734164, -0.000897464167792, 0.000289852323476, 0.00100129633211], [0.000236673367908, -0.00119297439232, -0.00175954157021, -0.000393431109842, 0.00183697906323, 0.000171822481207, -0.00484853377566, 0.0121221356094, -0.00606709066778, 0.00377966486849, -0.00162967573851, 0.000702966586687, 0.00132115685847], [-0.000231869853451, 0.000504951400217, 0.00100055104122, 0.000741497671697, -0.00293377041817, -0.0004496020847, 0.00259686307982, -0.00606709066778, 0.0128619000316, -0.00518570607528, 0.00340590556152, -0.00109544920269, 0.00178559625056], [0.000229429919273, 0.000120915487059, -0.000282862049062, 0.000406734005082, -0.00108679581899, 0.00156001234427, -0.00132345734164, 0.00377966486849, -0.00518570607528, 0.0114761004224, -0.0076974988915, 0.00418613990769, -0.000509945501108], [1.99386049644e-05, -0.000730749161448, 0.000877265469171, 0.000642986560706, 0.00235854368657, -6.44481333438e-05, -0.000897464167792, -0.00162967573851, 0.00340590556152, -0.0076974988915, 0.019462633878, -0.00947188492864, 0.00462755281478], [-0.00020509074966, -8.46996190376e-05, -0.00200159894302, -0.000449619779829, -0.000407305196859, 0.00215164455585, 0.000289852323476, 0.000702966586687, -0.00109544920269, 0.00418613990769, -0.00947188492864, 0.0187420807779, -0.00886330287904], [0.000160164854606, -0.00102306844201, 0.0002438165684, -0.00110920425504, 0.00100468238816, 0.000215019754251, 0.00100129633211, 0.00132115685847, 0.00178559625056, -0.000509945501108, 0.00462755281478, -0.00886330287904, 0.0173734370619]]
    spectral_contrast:
        mean: [-1.23714292144e-08, -6.42222701686e-08, 2.31314540855e-08, 2.34537353094e-07, -4.12545574591e-07, -3.03290619286e-07, -1.06879440409e-06, 3.93252048525e-06, -2.25638223128e-06, 4.93290826853e-06, -2.26248153012e-06, 3.81539030059e-06]
        var: [0.000711430853698, 0.00114192499314, 0.00181683024857, 0.00297325802967, 0.00462555885315, 0.00743700005114, 0.0938415229321, 0.159332290292, 0.180221259594, 0.289528012276, 0.515853106976, 2.77279114723]

rhythm:
    beats_loudness:
        dmean: 0.00617991387844
        dmean2: 0.0121655147523
        dvar: 1.25793258121e-05
        dvar2: 2.89160288958e-05
        max: 0.0181399453431
        mean: 0.0060027311556
        min: 0.000442645221483
        var: 1.87691966858e-05
    beats_loudness_bass:
        dmean: 0.266988903284
        dmean2: 0.419628858566
        dvar: 0.0491021536291
        dvar2: 0.0772963240743
        max: 0.683769881725
        mean: 0.255415260792
        min: 0.00645785592496
        var: 0.0629454255104
    bpm: 132.971725464
    bpm_confidence: 0
    first_peak_bpm: 133
    first_peak_spread: 0
    first_peak_weight: 0.952380955219
    onset_rate: 5.31127309799
    second_peak_bpm: 123
    second_peak_spread: 0
    second_peak_weight: 0.047619048506
    beats_position: [0.133179977536, 0.584514677525, 1.03584945202, 1.4871840477, 1.93851876259, 2.38985347748, 2.84118819237, 3.29252290726, 3.74385762215, 4.19519233704, 4.64652681351, 5.09786176682, 5.54919624329, 6.03760242462, 6.48871850967, 6.93983459473, 7.39095067978, 7.84206676483, 8.29318332672, 8.74429893494, 9.19541549683, 9.64653015137]
    bpm_estimates: [132.919815063, 133.17628479, 132.724105835, 132.826080322, 133.150192261, 132.838973999, 133.222106934, 132.892715454, 133.472167969, 132.490036011, 133.137908936, 132.810424805]
    bpm_intervals: [0.45133471489, 0.451334774494, 0.45133459568, 0.45133471489, 0.45133471489, 0.45133471489, 0.45133471489, 0.45133471489, 0.45133471489, 0.451334476471, 0.451334953308, 0.451334476471, 0.488406181335, 0.451116085052, 0.451116085052, 0.451116085052, 0.451116085052, 0.45111656189, 0.451115608215, 0.45111656189, 0.451114654541]
    onset_times: [0.0696598663926, 0.568888902664, 0.743038535118, 0.882358253002, 1.03328800201, 1.17260766029, 1.24226760864, 1.50929701328, 1.62539684772, 1.74149656296, 1.93886625767, 2.17106580734, 2.29877543449, 2.40326523781, 2.51936507225, 2.62385487556, 2.85605430603, 3.11147403717, 3.21596360207, 3.30884361267, 3.52943301201, 3.73841261864, 4.20281171799, 4.36535167694, 4.45823144913, 4.65560102463, 4.93424034119, 5.13160991669, 5.5727891922, 5.89786863327, 6.03718805313, 6.17650794983, 6.31582784653, 6.47836732864, 6.81505680084, 7.04725646973, 7.16335582733, 7.31428575516, 7.39555549622, 7.73224496841, 7.84834480286, 8.01088428497, 8.13859367371, 8.31274414062, 8.55655288696, 8.74231338501, 8.87002277374, 9.2067117691, 9.55501174927, 9.69433116913, 9.79882049561, 9.84526062012, 9.89170074463]
    rubato_start: []
    rubato_stop: []
    perceptual_tempo: "unknown"

sfx:
    inharmonicity:
        dmean: 0.0527715161443
        dmean2: 0.0916496962309
        dvar: 0.00343934400007
        dvar2: 0.00932125467807
        max: 0.344052165747
        mean: 0.0601327084005
        min: 2.7249507184e-05
        var: 0.00401060050353
    oddtoevenharmonicenergyratio:
        dmean: 2.14402031898
        dmean2: 4.04473543167
        dvar: 32.1743011475
        dvar2: 93.4531097412
        max: 52.3809280396
        mean: 1.47741186619
        min: 0.000189466794836
        var: 18.4792404175
    pitch_after_max_to_before_max_energy_ratio: 0.193519949913
    pitch_centroid: 198.357223511
    pitch_max_to_total: 0.823255836964
    pitch_min_to_total: 0.830232560635
    tristimulus:
        dmean: [0.191868275404, 0.278382271528, 0.168740034103]
        dmean2: [0.328602403402, 0.481677770615, 0.303804516792]
        dvar: [0.0301472917199, 0.0494085587561, 0.0329627729952]
        dvar2: [0.0780016183853, 0.136325120926, 0.0904261097312]
        max: [0.96016818285, 0.986812829971, 0.935186803341]
        mean: [0.339233696461, 0.430835425854, 0.164623752236]
        min: [0.00365441432223, 0, 0]
        var: [0.0582339204848, 0.069434158504, 0.035130366683]

tonal:
    chords_changes_rate: 0.037209302187
    chords_number_rate: 0.00930232554674
    chords_strength:
        dmean: 0.0114780832082
        dmean2: 0.0144092943519
        dvar: 8.18282351247e-05
        dvar2: 0.00012626494572
        max: 0.791203379631
        mean: 0.633281886578
        min: 0.51533305645
        var: 0.00398731697351
    key_strength: 0.77173614502
    tuning_diatonic_strength: 0.730405926704
    tuning_equal_tempered_deviation: 0.180874973536
    tuning_frequency: 436.960693359
    tuning_nontempered_energy_ratio: 0.863114774227
    hpcp:
        dmean: [0.174252584577, 0.173330128193, 0.155107617378, 0.153028935194, 0.158552438021, 0.1924328655, 0.220872789621, 0.191014826298, 0.185324817896, 0.196714788675, 0.155449271202, 0.145340442657, 0.182346075773, 0.192073658109, 0.206033080816, 0.261477679014, 0.292299419641, 0.211399450898, 0.108267359436, 0.0629155337811, 0.0739729478955, 0.0874521136284, 0.0913803949952, 0.106882229447, 0.136476814747, 0.143301710486, 0.145734399557, 0.178535073996, 0.209686905146, 0.229341700673, 0.292054504156, 0.256407946348, 0.219710469246, 0.168237417936, 0.164841413498, 0.171591609716]
        dmean2: [0.277392625809, 0.280424028635, 0.25302696228, 0.257486641407, 0.265520066023, 0.328121840954, 0.391903221607, 0.334459245205, 0.320571929216, 0.341472387314, 0.274381190538, 0.242866963148, 0.313450962305, 0.335767537355, 0.369249224663, 0.438753128052, 0.492154657841, 0.369299650192, 0.194906517863, 0.106720335782, 0.129232555628, 0.151165544987, 0.16043664515, 0.18162356317, 0.230067744851, 0.238784536719, 0.244698926806, 0.305919587612, 0.360295861959, 0.389850884676, 0.505963087082, 0.420663028955, 0.380143880844, 0.293516665697, 0.292478650808, 0.295384407043]
        dvar: [0.0291241016239, 0.0283057112247, 0.0329567305744, 0.0324616283178, 0.0300837364048, 0.0460058003664, 0.0683317109942, 0.0510738678277, 0.0475937351584, 0.0568177886307, 0.0345623753965, 0.0401206985116, 0.0530618652701, 0.0584898367524, 0.0517621338367, 0.0639168173075, 0.0718050152063, 0.047004185617, 0.0245715864003, 0.0135850328952, 0.0155654335395, 0.0187207870185, 0.0191663410515, 0.0193229392171, 0.0231613330543, 0.0302843935788, 0.0393226705492, 0.0451232306659, 0.04515594244, 0.0499971657991, 0.0721415653825, 0.0511152036488, 0.058518525213, 0.0565621368587, 0.0475276075304, 0.0386219285429]
        dvar2: [0.0699428021908, 0.0690378546715, 0.0816284865141, 0.0855552330613, 0.0792375952005, 0.121530525386, 0.173887506127, 0.135857835412, 0.12774066627, 0.158484697342, 0.0921253487468, 0.100049175322, 0.132537841797, 0.167441859841, 0.155738860369, 0.17074149847, 0.183064654469, 0.127178564668, 0.0676768049598, 0.0349757708609, 0.0410994514823, 0.0490107275546, 0.0507791787386, 0.0484841503203, 0.0569564402103, 0.0750205740333, 0.0860308110714, 0.111195348203, 0.119299009442, 0.142998456955, 0.194775506854, 0.145269289613, 0.150744482875, 0.144619137049, 0.134986594319, 0.111855126917]
        max: [1, 1, 1, 1, 1, 1, 1, 1, 1, 1, 1, 1, 1, 1, 1, 1, 1, 1, 0.981850087643, 0.782610714436, 1, 0.821646809578, 1, 0.914587259293, 1, 0.956822931767, 1, 1, 1, 1, 1, 1, 1, 1, 1, 1]
        mean: [0.254641056061, 0.255213499069, 0.241858094931, 0.226345121861, 0.191297203302, 0.20907497406, 0.231871455908, 0.211123690009, 0.207331195474, 0.219011545181, 0.178709805012, 0.167230561376, 0.190292328596, 0.183431982994, 0.203981101513, 0.336027920246, 0.385933816433, 0.235974878073, 0.106864228845, 0.0642529800534, 0.0683776289225, 0.0908745080233, 0.0915513262153, 0.103558205068, 0.136269360781, 0.149553611875, 0.164380341768, 0.20589415729, 0.23571331799, 0.289121985435, 0.45754763484, 0.459990948439, 0.272445350885, 0.170302629471, 0.156813055277, 0.198894932866]
        min: [0.0063124364242, 0.0069010714069, 0.00652872258797, 0.00787440873682, 0.00471732951701, 0.00232710735872, 0.00217238743789, 0.00534792849794, 0.00421582954004, 0.00296120089479, 0.00311331264675, 0.00186579057481, 0.000767455145251, 0.00135570717975, 0.00332606956363, 0.00263808108866, 0.000570712669287, 0.000973123882432, 0.00153754057828, 0.000987488427199, 0.00126394757535, 0.00176028173883, 0.000830251607113, 0.00139016588219, 0.00204406469129, 0.00215194211341, 0.00011139792332, 0.000318142119795, 0.00184195907786, 0.00300528551452, 0.00339440861717, 0.00622720783576, 0.00377993262373, 0.00137461372651, 0.00268647121266, 0.00357884378172]
        var: [0.0615474358201, 0.0486595071852, 0.0640022307634, 0.0679143071175, 0.044149056077, 0.0553179457784, 0.0708519592881, 0.0547238886356, 0.0501978397369, 0.0609086044133, 0.0424271039665, 0.0535543747246, 0.070403046906, 0.0595460236073, 0.0512937493622, 0.0958428755403, 0.110728904605, 0.0582783073187, 0.0223613809794, 0.0116577437147, 0.0133601063862, 0.0166244413704, 0.0166072640568, 0.0182486306876, 0.0236492753029, 0.0322343483567, 0.0471202805638, 0.063948392868, 0.0665601193905, 0.0629864111543, 0.113508313894, 0.106346800923, 0.0744588077068, 0.0504120178521, 0.0442349463701, 0.0441261418164]
    chords_histogram: [65.5813980103, 0, 0, 0, 0, 0, 0, 0, 0, 0, 0, 0, 0, 0, 0, 0, 0, 34.4186058044, 0, 0, 0, 0, 0, 0]
    thpcp: [1, 0.592284142971, 0.370230406523, 0.340904653072, 0.432388782501, 0.55357837677, 0.554822862148, 0.525788784027, 0.492064297199, 0.415871679783, 0.454519748688, 0.504078328609, 0.458973586559, 0.450728863478, 0.476121425629, 0.388507217169, 0.363551855087, 0.413687109947, 0.398773014545, 0.443445891142, 0.730509877205, 0.83900308609, 0.51299893856, 0.232318118215, 0.139683142304, 0.148649945855, 0.197557166219, 0.199028536677, 0.225130960345, 0.296243578196, 0.325122952461, 0.357355594635, 0.447604805231, 0.512430310249, 0.628538429737, 0.994688332081]
    chords_key: "G"
    chords_scale: "major"
    key_key: "G"
    key_scale: "major"
    chords_progression: ["G", "G", "G", "G", "G", "G", "G", "G", "G", "G", "G", "G", "G", "G", "G", "G", "G", "G", "G", "G", "G", "G", "G", "G", "Gm", "Gm", "G", "Gm", "G", "Gm", "Gm", "Gm", "Gm", "Gm", "Gm", "Gm", "Gm", "Gm", "Gm", "Gm", "Gm", "Gm", "Gm", "Gm", "Gm", "Gm", "Gm", "Gm", "Gm", "Gm", "Gm", "Gm", "Gm", "Gm", "Gm", "Gm", "Gm", "Gm", "Gm", "Gm", "Gm", "Gm", "Gm", "Gm", "Gm", "Gm", "Gm", "Gm", "Gm", "Gm", "Gm", "Gm", "Gm", "Gm", "Gm", "Gm", "Gm", "Gm", "Gm", "Gm", "Gm", "Gm", "Gm", "Gm", "Gm", "Gm", "Gm", "Gm", "Gm", "Gm", "Gm", "Gm", "Gm", "Gm", "Gm", "Gm", "Gm", "G", "G", "G", "G", "G", "G", "G", "G", "G", "G", "G", "G", "G", "G", "G", "G", "G", "G", "G", "G", "G", "G", "G", "G", "G", "G", "G", "G", "G", "G", "G", "G", "G", "G", "G", "G", "G", "G", "G", "G", "G", "G", "G", "G", "G", "G", "G", "G", "G", "G", "G", "G", "G", "G", "G", "G", "G", "G", "G", "G", "G", "G", "G", "G", "G", "G", "G", "G", "G", "G", "G", "G", "G", "G", "Gm", "Gm", "Gm", "G", "G", "G", "G", "G", "G", "G", "G", "G", "G", "G", "G", "G", "G", "G", "G", "G", "G", "G", "G", "G", "G", "G", "G", "G", "G", "G", "G", "G", "G", "G", "G", "G", "G", "G", "G", "G", "G", "G", "G", "G"]
