
metadata:
    version:
        essentia: "1.2.2"
    audio_properties:
        analysis_sample_rate: 44100
        bitrate: 128
        channels: 2
        equal_loudness: 1
        length: 10.0310201645
        replay_gain: -13.4661941528
        downmix: "mix"
    tags:
        track: 8
        year: 0
        album: "Splitted by Mp3Splt v. 2.1"
        artist: "From 001.10 To 001.20"
        comment: "http://mp3splt.sf.net"
        genre: ""
        title: "10 Same Old Story.mp3"

highlevel:
    ballroom:
        all:
            ChaChaCha: 0.0769672617316
            Jive: 0.742351233959
            Quickstep: 0.0323227979243
            Rumba-American: 0.00136054097675
            Rumba-International: 0.00274771521799
            Rumba-Misc: 0.0012151314877
            Samba: 0.133968174458
            Tango: 0.000822980888188
            VienneseWaltz: 0.00692161917686
            Waltz: 0.00132252764888
        probability: 0.742351233959
        value: "Jive"
    culture:
        all:
            non_western: 0.072433963418
            western: 0.927566051483
        probability: 0.927566051483
        value: "western"
    gender:
        all:
            female: 0.00324168265797
            male: 0.996758341789
        probability: 0.996758341789
        value: "male"
    genre_dortmund:
        all:
            alternative: 0.0434886664152
            blues: 0.0631521269679
            electronic: 0.00761047191918
            folkcountry: 0.0168099626899
            funksoulrnb: 0.0170655418187
            jazz: 0.0548755526543
            pop: 0.0334141626954
            raphiphop: 0.0044846246019
            rock: 0.759098887444
        probability: 0.759098887444
        value: "rock"
    genre_electronica:
        all:
            ambient: 0.0667069405317
            dnb: 0.21591308713
            house: 0.00407959101722
            techno: 0.00700104329735
            trance: 0.706299304962
        probability: 0.706299304962
        value: "trance"
    genre_rosamerica:
        all:
            cla: 0.00274955597706
            dan: 0.0320082865655
            hip: 0.0183650683612
            jaz: 0.0040486427024
            pop: 0.0583325959742
            rhy: 0.0058566024527
            roc: 0.876559138298
            spe: 0.0020801355131
        probability: 0.876559138298
        value: "roc"
    genre_tzanetakis:
        all:
            blu: 0.00364679261111
            cla: 0.00311125768349
            cou: 0.0637417286634
            dis: 0.131223812699
            hip: 0.0287640634924
            jaz: 0.063801266253
            met: 0.0552424117923
            pop: 0.370585232973
            reg: 0.00789881870151
            roc: 0.271984606981
        probability: 0.370585232973
        value: "pop"
    live_studio:
        all:
            live: 0.0650635585189
            studio: 0.934936463833
        probability: 0.934936463833
        value: "studio"
    mood:
        all:
            Cluster1: 0.300083994865
            Cluster2: 0.152841746807
            Cluster3: 0.0296884030104
            Cluster4: 0.0887465700507
            Cluster5: 0.428639262915
        probability: 0.428639262915
        value: "Cluster5"
    mood_acoustic:
        all:
            acoustic: 0.0143100144342
            not_acoustic: 0.985689997673
        probability: 0.985689997673
        value: "not_acoustic"
    mood_aggressive:
        all:
            aggressive: 0.853925526142
            not_aggressive: 0.146074458957
        probability: 0.853925526142
        value: "aggressive"
    mood_electronic:
        all:
            electronic: 0.0702472478151
            not_electronic: 0.929752767086
        probability: 0.929752767086
        value: "not_electronic"
    mood_happy:
        all:
            happy: 0.799044847488
            not_happy: 0.200955122709
        probability: 0.799044847488
        value: "happy"
    mood_party:
        all:
            not_party: 0.292930305004
            party: 0.707069694996
        probability: 0.707069694996
        value: "party"
    mood_relaxed:
        all:
            not_relaxed: 0.993096351624
            relaxed: 0.0069036190398
        probability: 0.993096351624
        value: "not_relaxed"
    mood_sad:
        all:
            not_sad: 0.940440058708
            sad: 0.0595599338412
        probability: 0.940440058708
        value: "not_sad"
    rhythm:
        all:
            fast: 0.883314073086
            medium: 0.115442551672
            slow: 0.00124339351896
        probability: 0.883314073086
        value: "fast"
    speech_music:
        all:
            music: 0.999556541443
            speech: 0.000443435594207
        probability: 0.999556541443
        value: "music"
    timbre:
        all:
            bright: 0.0237984713167
            dark: 0.976201534271
        probability: 0.976201534271
        value: "dark"
    voice_instrumental:
        all:
            instrumental: 0.00654235575348
            voice: 0.993457615376
        probability: 0.993457615376
        value: "voice"

lowlevel:
    average_loudness: 0.971391439438
    barkbands_kurtosis:
        dmean: 1.03502345085
        dmean2: 1.67459619045
        dvar: 5.79114723206
        dvar2: 13.5395088196
        max: 18.9937438965
        mean: -0.575267791748
        min: -1.89339470863
        var: 5.54715776443
    barkbands_skewness:
        dmean: 0.550070166588
        dmean2: 0.803358435631
        dvar: 0.303978830576
        dvar2: 0.619603097439
        max: 4.20690488815
        mean: 0.227357104421
        min: -1.58211755753
        var: 0.768469631672
    barkbands_spread:
        dmean: 6.9270234108
        dmean2: 10.8962450027
        dvar: 43.2000045776
        dvar2: 99.2048950195
        max: 72.4322280884
        mean: 34.9254608154
        min: 7.33254575729
        var: 100.75177002
    dissonance:
        dmean: 0.0158376358449
        dmean2: 0.0258248709142
        dvar: 0.000262957211817
        dvar2: 0.000616748759057
        max: 0.498872429132
        mean: 0.470778346062
        min: 0.361155301332
        var: 0.000512036087457
    hfc:
        dmean: 3.09703850746
        dmean2: 4.70391464233
        dvar: 10.9655437469
        dvar2: 25.8411369324
        max: 27.1032791138
        mean: 8.65571594238
        min: 0.179681375623
        var: 25.9712429047
    pitch:
        dmean: 1013.5793457
        dmean2: 1950.38537598
        dvar: 2103346
        dvar2: 4776573.5
        max: 4410
        mean: 1400.34973145
        min: 65.430267334
        var: 2527980.75
    pitch_instantaneous_confidence:
        dmean: 0.0984946191311
        dmean2: 0.161844149232
        dvar: 0.0074165109545
        dvar2: 0.0175723228604
        max: 0.829011142254
        mean: 0.398933410645
        min: 0.160673499107
        var: 0.0200098287314
    pitch_salience:
        dmean: 0.0732697322965
        dmean2: 0.113395780325
        dvar: 0.00400224560872
        dvar2: 0.00996335968375
        max: 0.846542179585
        mean: 0.618622899055
        min: 0.314463943243
        var: 0.0108424508944
    silence_rate_20dB:
        dmean: 0
        dmean2: 0
        dvar: 0
        dvar2: 0
        max: 1
        mean: 1
        min: 1
        var: 0
    silence_rate_30dB:
        dmean: 0
        dmean2: 0
        dvar: 0
        dvar2: 0
        max: 1
        mean: 1
        min: 1
        var: 0
    silence_rate_60dB:
        dmean: 0.115740738809
        dmean2: 0.229698374867
        dvar: 0.102345116436
        dvar2: 0.204779997468
        max: 1
        mean: 0.256351053715
        min: 0
        var: 0.190636456013
    spectral_centroid:
        dmean: 366.085205078
        dmean2: 544.024230957
        dvar: 108763.0625
        dvar2: 213700.421875
        max: 3562.84082031
        mean: 1693.79162598
        min: 266.554779053
        var: 338556.59375
    spectral_complexity:
        dmean: 4.6821346283
        dmean2: 6.90697669983
        dvar: 18.648399353
        dvar2: 38.1494789124
        max: 38
        mean: 15.1990737915
        min: 0
        var: 60.0020561218
    spectral_crest:
        dmean: 2.40171551704
        dmean2: 3.86769509315
        dvar: 4.96799230576
        dvar2: 12.5375623703
        max: 20.2497692108
        mean: 7.53507900238
        min: 3.32136511803
        var: 10.8863296509
    spectral_decrease:
        dmean: 3.88806847829e-10
        dmean2: 6.10580586091e-10
        dvar: 2.07562156361e-19
        dvar2: 5.04750572864e-19
        max: -1.26134718989e-11
        mean: -1.14201681445e-09
        min: -3.76133479918e-09
        var: 3.91747749172e-19
    spectral_energy:
        dmean: 0.00170294730924
        dmean2: 0.00265789218247
        dvar: 3.85537759939e-06
        dvar2: 9.32527473196e-06
        max: 0.0157525483519
        mean: 0.00509533332661
        min: 6.39038335066e-05
        var: 7.52476444177e-06
    spectral_energyband_high:
        dmean: 0.000189809332369
        dmean2: 0.000288008624921
        dvar: 5.42686890981e-08
        dvar2: 9.37579400784e-08
        max: 0.00268755340949
        mean: 0.000468894460937
        min: 6.86126804794e-06
        var: 1.70327680848e-07
    spectral_energyband_low:
        dmean: 0.000189715603483
        dmean2: 0.000303411128698
        dvar: 6.79863205733e-08
        dvar2: 1.76844807243e-07
        max: 0.00180518010166
        mean: 0.000278007530142
        min: 9.26728830564e-07
        var: 9.23082623672e-08
    spectral_energyband_middle_high:
        dmean: 0.00078911811579
        dmean2: 0.00118459481746
        dvar: 6.63542607526e-07
        dvar2: 1.58754710355e-06
        max: 0.00703274318948
        mean: 0.00218923855573
        min: 4.95872591273e-05
        var: 1.98642055693e-06
    spectral_energyband_middle_low:
        dmean: 0.00104879320133
        dmean2: 0.00169487611856
        dvar: 1.92420884559e-06
        dvar2: 4.63627748104e-06
        max: 0.0114138135687
        mean: 0.00215919455513
        min: 5.53215841137e-06
        var: 3.35912591254e-06
    spectral_flatness_db:
        dmean: 0.0173467304558
        dmean2: 0.0262985154986
        dvar: 0.000233867482166
        dvar2: 0.00045893600327
        max: 0.264945834875
        mean: 0.14692889154
        min: 0.0933770239353
        var: 0.000698747229762
    spectral_flux:
        dmean: 0.00991986878216
        dmean2: 0.014986324124
        dvar: 0.000111099470814
        dvar2: 0.000227077587624
        max: 0.0959251597524
        mean: 0.0445954836905
        min: 0.00799398776144
        var: 0.000236412859522
    spectral_kurtosis:
        dmean: 0.894823670387
        dmean2: 1.45163404942
        dvar: 0.733003616333
        dvar2: 1.56312441826
        max: 11.893576622
        mean: 3.45602107048
        min: -0.0671062469482
        var: 2.15579795837
    spectral_rms:
        dmean: 0.000361404090654
        dmean2: 0.000551027711481
        dvar: 1.46278381408e-07
        dvar2: 3.28212024669e-07
        max: 0.00392024731264
        mean: 0.00214644800872
        min: 0.000249690201599
        var: 3.63816837989e-07
    spectral_rolloff:
        dmean: 483.822296143
        dmean2: 749.505249023
        dvar: 494517.75
        dvar2: 899671.1875
        max: 6438.42773438
        mean: 3354.59350586
        min: 172.265625
        var: 998687.125
    spectral_skewness:
        dmean: 0.168705612421
        dmean2: 0.262386918068
        dvar: 0.0280231330544
        dvar2: 0.0549958012998
        max: 2.63928699493
        mean: 1.31740021706
        min: 0.357729822397
        var: 0.077664963901
    spectral_spread:
        dmean: 458990.4375
        dmean2: 634460.625
        dvar: 200345763840
        dvar2: 328268677120
        max: 10269310
        mean: 4857274.5
        min: 2989535.75
        var: 897211367424
    spectral_strongpeak:
        dmean: 0.419251561165
        dmean2: 0.717061579227
        dvar: 0.418986022472
        dvar2: 1.11715853214
        max: 5.1902179718
        mean: 0.631333053112
        min: 0.0176159050316
        var: 0.533082008362
    zerocrossingrate:
        dmean: 0.0121730444953
        dmean2: 0.0138637805358
        dvar: 0.000128669504193
        dvar2: 0.00014193590323
        max: 0.173828125
        mean: 0.0970176383853
        min: 0.01953125
        var: 0.00069643300958
    barkbands:
        dmean: [5.76425200904e-08, 4.48679857072e-05, 0.000162777927471, 0.000180622504558, 0.00045685673831, 0.000253266771324, 0.000161069780006, 0.000236063584452, 0.000248481956078, 9.53140333877e-05, 9.8272546893e-05, 4.87864454044e-05, 5.64846013731e-05, 8.34730453789e-05, 8.81843661773e-05, 0.000115907241707, 0.000121929057059, 0.000113306363346, 0.00031610566657, 0.000232586782658, 8.55988546391e-05, 3.95650895371e-05, 1.37433526106e-05, 2.93170546684e-06, 1.34260801588e-06, 7.80442235282e-08, 4.58534793468e-10]
        dmean2: [8.81524400143e-08, 7.57187663112e-05, 0.000261970970314, 0.000296845886623, 0.000729032850359, 0.000418609561166, 0.000281682907371, 0.000360268168151, 0.000375084695406, 0.000133686873596, 0.000147267506691, 7.59086105973e-05, 8.33651793073e-05, 0.000131862660055, 0.000143136319821, 0.000186865407159, 0.000196741631953, 0.000187400728464, 0.000530194491148, 0.000367703847587, 0.000134848261951, 6.25401589787e-05, 2.08519486478e-05, 4.36186292063e-06, 1.91907429326e-06, 1.10460113945e-07, 7.15384917971e-10]
        dvar: [1.13164381023e-14, 7.02566405053e-09, 5.16763378755e-08, 4.92467506774e-08, 4.44960619461e-07, 3.93543217569e-07, 1.32747473458e-07, 3.55119311735e-07, 3.12070540076e-07, 5.04152950498e-08, 4.64555505175e-08, 1.46958640812e-08, 1.10959970101e-08, 2.76867844207e-08, 2.5662490799e-08, 2.60632475602e-08, 1.33569031391e-08, 1.70313363412e-08, 1.82683720595e-07, 6.49920295359e-08, 1.09081241817e-08, 3.7652396756e-09, 2.61615862307e-09, 5.27590610089e-11, 6.07158680971e-12, 1.64375993014e-14, 5.20371630577e-18]
        dvar2: [2.29711235656e-14, 1.77546155555e-08, 1.3336584459e-07, 1.2892559198e-07, 1.08761287265e-06, 1.01521061424e-06, 3.56035997129e-07, 7.57415818953e-07, 5.72099281726e-07, 9.89433885934e-08, 9.70735811734e-08, 3.5543763488e-08, 2.29360743731e-08, 6.13527291193e-08, 5.78938994522e-08, 6.14883006733e-08, 3.51597577719e-08, 4.5732075904e-08, 4.96087295687e-07, 1.36287184205e-07, 2.29608474456e-08, 8.8773024487e-09, 6.29173246836e-09, 9.00100757817e-11, 1.28505843119e-11, 3.91057459581e-14, 5.48842566876e-18]
        max: [1.47834020936e-06, 0.000454683904536, 0.00173390260898, 0.00202576327138, 0.0048862141557, 0.00676163425669, 0.00306216534227, 0.00635621976107, 0.00701348623261, 0.00240681716241, 0.0035493276082, 0.00195521791466, 0.00154278415721, 0.0020208414644, 0.00161404069513, 0.00209384947084, 0.000942151644267, 0.000896556011867, 0.003302159952, 0.00239788531326, 0.00105854019057, 0.000695324328262, 0.000751279469114, 9.82658093562e-05, 2.69762094831e-05, 1.89114723526e-06, 4.74861856503e-08]
        mean: [7.05125415834e-08, 4.27374943683e-05, 0.000235202533077, 0.000276142440271, 0.000619050755631, 0.00028461733018, 0.000181821975275, 0.000360873294994, 0.000417495903093, 0.000143030047184, 0.000190594320884, 6.88665386406e-05, 9.49683089857e-05, 0.000123787569464, 0.00012788035383, 0.000213909632294, 0.000229852405027, 0.000185227880138, 0.000553175923415, 0.000450208259281, 0.000201392322197, 6.96930947015e-05, 1.71261672222e-05, 4.95541689816e-06, 2.51636265602e-06, 1.40800480608e-07, 5.12475117898e-10]
        min: [2.98629176942e-10, 1.31660755187e-07, 7.27192400518e-07, 3.04284412778e-07, 9.05240995053e-07, 2.18709510591e-06, 9.68179847405e-07, 3.37492991775e-07, 6.27306462775e-07, 7.78671335411e-07, 5.52617052563e-07, 8.79900369455e-07, 6.07019728704e-07, 4.62540242552e-07, 3.33284833687e-06, 5.83361179451e-06, 7.50759181756e-06, 2.88307114715e-06, 1.38272398544e-05, 6.31013426755e-06, 2.00460294764e-06, 1.67679928609e-07, 7.26006277318e-08, 2.57886618726e-08, 3.36161924963e-08, 2.22155427387e-09, 4.83759787871e-13]
        var: [1.36659584202e-14, 5.99297989012e-09, 7.72867494447e-08, 6.93935646723e-08, 5.77593482376e-07, 3.44111668937e-07, 1.35655241706e-07, 9.68577523963e-07, 7.26380619653e-07, 1.0530493455e-07, 1.81310440439e-07, 1.27151498219e-08, 2.92906516819e-08, 4.93163234694e-08, 2.97780804459e-08, 3.90196248645e-08, 2.7296891858e-08, 2.22758060886e-08, 2.12512702547e-07, 1.41276728982e-07, 2.82253935779e-08, 7.72533770288e-09, 2.80722445289e-09, 1.29221452982e-10, 1.37720347279e-11, 3.55662121119e-14, 5.30544959495e-18]
    mfcc:
        mean: [-697.651550293, 98.474647522, -47.8482322693, 59.0340042114, -16.6894130707, -3.60515189171, -0.403582215309, -9.03069019318, -1.19006478786, -7.23215103149, -10.3727378845, -12.0569467545, -3.56713891029]
        cov: [[2036.57189941, -552.932983398, -76.7967453003, -326.735107422, -317.26550293, -18.3571033478, -173.121902466, -27.6142711639, -16.6479263306, 51.0735931396, 113.654289246, -77.6397018433, -45.7909049988], [-552.932983398, 576.852172852, -126.137001038, 81.602104187, -27.0202217102, -16.6533355713, 68.5114212036, -10.9141054153, 41.9340324402, 3.80141234398, 33.4790725708, 14.7722597122, -14.4060144424], [-76.7967453003, -126.137001038, 269.203399658, 49.8557815552, 79.0589294434, 7.2808713913, -72.6403427124, -2.0698788166, -32.3436355591, 9.83644771576, 3.12444090843, 14.3971891403, 11.0509700775], [-326.735107422, 81.602104187, 49.8557815552, 184.606658936, 110.290847778, 0.595279157162, -3.82188129425, 1.73226046562, -9.65333175659, 1.96661365032, -26.1342868805, 27.1278820038, 40.8816871643], [-317.26550293, -27.0202217102, 79.0589294434, 110.290847778, 184.223953247, 27.9054069519, 44.2004051208, 11.4153652191, -21.5122032166, -22.2917404175, -52.4545021057, 29.7420654297, 22.2158756256], [-18.3571033478, -16.6533355713, 7.2808713913, 0.595279157162, 27.9054069519, 106.95111084, 59.9520797729, 26.6242542267, -1.63840484619, 0.0564277619123, 6.18709135056, -11.1071815491, -7.21614646912], [-173.121902466, 68.5114212036, -72.6403427124, -3.82188129425, 44.2004051208, 59.9520797729, 175.793670654, 62.94972229, 11.8192014694, -24.6657943726, -19.6339912415, 10.7467126846, -4.15794801712], [-27.6142711639, -10.9141054153, -2.0698788166, 1.73226046562, 11.4153652191, 26.6242542267, 62.94972229, 96.2542800903, 16.6988582611, -0.893651425838, -3.97027015686, 6.07327795029, 9.76975631714], [-16.6479263306, 41.9340324402, -32.3436355591, -9.65333175659, -21.5122032166, -1.63840484619, 11.8192014694, 16.6988582611, 77.3065872192, 45.3406562805, 22.5811767578, -5.02322864532, -4.07432031631], [51.0735931396, 3.80141234398, 9.83644771576, 1.96661365032, -22.2917404175, 0.0564277619123, -24.6657943726, -0.893651425838, 45.3406562805, 88.8909606934, 49.0015907288, -8.08366966248, -7.28858709335], [113.654289246, 33.4790725708, 3.12444090843, -26.1342868805, -52.4545021057, 6.18709135056, -19.6339912415, -3.97027015686, 22.5811767578, 49.0015907288, 94.9596481323, -1.28294539452, -7.83125686646], [-77.6397018433, 14.7722597122, 14.3971891403, 27.1278820038, 29.7420654297, -11.1071815491, 10.7467126846, 6.07327795029, -5.02322864532, -8.08366966248, -1.28294539452, 70.0879516602, 24.658164978], [-45.7909049988, -14.4060144424, 11.0509700775, 40.8816871643, 22.2158756256, -7.21614646912, -4.15794801712, 9.76975631714, -4.07432031631, -7.28858709335, -7.83125686646, 24.658164978, 61.1448707581]]
        icov: [[0.00133294484112, 0.00136616383679, 0.000795375846792, 0.00052116648294, 0.001435693237, -0.000271515804343, 0.000769950507674, -0.000236078936723, 0.000633846328128, -4.44573051936e-05, -0.00110611366108, 2.77357912637e-06, 0.000258452811977], [0.00136616383679, 0.00438639055938, 0.00149374105968, -0.00278318463825, 0.00320785609074, 0.000617637764663, -0.00112555164378, 0.00102783075999, -0.00100094894879, 0.00167073670309, -0.00289656198584, -0.000562709348742, 0.00230245082639], [0.000795375846792, 0.00149374105968, 0.00706971343607, 0.000390585104469, -0.00298005365767, -0.00119967013597, 0.00471998704597, -0.00245186057873, 0.00241611409001, -0.000626947847195, -0.0024642336648, -0.000828968535643, 0.0011675413698], [0.00052116648294, -0.00278318463825, 0.000390585104469, 0.0141307180747, -0.00788976997137, -0.00073997763684, 0.00416845921427, -0.00178986985702, 0.00274215871468, -0.00421115290374, 0.00168310117442, 0.000469833496027, -0.00672831572592], [0.001435693237, 0.00320785609074, -0.00298005365767, -0.00788976997137, 0.0169626586139, -0.00153153017163, -0.00533143430948, 0.00288739381358, -0.000105318569695, 0.000353944662493, 0.0035459313076, -0.00295433355495, 0.00215770956129], [-0.000271515804343, 0.000617637764663, -0.00119967013597, -0.00073997763684, -0.00153153017163, 0.0139302639291, -0.00588454352692, -0.000489813333843, 0.00123256165534, -0.000290815194603, -0.00308272102848, 0.00365192466415, 0.000712234934326], [0.000769950507674, -0.00112555164378, 0.00471998704597, 0.00416845921427, -0.00533143430948, -0.00588454352692, 0.0154554713517, -0.00766754709184, -0.000230589095736, 0.00195201986935, -9.78436437435e-05, -0.00209815893322, 0.00124095904175], [-0.000236078936723, 0.00102783075999, -0.00245186057873, -0.00178986985702, 0.00288739381358, -0.000489813333843, -0.00766754709184, 0.0162460301071, -0.00414339732379, 0.000702962221112, 0.000636911718175, -0.000111613546323, -0.00258459080942], [0.000633846328128, -0.00100094894879, 0.00241611409001, 0.00274215871468, -0.000105318569695, 0.00123256165534, -0.000230589095736, -0.00414339732379, 0.0233882050961, -0.0134083833545, 0.00116534112021, 0.000611860130448, -0.00133850763086], [-4.44573051936e-05, 0.00167073670309, -0.000626947847195, -0.00421115290374, 0.000353944662493, -0.000290815194603, 0.00195201986935, 0.000702962221112, -0.0134083833545, 0.0249978881329, -0.0104432394728, 0.00135334662627, 0.00334977731109], [-0.00110611366108, -0.00289656198584, -0.0024642336648, 0.00168310117442, 0.0035459313076, -0.00308272102848, -9.78436437435e-05, 0.000636911718175, 0.00116534112021, -0.0104432394728, 0.0205542892218, -0.00310398987494, -0.00123425247148], [2.77357912637e-06, -0.000562709348742, -0.000828968535643, 0.000469833496027, -0.00295433355495, 0.00365192466415, -0.00209815893322, -0.000111613546323, 0.000611860130448, 0.00135334662627, -0.00310398987494, 0.0190788451582, -0.00680472981185], [0.000258452811977, 0.00230245082639, 0.0011675413698, -0.00672831572592, 0.00215770956129, 0.000712234934326, 0.00124095904175, -0.00258459080942, -0.00133850763086, 0.00334977731109, -0.00123425247148, -0.00680472981185, 0.0240718349814]]
    spectral_contrast:
        mean: [2.75800829286e-07, -2.59752766851e-07, 3.40707771329e-07, -2.22827551966e-07, 1.71173638819e-07, -1.98376014282e-07, -5.39184043191e-07, -1.24369501009e-06, 4.04952835709e-08, 1.00231000033e-06, -5.26880239704e-06, 4.04349202654e-06]
        var: [0.000334033335093, 0.000517240958288, 0.00121131318156, 0.00303760869429, 0.00536666391417, 0.00742281461135, 0.0305893681943, 0.0578119531274, 0.161460950971, 0.25900837779, 0.308779925108, 1.10522329807]

rhythm:
    beats_loudness:
        dmean: 0.00244507309981
        dmean2: 0.00432564038783
        dvar: 2.82810333374e-06
        dvar2: 9.37929689826e-06
        max: 0.01032419689
        mean: 0.00697311200202
        min: 0.00410613184795
        var: 3.98737984142e-06
    beats_loudness_bass:
        dmean: 0.0425269156694
        dmean2: 0.0745590850711
        dvar: 0.00165825744625
        dvar2: 0.00453822966665
        max: 0.166813910007
        mean: 0.0470534451306
        min: 0.00854092370719
        var: 0.00157204864081
    bpm: 94.8633880615
    bpm_confidence: 0
    first_peak_bpm: 188
    first_peak_spread: 0
    first_peak_weight: 0.571428596973
    onset_rate: 4.2867026329
    second_peak_bpm: 95
    second_peak_spread: 0
    second_peak_weight: 0.380952388048
    beats_position: [0.626909911633, 1.25940001011, 1.89189004898, 2.52438020706, 3.15686988831, 3.78936004639, 4.42185020447, 5.05434036255, 5.68683004379, 6.06391763687, 6.38274240494, 6.701567173, 7.02039194107, 7.33921670914, 7.6580414772, 7.97686624527, 8.2956905365, 8.61451625824, 8.93334007263, 9.25216579437, 9.57098960876, 9.88981437683]
    bpm_estimates: [94.9824523926, 94.8731002808, 94.8568267822, 94.5598754883, 95.0860824585, 94.7302703857, 94.8878707886, 94.9306030273]
    bpm_intervals: [0.632490098476, 0.632490038872, 0.632490158081, 0.632489681244, 0.632490158081, 0.632490158081, 0.632490158081, 0.632489681244, 0.377087593079, 0.318824768066, 0.318824768066, 0.318824768066, 0.318824768066, 0.318824768066, 0.318824768066, 0.318824291229, 0.318825721741, 0.318823814392, 0.318825721741, 0.318823814392, 0.318824768066]
    onset_times: [0.0348299331963, 0.255419492722, 0.835918366909, 1.23065757751, 1.53251695633, 1.71827661991, 1.84598636627, 2.19428563118, 2.38004541397, 2.50775504112, 2.67029476166, 2.83283448219, 2.9837641716, 3.14630389214, 3.29723358154, 3.64553284645, 3.77324271202, 4.09832191467, 4.27247142792, 4.43501138687, 4.76009082794, 4.8994102478, 5.05034017563, 5.38702964783, 5.53795909882, 5.68888902664, 5.83981847763, 5.9675283432, 6.3042178154, 6.59446716309, 6.78022670746, 6.94276666641, 7.19818592072, 7.39555549622, 7.58131504059, 7.90639448166, 8.18503379822, 8.46367359161, 8.80036258698, 9.07900238037, 9.31120204926, 9.46213150024, 9.81043052673]
    rubato_start: [6.38274240494]
    rubato_stop: [9.88981437683]
    perceptual_tempo: "unknown"

sfx:
    inharmonicity:
        dmean: 0.0446043871343
        dmean2: 0.0773510858417
        dvar: 0.00204373616725
        dvar2: 0.0057135974057
        max: 0.319456040859
        mean: 0.0511995255947
        min: 0.000153885863256
        var: 0.00228641601279
    oddtoevenharmonicenergyratio:
        dmean: 6.2224946022
        dmean2: 11.6305179596
        dvar: 1620.37194824
        dvar2: 4798.58251953
        max: 572.00189209
        mean: 4.08826541901
        min: 0.000664711988065
        var: 849.556213379
    pitch_after_max_to_before_max_energy_ratio: 9.2343082428
    pitch_centroid: 210.000320435
    pitch_max_to_total: 0.0972222238779
    pitch_min_to_total: 0.17824074626
    tristimulus:
        dmean: [0.209115222096, 0.2582667768, 0.150105625391]
        dmean2: [0.366046607494, 0.458035886288, 0.259295046329]
        dvar: [0.0352030619979, 0.0495900511742, 0.016730165109]
        dvar2: [0.0905304402113, 0.137459024787, 0.046384152025]
        max: [0.943164944649, 0.973748803139, 0.685422182083]
        mean: [0.33423486352, 0.468028277159, 0.154971942306]
        min: [0.0182724148035, 0, 0]
        var: [0.0495559982955, 0.063716955483, 0.0229563638568]

tonal:
    chords_changes_rate: 0.133640557528
    chords_number_rate: 0.0276497695595
    chords_strength:
        dmean: 0.0189263205975
        dmean2: 0.0223497767001
        dvar: 0.000256691622781
        dvar2: 0.000434998713899
        max: 0.712830781937
        mean: 0.491407096386
        min: 0.313323318958
        var: 0.00821180734783
    key_strength: 0.594411551952
    tuning_diatonic_strength: 0.568654119968
    tuning_equal_tempered_deviation: 0.177487462759
    tuning_frequency: 443.316436768
    tuning_nontempered_energy_ratio: 0.867571055889
    hpcp:
        dmean: [0.210847958922, 0.206589207053, 0.201157838106, 0.212023437023, 0.201075330377, 0.178856164217, 0.206993475556, 0.221380889416, 0.203065186739, 0.203673169017, 0.158647462726, 0.17100097239, 0.147795289755, 0.132572576404, 0.133881315589, 0.135434702039, 0.151059031487, 0.150097504258, 0.133645102382, 0.165736109018, 0.202427864075, 0.207769736648, 0.206749945879, 0.196708068252, 0.137309908867, 0.112676270306, 0.089436866343, 0.0837305188179, 0.10487408936, 0.127082705498, 0.153797894716, 0.19637081027, 0.226454645395, 0.210572376847, 0.181346580386, 0.177666842937]
        dmean2: [0.367433696985, 0.367943227291, 0.345339477062, 0.366123408079, 0.347729176283, 0.312443763018, 0.355668365955, 0.392061948776, 0.353045791388, 0.350610852242, 0.269157737494, 0.294076651335, 0.257528841496, 0.228676363826, 0.230760678649, 0.225231841207, 0.250527471304, 0.254159718752, 0.21904784441, 0.295211672783, 0.345431089401, 0.350421458483, 0.347092658281, 0.347679108381, 0.235912755132, 0.203655049205, 0.152375400066, 0.145156830549, 0.185257583857, 0.222134411335, 0.259387433529, 0.340822100639, 0.391466915607, 0.368129611015, 0.313462406397, 0.298301845789]
        dvar: [0.0548661872745, 0.0419142730534, 0.0379833318293, 0.0477197654545, 0.042368195951, 0.0390842407942, 0.0428040511906, 0.0539749115705, 0.0375268980861, 0.0504431053996, 0.0310963708907, 0.0441849902272, 0.03520674631, 0.0258241742849, 0.0256290771067, 0.0263090040535, 0.0285563096404, 0.0261519979686, 0.0250208824873, 0.0537179410458, 0.0496509745717, 0.0572308152914, 0.0562113039196, 0.0538936406374, 0.0344197005033, 0.0344620868564, 0.0171805303544, 0.0189713835716, 0.021170033142, 0.0185029190034, 0.0314058177173, 0.051340892911, 0.0567649789155, 0.0589003115892, 0.0378983281553, 0.0292120072991]
        dvar2: [0.137734636664, 0.122153460979, 0.0969825834036, 0.123645797372, 0.123117126524, 0.102883175015, 0.11668164283, 0.138902395964, 0.101531110704, 0.140656635165, 0.0697189718485, 0.118513673544, 0.0885628834367, 0.0723845511675, 0.0662807896733, 0.0612838603556, 0.0655965358019, 0.0709095075727, 0.0636421889067, 0.144746258855, 0.12596000731, 0.132703900337, 0.140725493431, 0.144502237439, 0.0819188430905, 0.0974189937115, 0.0417571924627, 0.0540498867631, 0.0676224529743, 0.0538230314851, 0.0865909606218, 0.146856278181, 0.146917641163, 0.144779101014, 0.100619532168, 0.0724098309875]
        max: [1, 1, 1, 1, 1, 1, 1, 1, 1, 1, 1, 1, 1, 1, 1, 1, 1, 1, 1, 1, 1, 1, 1, 1, 1, 1, 1, 1, 1, 1, 1, 1, 1, 1, 1, 1]
        mean: [0.270011216402, 0.261828631163, 0.253712922335, 0.25931724906, 0.240223884583, 0.243415921926, 0.284512102604, 0.284434020519, 0.277536809444, 0.271451860666, 0.238155946136, 0.208142220974, 0.180314302444, 0.158578559756, 0.174499824643, 0.233258768916, 0.240097865462, 0.191921904683, 0.164917215705, 0.177172347903, 0.233181580901, 0.281816363335, 0.258008599281, 0.205378010869, 0.160572275519, 0.114314839244, 0.0962552204728, 0.0983867943287, 0.117608882487, 0.16450086236, 0.210339829326, 0.234916627407, 0.256790608168, 0.25351858139, 0.221592739224, 0.235978484154]
        min: [0.00886098481715, 0.0142105203122, 0.00859573669732, 0.00362785509787, 0.00740876840428, 0.00914229266346, 0.00636382028461, 0.00368503574282, 0.00571816507727, 0.00829065125436, 0.00800012331456, 0.0024626487866, 0.00240579340607, 0.00179259653669, 0.0115201342851, 0.0087976641953, 0.0114586744457, 0.00754026835784, 0.00637519080192, 0.00178551068529, 0.00127444299869, 0.00125171313994, 0.00255238823593, 0.00259344978258, 0.00233051367104, 0.0016063459916, 0.0024221574422, 0.00304226228036, 0.00411348883063, 0.00212255958468, 0.00244300672784, 0.00274744094349, 0.00187254941557, 0.00328461383469, 0.00357889127918, 0.00891918782145]
        var: [0.0692250430584, 0.0467086136341, 0.0482242591679, 0.0568015053868, 0.0486622080207, 0.0515115372837, 0.0630341991782, 0.0637044906616, 0.0616943687201, 0.0811503902078, 0.0579614825547, 0.0514116734266, 0.0395210310817, 0.0275216884911, 0.0318478047848, 0.0694720298052, 0.0608311854303, 0.0309407059103, 0.0286815073341, 0.0476819090545, 0.0638645216823, 0.0953504517674, 0.0827081501484, 0.0649589151144, 0.0503876544535, 0.0285882949829, 0.0185683201998, 0.0161464381963, 0.0180207807571, 0.0280515216291, 0.0471895858645, 0.0655283927917, 0.0722896456718, 0.0733693167567, 0.0459726750851, 0.0468600988388]
    chords_histogram: [37.7880172729, 3.22580647469, 7.37327194214, 23.041475296, 0, 0, 0, 0, 0, 23.9631328583, 2.7649769783, 0, 0, 0, 0, 0, 0.921658992767, 0, 0, 0.460829496384, 0, 0, 0, 0.460829496384]
    thpcp: [1, 0.999725580215, 0.975483298302, 0.954096019268, 0.837067902088, 0.731575965881, 0.633766710758, 0.557370185852, 0.613330066204, 0.819855332375, 0.843893349171, 0.674565017223, 0.579649209976, 0.622723400593, 0.819584071636, 0.990525066853, 0.906845808029, 0.721860349178, 0.56437766552, 0.401792526245, 0.33831679821, 0.345808833838, 0.413370400667, 0.578185796738, 0.739300131798, 0.825682342052, 0.902564823627, 0.891064286232, 0.778851687908, 0.82941454649, 0.94903242588, 0.920272409916, 0.891747355461, 0.911445379257, 0.844336271286, 0.855555593967]
    chords_key: "A"
    chords_scale: "minor"
    key_key: "A"
    key_scale: "minor"
    chords_progression: ["D#", "E", "Am", "Am", "Am", "Am", "Am", "Am", "Am", "Am", "Am", "Am", "Am", "Am", "Am", "Am", "Am", "Am", "Am", "Am", "Am", "Am", "Am", "Am", "G#m", "E", "E", "E", "G#m", "Am", "Am", "G#m", "G#m", "G#m", "G#m", "Am", "Am", "Am", "Am", "Am", "Am", "Am", "Am", "G", "G", "G", "G", "G", "G", "G", "G", "G", "G", "G", "G", "G", "G", "G", "G", "G", "G", "G", "G", "G", "G", "G", "G", "G", "G", "G", "G", "G", "G", "G", "G", "G", "G", "G", "G", "G", "G", "G", "G", "G", "Am", "Am", "Am", "Am", "Am", "Am", "Am", "Am", "Am", "Am", "Am", "Am", "Am", "Am", "Am", "Am", "Am", "Am", "G", "G", "G", "G", "G", "G", "G", "G", "G", "E", "E", "E", "E", "Am", "Am", "E", "E", "E", "E", "E", "E", "E", "E", "E", "E", "E", "E", "E", "E", "E", "E", "E", "E", "E", "E", "E", "E", "E", "E", "E", "E", "E", "E", "E", "E", "E", "E", "E", "E", "E", "E", "E", "E", "E", "E", "E", "E", "Em", "Em", "Em", "Em", "Em", "Em", "Em", "Em", "E", "E", "Am", "Am", "Em", "Em", "Am", "Em", "Em", "Em", "Em", "Em", "Fm", "Fm", "C", "Am", "Am", "C", "C", "C", "C", "C", "C", "Am", "Am", "Em", "Am", "Am", "Am", "Am", "Am", "Am", "Am", "Am", "Am", "F", "Am", "Am", "Am", "Am", "Am", "Am", "Am", "Am", "Am", "Am", "Am", "Am", "Am", "Am"]
