
metadata:
    version:
        essentia: "1.2.2"
    audio_properties:
        analysis_sample_rate: 44100
        bitrate: 128
        channels: 2
        equal_loudness: 1
        length: 10.0310201645
        replay_gain: -9.70441818237
        downmix: "mix"
    tags:
        track: 2
        year: 0
        album: "Splitted by Mp3Splt v. 2.1"
        artist: "From 000.10 To 000.20"
        comment: "http://mp3splt.sf.net"
        genre: ""
        title: "90 Track 90.mp3"

highlevel:
    ballroom:
        all:
            ChaChaCha: 0.000104749298771
            Jive: 4.8612790124e-05
            Quickstep: 0.000460620824015
            Rumba-American: 0.000808680139016
            Rumba-International: 0.00970486737788
            Rumba-Misc: 0.01109266188
            Samba: 0.000117915180454
            Tango: 0.00583138782531
            VienneseWaltz: 0.0952949821949
            Waltz: 0.876535534859
        probability: 0.876535534859
        value: "Waltz"
    culture:
        all:
            non_western: 0.0768715441227
            western: 0.92312848568
        probability: 0.92312848568
        value: "western"
    gender:
        all:
            female: 0.864497244358
            male: 0.13550272584
        probability: 0.864497244358
        value: "female"
    genre_dortmund:
        all:
            alternative: 0.0208552572876
            blues: 0.000594936660491
            electronic: 0.899270296097
            folkcountry: 0.0185983479023
            funksoulrnb: 0.000732228741981
            jazz: 0.00609659124166
            pop: 0.0456361137331
            raphiphop: 0.000401570199756
            rock: 0.00781468581408
        probability: 0.899270296097
        value: "electronic"
    genre_electronica:
        all:
            ambient: 0.993246912956
            dnb: 0.000225743584451
            house: 0.00310330162756
            techno: 0.000407214014558
            trance: 0.00301679875702
        probability: 0.993246912956
        value: "ambient"
    genre_rosamerica:
        all:
            cla: 0.778475105762
            dan: 0.00646281149238
            hip: 0.0025218531955
            jaz: 0.0746839568019
            pop: 0.0540307499468
            rhy: 0.0238893330097
            roc: 0.0528687946498
            spe: 0.00706739118323
        probability: 0.778475105762
        value: "cla"
    genre_tzanetakis:
        all:
            blu: 0.0111037408933
            cla: 0.821820020676
            cou: 0.0349832363427
            dis: 0.0111073600128
            hip: 0.00324158067815
            jaz: 0.0380624160171
            met: 0.00723493192345
            pop: 0.0288666952401
            reg: 0.0128939403221
            roc: 0.0306860841811
        probability: 0.821820020676
        value: "cla"
    live_studio:
        all:
            live: 0.132647797465
            studio: 0.867352187634
        probability: 0.867352187634
        value: "studio"
    mood:
        all:
            Cluster1: 0.0370309390128
            Cluster2: 0.187939837575
            Cluster3: 0.720208764076
            Cluster4: 0.0432208403945
            Cluster5: 0.0115996450186
        probability: 0.720208764076
        value: "Cluster3"
    mood_acoustic:
        all:
            acoustic: 0.631736516953
            not_acoustic: 0.368263483047
        probability: 0.631736516953
        value: "acoustic"
    mood_aggressive:
        all:
            aggressive: 5.82046425279e-07
            not_aggressive: 0.999999403954
        probability: 0.999999403954
        value: "not_aggressive"
    mood_electronic:
        all:
            electronic: 0.357727229595
            not_electronic: 0.642272770405
        probability: 0.642272770405
        value: "not_electronic"
    mood_happy:
        all:
            happy: 0.0763646811247
            not_happy: 0.923635303974
        probability: 0.923635303974
        value: "not_happy"
    mood_party:
        all:
            not_party: 0.995009839535
            party: 0.00499018700793
        probability: 0.995009839535
        value: "not_party"
    mood_relaxed:
        all:
            not_relaxed: 0.0704712644219
            relaxed: 0.929528713226
        probability: 0.929528713226
        value: "relaxed"
    mood_sad:
        all:
            not_sad: 0.0360207669437
            sad: 0.963979244232
        probability: 0.963979244232
        value: "sad"
    rhythm:
        all:
            fast: 0.226431116462
            medium: 0.637777626514
            slow: 0.135791257024
        probability: 0.637777626514
        value: "medium"
    speech_music:
        all:
            music: 0.944965779781
            speech: 0.0550342351198
        probability: 0.944965779781
        value: "music"
    timbre:
        all:
            bright: 0.428486973047
            dark: 0.57151299715
        probability: 0.57151299715
        value: "dark"
    voice_instrumental:
        all:
            instrumental: 0.994145870209
            voice: 0.00585415540263
        probability: 0.994145870209
        value: "instrumental"

lowlevel:
    average_loudness: 0.954366862774
    barkbands_kurtosis:
        dmean: 3.86085700989
        dmean2: 5.25197696686
        dvar: 20.1436576843
        dvar2: 31.6194705963
        max: 72.6752471924
        mean: 11.4789457321
        min: -1.5939027071
        var: 119.980911255
    barkbands_skewness:
        dmean: 0.462508767843
        dmean2: 0.637382805347
        dvar: 0.183373615146
        dvar2: 0.365135043859
        max: 7.03929615021
        mean: 2.8051738739
        min: 0.161754786968
        var: 1.11747205257
    barkbands_spread:
        dmean: 2.12441158295
        dmean2: 3.07150101662
        dvar: 6.43881750107
        dvar2: 15.1275815964
        max: 29.0590267181
        mean: 7.48253250122
        min: 0.68885076046
        var: 30.6105442047
    dissonance:
        dmean: 0.0326113030314
        dmean2: 0.0529966577888
        dvar: 0.000662308069877
        dvar2: 0.00160087319091
        max: 0.494881480932
        mean: 0.391936898232
        min: 0.237807482481
        var: 0.00233178329654
    hfc:
        dmean: 0.626328468323
        dmean2: 0.896252155304
        dvar: 0.544464707375
        dvar2: 1.08725857735
        max: 8.41777992249
        mean: 2.78230977058
        min: 0.0973779931664
        var: 3.93432331085
    pitch:
        dmean: 41.048210144
        dmean2: 79.220451355
        dvar: 7622.86376953
        dvar2: 16274.4677734
        max: 459.375
        mean: 249.101348877
        min: 73.5
        var: 15219.5126953
    pitch_instantaneous_confidence:
        dmean: 0.058007478714
        dmean2: 0.0832318291068
        dvar: 0.00428396929055
        dvar2: 0.00755093200132
        max: 0.895561277866
        mean: 0.671984672546
        min: 0.302606880665
        var: 0.014099214226
    pitch_salience:
        dmean: 0.0679529234767
        dmean2: 0.0981218591332
        dvar: 0.00369278155267
        dvar2: 0.00763087673113
        max: 0.782493114471
        mean: 0.523343622684
        min: 0.228181406856
        var: 0.0150239951909
    silence_rate_20dB:
        dmean: 0
        dmean2: 0
        dvar: 0
        dvar2: 0
        max: 1
        mean: 1
        min: 1
        var: 0
    silence_rate_30dB:
        dmean: 0
        dmean2: 0
        dvar: 0
        dvar2: 0
        max: 1
        mean: 1
        min: 1
        var: 0
    silence_rate_60dB:
        dmean: 0.0580046400428
        dmean2: 0.11627907306
        dvar: 0.0546401441097
        dvar2: 0.112060308456
        max: 1
        mean: 0.363425940275
        min: 0
        var: 0.231348708272
    spectral_centroid:
        dmean: 62.7542076111
        dmean2: 92.9225769043
        dvar: 8733.45410156
        dvar2: 22751.7851562
        max: 1556.34460449
        mean: 570.832946777
        min: 333.0625
        var: 22948.6171875
    spectral_complexity:
        dmean: 1.47319352627
        dmean2: 2.27803730965
        dvar: 2.356508255
        dvar2: 5.07923936844
        max: 17
        mean: 7.07906961441
        min: 1
        var: 13.3100309372
    spectral_crest:
        dmean: 1.94516563416
        dmean2: 2.66715884209
        dvar: 3.81916737556
        dvar2: 6.65204620361
        max: 24.4584217072
        mean: 13.6138105392
        min: 3.74495387077
        var: 23.7074356079
    spectral_decrease:
        dmean: 2.35596347986e-10
        dmean2: 3.32405186709e-10
        dvar: 6.76125218862e-20
        dvar2: 1.47859969135e-19
        max: -5.05902368608e-11
        mean: -1.16049070353e-09
        min: -3.05420755353e-09
        var: 5.67197073943e-19
    spectral_energy:
        dmean: 0.000938934797887
        dmean2: 0.00132201588713
        dvar: 1.07163361918e-06
        dvar2: 2.33717014453e-06
        max: 0.0122834797949
        mean: 0.00463232211769
        min: 0.000199771529878
        var: 9.06041714188e-06
    spectral_energyband_high:
        dmean: 1.36713779284e-05
        dmean2: 1.867388346e-05
        dvar: 6.27112806129e-10
        dvar2: 1.12778297812e-09
        max: 0.000249272590736
        mean: 2.45069713856e-05
        min: 3.73165676137e-08
        var: 1.5385986929e-09
    spectral_energyband_low:
        dmean: 1.88560852621e-06
        dmean2: 3.04385571326e-06
        dvar: 1.14826004607e-11
        dvar2: 1.7225901261e-11
        max: 5.88019829593e-05
        mean: 4.23260598836e-06
        min: 5.02433579186e-08
        var: 2.22796329996e-11
    spectral_energyband_middle_high:
        dmean: 0.000193755753571
        dmean2: 0.000271869066637
        dvar: 6.16324271618e-08
        dvar2: 1.27644071313e-07
        max: 0.0023943784181
        mean: 0.000582156295422
        min: 3.35432696374e-06
        var: 2.91658324159e-07
    spectral_energyband_middle_low:
        dmean: 0.000855694350321
        dmean2: 0.00122444960289
        dvar: 8.70107896844e-07
        dvar2: 2.0101958853e-06
        max: 0.0103709623218
        mean: 0.00402141362429
        min: 0.000174873362994
        var: 6.88379668645e-06
    spectral_flatness_db:
        dmean: 0.0195371825248
        dmean2: 0.0268850084394
        dvar: 0.00030250477721
        dvar2: 0.000523244438227
        max: 0.422028213739
        mean: 0.290287584066
        min: 0.124141663313
        var: 0.00256221136078
    spectral_flux:
        dmean: 0.00608427589759
        dmean2: 0.00992282386869
        dvar: 5.33721831744e-05
        dvar2: 0.000130655636895
        max: 0.0600310750306
        mean: 0.0212004948407
        min: 0.00145236751996
        var: 0.000161905234563
    spectral_kurtosis:
        dmean: 8.49039745331
        dmean2: 14.4513406754
        dvar: 82.8494110107
        dvar2: 219.743499756
        max: 76.5958023071
        mean: 22.0344047546
        min: 3.21077871323
        var: 317.454986572
    spectral_rms:
        dmean: 0.000204988755286
        dmean2: 0.000279903091723
        dvar: 4.02551627587e-08
        dvar2: 8.10811471297e-08
        max: 0.00346177443862
        mean: 0.00198237528093
        min: 0.000441473734099
        var: 5.89522244354e-07
    spectral_rolloff:
        dmean: 201.528549194
        dmean2: 329.286895752
        dvar: 107301.976562
        dvar2: 260444.9375
        max: 3014.6484375
        mean: 764.078063965
        min: 322.998046875
        var: 211378.796875
    spectral_skewness:
        dmean: 0.626466810703
        dmean2: 1.04571437836
        dvar: 0.33561784029
        dvar2: 0.862960457802
        max: 7.00226211548
        mean: 3.28687238693
        min: 1.35286653042
        var: 1.94160890579
    spectral_spread:
        dmean: 375231.03125
        dmean2: 558749.8125
        dvar: 269312819200
        dvar2: 395048779776
        max: 12777826
        mean: 2443697.75
        min: 953320
        var: 752293969920
    spectral_strongpeak:
        dmean: 0.127786248922
        dmean2: 0.175402715802
        dvar: 0.0211760867387
        dvar2: 0.0406720563769
        max: 1.6900677681
        mean: 0.721913456917
        min: 0.0837154909968
        var: 0.145295679569
    zerocrossingrate:
        dmean: 0.00413161050528
        dmean2: 0.00497750239447
        dvar: 1.72331710928e-05
        dvar2: 2.42835503741e-05
        max: 0.06689453125
        mean: 0.0315020903945
        min: 0.01318359375
        var: 0.000122033379739
    barkbands:
        dmean: [3.6048440677e-08, 1.92311063074e-07, 1.79353173735e-06, 3.57244016413e-06, 0.000195748958504, 0.000355526804924, 0.000582150183618, 0.000189034675714, 5.64857691643e-05, 7.9348043073e-05, 1.56270525622e-05, 4.63326869067e-05, 8.87730129762e-06, 1.84351174539e-05, 2.86229915218e-05, 4.00132084906e-05, 5.65030059079e-05, 3.00207357213e-05, 1.85568005691e-05, 6.79784943713e-06, 7.86053169577e-06, 1.62993160302e-06, 3.05441204773e-07, 7.99969299692e-08, 2.25142677834e-08, 1.7428950505e-09, 1.25647403593e-09]
        dmean2: [3.79266467121e-08, 2.87344676053e-07, 2.94614142149e-06, 5.62314016861e-06, 0.000254067301285, 0.000521680631209, 0.000743877957575, 0.000290914962534, 9.50344692683e-05, 0.000122076802654, 1.9926137611e-05, 6.57457057969e-05, 1.40870733958e-05, 2.65373091679e-05, 4.42455748271e-05, 6.3092506025e-05, 9.41419712035e-05, 4.88620571559e-05, 2.78759998764e-05, 9.53212111199e-06, 1.1600198377e-05, 2.30454361372e-06, 4.60168337213e-07, 1.2137903127e-07, 3.45216690789e-08, 2.22017271234e-09, 1.46572565196e-09]
        dvar: [4.88805881622e-13, 1.17200758647e-12, 5.849711774e-12, 2.09510065546e-11, 7.8504207579e-08, 2.26397375513e-07, 4.83167923448e-07, 7.37403524909e-08, 5.71262326332e-09, 8.76583783338e-09, 7.33930305419e-10, 9.37788335875e-09, 9.91341106427e-11, 8.59303017631e-10, 4.29699342774e-09, 2.97158408991e-09, 8.54807424844e-09, 2.7397906166e-09, 7.31036065016e-10, 1.20024962191e-10, 2.39138403524e-10, 1.60837905494e-11, 3.36900619164e-13, 3.20145453659e-14, 2.40497217681e-15, 3.69422593805e-16, 4.25181211006e-16]
        dvar2: [4.89092219415e-13, 1.40391886484e-12, 1.13765724272e-11, 4.97139829303e-11, 1.44334975971e-07, 5.34378500561e-07, 1.05832373265e-06, 1.77133216539e-07, 1.82726491715e-08, 2.37508075429e-08, 1.26791099841e-09, 1.66535834012e-08, 2.41763720155e-10, 1.76425818399e-09, 1.00351424948e-08, 7.16823667091e-09, 2.27278196263e-08, 6.72186795114e-09, 1.78995651634e-09, 2.45289150103e-10, 4.51492288001e-10, 3.54418785986e-11, 7.22910555202e-13, 7.44171434544e-14, 5.16536911917e-15, 3.7403026775e-16, 4.27195190657e-16]
        max: [1.45110816447e-05, 2.19217399717e-05, 2.96572616207e-05, 4.30179861723e-05, 0.00326666049659, 0.00435894913971, 0.00895245466381, 0.0025600316003, 0.000641622114927, 0.000896570272744, 0.000340347847668, 0.00112850929145, 0.000126254395582, 0.000332072202582, 0.000817037769593, 0.000456616922747, 0.000738027505577, 0.000470739003504, 0.000266608782113, 0.000116037022963, 0.000162927201018, 4.94724226883e-05, 6.73193881084e-06, 2.25174358093e-06, 5.12406586495e-07, 4.04743673244e-07, 4.28005364483e-07]
        mean: [3.56182816574e-08, 1.96179399836e-07, 4.0185996113e-06, 9.13107669476e-06, 0.000535894650966, 0.000907519715838, 0.00216238456778, 0.000291518081212, 0.000113332134788, 0.000137617753353, 3.05686335196e-05, 7.71886843722e-05, 2.14252104342e-05, 3.15335601044e-05, 4.35635047324e-05, 6.2874154537e-05, 9.06520508579e-05, 5.19354616699e-05, 3.18660931953e-05, 1.25671804199e-05, 1.34486463139e-05, 2.42206601797e-06, 4.90323600388e-07, 1.08691082801e-07, 3.06509306824e-08, 2.09485118141e-09, 1.36151889762e-09]
        min: [2.34514859788e-12, 2.81964646076e-10, 4.7385448454e-08, 1.40256986469e-07, 2.67557538791e-06, 3.09712195303e-05, 6.44284318696e-06, 3.47079748053e-07, 2.63915853793e-06, 4.04194821613e-07, 4.9730623175e-08, 1.52658742536e-07, 1.25932643869e-07, 1.24102044197e-07, 2.30069375107e-07, 2.26988873919e-07, 3.13136538921e-08, 5.06582154003e-08, 8.70700418432e-08, 4.50382948713e-08, 1.86188113815e-08, 4.21979251541e-09, 1.23087373627e-09, 6.60226484595e-10, 4.50971676669e-10, 2.20821503444e-11, 9.87545201864e-12]
        var: [4.88442077583e-13, 1.2019158455e-12, 1.66873858481e-11, 8.60577858974e-11, 3.44227913729e-07, 7.07338017492e-07, 4.27471195508e-06, 1.28372448671e-07, 9.23675624875e-09, 1.90277482659e-08, 2.77552558714e-09, 2.26704521822e-08, 4.20051660122e-10, 2.10182160565e-09, 6.24102014513e-09, 6.26118223934e-09, 1.46329286466e-08, 5.53244561274e-09, 1.68255598343e-09, 3.05166503178e-10, 5.24833843052e-10, 2.37607693937e-11, 7.33175727161e-13, 5.27999918906e-14, 3.74457680575e-15, 3.81247517856e-16, 4.24422719471e-16]
    mfcc:
        mean: [-828.94543457, 177.721160889, -71.0067520142, 17.8291778564, -44.0706176758, -36.8556442261, -42.3158416748, -29.9713153839, -21.2737903595, -18.4343242645, -14.5120763779, -10.2662754059, -6.97128105164]
        cov: [[6575.30029297, -2035.98181152, -862.961120605, 718.334228516, -296.153198242, 113.13041687, -157.268829346, 365.365905762, -21.445268631, -332.06149292, -12.8164043427, 495.754760742, 69.6133117676], [-2035.98181152, 1247.13635254, 124.5859375, -328.805328369, 171.335098267, -71.9039077759, 90.8879547119, -113.343650818, 34.2955627441, 133.878921509, 62.7970352173, -131.391860962, 29.9188308716], [-862.961120605, 124.5859375, 270.301483154, -63.9539413452, 23.7634372711, 15.5404205322, 25.4837322235, -72.5528945923, 0.224621042609, 51.9070281982, -20.8971920013, -83.1533432007, -27.2183876038], [718.334228516, -328.805328369, -63.9539413452, 215.215515137, -4.5682964325, 9.21541595459, -40.9628753662, 44.5647277832, 0.397964149714, -41.080909729, -53.0897521973, 10.1402482986, -12.9785060883], [-296.153198242, 171.335098267, 23.7634372711, -4.5682964325, 111.80670166, -16.4751968384, -0.0242790449411, -23.1148414612, 9.67460632324, 32.358631134, -13.2146244049, -58.3282585144, -8.84786319733], [113.13041687, -71.9039077759, 15.5404205322, 9.21541595459, -16.4751968384, 79.2376403809, 24.0889606476, -4.36969137192, -0.569610238075, -11.9234809875, 3.07103300095, 18.7297077179, 11.0778713226], [-157.268829346, 90.8879547119, 25.4837322235, -40.9628753662, -0.0242790449411, 24.0889606476, 65.7818527222, -0.890804111958, 3.33617687225, 7.67660474777, 9.70960903168, -3.66950750351, 7.58499622345], [365.365905762, -113.343650818, -72.5528945923, 44.5647277832, -23.1148414612, -4.36969137192, -0.890804111958, 69.0789108276, 4.22683191299, -28.0836906433, -0.400706261396, 28.9764518738, -1.77644896507], [-21.445268631, 34.2955627441, 0.224621042609, 0.397964149714, 9.67460632324, -0.569610238075, 3.33617687225, 4.22683191299, 35.9458847046, 13.2358617783, -2.88342308998, -4.97138500214, 3.4376950264], [-332.06149292, 133.878921509, 51.9070281982, -41.080909729, 32.358631134, -11.9234809875, 7.67660474777, -28.0836906433, 13.2358617783, 69.3356170654, 15.6102466583, -39.1329078674, -2.51262307167], [-12.8164043427, 62.7970352173, -20.8971920013, -53.0897521973, -13.2146244049, 3.07103300095, 9.70960903168, -0.400706261396, -2.88342308998, 15.6102466583, 74.8617706299, 48.1664009094, 16.2993450165], [495.754760742, -131.391860962, -83.1533432007, 10.1402482986, -58.3282585144, 18.7297077179, -3.66950750351, 28.9764518738, -4.97138500214, -39.1329078674, 48.1664009094, 136.13973999, 44.8075637817], [69.6133117676, 29.9188308716, -27.2183876038, -12.9785060883, -8.84786319733, 11.0778713226, 7.58499622345, -1.77644896507, 3.4376950264, -2.51262307167, 16.2993450165, 44.8075637817, 58.1656455994]]
        icov: [[0.000794056919403, 0.000784108298831, 0.00166741001885, -0.000924155756366, -8.14131271909e-05, -0.000349142530467, -0.000338397978339, -0.000176686618943, -0.000325586501276, -0.000142504824908, 3.67751454178e-05, -0.00113420176785, 0.000189741287613], [0.000784108298831, 0.00333010754548, 0.00203875405714, 0.00178675423376, -0.00264864903875, 0.0017110730987, -0.00250997114927, 0.00130671646912, -0.0018161846092, 0.000196238528588, -0.00124840030912, 0.000776677101385, -0.00179286475759], [0.00166741001885, 0.00203875405714, 0.0104036685079, -0.000763209420256, 0.00087376171723, -0.00189638172742, -0.00282956962474, 0.00522854458541, -0.000618257676251, -0.00324374274351, 0.00218632095493, -0.000831224897411, 0.0026006528642], [-0.000924155756366, 0.00178675423376, -0.000763209420256, 0.0126004656777, -0.00401406735182, -0.000672478869092, 0.00301258056425, -0.00287028029561, -0.00054980663117, -0.0002681503247, 0.00557999592274, 0.000849216536153, -0.000518571876455], [-8.14131271909e-05, -0.00264864903875, 0.00087376171723, -0.00401406735182, 0.0158131774515, -0.000392554473365, 0.00136145332363, 0.00209697522223, -0.000580445397645, -0.00258451746777, 5.60462940484e-05, 0.00420624762774, 6.43025168756e-06], [-0.000349142530467, 0.0017110730987, -0.00189638172742, -0.000672478869092, -0.000392554473365, 0.019188625738, -0.00933959521353, 0.0055036698468, -0.00258062081411, 0.00432144990191, -0.00295371818356, 0.000873668584973, -0.0033341140952], [-0.000338397978339, -0.00250997114927, -0.00282956962474, 0.00301258056425, 0.00136145332363, -0.00933959521353, 0.0243490617722, -0.00796588975936, 0.0009642962832, -0.000701026758179, 0.00054835784249, 0.0012378890533, -0.00158299470786], [-0.000176686618943, 0.00130671646912, 0.00522854458541, -0.00287028029561, 0.00209697522223, 0.0055036698468, -0.00796588975936, 0.0285604242235, -0.0071174944751, 0.00577959325165, -0.00289300270379, 0.000355326890713, 0.00373467057943], [-0.000325586501276, -0.0018161846092, -0.000618257676251, -0.00054980663117, -0.000580445397645, -0.00258062081411, 0.0009642962832, -0.0071174944751, 0.0344520173967, -0.0109751829877, 0.00661436701193, -0.00318459724076, -0.000938598299399], [-0.000142504824908, 0.000196238528588, -0.00324374274351, -0.0002681503247, -0.00258451746777, 0.00432144990191, -0.000701026758179, 0.00577959325165, -0.0109751829877, 0.0319257341325, -0.0152615020052, 0.0116622215137, -0.00513589568436], [3.67751454178e-05, -0.00124840030912, 0.00218632095493, 0.00557999592274, 5.60462940484e-05, -0.00295371818356, 0.00054835784249, -0.00289300270379, 0.00661436701193, -0.0152615020052, 0.0319502912462, -0.0168714094907, 0.00627089105546], [-0.00113420176785, 0.000776677101385, -0.000831224897411, 0.000849216536153, 0.00420624762774, 0.000873668584973, 0.0012378890533, 0.000355326890713, -0.00318459724076, 0.0116622215137, -0.0168714094907, 0.0272746067494, -0.0145097738132], [0.000189741287613, -0.00179286475759, 0.0026006528642, -0.000518571876455, 6.43025168756e-06, -0.0033341140952, -0.00158299470786, 0.00373467057943, -0.000938598299399, -0.00513589568436, 0.00627089105546, -0.0145097738132, 0.0291989985853]]
    spectral_contrast:
        mean: [6.53381277971e-07, -4.92067556479e-07, -8.55257340504e-08, -2.46042421992e-08, 1.16445640685e-07, 5.51620189526e-07, 1.6746826077e-06, 1.76065884716e-06, 6.29563646726e-06, -4.4473381422e-06, -3.71766645912e-07, -3.08668882099e-06]
        var: [0.000420896161813, 0.000663005223032, 0.000925043423194, 0.00153214496095, 0.00410778122023, 0.00577536039054, 0.0465334877372, 0.0655137374997, 0.107114225626, 0.196181207895, 0.464173227549, 2.9849421978]

rhythm:
    beats_loudness:
        dmean: 0.00176317419391
        dmean2: 0.00282530742697
        dvar: 1.07598975774e-06
        dvar2: 3.32630793309e-06
        max: 0.00938917323947
        mean: 0.00621064985171
        min: 0.000721859920304
        var: 6.63809714752e-06
    beats_loudness_bass:
        dmean: 0.00236668763682
        dmean2: 0.00450240587816
        dvar: 5.12218048243e-06
        dvar2: 1.59783594427e-05
        max: 0.00728033203632
        mean: 0.00182329886593
        min: 0.000175465887878
        var: 3.97207804781e-06
    bpm: 95.4260253906
    bpm_confidence: 0
    first_peak_bpm: 96
    first_peak_spread: 0
    first_peak_weight: 0.928571462631
    onset_rate: 4.98453760147
    second_peak_bpm: 58
    second_peak_spread: 0
    second_peak_weight: 0.0714285746217
    beats_position: [0.545748412609, 1.17111563683, 1.79648292065, 2.42185020447, 3.0472176075, 3.67258501053, 4.29795217514, 4.92331981659, 5.95008087158, 6.58230638504, 7.21453142166, 7.84675741196, 8.47898197174, 9.11120796204, 9.74343395233]
    bpm_estimates: [96.4706192017, 95.4599838257, 96.5780487061, 96.5654754639, 95.8514709473, 95.5917510986, 95.1102676392, 94.7831268311, 95.7769393921, 95.0281982422, 95.0202178955, 95.1117477417, 94.4148712158, 94.2015533447]
    bpm_intervals: [0.625367224216, 0.625367283821, 0.625367283821, 0.62536740303, 0.62536740303, 0.625367164612, 0.625367641449, 1.02676105499, 0.632225513458, 0.632225036621, 0.632225990295, 0.632224559784, 0.632225990295, 0.632225990295]
    onset_times: [0.0696598663926, 0.255419492722, 0.49922901392, 0.719818592072, 0.882358253002, 0.986848056316, 1.11455786228, 1.70666670799, 1.92725622654, 2.13623571396, 2.22911572456, 2.34521532059, 2.77478456497, 2.85605430603, 2.99537420273, 3.35528349876, 3.5758728981, 3.63392281532, 3.86612248421, 4.04027223587, 4.13315200806, 4.2492518425, 4.41179132462, 4.62077093124, 4.73687076569, 4.87619066238, 5.27092981339, 5.45668935776, 5.52634906769, 5.81659841537, 5.9094786644, 6.15328788757, 6.53641700745, 6.76861667633, 7.0356464386, 7.17496585846, 7.34911584854, 7.52326536179, 7.69741487503, 7.8251247406, 7.94122457504, 8.04571437836, 8.2198638916, 8.38240337372, 8.46367359161, 8.6958732605, 9.07900238037, 9.24154186249, 9.72916126251, 10.0078001022]
    rubato_start: []
    rubato_stop: []
    perceptual_tempo: "unknown"

sfx:
    inharmonicity:
        dmean: 0.0409563519061
        dmean2: 0.0713345333934
        dvar: 0.00364046078175
        dvar2: 0.0106917824596
        max: 0.407099038363
        mean: 0.0430020578206
        min: 3.46059496223e-05
        var: 0.00320573686622
    oddtoevenharmonicenergyratio:
        dmean: 24.1495704651
        dmean2: 43.3790855408
        dvar: 7398.44238281
        dvar2: 21139.6074219
        max: 896.299987793
        mean: 19.8564052582
        min: 0.000682920974214
        var: 4630.34326172
    pitch_after_max_to_before_max_energy_ratio: 0.0091492049396
    pitch_centroid: 212.053955078
    pitch_max_to_total: 0.986046493053
    pitch_min_to_total: 0.993023276329
    tristimulus:
        dmean: [0.194277837873, 0.205013513565, 0.0502352155745]
        dmean2: [0.361050575972, 0.373318463564, 0.0872800424695]
        dvar: [0.0722944959998, 0.0703469738364, 0.00391277298331]
        dvar2: [0.180745840073, 0.177107736468, 0.0110833384097]
        max: [0.949652612209, 0.985685288906, 0.525760054588]
        mean: [0.220028817654, 0.698404014111, 0.0722219049931]
        min: [0.000526776886545, 0, 0]
        var: [0.0746386647224, 0.076725885272, 0.00654036412016]

tonal:
    chords_changes_rate: 0.00462962966412
    chords_number_rate: 0.00925925932825
    chords_strength:
        dmean: 0.00252571329474
        dmean2: 0.00299221556634
        dvar: 7.80533446232e-06
        dvar2: 1.05228655229e-05
        max: 0.654873788357
        mean: 0.595665752888
        min: 0.542844712734
        var: 0.000640981888864
    key_strength: 0.768175840378
    tuning_diatonic_strength: 0.570885658264
    tuning_equal_tempered_deviation: 0.0366525240242
    tuning_frequency: 438.224517822
    tuning_nontempered_energy_ratio: 0.640175223351
    hpcp:
        dmean: [0.164273023605, 0.123278260231, 0.0133443353698, 0.00727784400806, 0.00823357701302, 0.00538491085172, 0.00470504444093, 0.00749881146476, 0.0264179743826, 0.0420350469649, 0.0253811720759, 0.0105457827449, 0.0125009734184, 0.0192391350865, 0.121195740998, 0.169069826603, 0.131753101945, 0.0267077442259, 0.00370157626458, 0.0041996371001, 0.013237782754, 0.0206908229738, 0.0176546424627, 0.0162331219763, 0.0233667865396, 0.0340859182179, 0.0421410612762, 0.0411812104285, 0.0183020923287, 0.00668509490788, 0.0273263845593, 0.0455725826323, 0.0261015817523, 0.0154444435611, 0.0297305155545, 0.119353964925]
        dmean2: [0.248804062605, 0.19444873929, 0.023056352511, 0.0131467124447, 0.0153155727312, 0.00967786833644, 0.00844116043299, 0.0124940546229, 0.0443209558725, 0.0686278939247, 0.0383953303099, 0.0176615454257, 0.0226532705128, 0.0353091061115, 0.177435189486, 0.242245107889, 0.198752120137, 0.0448413603008, 0.00610894430429, 0.0071990583092, 0.0240827295929, 0.0341406948864, 0.0286984145641, 0.0290384609252, 0.0387040823698, 0.0554188787937, 0.0702410787344, 0.0662441775203, 0.0315826199949, 0.0114362714812, 0.0523058660328, 0.0856647193432, 0.0466106422246, 0.0260780341923, 0.0503095500171, 0.176996141672]
        dvar: [0.0585496872663, 0.0167970173061, 0.000468375510536, 0.000258642510744, 0.000344254047377, 0.000108629297756, 0.000184626172995, 0.000305048917653, 0.0039870608598, 0.00996614061296, 0.00274663977325, 0.00129586958792, 0.00646199146286, 0.00312278466299, 0.0196644421667, 0.0585430711508, 0.022443074733, 0.00222051749006, 2.62127305177e-05, 9.01783205336e-05, 0.000940482190344, 0.00168843672145, 0.000927896297071, 0.00115403393283, 0.00300283497199, 0.0046564489603, 0.00437612598762, 0.00724083324894, 0.00172041472979, 0.00022922331118, 0.00646835425869, 0.0142298322171, 0.00416795769706, 0.00134628289379, 0.00398063892499, 0.0200515259057]
        dvar2: [0.0894855484366, 0.0316487811506, 0.00123165431432, 0.000707031576894, 0.000940556579735, 0.000290779833449, 0.000556263083126, 0.000686950224917, 0.0108689703047, 0.0263722650707, 0.00588743342087, 0.00349054904655, 0.0186222735792, 0.00887886527926, 0.0355058126152, 0.0754956826568, 0.043703109026, 0.00569870136678, 6.94848131388e-05, 0.000239786095335, 0.00265357317403, 0.0046498873271, 0.00250217039138, 0.00304712844081, 0.00709539977834, 0.0115782991052, 0.010217666626, 0.0195430163294, 0.00503994524479, 0.000651450303849, 0.0186054203659, 0.0399566739798, 0.0110135190189, 0.00349859986454, 0.010525200516, 0.0402689166367]
        max: [1, 0.845926582813, 0.232720971107, 0.113487780094, 0.101347155869, 0.0681956782937, 0.138618662953, 0.176431700587, 0.545633375645, 0.866541802883, 0.428094416857, 0.355024069548, 0.874139368534, 0.538104891777, 0.97378218174, 1, 1, 0.394694596529, 0.0340462885797, 0.0802186504006, 0.192989110947, 0.359778046608, 0.222528934479, 0.215576395392, 0.377097219229, 0.615094840527, 0.594807863235, 1, 0.418050348759, 0.133289828897, 0.528842628002, 0.657496929169, 0.462871491909, 0.269431740046, 0.431017935276, 1]
        mean: [0.713834643364, 0.387817263603, 0.0159490071237, 0.00607489561662, 0.00538976723328, 0.0042737252079, 0.00455396389589, 0.00802238471806, 0.0292566753924, 0.0491282790899, 0.0304303895682, 0.0100072659552, 0.00921861547977, 0.014910005033, 0.305791705847, 0.603234410286, 0.337796539068, 0.0327912382782, 0.00420833844692, 0.00374180357903, 0.0119769731537, 0.0269216448069, 0.0244620572776, 0.0145822400227, 0.0182783864439, 0.0359995998442, 0.0831198841333, 0.0777840167284, 0.0234484095126, 0.00679800333455, 0.0176732763648, 0.0277338530868, 0.0189947597682, 0.0149348154664, 0.0273002125323, 0.356927871704]
        min: [0.0364807210863, 0.0358873493969, 0.00128890399355, 0.000134817266371, 0.000110152199341, 5.2305117606e-06, 2.22775652219e-05, 2.60957294813e-05, 0.000134802932735, 0.000277093320619, 0.000268733449047, 0.000161339892657, 0.000100523604488, 7.05101629137e-05, 7.06956270733e-05, 0.000948920962401, 0.00227823946625, 6.56416377751e-05, 2.14221854549e-05, 2.83694480459e-05, 0.000294104916975, 0.000856189173646, 0.000634311814792, 0.000112099689431, 3.1169878639e-05, 0.000237794243731, 0.00315352599137, 0.00613375473768, 0.000270975724561, 2.79141404462e-05, 4.87809302285e-05, 0.000106962965219, 8.8364482508e-05, 9.13086551009e-05, 5.05002280988e-05, 0.015404346399]
        var: [0.12959972024, 0.03727119416, 0.000442287739133, 0.00016940178466, 0.000217837805394, 7.38474263926e-05, 0.000123570760479, 0.000342131272191, 0.00298413215205, 0.00830184109509, 0.00297576235607, 0.000938623619732, 0.00361850881018, 0.00185980938841, 0.0520483329892, 0.165679767728, 0.0490024723113, 0.00237237010151, 3.30757538904e-05, 6.73857866786e-05, 0.000575453741476, 0.00139394728467, 0.000956825562753, 0.000897882157005, 0.00267780385911, 0.0040756650269, 0.00788011029363, 0.0075997589156, 0.00109960208647, 0.000165580146131, 0.00364815420471, 0.00851834286004, 0.00288509461097, 0.0010759239085, 0.00284871645272, 0.0417753309011]
    chords_histogram: [72.6851882935, 0, 0, 0, 0, 0, 0, 0, 0, 0, 0, 0, 0, 0, 0, 0, 0, 27.3148155212, 0, 0, 0, 0, 0, 0]
    thpcp: [1, 0.543287277222, 0.0223427191377, 0.00851022824645, 0.00755044212565, 0.00598699599504, 0.00637957826257, 0.0112384352833, 0.0409852266312, 0.0688230544329, 0.0426294654608, 0.0140190254897, 0.0129142170772, 0.0208871979266, 0.428378909826, 0.845061838627, 0.473214000463, 0.0459367409348, 0.00589539669454, 0.00524183502421, 0.016778357327, 0.0377141200006, 0.0342685207725, 0.0204280354083, 0.025605911389, 0.0504312887788, 0.116441369057, 0.108966432512, 0.0328485183418, 0.00952321849763, 0.0247582215816, 0.0388519279659, 0.0266094673425, 0.0209219530225, 0.0382444486022, 0.500014781952]
    chords_key: "D"
    chords_scale: "major"
    key_key: "D"
    key_scale: "major"
    chords_progression: ["D", "D", "D", "D", "D", "D", "D", "D", "D", "D", "D", "D", "D", "D", "D", "D", "D", "D", "D", "D", "D", "D", "D", "D", "D", "D", "D", "D", "D", "D", "D", "D", "D", "D", "D", "D", "D", "D", "D", "D", "D", "D", "D", "D", "D", "D", "D", "D", "D", "D", "D", "D", "D", "D", "D", "D", "D", "D", "D", "D", "D", "D", "D", "D", "D", "D", "D", "D", "D", "D", "D", "D", "D", "D", "D", "D", "D", "D", "D", "D", "D", "D", "D", "D", "D", "D", "D", "D", "D", "D", "D", "D", "D", "D", "D", "D", "D", "D", "D", "D", "D", "D", "D", "D", "D", "D", "D", "D", "D", "D", "D", "D", "D", "D", "D", "D", "D", "D", "D", "D", "D", "D", "D", "D", "D", "D", "D", "D", "D", "D", "D", "D", "D", "D", "D", "D", "D", "D", "D", "D", "D", "D", "D", "D", "D", "D", "D", "D", "D", "D", "D", "D", "D", "D", "D", "D", "D", "Dm", "Dm", "Dm", "Dm", "Dm", "Dm", "Dm", "Dm", "Dm", "Dm", "Dm", "Dm", "Dm", "Dm", "Dm", "Dm", "Dm", "Dm", "Dm", "Dm", "Dm", "Dm", "Dm", "Dm", "Dm", "Dm", "Dm", "Dm", "Dm", "Dm", "Dm", "Dm", "Dm", "Dm", "Dm", "Dm", "Dm", "Dm", "Dm", "Dm", "Dm", "Dm", "Dm", "Dm", "Dm", "Dm", "Dm", "Dm", "Dm", "Dm", "Dm", "Dm", "Dm", "Dm", "Dm", "Dm", "Dm", "Dm", "Dm"]
