
metadata:
    version:
        essentia: "1.2.2"
    audio_properties:
        analysis_sample_rate: 44100
        bitrate: 128
        channels: 2
        equal_loudness: 1
        length: 10.0048980713
        replay_gain: -9.71771430969
        downmix: "mix"
    tags:
        track: 24
        year: 0
        album: "Splitted by Mp3Splt v. 2.1"
        artist: "From 003.50 To 004.00"
        comment: "http://mp3splt.sf.net"
        genre: ""
        title: "06 Under the Rainbow.mp3"

highlevel:
    ballroom:
        all:
            ChaChaCha: 0.0196514427662
            Jive: 0.015411243774
            Quickstep: 0.113565862179
            Rumba-American: 0.0101109007373
            Rumba-International: 0.1154114604
            Rumba-Misc: 0.18222463131
            Samba: 0.0260268747807
            Tango: 0.12994723022
            VienneseWaltz: 0.161495819688
            Waltz: 0.22615455091
        probability: 0.22615455091
        value: "Waltz"
    culture:
        all:
            non_western: 0.0368870310485
            western: 0.963112950325
        probability: 0.963112950325
        value: "western"
    gender:
        all:
            female: 0.920048058033
            male: 0.079951941967
        probability: 0.920048058033
        value: "female"
    genre_dortmund:
        all:
            alternative: 0.0957476571202
            blues: 0.0191276613623
            electronic: 0.0938985869288
            folkcountry: 0.110821485519
            funksoulrnb: 0.118842951953
            jazz: 0.400060474873
            pop: 0.106884837151
            raphiphop: 0.0123239327222
            rock: 0.0422924011946
        probability: 0.400060474873
        value: "jazz"
    genre_electronica:
        all:
            ambient: 0.913575649261
            dnb: 0.0108468858525
            house: 0.0192198306322
            techno: 0.00176980765536
            trance: 0.054587803781
        probability: 0.913575649261
        value: "ambient"
    genre_rosamerica:
        all:
            cla: 0.154426842928
            dan: 0.077790081501
            hip: 0.0472780317068
            jaz: 0.277317196131
            pop: 0.189684301615
            rhy: 0.130398884416
            roc: 0.112338736653
            spe: 0.0107659120113
        probability: 0.277317196131
        value: "jaz"
    genre_tzanetakis:
        all:
            blu: 0.0394397825003
            cla: 0.0973267108202
            cou: 0.276480019093
            dis: 0.0305392351002
            hip: 0.0174219850451
            jaz: 0.108449593186
            met: 0.0113236550242
            pop: 0.159702330828
            reg: 0.145270690322
            roc: 0.114045999944
        probability: 0.276480019093
        value: "cou"
    live_studio:
        all:
            live: 0.112056098878
            studio: 0.887943923473
        probability: 0.887943923473
        value: "studio"
    mood:
        all:
            Cluster1: 0.173254027963
            Cluster2: 0.0748024582863
            Cluster3: 0.659863471985
            Cluster4: 0.0327767208219
            Cluster5: 0.0593033023179
        probability: 0.659863471985
        value: "Cluster3"
    mood_acoustic:
        all:
            acoustic: 0.867115855217
            not_acoustic: 0.132884129882
        probability: 0.867115855217
        value: "acoustic"
    mood_aggressive:
        all:
            aggressive: 0.0132840182632
            not_aggressive: 0.986715972424
        probability: 0.986715972424
        value: "not_aggressive"
    mood_electronic:
        all:
            electronic: 0.400936484337
            not_electronic: 0.599063515663
        probability: 0.599063515663
        value: "not_electronic"
    mood_happy:
        all:
            happy: 0.027022274211
            not_happy: 0.972977697849
        probability: 0.972977697849
        value: "not_happy"
    mood_party:
        all:
            not_party: 0.906710326672
            party: 0.0932896882296
        probability: 0.906710326672
        value: "not_party"
    mood_relaxed:
        all:
            not_relaxed: 0.0156260877848
            relaxed: 0.984373927116
        probability: 0.984373927116
        value: "relaxed"
    mood_sad:
        all:
            not_sad: 0.129336729646
            sad: 0.870663285255
        probability: 0.870663285255
        value: "sad"
    rhythm:
        all:
            fast: 0.0148002142087
            medium: 0.805744707584
            slow: 0.179455071688
        probability: 0.805744707584
        value: "medium"
    speech_music:
        all:
            music: 0.994861602783
            speech: 0.00513838743791
        probability: 0.994861602783
        value: "music"
    timbre:
        all:
            bright: 0.267243683338
            dark: 0.732756316662
        probability: 0.732756316662
        value: "dark"
    voice_instrumental:
        all:
            instrumental: 0.749881327152
            voice: 0.25011870265
        probability: 0.749881327152
        value: "instrumental"

lowlevel:
    average_loudness: 0.550802111626
    barkbands_kurtosis:
        dmean: 1.85838460922
        dmean2: 2.7670314312
        dvar: 5.12031173706
        dvar2: 10.8220539093
        max: 22.6865348816
        mean: 3.58367705345
        min: -1.80800688267
        var: 19.8990211487
    barkbands_skewness:
        dmean: 0.39699319005
        dmean2: 0.582873761654
        dvar: 0.134991973639
        dvar2: 0.289545893669
        max: 4.02851581573
        mean: 1.55438971519
        min: -0.696379363537
        var: 0.756039142609
    barkbands_spread:
        dmean: 3.82865953445
        dmean2: 5.67632055283
        dvar: 26.0127220154
        dvar2: 55.1674880981
        max: 59.4002380371
        mean: 17.056470871
        min: 3.33480644226
        var: 121.821807861
    dissonance:
        dmean: 0.0327233485878
        dmean2: 0.0540543682873
        dvar: 0.000866913469508
        dvar2: 0.00228369073011
        max: 0.497155874968
        mean: 0.40967720747
        min: 0.246511176229
        var: 0.00210197875276
    hfc:
        dmean: 0.54869890213
        dmean2: 0.880202949047
        dvar: 1.81942677498
        dvar2: 4.86313772202
        max: 16.2512130737
        mean: 1.80659353733
        min: 0.0675660222769
        var: 6.61990451813
    pitch:
        dmean: 172.13381958
        dmean2: 334.296203613
        dvar: 449207.75
        dvar2: 1313160.875
        max: 4410
        mean: 306.007202148
        min: 77.7777786255
        var: 284571.21875
    pitch_instantaneous_confidence:
        dmean: 0.0711054354906
        dmean2: 0.111589729786
        dvar: 0.00513240229338
        dvar2: 0.0117398491129
        max: 0.921957790852
        mean: 0.549382269382
        min: 0.161190152168
        var: 0.0266181081533
    pitch_salience:
        dmean: 0.0549031607807
        dmean2: 0.0812478139997
        dvar: 0.00218272092752
        dvar2: 0.00478729279712
        max: 0.827487170696
        mean: 0.550254523754
        min: 0.267598599195
        var: 0.00913593079895
    silence_rate_20dB:
        dmean: 0
        dmean2: 0
        dvar: 0
        dvar2: 0
        max: 1
        mean: 1
        min: 1
        var: 0
    silence_rate_30dB:
        dmean: 0
        dmean2: 0
        dvar: 0
        dvar2: 0
        max: 1
        mean: 1
        min: 1
        var: 0
    silence_rate_60dB:
        dmean: 0.037209302187
        dmean2: 0.074592076242
        dvar: 0.0358248725533
        dvar2: 0.0783521384001
        max: 1
        mean: 0.765661239624
        min: 0
        var: 0.179425403476
    spectral_centroid:
        dmean: 145.592407227
        dmean2: 207.290130615
        dvar: 50239.8984375
        dvar2: 97760.75
        max: 2688.90673828
        mean: 727.782470703
        min: 178.546127319
        var: 175002.328125
    spectral_complexity:
        dmean: 1.25
        dmean2: 2.18266987801
        dvar: 3.27628493309
        dvar2: 8.34602546692
        max: 22
        mean: 5.85081577301
        min: 0
        var: 14.2900896072
    spectral_crest:
        dmean: 2.13515067101
        dmean2: 3.32949781418
        dvar: 3.35280823708
        dvar2: 7.75292015076
        max: 18.7757434845
        mean: 9.46957969666
        min: 3.43695282936
        var: 9.00848197937
    spectral_decrease:
        dmean: 1.28184435289e-10
        dmean2: 1.89867288558e-10
        dvar: 3.97001748391e-20
        dvar2: 9.00033963392e-20
        max: -3.432302359e-11
        mean: -5.80433590081e-10
        min: -3.39644801173e-09
        var: 4.40473986377e-19
    spectral_energy:
        dmean: 0.000529983022716
        dmean2: 0.000788059202023
        dvar: 6.94232141996e-07
        dvar2: 1.62346998422e-06
        max: 0.013685464859
        mean: 0.002354553435
        min: 0.000135875656269
        var: 7.32971966499e-06
    spectral_energyband_high:
        dmean: 4.46567428298e-05
        dmean2: 7.69584585214e-05
        dvar: 2.86097794344e-08
        dvar2: 8.03007154104e-08
        max: 0.00168190163095
        mean: 4.37164999312e-05
        min: 2.92356006071e-08
        var: 1.99464373907e-08
    spectral_energyband_low:
        dmean: 6.59402066958e-05
        dmean2: 9.86203885986e-05
        dvar: 5.2649340887e-08
        dvar2: 1.37596657623e-07
        max: 0.00255355937406
        mean: 0.000197112036403
        min: 2.98943696464e-08
        var: 7.06040452769e-08
    spectral_energyband_middle_high:
        dmean: 0.000183980970178
        dmean2: 0.000293875229545
        dvar: 1.49058905663e-07
        dvar2: 3.85931372193e-07
        max: 0.00738780945539
        mean: 0.000649696332403
        min: 5.73165061724e-06
        var: 1.60545232575e-06
    spectral_energyband_middle_low:
        dmean: 0.000372729555238
        dmean2: 0.00053751753876
        dvar: 3.1254413102e-07
        dvar2: 6.53604502077e-07
        max: 0.00845174863935
        mean: 0.00146401848178
        min: 7.74203945184e-05
        var: 2.46590570896e-06
    spectral_flatness_db:
        dmean: 0.0217093806714
        dmean2: 0.0295071322471
        dvar: 0.000606242858339
        dvar2: 0.00108847860247
        max: 0.335342466831
        mean: 0.211481317878
        min: 0.0979440659285
        var: 0.00242988439277
    spectral_flux:
        dmean: 0.00584483612329
        dmean2: 0.00926507636905
        dvar: 6.24558524578e-05
        dvar2: 0.000126759507111
        max: 0.0952639430761
        mean: 0.0180066712201
        min: 0.00278259348124
        var: 0.000227095122682
    spectral_kurtosis:
        dmean: 4.73022317886
        dmean2: 7.7546582222
        dvar: 47.2627410889
        dvar2: 125.064758301
        max: 82.1088562012
        mean: 10.9875850677
        min: 0.207046747208
        var: 107.348991394
    spectral_rms:
        dmean: 0.000155983638251
        dmean2: 0.000229987068451
        dvar: 4.34227267476e-08
        dvar2: 1.01247785267e-07
        max: 0.00365399406292
        mean: 0.00131588266231
        min: 0.000364090112271
        var: 5.65576044664e-07
    spectral_rolloff:
        dmean: 325.614013672
        dmean2: 532.530578613
        dvar: 383930.03125
        dvar2: 793468.1875
        max: 4844.97070312
        mean: 1326.67565918
        min: 215.33203125
        var: 1276369.75
    spectral_skewness:
        dmean: 0.436436593533
        dmean2: 0.690325140953
        dvar: 0.296117812395
        dvar2: 0.682568311691
        max: 7.40083503723
        mean: 2.37464880943
        min: 0.631432652473
        var: 1.0685172081
    spectral_spread:
        dmean: 773691.3125
        dmean2: 1079289.75
        dvar: 1.59456965427e+12
        dvar2: 2.49720943411e+12
        max: 17680248
        mean: 3689343.75
        min: 1024303.875
        var: 3.83239297434e+12
    spectral_strongpeak:
        dmean: 0.161868304014
        dmean2: 0.271528959274
        dvar: 0.0747994035482
        dvar2: 0.167556911707
        max: 2.93306446075
        mean: 0.369263857603
        min: 0.0096165984869
        var: 0.226182326674
    zerocrossingrate:
        dmean: 0.00672869803384
        dmean2: 0.00792570784688
        dvar: 5.90160052525e-05
        dvar2: 7.13692352292e-05
        max: 0.13037109375
        mean: 0.0465449281037
        min: 0.00634765625
        var: 0.000496231950819
    barkbands:
        dmean: [1.73898868638e-07, 2.85377900582e-05, 3.94163143937e-05, 3.5262946767e-05, 0.000218648216105, 0.000194018997718, 6.37020857539e-05, 5.57689745619e-05, 7.85769880167e-05, 6.55910916976e-05, 0.000109435772174, 2.8636361094e-05, 1.36988110171e-05, 2.02553674171e-05, 9.34692980081e-06, 6.31102602711e-06, 2.11684273381e-05, 2.4649381885e-05, 3.12071060762e-05, 3.86404462915e-05, 1.23563895613e-05, 3.94611515731e-06, 1.32096045036e-06, 5.50851382286e-07, 2.02729125931e-07, 1.06823794255e-08, 2.85262730104e-10]
        dmean2: [2.44351440415e-07, 4.63429860247e-05, 5.54206308152e-05, 5.60115950066e-05, 0.000325959903421, 0.000273962708889, 8.85857225512e-05, 8.84547116584e-05, 0.000100064622529, 8.35196042317e-05, 0.000148742794408, 5.01277754665e-05, 2.48452688538e-05, 3.42981911672e-05, 1.45908725244e-05, 1.0871318409e-05, 3.49556721631e-05, 4.18357994931e-05, 5.15914143762e-05, 6.31186703686e-05, 2.08451765502e-05, 6.09168182564e-06, 2.10625125874e-06, 9.03752209069e-07, 3.19863801224e-07, 1.74486292082e-08, 3.86438075983e-10]
        dvar: [3.9047026246e-13, 1.39965434798e-08, 1.47132865891e-08, 1.50570116375e-08, 1.48169576164e-07, 1.404671508e-07, 1.51532120185e-08, 2.0805163814e-08, 3.45864314966e-08, 6.63103421061e-08, 8.87428086571e-08, 1.0971879405e-08, 3.44093398219e-09, 3.81492348822e-09, 2.50822501657e-10, 3.31911942375e-10, 1.9186632283e-09, 2.20148965724e-09, 4.24438262314e-09, 1.33437989547e-08, 2.15318296526e-09, 1.9899978887e-10, 2.1708695605e-11, 3.25534586267e-12, 2.52947375502e-13, 8.13771498663e-16, 1.01290011358e-17]
        dvar2: [7.22766356313e-13, 4.01594135724e-08, 3.44340307379e-08, 4.5218452982e-08, 3.14606865004e-07, 2.78916161278e-07, 3.37594130428e-08, 5.45886500447e-08, 6.23208151751e-08, 8.53339372497e-08, 1.43219381243e-07, 3.07340357608e-08, 9.96681137622e-09, 1.07344382272e-08, 6.04863770182e-10, 9.27619814295e-10, 4.85353801594e-09, 5.40087130574e-09, 1.05195105959e-08, 3.6805175796e-08, 5.91863802413e-09, 5.01676866715e-10, 5.65815658216e-11, 8.77989000947e-12, 5.84961820736e-13, 1.83978626638e-15, 1.01917948977e-17]
        max: [8.58046314534e-06, 0.00113076623529, 0.00151155458298, 0.00151971098967, 0.00429945625365, 0.00465912697837, 0.00153143249918, 0.00167715887073, 0.00254070432857, 0.00351108284667, 0.00446971086785, 0.00114649848547, 0.000785938173067, 0.00145488744602, 0.000144086210639, 0.000190028513316, 0.000587873451877, 0.000649770430755, 0.000728737271857, 0.00113215553574, 0.00039466295857, 0.000158881273819, 4.32042579632e-05, 1.67944181158e-05, 4.21162394559e-06, 3.13909112037e-07, 6.59814247683e-08]
        mean: [5.36149855179e-07, 7.10147360223e-05, 0.000125572711113, 8.77243583091e-05, 0.000538334483281, 0.000397154188249, 0.000195962085854, 9.179047629e-05, 0.000148450810229, 0.000110565008072, 0.000224715055083, 3.01079126075e-05, 1.47102336996e-05, 7.38420203561e-05, 1.51404992721e-05, 8.13559199742e-06, 4.0373455704e-05, 4.12026311096e-05, 6.31219081697e-05, 5.92317992414e-05, 1.0645504517e-05, 4.02985051551e-06, 1.32772947836e-06, 6.22313848453e-07, 2.30950149671e-07, 1.17286624857e-08, 2.70380884348e-10]
        min: [1.72101811968e-11, 6.26991880637e-09, 4.87846563146e-09, 2.7940048497e-08, 1.44105865729e-06, 2.44330658461e-06, 1.38156690355e-06, 2.24525166459e-07, 8.38281209781e-07, 3.03018481418e-07, 5.78444314669e-07, 1.39428976809e-07, 2.30668376844e-07, 2.9734458451e-08, 3.59836143105e-08, 2.28863541452e-08, 1.94805984677e-08, 4.55224906659e-08, 1.90893256757e-08, 3.00418747656e-08, 9.73006297755e-09, 4.02560873525e-09, 9.4493934899e-10, 3.66818464492e-10, 2.93276430918e-10, 9.63691973443e-12, 3.3526087722e-12]
        var: [6.63209721516e-13, 1.22011378778e-08, 2.66018318484e-08, 2.00041636589e-08, 6.03260673415e-07, 3.23359302001e-07, 6.66579182962e-08, 3.86407954522e-08, 8.89086990696e-08, 1.70830219304e-07, 3.51200867499e-07, 7.97908761285e-09, 2.20345808266e-09, 4.87194853349e-08, 4.33974328695e-10, 2.7674873504e-10, 6.00460703382e-09, 6.77535982874e-09, 1.10616449334e-08, 1.57844528559e-08, 1.49041612385e-09, 1.79330009176e-10, 1.83966557266e-11, 2.84945027643e-12, 3.4471869261e-13, 1.22620777549e-15, 1.01326944973e-17]
    mfcc:
        mean: [-831.333862305, 173.594161987, -30.174243927, 54.2055206299, -17.419254303, -14.5481967926, 0.66013109684, -3.05370497704, -10.8567829132, -5.36384820938, -7.00160264969, -5.7375254631, -3.17055726051]
        cov: [[6300.35302734, -1809.97399902, -214.041473389, -241.123306274, 39.6222190857, 7.2770781517, 195.316146851, 160.452835083, -360.532409668, 121.797721863, -29.184173584, 3.42641377449, -63.8566017151], [-1809.97399902, 1732.19445801, -244.54196167, 183.836044312, 179.29624939, -80.154800415, -56.5328483582, 39.2469444275, -46.5177230835, 60.8140983582, -15.7095298767, -1.08657646179, -48.6018638611], [-214.041473389, -244.54196167, 925.793945312, -277.361480713, 71.5703964233, 135.752258301, 1.63198471069, 68.4959487915, 89.8253936768, -25.2654762268, 4.38514947891, 92.1148986816, -106.511306763], [-241.123306274, 183.836044312, -277.361480713, 432.148406982, 65.8833312988, -8.72580623627, -19.8393211365, -53.7398223877, 27.1877479553, 35.4849090576, 36.1142082214, -16.7943267822, 84.3523635864], [39.6222190857, 179.29624939, 71.5703964233, 65.8833312988, 183.602828979, 30.2110900879, -0.755081653595, 23.1095218658, -23.3693218231, 13.8699636459, -9.45974349976, 21.2505149841, -5.79577159882], [7.2770781517, -80.154800415, 135.752258301, -8.72580623627, 30.2110900879, 168.173461914, 47.6555671692, 35.9267501831, 47.9843521118, -2.94141197205, 4.30805492401, 25.4702739716, 10.2301034927], [195.316146851, -56.5328483582, 1.63198471069, -19.8393211365, -0.755081653595, 47.6555671692, 167.791671753, 66.4813690186, 2.9336605072, 25.7698459625, 16.9334106445, -8.52284622192, -9.54709815979], [160.452835083, 39.2469444275, 68.4959487915, -53.7398223877, 23.1095218658, 35.9267501831, 66.4813690186, 109.860969543, -0.885541260242, 8.73052310944, -4.09621191025, 16.0341358185, -24.2379436493], [-360.532409668, -46.5177230835, 89.8253936768, 27.1877479553, -23.3693218231, 47.9843521118, 2.9336605072, -0.885541260242, 144.857818604, -2.29165029526, 18.2643432617, 9.36672115326, 21.0375976562], [121.797721863, 60.8140983582, -25.2654762268, 35.4849090576, 13.8699636459, -2.94141197205, 25.7698459625, 8.73052310944, -2.29165029526, 113.662147522, 25.658039093, -20.3598384857, -27.1749820709], [-29.184173584, -15.7095298767, 4.38514947891, 36.1142082214, -9.45974349976, 4.30805492401, 16.9334106445, -4.09621191025, 18.2643432617, 25.658039093, 61.5943527222, 19.6916351318, 6.87851572037], [3.42641377449, -1.08657646179, 92.1148986816, -16.7943267822, 21.2505149841, 25.4702739716, -8.52284622192, 16.0341358185, 9.36672115326, -20.3598384857, 19.6916351318, 83.4995956421, 20.4961872101], [-63.8566017151, -48.6018638611, -106.511306763, 84.3523635864, -5.79577159882, 10.2301034927, -9.54709815979, -24.2379436493, 21.0375976562, -27.1749820709, 6.87851572037, 20.4961872101, 90.8713760376]]
        icov: [[0.000478722155094, 0.000711749540642, 0.000465817167424, 7.97254469944e-05, -0.000617063196842, -3.03291039927e-06, 5.46629016753e-05, -0.000779016409069, 0.000906449509785, -0.000727054022718, 0.000357893761247, -0.000719454430509, 0.000655911338981], [0.000711749540642, 0.00185996503569, 0.00110140966717, -0.000104260390799, -0.00168722379021, 0.00027370150201, 0.000456604990177, -0.001623898861, 0.00101106532384, -0.00119589001406, 0.000771123217419, -0.00163349206559, 0.00207747356035], [0.000465817167424, 0.00110140966717, 0.00308641511947, 0.00117192056496, -0.0021726435516, -0.00106857519131, 0.000588326714933, -0.000582947861403, -0.00105397379957, -0.000200243957806, 5.18249762536e-05, -0.00310018588789, 0.00421368889511], [7.97254469944e-05, -0.000104260390799, 0.00117192056496, 0.00470320973545, -0.00260646617971, -0.00030077676638, 0.000466337340185, 0.000936267490033, -0.00110729818698, -0.000958544376772, -0.00270348554477, 0.00153522856999, -0.00299751549028], [-0.000617063196842, -0.00168722379021, -0.0021726435516, -0.00260646617971, 0.00961222872138, -0.00119235215243, -0.000106669322122, -7.56074405217e-06, 0.00160353817046, -0.000252682308201, 0.00255727209151, -0.000766979530454, -0.00119641749188], [-3.03291039927e-06, 0.00027370150201, -0.00106857519131, -0.00030077676638, -0.00119235215243, 0.00882454030216, -0.00221795169637, -0.00109057710506, -0.00211093225516, -0.000297178165056, 0.00132859835867, -0.000964509265032, -0.00190562952776], [5.46629016753e-05, 0.000456604990177, 0.000588326714933, 0.000466337340185, -0.000106669322122, -0.00221795169637, 0.00986043177545, -0.00629921164364, 0.000691533379722, -0.000786944292486, -0.00399048998952, 0.00320642767474, -0.000678594806232], [-0.000779016409069, -0.001623898861, -0.000582947861403, 0.000936267490033, -7.56074405217e-06, -0.00109057710506, -0.00629921164364, 0.0168723352253, -0.00213808612898, 0.000583358225413, 0.00291762826964, -0.00356304389425, 0.00224471651018], [0.000906449509785, 0.00101106532384, -0.00105397379957, -0.00110729818698, 0.00160353817046, -0.00211093225516, 0.000691533379722, -0.00213808612898, 0.0117247626185, -0.00152794492897, -0.00137144362088, 0.000870257674251, -0.00245129480027], [-0.000727054022718, -0.00119589001406, -0.000200243957806, -0.000958544376772, -0.000252682308201, -0.000297178165056, -0.000786944292486, 0.000583358225413, -0.00152794492897, 0.0137885008007, -0.0068987198174, 0.00427432917058, 0.00363009399734], [0.000357893761247, 0.000771123217419, 5.18249762536e-05, -0.00270348554477, 0.00255727209151, 0.00132859835867, -0.00399048998952, 0.00291762826964, -0.00137144362088, -0.0068987198174, 0.0262878015637, -0.0109305279329, 0.00233669835143], [-0.000719454430509, -0.00163349206559, -0.00310018588789, 0.00153522856999, -0.000766979530454, -0.000964509265032, 0.00320642767474, -0.00356304389425, 0.000870257674251, 0.00427432917058, -0.0109305279329, 0.0232738442719, -0.0103372186422], [0.000655911338981, 0.00207747356035, 0.00421368889511, -0.00299751549028, -0.00119641749188, -0.00190562952776, -0.000678594806232, 0.00224471651018, -0.00245129480027, 0.00363009399734, 0.00233669835143, -0.0103372186422, 0.0247714240104]]
    spectral_contrast:
        mean: [-3.3272311839e-07, -1.4833427997e-07, -6.5188238807e-08, -3.1067531836e-07, -2.94115579891e-07, 1.26034649384e-07, -6.83438827309e-07, 1.30796763642e-06, 3.73980947188e-06, -3.68145515495e-06, 3.07804498334e-06, -1.57236775067e-06]
        var: [0.000408188410802, 0.000581395113841, 0.00145573378541, 0.00306780333631, 0.00357377412729, 0.00827693846077, 0.0533056072891, 0.113213911653, 0.206204324961, 0.403201431036, 0.867964863777, 3.43046545982]

rhythm:
    beats_loudness:
        dmean: 0.00179611425847
        dmean2: 0.00230045802891
        dvar: 3.7293002606e-06
        dvar2: 5.39214397577e-06
        max: 0.00970377773046
        mean: 0.00305775296874
        min: 0.000285515212454
        var: 9.53396011028e-06
    beats_loudness_bass:
        dmean: 0.121302045882
        dmean2: 0.206732064486
        dvar: 0.0151010379195
        dvar2: 0.0281649734825
        max: 0.499719262123
        mean: 0.155142500997
        min: 0.0169855095446
        var: 0.0209683291614
    bpm: 110.557769775
    bpm_confidence: 0
    first_peak_bpm: 110
    first_peak_spread: 0
    first_peak_weight: 0.941176533699
    onset_rate: 3.59823775291
    second_peak_bpm: 71
    second_peak_spread: 0
    second_peak_weight: 0.0588235296309
    beats_position: [0.193617105484, 0.737417161465, 1.28121721745, 1.82501733303, 2.36881732941, 2.91261720657, 3.45641708374, 4.00021696091, 4.54401683807, 5.08781719208, 5.93850326538, 6.48011827469, 7.021733284, 7.5633482933, 8.10496330261, 8.64657783508, 9.18819332123, 9.72980690002]
    bpm_estimates: [110.35118103, 110.290534973, 110.23462677, 110.42464447, 110.257125854, 110.319946289, 110.236297607, 110.563827515, 110.792739868, 110.680900574, 110.763816833, 110.268447876, 110.630744934, 110.72492218, 110.879165649, 111.505332947]
    bpm_intervals: [0.543800055981, 0.543800055981, 0.543800115585, 0.543799996376, 0.543799877167, 0.543799877167, 0.543799877167, 0.543799877167, 0.543800354004, 0.850686073303, 0.541615009308, 0.541615009308, 0.541615009308, 0.541615009308, 0.541614532471, 0.541615486145, 0.541613578796]
    onset_times: [0.0580498874187, 0.197369620204, 0.336689352989, 0.859138309956, 1.27709746361, 1.54412698746, 2.07818603516, 2.36843538284, 2.64707493782, 2.90249443054, 2.93732428551, 3.45977330208, 3.72680282593, 3.99383211136, 4.28408145905, 4.36535167694, 4.56272125244, 4.81814050674, 5.3754196167, 5.65405893326, 5.92108821869, 6.47836732864, 6.74539661407, 7.02403640747, 7.2910656929, 7.55809545517, 7.8251247406, 8.103764534, 8.37079334259, 8.66104316711, 8.77714252472, 8.92807292938, 9.12544250488, 9.19510173798, 9.4853515625, 9.69433116913]
    rubato_start: []
    rubato_stop: []
    perceptual_tempo: "unknown"

sfx:
    inharmonicity:
        dmean: 0.0264549572021
        dmean2: 0.0471986271441
        dvar: 0.00180314457975
        dvar2: 0.00520738726482
        max: 0.311196893454
        mean: 0.0259922575206
        min: 1.90952141566e-05
        var: 0.00195715390146
    oddtoevenharmonicenergyratio:
        dmean: 1.64279448986
        dmean2: 3.07228040695
        dvar: 32.9226379395
        dvar2: 98.28465271
        max: 71.1456985474
        mean: 1.22722566128
        min: 5.60280823265e-05
        var: 17.4277801514
    pitch_after_max_to_before_max_energy_ratio: 4.77326536179
    pitch_centroid: 221.27041626
    pitch_max_to_total: 0.340326339006
    pitch_min_to_total: 0.885780870914
    tristimulus:
        dmean: [0.203946143389, 0.209994032979, 0.0523578077555]
        dmean2: [0.355915248394, 0.373976588249, 0.0928897112608]
        dvar: [0.0429862551391, 0.0438967943192, 0.00547121185809]
        dvar2: [0.111679926515, 0.118463039398, 0.0128655927256]
        max: [0.986218810081, 0.921491384506, 0.611517488956]
        mean: [0.515219569206, 0.411682933569, 0.0630353838205]
        min: [0.019232455641, 0, 0]
        var: [0.062518954277, 0.0587498322129, 0.00839671399444]

tonal:
    chords_changes_rate: 0.0185185186565
    chords_number_rate: 0.00925925932825
    chords_strength:
        dmean: 0.00606210855767
        dmean2: 0.00484566669911
        dvar: 1.9643941414e-05
        dvar2: 2.01519778784e-05
        max: 0.649891734123
        mean: 0.543792366982
        min: 0.404162317514
        var: 0.00269772205502
    key_strength: 0.851420938969
    tuning_diatonic_strength: 0.645578205585
    tuning_equal_tempered_deviation: 0.0362025462091
    tuning_frequency: 439.745910645
    tuning_nontempered_energy_ratio: 0.635258555412
    hpcp:
        dmean: [0.0532779730856, 0.082762748003, 0.128070294857, 0.180400818586, 0.157319962978, 0.0537204891443, 0.0364456959069, 0.0649526566267, 0.125975936651, 0.134252384305, 0.0766013413668, 0.0367030911148, 0.019696129486, 0.0210883226246, 0.0443983562291, 0.0713875517249, 0.11323813349, 0.18380458653, 0.18622893095, 0.209251284599, 0.0789253041148, 0.0200888197869, 0.0120369261131, 0.0322690084577, 0.0594029389322, 0.0441627725959, 0.0169659480453, 0.0173134766519, 0.0218902938068, 0.0493056178093, 0.0854614675045, 0.0928950980306, 0.118170574307, 0.130252808332, 0.115417927504, 0.0578477345407]
        dmean2: [0.0958315953612, 0.144721999764, 0.20058567822, 0.282734423876, 0.265721082687, 0.0949660614133, 0.0649318173528, 0.117902979255, 0.205202579498, 0.208699375391, 0.121296055615, 0.0660597607493, 0.0351274423301, 0.0389585196972, 0.0827402696013, 0.127314820886, 0.200973898172, 0.291492700577, 0.322645157576, 0.331456273794, 0.139370262623, 0.0382081530988, 0.0221886746585, 0.0530272647738, 0.0938768833876, 0.0743684545159, 0.0315717607737, 0.0320997387171, 0.0382498726249, 0.0813739299774, 0.135957300663, 0.163204669952, 0.192735850811, 0.201550811529, 0.185541570187, 0.106492266059]
        dvar: [0.012263642624, 0.0341393835843, 0.0250601861626, 0.0352898724377, 0.0375033579767, 0.00736616365612, 0.00936847366393, 0.0197466183454, 0.0291334204376, 0.0397094190121, 0.0161929931492, 0.00952962692827, 0.00299904006533, 0.00466092536226, 0.0138959372416, 0.0203673820943, 0.0326728634536, 0.0385940037668, 0.0413071922958, 0.0423952899873, 0.0165826808661, 0.00984566845, 0.00187545421068, 0.00374434934929, 0.0126622989774, 0.00800348538905, 0.0023989113979, 0.002560302848, 0.00400021206588, 0.00820606201887, 0.0224658735096, 0.0217729397118, 0.0237606540322, 0.0319263450801, 0.0197295099497, 0.0101501848549]
        dvar2: [0.0340411476791, 0.0970471203327, 0.0693087428808, 0.0887515097857, 0.102625623345, 0.0201297234744, 0.0272642355412, 0.0568555854261, 0.0713705644011, 0.0874902755022, 0.0323672033846, 0.0272260196507, 0.00834199041128, 0.0132011864334, 0.0398871153593, 0.0576048791409, 0.0963662564754, 0.090959943831, 0.0963840559125, 0.0987704247236, 0.0440849624574, 0.0292544513941, 0.0054942201823, 0.00826962292194, 0.0256809983402, 0.0204778704792, 0.00747407088056, 0.00742536550388, 0.0108572151512, 0.0197774339467, 0.0473627336323, 0.0564778000116, 0.0618279017508, 0.058033335954, 0.0453889630735, 0.0297260843217]
        max: [0.634972214699, 1, 1, 1, 1, 0.453586101532, 0.72094386816, 1, 1, 1, 0.996407151222, 0.8111718297, 0.380200117826, 0.453266859055, 0.822814047337, 1, 0.917491614819, 1, 1, 1, 0.926309645176, 1, 0.395644336939, 0.644839942455, 1, 0.828279316425, 0.42550688982, 0.371202975512, 0.628717601299, 0.750005602837, 1, 1, 1, 1, 1, 0.706442296505]
        mean: [0.0460321567953, 0.0678969249129, 0.240626707673, 0.404822468758, 0.24292267859, 0.053024046123, 0.0404423475266, 0.0628014728427, 0.21798273921, 0.27554166317, 0.117548294365, 0.0287264417857, 0.0162880476564, 0.0139645356685, 0.0353706926107, 0.0673970505595, 0.0984811633825, 0.363213151693, 0.707714438438, 0.459831953049, 0.0654709413648, 0.012817681767, 0.00947685632855, 0.0477874577045, 0.104833163321, 0.0719726905227, 0.0163891650736, 0.0129151679575, 0.0175259113312, 0.0863490626216, 0.174531832337, 0.140120700002, 0.240975886583, 0.444474190474, 0.293375432491, 0.0723315104842]
        min: [3.47610621247e-05, 0.000225122945267, 0.00338278198615, 0.00520584220067, 0.00197109626606, 0.000218982284423, 6.53410897939e-05, 0.000272076547844, 0.000164894008776, 0.000141887270729, 0.000245554430876, 0.0001407538075, 0.000126728686155, 0.000128553438117, 0.000223171795369, 0.000187016397831, 0.000262229004875, 0.0303472075611, 0.057703986764, 0.0100900391117, 0.000130906380946, 1.76543162524e-05, 2.78569168586e-05, 0.000259771564743, 0.00114698545076, 0.00151106074918, 0.000173994631041, 1.99307069124e-05, 0.000117355077236, 0.0011817086488, 0.00151621457189, 0.000683368707541, 0.00086790707428, 0.00039646361256, 0.000105231963971, 7.37020018278e-05]
        var: [0.00967470277101, 0.0275426600128, 0.0490717813373, 0.0921337231994, 0.0437268912792, 0.00720286788419, 0.00986516382545, 0.0133977057412, 0.0671954602003, 0.107852205634, 0.0273212809116, 0.00617341743782, 0.00208582403138, 0.0027661845088, 0.00915774516761, 0.0203005298972, 0.0277416091412, 0.0511746555567, 0.0880350396037, 0.0705768242478, 0.0123848989606, 0.00509285926819, 0.00110341131222, 0.00684060482308, 0.0304187331349, 0.0152516523376, 0.00148618570529, 0.00145798339508, 0.0028797367122, 0.0182531867176, 0.0815527439117, 0.0433721095324, 0.0530905500054, 0.141616031528, 0.0677056238055, 0.0111885266379]
    chords_histogram: [44.444442749, 0, 55.555557251, 0, 0, 0, 0, 0, 0, 0, 0, 0, 0, 0, 0, 0, 0, 0, 0, 0, 0, 0, 0, 0]
    thpcp: [1, 0.649742245674, 0.092510394752, 0.0181113760918, 0.0133907916024, 0.0675236433744, 0.148129180074, 0.101697362959, 0.0231578778476, 0.0182491224259, 0.0247641000897, 0.122011162341, 0.246613353491, 0.197990447283, 0.340498745441, 0.628041744232, 0.414539277554, 0.102204374969, 0.0650434046984, 0.0959383100271, 0.340005367994, 0.57201385498, 0.343249559402, 0.0749229416251, 0.0571450069547, 0.0887384340167, 0.308009445667, 0.389340162277, 0.166095659137, 0.0405904427171, 0.0230149999261, 0.0197318792343, 0.0499787628651, 0.095231987536, 0.139153808355, 0.513219952583]
    chords_key: "D#"
    chords_scale: "major"
    key_key: "G#"
    key_scale: "major"
    chords_progression: ["D#", "D#", "D#", "D#", "D#", "D#", "D#", "D#", "D#", "D#", "D#", "D#", "D#", "D#", "D#", "D#", "D#", "D#", "D#", "D#", "G#", "G#", "G#", "G#", "G#", "G#", "G#", "G#", "G#", "G#", "G#", "G#", "G#", "G#", "G#", "G#", "G#", "G#", "G#", "G#", "G#", "G#", "G#", "G#", "G#", "G#", "G#", "G#", "G#", "G#", "G#", "G#", "G#", "G#", "G#", "G#", "G#", "G#", "G#", "G#", "G#", "G#", "G#", "G#", "G#", "G#", "G#", "D#", "D#", "D#", "D#", "D#", "D#", "D#", "D#", "D#", "D#", "D#", "D#", "D#", "D#", "D#", "D#", "D#", "D#", "D#", "D#", "D#", "D#", "D#", "D#", "D#", "D#", "D#", "D#", "D#", "D#", "D#", "D#", "D#", "D#", "D#", "D#", "D#", "D#", "D#", "D#", "D#", "D#", "D#", "G#", "G#", "G#", "G#", "G#", "G#", "G#", "G#", "G#", "G#", "G#", "G#", "G#", "G#", "G#", "G#", "G#", "G#", "G#", "G#", "G#", "G#", "G#", "G#", "G#", "G#", "G#", "G#", "G#", "G#", "G#", "G#", "G#", "G#", "G#", "G#", "G#", "G#", "G#", "G#", "G#", "G#", "G#", "G#", "G#", "G#", "G#", "G#", "G#", "D#", "D#", "D#", "D#", "D#", "D#", "D#", "D#", "D#", "D#", "D#", "D#", "D#", "D#", "D#", "D#", "D#", "D#", "D#", "D#", "D#", "D#", "D#", "D#", "D#", "D#", "D#", "D#", "D#", "D#", "D#", "D#", "D#", "D#", "D#", "D#", "D#", "D#", "D#", "D#", "D#", "D#", "D#", "D#", "D#", "D#", "D#", "D#", "D#", "D#", "D#", "D#", "D#", "D#", "D#", "D#", "D#"]
