
metadata:
    version:
        essentia: "1.2.2"
    audio_properties:
        analysis_sample_rate: 44100
        bitrate: 128
        channels: 2
        equal_loudness: 1
        length: 9.92653083801
        replay_gain: -8.65530204773
        downmix: "mix"
    tags:
        track: 6
        year: 0
        album: "Splitted by Mp3Splt v. 2.1"
        artist: "From 000.50 To 001.00"
        comment: "http://mp3splt.sf.net"
        genre: ""
        title: "04 Anstromm-Feck 4.mp3"

highlevel:
    ballroom:
        all:
            ChaChaCha: 0.457907557487
            Jive: 0.383790940046
            Quickstep: 0.00725453672931
            Rumba-American: 0.00171678734478
            Rumba-International: 0.00318643520586
            Rumba-Misc: 0.00230207899585
            Samba: 0.139698728919
            Tango: 0.00121609144844
            VienneseWaltz: 0.00147730379831
            Waltz: 0.00144955411088
        probability: 0.457907557487
        value: "ChaChaCha"
    culture:
        all:
            non_western: 0.318368464708
            western: 0.681631565094
        probability: 0.681631565094
        value: "western"
    gender:
        all:
            female: 0.397149085999
            male: 0.602850914001
        probability: 0.602850914001
        value: "male"
    genre_dortmund:
        all:
            alternative: 0.0110691208392
            blues: 0.00189522036817
            electronic: 0.257554084063
            folkcountry: 0.00849250517786
            funksoulrnb: 0.0186119750142
            jazz: 0.0363264083862
            pop: 0.0420619770885
            raphiphop: 0.522834062576
            rock: 0.101154640317
        probability: 0.522834062576
        value: "raphiphop"
    genre_electronica:
        all:
            ambient: 0.0361829586327
            dnb: 0.881618559361
            house: 0.0203599110246
            techno: 0.0436260029674
            trance: 0.018212582916
        probability: 0.881618559361
        value: "dnb"
    genre_rosamerica:
        all:
            cla: 0.00232805730775
            dan: 0.432938873768
            hip: 0.332842588425
            jaz: 0.00584608688951
            pop: 0.160273790359
            rhy: 0.0406413152814
            roc: 0.0227490570396
            spe: 0.00238021812402
        probability: 0.432938873768
        value: "dan"
    genre_tzanetakis:
        all:
            blu: 0.000471887382446
            cla: 0.000896493322216
            cou: 0.00213958136737
            dis: 0.0970759093761
            hip: 0.135180711746
            jaz: 0.00532047869638
            met: 0.0232945680618
            pop: 0.658880829811
            reg: 0.0653864145279
            roc: 0.0113531211391
        probability: 0.658880829811
        value: "pop"
    live_studio:
        all:
            live: 0.174715772271
            studio: 0.82528424263
        probability: 0.82528424263
        value: "studio"
    mood:
        all:
            Cluster1: 0.265417963266
            Cluster2: 0.0841124281287
            Cluster3: 0.0872059091926
            Cluster4: 0.166790261865
            Cluster5: 0.396473437548
        probability: 0.396473437548
        value: "Cluster5"
    mood_acoustic:
        all:
            acoustic: 0.00332707725465
            not_acoustic: 0.996672928333
        probability: 0.996672928333
        value: "not_acoustic"
    mood_aggressive:
        all:
            aggressive: 0.895026385784
            not_aggressive: 0.104973591864
        probability: 0.895026385784
        value: "aggressive"
    mood_electronic:
        all:
            electronic: 0.940452992916
            not_electronic: 0.0595469810069
        probability: 0.940452992916
        value: "electronic"
    mood_happy:
        all:
            happy: 0.176426783204
            not_happy: 0.823573231697
        probability: 0.823573231697
        value: "not_happy"
    mood_party:
        all:
            not_party: 0.0253015365452
            party: 0.974698483944
        probability: 0.974698483944
        value: "party"
    mood_relaxed:
        all:
            not_relaxed: 0.683667898178
            relaxed: 0.31633207202
        probability: 0.683667898178
        value: "not_relaxed"
    mood_sad:
        all:
            not_sad: 0.997340500355
            sad: 0.00265948963352
        probability: 0.997340500355
        value: "not_sad"
    rhythm:
        all:
            fast: 0.858307003975
            medium: 0.140172258019
            slow: 0.00152072915807
        probability: 0.858307003975
        value: "fast"
    speech_music:
        all:
            music: 0.998518466949
            speech: 0.00148152105976
        probability: 0.998518466949
        value: "music"
    timbre:
        all:
            bright: 0.095155775547
            dark: 0.904844224453
        probability: 0.904844224453
        value: "dark"
    voice_instrumental:
        all:
            instrumental: 0.0216317176819
            voice: 0.978368282318
        probability: 0.978368282318
        value: "voice"

lowlevel:
    average_loudness: 0.886396169662
    barkbands_kurtosis:
        dmean: 2.02588200569
        dmean2: 3.46524453163
        dvar: 30.0430393219
        dvar2: 87.0547409058
        max: 76.8234329224
        mean: 0.521355986595
        min: -1.85282325745
        var: 23.7873649597
    barkbands_skewness:
        dmean: 0.745350658894
        dmean2: 1.17402768135
        dvar: 0.621736645699
        dvar2: 1.76406013966
        max: 8.10204219818
        mean: 0.131589323282
        min: -3.8488702774
        var: 1.65187311172
    barkbands_spread:
        dmean: 10.2362098694
        dmean2: 16.2395000458
        dvar: 87.6308288574
        dvar2: 205.90222168
        max: 87.7783050537
        mean: 39.412815094
        min: 3.56302952766
        var: 232.712234497
    dissonance:
        dmean: 0.0186731200665
        dmean2: 0.0319665670395
        dvar: 0.000463490432594
        dvar2: 0.00112362322398
        max: 0.499757647514
        mean: 0.472007602453
        min: 0.308911949396
        var: 0.000514195475262
    hfc:
        dmean: 5.18718290329
        dmean2: 8.18215274811
        dvar: 92.6495285034
        dvar2: 246.600097656
        max: 81.6491928101
        mean: 7.09281110764
        min: 0.00984277203679
        var: 108.241569519
    pitch:
        dmean: 1229.31713867
        dmean2: 2325.66186523
        dvar: 2995174.5
        dvar2: 6101015.5
        max: 4900
        mean: 1820.39343262
        min: 43.277721405
        var: 4009927
    pitch_instantaneous_confidence:
        dmean: 0.102308668196
        dmean2: 0.175395280123
        dvar: 0.00948401540518
        dvar2: 0.0255226884037
        max: 0.751186907291
        mean: 0.330266833305
        min: 0.118006825447
        var: 0.0210267249495
    pitch_salience:
        dmean: 0.0858502388
        dmean2: 0.143955200911
        dvar: 0.00787370838225
        dvar2: 0.0218821857125
        max: 0.926832318306
        mean: 0.694716930389
        min: 0.31545239687
        var: 0.0116808395833
    silence_rate_20dB:
        dmean: 0
        dmean2: 0
        dvar: 0
        dvar2: 0
        max: 1
        mean: 1
        min: 1
        var: 0
    silence_rate_30dB:
        dmean: 0
        dmean2: 0
        dvar: 0
        dvar2: 0
        max: 1
        mean: 1
        min: 1
        var: 0
    silence_rate_60dB:
        dmean: 0.200934574008
        dmean2: 0.402810305357
        dvar: 0.160559773445
        dvar2: 0.301443457603
        max: 1
        mean: 0.673659682274
        min: 0
        var: 0.219843134284
    spectral_centroid:
        dmean: 624.204101562
        dmean2: 997.714355469
        dvar: 358849.1875
        dvar2: 864501.0625
        max: 4928.68798828
        mean: 2069.84423828
        min: 153.918151855
        var: 950905.1875
    spectral_complexity:
        dmean: 5.34426212311
        dmean2: 8.71361541748
        dvar: 39.2890167236
        dvar2: 94.7347869873
        max: 38
        mean: 8.67523384094
        min: 0
        var: 57.6585769653
    spectral_crest:
        dmean: 2.23264503479
        dmean2: 3.67806315422
        dvar: 5.10339689255
        dvar2: 14.9004402161
        max: 17.8458538055
        mean: 6.35784101486
        min: 2.68950510025
        var: 7.81260347366
    spectral_decrease:
        dmean: 4.02439193081e-10
        dmean2: 6.326074109e-10
        dvar: 3.13741644728e-19
        dvar2: 8.40445022362e-19
        max: -9.53412587594e-13
        mean: -6.42350617142e-10
        min: -4.14132461657e-09
        var: 3.73889074843e-19
    spectral_energy:
        dmean: 0.00195469497703
        dmean2: 0.0030685395468
        dvar: 8.72198052093e-06
        dvar2: 2.33944447245e-05
        max: 0.0230361260474
        mean: 0.00306771765463
        min: 4.49114986623e-06
        var: 1.02102285382e-05
    spectral_energyband_high:
        dmean: 0.000455243105534
        dmean2: 0.000696731207427
        dvar: 7.75446437729e-07
        dvar2: 1.90526850474e-06
        max: 0.0115389311686
        mean: 0.000628932495601
        min: 1.00674458281e-06
        var: 8.94598144896e-07
    spectral_energyband_low:
        dmean: 0.000230843899772
        dmean2: 0.000370714144083
        dvar: 1.17444898251e-07
        dvar2: 3.00893816529e-07
        max: 0.00294067012146
        mean: 0.000315486890031
        min: 5.0413302688e-07
        var: 1.63099059591e-07
    spectral_energyband_middle_high:
        dmean: 0.00107659155037
        dmean2: 0.00175232894253
        dvar: 5.47254194316e-06
        dvar2: 1.49871366375e-05
        max: 0.01824715361
        mean: 0.00134247192182
        min: 4.41211398083e-07
        var: 5.62935338166e-06
    spectral_energyband_middle_low:
        dmean: 0.000552305893507
        dmean2: 0.000897923426237
        dvar: 3.53780279738e-07
        dvar2: 9.03131706309e-07
        max: 0.00404272694141
        mean: 0.000780815433245
        min: 2.33822470364e-06
        var: 4.55213807982e-07
    spectral_flatness_db:
        dmean: 0.0226834136993
        dmean2: 0.0364263318479
        dvar: 0.000497935281601
        dvar2: 0.00130527594592
        max: 0.30290466547
        mean: 0.11106069386
        min: 0.0413016080856
        var: 0.00105132139288
    spectral_flux:
        dmean: 0.0122182127088
        dmean2: 0.0186374783516
        dvar: 0.000181556431926
        dvar2: 0.000501085945871
        max: 0.144508451223
        mean: 0.0371592417359
        min: 0.0021192333661
        var: 0.000364393577911
    spectral_kurtosis:
        dmean: 0.810663223267
        dmean2: 1.27739918232
        dvar: 0.600779175758
        dvar2: 1.49914038181
        max: 5.888920784
        mean: 1.22630012035
        min: -0.698604822159
        var: 1.2463965416
    spectral_rms:
        dmean: 0.000521754380316
        dmean2: 0.00078747671796
        dvar: 3.21413068605e-07
        dvar2: 8.4016846813e-07
        max: 0.00474070338532
        mean: 0.00157202058472
        min: 6.61937301629e-05
        var: 5.21649894836e-07
    spectral_rolloff:
        dmean: 915.034484863
        dmean2: 1458.69824219
        dvar: 1013317.875
        dvar2: 2498214
        max: 7795.01953125
        mean: 3909.03149414
        min: 129.19921875
        var: 2078631.125
    spectral_skewness:
        dmean: 0.229265972972
        dmean2: 0.353562414646
        dvar: 0.0425034090877
        dvar2: 0.103700265288
        max: 1.92968785763
        mean: 1.0658570528
        min: 0.308536022902
        var: 0.105682149529
    spectral_spread:
        dmean: 1677549.25
        dmean2: 2649298
        dvar: 2.50980125901e+12
        dvar2: 5.89859756442e+12
        max: 21430454
        mean: 8755053
        min: 4162412.5
        var: 5.18268125184e+12
    spectral_strongpeak:
        dmean: 0.408082783222
        dmean2: 0.68468105793
        dvar: 0.973437726498
        dvar2: 2.54441666603
        max: 9.15370082855
        mean: 0.443849444389
        min: 0
        var: 1.17869997025
    zerocrossingrate:
        dmean: 0.024559289217
        dmean2: 0.02927165851
        dvar: 0.000363952596672
        dvar2: 0.000504294934217
        max: 0.24658203125
        mean: 0.119530797005
        min: 0.00830078125
        var: 0.00200419779867
    barkbands:
        dmean: [2.52065262885e-07, 8.72044984135e-05, 0.000186566758202, 0.000147748505697, 0.000155686168, 0.000135315145599, 0.000109060471004, 7.556755736e-05, 8.89261500561e-05, 4.1924391553e-05, 4.87804572913e-05, 6.14647069597e-05, 5.59558575333e-05, 5.90726776863e-05, 7.74435829953e-05, 7.29157254682e-05, 0.000165382196428, 0.00023636232072, 0.000275145750493, 0.000309784285491, 0.000191389437532, 6.95303388056e-05, 2.49093427556e-05, 2.09215140785e-05, 1.61539828696e-05, 2.75990782939e-06, 3.64704888511e-09]
        dmean2: [4.26584279012e-07, 0.000139335199492, 0.000295913865557, 0.000249895121669, 0.000262832210865, 0.000243271526415, 0.000199650632567, 0.000130282365717, 0.00015414711379, 7.38363887649e-05, 8.140092541e-05, 0.000107196254248, 9.61173063843e-05, 9.8326614534e-05, 0.000126477956655, 0.00011636880663, 0.000276558159385, 0.00040894545964, 0.000456273934105, 0.000489165249746, 0.000296402053209, 0.000112790272397, 3.75846466341e-05, 3.25907531078e-05, 2.55115828622e-05, 4.63361766379e-06, 5.98898397541e-09]
        dvar: [3.7331243782e-13, 1.27425332508e-08, 9.3889930497e-08, 6.83616789843e-08, 7.52523519054e-08, 3.47326718497e-08, 2.39358346477e-08, 1.58219304325e-08, 1.32492692373e-08, 6.28686658288e-09, 1.07133990568e-08, 1.85864994506e-08, 1.61640816287e-08, 1.41590863478e-08, 2.83787606747e-08, 1.90188966798e-08, 2.2612215389e-07, 6.16034071754e-07, 6.35771357338e-07, 6.48854950214e-07, 1.21702555589e-07, 7.30944593741e-09, 1.38383293713e-09, 1.57388591049e-09, 3.1482433327e-10, 1.93186040082e-11, 3.20539832728e-17]
        dvar2: [9.25633376371e-13, 3.19110426972e-08, 2.35765483581e-07, 1.75340431952e-07, 2.02015300488e-07, 9.17387907862e-08, 6.46251336889e-08, 4.00558413105e-08, 3.60327057081e-08, 1.6710123063e-08, 2.76447575942e-08, 5.13994606877e-08, 4.35841407409e-08, 3.47240387555e-08, 6.62087984438e-08, 4.24939017307e-08, 5.94773212015e-07, 1.74942442754e-06, 1.70662497112e-06, 1.632864155e-06, 2.95723879162e-07, 1.78648349447e-08, 3.13403325514e-09, 3.94543064886e-09, 7.66556984555e-10, 5.07922731652e-11, 8.11424145373e-17]
        max: [6.31208968116e-06, 0.000865223468281, 0.00253143021837, 0.00226033432409, 0.00294310995378, 0.0011176354019, 0.000878291553818, 0.00111804436892, 0.00063411577139, 0.000660987978335, 0.00100800849032, 0.00118974933866, 0.00127825932577, 0.00143027410377, 0.00213614595123, 0.0014431104064, 0.00468949507922, 0.00638800160959, 0.00791471358389, 0.0099588977173, 0.00499407621101, 0.000565131020267, 0.000302557571558, 0.000258227111772, 0.000104579739855, 2.411843343e-05, 5.46431593307e-08]
        mean: [2.84181538746e-07, 0.000110993241833, 0.000204222291359, 0.000143939061672, 0.000195096741663, 0.000137022521812, 0.000113796086225, 7.76977612986e-05, 0.000105079678178, 4.53908251075e-05, 5.47017007193e-05, 6.49547218927e-05, 6.11038485658e-05, 6.23994274065e-05, 9.26273569348e-05, 9.12827308639e-05, 0.000160835581482, 0.000217824053834, 0.000322882144246, 0.000373325834516, 0.000253763253568, 0.000102938472992, 3.3666005038e-05, 2.20615020226e-05, 1.74077395059e-05, 2.42026089836e-06, 3.64362473526e-09]
        min: [6.81062567454e-11, 9.2689020903e-08, 9.06980872628e-08, 1.42344262599e-07, 7.86474799952e-07, 8.13863891835e-08, 4.90171210288e-08, 2.60610537595e-08, 1.70900964491e-08, 1.26317551974e-08, 1.29069874788e-08, 1.65772995331e-08, 6.38392672059e-09, 2.11532462657e-08, 3.39293642071e-08, 2.40162041365e-08, 1.37928668487e-10, 9.27807969342e-11, 1.77888850317e-08, 6.94734438866e-08, 2.87984050829e-07, 1.01057665347e-07, 4.96918488579e-08, 4.11895904051e-08, 4.70425298715e-08, 7.20071735572e-09, 6.94207321836e-12]
        var: [5.13083824559e-13, 2.14545838872e-08, 1.02943054969e-07, 6.06989445373e-08, 7.0610497005e-08, 3.26543414531e-08, 2.24860876585e-08, 1.85951396503e-08, 1.42133878001e-08, 5.86696424776e-09, 1.12550235798e-08, 1.54181574175e-08, 1.51223389366e-08, 1.57789052935e-08, 3.4665987414e-08, 2.61270969304e-08, 1.9653559491e-07, 4.60117206558e-07, 7.00718317148e-07, 7.79690594754e-07, 1.37325415039e-07, 9.55922452306e-09, 1.8974115612e-09, 1.6557640814e-09, 3.76729314411e-10, 1.65572885263e-11, 3.93438598368e-17]
    mfcc:
        mean: [-716.34954834, 67.0649719238, -10.9049224854, 40.576877594, -15.1004018784, 8.51336479187, 0.687457621098, -9.13830471039, 4.37267160416, 0.450622081757, -3.63555502892, -4.59680747986, 1.40988242626]
        cov: [[3876.94311523, -311.336151123, -1007.11462402, -185.731231689, -80.3902740479, -532.348144531, -121.796981812, 79.0695877075, -184.634780884, -183.036682129, 60.9853553772, 74.8511581421, -158.143493652], [-311.336151123, 881.542602539, 63.7509803772, 64.1667175293, 11.4141044617, -3.35306668282, -48.2803230286, 3.56084704399, 24.2148761749, -32.7786598206, 56.5282211304, 29.2289638519, 5.83940076828], [-1007.11462402, 63.7509803772, 852.110717773, 52.7432174683, 20.6377220154, 325.254211426, 25.0070552826, -138.611221313, 118.133888245, 104.181755066, -103.479766846, -38.203540802, 99.0556106567], [-185.731231689, 64.1667175293, 52.7432174683, 265.216827393, 140.097824097, -13.8861036301, 33.1923942566, 70.9231567383, -9.26097297668, -21.9528408051, 36.2943496704, -2.04733490944, -36.3692703247], [-80.3902740479, 11.4141044617, 20.6377220154, 140.097824097, 283.8934021, -32.5833435059, 72.6023101807, 93.3789367676, -3.95754241943, -41.4627838135, 41.4226608276, 17.1116371155, -52.6215934753], [-532.348144531, -3.35306668282, 325.254211426, -13.8861036301, -32.5833435059, 397.337738037, 62.2700233459, -106.511390686, 122.899711609, 107.732620239, -85.1120300293, -34.4543151855, 112.701187134], [-121.796981812, -48.2803230286, 25.0070552826, 33.1923942566, 72.6023101807, 62.2700233459, 123.29750824, 42.7058563232, 24.863368988, 19.7789554596, -1.92963421345, -4.75589847565, 7.16241312027], [79.0695877075, 3.56084704399, -138.611221313, 70.9231567383, 93.3789367676, -106.511390686, 42.7058563232, 175.396514893, -13.0666151047, -42.6435661316, 67.0507888794, 35.6391601562, -61.9575996399], [-184.634780884, 24.2148761749, 118.133888245, -9.26097297668, -3.95754241943, 122.899711609, 24.863368988, -13.0666151047, 110.93006897, 57.4560890198, -23.3045043945, -3.39106178284, 49.4261512756], [-183.036682129, -32.7786598206, 104.181755066, -21.9528408051, -41.4627838135, 107.732620239, 19.7789554596, -42.6435661316, 57.4560890198, 110.397506714, -13.4817380905, -12.9360179901, 50.5489273071], [60.9853553772, 56.5282211304, -103.479766846, 36.2943496704, 41.4226608276, -85.1120300293, -1.92963421345, 67.0507888794, -23.3045043945, -13.4817380905, 89.8264160156, 28.9279975891, -31.2024803162], [74.8511581421, 29.2289638519, -38.203540802, -2.04733490944, 17.1116371155, -34.4543151855, -4.75589847565, 35.6391601562, -3.39106178284, -12.9360179901, 28.9279975891, 63.4479980469, 1.58895397186], [-158.143493652, 5.83940076828, 99.0556106567, -36.3692703247, -52.6215934753, 112.701187134, 7.16241312027, -61.9575996399, 49.4261512756, 50.5489273071, -31.2024803162, 1.58895397186, 93.5576171875]]
        icov: [[0.000435368274339, 0.000125056059915, 0.000445907266112, 9.91964334389e-05, -8.38363848743e-06, 0.000256210245425, 8.46159236971e-05, 0.000392967020161, -0.000231495738262, 0.000167089805473, 0.000313598458888, -0.000503335963003, 0.000380128680263], [0.000125056059915, 0.00139366707299, -3.74696173822e-05, -0.000318267208058, 0.000210383775993, -3.64168809028e-05, 0.000424855330493, 0.00059119402431, -0.000953966227826, 0.0011482744012, -0.0013989059953, -0.000377826800104, -1.50299856614e-05], [0.000445907266112, -3.74696173822e-05, 0.00250361929648, -0.000523045833688, -0.000640999176539, -0.0007584647974, 0.000598160375375, 0.00123888789676, -0.00071100925561, -0.000627517816611, 0.00164969509933, -0.000839062035084, 0.000508885772433], [9.91964334389e-05, -0.000318267208058, -0.000523045833688, 0.00587341468781, -0.00236901640892, -0.00043055988499, 0.000614396762103, -0.00194460502826, 0.00124518037774, -8.84088294697e-05, -0.00106593279634, 0.00198524235748, -0.000123367251945], [-8.38363848743e-06, 0.000210383775993, -0.000640999176539, -0.00236901640892, 0.0067988676019, 0.000157556976774, -0.00366510055028, 0.000273802346783, -0.00160117773339, 0.00251947739162, -0.00175308366306, -0.00156757817604, 0.00275316718034], [0.000256210245425, -3.64168809028e-05, -0.0007584647974, -0.00043055988499, 0.000157556976774, 0.00710289273411, -0.00273883342743, 0.0019613429904, -0.00354048376903, -0.0012105043279, 0.00212605646811, 0.00041283768951, -0.00266157533042], [8.46159236971e-05, 0.000424855330493, 0.000598160375375, 0.000614396762103, -0.00366510055028, -0.00273883342743, 0.0139713967219, -0.00570257520303, 0.00164611672517, -0.00267684645951, 0.00206060358323, 0.00250552315265, -0.00266488827765], [0.000392967020161, 0.00059119402431, 0.00123888789676, -0.00194460502826, 0.000273802346783, 0.0019613429904, -0.00570257520303, 0.0157140791416, -0.00605020392686, 0.00317987799644, -0.00537439063191, -0.00571505306289, 0.00697697186843], [-0.000231495738262, -0.000953966227826, -0.00071100925561, 0.00124518037774, -0.00160117773339, -0.00354048376903, 0.00164611672517, -0.00605020392686, 0.0188825335354, -0.00645787175745, 0.00323895155452, 0.000703763973434, -0.00528141530231], [0.000167089805473, 0.0011482744012, -0.000627517816611, -8.84088294697e-05, 0.00251947739162, -0.0012105043279, -0.00267684645951, 0.00317987799644, -0.00645787175745, 0.0180615335703, -0.0068089463748, 0.00207705213688, -0.00262621650472], [0.000313598458888, -0.0013989059953, 0.00164969509933, -0.00106593279634, -0.00175308366306, 0.00212605646811, 0.00206060358323, -0.00537439063191, 0.00323895155452, -0.0068089463748, 0.0229771211743, -0.00568015826866, 0.000919710437302], [-0.000503335963003, -0.000377826800104, -0.000839062035084, 0.00198524235748, -0.00156757817604, 0.00041283768951, 0.00250552315265, -0.00571505306289, 0.000703763973434, 0.00207705213688, -0.00568015826866, 0.0233915057033, -0.00830835476518], [0.000380128680263, -1.50299856614e-05, 0.000508885772433, -0.000123367251945, 0.00275316718034, -0.00266157533042, -0.00266488827765, 0.00697697186843, -0.00528141530231, -0.00262621650472, 0.000919710437302, -0.00830835476518, 0.0249814111739]]
    spectral_contrast:
        mean: [-4.0203541829e-08, -4.56204446664e-07, -1.7989322032e-07, 7.89013014924e-08, 4.85158118124e-08, -2.98789160524e-07, 2.67427094514e-06, 1.59358864948e-06, -2.87578473035e-07, 1.74441072431e-06, 1.92155357581e-06, 1.50961295731e-06]
        var: [0.000655478041153, 0.00093507807469, 0.00172044255305, 0.00313414470293, 0.00365930027328, 0.0058906362392, 0.0627950578928, 0.14752663672, 0.329248666763, 0.395018041134, 0.631523370743, 2.0622189045]

rhythm:
    beats_loudness:
        dmean: 0.00312648550607
        dmean2: 0.00447404989973
        dvar: 1.44967089e-05
        dvar2: 1.79267990461e-05
        max: 0.0168124623597
        mean: 0.00449479138479
        min: 0.000892182346433
        var: 1.80648694368e-05
    beats_loudness_bass:
        dmean: 0.237995758653
        dmean2: 0.474682986736
        dvar: 0.0432402417064
        dvar2: 0.122692249715
        max: 0.724577188492
        mean: 0.219975143671
        min: 0.00130756897852
        var: 0.0479436852038
    bpm: 100.458930969
    bpm_confidence: 0
    first_peak_bpm: 100
    first_peak_spread: 0
    first_peak_weight: 0.5
    onset_rate: 6.44736814499
    second_peak_bpm: 134
    second_peak_spread: 0.111111104488
    second_peak_weight: 0.444444447756
    beats_position: [0.117632418871, 0.714891672134, 1.3121509552, 1.90941023827, 2.50666952133, 3.1039288044, 3.70118832588, 4.29844760895, 4.89570713043, 5.49296665192, 5.95522451401, 6.40213155746, 6.84903812408, 7.29594516754, 7.74285125732, 8.18975925446, 8.63666534424, 9.0835723877, 9.53047847748]
    bpm_estimates: [100.555015564, 100.400611877, 100.476821899, 100.416755676, 100.390914917, 100.417114258, 100.555267334]
    bpm_intervals: [0.597259283066, 0.597259283066, 0.597259283066, 0.597259283066, 0.597259283066, 0.597259521484, 0.597259283066, 0.597259521484, 0.597259521484, 0.462257862091, 0.446907043457, 0.44690656662, 0.446907043457, 0.446906089783, 0.446907997131, 0.446906089783, 0.446907043457, 0.446906089783]
    onset_times: [0.0464399084449, 0.243809521198, 0.394739240408, 0.557278931141, 0.708208620548, 0.847528338432, 0.9287981987, 1.01006805897, 1.14938771725, 1.30031740665, 1.60217690468, 1.75310659409, 1.89242625237, 2.04335594177, 2.19428563118, 2.34521532059, 2.5890250206, 2.63546490669, 2.79800462723, 3.09986400604, 3.23918366432, 3.40172338486, 3.55265307426, 3.70358276367, 3.84290242195, 3.99383211136, 4.15637207031, 4.29569149017, 4.446621418, 4.59755086899, 4.76009082794, 4.8994102478, 5.18966007233, 5.35219955444, 5.50312948227, 5.64244890213, 5.79337882996, 5.94430828094, 6.18811798096, 6.24616765976, 6.39709758759, 6.5596370697, 6.6989569664, 6.8382768631, 6.98920631409, 7.1517457962, 7.30267572403, 7.44199562073, 7.60453510284, 7.74385499954, 7.90639448166, 8.04571437836, 8.18503379822, 8.35918331146, 8.498503685, 8.64943313599, 8.80036258698, 8.95129299164, 9.0906124115, 9.25315189362, 9.39247131348, 9.54340171814, 9.69433116913, 9.85687065125]
    rubato_start: [5.95522451401]
    rubato_stop: [6.40213155746]
    perceptual_tempo: "unknown"

sfx:
    inharmonicity:
        dmean: 0.0596841461957
        dmean2: 0.103047907352
        dvar: 0.00343670928851
        dvar2: 0.00942733604461
        max: 0.392501503229
        mean: 0.0656242072582
        min: 0
        var: 0.00449915137142
    oddtoevenharmonicenergyratio:
        dmean: 8.90315437317
        dmean2: 17.4853878021
        dvar: 4232.56054688
        dvar2: 12658.9433594
        max: 888.200744629
        mean: 4.89761590958
        min: 0
        var: 2139.32788086
    pitch_after_max_to_before_max_energy_ratio: 130.234375
    pitch_centroid: 222.137008667
    pitch_max_to_total: 0.00467289704829
    pitch_min_to_total: 0.532710254192
    tristimulus:
        dmean: [0.214380502701, 0.2551240623, 0.201900348067]
        dmean2: [0.363055974245, 0.433376222849, 0.356001138687]
        dvar: [0.0333264954388, 0.0458621382713, 0.0382012315094]
        dvar2: [0.0816416665912, 0.128055095673, 0.111374571919]
        max: [1, 0.978562891483, 0.946906268597]
        mean: [0.351068794727, 0.397561699152, 0.192878067493]
        min: [0.0162275582552, 0, 0]
        var: [0.0588169805706, 0.0622884705663, 0.0424775592983]

tonal:
    chords_changes_rate: 0.11627907306
    chords_number_rate: 0.037209302187
    chords_strength:
        dmean: 0.0162069611251
        dmean2: 0.0189344286919
        dvar: 0.000144771096529
        dvar2: 0.000236178399064
        max: 0.62352001667
        mean: 0.450830668211
        min: 0.188500389457
        var: 0.0130826784298
    key_strength: 0.46579554677
    tuning_diatonic_strength: 0.479956239462
    tuning_equal_tempered_deviation: 0.258279919624
    tuning_frequency: 452.37008667
    tuning_nontempered_energy_ratio: 0.893457233906
    hpcp:
        dmean: [0.243082851171, 0.215274453163, 0.19191506505, 0.229884117842, 0.232699617743, 0.215018793941, 0.206757828593, 0.200262099504, 0.165679946542, 0.16861705482, 0.181819498539, 0.188852131367, 0.180195003748, 0.201506748796, 0.227182969451, 0.23154053092, 0.173086866736, 0.153072819114, 0.160859510303, 0.208993807435, 0.213430464268, 0.236119523644, 0.241636991501, 0.229389443994, 0.215022280812, 0.178059354424, 0.189670711756, 0.199238523841, 0.173524290323, 0.184581652284, 0.194639012218, 0.162905722857, 0.180635839701, 0.217661365867, 0.199514463544, 0.212724044919]
        dmean2: [0.431871175766, 0.370280385017, 0.319933086634, 0.407957792282, 0.384960860014, 0.353889495134, 0.352586388588, 0.335495144129, 0.290624529123, 0.299255758524, 0.311911463737, 0.325552850962, 0.304487913847, 0.348619192839, 0.403276950121, 0.408734232187, 0.292894989252, 0.267352104187, 0.278654009104, 0.367154866457, 0.385642796755, 0.427230149508, 0.43168130517, 0.394377976656, 0.376870065928, 0.30868652463, 0.321199595928, 0.336483478546, 0.30727621913, 0.324996173382, 0.328106760979, 0.278099626303, 0.306179702282, 0.375367254019, 0.354579776525, 0.382752418518]
        dvar: [0.0632021948695, 0.0498878210783, 0.0361897014081, 0.0520232319832, 0.0480923838913, 0.0375482663512, 0.048507001251, 0.0435206592083, 0.0330481491983, 0.0344078056514, 0.0372375585139, 0.0355999842286, 0.02774852328, 0.036001291126, 0.0492801517248, 0.0579282455146, 0.0318594351411, 0.0281863585114, 0.0286571085453, 0.049763135612, 0.0501904077828, 0.0723764821887, 0.0622457526624, 0.0587268993258, 0.0545886158943, 0.0292208436877, 0.0467481017113, 0.0440904349089, 0.0424178466201, 0.0417311042547, 0.0469188056886, 0.0414821729064, 0.0377832837403, 0.0648527666926, 0.0442401207983, 0.0487374961376]
        dvar2: [0.185046225786, 0.134961932898, 0.0952755361795, 0.127959057689, 0.120016805828, 0.0895104259253, 0.117551110685, 0.111411526799, 0.0773191154003, 0.0859937742352, 0.101962037385, 0.102095276117, 0.0728384926915, 0.0937534570694, 0.122432895005, 0.148488640785, 0.078365765512, 0.0727847293019, 0.0721461549401, 0.133803740144, 0.132240876555, 0.214598223567, 0.18630874157, 0.153660774231, 0.135631933808, 0.0863810777664, 0.110238440335, 0.116909481585, 0.119201570749, 0.105658508837, 0.108366250992, 0.109386906028, 0.0999963283539, 0.157271444798, 0.128653690219, 0.14622323215]
        max: [1, 1, 1, 1, 1, 1, 1, 1, 1, 1, 1, 1, 1, 1, 1, 1, 1, 1, 1, 1, 1, 1, 1, 1, 1, 1, 1, 1, 1, 1, 1, 1, 1, 1, 1, 1]
        mean: [0.308887571096, 0.292177200317, 0.277018636465, 0.332872509956, 0.377012610435, 0.36751511693, 0.332727581263, 0.290709495544, 0.264456927776, 0.260368525982, 0.267819941044, 0.267942130566, 0.263594985008, 0.29437687993, 0.347912997007, 0.322917848825, 0.238348603249, 0.18687543273, 0.200179859996, 0.233586996794, 0.243688136339, 0.2455432266, 0.241532891989, 0.255546212196, 0.256728410721, 0.237251490355, 0.266697019339, 0.257263988256, 0.24157255888, 0.272798806429, 0.257101178169, 0.211814016104, 0.235088944435, 0.296378463507, 0.276593536139, 0.271023929119]
        min: [0.00823407247663, 0.00873650237918, 0.0114328218624, 0.0109616778791, 0.017538420856, 0.0154547067359, 0.025421846658, 0.00607717549428, 0, 0, 0.0116504710168, 0.00851553492248, 0.0162511598319, 0.0217860154808, 0.0111325308681, 0.00818649120629, 0.0125149972737, 0.00682246824726, 0.00666522281244, 0.00523715792224, 0.00446831109002, 0.00177947932389, 0.00239019864239, 0.0104891583323, 0.00869003403932, 0.00732849584892, 0.00131875777151, 0.00515089277178, 0.0042140064761, 0.0024251146242, 0.00571746379137, 0.010117736645, 0.00795171037316, 0.00881065800786, 0.00863124988973, 0.00884383451194]
        var: [0.0748106017709, 0.070073351264, 0.0510564111173, 0.0715545937419, 0.0747843012214, 0.0718068704009, 0.0724693760276, 0.0561868324876, 0.049551282078, 0.0495902337134, 0.0535164251924, 0.0450859740376, 0.0411372669041, 0.0511982440948, 0.0801428481936, 0.0848314315081, 0.0432776771486, 0.0314134210348, 0.0446410812438, 0.0621112696826, 0.0666097402573, 0.0708829239011, 0.0654070228338, 0.0708217993379, 0.060589171946, 0.0418879128993, 0.079095736146, 0.0620225295424, 0.0701150968671, 0.0774705633521, 0.0712209865451, 0.0492484904826, 0.0504682436585, 0.0931072384119, 0.0594462789595, 0.0566391684115]
    chords_histogram: [46.9767456055, 0, 0, 0, 0, 2.32558131218, 0, 4.65116262436, 0, 0, 0, 0, 0, 1.39534878731, 0, 0, 0, 2.79069757462, 0.465116292238, 1.39534878731, 12.0930233002, 0, 0, 27.9069766998]
    thpcp: [1, 0.974808573723, 0.882537007332, 0.771086931229, 0.70145380497, 0.690609574318, 0.710373938084, 0.710698068142, 0.69916754961, 0.780814409256, 0.922815263271, 0.856517374516, 0.632203280926, 0.495674222708, 0.530963301659, 0.619573414326, 0.646366000175, 0.651286482811, 0.6406493783, 0.677818715572, 0.680954456329, 0.629293262959, 0.707395493984, 0.682375013828, 0.640754580498, 0.723580062389, 0.681943178177, 0.561822116375, 0.623557269573, 0.786123454571, 0.733645319939, 0.718872308731, 0.819303035736, 0.774979889393, 0.734772861004, 0.882921397686]
    chords_key: "A#"
    chords_scale: "minor"
    key_key: "A#"
    key_scale: "minor"
    chords_progression: ["A#", "G#m", "G#m", "G#m", "G#m", "G#m", "G#m", "G#m", "G#m", "G#m", "G#m", "G#m", "D#", "G#m", "G#m", "G#m", "G#m", "G#m", "G#m", "G#m", "G#m", "G#m", "G#m", "G#m", "G#m", "G#m", "G#m", "G#m", "A#", "A#", "A#", "A#", "F#", "F#", "F#", "F#", "F#", "F#", "F#", "F#", "F#", "F#", "F#", "F#", "F#", "F#", "F#", "F#", "F#", "F#", "F#", "F#", "F#", "F#", "F#", "F#", "F#", "F#", "F#", "F#", "F#", "F#", "F#", "F#", "F#", "F#", "F#", "F#", "F#", "F#", "F#", "F#", "F#", "F#", "A#m", "A#m", "A#m", "A#m", "A#m", "A#m", "A#m", "A#m", "A#m", "A#m", "A#m", "A#m", "A#m", "A#m", "A#m", "A#m", "A#m", "A#m", "A#m", "A#m", "A#m", "A#m", "A#m", "A#m", "A#m", "A#m", "A#m", "A#m", "A#m", "A#m", "A#m", "A#m", "A#m", "A#m", "A#m", "A#m", "A#m", "A#m", "D#", "D#", "D#", "D#", "A#m", "A#m", "A#m", "A#m", "A#m", "A#m", "A#m", "E", "E", "E", "C#m", "A#m", "A#m", "A#m", "A#m", "A#m", "A#m", "A#m", "A#m", "A#m", "A#m", "A#m", "A#m", "A#m", "A#m", "A#m", "A#m", "A#m", "A#m", "G", "G", "G", "F#", "A#m", "A#m", "A#m", "A#m", "A#m", "A#m", "A#m", "A#m", "A#m", "A#m", "A#m", "A#m", "A#m", "A#m", "A#m", "A#m", "A#m", "A#m", "A#m", "F#", "A#m", "F#", "A#m", "A#m", "A#m", "A#m", "A#m", "A#m", "A#m", "A#m", "A#m", "A#m", "F#", "F#", "A#m", "A#m", "A#m", "A#m", "A#m", "A#m", "A#m", "A#m", "F#", "F#", "F#", "F#", "F#", "F#", "F#", "F#", "F#", "F#", "F#", "F#", "A#", "F#", "A#", "A#", "A#", "A#", "A", "A", "A", "A", "A", "A"]
