
metadata:
    version:
        essentia: "1.2.2"
    audio_properties:
        analysis_sample_rate: 44100
        bitrate: 128
        channels: 2
        equal_loudness: 1
        length: 10.0310201645
        replay_gain: -0.46901512146
        downmix: "mix"
    tags:
        track: 18
        year: 0
        album: "Splitted by Mp3Splt v. 2.1"
        artist: "From 002.50 To 003.00"
        comment: "http://mp3splt.sf.net"
        genre: ""
        title: "10 They Suffocate at Night.mp3"

highlevel:
    ballroom:
        all:
            ChaChaCha: 0.278470814228
            Jive: 0.0453024655581
            Quickstep: 0.0090783201158
            Rumba-American: 0.0103197870776
            Rumba-International: 0.162378415465
            Rumba-Misc: 0.039049461484
            Samba: 0.402045309544
            Tango: 0.0216159932315
            VienneseWaltz: 0.0145016061142
            Waltz: 0.0172378197312
        probability: 0.402045309544
        value: "Samba"
    culture:
        all:
            non_western: 0.827913105488
            western: 0.172086924314
        probability: 0.827913105488
        value: "non_western"
    gender:
        all:
            female: 0.777787566185
            male: 0.222212433815
        probability: 0.777787566185
        value: "female"
    genre_dortmund:
        all:
            alternative: 0.0549799390137
            blues: 0.0402765162289
            electronic: 0.396252900362
            folkcountry: 0.0312348306179
            funksoulrnb: 0.00675314711407
            jazz: 0.254807472229
            pop: 0.0215954110026
            raphiphop: 0.06244661659
            rock: 0.131653159857
        probability: 0.396252900362
        value: "electronic"
    genre_electronica:
        all:
            ambient: 0.908942341805
            dnb: 0.0213883034885
            house: 0.0292921513319
            techno: 0.0300714671612
            trance: 0.01030573342
        probability: 0.908942341805
        value: "ambient"
    genre_rosamerica:
        all:
            cla: 0.164402455091
            dan: 0.152239128947
            hip: 0.300073802471
            jaz: 0.064652249217
            pop: 0.0289560686797
            rhy: 0.226754724979
            roc: 0.0484483577311
            spe: 0.0144731933251
        probability: 0.300073802471
        value: "hip"
    genre_tzanetakis:
        all:
            blu: 0.0434848591685
            cla: 0.0652330517769
            cou: 0.0422875508666
            dis: 0.0802054777741
            hip: 0.333691716194
            jaz: 0.0513115674257
            met: 0.0388964340091
            pop: 0.149413138628
            reg: 0.144354492426
            roc: 0.0511216893792
        probability: 0.333691716194
        value: "hip"
    live_studio:
        all:
            live: 0.280671358109
            studio: 0.719328641891
        probability: 0.719328641891
        value: "studio"
    mood:
        all:
            Cluster1: 0.327786207199
            Cluster2: 0.066169090569
            Cluster3: 0.0960482731462
            Cluster4: 0.0582437105477
            Cluster5: 0.451752722263
        probability: 0.451752722263
        value: "Cluster5"
    mood_acoustic:
        all:
            acoustic: 0.229840353131
            not_acoustic: 0.77015966177
        probability: 0.77015966177
        value: "not_acoustic"
    mood_aggressive:
        all:
            aggressive: 0.241369798779
            not_aggressive: 0.758630216122
        probability: 0.758630216122
        value: "not_aggressive"
    mood_electronic:
        all:
            electronic: 0.80999237299
            not_electronic: 0.190007641912
        probability: 0.80999237299
        value: "electronic"
    mood_happy:
        all:
            happy: 0.0696344301105
            not_happy: 0.930365562439
        probability: 0.930365562439
        value: "not_happy"
    mood_party:
        all:
            not_party: 0.769681215286
            party: 0.230318769813
        probability: 0.769681215286
        value: "not_party"
    mood_relaxed:
        all:
            not_relaxed: 0.176742047071
            relaxed: 0.823257982731
        probability: 0.823257982731
        value: "relaxed"
    mood_sad:
        all:
            not_sad: 0.397534102201
            sad: 0.602465867996
        probability: 0.602465867996
        value: "sad"
    rhythm:
        all:
            fast: 0.161450728774
            medium: 0.560923159122
            slow: 0.277626097202
        probability: 0.560923159122
        value: "medium"
    speech_music:
        all:
            music: 0.988545238972
            speech: 0.0114547498524
        probability: 0.988545238972
        value: "music"
    timbre:
        all:
            bright: 0.2210958004
            dark: 0.7789041996
        probability: 0.7789041996
        value: "dark"
    voice_instrumental:
        all:
            instrumental: 0.967078149319
            voice: 0.0329218618572
        probability: 0.967078149319
        value: "instrumental"

lowlevel:
    average_loudness: 0.575339436531
    barkbands_kurtosis:
        dmean: 1.78701090813
        dmean2: 2.91092014313
        dvar: 7.08096027374
        dvar2: 18.3088512421
        max: 30.9308662415
        mean: 2.01291894913
        min: -1.82573747635
        var: 17.9328594208
    barkbands_skewness:
        dmean: 0.479147672653
        dmean2: 0.755997717381
        dvar: 0.241318762302
        dvar2: 0.594070732594
        max: 4.9467921257
        mean: 1.46304249763
        min: -0.923900783062
        var: 1.03518664837
    barkbands_spread:
        dmean: 5.12688493729
        dmean2: 7.97155857086
        dvar: 21.1873626709
        dvar2: 51.4069862366
        max: 52.2477912903
        mean: 27.2289218903
        min: 3.64155268669
        var: 110.172843933
    dissonance:
        dmean: 0.0181001760066
        dmean2: 0.0294653531164
        dvar: 0.000276105769444
        dvar2: 0.000706289196387
        max: 0.498317748308
        mean: 0.456295013428
        min: 0.315566301346
        var: 0.00061221071519
    hfc:
        dmean: 1.3631632328
        dmean2: 2.19597601891
        dvar: 10.9140605927
        dvar2: 27.9801597595
        max: 30.188615799
        mean: 2.27361035347
        min: 0.152621090412
        var: 12.7216291428
    pitch:
        dmean: 386.113372803
        dmean2: 752.78894043
        dvar: 1048357.875
        dvar2: 2796101.75
        max: 4410
        mean: 519.265441895
        min: 73.2558135986
        var: 1052433.5
    pitch_instantaneous_confidence:
        dmean: 0.0765461325645
        dmean2: 0.120833605528
        dvar: 0.00599515298381
        dvar2: 0.0148180741817
        max: 0.841630756855
        mean: 0.478696644306
        min: 0.135877609253
        var: 0.0192314460874
    pitch_salience:
        dmean: 0.0755460932851
        dmean2: 0.124395668507
        dvar: 0.00554543919861
        dvar2: 0.0145453065634
        max: 0.803458750248
        mean: 0.494759440422
        min: 0.194912940264
        var: 0.0167654249817
    silence_rate_20dB:
        dmean: 0
        dmean2: 0
        dvar: 0
        dvar2: 0
        max: 1
        mean: 1
        min: 1
        var: 0
    silence_rate_30dB:
        dmean: 0
        dmean2: 0
        dvar: 0
        dvar2: 0
        max: 1
        mean: 1
        min: 1
        var: 0
    silence_rate_60dB:
        dmean: 0.0972222238779
        dmean2: 0.194895595312
        dvar: 0.0877703800797
        dvar2: 0.156910970807
        max: 1
        mean: 0.73441106081
        min: 0
        var: 0.195050477982
    spectral_centroid:
        dmean: 192.580093384
        dmean2: 308.178161621
        dvar: 64382.7148438
        dvar2: 153541.1875
        max: 3007.91943359
        mean: 848.260314941
        min: 255.298583984
        var: 230598.328125
    spectral_complexity:
        dmean: 2.42459392548
        dmean2: 3.79999995232
        dvar: 16.3834552765
        dvar2: 40.7553863525
        max: 36
        mean: 5.94675922394
        min: 0
        var: 24.7912635803
    spectral_crest:
        dmean: 2.23669576645
        dmean2: 3.56939268112
        dvar: 4.94363260269
        dvar2: 11.0197677612
        max: 20.5500926971
        mean: 10.905330658
        min: 2.99813127518
        var: 20.3042602539
    spectral_decrease:
        dmean: 4.77006600885e-10
        dmean2: 8.0710260697e-10
        dvar: 1.13592153689e-18
        dvar2: 2.74013338639e-18
        max: -2.26581947649e-11
        mean: -7.96937293934e-10
        min: -1.18558860507e-08
        var: 1.52247999434e-18
    spectral_energy:
        dmean: 0.00190928811207
        dmean2: 0.00323111214675
        dvar: 1.7863991161e-05
        dvar2: 4.28275416198e-05
        max: 0.0468539297581
        mean: 0.00321404775605
        min: 9.93605790427e-05
        var: 2.42185888055e-05
    spectral_energyband_high:
        dmean: 7.71893610363e-05
        dmean2: 0.000128871863126
        dvar: 5.60850637044e-08
        dvar2: 1.49807618754e-07
        max: 0.00214936677366
        mean: 7.77560417191e-05
        min: 3.6540001247e-07
        var: 4.77395971643e-08
    spectral_energyband_low:
        dmean: 0.000714433146641
        dmean2: 0.00127505441196
        dvar: 3.11075973514e-06
        dvar2: 8.69350060384e-06
        max: 0.0118526779115
        mean: 0.000854863144923
        min: 1.12595591872e-06
        var: 2.4185037546e-06
    spectral_energyband_middle_high:
        dmean: 0.000299023406114
        dmean2: 0.000483211391838
        dvar: 5.18406238825e-07
        dvar2: 1.37560675739e-06
        max: 0.00568982120603
        mean: 0.000536763865966
        min: 3.84041413781e-05
        var: 5.59407624223e-07
    spectral_energyband_middle_low:
        dmean: 0.00104511179961
        dmean2: 0.00175409053918
        dvar: 5.68498671782e-06
        dvar2: 1.26579234347e-05
        max: 0.0312735773623
        mean: 0.00174466124736
        min: 3.033905341e-05
        var: 1.01548330349e-05
    spectral_flatness_db:
        dmean: 0.0196597743779
        dmean2: 0.0311514567584
        dvar: 0.00034693282214
        dvar2: 0.000884448527358
        max: 0.300011724234
        mean: 0.201850473881
        min: 0.116494946182
        var: 0.00168781657703
    spectral_flux:
        dmean: 0.0118436170742
        dmean2: 0.0177291799337
        dvar: 0.000354508578312
        dvar2: 0.000689766777214
        max: 0.155150979757
        mean: 0.0262173563242
        min: 0.00494508212432
        var: 0.000691365916282
    spectral_kurtosis:
        dmean: 3.00324463844
        dmean2: 5.29883623123
        dvar: 13.8836860657
        dvar2: 41.0917243958
        max: 29.9309844971
        mean: 6.48294687271
        min: 0.631845235825
        var: 24.6378288269
    spectral_rms:
        dmean: 0.00039807765279
        dmean2: 0.000640510872472
        dvar: 4.47369700396e-07
        dvar2: 1.08600124804e-06
        max: 0.00676100235432
        mean: 0.00152574060485
        min: 0.000311347306706
        var: 8.07771982636e-07
    spectral_rolloff:
        dmean: 569.255859375
        dmean2: 970.946899414
        dvar: 463782.0625
        dvar2: 958056.4375
        max: 4866.50390625
        mean: 1750.46813965
        min: 236.865234375
        var: 1493167.25
    spectral_skewness:
        dmean: 0.314235150814
        dmean2: 0.535433411598
        dvar: 0.120964720845
        dvar2: 0.347149431705
        max: 3.68054676056
        mean: 1.71600043774
        min: 0.564116537571
        var: 0.269912391901
    spectral_spread:
        dmean: 374239.375
        dmean2: 569236.9375
        dvar: 273924734976
        dvar2: 417744322560
        max: 9710616
        mean: 3852798.25
        min: 2090902.375
        var: 1.78768471654e+12
    spectral_strongpeak:
        dmean: 0.10919175297
        dmean2: 0.192052647471
        dvar: 0.042284719646
        dvar2: 0.115467101336
        max: 1.34487318993
        mean: 0.224241614342
        min: 0.0160450190306
        var: 0.049420658499
    zerocrossingrate:
        dmean: 0.00856927968562
        dmean2: 0.00972361024469
        dvar: 6.44198662485e-05
        dvar2: 7.25967402104e-05
        max: 0.1357421875
        mean: 0.0562077276409
        min: 0.01513671875
        var: 0.000605185632594
    barkbands:
        dmean: [5.84220686051e-07, 0.000149526284076, 0.000582379405387, 0.000552830577362, 0.000394522765419, 0.000154766792548, 0.000124715967104, 6.0140642745e-05, 3.78200820705e-05, 2.62971207121e-05, 4.28167404607e-05, 1.44761206684e-05, 2.15447944356e-05, 1.27356533994e-05, 2.57347510342e-05, 2.18008099182e-05, 5.07029544679e-05, 4.57463283965e-05, 6.45871186862e-05, 8.21540670586e-05, 2.84295292658e-05, 1.08636086225e-05, 2.67255200015e-06, 9.27015150864e-07, 6.66134326366e-07, 8.73488037456e-09, 1.82848000629e-10]
        dmean2: [8.37087100081e-07, 0.000266186078079, 0.00103292171843, 0.000951334601268, 0.000672988360748, 0.000269747601124, 0.000191963568795, 9.66151346802e-05, 6.4285377448e-05, 4.24782847404e-05, 6.98276708135e-05, 2.43858139584e-05, 3.39142789016e-05, 2.25977819355e-05, 4.48716855317e-05, 3.74742667191e-05, 8.59230349306e-05, 7.62369454606e-05, 0.000101237434137, 0.000142044824315, 4.94959094794e-05, 1.83493484656e-05, 4.26959149991e-06, 1.44206876485e-06, 1.03339652924e-06, 1.22771508515e-08, 3.16980858228e-10]
        dvar: [2.74107104202e-12, 1.67206323454e-07, 2.05908895623e-06, 2.82412884189e-06, 9.10650442165e-07, 9.92261703914e-08, 7.04274683017e-08, 2.04595433928e-08, 6.55806964289e-09, 3.36363092934e-09, 1.5359026051e-08, 1.3062975146e-09, 1.28520050158e-09, 6.31698526821e-10, 2.7349833509e-09, 2.66528554782e-09, 1.5140152243e-08, 1.64533133784e-08, 2.08000194846e-08, 6.39462882646e-08, 8.17437406653e-09, 1.4202097276e-09, 9.84839571005e-11, 1.19485090225e-11, 8.62065974161e-12, 8.706318675e-16, 3.30835461333e-19]
        dvar2: [5.47562863107e-12, 4.45409114036e-07, 5.75962621951e-06, 6.60994237478e-06, 2.40443864641e-06, 3.03665245838e-07, 1.73010533899e-07, 5.03851893541e-08, 1.75710397343e-08, 8.66295835067e-09, 4.12129921301e-08, 3.47933326594e-09, 3.24717941425e-09, 1.87462556589e-09, 7.14860792783e-09, 7.67313590444e-09, 3.33734035962e-08, 4.53658159927e-08, 5.25379952876e-08, 1.79907743814e-07, 2.21054321514e-08, 3.52227691458e-09, 2.27867308356e-10, 2.4298911841e-11, 1.7137246483e-11, 1.44709956857e-15, 4.79266378962e-19]
        max: [1.60888139362e-05, 0.00287586566992, 0.0110038686544, 0.0236449167132, 0.0108352480456, 0.00363213988021, 0.00346002494916, 0.00120123859961, 0.000629889545962, 0.000462617375888, 0.00170523952693, 0.000259944528807, 0.00032742737676, 0.000160833689733, 0.000369431771105, 0.000473959837109, 0.00167478586081, 0.00115716806613, 0.00117775960825, 0.00207985192537, 0.000944862666074, 0.000398147036321, 0.000143809869769, 5.01156318933e-05, 4.33137611253e-05, 4.06635678019e-07, 1.07419984019e-08]
        mean: [5.49111689452e-07, 0.000139318304718, 0.000715001719072, 0.000699059921317, 0.000509770703502, 0.000236336767557, 0.000181413750397, 7.35318608349e-05, 4.08049672842e-05, 2.85495279968e-05, 4.70201957796e-05, 1.35338568725e-05, 3.85595667467e-05, 1.72704840224e-05, 3.26782901539e-05, 2.56189796346e-05, 9.55375653575e-05, 7.21237374819e-05, 0.000115201444714, 8.83545581019e-05, 2.78878305835e-05, 1.09853044705e-05, 3.01312479678e-06, 1.09041889118e-06, 8.27603912512e-07, 1.11564339988e-08, 1.53943469083e-10]
        min: [6.96832452851e-11, 1.7723664314e-07, 7.64126980357e-07, 2.37491875055e-07, 5.79275729251e-06, 2.86783551928e-06, 2.48777553224e-07, 1.2439922159e-07, 4.45256063131e-07, 5.61311537695e-07, 1.84381661938e-07, 4.68406753384e-08, 1.29770967305e-07, 3.76954041315e-08, 8.75846183135e-07, 1.79343516038e-07, 1.34916285788e-06, 1.6001304175e-06, 4.9042205319e-06, 2.32232991948e-06, 5.0057764156e-08, 5.46047438377e-08, 2.71836331223e-09, 1.47688272722e-09, 1.22391885515e-09, 2.7610226605e-11, 3.24116981084e-13]
        var: [3.21682090687e-12, 1.3172663671e-07, 1.65460266999e-06, 3.10027553496e-06, 1.36988319355e-06, 1.64501457789e-07, 1.00542969506e-07, 2.43236151221e-08, 5.92803628408e-09, 3.20281734467e-09, 1.19298571022e-08, 1.05389530436e-09, 1.62883662114e-09, 7.09851122327e-10, 2.47032927447e-09, 2.40718001088e-09, 3.55467051349e-08, 1.51184664787e-08, 2.95062339006e-08, 4.35360938411e-08, 6.660727081e-09, 1.37358557861e-09, 1.33656696821e-10, 1.86163237603e-11, 1.31250904242e-11, 1.62967508513e-15, 3.17392328813e-19]
    mfcc:
        mean: [-794.512756348, 152.421478271, -44.5223121643, 73.1172180176, -3.97828197479, -4.29287290573, 0.486275136471, -5.63966369629, -9.80023002625, -4.28887939453, -1.80784714222, -9.92080593109, -0.186201557517]
        cov: [[4143.3359375, -1332.28686523, 912.467956543, -371.342773438, -250.310699463, -81.8834762573, -129.578857422, 46.1983299255, 218.392547607, -25.7751979828, -66.9784317017, 132.593856812, -189.898513794], [-1332.28686523, 1369.49633789, -525.236816406, 312.676147461, 121.852729797, 56.7874450684, 57.6903457642, -0.561133980751, -93.8386459351, -37.3322257996, 10.8825998306, -9.98651981354, 133.02796936], [912.467956543, -525.236816406, 529.73828125, -118.137954712, -26.4833869934, -10.9294567108, -38.2446174622, -18.0437736511, 61.6702346802, 17.107963562, 5.46808290482, 45.6573371887, -70.9987564087], [-371.342773438, 312.676147461, -118.137954712, 238.187179565, 59.2041931152, 39.1004676819, 29.6022663116, 9.59422397614, -22.6815052032, -9.65767860413, 24.4756603241, 7.21165800095, 27.6222705841], [-250.310699463, 121.852729797, -26.4833869934, 59.2041931152, 146.577133179, 12.5258960724, 1.78164279461, -0.228671476245, -38.3381729126, -16.7539138794, 6.85857248306, -12.7339391708, 6.60137653351], [-81.8834762573, 56.7874450684, -10.9294567108, 39.1004676819, 12.5258960724, 85.3538589478, 43.8088760376, 13.9432229996, 16.1633930206, 13.8500671387, -4.26242589951, 2.948595047, 3.30448818207], [-129.578857422, 57.6903457642, -38.2446174622, 29.6022663116, 1.78164279461, 43.8088760376, 72.9723052979, 31.6917152405, 22.6747970581, 21.7460727692, 4.72441577911, 1.90186929703, 4.21001434326], [46.1983299255, -0.561133980751, -18.0437736511, 9.59422397614, -0.228671476245, 13.9432229996, 31.6917152405, 77.1659545898, 34.2721824646, 22.9192562103, -3.64735484123, -1.44398391247, 2.88359665871], [218.392547607, -93.8386459351, 61.6702346802, -22.6815052032, -38.3381729126, 16.1633930206, 22.6747970581, 34.2721824646, 90.8906097412, 43.3048858643, 5.575340271, 25.6403884888, -3.91441988945], [-25.7751979828, -37.3322257996, 17.107963562, -9.65767860413, -16.7539138794, 13.8500671387, 21.7460727692, 22.9192562103, 43.3048858643, 68.844291687, 22.4421329498, 13.0326309204, 8.92871952057], [-66.9784317017, 10.8825998306, 5.46808290482, 24.4756603241, 6.85857248306, -4.26242589951, 4.72441577911, -3.64735484123, 5.575340271, 22.4421329498, 55.6358680725, 24.3740139008, 16.19373703], [132.593856812, -9.98651981354, 45.6573371887, 7.21165800095, -12.7339391708, 2.948595047, 1.90186929703, -1.44398391247, 25.6403884888, 13.0326309204, 24.3740139008, 61.4002532959, 20.403968811], [-189.898513794, 133.02796936, -70.9987564087, 27.6222705841, 6.60137653351, 3.30448818207, 4.21001434326, 2.88359665871, -3.91441988945, 8.92871952057, 16.19373703, 20.403968811, 69.6577224731]]
        icov: [[0.000633981195278, 0.000168307480635, -0.000577778846491, 0.000156633177539, 0.000538232212421, -4.28194907727e-05, 0.000897770922165, -0.000924202147871, -0.000734330562409, 0.00110486033373, 0.000456065317849, -0.00122840085533, 0.000761832983699], [0.000168307480635, 0.00176353112329, 0.000983302597888, -0.00131587684155, -0.000439472176367, -0.000106863190013, -0.000234524501138, 0.000343574996805, 8.65519468789e-05, 0.000412387860706, 0.00100088515319, -0.000783134892117, -0.00138962757774], [-0.000577778846491, 0.000983302597888, 0.00448641506955, 0.000158289345563, -0.00156376010273, -0.000880650652107, 0.000819167413283, 0.00170957890805, -0.000705168931745, -0.0010943969246, -0.000318009930197, -0.00220866990276, 0.00194828014355], [0.000156633177539, -0.00131587684155, 0.000158289345563, 0.00734403496608, -0.00106220436282, -0.00258546951227, 0.000164176977705, -0.00154834182467, 5.99861778028e-05, 0.00230478844605, -0.00383096770383, -0.00112736283336, 0.00139536417555], [0.000538232212421, -0.000439472176367, -0.00156376010273, -0.00106220436282, 0.00951420329511, -0.00158539041877, 0.00144425441977, -0.00280823581852, 0.00310302665457, 0.00171435892116, -0.0017657406861, 0.000886739813723, 0.00044183281716], [-4.28194907727e-05, -0.000106863190013, -0.000880650652107, -0.00258546951227, -0.00158539041877, 0.019483037293, -0.0114518739283, 0.00303707178682, -0.00139939307701, -0.00269628386013, 0.0058314865455, -0.000668655033223, -0.000885454704985], [0.000897770922165, -0.000234524501138, 0.000819167413283, 0.000164176977705, 0.00144425441977, -0.0114518739283, 0.0274185948074, -0.00840935949236, -0.00281361443922, -0.000680405180901, -0.00279747438617, -0.00164356920868, 0.00382343865931], [-0.000924202147871, 0.000343574996805, 0.00170957890805, -0.00154834182467, -0.00280823581852, 0.00303707178682, -0.00840935949236, 0.021299963817, -0.00610005389899, -0.00419222656637, 0.0033857289236, 0.00403395341709, -0.00284478068352], [-0.000734330562409, 8.65519468789e-05, -0.000705168931745, 5.99861778028e-05, 0.00310302665457, -0.00139939307701, -0.00281361443922, -0.00610005389899, 0.0256279408932, -0.0122006386518, 0.00357398972847, -0.00728906225413, 0.0015934263356], [0.00110486033373, 0.000412387860706, -0.0010943969246, 0.00230478844605, 0.00171435892116, -0.00269628386013, -0.000680405180901, -0.00419222656637, -0.0122006386518, 0.0295305326581, -0.0115532362834, 0.00278439209796, -0.00222541065887], [0.000456065317849, 0.00100088515319, -0.000318009930197, -0.00383096770383, -0.0017657406861, 0.0058314865455, -0.00279747438617, 0.0033857289236, 0.00357398972847, -0.0115532362834, 0.0309557169676, -0.0113664977252, -0.00173876888584], [-0.00122840085533, -0.000783134892117, -0.00220866990276, -0.00112736283336, 0.000886739813723, -0.000668655033223, -0.00164356920868, 0.00403395341709, -0.00728906225413, 0.00278439209796, -0.0113664977252, 0.0316236242652, -0.0111645488068], [0.000761832983699, -0.00138962757774, 0.00194828014355, 0.00139536417555, 0.00044183281716, -0.000885454704985, 0.00382343865931, -0.00284478068352, 0.0015934263356, -0.00222541065887, -0.00173876888584, -0.0111645488068, 0.0244552064687]]
    spectral_contrast:
        mean: [-4.46336343884e-07, 1.34743729063e-07, 2.8948610975e-07, -6.14759159134e-08, -2.12824460277e-08, -1.33868994112e-07, 1.06156971924e-06, 4.61335821456e-06, 8.12113285065e-07, 2.13931684812e-06, -2.71518479167e-06, 1.54806514274e-07]
        var: [0.00033413618803, 0.000555701029953, 0.000918393197935, 0.00145492656156, 0.00289571122266, 0.0064597427845, 0.054745465517, 0.0718085169792, 0.127937734127, 0.262640178204, 0.731489062309, 3.82534837723]

rhythm:
    beats_loudness:
        dmean: 0.00711947260424
        dmean2: 0.0119281280786
        dvar: 0.000141085198266
        dvar2: 0.000359594676411
        max: 0.0475008897483
        mean: 0.00646720360965
        min: 0.00168205355294
        var: 0.000110809873149
    beats_loudness_bass:
        dmean: 0.347333520651
        dmean2: 0.621571600437
        dvar: 0.0252264142036
        dvar2: 0.0983380824327
        max: 0.74837076664
        mean: 0.389948219061
        min: 0.0496622808278
        var: 0.0542543157935
    bpm: 101.846046448
    bpm_confidence: 0
    first_peak_bpm: 100
    first_peak_spread: 0.399999976158
    first_peak_weight: 0.5625
    onset_rate: 3.28979492188
    second_peak_bpm: 146
    second_peak_spread: 0
    second_peak_weight: 0.0625
    beats_position: [0.235018864274, 0.834005534649, 1.43299221992, 2.0319788456, 2.63096547127, 3.22995209694, 3.82893872261, 4.4279255867, 5.02691221237, 5.62589883804, 6.03718185425, 6.61934518814, 7.20150899887, 7.7836728096, 8.36583709717, 8.94799995422, 9.53016376495]
    bpm_estimates: [100.006835938, 99.9921340942, 100.273841858, 100.499969482, 100.14025116, 100.128005981, 100.090782166, 100.223464966, 103.190933228, 103.264457703, 103.357025146, 103.717346191, 102.343406677, 102.210357666, 103.227958679, 103.158866882, 103.11882782, 102.972206116, 103.158470154]
    bpm_intervals: [0.598986685276, 0.598986685276, 0.598986625671, 0.598986625671, 0.598986625671, 0.598986625671, 0.59898686409, 0.598986625671, 0.598986625671, 0.411283016205, 0.582163333893, 0.58216381073, 0.58216381073, 0.582164287567, 0.582162857056, 0.58216381073]
    onset_times: [0.0348299331963, 0.232199549675, 0.522448956966, 0.789478480816, 1.10294783115, 1.25387752056, 1.38158726692, 1.66022670269, 2.32199549675, 2.62385487556, 2.93732428551, 3.55265307426, 3.84290242195, 4.12154197693, 4.67882108688, 4.74848079681, 5.0387301445, 5.35219955444, 5.66566896439, 5.92108821869, 6.24616765976, 6.54802703857, 7.11691617966, 7.17496585846, 7.46521520615, 7.7670750618, 8.0224943161, 8.3011341095, 8.62621307373, 8.91646289825, 9.22993183136, 9.49696159363, 9.79882049561]
    rubato_start: []
    rubato_stop: []
    perceptual_tempo: "unknown"

sfx:
    inharmonicity:
        dmean: 0.0269568171352
        dmean2: 0.0483159013093
        dvar: 0.00166569126304
        dvar2: 0.00491756154224
        max: 0.351690739393
        mean: 0.0257223471999
        min: 5.40365290362e-05
        var: 0.00163123826496
    oddtoevenharmonicenergyratio:
        dmean: 4.34840250015
        dmean2: 8.55015277863
        dvar: 1266.49487305
        dvar2: 3790.765625
        max: 511.389373779
        mean: 2.45443129539
        min: 3.36029042955e-05
        var: 638.952819824
    pitch_after_max_to_before_max_energy_ratio: 0.681301176548
    pitch_centroid: 160.316329956
    pitch_max_to_total: 0.229166671634
    pitch_min_to_total: 0.148148149252
    tristimulus:
        dmean: [0.199634581804, 0.195689857006, 0.0833305492997]
        dmean2: [0.354373723269, 0.346649557352, 0.150158703327]
        dvar: [0.0366196744144, 0.0378004424274, 0.00840143859386]
        dvar2: [0.103546254337, 0.11070266366, 0.0245519988239]
        max: [0.979402661324, 0.975355863571, 0.526550650597]
        mean: [0.546608686447, 0.332408130169, 0.0933002158999]
        min: [0.00471113994718, 0, 0]
        var: [0.0561041906476, 0.0466086566448, 0.00984354689717]

tonal:
    chords_changes_rate: 0.0460829511285
    chords_number_rate: 0.0276497695595
    chords_strength:
        dmean: 0.00701925158501
        dmean2: 0.00658782850951
        dvar: 3.23586464219e-05
        dvar2: 3.80896672141e-05
        max: 0.624069333076
        mean: 0.436503499746
        min: 0.223717212677
        var: 0.0148142399266
    key_strength: 0.768539309502
    tuning_diatonic_strength: 0.49479919672
    tuning_equal_tempered_deviation: 0.293377697468
    tuning_frequency: 435.448913574
    tuning_nontempered_energy_ratio: 0.9879565835
    hpcp:
        dmean: [0.119792416692, 0.167991429567, 0.160731315613, 0.19119207561, 0.18663084507, 0.14054004848, 0.106515303254, 0.10324165225, 0.0893668681383, 0.0931563898921, 0.0719868242741, 0.0645701885223, 0.0613362379372, 0.0584075786173, 0.0664268583059, 0.0766240730882, 0.0837847292423, 0.0916300714016, 0.103108689189, 0.0977856591344, 0.115427106619, 0.131418630481, 0.137260839343, 0.125822260976, 0.130803257227, 0.14101998508, 0.114680156112, 0.0527336858213, 0.0395285636187, 0.0547570474446, 0.0537416599691, 0.0612347908318, 0.0519377402961, 0.0430214963853, 0.0651080831885, 0.0852178037167]
        dmean2: [0.206009998918, 0.283602118492, 0.277877688408, 0.316091954708, 0.303965121508, 0.240108698606, 0.189090892673, 0.184530004859, 0.154336586595, 0.160747274756, 0.119698323309, 0.109520442784, 0.110127463937, 0.10173998028, 0.118762500584, 0.132129043341, 0.141375735402, 0.15257820487, 0.181823074818, 0.174803718925, 0.210103258491, 0.23470941186, 0.2289313972, 0.219546794891, 0.226818442345, 0.241098627448, 0.199193313718, 0.0978068560362, 0.0694344639778, 0.0984395965934, 0.0969546362758, 0.111557349563, 0.0900476500392, 0.0669436231256, 0.111458331347, 0.154026612639]
        dvar: [0.0323818065226, 0.0585393868387, 0.0520199947059, 0.0491967052221, 0.0626330450177, 0.0296441745013, 0.0376390852034, 0.0392118953168, 0.0296681150794, 0.0262598562986, 0.0135710518807, 0.018484570086, 0.0164369419217, 0.0125830806792, 0.0183990821242, 0.0260786097497, 0.0255073215812, 0.0195872280747, 0.0347135663033, 0.0434917137027, 0.038510132581, 0.0526293739676, 0.0512122362852, 0.0407722741365, 0.0454568192363, 0.0459945984185, 0.0316683873534, 0.0186166316271, 0.0114081222564, 0.013986684382, 0.0123186372221, 0.0170832481235, 0.0175096858293, 0.00676635885611, 0.0164837706834, 0.0350561738014]
        dvar2: [0.0825047716498, 0.128867208958, 0.118469901383, 0.124050788581, 0.140910848975, 0.0747955441475, 0.102219238877, 0.0980603322387, 0.079511128366, 0.0753547921777, 0.0294767133892, 0.0493180304766, 0.0459633134305, 0.0341570451856, 0.0508576333523, 0.0686292722821, 0.0677478313446, 0.0519698597491, 0.0879062563181, 0.110833019018, 0.106014482677, 0.129573717713, 0.125189319253, 0.131188124418, 0.123649939895, 0.106126271188, 0.0893069654703, 0.0534796901047, 0.0326995290816, 0.0419913716614, 0.0338590554893, 0.0477632023394, 0.0431064330041, 0.0127663938329, 0.0452663376927, 0.100880600512]
        max: [1, 1, 1, 1, 1, 0.937186717987, 1, 1, 1, 1, 1, 0.903992891312, 0.808158993721, 0.714907467365, 0.872795164585, 1, 1, 1, 1, 1, 1, 1, 1, 1, 1, 1, 1, 0.86063605547, 1, 0.682762980461, 0.661800026894, 0.692600548267, 0.958189368248, 0.955353200436, 0.96861821413, 1]
        mean: [0.154666766524, 0.264442384243, 0.237933978438, 0.362488627434, 0.43904209137, 0.21350762248, 0.0972061082721, 0.0960924252868, 0.0894275456667, 0.103687316179, 0.0993546247482, 0.0691067650914, 0.0502623356879, 0.051764074713, 0.0520730577409, 0.078021645546, 0.106196515262, 0.108495682478, 0.167880162597, 0.172092065215, 0.102151080966, 0.149960950017, 0.183837279677, 0.146984666586, 0.277805000544, 0.347882926464, 0.164605483413, 0.0389541722834, 0.0339759960771, 0.0415971018374, 0.043462973088, 0.0463836081326, 0.0428886003792, 0.0527448616922, 0.0787492096424, 0.0773117467761]
        min: [0.000492475403007, 0.000497584638651, 0.00032629314228, 0.00197309139185, 0.00157964066602, 0.0027728008572, 8.239930321e-05, 3.85594903491e-05, 0.000176286324859, 0.000294449884677, 0.00042514357483, 0.000278770516161, 1.94612330233e-05, 2.07288139791e-05, 7.08696388756e-05, 0.000157419970492, 0.00021196216403, 0.000204964220757, 0.000135897833388, 8.22492220323e-05, 4.29536339652e-05, 9.78213211056e-05, 0.000135131107527, 0.000180877032108, 0.00146422325633, 0.00134818360675, 0.00140228623059, 6.02636428084e-05, 6.97993382346e-05, 4.37734634033e-05, 0.000130885862745, 0.000149090963532, 0.000127443665406, 0.000100778794149, 0.000146502323332, 0.000161281364853]
        var: [0.0429438538849, 0.108627304435, 0.0836603268981, 0.104726754129, 0.152661055326, 0.0433233231306, 0.0320549458265, 0.0348590239882, 0.0373468622565, 0.0342647433281, 0.0273904111236, 0.0192948840559, 0.0109413275495, 0.00971583183855, 0.0123534528539, 0.0214441381395, 0.0285787843168, 0.0265595950186, 0.091470554471, 0.104603260756, 0.0312326792628, 0.0634858831763, 0.0754898115993, 0.0432931631804, 0.110449634492, 0.140777006745, 0.0399115979671, 0.0113019160926, 0.00725648552179, 0.00872671511024, 0.00872693490237, 0.0110233072191, 0.0126787275076, 0.00913961045444, 0.0204416885972, 0.0247600134462]
    chords_histogram: [45.1612892151, 0, 8.29493045807, 14.7465438843, 0, 0, 0, 0, 0, 0, 0, 0, 8.29493045807, 0, 0, 5.5299539566, 0, 0, 0, 0, 0, 0, 17.9723510742, 0]
    thpcp: [1, 0.486303299665, 0.221404984593, 0.218868359923, 0.203687861562, 0.236167147756, 0.226298630238, 0.157403513789, 0.114481814206, 0.117902308702, 0.118606068194, 0.177708804607, 0.241882309318, 0.247119084001, 0.382378280163, 0.391971677542, 0.232668086886, 0.341563940048, 0.418723583221, 0.334784895182, 0.632752537727, 0.79236805439, 0.374919593334, 0.0887253731489, 0.0773866474628, 0.0947451367974, 0.098995000124, 0.105647295713, 0.0976867601275, 0.120136231184, 0.179365962744, 0.176091879606, 0.352282315493, 0.60231667757, 0.541938900948, 0.825635254383]
    chords_key: "A#"
    chords_scale: "major"
    key_key: "A#"
    key_scale: "major"
    chords_progression: ["Am", "Am", "Am", "Am", "Am", "Am", "Am", "Am", "Am", "Am", "Am", "Am", "Am", "Am", "Am", "Am", "Am", "Am", "Am", "Am", "Am", "Am", "Am", "Am", "Am", "Am", "Am", "Am", "Am", "Am", "Am", "Am", "F", "F", "F", "F", "F", "F", "F", "F", "F", "F", "F", "F", "F", "F", "F", "F", "F", "F", "A#", "A#", "A#", "A#", "A#", "A#", "A#", "A#", "A#", "A#", "A#", "A#", "A#", "A#", "A#", "A#", "A#", "A#", "A#", "A#", "A#", "A#", "A#", "A#", "A#", "A#", "A#", "A#", "A#", "A#", "A#", "A#", "A#", "A#", "A#", "A#", "A#", "A#", "A#", "A#", "A#", "A#", "A#", "A#", "A#", "A#", "A#", "A#", "A#", "A#", "A#", "A#", "A#", "A#", "A#", "A#", "A#", "A#", "A#", "A#", "A#", "A#", "A#", "A#", "A#", "A#", "A#", "A#", "A#", "A#", "A#", "A#", "A#", "A#", "A#", "A#", "A#", "A#", "A#", "A#", "A#", "A#", "A#", "A#", "A#", "A#", "A#", "A#", "A#", "A#", "A#", "A#", "A#", "A#", "A#", "A#", "A#", "A#", "E", "E", "E", "E", "E", "D#", "D#", "D#", "D#", "D#", "D#", "D#", "D#", "D#", "D#", "D#", "D#", "E", "E", "D#", "E", "E", "E", "E", "E", "E", "E", "E", "E", "E", "E", "D#", "D#", "D#", "D#", "D#", "D#", "D#", "D#", "D#", "D#", "D#", "D#m", "D#m", "D#m", "D#m", "D#m", "D#m", "D#m", "D#m", "D#m", "D#m", "D#m", "D#m", "D#", "D#", "D#", "D#", "D#", "D#", "D#", "D#", "D#", "D#", "D#", "D#", "D#", "D#", "D#"]
