
metadata:
    version:
        essentia: "1.2.2"
    audio_properties:
        analysis_sample_rate: 44100
        bitrate: 128
        channels: 2
        equal_loudness: 1
        length: 10.0048980713
        replay_gain: -14.7094841003
        downmix: "mix"
    tags:
        track: 19
        year: 0
        album: "Splitted by Mp3Splt v. 2.1"
        artist: "From 003.00 To 003.10"
        comment: "http://mp3splt.sf.net"
        genre: ""
        title: "09 Last Orders for Gary Stead."

highlevel:
    ballroom:
        all:
            ChaChaCha: 0.0387898869812
            Jive: 0.379245519638
            Quickstep: 0.115111872554
            Rumba-American: 0.00829014088959
            Rumba-International: 0.163762673736
            Rumba-Misc: 0.0476321801543
            Samba: 0.100505270064
            Tango: 0.00607155635953
            VienneseWaltz: 0.104566663504
            Waltz: 0.036024235189
        probability: 0.379245519638
        value: "Jive"
    culture:
        all:
            non_western: 0.00301933148876
            western: 0.996980667114
        probability: 0.996980667114
        value: "western"
    gender:
        all:
            female: 0.859548330307
            male: 0.140451669693
        probability: 0.859548330307
        value: "female"
    genre_dortmund:
        all:
            alternative: 0.126237332821
            blues: 0.0170551352203
            electronic: 0.0232831705362
            folkcountry: 0.203332513571
            funksoulrnb: 0.0145976012573
            jazz: 0.0790180414915
            pop: 0.233964204788
            raphiphop: 0.000923534564208
            rock: 0.301588475704
        probability: 0.301588475704
        value: "rock"
    genre_electronica:
        all:
            ambient: 0.441964685917
            dnb: 0.189358353615
            house: 0.0343968644738
            techno: 0.029288912192
            trance: 0.304991185665
        probability: 0.441964685917
        value: "ambient"
    genre_rosamerica:
        all:
            cla: 0.0385331958532
            dan: 0.115668609738
            hip: 0.0032197390683
            jaz: 0.0110701555386
            pop: 0.341744542122
            rhy: 0.024064771831
            roc: 0.46408945322
            spe: 0.00160951516591
        probability: 0.46408945322
        value: "roc"
    genre_tzanetakis:
        all:
            blu: 0.00573969911784
            cla: 0.00796373281628
            cou: 0.187484666705
            dis: 0.0537068285048
            hip: 0.0026109192986
            jaz: 0.0214882753789
            met: 0.030468435958
            pop: 0.152677193284
            reg: 0.00537506816909
            roc: 0.532485187054
        probability: 0.532485187054
        value: "roc"
    live_studio:
        all:
            live: 0.593917667866
            studio: 0.406082361937
        probability: 0.593917667866
        value: "live"
    mood:
        all:
            Cluster1: 0.151321485639
            Cluster2: 0.239474639297
            Cluster3: 0.501508772373
            Cluster4: 0.0724718049169
            Cluster5: 0.0352232903242
        probability: 0.501508772373
        value: "Cluster3"
    mood_acoustic:
        all:
            acoustic: 0.0310350656509
            not_acoustic: 0.968964934349
        probability: 0.968964934349
        value: "not_acoustic"
    mood_aggressive:
        all:
            aggressive: 0.0707411691546
            not_aggressive: 0.929258823395
        probability: 0.929258823395
        value: "not_aggressive"
    mood_electronic:
        all:
            electronic: 0.134083002806
            not_electronic: 0.865916967392
        probability: 0.865916967392
        value: "not_electronic"
    mood_happy:
        all:
            happy: 0.614089071751
            not_happy: 0.385910898447
        probability: 0.614089071751
        value: "happy"
    mood_party:
        all:
            not_party: 0.906913101673
            party: 0.0930868685246
        probability: 0.906913101673
        value: "not_party"
    mood_relaxed:
        all:
            not_relaxed: 0.199465364218
            relaxed: 0.800534665585
        probability: 0.800534665585
        value: "relaxed"
    mood_sad:
        all:
            not_sad: 0.309331744909
            sad: 0.690668225288
        probability: 0.690668225288
        value: "sad"
    rhythm:
        all:
            fast: 0.460227191448
            medium: 0.195154801011
            slow: 0.34461799264
        probability: 0.460227191448
        value: "fast"
    speech_music:
        all:
            music: 0.999354302883
            speech: 0.000645686697681
        probability: 0.999354302883
        value: "music"
    timbre:
        all:
            bright: 0.919360935688
            dark: 0.0806390419602
        probability: 0.919360935688
        value: "bright"
    voice_instrumental:
        all:
            instrumental: 0.0778980255127
            voice: 0.922101974487
        probability: 0.922101974487
        value: "voice"

lowlevel:
    average_loudness: 0.968905031681
    barkbands_kurtosis:
        dmean: 0.971547067165
        dmean2: 1.55614423752
        dvar: 1.57038915157
        dvar2: 3.99521136284
        max: 12.6597414017
        mean: -0.0840355753899
        min: -1.89285051823
        var: 3.36277198792
    barkbands_skewness:
        dmean: 0.413520842791
        dmean2: 0.639895796776
        dvar: 0.112909078598
        dvar2: 0.29481613636
        max: 3.5936601162
        mean: 0.942640483379
        min: -1.72617208958
        var: 0.55220502615
    barkbands_spread:
        dmean: 4.69844961166
        dmean2: 7.2657995224
        dvar: 19.7191200256
        dvar2: 41.602104187
        max: 66.6111526489
        mean: 31.6661128998
        min: 8.68465900421
        var: 85.1597824097
    dissonance:
        dmean: 0.0135825593024
        dmean2: 0.0225362591445
        dvar: 0.000125735576148
        dvar2: 0.000294223718811
        max: 0.49851962924
        mean: 0.465947896242
        min: 0.382126450539
        var: 0.000302170141367
    hfc:
        dmean: 1.43097162247
        dmean2: 2.10327649117
        dvar: 4.48393201828
        dvar2: 10.5817804337
        max: 35.9799880981
        mean: 6.21136856079
        min: 0.0271744579077
        var: 19.9837684631
    pitch:
        dmean: 520.700378418
        dmean2: 1006.84802246
        dvar: 1206273
        dvar2: 2853472.25
        max: 4410
        mean: 714.869506836
        min: 97.7827072144
        var: 1338393.125
    pitch_instantaneous_confidence:
        dmean: 0.0753633826971
        dmean2: 0.121191635728
        dvar: 0.00412677507848
        dvar2: 0.0104660624638
        max: 0.782386302948
        mean: 0.404930025339
        min: 0.174548089504
        var: 0.0173194278032
    pitch_salience:
        dmean: 0.0595249868929
        dmean2: 0.0982367396355
        dvar: 0.00316329603083
        dvar2: 0.00779560022056
        max: 0.827983081341
        mean: 0.618167161942
        min: 0.301073461771
        var: 0.00831847824156
    silence_rate_20dB:
        dmean: 0
        dmean2: 0
        dvar: 0
        dvar2: 0
        max: 1
        mean: 1
        min: 1
        var: 0
    silence_rate_30dB:
        dmean: 0
        dmean2: 0
        dvar: 0
        dvar2: 0
        max: 1
        mean: 1
        min: 1
        var: 0
    silence_rate_60dB:
        dmean: 0.0974477976561
        dmean2: 0.195348843932
        dvar: 0.0879515260458
        dvar2: 0.180443808436
        max: 1
        mean: 0.263888895512
        min: 0
        var: 0.194252490997
    spectral_centroid:
        dmean: 242.320602417
        dmean2: 373.893890381
        dvar: 64239.6640625
        dvar2: 142158.71875
        max: 3612.671875
        mean: 1222.00598145
        min: 465.549194336
        var: 249208.15625
    spectral_complexity:
        dmean: 2.34883713722
        dmean2: 3.82750582695
        dvar: 5.44110870361
        dvar2: 12.4131469727
        max: 31
        mean: 11.6798143387
        min: 0
        var: 27.3174438477
    spectral_crest:
        dmean: 2.2707965374
        dmean2: 3.6448867321
        dvar: 3.97268199921
        dvar2: 10.1276750565
        max: 21.7722415924
        mean: 9.96637916565
        min: 3.55027651787
        var: 14.1658172607
    spectral_decrease:
        dmean: 2.43152192825e-10
        dmean2: 3.88183735156e-10
        dvar: 6.07664197076e-20
        dvar2: 1.55387416107e-19
        max: -1.48125452876e-11
        mean: -1.17033094327e-09
        min: -3.10447623164e-09
        var: 2.90560838639e-19
    spectral_energy:
        dmean: 0.00100099039264
        dmean2: 0.00159695267212
        dvar: 1.0505739283e-06
        dvar2: 2.64189156951e-06
        max: 0.0124658672139
        mean: 0.0049804886803
        min: 5.83704422752e-05
        var: 5.31782416147e-06
    spectral_energyband_high:
        dmean: 0.000114248963655
        dmean2: 0.000158688781084
        dvar: 5.62618538424e-08
        dvar2: 8.75608563433e-08
        max: 0.00519709568471
        mean: 0.000299860374071
        min: 7.53863957925e-07
        var: 2.5390622227e-07
    spectral_energyband_low:
        dmean: 0.000110337299702
        dmean2: 0.00019045706722
        dvar: 4.80307349449e-08
        dvar2: 1.34621771508e-07
        max: 0.00176427816041
        mean: 0.000173033768078
        min: 1.84483997145e-06
        var: 4.76985704267e-08
    spectral_energyband_middle_high:
        dmean: 0.000358880643034
        dmean2: 0.000575256242882
        dvar: 2.76975583802e-07
        dvar2: 7.64531364439e-07
        max: 0.00577580416575
        mean: 0.00140936567914
        min: 4.2725619096e-06
        var: 1.00516797374e-06
    spectral_energyband_middle_low:
        dmean: 0.000850551237818
        dmean2: 0.00134661607444
        dvar: 7.59254021432e-07
        dvar2: 2.00543740903e-06
        max: 0.0103491628543
        mean: 0.00309820729308
        min: 5.01293106936e-05
        var: 2.86280533146e-06
    spectral_flatness_db:
        dmean: 0.0161094218493
        dmean2: 0.0250930450857
        dvar: 0.000167465215782
        dvar2: 0.00042308610864
        max: 0.242105484009
        mean: 0.1540376544
        min: 0.0702575817704
        var: 0.000675846706145
    spectral_flux:
        dmean: 0.00633660424501
        dmean2: 0.0102317202836
        dvar: 4.94605446875e-05
        dvar2: 0.000107106323412
        max: 0.0791302025318
        mean: 0.0340386219323
        min: 0.0076400549151
        var: 0.000131191845867
    spectral_kurtosis:
        dmean: 0.656667113304
        dmean2: 1.04567444324
        dvar: 0.356275230646
        dvar2: 0.759469866753
        max: 6.18441867828
        mean: 2.37936234474
        min: -1.1859818697
        var: 1.25884616375
    spectral_rms:
        dmean: 0.000223992261454
        dmean2: 0.000355006050086
        dvar: 5.03304917743e-08
        dvar2: 1.11704835604e-07
        max: 0.00348738022149
        mean: 0.00214308849536
        min: 0.000238635228015
        var: 2.66182951236e-07
    spectral_rolloff:
        dmean: 570.880432129
        dmean2: 944.499145508
        dvar: 411727.0625
        dvar2: 1000330.875
        max: 7601.22070312
        mean: 2643.38867188
        min: 344.53125
        var: 1086000
    spectral_skewness:
        dmean: 0.13599383831
        dmean2: 0.20716188848
        dvar: 0.020776797086
        dvar2: 0.0385983251035
        max: 2.36064910889
        mean: 1.37504315376
        min: 0.228820234537
        var: 0.076366648078
    spectral_spread:
        dmean: 612486.5625
        dmean2: 852758.625
        dvar: 581975277568
        dvar2: 903275675648
        max: 15185813
        mean: 6601216
        min: 3745253.5
        var: 2.02840840602e+12
    spectral_strongpeak:
        dmean: 0.22590751946
        dmean2: 0.395311772823
        dvar: 0.243774205446
        dvar2: 0.751745641232
        max: 4.08493947983
        mean: 0.453379541636
        min: 0.0113340383396
        var: 0.211096942425
    zerocrossingrate:
        dmean: 0.00912518147379
        dmean2: 0.0101628517732
        dvar: 8.1804326328e-05
        dvar2: 0.000107192281575
        max: 0.181640625
        mean: 0.0799920260906
        min: 0.02490234375
        var: 0.00060844240943
    barkbands:
        dmean: [1.58599618771e-07, 2.30332316278e-05, 9.33923511184e-05, 9.13262774702e-05, 0.000472360698041, 0.00046856465633, 0.000159592789714, 3.13667442242e-05, 4.77576722915e-05, 3.6494449887e-05, 1.98306042876e-05, 1.67491398315e-05, 1.66958107002e-05, 3.70210400433e-05, 6.68423599564e-05, 6.52774324408e-05, 0.000129005144117, 0.000133250054205, 0.000138817777042, 9.09591690288e-05, 3.73907460016e-05, 2.36622636294e-05, 1.61445241247e-05, 6.88240197633e-06, 4.04763204642e-06, 1.24370529875e-07, 1.23919163819e-09]
        dmean2: [2.38089143068e-07, 4.02732111979e-05, 0.00016140966909, 0.000146837584907, 0.000768940197304, 0.000728510087356, 0.000220519475988, 4.61523595732e-05, 7.43063937989e-05, 5.38546664757e-05, 3.18302772939e-05, 2.81634038402e-05, 2.55665854638e-05, 6.00159437454e-05, 0.000114889866381, 0.000109244596388, 0.000207421777304, 0.000228414530284, 0.000225228548516, 0.000122843703139, 5.74924961256e-05, 3.65744890587e-05, 2.48942560575e-05, 1.01493669717e-05, 5.95939764025e-06, 1.84445937634e-07, 1.50602830207e-09]
        dvar: [7.54149455558e-13, 3.24234417093e-09, 2.97805016203e-08, 2.87914101449e-08, 4.34713484765e-07, 4.5112517455e-07, 6.48829825423e-08, 1.48134715605e-09, 1.54641455197e-08, 2.94071078599e-09, 7.50144224515e-10, 4.49248305223e-10, 3.84035692136e-10, 1.95164640004e-09, 6.33327745803e-09, 1.29100659052e-08, 5.08233988228e-08, 6.47330011816e-08, 4.82219988385e-08, 3.80424864943e-08, 4.09226474929e-09, 2.17303597339e-09, 1.77210390806e-09, 5.64233770817e-10, 1.44446024586e-10, 7.93876344329e-14, 3.59582029722e-16]
        dvar2: [9.61719636219e-13, 9.32316002178e-09, 8.31945783375e-08, 6.73835529597e-08, 1.21014227261e-06, 1.09518157387e-06, 1.18095101698e-07, 3.40535466492e-09, 2.98537230492e-08, 5.8293943006e-09, 1.97194016671e-09, 1.32750455073e-09, 9.01605790027e-10, 4.58547333437e-09, 1.71690537343e-08, 3.81368394642e-08, 1.3271608168e-07, 1.70429871105e-07, 1.30792756181e-07, 4.72690295794e-08, 9.00346552868e-09, 4.46649606189e-09, 4.39700320598e-09, 1.26573640458e-09, 2.21195284311e-10, 1.88921334089e-13, 3.59372362597e-16]
        max: [1.63136282936e-05, 0.000535180035513, 0.00156471203081, 0.0013723942684, 0.00752666313201, 0.00750078354031, 0.00401165848598, 0.000422356533818, 0.00243971520104, 0.000538314518053, 0.000259715598077, 0.000241516929236, 0.000353132636519, 0.000557907100301, 0.000859849737026, 0.00124636699911, 0.00375019898638, 0.00278087402694, 0.00239242124371, 0.00534142786637, 0.000681002915371, 0.000716405978892, 0.000438011164078, 0.00029718974838, 0.000187863159226, 3.46745514435e-06, 3.94674771087e-07]
        mean: [1.32551406296e-07, 3.15839824907e-05, 0.00014134059893, 0.000131987850182, 0.00114295969252, 0.00126293289941, 0.00037877340219, 6.22203224339e-05, 0.00010441786435, 6.71171874274e-05, 3.44271757058e-05, 3.36962548317e-05, 3.20185063174e-05, 6.37624543742e-05, 0.000115070775792, 0.000131835695356, 0.000287814909825, 0.000248480238952, 0.000311846000841, 0.000216745742364, 8.71341908351e-05, 4.9217207561e-05, 2.39881792368e-05, 1.26082586576e-05, 8.17856835056e-06, 1.98490468506e-07, 1.19655751973e-09]
        min: [2.47800408665e-11, 1.58089818569e-07, 1.09070401777e-06, 6.96877123119e-07, 3.01983836835e-05, 8.06424850452e-07, 5.43558371646e-06, 4.73145348678e-07, 6.19532443125e-07, 3.239056241e-07, 2.01993927362e-07, 6.8783187146e-08, 2.99342843846e-07, 4.13724848158e-07, 2.03615570626e-07, 3.25462281126e-07, 5.46421681236e-08, 1.54631345595e-06, 6.69740757075e-07, 3.79340804102e-07, 1.71487968714e-07, 2.17473953512e-07, 4.64181759696e-08, 4.43378773696e-08, 6.93696549092e-08, 3.15887405122e-09, 8.51603022042e-13]
        var: [7.33258777048e-13, 2.6330666536e-09, 3.33636265282e-08, 3.24122630957e-08, 1.02948752101e-06, 1.79231210495e-06, 2.28736595886e-07, 3.33795946439e-09, 7.58188036798e-08, 6.89347690042e-09, 1.44203005092e-09, 9.39693323154e-10, 1.19963672329e-09, 4.47727188657e-09, 9.9489456673e-09, 2.42614408563e-08, 1.55829511073e-07, 8.54672705941e-08, 1.2286210449e-07, 2.21393676725e-07, 8.52176729182e-09, 5.13232523147e-09, 2.2922135301e-09, 1.04395314615e-09, 3.10673153869e-10, 1.16154820679e-13, 3.60182946658e-16]
    mfcc:
        mean: [-695.186828613, 92.6549758911, -24.3009872437, 49.1019248962, -3.30224871635, -14.6270189285, -16.7915649414, -15.1431493759, -15.5470943451, -14.4895153046, -12.7069311142, -11.709025383, -5.43352794647]
        cov: [[755.412353516, -275.133239746, 1.95586109161, 77.5676574707, 15.1861352921, -51.5364112854, -38.1337089539, 45.2788887024, 23.4824581146, 16.5842914581, -41.6441764832, 2.96063041687, -9.43405723572], [-275.133239746, 372.944396973, -78.9755554199, -1.17129802704, -16.9010601044, 8.36852073669, 32.7533493042, -30.3805217743, -3.45643186569, -5.63599157333, 37.9963569641, 8.68698883057, 13.245965004], [1.95586109161, -78.9755554199, 173.763122559, -3.72603440285, -2.69265961647, 44.5260391235, 40.3785934448, 33.3670082092, 18.0125732422, 22.770772934, 11.6227331161, 11.8179893494, 4.56979894638], [77.5676574707, -1.17129802704, -3.72603440285, 148.211425781, 32.2680664062, -11.2622795105, -8.47988033295, 29.2625751495, 1.52614784241, 6.2144536972, 8.3075466156, 26.9970550537, 16.3544178009], [15.1861352921, -16.9010601044, -2.69265961647, 32.2680664062, 106.644607544, 6.1149930954, -17.4435939789, 22.2725372314, 22.6775836945, 10.5809850693, 6.5608291626, 25.4405612946, 11.0145330429], [-51.5364112854, 8.36852073669, 44.5260391235, -11.2622795105, 6.1149930954, 106.943557739, 53.7328910828, -0.892569959164, 4.68125772476, 13.8668498993, 11.227640152, 9.44589519501, 16.6999988556], [-38.1337089539, 32.7533493042, 40.3785934448, -8.47988033295, -17.4435939789, 53.7328910828, 115.034553528, 1.33854413033, 4.16679334641, 20.0948696136, 15.7920227051, -1.29975318909, 10.4357309341], [45.2788887024, -30.3805217743, 33.3670082092, 29.2625751495, 22.2725372314, -0.892569959164, 1.33854413033, 83.6773910522, 39.7131347656, 18.6170005798, -2.42092061043, 11.9557552338, -10.0183172226], [23.4824581146, -3.45643186569, 18.0125732422, 1.52614784241, 22.6775836945, 4.68125772476, 4.16679334641, 39.7131347656, 71.7928314209, 23.8355560303, -5.65963125229, -3.268024683, -8.52765369415], [16.5842914581, -5.63599157333, 22.770772934, 6.2144536972, 10.5809850693, 13.8668498993, 20.0948696136, 18.6170005798, 23.8355560303, 52.5115318298, 18.6326942444, 8.39996910095, 0.563000917435], [-41.6441764832, 37.9963569641, 11.6227331161, 8.3075466156, 6.5608291626, 11.227640152, 15.7920227051, -2.42092061043, -5.65963125229, 18.6326942444, 59.0232200623, 26.599363327, 6.76916027069], [2.96063041687, 8.68698883057, 11.8179893494, 26.9970550537, 25.4405612946, 9.44589519501, -1.29975318909, 11.9557552338, -3.268024683, 8.39996910095, 26.599363327, 65.8344497681, 32.6948471069], [-9.43405723572, 13.245965004, 4.56979894638, 16.3544178009, 11.0145330429, 16.6999988556, 10.4357309341, -10.0183172226, -8.52765369415, 0.563000917435, 6.76916027069, 32.6948471069, 54.8578529358]]
        icov: [[0.00215964741074, 0.00171535171103, 0.000800555746537, -0.00108784053009, 0.000532690726686, 0.000679792021401, -0.000347722001607, 2.79959313048e-05, -0.000721118063666, -0.000716964364983, 0.000762401148677, -0.000676433090121, 0.000176528497832], [0.00171535171103, 0.00503485603258, 0.00275901216082, -0.000983523903415, 0.00122105970513, 0.00025362073211, -0.00155206071213, 0.000633228279185, -0.00223672273569, 0.000926852109842, -0.00241076643579, -0.00047032351722, -0.000548250856809], [0.000800555746537, 0.00275901216082, 0.00896436907351, 0.000106101215351, 0.00158437446225, -0.00222955900244, -0.00191835290752, -0.00278183398768, -0.00114736589603, -0.000552381156012, -0.00182961381506, -0.000867031223606, -0.000519564840943], [-0.00108784053009, -0.000983523903415, 0.000106101215351, 0.00895381253213, -0.00203713262454, 0.000894805067219, 0.000108949388959, -0.00374235631898, 0.00241197622381, -0.000124121812405, -0.000753852073103, -0.000536199426278, -0.00240651494823], [0.000532690726686, 0.00122105970513, 0.00158437446225, -0.00203713262454, 0.012700477615, -0.00183684297372, 0.00225016800687, -0.000639590027276, -0.00430329935625, -0.000401630793931, -0.000677135481965, -0.00368430349045, -0.000649072055239], [0.000679792021401, 0.00025362073211, -0.00222955900244, 0.000894805067219, -0.00183684297372, 0.0140983965248, -0.00555764278397, 0.00117241195403, -0.000326854147715, -0.000868597766384, 0.000452430307632, -0.000534874678124, -0.00245602778159], [-0.000347722001607, -0.00155206071213, -0.00191835290752, 0.000108949388959, 0.00225016800687, -0.00555764278397, 0.0137747172266, -0.0010500078788, 0.000703284458723, -0.00327928178012, -0.00199600378983, 0.00360525050201, -0.00288921105675], [2.79959313048e-05, 0.000633228279185, -0.00278183398768, -0.00374235631898, -0.000639590027276, 0.00117241195403, -0.0010500078788, 0.0218873843551, -0.00969126541167, -0.00166277773678, 0.00386830396019, -0.00765453418717, 0.00776300486177], [-0.000721118063666, -0.00223672273569, -0.00114736589603, 0.00241197622381, -0.00430329935625, -0.000326854147715, 0.000703284458723, -0.00969126541167, 0.0244514718652, -0.00887761265039, 0.00428440142423, 0.00361227919348, 6.30019349046e-05], [-0.000716964364983, 0.000926852109842, -0.000552381156012, -0.000124121812405, -0.000401630793931, -0.000868597766384, -0.00327928178012, -0.00166277773678, -0.00887761265039, 0.0293697025627, -0.0104005970061, 0.000837601372041, -0.000496122404002], [0.000762401148677, -0.00241076643579, -0.00182961381506, -0.000753852073103, -0.000677135481965, 0.000452430307632, -0.00199600378983, 0.00386830396019, 0.00428440142423, -0.0104005970061, 0.0291241593659, -0.0135369542986, 0.0074216471985], [-0.000676433090121, -0.00047032351722, -0.000867031223606, -0.000536199426278, -0.00368430349045, -0.000534874678124, 0.00360525050201, -0.00765453418717, 0.00361227919348, 0.000837601372041, -0.0135369542986, 0.0334221310914, -0.0186478476971], [0.000176528497832, -0.000548250856809, -0.000519564840943, -0.00240651494823, -0.000649072055239, -0.00245602778159, -0.00288921105675, 0.00776300486177, 6.30019349046e-05, -0.000496122404002, 0.0074216471985, -0.0186478476971, 0.0322107747197]]
    spectral_contrast:
        mean: [3.95204892811e-07, 2.04346434884e-07, 3.55551293296e-07, 9.49560075014e-08, 5.35542881153e-08, -1.90499761743e-07, 5.76387992623e-06, -2.69915005902e-07, 5.1507538501e-07, 8.04386104392e-07, 4.02849963166e-07, 2.97884923839e-07]
        var: [0.000278342864476, 0.000705285638105, 0.00126543221995, 0.00176754954737, 0.00312842754647, 0.00374249438755, 0.0555751919746, 0.0816087946296, 0.0854939222336, 0.149760186672, 0.329175233841, 0.441949903965]

rhythm:
    beats_loudness:
        dmean: 0.00194225588348
        dmean2: 0.00317075964995
        dvar: 2.44963553087e-06
        dvar2: 3.31720684699e-06
        max: 0.0100045027211
        mean: 0.00546075636521
        min: 0.00170063879341
        var: 7.060855296e-06
    beats_loudness_bass:
        dmean: 0.0657521337271
        dmean2: 0.11946324259
        dvar: 0.00513468682766
        dvar2: 0.012004503049
        max: 0.260175734758
        mean: 0.0712180659175
        min: 0.00697971740738
        var: 0.00441507995129
    bpm: 92.3443450928
    bpm_confidence: 0
    first_peak_bpm: 188
    first_peak_spread: 0
    first_peak_weight: 0.571428596973
    onset_rate: 2.79862928391
    second_peak_bpm: 92
    second_peak_spread: 0
    second_peak_weight: 0.380952388048
    beats_position: [0.365310668945, 1.01507377625, 1.66483676434, 2.31459999084, 2.96436309814, 3.61412620544, 4.26388931274, 4.91365194321, 5.56341505051, 6.00197076797, 6.32153987885, 6.64110898972, 6.96067857742, 7.28024768829, 7.59981679916, 7.91938686371, 8.23895645142, 8.55852603912, 8.87809467316, 9.19766521454, 9.51723480225, 9.83680438995]
    bpm_estimates: [93.1993103027, 92.3725509644, 92.0981674194, 92.4672164917, 91.5844573975]
    bpm_intervals: [0.6497631073, 0.649762988091, 0.649763226509, 0.6497631073, 0.6497631073, 0.6497631073, 0.649762630463, 0.6497631073, 0.438555717468, 0.31956911087, 0.31956911087, 0.319569587708, 0.31956911087, 0.31956911087, 0.319570064545, 0.319569587708, 0.319569587708, 0.319568634033, 0.319570541382, 0.319569587708, 0.319569587708]
    onset_times: [0.0348299331963, 0.371519267559, 0.650158703327, 0.9287981987, 1.13777780533, 1.32353746891, 1.66022670269, 2.02013611794, 2.35682535172, 2.3916554451, 2.65868473053, 3.28562355042, 3.92417240143, 4.27247142792, 4.31891155243, 5.25931978226, 5.50312948227, 5.64244890213, 6.57124710083, 6.8963265419, 7.22140598297, 7.44199562073, 7.73224496841, 8.19664382935, 8.39401340485, 8.6146030426, 8.68426322937, 9.18349170685]
    rubato_start: [6.32153987885]
    rubato_stop: [9.83680438995]
    perceptual_tempo: "unknown"

sfx:
    inharmonicity:
        dmean: 0.0440062396228
        dmean2: 0.0795108526945
        dvar: 0.00353762344457
        dvar2: 0.0100937411189
        max: 0.422067642212
        mean: 0.0415110252798
        min: 0
        var: 0.00338268675841
    oddtoevenharmonicenergyratio:
        dmean: 2.06759595871
        dmean2: 3.95696401596
        dvar: 19.6179275513
        dvar2: 55.5178985596
        max: 30.299369812
        mean: 1.34234905243
        min: 0
        var: 11.4625711441
    pitch_after_max_to_before_max_energy_ratio: 2.96258115768
    pitch_centroid: 203.301589966
    pitch_max_to_total: 0.164733171463
    pitch_min_to_total: 0.512760996819
    tristimulus:
        dmean: [0.218517363071, 0.221924379468, 0.1081116274]
        dmean2: [0.386295616627, 0.399148970842, 0.192365810275]
        dvar: [0.0391951911151, 0.0439522303641, 0.0109606580809]
        dvar2: [0.0999792069197, 0.11911457777, 0.029154593125]
        max: [1, 0.950912356377, 0.734412133694]
        mean: [0.458091378212, 0.379464000463, 0.123418867588]
        min: [0.00778496544808, 0, 0]
        var: [0.0609167143703, 0.0542045794427, 0.0148283485323]

tonal:
    chords_changes_rate: 0.0184331797063
    chords_number_rate: 0.0230414755642
    chords_strength:
        dmean: 0.0077829901129
        dmean2: 0.00599266309291
        dvar: 3.95848728658e-05
        dvar2: 2.29910237977e-05
        max: 0.722238779068
        mean: 0.598690330982
        min: 0.364515691996
        var: 0.00880892202258
    key_strength: 0.613342940807
    tuning_diatonic_strength: 0.504899322987
    tuning_equal_tempered_deviation: 0.0843987241387
    tuning_frequency: 439.491973877
    tuning_nontempered_energy_ratio: 0.685483336449
    hpcp:
        dmean: [0.139708921313, 0.128014594316, 0.0657462999225, 0.0435711182654, 0.0465302504599, 0.087547570467, 0.112670622766, 0.118455439806, 0.0928600504994, 0.0755494758487, 0.0764244645834, 0.0692496076226, 0.0647485554218, 0.0496221855283, 0.0793445408344, 0.144812569022, 0.127896368504, 0.0592149682343, 0.0386694967747, 0.0655675530434, 0.155831113458, 0.163488090038, 0.156653404236, 0.0826210975647, 0.049305729568, 0.0420495122671, 0.0628020092845, 0.0830398127437, 0.0792211443186, 0.118207126856, 0.160236269236, 0.144153833389, 0.10371965915, 0.0690532550216, 0.0679820254445, 0.1176077649]
        dmean2: [0.220646351576, 0.202220201492, 0.113323301077, 0.0773141086102, 0.0823244303465, 0.145462542772, 0.184875875711, 0.195069134235, 0.146127104759, 0.112166926265, 0.113262742758, 0.101186037064, 0.0996203199029, 0.0824564918876, 0.136455386877, 0.248180225492, 0.216916963458, 0.10075135529, 0.0660877078772, 0.112189255655, 0.246457487345, 0.275434970856, 0.251687526703, 0.14134888351, 0.0858667120337, 0.0747418180108, 0.102515935898, 0.137103021145, 0.128379717469, 0.208222061396, 0.257670372725, 0.225333988667, 0.169608026743, 0.118227109313, 0.115573190153, 0.197229832411]
        dvar: [0.0300997626036, 0.0218201316893, 0.0120141543448, 0.0101995402947, 0.010291508399, 0.0188689865172, 0.0234552603215, 0.0245274305344, 0.0189788118005, 0.019217049703, 0.016517624259, 0.0181268528104, 0.0145741859451, 0.0104926275089, 0.0135433450341, 0.0439487844706, 0.0324153825641, 0.00959348678589, 0.0108302952722, 0.0155786676332, 0.0406528003514, 0.0464435480535, 0.0337224192917, 0.022279696539, 0.0113255437464, 0.0112181976438, 0.0136467302218, 0.0183292943984, 0.0152800017968, 0.0302992537618, 0.0344824753702, 0.0285239368677, 0.0210960488766, 0.0149919670075, 0.0168336834759, 0.0209933556616]
        dvar2: [0.0670211017132, 0.0515449158847, 0.0352879241109, 0.0289984177798, 0.0294773299247, 0.0540355294943, 0.0580122917891, 0.0628618448973, 0.0442514270544, 0.0337834507227, 0.0390091091394, 0.033315051347, 0.0312530174851, 0.0298246908933, 0.0359545722604, 0.105841092765, 0.0792639553547, 0.0268234312534, 0.0302641186863, 0.0368644781411, 0.0995459705591, 0.117171920836, 0.0880302488804, 0.0584347620606, 0.0298976972699, 0.0305510107428, 0.0291188135743, 0.0372468829155, 0.0368741117418, 0.0909225791693, 0.0852762237191, 0.0619144067168, 0.0574299655855, 0.0423952154815, 0.0451085306704, 0.0546946488321]
        max: [1, 1, 1, 0.728879749775, 1, 0.916474878788, 1, 1, 1, 1, 1, 1, 1, 1, 0.876763701439, 1, 1, 0.813619494438, 1, 1, 1, 1, 1, 1, 0.831813752651, 0.984668254852, 1, 1, 1, 1, 1, 1, 1, 1, 1, 1]
        mean: [0.368226021528, 0.26170873642, 0.0849781408906, 0.0524619109929, 0.0504224039614, 0.135284021497, 0.231538429856, 0.174819052219, 0.160593286157, 0.200367629528, 0.13127990067, 0.104241259396, 0.114895239472, 0.0768970623612, 0.129130065441, 0.278381854296, 0.228919103742, 0.0805634632707, 0.0533024929464, 0.068922303617, 0.243252202868, 0.448601722717, 0.29760915041, 0.0831872820854, 0.0491600222886, 0.0436631776392, 0.0956047773361, 0.147204846144, 0.119246713817, 0.15994875133, 0.298228383064, 0.263639241457, 0.133739218116, 0.0821252167225, 0.0782165825367, 0.206325009465]
        min: [0.00774006731808, 0.00767160812393, 0.00441446853802, 0.00252424832433, 0.00225219293498, 0.00753390230238, 0.00597193418071, 0.00464530941099, 0.00215661060065, 0.00131277460605, 0.00236904714257, 0.00268970429897, 0.00389750534669, 0.00461609987542, 0.00210151262581, 0.00195754878223, 0.00182117091026, 0.00152507144958, 0.00149284896906, 0.0010603191331, 0.00298577360809, 0.00536797801033, 0.0051184752956, 0.0015686500119, 0.00177718419582, 0.00109269295353, 0.00094342319062, 0.00156505487394, 0.00150022376329, 0.00226191408001, 0.00376806105487, 0.0049416734837, 0.00500995013863, 0.00471653509885, 0.00357343186624, 0.00560637004673]
        var: [0.132755950093, 0.0686625018716, 0.0112392148003, 0.00712506938726, 0.00732355192304, 0.027542470023, 0.0734732672572, 0.0404580198228, 0.052263610065, 0.105376526713, 0.0389675721526, 0.0303191859275, 0.0359680578113, 0.013710424304, 0.0222012326121, 0.100660338998, 0.0704612359405, 0.0107894288376, 0.00849355384707, 0.0178001318127, 0.0640420392156, 0.15054513514, 0.0821708440781, 0.0168322343379, 0.00764849968255, 0.00825413316488, 0.0279058534652, 0.0529799982905, 0.0314979627728, 0.0345226153731, 0.0861249417067, 0.0661794170737, 0.0253047961742, 0.012343778275, 0.0151085127145, 0.0529286265373]
    chords_histogram: [0, 17.5115203857, 5.5299539566, 22.1198158264, 18.8940086365, 0, 0, 35.9447021484, 0, 0, 0, 0, 0, 0, 0, 0, 0, 0, 0, 0, 0, 0, 0, 0]
    thpcp: [1, 0.663415074348, 0.185436829925, 0.109585002065, 0.0973317176104, 0.213117271662, 0.328141510487, 0.265818685293, 0.356549561024, 0.664795458317, 0.587691128254, 0.298124611378, 0.183069333434, 0.174356400967, 0.459929138422, 0.820830583572, 0.583387732506, 0.189428925514, 0.116945408285, 0.112399041653, 0.301568210125, 0.516133606434, 0.389697670937, 0.357986330986, 0.446649253368, 0.292642444372, 0.232369273901, 0.2561185956, 0.171415001154, 0.287850141525, 0.620554566383, 0.510294735432, 0.179587945342, 0.118819192052, 0.153638064861, 0.542245388031]
    chords_key: "A"
    chords_scale: "major"
    key_key: "A"
    key_scale: "minor"
    chords_progression: ["A", "A", "A", "A", "A", "A", "A", "A", "A", "A", "A", "A", "A", "A", "A", "A", "A", "A", "A", "A", "A", "A", "A", "A", "A", "A", "A", "A", "A", "A", "A", "A", "A", "A", "A", "A", "A", "A", "A", "A", "A", "A", "A", "A", "A", "A", "A", "A", "A", "A", "A", "A", "A", "A", "A", "A", "A", "A", "A", "A", "A", "A", "A", "A", "A", "A", "A", "A", "A", "A", "A", "A", "A", "A", "A", "A", "A", "A", "Em", "Em", "Em", "Em", "Em", "Em", "Em", "Em", "Em", "Em", "Em", "Em", "Bm", "Bm", "Bm", "Bm", "Bm", "Bm", "Bm", "Bm", "Bm", "Bm", "Bm", "Bm", "Bm", "Bm", "Bm", "Bm", "Bm", "Bm", "Bm", "Bm", "Bm", "Bm", "Bm", "Bm", "Bm", "Bm", "Bm", "Bm", "Bm", "Bm", "Bm", "Bm", "Bm", "Bm", "Bm", "Bm", "Bm", "Bm", "Bm", "Bm", "Bm", "G", "G", "G", "G", "G", "G", "G", "G", "G", "G", "G", "G", "G", "G", "G", "G", "G", "G", "G", "G", "G", "G", "G", "G", "G", "G", "G", "G", "G", "G", "G", "G", "G", "G", "G", "G", "G", "G", "G", "G", "G", "G", "G", "G", "G", "G", "G", "G", "C", "C", "C", "C", "C", "C", "C", "C", "C", "C", "C", "C", "C", "C", "C", "C", "C", "C", "C", "C", "C", "C", "C", "C", "C", "C", "C", "C", "C", "C", "C", "C", "C", "C", "C", "C", "C", "C"]
