
metadata:
    version:
        essentia: "1.2.2"
    audio_properties:
        analysis_sample_rate: 44100
        bitrate: 128
        channels: 2
        equal_loudness: 1
        length: 10.0048980713
        replay_gain: -10.9007091522
        downmix: "mix"
    tags:
        track: 14
        year: 0
        album: "Splitted by Mp3Splt v. 2.1"
        artist: "From 002.10 To 002.20"
        comment: "http://mp3splt.sf.net"
        genre: ""
        title: "05 Everyone in the World Is Do"

highlevel:
    ballroom:
        all:
            ChaChaCha: 0.00687810545787
            Jive: 0.00822098087519
            Quickstep: 0.0563519857824
            Rumba-American: 0.0266731139272
            Rumba-International: 0.0647248998284
            Rumba-Misc: 0.0524434745312
            Samba: 0.0108749959618
            Tango: 0.0509308800101
            VienneseWaltz: 0.439316630363
            Waltz: 0.283584922552
        probability: 0.439316630363
        value: "VienneseWaltz"
    culture:
        all:
            non_western: 0.951034784317
            western: 0.0489652082324
        probability: 0.951034784317
        value: "non_western"
    gender:
        all:
            female: 0.839573740959
            male: 0.160426288843
        probability: 0.839573740959
        value: "female"
    genre_dortmund:
        all:
            alternative: 0.244699001312
            blues: 0.00533393211663
            electronic: 0.192885383964
            folkcountry: 0.194975927472
            funksoulrnb: 0.0230878386647
            jazz: 0.114658758044
            pop: 0.154293015599
            raphiphop: 0.00298538967036
            rock: 0.067080758512
        probability: 0.244699001312
        value: "alternative"
    genre_electronica:
        all:
            ambient: 0.985029518604
            dnb: 0.0072667314671
            house: 0.00252729724161
            techno: 0.00170689402148
            trance: 0.00346954562701
        probability: 0.985029518604
        value: "ambient"
    genre_rosamerica:
        all:
            cla: 0.661514759064
            dan: 0.013133790344
            hip: 0.00856920517981
            jaz: 0.0409512110054
            pop: 0.0919153690338
            rhy: 0.0574491471052
            roc: 0.118413858116
            spe: 0.00805265177041
        probability: 0.661514759064
        value: "cla"
    genre_tzanetakis:
        all:
            blu: 0.0558781288564
            cla: 0.679878950119
            cou: 0.0658986493945
            dis: 0.0329627692699
            hip: 0.00922566000372
            jaz: 0.0618713758886
            met: 0.0113191399723
            pop: 0.0258637033403
            reg: 0.0245902687311
            roc: 0.0325113646686
        probability: 0.679878950119
        value: "cla"
    live_studio:
        all:
            live: 0.307733714581
            studio: 0.692266285419
        probability: 0.692266285419
        value: "studio"
    mood:
        all:
            Cluster1: 0.00577167235315
            Cluster2: 0.0520279183984
            Cluster3: 0.905053496361
            Cluster4: 0.0337753109634
            Cluster5: 0.00337158562616
        probability: 0.905053496361
        value: "Cluster3"
    mood_acoustic:
        all:
            acoustic: 0.513112843037
            not_acoustic: 0.486887156963
        probability: 0.513112843037
        value: "acoustic"
    mood_aggressive:
        all:
            aggressive: 2.52151653513e-06
            not_aggressive: 0.999997496605
        probability: 0.999997496605
        value: "not_aggressive"
    mood_electronic:
        all:
            electronic: 0.671817183495
            not_electronic: 0.328182816505
        probability: 0.671817183495
        value: "electronic"
    mood_happy:
        all:
            happy: 0.245580404997
            not_happy: 0.754419624805
        probability: 0.754419624805
        value: "not_happy"
    mood_party:
        all:
            not_party: 0.969940423965
            party: 0.0300595834851
        probability: 0.969940423965
        value: "not_party"
    mood_relaxed:
        all:
            not_relaxed: 0.228799596429
            relaxed: 0.771200418472
        probability: 0.771200418472
        value: "relaxed"
    mood_sad:
        all:
            not_sad: 0.0752469077706
            sad: 0.924753069878
        probability: 0.924753069878
        value: "sad"
    rhythm:
        all:
            fast: 0.0502893701196
            medium: 0.0911038592458
            slow: 0.858606755733
        probability: 0.858606755733
        value: "slow"
    speech_music:
        all:
            music: 1.12815591535e-07
            speech: 0.999999880791
        probability: 0.999999880791
        value: "speech"
    timbre:
        all:
            bright: 0.280471801758
            dark: 0.719528198242
        probability: 0.719528198242
        value: "dark"
    voice_instrumental:
        all:
            instrumental: 0.734444916248
            voice: 0.265555083752
        probability: 0.734444916248
        value: "instrumental"

lowlevel:
    average_loudness: 0.907447576523
    barkbands_kurtosis:
        dmean: 5.23572301865
        dmean2: 9.18037319183
        dvar: 36.1656265259
        dvar2: 99.3199081421
        max: 52.0372123718
        mean: 9.9450340271
        min: -0.469222784042
        var: 62.1551818848
    barkbands_skewness:
        dmean: 0.603039383888
        dmean2: 1.04747116566
        dvar: 0.280757665634
        dvar2: 0.769538342953
        max: 5.14362096786
        mean: 2.08210706711
        min: 0.236454874277
        var: 0.63682860136
    barkbands_spread:
        dmean: 2.00784492493
        dmean2: 3.46886634827
        dvar: 3.65846514702
        dvar2: 10.5074911118
        max: 17.3200149536
        mean: 5.71735477448
        min: 1.01796543598
        var: 9.39340400696
    dissonance:
        dmean: 0.0585458241403
        dmean2: 0.100931309164
        dvar: 0.00206560408697
        dvar2: 0.00587481632829
        max: 0.497322052717
        mean: 0.398788630962
        min: 0.206898838282
        var: 0.00366511498578
    hfc:
        dmean: 1.31799709797
        dmean2: 2.29037380219
        dvar: 2.28794002533
        dvar2: 6.12443447113
        max: 14.8800125122
        mean: 3.6868288517
        min: 0.395176380873
        var: 5.57049894333
    pitch:
        dmean: 165.480392456
        dmean2: 311.162384033
        dvar: 40534.0703125
        dvar2: 100234.273438
        max: 958.695678711
        mean: 415.675750732
        min: 109.158416748
        var: 50261.984375
    pitch_instantaneous_confidence:
        dmean: 0.109855242074
        dmean2: 0.186374142766
        dvar: 0.00656420597807
        dvar2: 0.0185746569186
        max: 0.87727189064
        mean: 0.617151081562
        min: 0.357801318169
        var: 0.0143146961927
    pitch_salience:
        dmean: 0.07870683074
        dmean2: 0.132318556309
        dvar: 0.00380356702954
        dvar2: 0.0110166613013
        max: 0.770919561386
        mean: 0.550651967525
        min: 0.27131780982
        var: 0.00796230044216
    silence_rate_20dB:
        dmean: 0
        dmean2: 0
        dvar: 0
        dvar2: 0
        max: 1
        mean: 1
        min: 1
        var: 0
    silence_rate_30dB:
        dmean: 0
        dmean2: 0
        dvar: 0
        dvar2: 0
        max: 1
        mean: 1
        min: 1
        var: 0
    silence_rate_60dB:
        dmean: 0.130232557654
        dmean2: 0.26107224822
        dvar: 0.113271787763
        dvar2: 0.27216732502
        max: 1
        mean: 0.436194896698
        min: 0
        var: 0.245929479599
    spectral_centroid:
        dmean: 61.8189430237
        dmean2: 105.056190491
        dvar: 3451.1652832
        dvar2: 9930.2421875
        max: 1370.83618164
        mean: 860.901000977
        min: 656.801452637
        var: 14794.9833984
    spectral_complexity:
        dmean: 1.49299061298
        dmean2: 2.53395795822
        dvar: 1.48827028275
        dvar2: 3.87882351875
        max: 13
        mean: 7.29137516022
        min: 2
        var: 4.22511339188
    spectral_crest:
        dmean: 3.66343855858
        dmean2: 6.37024688721
        dvar: 7.78098869324
        dvar2: 22.2473831177
        max: 24.1264648438
        mean: 14.0811138153
        min: 5.93338727951
        var: 14.8150024414
    spectral_decrease:
        dmean: 4.26748775206e-10
        dmean2: 7.41239847279e-10
        dvar: 2.64437053178e-19
        dvar2: 7.12835197179e-19
        max: -1.24910151666e-10
        mean: -1.05984210297e-09
        min: -4.95325247485e-09
        var: 5.28122095782e-19
    spectral_energy:
        dmean: 0.00172852212563
        dmean2: 0.0030029383488
        dvar: 4.30832642451e-06
        dvar2: 1.16066557894e-05
        max: 0.0199634004384
        mean: 0.00433449307457
        min: 0.00050728302449
        var: 8.69549330673e-06
    spectral_energyband_high:
        dmean: 9.4679699032e-06
        dmean2: 1.52502625497e-05
        dvar: 3.73501063411e-10
        dvar2: 8.76819838957e-10
        max: 0.000178412839887
        mean: 2.10484995478e-05
        min: 1.0779360764e-06
        var: 1.21103549411e-09
    spectral_energyband_low:
        dmean: 1.13496048471e-06
        dmean2: 1.86954048331e-06
        dvar: 1.48094362294e-12
        dvar2: 3.60741536469e-12
        max: 2.04956504604e-05
        mean: 4.88553041578e-06
        min: 4.01182518317e-08
        var: 2.43357764496e-11
    spectral_energyband_middle_high:
        dmean: 0.000672812981065
        dmean2: 0.00111234840006
        dvar: 7.53810468268e-07
        dvar2: 2.02148635253e-06
        max: 0.00726782158017
        mean: 0.00152244861238
        min: 0.000129047708469
        var: 1.62703202022e-06
    spectral_energyband_middle_low:
        dmean: 0.0014500154648
        dmean2: 0.00254893954843
        dvar: 3.42979933521e-06
        dvar2: 9.39039182413e-06
        max: 0.0173326991498
        mean: 0.00278611271642
        min: 0.000375662959414
        var: 5.99017766945e-06
    spectral_flatness_db:
        dmean: 0.0279869455844
        dmean2: 0.0483095645905
        dvar: 0.000492272374686
        dvar2: 0.00142595404759
        max: 0.382829159498
        mean: 0.287313312292
        min: 0.174335151911
        var: 0.0012551570544
    spectral_flux:
        dmean: 0.00926151778549
        dmean2: 0.015165630728
        dvar: 9.3885770184e-05
        dvar2: 0.000253564241575
        max: 0.102010495961
        mean: 0.0349303483963
        min: 0.0124085638672
        var: 0.000186644116184
    spectral_kurtosis:
        dmean: 5.4345664978
        dmean2: 9.48591327667
        dvar: 23.4041595459
        dvar2: 71.744934082
        max: 50.8924713135
        mean: 16.2570610046
        min: 5.41133403778
        var: 61.3813552856
    spectral_rms:
        dmean: 0.000389355234802
        dmean2: 0.000673412461765
        dvar: 1.31987249574e-07
        dvar2: 3.60703779734e-07
        max: 0.00441321730614
        mean: 0.00195956346579
        min: 0.000703498604707
        var: 3.88882199331e-07
    spectral_rolloff:
        dmean: 118.885353088
        dmean2: 213.819046021
        dvar: 104057.382812
        dvar2: 280361.84375
        max: 3574.51171875
        mean: 969.997680664
        min: 667.529296875
        var: 97996.1875
    spectral_skewness:
        dmean: 0.423475176096
        dmean2: 0.744330525398
        dvar: 0.120849095285
        dvar2: 0.347587019205
        max: 5.56493997574
        mean: 3.0146651268
        min: 1.67594742775
        var: 0.424052238464
    spectral_spread:
        dmean: 316054.40625
        dmean2: 531630.6875
        dvar: 640127074304
        dvar2: 703376982016
        max: 18355940
        mean: 2407655.75
        min: 1460256.125
        var: 806253887488
    spectral_strongpeak:
        dmean: 0.453812628984
        dmean2: 0.741384327412
        dvar: 0.175770059228
        dvar2: 0.488094985485
        max: 4.58828449249
        mean: 1.08109390736
        min: 0.0612525716424
        var: 0.380824953318
    zerocrossingrate:
        dmean: 0.00343964481726
        dmean2: 0.00471357209608
        dvar: 9.42543374549e-06
        dvar2: 1.65646251844e-05
        max: 0.078125
        mean: 0.0443049781024
        min: 0.01708984375
        var: 7.63424177421e-05
    barkbands:
        dmean: [2.34479968775e-09, 7.35098410587e-07, 7.54223549393e-07, 5.05562638864e-06, 2.33449936786e-05, 7.04733247403e-05, 6.82552199578e-05, 0.000132274071802, 0.00137272814754, 0.000391827139538, 0.000473618332762, 4.02108089474e-05, 1.62140913744e-05, 9.67597225099e-06, 2.55435634244e-06, 1.67968028109e-06, 1.69667555383e-06, 8.58064777276e-06, 2.84880970867e-05, 1.60760500876e-05, 2.68116480129e-07, 1.33919982659e-07, 1.19175382451e-07, 8.76887469303e-08, 9.96970062062e-09, 6.81404099812e-10, 5.70792579868e-10]
        dmean2: [4.16686152249e-09, 1.1675621181e-06, 1.19823664591e-06, 8.86341240403e-06, 3.73768161808e-05, 0.000106447347207, 0.000111935631139, 0.000226218384341, 0.00243301549926, 0.000649768160656, 0.000808049691841, 6.82345125824e-05, 2.63921792794e-05, 1.67082544067e-05, 4.34397770732e-06, 2.79473147202e-06, 2.8951474178e-06, 1.38670402521e-05, 4.72541432828e-05, 2.65633243544e-05, 4.40219849906e-07, 2.13177600017e-07, 1.78019931241e-07, 1.35145356239e-07, 1.59984754333e-08, 8.96674456907e-10, 7.26104787407e-10]
        dvar: [5.90864210533e-18, 6.57426532918e-13, 9.38306181884e-13, 3.81655089476e-11, 5.64681856829e-10, 5.12694819932e-09, 6.32994412442e-09, 3.77173812183e-08, 3.32425065608e-06, 2.91879246106e-07, 6.6060744075e-07, 4.27439061923e-09, 5.36137412244e-10, 2.37433184225e-10, 1.48648073017e-11, 1.38192001245e-11, 7.46973836951e-12, 2.15439541207e-10, 1.70195801896e-09, 4.6128964537e-10, 9.45886774397e-14, 6.42737341757e-14, 3.10483958693e-14, 2.33612212013e-14, 3.19086310956e-16, 5.51354954279e-17, 6.36771179431e-17]
        dvar2: [1.61361877491e-17, 1.52991519193e-12, 2.50621572107e-12, 1.04466865714e-10, 1.55174284533e-09, 1.134595351e-08, 1.73857941377e-08, 1.13860096462e-07, 9.03799082153e-06, 6.56157283174e-07, 1.87620503311e-06, 1.23419594544e-08, 1.41102929341e-09, 7.07140235257e-10, 3.78888691255e-11, 3.82696825618e-11, 2.04705384588e-11, 5.72840164192e-10, 5.02463937124e-09, 1.23002019681e-09, 2.58101103424e-13, 1.6923910732e-13, 6.99475674322e-14, 6.01002740955e-14, 7.91977923265e-16, 5.51639636758e-17, 6.36561671125e-17]
        max: [2.66214676969e-08, 1.35352929647e-05, 1.03954789665e-05, 6.49293579045e-05, 0.00021304411348, 0.000754422449972, 0.000685087230522, 0.00209802179597, 0.0163406133652, 0.00548218749464, 0.00691829249263, 0.000581609900109, 0.00021203707729, 0.000180813338375, 3.82623147743e-05, 5.65435693716e-05, 2.92074146273e-05, 0.000192361301742, 0.000577761733439, 0.000305552210193, 4.51202777185e-06, 5.69344183532e-06, 2.40954909714e-06, 1.95368761524e-06, 1.99386064992e-07, 1.54239259587e-07, 1.6561011762e-07]
        mean: [5.32687050026e-09, 2.80786889562e-06, 2.07255857276e-06, 7.95714277046e-06, 4.82410687255e-05, 0.000128024374135, 0.000121625569591, 0.000188659396372, 0.00208146544173, 0.000663457962219, 0.000800205918495, 7.71172854002e-05, 3.16949517583e-05, 1.96335113287e-05, 4.51777623312e-06, 2.75205002254e-06, 3.23496260535e-06, 1.97670633497e-05, 8.56282713357e-05, 4.39333525719e-05, 6.30434215054e-07, 4.13888074036e-07, 3.3475419059e-07, 2.88786480951e-07, 2.4625109063e-08, 1.13424070136e-09, 5.3457832605e-10]
        min: [9.49554150587e-12, 1.15200506912e-08, 9.11125397351e-09, 2.43378650566e-08, 4.17178489442e-06, 6.6822676672e-06, 4.11724568039e-06, 6.54228279018e-06, 7.70581536926e-05, 3.50649606844e-05, 1.48671251736e-05, 4.41283145847e-06, 1.67909445281e-06, 6.7905097012e-07, 1.5153419497e-07, 1.62228374734e-07, 2.43349546736e-07, 1.04565162928e-06, 5.39804932487e-06, 1.98899238057e-06, 1.79865438099e-08, 6.61526389223e-09, 2.8283437814e-08, 2.15724149655e-08, 6.73665401241e-10, 9.32279531352e-11, 8.95222752265e-13]
        var: [3.17171090053e-17, 1.11939277292e-11, 5.01938594855e-12, 8.16381198754e-11, 1.29073662869e-09, 1.39186102643e-08, 1.21604042391e-08, 4.95742291662e-08, 5.35224080522e-06, 6.00706130172e-07, 1.40909537549e-06, 8.35325053572e-09, 1.50067491766e-09, 6.91978196965e-10, 3.51647183594e-11, 2.82646978739e-11, 1.21504794073e-11, 6.79257483593e-10, 8.2383619926e-09, 1.83299642131e-09, 3.14394045737e-13, 3.81521122203e-13, 1.43321755831e-13, 1.51121438497e-13, 9.87176242443e-16, 5.56012080389e-17, 6.37113698379e-17]
    mfcc:
        mean: [-820.00579834, 173.40222168, -52.6501693726, 0.685769796371, -66.3885650635, -47.5902900696, 20.6129665375, 9.26427555084, -29.141626358, 17.1072406769, -9.91229248047, -15.4281177521, -4.58849716187]
        cov: [[489.161499023, -317.271636963, -39.385509491, -114.279899597, -70.4669036865, -120.108390808, -17.5848884583, -54.3923530579, -46.6138076782, 72.7124786377, -38.1021766663, -93.0255889893, 61.2491874695], [-317.271636963, 466.245941162, -5.43668651581, 121.194290161, 95.9744110107, 74.1174087524, 44.0858154297, 52.8111343384, -11.9838590622, -16.5391387939, 45.7185592651, 137.08833313, -78.8163223267], [-39.385509491, -5.43668651581, 141.348999023, 10.1317358017, 15.3298416138, 58.354927063, 1.5869038105, 14.6051139832, 35.0412406921, -17.2405414581, 19.8780231476, -25.0370540619, -3.29179143906], [-114.279899597, 121.194290161, 10.1317358017, 203.165328979, 38.6888694763, 96.3849868774, 27.0644607544, 65.9757232666, 45.0085144043, -67.1723556519, 43.8079795837, 55.3666305542, -21.3733139038], [-70.4669036865, 95.9744110107, 15.3298416138, 38.6888694763, 94.3449935913, 30.3135147095, 31.1511859894, 16.1898403168, -9.86563777924, 12.1575918198, 8.04877853394, 25.1294155121, -3.7737634182], [-120.108390808, 74.1174087524, 58.354927063, 96.3849868774, 30.3135147095, 155.315460205, 9.62283325195, 56.7738761902, 59.4239044189, -62.6719589233, 48.0112724304, 20.4968852997, -9.59386539459], [-17.5848884583, 44.0858154297, 1.5869038105, 27.0644607544, 31.1511859894, 9.62283325195, 76.7456665039, 6.00856256485, -0.77802246809, 10.9437532425, 12.8399648666, 18.6112689972, -6.57995319366], [-54.3923530579, 52.8111343384, 14.6051139832, 65.9757232666, 16.1898403168, 56.7738761902, 6.00856256485, 83.7632217407, 29.910993576, -24.0037555695, 21.8801746368, 15.5549106598, 2.28947019577], [-46.6138076782, -11.9838590622, 35.0412406921, 45.0085144043, -9.86563777924, 59.4239044189, -0.77802246809, 29.910993576, 89.3636245728, -31.1462841034, 26.249584198, -4.61058712006, -7.8658246994], [72.7124786377, -16.5391387939, -17.2405414581, -67.1723556519, 12.1575918198, -62.6719589233, 10.9437532425, -24.0037555695, -31.1462841034, 103.997077942, -21.567855835, -4.83655405045, 8.83579730988], [-38.1021766663, 45.7185592651, 19.8780231476, 43.8079795837, 8.04877853394, 48.0112724304, 12.8399648666, 21.8801746368, 26.249584198, -21.567855835, 72.2919769287, 15.7451114655, -10.7043876648], [-93.0255889893, 137.08833313, -25.0370540619, 55.3666305542, 25.1294155121, 20.4968852997, 18.6112689972, 15.5549106598, -4.61058712006, -4.83655405045, 15.7451114655, 93.2682876587, -23.2116699219], [61.2491874695, -78.8163223267, -3.29179143906, -21.3733139038, -3.7737634182, -9.59386539459, -6.57995319366, 2.28947019577, -7.8658246994, 8.83579730988, -10.7043876648, -23.2116699219, 62.1302452087]]
        icov: [[0.00493232766166, 0.00309973722324, 0.000473562278785, -0.000972028356045, 0.00121249619406, 0.00103936693631, -0.000518580141943, -0.000328624300892, 0.0023698862642, -0.00255350093357, -0.00138158292975, 0.000808882177807, -0.000320786930388], [0.00309973722324, 0.00786405708641, 0.000130587082822, -0.000571434909943, -0.00268210680224, -9.43364066188e-05, -5.53761055926e-05, -0.00233973586001, 0.0036382402759, -0.00150257383939, -0.00182431563735, -0.00528966868296, 0.00501729501411], [0.000473562278785, 0.000130587082822, 0.00997935701162, 0.0011449927697, -0.00178384466562, -0.00358178257011, -6.8022760388e-05, 0.000381984806154, -0.00173874665052, -0.000401979399612, -0.000962394522503, 0.00381003576331, 0.00103335897438], [-0.000972028356045, -0.000571434909943, 0.0011449927697, 0.0112819941714, -0.00291097443551, -0.00180584157351, -0.00184131111018, -0.00416132993996, -0.00246393075213, 0.0053995270282, -0.00071467331145, -0.00372887239791, 0.0010817265138], [0.00121249619406, -0.00268210680224, -0.00178384466562, -0.00291097443551, 0.0185398347676, -0.00340601732023, -0.00445664441213, 0.0005633996916, 0.00407394766808, -0.0051683918573, 0.00149419682566, 0.00178125093225, -0.00341253518127], [0.00103936693631, -9.43364066188e-05, -0.00358178257011, -0.00180584157351, -0.00340601732023, 0.0167320203036, 0.000500179303344, -0.00362463900819, -0.00473617622629, 0.00496356748044, -0.00392924295738, -0.000688340165652, -0.00163158355281], [-0.000518580141943, -5.53761055926e-05, -6.8022760388e-05, -0.00184131111018, -0.00445664441213, 0.000500179303344, 0.016333097592, 0.000801502144895, -0.000407290091971, -0.00226295203902, -0.00223170081154, -0.0012414684752, 0.000732675893232], [-0.000328624300892, -0.00233973586001, 0.000381984806154, -0.00416132993996, 0.0005633996916, -0.00362463900819, 0.000801502144895, 0.0194421894848, -0.00327069289051, -0.00113964697812, -0.000169904305949, 0.00150720705278, -0.00493065780029], [0.0023698862642, 0.0036382402759, -0.00173874665052, -0.00246393075213, 0.00407394766808, -0.00473617622629, -0.000407290091971, -0.00327069289051, 0.0200721155852, -0.00183732877485, -0.00281850341707, 0.000841752509587, 0.00356417964213], [-0.00255350093357, -0.00150257383939, -0.000401979399612, 0.0053995270282, -0.0051683918573, 0.00496356748044, -0.00226295203902, -0.00113964697812, -0.00183732877485, 0.0177283287048, 0.000794586434495, -0.00219686841592, -0.000735451641958], [-0.00138158292975, -0.00182431563735, -0.000962394522503, -0.00071467331145, 0.00149419682566, -0.00392924295738, -0.00223170081154, -0.000169904305949, -0.00281850341707, 0.000794586434495, 0.019370501861, -0.000823730486445, 0.000564575369935], [0.000808882177807, -0.00528966868296, 0.00381003576331, -0.00372887239791, 0.00178125093225, -0.000688340165652, -0.0012414684752, 0.00150720705278, 0.000841752509587, -0.00219686841592, -0.000823730486445, 0.0222261939198, -0.000193010026123], [-0.000320786930388, 0.00501729501411, 0.00103335897438, 0.0010817265138, -0.00341253518127, -0.00163158355281, 0.000732675893232, -0.00493065780029, 0.00356417964213, -0.000735451641958, 0.000564575369935, -0.000193010026123, 0.0235841572285]]
    spectral_contrast:
        mean: [2.11794471738e-07, -2.20660496097e-07, -6.28349638987e-08, -1.62506026413e-07, -3.07644711484e-07, -2.53701813335e-07, 3.02177477352e-06, 1.56444826871e-07, -1.66712379723e-06, 3.45981334249e-06, 2.83990431171e-07, -2.40085842051e-06]
        var: [0.000253562786384, 0.000910707749426, 0.0011553625809, 0.00156500970479, 0.00177826243453, 0.00492046587169, 0.0340137965977, 0.0424775220454, 0.065754622221, 0.100315153599, 0.228560224175, 0.466530919075]

rhythm:
    beats_loudness:
        dmean: 0.00144837645348
        dmean2: 0.00182546442375
        dvar: 1.1862852034e-06
        dvar2: 4.07107063438e-06
        max: 0.00766105763614
        mean: 0.00361283984967
        min: 0.00146934494842
        var: 2.80003973785e-06
    beats_loudness_bass:
        dmean: 0.00321143120527
        dmean2: 0.00470928428695
        dvar: 1.18242851386e-05
        dvar2: 2.97506503557e-05
        max: 0.0208542533219
        mean: 0.0038211371284
        min: 6.43616294838e-05
        var: 2.47419520747e-05
    bpm: 129.520874023
    bpm_confidence: 0
    first_peak_bpm: 113
    first_peak_spread: 0
    first_peak_weight: 0.578947365284
    onset_rate: 2.19892311096
    second_peak_bpm: 130
    second_peak_spread: 0
    second_peak_weight: 0.368421047926
    beats_position: [0.0814929232001, 0.613389015198, 1.14528524876, 1.6771812439, 2.20907735825, 2.7409734726, 3.27286958694, 3.80476570129, 4.33666181564, 4.86855840683, 5.40045452118, 5.93235063553, 6.42247915268, 6.88577985764, 7.34908008575, 7.81238079071, 8.27568054199, 8.73898124695, 9.2022819519, 9.66558265686]
    bpm_estimates: [127.250404358, 130.93019104, 130.354324341, 129.548568726]
    bpm_intervals: [0.531896114349, 0.531896233559, 0.53189599514, 0.531896114349, 0.531896114349, 0.531896114349, 0.531896114349, 0.531896114349, 0.531896591187, 0.531896114349, 0.531896114349, 0.490128517151, 0.463300704956, 0.463300228119, 0.463300704956, 0.463299751282, 0.463300704956, 0.463300704956, 0.463300704956]
    onset_times: [0.0580498874187, 0.220589563251, 0.383129239082, 0.53405892849, 0.603718817234, 1.11455786228, 1.27709746361, 1.38158726692, 1.52090704441, 1.6137868166, 1.79954648018, 2.18267583847, 2.48453521729, 2.79800462723, 2.91410422325, 4.26086187363, 5.68888902664, 6.37387752533, 7.33750581741, 7.52326536179, 7.77868461609, 9.25315189362]
    rubato_start: [6.42247915268]
    rubato_stop: [6.88577985764]
    perceptual_tempo: "unknown"

sfx:
    inharmonicity:
        dmean: 0.0530165694654
        dmean2: 0.0952463597059
        dvar: 0.00462340982631
        dvar2: 0.0133112361655
        max: 0.433680176735
        mean: 0.0479469373822
        min: 0
        var: 0.0041055129841
    oddtoevenharmonicenergyratio:
        dmean: 28.4096565247
        dmean2: 52.9788169861
        dvar: 4414.16699219
        dvar2: 12634.5546875
        max: 496.79385376
        mean: 17.2527599335
        min: 0
        var: 2820.04248047
    pitch_after_max_to_before_max_energy_ratio: 1.71393013
    pitch_centroid: 218.077255249
    pitch_max_to_total: 0.456876456738
    pitch_min_to_total: 0.706293702126
    tristimulus:
        dmean: [0.26109829545, 0.30597537756, 0.0584424957633]
        dmean2: [0.468651205301, 0.554363548756, 0.104768358171]
        dvar: [0.0689448043704, 0.0877737030387, 0.00646176328883]
        dvar2: [0.180997699499, 0.232235565782, 0.0175627525896]
        max: [1, 0.986182510853, 0.64799118042]
        mean: [0.303994476795, 0.611330091953, 0.0519327893853]
        min: [0.00284076505341, 0, 0]
        var: [0.0813985690475, 0.0988235548139, 0.00608389033005]

tonal:
    chords_changes_rate: 0.037037037313
    chords_number_rate: 0.0277777779847
    chords_strength:
        dmean: 0.0083431052044
        dmean2: 0.00624319817871
        dvar: 2.97881360893e-05
        dvar2: 3.01071540889e-05
        max: 0.700179219246
        mean: 0.589886248112
        min: 0.408225953579
        var: 0.00460374448448
    key_strength: 0.732528746128
    tuning_diatonic_strength: 0.722077846527
    tuning_equal_tempered_deviation: 0.145029619336
    tuning_frequency: 439.238189697
    tuning_nontempered_energy_ratio: 0.819933891296
    hpcp:
        dmean: [0.0848206654191, 0.0746063739061, 0.0386186614633, 0.0524737015367, 0.110385857522, 0.142001986504, 0.127809181809, 0.11690440774, 0.0740671679378, 0.0452705323696, 0.0168723780662, 0.0155777158216, 0.0232084207237, 0.0205373391509, 0.0276159401983, 0.0539938360453, 0.0671473518014, 0.0554955713451, 0.0417233258486, 0.0716440975666, 0.191230610013, 0.264556854963, 0.259692639112, 0.192255496979, 0.0409937351942, 0.0356658697128, 0.091214440763, 0.086336992681, 0.109872914851, 0.165249675512, 0.12887044251, 0.0790734291077, 0.0603529214859, 0.0324298553169, 0.0258800853044, 0.0541621148586]
        dmean2: [0.149650603533, 0.123347133398, 0.068839751184, 0.0875080153346, 0.18826277554, 0.257669836283, 0.217046260834, 0.203164607286, 0.128856629133, 0.0786880627275, 0.0291803888977, 0.0281849000603, 0.0388717800379, 0.0342902876437, 0.0459013208747, 0.0939755067229, 0.116947978735, 0.0987134575844, 0.0738248974085, 0.128088533878, 0.323703557253, 0.455620646477, 0.463762074709, 0.326403439045, 0.0734893977642, 0.0633866563439, 0.158371165395, 0.150784552097, 0.19290651381, 0.29179930687, 0.218270987272, 0.138701573014, 0.107778966427, 0.0578312240541, 0.0460059531033, 0.0934738740325]
        dvar: [0.0253371857107, 0.0158030223101, 0.00957256462425, 0.00840951874852, 0.0390478149056, 0.03775485605, 0.0351195186377, 0.0302617233247, 0.0208709426224, 0.00885946396738, 0.00083457143046, 0.00145003129728, 0.00233589322306, 0.00101768586319, 0.000997561961412, 0.00404957961291, 0.0076176864095, 0.00735236657783, 0.00401665549725, 0.00972116179764, 0.035357221961, 0.052080694586, 0.0564076118171, 0.0403308868408, 0.00372669589706, 0.00951323192567, 0.0295621976256, 0.0213221330196, 0.0206908676773, 0.0414628311992, 0.031232085079, 0.0111571401358, 0.0114876050502, 0.00272294413298, 0.00425545591861, 0.0106042474508]
        dvar2: [0.0690990611911, 0.0381474755704, 0.0255373995751, 0.0201602354646, 0.10280687362, 0.122356645763, 0.0871680229902, 0.0783092007041, 0.0575358569622, 0.0244912002236, 0.00238678022288, 0.00420003710315, 0.0066003696993, 0.00289616244845, 0.0029272462707, 0.0105600655079, 0.0201391149312, 0.0215447433293, 0.0111702047288, 0.0277886278927, 0.0976503938437, 0.142229110003, 0.155634537339, 0.107851080596, 0.00998585484922, 0.0275156982243, 0.0891751199961, 0.0607405118644, 0.0558782964945, 0.129560768604, 0.090601593256, 0.0282687228173, 0.0336047187448, 0.0077774268575, 0.0108445091173, 0.0296481791884]
        max: [1, 1, 1, 0.521547436714, 1, 1, 1, 1, 1, 0.865609765053, 0.199648931623, 0.295305609703, 0.396184504032, 0.274740457535, 0.275103271008, 0.408418983221, 0.746595561504, 0.623569130898, 0.512205898762, 0.710682570934, 1, 1, 1, 1, 0.383772701025, 0.851761758327, 0.97773873806, 1, 1, 1, 1, 1, 0.990302860737, 0.390296727419, 0.604759931564, 0.773333132267]
        mean: [0.146158710122, 0.110887371004, 0.0425019785762, 0.0509975850582, 0.122915066779, 0.213695123792, 0.241869330406, 0.184440210462, 0.131576910615, 0.0729318410158, 0.0193359851837, 0.0182143505663, 0.029348064214, 0.0264513213187, 0.0303652994335, 0.0629819408059, 0.0785709396005, 0.0556810684502, 0.03593544662, 0.0592493712902, 0.257174938917, 0.555870354176, 0.517472326756, 0.199376001954, 0.0288454145193, 0.028790211305, 0.094910569489, 0.173602491617, 0.200468033552, 0.218361854553, 0.237802907825, 0.161402344704, 0.0728084295988, 0.0415733978152, 0.0305656343699, 0.0841192081571]
        min: [0.00115639308933, 0.000210838930798, 0.000156721376698, 6.66170453769e-05, 0.000353540119249, 0.00168978481088, 0.00561437522992, 0.00193854945246, 0.00163614633493, 0.000221085108933, 0.000183914235095, 5.11800899403e-05, 0.000203170726309, 0.000229694865993, 0.000755811459385, 0.00133267254569, 0.00113821134437, 0.000125692095025, 4.38110255345e-05, 0.000109089000034, 0.00237210281193, 0.0231797471642, 0.00446538534015, 0.000288368959446, 5.75040030526e-05, 5.33552338311e-05, 0.000147001526784, 0.000436613801867, 0.00250704330392, 0.00226801028475, 0.000620194303337, 0.000452950334875, 0.000168064114405, 0.000154394496349, 0.000439486699179, 0.000802783935796]
        var: [0.0693402811885, 0.0318857133389, 0.00826357491314, 0.0091559374705, 0.0464666187763, 0.0773710161448, 0.0959407612681, 0.0518492236733, 0.0650679171085, 0.0239609051496, 0.000721382850315, 0.00155072461348, 0.00345675228164, 0.001672208542, 0.00114127644338, 0.00442613009363, 0.0082602808252, 0.00695286970586, 0.00410580029711, 0.00822307448834, 0.0566149391234, 0.116389788687, 0.11481141299, 0.0486810356379, 0.00296573480591, 0.00680653564632, 0.0377858802676, 0.0856027752161, 0.0812458470464, 0.0602655671537, 0.0954561531544, 0.0612448379397, 0.011864961125, 0.00353095633909, 0.00411894218996, 0.0250209011137]
    chords_histogram: [54.6296310425, 0, 10.1851854324, 0, 0, 0, 0, 3.24074077606, 0, 5.55555534363, 0, 0, 0, 0, 0, 0, 0, 0, 0, 0, 0, 0, 11.1111106873, 15.2777776718]
    thpcp: [1, 0.930922687054, 0.35867357254, 0.0518923401833, 0.0517930313945, 0.170742273331, 0.3123075068, 0.36063811183, 0.392828732729, 0.427802830935, 0.290359705687, 0.130980953574, 0.0747897401452, 0.0549869835377, 0.151328831911, 0.262936681509, 0.199484229088, 0.0764602348208, 0.091743670404, 0.221121817827, 0.38443338871, 0.435118228197, 0.33180436492, 0.236704319715, 0.131202965975, 0.0347850620747, 0.0327672623098, 0.0527965985239, 0.0475854128599, 0.054626584053, 0.113303288817, 0.14134760201, 0.100169166923, 0.0646471753716, 0.106588467956, 0.462652742863]
    chords_key: "E"
    chords_scale: "minor"
    key_key: "E"
    key_scale: "minor"
    chords_progression: ["Em", "Em", "Em", "Em", "Em", "Em", "Em", "Em", "Em", "Em", "Em", "Em", "Em", "Em", "Em", "Em", "Em", "Em", "Em", "Em", "Em", "Em", "Em", "Em", "Em", "Em", "Em", "Em", "Em", "Em", "Em", "Em", "Em", "Am", "Am", "Am", "Am", "E", "E", "E", "E", "E", "E", "E", "Em", "Em", "Em", "Em", "Em", "Em", "Em", "Em", "Em", "Em", "Em", "Em", "Em", "Em", "Em", "Em", "Em", "Em", "Em", "Em", "Em", "Em", "Em", "Em", "Em", "Em", "Em", "Em", "Em", "Em", "Em", "Em", "Em", "Em", "Em", "Em", "Em", "Em", "Em", "Em", "Em", "Em", "Em", "Em", "Em", "Em", "Em", "Em", "Em", "Em", "Em", "Em", "Em", "Em", "Em", "Em", "Em", "Em", "Em", "Em", "Em", "Em", "Em", "Em", "Em", "Em", "Em", "Em", "Em", "Em", "Em", "Em", "Em", "Em", "Em", "Em", "Em", "Em", "Am", "Am", "Am", "Am", "Am", "Am", "Am", "Am", "Am", "Am", "Am", "Am", "Am", "Am", "Am", "Am", "Am", "Am", "Am", "Am", "C", "C", "C", "C", "C", "C", "C", "C", "C", "C", "C", "C", "C", "C", "C", "C", "C", "C", "C", "C", "C", "C", "C", "C", "C", "C", "C", "C", "C", "C", "C", "C", "C", "Em", "Em", "Em", "Em", "Em", "Em", "Em", "B", "B", "B", "B", "B", "B", "B", "B", "B", "B", "B", "B", "Bm", "Bm", "Bm", "Bm", "Bm", "Bm", "Bm", "Bm", "Bm", "Bm", "Bm", "Bm", "Bm", "Bm", "Bm", "Bm", "Bm", "Bm", "Bm", "Bm", "Bm", "Bm"]
