
metadata:
    version:
        essentia: "1.2.2"
    audio_properties:
        analysis_sample_rate: 44100
        bitrate: 128
        channels: 2
        equal_loudness: 1
        length: 9.97877597809
        replay_gain: 19.2532520294
        downmix: "left"
    tags:
        track: 13
        year: 0
        album: "Splitted by Mp3Splt v. 2.1"
        artist: "From 002.00 To 002.10"
        comment: "http://mp3splt.sf.net"
        genre: ""
        title: "31 Range-Dekommpression-Amenit"

highlevel:
    ballroom:
        all:
            ChaChaCha: 0.000704928650521
            Jive: 0.000353842187906
            Quickstep: 0.000696212984622
            Rumba-American: 0.000330192677211
            Rumba-International: 0.00291558122262
            Rumba-Misc: 0.012139134109
            Samba: 0.000603894412052
            Tango: 0.0135046839714
            VienneseWaltz: 0.00928320828825
            Waltz: 0.959468305111
        probability: 0.959468305111
        value: "Waltz"
    culture:
        all:
            non_western: 0.932589888573
            western: 0.0674101039767
        probability: 0.932589888573
        value: "non_western"
    gender:
        all:
            female: 0.723106145859
            male: 0.276893854141
        probability: 0.723106145859
        value: "female"
    genre_dortmund:
        all:
            alternative: 0.0406806133687
            blues: 6.88176296535e-05
            electronic: 0.944589138031
            folkcountry: 0.00580362556502
            funksoulrnb: 0.000184873497346
            jazz: 0.00404619285837
            pop: 0.0020726188086
            raphiphop: 6.26506953267e-05
            rock: 0.00249145901762
        probability: 0.944589138031
        value: "electronic"
    genre_electronica:
        all:
            ambient: 0.994894385338
            dnb: 0.000354568270268
            house: 0.00166612234898
            techno: 0.000768558762502
            trance: 0.00231638364494
        probability: 0.994894385338
        value: "ambient"
    genre_rosamerica:
        all:
            cla: 0.983135461807
            dan: 0.00401459401473
            hip: 0.00145730189979
            jaz: 0.00184108910616
            pop: 0.000793055223767
            rhy: 0.00269598024897
            roc: 0.00423056678846
            spe: 0.00183193339035
        probability: 0.983135461807
        value: "cla"
    genre_tzanetakis:
        all:
            blu: 0.0394572876394
            cla: 0.802082061768
            cou: 0.0124447830021
            dis: 0.0153866084293
            hip: 0.0156076410785
            jaz: 0.028807817027
            met: 0.015584865585
            pop: 0.0181128159165
            reg: 0.0343580506742
            roc: 0.0181580912322
        probability: 0.802082061768
        value: "cla"
    live_studio:
        all:
            live: 0.522253811359
            studio: 0.477746188641
        probability: 0.522253811359
        value: "live"
    mood:
        all:
            Cluster1: 0.0350432470441
            Cluster2: 0.014350168407
            Cluster3: 0.92053604126
            Cluster4: 0.01453636121
            Cluster5: 0.0155342081562
        probability: 0.92053604126
        value: "Cluster3"
    mood_acoustic:
        all:
            acoustic: 0.290692418814
            not_acoustic: 0.709307610989
        probability: 0.709307610989
        value: "not_acoustic"
    mood_aggressive:
        all:
            aggressive: 0.00315013970248
            not_aggressive: 0.996849834919
        probability: 0.996849834919
        value: "not_aggressive"
    mood_electronic:
        all:
            electronic: 0.708234846592
            not_electronic: 0.291765153408
        probability: 0.708234846592
        value: "electronic"
    mood_happy:
        all:
            happy: 0.0790451318026
            not_happy: 0.920954883099
        probability: 0.920954883099
        value: "not_happy"
    mood_party:
        all:
            not_party: 0.951518714428
            party: 0.0484812781215
        probability: 0.951518714428
        value: "not_party"
    mood_relaxed:
        all:
            not_relaxed: 0.106934666634
            relaxed: 0.893065333366
        probability: 0.893065333366
        value: "relaxed"
    mood_sad:
        all:
            not_sad: 0.0515215098858
            sad: 0.948478460312
        probability: 0.948478460312
        value: "sad"
    rhythm:
        all:
            fast: 0.00645578838885
            medium: 0.637379348278
            slow: 0.356164872646
        probability: 0.637379348278
        value: "medium"
    speech_music:
        all:
            music: 0.360036700964
            speech: 0.639963269234
        probability: 0.639963269234
        value: "speech"
    timbre:
        all:
            bright: 0.251970827579
            dark: 0.748029172421
        probability: 0.748029172421
        value: "dark"
    voice_instrumental:
        all:
            instrumental: 0.989286780357
            voice: 0.010713191703
        probability: 0.989286780357
        value: "instrumental"

lowlevel:
    average_loudness: 0.00585363525897
    barkbands_kurtosis:
        dmean: 4.67931461334
        dmean2: 6.53207683563
        dvar: 94.5378417969
        dvar2: 175.316223145
        max: 170.551605225
        mean: 9.35880470276
        min: -1.55583536625
        var: 244.889053345
    barkbands_skewness:
        dmean: 0.633661448956
        dmean2: 0.960484087467
        dvar: 0.367078125477
        dvar2: 0.711639761925
        max: 11.2420806885
        mean: 2.22378325462
        min: -0.279454231262
        var: 1.86087322235
    barkbands_spread:
        dmean: 2.48870134354
        dmean2: 4.12331295013
        dvar: 6.23045635223
        dvar2: 16.0779972076
        max: 24.0481586456
        mean: 10.0289888382
        min: 0.556272447109
        var: 43.3406562805
    dissonance:
        dmean: 0.0302283912897
        dmean2: 0.0499448738992
        dvar: 0.000607258174568
        dvar2: 0.00162425439339
        max: 0.496329307556
        mean: 0.403340101242
        min: 0.234411686659
        var: 0.00244112801738
    hfc:
        dmean: 0.115606591105
        dmean2: 0.15540766716
        dvar: 0.0554002299905
        dvar2: 0.0983120575547
        max: 3.58792972565
        mean: 0.416369974613
        min: 0.00409366004169
        var: 0.523754835129
    pitch:
        dmean: 65.6320266724
        dmean2: 126.542037964
        dvar: 15666.8896484
        dvar2: 38602.515625
        max: 668.18182373
        mean: 209.20098877
        min: 76.8292694092
        var: 13822.1787109
    pitch_instantaneous_confidence:
        dmean: 0.0872524008155
        dmean2: 0.142850607634
        dvar: 0.00502148224041
        dvar2: 0.0126696843654
        max: 0.894124805927
        mean: 0.552077770233
        min: 0.197833001614
        var: 0.0143714081496
    pitch_salience:
        dmean: 0.0756148397923
        dmean2: 0.127592340112
        dvar: 0.00422113295645
        dvar2: 0.0108468402177
        max: 0.771961152554
        mean: 0.538770973682
        min: 0.190363124013
        var: 0.010749399662
    silence_rate_20dB:
        dmean: 0
        dmean2: 0
        dvar: 0
        dvar2: 0
        max: 1
        mean: 1
        min: 1
        var: 0
    silence_rate_30dB:
        dmean: 0
        dmean2: 0
        dvar: 0
        dvar2: 0
        max: 1
        mean: 1
        min: 1
        var: 0
    silence_rate_60dB:
        dmean: 0.01680672355
        dmean2: 0.0337078645825
        dvar: 0.0165241025388
        dvar2: 0.0381892770529
        max: 1
        mean: 0.893854737282
        min: 0
        var: 0.0948792994022
    spectral_centroid:
        dmean: 106.432144165
        dmean2: 176.28112793
        dvar: 17341.484375
        dvar2: 44892.8203125
        max: 1827.33740234
        mean: 789.419555664
        min: 248.712265015
        var: 145028.78125
    spectral_complexity:
        dmean: 0.368794322014
        dmean2: 0.622775793076
        dvar: 0.374629408121
        dvar2: 0.768733561039
        max: 6
        mean: 1.63604235649
        min: 0
        var: 3.92760276794
    spectral_crest:
        dmean: 2.93656682968
        dmean2: 4.70713615417
        dvar: 5.29844856262
        dvar2: 13.1327447891
        max: 25.7090988159
        mean: 11.9749774933
        min: 3.02897548676
        var: 18.2106285095
    spectral_decrease:
        dmean: 7.95027238487e-11
        dmean2: 9.59906182318e-11
        dvar: 3.31909225779e-20
        dvar2: 4.40385562062e-20
        max: -8.14516043588e-13
        mean: -2.9983210359e-10
        min: -3.10455661179e-09
        var: 3.610442524e-19
    spectral_energy:
        dmean: 0.000310133997118
        dmean2: 0.0003753878118
        dvar: 5.00828548411e-07
        dvar2: 6.70851420637e-07
        max: 0.0120022939518
        mean: 0.00116940017324
        min: 3.54075223186e-06
        var: 5.44074555364e-06
    spectral_energyband_high:
        dmean: 1.72235274931e-07
        dmean2: 3.03328704376e-07
        dvar: 5.04220925809e-14
        dvar2: 1.63549078794e-13
        max: 3.01127147395e-06
        mean: 7.05313254912e-07
        min: 2.08417993974e-08
        var: 2.66062372871e-13
    spectral_energyband_low:
        dmean: 4.48809601039e-07
        dmean2: 8.13275278233e-07
        dvar: 4.50415529527e-12
        dvar2: 1.49625086626e-11
        max: 1.95453849301e-05
        mean: 4.70052469836e-07
        min: 4.55681824739e-13
        var: 4.62933684442e-12
    spectral_energyband_middle_high:
        dmean: 2.98818326883e-06
        dmean2: 5.00689793625e-06
        dvar: 2.45874414578e-11
        dvar2: 6.05325581327e-11
        max: 7.7047450759e-05
        mean: 1.68230253621e-05
        min: 5.27758402313e-07
        var: 2.00200536704e-10
    spectral_energyband_middle_low:
        dmean: 0.000309593073325
        dmean2: 0.00037532026181
        dvar: 4.99512566421e-07
        dvar2: 6.6960666345e-07
        max: 0.0119434064254
        mean: 0.00115140329581
        min: 1.3050976122e-06
        var: 5.38330232303e-06
    spectral_flatness_db:
        dmean: 0.0224052164704
        dmean2: 0.0366765037179
        dvar: 0.000263030349743
        dvar2: 0.000727777951397
        max: 0.429325461388
        mean: 0.291661083698
        min: 0.205765426159
        var: 0.00195870222524
    spectral_flux:
        dmean: 0.00256832572632
        dmean2: 0.00441903574392
        dvar: 2.07286884688e-05
        dvar2: 5.03600458615e-05
        max: 0.0541011244059
        mean: 0.00811681803316
        min: 0.00070882961154
        var: 7.8093202319e-05
    spectral_kurtosis:
        dmean: 3.46471166611
        dmean2: 5.99771785736
        dvar: 19.9283332825
        dvar2: 56.6393890381
        max: 49.0181999207
        mean: 13.4602041245
        min: 5.4162902832
        var: 79.7320098877
    spectral_rms:
        dmean: 0.000105129685835
        dmean2: 0.000141251002788
        dvar: 2.85221855023e-08
        dvar2: 3.1846113302e-08
        max: 0.00342192267999
        mean: 0.000693445676006
        min: 5.87740796618e-05
        var: 6.6001155119e-07
    spectral_rolloff:
        dmean: 280.31350708
        dmean2: 490.589019775
        dvar: 159247.3125
        dvar2: 387589.03125
        max: 3273.046875
        mean: 1277.30651855
        min: 258.3984375
        var: 855022.9375
    spectral_skewness:
        dmean: 0.288886785507
        dmean2: 0.493551462889
        dvar: 0.102549299598
        dvar2: 0.288825392723
        max: 5.48563241959
        mean: 2.59158182144
        min: 1.61780655384
        var: 0.767242133617
    spectral_spread:
        dmean: 208341.171875
        dmean2: 344204.25
        dvar: 26065307648
        dvar2: 78710833152
        max: 3891077
        mean: 2862379.75
        min: 1465434.625
        var: 263671414784
    spectral_strongpeak:
        dmean: 0.0674416646361
        dmean2: 0.106502853334
        dvar: 0.0105308257043
        dvar2: 0.0263561867177
        max: 1.05280733109
        mean: 0.219983920455
        min: 0.00897296983749
        var: 0.0471701957285
    zerocrossingrate:
        dmean: 0.00514080515131
        dmean2: 0.00684636365622
        dvar: 2.40162407863e-05
        dvar2: 4.68962352898e-05
        max: 0.095703125
        mean: 0.0443110913038
        min: 0.01025390625
        var: 0.000458403374068
    barkbands:
        dmean: [7.89680265623e-10, 7.81857210086e-08, 4.28085428439e-07, 1.14182521429e-05, 0.000179772687261, 7.81091803219e-05, 0.000133478271891, 3.03789602185e-05, 5.58376632398e-05, 7.98011740244e-07, 1.30715545765e-06, 7.10444453489e-07, 5.82584334552e-07, 5.44390445611e-07, 5.02885370679e-07, 5.97082305376e-07, 8.74597049005e-07, 8.80695552041e-07, 5.32339811343e-07, 2.84404222839e-07, 7.97871919644e-08, 1.68970206715e-08, 3.05171776738e-09, 1.55804713575e-09, 1.18611576116e-09, 6.63534921452e-11, 3.89617053898e-11]
        dmean2: [1.32489719196e-09, 1.36769287451e-07, 7.90110220805e-07, 1.58271104738e-05, 0.000165793535416, 0.000103069374745, 0.000202102222829, 4.3616448238e-05, 8.73601966305e-05, 1.3370755596e-06, 2.2400618036e-06, 1.25104941162e-06, 9.36420690323e-07, 9.73973101281e-07, 8.78551929873e-07, 1.01412115328e-06, 1.48813796841e-06, 1.4366501091e-06, 8.80970560502e-07, 5.13410384428e-07, 1.33994404905e-07, 2.832844892e-08, 5.29734478505e-09, 2.58091459315e-09, 2.10184269989e-09, 1.14532938689e-10, 6.82222750514e-11]
        dvar: [4.91955412276e-18, 8.62726367125e-14, 3.87128393578e-12, 2.85898971164e-09, 2.54034461022e-07, 8.37924716279e-08, 9.4910561188e-08, 3.55717166833e-09, 1.20109788782e-08, 1.58941826714e-12, 4.53000050665e-12, 1.15605712937e-12, 5.46225716568e-13, 4.60753830922e-13, 4.89991402487e-13, 4.36905584411e-13, 1.07052246841e-12, 1.20399848945e-12, 3.60410946964e-13, 1.23859296842e-13, 9.02428224378e-15, 4.20518876966e-16, 1.02640755939e-17, 2.68189408101e-18, 2.40698742866e-18, 2.46781597093e-20, 1.08574612449e-20]
        dvar2: [1.19126779876e-17, 2.70359337131e-13, 1.29938776752e-11, 5.34729771573e-09, 2.64276820872e-07, 1.18739187371e-07, 2.01606553674e-07, 6.7411680682e-09, 2.64909267855e-08, 3.84668642425e-12, 1.16274195133e-11, 3.78326233189e-12, 1.52684147877e-12, 1.3946662835e-12, 1.34230614905e-12, 1.31066023919e-12, 3.03838833433e-12, 3.19999842596e-12, 1.02255031699e-12, 3.92987481749e-13, 2.34865583606e-14, 1.20580762223e-15, 2.97072851099e-17, 7.10657003152e-18, 6.57029891423e-18, 7.72868450521e-20, 3.40059055076e-20]
        max: [2.37992505703e-08, 2.70604596153e-06, 1.68255664903e-05, 0.00089858280262, 0.0114146023989, 0.00554155698046, 0.0034442441538, 0.000784421688877, 0.00114118785132, 1.33976091092e-05, 2.06333534152e-05, 8.65915535542e-06, 6.83037524141e-06, 6.21250046606e-06, 6.16727675151e-06, 6.20641321802e-06, 9.71189547272e-06, 8.94712411537e-06, 5.7930769799e-06, 3.41118288816e-06, 8.83783513927e-07, 2.33250446513e-07, 3.80686735468e-08, 2.15578346285e-08, 1.69463856281e-08, 1.26777410792e-09, 8.92765694704e-10]
        mean: [1.03902153548e-09, 7.99816319841e-08, 3.89308723925e-07, 2.46748495556e-05, 0.000631483562756, 0.000143464829307, 0.000228306642384, 5.02535694977e-05, 7.28583254386e-05, 1.67398241047e-06, 2.32282695833e-06, 1.43331328673e-06, 1.21589289392e-06, 1.07962398488e-06, 1.26551003632e-06, 1.45103774685e-06, 2.04533557735e-06, 2.54762971963e-06, 1.66008453562e-06, 8.39678250486e-07, 2.69974179901e-07, 6.31967651543e-08, 1.11077991249e-08, 6.35437036323e-09, 4.10368272696e-09, 1.08291819956e-10, 3.69280162005e-11]
        min: [7.10701353267e-16, 7.51853277987e-14, 3.62886695519e-13, 5.82900969246e-13, 4.57719417923e-11, 6.55814624828e-10, 2.07369801331e-08, 2.09953050501e-08, 2.07887154602e-07, 2.30581491678e-08, 3.82707483482e-08, 2.68565969463e-08, 1.26318884242e-08, 4.19362677917e-08, 5.67843017052e-08, 2.92575101923e-08, 6.60046026724e-08, 6.44476685352e-08, 5.54641346184e-08, 7.45761052912e-09, 1.5236352624e-08, 2.22599449984e-09, 1.58338051004e-10, 1.27186289278e-10, 1.81815118516e-10, 1.74191910896e-11, 1.15608087339e-12]
        var: [9.99238233149e-18, 1.0798495751e-13, 3.51737606055e-12, 1.13793197087e-08, 2.54977180703e-06, 3.05495063913e-07, 2.35122598724e-07, 9.0714680212e-09, 1.89592572752e-08, 4.31345931196e-12, 7.97904537581e-12, 2.52043936937e-12, 1.53385323106e-12, 1.05834069807e-12, 1.28939729987e-12, 1.55370258759e-12, 3.19485171825e-12, 4.07560313623e-12, 1.82925419603e-12, 4.15049369656e-13, 3.97376088198e-14, 2.2338530985e-15, 5.68096064173e-17, 2.87937104454e-17, 1.84513504783e-17, 3.58658695825e-20, 9.71225392059e-21]
    mfcc:
        mean: [-989.811645508, 128.167984009, -93.369102478, 5.76243305206, -60.5354270935, -60.0608558655, -45.3194274902, -37.1345901489, -24.8025665283, -18.0777492523, -9.02683258057, -7.52185964584, -12.2025375366]
        cov: [[7677.2421875, 3999.52490234, 3462.52197266, 1660.17553711, 1495.42687988, 162.631668091, 266.633453369, -399.51763916, -430.222259521, -570.289855957, -566.721801758, -492.714538574, -553.004882812], [3999.52490234, 2222.22851562, 1893.51660156, 941.487487793, 827.553283691, 126.246147156, 168.395477295, -189.768508911, -187.646713257, -285.721740723, -266.772613525, -251.574111938, -271.52545166], [3462.52197266, 1893.51660156, 1663.74230957, 808.296020508, 723.944641113, 102.157218933, 152.789215088, -174.007980347, -161.742416382, -252.106903076, -234.308151245, -222.943496704, -238.99105835], [1660.17553711, 941.487487793, 808.296020508, 439.772583008, 369.188140869, 81.8070373535, 88.1153030396, -66.6975479126, -66.9890060425, -115.017440796, -103.50528717, -101.539421082, -102.219909668], [1495.42687988, 827.553283691, 723.944641113, 369.188140869, 352.48526001, 73.4839096069, 88.0499954224, -67.4669952393, -62.4360580444, -111.458648682, -100.251647949, -98.6302108765, -99.7691192627], [162.631668091, 126.246147156, 102.157218933, 81.8070373535, 73.4839096069, 68.9810562134, 46.5226631165, 16.5259113312, 11.2942638397, -5.1213965416, -0.841674149036, -6.66138696671, 2.50591683388], [266.633453369, 168.395477295, 152.789215088, 88.1153030396, 88.0499954224, 46.5226631165, 66.7712249756, 10.8226652145, 20.0992240906, -12.8208742142, -1.37226724625, -16.9521923065, -7.52352428436], [-399.51763916, -189.768508911, -174.007980347, -66.6975479126, -67.4669952393, 16.5259113312, 10.8226652145, 67.0160064697, 49.7737464905, 47.9333114624, 42.5896377563, 36.1463890076, 37.8496170044], [-430.222259521, -187.646713257, -161.742416382, -66.9890060425, -62.4360580444, 11.2942638397, 20.0992240906, 49.7737464905, 87.0722808838, 58.975566864, 69.5429763794, 36.3568115234, 47.9788627625], [-570.289855957, -285.721740723, -252.106903076, -115.017440796, -111.458648682, -5.1213965416, -12.8208742142, 47.9333114624, 58.975566864, 81.4531402588, 71.7233200073, 56.3348999023, 53.4523086548], [-566.721801758, -266.772613525, -234.308151245, -103.50528717, -100.251647949, -0.841674149036, -1.37226724625, 42.5896377563, 69.5429763794, 71.7233200073, 100.43170929, 58.6609954834, 67.4943313599], [-492.714538574, -251.574111938, -222.943496704, -101.539421082, -98.6302108765, -6.66138696671, -16.9521923065, 36.1463890076, 36.3568115234, 56.3348999023, 58.6609954834, 71.0462875366, 59.3339653015], [-553.004882812, -271.52545166, -238.99105835, -102.219909668, -99.7691192627, 2.50591683388, -7.52352428436, 37.8496170044, 47.9788627625, 53.4523086548, 67.4943313599, 59.3339653015, 84.3458480835]]
        icov: [[0.0038504533004, -0.00402824673802, -0.0028742691502, 0.00123816286214, -0.00152609311044, 0.00326762185432, -0.00186623504851, -0.000406758510508, 0.00408233515918, -0.00130437058397, 0.00187075207941, -0.000220870846533, 0.000910461763851], [-0.00402824673802, 0.0231855344027, -0.0149089414626, -0.0102429836988, 0.0019812125247, -0.00476795015857, 0.00808651279658, -0.00371360033751, -0.00281161558814, 0.00299246422946, -0.00396226998419, 0.000241963323788, 0.00114658498205], [-0.0028742691502, -0.0149089414626, 0.0337578356266, -0.00843327958137, -0.0121312681586, 0.0119959935546, -0.0099669219926, 0.00887794140726, -0.00386175583117, -0.0013993261382, 0.00150722940452, -0.000872963864822, 0.00150424684398], [0.00123816286214, -0.0102429836988, -0.00843327958137, 0.0417579263449, -0.0086126094684, -0.0156597085297, 0.00795602798462, -0.00627184240147, 0.00116614636499, 0.000275651284028, -0.00127307511866, 0.0022051113192, -0.00571327423677], [-0.00152609311044, 0.0019812125247, -0.0121312681586, -0.0086126094684, 0.0484867915511, -0.0175047535449, -0.0104943392798, 0.00783510878682, -0.00356615078636, 0.00592917529866, 0.000965433369856, -0.00123673235066, 0.00335046974942], [0.00326762185432, -0.00476795015857, 0.0119959935546, -0.0156597085297, -0.0175047535449, 0.0512207895517, -0.0245347432792, -0.00776960840449, 0.0118104713038, -0.00868756789714, 0.00453462963924, 0.00158364791423, -0.00579774705693], [-0.00186623504851, 0.00808651279658, -0.0099669219926, 0.00795602798462, -0.0104943392798, -0.0245347432792, 0.0569450967014, -0.0129198916256, -0.019715372473, 0.0145690413192, -0.00718809198588, 0.0043046688661, -0.000904105370864], [-0.000406758510508, -0.00371360033751, 0.00887794140726, -0.00627184240147, 0.00783510878682, -0.00776960840449, -0.0129198916256, 0.0447738878429, -0.0137286279351, -0.011564980261, 0.0112023893744, -0.00882242340595, 0.00356733286753], [0.00408233515918, -0.00281161558814, -0.00386175583117, 0.00116614636499, -0.00356615078636, 0.0118104713038, -0.019715372473, -0.0137286279351, 0.0503432005644, -0.0191106945276, -0.0152672315016, 0.0127034606412, -0.0052270879969], [-0.00130437058397, 0.00299246422946, -0.0013993261382, 0.000275651284028, 0.00592917529866, -0.00868756789714, 0.0145690413192, -0.011564980261, -0.0191106945276, 0.0639328658581, -0.020153068006, -0.0194371268153, 0.0113659063354], [0.00187075207941, -0.00396226998419, 0.00150722940452, -0.00127307511866, 0.000965433369856, 0.00453462963924, -0.00718809198588, 0.0112023893744, -0.0152672315016, -0.020153068006, 0.0462459474802, -0.00769997341558, -0.0125567195937], [-0.000220870846533, 0.000241963323788, -0.000872963864822, 0.0022051113192, -0.00123673235066, 0.00158364791423, 0.0043046688661, -0.00882242340595, 0.0127034606412, -0.0194371268153, -0.00769997341558, 0.0525024533272, -0.0233173873276], [0.000910461763851, 0.00114658498205, 0.00150424684398, -0.00571327423677, 0.00335046974942, -0.00579774705693, -0.000904105370864, 0.00356733286753, -0.0052270879969, 0.0113659063354, -0.0125567195937, -0.0233173873276, 0.0435298494995]]
    spectral_contrast:
        mean: [-4.9652985723e-08, -1.35130633794e-07, -6.92387303047e-08, -2.7337443953e-07, 3.35598627998e-07, 6.77634261592e-07, -4.07810011893e-06, 1.36880066748e-06, -2.95095651381e-06, -2.84738553091e-06, 1.48779929532e-06, -7.6243395597e-07]
        var: [5.7989902416e-05, 9.10096496227e-05, 0.000160127456184, 0.000284609559458, 0.00150692509487, 0.00226359022781, 0.0166109129786, 0.0262781959027, 0.040407449007, 0.0692860037088, 0.365668833256, 6.85086154938]

rhythm:
    beats_loudness:
        dmean: 0.000665330677293
        dmean2: 0.000522575282957
        dvar: 1.50753874095e-06
        dvar2: 1.16445573894e-06
        max: 0.00977259874344
        mean: 0.00151569105219
        min: 4.67581867269e-06
        var: 8.56248789205e-06
    beats_loudness_bass:
        dmean: 0.00303327385336
        dmean2: 0.00331123033538
        dvar: 0.000101655525214
        dvar2: 0.000100290264527
        max: 0.0428683422506
        mean: 0.00303013063967
        min: 5.26703786363e-07
        var: 0.000106273728306
    bpm: 132.204818726
    bpm_confidence: 0
    first_peak_bpm: 132
    first_peak_spread: 0
    first_peak_weight: 0.933333337307
    onset_rate: 0.300638079643
    second_peak_bpm: 150
    second_peak_spread: 0
    second_peak_weight: 0.0666666701436
    beats_position: [0.0928118079901, 0.546639025211, 1.00046622753, 1.45429348946, 1.90812075138, 2.36194801331, 2.81577515602, 3.26960229874, 3.72342967987, 4.177257061, 4.6310839653, 5.08491134644, 5.53873872757, 5.93850326538, 6.39238166809, 6.84625959396]
    bpm_estimates: [132.243103027, 132.265350342, 132.390365601, 132.197952271, 131.948516846, 132.333114624, 132.055328369]
    bpm_intervals: [0.45382720232, 0.45382720232, 0.453827261925, 0.453827261925, 0.453827261925, 0.453827142715, 0.453827142715, 0.453827381134, 0.453827381134, 0.453826904297, 0.453827381134, 0.453827381134, 0.399764537811, 0.45387840271, 0.453877925873]
    onset_times: [0.0348299331963, 0.417959183455, 0.9287981987]
    rubato_start: []
    rubato_stop: []
    perceptual_tempo: "unknown"

sfx:
    inharmonicity:
        dmean: 0.0959268957376
        dmean2: 0.174100354314
        dvar: 0.0105565134436
        dvar2: 0.0278935097158
        max: 0.436905860901
        mean: 0.0919867157936
        min: 2.741670869e-05
        var: 0.0120758609846
    oddtoevenharmonicenergyratio:
        dmean: 64.8436126709
        dmean2: 128.223815918
        dvar: 384298.3125
        dvar2: 1151610.25
        max: 7412.48535156
        mean: 34.4408493042
        min: 7.24527199054e-05
        var: 193356.265625
    pitch_after_max_to_before_max_energy_ratio: 0.340647339821
    pitch_centroid: 145.087753296
    pitch_max_to_total: 0.826855123043
    pitch_min_to_total: 0.169611304998
    tristimulus:
        dmean: [0.153309896588, 0.228786468506, 0.119863443077]
        dmean2: [0.279083102942, 0.400292754173, 0.21379172802]
        dvar: [0.0382917895913, 0.0464743115008, 0.0199487097561]
        dvar2: [0.106546424329, 0.139282912016, 0.0566901750863]
        max: [0.977017223835, 0.999148130417, 0.695098400116]
        mean: [0.224036216736, 0.61451035738, 0.132715836167]
        min: [0.000278294290183, 0, 0]
        var: [0.0702611431479, 0.0640304237604, 0.0236451569945]

tonal:
    chords_changes_rate: 0
    chords_number_rate: 0.00704225338995
    chords_strength:
        dmean: 0.00273983576335
        dmean2: 0.00365579128265
        dvar: 7.42236943552e-06
        dvar2: 1.08840731627e-05
        max: 0.686698615551
        mean: 0.641071259975
        min: 0.613633811474
        var: 0.000279188127024
    key_strength: 0.788258910179
    tuning_diatonic_strength: 0.65139067173
    tuning_equal_tempered_deviation: 0.00600377609953
    tuning_frequency: 436.960693359
    tuning_nontempered_energy_ratio: 0.644622564316
    hpcp:
        dmean: [0.0156112005934, 0.0463300012052, 0.226684212685, 0.216121897101, 0.163349196315, 0.0404442511499, 0.0174826420844, 0.0193659495562, 0.0270576644689, 0.0227939784527, 0.0190974734724, 0.0170577075332, 0.0126090878621, 0.0121494606137, 0.0143292816356, 0.0131334448233, 0.0580801330507, 0.226186215878, 0.241697624326, 0.215951606631, 0.0822979211807, 0.0226056948304, 0.0104875825346, 0.0253346785903, 0.0302530694753, 0.0202914383262, 0.0445607081056, 0.0700907632709, 0.0539074502885, 0.0277521144599, 0.0204787086695, 0.0116130821407, 0.0117965247482, 0.0160395428538, 0.0206523481756, 0.0194061920047]
        dmean2: [0.0244301185012, 0.0768171697855, 0.371484905481, 0.373139292002, 0.261163830757, 0.0693820565939, 0.0277631469071, 0.0277059599757, 0.0426804199815, 0.0400452800095, 0.0324280112982, 0.0286919567734, 0.0207888688892, 0.0197117049247, 0.0230662245303, 0.0224582720548, 0.105186484754, 0.378692299128, 0.43089184165, 0.389553874731, 0.144441664219, 0.0379038117826, 0.0166928693652, 0.0423766486347, 0.0511563643813, 0.0320038720965, 0.0678573176265, 0.111946471035, 0.0874391794205, 0.0464004948735, 0.0333824008703, 0.0192736405879, 0.0200995802879, 0.0289427991956, 0.036715336144, 0.0325665548444]
        dvar: [0.00104374391958, 0.00829758867621, 0.0333198159933, 0.0668543577194, 0.0206875093281, 0.00519071053714, 0.00126240635291, 0.00735476333648, 0.00753621943295, 0.00231573614292, 0.00124598294497, 0.000816165935248, 0.000462363153929, 0.000466543628136, 0.000657807569951, 0.000608311966062, 0.00620712991804, 0.0394433885813, 0.0679773837328, 0.0388709977269, 0.0202222876251, 0.00143836252391, 0.000251755816862, 0.00178803445306, 0.00282713980414, 0.00105760956649, 0.0057082567364, 0.0142959179357, 0.0127547457814, 0.00219735200517, 0.00141813256778, 0.000325018889271, 0.000362462771591, 0.000857839535456, 0.00149990082718, 0.00130366673693]
        dvar2: [0.00232884404249, 0.0148825151846, 0.0848013460636, 0.16356344521, 0.0575118809938, 0.013294137083, 0.00283643277362, 0.00813832879066, 0.0104556828737, 0.00657564448193, 0.00362210581079, 0.00231618969701, 0.00123623863328, 0.00119435100351, 0.00172718381509, 0.00164048047736, 0.0171851757914, 0.0920221731067, 0.152072608471, 0.10033851862, 0.0565696880221, 0.00400989782065, 0.000722787051927, 0.00536092743278, 0.00817297119647, 0.0028998258058, 0.0129177225754, 0.0340591855347, 0.0387323014438, 0.00601679924875, 0.00381801906042, 0.000912373827305, 0.00104265741538, 0.00252356100827, 0.0043462747708, 0.00365940085612]
        max: [0.249793842435, 0.939153015614, 0.946982979774, 1, 1, 0.534535706043, 0.295560896397, 1, 0.9342841506, 0.404557973146, 0.293612480164, 0.207202523947, 0.178444325924, 0.195915102959, 0.198911547661, 0.182944104075, 0.440264284611, 1, 1, 1, 0.902476668358, 0.295928388834, 0.107026107609, 0.2651219666, 0.381391257048, 0.255586594343, 0.540185749531, 1, 0.948706448078, 0.34435158968, 0.290534585714, 0.128157019615, 0.128199726343, 0.192989319563, 0.273921579123, 0.234908372164]
        mean: [0.0213128905743, 0.0480932220817, 0.451281040907, 0.762426912785, 0.373291492462, 0.0385860949755, 0.0220548491925, 0.0258574616164, 0.0367588028312, 0.0308224689215, 0.0249843262136, 0.0244490560144, 0.018622038886, 0.0172664672136, 0.0195621270686, 0.0174673870206, 0.0533985160291, 0.378691732883, 0.605908811092, 0.334254175425, 0.0825313851237, 0.0269029866904, 0.0146510731429, 0.0321511514485, 0.0395695753396, 0.0268469955772, 0.0569823570549, 0.0961170718074, 0.0644636526704, 0.0350823923945, 0.0291442237794, 0.016656095162, 0.0157052576542, 0.0199713576585, 0.0266016088426, 0.0251807570457]
        min: [0.000172367086634, 0.000194807566004, 0.00308364583179, 0.0517842546105, 0.000984990503639, 0.000156844791491, 0.000185258904821, 0.000153826564201, 0.000345511594787, 0.000402609497542, 0.000233116748859, 0.000215965934331, 9.95995869744e-05, 0, 0, 0, 0, 0.00172151473816, 0.00526529876515, 0.00568356597796, 0.000307973183226, 0.000146048143506, 0, 0, 0, 0.00020444249094, 0.00174433842767, 0.00220317323692, 0.00073969893856, 0, 0, 0.000168670958374, 0.000219254521653, 0.000233817219851, 0.000227249372983, 0.00022684209398]
        var: [0.00123384210747, 0.00812416151166, 0.0499796420336, 0.095328129828, 0.0317600294948, 0.00434433482587, 0.00136877200566, 0.00741052534431, 0.0075068147853, 0.00202219560742, 0.0012593033025, 0.00105925381649, 0.000627239583991, 0.00058664707467, 0.000824200920761, 0.000722546305042, 0.00537834502757, 0.092597015202, 0.142452895641, 0.0687539353967, 0.0165464933962, 0.00149361218791, 0.000373611197574, 0.00205389317125, 0.00321415183134, 0.00134461210109, 0.00638542696834, 0.0191248711199, 0.010131733492, 0.00252601434477, 0.00185504951514, 0.000459947157651, 0.000412280089222, 0.000856067752466, 0.00155287329108, 0.00136276741978]
    chords_histogram: [100, 0, 0, 0, 0, 0, 0, 0, 0, 0, 0, 0, 0, 0, 0, 0, 0, 0, 0, 0, 0, 0, 0, 0]
    thpcp: [1, 0.489609539509, 0.0506095662713, 0.0289271660149, 0.0339146740735, 0.0482128858566, 0.0404267832637, 0.0327694714069, 0.0320674106479, 0.0244246870279, 0.0226467177272, 0.0256577078253, 0.0229102447629, 0.0700375512242, 0.496692508459, 0.794710695744, 0.43840816617, 0.108248256147, 0.0352859869599, 0.0192163642496, 0.0421694852412, 0.0518995001912, 0.0352125503123, 0.0747381225228, 0.126067265868, 0.0845505967736, 0.0460141040385, 0.0382255986333, 0.021846152842, 0.0205990336835, 0.0261944551021, 0.0348907001317, 0.0330271087587, 0.0279540121555, 0.0630791261792, 0.591900706291]
    chords_key: "D#"
    chords_scale: "minor"
    key_key: "D#"
    key_scale: "minor"
    chords_progression: ["D#m", "D#m", "D#m", "D#m", "D#m", "D#m", "D#m", "D#m", "D#m", "D#m", "D#m", "D#m", "D#m", "D#m", "D#m", "D#m", "D#m", "D#m", "D#m", "D#m", "D#m", "D#m", "D#m", "D#m", "D#m", "D#m", "D#m", "D#m", "D#m", "D#m", "D#m", "D#m", "D#m", "D#m", "D#m", "D#m", "D#m", "D#m", "D#m", "D#m", "D#m", "D#m", "D#m", "D#m", "D#m", "D#m", "D#m", "D#m", "D#m", "D#m", "D#m", "D#m", "D#m", "D#m", "D#m", "D#m", "D#m", "D#m", "D#m", "D#m", "D#m", "D#m", "D#m", "D#m", "D#m", "D#m", "D#m", "D#m", "D#m", "D#m", "D#m", "D#m", "D#m", "D#m", "D#m", "D#m", "D#m", "D#m", "D#m", "D#m", "D#m", "D#m", "D#m", "D#m", "D#m", "D#m", "D#m", "D#m", "D#m", "D#m", "D#m", "D#m", "D#m", "D#m", "D#m", "D#m", "D#m", "D#m", "D#m", "D#m", "D#m", "D#m", "D#m", "D#m", "D#m", "D#m", "D#m", "D#m", "D#m", "D#m", "D#m", "D#m", "D#m", "D#m", "D#m", "D#m", "D#m", "D#m", "D#m", "D#m", "D#m", "D#m", "D#m", "D#m", "D#m", "D#m", "D#m", "D#m", "D#m", "D#m", "D#m", "D#m", "D#m", "D#m", "D#m", "D#m", "D#m", "D#m", "D#m", "D#m", "D#m", "D#m"]
