
metadata:
    version:
        essentia: "1.2.2"
    audio_properties:
        analysis_sample_rate: 44100
        bitrate: 128
        channels: 2
        equal_loudness: 1
        length: 10.0310201645
        replay_gain: -1.02552223206
        downmix: "mix"
    tags:
        track: 5
        year: 0
        album: "Splitted by Mp3Splt v. 2.1"
        artist: "From 000.40 To 000.50"
        comment: "http://mp3splt.sf.net"
        genre: ""
        title: "02 Passage North.mp3"

highlevel:
    ballroom:
        all:
            ChaChaCha: 6.81594974594e-05
            Jive: 5.26826297573e-05
            Quickstep: 0.000111246961751
            Rumba-American: 0.00124461541418
            Rumba-International: 0.00424181809649
            Rumba-Misc: 0.0148996850476
            Samba: 9.03297914192e-05
            Tango: 0.00263314554468
            VienneseWaltz: 0.0180145353079
            Waltz: 0.95864379406
        probability: 0.95864379406
        value: "Waltz"
    culture:
        all:
            non_western: 0.811963796616
            western: 0.188036233187
        probability: 0.811963796616
        value: "non_western"
    gender:
        all:
            female: 0.729026317596
            male: 0.270973652601
        probability: 0.729026317596
        value: "female"
    genre_dortmund:
        all:
            alternative: 0.0428805164993
            blues: 0.000438635383034
            electronic: 0.804920494556
            folkcountry: 0.0223912373185
            funksoulrnb: 0.00111407798249
            jazz: 0.108045712113
            pop: 0.0155800785869
            raphiphop: 0.000404697406339
            rock: 0.00422453088686
        probability: 0.804920494556
        value: "electronic"
    genre_electronica:
        all:
            ambient: 0.997667908669
            dnb: 0.000136576927616
            house: 0.000582284817938
            techno: 0.000856746104546
            trance: 0.00075649243081
        probability: 0.997667908669
        value: "ambient"
    genre_rosamerica:
        all:
            cla: 0.372470378876
            dan: 0.0153699070215
            hip: 0.00938806589693
            jaz: 0.502213656902
            pop: 0.0114962626249
            rhy: 0.0455697514117
            roc: 0.0402716249228
            spe: 0.00322035490535
        probability: 0.502213656902
        value: "jaz"
    genre_tzanetakis:
        all:
            blu: 0.102549567819
            cla: 0.5457675457
            cou: 0.0213123857975
            dis: 0.0233419965953
            hip: 0.028577901423
            jaz: 0.113095998764
            met: 0.0230337213725
            pop: 0.0369565971196
            reg: 0.0743247494102
            roc: 0.0310395304114
        probability: 0.5457675457
        value: "cla"
    live_studio:
        all:
            live: 0.352952182293
            studio: 0.647047817707
        probability: 0.647047817707
        value: "studio"
    mood:
        all:
            Cluster1: 0.023048536852
            Cluster2: 0.00373839144595
            Cluster3: 0.970093786716
            Cluster4: 0.00203879596666
            Cluster5: 0.00108047644608
        probability: 0.970093786716
        value: "Cluster3"
    mood_acoustic:
        all:
            acoustic: 0.267091065645
            not_acoustic: 0.732908964157
        probability: 0.732908964157
        value: "not_acoustic"
    mood_aggressive:
        all:
            aggressive: 0.00341628841124
            not_aggressive: 0.99658370018
        probability: 0.99658370018
        value: "not_aggressive"
    mood_electronic:
        all:
            electronic: 0.825750470161
            not_electronic: 0.17424954474
        probability: 0.825750470161
        value: "electronic"
    mood_happy:
        all:
            happy: 0.0332909934223
            not_happy: 0.966709017754
        probability: 0.966709017754
        value: "not_happy"
    mood_party:
        all:
            not_party: 0.98567533493
            party: 0.0143246380612
        probability: 0.98567533493
        value: "not_party"
    mood_relaxed:
        all:
            not_relaxed: 0.10811188817
            relaxed: 0.891888082027
        probability: 0.891888082027
        value: "relaxed"
    mood_sad:
        all:
            not_sad: 0.0558358728886
            sad: 0.944164097309
        probability: 0.944164097309
        value: "sad"
    rhythm:
        all:
            fast: 0.0397040061653
            medium: 0.343990206718
            slow: 0.616305828094
        probability: 0.616305828094
        value: "slow"
    speech_music:
        all:
            music: 0.99652659893
            speech: 0.00347339175642
        probability: 0.99652659893
        value: "music"
    timbre:
        all:
            bright: 0.187955677509
            dark: 0.812044322491
        probability: 0.812044322491
        value: "dark"
    voice_instrumental:
        all:
            instrumental: 0.994934201241
            voice: 0.00506580946967
        probability: 0.994934201241
        value: "instrumental"

lowlevel:
    average_loudness: 0.28975635767
    barkbands_kurtosis:
        dmean: 47.3940849304
        dmean2: 89.3623657227
        dvar: 11064.3007812
        dvar2: 37287.0351562
        max: 895.60345459
        mean: 65.8210830688
        min: -1.83130693436
        var: 9401.05957031
    barkbands_skewness:
        dmean: 1.69632124901
        dmean2: 3.13867354393
        dvar: 5.30675792694
        dvar2: 17.7868118286
        max: 19.2866535187
        mean: 1.07453274727
        min: -8.3707485199
        var: 20.2695293427
    barkbands_spread:
        dmean: 0.416398823261
        dmean2: 0.738365232944
        dvar: 0.369612008333
        dvar2: 1.06735873222
        max: 12.5241041183
        mean: 1.57219171524
        min: 0.0614068359137
        var: 5.57039499283
    dissonance:
        dmean: 0.0753337964416
        dmean2: 0.132989302278
        dvar: 0.00458220159635
        dvar2: 0.0135213537142
        max: 0.494830071926
        mean: 0.276604115963
        min: 0.0547026470304
        var: 0.00870761554688
    hfc:
        dmean: 0.587636530399
        dmean2: 1.05442392826
        dvar: 2.02161550522
        dvar2: 6.44842720032
        max: 15.6779346466
        mean: 1.47144973278
        min: 0.00436209607869
        var: 8.51890182495
    pitch:
        dmean: 98.6280517578
        dmean2: 184.017852783
        dvar: 45334.4726562
        dvar2: 117218.242188
        max: 1002.27270508
        mean: 315.883026123
        min: 43.108505249
        var: 74550.171875
    pitch_instantaneous_confidence:
        dmean: 0.0450261980295
        dmean2: 0.0799677297473
        dvar: 0.00255679851398
        dvar2: 0.00756079703569
        max: 0.973421156406
        mean: 0.818650841713
        min: 0.486350357533
        var: 0.00798952113837
    pitch_salience:
        dmean: 0.0486388131976
        dmean2: 0.0842568427324
        dvar: 0.00196383474395
        dvar2: 0.00498191779479
        max: 0.517253816128
        mean: 0.223915532231
        min: 0.0271026287228
        var: 0.0215716026723
    silence_rate_20dB:
        dmean: 0
        dmean2: 0
        dvar: 0
        dvar2: 0
        max: 1
        mean: 1
        min: 1
        var: 0
    silence_rate_30dB:
        dmean: 0
        dmean2: 0
        dvar: 0
        dvar2: 0
        max: 1
        mean: 1
        min: 1
        var: 0
    silence_rate_60dB:
        dmean: 0.0139211136848
        dmean2: 0.0279069766402
        dvar: 0.0137273231521
        dvar2: 0.031779281795
        max: 1
        mean: 0.826388895512
        min: 0
        var: 0.143469661474
    spectral_centroid:
        dmean: 22.8412418365
        dmean2: 38.9744491577
        dvar: 928.614746094
        dvar2: 2646.3215332
        max: 987.249938965
        mean: 503.962127686
        min: 129.450164795
        var: 134002.84375
    spectral_complexity:
        dmean: 0.228438228369
        dmean2: 0.413551390171
        dvar: 0.213550716639
        dvar2: 0.541589677334
        max: 6
        mean: 1.75581395626
        min: 0
        var: 2.24035549164
    spectral_crest:
        dmean: 2.55488753319
        dmean2: 4.38468122482
        dvar: 4.70117712021
        dvar2: 14.2479696274
        max: 26.4174957275
        mean: 20.1084861755
        min: 9.31332778931
        var: 16.3075122833
    spectral_decrease:
        dmean: 2.00277253115e-10
        dmean2: 3.69136415879e-10
        dvar: 1.24399937891e-19
        dvar2: 4.0686005462e-19
        max: -4.72218011222e-12
        mean: -4.85152862328e-10
        min: -3.98599420137e-09
        var: 5.58803103581e-19
    spectral_energy:
        dmean: 0.000808971526567
        dmean2: 0.00148882949725
        dvar: 2.11210635825e-06
        dvar2: 6.88688351147e-06
        max: 0.0164660755545
        mean: 0.00196454091929
        min: 1.86160614248e-05
        var: 9.48485012486e-06
    spectral_energyband_high:
        dmean: 9.70272662215e-09
        dmean2: 1.47236312031e-08
        dvar: 3.9797567741e-15
        dvar2: 3.99270579028e-15
        max: 1.34363017423e-06
        mean: 4.15995344838e-08
        min: 1.91270537186e-08
        var: 4.16238597138e-15
    spectral_energyband_low:
        dmean: 9.91185661405e-05
        dmean2: 0.000191165148863
        dvar: 4.12158698282e-08
        dvar2: 1.49621072865e-07
        max: 0.00132993329316
        mean: 0.000110884720925
        min: 1.36229640901e-08
        var: 4.45028440765e-08
    spectral_energyband_middle_high:
        dmean: 0.000562529894523
        dmean2: 0.00100175256375
        dvar: 2.12371605812e-06
        dvar2: 6.78689457345e-06
        max: 0.0157338120043
        mean: 0.00138838647399
        min: 4.25072421706e-08
        var: 8.55470170791e-06
    spectral_energyband_middle_low:
        dmean: 0.000197237881366
        dmean2: 0.000362029502867
        dvar: 1.03837216159e-07
        dvar2: 3.53024290689e-07
        max: 0.00329459481873
        mean: 0.000465226650704
        min: 3.75081935999e-06
        var: 3.56213291752e-07
    spectral_flatness_db:
        dmean: 0.0333711504936
        dmean2: 0.0604502335191
        dvar: 0.000897142803296
        dvar2: 0.00251361750998
        max: 0.668361961842
        mean: 0.464850604534
        min: 0.224920094013
        var: 0.0057245278731
    spectral_flux:
        dmean: 0.00475691212341
        dmean2: 0.00693424092606
        dvar: 3.63831968571e-05
        dvar2: 9.4173119578e-05
        max: 0.0839722529054
        mean: 0.0125819090754
        min: 0.00104906398337
        var: 0.000153296336066
    spectral_kurtosis:
        dmean: 12.247004509
        dmean2: 21.4187088013
        dvar: 169.326049805
        dvar2: 496.715698242
        max: 209.57901001
        mean: 59.6643104553
        min: 4.07379102707
        var: 2187.37670898
    spectral_rms:
        dmean: 0.000241667803493
        dmean2: 0.000445821147878
        dvar: 7.38749719176e-08
        dvar2: 2.48358276167e-07
        max: 0.004008049611
        mean: 0.00108499405906
        min: 0.000134766509291
        var: 7.39412485018e-07
    spectral_rolloff:
        dmean: 13.5021715164
        dmean2: 26.4133911133
        dvar: 7732.63476562
        dvar2: 21716.1269531
        max: 1012.06054688
        mean: 574.687072754
        min: 129.19921875
        var: 167078.140625
    spectral_skewness:
        dmean: 0.672779619694
        dmean2: 1.19299292564
        dvar: 0.373979568481
        dvar2: 1.04170334339
        max: 12.0988588333
        mean: 6.27519321442
        min: 2.21968913078
        var: 4.96165084839
    spectral_spread:
        dmean: 542178.9375
        dmean2: 940259.8125
        dvar: 1.38490413056e+12
        dvar2: 1.87073704755e+12
        max: 24506870
        mean: 2349074.5
        min: 412007.96875
        var: 2.26359456563e+12
    spectral_strongpeak:
        dmean: 0.168639048934
        dmean2: 0.285173773766
        dvar: 0.115833006799
        dvar2: 0.311219602823
        max: 4.52628040314
        mean: 0.725063443184
        min: 0.0166059564799
        var: 0.931192815304
    zerocrossingrate:
        dmean: 0.000872987671755
        dmean2: 0.00128230871633
        dvar: 1.62041590102e-06
        dvar2: 2.33973469221e-06
        max: 0.04541015625
        mean: 0.0242312401533
        min: 0.00390625
        var: 0.000307120906655
    barkbands:
        dmean: [1.50373082874e-08, 3.96216449872e-07, 9.91484848782e-05, 0.000159031726071, 3.66290100828e-06, 1.56727346621e-05, 2.15122272493e-05, 2.7497559131e-05, 1.25197243506e-06, 0.000136877613841, 0.000573294586502, 2.10858019045e-07, 6.58100248074e-07, 4.19886504233e-07, 3.63658081426e-08, 2.07184189804e-08, 5.69848168652e-08, 1.51106185342e-08, 9.56396117857e-09, 7.94380117242e-09, 4.5187364961e-09, 2.10722639338e-09, 8.9671992054e-10, 6.70289435067e-10, 6.31758312331e-10, 4.2537859346e-10, 4.33300645364e-10]
        dmean2: [1.6755791421e-08, 6.21534468337e-07, 0.000191230734345, 0.000299469393212, 5.89690353081e-06, 2.55215963989e-05, 3.58295583283e-05, 3.43880092259e-05, 2.16630701289e-06, 0.000237841086346, 0.00100649415981, 3.57939541118e-07, 1.08240669761e-06, 7.19385809589e-07, 5.93992055542e-08, 3.6595267261e-08, 1.0183882182e-07, 2.5254760061e-08, 1.64175730788e-08, 1.34036133304e-08, 7.37728322875e-09, 3.32755933918e-09, 1.28277610756e-09, 8.82033113214e-10, 8.22532153499e-10, 4.82325623885e-10, 4.80052109175e-10]
        dvar: [4.20396681876e-14, 5.05063764249e-13, 4.12414280504e-08, 1.05580532761e-07, 5.06744021744e-11, 1.68215652518e-09, 3.12152814708e-09, 5.1463131534e-09, 1.1162022695e-11, 1.45160782949e-07, 2.2030819764e-06, 2.92536204679e-13, 2.53331600489e-12, 1.11443666795e-12, 5.86162639016e-15, 2.41571763678e-15, 2.39832821978e-14, 1.06036423013e-15, 2.3375491483e-16, 2.05097103542e-16, 1.14207556626e-16, 8.1536853958e-17, 6.83512707391e-17, 5.98476489013e-17, 5.43154616558e-17, 5.32512474756e-17, 6.0338352293e-17]
        dvar2: [4.15354735198e-14, 7.28518536729e-13, 1.49741083533e-07, 3.6172340856e-07, 9.53994105934e-11, 4.37253433461e-09, 9.59497281627e-09, 7.98203014796e-09, 3.15810363971e-11, 4.4701994284e-07, 6.71282896292e-06, 8.54083947663e-13, 7.65022073468e-12, 3.15614374913e-12, 1.57084496235e-14, 7.30955636866e-15, 7.53254067194e-14, 2.84162676672e-15, 4.26330925883e-16, 3.17981488825e-16, 1.30492254728e-16, 8.46201796175e-17, 6.89788559786e-17, 5.95788549069e-17, 5.44767188619e-17, 5.34921754096e-17, 6.0554411869e-17]
        max: [4.29714509664e-06, 1.73753051058e-05, 0.00132863817271, 0.00326310005039, 0.000133705849294, 0.000550332595594, 0.000738190312404, 0.000827351177577, 3.58481083822e-05, 0.00397742073983, 0.0143844243139, 6.24690892437e-06, 1.5389510736e-05, 1.36028966153e-05, 7.84457711234e-07, 5.41456756764e-07, 1.82892802059e-06, 3.77530369633e-07, 2.54178360137e-07, 2.73358210734e-07, 2.23875815664e-07, 1.93133857351e-07, 1.73219305566e-07, 1.62119505376e-07, 1.54119973672e-07, 1.51417779648e-07, 1.61102093443e-07]
        mean: [1.68279719048e-08, 5.91205150613e-07, 0.000110281805974, 0.000313945085509, 7.2954553616e-06, 3.51949493052e-05, 5.11369980813e-05, 5.42897141713e-05, 2.54998099081e-06, 0.000243334259721, 0.00114279822446, 4.13632449181e-07, 1.32195748392e-06, 9.88240913102e-07, 7.80447138027e-08, 4.58395597036e-08, 1.39556064482e-07, 4.22203427775e-08, 2.70438462735e-08, 2.30720811345e-08, 1.60199675747e-08, 7.00344182647e-09, 2.50895437759e-09, 1.89430182651e-09, 1.76965098131e-09, 5.35913757815e-10, 4.2447617643e-10]
        min: [2.02555749951e-11, 1.67409475171e-09, 2.77415823646e-09, 1.34331852308e-08, 4.4319520498e-08, 2.66949449212e-08, 1.11480042975e-08, 1.69557468066e-09, 1.50280843325e-09, 1.0375760251e-09, 3.40938943744e-10, 5.78386449845e-10, 2.27711988154e-10, 4.28177382439e-10, 6.35804742188e-10, 1.11013942483e-09, 1.78669823381e-09, 3.36960925829e-09, 6.11282446883e-09, 6.10353501074e-09, 4.51907533616e-09, 2.99543856386e-09, 9.88174542194e-10, 7.47224615516e-10, 7.02864155766e-10, 5.71255577564e-11, 5.20176858131e-14]
        var: [4.28552491074e-14, 1.16594917315e-12, 4.43801937422e-08, 3.4008994021e-07, 1.0547789725e-10, 7.16792980526e-09, 1.33012596493e-08, 1.75242451661e-08, 3.19801199411e-11, 3.80381322884e-07, 6.06119601798e-06, 8.59509186914e-13, 8.34353853368e-12, 5.11472721815e-12, 2.00832917869e-14, 8.60289521099e-15, 9.4527575871e-14, 5.07336905912e-15, 7.3739437899e-16, 3.20483677091e-16, 1.48775513834e-16, 8.64485928784e-17, 6.83978774036e-17, 6.00586726017e-17, 5.4277394804e-17, 5.30857385612e-17, 6.0199280071e-17]
    mfcc:
        mean: [-1076.98742676, 190.925384521, 20.8317337036, 26.3994503021, -27.3229103088, -7.12175655365, 13.3996725082, 5.94789457321, -2.66558074951, -22.509305954, -23.6536693573, -17.1188468933, -3.73433947563]
        cov: [[4841.06152344, 2139.32592773, -2813.28198242, -3576.47729492, -2121.47729492, -1060.55895996, -350.248291016, 42.6677970886, -63.5009231567, -141.294815063, 189.330169678, 572.577453613, 729.218444824], [2139.32592773, 1040.51098633, -1151.38464355, -1480.10266113, -894.727172852, -473.12612915, -144.610519409, 52.8759727478, -4.6067700386, -57.7290420532, 85.9546203613, 239.167755127, 283.132263184], [-2813.28198242, -1151.38464355, 2049.78344727, 2628.44018555, 1627.23498535, 749.279052734, 253.698944092, 44.4082946777, 83.7529754639, 120.270561218, -75.9580230713, -369.076080322, -569.84161377], [-3576.47729492, -1480.10266113, 2628.44018555, 3495.56274414, 2238.90161133, 1034.66345215, 327.572235107, 20.178155899, 78.1719055176, 154.206863403, -70.55027771, -448.480621338, -731.557861328], [-2121.47729492, -894.727172852, 1627.23498535, 2238.90161133, 1545.49633789, 759.597106934, 255.741699219, 15.1768980026, 23.3622646332, 75.0932846069, -44.0629615784, -264.088043213, -440.458984375], [-1060.55895996, -473.12612915, 749.279052734, 1034.66345215, 759.597106934, 489.589477539, 250.936767578, 68.2701034546, 13.3461303711, -10.724442482, -82.5199508667, -145.693878174, -164.263870239], [-350.248291016, -144.610519409, 253.698944092, 327.572235107, 255.741699219, 250.936767578, 240.429138184, 143.015853882, 41.5510406494, -44.9261398315, -90.8368682861, -73.1469497681, -19.907207489], [42.6677970886, 52.8759727478, 44.4082946777, 20.178155899, 15.1768980026, 68.2701034546, 143.015853882, 159.39239502, 71.1120986938, -24.7690830231, -52.3145980835, -29.4451217651, 11.3536911011], [-63.5009231567, -4.6067700386, 83.7529754639, 78.1719055176, 23.3622646332, 13.3461303711, 41.5510406494, 71.1120986938, 69.9105911255, 22.2717037201, -13.5208673477, -26.8357563019, -23.021894455], [-141.294815063, -57.7290420532, 120.270561218, 154.206863403, 75.0932846069, -10.724442482, -44.9261398315, -24.7690830231, 22.2717037201, 59.8155555725, 36.2778587341, -9.85253715515, -48.3690681458], [189.330169678, 85.9546203613, -75.9580230713, -70.55027771, -44.0629615784, -82.5199508667, -90.8368682861, -52.3145980835, -13.5208673477, 36.2778587341, 86.0494308472, 61.2008857727, 4.02067947388], [572.577453613, 239.167755127, -369.076080322, -448.480621338, -264.088043213, -145.693878174, -73.1469497681, -29.4451217651, -26.8357563019, -9.85253715515, 61.2008857727, 117.824165344, 106.955307007], [729.218444824, 283.132263184, -569.84161377, -731.557861328, -440.458984375, -164.263870239, -19.907207489, 11.3536911011, -23.021894455, -48.3690681458, 4.02067947388, 106.955307007, 199.556137085]]
        icov: [[0.00758218998089, -0.00933413859457, 0.00314499391243, 0.00583670055494, -0.00721853785217, 0.00132159830537, 0.00060893088812, -0.00230361637659, 0.00063211703673, -0.00248534861021, -0.000397627794882, -0.00214775209315, 0.00189071719069], [-0.00933413859457, 0.0168207865208, -0.00213854410686, -0.00301108928397, 0.00241763191298, 0.00428677070886, -0.00249947165139, -0.00103426887654, -0.00146133732051, 0.00527554191649, -0.00122192397248, 0.000134986257763, 0.00283489981666], [0.00314499391243, -0.00213854410686, 0.0325601436198, -0.0264176689088, 0.0119538148865, -0.0035517248325, 0.00297560868785, -0.0107186073437, 0.00514165079221, -0.00417730398476, 0.0016443337081, 0.00294633139856, 0.0100093726069], [0.00583670055494, -0.00301108928397, -0.0264176689088, 0.0473124496639, -0.0406402684748, 0.0185486096889, -0.011562468484, 0.00888861250132, -0.00886023789644, 0.00165891472716, -0.00443829875439, -0.00297798099928, 0.005924298428], [-0.00721853785217, 0.00241763191298, 0.0119538148865, -0.0406402684748, 0.0550444982946, -0.0414470769465, 0.0203463304788, -0.00883919093758, 0.0115347364917, -0.00383451208472, -0.000650641100947, -0.000879383471329, -0.00110652402509], [0.00132159830537, 0.00428677070886, -0.0035517248325, 0.0185486096889, -0.0414470769465, 0.0603308565915, -0.0439868196845, 0.0200308356434, -0.00792459677905, 0.00628119288012, 0.000902233878151, 0.0035775534343, -0.00173145311419], [0.00060893088812, -0.00249947165139, 0.00297560868785, -0.011562468484, 0.0203463304788, -0.0439868196845, 0.0656468346715, -0.0426840297878, 0.0129445139319, -0.000777144858148, 0.0109887905419, -0.00305062462576, -0.0121724689379], [-0.00230361637659, -0.00103426887654, -0.0107186073437, 0.00888861250132, -0.00883919093758, 0.0200308356434, -0.0426840297878, 0.0599175654352, -0.0424907505512, 0.0202641543001, -0.00766315264627, 0.00343958265148, -0.00050508644199], [0.00063211703673, -0.00146133732051, 0.00514165079221, -0.00886023789644, 0.0115347364917, -0.00792459677905, 0.0129445139319, -0.0424907505512, 0.0681034103036, -0.0425832010806, 0.0132113806903, -0.00169503549114, 0.00278745382093], [-0.00248534861021, 0.00527554191649, -0.00417730398476, 0.00165891472716, -0.00383451208472, 0.00628119288012, -0.000777144858148, 0.0202641543001, -0.0425832010806, 0.0688080638647, -0.0343279875815, 0.0173227228224, -0.00560112670064], [-0.000397627794882, -0.00122192397248, 0.0016443337081, -0.00443829875439, -0.000650641100947, 0.000902233878151, 0.0109887905419, -0.00766315264627, 0.0132113806903, -0.0343279875815, 0.0677974745631, -0.0459239184856, 0.00890175066888], [-0.00214775209315, 0.000134986257763, 0.00294633139856, -0.00297798099928, -0.000879383471329, 0.0035775534343, -0.00305062462576, 0.00343958265148, -0.00169503549114, 0.0173227228224, -0.0459239184856, 0.0647944808006, -0.0241421777755], [0.00189071719069, 0.00283489981666, 0.0100093726069, 0.005924298428, -0.00110652402509, -0.00173145311419, -0.0121724689379, -0.00050508644199, 0.00278745382093, -0.00560112670064, 0.00890175066888, -0.0241421777755, 0.0510510057211]]
    spectral_contrast:
        mean: [-5.34427556431e-07, 8.77998971305e-08, -3.89855953076e-10, 5.85996815516e-08, -8.71024852245e-08, -4.61849367639e-08, 2.2342039756e-06, 3.81026165996e-06, 2.73183331956e-06, 1.98869861379e-06, 9.48129695644e-07, -3.23861149809e-06]
        var: [3.13429009111e-05, 9.90483531496e-05, 0.000499489135109, 0.00226333504543, 0.00459053367376, 0.00656831264496, 0.0158634968102, 0.0306170750409, 0.0672417208552, 0.121897853911, 0.523697197437, 4.57071638107]

rhythm:
    beats_loudness:
        dmean: 0.00108985044062
        dmean2: 0.0016864821082
        dvar: 3.61682600669e-06
        dvar2: 1.10247219709e-05
        max: 0.0109117170796
        mean: 0.00148037809413
        min: 1.9011358745e-05
        var: 4.7469798119e-06
    beats_loudness_bass:
        dmean: 0.0492618605494
        dmean2: 0.0719653069973
        dvar: 0.0114204026759
        dvar2: 0.0121227968484
        max: 0.992278516293
        mean: 0.468614369631
        min: 0.000100893790659
        var: 0.192801102996
    bpm: 165.53717041
    bpm_confidence: 0
    first_peak_bpm: 167
    first_peak_spread: 0.399999976158
    first_peak_weight: 0.576923072338
    onset_rate: 2.29288744926
    second_peak_bpm: 138
    second_peak_spread: 0
    second_peak_weight: 0.0384615398943
    beats_position: [0.354542672634, 0.714890301228, 1.07523798943, 1.43558561802, 1.79593324661, 2.156280756, 2.51662826538, 2.87697601318, 3.23732352257, 3.59767103195, 3.95801854134, 4.31836605072, 4.67871379852, 5.03906154633, 5.39940881729, 5.75975656509, 6.19374990463, 6.55728530884, 6.92082023621, 7.28435516357, 7.64789009094, 8.01142597198, 8.37495994568, 8.73849582672, 9.10203075409, 9.46556568146, 9.82910060883]
    bpm_estimates: [166.505859375, 163.990814209, 166.114822388]
    bpm_intervals: [0.360347628593, 0.360347688198, 0.360347628593, 0.360347628593, 0.360347509384, 0.360347509384, 0.360347747803, 0.360347509384, 0.360347509384, 0.360347509384, 0.360347509384, 0.360347747803, 0.360347747803, 0.360347270966, 0.360347747803, 0.433993339539, 0.363535404205, 0.363534927368, 0.363534927368, 0.363534927368, 0.363535881042, 0.363533973694, 0.363535881042, 0.363534927368, 0.363534927368, 0.363534927368]
    onset_times: [0.0812698379159, 0.568888902664, 0.673378705978, 0.882358253002, 1.06811785698, 1.369977355, 1.59056687355, 1.69505667686, 2.11301589012, 2.36843538284, 6.14167785645, 6.38548755646, 7.2330160141, 8.25469398499, 8.32435417175, 8.48689365387, 8.56816291809, 8.8119726181, 9.04417228699, 9.33442211151, 9.70594120026, 9.78721046448, 10.0310201645]
    rubato_start: []
    rubato_stop: []
    perceptual_tempo: "unknown"

sfx:
    inharmonicity:
        dmean: 0.0227952413261
        dmean2: 0.0407303832471
        dvar: 0.00241376250051
        dvar2: 0.00692865718156
        max: 0.404759287834
        mean: 0.017151074484
        min: 4.11509049059e-08
        var: 0.00185933033936
    oddtoevenharmonicenergyratio:
        dmean: 730.034729004
        dmean2: 1434.46179199
        dvar: 32930734
        dvar2: 97644496
        max: 68596.1953125
        mean: 382.995239258
        min: 2.54438617731e-07
        var: 17021464
    pitch_after_max_to_before_max_energy_ratio: 2.56014752388
    pitch_centroid: 171.728469849
    pitch_max_to_total: 0.258139520884
    pitch_min_to_total: 0.679069757462
    tristimulus:
        dmean: [0.221397101879, 0.223555162549, 0.0109227942303]
        dmean2: [0.403369575739, 0.409026443958, 0.0200315322727]
        dvar: [0.101615913212, 0.10634920001, 0.000498035631608]
        dvar2: [0.267546445131, 0.277081102133, 0.00153029721696]
        max: [0.998314321041, 0.994717538357, 0.158690571785]
        mean: [0.761050820351, 0.21930231154, 0.00925060454756]
        min: [0.00142993999179, 0, 0]
        var: [0.118514731526, 0.116196811199, 0.000352716859197]

tonal:
    chords_changes_rate: 0.0231481473893
    chords_number_rate: 0.0231481473893
    chords_strength:
        dmean: 0.00683599244803
        dmean2: 0.00429736636579
        dvar: 2.10864345718e-05
        dvar2: 1.63659569807e-05
        max: 0.723443329334
        mean: 0.507555782795
        min: 0.21203096211
        var: 0.01485197898
    key_strength: 0.447806417942
    tuning_diatonic_strength: 0.371439516544
    tuning_equal_tempered_deviation: 0.120287999511
    tuning_frequency: 442.293365479
    tuning_nontempered_energy_ratio: 0.70073056221
    hpcp:
        dmean: [0.000900163082406, 0.00348500418477, 0.00934689305723, 0.00757326930761, 0.0265824049711, 0.0655642598867, 0.0422308817506, 0.118698693812, 0.120279997587, 0.126483261585, 0.0831573158503, 0.0381003841758, 0.0316241830587, 0.0191267542541, 0.00864728260785, 0.0256648529321, 0.112771347165, 0.126971319318, 0.0989274010062, 0.111385047436, 0.0133106531575, 0.000406280043535, 0.00130700948648, 0.00189549976494, 0.00104964361526, 0.000486241915496, 0.000544193841051, 0.000499907648191, 0.00375834479928, 0.0104553569108, 0.00851904135197, 0.0187057740986, 0.0453943647444, 0.0345686674118, 0.0165135525167, 0.00199036416598]
        dmean2: [0.00161627051421, 0.0056856055744, 0.0149618433788, 0.0131747201085, 0.0457301661372, 0.0922223329544, 0.0726084113121, 0.174380615354, 0.192735031247, 0.217802837491, 0.152500897646, 0.0750594884157, 0.0626409947872, 0.0350742973387, 0.0126472506672, 0.0449399314821, 0.179590582848, 0.187377631664, 0.156771987677, 0.147234454751, 0.024726415053, 0.000732054759283, 0.00208560237661, 0.00302725937217, 0.0018523390172, 0.000855857098941, 0.000936076685321, 0.000903612468392, 0.00639133853838, 0.0146821774542, 0.011614038609, 0.0306297857314, 0.0660509765148, 0.0587572455406, 0.0241394359618, 0.00367919518612]
        dvar: [3.1317729281e-06, 4.80668823002e-05, 0.000336613622494, 0.000203433635761, 0.00524932751432, 0.0153971789405, 0.00919782742858, 0.023584973067, 0.0436433292925, 0.0407503917813, 0.0259647052735, 0.0162106286734, 0.0224443227053, 0.00967341009527, 0.00145254796371, 0.0088818334043, 0.0414907447994, 0.0347262397408, 0.0335259363055, 0.0304112974554, 0.00197657104582, 6.26049768471e-07, 7.60586635806e-06, 9.41277903621e-06, 1.65436551924e-06, 8.27105338885e-07, 2.47434104494e-06, 1.01334558167e-06, 8.94715121831e-05, 0.000693321286235, 0.000476312328828, 0.00304068578407, 0.0166546534747, 0.00988453906029, 0.00134527834598, 1.92025308934e-05]
        dvar2: [1.03808524727e-05, 9.62317062658e-05, 0.000641353079118, 0.000413680856582, 0.0110103068873, 0.0271205920726, 0.0210316423327, 0.0419029593468, 0.088679894805, 0.114422023296, 0.0665292814374, 0.0477503277361, 0.0670102760196, 0.0285917688161, 0.00338317058049, 0.0214118473232, 0.0930950939655, 0.0696459561586, 0.062544092536, 0.0576414167881, 0.00550505705178, 1.70929104115e-06, 1.9301302018e-05, 2.30075365835e-05, 5.1331371651e-06, 2.45846285907e-06, 7.20315711078e-06, 2.85905593955e-06, 0.000210767801036, 0.00150469958317, 0.00100981094874, 0.00703498022631, 0.036232329905, 0.0281145870686, 0.00280848471448, 5.83708606428e-05]
        max: [0.015489295125, 0.0455904193223, 0.135338023305, 0.141923591495, 0.396033227444, 1, 1, 1, 1, 1, 0.96660900116, 1, 1, 0.867229938507, 0.667752027512, 1, 1, 1, 1, 1, 0.312922179699, 0.00662322901189, 0.0276536159217, 0.0303981620818, 0.00777247920632, 0.00778621667996, 0.0149929020554, 0.00723550422117, 0.0708387419581, 0.217618629336, 0.227502420545, 0.427912384272, 1, 0.958033442497, 0.24933090806, 0.0270184297115]
        mean: [0.000930327281822, 0.00480530969799, 0.0125162247568, 0.0101142041385, 0.0277487952262, 0.256971478462, 0.450074017048, 0.284457564354, 0.154058709741, 0.13371694088, 0.0591179989278, 0.0224521122873, 0.0162863098085, 0.0109012974426, 0.0197487510741, 0.0664212927222, 0.143568500876, 0.336797863245, 0.372827082872, 0.137825876474, 0.00831951759756, 0.000400995835662, 0.00187422463205, 0.0026132480707, 0.00123477180023, 0.000642796920147, 0.000753160507884, 0.000723261851817, 0.00340914260596, 0.0115963239223, 0.0125172436237, 0.019294263795, 0.0590277835727, 0.0621448047459, 0.0195976514369, 0.00173066486605]
        min: [1.57877866513e-06, 1.48950653056e-06, 7.41712256058e-06, 8.08871936897e-06, 2.14745432459e-06, 1.8775292574e-06, 1.91448066289e-06, 2.12484610529e-06, 7.68718018662e-06, 1.15957545859e-05, 2.66649499281e-06, 1.90853302229e-06, 2.24982477448e-06, 1.17170384328e-06, 1.0250670357e-06, 1.31112528834e-06, 3.0036451335e-06, 9.86730083241e-05, 2.72251163551e-05, 7.44598719393e-06, 5.69986411847e-07, 5.7512136209e-07, 4.44100919594e-07, 7.63482887578e-07, 8.15385817532e-07, 1.1243201925e-06, 1.32159095756e-06, 1.32991340251e-06, 1.5033060663e-06, 1.99705777959e-06, 2.59126045421e-06, 1.51372830715e-06, 1.62370611179e-06, 2.64948857875e-06, 1.66190136497e-06, 1.87242324046e-06]
        var: [2.83998997475e-06, 6.01337451371e-05, 0.000445738085546, 0.000297970254906, 0.00596523052081, 0.0895435661077, 0.216534793377, 0.068512879312, 0.076296761632, 0.0503427796066, 0.0226488150656, 0.008958007209, 0.01151896175, 0.00534779997543, 0.00644827773795, 0.0502263046801, 0.0686613172293, 0.157788664103, 0.192011296749, 0.0579938441515, 0.001297204406, 5.32480441962e-07, 8.98615053302e-06, 1.41541413541e-05, 2.32461570704e-06, 7.56425549753e-07, 1.7809121573e-06, 9.95688310468e-07, 8.12561411294e-05, 0.000950305897277, 0.000932968629058, 0.00335173192434, 0.0242110453546, 0.0185089614242, 0.00231724814512, 1.49871466419e-05]
    chords_histogram: [45.8333320618, 9.72222232819, 0, 0, 0, 0, 0, 7.87037038803, 0, 0, 0, 0, 0, 0, 0, 0, 19.4444446564, 16.6666660309, 0, 0.462962955236, 0, 0, 0, 0]
    thpcp: [1, 0.632023990154, 0.342296391726, 0.297099888325, 0.131351724267, 0.0498853772879, 0.036185849458, 0.0242211222649, 0.0438788980246, 0.147578597069, 0.318988651037, 0.748316586018, 0.828368365765, 0.306229352951, 0.0184847768396, 0.000890955328941, 0.0041642584838, 0.00580626307055, 0.00274348608218, 0.00142820272595, 0.00167341472115, 0.00160698429681, 0.00757462671027, 0.0257653705776, 0.0278115216643, 0.0428690910339, 0.131151273847, 0.138076856732, 0.0435431748629, 0.00384528934956, 0.00206705392338, 0.0106767099351, 0.0278092585504, 0.0224723126739, 0.0616538487375, 0.570953845978]
    chords_key: "G#"
    chords_scale: "minor"
    key_key: "G#"
    key_scale: "minor"
    chords_progression: ["G", "G", "G", "G", "G", "G", "G", "G", "G", "G", "G", "G", "G", "G", "G", "G", "G", "G", "G", "G", "G", "G", "G", "G", "G", "G", "G", "G", "G", "G", "G", "G", "G", "G", "G", "G", "Em", "Em", "Em", "Em", "Em", "Em", "Em", "Em", "Em", "Em", "Em", "Em", "Em", "Em", "Em", "Em", "Em", "Em", "Em", "Em", "Em", "Em", "Em", "Em", "Em", "Em", "Em", "Em", "Em", "Em", "Em", "Em", "Em", "Em", "Em", "Em", "Em", "Em", "Em", "Em", "Em", "Em", "D", "B", "B", "B", "B", "B", "B", "B", "B", "B", "B", "B", "B", "B", "B", "B", "B", "B", "B", "B", "B", "B", "G#m", "G#m", "G#m", "G#m", "G#m", "G#m", "G#m", "G#m", "G#m", "G#m", "G#m", "G#m", "G#m", "G#m", "G#m", "G#m", "G#m", "G#m", "G#m", "G#m", "G#m", "G#m", "G#m", "G#m", "G#m", "G#m", "G#m", "G#m", "G#m", "G#m", "G#m", "G#m", "G#m", "G#m", "G#m", "G#m", "G#m", "G#m", "G#m", "G#m", "G#m", "G#m", "G#m", "G#m", "G#m", "G#m", "G#m", "G#m", "G#m", "G#m", "G#m", "G#m", "G#m", "G#m", "G#m", "G#m", "G#m", "G#m", "G#m", "G#m", "G#m", "G#m", "G#m", "G#m", "G#m", "G#m", "G#m", "G#m", "G#m", "G#m", "G#m", "G#m", "G#m", "G#m", "G#m", "G#m", "G#m", "G#m", "G#m", "G#m", "G#m", "G#m", "G#m", "G#m", "G#m", "G#m", "G#m", "G#m", "G#m", "G#m", "G#m", "G#m", "G#m", "G#m", "G#m", "G#m", "G#m", "G#m", "G#m", "G#", "G#", "G#", "G#", "G#", "G#", "G#", "G#", "G#", "G#", "G#", "G#", "G#", "G#", "G#", "G#", "G#"]
