
metadata:
    version:
        essentia: "1.2.2"
    audio_properties:
        analysis_sample_rate: 44100
        bitrate: 128
        channels: 2
        equal_loudness: 1
        length: 10.0310201645
        replay_gain: -10.1996479034
        downmix: "mix"
    tags:
        track: 26
        year: 0
        album: "Splitted by Mp3Splt v. 2.1"
        artist: "From 004.10 To 004.20"
        comment: "http://mp3splt.sf.net"
        genre: ""
        title: "02 Ordinary World.mp3"

highlevel:
    ballroom:
        all:
            ChaChaCha: 0.119649000466
            Jive: 0.42235827446
            Quickstep: 0.154187098145
            Rumba-American: 0.00695697544143
            Rumba-International: 0.00953936949372
            Rumba-Misc: 0.0129377637058
            Samba: 0.10814782232
            Tango: 0.0259317010641
            VienneseWaltz: 0.126544475555
            Waltz: 0.0137475095689
        probability: 0.42235827446
        value: "Jive"
    culture:
        all:
            non_western: 0.45999276638
            western: 0.54000723362
        probability: 0.54000723362
        value: "western"
    gender:
        all:
            female: 0.5
            male: 0.5
        probability: 0.5
        value: "female"
    genre_dortmund:
        all:
            alternative: 0.262695491314
            blues: 0.00314138550311
            electronic: 0.0897408425808
            folkcountry: 0.0445155538619
            funksoulrnb: 0.0165486242622
            jazz: 0.0111896749586
            pop: 0.0768614783883
            raphiphop: 0.000813522026874
            rock: 0.494493424892
        probability: 0.494493424892
        value: "rock"
    genre_electronica:
        all:
            ambient: 0.329717159271
            dnb: 0.0761275887489
            house: 0.0130413193256
            techno: 0.0113035691902
            trance: 0.569810390472
        probability: 0.569810390472
        value: "trance"
    genre_rosamerica:
        all:
            cla: 0.0187231600285
            dan: 0.0242641307414
            hip: 0.00473823770881
            jaz: 0.00812560040504
            pop: 0.0689706802368
            rhy: 0.0500892587006
            roc: 0.822577297688
            spe: 0.00251164962538
        probability: 0.822577297688
        value: "roc"
    genre_tzanetakis:
        all:
            blu: 0.00938760489225
            cla: 0.032449811697
            cou: 0.29221329093
            dis: 0.0515818595886
            hip: 0.00355852767825
            jaz: 0.0272824764252
            met: 0.0207611378282
            pop: 0.0323658883572
            reg: 0.00927165802568
            roc: 0.52112776041
        probability: 0.52112776041
        value: "roc"
    live_studio:
        all:
            live: 0.509965240955
            studio: 0.490034729242
        probability: 0.509965240955
        value: "live"
    mood:
        all:
            Cluster1: 0.44347563386
            Cluster2: 0.278517693281
            Cluster3: 0.0720089823008
            Cluster4: 0.110361717641
            Cluster5: 0.0956359580159
        probability: 0.44347563386
        value: "Cluster1"
    mood_acoustic:
        all:
            acoustic: 0.0379979796708
            not_acoustic: 0.962002038956
        probability: 0.962002038956
        value: "not_acoustic"
    mood_aggressive:
        all:
            aggressive: 0.512168884277
            not_aggressive: 0.48783108592
        probability: 0.512168884277
        value: "aggressive"
    mood_electronic:
        all:
            electronic: 0.303691506386
            not_electronic: 0.696308493614
        probability: 0.696308493614
        value: "not_electronic"
    mood_happy:
        all:
            happy: 0.823796331882
            not_happy: 0.176203653216
        probability: 0.823796331882
        value: "happy"
    mood_party:
        all:
            not_party: 0.574167072773
            party: 0.425832897425
        probability: 0.574167072773
        value: "not_party"
    mood_relaxed:
        all:
            not_relaxed: 0.891858577728
            relaxed: 0.108141437173
        probability: 0.891858577728
        value: "not_relaxed"
    mood_sad:
        all:
            not_sad: 0.84242862463
            sad: 0.157571360469
        probability: 0.84242862463
        value: "not_sad"
    rhythm:
        all:
            fast: 0.851231217384
            medium: 0.0394554883242
            slow: 0.109313301742
        probability: 0.851231217384
        value: "fast"
    speech_music:
        all:
            music: 0.999915838242
            speech: 8.4185587184e-05
        probability: 0.999915838242
        value: "music"
    timbre:
        all:
            bright: 0.560012876987
            dark: 0.439987152815
        probability: 0.560012876987
        value: "bright"
    voice_instrumental:
        all:
            instrumental: 0.458888590336
            voice: 0.541111409664
        probability: 0.541111409664
        value: "voice"

lowlevel:
    average_loudness: 0.973558545113
    barkbands_kurtosis:
        dmean: 0.379144877195
        dmean2: 0.620189070702
        dvar: 0.148558914661
        dvar2: 0.400565624237
        max: 2.46105241776
        mean: -0.930942416191
        min: -1.77726280689
        var: 0.282859265804
    barkbands_skewness:
        dmean: 0.294488042593
        dmean2: 0.486120849848
        dvar: 0.0624053254724
        dvar2: 0.161152169108
        max: 1.22853541374
        mean: -0.165602713823
        min: -1.31851518154
        var: 0.229037836194
    barkbands_spread:
        dmean: 4.90153264999
        dmean2: 7.92721414566
        dvar: 22.2541904449
        dvar2: 53.4907455444
        max: 64.1351699829
        mean: 31.1769886017
        min: 10.4936332703
        var: 83.4058151245
    dissonance:
        dmean: 0.0181591529399
        dmean2: 0.0306238904595
        dvar: 0.000229189259699
        dvar2: 0.000617040670477
        max: 0.497832804918
        mean: 0.462882488966
        min: 0.395796716213
        var: 0.00049220508663
    hfc:
        dmean: 2.37050485611
        dmean2: 3.7551920414
        dvar: 4.62167644501
        dvar2: 11.4558763504
        max: 25.6419506073
        mean: 10.4650936127
        min: 3.29215455055
        var: 16.8483638763
    pitch:
        dmean: 352.519836426
        dmean2: 681.38092041
        dvar: 695644.0625
        dvar2: 1921515.25
        max: 4410
        mean: 510.406188965
        min: 85.1351318359
        var: 562084.4375
    pitch_instantaneous_confidence:
        dmean: 0.0860398858786
        dmean2: 0.138491556048
        dvar: 0.00563679169863
        dvar2: 0.0134669328108
        max: 0.836282908916
        mean: 0.489551216364
        min: 0.17130947113
        var: 0.0197435673326
    pitch_salience:
        dmean: 0.0567669048905
        dmean2: 0.0905607268214
        dvar: 0.00211264914833
        dvar2: 0.00559335760772
        max: 0.771766066551
        mean: 0.582633376122
        min: 0.329647004604
        var: 0.00702106114477
    silence_rate_20dB:
        dmean: 0
        dmean2: 0
        dvar: 0
        dvar2: 0
        max: 1
        mean: 1
        min: 1
        var: 0
    silence_rate_30dB:
        dmean: 0
        dmean2: 0
        dvar: 0
        dvar2: 0
        max: 1
        mean: 1
        min: 1
        var: 0
    silence_rate_60dB:
        dmean: 0.0626450106502
        dmean2: 0.125581398606
        dvar: 0.0587210319936
        dvar2: 0.142368197441
        max: 1
        mean: 0.0810185149312
        min: 0
        var: 0.074453920126
    spectral_centroid:
        dmean: 243.529205322
        dmean2: 399.318511963
        dvar: 48039.0820312
        dvar2: 136794.59375
        max: 3188.31811523
        mean: 1905.4967041
        min: 981.168640137
        var: 147604.609375
    spectral_complexity:
        dmean: 2.94638705254
        dmean2: 4.66121482849
        dvar: 6.2232336998
        dvar2: 14.8501634598
        max: 41
        mean: 17.0790691376
        min: 8
        var: 27.4774703979
    spectral_crest:
        dmean: 1.77965152264
        dmean2: 2.91869735718
        dvar: 3.13537788391
        dvar2: 7.67411518097
        max: 18.9179382324
        mean: 6.2900094986
        min: 2.59047865868
        var: 7.11660480499
    spectral_decrease:
        dmean: 2.47426579225e-10
        dmean2: 4.0532888157e-10
        dvar: 6.05312289949e-20
        dvar2: 1.48514941084e-19
        max: -4.6043108215e-10
        mean: -1.22281584858e-09
        min: -3.22485038673e-09
        var: 2.31229292951e-19
    spectral_energy:
        dmean: 0.00110434205271
        dmean2: 0.00179605383892
        dvar: 1.14879276225e-06
        dvar2: 2.79336586573e-06
        max: 0.0137507123873
        mean: 0.00556440697983
        min: 0.00219873595051
        var: 4.51384767075e-06
    spectral_energyband_high:
        dmean: 0.000263927766355
        dmean2: 0.000431877298979
        dvar: 1.10317529334e-07
        dvar2: 3.00309153545e-07
        max: 0.00293913553469
        mean: 0.000621352344751
        min: 0.000107566724182
        var: 2.29319567779e-07
    spectral_energyband_low:
        dmean: 0.000208536192076
        dmean2: 0.000357361830538
        dvar: 1.1722931248e-07
        dvar2: 3.27779787312e-07
        max: 0.00279470602982
        mean: 0.000316542136716
        min: 3.64380184692e-06
        var: 1.16940157113e-07
    spectral_energyband_middle_high:
        dmean: 0.000817110063508
        dmean2: 0.00126107409596
        dvar: 6.86555040375e-07
        dvar2: 1.73284070115e-06
        max: 0.0100250029936
        mean: 0.00319754239172
        min: 0.000944184022956
        var: 2.7929636417e-06
    spectral_energyband_middle_low:
        dmean: 0.000487398065161
        dmean2: 0.000750956416596
        dvar: 3.56890808462e-07
        dvar2: 9.87172256828e-07
        max: 0.00823283847421
        mean: 0.00142896617763
        min: 0.000264790462097
        var: 9.29471923428e-07
    spectral_flatness_db:
        dmean: 0.0144921913743
        dmean2: 0.0218346044421
        dvar: 0.000145484533277
        dvar2: 0.000325146887917
        max: 0.203901231289
        mean: 0.1410998106
        min: 0.0777174904943
        var: 0.000550305237994
    spectral_flux:
        dmean: 0.00657098181546
        dmean2: 0.0101696513593
        dvar: 3.00412866636e-05
        dvar2: 6.94385526003e-05
        max: 0.0793072208762
        mean: 0.0417434871197
        min: 0.0235298834741
        var: 0.000103574137029
    spectral_kurtosis:
        dmean: 0.948842287064
        dmean2: 1.60361027718
        dvar: 0.914271473885
        dvar2: 2.16552352905
        max: 15.8256454468
        mean: 3.44186329842
        min: 0.545699119568
        var: 2.20377159119
    spectral_rms:
        dmean: 0.000227291486226
        dmean2: 0.000367743428797
        dvar: 4.09682598956e-08
        dvar2: 9.48810168211e-08
        max: 0.00366269424558
        mean: 0.00228971405886
        min: 0.0014646188356
        var: 1.85896098515e-07
    spectral_rolloff:
        dmean: 345.534942627
        dmean2: 600.665222168
        dvar: 143449.703125
        dvar2: 356482.4375
        max: 5081.8359375
        mean: 3601.30273438
        min: 1485.79101562
        var: 334277
    spectral_skewness:
        dmean: 0.142309725285
        dmean2: 0.23531717062
        dvar: 0.0183398835361
        dvar2: 0.0404006280005
        max: 3.1342689991
        mean: 1.32198214531
        min: 0.628075242043
        var: 0.0727704614401
    spectral_spread:
        dmean: 474820.40625
        dmean2: 663448.375
        dvar: 446193500160
        dvar2: 877256245248
        max: 8692153
        mean: 4543509
        min: 2894352.75
        var: 1.25862019072e+12
    spectral_strongpeak:
        dmean: 0.97650706768
        dmean2: 1.71248972416
        dvar: 1.31512582302
        dvar2: 3.40724134445
        max: 6.99912595749
        mean: 1.59407830238
        min: 0.0264209955931
        var: 2.00684213638
    zerocrossingrate:
        dmean: 0.00715121487156
        dmean2: 0.0092408368364
        dvar: 3.68799264834e-05
        dvar2: 5.83187502343e-05
        max: 0.15771484375
        mean: 0.106992639601
        min: 0.0419921875
        var: 0.000329192611389
    barkbands:
        dmean: [1.44860621276e-07, 5.61516390007e-05, 0.000172917178134, 0.000111615539936, 0.000105652223283, 0.000105326711491, 8.03275906947e-05, 0.000122929792269, 0.000255032529822, 0.00017259582819, 0.000169088714756, 0.000169246879523, 0.0001325593621, 0.000257945765043, 0.000130611791974, 8.14583181636e-05, 0.000117934279842, 0.000281666842056, 0.000171215608134, 0.00013707546168, 0.000229392840993, 2.44507336902e-05, 4.88709929414e-06, 2.43348040385e-06, 2.21021014113e-06, 1.11535626957e-07, 1.15509091181e-09]
        dmean2: [2.12070432326e-07, 9.87649036688e-05, 0.000295540812658, 0.000192385734408, 0.000172010157257, 0.000166756508406, 0.000131285356474, 0.000174748944119, 0.000393975467887, 0.000260753353359, 0.000259695691057, 0.000275594269624, 0.000220379064558, 0.000430906424299, 0.00021777843358, 0.000144383535371, 0.000196363092982, 0.00044731106027, 0.00028239414678, 0.000224046045332, 0.000379889155738, 3.89108936361e-05, 7.15721171218e-06, 3.7966592572e-06, 3.65696087101e-06, 1.74071431047e-07, 1.85410586884e-09]
        dvar: [9.38310776191e-14, 1.50489665174e-08, 7.49708561898e-08, 4.22138803913e-08, 2.03848209424e-08, 2.64491930579e-08, 1.39854101633e-08, 9.21515876939e-08, 1.6226772459e-07, 2.26852336027e-07, 5.20452161368e-08, 1.45460091971e-07, 2.52577407878e-08, 1.88400733236e-07, 4.57803643883e-08, 2.18518945161e-08, 3.06994465404e-08, 9.38207662671e-08, 2.93902697734e-08, 2.42103244119e-08, 9.5201706074e-08, 3.76282427439e-09, 1.43544537368e-10, 4.24691566636e-11, 5.52292517275e-11, 1.14759994584e-13, 2.75675028685e-17]
        dvar2: [1.84565890674e-13, 4.20916919097e-08, 2.08958766734e-07, 1.13042474936e-07, 4.29091855381e-08, 6.8370120232e-08, 3.79798841266e-08, 1.98341197688e-07, 4.12729860955e-07, 5.32768297035e-07, 1.14655499317e-07, 3.75520130547e-07, 5.82257122517e-08, 5.54413418286e-07, 1.29584478259e-07, 6.77284290873e-08, 8.04678776944e-08, 2.66326395604e-07, 8.02395803134e-08, 6.39268549207e-08, 2.76095931895e-07, 9.48190059802e-09, 2.69813255072e-10, 9.81114425813e-11, 1.52913959273e-10, 3.02593480871e-13, 3.75544762659e-17]
        max: [2.11216456592e-06, 0.000930392532609, 0.00262138037942, 0.00223447568715, 0.00210260390304, 0.0016104048118, 0.00115909555461, 0.00371112581342, 0.00410402845591, 0.00706371990964, 0.00255947606638, 0.00580442743376, 0.00181724596769, 0.00590026238933, 0.00260366196744, 0.00154352525715, 0.00178763491567, 0.00302445958368, 0.00206332467496, 0.00159883114975, 0.00283994525671, 0.000639052770566, 0.000107773288619, 6.56130869174e-05, 6.70024237479e-05, 3.90318064092e-06, 9.75386029722e-08]
        mean: [1.72041779933e-07, 5.64266774745e-05, 0.000259947613813, 0.00014697916049, 0.000201787624974, 0.000187965968507, 0.000149360319483, 0.00025596524938, 0.000466542609502, 0.000331659626681, 0.000281131447991, 0.000242078633164, 0.000227366559557, 0.000384648010368, 0.000224773859372, 0.000129745909362, 0.000216706423089, 0.000562993460335, 0.00041299147415, 0.000312786665745, 0.000443071272457, 5.12102997163e-05, 9.91328670352e-06, 4.97077553518e-06, 3.084024911e-06, 1.30106911911e-07, 1.0143903495e-09]
        min: [1.10977303736e-10, 6.59988259599e-08, 2.63664742306e-06, 1.55499128596e-06, 4.16092098021e-06, 1.0383290828e-05, 3.28564874508e-06, 1.92706329472e-06, 2.17034084926e-05, 1.45363935644e-06, 4.04424235967e-06, 1.27770736071e-05, 1.23905883811e-05, 1.85470835277e-05, 1.04611208371e-05, 1.01089381133e-05, 9.03513318917e-06, 5.65041264053e-05, 6.71267625876e-05, 5.27555203007e-05, 3.92282381654e-05, 3.71108785657e-06, 3.16459448868e-07, 7.28056477328e-08, 2.43344047135e-08, 7.39215522128e-10, 4.39370274104e-13]
        var: [1.39158785406e-13, 1.14003064766e-08, 8.30084161407e-08, 4.40253025147e-08, 4.16995611374e-08, 4.01932851446e-08, 2.22249685322e-08, 3.15767579195e-07, 3.45586101957e-07, 6.3780845494e-07, 1.09323757158e-07, 2.39268587165e-07, 5.61858328751e-08, 2.10010028923e-07, 8.36295157569e-08, 2.96736910599e-08, 4.77361865592e-08, 2.2079005646e-07, 7.702688265e-08, 5.2303761322e-08, 1.72381788843e-07, 5.22199528064e-09, 2.6653068641e-10, 6.83223547182e-11, 4.70215949511e-11, 1.04865084444e-13, 2.61070873729e-17]
    mfcc:
        mean: [-680.663452148, 104.348419189, -60.1946487427, 42.813167572, -24.7098503113, -2.20908665657, 8.95541477203, -6.02403211594, -2.11002421379, -3.13695049286, -0.887145519257, -4.52023744583, -10.1533308029]
        cov: [[586.924743652, -305.389190674, 148.872772217, -182.66355896, 13.3690013885, -53.9427680969, -62.8475341797, 61.4144668579, 32.8611984253, -17.4932460785, -16.8596343994, -78.0347976685, 16.0118675232], [-305.389190674, 408.180114746, -192.418334961, 76.349395752, -52.0912628174, -19.1813964844, 7.16999769211, -16.4450416565, -0.604575395584, 29.6011581421, 17.0432949066, 47.7787857056, 11.0964069366], [148.872772217, -192.418334961, 276.893554688, 18.9103755951, 96.6247177124, 52.7290039062, 5.30404663086, -1.14358353615, 4.0957736969, -18.7777748108, 0.382526755333, 2.12520265579, -8.88224411011], [-182.66355896, 76.349395752, 18.9103755951, 230.253295898, 92.1666564941, 83.9132766724, 15.8940839767, -34.4393539429, -3.00801372528, 11.3327722549, 20.8590297699, 74.0972824097, -2.10388016701], [13.3690013885, -52.0912628174, 96.6247177124, 92.1666564941, 149.944549561, 62.3755378723, 6.90506267548, 3.98130822182, 17.1910209656, 5.4433836937, 1.89111495018, 25.2190303802, -8.67479896545], [-53.9427680969, -19.1813964844, 52.7290039062, 83.9132766724, 62.3755378723, 118.251487732, 47.1985740662, -33.0492286682, -20.9490528107, -0.30191001296, 5.97587347031, 22.9153881073, -18.7918128967], [-62.8475341797, 7.16999769211, 5.30404663086, 15.8940839767, 6.90506267548, 47.1985740662, 96.9552536011, 4.87720394135, -13.2989339828, -1.34594166279, 4.55203485489, 7.00945043564, -2.0391664505], [61.4144668579, -16.4450416565, -1.14358353615, -34.4393539429, 3.98130822182, -33.0492286682, 4.87720394135, 93.1896514893, 46.5851554871, 6.331802845, -3.29881381989, -6.64234256744, 22.732170105], [32.8611984253, -0.604575395584, 4.0957736969, -3.00801372528, 17.1910209656, -20.9490528107, -13.2989339828, 46.5851554871, 75.3768997192, 24.6027183533, -8.01155853271, -0.263531595469, 10.197716713], [-17.4932460785, 29.6011581421, -18.7777748108, 11.3327722549, 5.4433836937, -0.30191001296, -1.34594166279, 6.331802845, 24.6027183533, 43.5739097595, 16.6453113556, 3.65289640427, -1.37681186199], [-16.8596343994, 17.0432949066, 0.382526755333, 20.8590297699, 1.89111495018, 5.97587347031, 4.55203485489, -3.29881381989, -8.01155853271, 16.6453113556, 60.0103530884, 22.7131767273, 5.6884803772], [-78.0347976685, 47.7787857056, 2.12520265579, 74.0972824097, 25.2190303802, 22.9153881073, 7.00945043564, -6.64234256744, -0.263531595469, 3.65289640427, 22.7131767273, 75.4250259399, 20.881269455], [16.0118675232, 11.0964069366, -8.88224411011, -2.10388016701, -8.67479896545, -18.7918128967, -2.0391664505, 22.732170105, 10.197716713, -1.37681186199, 5.6884803772, 20.881269455, 71.3246994019]]
        icov: [[0.00445638271049, 0.00211729109287, -0.000746896839701, 0.00274943280965, -0.000934464391321, -0.000694925372954, 0.00263977074064, -0.00125789782032, -0.000474277621834, 0.000170347600942, -0.000991599285044, 0.00144261878449, -0.00143426377326], [0.00211729109287, 0.00555689726025, 0.00234959367663, -0.00035381122143, 0.000355814263457, 0.00080589891877, 0.000516757951118, -7.23586708773e-05, -0.000172686821315, -0.00161510508042, -7.15516434866e-05, -0.00125730561558, -0.000396918214392], [-0.000746896839701, 0.00234959367663, 0.00718793831766, 0.000167356905877, -0.00314896507189, -0.00108715076931, -0.000430304236943, 0.00124599749688, -0.00158357911278, 0.00284672318958, -0.0013565729605, -0.000907149922568, 0.000278501043795], [0.00274943280965, -0.00035381122143, 0.000167356905877, 0.0122833857313, -0.00514789344743, -0.00473355175927, 0.00261484389193, 0.00150414230302, -0.00152079272084, 0.000401883356972, -0.00105708697811, -0.0055131376721, -0.000533350452315], [-0.000934464391321, 0.000355814263457, -0.00314896507189, -0.00514789344743, 0.0142162181437, -0.00410825014114, 0.00129998195916, -0.00289267813787, -0.00151104817633, -0.00160025991499, 0.00152522395365, -0.000727207458112, 0.00149257865269], [-0.000694925372954, 0.00080589891877, -0.00108715076931, -0.00473355175927, -0.00410825014114, 0.0202830135822, -0.00909076724201, 0.00481826951727, 0.00273604528047, -0.00232601864263, 0.00147620879579, -0.00110292807221, 0.00257340888493], [0.00263977074064, 0.000516757951118, -0.000430304236943, 0.00261484389193, 0.00129998195916, -0.00909076724201, 0.0166014488786, -0.00607393123209, 0.00312605500221, -0.000614373653661, -0.000581285450608, 0.00060755177401, -0.00106632127427], [-0.00125789782032, -7.23586708773e-05, 0.00124599749688, 0.00150414230302, -0.00289267813787, 0.00481826951727, -0.00607393123209, 0.0213397648185, -0.0131962513551, 0.00511674955487, -0.00272339000367, 0.000691568304319, -0.00356385298073], [-0.000474277621834, -0.000172686821315, -0.00158357911278, -0.00152079272084, -0.00151104817633, 0.00273604528047, 0.00312605500221, -0.0131962513551, 0.0304178800434, -0.018717546016, 0.00944824516773, -0.00244713318534, -2.38937154791e-05], [0.000170347600942, -0.00161510508042, 0.00284672318958, 0.000401883356972, -0.00160025991499, -0.00232601864263, -0.000614373653661, 0.00511674955487, -0.018717546016, 0.0404711812735, -0.0145832486451, 0.00444004684687, 0.0014441779349], [-0.000991599285044, -7.15516434866e-05, -0.0013565729605, -0.00105708697811, 0.00152522395365, 0.00147620879579, -0.000581285450608, -0.00272339000367, 0.00944824516773, -0.0145832486451, 0.0247234646231, -0.00779175246134, 0.000136370988912], [0.00144261878449, -0.00125730561558, -0.000907149922568, -0.0055131376721, -0.000727207458112, -0.00110292807221, 0.00060755177401, 0.000691568304319, -0.00244713318534, 0.00444004684687, -0.00779175246134, 0.0257627125829, -0.00747128203511], [-0.00143426377326, -0.000396918214392, 0.000278501043795, -0.000533350452315, 0.00149257865269, 0.00257340888493, -0.00106632127427, -0.00356385298073, -2.38937154791e-05, 0.0014441779349, 0.000136370988912, -0.00747128203511, 0.0185957159847]]
    spectral_contrast:
        mean: [2.02075334244e-09, -1.13720986405e-07, -1.19122653075e-07, 1.63704854117e-07, 2.41823329361e-07, 4.3764364932e-07, 1.90388323063e-06, 9.50902006025e-08, 9.86803456726e-07, 2.09337054002e-06, 1.25855899569e-06, -1.44042246575e-06]
        var: [0.000361768092262, 0.000593432458118, 0.00123038107995, 0.00195256434381, 0.00276809837669, 0.00478766253218, 0.0250411536545, 0.0582859739661, 0.0875250473619, 0.191119194031, 0.265445619822, 0.590514838696]

rhythm:
    beats_loudness:
        dmean: 0.00279601407237
        dmean2: 0.00502952001989
        dvar: 4.5867254812e-06
        dvar2: 1.49542756844e-05
        max: 0.0111600924283
        mean: 0.00591711420566
        min: 0.00214994861744
        var: 5.63354888072e-06
    beats_loudness_bass:
        dmean: 0.073887579143
        dmean2: 0.124670632184
        dvar: 0.00684723816812
        dvar2: 0.0184142515063
        max: 0.399770319462
        mean: 0.110544793308
        min: 0.0102755036205
        var: 0.00874511618167
    bpm: 141.400115967
    bpm_confidence: 0
    first_peak_bpm: 142
    first_peak_spread: 0
    first_peak_weight: 0.95454543829
    onset_rate: 2.59195971489
    second_peak_bpm: 122
    second_peak_spread: 0
    second_peak_weight: 0.0454545468092
    beats_position: [0.266270250082, 0.689945876598, 1.11362159252, 1.53729712963, 1.96097266674, 2.38464832306, 2.80832386017, 3.2319996357, 3.65567517281, 4.07935094833, 4.50302648544, 4.92670202255, 5.35037755966, 5.77405309677, 6.26783657074, 6.69317007065, 7.11850309372, 7.54383611679, 7.96916913986, 8.39450263977, 8.81983566284, 9.24516868591, 9.67050170898]
    bpm_estimates: [141.600418091, 140.755065918, 142.64755249, 141.604278564, 141.524291992, 141.587799072, 141.581451416, 139.687713623, 141.531600952, 141.481140137]
    bpm_intervals: [0.423675626516, 0.423675715923, 0.423675537109, 0.423675537109, 0.423675656319, 0.423675537109, 0.423675775528, 0.423675537109, 0.423675775528, 0.423675537109, 0.423675537109, 0.423675537109, 0.423675537109, 0.493783473969, 0.425333499908, 0.425333023071, 0.425333023071, 0.425333023071, 0.425333499908, 0.425333023071, 0.425333023071, 0.425333023071]
    onset_times: [0.0580498874187, 0.267029464245, 1.11455786228, 1.81115651131, 1.96208620071, 2.3916554451, 2.79800462723, 3.03020405769, 3.45977330208, 3.69197273254, 4.1099319458, 4.58594083786, 4.95746040344, 5.18966007233, 5.3754196167, 5.85142850876, 6.25777769089, 6.6989569664, 7.12852621078, 7.55809545517, 7.7670750618, 8.09215450287, 8.56816291809, 8.82358264923, 9.47374153137, 9.91492080688]
    rubato_start: []
    rubato_stop: []
    perceptual_tempo: "unknown"

sfx:
    inharmonicity:
        dmean: 0.0586829409003
        dmean2: 0.100757457316
        dvar: 0.00303309108131
        dvar2: 0.00882133748382
        max: 0.383044183254
        mean: 0.0729854106903
        min: 0.000379671721021
        var: 0.00376034108922
    oddtoevenharmonicenergyratio:
        dmean: 1.73207616806
        dmean2: 3.21547675133
        dvar: 14.8248758316
        dvar2: 43.1706504822
        max: 32.6871070862
        mean: 1.38176286221
        min: 0.000722968426999
        var: 8.79249954224
    pitch_after_max_to_before_max_energy_ratio: 2.25233197212
    pitch_centroid: 191.378128052
    pitch_max_to_total: 0.237209305167
    pitch_min_to_total: 0.0279069766402
    tristimulus:
        dmean: [0.168589174747, 0.222231030464, 0.15145239234]
        dmean2: [0.299066394567, 0.397194802761, 0.266321837902]
        dvar: [0.0232222527266, 0.0401274040341, 0.0165449734777]
        dvar2: [0.0650197118521, 0.116778686643, 0.0456830486655]
        max: [0.84838861227, 0.944669663906, 0.798997998238]
        mean: [0.257323950529, 0.505054712296, 0.200015306473]
        min: [0.00753993960097, 0, 0]
        var: [0.0271395612508, 0.0451476462185, 0.0227686055005]

tonal:
    chords_changes_rate: 0.0277777779847
    chords_number_rate: 0.0231481473893
    chords_strength:
        dmean: 0.00696616945788
        dmean2: 0.00537848938257
        dvar: 2.92561817332e-05
        dvar2: 2.15415693674e-05
        max: 0.6951649189
        mean: 0.544490516186
        min: 0.347947567701
        var: 0.00713499868289
    key_strength: 0.716320514679
    tuning_diatonic_strength: 0.629176735878
    tuning_equal_tempered_deviation: 0.106474980712
    tuning_frequency: 438.731048584
    tuning_nontempered_energy_ratio: 0.714481174946
    hpcp:
        dmean: [0.141966640949, 0.112503565848, 0.0867089703679, 0.0902193039656, 0.100171409547, 0.150927439332, 0.202184870839, 0.181332781911, 0.105250142515, 0.0523159205914, 0.0417241491377, 0.119387894869, 0.216369375587, 0.200513362885, 0.0790637061, 0.032774142921, 0.0320237092674, 0.0692321658134, 0.082662306726, 0.0588629469275, 0.0846460536122, 0.128396168351, 0.117246314883, 0.101187549531, 0.0875106081367, 0.077175334096, 0.147637188435, 0.203483775258, 0.197804540396, 0.106452509761, 0.0632030516863, 0.0551415644586, 0.0746039971709, 0.0868652909994, 0.101717382669, 0.142835840583]
        dmean2: [0.242961719632, 0.179588109255, 0.141879692674, 0.155583783984, 0.170194447041, 0.25317248702, 0.344155460596, 0.297549307346, 0.184783175588, 0.0956001356244, 0.070614181459, 0.198667779565, 0.380833387375, 0.340364664793, 0.130563393235, 0.0542110316455, 0.0528315082192, 0.111851118505, 0.131087094545, 0.0980871468782, 0.135659649968, 0.20572835207, 0.180477410555, 0.153171434999, 0.138710916042, 0.128672674298, 0.234288811684, 0.337624549866, 0.318801015615, 0.175548881292, 0.109173938632, 0.0971181169152, 0.135084092617, 0.148469641805, 0.165461927652, 0.246850416064]
        dvar: [0.0322908163071, 0.025459844619, 0.0181344393641, 0.0245210826397, 0.0233236867934, 0.0204488858581, 0.0317032113671, 0.0227863155305, 0.0203514639288, 0.00971902813762, 0.00345314946026, 0.0194946341217, 0.048362288624, 0.0334692969918, 0.0125577785075, 0.00205484568141, 0.00199441402219, 0.010354815051, 0.0137127907947, 0.00785933993757, 0.012167820707, 0.0229121986777, 0.0212214738131, 0.0174520593137, 0.0172965470701, 0.0160944499075, 0.0183868072927, 0.0322524234653, 0.0262213870883, 0.0137473475188, 0.0134572274983, 0.0103720352054, 0.0160942394286, 0.021454108879, 0.0165836084634, 0.0320552811027]
        dvar2: [0.0738037005067, 0.0614837631583, 0.042974062264, 0.0636683031917, 0.0657449960709, 0.0544438064098, 0.0765533298254, 0.0535421185195, 0.0536569021642, 0.0276751555502, 0.00929843168706, 0.0442696921527, 0.116608835757, 0.0925687253475, 0.0348063111305, 0.00478561688215, 0.00446307007223, 0.0267277527601, 0.0310458149761, 0.0198416598141, 0.0298081114888, 0.0548712797463, 0.0487831346691, 0.0383802317083, 0.0347459241748, 0.041213799268, 0.0428854376078, 0.0740013942122, 0.063650213182, 0.0341068953276, 0.0377057902515, 0.0281481202692, 0.0434561595321, 0.0576467514038, 0.0401658043265, 0.0766419097781]
        max: [1, 1, 1, 1, 0.87394285202, 1, 1, 1, 0.800354003906, 0.714392483234, 0.432741820812, 1, 1, 1, 0.946410417557, 0.373980343342, 0.424470961094, 0.78601205349, 1, 0.811520814896, 1, 1, 1, 1, 1, 0.833660542965, 1, 1, 1, 0.772825181484, 0.882683217525, 0.863825798035, 1, 1, 1, 1]
        mean: [0.271622717381, 0.179472565651, 0.123068481684, 0.117705978453, 0.124206826091, 0.287579357624, 0.545225203037, 0.422034591436, 0.136500194669, 0.0646003559232, 0.0617510490119, 0.219515070319, 0.476591736078, 0.383091032505, 0.122178688645, 0.0549584589899, 0.052758961916, 0.119862541556, 0.150419905782, 0.0917459577322, 0.134244635701, 0.25435975194, 0.221090242267, 0.135329142213, 0.110206834972, 0.0914897918701, 0.305024713278, 0.679459393024, 0.53821349144, 0.156477436423, 0.0714835971594, 0.0666742026806, 0.101621285081, 0.131615817547, 0.159390375018, 0.249627679586]
        min: [0.022334029898, 0.0109424162656, 0.00847022980452, 0.00594322849065, 0.00646662479267, 0.0271532014012, 0.0608229823411, 0.0162154696882, 0.00887172482908, 0.00482947938144, 0.0041062971577, 0.0108690019697, 0.0447785258293, 0.0416713133454, 0.0128806494176, 0.00257342937402, 0.00517966831103, 0.00705943349749, 0.00855036452413, 0.00831425748765, 0.00585755659267, 0.00866748206317, 0.00399259757251, 0.00582941155881, 0.00413897121325, 0.0032193637453, 0.0165528859943, 0.0508047491312, 0.0484211035073, 0.0129801565781, 0.00293385190889, 0.00446601910517, 0.00906755309552, 0.00733428681269, 0.0137671083212, 0.0214750021696]
        var: [0.0748371183872, 0.0531073510647, 0.0227751154453, 0.0239584948868, 0.0217751543969, 0.034282669425, 0.095277056098, 0.0699325278401, 0.022778943181, 0.00770148821175, 0.00408270535991, 0.038890555501, 0.104184776545, 0.0656567290425, 0.0135741215199, 0.00324584846385, 0.00326822279021, 0.0172623880208, 0.0281462930143, 0.0105248400941, 0.02110112831, 0.0611682161689, 0.0487498566508, 0.0277833119035, 0.0270507130772, 0.0168588962406, 0.0396728292108, 0.0875111445785, 0.0666997805238, 0.0208388585597, 0.0106385042891, 0.00917724892497, 0.0192457400262, 0.0299943257123, 0.0246150642633, 0.0612967945635]
    chords_histogram: [20.3703708649, 0, 0, 0, 0, 0, 0, 0, 0, 0, 0, 0, 0, 0, 0, 0, 0, 42.5925941467, 0, 24.5370368958, 8.33333301544, 0, 4.16666650772, 0]
    thpcp: [1, 0.792120158672, 0.230296969414, 0.10520657897, 0.098128311336, 0.149561971426, 0.193706676364, 0.234584107995, 0.367391616106, 0.399762988091, 0.264140248299, 0.181127056479, 0.17323474586, 0.182802423835, 0.423247307539, 0.802439689636, 0.621132910252, 0.200895294547, 0.0950761064887, 0.0908826217055, 0.323073118925, 0.701427817345, 0.563817381859, 0.17981749773, 0.080885566771, 0.0776484385133, 0.176408693194, 0.221381738782, 0.135027870536, 0.19757565856, 0.37435606122, 0.325391411781, 0.19917178154, 0.162197828293, 0.134650856256, 0.448922663927]
    chords_key: "B"
    chords_scale: "minor"
    key_key: "B"
    key_scale: "major"
    chords_progression: ["A", "A", "A", "A", "A", "A", "A", "A", "A", "A", "A", "A", "A", "A", "A", "A", "A", "A", "E", "E", "E", "E", "E", "E", "E", "E", "E", "B", "B", "B", "B", "B", "B", "B", "B", "B", "B", "B", "B", "B", "B", "B", "B", "B", "B", "B", "B", "B", "B", "B", "B", "B", "B", "B", "B", "B", "B", "B", "B", "B", "B", "B", "B", "B", "B", "B", "B", "B", "Bm", "Bm", "Bm", "Bm", "Bm", "Bm", "Bm", "Bm", "Bm", "Bm", "Bm", "Bm", "Bm", "Bm", "Bm", "Bm", "Bm", "Bm", "Bm", "Bm", "Bm", "Bm", "Bm", "Bm", "Bm", "Bm", "Bm", "Bm", "Bm", "Bm", "Bm", "Bm", "Bm", "Bm", "Bm", "Bm", "Bm", "Bm", "Bm", "Bm", "Bm", "Bm", "Bm", "Bm", "Bm", "Bm", "Bm", "Bm", "Bm", "Bm", "Bm", "Bm", "Bm", "Bm", "Bm", "Bm", "Bm", "Bm", "Bm", "Bm", "Bm", "Bm", "Bm", "Bm", "Bm", "Bm", "Bm", "Bm", "Bm", "Bm", "Bm", "Bm", "Bm", "Bm", "Bm", "Bm", "B", "B", "B", "Bm", "Bm", "Bm", "Bm", "Bm", "Bm", "Bm", "Bm", "Bm", "Bm", "Bm", "Bm", "Bm", "Bm", "Bm", "Bm", "F#m", "F#m", "F#m", "F#m", "F#m", "F#m", "F#m", "F#m", "F#m", "F#m", "F#m", "F#m", "F#m", "F#m", "F#m", "F#m", "F#m", "F#m", "F#m", "F#m", "F#m", "F#m", "F#m", "F#m", "F#m", "F#m", "F#m", "F#m", "F#m", "F#m", "F#m", "F#m", "F#m", "F#m", "F#m", "F#m", "F#m", "F#m", "F#m", "F#m", "F#m", "F#m", "F#m", "F#m", "F#m", "F#m", "F#m", "F#m", "F#m", "F#m", "F#m", "F#m", "F#m"]
