
metadata:
    version:
        essentia: "1.2.2"
    audio_properties:
        analysis_sample_rate: 44100
        bitrate: 128
        channels: 2
        equal_loudness: 1
        length: 10.0310201645
        replay_gain: -0.541893005371
        downmix: "mix"
    tags:
        track: 28
        year: 0
        album: "Splitted by Mp3Splt v. 2.1"
        artist: "From 004.30 To 004.40"
        comment: "http://mp3splt.sf.net"
        genre: ""
        title: "05 Dead Skin Cells.mp3"

highlevel:
    ballroom:
        all:
            ChaChaCha: 0.000667610322125
            Jive: 0.000809519202448
            Quickstep: 0.0101548889652
            Rumba-American: 0.00156362471171
            Rumba-International: 0.0122778490186
            Rumba-Misc: 0.0193496178836
            Samba: 0.00195730384439
            Tango: 0.0993582084775
            VienneseWaltz: 0.300907433033
            Waltz: 0.552953958511
        probability: 0.552953958511
        value: "Waltz"
    culture:
        all:
            non_western: 0.32912248373
            western: 0.67087751627
        probability: 0.67087751627
        value: "western"
    gender:
        all:
            female: 0.736205339432
            male: 0.263794630766
        probability: 0.736205339432
        value: "female"
    genre_dortmund:
        all:
            alternative: 0.0756355896592
            blues: 0.00409592827782
            electronic: 0.684398233891
            folkcountry: 0.104237757623
            funksoulrnb: 0.00528412358835
            jazz: 0.0806423202157
            pop: 0.025452286005
            raphiphop: 0.00100040284451
            rock: 0.019253347069
        probability: 0.684398233891
        value: "electronic"
    genre_electronica:
        all:
            ambient: 0.982672274113
            dnb: 0.00310278777033
            house: 0.00212595192716
            techno: 0.000649721943773
            trance: 0.0114492606372
        probability: 0.982672274113
        value: "ambient"
    genre_rosamerica:
        all:
            cla: 0.748916447163
            dan: 0.0111950915307
            hip: 0.00505488691851
            jaz: 0.126059323549
            pop: 0.0555459782481
            rhy: 0.0200935062021
            roc: 0.0268823802471
            spe: 0.00625239452347
        probability: 0.748916447163
        value: "cla"
    genre_tzanetakis:
        all:
            blu: 0.00758912554011
            cla: 0.882857739925
            cou: 0.00915784947574
            dis: 0.00477846665308
            hip: 0.00275000720285
            jaz: 0.0356001965702
            met: 0.00397508917376
            pop: 0.0287968721241
            reg: 0.0090697305277
            roc: 0.015424920246
        probability: 0.882857739925
        value: "cla"
    live_studio:
        all:
            live: 0.324973613024
            studio: 0.675026416779
        probability: 0.675026416779
        value: "studio"
    mood:
        all:
            Cluster1: 0.134498953819
            Cluster2: 0.311032891273
            Cluster3: 0.31177598238
            Cluster4: 0.215608894825
            Cluster5: 0.0270832628012
        probability: 0.31177598238
        value: "Cluster3"
    mood_acoustic:
        all:
            acoustic: 0.632395923138
            not_acoustic: 0.367604106665
        probability: 0.632395923138
        value: "acoustic"
    mood_aggressive:
        all:
            aggressive: 1.45294561662e-05
            not_aggressive: 0.999985456467
        probability: 0.999985456467
        value: "not_aggressive"
    mood_electronic:
        all:
            electronic: 0.86030870676
            not_electronic: 0.139691278338
        probability: 0.86030870676
        value: "electronic"
    mood_happy:
        all:
            happy: 0.309875607491
            not_happy: 0.690124392509
        probability: 0.690124392509
        value: "not_happy"
    mood_party:
        all:
            not_party: 0.970691144466
            party: 0.0293088499457
        probability: 0.970691144466
        value: "not_party"
    mood_relaxed:
        all:
            not_relaxed: 0.0114373583347
            relaxed: 0.988562643528
        probability: 0.988562643528
        value: "relaxed"
    mood_sad:
        all:
            not_sad: 0.112482242286
            sad: 0.887517750263
        probability: 0.887517750263
        value: "sad"
    rhythm:
        all:
            fast: 0.0817083865404
            medium: 0.0928497090936
            slow: 0.825441896915
        probability: 0.825441896915
        value: "slow"
    speech_music:
        all:
            music: 0.81146633625
            speech: 0.188533633947
        probability: 0.81146633625
        value: "music"
    timbre:
        all:
            bright: 0.664787530899
            dark: 0.335212469101
        probability: 0.664787530899
        value: "bright"
    voice_instrumental:
        all:
            instrumental: 0.987035155296
            voice: 0.0129648186266
        probability: 0.987035155296
        value: "instrumental"

lowlevel:
    average_loudness: 0.896581292152
    barkbands_kurtosis:
        dmean: 1.9677772522
        dmean2: 2.89247441292
        dvar: 3.58538866043
        dvar2: 6.94213914871
        max: 20.0292873383
        mean: 3.38221859932
        min: -1.79564285278
        var: 15.1520738602
    barkbands_skewness:
        dmean: 0.415336549282
        dmean2: 0.599051237106
        dvar: 0.102981291711
        dvar2: 0.233808189631
        max: 4.3384308815
        mean: 1.79611635208
        min: 0.136786684394
        var: 0.536577701569
    barkbands_spread:
        dmean: 4.01727437973
        dmean2: 6.66123390198
        dvar: 14.025513649
        dvar2: 38.8484687805
        max: 42.2694168091
        mean: 15.7552890778
        min: 4.08526420593
        var: 53.9372711182
    dissonance:
        dmean: 0.0275631211698
        dmean2: 0.0465104281902
        dvar: 0.000459853967186
        dvar2: 0.00125560082961
        max: 0.486010253429
        mean: 0.413340181112
        min: 0.324966013432
        var: 0.000940284400713
    hfc:
        dmean: 0.825818657875
        dmean2: 1.29375910759
        dvar: 0.747573971748
        dvar2: 2.0822467804
        max: 8.71023845673
        mean: 3.31694960594
        min: 0.631090760231
        var: 3.14664006233
    pitch:
        dmean: 171.917770386
        dmean2: 333.233215332
        dvar: 400483.59375
        dvar2: 1167411.125
        max: 4900
        mean: 314.028533936
        min: 65.820892334
        var: 224143.390625
    pitch_instantaneous_confidence:
        dmean: 0.0799968168139
        dmean2: 0.116262465715
        dvar: 0.00385395972989
        dvar2: 0.00818229839206
        max: 0.875418066978
        mean: 0.507959961891
        min: 0.243960797787
        var: 0.0158726740628
    pitch_salience:
        dmean: 0.0550638772547
        dmean2: 0.079882659018
        dvar: 0.00224013230763
        dvar2: 0.00472579197958
        max: 0.802199780941
        mean: 0.544125378132
        min: 0.20227278769
        var: 0.00720720551908
    silence_rate_20dB:
        dmean: 0
        dmean2: 0
        dvar: 0
        dvar2: 0
        max: 1
        mean: 1
        min: 1
        var: 0
    silence_rate_30dB:
        dmean: 0
        dmean2: 0
        dvar: 0
        dvar2: 0
        max: 1
        mean: 1
        min: 1
        var: 0
    silence_rate_60dB:
        dmean: 0.102088168263
        dmean2: 0.204651162028
        dvar: 0.0916659682989
        dvar2: 0.181373894215
        max: 1
        mean: 0.458333343267
        min: 0
        var: 0.248263701797
    spectral_centroid:
        dmean: 149.66192627
        dmean2: 241.922241211
        dvar: 27042.7558594
        dvar2: 74467.8671875
        max: 2307.56054688
        mean: 869.255981445
        min: 423.015014648
        var: 86284.734375
    spectral_complexity:
        dmean: 1.71794867516
        dmean2: 2.67289710045
        dvar: 2.23979067802
        dvar2: 5.02385091782
        max: 16
        mean: 8.00232601166
        min: 2
        var: 6.99300718307
    spectral_crest:
        dmean: 2.2220890522
        dmean2: 3.29158234596
        dvar: 3.62417984009
        dvar2: 7.48580026627
        max: 19.9545402527
        mean: 10.342414856
        min: 4.24102115631
        var: 10.131360054
    spectral_decrease:
        dmean: 2.21049109572e-10
        dmean2: 2.95802715655e-10
        dvar: 5.37269802166e-20
        dvar2: 9.95067645369e-20
        max: -1.55296386861e-10
        mean: -1.03714481448e-09
        min: -3.66952446207e-09
        var: 4.36591148883e-19
    spectral_energy:
        dmean: 0.000892473210115
        dmean2: 0.00120320054702
        dvar: 8.44474755013e-07
        dvar2: 1.59608441663e-06
        max: 0.014510714449
        mean: 0.00421527866274
        min: 0.000643365434371
        var: 6.89397802489e-06
    spectral_energyband_high:
        dmean: 0.000104496633867
        dmean2: 0.000188046411495
        dvar: 2.80590946033e-08
        dvar2: 8.62182290007e-08
        max: 0.00110496010166
        mean: 0.00015469014761
        min: 1.42090420923e-05
        var: 3.83661529213e-08
    spectral_energyband_low:
        dmean: 9.96172911982e-06
        dmean2: 1.71158717421e-05
        dvar: 2.04611591559e-10
        dvar2: 5.1120851996e-10
        max: 0.000163299817359
        mean: 1.06414699985e-05
        min: 3.10031907702e-07
        var: 2.08213779551e-10
    spectral_energyband_middle_high:
        dmean: 0.000207675024285
        dmean2: 0.000300437153783
        dvar: 4.23928625537e-08
        dvar2: 8.71939178637e-08
        max: 0.00223513972014
        mean: 0.000698128598742
        min: 0.000155738816829
        var: 1.28560657231e-07
    spectral_energyband_middle_low:
        dmean: 0.000785644166172
        dmean2: 0.00105683016591
        dvar: 7.84688779731e-07
        dvar2: 1.43041836509e-06
        max: 0.0136067392305
        mean: 0.00335181038827
        min: 0.000323828280671
        var: 5.8124314819e-06
    spectral_flatness_db:
        dmean: 0.0165612529963
        dmean2: 0.0252998862416
        dvar: 0.000217311055167
        dvar2: 0.000455366593087
        max: 0.325117945671
        mean: 0.233728945255
        min: 0.108999751508
        var: 0.00096457276959
    spectral_flux:
        dmean: 0.00624239305034
        dmean2: 0.0100188348442
        dvar: 3.68676919607e-05
        dvar2: 9.65116123552e-05
        max: 0.0693213492632
        mean: 0.0261945035309
        min: 0.0110873943195
        var: 8.05473755463e-05
    spectral_kurtosis:
        dmean: 2.76929616928
        dmean2: 4.84524297714
        dvar: 6.50992202759
        dvar2: 20.1444721222
        max: 22.0942611694
        mean: 5.36156082153
        min: -0.0465273857117
        var: 13.0075683594
    spectral_rms:
        dmean: 0.000212576880585
        dmean2: 0.000286829541437
        dvar: 3.39861259135e-08
        dvar2: 6.39853823259e-08
        max: 0.00376255158335
        mean: 0.00193439272698
        min: 0.000792258535512
        var: 3.70590072407e-07
    spectral_rolloff:
        dmean: 544.754272461
        dmean2: 948.718505859
        dvar: 515091.53125
        dvar2: 1422044.5
        max: 4995.703125
        mean: 1476.3762207
        min: 409.130859375
        var: 980677.75
    spectral_skewness:
        dmean: 0.312886953354
        dmean2: 0.538374662399
        dvar: 0.0635803341866
        dvar2: 0.186176553369
        max: 3.33780241013
        mean: 1.57703411579
        min: 0.491507679224
        var: 0.232035636902
    spectral_spread:
        dmean: 299682.625
        dmean2: 497072.625
        dvar: 147559350272
        dvar2: 253835771904
        max: 10029912
        mean: 3164921.25
        min: 2171025.5
        var: 329691791360
    spectral_strongpeak:
        dmean: 0.186836078763
        dmean2: 0.293316930532
        dvar: 0.0372702144086
        dvar2: 0.0830528661609
        max: 1.84132409096
        mean: 0.588473558426
        min: 0.0304368361831
        var: 0.10821287334
    zerocrossingrate:
        dmean: 0.00671870447695
        dmean2: 0.00899213273078
        dvar: 3.58051656804e-05
        dvar2: 5.69675248698e-05
        max: 0.11328125
        mean: 0.0548192225397
        min: 0.021484375
        var: 0.000362131715519
    barkbands:
        dmean: [2.71587250467e-08, 1.17670685995e-06, 9.33686624194e-06, 7.00814143784e-06, 0.000127742081531, 0.000468049081974, 0.000232233505812, 0.00036136538256, 4.20093056164e-05, 0.000115179012937, 4.92433355248e-05, 0.000101139426988, 3.1678169762e-05, 9.88781994238e-06, 1.94946242118e-05, 1.95982029254e-05, 4.69796359539e-05, 3.6279001506e-05, 2.29276738537e-05, 7.22432232578e-05, 7.03863042872e-05, 1.18812095025e-05, 3.8223060983e-07, 8.21472578849e-09, 3.25512949928e-08, 8.3074097601e-10, 4.79325412694e-10]
        dmean2: [3.69070107809e-08, 2.10842517845e-06, 1.61937514349e-05, 1.15413204185e-05, 0.000132344139274, 0.000611735740677, 0.000320886465488, 0.000481648632558, 6.54307732475e-05, 0.000163964214153, 6.4770647441e-05, 0.00015250290744, 4.73012987641e-05, 1.62624364748e-05, 3.12906195177e-05, 3.20889157592e-05, 7.81940543675e-05, 5.97253565502e-05, 3.77717224183e-05, 0.0001326638303, 0.000126809740323, 2.07835419133e-05, 7.1939115287e-07, 1.38024169871e-08, 5.91209499134e-08, 1.2469340005e-09, 6.19978790528e-10]
        dvar: [9.96427333005e-14, 1.26599078443e-12, 2.02428837581e-10, 8.95112525767e-11, 3.17606136946e-08, 3.84487236715e-07, 9.75336860165e-08, 2.57275871718e-07, 3.66580188427e-09, 1.97037657301e-08, 4.57293136691e-09, 1.36504727521e-08, 2.09658757022e-09, 1.63965577227e-10, 4.05370487178e-10, 7.51501472163e-10, 3.02253733153e-09, 1.8312839023e-09, 1.07418518525e-09, 2.41265283307e-08, 1.27086581259e-08, 5.72510483465e-10, 2.49642776069e-12, 1.61238174284e-16, 4.70004945201e-15, 3.44693407353e-17, 3.79957010221e-17]
        dvar2: [1.00063715452e-13, 3.55252741287e-12, 5.04499664267e-10, 2.07525316376e-10, 2.94399846723e-08, 7.98821133685e-07, 1.69162433394e-07, 4.9935027846e-07, 9.06537422907e-09, 3.23115365575e-08, 7.8631714473e-09, 2.97704438879e-08, 3.80549680656e-09, 4.5023881845e-10, 8.93468243834e-10, 1.76183423406e-09, 8.09425326764e-09, 4.37068159442e-09, 2.93455326705e-09, 7.46988888523e-08, 3.90812466833e-08, 1.70200009642e-09, 7.41922842606e-12, 3.54723263448e-16, 1.43148042926e-14, 3.66697139566e-17, 3.82839337609e-17]
        max: [6.5634785642e-06, 8.92397565622e-06, 0.000162193056894, 0.000100453464256, 0.00339120300487, 0.0098143350333, 0.00361042842269, 0.0059701288119, 0.000568751478568, 0.00190755049698, 0.000634541269392, 0.00124964676797, 0.000484666146804, 0.000112496534712, 0.000189185433555, 0.000256718834862, 0.000486431381432, 0.000461016665213, 0.000292636686936, 0.00110434205271, 0.000761128030717, 0.000165235134773, 2.12111626752e-05, 1.65680162922e-07, 5.23896574123e-07, 1.20935325754e-07, 1.27923584614e-07]
        mean: [2.89479871185e-08, 1.28309011416e-06, 9.33846149564e-06, 7.07329036231e-06, 0.000409442320233, 0.00133956840727, 0.000615177676082, 0.000806778087281, 8.47098781378e-05, 0.000208999379538, 9.61336481851e-05, 0.000162817508681, 5.49224496353e-05, 1.42095341289e-05, 3.32264280587e-05, 3.11399344355e-05, 6.95631315466e-05, 5.88526272622e-05, 4.18913441536e-05, 6.92005560268e-05, 8.78041100805e-05, 1.24730322568e-05, 5.94097627982e-07, 1.87721891365e-08, 3.54881777298e-08, 1.02334563046e-09, 4.60813109893e-10]
        min: [6.79656886327e-11, 2.55777905522e-08, 8.73687753256e-08, 6.07276930964e-08, 2.38315169554e-06, 2.08172441489e-05, 3.02097237181e-06, 2.93513835459e-06, 4.28728708357e-06, 4.04368620366e-06, 7.65700860939e-06, 4.40059193352e-06, 9.8105476809e-07, 6.8228297323e-07, 2.12696340895e-06, 1.51001779614e-06, 5.54202006242e-06, 5.1983947742e-06, 9.37093136599e-06, 5.21309675605e-06, 4.55035387859e-06, 6.48145032756e-07, 2.42873046119e-08, 4.87222519274e-11, 6.9143019088e-10, 1.61959595041e-11, 4.11199611687e-13]
        var: [9.97107060005e-14, 1.42029064291e-12, 1.98095082005e-10, 1.01609859415e-10, 3.60117326181e-07, 1.72413626842e-06, 3.62786892083e-07, 8.86015698143e-07, 6.93962132203e-09, 6.24044389497e-08, 1.01660315721e-08, 2.71936073659e-08, 5.16267384398e-09, 2.16506479411e-10, 7.43992090158e-10, 1.43860579005e-09, 3.67254138212e-09, 2.34629671247e-09, 1.15909537524e-09, 1.70278013911e-08, 1.63599391811e-08, 5.72832725698e-10, 3.59141145642e-12, 1.98851042884e-16, 4.13814854711e-15, 3.47131737275e-17, 3.79355848439e-17]
    mfcc:
        mean: [-780.478027344, 167.106048584, -87.1184768677, 48.710319519, -68.6548461914, -16.9073162079, -26.6734752655, -24.3064460754, -6.33707380295, -26.7695636749, -2.88766145706, 4.14696884155, 3.35951542854]
        cov: [[463.835998535, 50.2449798584, -29.8481063843, -43.7653007507, -35.160610199, -85.9457015991, 84.4863891602, -123.977554321, 85.9242706299, -30.187204361, -36.3895950317, 88.4487762451, -44.0929450989], [50.2449798584, 219.958145142, 51.568321228, -24.4938468933, 36.8012199402, -24.3922634125, -19.9750232697, 22.0065937042, -75.6002807617, 27.4074077606, -42.6436653137, -34.7071342468, -26.4668331146], [-29.8481063843, 51.568321228, 98.0364379883, -11.2896280289, 44.2193565369, -23.2510490417, 1.45678400993, -6.47967433929, -25.3558959961, -0.642444431782, -19.3060054779, -14.7530956268, -36.8641471863], [-43.7653007507, -24.4938468933, -11.2896280289, 95.1423950195, -3.24648523331, 50.0615997314, -25.7145309448, 42.2827987671, 15.0584506989, 3.3948571682, 30.0754680634, -23.8504123688, 31.6482067108], [-35.160610199, 36.8012199402, 44.2193565369, -3.24648523331, 142.44821167, -9.80334091187, 27.2084884644, 19.5716094971, -23.9922981262, 20.214679718, -35.6239013672, 9.17764663696, -29.1887893677], [-85.9457015991, -24.3922634125, -23.2510490417, 50.0615997314, -9.80334091187, 128.160522461, -29.4531383514, 81.4997558594, -19.7682647705, -9.42949199677, 48.4555702209, -46.7255706787, 47.8384971619], [84.4863891602, -19.9750232697, 1.45678400993, -25.7145309448, 27.2084884644, -29.4531383514, 119.785049438, -33.6381340027, 42.5873985291, -11.9675102234, -25.4859523773, 41.7900123596, -27.5371608734], [-123.977554321, 22.0065937042, -6.47967433929, 42.2827987671, 19.5716094971, 81.4997558594, -33.6381340027, 193.76574707, -61.4833374023, 41.029045105, 41.5540122986, -54.4342765808, 42.1417503357], [85.9242706299, -75.6002807617, -25.3558959961, 15.0584506989, -23.9922981262, -19.7682647705, 42.5873985291, -61.4833374023, 155.318206787, -18.2708339691, 11.474480629, 40.4587097168, -2.32250475883], [-30.187204361, 27.4074077606, -0.642444431782, 3.3948571682, 20.214679718, -9.42949199677, -11.9675102234, 41.029045105, -18.2708339691, 120.303520203, -10.4529685974, 6.50762939453, 9.04454708099], [-36.3895950317, -42.6436653137, -19.3060054779, 30.0754680634, -35.6239013672, 48.4555702209, -25.4859523773, 41.5540122986, 11.474480629, -10.4529685974, 110.372589111, -14.5118875504, 31.7053623199], [88.4487762451, -34.7071342468, -14.7530956268, -23.8504123688, 9.17764663696, -46.7255706787, 41.7900123596, -54.4342765808, 40.4587097168, 6.50762939453, -14.5118875504, 103.252738953, -10.7322769165], [-44.0929450989, -26.4668331146, -36.8641471863, 31.6482067108, -29.1887893677, 47.8384971619, -27.5371608734, 42.1417503357, -2.32250475883, 9.04454708099, 31.7053623199, -10.7322769165, 92.6316375732]]
        icov: [[0.00417559407651, -0.00275551970117, 0.00188538641669, -0.000383261503885, 0.00132747751195, 0.000517664651852, -0.00183535029646, 0.00103808077984, -0.00138116651215, 0.000808759243228, -0.000216527187149, -0.00236242776737, 0.000901436898857], [-0.00275551970117, 0.00861773360521, -0.00309399422258, 0.00102634355426, -0.00116346590221, 0.000881227664649, 0.0017501283437, -0.00116298801731, 0.00291861733422, -0.00143997010309, 0.00174281315412, 0.0034050475806, -0.000191914223251], [0.00188538641669, -0.00309399422258, 0.016216987744, -0.000754932989366, -0.00332975899801, 0.00242013460957, -0.00041219079867, 0.00120367063209, 0.000382030761102, 0.00112894037738, -0.00114108598791, 0.00174050941132, 0.0042475098744], [-0.000383261503885, 0.00102634355426, -0.000754932989366, 0.0158478524536, -0.00162061210722, -0.00374880502932, 0.00278268847615, -0.00147696631029, -0.00356242153794, -0.000548742420506, -0.000639535835944, 0.0018724873662, -0.00227952562273], [0.00132747751195, -0.00116346590221, -0.00332975899801, -0.00162061210722, 0.0107658635825, -0.00103935424704, -0.0027137612924, -0.00143471371848, 0.000575638841838, -0.000734327477403, 0.0025378766004, -0.00306108826771, 0.00216597132385], [0.000517664651852, 0.000881227664649, 0.00242013460957, -0.00374880502932, -0.00103935424704, 0.0163377244025, -0.000629092333838, -0.00354697392322, 0.00103163230233, 0.00261880643666, -0.00271991756745, 0.00389355397783, -0.00344393006526], [-0.00183535029646, 0.0017501283437, -0.00041219079867, 0.00278268847615, -0.0027137612924, -0.000629092333838, 0.0130631616339, -0.00155350356363, -0.00263648247346, 0.00105731375515, 0.00191738794092, -0.00201205164194, 0.00151280744467], [0.00103808077984, -0.00116298801731, 0.00120367063209, -0.00147696631029, -0.00143471371848, -0.00354697392322, -0.00155350356363, 0.0104880975559, 0.00240135658532, -0.00307556963526, -0.00263816001825, 0.00198694411665, -0.00121440063231], [-0.00138116651215, 0.00291861733422, 0.000382030761102, -0.00356242153794, 0.000575638841838, 0.00103163230233, -0.00263648247346, 0.00240135658532, 0.0110622085631, -0.000425732898293, -0.00131972169038, -0.000343565829098, 4.88364821649e-05], [0.000808759243228, -0.00143997010309, 0.00112894037738, -0.000548742420506, -0.000734327477403, 0.00261880643666, 0.00105731375515, -0.00307556963526, -0.000425732898293, 0.0105770174414, 0.00107715092599, -0.00238830130547, -0.00094883114798], [-0.000216527187149, 0.00174281315412, -0.00114108598791, -0.000639535835944, 0.0025378766004, -0.00271991756745, 0.00191738794092, -0.00263816001825, -0.00131972169038, 0.00107715092599, 0.013407160528, -0.000901718100067, -0.000697806361131], [-0.00236242776737, 0.0034050475806, 0.00174050941132, 0.0018724873662, -0.00306108826771, 0.00389355397783, -0.00201205164194, 0.00198694411665, -0.000343565829098, -0.00238830130547, -0.000901718100067, 0.0173778422177, -0.00202952791005], [0.000901436898857, -0.000191914223251, 0.0042475098744, -0.00227952562273, 0.00216597132385, -0.00344393006526, 0.00151280744467, -0.00121440063231, 4.88364821649e-05, -0.00094883114798, -0.000697806361131, -0.00202952791005, 0.0171997305006]]
    spectral_contrast:
        mean: [-2.79483405308e-08, -2.56984378666e-07, 2.89013229349e-07, 7.36351296382e-07, 3.01246046774e-07, 5.59105444609e-07, -1.69907889358e-06, 3.53694645128e-07, -3.6922306208e-06, -2.37531435232e-06, 4.33616878581e-06, -9.42030624174e-07]
        var: [0.000526345218532, 0.000627744186204, 0.00121927785221, 0.00182303029578, 0.00340262171812, 0.0064331847243, 0.0272343698889, 0.0376615263522, 0.106590777636, 0.174723535776, 0.230664342642, 0.423591405153]

rhythm:
    beats_loudness:
        dmean: 0.00195520929992
        dmean2: 0.00315439747646
        dvar: 5.10896188644e-06
        dvar2: 5.15100327902e-06
        max: 0.0137950368226
        mean: 0.00492461631075
        min: 0.00136133551132
        var: 8.84651035449e-06
    beats_loudness_bass:
        dmean: 0.00525086466223
        dmean2: 0.010217406787
        dvar: 6.76557174302e-05
        dvar2: 0.000233385886531
        max: 0.0284933838993
        mean: 0.00411492446437
        min: 0.00015907381021
        var: 4.22873963544e-05
    bpm: 121.902015686
    bpm_confidence: 0
    first_peak_bpm: 122
    first_peak_spread: 0
    first_peak_weight: 0.5
    onset_rate: 2.8910317421
    second_peak_bpm: 161
    second_peak_spread: 0
    second_peak_weight: 0.454545468092
    beats_position: [0.177979901433, 0.670231223106, 1.16248250008, 1.65473389626, 2.14698505402, 2.6392364502, 3.13148760796, 3.62373900414, 4.1159901619, 4.60824155807, 5.10049295425, 5.5927438736, 6.02871990204, 6.40177440643, 6.77482843399, 7.14788246155, 7.52093648911, 7.89399147034, 8.26704597473, 8.64009952545, 9.01315498352, 9.38620853424, 9.75926303864]
    bpm_estimates: [122.146522522, 120.95879364, 120.572807312, 121.587936401, 121.639068604, 124.50692749]
    bpm_intervals: [0.492251336575, 0.49225127697, 0.492251396179, 0.492251157761, 0.492251396179, 0.492251157761, 0.492251396179, 0.492251157761, 0.492251396179, 0.492251396179, 0.492250919342, 0.435976028442, 0.373054504395, 0.373054027557, 0.373054027557, 0.373054027557, 0.373054981232, 0.373054504395, 0.37305355072, 0.373055458069, 0.37305355072, 0.373054504395]
    onset_times: [0.0580498874187, 0.232199549675, 0.835918366909, 1.07972788811, 1.33514738083, 1.45124721527, 1.81115651131, 1.8575963974, 2.83283448219, 3.56426310539, 4.09832191467, 4.31891155243, 4.58594083786, 4.86458063126, 5.32897949219, 5.59600925446, 5.8282084465, 6.07201814651, 6.32743787766, 6.60607719421, 7.2910656929, 7.54648542404, 7.89478445053, 8.08054447174, 8.56816291809, 8.82358264923, 9.10222244263, 9.32281208038, 9.57823085785]
    rubato_start: [6.40177440643]
    rubato_stop: [9.75926303864]
    perceptual_tempo: "unknown"

sfx:
    inharmonicity:
        dmean: 0.0715843439102
        dmean2: 0.127402976155
        dvar: 0.0062726973556
        dvar2: 0.0162922237068
        max: 0.400391787291
        mean: 0.0677195712924
        min: 2.75237343885e-05
        var: 0.00686086295173
    oddtoevenharmonicenergyratio:
        dmean: 23.3703193665
        dmean2: 45.9961433411
        dvar: 45742.6015625
        dvar2: 137870.1875
        max: 3136.06835938
        mean: 12.699754715
        min: 0.000321180006722
        var: 23242.7558594
    pitch_after_max_to_before_max_energy_ratio: 1.29003822803
    pitch_centroid: 189.573059082
    pitch_max_to_total: 0.172093018889
    pitch_min_to_total: 0.609302341938
    tristimulus:
        dmean: [0.245050057769, 0.264525830746, 0.105624370277]
        dmean2: [0.437799930573, 0.466514915228, 0.181613981724]
        dvar: [0.0518979467452, 0.0508688762784, 0.0115555524826]
        dvar2: [0.125529870391, 0.13732740283, 0.0327372550964]
        max: [0.978996217251, 0.981044888496, 0.788486480713]
        mean: [0.329162269831, 0.534399271011, 0.109862342477]
        min: [0.00152211193927, 0, 0]
        var: [0.0728939250112, 0.0731073990464, 0.0120500707999]

tonal:
    chords_changes_rate: 0.0185185186565
    chords_number_rate: 0.00925925932825
    chords_strength:
        dmean: 0.00563137931749
        dmean2: 0.00466322153807
        dvar: 2.18896457227e-05
        dvar2: 1.39059375215e-05
        max: 0.625855863094
        mean: 0.483101397753
        min: 0.361655056477
        var: 0.00545570626855
    key_strength: 0.688317835331
    tuning_diatonic_strength: 0.525966525078
    tuning_equal_tempered_deviation: 0.0391150675714
    tuning_frequency: 441.527557373
    tuning_nontempered_energy_ratio: 0.596940755844
    hpcp:
        dmean: [0.0174354519695, 0.035658441484, 0.105549089611, 0.126748979092, 0.0599957630038, 0.0144930137321, 0.0139761613682, 0.024197274819, 0.117120243609, 0.157473519444, 0.0845559835434, 0.0201561190188, 0.0179386679083, 0.0250677838922, 0.138186961412, 0.246676385403, 0.159917905927, 0.0259109716862, 0.0153750488535, 0.00632674247026, 0.00674815801904, 0.0134538784623, 0.0320380665362, 0.137705296278, 0.151086658239, 0.0614986158907, 0.0342445522547, 0.0266667492688, 0.0517433695495, 0.219757288694, 0.253247559071, 0.165480345488, 0.0222673434764, 0.0158556867391, 0.00804185215384, 0.00998090114444]
        dmean2: [0.0304190441966, 0.0629922226071, 0.17446769774, 0.206850156188, 0.101130858064, 0.0261149536818, 0.0241304580122, 0.0418044440448, 0.180067703128, 0.252925217152, 0.138583928347, 0.0362818911672, 0.0284740813076, 0.0424982309341, 0.223019912839, 0.41429361701, 0.262666910887, 0.0450497865677, 0.0263130702078, 0.0113579593599, 0.0117713315412, 0.0238443464041, 0.0530002601445, 0.216925233603, 0.245270073414, 0.0935617312789, 0.0668311789632, 0.051636878401, 0.0866654291749, 0.355498015881, 0.417735666037, 0.261511057615, 0.0399848595262, 0.0291577298194, 0.0150418831035, 0.0166526343673]
        dvar: [0.000545999151655, 0.00626655854285, 0.0304486956447, 0.0324656032026, 0.00908097345382, 0.00059608311858, 0.000340869650245, 0.000934842217248, 0.0178193449974, 0.0430493988097, 0.0101213734597, 0.00194751285017, 0.00121794990264, 0.0014342579525, 0.0144733125344, 0.0584130696952, 0.0186036080122, 0.0013198928209, 0.000618245103396, 0.000119881944556, 0.000184225937119, 0.00174946326297, 0.00362655869685, 0.0358973219991, 0.0373624227941, 0.00455074105412, 0.0141738392413, 0.00814064964652, 0.0047907596454, 0.0398673266172, 0.067345328629, 0.0185954477638, 0.00116172246635, 0.00161212624516, 0.000410072068917, 0.00015951799287]
        dvar2: [0.00142960669473, 0.0174005907029, 0.0686383545399, 0.0650374144316, 0.0234347302467, 0.00176175765228, 0.000878262100741, 0.00246119406074, 0.034260969609, 0.0773078426719, 0.0219434369355, 0.00552202621475, 0.00303042982705, 0.00355897890404, 0.0352859087288, 0.118278443813, 0.0412012077868, 0.00362689560279, 0.00172834645491, 0.000309049413772, 0.000495643005706, 0.00511525105685, 0.00933463871479, 0.0794935822487, 0.0753251314163, 0.0117947636172, 0.0417442955077, 0.0238725617528, 0.0123857483268, 0.0785221904516, 0.132612213492, 0.049357753247, 0.00331919873133, 0.00467328680679, 0.00121229828801, 0.000422346114647]
        max: [0.181578710675, 0.718060493469, 1, 1, 0.638802170753, 0.223163187504, 0.163742735982, 0.222046270967, 0.948540270329, 1, 0.654631972313, 0.329992979765, 0.410634815693, 0.433715045452, 0.79923582077, 1, 0.966750204563, 0.300045371056, 0.197310134768, 0.100683160126, 0.108821682632, 0.409423261881, 0.570627450943, 1, 1, 0.510075747967, 1, 0.640377640724, 0.425482064486, 1, 1, 0.886476516724, 0.252108752728, 0.351643145084, 0.146638646722, 0.0797783434391]
        mean: [0.023023141548, 0.0328123047948, 0.134389936924, 0.182933419943, 0.0762088298798, 0.0173399522901, 0.0184656288475, 0.0325750932097, 0.266965299845, 0.400483638048, 0.170886442065, 0.0221732277423, 0.0221517831087, 0.0337664596736, 0.289890438318, 0.529374420643, 0.279973238707, 0.0345811322331, 0.0219293069094, 0.00948486104608, 0.00849966984242, 0.0134755037725, 0.0352729447186, 0.214989677072, 0.288236439228, 0.109863176942, 0.0225999746472, 0.0178695712239, 0.0492133758962, 0.445168703794, 0.677353620529, 0.28991279006, 0.0236626416445, 0.0158172100782, 0.00851106084883, 0.0146126234904]
        min: [0.00216615595855, 0.00180377590004, 0.00140365841798, 0.00174654822331, 0.00129057746381, 0.00105375715066, 0.00111818942241, 0.00174214621074, 0.00344297080301, 0.00376484077424, 0.00152084685396, 0.000542209250852, 0.000559488718864, 0.00177941843867, 0.0163171216846, 0.0322838947177, 0.0137881403789, 0.00159453880042, 0.000427801016485, 0.000379364442779, 0.000355897267582, 0.000290502561256, 0.000391307112295, 0.00361498631537, 0.00720022339374, 0.00345040182583, 0.000523495255038, 0.000315509416396, 0.000499542627949, 0.0118057848886, 0.0385111011565, 0.0202501285821, 0.000581125321332, 0.000285419722786, 0.000255029677646, 0.000972571258899]
        var: [0.000546358118299, 0.00418153358623, 0.0411556959152, 0.0612445659935, 0.0112754097208, 0.000509229197633, 0.000399753305828, 0.00120767753106, 0.0697064846754, 0.150935858488, 0.0284554213285, 0.00162739446387, 0.00178330542985, 0.00216967589222, 0.0310047715902, 0.111064784229, 0.0359890908003, 0.00146294292063, 0.000816787534859, 0.000182731513632, 0.000176121044206, 0.00105599442031, 0.00334347528405, 0.0602482110262, 0.0841773971915, 0.0111998431385, 0.00751330005005, 0.00438801432028, 0.00482781929895, 0.0760040730238, 0.114123955369, 0.0316768549383, 0.000970069610048, 0.00104106904473, 0.000254632293945, 0.000192765553948]
    chords_histogram: [0, 0, 79.1666641235, 0, 0, 0, 0, 20.8333339691, 0, 0, 0, 0, 0, 0, 0, 0, 0, 0, 0, 0, 0, 0, 0, 0]
    thpcp: [1, 0.428008019924, 0.0349339544773, 0.0233514811844, 0.0125651666895, 0.0215731095523, 0.0339898392558, 0.0484419129789, 0.198404401541, 0.270070791245, 0.112509667873, 0.0255995560437, 0.0272614303976, 0.0480917096138, 0.394129872322, 0.591247498989, 0.252285420895, 0.0327350832522, 0.0327034257352, 0.04985056445, 0.427975028753, 0.781533300877, 0.413333922625, 0.0510532930493, 0.0323749743402, 0.0140028204769, 0.0125483488664, 0.0198943410069, 0.052074637264, 0.317396521568, 0.425533175468, 0.16219471395, 0.0333651043475, 0.0263814516366, 0.072655364871, 0.657217562199]
    chords_key: "G"
    chords_scale: "minor"
    key_key: "C"
    key_scale: "minor"
    chords_progression: ["Gm", "Gm", "Gm", "Gm", "Gm", "Gm", "Gm", "Gm", "Gm", "Gm", "Gm", "Gm", "Gm", "Gm", "Gm", "Gm", "Gm", "Gm", "Gm", "Gm", "Gm", "Gm", "Gm", "Gm", "Gm", "Gm", "Gm", "Gm", "Gm", "Gm", "Gm", "Gm", "Gm", "Gm", "Gm", "Gm", "Gm", "Gm", "Gm", "Gm", "Gm", "Gm", "Gm", "Gm", "Gm", "Gm", "Gm", "Gm", "Gm", "Gm", "Gm", "Gm", "Gm", "Gm", "Gm", "Gm", "Gm", "Gm", "Gm", "Gm", "Gm", "Gm", "Gm", "Gm", "Gm", "Gm", "Gm", "Gm", "Gm", "Gm", "Gm", "Gm", "Gm", "Gm", "Gm", "Gm", "Gm", "Gm", "Gm", "Gm", "Gm", "Gm", "Gm", "Gm", "Gm", "Gm", "Gm", "Gm", "Gm", "Gm", "Gm", "Gm", "Gm", "Gm", "Gm", "Gm", "Gm", "Gm", "Gm", "Gm", "Gm", "Gm", "Gm", "Gm", "Gm", "Gm", "Gm", "Gm", "Gm", "Gm", "Gm", "Gm", "Gm", "Gm", "Gm", "Gm", "Gm", "Gm", "Gm", "Gm", "Gm", "Gm", "Gm", "Gm", "Gm", "Gm", "C", "C", "C", "C", "C", "C", "C", "C", "C", "C", "C", "C", "C", "C", "C", "C", "C", "C", "C", "C", "C", "C", "C", "C", "C", "C", "C", "C", "C", "C", "C", "C", "C", "C", "C", "C", "C", "C", "C", "C", "Gm", "C", "C", "C", "C", "C", "Gm", "Gm", "Gm", "Gm", "Gm", "Gm", "Gm", "Gm", "Gm", "Gm", "Gm", "Gm", "Gm", "Gm", "Gm", "Gm", "Gm", "Gm", "Gm", "Gm", "Gm", "Gm", "Gm", "Gm", "Gm", "Gm", "Gm", "Gm", "Gm", "Gm", "Gm", "Gm", "Gm", "Gm", "Gm", "Gm", "Gm", "Gm", "Gm", "Gm", "Gm", "Gm", "Gm", "Gm"]
