
metadata:
    version:
        essentia: "1.2.2"
    audio_properties:
        analysis_sample_rate: 44100
        bitrate: 128
        channels: 2
        equal_loudness: 1
        length: 10.0310201645
        replay_gain: -7.94969367981
        downmix: "mix"
    tags:
        track: 22
        year: 0
        album: "Splitted by Mp3Splt v. 2.1"
        artist: "From 003.30 To 003.40"
        comment: "http://mp3splt.sf.net"
        genre: ""
        title: "05 Dead Skin Cells.mp3"

highlevel:
    ballroom:
        all:
            ChaChaCha: 0.0273907072842
            Jive: 0.155035793781
            Quickstep: 0.557322978973
            Rumba-American: 0.00160932273138
            Rumba-International: 0.00798426475376
            Rumba-Misc: 0.00363196153194
            Samba: 0.0663885101676
            Tango: 0.126552119851
            VienneseWaltz: 0.0368838533759
            Waltz: 0.0172004587948
        probability: 0.557322978973
        value: "Quickstep"
    culture:
        all:
            non_western: 0.0642179399729
            western: 0.935782074928
        probability: 0.935782074928
        value: "western"
    gender:
        all:
            female: 0.611028194427
            male: 0.388971805573
        probability: 0.611028194427
        value: "female"
    genre_dortmund:
        all:
            alternative: 0.00858373567462
            blues: 0.011713004671
            electronic: 0.760984063148
            folkcountry: 0.0370785444975
            funksoulrnb: 0.00510334828869
            jazz: 0.105140917003
            pop: 0.0139989713207
            raphiphop: 0.0484898127615
            rock: 0.00890759192407
        probability: 0.760984063148
        value: "electronic"
    genre_electronica:
        all:
            ambient: 0.732906699181
            dnb: 0.0795125514269
            house: 0.0903640389442
            techno: 0.0532939508557
            trance: 0.0439227372408
        probability: 0.732906699181
        value: "ambient"
    genre_rosamerica:
        all:
            cla: 0.410237282515
            dan: 0.0818300172687
            hip: 0.103672735393
            jaz: 0.185308650136
            pop: 0.0460877269506
            rhy: 0.121394306421
            roc: 0.0447926707566
            spe: 0.0066766156815
        probability: 0.410237282515
        value: "cla"
    genre_tzanetakis:
        all:
            blu: 0.0700245425105
            cla: 0.0508029125631
            cou: 0.0532910861075
            dis: 0.207378357649
            hip: 0.0292798262089
            jaz: 0.123393729329
            met: 0.026415720582
            pop: 0.0760508179665
            reg: 0.23356500268
            roc: 0.129798009992
        probability: 0.23356500268
        value: "reg"
    live_studio:
        all:
            live: 0.0712742209435
            studio: 0.928725779057
        probability: 0.928725779057
        value: "studio"
    mood:
        all:
            Cluster1: 0.399625778198
            Cluster2: 0.204065352678
            Cluster3: 0.0430654659867
            Cluster4: 0.119646884501
            Cluster5: 0.233596518636
        probability: 0.399625778198
        value: "Cluster1"
    mood_acoustic:
        all:
            acoustic: 0.133719310164
            not_acoustic: 0.866280674934
        probability: 0.866280674934
        value: "not_acoustic"
    mood_aggressive:
        all:
            aggressive: 0.0589449293911
            not_aggressive: 0.941055059433
        probability: 0.941055059433
        value: "not_aggressive"
    mood_electronic:
        all:
            electronic: 0.980497121811
            not_electronic: 0.0195028558373
        probability: 0.980497121811
        value: "electronic"
    mood_happy:
        all:
            happy: 0.29802313447
            not_happy: 0.701976835728
        probability: 0.701976835728
        value: "not_happy"
    mood_party:
        all:
            not_party: 0.54551333189
            party: 0.454486638308
        probability: 0.54551333189
        value: "not_party"
    mood_relaxed:
        all:
            not_relaxed: 0.104828163981
            relaxed: 0.895171821117
        probability: 0.895171821117
        value: "relaxed"
    mood_sad:
        all:
            not_sad: 0.541596531868
            sad: 0.458403497934
        probability: 0.541596531868
        value: "not_sad"
    rhythm:
        all:
            fast: 0.366016507149
            medium: 0.338706642389
            slow: 0.295276880264
        probability: 0.366016507149
        value: "fast"
    speech_music:
        all:
            music: 0.513664484024
            speech: 0.486335515976
        probability: 0.513664484024
        value: "music"
    timbre:
        all:
            bright: 0.482901364565
            dark: 0.517098605633
        probability: 0.517098605633
        value: "dark"
    voice_instrumental:
        all:
            instrumental: 0.967378139496
            voice: 0.032621845603
        probability: 0.967378139496
        value: "instrumental"

lowlevel:
    average_loudness: 0.95538598299
    barkbands_kurtosis:
        dmean: 1.83519506454
        dmean2: 2.9476313591
        dvar: 6.9571146965
        dvar2: 18.6491680145
        max: 15.7171840668
        mean: 1.08842158318
        min: -1.84039521217
        var: 8.94271183014
    barkbands_skewness:
        dmean: 0.525563895702
        dmean2: 0.741343557835
        dvar: 0.248298585415
        dvar2: 0.547307372093
        max: 3.67419981956
        mean: 0.825224995613
        min: -3.70039558411
        var: 1.32762956619
    barkbands_spread:
        dmean: 5.73859405518
        dmean2: 8.8770160675
        dvar: 24.6531829834
        dvar2: 61.3585205078
        max: 59.3105888367
        mean: 24.8602180481
        min: 6.69504165649
        var: 87.2549133301
    dissonance:
        dmean: 0.0209487862885
        dmean2: 0.0334918424487
        dvar: 0.000341681268765
        dvar2: 0.000901843246538
        max: 0.499083966017
        mean: 0.450078308582
        min: 0.326386988163
        var: 0.000903921376448
    hfc:
        dmean: 2.20381355286
        dmean2: 3.10411715508
        dvar: 52.7827720642
        dvar2: 83.9827651978
        max: 79.7310180664
        mean: 4.15215873718
        min: 0.246823549271
        var: 118.498985291
    pitch:
        dmean: 403.727905273
        dmean2: 789.166442871
        dvar: 902295
        dvar2: 2190965.75
        max: 4009.09082031
        mean: 1035.2935791
        min: 65.9192810059
        var: 2006480.25
    pitch_instantaneous_confidence:
        dmean: 0.0801292285323
        dmean2: 0.120454758406
        dvar: 0.00396724324673
        dvar2: 0.010224500671
        max: 0.702589154243
        mean: 0.406099617481
        min: 0.137681126595
        var: 0.011149674654
    pitch_salience:
        dmean: 0.0631527453661
        dmean2: 0.103241279721
        dvar: 0.0040647983551
        dvar2: 0.0109499115497
        max: 0.833481907845
        mean: 0.630599498749
        min: 0.342253565788
        var: 0.00684263557196
    silence_rate_20dB:
        dmean: 0
        dmean2: 0
        dvar: 0
        dvar2: 0
        max: 1
        mean: 1
        min: 1
        var: 0
    silence_rate_30dB:
        dmean: 0
        dmean2: 0
        dvar: 0
        dvar2: 0
        max: 1
        mean: 1
        min: 1
        var: 0
    silence_rate_60dB:
        dmean: 0.0881670564413
        dmean2: 0.176744192839
        dvar: 0.0803941041231
        dvar2: 0.150156632066
        max: 1
        mean: 0.85185188055
        min: 0
        var: 0.126200929284
    spectral_centroid:
        dmean: 256.409057617
        dmean2: 357.151824951
        dvar: 55410.9335938
        dvar2: 100598.945312
        max: 3284.13916016
        mean: 1257.17993164
        min: 253.876876831
        var: 442821
    spectral_complexity:
        dmean: 2.57342648506
        dmean2: 3.91822433472
        dvar: 25.0091438293
        dvar2: 49.3974533081
        max: 49
        mean: 6.87209320068
        min: 0
        var: 75.0693740845
    spectral_crest:
        dmean: 2.03551101685
        dmean2: 3.26046442986
        dvar: 3.26726818085
        dvar2: 7.21307468414
        max: 16.9697780609
        mean: 7.95874023438
        min: 2.80767798424
        var: 7.67744445801
    spectral_decrease:
        dmean: 2.75898331958e-10
        dmean2: 4.3052836296e-10
        dvar: 3.90354673623e-19
        dvar2: 8.26796232062e-19
        max: -4.91411529524e-11
        mean: -5.14361830906e-10
        min: -4.78710093788e-09
        var: 6.00211403154e-19
    spectral_energy:
        dmean: 0.00123286864255
        dmean2: 0.00189508241601
        dvar: 8.30281805975e-06
        dvar2: 1.61033840413e-05
        max: 0.0252617765218
        mean: 0.00231793266721
        min: 0.000210172103834
        var: 1.46669908645e-05
    spectral_energyband_high:
        dmean: 0.000116514478577
        dmean2: 0.000167506092112
        dvar: 1.21941027942e-07
        dvar2: 2.75752171319e-07
        max: 0.00356935965829
        mean: 0.000185441895155
        min: 6.30343265584e-06
        var: 2.35864092701e-07
    spectral_energyband_low:
        dmean: 0.000272606645012
        dmean2: 0.000495897198562
        dvar: 8.82133349478e-07
        dvar2: 2.46628610512e-06
        max: 0.0059935124591
        mean: 0.00020597121329
        min: 1.96696237253e-06
        var: 5.421875926e-07
    spectral_energyband_middle_high:
        dmean: 0.000596754951403
        dmean2: 0.000858968356624
        dvar: 4.31081798524e-06
        dvar2: 7.29127214072e-06
        max: 0.0203699208796
        mean: 0.00104918319266
        min: 6.99754891684e-05
        var: 8.63339391799e-06
    spectral_energyband_middle_low:
        dmean: 0.000440584262833
        dmean2: 0.000722029013559
        dvar: 6.15367639512e-07
        dvar2: 1.68814187873e-06
        max: 0.00567163061351
        mean: 0.000877315527759
        min: 9.9561373645e-05
        var: 6.52901007925e-07
    spectral_flatness_db:
        dmean: 0.0185607839376
        dmean2: 0.0293564703315
        dvar: 0.000341262493748
        dvar2: 0.000883704284206
        max: 0.261631429195
        mean: 0.181156978011
        min: 0.0853705331683
        var: 0.000804862298537
    spectral_flux:
        dmean: 0.00853553600609
        dmean2: 0.0123589420691
        dvar: 0.000193811662029
        dvar2: 0.000321117782732
        max: 0.119599640369
        mean: 0.0254933871329
        min: 0.00793829653412
        var: 0.000459192146081
    spectral_kurtosis:
        dmean: 1.81407415867
        dmean2: 3.23928642273
        dvar: 3.02102351189
        dvar2: 9.40633583069
        max: 14.6084136963
        mean: 2.92254042625
        min: -0.282825231552
        var: 4.74041843414
    spectral_rms:
        dmean: 0.000303393753711
        dmean2: 0.000431941705756
        dvar: 2.53789721683e-07
        dvar2: 4.84646932364e-07
        max: 0.00496443687007
        mean: 0.00128573249094
        min: 0.000452820007922
        var: 6.08288530657e-07
    spectral_rolloff:
        dmean: 567.040710449
        dmean2: 894.131408691
        dvar: 394934.71875
        dvar2: 851173.0625
        max: 5017.23632812
        mean: 2365.09667969
        min: 215.33203125
        var: 1422585.625
    spectral_skewness:
        dmean: 0.239939406514
        dmean2: 0.390929430723
        dvar: 0.0436126589775
        dvar2: 0.112590685487
        max: 2.39736294746
        mean: 1.09140217304
        min: 0.229523524642
        var: 0.176675453782
    spectral_spread:
        dmean: 369413.0625
        dmean2: 561873.3125
        dvar: 577064140800
        dvar2: 698893664256
        max: 18900880
        mean: 3411582.25
        min: 1954126.125
        var: 876724158464
    spectral_strongpeak:
        dmean: 0.230846807361
        dmean2: 0.355534911156
        dvar: 0.294459730387
        dvar2: 0.596560060978
        max: 4.8861823082
        mean: 0.442578703165
        min: 0.0108117554337
        var: 0.595973789692
    zerocrossingrate:
        dmean: 0.00957440957427
        dmean2: 0.0110787367448
        dvar: 7.40287869121e-05
        dvar2: 7.70012484281e-05
        max: 0.15869140625
        mean: 0.0764092057943
        min: 0.02880859375
        var: 0.000849356991239
    barkbands:
        dmean: [5.09438166318e-07, 8.70884177857e-05, 0.000201735034352, 0.000103603284515, 0.000126826198539, 0.000153282293468, 6.84006299707e-05, 8.68229544722e-05, 1.3520554603e-05, 3.37437959388e-05, 1.44120858749e-05, 2.76385217148e-05, 1.39376161314e-05, 1.68685419339e-05, 4.59446018795e-05, 3.9094753447e-05, 0.0001109158693, 0.000140027914313, 0.000243836126174, 0.000152322216309, 3.39694088325e-05, 7.86112377682e-06, 1.694070761e-06, 1.24494633269e-07, 4.13048484305e-09, 8.54779913517e-10, 5.02356545251e-10]
        dmean2: [7.06020784946e-07, 0.000146517690155, 0.000378703145543, 0.000189422033145, 0.000215146428673, 0.000245067232754, 0.000103582890006, 0.00012533015979, 2.22628350457e-05, 4.87683610118e-05, 2.23299266509e-05, 4.25417420047e-05, 2.3256352506e-05, 2.4729706638e-05, 8.46041948535e-05, 5.82161083003e-05, 0.000168300728546, 0.000201892253244, 0.000320509716403, 0.000213470775634, 5.29628814547e-05, 1.34899864861e-05, 2.98204167848e-06, 1.93153013583e-07, 6.94014268277e-09, 1.1672437461e-09, 5.86556192506e-10]
        dvar: [6.03810079193e-13, 6.33540722106e-08, 5.21485105764e-07, 8.50944132935e-08, 1.02354270837e-07, 5.37619015972e-08, 8.42403746759e-09, 1.43699345756e-08, 4.53518528287e-10, 1.83796566855e-09, 4.55244258957e-10, 1.05645281412e-09, 1.28670607502e-09, 3.29435634328e-09, 4.01968023311e-08, 1.73371965673e-08, 1.70750226403e-07, 2.28619867926e-07, 6.44562874186e-07, 2.78707148027e-07, 6.01618976859e-09, 1.34319999567e-10, 6.7347867734e-12, 3.59236329106e-14, 1.26356550188e-16, 6.52182811557e-17, 7.22731126943e-17]
        dvar2: [1.21019047648e-12, 1.60682787964e-07, 1.51154881678e-06, 2.365976286e-07, 2.804514736e-07, 1.4607525145e-07, 2.00107574955e-08, 3.26843512255e-08, 1.1782143039e-09, 3.65601748875e-09, 1.06523234678e-09, 2.17556506144e-09, 3.39000627569e-09, 7.1677348501e-09, 1.16098867409e-07, 3.92432966123e-08, 3.36423369163e-07, 4.8414142384e-07, 1.08147321498e-06, 6.02773525316e-07, 9.99673677171e-09, 3.28556015727e-10, 1.76862552381e-11, 7.45910562591e-14, 2.51331774928e-16, 6.67733343852e-17, 7.25462212627e-17]
        max: [8.50703054311e-06, 0.00174905220047, 0.00456601474434, 0.00204536644742, 0.00258608511649, 0.0018101898022, 0.000917247671168, 0.00180621456821, 0.000232942737057, 0.000521228590515, 0.000238530919887, 0.000311123003485, 0.000355673284503, 0.000500937283505, 0.00148171314504, 0.00129076919984, 0.00356905674562, 0.00420623924583, 0.0100658228621, 0.00568193616346, 0.00089734402718, 0.000134755653562, 2.12859140447e-05, 1.77441586402e-06, 1.79129443723e-07, 1.67882475921e-07, 1.76310834377e-07]
        mean: [1.09432983209e-06, 7.82112911111e-05, 0.000126687824377, 7.37340451451e-05, 0.000161900112289, 0.000291230069706, 0.000131138280267, 0.000171156440047, 2.0946155928e-05, 6.03167172812e-05, 2.20463844016e-05, 3.99940508942e-05, 1.94728545466e-05, 2.03993804462e-05, 4.29537394666e-05, 5.41257577424e-05, 0.000154066321556, 0.000212632658076, 0.000345419422956, 0.000216826505493, 5.95938254264e-05, 1.18672687677e-05, 1.95584289031e-06, 1.58601650924e-07, 5.30848209834e-09, 1.1080952822e-09, 4.77140271737e-10]
        min: [1.42772549339e-09, 2.26592902663e-07, 3.96273549086e-07, 8.62576001737e-08, 1.26153224755e-06, 6.94246000421e-06, 2.30925729738e-06, 2.36977984969e-06, 7.15764201686e-07, 8.20466198093e-07, 4.46219530659e-07, 1.11293286409e-06, 4.24090927709e-07, 2.94474148177e-07, 1.19782930597e-06, 8.04748140126e-07, 2.82667588181e-06, 4.15703243561e-06, 4.20722017225e-06, 3.98913789468e-06, 1.59089597673e-06, 2.99579198781e-07, 3.00592546409e-08, 9.0432418498e-11, 7.51128065996e-12, 3.91040359815e-11, 9.55223584693e-14]
        var: [3.48227393102e-12, 5.0796458595e-08, 2.86546480766e-07, 5.48857812532e-08, 9.1866311891e-08, 7.40268504273e-08, 1.38074485179e-08, 3.43245325496e-08, 5.07166364461e-10, 4.46929826481e-09, 5.90078430562e-10, 2.00326666366e-09, 1.25476828927e-09, 4.19677625985e-09, 2.76731242366e-08, 2.6202561898e-08, 2.54976868064e-07, 3.81825913109e-07, 1.36803055284e-06, 4.50235916105e-07, 2.04026751049e-08, 3.47983003524e-10, 1.03539928367e-11, 8.92464135363e-14, 1.31038273341e-16, 6.57622814486e-17, 7.21142013724e-17]
    mfcc:
        mean: [-793.559692383, 148.491653442, -66.4572753906, 75.560760498, -46.9239959717, -0.0526984557509, -20.8259849548, 2.17799305916, -13.8424329758, -2.26092767715, -2.90598011017, 7.46060609818, 2.88127017021]
        cov: [[2193.26147461, -850.206604004, -257.072052002, 331.729217529, 211.89855957, -26.1354999542, -23.8568935394, 45.7338981628, -216.621307373, 181.600402832, -218.582092285, 4.900411129, -204.077560425], [-850.206604004, 859.688659668, 208.457870483, -93.0360946655, -67.1502838135, 79.3876876831, 45.0284805298, 5.96073865891, 96.5119857788, -79.9732284546, 67.8669052124, -9.54789638519, 73.2656860352], [-257.072052002, 208.457870483, 348.042510986, -50.5705299377, 36.6168441772, 61.0008277893, 43.6867408752, 63.9285392761, 47.1277198792, 15.6124401093, 14.417632103, 17.0481338501, -7.73489618301], [331.729217529, -93.0360946655, -50.5705299377, 254.552703857, 49.5536422729, 72.2096481323, -9.98305511475, 53.4103775024, -44.2374610901, 74.2838592529, -36.054359436, 22.9759292603, -18.3021793365], [211.89855957, -67.1502838135, 36.6168441772, 49.5536422729, 222.603637695, 7.46051502228, 97.6639328003, -21.7312240601, 21.9330215454, 27.139125824, -25.9110107422, 13.982708931, -21.0349063873], [-26.1354999542, 79.3876876831, 61.0008277893, 72.2096481323, 7.46051502228, 197.050567627, -2.4066221714, 107.867553711, -20.3712253571, 16.1918010712, 24.6189193726, 16.6061019897, 24.9435863495], [-23.8568935394, 45.0284805298, 43.6867408752, -9.98305511475, 97.6639328003, -2.4066221714, 131.575424194, -12.4948177338, 39.2976570129, -5.90180253983, -3.7576584816, 14.3059635162, 1.65459263325], [45.7338981628, 5.96073865891, 63.9285392761, 53.4103775024, -21.7312240601, 107.867553711, -12.4948177338, 137.349273682, -23.2754058838, 44.656539917, 4.52351140976, 12.8301382065, 7.38540887833], [-216.621307373, 96.5119857788, 47.1277198792, -44.2374610901, 21.9330215454, -20.3712253571, 39.2976570129, -23.2754058838, 120.001838684, -19.3088512421, 55.2161941528, -15.6554307938, 18.0942268372], [181.600402832, -79.9732284546, 15.6124401093, 74.2838592529, 27.139125824, 16.1918010712, -5.90180253983, 44.656539917, -19.3088512421, 101.573989868, -22.4155902863, 32.6931304932, -23.29570961], [-218.582092285, 67.8669052124, 14.417632103, -36.054359436, -25.9110107422, 24.6189193726, -3.7576584816, 4.52351140976, 55.2161941528, -22.4155902863, 114.61114502, -8.62683296204, 33.8901405334], [4.900411129, -9.54789638519, 17.0481338501, 22.9759292603, 13.982708931, 16.6061019897, 14.3059635162, 12.8301382065, -15.6554307938, 32.6931304932, -8.62683296204, 77.1306991577, 9.53948783875], [-204.077560425, 73.2656860352, -7.73489618301, -18.3021793365, -21.0349063873, 24.9435863495, 1.65459263325, 7.38540887833, 18.0942268372, -23.29570961, 33.8901405334, 9.53948783875, 71.5326843262]]
        icov: [[0.00139381189365, 0.000723082572222, 0.000590245937929, -0.00067963526817, -0.000933353905566, 5.40283508599e-05, 6.26706460025e-05, -0.000617379497271, 0.000866468646564, -0.000328015419655, 0.000645001244266, 0.000435915397247, 0.00220505474135], [0.000723082572222, 0.00227594189346, -0.000868687813636, -0.000484823860461, 0.000737496709917, -0.00108702504076, -0.000766264158301, 0.000883645785507, -0.000426857935963, 0.000415677757701, 0.000685434206389, 0.000495277694426, -0.000111191009637], [0.000590245937929, -0.000868687813636, 0.0051465597935, 0.00146028271411, -0.00172599952202, -0.000378990371246, 0.00022065785015, -0.00318917701952, -0.00122189847752, -0.000584835070185, 0.000649884226732, -0.00118406570982, 0.00342118716799], [-0.00067963526817, -0.000484823860461, 0.00146028271411, 0.00704816542566, -0.000991679728031, -0.00264852517284, 0.000757027301006, -2.62785833911e-05, -0.000318223668728, -0.00369671918452, 0.000933007220738, -0.000168149796082, -0.000407023268053], [-0.000933353905566, 0.000737496709917, -0.00172599952202, -0.000991679728031, 0.00990919210017, -0.00271161156707, -0.00653473706916, 0.00497529190034, -0.00158708333038, -0.00220587546937, 0.000851756252814, 0.00085540721193, -0.00119613565039], [5.40283508599e-05, -0.00108702504076, -0.000378990371246, -0.00264852517284, -0.00271161156707, 0.0125458566472, 0.00110737956129, -0.00946317333728, 0.00268174847588, 0.00394421815872, -0.0031553786248, -0.0014155554818, -0.00138200528454], [6.26706460025e-05, -0.000766264158301, 0.00022065785015, 0.000757027301006, -0.00653473706916, 0.00110737956129, 0.0141085870564, -0.00231431936845, -0.00349698960781, 0.00299689848907, 0.00150983943604, -0.00351947685704, 0.000400610180805], [-0.000617379497271, 0.000883645785507, -0.00318917701952, -2.62785833911e-05, 0.00497529190034, -0.00946317333728, -0.00231431936845, 0.0195579864085, 0.00101965584327, -0.00783379934728, 0.000277554587228, 0.00317457527854, -0.0035848133266], [0.000866468646564, -0.000426857935963, -0.00122189847752, -0.000318223668728, -0.00158708333038, 0.00268174847588, -0.00349698960781, 0.00101965584327, 0.0161058735102, -0.00197785510682, -0.00675742886961, 0.00389270088635, -0.000766344601288], [-0.000328015419655, 0.000415677757701, -0.000584835070185, -0.00369671918452, -0.00220587546937, 0.00394421815872, 0.00299689848907, -0.00783379934728, -0.00197785510682, 0.0203793160617, 0.000109140957647, -0.00798256788403, 0.0044948104769], [0.000645001244266, 0.000685434206389, 0.000649884226732, 0.000933007220738, 0.000851756252814, -0.0031553786248, 0.00150983943604, 0.000277554587228, -0.00675742886961, 0.000109140957647, 0.0147276129574, 0.000365459680324, -0.00254715490155], [0.000435915397247, 0.000495277694426, -0.00118406570982, -0.000168149796082, 0.00085540721193, -0.0014155554818, -0.00351947685704, 0.00317457527854, 0.00389270088635, -0.00798256788403, 0.000365459680324, 0.0184365622699, -0.00515202339739], [0.00220505474135, -0.000111191009637, 0.00342118716799, -0.000407023268053, -0.00119613565039, -0.00138200528454, 0.000400610180805, -0.0035848133266, -0.000766344601288, 0.0044948104769, -0.00254715490155, -0.00515202339739, 0.0246926732361]]
    spectral_contrast:
        mean: [-4.64607580852e-07, 1.13985223038e-07, -1.38563478913e-07, -7.87249163636e-08, 1.88742262708e-07, -8.51272119462e-08, 2.29878128266e-06, 2.9816183087e-06, -9.27891846914e-07, 3.94000562665e-06, -2.46652348324e-06, 5.16342538504e-07]
        var: [0.000248869706411, 0.000631325819995, 0.00099790119566, 0.0011776102474, 0.00219395128079, 0.0038404983934, 0.0404506027699, 0.103422924876, 0.174906015396, 0.266168564558, 0.482264131308, 1.45798778534]

rhythm:
    beats_loudness:
        dmean: 0.0112122129649
        dmean2: 0.0213456619531
        dvar: 3.95876995753e-05
        dvar2: 0.000158561422722
        max: 0.0236640423536
        mean: 0.00760299572721
        min: 0.000564538408071
        var: 5.31150872121e-05
    beats_loudness_bass:
        dmean: 0.32806494832
        dmean2: 0.647608339787
        dvar: 0.0572675466537
        dvar2: 0.121615171432
        max: 0.742946505547
        mean: 0.212212696671
        min: 0.0147048020735
        var: 0.0596760809422
    bpm: 75.6892547607
    bpm_confidence: 0
    first_peak_bpm: 152
    first_peak_spread: 0
    first_peak_weight: 0.5625
    onset_rate: 4.78515625
    second_peak_bpm: 76
    second_peak_spread: 0
    second_peak_weight: 0.4375
    beats_position: [0.664644598961, 1.45736122131, 2.25007772446, 3.04279446602, 3.83551073074, 4.62822723389, 5.42094373703, 6.22146606445, 6.61669826508, 7.01193141937, 7.40716409683, 7.80239629745, 8.19762897491, 8.59286117554, 8.98809337616, 9.38332653046, 9.77855873108]
    bpm_estimates: [75.8455429077, 75.6294403076, 75.7942733765, 75.5747299194, 75.7524185181, 75.6910629272, 75.5372924805]
    bpm_intervals: [0.792716622353, 0.792716503143, 0.792716741562, 0.792716264725, 0.792716503143, 0.792716503143, 0.800522327423, 0.395232200623, 0.395233154297, 0.39523267746, 0.395232200623, 0.39523267746, 0.395232200623, 0.395232200623, 0.395233154297, 0.395232200623]
    onset_times: [0.0580498874187, 0.220589563251, 0.441179126501, 0.638548731804, 1.04489791393, 1.23065757751, 1.4164172411, 1.63700675964, 1.83437645435, 2.03174614906, 2.22911572456, 2.4497051239, 2.62385487556, 2.85605430603, 2.97215414047, 3.19274377823, 3.36689352989, 3.61070299149, 3.72680282593, 3.81968259811, 4.22603178024, 4.42340135574, 4.59755086899, 4.81814050674, 5.01551008224, 5.21287965775, 5.41024923325, 5.630838871, 5.80498886108, 6.01396846771, 6.19972801208, 6.59446716309, 6.80344676971, 6.96598625183, 7.40716552734, 7.60453510284, 7.99927425385, 8.19664382935, 8.39401340485, 8.60299301147, 8.8119726181, 8.98612213135, 9.19510173798, 9.38086128235, 9.57823085785, 9.72916126251, 9.77560043335, 9.9613609314]
    rubato_start: [6.61669826508]
    rubato_stop: [7.01193141937]
    perceptual_tempo: "unknown"

sfx:
    inharmonicity:
        dmean: 0.0554573759437
        dmean2: 0.0957157686353
        dvar: 0.00336719560437
        dvar2: 0.00937115028501
        max: 0.31897804141
        mean: 0.0585837773979
        min: 0.00027614022838
        var: 0.00383742246777
    oddtoevenharmonicenergyratio:
        dmean: 2.93149709702
        dmean2: 5.57939147949
        dvar: 60.5863189697
        dvar2: 178.998519897
        max: 79.4265060425
        mean: 1.88898575306
        min: 0.000423060555477
        var: 34.4790458679
    pitch_after_max_to_before_max_energy_ratio: 1.10016679764
    pitch_centroid: 190.289352417
    pitch_max_to_total: 0.397674411535
    pitch_min_to_total: 0.318604648113
    tristimulus:
        dmean: [0.208473205566, 0.271930217743, 0.132207944989]
        dmean2: [0.351629465818, 0.482166141272, 0.227271050215]
        dvar: [0.0288858097047, 0.0488478690386, 0.0166962984949]
        dvar2: [0.0795546770096, 0.144335836172, 0.0434704013169]
        max: [0.947651267052, 0.973079741001, 0.759489715099]
        mean: [0.360772997141, 0.445698738098, 0.135066449642]
        min: [0.0104104401544, 0, 0]
        var: [0.0509232319891, 0.0596726834774, 0.020794365555]

tonal:
    chords_changes_rate: 0.0185185186565
    chords_number_rate: 0.00925925932825
    chords_strength:
        dmean: 0.00635739928111
        dmean2: 0.00559296784922
        dvar: 2.26754127652e-05
        dvar2: 2.10332364077e-05
        max: 0.67817312479
        mean: 0.519372522831
        min: 0.37635114789
        var: 0.00691588548943
    key_strength: 0.69084250927
    tuning_diatonic_strength: 0.548033595085
    tuning_equal_tempered_deviation: 0.103695355356
    tuning_frequency: 442.293365479
    tuning_nontempered_energy_ratio: 0.692239046097
    hpcp:
        dmean: [0.112033382058, 0.12409145385, 0.144403427839, 0.126059442759, 0.099217005074, 0.0836431533098, 0.0815572142601, 0.106625035405, 0.171524807811, 0.170133605599, 0.107995666564, 0.0665340274572, 0.0576712302864, 0.0713886842132, 0.186969876289, 0.243952602148, 0.150787100196, 0.0722931325436, 0.0526861250401, 0.0623206235468, 0.0779196768999, 0.0629464909434, 0.0850724503398, 0.177037611604, 0.180109038949, 0.111650913954, 0.0856145918369, 0.0721911862493, 0.12138197571, 0.273686677217, 0.280269622803, 0.181294992566, 0.109187074006, 0.121950954199, 0.133531734347, 0.112550310791]
        dmean2: [0.198295488954, 0.205494120717, 0.233527436852, 0.205382272601, 0.177063956857, 0.149066910148, 0.140530288219, 0.178292796016, 0.286625504494, 0.26283121109, 0.176120206714, 0.115044862032, 0.0968001782894, 0.122207671404, 0.299027085304, 0.407516956329, 0.254017204046, 0.130035981536, 0.0922030881047, 0.105747178197, 0.139631211758, 0.113173082471, 0.146973013878, 0.286306262016, 0.287321776152, 0.186447069049, 0.141231328249, 0.126370355487, 0.219920128584, 0.469339936972, 0.476565718651, 0.306032568216, 0.182097688317, 0.214521497488, 0.242357343435, 0.203154608607]
        dvar: [0.0262943357229, 0.0335654839873, 0.0320982635021, 0.0225380007178, 0.0263079106808, 0.0222992002964, 0.0121079832315, 0.0177354216576, 0.0356912054121, 0.0428752489388, 0.0161552224308, 0.0156689882278, 0.00878337025642, 0.0126735586673, 0.0215535089374, 0.0474659539759, 0.0187053792179, 0.0119128832594, 0.00641891779378, 0.0180332344025, 0.026800237596, 0.0130800092593, 0.0130158504471, 0.0367647819221, 0.0364872962236, 0.0155474012718, 0.0154480775818, 0.0130139971152, 0.020120549947, 0.0492240153253, 0.05792985484, 0.0255072452128, 0.0186449419707, 0.0328073874116, 0.0481235086918, 0.0365097671747]
        dvar2: [0.0677244216204, 0.0718380510807, 0.0743002519011, 0.0537132322788, 0.074578024447, 0.0648774057627, 0.0309486612678, 0.0436672046781, 0.0813852101564, 0.0842454358935, 0.0442668572068, 0.0404580198228, 0.0212148483843, 0.0308611541986, 0.048507116735, 0.104132689536, 0.0519441366196, 0.0326608791947, 0.0167489238083, 0.0416089147329, 0.0650297701359, 0.0349897406995, 0.0357377305627, 0.0818813964725, 0.0849652886391, 0.0392144285142, 0.0358733907342, 0.0321997739375, 0.0539735369384, 0.129711195827, 0.145883306861, 0.0723496004939, 0.0460974127054, 0.0849969610572, 0.124965950847, 0.0999455749989]
        max: [0.818023622036, 1, 1, 1, 0.984240651131, 1, 0.614483773708, 0.814120173454, 1, 1, 0.921177983284, 1, 0.747412860394, 0.810254693031, 1, 1, 0.823710620403, 0.697780311108, 0.626005411148, 1, 1, 0.745889186859, 0.658701300621, 1, 1, 1, 0.885041415691, 0.607849419117, 1, 1, 1, 0.985516130924, 0.858271718025, 1, 1, 1]
        mean: [0.137865677476, 0.170585542917, 0.212247371674, 0.202215373516, 0.123718589544, 0.0946030318737, 0.10302400589, 0.141054779291, 0.317123621702, 0.367604076862, 0.173863440752, 0.0714261084795, 0.0589757822454, 0.0814910903573, 0.369175970554, 0.538276314735, 0.274484753609, 0.0877958908677, 0.0656953454018, 0.0689076408744, 0.0831737592816, 0.069115743041, 0.0909616947174, 0.255141317844, 0.308988034725, 0.164500117302, 0.0927024558187, 0.0731753259897, 0.134406730533, 0.550674378872, 0.705408036709, 0.334430277348, 0.143191128969, 0.132452324033, 0.121307983994, 0.112864866853]
        min: [0.00513788871467, 0.00444590393454, 0.00249050953425, 0.00217586499639, 0.00205720565282, 0.00250035221688, 0.00308818300255, 0.00457253074273, 0.00325221498497, 0.00481955008581, 0.0045038103126, 0.00153596024029, 0.00110462296288, 0.00228871777654, 0.0352644659579, 0.0303905699402, 0.01654622145, 0.00329346931539, 0.00244068657048, 0.000911162875127, 0.00224584108219, 0.00197932403535, 0.00462495349348, 0.0121191469952, 0.0184832792729, 0.00528493849561, 0.00244555575773, 0.00128933251835, 0.00380145711824, 0.0502444133162, 0.040252353996, 0.0154944956303, 0.00142157671507, 0.000974743044935, 0.00122685101815, 0.00411141617224]
        var: [0.0333585105836, 0.0580327063799, 0.0597214885056, 0.0461772941053, 0.0243293326348, 0.0193118676543, 0.0163772869855, 0.0260257702321, 0.0794607326388, 0.118803150952, 0.0253790840507, 0.0147940739989, 0.00956384651363, 0.0127050541341, 0.0571080297232, 0.097268499434, 0.0259340759367, 0.011517226696, 0.00765518192202, 0.0213629603386, 0.0294583644718, 0.0134252868593, 0.0130144935101, 0.0667381063104, 0.0784485340118, 0.0239788014442, 0.0196353774518, 0.0133510334417, 0.0192147027701, 0.0748191550374, 0.0880305320024, 0.0370250865817, 0.0322253666818, 0.0352844037116, 0.0415058545768, 0.0298482161015]
    chords_histogram: [25, 0, 0, 0, 0, 0, 0, 0, 0, 0, 0, 0, 0, 0, 0, 0, 0, 0, 0, 74.0740737915, 0, 0, 0.925925910473, 0]
    thpcp: [1, 0.474094808102, 0.202990502119, 0.187766969204, 0.171968534589, 0.159999400377, 0.195441037416, 0.241825342178, 0.300885945559, 0.286664396524, 0.175385847688, 0.134111076593, 0.146048814058, 0.199961975217, 0.449560552835, 0.521122634411, 0.246472150087, 0.101255021989, 0.0836052000523, 0.115523338318, 0.523350954056, 0.763070881367, 0.38911485672, 0.124461144209, 0.0931309834123, 0.0976848006248, 0.117908723652, 0.0979798063636, 0.128949046135, 0.361693233252, 0.438027381897, 0.233198523521, 0.131416782737, 0.103734746575, 0.190537571907, 0.780646562576]
    chords_key: "G"
    chords_scale: "minor"
    key_key: "C"
    key_scale: "major"
    chords_progression: ["Gm", "Gm", "Gm", "Gm", "Gm", "Gm", "Gm", "Gm", "Gm", "Gm", "Gm", "Gm", "Gm", "Gm", "Gm", "Gm", "Gm", "Gm", "Gm", "Gm", "Gm", "Gm", "Gm", "Gm", "Gm", "Gm", "Gm", "Gm", "Gm", "Gm", "Gm", "Gm", "Gm", "Gm", "Gm", "Gm", "Gm", "Gm", "Gm", "Gm", "Gm", "Gm", "Gm", "Gm", "Gm", "Gm", "Gm", "Gm", "Gm", "Gm", "Gm", "Gm", "C", "C", "C", "C", "C", "C", "C", "C", "C", "C", "C", "C", "C", "C", "C", "C", "C", "C", "C", "C", "C", "C", "C", "C", "C", "C", "C", "C", "C", "C", "C", "C", "C", "C", "C", "C", "C", "C", "C", "C", "C", "C", "C", "Gm", "Gm", "Gm", "Gm", "Gm", "Gm", "Gm", "Gm", "Gm", "Gm", "Gm", "Gm", "Gm", "Gm", "Gm", "Gm", "Gm", "Gm", "Gm", "Gm", "Gm", "Gm", "Gm", "Gm", "Gm", "Gm", "Gm", "Gm", "Gm", "Gm", "Gm", "Gm", "Gm", "Gm", "Gm", "Gm", "Gm", "Gm", "Gm", "Gm", "Gm", "Gm", "Gm", "Gm", "Gm", "Gm", "Gm", "Gm", "Gm", "Gm", "Gm", "Gm", "Gm", "Gm", "Gm", "Gm", "Gm", "Gm", "Gm", "Gm", "Gm", "Gm", "Gm", "Gm", "Gm", "Gm", "Gm", "Gm", "Gm", "Gm", "Gm", "Gm", "Gm", "Gm", "Gm", "Gm", "Gm", "Gm", "Gm", "Gm", "Gm", "Gm", "Gm", "Gm", "Gm", "Gm", "Gm", "Gm", "Gm", "Gm", "Gm", "Gm", "Gm", "Gm", "Gm", "Gm", "Gm", "Gm", "Gm", "Gm", "Gm", "Gm", "Gm", "Gm", "Gm", "Gm", "Gm", "Gm", "C", "C", "C", "C", "C", "C", "C", "C", "C", "C", "C", "F", "F"]
