
metadata:
    version:
        essentia: "1.2.2"
    audio_properties:
        analysis_sample_rate: 44100
        bitrate: 128
        channels: 2
        equal_loudness: 1
        length: 9.97877597809
        replay_gain: -12.5131416321
        downmix: "mix"
    tags:
        track: 8
        year: 0
        album: "Splitted by Mp3Splt v. 2.1"
        artist: "From 001.10 To 001.20"
        comment: "http://mp3splt.sf.net"
        genre: ""
        title: "10 Beard of Bees.mp3"

highlevel:
    ballroom:
        all:
            ChaChaCha: 0.0626804456115
            Jive: 0.781532526016
            Quickstep: 0.00897740293294
            Rumba-American: 0.000427466380643
            Rumba-International: 0.00266016530804
            Rumba-Misc: 0.0013279611012
            Samba: 0.136929482222
            Tango: 0.000372430484276
            VienneseWaltz: 0.00461911316961
            Waltz: 0.000473019026686
        probability: 0.781532526016
        value: "Jive"
    culture:
        all:
            non_western: 0.0283250939101
            western: 0.971674919128
        probability: 0.971674919128
        value: "western"
    gender:
        all:
            female: 0.243039041758
            male: 0.75696092844
        probability: 0.75696092844
        value: "male"
    genre_dortmund:
        all:
            alternative: 0.120999522507
            blues: 0.00227422220632
            electronic: 0.00673952838406
            folkcountry: 0.0321697257459
            funksoulrnb: 0.00570592656732
            jazz: 0.0187650416046
            pop: 0.0775831863284
            raphiphop: 0.000746457255445
            rock: 0.735016405582
        probability: 0.735016405582
        value: "rock"
    genre_electronica:
        all:
            ambient: 0.0655570030212
            dnb: 0.117739386857
            house: 0.00341203412972
            techno: 0.00485030887648
            trance: 0.808441281319
        probability: 0.808441281319
        value: "trance"
    genre_rosamerica:
        all:
            cla: 0.00169811933301
            dan: 0.0196047332138
            hip: 0.00033510098001
            jaz: 0.00108868640382
            pop: 0.0158776137978
            rhy: 0.000858594139572
            roc: 0.960243463516
            spe: 0.000293716759188
        probability: 0.960243463516
        value: "roc"
    genre_tzanetakis:
        all:
            blu: 0.00851275585592
            cla: 0.0262807849795
            cou: 0.221975132823
            dis: 0.0271598100662
            hip: 0.00645799515769
            jaz: 0.127258062363
            met: 0.150638461113
            pop: 0.0737317800522
            reg: 0.00602881144732
            roc: 0.351956397295
        probability: 0.351956397295
        value: "roc"
    live_studio:
        all:
            live: 0.157302975655
            studio: 0.842697024345
        probability: 0.842697024345
        value: "studio"
    mood:
        all:
            Cluster1: 0.504315137863
            Cluster2: 0.102443769574
            Cluster3: 0.0318539217114
            Cluster4: 0.0391401201487
            Cluster5: 0.322247087955
        probability: 0.504315137863
        value: "Cluster1"
    mood_acoustic:
        all:
            acoustic: 1.43988472701e-05
            not_acoustic: 0.999985575676
        probability: 0.999985575676
        value: "not_acoustic"
    mood_aggressive:
        all:
            aggressive: 0.937834978104
            not_aggressive: 0.0621650144458
        probability: 0.937834978104
        value: "aggressive"
    mood_electronic:
        all:
            electronic: 0.208808362484
            not_electronic: 0.791191637516
        probability: 0.791191637516
        value: "not_electronic"
    mood_happy:
        all:
            happy: 0.834278762341
            not_happy: 0.165721237659
        probability: 0.834278762341
        value: "happy"
    mood_party:
        all:
            not_party: 0.491170734167
            party: 0.508829295635
        probability: 0.508829295635
        value: "party"
    mood_relaxed:
        all:
            not_relaxed: 0.833447933197
            relaxed: 0.166552096605
        probability: 0.833447933197
        value: "not_relaxed"
    mood_sad:
        all:
            not_sad: 0.80803757906
            sad: 0.19196242094
        probability: 0.80803757906
        value: "not_sad"
    rhythm:
        all:
            fast: 0.838564038277
            medium: 0.114551186562
            slow: 0.0468847975135
        probability: 0.838564038277
        value: "fast"
    speech_music:
        all:
            music: 0.99996227026
            speech: 3.77534342988e-05
        probability: 0.99996227026
        value: "music"
    timbre:
        all:
            bright: 0.9964671731
            dark: 0.00353281595744
        probability: 0.9964671731
        value: "bright"
    voice_instrumental:
        all:
            instrumental: 0.1406609267
            voice: 0.859339058399
        probability: 0.859339058399
        value: "voice"

lowlevel:
    average_loudness: 0.981162428856
    barkbands_kurtosis:
        dmean: 0.257183104753
        dmean2: 0.428227365017
        dvar: 0.0784398168325
        dvar2: 0.203149676323
        max: 0.798870801926
        mean: -1.23150086403
        min: -1.73826980591
        var: 0.13755966723
    barkbands_skewness:
        dmean: 0.262841939926
        dmean2: 0.429673314095
        dvar: 0.0457734502852
        dvar2: 0.111879937351
        max: 1.43670189381
        mean: 0.314271390438
        min: -1.1405967474
        var: 0.185548752546
    barkbands_spread:
        dmean: 3.5987226963
        dmean2: 5.73454380035
        dvar: 12.1891183853
        dvar2: 28.3299465179
        max: 54.0659408569
        mean: 37.6912689209
        min: 25.9607257843
        var: 38.9000167847
    dissonance:
        dmean: 0.0145185478032
        dmean2: 0.0240408610553
        dvar: 0.000146120626596
        dvar2: 0.000390069530113
        max: 0.498756498098
        mean: 0.466879189014
        min: 0.381481230259
        var: 0.000335290329531
    hfc:
        dmean: 2.12740254402
        dmean2: 3.35081005096
        dvar: 11.1406669617
        dvar2: 25.4197921753
        max: 35.7402305603
        mean: 8.34523963928
        min: 0.100426748395
        var: 18.3279914856
    pitch:
        dmean: 832.385559082
        dmean2: 1624.82592773
        dvar: 2047221.375
        dvar2: 5024896
        max: 4410
        mean: 841.338439941
        min: 73.3777008057
        var: 1826301.375
    pitch_instantaneous_confidence:
        dmean: 0.0658070966601
        dmean2: 0.107273496687
        dvar: 0.0030982082244
        dvar2: 0.00739172613248
        max: 0.717177629471
        mean: 0.323877424002
        min: 0.150106608868
        var: 0.0125641766936
    pitch_salience:
        dmean: 0.0423141941428
        dmean2: 0.0692774057388
        dvar: 0.00130911450833
        dvar2: 0.00332069536671
        max: 0.815794408321
        mean: 0.663521468639
        min: 0.451096951962
        var: 0.00328400381841
    silence_rate_20dB:
        dmean: 0
        dmean2: 0
        dvar: 0
        dvar2: 0
        max: 1
        mean: 1
        min: 1
        var: 0
    silence_rate_30dB:
        dmean: 0
        dmean2: 0
        dvar: 0
        dvar2: 0
        max: 1
        mean: 1
        min: 1
        var: 0
    silence_rate_60dB:
        dmean: 0.0604651160538
        dmean2: 0.118881121278
        dvar: 0.0568093508482
        dvar2: 0.118734940886
        max: 1
        mean: 0.129930391908
        min: 0
        var: 0.113047450781
    spectral_centroid:
        dmean: 218.953903198
        dmean2: 362.192657471
        dvar: 37102.3515625
        dvar2: 89397.8984375
        max: 2901.96044922
        mean: 1563.26123047
        min: 789.555908203
        var: 123871.078125
    spectral_complexity:
        dmean: 3.85081577301
        dmean2: 6.25
        dvar: 16.0616569519
        dvar2: 32.1220779419
        max: 43
        mean: 18.0511627197
        min: 0
        var: 38.2485275269
    spectral_crest:
        dmean: 1.47375917435
        dmean2: 2.51068067551
        dvar: 2.20478343964
        dvar2: 5.9771528244
        max: 14.1189937592
        mean: 5.6865811348
        min: 2.55865955353
        var: 4.20345497131
    spectral_decrease:
        dmean: 3.20833359879e-10
        dmean2: 5.30473054372e-10
        dvar: 2.99960221187e-19
        dvar2: 7.9010374086e-19
        max: -1.15792566507e-11
        mean: -1.22356580423e-09
        min: -5.47700818032e-09
        var: 3.29022462376e-19
    spectral_energy:
        dmean: 0.00136491120793
        dmean2: 0.00225661485456
        dvar: 5.46472847418e-06
        dvar2: 1.40902529893e-05
        max: 0.0239132232964
        mean: 0.00537495827302
        min: 5.28117961949e-05
        var: 6.21611434326e-06
    spectral_energyband_high:
        dmean: 0.000199784713914
        dmean2: 0.000319911981933
        dvar: 8.42229823661e-08
        dvar2: 1.9741629842e-07
        max: 0.00281488732435
        mean: 0.000503942370415
        min: 4.59529474028e-06
        var: 1.27383373183e-07
    spectral_energyband_low:
        dmean: 0.000258607964497
        dmean2: 0.000427533115726
        dvar: 2.44852941478e-07
        dvar2: 6.19321326667e-07
        max: 0.00337442662567
        mean: 0.000386153376894
        min: 1.61725461112e-06
        var: 2.33077074085e-07
    spectral_energyband_middle_high:
        dmean: 0.000476386048831
        dmean2: 0.000743794196751
        dvar: 4.77392120501e-07
        dvar2: 1.09007942228e-06
        max: 0.00845859199762
        mean: 0.00199330155738
        min: 2.78581246675e-05
        var: 9.4644155979e-07
    spectral_energyband_middle_low:
        dmean: 0.000846173439641
        dmean2: 0.00143142952584
        dvar: 2.12024565371e-06
        dvar2: 5.96497875449e-06
        max: 0.0132433995605
        mean: 0.00249155471101
        min: 1.87381610885e-05
        var: 2.21690015678e-06
    spectral_flatness_db:
        dmean: 0.0099133849144
        dmean2: 0.0160377621651
        dvar: 7.86028904258e-05
        dvar2: 0.00021389585163
        max: 0.159346297383
        mean: 0.113125376403
        min: 0.0766709074378
        var: 0.000232288992265
    spectral_flux:
        dmean: 0.00801140721887
        dmean2: 0.0118451751769
        dvar: 0.00010764808394
        dvar2: 0.000188363090274
        max: 0.116424441338
        mean: 0.0402204468846
        min: 0.00726717244834
        var: 0.000213212348172
    spectral_kurtosis:
        dmean: 0.499374359846
        dmean2: 0.80515986681
        dvar: 0.236897751689
        dvar2: 0.485298573971
        max: 7.82987594604
        mean: 2.57610011101
        min: 0.0077702999115
        var: 0.901875317097
    spectral_rms:
        dmean: 0.000262440822553
        dmean2: 0.000420991098508
        dvar: 1.38307996167e-07
        dvar2: 3.24637795757e-07
        max: 0.00483011128381
        mean: 0.00224056723528
        min: 0.000226988326176
        var: 2.2372395847e-07
    spectral_rolloff:
        dmean: 342.071746826
        dmean2: 597.747558594
        dvar: 112845.125
        dvar2: 265111.9375
        max: 5189.50195312
        mean: 3428.98754883
        min: 1722.65625
        var: 242198.515625
    spectral_skewness:
        dmean: 0.108605749905
        dmean2: 0.176649436355
        dvar: 0.0146624771878
        dvar2: 0.0345108248293
        max: 2.43330478668
        mean: 1.37725961208
        min: 0.815840959549
        var: 0.0415711216629
    spectral_spread:
        dmean: 450236.09375
        dmean2: 688458.5625
        dvar: 260522508288
        dvar2: 444398895104
        max: 11330919
        mean: 6456160
        min: 4737945.5
        var: 884762542080
    spectral_strongpeak:
        dmean: 0.262695789337
        dmean2: 0.465573608875
        dvar: 0.300913393497
        dvar2: 0.696241080761
        max: 4.84670209885
        mean: 0.426592230797
        min: 0.0219010561705
        var: 0.380993276834
    zerocrossingrate:
        dmean: 0.0076338048093
        dmean2: 0.00918721687049
        dvar: 4.02286023018e-05
        dvar2: 5.21492911503e-05
        max: 0.14501953125
        mean: 0.0964264646173
        min: 0.04296875
        var: 0.000242825219175
    barkbands:
        dmean: [2.52516827004e-07, 9.92602217593e-05, 0.000178840171429, 0.000200209222385, 0.000551727716811, 0.000236194420722, 0.00010398766608, 9.28199588088e-05, 0.000169454389834, 6.63629616611e-05, 3.97181283915e-05, 5.79192565056e-05, 3.31834780809e-05, 2.77721774182e-05, 6.37884731987e-05, 9.18419973459e-05, 0.000181193390745, 0.000121524368296, 0.000166741549037, 0.000187098441529, 9.07238063519e-05, 3.2000203646e-05, 7.12754945198e-06, 4.20938067691e-06, 2.82769678961e-06, 1.60610809985e-07, 9.74991087865e-10]
        dmean2: [4.20694078684e-07, 0.000173116874066, 0.000303127075313, 0.00034375814721, 0.000960416975431, 0.000379843317205, 0.000170238796272, 0.000148949809955, 0.000274209334748, 0.000106445833808, 6.18236881564e-05, 9.59872631938e-05, 5.09176315973e-05, 4.18956042267e-05, 0.000100740231574, 0.0001547371794, 0.000313641037792, 0.00018871971406, 0.000280743057374, 0.000309948081849, 0.000152257154696, 4.78437032143e-05, 1.06848010546e-05, 6.28389216217e-06, 4.33274317402e-06, 2.4489006023e-07, 1.4134381443e-09]
        dvar: [2.77156878177e-13, 5.98397491558e-08, 1.08747038041e-07, 9.84452910302e-08, 1.30048681513e-06, 9.31334227516e-08, 1.89297821862e-08, 1.880001399e-08, 6.09778325611e-08, 5.04265340595e-09, 4.41987380029e-09, 5.83963766232e-09, 1.6794764468e-09, 3.53218720939e-09, 2.32070984652e-08, 9.79387326794e-09, 3.83692544403e-08, 2.93852053801e-08, 5.99931340162e-08, 5.52574270785e-08, 2.19318643246e-08, 3.00400504472e-09, 1.06360385776e-10, 3.00082181326e-11, 1.19416447217e-11, 4.61230751129e-14, 4.55967894023e-17]
        dvar2: [7.04934754233e-13, 1.60580881925e-07, 2.83461133677e-07, 2.74313720183e-07, 3.69996109839e-06, 2.3298271401e-07, 4.95874452611e-08, 4.86828888313e-08, 1.70964483459e-07, 1.21778223061e-08, 8.87311202291e-09, 1.6391091151e-08, 4.12173895015e-09, 8.10389355621e-09, 4.55103403851e-08, 2.57724668273e-08, 1.02749993403e-07, 6.31053325151e-08, 1.52585613478e-07, 1.4985060659e-07, 5.63362014816e-08, 5.37191979788e-09, 2.03045857905e-10, 5.89961204889e-11, 2.44533941707e-11, 9.55614033e-14, 4.52232743424e-17]
        max: [4.84073461848e-06, 0.00148634507786, 0.00257814256474, 0.00226475275122, 0.0107188243419, 0.00441142916679, 0.00166872190312, 0.00183080858551, 0.00240534776822, 0.000706161663402, 0.000850574055221, 0.000799130299129, 0.000388849352021, 0.000989725929685, 0.00235527032055, 0.00130962615367, 0.00225156452507, 0.00235228822567, 0.00232754717581, 0.00196861592121, 0.00118770566769, 0.000739967217669, 0.000135568159749, 6.16490287939e-05, 3.99029850087e-05, 1.91090634871e-06, 1.42116903135e-07]
        mean: [3.18583147418e-07, 0.000100451921753, 0.000285392365186, 0.000295971374726, 0.000865879876073, 0.000476450513816, 0.000218603934627, 0.000234354462009, 0.00037480253377, 0.000164037643117, 7.83312134445e-05, 0.000128930492792, 6.70776353218e-05, 4.80117960251e-05, 0.000124807324028, 0.000192657564185, 0.000389357388485, 0.000269607116934, 0.000360933219781, 0.000422449695179, 0.00016755341494, 7.13093977538e-05, 1.7690961613e-05, 1.19641890706e-05, 7.60161674407e-06, 4.1458463329e-07, 1.42192380093e-09]
        min: [2.5528049119e-10, 5.14187149747e-07, 1.09146867544e-06, 6.15976205154e-07, 2.30546856983e-06, 4.52419362773e-06, 3.76577850147e-06, 4.11688546365e-07, 3.78316144634e-06, 3.4172498431e-07, 3.89357580843e-07, 8.8539565013e-08, 1.08814688815e-07, 5.64707676176e-08, 1.07240020952e-05, 3.60236481356e-06, 1.17847002912e-06, 7.9043002188e-06, 2.25441203838e-06, 3.73245347873e-06, 1.27745931877e-06, 4.84360612063e-07, 2.00862970701e-07, 1.57546992341e-07, 1.64909380374e-07, 3.14330428353e-09, 9.93110888664e-12]
        var: [2.76575610287e-13, 4.27367545797e-08, 1.07218788514e-07, 8.87796360871e-08, 9.83583390735e-07, 2.74695935332e-07, 4.96952132778e-08, 7.11618497462e-08, 1.37739633033e-07, 1.90254336729e-08, 1.02602664143e-08, 2.10450021854e-08, 4.96576424425e-09, 8.30352764325e-09, 5.13950055847e-08, 1.80765056257e-08, 8.16882774757e-08, 9.92662450017e-08, 6.84160568198e-08, 7.81582158993e-08, 2.39660273849e-08, 6.51650688965e-09, 2.77881107014e-10, 9.66132659985e-11, 3.14512894894e-11, 9.95012245882e-14, 4.68646124359e-17]
    mfcc:
        mean: [-667.895507812, 92.9826431274, -26.7605609894, 47.7489433289, -12.1212835312, -13.813290596, -2.33188152313, -2.66666221619, 1.11076748371, -7.5291519165, -12.4349985123, -5.54892063141, -2.62496995926]
        cov: [[595.00958252, -53.3108596802, -4.24073839188, -34.0892410278, -103.835342407, 14.5521173477, -8.92965602875, 28.7504138947, -25.0646209717, -4.49363279343, 35.7878913879, 8.11571216583, -25.2749042511], [-53.3108596802, 235.24407959, -35.8719558716, -8.28439331055, -23.4712123871, -44.8082809448, 23.2259941101, -24.2923717499, 7.58878087997, 14.6493597031, -6.88692188263, 28.6850204468, 15.2309522629], [-4.24073839188, -35.8719558716, 95.8381881714, -3.19595956802, 2.13678145409, 3.34454417229, 5.05863237381, 3.43491172791, 3.81598258018, 1.18115878105, -1.7770409584, 4.05115747452, 9.01911354065], [-34.0892410278, -8.28439331055, -3.19595956802, 135.221664429, 64.7482452393, 40.2577095032, -8.71919631958, -10.8303012848, 5.24458503723, -2.91878414154, 6.8799996376, -9.03300094604, -2.18660974503], [-103.835342407, -23.4712123871, 2.13678145409, 64.7482452393, 99.7534484863, 48.038105011, -2.39505529404, -5.63833665848, 5.25651502609, -2.67355918884, -3.55873894691, -9.50730228424, -0.642685472965], [14.5521173477, -44.8082809448, 3.34454417229, 40.2577095032, 48.038105011, 89.1512069702, 22.1662960052, 5.95302295685, 4.14529561996, -4.57051753998, 3.06917953491, -12.6031131744, -13.6841678619], [-8.92965602875, 23.2259941101, 5.05863237381, -8.71919631958, -2.39505529404, 22.1662960052, 85.2823638916, 22.9927520752, 10.771150589, -0.666002810001, -2.52179813385, 14.2653951645, 3.15896320343], [28.7504138947, -24.2923717499, 3.43491172791, -10.8303012848, -5.63833665848, 5.95302295685, 22.9927520752, 61.5093002319, 13.6238279343, -0.783356487751, -1.54837048054, 1.99680781364, 1.27763879299], [-25.0646209717, 7.58878087997, 3.81598258018, 5.24458503723, 5.25651502609, 4.14529561996, 10.771150589, 13.6238279343, 36.9470901489, 13.3434200287, 1.06203246117, -0.155334323645, 2.18555235863], [-4.49363279343, 14.6493597031, 1.18115878105, -2.91878414154, -2.67355918884, -4.57051753998, -0.666002810001, -0.783356487751, 13.3434200287, 41.3265190125, 15.7593126297, 6.63339710236, 3.85250139236], [35.7878913879, -6.88692188263, -1.7770409584, 6.8799996376, -3.55873894691, 3.06917953491, -2.52179813385, -1.54837048054, 1.06203246117, 15.7593126297, 40.5542945862, 13.7712020874, 3.18079638481], [8.11571216583, 28.6850204468, 4.05115747452, -9.03300094604, -9.50730228424, -12.6031131744, 14.2653951645, 1.99680781364, -0.155334323645, 6.63339710236, 13.7712020874, 57.9493408203, 22.4316082001], [-25.2749042511, 15.2309522629, 9.01911354065, -2.18660974503, -0.642685472965, -13.6841678619, 3.15896320343, 1.27763879299, 2.18555235863, 3.85250139236, 3.18079638481, 22.4316082001, 39.6809997559]]
        icov: [[0.00282238028012, 0.000155353758601, -5.1671100664e-05, -0.000660997990053, 0.00434922939166, -0.00253018457443, 0.00121230923105, -0.00161052145995, 0.00174467358738, 0.000311894022161, -0.0017760086339, -0.000770499056671, 0.00131820351817], [0.000155353758601, 0.0066298446618, 0.00263806269504, -0.00105822458863, 0.000796833948698, 0.00326611776836, -0.00317881675437, 0.00362845137715, -0.00154465611558, -0.00219498435035, 0.00279362266883, -0.00242218584754, -0.000384752987884], [-5.1671100664e-05, 0.00263806269504, 0.0118580013514, 0.000105739192804, 0.000109807566332, 0.000399427197408, -0.00139000057243, 0.00136708258651, -0.00147790939081, -0.00105222803541, 0.00192621641327, -0.000893224438187, -0.00299462210387], [-0.000660997990053, -0.00105822458863, 0.000105739192804, 0.0118459649384, -0.0074739260599, -0.00178778625559, 0.00133004796226, 0.00138493988197, -0.0022496196907, 0.00232252129354, -0.00319850165397, 0.00127984466963, -0.000842843786813], [0.00434922939166, 0.000796833948698, 0.000109807566332, -0.0074739260599, 0.0251884851605, -0.0118981106207, 0.00373658817261, -0.00113536964636, 0.00118191866204, -0.000663857557811, 0.00164642289747, -0.00131390581373, -0.00131834589411], [-0.00253018457443, 0.00326611776836, 0.000399427197408, -0.00178778625559, -0.0118981106207, 0.0236825160682, -0.00881717354059, 0.0022519538179, -0.00180557009298, 0.000547320232727, -0.00148257566616, 0.0022982917726, 0.00441510556266], [0.00121230923105, -0.00317881675437, -0.00139000057243, 0.00133004796226, 0.00373658817261, -0.00881717354059, 0.0180581212044, -0.00652155326679, -0.00166446098592, 0.00171496102121, 0.000807659351267, -0.00441482849419, 0.000529948098119], [-0.00161052145995, 0.00362845137715, 0.00136708258651, 0.00138493988197, -0.00113536964636, 0.0022519538179, -0.00652155326679, 0.0229123588651, -0.00934580992907, 0.0015960651217, 0.00193380878773, -0.000332019902999, -0.00172083452344], [0.00174467358738, -0.00154465611558, -0.00147790939081, -0.0022496196907, 0.00118191866204, -0.00180557009298, -0.00166446098592, -0.00934580992907, 0.0375987328589, -0.0127495964989, 0.00156453438103, 0.00216273521073, -0.000435029360233], [0.000311894022161, -0.00219498435035, -0.00105222803541, 0.00232252129354, -0.000663857557811, 0.000547320232727, 0.00171496102121, 0.0015960651217, -0.0127495964989, 0.034829556942, -0.0143841030076, 0.00058637507027, -0.000459331873572], [-0.0017760086339, 0.00279362266883, 0.00192621641327, -0.00319850165397, 0.00164642289747, -0.00148257566616, 0.000807659351267, 0.00193380878773, 0.00156453438103, -0.0143841030076, 0.0363432504237, -0.0091187665239, 0.000123160920339], [-0.000770499056671, -0.00242218584754, -0.000893224438187, 0.00127984466963, -0.00131390581373, 0.0022982917726, -0.00441482849419, -0.000332019902999, 0.00216273521073, 0.00058637507027, -0.0091187665239, 0.0273742042482, -0.0130737507716], [0.00131820351817, -0.000384752987884, -0.00299462210387, -0.000842843786813, -0.00131834589411, 0.00441510556266, 0.000529948098119, -0.00172083452344, -0.000435029360233, -0.000459331873572, 0.000123160920339, -0.0130737507716, 0.0357861854136]]
    spectral_contrast:
        mean: [2.11868851352e-07, 2.52877896401e-07, 2.54584620052e-07, 4.7819298743e-07, -1.20040979823e-07, -3.76375595579e-07, 1.59244893894e-06, -1.98594352696e-06, 1.31591116315e-06, 2.69884276349e-06, 1.96158197241e-07, -1.96944824893e-06]
        var: [0.000274525315035, 0.000461158400867, 0.000873479293659, 0.00163274223451, 0.00201854738407, 0.0036021748092, 0.0263661034405, 0.0577965416014, 0.0824693292379, 0.117173478007, 0.161226004362, 0.374973088503]

rhythm:
    beats_loudness:
        dmean: 0.00216889521107
        dmean2: 0.00383587228134
        dvar: 2.88926662506e-06
        dvar2: 6.18432932242e-06
        max: 0.0106554646045
        mean: 0.00616077519953
        min: 0.00318322144449
        var: 3.62829314327e-06
    beats_loudness_bass:
        dmean: 0.092719309032
        dmean2: 0.170304626226
        dvar: 0.00642278511077
        dvar2: 0.0188635159284
        max: 0.317478358746
        mean: 0.117899417877
        min: 0.01329664886
        var: 0.00607503019273
    bpm: 110.151306152
    bpm_confidence: 0
    first_peak_bpm: 110
    first_peak_spread: 0
    first_peak_weight: 0.473684221506
    onset_rate: 2.80595541
    second_peak_bpm: 148
    second_peak_spread: 0
    second_peak_weight: 0.473684221506
    beats_position: [0.514726758003, 1.05943632126, 1.60414588451, 2.14885544777, 2.69356513023, 3.2382748127, 3.78298425674, 4.32769393921, 4.87240314484, 5.4171128273, 6.00253582001, 6.40835428238, 6.81417274475, 7.21999120712, 7.62580966949, 8.0316286087, 8.43744659424, 8.84326553345, 9.24908351898, 9.65490245819]
    bpm_estimates: [110.072799683, 110.111732483, 109.800796509, 110.033218384, 110.053451538, 110.116271973, 110.870849609]
    bpm_intervals: [0.544709563255, 0.544709563255, 0.544709563255, 0.544709682465, 0.544709682465, 0.544709444046, 0.544709682465, 0.544709205627, 0.544709682465, 0.585422992706, 0.405818462372, 0.405818462372, 0.405818462372, 0.405818462372, 0.405818939209, 0.405817985535, 0.405818939209, 0.405817985535, 0.405818939209]
    onset_times: [0.0348299331963, 0.232199549675, 0.510838985443, 0.766258478165, 0.9287981987, 1.05650794506, 1.86920630932, 2.14784574509, 2.69351482391, 3.50621318817, 3.79646253586, 4.08671188354, 4.20281171799, 4.62077093124, 5.15482997894, 5.44507932663, 5.72371864319, 6.00235843658, 6.26938772202, 6.81505680084, 7.10530614853, 7.52326536179, 7.94122457504, 8.19664382935, 8.47528362274, 8.75392246246, 9.18349170685, 9.32281208038]
    rubato_start: [6.40835428238]
    rubato_stop: [6.81417274475]
    perceptual_tempo: "unknown"

sfx:
    inharmonicity:
        dmean: 0.0533251687884
        dmean2: 0.0959680303931
        dvar: 0.00289502763189
        dvar2: 0.00900438521057
        max: 0.303560227156
        mean: 0.0608782656491
        min: 0.000143008146551
        var: 0.00301388744265
    oddtoevenharmonicenergyratio:
        dmean: 1.70357239246
        dmean2: 3.06961202621
        dvar: 23.0560398102
        dvar2: 67.7325515747
        max: 64.5477981567
        mean: 1.3791655302
        min: 0.00655406806618
        var: 13.5994949341
    pitch_after_max_to_before_max_energy_ratio: 1.36022043228
    pitch_centroid: 197.87046814
    pitch_max_to_total: 0.348837196827
    pitch_min_to_total: 0.223255813122
    tristimulus:
        dmean: [0.193769991398, 0.219301819801, 0.134666323662]
        dmean2: [0.333717018366, 0.381213009357, 0.233195319772]
        dvar: [0.0255394522101, 0.0379880927503, 0.0114924097434]
        dvar2: [0.0809125006199, 0.108984462917, 0.0346208438277]
        max: [0.919247508049, 0.933685958385, 0.63280659914]
        mean: [0.323444157839, 0.466443181038, 0.173273772001]
        min: [0.0288821943104, 0, 0]
        var: [0.034160528332, 0.0460939817131, 0.0168003439903]

tonal:
    chords_changes_rate: 0.106481485069
    chords_number_rate: 0.0416666679084
    chords_strength:
        dmean: 0.0103497877717
        dmean2: 0.00811159797013
        dvar: 8.26195173431e-05
        dvar2: 7.18971641618e-05
        max: 0.654427409172
        mean: 0.512728393078
        min: 0.260530471802
        var: 0.00477503146976
    key_strength: 0.838730335236
    tuning_diatonic_strength: 0.677908182144
    tuning_equal_tempered_deviation: 0.0807925239205
    tuning_frequency: 443.060424805
    tuning_nontempered_energy_ratio: 0.708718955517
    hpcp:
        dmean: [0.143937185407, 0.151353120804, 0.104317307472, 0.0851349905133, 0.0971374958754, 0.124109357595, 0.106505356729, 0.125949367881, 0.112936191261, 0.113167986274, 0.11613946408, 0.116929925978, 0.126006171107, 0.146778538823, 0.165517553687, 0.153972521424, 0.156477093697, 0.115028299391, 0.125177592039, 0.137165546417, 0.154979482293, 0.153084903955, 0.111609824002, 0.0728272050619, 0.0837351307273, 0.10401121527, 0.125304803252, 0.12418872118, 0.116096526384, 0.114463530481, 0.0943375900388, 0.0692701488733, 0.0766928642988, 0.121171019971, 0.150657296181, 0.174393177032]
        dmean2: [0.235696971416, 0.256632506847, 0.178312212229, 0.142781570554, 0.157173722982, 0.210133865476, 0.16900973022, 0.209677278996, 0.194430187345, 0.194755122066, 0.201311454177, 0.200809493661, 0.216037631035, 0.242855980992, 0.261271506548, 0.25100722909, 0.272641479969, 0.202476218343, 0.217826679349, 0.232795268297, 0.262850195169, 0.263349801302, 0.188777312636, 0.125116631389, 0.142633900046, 0.177404344082, 0.218128755689, 0.204759478569, 0.204876944423, 0.187894672155, 0.146198600531, 0.117766954005, 0.128342136741, 0.206382989883, 0.271906554699, 0.289851158857]
        dvar: [0.0255403257906, 0.0265045408159, 0.0170550663024, 0.0129744075239, 0.0138774774969, 0.0205583032221, 0.0251663867384, 0.0269714538008, 0.0206858683378, 0.0237991288304, 0.0317965522408, 0.025067422539, 0.0262061078101, 0.0295541994274, 0.0249508954585, 0.0312923379242, 0.0349811129272, 0.0314900353551, 0.0357738807797, 0.0341162979603, 0.0321502313018, 0.0329465307295, 0.0153518123552, 0.00926792435348, 0.0151103008538, 0.0173607002944, 0.0269868317991, 0.0240511633456, 0.0281337089837, 0.0244351960719, 0.0235830508173, 0.0117246890441, 0.0128676146269, 0.0338111706078, 0.040469057858, 0.0319835543633]
        dvar2: [0.0624550357461, 0.0774884000421, 0.047303956002, 0.0290121044964, 0.0309569276869, 0.0537222251296, 0.0573803111911, 0.0744796320796, 0.0577169694006, 0.0667683333158, 0.0883075296879, 0.0669300481677, 0.0615587607026, 0.0765021294355, 0.0653406381607, 0.0619416870177, 0.0904622673988, 0.0844962149858, 0.0974944084883, 0.089633487165, 0.0808495655656, 0.0754008218646, 0.0397326312959, 0.0266058519483, 0.040608625859, 0.0428609699011, 0.071633130312, 0.0569935813546, 0.0794644653797, 0.0653811842203, 0.05493940413, 0.032867629081, 0.033957850188, 0.0892366841435, 0.107687421143, 0.0830653682351]
        max: [1, 1, 0.919096469879, 1, 1, 1, 1, 1, 0.861012458801, 1, 1, 1, 1, 1, 1, 1, 1, 1, 0.949734926224, 1, 1, 1, 0.86118721962, 0.511982440948, 0.845982432365, 0.919127643108, 1, 1, 1, 1, 1, 1, 0.772670447826, 1, 1, 1]
        mean: [0.416484296322, 0.260690540075, 0.139240920544, 0.133039057255, 0.144744858146, 0.260229945183, 0.327526628971, 0.227341577411, 0.167981356382, 0.162374421954, 0.161200612783, 0.219526961446, 0.260126203299, 0.23259550333, 0.322549879551, 0.401790618896, 0.266284137964, 0.159130632877, 0.151193529367, 0.167953714728, 0.314758509398, 0.371773272753, 0.192617490888, 0.0818106010556, 0.088017269969, 0.144038423896, 0.230085000396, 0.238440781832, 0.172876358032, 0.187641456723, 0.200009763241, 0.115260072052, 0.108159668744, 0.160111248493, 0.186959728599, 0.327067792416]
        min: [0.027888558805, 0.0272240079939, 0.0215637423098, 0.0168444719166, 0.0175290536135, 0.0137199284509, 0.0207463018596, 0.0194587577134, 0.0153954783455, 0.00989605858922, 0.00855304393917, 0.0158558804542, 0.0112089030445, 0.0242865327746, 0.0123485280201, 0.013027170673, 0.0160749126226, 0.0171515252441, 0.0137361707166, 0.00727349100634, 0.0141532830894, 0.0119906272739, 0.00523669971153, 0.00535452924669, 0.00286740041338, 0.00351995090023, 0.00392791349441, 0.0046991975978, 0.00856027565897, 0.0103962067515, 0.00816267635673, 0.00756322080269, 0.00733449868858, 0.0107925273478, 0.0142496628687, 0.0221875198185]
        var: [0.111744359136, 0.0493221431971, 0.0162637215108, 0.0214459504932, 0.0257517304271, 0.0622378736734, 0.119495101273, 0.0438584387302, 0.0233873929828, 0.0226356815547, 0.0268930532038, 0.0423056595027, 0.0746416896582, 0.0454785563052, 0.0667206645012, 0.118021406233, 0.0614639222622, 0.0272937044501, 0.0288076791912, 0.0377929918468, 0.0756189674139, 0.0997822806239, 0.0276673231274, 0.00863421801478, 0.013998536393, 0.0333425365388, 0.0505631007254, 0.0549253635108, 0.0364015847445, 0.0523985922337, 0.0832162424922, 0.0224144551903, 0.0143398027867, 0.0395712181926, 0.0407057777047, 0.0712723881006]
    chords_histogram: [16.6666660309, 0.462962955236, 19.4444446564, 3.70370364189, 0, 0, 0, 0, 0, 0, 1.85185182095, 0, 0, 0, 0, 3.70370364189, 0, 14.3518514633, 0, 12.5, 0, 0, 8.33333301544, 18.9814815521]
    thpcp: [1, 0.62593126297, 0.334324538708, 0.319433540106, 0.347539782524, 0.624825358391, 0.786408126354, 0.545858681202, 0.403331786394, 0.389869242907, 0.387050867081, 0.52709543705, 0.62457627058, 0.558473646641, 0.774458706379, 0.964719712734, 0.639361798763, 0.382080763578, 0.363023370504, 0.403265416622, 0.75575119257, 0.892646551132, 0.462484389544, 0.196431413293, 0.211333945394, 0.345843583345, 0.552445828915, 0.572508454323, 0.415084928274, 0.450536698103, 0.480233639479, 0.276745289564, 0.259696871042, 0.384435266256, 0.448899835348, 0.7853063941]
    chords_key: "A"
    chords_scale: "major"
    key_key: "D"
    key_scale: "major"
    chords_progression: ["Gm", "Gm", "Gm", "Gm", "Gm", "Gm", "Gm", "Gm", "G", "G", "G", "G", "G", "G", "G", "G", "G", "G", "G", "G", "G", "G", "G", "G", "D", "D", "Dm", "Dm", "Dm", "Dm", "Dm", "Dm", "Dm", "Dm", "Dm", "Dm", "Dm", "Dm", "Dm", "Dm", "Dm", "Dm", "Dm", "Dm", "Dm", "Dm", "Dm", "Dm", "Dm", "Dm", "Dm", "Dm", "Dm", "Dm", "Dm", "Dm", "Dm", "Am", "Am", "Am", "Am", "Am", "Am", "Am", "Am", "Am", "Am", "Am", "Am", "Am", "Am", "Am", "Am", "Am", "Am", "Am", "Am", "Am", "Am", "Am", "Am", "Am", "Am", "Am", "A", "A", "A", "A", "A", "A", "A", "A", "A", "A", "A", "A", "A", "A", "A", "A", "A", "A", "A", "A", "A", "A", "C#m", "C#m", "C#m", "C#m", "A", "A", "A", "A", "A", "A", "A", "A", "C#m", "A", "C#m", "A", "A", "A", "A", "A", "A", "C#m", "A", "C#m", "A", "A", "F#m", "G", "G", "C#", "D", "D", "D", "D", "D", "D", "D", "C#", "C#", "C#", "D", "D", "D", "D", "D", "D", "D", "D", "D", "D", "D", "D", "D", "D", "D", "D", "D", "D", "D", "D", "D", "D", "D", "D", "D", "D", "D", "Bm", "Bm", "Bm", "Bm", "Bm", "Bm", "Bm", "Bm", "Bm", "Bm", "Bm", "Bm", "Bm", "Bm", "Bm", "Bm", "Bm", "Bm", "Bm", "Bm", "Bm", "Bm", "Bm", "Bm", "Bm", "Bm", "Bm", "Bm", "Bm", "Bm", "Bm", "Bm", "Bm", "Bm", "Bm", "Bm", "Bm", "Bm", "Bm", "Bm", "Bm", "A", "A"]
