
metadata:
    version:
        essentia: "1.2.2"
    audio_properties:
        analysis_sample_rate: 44100
        bitrate: 128
        channels: 2
        equal_loudness: 1
        length: 10.0310201645
        replay_gain: -11.1253376007
        downmix: "mix"
    tags:
        track: 9
        year: 0
        album: "Splitted by Mp3Splt v. 2.1"
        artist: "From 001.20 To 001.30"
        comment: "http://mp3splt.sf.net"
        genre: ""
        title: "09 Ringing Bells.mp3"

highlevel:
    ballroom:
        all:
            ChaChaCha: 0.0164804048836
            Jive: 0.0527327693999
            Quickstep: 0.0878675356507
            Rumba-American: 0.0373230874538
            Rumba-International: 0.483645141125
            Rumba-Misc: 0.105201251805
            Samba: 0.0417616441846
            Tango: 0.00639028055593
            VienneseWaltz: 0.12434386462
            Waltz: 0.0442540310323
        probability: 0.483645141125
        value: "Rumba-International"
    culture:
        all:
            non_western: 0.0206226892769
            western: 0.97937732935
        probability: 0.97937732935
        value: "western"
    gender:
        all:
            female: 0.378579348326
            male: 0.621420621872
        probability: 0.621420621872
        value: "male"
    genre_dortmund:
        all:
            alternative: 0.119200929999
            blues: 0.029125476256
            electronic: 0.00868376810104
            folkcountry: 0.270323842764
            funksoulrnb: 0.0137149179354
            jazz: 0.0230493396521
            pop: 0.129975140095
            raphiphop: 0.0233750492334
            rock: 0.382551550865
        probability: 0.382551550865
        value: "rock"
    genre_electronica:
        all:
            ambient: 0.638816952705
            dnb: 0.0871721729636
            house: 0.0566912442446
            techno: 0.0119998855516
            trance: 0.205319732428
        probability: 0.638816952705
        value: "ambient"
    genre_rosamerica:
        all:
            cla: 0.0153257865459
            dan: 0.0166117120534
            hip: 0.00753879314288
            jaz: 0.023036306724
            pop: 0.335600584745
            rhy: 0.51193857193
            roc: 0.0858834385872
            spe: 0.00406482163817
        probability: 0.51193857193
        value: "rhy"
    genre_tzanetakis:
        all:
            blu: 0.00346382986754
            cla: 0.0026642116718
            cou: 0.475042909384
            dis: 0.0414293967187
            hip: 0.00252654240467
            jaz: 0.0104712098837
            met: 0.00322836637497
            pop: 0.190782487392
            reg: 0.031860768795
            roc: 0.238530278206
        probability: 0.475042909384
        value: "cou"
    live_studio:
        all:
            live: 0.277465730906
            studio: 0.722534239292
        probability: 0.722534239292
        value: "studio"
    mood:
        all:
            Cluster1: 0.101467974484
            Cluster2: 0.37094989419
            Cluster3: 0.413357526064
            Cluster4: 0.0651660263538
            Cluster5: 0.0490586012602
        probability: 0.413357526064
        value: "Cluster3"
    mood_acoustic:
        all:
            acoustic: 0.817281663418
            not_acoustic: 0.182718321681
        probability: 0.817281663418
        value: "acoustic"
    mood_aggressive:
        all:
            aggressive: 0.0189727637917
            not_aggressive: 0.981027245522
        probability: 0.981027245522
        value: "not_aggressive"
    mood_electronic:
        all:
            electronic: 0.00726188998669
            not_electronic: 0.992738127708
        probability: 0.992738127708
        value: "not_electronic"
    mood_happy:
        all:
            happy: 0.653177022934
            not_happy: 0.346822977066
        probability: 0.653177022934
        value: "happy"
    mood_party:
        all:
            not_party: 0.926397025585
            party: 0.0736029595137
        probability: 0.926397025585
        value: "not_party"
    mood_relaxed:
        all:
            not_relaxed: 0.123331412673
            relaxed: 0.876668572426
        probability: 0.876668572426
        value: "relaxed"
    mood_sad:
        all:
            not_sad: 0.158213064075
            sad: 0.841786921024
        probability: 0.841786921024
        value: "sad"
    rhythm:
        all:
            fast: 0.725041627884
            medium: 0.101375944912
            slow: 0.173582419753
        probability: 0.725041627884
        value: "fast"
    speech_music:
        all:
            music: 0.999985158443
            speech: 1.48577009895e-05
        probability: 0.999985158443
        value: "music"
    timbre:
        all:
            bright: 0.999999821186
            dark: 1.67353505276e-07
        probability: 0.999999821186
        value: "bright"
    voice_instrumental:
        all:
            instrumental: 0.000954943650868
            voice: 0.999045073986
        probability: 0.999045073986
        value: "voice"

lowlevel:
    average_loudness: 0.94204467535
    barkbands_kurtosis:
        dmean: 1.95566225052
        dmean2: 3.06678318977
        dvar: 4.67645931244
        dvar2: 10.9278669357
        max: 27.9602584839
        mean: 3.33492612839
        min: -1.84462547302
        var: 16.3987693787
    barkbands_skewness:
        dmean: 0.410842478275
        dmean2: 0.631322085857
        dvar: 0.148873209953
        dvar2: 0.355607897043
        max: 4.78864145279
        mean: 1.65868377686
        min: -1.10360753536
        var: 0.811315655708
    barkbands_spread:
        dmean: 4.83547687531
        dmean2: 7.41909646988
        dvar: 35.1265678406
        dvar2: 66.1651535034
        max: 68.5893554688
        mean: 19.1449012756
        min: 3.49051833153
        var: 129.90020752
    dissonance:
        dmean: 0.0243460293859
        dmean2: 0.038736179471
        dvar: 0.000570025062189
        dvar2: 0.00139496044721
        max: 0.492451548576
        mean: 0.424225956202
        min: 0.288277059793
        var: 0.00169122533407
    hfc:
        dmean: 1.06731915474
        dmean2: 1.42288899422
        dvar: 3.08974599838
        dvar2: 5.81785011292
        max: 29.2450771332
        mean: 4.12225008011
        min: 2.55346799349e-06
        var: 12.8660764694
    pitch:
        dmean: 173.494445801
        dmean2: 330.964538574
        dvar: 507168.71875
        dvar2: 1230252.25
        max: 4900
        mean: 415.446716309
        min: 88.3767547607
        var: 807454.8125
    pitch_instantaneous_confidence:
        dmean: 0.0796065554023
        dmean2: 0.117872811854
        dvar: 0.00434687361121
        dvar2: 0.00957114901394
        max: 0.877319514751
        mean: 0.558671593666
        min: 0.229021906853
        var: 0.0193870496005
    pitch_salience:
        dmean: 0.0600447878242
        dmean2: 0.094095684588
        dvar: 0.00279044103809
        dvar2: 0.00674530304968
        max: 0.964236438274
        mean: 0.577374815941
        min: 0.302118211985
        var: 0.00742891104892
    silence_rate_20dB:
        dmean: 0
        dmean2: 0
        dvar: 0
        dvar2: 0
        max: 1
        mean: 1
        min: 1
        var: 0
    silence_rate_30dB:
        dmean: 0
        dmean2: 0
        dvar: 0
        dvar2: 0
        max: 1
        mean: 1
        min: 1
        var: 0
    silence_rate_60dB:
        dmean: 0.111111111939
        dmean2: 0.220417633653
        dvar: 0.0987650379539
        dvar2: 0.208956837654
        max: 1
        mean: 0.300230950117
        min: 0
        var: 0.210092946887
    spectral_centroid:
        dmean: 158.199111938
        dmean2: 236.716873169
        dvar: 52371.4765625
        dvar2: 89528.9375
        max: 3611.57080078
        mean: 791.082275391
        min: 256.590270996
        var: 202732.171875
    spectral_complexity:
        dmean: 1.61484920979
        dmean2: 2.54186058044
        dvar: 2.84469652176
        dvar2: 5.18312931061
        max: 19
        mean: 9.13194465637
        min: 0
        var: 15.4339818954
    spectral_crest:
        dmean: 2.45934867859
        dmean2: 4.02877521515
        dvar: 4.3546795845
        dvar2: 11.5667419434
        max: 21.3223724365
        mean: 10.6176815033
        min: 4.16076421738
        var: 12.10521698
    spectral_decrease:
        dmean: 2.82883327873e-10
        dmean2: 4.21760515401e-10
        dvar: 8.67830141935e-20
        dvar2: 1.94734885657e-19
        max: -5.11272263336e-16
        mean: -1.21999421676e-09
        min: -3.90360543889e-09
        var: 4.35952772245e-19
    spectral_energy:
        dmean: 0.00114087061957
        dmean2: 0.00168908818159
        dvar: 1.4148175751e-06
        dvar2: 3.08598418997e-06
        max: 0.0173857100308
        mean: 0.00497843883932
        min: 2.16129270036e-09
        var: 7.42730890124e-06
    spectral_energyband_high:
        dmean: 6.94526243024e-05
        dmean2: 9.78284078883e-05
        dvar: 6.12778592313e-08
        dvar2: 1.24537407942e-07
        max: 0.00485809054226
        mean: 0.000119947173516
        min: 2.0679595189e-11
        var: 1.27872226585e-07
    spectral_energyband_low:
        dmean: 0.000231798301684
        dmean2: 0.00040078474558
        dvar: 2.77686410755e-07
        dvar2: 8.05569243312e-07
        max: 0.00425987597555
        mean: 0.000358960533049
        min: 1.48090512075e-10
        var: 2.26563642514e-07
    spectral_energyband_middle_high:
        dmean: 0.000309886061586
        dmean2: 0.000415893417085
        dvar: 2.9781128319e-07
        dvar2: 5.67648157812e-07
        max: 0.011085100472
        mean: 0.000992722576484
        min: 7.67296837179e-10
        var: 1.34507160965e-06
    spectral_energyband_middle_low:
        dmean: 0.000918634643313
        dmean2: 0.0013478017645
        dvar: 8.37266100007e-07
        dvar2: 2.01672878575e-06
        max: 0.0129076130688
        mean: 0.00350680644624
        min: 1.21987764334e-09
        var: 4.01498482461e-06
    spectral_flatness_db:
        dmean: 0.0201357174665
        dmean2: 0.0289587751031
        dvar: 0.000280515931081
        dvar2: 0.00055314443307
        max: 0.301830947399
        mean: 0.186651498079
        min: 0.0971063822508
        var: 0.00110394414514
    spectral_flux:
        dmean: 0.00944021623582
        dmean2: 0.0139975491911
        dvar: 9.07789144549e-05
        dvar2: 0.000170007231645
        max: 0.118853338063
        mean: 0.0334195457399
        min: 4.648970571e-05
        var: 0.000330085924361
    spectral_kurtosis:
        dmean: 1.84107041359
        dmean2: 2.69393515587
        dvar: 3.71291160583
        dvar2: 7.84674406052
        max: 28.4377803802
        mean: 6.00932264328
        min: -0.764066457748
        var: 11.6929922104
    spectral_rms:
        dmean: 0.000257353443885
        dmean2: 0.000372491165763
        dvar: 6.47486970706e-08
        dvar2: 1.31148269134e-07
        max: 0.00411845464259
        mean: 0.00211819005199
        min: 1.452094466e-06
        var: 3.70283657958e-07
    spectral_rolloff:
        dmean: 484.521636963
        dmean2: 826.424438477
        dvar: 530758.25
        dvar2: 1167828
        max: 5684.765625
        mean: 1333.21337891
        min: 236.865234375
        var: 1239446.375
    spectral_skewness:
        dmean: 0.238691270351
        dmean2: 0.335105210543
        dvar: 0.0576371736825
        dvar2: 0.0928630381823
        max: 4.16644763947
        mean: 1.98975241184
        min: 0.188400700688
        var: 0.270236551762
    spectral_spread:
        dmean: 902934.1875
        dmean2: 1202050.875
        dvar: 1.07722873242e+12
        dvar2: 1.54352012493e+12
        max: 13731502
        mean: 5148020.5
        min: 2556478.5
        var: 3.9515282473e+12
    spectral_strongpeak:
        dmean: 0.229043021798
        dmean2: 0.369636893272
        dvar: 0.14679440856
        dvar2: 0.333132505417
        max: 4.10632896423
        mean: 0.647345662117
        min: 8.08872027847e-06
        var: 0.379643082619
    zerocrossingrate:
        dmean: 0.0083846161142
        dmean2: 0.0100937951356
        dvar: 8.54266545502e-05
        dvar2: 9.15552664082e-05
        max: 0.18994140625
        mean: 0.0523783378303
        min: 0.0185546875
        var: 0.0005958895199
    barkbands:
        dmean: [3.61805916782e-07, 8.69062569109e-05, 0.000162871059729, 0.000185800468898, 0.000449429266155, 0.000228896882618, 0.000263393041678, 0.000248518423177, 0.000234345541685, 9.4805873232e-05, 3.25569344568e-05, 5.87956092204e-05, 7.27692386135e-05, 3.37211931765e-05, 3.93270565837e-05, 3.88419502997e-05, 7.77887908043e-05, 3.95527094952e-05, 7.58441819926e-05, 4.86406170239e-05, 3.82752878068e-05, 1.05848957901e-05, 3.93806840293e-06, 4.1475600483e-06, 2.32859383686e-06, 7.94788022063e-08, 7.16012360513e-10]
        dmean2: [4.01221683433e-07, 0.000143693367136, 0.000284690468106, 0.000299619219732, 0.000721135293134, 0.000350405316567, 0.000368589127902, 0.000336314144079, 0.000307866604999, 0.000137782655656, 4.62693824375e-05, 8.07164178696e-05, 0.000112070534669, 4.99760390085e-05, 5.71158780076e-05, 5.58521205676e-05, 0.000120122953376, 6.46012995276e-05, 0.00010939999629, 7.53643034841e-05, 5.7327637478e-05, 1.52276716108e-05, 5.3342719184e-06, 5.29070211996e-06, 3.15781562676e-06, 1.20070126286e-07, 9.53333634257e-10]
        dvar: [6.92383325153e-13, 2.97248803349e-08, 1.4720401964e-07, 9.46001037505e-08, 3.08989768882e-07, 1.61352176065e-07, 1.70465611404e-07, 4.39004480768e-07, 3.15562630249e-07, 7.51098596652e-08, 6.56864518334e-09, 1.61663766818e-08, 4.9696513571e-08, 6.51576126387e-09, 1.36117357386e-08, 1.60529598503e-08, 8.24849308856e-08, 2.18991824674e-09, 2.29741949909e-08, 1.02127106771e-08, 3.13941050933e-08, 9.4796315242e-10, 1.74813497011e-10, 2.39168157501e-10, 4.51513201827e-11, 1.92737739288e-14, 6.18340470417e-17]
        dvar2: [9.76495035006e-13, 7.7195707604e-08, 4.41101803972e-07, 2.5042149332e-07, 8.74515478699e-07, 4.26397377851e-07, 3.45491912412e-07, 8.65566960329e-07, 4.93711866056e-07, 1.31238167e-07, 1.26915606913e-08, 3.22283142395e-08, 1.11882258125e-07, 1.49132084459e-08, 2.29043006783e-08, 3.03817557779e-08, 1.97472203922e-07, 6.01326188843e-09, 4.44544951961e-08, 2.02447072439e-08, 6.95925237437e-08, 2.03759031869e-09, 2.58042809342e-10, 3.0059255085e-10, 6.80506484496e-11, 4.02223827162e-14, 6.18635542285e-17]
        max: [6.28657244306e-06, 0.00134173850529, 0.00291772792116, 0.00278782541864, 0.00607051048428, 0.00455141020939, 0.0038053127937, 0.00973741803318, 0.00648446241394, 0.00443965150043, 0.00124938506633, 0.00175044639036, 0.0029271885287, 0.00123655074276, 0.00234087673016, 0.00256402697414, 0.00450897496194, 0.000598801125307, 0.00248121842742, 0.00108196749352, 0.00347208231688, 0.000545529299416, 0.000213504215935, 0.000268700561719, 0.000139020557981, 1.02955300463e-06, 1.63818484111e-07]
        mean: [4.72980701716e-07, 0.000132799483254, 0.000225696509006, 0.000325566768879, 0.00100676494185, 0.000573285797145, 0.000607808236964, 0.000474968372146, 0.000486948760226, 0.00013246879098, 6.03500084253e-05, 0.000104170416307, 0.000105369283119, 5.59725631319e-05, 7.04070625943e-05, 8.71917654877e-05, 0.00012554913701, 7.64950964367e-05, 0.000154531910084, 7.9085395555e-05, 5.93762706558e-05, 1.64329594554e-05, 6.39425797999e-06, 6.74183320371e-06, 3.49423748958e-06, 1.01492069859e-07, 7.20582316038e-10]
        min: [1.2467726504e-11, 6.05950983834e-11, 8.03382221859e-11, 1.0281675511e-10, 3.04266944973e-10, 3.17462028887e-10, 2.53192744548e-10, 1.50432208357e-10, 7.98881655273e-11, 6.83987866346e-11, 2.63383915372e-11, 1.36642121229e-11, 4.1132215689e-11, 8.68753818883e-11, 5.04446588667e-11, 2.93385246652e-11, 1.30116247637e-11, 8.28552434995e-11, 3.33055000246e-10, 4.51467127571e-11, 6.53058510047e-12, 1.91802368259e-12, 7.7051494525e-13, 1.2922681588e-13, 1.18667933553e-13, 3.71914989311e-14, 3.32755978533e-14]
        var: [1.55169995776e-12, 3.23995053009e-08, 1.17200031013e-07, 1.39869911209e-07, 9.58564783105e-07, 4.49318179108e-07, 5.50369236407e-07, 1.15635020848e-06, 1.21593984659e-06, 1.19557356015e-07, 1.88700166603e-08, 3.47521726951e-08, 9.02900083588e-08, 1.3835793844e-08, 4.17645864559e-08, 6.00074443469e-08, 1.20506712165e-07, 4.86448881176e-09, 5.80203263212e-08, 1.86814883563e-08, 4.85284061824e-08, 2.10613793072e-09, 5.40107902847e-10, 7.42531591769e-10, 1.43548617437e-10, 3.23481442099e-14, 6.19727288345e-17]
    mfcc:
        mean: [-737.330200195, 140.056747437, -22.9816169739, 46.89635849, -6.47547483444, -13.1428565979, -3.11787199974, -8.49340057373, -11.3806905746, -8.1011762619, -2.62283301353, -3.41986179352, -4.02777194977]
        cov: [[3102.8659668, -709.461730957, 20.1251811981, -285.567779541, -203.912750244, -80.0153656006, -20.993391037, -20.5629062653, 138.248138428, 63.7746353149, 7.16506004333, 42.8011131287, 16.765247345], [-709.461730957, 1082.74951172, -397.190765381, -23.88256073, -61.7451934814, -92.4206695557, 57.1638946533, 173.042572021, -40.7609291077, -0.678279995918, 143.577804565, -0.704733848572, -11.2887601852], [20.1251811981, -397.190765381, 430.800231934, 98.388923645, 78.1383209229, 75.4417800903, 9.92761325836, -75.8466873169, -21.7544631958, -18.8886375427, -71.5266036987, 27.8797245026, 22.6832199097], [-285.567779541, -23.88256073, 98.388923645, 218.760925293, 97.3986968994, 39.6805801392, 28.0014381409, -14.4370069504, 7.04309797287, -28.7187366486, -37.2231407166, 21.1658096313, 7.82041406631], [-203.912750244, -61.7451934814, 78.1383209229, 97.3986968994, 256.992248535, 103.223823547, -44.6540374756, -43.1778030396, -12.6467189789, -15.2245445251, -80.318031311, -13.6227045059, -4.13860321045], [-80.0153656006, -92.4206695557, 75.4417800903, 39.6805801392, 103.223823547, 157.638534546, -2.61987805367, -27.862039566, 15.111207962, 4.53099012375, -13.6621866226, -17.66106987, -18.1521244049], [-20.993391037, 57.1638946533, 9.92761325836, 28.0014381409, -44.6540374756, -2.61987805367, 164.950546265, 61.4840545654, 1.96104085445, -0.888761103153, 48.2510414124, 14.712143898, 3.90404868126], [-20.5629062653, 173.042572021, -75.8466873169, -14.4370069504, -43.1778030396, -27.862039566, 61.4840545654, 148.24949646, 10.1977863312, 5.3482670784, 53.6362419128, -8.40005016327, -2.6385602951], [138.248138428, -40.7609291077, -21.7544631958, 7.04309797287, -12.6467189789, 15.111207962, 1.96104085445, 10.1977863312, 112.08203125, 50.9717407227, 11.7287731171, -6.07740783691, -17.1694850922], [63.7746353149, -0.678279995918, -18.8886375427, -28.7187366486, -15.2245445251, 4.53099012375, -0.888761103153, 5.3482670784, 50.9717407227, 107.1590271, 40.7941207886, 6.6115489006, 7.39937877655], [7.16506004333, 143.577804565, -71.5266036987, -37.2231407166, -80.318031311, -13.6621866226, 48.2510414124, 53.6362419128, 11.7287731171, 40.7941207886, 126.785491943, 16.2360076904, -8.17137432098], [42.8011131287, -0.704733848572, 27.8797245026, 21.1658096313, -13.6227045059, -17.66106987, 14.712143898, -8.40005016327, -6.07740783691, 6.6115489006, 16.2360076904, 64.3437194824, 27.9194126129], [16.765247345, -11.2887601852, 22.6832199097, 7.82041406631, -4.13860321045, -18.1521244049, 3.90404868126, -2.6385602951, -17.1694850922, 7.39937877655, -8.17137432098, 27.9194126129, 72.8029632568]]
        icov: [[0.000535415718332, 0.000471847190056, 0.000183412965271, 0.000747473735828, 1.93113987734e-06, 0.000194422405912, -5.2222985687e-05, -0.000235318642808, -0.000693440495525, 0.000319685786963, -5.57600142201e-05, -0.000689846056048, -8.24504677439e-05], [0.000471847190056, 0.00230818544514, 0.00171184039209, -2.99810708384e-05, -0.000471234234283, 0.000576510443352, 3.52093629772e-05, -0.00138686189894, 0.000545507413335, 0.000325830711517, -0.00139902497176, -0.000791246187873, 2.58574473264e-05], [0.000183412965271, 0.00171184039209, 0.00469054142013, -0.00124981068075, 0.000206156240893, -0.00128909607884, -0.000668606488034, -0.000111543835374, 0.00161703675985, -0.000495481188409, 0.000860629195813, -0.00184685771819, -0.000145296013216], [0.000747473735828, -2.99810708384e-05, -0.00124981068075, 0.00841111503541, -0.00277665141039, 0.000545258924831, -0.00181566248648, 0.000153562490596, -0.00373032758944, 0.00298513029702, 0.000457190617453, -0.00329241086729, -0.000479057431221], [1.93113987734e-06, -0.000471234234283, 0.000206156240893, -0.00277665141039, 0.00844398513436, -0.00496517447755, 0.00159250525758, -0.000600101368036, 0.00229376694188, -0.00224444852211, 0.00489261886105, -0.000304113782477, 0.000730243395083], [0.000194422405912, 0.000576510443352, -0.00128909607884, 0.000545258924831, -0.00496517447755, 0.0110413851216, -0.00106166314799, 0.00149578170385, -0.00215232768096, 0.00078063714318, -0.00379956723191, 0.00299913971685, 0.000806010619272], [-5.2222985687e-05, 3.52093629772e-05, -0.000668606488034, -0.00181566248648, 0.00159250525758, -0.00106166314799, 0.00872286129743, -0.00324414949864, 0.000381078338251, 0.000636463519186, -0.00214805291034, -0.000836007297039, -0.000233986342209], [-0.000235318642808, -0.00138686189894, -0.000111543835374, 0.000153562490596, -0.000600101368036, 0.00149578170385, -0.00324414949864, 0.0110500929877, -0.00175594433676, 0.00124208128545, -0.0029022207018, 0.00370354764163, -0.0015156957088], [-0.000693440495525, 0.000545507413335, 0.00161703675985, -0.00373032758944, 0.00229376694188, -0.00215232768096, 0.000381078338251, -0.00175594433676, 0.0154823074117, -0.00845594052225, 0.00257363426499, 0.000387364503695, 0.0043018409051], [0.000319685786963, 0.000325830711517, -0.000495481188409, 0.00298513029702, -0.00224444852211, 0.00078063714318, 0.000636463519186, 0.00124208128545, -0.00845594052225, 0.0163121148944, -0.00664086965844, -7.59192480473e-05, -0.00447979616001], [-5.57600142201e-05, -0.00139902497176, 0.000860629195813, 0.000457190617453, 0.00489261886105, -0.00379956723191, -0.00214805291034, -0.0029022207018, 0.00257363426499, -0.00664086965844, 0.0177540648729, -0.00582943577319, 0.00432958966121], [-0.000689846056048, -0.000791246187873, -0.00184685771819, -0.00329241086729, -0.000304113782477, 0.00299913971685, -0.000836007297039, 0.00370354764163, 0.000387364503695, -7.59192480473e-05, -0.00582943577319, 0.0242937617004, -0.00799689348787], [-8.24504677439e-05, 2.58574473264e-05, -0.000145296013216, -0.000479057431221, 0.000730243395083, 0.000806010619272, -0.000233986342209, -0.0015156957088, 0.0043018409051, -0.00447979616001, 0.00432958966121, -0.00799689348787, 0.0190780553967]]
    spectral_contrast:
        mean: [4.06884481663e-07, -2.65771859631e-07, -2.82203671986e-07, 1.2465925181e-07, 3.64802502872e-07, 3.15476910373e-07, 7.00354576111e-07, 4.65813036499e-06, 5.78986009714e-06, -3.92638685298e-06, 1.66044469552e-06, -2.6955924568e-06]
        var: [0.000480517570395, 0.000953827460762, 0.00205743568949, 0.00340273184702, 0.0042216735892, 0.00653437012807, 0.0429673008621, 0.0693307742476, 0.116906061769, 0.307994484901, 0.573293983936, 1.6476033926]

rhythm:
    beats_loudness:
        dmean: 0.00279147783294
        dmean2: 0.00532254623249
        dvar: 3.89765955333e-06
        dvar2: 1.30340322357e-05
        max: 0.0117450067773
        mean: 0.00647025182843
        min: 0.00200644577853
        var: 6.48793093205e-06
    beats_loudness_bass:
        dmean: 0.121765293181
        dmean2: 0.20927657187
        dvar: 0.0106209302321
        dvar2: 0.0266947019845
        max: 0.398586839437
        mean: 0.173468023539
        min: 0.0329962559044
        var: 0.0146109554917
    bpm: 88.2431030273
    bpm_confidence: 0
    first_peak_bpm: 88
    first_peak_spread: 0
    first_peak_weight: 0.533333361149
    onset_rate: 4.68546581268
    second_peak_bpm: 117
    second_peak_spread: 0
    second_peak_weight: 0.466666668653
    beats_position: [0.690187573433, 1.37012767792, 2.05006790161, 2.73000788689, 3.40994811058, 4.08988809586, 4.76982831955, 5.44976854324, 6.13078212738, 6.64225244522, 7.15372276306, 7.66519260406, 8.17666339874, 8.68813323975, 9.19960308075, 9.71107292175]
    bpm_estimates: [88.1674957275, 88.3309249878, 88.2275695801, 88.246421814]
    bpm_intervals: [0.679940104485, 0.679940223694, 0.679939985275, 0.679940223694, 0.679939985275, 0.679940223694, 0.679940223694, 0.681013584137, 0.511470317841, 0.511470317841, 0.511469841003, 0.511470794678, 0.511469841003, 0.511469841003, 0.511469841003]
    onset_times: [0.0580498874187, 0.31346938014, 0.49922901392, 0.824308395386, 1.02167797089, 1.18421769142, 1.369977355, 1.53251695633, 1.70666670799, 1.88081634045, 2.02013611794, 2.36843538284, 2.56580495834, 2.87927436829, 3.07664394379, 3.25079369545, 3.59909296036, 3.7151927948, 3.90095233917, 3.93578219414, 4.12154197693, 4.28408145905, 4.41179132462, 4.65560102463, 4.7833108902, 5.10838985443, 5.47990942001, 5.60761928558, 5.80498886108, 5.97913837433, 6.14167785645, 6.48997735977, 6.65251684189, 6.82666683197, 6.97759628296, 7.19818592072, 7.51165533066, 7.85995483398, 8.03410434723, 8.40562343597, 8.55655288696, 8.73070335388, 8.88163280487, 9.2067117691, 9.38086128235, 9.54340171814, 9.74077129364]
    rubato_start: [6.64225244522]
    rubato_stop: [7.15372276306]
    perceptual_tempo: "unknown"

sfx:
    inharmonicity:
        dmean: 0.0257608164102
        dmean2: 0.0451459661126
        dvar: 0.001108147786
        dvar2: 0.0029351611156
        max: 0.258523195982
        mean: 0.0269428044558
        min: 0
        var: 0.00117272033822
    oddtoevenharmonicenergyratio:
        dmean: 1.65227818489
        dmean2: 3.09397387505
        dvar: 12.0496406555
        dvar2: 39.3156738281
        max: 34.1704788208
        mean: 1.22009110451
        min: 0
        var: 7.6547794342
    pitch_after_max_to_before_max_energy_ratio: 3.16838002205
    pitch_centroid: 208.204589844
    pitch_max_to_total: 0.407407402992
    pitch_min_to_total: 0.511574089527
    tristimulus:
        dmean: [0.22055144608, 0.225137710571, 0.0664920583367]
        dmean2: [0.393607348204, 0.404335945845, 0.114261440933]
        dvar: [0.0394807048142, 0.0394924581051, 0.00565560907125]
        dvar2: [0.105552203953, 0.105845473707, 0.0135592371225]
        max: [1, 0.928565263748, 0.844724833965]
        mean: [0.483675539494, 0.413237810135, 0.082163952291]
        min: [0.0186431072652, 0, 0]
        var: [0.0638619586825, 0.0597271285951, 0.0108721721917]

tonal:
    chords_changes_rate: 0.0601851865649
    chords_number_rate: 0.0231481473893
    chords_strength:
        dmean: 0.00989968050271
        dmean2: 0.00879425089806
        dvar: 5.40385444765e-05
        dvar2: 5.93571130594e-05
        max: 0.741511642933
        mean: 0.573471128941
        min: 0.410156518221
        var: 0.00524546019733
    key_strength: 0.870007872581
    tuning_diatonic_strength: 0.703081727028
    tuning_equal_tempered_deviation: 0.0858048126101
    tuning_frequency: 440.254241943
    tuning_nontempered_energy_ratio: 0.676934540272
    hpcp:
        dmean: [0.182300582528, 0.150505453348, 0.0849152356386, 0.0593726187944, 0.0523905903101, 0.0780293941498, 0.0865725204349, 0.0785161629319, 0.0497941300273, 0.0495016463101, 0.0498789362609, 0.105744481087, 0.137941047549, 0.122432000935, 0.0990559980273, 0.0874306932092, 0.0929340347648, 0.0830708816648, 0.0794643908739, 0.0980062633753, 0.130979940295, 0.14827015996, 0.142415001988, 0.0927622690797, 0.0623432286084, 0.0818770229816, 0.122262537479, 0.113408766687, 0.101515412331, 0.103876493871, 0.0799946859479, 0.0408232435584, 0.0679263994098, 0.0991047173738, 0.139793530107, 0.197967365384]
        dmean2: [0.305522859097, 0.252440243959, 0.156117856503, 0.105166308582, 0.0942095667124, 0.137886121869, 0.150184825063, 0.137106955051, 0.0867660343647, 0.090998955071, 0.0892100557685, 0.184450820088, 0.22931240499, 0.208840072155, 0.176970735192, 0.154048085213, 0.155018344522, 0.147056460381, 0.13608263433, 0.176037162542, 0.218611463904, 0.243862077594, 0.239540755749, 0.168248042464, 0.107502579689, 0.143615067005, 0.217637017369, 0.203306660056, 0.18155542016, 0.184189498425, 0.145858421922, 0.0683380961418, 0.116070024669, 0.171062842011, 0.234069928527, 0.328658342361]
        dvar: [0.0578586682677, 0.03771815449, 0.0322083905339, 0.0204514507204, 0.0128319952637, 0.0236112456769, 0.028230169788, 0.0289954431355, 0.0164651591331, 0.0188043899834, 0.0129823340103, 0.0368488319218, 0.0478161685169, 0.0327320583165, 0.0343669094145, 0.028175868094, 0.0300867632031, 0.0307701379061, 0.0252074822783, 0.0369962342083, 0.0373333767056, 0.0508582182229, 0.0428201444447, 0.0340695679188, 0.0224616788328, 0.0318118743598, 0.043608430773, 0.0407071262598, 0.0334875285625, 0.0443136617541, 0.0278071314096, 0.0060496465303, 0.0141819128767, 0.026907723397, 0.030935568735, 0.0438658855855]
        dvar2: [0.129387199879, 0.0960161238909, 0.0919737294316, 0.0576403215528, 0.0351244993508, 0.0625782608986, 0.0719041675329, 0.0680712684989, 0.0382239483297, 0.0532258823514, 0.0297503322363, 0.105365894735, 0.125599697232, 0.0798390209675, 0.0999041125178, 0.0677466467023, 0.088550016284, 0.0845781415701, 0.0638974457979, 0.0984873846173, 0.0891921818256, 0.0968368723989, 0.108260057867, 0.0959072262049, 0.0586099661887, 0.0845432430506, 0.115688145161, 0.113637752831, 0.0959928259254, 0.121125988662, 0.0728719159961, 0.0149492071941, 0.0345317684114, 0.0677696689963, 0.0812734439969, 0.11155334115]
        max: [1, 1, 1, 1, 0.865272879601, 1, 1, 1, 1, 1, 1, 1, 1, 1, 1, 1, 1, 1, 1, 1, 1, 1, 1, 1, 1, 1, 1, 1, 1, 1, 0.96802085638, 0.718967318535, 0.865411579609, 1, 1, 1]
        mean: [0.464325070381, 0.219821736217, 0.0681673362851, 0.0487680360675, 0.0420222207904, 0.0934467464685, 0.139366075397, 0.10769623518, 0.0613697357476, 0.0399568527937, 0.045060466975, 0.127638831735, 0.198657885194, 0.157782927155, 0.150617718697, 0.151246130466, 0.0978055298328, 0.07158459723, 0.0697804316878, 0.084796756506, 0.23100605607, 0.331999182701, 0.193680927157, 0.0728680193424, 0.0531815141439, 0.07110375911, 0.15509340167, 0.183509841561, 0.116468578577, 0.0902651250362, 0.0732851028442, 0.0442820750177, 0.0943208634853, 0.135151579976, 0.14577062428, 0.368060916662]
        min: [0.00197189091705, 0.00242010224611, 0.000541187240742, 0.00038151195622, 0.00032181412098, 0.000870363030117, 0.00130155705847, 0.000531731115188, 0.000217512308154, 0.000299171282677, 0.000464930548333, 0.001024483121, 0.00103090109769, 0.00230546831153, 0.000293343473459, 0.000435585679952, 0.00113008823246, 0.00101137615275, 0.000318799342494, 0.000492318358738, 0.00100630463567, 0.00126929581165, 0.000535018916707, 5.61447704968e-05, 0.000157173926709, 0.00052588863764, 0.00111744087189, 0.00238088984042, 0.00226913113147, 0.00126306246966, 0.000901987252291, 0.000189290032722, 0.00129691010807, 0.00105141964741, 0.00137906079181, 0.00164095452055]
        var: [0.159041315317, 0.0545684546232, 0.0218545161188, 0.013534868136, 0.00911999959499, 0.0344521924853, 0.0700255706906, 0.0478544384241, 0.029052009806, 0.013128333725, 0.0127640925348, 0.0423466004431, 0.0757746696472, 0.0431013070047, 0.0746366009116, 0.0754248052835, 0.0311807710677, 0.0243541672826, 0.0234493985772, 0.0331096611917, 0.0782357081771, 0.134062752128, 0.0597537122667, 0.0275908131152, 0.0203170608729, 0.0274587385356, 0.0616662055254, 0.0759708806872, 0.0371824353933, 0.0366471111774, 0.0273812729865, 0.00764830829576, 0.0239271745086, 0.0430655032396, 0.0373043380678, 0.109572522342]
    chords_histogram: [48.148147583, 11.1111106873, 13.8888893127, 0, 0, 0, 0, 0, 0.925925910473, 0, 0, 0, 0, 0, 0, 0, 0, 0.925925910473, 0, 0, 0, 0, 10.6481485367, 14.3518514633]
    thpcp: [1, 0.473422080278, 0.146809503436, 0.105029940605, 0.0905017256737, 0.201252862811, 0.300147652626, 0.231941461563, 0.132169768214, 0.0860536172986, 0.0970450863242, 0.274891108274, 0.427842259407, 0.339811354876, 0.324379891157, 0.325733274221, 0.210640206933, 0.154169142246, 0.150283575058, 0.182623684406, 0.497509330511, 0.715014576912, 0.417123556137, 0.15693320334, 0.114535093307, 0.153133571148, 0.334019005299, 0.395218461752, 0.250834137201, 0.194400712848, 0.157831460238, 0.0953686907887, 0.203135415912, 0.291071027517, 0.313940882683, 0.79267936945]
    chords_key: "A"
    chords_scale: "major"
    key_key: "A"
    key_scale: "major"
    chords_progression: ["A", "A", "A", "A", "F#m", "F#m", "F#m", "F#m", "F#m", "F#m", "F#m", "F#m", "F#m", "F#m", "F#m", "F#m", "F#m", "F#m", "F#m", "F#m", "F#m", "F#m", "F#m", "F#m", "F#m", "F#m", "F#m", "F#m", "F#m", "F#m", "F#m", "F#m", "F#m", "F#m", "F#m", "C#m", "C#m", "C#m", "C#m", "C#m", "C#m", "C#m", "C#m", "C#m", "C#m", "C#m", "C#m", "C#m", "C#m", "C#m", "C#m", "C#m", "E", "E", "E", "E", "C#m", "C#m", "E", "E", "E", "E", "E", "E", "C#m", "C#m", "C#m", "C#m", "C#m", "A", "A", "A", "A", "A", "A", "A", "A", "C#", "C#", "A", "A", "A", "A", "A", "A", "A", "A", "A", "A", "A", "A", "A", "A", "A", "A", "A", "A", "A", "A", "A", "A", "A", "A", "A", "A", "A", "A", "A", "A", "A", "A", "A", "A", "A", "A", "A", "A", "A", "A", "A", "A", "A", "A", "A", "A", "A", "A", "A", "A", "A", "A", "A", "A", "A", "A", "A", "A", "A", "A", "A", "A", "A", "A", "A", "A", "A", "A", "A", "A", "A", "D", "D", "D", "D", "D", "D", "D", "D", "D", "D", "D", "D", "D", "D", "D", "D", "D", "D", "D", "D", "D", "D", "D", "A", "A", "A", "A", "A", "A", "A", "A", "A", "A", "A", "A", "A", "A", "A", "A", "A", "A", "A", "A", "A", "Am", "Am", "E", "E", "E", "E", "E", "E", "E", "E", "E", "E", "E", "E", "E", "E", "E", "E", "E", "E", "E", "E"]
