
metadata:
    version:
        essentia: "1.2.2"
    audio_properties:
        analysis_sample_rate: 44100
        bitrate: 128
        channels: 2
        equal_loudness: 1
        length: 10.0310201645
        replay_gain: -12.6300678253
        downmix: "mix"
    tags:
        track: 16
        year: 0
        album: "Splitted by Mp3Splt v. 2.1"
        artist: "From 002.30 To 002.40"
        comment: "http://mp3splt.sf.net"
        genre: ""
        title: "09 Tattva.mp3"

highlevel:
    ballroom:
        all:
            ChaChaCha: 0.0558261834085
            Jive: 0.488126844168
            Quickstep: 0.0974785909057
            Rumba-American: 0.00432811491191
            Rumba-International: 0.0217824168503
            Rumba-Misc: 0.0157952141017
            Samba: 0.0729644447565
            Tango: 0.0129675213248
            VienneseWaltz: 0.206108123064
            Waltz: 0.0246225316077
        probability: 0.488126844168
        value: "Jive"
    culture:
        all:
            non_western: 0.0103666055948
            western: 0.989633381367
        probability: 0.989633381367
        value: "western"
    gender:
        all:
            female: 0.481432259083
            male: 0.518567740917
        probability: 0.518567740917
        value: "male"
    genre_dortmund:
        all:
            alternative: 0.139661818743
            blues: 0.00725932652131
            electronic: 0.0481404028833
            folkcountry: 0.0706656351686
            funksoulrnb: 0.0259627718478
            jazz: 0.0377675928175
            pop: 0.135451868176
            raphiphop: 0.000972430570982
            rock: 0.534118175507
        probability: 0.534118175507
        value: "rock"
    genre_electronica:
        all:
            ambient: 0.262577235699
            dnb: 0.201946258545
            house: 0.001084364485
            techno: 0.00216431031004
            trance: 0.532227814198
        probability: 0.532227814198
        value: "trance"
    genre_rosamerica:
        all:
            cla: 0.0210954602808
            dan: 0.00663603236899
            hip: 0.0036475546658
            jaz: 0.0062816333957
            pop: 0.0312810279429
            rhy: 0.00216673943214
            roc: 0.928028583527
            spe: 0.000862955232151
        probability: 0.928028583527
        value: "roc"
    genre_tzanetakis:
        all:
            blu: 0.00885729398578
            cla: 0.0409670136869
            cou: 0.187975376844
            dis: 0.0419610515237
            hip: 0.00866604596376
            jaz: 0.23502779007
            met: 0.0594255588949
            pop: 0.131225377321
            reg: 0.0105923144147
            roc: 0.275302171707
        probability: 0.275302171707
        value: "roc"
    live_studio:
        all:
            live: 0.561543285847
            studio: 0.438456684351
        probability: 0.561543285847
        value: "live"
    mood:
        all:
            Cluster1: 0.352589696646
            Cluster2: 0.170433282852
            Cluster3: 0.141341283917
            Cluster4: 0.0796903073788
            Cluster5: 0.255945444107
        probability: 0.352589696646
        value: "Cluster1"
    mood_acoustic:
        all:
            acoustic: 0.0189418550581
            not_acoustic: 0.981058120728
        probability: 0.981058120728
        value: "not_acoustic"
    mood_aggressive:
        all:
            aggressive: 0.785408258438
            not_aggressive: 0.214591756463
        probability: 0.785408258438
        value: "aggressive"
    mood_electronic:
        all:
            electronic: 0.433941364288
            not_electronic: 0.566058635712
        probability: 0.566058635712
        value: "not_electronic"
    mood_happy:
        all:
            happy: 0.601394951344
            not_happy: 0.398605018854
        probability: 0.601394951344
        value: "happy"
    mood_party:
        all:
            not_party: 0.575068414211
            party: 0.424931555986
        probability: 0.575068414211
        value: "not_party"
    mood_relaxed:
        all:
            not_relaxed: 0.259623497725
            relaxed: 0.740376472473
        probability: 0.740376472473
        value: "relaxed"
    mood_sad:
        all:
            not_sad: 0.665286362171
            sad: 0.334713637829
        probability: 0.665286362171
        value: "not_sad"
    rhythm:
        all:
            fast: 0.346154391766
            medium: 0.608103394508
            slow: 0.0457422062755
        probability: 0.608103394508
        value: "medium"
    speech_music:
        all:
            music: 0.803018450737
            speech: 0.196981534362
        probability: 0.803018450737
        value: "music"
    timbre:
        all:
            bright: 0.0285737905651
            dark: 0.971426188946
        probability: 0.971426188946
        value: "dark"
    voice_instrumental:
        all:
            instrumental: 0.223854824901
            voice: 0.776145160198
        probability: 0.776145160198
        value: "voice"

lowlevel:
    average_loudness: 0.976072430611
    barkbands_kurtosis:
        dmean: 0.432391822338
        dmean2: 0.723477303982
        dvar: 0.23359195888
        dvar2: 0.639901041985
        max: 2.33596038818
        mean: -0.953424215317
        min: -1.75947523117
        var: 0.394132107496
    barkbands_skewness:
        dmean: 0.320822358131
        dmean2: 0.528107762337
        dvar: 0.0818683505058
        dvar2: 0.210037529469
        max: 1.83436775208
        mean: 0.436767339706
        min: -0.97427123785
        var: 0.253442287445
    barkbands_spread:
        dmean: 3.64433598518
        dmean2: 5.90008735657
        dvar: 9.75874614716
        dvar2: 25.8629016876
        max: 47.4202804565
        mean: 30.9633636475
        min: 14.9879608154
        var: 39.8990364075
    dissonance:
        dmean: 0.0193445328623
        dmean2: 0.0331020690501
        dvar: 0.000261482113274
        dvar2: 0.000749974453356
        max: 0.499646425247
        mean: 0.460577100515
        min: 0.381603062153
        var: 0.000499931338709
    hfc:
        dmean: 1.53944242001
        dmean2: 2.37300729752
        dvar: 2.65170884132
        dvar2: 5.90947246552
        max: 25.7985725403
        mean: 8.46272277832
        min: 1.165391922
        var: 16.7868003845
    pitch:
        dmean: 486.670196533
        dmean2: 956.628845215
        dvar: 1158203.125
        dvar2: 3129159.75
        max: 4009.09082031
        mean: 632.104125977
        min: 82.7392120361
        var: 1142637.875
    pitch_instantaneous_confidence:
        dmean: 0.066915050149
        dmean2: 0.110658593476
        dvar: 0.00326394638978
        dvar2: 0.00868990458548
        max: 0.703927338123
        mean: 0.357011705637
        min: 0.152064144611
        var: 0.00987346749753
    pitch_salience:
        dmean: 0.0535779371858
        dmean2: 0.089622117579
        dvar: 0.00195339461789
        dvar2: 0.00537555245683
        max: 0.811333835125
        mean: 0.643440723419
        min: 0.453619688749
        var: 0.00431527150795
    silence_rate_20dB:
        dmean: 0
        dmean2: 0
        dvar: 0
        dvar2: 0
        max: 1
        mean: 1
        min: 1
        var: 0
    silence_rate_30dB:
        dmean: 0
        dmean2: 0
        dvar: 0
        dvar2: 0
        max: 1
        mean: 1
        min: 1
        var: 0
    silence_rate_60dB:
        dmean: 0.0672853812575
        dmean2: 0.134883716702
        dvar: 0.0627586245537
        dvar2: 0.149247273803
        max: 1
        mean: 0.157407402992
        min: 0
        var: 0.132629752159
    spectral_centroid:
        dmean: 212.740432739
        dmean2: 344.582763672
        dvar: 41763.3398438
        dvar2: 99654.5546875
        max: 3522.57421875
        mean: 1435.68115234
        min: 705.109619141
        var: 115970.960938
    spectral_complexity:
        dmean: 2.83216786385
        dmean2: 4.65887832642
        dvar: 5.55224895477
        dvar2: 13.6733551025
        max: 32
        mean: 17.5697669983
        min: 2
        var: 36.356754303
    spectral_crest:
        dmean: 1.7720130682
        dmean2: 2.91754126549
        dvar: 2.46217751503
        dvar2: 6.22194099426
        max: 14.2666931152
        mean: 6.01983213425
        min: 2.70193886757
        var: 4.75761938095
    spectral_decrease:
        dmean: 2.82208506563e-10
        dmean2: 4.50204290514e-10
        dvar: 7.45982948038e-20
        dvar2: 1.77039863842e-19
        max: -3.24167581667e-10
        mean: -1.33931132851e-09
        min: -3.00454550128e-09
        var: 2.69067455151e-19
    spectral_energy:
        dmean: 0.00116356112994
        dmean2: 0.00184012856334
        dvar: 1.24192376916e-06
        dvar2: 2.94088681585e-06
        max: 0.0128534948453
        mean: 0.00582246622071
        min: 0.00136697362177
        var: 5.12194856128e-06
    spectral_energyband_high:
        dmean: 9.48251254158e-05
        dmean2: 0.000153823872097
        dvar: 1.6810121295e-08
        dvar2: 3.34574110639e-08
        max: 0.00213310518302
        mean: 0.000341730192304
        min: 6.56161355437e-05
        var: 3.45207880059e-08
    spectral_energyband_low:
        dmean: 9.05978595256e-05
        dmean2: 0.000150045641931
        dvar: 2.91165260791e-08
        dvar2: 7.4629419089e-08
        max: 0.00189020787366
        mean: 0.000166263911524
        min: 4.70117271334e-07
        var: 3.94148393923e-08
    spectral_energyband_middle_high:
        dmean: 0.000596951926127
        dmean2: 0.000943293562159
        dvar: 4.43561276597e-07
        dvar2: 1.07303071673e-06
        max: 0.00860008224845
        mean: 0.00257128453813
        min: 0.000228917386266
        var: 2.32497632169e-06
    spectral_energyband_middle_low:
        dmean: 0.000883403292391
        dmean2: 0.00144178897608
        dvar: 8.90357910066e-07
        dvar2: 2.16651665141e-06
        max: 0.00822105072439
        mean: 0.00274318107404
        min: 0.000483089272166
        var: 1.73145099325e-06
    spectral_flatness_db:
        dmean: 0.0140063855797
        dmean2: 0.0222084335983
        dvar: 0.000134272151627
        dvar2: 0.000317509664455
        max: 0.202576160431
        mean: 0.139929458499
        min: 0.0834147185087
        var: 0.000407570798416
    spectral_flux:
        dmean: 0.00636329920962
        dmean2: 0.0102774519473
        dvar: 3.06224392261e-05
        dvar2: 6.68124339427e-05
        max: 0.0814842954278
        mean: 0.0422052331269
        min: 0.0184415113181
        var: 0.0001058992857
    spectral_kurtosis:
        dmean: 0.726165771484
        dmean2: 1.23584580421
        dvar: 0.428479135036
        dvar2: 1.14108800888
        max: 9.52551460266
        mean: 3.23759508133
        min: -0.541755437851
        var: 1.04179668427
    spectral_rms:
        dmean: 0.000238996188273
        dmean2: 0.000377030606614
        dvar: 4.66317011671e-08
        dvar2: 1.06398161392e-07
        max: 0.00354118552059
        mean: 0.00233414350078
        min: 0.00115483021364
        var: 2.32229098174e-07
    spectral_rolloff:
        dmean: 371.535461426
        dmean2: 629.04119873
        dvar: 148408.78125
        dvar2: 382114.125
        max: 5577.09960938
        mean: 3059.91894531
        min: 1055.12695312
        var: 260194.453125
    spectral_skewness:
        dmean: 0.120817057788
        dmean2: 0.193585604429
        dvar: 0.0135500188917
        dvar2: 0.0259528364986
        max: 2.73073482513
        mean: 1.41197550297
        min: 0.536830127239
        var: 0.0381367616355
    spectral_spread:
        dmean: 487655.1875
        dmean2: 711804.4375
        dvar: 404854865920
        dvar2: 666272727040
        max: 11238402
        mean: 4997817.5
        min: 3544133.25
        var: 914788319232
    spectral_strongpeak:
        dmean: 0.458322674036
        dmean2: 0.80845785141
        dvar: 0.463365107775
        dvar2: 1.2322794199
        max: 4.93650484085
        mean: 0.678755819798
        min: 0.0215520113707
        var: 0.564889907837
    zerocrossingrate:
        dmean: 0.00728779705241
        dmean2: 0.00950551219285
        dvar: 5.00865498907e-05
        dvar2: 7.60424591135e-05
        max: 0.19140625
        mean: 0.0880098566413
        min: 0.05712890625
        var: 0.00021314805781
    barkbands:
        dmean: [1.02019150461e-07, 2.9339138564e-05, 7.18021037756e-05, 0.000130612039356, 0.000407886836911, 0.000324997527059, 0.000218626591959, 0.000210305370274, 0.000179029229912, 0.000282315711956, 6.84603583068e-05, 0.000117888681416, 5.20079847774e-05, 8.5244573711e-05, 5.67725001019e-05, 0.000124121230328, 0.000155635454576, 0.000215743595618, 0.000148869323311, 0.000102442441857, 4.46710182587e-05, 1.83885076694e-05, 4.67064182885e-06, 2.14990586755e-06, 1.86430088434e-06, 1.73275154225e-07, 2.6033268874e-09]
        dmean2: [1.54525054086e-07, 4.73384898214e-05, 0.000121312477859, 0.000221862050239, 0.000666791398544, 0.000530442805029, 0.000350508867996, 0.000323652697261, 0.000281293992884, 0.000465228396934, 0.00010826370999, 0.000209487276152, 8.67886192282e-05, 0.000145942089148, 9.28754307097e-05, 0.000201427887077, 0.000254299782682, 0.00036661096965, 0.000247441435931, 0.000170126091689, 7.30772517272e-05, 2.90198895527e-05, 7.00840701029e-06, 2.98379177366e-06, 2.63647893917e-06, 2.84764325897e-07, 2.98380564701e-09]
        dvar: [1.32234270734e-13, 3.05588421234e-09, 2.12378310493e-08, 3.9491091286e-08, 3.29844709768e-07, 1.79928719035e-07, 9.64124708958e-08, 6.18899989036e-08, 3.3914798081e-08, 1.83624010219e-07, 7.50757767065e-09, 5.07176736164e-08, 7.58643903254e-09, 2.70284310488e-08, 9.9508143947e-09, 6.14864958948e-08, 4.23797992255e-08, 1.14327463052e-07, 2.39661837043e-08, 1.08505293639e-08, 3.08895664602e-09, 5.00053942698e-10, 5.82325854204e-11, 1.52125825825e-10, 1.07435949026e-10, 1.45621497716e-13, 1.90359961104e-15]
        dvar2: [1.61578893711e-13, 7.70107266845e-09, 5.34361461746e-08, 1.04458720784e-07, 7.81254811955e-07, 4.75780240095e-07, 2.37745581444e-07, 1.33242195943e-07, 8.26561077361e-08, 4.45428213425e-07, 1.69512368586e-08, 1.53527324187e-07, 2.04976977614e-08, 7.48174571186e-08, 2.60174370936e-08, 1.70718905679e-07, 1.09056252029e-07, 3.27988345816e-07, 6.63738290996e-08, 2.89158794686e-08, 6.86187595633e-09, 1.06883479845e-09, 1.02725661311e-10, 2.90238055811e-10, 2.01058739102e-10, 3.84497799268e-13, 1.90619089659e-15]
        max: [6.89863418302e-06, 0.000519242137671, 0.00184744084254, 0.0019355743425, 0.00594380777329, 0.00391675252467, 0.00365173770115, 0.00242517678998, 0.00161666551139, 0.00378032261506, 0.00148713123053, 0.00195922004059, 0.00119553646073, 0.00174193049315, 0.00126940233167, 0.00318614160642, 0.00262041669339, 0.00320923188701, 0.00180840271059, 0.00118938053492, 0.000831927987747, 0.000374957511667, 0.000131206514197, 0.000248846074101, 0.000210026249988, 3.5196603676e-06, 9.05434546894e-07]
        mean: [1.07996761756e-07, 4.62080242869e-05, 0.000119956312119, 0.000189979793504, 0.00077103485819, 0.000597354141064, 0.000360761303455, 0.000421660661232, 0.000350467133103, 0.00044952207827, 0.000119613694551, 0.000187128563994, 7.67184465076e-05, 0.000123783116578, 0.00010366737115, 0.000244874943746, 0.000358302640961, 0.000414563633967, 0.000395114271669, 0.000299908104353, 0.000121043420222, 5.32818012289e-05, 9.92399236566e-06, 4.05754735766e-06, 3.25395831169e-06, 1.77587750727e-07, 2.52701948256e-09]
        min: [7.94783266977e-11, 3.49117641463e-08, 4.34356053347e-07, 6.14427449364e-07, 4.35369911429e-05, 3.23859494529e-05, 9.48373781284e-06, 1.45064332173e-05, 9.64422451943e-06, 4.12526651417e-06, 3.43415626958e-06, 5.86336864217e-06, 2.06546019399e-06, 7.81018400176e-07, 6.38785195406e-06, 6.37846051177e-06, 1.67256403074e-05, 3.9977603592e-05, 4.20821088483e-05, 3.75691488443e-05, 2.06260956475e-05, 7.47329340811e-06, 1.18887578537e-06, 1.71536655102e-07, 4.57760549466e-08, 1.47493472991e-09, 1.92517171909e-13]
        var: [1.41267165609e-13, 3.3484541806e-09, 3.02919325179e-08, 5.75959049343e-08, 5.43063094938e-07, 3.28655659132e-07, 1.67224754932e-07, 1.58171246767e-07, 9.26048286942e-08, 3.35080045488e-07, 1.71983849384e-08, 8.69178435892e-08, 1.16685408003e-08, 3.80591238525e-08, 2.20404814399e-08, 1.32195481228e-07, 1.35264457413e-07, 1.71908411062e-07, 6.51920828432e-08, 2.69262638852e-08, 5.78758152514e-09, 1.29534705184e-09, 1.00647365442e-10, 1.91442639519e-10, 1.40287212402e-10, 1.1580211616e-13, 1.90083680133e-15]
    mfcc:
        mean: [-676.549865723, 108.495155334, -42.9345626831, 47.2893180847, -26.7747859955, -18.0298995972, -9.18425369263, -3.77321887016, -3.78435969353, -10.3906316757, -7.47429466248, -7.88495826721, -4.92920207977]
        cov: [[603.321594238, -124.489204407, -134.051177979, -181.487503052, -4.30461597443, -67.7639846802, -74.9002532959, -93.8421554565, -41.4103775024, -55.6545753479, -4.25231933594, -28.2174758911, -0.246738955379], [-124.489204407, 209.023651123, -9.12180709839, 20.0381469727, -27.3325824738, 57.474067688, 55.2940711975, 24.3612251282, -12.386885643, 25.9527683258, 33.4957542419, 33.4037628174, -0.131860166788], [-134.051177979, -9.12180709839, 285.526489258, 130.328308105, 58.6355476379, 42.1422538757, 59.2919769287, 78.8556137085, 37.5909576416, 35.8889808655, 18.8394985199, 25.2025623322, 4.34452629089], [-181.487503052, 20.0381469727, 130.328308105, 210.631103516, 82.5650405884, 29.9484863281, 14.0595350266, 78.0301742554, 53.7411842346, 21.6703186035, 11.5286188126, 21.0853614807, 21.325668335], [-4.30461597443, -27.3325824738, 58.6355476379, 82.5650405884, 108.927185059, 35.1233329773, 5.24013519287, 28.0666542053, 35.0393714905, 6.38665294647, 7.52433204651, 6.54706954956, 19.4580402374], [-67.7639846802, 57.474067688, 42.1422538757, 29.9484863281, 35.1233329773, 106.773666382, 71.0895462036, 28.6214237213, 0.592871367931, 28.7628517151, 25.2405567169, 21.1383571625, -3.2100892067], [-74.9002532959, 55.2940711975, 59.2919769287, 14.0595350266, 5.24013519287, 71.0895462036, 112.124145508, 47.5274467468, 0.304653465748, 21.4398574829, 25.4508972168, 27.8202781677, 4.02511072159], [-93.8421554565, 24.3612251282, 78.8556137085, 78.0301742554, 28.0666542053, 28.6214237213, 47.5274467468, 93.0316238403, 40.5075492859, 16.3032360077, 9.09365177155, 19.2420959473, 6.48177433014], [-41.4103775024, -12.386885643, 37.5909576416, 53.7411842346, 35.0393714905, 0.592871367931, 0.304653465748, 40.5075492859, 65.8260498047, 17.1756591797, 2.56244587898, 0.653065562248, 4.6686873436], [-55.6545753479, 25.9527683258, 35.8889808655, 21.6703186035, 6.38665294647, 28.7628517151, 21.4398574829, 16.3032360077, 17.1756591797, 51.5544090271, 21.6256027222, 7.27819871902, -6.29271221161], [-4.25231933594, 33.4957542419, 18.8394985199, 11.5286188126, 7.52433204651, 25.2405567169, 25.4508972168, 9.09365177155, 2.56244587898, 21.6256027222, 48.7420692444, 22.2311058044, -0.534218430519], [-28.2174758911, 33.4037628174, 25.2025623322, 21.0853614807, 6.54706954956, 21.1383571625, 27.8202781677, 19.2420959473, 0.653065562248, 7.27819871902, 22.2311058044, 47.3229675293, 19.3435993195], [-0.246738955379, -0.131860166788, 4.34452629089, 21.325668335, 19.4580402374, -3.2100892067, 4.02511072159, 6.48177433014, 4.6686873436, -6.29271221161, -0.534218430519, 19.3435993195, 47.1018638611]]
        icov: [[0.00330464798026, 0.00104141817428, 0.000114032161946, 0.00343386339955, -0.00248942896724, 0.00067931675585, 0.00125744775869, -0.000366613065125, 0.000579749641474, 0.00195707427338, -0.00290669454262, 0.000357606360922, -0.000503137183841], [0.00104141817428, 0.00826454441994, 0.00180548080243, -0.00135540950578, 0.00361815467477, -0.0035263155587, -0.000235329032876, -0.00111584749538, 0.00142761156894, -0.000649047258776, -0.00318682799116, -0.00213266373612, -0.000474136642879], [0.000114032161946, 0.00180548080243, 0.0064578554593, -0.0031538864132, -0.00117347738706, 0.00150709517766, -0.00320570869371, -0.00161349133123, 0.00155083427671, -0.00302190613002, 0.000545507180505, -0.00190303195268, 0.00215168297291], [0.00343386339955, -0.00135540950578, -0.0031538864132, 0.0154419727623, -0.00813062023371, 0.000403872167226, 0.00617144396529, -0.00692173978314, -0.000426301761763, 0.0014661870664, -0.00281588640064, 0.000154368972289, -0.0027320929803], [-0.00248942896724, 0.00361815467477, -0.00117347738706, -0.00813062023371, 0.0239891540259, -0.013101298362, 0.0037332191132, 0.00202532205731, -0.00796852260828, 0.0042243571952, -0.00279665761627, 0.00368956802413, -0.0078068873845], [0.00067931675585, -0.0035263155587, 0.00150709517766, 0.000403872167226, -0.013101298362, 0.0268387775868, -0.0141396028921, 0.00183686858509, 0.00575161678717, -0.00805152673274, 0.00198091892526, -0.00363314547576, 0.0077374400571], [0.00125744775869, -0.000235329032876, -0.00320570869371, 0.00617144396529, 0.0037332191132, -0.0141396028921, 0.0255260597914, -0.0115598067641, 0.00266683078371, 0.00236802571453, -0.00555167719722, -0.000164736673469, -0.00553226144984], [-0.000366613065125, -0.00111584749538, -0.00161349133123, -0.00692173978314, 0.00202532205731, 0.00183686858509, -0.0115598067641, 0.0283029656857, -0.0133414650336, 0.00250418297946, 0.00436904933304, -0.00494219036773, 0.00339531712234], [0.000579749641474, 0.00142761156894, 0.00155083427671, -0.000426301761763, -0.00796852260828, 0.00575161678717, 0.00266683078371, -0.0133414650336, 0.0304071381688, -0.0105403447524, -7.14407215128e-05, 0.00234198756516, -3.58262623195e-05], [0.00195707427338, -0.000649047258776, -0.00302190613002, 0.0014661870664, 0.0042243571952, -0.00805152673274, 0.00236802571453, 0.00250418297946, -0.0105403447524, 0.034034140408, -0.0131240468472, 0.00402537966147, 0.000572204065975], [-0.00290669454262, -0.00318682799116, 0.000545507180505, -0.00281588640064, -0.00279665761627, 0.00198091892526, -0.00555167719722, 0.00436904933304, -7.14407215128e-05, -0.0131240468472, 0.0378221981227, -0.0164715908468, 0.00781114399433], [0.000357606360922, -0.00213266373612, -0.00190303195268, 0.000154368972289, 0.00368956802413, -0.00363314547576, -0.000164736673469, -0.00494219036773, 0.00234198756516, 0.00402537966147, -0.0164715908468, 0.0414001382887, -0.0178592726588], [-0.000503137183841, -0.000474136642879, 0.00215168297291, -0.0027320929803, -0.0078068873845, 0.0077374400571, -0.00553226144984, 0.00339531712234, -3.58262623195e-05, 0.000572204065975, 0.00781114399433, -0.0178592726588, 0.033526007086]]
    spectral_contrast:
        mean: [-5.68202096929e-07, 8.62881179842e-08, 3.10152081795e-09, -4.01711901077e-07, -8.14712350916e-08, 3.19378671065e-07, 3.46202500623e-06, -1.85938768027e-06, 9.80080585578e-07, 2.93778128935e-07, -2.08463779927e-06, 5.826007623e-07]
        var: [0.000193503365153, 0.000579008366913, 0.00134995928966, 0.00176939298399, 0.00243581947871, 0.00391484005377, 0.0234795417637, 0.0585835427046, 0.0927128568292, 0.14369904995, 0.33738720417, 0.537109851837]

rhythm:
    beats_loudness:
        dmean: 0.00136507768184
        dmean2: 0.00257612136193
        dvar: 1.27305281694e-06
        dvar2: 3.38610993822e-06
        max: 0.00761585030705
        mean: 0.00508937612176
        min: 0.00146595807746
        var: 2.43370118369e-06
    beats_loudness_bass:
        dmean: 0.0662094578147
        dmean2: 0.115205384791
        dvar: 0.00281026237644
        dvar2: 0.00751159479842
        max: 0.240158677101
        mean: 0.0660311803222
        min: 0.00167522439733
        var: 0.00492444774136
    bpm: 98.0961761475
    bpm_confidence: 0
    first_peak_bpm: 114
    first_peak_spread: 0
    first_peak_weight: 0.625
    onset_rate: 3.38948559761
    second_peak_bpm: 98
    second_peak_spread: 0
    second_peak_weight: 0.3125
    beats_position: [0.548912346363, 1.07632160187, 1.60373079777, 2.13114023209, 2.65854930878, 3.18595862389, 3.713367939, 4.24077749252, 4.76818656921, 5.2955956459, 5.82300519943, 6.61309576035, 7.22474527359, 7.83639526367, 8.44804477692, 9.05969429016, 9.67134380341]
    bpm_estimates: [97.8542175293, 98.4062576294, 97.6854248047, 98.1617507935, 98.3732528687]
    bpm_intervals: [0.527409255505, 0.5274091959, 0.527409434319, 0.527409076691, 0.527409315109, 0.527409315109, 0.527409553528, 0.527409076691, 0.527409076691, 0.527409553528, 0.790090560913, 0.611649513245, 0.611649990082, 0.611649513245, 0.611649513245, 0.611649513245]
    onset_times: [0.0580498874187, 0.522448956966, 0.835918366909, 1.14938771725, 1.30031740665, 1.71827661991, 2.29877543449, 2.67029476166, 2.96054410934, 3.11147403717, 3.41333341599, 3.61070299149, 3.85451245308, 4.06349229813, 4.21442174911, 4.51628112793, 4.841360569, 4.93424034119, 5.44507932663, 5.71210861206, 6.07201814651, 6.47836732864, 6.68734693527, 6.8382768631, 6.98920631409, 7.4303855896, 7.61614513397, 7.89478445053, 8.46367359161, 8.52172374725, 8.62621307373, 9.16027164459, 9.42730140686, 9.75238132477]
    rubato_start: [7.22474527359]
    rubato_stop: [9.67134380341]
    perceptual_tempo: "unknown"

sfx:
    inharmonicity:
        dmean: 0.0492870658636
        dmean2: 0.0849560946226
        dvar: 0.00285721081309
        dvar2: 0.00792077090591
        max: 0.371498852968
        mean: 0.0561432242393
        min: 0
        var: 0.0033722082153
    oddtoevenharmonicenergyratio:
        dmean: 3.48762369156
        dmean2: 6.71942663193
        dvar: 543.150939941
        dvar2: 1623.47839355
        max: 336.463989258
        mean: 2.2045238018
        min: 0
        var: 274.67388916
    pitch_after_max_to_before_max_energy_ratio: 5.13532543182
    pitch_centroid: 188.951217651
    pitch_max_to_total: 0.148837208748
    pitch_min_to_total: 0.967441856861
    tristimulus:
        dmean: [0.198740586638, 0.211404904723, 0.127289250493]
        dmean2: [0.344855576754, 0.364792197943, 0.221880242229]
        dvar: [0.0353967659175, 0.0346245765686, 0.0105850854889]
        dvar2: [0.0976494848728, 0.0936563238502, 0.0284581892192]
        max: [1, 0.980993151665, 0.608335137367]
        mean: [0.338005244732, 0.47752276063, 0.151267662644]
        min: [0.000935615273193, 0, 0]
        var: [0.0494425296783, 0.0494236983359, 0.0164988078177]

tonal:
    chords_changes_rate: 0.0324074067175
    chords_number_rate: 0.0231481473893
    chords_strength:
        dmean: 0.0110345361754
        dmean2: 0.00988591276109
        dvar: 9.71387707978e-05
        dvar2: 8.57080958667e-05
        max: 0.729659736156
        mean: 0.599725484848
        min: 0.307417184114
        var: 0.0102363526821
    key_strength: 0.74051964283
    tuning_diatonic_strength: 0.589242994785
    tuning_equal_tempered_deviation: 0.0629440918565
    tuning_frequency: 438.984558105
    tuning_nontempered_energy_ratio: 0.747769713402
    hpcp:
        dmean: [0.0786077976227, 0.0753280669451, 0.0819392129779, 0.0851414427161, 0.0762915238738, 0.0912466198206, 0.12592369318, 0.114280559123, 0.15708757937, 0.197299867868, 0.21247304976, 0.161159425974, 0.100033380091, 0.110543802381, 0.0946344509721, 0.0875544324517, 0.0898712575436, 0.115815110505, 0.165122821927, 0.152201667428, 0.110231526196, 0.0935105532408, 0.111154958606, 0.12491992116, 0.171840682626, 0.172079905868, 0.156591579318, 0.112435773015, 0.0819133222103, 0.101178616285, 0.141824424267, 0.151521980762, 0.205093279481, 0.2045814991, 0.16993111372, 0.0896180719137]
        dmean2: [0.135477527976, 0.13343860209, 0.138179689646, 0.14446541667, 0.127154693007, 0.153426334262, 0.223764002323, 0.20047031343, 0.273394405842, 0.343334883451, 0.37498909235, 0.285004973412, 0.166599422693, 0.18094073236, 0.159345060587, 0.143323153257, 0.143626019359, 0.200068503618, 0.282162696123, 0.272233605385, 0.185636416078, 0.15513420105, 0.189281791449, 0.208779573441, 0.289802998304, 0.286457628012, 0.272834956646, 0.188054010272, 0.131179258227, 0.171042844653, 0.243025630713, 0.262705892324, 0.34259647131, 0.35254445672, 0.297920703888, 0.159982040524]
        dvar: [0.011513531208, 0.00990860071033, 0.0129915745929, 0.0135799786076, 0.0116352066398, 0.0173542220145, 0.038397911936, 0.0302100051194, 0.0295169185847, 0.0413044989109, 0.0360236465931, 0.0343824923038, 0.0253817997873, 0.0224511884153, 0.0174599904567, 0.0137027287856, 0.0154720228165, 0.0183116011322, 0.0405696742237, 0.0415914729238, 0.0198454409838, 0.0162718873471, 0.0253870431334, 0.0202101841569, 0.037763569504, 0.0353642404079, 0.0307489838451, 0.0281669292599, 0.016829540953, 0.0184899270535, 0.0323657095432, 0.0305550899357, 0.0352214537561, 0.0391826890409, 0.0311649926007, 0.0162529032677]
        dvar2: [0.0332062579691, 0.0281527340412, 0.0368217714131, 0.0350572764874, 0.0295595899224, 0.0437848381698, 0.103939682245, 0.0887721702456, 0.0871162340045, 0.113794453442, 0.101465754211, 0.0947807356715, 0.0630699172616, 0.0550970956683, 0.0449410453439, 0.0336566120386, 0.0366127640009, 0.0496980771422, 0.102459639311, 0.0951142087579, 0.0539405010641, 0.0424985960126, 0.0735713243484, 0.053749807179, 0.0926996394992, 0.0894906073809, 0.0897638574243, 0.0703678950667, 0.0399376787245, 0.0430986173451, 0.0698569044471, 0.0853189826012, 0.0976933985949, 0.0999416932464, 0.0878778994083, 0.0494221709669]
        max: [1, 0.68715274334, 0.967085957527, 0.812490105629, 0.84542787075, 1, 1, 1, 1, 1, 1, 1, 1, 1, 1, 1, 1, 0.978579461575, 1, 1, 1, 1, 1, 0.883072316647, 1, 1, 1, 1, 1, 1, 1, 1, 1, 1, 1, 1]
        mean: [0.120506584644, 0.119228176773, 0.129168987274, 0.144273668528, 0.12152903527, 0.1359577775, 0.161823108792, 0.147689893842, 0.282536864281, 0.455732017756, 0.362807512283, 0.257609635592, 0.284040153027, 0.213673397899, 0.13417455554, 0.143893107772, 0.138823822141, 0.172290310264, 0.268758237362, 0.2374561131, 0.159514695406, 0.192589372396, 0.181410342455, 0.193885624409, 0.348974585533, 0.364574968815, 0.239508137107, 0.171966552734, 0.12261544168, 0.145529672503, 0.228401318192, 0.253804981709, 0.367933690548, 0.461732625961, 0.283286958933, 0.1239259094]
        min: [0.0138322738931, 0.0165172945708, 0.0123736700043, 0.0115293767303, 0.0116927502677, 0.00929527822882, 0.00905440654606, 0.011386917904, 0.0154277430847, 0.0262531060725, 0.0169149208814, 0.0178415216506, 0.0066115190275, 0.00489372061566, 0.0142965391278, 0.00700848875567, 0.00734870694578, 0.0163531750441, 0.0177486632019, 0.014730441384, 0.00578386848792, 0.00518755987287, 0.00695312814787, 0.00512086460367, 0.00699230842292, 0.0158458687365, 0.0250821262598, 0.00892534852028, 0.00615148525685, 0.00900628138334, 0.00971825607121, 0.00907675363123, 0.019725844264, 0.030509646982, 0.0161322206259, 0.0116447210312]
        var: [0.0148938409984, 0.0121788242832, 0.0152998734266, 0.0184666123241, 0.0157226286829, 0.0234328974038, 0.0430306605995, 0.0316139273345, 0.0593425557017, 0.120990604162, 0.0725926682353, 0.0571154356003, 0.129058331251, 0.0678092092276, 0.0218586064875, 0.0280669238418, 0.0261629298329, 0.0268295835704, 0.0639565363526, 0.0580989792943, 0.0279890540987, 0.0660136044025, 0.052167519927, 0.0304667465389, 0.100859180093, 0.101517021656, 0.0555069409311, 0.0493831783533, 0.0347067713737, 0.0317018292844, 0.062709338963, 0.0500701740384, 0.0724348574877, 0.109014563262, 0.0545721575618, 0.0154702402651]
    chords_histogram: [27.3148155212, 26.3888893127, 0, 0, 0, 0, 0, 0, 0, 0, 0, 0, 7.40740728378, 0, 0, 0, 0, 0, 0, 6.48148155212, 0, 0, 0, 32.4074058533]
    thpcp: [1, 0.613530278206, 0.268393218517, 0.260987818241, 0.258219093084, 0.279748439789, 0.312461495399, 0.263202190399, 0.294451326132, 0.35046929121, 0.319860219955, 0.611905813217, 0.987004160881, 0.785752356052, 0.557919502258, 0.615161538124, 0.46276435256, 0.290589302778, 0.311637312174, 0.300658464432, 0.373138695955, 0.582064628601, 0.514271914959, 0.34546983242, 0.417101502419, 0.392890453339, 0.419908881187, 0.755793631077, 0.789580285549, 0.518716096878, 0.372437506914, 0.265555083752, 0.315181702375, 0.494661420584, 0.549679577351, 0.796854436398]
    chords_key: "C#"
    chords_scale: "major"
    key_key: "F"
    key_scale: "minor"
    chords_progression: ["Fm", "Fm", "Fm", "Fm", "Fm", "Fm", "Fm", "Fm", "Fm", "B", "B", "B", "B", "B", "B", "B", "B", "B", "B", "B", "B", "B", "B", "Bm", "Bm", "Bm", "Bm", "Bm", "Bm", "Bm", "Bm", "Bm", "Bm", "Bm", "Bm", "Bm", "Bm", "Bm", "Bm", "C#", "C#", "C#", "C#", "C#", "C#", "C#", "C#", "C#", "C#", "C#", "C#", "C#", "C#", "C#", "C#", "C#", "C#", "C#", "C#", "C#", "C#", "C#", "C#", "C#", "C#", "C#", "C#", "C#", "C#", "C#", "C#", "C#", "C#", "C#", "C#", "C#", "C#", "C#", "C#", "C#", "C#", "G#", "G#", "G#", "G#", "G#", "G#", "G#", "G#", "G#", "G#", "G#", "G#", "G#", "G#", "G#", "G#", "G#", "G#", "G#", "G#", "G#", "G#", "G#", "G#", "Fm", "Fm", "Fm", "Fm", "Fm", "Fm", "Fm", "Fm", "Fm", "Fm", "Fm", "Fm", "Fm", "Fm", "Fm", "Fm", "Fm", "Fm", "Fm", "Fm", "Fm", "Fm", "Fm", "Fm", "Fm", "Fm", "Fm", "Fm", "Fm", "Fm", "Fm", "Fm", "Fm", "Fm", "Fm", "Fm", "Fm", "Fm", "Fm", "Fm", "Fm", "Fm", "Fm", "Fm", "Fm", "Fm", "Fm", "Fm", "Fm", "Fm", "C#", "C#", "C#", "C#", "C#", "C#", "C#", "C#", "C#", "C#", "C#", "C#", "C#", "C#", "C#", "C#", "C#", "C#", "C#", "C#", "C#", "C#", "C#", "C#", "C#", "C#", "C#", "C#", "G#", "G#", "G#", "G#", "G#", "G#", "G#", "G#", "G#", "G#", "G#", "G#", "G#", "G#", "G#", "G#", "G#", "G#", "G#", "G#", "G#", "G#", "G#", "G#", "G#", "G#", "G#", "G#", "G#", "G#", "G#", "G#", "G#"]
