
metadata:
    version:
        essentia: "1.2.2"
    audio_properties:
        analysis_sample_rate: 44100
        bitrate: 128
        channels: 2
        equal_loudness: 1
        length: 10.0048980713
        replay_gain: 1.46370124817
        downmix: "mix"
    tags:
        track: 7
        year: 0
        album: "Splitted by Mp3Splt v. 2.1"
        artist: "From 001.00 To 001.10"
        comment: "http://mp3splt.sf.net"
        genre: ""
        title: "16 Dulcinea (Reprise)-The Impo"

highlevel:
    ballroom:
        all:
            ChaChaCha: 0.0013357757125
            Jive: 0.000615263881627
            Quickstep: 0.0102481758222
            Rumba-American: 0.00814537145197
            Rumba-International: 0.0258947107941
            Rumba-Misc: 0.117828294635
            Samba: 0.00336466985755
            Tango: 0.0422515571117
            VienneseWaltz: 0.0931783020496
            Waltz: 0.697137892246
        probability: 0.697137892246
        value: "Waltz"
    culture:
        all:
            non_western: 0.259152472019
            western: 0.740847527981
        probability: 0.740847527981
        value: "western"
    gender:
        all:
            female: 0.803259909153
            male: 0.196740090847
        probability: 0.803259909153
        value: "female"
    genre_dortmund:
        all:
            alternative: 0.0175096727908
            blues: 0.0179356224835
            electronic: 0.164052799344
            folkcountry: 0.031098973006
            funksoulrnb: 0.00656373798847
            jazz: 0.70099824667
            pop: 0.0113970143721
            raphiphop: 0.0387356095016
            rock: 0.0117083089426
        probability: 0.70099824667
        value: "jazz"
    genre_electronica:
        all:
            ambient: 0.980114936829
            dnb: 0.001614873996
            house: 0.00934046320617
            techno: 0.00547666661441
            trance: 0.0034530388657
        probability: 0.980114936829
        value: "ambient"
    genre_rosamerica:
        all:
            cla: 0.217278346419
            dan: 0.00513949291781
            hip: 0.0198961757123
            jaz: 0.702052235603
            pop: 0.00622837850824
            rhy: 0.00730982469395
            roc: 0.00892101880163
            spe: 0.0331744998693
        probability: 0.702052235603
        value: "jaz"
    genre_tzanetakis:
        all:
            blu: 0.0570613145828
            cla: 0.430145680904
            cou: 0.0368566215038
            dis: 0.0155724873766
            hip: 0.0180684886873
            jaz: 0.307161927223
            met: 0.00610643066466
            pop: 0.0404430665076
            reg: 0.0698039457202
            roc: 0.0187800452113
        probability: 0.430145680904
        value: "cla"
    live_studio:
        all:
            live: 0.413041800261
            studio: 0.586958169937
        probability: 0.586958169937
        value: "studio"
    mood:
        all:
            Cluster1: 0.0344993658364
            Cluster2: 0.25828024745
            Cluster3: 0.548608660698
            Cluster4: 0.143327355385
            Cluster5: 0.0152843659744
        probability: 0.548608660698
        value: "Cluster3"
    mood_acoustic:
        all:
            acoustic: 0.727727472782
            not_acoustic: 0.272272527218
        probability: 0.727727472782
        value: "acoustic"
    mood_aggressive:
        all:
            aggressive: 1.08534220544e-06
            not_aggressive: 0.999998927116
        probability: 0.999998927116
        value: "not_aggressive"
    mood_electronic:
        all:
            electronic: 0.622395813465
            not_electronic: 0.377604216337
        probability: 0.622395813465
        value: "electronic"
    mood_happy:
        all:
            happy: 0.0340215750039
            not_happy: 0.965978443623
        probability: 0.965978443623
        value: "not_happy"
    mood_party:
        all:
            not_party: 0.93994808197
            party: 0.0600519478321
        probability: 0.93994808197
        value: "not_party"
    mood_relaxed:
        all:
            not_relaxed: 0.0199805684388
            relaxed: 0.980019450188
        probability: 0.980019450188
        value: "relaxed"
    mood_sad:
        all:
            not_sad: 0.0998758152127
            sad: 0.900124192238
        probability: 0.900124192238
        value: "sad"
    rhythm:
        all:
            fast: 0.182027578354
            medium: 0.177764490247
            slow: 0.640207946301
        probability: 0.640207946301
        value: "slow"
    speech_music:
        all:
            music: 0.272258788347
            speech: 0.727741241455
        probability: 0.727741241455
        value: "speech"
    timbre:
        all:
            bright: 0.0965728610754
            dark: 0.903427124023
        probability: 0.903427124023
        value: "dark"
    voice_instrumental:
        all:
            instrumental: 0.955098450184
            voice: 0.0449015237391
        probability: 0.955098450184
        value: "instrumental"

lowlevel:
    average_loudness: 0.483519017696
    barkbands_kurtosis:
        dmean: 8.30424213409
        dmean2: 12.838303566
        dvar: 608.208618164
        dvar2: 1385.80273438
        max: 321.446563721
        mean: 15.441110611
        min: -1.83575153351
        var: 1159.92956543
    barkbands_skewness:
        dmean: 0.745911121368
        dmean2: 1.10560810566
        dvar: 1.86377847195
        dvar2: 4.14811372757
        max: 17.6577301025
        mean: 2.44529485703
        min: -1.45016181469
        var: 6.4200258255
    barkbands_spread:
        dmean: 2.32752037048
        dmean2: 3.84757971764
        dvar: 18.9298686981
        dvar2: 43.8230552673
        max: 55.2030220032
        mean: 8.69938850403
        min: 0.413302302361
        var: 72.8847503662
    dissonance:
        dmean: 0.0420308075845
        dmean2: 0.069623939693
        dvar: 0.00156866712496
        dvar2: 0.00443365750834
        max: 0.497701883316
        mean: 0.362211555243
        min: 0.160988166928
        var: 0.00686122337356
    hfc:
        dmean: 0.377564191818
        dmean2: 0.572530508041
        dvar: 1.67081964016
        dvar2: 3.49995350838
        max: 27.6966152191
        mean: 1.41997241974
        min: 0.0068895095028
        var: 10.0901193619
    pitch:
        dmean: 101.043388367
        dmean2: 192.945449829
        dvar: 198980.703125
        dvar2: 561042.5
        max: 5512.5
        mean: 491.456115723
        min: 78.3303756714
        var: 340823.875
    pitch_instantaneous_confidence:
        dmean: 0.0499489866197
        dmean2: 0.0814763084054
        dvar: 0.00326778134331
        dvar2: 0.00787832122296
        max: 0.984881699085
        mean: 0.719109833241
        min: 0.339824736118
        var: 0.0372165031731
    pitch_salience:
        dmean: 0.0484477169812
        dmean2: 0.0740029066801
        dvar: 0.00359736965038
        dvar2: 0.00805989000946
        max: 0.812542319298
        mean: 0.404498159885
        min: 0.0387360751629
        var: 0.0325828492641
    silence_rate_20dB:
        dmean: 0
        dmean2: 0
        dvar: 0
        dvar2: 0
        max: 1
        mean: 1
        min: 1
        var: 0
    silence_rate_30dB:
        dmean: 0
        dmean2: 0
        dvar: 0
        dvar2: 0
        max: 1
        mean: 1
        min: 1
        var: 0
    silence_rate_60dB:
        dmean: 0.0140515221283
        dmean2: 0.025821596384
        dvar: 0.0138540724292
        dvar2: 0.0251548234373
        max: 1
        mean: 0.90887850523
        min: 0
        var: 0.0828183367848
    spectral_centroid:
        dmean: 93.7471847534
        dmean2: 147.914718628
        dvar: 60349.953125
        dvar2: 139471.296875
        max: 4672.87939453
        mean: 752.087463379
        min: 202.454101562
        var: 243423.703125
    spectral_complexity:
        dmean: 0.552132725716
        dmean2: 0.954869329929
        dvar: 0.536383271217
        dvar2: 1.22599053383
        max: 8
        mean: 3.41843962669
        min: 0
        var: 5.08495044708
    spectral_crest:
        dmean: 2.04882717133
        dmean2: 3.26933217049
        dvar: 4.69175720215
        dvar2: 11.5711479187
        max: 26.8744468689
        mean: 14.0742473602
        min: 4.74039316177
        var: 41.0400466919
    spectral_decrease:
        dmean: 1.26983007442e-10
        dmean2: 1.74858572066e-10
        dvar: 1.37765199111e-19
        dvar2: 2.9946859156e-19
        max: -7.75065558609e-13
        mean: -4.85033624376e-10
        min: -8.49969072902e-09
        var: 8.87191221825e-19
    spectral_energy:
        dmean: 0.000508526689373
        dmean2: 0.000698184594512
        dvar: 2.20508218263e-06
        dvar2: 4.69756560051e-06
        max: 0.0345919914544
        mean: 0.00195942330174
        min: 3.62534933629e-06
        var: 1.47102773553e-05
    spectral_energyband_high:
        dmean: 4.51650021205e-06
        dmean2: 7.37044183552e-06
        dvar: 3.28270965966e-10
        dvar2: 7.54262097225e-10
        max: 0.000275357189821
        mean: 6.90291790306e-06
        min: 2.2258335175e-09
        var: 7.67035490679e-10
    spectral_energyband_low:
        dmean: 9.51942911342e-06
        dmean2: 1.53846813191e-05
        dvar: 1.21446053214e-09
        dvar2: 2.81436918215e-09
        max: 0.000454064371297
        mean: 2.77209019259e-05
        min: 1.34110402783e-08
        var: 3.69798036637e-09
    spectral_energyband_middle_high:
        dmean: 0.000118236879644
        dmean2: 0.000195322441868
        dvar: 1.19597402204e-07
        dvar2: 3.14459953188e-07
        max: 0.00494440691546
        mean: 0.000314459437504
        min: 1.62254721658e-07
        var: 3.74251072799e-07
    spectral_energyband_middle_low:
        dmean: 0.000489797792397
        dmean2: 0.000671717221849
        dvar: 2.0350921659e-06
        dvar2: 4.78755373479e-06
        max: 0.0298640560359
        mean: 0.00161034078337
        min: 1.06254151433e-06
        var: 1.1140496099e-05
    spectral_flatness_db:
        dmean: 0.0193768199533
        dmean2: 0.0306263789535
        dvar: 0.000595281424467
        dvar2: 0.00124272203539
        max: 0.523761928082
        mean: 0.307822465897
        min: 0.104390323162
        var: 0.00529175903648
    spectral_flux:
        dmean: 0.00761922169477
        dmean2: 0.0133288921788
        dvar: 0.000168987302459
        dvar2: 0.000506272888742
        max: 0.13340780139
        mean: 0.0171426050365
        min: 0.0010847277008
        var: 0.00034404543112
    spectral_kurtosis:
        dmean: 5.0166721344
        dmean2: 8.71961975098
        dvar: 21.1705799103
        dvar2: 61.0549926758
        max: 51.6228752136
        mean: 17.815246582
        min: -0.266708850861
        var: 85.4595947266
    spectral_rms:
        dmean: 0.000140217409353
        dmean2: 0.000196116307052
        dvar: 4.29397637447e-08
        dvar2: 7.70597310407e-08
        max: 0.00580932758749
        mean: 0.00112427247223
        min: 5.94720622757e-05
        var: 6.4764481067e-07
    spectral_rolloff:
        dmean: 222.47555542
        dmean2: 385.602508545
        dvar: 332575.53125
        dvar2: 811393.8125
        max: 7105.95703125
        mean: 1083.7355957
        min: 236.865234375
        var: 1033715.3125
    spectral_skewness:
        dmean: 0.415977329016
        dmean2: 0.719162404537
        dvar: 0.132010877132
        dvar2: 0.343680083752
        max: 5.93156099319
        mean: 3.14894080162
        min: -0.0581000745296
        var: 0.901526927948
    spectral_spread:
        dmean: 327975.15625
        dmean2: 535976
        dvar: 317747593216
        dvar2: 434864193536
        max: 11672875
        mean: 3006564.75
        min: 1497077.625
        var: 1.88790184346e+12
    spectral_strongpeak:
        dmean: 0.137441858649
        dmean2: 0.218200877309
        dvar: 0.031039332971
        dvar2: 0.0700445696712
        max: 2.86458659172
        mean: 0.478761762381
        min: 0.00918925274163
        var: 0.174560725689
    zerocrossingrate:
        dmean: 0.0043956884183
        dmean2: 0.00548011623323
        dvar: 8.82651365828e-05
        dvar2: 8.74905817909e-05
        max: 0.236328125
        mean: 0.0388131663203
        min: 0.01025390625
        var: 0.000735218287446
    barkbands:
        dmean: [4.93420149184e-09, 3.31534261022e-06, 6.69959217703e-06, 3.99275131713e-06, 8.77633920027e-06, 3.84254199162e-05, 0.000376650568796, 0.000147778016981, 3.04317763948e-05, 5.79903062317e-05, 3.00668170894e-06, 9.31133672566e-06, 5.8674650063e-06, 4.85527334604e-06, 2.57487517956e-05, 6.70334748065e-06, 6.38944993625e-06, 3.70106099581e-05, 8.02411432232e-06, 2.25941039389e-05, 4.54962361118e-07, 5.45575517208e-07, 5.07503955305e-07, 1.85355077065e-07, 4.02401099109e-08, 2.53630005886e-09, 2.61563465331e-10]
        dmean2: [5.9803744179e-09, 5.02384045831e-06, 1.10548671728e-05, 5.98109863859e-06, 1.28385108837e-05, 6.28951966064e-05, 0.000542062567547, 0.000204754702281, 4.06679828302e-05, 8.82550011738e-05, 3.96881387132e-06, 1.3128921637e-05, 9.64832361205e-06, 6.35991727904e-06, 3.88459884562e-05, 1.08035992525e-05, 1.01350360637e-05, 6.30728682154e-05, 1.40669098982e-05, 4.16672228312e-05, 7.61618878187e-07, 7.69671828493e-07, 6.4927536414e-07, 2.36594047465e-07, 4.46585524116e-08, 3.57611473767e-09, 3.17097514912e-10]
        dvar: [4.87159649372e-15, 1.33264010937e-10, 6.32749408425e-10, 5.39634392727e-10, 3.59854063214e-10, 3.83782072788e-09, 1.4154653627e-06, 2.13566821117e-07, 3.05393244027e-09, 1.02345323327e-08, 3.90625622126e-11, 6.49469866776e-10, 5.38767530589e-10, 1.63354066385e-10, 8.46873415838e-09, 9.35177379979e-10, 2.5742138976e-10, 3.86896701343e-08, 1.04623276709e-09, 1.4448559682e-08, 2.83835953872e-12, 2.11978871956e-11, 1.58459582261e-11, 2.18161925157e-12, 1.23261332239e-13, 5.54852902566e-16, 1.5592356201e-17]
        dvar2: [4.8444579816e-15, 2.683767375e-10, 1.55200441387e-09, 8.07807820635e-10, 8.38455693764e-10, 9.80395853389e-09, 3.69846065951e-06, 3.59730876198e-07, 5.18778575653e-09, 2.04926475789e-08, 6.61248764078e-11, 9.55393764102e-10, 1.54130952446e-09, 2.94041596627e-10, 2.3663806914e-08, 2.83987211525e-09, 6.72618294395e-10, 9.27968812903e-08, 3.10902903422e-09, 4.29358060217e-08, 5.78680939972e-12, 3.62561231038e-11, 2.45177229213e-11, 3.07761173317e-12, 1.55233193921e-13, 8.17547359783e-16, 1.57735236444e-17]
        max: [1.44352952702e-06, 0.00014534877846, 0.000308715185383, 0.000504745927174, 0.000280252454104, 0.000623667845502, 0.0252107977867, 0.00475109834224, 0.000450746301794, 0.00112306908704, 0.000100881865364, 0.000440919044195, 0.000285752408672, 0.000151578249643, 0.00116050266661, 0.000447451253422, 0.000245398259722, 0.00275315647013, 0.000427067454439, 0.00155663047917, 2.64205991698e-05, 0.000106010193122, 8.47261107992e-05, 3.24911925418e-05, 7.85476731835e-06, 4.57722819647e-07, 8.14344858213e-08]
        mean: [4.95148499979e-09, 1.22879964692e-05, 1.54298304551e-05, 7.68982408772e-06, 3.02617900161e-05, 5.83861401537e-05, 0.00114658568054, 0.000265719369054, 7.52465130063e-05, 0.000116338851512, 7.9786113929e-06, 1.9581619199e-05, 8.09324410511e-06, 9.89398813545e-06, 5.60831613257e-05, 8.49284060678e-06, 1.46749962369e-05, 6.75396877341e-05, 1.28512119772e-05, 2.32653837884e-05, 7.63476634802e-07, 1.13515909561e-06, 7.97232416971e-07, 2.61316699834e-07, 5.89355373393e-08, 3.54629259292e-09, 2.6848087642e-10]
        min: [2.96158215139e-12, 2.7607331976e-09, 2.98419267075e-09, 2.14946838106e-09, 3.95104038375e-09, 6.52566622961e-09, 6.10199037965e-08, 9.79859304806e-09, 4.54606086109e-09, 3.99546484786e-09, 1.83289705635e-09, 4.76158579232e-09, 9.61286605872e-10, 1.24867360896e-09, 5.39545386147e-09, 3.37934302763e-09, 7.59977325515e-09, 1.62685100946e-08, 3.85105236589e-09, 1.18188694387e-08, 2.60251459272e-10, 2.85329593286e-10, 2.6207933046e-10, 2.50788223521e-10, 6.19547052549e-11, 1.40386270317e-11, 2.61478881082e-12]
        var: [4.90981292623e-15, 6.47964848444e-10, 1.34138800068e-09, 1.39479783279e-09, 2.18341988933e-09, 5.45790168616e-09, 9.07065441424e-06, 3.4851106534e-07, 1.42596290331e-08, 3.55315954437e-08, 2.14324807901e-10, 1.49122914017e-09, 4.76959194362e-10, 6.88901324875e-10, 1.8376015376e-08, 8.11938349887e-10, 5.46800660306e-10, 1.01794533691e-07, 2.03040184665e-09, 1.34337332369e-08, 7.44701435934e-12, 7.39686437101e-11, 3.63667151948e-11, 4.54200869623e-12, 2.73044174076e-13, 9.66846287039e-16, 1.56316522432e-17]
    mfcc:
        mean: [-924.421813965, 161.275253296, -53.1839675903, 26.3612213135, -21.977973938, -40.7319412231, -20.1960124969, -11.2159633636, -9.29877948761, 4.24035310745, 3.59387612343, 9.74773216248, 14.6120281219]
        cov: [[4604.46386719, 1381.12780762, -1265.92248535, -555.10333252, -150.021621704, -62.3394012451, -168.005813599, 264.481964111, 342.124328613, 107.216934204, -67.8879852295, -78.2229766846, -303.857391357], [1381.12780762, 3096.95458984, -12.0513286591, -216.331939697, 260.200744629, 319.25604248, 192.256591797, 265.520172119, 695.08190918, -349.340057373, -152.992874146, -220.833969116, -584.624267578], [-1265.92248535, -12.0513286591, 1400.97375488, 552.135131836, 478.282867432, 237.447723389, 92.5855484009, 72.8847503662, 59.7497825623, -173.531402588, -114.282501221, -10.9718208313, 48.0003051758], [-555.10333252, -216.331939697, 552.135131836, 474.330322266, 375.544342041, 16.3125152588, -33.599029541, 18.015789032, 1.75824737549, 52.0845031738, -40.3926048279, 29.6770629883, 122.973930359], [-150.021621704, 260.200744629, 478.282867432, 375.544342041, 481.28894043, 27.4229698181, -105.469650269, 49.0963058472, 136.124969482, 8.78523635864, -67.3962631226, 16.8019218445, 51.0302047729], [-62.3394012451, 319.25604248, 237.447723389, 16.3125152588, 27.4229698181, 308.098297119, 145.260467529, 17.7839336395, 121.379585266, -89.9417190552, -9.66706943512, -63.9006881714, -147.066894531], [-168.005813599, 192.256591797, 92.5855484009, -33.599029541, -105.469650269, 145.260467529, 325.057647705, 76.1391448975, -69.7737731934, -50.4709892273, -18.0931987762, -72.7652816772, -94.8135986328], [264.481964111, 265.520172119, 72.8847503662, 18.015789032, 49.0963058472, 17.7839336395, 76.1391448975, 137.497207642, 66.57081604, -15.6719055176, -16.8104610443, -2.88266706467, -21.1625671387], [342.124328613, 695.08190918, 59.7497825623, 1.75824737549, 136.124969482, 121.379585266, -69.7737731934, 66.57081604, 351.503814697, -63.9106369019, -6.23566532135, -8.79751873016, -116.524604797], [107.216934204, -349.340057373, -173.531402588, 52.0845031738, 8.78523635864, -89.9417190552, -50.4709892273, -15.6719055176, -63.9106369019, 199.939788818, 55.2355270386, 43.7653923035, 114.456130981], [-67.8879852295, -152.992874146, -114.282501221, -40.3926048279, -67.3962631226, -9.66706943512, -18.0931987762, -16.8104610443, -6.23566532135, 55.2355270386, 113.037704468, 73.9938812256, 47.2164421082], [-78.2229766846, -220.833969116, -10.9718208313, 29.6770629883, 16.8019218445, -63.9006881714, -72.7652816772, -2.88266706467, -8.79751873016, 43.7653923035, 73.9938812256, 172.155059814, 150.212127686], [-303.857391357, -584.624267578, 48.0003051758, 122.973930359, 51.0302047729, -147.066894531, -94.8135986328, -21.1625671387, -116.524604797, 114.456130981, 47.2164421082, 150.212127686, 269.09664917]]
        icov: [[0.000641014659777, -0.000195423184778, 0.000609324837569, 0.000115226568596, 0.000118362491776, -0.00096860609483, 0.00139864103403, -0.00207081693225, 0.000722511904314, -0.000840713328216, 0.00128726870753, -0.000725862511899, 0.000765802979004], [-0.000195423184778, 0.00173837016337, 0.000218373956159, 0.00150012085214, -0.00257420702837, 0.00154308567289, -0.00260538235307, 0.000554873258807, -0.00260890671052, 0.00135739252437, -3.43526517099e-05, -0.000429697043728, 0.00182750273962], [0.000609324837569, 0.000218373956159, 0.00338565115817, -0.00205014972016, -0.00106311240233, -0.00257623195648, 0.000985273974948, -0.00297290133312, 0.000765915145166, 0.00272218603641, 0.00115655933041, 7.24519486539e-05, -0.000667127955239], [0.000115226568596, 0.00150012085214, -0.00205014972016, 0.0124402875081, -0.00911579374224, 0.00172136351466, -0.00380799267441, 0.00185340747703, -0.00153294357006, -0.00240368931554, -0.000343655410688, 0.000711616186891, -0.000435047666542], [0.000118362491776, -0.00257420702837, -0.00106311240233, -0.00911579374224, 0.013715300709, -0.00226087681949, 0.00665965583175, -0.00268176873215, 0.00174559163861, -0.00300304731354, 0.00355366524309, -0.00118961406406, -0.000730745610781], [-0.00096860609483, 0.00154308567289, -0.00257623195648, 0.00172136351466, -0.00226087681949, 0.0117769092321, -0.00873966515064, 0.00767547544092, -0.00668637314811, 0.0010029253317, -0.0032627475448, -0.000400984921725, 0.00379534508102], [0.00139864103403, -0.00260538235307, 0.000985273974948, -0.00380799267441, 0.00665965583175, -0.00873966515064, 0.015283709392, -0.011695176363, 0.00907648075372, -0.00293617462739, 0.00261904019862, -0.000158808077686, 0.000717742892448], [-0.00207081693225, 0.000554873258807, -0.00297290133312, 0.00185340747703, -0.00268176873215, 0.00767547544092, -0.011695176363, 0.0208167750388, -0.00719615444541, 0.00117582408711, -0.00286596058868, 0.000755492888857, -0.00276480638422], [0.000722511904314, -0.00260890671052, 0.000765915145166, -0.00153294357006, 0.00174559163861, -0.00668637314811, 0.00907648075372, -0.00719615444541, 0.0120335221291, -0.00177281117067, 0.000115907576401, -0.00173552846536, 0.00127187126782], [-0.000840713328216, 0.00135739252437, 0.00272218603641, -0.00240368931554, -0.00300304731354, 0.0010029253317, -0.00293617462739, 0.00117582408711, -0.00177281117067, 0.0145325446501, -0.00750864343718, 0.00646107504144, -0.00644989451393], [0.00128726870753, -3.43526517099e-05, 0.00115655933041, -0.000343655410688, 0.00355366524309, -0.0032627475448, 0.00261904019862, -0.00286596058868, 0.000115907576401, -0.00750864343718, 0.0218096636236, -0.0124781215563, 0.00595250120386], [-0.000725862511899, -0.000429697043728, 7.24519486539e-05, 0.000711616186891, -0.00118961406406, -0.000400984921725, -0.000158808077686, 0.000755492888857, -0.00173552846536, 0.00646107504144, -0.0124781215563, 0.0220565702766, -0.015703747049], [0.000765802979004, 0.00182750273962, -0.000667127955239, -0.000435047666542, -0.000730745610781, 0.00379534508102, 0.000717742892448, -0.00276480638422, 0.00127187126782, -0.00644989451393, 0.00595250120386, -0.015703747049, 0.0221329089254]]
    spectral_contrast:
        mean: [-1.36875797807e-07, 1.78100577841e-07, -1.33000796154e-07, 1.82336663102e-07, -5.12452004386e-07, -6.75906790093e-07, 3.49617175743e-06, -1.40204781474e-06, 1.08669269139e-06, 4.68382609142e-07, -1.71853014308e-06, -2.01218517759e-06]
        var: [0.000298413971905, 0.000887800939381, 0.00132488692179, 0.00559041835368, 0.00659477896988, 0.00985416769981, 0.0530927479267, 0.142550572753, 0.210234597325, 0.379635483027, 0.714500308037, 3.04403614998]

rhythm:
    beats_loudness:
        dmean: 0.00152629986405
        dmean2: 0.00219956412911
        dvar: 8.17622276372e-06
        dvar2: 1.38308969326e-05
        max: 0.0122987991199
        mean: 0.00193753268104
        min: 4.39675523012e-06
        var: 9.29339330469e-06
    beats_loudness_bass:
        dmean: 0.0573566667736
        dmean2: 0.0986830964684
        dvar: 0.0164956916124
        dvar2: 0.0462925843894
        max: 0.47901558876
        mean: 0.0396099872887
        min: 7.32824128136e-06
        var: 0.0114006903023
    bpm: 111.972137451
    bpm_confidence: 0
    first_peak_bpm: 182
    first_peak_spread: 0
    first_peak_weight: 0.5
    onset_rate: 2.89858031273
    second_peak_bpm: 112
    second_peak_spread: 0
    second_peak_weight: 0.454545468092
    beats_position: [0.253033488989, 0.788933336735, 1.32483327389, 1.86073315144, 2.39663314819, 2.93253302574, 3.46843290329, 4.00433254242, 4.54023265839, 5.07613277435, 5.61203241348, 6.09740638733, 6.42721128464, 6.75701665878, 7.08682107925, 7.41662597656, 7.74643135071, 8.07623577118, 8.40604114532, 8.7358455658, 9.06564998627, 9.39545536041, 9.72526073456]
    bpm_estimates: [113.540496826, 111.239624023, 111.136283875]
    bpm_intervals: [0.535899877548, 0.535899937153, 0.535899877548, 0.535899996758, 0.535899877548, 0.535899877548, 0.53589963913, 0.535900115967, 0.535900115967, 0.53589963913, 0.485373973846, 0.329804897308, 0.329805374146, 0.329804420471, 0.329804897308, 0.329805374146, 0.329804420471, 0.329805374146, 0.329804420471, 0.329804420471, 0.329805374146, 0.329805374146]
    onset_times: [0.0580498874187, 0.325079351664, 0.476009070873, 0.615328788757, 0.9287981987, 1.05650794506, 1.19582772255, 1.31192743778, 1.86920630932, 1.92725622654, 2.27555561066, 5.0967798233, 7.05886602402, 7.54648542404, 7.60453510284, 7.73224496841, 7.87156438828, 7.98766422272, 8.12698459625, 8.37079334259, 8.53333377838, 8.77714252472, 8.88163280487, 8.95129299164, 9.05578231812, 9.22993183136, 9.34603214264, 9.79882049561, 9.91492080688]
    rubato_start: [6.42721128464]
    rubato_stop: [9.72526073456]
    perceptual_tempo: "unknown"

sfx:
    inharmonicity:
        dmean: 0.0378505699337
        dmean2: 0.0692641586065
        dvar: 0.00237331399694
        dvar2: 0.00683609396219
        max: 0.220484495163
        mean: 0.032153416425
        min: 9.70497512753e-06
        var: 0.00236130598933
    oddtoevenharmonicenergyratio:
        dmean: 44.8032684326
        dmean2: 87.60912323
        dvar: 24076.3554688
        dvar2: 68620.6015625
        max: 1207.32849121
        mean: 26.7894001007
        min: 2.67524974333e-05
        var: 13777.515625
    pitch_after_max_to_before_max_energy_ratio: 0.190350100398
    pitch_centroid: 237.29574585
    pitch_max_to_total: 0.855791985989
    pitch_min_to_total: 0.479905426502
    tristimulus:
        dmean: [0.252568185329, 0.253106951714, 0.0501573272049]
        dmean2: [0.473495125771, 0.466683357954, 0.0900179669261]
        dvar: [0.0951756387949, 0.0920010060072, 0.00701177073643]
        dvar2: [0.243577077985, 0.234059035778, 0.0207993239164]
        max: [0.97238522768, 0.978764295578, 0.684716403484]
        mean: [0.468194812536, 0.475798070431, 0.0460196807981]
        min: [0.000460922950879, 0, 0]
        var: [0.121887154877, 0.114165581763, 0.00607376964763]

tonal:
    chords_changes_rate: 0.0610328651965
    chords_number_rate: 0.0328638479114
    chords_strength:
        dmean: 0.00998577196151
        dmean2: 0.00946140754968
        dvar: 8.36120671011e-05
        dvar2: 9.97022361844e-05
        max: 0.635582447052
        mean: 0.438471615314
        min: 0.281363427639
        var: 0.00600628787652
    key_strength: 0.44191300869
    tuning_diatonic_strength: 0.325850665569
    tuning_equal_tempered_deviation: 0.175640121102
    tuning_frequency: 439.491973877
    tuning_nontempered_energy_ratio: 0.902317225933
    hpcp:
        dmean: [0.107637085021, 0.103182084858, 0.0704019665718, 0.080514639616, 0.121945820749, 0.164525002241, 0.173855543137, 0.142652690411, 0.0883058533072, 0.0866984948516, 0.0390298739076, 0.0243318285793, 0.0822193026543, 0.0722332447767, 0.0348477326334, 0.037669789046, 0.0327212773263, 0.0345854274929, 0.0487671941519, 0.0574677847326, 0.0241357348859, 0.0113140353933, 0.0134685104713, 0.00706059904769, 0.00612219702452, 0.0084193488583, 0.0241707134992, 0.066953137517, 0.100656501949, 0.0952128395438, 0.143035009503, 0.16321708262, 0.168862104416, 0.146903187037, 0.101560249925, 0.0801376774907]
        dmean2: [0.195649713278, 0.18191985786, 0.120229050517, 0.140432789922, 0.218069016933, 0.29052105546, 0.294623523951, 0.247682973742, 0.149751484394, 0.163718760014, 0.0686102285981, 0.0406187735498, 0.13517203927, 0.122870251536, 0.0541855581105, 0.0560614280403, 0.0475968196988, 0.0540063641965, 0.0801977068186, 0.0964217334986, 0.0424053147435, 0.0212063714862, 0.0253707487136, 0.0132064986974, 0.0100855669007, 0.0150558436289, 0.0465527847409, 0.121080487967, 0.181123867631, 0.159069314599, 0.249846786261, 0.283603787422, 0.315308123827, 0.275191217661, 0.183552861214, 0.147881597281]
        dvar: [0.0572753027081, 0.0516655743122, 0.0296485219151, 0.0302866734564, 0.0445380657911, 0.078630708158, 0.0774670690298, 0.0694827884436, 0.0431524850428, 0.0575784109533, 0.0134770553559, 0.00179485836998, 0.0274141672999, 0.0207606535405, 0.00352901942097, 0.00370379746892, 0.00225964165293, 0.00375374569558, 0.0121887112036, 0.0152779165655, 0.0049807135947, 0.0041101211682, 0.00931858364493, 0.00120275723748, 0.000106974664959, 0.000493826169986, 0.00991251971573, 0.0163251366466, 0.0309960003942, 0.0242179017514, 0.0429630279541, 0.0512504540384, 0.0617453232408, 0.0750663280487, 0.0509295836091, 0.0429561063647]
        dvar2: [0.162706196308, 0.137902349234, 0.078003026545, 0.07180146873, 0.113157138228, 0.216995581985, 0.236899197102, 0.188370615244, 0.133195951581, 0.165824458003, 0.0372085347772, 0.00463150721043, 0.073535874486, 0.0539780966938, 0.00871407054365, 0.00719172647223, 0.00474050547928, 0.00822656881064, 0.025493696332, 0.0432296358049, 0.0136619685218, 0.0125696165487, 0.0285148434341, 0.00365983508527, 0.000258445477812, 0.00145283073653, 0.0294250082225, 0.0420012101531, 0.0772620365024, 0.0611358880997, 0.108311071992, 0.137039840221, 0.173945724964, 0.207096606493, 0.152130633593, 0.120219565928]
        max: [1, 1, 1, 1, 1, 1, 1, 1, 1, 1, 0.942790985107, 0.260687738657, 1, 1, 0.475888073444, 0.772041678429, 0.680944681168, 0.687010526657, 1, 1, 0.640734672546, 0.66750895977, 1, 0.357418715954, 0.0772987306118, 0.217086285353, 1, 0.899835526943, 1, 1, 1, 1, 1, 1, 1, 1]
        mean: [0.193610072136, 0.189523637295, 0.0931793153286, 0.144428133965, 0.169312745333, 0.166436776519, 0.2659958601, 0.235327601433, 0.105799667537, 0.0658610016108, 0.0348098874092, 0.0242967456579, 0.153548359871, 0.190604016185, 0.0794198811054, 0.0801238939166, 0.0784060508013, 0.0918516665697, 0.232269316912, 0.186225011945, 0.0269640553743, 0.00967776123434, 0.0108655234799, 0.00620359322056, 0.00787306763232, 0.00892662536353, 0.0171638075262, 0.0561181865633, 0.0888725891709, 0.110477715731, 0.277361184359, 0.327680081129, 0.168130889535, 0.0969590991735, 0.0678439363837, 0.0807047635317]
        min: [1.85304052138e-05, 0, 2.45722621912e-05, 1.08936073957e-05, 2.9521770557e-05, 2.33500104514e-05, 2.71528988378e-05, 0, 0, 0, 0, 0, 0, 7.69621419749e-06, 7.38567359804e-06, 9.46255477174e-06, 6.09694188825e-06, 2.12701597775e-05, 1.19228689073e-05, 8.89291641215e-06, 1.09400889414e-05, 0, 0, 1.49686702571e-05, 5.75551030124e-06, 3.58291144948e-05, 3.44480104104e-05, 0, 0, 0, 0, 0, 0, 1.40693118738e-05, 9.98139876174e-06, 1.24344678625e-05]
        var: [0.109631419182, 0.11230314523, 0.0257583465427, 0.0578529909253, 0.0715523213148, 0.0774182528257, 0.130471110344, 0.128724813461, 0.0450267493725, 0.0403405874968, 0.0108309164643, 0.00195697043091, 0.075359903276, 0.103846259415, 0.0131802167743, 0.0146154062822, 0.0124874338508, 0.0164301916957, 0.146039173007, 0.0962752699852, 0.00428531225771, 0.00220171781257, 0.00476430775598, 0.000627035100479, 0.000179687325726, 0.000333472184138, 0.00515022780746, 0.0146108018234, 0.0338552631438, 0.0321850031614, 0.0840477347374, 0.11877964437, 0.0520538203418, 0.0570114552975, 0.0375719033182, 0.0397553704679]
    chords_histogram: [0.469483554363, 3.75586843491, 0, 0, 0, 3.28638505936, 0.469483554363, 40.3755874634, 6.10328626633, 0, 0, 0, 0, 0, 0.938967108727, 0, 0, 0, 1.87793421745, 0, 5.16431903839, 0, 0, 37.5586853027]
    thpcp: [1, 0.513094604015, 0.295895606279, 0.207043215632, 0.246291324496, 0.590850889683, 0.57838010788, 0.284360647202, 0.440759569407, 0.516701340675, 0.507924616337, 0.811754763126, 0.71816265583, 0.322874873877, 0.200991779566, 0.106231316924, 0.0741477683187, 0.46859228611, 0.581677138805, 0.242370188236, 0.244518652558, 0.239276215434, 0.280308961868, 0.708829522133, 0.568313479424, 0.0822877436876, 0.029534175992, 0.0331589393318, 0.0189318601042, 0.024026690051, 0.02724189125, 0.0523797720671, 0.171259075403, 0.271217554808, 0.337151139975, 0.84643894434]
    chords_key: "G"
    chords_scale: "major"
    key_key: "G"
    key_scale: "minor"
    chords_progression: ["C", "C", "C", "C", "C", "C", "C", "G", "G", "G", "G", "G", "G", "G", "G", "G", "G", "G", "G", "G", "G", "G", "Em", "G", "G", "G", "G", "G", "G", "G", "G", "G", "G", "G", "G", "G", "G", "G", "G", "G", "G", "G", "G", "G", "G", "G", "G", "G", "G", "G", "G", "G", "G", "G", "G", "G", "G", "G", "G", "G", "G", "G", "G", "G", "G", "G", "G", "G", "G", "G", "G", "G", "G", "G", "G", "G", "G", "G", "G", "G", "G", "G", "G", "G", "G", "G", "G", "G", "G", "G", "G", "G", "G", "G", "D#", "D#", "D#", "D#", "D#", "D#", "D#", "D#", "D#", "D#", "D#", "D#", "D#", "D#", "D#", "D#", "D#", "D#", "D#", "D#", "D#", "D#", "D#", "D#", "D#", "D#", "D#", "D#", "D#", "D#", "D#", "D#", "D#", "D#", "D#", "D#", "D#", "D#", "D#", "D#", "D#", "D#", "D#", "D#", "D#", "D#", "D#", "D#", "D#", "D#", "D#", "D#", "D#", "D#", "D#", "D#", "D#", "D#", "D#", "D#", "D#", "D#", "D#", "D#", "D#", "D#", "D#", "D#", "D#", "D#", "D#", "D#", "D#", "D#", "D#", "D#", "D#", "D#", "D#", "D#", "Gm", "Fm", "Fm", "Fm", "Fm", "Fm", "Fm", "Fm", "Fm", "Fm", "Fm", "Fm", "A#", "A#", "A#", "A#", "A#", "A#", "G#m", "G#m", "A#m", "A#m", "Bm", "Bm", "Bm", "Bm", "Bm", "Bm", "A#", "A#", "A#m", "A#m", "Bm", "Bm", "Bm", "Bm", "Bm", "Bm", "Bm"]
