
metadata:
    version:
        essentia: "1.2.2"
    audio_properties:
        analysis_sample_rate: 44100
        bitrate: 128
        channels: 2
        equal_loudness: 1
        length: 10.0310201645
        replay_gain: -12.5317516327
        downmix: "mix"
    tags:
        track: 18
        year: 0
        album: "Splitted by Mp3Splt v. 2.1"
        artist: "From 002.50 To 003.00"
        comment: "http://mp3splt.sf.net"
        genre: ""
        title: "02 Wish.mp3"

highlevel:
    ballroom:
        all:
            ChaChaCha: 0.0113835809752
            Jive: 0.958564043045
            Quickstep: 0.00198270543478
            Rumba-American: 5.28242089786e-05
            Rumba-International: 7.4841780588e-05
            Rumba-Misc: 9.70804248936e-05
            Samba: 0.025913817808
            Tango: 8.30438584671e-05
            VienneseWaltz: 0.00178161135409
            Waltz: 6.64302206133e-05
        probability: 0.958564043045
        value: "Jive"
    culture:
        all:
            non_western: 0.296680122614
            western: 0.703319907188
        probability: 0.703319907188
        value: "western"
    gender:
        all:
            female: 0.322177857161
            male: 0.677822172642
        probability: 0.677822172642
        value: "male"
    genre_dortmund:
        all:
            alternative: 0.157692342997
            blues: 0.000883265631273
            electronic: 0.0292330868542
            folkcountry: 0.0218279119581
            funksoulrnb: 0.0142291244119
            jazz: 0.00381300388835
            pop: 0.0417855419219
            raphiphop: 0.00208356743678
            rock: 0.728452146053
        probability: 0.728452146053
        value: "rock"
    genre_electronica:
        all:
            ambient: 0.183574646711
            dnb: 0.0909718722105
            house: 0.0104769449681
            techno: 0.0288263149559
            trance: 0.686150193214
        probability: 0.686150193214
        value: "trance"
    genre_rosamerica:
        all:
            cla: 0.00677230674773
            dan: 0.0356872417033
            hip: 0.0103992130607
            jaz: 0.000981167773716
            pop: 0.00332513474859
            rhy: 0.00150342588313
            roc: 0.940295517445
            spe: 0.00103601580486
        probability: 0.940295517445
        value: "roc"
    genre_tzanetakis:
        all:
            blu: 0.0172768197954
            cla: 0.0311716012657
            cou: 0.0332858972251
            dis: 0.0466250665486
            hip: 0.032396722585
            jaz: 0.0276074837893
            met: 0.617439925671
            pop: 0.0393354147673
            reg: 0.0212811995298
            roc: 0.133579850197
        probability: 0.617439925671
        value: "met"
    live_studio:
        all:
            live: 0.0912898182869
            studio: 0.908710181713
        probability: 0.908710181713
        value: "studio"
    mood:
        all:
            Cluster1: 0.376126438379
            Cluster2: 0.0147659135982
            Cluster3: 0.000837860978208
            Cluster4: 0.0199102014303
            Cluster5: 0.588359594345
        probability: 0.588359594345
        value: "Cluster5"
    mood_acoustic:
        all:
            acoustic: 0.0216053295881
            not_acoustic: 0.978394687176
        probability: 0.978394687176
        value: "not_acoustic"
    mood_aggressive:
        all:
            aggressive: 0.999865472317
            not_aggressive: 0.000134533940582
        probability: 0.999865472317
        value: "aggressive"
    mood_electronic:
        all:
            electronic: 0.179008573294
            not_electronic: 0.820991396904
        probability: 0.820991396904
        value: "not_electronic"
    mood_happy:
        all:
            happy: 0.045402161777
            not_happy: 0.954597830772
        probability: 0.954597830772
        value: "not_happy"
    mood_party:
        all:
            not_party: 0.192162647843
            party: 0.807837367058
        probability: 0.807837367058
        value: "party"
    mood_relaxed:
        all:
            not_relaxed: 0.954093337059
            relaxed: 0.0459066778421
        probability: 0.954093337059
        value: "not_relaxed"
    mood_sad:
        all:
            not_sad: 0.999925732613
            sad: 7.42686243029e-05
        probability: 0.999925732613
        value: "not_sad"
    rhythm:
        all:
            fast: 0.691781461239
            medium: 0.185231953859
            slow: 0.122986599803
        probability: 0.691781461239
        value: "fast"
    speech_music:
        all:
            music: 0.998584508896
            speech: 0.00141551613342
        probability: 0.998584508896
        value: "music"
    timbre:
        all:
            bright: 0.128530934453
            dark: 0.871469080448
        probability: 0.871469080448
        value: "dark"
    voice_instrumental:
        all:
            instrumental: 0.960277140141
            voice: 0.0397228784859
        probability: 0.960277140141
        value: "instrumental"

lowlevel:
    average_loudness: 0.980907976627
    barkbands_kurtosis:
        dmean: 0.442258179188
        dmean2: 0.737748265266
        dvar: 0.225583612919
        dvar2: 0.555046975613
        max: 3.04112768173
        mean: -0.87693554163
        min: -1.78217625618
        var: 0.469602584839
    barkbands_skewness:
        dmean: 0.290193229914
        dmean2: 0.478182137012
        dvar: 0.0506340675056
        dvar2: 0.136313930154
        max: 0.513281166553
        mean: -0.512567400932
        min: -1.93386590481
        var: 0.157221287489
    barkbands_spread:
        dmean: 5.59533166885
        dmean2: 9.13041305542
        dvar: 22.2254371643
        dvar2: 54.5061759949
        max: 57.965423584
        mean: 32.432926178
        min: 15.9183664322
        var: 53.8028869629
    dissonance:
        dmean: 0.00956110097468
        dmean2: 0.0169217903167
        dvar: 7.74876680225e-05
        dvar2: 0.000200920345378
        max: 0.499436974525
        mean: 0.486167132854
        min: 0.420727491379
        var: 9.60972101893e-05
    hfc:
        dmean: 3.50109219551
        dmean2: 5.73664665222
        dvar: 14.945763588
        dvar2: 37.0945968628
        max: 50.8942718506
        mean: 14.5343046188
        min: 4.16491413116
        var: 29.3283176422
    pitch:
        dmean: 1294.22290039
        dmean2: 2519.97363281
        dvar: 2382696.25
        dvar2: 5634888.5
        max: 4410
        mean: 2509.84692383
        min: 73.1343307495
        var: 2873680.75
    pitch_instantaneous_confidence:
        dmean: 0.0684895291924
        dmean2: 0.112346746027
        dvar: 0.00327944848686
        dvar2: 0.00834258366376
        max: 0.706191658974
        mean: 0.30453440547
        min: 0.143774867058
        var: 0.00858477316797
    pitch_salience:
        dmean: 0.0417215786874
        dmean2: 0.0711024701595
        dvar: 0.00104084028862
        dvar2: 0.00295526022092
        max: 0.822946310043
        mean: 0.726031720638
        min: 0.531230092049
        var: 0.00227180449292
    silence_rate_20dB:
        dmean: 0
        dmean2: 0
        dvar: 0
        dvar2: 0
        max: 1
        mean: 1
        min: 1
        var: 0
    silence_rate_30dB:
        dmean: 0
        dmean2: 0
        dvar: 0
        dvar2: 0
        max: 1
        mean: 1
        min: 1
        var: 0
    silence_rate_60dB:
        dmean: 0.0116009283811
        dmean2: 0.0232558138669
        dvar: 0.0114662386477
        dvar2: 0.0273660477251
        max: 1
        mean: 0.0115740736946
        min: 0
        var: 0.0114401457831
    spectral_centroid:
        dmean: 244.681884766
        dmean2: 406.78817749
        dvar: 37015.875
        dvar2: 102074.296875
        max: 3292.95532227
        mean: 2289.02954102
        min: 1363.11254883
        var: 105756.335938
    spectral_complexity:
        dmean: 5.12820529938
        dmean2: 8.32710266113
        dvar: 18.6339187622
        dvar2: 44.8136100769
        max: 50
        mean: 29.5093021393
        min: 6
        var: 52.2360229492
    spectral_crest:
        dmean: 1.29866778851
        dmean2: 2.25198745728
        dvar: 1.1501134634
        dvar2: 3.14889264107
        max: 10.9073953629
        mean: 5.12073373795
        min: 2.80922245979
        var: 2.20142006874
    spectral_decrease:
        dmean: 3.33848587664e-10
        dmean2: 5.43059208713e-10
        dvar: 1.19771151506e-19
        dvar2: 2.91081083546e-19
        max: -4.78943107396e-10
        mean: -1.32616950754e-09
        min: -3.46080120117e-09
        var: 1.85898141022e-19
    spectral_energy:
        dmean: 0.00154407357331
        dmean2: 0.0025223235134
        dvar: 2.64168966169e-06
        dvar2: 6.3778115873e-06
        max: 0.0176781248301
        mean: 0.00632357271388
        min: 0.00218541105278
        var: 4.27197346653e-06
    spectral_energyband_high:
        dmean: 0.000314982433338
        dmean2: 0.000527559430338
        dvar: 7.7498590656e-08
        dvar2: 2.03066377935e-07
        max: 0.00340194418095
        mean: 0.00104134203866
        min: 0.000332478259224
        var: 1.7528819285e-07
    spectral_energyband_low:
        dmean: 0.000190614809981
        dmean2: 0.000323325686622
        dvar: 9.12815210086e-08
        dvar2: 2.13567176388e-07
        max: 0.0023238658905
        mean: 0.000235642903135
        min: 7.45092165744e-06
        var: 9.44797875491e-08
    spectral_energyband_middle_high:
        dmean: 0.000988884363323
        dmean2: 0.00160951470025
        dvar: 9.85948304333e-07
        dvar2: 2.50463790508e-06
        max: 0.0122333308682
        mean: 0.00368485506624
        min: 0.00070274900645
        var: 2.30488512898e-06
    spectral_energyband_middle_low:
        dmean: 0.000600876112003
        dmean2: 0.001004552003
        dvar: 3.46764380765e-07
        dvar2: 8.97732377325e-07
        max: 0.0050130886957
        mean: 0.00136171339545
        min: 0.000249096076004
        var: 5.4031960417e-07
    spectral_flatness_db:
        dmean: 0.00928519666195
        dmean2: 0.0149110369384
        dvar: 4.7697154514e-05
        dvar2: 0.000120021148177
        max: 0.174067884684
        mean: 0.114413641393
        min: 0.079088293016
        var: 0.000168586702785
    spectral_flux:
        dmean: 0.0069656050764
        dmean2: 0.0107246674597
        dvar: 4.69465958304e-05
        dvar2: 8.64588437253e-05
        max: 0.0839629918337
        mean: 0.0510566271842
        min: 0.0323857888579
        var: 9.45687133935e-05
    spectral_kurtosis:
        dmean: 0.530037045479
        dmean2: 0.88220334053
        dvar: 0.249059677124
        dvar2: 0.577755331993
        max: 9.83990001678
        mean: 2.61785650253
        min: 0.0555047988892
        var: 0.588289141655
    spectral_rms:
        dmean: 0.000293414283078
        dmean2: 0.000474193337141
        dvar: 7.85033407169e-08
        dvar2: 1.85801823704e-07
        max: 0.00415294477716
        mean: 0.00245373835787
        min: 0.00146017409861
        var: 1.48506089204e-07
    spectral_rolloff:
        dmean: 171.060928345
        dmean2: 296.987121582
        dvar: 20798.1699219
        dvar2: 58389.3789062
        max: 4758.83789062
        mean: 4049.84741211
        min: 3466.84570312
        var: 42496.2773438
    spectral_skewness:
        dmean: 0.0951388180256
        dmean2: 0.159531757236
        dvar: 0.00678255641833
        dvar2: 0.0164293963462
        max: 2.11940336227
        mean: 1.20759427547
        min: 0.745903074741
        var: 0.0177625231445
    spectral_spread:
        dmean: 356095.28125
        dmean2: 553097.0625
        dvar: 112372383744
        dvar2: 226469134336
        max: 9767924
        mean: 5071369
        min: 3464903.25
        var: 639047434240
    spectral_strongpeak:
        dmean: 0.675331294537
        dmean2: 1.1847949028
        dvar: 0.632158517838
        dvar2: 1.6567234993
        max: 5.16872167587
        mean: 0.821948409081
        min: 0.0270525068045
        var: 0.906242251396
    zerocrossingrate:
        dmean: 0.00623952876776
        dmean2: 0.00777713395655
        dvar: 2.7885513191e-05
        dvar2: 4.74022854178e-05
        max: 0.16552734375
        mean: 0.124683186412
        min: 0.06298828125
        var: 0.000141294600326
    barkbands:
        dmean: [1.83279112775e-07, 7.70057013142e-05, 0.000145372017869, 0.000213682549656, 0.000230058562011, 0.000134020709083, 7.41351977922e-05, 8.50318610901e-05, 0.000190265578567, 0.000167650156072, 0.000199800226255, 0.000132178436616, 9.29339294089e-05, 8.403899119e-05, 0.000125981532619, 9.77905656327e-05, 0.000170963772689, 0.000201288945391, 0.000418741226895, 0.00037714157952, 0.000148734659888, 3.72810245608e-05, 6.89729313308e-06, 3.42971793543e-06, 2.19942876356e-06, 7.49459516669e-08, 5.684072657e-10]
        dmean2: [3.02736765434e-07, 0.000133595633088, 0.000245464092586, 0.000376656971639, 0.000384905200917, 0.000223396404181, 0.000123475532746, 0.000140376432682, 0.000307998067001, 0.000277604092844, 0.000342250597896, 0.000226249234402, 0.000158439419465, 0.000140130490763, 0.000215080042835, 0.000170551837073, 0.000295153004117, 0.0003328587336, 0.000716959359124, 0.000636675453279, 0.000256001570961, 6.12254880252e-05, 1.12525940494e-05, 5.36162087883e-06, 3.34921787726e-06, 1.10081799676e-07, 9.47114386918e-10]
        dvar: [2.38180894278e-13, 1.41316522928e-08, 5.29457011567e-08, 8.61644906536e-08, 6.88166821305e-08, 3.15947126239e-08, 9.83982761937e-09, 1.49833034868e-08, 4.83953499497e-08, 4.14910878987e-08, 5.15853173511e-08, 2.16071747161e-08, 1.04235251541e-08, 7.02798974572e-09, 2.37750015231e-08, 1.16599414568e-08, 3.25460511874e-08, 3.9818107922e-08, 2.22628031565e-07, 2.24041045271e-07, 2.15188435959e-08, 1.22813759162e-09, 8.11910746967e-11, 3.2756939522e-11, 4.22599386041e-11, 1.32055392622e-14, 1.1501501808e-18]
        dvar2: [2.81004359321e-13, 3.7629398264e-08, 1.33551310455e-07, 2.26429349937e-07, 1.9434074261e-07, 8.01771662395e-08, 2.35943602434e-08, 3.46444686272e-08, 1.24186371409e-07, 1.03452727274e-07, 1.42294013017e-07, 6.28159568805e-08, 2.81798726576e-08, 1.8690437642e-08, 6.14021686829e-08, 2.97702396068e-08, 9.00166341467e-08, 1.04335981632e-07, 5.79090965402e-07, 5.67640654481e-07, 5.59395765265e-08, 2.7917905765e-09, 1.83281390065e-10, 6.66144014949e-11, 1.02802495683e-10, 2.09584360636e-14, 1.78180969837e-18]
        max: [9.91924389382e-06, 0.000927190005314, 0.00192695308942, 0.00191271386575, 0.00219266116619, 0.00166369450744, 0.001322704833, 0.00200192839839, 0.0020855544135, 0.0019376790151, 0.0020425147377, 0.00124119617976, 0.00079698843183, 0.000659498677123, 0.00163191684987, 0.00129753712099, 0.00152573676314, 0.00270658568479, 0.00450439238921, 0.00708421226591, 0.00128697929904, 0.000417793344241, 0.000105294748209, 7.63086427469e-05, 0.000112383451778, 2.23966549129e-06, 1.92369462582e-08]
        mean: [2.04480258503e-07, 7.67882011132e-05, 0.000158670562087, 0.000221855138079, 0.000317655940307, 0.000232435340877, 0.000106686507934, 0.000135798574775, 0.000315792363835, 0.000268947042059, 0.000341028731782, 0.000225443858653, 0.000160927564139, 0.000157304049935, 0.000232114776736, 0.000202916271519, 0.000316550082061, 0.000468547717901, 0.00088234100258, 0.000964438309893, 0.000397608790081, 0.00010343104077, 1.98915877263e-05, 1.06450488602e-05, 5.34028686161e-06, 2.10782388876e-07, 8.38213776166e-10]
        min: [6.57290999406e-10, 4.64562049274e-07, 1.45188357692e-06, 1.90055050098e-06, 1.58972579811e-05, 5.69746589463e-06, 2.99363318845e-06, 6.05357718086e-06, 1.68782717083e-05, 2.17955839616e-05, 7.50607250666e-06, 2.03247946047e-05, 1.06798815978e-05, 7.98733890406e-06, 2.5699075195e-05, 2.89264462481e-05, 4.89122139697e-05, 9.70776891336e-05, 0.000121604243759, 0.000241303394432, 0.000118969219329, 2.85851747321e-05, 4.66376195618e-06, 1.95740767595e-06, 8.38717369334e-07, 2.29578311917e-08, 4.42270742598e-12]
        var: [2.47278055237e-13, 1.24212782282e-08, 5.15627860409e-08, 7.4341599543e-08, 8.29353155041e-08, 6.33220622603e-08, 1.63938800313e-08, 3.1951135071e-08, 8.22431118763e-08, 6.24203124744e-08, 8.07944360304e-08, 3.35972281107e-08, 1.78663057682e-08, 1.23065895252e-08, 3.78360596187e-08, 1.95479135101e-08, 3.65449963624e-08, 9.46178460026e-08, 3.22777054862e-07, 3.50797876081e-07, 3.03896925402e-08, 3.63370200596e-09, 1.93342938881e-10, 8.28151436316e-11, 4.8549882864e-11, 4.62753479199e-14, 1.35512305505e-18]
    mfcc:
        mean: [-651.255249023, 80.6438598633, -51.8373336792, 42.4297561646, -23.4929981232, -1.99818539619, 10.5762367249, -2.16240119934, -0.175698667765, -3.8644733429, -9.16460609436, -7.87660884857, -5.87583065033]
        cov: [[218.263305664, 0.140451848507, -1.37632167339, 10.2021121979, 6.22916603088, 7.69252872467, -4.43447637558, 4.15692138672, -6.99331092834, 0.982121944427, 8.27536296844, 3.09353399277, 3.51571774483], [0.140451848507, 151.251861572, -4.16806411743, 22.6646137238, -1.02777349949, 5.86366462708, 7.56692361832, -7.8524684906, 6.13632965088, 4.90468168259, 11.852145195, 5.64056253433, -6.38050365448], [-1.37632167339, -4.16806411743, 165.618423462, 31.2374897003, 30.7132892609, -5.45461273193, -30.6405677795, -17.3925495148, -14.6465291977, -15.0126409531, -19.7913551331, -7.3304271698, -5.91473817825], [10.2021121979, 22.6646137238, 31.2374897003, 70.4302215576, 33.919052124, 10.5436315536, 4.16231775284, 1.07890188694, 0.248240545392, 2.36885118484, -3.91241979599, -0.522185504436, 8.30918693542], [6.22916603088, -1.02777349949, 30.7132892609, 33.919052124, 62.5069503784, 25.4618625641, 0.267117083073, 5.51375055313, 4.24428796768, 1.91443181038, 0.147392675281, 0.0345117785037, 6.52752590179], [7.69252872467, 5.86366462708, -5.45461273193, 10.5436315536, 25.4618625641, 51.1993522644, 25.4591026306, 9.61466026306, 2.76612854004, 5.01633358002, 10.1783695221, 7.67117214203, 4.69983243942], [-4.43447637558, 7.56692361832, -30.6405677795, 4.16231775284, 0.267117083073, 25.4591026306, 75.670249939, 37.1009788513, 13.8425855637, 11.9797916412, 4.55439758301, 2.87140750885, 4.878510952], [4.15692138672, -7.8524684906, -17.3925495148, 1.07890188694, 5.51375055313, 9.61466026306, 37.1009788513, 51.5690155029, 26.1864871979, 15.084154129, 5.31415557861, 1.77823841572, 6.52349805832], [-6.99331092834, 6.13632965088, -14.6465291977, 0.248240545392, 4.24428796768, 2.76612854004, 13.8425855637, 26.1864871979, 52.2791481018, 30.615940094, 12.3742485046, 2.68225097656, 2.11799764633], [0.982121944427, 4.90468168259, -15.0126409531, 2.36885118484, 1.91443181038, 5.01633358002, 11.9797916412, 15.084154129, 30.615940094, 49.3354606628, 22.6749782562, 3.72176218033, 5.30159902573], [8.27536296844, 11.852145195, -19.7913551331, -3.91241979599, 0.147392675281, 10.1783695221, 4.55439758301, 5.31415557861, 12.3742485046, 22.6749782562, 43.4594268799, 19.838514328, 3.51547789574], [3.09353399277, 5.64056253433, -7.3304271698, -0.522185504436, 0.0345117785037, 7.67117214203, 2.87140750885, 1.77823841572, 2.68225097656, 3.72176218033, 19.838514328, 35.602394104, 15.7955770493], [3.51571774483, -6.38050365448, -5.91473817825, 8.30918693542, 6.52752590179, 4.69983243942, 4.878510952, 6.52349805832, 2.11799764633, 5.30159902573, 3.51547789574, 15.7955770493, 40.8496131897]]
        icov: [[0.00480622937903, 2.38908778556e-05, 0.000183179683518, -0.000932614027988, 0.000395094684791, -0.000957704090979, 0.00142333458643, -0.0018396001542, 0.00163321441505, -0.00019937682373, -0.00114780128933, 0.000380801939173, -0.000130118714878], [2.38908778556e-05, 0.00781787373126, 0.000251907389611, -0.00382227590308, 0.00189957465045, -0.000424424011726, -0.00166777009144, 0.00330583262257, -0.00239443453029, 0.0012444506865, -0.00231180014089, -0.000678607902955, 0.00187354779337], [0.000183179683518, 0.000251907389611, 0.00814551953226, -0.00244288984686, -0.00346465338953, 0.00110383029096, 0.00260922848247, 2.92961776722e-05, 0.00131674553268, -0.0005356464535, 0.00339952413924, -0.0017771939747, 0.00220613181591], [-0.000932614027988, -0.00382227590308, -0.00244288984686, 0.0229664687067, -0.0122055523098, 0.00300218048505, -0.00347439828329, 0.00164570414927, 0.00158543651924, -0.00283527327701, 0.00283037684858, 0.000414981361246, -0.0039032434579], [0.000395094684791, 0.00189957465045, -0.00346465338953, -0.0122055523098, 0.0320703312755, -0.0169979501516, 0.00747125502676, -0.00488887866959, -0.00338383065537, 0.00220947968774, -0.00138004811015, 0.0039773308672, -0.00256724725477], [-0.000957704090979, -0.000424424011726, 0.00110383029096, 0.00300218048505, -0.0169979501516, 0.0351043976843, -0.0140176881105, 0.00506679713726, 0.0019625260029, 0.00071093859151, -0.00552097614855, -0.00376931182109, 0.000846170412842], [0.00142333458643, -0.00166777009144, 0.00260922848247, -0.00347439828329, 0.00747125502676, -0.0140176881105, 0.0286954380572, -0.0202151779085, 0.00490682385862, -0.0037459670566, 0.00453935563564, -0.000616418488789, 0.00100116920657], [-0.0018396001542, 0.00330583262257, 2.92961776722e-05, 0.00164570414927, -0.00488887866959, 0.00506679713726, -0.0202151779085, 0.043011020869, -0.018272953108, 0.00357266655192, -0.00190618471242, 0.00190111866686, -0.0039993240498], [0.00163321441505, -0.00239443453029, 0.00131674553268, 0.00158543651924, -0.00338383065537, 0.0019625260029, 0.00490682385862, -0.018272953108, 0.0399226844311, -0.0218360405415, 0.00390467327088, -0.00404272228479, 0.00399183947593], [-0.00019937682373, 0.0012444506865, -0.0005356464535, -0.00283527327701, 0.00220947968774, 0.00071093859151, -0.0037459670566, 0.00357266655192, -0.0218360405415, 0.0436115041375, -0.0227295551449, 0.0126278502867, -0.00730201415718], [-0.00114780128933, -0.00231180014089, 0.00339952413924, 0.00283037684858, -0.00138004811015, -0.00552097614855, 0.00453935563564, -0.00190618471242, 0.00390467327088, -0.0227295551449, 0.0491955280304, -0.0273583866656, 0.0093647968024], [0.000380801939173, -0.000678607902955, -0.0017771939747, 0.000414981361246, 0.0039773308672, -0.00376931182109, -0.000616418488789, 0.00190111866686, -0.00404272228479, 0.0126278502867, -0.0273583866656, 0.0516500808299, -0.0199590753764], [-0.000130118714878, 0.00187354779337, 0.00220613181591, -0.0039032434579, -0.00256724725477, 0.000846170412842, 0.00100116920657, -0.0039993240498, 0.00399183947593, -0.00730201415718, 0.0093647968024, -0.0199590753764, 0.0343817323446]]
    spectral_contrast:
        mean: [-1.19698782441e-07, 2.50590748152e-08, 5.2760505298e-08, 3.93988443648e-07, -1.74222293481e-07, -8.27880768384e-08, -1.99051783056e-06, -1.87219234249e-06, -2.15962870698e-07, -2.57547497995e-07, 8.22128242817e-07, -2.29228385251e-06]
        var: [0.000207244171179, 0.000380439974833, 0.000610546267126, 0.00123363279272, 0.00186332839075, 0.00335956434719, 0.0250586215407, 0.0517585501075, 0.0673694685102, 0.098179101944, 0.15161806345, 0.181686460972]

rhythm:
    beats_loudness:
        dmean: 0.00199999264441
        dmean2: 0.0035321705509
        dvar: 2.52236827691e-06
        dvar2: 7.2188950071e-06
        max: 0.0100402934477
        mean: 0.00676954071969
        min: 0.00460941949859
        var: 3.03546744362e-06
    beats_loudness_bass:
        dmean: 0.0999765992165
        dmean2: 0.176304981112
        dvar: 0.00336139090359
        dvar2: 0.00704971933737
        max: 0.345368266106
        mean: 0.148991838098
        min: 0.00305189238861
        var: 0.00724600208923
    bpm: 136.112121582
    bpm_confidence: 0
    first_peak_bpm: 136
    first_peak_spread: 0
    first_peak_weight: 0.952380955219
    onset_rate: 3.68855810165
    second_peak_bpm: 126
    second_peak_spread: 0
    second_peak_weight: 0.047619048506
    beats_position: [0.49682739377, 0.938453614712, 1.38007986546, 1.8217061758, 2.26333236694, 2.70495867729, 3.14658522606, 3.58821129799, 4.02983760834, 4.4714641571, 4.91309022903, 5.35471630096, 5.79634284973, 6.27345991135, 6.71389865875, 7.15433645248, 7.59477519989, 8.03521347046, 8.47565174103, 8.9160900116, 9.35652828217, 9.79696655273]
    bpm_estimates: [135.567779541, 135.819747925, 136.003097534, 136.056411743, 135.768005371, 135.861785889, 135.742538452, 136.267425537, 135.367935181, 135.820709229, 135.873748779, 139.196289062]
    bpm_intervals: [0.441626220942, 0.441626250744, 0.441626310349, 0.441626191139, 0.441626310349, 0.441626548767, 0.44162607193, 0.441626310349, 0.441626548767, 0.44162607193, 0.44162607193, 0.441626548767, 0.477117061615, 0.440438747406, 0.440437793732, 0.440438747406, 0.440438270569, 0.440438270569, 0.440438270569, 0.440438270569, 0.440438270569]
    onset_times: [0.0464399084449, 0.487619042397, 0.940408170223, 1.16099774837, 1.39319729805, 1.49768710136, 1.6137868166, 1.83437645435, 2.0549659729, 2.27555561066, 2.49614500999, 2.71673464775, 2.94893431664, 3.39011335373, 3.61070299149, 4.02866220474, 4.49306106567, 4.72526073456, 4.94585037231, 5.16644001007, 5.38702964783, 5.60761928558, 5.8282084465, 6.04879808426, 6.28099775314, 6.84988641739, 6.94276666641, 7.16335582733, 7.58131504059, 8.04571437836, 8.27791404724, 8.68426322937, 8.71909332275, 8.93968296051, 9.16027164459, 9.61306095123, 9.83365058899]
    rubato_start: []
    rubato_stop: []
    perceptual_tempo: "unknown"

sfx:
    inharmonicity:
        dmean: 0.0668734684587
        dmean2: 0.117336846888
        dvar: 0.00381161062978
        dvar2: 0.010196772404
        max: 0.37266087532
        mean: 0.077951438725
        min: 0.00169937149622
        var: 0.00435790559277
    oddtoevenharmonicenergyratio:
        dmean: 1.54791235924
        dmean2: 2.7874584198
        dvar: 7.48455667496
        dvar2: 20.0936203003
        max: 23.2827606201
        mean: 1.33424782753
        min: 0.0143565712497
        var: 5.14162778854
    pitch_after_max_to_before_max_energy_ratio: 1.53849005699
    pitch_centroid: 216.952468872
    pitch_max_to_total: 0.41627907753
    pitch_min_to_total: 0.953488349915
    tristimulus:
        dmean: [0.14508651197, 0.251343369484, 0.183428376913]
        dmean2: [0.249171197414, 0.437992811203, 0.332949757576]
        dvar: [0.0144055020064, 0.0463383980095, 0.0227408837527]
        dvar2: [0.0432954728603, 0.134180560708, 0.0555987618864]
        max: [0.701419472694, 0.958634376526, 0.675188064575]
        mean: [0.235465183854, 0.500469148159, 0.194442465901]
        min: [0.00210269540548, 0, 0]
        var: [0.0200595147908, 0.0536393821239, 0.0292400140315]

tonal:
    chords_changes_rate: 0.0416666679084
    chords_number_rate: 0.0277777779847
    chords_strength:
        dmean: 0.0120265716687
        dmean2: 0.0160105600953
        dvar: 8.532472566e-05
        dvar2: 0.000169910723343
        max: 0.740390241146
        mean: 0.562310814857
        min: 0.383249253035
        var: 0.00643176166341
    key_strength: 0.540682315826
    tuning_diatonic_strength: 0.617272138596
    tuning_equal_tempered_deviation: 0.153321146965
    tuning_frequency: 438.984558105
    tuning_nontempered_energy_ratio: 0.837287187576
    hpcp:
        dmean: [0.209045574069, 0.191201895475, 0.184675112367, 0.151097744703, 0.16218572855, 0.191198453307, 0.197276249528, 0.194646254182, 0.217588499188, 0.215563639998, 0.201354056597, 0.194860771298, 0.171447783709, 0.1390696913, 0.147894844413, 0.169898688793, 0.152695477009, 0.130506038666, 0.131205782294, 0.126833766699, 0.112351253629, 0.159609600902, 0.182070374489, 0.175485312939, 0.192203685641, 0.226395189762, 0.24088691175, 0.229046463966, 0.157686039805, 0.17942160368, 0.190188169479, 0.191724851727, 0.197628051043, 0.181370466948, 0.192835733294, 0.20248965919]
        dmean2: [0.343582004309, 0.318556845188, 0.313430219889, 0.248848125339, 0.266705065966, 0.310467720032, 0.328726321459, 0.337589591742, 0.372874617577, 0.354000329971, 0.314438968897, 0.318084657192, 0.287223875523, 0.233420699835, 0.22992567718, 0.275355875492, 0.253530800343, 0.217125490308, 0.20445124805, 0.205430239439, 0.189557418227, 0.266411662102, 0.31979700923, 0.300085484982, 0.339685171843, 0.397080689669, 0.425183236599, 0.392365604639, 0.271641075611, 0.305392563343, 0.322695702314, 0.320087462664, 0.343253403902, 0.304010987282, 0.316487878561, 0.332478821278]
        dvar: [0.0346109829843, 0.0272652506828, 0.0264220237732, 0.0204583629966, 0.0246130507439, 0.0266109108925, 0.0313857272267, 0.0290451291949, 0.0294785108417, 0.030694404617, 0.0253316126764, 0.027808200568, 0.023134753108, 0.0188342053443, 0.0184038467705, 0.0270403083414, 0.0237363595515, 0.0150001998991, 0.0131007619202, 0.015489933081, 0.0154165644199, 0.01712423563, 0.0277095511556, 0.0246722251177, 0.0321567319334, 0.0376312769949, 0.048317797482, 0.0435366556048, 0.0222081895918, 0.0270349681377, 0.0352097786963, 0.0317999459803, 0.0312143303454, 0.0276518762112, 0.0294769071043, 0.0365508161485]
        dvar2: [0.0918189138174, 0.064730040729, 0.0721996724606, 0.0578806325793, 0.0601754374802, 0.072029620409, 0.0814704075456, 0.0816375538707, 0.0779873803258, 0.0699168071151, 0.0550851337612, 0.0755388438702, 0.0687158331275, 0.0569074004889, 0.0517032444477, 0.0686099603772, 0.0662340521812, 0.0382635034621, 0.0348860248923, 0.0422061681747, 0.0384940728545, 0.0487357713282, 0.078615270555, 0.0713852420449, 0.0868321061134, 0.116257123649, 0.12701381743, 0.108643174171, 0.0615776404738, 0.0696556791663, 0.0950853601098, 0.08819706738, 0.0776547640562, 0.074919745326, 0.0861996635795, 0.110518075526]
        max: [1, 1, 1, 0.998696446419, 1, 1, 1, 1, 1, 1, 1, 1, 1, 1, 1, 1, 1, 0.785296320915, 1, 1, 1, 1, 1, 1, 1, 1, 1, 1, 1, 1, 1, 1, 1, 1, 1, 1]
        mean: [0.51745736599, 0.517806351185, 0.435977578163, 0.372091859579, 0.383566647768, 0.412065714598, 0.415649622679, 0.409568101168, 0.519425332546, 0.610449194908, 0.524383306503, 0.443102121353, 0.37669980526, 0.299602180719, 0.311799883842, 0.359672307968, 0.314720749855, 0.260220110416, 0.270837336779, 0.253638863564, 0.22968120873, 0.288410782814, 0.320960462093, 0.358879834414, 0.419246166945, 0.381505638361, 0.392873585224, 0.395296096802, 0.30410861969, 0.299094796181, 0.361919552088, 0.376972079277, 0.364364266396, 0.353693187237, 0.359099715948, 0.430701673031]
        min: [0.0766632407904, 0.103962875903, 0.0779313966632, 0.0367936678231, 0.0272685773671, 0.0507581904531, 0.0498498566449, 0.0733014717698, 0.105433642864, 0.148870706558, 0.109017804265, 0.0641273483634, 0.0313826501369, 0.0179490130395, 0.0339182578027, 0.0467531681061, 0.0292952787131, 0.0280647147447, 0.034911736846, 0.0379497371614, 0.0449132993817, 0.0191421080381, 0.0306484363973, 0.0298320036381, 0.0301363915205, 0.0633409097791, 0.0288246218115, 0.0232223216444, 0.0284330137074, 0.0266150739044, 0.03587744385, 0.0519389770925, 0.0442057102919, 0.0554163306952, 0.0506555624306, 0.0713636428118]
        var: [0.0664980337024, 0.0609099566936, 0.0468953810632, 0.0435043312609, 0.0581651367247, 0.0554016306996, 0.0501468405128, 0.039821472019, 0.0562550537288, 0.0689990669489, 0.0566729567945, 0.0497362948954, 0.0403529852629, 0.0294241327792, 0.0386852584779, 0.054710522294, 0.0379215814173, 0.022869810462, 0.0309974290431, 0.0333771519363, 0.0208095703274, 0.0310734529048, 0.0420192480087, 0.0424756444991, 0.0715850666165, 0.0572642013431, 0.0695528462529, 0.0724426954985, 0.0351049937308, 0.0421503856778, 0.0633763372898, 0.0516121163964, 0.0450842343271, 0.0419270247221, 0.0462512336671, 0.0545669719577]
    chords_histogram: [71.759262085, 0, 1.85185182095, 0, 1.85185182095, 0, 16.2037029266, 0, 0, 0, 0, 0, 0, 0, 0, 0, 0, 0, 0, 6.94444465637, 0, 0, 0, 1.38888883591]
    thpcp: [1, 0.859012186527, 0.725862383842, 0.617086231709, 0.490789711475, 0.510771214962, 0.589192867279, 0.515556037426, 0.426276445389, 0.443668931723, 0.415495455265, 0.376249521971, 0.472456663847, 0.525777518749, 0.587894678116, 0.686783075333, 0.624958872795, 0.643581151962, 0.647549569607, 0.49817186594, 0.489958554506, 0.59287416935, 0.617532253265, 0.596878945827, 0.579398214817, 0.588254868984, 0.705548763275, 0.847666561604, 0.848238229752, 0.714191436768, 0.609537780285, 0.628335058689, 0.675020515919, 0.68089145422, 0.670929074287, 0.850890338421]
    chords_key: "F"
    chords_scale: "major"
    key_key: "F"
    key_scale: "major"
    chords_progression: ["F", "F", "F", "F", "F", "F", "F", "F", "F", "F", "F", "F", "F", "F", "F", "F", "F", "F", "F", "F", "F", "F", "F", "F", "F", "F", "F", "F", "F", "F", "F", "F", "F", "F", "F", "F", "F", "F", "F", "F", "F", "F", "F", "F", "F", "F", "F", "F", "F", "F", "F", "F", "F", "C", "C", "C", "G", "G", "G", "C", "Cm", "Cm", "G", "Cm", "Cm", "Cm", "Cm", "Cm", "Cm", "Cm", "Cm", "Cm", "Cm", "Cm", "Cm", "Cm", "F", "F", "F", "F", "F", "F", "F", "F", "F", "F", "F", "F", "F", "F", "F", "F", "F", "F", "F", "F", "F", "F", "F", "F", "F", "F", "F", "F", "F", "F", "F", "F", "F", "F", "F", "F", "F", "F", "F", "F", "F", "F", "F", "F", "F", "F", "F", "F", "F", "F", "F", "F", "F", "F", "F", "F", "F", "F", "F", "F", "F", "F", "F", "F", "F", "F", "F", "F", "F", "F", "F", "F", "F", "F", "F", "F", "F", "F", "F", "F", "F", "F", "F", "F", "F", "F", "F", "F", "F", "F", "F", "F", "F", "F", "F", "F", "F", "F", "F", "F", "F", "F", "Dm", "Dm", "Dm", "D", "D", "D", "D", "D", "D", "D", "D", "D", "D", "D", "D", "D", "D", "D", "D", "D", "D", "D", "D", "D", "D", "D", "D", "D", "D", "D", "D", "D", "D", "D", "D", "D", "D", "D"]
