
metadata:
    version:
        essentia: "1.2.2"
    audio_properties:
        analysis_sample_rate: 44100
        bitrate: 128
        channels: 2
        equal_loudness: 1
        length: 9.97877597809
        replay_gain: -10.6958580017
        downmix: "mix"
    tags:
        track: 17
        year: 0
        album: "Splitted by Mp3Splt v. 2.1"
        artist: "From 002.40 To 002.50"
        comment: "http://mp3splt.sf.net"
        genre: ""
        title: "11 Glory Days.mp3"

highlevel:
    ballroom:
        all:
            ChaChaCha: 0.0237746201456
            Jive: 0.735022902489
            Quickstep: 0.0252814367414
            Rumba-American: 0.00134219916072
            Rumba-International: 0.00527171930298
            Rumba-Misc: 0.00445488607511
            Samba: 0.0239992383868
            Tango: 0.00539247738197
            VienneseWaltz: 0.159684434533
            Waltz: 0.0157760921866
        probability: 0.735022902489
        value: "Jive"
    culture:
        all:
            non_western: 0.0137219242752
            western: 0.986278057098
        probability: 0.986278057098
        value: "western"
    gender:
        all:
            female: 0.164026781917
            male: 0.835973203182
        probability: 0.835973203182
        value: "male"
    genre_dortmund:
        all:
            alternative: 0.124897368252
            blues: 0.00655135791749
            electronic: 0.0148087684065
            folkcountry: 0.0440659597516
            funksoulrnb: 0.00744033884257
            jazz: 0.00829564686865
            pop: 0.0195613615215
            raphiphop: 0.000373552145902
            rock: 0.774005651474
        probability: 0.774005651474
        value: "rock"
    genre_electronica:
        all:
            ambient: 0.267802149057
            dnb: 0.397266685963
            house: 0.0109706521034
            techno: 0.0231775995344
            trance: 0.30078291893
        probability: 0.397266685963
        value: "dnb"
    genre_rosamerica:
        all:
            cla: 0.0262787900865
            dan: 0.00652501685545
            hip: 0.00337561452761
            jaz: 0.0011412271997
            pop: 0.0042682569474
            rhy: 0.000747284211684
            roc: 0.956969439983
            spe: 0.000694348360412
        probability: 0.956969439983
        value: "roc"
    genre_tzanetakis:
        all:
            blu: 0.0134387966245
            cla: 0.0271293688565
            cou: 0.0778552219272
            dis: 0.0249545574188
            hip: 0.00581429060549
            jaz: 0.0137610519305
            met: 0.358385652304
            pop: 0.0128205185756
            reg: 0.00549728516489
            roc: 0.460343241692
        probability: 0.460343241692
        value: "roc"
    live_studio:
        all:
            live: 0.269609302282
            studio: 0.73039072752
        probability: 0.73039072752
        value: "studio"
    mood:
        all:
            Cluster1: 0.497973263264
            Cluster2: 0.0469200648367
            Cluster3: 0.0315465815365
            Cluster4: 0.0308384560049
            Cluster5: 0.392721623182
        probability: 0.497973263264
        value: "Cluster1"
    mood_acoustic:
        all:
            acoustic: 0.00982667319477
            not_acoustic: 0.990173339844
        probability: 0.990173339844
        value: "not_acoustic"
    mood_aggressive:
        all:
            aggressive: 0.983910858631
            not_aggressive: 0.0160891711712
        probability: 0.983910858631
        value: "aggressive"
    mood_electronic:
        all:
            electronic: 0.221382126212
            not_electronic: 0.778617858887
        probability: 0.778617858887
        value: "not_electronic"
    mood_happy:
        all:
            happy: 0.219817310572
            not_happy: 0.780182659626
        probability: 0.780182659626
        value: "not_happy"
    mood_party:
        all:
            not_party: 0.485432982445
            party: 0.514567017555
        probability: 0.514567017555
        value: "party"
    mood_relaxed:
        all:
            not_relaxed: 0.938483476639
            relaxed: 0.0615165345371
        probability: 0.938483476639
        value: "not_relaxed"
    mood_sad:
        all:
            not_sad: 0.976815760136
            sad: 0.0231842398643
        probability: 0.976815760136
        value: "not_sad"
    rhythm:
        all:
            fast: 0.289223015308
            medium: 0.130188524723
            slow: 0.580588459969
        probability: 0.580588459969
        value: "slow"
    speech_music:
        all:
            music: 0.998971045017
            speech: 0.00102893274743
        probability: 0.998971045017
        value: "music"
    timbre:
        all:
            bright: 0.548980891705
            dark: 0.451019078493
        probability: 0.548980891705
        value: "bright"
    voice_instrumental:
        all:
            instrumental: 0.881437957287
            voice: 0.118562042713
        probability: 0.881437957287
        value: "instrumental"

lowlevel:
    average_loudness: 0.987730026245
    barkbands_kurtosis:
        dmean: 0.491412818432
        dmean2: 0.834476113319
        dvar: 0.280033290386
        dvar2: 0.716332495213
        max: 2.06402921677
        mean: -1.13331592083
        min: -1.8078622818
        var: 0.428515255451
    barkbands_skewness:
        dmean: 0.378662317991
        dmean2: 0.630179405212
        dvar: 0.0908723250031
        dvar2: 0.253087043762
        max: 1.29713237286
        mean: -0.457417875528
        min: -1.6925855875
        var: 0.230759605765
    barkbands_spread:
        dmean: 4.79329252243
        dmean2: 8.09355926514
        dvar: 17.224697113
        dvar2: 47.4330062866
        max: 48.8715438843
        mean: 34.4355926514
        min: 16.9849452972
        var: 35.2017974854
    dissonance:
        dmean: 0.00918801408261
        dmean2: 0.0155958319083
        dvar: 6.75456176396e-05
        dvar2: 0.000180477407412
        max: 0.499301820993
        mean: 0.484292924404
        min: 0.413942188025
        var: 9.52406917349e-05
    hfc:
        dmean: 2.43120217323
        dmean2: 3.64303898811
        dvar: 7.89567136765
        dvar2: 16.8235187531
        max: 33.6419792175
        mean: 9.77576828003
        min: 1.24065327644
        var: 17.88422966
    pitch:
        dmean: 1154.50939941
        dmean2: 2239.35009766
        dvar: 1913035.5
        dvar2: 4463496.5
        max: 3675
        mean: 1964.48083496
        min: 97.566368103
        var: 2186157
    pitch_instantaneous_confidence:
        dmean: 0.0705012008548
        dmean2: 0.116344183683
        dvar: 0.00308555969968
        dvar2: 0.00831130705774
        max: 0.750729322433
        mean: 0.340732008219
        min: 0.1729170084
        var: 0.00692393677309
    pitch_salience:
        dmean: 0.0443308837712
        dmean2: 0.0773163214326
        dvar: 0.0011340075871
        dvar2: 0.00328141730279
        max: 0.815640032291
        mean: 0.680871069431
        min: 0.503000915051
        var: 0.00232077529654
    silence_rate_20dB:
        dmean: 0
        dmean2: 0
        dvar: 0
        dvar2: 0
        max: 1
        mean: 1
        min: 1
        var: 0
    silence_rate_30dB:
        dmean: 0
        dmean2: 0
        dvar: 0
        dvar2: 0
        max: 1
        mean: 1
        min: 1
        var: 0
    silence_rate_60dB:
        dmean: 0.0559440553188
        dmean2: 0.109813086689
        dvar: 0.0528144985437
        dvar2: 0.107099346817
        max: 1
        mean: 0.0930232554674
        min: 0
        var: 0.0843697413802
    spectral_centroid:
        dmean: 245.756637573
        dmean2: 413.101928711
        dvar: 40338.5703125
        dvar2: 110094.742188
        max: 2836.66113281
        mean: 1910.20935059
        min: 893.129211426
        var: 91265.5390625
    spectral_complexity:
        dmean: 3.83606553078
        dmean2: 5.8192486763
        dvar: 12.2213602066
        dvar2: 24.5471553802
        max: 42
        mean: 21.719625473
        min: 0
        var: 38.2531318665
    spectral_crest:
        dmean: 1.57954394817
        dmean2: 2.69476938248
        dvar: 1.87681663036
        dvar2: 4.90284585953
        max: 15.5836753845
        mean: 5.76126527786
        min: 3.20162844658
        var: 3.08254766464
    spectral_decrease:
        dmean: 2.88105234114e-10
        dmean2: 4.54838999797e-10
        dvar: 1.22193562854e-19
        dvar2: 2.71560293174e-19
        max: -1.27035867936e-10
        mean: -1.11725739771e-09
        min: -3.94300903039e-09
        var: 1.96870161935e-19
    spectral_energy:
        dmean: 0.00126092950813
        dmean2: 0.0019738979172
        dvar: 2.284260745e-06
        dvar2: 4.85090731672e-06
        max: 0.017933242023
        mean: 0.00510347634554
        min: 0.000591993506532
        var: 4.04180445912e-06
    spectral_energyband_high:
        dmean: 0.000118727097288
        dmean2: 0.000187499521417
        dvar: 2.84450383248e-08
        dvar2: 6.28566141359e-08
        max: 0.00168774055783
        mean: 0.000301441468764
        min: 3.19316386594e-05
        var: 5.07181603382e-08
    spectral_energyband_low:
        dmean: 0.000166066922247
        dmean2: 0.000295482110232
        dvar: 9.34280919296e-08
        dvar2: 2.58314969415e-07
        max: 0.00251011177897
        mean: 0.000204720461625
        min: 3.67249708688e-06
        var: 6.92455728313e-08
    spectral_energyband_middle_high:
        dmean: 0.000735573936254
        dmean2: 0.00112641579472
        dvar: 6.11387520166e-07
        dvar2: 1.38025598062e-06
        max: 0.00952530000359
        mean: 0.00300466339104
        min: 0.000438765040599
        var: 1.46144520841e-06
    spectral_energyband_middle_low:
        dmean: 0.000707752187736
        dmean2: 0.00119602750055
        dvar: 9.36984690725e-07
        dvar2: 2.48809874392e-06
        max: 0.00759088760242
        mean: 0.00159264984541
        min: 0.000110138775199
        var: 1.01226669358e-06
    spectral_flatness_db:
        dmean: 0.0126378023997
        dmean2: 0.0196194536984
        dvar: 0.000103026148281
        dvar2: 0.000240856126766
        max: 0.199536263943
        mean: 0.151512056589
        min: 0.0779940709472
        var: 0.000374820287107
    spectral_flux:
        dmean: 0.00658334372565
        dmean2: 0.00971787888557
        dvar: 5.38469030289e-05
        dvar2: 9.96347807813e-05
        max: 0.0897861793637
        mean: 0.0421912781894
        min: 0.0230192970484
        var: 0.000116228424304
    spectral_kurtosis:
        dmean: 1.32381904125
        dmean2: 2.20711088181
        dvar: 1.51341724396
        dvar2: 4.23097896576
        max: 14.7313709259
        mean: 4.56866359711
        min: 1.71929121017
        var: 2.76027464867
    spectral_rms:
        dmean: 0.000264352274826
        dmean2: 0.000409510714235
        dvar: 7.65196048746e-08
        dvar2: 1.55340828201e-07
        max: 0.00418280344456
        mean: 0.00219405652024
        min: 0.000759970163926
        var: 1.65116887274e-07
    spectral_rolloff:
        dmean: 183.712997437
        dmean2: 308.945831299
        dvar: 25966.3691406
        dvar2: 73858.453125
        max: 4112.84179688
        mean: 3373.06665039
        min: 2583.984375
        var: 54610.1679688
    spectral_skewness:
        dmean: 0.179848253727
        dmean2: 0.292023986578
        dvar: 0.0265350583941
        dvar2: 0.0619012080133
        max: 2.83644890785
        mean: 1.28497314453
        min: 0.674282073975
        var: 0.0534758865833
    spectral_spread:
        dmean: 368379.125
        dmean2: 513975.96875
        dvar: 324802314240
        dvar2: 457539485696
        max: 12868664
        mean: 3497045.5
        min: 2204555
        var: 764045099008
    spectral_strongpeak:
        dmean: 0.772743880749
        dmean2: 1.36061215401
        dvar: 0.954429626465
        dvar2: 2.22027993202
        max: 7.29626893997
        mean: 0.87410056591
        min: 0.00876815244555
        var: 1.36154806614
    zerocrossingrate:
        dmean: 0.00595314335078
        dmean2: 0.00817240681499
        dvar: 2.9749404348e-05
        dvar2: 4.80646231154e-05
        max: 0.13623046875
        mean: 0.10581214726
        min: 0.04541015625
        var: 0.000105161212559
    barkbands:
        dmean: [6.8987709767e-08, 3.49198635377e-05, 0.000143116965774, 0.000173493492184, 0.000458360475022, 0.000208310855669, 5.1649294619e-05, 6.91602544975e-05, 6.19218335487e-05, 3.4850789234e-05, 4.16547009081e-05, 2.59894004557e-05, 6.21226427029e-05, 6.68214415782e-05, 0.00011423376418, 0.000129551350255, 0.000273246114375, 0.000226034113439, 0.000291004776955, 0.00012551623513, 4.61554409412e-05, 2.33027676586e-05, 5.87258136875e-06, 6.75932597005e-07, 4.08760598702e-07, 4.47851675744e-08, 8.1761142301e-10]
        dmean2: [1.08433795276e-07, 6.25112443231e-05, 0.00025346656912, 0.000313049473334, 0.00079761800589, 0.000339020072715, 8.63670284161e-05, 0.000111262612336, 0.00010285089229, 5.49994438188e-05, 6.49338471703e-05, 4.27930463047e-05, 0.000106820261863, 0.000107083265902, 0.000186522098375, 0.000211212260183, 0.000458338356111, 0.000367638189346, 0.000474077212857, 0.000208169833058, 7.45446668589e-05, 3.49700858351e-05, 8.82133917912e-06, 9.76727847046e-07, 5.78475635393e-07, 6.97542787975e-08, 9.77428693538e-10]
        dvar: [2.69384886712e-14, 3.11393844044e-09, 7.23688060589e-08, 5.01017254351e-08, 4.57781993646e-07, 5.84184647323e-08, 3.39053229936e-09, 5.93117910341e-09, 7.8355633093e-09, 1.39634648288e-09, 1.62601543341e-09, 7.30584592823e-10, 4.88526685771e-09, 5.24680965341e-09, 1.87624138448e-08, 1.70906915287e-08, 7.16191479455e-08, 5.66334854568e-08, 9.83534036436e-08, 2.50307525818e-08, 4.23070689592e-09, 3.06085401469e-09, 2.44874065469e-10, 1.71840916063e-12, 4.68038639529e-13, 1.15071814517e-14, 1.47951694883e-16]
        dvar2: [3.93226134976e-14, 8.70709282452e-09, 2.01165079261e-07, 1.45782848904e-07, 1.23213237657e-06, 1.61330802939e-07, 8.74182415345e-09, 1.56322510492e-08, 1.97611544905e-08, 3.18270965138e-09, 3.59396756799e-09, 1.84485604571e-09, 1.30744002291e-08, 1.17621992146e-08, 4.61249811678e-08, 4.39133813757e-08, 1.90153528479e-07, 1.45805714169e-07, 2.43320158688e-07, 6.38545785137e-08, 9.00068286569e-09, 7.00245816887e-09, 5.62439594898e-10, 3.64873322528e-12, 9.98123242044e-13, 2.71136906601e-14, 1.43583373921e-16]
        max: [2.93046559818e-06, 0.000408386928029, 0.0022650603205, 0.00198887754232, 0.00508296303451, 0.00248624826781, 0.000729324354324, 0.000778792600613, 0.000744182907511, 0.000369162269635, 0.000543716654647, 0.000234389299294, 0.00063434895128, 0.000846739218105, 0.00158122356515, 0.00110577442683, 0.00254170689732, 0.00269400840625, 0.00351138180122, 0.0019380612066, 0.000721033255104, 0.00046457798453, 0.000134634668939, 1.32657305585e-05, 6.75178534948e-06, 8.56711949382e-07, 2.55923168879e-07]
        mean: [1.06686236734e-07, 4.01159195462e-05, 0.000164502605912, 0.000200315000257, 0.000725993362721, 0.000335348304361, 8.1248479546e-05, 0.000124471000163, 9.42503174883e-05, 7.57873058319e-05, 8.17117470433e-05, 4.83953481307e-05, 9.23024999793e-05, 0.000136585149448, 0.000246777926804, 0.000279049476376, 0.000659454031847, 0.000543814501725, 0.000690527725965, 0.000333233532729, 0.000104281709355, 3.47505119862e-05, 8.42821009428e-06, 1.22041922168e-06, 7.56993813411e-07, 5.22201730746e-08, 8.13970224556e-10]
        min: [3.09990227931e-11, 1.12839742883e-07, 8.40215307107e-07, 3.3214364521e-06, 5.95330784563e-05, 6.22576862952e-06, 2.77705248664e-06, 2.33689820561e-06, 5.1168817663e-06, 5.63123830943e-06, 2.87011857836e-06, 3.4280537875e-06, 5.34076161784e-06, 1.3676938579e-05, 2.89253148367e-05, 1.15642815217e-05, 7.76850647526e-05, 6.90148808644e-05, 6.44625761197e-05, 5.28690397914e-05, 1.05730750874e-05, 2.05807486964e-06, 1.39075226002e-07, 6.91727919389e-08, 3.90169070386e-08, 1.18110424219e-10, 7.21759146048e-14]
        var: [3.41873373415e-14, 2.5505060286e-09, 5.34821644749e-08, 4.18510559541e-08, 4.49643408729e-07, 8.78038335372e-08, 6.49819886789e-09, 1.32002604403e-08, 8.34425151197e-09, 3.76158793003e-09, 5.24635090926e-09, 1.28412469547e-09, 5.66511992872e-09, 1.06718873738e-08, 4.99304881885e-08, 2.96468574135e-08, 1.57635241749e-07, 9.3294090675e-08, 1.82949776217e-07, 4.69080525534e-08, 7.4727815047e-09, 3.71491748474e-09, 3.06686037677e-10, 2.75931361093e-12, 9.04901099798e-13, 1.28230742404e-14, 1.52511048245e-16]
    mfcc:
        mean: [-693.227050781, 115.200241089, -72.0225753784, 66.7332000732, -5.71607208252, -8.06050491333, -6.29874277115, -7.59579992294, -7.74995613098, -9.39821052551, -6.7044005394, -10.7299690247, -6.06075429916]
        cov: [[617.565185547, -279.095947266, 193.218078613, -72.69972229, -53.9330177307, 52.6430130005, -101.652664185, -1.93901205063, -63.8300933838, -5.85522556305, 3.78123235703, -27.9583759308, -19.6024837494], [-279.095947266, 314.478088379, -140.935913086, 77.6137771606, 48.1364898682, -43.3980178833, 83.866355896, 8.63737487793, 65.7549819946, 18.6684207916, 18.0342521667, 24.3286628723, 12.9291934967], [193.218078613, -140.935913086, 263.387817383, -42.6666145325, 2.57306671143, 34.9690284729, -22.1697769165, 4.07549524307, -20.607717514, -3.69927334785, 9.17861747742, 6.54487800598, -3.58272910118], [-72.69972229, 77.6137771606, -42.6666145325, 73.3796081543, 13.8280391693, -3.56667351723, 20.4675292969, 4.33022546768, 24.0198497772, 5.34179925919, 7.13973379135, 4.71721220016, 8.20054721832], [-53.9330177307, 48.1364898682, 2.57306671143, 13.8280391693, 72.0010910034, 10.1105709076, 38.2884368896, 18.2130775452, 19.0861167908, 5.08376646042, 2.8106584549, 8.46621322632, 3.2050409317], [52.6430130005, -43.3980178833, 34.9690284729, -3.56667351723, 10.1105709076, 54.3237342834, 1.44948649406, 2.22896337509, -6.14747142792, -2.6084663868, 7.34304046631, -0.591560125351, 2.17176961899], [-101.652664185, 83.866355896, -22.1697769165, 20.4675292969, 38.2884368896, 1.44948649406, 89.0290145874, 27.6442222595, 26.5396709442, 1.43091702461, 4.44087982178, 13.9916000366, 8.5309047699], [-1.93901205063, 8.63737487793, 4.07549524307, 4.33022546768, 18.2130775452, 2.22896337509, 27.6442222595, 51.8690452576, 12.9752130508, 5.33512926102, 1.00848090649, 3.85390472412, 5.09135961533], [-63.8300933838, 65.7549819946, -20.607717514, 24.0198497772, 19.0861167908, -6.14747142792, 26.5396709442, 12.9752130508, 64.2340087891, 21.1362857819, 8.57782173157, 5.18260240555, 3.62811589241], [-5.85522556305, 18.6684207916, -3.69927334785, 5.34179925919, 5.08376646042, -2.6084663868, 1.43091702461, 5.33512926102, 21.1362857819, 42.6662521362, 13.5069236755, 0.885922729969, 0.354721456766], [3.78123235703, 18.0342521667, 9.17861747742, 7.13973379135, 2.8106584549, 7.34304046631, 4.44087982178, 1.00848090649, 8.57782173157, 13.5069236755, 41.1139526367, 17.501707077, 4.80760812759], [-27.9583759308, 24.3286628723, 6.54487800598, 4.71721220016, 8.46621322632, -0.591560125351, 13.9916000366, 3.85390472412, 5.18260240555, 0.885922729969, 17.501707077, 39.9038581848, 12.1481552124], [-19.6024837494, 12.9291934967, -3.58272910118, 8.20054721832, 3.2050409317, 2.17176961899, 8.5309047699, 5.09135961533, 3.62811589241, 0.354721456766, 4.80760812759, 12.1481552124, 29.2124919891]]
        icov: [[0.00328267482109, 0.00142576557118, -0.00121964269783, 0.000178058326128, 0.000815429026261, -0.00115352659486, 0.00180268473923, -0.00151028239634, 0.000686148414388, -0.000285604794044, -0.001346863457, 0.00121625058819, 0.000739382288884], [0.00142576557118, 0.00963828992099, 0.00224760221317, -0.00430084811524, -0.00258227344602, 0.00516578229144, -0.00451193982735, 0.00259320391342, -0.00289864977822, -0.000332479219651, -0.00331734283827, -0.00102664972655, 0.000275753205642], [-0.00121964269783, 0.00224760221317, 0.00608056923375, 0.00101438153069, -0.00188777514268, -0.000493658590131, -0.000943044607993, 0.000566609436646, -0.000930894806515, 0.000259320397163, -0.00110791483894, -0.00215017655864, 0.000257221079664], [0.000178058326128, -0.00430084811524, 0.00101438153069, 0.0199668295681, -0.000255299150012, -0.0028284760192, 0.00138019805308, -0.0006068010116, -0.00347239710391, 0.00162878620904, -0.00170557876118, 0.0020950678736, -0.00369576830417], [0.000815429026261, -0.00258227344602, -0.00188777514268, -0.000255299150012, 0.0209313165396, -0.0059885554947, -0.00448258733377, -0.00376322725788, -0.001106863725, -0.00151860329788, 0.00303180003539, -0.00189749966376, 0.00208992045373], [-0.00115352659486, 0.00516578229144, -0.000493658590131, -0.0028284760192, -0.0059885554947, 0.0261757466942, -0.00425053294748, 0.00254331226461, 0.00012943695765, 0.00222778413445, -0.00728532858193, 0.00343030481599, -0.00308853667229], [0.00180268473923, -0.00451193982735, -0.000943044607993, 0.00138019805308, -0.00448258733377, -0.00425053294748, 0.0227721370757, -0.00923506822437, -0.00206120708026, 0.00340258143842, 0.000954767339863, -0.00226453994401, -0.000530008575879], [-0.00151028239634, 0.00259320391342, 0.000566609436646, -0.0006068010116, -0.00376322725788, 0.00254331226461, -0.00923506822437, 0.026243282482, -0.00302921840921, -0.00236255698837, 0.000972489069682, -0.000100430210296, -0.00328786787577], [0.000686148414388, -0.00289864977822, -0.000930894806515, -0.00347239710391, -0.001106863725, 0.00012943695765, -0.00206120708026, -0.00302921840921, 0.025298697874, -0.0102657526731, 5.04093441123e-05, 0.000840009888634, 0.000470655562822], [-0.000285604794044, -0.000332479219651, 0.000259320397163, 0.00162878620904, -0.00151860329788, 0.00222778413445, 0.00340258143842, -0.00236255698837, -0.0102657526731, 0.0324261263013, -0.0112995542586, 0.00482332659885, -0.000315784447594], [-0.001346863457, -0.00331734283827, -0.00110791483894, -0.00170557876118, 0.00303180003539, -0.00728532858193, 0.000954767339863, 0.000972489069682, 5.04093441123e-05, -0.0112995542586, 0.0380032248795, -0.0165797285736, 0.00143940187991], [0.00121625058819, -0.00102664972655, -0.00215017655864, 0.0020950678736, -0.00189749966376, 0.00343030481599, -0.00226453994401, -0.000100430210296, 0.000840009888634, 0.00482332659885, -0.0165797285736, 0.0387625358999, -0.012503224425], [0.000739382288884, 0.000275753205642, 0.000257221079664, -0.00369576830417, 0.00208992045373, -0.00308853667229, -0.000530008575879, -0.00328786787577, 0.000470655562822, -0.000315784447594, 0.00143940187991, -0.012503224425, 0.0413112044334]]
    spectral_contrast:
        mean: [1.49942934513e-07, 5.54850657863e-07, 2.95124806371e-07, -2.2257739829e-07, -7.27497848629e-08, -9.53952827842e-09, -1.29667955662e-06, -4.53517532151e-06, 4.20161399006e-07, 3.59856085197e-06, -6.6052530201e-07, 6.37080347587e-06]
        var: [0.000369677960407, 0.000538124993909, 0.000810675381217, 0.00116994976997, 0.00175506423693, 0.00206121173687, 0.0285449046642, 0.0478804148734, 0.0729440376163, 0.137835532427, 0.347696572542, 0.556674301624]

rhythm:
    beats_loudness:
        dmean: 0.00328579824418
        dmean2: 0.00649245595559
        dvar: 4.21864478994e-06
        dvar2: 1.00017241493e-05
        max: 0.011683111079
        mean: 0.00678666541353
        min: 0.00389164895751
        var: 4.94933783557e-06
    beats_loudness_bass:
        dmean: 0.0643244609237
        dmean2: 0.128267228603
        dvar: 0.00354184559546
        dvar2: 0.0115834707394
        max: 0.223182052374
        mean: 0.0588881745934
        min: 0.0044857589528
        var: 0.00278238742612
    bpm: 134.376083374
    bpm_confidence: 0
    first_peak_bpm: 134
    first_peak_spread: 0
    first_peak_weight: 0.952381014824
    onset_rate: 3.20680642128
    second_peak_bpm: 120
    second_peak_spread: 0
    second_peak_weight: 0.047619048506
    beats_position: [0.318083971739, 0.765501320362, 1.21291863918, 1.6603358984, 2.10775303841, 2.55517029762, 3.00258779526, 3.45000529289, 3.89742279053, 4.34484004974, 4.7922577858, 5.23967504501, 5.68709230423, 6.18692731857, 6.63262176514, 7.07831668854, 7.52401208878, 7.96970653534, 8.41540050507, 8.86109638214, 9.30679130554, 9.75248527527]
    bpm_estimates: [133.436187744, 134.118392944, 133.825424194, 134.109848022, 133.671417236, 134.556945801, 133.897415161, 133.931594849, 134.273727417, 135.225875854, 134.143692017, 134.672821045, 134.559844971, 134.49005127, 135.447570801, 134.792907715, 134.606231689, 133.893722534, 134.122543335, 134.735946655, 135.385726929]
    bpm_intervals: [0.447417348623, 0.447417318821, 0.447417259216, 0.447417140007, 0.447417259216, 0.447417497635, 0.447417497635, 0.447417497635, 0.447417259216, 0.447417736053, 0.447417259216, 0.447417259216, 0.499835014343, 0.445694446564, 0.445694923401, 0.445695400238, 0.445694446564, 0.445693969727, 0.445695877075, 0.445694923401, 0.445693969727]
    onset_times: [0.0580498874187, 0.27863946557, 0.522448956966, 0.731428563595, 0.96362811327, 1.18421769142, 1.42802715302, 1.63700675964, 2.10140585899, 2.99537420273, 3.23918366432, 3.45977330208, 3.90095233917, 4.14476203918, 4.36535167694, 4.57433128357, 4.79492044449, 5.25931978226, 5.70049905777, 6.17650794983, 6.38548755646, 6.5596370697, 6.60607719421, 6.8382768631, 7.07047605515, 7.26784563065, 7.51165533066, 7.97605419159, 8.19664382935, 8.40562343597, 8.87002277374, 9.31120204926]
    rubato_start: []
    rubato_stop: []
    perceptual_tempo: "unknown"

sfx:
    inharmonicity:
        dmean: 0.0568354949355
        dmean2: 0.100129343569
        dvar: 0.00358516443521
        dvar2: 0.0103800129145
        max: 0.353570789099
        mean: 0.0674144104123
        min: 0
        var: 0.00355795002542
    oddtoevenharmonicenergyratio:
        dmean: 3.2565009594
        dmean2: 6.18444347382
        dvar: 183.855865479
        dvar2: 545.064819336
        max: 165.721282959
        mean: 2.12163925171
        min: 0
        var: 97.5793991089
    pitch_after_max_to_before_max_energy_ratio: 14.9692955017
    pitch_centroid: 205.744049072
    pitch_max_to_total: 0.0490654222667
    pitch_min_to_total: 0.95327103138
    tristimulus:
        dmean: [0.179141446948, 0.284332931042, 0.173450484872]
        dmean2: [0.314960747957, 0.501782596111, 0.31000906229]
        dvar: [0.0252573676407, 0.0478864312172, 0.017312662676]
        dvar2: [0.070250146091, 0.140185803175, 0.0472339577973]
        max: [1, 0.968017995358, 0.678062319756]
        mean: [0.292633533478, 0.451338261366, 0.160649970174]
        min: [0.0178766623139, 0, 0]
        var: [0.0321929007769, 0.0661718994379, 0.0241029411554]

tonal:
    chords_changes_rate: 0.00465116277337
    chords_number_rate: 0.00930232554674
    chords_strength:
        dmean: 0.00649161776528
        dmean2: 0.0063285222277
        dvar: 2.94193614536e-05
        dvar2: 2.31385583902e-05
        max: 0.722706735134
        mean: 0.614925563335
        min: 0.468034416437
        var: 0.00272675370798
    key_strength: 0.771690130234
    tuning_diatonic_strength: 0.628972351551
    tuning_equal_tempered_deviation: 0.0516819395125
    tuning_frequency: 441.017791748
    tuning_nontempered_energy_ratio: 0.663267374039
    hpcp:
        dmean: [0.161759480834, 0.168384999037, 0.156285181642, 0.118066638708, 0.0935976877809, 0.143519535661, 0.16013687849, 0.145894557238, 0.189295575023, 0.182592600584, 0.177346214652, 0.11867839843, 0.0937774851918, 0.0914735794067, 0.134532600641, 0.173243120313, 0.137015089393, 0.130495473742, 0.113635517657, 0.0957968458533, 0.162602961063, 0.195354819298, 0.165838450193, 0.114624582231, 0.125695541501, 0.149762451649, 0.129494562745, 0.11127088964, 0.120017647743, 0.205811992288, 0.225784048438, 0.200797513127, 0.188547834754, 0.167893350124, 0.139655709267, 0.154661566019]
        dmean2: [0.270910024643, 0.288391590118, 0.278019636869, 0.18842305243, 0.154778078198, 0.240397170186, 0.258607059717, 0.249124109745, 0.319110244513, 0.296348631382, 0.290384203196, 0.206076875329, 0.168906524777, 0.160779044032, 0.23399028182, 0.291223347187, 0.236481919885, 0.229949831963, 0.198209896684, 0.167290106416, 0.282074838877, 0.32605779171, 0.277012646198, 0.194521382451, 0.207871988416, 0.245652228594, 0.215602189302, 0.181635662913, 0.207640334964, 0.359710514545, 0.392362594604, 0.363866984844, 0.32845929265, 0.279248505831, 0.229830801487, 0.266129314899]
        dvar: [0.0312494412065, 0.0365433618426, 0.0342482216656, 0.0203310009092, 0.0136531814933, 0.0230844207108, 0.0243758503348, 0.0233613550663, 0.026436123997, 0.0324097648263, 0.0277096927166, 0.0208584200591, 0.0184276252985, 0.0166931990534, 0.0242100860924, 0.031307131052, 0.0178616121411, 0.0211992636323, 0.0189210195094, 0.0109623745084, 0.0220141448081, 0.0369855202734, 0.0257353689522, 0.0136908553541, 0.0187890119851, 0.0261519514024, 0.0182728730142, 0.0132594387978, 0.011254039593, 0.0318582095206, 0.0419862531126, 0.0328708477318, 0.0376615151763, 0.0318764336407, 0.0199030321091, 0.029010688886]
        dvar2: [0.0723983570933, 0.101836182177, 0.0924083516002, 0.0536816380918, 0.0338257104158, 0.0649925842881, 0.0609805397689, 0.0616206303239, 0.070363663137, 0.0698282942176, 0.0789822340012, 0.0605590976775, 0.0532570034266, 0.0480413511395, 0.0716393068433, 0.0768256559968, 0.049456756562, 0.0643712729216, 0.0547218471766, 0.0301764979959, 0.0507979020476, 0.0806953981519, 0.0642834529281, 0.0358007960021, 0.0415895842016, 0.0673326551914, 0.0440746434033, 0.0376042500138, 0.0341082587838, 0.0925927683711, 0.105538345873, 0.0876280292869, 0.0910194665194, 0.0861626639962, 0.0578333437443, 0.0833268389106]
        max: [1, 1, 1, 1, 0.722944498062, 1, 1, 1, 1, 1, 1, 0.973765194416, 0.98969835043, 0.845645844936, 1, 1, 0.922319173813, 0.871398985386, 1, 0.69062769413, 1, 1, 1, 0.76436150074, 1, 1, 0.985358595848, 0.829663693905, 0.565461575985, 1, 1, 1, 1, 1, 0.891770720482, 1]
        mean: [0.312161713839, 0.283654987812, 0.260606050491, 0.196951121092, 0.15248902142, 0.264360368252, 0.307210713625, 0.224823445082, 0.415163964033, 0.615201175213, 0.418409407139, 0.192508503795, 0.134695127606, 0.136467337608, 0.265908271074, 0.385007292032, 0.284745484591, 0.187605217099, 0.166792035103, 0.164270237088, 0.401507079601, 0.58941423893, 0.36722433567, 0.168235689402, 0.221703693271, 0.276711761951, 0.24853220582, 0.20611178875, 0.197812631726, 0.393966853619, 0.582282602787, 0.44070366025, 0.334914177656, 0.319266945124, 0.260241299868, 0.287139266729]
        min: [0.0315912403166, 0.0311530325562, 0.0272131804377, 0.0217066816986, 0.025072850287, 0.0480475537479, 0.046685744077, 0.0295038558543, 0.0297643039376, 0.0284688621759, 0.0286127924919, 0.0227354262024, 0.0177662130445, 0.0233016964048, 0.0422254018486, 0.0409574918449, 0.01468138583, 0.0191446561366, 0.0237679090351, 0.0284065119922, 0.0302892513573, 0.0228862818331, 0.021221710369, 0.0234297197312, 0.0221843216568, 0.0366779565811, 0.0395407415926, 0.0428802073002, 0.0186834204942, 0.0573813393712, 0.0855763703585, 0.0700466632843, 0.0596105270088, 0.0451080948114, 0.0478455498815, 0.0481540299952]
        var: [0.0537915788591, 0.0443357601762, 0.0444644093513, 0.0279724523425, 0.0171726923436, 0.0364798940718, 0.0470588468015, 0.0284773427993, 0.0487073659897, 0.103930026293, 0.0549225322902, 0.0201611295342, 0.0130161717534, 0.0140235070139, 0.038221847266, 0.0777324140072, 0.0368566438556, 0.0207082852721, 0.020397266373, 0.0118285892531, 0.0438409335911, 0.0978312641382, 0.0426746048033, 0.0181906595826, 0.0292497985065, 0.0447513349354, 0.0292026754469, 0.0173585489392, 0.0143648702651, 0.0431337989867, 0.0740169733763, 0.0494447499514, 0.0653510466218, 0.055290453136, 0.0248590875417, 0.0377052277327]
    chords_histogram: [86.0465087891, 0, 13.9534883499, 0, 0, 0, 0, 0, 0, 0, 0, 0, 0, 0, 0, 0, 0, 0, 0, 0, 0, 0, 0, 0]
    thpcp: [1, 0.680118024349, 0.312919586897, 0.218944847584, 0.221825554967, 0.432229787111, 0.625823378563, 0.462849378586, 0.304949373007, 0.271117866039, 0.267018735409, 0.652643561363, 0.958083748817, 0.596917510033, 0.273464500904, 0.3603759408, 0.449790686369, 0.403985261917, 0.335031539202, 0.321541368961, 0.640387058258, 0.946491360664, 0.716356992722, 0.544397830963, 0.518963456154, 0.423018217087, 0.466740429401, 0.50741404295, 0.461076796055, 0.423611104488, 0.320141017437, 0.247868552804, 0.429713696241, 0.499366253614, 0.365447044373, 0.674842596054]
    chords_key: "C"
    chords_scale: "major"
    key_key: "C"
    key_scale: "major"
    chords_progression: ["G", "G", "G", "G", "G", "G", "G", "G", "G", "G", "G", "G", "G", "G", "G", "G", "G", "G", "G", "G", "G", "G", "G", "G", "G", "G", "G", "G", "G", "G", "C", "C", "C", "C", "C", "C", "C", "C", "C", "C", "C", "C", "C", "C", "C", "C", "C", "C", "C", "C", "C", "C", "C", "C", "C", "C", "C", "C", "C", "C", "C", "C", "C", "C", "C", "C", "C", "C", "C", "C", "C", "C", "C", "C", "C", "C", "C", "C", "C", "C", "C", "C", "C", "C", "C", "C", "C", "C", "C", "C", "C", "C", "C", "C", "C", "C", "C", "C", "C", "C", "C", "C", "C", "C", "C", "C", "C", "C", "C", "C", "C", "C", "C", "C", "C", "C", "C", "C", "C", "C", "C", "C", "C", "C", "C", "C", "C", "C", "C", "C", "C", "C", "C", "C", "C", "C", "C", "C", "C", "C", "C", "C", "C", "C", "C", "C", "C", "C", "C", "C", "C", "C", "C", "C", "C", "C", "C", "C", "C", "C", "C", "C", "C", "C", "C", "C", "C", "C", "C", "C", "C", "C", "C", "C", "C", "C", "C", "C", "C", "C", "C", "C", "C", "C", "C", "C", "C", "C", "C", "C", "C", "C", "C", "C", "C", "C", "C", "C", "C", "C", "C", "C", "C", "C", "C", "C", "C", "C", "C", "C", "C", "C", "C", "C", "C"]
