
metadata:
    version:
        essentia: "1.2.2"
    audio_properties:
        analysis_sample_rate: 44100
        bitrate: 128
        channels: 2
        equal_loudness: 1
        length: 10.0048980713
        replay_gain: -15.1474895477
        downmix: "mix"
    tags:
        track: 7
        year: 0
        album: "Splitted by Mp3Splt v. 2.1"
        artist: "From 001.00 To 001.10"
        comment: "http://mp3splt.sf.net"
        genre: ""
        title: "08 Turn a Square.mp3"

highlevel:
    ballroom:
        all:
            ChaChaCha: 0.27137953043
            Jive: 0.462111026049
            Quickstep: 0.0269991513342
            Rumba-American: 0.00104047707282
            Rumba-International: 0.00365095818415
            Rumba-Misc: 0.00192349439021
            Samba: 0.228414803743
            Tango: 0.000659787328914
            VienneseWaltz: 0.00279634306207
            Waltz: 0.00102442444768
        probability: 0.462111026049
        value: "Jive"
    culture:
        all:
            non_western: 0.0636758953333
            western: 0.936324119568
        probability: 0.936324119568
        value: "western"
    gender:
        all:
            female: 0.0141677549109
            male: 0.98583227396
        probability: 0.98583227396
        value: "male"
    genre_dortmund:
        all:
            alternative: 0.0765467062593
            blues: 0.0230669118464
            electronic: 0.0273724701256
            folkcountry: 0.076005153358
            funksoulrnb: 0.047843888402
            jazz: 0.0197053961456
            pop: 0.081904694438
            raphiphop: 0.020463405177
            rock: 0.627091348171
        probability: 0.627091348171
        value: "rock"
    genre_electronica:
        all:
            ambient: 0.0751056447625
            dnb: 0.580478191376
            house: 0.015932392329
            techno: 0.0154102854431
            trance: 0.313073515892
        probability: 0.580478191376
        value: "dnb"
    genre_rosamerica:
        all:
            cla: 0.00229068333283
            dan: 0.0338921658695
            hip: 0.00792632717639
            jaz: 0.00140104931779
            pop: 0.417755544186
            rhy: 0.010094772093
            roc: 0.525743961334
            spe: 0.00089550903067
        probability: 0.525743961334
        value: "roc"
    genre_tzanetakis:
        all:
            blu: 0.00111634389032
            cla: 0.00191141082905
            cou: 0.0313715673983
            dis: 0.177533537149
            hip: 0.00629668449983
            jaz: 0.00519929733127
            met: 0.0268640443683
            pop: 0.554958224297
            reg: 0.0230590421706
            roc: 0.171689853072
        probability: 0.554958224297
        value: "pop"
    live_studio:
        all:
            live: 0.127107053995
            studio: 0.872892916203
        probability: 0.872892916203
        value: "studio"
    mood:
        all:
            Cluster1: 0.287204623222
            Cluster2: 0.294432342052
            Cluster3: 0.17876149714
            Cluster4: 0.132552504539
            Cluster5: 0.107049018145
        probability: 0.294432342052
        value: "Cluster2"
    mood_acoustic:
        all:
            acoustic: 0.0111518129706
            not_acoustic: 0.988848209381
        probability: 0.988848209381
        value: "not_acoustic"
    mood_aggressive:
        all:
            aggressive: 0.655491232872
            not_aggressive: 0.344508767128
        probability: 0.655491232872
        value: "aggressive"
    mood_electronic:
        all:
            electronic: 0.303956449032
            not_electronic: 0.696043550968
        probability: 0.696043550968
        value: "not_electronic"
    mood_happy:
        all:
            happy: 0.964521229267
            not_happy: 0.0354787781835
        probability: 0.964521229267
        value: "happy"
    mood_party:
        all:
            not_party: 0.218762651086
            party: 0.781237363815
        probability: 0.781237363815
        value: "party"
    mood_relaxed:
        all:
            not_relaxed: 0.259856760502
            relaxed: 0.740143239498
        probability: 0.740143239498
        value: "relaxed"
    mood_sad:
        all:
            not_sad: 0.917918682098
            sad: 0.0820812880993
        probability: 0.917918682098
        value: "not_sad"
    rhythm:
        all:
            fast: 0.905520498753
            medium: 0.0894745364785
            slow: 0.00500494567677
        probability: 0.905520498753
        value: "fast"
    speech_music:
        all:
            music: 0.999078929424
            speech: 0.000921061320696
        probability: 0.999078929424
        value: "music"
    timbre:
        all:
            bright: 0.883925437927
            dark: 0.116074539721
        probability: 0.883925437927
        value: "bright"
    voice_instrumental:
        all:
            instrumental: 0.000163126649568
            voice: 0.999836862087
        probability: 0.999836862087
        value: "voice"

lowlevel:
    average_loudness: 0.965754806995
    barkbands_kurtosis:
        dmean: 0.611798226833
        dmean2: 0.950255393982
        dvar: 1.60321211815
        dvar2: 3.15384531021
        max: 22.7816905975
        mean: -0.755571603775
        min: -1.81837546825
        var: 5.09744215012
    barkbands_skewness:
        dmean: 0.396941453218
        dmean2: 0.605946719646
        dvar: 0.143593713641
        dvar2: 0.267501950264
        max: 2.06576776505
        mean: 0.0713900625706
        min: -3.89979863167
        var: 0.549957990646
    barkbands_spread:
        dmean: 5.34114265442
        dmean2: 8.12378406525
        dvar: 25.2747936249
        dvar2: 56.5745048523
        max: 63.8520011902
        mean: 34.4718170166
        min: 4.78684663773
        var: 87.5739898682
    dissonance:
        dmean: 0.014819400385
        dmean2: 0.0248758960515
        dvar: 0.000263689347776
        dvar2: 0.000684027967509
        max: 0.498995661736
        mean: 0.468380987644
        min: 0.358549624681
        var: 0.000542901980225
    hfc:
        dmean: 2.52667880058
        dmean2: 3.56645679474
        dvar: 15.0256280899
        dvar2: 26.5376243591
        max: 41.6365966797
        mean: 7.24873447418
        min: 5.20078538102e-06
        var: 38.4423027039
    pitch:
        dmean: 732.901306152
        dmean2: 1394.7845459
        dvar: 1552178.75
        dvar2: 3620235.75
        max: 4900
        mean: 900.378051758
        min: 83.0508499146
        var: 1721622
    pitch_instantaneous_confidence:
        dmean: 0.0798020064831
        dmean2: 0.129387944937
        dvar: 0.00563506642357
        dvar2: 0.0120319928974
        max: 0.757387280464
        mean: 0.364186197519
        min: 0.123659551144
        var: 0.017541533336
    pitch_salience:
        dmean: 0.0572764910758
        dmean2: 0.088697321713
        dvar: 0.002637791913
        dvar2: 0.00626709545031
        max: 0.973628103733
        mean: 0.620675981045
        min: 0.206166163087
        var: 0.00992644391954
    silence_rate_20dB:
        dmean: 0
        dmean2: 0
        dvar: 0
        dvar2: 0
        max: 1
        mean: 1
        min: 1
        var: 0
    silence_rate_30dB:
        dmean: 0
        dmean2: 0
        dvar: 0
        dvar2: 0
        max: 1
        mean: 1
        min: 1
        var: 0
    silence_rate_60dB:
        dmean: 0.14385150373
        dmean2: 0.2883720994
        dvar: 0.123158536851
        dvar2: 0.233120918274
        max: 1
        mean: 0.449074059725
        min: 0
        var: 0.247406959534
    spectral_centroid:
        dmean: 302.767883301
        dmean2: 454.43347168
        dvar: 102930.34375
        dvar2: 176220.21875
        max: 3970.43603516
        mean: 1665.24975586
        min: 542.171630859
        var: 345502.875
    spectral_complexity:
        dmean: 3.64883732796
        dmean2: 5.34731912613
        dvar: 12.9952764511
        dvar2: 21.9050140381
        max: 40
        mean: 14.139210701
        min: 0
        var: 61.1407432556
    spectral_crest:
        dmean: 1.87999653816
        dmean2: 2.96031665802
        dvar: 3.1437394619
        dvar2: 7.67836618423
        max: 20.6712322235
        mean: 6.72261619568
        min: 2.64225196838
        var: 10.2839727402
    spectral_decrease:
        dmean: 2.8350904957e-10
        dmean2: 4.28481972126e-10
        dvar: 1.437004785e-19
        dvar2: 3.29287858106e-19
        max: -6.46378677105e-16
        mean: -9.36448918409e-10
        min: -3.54533491453e-09
        var: 3.87836632441e-19
    spectral_energy:
        dmean: 0.00126755307429
        dmean2: 0.00187606993131
        dvar: 2.8054246286e-06
        dvar2: 6.22315610599e-06
        max: 0.0170828476548
        mean: 0.00419185543433
        min: 2.91130386465e-09
        var: 8.02636350272e-06
    spectral_energyband_high:
        dmean: 0.000221317837713
        dmean2: 0.000327261339407
        dvar: 1.98328564238e-07
        dvar2: 3.76728337415e-07
        max: 0.00445510214195
        mean: 0.000417050032411
        min: 1.20863874464e-10
        var: 3.4130866311e-07
    spectral_energyband_low:
        dmean: 0.000145204350702
        dmean2: 0.000234348670347
        dvar: 3.68872221657e-08
        dvar2: 1.01788984352e-07
        max: 0.00151266832836
        mean: 0.000291752163321
        min: 1.13962006498e-10
        var: 5.03951511632e-08
    spectral_energyband_middle_high:
        dmean: 0.000684364582412
        dmean2: 0.000971478410065
        dvar: 9.87641556094e-07
        dvar2: 1.90126468169e-06
        max: 0.013565281406
        mean: 0.00193805398885
        min: 1.51970280804e-09
        var: 3.15539023177e-06
    spectral_energyband_middle_low:
        dmean: 0.000725264369976
        dmean2: 0.00116885383613
        dvar: 1.03374043192e-06
        dvar2: 2.67706968771e-06
        max: 0.00771783152595
        mean: 0.00154498056509
        min: 1.14866238743e-09
        var: 1.50874143401e-06
    spectral_flatness_db:
        dmean: 0.017224797979
        dmean2: 0.0267737042159
        dvar: 0.000270346994512
        dvar2: 0.000554421159904
        max: 0.244872644544
        mean: 0.146669104695
        min: 0.0771494284272
        var: 0.000926474458538
    spectral_flux:
        dmean: 0.00825534388423
        dmean2: 0.0112535925582
        dvar: 7.6283555245e-05
        dvar2: 0.000131916764076
        max: 0.0905619487166
        mean: 0.0370302163064
        min: 5.39565007784e-05
        var: 0.000342319981428
    spectral_kurtosis:
        dmean: 1.38133859634
        dmean2: 2.15465283394
        dvar: 2.67432141304
        dvar2: 7.04239416122
        max: 16.1704082489
        mean: 3.52850461006
        min: -0.737075805664
        var: 5.5504860878
    spectral_rms:
        dmean: 0.000282844906906
        dmean2: 0.000403813377488
        dvar: 1.10176763712e-07
        dvar2: 2.26436540629e-07
        max: 0.00408242456615
        mean: 0.00191473099403
        min: 1.68531789768e-06
        var: 4.23422818585e-07
    spectral_rolloff:
        dmean: 419.697235107
        dmean2: 660.652709961
        dvar: 214952.421875
        dvar2: 457895.71875
        max: 6007.76367188
        mean: 3342.04296875
        min: 602.9296875
        var: 664835.5625
    spectral_skewness:
        dmean: 0.186214089394
        dmean2: 0.285009205341
        dvar: 0.0354859232903
        dvar2: 0.083699606359
        max: 3.08274960518
        mean: 1.28270053864
        min: 0.4482832551
        var: 0.12785820663
    spectral_spread:
        dmean: 680152.1875
        dmean2: 911295.75
        dvar: 1.60067918234e+12
        dvar2: 2.0956741632e+12
        max: 22062736
        mean: 4698967
        min: 2114878.25
        var: 3.79857430118e+12
    spectral_strongpeak:
        dmean: 0.344116896391
        dmean2: 0.588801145554
        dvar: 0.265557378531
        dvar2: 0.645111680031
        max: 3.77840614319
        mean: 0.515635967255
        min: 5.18311981068e-06
        var: 0.376573383808
    zerocrossingrate:
        dmean: 0.0101812314242
        dmean2: 0.0115070473403
        dvar: 0.000112547138997
        dvar2: 0.000116589166282
        max: 0.1865234375
        mean: 0.0961540192366
        min: 0.02197265625
        var: 0.000657942786347
    barkbands:
        dmean: [5.03219325765e-07, 5.3789382946e-05, 0.000121143959404, 0.000197060566279, 0.000304231070913, 8.76192862052e-05, 8.39058848214e-05, 0.000176254688995, 0.000201740796911, 0.000110939901788, 6.79354343447e-05, 5.16289874213e-05, 4.99702728121e-05, 0.000119936579722, 9.93149296846e-05, 0.000107079344161, 0.000134454385261, 0.000204629439395, 0.000143118420965, 0.000144491699757, 0.000101004385215, 3.92923539039e-05, 1.01880214061e-05, 6.37001357973e-06, 4.5948022489e-06, 1.5892696581e-07, 2.05788741603e-09]
        dmean2: [8.62606384544e-07, 9.54356364673e-05, 0.000194767882931, 0.000341422390193, 0.000500199676026, 0.000143862882396, 0.000137229333632, 0.000278456078377, 0.000317746307701, 0.000177181980689, 0.000105565348349, 8.02228387329e-05, 7.1492868301e-05, 0.000183004463906, 0.000150598105392, 0.000161360425409, 0.000226543808822, 0.000311145267915, 0.000222497925279, 0.000219694338739, 0.000149216284626, 5.68613468204e-05, 1.52694392455e-05, 9.79276683211e-06, 6.61331068841e-06, 2.26699782502e-07, 2.34274710742e-09]
        dvar: [1.75013920457e-12, 1.02843475958e-08, 2.81337797503e-08, 5.21338030524e-08, 3.03237357002e-07, 2.56248391395e-08, 5.17202423111e-08, 2.64917588311e-07, 2.79477887943e-07, 1.87879237501e-07, 3.87621774678e-08, 7.23867854546e-09, 1.25336949708e-08, 9.15965685522e-08, 5.99666378776e-08, 3.76092330612e-08, 5.31943094018e-08, 1.04531018508e-07, 6.9216504528e-08, 4.75347334827e-08, 5.27781764958e-08, 7.81952369522e-09, 8.14777689762e-10, 5.40309408326e-10, 2.72727701534e-10, 1.480689757e-13, 1.12780753449e-15]
        dvar2: [4.76076426545e-12, 2.93664257356e-08, 7.71081332118e-08, 1.52505208462e-07, 7.62004219723e-07, 6.9185098539e-08, 1.57700981163e-07, 7.01440399098e-07, 7.44197961922e-07, 4.66418356382e-07, 8.91818672244e-08, 1.38931115501e-08, 1.8761245002e-08, 2.26858389851e-07, 1.44222511267e-07, 9.09709498842e-08, 1.41673524467e-07, 2.06741333386e-07, 1.26316180626e-07, 9.7873787297e-08, 9.498798903e-08, 1.45076235469e-08, 1.83076298566e-09, 1.03529729234e-09, 5.40651301506e-10, 3.05450895697e-13, 1.12813057168e-15]
        max: [8.46194325277e-06, 0.000716975773685, 0.00139855733141, 0.0015538635198, 0.00590638769791, 0.00187102658674, 0.00313600851223, 0.00550734484568, 0.00617184396833, 0.00511072343215, 0.00223409640603, 0.00132971734274, 0.00239698193036, 0.00350708165206, 0.00372341624461, 0.00178398611024, 0.0018881020369, 0.0036585717462, 0.00403381558135, 0.00246328744106, 0.00263713672757, 0.000861163134687, 0.000364505482139, 0.000290878087981, 0.000196155451704, 4.03988497055e-06, 6.98320093306e-07]
        mean: [3.84522792274e-07, 7.65073491493e-05, 0.00021488252969, 0.000275698112091, 0.000400159944547, 0.000141506854561, 0.000138232455356, 0.00024989049416, 0.000307347509079, 0.000143460332765, 9.99857365969e-05, 8.64311659825e-05, 8.98929720279e-05, 0.000174076951225, 0.00016843820049, 0.000192872699699, 0.000219244277105, 0.000364896754036, 0.000295003323117, 0.000297332735499, 0.000168565311469, 5.88340917602e-05, 1.36201488203e-05, 8.71034080774e-06, 5.68053064853e-06, 2.01656817467e-07, 2.03094807638e-09]
        min: [1.71706364405e-11, 4.95903804132e-11, 5.52480387828e-11, 6.75437900055e-11, 1.97832639159e-10, 2.27124125063e-10, 2.18894097292e-10, 1.9425012987e-10, 2.20920656768e-10, 1.0192236638e-10, 6.89172746648e-11, 8.53494011577e-11, 5.19875253957e-11, 1.0365280162e-10, 4.42990297223e-11, 7.61843643726e-11, 1.82266313153e-10, 4.52531415118e-11, 4.87711204755e-10, 3.79153569652e-10, 2.68850514767e-11, 2.12293008693e-12, 5.02860730486e-12, 1.14055607407e-12, 3.95396091086e-13, 2.19225164281e-13, 6.65893098599e-16]
        var: [1.30485195132e-12, 9.15467168738e-09, 3.60900500596e-08, 7.1063816165e-08, 3.73534675191e-07, 2.59317953777e-08, 4.66171137248e-08, 2.66840601171e-07, 3.59028518915e-07, 2.59035431327e-07, 6.36323491676e-08, 1.87377047212e-08, 3.14738244356e-08, 1.31224780375e-07, 7.47353183783e-08, 6.22277696039e-08, 7.4206425893e-08, 1.88982610894e-07, 1.14473415636e-07, 1.25677402707e-07, 8.4472510764e-08, 1.45852645517e-08, 1.08922992847e-09, 7.27429450009e-10, 3.71203789928e-10, 2.34437225492e-13, 1.12828653162e-15]
    mfcc:
        mean: [-712.745239258, 107.540466309, -49.9755592346, 56.8415756226, -12.5914154053, -5.23686218262, -0.177375674248, -6.56597232819, -0.0546831712127, -0.955516576767, -0.574708819389, -3.37938952446, -6.7042517662]
        cov: [[3953.55786133, -422.041992188, 34.9893760681, -274.554260254, 300.886688232, 238.551086426, -27.2899055481, -40.1286010742, 116.897476196, -46.8336486816, -110.312210083, -159.149765015, -113.834091187], [-422.041992188, 1893.23596191, -852.335388184, 139.632781982, 84.9547042847, 87.4620819092, 178.318252563, 17.3191890717, -44.4362297058, -94.3458404541, -123.112693787, -15.1178073883, 56.8214378357], [34.9893760681, -852.335388184, 673.55859375, -79.8711013794, -54.2064056396, -70.275428772, -116.820930481, -9.06382369995, -8.23028945923, 16.9644546509, 61.8438949585, 31.6352386475, -3.9409995079], [-274.554260254, 139.632781982, -79.8711013794, 204.12940979, 38.7630577087, 27.9076404572, -6.53774929047, -10.5862998962, -7.25041770935, -11.2990522385, -11.4381856918, 15.108716011, 22.2919540405], [300.886688232, 84.9547042847, -54.2064056396, 38.7630577087, 191.263275146, 79.6982269287, 28.6073665619, 1.89437651634, 15.7643051147, -44.1740112305, -44.1514396667, -15.3989810944, 7.48545312881], [238.551086426, 87.4620819092, -70.275428772, 27.9076404572, 79.6982269287, 145.592498779, 48.8227844238, -4.29926013947, -1.2016159296, -16.7851314545, -36.4179191589, -25.9993553162, 4.16533470154], [-27.2899055481, 178.318252563, -116.820930481, -6.53774929047, 28.6073665619, 48.8227844238, 141.172973633, 42.8328971863, -7.05230379105, -32.3246421814, -8.68121051788, -8.1080198288, -6.48168468475], [-40.1286010742, 17.3191890717, -9.06382369995, -10.5862998962, 1.89437651634, -4.29926013947, 42.8328971863, 90.2293243408, 17.4989433289, -5.13631439209, -0.344635426998, 1.0081268549, 3.17176580429], [116.897476196, -44.4362297058, -8.23028945923, -7.25041770935, 15.7643051147, -1.2016159296, -7.05230379105, 17.4989433289, 98.9419784546, 45.3924789429, 5.84176063538, -20.1184940338, -10.5269765854], [-46.8336486816, -94.3458404541, 16.9644546509, -11.2990522385, -44.1740112305, -16.7851314545, -32.3246421814, -5.13631439209, 45.3924789429, 120.617149353, 32.6048469543, -2.98616099358, -11.4909257889], [-110.312210083, -123.112693787, 61.8438949585, -11.4381856918, -44.1514396667, -36.4179191589, -8.68121051788, -0.344635426998, 5.84176063538, 32.6048469543, 74.0805130005, 21.2145938873, -9.43169021606], [-159.149765015, -15.1178073883, 31.6352386475, 15.108716011, -15.3989810944, -25.9993553162, -8.1080198288, 1.0081268549, -20.1184940338, -2.98616099358, 21.2145938873, 67.9613647461, 24.2298240662], [-113.834091187, 56.8214378357, -3.9409995079, 22.2919540405, 7.48545312881, 4.16533470154, -6.48168468475, 3.17176580429, -10.5269765854, -11.4909257889, -9.43169021606, 24.2298240662, 55.6931877136]]
        icov: [[0.000442490796559, 0.000131444248836, 0.000174456246896, 0.000717825547326, -0.000518854998518, -0.000651875743642, 0.000509761390276, 7.68716126913e-05, -0.000364363717381, 0.000323005282553, 0.000204300537007, 0.000130155312945, 0.000644534185994], [0.000131444248836, 0.00146532105282, 0.00170241494197, 4.31329362982e-06, -8.56289916555e-05, 0.000205118398299, -0.000390703353332, 0.000155037021614, 0.000255399179878, 0.000434343499364, 0.000902301282622, -2.8983449738e-05, -0.000862425775267], [0.000174456246896, 0.00170241494197, 0.0040536634624, 0.000899542530533, -0.00021853679209, -8.27213953016e-05, 0.00170891510788, -0.000560718181077, 0.000553437857889, 0.00113373366185, -0.000623644154985, -0.000497242668644, -0.000737906899303], [0.000717825547326, 4.31329362982e-06, 0.000899542530533, 0.00701975170523, -0.00172522349749, -0.00211056135595, 0.00225754547864, 0.000242658425122, -0.000456137873698, 0.00072942028055, -0.000355886819307, -0.00117582944222, -0.000129084961372], [-0.000518854998518, -8.56289916555e-05, -0.00021853679209, -0.00172522349749, 0.00894997082651, -0.00292966328561, -0.000600473314989, 0.000247598392889, -0.00276494352147, 0.00271977693774, 0.0020967265591, -0.00109346350655, -0.000496525259223], [-0.000651875743642, 0.000205118398299, -8.27213953016e-05, -0.00211056135595, -0.00292966328561, 0.0126709546894, -0.0052757835947, 0.0021497188136, 0.00192356319167, -0.00255911308341, 0.00261062360369, 0.00331726390868, -0.00315860821865], [0.000509761390276, -0.000390703353332, 0.00170891510788, 0.00225754547864, -0.000600473314989, -0.0052757835947, 0.0136934341863, -0.00604741973802, 0.000537040934432, 0.0033164403867, -0.00322531326674, -0.000580414081924, 0.00356330093928], [7.68716126913e-05, 0.000155037021614, -0.000560718181077, 0.000242658425122, 0.000247598392889, 0.0021497188136, -0.00604741973802, 0.0148603925481, -0.00372809590772, 0.000476200133562, 0.00138242193498, -0.000417038274463, -0.00207291124389], [-0.000364363717381, 0.000255399179878, 0.000553437857889, -0.000456137873698, -0.00276494352147, 0.00192356319167, 0.000537040934432, -0.00372809590772, 0.0155859487131, -0.00637502828613, -0.000995732727461, 0.0041421004571, -0.000621002109256], [0.000323005282553, 0.000434343499364, 0.00113373366185, 0.00072942028055, 0.00271977693774, -0.00255911308341, 0.0033164403867, 0.000476200133562, -0.00637502828613, 0.0138794155791, -0.00427790079266, -0.000182063260581, 0.00120345852338], [0.000204300537007, 0.000902301282622, -0.000623644154985, -0.000355886819307, 0.0020967265591, 0.00261062360369, -0.00322531326674, 0.00138242193498, -0.000995732727461, -0.00427790079266, 0.0224422160536, -0.00694541074336, 0.00441557960585], [0.000130155312945, -2.8983449738e-05, -0.000497242668644, -0.00117582944222, -0.00109346350655, 0.00331726390868, -0.000580414081924, -0.000417038274463, 0.0041421004571, -0.000182063260581, -0.00694541074336, 0.0234285332263, -0.0100375171751], [0.000644534185994, -0.000862425775267, -0.000737906899303, -0.000129084961372, -0.000496525259223, -0.00315860821865, 0.00356330093928, -0.00207291124389, -0.000621002109256, 0.00120345852338, 0.00441557960585, -0.0100375171751, 0.0262336097658]]
    spectral_contrast:
        mean: [-3.97975099986e-07, 3.50332868493e-07, -2.60225789361e-07, -5.85311397572e-07, 7.06465428379e-08, 4.61555682563e-09, 3.15489728564e-06, 5.81968151891e-06, -1.65454753187e-06, 3.81981408282e-06, 1.11699932859e-06, -1.09528720316e-07]
        var: [0.000551280914806, 0.000732156448066, 0.00165474368259, 0.00272982032038, 0.00375042343512, 0.00674323737621, 0.0452345684171, 0.0951323285699, 0.143567875028, 0.220036938787, 1.5255343914, 2.47241926193]

rhythm:
    beats_loudness:
        dmean: 0.0022103630472
        dmean2: 0.00378167396411
        dvar: 1.79772302999e-06
        dvar2: 4.28656721851e-06
        max: 0.00873491447419
        mean: 0.00512948213145
        min: 0.000840837019496
        var: 3.20825347444e-06
    beats_loudness_bass:
        dmean: 0.0764171853662
        dmean2: 0.118379868567
        dvar: 0.00273859361187
        dvar2: 0.00825554784387
        max: 0.260835915804
        mean: 0.134999081492
        min: 0.0293617136776
        var: 0.00444028899074
    bpm: 125.990943909
    bpm_confidence: 0
    first_peak_bpm: 126
    first_peak_spread: 0
    first_peak_weight: 0.949999988079
    onset_rate: 3.49828648567
    second_peak_bpm: 88
    second_peak_spread: 0
    second_peak_weight: 0.0500000007451
    beats_position: [0.120183564723, 0.596336066723, 1.07248866558, 1.54864120483, 2.0247938633, 2.50094628334, 2.9770989418, 3.45325136185, 3.92940402031, 4.40555667877, 4.88170909882, 5.35786151886, 5.83401441574, 6.51417446136, 6.99053192139, 7.46688985825, 7.94324731827, 8.4196062088, 8.89596366882, 9.37232112885, 9.84867858887]
    bpm_estimates: [126.6483078, 126.394607544, 126.634963989, 123.316864014, 127.131637573, 124.663841248, 127.320716858, 125.952171326, 126.480407715, 124.549964905, 127.482566833, 123.216514587, 127.374572754, 126.706130981]
    bpm_intervals: [0.476152509451, 0.476152598858, 0.476152539253, 0.476152658463, 0.476152420044, 0.476152658463, 0.476152420044, 0.476152658463, 0.476152658463, 0.476152420044, 0.476152420044, 0.476152896881, 0.680160045624, 0.476357460022, 0.476357936859, 0.476357460022, 0.476358890533, 0.476357460022, 0.476357460022, 0.476357460022]
    onset_times: [0.0580498874187, 0.31346938014, 0.557278931141, 1.02167797089, 1.49768710136, 1.98530614376, 2.20589566231, 2.4497051239, 2.75156474113, 2.82122445107, 3.13469386101, 3.3785033226, 3.87773251534, 4.09832191467, 4.35374164581, 4.80653047562, 5.07356023788, 5.51473903656, 5.70049905777, 5.74693870544, 5.95591831207, 6.19972801208, 6.45514726639, 6.72217702866, 6.91954660416, 7.69741487503, 7.92961454391, 8.18503379822, 8.4172334671, 8.62621307373, 8.83519268036, 9.13705253601, 9.38086128235, 9.58984088898, 9.84526062012]
    rubato_start: []
    rubato_stop: []
    perceptual_tempo: "unknown"

sfx:
    inharmonicity:
        dmean: 0.0558793209493
        dmean2: 0.0994508117437
        dvar: 0.0045282333158
        dvar2: 0.0120338378474
        max: 0.383814096451
        mean: 0.0597862824798
        min: 0.000172742657014
        var: 0.00437640538439
    oddtoevenharmonicenergyratio:
        dmean: 4.44822502136
        dmean2: 8.53458690643
        dvar: 273.658416748
        dvar2: 812.449829102
        max: 197.818878174
        mean: 2.68198370934
        min: 0.00151454017032
        var: 148.977111816
    pitch_after_max_to_before_max_energy_ratio: 0.264454424381
    pitch_centroid: 236.111923218
    pitch_max_to_total: 0.860788881779
    pitch_min_to_total: 0.742459416389
    tristimulus:
        dmean: [0.195780605078, 0.245986416936, 0.155699416995]
        dmean2: [0.341710627079, 0.433246791363, 0.272366285324]
        dvar: [0.0290529858321, 0.0425422415137, 0.0194035824388]
        dvar2: [0.0785468816757, 0.126271247864, 0.0581694915891]
        max: [0.91558611393, 0.967608749866, 0.766299307346]
        mean: [0.358881264925, 0.434091091156, 0.157075017691]
        min: [0.00575946550816, 0, 0]
        var: [0.0393058024347, 0.0533052533865, 0.022389607504]

tonal:
    chords_changes_rate: 0.050925925374
    chords_number_rate: 0.0462962947786
    chords_strength:
        dmean: 0.0108012938872
        dmean2: 0.00924934539944
        dvar: 7.43469645386e-05
        dvar2: 5.8505920606e-05
        max: 0.795601546764
        mean: 0.580121874809
        min: 0.371582120657
        var: 0.0123789291829
    key_strength: 0.597128391266
    tuning_diatonic_strength: 0.516101181507
    tuning_equal_tempered_deviation: 0.109929844737
    tuning_frequency: 441.527557373
    tuning_nontempered_energy_ratio: 0.759817779064
    hpcp:
        dmean: [0.158301308751, 0.133842080832, 0.0971340537071, 0.0988011062145, 0.110859051347, 0.146850287914, 0.173810645938, 0.166711777449, 0.18284972012, 0.179200440645, 0.175253346562, 0.148681014776, 0.176584169269, 0.173964500427, 0.146418109536, 0.160664364696, 0.135530486703, 0.112551428378, 0.129689380527, 0.128056496382, 0.177607908845, 0.200458809733, 0.16904745996, 0.150782883167, 0.108720138669, 0.114720843732, 0.133208721876, 0.150159627199, 0.170346617699, 0.186601147056, 0.178758010268, 0.131351962686, 0.127889364958, 0.125050142407, 0.137717470527, 0.12672688067]
        dmean2: [0.25794929266, 0.215599313378, 0.166830778122, 0.171535104513, 0.190848782659, 0.249745324254, 0.293229907751, 0.281198590994, 0.318743318319, 0.300653219223, 0.306756228209, 0.249017894268, 0.288036227226, 0.291569262743, 0.246859386563, 0.264133304358, 0.217692688107, 0.191365286708, 0.221254065633, 0.220627263188, 0.313649713993, 0.346300810575, 0.287932425737, 0.264023333788, 0.181160181761, 0.192994266748, 0.21540234983, 0.250690042973, 0.281943500042, 0.311989694834, 0.307100981474, 0.22564458847, 0.215001270175, 0.204783901572, 0.237748265266, 0.219711139798]
        dvar: [0.0364093109965, 0.0232008807361, 0.015770431608, 0.02530111745, 0.0245910342783, 0.0255056843162, 0.0289950873703, 0.0303206015378, 0.0486853793263, 0.0516727641225, 0.0496730878949, 0.0315810404718, 0.0380336306989, 0.0382396392524, 0.0293006300926, 0.0427041091025, 0.0215687099844, 0.0187560450286, 0.029958575964, 0.0313794650137, 0.0457578599453, 0.0625893622637, 0.0339516252279, 0.0384167060256, 0.0191247984767, 0.0320436283946, 0.0334556922317, 0.0371258072555, 0.0333924107254, 0.0402071475983, 0.0413678139448, 0.0277804192156, 0.0255124904215, 0.0304941106588, 0.0336970426142, 0.0199683774263]
        dvar2: [0.0927005857229, 0.0592944361269, 0.0439785793424, 0.0692180395126, 0.0611251108348, 0.0608110949397, 0.0699748173356, 0.0763249918818, 0.125543624163, 0.143154636025, 0.130314216018, 0.0832343623042, 0.0811896845698, 0.09462390095, 0.073046579957, 0.0981190428138, 0.0544260293245, 0.0492797195911, 0.0769525393844, 0.0782879367471, 0.118355073035, 0.148719757795, 0.0866547077894, 0.109264843166, 0.0482809208333, 0.0801420658827, 0.0871888399124, 0.106288723648, 0.088841997087, 0.111470252275, 0.108979813755, 0.0754816755652, 0.0689183995128, 0.0808734297752, 0.10209017247, 0.0542021468282]
        max: [1, 0.891019165516, 0.827708125114, 1, 1, 1, 1, 1, 1, 1, 1, 1, 1, 1, 1, 1, 1, 1, 1, 1, 1, 1, 1, 1, 0.861331164837, 1, 1, 1, 1, 1, 1, 1, 1, 1, 0.997765362263, 1]
        mean: [0.296959728003, 0.217358723283, 0.127883568406, 0.111067667603, 0.123965032399, 0.233965650201, 0.363681018353, 0.328752666712, 0.25213304162, 0.241713821888, 0.211693108082, 0.225909337401, 0.298300027847, 0.274857729673, 0.261554926634, 0.317373245955, 0.243116661906, 0.16958732903, 0.179035276175, 0.169949829578, 0.272016048431, 0.383331269026, 0.29519161582, 0.18858808279, 0.151247635484, 0.140793025494, 0.169244602323, 0.225325107574, 0.259112417698, 0.295184373856, 0.288360118866, 0.19341352582, 0.171678036451, 0.207626089454, 0.188464060426, 0.228839114308]
        min: [0.0102516869083, 0.0101174013689, 0.00842705182731, 0.00504712527618, 0.00306810997427, 0.0147809684277, 0.0185783002526, 0.0175983309746, 0.00840216875076, 0.00730520160869, 0.00731385033578, 0.0107242045924, 0.0161094944924, 0.017602706328, 0.00880955997854, 0.00590094923973, 0.00270324456505, 0.00654833903536, 0.00518374238163, 0.0015564680798, 0.00305449985899, 0.00327150709927, 0.00141151132993, 0.000498743262142, 0.000895767356269, 0.00116319861263, 0.00120288913604, 0.00284919259138, 0.0131669277325, 0.00871510151774, 0.0124527718872, 0.0102466996759, 0.000955283583608, 0.00081597478129, 0.00339736952446, 0.00672312499955]
        var: [0.0797064229846, 0.0390108153224, 0.016881050542, 0.0209758393466, 0.0238388348371, 0.0406233072281, 0.0766183212399, 0.0659108832479, 0.0670755058527, 0.0748887732625, 0.0607483051717, 0.05254387483, 0.0849280282855, 0.0650881826878, 0.0532143451273, 0.0983854010701, 0.0424701012671, 0.0232907570899, 0.0406941734254, 0.0377594977617, 0.0714990794659, 0.130214333534, 0.0608838759363, 0.0419821441174, 0.0260652061552, 0.0378418602049, 0.0440374389291, 0.0548049733043, 0.0539894029498, 0.0650293976068, 0.0705076009035, 0.032867718488, 0.0298737734556, 0.0455305539072, 0.0355938822031, 0.035492349416]
    chords_histogram: [26.3888893127, 1.38888883591, 0, 11.1111106873, 15.2777776718, 0, 13.8888893127, 1.85185182095, 2.77777767181, 0, 0, 0, 0, 0, 0, 0, 0, 0, 0, 0, 0, 18.9814815521, 2.31481480598, 6.01851844788]
    thpcp: [1, 0.770069241524, 0.491971552372, 0.394561171532, 0.367288142443, 0.441510021687, 0.587807774544, 0.67594909668, 0.770050346851, 0.752247810364, 0.504559755325, 0.447858154774, 0.541636168957, 0.49164801836, 0.596974790096, 0.77468174696, 0.567025780678, 0.333611100912, 0.289743304253, 0.323388785124, 0.610348463058, 0.948738217354, 0.857620298862, 0.657741904259, 0.630561172962, 0.552245855331, 0.589331865311, 0.778178155422, 0.717024028301, 0.682320892811, 0.827934682369, 0.634220778942, 0.442404121161, 0.467051059008, 0.443349778652, 0.709610879421]
    chords_key: "G"
    chords_scale: "major"
    key_key: "G"
    key_scale: "major"
    chords_progression: ["G", "G", "G", "G", "G", "G", "G", "G", "G", "G", "G", "G", "G", "G", "G", "G", "G", "G", "G", "G", "G", "G", "G", "G", "G", "G", "G", "G", "G", "G", "G", "G", "G", "G", "G", "G", "G", "G", "G", "G", "G", "G", "G", "G", "G", "G", "G", "G", "G", "G", "G", "G", "G", "G", "G", "G", "G", "Bm", "Bm", "Bm", "Em", "Em", "Em", "Em", "Em", "Em", "Em", "Em", "Em", "Em", "Em", "Em", "Em", "A", "A", "A", "A", "A", "A", "A", "A", "A", "A", "A", "A", "A", "A", "A", "A", "A", "A", "A", "A", "A", "A", "A", "A", "A", "A", "A", "A", "A", "A", "A", "A", "A", "Am", "Am", "Am", "Am", "Am", "Am", "Am", "Am", "Am", "Am", "Am", "Am", "Am", "Am", "Am", "Am", "Am", "Am", "Am", "Am", "Am", "Am", "Am", "Am", "Am", "Am", "Am", "Am", "C", "C", "C", "C", "Am", "Am", "Am", "Am", "Am", "Am", "Am", "Am", "Am", "Am", "Am", "Am", "Am", "C", "E", "E", "E", "E", "E", "E", "E", "E", "E", "E", "E", "E", "E", "E", "E", "E", "E", "E", "E", "E", "E", "E", "E", "E", "E", "E", "E", "E", "E", "E", "G#m", "G#m", "G#m", "G#m", "B", "B", "B", "B", "B", "B", "F#m", "F#m", "F#m", "F#m", "F#m", "F#m", "F#m", "F#m", "F#m", "F#m", "F#m", "F#m", "F#m", "F#m", "F#m", "F#m", "F#m", "F#m", "F#m", "F#m", "F#m", "F#m", "F#m", "F#m"]
