
metadata:
    version:
        essentia: "1.2.2"
    audio_properties:
        analysis_sample_rate: 44100
        bitrate: 128
        channels: 2
        equal_loudness: 1
        length: 9.97877597809
        replay_gain: -9.28167533875
        downmix: "mix"
    tags:
        track: 7
        year: 0
        album: "Splitted by Mp3Splt v. 2.1"
        artist: "From 001.00 To 001.10"
        comment: "http://mp3splt.sf.net"
        genre: ""
        title: "02 East Easy Rider.mp3"

highlevel:
    ballroom:
        all:
            ChaChaCha: 0.0889577269554
            Jive: 0.521069526672
            Quickstep: 0.192629814148
            Rumba-American: 0.0023003986571
            Rumba-International: 0.00562100159004
            Rumba-Misc: 0.00408730329946
            Samba: 0.0992602407932
            Tango: 0.0194486901164
            VienneseWaltz: 0.0521790198982
            Waltz: 0.0144462520257
        probability: 0.521069526672
        value: "Jive"
    culture:
        all:
            non_western: 0.0193666312844
            western: 0.980633378029
        probability: 0.980633378029
        value: "western"
    gender:
        all:
            female: 0.108240164816
            male: 0.891759812832
        probability: 0.891759812832
        value: "male"
    genre_dortmund:
        all:
            alternative: 0.0348360762
            blues: 0.0703229084611
            electronic: 0.0184503644705
            folkcountry: 0.133590325713
            funksoulrnb: 0.0784353241324
            jazz: 0.0936240032315
            pop: 0.0315483137965
            raphiphop: 0.0994698852301
            rock: 0.439722806215
        probability: 0.439722806215
        value: "rock"
    genre_electronica:
        all:
            ambient: 0.108077608049
            dnb: 0.716022491455
            house: 0.0935571342707
            techno: 0.0197920203209
            trance: 0.062550753355
        probability: 0.716022491455
        value: "dnb"
    genre_rosamerica:
        all:
            cla: 0.0551079809666
            dan: 0.0460446290672
            hip: 0.124231241643
            jaz: 0.030462121591
            pop: 0.0801783129573
            rhy: 0.0514799766243
            roc: 0.601203560829
            spe: 0.0112921604887
        probability: 0.601203560829
        value: "roc"
    genre_tzanetakis:
        all:
            blu: 0.0427240282297
            cla: 0.00571643933654
            cou: 0.194665029645
            dis: 0.170405462384
            hip: 0.103161387146
            jaz: 0.0126933418214
            met: 0.101672813296
            pop: 0.0740453153849
            reg: 0.0554996840656
            roc: 0.239416494966
        probability: 0.239416494966
        value: "roc"
    live_studio:
        all:
            live: 0.5
            studio: 0.5
        probability: 0.5
        value: "live"
    mood:
        all:
            Cluster1: 0.342276275158
            Cluster2: 0.164146825671
            Cluster3: 0.0382950417697
            Cluster4: 0.122388496995
            Cluster5: 0.332893371582
        probability: 0.342276275158
        value: "Cluster1"
    mood_acoustic:
        all:
            acoustic: 0.00763838551939
            not_acoustic: 0.992361605167
        probability: 0.992361605167
        value: "not_acoustic"
    mood_aggressive:
        all:
            aggressive: 0.857490181923
            not_aggressive: 0.142509803176
        probability: 0.857490181923
        value: "aggressive"
    mood_electronic:
        all:
            electronic: 0.714464604855
            not_electronic: 0.285535395145
        probability: 0.714464604855
        value: "electronic"
    mood_happy:
        all:
            happy: 0.866018652916
            not_happy: 0.133981376886
        probability: 0.866018652916
        value: "happy"
    mood_party:
        all:
            not_party: 0.220558062196
            party: 0.779441952705
        probability: 0.779441952705
        value: "party"
    mood_relaxed:
        all:
            not_relaxed: 0.879983365536
            relaxed: 0.120016649365
        probability: 0.879983365536
        value: "not_relaxed"
    mood_sad:
        all:
            not_sad: 0.863280415535
            sad: 0.136719614267
        probability: 0.863280415535
        value: "not_sad"
    rhythm:
        all:
            fast: 0.759012162685
            medium: 0.220288202167
            slow: 0.0206996314228
        probability: 0.759012162685
        value: "fast"
    speech_music:
        all:
            music: 0.994780659676
            speech: 0.00521933985874
        probability: 0.994780659676
        value: "music"
    timbre:
        all:
            bright: 0.00603161426261
            dark: 0.993968367577
        probability: 0.993968367577
        value: "dark"
    voice_instrumental:
        all:
            instrumental: 0.00604845955968
            voice: 0.993951559067
        probability: 0.993951559067
        value: "voice"

lowlevel:
    average_loudness: 0.974200904369
    barkbands_kurtosis:
        dmean: 0.793674707413
        dmean2: 1.24968671799
        dvar: 1.14545488358
        dvar2: 2.49362707138
        max: 8.57731056213
        mean: -0.643853008747
        min: -1.89566230774
        var: 2.4056994915
    barkbands_skewness:
        dmean: 0.503918945789
        dmean2: 0.780418455601
        dvar: 0.191194221377
        dvar2: 0.502409279346
        max: 2.96034884453
        mean: 0.227141007781
        min: -1.97091567516
        var: 0.689374566078
    barkbands_spread:
        dmean: 5.3816857338
        dmean2: 8.17743492126
        dvar: 22.0609340668
        dvar2: 53.693447113
        max: 64.9881820679
        mean: 30.9745025635
        min: 8.06126499176
        var: 85.6973114014
    dissonance:
        dmean: 0.0144850499928
        dmean2: 0.0243473425508
        dvar: 0.000167209727806
        dvar2: 0.000429542153142
        max: 0.499133318663
        mean: 0.469340085983
        min: 0.385151088238
        var: 0.000365537183825
    hfc:
        dmean: 2.16246581078
        dmean2: 2.94798946381
        dvar: 5.93906736374
        dvar2: 10.5554447174
        max: 25.0006504059
        mean: 5.97663497925
        min: 0.0103993685916
        var: 25.2613182068
    pitch:
        dmean: 805.204589844
        dmean2: 1576.34008789
        dvar: 1667273.25
        dvar2: 4205524.5
        max: 4410
        mean: 954.404602051
        min: 69.5583572388
        var: 1821866.125
    pitch_instantaneous_confidence:
        dmean: 0.0890881791711
        dmean2: 0.134884089231
        dvar: 0.00546006811783
        dvar2: 0.0126099996269
        max: 0.796029150486
        mean: 0.39311876893
        min: 0.150850772858
        var: 0.0200887192041
    pitch_salience:
        dmean: 0.0666533485055
        dmean2: 0.109142675996
        dvar: 0.00308947637677
        dvar2: 0.00935885310173
        max: 0.831486821175
        mean: 0.661489665508
        min: 0.386758446693
        var: 0.0058004418388
    silence_rate_20dB:
        dmean: 0
        dmean2: 0
        dvar: 0
        dvar2: 0
        max: 1
        mean: 1
        min: 1
        var: 0
    silence_rate_30dB:
        dmean: 0
        dmean2: 0
        dvar: 0
        dvar2: 0
        max: 1
        mean: 1
        min: 1
        var: 0
    silence_rate_60dB:
        dmean: 0.153488367796
        dmean2: 0.307692319155
        dvar: 0.1299302876
        dvar2: 0.254974812269
        max: 1
        mean: 0.505800485611
        min: 0
        var: 0.249966338277
    spectral_centroid:
        dmean: 322.173736572
        dmean2: 507.762664795
        dvar: 82782.4609375
        dvar2: 230787.203125
        max: 3021.12695312
        mean: 1511.04223633
        min: 396.566925049
        var: 251874.28125
    spectral_complexity:
        dmean: 3.91608381271
        dmean2: 5.63317775726
        dvar: 16.3426074982
        dvar2: 29.9379463196
        max: 39
        mean: 12.1395349503
        min: 0
        var: 64.9108276367
    spectral_crest:
        dmean: 2.23269248009
        dmean2: 3.77979493141
        dvar: 4.46457958221
        dvar2: 12.5728645325
        max: 16.6304607391
        mean: 7.08964443207
        min: 2.91197991371
        var: 7.72620010376
    spectral_decrease:
        dmean: 2.93043200816e-10
        dmean2: 3.86843446165e-10
        dvar: 1.1415378089e-19
        dvar2: 2.02971704627e-19
        max: -1.26885568025e-12
        mean: -8.81787420859e-10
        min: -3.67066754769e-09
        var: 4.15785074936e-19
    spectral_energy:
        dmean: 0.00127166567836
        dmean2: 0.00164457294159
        dvar: 2.06259755942e-06
        dvar2: 3.54194958163e-06
        max: 0.0158138480037
        mean: 0.00387016474269
        min: 5.7321967688e-06
        var: 8.1142579802e-06
    spectral_energyband_high:
        dmean: 8.66230620886e-05
        dmean2: 0.000124430138385
        dvar: 1.1901621022e-08
        dvar2: 2.49205545089e-08
        max: 0.000924226478674
        mean: 0.000162967931828
        min: 1.09742238408e-07
        var: 2.55137599936e-08
    spectral_energyband_low:
        dmean: 0.000200569280423
        dmean2: 0.000345393491443
        dvar: 1.76531727902e-07
        dvar2: 4.74827714925e-07
        max: 0.00295682158321
        mean: 0.000226253658184
        min: 2.02700832119e-07
        var: 1.55651306954e-07
    spectral_energyband_middle_high:
        dmean: 0.000679635384586
        dmean2: 0.000932363851462
        dvar: 6.31102807347e-07
        dvar2: 1.12794339202e-06
        max: 0.0085725300014
        mean: 0.00185549352318
        min: 4.31296621173e-06
        var: 2.9727123092e-06
    spectral_energyband_middle_low:
        dmean: 0.000646505854093
        dmean2: 0.00101949786767
        dvar: 7.75941373377e-07
        dvar2: 1.56614976277e-06
        max: 0.00741494866088
        mean: 0.00162544846535
        min: 1.10591622615e-06
        var: 1.90450452919e-06
    spectral_flatness_db:
        dmean: 0.0178486779332
        dmean2: 0.0264068190008
        dvar: 0.000210657512071
        dvar2: 0.000510261103045
        max: 0.247218802571
        mean: 0.163684651256
        min: 0.0906365960836
        var: 0.000784377160016
    spectral_flux:
        dmean: 0.00900062732399
        dmean2: 0.0132386526093
        dvar: 8.44092428451e-05
        dvar2: 0.000154563909746
        max: 0.0845859348774
        mean: 0.0365818031132
        min: 0.00239420076832
        var: 0.000266892951913
    spectral_kurtosis:
        dmean: 1.7856938839
        dmean2: 3.06977677345
        dvar: 3.5606842041
        dvar2: 8.55591011047
        max: 19.1528110504
        mean: 3.65630149841
        min: -0.260400295258
        var: 6.42798948288
    spectral_rms:
        dmean: 0.000318795151543
        dmean2: 0.000400798366172
        dvar: 9.91402373529e-08
        dvar2: 1.50688094891e-07
        max: 0.0039278678596
        mean: 0.00180847931188
        min: 7.47822632547e-05
        var: 5.05173943566e-07
    spectral_rolloff:
        dmean: 453.903442383
        dmean2: 747.37322998
        dvar: 261821.21875
        dvar2: 610228.0625
        max: 4888.03710938
        mean: 2927.56445312
        min: 258.3984375
        var: 649020.75
    spectral_skewness:
        dmean: 0.235060855746
        dmean2: 0.388695448637
        dvar: 0.0498899444938
        dvar2: 0.108543947339
        max: 3.36846184731
        mean: 1.16726493835
        min: 0.284926086664
        var: 0.121811948717
    spectral_spread:
        dmean: 386114.5
        dmean2: 551880.3125
        dvar: 145241341952
        dvar2: 265193832448
        max: 7637145
        mean: 3544445
        min: 1822594.375
        var: 721078190080
    spectral_strongpeak:
        dmean: 0.372452020645
        dmean2: 0.626228272915
        dvar: 0.372286498547
        dvar2: 0.862321734428
        max: 6.61402320862
        mean: 0.606190264225
        min: 0.00473284628242
        var: 0.628823637962
    zerocrossingrate:
        dmean: 0.00883686635643
        dmean2: 0.00976106151938
        dvar: 5.23697672179e-05
        dvar2: 5.89974733884e-05
        max: 0.15234375
        mean: 0.0869890078902
        min: 0.033203125
        var: 0.000442477088654
    barkbands:
        dmean: [2.96227881336e-07, 4.34613684774e-05, 0.000182300529559, 0.000120672310004, 0.000299772160361, 0.000220555375563, 0.000135927868541, 0.000129126594402, 0.000121104996651, 5.14914063388e-05, 3.10017276206e-05, 3.54012263415e-05, 5.17651133123e-05, 6.30450740573e-05, 8.07271935628e-05, 0.000132332977955, 0.000200046546524, 0.000183939322596, 0.000176858724444, 0.000100453726191, 3.77947908419e-05, 1.30884391183e-05, 2.5636677492e-06, 7.97299151145e-07, 1.10139431797e-07, 4.11875866746e-09, 3.66476682334e-10]
        dmean2: [3.98637183707e-07, 7.30224783183e-05, 0.000328123191139, 0.000202942377655, 0.000493591069244, 0.000332127587171, 0.000213748542592, 0.000194183929125, 0.000168726910488, 7.63186981203e-05, 4.81935712742e-05, 5.3558673244e-05, 7.93719518697e-05, 9.1061439889e-05, 0.000119098833238, 0.000200949099963, 0.000295791134704, 0.000286624563159, 0.000263931957306, 0.000158117138199, 5.400910959e-05, 1.82138010132e-05, 3.38255608767e-06, 1.04461423689e-06, 1.81514451469e-07, 5.70240166198e-09, 5.61050095271e-10]
        dvar: [1.65944135603e-13, 7.65228858057e-09, 1.69765854707e-07, 4.70956535992e-08, 3.06478540324e-07, 1.1250210008e-07, 5.49856977727e-08, 6.42810178419e-08, 7.81905882263e-08, 1.53099666278e-08, 2.48696352401e-09, 2.89383095264e-09, 9.6681569417e-09, 8.7557125994e-09, 1.90129032518e-08, 3.84552798494e-08, 8.8316888025e-08, 5.82424775075e-08, 6.63189467787e-08, 1.56011044083e-08, 2.6241704365e-09, 2.8524901885e-10, 1.1597636046e-11, 9.80746950666e-13, 3.70569053958e-14, 3.24124965852e-17, 2.74757294543e-19]
        dvar2: [3.8332336437e-13, 2.10297415038e-08, 4.78860613384e-07, 1.25664001871e-07, 7.30106989977e-07, 2.39862373519e-07, 1.35374463639e-07, 1.32569581979e-07, 1.6788628443e-07, 2.77710832108e-08, 5.23722398782e-09, 6.76988420878e-09, 2.03719672243e-08, 1.83610087134e-08, 3.79851137211e-08, 9.6795631066e-08, 1.82094595402e-07, 1.32134474029e-07, 1.36318803357e-07, 3.75162692023e-08, 5.5688054168e-09, 5.63809943177e-10, 2.13022256085e-11, 1.96600786866e-12, 8.65860456793e-14, 6.60223205634e-17, 4.47701115088e-19]
        max: [3.4472450352e-06, 0.000524075992871, 0.0027551362291, 0.0023072194308, 0.00415963912383, 0.00453948043287, 0.00255965371616, 0.00391849223524, 0.00461807008833, 0.00214734580368, 0.000881612708326, 0.000621963583399, 0.00132676726207, 0.000935717951506, 0.00150115741417, 0.0021295864135, 0.0038786015939, 0.00267781596631, 0.00345474109054, 0.00101364182774, 0.000458179449197, 0.000166409983649, 3.84081977245e-05, 1.12232937681e-05, 2.00045747079e-06, 3.88341696578e-08, 7.38003569367e-09]
        mean: [5.50630772977e-07, 4.56537964055e-05, 0.000180054921657, 0.000152916720253, 0.000447629281553, 0.000390000117477, 0.000202853159863, 0.000200259062694, 0.000213562932913, 8.68109054863e-05, 5.96960926487e-05, 6.40501020825e-05, 8.41041182866e-05, 9.71649569692e-05, 0.000122086217743, 0.000226885647862, 0.00035302026663, 0.000335739867296, 0.000346236221958, 0.000167774167494, 6.53959577903e-05, 2.23379229283e-05, 4.00227190767e-06, 1.26058637306e-06, 1.17625738483e-07, 4.8701256361e-09, 4.76257699944e-10]
        min: [1.52675788678e-11, 1.17954229495e-07, 8.04590456482e-08, 1.45398670881e-08, 2.5764933298e-08, 4.51406094726e-07, 3.48673268036e-07, 8.16375447243e-08, 1.6474771769e-07, 4.79468731385e-08, 4.36563105666e-08, 4.25037960383e-08, 2.62078998503e-07, 4.40777000676e-07, 7.31791374164e-07, 1.07448875042e-06, 8.06571506473e-07, 7.94671905169e-07, 5.36963611353e-08, 9.18439440056e-08, 4.32595115285e-08, 5.6059370479e-09, 1.63139390885e-09, 6.7229161127e-10, 6.94934723915e-13, 1.67731089434e-11, 1.87158144885e-12]
        var: [5.01741714582e-13, 6.62332544366e-09, 1.26335436335e-07, 5.62735742449e-08, 4.35345384631e-07, 2.89196464109e-07, 9.29449868181e-08, 1.43436423627e-07, 1.39807340815e-07, 3.28001519279e-08, 9.04636543453e-09, 8.84885498209e-09, 2.77809792948e-08, 1.82191239873e-08, 4.07102938027e-08, 7.68212373714e-08, 2.31197518019e-07, 1.64491353871e-07, 2.27766719263e-07, 2.87944903477e-08, 5.0524424644e-09, 6.23423923596e-10, 2.2995058982e-11, 2.28616257869e-12, 4.69663607864e-14, 4.71502213578e-17, 3.93939390054e-19]
    mfcc:
        mean: [-734.551330566, 125.596847534, -65.0460281372, 66.9505310059, -22.4483718872, -2.21888184547, -22.5677261353, 2.11646008492, -12.1392631531, 1.59728062153, -11.6330490112, 1.63878083229, -10.939447403]
        cov: [[2679.45361328, -206.078384399, -196.564926147, -222.911819458, 99.0016174316, -127.94644165, -31.6084480286, -64.9163818359, -69.2770690918, -79.9055786133, 64.4427871704, -58.2663841248, -35.9823608398], [-206.078384399, 693.224853516, -274.006622314, 61.472568512, -75.7038726807, 60.0396003723, -94.3276977539, 163.27986145, -87.2305679321, 81.6069259644, -29.4253959656, 53.1529159546, -99.3351516724], [-196.564926147, -274.006622314, 648.034729004, 84.2824249268, 130.309936523, 34.6892623901, 94.4401473999, -103.32056427, 79.9234237671, -33.8166122437, 6.05756664276, -80.3212432861, 48.3347549438], [-222.911819458, 61.472568512, 84.2824249268, 319.847839355, 30.4713420868, 135.272155762, -48.0917053223, 77.6293182373, -17.3151454926, 68.5847091675, -70.7889556885, 11.9573554993, -44.3221282959], [99.0016174316, -75.7038726807, 130.309936523, 30.4713420868, 245.68170166, -2.30933094025, 63.585067749, -48.4169311523, 67.9990844727, -26.3528251648, 57.3231811523, -40.6349601746, 39.5743103027], [-127.94644165, 60.0396003723, 34.6892623901, 135.272155762, -2.30933094025, 301.559356689, -20.1013813019, 119.502372742, -25.3663444519, 79.2584762573, -77.9848327637, 67.6067886353, -69.865737915], [-31.6084480286, -94.3276977539, 94.4401473999, -48.0917053223, 63.585067749, -20.1013813019, 160.966491699, -20.7463626862, 65.3563232422, -47.7771034241, 45.0366821289, -38.3435707092, 41.6725578308], [-64.9163818359, 163.27986145, -103.32056427, 77.6293182373, -48.4169311523, 119.502372742, -20.7463626862, 184.077819824, -13.4982175827, 79.6612319946, -40.976234436, 67.3515319824, -48.54063797], [-69.2770690918, -87.2305679321, 79.9234237671, -17.3151454926, 67.9990844727, -25.3663444519, 65.3563232422, -13.4982175827, 117.272651672, -4.0486998558, 43.8213577271, -26.4501838684, 34.4472160339], [-79.9055786133, 81.6069259644, -33.8166122437, 68.5847091675, -26.3528251648, 79.2584762573, -47.7771034241, 79.6612319946, -4.0486998558, 110.593650818, -15.3846311569, 55.5375404358, -27.6451816559], [64.4427871704, -29.4253959656, 6.05756664276, -70.7889556885, 57.3231811523, -77.9848327637, 45.0366821289, -40.976234436, 43.8213577271, -15.3846311569, 104.63634491, -10.4233789444, 34.7513847351], [-58.2663841248, 53.1529159546, -80.3212432861, 11.9573554993, -40.6349601746, 67.6067886353, -38.3435707092, 67.3515319824, -26.4501838684, 55.5375404358, -10.4233789444, 108.75125885, -1.56420755386], [-35.9823608398, -99.3351516724, 48.3347549438, -44.3221282959, 39.5743103027, -69.865737915, 41.6725578308, -48.54063797, 34.4472160339, -27.6451816559, 34.7513847351, -1.56420755386, 93.9923171997]]
        icov: [[0.000509246543515, 0.000377178948838, 0.00017607297923, 0.000411750428611, -0.000546537106857, 0.000159888601047, 0.000261072360445, -0.000458987720776, 0.000696217874065, 1.67844555108e-05, -0.000241901376285, 0.000391291076085, 0.000539090833627], [0.000377178948838, 0.00268115545623, 0.000639016448986, 0.000222476825002, -0.000731301202904, 0.000583637156524, 0.000582747510634, -0.00227559986524, 0.00186427950393, -0.000493544852361, -0.000962743361015, 0.000954151386395, 0.00160585273989], [0.00017607297923, 0.000639016448986, 0.0026048629079, -0.000638404046185, -0.00050744751934, -0.000781699491199, -0.000792955979705, 0.00126131705474, -0.000286037509795, -0.000713750021532, 0.000320637132972, 0.00133070233278, -0.00046376825776], [0.000411750428611, 0.000222476825002, -0.000638404046185, 0.00565348658711, -0.00200765440241, -0.000604701403063, 0.00135511474218, -0.00181999767665, 0.00113171082921, -0.00220879074186, 0.00229213945568, 0.00187758950051, 0.000361423997674], [-0.000546537106857, -0.000731301202904, -0.00050744751934, -0.00200765440241, 0.00732709513977, -0.00213149492629, -0.000275701255305, 0.00154575391207, -0.00273259798996, 0.00144560704939, -0.00374949444085, 0.00111946929246, -0.00258512888104], [0.000159888601047, 0.000583637156524, -0.000781699491199, -0.000604701403063, -0.00213149492629, 0.00814045220613, -0.00229695648886, -0.00179527350701, 0.000739434326533, -0.00195511546917, 0.00441440753639, -0.00458819558844, 0.00527993496507], [0.000261072360445, 0.000582747510634, -0.000792955979705, 0.00135511474218, -0.000275701255305, -0.00229695648886, 0.0123761659488, -0.00425293203443, -0.00290186214261, 0.0053866491653, -0.00413964828476, 0.00354229612276, -0.00327482935973], [-0.000458987720776, -0.00227559986524, 0.00126131705474, -0.00181999767665, 0.00154575391207, -0.00179527350701, -0.00425293203443, 0.0146985892206, -0.00346982688643, -0.00449640536681, 0.00334936240688, -0.00510843517259, 0.00202943547629], [0.000696217874065, 0.00186427950393, -0.000286037509795, 0.00113171082921, -0.00273259798996, 0.000739434326533, -0.00290186214261, -0.00346982688643, 0.01639155671, -0.00420789094642, -0.00364861497656, 0.00453254859895, -0.0017082192935], [1.67844555108e-05, -0.000493544852361, -0.000713750021532, -0.00220879074186, 0.00144560704939, -0.00195511546917, 0.0053866491653, -0.00449640536681, -0.00420789094642, 0.019996041432, -0.00403439905494, -0.00520388828591, 0.000866509391926], [-0.000241901376285, -0.000962743361015, 0.000320637132972, 0.00229213945568, -0.00374949444085, 0.00441440753639, -0.00413964828476, 0.00334936240688, -0.00364861497656, -0.00403439905494, 0.0195532590151, -0.00429087877274, 0.00108076748438], [0.000391291076085, 0.000954151386395, 0.00133070233278, 0.00187758950051, 0.00111946929246, -0.00458819558844, 0.00354229612276, -0.00510843517259, 0.00453254859895, -0.00520388828591, -0.00429087877274, 0.0206319764256, -0.0079931281507], [0.000539090833627, 0.00160585273989, -0.00046376825776, 0.000361423997674, -0.00258512888104, 0.00527993496507, -0.00327482935973, 0.00202943547629, -0.0017082192935, 0.000866509391926, 0.00108076748438, -0.0079931281507, 0.0208129733801]]
    spectral_contrast:
        mean: [-7.81487941026e-08, -3.16900923281e-07, 2.38964389609e-07, 2.10301294601e-07, -4.46168485269e-07, 4.27455404406e-08, 2.19040134652e-06, -2.82886412606e-06, -2.98132385979e-06, 1.80650587822e-07, -5.63125297504e-07, 9.32050284064e-07]
        var: [0.000636390119325, 0.000832311168779, 0.00172834587283, 0.00239323661663, 0.0046037347056, 0.00517876725644, 0.0621507614851, 0.0795365199447, 0.145244568586, 0.501494944096, 0.587886989117, 1.49593007565]

rhythm:
    beats_loudness:
        dmean: 0.00258103339002
        dmean2: 0.00406929757446
        dvar: 4.4360076572e-06
        dvar2: 1.41571099448e-05
        max: 0.0123923560604
        mean: 0.00656899949536
        min: 0.00119125354104
        var: 9.13280473469e-06
    beats_loudness_bass:
        dmean: 0.136992350221
        dmean2: 0.240847617388
        dvar: 0.0181617047638
        dvar2: 0.0655326470733
        max: 0.432037085295
        mean: 0.102393105626
        min: 0.00551758240908
        var: 0.0146476058289
    bpm: 92.7636108398
    bpm_confidence: 0
    first_peak_bpm: 186
    first_peak_spread: 0
    first_peak_weight: 0.523809552193
    onset_rate: 4.70999670029
    second_peak_bpm: 93
    second_peak_spread: 0
    second_peak_weight: 0.428571432829
    beats_position: [0.0688908025622, 0.715698480606, 1.3625061512, 2.00931382179, 2.65612149239, 3.3029294014, 3.94973707199, 4.59654474258, 5.24335241318, 5.89016008377, 6.23026704788, 6.55340242386, 6.87653827667, 7.19967412949, 7.52281045914, 7.84594583511, 8.16908168793, 8.49221801758, 8.81535339355, 9.13848876953, 9.46162509918, 9.78476047516]
    bpm_estimates: [92.9974594116, 92.630355835, 92.9596710205, 93.0073318481, 92.5766067505, 92.517829895, 92.8386001587, 92.5930099487, 92.7199172974, 92.7953338623]
    bpm_intervals: [0.646807670593, 0.646807670593, 0.646807670593, 0.646807670593, 0.646807909012, 0.646807670593, 0.646807670593, 0.646807670593, 0.646807670593, 0.340106964111, 0.323135375977, 0.323135852814, 0.323135852814, 0.323136329651, 0.323135375977, 0.323135852814, 0.323136329651, 0.323135375977, 0.323135375977, 0.323136329651, 0.323135375977]
    onset_times: [0.0464399084449, 0.383129239082, 0.580498874187, 0.708208620548, 0.905578255653, 1.02167797089, 1.25387752056, 1.35836732388, 1.54412698746, 1.69505667686, 1.88081634045, 2.00852608681, 2.21750569344, 2.33360552788, 2.64707493782, 3.01859402657, 3.1811337471, 3.29723358154, 3.5178232193, 3.83129262924, 4.1679816246, 4.28408145905, 4.49306106567, 4.60916090012, 4.80653047562, 4.92263031006, 5.1780500412, 5.24770975113, 5.78176879883, 5.9094786644, 6.22294807434, 6.54802703857, 6.88471651077, 7.10530614853, 7.20979595184, 7.52326536179, 7.73224496841, 7.85995483398, 8.19664382935, 8.34757328033, 8.498503685, 8.82358264923, 8.98612213135, 9.35764217377, 9.47374153137, 9.67111110687, 9.79882049561]
    rubato_start: [6.23026704788]
    rubato_stop: [6.55340242386]
    perceptual_tempo: "unknown"

sfx:
    inharmonicity:
        dmean: 0.0557545609772
        dmean2: 0.0979231148958
        dvar: 0.00365172675811
        dvar2: 0.0102745769545
        max: 0.36571392417
        mean: 0.0620510801673
        min: 0.000330443726853
        var: 0.00399717083201
    oddtoevenharmonicenergyratio:
        dmean: 3.28236460686
        dmean2: 6.16487693787
        dvar: 91.2475814819
        dvar2: 263.023376465
        max: 115.474060059
        mean: 2.2698366642
        min: 0.000729924824554
        var: 52.721622467
    pitch_after_max_to_before_max_energy_ratio: 2.07412695885
    pitch_centroid: 197.084335327
    pitch_max_to_total: 0.246511623263
    pitch_min_to_total: 0.195348843932
    tristimulus:
        dmean: [0.192087769508, 0.242225453258, 0.125252380967]
        dmean2: [0.330940455198, 0.416238188744, 0.218934848905]
        dvar: [0.0284042693675, 0.0404953844845, 0.0108835231513]
        dvar2: [0.0796874314547, 0.111126713455, 0.030267290771]
        max: [0.905195295811, 0.956254303455, 0.638545751572]
        mean: [0.333249270916, 0.465021342039, 0.142441928387]
        min: [0.0183787960559, 0, 0]
        var: [0.0427940972149, 0.0583443529904, 0.0163685418665]

tonal:
    chords_changes_rate: 0.0787037014961
    chords_number_rate: 0.0277777779847
    chords_strength:
        dmean: 0.00910103134811
        dmean2: 0.0101242130622
        dvar: 4.95728163514e-05
        dvar2: 6.73805843689e-05
        max: 0.725789010525
        mean: 0.559412300587
        min: 0.415365874767
        var: 0.00352725363337
    key_strength: 0.845481932163
    tuning_diatonic_strength: 0.724042773247
    tuning_equal_tempered_deviation: 0.159413546324
    tuning_frequency: 441.017791748
    tuning_nontempered_energy_ratio: 0.790833950043
    hpcp:
        dmean: [0.128745540977, 0.138344377279, 0.196421459317, 0.21424151957, 0.220548301935, 0.201417446136, 0.133776172996, 0.123203352094, 0.156078517437, 0.145320162177, 0.147952497005, 0.167756170034, 0.164260715246, 0.140682727098, 0.156259343028, 0.168063730001, 0.152123034, 0.193605169654, 0.182559341192, 0.151111885905, 0.122544839978, 0.11266285181, 0.127176165581, 0.146728381515, 0.172475010157, 0.183964401484, 0.156783372164, 0.109884828329, 0.0967670381069, 0.109111584723, 0.1312212497, 0.145704254508, 0.170725345612, 0.168601810932, 0.145255044103, 0.140290409327]
        dmean2: [0.217162206769, 0.245249420404, 0.328846693039, 0.341500997543, 0.364964067936, 0.339039236307, 0.221851244569, 0.204903617501, 0.267537742853, 0.247258976102, 0.251956522465, 0.275899499655, 0.271905481815, 0.235105678439, 0.263492047787, 0.27204054594, 0.254740476608, 0.329928785563, 0.301998704672, 0.24799656868, 0.217480227351, 0.192827314138, 0.216888323426, 0.237492546439, 0.267501950264, 0.296930581331, 0.265167832375, 0.18375313282, 0.164847269654, 0.185304760933, 0.21386680007, 0.245421022177, 0.2898850739, 0.275877803564, 0.235895529389, 0.233385935426]
        dvar: [0.024785682559, 0.0285715162754, 0.041916064918, 0.0418608784676, 0.0541708618402, 0.0529990978539, 0.0305901039392, 0.0301274303347, 0.039948284626, 0.0289527121931, 0.0269629433751, 0.0426365844905, 0.0400766767561, 0.0311873964965, 0.0285615921021, 0.035166092217, 0.0291613284498, 0.0372884757817, 0.039930883795, 0.0233331304044, 0.024935439229, 0.0187312886119, 0.0313793309033, 0.0247094295919, 0.0389367863536, 0.0392182953656, 0.0355532504618, 0.0228788983077, 0.015732223168, 0.017053084448, 0.0242644976825, 0.02807700634, 0.0425476208329, 0.0385760851204, 0.0344004146755, 0.0343482494354]
        dvar2: [0.0646371915936, 0.0737858638167, 0.0976529717445, 0.0886782407761, 0.131826102734, 0.135024324059, 0.0790738984942, 0.0805844739079, 0.102292180061, 0.0670076981187, 0.0662480592728, 0.111795343459, 0.10058426857, 0.0862816423178, 0.0696474537253, 0.0824499726295, 0.0725803673267, 0.102387659252, 0.100889883935, 0.0592513158917, 0.0644175037742, 0.0438581965864, 0.079182215035, 0.0564005188644, 0.0895412191749, 0.0947431400418, 0.0941958725452, 0.0506602153182, 0.0363253355026, 0.0411278344691, 0.0588460490108, 0.0636225789785, 0.0977583825588, 0.0923236533999, 0.0689083188772, 0.0760418400168]
        max: [1, 1, 1, 1, 1, 1, 1, 1, 1, 1, 1, 1, 1, 1, 1, 1, 1, 1, 1, 1, 1, 0.866898417473, 1, 1, 1, 1, 1, 1, 0.789890170097, 1, 1, 1, 1, 1, 1, 1]
        mean: [0.148968592286, 0.156796187162, 0.283759176731, 0.393987685442, 0.358281552792, 0.252457559109, 0.154983907938, 0.13786149025, 0.179269015789, 0.196574240923, 0.182580113411, 0.192546874285, 0.186876654625, 0.16373424232, 0.218433886766, 0.248813718557, 0.208939731121, 0.334524869919, 0.418764621019, 0.255365431309, 0.133863776922, 0.127241700888, 0.14673294127, 0.205564662814, 0.26604372263, 0.260864436626, 0.211066737771, 0.15712942183, 0.127739682794, 0.166065886617, 0.202478885651, 0.195382043719, 0.220927804708, 0.232287466526, 0.228821963072, 0.201334789395]
        min: [0.00755327707157, 0.00605259463191, 0.0108809592202, 0.0143004115671, 0.00993234384805, 0.00367666850798, 0.00327242561616, 0.00473355408758, 0.00419636024162, 0.00324596534483, 0.00680236564949, 0.00373117392883, 0.00336345494725, 0.0056117111817, 0.00865734368563, 0.00565334642306, 0.0103505309671, 0.00922907609493, 0.00942180212587, 0.00880973692983, 0.00282987416722, 0.00311622791924, 0.00176329165697, 0.0104106226936, 0.00635475758463, 0.0112827122211, 0.00365036679432, 0.00263420911506, 0.00340678938664, 0.00482510589063, 0.00545336864889, 0.00770289776847, 0.00554231647402, 0.00538153806701, 0.0100642219186, 0.00664655538276]
        var: [0.0264275707304, 0.0294643025845, 0.0719017833471, 0.096422187984, 0.100302472711, 0.0794904157519, 0.0368526615202, 0.0333536043763, 0.0464930720627, 0.0454035699368, 0.0372246280313, 0.0472272671759, 0.0465321391821, 0.0353998802602, 0.0502457916737, 0.065053537488, 0.0405972003937, 0.0798994079232, 0.135403931141, 0.0496460348368, 0.023931434378, 0.0222109556198, 0.0328905321658, 0.0433036051691, 0.0679671093822, 0.0583082139492, 0.0544138289988, 0.0411152355373, 0.02135325782, 0.032958664, 0.0542623102665, 0.0383370257914, 0.0590453930199, 0.0619684122503, 0.0641104057431, 0.0514080449939]
    chords_histogram: [25, 6.48148155212, 43.9814796448, 0, 0, 0, 0, 0, 0, 0, 0, 0, 0, 0, 0, 0, 0, 13.4259262085, 0, 3.24074077606, 0, 0.462962955236, 7.40740728378, 0]
    thpcp: [1, 0.609806597233, 0.319663524628, 0.30385017395, 0.350394785404, 0.490883558989, 0.635306119919, 0.622938096523, 0.504022359848, 0.375221341848, 0.305039346218, 0.396561414003, 0.483514785767, 0.466567695141, 0.527570366859, 0.554696977139, 0.546421408653, 0.480782717466, 0.35573348403, 0.374425590038, 0.677610218525, 0.94083327055, 0.855567872524, 0.602862656116, 0.370097905397, 0.329209983349, 0.428090155125, 0.469414621592, 0.435996979475, 0.459797382355, 0.446257025003, 0.390993505716, 0.521614968777, 0.594161272049, 0.498943120241, 0.798837482929]
    chords_key: "A#"
    chords_scale: "major"
    key_key: "D#"
    key_scale: "major"
    chords_progression: ["A#", "A#", "A#", "A#", "A#", "A#", "A#", "A#", "A#", "A#", "A#", "A#", "A#", "A#", "A#", "A#", "A#", "A#", "A#", "A#", "A#", "A#", "A#", "A#", "A#", "A#", "A#", "A#m", "A#", "A#", "A#", "A#", "A#", "A#m", "A#m", "A#m", "A#m", "A#m", "A#m", "A#", "A#", "A#", "A#", "A#", "A#", "Gm", "Gm", "Gm", "Gm", "A#", "A#", "A#", "A#", "Gm", "Gm", "Gm", "Gm", "Gm", "D#", "D#", "D#", "D#", "D#", "D#", "D#", "D#", "D#", "D#", "D#", "D#", "D#", "D#", "D#", "D#", "D#", "D#", "D#", "D#", "D#m", "D#m", "D#m", "D#", "D#", "D#m", "D#m", "D#m", "D#m", "D#m", "D#m", "D#m", "D#m", "D#m", "D#m", "D#m", "D#m", "D#m", "D#m", "D#m", "D#m", "D#m", "D#m", "D#m", "D#m", "D#m", "D#m", "D#m", "D#m", "D#m", "D#m", "D#", "D#", "D#", "D#", "D#", "D#", "D#", "D#", "D#", "D#", "D#", "D#", "D#", "D#", "D#", "D#", "D#", "D#", "D#", "D#", "D#", "D#", "D#", "D#", "D#", "D#", "D#", "D#", "D#", "D#", "D#", "D#", "G#", "G#", "G#", "G#", "G#", "G#", "G#", "G#", "G#", "G#", "G#", "G#", "G#", "G#", "G#", "G#", "Gm", "Gm", "Fm", "Gm", "Gm", "Gm", "A#", "A#", "A#", "A#", "A#", "A#", "A#", "A#", "A#", "A#", "A#", "A#", "A#", "A#", "A#", "A#", "A#", "A#", "A#", "A#", "A#", "A#", "A#", "A#", "A#", "A#", "A#", "A#", "A#", "A#", "A#", "A#", "A#", "A#", "A#", "A#", "A#", "A#", "A#", "A#", "A#", "A#", "A#", "A#", "A#", "A#", "A#", "A#", "A#", "A#", "A#", "A#", "A#"]
