
metadata:
    version:
        essentia: "1.2.2"
    audio_properties:
        analysis_sample_rate: 44100
        bitrate: 128
        channels: 2
        equal_loudness: 1
        length: 10.0571432114
        replay_gain: -10.2448348999
        downmix: "mix"
    tags:
        track: 2
        year: 0
        album: "Splitted by Mp3Splt v. 2.1"
        artist: "From 000.10 To 000.20"
        comment: "http://mp3splt.sf.net"
        genre: ""
        title: "05 The Triumph of the Lazer Vi"

highlevel:
    ballroom:
        all:
            ChaChaCha: 0.0531501248479
            Jive: 0.613034307957
            Quickstep: 0.00737670622766
            Rumba-American: 0.00116579828318
            Rumba-International: 0.00211540865712
            Rumba-Misc: 0.00475748348981
            Samba: 0.303431659937
            Tango: 0.00125118764117
            VienneseWaltz: 0.0129463914782
            Waltz: 0.000770919490606
        probability: 0.613034307957
        value: "Jive"
    culture:
        all:
            non_western: 0.570311307907
            western: 0.429688721895
        probability: 0.570311307907
        value: "non_western"
    gender:
        all:
            female: 0.585565567017
            male: 0.414434432983
        probability: 0.585565567017
        value: "female"
    genre_dortmund:
        all:
            alternative: 0.115058355033
            blues: 0.00159383926075
            electronic: 0.1641972363
            folkcountry: 0.00549138849601
            funksoulrnb: 0.0100050689653
            jazz: 0.0055313766934
            pop: 0.0232340488583
            raphiphop: 0.0216902103275
            rock: 0.653198480606
        probability: 0.653198480606
        value: "rock"
    genre_electronica:
        all:
            ambient: 0.0619813762605
            dnb: 0.64182549715
            house: 0.00196782802232
            techno: 0.0302542075515
            trance: 0.263971060514
        probability: 0.64182549715
        value: "dnb"
    genre_rosamerica:
        all:
            cla: 0.00184158922639
            dan: 0.0439583063126
            hip: 0.00309521751478
            jaz: 0.0011967116734
            pop: 0.00493692886084
            rhy: 0.000338269397616
            roc: 0.944167017937
            spe: 0.000465936056571
        probability: 0.944167017937
        value: "roc"
    genre_tzanetakis:
        all:
            blu: 0.0143563840538
            cla: 0.0340787470341
            cou: 0.0603365860879
            dis: 0.0760235339403
            hip: 0.0359660387039
            jaz: 0.31133338809
            met: 0.0657046288252
            pop: 0.201893821359
            reg: 0.0330382995307
            roc: 0.167268559337
        probability: 0.31133338809
        value: "jaz"
    live_studio:
        all:
            live: 0.395457565784
            studio: 0.604542434216
        probability: 0.604542434216
        value: "studio"
    mood:
        all:
            Cluster1: 0.442048639059
            Cluster2: 0.0142298834398
            Cluster3: 0.00995772704482
            Cluster4: 0.016283351928
            Cluster5: 0.517480373383
        probability: 0.517480373383
        value: "Cluster5"
    mood_acoustic:
        all:
            acoustic: 0.0102623216808
            not_acoustic: 0.989737689495
        probability: 0.989737689495
        value: "not_acoustic"
    mood_aggressive:
        all:
            aggressive: 0.992572426796
            not_aggressive: 0.00742754573002
        probability: 0.992572426796
        value: "aggressive"
    mood_electronic:
        all:
            electronic: 0.6575294137
            not_electronic: 0.3424705863
        probability: 0.6575294137
        value: "electronic"
    mood_happy:
        all:
            happy: 0.669800281525
            not_happy: 0.330199748278
        probability: 0.669800281525
        value: "happy"
    mood_party:
        all:
            not_party: 0.412669986486
            party: 0.587329983711
        probability: 0.587329983711
        value: "party"
    mood_relaxed:
        all:
            not_relaxed: 0.958014786243
            relaxed: 0.041985232383
        probability: 0.958014786243
        value: "not_relaxed"
    mood_sad:
        all:
            not_sad: 0.958214879036
            sad: 0.0417851097882
        probability: 0.958214879036
        value: "not_sad"
    rhythm:
        all:
            fast: 0.230984166265
            medium: 0.752219796181
            slow: 0.0167960450053
        probability: 0.752219796181
        value: "medium"
    speech_music:
        all:
            music: 0.999995052814
            speech: 4.93707648275e-06
        probability: 0.999995052814
        value: "music"
    timbre:
        all:
            bright: 0.0721010044217
            dark: 0.927899003029
        probability: 0.927899003029
        value: "dark"
    voice_instrumental:
        all:
            instrumental: 0.318025410175
            voice: 0.681974589825
        probability: 0.681974589825
        value: "voice"

lowlevel:
    average_loudness: 0.985581457615
    barkbands_kurtosis:
        dmean: 0.528676748276
        dmean2: 0.916749179363
        dvar: 0.866219758987
        dvar2: 2.51696038246
        max: 8.83962917328
        mean: -0.83090788126
        min: -1.68470835686
        var: 0.742649078369
    barkbands_skewness:
        dmean: 0.375442445278
        dmean2: 0.603214561939
        dvar: 0.134229525924
        dvar2: 0.353826612234
        max: 3.01703929901
        mean: 0.123888030648
        min: -0.901295542717
        var: 0.33514726162
    barkbands_spread:
        dmean: 5.38280725479
        dmean2: 8.78561115265
        dvar: 19.589723587
        dvar2: 56.6720161438
        max: 53.317363739
        mean: 32.3498497009
        min: 12.2426900864
        var: 47.9383850098
    dissonance:
        dmean: 0.013642382808
        dmean2: 0.0220564957708
        dvar: 0.000617103476543
        dvar2: 0.000785357435234
        max: 0.499427169561
        mean: 0.478771626949
        min: 0
        var: 0.000706960621756
    hfc:
        dmean: 1.85375118256
        dmean2: 2.86177277565
        dvar: 2.3161406517
        dvar2: 5.01400470734
        max: 19.3813686371
        mean: 8.87407016754
        min: 0.00011068504682
        var: 9.35916900635
    pitch:
        dmean: 361.641357422
        dmean2: 669.997253418
        dvar: 353738.34375
        dvar2: 922793.875
        max: 3675
        mean: 433.859741211
        min: 73.6227035522
        var: 301486.96875
    pitch_instantaneous_confidence:
        dmean: 0.0642582625151
        dmean2: 0.107535853982
        dvar: 0.00268765189685
        dvar2: 0.00687888590619
        max: 0.577869057655
        mean: 0.258708655834
        min: 0.130599737167
        var: 0.00485249701887
    pitch_salience:
        dmean: 0.0639819577336
        dmean2: 0.105944097042
        dvar: 0.00307005411014
        dvar2: 0.00806680973619
        max: 0.864130675793
        mean: 0.65258705616
        min: 0.36980432272
        var: 0.00585943367332
    silence_rate_20dB:
        dmean: 0
        dmean2: 0
        dvar: 0
        dvar2: 0
        max: 1
        mean: 1
        min: 1
        var: 0
    silence_rate_30dB:
        dmean: 0
        dmean2: 0
        dvar: 0
        dvar2: 0
        max: 1
        mean: 1
        min: 1
        var: 0
    silence_rate_60dB:
        dmean: 0.00923787523061
        dmean2: 0.0185185186565
        dvar: 0.00915255211294
        dvar2: 0.0228051878512
        max: 1
        mean: 0.0230414755642
        min: 0
        var: 0.0225106105208
    spectral_centroid:
        dmean: 211.996643066
        dmean2: 340.701080322
        dvar: 35596.546875
        dvar2: 93092.15625
        max: 2099.96459961
        mean: 1311.65515137
        min: 310.969482422
        var: 92299.390625
    spectral_complexity:
        dmean: 4.00232028961
        dmean2: 5.97209310532
        dvar: 9.29233264923
        dvar2: 19.9945697784
        max: 42
        mean: 23.3541660309
        min: 0
        var: 50.4185218811
    spectral_crest:
        dmean: 1.79551661015
        dmean2: 3.17189311981
        dvar: 2.87339043617
        dvar2: 8.70153427124
        max: 15.6331758499
        mean: 5.31515836716
        min: 2.44499897957
        var: 4.64638185501
    spectral_decrease:
        dmean: 4.33456104343e-10
        dmean2: 7.56352924736e-10
        dvar: 2.38292924244e-19
        dvar2: 6.90731535344e-19
        max: -1.61557778874e-14
        mean: -1.60271484972e-09
        min: -4.75297889935e-09
        var: 2.59774649656e-19
    spectral_energy:
        dmean: 0.00176159036346
        dmean2: 0.00304977688938
        dvar: 3.68648966287e-06
        dvar2: 1.06368943307e-05
        max: 0.0188081339002
        mean: 0.00685392133892
        min: 7.10150800387e-08
        var: 4.41485781266e-06
    spectral_energyband_high:
        dmean: 7.64360302128e-05
        dmean2: 0.000122940429719
        dvar: 5.8574594064e-09
        dvar2: 1.45016976205e-08
        max: 0.000954601622652
        mean: 0.000248065625783
        min: 5.27581889287e-09
        var: 1.41799585407e-08
    spectral_energyband_low:
        dmean: 0.000795920903329
        dmean2: 0.00138147594407
        dvar: 1.07934704374e-06
        dvar2: 2.96266330224e-06
        max: 0.00701024616137
        mean: 0.00133229524363
        min: 1.6427868843e-08
        var: 1.13757312192e-06
    spectral_energyband_middle_high:
        dmean: 0.000819837558083
        dmean2: 0.00123313663062
        dvar: 5.00358396494e-07
        dvar2: 9.91866386357e-07
        max: 0.00852804817259
        mean: 0.00350429583341
        min: 2.89675412546e-08
        var: 2.37354106503e-06
    spectral_energyband_middle_low:
        dmean: 0.000900770479348
        dmean2: 0.00154102419037
        dvar: 2.04649927582e-06
        dvar2: 5.60648868486e-06
        max: 0.0160046927631
        mean: 0.00176921649836
        min: 1.68157150426e-08
        var: 1.76586809175e-06
    spectral_flatness_db:
        dmean: 0.012666980736
        dmean2: 0.0216294657439
        dvar: 0.000158884562552
        dvar2: 0.000442664779257
        max: 0.217436164618
        mean: 0.121471948922
        min: 0.0320142842829
        var: 0.000316024234053
    spectral_flux:
        dmean: 0.00868827011436
        dmean2: 0.0137722706422
        dvar: 6.5968677518e-05
        dvar2: 0.00014644197654
        max: 0.107134737074
        mean: 0.0519262291491
        min: 0.0147676570341
        var: 0.000126888160594
    spectral_kurtosis:
        dmean: 1.1414501667
        dmean2: 1.90475833416
        dvar: 1.03825891018
        dvar2: 2.97496914864
        max: 10.7802371979
        mean: 4.98250007629
        min: 2.10070514679
        var: 2.37724781036
    spectral_rms:
        dmean: 0.000329943839461
        dmean2: 0.000565868976992
        dvar: 1.15888774133e-07
        dvar2: 3.33617634851e-07
        max: 0.00428362004459
        mean: 0.00255238753743
        min: 8.32364094094e-06
        var: 1.72070187432e-07
    spectral_rolloff:
        dmean: 334.289093018
        dmean2: 564.219665527
        dvar: 150289.5
        dvar2: 434166.59375
        max: 3854.44335938
        mean: 2661.64428711
        min: 215.33203125
        var: 236260.5625
    spectral_skewness:
        dmean: 0.160213395953
        dmean2: 0.263303399086
        dvar: 0.0203154254705
        dvar2: 0.0526509471238
        max: 2.60724449158
        mean: 1.74463522434
        min: 1.23915040493
        var: 0.0479385107756
    spectral_spread:
        dmean: 364045.96875
        dmean2: 507241.6875
        dvar: 617016590336
        dvar2: 349704060928
        max: 25585694
        mean: 4376266.5
        min: 3002764.25
        var: 1.74676259635e+12
    spectral_strongpeak:
        dmean: 0.289851278067
        dmean2: 0.514851033688
        dvar: 0.174977913499
        dvar2: 0.511147141457
        max: 2.83241605759
        mean: 0.324085503817
        min: 0
        var: 0.155384615064
    zerocrossingrate:
        dmean: 0.00603384198621
        dmean2: 0.00793513841927
        dvar: 2.8449239835e-05
        dvar2: 4.44794022769e-05
        max: 0.1162109375
        mean: 0.079430475831
        min: 0.00732421875
        var: 0.000143089186167
    barkbands:
        dmean: [2.25766098083e-06, 0.000346852611983, 0.00057982763974, 0.000278215506114, 0.000347291235812, 0.000166072582942, 0.000122341545648, 0.000227270822506, 0.000215036459849, 0.00018610135885, 0.000269659532933, 0.00017481597024, 0.000196415508981, 0.000240961060626, 0.000158768671099, 0.000135573951411, 0.000158787763212, 0.00017134330119, 0.000121191405924, 7.43708733353e-05, 3.98262745875e-05, 1.27664188767e-05, 2.6096347483e-06, 1.49046081788e-06, 7.33432614197e-07, 7.33635800998e-08, 1.04626751707e-09]
        dmean2: [3.60616627404e-06, 0.000586595502682, 0.00102931400761, 0.000481939379824, 0.000583062705118, 0.00028416106943, 0.000210773185245, 0.000361713697203, 0.000364338076906, 0.000309797673253, 0.000444801145932, 0.000292046839604, 0.000336782453815, 0.000407154846471, 0.00025668964372, 0.000225672876695, 0.000254416867392, 0.000278629682725, 0.000199919508304, 0.000120206706924, 6.56023985357e-05, 2.06910262932e-05, 4.31022181147e-06, 2.05241121876e-06, 1.05863296085e-06, 1.02649835299e-07, 1.68106006893e-09]
        dvar: [8.34413614592e-12, 1.68489066255e-07, 5.94549362631e-07, 1.77928058065e-07, 6.87245517383e-07, 1.19879786098e-07, 4.04955038391e-08, 9.1192660534e-08, 1.32539213382e-07, 6.7092130962e-08, 1.09496212986e-07, 3.91012129342e-08, 7.45552029002e-08, 8.32441813259e-08, 3.28934817162e-08, 1.85414279485e-08, 2.92896906728e-08, 2.51691307795e-08, 9.64850510599e-09, 4.22776835762e-09, 1.46372314269e-09, 1.93332641563e-10, 8.57383348346e-12, 3.62527889652e-12, 9.53014576976e-13, 7.98788915194e-15, 1.04998826181e-16]
        dvar2: [1.97625041332e-11, 4.60992055196e-07, 1.6755325305e-06, 5.01517376961e-07, 1.88159765457e-06, 3.23375275002e-07, 1.15159870973e-07, 2.19308375904e-07, 3.55123688678e-07, 1.76150209086e-07, 2.94643342613e-07, 1.05702589792e-07, 2.02692632456e-07, 2.35217243016e-07, 7.51715560909e-08, 4.94184568822e-08, 6.91622048521e-08, 7.17120656191e-08, 2.71725273393e-08, 1.08772777452e-08, 3.78218123487e-09, 4.40900815857e-10, 2.36853574948e-11, 6.19317878231e-12, 2.01442226615e-12, 1.58203951919e-14, 2.63314750033e-16]
        max: [1.86391189345e-05, 0.00280260154977, 0.00564113724977, 0.00392838474363, 0.0108900349587, 0.00278304284438, 0.00223101815209, 0.00277065765113, 0.00260772090405, 0.00184534245636, 0.00371818500571, 0.00194161164109, 0.00247464049608, 0.00265792873688, 0.00177198450547, 0.00112192134839, 0.0018881111173, 0.00160149042495, 0.00106879707891, 0.000746119651012, 0.000436750066001, 0.000134369969601, 2.9040793379e-05, 1.98719299078e-05, 1.39811136251e-05, 9.59520662036e-07, 1.51150516103e-07]
        mean: [2.60380534201e-06, 0.00051434506895, 0.000815397128463, 0.000366115709767, 0.000389602588257, 0.000195630913367, 0.000191783663468, 0.000349499401636, 0.000238634442212, 0.000240185967414, 0.000414421374444, 0.000325568165863, 0.000334465148626, 0.000421380420448, 0.000330215698341, 0.000290303840302, 0.000349371170159, 0.000411746295867, 0.000312525371555, 0.000221196780331, 9.58900054684e-05, 3.07880945911e-05, 5.91528851146e-06, 4.19942443841e-06, 1.9955073185e-06, 1.41654581398e-07, 7.32175486906e-10]
        min: [9.34119115392e-10, 8.86760798124e-09, 4.16887147026e-09, 2.64039012876e-09, 2.59790811086e-09, 3.05611314033e-09, 4.65672789218e-09, 2.68538080661e-09, 1.01753938608e-09, 1.21773113815e-09, 1.52678170107e-09, 4.54672166583e-09, 3.04271696727e-09, 4.47798326197e-10, 2.66339172939e-09, 1.80184689391e-09, 1.92850269087e-09, 1.89135196393e-09, 6.36828456635e-09, 4.5636796564e-09, 1.50891255046e-09, 1.50769130514e-09, 3.74597602937e-10, 3.45745765351e-10, 2.62858262934e-10, 2.09282674524e-10, 5.69483357498e-14]
        var: [1.11287706481e-11, 2.17329301222e-07, 6.07170250078e-07, 1.84464013842e-07, 4.96727693644e-07, 1.00610428433e-07, 4.53539819034e-08, 1.434477781e-07, 1.11542142633e-07, 7.62749579053e-08, 1.76410239305e-07, 6.75814604278e-08, 1.19112186781e-07, 1.36479073376e-07, 6.97649582548e-08, 3.85925567059e-08, 5.81586228066e-08, 4.64206628692e-08, 2.07966159849e-08, 9.88385551182e-09, 3.07808778466e-09, 4.28730800861e-10, 1.47105591597e-11, 1.28471738456e-11, 3.43530325714e-12, 1.94349338055e-14, 5.2664816126e-17]
    mfcc:
        mean: [-666.981994629, 121.878257751, -55.6050796509, 39.7692871094, -1.70541548729, 7.53781986237, 11.5973033905, 3.80374312401, 2.92974686623, 0.876237511635, 3.24393820763, 1.65332102776, -0.904287397861]
        cov: [[1273.046875, -11.6606817245, -110.70627594, -91.2627792358, -58.7177772522, -37.1339378357, -67.2011566162, -23.4437484741, 27.2516307831, 4.41459989548, -19.9883995056, -6.73407125473, -47.4851989746], [-11.6606817245, 187.230606079, -26.6843528748, 20.9314689636, -10.8809251785, -22.6954307556, -15.7947130203, -1.55632817745, 9.04068279266, 6.24877357483, -1.30184304714, -7.409719944, -7.13072967529], [-110.70627594, -26.6843528748, 183.721740723, 83.812538147, 0.192175388336, 3.94246816635, 2.31337332726, -20.5023841858, -17.0640563965, -21.2840576172, 1.85429084301, -15.1721000671, 2.57737398148], [-91.2627792358, 20.9314689636, 83.812538147, 113.688591003, 24.4085063934, 13.9542293549, 3.54775762558, 2.49576973915, -6.77938652039, -7.75109481812, 1.16293466091, -10.0695047379, 5.11457443237], [-58.7177772522, -10.8809251785, 0.192175388336, 24.4085063934, 64.3629074097, 27.7830581665, 24.6679363251, 9.61159133911, -3.09337186813, 2.37319660187, 0.883788466454, 6.53847551346, 4.34525060654], [-37.1339378357, -22.6954307556, 3.94246816635, 13.9542293549, 27.7830581665, 79.3304595947, 51.6438598633, 23.6435527802, -20.3259086609, 0.924069702625, 2.96602845192, 7.44399642944, 5.86879396439], [-67.2011566162, -15.7947130203, 2.31337332726, 3.54775762558, 24.6679363251, 51.6438598633, 81.3880081177, 27.5853805542, -16.1829357147, -4.46821928024, -1.01824903488, 9.30382919312, 6.1107172966], [-23.4437484741, -1.55632817745, -20.5023841858, 2.49576973915, 9.61159133911, 23.6435527802, 27.5853805542, 57.1046714783, 20.2370128632, 10.6776580811, 0.789574086666, 5.04610300064, 3.72301459312], [27.2516307831, 9.04068279266, -17.0640563965, -6.77938652039, -3.09337186813, -20.3259086609, -16.1829357147, 20.2370128632, 61.2080612183, 21.0104904175, 8.88320064545, -6.2135591507, -5.89595794678], [4.41459989548, 6.24877357483, -21.2840576172, -7.75109481812, 2.37319660187, 0.924069702625, -4.46821928024, 10.6776580811, 21.0104904175, 51.1992225647, 19.4415664673, 10.8721885681, -1.57913851738], [-19.9883995056, -1.30184304714, 1.85429084301, 1.16293466091, 0.883788466454, 2.96602845192, -1.01824903488, 0.789574086666, 8.88320064545, 19.4415664673, 41.8274879456, 14.5821361542, 3.31544756889], [-6.73407125473, -7.409719944, -15.1721000671, -10.0695047379, 6.53847551346, 7.44399642944, 9.30382919312, 5.04610300064, -6.2135591507, 10.8721885681, 14.5821361542, 43.4797668457, 13.8074045181], [-47.4851989746, -7.13072967529, 2.57737398148, 5.11457443237, 4.34525060654, 5.86879396439, 6.1107172966, 3.72301459312, -5.89595794678, -1.57913851738, 3.31544756889, 13.8074045181, 33.9289970398]]
        icov: [[0.000965458690189, 0.000205889940844, 0.000527637545019, 0.00010664700676, 0.000716288050171, -0.000572455930524, 0.000685121980496, 0.000474970875075, -0.000521544308867, 0.000213515886571, 0.000573686847929, -0.000535701808985, 0.00125134340487], [0.000205889940844, 0.00656591262668, 0.00279634655453, -0.00382677046582, 0.0019605490379, 0.00196586851962, -0.000688665604685, 0.000613125157543, 3.37238780048e-05, -0.000659330107737, 0.000133748108055, 0.000397679395974, 0.0012984193163], [0.000527637545019, 0.00279634655453, 0.011110059917, -0.00904261972755, 0.00406076433137, 0.000468786340207, -0.00223823427223, 0.00455671874806, -0.000586850277614, 0.0020921593532, -0.00150716339704, 0.00125050963834, 0.000781041977461], [0.00010664700676, -0.00382677046582, -0.00904261972755, 0.0186410564929, -0.00763440225273, -0.00217727804556, 0.0043122288771, -0.00479375850409, 0.00181944738142, 0.00021206693782, -0.00101375603117, 0.00301366578788, -0.00247570360079], [0.000716288050171, 0.0019605490379, 0.00406076433137, -0.00763440225273, 0.0227542575449, -0.00523044681177, -0.00424618041143, 0.00419424008578, -0.00384656223468, -0.000496755237691, 0.00234886072576, -0.00356756150723, 0.00108275888488], [-0.000572455930524, 0.00196586851962, 0.000468786340207, -0.00217727804556, -0.00523044681177, 0.027751814574, -0.011810596101, -0.00804762914777, 0.0103489002213, -0.00341311073862, -0.00384716875851, 0.00318208499812, -0.000495188869536], [0.000685121980496, -0.000688665604685, -0.00223823427223, 0.0043122288771, -0.00424618041143, -0.011810596101, 0.0258035752922, -0.00955465342849, 0.0043008630164, 0.00297550112009, 0.000386410509236, -0.0021344430279, 0.001038665534], [0.000474970875075, 0.000613125157543, 0.00455671874806, -0.00479375850409, 0.00419424008578, -0.00804762914777, -0.00955465342849, 0.0332378931344, -0.0163935553282, -0.00134311208967, 0.00530925253406, -0.00360317970626, -0.00186517147813], [-0.000521544308867, 3.37238780048e-05, -0.000586850277614, 0.00181944738142, -0.00384656223468, 0.0103489002213, 0.0043008630164, -0.0163935553282, 0.0310627259314, -0.00823092833161, -0.00621645245701, 0.00817256979644, 0.00107069371734], [0.000213515886571, -0.000659330107737, 0.0020921593532, 0.00021206693782, -0.000496755237691, -0.00341311073862, 0.00297550112009, -0.00134311208967, -0.00823092833161, 0.0295594185591, -0.0100465128198, -0.00538509432226, 0.00335346953943], [0.000573686847929, 0.000133748108055, -0.00150716339704, -0.00101375603117, 0.00234886072576, -0.00384716875851, 0.000386410509236, 0.00530925253406, -0.00621645245701, -0.0100465128198, 0.0342136695981, -0.0110218022019, 0.000404994789278], [-0.000535701808985, 0.000397679395974, 0.00125050963834, 0.00301366578788, -0.00356756150723, 0.00318208499812, -0.0021344430279, -0.00360317970626, 0.00817256979644, -0.00538509432226, -0.0110218022019, 0.0351992920041, -0.0126069607213], [0.00125134340487, 0.0012984193163, 0.000781041977461, -0.00247570360079, 0.00108275888488, -0.000495188869536, 0.001038665534, -0.00186517147813, 0.00107069371734, 0.00335346953943, 0.000404994789278, -0.0126069607213, 0.0372089259326]]
    spectral_contrast:
        mean: [4.20129964596e-07, 3.94699668504e-07, -2.40246738059e-08, 3.05059870698e-07, -1.19088561235e-08, -1.87920193184e-07, 2.83535996459e-07, 4.30615955338e-07, 8.57644636199e-07, 5.34510149919e-07, -2.69048746304e-06, 2.79700316241e-06]
        var: [0.000299313338473, 0.000327725225361, 0.000777772045694, 0.0013775723055, 0.00231156148948, 0.00333380699158, 0.0258732941002, 0.0594590567052, 0.129278555512, 0.145320430398, 0.183337196708, 0.652351498604]

rhythm:
    beats_loudness:
        dmean: 0.00163736310787
        dmean2: 0.0026795193553
        dvar: 1.08323729364e-06
        dvar2: 2.91555011245e-06
        max: 0.0105076171458
        mean: 0.00657724263147
        min: 0.00349525897764
        var: 2.48309584094e-06
    beats_loudness_bass:
        dmean: 0.104827791452
        dmean2: 0.150668933988
        dvar: 0.00782910827547
        dvar2: 0.0114482622594
        max: 0.748033761978
        mean: 0.221702173352
        min: 0.0699549391866
        var: 0.0279135461897
    bpm: 106.182647705
    bpm_confidence: 0
    first_peak_bpm: 106
    first_peak_spread: 0
    first_peak_weight: 0.555555582047
    onset_rate: 2.88352274895
    second_peak_bpm: 123
    second_peak_spread: 0
    second_peak_weight: 0.388888895512
    beats_position: [0.192275449634, 0.757383048534, 1.32249057293, 1.88759815693, 2.45270562172, 3.01781320572, 3.58292078972, 4.14802837372, 4.71313619614, 5.27824401855, 5.84335184097, 6.53783845901, 7.02418661118, 7.5105342865, 7.99688100815, 8.48322868347, 8.96957588196, 9.45592403412, 9.9422712326]
    bpm_estimates: [107.497161865, 105.648971558, 105.401817322]
    bpm_intervals: [0.565107584, 0.565107524395, 0.565107584, 0.56510746479, 0.565107584, 0.565107584, 0.565107584, 0.565107822418, 0.565107822418, 0.565107822418, 0.694486618042, 0.486348152161, 0.486347675323, 0.486346721649, 0.486347675323, 0.486347198486, 0.486348152161, 0.486347198486]
    onset_times: [0.0580498874187, 0.905578255653, 1.16099774837, 1.50929701328, 1.66022670269, 2.4497051239, 2.83283448219, 2.9837641716, 3.22757363319, 3.56426310539, 4.19120168686, 4.31891155243, 4.7020406723, 4.85297060013, 5.0967798233, 5.50312948227, 6.06040811539, 6.25777769089, 6.53641700745, 6.94276666641, 7.60453510284, 7.70902490616, 8.0224943161, 8.23147392273, 8.6958732605, 9.34603214264, 9.58984088898, 9.71755123138, 9.82204055786]
    rubato_start: [7.02418661118]
    rubato_stop: [9.9422712326]
    perceptual_tempo: "unknown"

sfx:
    inharmonicity:
        dmean: 0.0416051521897
        dmean2: 0.0725570470095
        dvar: 0.00143439683598
        dvar2: 0.00399255380034
        max: 0.231994017959
        mean: 0.0521254986525
        min: 0
        var: 0.00172030471731
    oddtoevenharmonicenergyratio:
        dmean: 1.19109368324
        dmean2: 2.19019699097
        dvar: 5.41186618805
        dvar2: 15.3688182831
        max: 22.6231307983
        mean: 0.927371501923
        min: 0
        var: 3.53397512436
    pitch_after_max_to_before_max_energy_ratio: 0.367342740297
    pitch_centroid: 228.028167725
    pitch_max_to_total: 0.972222208977
    pitch_min_to_total: 0.923611104488
    tristimulus:
        dmean: [0.190661519766, 0.200449049473, 0.11827351898]
        dmean2: [0.330902308226, 0.35368385911, 0.20566239953]
        dvar: [0.0232215095311, 0.0253144204617, 0.00966080930084]
        dvar2: [0.0670664310455, 0.0726485848427, 0.0284814741462]
        max: [1, 0.948144614697, 0.557076513767]
        mean: [0.35437476635, 0.458493769169, 0.15871706605]
        min: [0.0462875515223, 0, 0]
        var: [0.0363461785018, 0.0373712815344, 0.0132651338354]

tonal:
    chords_changes_rate: 0.165898621082
    chords_number_rate: 0.0506912432611
    chords_strength:
        dmean: 0.0155734587461
        dmean2: 0.0186646729708
        dvar: 0.000145865124068
        dvar2: 0.00023944095301
        max: 0.594109475613
        mean: 0.458485513926
        min: 0.287153601646
        var: 0.00498366169631
    key_strength: 0.65839523077
    tuning_diatonic_strength: 0.515614271164
    tuning_equal_tempered_deviation: 0.187043190002
    tuning_frequency: 443.828887939
    tuning_nontempered_energy_ratio: 0.838554859161
    hpcp:
        dmean: [0.155476346612, 0.181095972657, 0.175547599792, 0.13079033792, 0.135009765625, 0.157984957099, 0.164998993278, 0.186787262559, 0.215096101165, 0.173668503761, 0.164926707745, 0.195155546069, 0.196743607521, 0.16689568758, 0.148537546396, 0.162083372474, 0.166393950582, 0.138505518436, 0.124217063189, 0.138923093677, 0.159565240145, 0.155512824655, 0.154253080487, 0.154999762774, 0.142377868295, 0.139112919569, 0.144008949399, 0.121360555291, 0.128210365772, 0.174238145351, 0.20147241652, 0.173746213317, 0.179183974862, 0.158182457089, 0.133386030793, 0.145942226052]
        dmean2: [0.258417785168, 0.313683241606, 0.298035800457, 0.218658447266, 0.23780156672, 0.269884675741, 0.273222506046, 0.317414671183, 0.368431091309, 0.284152954817, 0.275600492954, 0.34057071805, 0.321477234364, 0.284388333559, 0.256775170565, 0.278934717178, 0.279586851597, 0.231477126479, 0.217027142644, 0.238121688366, 0.280665129423, 0.262573391199, 0.26428180933, 0.268874526024, 0.240873113275, 0.23602026701, 0.257421672344, 0.210510134697, 0.224945902824, 0.286596298218, 0.333516895771, 0.30653822422, 0.316705793142, 0.272707462311, 0.232120141387, 0.248850822449]
        dvar: [0.04097892344, 0.0495253391564, 0.0420995466411, 0.0278833508492, 0.0215170551091, 0.0289927925915, 0.0377254970372, 0.0401689782739, 0.0561416447163, 0.0382443033159, 0.0319452248514, 0.0565960370004, 0.0495179593563, 0.0400773845613, 0.0331491269171, 0.0413011983037, 0.0397754199803, 0.027211394161, 0.0284446924925, 0.0279267225415, 0.0365729033947, 0.0265613123775, 0.0318327657878, 0.0278718788177, 0.0349785014987, 0.0301190596074, 0.0354936085641, 0.0208713747561, 0.0218127984554, 0.0313480980694, 0.0516854301095, 0.0357541628182, 0.0491912066936, 0.0346683748066, 0.0294518433511, 0.0379886217415]
        dvar2: [0.107922121882, 0.134608775377, 0.114289551973, 0.0642367005348, 0.0515051409602, 0.0722757726908, 0.090469814837, 0.101970903575, 0.137880444527, 0.0756638273597, 0.0875277519226, 0.125098094344, 0.108222946525, 0.103316046298, 0.0919885262847, 0.107818245888, 0.106713972986, 0.0716252848506, 0.0715493783355, 0.0825182199478, 0.0999607592821, 0.0714710131288, 0.0879469588399, 0.0720819234848, 0.0867218524218, 0.0798748806119, 0.100507922471, 0.0575133673847, 0.0602598562837, 0.0739404335618, 0.0990355461836, 0.0992825105786, 0.140765279531, 0.0875845327973, 0.0751647427678, 0.108637705445]
        max: [1, 1, 1, 1, 1, 1, 1, 1, 1, 1, 1, 1, 1, 1, 1, 1, 1, 1, 1, 1, 1, 1, 1, 1, 1, 1, 1, 1, 1, 1, 1, 1, 1, 1, 1, 1]
        mean: [0.174331560731, 0.190408304334, 0.219359502196, 0.21668253839, 0.202715829015, 0.231203198433, 0.247212350368, 0.271435201168, 0.37749260664, 0.360797584057, 0.242109775543, 0.274773001671, 0.286198765039, 0.202488407493, 0.178917989135, 0.193828314543, 0.18036711216, 0.164950191975, 0.157883450389, 0.16735099256, 0.199865058064, 0.1969217062, 0.191834792495, 0.209455862641, 0.194216117263, 0.173600912094, 0.170559972525, 0.159482300282, 0.187768220901, 0.309246301651, 0.343616783619, 0.248305529356, 0.215613603592, 0.211622998118, 0.184001341462, 0.171511828899]
        min: [0.0125957699493, 0.0100061241537, 0.00863899942487, 0.00812939461321, 0.00966042093933, 0.0126584833488, 0.015755975619, 0.016924303025, 0.0161960795522, 0.00544395344332, 0.006427295506, 0.0107729434967, 0.011272537522, 0.0142561513931, 0.0156168797985, 0.0158648304641, 0.00612329086289, 0.0035411156714, 0.00496793724597, 0.0133933313191, 0.0199974328279, 0.0162197407335, 0.00531134475023, 0.00605336716399, 0.00727619789541, 0.00442519038916, 0.0046251276508, 0.00819069799036, 0.0113966241479, 0.017639445141, 0.0141816101968, 0.0203464254737, 0.0262307468802, 0.0222002286464, 0.0144936926663, 0.00961640942842]
        var: [0.040447961539, 0.0425533466041, 0.0543730035424, 0.0640113726258, 0.0380961149931, 0.0428794324398, 0.0552230738103, 0.0569852590561, 0.114881522954, 0.114773549139, 0.0412157252431, 0.0872833952308, 0.0926128178835, 0.0442924909294, 0.0322739854455, 0.0409509986639, 0.0395161323249, 0.0305417831987, 0.0274546816945, 0.0242595691234, 0.0339617356658, 0.0300111677498, 0.0332468152046, 0.0375285446644, 0.0392475798726, 0.0284048933536, 0.0282863155007, 0.020089616999, 0.0224581025541, 0.0600683651865, 0.0882944464684, 0.0412927269936, 0.0433539897203, 0.0412468463182, 0.0382401421666, 0.0382984764874]
    chords_histogram: [21.1981563568, 11.520737648, 1.38248848915, 11.0599079132, 0, 0, 0, 0, 0.460829496384, 6.91244220734, 7.37327194214, 0, 0, 6.45161294937, 0, 0, 3.68663597107, 20.2764968872, 0, 0, 2.7649769783, 0, 0, 6.91244220734]
    thpcp: [1, 0.955773890018, 0.641362965107, 0.72788977623, 0.758157253265, 0.536403656006, 0.473964214325, 0.513462543488, 0.477803021669, 0.436962723732, 0.418242484331, 0.443322569132, 0.529454231262, 0.521657109261, 0.50818157196, 0.554860830307, 0.51448982954, 0.459878981113, 0.451823353767, 0.422477930784, 0.497409015894, 0.819211542606, 0.910260975361, 0.657775878906, 0.571173071861, 0.560601711273, 0.487430304289, 0.45434486866, 0.461814492941, 0.504402756691, 0.581096172333, 0.574004709721, 0.537006080151, 0.612470805645, 0.65487998724, 0.719047725201]
    chords_key: "C"
    chords_scale: "major"
    key_key: "C"
    key_scale: "major"
    chords_progression: ["Cm", "Cm", "Cm", "C", "C", "C", "C", "Bm", "Bm", "Bm", "Bm", "Bm", "Bm", "Bm", "Bm", "Bm", "Bm", "Bm", "Bm", "Bm", "Bm", "Bm", "Bm", "Bm", "Cm", "Bm", "Cm", "Bm", "Bm", "Bm", "Bm", "Bm", "Bm", "Cm", "Cm", "Cm", "Cm", "Cm", "Cm", "Cm", "Cm", "Cm", "Cm", "Cm", "Cm", "Cm", "Cm", "Cm", "Cm", "Cm", "Cm", "Cm", "Cm", "Cm", "Cm", "Cm", "Cm", "Cm", "Cm", "Cm", "Cm", "Cm", "Cm", "Cm", "Cm", "Cm", "Cm", "C", "C", "C", "C", "C", "C", "C", "C", "C", "Em", "Em", "Em", "Em", "Em", "Em", "Em", "Em", "Em", "Em", "Em", "Em", "Em", "Em", "Em", "Em", "Em", "Em", "Em", "Em", "Em", "Em", "Em", "Em", "A#", "A#", "A#", "A#", "A#", "A#", "A#m", "A#m", "A#m", "A#m", "A#m", "A#m", "A#m", "A#m", "A#m", "A#m", "A#m", "A#m", "A#m", "Am", "Am", "Am", "Am", "A#m", "Am", "Am", "Am", "Am", "Am", "Am", "Am", "Am", "Am", "Am", "Am", "C", "C", "C", "C", "Cm", "C", "C", "C", "C", "C", "C", "C", "Cm", "Cm", "Cm", "C", "C", "C", "C", "C", "C", "C", "C", "B", "B", "B", "B", "B", "B", "B", "B", "B", "B", "B", "B", "C", "C", "B", "C", "B", "C", "B", "C", "C", "C", "C", "C", "C", "C", "C", "C", "B", "G", "G", "G", "C", "Em", "E", "G#m", "G#m", "G#m", "G#m", "G#m", "G#m", "G#m", "G#m", "G#m", "G#m", "G#", "G#", "G#", "G#", "G#", "G#", "G#", "G#", "G#m", "G#m", "G#m", "G#m", "G#m", "Cm"]
