
metadata:
    version:
        essentia: "1.2.2"
    audio_properties:
        analysis_sample_rate: 44100
        bitrate: 128
        channels: 2
        equal_loudness: 1
        length: 10.0048980713
        replay_gain: -6.94262313843
        downmix: "mix"
    tags:
        track: 4
        year: 0
        album: "Splitted by Mp3Splt v. 2.1"
        artist: "From 000.30 To 000.40"
        comment: "http://mp3splt.sf.net"
        genre: ""
        title: "08 Up.mp3"

highlevel:
    ballroom:
        all:
            ChaChaCha: 0.291668236256
            Jive: 0.175186172128
            Quickstep: 0.00273600849323
            Rumba-American: 0.000703663565218
            Rumba-International: 0.00132576213218
            Rumba-Misc: 0.00171915465035
            Samba: 0.524446845055
            Tango: 0.000906159286387
            VienneseWaltz: 0.00070940045407
            Waltz: 0.000598602578975
        probability: 0.524446845055
        value: "Samba"
    culture:
        all:
            non_western: 0.291837096214
            western: 0.708162903786
        probability: 0.708162903786
        value: "western"
    gender:
        all:
            female: 0.828543066978
            male: 0.171456933022
        probability: 0.828543066978
        value: "female"
    genre_dortmund:
        all:
            alternative: 0.0359270274639
            blues: 0.00194265216123
            electronic: 0.636477589607
            folkcountry: 0.0367434471846
            funksoulrnb: 0.00278866011649
            jazz: 0.0327395163476
            pop: 0.12043761462
            raphiphop: 0.00999864004552
            rock: 0.122944869101
        probability: 0.636477589607
        value: "electronic"
    genre_electronica:
        all:
            ambient: 0.081916809082
            dnb: 0.0329414121807
            house: 0.0115431593731
            techno: 0.0110002579167
            trance: 0.862598359585
        probability: 0.862598359585
        value: "trance"
    genre_rosamerica:
        all:
            cla: 0.0126117384061
            dan: 0.702805876732
            hip: 0.00333754927851
            jaz: 0.00983439851552
            pop: 0.0838530361652
            rhy: 0.043683283031
            roc: 0.142757579684
            spe: 0.00111652398482
        probability: 0.702805876732
        value: "dan"
    genre_tzanetakis:
        all:
            blu: 0.0163363739848
            cla: 0.0212404299527
            cou: 0.117798306048
            dis: 0.132690086961
            hip: 0.0253170821816
            jaz: 0.110234029591
            met: 0.0728071406484
            pop: 0.189312681556
            reg: 0.0240248385817
            roc: 0.290239006281
        probability: 0.290239006281
        value: "roc"
    live_studio:
        all:
            live: 0.0318635180593
            studio: 0.968136489391
        probability: 0.968136489391
        value: "studio"
    mood:
        all:
            Cluster1: 0.451140224934
            Cluster2: 0.332676321268
            Cluster3: 0.025937885046
            Cluster4: 0.0655756592751
            Cluster5: 0.124669902027
        probability: 0.451140224934
        value: "Cluster1"
    mood_acoustic:
        all:
            acoustic: 0.00931955594569
            not_acoustic: 0.990680456161
        probability: 0.990680456161
        value: "not_acoustic"
    mood_aggressive:
        all:
            aggressive: 0.296295642853
            not_aggressive: 0.703704357147
        probability: 0.703704357147
        value: "not_aggressive"
    mood_electronic:
        all:
            electronic: 0.869017541409
            not_electronic: 0.130982473493
        probability: 0.869017541409
        value: "electronic"
    mood_happy:
        all:
            happy: 0.754522740841
            not_happy: 0.245477288961
        probability: 0.754522740841
        value: "happy"
    mood_party:
        all:
            not_party: 0.383307158947
            party: 0.616692841053
        probability: 0.616692841053
        value: "party"
    mood_relaxed:
        all:
            not_relaxed: 0.817259788513
            relaxed: 0.182740211487
        probability: 0.817259788513
        value: "not_relaxed"
    mood_sad:
        all:
            not_sad: 0.7877856493
            sad: 0.212214335799
        probability: 0.7877856493
        value: "not_sad"
    rhythm:
        all:
            fast: 0.830715835094
            medium: 0.130385175347
            slow: 0.0388989672065
        probability: 0.830715835094
        value: "fast"
    speech_music:
        all:
            music: 0.999996781349
            speech: 3.23086715071e-06
        probability: 0.999996781349
        value: "music"
    timbre:
        all:
            bright: 0.831796765327
            dark: 0.168203234673
        probability: 0.831796765327
        value: "bright"
    voice_instrumental:
        all:
            instrumental: 0.466407924891
            voice: 0.533592045307
        probability: 0.533592045307
        value: "voice"

lowlevel:
    average_loudness: 0.98147469759
    barkbands_kurtosis:
        dmean: 0.679849863052
        dmean2: 1.20620977879
        dvar: 1.49591267109
        dvar2: 4.36544036865
        max: 8.94540023804
        mean: -1.00577676296
        min: -1.87866532803
        var: 1.1409804821
    barkbands_skewness:
        dmean: 0.513600826263
        dmean2: 0.792985081673
        dvar: 0.216350436211
        dvar2: 0.555954396725
        max: 2.04992747307
        mean: -0.126796409488
        min: -3.03673505783
        var: 0.446593284607
    barkbands_spread:
        dmean: 7.55256128311
        dmean2: 11.5175800323
        dvar: 39.1646270752
        dvar2: 99.7329940796
        max: 66.0834121704
        mean: 39.2329826355
        min: 11.9467878342
        var: 80.0813369751
    dissonance:
        dmean: 0.0146114220843
        dmean2: 0.0234932042658
        dvar: 0.000174013941432
        dvar2: 0.00038100904203
        max: 0.499418348074
        mean: 0.472138762474
        min: 0.333248525858
        var: 0.000268972915364
    hfc:
        dmean: 5.5030374527
        dmean2: 8.62491703033
        dvar: 53.498840332
        dvar2: 127.388885498
        max: 53.0977554321
        mean: 8.3392124176
        min: 0.0461042113602
        var: 70.0390548706
    pitch:
        dmean: 1374.10437012
        dmean2: 2663.12817383
        dvar: 2820738
        dvar2: 6216553
        max: 4900
        mean: 1424.77441406
        min: 98.2182617188
        var: 2791592.5
    pitch_instantaneous_confidence:
        dmean: 0.114393308759
        dmean2: 0.18969322741
        dvar: 0.00850560609251
        dvar2: 0.0228204615414
        max: 0.829370200634
        mean: 0.420883774757
        min: 0.156227588654
        var: 0.0151292253286
    pitch_salience:
        dmean: 0.0827137902379
        dmean2: 0.134905695915
        dvar: 0.00444302055985
        dvar2: 0.0114851361141
        max: 0.856587767601
        mean: 0.587156236172
        min: 0.347898989916
        var: 0.00820349808782
    silence_rate_20dB:
        dmean: 0
        dmean2: 0
        dvar: 0
        dvar2: 0
        max: 1
        mean: 1
        min: 1
        var: 0
    silence_rate_30dB:
        dmean: 0
        dmean2: 0
        dvar: 0
        dvar2: 0
        max: 1
        mean: 1
        min: 1
        var: 0
    silence_rate_60dB:
        dmean: 0.283062636852
        dmean2: 0.565116286278
        dvar: 0.202938050032
        dvar2: 0.348085492849
        max: 1
        mean: 0.560185194016
        min: 0
        var: 0.246376857162
    spectral_centroid:
        dmean: 476.780670166
        dmean2: 726.385070801
        dvar: 158136.078125
        dvar2: 421750.3125
        max: 4100.45410156
        mean: 2080.26416016
        min: 702.931518555
        var: 382749.25
    spectral_complexity:
        dmean: 5.37906980515
        dmean2: 8.14219093323
        dvar: 42.9283218384
        dvar2: 81.2595825195
        max: 54
        mean: 11.8004636765
        min: 0
        var: 68.4288330078
    spectral_crest:
        dmean: 2.17224287987
        dmean2: 3.69950437546
        dvar: 4.66869974136
        dvar2: 13.4363517761
        max: 18.5476875305
        mean: 6.71234321594
        min: 2.84469747543
        var: 6.64425373077
    spectral_decrease:
        dmean: 5.21557463884e-10
        dmean2: 8.23651979953e-10
        dvar: 5.10394012593e-19
        dvar2: 1.22289792394e-18
        max: -5.33128879585e-12
        mean: -8.35750524342e-10
        min: -4.43070247158e-09
        var: 5.509774063e-19
    spectral_energy:
        dmean: 0.00244011147879
        dmean2: 0.00382182234898
        dvar: 1.03570218926e-05
        dvar2: 2.47786483669e-05
        max: 0.0205328334123
        mean: 0.00391070684418
        min: 2.43033682636e-05
        var: 1.1846364032e-05
    spectral_energyband_high:
        dmean: 0.000578489853069
        dmean2: 0.000921005557757
        dvar: 6.67170240831e-07
        dvar2: 1.59807962063e-06
        max: 0.00643639732152
        mean: 0.000753998348955
        min: 2.6247146252e-06
        var: 9.29241139147e-07
    spectral_energyband_low:
        dmean: 0.00033215622534
        dmean2: 0.000541089102626
        dvar: 3.82706559776e-07
        dvar2: 9.85403175946e-07
        max: 0.00460885744542
        mean: 0.000316998834023
        min: 4.847662467e-07
        var: 3.34852472861e-07
    spectral_energyband_middle_high:
        dmean: 0.000908680434804
        dmean2: 0.001430412638
        dvar: 2.30675846069e-06
        dvar2: 5.93647064306e-06
        max: 0.0119984298944
        mean: 0.00168316031341
        min: 1.14067961476e-05
        var: 2.22435869546e-06
    spectral_energyband_middle_low:
        dmean: 0.00100947672036
        dmean2: 0.00169875775464
        dvar: 2.84257134808e-06
        dvar2: 7.28410896045e-06
        max: 0.00981978978962
        mean: 0.00115650391672
        min: 9.78655771178e-06
        var: 2.34011895373e-06
    spectral_flatness_db:
        dmean: 0.0162054374814
        dmean2: 0.0258536282927
        dvar: 0.000240074572503
        dvar2: 0.000630006077699
        max: 0.235057830811
        mean: 0.118991911411
        min: 0.0746887400746
        var: 0.00055685575353
    spectral_flux:
        dmean: 0.015150946565
        dmean2: 0.0230017974973
        dvar: 0.000266390328761
        dvar2: 0.000497114437167
        max: 0.120453745127
        mean: 0.0422949641943
        min: 0.00492984475568
        var: 0.000462338124635
    spectral_kurtosis:
        dmean: 0.814303517342
        dmean2: 1.20869469643
        dvar: 0.520314693451
        dvar2: 1.15799427032
        max: 7.10038852692
        mean: 1.48449456692
        min: -0.171937942505
        var: 0.907922685146
    spectral_rms:
        dmean: 0.000544082664419
        dmean2: 0.000818355358206
        dvar: 3.23578291272e-07
        dvar2: 7.2840964549e-07
        max: 0.00447571557015
        mean: 0.00182468257844
        min: 0.000153982473421
        var: 4.85853718146e-07
    spectral_rolloff:
        dmean: 467.220458984
        dmean2: 753.712219238
        dvar: 189858.90625
        dvar2: 469786.65625
        max: 5318.70117188
        mean: 3972.75
        min: 861.328125
        var: 335593.28125
    spectral_skewness:
        dmean: 0.209735944867
        dmean2: 0.317843586206
        dvar: 0.026977583766
        dvar2: 0.061704069376
        max: 2.08733463287
        mean: 1.06079244614
        min: 0.512611806393
        var: 0.0605251416564
    spectral_spread:
        dmean: 855520.4375
        dmean2: 1315719.5
        dvar: 622276050944
        dvar2: 1.43769206784e+12
        max: 11136972
        mean: 7043780
        min: 3548956.25
        var: 1.53416145306e+12
    spectral_strongpeak:
        dmean: 0.63980948925
        dmean2: 1.11369848251
        dvar: 0.874433100224
        dvar2: 2.29974770546
        max: 6.56497430801
        mean: 0.736453533173
        min: 0.00347948842682
        var: 1.00428926945
    zerocrossingrate:
        dmean: 0.0129644349217
        dmean2: 0.0157445091754
        dvar: 7.60269176681e-05
        dvar2: 0.00013122431119
        max: 0.18310546875
        mean: 0.119534872472
        min: 0.05859375
        var: 0.000488684570882
    barkbands:
        dmean: [4.71698626825e-07, 7.06992723281e-05, 0.000296580663417, 0.000348810630385, 0.000412550958572, 0.000190852806554, 6.51201116852e-05, 5.25590003235e-05, 5.93684671912e-05, 0.000169727296452, 3.51554408553e-05, 2.93376961054e-05, 2.98846262012e-05, 3.24874345097e-05, 9.81617486104e-05, 6.7775567004e-05, 0.000121018463688, 0.000142752498505, 0.000285243906546, 0.000385468738386, 0.000327408110024, 8.10868586996e-05, 3.59349214705e-05, 2.34415820159e-05, 8.29959572002e-06, 4.1572951659e-07, 9.71887570422e-10]
        dmean2: [5.56388101813e-07, 0.000106084167783, 0.000504525261931, 0.000642315368168, 0.000700771110132, 0.000335122458637, 0.000110565844807, 8.82585591171e-05, 9.76528826868e-05, 0.000251457066042, 6.11461582594e-05, 4.85669152113e-05, 5.24475362909e-05, 5.5568300013e-05, 0.000166398851434, 0.000117998060887, 0.00020090106409, 0.000237135318457, 0.000448816106655, 0.000641431019176, 0.000547143805306, 0.000128609652165, 5.71993223275e-05, 3.52252027369e-05, 1.2468030036e-05, 6.82832251186e-07, 1.55444557226e-09]
        dvar: [2.91637742601e-12, 1.08590745285e-08, 3.69967835923e-07, 1.09416532723e-06, 5.00420640037e-07, 8.84903599285e-08, 1.81246502251e-08, 9.37552790958e-09, 1.82436856733e-08, 2.84315131438e-08, 9.00394692138e-09, 5.844116302e-09, 7.4113177817e-09, 4.69100358558e-09, 9.23842602418e-09, 3.04594571787e-08, 1.12763096638e-07, 6.32521448551e-08, 1.63880017112e-07, 4.02141068889e-07, 4.48569068112e-07, 8.5699918273e-09, 2.17132622993e-09, 1.25690313713e-09, 9.80271003259e-11, 5.8560773418e-13, 3.08726469354e-18]
        dvar2: [3.02497935555e-12, 2.37357511423e-08, 9.46414047576e-07, 3.07873665406e-06, 1.29427655793e-06, 2.44627443635e-07, 5.01771708628e-08, 2.41884361429e-08, 4.62506406507e-08, 6.56067484783e-08, 2.45185169945e-08, 1.55967292415e-08, 2.0636189646e-08, 1.22951249182e-08, 2.58577781409e-08, 8.4377390408e-08, 3.06552408347e-07, 1.55452269723e-07, 4.21558070229e-07, 1.10022199351e-06, 1.22467076835e-06, 1.8669654267e-08, 4.82975215377e-09, 2.72714184568e-09, 2.0687286606e-10, 1.55575801807e-12, 5.89987357725e-18]
        max: [3.4807882912e-05, 0.000842089881189, 0.00442960485816, 0.00555338198319, 0.00436026137322, 0.00179414020386, 0.00124932033941, 0.00092539167963, 0.00131495553069, 0.00198048749007, 0.000845471862704, 0.000798751192633, 0.000900986487977, 0.000546645896975, 0.000735044770408, 0.00143152312376, 0.0031202104874, 0.00193397991825, 0.00299326167442, 0.00453862641007, 0.00603993749246, 0.0007659807452, 0.000344919593772, 0.000246567040449, 7.65872464399e-05, 6.25363418294e-06, 2.47096245687e-08]
        mean: [1.0185225392e-06, 0.000102142847027, 0.000213884923141, 0.000225151656196, 0.000457767018816, 0.000275244557997, 7.34281929908e-05, 5.31630394107e-05, 6.35409596725e-05, 0.000336817349307, 3.61474048987e-05, 3.13952041324e-05, 2.5878467568e-05, 3.68540895579e-05, 0.000170607789187, 6.90045708325e-05, 0.000132891858811, 0.000181512645213, 0.000439987838035, 0.000435504654888, 0.000381136342185, 9.43169143284e-05, 3.68415203411e-05, 2.62378252955e-05, 9.75995590125e-06, 4.71518006862e-07, 1.07197895005e-09]
        min: [5.25275822838e-10, 1.44021726101e-07, 2.13840124275e-07, 2.49652885032e-07, 3.46703586729e-07, 1.49764969137e-06, 1.47629339153e-06, 5.60497142033e-07, 8.14429313323e-07, 2.74004969469e-06, 3.79965001684e-07, 3.10447745733e-07, 1.02579022609e-07, 5.19951754541e-07, 2.70598889074e-07, 1.65325118928e-07, 8.48037757351e-07, 5.00964063122e-07, 3.0269529816e-06, 2.49356526183e-06, 7.88942088548e-07, 6.55509381886e-07, 3.85581898854e-07, 1.65406319752e-07, 3.67877213137e-08, 2.07008254982e-09, 1.65842339861e-11]
        var: [4.01551838655e-12, 1.80204899891e-08, 2.84029823661e-07, 6.44566398478e-07, 4.16667433001e-07, 7.87857672435e-08, 1.39021878454e-08, 8.38736990971e-09, 1.67972817877e-08, 5.56709025545e-08, 6.31036378707e-09, 4.63284477448e-09, 4.8824562171e-09, 3.89469700934e-09, 1.15499441122e-08, 2.06542019043e-08, 7.93773580199e-08, 6.06365162525e-08, 2.01745166351e-07, 4.0250404254e-07, 4.15176060642e-07, 1.41060683134e-08, 2.52868304074e-09, 1.43790279683e-09, 1.35572400528e-10, 5.99614758887e-13, 3.21128016046e-18]
    mfcc:
        mean: [-694.853515625, 68.0878143311, -20.0347728729, 48.0833625793, -13.1791877747, -6.9487657547, 2.74518656731, -4.2486333847, 0.192241489887, 0.493536531925, -16.8181324005, -17.719127655, -10.1165628433]
        cov: [[1620.38134766, -356.115966797, 174.585327148, -43.8083648682, -109.950408936, 18.7411708832, -119.510498047, -36.7027397156, -77.5520172119, -90.7618484497, 49.0950050354, 98.0555801392, 9.64105606079], [-356.115966797, 295.301513672, -43.9096794128, 16.4170608521, 79.7281417847, -21.9987335205, 38.0123291016, 20.9532814026, 24.4373703003, 28.5207481384, -19.3291988373, -25.9798107147, -7.18614864349], [174.585327148, -43.9096794128, 230.351623535, 50.0837516785, 74.7173309326, 61.169002533, 19.5079421997, 25.4619598389, 17.959104538, 12.8534317017, 18.2505931854, -6.33110189438, 6.27238893509], [-43.8083648682, 16.4170608521, 50.0837516785, 170.451965332, 19.1514472961, 51.5104255676, 55.3453903198, 13.9768896103, 37.0512771606, 18.1735363007, -0.684631347656, -11.4135742188, -2.07881855965], [-109.950408936, 79.7281417847, 74.7173309326, 19.1514472961, 155.684677124, 40.0251121521, 42.1737594604, 16.5353870392, 7.04094171524, 18.9868087769, -9.46507549286, -18.1091442108, 1.36225008965], [18.7411708832, -21.9987335205, 61.169002533, 51.5104255676, 40.0251121521, 92.9808044434, 28.6295623779, 22.5801963806, 25.3062496185, 3.03598284721, 3.12436318398, -12.823964119, 8.3388671875], [-119.510498047, 38.0123291016, 19.5079421997, 55.3453903198, 42.1737594604, 28.6295623779, 101.575942993, 28.0362529755, 23.467086792, 25.6986198425, -11.8898496628, -11.1279582977, -3.55454349518], [-36.7027397156, 20.9532814026, 25.4619598389, 13.9768896103, 16.5353870392, 22.5801963806, 28.0362529755, 58.7857780457, 27.4282913208, 14.519402504, 7.33101081848, -7.88053798676, 6.87750339508], [-77.5520172119, 24.4373703003, 17.959104538, 37.0512771606, 7.04094171524, 25.3062496185, 23.467086792, 27.4282913208, 54.3777198792, 28.3379650116, 8.68119907379, -4.7925491333, 2.81985640526], [-90.7618484497, 28.5207481384, 12.8534317017, 18.1735363007, 18.9868087769, 3.03598284721, 25.6986198425, 14.519402504, 28.3379650116, 54.4151039124, 18.9149227142, 1.25333607197, 1.77000617981], [49.0950050354, -19.3291988373, 18.2505931854, -0.684631347656, -9.46507549286, 3.12436318398, -11.8898496628, 7.33101081848, 8.68119907379, 18.9149227142, 45.2072944641, 20.1974105835, 12.5224924088], [98.0555801392, -25.9798107147, -6.33110189438, -11.4135742188, -18.1091442108, -12.823964119, -11.1279582977, -7.88053798676, -4.7925491333, 1.25333607197, 20.1974105835, 52.9959411621, 20.1436233521], [9.64105606079, -7.18614864349, 6.27238893509, -2.07881855965, 1.36225008965, 8.3388671875, -3.55454349518, 6.87750339508, 2.81985640526, 1.77000617981, 12.5224924088, 20.1436233521, 43.7433815002]]
        icov: [[0.00120437040459, 0.000715696602128, -0.00104914919939, -5.2598919865e-05, 0.000510688929353, -0.0003741113469, 0.000675712770317, -0.000523986353073, 0.00107921322342, 0.0010813093977, -0.00019554780738, -0.00214696722105, 0.00112409854773], [0.000715696602128, 0.00612597586587, 0.00143333151937, -0.000957776210271, -0.00387402041815, 0.00346005591564, 0.000466079189209, -0.00162735162303, -0.00223801028915, 0.000262211775407, 0.000650885049254, 0.00053653906798, 5.26275507582e-05], [-0.00104914919939, 0.00143333151937, 0.00799470860511, -0.0015334635973, -0.00463045621291, -0.000830735545605, 0.000471629289677, -0.00143093662336, -0.00131373479962, -0.000535275612492, -0.00252350792289, 0.00240393122658, -0.00046491692774], [-5.2598919865e-05, -0.000957776210271, -0.0015334635973, 0.00926239136606, 0.00189442071132, -0.00346703268588, -0.00445280550048, 0.00358266173862, -0.00423440616578, 0.000727288948838, -0.000526031013578, 0.00051329791313, 0.000348883477272], [0.000510688929353, -0.00387402041815, -0.00463045621291, 0.00189442071132, 0.0131353931502, -0.00586516037583, -0.00205127731897, 0.000589839473832, 0.00602114573121, -0.00435652164742, 0.00330367148854, -0.000736187386792, -0.000363985949662], [-0.0003741113469, 0.00346005591564, -0.000830735545605, -0.00346703268588, -0.00586516037583, 0.0215244702995, -0.00266897887923, -0.00118056684732, -0.00953220482916, 0.00767400301993, -0.0039134202525, 0.00629048747942, -0.00481910351664], [0.000675712770317, 0.000466079189209, 0.000471629289677, -0.00445280550048, -0.00205127731897, -0.00266897887923, 0.0186144206673, -0.00771695841104, 0.00349340215325, -0.00867144204676, 0.00939935073256, -0.0045049614273, 0.00245637749322], [-0.000523986353073, -0.00162735162303, -0.00143093662336, 0.00358266173862, 0.000589839473832, -0.00118056684732, -0.00771695841104, 0.0281696785241, -0.012569623068, 0.00397371547297, -0.00662753591314, 0.00647552963346, -0.00506092747673], [0.00107921322342, -0.00223801028915, -0.00131373479962, -0.00423440616578, 0.00602114573121, -0.00953220482916, 0.00349340215325, -0.012569623068, 0.0410078130662, -0.0178590454161, 0.00390532310121, -0.00362861389294, 0.00190347316675], [0.0010813093977, 0.000262211775407, -0.000535275612492, 0.000727288948838, -0.00435652164742, 0.00767400301993, -0.00867144204676, 0.00397371547297, -0.0178590454161, 0.0401402972639, -0.0197909288108, 0.00170325324871, 0.00166772736702], [-0.00019554780738, 0.000650885049254, -0.00252350792289, -0.000526031013578, 0.00330367148854, -0.0039134202525, 0.00939935073256, -0.00662753591314, 0.00390532310121, -0.0197909288108, 0.0421116501093, -0.0127692855895, -0.00269031780772], [-0.00214696722105, 0.00053653906798, 0.00240393122658, 0.00051329791313, -0.000736187386792, 0.00629048747942, -0.0045049614273, 0.00647552963346, -0.00362861389294, 0.00170325324871, -0.0127692855895, 0.0348107032478, -0.0145290754735], [0.00112409854773, 5.26275507582e-05, -0.00046491692774, 0.000348883477272, -0.000363985949662, -0.00481910351664, 0.00245637749322, -0.00506092747673, 0.00190347316675, 0.00166772736702, -0.00269031780772, -0.0145290754735, 0.0319005958736]]
    spectral_contrast:
        mean: [-1.33819824555e-07, 2.77408787497e-07, 5.45748548575e-07, 5.80401945172e-07, 4.85480541101e-07, 1.3075683114e-07, 2.87824059342e-06, 9.76423621069e-07, 3.37741221301e-06, -1.17404556477e-06, -4.55209737993e-06, -4.52497442893e-06]
        var: [0.000492670049425, 0.000698812364135, 0.000932350056246, 0.00140952703077, 0.00183390348684, 0.00406396156177, 0.0309946741909, 0.0485999472439, 0.105586014688, 0.145384579897, 0.280593156815, 1.22802937031]

rhythm:
    beats_loudness:
        dmean: 0.00562343234196
        dmean2: 0.00945050362498
        dvar: 4.72169040222e-06
        dvar2: 1.60763775057e-05
        max: 0.0130495158955
        mean: 0.00683770701289
        min: 0.0016823929036
        var: 1.39909525387e-05
    beats_loudness_bass:
        dmean: 0.102818928659
        dmean2: 0.214548885822
        dvar: 0.0140122920275
        dvar2: 0.0418999679387
        max: 0.331840008497
        mean: 0.0546364150941
        min: 0.0016407892108
        var: 0.0092245945707
    bpm: 130.881271362
    bpm_confidence: 0
    first_peak_bpm: 131
    first_peak_spread: 0
    first_peak_weight: 0.949999988079
    onset_rate: 7.59627962112
    second_peak_bpm: 118
    second_peak_spread: 0
    second_peak_weight: 0.0500000007451
    beats_position: [0.500803351402, 0.9592269063, 1.41765034199, 1.87607383728, 2.33449745178, 2.79292082787, 3.25134420395, 3.70976758003, 4.16819095612, 4.62661409378, 5.08503723145, 5.54346084595, 6.05088996887, 6.5093255043, 6.96776151657, 7.42619657516, 7.88463258743, 8.34306812286, 8.80150413513, 9.25993919373, 9.71837520599]
    bpm_estimates: [130.929275513, 130.846664429, 130.93321228, 130.868225098, 130.793731689, 130.929031372, 130.899841309, 130.829940796, 130.896255493, 130.825973511, 130.890792847, 131.022750854, 130.897155762, 130.781524658, 130.874801636]
    bpm_intervals: [0.458423554897, 0.458423435688, 0.458423495293, 0.458423614502, 0.458423376083, 0.458423376083, 0.458423376083, 0.458423376083, 0.458423137665, 0.458423137665, 0.458423614502, 0.507429122925, 0.458435535431, 0.458436012268, 0.458435058594, 0.458436012268, 0.458435535431, 0.458436012268, 0.458435058594, 0.458436012268]
    onset_times: [0.0464399084449, 0.150929704309, 0.49922901392, 0.743038535118, 0.859138309956, 0.975238084793, 1.09133791924, 1.19582772255, 1.32353746891, 1.42802715302, 1.66022670269, 1.77632653713, 1.89242625237, 2.00852608681, 2.11301589012, 2.24072551727, 2.34521532059, 2.57741498947, 2.70512461662, 2.82122445107, 2.93732428551, 3.04181408882, 3.26240372658, 3.40172338486, 3.50621318817, 3.62231302261, 3.72680282593, 3.85451245308, 3.97061228752, 4.08671188354, 4.19120168686, 4.31891155243, 4.42340135574, 4.55111122131, 4.66721105576, 4.7833108902, 4.88780021667, 5.01551008224, 5.11999988556, 5.35219955444, 5.46829938889, 5.58439922333, 5.70049905777, 5.81659841537, 5.93269824982, 6.03718805313, 6.26938772202, 6.39709758759, 6.51319742203, 6.62929725647, 6.73378705978, 6.9543762207, 7.0936961174, 7.18657588959, 7.31428575516, 7.41877555847, 7.54648542404, 7.67419481277, 7.77868461609, 7.8831744194, 8.01088428497, 8.11537456512, 8.24308395386, 8.35918331146, 8.46367359161, 8.57977294922, 8.71909332275, 8.8119726181, 9.04417228699, 9.16027164459, 9.27637195587, 9.39247131348, 9.50857162476, 9.62467098236, 9.72916126251, 9.9613609314]
    rubato_start: []
    rubato_stop: []
    perceptual_tempo: "unknown"

sfx:
    inharmonicity:
        dmean: 0.0579203777015
        dmean2: 0.101951412857
        dvar: 0.00331040262245
        dvar2: 0.00936325639486
        max: 0.435318470001
        mean: 0.0623537749052
        min: 0
        var: 0.0033703786321
    oddtoevenharmonicenergyratio:
        dmean: 3.0313835144
        dmean2: 5.57283449173
        dvar: 189.032119751
        dvar2: 485.581817627
        max: 139.487670898
        mean: 2.18345999718
        min: 0
        var: 137.508377075
    pitch_after_max_to_before_max_energy_ratio: 2.37337899208
    pitch_centroid: 202.364273071
    pitch_max_to_total: 0.211136892438
    pitch_min_to_total: 0.784222722054
    tristimulus:
        dmean: [0.179744660854, 0.252099722624, 0.193927049637]
        dmean2: [0.305869221687, 0.428687274456, 0.340883374214]
        dvar: [0.0216814167798, 0.0398230068386, 0.0227338932455]
        dvar2: [0.0604220442474, 0.114948906004, 0.0635427162051]
        max: [1, 0.974355757236, 0.823685526848]
        mean: [0.317191749811, 0.413208544254, 0.212015613914]
        min: [0.0074796420522, 0, 0]
        var: [0.0337643139064, 0.0519150644541, 0.0292140860111]

tonal:
    chords_changes_rate: 0.0184331797063
    chords_number_rate: 0.0230414755642
    chords_strength:
        dmean: 0.00596296787262
        dmean2: 0.00763447210193
        dvar: 2.26904758165e-05
        dvar2: 3.32683011948e-05
        max: 0.598910987377
        mean: 0.528413295746
        min: 0.440172195435
        var: 0.00126819172874
    key_strength: 0.651275515556
    tuning_diatonic_strength: 0.614593744278
    tuning_equal_tempered_deviation: 0.123774476349
    tuning_frequency: 440.763122559
    tuning_nontempered_energy_ratio: 0.843388915062
    hpcp:
        dmean: [0.214810490608, 0.166458249092, 0.130632787943, 0.139001011848, 0.169715195894, 0.189682275057, 0.208451911807, 0.198045253754, 0.158148750663, 0.14799644053, 0.14882530272, 0.144457623363, 0.123153835535, 0.0998698696494, 0.186398819089, 0.214496776462, 0.13561116159, 0.103262275457, 0.103620022535, 0.108266986907, 0.113226659596, 0.127999037504, 0.0974162444472, 0.07229257375, 0.0688572451472, 0.0574752315879, 0.0574460327625, 0.0544074289501, 0.0508563667536, 0.0933422744274, 0.129918769002, 0.100787177682, 0.0763544514775, 0.0873849391937, 0.187562942505, 0.207150295377]
        dmean2: [0.351200163364, 0.27546826005, 0.234928146005, 0.258483618498, 0.316565096378, 0.348479032516, 0.375850915909, 0.367300122976, 0.289413571358, 0.26895365119, 0.273969769478, 0.259877055883, 0.224052220583, 0.169717028737, 0.313529014587, 0.354672849178, 0.234855294228, 0.188880443573, 0.191917330027, 0.199157997966, 0.193791180849, 0.222733840346, 0.174071252346, 0.124288849533, 0.116017125547, 0.0996028780937, 0.0994813367724, 0.0906516313553, 0.0843831598759, 0.149595141411, 0.207715660334, 0.168505996466, 0.134795233607, 0.156279802322, 0.282327383757, 0.359995543957]
        dvar: [0.0412895902991, 0.0222775246948, 0.03110335581, 0.028098480776, 0.0369277410209, 0.0375488735735, 0.0459969677031, 0.0422005094588, 0.0399687960744, 0.0392143949866, 0.0495420135558, 0.0379342101514, 0.0209764260799, 0.0113756321371, 0.0358381681144, 0.0444191470742, 0.0176719501615, 0.0193810332566, 0.0272929463536, 0.0279214847833, 0.0207222849131, 0.0198393259197, 0.020517738536, 0.00947948452085, 0.00776665145531, 0.00607355870306, 0.00479434104636, 0.00433535175398, 0.0031475382857, 0.00982731208205, 0.0256014615297, 0.0143705382943, 0.00971428398043, 0.0111425165087, 0.035228818655, 0.0369175598025]
        dvar2: [0.0952735394239, 0.053602591157, 0.0883853584528, 0.0770590305328, 0.106705568731, 0.101933456957, 0.124225094914, 0.119949042797, 0.112963341177, 0.107916913927, 0.133732244372, 0.104385413229, 0.0605305060744, 0.0277495346963, 0.10130315274, 0.107671447098, 0.0451841317117, 0.0541693381965, 0.0738516151905, 0.0791222304106, 0.0547099523246, 0.0513168051839, 0.0565237142146, 0.0259930565953, 0.018871076405, 0.0165074951947, 0.0130978515372, 0.0106862382963, 0.0084843756631, 0.0245460178703, 0.0697070807219, 0.0383755005896, 0.0268164165318, 0.0307239107788, 0.0859474688768, 0.0975512117147]
        max: [1, 0.96182101965, 1, 1, 1, 1, 1, 1, 1, 1, 1, 1, 1, 0.872663497925, 1, 1, 0.800612747669, 1, 1, 1, 1, 1, 1, 0.774792015553, 1, 0.538647890091, 0.535842359066, 0.496482312679, 0.465817123652, 1, 1, 0.720896601677, 0.690589308739, 0.570479094982, 1, 1]
        mean: [0.764256775379, 0.309456437826, 0.15198636055, 0.152410939336, 0.164742484689, 0.212870299816, 0.257495641708, 0.210570201278, 0.170344427228, 0.167930319905, 0.166851222515, 0.1817805022, 0.15298423171, 0.131255850196, 0.27430164814, 0.346207201481, 0.194266557693, 0.102839015424, 0.08955232054, 0.0913005098701, 0.161592930555, 0.199161216617, 0.125585153699, 0.0930777788162, 0.103668048978, 0.0781095549464, 0.0822631269693, 0.0851401463151, 0.0740775987506, 0.151131808758, 0.208531036973, 0.143833592534, 0.0914149582386, 0.0952474027872, 0.304771780968, 0.786363303661]
        min: [0.0902691185474, 0.0392805412412, 0.0141099309549, 0.0128268674016, 0.0120175406337, 0.0245072059333, 0.0294492542744, 0.0169040076435, 0.0136969788, 0.0142967598513, 0.0208299923688, 0.0270545128733, 0.0164262261242, 0.00890468992293, 0.0186572168022, 0.0273789353669, 0.0154141839594, 0.00566597515717, 0.00236221053638, 0.00388714275323, 0.00691229803488, 0.00528996950015, 0.00910679996014, 0.000271680444712, 0.00279244268313, 0.00510693294927, 0.00797431450337, 0.00224072765559, 0.00275638443418, 0.00933220703155, 0.0204549171031, 0.0122837526724, 0.00927020423114, 0.00596997421235, 0.0205800496042, 0.160067021847]
        var: [0.0651449710131, 0.034904550761, 0.0235319659114, 0.0234749596566, 0.0297142658383, 0.0377230122685, 0.0544002875686, 0.0422536171973, 0.0335463099182, 0.0339707992971, 0.0392733551562, 0.0316831469536, 0.0183854736388, 0.0137786064297, 0.0527123846114, 0.0829640477896, 0.0241822917014, 0.014877576381, 0.0199465546757, 0.0189905446023, 0.0270227212459, 0.0450338497758, 0.0218950081617, 0.0141771463677, 0.0229708123952, 0.0069194259122, 0.00646463828161, 0.00831123348325, 0.00391859002411, 0.0171679910272, 0.0382907763124, 0.017020393163, 0.00791932828724, 0.00998893007636, 0.0501324012876, 0.0542289353907]
    chords_histogram: [26.2672805786, 0, 0, 5.0691242218, 0, 5.5299539566, 0, 0, 0, 0, 0, 0, 0, 0, 0, 0, 0, 33.1797218323, 0, 29.9539165497, 0, 0, 0, 0]
    thpcp: [1, 0.971887648106, 0.393528580666, 0.193277537823, 0.193817466497, 0.209499195218, 0.270702242851, 0.327451229095, 0.267777234316, 0.216623067856, 0.213553100824, 0.212180837989, 0.231166049838, 0.194546505809, 0.166915029287, 0.348823040724, 0.440263688564, 0.247044280171, 0.130777999759, 0.113881610334, 0.116104744375, 0.205493986607, 0.253268718719, 0.159703731537, 0.118364855647, 0.131832256913, 0.0993301123381, 0.104612112045, 0.10827074945, 0.0942027643323, 0.192190825939, 0.265184104443, 0.182909846306, 0.116250284016, 0.121123917401, 0.38757121563]
    chords_key: "D"
    chords_scale: "minor"
    key_key: "D"
    key_scale: "major"
    chords_progression: ["Dm", "Dm", "Dm", "Dm", "Dm", "Dm", "Dm", "Dm", "Dm", "Dm", "Dm", "Dm", "Dm", "Dm", "Dm", "Dm", "Dm", "Dm", "Dm", "Dm", "Dm", "Dm", "Dm", "Dm", "Dm", "Dm", "Dm", "Dm", "Dm", "Dm", "Dm", "Dm", "Dm", "Dm", "Dm", "Dm", "Dm", "Dm", "Dm", "Dm", "Dm", "Dm", "Dm", "Dm", "Dm", "Dm", "Dm", "Dm", "Dm", "Dm", "Dm", "Dm", "Dm", "Dm", "Dm", "Dm", "Dm", "Dm", "Dm", "Dm", "Dm", "Dm", "Dm", "Dm", "Dm", "Dm", "Dm", "Dm", "Dm", "Dm", "Dm", "Dm", "C#m", "C#m", "C#m", "C#m", "C#m", "C#m", "C#m", "C#m", "C#m", "C#m", "C#m", "Am", "Am", "Am", "Am", "Am", "Am", "Am", "Am", "Am", "Am", "Am", "Am", "Am", "Am", "Am", "Am", "Am", "Am", "Am", "Am", "Am", "Am", "Am", "Am", "Am", "Am", "Am", "Am", "Am", "Am", "Am", "Am", "Am", "Am", "Am", "Am", "Am", "Am", "Am", "Am", "Am", "Am", "Am", "Am", "Am", "Am", "Am", "Am", "Am", "Am", "Am", "Am", "Am", "Am", "Am", "Am", "Am", "Am", "Am", "Am", "Am", "Am", "Am", "Am", "Am", "G#m", "G#m", "G#m", "G#m", "G#m", "G#m", "G#m", "G#m", "G#m", "G#m", "G#m", "G#m", "D", "D", "D", "D", "D", "D", "D", "D", "D", "D", "D", "D", "D", "D", "D", "D", "D", "D", "D", "D", "D", "D", "D", "D", "D", "D", "D", "D", "D", "D", "D", "D", "D", "D", "D", "D", "D", "D", "D", "D", "D", "D", "D", "D", "D", "D", "D", "D", "D", "D", "D", "D", "D", "D", "D", "D", "D"]
