
metadata:
    version:
        essentia: "1.2.2"
    audio_properties:
        analysis_sample_rate: 44100
        bitrate: 128
        channels: 2
        equal_loudness: 1
        length: 10.0571432114
        replay_gain: -10.3772716522
        downmix: "mix"
    tags:
        track: 9
        year: 0
        album: "Splitted by Mp3Splt v. 2.1"
        artist: "From 001.20 To 001.30"
        comment: "http://mp3splt.sf.net"
        genre: ""
        title: "10 Run Wild.mp3"

highlevel:
    ballroom:
        all:
            ChaChaCha: 0.0551720820367
            Jive: 0.289330542088
            Quickstep: 0.13350456953
            Rumba-American: 0.00422142259777
            Rumba-International: 0.114555612206
            Rumba-Misc: 0.0150333130732
            Samba: 0.366858392954
            Tango: 0.00247831596062
            VienneseWaltz: 0.0139256687835
            Waltz: 0.00492009054869
        probability: 0.366858392954
        value: "Samba"
    culture:
        all:
            non_western: 0.0818252116442
            western: 0.918174803257
        probability: 0.918174803257
        value: "western"
    gender:
        all:
            female: 0.729543447495
            male: 0.270456582308
        probability: 0.729543447495
        value: "female"
    genre_dortmund:
        all:
            alternative: 0.157073706388
            blues: 0.0520910471678
            electronic: 0.0955455377698
            folkcountry: 0.145891621709
            funksoulrnb: 0.020476706326
            jazz: 0.0613854527473
            pop: 0.101631000638
            raphiphop: 0.0159016698599
            rock: 0.350003242493
        probability: 0.350003242493
        value: "rock"
    genre_electronica:
        all:
            ambient: 0.161209270358
            dnb: 0.695797622204
            house: 0.0481844432652
            techno: 0.0502307750285
            trance: 0.0445778630674
        probability: 0.695797622204
        value: "dnb"
    genre_rosamerica:
        all:
            cla: 0.0245889164507
            dan: 0.172172904015
            hip: 0.0740915760398
            jaz: 0.0207955949008
            pop: 0.0506130568683
            rhy: 0.608011603355
            roc: 0.0445979088545
            spe: 0.00512841902673
        probability: 0.608011603355
        value: "rhy"
    genre_tzanetakis:
        all:
            blu: 0.00987601373345
            cla: 0.00300564640202
            cou: 0.109521150589
            dis: 0.225239396095
            hip: 0.0753693059087
            jaz: 0.0114893848076
            met: 0.0542063489556
            pop: 0.0810850784183
            reg: 0.0277940705419
            roc: 0.402413606644
        probability: 0.402413606644
        value: "roc"
    live_studio:
        all:
            live: 0.0254717823118
            studio: 0.974528193474
        probability: 0.974528193474
        value: "studio"
    mood:
        all:
            Cluster1: 0.0663058683276
            Cluster2: 0.186298787594
            Cluster3: 0.65720808506
            Cluster4: 0.027956681326
            Cluster5: 0.0622305683792
        probability: 0.65720808506
        value: "Cluster3"
    mood_acoustic:
        all:
            acoustic: 0.087786346674
            not_acoustic: 0.912213623524
        probability: 0.912213623524
        value: "not_acoustic"
    mood_aggressive:
        all:
            aggressive: 0.17466172576
            not_aggressive: 0.825338304043
        probability: 0.825338304043
        value: "not_aggressive"
    mood_electronic:
        all:
            electronic: 0.445377409458
            not_electronic: 0.554622590542
        probability: 0.554622590542
        value: "not_electronic"
    mood_happy:
        all:
            happy: 0.269091039896
            not_happy: 0.730908989906
        probability: 0.730908989906
        value: "not_happy"
    mood_party:
        all:
            not_party: 0.743684113026
            party: 0.256315886974
        probability: 0.743684113026
        value: "not_party"
    mood_relaxed:
        all:
            not_relaxed: 0.259622395039
            relaxed: 0.740377604961
        probability: 0.740377604961
        value: "relaxed"
    mood_sad:
        all:
            not_sad: 0.289477735758
            sad: 0.71052223444
        probability: 0.71052223444
        value: "sad"
    rhythm:
        all:
            fast: 0.569479644299
            medium: 0.0978936478496
            slow: 0.332626670599
        probability: 0.569479644299
        value: "fast"
    speech_music:
        all:
            music: 0.993986189365
            speech: 0.00601379899308
        probability: 0.993986189365
        value: "music"
    timbre:
        all:
            bright: 0.218291506171
            dark: 0.781708478928
        probability: 0.781708478928
        value: "dark"
    voice_instrumental:
        all:
            instrumental: 0.509724318981
            voice: 0.490275681019
        probability: 0.509724318981
        value: "instrumental"

lowlevel:
    average_loudness: 0.968909919262
    barkbands_kurtosis:
        dmean: 1.69713675976
        dmean2: 2.67448616028
        dvar: 4.3044128418
        dvar2: 8.60542964935
        max: 18.1944847107
        mean: 1.55384337902
        min: -1.87529575825
        var: 12.0224342346
    barkbands_skewness:
        dmean: 0.509227871895
        dmean2: 0.775113642216
        dvar: 0.242626219988
        dvar2: 0.526787340641
        max: 3.95029091835
        mean: 1.24786782265
        min: -1.87610471249
        var: 0.966824889183
    barkbands_spread:
        dmean: 7.51617574692
        dmean2: 11.2883825302
        dvar: 67.6042861938
        dvar2: 148.593139648
        max: 74.0069732666
        mean: 29.2158279419
        min: 4.97662305832
        var: 207.629119873
    dissonance:
        dmean: 0.0184387415648
        dmean2: 0.0285767000169
        dvar: 0.00067385553848
        dvar2: 0.000938552373555
        max: 0.498596608639
        mean: 0.456272661686
        min: 0.0550311468542
        var: 0.00137515796814
    hfc:
        dmean: 1.8264541626
        dmean2: 2.51112532616
        dvar: 11.9488353729
        dvar2: 25.2579135895
        max: 41.4027328491
        mean: 3.9799759388
        min: 0.000478606874822
        var: 27.6256275177
    pitch:
        dmean: 671.398803711
        dmean2: 1278.08312988
        dvar: 1799281.375
        dvar2: 4273925.5
        max: 4900
        mean: 916.343078613
        min: 55.3324966431
        var: 2231925.75
    pitch_instantaneous_confidence:
        dmean: 0.0842295214534
        dmean2: 0.130535975099
        dvar: 0.00598572567105
        dvar2: 0.0151013890281
        max: 0.853101193905
        mean: 0.437662303448
        min: 0.130856096745
        var: 0.0283706653863
    pitch_salience:
        dmean: 0.0604202635586
        dmean2: 0.094555310905
        dvar: 0.0026521733962
        dvar2: 0.00612368108705
        max: 0.934301257133
        mean: 0.629013419151
        min: 0.37045314908
        var: 0.0079556433484
    silence_rate_20dB:
        dmean: 0
        dmean2: 0
        dvar: 0
        dvar2: 0
        max: 1
        mean: 1
        min: 1
        var: 0
    silence_rate_30dB:
        dmean: 0
        dmean2: 0
        dvar: 0
        dvar2: 0
        max: 1
        mean: 1
        min: 1
        var: 0
    silence_rate_60dB:
        dmean: 0.147465437651
        dmean2: 0.29561200738
        dvar: 0.125719770789
        dvar2: 0.217463761568
        max: 1
        mean: 0.58390802145
        min: 0
        var: 0.242960289121
    spectral_centroid:
        dmean: 281.942993164
        dmean2: 413.924163818
        dvar: 125762.054688
        dvar2: 260929.171875
        max: 3890.07958984
        mean: 1011.04840088
        min: 226.369125366
        var: 439025.96875
    spectral_complexity:
        dmean: 2.65127015114
        dmean2: 4.06944465637
        dvar: 19.9130363464
        dvar2: 37.879447937
        max: 47
        mean: 8.26036834717
        min: 0
        var: 42.7178916931
    spectral_crest:
        dmean: 2.14217758179
        dmean2: 3.44938111305
        dvar: 3.71064066887
        dvar2: 9.05368232727
        max: 19.8815307617
        mean: 8.81542682648
        min: 2.91345334053
        var: 11.2489347458
    spectral_decrease:
        dmean: 2.97352309442e-10
        dmean2: 4.51549159175e-10
        dvar: 1.90108839307e-19
        dvar2: 4.64802557265e-19
        max: -8.61416447613e-14
        mean: -8.08620892467e-10
        min: -4.15233536444e-09
        var: 3.68222680852e-19
    spectral_energy:
        dmean: 0.00126574886963
        dmean2: 0.00189500581473
        dvar: 3.56262307832e-06
        dvar2: 8.53366054798e-06
        max: 0.0176867172122
        mean: 0.00341291632503
        min: 3.68530095329e-07
        var: 7.09296818968e-06
    spectral_energyband_high:
        dmean: 0.000158394061145
        dmean2: 0.00022839664598
        dvar: 9.16974300935e-08
        dvar2: 1.7734190294e-07
        max: 0.00425401283428
        mean: 0.000242601832724
        min: 1.59655133558e-08
        var: 2.67224891104e-07
    spectral_energyband_low:
        dmean: 0.000162241209182
        dmean2: 0.000276979437331
        dvar: 1.36356788971e-07
        dvar2: 3.76972934646e-07
        max: 0.00378053914756
        mean: 0.000370590103557
        min: 1.49569601149e-08
        var: 1.51335328269e-07
    spectral_energyband_middle_high:
        dmean: 0.000392888498027
        dmean2: 0.000564696150832
        dvar: 7.52938547066e-07
        dvar2: 1.72742352333e-06
        max: 0.00836795661598
        mean: 0.000859226682223
        min: 1.28389970655e-07
        var: 1.29455986553e-06
    spectral_energyband_middle_low:
        dmean: 0.000812691112515
        dmean2: 0.00127064355183
        dvar: 1.0966557511e-06
        dvar2: 2.81190864371e-06
        max: 0.0100896051154
        mean: 0.00194048509002
        min: 2.08452519246e-07
        var: 2.39754672293e-06
    spectral_flatness_db:
        dmean: 0.0193000528961
        dmean2: 0.0293883085251
        dvar: 0.000275904225418
        dvar2: 0.000617696729023
        max: 0.280558377504
        mean: 0.161404833198
        min: 0.0572475530207
        var: 0.00102856976446
    spectral_flux:
        dmean: 0.00897235330194
        dmean2: 0.0133897354826
        dvar: 0.000124107595184
        dvar2: 0.00024723939714
        max: 0.104720182717
        mean: 0.0297175198793
        min: 0.00702267047018
        var: 0.000273567857221
    spectral_kurtosis:
        dmean: 1.44906330109
        dmean2: 2.2279946804
        dvar: 1.96808743477
        dvar2: 4.2935795784
        max: 13.8610191345
        mean: 3.50061368942
        min: -0.735149383545
        var: 6.15757465363
    spectral_rms:
        dmean: 0.000316534278682
        dmean2: 0.000458610971691
        dvar: 1.44083116993e-07
        dvar2: 3.07047798742e-07
        max: 0.00415395386517
        mean: 0.00171021488495
        min: 1.89615821e-05
        var: 4.04838090162e-07
    spectral_rolloff:
        dmean: 712.435424805
        dmean2: 1170.12011719
        dvar: 730367.5
        dvar2: 1394803.125
        max: 6287.6953125
        mean: 2059.99389648
        min: 193.798828125
        var: 2179236.75
    spectral_skewness:
        dmean: 0.266779571772
        dmean2: 0.376033455133
        dvar: 0.0688117519021
        dvar2: 0.124766007066
        max: 2.97553396225
        mean: 1.44754588604
        min: -0.0289296787232
        var: 0.285699278116
    spectral_spread:
        dmean: 616606.625
        dmean2: 787826.5
        dvar: 895245418496
        dvar2: 804906926080
        max: 27140806
        mean: 4999834
        min: 2594093.25
        var: 3.02318931149e+12
    spectral_strongpeak:
        dmean: 0.175517722964
        dmean2: 0.30338832736
        dvar: 0.239020451903
        dvar2: 0.559621930122
        max: 5.53949594498
        mean: 0.316135585308
        min: 0.000176894987817
        var: 0.283571690321
    zerocrossingrate:
        dmean: 0.0118653466925
        dmean2: 0.0124703869224
        dvar: 0.000155774250743
        dvar2: 0.000162354917848
        max: 0.19775390625
        mean: 0.0663184970617
        min: 0.00341796875
        var: 0.00113462097943
    barkbands:
        dmean: [5.94968980749e-07, 7.86595846876e-05, 0.000106186373159, 0.00041988454177, 0.000246391660767, 0.000213444131077, 0.000140378804645, 5.83694600209e-05, 5.19376626471e-05, 2.66340666712e-05, 2.36372179643e-05, 2.63640304183e-05, 2.47317293542e-05, 4.05843420594e-05, 2.81659431494e-05, 3.67187494703e-05, 9.09316513571e-05, 0.000111133937025, 0.000111797533464, 8.3627703134e-05, 7.07250947016e-05, 3.53630457539e-05, 1.32105269586e-05, 3.12071142616e-06, 8.39063432068e-07, 2.60744439373e-08, 3.97312582834e-09]
        dmean2: [9.01058172076e-07, 0.000130674161483, 0.000182940988452, 0.000667343323585, 0.000425857055234, 0.000320670515066, 0.000213738036109, 9.2685346317e-05, 8.20303466753e-05, 4.07447878388e-05, 3.75809577235e-05, 4.09783278883e-05, 3.64396291843e-05, 6.00200219196e-05, 4.47319835075e-05, 5.58126448595e-05, 0.000138207513373, 0.000178261951078, 0.000162772354088, 0.000125259204651, 0.000105954335595, 5.27165357198e-05, 1.9504710508e-05, 4.52770973425e-06, 1.1232008319e-06, 3.85809109105e-08, 6.00437122245e-09]
        dvar: [8.0590818307e-13, 2.1058152555e-08, 8.49833980965e-08, 3.66378429817e-07, 1.11590871654e-07, 1.04369682674e-07, 1.83442011803e-07, 1.84178574614e-08, 1.0326870914e-08, 3.61327479048e-09, 2.56199639281e-09, 5.32743626991e-09, 2.01796290789e-09, 9.78054437439e-09, 5.60010304795e-09, 9.77850067585e-09, 3.10264454129e-08, 7.46721724454e-08, 5.09770821111e-08, 3.51356028716e-08, 2.13227657753e-08, 5.89215920499e-09, 6.98798463539e-10, 3.68210288648e-11, 3.52265699249e-12, 6.47977748254e-15, 3.14798778408e-15]
        dvar2: [1.66192851581e-12, 5.80619570201e-08, 2.41689122049e-07, 9.14690872378e-07, 2.9078762509e-07, 2.46237448209e-07, 4.13823158851e-07, 4.40304077642e-08, 2.59896637544e-08, 8.59805648901e-09, 5.25711785215e-09, 1.27691395235e-08, 3.69372910036e-09, 2.21114540011e-08, 1.30769270967e-08, 1.72086487282e-08, 7.00703353118e-08, 1.78255319838e-07, 1.22246518686e-07, 7.67946062297e-08, 4.70187444535e-08, 1.03856807598e-08, 1.33455613227e-09, 7.21649129343e-11, 6.25965642168e-12, 1.51717526075e-14, 7.89412768688e-15]
        max: [1.13270371003e-05, 0.00147187639959, 0.00300994841382, 0.00623794784769, 0.00350126065314, 0.00375263253227, 0.00570573657751, 0.00139423541259, 0.00103620497975, 0.000731484906282, 0.000533043115865, 0.00116438057739, 0.000627241330221, 0.00129583931994, 0.000820647925138, 0.00111971062142, 0.00162784394342, 0.00313822063617, 0.00202777166851, 0.00227983761579, 0.00198991014622, 0.00143721560016, 0.00039596107672, 7.72601779317e-05, 4.06080653192e-05, 8.48052422953e-07, 8.28292911592e-07]
        mean: [1.33259777613e-06, 0.000241065921728, 0.000128206142108, 0.000590566545725, 0.000447816011729, 0.000512012455147, 0.000195153697859, 9.58270175033e-05, 9.3853675935e-05, 4.48992068414e-05, 3.93854970753e-05, 4.43259850726e-05, 4.36708869529e-05, 5.10818063049e-05, 3.66104177374e-05, 5.58366809855e-05, 0.000152201624587, 0.000166893660207, 0.000174212851562, 0.000122003148135, 9.66963489191e-05, 5.34535356564e-05, 1.92212555703e-05, 5.11680855197e-06, 1.4380493667e-06, 3.47639392828e-08, 2.06019090676e-09]
        min: [5.05375168797e-12, 5.30993204961e-09, 9.12442210677e-09, 1.51439163432e-08, 6.28862650842e-08, 7.29765901042e-08, 4.34090914325e-08, 9.5164525149e-09, 3.44207196079e-09, 5.42242428736e-09, 1.85409287923e-09, 2.73979927634e-09, 1.50705385948e-08, 1.8053055939e-08, 7.24533988361e-09, 1.09888356192e-08, 4.23223376345e-08, 1.14418856612e-08, 1.1894512042e-08, 4.07031297556e-09, 5.55788881584e-09, 2.76998091131e-09, 1.59718782644e-09, 1.32687394405e-09, 1.1118745924e-09, 1.95189517327e-10, 3.90716349248e-13]
        var: [2.54633618878e-12, 6.48284412819e-08, 5.52726042713e-08, 5.45271404917e-07, 1.37826859259e-07, 4.88034345381e-07, 2.44907113256e-07, 3.00097049433e-08, 2.05776888862e-08, 6.27297325195e-09, 6.15925088709e-09, 9.14473208269e-09, 6.06186967289e-09, 1.44552654291e-08, 5.89387605388e-09, 1.67373510607e-08, 6.94261572676e-08, 1.10519749796e-07, 7.87235236999e-08, 5.73884122446e-08, 5.03809367558e-08, 1.76585928102e-08, 2.22078688772e-09, 1.2886232359e-10, 1.5432904954e-11, 7.81242288878e-15, 1.57666988088e-15]
    mfcc:
        mean: [-744.715148926, 123.040512085, -17.9992733002, 62.34582901, -7.74077558517, -0.039540681988, -5.92930984497, 2.69872951508, -9.87950325012, -5.17014217377, -1.77391898632, -1.31771147251, -4.89141464233]
        cov: [[3240.97900391, -1127.29260254, -11.8785972595, -16.1552276611, -106.178253174, 22.7208595276, -124.489074707, 20.6585006714, -44.9529075623, -2.80863881111, -3.11667275429, 35.7161216736, -17.0415115356], [-1127.29260254, 1326.86938477, -328.376220703, -151.990203857, 24.6329364777, -134.085784912, 73.6734542847, 95.9663162231, -77.3493423462, -33.42162323, 41.4721641541, 2.9738175869, 6.08504962921], [-11.8785972595, -328.376220703, 360.658508301, 53.8783569336, -67.2633590698, 74.0018463135, 19.795747757, -19.2070732117, 25.9238300323, 3.62428951263, -23.3569107056, 1.40947067738, 20.6381607056], [-16.1552276611, -151.990203857, 53.8783569336, 242.681488037, 51.8893432617, 6.18773508072, -72.4625473022, -51.6911087036, 18.6138458252, 0.491334050894, -32.00415802, -18.843460083, 19.0673408508], [-106.178253174, 24.6329364777, -67.2633590698, 51.8893432617, 208.850402832, -9.25543880463, -44.8699378967, -47.1666259766, 39.9515647888, 3.5608124733, 3.73763823509, -14.1923437119, -32.1463050842], [22.7208595276, -134.085784912, 74.0018463135, 6.18773508072, -9.25543880463, 138.323638916, 51.5073509216, -2.71415734291, 35.5011940002, 35.1078605652, 6.15976715088, -12.008646965, -23.7241382599], [-124.489074707, 73.6734542847, 19.795747757, -72.4625473022, -44.8699378967, 51.5073509216, 160.86151123, 42.4880599976, 27.1540641785, 31.8092021942, 17.1898403168, -8.36582660675, -24.3915691376], [20.6585006714, 95.9663162231, -19.2070732117, -51.6911087036, -47.1666259766, -2.71415734291, 42.4880599976, 118.474571228, -22.8428611755, -5.29654026031, 35.234287262, 15.9097480774, 12.5439834595], [-44.9529075623, -77.3493423462, 25.9238300323, 18.6138458252, 39.9515647888, 35.5011940002, 27.1540641785, -22.8428611755, 131.210647583, 44.7090835571, -25.1119308472, -22.3716888428, -36.7768592834], [-2.80863881111, -33.42162323, 3.62428951263, 0.491334050894, 3.5608124733, 35.1078605652, 31.8092021942, -5.29654026031, 44.7090835571, 72.3193130493, 10.0365276337, -10.5547418594, -23.5657730103], [-3.11667275429, 41.4721641541, -23.3569107056, -32.00415802, 3.73763823509, 6.15976715088, 17.1898403168, 35.234287262, -25.1119308472, 10.0365276337, 85.8610153198, 19.9832057953, -13.5209417343], [35.7161216736, 2.9738175869, 1.40947067738, -18.843460083, -14.1923437119, -12.008646965, -8.36582660675, 15.9097480774, -22.3716888428, -10.5547418594, 19.9832057953, 52.9726486206, 17.7617607117], [-17.0415115356, 6.08504962921, 20.6381607056, 19.0673408508, -32.1463050842, -23.7241382599, -24.3915691376, 12.5439834595, -36.7768592834, -23.5657730103, -13.5209417343, 17.7617607117, 72.7941970825]]
        icov: [[0.000594383629505, 0.000712299719453, 0.000577027560212, 0.000234406412346, 0.000290149386274, 0.000139028168633, 0.000331593444571, -0.000530057004653, 0.000382746744435, -8.76515405253e-05, 0.000293442717521, -0.000184384116437, 0.000494990556035], [0.000712299719453, 0.00204113079235, 0.00152172590606, 0.000554452533834, 5.74770056119e-05, 0.000996587797999, -0.000491919287015, -0.00105852773413, 0.000841487839352, 8.70737494552e-05, 0.000349816924427, 0.000197968314751, 0.000257216684986], [0.000577027560212, 0.00152172590606, 0.00493648089468, -0.000454127264675, 0.00155360728968, -0.00130610400811, -0.000589981034864, 0.000122177647427, -0.000506807817146, 0.00120918406174, 0.000243216301897, -0.000533355982043, -0.000920340535231], [0.000234406412346, 0.000554452533834, -0.000454127264675, 0.00605347985402, -0.00116536463611, -0.000414028094383, 0.00229981867597, 0.000511301390361, -0.000148836435983, -0.00085405446589, 0.000511306105182, 0.00208516069688, -0.00218088552356], [0.000290149386274, 5.74770056119e-05, 0.00155360728968, -0.00116536463611, 0.00737514393404, -0.000173245425685, 0.00177054852247, 0.00189032894559, -0.0025688810274, 0.00168906094041, -0.0021531090606, 0.000332129071467, 0.00216386443935], [0.000139028168633, 0.000996587797999, -0.00130610400811, -0.000414028094383, -0.000173245425685, 0.0110938884318, -0.00299923704006, -0.000180525545147, 5.38369531569e-05, -0.00276068830863, -0.000698954390828, 0.0009297261131, 0.00176999310497], [0.000331593444571, -0.000491919287015, -0.000589981034864, 0.00229981867597, 0.00177054852247, -0.00299923704006, 0.0110405068845, -0.00277939345688, -0.00140740256757, -0.00217966991477, -0.000178888745722, 0.00142264994793, 0.0018693547463], [-0.000530057004653, -0.00105852773413, 0.000122177647427, 0.000511301390361, 0.00189032894559, -0.000180525545147, -0.00277939345688, 0.0132191097364, -0.0013071061112, 0.00200908095576, -0.00533237447962, -0.000292484357487, -0.00356651563197], [0.000382746744435, 0.000841487839352, -0.000506807817146, -0.000148836435983, -0.0025688810274, 5.38369531569e-05, -0.00140740256757, -0.0013071061112, 0.0140527104959, -0.00691949063912, 0.00608041509986, -0.000225302952458, 0.00488267606124], [-8.76515405253e-05, 8.70737494552e-05, 0.00120918406174, -0.00085405446589, 0.00168906094041, -0.00276068830863, -0.00217966991477, 0.00200908095576, -0.00691949063912, 0.0216574054211, -0.00511594302952, 0.00165748747531, 0.000783364928793], [0.000293442717521, 0.000349816924427, 0.000243216301897, 0.000511306105182, -0.0021531090606, -0.000698954390828, -0.000178888745722, -0.00533237447962, 0.00608041509986, -0.00511594302952, 0.0190692208707, -0.00691524054855, 0.00616190070286], [-0.000184384116437, 0.000197968314751, -0.000533355982043, 0.00208516069688, 0.000332129071467, 0.0009297261131, 0.00142264994793, -0.000292484357487, -0.000225302952458, 0.00165748747531, -0.00691524054855, 0.0253943055868, -0.00653580483049], [0.000494990556035, 0.000257216684986, -0.000920340535231, -0.00218088552356, 0.00216386443935, 0.00176999310497, 0.0018693547463, -0.00356651563197, 0.00488267606124, 0.000783364928793, 0.00616190070286, -0.00653580483049, 0.0228969734162]]
    spectral_contrast:
        mean: [3.12310646677e-07, 5.57248505118e-08, 1.17818743206e-07, 1.30282160171e-07, 5.76201102831e-07, -2.7810923342e-08, -9.8828343198e-07, -1.94161452782e-06, -2.68893859356e-06, 3.06043762066e-06, 4.75903243569e-06, 4.15309784785e-07]
        var: [0.000541512330528, 0.000891898584086, 0.00150981300976, 0.00240332982503, 0.00292766420171, 0.00818644370884, 0.0449695363641, 0.100262284279, 0.143332079053, 0.204900920391, 0.410298019648, 1.71478903294]

rhythm:
    beats_loudness:
        dmean: 0.00390521110967
        dmean2: 0.00745820486918
        dvar: 5.58550118512e-06
        dvar2: 1.79308863153e-05
        max: 0.0122457072139
        mean: 0.00569376535714
        min: 0.00192359893117
        var: 8.08495133242e-06
    beats_loudness_bass:
        dmean: 0.214744284749
        dmean2: 0.397149294615
        dvar: 0.0115272449329
        dvar2: 0.0440942384303
        max: 0.48980563879
        mean: 0.238918200135
        min: 0.0174666494131
        var: 0.0233926679939
    bpm: 83.3262176514
    bpm_confidence: 0
    first_peak_bpm: 167
    first_peak_spread: 0
    first_peak_weight: 0.578947365284
    onset_rate: 3.97727274895
    second_peak_bpm: 83
    second_peak_spread: 0.125
    second_peak_weight: 0.368421047926
    beats_position: [0.219399303198, 0.939461052418, 1.65952277184, 2.37958431244, 3.09964609146, 3.81970763206, 4.53976917267, 5.25983095169, 6.00473117828, 6.36415815353, 6.72358465195, 7.0830116272, 7.44243812561, 7.80186510086, 8.16129207611, 8.52071857452, 8.88014507294, 9.23957157135, 9.59899806976, 9.95842552185]
    bpm_estimates: [83.3609771729, 83.2906265259, 83.3120574951, 83.35181427, 83.4135971069, 83.2534790039, 83.3954162598, 83.2928085327, 83.3274917603, 83.2639007568]
    bpm_intervals: [0.720061779022, 0.720061719418, 0.720061540604, 0.720061779022, 0.720061540604, 0.720061540604, 0.720061779022, 0.744900226593, 0.35942697525, 0.359426498413, 0.35942697525, 0.359426498413, 0.35942697525, 0.35942697525, 0.359426498413, 0.359426498413, 0.359426498413, 0.359426498413, 0.359427452087]
    onset_times: [0.0464399084449, 0.208979591727, 0.510838985443, 0.557278931141, 0.9287981987, 1.23065757751, 1.28870749474, 1.66022670269, 1.95047616959, 2.02013611794, 2.15945577621, 2.34521532059, 2.61224484444, 2.75156474113, 2.93732428551, 3.11147403717, 3.43655323982, 3.83129262924, 4.19120168686, 4.51628112793, 4.6439909935, 4.92263031006, 5.24770975113, 5.630838871, 5.99074840546, 6.33904743195, 6.72217702866, 7.04725646973, 7.25623559952, 7.44199562073, 7.74385499954, 8.16181373596, 8.53333377838, 8.893242836, 9.0906124115, 9.25315189362, 9.46213150024, 9.58984088898, 9.83365058899, 9.97297096252]
    rubato_start: [6.36415815353]
    rubato_stop: [6.72358465195]
    perceptual_tempo: "unknown"

sfx:
    inharmonicity:
        dmean: 0.0368380323052
        dmean2: 0.0655281692743
        dvar: 0.00229608733207
        dvar2: 0.00638563930988
        max: 0.343875706196
        mean: 0.0386164411902
        min: 0
        var: 0.00238373759203
    oddtoevenharmonicenergyratio:
        dmean: 1.49986851215
        dmean2: 2.87434720993
        dvar: 46.1199417114
        dvar2: 137.644241333
        max: 96.871421814
        mean: 1.0100492239
        min: 0
        var: 24.9006519318
    pitch_after_max_to_before_max_energy_ratio: 6.84632968903
    pitch_centroid: 224.8125
    pitch_max_to_total: 0.230414748192
    pitch_min_to_total: 0.711981594563
    tristimulus:
        dmean: [0.20837341249, 0.233035728335, 0.116899237037]
        dmean2: [0.356887668371, 0.406693786383, 0.210912421346]
        dvar: [0.029249239713, 0.0354250334203, 0.0162465106696]
        dvar2: [0.0789178460836, 0.0947923585773, 0.0438419505954]
        max: [1, 0.955946624279, 0.73988199234]
        mean: [0.505068838596, 0.342676848173, 0.110394582152]
        min: [0.023137498647, 0, 0]
        var: [0.0621791444719, 0.0543955564499, 0.0204284396023]

tonal:
    chords_changes_rate: 0.0642201825976
    chords_number_rate: 0.0183486230671
    chords_strength:
        dmean: 0.00930184777826
        dmean2: 0.00908800959587
        dvar: 7.40776449675e-05
        dvar2: 5.18445376656e-05
        max: 0.65845310688
        mean: 0.521344959736
        min: 0.309818476439
        var: 0.00733478087932
    key_strength: 0.707166194916
    tuning_diatonic_strength: 0.631734907627
    tuning_equal_tempered_deviation: 0.107057482004
    tuning_frequency: 437.465789795
    tuning_nontempered_energy_ratio: 0.811594963074
    hpcp:
        dmean: [0.125492036343, 0.114190720022, 0.071280092001, 0.0676653385162, 0.0582339204848, 0.0643482282758, 0.124452292919, 0.125332728028, 0.0740493386984, 0.0491920933127, 0.0535902418196, 0.0636955872178, 0.0961475670338, 0.0962114483118, 0.0629141926765, 0.0640050917864, 0.0776917412877, 0.0965078920126, 0.126398026943, 0.166923880577, 0.227476730943, 0.277018547058, 0.262196600437, 0.200424879789, 0.147411033511, 0.126312926412, 0.156207069755, 0.145432814956, 0.134310930967, 0.0856158137321, 0.0671031996608, 0.0724874138832, 0.0999323353171, 0.118132412434, 0.111593946815, 0.0972160100937]
        dmean2: [0.207809999585, 0.186079338193, 0.114726349711, 0.114980563521, 0.0998714417219, 0.104935221374, 0.204419314861, 0.204779401422, 0.126810714602, 0.0832855403423, 0.0937131419778, 0.106795817614, 0.16145324707, 0.164345428348, 0.112180240452, 0.112230822444, 0.131728708744, 0.167445629835, 0.226250752807, 0.28732842207, 0.381336987019, 0.45697876811, 0.439053982496, 0.351029783487, 0.260125219822, 0.216784700751, 0.266591519117, 0.250602245331, 0.233863949776, 0.156120702624, 0.125029623508, 0.128539681435, 0.165600851178, 0.188479587436, 0.192757949233, 0.160423442721]
        dvar: [0.0340324342251, 0.0262313634157, 0.0100965918973, 0.0131403533742, 0.00807590782642, 0.00640612421557, 0.0208447482437, 0.0251688584685, 0.015033936128, 0.0075334594585, 0.015305776149, 0.0148197542876, 0.0207771323621, 0.0268580168486, 0.0123121393844, 0.0145715493709, 0.0195981804281, 0.0271014403552, 0.0410446077585, 0.0587953478098, 0.0520564168692, 0.0663946345448, 0.0666296482086, 0.0468508973718, 0.0602784752846, 0.040654592216, 0.0416785217822, 0.045570474118, 0.0369918867946, 0.0245003178716, 0.0171400550753, 0.0220054797828, 0.0220704097301, 0.0252077374607, 0.0268418956548, 0.0178942102939]
        dvar2: [0.0889585614204, 0.0730454027653, 0.0227224323899, 0.0331527553499, 0.0221112519503, 0.0181599836797, 0.0466326549649, 0.061405915767, 0.0419053249061, 0.0204523839056, 0.0394547991455, 0.0406277403235, 0.0553281158209, 0.0712635815144, 0.0351471453905, 0.0432433448732, 0.0626797825098, 0.0763076767325, 0.105978138745, 0.157352894545, 0.122348017991, 0.155196279287, 0.149623125792, 0.118663452566, 0.16320464015, 0.101472429931, 0.11330088228, 0.0991479754448, 0.0849756598473, 0.0685703903437, 0.0497914999723, 0.0615366436541, 0.0601860582829, 0.059394326061, 0.0782717093825, 0.0486645884812]
        max: [1, 1, 0.910486161709, 0.873074650764, 0.480133354664, 0.520523965359, 1, 1, 0.953308641911, 0.46975082159, 0.958205938339, 0.980388641357, 1, 1, 0.651061058044, 0.991007983685, 0.969225287437, 1, 1, 1, 1, 1, 1, 1, 1, 1, 1, 1, 1, 1, 0.678072810173, 1, 1, 1, 1, 1]
        mean: [0.2426148206, 0.198387309909, 0.0865585356951, 0.066523835063, 0.0546347200871, 0.090858951211, 0.223241493106, 0.215039685369, 0.0849856212735, 0.0512608885765, 0.0538561306894, 0.0680481642485, 0.12111287564, 0.120871514082, 0.0686404556036, 0.0709452331066, 0.0775235742331, 0.090476937592, 0.122936159372, 0.14655251801, 0.296063423157, 0.59972935915, 0.533960044384, 0.219718590379, 0.1303601861, 0.119718044996, 0.175902754068, 0.281666964293, 0.210840448737, 0.0744159296155, 0.0531156696379, 0.0629845634103, 0.1256749928, 0.186904087663, 0.141218528152, 0.139137893915]
        min: [0.00149673875421, 0.00277192797512, 0.00278817606159, 0.00082580849994, 0.000394342030631, 0.000794942607172, 0.000610368559137, 0.000621599028818, 0.000678706215695, 0.000688778876793, 0.000494686013553, 0.00122616125736, 0.00134291511495, 0.00224660336971, 0.00220621959306, 0.000620751699898, 0.0006851706421, 0.00115479051601, 0.00183550419752, 0.0014673739206, 0.0015347659355, 0.0118283685297, 0.0065751420334, 0.00208083284087, 0.00140711630229, 0.00136225798633, 0.00301792169921, 0.00623884936795, 0.00242351670749, 0.000409872212913, 0.000449370098067, 0.000912358344067, 0.00208093808033, 0.00498573062941, 0.00458648428321, 0.000899916514754]
        var: [0.087717205286, 0.0590567812324, 0.0143904006109, 0.0120674353093, 0.00704967742786, 0.00926520582289, 0.0500903427601, 0.0502103157341, 0.0136340809986, 0.00724641000852, 0.0149094499648, 0.0139453411102, 0.0251553598791, 0.0269889961928, 0.0103825386614, 0.014818857424, 0.0182113237679, 0.0256539359689, 0.0447226986289, 0.0536667183042, 0.0751274079084, 0.130918219686, 0.129738494754, 0.0582539476454, 0.0543299131095, 0.0406750440598, 0.055223017931, 0.123840019107, 0.0794770643115, 0.0180710311979, 0.0105752889067, 0.0155308265239, 0.0263142939657, 0.0473523326218, 0.0328540541232, 0.0299663133919]
    chords_histogram: [25.2293586731, 2.75229358673, 56.4220199585, 0, 0, 0, 0, 0, 0, 0, 0, 0, 0, 0, 0, 0, 0, 0, 0, 0, 0, 0, 0.458715587854, 15.1376142502]
    thpcp: [1, 0.890335023403, 0.366362899542, 0.217365026474, 0.199620112777, 0.29330354929, 0.469656795263, 0.351559311152, 0.124082520604, 0.0885660648346, 0.105021640658, 0.209552839398, 0.311647385359, 0.235470429063, 0.232001140714, 0.404540508986, 0.330794721842, 0.144329324365, 0.110923089087, 0.0910989567637, 0.151499927044, 0.372237056494, 0.358561217785, 0.141706615686, 0.0854733660817, 0.0898007228971, 0.113464787602, 0.201945886016, 0.201543435454, 0.114452384412, 0.118295416236, 0.129264265299, 0.150862947106, 0.204986065626, 0.24436442554, 0.493661701679]
    chords_key: "E"
    chords_scale: "major"
    key_key: "A"
    key_scale: "major"
    chords_progression: ["E", "E", "E", "E", "E", "E", "E", "E", "E", "E", "E", "E", "E", "E", "E", "E", "E", "E", "E", "E", "E", "E", "E", "E", "E", "E", "E", "E", "E", "E", "E", "E", "E", "E", "E", "E", "E", "E", "E", "E", "E", "E", "E", "E", "E", "E", "E", "E", "A", "A", "A", "A", "A", "A", "A", "A", "A", "A", "A", "A", "A", "A", "E", "E", "E", "E", "E", "E", "E", "E", "E", "E", "E", "E", "E", "E", "E", "E", "E", "E", "E", "E", "E", "E", "E", "E", "E", "E", "E", "E", "E", "E", "E", "E", "E", "E", "E", "E", "E", "E", "E", "E", "E", "E", "E", "E", "E", "E", "E", "E", "E", "E", "E", "E", "E", "E", "E", "E", "E", "E", "E", "E", "E", "E", "E", "E", "E", "E", "E", "E", "E", "E", "E", "E", "E", "E", "E", "A", "A", "A", "A", "A", "A", "A", "A", "A", "A", "A", "A", "A", "A", "A", "A", "A", "A", "F#m", "F#m", "F#m", "F#m", "F#m", "F#m", "F#m", "F#m", "F#m", "F#m", "F#m", "F#m", "F#m", "F#m", "F#m", "F#m", "F#m", "F#m", "F#m", "F#m", "F#m", "F#m", "F#m", "F#m", "F#m", "F#m", "F#m", "F#m", "F#m", "F#m", "F#m", "F#m", "A", "F#m", "D", "A", "A", "C#m", "C#m", "C#m", "C#m", "A", "A", "C#m", "A", "C#m", "A", "A", "A", "A", "A", "A", "A", "A", "A", "A", "A", "A", "A", "A", "A", "A", "A"]
