
metadata:
    version:
        essentia: "1.2.2"
    audio_properties:
        analysis_sample_rate: 44100
        bitrate: 128
        channels: 2
        equal_loudness: 1
        length: 10.0571432114
        replay_gain: -9.48886871338
        downmix: "mix"
    tags:
        track: 3
        year: 0
        album: "Splitted by Mp3Splt v. 2.1"
        artist: "From 000.20 To 000.30"
        comment: "http://mp3splt.sf.net"
        genre: ""
        title: "02 Everybody Knows (Except You"

highlevel:
    ballroom:
        all:
            ChaChaCha: 0.0740235224366
            Jive: 0.218254208565
            Quickstep: 0.17607653141
            Rumba-American: 0.012856871821
            Rumba-International: 0.0710633173585
            Rumba-Misc: 0.0472322665155
            Samba: 0.110382296145
            Tango: 0.0464399792254
            VienneseWaltz: 0.192277938128
            Waltz: 0.0513930767775
        probability: 0.218254208565
        value: "Jive"
    culture:
        all:
            non_western: 0.00980333331972
            western: 0.99019664526
        probability: 0.99019664526
        value: "western"
    gender:
        all:
            female: 0.312273234129
            male: 0.687726736069
        probability: 0.687726736069
        value: "male"
    genre_dortmund:
        all:
            alternative: 0.10013975203
            blues: 0.0369643494487
            electronic: 0.0425117202103
            folkcountry: 0.169904768467
            funksoulrnb: 0.0210584606975
            jazz: 0.0503716208041
            pop: 0.0861456766725
            raphiphop: 0.0144527843222
            rock: 0.478450864553
        probability: 0.478450864553
        value: "rock"
    genre_electronica:
        all:
            ambient: 0.26100692153
            dnb: 0.450292915106
            house: 0.00842452608049
            techno: 0.00638157967478
            trance: 0.273894071579
        probability: 0.450292915106
        value: "dnb"
    genre_rosamerica:
        all:
            cla: 0.0732987299562
            dan: 0.0468546263874
            hip: 0.0263144318014
            jaz: 0.0394576080143
            pop: 0.641205370426
            rhy: 0.0185877680779
            roc: 0.149699449539
            spe: 0.0045820325613
        probability: 0.641205370426
        value: "pop"
    genre_tzanetakis:
        all:
            blu: 0.00399706279859
            cla: 0.0134205007926
            cou: 0.140782371163
            dis: 0.0543268062174
            hip: 0.00545727787539
            jaz: 0.111548490822
            met: 0.0125829316676
            pop: 0.102273121476
            reg: 0.0168196558952
            roc: 0.538791775703
        probability: 0.538791775703
        value: "roc"
    live_studio:
        all:
            live: 0.0988519713283
            studio: 0.901148021221
        probability: 0.901148021221
        value: "studio"
    mood:
        all:
            Cluster1: 0.168270230293
            Cluster2: 0.247032642365
            Cluster3: 0.216450318694
            Cluster4: 0.172821119428
            Cluster5: 0.19542568922
        probability: 0.247032642365
        value: "Cluster2"
    mood_acoustic:
        all:
            acoustic: 0.0512403398752
            not_acoustic: 0.948759675026
        probability: 0.948759675026
        value: "not_acoustic"
    mood_aggressive:
        all:
            aggressive: 0.283543020487
            not_aggressive: 0.716456949711
        probability: 0.716456949711
        value: "not_aggressive"
    mood_electronic:
        all:
            electronic: 0.2435362041
            not_electronic: 0.756463825703
        probability: 0.756463825703
        value: "not_electronic"
    mood_happy:
        all:
            happy: 0.820353627205
            not_happy: 0.179646387696
        probability: 0.820353627205
        value: "happy"
    mood_party:
        all:
            not_party: 0.771139085293
            party: 0.228860914707
        probability: 0.771139085293
        value: "not_party"
    mood_relaxed:
        all:
            not_relaxed: 0.249269783497
            relaxed: 0.750730216503
        probability: 0.750730216503
        value: "relaxed"
    mood_sad:
        all:
            not_sad: 0.382924258709
            sad: 0.617075741291
        probability: 0.617075741291
        value: "sad"
    rhythm:
        all:
            fast: 0.208960831165
            medium: 0.75706577301
            slow: 0.0339734181762
        probability: 0.75706577301
        value: "medium"
    speech_music:
        all:
            music: 0.997124612331
            speech: 0.00287539535202
        probability: 0.997124612331
        value: "music"
    timbre:
        all:
            bright: 0.921674847603
            dark: 0.0783251747489
        probability: 0.921674847603
        value: "bright"
    voice_instrumental:
        all:
            instrumental: 0.107556521893
            voice: 0.892443478107
        probability: 0.892443478107
        value: "voice"

lowlevel:
    average_loudness: 0.954025030136
    barkbands_kurtosis:
        dmean: 0.702398121357
        dmean2: 1.16247022152
        dvar: 0.615800499916
        dvar2: 1.52100419998
        max: 6.30537223816
        mean: -0.2318354249
        min: -1.78866112232
        var: 1.72435295582
    barkbands_skewness:
        dmean: 0.311902105808
        dmean2: 0.504061162472
        dvar: 0.0867573916912
        dvar2: 0.208707004786
        max: 2.230645895
        mean: 0.819384336472
        min: -0.919982850552
        var: 0.265418469906
    barkbands_spread:
        dmean: 4.21061229706
        dmean2: 6.58770990372
        dvar: 15.1468639374
        dvar2: 31.3510417938
        max: 54.4623718262
        mean: 25.4488048553
        min: 7.17670822144
        var: 60.4781341553
    dissonance:
        dmean: 0.0210663713515
        dmean2: 0.0347620621324
        dvar: 0.000746935256757
        dvar2: 0.00121079478413
        max: 0.49751278758
        mean: 0.455385029316
        min: 0.00571701675653
        var: 0.00114087248221
    hfc:
        dmean: 1.35965144634
        dmean2: 1.88638782501
        dvar: 4.77371549606
        dvar2: 8.12345123291
        max: 29.7999839783
        mean: 4.57528781891
        min: 0.00080381979933
        var: 14.5538387299
    pitch:
        dmean: 193.153289795
        dmean2: 364.125579834
        dvar: 447362.09375
        dvar2: 1156349.25
        max: 4410
        mean: 383.945648193
        min: 73.7458190918
        var: 603429.8125
    pitch_instantaneous_confidence:
        dmean: 0.0732388719916
        dmean2: 0.11086525023
        dvar: 0.00351636786945
        dvar2: 0.00777433766052
        max: 0.790763020515
        mean: 0.41602230072
        min: 0.0753710865974
        var: 0.0167167391628
    pitch_salience:
        dmean: 0.0546521581709
        dmean2: 0.0883982479572
        dvar: 0.0020987347234
        dvar2: 0.00550617044792
        max: 0.96465164423
        mean: 0.604804873466
        min: 0.408470153809
        var: 0.00579733913764
    silence_rate_20dB:
        dmean: 0
        dmean2: 0
        dvar: 0
        dvar2: 0
        max: 1
        mean: 1
        min: 1
        var: 0
    silence_rate_30dB:
        dmean: 0
        dmean2: 0
        dvar: 0
        dvar2: 0
        max: 1
        mean: 1
        min: 1
        var: 0
    silence_rate_60dB:
        dmean: 0.14780600369
        dmean2: 0.296296298504
        dvar: 0.125959485769
        dvar2: 0.245541885495
        max: 1
        mean: 0.470046073198
        min: 0
        var: 0.249101996422
    spectral_centroid:
        dmean: 177.639587402
        dmean2: 274.744140625
        dvar: 46693.0585938
        dvar2: 97067.40625
        max: 3207.96875
        mean: 1066.1270752
        min: 378.063812256
        var: 151168.5625
    spectral_complexity:
        dmean: 2.8770301342
        dmean2: 4.27906990051
        dvar: 10.9013633728
        dvar2: 18.3500366211
        max: 34
        mean: 12.5
        min: 0
        var: 30.9212970734
    spectral_crest:
        dmean: 2.02457594872
        dmean2: 3.40906214714
        dvar: 3.78438591957
        dvar2: 9.40517044067
        max: 19.3665390015
        mean: 7.58552598953
        min: 3.06253027916
        var: 9.06974220276
    spectral_decrease:
        dmean: 3.19748477695e-10
        dmean2: 5.1118154154e-10
        dvar: 2.68814234486e-19
        dvar2: 6.86020173069e-19
        max: -2.00242613831e-13
        mean: -1.02027841731e-09
        min: -4.37760139249e-09
        var: 4.51313206028e-19
    spectral_energy:
        dmean: 0.00129943492357
        dmean2: 0.00203931261785
        dvar: 4.34380126535e-06
        dvar2: 1.0792269677e-05
        max: 0.0178413186222
        mean: 0.00426575634629
        min: 8.28671034014e-07
        var: 7.79804395279e-06
    spectral_energyband_high:
        dmean: 9.9448596302e-05
        dmean2: 0.000130353757413
        dvar: 6.62681003405e-08
        dvar2: 1.11704764549e-07
        max: 0.00458372710273
        mean: 0.000163063799846
        min: 1.82577135632e-08
        var: 2.17603897568e-07
    spectral_energyband_low:
        dmean: 0.000212985061808
        dmean2: 0.000379091216018
        dvar: 2.62133909246e-07
        dvar2: 7.27615883989e-07
        max: 0.00397860677913
        mean: 0.000230777048273
        min: 4.68604604009e-08
        var: 1.88422816905e-07
    spectral_energyband_middle_high:
        dmean: 0.00034227091237
        dmean2: 0.000518175482284
        dvar: 1.93587354147e-07
        dvar2: 3.80000386713e-07
        max: 0.00488099968061
        mean: 0.00123203441035
        min: 3.11589531066e-07
        var: 5.29188071141e-07
    spectral_energyband_middle_low:
        dmean: 0.000998092000373
        dmean2: 0.00163785635959
        dvar: 3.12255247081e-06
        dvar2: 8.60679938341e-06
        max: 0.0140065159649
        mean: 0.00263987155631
        min: 4.49286943649e-07
        var: 4.48555692856e-06
    spectral_flatness_db:
        dmean: 0.0155387688428
        dmean2: 0.0227173957974
        dvar: 0.000168290513102
        dvar2: 0.000326529465383
        max: 0.227450236678
        mean: 0.155613288283
        min: 0.0643002912402
        var: 0.000671581132337
    spectral_flux:
        dmean: 0.00840155221522
        dmean2: 0.0126140117645
        dvar: 0.000138388262712
        dvar2: 0.000259556807578
        max: 0.110511437058
        mean: 0.0329657457769
        min: 0.0115173077211
        var: 0.000292771059321
    spectral_kurtosis:
        dmean: 1.57550656796
        dmean2: 2.66932964325
        dvar: 1.97384023666
        dvar2: 5.48995923996
        max: 13.2221240997
        mean: 5.77774477005
        min: -0.188757181168
        var: 5.00223970413
    spectral_rms:
        dmean: 0.000289141200483
        dmean2: 0.000443078781245
        dvar: 1.5363079342e-07
        dvar2: 3.58054620619e-07
        max: 0.00417206948623
        mean: 0.00194783275947
        min: 2.84334219032e-05
        var: 3.67664995338e-07
    spectral_rolloff:
        dmean: 427.716278076
        dmean2: 699.578918457
        dvar: 214851.15625
        dvar2: 484164.125
        max: 4737.3046875
        mean: 2266.51977539
        min: 516.796875
        var: 620057.4375
    spectral_skewness:
        dmean: 0.200373902917
        dmean2: 0.320970803499
        dvar: 0.0290320441127
        dvar2: 0.0694013759494
        max: 2.7473294735
        mean: 1.83422148228
        min: 0.353254526854
        var: 0.131588429213
    spectral_spread:
        dmean: 516901.96875
        dmean2: 708154
        dvar: 622340210688
        dvar2: 775111507968
        max: 20154978
        mean: 4129411.75
        min: 2425541.25
        var: 1.89474668544e+12
    spectral_strongpeak:
        dmean: 0.222405195236
        dmean2: 0.380097925663
        dvar: 0.068792976439
        dvar2: 0.174584120512
        max: 2.07191538811
        mean: 0.440968483686
        min: 0.000180613293196
        var: 0.146918982267
    zerocrossingrate:
        dmean: 0.0069832149893
        dmean2: 0.00858466606587
        dvar: 5.73259894736e-05
        dvar2: 7.10601816536e-05
        max: 0.1669921875
        mean: 0.0674088075757
        min: 0.00341796875
        var: 0.000372954993509
    barkbands:
        dmean: [2.96981340853e-07, 9.49639797909e-05, 0.000130725224153, 0.000222475340706, 0.000452113337815, 0.00022766944312, 0.000231081197853, 0.000219451525481, 0.000176362271304, 5.89134178881e-05, 4.46477606602e-05, 6.41042788629e-05, 5.51800185349e-05, 2.1109919544e-05, 2.98251597997e-05, 6.89049775247e-05, 9.87487801467e-05, 6.01510400884e-05, 8.7667547632e-05, 8.50824289955e-05, 3.63871040463e-05, 1.23768804769e-05, 4.14897249357e-06, 2.38346319748e-06, 7.17826878827e-07, 5.02738082275e-08, 3.3101288377e-09]
        dmean2: [4.81635311189e-07, 0.000165696474141, 0.0002348778944, 0.000387253588997, 0.000816348416265, 0.000365127518307, 0.000360876263585, 0.000334005919285, 0.000265901151579, 9.27319852053e-05, 7.1463167842e-05, 0.000104057478893, 8.38790365378e-05, 3.30476286763e-05, 4.89274243591e-05, 0.000102494086605, 0.000161912903422, 9.52048940235e-05, 0.000135204390972, 0.000128013809444, 4.97743822052e-05, 1.58774291776e-05, 4.99498446516e-06, 3.13710916089e-06, 9.66444645201e-07, 7.83733682397e-08, 5.05342789836e-09]
        dvar: [3.9751172189e-13, 7.69677157564e-08, 6.9058238239e-08, 9.54529610908e-08, 1.63051572599e-06, 1.1432626934e-07, 1.63644841678e-07, 1.76247894501e-07, 1.29742161903e-07, 1.34484769987e-08, 4.64001503886e-09, 8.09826428139e-09, 5.39647926345e-09, 6.18197881774e-10, 1.34526767503e-09, 6.42522035577e-09, 1.14182121536e-08, 6.50124443169e-09, 1.94166656087e-08, 4.02636146646e-08, 9.30739307847e-09, 9.61272506039e-10, 1.65095936921e-10, 4.55917421871e-11, 2.64441723727e-12, 1.16082113065e-14, 1.7272839856e-15]
        dvar2: [9.00149963248e-13, 2.05861141467e-07, 1.98869059886e-07, 2.66529610826e-07, 4.70223858429e-06, 2.69066276815e-07, 3.6386140323e-07, 4.09444822935e-07, 2.60665842688e-07, 3.49234454688e-08, 1.13341993568e-08, 2.08348609476e-08, 1.03966550924e-08, 1.29980792796e-09, 3.03058311779e-09, 1.49601628863e-08, 3.16099715292e-08, 1.45506469096e-08, 4.56561899398e-08, 9.09526178816e-08, 1.61213833394e-08, 1.54131629682e-09, 2.98795044262e-10, 7.66534336005e-11, 4.73650155555e-12, 2.46038642747e-14, 4.33109672326e-15]
        max: [4.20433070758e-06, 0.00195753504522, 0.00250903423876, 0.00235484587029, 0.00948411226273, 0.00351524539292, 0.00459753442556, 0.00496482662857, 0.00669791083783, 0.00177274027374, 0.000570450269151, 0.000815276696812, 0.000920981401578, 0.000261223351117, 0.000446476158686, 0.00104954838753, 0.00107573939022, 0.000852473720443, 0.00161720952019, 0.00348995858803, 0.00132654991467, 0.000426001817686, 0.000254807120655, 0.000150122315972, 1.94874301087e-05, 7.47561841763e-07, 6.12299288605e-07]
        mean: [3.66002495866e-07, 8.37518746266e-05, 0.00014667166397, 0.000315673387377, 0.000604782195296, 0.000440268428065, 0.000441111478722, 0.000434441259131, 0.000377851683879, 0.000113685557153, 7.79874681029e-05, 0.000113132002298, 0.000118603260489, 4.04792881454e-05, 5.73932811676e-05, 0.00015496800188, 0.000192509847693, 0.000141124488437, 0.000174083164893, 0.000144442557939, 6.00691564614e-05, 2.04281604965e-05, 6.60861496726e-06, 4.19207754021e-06, 1.07817231765e-06, 5.51745102939e-08, 1.84685045035e-09]
        min: [5.37951905244e-10, 1.84018578153e-08, 2.56801939713e-08, 3.7400418762e-08, 1.23301148847e-07, 1.13590026274e-07, 8.11097180531e-08, 5.75055949525e-08, 3.47489717001e-08, 1.8028190496e-08, 5.28790948806e-08, 7.48978052911e-08, 5.27338244183e-08, 1.8619251918e-08, 2.70356146359e-08, 1.75980758854e-08, 1.16807994388e-08, 2.8428353005e-09, 2.93541937424e-08, 1.21558247912e-08, 5.50704992719e-09, 4.18880130582e-09, 4.886487881e-10, 1.14901477222e-09, 7.89767085063e-10, 2.44291947782e-10, 9.95041858154e-14]
        var: [4.13937926904e-13, 5.39408837597e-08, 5.22340819487e-08, 1.08631368789e-07, 1.11341375941e-06, 2.85928791754e-07, 3.93363848161e-07, 5.28407667844e-07, 7.40741484151e-07, 2.31733405798e-08, 9.17557585467e-09, 1.72346101834e-08, 1.8294729287e-08, 1.82562531759e-09, 3.05591818517e-09, 1.50264529708e-08, 1.89645081861e-08, 1.37518370025e-08, 3.27868150407e-08, 1.04401401302e-07, 2.86613932587e-08, 2.59136467839e-09, 5.62051349906e-10, 1.92839813562e-10, 6.16518164645e-12, 1.37794896343e-14, 8.65481907181e-16]
    mfcc:
        mean: [-723.729431152, 139.982559204, -49.4468040466, 43.2840919495, -11.9690294266, -16.4021167755, -8.81391811371, -4.53465604782, -9.68339443207, -7.88711738586, -5.22572278976, 0.16734868288, -0.651229143143]
        cov: [[1962.25415039, -736.644226074, 298.970581055, -99.4994354248, -146.896759033, -1.95879745483, 27.3728752136, -48.9878540039, -3.53871536255, 24.1630477905, -5.37389039993, 9.24823093414, -55.9370155334], [-736.644226074, 747.489074707, -234.953094482, 36.0338668823, 110.223266602, -56.5464477539, 14.2026548386, 95.7314300537, 27.2284965515, 9.96866035461, 59.3835830688, -3.67367601395, 40.8793373108], [298.970581055, -234.953094482, 206.832733154, 6.30568218231, -18.4802856445, 16.5641384125, 15.1021308899, -18.2403011322, 9.66208076477, 11.9030981064, -17.9221134186, 8.92612266541, -0.370227962732], [-99.4994354248, 36.0338668823, 6.30568218231, 170.453811646, 78.6189117432, 54.1689376831, 14.3878774643, -11.6008739471, 10.9827136993, -16.7712898254, -15.2838850021, 14.6437397003, 21.2231025696], [-146.896759033, 110.223266602, -18.4802856445, 78.6189117432, 133.181137085, 54.187286377, 18.6014003754, 10.5474071503, 16.4920883179, -15.7585525513, -0.847944438457, 19.8407726288, 24.2465553284], [-1.95879745483, -56.5464477539, 16.5641384125, 54.1689376831, 54.187286377, 94.7924575806, 22.9315357208, -14.1121683121, -2.55350422859, -27.5282020569, -9.58759593964, 4.9683008194, -0.824109733105], [27.3728752136, 14.2026548386, 15.1021308899, 14.3878774643, 18.6014003754, 22.9315357208, 81.0876617432, 28.5575962067, 21.9368858337, 21.8630237579, 25.8783435822, 8.3409204483, 10.4292087555], [-48.9878540039, 95.7314300537, -18.2403011322, -11.6008739471, 10.5474071503, -14.1121683121, 28.5575962067, 75.703918457, 28.5817737579, 18.6984825134, 19.6428413391, 5.69282627106, 20.2156047821], [-3.53871536255, 27.2284965515, 9.66208076477, 10.9827136993, 16.4920883179, -2.55350422859, 21.9368858337, 28.5817737579, 62.696811676, 27.7909450531, 12.9516057968, 11.1699781418, 14.5072174072], [24.1630477905, 9.96866035461, 11.9030981064, -16.7712898254, -15.7585525513, -27.5282020569, 21.8630237579, 18.6984825134, 27.7909450531, 70.7296676636, 30.5431480408, 0.848072707653, 3.93492722511], [-5.37389039993, 59.3835830688, -17.9221134186, -15.2838850021, -0.847944438457, -9.58759593964, 25.8783435822, 19.6428413391, 12.9516057968, 30.5431480408, 68.4829406738, 16.3476066589, 7.25075387955], [9.24823093414, -3.67367601395, 8.92612266541, 14.6437397003, 19.8407726288, 4.9683008194, 8.3409204483, 5.69282627106, 11.1699781418, 0.848072707653, 16.3476066589, 51.1998138428, 24.964641571], [-55.9370155334, 40.8793373108, -0.370227962732, 21.2231025696, 24.2465553284, -0.824109733105, 10.4292087555, 20.2156047821, 14.5072174072, 3.93492722511, 7.25075387955, 24.964641571, 55.1110534668]]
        icov: [[0.000925817003008, 0.000921528495383, -0.000454062683275, 0.0001028697734, -0.000135036345455, 0.000773352803662, -0.000405898666941, -0.000398539588787, -0.000102863319626, 0.000463182746898, -0.000693896377925, -2.09779300349e-05, 0.000602251384407], [0.000921528495383, 0.00459225196391, 0.00253623398021, -0.000719226954971, -0.00373611133546, 0.00463044177741, -0.000604240689427, -0.00286968261935, -1.93024388864e-05, 0.00164781755302, -0.00303100422025, 0.00231664604507, -6.02543550485e-05], [-0.000454062683275, 0.00253623398021, 0.00858620647341, -0.000627898261882, -0.00108569324948, 0.00108937046025, -0.00155683676712, -3.30188704538e-05, -0.000874438555911, -0.00140108494088, 0.00157229602337, -0.000287016591756, -0.000988617422991], [0.0001028697734, -0.000719226954971, -0.000627898261882, 0.00943184830248, -0.00315627781674, -0.00314227957278, -0.000869131938089, 0.00308045209385, -0.00127855141181, -0.000461676594568, 0.00239422288723, -0.000714978901669, -0.00224392721429], [-0.000135036345455, -0.00373611133546, -0.00108569324948, -0.00315627781674, 0.0173342861235, -0.00997533649206, 0.000757761474233, 0.00047256090329, -0.00219405931421, -0.00043254395132, 0.00251134694554, -0.00443624285981, -0.00196224497631], [0.000773352803662, 0.00463044177741, 0.00108937046025, -0.00314227957278, -0.00997533649206, 0.0248597618192, -0.0078391963616, 0.0011591311777, -0.000283936155029, 0.00913007743657, -0.00345021742396, 0.00312716607004, 0.00284664682113], [-0.000405898666941, -0.000604240689427, -0.00155683676712, -0.000869131938089, 0.000757761474233, -0.0078391963616, 0.0204147081822, -0.00634291116148, -0.00099413911812, -0.00471466314048, -0.00486698793247, 0.000557955878321, -0.000640837242827], [-0.000398539588787, -0.00286968261935, -3.30188704538e-05, 0.00308045209385, 0.00047256090329, 0.0011591311777, -0.00634291116148, 0.0235205180943, -0.00707106897607, 0.000517792301252, 0.000347736116964, 0.00143931794446, -0.00595367653295], [-0.000102863319626, -1.93024388864e-05, -0.000874438555911, -0.00127855141181, -0.00219405931421, -0.000283936155029, -0.00099413911812, -0.00707106897607, 0.0247555766255, -0.00908083841205, 0.00203939946368, -0.00329401507042, -0.000504992669448], [0.000463182746898, 0.00164781755302, -0.00140108494088, -0.000461676594568, -0.00043254395132, 0.00913007743657, -0.00471466314048, 0.000517792301252, -0.00908083841205, 0.0266433190554, -0.0103775998577, 0.00530780199915, -0.000105646708107], [-0.000693896377925, -0.00303100422025, 0.00157229602337, 0.00239422288723, 0.00251134694554, -0.00345021742396, -0.00486698793247, 0.000347736116964, 0.00203939946368, -0.0103775998577, 0.0259354766458, -0.0103402370587, 0.0017454236513], [-2.09779300349e-05, 0.00231664604507, -0.000287016591756, -0.000714978901669, -0.00443624285981, 0.00312716607004, 0.000557955878321, 0.00143931794446, -0.00329401507042, 0.00530780199915, -0.0103402370587, 0.0310615971684, -0.0123232901096], [0.000602251384407, -6.02543550485e-05, -0.000988617422991, -0.00224392721429, -0.00196224497631, 0.00284664682113, -0.000640837242827, -0.00595367653295, -0.000504992669448, -0.000105646708107, 0.0017454236513, -0.0123232901096, 0.0283628273755]]
    spectral_contrast:
        mean: [-4.39692058762e-07, 1.64085236065e-07, 1.17277657807e-07, -4.06651651019e-07, 6.48752404686e-07, 1.84332876074e-07, 1.17415630996e-07, 1.81076700301e-06, 3.48587150256e-06, -4.88426940137e-06, -5.32468175152e-06, -6.23530831945e-06]
        var: [0.000260528875515, 0.000578934210353, 0.00103770662099, 0.00204134476371, 0.00342644006014, 0.00530886882916, 0.0434356257319, 0.0654240474105, 0.082461707294, 0.23533166945, 0.325174063444, 1.32464706898]

rhythm:
    beats_loudness:
        dmean: 0.00320969056338
        dmean2: 0.00573623646051
        dvar: 3.77020569431e-06
        dvar2: 9.70170731307e-06
        max: 0.0121713243425
        mean: 0.00630171131343
        min: 0.00239678798243
        var: 6.19567799731e-06
    beats_loudness_bass:
        dmean: 0.0757725387812
        dmean2: 0.151344016194
        dvar: 0.00157339486759
        dvar2: 0.00368305761367
        max: 0.183547958732
        mean: 0.0673022270203
        min: 0.00504421349615
        var: 0.00249279732816
    bpm: 108.627510071
    bpm_confidence: 0
    first_peak_bpm: 108
    first_peak_spread: 0.058823466301
    first_peak_weight: 0.941176533699
    onset_rate: 3.67897725105
    second_peak_bpm: 0
    second_peak_spread: 0
    second_peak_weight: 0
    beats_position: [0.354959279299, 0.909018456936, 1.46307766438, 2.01713681221, 2.57119607925, 3.1252553463, 3.67931461334, 4.2333741188, 4.78743314743, 5.34149265289, 5.89555168152, 6.46859836578, 7.01882791519, 7.56905651093, 8.1192855835, 8.66951465607, 9.21974372864, 9.76997280121]
    bpm_estimates: [108.630134583, 108.298751831, 108.456939697, 108.307128906, 107.91192627, 108.280593872, 107.959228516, 108.497421265, 108.26600647, 108.312660217, 109.725799561, 108.754554749, 109.056999207, 108.838363647, 108.862930298, 109.613304138, 108.893241882, 108.629249573]
    bpm_intervals: [0.554059147835, 0.554059207439, 0.554059147835, 0.554059267044, 0.554059267044, 0.554059267044, 0.554059505463, 0.554059028625, 0.554059505463, 0.554059028625, 0.573046684265, 0.550229549408, 0.550228595734, 0.550229072571, 0.550229072571, 0.550229072571, 0.550229072571]
    onset_times: [0.0580498874187, 0.336689352989, 0.638548731804, 0.905578255653, 1.17260766029, 1.24226760864, 1.46285712719, 1.75310659409, 2.00852608681, 2.33360552788, 2.57741498947, 2.84444451332, 3.13469386101, 3.68036270142, 3.97061228752, 4.23764181137, 4.55111122131, 4.60916090012, 4.79492044449, 5.08517026901, 5.36380958557, 5.64244890213, 5.92108821869, 6.18811798096, 6.47836732864, 6.78022670746, 7.01242637634, 7.2910656929, 7.52326536179, 7.60453510284, 8.11537456512, 8.4172334671, 8.63782310486, 8.96290206909, 9.25315189362, 9.53179168701, 9.79882049561]
    rubato_start: []
    rubato_stop: []
    perceptual_tempo: "unknown"

sfx:
    inharmonicity:
        dmean: 0.0456017628312
        dmean2: 0.0809229686856
        dvar: 0.00388525356539
        dvar2: 0.0111369583756
        max: 0.397622972727
        mean: 0.04521336779
        min: 0
        var: 0.00343446456827
    oddtoevenharmonicenergyratio:
        dmean: 1.68456745148
        dmean2: 3.17903113365
        dvar: 15.7789087296
        dvar2: 45.5458259583
        max: 34.8920211792
        mean: 1.19887471199
        min: 0
        var: 9.8602771759
    pitch_after_max_to_before_max_energy_ratio: 1.02210402489
    pitch_centroid: 262.186279297
    pitch_max_to_total: 0.891203701496
    pitch_min_to_total: 0.740740716457
    tristimulus:
        dmean: [0.217099800706, 0.244678243995, 0.0958858653903]
        dmean2: [0.388645619154, 0.434736132622, 0.166696414351]
        dvar: [0.0353123322129, 0.046149969101, 0.00827405788004]
        dvar2: [0.0973843187094, 0.136978954077, 0.0226853173226]
        max: [1, 0.991478919983, 0.609622359276]
        mean: [0.420911580324, 0.451088756323, 0.0977233573794]
        min: [0.00179169769399, 0, 0]
        var: [0.0517222434282, 0.0550882332027, 0.0110247032717]

tonal:
    chords_changes_rate: 0.0184331797063
    chords_number_rate: 0.0230414755642
    chords_strength:
        dmean: 0.00655686343089
        dmean2: 0.00672958791256
        dvar: 2.28403168876e-05
        dvar2: 2.85270471068e-05
        max: 0.631099939346
        mean: 0.538756966591
        min: 0.388893395662
        var: 0.00285667926073
    key_strength: 0.876383185387
    tuning_diatonic_strength: 0.661728322506
    tuning_equal_tempered_deviation: 0.0331346616149
    tuning_frequency: 439.745910645
    tuning_nontempered_energy_ratio: 0.64090025425
    hpcp:
        dmean: [0.164624854922, 0.124262809753, 0.0891930386424, 0.0955314710736, 0.103726401925, 0.0969939678907, 0.106299415231, 0.0939947888255, 0.112686380744, 0.174838572741, 0.156317353249, 0.0830261409283, 0.0712006315589, 0.0699987113476, 0.107054628432, 0.141358152032, 0.121935814619, 0.0885400250554, 0.0673176944256, 0.100339002907, 0.154471889138, 0.15488512814, 0.169525355101, 0.158433750272, 0.168345317245, 0.141107082367, 0.103232681751, 0.0953931361437, 0.0795218497515, 0.112840019166, 0.132665395737, 0.110974818468, 0.0676841661334, 0.0820185020566, 0.0999180600047, 0.145421236753]
        dmean2: [0.281308501959, 0.209884285927, 0.154355734587, 0.158167779446, 0.174440026283, 0.168880462646, 0.175109326839, 0.160513937473, 0.192181810737, 0.313772439957, 0.266366094351, 0.13889183104, 0.128214597702, 0.122564598918, 0.182347282767, 0.225171685219, 0.212746426463, 0.1614561975, 0.118810601532, 0.17565985024, 0.267429858446, 0.260001033545, 0.296699166298, 0.275836497545, 0.287272572517, 0.243333086371, 0.176382258534, 0.17019303143, 0.141710400581, 0.201946884394, 0.230114534497, 0.199548020959, 0.120323084295, 0.144906356931, 0.16984641552, 0.243616133928]
        dvar: [0.0444339103997, 0.0295710805804, 0.024342847988, 0.0298780445009, 0.0320344083011, 0.0258548408747, 0.0348762720823, 0.0267414730042, 0.0193619523197, 0.0354718416929, 0.0310893785208, 0.0171790346503, 0.0276263579726, 0.0220065247267, 0.0247952137142, 0.0264804568142, 0.0348631031811, 0.030955504626, 0.0143675077707, 0.0275396071374, 0.0424259342253, 0.0435000583529, 0.0417145490646, 0.0362389273942, 0.038420367986, 0.0347580164671, 0.0313809551299, 0.0361577421427, 0.0227624215186, 0.034584928304, 0.0332248657942, 0.0319264195859, 0.020742489025, 0.0275972057134, 0.0393348783255, 0.0427066721022]
        dvar2: [0.100621886551, 0.0751942098141, 0.0643024966121, 0.0680541023612, 0.0825955793262, 0.0643803328276, 0.0866611003876, 0.070936858654, 0.050928093493, 0.0801149308681, 0.0681110396981, 0.0459157191217, 0.080638691783, 0.0594042651355, 0.0711941421032, 0.0643837675452, 0.103887364268, 0.0865031778812, 0.0383608788252, 0.0731506049633, 0.100473769009, 0.104874253273, 0.113225571811, 0.0955116376281, 0.086555197835, 0.0904996171594, 0.082387663424, 0.103999085724, 0.0593319237232, 0.0983357205987, 0.0833326131105, 0.0952627062798, 0.0568031854928, 0.0765167027712, 0.101007886231, 0.101946212351]
        max: [1, 1, 1, 1, 1, 1, 1, 1, 1, 1, 1, 0.944598138332, 1, 1, 1, 1, 1, 1, 0.960641503334, 0.934949815273, 1, 1, 1, 1, 1, 1, 1, 1, 1, 1, 1, 1, 1, 1, 1, 1]
        mean: [0.326454907656, 0.203040093184, 0.136238902807, 0.177567914128, 0.138709053397, 0.123859159648, 0.150991082191, 0.118579909205, 0.220415815711, 0.414882302284, 0.324631094933, 0.127096518874, 0.0683994442225, 0.0715064331889, 0.183419138193, 0.268623322248, 0.173046529293, 0.0837663710117, 0.064474388957, 0.0909294039011, 0.256027013063, 0.365019649267, 0.252332508564, 0.292834073305, 0.402313679457, 0.24640712142, 0.118061229587, 0.0994308590889, 0.0876736938953, 0.18568213284, 0.25235876441, 0.150912538171, 0.0771834552288, 0.0784868746996, 0.092330634594, 0.226436808705]
        min: [0.00233342894353, 0.00142830912955, 0.00188496720511, 0.00172077934258, 0.00141825573519, 0.00133667665068, 0.000995741575025, 0.000956521951593, 0.00906403921545, 0.0199564620852, 0.0144946072251, 0.00058183533838, 0.0004698826815, 0.00117888592649, 0.0153397973627, 0.0165918003768, 0.0132689848542, 0.00077351013897, 0.000310202245601, 0.000945404288359, 0.00317257735878, 0.00331616634503, 0.00152909103781, 0.00282911281101, 0.00181787286419, 0.00120227329899, 0.00385019741952, 0.00193650787696, 0.00178881757893, 0.00465793488547, 0.00567318033427, 0.00548279238865, 0.0019564407412, 0.00251579424366, 0.00140034302603, 0.00441516237333]
        var: [0.105066165328, 0.0452113822103, 0.0364696569741, 0.0776507183909, 0.0412200018764, 0.0268257372081, 0.040616620332, 0.0287122111768, 0.0348778553307, 0.10000795871, 0.072179056704, 0.0269226003438, 0.0192471574992, 0.0201340932399, 0.0377437248826, 0.0565098747611, 0.037090562284, 0.023245614022, 0.0132689746097, 0.0239492356777, 0.0718197524548, 0.124979622662, 0.0614451169968, 0.0664515793324, 0.109950304031, 0.0574707612395, 0.0318521521986, 0.0303432010114, 0.0245828721672, 0.0619698017836, 0.0713431164622, 0.0314438603818, 0.0198131594807, 0.0209870468825, 0.0329361967742, 0.0638531520963]
    chords_histogram: [40.5529937744, 7.37327194214, 25.8064517975, 0, 0, 0, 0, 0, 0, 0, 0, 0, 0, 0, 0, 0, 0, 0, 0, 0, 0, 0, 20.7373275757, 5.5299539566]
    thpcp: [1, 0.782465517521, 0.30634355545, 0.164864689112, 0.172353535891, 0.4420992136, 0.647468745708, 0.417097866535, 0.201903939247, 0.155404046178, 0.219169154763, 0.617107570171, 0.87981492281, 0.608202636242, 0.705824434757, 0.969705581665, 0.593920528889, 0.284565597773, 0.239660397172, 0.211321845651, 0.447553753853, 0.608265936375, 0.363747835159, 0.186036989093, 0.189178645611, 0.222546577454, 0.545785665512, 0.786861479282, 0.48939204216, 0.328379631042, 0.427995860577, 0.334333509207, 0.298540472984, 0.363937139511, 0.285815775394, 0.531273126602]
    chords_key: "F"
    chords_scale: "major"
    key_key: "F"
    key_scale: "major"
    chords_progression: ["C", "C", "C", "C", "C", "C", "C", "C", "C", "C", "C", "C", "C", "C", "C", "C", "C", "C", "C", "C", "C", "C", "C", "C", "C", "C", "C", "C", "C", "C", "C", "C", "C", "C", "C", "C", "C", "C", "C", "C", "C", "C", "C", "C", "C", "C", "C", "C", "C", "C", "C", "C", "C", "C", "C", "C", "Am", "Am", "Am", "Am", "Am", "Am", "Am", "Am", "Am", "Am", "Am", "Am", "Am", "Am", "Am", "Am", "F", "F", "F", "F", "F", "F", "F", "F", "F", "F", "F", "F", "F", "F", "F", "F", "F", "F", "F", "F", "F", "F", "F", "F", "F", "F", "F", "F", "F", "F", "F", "F", "F", "F", "F", "F", "F", "F", "F", "F", "F", "F", "F", "F", "F", "F", "F", "F", "F", "F", "F", "F", "F", "F", "F", "F", "F", "F", "F", "F", "F", "F", "F", "F", "F", "F", "F", "F", "F", "F", "F", "F", "F", "F", "F", "F", "F", "F", "F", "F", "F", "F", "F", "F", "F", "F", "F", "F", "Dm", "Dm", "Dm", "Dm", "Dm", "Dm", "Dm", "Dm", "Dm", "Dm", "Dm", "Dm", "A#", "A#", "A#", "A#", "A#", "A#", "A#", "A#", "A#", "A#", "A#", "A#", "A#", "A#", "A#", "A#", "A#", "A#", "A#", "A#", "A#", "A#", "A#", "A#", "A#", "A#", "A#", "A#", "A#", "A#", "A#", "A#", "A#", "A#", "A#", "A#", "A#", "A#", "A#", "A#", "A#", "A#", "A#", "A#", "A#"]
