
metadata:
    version:
        essentia: "1.2.2"
    audio_properties:
        analysis_sample_rate: 44100
        bitrate: 128
        channels: 2
        equal_loudness: 1
        length: 10.0310201645
        replay_gain: -6.95699310303
        downmix: "mix"
    tags:
        track: 5
        year: 0
        album: "Splitted by Mp3Splt v. 2.1"
        artist: "From 000.40 To 000.50"
        comment: "http://mp3splt.sf.net"
        genre: ""
        title: "20 All Summer Long.mp3"

highlevel:
    ballroom:
        all:
            ChaChaCha: 0.104528173804
            Jive: 0.257587343454
            Quickstep: 0.155560612679
            Rumba-American: 0.00951748434454
            Rumba-International: 0.0325524546206
            Rumba-Misc: 0.0275793951005
            Samba: 0.120708733797
            Tango: 0.0189344324172
            VienneseWaltz: 0.241200491786
            Waltz: 0.0318308807909
        probability: 0.257587343454
        value: "Jive"
    culture:
        all:
            non_western: 0.227954208851
            western: 0.772045791149
        probability: 0.772045791149
        value: "western"
    gender:
        all:
            female: 0.099771939218
            male: 0.900228083134
        probability: 0.900228083134
        value: "male"
    genre_dortmund:
        all:
            alternative: 0.0622128546238
            blues: 0.0185265336186
            electronic: 0.0120308222249
            folkcountry: 0.152773588896
            funksoulrnb: 0.0593924075365
            jazz: 0.014369642362
            pop: 0.0813068896532
            raphiphop: 0.019830564037
            rock: 0.579556703568
        probability: 0.579556703568
        value: "rock"
    genre_electronica:
        all:
            ambient: 0.403671205044
            dnb: 0.192926749587
            house: 0.054910428822
            techno: 0.00915311742574
            trance: 0.339338481426
        probability: 0.403671205044
        value: "ambient"
    genre_rosamerica:
        all:
            cla: 0.0967852175236
            dan: 0.0762319043279
            hip: 0.0291919261217
            jaz: 0.0270169228315
            pop: 0.300392210484
            rhy: 0.28273910284
            roc: 0.170638605952
            spe: 0.0170040819794
        probability: 0.300392210484
        value: "pop"
    genre_tzanetakis:
        all:
            blu: 0.0205391347408
            cla: 0.0217335037887
            cou: 0.288415104151
            dis: 0.0864276438951
            hip: 0.0131596224383
            jaz: 0.0375151596963
            met: 0.0357675217092
            pop: 0.152546152472
            reg: 0.0579399950802
            roc: 0.285956144333
        probability: 0.288415104151
        value: "cou"
    live_studio:
        all:
            live: 0.174413695931
            studio: 0.82558631897
        probability: 0.82558631897
        value: "studio"
    mood:
        all:
            Cluster1: 0.223143965006
            Cluster2: 0.232612609863
            Cluster3: 0.0958446934819
            Cluster4: 0.159067928791
            Cluster5: 0.289330810308
        probability: 0.289330810308
        value: "Cluster5"
    mood_acoustic:
        all:
            acoustic: 0.0703929513693
            not_acoustic: 0.92960703373
        probability: 0.92960703373
        value: "not_acoustic"
    mood_aggressive:
        all:
            aggressive: 0.681430637836
            not_aggressive: 0.318569332361
        probability: 0.681430637836
        value: "aggressive"
    mood_electronic:
        all:
            electronic: 0.376037240028
            not_electronic: 0.623962759972
        probability: 0.623962759972
        value: "not_electronic"
    mood_happy:
        all:
            happy: 0.935902953148
            not_happy: 0.064097031951
        probability: 0.935902953148
        value: "happy"
    mood_party:
        all:
            not_party: 0.440414756536
            party: 0.559585273266
        probability: 0.559585273266
        value: "party"
    mood_relaxed:
        all:
            not_relaxed: 0.259623497725
            relaxed: 0.740376472473
        probability: 0.740376472473
        value: "relaxed"
    mood_sad:
        all:
            not_sad: 0.029788499698
            sad: 0.97021150589
        probability: 0.97021150589
        value: "sad"
    rhythm:
        all:
            fast: 0.933729767799
            medium: 0.0541140846908
            slow: 0.0121561344713
        probability: 0.933729767799
        value: "fast"
    speech_music:
        all:
            music: 4.1785753524e-08
            speech: 0.999999940395
        probability: 0.999999940395
        value: "speech"
    timbre:
        all:
            bright: 0.173443183303
            dark: 0.826556801796
        probability: 0.826556801796
        value: "dark"
    voice_instrumental:
        all:
            instrumental: 0.00392211601138
            voice: 0.996077895164
        probability: 0.996077895164
        value: "voice"

lowlevel:
    average_loudness: 0.971562206745
    barkbands_kurtosis:
        dmean: 0.711840629578
        dmean2: 1.15725195408
        dvar: 1.0310254097
        dvar2: 2.41044068336
        max: 10.7025566101
        mean: -0.621870875359
        min: -1.8614231348
        var: 1.49414396286
    barkbands_skewness:
        dmean: 0.386286556721
        dmean2: 0.607517302036
        dvar: 0.132312133908
        dvar2: 0.312866717577
        max: 3.4394261837
        mean: 0.573301970959
        min: -1.6000071764
        var: 0.358991026878
    barkbands_spread:
        dmean: 5.08291816711
        dmean2: 8.15162849426
        dvar: 19.2142314911
        dvar2: 43.5934906006
        max: 56.7592277527
        mean: 29.1355056763
        min: 8.20996665955
        var: 69.5976638794
    dissonance:
        dmean: 0.0208766888827
        dmean2: 0.0357053466141
        dvar: 0.00035146708251
        dvar2: 0.000982579076663
        max: 0.499510288239
        mean: 0.455617547035
        min: 0.361307799816
        var: 0.000635214149952
    hfc:
        dmean: 2.19831585884
        dmean2: 3.15574741364
        dvar: 7.55742406845
        dvar2: 19.1248207092
        max: 30.8431911469
        mean: 7.42925739288
        min: 0.00139205413871
        var: 23.0037498474
    pitch:
        dmean: 637.46496582
        dmean2: 1228.67163086
        dvar: 1446766.125
        dvar2: 3638596.25
        max: 4410
        mean: 856.57434082
        min: 82.7392120361
        var: 1626481.75
    pitch_instantaneous_confidence:
        dmean: 0.0826643779874
        dmean2: 0.135079845786
        dvar: 0.00388097995892
        dvar2: 0.00962131936103
        max: 0.789377450943
        mean: 0.413765013218
        min: 0.182621359825
        var: 0.013689388521
    pitch_salience:
        dmean: 0.0603639110923
        dmean2: 0.0962345153093
        dvar: 0.00251207174733
        dvar2: 0.00634254701436
        max: 0.817329764366
        mean: 0.597707867622
        min: 0.256404131651
        var: 0.0067961551249
    silence_rate_20dB:
        dmean: 0
        dmean2: 0
        dvar: 0
        dvar2: 0
        max: 1
        mean: 1
        min: 1
        var: 0
    silence_rate_30dB:
        dmean: 0
        dmean2: 0
        dvar: 0
        dvar2: 0
        max: 1
        mean: 1
        min: 1
        var: 0
    silence_rate_60dB:
        dmean: 0.101851850748
        dmean2: 0.201856151223
        dvar: 0.0914780125022
        dvar2: 0.170390769839
        max: 1
        mean: 0.24711316824
        min: 0
        var: 0.186048775911
    spectral_centroid:
        dmean: 255.840164185
        dmean2: 404.127624512
        dvar: 68794.2421875
        dvar2: 157357.96875
        max: 3179.15991211
        mean: 1407.27258301
        min: 440.387573242
        var: 177011.421875
    spectral_complexity:
        dmean: 2.95591640472
        dmean2: 4.26279067993
        dvar: 8.03750514984
        dvar2: 15.1704769135
        max: 33
        mean: 13.9143514633
        min: 0
        var: 38.8977584839
    spectral_crest:
        dmean: 2.0643632412
        dmean2: 3.40599894524
        dvar: 3.56965732574
        dvar2: 7.85944080353
        max: 23.0199203491
        mean: 7.21300363541
        min: 2.49473762512
        var: 7.8658452034
    spectral_decrease:
        dmean: 3.34556909953e-10
        dmean2: 4.90335771985e-10
        dvar: 1.1662500882e-19
        dvar2: 2.62571347307e-19
        max: -1.70867213065e-13
        mean: -1.19424736766e-09
        min: -3.83764486855e-09
        var: 4.31174666835e-19
    spectral_energy:
        dmean: 0.00142813962884
        dmean2: 0.00206244783476
        dvar: 2.20621518565e-06
        dvar2: 5.05947491547e-06
        max: 0.0165896769613
        mean: 0.00518122222275
        min: 7.71155612256e-07
        var: 8.18311582407e-06
    spectral_energyband_high:
        dmean: 0.000122024866869
        dmean2: 0.000188293401152
        dvar: 2.73407838591e-08
        dvar2: 6.93379575978e-08
        max: 0.00172786484472
        mean: 0.000270956632448
        min: 6.03338961014e-08
        var: 5.93174398489e-08
    spectral_energyband_low:
        dmean: 6.09433591308e-05
        dmean2: 9.48572851485e-05
        dvar: 6.87509960073e-09
        dvar2: 1.53942671943e-08
        max: 0.000698790303431
        mean: 0.000114078255137
        min: 2.55105483404e-08
        var: 1.88521500633e-08
    spectral_energyband_middle_high:
        dmean: 0.000690118409693
        dmean2: 0.00100801931694
        dvar: 6.73047566124e-07
        dvar2: 1.59596561389e-06
        max: 0.0084818052128
        mean: 0.00208506849594
        min: 3.45218467146e-07
        var: 2.80208564618e-06
    spectral_energyband_middle_low:
        dmean: 0.00100096012466
        dmean2: 0.00157150055747
        dvar: 1.04236039533e-06
        dvar2: 2.45455476033e-06
        max: 0.0108163021505
        mean: 0.00271111726761
        min: 3.40035938962e-07
        var: 2.87202624349e-06
    spectral_flatness_db:
        dmean: 0.0156453549862
        dmean2: 0.0250606760383
        dvar: 0.000189000085811
        dvar2: 0.00043532793643
        max: 0.28144004941
        mean: 0.180338189006
        min: 0.0848625674844
        var: 0.000514272076543
    spectral_flux:
        dmean: 0.00857487972826
        dmean2: 0.0126256318763
        dvar: 7.40747345844e-05
        dvar2: 0.000145879355841
        max: 0.119661189616
        mean: 0.040337331593
        min: 0.000878154649399
        var: 0.00023513774795
    spectral_kurtosis:
        dmean: 1.2943431139
        dmean2: 2.21261405945
        dvar: 1.37735176086
        dvar2: 4.19236898422
        max: 10.4897508621
        mean: 3.17439746857
        min: -0.605211257935
        var: 3.21807265282
    spectral_rms:
        dmean: 0.000313560856739
        dmean2: 0.00043038878357
        dvar: 8.42184277872e-08
        dvar2: 1.67852249433e-07
        max: 0.00402306485921
        mean: 0.00214973348193
        min: 2.74289432127e-05
        var: 4.33496296637e-07
    spectral_rolloff:
        dmean: 563.010559082
        dmean2: 976.705810547
        dvar: 405330.15625
        dvar2: 906538.0625
        max: 5749.36523438
        mean: 3067.73242188
        min: 279.931640625
        var: 777681.4375
    spectral_skewness:
        dmean: 0.203126147389
        dmean2: 0.325005352497
        dvar: 0.0335147343576
        dvar2: 0.0926464945078
        max: 2.34993219376
        mean: 1.2503644228
        min: 0.226563945413
        var: 0.105217322707
    spectral_spread:
        dmean: 388085.28125
        dmean2: 533309.1875
        dvar: 556076826624
        dvar2: 670965956608
        max: 16597697
        mean: 4053028.25
        min: 2755007
        var: 1.34511027814e+12
    spectral_strongpeak:
        dmean: 0.513019502163
        dmean2: 0.857429325581
        dvar: 0.628709316254
        dvar2: 1.56752049923
        max: 9.87653923035
        mean: 0.754699349403
        min: 0.00399549724534
        var: 0.842228710651
    zerocrossingrate:
        dmean: 0.00887402985245
        dmean2: 0.0109761087224
        dvar: 6.07585643593e-05
        dvar2: 7.99851695774e-05
        max: 0.177734375
        mean: 0.0855385139585
        min: 0.03662109375
        var: 0.00035387754906
    barkbands:
        dmean: [6.26850527041e-09, 4.52556832897e-06, 5.87411195738e-05, 0.000178420727025, 0.000325286091538, 0.000257217907347, 0.000347777997376, 0.000202824056032, 0.00033816479845, 5.93086915615e-05, 4.15360009356e-05, 0.000101867495687, 0.000148021266796, 0.000166118130437, 8.04683877504e-05, 3.68879300368e-05, 0.000107276318886, 0.00013722172298, 0.000186514036614, 0.000187310550245, 5.79083971388e-05, 1.72213494807e-05, 3.72004751625e-06, 9.1978523642e-07, 4.35442359503e-07, 6.23723384052e-09, 3.84031251244e-09]
        dmean2: [9.64985691354e-09, 7.70013775764e-06, 9.15642231121e-05, 0.000294681172818, 0.000528146279976, 0.000409577711252, 0.000571969139855, 0.000313364929752, 0.000507864053361, 0.000101454104879, 7.18140290701e-05, 0.000161987365573, 0.000245016213739, 0.000264243339188, 0.000125680744532, 5.59745749342e-05, 0.000180211936822, 0.000214318788494, 0.000309436582029, 0.000295426114462, 9.09257942112e-05, 2.57218707702e-05, 5.59441195946e-06, 1.22327242025e-06, 6.87816964273e-07, 7.54027329464e-09, 4.01837851882e-09]
        dvar: [3.81584266392e-16, 6.03986027858e-11, 6.37311314833e-09, 7.33639424766e-08, 2.30585371241e-07, 1.19238151797e-07, 2.5701902473e-07, 7.94840104845e-08, 4.51362069498e-07, 4.42258318856e-08, 8.44094927288e-09, 5.99475882268e-08, 9.33003221348e-08, 1.86644285805e-07, 2.81414465064e-08, 4.16466949815e-09, 8.83976696286e-08, 3.32532010816e-08, 1.2292179008e-07, 4.76678962968e-08, 9.63435820012e-09, 7.61890717182e-10, 5.80735945444e-11, 7.41056781911e-12, 2.85253331372e-12, 5.16211481858e-15, 5.68101143724e-15]
        dvar2: [4.9512204495e-16, 1.5392234709e-10, 1.41845468704e-08, 1.95212720655e-07, 5.63149797017e-07, 3.37992673849e-07, 7.566803788e-07, 1.74626194394e-07, 1.00096497135e-06, 1.05830366692e-07, 2.48243789969e-08, 1.80664670779e-07, 2.15973287254e-07, 4.73108542565e-07, 6.90636028366e-08, 1.06786153253e-08, 2.47592367941e-07, 8.47068406529e-08, 3.39457301379e-07, 1.23015539089e-07, 2.92018214054e-08, 1.56537693918e-09, 1.18016166284e-10, 1.18336868082e-11, 7.31919819891e-12, 5.14679749828e-15, 5.68834758959e-15]
        max: [3.64422191979e-07, 6.25190878054e-05, 0.000668213702738, 0.00189796835184, 0.00592133402824, 0.00277367490344, 0.00680273398757, 0.00432168086991, 0.0088168727234, 0.00332504953258, 0.00105091056321, 0.00260648992844, 0.00329588307068, 0.00503895431757, 0.00247249333188, 0.000681646284647, 0.00353046227247, 0.00278356787749, 0.00382105121389, 0.00221612444147, 0.00100611860398, 0.00034398396383, 9.45008723647e-05, 4.01841898565e-05, 2.27225682465e-05, 1.50552318701e-06, 1.56775138294e-06]
        mean: [7.24905335758e-09, 6.27405461273e-06, 0.000107797968667, 0.000228470904403, 0.000513792561833, 0.000435070658568, 0.000622558989562, 0.000329971138854, 0.000555626233108, 9.50297617237e-05, 7.22571567167e-05, 0.000148135179188, 0.000246851006523, 0.000270603981335, 0.000164710058016, 6.57143464196e-05, 0.000151273867232, 0.000262843852397, 0.000333493168, 0.000422581331804, 0.000106349834823, 3.293438931e-05, 6.34605748928e-06, 1.79954645319e-06, 7.16768113307e-07, 8.84264839129e-09, 3.79005804518e-09]
        min: [3.94133059523e-11, 7.4722219523e-09, 1.78828933883e-08, 4.40771641408e-09, 2.45444269353e-08, 1.50855434811e-08, 5.95312954488e-09, 4.14882794786e-09, 2.70428614613e-07, 2.41723689953e-08, 2.33292851703e-09, 7.34836769212e-09, 2.00225347413e-09, 2.98327118564e-09, 3.01741209796e-08, 1.18452469167e-07, 4.46209611482e-08, 5.7995524827e-08, 2.34348256356e-08, 6.35781134406e-08, 3.36879359963e-08, 8.38410230131e-09, 1.3224352724e-09, 2.83210038754e-10, 2.4096258322e-10, 6.16967284553e-12, 1.09751976658e-13]
        var: [3.95862303737e-16, 8.49383341439e-11, 1.80629076141e-08, 8.22378183329e-08, 3.15858187605e-07, 2.07069632552e-07, 7.27991903204e-07, 1.74870450564e-07, 9.05587228317e-07, 9.57757464448e-08, 2.08905142074e-08, 1.01792771545e-07, 1.51001060544e-07, 3.39436098784e-07, 9.7738798388e-08, 9.91372672843e-09, 7.05739466866e-08, 9.10102215812e-08, 1.31891184196e-07, 1.11946881987e-07, 1.45606504631e-08, 1.4441092766e-09, 8.79954373256e-11, 2.03835507501e-11, 3.6478532868e-12, 5.23667404673e-15, 5.67518258001e-15]
    mfcc:
        mean: [-714.863525391, 116.573661804, -52.4543418884, 50.9441642761, -34.7518424988, -16.0863246918, -12.117102623, -20.5968551636, -18.1257591248, -2.63929605484, 2.64948439598, -8.77336597443, -11.1013345718]
        cov: [[1988.24780273, -286.208953857, -252.061141968, -113.817649841, -106.138061523, 46.6237182617, -40.4213371277, -56.9369354248, -108.013198853, 34.442943573, 72.3447341919, -36.9617843628, -69.1167526245], [-286.208953857, 535.436584473, -125.644432068, 9.09896183014, -80.5721054077, -31.9604663849, 113.814529419, 44.9426803589, -28.6842288971, -22.9479293823, -7.10924339294, -10.8054122925, 22.7563076019], [-252.061141968, -125.644432068, 454.696777344, 167.79246521, 88.5092391968, -2.7232940197, -42.8891792297, 31.7775592804, 9.06108283997, -3.12556838989, 10.7914981842, 62.2423400879, 25.6434497833], [-113.817649841, 9.09896183014, 167.79246521, 336.355194092, 112.35118866, -5.51271343231, -107.477882385, -14.3158826828, 0.913590073586, -14.798002243, -30.8025074005, 21.3698997498, 25.6404571533], [-106.138061523, -80.5721054077, 88.5092391968, 112.35118866, 179.420303345, -4.90247631073, -88.9525909424, -47.7326850891, 35.4794082642, 29.5652599335, -18.5429878235, 2.05115556717, 20.9390583038], [46.6237182617, -31.9604663849, -2.7232940197, -5.51271343231, -4.90247631073, 108.651092529, 57.2405738831, 20.8690414429, 3.75636577606, 9.6186876297, 15.9167089462, 12.8811645508, -13.8720712662], [-40.4213371277, 113.814529419, -42.8891792297, -107.477882385, -88.9525909424, 57.2405738831, 198.171768188, 78.9320068359, -4.68930435181, 3.46309709549, 31.7006702423, 8.67731380463, -2.9497923851], [-56.9369354248, 44.9426803589, 31.7775592804, -14.3158826828, -47.7326850891, 20.8690414429, 78.9320068359, 138.303222656, 19.1313323975, -26.896074295, -2.36889362335, 5.92630910873, 18.9930324554], [-108.013198853, -28.6842288971, 9.06108283997, 0.913590073586, 35.4794082642, 3.75636577606, -4.68930435181, 19.1313323975, 95.9611968994, 23.4706172943, -2.29691195488, -3.3572306633, 5.05560684204], [34.442943573, -22.9479293823, -3.12556838989, -14.798002243, 29.5652599335, 9.6186876297, 3.46309709549, -26.896074295, 23.4706172943, 89.1001205444, 24.3813800812, -2.23865747452, -6.36665725708], [72.3447341919, -7.10924339294, 10.7914981842, -30.8025074005, -18.5429878235, 15.9167089462, 31.7006702423, -2.36889362335, -2.29691195488, 24.3813800812, 91.042137146, 40.5386352539, -13.0063009262], [-36.9617843628, -10.8054122925, 62.2423400879, 21.3698997498, 2.05115556717, 12.8811645508, 8.67731380463, 5.92630910873, -3.3572306633, -2.23865747452, 40.5386352539, 83.7675094604, 3.95130252838], [-69.1167526245, 22.7563076019, 25.6434497833, 25.6404571533, 20.9390583038, -13.8720712662, -2.9497923851, 18.9930324554, 5.05560684204, -6.36665725708, -13.0063009262, 3.95130252838, 55.8692779541]]
        icov: [[0.000775706546847, 0.00059557845816, 0.000572181947064, -0.000225235358812, 0.000424837518949, -0.000163617049111, 0.000316058722092, -0.000314999837428, 0.00102445634548, -0.000437928392785, -0.00075210822979, 0.000442781980382, 0.000132705739816], [0.00059557845816, 0.00346690276638, 0.00153727678116, -0.00174553017132, 0.000850822019856, 0.00205164891668, -0.00259450846352, -7.70630285842e-05, 0.00117223896086, -0.000259335094597, -0.000352010363713, 0.000195847285795, -0.000731500680558], [0.000572181947064, 0.00153727678116, 0.00405832612887, -0.00186707905959, -0.000785811163951, 0.00116552982945, -0.000704937323462, -0.00165950716473, 0.00133850786369, -0.000541808432899, -0.000684598751832, -0.00168577895965, -3.63267499779e-05], [-0.000225235358812, -0.00174553017132, -0.00186707905959, 0.00588826322928, -0.00224439124577, -0.00214945012704, 0.00352544523776, -0.000774808169808, 0.000425500824349, 0.000706235005055, 0.00107720913365, -0.000835314276628, -0.000304200191749], [0.000424837518949, 0.000850822019856, -0.000785811163951, -0.00224439124577, 0.0116091957316, -0.00178573327139, 0.00246224971488, 0.00310831260867, -0.0029322032351, -0.00289390236139, 0.000833159603644, 0.000562553934287, -0.00406158063561], [-0.000163617049111, 0.00205164891668, 0.00116552982945, -0.00214945012704, -0.00178573327139, 0.0139971161261, -0.00659374147654, -0.000725648540538, 0.000161371324793, -0.000543041271158, 0.000384999031667, -0.001863761805, 0.00360160763375], [0.000316058722092, -0.00259450846352, -0.000704937323462, 0.00352544523776, 0.00246224971488, -0.00659374147654, 0.0137430988252, -0.00501681445166, 0.00116879958659, -0.00216408353299, -0.0021137832664, 0.000366013264284, -0.000845877220854], [-0.000314999837428, -7.70630285842e-05, -0.00165950716473, -0.000774808169808, 0.00310831260867, -0.000725648540538, -0.00501681445166, 0.0135280014947, -0.00497941346839, 0.0039811776951, 0.000997857889161, 0.000508977274876, -0.00434936396778], [0.00102445634548, 0.00117223896086, 0.00133850786369, 0.000425500824349, -0.0029322032351, 0.000161371324793, 0.00116879958659, -0.00497941346839, 0.0149330552667, -0.00431048218161, -0.000429451727541, 0.000426939281169, 0.000901098363101], [-0.000437928392785, -0.000259335094597, -0.000541808432899, 0.000706235005055, -0.00289390236139, -0.000543041271158, -0.00216408353299, 0.0039811776951, -0.00431048218161, 0.0161866880953, -0.00460827723145, 0.00258496287279, -5.04784184159e-05], [-0.00075210822979, -0.000352010363713, -0.000684598751832, 0.00107720913365, 0.000833159603644, 0.000384999031667, -0.0021137832664, 0.000997857889161, -0.000429451727541, -0.00460827723145, 0.0186830032617, -0.00939293857664, 0.00289269955829], [0.000442781980382, 0.000195847285795, -0.00168577895965, -0.000835314276628, 0.000562553934287, -0.001863761805, 0.000366013264284, 0.000508977274876, 0.000426939281169, 0.00258496287279, -0.00939293857664, 0.0185702536255, -0.00244628125802], [0.000132705739816, -0.000731500680558, -3.63267499779e-05, -0.000304200191749, -0.00406158063561, 0.00360160763375, -0.000845877220854, -0.00434936396778, 0.000901098363101, -5.04784184159e-05, 0.00289269955829, -0.00244628125802, 0.023126879707]]
    spectral_contrast:
        mean: [-4.94527967021e-07, -3.07918526232e-07, 4.63518375682e-07, 3.43658030033e-07, -1.90300241343e-07, -4.76354244938e-07, 9.16145452834e-08, 2.24179689212e-06, 1.18409036531e-06, 3.77178753297e-06, 2.12458826354e-06, -3.48659568772e-07]
        var: [0.000579162617214, 0.000706603052095, 0.00150967377704, 0.00281460909173, 0.00373241049238, 0.0049830484204, 0.0466769635677, 0.120902635157, 0.177619725466, 0.333082407713, 0.443937271833, 0.847295641899]

rhythm:
    beats_loudness:
        dmean: 0.00207037315704
        dmean2: 0.00428423238918
        dvar: 3.2873094824e-06
        dvar2: 8.23665413918e-06
        max: 0.0124170584604
        mean: 0.00555330328643
        min: 0.00169258087408
        var: 6.30000704405e-06
    beats_loudness_bass:
        dmean: 0.0551862455904
        dmean2: 0.0831768363714
        dvar: 0.00341770774685
        dvar2: 0.00970748625696
        max: 0.336886256933
        mean: 0.0947989374399
        min: 0.00949553679675
        var: 0.00491076009348
    bpm: 138.810073853
    bpm_confidence: 0
    first_peak_bpm: 139
    first_peak_spread: 0
    first_peak_weight: 0.95454543829
    onset_rate: 3.98763012886
    second_peak_bpm: 182
    second_peak_spread: 0
    second_peak_weight: 0.0454545468092
    beats_position: [0.0928235203028, 0.524639725685, 0.956456005573, 1.38827216625, 1.82008838654, 2.25190448761, 2.6837208271, 3.1155371666, 3.54735326767, 3.97916936874, 4.41098546982, 4.84280157089, 5.2746181488, 5.70643424988, 6.03539514542, 6.46843194962, 6.90146827698, 7.33450460434, 7.7675409317, 8.20057678223, 8.63361358643, 9.06664943695, 9.49968624115]
    bpm_estimates: [139.43850708, 138.844161987, 140.147918701, 137.638381958, 139.341598511, 138.094619751, 139.162063599, 138.712844849, 139.75680542, 137.691818237, 138.082077026]
    bpm_intervals: [0.431816220284, 0.431816279888, 0.431816160679, 0.431816220284, 0.431816101074, 0.431816339493, 0.431816339493, 0.431816101074, 0.431816101074, 0.431816101074, 0.431816101074, 0.431816577911, 0.431816101074, 0.328960895538, 0.433036804199, 0.433036327362, 0.433036327362, 0.433036327362, 0.433035850525, 0.433036804199, 0.433035850525, 0.433036804199]
    onset_times: [0.0580498874187, 0.476009070873, 0.801088452339, 0.940408170223, 1.23065757751, 1.369977355, 1.66022670269, 1.81115651131, 2.07818603516, 2.2523355484, 2.64707493782, 2.96054410934, 3.13469386101, 3.35528349876, 3.55265307426, 3.97061228752, 4.38857126236, 4.69043064117, 4.85297060013, 5.07356023788, 5.28253984451, 5.4334692955, 5.5727891922, 5.71210861206, 5.87464857101, 5.95591831207, 6.15328788757, 6.3042178154, 6.43192720413, 6.58285713196, 6.82666683197, 7.01242637634, 7.26784563065, 7.39555549622, 7.84834480286, 8.27791404724, 8.71909332275, 9.14866256714, 9.61306095123, 9.85687065125]
    rubato_start: []
    rubato_stop: []
    perceptual_tempo: "unknown"

sfx:
    inharmonicity:
        dmean: 0.0470041669905
        dmean2: 0.0837759673595
        dvar: 0.00297292042524
        dvar2: 0.00837698951364
        max: 0.332879275084
        mean: 0.0482269525528
        min: 0.00036748254206
        var: 0.0027563800104
    oddtoevenharmonicenergyratio:
        dmean: 4.91909408569
        dmean2: 9.5381975174
        dvar: 729.16784668
        dvar2: 2174.12988281
        max: 387.209106445
        mean: 2.98093914986
        min: 0.00216818158515
        var: 371.860565186
    pitch_after_max_to_before_max_energy_ratio: 2.24327087402
    pitch_centroid: 191.711425781
    pitch_max_to_total: 0.168981477618
    pitch_min_to_total: 0.222222223878
    tristimulus:
        dmean: [0.228295236826, 0.265712350607, 0.13747215271]
        dmean2: [0.39790469408, 0.467934519053, 0.243478000164]
        dvar: [0.033275552094, 0.0458609312773, 0.0176846850663]
        dvar2: [0.0917943716049, 0.12854719162, 0.0473780781031]
        max: [0.885935783386, 0.951889097691, 0.765374422073]
        mean: [0.365914463997, 0.447691649199, 0.142265766859]
        min: [0.00249906256795, 0, 0]
        var: [0.0499929413199, 0.0630972981453, 0.0200464893132]

tonal:
    chords_changes_rate: 0.0368663594127
    chords_number_rate: 0.0230414755642
    chords_strength:
        dmean: 0.00964624993503
        dmean2: 0.00904781278223
        dvar: 6.0892853071e-05
        dvar2: 4.97973014717e-05
        max: 0.805745303631
        mean: 0.616958498955
        min: 0.368312507868
        var: 0.0129080777988
    key_strength: 0.757050991058
    tuning_diatonic_strength: 0.627122044563
    tuning_equal_tempered_deviation: 0.163928762078
    tuning_frequency: 449.245300293
    tuning_nontempered_energy_ratio: 0.810892164707
    hpcp:
        dmean: [0.092170342803, 0.136031985283, 0.195724412799, 0.179121002555, 0.171572506428, 0.187673568726, 0.133584037423, 0.0900855511427, 0.0881484523416, 0.0800670012832, 0.0887205451727, 0.160436719656, 0.192931681871, 0.155042931437, 0.105844251812, 0.112578392029, 0.1458773911, 0.184028849006, 0.189264282584, 0.127984017134, 0.0953217819333, 0.0821266695857, 0.108598120511, 0.168850928545, 0.173464894295, 0.180718675256, 0.201715663075, 0.17803491652, 0.104706056416, 0.0928757488728, 0.0973877832294, 0.0975794419646, 0.121281415224, 0.145626038313, 0.119067199528, 0.0953100249171]
        dmean2: [0.151326194406, 0.228585407138, 0.33850762248, 0.304960131645, 0.289306402206, 0.300130158663, 0.223471581936, 0.149202674627, 0.158990547061, 0.140037029982, 0.150813132524, 0.263608187437, 0.322691231966, 0.267603546381, 0.188654333353, 0.18568636477, 0.234877884388, 0.315391421318, 0.3146918118, 0.208263009787, 0.164100989699, 0.140955120325, 0.190376728773, 0.290903240442, 0.279419839382, 0.31238335371, 0.336589545012, 0.29193982482, 0.175189450383, 0.163412615657, 0.170995503664, 0.176945030689, 0.207332551479, 0.236415430903, 0.207637906075, 0.161234125495]
        dvar: [0.0158686023206, 0.0251528173685, 0.0436733625829, 0.0425877720118, 0.0231647491455, 0.0344780758023, 0.02621425502, 0.0178490914404, 0.0277556739748, 0.0148060601205, 0.014711137861, 0.0335843227804, 0.0431854575872, 0.0343420766294, 0.0206592455506, 0.0236594751477, 0.0261929184198, 0.0496431142092, 0.048930618912, 0.0239185709506, 0.0171866249293, 0.0121817216277, 0.0287874769419, 0.037535071373, 0.0308612249792, 0.0340831018984, 0.0461940504611, 0.0362683273852, 0.0191155597568, 0.0198679659516, 0.0267941150814, 0.0287778247148, 0.0310540888458, 0.0345033854246, 0.0271049048752, 0.0177907794714]
        dvar2: [0.0388894639909, 0.068551197648, 0.119611352682, 0.095183968544, 0.0609809681773, 0.105812862515, 0.0600517615676, 0.0512410923839, 0.0884874686599, 0.0418328270316, 0.0398183204234, 0.0821375623345, 0.0998031795025, 0.0922432988882, 0.0605428442359, 0.0610586293042, 0.0574081279337, 0.115704029799, 0.121445290744, 0.0546778403223, 0.0416424721479, 0.0342220067978, 0.085628464818, 0.101795017719, 0.0794777348638, 0.0850925445557, 0.12015478313, 0.0897938758135, 0.0450245961547, 0.0455518253148, 0.0742663368583, 0.0847123488784, 0.083977162838, 0.0846339389682, 0.0712983459234, 0.0491699278355]
        max: [1, 1, 1, 1, 1, 1, 1, 0.919617831707, 1, 0.804008245468, 0.843162834644, 1, 1, 1, 1, 1, 1, 1, 1, 1, 0.772566378117, 0.878764271736, 1, 1, 1, 1, 1, 1, 0.97459346056, 1, 1, 1, 1, 1, 1, 1]
        mean: [0.147705391049, 0.208947688341, 0.386316537857, 0.433548301458, 0.311976701021, 0.28856420517, 0.248425737023, 0.133769273758, 0.0896132215858, 0.0858506932855, 0.117644034326, 0.277453869581, 0.349925458431, 0.207259342074, 0.116450771689, 0.131611734629, 0.226150348783, 0.342917948961, 0.293598115444, 0.166203036904, 0.117667324841, 0.102086991072, 0.138101950288, 0.221464559436, 0.237654164433, 0.27484858036, 0.394033849239, 0.333196222782, 0.162989214063, 0.105467170477, 0.0981479138136, 0.107546381652, 0.148983955383, 0.185832992196, 0.156912192702, 0.135727986693]
        min: [0.00897899921983, 0.00772228930146, 0.0253456998616, 0.0214233789593, 0.0199591442943, 0.00674436660483, 0.00338479201309, 0.00279852910899, 0.0033772806637, 0.00367056741379, 0.00433633197099, 0.00906231813133, 0.00971318222582, 0.00600525550544, 0.00362864835188, 0.00471690529957, 0.00715600233525, 0.00435590744019, 0, 0, 0, 0, 0.00380244082771, 0.00341908400878, 0.00296288100071, 0.00676934747025, 0.0107058510184, 0.00680305808783, 0.0031867637299, 0, 0.00419566733763, 0.0050129648298, 0.0112746302038, 0.00652211206034, 0, 0]
        var: [0.0303910784423, 0.0372430421412, 0.0814676359296, 0.125024780631, 0.0444845706224, 0.0708206892014, 0.0730870068073, 0.0285060107708, 0.0188277810812, 0.0126565480605, 0.0166147723794, 0.0723020806909, 0.10682721436, 0.0440340861678, 0.0300267059356, 0.0306047275662, 0.0566787160933, 0.114575184882, 0.0807143375278, 0.0384801737964, 0.0234124865383, 0.0171150304377, 0.03195232898, 0.0560009144247, 0.0482403039932, 0.0540251433849, 0.11186721921, 0.0884379893541, 0.0298113953322, 0.0218778904527, 0.0224976930767, 0.0250910334289, 0.0337412171066, 0.0451915636659, 0.0321297608316, 0.0313890613616]
    chords_histogram: [40.0921669006, 0, 0, 0, 0, 0, 0, 2.30414748192, 0, 0, 0, 0, 0, 0, 0, 2.7649769783, 12.4423961639, 42.3963127136, 0, 0, 0, 0, 0, 0]
    thpcp: [1, 0.719589233398, 0.665587186813, 0.573005914688, 0.308545261621, 0.20669721067, 0.198018744588, 0.271351635456, 0.639960706234, 0.807119905949, 0.478053629398, 0.268599301577, 0.303568780422, 0.521626651287, 0.790956735611, 0.677198171616, 0.383355289698, 0.271405339241, 0.235468551517, 0.318538784981, 0.510818660259, 0.548160731792, 0.633951485157, 0.908858001232, 0.768533110619, 0.375942468643, 0.243265092373, 0.226382881403, 0.248060896993, 0.343638658524, 0.428632736206, 0.361925512552, 0.313063114882, 0.340689599514, 0.481947898865, 0.891057670116]
    chords_key: "A#"
    chords_scale: "minor"
    key_key: "A#"
    key_scale: "major"
    chords_progression: ["A#m", "A#m", "A#m", "A#m", "A#m", "A#m", "A#m", "A#m", "A#m", "A#m", "A#m", "A#m", "A#m", "A#m", "A#m", "A#m", "A#m", "A#m", "A#m", "A#m", "A#m", "A#m", "A#m", "A#m", "A#m", "A#m", "A#m", "A#m", "A#m", "A#m", "A#m", "A#m", "A#m", "A#", "A#", "A#", "A#", "A#", "A#", "A#", "A#", "A#", "A#", "A#", "A#", "A#", "A#", "A#", "A#", "A#", "A#", "A#", "A#", "A#", "A#", "A#", "A#", "A#m", "A#m", "A#m", "A#m", "A#m", "A#m", "A#m", "A#m", "A#m", "A#m", "A#m", "A#m", "A#m", "A#m", "A#m", "A#m", "A#m", "A#m", "A#m", "A#m", "A#m", "A#m", "A#m", "A#m", "A#m", "A#m", "A#m", "A#m", "A#m", "A#m", "A#m", "A#m", "A#m", "A#m", "A#m", "A#m", "A#m", "A#m", "A#m", "A#m", "A#m", "A#m", "A#m", "A#m", "A#m", "A#m", "A#m", "A#m", "A#m", "A#m", "A#m", "A#m", "A#m", "A#m", "A#m", "A#m", "A#m", "A#m", "A#m", "F#", "F#", "F#", "F#", "F#", "F#", "F#", "F#", "F#", "F#", "F#", "F#", "F#", "F#", "F#", "F#", "F#", "F#", "F#", "F#", "F#", "F#", "F#", "F#", "F#", "F#", "F#", "D#m", "D#m", "D#m", "D#m", "D#m", "Bm", "Bm", "D#m", "Bm", "Bm", "Bm", "A#", "A#", "A#", "A#", "A#", "A#", "A#", "A#", "A#", "A#", "A#", "A#", "A#", "A#", "A#", "A#", "A#", "A#", "A#", "A#", "A#", "A#", "A#", "A#", "A#", "A#", "A#", "A#", "A#", "A#", "A#", "A#", "A#", "A#", "A#", "A#", "A#", "A#", "A#", "A#", "A#", "A#", "A#", "A#", "A#", "A#", "A#", "A#", "A#", "A#", "A#", "A#", "A#", "A#", "A#", "A#", "A#", "A#", "A#", "A#", "A#", "A#", "A#"]
