
metadata:
    version:
        essentia: "1.2.2"
    audio_properties:
        analysis_sample_rate: 44100
        bitrate: 128
        channels: 2
        equal_loudness: 1
        length: 10.0048980713
        replay_gain: -11.2372531891
        downmix: "mix"
    tags:
        track: 9
        year: 0
        album: "Splitted by Mp3Splt v. 2.1"
        artist: "From 001.20 To 001.30"
        comment: "http://mp3splt.sf.net"
        genre: ""
        title: "04 Rape Me.mp3"

highlevel:
    ballroom:
        all:
            ChaChaCha: 0.0271313656121
            Jive: 0.88302218914
            Quickstep: 0.00763211864978
            Rumba-American: 0.00106263719499
            Rumba-International: 0.0087337307632
            Rumba-Misc: 0.00521791353822
            Samba: 0.0494915284216
            Tango: 0.000620458566118
            VienneseWaltz: 0.0151938805357
            Waltz: 0.00189415179193
        probability: 0.88302218914
        value: "Jive"
    culture:
        all:
            non_western: 0.013600198552
            western: 0.986399829388
        probability: 0.986399829388
        value: "western"
    gender:
        all:
            female: 0.408843845129
            male: 0.591156184673
        probability: 0.591156184673
        value: "male"
    genre_dortmund:
        all:
            alternative: 0.175616130233
            blues: 0.00476455455646
            electronic: 0.0259257759899
            folkcountry: 0.0286090504378
            funksoulrnb: 0.00683447159827
            jazz: 0.00801480840892
            pop: 0.0520924292505
            raphiphop: 0.00210394267924
            rock: 0.696038842201
        probability: 0.696038842201
        value: "rock"
    genre_electronica:
        all:
            ambient: 0.087956443429
            dnb: 0.0530771203339
            house: 0.00367480330169
            techno: 0.00698600197211
            trance: 0.848305642605
        probability: 0.848305642605
        value: "trance"
    genre_rosamerica:
        all:
            cla: 0.00268577458337
            dan: 0.032136451453
            hip: 0.00138211622834
            jaz: 0.00227767485194
            pop: 0.00859220977873
            rhy: 0.00077913334826
            roc: 0.951428055763
            spe: 0.000718613038771
        probability: 0.951428055763
        value: "roc"
    genre_tzanetakis:
        all:
            blu: 0.0137876970693
            cla: 0.0150130707771
            cou: 0.0938906744123
            dis: 0.113991051912
            hip: 0.0170533508062
            jaz: 0.173593074083
            met: 0.129349529743
            pop: 0.166811972857
            reg: 0.0168728101999
            roc: 0.259636759758
        probability: 0.259636759758
        value: "roc"
    live_studio:
        all:
            live: 0.366264522076
            studio: 0.633735477924
        probability: 0.633735477924
        value: "studio"
    mood:
        all:
            Cluster1: 0.65843641758
            Cluster2: 0.0591904334724
            Cluster3: 0.0549649819732
            Cluster4: 0.0515792034566
            Cluster5: 0.175828933716
        probability: 0.65843641758
        value: "Cluster1"
    mood_acoustic:
        all:
            acoustic: 0.00829267594963
            not_acoustic: 0.991707324982
        probability: 0.991707324982
        value: "not_acoustic"
    mood_aggressive:
        all:
            aggressive: 0.916185379028
            not_aggressive: 0.0838146060705
        probability: 0.916185379028
        value: "aggressive"
    mood_electronic:
        all:
            electronic: 0.641443371773
            not_electronic: 0.35855665803
        probability: 0.641443371773
        value: "electronic"
    mood_happy:
        all:
            happy: 0.476473093033
            not_happy: 0.523526906967
        probability: 0.523526906967
        value: "not_happy"
    mood_party:
        all:
            not_party: 0.468108981848
            party: 0.531891047955
        probability: 0.531891047955
        value: "party"
    mood_relaxed:
        all:
            not_relaxed: 0.939803063869
            relaxed: 0.0601969286799
        probability: 0.939803063869
        value: "not_relaxed"
    mood_sad:
        all:
            not_sad: 0.840660512447
            sad: 0.15933945775
        probability: 0.840660512447
        value: "not_sad"
    rhythm:
        all:
            fast: 0.71918451786
            medium: 0.258665770292
            slow: 0.0221496969461
        probability: 0.71918451786
        value: "fast"
    speech_music:
        all:
            music: 0.999846875668
            speech: 0.000153137618327
        probability: 0.999846875668
        value: "music"
    timbre:
        all:
            bright: 0.0418438985944
            dark: 0.958156108856
        probability: 0.958156108856
        value: "dark"
    voice_instrumental:
        all:
            instrumental: 0.0199733395129
            voice: 0.98002666235
        probability: 0.98002666235
        value: "voice"

lowlevel:
    average_loudness: 0.985777616501
    barkbands_kurtosis:
        dmean: 0.444917976856
        dmean2: 0.731584370136
        dvar: 0.242099836469
        dvar2: 0.628493368626
        max: 2.15098047256
        mean: -1.03673970699
        min: -1.81892728806
        var: 0.453811407089
    barkbands_skewness:
        dmean: 0.316965073347
        dmean2: 0.506864786148
        dvar: 0.0682038664818
        dvar2: 0.1863168329
        max: 1.87710595131
        mean: 0.541597604752
        min: -0.606703102589
        var: 0.200896635652
    barkbands_spread:
        dmean: 4.7749581337
        dmean2: 7.69293451309
        dvar: 17.4466705322
        dvar2: 43.3882598877
        max: 60.9790153503
        mean: 37.3068008423
        min: 16.8412227631
        var: 69.4541244507
    dissonance:
        dmean: 0.0128348041326
        dmean2: 0.0218692347407
        dvar: 0.000148234481458
        dvar2: 0.000395878625568
        max: 0.499519437551
        mean: 0.47465968132
        min: 0.400168955326
        var: 0.000320995604852
    hfc:
        dmean: 2.35248064995
        dmean2: 3.99469614029
        dvar: 12.7416057587
        dvar2: 35.3592147827
        max: 30.5400123596
        mean: 8.234582901
        min: 2.86498713493
        var: 14.6875371933
    pitch:
        dmean: 701.309875488
        dmean2: 1343.35009766
        dvar: 1540111.375
        dvar2: 4063023
        max: 4410
        mean: 847.231567383
        min: 65.3333358765
        var: 1780310.125
    pitch_instantaneous_confidence:
        dmean: 0.0669363662601
        dmean2: 0.11150675267
        dvar: 0.00276276003569
        dvar2: 0.00770248612389
        max: 0.591030359268
        mean: 0.28059014678
        min: 0.12899440527
        var: 0.00654394598678
    pitch_salience:
        dmean: 0.0602109022439
        dmean2: 0.101348087192
        dvar: 0.00258891191334
        dvar2: 0.00744774192572
        max: 0.825486779213
        mean: 0.648523032665
        min: 0.34550884366
        var: 0.00551849557087
    silence_rate_20dB:
        dmean: 0
        dmean2: 0
        dvar: 0
        dvar2: 0
        max: 1
        mean: 1
        min: 1
        var: 0
    silence_rate_30dB:
        dmean: 0
        dmean2: 0
        dvar: 0
        dvar2: 0
        max: 1
        mean: 1
        min: 1
        var: 0
    silence_rate_60dB:
        dmean: 0.0116279069334
        dmean2: 0.0233100224286
        dvar: 0.0114927133545
        dvar2: 0.0274288076907
        max: 1
        mean: 0.0139211136848
        min: 0
        var: 0.0137273110449
    spectral_centroid:
        dmean: 235.475570679
        dmean2: 374.315734863
        dvar: 45374.0859375
        dvar2: 116735.140625
        max: 2850.62011719
        mean: 1373.88830566
        min: 588.774536133
        var: 145908.546875
    spectral_complexity:
        dmean: 4.34813070297
        dmean2: 7.15925073624
        dvar: 19.9885845184
        dvar2: 52.4242553711
        max: 39
        mean: 17.0233097076
        min: 3
        var: 37.6218605042
    spectral_crest:
        dmean: 1.87221288681
        dmean2: 3.16319274902
        dvar: 2.74162507057
        dvar2: 6.66335582733
        max: 16.0119361877
        mean: 7.23478078842
        min: 2.79667973518
        var: 6.24309825897
    spectral_decrease:
        dmean: 3.9878511604e-10
        dmean2: 6.60914711847e-10
        dvar: 2.24575503803e-19
        dvar2: 6.2011941745e-19
        max: -5.8014376636e-10
        mean: -1.40701295059e-09
        min: -4.17976009359e-09
        var: 2.7752767751e-19
    spectral_energy:
        dmean: 0.00167904887348
        dmean2: 0.00278598605655
        dvar: 4.20346168539e-06
        dvar2: 1.16496712508e-05
        max: 0.0182470977306
        mean: 0.00605729361996
        min: 0.00261942157522
        var: 5.044019872e-06
    spectral_energyband_high:
        dmean: 0.000222129339818
        dmean2: 0.000385114050005
        dvar: 1.55491690634e-07
        dvar2: 4.38652136836e-07
        max: 0.00287373550236
        mean: 0.000467984937131
        min: 4.8607987992e-05
        var: 1.73980410523e-07
    spectral_energyband_low:
        dmean: 0.000351110909833
        dmean2: 0.000598751357757
        dvar: 2.37158985783e-07
        dvar2: 6.8646551199e-07
        max: 0.0035176272504
        mean: 0.00042968330672
        min: 1.07210616989e-05
        var: 2.32829293623e-07
    spectral_energyband_middle_high:
        dmean: 0.000526255811565
        dmean2: 0.000858590239659
        dvar: 3.50926768533e-07
        dvar2: 8.29900500321e-07
        max: 0.00594290485606
        mean: 0.00199925596826
        min: 0.000710627879016
        var: 8.255932471e-07
    spectral_energyband_middle_low:
        dmean: 0.00113235111348
        dmean2: 0.00188860413618
        dvar: 1.63474828696e-06
        dvar2: 4.43694807473e-06
        max: 0.0109949950129
        mean: 0.00316036865115
        min: 0.000822651723865
        var: 2.14544479604e-06
    spectral_flatness_db:
        dmean: 0.0124723250046
        dmean2: 0.0208148304373
        dvar: 0.000102444100776
        dvar2: 0.000251693563769
        max: 0.198941335082
        mean: 0.133999064565
        min: 0.0900709927082
        var: 0.000259416876361
    spectral_flux:
        dmean: 0.00788134522736
        dmean2: 0.0119872707874
        dvar: 6.40787111479e-05
        dvar2: 0.000114134432806
        max: 0.0885987132788
        mean: 0.045004658401
        min: 0.0223786793649
        var: 0.000147332350025
    spectral_kurtosis:
        dmean: 0.651468575001
        dmean2: 1.06878471375
        dvar: 0.710781514645
        dvar2: 1.55186903477
        max: 12.7702531815
        mean: 2.33405852318
        min: 0.0767529010773
        var: 1.66903555393
    spectral_rms:
        dmean: 0.000321331463056
        dmean2: 0.000526596559212
        dvar: 1.20525697866e-07
        dvar2: 3.32784168222e-07
        max: 0.00421924702823
        mean: 0.00239517912269
        min: 0.0015986035578
        var: 1.72669587073e-07
    spectral_rolloff:
        dmean: 440.122772217
        dmean2: 703.132324219
        dvar: 156835.359375
        dvar2: 387034.96875
        max: 5038.76953125
        mean: 3115.83837891
        min: 1076.66015625
        var: 549670.4375
    spectral_skewness:
        dmean: 0.137448251247
        dmean2: 0.221725523472
        dvar: 0.0270873624831
        dvar2: 0.0602639093995
        max: 3.03712773323
        mean: 1.26942324638
        min: 0.609898030758
        var: 0.0796170532703
    spectral_spread:
        dmean: 382520.3125
        dmean2: 526224.0625
        dvar: 135895638016
        dvar2: 219003994112
        max: 9915285
        mean: 5656516.5
        min: 3588708.75
        var: 883749879808
    spectral_strongpeak:
        dmean: 0.209003597498
        dmean2: 0.367209047079
        dvar: 0.089382044971
        dvar2: 0.257999151945
        max: 2.66692090034
        mean: 0.315371364355
        min: 0.0290016550571
        var: 0.0878742262721
    zerocrossingrate:
        dmean: 0.00823119003326
        dmean2: 0.00945573206991
        dvar: 4.1468290874e-05
        dvar2: 5.7017787185e-05
        max: 0.1640625
        mean: 0.0881683453918
        min: 0.03857421875
        var: 0.000343705905834
    barkbands:
        dmean: [1.2078861289e-07, 4.4884855015e-05, 0.000323027197737, 0.000467895151814, 0.000622577848844, 0.000243945134571, 0.00018250287394, 0.000210585771129, 0.000132197499624, 5.04585113958e-05, 4.07715488109e-05, 5.40764740435e-05, 4.84237316414e-05, 6.24003150733e-05, 0.00011583315063, 0.000143771714647, 0.000113800255349, 0.000111335881229, 0.000154360299348, 0.000166167475982, 0.000116692383017, 4.95194217365e-05, 9.48000433709e-06, 3.25337578033e-06, 1.58903515057e-06, 7.48103303749e-08, 6.70734801034e-10]
        dmean2: [2.02965381391e-07, 8.05704767117e-05, 0.000543607748114, 0.000833681959193, 0.00105661712587, 0.000393834343413, 0.000306035304675, 0.000334264273988, 0.000210537633393, 7.95665910118e-05, 6.79469012539e-05, 8.9318571554e-05, 7.8232078522e-05, 0.00010203920101, 0.000185673648957, 0.000234652645304, 0.000189803875401, 0.00019596288621, 0.000265701906756, 0.000288889568765, 0.00020073352789, 8.40429056552e-05, 1.44545483636e-05, 5.00087526234e-06, 2.41256248046e-06, 1.09956111771e-07, 9.11876907317e-10]
        dvar: [4.49429074956e-14, 8.62010374192e-09, 1.85702248245e-07, 3.93608132754e-07, 4.41035325593e-07, 1.00267108394e-07, 7.25670759039e-08, 1.3383603914e-07, 8.96348026913e-08, 5.15682785363e-09, 4.19885504144e-09, 5.70158276147e-09, 1.17342953132e-08, 8.43224867708e-09, 2.36966783973e-08, 2.55837093732e-08, 2.36971793299e-08, 2.43654625365e-08, 3.59320324606e-08, 5.04927264444e-08, 4.52803590179e-08, 6.95730717482e-09, 1.75587100415e-10, 1.87845624472e-11, 1.14773121562e-11, 1.37723042538e-14, 5.74806351825e-17]
        dvar2: [1.15304846834e-13, 2.45240521224e-08, 5.40329153864e-07, 1.15210900731e-06, 1.2314661717e-06, 2.55794304849e-07, 1.78525780825e-07, 3.48665366801e-07, 2.19469853846e-07, 1.22125829449e-08, 9.42050171204e-09, 1.33845894368e-08, 2.97816598049e-08, 2.22389289206e-08, 5.51944658866e-08, 5.79631844744e-08, 6.44211013423e-08, 6.63282335722e-08, 9.85479076121e-08, 1.39114519015e-07, 1.28465572402e-07, 1.92956282064e-08, 4.23513446535e-10, 4.35425862033e-11, 2.54476908296e-11, 2.61734231022e-14, 5.76077960037e-17]
        max: [1.61873185789e-06, 0.000683952239342, 0.00339703005739, 0.00495181232691, 0.00562239531428, 0.00230349367484, 0.00272383936681, 0.003596739145, 0.00320513197221, 0.000740340619814, 0.000786741438787, 0.000915399345104, 0.00210652733222, 0.000881988438778, 0.00203353096731, 0.00171252968721, 0.00193621264771, 0.0016699670814, 0.00158790592104, 0.00178390438668, 0.00174149498343, 0.000590866373386, 0.000149991072249, 5.66740927752e-05, 4.70081577078e-05, 1.7542366777e-06, 1.57491101049e-07]
        mean: [1.35793001732e-07, 4.58191389043e-05, 0.000383731850889, 0.000607352645602, 0.00129348656628, 0.000381447694963, 0.000295973615721, 0.000349068344804, 0.000217278429773, 8.43848247314e-05, 9.19680023799e-05, 9.32492184802e-05, 8.31579818623e-05, 0.000105488099507, 0.000235165542108, 0.000314358185278, 0.000247190648224, 0.000236549938563, 0.000317561149132, 0.000343256513588, 0.000206991200685, 8.58235143824e-05, 2.35172192333e-05, 9.75255625235e-06, 4.42757618657e-06, 1.60763320878e-07, 6.65929256183e-10]
        min: [5.49465695165e-10, 3.24014166608e-07, 2.5448487122e-06, 1.54420486069e-05, 7.46379082557e-05, 1.86089419003e-05, 8.87405349204e-06, 4.68590906166e-06, 3.01886188936e-06, 2.92313166028e-06, 1.21509947348e-06, 1.65682479292e-06, 6.42075156065e-06, 1.11084900709e-05, 1.16327937576e-05, 6.08758200542e-05, 2.98345657939e-05, 4.61105373688e-05, 6.85510749463e-05, 2.96349207929e-05, 1.89832371689e-05, 6.2213352976e-06, 1.78140896878e-06, 1.23215193071e-06, 5.78348021918e-07, 5.00769159473e-09, 2.8850218655e-13]
        var: [5.10839709021e-14, 6.48074749421e-09, 1.87882420732e-07, 4.81112294892e-07, 6.31391230854e-07, 1.37888804375e-07, 1.28333837779e-07, 2.43634104891e-07, 1.70786250919e-07, 1.25193935219e-08, 1.92585378755e-08, 1.39826523693e-08, 1.77960135517e-08, 1.51016585903e-08, 6.69132234066e-08, 4.74573624842e-08, 4.88948543875e-08, 2.48102729472e-08, 4.41365521908e-08, 5.97158447135e-08, 4.77140496002e-08, 7.07865854821e-09, 4.43072356582e-10, 6.08252267997e-11, 3.15360862424e-11, 5.29277346235e-14, 5.75849922886e-17]
    mfcc:
        mean: [-669.069519043, 93.1771774292, -30.9999198914, 51.6370658875, -5.9263548851, -3.58358287811, -14.3639917374, -12.5279684067, -6.39277458191, -6.82652282715, -11.0910148621, -9.64047813416, -5.159907341]
        cov: [[350.631744385, -78.9588928223, -12.6352243423, -23.1223049164, -84.873085022, 4.13054513931, -22.358127594, -15.9460439682, 7.95266962051, -13.1796331406, 9.04532814026, 4.78010702133, -5.20113611221], [-78.9588928223, 400.733764648, -137.543426514, -96.9396362305, -30.5825901031, -69.5743789673, 20.3874187469, 46.082775116, 30.0352535248, 21.2113437653, 30.4881877899, 20.9729804993, 23.740316391], [-12.6352243423, -137.543426514, 152.106430054, 88.6578903198, 23.971786499, 48.3433227539, 5.38917207718, 2.94934916496, -0.108025990427, 3.89425134659, 2.19905257225, 7.01361656189, 7.46263456345], [-23.1223049164, -96.9396362305, 88.6578903198, 200.469802856, 79.3137664795, 52.6753616333, -19.6619129181, -35.050113678, -9.29286003113, 7.72150802612, 7.00697040558, 14.7781963348, 14.3607215881], [-84.873085022, -30.5825901031, 23.971786499, 79.3137664795, 129.754241943, 35.4011955261, -17.8545227051, -34.6458892822, -4.27673912048, 20.6153259277, 11.8576974869, -0.820590436459, 4.07187461853], [4.13054513931, -69.5743789673, 48.3433227539, 52.6753616333, 35.4011955261, 90.4162521362, 35.9811401367, 15.6920280457, 2.67723608017, 12.6347360611, 4.23457622528, -0.945212543011, -5.63739395142], [-22.358127594, 20.3874187469, 5.38917207718, -19.6619129181, -17.8545227051, 35.9811401367, 83.8682174683, 52.870880127, 9.08757305145, -2.48747634888, -7.8730840683, -2.16647362709, -0.118347577751], [-15.9460439682, 46.082775116, 2.94934916496, -35.050113678, -34.6458892822, 15.6920280457, 52.870880127, 79.0371704102, 23.4792823792, 8.71637153625, -1.94766795635, -0.998965084553, 3.97890901566], [7.95266962051, 30.0352535248, -0.108025990427, -9.29286003113, -4.27673912048, 2.67723608017, 9.08757305145, 23.4792823792, 48.4988288879, 23.0975170135, 7.0544962883, -1.56446993351, -1.34258520603], [-13.1796331406, 21.2113437653, 3.89425134659, 7.72150802612, 20.6153259277, 12.6347360611, -2.48747634888, 8.71637153625, 23.0975170135, 56.0034484863, 22.1572647095, 4.69661235809, -0.403865754604], [9.04532814026, 30.4881877899, 2.19905257225, 7.00697040558, 11.8576974869, 4.23457622528, -7.8730840683, -1.94766795635, 7.0544962883, 22.1572647095, 53.8832778931, 20.208240509, 5.08621835709], [4.78010702133, 20.9729804993, 7.01361656189, 14.7781963348, -0.820590436459, -0.945212543011, -2.16647362709, -0.998965084553, -1.56446993351, 4.69661235809, 20.208240509, 37.9508514404, 16.7163982391], [-5.20113611221, 23.740316391, 7.46263456345, 14.3607215881, 4.07187461853, -5.63739395142, -0.118347577751, 3.97890901566, -1.34258520603, -0.403865754604, 5.08621835709, 16.7163982391, 37.465133667]]
        icov: [[0.00486644497141, 0.0015054208925, 0.0020710863173, -0.000125347651192, 0.00499129109085, -0.00330136157572, 0.00195829663426, 0.00226531038061, -0.00284551898949, 0.00109543150757, -0.00215137680061, 8.23944501462e-05, -0.00175131915603], [0.0015054208925, 0.00598770100623, 0.0051049538888, -0.000258667510934, 0.000461236311821, 0.00272387010045, -0.00118379038759, -0.00226976466365, -0.00223977165297, -0.000478757690871, -0.0030511780642, -0.00152293359861, -0.00289754103869], [0.0020710863173, 0.0051049538888, 0.0144809558988, -0.00425205752254, 0.00260750832967, -0.00239170482382, 0.00100319413468, -0.00323971663602, -0.00249804626219, 0.000423498335294, -0.00265924795531, -0.00126130564604, -0.00365909934044], [-0.000125347651192, -0.000258667510934, -0.00425205752254, 0.010233566165, -0.00367463612929, -0.00406469777226, 0.00200197543018, 0.00285943155177, -0.000423160963692, 0.00061019527493, 0.00168008485343, -0.00298733380623, -0.00234251376241], [0.00499129109085, 0.000461236311821, 0.00260750832967, -0.00367463612929, 0.0186197031289, -0.00844089314342, 0.00239845784381, 0.00847701542079, -0.00231348793022, -0.00301083503291, -0.00328571372665, 0.00469834916294, -0.00466232886538], [-0.00330136157572, 0.00272387010045, -0.00239170482382, -0.00406469777226, -0.00844089314342, 0.0274660214782, -0.0134796435013, -0.00492495298386, 0.00331513746642, -0.00460076378658, -0.00175232288893, -0.000408855645219, 0.00587030593306], [0.00195829663426, -0.00118379038759, 0.00100319413468, 0.00200197543018, 0.00239845784381, -0.0134796435013, 0.0286527909338, -0.0141045050696, 0.00032999846735, 0.00511185964569, 0.00269546220079, -0.00151227065362, -0.000269972166279], [0.00226531038061, -0.00226976466365, -0.00323971663602, 0.00285943155177, 0.00847701542079, -0.00492495298386, -0.0141045050696, 0.033474881202, -0.0096187479794, -0.00305655039847, 0.000292859534966, 0.00291839940473, -0.00567959109321], [-0.00284551898949, -0.00223977165297, -0.00249804626219, -0.000423160963692, -0.00231348793022, 0.00331513746642, 0.00032999846735, -0.0096187479794, 0.0323059782386, -0.0119866291061, 0.00119035132229, 0.00285965926014, 0.0030478190165], [0.00109543150757, -0.000478757690871, 0.000423498335294, 0.00061019527493, -0.00301083503291, -0.00460076378658, 0.00511185964569, -0.00305655039847, -0.0119866291061, 0.0295622423291, -0.00903529953212, -5.00958558405e-05, 0.00125101010781], [-0.00215137680061, -0.0030511780642, -0.00265924795531, 0.00168008485343, -0.00328571372665, -0.00175232288893, 0.00269546220079, 0.000292859534966, 0.00119035132229, -0.00903529953212, 0.0306445490569, -0.0151264024898, 0.00412547634915], [8.23944501462e-05, -0.00152293359861, -0.00126130564604, -0.00298733380623, 0.00469834916294, -0.000408855645219, -0.00151227065362, 0.00291839940473, 0.00285965926014, -5.00958558405e-05, -0.0151264024898, 0.0438526272774, -0.0159250274301], [-0.00175131915603, -0.00289754103869, -0.00365909934044, -0.00234251376241, -0.00466232886538, 0.00587030593306, -0.000269972166279, -0.00567959109321, 0.0030478190165, 0.00125101010781, 0.00412547634915, -0.0159250274301, 0.0385717004538]]
    spectral_contrast:
        mean: [2.40409320895e-07, 3.2738702771e-07, -2.41062764417e-07, -2.85900824792e-07, -1.4578128571e-07, -1.2122390558e-07, 2.64903746938e-06, 1.63825939126e-06, -8.26406562737e-07, -1.71491876699e-06, -5.27257952854e-06, -3.87374620914e-06]
        var: [0.000270184274996, 0.000362646358553, 0.00112359167542, 0.0014634123072, 0.00183091673534, 0.00346100958996, 0.032484985888, 0.0598204247653, 0.113628931344, 0.176909953356, 0.243675798178, 0.33804923296]

rhythm:
    beats_loudness:
        dmean: 0.00214676745236
        dmean2: 0.00286333588883
        dvar: 2.94816481983e-06
        dvar2: 8.44062742544e-06
        max: 0.010888075456
        mean: 0.00665761251003
        min: 0.00356330443174
        var: 3.72934096049e-06
    beats_loudness_bass:
        dmean: 0.119521915913
        dmean2: 0.194708183408
        dvar: 0.00774968788028
        dvar2: 0.0144386766478
        max: 0.382341086864
        mean: 0.173914507031
        min: 0.0195842031389
        var: 0.0128581067547
    bpm: 114.909706116
    bpm_confidence: 0
    first_peak_bpm: 114
    first_peak_spread: 0
    first_peak_weight: 0.941176533699
    onset_rate: 2.79862928391
    second_peak_bpm: 72
    second_peak_spread: 0
    second_peak_weight: 0.0588235296309
    beats_position: [0.187997445464, 0.712289869785, 1.23658227921, 1.76087474823, 2.28516721725, 2.80945968628, 3.3337521553, 3.85804438591, 4.38233709335, 4.90662956238, 5.4309220314, 6.26892280579, 6.78919124603, 7.30945968628, 7.82972860336, 8.34999656677, 8.87026596069, 9.39053440094]
    bpm_estimates: [113.545280457, 114.367866516, 114.433937073, 113.688674927, 115.816825867, 115.860603333, 113.824440002, 114.351867676, 114.120185852, 115.597358704, 115.541969299, 114.716133118, 114.867408752, 114.547363281, 114.881721497, 115.308441162, 115.773284912, 115.808509827, 116.232170105]
    bpm_intervals: [0.52429240942, 0.52429240942, 0.524292469025, 0.524292469025, 0.524292469025, 0.524292469025, 0.524292230606, 0.524292707443, 0.524292469025, 0.524292469025, 0.838000774384, 0.520268440247, 0.520268440247, 0.520268917084, 0.520267963409, 0.520269393921, 0.520268440247]
    onset_times: [0.0580498874187, 0.174149662256, 0.267029464245, 0.719818592072, 1.24226760864, 1.764716506, 2.07818603516, 2.29877543449, 2.84444451332, 3.09986400604, 3.45977330208, 3.63392281532, 4.15637207031, 4.65560102463, 4.8994102478, 4.94585037231, 5.10838985443, 5.32897949219, 5.46829938889, 5.99074840546, 7.04725646973, 7.30267572403, 7.44199562073, 7.83673477173, 8.35918331146, 9.13705253601, 9.34603214264, 9.65950107574]
    rubato_start: []
    rubato_stop: []
    perceptual_tempo: "unknown"

sfx:
    inharmonicity:
        dmean: 0.0403301306069
        dmean2: 0.0718811824918
        dvar: 0.00251060142182
        dvar2: 0.00707409717143
        max: 0.339462578297
        mean: 0.0432740002871
        min: 0.000291309610475
        var: 0.00238914764486
    oddtoevenharmonicenergyratio:
        dmean: 1.19245231152
        dmean2: 2.23521876335
        dvar: 8.01464557648
        dvar2: 23.1986103058
        max: 25.8702030182
        mean: 0.870830714703
        min: 0.00317446677946
        var: 4.81403303146
    pitch_after_max_to_before_max_energy_ratio: 4.15686273575
    pitch_centroid: 234.519134521
    pitch_max_to_total: 0.375291377306
    pitch_min_to_total: 0.13752913475
    tristimulus:
        dmean: [0.202704578638, 0.211615264416, 0.129453316331]
        dmean2: [0.355133444071, 0.369980365038, 0.221880301833]
        dvar: [0.0265975128859, 0.0311153009534, 0.0113579211757]
        dvar2: [0.075502872467, 0.0919846743345, 0.0326195135713]
        max: [0.855192601681, 0.959604203701, 0.663432538509]
        mean: [0.423861026764, 0.39132720232, 0.150797441602]
        min: [0.0163690317422, 0, 0]
        var: [0.0433471463621, 0.0406353101134, 0.0155288074166]

tonal:
    chords_changes_rate: 0.074074074626
    chords_number_rate: 0.0231481473893
    chords_strength:
        dmean: 0.0108862901106
        dmean2: 0.0100115695968
        dvar: 9.15983328014e-05
        dvar2: 7.91835118434e-05
        max: 0.751277387142
        mean: 0.566052138805
        min: 0.311602085829
        var: 0.01258716546
    key_strength: 0.70749104023
    tuning_diatonic_strength: 0.585437655449
    tuning_equal_tempered_deviation: 0.116932980716
    tuning_frequency: 441.017791748
    tuning_nontempered_energy_ratio: 0.806208133698
    hpcp:
        dmean: [0.108192898333, 0.132939115167, 0.151647523046, 0.183649376035, 0.179480478168, 0.149670854211, 0.123853176832, 0.152912080288, 0.202672451735, 0.203849300742, 0.21081443131, 0.16287407279, 0.138433009386, 0.123788937926, 0.114612445235, 0.101638160646, 0.132599443197, 0.163132727146, 0.120554789901, 0.140253722668, 0.133606031537, 0.106232620776, 0.107007004321, 0.106523051858, 0.0991219505668, 0.0886055678129, 0.100337453187, 0.110790349543, 0.12829720974, 0.168251037598, 0.163949519396, 0.183816313744, 0.175066515803, 0.165600016713, 0.114125423133, 0.0782746747136]
        dmean2: [0.189647838473, 0.240249931812, 0.261259168386, 0.31116232276, 0.307740777731, 0.260626286268, 0.210317075253, 0.271166115999, 0.337966918945, 0.341803252697, 0.347246825695, 0.275070726871, 0.247327908874, 0.219844639301, 0.20296920836, 0.169001504779, 0.230815604329, 0.281964719296, 0.199068963528, 0.243250727654, 0.239290311933, 0.185006350279, 0.188806653023, 0.188766971231, 0.165281265974, 0.14713409543, 0.176629647613, 0.192147746682, 0.219177812338, 0.293558448553, 0.27382209897, 0.313872247934, 0.296684235334, 0.29099085927, 0.19949541986, 0.134406015277]
        dvar: [0.0238921958953, 0.0390112102032, 0.0311028212309, 0.0401613265276, 0.0366104468703, 0.0315029136837, 0.0197646711022, 0.0295034945011, 0.0440357066691, 0.0432650446892, 0.045510686934, 0.0347121395171, 0.034304857254, 0.0338411927223, 0.0316712707281, 0.0174712706357, 0.0272824820131, 0.0413764715195, 0.030509037897, 0.0392057187855, 0.045705255121, 0.0254780575633, 0.0368118472397, 0.0295413900167, 0.0206383019686, 0.0178220253438, 0.0286398995668, 0.0379430502653, 0.0340053252876, 0.0456534363329, 0.0418319702148, 0.0362272039056, 0.0415579639375, 0.0449547208846, 0.0184417311102, 0.0118359588087]
        dvar2: [0.0659276545048, 0.100387476385, 0.0780522450805, 0.113471969962, 0.106383413076, 0.0873195827007, 0.0546435825527, 0.0827317982912, 0.119297839701, 0.0927800163627, 0.124746590853, 0.0901241153479, 0.0984998941422, 0.0882778987288, 0.0942013189197, 0.0437265634537, 0.0721723809838, 0.12713201344, 0.0753216221929, 0.115132518113, 0.124923422933, 0.0625186488032, 0.103702545166, 0.0917742624879, 0.0572498813272, 0.0481960475445, 0.0876477211714, 0.0910574868321, 0.0968253687024, 0.140460476279, 0.0976065993309, 0.100509695709, 0.109691411257, 0.116742752492, 0.0520318299532, 0.0267212986946]
        max: [1, 1, 1, 1, 1, 1, 0.778375327587, 1, 1, 1, 1, 1, 1, 1, 1, 1, 1, 1, 1, 1, 1, 1, 1, 1, 1, 1, 1, 1, 1, 1, 1, 1, 1, 1, 1, 1]
        mean: [0.131085917354, 0.161029025912, 0.214159503579, 0.252228230238, 0.228583753109, 0.19717361033, 0.17740431428, 0.194509446621, 0.332993090153, 0.449231415987, 0.368634939194, 0.22701190412, 0.168560221791, 0.157588601112, 0.145025849342, 0.145552918315, 0.165541812778, 0.243514671922, 0.278817027807, 0.19733928144, 0.155974164605, 0.155034482479, 0.130301147699, 0.122269049287, 0.124128438532, 0.111180782318, 0.124770708382, 0.146011129022, 0.139311015606, 0.240696564317, 0.370305627584, 0.293411910534, 0.216222882271, 0.22494186461, 0.163642793894, 0.116738051176]
        min: [0.00721385003999, 0.0115297604352, 0.0159543324262, 0.0258345846087, 0.0173919610679, 0.00745037058368, 0.00674875173718, 0.0194527897984, 0.0279773604125, 0.0208274368197, 0.0118543403223, 0.0096696773544, 0.011314868927, 0.0101034715772, 0.00713355652988, 0.00910786725581, 0.016229217872, 0.0141646116972, 0.00585070531815, 0.00741073396057, 0.00523287896067, 0.0045828120783, 0.00803119316697, 0.00867539551109, 0.00684094056487, 0.0066722757183, 0.00655791256577, 0.0074697858654, 0.00796799454838, 0.00927239842713, 0.00627551460639, 0.0143282487988, 0.00590685103089, 0.00740280002356, 0.0139729632065, 0.00930641870946]
        var: [0.0226007718593, 0.0353056564927, 0.0372030958533, 0.0528894998133, 0.0421448685229, 0.0337322875857, 0.0248699225485, 0.0327331461012, 0.0693297982216, 0.106721624732, 0.0888776704669, 0.046695381403, 0.0396860837936, 0.0387159176171, 0.0242275837809, 0.0217324383557, 0.0282415486872, 0.0721697360277, 0.118153184652, 0.0557186082006, 0.0425624921918, 0.0372373387218, 0.0340915322304, 0.024853432551, 0.0275482703, 0.0269330125302, 0.0334839224815, 0.0546802580357, 0.0376205667853, 0.0614221580327, 0.128574192524, 0.067519955337, 0.0495025664568, 0.0703807175159, 0.0289129968733, 0.0162514001131]
    chords_histogram: [31.0185184479, 0, 0, 0, 0, 3.70370364189, 0, 27.3148155212, 0, 1.38888883591, 0, 0, 0, 0, 0, 0, 0, 0, 0, 0, 0.462962955236, 0, 0, 36.1111106873]
    thpcp: [1, 0.820590317249, 0.505334019661, 0.375219136477, 0.350796043873, 0.32283103466, 0.32400432229, 0.368500083685, 0.542069554329, 0.620653450489, 0.439282000065, 0.347202271223, 0.345110505819, 0.290053516626, 0.272173851728, 0.276312917471, 0.247491106391, 0.277742624283, 0.325024306774, 0.310109704733, 0.535796403885, 0.824309289455, 0.653142035007, 0.48131737113, 0.500726044178, 0.36427283287, 0.25986173749, 0.291800409555, 0.358454495668, 0.476724237204, 0.561466157436, 0.508832991123, 0.438913226128, 0.394906282425, 0.432982742786, 0.741250693798]
    chords_key: "G#"
    chords_scale: "major"
    key_key: "C"
    key_scale: "minor"
    chords_progression: ["C", "C", "C", "C", "C", "C", "C", "C", "C", "C", "C", "C", "C", "C", "C", "C", "C", "C", "C", "C", "C", "C", "C", "C", "Cm", "Cm", "Cm", "Cm", "Cm", "Cm", "Cm", "Cm", "Cm", "Cm", "Cm", "Cm", "Cm", "Cm", "Cm", "Cm", "G#", "G#", "G#", "G#", "G#", "G#", "G#", "G#", "G#", "G#", "G#", "G#", "G#", "G#", "G#", "G#", "G#", "G#", "G#", "G#", "G#", "G#", "G#", "G#", "G#", "G#", "G#", "G#", "G#", "G#", "G#", "G#", "G#", "G#", "G#", "G#", "G#", "G#", "A#m", "F", "F", "F", "F", "F", "F", "F", "F", "Cm", "Cm", "Cm", "Cm", "Cm", "Cm", "C", "Cm", "Cm", "Cm", "Cm", "C", "C", "C", "C", "C", "C", "C", "C", "C", "C", "Cm", "Cm", "Cm", "Cm", "Cm", "Cm", "Cm", "Cm", "Cm", "Cm", "Cm", "Cm", "Cm", "Cm", "Cm", "Cm", "Cm", "Cm", "Cm", "Cm", "Cm", "Cm", "G", "G", "G", "G#", "G#", "G#", "G#", "G#", "G#", "G#", "G#", "G#", "G#", "G#", "G#", "G#", "G#", "G#", "G#", "G#", "G#", "G#", "G#", "G#", "G#", "G#", "G#", "G#", "G#", "G#", "G#", "G#", "G#", "G#", "G#", "G#", "G#", "G#", "G#", "G#", "G#", "G#", "G#", "Cm", "Cm", "Cm", "Cm", "Cm", "C", "C", "C", "C", "C", "C", "C", "C", "C", "C", "C", "C", "C", "C", "C", "C", "C", "C", "Cm", "Cm", "Cm", "Cm", "Cm", "Cm", "Cm", "C", "C", "C", "C", "C", "C", "Cm", "Cm", "Cm", "Cm", "Cm", "Cm", "Cm"]
