
metadata:
    version:
        essentia: "1.2.2"
    audio_properties:
        analysis_sample_rate: 44100
        bitrate: 128
        channels: 2
        equal_loudness: 1
        length: 10.0048980713
        replay_gain: -13.0265254974
        downmix: "mix"
    tags:
        track: 11
        year: 0
        album: "Splitted by Mp3Splt v. 2.1"
        artist: "From 001.40 To 001.50"
        comment: "http://mp3splt.sf.net"
        genre: ""
        title: "10 Keep the Home Fires Burning"

highlevel:
    ballroom:
        all:
            ChaChaCha: 0.0493346266448
            Jive: 0.347120642662
            Quickstep: 0.054674372077
            Rumba-American: 0.0337982028723
            Rumba-International: 0.111823119223
            Rumba-Misc: 0.0800902917981
            Samba: 0.0923809111118
            Tango: 0.0202083904296
            VienneseWaltz: 0.115773104131
            Waltz: 0.0947963297367
        probability: 0.347120642662
        value: "Jive"
    culture:
        all:
            non_western: 0.0113074658439
            western: 0.988692522049
        probability: 0.988692522049
        value: "western"
    gender:
        all:
            female: 0.312222540379
            male: 0.687777459621
        probability: 0.687777459621
        value: "male"
    genre_dortmund:
        all:
            alternative: 0.174451485276
            blues: 0.00703900353983
            electronic: 0.0197378434241
            folkcountry: 0.119687996805
            funksoulrnb: 0.0190695263445
            jazz: 0.0115347569808
            pop: 0.148955225945
            raphiphop: 0.00611340953037
            rock: 0.493410736322
        probability: 0.493410736322
        value: "rock"
    genre_electronica:
        all:
            ambient: 0.177199095488
            dnb: 0.185584947467
            house: 0.00954992137849
            techno: 0.00972923077643
            trance: 0.617936789989
        probability: 0.617936789989
        value: "trance"
    genre_rosamerica:
        all:
            cla: 0.0028951514978
            dan: 0.0640505850315
            hip: 0.00129141646903
            jaz: 0.00165195728187
            pop: 0.22284963727
            rhy: 0.0105412369594
            roc: 0.696060299873
            spe: 0.000659744138829
        probability: 0.696060299873
        value: "roc"
    genre_tzanetakis:
        all:
            blu: 0.00335573358461
            cla: 0.00821015611291
            cou: 0.127313628793
            dis: 0.100164860487
            hip: 0.00239931070246
            jaz: 0.0273836720735
            met: 0.00752592273057
            pop: 0.420124828815
            reg: 0.0128811625764
            roc: 0.290640711784
        probability: 0.420124828815
        value: "pop"
    live_studio:
        all:
            live: 0.702159464359
            studio: 0.297840535641
        probability: 0.702159464359
        value: "live"
    mood:
        all:
            Cluster1: 0.187274202704
            Cluster2: 0.198752552271
            Cluster3: 0.42095682025
            Cluster4: 0.143270865083
            Cluster5: 0.0497455447912
        probability: 0.42095682025
        value: "Cluster3"
    mood_acoustic:
        all:
            acoustic: 0.0108822090551
            not_acoustic: 0.989117801189
        probability: 0.989117801189
        value: "not_acoustic"
    mood_aggressive:
        all:
            aggressive: 0.421163678169
            not_aggressive: 0.578836321831
        probability: 0.578836321831
        value: "not_aggressive"
    mood_electronic:
        all:
            electronic: 0.159932479262
            not_electronic: 0.840067505836
        probability: 0.840067505836
        value: "not_electronic"
    mood_happy:
        all:
            happy: 0.888362169266
            not_happy: 0.111637815833
        probability: 0.888362169266
        value: "happy"
    mood_party:
        all:
            not_party: 0.680749356747
            party: 0.319250613451
        probability: 0.680749356747
        value: "not_party"
    mood_relaxed:
        all:
            not_relaxed: 0.259623497725
            relaxed: 0.740376472473
        probability: 0.740376472473
        value: "relaxed"
    mood_sad:
        all:
            not_sad: 3.00000096379e-14
            sad: 1
        probability: 1
        value: "sad"
    rhythm:
        all:
            fast: 0.867122530937
            medium: 0.0836706757545
            slow: 0.0492067709565
        probability: 0.867122530937
        value: "fast"
    speech_music:
        all:
            music: 3.00000096379e-14
            speech: 1
        probability: 1
        value: "speech"
    timbre:
        all:
            bright: 0.267708927393
            dark: 0.732291102409
        probability: 0.732291102409
        value: "dark"
    voice_instrumental:
        all:
            instrumental: 0.0238923523575
            voice: 0.976107656956
        probability: 0.976107656956
        value: "voice"

lowlevel:
    average_loudness: 0.971127152443
    barkbands_kurtosis:
        dmean: 0.569644868374
        dmean2: 0.943946301937
        dvar: 0.969110310078
        dvar2: 2.0631814003
        max: 11.971821785
        mean: -0.403095126152
        min: -1.73954248428
        var: 1.79094159603
    barkbands_skewness:
        dmean: 0.29858058691
        dmean2: 0.474650412798
        dvar: 0.0793809592724
        dvar2: 0.178602531552
        max: 2.47376012802
        mean: 0.505350291729
        min: -1.37514567375
        var: 0.364419698715
    barkbands_spread:
        dmean: 4.71704721451
        dmean2: 7.27569723129
        dvar: 24.4013080597
        dvar2: 48.2570877075
        max: 72.2316818237
        mean: 29.4679374695
        min: 4.79850482941
        var: 81.7329864502
    dissonance:
        dmean: 0.0210429057479
        dmean2: 0.0354392677546
        dvar: 0.000370534835383
        dvar2: 0.000941387203056
        max: 0.497749060392
        mean: 0.452899158001
        min: 0.298192054033
        var: 0.000745620927773
    hfc:
        dmean: 1.77284264565
        dmean2: 2.62242507935
        dvar: 5.72803735733
        dvar2: 11.4983282089
        max: 33.8298416138
        mean: 7.33255386353
        min: 0.0104104867205
        var: 23.9220218658
    pitch:
        dmean: 190.439239502
        dmean2: 370.920135498
        dvar: 444319.625
        dvar2: 1337260.625
        max: 4410
        mean: 296.302947998
        min: 73.2558135986
        var: 232999.046875
    pitch_instantaneous_confidence:
        dmean: 0.0785563215613
        dmean2: 0.121996320784
        dvar: 0.00532736396417
        dvar2: 0.0112826162949
        max: 0.866921067238
        mean: 0.418660134077
        min: 0.132519483566
        var: 0.0204272642732
    pitch_salience:
        dmean: 0.0524549484253
        dmean2: 0.0868034884334
        dvar: 0.00166472513229
        dvar2: 0.00455002021044
        max: 0.770444095135
        mean: 0.613803446293
        min: 0.451340585947
        var: 0.00406624609604
    silence_rate_20dB:
        dmean: 0
        dmean2: 0
        dvar: 0
        dvar2: 0
        max: 1
        mean: 1
        min: 1
        var: 0
    silence_rate_30dB:
        dmean: 0
        dmean2: 0
        dvar: 0
        dvar2: 0
        max: 1
        mean: 1
        min: 1
        var: 0
    silence_rate_60dB:
        dmean: 0.0580046400428
        dmean2: 0.11627907306
        dvar: 0.0546401441097
        dvar2: 0.130664303899
        max: 1
        mean: 0.166666671634
        min: 0
        var: 0.138889506459
    spectral_centroid:
        dmean: 204.312225342
        dmean2: 318.801940918
        dvar: 42958.640625
        dvar2: 90185.578125
        max: 2766.84179688
        mean: 1252.79553223
        min: 247.561340332
        var: 180396.46875
    spectral_complexity:
        dmean: 2.91860461235
        dmean2: 4.39627027512
        dvar: 8.21896266937
        dvar2: 19.236913681
        max: 35
        mean: 15.7517404556
        min: 0
        var: 41.8664474487
    spectral_crest:
        dmean: 1.6752371788
        dmean2: 2.83694958687
        dvar: 2.20259690285
        dvar2: 6.19912433624
        max: 14.8738651276
        mean: 6.26110458374
        min: 2.95402765274
        var: 4.74426937103
    spectral_decrease:
        dmean: 2.77220219003e-10
        dmean2: 4.58133114778e-10
        dvar: 9.00508881386e-20
        dvar2: 2.18758252747e-19
        max: -1.66512246699e-12
        mean: -1.29398758375e-09
        min: -3.02589264756e-09
        var: 3.33758717618e-19
    spectral_energy:
        dmean: 0.00117025745567
        dmean2: 0.00189091952052
        dvar: 1.66287532011e-06
        dvar2: 3.97507028538e-06
        max: 0.0141846500337
        mean: 0.00554889021441
        min: 7.22882487025e-06
        var: 6.51078016745e-06
    spectral_energyband_high:
        dmean: 0.000130344560603
        dmean2: 0.000183252297575
        dvar: 4.15992857938e-08
        dvar2: 7.16002475087e-08
        max: 0.00360579555854
        mean: 0.000299010862364
        min: 2.8800135965e-07
        var: 1.347712697e-07
    spectral_energyband_low:
        dmean: 0.000264193251496
        dmean2: 0.000464927958092
        dvar: 1.11651438317e-07
        dvar2: 3.30388473913e-07
        max: 0.00246916431934
        mean: 0.000525721814483
        min: 3.73299471335e-08
        var: 1.45072547753e-07
    spectral_energyband_middle_high:
        dmean: 0.000617906218395
        dmean2: 0.000957762356848
        dvar: 6.16176635049e-07
        dvar2: 1.4037703977e-06
        max: 0.00992807280272
        mean: 0.0023478877265
        min: 2.41514976551e-06
        var: 2.89624199468e-06
    spectral_energyband_middle_low:
        dmean: 0.000735778943636
        dmean2: 0.0012046219781
        dvar: 6.87989427206e-07
        dvar2: 1.82659834991e-06
        max: 0.00770407402888
        mean: 0.0023762206547
        min: 4.09527820011e-06
        var: 1.79765368102e-06
    spectral_flatness_db:
        dmean: 0.014163704589
        dmean2: 0.0202619824558
        dvar: 0.000202874041861
        dvar2: 0.000373529532226
        max: 0.255060583353
        mean: 0.1263666749
        min: 0.0510172657669
        var: 0.000708209758159
    spectral_flux:
        dmean: 0.00893691554666
        dmean2: 0.0135969407856
        dvar: 7.60383409215e-05
        dvar2: 0.00018473425007
        max: 0.101099215448
        mean: 0.0392060317099
        min: 0.00268864748068
        var: 0.000245205214014
    spectral_kurtosis:
        dmean: 1.23933279514
        dmean2: 1.82781815529
        dvar: 4.92078304291
        dvar2: 12.0377502441
        max: 34.1119995117
        mean: 4.06686401367
        min: -1.26255631447
        var: 9.67251873016
    spectral_rms:
        dmean: 0.000245296425419
        dmean2: 0.000390401401091
        dvar: 6.63150814262e-08
        dvar2: 1.51491732936e-07
        max: 0.0037200381048
        mean: 0.00225065858103
        min: 8.39792337501e-05
        var: 3.48091560909e-07
    spectral_rolloff:
        dmean: 443.884033203
        dmean2: 714.058410645
        dvar: 267482.21875
        dvar2: 510398.90625
        max: 7041.35742188
        mean: 2574.44189453
        min: 301.46484375
        var: 879798.8125
    spectral_skewness:
        dmean: 0.19881400466
        dmean2: 0.288802474737
        dvar: 0.0700512826443
        dvar2: 0.15379846096
        max: 4.29444646835
        mean: 1.66071915627
        min: 0.249704793096
        var: 0.209734410048
    spectral_spread:
        dmean: 797705.4375
        dmean2: 1050347.5
        dvar: 1.64696922522e+12
        dvar2: 2.36644230758e+12
        max: 21349526
        mean: 5801108.5
        min: 1895837.5
        var: 4.17473180467e+12
    spectral_strongpeak:
        dmean: 0.437610894442
        dmean2: 0.732223033905
        dvar: 0.430314928293
        dvar2: 1.02548444271
        max: 6.29376506805
        mean: 0.706436812878
        min: 0.00789122655988
        var: 0.86418056488
    zerocrossingrate:
        dmean: 0.00829169712961
        dmean2: 0.00990562140942
        dvar: 7.20444586477e-05
        dvar2: 8.60950676724e-05
        max: 0.169921875
        mean: 0.0776095315814
        min: 0.01953125
        var: 0.000484174786834
    barkbands:
        dmean: [5.11289954375e-07, 8.39412750793e-05, 0.000209058649489, 0.000177513327799, 0.00036032294156, 0.000126730519696, 0.000120275180961, 0.00028956492315, 0.000134478133987, 0.000165194753208, 0.000139797833981, 0.00014877403737, 8.71430165716e-05, 0.000100906785519, 0.000100158620626, 7.67787641962e-05, 0.000131638487801, 0.000158666851348, 0.00011589184578, 0.000101811834611, 6.28188499832e-05, 2.11519964068e-05, 7.64453398006e-06, 7.14319958206e-06, 3.93855634684e-06, 1.97730301466e-07, 8.00532262701e-09]
        dmean2: [7.60952275414e-07, 0.000137430411996, 0.000375052681193, 0.000315163546475, 0.000614353921264, 0.000208740239032, 0.000199385292944, 0.000464730605017, 0.000202960931347, 0.000274443184026, 0.000233384867897, 0.000230159756029, 0.000140252101119, 0.000160673458595, 0.00016159088409, 0.000125382022816, 0.000207445205888, 0.000264103844529, 0.000186397635844, 0.000153985194629, 8.9374872914e-05, 3.15161414619e-05, 1.13881042125e-05, 1.02270250864e-05, 5.46195906281e-06, 2.82213733271e-07, 8.49281889259e-09]
        dvar: [2.53888338304e-12, 1.0132882089e-08, 8.07317519502e-08, 5.58855504096e-08, 2.63877723228e-07, 4.19201136026e-08, 2.80010201692e-08, 2.1018938412e-07, 8.24156032309e-08, 7.72593082843e-08, 7.74948034632e-08, 5.81965977631e-08, 2.45269404786e-08, 4.09966212089e-08, 3.92331536148e-08, 9.83435999302e-09, 5.25015551034e-08, 7.71969439484e-08, 4.55284911993e-08, 3.20917266095e-08, 1.38391023086e-08, 7.9296386124e-10, 2.28248600576e-10, 6.22596030286e-10, 1.45344042357e-10, 2.58115170947e-13, 2.26786515592e-14]
        dvar2: [3.40418492006e-12, 2.43300277702e-08, 2.51358699188e-07, 1.65831522736e-07, 8.11064467143e-07, 1.0655024596e-07, 6.70990232265e-08, 5.55949895897e-07, 1.91013725725e-07, 2.00229777647e-07, 2.31616979818e-07, 1.3547855815e-07, 5.55452359663e-08, 1.01869815694e-07, 8.35134272847e-08, 2.41718076666e-08, 9.5846395709e-08, 1.83782717045e-07, 1.18210031985e-07, 6.57296297391e-08, 2.50955523029e-08, 1.74379910511e-09, 4.51945758595e-10, 1.27955968043e-09, 2.11576339781e-10, 5.15138387676e-13, 2.26679670856e-14]
        max: [2.83697336272e-05, 0.000847491493914, 0.00211451295763, 0.00218801014125, 0.00381872244179, 0.00286434381269, 0.00181513733696, 0.00544623704627, 0.00403920840472, 0.00260429573245, 0.00211133924313, 0.00236481777392, 0.0019126663683, 0.00300511694513, 0.00261294189841, 0.000918107689358, 0.0034736210946, 0.00408516265452, 0.00304404972121, 0.00267114723101, 0.00214746617712, 0.000245425617322, 0.000156255278853, 0.000377400836442, 0.000214096275158, 5.45683906239e-06, 3.13113309858e-06]
        mean: [5.86726969232e-07, 0.000193649815628, 0.000331535207806, 0.000283416331513, 0.00072222208837, 0.000274458085187, 0.000254289829172, 0.00054368696874, 0.000270569085842, 0.000272548611974, 0.000193225510884, 0.000264969392447, 0.000140447868034, 0.000180086106411, 0.000191657149117, 0.000155302739586, 0.000303469074424, 0.000308298738673, 0.00024542704341, 0.00021684319654, 0.000134147179779, 3.91672874684e-05, 1.28301653604e-05, 9.83673817245e-06, 5.93656841374e-06, 2.7685385362e-07, 8.11402767198e-09]
        min: [1.81630238627e-10, 1.03770405602e-08, 2.67423292399e-08, 2.1711349163e-08, 7.89444470684e-07, 6.93275410413e-07, 1.4947102045e-07, 2.1288476546e-06, 2.74602740546e-07, 5.29996157184e-07, 1.99309795335e-07, 7.31139735421e-08, 1.11760357413e-07, 7.77747732883e-09, 4.34561187035e-08, 1.98910598215e-07, 7.4211448009e-07, 9.50746184003e-08, 4.14929303361e-07, 8.8902154971e-08, 1.37288395763e-07, 1.91287146123e-08, 7.72670372129e-09, 3.48947049034e-09, 2.87811441346e-09, 5.23252718931e-10, 1.39853937892e-12]
        var: [2.72764926965e-12, 2.46387621416e-08, 9.75598908326e-08, 9.11121631475e-08, 3.66595827472e-07, 6.84448622223e-08, 8.49003143344e-08, 3.00681477938e-07, 2.27187172186e-07, 1.23026111964e-07, 1.11807715086e-07, 1.65372014749e-07, 4.36063807285e-08, 1.14017204567e-07, 1.06142046263e-07, 1.92325639858e-08, 2.39041526129e-07, 1.41725578828e-07, 6.1120303485e-08, 7.91705829783e-08, 4.12104839143e-08, 1.56124368988e-09, 3.31692701083e-10, 7.47485628949e-10, 3.04647862492e-10, 3.49958099609e-13, 2.26838726703e-14]
    mfcc:
        mean: [-684.385070801, 117.676826477, -31.8378067017, 38.3090324402, -9.596783638, -5.98370075226, -0.226325616241, 0.155984088778, -0.00359086040407, -2.57543206215, -1.62702155113, -2.42250466347, -3.79517006874]
        cov: [[2331.69750977, -694.838500977, -154.001907349, 70.8916091919, -149.958618164, -68.8753890991, 121.005187988, 59.9689941406, -44.2900543213, 6.60198163986, -80.8866195679, -15.0156393051, -27.8921127319], [-694.838500977, 678.889526367, -170.654724121, -63.6541366577, 41.0651893616, 51.2938728333, 8.96361255646, -8.36017131805, -8.88017368317, 9.95023918152, 25.9503040314, -7.17221498489, 9.4066619873], [-154.001907349, -170.654724121, 451.379638672, 23.9260215759, 12.8399887085, -11.8966798782, -49.7041053772, 16.3944072723, 6.82278633118, -12.1558761597, 24.8544235229, 8.28357887268, 28.5917167664], [70.8916091919, -63.6541366577, 23.9260215759, 166.556365967, 1.75796747208, -38.7098236084, -33.4403533936, -3.14994454384, 32.7667236328, -2.97005581856, -20.8076972961, 1.77250277996, -3.84593105316], [-149.958618164, 41.0651893616, 12.8399887085, 1.75796747208, 124.498199463, 21.4771099091, -25.0336074829, -26.3092708588, 19.2029304504, 36.7650566101, 8.63251018524, -10.6854734421, -15.5855350494], [-68.8753890991, 51.2938728333, -11.8966798782, -38.7098236084, 21.4771099091, 113.060272217, 43.4679145813, -7.33224916458, -6.0308432579, 7.22245073318, 20.4320697784, -21.149438858, 4.8974070549], [121.005187988, 8.96361255646, -49.7041053772, -33.4403533936, -25.0336074829, 43.4679145813, 132.557342529, 24.1097183228, -19.9863567352, -2.5315144062, 14.6098537445, 2.75842046738, 0.482493340969], [59.9689941406, -8.36017131805, 16.3944072723, -3.14994454384, -26.3092708588, -7.33224916458, 24.1097183228, 78.6140136719, 5.26106309891, -10.3173847198, -5.07734251022, 5.08953428268, 13.5214385986], [-44.2900543213, -8.88017368317, 6.82278633118, 32.7667236328, 19.2029304504, -6.0308432579, -19.9863567352, 5.26106309891, 66.2455062866, 22.7266464233, -2.58560872078, -8.84625530243, -4.06842517853], [6.60198163986, 9.95023918152, -12.1558761597, -2.97005581856, 36.7650566101, 7.22245073318, -2.5315144062, -10.3173847198, 22.7266464233, 78.866645813, 25.1126937866, -12.3572845459, -16.9361190796], [-80.8866195679, 25.9503040314, 24.8544235229, -20.8076972961, 8.63251018524, 20.4320697784, 14.6098537445, -5.07734251022, -2.58560872078, 25.1126937866, 72.2783966064, 9.3892250061, 0.280402511358], [-15.0156393051, -7.17221498489, 8.28357887268, 1.77250277996, -10.6854734421, -21.149438858, 2.75842046738, 5.08953428268, -8.84625530243, -12.3572845459, 9.3892250061, 61.1050415039, 15.3565998077], [-27.8921127319, 9.4066619873, 28.5917167664, -3.84593105316, -15.5855350494, 4.8974070549, 0.482493340969, 13.5214385986, -4.06842517853, -16.9361190796, 0.280402511358, 15.3565998077, 50.3056602478]]
        icov: [[0.000898927508388, 0.000994753674604, 0.000567848270293, -0.000291888223728, 0.000547084375285, 0.000216834581806, -0.000584680878092, -0.000475131324492, 0.00092361192219, -0.000907279551029, 0.00062627758598, 0.000385702616768, -0.000102935999166], [0.000994753674604, 0.0029406750109, 0.00148117390927, 0.00010866750381, -0.000139633062645, -0.000190104838111, -0.000171321662492, -0.000809985969681, 0.0011212938698, -0.000607037334703, -0.000206423414056, 0.000682748446707, -0.000958216260187], [0.000567848270293, 0.00148117390927, 0.00333850109018, -0.000354540941771, -0.000514598388691, 6.93142574164e-05, 0.000944719591644, -0.00129113905132, 0.000747740268707, 0.000393433496356, -0.00158529507462, 0.000738319184165, -0.0017385147512], [-0.000291888223728, 0.00010866750381, -0.000354540941771, 0.00770362652838, -0.000217996363062, 0.00170312123373, 0.000608342932537, 0.000979135395028, -0.00403750315309, 0.00120943621732, 0.000944018771406, -0.000349391775671, 0.000287985603791], [0.000547084375285, -0.000139633062645, -0.000514598388691, -0.000217996363062, 0.0117398044094, -0.00280847330578, 0.00159595184959, 0.00201897486113, -0.00106348202098, -0.00488983793184, 0.00177051231731, -0.00101478036959, 0.00252554309554], [0.000216834581806, -0.000190104838111, 6.93142574164e-05, 0.00170312123373, -0.00280847330578, 0.0139748854563, -0.00503195542842, 0.00206489744596, -0.000340296886861, 0.00135886354838, -0.00292735826224, 0.00602449662983, -0.00388357485645], [-0.000584680878092, -0.000171321662492, 0.000944719591644, 0.000608342932537, 0.00159595184959, -0.00503195542842, 0.0117463069037, -0.00372220529243, 0.00190233485773, -2.51685723924e-05, -0.0018300175434, -0.00189941690769, 0.00182497163769], [-0.000475131324492, -0.000809985969681, -0.00129113905132, 0.000979135395028, 0.00201897486113, 0.00206489744596, -0.00372220529243, 0.0163464806974, -0.00409551663324, 0.00102463911753, 0.00106077094097, 7.78226967668e-05, -0.00325273210183], [0.00092361192219, 0.0011212938698, 0.000747740268707, -0.00403750315309, -0.00106348202098, -0.000340296886861, 0.00190233485773, -0.00409551663324, 0.0215771328658, -0.00680011417717, 0.00163678429089, 0.00202836561948, -0.000817653024569], [-0.000907279551029, -0.000607037334703, 0.000393433496356, 0.00120943621732, -0.00488983793184, 0.00135886354838, -2.51685723924e-05, 0.00102463911753, -0.00680011417717, 0.0209406036884, -0.00820895005018, 0.00284753018059, 0.00323341065086], [0.00062627758598, -0.000206423414056, -0.00158529507462, 0.000944018771406, 0.00177051231731, -0.00292735826224, -0.0018300175434, 0.00106077094097, 0.00163678429089, -0.00820895005018, 0.0200556851923, -0.00508120143786, 0.000733023975044], [0.000385702616768, 0.000682748446707, 0.000738319184165, -0.000349391775671, -0.00101478036959, 0.00602449662983, -0.00189941690769, 7.78226967668e-05, 0.00202836561948, 0.00284753018059, -0.00508120143786, 0.0217872802168, -0.00676364032552], [-0.000102935999166, -0.000958216260187, -0.0017385147512, 0.000287985603791, 0.00252554309554, -0.00388357485645, 0.00182497163769, -0.00325273210183, -0.000817653024569, 0.00323341065086, 0.000733023975044, -0.00676364032552, 0.0261110886931]]
    spectral_contrast:
        mean: [4.10032583886e-07, -6.39735389996e-07, -4.10559835018e-08, 2.31037144971e-08, -1.51086023692e-08, 1.17307749292e-07, 9.92534864963e-07, -1.79190783456e-06, 2.38301026911e-06, -1.9604535737e-06, -1.2230016182e-06, 2.04564253181e-06]
        var: [0.000479943846585, 0.000875892408658, 0.00156735489145, 0.00186100776773, 0.00293711666018, 0.00431881239638, 0.0405792817473, 0.0904999896884, 0.145583197474, 0.167558655143, 0.319009840488, 1.49556899071]

rhythm:
    beats_loudness:
        dmean: 0.00242118444294
        dmean2: 0.00460563646629
        dvar: 2.29724332712e-06
        dvar2: 7.0881328611e-06
        max: 0.0116729578003
        mean: 0.00683204317465
        min: 0.00215177494101
        var: 4.32214210377e-06
    beats_loudness_bass:
        dmean: 0.109178632498
        dmean2: 0.211925834417
        dvar: 0.0128530394286
        dvar2: 0.0391290076077
        max: 0.445752590895
        mean: 0.128465265036
        min: 0.0113665238023
        var: 0.00972384680063
    bpm: 126.063270569
    bpm_confidence: 0
    first_peak_bpm: 128
    first_peak_spread: 0
    first_peak_weight: 0.578947365284
    onset_rate: 3.69818854332
    second_peak_bpm: 123
    second_peak_spread: 0
    second_peak_weight: 0.368421047926
    beats_position: [0.483448654413, 0.952356755733, 1.42126488686, 1.89017283916, 2.35908079147, 2.82798886299, 3.29689693451, 3.76580500603, 4.23471307755, 4.70362091064, 5.17252874374, 5.64143705368, 6.21736526489, 6.70499563217, 7.19262647629, 7.6802573204, 8.16788864136, 8.6555185318, 9.14314937592, 9.63078117371]
    bpm_estimates: [127.170257568, 127.620994568, 127.189590454, 127.763160706, 128.040084839, 129.069702148, 128.870849609, 123.183921814, 123.15447998, 123.057380676, 123.322189331, 124.316764832]
    bpm_intervals: [0.46890810132, 0.468908131123, 0.468907952309, 0.468907952309, 0.468908071518, 0.468908071518, 0.468908071518, 0.468908071518, 0.468907833099, 0.468907833099, 0.468908309937, 0.575928211212, 0.487630367279, 0.487630844116, 0.487630844116, 0.487631320953, 0.487629890442, 0.487630844116, 0.487631797791]
    onset_times: [0.0464399084449, 0.208979591727, 0.452789127827, 0.696598649025, 0.905578255653, 1.17260766029, 1.33514738083, 1.69505667686, 1.89242625237, 2.12462592125, 2.35682535172, 2.56580495834, 2.84444451332, 3.07664394379, 3.32045340538, 3.52943301201, 3.68036270142, 3.78485250473, 4.26086187363, 4.34213161469, 4.74848079681, 5.22448968887, 5.66566896439, 6.21133804321, 6.68734693527, 6.9543762207, 7.07047605515, 7.18657588959, 7.46521520615, 7.58131504059, 7.69741487503, 7.89478445053, 8.13859367371, 8.63782310486, 9.07900238037, 9.62467098236, 9.86848068237]
    rubato_start: []
    rubato_stop: []
    perceptual_tempo: "unknown"

sfx:
    inharmonicity:
        dmean: 0.0402518548071
        dmean2: 0.0705490037799
        dvar: 0.00228117918596
        dvar2: 0.00598563719541
        max: 0.346624016762
        mean: 0.0470804199576
        min: 0.000192431616597
        var: 0.00262867333367
    oddtoevenharmonicenergyratio:
        dmean: 1.11144137383
        dmean2: 1.95482671261
        dvar: 3.80548548698
        dvar2: 10.8488788605
        max: 20.290933609
        mean: 1.01920092106
        min: 0.000713074172381
        var: 2.77112627029
    pitch_after_max_to_before_max_energy_ratio: 6.069439888
    pitch_centroid: 219.991333008
    pitch_max_to_total: 0.132250577211
    pitch_min_to_total: 0.406032472849
    tristimulus:
        dmean: [0.169064149261, 0.18123395741, 0.0937706157565]
        dmean2: [0.290646731853, 0.316224426031, 0.155918598175]
        dvar: [0.0200224537402, 0.0269000604749, 0.00660259602591]
        dvar2: [0.0582043454051, 0.0731612816453, 0.0189720559865]
        max: [0.942905426025, 0.893761336803, 0.55791336298]
        mean: [0.383589982986, 0.467436045408, 0.124551981688]
        min: [0.0267925783992, 0, 0]
        var: [0.0349437892437, 0.0373710133135, 0.0105498284101]

tonal:
    chords_changes_rate: 0.0322580635548
    chords_number_rate: 0.0230414755642
    chords_strength:
        dmean: 0.00986206065863
        dmean2: 0.00668051792309
        dvar: 5.17469816259e-05
        dvar2: 3.32916388288e-05
        max: 0.803657710552
        mean: 0.590617597103
        min: 0.308971136808
        var: 0.0112529592589
    key_strength: 0.709277331829
    tuning_diatonic_strength: 0.596775770187
    tuning_equal_tempered_deviation: 0.0950072184205
    tuning_frequency: 438.224517822
    tuning_nontempered_energy_ratio: 0.756216406822
    hpcp:
        dmean: [0.135149359703, 0.133288607001, 0.0965816006064, 0.0664398446679, 0.0618185251951, 0.0866972059011, 0.139765277505, 0.140848189592, 0.0967812165618, 0.0702145174146, 0.0546450540423, 0.100354425609, 0.161186441779, 0.150351241231, 0.117913976312, 0.140688955784, 0.127789229155, 0.0922659337521, 0.0656108334661, 0.0631865411997, 0.0951415449381, 0.141489326954, 0.128934159875, 0.0928817614913, 0.0730066895485, 0.0737129971385, 0.116697855294, 0.15578533709, 0.160859018564, 0.165664404631, 0.157891362906, 0.13967178762, 0.113745979965, 0.0931632816792, 0.0865221098065, 0.112383969128]
        dmean2: [0.217088654637, 0.214624553919, 0.162348404527, 0.118063122034, 0.110107548535, 0.149227529764, 0.234829217196, 0.227663755417, 0.159342899919, 0.119831681252, 0.0926730558276, 0.164720758796, 0.271629959345, 0.256573230028, 0.194863393903, 0.2266420573, 0.206127107143, 0.155353322625, 0.107793614268, 0.102397300303, 0.152990147471, 0.224228158593, 0.214119717479, 0.155362308025, 0.123333208263, 0.128306701779, 0.203081205487, 0.267990887165, 0.27020573616, 0.285691559315, 0.275841355324, 0.246014013886, 0.194892764091, 0.15310716629, 0.148051202297, 0.180259540677]
        dvar: [0.0314441621304, 0.0277894120663, 0.0191952418536, 0.0103643359616, 0.00913046486676, 0.00867806002498, 0.0285860653967, 0.0307093001902, 0.0175616145134, 0.0107873957604, 0.00765997264534, 0.0220791790634, 0.0425087399781, 0.0372515395284, 0.0197260603309, 0.027277700603, 0.0234255231917, 0.0220964327455, 0.0155147751793, 0.0101513490081, 0.0174262840301, 0.0310482382774, 0.0286930128932, 0.0209813378751, 0.0151871042326, 0.0172348823398, 0.0250808577985, 0.0302868690342, 0.0331665836275, 0.033429004252, 0.0419620759785, 0.0301469769329, 0.0248753111809, 0.0162406042218, 0.0242781210691, 0.0210121236742]
        dvar2: [0.0650609508157, 0.0579639300704, 0.0473197214305, 0.0264834649861, 0.0244570951909, 0.0220532659441, 0.0701453611255, 0.0784857496619, 0.0395878143609, 0.0246979873627, 0.0181580130011, 0.0538730658591, 0.0925193727016, 0.0770743787289, 0.0519750416279, 0.0636084154248, 0.0512352064252, 0.0569023787975, 0.0366047024727, 0.0239825919271, 0.0500352829695, 0.0642211437225, 0.0685931220651, 0.0532583557069, 0.0371754430234, 0.045924782753, 0.0612183772027, 0.0672696083784, 0.0849265605211, 0.0969683006406, 0.105086565018, 0.0806301683187, 0.073825404048, 0.0373423472047, 0.0659918263555, 0.0514285378158]
        max: [1, 1, 0.961965382099, 0.691338479519, 0.739773154259, 0.601303517818, 1, 1, 1, 0.867186248302, 0.555843472481, 1, 1, 1, 0.941507518291, 1, 1, 1, 1, 0.823030769825, 1, 1, 1, 1, 0.953467667103, 0.990779399872, 1, 1, 1, 1, 1, 1, 1, 0.921254754066, 1, 1]
        mean: [0.363778859377, 0.288577884436, 0.129128411412, 0.0883995071054, 0.0805810168386, 0.149330064654, 0.335411846638, 0.311785310507, 0.138218134642, 0.0800775364041, 0.0622192285955, 0.159037351608, 0.338184028864, 0.291026055813, 0.185210511088, 0.265955895185, 0.246061772108, 0.13452719152, 0.0986415743828, 0.0853554159403, 0.157491907477, 0.296030342579, 0.234211668372, 0.107381671667, 0.0831123441458, 0.0748952701688, 0.166101321578, 0.313378572464, 0.287163108587, 0.275066912174, 0.353417992592, 0.257325738668, 0.143206194043, 0.130832180381, 0.110135965049, 0.203293114901]
        min: [0.00701348669827, 0.00392679683864, 0.00507112825289, 0.000382539117709, 0.00055949651869, 0.00861886050552, 0.00413636723533, 0.000674785289448, 0.000499180110637, 0.00107971217949, 0.000913598632906, 0.00067665433744, 0.000619590457063, 0.000238598309807, 0.0105384131894, 0.000887769274414, 0.00631691515446, 0.00442628189921, 0.000757195462938, 0.000368312059436, 0.000324971741065, 0.000180700939381, 0.000662236125208, 0, 0.000348321773345, 0.000667193846311, 0.00360924983397, 0.00168319034856, 0.00491385208443, 0.00950242113322, 0.000667687330861, 0.000496238935739, 0.0014286787482, 0.00082882354036, 0.000284699199256, 0.000587633578107]
        var: [0.127758443356, 0.0829243138433, 0.0245025679469, 0.0116531187668, 0.00984450709075, 0.0152453221381, 0.101154915988, 0.0945073068142, 0.0257247015834, 0.0117115741596, 0.00730698043481, 0.0291071645916, 0.112842127681, 0.0903715193272, 0.0261980164796, 0.0718019753695, 0.0721823275089, 0.0326289087534, 0.0218204464763, 0.0162727143615, 0.0310608707368, 0.0972351953387, 0.0651742145419, 0.0206501800567, 0.015641387552, 0.0174720436335, 0.0344956889749, 0.0757483616471, 0.0634792745113, 0.0585537105799, 0.12819005549, 0.0715722590685, 0.0256750863045, 0.0223794523627, 0.023030968383, 0.0528559237719]
    chords_histogram: [1.84331798553, 28.571428299, 14.2857141495, 0, 0, 0, 0, 0, 0, 0, 0, 0, 0, 0, 0, 0, 0, 0, 0, 0, 0, 20.2764968872, 35.0230407715, 0]
    thpcp: [1, 0.793278336525, 0.35496404767, 0.243003413081, 0.221510991454, 0.41049683094, 0.922021269798, 0.85707372427, 0.379950970411, 0.220126971602, 0.171035856009, 0.437181413174, 0.929641783237, 0.800008177757, 0.509129405022, 0.731092214584, 0.676404833794, 0.369804859161, 0.271158069372, 0.234635442495, 0.432933092117, 0.813764572144, 0.64382982254, 0.295183926821, 0.228469416499, 0.20588131249, 0.456599712372, 0.861453473568, 0.789389193058, 0.756137728691, 0.971518754959, 0.707368612289, 0.393662780523, 0.359647572041, 0.302755266428, 0.55883705616]
    chords_key: "G"
    chords_scale: "major"
    key_key: "D"
    key_scale: "major"
    chords_progression: ["D", "D", "D", "D", "G", "G", "G", "G", "G", "G", "G", "G", "G", "G", "G", "G", "G", "G", "G", "G", "G", "G", "G", "G", "G", "G", "G", "G", "G", "G", "G", "G", "G", "G", "G", "G", "G", "G", "G", "G", "G", "G", "G", "G", "G", "G", "G", "G", "G", "G", "G", "G", "G", "G", "G", "G", "G", "G", "G", "G", "G", "G", "G", "G", "G", "G", "G", "G", "G", "G", "G", "G", "G", "G", "G", "G", "G", "G", "G", "G", "Em", "Em", "Em", "Em", "Em", "Em", "Em", "Em", "Em", "Em", "Em", "Em", "Em", "Em", "Em", "Em", "Em", "Em", "Em", "Em", "Em", "Em", "Em", "Em", "Em", "Em", "Em", "Em", "Em", "Em", "Em", "Em", "Em", "Em", "Em", "Em", "Em", "Em", "Em", "Em", "Em", "Em", "Em", "Em", "A", "A", "A", "A", "A", "A", "A", "A", "A", "A", "A", "A", "A", "F#m", "F#m", "F#m", "F#m", "F#m", "A", "A", "A", "A", "A", "A", "A", "A", "A", "A", "A", "A", "A", "A", "A", "A", "F#m", "F#m", "F#m", "F#m", "F#m", "F#m", "F#m", "F#m", "F#m", "F#m", "F#m", "F#m", "F#m", "F#m", "F#m", "F#m", "F#m", "F#m", "F#m", "F#m", "F#m", "F#m", "F#m", "F#m", "F#m", "F#m", "F#m", "F#m", "F#m", "F#m", "F#m", "F#m", "F#m", "F#m", "F#m", "F#m", "F#m", "F#m", "F#m", "F#m", "F#m", "F#m", "F#m", "F#m", "F#m", "F#m", "F#m", "F#m", "F#m", "F#m", "F#m", "F#m", "F#m", "F#m", "F#m", "F#m", "F#m", "A", "A"]
