
metadata:
    version:
        essentia: "1.2.2"
    audio_properties:
        analysis_sample_rate: 44100
        bitrate: 128
        channels: 2
        equal_loudness: 1
        length: 10.0310201645
        replay_gain: -8.79977607727
        downmix: "mix"
    tags:
        track: 39
        year: 0
        album: "Splitted by Mp3Splt v. 2.1"
        artist: "From 006.20 To 006.30"
        comment: "http://mp3splt.sf.net"
        genre: ""
        title: "11 Song Cry.mp3"

highlevel:
    ballroom:
        all:
            ChaChaCha: 0.156068786979
            Jive: 0.0688003450632
            Quickstep: 0.523761630058
            Rumba-American: 0.0170530583709
            Rumba-International: 0.00706235133111
            Rumba-Misc: 0.00643733236939
            Samba: 0.0569837130606
            Tango: 0.0745706185699
            VienneseWaltz: 0.0423821844161
            Waltz: 0.0468799956143
        probability: 0.523761630058
        value: "Quickstep"
    culture:
        all:
            non_western: 0.793026089668
            western: 0.206973880529
        probability: 0.793026089668
        value: "non_western"
    gender:
        all:
            female: 0.342897057533
            male: 0.657102942467
        probability: 0.657102942467
        value: "male"
    genre_dortmund:
        all:
            alternative: 0.0328164547682
            blues: 0.400393098593
            electronic: 0.0203543249518
            folkcountry: 0.0876485332847
            funksoulrnb: 0.0411695502698
            jazz: 0.184767320752
            pop: 0.046635620296
            raphiphop: 0.0395033359528
            rock: 0.14671176672
        probability: 0.400393098593
        value: "blues"
    genre_electronica:
        all:
            ambient: 0.941670000553
            dnb: 0.01453382615
            house: 0.0265766978264
            techno: 0.00907824933529
            trance: 0.00814124196768
        probability: 0.941670000553
        value: "ambient"
    genre_rosamerica:
        all:
            cla: 0.313542485237
            dan: 0.0139885498211
            hip: 0.0398826263845
            jaz: 0.249685674906
            pop: 0.181477591395
            rhy: 0.112201526761
            roc: 0.0240586362779
            spe: 0.0651629120111
        probability: 0.313542485237
        value: "cla"
    genre_tzanetakis:
        all:
            blu: 0.0164926834404
            cla: 0.0486969985068
            cou: 0.0564962662756
            dis: 0.0355334952474
            hip: 0.0154841179028
            jaz: 0.0245831981301
            met: 0.00420574331656
            pop: 0.174675315619
            reg: 0.587636709213
            roc: 0.0361954644322
        probability: 0.587636709213
        value: "reg"
    live_studio:
        all:
            live: 0.165951773524
            studio: 0.834048211575
        probability: 0.834048211575
        value: "studio"
    mood:
        all:
            Cluster1: 0.164477735758
            Cluster2: 0.253239959478
            Cluster3: 0.181931897998
            Cluster4: 0.214785203338
            Cluster5: 0.185565203428
        probability: 0.253239959478
        value: "Cluster2"
    mood_acoustic:
        all:
            acoustic: 0.434722691774
            not_acoustic: 0.565277278423
        probability: 0.565277278423
        value: "not_acoustic"
    mood_aggressive:
        all:
            aggressive: 0.0310167949647
            not_aggressive: 0.968983232975
        probability: 0.968983232975
        value: "not_aggressive"
    mood_electronic:
        all:
            electronic: 0.233453735709
            not_electronic: 0.76654624939
        probability: 0.76654624939
        value: "not_electronic"
    mood_happy:
        all:
            happy: 0.54929882288
            not_happy: 0.450701147318
        probability: 0.54929882288
        value: "happy"
    mood_party:
        all:
            not_party: 0.536500990391
            party: 0.463499009609
        probability: 0.536500990391
        value: "not_party"
    mood_relaxed:
        all:
            not_relaxed: 0.28828138113
            relaxed: 0.71171861887
        probability: 0.71171861887
        value: "relaxed"
    mood_sad:
        all:
            not_sad: 0.443975090981
            sad: 0.556024909019
        probability: 0.556024909019
        value: "sad"
    rhythm:
        all:
            fast: 0.315917909145
            medium: 0.382249355316
            slow: 0.301832735538
        probability: 0.382249355316
        value: "medium"
    speech_music:
        all:
            music: 0.00736920069903
            speech: 0.992630779743
        probability: 0.992630779743
        value: "speech"
    timbre:
        all:
            bright: 0.462252527475
            dark: 0.537747502327
        probability: 0.537747502327
        value: "dark"
    voice_instrumental:
        all:
            instrumental: 0.0095601528883
            voice: 0.990439832211
        probability: 0.990439832211
        value: "voice"

lowlevel:
    average_loudness: 0.494888335466
    barkbands_kurtosis:
        dmean: 2.33571267128
        dmean2: 3.60049009323
        dvar: 19.2818927765
        dvar2: 43.1588020325
        max: 48.1965789795
        mean: 1.10628688335
        min: -1.9156011343
        var: 27.1899814606
    barkbands_skewness:
        dmean: 0.72498601675
        dmean2: 1.01727890968
        dvar: 0.406628191471
        dvar2: 0.919279873371
        max: 5.88021850586
        mean: 0.36748072505
        min: -2.61414718628
        var: 1.86893105507
    barkbands_spread:
        dmean: 6.2915687561
        dmean2: 9.40860557556
        dvar: 53.0408859253
        dvar2: 127.365943909
        max: 64.5612182617
        mean: 20.7294998169
        min: 2.20773220062
        var: 145.308837891
    dissonance:
        dmean: 0.025802731514
        dmean2: 0.0428345911205
        dvar: 0.000698379473761
        dvar2: 0.00186677777674
        max: 0.499970674515
        mean: 0.451564759016
        min: 0.271991789341
        var: 0.00170343345962
    hfc:
        dmean: 1.76370406151
        dmean2: 2.7644469738
        dvar: 18.0275611877
        dvar2: 46.1779060364
        max: 62.4985389709
        mean: 4.39125919342
        min: 0.000781380920671
        var: 47.0228691101
    pitch:
        dmean: 728.156616211
        dmean2: 1419.08032227
        dvar: 1437840.75
        dvar2: 3288412.5
        max: 4410
        mean: 1281.90686035
        min: 114.248703003
        var: 1686724.875
    pitch_instantaneous_confidence:
        dmean: 0.114269703627
        dmean2: 0.179260164499
        dvar: 0.00893617235124
        dvar2: 0.0222097821534
        max: 0.928200304508
        mean: 0.581759750843
        min: 0.189615368843
        var: 0.0221692696214
    pitch_salience:
        dmean: 0.0894488841295
        dmean2: 0.139314189553
        dvar: 0.00614810688421
        dvar2: 0.0157396998256
        max: 0.929768323898
        mean: 0.635650396347
        min: 0.199816122651
        var: 0.018182002008
    silence_rate_20dB:
        dmean: 0
        dmean2: 0
        dvar: 0
        dvar2: 0
        max: 1
        mean: 1
        min: 1
        var: 0
    silence_rate_30dB:
        dmean: 0
        dmean2: 0
        dvar: 0
        dvar2: 0
        max: 1
        mean: 1
        min: 1
        var: 0
    silence_rate_60dB:
        dmean: 0.0451306402683
        dmean2: 0.090476192534
        dvar: 0.0430938787758
        dvar2: 0.0918141677976
        max: 1
        mean: 0.744075834751
        min: 0
        var: 0.19042724371
    spectral_centroid:
        dmean: 352.797149658
        dmean2: 528.903991699
        dvar: 139422.4375
        dvar2: 326055.96875
        max: 3565.62084961
        mean: 1647.90698242
        min: 268.707244873
        var: 448328.5
    spectral_complexity:
        dmean: 2.12469434738
        dmean2: 3.47058820724
        dvar: 13.4832382202
        dvar2: 35.7540092468
        max: 40
        mean: 5.73658514023
        min: 0
        var: 48.9061965942
    spectral_crest:
        dmean: 2.96590399742
        dmean2: 4.77102279663
        dvar: 6.46761465073
        dvar2: 16.7786483765
        max: 24.1197929382
        mean: 10.2330102921
        min: 3.37721848488
        var: 16.1577987671
    spectral_decrease:
        dmean: 1.84498485933e-10
        dmean2: 2.94276242263e-10
        dvar: 1.40383380846e-19
        dvar2: 3.22973729996e-19
        max: -1.41886597415e-13
        mean: -4.90693596866e-10
        min: -5.36960831354e-09
        var: 5.32692165269e-19
    spectral_energy:
        dmean: 0.000847932416946
        dmean2: 0.00134045444429
        dvar: 3.10084033117e-06
        dvar2: 7.25017844161e-06
        max: 0.0259349048138
        mean: 0.00225029024296
        min: 6.06386322488e-07
        var: 1.12977268145e-05
    spectral_energyband_high:
        dmean: 5.34408682142e-05
        dmean2: 9.83042409644e-05
        dvar: 1.33140545699e-07
        dvar2: 3.95005287146e-07
        max: 0.00525740766898
        mean: 6.08242371527e-05
        min: 4.55449589154e-09
        var: 7.58593117212e-08
    spectral_energyband_low:
        dmean: 3.24118218487e-06
        dmean2: 4.4681783038e-06
        dvar: 3.35010387487e-11
        dvar2: 5.85979806345e-11
        max: 8.43149246066e-05
        mean: 5.29561430085e-06
        min: 5.50428236323e-09
        var: 1.04430901426e-10
    spectral_energyband_middle_high:
        dmean: 0.000716524547897
        dmean2: 0.00115688308142
        dvar: 2.2065153189e-06
        dvar2: 5.22862137586e-06
        max: 0.0196053683758
        mean: 0.00186362455133
        min: 1.20711945328e-07
        var: 8.1436292021e-06
    spectral_energyband_middle_low:
        dmean: 0.0001832095586
        dmean2: 0.000264855014393
        dvar: 1.60652149361e-07
        dvar2: 3.15229613079e-07
        max: 0.00500641344115
        mean: 0.000320547667798
        min: 3.45079996578e-07
        var: 4.45253675707e-07
    spectral_flatness_db:
        dmean: 0.0264641903341
        dmean2: 0.0384550504386
        dvar: 0.000649904774036
        dvar2: 0.00138863769826
        max: 0.374325603247
        mean: 0.244352653623
        min: 0.0889712870121
        var: 0.00228514242917
    spectral_flux:
        dmean: 0.0068807261996
        dmean2: 0.0106337377802
        dvar: 7.89445111877e-05
        dvar2: 0.000162583135534
        max: 0.107508726418
        mean: 0.0243743713945
        min: 0.000955148949288
        var: 0.000485618627863
    spectral_kurtosis:
        dmean: 2.87439417839
        dmean2: 4.851811409
        dvar: 9.72469043732
        dvar2: 29.4563102722
        max: 29.1884994507
        mean: 7.66542387009
        min: -0.519962310791
        var: 18.4021453857
    spectral_rms:
        dmean: 0.000239145127125
        dmean2: 0.000360176723916
        dvar: 9.62620489986e-08
        dvar2: 2.19144610014e-07
        max: 0.00503014354035
        mean: 0.00110717455391
        min: 2.43227550527e-05
        var: 9.69569214249e-07
    spectral_rolloff:
        dmean: 633.833618164
        dmean2: 1099.82800293
        dvar: 868766.75
        dvar2: 2047093.625
        max: 6503.02734375
        mean: 2728.51953125
        min: 279.931640625
        var: 1286937.75
    spectral_skewness:
        dmean: 0.356001824141
        dmean2: 0.581408917904
        dvar: 0.117314189672
        dvar2: 0.322099208832
        max: 4.00703191757
        mean: 1.83098161221
        min: 0.324234127998
        var: 0.246211096644
    spectral_spread:
        dmean: 620427.25
        dmean2: 882582.5
        dvar: 830970724352
        dvar2: 1.4528249856e+12
        max: 11771990
        mean: 3481610
        min: 1563066.125
        var: 2.39622291456e+12
    spectral_strongpeak:
        dmean: 0.452216923237
        dmean2: 0.767274737358
        dvar: 0.469647288322
        dvar2: 1.2331584692
        max: 5.97799539566
        mean: 0.829445004463
        min: 0.00304874242283
        var: 1.21486485004
    zerocrossingrate:
        dmean: 0.010914100334
        dmean2: 0.0130244232714
        dvar: 0.000117602292448
        dvar2: 0.000182976655196
        max: 0.17333984375
        mean: 0.0845572128892
        min: 0.0205078125
        var: 0.000814709230326
    barkbands:
        dmean: [8.26526291853e-10, 1.17997572602e-07, 3.1696458791e-06, 8.41954988573e-06, 4.93565712532e-05, 2.59450262092e-05, 4.49410690635e-05, 3.78440163331e-05, 7.80367918196e-05, 3.35688491759e-05, 6.29499991192e-05, 0.000305959460093, 4.92635153932e-05, 3.99605742132e-05, 7.43695272831e-05, 0.000107309439045, 0.000137771028676, 0.000101622659713, 0.000201662245672, 5.12964543304e-05, 2.51961646427e-05, 3.67813663615e-06, 5.72843703139e-07, 4.54271543049e-07, 1.18934011084e-07, 3.48973139275e-09, 5.51006906768e-10]
        dmean2: [1.22513510448e-09, 2.09499773973e-07, 4.36636173617e-06, 1.23423069454e-05, 7.36524234526e-05, 4.02167424909e-05, 7.39553142921e-05, 5.87842223467e-05, 0.000121742916235, 5.25492432644e-05, 0.000104904400359, 0.000478424452012, 8.42030276544e-05, 7.19619638403e-05, 0.000136144240969, 0.000187106095836, 0.000235289247939, 0.000157003712957, 0.000316670862958, 8.92252064659e-05, 4.7390578402e-05, 6.6247621362e-06, 9.56704980126e-07, 7.33312390366e-07, 2.01374945163e-07, 5.39472200245e-09, 6.29612362246e-10]
        dvar: [2.78760561262e-17, 9.74749794769e-14, 3.3184340692e-11, 3.11025705191e-10, 2.12616555473e-08, 2.85014079004e-09, 1.06743609507e-08, 2.37201280839e-08, 8.37340934368e-08, 7.09564185186e-09, 3.74232875799e-08, 8.32962086861e-07, 2.06909369638e-08, 1.26611743312e-08, 7.79850779509e-08, 8.98697010143e-08, 9.54777306106e-08, 5.95810440984e-08, 1.80615913337e-07, 6.23406748446e-08, 3.78126756573e-08, 1.90564578006e-10, 2.27985512413e-12, 1.58272841447e-12, 1.46028547869e-13, 1.17423648082e-16, 8.7076032534e-17]
        dvar2: [3.18940197772e-17, 2.79842284328e-13, 5.76579860245e-11, 6.35137442639e-10, 4.6007002652e-08, 6.27138785347e-09, 2.47169555934e-08, 5.06700779113e-08, 1.88343562968e-07, 1.64025664162e-08, 1.04394921152e-07, 2.0062011572e-06, 5.72198501914e-08, 3.73532067499e-08, 2.31011526353e-07, 2.48007069104e-07, 2.46750914812e-07, 1.42942440107e-07, 3.93983839331e-07, 1.82374947144e-07, 1.12803533625e-07, 5.49922274384e-10, 6.31110701893e-12, 4.19524267756e-12, 4.0959165855e-13, 1.87174614297e-16, 8.72293785847e-17]
        max: [1.02642239597e-07, 2.57748729382e-06, 8.42178560561e-05, 0.000154709559865, 0.00204792991281, 0.000392800488044, 0.000769091071561, 0.00213997601531, 0.00347756850533, 0.000879004772287, 0.00196754024364, 0.0155086675659, 0.00132572627626, 0.000808581185993, 0.00337190669961, 0.00312769692391, 0.00276954914443, 0.00260257674381, 0.0045473058708, 0.00345387915149, 0.00279080122709, 0.000176185014425, 1.52678785525e-05, 1.23830932353e-05, 4.47425236416e-06, 1.90666384015e-07, 1.89086577507e-07]
        mean: [8.21924805994e-10, 9.34536927844e-08, 5.2015275287e-06, 1.22835563161e-05, 6.88507352606e-05, 3.14988064929e-05, 5.16909422004e-05, 4.2033403588e-05, 0.000104160833871, 4.8241156037e-05, 9.22844337765e-05, 0.000559557636734, 5.56744198548e-05, 3.58274737664e-05, 7.39782990422e-05, 0.000138315270306, 0.000279991392745, 0.000193317449884, 0.000354652875103, 7.22941258573e-05, 2.43949871219e-05, 4.30617001257e-06, 8.79672143128e-07, 6.02348563916e-07, 1.5516374674e-07, 4.77760542239e-09, 5.32603683379e-10]
        min: [1.06678435616e-12, 3.16727949423e-10, 2.25348650851e-09, 2.8241109451e-09, 3.08246121961e-08, 2.30738326223e-08, 4.54330439936e-09, 1.15481235685e-09, 1.941929062e-09, 3.85536658154e-10, 2.47147663446e-10, 6.78518352615e-10, 9.71126623561e-10, 1.24890109365e-09, 2.95240853987e-09, 5.75344794029e-09, 1.26356338725e-08, 7.07904135311e-09, 2.70704081373e-08, 4.17682199938e-09, 2.11521272719e-10, 2.6275803755e-10, 1.54264503949e-10, 1.510151032e-10, 6.49627573956e-11, 6.01996924532e-12, 7.43866705971e-14]
        var: [2.76282278516e-17, 6.21013182826e-14, 1.04112649058e-10, 6.08283923231e-10, 3.2685040452e-08, 3.69760777552e-09, 1.41603599957e-08, 3.68395518535e-08, 1.52143456944e-07, 1.26645254284e-08, 5.05570412201e-08, 2.16222201743e-06, 2.05987387147e-08, 9.23996257285e-09, 5.15001197243e-08, 9.99367415488e-08, 2.97072091371e-07, 2.00186676125e-07, 4.64298437919e-07, 4.52321309297e-08, 2.02055332466e-08, 1.37954286883e-10, 2.60929103844e-12, 1.84494823932e-12, 1.24187200237e-13, 1.50152709997e-16, 8.69504665171e-17]
    mfcc:
        mean: [-891.198730469, 108.749771118, -79.0541915894, 35.9583854675, -4.80649709702, -38.8910484314, -9.48331356049, -6.44078207016, -20.7612667084, -11.4833831787, -13.734834671, -12.1650648117, -1.63931262493]
        cov: [[17857.2089844, -3374.64355469, -4941.97900391, -3303.77905273, -2768.93212891, 1212.58679199, 636.881774902, 523.88293457, 292.958282471, -811.044921875, -124.823646545, 661.239868164, 112.955863953], [-3374.64355469, 2526.26611328, 1157.19628906, 770.907653809, 757.540161133, -1002.22473145, -305.727264404, -80.4964675903, -370.408660889, 125.438728333, 154.714630127, -328.286682129, -254.901260376], [-4941.97900391, 1157.19628906, 2312.23217773, 1290.40637207, 1030.39587402, -489.161956787, -390.67086792, -348.856384277, -284.279937744, 239.265411377, 23.5213699341, -272.091430664, -128.705810547], [-3303.77905273, 770.907653809, 1290.40637207, 1070.68798828, 790.475524902, -364.228820801, -258.41394043, -264.38168335, -224.089355469, 222.243392944, 11.0629167557, -188.006240845, -53.4168663025], [-2768.93212891, 757.540161133, 1030.39587402, 790.475524902, 1050.08215332, -356.895172119, -280.902191162, -294.205444336, -248.128570557, 270.86630249, 46.0989151001, -198.067611694, -34.7637329102], [1212.58679199, -1002.22473145, -489.161956787, -364.228820801, -356.895172119, 863.109130859, 236.912628174, -24.8727149963, 257.569763184, -118.821678162, -82.0507888794, 181.84362793, 147.298400879], [636.881774902, -305.727264404, -390.67086792, -258.41394043, -280.902191162, 236.912628174, 264.265350342, 132.28427124, 107.18397522, -83.2419204712, -37.9405784607, 92.6205291748, 91.0676193237], [523.88293457, -80.4964675903, -348.856384277, -264.38168335, -294.205444336, -24.8727149963, 132.28427124, 273.780151367, 91.2727890015, -93.1257858276, 14.3909235001, 41.4492340088, -3.22082328796], [292.958282471, -370.408660889, -284.279937744, -224.089355469, -248.128570557, 257.569763184, 107.18397522, 91.2727890015, 273.884674072, -33.4088172913, -7.08334970474, 72.6307067871, 10.539814949], [-811.044921875, 125.438728333, 239.265411377, 222.243392944, 270.86630249, -118.821678162, -83.2419204712, -93.1257858276, -33.4088172913, 199.222396851, 57.5496482849, -48.319152832, -2.85627269745], [-124.823646545, 154.714630127, 23.5213699341, 11.0629167557, 46.0989151001, -82.0507888794, -37.9405784607, 14.3909235001, -7.08334970474, 57.5496482849, 133.132598877, 3.29828691483, -53.6199760437], [661.239868164, -328.286682129, -272.091430664, -188.006240845, -198.067611694, 181.84362793, 92.6205291748, 41.4492340088, 72.6307067871, -48.319152832, 3.29828691483, 158.256469727, 56.6622810364], [112.955863953, -254.901260376, -128.705810547, -53.4168663025, -34.7637329102, 147.298400879, 91.0676193237, -3.22082328796, 10.539814949, -2.85627269745, -53.6199760437, 56.6622810364, 201.390472412]]
        icov: [[0.000253716483712, 0.000172630621819, 0.000324600754539, 0.000328902940964, 0.000215169784497, 3.40314327332e-05, 0.000146102407598, 0.000358346442226, 0.000568312883843, 0.000244538241532, -6.2755367253e-05, 1.40342681334e-05, 0.000275865430012], [0.000172630621819, 0.00121266790666, 6.30739305052e-05, 7.9069606727e-05, -0.000219218462007, 0.00108610850293, -0.000718538358342, 0.000693646958098, 0.000306438392727, 0.00136110011954, -0.00121462182142, 0.000854971003719, 0.000442447169917], [0.000324600754539, 6.30739305052e-05, 0.00189018098172, -0.00109290261753, 5.18556735187e-05, -0.000102059369965, 0.000669660163112, 0.000551192031708, 0.000528184813447, 0.000801809481345, -7.76767847128e-05, 0.000191679151612, 0.000514591985848], [0.000328902940964, 7.9069606727e-05, -0.00109290261753, 0.00439273985103, -0.000661239901092, 0.000227981159696, -5.08058583364e-05, 0.000859551539179, 0.00104586512316, -0.000990063766949, 0.000928609748371, -7.85858137533e-05, 0.000338682730217], [0.000215169784497, -0.000219218462007, 5.18556735187e-05, -0.000661239901092, 0.0035126497969, -0.000384639861295, 0.000843028188683, 0.000982744270004, 0.00139552098699, -0.00204361206852, -3.7866873754e-05, 0.000912230403628, -0.000386978470488], [3.40314327332e-05, 0.00108610850293, -0.000102059369965, 0.000227981159696, -0.000384639861295, 0.00431611714885, -0.00273513793945, 0.00355062284507, -0.00260454090312, 0.00277015846223, -0.00119042617735, -0.000266924471362, -0.000645034771878], [0.000146102407598, -0.000718538358342, 0.000669660163112, -5.08058583364e-05, 0.000843028188683, -0.00273513793945, 0.00989889353514, -0.00440238043666, 0.000833540747408, -0.00121075392235, 0.00193471414968, -0.00149186840281, -0.00210345350206], [0.000358346442226, 0.000693646958098, 0.000551192031708, 0.000859551539179, 0.000982744270004, 0.00355062284507, -0.00440238043666, 0.0102648828179, -0.0022429889068, 0.00393249327317, -0.00300061609596, 0.00123730290215, 1.09260308818e-05], [0.000568312883843, 0.000306438392727, 0.000528184813447, 0.00104586512316, 0.00139552098699, -0.00260454090312, 0.000833540747408, -0.0022429889068, 0.00871309824288, -0.00271697575226, 0.000961621524766, -0.000420145312091, 0.0022968496196], [0.000244538241532, 0.00136110011954, 0.000801809481345, -0.000990063766949, -0.00204361206852, 0.00277015846223, -0.00121075392235, 0.00393249327317, -0.00271697575226, 0.0128378272057, -0.00623167352751, 0.00188204611186, -0.00179750355892], [-6.2755367253e-05, -0.00121462182142, -7.76767847128e-05, 0.000928609748371, -3.7866873754e-05, -0.00119042617735, 0.00193471414968, -0.00300061609596, 0.000961621524766, -0.00623167352751, 0.0130534684286, -0.004043339286, 0.00311017665081], [1.40342681334e-05, 0.000854971003719, 0.000191679151612, -7.85858137533e-05, 0.000912230403628, -0.000266924471362, -0.00149186840281, 0.00123730290215, -0.000420145312091, 0.00188204611186, -0.004043339286, 0.0118888914585, -0.00214982917532], [0.000275865430012, 0.000442447169917, 0.000514591985848, 0.000338682730217, -0.000386978470488, -0.000645034771878, -0.00210345350206, 1.09260308818e-05, 0.0022968496196, -0.00179750355892, 0.00311017665081, -0.00214982917532, 0.00843303464353]]
    spectral_contrast:
        mean: [-1.77914415644e-07, -1.44632124943e-07, 9.29505361569e-08, 1.17392076504e-07, -2.45573858138e-07, 6.28974362371e-07, 7.83146901995e-07, -4.36320533481e-06, 3.20324079439e-06, -9.59780209087e-07, 8.43769157655e-07, -4.21012316565e-07]
        var: [0.000600854516961, 0.00123762711883, 0.00232884427533, 0.00294613675214, 0.00556442700326, 0.0204637385905, 0.109496183693, 0.197208791971, 0.232187241316, 0.468395262957, 0.702480792999, 9.80769824982]

rhythm:
    beats_loudness:
        dmean: 0.00166352884844
        dmean2: 0.002938560443
        dvar: 7.69797043176e-06
        dvar2: 2.43782924372e-05
        max: 0.0117899719626
        mean: 0.00199493207037
        min: 1.27162138597e-05
        var: 1.19180886031e-05
    beats_loudness_bass:
        dmean: 0.0802870690823
        dmean2: 0.126767233014
        dvar: 0.00933650508523
        dvar2: 0.0245250910521
        max: 0.397792041302
        mean: 0.0837011411786
        min: 2.81193515548e-05
        var: 0.0127610303462
    bpm: 107.3177948
    bpm_confidence: 0
    first_peak_bpm: 133
    first_peak_spread: 0
    first_peak_weight: 0.611111104488
    onset_rate: 3.78824877739
    second_peak_bpm: 107
    second_peak_spread: 0.142857134342
    second_peak_weight: 0.333333343267
    beats_position: [0.524066150188, 0.976780533791, 1.42949485779, 1.88220930099, 2.33492350578, 2.78763794899, 3.2403523922, 3.6930668354, 4.14578104019, 4.5984954834, 5.05120992661, 5.50392436981, 6.07303762436, 6.63214492798, 7.19125270844, 7.75036001205, 8.30946731567, 8.86857509613, 9.42768287659]
    bpm_estimates: [106.857269287, 108.410324097, 106.796051025, 107.207511902]
    bpm_intervals: [0.452714383602, 0.452714323997, 0.452714443207, 0.452714204788, 0.452714443207, 0.452714443207, 0.452714443207, 0.452714204788, 0.452714443207, 0.452714443207, 0.452714443207, 0.569113254547, 0.559107303619, 0.559107780457, 0.559107303619, 0.559107303619, 0.559107780457, 0.559107780457]
    onset_times: [0.31346938014, 0.708208620548, 1.16099774837, 1.55573701859, 2.08979582787, 2.24072551727, 3.28562355042, 3.85451245308, 4.06349229813, 4.19120168686, 4.46984148026, 4.81814050674, 5.02712011337, 5.36380958557, 5.60761928558, 5.71210861206, 5.89786863327, 6.07201814651, 6.17650794983, 6.42031764984, 6.72217702866, 6.93115663528, 7.00081634521, 7.11691617966, 7.22140598297, 7.2910656929, 7.50004529953, 7.55809545517, 7.79029464722, 8.06893444061, 8.4172334671, 8.6958732605, 8.84680271149, 8.893242836, 9.06739234924, 9.5666217804, 9.77560043335, 9.91492080688]
    rubato_start: [6.07303762436]
    rubato_stop: [6.63214492798]
    perceptual_tempo: "unknown"

sfx:
    inharmonicity:
        dmean: 0.0559891834855
        dmean2: 0.100335642695
        dvar: 0.00435002567247
        dvar2: 0.0123788760975
        max: 0.414227902889
        mean: 0.0520833916962
        min: 0
        var: 0.00436305208132
    oddtoevenharmonicenergyratio:
        dmean: 120.334915161
        dmean2: 238.025741577
        dvar: 1078263.5
        dvar2: 3274385.5
        max: 14309.1474609
        mean: 62.8956031799
        min: 0
        var: 545733.5625
    pitch_after_max_to_before_max_energy_ratio: 5.61627435684
    pitch_centroid: 181.171936035
    pitch_max_to_total: 0.126829266548
    pitch_min_to_total: 0.251219511032
    tristimulus:
        dmean: [0.230450317264, 0.3167976439, 0.120069406927]
        dmean2: [0.414724767208, 0.569572627544, 0.209167405963]
        dvar: [0.0540057457983, 0.0718216225505, 0.0193321891129]
        dvar2: [0.15100902319, 0.199422702193, 0.0519536882639]
        max: [1, 0.998640060425, 0.734108030796]
        mean: [0.269340753555, 0.506709158421, 0.117797151208]
        min: [0.000453089334769, 0, 0]
        var: [0.0621632151306, 0.09153470397, 0.0225046183914]

tonal:
    chords_changes_rate: 0.0660377368331
    chords_number_rate: 0.0235849060118
    chords_strength:
        dmean: 0.01753911376
        dmean2: 0.0221710279584
        dvar: 0.000207836070331
        dvar2: 0.000263089750661
        max: 0.72313696146
        mean: 0.503355681896
        min: 0.224000886083
        var: 0.0164383556694
    key_strength: 0.646740555763
    tuning_diatonic_strength: 0.488763809204
    tuning_equal_tempered_deviation: 0.241234481335
    tuning_frequency: 452.108886719
    tuning_nontempered_energy_ratio: 0.91863578558
    hpcp:
        dmean: [0.152190208435, 0.155614897609, 0.173357412219, 0.164440661669, 0.170685663819, 0.171962767839, 0.176093459129, 0.190693631768, 0.176490113139, 0.178120911121, 0.166599929333, 0.166894078255, 0.180131688714, 0.187372654676, 0.177293792367, 0.154471263289, 0.152118325233, 0.190500721335, 0.166174992919, 0.140681087971, 0.118216447532, 0.10605995357, 0.10903134197, 0.100854411721, 0.0839921608567, 0.105002894998, 0.13270868361, 0.162273168564, 0.159034147859, 0.165146708488, 0.16098845005, 0.164968803525, 0.184587538242, 0.16990570724, 0.149287760258, 0.145554825664]
        dmean2: [0.252285689116, 0.257280170918, 0.29253128171, 0.284591645002, 0.308951616287, 0.305248469114, 0.302298754454, 0.346871227026, 0.320243120193, 0.309818863869, 0.279876738787, 0.278590112925, 0.302216351032, 0.314575850964, 0.294506967068, 0.259779602289, 0.264527440071, 0.339494943619, 0.303919792175, 0.249564900994, 0.208253756166, 0.179801091552, 0.196064651012, 0.182580918074, 0.140152528882, 0.177374556661, 0.216519758105, 0.274907946587, 0.281664311886, 0.275813668966, 0.261037766933, 0.255719959736, 0.308093547821, 0.285544544458, 0.241690769792, 0.234809160233]
        dvar: [0.0364421233535, 0.0367756485939, 0.0566706098616, 0.0533689782023, 0.0552923604846, 0.0532211475074, 0.0481730289757, 0.0636393353343, 0.0593526698649, 0.0592595264316, 0.0570863857865, 0.0483549684286, 0.0546459332108, 0.0575289875269, 0.0455259755254, 0.0409031547606, 0.0404214262962, 0.0599282495677, 0.0554557815194, 0.0460210554302, 0.0361644253135, 0.0308912247419, 0.0360516421497, 0.0220960024744, 0.0217854809016, 0.0303423032165, 0.0321048051119, 0.0434292182326, 0.0440035536885, 0.0366302765906, 0.034067183733, 0.0379339493811, 0.0525957494974, 0.0461803562939, 0.0372233837843, 0.0328049808741]
        dvar2: [0.0964988321066, 0.0930939093232, 0.132411524653, 0.119405470788, 0.141069144011, 0.129101827741, 0.1137881428, 0.169186070561, 0.144220322371, 0.147913739085, 0.146152704954, 0.118358522654, 0.12636205554, 0.135971397161, 0.0986680313945, 0.101926594973, 0.0974874645472, 0.17470933497, 0.150368899107, 0.128494158387, 0.102466225624, 0.0829156115651, 0.103773899376, 0.0629492476583, 0.0566747076809, 0.072547249496, 0.0803169161081, 0.110682584345, 0.105128802359, 0.0928127914667, 0.0701431557536, 0.0780816152692, 0.12105140835, 0.120993122458, 0.0946778133512, 0.0728560760617]
        max: [1, 1, 1, 1, 1, 1, 1, 1, 1, 1, 1, 1, 1, 1, 1, 1, 1, 1, 1, 1, 1, 1, 1, 0.703931748867, 1, 1, 1, 1, 1, 1, 1, 1, 1, 1, 1, 1]
        mean: [0.163525179029, 0.176200076938, 0.18865673244, 0.175238028169, 0.163871616125, 0.173575222492, 0.177865102887, 0.177317947149, 0.184745520353, 0.184193581343, 0.179179444909, 0.193777799606, 0.224610939622, 0.289134144783, 0.336329758167, 0.265302270651, 0.196825131774, 0.195381075144, 0.166631609201, 0.124486669898, 0.105401225388, 0.0975826606154, 0.096148841083, 0.0896875336766, 0.0910561308265, 0.118718713522, 0.161570757627, 0.192623496056, 0.195600569248, 0.193149134517, 0.19464482367, 0.207875221968, 0.213985264301, 0.201823145151, 0.18610329926, 0.170685142279]
        min: [0.000891099974979, 0.000283201865386, 0.000176094748895, 0.000160249313922, 0.000684655678924, 0.000287355680484, 0.000290546740871, 0.000200904687517, 0.000221683498239, 0.000171257677721, 0.000202320326935, 0.000337914912961, 0.000532087520696, 0.00069480453385, 0.00019986985717, 0.000109960747068, 0.000265884998953, 0.000243608301389, 9.83617792372e-05, 0.000110722299723, 0.000126082522911, 0.0002290076809, 0.000469417107524, 0.000522223534063, 0.000475656182971, 0.000440481671831, 0.000408734951634, 0.000351719587343, 0.000698075164109, 0.000452176493127, 0.00194410525728, 0.00325960014015, 0.00111147155985, 0.00344922346994, 0.00122590933461, 0.00117063871585]
        var: [0.0404932238162, 0.048658374697, 0.0674386546016, 0.0717625468969, 0.0599822402, 0.0623243041337, 0.0617284364998, 0.0564743429422, 0.0650507360697, 0.0626837387681, 0.0571797937155, 0.0658558830619, 0.0836474969983, 0.0999506488442, 0.131808131933, 0.0922339484096, 0.0527557805181, 0.0613689012825, 0.0533310249448, 0.0365514047444, 0.0281745586544, 0.0277043674141, 0.0283351708204, 0.0183692965657, 0.0209925267845, 0.0341176055372, 0.0468066222966, 0.0615356490016, 0.0598836988211, 0.056969743222, 0.0563715100288, 0.062318187207, 0.06847358495, 0.0565587393939, 0.0504450835288, 0.0476974658668]
    chords_histogram: [33.4905662537, 0, 0, 0.471698105335, 26.4150943756, 0, 0, 17.452829361, 0, 0, 0.471698105335, 1.41509437561, 0, 0, 0.471698105335, 0, 0, 0, 0, 0, 0, 19.8113212585, 0, 0]
    thpcp: [1, 0.788815915585, 0.585214734077, 0.580921173096, 0.495441168547, 0.370132774115, 0.313386559486, 0.290139824152, 0.285876691341, 0.266665458679, 0.27073469758, 0.352983087301, 0.480393886566, 0.572722136974, 0.581573784351, 0.57428497076, 0.578732073307, 0.618069648743, 0.636236488819, 0.600075185299, 0.553335785866, 0.507493436337, 0.486204922199, 0.523890852928, 0.560927867889, 0.521030426025, 0.487234950066, 0.516086399555, 0.528841435909, 0.527214586735, 0.549298763275, 0.547657728195, 0.532749295235, 0.576154172421, 0.66782951355, 0.859674572945]
    chords_key: "F#"
    chords_scale: "minor"
    key_key: "F#"
    key_scale: "minor"
    chords_progression: ["G#m", "G#m", "G#m", "G#m", "G#m", "G#m", "G#m", "G#m", "G#m", "G#m", "G#m", "G#m", "G#m", "G#m", "G#m", "G#m", "G#m", "G#m", "G#m", "G#m", "G#m", "G#m", "G#m", "G#m", "G#m", "G#m", "G#m", "G#m", "G#m", "G#m", "G#m", "G#m", "G#m", "G#m", "G#m", "G#m", "G#m", "G#m", "G#m", "G#m", "G#m", "G#m", "G#m", "G#m", "G#m", "G#m", "G#m", "F#m", "G#m", "F#m", "F#m", "F#m", "F#m", "F#m", "F#m", "F#m", "F#m", "F#m", "G#m", "G#m", "G#m", "G#m", "E", "G#m", "G#m", "G#m", "G#m", "Fm", "G#", "G#", "G#", "G", "G", "Gm", "G", "G", "G", "G", "G", "G", "G", "G", "G", "G", "G", "G", "G", "G", "G", "G", "G", "G", "G", "G", "G", "G", "G", "G", "G", "G", "G", "G", "G", "G", "G", "G", "G", "G", "G", "G", "G", "G", "G", "G", "F#", "F#", "F#", "F#", "F#", "F#", "F#", "F#", "F#", "F#", "F#", "F#", "F#", "F#", "F#", "F#", "F#", "F#", "F#", "F#", "F#", "F#", "F#", "F#", "F#", "F#", "F#", "F#", "F#", "F#", "F#", "F#", "F#", "F#", "F#", "F#", "F#m", "F#m", "F#m", "F#m", "F#m", "F#m", "F#m", "F#m", "F#m", "F#m", "F#m", "F#m", "F#m", "F#m", "F#m", "F#m", "F#m", "F#m", "F#m", "F#m", "F#m", "F#m", "F#m", "F#m", "F#m", "F#m", "F#m", "F#m", "F#m", "F#m", "F#m", "F#m", "F#m", "F#m", "F#m", "F#m", "F#m", "F#m", "F#m", "F#m", "F#m", "F#m", "F#m", "F#m", "F#m", "F#m", "F#m", "F#m", "F#m", "F#m", "F#m", "F#m", "F#m", "F#m", "F#m", "F#m", "F#m", "F#m", "F#m", "F#m", "F#m", "F#"]
