
metadata:
    version:
        essentia: "1.2.2"
    audio_properties:
        analysis_sample_rate: 44100
        bitrate: 128
        channels: 2
        equal_loudness: 1
        length: 10.1093873978
        replay_gain: -1.78087997437
        downmix: "mix"
    tags:
        track: 42
        year: 0
        album: "Splitted by Mp3Splt v. 2.1"
        artist: "From 006.50 To 007.00"
        comment: "http://mp3splt.sf.net"
        genre: ""
        title: "03 Leterel.mp3"

highlevel:
    ballroom:
        all:
            ChaChaCha: 0.0678722783923
            Jive: 0.748254954815
            Quickstep: 0.00649438425899
            Rumba-American: 0.00625367555767
            Rumba-International: 0.0197025146335
            Rumba-Misc: 0.0489511340857
            Samba: 0.095022328198
            Tango: 0.00176387757529
            VienneseWaltz: 0.00234482390806
            Waltz: 0.00334004382603
        probability: 0.748254954815
        value: "Jive"
    culture:
        all:
            non_western: 0.0140997488052
            western: 0.985900223255
        probability: 0.985900223255
        value: "western"
    gender:
        all:
            female: 0.728037774563
            male: 0.271962225437
        probability: 0.728037774563
        value: "female"
    genre_dortmund:
        all:
            alternative: 0.232366099954
            blues: 0.00129051320255
            electronic: 0.263079255819
            folkcountry: 0.0439969152212
            funksoulrnb: 0.036405403167
            jazz: 0.0320901349187
            pop: 0.0941741764545
            raphiphop: 0.00209271837957
            rock: 0.294504791498
        probability: 0.294504791498
        value: "rock"
    genre_electronica:
        all:
            ambient: 0.246267437935
            dnb: 0.131663247943
            house: 0.134879007936
            techno: 0.0220384187996
            trance: 0.465151906013
        probability: 0.465151906013
        value: "trance"
    genre_rosamerica:
        all:
            cla: 0.0179143901914
            dan: 0.183639571071
            hip: 0.00708956783637
            jaz: 0.0172133222222
            pop: 0.266928493977
            rhy: 0.0563117451966
            roc: 0.445360451937
            spe: 0.00554246408865
        probability: 0.445360451937
        value: "roc"
    genre_tzanetakis:
        all:
            blu: 0.0523355305195
            cla: 0.051922108978
            cou: 0.0366450697184
            dis: 0.167642071843
            hip: 0.0138893751428
            jaz: 0.0499981343746
            met: 0.0344419367611
            pop: 0.239386945963
            reg: 0.0486947521567
            roc: 0.305044054985
        probability: 0.305044054985
        value: "roc"
    live_studio:
        all:
            live: 0.929850697517
            studio: 0.0701492875814
        probability: 0.929850697517
        value: "live"
    mood:
        all:
            Cluster1: 0.064251922071
            Cluster2: 0.0433739796281
            Cluster3: 0.83564466238
            Cluster4: 0.0324850529432
            Cluster5: 0.0242443606257
        probability: 0.83564466238
        value: "Cluster3"
    mood_acoustic:
        all:
            acoustic: 0.119476161897
            not_acoustic: 0.880523860455
        probability: 0.880523860455
        value: "not_acoustic"
    mood_aggressive:
        all:
            aggressive: 0.0313159450889
            not_aggressive: 0.968684077263
        probability: 0.968684077263
        value: "not_aggressive"
    mood_electronic:
        all:
            electronic: 0.749180972576
            not_electronic: 0.250819057226
        probability: 0.749180972576
        value: "electronic"
    mood_happy:
        all:
            happy: 0.531526863575
            not_happy: 0.468473166227
        probability: 0.531526863575
        value: "happy"
    mood_party:
        all:
            not_party: 0.446523606777
            party: 0.553476393223
        probability: 0.553476393223
        value: "party"
    mood_relaxed:
        all:
            not_relaxed: 0.614839017391
            relaxed: 0.385160982609
        probability: 0.614839017391
        value: "not_relaxed"
    mood_sad:
        all:
            not_sad: 0.849587082863
            sad: 0.150412946939
        probability: 0.849587082863
        value: "not_sad"
    rhythm:
        all:
            fast: 0.250430136919
            medium: 0.701540350914
            slow: 0.0480295233428
        probability: 0.701540350914
        value: "medium"
    speech_music:
        all:
            music: 0.999999880791
            speech: 1.00000008274e-07
        probability: 0.999999880791
        value: "music"
    timbre:
        all:
            bright: 0.259663999081
            dark: 0.740336000919
        probability: 0.740336000919
        value: "dark"
    voice_instrumental:
        all:
            instrumental: 0.737669289112
            voice: 0.262330681086
        probability: 0.737669289112
        value: "instrumental"

lowlevel:
    average_loudness: 0.976362228394
    barkbands_kurtosis:
        dmean: 0.601731419563
        dmean2: 0.921164393425
        dvar: 0.97493994236
        dvar2: 2.35980033875
        max: 12.8029260635
        mean: 0.0267593488097
        min: -1.90329039097
        var: 3.97502923012
    barkbands_skewness:
        dmean: 0.248135015368
        dmean2: 0.358279258013
        dvar: 0.11502571404
        dvar2: 0.231006205082
        max: 2.78271722794
        mean: 0.578142464161
        min: -2.63424921036
        var: 0.856178402901
    barkbands_spread:
        dmean: 4.00989484787
        dmean2: 5.82964897156
        dvar: 27.3448104858
        dvar2: 51.6606140137
        max: 74.0548934937
        mean: 39.2695159912
        min: 3.50924277306
        var: 287.187835693
    dissonance:
        dmean: 0.0189370214939
        dmean2: 0.0320240296423
        dvar: 0.000356228207238
        dvar2: 0.000861518958118
        max: 0.500000059605
        mean: 0.465645611286
        min: 0.256369054317
        var: 0.000595927296672
    hfc:
        dmean: 1.24022316933
        dmean2: 1.8770724535
        dvar: 2.94760751724
        dvar2: 6.38780593872
        max: 30.2132663727
        mean: 9.16072750092
        min: 0.000704662001226
        var: 17.6296348572
    pitch:
        dmean: 392.25177002
        dmean2: 752.910766602
        dvar: 1099883.75
        dvar2: 2710364.25
        max: 6300
        mean: 1052.36474609
        min: 58.6436157227
        var: 2893126.75
    pitch_instantaneous_confidence:
        dmean: 0.0553729124367
        dmean2: 0.0925788208842
        dvar: 0.00262115849182
        dvar2: 0.00657560117543
        max: 0.681379556656
        mean: 0.360392451286
        min: 0.144258916378
        var: 0.0105187725276
    pitch_salience:
        dmean: 0.0442694053054
        dmean2: 0.0716105401516
        dvar: 0.00165415147785
        dvar2: 0.00413629971445
        max: 0.800800085068
        mean: 0.585560083389
        min: 0.378263503313
        var: 0.00715482933447
    silence_rate_20dB:
        dmean: 0
        dmean2: 0
        dvar: 0
        dvar2: 0
        max: 1
        mean: 1
        min: 1
        var: 0
    silence_rate_30dB:
        dmean: 0
        dmean2: 0
        dvar: 0
        dvar2: 0
        max: 1
        mean: 1
        min: 1
        var: 0
    silence_rate_60dB:
        dmean: 0.0731707289815
        dmean2: 0.146699264646
        dvar: 0.0678167492151
        dvar2: 0.139849126339
        max: 1
        mean: 0.282238453627
        min: 0
        var: 0.202580049634
    spectral_centroid:
        dmean: 231.550460815
        dmean2: 314.318725586
        dvar: 144247.796875
        dvar2: 220277.84375
        max: 4734.78271484
        mean: 1929.52270508
        min: 431.245849609
        var: 937625.75
    spectral_complexity:
        dmean: 2.34816765785
        dmean2: 3.86089229584
        dvar: 6.79240179062
        dvar2: 13.2641086578
        max: 39
        mean: 10.5509138107
        min: 0
        var: 43.0985946655
    spectral_crest:
        dmean: 1.67485272884
        dmean2: 2.61858344078
        dvar: 2.17045688629
        dvar2: 5.76186800003
        max: 17.3993358612
        mean: 9.58310222626
        min: 3.49831199646
        var: 7.74393177032
    spectral_decrease:
        dmean: 2.0826397551e-10
        dmean2: 2.98413044275e-10
        dvar: 9.68271194049e-20
        dvar2: 1.89676986404e-19
        max: -5.64988966798e-14
        mean: -1.21351362292e-09
        min: -3.46431239251e-09
        var: 3.88817591099e-19
    spectral_energy:
        dmean: 0.000872311415151
        dmean2: 0.00126013671979
        dvar: 1.67722248534e-06
        dvar2: 3.31189585268e-06
        max: 0.0158155485988
        mean: 0.00541098741814
        min: 2.7715711326e-07
        var: 6.70317376716e-06
    spectral_energyband_high:
        dmean: 0.000112674104457
        dmean2: 0.000165215780726
        dvar: 2.66913389169e-08
        dvar2: 4.73605368256e-08
        max: 0.00231229537167
        mean: 0.000930381589569
        min: 7.08386309611e-08
        var: 3.53041400558e-07
    spectral_energyband_low:
        dmean: 7.10238600732e-06
        dmean2: 1.27518860609e-05
        dvar: 1.75068445851e-10
        dvar2: 4.93490082132e-10
        max: 0.00014646211639
        mean: 9.38528501138e-06
        min: 1.08420881162e-08
        var: 1.72615741145e-10
    spectral_energyband_middle_high:
        dmean: 0.000422566459747
        dmean2: 0.000651071371976
        dvar: 4.52045725297e-07
        dvar2: 1.07201537958e-06
        max: 0.0109379300848
        mean: 0.00142038869672
        min: 1.07567124985e-07
        var: 1.77986385097e-06
    spectral_energyband_middle_low:
        dmean: 0.000562747649383
        dmean2: 0.000776171858888
        dvar: 6.9264206104e-07
        dvar2: 1.37084600738e-06
        max: 0.00938261672854
        mean: 0.00305083370768
        min: 4.1857770583e-08
        var: 3.24362895299e-06
    spectral_flatness_db:
        dmean: 0.0127713894472
        dmean2: 0.0196400191635
        dvar: 0.000219863664825
        dvar2: 0.000467916863272
        max: 0.321102827787
        mean: 0.172632962465
        min: 0.0522038787603
        var: 0.00145060475916
    spectral_flux:
        dmean: 0.0061322026886
        dmean2: 0.0100386645645
        dvar: 6.23445012025e-05
        dvar2: 0.000137148614158
        max: 0.0787544101477
        mean: 0.0318069308996
        min: 0.00492422329262
        var: 0.000131766340928
    spectral_kurtosis:
        dmean: 1.72840607166
        dmean2: 3.05674481392
        dvar: 28.1428184509
        dvar2: 83.7093811035
        max: 55.7211227417
        mean: 2.48180222511
        min: -1.34317886829
        var: 60.3123626709
    spectral_rms:
        dmean: 0.000209223886486
        dmean2: 0.000286870374111
        dvar: 1.04986668248e-07
        dvar2: 1.79054651994e-07
        max: 0.00392807880417
        mean: 0.00220594136044
        min: 1.64437587955e-05
        var: 4.12832321217e-07
    spectral_rolloff:
        dmean: 535.905700684
        dmean2: 879.412902832
        dvar: 774147.375
        dvar2: 1592657.75
        max: 9216.2109375
        mean: 4204.03710938
        min: 495.263671875
        var: 3789827.75
    spectral_skewness:
        dmean: 0.212546229362
        dmean2: 0.330577015877
        dvar: 0.150744348764
        dvar2: 0.393466353416
        max: 4.01297140121
        mean: 0.983776450157
        min: -0.283459961414
        var: 0.64211255312
    spectral_spread:
        dmean: 544801.8125
        dmean2: 702595.3125
        dvar: 835667755008
        dvar2: 1.10640863642e+12
        max: 18875962
        mean: 7776506
        min: 899916.6875
        var: 1.04399833661e+13
    spectral_strongpeak:
        dmean: 0.313228338957
        dmean2: 0.559448361397
        dvar: 0.628956496716
        dvar2: 1.30348229408
        max: 6.29473209381
        mean: 0.557015061378
        min: 0.000295398756862
        var: 1.31101214886
    zerocrossingrate:
        dmean: 0.0110962549224
        dmean2: 0.0116085344926
        dvar: 0.000198768844712
        dvar2: 0.000185175886145
        max: 0.25537109375
        mean: 0.135589197278
        min: 0.0185546875
        var: 0.00265532801859
    barkbands:
        dmean: [1.25728956135e-08, 8.83552843334e-07, 6.61513558953e-06, 7.39492243156e-05, 0.0004667667381, 0.000133795911097, 3.03192446154e-05, 6.42030063318e-05, 0.000127662235172, 9.68217063928e-05, 9.38643934205e-05, 8.93482210813e-05, 8.81064697751e-05, 8.22485962999e-05, 6.4774772909e-05, 6.77318093949e-05, 9.11600072868e-05, 3.15245051752e-05, 2.11517708522e-05, 1.68705246324e-05, 5.50451622985e-05, 7.69069883972e-05, 2.55005670624e-05, 1.72007457877e-05, 9.02847204998e-06, 4.78120796288e-07, 2.80093481742e-09]
        dmean2: [2.16291429211e-08, 1.54568988364e-06, 1.18887774079e-05, 0.000109815133328, 0.00068027083762, 0.000191246494069, 4.89509293402e-05, 0.000103755708551, 0.000209851190448, 0.000143837562064, 0.000142418066389, 0.000144866120536, 0.000147771468619, 0.000139257652336, 0.00010586521239, 0.000113392110507, 0.000170078477822, 4.58563044958e-05, 3.55440570274e-05, 3.06703768729e-05, 8.55686885188e-05, 0.000115594084491, 3.8374801079e-05, 2.57821138803e-05, 1.28009760374e-05, 7.44150270293e-07, 5.01391461682e-09]
        dvar: [7.2586006665e-16, 4.88779980032e-12, 1.31984492779e-10, 9.65810098563e-09, 2.95812611739e-07, 5.1303157278e-08, 2.59601806718e-09, 5.74421088473e-09, 2.7907546496e-08, 1.48552317114e-08, 1.86434245819e-08, 1.48855132664e-08, 1.54171093669e-08, 1.41634517448e-08, 1.05622692814e-08, 2.72054361261e-08, 8.7472315613e-08, 4.62551819069e-09, 1.30838773149e-09, 4.07903599786e-10, 1.7928286411e-08, 1.01147978881e-08, 1.28777799535e-09, 4.75602501826e-10, 3.9836292598e-10, 2.71749875207e-12, 1.4582635687e-16]
        dvar2: [1.91842861685e-15, 1.41918820445e-11, 3.68910957338e-10, 2.26403518155e-08, 7.02660713614e-07, 9.43471718529e-08, 5.97045923811e-09, 1.4559470074e-08, 8.24893291451e-08, 3.20272270926e-08, 3.96350934295e-08, 3.75442432698e-08, 3.90491727842e-08, 3.78149032088e-08, 2.65238355723e-08, 7.51454152237e-08, 2.76171363112e-07, 9.61239621233e-09, 3.450022934e-09, 1.37381983567e-09, 4.46261800846e-08, 2.02608081423e-08, 2.30613772523e-09, 8.00117194721e-10, 7.05667690948e-10, 6.14315716352e-12, 4.21547519071e-16]
        max: [2.74011114243e-07, 2.71013122983e-05, 0.000119206117233, 0.0012284826953, 0.00448978692293, 0.00288287666626, 0.000557295337785, 0.00068798015127, 0.00126891292166, 0.00102873332798, 0.00121589493938, 0.000849169038702, 0.000945868203416, 0.0013782500755, 0.00138757983223, 0.00206006551161, 0.00331252883188, 0.00135375082027, 0.000830905220937, 0.000290283176582, 0.00173280201852, 0.00137791631278, 0.000361995596904, 0.000314341828926, 0.000205728327273, 1.36081562232e-05, 1.20144107996e-07]
        mean: [1.30142741028e-08, 1.02355829767e-06, 8.35034734337e-06, 0.000283443368971, 0.0017655499978, 0.000542066642083, 4.38018287241e-05, 0.000142613687785, 0.000245236849878, 0.000207646051422, 0.000148406936205, 0.000175962748472, 0.000178191767191, 0.00015902153973, 0.000132924775244, 0.000131143722683, 0.000123201432871, 8.23042864795e-05, 7.41895273677e-05, 5.80638297834e-05, 0.000210177808185, 0.000450312014436, 0.000122468409245, 9.04077023733e-05, 3.38950922014e-05, 5.71720477183e-07, 2.31221619629e-09]
        min: [3.98046456906e-11, 1.64066782382e-09, 7.49269091216e-09, 1.13958869008e-08, 7.88469112223e-09, 1.37229676511e-08, 1.03433750454e-09, 3.25895044284e-09, 3.36128502809e-09, 6.45297548729e-09, 2.03081240713e-09, 2.79520961932e-09, 3.18355608542e-09, 2.64188693144e-09, 3.58321927685e-09, 4.06909261841e-09, 7.5148358647e-09, 2.02753902556e-08, 3.25773719112e-08, 3.59095473357e-08, 3.20537907328e-08, 6.82169032373e-09, 8.66888227868e-10, 1.94296273515e-10, 1.86088755516e-10, 2.69265447612e-12, 2.79694952095e-12]
        var: [6.42252144344e-16, 3.31534474353e-12, 1.43445103018e-10, 8.42352321229e-08, 1.18388277315e-06, 2.28075109021e-07, 3.38321171078e-09, 1.49690393414e-08, 6.29733207802e-08, 4.37407123854e-08, 3.5039434465e-08, 2.93198976209e-08, 3.27820757207e-08, 2.64952522144e-08, 2.8406285324e-08, 5.89081281532e-08, 9.56194696755e-08, 2.42486599689e-08, 1.10660058894e-08, 1.65367475269e-09, 1.56472609092e-07, 1.25842746002e-07, 9.56509005334e-09, 4.27985158424e-09, 3.30305849339e-09, 4.51845331984e-12, 1.17847376314e-16]
    mfcc:
        mean: [-702.994262695, 76.2981872559, -26.3081455231, 4.79139566422, -23.9623069763, 4.14026403427, -20.0703487396, -9.16635322571, -21.6391086578, -20.2576446533, -22.2894687653, -23.1562271118, -27.3613739014]
        cov: [[4697.82568359, -891.133911133, 1945.70141602, -1011.44403076, -470.056213379, 262.587585449, -649.963317871, -155.5, -306.753265381, -202.081008911, -213.900588989, -157.789382935, -428.538665771], [-891.133911133, 1693.5567627, -1355.77490234, 244.556304932, 166.061843872, -147.914886475, 249.734512329, -49.6456832886, 108.744621277, 90.4642105103, 91.4115371704, 77.9991531372, 242.083648682], [1945.70141602, -1355.77490234, 2588.26171875, -526.63482666, -335.907104492, 161.79624939, -319.303161621, -180.773803711, -134.538909912, -212.0262146, -56.7212104797, -97.8504180908, -267.210845947], [-1011.44403076, 244.556304932, -526.63482666, 419.82321167, 27.5740242004, 16.8559799194, 121.275909424, 91.7082901001, 67.8530197144, 90.9016723633, 34.076374054, 111.971565247, 57.7761573792], [-470.056213379, 166.061843872, -335.907104492, 27.5740242004, 262.1534729, -159.624816895, 149.798309326, -4.36795520782, 52.0707740784, 28.9525146484, 43.5548858643, 0.6212220788, 123.687225342], [262.587585449, -147.914886475, 161.79624939, 16.8559799194, -159.624816895, 192.106918335, -126.555290222, 62.2115287781, -40.9260635376, 28.5026378632, -26.904876709, 39.1390380859, -85.6020202637], [-649.963317871, 249.734512329, -319.303161621, 121.275909424, 149.798309326, -126.555290222, 189.933303833, -23.4369277954, 82.1992416382, 14.7691392899, 53.3697319031, 7.96169996262, 103.992935181], [-155.5, -49.6456832886, -180.773803711, 91.7082901001, -4.36795520782, 62.2115287781, -23.4369277954, 135.283111572, -22.9073925018, 70.785118103, -17.7753868103, 53.6135101318, -10.5016059875], [-306.753265381, 108.744621277, -134.538909912, 67.8530197144, 52.0707740784, -40.9260635376, 82.1992416382, -22.9073925018, 77.7382736206, -8.59922981262, 44.1432189941, -6.42944383621, 51.515209198], [-202.081008911, 90.4642105103, -212.0262146, 90.9016723633, 28.9525146484, 28.5026378632, 14.7691392899, 70.785118103, -8.59922981262, 105.113945007, -20.8870391846, 86.0181884766, -4.15963220596], [-213.900588989, 91.4115371704, -56.7212104797, 34.076374054, 43.5548858643, -26.904876709, 53.3697319031, -17.7753868103, 44.1432189941, -20.8870391846, 73.4901809692, -24.6501598358, 69.1623382568], [-157.789382935, 77.9991531372, -97.8504180908, 111.971565247, 0.6212220788, 39.1390380859, 7.96169996262, 53.6135101318, -6.42944383621, 86.0181884766, -24.6501598358, 123.798057556, -22.9611053467], [-428.538665771, 242.083648682, -267.210845947, 57.7761573792, 123.687225342, -85.6020202637, 103.992935181, -10.5016059875, 51.515209198, -4.15963220596, 69.1623382568, -22.9611053467, 144.639175415]]
        icov: [[0.000834053033032, -0.000302677624859, -0.000226683769142, 0.00134851469193, -9.02752071852e-06, 0.00033083037124, 0.00176518468652, -0.000237197440583, -0.000253434234764, 0.000368317909306, 1.17257350212e-05, -0.000345836684573, 0.000977795920335], [-0.000302677624859, 0.0019723274745, 0.00118685513735, 0.000522758520674, 0.002202286385, 0.000184464282938, -0.00171209685504, 0.00238557090051, 0.000938370765653, -0.000621972081717, -0.000908705871552, -0.00238994299434, -0.00288096675649], [-0.000226683769142, 0.00118685513735, 0.00153518281877, 0.0010113758035, 0.001520389691, -0.000114488029794, -0.00111205596477, 0.00177749234717, 0.00119108962826, 0.00125069729984, -0.00180803029798, -0.00268913106993, -0.000615823373664], [0.00134851469193, 0.000522758520674, 0.0010113758035, 0.00971341133118, 0.00465819286183, 0.000142147866427, -0.00253584212624, -0.00266809039749, -0.0021484834142, 0.00205863919109, -0.00208202120848, -0.00739857321605, -0.000515442807227], [-9.02752071852e-06, 0.002202286385, 0.001520389691, 0.00465819286183, 0.0172411706299, 0.0091293361038, -0.00492234854028, -0.0010147432331, -0.000613790703937, -0.0057925907895, -0.00246682506986, -0.0046360315755, -0.00814424268901], [0.00033083037124, 0.000184464282938, -0.000114488029794, 0.000142147866427, 0.0091293361038, 0.0215464010835, 0.0109704853967, -0.00494762277231, -0.00502694444731, -0.00639522634447, -0.00747995590791, -0.00228466070257, 0.00192181812599], [0.00176518468652, -0.00171209685504, -0.00111205596477, -0.00253584212624, -0.00492234854028, 0.0109704853967, 0.0302870441228, 0.00089256814681, -0.0136873051524, -0.00363373965956, -0.00124954956118, 0.000816415122245, 0.00154244026635], [-0.000237197440583, 0.00238557090051, 0.00177749234717, -0.00266809039749, -0.0010147432331, -0.00494762277231, 0.00089256814681, 0.019371420145, 0.00577431032434, -0.00826508644968, -0.000470488215797, 0.000408200809034, -0.00364614860155], [-0.000253434234764, 0.000938370765653, 0.00119108962826, -0.0021484834142, -0.000613790703937, -0.00502694444731, -0.0136873051524, 0.00577431032434, 0.0341105535626, 0.00382237811573, -0.0116621749476, -0.000904091750272, 0.00194116355851], [0.000368317909306, -0.000621972081717, 0.00125069729984, 0.00205863919109, -0.0057925907895, -0.00639522634447, -0.00363373965956, -0.00826508644968, 0.00382237811573, 0.0376706533134, 0.00422435346991, -0.0190073587, 0.00148623925634], [1.17257350212e-05, -0.000908705871552, -0.00180803029798, -0.00208202120848, -0.00246682506986, -0.00747995590791, -0.00124954956118, -0.000470488215797, -0.0116621749476, 0.00422435346991, 0.038581982255, 0.00491384835914, -0.0157996546477], [-0.000345836684573, -0.00238994299434, -0.00268913106993, -0.00739857321605, -0.0046360315755, -0.00228466070257, 0.000816415122245, 0.000408200809034, -0.000904091750272, -0.0190073587, 0.00491384835914, 0.0293087214231, 0.00509618362412], [0.000977795920335, -0.00288096675649, -0.000615823373664, -0.000515442807227, -0.00814424268901, 0.00192181812599, 0.00154244026635, -0.00364614860155, 0.00194116355851, 0.00148623925634, -0.0157996546477, 0.00509618362412, 0.0281443707645]]
    spectral_contrast:
        mean: [3.89822929492e-07, -4.95317692639e-07, -2.81390725831e-07, 9.4581523058e-08, -4.30548226404e-07, -3.18526900855e-07, -2.61190507445e-06, 1.5484757796e-06, 2.95346467283e-06, 1.47159664721e-06, 1.41370389883e-06, -1.89863360589e-08]
        var: [0.000304208340822, 0.000820351124275, 0.00106701592449, 0.00177109066863, 0.00240679876879, 0.00724636111408, 0.0493315644562, 0.0871477052569, 0.173057198524, 0.659202456474, 1.6303113699, 3.23764252663]

rhythm:
    beats_loudness:
        dmean: 0.00347197731026
        dmean2: 0.00629543419927
        dvar: 7.7061004049e-06
        dvar2: 2.29014112847e-05
        max: 0.0106081413105
        mean: 0.0049759936519
        min: 1.57563988523e-07
        var: 8.13636142993e-06
    beats_loudness_bass:
        dmean: 0.111742816865
        dmean2: 0.178920269012
        dvar: 0.0784976407886
        dvar2: 0.208370804787
        max: 0.908822536469
        mean: 0.0672285854816
        min: 0.000701810524333
        var: 0.040036700666
    bpm: 120.589775085
    bpm_confidence: 0
    first_peak_bpm: 112
    first_peak_spread: 0
    first_peak_weight: 0.555555582047
    onset_rate: 1.78052330017
    second_peak_bpm: 121
    second_peak_spread: 0
    second_peak_weight: 0.388888895512
    beats_position: [0.198948428035, 0.732307970524, 1.26566743851, 1.7990270853, 2.33238649368, 2.86574602127, 3.39910554886, 3.93246531487, 4.46582460403, 4.99918413162, 5.53254365921, 6.00306558609, 6.50064945221, 6.99823379517, 7.49581766129, 7.99340248108, 8.49098587036, 8.98857116699, 9.48615455627]
    bpm_estimates: [121.893356323, 120.113243103, 119.762718201]
    bpm_intervals: [0.533359527588, 0.533359467983, 0.533359646797, 0.533359408379, 0.533359527588, 0.533359527588, 0.533359766006, 0.533359289169, 0.533359527588, 0.533359527588, 0.47052192688, 0.497583866119, 0.497584342957, 0.497583866119, 0.497584819794, 0.497583389282, 0.497585296631, 0.497583389282]
    onset_times: [0.0348299331963, 0.383129239082, 1.01006805897, 1.18421769142, 1.6137868166, 2.24072551727, 3.55265307426, 4.20281171799, 4.48145103455, 6.25777769089, 7.40716552734, 7.66258525848, 8.16181373596, 8.893242836, 9.02095222473, 9.06739234924, 9.10222244263, 9.70594120026]
    rubato_start: []
    rubato_stop: []
    perceptual_tempo: "unknown"

sfx:
    inharmonicity:
        dmean: 0.0436959303916
        dmean2: 0.0793122798204
        dvar: 0.00549962092191
        dvar2: 0.0148175191134
        max: 0.432506561279
        mean: 0.0368458852172
        min: 0
        var: 0.0046456521377
    oddtoevenharmonicenergyratio:
        dmean: 5.43065643311
        dmean2: 10.637755394
        dvar: 402.337097168
        dvar2: 1183.22961426
        max: 196.391052246
        mean: 3.02448225021
        min: 0
        var: 215.66368103
    pitch_after_max_to_before_max_energy_ratio: 4.09274101257
    pitch_centroid: 255.919174194
    pitch_max_to_total: 0.527415156364
    pitch_min_to_total: 0.725848555565
    tristimulus:
        dmean: [0.211095437407, 0.242230474949, 0.0895007997751]
        dmean2: [0.371452003717, 0.429527014494, 0.158573582768]
        dvar: [0.0469599850476, 0.0609170421958, 0.0106942802668]
        dvar2: [0.120417527854, 0.179692387581, 0.0289728939533]
        max: [1, 0.987127423286, 0.569462418556]
        mean: [0.488121926785, 0.379857599735, 0.0877162963152]
        min: [0.00212274328806, 0, 0]
        var: [0.0731745138764, 0.0674560964108, 0.0110283894464]

tonal:
    chords_changes_rate: 0.0155440410599
    chords_number_rate: 0.0207253880799
    chords_strength:
        dmean: 0.00466359546408
        dmean2: 0.00375430798158
        dvar: 1.11422514237e-05
        dvar2: 8.93155811355e-06
        max: 0.656680285931
        mean: 0.579026997089
        min: 0.432612389326
        var: 0.00223745987751
    key_strength: 0.502792000771
    tuning_diatonic_strength: 0.384984523058
    tuning_equal_tempered_deviation: 0.0753421932459
    tuning_frequency: 442.03793335
    tuning_nontempered_energy_ratio: 0.645043849945
    hpcp:
        dmean: [0.0735197737813, 0.0431710071862, 0.0887370184064, 0.0951176062226, 0.109795533121, 0.0823733732104, 0.073635391891, 0.0857615172863, 0.0760739222169, 0.065626360476, 0.0708015263081, 0.0490968376398, 0.0489759556949, 0.0484644137323, 0.0891259610653, 0.0941826030612, 0.0629777535796, 0.0441869162023, 0.051100820303, 0.0517873726785, 0.0685410350561, 0.0786438956857, 0.0836696252227, 0.0806087255478, 0.0667105987668, 0.0629218816757, 0.0660986676812, 0.0771748796105, 0.0715496763587, 0.108457781374, 0.0970715209842, 0.0885314941406, 0.040790554136, 0.0351824015379, 0.0273614805192, 0.0568690150976]
        dmean2: [0.121639043093, 0.0720351412892, 0.1449431777, 0.14549715817, 0.189461633563, 0.141110882163, 0.118579983711, 0.146586731076, 0.1185041219, 0.0920016020536, 0.114695705473, 0.0829103514552, 0.0789985582232, 0.0743863135576, 0.133873462677, 0.131515353918, 0.0995034351945, 0.0724991485476, 0.0879561007023, 0.0923346951604, 0.114263281226, 0.123523451388, 0.141378968954, 0.134358212352, 0.114407487214, 0.108915731311, 0.114971801639, 0.131770431995, 0.12552459538, 0.190330043435, 0.155858322978, 0.154089286923, 0.0669267103076, 0.0574361681938, 0.0461633726954, 0.095683529973]
        dvar: [0.012167991139, 0.00294392858632, 0.0100163361058, 0.018064102158, 0.0189535170794, 0.0107172867283, 0.0157300885767, 0.0156275909394, 0.0132927643135, 0.0100861545652, 0.0127091854811, 0.00906265061349, 0.0100219193846, 0.00590102002025, 0.0092634735629, 0.0147025147453, 0.00361692742445, 0.00366062391549, 0.0102627845481, 0.0106807509437, 0.00973374396563, 0.0183120276779, 0.0184158291668, 0.0117045054212, 0.0102912560105, 0.00786824058741, 0.0120716616511, 0.0153657672927, 0.0103827873245, 0.0193261038512, 0.0136351920664, 0.00931201409549, 0.00396505370736, 0.0028924329672, 0.00175164232496, 0.00656728586182]
        dvar2: [0.0371298789978, 0.00804022978991, 0.0249204244465, 0.0397854931653, 0.0515125915408, 0.0283066872507, 0.0363951362669, 0.0472521558404, 0.028028069064, 0.0132449856028, 0.0340263657272, 0.0295992139727, 0.0314717628062, 0.0158959496766, 0.0176957119256, 0.0241483449936, 0.00965504348278, 0.0106238480657, 0.0342874117196, 0.0354134514928, 0.0225115269423, 0.0376692228019, 0.0545400306582, 0.0259396843612, 0.0251772608608, 0.0227933060378, 0.042506441474, 0.0521651394665, 0.029465124011, 0.0424930900335, 0.0319313891232, 0.0265691112727, 0.0118576865643, 0.00832888111472, 0.00607435638085, 0.0208024308085]
        max: [0.877045214176, 0.489573925734, 0.940456151962, 1, 1, 0.959775209427, 1, 0.959469497204, 1, 1, 1, 0.907754659653, 0.980476379395, 0.962441504002, 0.92371737957, 1, 0.61273932457, 0.675139844418, 1, 1, 0.813898205757, 1, 1, 1, 1, 0.734604477882, 0.963857710361, 0.974505364895, 0.681994318962, 1, 1, 0.785476624966, 0.730343163013, 0.638147294521, 0.384792149067, 0.668205618858]
        mean: [0.152995854616, 0.101136654615, 0.273811042309, 0.489332973957, 0.301972001791, 0.268965065479, 0.367928415537, 0.20202934742, 0.184545084834, 0.220760911703, 0.136415198445, 0.0905613005161, 0.0957417041063, 0.111507989466, 0.415274739265, 0.559791147709, 0.244962319732, 0.0930552780628, 0.106456175447, 0.11523912847, 0.168468758464, 0.210204154253, 0.173310175538, 0.28630232811, 0.348749279976, 0.179130986333, 0.132084205747, 0.142740264535, 0.129192024469, 0.448637783527, 0.586481034756, 0.257046401501, 0.103923939168, 0.0882130339742, 0.0583992153406, 0.116056710482]
        min: [0.0051523768343, 0.00654512830079, 0.0101384045556, 0.00855835247785, 0.00545391021296, 0.0132303619757, 0.0115376627073, 0.0140571640804, 0.014406543225, 0.0101623795927, 0.0078849894926, 0.00948012899607, 0.00972955301404, 0.00676432764158, 0.0285383984447, 0.0315861664712, 0.0126272728667, 0.0114695699885, 0.00980847887695, 0.00389721640386, 0.011981960386, 0.00899634324014, 0.00893729180098, 0.00482119293883, 0.00242518703453, 0.00113682379015, 0.0103424480185, 0.0115819899365, 0.00529890833423, 0.00415847776458, 0.0102907167748, 0.016876289621, 0.0123389875516, 0.0115866139531, 0.00694074854255, 0.00480589270592]
        var: [0.0176012702286, 0.00602199975401, 0.0375344492495, 0.134927675128, 0.0523805916309, 0.0720434859395, 0.160918876529, 0.0392859876156, 0.0614040568471, 0.0834647640586, 0.035488165915, 0.0195262823254, 0.0214954204857, 0.0220773275942, 0.0714103505015, 0.135748282075, 0.0220565721393, 0.00835134182125, 0.0246195197105, 0.0405815318227, 0.0303075965494, 0.0756115615368, 0.0314548164606, 0.0786714628339, 0.138950064778, 0.0281610041857, 0.0205618981272, 0.0232149623334, 0.0141058750451, 0.0844065323472, 0.129013285041, 0.0277236383408, 0.0159125160426, 0.012770886533, 0.00385430501774, 0.00885824114084]
    chords_histogram: [26.9430046082, 32.6424865723, 0, 0, 0, 0, 17.0984458923, 23.3160629272, 0, 0, 0, 0, 0, 0, 0, 0, 0, 0, 0, 0, 0, 0, 0, 0]
    thpcp: [1, 0.438285946846, 0.177199140191, 0.150410711765, 0.0995756238699, 0.197886556387, 0.260870933533, 0.172446593642, 0.466871082783, 0.834354281425, 0.514887928963, 0.458608299494, 0.627349197865, 0.344477206469, 0.314665049314, 0.376416116953, 0.232599511743, 0.154414713383, 0.163247734308, 0.190130591393, 0.708078742027, 0.954491496086, 0.417681574821, 0.158667162061, 0.181516826153, 0.196492508054, 0.287253558636, 0.358415931463, 0.295508563519, 0.488169789314, 0.594647169113, 0.305433541536, 0.225214794278, 0.243384286761, 0.22028337419, 0.76496553421]
    chords_key: "A#"
    chords_scale: "major"
    key_key: "G"
    key_scale: "minor"
    chords_progression: ["Em", "Em", "Em", "Em", "Em", "Em", "Em", "Em", "Em", "Em", "Em", "Em", "Em", "Em", "Em", "Em", "Em", "Em", "Em", "Em", "Em", "Em", "Em", "Em", "Em", "Em", "Em", "Em", "Em", "Em", "Em", "Em", "Em", "G", "G", "G", "G", "G", "G", "G", "G", "G", "G", "G", "G", "G", "G", "G", "G", "G", "G", "G", "G", "G", "G", "G", "G", "G", "G", "G", "G", "G", "G", "G", "G", "G", "G", "G", "G", "G", "G", "G", "G", "G", "G", "G", "G", "G", "Gm", "Gm", "Gm", "Gm", "Gm", "Gm", "Gm", "Gm", "Gm", "Gm", "Gm", "Gm", "Gm", "Gm", "Gm", "Gm", "Gm", "Gm", "Gm", "Gm", "Gm", "Gm", "Gm", "Gm", "Gm", "Gm", "Gm", "Gm", "Gm", "Gm", "Gm", "Gm", "Gm", "Gm", "Gm", "Gm", "Gm", "Gm", "Gm", "Gm", "Gm", "Gm", "Gm", "Gm", "Gm", "Gm", "Gm", "Gm", "Gm", "Gm", "Gm", "Gm", "A#", "A#", "A#", "A#", "A#", "A#", "A#", "A#", "A#", "A#", "A#", "A#", "A#", "A#", "A#", "A#", "A#", "A#", "A#", "A#", "A#", "A#", "A#", "A#", "A#", "A#", "A#", "A#", "A#", "A#", "A#", "A#", "A#", "A#", "A#", "A#", "A#", "A#", "A#", "A#", "A#", "A#", "A#", "A#", "A#", "A#", "A#", "A#", "A#", "A#", "A#", "A#", "A#", "A#", "A#", "A#", "A#", "A#", "A#", "A#", "A#", "A#", "A#"]
