
metadata:
    version:
        essentia: "1.2.2"
    audio_properties:
        analysis_sample_rate: 44100
        bitrate: 128
        channels: 2
        equal_loudness: 1
        length: 10.187754631
        replay_gain: -8.55253791809
        downmix: "mix"
    tags:
        track: 10
        year: 0
        album: "Splitted by Mp3Splt v. 2.1"
        artist: "From 001.30 To 001.40"
        comment: "http://mp3splt.sf.net"
        genre: ""
        title: "10 The Impossible Dream (The Q"

highlevel:
    ballroom:
        all:
            ChaChaCha: 0.201129436493
            Jive: 0.239866018295
            Quickstep: 0.211591988802
            Rumba-American: 0.00963590014726
            Rumba-International: 0.00831860024482
            Rumba-Misc: 0.00423120008782
            Samba: 0.0419714450836
            Tango: 0.149203851819
            VienneseWaltz: 0.072211265564
            Waltz: 0.061840288341
        probability: 0.239866018295
        value: "Jive"
    culture:
        all:
            non_western: 0.601451337337
            western: 0.39854863286
        probability: 0.601451337337
        value: "non_western"
    gender:
        all:
            female: 0.00890454184264
            male: 0.991095483303
        probability: 0.991095483303
        value: "male"
    genre_dortmund:
        all:
            alternative: 0.0782150998712
            blues: 0.209141209722
            electronic: 0.0284936148673
            folkcountry: 0.188801437616
            funksoulrnb: 0.215529128909
            jazz: 0.110325530171
            pop: 0.0303784701973
            raphiphop: 0.0633478537202
            rock: 0.0757676586509
        probability: 0.215529128909
        value: "funksoulrnb"
    genre_electronica:
        all:
            ambient: 0.903268516064
            dnb: 0.0464588738978
            house: 0.0271740704775
            techno: 0.0140562904999
            trance: 0.00904227420688
        probability: 0.903268516064
        value: "ambient"
    genre_rosamerica:
        all:
            cla: 0.567616522312
            dan: 0.0162017419934
            hip: 0.160653486848
            jaz: 0.0772193670273
            pop: 0.0380593799055
            rhy: 0.0456053242087
            roc: 0.019646782428
            spe: 0.0749973803759
        probability: 0.567616522312
        value: "cla"
    genre_tzanetakis:
        all:
            blu: 0.104631744325
            cla: 0.0798730477691
            cou: 0.196861505508
            dis: 0.134431123734
            hip: 0.0261803958565
            jaz: 0.104808263481
            met: 0.0145596163347
            pop: 0.0198125373572
            reg: 0.15596537292
            roc: 0.16287638247
        probability: 0.196861505508
        value: "cou"
    live_studio:
        all:
            live: 0.0521925762296
            studio: 0.947807431221
        probability: 0.947807431221
        value: "studio"
    mood:
        all:
            Cluster1: 0.0590480566025
            Cluster2: 0.414345055819
            Cluster3: 0.126423299313
            Cluster4: 0.357078433037
            Cluster5: 0.0431051552296
        probability: 0.414345055819
        value: "Cluster2"
    mood_acoustic:
        all:
            acoustic: 0.225894138217
            not_acoustic: 0.774105846882
        probability: 0.774105846882
        value: "not_acoustic"
    mood_aggressive:
        all:
            aggressive: 0.0936353653669
            not_aggressive: 0.906364619732
        probability: 0.906364619732
        value: "not_aggressive"
    mood_electronic:
        all:
            electronic: 0.402462303638
            not_electronic: 0.597537696362
        probability: 0.597537696362
        value: "not_electronic"
    mood_happy:
        all:
            happy: 0.602951943874
            not_happy: 0.397048056126
        probability: 0.602951943874
        value: "happy"
    mood_party:
        all:
            not_party: 0.354219794273
            party: 0.645780205727
        probability: 0.645780205727
        value: "party"
    mood_relaxed:
        all:
            not_relaxed: 0.411521762609
            relaxed: 0.588478267193
        probability: 0.588478267193
        value: "relaxed"
    mood_sad:
        all:
            not_sad: 0.84615367651
            sad: 0.153846353292
        probability: 0.84615367651
        value: "not_sad"
    rhythm:
        all:
            fast: 0.977659702301
            medium: 0.0179612431675
            slow: 0.00437906710431
        probability: 0.977659702301
        value: "fast"
    speech_music:
        all:
            music: 0.283527165651
            speech: 0.716472864151
        probability: 0.716472864151
        value: "speech"
    timbre:
        all:
            bright: 0.712621986866
            dark: 0.287378013134
        probability: 0.712621986866
        value: "bright"
    voice_instrumental:
        all:
            instrumental: 0.0212949179113
            voice: 0.978705108166
        probability: 0.978705108166
        value: "voice"

lowlevel:
    average_loudness: 0.874600052834
    barkbands_kurtosis:
        dmean: 0.926696717739
        dmean2: 1.48189365864
        dvar: 1.51409006119
        dvar2: 3.49463748932
        max: 14.5566501617
        mean: -0.332422196865
        min: -1.902099967
        var: 2.88933706284
    barkbands_skewness:
        dmean: 0.449707865715
        dmean2: 0.686820209026
        dvar: 0.141025707126
        dvar2: 0.314004033804
        max: 3.48486685753
        mean: -0.275033384562
        min: -2.90608906746
        var: 0.989837944508
    barkbands_spread:
        dmean: 3.76182794571
        dmean2: 5.8826789856
        dvar: 10.4373950958
        dvar2: 24.1945343018
        max: 41.9359970093
        mean: 20.9017925262
        min: 4.10773706436
        var: 46.9513893127
    dissonance:
        dmean: 0.024014653638
        dmean2: 0.0406555645168
        dvar: 0.000511731021106
        dvar2: 0.0014065845171
        max: 0.498768091202
        mean: 0.452404499054
        min: 0.311139702797
        var: 0.0010023402283
    hfc:
        dmean: 2.11692762375
        dmean2: 2.99036765099
        dvar: 8.22442531586
        dvar2: 17.7097187042
        max: 32.8466758728
        mean: 7.47735309601
        min: 0.0114782676101
        var: 62.1401100159
    pitch:
        dmean: 928.370483398
        dmean2: 1821.76574707
        dvar: 1638041.75
        dvar2: 3705119.25
        max: 4900
        mean: 1207.72009277
        min: 74.2424240112
        var: 1969720.375
    pitch_instantaneous_confidence:
        dmean: 0.099000968039
        dmean2: 0.157081186771
        dvar: 0.00627321098
        dvar2: 0.015503063798
        max: 0.903553664684
        mean: 0.594086170197
        min: 0.214926898479
        var: 0.0283361300826
    pitch_salience:
        dmean: 0.0647588446736
        dmean2: 0.108436532319
        dvar: 0.00302805704996
        dvar2: 0.0078997220844
        max: 0.833093166351
        mean: 0.630766093731
        min: 0.320466220379
        var: 0.00796677730978
    silence_rate_20dB:
        dmean: 0
        dmean2: 0
        dvar: 0
        dvar2: 0
        max: 1
        mean: 1
        min: 1
        var: 0
    silence_rate_30dB:
        dmean: 0
        dmean2: 0
        dvar: 0
        dvar2: 0
        max: 1
        mean: 1
        min: 1
        var: 0
    silence_rate_60dB:
        dmean: 0.0821917802095
        dmean2: 0.164759725332
        dvar: 0.0754365175962
        dvar2: 0.146767139435
        max: 1
        mean: 0.583143532276
        min: 0
        var: 0.24308681488
    spectral_centroid:
        dmean: 243.286804199
        dmean2: 347.23449707
        dvar: 52962.390625
        dvar2: 97856.359375
        max: 4416.42480469
        mean: 1860.70410156
        min: 512.334838867
        var: 533899.875
    spectral_complexity:
        dmean: 1.91513764858
        dmean2: 2.97701144218
        dvar: 3.53179097176
        dvar2: 8.25234508514
        max: 21
        mean: 7.61327219009
        min: 0
        var: 24.0265674591
    spectral_crest:
        dmean: 2.39530897141
        dmean2: 4.03749704361
        dvar: 4.66201019287
        dvar2: 12.9539852142
        max: 19.8366069794
        mean: 9.44560527802
        min: 3.3954231739
        var: 12.485783577
    spectral_decrease:
        dmean: 1.81717974002e-10
        dmean2: 2.62586952182e-10
        dvar: 5.08814659847e-20
        dvar2: 9.85752686943e-20
        max: -1.66222862297e-12
        mean: -7.35575711452e-10
        min: -2.51694176612e-09
        var: 4.19809437863e-19
    spectral_energy:
        dmean: 0.00086545071099
        dmean2: 0.00123850349337
        dvar: 1.18164723517e-06
        dvar2: 2.3285010684e-06
        max: 0.0124788088724
        mean: 0.00345444772393
        min: 7.3147243711e-06
        var: 9.88452484307e-06
    spectral_energyband_high:
        dmean: 1.28333995235e-05
        dmean2: 1.83169413503e-05
        dvar: 1.20861776143e-09
        dvar2: 1.98959182462e-09
        max: 0.000655578216538
        mean: 3.51062371919e-05
        min: 1.25229064452e-07
        var: 6.6213727834e-09
    spectral_energyband_low:
        dmean: 3.45565376847e-06
        dmean2: 4.09335007134e-06
        dvar: 1.4727187525e-10
        dvar2: 1.48604809014e-10
        max: 0.000269799464149
        mean: 6.8363151513e-06
        min: 2.10931734301e-08
        var: 7.36890382047e-10
    spectral_energyband_middle_high:
        dmean: 0.000722953875083
        dmean2: 0.00102501851507
        dvar: 9.94095557871e-07
        dvar2: 2.1843632112e-06
        max: 0.0115349972621
        mean: 0.00256464374252
        min: 4.25420603278e-06
        var: 7.61450837672e-06
    spectral_energyband_middle_low:
        dmean: 0.000343707710272
        dmean2: 0.000564132700674
        dvar: 1.88238587384e-07
        dvar2: 4.22381873477e-07
        max: 0.00394677743316
        mean: 0.000847865769174
        min: 2.86533395411e-06
        var: 4.6307823709e-07
    spectral_flatness_db:
        dmean: 0.019554477185
        dmean2: 0.0294368993491
        dvar: 0.000269360636594
        dvar2: 0.000529058568645
        max: 0.333170056343
        mean: 0.238144367933
        min: 0.128041118383
        var: 0.00234958017245
    spectral_flux:
        dmean: 0.0119677167386
        dmean2: 0.019679332152
        dvar: 0.000186173958355
        dvar2: 0.000493664469104
        max: 0.109631344676
        mean: 0.0391677767038
        min: 0.00346811744384
        var: 0.000731015286874
    spectral_kurtosis:
        dmean: 4.00019931793
        dmean2: 7.07301092148
        dvar: 12.7157344818
        dvar2: 39.3482589722
        max: 29.2027511597
        mean: 9.22927856445
        min: -0.13498878479
        var: 28.7154407501
    spectral_rms:
        dmean: 0.000223352908506
        dmean2: 0.000310050701955
        dvar: 5.919242696e-08
        dvar2: 9.56754462322e-08
        max: 0.00348919024691
        mean: 0.00161768961698
        min: 8.44767200761e-05
        var: 7.53274321141e-07
    spectral_rolloff:
        dmean: 238.988922119
        dmean2: 364.876434326
        dvar: 160950.5
        dvar2: 297006.78125
        max: 6589.16015625
        mean: 2991.19458008
        min: 473.73046875
        var: 940308.4375
    spectral_skewness:
        dmean: 0.376565098763
        dmean2: 0.657081902027
        dvar: 0.0972286462784
        dvar2: 0.284807741642
        max: 3.71848392487
        mean: 1.64575779438
        min: 0.0499075837433
        var: 0.371724158525
    spectral_spread:
        dmean: 316129.8125
        dmean2: 439729.625
        dvar: 163768614912
        dvar2: 268094046208
        max: 7069403.5
        mean: 2681488.75
        min: 1481277.125
        var: 1.22146101658e+12
    spectral_strongpeak:
        dmean: 0.81497746706
        dmean2: 1.41867566109
        dvar: 1.32064557076
        dvar2: 3.41366410255
        max: 7.45660495758
        mean: 1.12897086143
        min: 0.00594943854958
        var: 2.03069710732
    zerocrossingrate:
        dmean: 0.00827726349235
        dmean2: 0.00899896770716
        dvar: 5.56959384994e-05
        dvar2: 5.96006029809e-05
        max: 0.21826171875
        mean: 0.0960293933749
        min: 0.02490234375
        var: 0.00107250548899
    barkbands:
        dmean: [1.30718391667e-09, 6.56425186207e-07, 2.95581503451e-06, 5.23052221979e-06, 2.34112212638e-05, 3.7662768591e-05, 0.000170196624822, 0.000160816256539, 0.000120914475701, 3.00195079035e-05, 7.95179585111e-05, 6.18966296315e-05, 7.12284163455e-05, 3.7615733163e-05, 1.79350881808e-05, 2.96251710097e-05, 0.000203221672564, 0.000536144245416, 0.000302798725897, 1.18797252071e-05, 5.83846031077e-06, 4.55773442809e-06, 2.014926622e-06, 2.18973227106e-07, 4.37744134274e-08, 1.39600653259e-09, 1.61372790131e-10]
        dmean2: [2.2262656163e-09, 1.03841466625e-06, 3.37648407367e-06, 8.56193128129e-06, 4.12252920796e-05, 5.96118261456e-05, 0.000281704764348, 0.000258096493781, 0.000182009272976, 4.91378887091e-05, 0.000130225205794, 0.000100434212072, 0.000115069684398, 5.59874279134e-05, 2.86290833174e-05, 4.76125824207e-05, 0.000327348272549, 0.00087075663032, 0.000454271154013, 1.98508023459e-05, 8.95233552001e-06, 6.8259814725e-06, 2.94102096632e-06, 3.16312736004e-07, 6.87415351308e-08, 2.07923300799e-09, 2.99660629643e-10]
        dvar: [2.47925997722e-17, 3.58817966659e-12, 1.15818077351e-10, 9.67460833667e-11, 9.06588915051e-10, 3.91760890395e-09, 7.69942261059e-08, 1.02121546774e-07, 7.90529242067e-08, 3.00044633583e-09, 2.95724955635e-08, 1.68989515714e-08, 2.34089849727e-08, 7.27371674003e-09, 1.08120268294e-09, 2.80617751258e-09, 1.08260543641e-07, 8.53299468417e-07, 2.4760731776e-07, 7.62692131673e-10, 1.38134656491e-10, 3.3287536616e-10, 1.03543153218e-10, 5.1279005998e-13, 2.33158863039e-14, 6.3328778125e-18, 6.71080838842e-20]
        dvar2: [6.59299344152e-17, 9.73222457484e-12, 1.00771814504e-10, 2.46459852526e-10, 2.59229793187e-09, 1.09663762515e-08, 1.90006630874e-07, 2.39453868289e-07, 1.70844771219e-07, 8.11486344787e-09, 7.70777077719e-08, 4.09011349234e-08, 5.39614326556e-08, 1.55857886597e-08, 2.384077602e-09, 5.9871241298e-09, 2.79778589629e-07, 2.5854985779e-06, 6.10549705016e-07, 1.93686311434e-09, 3.58521379251e-10, 6.37402519654e-10, 2.09152237196e-10, 7.29070449845e-13, 4.4685622932e-14, 1.26850884903e-17, 2.13743108392e-19]
        max: [6.89265320375e-08, 2.6800269552e-05, 0.000247785559623, 0.000152119217091, 0.000268932257313, 0.000810543773696, 0.00244701327756, 0.00301108974963, 0.0035148980096, 0.000683774589561, 0.00202968087979, 0.00122671737336, 0.00135094381403, 0.00116633612197, 0.000479874899611, 0.000741138006561, 0.00353041337803, 0.00872035790235, 0.00564539339393, 0.000285171059659, 0.000171126113855, 0.000385943625588, 0.000150365041918, 1.45606081787e-05, 2.59874991571e-06, 3.40631842732e-08, 1.70249192522e-09]
        mean: [1.23204335623e-09, 1.04439413917e-06, 5.7909305724e-06, 7.28685154172e-06, 4.1813851567e-05, 8.34630482132e-05, 0.000260315398918, 0.000239600456553, 0.00019670711481, 4.90509810334e-05, 0.000132672532345, 8.28713527881e-05, 0.000103903745185, 5.30675024493e-05, 3.17167796311e-05, 4.84268530272e-05, 0.000346066750353, 0.00112683861516, 0.000595074496232, 2.17470915231e-05, 1.27683088067e-05, 9.89434101939e-06, 3.77904507332e-06, 4.64393906441e-07, 8.45560705898e-08, 2.49862197599e-09, 1.32050967383e-10]
        min: [1.0368576657e-12, 1.48448076054e-09, 7.25599402784e-09, 4.18659205081e-08, 1.03025877252e-06, 7.86863267876e-07, 8.17331624603e-08, 2.84437533082e-07, 3.4626350498e-07, 4.73295983738e-07, 1.5215869098e-07, 1.2915221248e-07, 1.30394795406e-07, 3.9161972154e-07, 6.73630324854e-08, 2.79088396837e-08, 1.45590732359e-07, 6.55393023408e-07, 4.92148899411e-07, 4.62202685014e-08, 5.08093549456e-08, 7.17722636878e-09, 5.95719196195e-10, 5.29743748867e-10, 1.86586940343e-10, 2.58446840318e-11, 3.90686940265e-13]
        var: [1.83004164863e-17, 8.50637962846e-12, 5.97699001403e-10, 1.54775178784e-10, 1.68864899841e-09, 1.09182183294e-08, 1.35213895192e-07, 1.86928218682e-07, 1.5346469695e-07, 6.32103569487e-09, 6.6234306928e-08, 2.15893720679e-08, 4.09711624627e-08, 1.11102052003e-08, 2.46549936023e-09, 5.60582780196e-09, 2.87606781058e-07, 2.5326278319e-06, 8.00466580131e-07, 1.53901658084e-09, 4.09489747666e-10, 1.24182619743e-09, 2.99678393212e-10, 2.23762761792e-12, 8.28848640655e-14, 2.4357896508e-17, 5.8057933114e-20]
    mfcc:
        mean: [-806.063354492, 135.754638672, -97.6201019287, 35.0006484985, -34.0801315308, -36.995891571, -19.1606502533, -3.87882018089, -25.3762931824, -18.3950824738, 5.62983512878, -0.548420488834, -15.7811460495]
        cov: [[3203.11230469, -901.764221191, -659.23626709, 18.0341300964, -67.148651123, -444.03338623, -19.1399803162, 429.936187744, 38.4729652405, -103.255996704, 74.7428359985, 202.27355957, -101.447792053], [-901.764221191, 1477.62451172, -407.273590088, -86.4071350098, 244.267089844, -96.6011047363, 52.7701835632, -31.5868968964, 52.3431167603, -135.836257935, 18.2781295776, 126.623222351, -65.1073532104], [-659.23626709, -407.273590088, 999.662658691, 32.531414032, -68.2964248657, 458.372192383, 78.5738449097, -113.347457886, 56.2812232971, 134.898895264, -82.0911331177, -114.767280579, 189.266357422], [18.0341300964, -86.4071350098, 32.531414032, 220.765945435, -19.128818512, 56.0514411926, 0.955610334873, -10.9155025482, 55.9710197449, 23.7211532593, -8.34299373627, -76.4873580933, 54.5852088928], [-67.148651123, 244.267089844, -68.2964248657, -19.128818512, 243.567337036, 2.81321120262, -11.9885854721, -48.714679718, 34.2488136292, 1.76170015335, 57.6690330505, 44.3713226318, -33.3680992126], [-444.03338623, -96.6011047363, 458.372192383, 56.0514411926, 2.81321120262, 393.765441895, 44.2948036194, -120.032173157, 62.1342086792, 72.541519165, -57.5494880676, -85.850982666, 140.508453369], [-19.1399803162, 52.7701835632, 78.5738449097, 0.955610334873, -11.9885854721, 44.2948036194, 131.691055298, 48.1451950073, 38.2591133118, -6.9375462532, -24.1374416351, 7.05720233917, 25.9361171722], [429.936187744, -31.5868968964, -113.347457886, -10.9155025482, -48.714679718, -120.032173157, 48.1451950073, 244.039611816, 41.2042045593, -59.1780014038, -28.0868797302, 65.6827316284, -30.9399814606], [38.4729652405, 52.3431167603, 56.2812232971, 55.9710197449, 34.2488136292, 62.1342086792, 38.2591133118, 41.2042045593, 152.38243103, 0.194702640176, -40.6846122742, -18.1296310425, 42.8359985352], [-103.255996704, -135.836257935, 134.898895264, 23.7211532593, 1.76170015335, 72.541519165, -6.9375462532, -59.1780014038, 0.194702640176, 117.35508728, 38.7268981934, -35.1983375549, 22.8399448395], [74.7428359985, 18.2781295776, -82.0911331177, -8.34299373627, 57.6690330505, -57.5494880676, -24.1374416351, -28.0868797302, -40.6846122742, 38.7268981934, 135.48916626, 46.728843689, -52.6233901978], [202.27355957, 126.623222351, -114.767280579, -76.4873580933, 44.3713226318, -85.850982666, 7.05720233917, 65.6827316284, -18.1296310425, -35.1983375549, 46.728843689, 159.017333984, -44.8435783386], [-101.447792053, -65.1073532104, 189.266357422, 54.5852088928, -33.3680992126, 140.508453369, 25.9361171722, -30.9399814606, 42.8359985352, 22.8399448395, -52.6233901978, -44.8435783386, 133.911972046]]
        icov: [[0.000948470376898, 0.00100452417973, 0.000835266080685, 3.94652706746e-05, -0.000437832990428, 0.0001185395231, -0.000235297251493, -0.000804654031526, -0.000598134589382, 0.000576022721361, -0.000453442975413, -0.000871858210303, -0.000740577350371], [0.00100452417973, 0.00218723807484, 0.00137419265229, 0.000280775304418, -0.00123315886594, -5.7290038967e-05, -0.00103642162867, -0.000113733585749, -0.00104131398257, 0.00155399926007, -0.000299564970192, -0.00140595564153, -0.000825459545013], [0.000835266080685, 0.00137419265229, 0.00350771402009, 0.000790428661276, -0.000286866823444, -0.00250413338654, -0.00102042022627, -0.000795917585492, -0.000395818206016, -0.000755050161388, 6.18201302132e-05, -0.00076386204455, -0.00138533394784], [3.94652706746e-05, 0.000280775304418, 0.000790428661276, 0.00687545910478, 0.0003317896917, -0.00041605354636, 0.000326802721247, -0.000609317678027, -0.0022770462092, 0.000374716270017, -0.00251262728125, 0.00334026105702, -0.0026425300166], [-0.000437832990428, -0.00123315886594, -0.000286866823444, 0.0003317896917, 0.00694827456027, -0.000831174664199, 0.000820762710646, 0.00197926396504, -0.00269498396665, 4.22938828706e-05, -0.00228833546862, -0.00083498749882, 0.00191678025294], [0.0001185395231, -5.7290038967e-05, -0.00250413338654, -0.00041605354636, -0.000831174664199, 0.00810036808252, -0.000969250220805, 0.00236865878105, -0.00124694686383, -0.000505046860781, 0.000968283275142, 8.63492605276e-05, -0.00330627569929], [-0.000235297251493, -0.00103642162867, -0.00102042022627, 0.000326802721247, 0.000820762710646, -0.000969250220805, 0.0101870289072, -0.00252134702168, -0.00092037167633, -0.000149738785694, -0.00026547597372, 0.00020282578771, -0.000423662131652], [-0.000804654031526, -0.000113733585749, -0.000795917585492, -0.000609317678027, 0.00197926396504, 0.00236865878105, -0.00252134702168, 0.00918063614517, -0.00281754601747, 0.00131822249386, 0.00202393531799, -0.00280749914236, 0.00185739586595], [-0.000598134589382, -0.00104131398257, -0.000395818206016, -0.0022770462092, -0.00269498396665, -0.00124694686383, -0.00092037167633, -0.00281754601747, 0.0114280842245, -0.00202456582338, 0.00319866812788, 0.00113026308827, -0.000982548575848], [0.000576022721361, 0.00155399926007, -0.000755050161388, 0.000374716270017, 4.22938828706e-05, -0.000505046860781, -0.000149738785694, 0.00131822249386, -0.00202456582338, 0.0157687794417, -0.00719627691433, 0.00185993430205, -0.00126658903901], [-0.000453442975413, -0.000299564970192, 6.18201302132e-05, -0.00251262728125, -0.00228833546862, 0.000968283275142, -0.00026547597372, 0.00202393531799, 0.00319866812788, -0.00719627691433, 0.0155351851135, -0.00463848747313, 0.00413626804948], [-0.000871858210303, -0.00140595564153, -0.00076386204455, 0.00334026105702, -0.00083498749882, 8.63492605276e-05, 0.00020282578771, -0.00280749914236, 0.00113026308827, 0.00185993430205, -0.00463848747313, 0.0126597424969, -0.000874771387316], [-0.000740577350371, -0.000825459545013, -0.00138533394784, -0.0026425300166, 0.00191678025294, -0.00330627569929, -0.000423662131652, 0.00185739586595, -0.000982548575848, -0.00126658903901, 0.00413626804948, -0.000874771387316, 0.0158611331135]]
    spectral_contrast:
        mean: [3.40373901508e-07, -2.16629473471e-07, -5.31599795295e-08, 3.73756591898e-07, 6.59423278648e-07, -9.59880281926e-08, -1.02800959212e-06, 7.6353961731e-07, 1.17599824989e-06, 1.29432100948e-06, 3.92163110519e-06, -1.94281142285e-06]
        var: [0.000846128503326, 0.00140757323243, 0.00195959117264, 0.00219438504428, 0.00315177859738, 0.00741434143856, 0.0947141870856, 0.110169284046, 0.15560323, 0.501538991928, 0.699235677719, 1.44512343407]

rhythm:
    beats_loudness:
        dmean: 0.00319733167998
        dmean2: 0.00576285179704
        dvar: 6.10999450146e-06
        dvar2: 1.52618795255e-05
        max: 0.010105131194
        mean: 0.00379117578268
        min: 0.00018741103122
        var: 1.00621546153e-05
    beats_loudness_bass:
        dmean: 0.0171741396189
        dmean2: 0.0330407544971
        dvar: 0.000332093564793
        dvar2: 0.000912405259442
        max: 0.052264124155
        mean: 0.00906070414931
        min: 0.000149982413859
        var: 0.000229840734391
    bpm: 120.089859009
    bpm_confidence: 0
    first_peak_bpm: 120
    first_peak_spread: 0
    first_peak_weight: 0.647058844566
    onset_rate: 3.63181090355
    second_peak_bpm: 102
    second_peak_spread: 0
    second_peak_weight: 0.29411765933
    beats_position: [0.403954654932, 0.903623342514, 1.40329194069, 1.90296053886, 2.40262937546, 2.90229797363, 3.40196681023, 3.9016354084, 4.401304245, 4.90097284317, 5.40064144135, 5.90031003952, 6.56167030334, 7.15189170837, 7.74211454391, 8.33233642578, 8.92255878448, 9.51278018951]
    bpm_estimates: [118.737579346, 119.481758118, 121.7137146, 120.426383972]
    bpm_intervals: [0.499668687582, 0.499668598175, 0.499668598175, 0.499668836594, 0.499668598175, 0.499668836594, 0.499668598175, 0.499668836594, 0.499668598175, 0.499668598175, 0.499668598175, 0.661360263824, 0.590221405029, 0.590222835541, 0.590221881866, 0.590222358704, 0.590221405029]
    onset_times: [0.0464399084449, 0.27863946557, 0.603718817234, 0.96362811327, 1.369977355, 1.78793644905, 1.91564631462, 2.27555561066, 3.28562355042, 3.52943301201, 3.66875290871, 3.98222231865, 4.12154197693, 4.37696123123, 4.51628112793, 4.8994102478, 4.96907043457, 5.25931978226, 5.44507932663, 6.07201814651, 6.46675729752, 6.57124710083, 6.76861667633, 6.91954660416, 7.22140598297, 7.39555549622, 7.67419481277, 7.90639448166, 8.08054447174, 8.46367359161, 8.68426322937, 8.84680271149, 9.02095222473, 9.17188167572, 9.32281208038, 9.42730140686, 9.83365058899]
    rubato_start: [7.15189170837]
    rubato_stop: [9.51278018951]
    perceptual_tempo: "unknown"

sfx:
    inharmonicity:
        dmean: 0.0721222236753
        dmean2: 0.127378821373
        dvar: 0.00758888246492
        dvar2: 0.0220152083784
        max: 0.48260474205
        mean: 0.0704181939363
        min: 0
        var: 0.00670022983104
    oddtoevenharmonicenergyratio:
        dmean: 25.8608016968
        dmean2: 50.7702980042
        dvar: 28530.15625
        dvar2: 85014.734375
        max: 2405.01098633
        mean: 14.2882204056
        min: 0
        var: 14536.4130859
    pitch_after_max_to_before_max_energy_ratio: 0.154927626252
    pitch_centroid: 231.787139893
    pitch_max_to_total: 0.935926795006
    pitch_min_to_total: 0.0549199096859
    tristimulus:
        dmean: [0.192433565855, 0.32783550024, 0.123389333487]
        dmean2: [0.336264044046, 0.582983195782, 0.22835868597]
        dvar: [0.038952704519, 0.0783989205956, 0.0220151487738]
        dvar2: [0.110112480819, 0.214278578758, 0.0577820464969]
        max: [1, 0.978703379631, 0.77874225378]
        mean: [0.24513399601, 0.519067883492, 0.113024748862]
        min: [0.00117860920727, 0, 0]
        var: [0.0487529560924, 0.0968889892101, 0.0217391196638]

tonal:
    chords_changes_rate: 0.0727272704244
    chords_number_rate: 0.0318181812763
    chords_strength:
        dmean: 0.0109703326598
        dmean2: 0.0124659091234
        dvar: 8.81736923475e-05
        dvar2: 0.000127637147671
        max: 0.577429413795
        mean: 0.461393296719
        min: 0.300504505634
        var: 0.00403135456145
    key_strength: 0.407900631428
    tuning_diatonic_strength: 0.286582678556
    tuning_equal_tempered_deviation: 0.0784320086241
    tuning_frequency: 441.782684326
    tuning_nontempered_energy_ratio: 0.720035195351
    hpcp:
        dmean: [0.156355053186, 0.137041896582, 0.147919073701, 0.153230071068, 0.165424153209, 0.131351307034, 0.140149071813, 0.140875905752, 0.184079989791, 0.188557878137, 0.171501353383, 0.117061451077, 0.110064052045, 0.101111993194, 0.0820403695107, 0.0992542877793, 0.0810325071216, 0.0816231146455, 0.11884714663, 0.11603089422, 0.135194838047, 0.192304134369, 0.156704351306, 0.160582780838, 0.136982023716, 0.147875666618, 0.201008453965, 0.185821473598, 0.182311698794, 0.179395660758, 0.214362472296, 0.185515835881, 0.155922889709, 0.145588055253, 0.121656984091, 0.132565900683]
        dmean2: [0.265431106091, 0.229662686586, 0.242010399699, 0.266855299473, 0.293090105057, 0.225050643086, 0.247043341398, 0.246976450086, 0.316142708063, 0.328091084957, 0.296206265688, 0.211547911167, 0.193869739771, 0.174309670925, 0.132275789976, 0.158664926887, 0.136194959283, 0.142208024859, 0.194111287594, 0.195467308164, 0.237663269043, 0.334850788116, 0.268788933754, 0.271163970232, 0.237027525902, 0.260401427746, 0.346014946699, 0.312791496515, 0.312909126282, 0.294284850359, 0.352650225163, 0.308782428503, 0.264439284801, 0.246135488153, 0.207483008504, 0.229422479868]
        dvar: [0.0485504604876, 0.031049111858, 0.0442095994949, 0.0442301556468, 0.0522731766105, 0.0332274138927, 0.0417346097529, 0.0471358858049, 0.0404776781797, 0.0483032017946, 0.0581107102334, 0.0375521965325, 0.0359815992415, 0.0398762896657, 0.0191455520689, 0.021145818755, 0.0130735887215, 0.0149394730106, 0.0271942857653, 0.026486473158, 0.0238628294319, 0.0446468032897, 0.0334796346724, 0.0444824323058, 0.0238207299262, 0.0270519182086, 0.036198142916, 0.0330139175057, 0.0338254608214, 0.0315313003957, 0.0378074496984, 0.033735319972, 0.0346818007529, 0.0384840592742, 0.0278340652585, 0.0322668552399]
        dvar2: [0.120080024004, 0.0788023248315, 0.130830302835, 0.107702940702, 0.141937091947, 0.0965913310647, 0.111674897373, 0.118988730013, 0.113076992333, 0.127476900816, 0.158078715205, 0.104905664921, 0.0922145247459, 0.111620046198, 0.0447434335947, 0.0485236272216, 0.0330140553415, 0.0370802022517, 0.0658555850387, 0.0789569616318, 0.066143758595, 0.12932254374, 0.0825434327126, 0.123277962208, 0.0609968341887, 0.0676265433431, 0.110934264958, 0.0843089222908, 0.0983743965626, 0.0841234028339, 0.102920286357, 0.0961426272988, 0.0994519516826, 0.115807287395, 0.0703069418669, 0.0842340365052]
        max: [1, 1, 1, 1, 1, 1, 1, 1, 1, 1, 1, 1, 1, 1, 1, 0.942644357681, 0.899961471558, 0.892697572708, 1, 1, 1, 1, 1, 1, 1, 1, 1, 1, 1, 1, 1, 1, 1, 1, 1, 1]
        mean: [0.271883875132, 0.230008736253, 0.182275161147, 0.22427919507, 0.189045861363, 0.123538538814, 0.137424498796, 0.161956012249, 0.244500935078, 0.293394386768, 0.186840876937, 0.114318646491, 0.137175887823, 0.117507457733, 0.101587414742, 0.137291058898, 0.116039827466, 0.124164097011, 0.191283747554, 0.17173153162, 0.222784221172, 0.313295572996, 0.26894184947, 0.211982950568, 0.191477432847, 0.211482554674, 0.313012719154, 0.371007412672, 0.307632505894, 0.338838845491, 0.405608147383, 0.304700136185, 0.201346591115, 0.186394169927, 0.167328983545, 0.200299650431]
        min: [0.000945617095567, 0.00214038719423, 0.00380318984389, 0.00162145029753, 0.000452123931609, 0.000561600143556, 0.000230169374845, 0.00134181592148, 0.00144908565562, 0.000547438336071, 0.00102639454417, 0.000520910893101, 0.000698639312759, 0.00128189777024, 0.00147267431021, 0.00227334559895, 0.00166789104696, 0.00234867422841, 0.000423007353675, 0.001476689009, 0.0092495828867, 0.00622693868354, 0.0017868069699, 0.00224327249452, 0.00199264916591, 0.00154705741443, 0.00506389187649, 0.00968890823424, 0.0102943759412, 0.00811915844679, 0.0076257889159, 0.0041572782211, 0.00221758917905, 0, 0, 0]
        var: [0.109353743494, 0.0715578794479, 0.0586124248803, 0.0880313143134, 0.0724919140339, 0.032807610929, 0.0433426201344, 0.0598005540669, 0.0681430920959, 0.0925105288625, 0.05730561167, 0.0355788841844, 0.0497382320464, 0.046981357038, 0.0242817029357, 0.0330385379493, 0.0216890517622, 0.0256784595549, 0.0673248842359, 0.0356976389885, 0.0400993227959, 0.0832467600703, 0.0660902410746, 0.0577479973435, 0.0364477559924, 0.0487102493644, 0.0752617865801, 0.0985372364521, 0.0764618963003, 0.0682497099042, 0.0883968248963, 0.0668696910143, 0.0489767193794, 0.0480812676251, 0.0465709120035, 0.0460112802684]
    chords_histogram: [28.6363639832, 0.454545468092, 0, 0, 17.7272720337, 0, 0, 0, 0, 0, 0, 10.9090909958, 10.9090909958, 0, 0, 0, 0, 12.2727270126, 16.3636360168, 0, 0, 0, 0, 2.72727274895]
    thpcp: [1, 0.751217961311, 0.496406674385, 0.459542483091, 0.412538528442, 0.493825525045, 0.670311689377, 0.567071318626, 0.449387341738, 0.552945494652, 0.46608003974, 0.304576069117, 0.33881098032, 0.399291813374, 0.6028008461, 0.723344385624, 0.460643798113, 0.281845033169, 0.338198065758, 0.289706856012, 0.250457048416, 0.338481992483, 0.286088496447, 0.3061183393, 0.471597403288, 0.42339271307, 0.549259722233, 0.772409439087, 0.663058280945, 0.522629916668, 0.4720749259, 0.52139621973, 0.771712124348, 0.914694190025, 0.758447527885, 0.835384726524]
    chords_key: "C"
    chords_scale: "major"
    key_key: "C"
    key_scale: "major"
    chords_progression: ["D", "D", "D", "D", "D", "D", "D", "D", "D", "D", "D", "D", "D", "D", "D", "D", "D", "D", "D", "D", "D", "D", "D", "D", "D", "D", "D", "D", "D", "D", "D", "D", "D", "D", "D", "D", "D", "D", "D", "D#m", "D#m", "D#m", "D#m", "D#m", "D#m", "D#m", "D#m", "D#m", "D#m", "D#m", "D#m", "D#", "D#m", "D#m", "D#", "D#", "D#", "D#", "D#", "D#", "D#", "D#", "D#", "Cm", "Cm", "Cm", "Cm", "Cm", "Cm", "Cm", "Cm", "Cm", "Cm", "Cm", "Cm", "D#", "D#", "D#", "D#", "D#", "D#", "D#", "D#", "D#", "D#", "D#", "D#", "D#", "D#", "D#", "D#", "D#", "D#", "D#", "D#", "D#", "D#", "D#", "D#", "D#", "D#", "C", "C", "C", "C", "C", "C", "C", "C", "C", "C", "Em", "C", "C", "C", "C", "C", "C", "C", "C", "C", "Am", "Am", "C", "Am", "Am", "Am", "Am", "C", "C", "C", "C", "C", "C", "C", "C", "C", "C", "C", "C", "C", "C", "C", "C", "C", "C", "C", "C", "C", "C", "C", "C", "C", "C", "C", "C", "C", "C", "C", "C", "C", "C", "C", "C", "C", "C", "C", "C", "C", "C", "C", "F#", "F#", "F#", "F#", "F#", "F#", "F#", "F#", "F#", "F#", "F#", "F#", "F#", "F#", "F#", "F#", "F#", "F#", "F#", "F#", "F#", "F#", "F#", "F#", "D#m", "D#m", "D#m", "D#m", "D#m", "D#m", "D#m", "D#m", "D#m", "D#m", "Cm", "Cm", "Cm", "Cm", "Cm", "Cm", "Cm", "Cm", "Cm", "Cm", "Cm", "Cm", "Cm", "Cm", "Cm"]
