
metadata:
    version:
        essentia: "1.2.2"
    audio_properties:
        analysis_sample_rate: 44100
        bitrate: 128
        channels: 2
        equal_loudness: 1
        length: 10.0310201645
        replay_gain: -6.95562171936
        downmix: "mix"
    tags:
        track: 18
        year: 0
        album: "Splitted by Mp3Splt v. 2.1"
        artist: "From 002.50 To 003.00"
        comment: "http://mp3splt.sf.net"
        genre: ""
        title: "02 Glamorous Glue.mp3"

highlevel:
    ballroom:
        all:
            ChaChaCha: 0.140050008893
            Jive: 0.222776502371
            Quickstep: 0.151771068573
            Rumba-American: 0.00813580863178
            Rumba-International: 0.0282379481941
            Rumba-Misc: 0.0120348939672
            Samba: 0.0533566735685
            Tango: 0.160214945674
            VienneseWaltz: 0.170400723815
            Waltz: 0.0530214346945
        probability: 0.222776502371
        value: "Jive"
    culture:
        all:
            non_western: 0.146476686001
            western: 0.853523313999
        probability: 0.853523313999
        value: "western"
    gender:
        all:
            female: 0.129785239697
            male: 0.870214760303
        probability: 0.870214760303
        value: "male"
    genre_dortmund:
        all:
            alternative: 0.162712171674
            blues: 0.0427349060774
            electronic: 0.0317892730236
            folkcountry: 0.0435701869428
            funksoulrnb: 0.020167523995
            jazz: 0.0687354132533
            pop: 0.0265469774604
            raphiphop: 0.00206737266853
            rock: 0.601676166058
        probability: 0.601676166058
        value: "rock"
    genre_electronica:
        all:
            ambient: 0.216178834438
            dnb: 0.399501889944
            house: 0.0259475149214
            techno: 0.0150838810951
            trance: 0.343287885189
        probability: 0.399501889944
        value: "dnb"
    genre_rosamerica:
        all:
            cla: 0.0971806272864
            dan: 0.0127147175372
            hip: 0.00856585707515
            jaz: 0.0138495136052
            pop: 0.0249319560826
            rhy: 0.0281344056129
            roc: 0.812215328217
            spe: 0.00240756897256
        probability: 0.812215328217
        value: "roc"
    genre_tzanetakis:
        all:
            blu: 0.0213915780187
            cla: 0.0487825386226
            cou: 0.227901384234
            dis: 0.0571478493512
            hip: 0.0105299409479
            jaz: 0.0219077840447
            met: 0.324992537498
            pop: 0.0312627106905
            reg: 0.0143794948235
            roc: 0.241704180837
        probability: 0.324992537498
        value: "met"
    live_studio:
        all:
            live: 0.195507839322
            studio: 0.804492175579
        probability: 0.804492175579
        value: "studio"
    mood:
        all:
            Cluster1: 0.160355046391
            Cluster2: 0.176627144217
            Cluster3: 0.239126548171
            Cluster4: 0.0757788196206
            Cluster5: 0.348112463951
        probability: 0.348112463951
        value: "Cluster5"
    mood_acoustic:
        all:
            acoustic: 0.00440224539489
            not_acoustic: 0.995597779751
        probability: 0.995597779751
        value: "not_acoustic"
    mood_aggressive:
        all:
            aggressive: 0.902079343796
            not_aggressive: 0.0979206338525
        probability: 0.902079343796
        value: "aggressive"
    mood_electronic:
        all:
            electronic: 0.302262365818
            not_electronic: 0.697737634182
        probability: 0.697737634182
        value: "not_electronic"
    mood_happy:
        all:
            happy: 0.57394695282
            not_happy: 0.42605304718
        probability: 0.57394695282
        value: "happy"
    mood_party:
        all:
            not_party: 0.474216550589
            party: 0.525783479214
        probability: 0.525783479214
        value: "party"
    mood_relaxed:
        all:
            not_relaxed: 0.953854203224
            relaxed: 0.0461457855999
        probability: 0.953854203224
        value: "not_relaxed"
    mood_sad:
        all:
            not_sad: 0.868099629879
            sad: 0.131900399923
        probability: 0.868099629879
        value: "not_sad"
    rhythm:
        all:
            fast: 0.393680632114
            medium: 0.23220744729
            slow: 0.374111920595
        probability: 0.393680632114
        value: "fast"
    speech_music:
        all:
            music: 0.99974656105
            speech: 0.000253422389505
        probability: 0.99974656105
        value: "music"
    timbre:
        all:
            bright: 0.27337256074
            dark: 0.726627409458
        probability: 0.726627409458
        value: "dark"
    voice_instrumental:
        all:
            instrumental: 0.852860271931
            voice: 0.147139713168
        probability: 0.852860271931
        value: "instrumental"

lowlevel:
    average_loudness: 0.944673717022
    barkbands_kurtosis:
        dmean: 0.659179091454
        dmean2: 1.01117098331
        dvar: 0.619069755077
        dvar2: 1.38900828362
        max: 7.4927740097
        mean: -0.087279394269
        min: -1.80241262913
        var: 3.19355535507
    barkbands_skewness:
        dmean: 0.273897796869
        dmean2: 0.414925545454
        dvar: 0.0687795728445
        dvar2: 0.159906491637
        max: 1.71579897404
        mean: -0.119746431708
        min: -2.58052420616
        var: 0.917392253876
    barkbands_spread:
        dmean: 4.0337896347
        dmean2: 6.23020648956
        dvar: 19.5992679596
        dvar2: 50.7791976929
        max: 59.3625907898
        mean: 24.8198451996
        min: 6.0287861824
        var: 88.4086227417
    dissonance:
        dmean: 0.0136035857722
        dmean2: 0.0231348294765
        dvar: 0.000194927124539
        dvar2: 0.000574207049794
        max: 0.499735981226
        mean: 0.467015832663
        min: 0.333076685667
        var: 0.000611160998233
    hfc:
        dmean: 1.90835702419
        dmean2: 2.87616991997
        dvar: 10.7903709412
        dvar2: 23.3483562469
        max: 59.7978553772
        mean: 8.82252025604
        min: 0.842165052891
        var: 53.70495224
    pitch:
        dmean: 688.541320801
        dmean2: 1340.09472656
        dvar: 1349986.125
        dvar2: 3495276
        max: 4009.09082031
        mean: 908.303100586
        min: 79.8913040161
        var: 1456643.375
    pitch_instantaneous_confidence:
        dmean: 0.0617610700428
        dmean2: 0.101037174463
        dvar: 0.00281090149656
        dvar2: 0.0068470207043
        max: 0.827430427074
        mean: 0.478362470865
        min: 0.164087474346
        var: 0.0217255353928
    pitch_salience:
        dmean: 0.0452688969672
        dmean2: 0.0742747411132
        dvar: 0.00161347526591
        dvar2: 0.00384271121584
        max: 0.818431735039
        mean: 0.580878913403
        min: 0.29701128602
        var: 0.0107978051528
    silence_rate_20dB:
        dmean: 0
        dmean2: 0
        dvar: 0
        dvar2: 0
        max: 1
        mean: 1
        min: 1
        var: 0
    silence_rate_30dB:
        dmean: 0
        dmean2: 0
        dvar: 0
        dvar2: 0
        max: 1
        mean: 1
        min: 1
        var: 0
    silence_rate_60dB:
        dmean: 0.0649651959538
        dmean2: 0.130232557654
        dvar: 0.0607448145747
        dvar2: 0.12722530961
        max: 1
        mean: 0.32175925374
        min: 0
        var: 0.218231022358
    spectral_centroid:
        dmean: 161.613739014
        dmean2: 239.687042236
        dvar: 27399.7910156
        dvar2: 64208.7109375
        max: 3388.81323242
        mean: 1710.06604004
        min: 534.888366699
        var: 391114
    spectral_complexity:
        dmean: 2.55710959435
        dmean2: 4.00233650208
        dvar: 8.61967945099
        dvar2: 18.446269989
        max: 45
        mean: 15.5953493118
        min: 2
        var: 74.9432449341
    spectral_crest:
        dmean: 1.59758102894
        dmean2: 2.43194293976
        dvar: 2.3368499279
        dvar2: 5.54494428635
        max: 20.154964447
        mean: 8.93284988403
        min: 2.77466034889
        var: 15.8792572021
    spectral_decrease:
        dmean: 1.92878615857e-10
        dmean2: 2.86988266485e-10
        dvar: 7.52951556958e-20
        dvar2: 1.67632959121e-19
        max: -1.83707257739e-10
        mean: -1.01506603123e-09
        min: -3.48553341745e-09
        var: 2.68571793018e-19
    spectral_energy:
        dmean: 0.000878067861777
        dmean2: 0.00129906239454
        dvar: 1.6861063159e-06
        dvar2: 3.75690956389e-06
        max: 0.0180828310549
        mean: 0.0046313223429
        min: 0.000781487324275
        var: 6.49417233944e-06
    spectral_energyband_high:
        dmean: 0.000102013938886
        dmean2: 0.000152208973304
        dvar: 4.02711073377e-08
        dvar2: 7.02296603095e-08
        max: 0.00367177161388
        mean: 0.00031977109029
        min: 4.85818691232e-06
        var: 2.08857642292e-07
    spectral_energyband_low:
        dmean: 9.06593777472e-05
        dmean2: 0.000150265492266
        dvar: 7.0041558331e-08
        dvar2: 1.93984362795e-07
        max: 0.00310764741153
        mean: 0.000125206992379
        min: 3.85005478165e-07
        var: 5.44898099974e-08
    spectral_energyband_middle_high:
        dmean: 0.000592834723648
        dmean2: 0.000926762528252
        dvar: 8.37667982978e-07
        dvar2: 2.13363068724e-06
        max: 0.0138966180384
        mean: 0.00250164070167
        min: 0.000169812352397
        var: 4.09480071539e-06
    spectral_energyband_middle_low:
        dmean: 0.000425530452048
        dmean2: 0.000587878690567
        dvar: 3.14358175046e-07
        dvar2: 7.4713699405e-07
        max: 0.00709853507578
        mean: 0.00168470514473
        min: 0.000180863120477
        var: 1.0729800124e-06
    spectral_flatness_db:
        dmean: 0.0139202661812
        dmean2: 0.0213249903172
        dvar: 0.000166847734363
        dvar2: 0.000324650405673
        max: 0.302575320005
        mean: 0.192993223667
        min: 0.108494363725
        var: 0.00194560270756
    spectral_flux:
        dmean: 0.00494368188083
        dmean2: 0.0074499999173
        dvar: 3.53686154995e-05
        dvar2: 6.07973634033e-05
        max: 0.0928509905934
        mean: 0.0311239510775
        min: 0.0095464233309
        var: 0.000241186033236
    spectral_kurtosis:
        dmean: 2.53876233101
        dmean2: 4.55475854874
        dvar: 8.34702682495
        dvar2: 26.4526519775
        max: 23.9735279083
        mean: 5.18448925018
        min: -0.166117191315
        var: 13.0376529694
    spectral_rms:
        dmean: 0.000186596909771
        dmean2: 0.000270715216175
        dvar: 4.83381157323e-08
        dvar2: 1.03534063101e-07
        max: 0.00420021265745
        mean: 0.00205099256709
        min: 0.000873170502018
        var: 3.11791069407e-07
    spectral_rolloff:
        dmean: 254.282531738
        dmean2: 420.450714111
        dvar: 114458.804688
        dvar2: 243629.296875
        max: 4844.97070312
        mean: 2895.31054688
        min: 667.529296875
        var: 805436.8125
    spectral_skewness:
        dmean: 0.27324000001
        dmean2: 0.476321488619
        dvar: 0.0674090608954
        dvar2: 0.205089896917
        max: 3.16765761375
        mean: 1.27181053162
        min: 0.335871964693
        var: 0.228620171547
    spectral_spread:
        dmean: 302182.6875
        dmean2: 439428.1875
        dvar: 462698807296
        dvar2: 565099888640
        max: 14426076
        mean: 3133468.5
        min: 1823562.5
        var: 1.21030521651e+12
    spectral_strongpeak:
        dmean: 0.556035876274
        dmean2: 0.977672696114
        dvar: 0.662772536278
        dvar2: 1.8108522892
        max: 6.16262054443
        mean: 1.41342639923
        min: 0.0302055869251
        var: 1.67966639996
    zerocrossingrate:
        dmean: 0.00574214197695
        dmean2: 0.00697169778869
        dvar: 2.69597803708e-05
        dvar2: 3.50419104507e-05
        max: 0.16796875
        mean: 0.0924248248339
        min: 0.03271484375
        var: 0.00083483295748
    barkbands:
        dmean: [5.08938597932e-08, 2.87644506898e-05, 6.67114945827e-05, 0.000116471695947, 0.000115884795377, 7.97109678388e-05, 0.000110874731035, 3.6665067455e-05, 0.000208942379686, 2.99503572023e-05, 2.64721147687e-05, 4.88394289277e-05, 3.17893500323e-05, 2.41407215071e-05, 6.91626992193e-05, 9.32938273763e-05, 0.000278566905763, 0.000176554764039, 0.000213627281482, 0.000110375010991, 6.1014390667e-05, 1.84097989404e-05, 2.71817179964e-06, 7.92199955413e-07, 4.88129046516e-07, 2.15372573109e-08, 6.33346985968e-10]
        dmean2: [7.83417135608e-08, 5.23338385392e-05, 0.000106368774141, 0.000189298065379, 0.000178534523002, 0.000114787268103, 0.000175191118615, 5.55315127713e-05, 0.000272630277323, 4.58845788671e-05, 4.3330117478e-05, 7.93765866547e-05, 5.00196911162e-05, 4.02281511924e-05, 0.00010990746523, 0.000153219982167, 0.000478343194118, 0.000291463977192, 0.000336568104103, 0.000179124748684, 9.08065121621e-05, 2.7459449484e-05, 4.04402317145e-06, 1.12644602268e-06, 7.5306263625e-07, 3.36969989689e-08, 7.9909634465e-10]
        dvar: [2.80081794752e-14, 1.4140434601e-08, 2.65249457954e-08, 6.01857408355e-08, 5.53815588944e-08, 1.50247974062e-08, 7.38606118489e-08, 6.26453466879e-09, 4.32307949438e-08, 1.4573547924e-09, 1.28868260507e-09, 1.81124963916e-08, 2.44011233441e-09, 1.20664966907e-09, 5.17816900469e-09, 1.44019907111e-08, 1.79465530437e-07, 7.73352155647e-08, 1.94950814603e-07, 4.26721555868e-08, 1.44421221648e-08, 2.14296380641e-09, 5.01606846337e-11, 4.45172241084e-12, 2.41108088356e-12, 4.51209580563e-15, 7.73488186643e-17]
        dvar2: [6.41493829627e-14, 4.07885778486e-08, 7.05400040601e-08, 1.67599154111e-07, 1.00265452829e-07, 2.19126139456e-08, 1.85906841921e-07, 1.22732668473e-08, 8.06468278824e-08, 3.79719455879e-09, 3.57043683508e-09, 5.4118576287e-08, 5.72970515478e-09, 3.21910453849e-09, 1.33182309625e-08, 3.92700343355e-08, 5.10558720634e-07, 2.04981688512e-07, 4.70331002589e-07, 1.07624366308e-07, 2.37017658833e-08, 4.45134773486e-09, 1.21326268476e-10, 8.9264194994e-12, 6.15358328529e-12, 1.14768652955e-14, 7.74749471641e-17]
        max: [1.75196794316e-06, 0.000888868118636, 0.00229737535119, 0.00328163290396, 0.00511340796947, 0.00406883377582, 0.00320881837979, 0.00122504821047, 0.00297513208352, 0.000429956504377, 0.000355577707523, 0.00201168563217, 0.00052889570361, 0.000353320647264, 0.000604589586146, 0.00102167762816, 0.00402746815234, 0.00327560445294, 0.00894499849528, 0.0030509873759, 0.00260717887431, 0.000892244977877, 0.000107999381726, 2.86179492832e-05, 1.3907229004e-05, 7.26844120891e-07, 1.82638672186e-07]
        mean: [6.11861068478e-08, 2.61913392023e-05, 9.89558247966e-05, 0.000209931924473, 0.000267920200713, 0.000213146602619, 0.000203160409001, 6.96827264619e-05, 0.000714445661288, 5.43300920981e-05, 5.46416631551e-05, 9.62408739724e-05, 6.46781845717e-05, 5.1615992561e-05, 0.000151210406329, 0.000208024503081, 0.000678446551319, 0.000528985634446, 0.00045142887393, 0.000266677874606, 0.000171857216628, 4.09564345318e-05, 6.07093033977e-06, 1.88956266811e-06, 7.46455498302e-07, 3.05704723758e-08, 6.1629784609e-10]
        min: [1.58715488668e-11, 1.09107904933e-08, 8.02954787105e-08, 1.30332796289e-06, 1.68232736542e-06, 3.67997995454e-06, 3.54679787051e-06, 5.56931638585e-07, 1.32006298372e-05, 1.90195021332e-06, 3.45712851413e-06, 8.6996550408e-07, 1.02690398762e-06, 3.11458097713e-06, 3.71484111383e-06, 3.54789358425e-06, 9.94738729787e-06, 4.89613103127e-06, 1.33986113724e-05, 2.59808621195e-06, 3.52751953869e-06, 2.79836001482e-07, 4.25557811212e-09, 7.28243229609e-11, 3.0824506142e-11, 9.07847581832e-12, 6.3798402325e-13]
        var: [3.02693728914e-14, 8.33743385442e-09, 2.53011442908e-08, 7.13616188364e-08, 2.23207564432e-07, 1.23207755109e-07, 1.6643413403e-07, 1.15221885366e-08, 4.80648338907e-07, 2.53753684731e-09, 2.25897545114e-09, 3.93852666036e-08, 6.76999523108e-09, 1.95706362227e-09, 1.39544606981e-08, 3.38285808255e-08, 5.38134145245e-07, 3.4770701518e-07, 3.72201100163e-07, 1.32545565634e-07, 6.61526442514e-08, 7.25441307026e-09, 1.51167342533e-10, 1.47636573106e-11, 2.91524378422e-12, 5.031434999e-15, 7.73077508013e-17]
    mfcc:
        mean: [-736.305786133, 139.943145752, -90.1456298828, 71.0389862061, -31.6635303497, -13.4615707397, -14.8873615265, -5.02386379242, 3.78031158447, -9.42736625671, -4.02720928192, -6.48885297775, -10.5172519684]
        cov: [[3909.109375, -2796.22729492, 1294.09289551, -588.851745605, 796.815551758, 221.772338867, 317.823577881, 277.866638184, -296.012390137, -68.8127212524, -89.6588745117, 404.928955078, 141.289093018], [-2796.22729492, 2528.71118164, -950.778747559, 653.037597656, -576.201965332, -79.0357055664, -201.736740112, -163.873550415, 305.054962158, 82.0921020508, 99.0197601318, -291.843811035, -115.226089478], [1294.09289551, -950.778747559, 942.529846191, -326.97253418, 417.427764893, 37.6020393372, 206.307006836, 64.9611053467, -100.083686829, 45.5798873901, -32.1529273987, 67.6475448608, 42.5517044067], [-588.851745605, 653.037597656, -326.97253418, 393.4190979, -159.433944702, 76.7264099121, -63.538192749, -7.2594833374, 111.609474182, 18.9883060455, 24.2856121063, -63.5115966797, -35.0638275146], [796.815551758, -576.201965332, 417.427764893, -159.433944702, 309.18661499, 59.7894706726, 123.211746216, 47.3176803589, -54.2515602112, -8.15348148346, -22.2778053284, 74.3000793457, 25.4441204071], [221.772338867, -79.0357055664, 37.6020393372, 76.7264099121, 59.7894706726, 122.322006226, 46.527973175, 43.4095191956, 4.23507404327, 1.50704848766, -5.89733171463, 20.2291603088, 8.27717971802], [317.823577881, -201.736740112, 206.307006836, -63.538192749, 123.211746216, 46.527973175, 114.903198242, 40.3601837158, -17.0017662048, 0.853028476238, 8.51683235168, 25.0923957825, 15.7868108749], [277.866638184, -163.873550415, 64.9611053467, -7.2594833374, 47.3176803589, 43.4095191956, 40.3601837158, 93.6022338867, -7.45020723343, 8.65389919281, 6.05935621262, 67.2081680298, 15.2339391708], [-296.012390137, 305.054962158, -100.083686829, 111.609474182, -54.2515602112, 4.23507404327, -17.0017662048, -7.45020723343, 107.777870178, 29.9151096344, 19.9123210907, -45.2584075928, -19.3638725281], [-68.8127212524, 82.0921020508, 45.5798873901, 18.9883060455, -8.15348148346, 1.50704848766, 0.853028476238, 8.65389919281, 29.9151096344, 70.4566650391, 19.4481678009, -15.2308292389, -12.206202507], [-89.6588745117, 99.0197601318, -32.1529273987, 24.2856121063, -22.2778053284, -5.89733171463, 8.51683235168, 6.05935621262, 19.9123210907, 19.4481678009, 67.8578338623, 8.15579223633, 10.9783754349], [404.928955078, -291.843811035, 67.6475448608, -63.5115966797, 74.3000793457, 20.2291603088, 25.0923957825, 67.2081680298, -45.2584075928, -15.2308292389, 8.15579223633, 146.870834351, 42.0357971191], [141.289093018, -115.226089478, 42.5517044067, -35.0638275146, 25.4441204071, 8.27717971802, 15.7868108749, 15.2339391708, -19.3638725281, -12.206202507, 10.9783754349, 42.0357971191, 64.3827133179]]
        icov: [[0.00223706709221, 0.00197498430498, -0.00120506866369, -0.000857799954247, -0.000555875769351, -0.00130909390282, 0.000619505997747, -0.000952903588768, -0.000613468233496, 0.00114620767999, -0.000532046891749, -0.00144662556704, 0.000484216143377], [0.00197498430498, 0.00328946090303, -0.000337444827892, -0.00248385383748, 0.00035611356725, 0.0004856644955, -0.00129989301786, 0.000438114220742, -0.00167726993095, -0.000212933664443, -0.000614404503722, -0.000684070575517, 0.000441772397608], [-0.00120506866369, -0.000337444827892, 0.00538185844198, 0.000283775909338, -0.00378882163204, 0.0032822440844, -0.00438755471259, 0.000557911058422, 0.00164535862859, -0.00594089739025, 0.0021272462327, 0.00261200405657, -0.00204218202271], [-0.000857799954247, -0.00248385383748, 0.000283775909338, 0.00950358062983, 0.00124631694052, -0.0082384981215, 0.00438629556447, -0.000820583023597, -0.00308950617909, 0.00173709436785, -0.00144132692367, 0.000423164223321, 0.0014801932266], [-0.000555875769351, 0.00035611356725, -0.00378882163204, 0.00124631694052, 0.0134813375771, -0.00402358546853, -0.00460327928886, 0.00412128027529, -0.00318230642006, 0.00296049076132, 0.000967680010945, -0.00432590488344, 0.00264665810391], [-0.00130909390282, 0.0004856644955, 0.0032822440844, -0.0082384981215, -0.00402358546853, 0.0216367729008, -0.00926120020449, -0.00326480902731, 0.00301834312268, -0.00481078913435, 0.00483588175848, 0.00287213572301, -0.00376635114662], [0.000619505997747, -0.00129989301786, -0.00438755471259, 0.00438629556447, -0.00460327928886, -0.00926120020449, 0.0261930078268, -0.00809550471604, -0.000675019284245, 0.00750048505142, -0.0082561885938, 0.00332880881615, 0.000558914383873], [-0.000952903588768, 0.000438114220742, 0.000557911058422, -0.000820583023597, 0.00412128027529, -0.00326480902731, -0.00809550471604, 0.0240548867732, -0.00287217181176, -0.00512841297314, 0.00187193159945, -0.0104045076296, 0.00178173591848], [-0.000613468233496, -0.00167726993095, 0.00164535862859, -0.00308950617909, -0.00318230642006, 0.00301834312268, -0.000675019284245, -0.00287217181176, 0.0184783954173, -0.00571595365182, -0.00108068960253, 0.0042951060459, -0.000856967410073], [0.00114620767999, -0.000212933664443, -0.00594089739025, 0.00173709436785, 0.00296049076132, -0.00481078913435, 0.00750048505142, -0.00512841297314, -0.00571595365182, 0.0254671964794, -0.00801518931985, -6.20377759333e-05, 0.00531522417441], [-0.000532046891749, -0.000614404503722, 0.0021272462327, -0.00144132692367, 0.000967680010945, 0.00483588175848, -0.0082561885938, 0.00187193159945, -0.00108068960253, -0.00801518931985, 0.0218683183193, -0.00282824086025, -0.00527252163738], [-0.00144662556704, -0.000684070575517, 0.00261200405657, 0.000423164223321, -0.00432590488344, 0.00287213572301, 0.00332880881615, -0.0104045076296, 0.0042951060459, -6.20377759333e-05, -0.00282824086025, 0.0176945608109, -0.00635006790981], [0.000484216143377, 0.000441772397608, -0.00204218202271, 0.0014801932266, 0.00264665810391, -0.00376635114662, 0.000558914383873, 0.00178173591848, -0.000856967410073, 0.00531522417441, -0.00527252163738, -0.00635006790981, 0.0220906157047]]
    spectral_contrast:
        mean: [-1.11048301221e-07, 1.88153151726e-07, 4.36517382241e-07, 2.59756689047e-07, 2.46562223083e-07, -6.69824544275e-07, 1.31688148031e-06, -2.81063626062e-06, 6.8198801273e-07, 2.96415282719e-06, 2.54608858086e-06, 1.26403426748e-06]
        var: [0.000282167631667, 0.000541849352885, 0.000730848580133, 0.00116038823035, 0.00270709791221, 0.00357469939627, 0.0338938906789, 0.0847225487232, 0.158330768347, 0.304247438908, 0.58474779129, 3.98851823807]

rhythm:
    beats_loudness:
        dmean: 0.00219440320507
        dmean2: 0.00387018639594
        dvar: 5.06423111801e-06
        dvar2: 1.37225588333e-05
        max: 0.0141150476411
        mean: 0.00589528912678
        min: 0.00269102677703
        var: 8.3044060375e-06
    beats_loudness_bass:
        dmean: 0.0415696911514
        dmean2: 0.0786609500647
        dvar: 0.00204532733187
        dvar2: 0.00720076123253
        max: 0.195005089045
        mean: 0.0826457589865
        min: 0.00171628745738
        var: 0.00410637725145
    bpm: 129.483551025
    bpm_confidence: 0
    first_peak_bpm: 131
    first_peak_spread: 0
    first_peak_weight: 0.600000023842
    onset_rate: 2.49226880074
    second_peak_bpm: 126
    second_peak_spread: 0
    second_peak_weight: 0.34999999404
    beats_position: [0.221698045731, 0.680218040943, 1.13873815536, 1.59725821018, 2.055778265, 2.51429820061, 2.97281813622, 3.43133807182, 3.88985824585, 4.34837818146, 4.80689811707, 5.26541852951, 5.72393846512, 6.33928632736, 6.8168888092, 7.29449129105, 7.77209377289, 8.24969673157, 8.72729969025, 9.20490169525, 9.68250370026]
    bpm_estimates: [130.996704102, 129.630157471, 131.135284424, 132.649276733, 130.051086426, 130.713912964, 127.453842163, 126.307052612, 126.414573669]
    bpm_intervals: [0.458519995213, 0.458520114422, 0.458520054817, 0.458520054817, 0.458519935608, 0.458519935608, 0.458519935608, 0.458520174026, 0.458519935608, 0.458519935608, 0.458520412445, 0.458519935608, 0.615347862244, 0.477602481842, 0.477602481842, 0.477602481842, 0.477602958679, 0.477602958679, 0.477602005005, 0.477602005005]
    onset_times: [0.0580498874187, 0.208979591727, 0.510838985443, 1.01006805897, 1.1261677742, 1.46285712719, 1.6137868166, 1.89242625237, 2.21750569344, 2.54258513451, 2.85605430603, 3.00698423386, 3.16952371597, 3.29723358154, 3.45977330208, 6.3042178154, 6.78022670746, 7.2910656929, 7.60453510284, 7.75546503067, 8.27791404724, 8.64943313599, 8.75392246246, 9.18349170685, 9.682721138]
    rubato_start: []
    rubato_stop: []
    perceptual_tempo: "unknown"

sfx:
    inharmonicity:
        dmean: 0.061834923923
        dmean2: 0.110912293196
        dvar: 0.00434117810801
        dvar2: 0.0125535521656
        max: 0.429759591818
        mean: 0.0756520554423
        min: 0
        var: 0.00533360056579
    oddtoevenharmonicenergyratio:
        dmean: 6.4421672821
        dmean2: 12.0423574448
        dvar: 424.946502686
        dvar2: 1245.91442871
        max: 220.194412231
        mean: 4.41567754745
        min: 0
        var: 251.612518311
    pitch_after_max_to_before_max_energy_ratio: 3.82642889023
    pitch_centroid: 158.750289917
    pitch_max_to_total: 0.186046510935
    pitch_min_to_total: 0.53953486681
    tristimulus:
        dmean: [0.144828438759, 0.232556939125, 0.125848680735]
        dmean2: [0.247470960021, 0.399384438992, 0.221132427454]
        dvar: [0.0269763860852, 0.0538267493248, 0.0188859067857]
        dvar2: [0.0700833946466, 0.145676389337, 0.0542106218636]
        max: [1, 0.953946173191, 0.759468972683]
        mean: [0.255125582218, 0.53431725502, 0.136506482959]
        min: [0.00202354812063, 0, 0]
        var: [0.0376765094697, 0.0740508437157, 0.0246621202677]

tonal:
    chords_changes_rate: 0.0416666679084
    chords_number_rate: 0.0231481473893
    chords_strength:
        dmean: 0.00684588775039
        dmean2: 0.0062669753097
        dvar: 4.37839516962e-05
        dvar2: 4.80407070427e-05
        max: 0.65398222208
        mean: 0.51147121191
        min: 0.385445922613
        var: 0.00463499082252
    key_strength: 0.747835874557
    tuning_diatonic_strength: 0.605758905411
    tuning_equal_tempered_deviation: 0.0735159516335
    tuning_frequency: 436.960693359
    tuning_nontempered_energy_ratio: 0.683148622513
    hpcp:
        dmean: [0.054829403758, 0.0633133873343, 0.0616470389068, 0.0682032108307, 0.0978514105082, 0.121571339667, 0.134003207088, 0.0986183956265, 0.0609613806009, 0.0640452727675, 0.06196924299, 0.0542002245784, 0.0607940889895, 0.0562245436013, 0.0597831010818, 0.0699870958924, 0.0631823241711, 0.0973908156157, 0.132475808263, 0.108038656414, 0.0997190997005, 0.0909168571234, 0.101067654788, 0.0810493826866, 0.0708886384964, 0.0645224228501, 0.0682029053569, 0.106154687703, 0.0867429748178, 0.0555479042232, 0.0624540559947, 0.0640459507704, 0.0879191309214, 0.108084127307, 0.0835245922208, 0.0537490360439]
        dmean2: [0.0886768475175, 0.102931335568, 0.100923851132, 0.113775148988, 0.169859811664, 0.198242604733, 0.205444827676, 0.151764541864, 0.0986899882555, 0.105778425932, 0.101463392377, 0.0883662849665, 0.0999150499701, 0.0968218669295, 0.0961604863405, 0.113969214261, 0.099889934063, 0.158124431968, 0.218129143119, 0.180395424366, 0.158656746149, 0.135857641697, 0.150962263346, 0.124973580241, 0.115164078772, 0.10460716486, 0.112582169473, 0.174731209874, 0.140350490808, 0.0895171016455, 0.099398009479, 0.101978518069, 0.145349949598, 0.17736120522, 0.13451744616, 0.0838182419538]
        dvar: [0.0105463014916, 0.0165743380785, 0.0119939027354, 0.0183875784278, 0.0343975350261, 0.0219681318849, 0.0262368712574, 0.0152331683785, 0.0119575681165, 0.0169493649155, 0.0123428739607, 0.00908609759063, 0.0108148809522, 0.00773787591606, 0.00675275875255, 0.0134295932949, 0.0117691736668, 0.0143685359508, 0.028436595574, 0.0199910383672, 0.0192754585296, 0.0201646145433, 0.0146226054057, 0.012737929821, 0.0113906515762, 0.0142422886565, 0.0122908595949, 0.0220448821783, 0.0134904403239, 0.00832491181791, 0.00983605906367, 0.0137073835358, 0.0124155152589, 0.0172568354756, 0.0142550403252, 0.00709384912625]
        dvar2: [0.0254854317755, 0.0421888642013, 0.0324957631528, 0.0539973154664, 0.10763233155, 0.0520283542573, 0.0540265776217, 0.0298868902028, 0.0330316871405, 0.0433890447021, 0.030043322593, 0.0212621260434, 0.0294888950884, 0.0212445501238, 0.0173031371087, 0.0360304266214, 0.0281469020993, 0.0352123044431, 0.0692494809628, 0.0540313869715, 0.0440245829523, 0.0438147932291, 0.0327719710767, 0.0263261031359, 0.0279084835202, 0.0375769659877, 0.0306608472019, 0.0485372468829, 0.0283168274909, 0.0235341154039, 0.0266592167318, 0.0372115448117, 0.0332970097661, 0.0466189794242, 0.0395224839449, 0.0147990658879]
        max: [1, 1, 1, 1, 1, 1, 1, 1, 1, 1, 1, 1, 1, 0.804394841194, 0.655967116356, 1, 1, 1, 1, 1, 1, 1, 1, 1, 0.955245018005, 1, 1, 1, 1, 0.819279313087, 0.907189428806, 1, 0.838344454765, 0.957562088966, 1, 0.977251768112]
        mean: [0.125538483262, 0.127052202821, 0.113579325378, 0.121779903769, 0.14850769937, 0.231434911489, 0.322692096233, 0.220807850361, 0.094828158617, 0.0984351187944, 0.117261596024, 0.126555889845, 0.128426089883, 0.118555635214, 0.129395082593, 0.143765509129, 0.121295131743, 0.24518276751, 0.408019691706, 0.33945864439, 0.423567175865, 0.618588507175, 0.407636582851, 0.182405814528, 0.15170545876, 0.105374097824, 0.139820337296, 0.235663324594, 0.191416203976, 0.100895114243, 0.106527239084, 0.110254086554, 0.152952164412, 0.200862318277, 0.165491506457, 0.121588006616]
        min: [0.000773341336753, 0.00205126730725, 0.00206315331161, 0.00135542848147, 0.00117606041022, 0.0117961885408, 0.0168684720993, 0.0174477454275, 0.00198587030172, 0.00104922160972, 0.00150311551988, 0.00120694597717, 0.00115997425746, 0.00287090055645, 0.00493008131161, 0.00367426360026, 0.00115957472008, 0.00278777442873, 0.00364010990597, 0.00205715489574, 0.0153654161841, 0.0154637768865, 0.0155945392326, 0.00269815069623, 0.00068441638723, 0.00127741636243, 0.00132650975138, 0.00456766411662, 0.00489293877035, 0.00131490372587, 0.000576738035306, 0.00151302071754, 0.00846330448985, 0.0227797497064, 0.0138315092772, 0.00118592393119]
        var: [0.0378756299615, 0.0380030795932, 0.0290281753987, 0.0398792475462, 0.0508668124676, 0.0520733520389, 0.061416245997, 0.0332709550858, 0.0189767610282, 0.0271135885268, 0.0331815630198, 0.0391360111535, 0.0311528462917, 0.0166230536997, 0.0154856126755, 0.0332900211215, 0.0328307412565, 0.042223174125, 0.124857150018, 0.0868007093668, 0.0775484666228, 0.137144163251, 0.0647667571902, 0.0457807816565, 0.034481137991, 0.0324850603938, 0.0319251641631, 0.0743200480938, 0.0462515987456, 0.017426494509, 0.0228828582913, 0.0236593466252, 0.0216221362352, 0.0349081233144, 0.0365417934954, 0.0269390009344]
    chords_histogram: [45.8333320618, 4.62962961197, 25.9259262085, 2.77777767181, 0, 0, 0, 0, 0, 0, 0, 0, 0, 0, 0, 0, 0, 20.8333339691, 0, 0, 0, 0, 0, 0]
    thpcp: [1, 0.658978581429, 0.294874250889, 0.245244547725, 0.170346036553, 0.226031258702, 0.380969464779, 0.309440284967, 0.163105383515, 0.17221018672, 0.178234934807, 0.247259944677, 0.324710726738, 0.267530858517, 0.196557164192, 0.202943444252, 0.205390498042, 0.183610469103, 0.196867391467, 0.240075096488, 0.374133855104, 0.521658718586, 0.356954336166, 0.153297647834, 0.159128591418, 0.189563170075, 0.20458817482, 0.207611501217, 0.191655084491, 0.209177955985, 0.232408955693, 0.196083709598, 0.396358430386, 0.659597933292, 0.548763275146, 0.684731721878]
    chords_key: "E"
    chords_scale: "major"
    key_key: "E"
    key_scale: "major"
    chords_progression: ["D#m", "D#m", "G#m", "G#m", "G#m", "D#m", "D#m", "D#m", "D#m", "B", "B", "B", "B", "B", "B", "B", "B", "B", "B", "B", "B", "B", "B", "B", "B", "B", "B", "B", "B", "B", "B", "B", "B", "B", "B", "B", "B", "B", "B", "B", "B", "B", "B", "B", "B", "B", "B", "B", "B", "B", "B", "B", "B", "B", "B", "B", "B", "B", "B", "B", "B", "B", "B", "B", "B", "G#m", "G#m", "G#m", "G#m", "G#m", "E", "E", "E", "E", "E", "E", "E", "E", "E", "E", "E", "G#m", "G#m", "E", "E", "E", "E", "E", "E", "E", "E", "E", "E", "E", "E", "E", "E", "E", "E", "E", "E", "E", "E", "E", "E", "E", "E", "E", "E", "E", "E", "E", "E", "E", "E", "E", "Em", "Em", "Em", "Em", "Em", "Em", "Em", "Em", "Em", "Em", "Em", "Em", "Em", "Em", "Em", "Em", "Em", "Em", "Em", "Em", "Em", "Em", "Em", "Em", "Em", "Em", "Em", "Em", "Em", "Em", "Em", "Em", "Em", "Em", "Em", "Em", "Em", "Em", "Em", "Em", "Em", "Em", "Em", "Em", "Em", "E", "E", "E", "E", "E", "E", "E", "E", "E", "E", "E", "E", "E", "E", "E", "E", "E", "E", "E", "E", "E", "E", "E", "E", "E", "E", "E", "E", "E", "E", "E", "E", "E", "E", "E", "E", "E", "E", "E", "E", "E", "E", "E", "E", "E", "E", "E", "E", "E", "E", "E", "E", "E", "E", "E"]
