
metadata:
    version:
        essentia: "1.2.2"
    audio_properties:
        analysis_sample_rate: 44100
        bitrate: 128
        channels: 2
        equal_loudness: 1
        length: 9.97877597809
        replay_gain: -12.9829044342
        downmix: "mix"
    tags:
        track: 6
        year: 0
        album: "Splitted by Mp3Splt v. 2.1"
        artist: "From 000.50 To 001.00"
        comment: "http://mp3splt.sf.net"
        genre: ""
        title: "05 Donkey Rhubarb [Donkey Rhub"

highlevel:
    ballroom:
        all:
            ChaChaCha: 0.0370590947568
            Jive: 0.158946961164
            Quickstep: 0.0452643334866
            Rumba-American: 0.0448933728039
            Rumba-International: 0.086317718029
            Rumba-Misc: 0.124053239822
            Samba: 0.0881556943059
            Tango: 0.0268291179091
            VienneseWaltz: 0.121310316026
            Waltz: 0.267170161009
        probability: 0.267170161009
        value: "Waltz"
    culture:
        all:
            non_western: 0.336606740952
            western: 0.663393259048
        probability: 0.663393259048
        value: "western"
    gender:
        all:
            female: 0.432330071926
            male: 0.567669928074
        probability: 0.567669928074
        value: "male"
    genre_dortmund:
        all:
            alternative: 0.010909804143
            blues: 0.000662730075419
            electronic: 0.0433016531169
            folkcountry: 0.00294398958795
            funksoulrnb: 0.0051476941444
            jazz: 0.0057812104933
            pop: 0.026967395097
            raphiphop: 0.882711529732
            rock: 0.0215740017593
        probability: 0.882711529732
        value: "raphiphop"
    genre_electronica:
        all:
            ambient: 0.0382982157171
            dnb: 0.265603899956
            house: 0.0550132319331
            techno: 0.151821762323
            trance: 0.489262878895
        probability: 0.489262878895
        value: "trance"
    genre_rosamerica:
        all:
            cla: 0.00197892496362
            dan: 0.958649933338
            hip: 0.0240818336606
            jaz: 0.000631708651781
            pop: 0.00707780523226
            rhy: 0.00516993692145
            roc: 0.00176080723759
            spe: 0.00064902525628
        probability: 0.958649933338
        value: "dan"
    genre_tzanetakis:
        all:
            blu: 0.000654646079056
            cla: 0.0014399534557
            cou: 0.00257746758871
            dis: 0.110580034554
            hip: 0.0281727109104
            jaz: 0.0079652145505
            met: 0.00916649308056
            pop: 0.746587753296
            reg: 0.0856263935566
            roc: 0.00722935562953
        probability: 0.746587753296
        value: "pop"
    live_studio:
        all:
            live: 0.0776595920324
            studio: 0.922340393066
        probability: 0.922340393066
        value: "studio"
    mood:
        all:
            Cluster1: 8.69650903041e-05
            Cluster2: 0.00051380234072
            Cluster3: 0.992779791355
            Cluster4: 0.00489337462932
            Cluster5: 0.0017260487657
        probability: 0.992779791355
        value: "Cluster3"
    mood_acoustic:
        all:
            acoustic: 0.00552193587646
            not_acoustic: 0.994478046894
        probability: 0.994478046894
        value: "not_acoustic"
    mood_aggressive:
        all:
            aggressive: 0.658871531487
            not_aggressive: 0.341128468513
        probability: 0.658871531487
        value: "aggressive"
    mood_electronic:
        all:
            electronic: 0.972375273705
            not_electronic: 0.0276247188449
        probability: 0.972375273705
        value: "electronic"
    mood_happy:
        all:
            happy: 0.364650517702
            not_happy: 0.6353495121
        probability: 0.6353495121
        value: "not_happy"
    mood_party:
        all:
            not_party: 0.148796036839
            party: 0.851203978062
        probability: 0.851203978062
        value: "party"
    mood_relaxed:
        all:
            not_relaxed: 0.259623497725
            relaxed: 0.740376472473
        probability: 0.740376472473
        value: "relaxed"
    mood_sad:
        all:
            not_sad: 0.968685626984
            sad: 0.0313143804669
        probability: 0.968685626984
        value: "not_sad"
    rhythm:
        all:
            fast: 0.936043083668
            medium: 0.0601340197027
            slow: 0.00382291967981
        probability: 0.936043083668
        value: "fast"
    speech_music:
        all:
            music: 0.999999880791
            speech: 1.00000008274e-07
        probability: 0.999999880791
        value: "music"
    timbre:
        all:
            bright: 0.267383038998
            dark: 0.732616961002
        probability: 0.732616961002
        value: "dark"
    voice_instrumental:
        all:
            instrumental: 0.660422503948
            voice: 0.339577466249
        probability: 0.660422503948
        value: "instrumental"

lowlevel:
    average_loudness: 0.988123834133
    barkbands_kurtosis:
        dmean: 1.37715315819
        dmean2: 2.31567931175
        dvar: 3.25931024551
        dvar2: 8.90356445312
        max: 10.136595726
        mean: -0.054800786078
        min: -1.84551179409
        var: 3.11369848251
    barkbands_skewness:
        dmean: 0.697823524475
        dmean2: 1.11778795719
        dvar: 0.483802706003
        dvar2: 1.140848279
        max: 3.14880108833
        mean: 0.148669019341
        min: -2.12445068359
        var: 0.927871465683
    barkbands_spread:
        dmean: 11.4414825439
        dmean2: 19.1172809601
        dvar: 100.532997131
        dvar2: 249.140869141
        max: 75.0580978394
        mean: 31.2314949036
        min: 8.16494083405
        var: 174.843399048
    dissonance:
        dmean: 0.0229194629937
        dmean2: 0.0381757616997
        dvar: 0.00044267863268
        dvar2: 0.0011654709233
        max: 0.498370140791
        mean: 0.463971525431
        min: 0.34718605876
        var: 0.000668074993882
    hfc:
        dmean: 4.79566287994
        dmean2: 7.55391073227
        dvar: 78.6211090088
        dvar2: 153.756866455
        max: 57.6524429321
        mean: 5.24468803406
        min: 0.0496082752943
        var: 92.6246109009
    pitch:
        dmean: 931.100219727
        dmean2: 1815.9317627
        dvar: 2147441.5
        dvar2: 5467435.5
        max: 4900
        mean: 821.896972656
        min: 89.0909118652
        var: 1609668.75
    pitch_instantaneous_confidence:
        dmean: 0.128265157342
        dmean2: 0.211935028434
        dvar: 0.0110933920369
        dvar2: 0.0274947341532
        max: 0.806407213211
        mean: 0.424562484026
        min: 0.12760746479
        var: 0.0220710262656
    pitch_salience:
        dmean: 0.0965254306793
        dmean2: 0.163867741823
        dvar: 0.00700589455664
        dvar2: 0.018349122256
        max: 0.915719389915
        mean: 0.615100026131
        min: 0.354303151369
        var: 0.0112908240408
    silence_rate_20dB:
        dmean: 0
        dmean2: 0
        dvar: 0
        dvar2: 0
        max: 1
        mean: 1
        min: 1
        var: 0
    silence_rate_30dB:
        dmean: 0
        dmean2: 0
        dvar: 0
        dvar2: 0
        max: 1
        mean: 1
        min: 1
        var: 0
    silence_rate_60dB:
        dmean: 0.204651162028
        dmean2: 0.410256415606
        dvar: 0.162769019604
        dvar2: 0.302553445101
        max: 1
        mean: 0.781902551651
        min: 0
        var: 0.170531004667
    spectral_centroid:
        dmean: 738.923278809
        dmean2: 1252.78735352
        dvar: 687792.4375
        dvar2: 1582825.75
        max: 6155.57177734
        mean: 1636.14099121
        min: 322.881225586
        var: 1062784
    spectral_complexity:
        dmean: 5.01631689072
        dmean2: 7.88785028458
        dvar: 39.4006767273
        dvar2: 82.8098373413
        max: 43
        mean: 7.8255815506
        min: 0
        var: 52.5114593506
    spectral_crest:
        dmean: 2.29897165298
        dmean2: 3.85603237152
        dvar: 4.00381469727
        dvar2: 10.5625295639
        max: 16.8417701721
        mean: 7.01976442337
        min: 2.81434726715
        var: 6.39521694183
    spectral_decrease:
        dmean: 5.01035712919e-10
        dmean2: 7.94950771876e-10
        dvar: 6.25879851537e-19
        dvar2: 1.5572200291e-18
        max: -1.08438509908e-11
        mean: -6.01998173533e-10
        min: -4.57047244495e-09
        var: 5.74007303625e-19
    spectral_energy:
        dmean: 0.00228100502864
        dmean2: 0.00359853543341
        dvar: 1.22094315884e-05
        dvar2: 2.87320399366e-05
        max: 0.0195275675505
        mean: 0.00274778879248
        min: 4.54265027656e-05
        var: 1.21423645396e-05
    spectral_energyband_high:
        dmean: 0.00046416578698
        dmean2: 0.00074377679266
        dvar: 1.01807881947e-06
        dvar2: 1.97280564862e-06
        max: 0.00689790351316
        mean: 0.000425516773248
        min: 3.22028284927e-07
        var: 1.19885044114e-06
    spectral_energyband_low:
        dmean: 0.000424989702879
        dmean2: 0.000706010381691
        dvar: 7.24466929114e-07
        dvar2: 1.90637285868e-06
        max: 0.00631823763251
        mean: 0.000458491325844
        min: 2.82629741832e-08
        var: 5.98532267304e-07
    spectral_energyband_middle_high:
        dmean: 0.00068088946864
        dmean2: 0.00107721565291
        dvar: 1.04095443021e-06
        dvar2: 2.18977947952e-06
        max: 0.007348543033
        mean: 0.000956391042564
        min: 1.68581991602e-05
        var: 1.22507390188e-06
    spectral_energyband_middle_low:
        dmean: 0.00106348679401
        dmean2: 0.00191580026876
        dvar: 5.52371511731e-06
        dvar2: 1.54154076881e-05
        max: 0.0144536336884
        mean: 0.000907351612113
        min: 9.42405040405e-06
        var: 3.41510281032e-06
    spectral_flatness_db:
        dmean: 0.0320704169571
        dmean2: 0.0503887757659
        dvar: 0.000515561609063
        dvar2: 0.001467036549
        max: 0.211178168654
        mean: 0.133787378669
        min: 0.0513752624393
        var: 0.00102162337862
    spectral_flux:
        dmean: 0.0172841846943
        dmean2: 0.026963815093
        dvar: 0.000412086461438
        dvar2: 0.000710183288902
        max: 0.123636782169
        mean: 0.0384055897593
        min: 0.00673991860822
        var: 0.000669773260597
    spectral_kurtosis:
        dmean: 4.1479101181
        dmean2: 6.53104257584
        dvar: 16.0066738129
        dvar2: 38.5506896973
        max: 28.2385597229
        mean: 4.80321741104
        min: -1.52471113205
        var: 20.3804340363
    spectral_rms:
        dmean: 0.000588725553825
        dmean2: 0.000868815695867
        dvar: 4.53137289469e-07
        dvar2: 9.49572324771e-07
        max: 0.00436477782205
        mean: 0.00143769022543
        min: 0.000210519690881
        var: 6.1381837213e-07
    spectral_rolloff:
        dmean: 1370.29467773
        dmean2: 2396.17211914
        dvar: 2512132.75
        dvar2: 6133031.5
        max: 10529.7363281
        mean: 2935.67797852
        min: 236.865234375
        var: 3064385.75
    spectral_skewness:
        dmean: 0.632761776447
        dmean2: 1.01401090622
        dvar: 0.319725334644
        dvar2: 0.712741196156
        max: 3.5250248909
        mean: 1.61346232891
        min: -0.222179189324
        var: 0.486251682043
    spectral_spread:
        dmean: 2569588.25
        dmean2: 3907559.25
        dvar: 7.00881095885e+12
        dvar2: 1.57562878034e+13
        max: 19780782
        mean: 6036942
        min: 2093414.125
        var: 1.04552422441e+13
    spectral_strongpeak:
        dmean: 0.353345632553
        dmean2: 0.615208983421
        dvar: 0.283047437668
        dvar2: 0.730302393436
        max: 2.83983778954
        mean: 0.376325070858
        min: 0
        var: 0.308214813471
    zerocrossingrate:
        dmean: 0.0230004377663
        dmean2: 0.029360761866
        dvar: 0.000442379357992
        dvar2: 0.000662924780045
        max: 0.2392578125
        mean: 0.0877134799957
        min: 0.0244140625
        var: 0.00159974000417
    barkbands:
        dmean: [1.4311930272e-06, 0.000160309587955, 0.000324498076225, 0.000432000233559, 0.000357453827746, 0.000170713392436, 6.56587944832e-05, 9.63745551417e-05, 7.66106895753e-05, 5.33677593921e-05, 1.72973304871e-05, 2.80109179585e-05, 3.81633362849e-05, 2.28159660765e-05, 4.38211209257e-05, 4.65617595182e-05, 0.00010233791545, 0.000176988643943, 0.000200911032152, 0.000234305349295, 0.0001781565079, 7.97859902377e-05, 3.07868795062e-05, 3.78281292797e-05, 4.39856157755e-05, 4.33392870036e-06, 1.16215215229e-09]
        dmean2: [1.78641607818e-06, 0.00025498267496, 0.00057477428345, 0.000821299967356, 0.000668983440846, 0.00030618609162, 0.000114426686196, 0.000168983067852, 0.00011935706425, 9.2547670647e-05, 2.89315867121e-05, 4.91301252623e-05, 6.78438664181e-05, 3.925524652e-05, 7.51491388655e-05, 7.23238554201e-05, 0.000160375784617, 0.000293522782158, 0.000319537619362, 0.000396854797145, 0.000294826109894, 0.000128654704895, 5.02444891026e-05, 6.39388963464e-05, 7.44826029404e-05, 7.30352530809e-06, 1.79493242491e-09]
        dvar: [4.26242201257e-12, 5.48762066899e-08, 5.80140749662e-07, 1.43292186294e-06, 6.84008853113e-07, 1.81083862572e-07, 1.03874651103e-08, 2.41462814188e-08, 1.58380508708e-08, 3.40622419159e-09, 5.84904069623e-10, 1.16605325395e-09, 2.9785129918e-09, 1.44364664667e-09, 3.42802652931e-09, 5.64098812106e-09, 2.18209041947e-08, 7.40197094729e-08, 1.78249408123e-07, 1.66422893244e-07, 1.31039826101e-07, 3.89236554099e-08, 6.96756563556e-09, 8.27740365139e-09, 1.1883784623e-08, 1.18205431554e-10, 3.05176971171e-17]
        dvar2: [7.45263833285e-12, 1.37252385457e-07, 1.59200749295e-06, 4.06961271437e-06, 1.93373671209e-06, 5.11668929448e-07, 2.93932220785e-08, 6.41337436491e-08, 3.90528391847e-08, 1.01197290547e-08, 1.49689050044e-09, 3.14998183093e-09, 8.71456329321e-09, 4.49862547214e-09, 9.96985516366e-09, 1.40202445209e-08, 5.18027576391e-08, 1.69033327779e-07, 3.96569134864e-07, 3.39285406881e-07, 2.68072511744e-07, 7.47387360889e-08, 1.36587141597e-08, 1.84451369734e-08, 2.4747359717e-08, 2.85297091507e-10, 3.59484190799e-17]
        max: [1.69502709468e-05, 0.00139146274887, 0.00533681968227, 0.00738125201315, 0.00479223625734, 0.00324726244435, 0.000743746000808, 0.00130287464708, 0.00182412366848, 0.000422207900556, 0.000245257571805, 0.000234926090343, 0.00044732351671, 0.000262275367277, 0.000444922421593, 0.000608124071732, 0.000987885403447, 0.00168473133817, 0.00292531889863, 0.00270970421843, 0.00244955369271, 0.0014638841385, 0.000490222475491, 0.000492062477861, 0.000680687720887, 6.48929417366e-05, 1.07078825806e-07]
        mean: [2.24379505198e-06, 0.000230214602198, 0.000226072079386, 0.000258288346231, 0.000242634574533, 0.000135755719384, 6.96194038028e-05, 9.96347225737e-05, 9.27945438889e-05, 6.81364690536e-05, 2.52182871918e-05, 4.41915944975e-05, 4.69496480946e-05, 2.99538660329e-05, 5.55209262529e-05, 6.67097629048e-05, 0.000125674399897, 0.000186400735402, 0.000200271620997, 0.000216311469558, 0.000156232214067, 7.43259879528e-05, 2.61836103164e-05, 2.97521855828e-05, 3.54536387022e-05, 3.24540133079e-06, 9.62525503745e-10]
        min: [4.49030979066e-10, 6.93072665925e-09, 1.01478736525e-08, 7.81208058243e-08, 4.47324111974e-07, 2.10983614579e-07, 2.53410064488e-07, 8.42428335091e-07, 1.44966088556e-06, 2.0941592993e-06, 5.32017843113e-08, 4.56582370134e-07, 3.9177475486e-08, 1.67989227862e-07, 3.91717009052e-07, 7.20072989679e-07, 5.66851440453e-07, 1.74531999164e-06, 1.00196211861e-06, 5.31279454208e-07, 1.54747823444e-07, 4.79610271498e-08, 8.52187387324e-09, 9.99684690584e-09, 2.46617615218e-09, 2.08393427514e-10, 5.86174988756e-14]
        var: [1.00383321447e-11, 6.79532234926e-08, 3.89775550502e-07, 8.15826808775e-07, 4.0036056248e-07, 1.11407779002e-07, 7.63321050812e-09, 2.35372326074e-08, 1.61868687343e-08, 3.86928000751e-09, 7.39705408037e-10, 1.56114265959e-09, 2.71251909822e-09, 1.9533272777e-09, 4.04388478259e-09, 7.3948056567e-09, 2.67786059993e-08, 7.40488275142e-08, 1.79148969437e-07, 1.95438047967e-07, 1.50437443835e-07, 4.5525244019e-08, 7.35015914799e-09, 7.67870922402e-09, 1.20161480766e-08, 9.6166671848e-11, 3.09985173548e-17]
    mfcc:
        mean: [-750.116271973, 110.607421875, -39.8428268433, 39.9993515015, -4.86568498611, -6.66020298004, 5.52088499069, 0.547263205051, 5.83679485321, -0.0190679505467, 3.2495932579, 0.904204964638, -2.38786244392]
        cov: [[4489.51171875, -2517.94384766, 1115.1998291, 454.4949646, -57.279750824, 102.631156921, -55.6123390198, -91.7418136597, -69.9979095459, -130.730255127, -94.5682601929, -96.4727020264, -23.9277801514], [-2517.94384766, 2675.37792969, -604.169433594, -28.9931850433, 184.898254395, 88.2087402344, 85.4946746826, 145.89012146, 25.697057724, 118.093597412, 42.5712356567, 75.0349502563, 28.9178600311], [1115.1998291, -604.169433594, 908.817443848, -39.5872993469, 62.7603149414, 84.8387527466, 20.863325119, 27.636264801, -16.5619373322, -14.7603797913, 14.6354551315, -17.4417533875, 17.3063335419], [454.4949646, -28.9931850433, -39.5872993469, 381.455780029, -7.82774877548, 72.7552108765, 36.7672157288, -2.58472561836, 48.8323097229, -16.7855091095, -5.0509018898, 4.87986564636, 26.3191280365], [-57.279750824, 184.898254395, 62.7603149414, -7.82774877548, 189.675506592, 50.6581611633, 37.2734069824, 41.324344635, -0.619220018387, 25.3697032928, -12.8675251007, -1.85111153126, -9.85130500793], [102.631156921, 88.2087402344, 84.8387527466, 72.7552108765, 50.6581611633, 140.954437256, 44.7794456482, 42.9078483582, 41.1957397461, 21.5841579437, 13.6541566849, -0.796648263931, 42.9828491211], [-55.6123390198, 85.4946746826, 20.863325119, 36.7672157288, 37.2734069824, 44.7794456482, 93.4892349243, 20.5669326782, 41.8163604736, 5.2657084465, 9.09044265747, 6.44204711914, 26.2315235138], [-91.7418136597, 145.89012146, 27.636264801, -2.58472561836, 41.324344635, 42.9078483582, 20.5669326782, 89.2714920044, 23.7040805817, 36.5327529907, 23.3053417206, 30.5504589081, 15.3188753128], [-69.9979095459, 25.697057724, -16.5619373322, 48.8323097229, -0.619220018387, 41.1957397461, 41.8163604736, 23.7040805817, 112.319030762, 40.4075469971, 46.4788627625, 29.8439292908, 54.0240745544], [-130.730255127, 118.093597412, -14.7603797913, -16.7855091095, 25.3697032928, 21.5841579437, 5.2657084465, 36.5327529907, 40.4075469971, 96.6439971924, 46.0935134888, 21.1173973083, 8.19369602203], [-94.5682601929, 42.5712356567, 14.6354551315, -5.0509018898, -12.8675251007, 13.6541566849, 9.09044265747, 23.3053417206, 46.4788627625, 46.0935134888, 99.5577316284, 39.9572868347, 26.0380840302], [-96.4727020264, 75.0349502563, -17.4417533875, 4.87986564636, -1.85111153126, -0.796648263931, 6.44204711914, 30.5504589081, 29.8439292908, 21.1173973083, 39.9572868347, 79.2292480469, 36.2341651917], [-23.9277801514, 28.9178600311, 17.3063335419, 26.3191280365, -9.85130500793, 42.9828491211, 26.2315235138, 15.3188753128, 54.0240745544, 8.19369602203, 26.0380840302, 36.2341651917, 90.315071106]]
        icov: [[0.00097096117679, 0.000758466951083, -0.00070109666558, -0.00125207367819, -0.000137975133839, -0.000417094124714, 0.000398688134737, -5.54305988771e-05, 0.000840381311718, -0.000361359561794, 0.000460048933746, -9.61880868999e-05, 2.67148316198e-05], [0.000758466951083, 0.00117921933997, -5.95437559241e-05, -0.000873980752658, -0.000529232842382, -0.000639194389805, -0.000104166545498, -0.000593145668972, 0.00127073621843, -0.000615053402726, 0.000193562562345, -0.000260057509877, -0.000188976831851], [-0.00070109666558, -5.95437559241e-05, 0.00216609379277, 0.00123965961393, -0.000538351712748, -0.000792984792497, -0.00060285901418, -0.00056821887847, 0.000365492800483, 0.000588183291256, -0.00112873793114, 0.000321508647176, -0.00042841443792], [-0.00125207367819, -0.000873980752658, 0.00123965961393, 0.00497992755845, 0.000580101564992, -0.00190934725106, -0.000885657500476, 0.000934585230425, -0.00258698221296, 0.0015864179004, 3.63127837772e-05, -0.00100680801552, 0.0011270357063], [-0.000137975133839, -0.000529232842382, -0.000538351712748, 0.000580101564992, 0.00776328006759, -0.00197288580239, -0.00251612067223, -0.00123243848793, 0.000440250674728, -0.00183827395085, 0.00240187789313, -0.000959146302193, 0.0023883455433], [-0.000417094124714, -0.000639194389805, -0.000792984792497, -0.00190934725106, -0.00197288580239, 0.0146672930568, -0.00196674163453, -0.00503098685294, -0.000644508283585, -0.00104964547791, -0.00101406138856, 0.00636166986078, -0.00674775475636], [0.000398688134737, -0.000104166545498, -0.00060285901418, -0.000885657500476, -0.00251612067223, -0.00196674163453, 0.0161170549691, -0.000901262799744, -0.00563368899748, 0.0031224754639, 0.000110215944005, 0.00102329626679, -0.00070976378629], [-5.54305988771e-05, -0.000593145668972, -0.00056821887847, 0.000934585230425, -0.00123243848793, -0.00503098685294, -0.000901262799744, 0.0190731752664, -0.000545146060176, -0.00370942358859, 0.000736358633731, -0.00748472427949, 0.00275151967071], [0.000840381311718, 0.00127073621843, 0.000365492800483, -0.00258698221296, 0.000440250674728, -0.000644508283585, -0.00563368899748, -0.000545146060176, 0.0204308722168, -0.00642146216705, -0.00371963530779, 0.000335856107995, -0.00811787415296], [-0.000361359561794, -0.000615053402726, 0.000588183291256, 0.0015864179004, -0.00183827395085, -0.00104964547791, 0.0031224754639, -0.00370942358859, -0.00642146216705, 0.0181069523096, -0.00601196615025, 0.000405053084251, 0.00331667042337], [0.000460048933746, 0.000193562562345, -0.00112873793114, 3.63127837772e-05, 0.00240187789313, -0.00101406138856, 0.000110215944005, 0.000736358633731, -0.00371963530779, -0.00601196615025, 0.017685867846, -0.00656704232097, 0.00115951814223], [-9.61880868999e-05, -0.000260057509877, 0.000321508647176, -0.00100680801552, -0.000959146302193, 0.00636166986078, 0.00102329626679, -0.00748472427949, 0.000335856107995, 0.000405053084251, -0.00656704232097, 0.0231515057385, -0.00950305536389], [2.67148316198e-05, -0.000188976831851, -0.00042841443792, 0.0011270357063, 0.0023883455433, -0.00674775475636, -0.00070976378629, 0.00275151967071, -0.00811787415296, 0.00331667042337, 0.00115951814223, -0.00950305536389, 0.0221382565796]]
    spectral_contrast:
        mean: [-2.6255662533e-07, -3.72522521275e-07, -4.1595032485e-07, 2.83468608586e-07, -1.70566309521e-07, -4.69126675284e-08, 6.99488225564e-07, -7.98147766545e-07, 3.33092930305e-06, -2.85100804831e-06, -3.52360473244e-07, -3.95345114157e-06]
        var: [0.00044609879842, 0.000927392335143, 0.00138255325146, 0.00196412974037, 0.00270183477551, 0.00483561633155, 0.0527872666717, 0.126964762807, 0.173324093223, 0.258721441031, 0.793384552002, 2.98325610161]

rhythm:
    beats_loudness:
        dmean: 0.00336017692462
        dmean2: 0.00645772693679
        dvar: 1.03813617898e-05
        dvar2: 4.02733057854e-05
        max: 0.0124683724716
        mean: 0.00508099701256
        min: 0.0025381767191
        var: 6.914086498e-06
    beats_loudness_bass:
        dmean: 0.359179854393
        dmean2: 0.701797187328
        dvar: 0.0434489175677
        dvar2: 0.0714182332158
        max: 0.755603015423
        mean: 0.476765394211
        min: 0.119734734297
        var: 0.0602491162717
    bpm: 70.2667922974
    bpm_confidence: 0
    first_peak_bpm: 141
    first_peak_spread: 0
    first_peak_weight: 0.533333361149
    onset_rate: 7.81659030914
    second_peak_bpm: 70
    second_peak_spread: 0.142857134342
    second_peak_weight: 0.40000000596
    beats_position: [0.219372779131, 1.07326126099, 1.92714989185, 2.78103852272, 3.63492703438, 4.48881530762, 5.34270381927, 6.22255659103, 6.64798974991, 7.07342195511, 7.49885463715, 7.92428684235, 8.34972000122, 8.77515220642, 9.2005853653, 9.6260175705]
    bpm_estimates: [70.2498855591, 70.2595825195, 70.2462234497, 70.250289917, 70.2784500122, 70.3163375854]
    bpm_intervals: [0.853888511658, 0.853888630867, 0.853888630867, 0.853888511658, 0.853888273239, 0.853888511658, 0.879852771759, 0.425433158875, 0.4254322052, 0.425432682037, 0.4254322052, 0.425433158875, 0.4254322052, 0.425433158875, 0.4254322052]
    onset_times: [0.0464399084449, 0.116099774837, 0.208979591727, 0.336689352989, 0.429569154978, 0.638548731804, 0.847528338432, 0.975238084793, 1.06811785698, 1.18421769142, 1.28870749474, 1.39319729805, 1.49768710136, 1.70666670799, 1.83437645435, 1.91564631462, 2.0549659729, 2.14784574509, 2.34521532059, 2.47292518616, 2.56580495834, 2.69351482391, 2.7863945961, 2.90249443054, 3.11147403717, 3.20435380936, 3.42494320869, 3.55265307426, 3.63392281532, 3.85451245308, 4.06349229813, 4.19120168686, 4.28408145905, 4.41179132462, 4.5046710968, 4.62077093124, 4.81814050674, 4.92263031006, 5.14321994781, 5.27092981339, 5.35219955444, 5.47990942001, 5.5727891922, 5.78176879883, 5.9094786644, 5.99074840546, 6.11845827103, 6.21133804321, 6.33904743195, 6.43192720413, 6.53641700745, 6.64090681076, 6.84988641739, 7.05886602402, 7.19818592072, 7.27945566177, 7.4884352684, 7.6277551651, 7.70902490616, 7.83673477173, 7.92961454391, 8.04571437836, 8.16181373596, 8.24308395386, 8.34757328033, 8.56816291809, 8.6958732605, 8.77714252472, 8.99773216248, 9.11383247375, 9.2067117691, 9.33442211151, 9.41569137573, 9.55501174927, 9.64789104462, 9.7639913559, 9.86848068237, 9.9613609314]
    rubato_start: [6.64798974991]
    rubato_stop: [7.07342195511]
    perceptual_tempo: "unknown"

sfx:
    inharmonicity:
        dmean: 0.0532070621848
        dmean2: 0.0906278863549
        dvar: 0.00337610417046
        dvar2: 0.00898220017552
        max: 0.445640653372
        mean: 0.0589887425303
        min: 0.000442818272859
        var: 0.00405825208873
    oddtoevenharmonicenergyratio:
        dmean: 1.73167037964
        dmean2: 3.19243097305
        dvar: 15.8701591492
        dvar2: 45.617855072
        max: 34.2021522522
        mean: 1.24132287502
        min: 0.000619228288997
        var: 9.49077129364
    pitch_after_max_to_before_max_energy_ratio: 1.08879125118
    pitch_centroid: 219.150161743
    pitch_max_to_total: 0.453488379717
    pitch_min_to_total: 0.679069757462
    tristimulus:
        dmean: [0.216415852308, 0.269690334797, 0.140521705151]
        dmean2: [0.364967554808, 0.463296115398, 0.254086971283]
        dvar: [0.0311425402761, 0.0464998111129, 0.0207096803933]
        dvar2: [0.0823118686676, 0.125654861331, 0.0576174780726]
        max: [0.933655440807, 0.994066357613, 0.838950037956]
        mean: [0.371496111155, 0.436023056507, 0.121280454099]
        min: [0.00500597665086, 0, 0]
        var: [0.0559860691428, 0.068198390305, 0.0219577923417]

tonal:
    chords_changes_rate: 0.0694444477558
    chords_number_rate: 0.0231481473893
    chords_strength:
        dmean: 0.0117439646274
        dmean2: 0.0129035934806
        dvar: 8.92055832082e-05
        dvar2: 0.000104924605694
        max: 0.692405700684
        mean: 0.489932239056
        min: 0.342130303383
        var: 0.007877971977
    key_strength: 0.687720239162
    tuning_diatonic_strength: 0.594956696033
    tuning_equal_tempered_deviation: 0.100007399917
    tuning_frequency: 448.985931396
    tuning_nontempered_energy_ratio: 0.755173385143
    hpcp:
        dmean: [0.202946007252, 0.170984119177, 0.201824843884, 0.188966885209, 0.162649378181, 0.201466992497, 0.242880880833, 0.23805680871, 0.181383624673, 0.215625047684, 0.190273433924, 0.154818475246, 0.157192572951, 0.159200429916, 0.17780905962, 0.265255331993, 0.229768022895, 0.165021911263, 0.171767815948, 0.15234670043, 0.19520328939, 0.289484590292, 0.239528566599, 0.230866864324, 0.255811810493, 0.180363178253, 0.111890263855, 0.107156179845, 0.13944542408, 0.180952966213, 0.249662876129, 0.233085647225, 0.17050626874, 0.144226804376, 0.131934612989, 0.166313067079]
        dmean2: [0.348230421543, 0.282112628222, 0.351178526878, 0.333106279373, 0.292058587074, 0.360309749842, 0.437169373035, 0.409084677696, 0.304477125406, 0.369313955307, 0.320411473513, 0.270448982716, 0.275578320026, 0.280387401581, 0.306418120861, 0.472127079964, 0.406985163689, 0.282304376364, 0.311501055956, 0.281743645668, 0.36667445302, 0.552170753479, 0.435699284077, 0.391411215067, 0.449892520905, 0.313774496317, 0.196710512042, 0.195018321276, 0.244875207543, 0.31106069684, 0.442500650883, 0.416881740093, 0.302671939135, 0.257964789867, 0.218178555369, 0.275938808918]
        dvar: [0.057567872107, 0.0318450555205, 0.0601278208196, 0.052688177675, 0.0359519049525, 0.0479883663356, 0.0841848254204, 0.0791981369257, 0.0333545953035, 0.0445188879967, 0.0332713201642, 0.0391740947962, 0.0441823266447, 0.0448792651296, 0.0478227585554, 0.0763936117291, 0.0501630045474, 0.0256233364344, 0.0505468845367, 0.0403001047671, 0.0553797073662, 0.115949250758, 0.059675052762, 0.0482381433249, 0.0605710446835, 0.036509450525, 0.0197010170668, 0.0156503003091, 0.026273149997, 0.0334127508104, 0.0600588358939, 0.049750611186, 0.0407309681177, 0.0364970304072, 0.0295743513852, 0.036410883069]
        dvar2: [0.141923844814, 0.0763416215777, 0.154746264219, 0.142869621515, 0.0979480445385, 0.123860180378, 0.203812196851, 0.2037615031, 0.079254090786, 0.102528087795, 0.0856843665242, 0.108000256121, 0.116514474154, 0.120106786489, 0.138700321317, 0.192122235894, 0.138921037316, 0.0665478631854, 0.142530053854, 0.117712669075, 0.163200378418, 0.344102263451, 0.17180480063, 0.129582390189, 0.148943379521, 0.0912681818008, 0.053520988673, 0.0401066094637, 0.0748792812228, 0.084220699966, 0.159653693438, 0.127622112632, 0.102324612439, 0.0865230634809, 0.0682603567839, 0.0779384076595]
        max: [1, 0.911046981812, 1, 1, 1, 1, 1, 1, 1, 1, 1, 1, 1, 1, 1, 1, 1, 1, 1, 1, 1, 1, 1, 1, 1, 1, 1, 0.681667864323, 1, 1, 1, 1, 1, 1, 1, 1]
        mean: [0.311670929193, 0.233291685581, 0.19121491909, 0.180019184947, 0.185677230358, 0.22567409277, 0.227527886629, 0.199482828379, 0.21430285275, 0.276122897863, 0.237394839525, 0.161250665784, 0.148850604892, 0.149419516325, 0.211382523179, 0.313320159912, 0.306321561337, 0.234659805894, 0.178277939558, 0.133167505264, 0.162149086595, 0.215804100037, 0.256080448627, 0.358629494905, 0.402552604675, 0.248465374112, 0.121763363481, 0.115062296391, 0.146162390709, 0.262717753649, 0.367476433516, 0.286077439785, 0.16349068284, 0.139955744147, 0.161278858781, 0.260454118252]
        min: [0.0088241957128, 0.0111903306097, 0.00704984320328, 0.00557656679302, 0.0142500093207, 0.0165159404278, 0.0076716276817, 0.00427843490615, 0.00846397038549, 0.0117905978113, 0.00889546610415, 0.00558688631281, 0.00623751292005, 0.00642247172073, 0.00978467427194, 0.0103831915185, 0.0121039440855, 0.00821757037193, 0.00576110184193, 0.00432897964492, 0.0045327055268, 0.00281776650809, 0.00628158310428, 0.0221523530781, 0.0130986757576, 0.00314159900881, 0.00306190713309, 0.00257862592116, 0.00374978897162, 0.00475317658857, 0.0110238362104, 0.0133532248437, 0.00616830680519, 0.00460580037907, 0.00667634885758, 0.0130582358688]
        var: [0.0856957733631, 0.0461572892964, 0.0577885769308, 0.0450757108629, 0.0319842882454, 0.0472806692123, 0.0777294039726, 0.071196988225, 0.0399401113391, 0.0649016499519, 0.0489744096994, 0.0364422127604, 0.0385972969234, 0.0372037962079, 0.046165600419, 0.104206696153, 0.0616704523563, 0.0372234992683, 0.042680926621, 0.0308185908943, 0.0412204600871, 0.0894150435925, 0.0638431385159, 0.0598278827965, 0.103047274053, 0.0569368116558, 0.0174503214657, 0.0139299919829, 0.0245590470731, 0.0509783104062, 0.0984069183469, 0.0655004680157, 0.041940625757, 0.0322030037642, 0.0327898599207, 0.0610378682613]
    chords_histogram: [32.4074058533, 0, 2.77777767181, 0, 31.9444446564, 0, 0, 0, 0, 0, 0, 0, 0, 0, 0, 0, 0, 0, 0, 0, 0, 3.24074077606, 0, 29.6296291351]
    thpcp: [1, 0.617224633694, 0.302478134632, 0.285831689835, 0.363088905811, 0.652629613876, 0.912865638733, 0.710658550262, 0.406134963036, 0.347670704126, 0.400640457869, 0.647006392479, 0.774236500263, 0.579530954361, 0.475006043911, 0.447194188833, 0.461249619722, 0.560607731342, 0.565212786198, 0.495544731617, 0.53235989809, 0.685929954052, 0.58972376585, 0.400570422411, 0.369766831398, 0.371180087328, 0.52510535717, 0.778333485126, 0.760947883129, 0.582929551601, 0.442868679762, 0.330807715654, 0.402802228928, 0.5360891819, 0.636141598225, 0.890888512135]
    chords_key: "F"
    chords_scale: "major"
    key_key: "F"
    key_scale: "major"
    chords_progression: ["G", "G", "G", "G", "G", "G", "G", "G", "G", "G", "G", "G", "G", "G", "G", "G", "G", "G", "G", "G", "G", "G", "G", "G", "G", "G", "G", "G", "G", "G", "G", "Dm", "Dm", "Dm", "Dm", "Dm", "Dm", "Dm", "Dm", "Dm", "Dm", "Dm", "Dm", "Dm", "F", "F", "F", "F", "F", "F", "F", "F", "F", "F", "F", "F", "F", "F", "F", "F", "F", "Dm", "Dm", "Dm", "Dm", "Dm", "Dm", "Dm", "Dm", "Dm", "Dm", "Dm", "Dm", "Dm", "Dm", "Dm", "Dm", "Dm", "Dm", "G", "G", "G", "G", "G", "G", "G", "G", "G", "G", "Gm", "G", "G", "G", "G", "G", "G", "Gm", "Gm", "Gm", "Gm", "Gm", "Gm", "Dm", "Dm", "Dm", "Dm", "Dm", "Dm", "Dm", "Dm", "Dm", "Dm", "Dm", "F", "Dm", "Dm", "Dm", "Dm", "F", "F", "F", "F", "F", "F", "F", "F", "F", "F", "F", "F", "F", "F", "F", "F", "F", "F", "Dm", "Dm", "Dm", "Dm", "Dm", "Dm", "Dm", "Dm", "Dm", "Dm", "Dm", "Dm", "Dm", "Dm", "Dm", "Dm", "Dm", "Dm", "G", "G", "G", "G", "G", "G", "G", "G", "G", "G", "G", "G", "G", "G", "G", "G", "G", "G", "G", "G", "G", "G", "C", "C", "C", "C", "C", "C", "F", "F", "F", "F", "F", "F", "F", "F", "F", "F", "F", "F", "F", "F", "F", "F", "F", "F", "F", "F", "F", "F", "F", "F", "F", "F", "F", "F", "F", "F", "F", "F", "F", "F"]
