
metadata:
    version:
        essentia: "1.2.2"
    audio_properties:
        analysis_sample_rate: 44100
        bitrate: 128
        channels: 2
        equal_loudness: 1
        length: 10.0048980713
        replay_gain: -10.1983547211
        downmix: "mix"
    tags:
        track: 14
        year: 0
        album: "Splitted by Mp3Splt v. 2.1"
        artist: "From 002.10 To 002.20"
        comment: "http://mp3splt.sf.net"
        genre: ""
        title: "12 Metal.mp3"

highlevel:
    ballroom:
        all:
            ChaChaCha: 0.0712153241038
            Jive: 0.148783013225
            Quickstep: 0.243183448911
            Rumba-American: 0.0111349727958
            Rumba-International: 0.0872639790177
            Rumba-Misc: 0.0495260991156
            Samba: 0.0577783025801
            Tango: 0.0443348251283
            VienneseWaltz: 0.236748635769
            Waltz: 0.050031401217
        probability: 0.243183448911
        value: "Quickstep"
    culture:
        all:
            non_western: 0.0230693221092
            western: 0.976930677891
        probability: 0.976930677891
        value: "western"
    gender:
        all:
            female: 0.510834336281
            male: 0.489165663719
        probability: 0.510834336281
        value: "female"
    genre_dortmund:
        all:
            alternative: 0.118163056672
            blues: 0.0288608707488
            electronic: 0.0751622095704
            folkcountry: 0.213979542255
            funksoulrnb: 0.110970541835
            jazz: 0.0640953481197
            pop: 0.140197396278
            raphiphop: 0.0402757748961
            rock: 0.208295270801
        probability: 0.213979542255
        value: "folkcountry"
    genre_electronica:
        all:
            ambient: 0.523999631405
            dnb: 0.193299785256
            house: 0.0346868596971
            techno: 0.00923642516136
            trance: 0.238777339458
        probability: 0.523999631405
        value: "ambient"
    genre_rosamerica:
        all:
            cla: 0.0578140355647
            dan: 0.0667426511645
            hip: 0.0166693180799
            jaz: 0.00873833987862
            pop: 0.3639344275
            rhy: 0.0376464985311
            roc: 0.443827658892
            spe: 0.00462708622217
        probability: 0.443827658892
        value: "roc"
    genre_tzanetakis:
        all:
            blu: 0.00595871638507
            cla: 0.0197265837342
            cou: 0.517350614071
            dis: 0.0657898634672
            hip: 0.00679576257244
            jaz: 0.00866791512817
            met: 0.0116779003292
            pop: 0.134990900755
            reg: 0.0272029619664
            roc: 0.201838821173
        probability: 0.517350614071
        value: "cou"
    live_studio:
        all:
            live: 0.0456690900028
            studio: 0.954330921173
        probability: 0.954330921173
        value: "studio"
    mood:
        all:
            Cluster1: 0.0634789541364
            Cluster2: 0.0841021984816
            Cluster3: 0.762230098248
            Cluster4: 0.0489519350231
            Cluster5: 0.0412368401885
        probability: 0.762230098248
        value: "Cluster3"
    mood_acoustic:
        all:
            acoustic: 0.0336507037282
            not_acoustic: 0.966349303722
        probability: 0.966349303722
        value: "not_acoustic"
    mood_aggressive:
        all:
            aggressive: 0.115176521242
            not_aggressive: 0.88482350111
        probability: 0.88482350111
        value: "not_aggressive"
    mood_electronic:
        all:
            electronic: 0.154977530241
            not_electronic: 0.845022439957
        probability: 0.845022439957
        value: "not_electronic"
    mood_happy:
        all:
            happy: 0.711331427097
            not_happy: 0.288668572903
        probability: 0.711331427097
        value: "happy"
    mood_party:
        all:
            not_party: 0.764076590538
            party: 0.23592337966
        probability: 0.764076590538
        value: "not_party"
    mood_relaxed:
        all:
            not_relaxed: 0.259556055069
            relaxed: 0.740443944931
        probability: 0.740443944931
        value: "relaxed"
    mood_sad:
        all:
            not_sad: 0.298556804657
            sad: 0.701443195343
        probability: 0.701443195343
        value: "sad"
    rhythm:
        all:
            fast: 0.353389412165
            medium: 0.619107782841
            slow: 0.0275027882308
        probability: 0.619107782841
        value: "medium"
    speech_music:
        all:
            music: 0.986792325974
            speech: 0.0132076963782
        probability: 0.986792325974
        value: "music"
    timbre:
        all:
            bright: 0.0566757619381
            dark: 0.943324267864
        probability: 0.943324267864
        value: "dark"
    voice_instrumental:
        all:
            instrumental: 0.00832121260464
            voice: 0.991678774357
        probability: 0.991678774357
        value: "voice"

lowlevel:
    average_loudness: 0.958420574665
    barkbands_kurtosis:
        dmean: 1.19805443287
        dmean2: 1.84784388542
        dvar: 2.17266654968
        dvar2: 4.53215026855
        max: 13.5298919678
        mean: 1.13159286976
        min: -1.67140901089
        var: 7.58411407471
    barkbands_skewness:
        dmean: 0.384858697653
        dmean2: 0.5832695961
        dvar: 0.113550171256
        dvar2: 0.242959886789
        max: 3.42541146278
        mean: 1.11429178715
        min: -0.667380571365
        var: 0.630886733532
    barkbands_spread:
        dmean: 4.08256578445
        dmean2: 5.77339363098
        dvar: 12.2369737625
        dvar2: 25.7323436737
        max: 45.6156768799
        mean: 21.7556991577
        min: 4.24181604385
        var: 65.9862594604
    dissonance:
        dmean: 0.0254726596177
        dmean2: 0.0420746356249
        dvar: 0.000398880976718
        dvar2: 0.00110203982331
        max: 0.4998087883
        mean: 0.44657343626
        min: 0.321440815926
        var: 0.000940628466196
    hfc:
        dmean: 1.43416690826
        dmean2: 2.03876900673
        dvar: 3.9344522953
        dvar2: 6.80216598511
        max: 20.9799728394
        mean: 5.39927768707
        min: 0.576820969582
        var: 17.5647277832
    pitch:
        dmean: 131.687713623
        dmean2: 249.742294312
        dvar: 128529.203125
        dvar2: 317508.09375
        max: 4009.09082031
        mean: 291.407501221
        min: 83.2075500488
        var: 102438.101562
    pitch_instantaneous_confidence:
        dmean: 0.0864432603121
        dmean2: 0.139635592699
        dvar: 0.0044652055949
        dvar2: 0.0117570813745
        max: 0.75920176506
        mean: 0.427066266537
        min: 0.158781945705
        var: 0.0145315388218
    pitch_salience:
        dmean: 0.0653472989798
        dmean2: 0.106457196176
        dvar: 0.00355767295696
        dvar2: 0.01004263293
        max: 0.839972317219
        mean: 0.624999582767
        min: 0.380634456873
        var: 0.00678055081517
    silence_rate_20dB:
        dmean: 0
        dmean2: 0
        dvar: 0
        dvar2: 0
        max: 1
        mean: 1
        min: 1
        var: 0
    silence_rate_30dB:
        dmean: 0
        dmean2: 0
        dvar: 0
        dvar2: 0
        max: 1
        mean: 1
        min: 1
        var: 0
    silence_rate_60dB:
        dmean: 0.134883716702
        dmean2: 0.268065273762
        dvar: 0.116689875722
        dvar2: 0.242826417089
        max: 1
        mean: 0.294663578272
        min: 0
        var: 0.207837507129
    spectral_centroid:
        dmean: 171.066390991
        dmean2: 260.390136719
        dvar: 33214.96875
        dvar2: 66694.4296875
        max: 2266.11743164
        mean: 1054.26745605
        min: 448.97744751
        var: 166375.484375
    spectral_complexity:
        dmean: 2.93457937241
        dmean2: 4.42622947693
        dvar: 10.1733179092
        dvar2: 17.0923519135
        max: 35
        mean: 12.9090909958
        min: 3
        var: 44.4556388855
    spectral_crest:
        dmean: 2.54429507256
        dmean2: 4.12172651291
        dvar: 4.63023853302
        dvar2: 11.5086631775
        max: 18.7772140503
        mean: 8.63106822968
        min: 2.61227631569
        var: 11.1294136047
    spectral_decrease:
        dmean: 3.22262438956e-10
        dmean2: 5.12418385501e-10
        dvar: 1.92933518927e-19
        dvar2: 4.67912342777e-19
        max: -2.16280438003e-10
        mean: -1.11393438917e-09
        min: -4.39992486889e-09
        var: 3.5322959281e-19
    spectral_energy:
        dmean: 0.00131092686206
        dmean2: 0.00207212520763
        dvar: 3.18522938869e-06
        dvar2: 7.47929379941e-06
        max: 0.0185092575848
        mean: 0.00469397520646
        min: 0.000927688612137
        var: 6.58396311337e-06
    spectral_energyband_high:
        dmean: 8.16653628135e-05
        dmean2: 0.000117968796985
        dvar: 1.60806159499e-08
        dvar2: 3.50657600734e-08
        max: 0.00147592497524
        mean: 0.000200990907615
        min: 3.46798265127e-06
        var: 5.15104048304e-08
    spectral_energyband_low:
        dmean: 9.29252710193e-05
        dmean2: 0.0001521603117
        dvar: 3.47739295137e-08
        dvar2: 8.65488587465e-08
        max: 0.0015160611365
        mean: 0.000142932316521
        min: 1.99759270458e-07
        var: 4.01366406777e-08
    spectral_energyband_middle_high:
        dmean: 0.000473032792797
        dmean2: 0.000687251740601
        dvar: 3.82067128157e-07
        dvar2: 7.51218408368e-07
        max: 0.00588162243366
        mean: 0.00146671081893
        min: 0.000128705796669
        var: 1.73932562575e-06
    spectral_energyband_middle_low:
        dmean: 0.00109837949276
        dmean2: 0.00177209230606
        dvar: 2.34667368204e-06
        dvar2: 6.31617240288e-06
        max: 0.0138790011406
        mean: 0.00288332463242
        min: 0.000467029254651
        var: 2.7843755106e-06
    spectral_flatness_db:
        dmean: 0.0194738376886
        dmean2: 0.0267070867121
        dvar: 0.000322998472257
        dvar2: 0.000556334678549
        max: 0.292412430048
        mean: 0.169033929706
        min: 0.0804552584887
        var: 0.00148276309483
    spectral_flux:
        dmean: 0.00805853679776
        dmean2: 0.012670641765
        dvar: 9.62363483268e-05
        dvar2: 0.000186561024748
        max: 0.106169603765
        mean: 0.0379846505821
        min: 0.01111568138
        var: 0.000245530565735
    spectral_kurtosis:
        dmean: 1.97922742367
        dmean2: 3.10913109779
        dvar: 4.33933591843
        dvar2: 11.2273740768
        max: 19.0328826904
        mean: 5.18505382538
        min: -0.405870914459
        var: 10.5096063614
    spectral_rms:
        dmean: 0.000287955044769
        dmean2: 0.000443953264039
        dvar: 1.05396246397e-07
        dvar2: 2.25638970619e-07
        max: 0.00424944842234
        mean: 0.00206757895648
        min: 0.000951347465161
        var: 3.0460518019e-07
    spectral_rolloff:
        dmean: 454.108856201
        dmean2: 732.582641602
        dvar: 269222.5625
        dvar2: 582428.5
        max: 3940.57617188
        mean: 1992.49853516
        min: 452.197265625
        var: 1160363.875
    spectral_skewness:
        dmean: 0.228959798813
        dmean2: 0.337678432465
        dvar: 0.0401311181486
        dvar2: 0.102393306792
        max: 2.98025274277
        mean: 1.73094832897
        min: 0.813071608543
        var: 0.153981938958
    spectral_spread:
        dmean: 793538.375
        dmean2: 995929.9375
        dvar: 1.00833276723e+12
        dvar2: 1.69224188723e+12
        max: 15686217
        mean: 4589962.5
        min: 2040987.5
        var: 3.11218352947e+12
    spectral_strongpeak:
        dmean: 0.281835436821
        dmean2: 0.473363041878
        dvar: 0.152186319232
        dvar2: 0.405689537525
        max: 3.15363264084
        mean: 0.581206977367
        min: 0.0294620823115
        var: 0.223268046975
    zerocrossingrate:
        dmean: 0.0076904296875
        dmean2: 0.00892514083534
        dvar: 4.68984108011e-05
        dvar2: 5.20511130162e-05
        max: 0.11669921875
        mean: 0.0659054517746
        min: 0.02490234375
        var: 0.000455754488939
    barkbands:
        dmean: [3.37597327871e-07, 6.50786678307e-05, 4.13178095187e-05, 0.000104351849586, 0.000461930874735, 0.000284969253698, 0.000327666581143, 0.000379350007279, 0.000326144159772, 8.4811465058e-05, 7.60171824368e-05, 4.04175079893e-05, 8.55524995131e-05, 7.66575758462e-05, 0.000105601306132, 8.30913922982e-05, 9.67525265878e-05, 8.57933337102e-05, 8.31590223243e-05, 9.76496157818e-05, 3.54573094228e-05, 1.20980485008e-05, 3.40920587405e-06, 2.49125355367e-06, 1.17720151138e-06, 6.41490913722e-08, 2.22456741916e-09]
        dmean2: [5.13526686063e-07, 0.00010974300676, 7.08072984708e-05, 0.000187639074284, 0.000736900314223, 0.00043383607408, 0.000516632804647, 0.000617398589384, 0.000524260860402, 0.000139423136716, 0.00012160710321, 6.9377834734e-05, 0.000141387034091, 0.000122056546388, 0.0001704338938, 0.000133475026814, 0.000149873361806, 0.000133489636937, 0.000130387154059, 0.000147980856127, 5.50442564418e-05, 1.79514554475e-05, 4.86196177008e-06, 3.29503791363e-06, 1.64953041804e-06, 8.99837502288e-08, 2.56384691255e-09]
        dvar: [8.65239737496e-13, 2.35744597177e-08, 4.99546537469e-09, 7.55164819566e-08, 8.53703738812e-07, 1.20673377069e-07, 1.37097913466e-07, 2.38894159565e-07, 2.92947333946e-07, 1.91510469705e-08, 2.57651517899e-08, 6.48896625322e-09, 4.63653329064e-08, 3.48048310173e-08, 5.05472179668e-08, 1.55228505605e-08, 2.47328610925e-08, 2.11746211676e-08, 1.10429390077e-08, 2.5959021599e-08, 2.96926860877e-09, 3.49586859461e-10, 2.71124615814e-11, 1.69342491418e-11, 5.52186291483e-12, 1.11623433275e-14, 1.30870433763e-15]
        dvar2: [1.42066425898e-12, 5.93909739166e-08, 1.37289095647e-08, 2.14993178815e-07, 2.42627697844e-06, 2.66671264626e-07, 3.11791040986e-07, 5.78426750053e-07, 7.54187055918e-07, 4.29012843028e-08, 5.44309628481e-08, 1.81348891459e-08, 1.38944656669e-07, 8.40103808741e-08, 1.26889219132e-07, 3.98641617494e-08, 5.45127072371e-08, 5.05115416161e-08, 2.53968295283e-08, 5.94833551304e-08, 7.19740311794e-09, 7.24147797282e-10, 5.39711331182e-11, 2.71002161684e-11, 1.00250233462e-11, 2.47101838503e-14, 1.31196107343e-15]
        max: [1.41488681038e-05, 0.00108897965401, 0.000677889212966, 0.00161208584905, 0.00829399190843, 0.00312369852327, 0.00325444969349, 0.00606334395707, 0.00592359155416, 0.00193642184604, 0.0016661483096, 0.000852723489515, 0.00189851096366, 0.00215781177394, 0.00283191702329, 0.00108906626701, 0.00176831067074, 0.00131466379389, 0.00139671820216, 0.00234266952612, 0.000494467443787, 0.000163426069776, 6.48558707326e-05, 6.41189835733e-05, 3.25269575114e-05, 9.94838160295e-07, 7.50659523874e-07]
        mean: [3.62228604445e-07, 7.1193317126e-05, 7.13957560947e-05, 0.000122943412862, 0.000650390866213, 0.000597081147134, 0.000522832968272, 0.000553019635845, 0.000422944751335, 0.000137718598126, 0.000105588202132, 5.73846882617e-05, 0.000111095119792, 0.000129603824462, 0.000175198772922, 0.000143498167745, 0.000164652621606, 0.000156439476996, 0.000185735319974, 0.000200495895115, 7.66670054873e-05, 2.46350864472e-05, 5.98671840635e-06, 4.96319307786e-06, 2.05473406822e-06, 9.36118667028e-08, 2.21501106346e-09]
        min: [2.92081081543e-11, 2.00738945466e-08, 9.85437367262e-08, 1.58994424737e-07, 7.76576325734e-06, 2.19984922296e-05, 2.42439273279e-05, 1.19948281281e-05, 1.07282139652e-05, 8.62096021592e-06, 1.70290923052e-06, 1.52141819854e-06, 1.30431226353e-06, 5.71363216295e-07, 1.8263168613e-06, 5.11924099555e-06, 2.25956591748e-06, 3.52467736775e-06, 8.16043211671e-06, 2.13507564695e-06, 1.94749600269e-06, 2.69696499799e-07, 1.56876591717e-08, 5.52886181282e-09, 1.94127358633e-09, 1.1809768441e-10, 1.14899246801e-13]
        var: [9.12517891111e-13, 2.04353085564e-08, 8.41718961198e-09, 5.15537301737e-08, 7.56192662266e-07, 4.33067924632e-07, 2.75673556871e-07, 4.48723341151e-07, 3.52902247869e-07, 3.84461422698e-08, 4.15508516483e-08, 8.82501449695e-09, 5.8450257967e-08, 9.84401680171e-08, 9.58098027581e-08, 2.8649248307e-08, 5.21908880557e-08, 4.75210626405e-08, 3.72542565685e-08, 6.18251618789e-08, 8.43466452238e-09, 9.94465731985e-10, 7.65394900237e-11, 6.35402633287e-11, 1.32556656623e-11, 2.1575946799e-14, 1.30927756717e-15]
    mfcc:
        mean: [-720.119995117, 131.246322632, -44.4748039246, 42.1109046936, -26.5254631042, -22.4044132233, -15.2028417587, -16.1335716248, -3.24818491936, -3.38698458672, -7.7088394165, -5.39178466797, -3.44808864594]
        cov: [[2705.6340332, -1516.40820312, 226.981384277, -349.401184082, 289.628295898, 92.0006408691, 56.7975502014, -0.876915574074, -15.1063537598, 76.0682754517, 8.20295143127, 38.6433486938, -144.238586426], [-1516.40820312, 1378.01208496, -217.781616211, 387.554718018, -54.5641975403, 69.7014694214, 157.536819458, 67.5357894897, 101.927536011, 25.0949497223, 71.1810302734, 30.735118866, 104.61782074], [226.981384277, -217.781616211, 483.93347168, -0.580141305923, 93.9761276245, 78.5276184082, 5.87004137039, 129.971191406, 31.6027488708, 23.765745163, 44.2399406433, -0.399046510458, 40.3565101624], [-349.401184082, 387.554718018, -0.580141305923, 288.905487061, 26.8184890747, 49.3274688721, 45.2799186707, 70.3257904053, 69.3446121216, 19.5851020813, 26.8352413177, 4.85807609558, 52.8399848938], [289.628295898, -54.5641975403, 93.9761276245, 26.8184890747, 179.668273926, 76.757019043, 83.1538162231, 42.067653656, 49.9210624695, 59.710735321, 41.1578788757, 31.0696334839, 9.00405883789], [92.0006408691, 69.7014694214, 78.5276184082, 49.3274688721, 76.757019043, 137.863998413, 83.126159668, 60.6347122192, 26.0517692566, 30.6618499756, 51.5283050537, 19.4775753021, 15.9490652084], [56.7975502014, 157.536819458, 5.87004137039, 45.2799186707, 83.1538162231, 83.126159668, 158.741592407, 57.7684555054, 35.2178039551, 47.7903442383, 51.304901123, 37.3579521179, 6.29693651199], [-0.876915574074, 67.5357894897, 129.971191406, 70.3257904053, 42.067653656, 60.6347122192, 57.7684555054, 126.99243927, 52.0953788757, 14.652223587, 34.2483520508, 12.6816616058, 41.1472511292], [-15.1063537598, 101.927536011, 31.6027488708, 69.3446121216, 49.9210624695, 26.0517692566, 35.2178039551, 52.0953788757, 96.5191192627, 37.8090286255, 23.0980396271, 13.6550559998, 28.6726264954], [76.0682754517, 25.0949497223, 23.765745163, 19.5851020813, 59.710735321, 30.6618499756, 47.7903442383, 14.652223587, 37.8090286255, 94.049659729, 47.9159736633, 20.3440628052, 2.91244411469], [8.20295143127, 71.1810302734, 44.2399406433, 26.8352413177, 41.1578788757, 51.5283050537, 51.304901123, 34.2483520508, 23.0980396271, 47.9159736633, 81.1471786499, 30.6635417938, 16.2904453278], [38.6433486938, 30.735118866, -0.399046510458, 4.85807609558, 31.0696334839, 19.4775753021, 37.3579521179, 12.6816616058, 13.6550559998, 20.3440628052, 30.6635417938, 60.6106338501, 14.0578746796], [-144.238586426, 104.61782074, 40.3565101624, 52.8399848938, 9.00405883789, 15.9490652084, 6.29693651199, 41.1472511292, 28.6726264954, 2.91244411469, 16.2904453278, 14.0578746796, 71.8770217896]]
        icov: [[0.00199434999377, 0.0026908214204, 0.000596707162913, -0.000597009609919, -0.00101153831929, -0.000978291383944, -0.00187851395458, 0.000157033180585, -0.00123694178183, 0.000253562437138, -0.000261515175225, -0.000594260927755, 0.0012666026596], [0.0026908214204, 0.00550720049068, 0.00128999038134, -0.00282553583384, 0.000368023524061, -0.00136260921136, -0.00483165727928, 0.00143573118839, -0.00257441517897, 0.000879793893546, -0.00139263691381, -0.000350190035533, -3.00496740238e-05], [0.000596707162913, 0.00128999038134, 0.00433628773317, 0.000268262840109, -0.00209287903272, -0.00112569506746, 0.00181874074042, -0.00477262679487, 0.000858239480294, -0.000325374363456, -0.00133712682873, 0.000980185926892, -0.000445084529929], [-0.000597009609919, -0.00282553583384, 0.000268262840109, 0.00737240677699, -0.0014033226762, -0.00073781440733, 0.00298992008902, -0.00302523933351, -0.000907710462343, -0.000578916165978, 0.000869709765539, 0.00113371561747, -0.000879718223587], [-0.00101153831929, 0.000368023524061, -0.00209287903272, -0.0014033226762, 0.013122244738, -0.00287928036414, -0.00466335378587, 0.00404761731625, -0.00383392418735, -0.00297344033606, 0.00165966746863, -0.00181346887257, -0.00164393987507], [-0.000978291383944, -0.00136260921136, -0.00112569506746, -0.00073781440733, -0.00287928036414, 0.015046347864, -0.00351701979525, -0.00218563829549, 0.00243320059963, 0.00193494127598, -0.00539226084948, 0.00227770861238, -0.000496522057801], [-0.00187851395458, -0.00483165727928, 0.00181874074042, 0.00298992008902, -0.00466335378587, -0.00351701979525, 0.0191126186401, -0.00850146450102, 0.00370147870854, -0.00342583074234, 0.00013461864728, -0.00373180862516, 0.00396226579323], [0.000157033180585, 0.00143573118839, -0.00477262679487, -0.00302523933351, 0.00404761731625, -0.00218563829549, -0.00850146450102, 0.0222436506301, -0.00790226459503, 0.00445782858878, -0.002061806852, 0.00124220608268, -0.00568596459925], [-0.00123694178183, -0.00257441517897, 0.000858239480294, -0.000907710462343, -0.00383392418735, 0.00243320059963, 0.00370147870854, -0.00790226459503, 0.0203722473234, -0.00660305051133, 0.00233492814004, -0.00018622011703, -0.00276178726926], [0.000253562437138, 0.000879793893546, -0.000325374363456, -0.000578916165978, -0.00297344033606, 0.00193494127598, -0.00342583074234, 0.00445782858878, -0.00660305051133, 0.0206075124443, -0.0109439454973, 0.00126314547379, 0.00156020373106], [-0.000261515175225, -0.00139263691381, -0.00133712682873, 0.000869709765539, 0.00165966746863, -0.00539226084948, 0.00013461864728, -0.002061806852, 0.00233492814004, -0.0109439454973, 0.0264005530626, -0.00791680626571, -0.00115238514263], [-0.000594260927755, -0.000350190035533, 0.000980185926892, 0.00113371561747, -0.00181346887257, 0.00227770861238, -0.00373180862516, 0.00124220608268, -0.00018622011703, 0.00126314547379, -0.00791680626571, 0.0241382680833, -0.00563265755773], [0.0012666026596, -3.00496740238e-05, -0.000445084529929, -0.000879718223587, -0.00164393987507, -0.000496522057801, 0.00396226579323, -0.00568596459925, -0.00276178726926, 0.00156020373106, -0.00115238514263, -0.00563265755773, 0.0230200923979]]
    spectral_contrast:
        mean: [5.91240052472e-07, 4.76819792539e-07, -6.92912678346e-08, -6.13500574786e-08, -7.17096639846e-08, 9.25439422872e-08, -7.62008539823e-07, -3.27339250816e-07, -3.10729160446e-06, 3.1955869062e-09, 1.17319723358e-06, -1.18570176255e-06]
        var: [0.000431751919677, 0.000753073836677, 0.00142000266351, 0.00224267481826, 0.00335819763131, 0.00384435988963, 0.0405271425843, 0.0748790055513, 0.10032401979, 0.285241276026, 0.950808107853, 2.37248563766]

rhythm:
    beats_loudness:
        dmean: 0.00374422152527
        dmean2: 0.00757479295135
        dvar: 3.66240919902e-06
        dvar2: 1.12482130135e-05
        max: 0.0120535548776
        mean: 0.00677338475361
        min: 0.00259246118367
        var: 5.87649356021e-06
    beats_loudness_bass:
        dmean: 0.1521409899
        dmean2: 0.294107466936
        dvar: 0.0106471022591
        dvar2: 0.029148939997
        max: 0.382947385311
        mean: 0.0948029235005
        min: 0.000242890717345
        var: 0.0129376482219
    bpm: 129.243896484
    bpm_confidence: 0
    first_peak_bpm: 130
    first_peak_spread: 0
    first_peak_weight: 0.952381014824
    onset_rate: 3.79813981056
    second_peak_bpm: 124
    second_peak_spread: 0
    second_peak_weight: 0.047619048506
    beats_position: [0.146389067173, 0.608335196972, 1.07028126717, 1.53222751617, 1.99417376518, 2.45612001419, 2.91806602478, 3.38001227379, 3.8419585228, 4.30390453339, 4.76585102081, 5.2277970314, 5.68974351883, 6.17333316803, 6.6399064064, 7.1064786911, 7.57305192947, 8.03962516785, 8.50619697571, 8.97277069092, 9.43934345245, 9.90591621399]
    bpm_estimates: [129.382049561, 129.700622559, 129.642822266, 129.649993896, 130.136428833, 129.490142822, 131.858551025, 129.846755981, 129.747848511, 129.741348267, 129.576766968, 128.731369019, 128.553573608, 128.867767334, 128.729125977, 129.391281128, 127.691848755, 127.724578857, 128.135406494, 128.892150879, 129.010070801, 128.865158081]
    bpm_intervals: [0.461946129799, 0.461946070194, 0.461946249008, 0.461946249008, 0.461946249008, 0.46194601059, 0.461946249008, 0.461946249008, 0.46194601059, 0.461946487427, 0.46194601059, 0.461946487427, 0.4835896492, 0.466573238373, 0.466572284698, 0.466573238373, 0.466573238373, 0.466571807861, 0.46657371521, 0.466572761536, 0.466572761536]
    onset_times: [0.0580498874187, 0.359909296036, 0.592108845711, 1.06811785698, 1.30031740665, 1.4164172411, 1.52090704441, 1.99691605568, 2.22911572456, 2.40326523781, 2.46131515503, 2.70512461662, 2.94893431664, 3.19274377823, 3.3785033226, 3.84290242195, 4.09832191467, 4.29569149017, 4.7833108902, 5.01551008224, 5.21287965775, 5.24770975113, 5.72371864319, 5.88625860214, 5.97913837433, 6.1648979187, 6.61768722534, 7.05886602402, 7.10530614853, 7.58131504059, 7.83673477173, 7.9644446373, 8.05732440948, 8.26630401611, 8.52172374725, 8.98612213135, 9.46213150024, 9.91492080688]
    rubato_start: []
    rubato_stop: []
    perceptual_tempo: "unknown"

sfx:
    inharmonicity:
        dmean: 0.0633944645524
        dmean2: 0.11506832391
        dvar: 0.00577974272892
        dvar2: 0.0162585228682
        max: 0.433321416378
        mean: 0.0584050528705
        min: 0.000137485039886
        var: 0.00494017452002
    oddtoevenharmonicenergyratio:
        dmean: 3.69891905785
        dmean2: 6.93624734879
        dvar: 178.430435181
        dvar2: 525.833496094
        max: 152.807540894
        mean: 2.43945264816
        min: 0.000370231398847
        var: 96.9167785645
    pitch_after_max_to_before_max_energy_ratio: 1.3403121233
    pitch_centroid: 210.22857666
    pitch_max_to_total: 0.650349676609
    pitch_min_to_total: 0.920745909214
    tristimulus:
        dmean: [0.223095223308, 0.244909018278, 0.103232979774]
        dmean2: [0.382745414972, 0.41937020421, 0.181103691459]
        dvar: [0.037899158895, 0.04604017362, 0.00729533983395]
        dvar2: [0.0976481884718, 0.120059169829, 0.0207797400653]
        max: [0.966359674931, 0.98065161705, 0.460826724768]
        mean: [0.341404676437, 0.508597135544, 0.113892279565]
        min: [0.000890736468136, 0, 0]
        var: [0.0530252382159, 0.062359392643, 0.00970746297389]

tonal:
    chords_changes_rate: 0.0277777779847
    chords_number_rate: 0.0231481473893
    chords_strength:
        dmean: 0.00693659670651
        dmean2: 0.00724142976105
        dvar: 3.33681055054e-05
        dvar2: 3.99395939894e-05
        max: 0.806852221489
        mean: 0.671591937542
        min: 0.55480235815
        var: 0.00376466475427
    key_strength: 0.801240503788
    tuning_diatonic_strength: 0.641675949097
    tuning_equal_tempered_deviation: 0.112752132118
    tuning_frequency: 444.855529785
    tuning_nontempered_energy_ratio: 0.792038202286
    hpcp:
        dmean: [0.122369192541, 0.168591454625, 0.122998267412, 0.091976352036, 0.0843152776361, 0.0960233286023, 0.10398644954, 0.111435763538, 0.146686822176, 0.127892121673, 0.139478653669, 0.114834576845, 0.133954554796, 0.10395065695, 0.0665006488562, 0.0730330124497, 0.0736089348793, 0.065772421658, 0.0784655809402, 0.126664713025, 0.177841261029, 0.179646715522, 0.171385779977, 0.115163214505, 0.0767333209515, 0.0639554560184, 0.0533031001687, 0.0454191379249, 0.0420544035733, 0.0750717371702, 0.114500783384, 0.132542714477, 0.149382337928, 0.148449316621, 0.13032130897, 0.139678701758]
        dmean2: [0.207840964198, 0.294125556946, 0.21491920948, 0.150656178594, 0.135560810566, 0.166986227036, 0.181730821729, 0.19492392242, 0.244089514017, 0.228991121054, 0.238233596087, 0.196847751737, 0.230917468667, 0.175931960344, 0.109834440053, 0.12462387979, 0.125745356083, 0.11358755827, 0.124585390091, 0.212877899408, 0.30513766408, 0.3047709167, 0.293945342302, 0.197411417961, 0.129260092974, 0.109136864543, 0.0900564566255, 0.0771783068776, 0.074249714613, 0.130959555507, 0.204228147864, 0.222896516323, 0.250294566154, 0.243546366692, 0.23095664382, 0.239448964596]
        dvar: [0.0302615649998, 0.0438162609935, 0.0226485878229, 0.0179862119257, 0.01801562123, 0.0208019521087, 0.0197273977101, 0.0196630097926, 0.0335252173245, 0.0417652875185, 0.0342703387141, 0.021413128823, 0.0371772646904, 0.0156388264149, 0.0068778693676, 0.016127390787, 0.0171677153558, 0.0166550446302, 0.0142195904627, 0.0368642434478, 0.030125817284, 0.0405993722379, 0.0312857739627, 0.0206017475575, 0.0208971891552, 0.0148836765438, 0.00696302903816, 0.00611165119335, 0.00400739861652, 0.0147215966135, 0.0328100435436, 0.0362801887095, 0.0391088053584, 0.036479011178, 0.0327375791967, 0.0328747928143]
        dvar2: [0.0830339714885, 0.13670258224, 0.0684055536985, 0.0382432974875, 0.0433382578194, 0.0595433413982, 0.0606645196676, 0.0526703335345, 0.0927576422691, 0.120528310537, 0.0938067510724, 0.0592568777502, 0.107901588082, 0.0454637594521, 0.0190212596208, 0.045510198921, 0.0430539362133, 0.0465897321701, 0.0361338630319, 0.0925217866898, 0.0760068818927, 0.105237051845, 0.0868965163827, 0.0534007176757, 0.0552118010819, 0.0441198572516, 0.0188356675208, 0.0132552506402, 0.00958948582411, 0.0419601015747, 0.0902063697577, 0.0933909490705, 0.0923818722367, 0.0906148031354, 0.0862982198596, 0.0891646370292]
        max: [1, 1, 1, 1, 1, 0.990753531456, 0.875902712345, 0.920693218708, 1, 1, 1, 1, 1, 0.844839572906, 1, 1, 1, 0.906395316124, 0.787822663784, 1, 1, 1, 1, 0.99667185545, 1, 1, 0.686603665352, 1, 0.662167847157, 0.762578368187, 1, 1, 1, 1, 1, 1]
        mean: [0.371258616447, 0.288487792015, 0.154909163713, 0.120053045452, 0.114688672125, 0.123504579067, 0.13500508666, 0.135530441999, 0.22910746932, 0.321247637272, 0.230276808143, 0.146058708429, 0.162783935666, 0.134020626545, 0.0908134579659, 0.0830463320017, 0.074007384479, 0.0658996999264, 0.0880317762494, 0.160758897662, 0.326533079147, 0.490974634886, 0.349501252174, 0.120860591531, 0.083874925971, 0.0708136484027, 0.0654398873448, 0.0667271763086, 0.0583759956062, 0.0869784504175, 0.133197247982, 0.162641465664, 0.193910121918, 0.190954685211, 0.167880117893, 0.26103669405]
        min: [0.00106804282404, 0.0018653186271, 0.000658767938148, 0.000236398613197, 0.000529578712303, 0.00181360519491, 0.00198018644005, 0.00412044068798, 0.00314111378975, 0.000508110562805, 0.000750343722757, 0.000582306995057, 0.00101054250263, 0.00151020335034, 0.000721642980352, 0.000817743188236, 0.00161713548005, 0.000256345258094, 0.000478397123516, 0.000648065470159, 0.00851617846638, 0.0213558264077, 0.00708655687049, 0.00114001263864, 0.000274095160421, 0.000406520528486, 0.000391797744669, 0.00118025636766, 0.0012568209786, 0.000159014583915, 0.000332143099513, 0.00303077767603, 0.00168645987287, 0.000727293954697, 0.000411684828578, 0.00080571079161]
        var: [0.166165158153, 0.0905996933579, 0.0318939946592, 0.0381521768868, 0.0306784752756, 0.0217335931957, 0.0215691551566, 0.0203323252499, 0.0727776959538, 0.153348445892, 0.0796632915735, 0.0255538113415, 0.0513672493398, 0.0226740762591, 0.0120193203911, 0.0148707395419, 0.0160365905613, 0.012371474877, 0.0185789391398, 0.0561190359294, 0.062733322382, 0.130083233118, 0.0915012210608, 0.0236678868532, 0.024799855426, 0.0153811862692, 0.00987245514989, 0.0191901437938, 0.00862781424075, 0.0148477330804, 0.0363514460623, 0.0498629510403, 0.0595578700304, 0.0604395829141, 0.045056398958, 0.0980556383729]
    chords_histogram: [11.1111106873, 25.4629631042, 0, 0, 0, 0, 0, 40.2777786255, 5.09259271622, 18.0555553436, 0, 0, 0, 0, 0, 0, 0, 0, 0, 0, 0, 0, 0, 0]
    thpcp: [1, 0.71185195446, 0.246164634824, 0.170833528042, 0.144230768085, 0.133285671473, 0.135907590389, 0.118898190558, 0.177154675126, 0.27129149437, 0.331262469292, 0.394949376583, 0.388929843903, 0.341932356358, 0.531670451164, 0.756166577339, 0.58758187294, 0.315513581038, 0.244519859552, 0.23359388113, 0.251549810171, 0.274973660707, 0.27604368329, 0.466638088226, 0.654305994511, 0.469019770622, 0.297487288713, 0.331552624702, 0.272968530655, 0.18496568501, 0.169145867229, 0.150735661387, 0.134222209454, 0.179300054908, 0.327428102493, 0.665071189404]
    chords_key: "A"
    chords_scale: "major"
    key_key: "A"
    key_scale: "minor"
    chords_progression: ["C", "C", "C", "C", "C", "C", "C", "C", "C", "C", "C", "C", "C", "C", "C", "C", "C", "C", "C", "C", "C", "C", "C", "C", "C", "C", "C", "C", "C", "C", "C", "C", "C", "C", "C", "C", "C", "C", "C", "C", "C", "C", "C", "C", "C", "C", "C", "C", "C", "C", "C", "C", "C", "C", "C", "Am", "Am", "Am", "Am", "Am", "Am", "Am", "Am", "Am", "Am", "Am", "Am", "Am", "Am", "Am", "Am", "Am", "Am", "Am", "Am", "Am", "Am", "Am", "Am", "A", "A", "A", "A", "A", "A", "A", "A", "A", "A", "A", "A", "A", "A", "A", "A", "A", "A", "A", "A", "A", "A", "A", "A", "A", "A", "A", "A", "A", "A", "A", "A", "A", "A", "A", "A", "A", "A", "A", "A", "A", "A", "A", "A", "A", "A", "A", "A", "A", "A", "A", "A", "A", "A", "A", "A", "A", "A", "A", "A", "A", "A", "A", "A", "A", "A", "A", "A", "A", "A", "A", "A", "A", "A", "A", "A", "A", "A", "A", "A", "A", "A", "A", "A", "A", "A", "A", "C#m", "C#m", "C#m", "C#m", "C#m", "C#m", "E", "E", "C#m", "C#m", "C#m", "C#m", "C#m", "E", "E", "E", "E", "E", "E", "E", "E", "E", "E", "E", "E", "E", "E", "E", "E", "E", "E", "E", "E", "E", "E", "E", "E", "E", "E", "E", "E", "E", "E", "E", "E", "E", "E", "E", "E", "E"]
