
metadata:
    version:
        essentia: "1.2.2"
    audio_properties:
        analysis_sample_rate: 44100
        bitrate: 128
        channels: 2
        equal_loudness: 1
        length: 10.0310201645
        replay_gain: -14.5753917694
        downmix: "mix"
    tags:
        track: 18
        year: 0
        album: "Splitted by Mp3Splt v. 2.1"
        artist: "From 002.50 To 003.00"
        comment: "http://mp3splt.sf.net"
        genre: ""
        title: "07 Highway 61 Revisited.mp3"

highlevel:
    ballroom:
        all:
            ChaChaCha: 0.105220295489
            Jive: 0.497949928045
            Quickstep: 0.163554996252
            Rumba-American: 0.0114044258371
            Rumba-International: 0.00646970327944
            Rumba-Misc: 0.00433920137584
            Samba: 0.0607288815081
            Tango: 0.0915020704269
            VienneseWaltz: 0.0453799255192
            Waltz: 0.0134505825117
        probability: 0.497949928045
        value: "Jive"
    culture:
        all:
            non_western: 0.0519385561347
            western: 0.948061466217
        probability: 0.948061466217
        value: "western"
    gender:
        all:
            female: 0.13690815866
            male: 0.863091826439
        probability: 0.863091826439
        value: "male"
    genre_dortmund:
        all:
            alternative: 0.0814453363419
            blues: 0.103829920292
            electronic: 0.016868237406
            folkcountry: 0.32552459836
            funksoulrnb: 0.0310945454985
            jazz: 0.019461190328
            pop: 0.048696167767
            raphiphop: 0.00420673098415
            rock: 0.368873268366
        probability: 0.368873268366
        value: "rock"
    genre_electronica:
        all:
            ambient: 0.589245259762
            dnb: 0.204857081175
            house: 0.0211943667382
            techno: 0.00657252687961
            trance: 0.17813077569
        probability: 0.589245259762
        value: "ambient"
    genre_rosamerica:
        all:
            cla: 0.319268167019
            dan: 0.0303859505802
            hip: 0.0210137292743
            jaz: 0.172642081976
            pop: 0.197723329067
            rhy: 0.122474335134
            roc: 0.127304017544
            spe: 0.00918839871883
        probability: 0.319268167019
        value: "cla"
    genre_tzanetakis:
        all:
            blu: 0.0782924294472
            cla: 0.1378493011
            cou: 0.252498865128
            dis: 0.121246911585
            hip: 0.00828408729285
            jaz: 0.0436064600945
            met: 0.01899080351
            pop: 0.0564990118146
            reg: 0.0424858853221
            roc: 0.240246236324
        probability: 0.252498865128
        value: "cou"
    live_studio:
        all:
            live: 0.0339055508375
            studio: 0.966094434261
        probability: 0.966094434261
        value: "studio"
    mood:
        all:
            Cluster1: 0.136457875371
            Cluster2: 0.320152163506
            Cluster3: 0.0553892590106
            Cluster4: 0.236139476299
            Cluster5: 0.251861214638
        probability: 0.320152163506
        value: "Cluster2"
    mood_acoustic:
        all:
            acoustic: 0.0345653928816
            not_acoustic: 0.965434610844
        probability: 0.965434610844
        value: "not_acoustic"
    mood_aggressive:
        all:
            aggressive: 0.595530450344
            not_aggressive: 0.404469549656
        probability: 0.595530450344
        value: "aggressive"
    mood_electronic:
        all:
            electronic: 0.18776589632
            not_electronic: 0.81223410368
        probability: 0.81223410368
        value: "not_electronic"
    mood_happy:
        all:
            happy: 0.915003597736
            not_happy: 0.0849963799119
        probability: 0.915003597736
        value: "happy"
    mood_party:
        all:
            not_party: 0.473877549171
            party: 0.526122450829
        probability: 0.526122450829
        value: "party"
    mood_relaxed:
        all:
            not_relaxed: 0.259495317936
            relaxed: 0.740504682064
        probability: 0.740504682064
        value: "relaxed"
    mood_sad:
        all:
            not_sad: 0.700406968594
            sad: 0.299593031406
        probability: 0.700406968594
        value: "not_sad"
    rhythm:
        all:
            fast: 0.710872769356
            medium: 0.287455976009
            slow: 0.00167125719599
        probability: 0.710872769356
        value: "fast"
    speech_music:
        all:
            music: 0.988046884537
            speech: 0.0119531136006
        probability: 0.988046884537
        value: "music"
    timbre:
        all:
            bright: 0.999998033047
            dark: 1.99503961085e-06
        probability: 0.999998033047
        value: "bright"
    voice_instrumental:
        all:
            instrumental: 0.0635609701276
            voice: 0.936439037323
        probability: 0.936439037323
        value: "voice"

lowlevel:
    average_loudness: 0.912468075752
    barkbands_kurtosis:
        dmean: 0.686068534851
        dmean2: 1.10729408264
        dvar: 1.36285984516
        dvar2: 3.22694206238
        max: 13.0335597992
        mean: -0.404142409563
        min: -1.80501520634
        var: 2.84296894073
    barkbands_skewness:
        dmean: 0.346518844366
        dmean2: 0.52287197113
        dvar: 0.109919324517
        dvar2: 0.230200752616
        max: 1.24975597858
        mean: -0.446408092976
        min: -3.19883370399
        var: 0.475462555885
    barkbands_spread:
        dmean: 4.39620876312
        dmean2: 7.01585865021
        dvar: 19.7415771484
        dvar2: 45.8488616943
        max: 56.4948310852
        mean: 24.720823288
        min: 5.23959302902
        var: 71.811416626
    dissonance:
        dmean: 0.018371488899
        dmean2: 0.0316124893725
        dvar: 0.00027560046874
        dvar2: 0.000760859576985
        max: 0.498964905739
        mean: 0.465474575758
        min: 0.377685815096
        var: 0.000504774681758
    hfc:
        dmean: 2.00638532639
        dmean2: 2.71708226204
        dvar: 10.7702417374
        dvar2: 17.9845104218
        max: 37.7313194275
        mean: 7.12514400482
        min: 0.488525927067
        var: 50.0182647705
    pitch:
        dmean: 242.756286621
        dmean2: 465.342498779
        dvar: 392091.21875
        dvar2: 1120375.5
        max: 4009.09082031
        mean: 362.514160156
        min: 79.6028900146
        var: 232510.90625
    pitch_instantaneous_confidence:
        dmean: 0.092671006918
        dmean2: 0.138000920415
        dvar: 0.00857233628631
        dvar2: 0.0159305725247
        max: 0.928172469139
        mean: 0.507982850075
        min: 0.157800972462
        var: 0.0440179370344
    pitch_salience:
        dmean: 0.053778950125
        dmean2: 0.0850052312016
        dvar: 0.00194452947471
        dvar2: 0.00509826932102
        max: 0.795178472996
        mean: 0.629237353802
        min: 0.376667588949
        var: 0.00587564241141
    silence_rate_20dB:
        dmean: 0
        dmean2: 0
        dvar: 0
        dvar2: 0
        max: 1
        mean: 1
        min: 1
        var: 0
    silence_rate_30dB:
        dmean: 0
        dmean2: 0
        dvar: 0
        dvar2: 0
        max: 1
        mean: 1
        min: 1
        var: 0
    silence_rate_60dB:
        dmean: 0.0835266858339
        dmean2: 0.165116280317
        dvar: 0.0765502005816
        dvar2: 0.151806309819
        max: 1
        mean: 0.599537014961
        min: 0
        var: 0.24009168148
    spectral_centroid:
        dmean: 214.996612549
        dmean2: 317.655822754
        dvar: 46930.0078125
        dvar2: 97490.5078125
        max: 3460.17333984
        mean: 1895.52380371
        min: 964.357788086
        var: 150226.890625
    spectral_complexity:
        dmean: 2.36130547523
        dmean2: 3.54906535149
        dvar: 5.5361328125
        dvar2: 10.9345159531
        max: 30
        mean: 10.0395345688
        min: 0
        var: 33.1310882568
    spectral_crest:
        dmean: 2.17912340164
        dmean2: 3.59715533257
        dvar: 4.00939083099
        dvar2: 10.5376853943
        max: 17.5365581512
        mean: 7.37570571899
        min: 2.72332239151
        var: 9.97738456726
    spectral_decrease:
        dmean: 1.71998873477e-10
        dmean2: 2.41541203705e-10
        dvar: 6.73911670618e-20
        dvar2: 1.00099303736e-19
        max: -6.95211249679e-11
        mean: -7.65553342941e-10
        min: -2.88794388403e-09
        var: 3.86340469508e-19
    spectral_energy:
        dmean: 0.000817044347059
        dmean2: 0.00113277579658
        dvar: 1.57470947215e-06
        dvar2: 2.37485141952e-06
        max: 0.0143026635051
        mean: 0.00353564601392
        min: 0.000311479874654
        var: 8.75098157849e-06
    spectral_energyband_high:
        dmean: 8.81417145138e-05
        dmean2: 0.000130287531647
        dvar: 1.71447513964e-08
        dvar2: 3.65068721919e-08
        max: 0.00147925363854
        mean: 0.000199664282263
        min: 4.24620839112e-06
        var: 4.10374028093e-08
    spectral_energyband_low:
        dmean: 1.45251533468e-05
        dmean2: 2.33490645769e-05
        dvar: 2.88615992217e-10
        dvar2: 7.99814769969e-10
        max: 0.000132181390654
        mean: 2.99328094115e-05
        min: 8.62641513777e-07
        var: 4.62559879288e-10
    spectral_energyband_middle_high:
        dmean: 0.000702609715518
        dmean2: 0.000957976444624
        dvar: 1.30551200073e-06
        dvar2: 2.09901622839e-06
        max: 0.0126218581572
        mean: 0.00249586836435
        min: 0.000144674093463
        var: 6.33992385701e-06
    spectral_energyband_middle_low:
        dmean: 0.000302477623336
        dmean2: 0.000434666813817
        dvar: 1.92168101876e-07
        dvar2: 3.77808134999e-07
        max: 0.00598008092493
        mean: 0.000810183351859
        min: 9.59982644417e-05
        var: 7.06167611497e-07
    spectral_flatness_db:
        dmean: 0.017001952976
        dmean2: 0.0243116095662
        dvar: 0.000233904182096
        dvar2: 0.00043792789802
        max: 0.273976445198
        mean: 0.170717507601
        min: 0.0886696279049
        var: 0.00129783037119
    spectral_flux:
        dmean: 0.00865823403001
        dmean2: 0.0128233525902
        dvar: 9.76647861535e-05
        dvar2: 0.000178173810127
        max: 0.129417926073
        mean: 0.0366248562932
        min: 0.00918362941593
        var: 0.000541347486433
    spectral_kurtosis:
        dmean: 1.52514326572
        dmean2: 2.60197067261
        dvar: 2.59038448334
        dvar2: 7.30334234238
        max: 12.8867139816
        mean: 3.9113278389
        min: -0.291358470917
        var: 5.05067396164
    spectral_rms:
        dmean: 0.00021074579854
        dmean2: 0.000292764074402
        dvar: 7.55307496547e-08
        dvar2: 1.09134617787e-07
        max: 0.00373548083007
        mean: 0.00170989020262
        min: 0.000551255652681
        var: 5.25684981767e-07
    spectral_rolloff:
        dmean: 327.063476562
        dmean2: 524.846557617
        dvar: 130318.359375
        dvar2: 276684.34375
        max: 5663.23242188
        mean: 3208.74902344
        min: 2153.3203125
        var: 321091.78125
    spectral_skewness:
        dmean: 0.196912586689
        dmean2: 0.323563337326
        dvar: 0.0329803973436
        dvar2: 0.0785857886076
        max: 2.91908884048
        mean: 1.31311810017
        min: 0.553768634796
        var: 0.0773441493511
    spectral_spread:
        dmean: 463159.09375
        dmean2: 643118.375
        dvar: 495747956736
        dvar2: 707815800832
        max: 12580372
        mean: 3811538.75
        min: 1699164
        var: 1.39477568717e+12
    spectral_strongpeak:
        dmean: 0.680620193481
        dmean2: 1.11425983906
        dvar: 0.670217871666
        dvar2: 1.54306387901
        max: 7.3828663826
        mean: 1.2738904953
        min: 0.0131378564984
        var: 1.51566362381
    zerocrossingrate:
        dmean: 0.00840777065605
        dmean2: 0.00939028710127
        dvar: 5.1612558309e-05
        dvar2: 7.82592760515e-05
        max: 0.16796875
        mean: 0.10109692812
        min: 0.052734375
        var: 0.00029156653909
    barkbands:
        dmean: [4.6450470137e-09, 4.82122959511e-06, 1.18404032037e-05, 2.94148139801e-05, 9.21020109672e-05, 8.85539338924e-05, 4.30712752859e-05, 6.97091090842e-05, 0.000183674172149, 3.25136716128e-05, 6.98467993061e-05, 5.75806479901e-05, 9.48533561314e-05, 9.52136979322e-05, 0.0001864257938, 0.000124372978462, 0.00022977446497, 0.000265933660557, 0.000131071734359, 0.000118283620395, 3.69414883608e-05, 2.03343297471e-05, 3.07373034047e-06, 1.14199644941e-06, 3.67865197859e-07, 1.86522797208e-08, 1.66800762091e-09]
        dmean2: [7.63073870758e-09, 7.72898056312e-06, 1.93439846043e-05, 5.12049409735e-05, 0.00015666494437, 0.000132229935843, 7.25766949472e-05, 0.000113792091724, 0.000262851477601, 5.04045929119e-05, 0.000109931017505, 9.35778880375e-05, 0.000127584557049, 0.000130981352413, 0.000305294524878, 0.000179240916623, 0.000362742488505, 0.000390833854908, 0.000191881597857, 0.000182578718523, 5.70798074477e-05, 3.16009100061e-05, 4.33742252426e-06, 1.66999154771e-06, 5.05983791754e-07, 2.6892870153e-08, 1.78646442084e-09]
        dvar: [4.60757799166e-17, 5.91335730382e-11, 2.19830570414e-10, 1.29692367956e-09, 1.41232927575e-08, 3.11983114898e-08, 3.63710483953e-08, 7.49853228399e-08, 1.93474051002e-07, 3.61777141578e-09, 1.49058205778e-08, 2.71304330113e-08, 4.58117312974e-08, 3.80697606772e-08, 1.06684574064e-07, 1.48162143887e-07, 2.12151419987e-07, 3.48492534386e-07, 5.22040402018e-08, 6.56567138435e-08, 2.78162981537e-09, 1.14810017049e-09, 6.87659443277e-11, 8.15818333028e-12, 6.12995223158e-13, 2.74810120034e-15, 1.00834677217e-15]
        dvar2: [9.76243720542e-17, 1.44408138225e-10, 6.16708073498e-10, 3.72054786979e-09, 3.96481816267e-08, 7.63348566579e-08, 9.64923287938e-08, 1.42419366966e-07, 3.71102657937e-07, 8.80474448905e-09, 3.17987982612e-08, 4.88997358161e-08, 6.8353877225e-08, 7.61565033258e-08, 2.50854469641e-07, 3.07147161038e-07, 3.98986514938e-07, 7.3749765761e-07, 1.08326418058e-07, 1.44407991343e-07, 6.17449735785e-09, 2.68856092944e-09, 1.0400178635e-10, 1.53732165886e-11, 1.1271268207e-12, 4.92726815769e-15, 1.01050808261e-15]
        max: [7.90715688481e-08, 7.18987939763e-05, 0.000124342477648, 0.000238217413425, 0.00108221685514, 0.00179429317359, 0.00258742063306, 0.00442207511514, 0.00460114097223, 0.000815616222098, 0.00214590854011, 0.00269328569993, 0.00458920234814, 0.0023643320892, 0.00344878202304, 0.00566234858707, 0.00673085125163, 0.00636468594894, 0.00308572105132, 0.0032432267908, 0.000639696896542, 0.000358534947736, 0.000120801596495, 3.33482312271e-05, 9.91834440356e-06, 6.37010828086e-07, 6.58628664496e-07]
        mean: [6.0399654167e-09, 1.00183342511e-05, 1.99086171051e-05, 3.90809764212e-05, 0.000135635898914, 0.000161070027389, 6.33279269096e-05, 9.11847891985e-05, 0.000315612269333, 5.75049234612e-05, 0.000142654098454, 8.57058475958e-05, 0.000207716337172, 0.000168767393916, 0.000290641852189, 0.000177283538505, 0.000454886350781, 0.00051585235633, 0.00025437871227, 0.000231210142374, 6.93476104061e-05, 3.57644712494e-05, 5.56966415388e-06, 1.94022368305e-06, 5.56153906928e-07, 2.27404992614e-08, 1.6358460142e-09]
        min: [1.93367179907e-11, 7.79721247568e-08, 2.24975480023e-07, 5.4123455584e-07, 1.43006423059e-06, 5.133970717e-06, 4.89269780246e-07, 1.1686452126e-06, 2.32959519053e-06, 1.32477248371e-06, 1.35094319376e-06, 1.1032564089e-06, 7.10949848326e-07, 1.08072049443e-06, 7.12448400009e-06, 2.07756556847e-06, 1.99281876121e-05, 1.41778855323e-05, 8.58937073644e-06, 3.8144089558e-06, 1.63241202245e-06, 6.31303862519e-07, 6.35331431909e-08, 1.10575228973e-08, 2.09209705115e-10, 1.19586450117e-11, 2.72654501651e-14]
        var: [6.07613592234e-17, 1.51173018548e-10, 3.28798932525e-10, 1.57294000047e-09, 1.52938479658e-08, 4.8480540471e-08, 3.96643322631e-08, 1.00946913051e-07, 4.96278232731e-07, 7.52008855187e-09, 7.67118422118e-08, 5.37492930164e-08, 2.64915030357e-07, 1.20434378914e-07, 1.9662422801e-07, 2.11948560036e-07, 5.73904173962e-07, 7.53946210352e-07, 1.1857638782e-07, 1.54038616529e-07, 5.20614085175e-09, 2.25546803456e-09, 1.52555662547e-10, 1.60369165864e-11, 1.2152428586e-12, 3.65116685936e-15, 1.00619234387e-15]
    mfcc:
        mean: [-732.330322266, 105.276000977, -74.3862762451, 47.2274208069, -18.7326564789, -4.45849895477, -13.1669330597, -2.37137389183, -5.32886981964, -9.07512569427, -7.87059402466, -7.82273340225, -10.6918363571]
        cov: [[1781.32543945, -695.334777832, -11.3746871948, -188.647857666, -43.8802452087, -63.6038703918, 129.831588745, -108.270095825, -18.6671257019, 150.635955811, 150.846160889, -26.5341777802, 32.1362380981], [-695.334777832, 649.252380371, -294.158538818, 22.4314746857, -17.8240585327, 37.2789154053, -28.4213829041, 35.2756500244, -51.2068824768, -66.3688659668, -58.418132782, -21.0977611542, -19.1828022003], [-11.3746871948, -294.158538818, 513.188537598, 18.7507915497, 2.77014183998, 12.9338817596, -33.8297424316, 12.2505788803, 51.3567123413, 11.9441785812, -14.1690750122, 24.1619186401, 2.30400776863], [-188.647857666, 22.4314746857, 18.7507915497, 163.684844971, 31.3030014038, -30.8044433594, -38.8865089417, 9.79668712616, 28.6293029785, -9.49867916107, -34.755115509, 4.35939216614, 3.4070148468], [-43.8802452087, -17.8240585327, 2.77014183998, 31.3030014038, 111.379325867, -24.0931968689, -19.914144516, -6.27583408356, 27.5895843506, -19.1380958557, -23.8271923065, 17.1936626434, 24.7128505707], [-63.6038703918, 37.2789154053, 12.9338817596, -30.8044433594, -24.0931968689, 139.282821655, 60.0675201416, 20.8462810516, -31.9193325043, -6.59435558319, 20.1251335144, 0.0156443491578, -14.9154472351], [129.831588745, -28.4213829041, -33.8297424316, -38.8865089417, -19.914144516, 60.0675201416, 142.414794922, 0.707291305065, -14.5199918747, 17.4140281677, 50.0352554321, -5.48952722549, -2.27638173103], [-108.270095825, 35.2756500244, 12.2505788803, 9.79668712616, -6.27583408356, 20.8462810516, 0.707291305065, 96.397857666, 14.5880222321, -22.6792850494, -24.5062007904, 7.00308513641, 4.83687257767], [-18.6671257019, -51.2068824768, 51.3567123413, 28.6293029785, 27.5895843506, -31.9193325043, -14.5199918747, 14.5880222321, 80.2614898682, 18.4163780212, -14.7720394135, -5.9683265686, 5.59171104431], [150.635955811, -66.3688659668, 11.9441785812, -9.49867916107, -19.1380958557, -6.59435558319, 17.4140281677, -22.6792850494, 18.4163780212, 121.296470642, 71.7128982544, -10.1128511429, -26.7327079773], [150.846160889, -58.418132782, -14.1690750122, -34.755115509, -23.8271923065, 20.1251335144, 50.0352554321, -24.5062007904, -14.7720394135, 71.7128982544, 116.040748596, 4.12109375, -29.8196620941], [-26.5341777802, -21.0977611542, 24.1619186401, 4.35939216614, 17.1936626434, 0.0156443491578, -5.48952722549, 7.00308513641, -5.9683265686, -10.1128511429, 4.12109375, 47.359287262, 14.8098220825], [32.1362380981, -19.1828022003, 2.30400776863, 3.4070148468, 24.7128505707, -14.9154472351, -2.27638173103, 4.83687257767, 5.59171104431, -26.7327079773, -29.8196620941, 14.8098220825, 64.0255355835]]
        icov: [[0.00194109044969, 0.00248479191214, 0.00118253473192, 0.00138260133099, 0.0003630942374, 0.00078311067773, -0.000611009250861, 0.000334298296366, 0.00130078371149, -0.00121954374481, 9.65764629655e-05, 0.00150594254956, -0.00127680087462], [0.00248479191214, 0.00584580749273, 0.00309992092662, 0.0013606158318, 0.000752609863412, -7.98663022579e-05, 0.000125238730107, -0.00021507339261, 0.00230367574841, -0.00109950010665, 0.00133356405422, 0.00216076360084, -0.000507047341671], [0.00118253473192, 0.00309992092662, 0.00397543469444, 0.000628870504443, 0.00107605801895, -0.00115006032865, 0.000857961655129, 0.000257813109783, -0.000928050198127, -0.000665919389576, 0.00111461349297, -0.00071990134893, -2.48739197559e-05], [0.00138260133099, 0.0013606158318, 0.000628870504443, 0.00834499299526, -0.00105323770549, 0.00134985614568, 0.000224315517698, -4.60720839328e-05, -0.000608483911492, -0.00139495148323, 0.00174987083301, 0.00010432790441, 0.000241016081418], [0.0003630942374, 0.000752609863412, 0.00107605801895, -0.00105323770549, 0.0125979082659, -0.000251674180618, 0.000557168910746, 0.00269464100711, -0.00501201860607, 0.0017200197326, 0.000441177893663, -0.00428145332262, -0.00269270152785], [0.00078311067773, -7.98663022579e-05, -0.00115006032865, 0.00134985614568, -0.000251674180618, 0.011703517288, -0.00497830472887, -0.00250947033055, 0.00460790842772, -9.3375929282e-05, -0.000217166176299, 0.000807980308309, 0.00165928434581], [-0.000611009250861, 0.000125238730107, 0.000857961655129, 0.000224315517698, 0.000557168910746, -0.00497830472887, 0.0114521421492, -0.000463664793642, -0.0016837308649, 0.00163156434428, -0.00496743852273, 0.00181184208486, -0.00253559928387], [0.000334298296366, -0.00021507339261, 0.000257813109783, -4.60720839328e-05, 0.00269464100711, -0.00250947033055, -0.000463664793642, 0.013393625617, -0.00488346302882, 0.00153330084868, 0.00202745711431, -0.00348880304955, -7.40933755878e-05], [0.00130078371149, 0.00230367574841, -0.000928050198127, -0.000608483911492, -0.00501201860607, 0.00460790842772, -0.0016837308649, -0.00488346302882, 0.0218361709267, -0.00657981866971, 0.00340604386292, 0.00600418681279, -0.00103667424992], [-0.00121954374481, -0.00109950010665, -0.000665919389576, -0.00139495148323, 0.0017200197326, -9.3375929282e-05, 0.00163156434428, 0.00153330084868, -0.00657981866971, 0.0172451138496, -0.0104877091944, 0.00173379469197, 0.00212679570541], [9.65764629655e-05, 0.00133356405422, 0.00111461349297, 0.00174987083301, 0.000441177893663, -0.000217166176299, -0.00496743852273, 0.00202745711431, 0.00340604386292, -0.0104877091944, 0.021353226155, -0.00682262936607, 0.00651410687715], [0.00150594254956, 0.00216076360084, -0.00071990134893, 0.00010432790441, -0.00428145332262, 0.000807980308309, 0.00181184208486, -0.00348880304955, 0.00600418681279, 0.00173379469197, -0.00682262936607, 0.0297094024718, -0.00776954228058], [-0.00127680087462, -0.000507047341671, -2.48739197559e-05, 0.000241016081418, -0.00269270152785, 0.00165928434581, -0.00253559928387, -7.40933755878e-05, -0.00103667424992, 0.00212679570541, 0.00651410687715, -0.00776954228058, 0.0232467651367]]
    spectral_contrast:
        mean: [3.37563278663e-07, 2.38574529021e-07, -2.75740802635e-07, -4.76941124816e-07, -3.5338277371e-07, -3.23233905419e-07, -3.65875484931e-06, -4.51716550742e-06, -1.00773434042e-06, -7.74028706019e-07, -6.52601556794e-07, -4.88467003379e-06]
        var: [0.000648123153951, 0.000886293360963, 0.00171085307375, 0.00199011317454, 0.00337392091751, 0.00700297905132, 0.0419372953475, 0.081032179296, 0.115331239998, 0.170100480318, 0.309166878462, 1.15066289902]

rhythm:
    beats_loudness:
        dmean: 0.00506286323071
        dmean2: 0.00959347840399
        dvar: 1.76096527866e-05
        dvar2: 6.00400162512e-05
        max: 0.013651621528
        mean: 0.00500954454765
        min: 0.000872420379892
        var: 1.75821005541e-05
    beats_loudness_bass:
        dmean: 0.0153532028198
        dmean2: 0.0255689192563
        dvar: 0.000168679878698
        dvar2: 0.000338329671649
        max: 0.0481703020632
        mean: 0.0144174760208
        min: 0.00131301896181
        var: 0.000224231320317
    bpm: 73.1619186401
    bpm_confidence: 0
    first_peak_bpm: 120
    first_peak_spread: 0
    first_peak_weight: 0.5
    onset_rate: 4.38639307022
    second_peak_bpm: 73
    second_peak_spread: 0.142857134342
    second_peak_weight: 0.428571432829
    beats_position: [0.220212206244, 1.04032874107, 1.86044514179, 2.68056154251, 3.50067806244, 4.32079458237, 5.14091110229, 5.98821401596, 6.48963546753, 6.9910569191, 7.49247837067, 7.9938993454, 8.4953212738, 8.99674224854, 9.49816417694]
    bpm_estimates: [72.5798110962, 73.7272567749, 73.2715530396, 73.0342025757, 73.1995391846, 73.1591033936]
    bpm_intervals: [0.820116519928, 0.820116400719, 0.820116400719, 0.820116519928, 0.820116519928, 0.820116519928, 0.847302913666, 0.501421451569, 0.501421451569, 0.501421451569, 0.501420974731, 0.501421928406, 0.501420974731, 0.501421928406]
    onset_times: [0.0580498874187, 0.162539675832, 0.243809521198, 0.568888902664, 1.06811785698, 1.46285712719, 1.60217690468, 1.86920630932, 2.00852608681, 2.28716564178, 2.41487526894, 2.69351482391, 2.82122445107, 3.11147403717, 3.23918366432, 3.5178232193, 3.88934230804, 4.31891155243, 4.48145103455, 4.77170085907, 4.88780021667, 5.16644001007, 5.31736946106, 5.59600925446, 5.71210861206, 5.97913837433, 6.11845827103, 6.19972801208, 6.39709758759, 6.53641700745, 6.73378705978, 7.00081634521, 7.22140598297, 7.32589578629, 7.51165533066, 7.97605419159, 8.12698459625, 8.28952407837, 8.46367359161, 8.57977294922, 8.63782310486, 9.03256225586, 9.26476192474, 9.65950107574]
    rubato_start: [6.48963546753]
    rubato_stop: [6.9910569191]
    perceptual_tempo: "unknown"

sfx:
    inharmonicity:
        dmean: 0.0798270106316
        dmean2: 0.142550364137
        dvar: 0.00543296523392
        dvar2: 0.0142066413537
        max: 0.456798881292
        mean: 0.0906052365899
        min: 0.000264765054453
        var: 0.00640609534457
    oddtoevenharmonicenergyratio:
        dmean: 4.80298519135
        dmean2: 9.01513767242
        dvar: 303.615203857
        dvar2: 849.382324219
        max: 242.887969971
        mean: 3.20403790474
        min: 0.000882088206708
        var: 187.809631348
    pitch_after_max_to_before_max_energy_ratio: 2.59503793716
    pitch_centroid: 224.392913818
    pitch_max_to_total: 0.274418592453
    pitch_min_to_total: 0.0418604649603
    tristimulus:
        dmean: [0.149932041764, 0.207634240389, 0.150991335511]
        dmean2: [0.256743609905, 0.360461473465, 0.259681403637]
        dvar: [0.0183795951307, 0.0354114547372, 0.0181782357395]
        dvar2: [0.0485112480819, 0.0983584374189, 0.0490737818182]
        max: [0.842206060886, 0.975933074951, 0.720230519772]
        mean: [0.247295737267, 0.535228490829, 0.184136211872]
        min: [0.000415598158725, 0, 0]
        var: [0.0271395985037, 0.0463050566614, 0.0243593733758]

tonal:
    chords_changes_rate: 0.0231481473893
    chords_number_rate: 0.0185185186565
    chords_strength:
        dmean: 0.00616737967357
        dmean2: 0.00720321759582
        dvar: 4.11484579672e-05
        dvar2: 5.86750102229e-05
        max: 0.713064312935
        mean: 0.623181819916
        min: 0.410839080811
        var: 0.00539414072409
    key_strength: 0.822701871395
    tuning_diatonic_strength: 0.671704173088
    tuning_equal_tempered_deviation: 0.0609032250941
    tuning_frequency: 442.03793335
    tuning_nontempered_energy_ratio: 0.676758289337
    hpcp:
        dmean: [0.160180062056, 0.151167869568, 0.173154816031, 0.211275622249, 0.165263831615, 0.113998137414, 0.116244077682, 0.102930054069, 0.100657343864, 0.107484124601, 0.0986784398556, 0.0731323584914, 0.0722908750176, 0.0705281123519, 0.129753649235, 0.160957783461, 0.140130966902, 0.160748675466, 0.170263126493, 0.123490139842, 0.130640387535, 0.159992605448, 0.174249768257, 0.223958089948, 0.231619119644, 0.19193212688, 0.103731997311, 0.0956626012921, 0.0931110009551, 0.0874774381518, 0.09128908813, 0.104881256819, 0.136198267341, 0.143164157867, 0.123024068773, 0.133923172951]
        dmean2: [0.247687056661, 0.245578840375, 0.283286929131, 0.336845219135, 0.26503393054, 0.197519674897, 0.194389790297, 0.16967189312, 0.163563966751, 0.170959919691, 0.160654529929, 0.118609786034, 0.12195918709, 0.11091004312, 0.20748603344, 0.258508443832, 0.22753033042, 0.254129230976, 0.279083997011, 0.209699824452, 0.216241270304, 0.264401763678, 0.293415546417, 0.37884286046, 0.393920958042, 0.323767185211, 0.16391351819, 0.153871163726, 0.149457931519, 0.140472576022, 0.146773397923, 0.164665982127, 0.223581686616, 0.236496210098, 0.208096832037, 0.213406488299]
        dvar: [0.0316148549318, 0.0312692672014, 0.0319207757711, 0.0341357327998, 0.0242315474898, 0.0259081609547, 0.0308756232262, 0.0183278042823, 0.0148346368223, 0.0211741905659, 0.0215338151902, 0.0125701539218, 0.0110438428819, 0.0105582773685, 0.0246713552624, 0.0401201695204, 0.0307877939194, 0.0351145640016, 0.0459544248879, 0.0376778878272, 0.0424290448427, 0.0470000617206, 0.0493330806494, 0.0486088916659, 0.0581641606987, 0.0357119850814, 0.0214271433651, 0.0244463477284, 0.0209852010012, 0.0149992117658, 0.0186280310154, 0.0301812756807, 0.0324207432568, 0.0271924864501, 0.0301686059684, 0.0236888024956]
        dvar2: [0.0821524858475, 0.0819880589843, 0.0860413089395, 0.068600051105, 0.056422278285, 0.0628698989749, 0.0772404521704, 0.0413655564189, 0.0357158891857, 0.0450726635754, 0.0571611188352, 0.0331575199962, 0.0258276555687, 0.0254384800792, 0.0576900206506, 0.0954191684723, 0.0820790305734, 0.0846864134073, 0.110804788768, 0.103249453008, 0.115276485682, 0.126233294606, 0.12595154345, 0.122406341136, 0.147255569696, 0.0847687646747, 0.0499636605382, 0.0595706216991, 0.0550070554018, 0.0325654856861, 0.0430968105793, 0.0764267891645, 0.0750899687409, 0.0566932670772, 0.0703726708889, 0.0560265928507]
        max: [1, 1, 1, 1, 0.991092383862, 1, 1, 1, 0.748161077499, 1, 1, 1, 0.797718763351, 0.776235759258, 1, 1, 1, 1, 1, 1, 1, 1, 1, 1, 1, 1, 1, 1, 1, 1, 1, 1, 1, 0.934518098831, 1, 0.947601675987]
        mean: [0.222771942616, 0.209351718426, 0.301087796688, 0.450322151184, 0.329098552465, 0.151937708259, 0.130333453417, 0.119754016399, 0.145458355546, 0.180935591459, 0.136574819684, 0.0921596884727, 0.0933867990971, 0.101454459131, 0.264476299286, 0.405687779188, 0.286537408829, 0.264585077763, 0.269102811813, 0.151235312223, 0.138600170612, 0.183421269059, 0.214847624302, 0.432573825121, 0.657734572887, 0.420560449362, 0.142185613513, 0.12151876837, 0.113904565573, 0.1118882671, 0.119786463678, 0.131077647209, 0.16786813736, 0.174140453339, 0.150316208601, 0.181467622519]
        min: [0.00519897136837, 0.00740248803049, 0.00898540765047, 0.00392959173769, 0.00474224472418, 0.00184129667468, 0.00504795275629, 0.0022975129541, 0.00718149542809, 0.00662760064006, 0.00622759899125, 0.00407096091658, 0.00371507485397, 0.00277201132849, 0.00249521713704, 0.00294133787975, 0.00486168544739, 0.00959510821849, 0.0092886146158, 0.00427291449159, 0.00214235438034, 0.00328426109627, 0.00491866888478, 0.0102250408381, 0.0130329309031, 0.00966307986528, 0.00491997320205, 0.00207507913001, 0.00288464315236, 0.00487136933953, 0.00246931496076, 0.0036269032862, 0.00348294037394, 0.00278722983785, 0.00315435999073, 0.00333056249656]
        var: [0.0472628995776, 0.042849868536, 0.0520124211907, 0.103537417948, 0.0538822077215, 0.0273495391011, 0.0324236564338, 0.0235627740622, 0.0194593574852, 0.0326401777565, 0.0228913184255, 0.0129130044952, 0.0127662485465, 0.0157954227179, 0.0466265268624, 0.129042029381, 0.0586123391986, 0.0594716928899, 0.0645987838507, 0.0422376208007, 0.0411396957934, 0.0649932026863, 0.0658096596599, 0.0658227428794, 0.117921434343, 0.0659489110112, 0.0276222359389, 0.0285292062908, 0.0275302622467, 0.0224982388318, 0.0249164737761, 0.0302156880498, 0.0338619761169, 0.0362249724567, 0.0376725718379, 0.0381024070084]
    chords_histogram: [73.611114502, 18.9814815521, 4.16666650772, 0, 0, 0, 0, 0, 0, 0, 0, 0, 0, 0, 0, 0, 0, 3.24074077606, 0, 0, 0, 0, 0, 0]
    thpcp: [1, 0.63940757513, 0.216174766421, 0.184753507376, 0.173177093267, 0.170111581683, 0.182119756937, 0.199286535382, 0.255221694708, 0.264757931232, 0.228536278009, 0.275897949934, 0.338695794344, 0.318292111158, 0.45776489377, 0.684656322002, 0.5003516078, 0.23100155592, 0.198155090213, 0.182070434093, 0.221150532365, 0.2750890553, 0.207644283772, 0.140116840601, 0.141982495785, 0.154248327017, 0.402101874352, 0.616795599461, 0.435642927885, 0.402267247438, 0.409135878086, 0.229933649302, 0.210723564029, 0.278868228197, 0.326647907495, 0.657672345638]
    chords_key: "A#"
    chords_scale: "major"
    key_key: "A#"
    key_scale: "major"
    chords_progression: ["A#m", "A#m", "A#m", "A#m", "A#m", "A#m", "A#m", "A#", "A#", "A#", "A#", "A#", "A#", "A#", "A#", "A#", "A#", "A#", "A#", "A#", "A#", "A#", "A#", "A#", "A#", "A#", "A#", "A#", "A#", "A#", "A#", "A#", "A#", "A#", "A#", "A#", "A#", "A#", "A#", "A#", "A#", "A#", "A#", "A#", "A#", "A#", "A#", "A#", "A#", "A#", "A#", "A#", "A#", "A#", "A#", "A#", "A#", "A#", "A#", "A#", "A#", "A#", "A#", "A#", "A#", "A#", "A#", "A#", "A#", "A#", "A#", "A#", "A#", "A#", "A#", "A#", "A#", "A#", "A#", "A#", "A#", "A#", "A#", "A#", "A#", "A#", "A#", "A#", "A#", "A#", "A#", "A#", "A#", "A#", "A#", "A#", "A#", "A#", "A#", "A#", "A#", "A#", "A#", "A#", "A#", "A#", "A#", "A#", "A#", "A#", "A#", "A#", "A#", "A#", "A#", "A#", "A#", "A#", "A#", "A#", "A#", "A#", "A#", "A#", "A#", "A#", "A#", "A#", "A#", "A#", "A#", "A#", "A#", "A#", "A#", "A#", "A#", "A#", "A#", "A#", "A#", "A#", "A#", "A#", "A#", "A#", "A#", "A#", "A#", "A#", "A#", "A#", "A#", "A#", "A#", "A#", "A#", "A#", "A#", "A#", "A#", "A#", "A#", "A#", "A#", "A#", "Dm", "Dm", "Dm", "Dm", "Dm", "Dm", "Dm", "Dm", "Dm", "Dm", "Dm", "Dm", "Dm", "Dm", "Dm", "Dm", "Dm", "Dm", "Dm", "Dm", "Dm", "Dm", "Dm", "Dm", "Dm", "Dm", "Dm", "Dm", "Dm", "Dm", "Dm", "Dm", "F", "Dm", "Dm", "Dm", "Dm", "Dm", "Dm", "Dm", "Dm", "Dm", "F", "F", "F", "F", "F", "F", "F", "F"]
