
metadata:
    version:
        essentia: "1.2.2"
    audio_properties:
        analysis_sample_rate: 44100
        bitrate: 128
        channels: 2
        equal_loudness: 1
        length: 9.97877597809
        replay_gain: -12.0533123016
        downmix: "mix"
    tags:
        track: 21
        year: 0
        album: "Splitted by Mp3Splt v. 2.1"
        artist: "From 003.20 To 003.30"
        comment: "http://mp3splt.sf.net"
        genre: ""
        title: "06 Midnight At The Oasis.mp3"

highlevel:
    ballroom:
        all:
            ChaChaCha: 0.368501514196
            Jive: 0.133021861315
            Quickstep: 0.0361686646938
            Rumba-American: 0.00483340350911
            Rumba-International: 0.00545940035954
            Rumba-Misc: 0.00544267846271
            Samba: 0.444660067558
            Tango: 0.000620804028586
            VienneseWaltz: 0.000774783839006
            Waltz: 0.000516834261362
        probability: 0.444660067558
        value: "Samba"
    culture:
        all:
            non_western: 0.298782199621
            western: 0.701217770576
        probability: 0.701217770576
        value: "western"
    gender:
        all:
            female: 0.742987513542
            male: 0.257012486458
        probability: 0.742987513542
        value: "female"
    genre_dortmund:
        all:
            alternative: 0.0129316141829
            blues: 0.0115391667932
            electronic: 0.0319078415632
            folkcountry: 0.0246494375169
            funksoulrnb: 0.097205966711
            jazz: 0.486905097961
            pop: 0.0730251371861
            raphiphop: 0.200733751059
            rock: 0.0611020103097
        probability: 0.486905097961
        value: "jazz"
    genre_electronica:
        all:
            ambient: 0.241250738502
            dnb: 0.202766880393
            house: 0.0689914822578
            techno: 0.0117425713688
            trance: 0.47524830699
        probability: 0.47524830699
        value: "trance"
    genre_rosamerica:
        all:
            cla: 0.00670988112688
            dan: 0.137896090746
            hip: 0.095968849957
            jaz: 0.0638085529208
            pop: 0.530911564827
            rhy: 0.133233770728
            roc: 0.0252751875669
            spe: 0.00619606627151
        probability: 0.530911564827
        value: "pop"
    genre_tzanetakis:
        all:
            blu: 0.000450201507192
            cla: 0.00054330623243
            cou: 0.00291611463763
            dis: 0.0173068344593
            hip: 0.0194841641933
            jaz: 0.00474192202091
            met: 0.000414156849729
            pop: 0.913756966591
            reg: 0.0360853411257
            roc: 0.00430097104982
        probability: 0.913756966591
        value: "pop"
    live_studio:
        all:
            live: 0.266247868538
            studio: 0.733752131462
        probability: 0.733752131462
        value: "studio"
    mood:
        all:
            Cluster1: 0.26676428318
            Cluster2: 0.381560385227
            Cluster3: 0.0652065426111
            Cluster4: 0.169563785195
            Cluster5: 0.116905003786
        probability: 0.381560385227
        value: "Cluster2"
    mood_acoustic:
        all:
            acoustic: 0.0369178205729
            not_acoustic: 0.963082194328
        probability: 0.963082194328
        value: "not_acoustic"
    mood_aggressive:
        all:
            aggressive: 0.0209569167346
            not_aggressive: 0.979043066502
        probability: 0.979043066502
        value: "not_aggressive"
    mood_electronic:
        all:
            electronic: 0.420533269644
            not_electronic: 0.579466760159
        probability: 0.579466760159
        value: "not_electronic"
    mood_happy:
        all:
            happy: 0.253288328648
            not_happy: 0.746711671352
        probability: 0.746711671352
        value: "not_happy"
    mood_party:
        all:
            not_party: 0.283971130848
            party: 0.716028869152
        probability: 0.716028869152
        value: "party"
    mood_relaxed:
        all:
            not_relaxed: 0.5
            relaxed: 0.5
        probability: 0.5
        value: "not_relaxed"
    mood_sad:
        all:
            not_sad: 0.662479758263
            sad: 0.337520241737
        probability: 0.662479758263
        value: "not_sad"
    rhythm:
        all:
            fast: 0.710774481297
            medium: 0.242399439216
            slow: 0.0468260906637
        probability: 0.710774481297
        value: "fast"
    speech_music:
        all:
            music: 0.998542666435
            speech: 0.00145733286627
        probability: 0.998542666435
        value: "music"
    timbre:
        all:
            bright: 0.95679473877
            dark: 0.0432052500546
        probability: 0.95679473877
        value: "bright"
    voice_instrumental:
        all:
            instrumental: 0.880013287067
            voice: 0.119986727834
        probability: 0.880013287067
        value: "instrumental"

lowlevel:
    average_loudness: 0.980093538761
    barkbands_kurtosis:
        dmean: 1.95882248878
        dmean2: 2.81535601616
        dvar: 17.6280479431
        dvar2: 32.3626861572
        max: 62.4066925049
        mean: 1.50894522667
        min: -1.79374647141
        var: 34.4187660217
    barkbands_skewness:
        dmean: 0.586489081383
        dmean2: 0.851485610008
        dvar: 0.35309535265
        dvar2: 0.685374736786
        max: 7.39066886902
        mean: 0.824519753456
        min: -1.59871947765
        var: 1.58560919762
    barkbands_spread:
        dmean: 6.8347864151
        dmean2: 10.2200269699
        dvar: 40.0837402344
        dvar2: 80.5721206665
        max: 60.2832450867
        mean: 28.0014305115
        min: 2.37531614304
        var: 145.587585449
    dissonance:
        dmean: 0.0317476391792
        dmean2: 0.0535805635154
        dvar: 0.000925505126361
        dvar2: 0.00229269196279
        max: 0.499999940395
        mean: 0.442240476608
        min: 0.199246808887
        var: 0.00196215254255
    hfc:
        dmean: 2.68189954758
        dmean2: 3.83536362648
        dvar: 12.9426908493
        dvar2: 29.1874790192
        max: 29.9796695709
        mean: 5.89625501633
        min: 0.0469188503921
        var: 32.9891090393
    pitch:
        dmean: 502.708770752
        dmean2: 962.654052734
        dvar: 1279165.125
        dvar2: 3446880.5
        max: 4900
        mean: 610.22454834
        min: 53.1325302124
        var: 930480.875
    pitch_instantaneous_confidence:
        dmean: 0.122214436531
        dmean2: 0.178128376603
        dvar: 0.0125040076673
        dvar2: 0.0253472216427
        max: 0.95152258873
        mean: 0.506442308426
        min: 0.133928418159
        var: 0.0410174690187
    pitch_salience:
        dmean: 0.0842739716172
        dmean2: 0.131572142243
        dvar: 0.00698473257944
        dvar2: 0.0138418637216
        max: 0.8385181427
        mean: 0.592110991478
        min: 0.176222488284
        var: 0.0151527989656
    silence_rate_20dB:
        dmean: 0
        dmean2: 0
        dvar: 0
        dvar2: 0
        max: 1
        mean: 1
        min: 1
        var: 0
    silence_rate_30dB:
        dmean: 0
        dmean2: 0
        dvar: 0
        dvar2: 0
        max: 1
        mean: 1
        min: 1
        var: 0
    silence_rate_60dB:
        dmean: 0.20000000298
        dmean2: 0.400932401419
        dvar: 0.160000503063
        dvar2: 0.277480304241
        max: 1
        mean: 0.464037120342
        min: 0
        var: 0.248706787825
    spectral_centroid:
        dmean: 351.941253662
        dmean2: 543.665710449
        dvar: 143410.140625
        dvar2: 347486.53125
        max: 3330.17700195
        mean: 1433.34741211
        min: 247.909347534
        var: 445283.25
    spectral_complexity:
        dmean: 3.75757575035
        dmean2: 5.84345817566
        dvar: 27.4329833984
        dvar2: 63.561958313
        max: 40
        mean: 10.3488368988
        min: 0
        var: 61.9015846252
    spectral_crest:
        dmean: 2.64616942406
        dmean2: 4.01230859756
        dvar: 7.16145563126
        dvar2: 12.7888298035
        max: 25.151599884
        mean: 8.36472129822
        min: 2.19229674339
        var: 21.9848651886
    spectral_decrease:
        dmean: 4.75076367135e-10
        dmean2: 7.31499916196e-10
        dvar: 5.31171290315e-19
        dvar2: 1.29056677811e-18
        max: -8.0098662078e-12
        mean: -9.28214560769e-10
        min: -5.44812372993e-09
        var: 6.7869486836e-19
    spectral_energy:
        dmean: 0.00201140064746
        dmean2: 0.00305967940949
        dvar: 9.16406133911e-06
        dvar2: 2.21401005547e-05
        max: 0.0225624348968
        mean: 0.00403810478747
        min: 3.70465168089e-05
        var: 1.25344477055e-05
    spectral_energyband_high:
        dmean: 0.000193831103388
        dmean2: 0.000289876421448
        dvar: 9.3436661075e-08
        dvar2: 2.24400778848e-07
        max: 0.00257659726776
        mean: 0.000342427345458
        min: 1.08300082502e-06
        var: 1.84575412732e-07
    spectral_energyband_low:
        dmean: 0.000244047347223
        dmean2: 0.000429778971011
        dvar: 3.36988904337e-07
        dvar2: 9.41790233355e-07
        max: 0.00358225568198
        mean: 0.000272729987046
        min: 2.5016279892e-07
        var: 2.31376006354e-07
    spectral_energyband_middle_high:
        dmean: 0.000725268211681
        dmean2: 0.00108204514254
        dvar: 9.13206690711e-07
        dvar2: 1.86250258594e-06
        max: 0.0087212305516
        mean: 0.00162631901912
        min: 9.79436754278e-06
        var: 2.85588066617e-06
    spectral_energyband_middle_low:
        dmean: 0.00115423847456
        dmean2: 0.00184249901213
        dvar: 3.67131519852e-06
        dvar2: 9.04920580069e-06
        max: 0.0132637368515
        mean: 0.00179662415758
        min: 1.2957506442e-05
        var: 4.08622327086e-06
    spectral_flatness_db:
        dmean: 0.0225901920348
        dmean2: 0.0301887653768
        dvar: 0.000480126152979
        dvar2: 0.000886243709829
        max: 0.338245511055
        mean: 0.134670034051
        min: 0.0502213090658
        var: 0.00195092777722
    spectral_flux:
        dmean: 0.0154139986262
        dmean2: 0.0234722830355
        dvar: 0.000304403394694
        dvar2: 0.000636989425402
        max: 0.126322060823
        mean: 0.0369645953178
        min: 0.00340190902352
        var: 0.000529625394847
    spectral_kurtosis:
        dmean: 0.924578845501
        dmean2: 1.42993175983
        dvar: 1.24802100658
        dvar2: 2.60850930214
        max: 10.9813632965
        mean: 2.22256135941
        min: -0.410933732986
        var: 2.81065297127
    spectral_rms:
        dmean: 0.000485443510115
        dmean2: 0.000701014767401
        dvar: 3.63123234592e-07
        dvar2: 7.78483467911e-07
        max: 0.00469170883298
        mean: 0.0017845807597
        min: 0.000190112972632
        var: 7.54884183607e-07
    spectral_rolloff:
        dmean: 706.931091309
        dmean2: 1151.01989746
        dvar: 811140
        dvar2: 1647983.375
        max: 6050.83007812
        mean: 2615.53369141
        min: 172.265625
        var: 2049237.125
    spectral_skewness:
        dmean: 0.215658694506
        dmean2: 0.327640891075
        dvar: 0.0526980496943
        dvar2: 0.1208948493
        max: 2.9671561718
        mean: 1.38544344902
        min: 0.396469831467
        var: 0.125719964504
    spectral_spread:
        dmean: 1198131.125
        dmean2: 1911809.75
        dvar: 1.5044060119e+12
        dvar2: 3.87772317696e+12
        max: 12753445
        mean: 7982020
        min: 3119734
        var: 4.30624787661e+12
    spectral_strongpeak:
        dmean: 0.526964068413
        dmean2: 0.853323817253
        dvar: 0.684642732143
        dvar2: 1.92949557304
        max: 5.70866918564
        mean: 0.780264854431
        min: 0.00843946635723
        var: 0.976890087128
    zerocrossingrate:
        dmean: 0.0127806765959
        dmean2: 0.0149849867448
        dvar: 0.000150299209054
        dvar2: 0.000201556060347
        max: 0.1748046875
        mean: 0.0874920487404
        min: 0.0244140625
        var: 0.000901656923816
    barkbands:
        dmean: [3.46238806515e-07, 6.41812875983e-05, 0.000187729558093, 0.000146860285895, 0.000396976043703, 0.000175150926225, 0.00033607185469, 0.000195350381546, 0.000163866527146, 0.0001375170541, 0.000172729953192, 6.96844435879e-05, 6.34461684967e-05, 4.77367611893e-05, 5.64538349863e-05, 8.48009003676e-05, 9.53411217779e-05, 0.000144792269566, 0.000191675542737, 0.000163070042618, 8.43737725518e-05, 3.03813922073e-05, 9.54545066634e-06, 3.46404158336e-06, 3.57766111847e-06, 2.56131357901e-07, 1.08591202697e-09]
        dmean2: [5.44552449355e-07, 0.000111469169497, 0.000332968251314, 0.000264882546617, 0.000666124396957, 0.000301633088384, 0.000523479713593, 0.000331623887178, 0.000260048749624, 0.00022059083858, 0.000241610468947, 0.000105105435068, 9.34369163588e-05, 7.82615534263e-05, 9.5084302302e-05, 0.000142610020703, 0.000161161529832, 0.000240977431531, 0.000318046368193, 0.000244355032919, 0.000127118706587, 4.8250243708e-05, 1.40531437864e-05, 5.06658307131e-06, 4.7010689741e-06, 3.63696244676e-07, 1.63963054245e-09]
        dvar: [4.2514237031e-13, 2.50625316056e-08, 1.95709475292e-07, 1.14177488797e-07, 8.97738402728e-07, 9.20057985354e-08, 4.75439435377e-07, 1.50842254243e-07, 9.93651383396e-08, 5.61278987732e-08, 2.39514037048e-07, 3.47083997099e-08, 1.24721246664e-08, 5.51706369478e-09, 1.3379791497e-08, 1.81310291225e-08, 1.89281443852e-08, 5.3323176985e-08, 7.75005588594e-08, 7.24217414927e-08, 2.10046451343e-08, 2.38927722052e-09, 1.46349113384e-10, 3.41698613848e-11, 1.82217331501e-11, 1.2696957472e-13, 2.9972755079e-18]
        dvar2: [9.2621201507e-13, 6.92364281463e-08, 5.54202301828e-07, 3.31263578346e-07, 2.24315158448e-06, 2.49004074249e-07, 8.11986467397e-07, 3.59127710681e-07, 2.01821549695e-07, 1.42142852155e-07, 3.07597332494e-07, 6.42509760951e-08, 2.76006701938e-08, 1.36567708253e-08, 3.44739241598e-08, 4.3033541175e-08, 5.62415252148e-08, 1.42920669077e-07, 2.10249169186e-07, 1.80762185664e-07, 5.23540073516e-08, 5.66779823075e-09, 3.34784672207e-10, 8.30772742266e-11, 3.7284883514e-11, 2.68002688184e-13, 5.06922997306e-18]
        max: [4.98293002238e-06, 0.00105610548053, 0.00295465113595, 0.0032045817934, 0.00759076187387, 0.00234727840871, 0.00600816775113, 0.00359697174281, 0.00289140641689, 0.00217337161303, 0.0069742561318, 0.00248424126767, 0.00108731538057, 0.000703329220414, 0.00163208367303, 0.00121621671133, 0.000880068459082, 0.00259040622041, 0.002110715257, 0.00239269365557, 0.00149591092486, 0.000397293333663, 8.10466808616e-05, 6.81969686411e-05, 3.34341639245e-05, 2.41361431108e-06, 2.58127776931e-08]
        mean: [4.55386782505e-07, 6.60367586534e-05, 0.000206244250876, 0.000182203468285, 0.000415734451963, 0.000197452623979, 0.000541980727576, 0.000239009357756, 0.000205437434488, 0.00019304327725, 0.000282377906842, 0.000103343729279, 9.02833999135e-05, 6.83802209096e-05, 6.23149680905e-05, 0.000117978233902, 0.000128591098473, 0.00019143994723, 0.000267112074653, 0.000264553789748, 0.000138058094308, 4.74634507555e-05, 1.5850935597e-05, 5.74578825763e-06, 6.60746127323e-06, 4.05883582744e-07, 1.52206314219e-09]
        min: [6.06793296165e-11, 1.00294972327e-08, 2.5758536637e-08, 8.5836973085e-08, 1.13340570351e-06, 3.74681064841e-07, 6.23990729309e-07, 2.63540783862e-07, 5.29546255734e-08, 1.17682077416e-07, 8.45274570338e-08, 4.07718196982e-08, 3.4267561233e-08, 5.8030868999e-09, 1.9553186803e-07, 1.35170026283e-07, 1.44599752616e-07, 2.07556297482e-07, 2.50279896363e-07, 3.44196649849e-07, 2.9913508115e-07, 1.59152889978e-07, 2.35717678265e-07, 6.13311001985e-08, 5.74245682117e-08, 2.443331093e-09, 2.70843894187e-12]
        var: [5.17745189169e-13, 1.72958181111e-08, 1.32357172333e-07, 8.19951750941e-08, 7.62922070408e-07, 8.17292189481e-08, 1.05224182789e-06, 2.14224940009e-07, 1.77185199846e-07, 9.45478433323e-08, 8.65098570557e-07, 7.75361925776e-08, 2.52694807301e-08, 1.06286677237e-08, 1.31866082498e-08, 3.68574148979e-08, 3.08404466409e-08, 7.57065166113e-08, 1.2547528172e-07, 1.7165034194e-07, 3.55702844956e-08, 3.38417849299e-09, 2.44569725583e-10, 4.49847450956e-11, 3.6701100492e-11, 2.05544918109e-13, 4.3521020187e-18]
    mfcc:
        mean: [-731.159912109, 90.5638046265, -15.8702383041, 39.3705444336, -24.178150177, -12.261633873, -7.22855091095, -3.0217294693, -0.630864262581, -5.01497650146, -3.60892653465, -6.98516798019, -0.453627943993]
        cov: [[5599.5703125, 57.0022315979, -1031.97131348, 213.573776245, 159.300445557, -3.40642380714, 320.465667725, -30.0212574005, 120.133239746, 132.234832764, 167.84526062, 58.4934158325, -91.5005569458], [57.0022315979, 605.488342285, 34.1598091125, 17.0876960754, 124.855758667, 31.0999965668, 31.4029273987, 47.6361808777, 13.9904508591, 21.1468639374, -9.85238647461, -8.64809417725, 12.3420963287], [-1031.97131348, 34.1598091125, 996.779968262, 36.7894363403, -46.8932380676, 50.0864639282, -74.6820602417, 10.3876495361, 91.1235809326, -80.7983703613, -68.4163131714, -15.6435022354, -10.037197113], [213.573776245, 17.0876960754, 36.7894363403, 291.65246582, 184.761520386, 104.68245697, 89.3208312988, 47.1085128784, 6.44921779633, 50.5872383118, 36.8281211853, 1.18268609047, -27.0255718231], [159.300445557, 124.855758667, -46.8932380676, 184.761520386, 297.744110107, 149.058059692, 89.4949035645, 56.9717178345, 2.65941882133, 70.8756484985, 46.5583763123, -3.82797980309, -16.783536911], [-3.40642380714, 31.0999965668, 50.0864639282, 104.68245697, 149.058059692, 188.462142944, 111.280158997, 46.7631721497, -11.9944019318, 31.2838306427, 35.1409950256, 7.14469480515, -12.6308774948], [320.465667725, 31.4029273987, -74.6820602417, 89.3208312988, 89.4949035645, 111.280158997, 167.481933594, 69.4426879883, -2.4141125679, 22.8924922943, 32.1178207397, 2.004165411, -8.06190490723], [-30.0212574005, 47.6361808777, 10.3876495361, 47.1085128784, 56.9717178345, 46.7631721497, 69.4426879883, 100.308082581, 32.2381286621, 10.7013893127, -13.0249443054, -16.4344768524, 7.19123077393], [120.133239746, 13.9904508591, 91.1235809326, 6.44921779633, 2.65941882133, -11.9944019318, -2.4141125679, 32.2381286621, 121.588096619, 24.1290149689, -20.4802913666, -6.58926963806, -10.6236658096], [132.234832764, 21.1468639374, -80.7983703613, 50.5872383118, 70.8756484985, 31.2838306427, 22.8924922943, 10.7013893127, 24.1290149689, 98.0510787964, 65.6312789917, 9.16436672211, -20.7279281616], [167.84526062, -9.85238647461, -68.4163131714, 36.8281211853, 46.5583763123, 35.1409950256, 32.1178207397, -13.0249443054, -20.4802913666, 65.6312789917, 126.569480896, 49.1351470947, -17.50299263], [58.4934158325, -8.64809417725, -15.6435022354, 1.18268609047, -3.82797980309, 7.14469480515, 2.004165411, -16.4344768524, -6.58926963806, 9.16436672211, 49.1351470947, 81.2127685547, 26.9834499359], [-91.5005569458, 12.3420963287, -10.037197113, -27.0255718231, -16.783536911, -12.6308774948, -8.06190490723, 7.19123077393, -10.6236658096, -20.7279281616, -17.50299263, 26.9834499359, 71.9244384766]]
        icov: [[0.000340977770975, -8.3192360762e-05, 0.000378707278287, -0.000260628148681, -6.31557995803e-05, 0.000353205454303, -0.000937545264605, 0.000944725354202, -0.000985990860499, 0.000568257586565, -0.000351974274963, 1.20155591503e-05, 0.000178691378096], [-8.3192360762e-05, 0.00205311411992, -0.000439945404651, 0.000956711999606, -0.00168908480555, 0.00108609627932, -0.000493261730298, -0.000706085236743, 0.000717837829143, -0.000835419225041, 0.000828329590149, -0.000435454392573, -0.00011795177852], [0.000378707278287, -0.000439945404651, 0.00217259977944, -0.00132211507298, 0.00119364704005, -0.00212999549694, 0.00134005222935, 0.000662943231873, -0.00311962561682, 0.00326274591498, -0.00154458906036, 0.000713619810995, 0.00018798650126], [-0.000260628148681, 0.000956711999606, -0.00132211507298, 0.00719187036157, -0.00461491942406, 0.00187735818326, -0.00234062341042, -0.0010413225973, 0.00216262508184, -0.00250980211422, 0.00196091271937, -0.00197468954138, 0.00193081703037], [-6.31557995803e-05, -0.00168908480555, 0.00119364704005, -0.00461491942406, 0.0105626713485, -0.00732486275956, 0.00370385777205, -0.00161483592819, -0.000784210395068, -0.0015156379668, -0.00145748944487, 0.00233686994761, -0.00138692802284], [0.000353205454303, 0.00108609627932, -0.00212999549694, 0.00187735818326, -0.00732486275956, 0.0168426297605, -0.0105774411932, 0.00142477534246, 0.00320667889901, -0.00279648881406, 0.00234630261548, -0.00339714926668, 0.00210479972884], [-0.000937545264605, -0.000493261730298, 0.00134005222935, -0.00234062341042, 0.00370385777205, -0.0105774411932, 0.0194966029376, -0.0106906592846, 0.000955141847953, 0.00329900137149, -0.00399498455226, 0.00149092916399, 2.07141983992e-05], [0.000944725354202, -0.000706085236743, 0.000662943231873, -0.0010413225973, -0.00161483592819, 0.00142477534246, -0.0106906592846, 0.0221578534693, -0.00749121420085, 0.000831146899145, 0.00039270662819, 0.00466856500134, -0.00503894407302], [-0.000985990860499, 0.000717837829143, -0.00311962561682, 0.00216262508184, -0.000784210395068, 0.00320667889901, 0.000955141847953, -0.00749121420085, 0.0173972286284, -0.0111757265404, 0.00873551610857, -0.00558093003929, 0.00380442733876], [0.000568257586565, -0.000835419225041, 0.00326274591498, -0.00250980211422, -0.0015156379668, -0.00279648881406, 0.00329900137149, 0.000831146899145, -0.0111757265404, 0.027907460928, -0.0165739823133, 0.00648397672921, -0.000253482430708], [-0.000351974274963, 0.000828329590149, -0.00154458906036, 0.00196091271937, -0.00145748944487, 0.00234630261548, -0.00399498455226, 0.00039270662819, 0.00873551610857, -0.0165739823133, 0.0249474328011, -0.0151872094721, 0.0077987681143], [1.20155591503e-05, -0.000435454392573, 0.000713619810995, -0.00197468954138, 0.00233686994761, -0.00339714926668, 0.00149092916399, 0.00466856500134, -0.00558093003929, 0.00648397672921, -0.0151872094721, 0.0261914432049, -0.0133809763938], [0.000178691378096, -0.00011795177852, 0.00018798650126, 0.00193081703037, -0.00138692802284, 0.00210479972884, 2.07141983992e-05, -0.00503894407302, 0.00380442733876, -0.000253482430708, 0.0077987681143, -0.0133809763938, 0.022861700505]]
    spectral_contrast:
        mean: [-2.38730450519e-07, 1.02792022005e-07, 3.75704189537e-07, 4.93453683248e-07, 2.12306886738e-07, 6.17635805611e-07, -3.14487283504e-06, 3.80554865842e-06, 4.79609454374e-08, -5.47011222807e-06, 2.29561055676e-06, 2.13925227399e-06]
        var: [0.000305996276438, 0.00122906221077, 0.00317132566124, 0.00380783248693, 0.00579084083438, 0.012074961327, 0.0830048769712, 0.126676514745, 0.248026207089, 0.361369997263, 0.70052421093, 3.19614768028]

rhythm:
    beats_loudness:
        dmean: 0.00290421280079
        dmean2: 0.00404916051775
        dvar: 3.98702195525e-06
        dvar2: 9.43512804952e-06
        max: 0.0100236302242
        mean: 0.00503065437078
        min: 0.000852576224133
        var: 6.60054547552e-06
    beats_loudness_bass:
        dmean: 0.122898645699
        dmean2: 0.202008590102
        dvar: 0.00873689353466
        dvar2: 0.0282818451524
        max: 0.416212141514
        mean: 0.161988124251
        min: 0.0378775373101
        var: 0.00929909665138
    bpm: 99.902961731
    bpm_confidence: 0
    first_peak_bpm: 100
    first_peak_spread: 0.0625
    first_peak_weight: 0.9375
    onset_rate: 5.11084747314
    second_peak_bpm: 0
    second_peak_spread: 0
    second_peak_weight: 0
    beats_position: [0.22345033288, 0.824049830437, 1.42464923859, 2.02524876595, 2.62584805489, 3.22644758224, 3.8270471096, 4.42764663696, 5.0282459259, 5.62884569168, 6.25344848633, 6.85401916504, 7.45458936691, 8.05515956879, 8.65572929382, 9.25629997253, 9.85687065125]
    bpm_estimates: [100.000076294, 99.7411956787, 100.063415527, 100.112808228, 99.9704360962, 100.160186768, 99.8492965698, 99.8648376465, 99.6297225952, 99.7080841064, 99.8050384521, 100.088249207, 99.9041290283, 99.9974136353, 99.7875289917, 99.6362609863, 100.106582642, 99.6206512451, 99.7695007324, 99.6942367554, 100.160324097, 100.195297241]
    bpm_intervals: [0.600599527359, 0.60059940815, 0.600599527359, 0.60059928894, 0.600599527359, 0.600599527359, 0.600599527359, 0.60059928894, 0.600599765778, 0.624602794647, 0.600570678711, 0.600570201874, 0.600570201874, 0.600569725037, 0.600570678711, 0.600570678711]
    onset_times: [0.0348299331963, 0.208979591727, 0.383129239082, 0.49922901392, 0.684988677502, 0.812698423862, 0.986848056316, 1.11455786228, 1.27709746361, 1.42802715302, 1.69505667686, 1.99691605568, 2.19428563118, 2.31038546562, 2.61224484444, 2.77478456497, 2.91410422325, 3.11147403717, 3.23918366432, 3.40172338486, 3.54104304314, 3.69197273254, 3.84290242195, 4.04027223587, 4.14476203918, 4.42340135574, 4.73687076569, 4.91102027893, 5.0387301445, 5.20126962662, 5.32897949219, 5.51473903656, 5.64244890213, 5.80498886108, 5.94430828094, 6.1068482399, 6.24616765976, 6.54802703857, 6.8382768631, 7.1517457962, 7.46521520615, 7.61614513397, 7.75546503067, 8.05732440948, 8.2198638916, 8.37079334259, 8.66104316711, 8.95129299164, 9.26476192474, 9.55501174927, 9.86848068237]
    rubato_start: []
    rubato_stop: []
    perceptual_tempo: "unknown"

sfx:
    inharmonicity:
        dmean: 0.0436606109142
        dmean2: 0.0752395167947
        dvar: 0.00231461343355
        dvar2: 0.00644387118518
        max: 0.358880132437
        mean: 0.0445080064237
        min: 0
        var: 0.00286920019425
    oddtoevenharmonicenergyratio:
        dmean: 4.32174444199
        dmean2: 8.08157348633
        dvar: 515.930664062
        dvar2: 1537.27453613
        max: 244.541046143
        mean: 2.71123099327
        min: 0
        var: 282.361877441
    pitch_after_max_to_before_max_energy_ratio: 4.74772119522
    pitch_centroid: 182.90473938
    pitch_max_to_total: 0.118604652584
    pitch_min_to_total: 0.881395339966
    tristimulus:
        dmean: [0.215807929635, 0.218569934368, 0.115000203252]
        dmean2: [0.361744999886, 0.371344566345, 0.202249109745]
        dvar: [0.0389216579497, 0.0390493609011, 0.0146726528183]
        dvar2: [0.0971988663077, 0.096906632185, 0.0409017540514]
        max: [1, 0.972138643265, 0.707268059254]
        mean: [0.407208889723, 0.433706402779, 0.143715634942]
        min: [0.011238980107, 0, 0]
        var: [0.0638088881969, 0.0544729270041, 0.0205687172711]

tonal:
    chords_changes_rate: 0.0416666679084
    chords_number_rate: 0.0416666679084
    chords_strength:
        dmean: 0.00934102386236
        dmean2: 0.00945939868689
        dvar: 6.10015813436e-05
        dvar2: 5.5477492424e-05
        max: 0.629167258739
        mean: 0.518781363964
        min: 0.311925470829
        var: 0.00375500437804
    key_strength: 0.618377804756
    tuning_diatonic_strength: 0.475115448236
    tuning_equal_tempered_deviation: 0.0741086304188
    tuning_frequency: 444.085327148
    tuning_nontempered_energy_ratio: 0.730648756027
    hpcp:
        dmean: [0.13293915987, 0.141508311033, 0.18275500834, 0.222560197115, 0.185282975435, 0.119634799659, 0.123380109668, 0.119356110692, 0.159454897046, 0.195237860084, 0.137962281704, 0.120631970465, 0.139562413096, 0.122703708708, 0.117577016354, 0.169859558344, 0.140618041158, 0.114390291274, 0.163380131125, 0.137735769153, 0.0761914998293, 0.0635315105319, 0.0718468874693, 0.108616560698, 0.146980270743, 0.109822310507, 0.0911712124944, 0.0948352888227, 0.0777047649026, 0.116316244006, 0.169867143035, 0.15046416223, 0.16060744226, 0.194153562188, 0.19335462153, 0.149602130055]
        dmean2: [0.23148521781, 0.244093522429, 0.315675288439, 0.380084604025, 0.304484397173, 0.210851818323, 0.197039857507, 0.202588558197, 0.27695941925, 0.332557320595, 0.235574185848, 0.213732227683, 0.235855832696, 0.211141422391, 0.214370056987, 0.315174460411, 0.248109564185, 0.202006846666, 0.287098973989, 0.230845108628, 0.130826488137, 0.106269776821, 0.121714740992, 0.189472198486, 0.241701707244, 0.175423502922, 0.159185677767, 0.161461398005, 0.124145269394, 0.199695527554, 0.293761879206, 0.260231614113, 0.27371057868, 0.331582546234, 0.33729159832, 0.267120033503]
        dvar: [0.0392789654434, 0.0448690876365, 0.0411038957536, 0.0699859857559, 0.0339355692267, 0.0243833735585, 0.0268937684596, 0.026006301865, 0.0374846495688, 0.0499840453267, 0.028762659058, 0.0250929836184, 0.0436102636158, 0.0309758409858, 0.0272360760719, 0.0591060295701, 0.0396225340664, 0.0201352257282, 0.0481211580336, 0.0276498775929, 0.0216607823968, 0.0154604203999, 0.0184514801949, 0.0273313131183, 0.0394935160875, 0.015582789667, 0.0101034510881, 0.0149770202115, 0.0117372823879, 0.0243169553578, 0.0554669685662, 0.0423781685531, 0.0321866869926, 0.0518376119435, 0.0471738725901, 0.0421870872378]
        dvar2: [0.103779710829, 0.120414420962, 0.108492664993, 0.157798290253, 0.0860925763845, 0.0612398758531, 0.0632432624698, 0.0630778744817, 0.100404970348, 0.126691907644, 0.0723400264978, 0.0675143003464, 0.0940545573831, 0.0774418860674, 0.0772429853678, 0.161543950438, 0.104860082269, 0.051655381918, 0.10716612637, 0.06613368541, 0.0628087073565, 0.035979680717, 0.0428279787302, 0.0767507702112, 0.112904191017, 0.0377025827765, 0.0263249389827, 0.0315116047859, 0.0236221831292, 0.0664739534259, 0.138831153512, 0.111850753427, 0.093048542738, 0.136125639081, 0.131685525179, 0.132893592119]
        max: [1, 1, 1, 1, 1, 0.796909272671, 1, 1, 1, 1, 0.97831839323, 1, 1, 1, 1, 1, 1, 1, 1, 1, 1, 1, 1, 1, 1, 1, 0.551267623901, 1, 1, 0.956984341145, 1, 1, 1, 1, 1, 1]
        mean: [0.141353160143, 0.135417073965, 0.268084168434, 0.45425093174, 0.308877944946, 0.124205447733, 0.138160020113, 0.12788592279, 0.175667211413, 0.244227021933, 0.171060532331, 0.126751795411, 0.176599889994, 0.141956418753, 0.124517187476, 0.186933010817, 0.153213188052, 0.147749379277, 0.268256813288, 0.219390898943, 0.0798451527953, 0.0649240612984, 0.0783332809806, 0.131914407015, 0.199743911624, 0.154887333512, 0.101517908275, 0.111514337361, 0.0882290825248, 0.109468892217, 0.167461961508, 0.148219808936, 0.195889651775, 0.388248383999, 0.356740742922, 0.175606817007]
        min: [1.41599512062e-05, 0.000238447915763, 0.000738814182114, 0.00132623501122, 0.00190809974447, 0.00226455437951, 0.000351220194716, 0.000964947044849, 0.00118701125029, 0.00166694552172, 0.00155665678903, 0.00119910459034, 0.001039768802, 0.00070856558159, 0.00100161449518, 0.000826489995234, 0.000668902124744, 0.00236577563919, 0.000477725756355, 3.74156843463e-05, 6.93910988048e-05, 0.000143781391671, 0.000372852780856, 0.000652424409054, 0.000461237068521, 0.000888107810169, 0.00041948838043, 2.17872238863e-05, 5.13759550813e-05, 0.000730966508854, 0.000415129296016, 0.000436981732491, 0.000526259362232, 0.000859178602695, 7.68941245042e-05, 1.11861290861e-05]
        var: [0.0513678044081, 0.0449942424893, 0.0602697767317, 0.154675796628, 0.07380220294, 0.0241975020617, 0.0416677445173, 0.0337363742292, 0.0405280292034, 0.0665271878242, 0.038675930351, 0.025909172371, 0.0683890506625, 0.038390353322, 0.024706820026, 0.0697608143091, 0.0510782450438, 0.0264695733786, 0.100176677108, 0.0665275678039, 0.0187030285597, 0.0192638896406, 0.0247404370457, 0.034064296633, 0.0649801641703, 0.0348026007414, 0.0128809493035, 0.0269738417119, 0.0237609148026, 0.0245658438653, 0.0626887157559, 0.0424261242151, 0.0422554500401, 0.14572674036, 0.132173389196, 0.0440653823316]
    chords_histogram: [6.48148155212, 9.72222232819, 3.70370364189, 25, 12.5, 0, 0, 0, 0, 0, 0, 0, 0, 0, 0, 0, 0, 14.8148145676, 0, 0, 0, 3.24074077606, 18.9814815521, 5.55555534363]
    thpcp: [1, 0.679972052574, 0.27342915535, 0.304149121046, 0.281531453133, 0.386718451977, 0.537647843361, 0.376577168703, 0.279034763575, 0.388771653175, 0.312506616116, 0.274115413427, 0.411519259214, 0.337287545204, 0.325259387493, 0.59054762125, 0.482972919941, 0.175773233175, 0.142925545573, 0.172444954515, 0.290399849415, 0.439721524715, 0.340973079205, 0.223484203219, 0.2454906106, 0.194229826331, 0.240987718105, 0.368655174971, 0.326294988394, 0.43123665452, 0.854700267315, 0.785338521004, 0.386585474014, 0.311178594828, 0.298110723495, 0.590167582035]
    chords_key: "G"
    chords_scale: "minor"
    key_key: "G#"
    key_scale: "major"
    chords_progression: ["Gm", "Gm", "Gm", "Gm", "Gm", "Gm", "Gm", "Gm", "Gm", "Gm", "Gm", "Gm", "Gm", "Gm", "Gm", "Gm", "Gm", "Gm", "Gm", "Gm", "Gm", "Gm", "Gm", "Gm", "Gm", "Gm", "Gm", "Gm", "Gm", "D#", "D#", "D#", "D#", "D#", "D#", "D#", "D#", "Gm", "Gm", "Gm", "Gm", "Gm", "Gm", "Gm", "Gm", "Gm", "Gm", "Gm", "Gm", "Gm", "Gm", "Gm", "Gm", "Gm", "Gm", "Gm", "Gm", "Gm", "Gm", "Gm", "Gm", "Gm", "A#", "A#", "A#", "A#", "A#", "A#", "A#", "A#", "A#", "A#", "A#", "A#", "A#", "A#", "A#", "A#", "A#", "A#", "A#", "A#", "A#", "A#", "A#", "A#", "A#", "A#", "A#", "A#m", "A#m", "A#m", "A#m", "A#m", "A#m", "A#m", "C#", "C#", "C#", "C#", "C#", "C#", "C#", "C#", "C#", "C#", "C#", "C#", "C#", "C#", "C#", "C#", "C#", "C#", "C#", "C#", "C#", "C#", "C#", "C#", "C#", "C#", "C#", "C#", "C#", "C#", "C#", "C#", "C#", "C#", "C#", "C#", "C#", "C#", "C#", "C#", "C#", "G#m", "G#m", "G#m", "G#m", "G#m", "G#m", "G#m", "G#m", "G#m", "G#m", "G#m", "G#m", "G#m", "G#m", "G#m", "G#m", "G#m", "G#m", "G#m", "G#m", "G#m", "G#m", "G#m", "G#m", "G#m", "G#m", "G#m", "G#m", "G#m", "G#m", "G#m", "G#m", "Cm", "Cm", "Cm", "Cm", "Cm", "Cm", "Cm", "Cm", "Cm", "Cm", "Cm", "Cm", "Cm", "Cm", "Cm", "Cm", "Cm", "Cm", "Cm", "Cm", "Cm", "G#", "G#", "G#", "G#", "G#", "G#", "G#", "G#", "G#", "G#", "G#", "G#", "G#", "G#", "Fm", "Fm", "Fm", "Fm", "Fm", "Fm", "Fm", "Fm", "Fm", "Fm", "Fm", "Fm"]
