
metadata:
    version:
        essentia: "1.2.2"
    audio_properties:
        analysis_sample_rate: 44100
        bitrate: 128
        channels: 2
        equal_loudness: 1
        length: 10.0310201645
        replay_gain: -7.10103988647
        downmix: "mix"
    tags:
        track: 16
        year: 0
        album: "Splitted by Mp3Splt v. 2.1"
        artist: "From 002.30 To 002.40"
        comment: "http://mp3splt.sf.net"
        genre: ""
        title: "05 Everyone in the World Is Do"

highlevel:
    ballroom:
        all:
            ChaChaCha: 0.00658734887838
            Jive: 0.00794050935656
            Quickstep: 0.0600342787802
            Rumba-American: 0.0189211331308
            Rumba-International: 0.0608950406313
            Rumba-Misc: 0.162146255374
            Samba: 0.00852446723729
            Tango: 0.0260648243129
            VienneseWaltz: 0.431176453829
            Waltz: 0.217709675431
        probability: 0.431176453829
        value: "VienneseWaltz"
    culture:
        all:
            non_western: 0.946065723896
            western: 0.0539342574775
        probability: 0.946065723896
        value: "non_western"
    gender:
        all:
            female: 0.789590537548
            male: 0.21040943265
        probability: 0.789590537548
        value: "female"
    genre_dortmund:
        all:
            alternative: 0.235209241509
            blues: 0.00306970370002
            electronic: 0.365094274282
            folkcountry: 0.124806135893
            funksoulrnb: 0.0103679234162
            jazz: 0.0240450892597
            pop: 0.104475684464
            raphiphop: 0.00112637458369
            rock: 0.131805568933
        probability: 0.365094274282
        value: "electronic"
    genre_electronica:
        all:
            ambient: 0.971791028976
            dnb: 0.00911786966026
            house: 0.00568378577009
            techno: 0.00263474788517
            trance: 0.0107725765556
        probability: 0.971791028976
        value: "ambient"
    genre_rosamerica:
        all:
            cla: 0.513392090797
            dan: 0.0211160778999
            hip: 0.00971556082368
            jaz: 0.0323753729463
            pop: 0.0541214756668
            rhy: 0.0797210857272
            roc: 0.279130041599
            spe: 0.0104283317924
        probability: 0.513392090797
        value: "cla"
    genre_tzanetakis:
        all:
            blu: 0.0257507618517
            cla: 0.768799185753
            cou: 0.0490306206048
            dis: 0.024816930294
            hip: 0.00592548167333
            jaz: 0.0412821546197
            met: 0.0102909477428
            pop: 0.0230804588646
            reg: 0.0150608168915
            roc: 0.0359626412392
        probability: 0.768799185753
        value: "cla"
    live_studio:
        all:
            live: 0.599039852619
            studio: 0.400960177183
        probability: 0.599039852619
        value: "live"
    mood:
        all:
            Cluster1: 0.0428818948567
            Cluster2: 0.257558047771
            Cluster3: 0.584047973156
            Cluster4: 0.0862798988819
            Cluster5: 0.0292321946472
        probability: 0.584047973156
        value: "Cluster3"
    mood_acoustic:
        all:
            acoustic: 0.492172896862
            not_acoustic: 0.507827103138
        probability: 0.507827103138
        value: "not_acoustic"
    mood_aggressive:
        all:
            aggressive: 0.00421450845897
            not_aggressive: 0.995785474777
        probability: 0.995785474777
        value: "not_aggressive"
    mood_electronic:
        all:
            electronic: 0.593377530575
            not_electronic: 0.406622499228
        probability: 0.593377530575
        value: "electronic"
    mood_happy:
        all:
            happy: 0.282218545675
            not_happy: 0.717781484127
        probability: 0.717781484127
        value: "not_happy"
    mood_party:
        all:
            not_party: 0.937928020954
            party: 0.0620719492435
        probability: 0.937928020954
        value: "not_party"
    mood_relaxed:
        all:
            not_relaxed: 0.292874723673
            relaxed: 0.707125306129
        probability: 0.707125306129
        value: "relaxed"
    mood_sad:
        all:
            not_sad: 0.0857436954975
            sad: 0.9142562747
        probability: 0.9142562747
        value: "sad"
    rhythm:
        all:
            fast: 0.0197215247899
            medium: 0.0694765523076
            slow: 0.910801947117
        probability: 0.910801947117
        value: "slow"
    speech_music:
        all:
            music: 1.51855203967e-08
            speech: 1
        probability: 1
        value: "speech"
    timbre:
        all:
            bright: 0.297824054956
            dark: 0.702175915241
        probability: 0.702175915241
        value: "dark"
    voice_instrumental:
        all:
            instrumental: 0.753760755062
            voice: 0.246239244938
        probability: 0.753760755062
        value: "instrumental"

lowlevel:
    average_loudness: 0.972049117088
    barkbands_kurtosis:
        dmean: 3.744389534
        dmean2: 6.35512876511
        dvar: 19.1837329865
        dvar2: 59.1049728394
        max: 35.5023002625
        mean: 6.31629085541
        min: -0.171586275101
        var: 27.1832103729
    barkbands_skewness:
        dmean: 0.521279811859
        dmean2: 0.880424380302
        dvar: 0.21128436923
        dvar2: 0.638893783092
        max: 4.55154752731
        mean: 1.68793737888
        min: 0.403773397207
        var: 0.41432389617
    barkbands_spread:
        dmean: 2.37459087372
        dmean2: 3.95167756081
        dvar: 4.0912399292
        dvar2: 11.6947174072
        max: 18.5782165527
        mean: 7.2929391861
        min: 0.99924236536
        var: 10.3165073395
    dissonance:
        dmean: 0.0489118881524
        dmean2: 0.0851000472903
        dvar: 0.00153727829456
        dvar2: 0.00439835339785
        max: 0.495992451906
        mean: 0.411742985249
        min: 0.263715416193
        var: 0.00219870894216
    hfc:
        dmean: 1.51257896423
        dmean2: 2.52364706993
        dvar: 1.7546954155
        dvar2: 4.97974157333
        max: 11.5896463394
        mean: 4.62176036835
        min: 1.72003865242
        var: 2.87204217911
    pitch:
        dmean: 145.752655029
        dmean2: 275.964019775
        dvar: 39585.1953125
        dvar2: 99795.921875
        max: 882
        mean: 370.210205078
        min: 108.353805542
        var: 43157.03125
    pitch_instantaneous_confidence:
        dmean: 0.113599896431
        dmean2: 0.191637307405
        dvar: 0.00739507423714
        dvar2: 0.0214295405895
        max: 0.879091858864
        mean: 0.564553141594
        min: 0.192430317402
        var: 0.0132596800104
    pitch_salience:
        dmean: 0.0836482644081
        dmean2: 0.139542251825
        dvar: 0.00457677431405
        dvar2: 0.0132752675563
        max: 0.787162423134
        mean: 0.594873487949
        min: 0.27153801918
        var: 0.0070256749168
    silence_rate_20dB:
        dmean: 0
        dmean2: 0
        dvar: 0
        dvar2: 0
        max: 1
        mean: 1
        min: 1
        var: 0
    silence_rate_30dB:
        dmean: 0
        dmean2: 0
        dvar: 0
        dvar2: 0
        max: 1
        mean: 1
        min: 1
        var: 0
    silence_rate_60dB:
        dmean: 0.0765661224723
        dmean2: 0.153488367796
        dvar: 0.0707039311528
        dvar2: 0.176442086697
        max: 1
        mean: 0.074074074626
        min: 0
        var: 0.0685874819756
    spectral_centroid:
        dmean: 72.6374816895
        dmean2: 122.307289124
        dvar: 3738.68823242
        dvar2: 10377.9619141
        max: 1247.84875488
        mean: 823.96307373
        min: 543.214416504
        var: 9480.48535156
    spectral_complexity:
        dmean: 1.6853146553
        dmean2: 2.95560741425
        dvar: 1.83803331852
        dvar2: 5.12185049057
        max: 17
        mean: 10.0209302902
        min: 6
        var: 3.64840722084
    spectral_crest:
        dmean: 3.63110947609
        dmean2: 6.18566083908
        dvar: 7.91299962997
        dvar2: 22.1053905487
        max: 24.0853309631
        mean: 12.3218669891
        min: 3.85411739349
        var: 16.3526306152
    spectral_decrease:
        dmean: 5.39166322699e-10
        dmean2: 9.08163044766e-10
        dvar: 2.2423899639e-19
        dvar2: 6.29550982493e-19
        max: -4.05619232646e-10
        mean: -1.41913469864e-09
        min: -4.09901890208e-09
        var: 3.81507692628e-19
    spectral_energy:
        dmean: 0.00216960045509
        dmean2: 0.00365111790597
        dvar: 3.62613218385e-06
        dvar2: 1.01956557046e-05
        max: 0.0165218319744
        mean: 0.00577534642071
        min: 0.00168691354338
        var: 6.14336931903e-06
    spectral_energyband_high:
        dmean: 6.6510515353e-06
        dmean2: 1.09489046736e-05
        dvar: 5.45332529134e-11
        dvar2: 1.5464973746e-10
        max: 9.22649996937e-05
        mean: 2.11789811146e-05
        min: 1.57809893153e-06
        var: 2.57963039818e-10
    spectral_energyband_low:
        dmean: 2.7517005492e-06
        dmean2: 4.15330077885e-06
        dvar: 1.78472271684e-11
        dvar2: 3.9619009462e-11
        max: 7.0732065069e-05
        mean: 1.06720835902e-05
        min: 6.37546406779e-08
        var: 2.1106513759e-10
    spectral_energyband_middle_high:
        dmean: 0.000523032387719
        dmean2: 0.000823325593956
        dvar: 3.01589182072e-07
        dvar2: 7.85471115705e-07
        max: 0.00598563998938
        mean: 0.00153461552691
        min: 0.000461093557533
        var: 6.33351817214e-07
    spectral_energyband_middle_low:
        dmean: 0.00203753099777
        dmean2: 0.00348034477793
        dvar: 3.43874899045e-06
        dvar2: 9.33781848289e-06
        max: 0.0152867790312
        mean: 0.00420888280496
        min: 0.000639689853415
        var: 5.32345120519e-06
    spectral_flatness_db:
        dmean: 0.0255577694625
        dmean2: 0.0432232506573
        dvar: 0.000401853903895
        dvar2: 0.00122399546672
        max: 0.374023556709
        mean: 0.260730534792
        min: 0.183114364743
        var: 0.00093143817503
    spectral_flux:
        dmean: 0.0096494955942
        dmean2: 0.0164904408157
        dvar: 6.27827976132e-05
        dvar2: 0.000176890782313
        max: 0.0842492505908
        mean: 0.0423134788871
        min: 0.020215401426
        var: 0.000115680486488
    spectral_kurtosis:
        dmean: 4.9763250351
        dmean2: 8.91925144196
        dvar: 19.4179649353
        dvar2: 58.235786438
        max: 32.7948722839
        mean: 13.8297243118
        min: 3.80849027634
        var: 35.3197555542
    spectral_rms:
        dmean: 0.000437401118688
        dmean2: 0.000730833562557
        dvar: 1.19443939184e-07
        dvar2: 3.46393164818e-07
        max: 0.00401483010501
        mean: 0.00232259463519
        min: 0.00128287542611
        var: 2.40037422827e-07
    spectral_rolloff:
        dmean: 151.836685181
        dmean2: 272.435119629
        dvar: 43392.1132812
        dvar2: 122093.796875
        max: 3100.78125
        mean: 985.419433594
        min: 689.0625
        var: 41424.6171875
    spectral_skewness:
        dmean: 0.404100745916
        dmean2: 0.710663259029
        dvar: 0.116875246167
        dvar2: 0.350011140108
        max: 4.3526096344
        mean: 2.72592520714
        min: 1.51614952087
        var: 0.288326233625
    spectral_spread:
        dmean: 233395.765625
        dmean2: 389908.375
        dvar: 106287800320
        dvar2: 177563336704
        max: 7616534
        mean: 2355026.25
        min: 1458056.75
        var: 236505874432
    spectral_strongpeak:
        dmean: 0.475962519646
        dmean2: 0.801630079746
        dvar: 0.195943698287
        dvar2: 0.509917736053
        max: 3.32750678062
        mean: 1.04269683361
        min: 0.0894231647253
        var: 0.293156921864
    zerocrossingrate:
        dmean: 0.00383568252437
        dmean2: 0.00523191085085
        dvar: 8.94153708941e-06
        dvar2: 1.82341282198e-05
        max: 0.06640625
        mean: 0.0438783168793
        min: 0.01806640625
        var: 3.73169314116e-05
    barkbands:
        dmean: [7.16137238399e-09, 1.39323913118e-06, 2.14554779632e-06, 1.62830401678e-05, 0.000239460656303, 0.000150369436597, 0.000237353917328, 0.000167354155565, 0.00169888453092, 0.000568060728256, 0.000304608518491, 0.000145744954352, 4.1072966269e-05, 2.72468041658e-05, 1.0290082173e-05, 4.01042825615e-06, 1.28053707158e-05, 1.32194991238e-05, 2.76565879176e-05, 1.87932637346e-05, 2.02154978979e-06, 4.86299313707e-07, 1.12122918949e-07, 5.09132718207e-08, 1.34311006761e-08, 7.71892549878e-10, 4.94723095823e-10]
        dmean2: [1.10817630627e-08, 2.06361369237e-06, 3.27812358591e-06, 2.67604718829e-05, 0.000413810572354, 0.00024359569943, 0.000391221255995, 0.000283044879325, 0.00289905630052, 0.000934824231081, 0.000518654007465, 0.000252845493378, 6.84035185259e-05, 4.44322213298e-05, 1.71971914824e-05, 6.90092747391e-06, 2.18498171307e-05, 2.23351926252e-05, 4.59843176941e-05, 3.21401566907e-05, 3.41645659319e-06, 8.30552380648e-07, 1.73697827677e-07, 8.30807351804e-08, 2.04524575054e-08, 1.13905074262e-09, 6.96312174586e-10]
        dvar: [1.3004852593e-15, 4.63548947491e-12, 1.20792898253e-11, 2.86815071693e-10, 2.8396163998e-07, 2.11933279815e-08, 1.32526068342e-07, 4.31175521953e-08, 2.90674074677e-06, 5.31627392775e-07, 1.82756906497e-07, 2.31053078892e-08, 2.77072387256e-09, 1.24216004149e-09, 4.05797229153e-10, 3.82113403419e-11, 2.83101736498e-10, 1.51698417716e-10, 7.26444404631e-10, 4.43176662035e-10, 1.56318551853e-11, 1.0594665336e-12, 4.76482832953e-14, 5.42109344814e-15, 8.12604975476e-16, 2.7283379563e-17, 2.93245684928e-17]
        dvar2: [1.37969628652e-15, 9.77466805413e-12, 2.7124552604e-11, 7.61697094287e-10, 8.48444642543e-07, 5.49106147218e-08, 3.28736717847e-07, 1.19143010124e-07, 7.93089566287e-06, 1.3184388763e-06, 5.00886528698e-07, 7.10168848173e-08, 7.90033283238e-09, 3.06129255279e-09, 1.15861642502e-09, 9.72000951949e-11, 7.63314356167e-10, 3.9161276999e-10, 2.01692484936e-09, 1.18466358945e-09, 4.38685442139e-11, 3.29161589478e-12, 1.057942186e-13, 1.57464390512e-14, 1.70726097376e-15, 2.93045705743e-17, 2.95201437681e-17]
        max: [7.47651824895e-07, 2.38993634412e-05, 5.35950966878e-05, 0.000141602635267, 0.00681193359196, 0.0011184909381, 0.00461743818596, 0.00192011892796, 0.0140652228147, 0.00836252048612, 0.00427093170583, 0.00125654018484, 0.000538832566235, 0.000355197029421, 0.000208336059586, 7.56554291002e-05, 0.000231098281802, 0.000149276471348, 0.000276034203125, 0.000276889069937, 4.38457027485e-05, 1.40958773045e-05, 3.43053284269e-06, 1.42725843943e-06, 5.35294475412e-07, 1.06907378949e-07, 1.12424984877e-07]
        mean: [1.19733654103e-08, 4.92396748086e-06, 5.73741453991e-06, 3.03689375869e-05, 0.000471235456644, 0.000268465024419, 0.00034074523137, 0.000279148080153, 0.00239794957452, 0.000899812497664, 0.000464437092887, 0.000253514037468, 7.17459406587e-05, 4.91386053909e-05, 2.16621629079e-05, 9.44628209254e-06, 2.79881860479e-05, 3.56707423634e-05, 8.38355626911e-05, 5.21383662999e-05, 5.3129774642e-06, 1.49756237988e-06, 3.41373151969e-07, 1.78708063459e-07, 4.3609290401e-08, 1.58880397727e-09, 4.51062825979e-10]
        min: [8.77544825001e-12, 3.90813514883e-09, 5.10644397878e-08, 3.72411648186e-07, 4.26642645834e-06, 1.30859352794e-05, 6.43681232759e-06, 1.26871764223e-05, 0.000188927660929, 3.65779269487e-05, 8.98001871974e-06, 1.26462682601e-05, 5.08832454216e-06, 1.0529931842e-06, 6.02421550866e-07, 3.62292951195e-07, 1.9576473278e-06, 4.9970026339e-06, 6.87817055223e-06, 6.87882402417e-06, 2.8607960445e-08, 6.40784714179e-09, 7.2389873651e-08, 3.7166760336e-08, 9.40194810894e-10, 1.82318646291e-10, 6.56806911376e-13]
        var: [1.37126799106e-15, 3.85287010629e-11, 9.51077966382e-11, 6.62935928375e-10, 9.37679146773e-07, 3.76553863646e-08, 2.47450287816e-07, 8.25424848472e-08, 3.58604211215e-06, 9.71155600382e-07, 2.72910824606e-07, 3.61768748292e-08, 5.14285147801e-09, 3.06462100141e-09, 1.10531728215e-09, 1.47648296367e-10, 1.07130992966e-09, 7.86370191186e-10, 2.68635602652e-09, 1.32894673044e-09, 6.26028742734e-11, 5.31146394228e-12, 1.14376945957e-13, 3.10540777663e-14, 7.5350771968e-15, 3.05191529549e-17, 2.92919047848e-17]
    mfcc:
        mean: [-777.269592285, 176.160980225, -67.648475647, 8.41475296021, -61.8186607361, -39.8875732422, 6.94194746017, 2.09488606453, -24.4700946808, 1.37887966633, -12.7032089233, -12.779583931, -10.877617836]
        cov: [[534.63482666, -285.689025879, -122.404655457, -0.676835775375, -19.10754776, 63.8855743408, -303.431671143, -216.973815918, 93.2600631714, -298.606201172, -113.825828552, -141.709457397, -76.8699569702], [-285.689025879, 288.080200195, 121.009933472, 57.9579048157, 32.426322937, -23.8476371765, 216.723999023, 175.717208862, -59.3485641479, 204.041778564, 74.8925933838, 85.2170639038, 54.6167640686], [-122.404655457, 121.009933472, 183.200881958, 43.5426712036, 69.4684753418, -9.37311172485, 141.824798584, 141.984680176, -6.46972370148, 118.726783752, 69.4218673706, 48.2619514465, 48.8996200562], [-0.676835775375, 57.9579048157, 43.5426712036, 146.422637939, 32.1305389404, 21.0377578735, 58.2222709656, 72.1401062012, 3.84562897682, 10.0798406601, 4.62895584106, 6.87928009033, 10.2694921494], [-19.10754776, 32.426322937, 69.4684753418, 32.1305389404, 140.838943481, 45.7055664062, 63.5235824585, 57.9563407898, 3.83183145523, 54.6514663696, 54.2215423584, 20.6912021637, 12.61028862], [63.8855743408, -23.8476371765, -9.37311172485, 21.0377578735, 45.7055664062, 75.9654922485, -25.1591892242, -7.61661195755, 17.6088504791, -37.2641220093, 1.74260520935, -18.3755435944, -12.4895677567], [-303.431671143, 216.723999023, 141.824798584, 58.2222709656, 63.5235824585, -25.1591892242, 313.842559814, 228.447128296, -56.9740486145, 242.431442261, 107.759712219, 102.89490509, 78.5668945312], [-216.973815918, 175.717208862, 141.984680176, 72.1401062012, 57.9563407898, -7.61661195755, 228.447128296, 246.143386841, -22.503786087, 178.474319458, 93.7712097168, 75.5120391846, 62.5798988342], [93.2600631714, -59.3485641479, -6.46972370148, 3.84562897682, 3.83183145523, 17.6088504791, -56.9740486145, -22.503786087, 64.391960144, -55.6334571838, -14.4291543961, -27.4555130005, -12.8552150726], [-298.606201172, 204.041778564, 118.726783752, 10.0798406601, 54.6514663696, -37.2641220093, 242.431442261, 178.474319458, -55.6334571838, 274.342956543, 116.132896423, 105.222831726, 59.0453414917], [-113.825828552, 74.8925933838, 69.4218673706, 4.62895584106, 54.2215423584, 1.74260520935, 107.759712219, 93.7712097168, -14.4291543961, 116.132896423, 102.250183105, 51.6993560791, 32.1352500916], [-141.709457397, 85.2170639038, 48.2619514465, 6.87928009033, 20.6912021637, -18.3755435944, 102.89490509, 75.5120391846, -27.4555130005, 105.222831726, 51.6993560791, 85.0865325928, 32.45860672], [-76.8699569702, 54.6167640686, 48.8996200562, 10.2694921494, 12.61028862, -12.4895677567, 78.5668945312, 62.5798988342, -12.8552150726, 59.0453414917, 32.1352500916, 32.45860672, 66.3083648682]]
        icov: [[0.00747078610584, 0.00310283270665, -0.000957672367804, -0.00223288405687, -0.000948211876675, -0.00106517691165, 0.00244539603591, 0.00102269859053, -0.00195945007727, 0.00214614276774, -0.000477576977573, 0.00336273992434, -0.000431512569776], [0.00310283270665, 0.0117515381426, -0.00294969463721, -0.00325645762496, 0.00178261159454, -0.0025336954277, 0.000574363977648, -0.00121914816555, 0.00341046624817, -0.00484146503732, 0.0024274205789, 0.000413275061874, -0.000155379879288], [-0.000957672367804, -0.00294969463721, 0.0131028192118, 0.000222169313929, -0.00494194682688, 0.00454344507307, -0.000145335608977, -0.00449701538309, -0.00284118903801, 0.000505947507918, -0.00141215487383, 0.000641423510388, -0.00279676960781], [-0.00223288405687, -0.00325645762496, 0.000222169313929, 0.0109884496778, -0.00132195896003, -0.000961821118835, -0.00278397975489, -0.00352875003591, -0.000487776764203, 0.00351044349372, 0.00233215047047, -0.00122383411508, 0.00117563758977], [-0.000948211876675, 0.00178261159454, -0.00494194682688, -0.00132195896003, 0.0146100241691, -0.00926644075662, -0.00168463855516, 0.0022672470659, 0.000375888572307, -0.00258311606012, -0.0038316573482, -0.000813578022644, 0.0012423763983], [-0.00106517691165, -0.0025336954277, 0.00454344507307, -0.000961821118835, -0.00926644075662, 0.0233112145215, -0.000238690379774, -0.0020738739986, -0.00204647728242, 0.00537864584476, -0.0035896927584, 0.00191779213492, 0.0016582707176], [0.00244539603591, 0.000574363977648, -0.000145335608977, -0.00278397975489, -0.00168463855516, -0.000238690379774, 0.0204183403403, -0.0087909521535, 0.00444753654301, -0.00826490204781, 0.00167950836476, -7.95551895862e-05, -0.00527403643355], [0.00102269859053, -0.00121914816555, -0.00449701538309, -0.00352875003591, 0.0022672470659, -0.0020738739986, -0.0087909521535, 0.0181045755744, -0.00463691493496, 0.000112490393803, -0.00403073662892, 0.000397854746552, -0.000680023629684], [-0.00195945007727, 0.00341046624817, -0.00284118903801, -0.000487776764203, 0.000375888572307, -0.00204647728242, 0.00444753654301, -0.00463691493496, 0.0245905462652, -4.20090109401e-05, -0.000591799325775, 0.00148109858856, 0.000106172425149], [0.00214614276774, -0.00484146503732, 0.000505947507918, 0.00351044349372, -0.00258311606012, 0.00537864584476, -0.00826490204781, 0.000112490393803, -4.20090109401e-05, 0.0223300717771, -0.00914657302201, -0.00372062786482, 0.00311173079535], [-0.000477576977573, 0.0024274205789, -0.00141215487383, 0.00233215047047, -0.0038316573482, -0.0035896927584, 0.00167950836476, -0.00403073662892, -0.000591799325775, -0.00914657302201, 0.0256219636649, -0.00452908175066, -0.00217645405792], [0.00336273992434, 0.000413275061874, 0.000641423510388, -0.00122383411508, -0.000813578022644, 0.00191779213492, -7.95551895862e-05, 0.000397854746552, 0.00148109858856, -0.00372062786482, -0.00452908175066, 0.0262045767158, -0.00352302473038], [-0.000431512569776, -0.000155379879288, -0.00279676960781, 0.00117563758977, 0.0012423763983, 0.0016582707176, -0.00527403643355, -0.000680023629684, 0.000106172425149, 0.00311173079535, -0.00217645405792, -0.00352302473038, 0.0235851630569]]
    spectral_contrast:
        mean: [-4.98118936321e-07, 4.66181084846e-08, -2.64469633748e-07, -4.80649084977e-08, -1.13144862368e-08, -6.34442926639e-07, 3.72438921659e-06, -2.4672165182e-06, 1.05354672542e-06, -1.61071159255e-06, -2.16850025936e-06, -2.92194454232e-06]
        var: [0.000192629930098, 0.000603314256296, 0.000964617240243, 0.00164459703956, 0.00228803930804, 0.00387136056088, 0.0250966679305, 0.0450526848435, 0.0705676004291, 0.107655368745, 0.277558892965, 1.1442463398]

rhythm:
    beats_loudness:
        dmean: 0.0018891247455
        dmean2: 0.00303286127746
        dvar: 2.80262088381e-06
        dvar2: 7.58045871407e-06
        max: 0.0103473067284
        mean: 0.00537032214925
        min: 0.0030475135427
        var: 3.75882518711e-06
    beats_loudness_bass:
        dmean: 0.00583280902356
        dmean2: 0.0101052131504
        dvar: 7.6503631135e-05
        dvar2: 0.0001926212135
        max: 0.0356829613447
        mean: 0.00520618725568
        min: 0.000267663621344
        var: 5.89822884649e-05
    bpm: 111.699287415
    bpm_confidence: 0
    first_peak_bpm: 112
    first_peak_spread: 0
    first_peak_weight: 0.526315808296
    onset_rate: 3.19010424614
    second_peak_bpm: 126
    second_peak_spread: 0
    second_peak_weight: 0.421052634716
    beats_position: [0.31366237998, 0.850835561752, 1.38800871372, 1.92518174648, 2.46235489845, 2.99952793121, 3.53670144081, 4.07387447357, 4.61104774475, 5.14822149277, 5.68539476395, 6.03777694702, 6.51537132263, 6.99296474457, 7.47055912018, 7.94815301895, 8.42574691772, 8.90334129333, 9.38093566895, 9.85852909088]
    bpm_estimates: [111.02204895, 111.552345276, 112.523460388]
    bpm_intervals: [0.53717315197, 0.53717315197, 0.537173032761, 0.53717315197, 0.537173032761, 0.537173509598, 0.537173032761, 0.537173271179, 0.537173748016, 0.537173271179, 0.352382183075, 0.47759437561, 0.477593421936, 0.47759437561, 0.477593898773, 0.477593898773, 0.47759437561, 0.47759437561, 0.477593421936]
    onset_times: [0.0464399084449, 0.661768734455, 0.743038535118, 1.17260766029, 1.35836732388, 1.52090704441, 1.82276642323, 1.91564631462, 2.34521532059, 2.65868473053, 3.01859402657, 3.75002264977, 4.051882267, 4.2492518425, 4.59755086899, 5.10838985443, 5.14321994781, 5.49151945114, 5.8282084465, 6.48997735977, 6.79183673859, 7.36072540283, 8.04571437836, 8.33596324921, 8.55655288696, 8.90485286713, 9.14866256714, 9.22993183136, 9.52018165588, 9.63628101349, 9.74077129364, 10.0078001022]
    rubato_start: [6.51537132263]
    rubato_stop: [9.85852909088]
    perceptual_tempo: "unknown"

sfx:
    inharmonicity:
        dmean: 0.0498320199549
        dmean2: 0.0892156809568
        dvar: 0.00400486588478
        dvar2: 0.0113231223077
        max: 0.426819354296
        mean: 0.0455126836896
        min: 6.57167547615e-05
        var: 0.00345867988653
    oddtoevenharmonicenergyratio:
        dmean: 9.37056732178
        dmean2: 17.6127624512
        dvar: 1302.83642578
        dvar2: 3856.07763672
        max: 487.094726562
        mean: 5.75196027756
        min: 0.00035774538992
        var: 696.881958008
    pitch_after_max_to_before_max_energy_ratio: 93.7497940063
    pitch_centroid: 206.73236084
    pitch_max_to_total: 0.00232558138669
    pitch_min_to_total: 0.0232558138669
    tristimulus:
        dmean: [0.217726320028, 0.246645510197, 0.0543305687606]
        dmean2: [0.386287659407, 0.436453163624, 0.0958065316081]
        dvar: [0.0487262010574, 0.0628843009472, 0.00297956494614]
        dvar2: [0.138451576233, 0.181835845113, 0.00806309003383]
        max: [0.950684845448, 0.9959217906, 0.419962495565]
        mean: [0.316427350044, 0.598645746708, 0.0601127482951]
        min: [0.000984331476502, 0, 0]
        var: [0.0590894930065, 0.0703563839197, 0.00334735424258]

tonal:
    chords_changes_rate: 0.0555555559695
    chords_number_rate: 0.0324074067175
    chords_strength:
        dmean: 0.0068217292428
        dmean2: 0.00559260556474
        dvar: 3.46650340362e-05
        dvar2: 2.16303578782e-05
        max: 0.802895069122
        mean: 0.643790543079
        min: 0.447540462017
        var: 0.00494880136102
    key_strength: 0.690387308598
    tuning_diatonic_strength: 0.70648753643
    tuning_equal_tempered_deviation: 0.222423151135
    tuning_frequency: 442.293365479
    tuning_nontempered_energy_ratio: 0.862412393093
    hpcp:
        dmean: [0.0496076531708, 0.032398737967, 0.018191549927, 0.049363322556, 0.142884150147, 0.135344579816, 0.15958096087, 0.108289286494, 0.0680080130696, 0.0437904857099, 0.0336499735713, 0.0503744781017, 0.0560002811253, 0.0455049574375, 0.0509335175157, 0.0544916801155, 0.0351737998426, 0.0226956624538, 0.0276410076767, 0.0807915776968, 0.180880486965, 0.191237807274, 0.1760417521, 0.0771991312504, 0.0607972927392, 0.151087015867, 0.21713295579, 0.204070195556, 0.22701190412, 0.213887676597, 0.124134652317, 0.0719896778464, 0.0378522463143, 0.026100564748, 0.0296997539699, 0.040359582752]
        dmean2: [0.0864951312542, 0.0549320653081, 0.0308491494507, 0.0873595252633, 0.252342015505, 0.239896655083, 0.284367769957, 0.190684199333, 0.117841780186, 0.0780742093921, 0.0590143837035, 0.088345490396, 0.0995869785547, 0.0791336148977, 0.0881903395057, 0.0917043164372, 0.0604685693979, 0.0395505689085, 0.0497196689248, 0.14238165319, 0.307514429092, 0.326467394829, 0.306328415871, 0.138436645269, 0.108767785132, 0.272159904242, 0.369191676378, 0.360446721315, 0.394111424685, 0.375824391842, 0.217423960567, 0.125034347177, 0.0621855854988, 0.0469996631145, 0.049527477473, 0.0628596767783]
        dvar: [0.0126056494191, 0.0026177354157, 0.000370706722606, 0.00491201877594, 0.0339606925845, 0.0311749540269, 0.0366566032171, 0.0239792726934, 0.00840171333402, 0.00289065134712, 0.00195871270262, 0.00449310336262, 0.00556112453341, 0.00561706442386, 0.00942333508283, 0.00697459792718, 0.00185611692723, 0.00126080133487, 0.00250842398964, 0.0136179113761, 0.046727232635, 0.0429326109588, 0.041654355824, 0.0127965379506, 0.00916846003383, 0.0398841276765, 0.0484265834093, 0.0480729080737, 0.0499218739569, 0.0491800233722, 0.0267280321568, 0.015474403277, 0.00555023225024, 0.00250941701233, 0.00473137944937, 0.00720511516556]
        dvar2: [0.0295056533068, 0.00718933576718, 0.000958928605542, 0.0138869890943, 0.0986193791032, 0.0876302719116, 0.0961086302996, 0.0733879059553, 0.024154080078, 0.00687217898667, 0.00558235030621, 0.0122608803213, 0.0146288825199, 0.0170851275325, 0.0287253763527, 0.0191236827523, 0.00472028227523, 0.00297061610036, 0.00703501747921, 0.0398013293743, 0.137094527483, 0.117264352739, 0.125864312053, 0.0390125624835, 0.0251284204423, 0.106842167675, 0.128770679235, 0.134394913912, 0.132161796093, 0.137811943889, 0.0645455047488, 0.0402215830982, 0.0159874726087, 0.0073476601392, 0.0125277480111, 0.0137977078557]
        max: [1, 0.388878881931, 0.136000365019, 0.493055045605, 1, 1, 1, 1, 0.895463705063, 0.375409901142, 0.298781603575, 0.451603293419, 0.563676595688, 0.76070779562, 1, 0.803719878197, 0.369222521782, 0.315134853125, 0.404812932014, 0.703785002232, 1, 1, 1, 0.601406872272, 0.627756893635, 1, 1, 1, 1, 1, 1, 1, 0.599353551865, 0.369223862886, 0.565786063671, 1]
        mean: [0.0710008963943, 0.0429886616766, 0.0289867762476, 0.0575767420232, 0.19749315083, 0.338669329882, 0.265207648277, 0.119043692946, 0.0875486433506, 0.0680423676968, 0.0405227653682, 0.0608280487359, 0.0749883949757, 0.0578839592636, 0.0622183158994, 0.0691887959838, 0.0450337380171, 0.0278296470642, 0.0267121363431, 0.0772009566426, 0.262420147657, 0.390208244324, 0.251911133528, 0.0693055540323, 0.0496823862195, 0.153881415725, 0.344529002905, 0.451476305723, 0.388521790504, 0.316048115492, 0.230900391936, 0.109250031412, 0.0469798333943, 0.031680688262, 0.0369425080717, 0.0704970955849]
        min: [0.00296603445895, 0.00221402547322, 0.000598916318268, 0.000384517828934, 0.00362785486504, 0.00934005528688, 0.00639854511246, 0.00776702957228, 0.00253080809489, 0.000582121370826, 0.000470206286991, 0.000546114111785, 0.000893352320418, 0.000785818381701, 0.00107515638229, 0.00237594055943, 0.000509330420755, 0.000186883567949, 6.68643406243e-05, 0.000755142944399, 0.00396311935037, 0.00142631260678, 0.000947092659771, 0.000381828489481, 0.00015473854728, 0.000187912097317, 0.000797101878561, 0.000994458678178, 0.00158138980623, 0.00578208267689, 0.00238634948619, 0.00106713129207, 0.000409221654991, 0.000799275992904, 0.00162469071802, 0.00192521943245]
        var: [0.0235958620906, 0.00292040151544, 0.000662713719066, 0.00566006219015, 0.0595178045332, 0.123505353928, 0.0734371989965, 0.0212072152644, 0.0134072722867, 0.00591666297987, 0.0020186114125, 0.00583298550919, 0.00753541477025, 0.00517187640071, 0.0085819279775, 0.00753809092566, 0.00237557431683, 0.00175826414488, 0.00215326226316, 0.0143916774541, 0.0904386490583, 0.1290923208, 0.0762803852558, 0.0118355713785, 0.00799243524671, 0.0446035079658, 0.114785753191, 0.141433537006, 0.104666009545, 0.0884570404887, 0.0880030542612, 0.0347003266215, 0.00620064744726, 0.00252043758519, 0.00574831105769, 0.0264559350908]
    chords_histogram: [7.40740728378, 0, 13.8888893127, 0, 0, 0, 0, 0, 0, 23.6111106873, 13.8888893127, 0, 14.3518514633, 0, 0, 0, 0, 0, 0, 7.87037038803, 0, 0, 0, 18.9814815521]
    thpcp: [1, 0.860558569431, 0.70003259182, 0.511434137821, 0.24198397994, 0.104058250785, 0.0701713189483, 0.0818260163069, 0.156147941947, 0.157263830304, 0.0952179804444, 0.0642044246197, 0.127529934049, 0.437438577414, 0.75013756752, 0.587423205376, 0.26367649436, 0.193916365504, 0.150710821152, 0.0897561311722, 0.134731426835, 0.166095972061, 0.128210410476, 0.1378108114, 0.15325011313, 0.0997477322817, 0.0616414360702, 0.0591661967337, 0.170996695757, 0.581248998642, 0.864293932915, 0.55797201395, 0.153508722782, 0.110044285655, 0.340840518475, 0.76311647892]
    chords_key: "B"
    chords_scale: "major"
    key_key: "E"
    key_scale: "minor"
    chords_progression: ["Em", "Em", "Em", "Em", "Em", "Em", "Em", "C", "C", "Em", "C", "C", "C", "C", "C", "C", "C", "C", "C", "C", "C", "C", "C", "C", "C", "C", "C", "C", "C", "C", "C", "C", "C", "C", "C", "C", "C", "C", "C", "C", "C", "C", "C", "C", "C", "C", "C", "C", "C", "B", "B", "B", "B", "B", "B", "B", "B", "B", "B", "B", "B", "B", "B", "D#m", "B", "B", "B", "B", "Bm", "Bm", "Bm", "Bm", "Bm", "Bm", "Bm", "Bm", "Bm", "Bm", "Bm", "Bm", "Bm", "Bm", "Bm", "Bm", "Bm", "Bm", "Bm", "Bm", "Bm", "Bm", "Bm", "Bm", "Bm", "Bm", "Bm", "Bm", "Bm", "Bm", "A#m", "A#m", "A#m", "A#m", "A#m", "A#m", "A#m", "A#m", "A#m", "A#m", "A#m", "A#m", "A#m", "A#m", "A#m", "A#m", "A#m", "A#m", "A#m", "A#m", "A#m", "A#m", "A#m", "A#m", "A#m", "A#m", "A#m", "A#m", "A#m", "A#m", "A#m", "A#", "A#", "A#", "A#", "A#", "A#", "A#", "A#", "A#", "A#", "A#", "A#", "A#", "A#", "A#", "A#", "A#", "B", "B", "B", "B", "B", "B", "B", "B", "B", "B", "B", "B", "B", "B", "B", "B", "B", "B", "B", "B", "B", "B", "B", "B", "B", "B", "B", "B", "B", "B", "B", "B", "B", "D#m", "D#m", "D#m", "D#m", "D#m", "D#m", "D#m", "D#m", "D#m", "D#m", "D#m", "D#m", "D#m", "D#m", "D#m", "D#m", "D#m", "D#m", "D#m", "D#m", "D#m", "D#m", "D#m", "D#m", "D#m", "D#m", "D#m", "D#m", "D#m", "Em", "Em", "Em", "Em", "Em", "Em", "Em", "Em"]
