
metadata:
    version:
        essentia: "1.2.2"
    audio_properties:
        analysis_sample_rate: 44100
        bitrate: 128
        channels: 2
        equal_loudness: 1
        length: 10.0310201645
        replay_gain: -1.84698867798
        downmix: "mix"
    tags:
        track: 18
        year: 0
        album: "Splitted by Mp3Splt v. 2.1"
        artist: "From 002.50 To 003.00"
        comment: "http://mp3splt.sf.net"
        genre: ""
        title: "13 Paris and Rome [Flood Mix]."

highlevel:
    ballroom:
        all:
            ChaChaCha: 0.00662964163348
            Jive: 0.0118004344404
            Quickstep: 0.0168470144272
            Rumba-American: 0.0113733531907
            Rumba-International: 0.66903012991
            Rumba-Misc: 0.10769007355
            Samba: 0.0165523588657
            Tango: 0.0221645981073
            VienneseWaltz: 0.0642144083977
            Waltz: 0.0736979991198
        probability: 0.66903012991
        value: "Rumba-International"
    culture:
        all:
            non_western: 0.383815288544
            western: 0.616184711456
        probability: 0.616184711456
        value: "western"
    gender:
        all:
            female: 0.638168275356
            male: 0.361831754446
        probability: 0.638168275356
        value: "female"
    genre_dortmund:
        all:
            alternative: 0.0998346284032
            blues: 0.0289862193167
            electronic: 0.123639650643
            folkcountry: 0.105261869729
            funksoulrnb: 0.0204128026962
            jazz: 0.509754657745
            pop: 0.0699990317225
            raphiphop: 0.00177199032623
            rock: 0.04033915326
        probability: 0.509754657745
        value: "jazz"
    genre_electronica:
        all:
            ambient: 0.808333694935
            dnb: 0.0327004082501
            house: 0.0287691876292
            techno: 0.00802304781973
            trance: 0.122173629701
        probability: 0.808333694935
        value: "ambient"
    genre_rosamerica:
        all:
            cla: 0.0259489193559
            dan: 0.0847874134779
            hip: 0.0330507420003
            jaz: 0.66213029623
            pop: 0.0509999841452
            rhy: 0.0251453164965
            roc: 0.1113967821
            spe: 0.00654057180509
        probability: 0.66213029623
        value: "jaz"
    genre_tzanetakis:
        all:
            blu: 0.0340085104108
            cla: 0.0372414700687
            cou: 0.0420401282609
            dis: 0.0197940710932
            hip: 0.0138388266787
            jaz: 0.462717413902
            met: 0.0105105703697
            pop: 0.138325229287
            reg: 0.0930037498474
            roc: 0.148520037532
        probability: 0.462717413902
        value: "jaz"
    live_studio:
        all:
            live: 0.16246573627
            studio: 0.837534248829
        probability: 0.837534248829
        value: "studio"
    mood:
        all:
            Cluster1: 0.225671470165
            Cluster2: 0.066349260509
            Cluster3: 0.609100878239
            Cluster4: 0.0692881643772
            Cluster5: 0.0295902304351
        probability: 0.609100878239
        value: "Cluster3"
    mood_acoustic:
        all:
            acoustic: 0.770904898643
            not_acoustic: 0.229095101357
        probability: 0.770904898643
        value: "acoustic"
    mood_aggressive:
        all:
            aggressive: 4.08382788919e-07
            not_aggressive: 0.999999582767
        probability: 0.999999582767
        value: "not_aggressive"
    mood_electronic:
        all:
            electronic: 0.751210272312
            not_electronic: 0.248789727688
        probability: 0.751210272312
        value: "electronic"
    mood_happy:
        all:
            happy: 0.0539584420621
            not_happy: 0.946041584015
        probability: 0.946041584015
        value: "not_happy"
    mood_party:
        all:
            not_party: 0.945992529392
            party: 0.0540074594319
        probability: 0.945992529392
        value: "not_party"
    mood_relaxed:
        all:
            not_relaxed: 0.0682669430971
            relaxed: 0.931733071804
        probability: 0.931733071804
        value: "relaxed"
    mood_sad:
        all:
            not_sad: 0.0979017838836
            sad: 0.902098238468
        probability: 0.902098238468
        value: "sad"
    rhythm:
        all:
            fast: 0.0951609238982
            medium: 0.442568391562
            slow: 0.46227067709
        probability: 0.46227067709
        value: "slow"
    speech_music:
        all:
            music: 0.999774575233
            speech: 0.000225411291467
        probability: 0.999774575233
        value: "music"
    timbre:
        all:
            bright: 0.0138944191858
            dark: 0.986105561256
        probability: 0.986105561256
        value: "dark"
    voice_instrumental:
        all:
            instrumental: 0.999997735023
            voice: 2.24878203881e-06
        probability: 0.999997735023
        value: "instrumental"

lowlevel:
    average_loudness: 0.948813259602
    barkbands_kurtosis:
        dmean: 2.19252300262
        dmean2: 3.49588632584
        dvar: 6.11053848267
        dvar2: 12.7898330688
        max: 29.2689552307
        mean: 4.95076322556
        min: -1.61971950531
        var: 25.4969367981
    barkbands_skewness:
        dmean: 0.424299716949
        dmean2: 0.652026772499
        dvar: 0.155856654048
        dvar2: 0.349523603916
        max: 4.43501281738
        mean: 1.90021562576
        min: -0.16696099937
        var: 0.728728413582
    barkbands_spread:
        dmean: 4.0434346199
        dmean2: 6.2771987915
        dvar: 23.9727668762
        dvar2: 49.7258148193
        max: 49.6112785339
        mean: 16.5740890503
        min: 3.82398557663
        var: 82.2767105103
    dissonance:
        dmean: 0.0257869698107
        dmean2: 0.0415997207165
        dvar: 0.000463116448373
        dvar2: 0.00117930187844
        max: 0.497864663601
        mean: 0.425135791302
        min: 0.31413257122
        var: 0.00134174362756
    hfc:
        dmean: 0.719962358475
        dmean2: 1.05164909363
        dvar: 1.39765608311
        dvar2: 3.14536094666
        max: 11.5621166229
        mean: 2.15748786926
        min: 0.00432090554386
        var: 2.35571980476
    pitch:
        dmean: 301.708679199
        dmean2: 588.909057617
        dvar: 916320.25
        dvar2: 2397800
        max: 4009.09082031
        mean: 439.999755859
        min: 65.430267334
        var: 785280.6875
    pitch_instantaneous_confidence:
        dmean: 0.0733310058713
        dmean2: 0.110199376941
        dvar: 0.00452016992494
        dvar2: 0.00925778597593
        max: 0.843796312809
        mean: 0.521318376064
        min: 0.150861382484
        var: 0.0267069060355
    pitch_salience:
        dmean: 0.0536652132869
        dmean2: 0.0856983885169
        dvar: 0.00226193852723
        dvar2: 0.00533423665911
        max: 0.814465641975
        mean: 0.548248887062
        min: 0.25069668889
        var: 0.0102120703086
    silence_rate_20dB:
        dmean: 0
        dmean2: 0
        dvar: 0
        dvar2: 0
        max: 1
        mean: 1
        min: 1
        var: 0
    silence_rate_30dB:
        dmean: 0
        dmean2: 0
        dvar: 0
        dvar2: 0
        max: 1
        mean: 1
        min: 1
        var: 0
    silence_rate_60dB:
        dmean: 0.101851850748
        dmean2: 0.201856151223
        dvar: 0.0914780125022
        dvar2: 0.16575063765
        max: 1
        mean: 0.466512709856
        min: 0
        var: 0.248878121376
    spectral_centroid:
        dmean: 129.98538208
        dmean2: 201.001647949
        dvar: 27091.0605469
        dvar2: 59984.59375
        max: 1966.00512695
        mean: 623.823669434
        min: 243.396865845
        var: 76160.3515625
    spectral_complexity:
        dmean: 1.45707654953
        dmean2: 2.25813961029
        dvar: 2.8328371048
        dvar2: 6.01476573944
        max: 18
        mean: 6.16666650772
        min: 0
        var: 6.47221803665
    spectral_crest:
        dmean: 2.03853583336
        dmean2: 3.28057718277
        dvar: 3.44014883041
        dvar2: 8.39925575256
        max: 21.6604194641
        mean: 10.8591566086
        min: 3.46654891968
        var: 16.0007743835
    spectral_decrease:
        dmean: 2.59713944795e-10
        dmean2: 4.03816813321e-10
        dvar: 1.87269386758e-19
        dvar2: 4.65521635711e-19
        max: -7.4134486527e-13
        mean: -9.53098377998e-10
        min: -5.541715975e-09
        var: 4.58742683796e-19
    spectral_energy:
        dmean: 0.00103787402622
        dmean2: 0.00160081591457
        dvar: 2.91118840323e-06
        dvar2: 7.19713125363e-06
        max: 0.0218461640179
        mean: 0.00379289872944
        min: 3.18992238135e-06
        var: 7.10709991836e-06
    spectral_energyband_high:
        dmean: 2.93658158625e-05
        dmean2: 4.30933469033e-05
        dvar: 3.27979066128e-09
        dvar2: 7.46238182359e-09
        max: 0.000521081092302
        mean: 4.87745492137e-05
        min: 2.33883056922e-07
        var: 4.3367855973e-09
    spectral_energyband_low:
        dmean: 0.000299556733808
        dmean2: 0.000512008671649
        dvar: 3.68020266706e-07
        dvar2: 1.00587988072e-06
        max: 0.00685545802116
        mean: 0.000571147189476
        min: 3.50703402319e-07
        var: 4.99697250689e-07
    spectral_energyband_middle_high:
        dmean: 0.000190890423255
        dmean2: 0.000281181710307
        dvar: 1.13271354962e-07
        dvar2: 2.61844320448e-07
        max: 0.00298947631381
        mean: 0.000437768729171
        min: 8.25434767648e-07
        var: 1.85567017752e-07
    spectral_energyband_middle_low:
        dmean: 0.000744403107092
        dmean2: 0.00115793303121
        dvar: 1.37819768042e-06
        dvar2: 3.39936627824e-06
        max: 0.0152644086629
        mean: 0.00273511838168
        min: 1.77884805908e-06
        var: 4.28990097134e-06
    spectral_flatness_db:
        dmean: 0.0167196877301
        dmean2: 0.0251013375819
        dvar: 0.000222681832383
        dvar2: 0.000486776989419
        max: 0.283220380545
        mean: 0.194876194
        min: 0.0937375053763
        var: 0.00117001577746
    spectral_flux:
        dmean: 0.00739365676418
        dmean2: 0.0110703324899
        dvar: 9.95241061901e-05
        dvar2: 0.000200345908524
        max: 0.125496089458
        mean: 0.0235285144299
        min: 0.00178603536915
        var: 0.000187540208572
    spectral_kurtosis:
        dmean: 1.99347293377
        dmean2: 3.32729482651
        dvar: 5.14273548126
        dvar2: 13.7699975967
        max: 28.0476951599
        mean: 5.59887075424
        min: 0.83317232132
        var: 12.8924446106
    spectral_rms:
        dmean: 0.000248693133472
        dmean2: 0.000372121925466
        dvar: 1.07978401331e-07
        dvar2: 2.19145491087e-07
        max: 0.00461663631722
        mean: 0.0018152325647
        min: 5.57863750146e-05
        var: 4.05319809715e-07
    spectral_rolloff:
        dmean: 384.100128174
        dmean2: 656.161437988
        dvar: 491191.25
        dvar2: 1157922
        max: 3962.109375
        mean: 984.347351074
        min: 236.865234375
        var: 790111.875
    spectral_skewness:
        dmean: 0.250206917524
        dmean2: 0.395479559898
        dvar: 0.0618372373283
        dvar2: 0.142588853836
        max: 3.96541619301
        mean: 1.83448708057
        min: 0.794677853584
        var: 0.232666119933
    spectral_spread:
        dmean: 398240.53125
        dmean2: 569437.5
        dvar: 261029445632
        dvar2: 441367855104
        max: 12109004
        mean: 4106758.75
        min: 2217559.25
        var: 927300255744
    spectral_strongpeak:
        dmean: 0.139200523496
        dmean2: 0.234150409698
        dvar: 0.0330953486264
        dvar2: 0.0825007930398
        max: 1.41973268986
        mean: 0.427267462015
        min: 0.00333075388335
        var: 0.118579119444
    zerocrossingrate:
        dmean: 0.00662295194343
        dmean2: 0.00806231796741
        dvar: 4.78750880575e-05
        dvar2: 5.84332228755e-05
        max: 0.115234375
        mean: 0.0444629825652
        min: 0.01806640625
        var: 0.000282012915704
    barkbands:
        dmean: [1.49371908265e-06, 8.97349673323e-05, 0.00024935809779, 0.000169114398886, 0.000408085586969, 0.00012513679394, 0.000134646557854, 0.00015314319171, 7.65975055401e-05, 6.35690012132e-05, 2.49614422501e-05, 2.02092214749e-05, 2.62314606516e-05, 1.38240957313e-05, 2.37348176597e-05, 1.2069423974e-05, 2.35576480918e-05, 3.18456513924e-05, 3.63449616998e-05, 3.50945265382e-05, 1.44299165186e-05, 2.84411657958e-06, 9.88276724456e-07, 1.88572855109e-07, 6.96509800946e-08, 4.72334926727e-09, 7.39378280823e-10]
        dmean2: [2.47048524216e-06, 0.00014148131595, 0.000421923032263, 0.000286286958726, 0.000632053066511, 0.000211193895666, 0.000213866951526, 0.000220753456233, 0.000120232551126, 0.000103814942122, 3.64196712326e-05, 2.78112693195e-05, 3.86764622817e-05, 2.05719661608e-05, 3.88045373256e-05, 1.93590312847e-05, 3.96849536628e-05, 5.28466443939e-05, 5.87402573728e-05, 5.68382129131e-05, 2.1783331249e-05, 4.0443915168e-06, 1.56833323217e-06, 2.68553748128e-07, 9.80944463436e-08, 6.35091490508e-09, 8.77776795694e-10]
        dvar: [1.47534137684e-11, 4.71289851589e-08, 2.88940015025e-07, 2.05711629064e-07, 4.29444298788e-07, 3.98008062064e-08, 5.6096247647e-08, 8.34222291246e-08, 2.18366427163e-08, 3.88858545364e-08, 2.66491917422e-09, 1.88537163659e-09, 3.55648910322e-09, 9.9771979567e-10, 3.15159232045e-09, 1.00383423796e-09, 4.56322357678e-09, 4.47506032231e-09, 1.39873339577e-08, 3.96778210288e-09, 7.49974859993e-10, 1.99202650902e-11, 8.1441121208e-12, 8.98738955436e-14, 2.0573945786e-14, 1.8611494961e-16, 1.39351610551e-16]
        dvar2: [3.68332586653e-11, 1.26650220977e-07, 7.9235121575e-07, 5.5651855746e-07, 1.05666504169e-06, 9.72202087723e-08, 1.29915989078e-07, 1.73367624257e-07, 4.77651589392e-08, 1.0268726669e-07, 5.17121545585e-09, 3.37051209165e-09, 5.73308911456e-09, 1.42288858473e-09, 7.32710070395e-09, 2.52491383357e-09, 1.18947331984e-08, 1.12114673101e-08, 3.6139056192e-08, 9.42588496144e-09, 1.65623048609e-09, 4.16719020402e-11, 2.37601015252e-11, 1.92091920712e-13, 4.70239488624e-14, 2.54381675873e-16, 1.39646986822e-16]
        max: [3.1204901461e-05, 0.00200638594106, 0.00611457228661, 0.00629765726626, 0.00696043251082, 0.00338000268675, 0.00506773497909, 0.00437494041398, 0.00139122561086, 0.00223303423263, 0.00103373161983, 0.000830419478007, 0.000986724626273, 0.00057168956846, 0.000529000069946, 0.000442385906354, 0.000689198437613, 0.00068207696313, 0.00144394603558, 0.000607685185969, 0.000343479710864, 4.10301872762e-05, 3.80713609047e-05, 3.38158997693e-06, 1.84617169907e-06, 2.37792775692e-07, 2.4560682732e-07]
        mean: [3.00028386846e-06, 0.000202672585147, 0.000365569983842, 0.000224489820539, 0.00107952335384, 0.000287146365736, 0.0004830105172, 0.000463284377474, 0.000165100369486, 7.93224317022e-05, 4.26419755968e-05, 4.79908958368e-05, 6.08923182881e-05, 2.57150113612e-05, 3.13218988595e-05, 2.26566244237e-05, 2.38859884121e-05, 4.50624102086e-05, 3.94613343815e-05, 6.752012996e-05, 2.52769532381e-05, 5.30766328666e-06, 1.54178030698e-06, 3.84599587733e-07, 1.1713679271e-07, 7.05127822798e-09, 7.25580928673e-10]
        min: [6.57182086528e-09, 1.88356466424e-07, 1.56830310516e-07, 6.14478707917e-08, 5.19143611655e-07, 3.72209854049e-07, 5.92597757532e-07, 1.19217006045e-07, 1.02775771893e-07, 2.69249778029e-08, 3.31858140967e-09, 2.0023518843e-08, 2.18420730391e-08, 1.61163651313e-08, 6.23014670964e-08, 4.30318749522e-08, 4.80513762113e-08, 2.40043391386e-07, 1.80754881285e-07, 2.29376851735e-07, 8.79837713796e-08, 6.41167900994e-08, 1.57396566891e-08, 6.42607256296e-09, 3.41461880993e-09, 1.67144978414e-10, 5.17679323887e-13]
        var: [2.35063774001e-11, 7.2382441374e-08, 3.02363531546e-07, 1.90232938735e-07, 1.25451902022e-06, 1.90873620909e-07, 7.338709338e-07, 5.61341323646e-07, 7.50419815176e-08, 4.40331362483e-08, 6.59309495887e-09, 1.09194298048e-08, 2.05676844445e-08, 2.8889886039e-09, 3.50826900863e-09, 1.73778791357e-09, 3.57196805467e-09, 4.49752546317e-09, 1.12677467357e-08, 5.03674923991e-09, 1.0415639462e-09, 3.46891231018e-11, 7.15033978207e-12, 1.7277740111e-13, 3.26422137204e-14, 2.89151981311e-16, 1.3919316245e-16]
    mfcc:
        mean: [-771.319641113, 153.009857178, -17.5488433838, 64.2631225586, -21.245059967, 2.31716680527, -4.94266176224, -7.01613283157, -7.14886188507, 2.39382791519, -1.97244238853, -2.74244999886, -3.95199465752]
        cov: [[1589.42724609, -14.2263698578, -205.280487061, -214.451705933, -13.4715127945, 33.7851486206, 33.254322052, 36.0680427551, 54.2550811768, -58.3415527344, 30.736448288, 33.6413726807, 11.4338293076], [-14.2263698578, 636.153991699, -50.8384284973, -94.2883453369, -7.29387044907, 91.5540313721, 57.8486175537, 44.1475982666, -7.11598443985, -25.7734966278, -1.57907354832, 9.71736335754, -4.20082473755], [-205.280487061, -50.8384284973, 223.186019897, 89.4367446899, -1.59937679768, -9.94089317322, 0.0586880631745, -12.7513217926, 6.49105358124, 15.2110881805, -20.2217750549, -4.65530395508, 2.08256030083], [-214.451705933, -94.2883453369, 89.4367446899, 186.802047729, 64.8773117065, -11.7148160934, -25.0502548218, -18.2501087189, -5.9349398613, 17.0496273041, -16.8631515503, -12.548541069, -1.61171102524], [-13.4715127945, -7.29387044907, -1.59937679768, 64.8773117065, 105.216255188, 30.4007072449, -4.7608923912, -18.9780044556, -27.2136745453, -4.36462640762, 6.23400211334, -15.3383464813, -1.53290367126], [33.7851486206, 91.5540313721, -9.94089317322, -11.7148160934, 30.4007072449, 112.606452942, 57.107219696, -0.494708091021, -27.1268215179, -21.2492656708, -2.28650403023, -3.12395882607, -11.225394249], [33.254322052, 57.8486175537, 0.0586880631745, -25.0502548218, -4.7608923912, 57.107219696, 93.4375076294, 45.8651161194, 1.8312484026, -13.423995018, -4.85507917404, -4.67689561844, -20.3838367462], [36.0680427551, 44.1475982666, -12.7513217926, -18.2501087189, -18.9780044556, -0.494708091021, 45.8651161194, 96.8853378296, 48.4344787598, 4.62567329407, -1.45394337177, 7.44794559479, -3.36116433144], [54.2550811768, -7.11598443985, 6.49105358124, -5.9349398613, -27.2136745453, -27.1268215179, 1.8312484026, 48.4344787598, 84.2483901978, 30.8926868439, -1.81396305561, 11.7300233841, 6.84153985977], [-58.3415527344, -25.7734966278, 15.2110881805, 17.0496273041, -4.36462640762, -21.2492656708, -13.423995018, 4.62567329407, 30.8926868439, 56.0392303467, 13.5588293076, 4.86578416824, 11.0695400238], [30.736448288, -1.57907354832, -20.2217750549, -16.8631515503, 6.23400211334, -2.28650403023, -4.85507917404, -1.45394337177, -1.81396305561, 13.5588293076, 47.0921897888, 18.2213459015, 10.2077703476], [33.6413726807, 9.71736335754, -4.65530395508, -12.548541069, -15.3383464813, -3.12395882607, -4.67689561844, 7.44794559479, 11.7300233841, 4.86578416824, 18.2213459015, 52.8675460815, 31.1344738007], [11.4338293076, -4.20082473755, 2.08256030083, -1.61171102524, -1.53290367126, -11.225394249, -20.3838367462, -3.36116433144, 6.84153985977, 11.0695400238, 10.2077703476, 31.1344738007, 65.5548706055]]
        icov: [[0.000938727054745, 0.000254482962191, 0.000435868016211, 0.00103183393367, -0.000738696195185, -0.000182076750207, -0.000189970945939, 0.000474722677609, -0.00160465296358, 0.0014590609353, -0.000315548764775, -0.000267285446171, -0.000121910910821], [0.000254482962191, 0.00206906627864, 5.35197141289e-05, 0.00128145620693, -0.000332457217155, -0.00183638732415, 0.000708017265424, -0.00119023525622, 3.93063564843e-05, 0.000254425453022, 0.000459023547592, -0.000419263087679, 3.54866751877e-05], [0.000435868016211, 5.35197141289e-05, 0.00653335032985, -0.00331172463484, 0.00196489016525, 0.000354423566023, -0.00244232080877, 0.00227478356101, -0.00139901880175, -7.94859224698e-05, 0.00106128153857, 5.63365210837e-05, -0.000930302776396], [0.00103183393367, 0.00128145620693, -0.00331172463484, 0.0124924993142, -0.00868627056479, 0.000642458617222, 0.00213809800334, -0.00121400714852, -0.000129073407152, -0.00235244166106, 0.00520918518305, -0.00297127477825, 0.00183470337652], [-0.000738696195185, -0.000332457217155, 0.00196489016525, -0.00868627056479, 0.0186733771116, -0.00592014845461, 0.00258942251094, -0.000821572262794, 0.00291589461267, 0.00103690428659, -0.00670835794881, 0.00733253732324, -0.00289982114919], [-0.000182076750207, -0.00183638732415, 0.000354423566023, 0.000642458617222, -0.00592014845461, 0.0196418389678, -0.0139166098088, 0.00618792837486, 0.00126022042241, 0.000929604575504, 0.00188997888472, -0.00303461891599, -7.953446584e-06], [-0.000189970945939, 0.000708017265424, -0.00244232080877, 0.00213809800334, 0.00258942251094, -0.0139166098088, 0.0279488582164, -0.015193650499, 0.004758939147, -0.000729488034267, 0.000257338921074, 0.00080081296619, 0.00500377779827], [0.000474722677609, -0.00119023525622, 0.00227478356101, -0.00121400714852, -0.000821572262794, 0.00618792837486, -0.015193650499, 0.024844462052, -0.0145647786558, 0.00505400635302, -0.00162542948965, -0.000735610083211, -0.00140223104972], [-0.00160465296358, 3.93063564843e-05, -0.00139901880175, -0.000129073407152, 0.00291589461267, 0.00126022042241, 0.004758939147, -0.0145647786558, 0.029055673629, -0.0159234572202, 0.0070674312301, -0.00430764630437, 0.00194247090258], [0.0014590609353, 0.000254425453022, -7.94859224698e-05, -0.00235244166106, 0.00103690428659, 0.000929604575504, -0.000729488034267, 0.00505400635302, -0.0159234572202, 0.0323936790228, -0.0130128785968, 0.00578982802108, -0.00460942834616], [-0.000315548764775, 0.000459023547592, 0.00106128153857, 0.00520918518305, -0.00670835794881, 0.00188997888472, 0.000257338921074, -0.00162542948965, 0.0070674312301, -0.0130128785968, 0.0334443040192, -0.0139222154394, 0.00320647400804], [-0.000267285446171, -0.000419263087679, 5.63365210837e-05, -0.00297127477825, 0.00733253732324, -0.00303461891599, 0.00080081296619, -0.000735610083211, -0.00430764630437, 0.00578982802108, -0.0139222154394, 0.0346427708864, -0.0150053594261], [-0.000121910910821, 3.54866751877e-05, -0.000930302776396, 0.00183470337652, -0.00289982114919, -7.953446584e-06, 0.00500377779827, -0.00140223104972, 0.00194247090258, -0.00460942834616, 0.00320647400804, -0.0150053594261, 0.0239703599364]]
    spectral_contrast:
        mean: [-2.28596576335e-07, 2.14574995994e-07, -1.83311016144e-07, -2.82412798924e-07, -3.52613398036e-07, 2.64599094635e-07, 1.42892474742e-06, 6.25469340321e-07, 1.98113002625e-06, 2.19612752517e-06, -2.41178054239e-06, 1.35821323966e-06]
        var: [0.000344223546563, 0.000472951622214, 0.00135686178692, 0.00262454897165, 0.00443794811144, 0.00668867910281, 0.0332007594407, 0.0731936395168, 0.118827566504, 0.172904670238, 0.415863156319, 0.908077657223]

rhythm:
    beats_loudness:
        dmean: 0.00284653552808
        dmean2: 0.00511970650405
        dvar: 4.49808794656e-06
        dvar2: 1.20691220218e-05
        max: 0.0107027553022
        mean: 0.00597140844911
        min: 0.00279922271147
        var: 5.46040337213e-06
    beats_loudness_bass:
        dmean: 0.225818037987
        dmean2: 0.393443435431
        dvar: 0.0164930652827
        dvar2: 0.0478776991367
        max: 0.53327691555
        mean: 0.209671765566
        min: 0.00969573762268
        var: 0.0297735407948
    bpm: 150.12059021
    bpm_confidence: 0
    first_peak_bpm: 150
    first_peak_spread: 0
    first_peak_weight: 0.529411792755
    onset_rate: 3.5888671875
    second_peak_bpm: 75
    second_peak_spread: 0
    second_peak_weight: 0.411764711142
    beats_position: [0.0775876715779, 0.879131317139, 1.68067491055, 2.48221874237, 3.28376245499, 4.0853061676, 4.88684988022, 5.68839359283, 6.11832046509, 6.51800251007, 6.91768407822, 7.3173661232, 7.71704769135, 8.11672973633, 8.51641178131, 8.91609287262, 9.3157749176, 9.71545696259]
    bpm_estimates: [149.763153076, 150.007476807, 149.760375977, 150.417984009, 149.96484375, 150.332077026, 149.683883667, 151.034942627]
    bpm_intervals: [0.801543653011, 0.801543593407, 0.801543831825, 0.801543712616, 0.801543712616, 0.801543712616, 0.801543712616, 0.429926872253, 0.399682044983, 0.399681568146, 0.399682044983, 0.399681568146, 0.399682044983, 0.399682044983, 0.399681091309, 0.399682044983, 0.399682044983]
    onset_times: [0.0464399084449, 0.232199549675, 0.348299324512, 0.46439909935, 0.731428563595, 0.847528338432, 1.26548755169, 1.50929701328, 1.67183673382, 2.06657600403, 2.47292518616, 2.86766433716, 3.25079369545, 3.66875290871, 3.93578219414, 4.07510185242, 4.20281171799, 4.49306106567, 4.74848079681, 5.29414987564, 5.67727899551, 6.09523820877, 6.35065746307, 6.5015873909, 6.90793657303, 7.18657588959, 7.2910656929, 7.72063493729, 7.9644446373, 8.11537456512, 8.498503685, 8.90485286713, 9.33442211151, 9.5666217804, 9.70594120026, 9.9613609314]
    rubato_start: [6.11832046509]
    rubato_stop: [6.51800251007]
    perceptual_tempo: "unknown"

sfx:
    inharmonicity:
        dmean: 0.0263756029308
        dmean2: 0.0464512519538
        dvar: 0.000950854504481
        dvar2: 0.00256426050328
        max: 0.192753568292
        mean: 0.0265514738858
        min: 8.11925492599e-05
        var: 0.000972167123109
    oddtoevenharmonicenergyratio:
        dmean: 2.70886254311
        dmean2: 5.06775379181
        dvar: 55.7558403015
        dvar2: 170.581237793
        max: 87.6251144409
        mean: 2.23035931587
        min: 0.00014399716747
        var: 34.5267181396
    pitch_after_max_to_before_max_energy_ratio: 25.9487400055
    pitch_centroid: 223.633972168
    pitch_max_to_total: 0.00231481483206
    pitch_min_to_total: 0.831018507481
    tristimulus:
        dmean: [0.204896181822, 0.208846256137, 0.0568393990397]
        dmean2: [0.361095130444, 0.370561629534, 0.0982860177755]
        dvar: [0.0401952080429, 0.0411027036607, 0.00578214554116]
        dvar2: [0.103118352592, 0.106036171317, 0.0158236548305]
        max: [0.974300086498, 0.960915088654, 0.705816328526]
        mean: [0.444705426693, 0.474730700254, 0.0696719139814]
        min: [0.0320618860424, 0, 0]
        var: [0.0620354823768, 0.065478362143, 0.005821690429]

tonal:
    chords_changes_rate: 0.0506912432611
    chords_number_rate: 0.0322580635548
    chords_strength:
        dmean: 0.00627962080762
        dmean2: 0.00519754597917
        dvar: 3.68900036847e-05
        dvar2: 1.99389887712e-05
        max: 0.609691679478
        mean: 0.503736078739
        min: 0.336240887642
        var: 0.0030170220416
    key_strength: 0.766998291016
    tuning_diatonic_strength: 0.607638776302
    tuning_equal_tempered_deviation: 0.0915293246508
    tuning_frequency: 441.782684326
    tuning_nontempered_energy_ratio: 0.698937654495
    hpcp:
        dmean: [0.0277423840016, 0.0275314059108, 0.0339674539864, 0.0574287958443, 0.0801475122571, 0.0850003361702, 0.0903416126966, 0.106668189168, 0.108097538352, 0.069277331233, 0.0694159641862, 0.0349498055875, 0.0294421035796, 0.0251400992274, 0.0374167859554, 0.0532598048449, 0.0385711863637, 0.0276971329004, 0.0411977246404, 0.0419867672026, 0.0466155223548, 0.0470005422831, 0.0272599495947, 0.028744192794, 0.0414253659546, 0.0320612601936, 0.0341310948133, 0.0550694689155, 0.0893022492528, 0.138524547219, 0.109615579247, 0.135190144181, 0.0867009535432, 0.0387486293912, 0.054388102144, 0.0312887988985]
        dmean2: [0.0486469715834, 0.0491303615272, 0.0536669827998, 0.0944071784616, 0.141597658396, 0.147637784481, 0.154059067369, 0.185755565763, 0.172719329596, 0.102717116475, 0.116443395615, 0.0640178844333, 0.0539090409875, 0.0437223948538, 0.0557277277112, 0.0854176282883, 0.0637944415212, 0.0448247417808, 0.0631100982428, 0.0675363391638, 0.0722602456808, 0.0767616480589, 0.0457805618644, 0.0434648059309, 0.0636085495353, 0.051138613373, 0.0609436742961, 0.0976127833128, 0.149962812662, 0.231358408928, 0.183210209012, 0.230092644691, 0.15098169446, 0.0627874210477, 0.0917091369629, 0.0541653037071]
        dvar: [0.00512989796698, 0.00603043427691, 0.00502621941268, 0.013031671755, 0.0222101677209, 0.0216551162302, 0.0270668361336, 0.0258323196322, 0.0165537744761, 0.0159230008721, 0.0102382162586, 0.00470414943993, 0.00688315089792, 0.00412616273388, 0.00440163956955, 0.0107886064798, 0.00666426541284, 0.00315602542832, 0.00819794554263, 0.0116362161934, 0.0101316021755, 0.0108652636409, 0.00205692066811, 0.00319567183033, 0.0110526764765, 0.00453392742202, 0.00818821042776, 0.0227049011737, 0.025646397844, 0.0382966659963, 0.0342196710408, 0.0249419603497, 0.0185301825404, 0.0126560367644, 0.00867431983352, 0.00471432926133]
        dvar2: [0.0141624221578, 0.0169812627137, 0.00969715882093, 0.0270735360682, 0.0680409222841, 0.0614004805684, 0.0740644708276, 0.0700082182884, 0.0382651761174, 0.028448022902, 0.0257227960974, 0.0127757452428, 0.0195554718375, 0.0111351069063, 0.00754767190665, 0.0230061952025, 0.0160298552364, 0.00740693649277, 0.0194169580936, 0.031567402184, 0.0264064408839, 0.0299530699849, 0.00551577610895, 0.0078427772969, 0.0253757312894, 0.0107452403754, 0.0239450912923, 0.0642722919583, 0.0687425583601, 0.0974596440792, 0.087852858007, 0.0704099908471, 0.055184174329, 0.0287039224058, 0.0249678064138, 0.013437285088]
        max: [0.540082991123, 0.527117967606, 0.783065378666, 1, 1, 0.926705002785, 1, 0.936313569546, 1, 1, 0.896051287651, 0.421275794506, 0.706124424934, 0.400899976492, 0.767147302628, 1, 0.731044769287, 0.40515601635, 0.948585808277, 1, 0.796897053719, 0.867875695229, 0.25658839941, 0.486722350121, 1, 0.583584606647, 0.761439323425, 1, 1, 1, 1, 1, 1, 1, 0.927046716213, 0.51423561573]
        mean: [0.023350270465, 0.0244396645576, 0.0452440008521, 0.0784498825669, 0.0928153321147, 0.0987297073007, 0.102175965905, 0.110715925694, 0.298022300005, 0.406573802233, 0.186324879527, 0.0279637128115, 0.0221932977438, 0.023023577407, 0.0568487979472, 0.0865140557289, 0.054158244282, 0.0422600805759, 0.0583799704909, 0.0496269948781, 0.0669170841575, 0.0664415284991, 0.0308526512235, 0.0391977801919, 0.0584974512458, 0.0415665097535, 0.036271777004, 0.0533421039581, 0.110743291676, 0.352591723204, 0.428263276815, 0.214618697762, 0.245686396956, 0.327715814114, 0.153725624084, 0.026699192822]
        min: [0, 0.0006983645726, 0.00123901246116, 0.00166162580717, 0.00213981303386, 0.00212390581146, 0.00159357115626, 0.00268753129058, 0.00110309687443, 0.000606364861596, 0.000571589102037, 0.00020578377007, 0.000311408948619, 0.000300476327538, 0.000287641363684, 0.000294228433631, 0.000676202587783, 0.000583293265663, 0.000473028165288, 0.000363294559065, 0, 0, 0, 0.000824852264486, 0.000803775794338, 0.000617702607997, 0.00136991613545, 0.000788605597336, 0.000868465634994, 0.00104983989149, 0.000891068542842, 0.00105826545041, 0.000265089038294, 0, 0, 0]
        var: [0.00322418659925, 0.00393194472417, 0.00796889979392, 0.0212469566613, 0.0226850751787, 0.0219973102212, 0.0284045021981, 0.0251985043287, 0.0815493613482, 0.183308258653, 0.044252987951, 0.00345119810663, 0.00444905785844, 0.00332856690511, 0.00765769835562, 0.0191184896976, 0.00910043437034, 0.00482237711549, 0.0125436177477, 0.00983442459255, 0.0157317277044, 0.0161659568548, 0.00211304333061, 0.00449271034449, 0.0172965172678, 0.00637352513149, 0.0056082829833, 0.0172450747341, 0.0294445622712, 0.126812949777, 0.180787563324, 0.0407027713954, 0.101611554623, 0.196104899049, 0.045173600316, 0.00338380178437]
    chords_histogram: [17.0506916046, 0, 2.30414748192, 0, 0, 0, 0, 15.2073736191, 0, 28.571428299, 0, 0, 0, 0, 0, 0, 20.2764968872, 0, 0, 0, 0, 0, 12.9032258987, 3.68663597107]
    thpcp: [1, 0.501137316227, 0.573680758476, 0.765220463276, 0.358951210976, 0.062342941761, 0.0545231662691, 0.0570669174194, 0.105645298958, 0.18318143487, 0.216724932194, 0.230535075068, 0.238582134247, 0.25852304697, 0.695885717869, 0.949354827404, 0.435070872307, 0.0652956143022, 0.0518216229975, 0.0537603348494, 0.132742643356, 0.202011376619, 0.126460164785, 0.0986778065562, 0.136317953467, 0.115879639983, 0.156252205372, 0.155141785741, 0.0720413178205, 0.0915272980928, 0.136592268944, 0.0970583111048, 0.0846950411797, 0.124554470181, 0.25858694315, 0.823306024075]
    chords_key: "G"
    chords_scale: "major"
    key_key: "C"
    key_scale: "minor"
    chords_progression: ["C", "C", "C", "C", "C", "C", "C", "Cm", "Cm", "Cm", "Cm", "Cm", "Cm", "Cm", "Cm", "Cm", "Cm", "Cm", "Cm", "Cm", "Cm", "Cm", "Cm", "Cm", "Cm", "C", "C", "C", "C", "C", "G", "G", "G", "G", "G", "G", "G", "G", "G", "G", "G", "G", "G", "G", "G", "G", "G", "G", "G", "G", "G", "G", "G", "G", "G", "G", "G", "G", "G", "G", "G", "G", "G", "G", "G", "G", "G", "G", "G", "G", "G", "G", "G", "G", "G", "G", "G", "G", "G", "G", "G", "G", "G", "G", "G", "G", "G", "G", "G", "G", "G", "G", "Gm", "Gm", "Gm", "Gm", "Gm", "G#m", "G#m", "G#m", "G#m", "G#m", "G#m", "G#m", "G#m", "G#m", "G#m", "G#m", "G#m", "G#m", "G#m", "G#m", "G#m", "G#m", "G#m", "G#", "G#", "G#", "G#m", "G#m", "G#m", "G#m", "G#m", "G#m", "G#m", "G#m", "G#m", "G#m", "G#m", "G#m", "G#m", "G#m", "G#m", "G#m", "G#m", "G#m", "G#m", "G#m", "G#m", "G#m", "G#m", "G#m", "G#m", "G#m", "G#", "G#", "G#", "G#", "G#", "Fm", "Fm", "Fm", "Fm", "Fm", "Fm", "Fm", "Fm", "Fm", "Fm", "Fm", "Fm", "Fm", "Fm", "Fm", "Fm", "Fm", "Fm", "Fm", "Fm", "Fm", "Fm", "Fm", "Fm", "Fm", "Fm", "Fm", "Fm", "C", "C", "C", "C", "C", "C", "C", "C", "C", "C", "C", "C", "C", "C", "C", "C", "C", "C", "C", "C", "C", "Cm", "Cm", "Cm", "Cm", "Cm", "Cm", "Cm", "Cm", "Cm", "Cm", "Cm", "Cm", "Cm", "Cm", "Cm", "Cm", "Cm", "Cm", "Cm"]
