
metadata:
    version:
        essentia: "1.2.2"
    audio_properties:
        analysis_sample_rate: 44100
        bitrate: 128
        channels: 2
        equal_loudness: 1
        length: 9.97877597809
        replay_gain: -7.20107078552
        downmix: "mix"
    tags:
        track: 11
        year: 0
        album: "Splitted by Mp3Splt v. 2.1"
        artist: "From 001.40 To 001.50"
        comment: "http://mp3splt.sf.net"
        genre: ""
        title: "02 The Mark of the Devil.mp3"

highlevel:
    ballroom:
        all:
            ChaChaCha: 0.106182530522
            Jive: 0.466503411531
            Quickstep: 0.186979159713
            Rumba-American: 0.00180364574771
            Rumba-International: 0.0138842817396
            Rumba-Misc: 0.00480154948309
            Samba: 0.1867005229
            Tango: 0.00356885115616
            VienneseWaltz: 0.0245013348758
            Waltz: 0.00507471803576
        probability: 0.466503411531
        value: "Jive"
    culture:
        all:
            non_western: 0.19034011662
            western: 0.809659898281
        probability: 0.809659898281
        value: "western"
    gender:
        all:
            female: 0.0221864245832
            male: 0.977813601494
        probability: 0.977813601494
        value: "male"
    genre_dortmund:
        all:
            alternative: 0.0893912538886
            blues: 0.0851257294416
            electronic: 0.01304047741
            folkcountry: 0.164121553302
            funksoulrnb: 0.03153347224
            jazz: 0.092303417623
            pop: 0.101185791194
            raphiphop: 0.133407264948
            rock: 0.289891034365
        probability: 0.289891034365
        value: "rock"
    genre_electronica:
        all:
            ambient: 0.170291081071
            dnb: 0.201005384326
            house: 0.374412626028
            techno: 0.0400302782655
            trance: 0.21426063776
        probability: 0.374412626028
        value: "house"
    genre_rosamerica:
        all:
            cla: 0.0233683008701
            dan: 0.173176765442
            hip: 0.088989160955
            jaz: 0.0461962781847
            pop: 0.310051977634
            rhy: 0.170050814748
            roc: 0.173840910196
            spe: 0.0143257826567
        probability: 0.310051977634
        value: "pop"
    genre_tzanetakis:
        all:
            blu: 0.00575934490189
            cla: 0.00229660305195
            cou: 0.0848555639386
            dis: 0.231226280332
            hip: 0.0123008769006
            jaz: 0.0161527898163
            met: 0.00912849698216
            pop: 0.110985629261
            reg: 0.0550319775939
            roc: 0.472262442112
        probability: 0.472262442112
        value: "roc"
    live_studio:
        all:
            live: 0.27083003521
            studio: 0.72916996479
        probability: 0.72916996479
        value: "studio"
    mood:
        all:
            Cluster1: 0.331420242786
            Cluster2: 0.233621969819
            Cluster3: 0.156704515219
            Cluster4: 0.146901369095
            Cluster5: 0.131351903081
        probability: 0.331420242786
        value: "Cluster1"
    mood_acoustic:
        all:
            acoustic: 0.0405223220587
            not_acoustic: 0.95947766304
        probability: 0.95947766304
        value: "not_acoustic"
    mood_aggressive:
        all:
            aggressive: 0.0923825502396
            not_aggressive: 0.90761744976
        probability: 0.90761744976
        value: "not_aggressive"
    mood_electronic:
        all:
            electronic: 0.715669333935
            not_electronic: 0.284330636263
        probability: 0.715669333935
        value: "electronic"
    mood_happy:
        all:
            happy: 0.91151446104
            not_happy: 0.0884855613112
        probability: 0.91151446104
        value: "happy"
    mood_party:
        all:
            not_party: 0.443102300167
            party: 0.556897699833
        probability: 0.556897699833
        value: "party"
    mood_relaxed:
        all:
            not_relaxed: 0.722202241421
            relaxed: 0.277797788382
        probability: 0.722202241421
        value: "not_relaxed"
    mood_sad:
        all:
            not_sad: 0.764578700066
            sad: 0.235421270132
        probability: 0.764578700066
        value: "not_sad"
    rhythm:
        all:
            fast: 0.84850114584
            medium: 0.039879810065
            slow: 0.111619055271
        probability: 0.84850114584
        value: "fast"
    speech_music:
        all:
            music: 0.999940872192
            speech: 5.91224961681e-05
        probability: 0.999940872192
        value: "music"
    timbre:
        all:
            bright: 0.636038303375
            dark: 0.363961696625
        probability: 0.636038303375
        value: "bright"
    voice_instrumental:
        all:
            instrumental: 0.000129629930598
            voice: 0.999870359898
        probability: 0.999870359898
        value: "voice"

lowlevel:
    average_loudness: 0.975338160992
    barkbands_kurtosis:
        dmean: 0.830590963364
        dmean2: 1.31933426857
        dvar: 1.35766625404
        dvar2: 3.29179334641
        max: 12.3245248795
        mean: -0.560029923916
        min: -1.84391212463
        var: 2.53558492661
    barkbands_skewness:
        dmean: 0.471695721149
        dmean2: 0.688140928745
        dvar: 0.151195734739
        dvar2: 0.34124237299
        max: 3.31079101562
        mean: 0.414205610752
        min: -2.94356036186
        var: 0.751708030701
    barkbands_spread:
        dmean: 6.15804624557
        dmean2: 9.12194728851
        dvar: 28.818529129
        dvar2: 63.3801383972
        max: 74.1381454468
        mean: 35.2468566895
        min: 8.58688545227
        var: 103.603279114
    dissonance:
        dmean: 0.0199685748667
        dmean2: 0.0311543811113
        dvar: 0.000305324268993
        dvar2: 0.000753852946218
        max: 0.499203503132
        mean: 0.453045636415
        min: 0.315876752138
        var: 0.000749287137296
    hfc:
        dmean: 3.22442150116
        dmean2: 4.44076824188
        dvar: 20.4959487915
        dvar2: 46.2309913635
        max: 50.7625427246
        mean: 7.53115749359
        min: 0.172478571534
        var: 44.4947624207
    pitch:
        dmean: 731.409912109
        dmean2: 1411.87255859
        dvar: 1782499.875
        dvar2: 4316699.5
        max: 5512.5
        mean: 1096.44152832
        min: 97.1365661621
        var: 2460357.25
    pitch_instantaneous_confidence:
        dmean: 0.0993872135878
        dmean2: 0.155068874359
        dvar: 0.00749751366675
        dvar2: 0.0178826786578
        max: 0.877330541611
        mean: 0.483560889959
        min: 0.191983103752
        var: 0.0185001008213
    pitch_salience:
        dmean: 0.0693072900176
        dmean2: 0.109938643873
        dvar: 0.00352858263068
        dvar2: 0.00874270591885
        max: 0.796583294868
        mean: 0.577249348164
        min: 0.268571794033
        var: 0.00848417542875
    silence_rate_20dB:
        dmean: 0
        dmean2: 0
        dvar: 0
        dvar2: 0
        max: 1
        mean: 1
        min: 1
        var: 0
    silence_rate_30dB:
        dmean: 0
        dmean2: 0
        dvar: 0
        dvar2: 0
        max: 1
        mean: 1
        min: 1
        var: 0
    silence_rate_60dB:
        dmean: 0.13053612411
        dmean2: 0.261682242155
        dvar: 0.113496765494
        dvar2: 0.207222431898
        max: 1
        mean: 0.37209302187
        min: 0
        var: 0.233639165759
    spectral_centroid:
        dmean: 342.882537842
        dmean2: 502.434387207
        dvar: 111346.390625
        dvar2: 196843.078125
        max: 4361.6953125
        mean: 1553.77294922
        min: 447.00402832
        var: 587657.1875
    spectral_complexity:
        dmean: 3.89695549011
        dmean2: 5.51643180847
        dvar: 19.8536071777
        dvar2: 37.7098007202
        max: 46
        mean: 12.5911216736
        min: 1
        var: 59.7884407043
    spectral_crest:
        dmean: 2.00552749634
        dmean2: 3.16949939728
        dvar: 3.29906845093
        dvar2: 8.11505031586
        max: 18.3797912598
        mean: 7.65040779114
        min: 2.94341921806
        var: 7.42268610001
    spectral_decrease:
        dmean: 3.21104420831e-10
        dmean2: 4.32161972874e-10
        dvar: 1.43153918911e-19
        dvar2: 2.95508516076e-19
        max: -8.79283382216e-11
        mean: -1.01441088862e-09
        min: -4.15539735954e-09
        var: 3.8687666349e-19
    spectral_energy:
        dmean: 0.00145638419781
        dmean2: 0.00197659432888
        dvar: 3.16378873322e-06
        dvar2: 6.45489080853e-06
        max: 0.0202877111733
        mean: 0.00451171863824
        min: 0.000347507069819
        var: 8.22170113679e-06
    spectral_energyband_high:
        dmean: 0.000250645156484
        dmean2: 0.000395638984628
        dvar: 2.1251575788e-07
        dvar2: 5.08334494498e-07
        max: 0.00441020587459
        mean: 0.000423104094807
        min: 7.46147748032e-07
        var: 3.52460773456e-07
    spectral_energyband_low:
        dmean: 0.000263264839305
        dmean2: 0.000408867752412
        dvar: 1.60293879503e-07
        dvar2: 4.11400236544e-07
        max: 0.00403896952048
        mean: 0.000388657121221
        min: 5.50908850983e-07
        var: 2.07066918279e-07
    spectral_energyband_middle_high:
        dmean: 0.000764176889788
        dmean2: 0.0010395613499
        dvar: 8.78610364907e-07
        dvar2: 1.80097879365e-06
        max: 0.0096971122548
        mean: 0.00173769518733
        min: 3.86020219594e-05
        var: 2.4052731078e-06
    spectral_energyband_middle_low:
        dmean: 0.000677855336107
        dmean2: 0.00100107642356
        dvar: 4.81047322864e-07
        dvar2: 1.0658939118e-06
        max: 0.00656977901235
        mean: 0.00196226662956
        min: 0.000168010796187
        var: 1.35656534894e-06
    spectral_flatness_db:
        dmean: 0.018449543044
        dmean2: 0.0285658463836
        dvar: 0.000275719765341
        dvar2: 0.000594500161242
        max: 0.259147077799
        mean: 0.176557064056
        min: 0.0935723036528
        var: 0.000892259879038
    spectral_flux:
        dmean: 0.00945314113051
        dmean2: 0.0133425425738
        dvar: 8.04569353932e-05
        dvar2: 0.000133262452437
        max: 0.0935186892748
        mean: 0.0379021205008
        min: 0.00828496087343
        var: 0.000280501437373
    spectral_kurtosis:
        dmean: 1.17517280579
        dmean2: 1.98027384281
        dvar: 1.6347079277
        dvar2: 4.29181098938
        max: 14.7417907715
        mean: 1.97065615654
        min: -0.882641792297
        var: 3.53141379356
    spectral_rms:
        dmean: 0.000322168518323
        dmean2: 0.000427867198596
        dvar: 1.02848254357e-07
        dvar2: 1.84473051945e-07
        max: 0.0044489200227
        mean: 0.00200016028248
        min: 0.000582263921387
        var: 4.01032224318e-07
    spectral_rolloff:
        dmean: 548.92010498
        dmean2: 860.772521973
        dvar: 342219.53125
        dvar2: 645110.75
        max: 6696.82617188
        mean: 3140.57641602
        min: 322.998046875
        var: 1413923
    spectral_skewness:
        dmean: 0.215145483613
        dmean2: 0.322301119566
        dvar: 0.0367656238377
        dvar2: 0.0798761174083
        max: 3.4124379158
        mean: 0.979443848133
        min: -0.275978982449
        var: 0.168196737766
    spectral_spread:
        dmean: 521557.53125
        dmean2: 773931.25
        dvar: 524776505344
        dvar2: 942116896768
        max: 10659076
        mean: 4555499.5
        min: 2388203.25
        var: 1.66002950144e+12
    spectral_strongpeak:
        dmean: 0.493956565857
        dmean2: 0.855712532997
        dvar: 0.926906228065
        dvar2: 2.31266832352
        max: 9.84557437897
        mean: 0.691290736198
        min: 0.0180627834052
        var: 1.03322446346
    zerocrossingrate:
        dmean: 0.0116970231757
        dmean2: 0.012584131211
        dvar: 0.000121334487631
        dvar2: 0.000115345872473
        max: 0.22802734375
        mean: 0.0912663862109
        min: 0.015625
        var: 0.00127323390916
    barkbands:
        dmean: [1.59153650259e-08, 5.63402136322e-05, 0.00022946257377, 0.00023502240947, 0.000254545011558, 0.00015086735948, 0.000212072452996, 0.000175498324097, 6.43701350782e-05, 3.62419741577e-05, 2.84875604848e-05, 8.21606518002e-05, 5.43992064195e-05, 3.60644735338e-05, 4.18807212554e-05, 4.73763757327e-05, 0.000233255865169, 0.000140350501169, 0.000303135195281, 0.000234634746448, 9.89505133475e-05, 5.11046564498e-05, 1.25136384668e-05, 4.04582806368e-06, 9.85563815448e-07, 1.95799678693e-08, 2.40528374995e-10]
        dmean2: [2.44541666916e-08, 9.14908450795e-05, 0.000371049944079, 0.000402161531383, 0.000411666696891, 0.000224327508477, 0.000312789110467, 0.000264422618784, 9.66116494965e-05, 5.61649248993e-05, 4.54267901659e-05, 0.000134003857966, 7.49181053834e-05, 5.51937009732e-05, 6.65449915687e-05, 7.47220983612e-05, 0.000364213716239, 0.000216589382035, 0.000466007972136, 0.000390807108488, 0.000154421111802, 7.22074109945e-05, 1.73083790287e-05, 5.7619549807e-06, 1.42805879477e-06, 2.78112697316e-08, 3.98037103277e-10]
        dvar: [6.90002938531e-16, 1.00046486651e-08, 1.39087632078e-07, 1.53896337451e-07, 8.71136265346e-08, 4.45835439677e-08, 1.01058120094e-07, 1.38103033009e-07, 2.47285267818e-08, 3.9112357797e-09, 3.96624688648e-09, 3.56318139438e-08, 1.21915713081e-08, 4.61090898796e-09, 5.24571097671e-09, 5.61353763473e-09, 1.1027672997e-07, 3.49344233541e-08, 1.92544376887e-07, 2.34419545109e-07, 3.04727194589e-08, 1.71087926049e-08, 9.09247233061e-10, 1.08129866172e-10, 5.95755346097e-12, 3.23294391814e-15, 9.47933368952e-19]
        dvar2: [1.50264820101e-15, 2.1691228369e-08, 3.77691691256e-07, 4.1792603156e-07, 2.24680618999e-07, 9.89531159235e-08, 1.91328510368e-07, 2.91983695888e-07, 4.74075179113e-08, 7.63955299021e-09, 8.0118960355e-09, 8.61995772539e-08, 1.90546138867e-08, 1.06418474033e-08, 1.22674395087e-08, 1.26170904835e-08, 2.54752222872e-07, 7.81693785257e-08, 4.02156331347e-07, 6.17638704625e-07, 7.94634971157e-08, 2.42033664222e-08, 1.32592548052e-09, 2.00211722201e-10, 1.27804320946e-11, 5.75418068432e-15, 1.11546050065e-18]
        max: [1.82220816214e-07, 0.00068541825749, 0.00378500018269, 0.00326870800927, 0.00290096132085, 0.00194277288392, 0.00400694971904, 0.0043357051909, 0.00228126882575, 0.000838607375044, 0.000791465805378, 0.00152478157543, 0.00210066465661, 0.000755433109589, 0.000639577046968, 0.000557152205147, 0.00275814090855, 0.00210611242801, 0.0057006245479, 0.00506816804409, 0.00160865171347, 0.00253692502156, 0.000412877532654, 0.00012888009951, 2.53374309978e-05, 6.46206103738e-07, 1.95666434166e-08]
        mean: [1.82015593708e-08, 6.89589578542e-05, 0.000319680606481, 0.000303575856378, 0.000521816604305, 0.000327912362991, 0.000357620476279, 0.000310361356242, 0.00012293200416, 6.1290076701e-05, 3.7381403672e-05, 0.000101566030935, 9.15762429941e-05, 5.3812040278e-05, 5.78949584451e-05, 7.04241829226e-05, 0.000353887677193, 0.000229449418839, 0.00052694225451, 0.000311956449877, 0.000156534224516, 9.45112042245e-05, 2.34596354858e-05, 6.71754969517e-06, 1.41932650877e-06, 2.3537429783e-08, 2.01987676585e-10]
        min: [2.26757952693e-11, 1.4283453531e-08, 2.41930962375e-07, 2.75108050118e-06, 2.47302050411e-05, 1.30765092763e-05, 1.40594261211e-06, 1.45708611399e-06, 5.78470462642e-07, 1.17683396184e-06, 1.1093364094e-07, 4.77707203572e-07, 1.02148355552e-07, 1.96090638838e-07, 1.22372375699e-06, 6.52032667858e-07, 1.17783602036e-05, 1.08735002868e-06, 6.86881890033e-07, 8.53660537814e-07, 2.55961339235e-07, 2.09134753959e-07, 5.95826961103e-08, 1.922791526e-08, 1.72416367208e-12, 1.61858981079e-12, 2.428958117e-14]
        var: [8.42134396902e-16, 1.10130757847e-08, 1.64899105926e-07, 1.48001447542e-07, 2.17670901748e-07, 1.08216674732e-07, 2.88938906579e-07, 3.54160420102e-07, 8.87800553073e-08, 8.8729725789e-09, 5.67519720107e-09, 3.88460499323e-08, 3.8118589174e-08, 8.03786459613e-09, 7.20292669953e-09, 8.18984080553e-09, 1.8164929827e-07, 6.37895567479e-08, 4.01435556796e-07, 2.63993825911e-07, 4.73879566698e-08, 3.77131321727e-08, 2.50169929217e-09, 2.42577929965e-10, 1.06744882031e-11, 5.52603447756e-15, 9.62540034401e-19]
    mfcc:
        mean: [-715.237792969, 106.754585266, -38.1737556458, 66.1377563477, -19.608417511, -1.14224660397, -14.7775659561, -0.501383721828, -15.6866827011, -7.85298585892, -3.24822330475, -1.0886746645, -5.75476646423]
        cov: [[2288.44946289, -892.707336426, 21.6947650909, -48.6678695679, -78.7484664917, 47.9524383545, 155.475723267, -79.4172897339, 0.0997048616409, 137.200393677, 163.827941895, 42.2356910706, 89.9167251587], [-892.707336426, 1361.08288574, -477.8800354, 156.779953003, 14.6532535553, -31.1745605469, -50.1038894653, 211.542938232, 47.9970855713, -12.2338809967, -33.4696159363, 29.21849823, 17.2820854187], [21.6947650909, -477.8800354, 452.342132568, -91.1705474854, 46.1021766663, 24.9420471191, 14.2734956741, -54.059589386, 21.4710712433, -2.59628129005, -9.02457714081, -15.8764591217, -17.5140209198], [-48.6678695679, 156.779953003, -91.1705474854, 268.896057129, 15.8897409439, 40.3605384827, 13.3718013763, 48.942905426, 6.73949384689, 37.0648498535, -40.5452957153, 25.9126014709, 7.11086320877], [-78.7484664917, 14.6532535553, 46.1021766663, 15.8897409439, 243.394226074, 50.0177230835, 56.2954063416, -23.962677002, 44.0933418274, 17.0336990356, -17.2956485748, -4.16057443619, 11.4278469086], [47.9524383545, -31.1745605469, 24.9420471191, 40.3605384827, 50.0177230835, 122.520217896, 34.1379051208, 34.2047653198, -2.48974227905, 53.5103683472, 7.72274589539, 15.1511106491, 14.4180850983], [155.475723267, -50.1038894653, 14.2734956741, 13.3718013763, 56.2954063416, 34.1379051208, 125.770477295, 5.35147237778, 33.9484519958, -2.34124469757, 11.2412471771, 4.59224891663, 22.634601593], [-79.4172897339, 211.542938232, -54.059589386, 48.942905426, -23.962677002, 34.2047653198, 5.35147237778, 151.341705322, 24.2512435913, 9.21507835388, 5.96603059769, 29.2579860687, 14.8342161179], [0.0997048616409, 47.9970855713, 21.4710712433, 6.73949384689, 44.0933418274, -2.48974227905, 33.9484519958, 24.2512435913, 96.5681686401, 8.32487392426, 0.209644541144, -2.14715957642, 13.0914926529], [137.200393677, -12.2338809967, -2.59628129005, 37.0648498535, 17.0336990356, 53.5103683472, -2.34124469757, 9.21507835388, 8.32487392426, 138.820007324, 44.1734619141, -1.95440793037, -7.20182943344], [163.827941895, -33.4696159363, -9.02457714081, -40.5452957153, -17.2956485748, 7.72274589539, 11.2412471771, 5.96603059769, 0.209644541144, 44.1734619141, 122.115608215, 10.8728437424, 4.25501394272], [42.2356910706, 29.21849823, -15.8764591217, 25.9126014709, -4.16057443619, 15.1511106491, 4.59224891663, 29.2579860687, -2.14715957642, -1.95440793037, 10.8728437424, 100.258171082, 40.1160583496], [89.9167251587, 17.2820854187, -17.5140209198, 7.11086320877, 11.4278469086, 14.4180850983, 22.634601593, 14.8342161179, 13.0914926529, -7.20182943344, 4.25501394272, 40.1160583496, 73.799659729]]
        icov: [[0.00100898253731, 0.00100734666921, 0.000895639299415, 2.51141045737e-05, 0.000279458705336, 0.000532204401679, -0.000946212792769, -0.000391709239921, -0.000154500987264, -0.00102086854167, -0.000480669637909, -4.37676535512e-05, -0.0010541153606], [0.00100734666921, 0.00272920890711, 0.00250476761721, -0.000128485189634, -0.000550526718143, 0.00121788063552, -4.04918246204e-05, -0.00244877417572, -0.000800144800451, -0.000861351611093, -0.000153824512381, 4.97448781971e-05, -0.000867982453201], [0.000895639299415, 0.00250476761721, 0.00501640001312, 0.000902365078218, -0.000543357804418, -0.000295167847071, 3.3520936995e-05, -0.00118178490084, -0.00189579208381, -0.000550672062673, 0.000378600001568, -0.000377440708689, 0.000260717351921], [2.51141045737e-05, -0.000128485189634, 0.000902365078218, 0.00517725944519, 6.32396477158e-05, -0.00074647081783, -0.000873027660418, -0.0007310101646, -2.03911004064e-05, -0.00192546006292, 0.0026865939144, -0.00140506285243, 0.000690116430633], [0.000279458705336, -0.000550526718143, -0.000543357804418, 6.32396477158e-05, 0.00617386214435, -0.0028134137392, -0.00198188633658, 0.00282446062192, -0.00245220796205, -0.000337739824317, 0.000699973956216, -0.000135810565553, -0.000277354789432], [0.000532204401679, 0.00121788063552, -0.000295167847071, -0.00074647081783, -0.0028134137392, 0.0152793340385, -0.00370005588047, -0.00515513308346, 0.0046754470095, -0.00620752573013, 0.000929541245569, -0.000238472275669, -0.00266927666962], [-0.000946212792769, -4.04918246204e-05, 3.3520936995e-05, -0.000873027660418, -0.00198188633658, -0.00370005588047, 0.0124395266175, 0.000266145565547, -0.00370874698274, 0.00373024609871, -0.00163480150513, 0.00105918827467, -0.00104413623922], [-0.000391709239921, -0.00244877417572, -0.00118178490084, -0.0007310101646, 0.00282446062192, -0.00515513308346, 0.000266145565547, 0.0120113790035, -0.00329589936882, 0.00165889272466, -0.000804136099759, -0.00201235129498, 0.000801251793746], [-0.000154500987264, -0.000800144800451, -0.00189579208381, -2.03911004064e-05, -0.00245220796205, 0.0046754470095, -0.00370874698274, -0.00329589936882, 0.0151538355276, -0.00248191691935, 0.000521606008988, 0.00160145550035, -0.00263702007942], [-0.00102086854167, -0.000861351611093, -0.000550672062673, -0.00192546006292, -0.000337739824317, -0.00620752573013, 0.00373024609871, 0.00165889272466, -0.00248191691935, 0.0127323782071, -0.00440662074834, 0.000949871435296, 0.00270840176381], [-0.000480669637909, -0.000153824512381, 0.000378600001568, 0.0026865939144, 0.000699973956216, 0.000929541245569, -0.00163480150513, -0.000804136099759, 0.000521606008988, -0.00440662074834, 0.0116715552285, -0.00176550040487, 0.000589891860727], [-4.37676535512e-05, 4.97448781971e-05, -0.000377440708689, -0.00140506285243, -0.000135810565553, -0.000238472275669, 0.00105918827467, -0.00201235129498, 0.00160145550035, 0.000949871435296, -0.00176550040487, 0.0141047155485, -0.00752190267667], [-0.0010541153606, -0.000867982453201, 0.000260717351921, 0.000690116430633, -0.000277354789432, -0.00266927666962, -0.00104413623922, 0.000801251793746, -0.00263702007942, 0.00270840176381, 0.000589891860727, -0.00752190267667, 0.0205436199903]]
    spectral_contrast:
        mean: [-3.11879915671e-07, -4.25975628104e-07, -3.83670091253e-08, 3.01678895198e-08, 3.62710977697e-07, 3.48471303369e-07, 4.26006096177e-07, 4.98812869409e-06, 1.18721868603e-06, 7.58984413096e-08, 3.40428869094e-06, 7.94357220002e-07]
        var: [0.000569505617023, 0.00131056271493, 0.0017264689086, 0.00254043657333, 0.00307942391373, 0.00518556404859, 0.0851295292377, 0.125407740474, 0.153014555573, 0.480383068323, 0.827370345592, 1.6719019413]

rhythm:
    beats_loudness:
        dmean: 0.00218131276779
        dmean2: 0.00345034850761
        dvar: 1.35923562539e-06
        dvar2: 7.00463306202e-06
        max: 0.0113149099052
        mean: 0.00819686986506
        min: 0.00543724745512
        var: 3.08462745124e-06
    beats_loudness_bass:
        dmean: 0.140416577458
        dmean2: 0.254102349281
        dvar: 0.0136833032593
        dvar2: 0.0345140695572
        max: 0.514539301395
        mean: 0.18281057477
        min: 0.0521378517151
        var: 0.0163715165108
    bpm: 138.316711426
    bpm_confidence: 0
    first_peak_bpm: 139
    first_peak_spread: 0
    first_peak_weight: 0.95454543829
    onset_rate: 4.20893335342
    second_peak_bpm: 149
    second_peak_spread: 0
    second_peak_weight: 0.0454545468092
    beats_position: [0.0969369113445, 0.529116809368, 0.961296677589, 1.39347648621, 1.82565653324, 2.25783634186, 2.69001626968, 3.12219595909, 3.5543756485, 3.98655533791, 4.41873502731, 4.85091495514, 5.28309440613, 5.71527433395, 6.11863946915, 6.55411195755, 6.98958444595, 7.42505741119, 7.8605298996, 8.29600143433, 8.7314748764, 9.16694736481, 9.60242080688]
    bpm_estimates: [138.409667969, 138.688934326, 138.342086792, 139.494354248, 140.823379517, 138.788787842, 137.870162964, 137.972747803, 139.136764526, 137.974899292, 136.496688843, 137.833892822, 141.53729248, 138.041809082, 136.341278076, 137.909301758, 137.641342163, 136.397415161]
    bpm_intervals: [0.432179898024, 0.432179868221, 0.432179808617, 0.432180047035, 0.432179808617, 0.432179927826, 0.432179689407, 0.432179689407, 0.432179689407, 0.432179689407, 0.432179927826, 0.432179450989, 0.432179927826, 0.403365135193, 0.435472488403, 0.435472488403, 0.43547296524, 0.435472488403, 0.435471534729, 0.435473442078, 0.435472488403, 0.435473442078]
    onset_times: [0.0580498874187, 0.27863946557, 0.476009070873, 0.743038535118, 0.9287981987, 1.26548755169, 1.39319729805, 1.57895696163, 1.81115651131, 2.02013611794, 2.12462592125, 2.2523355484, 2.64707493782, 2.91410422325, 3.12308382988, 3.54104304314, 3.76163268089, 3.98222231865, 4.21442174911, 4.40018129349, 4.67882108688, 4.86458063126, 5.07356023788, 5.29414987564, 5.49151945114, 5.71210861206, 5.9094786644, 6.14167785645, 6.35065746307, 6.54802703857, 6.76861667633, 6.98920631409, 7.19818592072, 7.41877555847, 7.6277551651, 7.83673477173, 8.33596324921, 8.74231338501, 8.96290206909, 9.14866256714, 9.62467098236, 9.83365058899]
    rubato_start: []
    rubato_stop: []
    perceptual_tempo: "unknown"

sfx:
    inharmonicity:
        dmean: 0.0529280565679
        dmean2: 0.0937901958823
        dvar: 0.003699476365
        dvar2: 0.0103661660105
        max: 0.351643741131
        mean: 0.0570417642593
        min: 0
        var: 0.00359742389992
    oddtoevenharmonicenergyratio:
        dmean: 2.85057616234
        dmean2: 5.30818557739
        dvar: 92.4574279785
        dvar2: 273.211914062
        max: 128.164276123
        mean: 2.1458594799
        min: 0
        var: 50.3508796692
    pitch_after_max_to_before_max_energy_ratio: 15.3874235153
    pitch_centroid: 215.731552124
    pitch_max_to_total: 0.070093460381
    pitch_min_to_total: 0.63551402092
    tristimulus:
        dmean: [0.210931092501, 0.24925108254, 0.139827504754]
        dmean2: [0.367110997438, 0.436805009842, 0.245733603835]
        dvar: [0.0327137373388, 0.0441719740629, 0.0197860468179]
        dvar2: [0.0818340778351, 0.113239780068, 0.053350456059]
        max: [1, 0.996149301529, 0.926411151886]
        mean: [0.344951122999, 0.445753365755, 0.149369418621]
        min: [0.00226761982776, 0, 0]
        var: [0.0515773184597, 0.0628762766719, 0.0248257108033]

tonal:
    chords_changes_rate: 0.0837209299207
    chords_number_rate: 0.037209302187
    chords_strength:
        dmean: 0.00867295265198
        dmean2: 0.00882556382567
        dvar: 4.18823947257e-05
        dvar2: 5.35348990525e-05
        max: 0.669347465038
        mean: 0.555239677429
        min: 0.463781923056
        var: 0.00338822603226
    key_strength: 0.733683943748
    tuning_diatonic_strength: 0.608874857426
    tuning_equal_tempered_deviation: 0.158825397491
    tuning_frequency: 441.272583008
    tuning_nontempered_energy_ratio: 0.753500819206
    hpcp:
        dmean: [0.161686822772, 0.150771677494, 0.128092810512, 0.124545402825, 0.14140355587, 0.141012117267, 0.125099599361, 0.187916770577, 0.217266142368, 0.19131578505, 0.14859560132, 0.107334710658, 0.125235408545, 0.154605388641, 0.207948759198, 0.214321807027, 0.170569479465, 0.0900249779224, 0.0633648186922, 0.0587643273175, 0.0570839978755, 0.0631751045585, 0.084906630218, 0.116869531572, 0.104821033776, 0.0809177532792, 0.0765919312835, 0.0732021033764, 0.0859773084521, 0.139563381672, 0.162272259593, 0.149144560099, 0.0966512560844, 0.104229532182, 0.113627023995, 0.13407471776]
        dmean2: [0.271713376045, 0.249814942479, 0.203877478838, 0.207427278161, 0.250497817993, 0.254803985357, 0.214976534247, 0.327101737261, 0.379501134157, 0.331797271967, 0.249312847853, 0.182940229774, 0.214829370379, 0.266619503498, 0.34452432394, 0.350254386663, 0.297916829586, 0.161897078156, 0.10881139338, 0.098200365901, 0.0949239879847, 0.102867998183, 0.144852519035, 0.199875444174, 0.179746747017, 0.136113762856, 0.130359709263, 0.126381501555, 0.140130490065, 0.219173401594, 0.275536119938, 0.255093812943, 0.163808271289, 0.175137743354, 0.1882609725, 0.228959605098]
        dvar: [0.0456676222384, 0.0334825553, 0.0275414530188, 0.0338171496987, 0.0490530505776, 0.0446349270642, 0.0351897217333, 0.0579890273511, 0.0709907561541, 0.0579870268703, 0.0405730940402, 0.021584443748, 0.0370800197124, 0.0464904010296, 0.0418013855815, 0.0452292077243, 0.0389400869608, 0.0207125525922, 0.00836403854191, 0.013820156455, 0.0117637999356, 0.0085938340053, 0.0180302429944, 0.0396856442094, 0.0309109948575, 0.018714454025, 0.0127682127059, 0.0100054787472, 0.0164043940604, 0.0269009079784, 0.0445663370192, 0.0355044715106, 0.0188449658453, 0.02640164271, 0.0261070542037, 0.0324669964612]
        dvar2: [0.112219177186, 0.0900616794825, 0.0669434964657, 0.0813846290112, 0.137263655663, 0.131339654326, 0.0910700783134, 0.153359904885, 0.17715805769, 0.133562117815, 0.108594432473, 0.0570341385901, 0.0945118814707, 0.121416084468, 0.107736803591, 0.10312474519, 0.10827524215, 0.0618569180369, 0.022499224171, 0.0395615585148, 0.0317025892437, 0.0181390922517, 0.0430140644312, 0.0959456861019, 0.0811825767159, 0.0506022498012, 0.0328353606164, 0.0246809981763, 0.0372474752367, 0.0575666800141, 0.087158575654, 0.0886291638017, 0.0498546548188, 0.0670726299286, 0.0621313452721, 0.0782952681184]
        max: [1, 1, 1, 1, 1, 1, 1, 1, 1, 1, 1, 0.853033661842, 1, 1, 1, 1, 1, 0.936004936695, 0.566141366959, 1, 0.772404491901, 0.919266343117, 1, 1, 1, 1, 1, 0.750207304955, 1, 1, 1, 1, 1, 1, 1, 1]
        mean: [0.206915095448, 0.183868438005, 0.177547767758, 0.172267571092, 0.142319053411, 0.121430933475, 0.120670929551, 0.188948735595, 0.287599951029, 0.262978643179, 0.156106501818, 0.109476618469, 0.11945066601, 0.16808642447, 0.431168913841, 0.517160177231, 0.241588711739, 0.083188533783, 0.0673940330744, 0.0661040470004, 0.0721912235022, 0.0810277163982, 0.0944030880928, 0.118048675358, 0.103687666357, 0.0839258134365, 0.102696739137, 0.103232704103, 0.112122252584, 0.264051377773, 0.36492472887, 0.23816666007, 0.125224009156, 0.117136888206, 0.13160982728, 0.178521290421]
        min: [0.00357770849951, 0.00338027020916, 0.00548912910745, 0.00669916952029, 0.00417433073744, 0.00116320955567, 0.000909428228624, 0.00157263909932, 0.00135033903643, 0.00133920588996, 0.000932528346311, 0.000920840131585, 0.00114585680421, 0.00352396559902, 0.0149623667821, 0.0138770136982, 0.00518166320398, 0.00106023007538, 0.00129312858917, 0.00140868895687, 0.00170298712328, 0.00155921431724, 0.00176997762173, 0.00137781701051, 0.00172661745455, 0.0036311512813, 0.000881749321707, 0.000942871265579, 0.00123747985344, 0.00692772027105, 0.00303627038375, 0.00335032679141, 0.00133185216691, 0.00160637067165, 0.00307278800756, 0.00387208908796]
        var: [0.0546124093235, 0.0467564202845, 0.0534246563911, 0.0504713058472, 0.0450658611953, 0.0355044193566, 0.0362375713885, 0.0666504427791, 0.120661526918, 0.107855446637, 0.0483095869422, 0.0243272278458, 0.0334520228207, 0.0447927042842, 0.0887431651354, 0.117512688041, 0.0493762083352, 0.015610431321, 0.00811190064996, 0.010952828452, 0.0109934760258, 0.0124459667131, 0.0222174879164, 0.0500169359148, 0.0319043323398, 0.0174879953265, 0.0135555518791, 0.0122214751318, 0.0212120078504, 0.0700469687581, 0.12840719521, 0.067555680871, 0.0230293385684, 0.0305749364197, 0.0355700924993, 0.044058535248]
    chords_histogram: [50.2325592041, 0, 2.32558131218, 0, 6.97674417496, 0, 0, 0, 0, 0, 0, 0, 0, 0, 0, 10.6976747513, 0, 13.4883718491, 5.11627912521, 8.83720970154, 0, 0, 2.32558131218, 0]
    thpcp: [1, 0.467144846916, 0.160856410861, 0.130315586925, 0.127821221948, 0.139591619372, 0.156678184867, 0.182541295886, 0.228263273835, 0.200494304299, 0.162282049656, 0.198578208685, 0.199614569545, 0.216803729534, 0.51057946682, 0.705631911755, 0.460527837276, 0.242137759924, 0.226500213146, 0.254485607147, 0.345195353031, 0.400098651648, 0.355534791946, 0.34331291914, 0.333102941513, 0.275193363428, 0.234803333879, 0.23333376646, 0.365358233452, 0.556113898754, 0.508505225182, 0.301853299141, 0.211688026786, 0.230974212289, 0.325018107891, 0.833724141121]
    chords_key: "G"
    chords_scale: "major"
    key_key: "G"
    key_scale: "major"
    chords_progression: ["G", "G", "G", "G", "G", "G", "G", "G", "G", "G", "G", "G", "G", "G", "G", "G", "G", "G", "G", "G", "G", "G", "G", "G", "Dm", "Dm", "Dm", "Dm", "Dm", "Dm", "Dm", "Dm", "Dm", "Dm", "Dm", "Dm", "Dm", "Dm", "Dm", "Dm", "Dm", "Dm", "Dm", "A", "A", "A", "A", "A", "A", "A", "A", "A", "A", "A", "A", "A", "A", "A", "A#", "A#", "A#", "A#", "A#", "A#", "Gm", "A#", "A#", "A#", "A#", "A#", "Gm", "Gm", "Gm", "Gm", "Gm", "Gm", "Gm", "Gm", "Gm", "Gm", "Gm", "Gm", "Gm", "Gm", "Gm", "Gm", "Gm", "Gm", "Gm", "Gm", "Gm", "G", "G", "Cm", "Cm", "Cm", "Cm", "Cm", "Cm", "Cm", "Cm", "Cm", "Cm", "Cm", "Cm", "Cm", "Cm", "Cm", "Cm", "Cm", "Cm", "Cm", "Cm", "Cm", "Cm", "Cm", "C", "C", "C", "C", "C", "G", "G", "G", "G", "G", "G", "G", "G", "G", "G", "G", "G", "G", "G", "G", "G", "G", "G", "Gm", "G", "G", "G", "G", "G", "G", "G", "G", "G", "G", "G", "G", "G", "Gm", "Gm", "Gm", "Gm", "Gm", "G", "Gm", "G", "G", "G", "G", "G", "G", "G", "G", "G", "G", "G", "G", "G", "G", "G", "G", "G", "G", "G", "G", "G", "G", "G", "G", "G", "G", "G", "G", "G", "G", "G", "D", "D", "D", "D", "D", "G", "G", "G", "G", "G", "G", "G", "G", "G", "G", "G", "G", "G", "G", "G", "G", "G", "G", "G"]
