
metadata:
    version:
        essentia: "1.2.2"
    audio_properties:
        analysis_sample_rate: 44100
        bitrate: 128
        channels: 2
        equal_loudness: 1
        length: 10.0048980713
        replay_gain: -15.8984451294
        downmix: "mix"
    tags:
        track: 20
        year: 0
        album: "Splitted by Mp3Splt v. 2.1"
        artist: "From 003.10 To 003.20"
        comment: "http://mp3splt.sf.net"
        genre: ""
        title: "03 Crazy.mp3"

highlevel:
    ballroom:
        all:
            ChaChaCha: 0.44143730402
            Jive: 0.181031048298
            Quickstep: 0.106940969825
            Rumba-American: 0.00284075783566
            Rumba-International: 0.0291763134301
            Rumba-Misc: 0.00860139168799
            Samba: 0.22185087204
            Tango: 0.00219644745812
            VienneseWaltz: 0.0029051520396
            Waltz: 0.00301975570619
        probability: 0.44143730402
        value: "ChaChaCha"
    culture:
        all:
            non_western: 0.275441884995
            western: 0.724558115005
        probability: 0.724558115005
        value: "western"
    gender:
        all:
            female: 0.0172145012766
            male: 0.982785522938
        probability: 0.982785522938
        value: "male"
    genre_dortmund:
        all:
            alternative: 0.000297977501759
            blues: 0.000939290213864
            electronic: 0.00216234219261
            folkcountry: 0.00014432061289
            funksoulrnb: 0.00188827165402
            jazz: 0.00429184595123
            pop: 0.000926050648559
            raphiphop: 0.987759947777
            rock: 0.00158994912636
        probability: 0.987759947777
        value: "raphiphop"
    genre_electronica:
        all:
            ambient: 0.061284519732
            dnb: 0.160347118974
            house: 0.487652510405
            techno: 0.283206135035
            trance: 0.00750971119851
        probability: 0.487652510405
        value: "house"
    genre_rosamerica:
        all:
            cla: 0.00189026840962
            dan: 0.00407863501459
            hip: 0.94627404213
            jaz: 0.00276056979783
            pop: 0.00581125309691
            rhy: 0.0161746423692
            roc: 0.00237741228193
            spe: 0.0206332057714
        probability: 0.94627404213
        value: "hip"
    genre_tzanetakis:
        all:
            blu: 0.000107379215478
            cla: 0.000203853254789
            cou: 0.000113756330393
            dis: 0.00292808143422
            hip: 0.985496401787
            jaz: 8.67980270414e-05
            met: 0.00130455417093
            pop: 0.00359886093065
            reg: 0.00528642302379
            roc: 0.000873872544616
        probability: 0.985496401787
        value: "hip"
    live_studio:
        all:
            live: 0.0131248673424
            studio: 0.986875116825
        probability: 0.986875116825
        value: "studio"
    mood:
        all:
            Cluster1: 0.219957560301
            Cluster2: 0.358292877674
            Cluster3: 0.0232315659523
            Cluster4: 0.166117042303
            Cluster5: 0.23240095377
        probability: 0.358292877674
        value: "Cluster2"
    mood_acoustic:
        all:
            acoustic: 0.0165304969996
            not_acoustic: 0.983469486237
        probability: 0.983469486237
        value: "not_acoustic"
    mood_aggressive:
        all:
            aggressive: 0.471368610859
            not_aggressive: 0.528631389141
        probability: 0.528631389141
        value: "not_aggressive"
    mood_electronic:
        all:
            electronic: 0.970712065697
            not_electronic: 0.0292879380286
        probability: 0.970712065697
        value: "electronic"
    mood_happy:
        all:
            happy: 0.252992987633
            not_happy: 0.747007012367
        probability: 0.747007012367
        value: "not_happy"
    mood_party:
        all:
            not_party: 0.0722053050995
            party: 0.927794694901
        probability: 0.927794694901
        value: "party"
    mood_relaxed:
        all:
            not_relaxed: 0.8096575737
            relaxed: 0.1903424263
        probability: 0.8096575737
        value: "not_relaxed"
    mood_sad:
        all:
            not_sad: 0.980481564999
            sad: 0.0195184182376
        probability: 0.980481564999
        value: "not_sad"
    rhythm:
        all:
            fast: 0.0515956357121
            medium: 0.753293216228
            slow: 0.195111170411
        probability: 0.753293216228
        value: "medium"
    speech_music:
        all:
            music: 0.71293592453
            speech: 0.28706407547
        probability: 0.71293592453
        value: "music"
    timbre:
        all:
            bright: 0.0146527905017
            dark: 0.985347211361
        probability: 0.985347211361
        value: "dark"
    voice_instrumental:
        all:
            instrumental: 0.0836011096835
            voice: 0.916398882866
        probability: 0.916398882866
        value: "voice"

lowlevel:
    average_loudness: 0.979444563389
    barkbands_kurtosis:
        dmean: 7.08340835571
        dmean2: 11.3928432465
        dvar: 189.569030762
        dvar2: 476.378936768
        max: 156.909439087
        mean: 6.01340436935
        min: -1.8740926981
        var: 247.767288208
    barkbands_skewness:
        dmean: 1.23399960995
        dmean2: 1.83829593658
        dvar: 1.46560049057
        dvar2: 3.17411971092
        max: 11.4707365036
        mean: 0.823921024799
        min: -4.19885587692
        var: 4.73394727707
    barkbands_spread:
        dmean: 10.293343544
        dmean2: 16.7501144409
        dvar: 97.7884674072
        dvar2: 216.067642212
        max: 71.6291656494
        mean: 24.8474578857
        min: 0.298608094454
        var: 210.983169556
    dissonance:
        dmean: 0.0242268014699
        dmean2: 0.0369602590799
        dvar: 0.000962592021096
        dvar2: 0.00249811983667
        max: 0.499976485968
        mean: 0.459111332893
        min: 0.180275544524
        var: 0.00208527478389
    hfc:
        dmean: 2.75130701065
        dmean2: 3.49147105217
        dvar: 30.9396896362
        dvar2: 46.0568962097
        max: 56.135684967
        mean: 4.51992368698
        min: 0.00357339112088
        var: 72.314994812
    pitch:
        dmean: 956.396850586
        dmean2: 1815.15710449
        dvar: 1700664
        dvar2: 3664187.25
        max: 5512.5
        mean: 1557.32299805
        min: 87.1541519165
        var: 2488104.25
    pitch_instantaneous_confidence:
        dmean: 0.119075760245
        dmean2: 0.198895603418
        dvar: 0.0106480512768
        dvar2: 0.0262998472899
        max: 0.902857661247
        mean: 0.471571266651
        min: 0.121222496033
        var: 0.0290439855307
    pitch_salience:
        dmean: 0.0972675383091
        dmean2: 0.150711238384
        dvar: 0.00859229359776
        dvar2: 0.0209344029427
        max: 0.900548398495
        mean: 0.613138079643
        min: 0.0756356194615
        var: 0.0219224635512
    silence_rate_20dB:
        dmean: 0
        dmean2: 0
        dvar: 0
        dvar2: 0
        max: 1
        mean: 1
        min: 1
        var: 0
    silence_rate_30dB:
        dmean: 0
        dmean2: 0
        dvar: 0
        dvar2: 0
        max: 1
        mean: 1
        min: 1
        var: 0
    silence_rate_60dB:
        dmean: 0.121212124825
        dmean2: 0.242990657687
        dvar: 0.106520034373
        dvar2: 0.20263761282
        max: 1
        mean: 0.686046540737
        min: 0
        var: 0.215386241674
    spectral_centroid:
        dmean: 538.109130859
        dmean2: 809.719116211
        dvar: 436520.9375
        dvar2: 825288.5
        max: 5787.01367188
        mean: 1516.8137207
        min: 162.016845703
        var: 1355235.25
    spectral_complexity:
        dmean: 3.54460096359
        dmean2: 5.09882354736
        dvar: 27.2245140076
        dvar2: 44.7432289124
        max: 42
        mean: 6.93442630768
        min: 0
        var: 74.417175293
    spectral_crest:
        dmean: 3.22892975807
        dmean2: 5.36617231369
        dvar: 9.47082710266
        dvar2: 22.110742569
        max: 25.3589706421
        mean: 9.75013065338
        min: 3.23872518539
        var: 20.5764598846
    spectral_decrease:
        dmean: 3.51802392773e-10
        dmean2: 4.88251550301e-10
        dvar: 2.89673092896e-19
        dvar2: 5.43118983685e-19
        max: -1.0024630865e-12
        mean: -6.66226240842e-10
        min: -3.68176578114e-09
        var: 5.77734476068e-19
    spectral_energy:
        dmean: 0.0015281586675
        dmean2: 0.00209203362465
        dvar: 5.67329743717e-06
        dvar2: 9.66962124949e-06
        max: 0.0189503189176
        mean: 0.00292446138337
        min: 4.1441439862e-06
        var: 1.21865523397e-05
    spectral_energyband_high:
        dmean: 0.000142193894135
        dmean2: 0.000187557438039
        dvar: 7.54204307896e-08
        dvar2: 1.10851260615e-07
        max: 0.00264236447401
        mean: 0.000214962274185
        min: 4.93654672695e-09
        var: 1.91281571915e-07
    spectral_energyband_low:
        dmean: 0.000324088527123
        dmean2: 0.000538022257388
        dvar: 6.38992958102e-07
        dvar2: 1.79516575827e-06
        max: 0.00557891279459
        mean: 0.000432060332969
        min: 3.33356808824e-09
        var: 7.10771757895e-07
    spectral_energyband_middle_high:
        dmean: 0.000735378242098
        dmean2: 0.000976867158897
        dvar: 2.2104945856e-06
        dvar2: 3.46649085259e-06
        max: 0.0134607646614
        mean: 0.0011015337659
        min: 4.56015634143e-08
        var: 4.71042449135e-06
    spectral_energyband_middle_low:
        dmean: 0.000794799241703
        dmean2: 0.00129387353081
        dvar: 2.31196713685e-06
        dvar2: 6.166678304e-06
        max: 0.0124549735337
        mean: 0.00117590080481
        min: 9.3528456091e-07
        var: 2.13773137148e-06
    spectral_flatness_db:
        dmean: 0.0370696820319
        dmean2: 0.0578817166388
        dvar: 0.00136038381606
        dvar2: 0.00308907893486
        max: 0.493283897638
        mean: 0.21672962606
        min: 0.0899138376117
        var: 0.00384127302095
    spectral_flux:
        dmean: 0.0112401992083
        dmean2: 0.0168681386858
        dvar: 0.000168553364347
        dvar2: 0.00034189451253
        max: 0.113282695413
        mean: 0.0352652743459
        min: 0.00182132807095
        var: 0.000463819538709
    spectral_kurtosis:
        dmean: 2.51369476318
        dmean2: 4.1138253212
        dvar: 15.2800350189
        dvar2: 30.9851932526
        max: 50.248085022
        mean: 5.02529525757
        min: -0.81529045105
        var: 25.1583423615
    spectral_rms:
        dmean: 0.000420044962084
        dmean2: 0.000556953367777
        dvar: 2.3214956002e-07
        dvar2: 4.04613274441e-07
        max: 0.00429978081957
        mean: 0.00146019691601
        min: 6.35851174593e-05
        var: 7.20958269085e-07
    spectral_rolloff:
        dmean: 909.701416016
        dmean2: 1526.57678223
        dvar: 1288581.75
        dvar2: 2515560.25
        max: 8010.3515625
        mean: 2500.52294922
        min: 193.798828125
        var: 2879652
    spectral_skewness:
        dmean: 0.382383525372
        dmean2: 0.580196678638
        dvar: 0.175484001637
        dvar2: 0.36594119668
        max: 5.49907588959
        mean: 1.48784470558
        min: -0.111731767654
        var: 0.49840182066
    spectral_spread:
        dmean: 867275.125
        dmean2: 1264310
        dvar: 1.47153092608e+12
        dvar2: 2.26622753997e+12
        max: 21729280
        mean: 4450455
        min: 900556.6875
        var: 3.04381034496e+12
    spectral_strongpeak:
        dmean: 0.277249336243
        dmean2: 0.470784217119
        dvar: 0.179583057761
        dvar2: 0.453486293554
        max: 3.66849923134
        mean: 0.340293496847
        min: 0.00221884879284
        var: 0.206749588251
    zerocrossingrate:
        dmean: 0.0200504790992
        dmean2: 0.0226505063474
        dvar: 0.000397711934056
        dvar2: 0.000525331590325
        max: 0.2705078125
        mean: 0.0819672122598
        min: 0.00732421875
        var: 0.0025780799333
    barkbands:
        dmean: [2.48192804975e-07, 0.000112612317025, 0.000261608482106, 0.000287089322228, 0.000373252405552, 0.000236272753682, 8.30861899885e-05, 6.07839101576e-05, 3.73003349523e-05, 1.51916219693e-05, 1.23215659187e-05, 1.47910477608e-05, 2.03963954846e-05, 2.90657935693e-05, 4.47915263067e-05, 7.76581800892e-05, 0.000162823693245, 0.000172097905306, 0.000206436030567, 0.000175758410478, 5.32474150532e-05, 3.26458721247e-05, 7.91782804299e-06, 2.06858203455e-06, 1.08463575543e-06, 3.15499413261e-08, 1.59301044578e-10]
        dmean2: [3.20621808214e-07, 0.000190750724869, 0.000454895111034, 0.000486516131787, 0.000641149934381, 0.000396443501813, 0.000137566239573, 0.00010458327597, 6.02162326686e-05, 2.5820605515e-05, 2.17188844545e-05, 2.53089510807e-05, 3.47612476617e-05, 4.81334209326e-05, 6.98192816344e-05, 0.000121676879644, 0.000236093677813, 0.000248204218224, 0.000290587951895, 0.000229614131968, 7.53408239689e-05, 4.82783143525e-05, 1.11241442937e-05, 2.92383901979e-06, 1.61651155395e-06, 4.64983713755e-08, 2.8143440356e-10]
        dvar: [3.65860933129e-13, 7.06303922016e-08, 5.1271990742e-07, 5.58069700674e-07, 6.80893379013e-07, 1.38663409643e-07, 1.81637158647e-08, 2.29279422115e-08, 6.42581809984e-09, 8.40026048721e-10, 8.87866835608e-10, 7.71839314684e-10, 1.53053125729e-09, 2.30857022387e-09, 5.47615908175e-09, 1.60015787287e-08, 9.6124338711e-08, 1.51919039126e-07, 2.61289670789e-07, 2.18779788952e-07, 9.84256676162e-09, 5.84544634918e-09, 3.85098730682e-10, 2.60126590407e-11, 6.03833085963e-12, 5.22674978521e-15, 8.65757343642e-20]
        dvar2: [6.5651943517e-13, 2.04727356845e-07, 1.49725292431e-06, 1.50738969751e-06, 1.88356318631e-06, 3.77837096721e-07, 4.57269315746e-08, 6.21404154799e-08, 1.3100514451e-08, 2.28537477831e-09, 2.43694309177e-09, 1.75311920536e-09, 4.00149602342e-09, 5.74705527612e-09, 1.20088499145e-08, 3.34607825891e-08, 1.91474995859e-07, 2.64219806922e-07, 5.21239144291e-07, 3.76127985646e-07, 1.84167028294e-08, 1.15699840819e-08, 7.02957025922e-10, 4.97653272757e-11, 1.31456234786e-11, 1.10504528163e-14, 1.9928675717e-19]
        max: [7.13494546289e-06, 0.00170190259814, 0.00492297997698, 0.0057772314176, 0.00626673130319, 0.00239548366517, 0.00129040679894, 0.00149108609185, 0.000892988638952, 0.000315114913974, 0.000341144565027, 0.000259236752754, 0.00040270134923, 0.000291490287054, 0.000445340585429, 0.000933930277824, 0.00284128054045, 0.00369732175022, 0.00502619845793, 0.00482410890982, 0.00113355717622, 0.000832284102216, 0.000224472576519, 5.4687327065e-05, 1.98337693291e-05, 6.76038894198e-07, 3.81047993159e-09]
        mean: [5.00558371641e-07, 0.000146119011333, 0.000285447022179, 0.000330099428538, 0.000422967044869, 0.000244544702582, 8.17554973764e-05, 5.15490064572e-05, 4.21238910349e-05, 1.66703448485e-05, 1.29143163576e-05, 1.7902093532e-05, 2.18229342863e-05, 2.9896847991e-05, 5.51724115212e-05, 9.85936494544e-05, 0.000210047786823, 0.000235255691223, 0.000275642698398, 0.000211080972804, 7.53488129703e-05, 4.50347652077e-05, 1.02037638499e-05, 2.54694577961e-06, 1.18483421829e-06, 3.83431633111e-08, 1.41472306092e-10]
        min: [1.44895736034e-11, 8.74447625421e-10, 1.9746899671e-09, 3.94439814144e-10, 1.9070808932e-08, 2.36934685205e-08, 2.36086314942e-08, 4.51224213549e-09, 1.84116188962e-09, 4.04304012491e-09, 2.84478995916e-09, 3.69970476477e-09, 1.98898697512e-09, 2.15647499857e-09, 4.57613252847e-10, 4.08931466467e-09, 4.77662931431e-09, 3.91089294283e-09, 3.09583469971e-09, 4.9673385405e-09, 1.55585611061e-09, 4.25162988149e-10, 9.74608727056e-11, 5.2684395041e-11, 3.14307711802e-11, 3.11370048668e-12, 8.94540856861e-14]
        var: [1.04679318599e-12, 8.33718942772e-08, 4.11750392004e-07, 4.931336548e-07, 5.36644847671e-07, 1.43565841881e-07, 1.96633642702e-08, 1.86479685027e-08, 9.93679716288e-09, 1.05758235502e-09, 9.61534629695e-10, 1.34510613758e-09, 1.91412929951e-09, 2.72642664001e-09, 8.99871022142e-09, 2.38791155738e-08, 1.47031968822e-07, 2.79802890191e-07, 4.68646788931e-07, 3.98392359102e-07, 2.30801404655e-08, 1.02993062967e-08, 6.71046662681e-10, 4.14309767049e-11, 7.82838203983e-12, 8.0360971851e-15, 8.22876494558e-20]
    mfcc:
        mean: [-812.207946777, 99.3903808594, -37.8707695007, 70.5652999878, -7.35994577408, -6.34177160263, -18.9857311249, -6.9996213913, -9.71906661987, -19.0415630341, -6.03054141998, -8.24389076233, -7.34182214737]
        cov: [[9216.7265625, -1054.17858887, -955.319458008, -87.8792724609, 312.896453857, 380.454620361, 125.22693634, 219.850204468, 141.376724243, 405.357269287, 84.6377258301, -264.860809326, 49.4945640564], [-1054.17858887, 3167.51293945, -76.6951675415, -37.8683853149, 100.735420227, -73.6101074219, 309.894866943, 202.145172119, 263.185638428, 32.7557449341, 98.7222976685, 42.1703071594, 72.993560791], [-955.319458008, -76.6951675415, 1338.56298828, 189.368026733, 63.8901901245, 360.98840332, 53.2686538696, 93.6471328735, -14.2211799622, -66.3628540039, -134.102767944, 84.148979187, 25.2934913635], [-87.8792724609, -37.8683853149, 189.368026733, 703.44921875, 340.283416748, 167.28604126, 110.810928345, 112.020584106, 58.4338188171, 21.1798877716, -163.72895813, 48.9669303894, 49.8048629761], [312.896453857, 100.735420227, 63.8901901245, 340.283416748, 595.740478516, 329.635955811, 95.1806488037, 115.307914734, 144.724441528, 118.278434753, -38.0242843628, -27.7182998657, 47.4923629761], [380.454620361, -73.6101074219, 360.98840332, 167.28604126, 329.635955811, 658.294006348, 204.290145874, 209.149642944, 105.239334106, 140.366928101, -10.4218511581, -20.8540973663, 13.0994491577], [125.22693634, 309.894866943, 53.2686538696, 110.810928345, 95.1806488037, 204.290145874, 684.43359375, 219.931488037, 81.2048339844, 143.899963379, 52.5098381042, 25.4643249512, 22.1347885132], [219.850204468, 202.145172119, 93.6471328735, 112.020584106, 115.307914734, 209.149642944, 219.931488037, 367.723907471, 88.6617965698, 55.3204879761, 57.164855957, 13.9245033264, 21.6901931763], [141.376724243, 263.185638428, -14.2211799622, 58.4338188171, 144.724441528, 105.239334106, 81.2048339844, 88.6617965698, 249.63369751, 140.933288574, 6.81110143661, -34.7014961243, 31.8957691193], [405.357269287, 32.7557449341, -66.3628540039, 21.1798877716, 118.278434753, 140.366928101, 143.899963379, 55.3204879761, 140.933288574, 252.796447754, 29.5922241211, -52.2450866699, 27.9945735931], [84.6377258301, 98.7222976685, -134.102767944, -163.72895813, -38.0242843628, -10.4218511581, 52.5098381042, 57.164855957, 6.81110143661, 29.5922241211, 250.302932739, 27.1571903229, -8.14010047913], [-264.860809326, 42.1703071594, 84.148979187, 48.9669303894, -27.7182998657, -20.8540973663, 25.4643249512, 13.9245033264, -34.7014961243, -52.2450866699, 27.1571903229, 158.605621338, 22.7165126801], [49.4945640564, 72.993560791, 25.2934913635, 49.8048629761, 47.4923629761, 13.0994491577, 22.1347885132, 21.6901931763, 31.8957691193, 27.9945735931, -8.14010047913, 22.7165126801, 105.378494263]]
        icov: [[0.000142923367093, 5.26629555679e-05, 0.000123544770759, 4.30897089245e-05, -2.39967575908e-05, -8.86296184035e-05, 1.43859542732e-05, -0.000104832070065, 4.4343094487e-05, -0.000124069760204, 3.59538025805e-05, 0.00011615218682, -0.000115961651318], [5.26629555679e-05, 0.00041761045577, 3.34318938258e-05, 0.000141225755215, -0.000129624269903, 0.000158763592481, -0.000194376669242, -0.000146392776514, -0.000513915205374, 0.000279472209513, -3.33191965183e-05, -2.90184962068e-05, -0.000194143314729], [0.000123544770759, 3.34318938258e-05, 0.00119280454237, -7.39184106351e-05, 0.000351157126715, -0.000941432721447, 4.5398621296e-05, -6.78061769577e-05, -6.78401484038e-05, 0.00038903253153, 0.000545782851987, -0.000410447770264, -0.00032153914799], [4.30897089245e-05, 0.000141225755215, -7.39184106351e-05, 0.00284506333992, -0.00166996370535, 0.000458020949736, -0.000290373602184, -0.000776890141424, 9.70502951532e-05, 1.45487465488e-05, 0.00187483860645, -0.00119369197637, -0.000159477916895], [-2.39967575908e-05, -0.000129624269903, 0.000351157126715, -0.00166996370535, 0.00370315462351, -0.00169300811831, 0.000295114936307, 0.000463808246423, -0.000957718119025, 4.8220208555e-05, -0.00059688615147, 0.000672350812238, -0.00072388240369], [-8.86296184035e-05, 0.000158763592481, -0.000941432721447, 0.000458020949736, -0.00169300811831, 0.0034863143228, -0.000323491432937, -0.00116113759577, 0.000286881462671, -0.00112349202391, 0.000129808628117, 4.15020112996e-05, 0.000790441525169], [1.43859542732e-05, -0.000194376669242, 4.5398621296e-05, -0.000290373602184, 0.000295114936307, -0.000323491432937, 0.00219155894592, -0.000946978165302, 0.000542683352251, -0.00136612250935, -0.000103409067378, -0.00045854941709, 0.000185539232916], [-0.000104832070065, -0.000146392776514, -6.78061769577e-05, -0.000776890141424, 0.000463808246423, -0.00116113759577, -0.000946978165302, 0.00455349544063, -0.00122421374545, 0.00113650108688, -0.00140685634688, 0.000218762274017, -0.000356143893441], [4.4343094487e-05, -0.000513915205374, -6.78401484038e-05, 9.70502951532e-05, -0.000957718119025, 0.000286881462671, 0.000542683352251, -0.00122421374545, 0.00747680850327, -0.00385355716571, 0.000433360983152, 0.000466578581836, -0.000466923112981], [-0.000124069760204, 0.000279472209513, 0.00038903253153, 1.45487465488e-05, 4.8220208555e-05, -0.00112349202391, -0.00136612250935, 0.00113650108688, -0.00385355716571, 0.00812617968768, -0.000951603637077, 0.00169884099159, -0.00149673037231], [3.59538025805e-05, -3.33191965183e-05, 0.000545782851987, 0.00187483860645, -0.00059688615147, 0.000129808628117, -0.000103409067378, -0.00140685634688, 0.000433360983152, -0.000951603637077, 0.0061206468381, -0.0020992429927, 0.000600220169872], [0.00011615218682, -2.90184962068e-05, -0.000410447770264, -0.00119369197637, 0.000672350812238, 4.15020112996e-05, -0.00045854941709, 0.000218762274017, 0.000466578581836, 0.00169884099159, -0.0020992429927, 0.00861223880202, -0.00223988783546], [-0.000115961651318, -0.000194143314729, -0.00032153914799, -0.000159477916895, -0.00072388240369, 0.000790441525169, 0.000185539232916, -0.000356143893441, -0.000466923112981, -0.00149673037231, 0.000600220169872, -0.00223988783546, 0.0111615778878]]
    spectral_contrast:
        mean: [2.21598064343e-08, -1.63642312145e-07, -1.3168508417e-07, -1.67228023429e-07, -1.77801908308e-07, 1.88445596905e-08, 2.61311220129e-06, 1.02067724583e-06, -1.3470370277e-06, -1.16836270081e-06, -5.40280495898e-07, 3.35572758559e-06]
        var: [0.00129923981149, 0.00149085198063, 0.0028883588966, 0.00462108803913, 0.00714136473835, 0.0121217817068, 0.187894687057, 0.217745184898, 0.385713934898, 1.08791959286, 2.13302493095, 5.84707021713]

rhythm:
    beats_loudness:
        dmean: 0.00766206998378
        dmean2: 0.0139968246222
        dvar: 1.71188039531e-05
        dvar2: 5.3752821259e-05
        max: 0.0189429689199
        mean: 0.009127731435
        min: 0.000573600409552
        var: 2.88042501779e-05
    beats_loudness_bass:
        dmean: 0.369253158569
        dmean2: 0.740352213383
        dvar: 0.0521558895707
        dvar2: 0.178834408522
        max: 0.699819386005
        mean: 0.186339378357
        min: 0.000413377041696
        var: 0.057731859386
    bpm: 96.3676452637
    bpm_confidence: 0
    first_peak_bpm: 96
    first_peak_spread: 0
    first_peak_weight: 0.933333396912
    onset_rate: 5.4973077774
    second_peak_bpm: 87
    second_peak_spread: 0
    second_peak_weight: 0.0666666701436
    beats_position: [0.252512603998, 0.878814995289, 1.50511741638, 2.13141989708, 2.75772237778, 3.38402462006, 4.01032686234, 4.63662958145, 5.26293182373, 5.88923406601, 6.57586526871, 7.19384479523, 7.81182432175, 8.42980384827, 9.04778385162, 9.66576385498]
    bpm_estimates: [95.6770858765, 95.6209640503, 95.6399841309, 95.6230545044, 97.5018768311, 95.5443649292, 95.614440918, 95.7983016968, 95.2185821533, 96.7774276733, 97.1780471802, 97.1898880005, 97.5286483765, 97.4008483887, 97.2004699707, 96.3682403564]
    bpm_intervals: [0.626302361488, 0.626302421093, 0.626302480698, 0.626302480698, 0.626302242279, 0.626302242279, 0.626302719116, 0.626302242279, 0.626302242279, 0.686631202698, 0.61797952652, 0.61797952652, 0.61797952652, 0.617980003357, 0.617980003357]
    onset_times: [0.0580498874187, 0.139319732785, 0.232199549675, 0.452789127827, 0.580498874187, 0.754648506641, 0.870748281479, 1.05650794506, 1.17260766029, 1.24226760864, 1.40480720997, 1.48607707024, 1.74149656296, 1.84598636627, 2.04335594177, 2.14784574509, 2.42648530006, 2.69351482391, 2.75156474113, 3.15791392326, 3.32045340538, 3.40172338486, 3.78485250473, 3.90095233917, 4.02866220474, 4.23764181137, 4.37696123123, 4.58594083786, 4.85297060013, 5.00390005112, 5.20126962662, 5.28253984451, 5.8282084465, 5.93269824982, 6.22294807434, 6.35065746307, 6.38548755646, 6.5015873909, 6.79183673859, 6.97759628296, 7.11691617966, 7.22140598297, 7.55809545517, 7.74385499954, 8.23147392273, 8.42884349823, 8.62621307373, 8.85841274261, 8.93968296051, 9.07900238037, 9.24154186249, 9.31120204926, 9.42730140686, 9.71755123138, 9.84526062012]
    rubato_start: []
    rubato_stop: []
    perceptual_tempo: "unknown"

sfx:
    inharmonicity:
        dmean: 0.0537541694939
        dmean2: 0.0937520191073
        dvar: 0.00432350160554
        dvar2: 0.0111478026956
        max: 0.364821135998
        mean: 0.0525990948081
        min: 0
        var: 0.00464097363874
    oddtoevenharmonicenergyratio:
        dmean: 59.8485145569
        dmean2: 119.392723083
        dvar: 409264.9375
        dvar2: 1227043.75
        max: 9105.57128906
        mean: 30.4192371368
        min: 0
        var: 205106.734375
    pitch_after_max_to_before_max_energy_ratio: 3.89982032776
    pitch_centroid: 203.375518799
    pitch_max_to_total: 0.180327862501
    pitch_min_to_total: 0.559718966484
    tristimulus:
        dmean: [0.283192366362, 0.333360046148, 0.138859301805]
        dmean2: [0.501596689224, 0.587750077248, 0.244041517377]
        dvar: [0.0625700131059, 0.071119479835, 0.0293915551156]
        dvar2: [0.168521299958, 0.196131810546, 0.0775605067611]
        max: [1, 0.996354997158, 0.868842303753]
        mean: [0.397130489349, 0.388548970222, 0.112926580012]
        min: [0.000930010864977, 0, 0]
        var: [0.0931428298354, 0.096572779119, 0.0289682839066]

tonal:
    chords_changes_rate: 0.185185179114
    chords_number_rate: 0.050925925374
    chords_strength:
        dmean: 0.022062305361
        dmean2: 0.0283258948475
        dvar: 0.00026090911706
        dvar2: 0.000449225190096
        max: 0.584634721279
        mean: 0.400526642799
        min: 0.225871667266
        var: 0.00378312612884
    key_strength: 0.471152991056
    tuning_diatonic_strength: 0.403804838657
    tuning_equal_tempered_deviation: 0.289639830589
    tuning_frequency: 445.884552002
    tuning_nontempered_energy_ratio: 0.922362864017
    hpcp:
        dmean: [0.144453704357, 0.136588737369, 0.139658004045, 0.15161986649, 0.161007523537, 0.140854507685, 0.132068127394, 0.152543216944, 0.182759135962, 0.174911871552, 0.156928390265, 0.180735766888, 0.211451470852, 0.238238021731, 0.220123142004, 0.219343617558, 0.236724197865, 0.232688814402, 0.192066177726, 0.218836933374, 0.196069076657, 0.167740181088, 0.18999004364, 0.213295936584, 0.205395489931, 0.226507514715, 0.21861730516, 0.204506739974, 0.217543289065, 0.193068563938, 0.20466569066, 0.211779370904, 0.211124390364, 0.200351893902, 0.179915696383, 0.156587362289]
        dmean2: [0.244827151299, 0.23504473269, 0.246354788542, 0.257858961821, 0.274805903435, 0.241397202015, 0.227060481906, 0.254870146513, 0.309062838554, 0.300534248352, 0.271628022194, 0.311960995197, 0.375842094421, 0.425456136465, 0.3758212924, 0.359087258577, 0.409029841423, 0.414179652929, 0.344670295715, 0.381651729345, 0.334144711494, 0.283378005028, 0.328621119261, 0.381771415472, 0.373224407434, 0.405483037233, 0.400261849165, 0.356994867325, 0.382524341345, 0.320070236921, 0.34898903966, 0.341930419207, 0.354850709438, 0.347329467535, 0.304915606976, 0.268797039986]
        dvar: [0.0423655547202, 0.0367307849228, 0.0421156100929, 0.0393059104681, 0.0553250908852, 0.0363615527749, 0.0309977717698, 0.0368402414024, 0.0569139793515, 0.0483427494764, 0.0391941927373, 0.0505171269178, 0.0650220811367, 0.0744791552424, 0.058109972626, 0.0475155413151, 0.0566448643804, 0.056887537241, 0.0480799004436, 0.0586024969816, 0.0491244792938, 0.0399675890803, 0.0509216785431, 0.0700418651104, 0.0564347244799, 0.0704927295446, 0.0652118548751, 0.0541234575212, 0.0673407241702, 0.0518210753798, 0.0608678758144, 0.0564377643168, 0.0646245703101, 0.062691166997, 0.0493798069656, 0.048657014966]
        dvar2: [0.103786461055, 0.0927196145058, 0.113421432674, 0.0951249077916, 0.146735936403, 0.0971344411373, 0.0837871134281, 0.100434802473, 0.149711087346, 0.13259793818, 0.108615860343, 0.141341537237, 0.158703118563, 0.185284093022, 0.154245764017, 0.126803517342, 0.152511030436, 0.142987906933, 0.129839792848, 0.171104699373, 0.128606632352, 0.0952281653881, 0.13277849555, 0.191032379866, 0.145633161068, 0.192892193794, 0.170870482922, 0.148255765438, 0.18257547915, 0.113415680826, 0.139579087496, 0.120671086013, 0.14656342566, 0.171426475048, 0.126351132989, 0.120775319636]
        max: [1, 1, 1, 0.948586702347, 1, 1, 1, 1, 1, 0.996697247028, 1, 1, 1, 1, 1, 1, 1, 1, 1, 1, 1, 1, 1, 1, 1, 1, 1, 1, 1, 1, 1, 1, 1, 1, 1, 1]
        mean: [0.178594514728, 0.156409680843, 0.15061019361, 0.157293304801, 0.155142500997, 0.141110897064, 0.137149691582, 0.162438988686, 0.185234189034, 0.168390139937, 0.160691738129, 0.17831467092, 0.211602240801, 0.251385211945, 0.268308132887, 0.262105345726, 0.267108947039, 0.261862039566, 0.220317199826, 0.214679330587, 0.208329662681, 0.182511970401, 0.189492732286, 0.203071519732, 0.196252316236, 0.202969968319, 0.203255593777, 0.197525247931, 0.224346056581, 0.251110821962, 0.255366921425, 0.262787699699, 0.270532876253, 0.248894989491, 0.220377445221, 0.199851199985]
        min: [0.000138023067848, 7.44016870158e-05, 8.68757633725e-05, 0.000242410358624, 0.000135659996886, 9.89080508589e-05, 0.000175008302904, 0.000305438996293, 0.00019635973149, 0.000314372795401, 0, 0, 0, 0, 0, 0, 0.000318701670039, 0.000303219276248, 0.000343256950146, 0.000235866420553, 0.000223004215513, 0.000264225003775, 0.00029307915247, 0.000271777505986, 0.000272169214441, 0.000276939797914, 0.000139903175295, 0.000136822694913, 0.000181098337634, 0.000196992390556, 0.000161730931723, 0.000103632810351, 0.000103794969618, 0.000236365725868, 0.000130386906676, 0.000188611782505]
        var: [0.0541642010212, 0.0435322746634, 0.0480995848775, 0.0517776198685, 0.0514057949185, 0.0355508811772, 0.0345237925649, 0.0453847721219, 0.0660713836551, 0.0518081262708, 0.0457029789686, 0.0522251799703, 0.069203980267, 0.0823714584112, 0.0762884095311, 0.069385714829, 0.0702030360699, 0.0716896280646, 0.0551300793886, 0.064856864512, 0.0618672557175, 0.0496323592961, 0.0562868379056, 0.072241038084, 0.058471467346, 0.0694898441434, 0.0642662867904, 0.0607454963028, 0.0753077194095, 0.0886262357235, 0.0901444554329, 0.0929625704885, 0.109618626535, 0.0878840610385, 0.073434881866, 0.0742904320359]
    chords_histogram: [16.2037029266, 0, 0, 0, 0, 11.5740737915, 0, 31.9444446564, 4.16666650772, 0, 0, 0, 9.25925922394, 0, 4.16666650772, 1.85185182095, 0, 10.1851854324, 0, 1.38888883591, 0, 0, 7.87037038803, 1.38888883591]
    thpcp: [1, 0.920017540455, 0.81460505724, 0.738731682301, 0.660158276558, 0.578154087067, 0.556716799736, 0.581420302391, 0.573470056057, 0.521603524685, 0.506961286068, 0.600440859795, 0.6847012043, 0.622438728809, 0.593982279301, 0.659123837948, 0.782168328762, 0.929222404957, 0.99177646637, 0.968848407269, 0.987343788147, 0.967949032784, 0.814382374287, 0.793542504311, 0.7700715065, 0.674638807774, 0.700442552567, 0.750635266304, 0.725428700447, 0.750259876251, 0.751315712929, 0.730134010315, 0.829274654388, 0.928208172321, 0.943940460682, 0.971370637417]
    chords_key: "G"
    chords_scale: "major"
    key_key: "G"
    key_scale: "minor"
    chords_progression: ["Gm", "Gm", "Gm", "Gm", "Gm", "Gm", "Gm", "Gm", "Gm", "Gm", "Gm", "Gm", "Gm", "Gm", "D#", "Gm", "Gm", "Gm", "Gm", "Gm", "Gm", "Gm", "Gm", "Gm", "Gm", "Gm", "Gm", "Gm", "Gm", "Gm", "Gm", "Gm", "Gm", "Gm", "C#m", "C#m", "Cm", "Cm", "C#m", "Gm", "Gm", "D#", "D#", "Cm", "Cm", "Cm", "Cm", "Cm", "Cm", "Cm", "G", "G", "G", "G", "G", "C#m", "C#m", "C#m", "C#m", "C#m", "Cm", "Cm", "Cm", "Cm", "Cm", "G", "G", "G", "G", "G", "G", "G", "G", "G", "G", "G", "G", "G", "G", "G", "G", "G", "G", "C#m", "C#m", "G", "G", "G", "G", "G", "G", "G", "G", "G", "G", "G", "G", "G", "G", "G", "G", "G", "G", "G", "G", "G", "G", "G", "G", "G", "G", "G", "G", "G", "G", "G", "G", "G", "G", "G", "G", "G", "G", "G", "G", "C", "C", "C", "G", "G", "G", "G", "G", "C", "C", "F#", "F#", "C", "C", "C", "C", "C", "C", "C", "C", "C", "C", "C", "G", "C", "C", "C", "C", "C#", "C#", "C", "C", "C", "C", "C", "Cm", "C#m", "Cm", "Cm", "C#m", "Bm", "F#", "F#", "F#", "Bm", "Bm", "C#m", "C#m", "C#m", "C#m", "C#m", "C#m", "C#m", "C#", "F#", "F#", "F#", "F#", "F#", "F#", "F#", "F#", "F#", "C#m", "F#", "F#", "F#", "F#", "F#", "F#", "B", "F#", "F#", "Bm", "Bm", "Bm", "Bm", "Bm", "Bm", "B", "B", "B", "G#m", "G#m", "G#m", "G#m", "G#m", "G#m", "G#m", "G#m", "G#m"]
