
metadata:
    version:
        essentia: "1.2.2"
    audio_properties:
        analysis_sample_rate: 44100
        bitrate: 128
        channels: 2
        equal_loudness: 1
        length: 10.0310201645
        replay_gain: -15.0228366852
        downmix: "mix"
    tags:
        track: 1
        year: 0
        album: "Splitted by Mp3Splt v. 2.1"
        artist: "From 000.00 To 000.10"
        comment: "http://mp3splt.sf.net"
        genre: ""
        title: "07 One MC, One DJ.mp3"

highlevel:
    ballroom:
        all:
            ChaChaCha: 0.518904030323
            Jive: 0.0760390684009
            Quickstep: 0.020588811487
            Rumba-American: 0.000432436878327
            Rumba-International: 0.0007068492705
            Rumba-Misc: 0.000631860457361
            Samba: 0.382106393576
            Tango: 0.000250720186159
            VienneseWaltz: 0.000176243003807
            Waltz: 0.000163551376318
        probability: 0.518904030323
        value: "ChaChaCha"
    culture:
        all:
            non_western: 0.628601908684
            western: 0.371398091316
        probability: 0.628601908684
        value: "non_western"
    gender:
        all:
            female: 0.682160198689
            male: 0.317839801311
        probability: 0.682160198689
        value: "female"
    genre_dortmund:
        all:
            alternative: 0.00359407695942
            blues: 0.00101315102074
            electronic: 0.018066085875
            folkcountry: 0.000675082264934
            funksoulrnb: 0.00656686769798
            jazz: 0.0113675128669
            pop: 0.00320132006891
            raphiphop: 0.936080276966
            rock: 0.0194356460124
        probability: 0.936080276966
        value: "raphiphop"
    genre_electronica:
        all:
            ambient: 0.0545496046543
            dnb: 0.690554976463
            house: 0.0218667834997
            techno: 0.183817580342
            trance: 0.0492110550404
        probability: 0.690554976463
        value: "dnb"
    genre_rosamerica:
        all:
            cla: 0.000567347160541
            dan: 0.00315344170667
            hip: 0.981408894062
            jaz: 0.00244228541851
            pop: 0.00381863419898
            rhy: 0.00320602254942
            roc: 0.00437233736739
            spe: 0.00103103404399
        probability: 0.981408894062
        value: "hip"
    genre_tzanetakis:
        all:
            blu: 0.00142892170697
            cla: 0.00286669423804
            cou: 0.00349300215021
            dis: 0.0293661709875
            hip: 0.454585969448
            jaz: 0.00502960151061
            met: 0.00882501155138
            pop: 0.146326422691
            reg: 0.342825591564
            roc: 0.00525261135772
        probability: 0.454585969448
        value: "hip"
    live_studio:
        all:
            live: 0.171481251717
            studio: 0.828518748283
        probability: 0.828518748283
        value: "studio"
    mood:
        all:
            Cluster1: 0.135456591845
            Cluster2: 0.307510226965
            Cluster3: 0.0522633641958
            Cluster4: 0.0939305648208
            Cluster5: 0.410839259624
        probability: 0.410839259624
        value: "Cluster5"
    mood_acoustic:
        all:
            acoustic: 0.0100780138746
            not_acoustic: 0.989921987057
        probability: 0.989921987057
        value: "not_acoustic"
    mood_aggressive:
        all:
            aggressive: 0.746222734451
            not_aggressive: 0.253777265549
        probability: 0.746222734451
        value: "aggressive"
    mood_electronic:
        all:
            electronic: 0.914305984974
            not_electronic: 0.0856939852238
        probability: 0.914305984974
        value: "electronic"
    mood_happy:
        all:
            happy: 0.492410331964
            not_happy: 0.507589697838
        probability: 0.507589697838
        value: "not_happy"
    mood_party:
        all:
            not_party: 0.0185108520091
            party: 0.981489121914
        probability: 0.981489121914
        value: "party"
    mood_relaxed:
        all:
            not_relaxed: 0.915624797344
            relaxed: 0.0843752026558
        probability: 0.915624797344
        value: "not_relaxed"
    mood_sad:
        all:
            not_sad: 0.999785840511
            sad: 0.000214174215216
        probability: 0.999785840511
        value: "not_sad"
    rhythm:
        all:
            fast: 0.706477284431
            medium: 0.205173611641
            slow: 0.0883491188288
        probability: 0.706477284431
        value: "fast"
    speech_music:
        all:
            music: 0.999819159508
            speech: 0.000180870076292
        probability: 0.999819159508
        value: "music"
    timbre:
        all:
            bright: 0.060281381011
            dark: 0.939718604088
        probability: 0.939718604088
        value: "dark"
    voice_instrumental:
        all:
            instrumental: 0.175924792886
            voice: 0.824075222015
        probability: 0.824075222015
        value: "voice"

lowlevel:
    average_loudness: 0.970029652119
    barkbands_kurtosis:
        dmean: 5.23553419113
        dmean2: 8.25741481781
        dvar: 249.032669067
        dvar2: 618.500305176
        max: 188.342926025
        mean: 4.48188018799
        min: -1.93269836903
        var: 204.586425781
    barkbands_skewness:
        dmean: 0.971256196499
        dmean2: 1.44961547852
        dvar: 1.76047790051
        dvar2: 3.84308576584
        max: 12.1942443848
        mean: -0.674734830856
        min: -5.07738256454
        var: 4.18964910507
    barkbands_spread:
        dmean: 11.1238451004
        dmean2: 17.3753204346
        dvar: 136.047683716
        dvar2: 317.812683105
        max: 78.9095001221
        mean: 32.8049926758
        min: 1.23252356052
        var: 378.713165283
    dissonance:
        dmean: 0.0146227581427
        dmean2: 0.0246885791421
        dvar: 0.000338810408721
        dvar2: 0.000930566340685
        max: 0.499788582325
        mean: 0.477832347155
        min: 0.341335505247
        var: 0.000545833550859
    hfc:
        dmean: 4.72169876099
        dmean2: 6.55760478973
        dvar: 70.6596374512
        dvar2: 148.186599731
        max: 74.3842849731
        mean: 9.86974906921
        min: 0.010520176962
        var: 151.923355103
    pitch:
        dmean: 758.004272461
        dmean2: 1424.82861328
        dvar: 1557510.375
        dvar2: 3446669.5
        max: 4900
        mean: 2730.91113281
        min: 101.61289978
        var: 2774285
    pitch_instantaneous_confidence:
        dmean: 0.0940651074052
        dmean2: 0.150991857052
        dvar: 0.00618664035574
        dvar2: 0.0154696097597
        max: 0.896206200123
        mean: 0.498194813728
        min: 0.160649836063
        var: 0.0157269667834
    pitch_salience:
        dmean: 0.0895344018936
        dmean2: 0.139135569334
        dvar: 0.0107100568712
        dvar2: 0.023568071425
        max: 0.872676193714
        mean: 0.593506932259
        min: 0.107425071299
        var: 0.0259589441121
    silence_rate_20dB:
        dmean: 0
        dmean2: 0
        dvar: 0
        dvar2: 0
        max: 1
        mean: 1
        min: 1
        var: 0
    silence_rate_30dB:
        dmean: 0
        dmean2: 0
        dvar: 0
        dvar2: 0
        max: 1
        mean: 1
        min: 1
        var: 0
    silence_rate_60dB:
        dmean: 0.12962962687
        dmean2: 0.259860783815
        dvar: 0.112825781107
        dvar2: 0.22017544508
        max: 1
        mean: 0.605080842972
        min: 0
        var: 0.238957256079
    spectral_centroid:
        dmean: 486.87789917
        dmean2: 715.28515625
        dvar: 299852.1875
        dvar2: 553840.4375
        max: 4803.16796875
        mean: 2546.5456543
        min: 122.088623047
        var: 1295557.375
    spectral_complexity:
        dmean: 3.61716938019
        dmean2: 4.93023252487
        dvar: 23.4613265991
        dvar2: 39.7253074646
        max: 43
        mean: 9.46990776062
        min: 0
        var: 92.008392334
    spectral_crest:
        dmean: 2.49662017822
        dmean2: 4.10063552856
        dvar: 6.40813493729
        dvar2: 14.4685525894
        max: 21.0858249664
        mean: 9.10608005524
        min: 3.69007205963
        var: 11.1390953064
    spectral_decrease:
        dmean: 2.77028039397e-10
        dmean2: 3.96939370262e-10
        dvar: 1.48751721534e-19
        dvar2: 3.22255840622e-19
        max: -8.41191428579e-13
        mean: -6.65459132243e-10
        min: -3.35466099344e-09
        var: 4.13405534807e-19
    spectral_energy:
        dmean: 0.00144268060103
        dmean2: 0.00203698477708
        dvar: 4.62492744191e-06
        dvar2: 9.80650747806e-06
        max: 0.0194081291556
        mean: 0.00340680778027
        min: 4.12906547353e-06
        var: 1.1973468645e-05
    spectral_energyband_high:
        dmean: 0.000533174315933
        dmean2: 0.000748996739276
        dvar: 1.24868995499e-06
        dvar2: 2.53173675446e-06
        max: 0.0107865855098
        mean: 0.000940642959904
        min: 1.27828599261e-07
        var: 2.25066264647e-06
    spectral_energyband_low:
        dmean: 0.000369668618077
        dmean2: 0.000619168451522
        dvar: 5.25687141817e-07
        dvar2: 1.36726146138e-06
        max: 0.00501051638275
        mean: 0.000478287722217
        min: 4.3132992289e-08
        var: 5.50298977942e-07
    spectral_energyband_middle_high:
        dmean: 0.000780857400969
        dmean2: 0.00118508120067
        dvar: 1.4651524225e-06
        dvar2: 3.31588626068e-06
        max: 0.0148244965822
        mean: 0.00172083661892
        min: 3.32408330905e-06
        var: 5.45605053048e-06
    spectral_energyband_middle_low:
        dmean: 0.000170287676156
        dmean2: 0.000264832342509
        dvar: 7.48341619783e-08
        dvar2: 1.68193523109e-07
        max: 0.00263227079995
        mean: 0.000267040304607
        min: 1.73729844732e-07
        var: 1.73161950556e-07
    spectral_flatness_db:
        dmean: 0.0268879011273
        dmean2: 0.0418435819447
        dvar: 0.00125796115026
        dvar2: 0.00306111760437
        max: 0.390735894442
        mean: 0.172835215926
        min: 0.0860901549459
        var: 0.00204267073423
    spectral_flux:
        dmean: 0.0105261141434
        dmean2: 0.0153713868931
        dvar: 0.000147972954437
        dvar2: 0.00034851685632
        max: 0.124570481479
        mean: 0.0375212654471
        min: 0.00203201011755
        var: 0.000449813727755
    spectral_kurtosis:
        dmean: 0.777787983418
        dmean2: 1.26326799393
        dvar: 1.59415745735
        dvar2: 4.19613647461
        max: 19.4251937866
        mean: 2.24675798416
        min: 0.0632801055908
        var: 4.5387096405
    spectral_rms:
        dmean: 0.000380197830964
        dmean2: 0.000507240300067
        dvar: 1.98208311986e-07
        dvar2: 4.06740468861e-07
        max: 0.00435140868649
        mean: 0.00160006957594
        min: 6.34693351458e-05
        var: 7.63493972045e-07
    spectral_rolloff:
        dmean: 577.199584961
        dmean2: 964.887268066
        dvar: 875399.875
        dvar2: 1878111.375
        max: 5986.23046875
        mean: 4021.37768555
        min: 107.666015625
        var: 1774313.125
    spectral_skewness:
        dmean: 0.16938354075
        dmean2: 0.258623987436
        dvar: 0.0425002537668
        dvar2: 0.093970797956
        max: 3.43198752403
        mean: 1.03447186947
        min: 0.257103800774
        var: 0.162010118365
    spectral_spread:
        dmean: 609384.0625
        dmean2: 879173.75
        dvar: 766651334656
        dvar2: 1.2868288512e+12
        max: 20552900
        mean: 5806818.5
        min: 2010545.375
        var: 2.17481727181e+12
    spectral_strongpeak:
        dmean: 0.654300689697
        dmean2: 1.14529061317
        dvar: 1.03931248188
        dvar2: 2.95011520386
        max: 7.85522937775
        mean: 0.792450606823
        min: 0.00188379385509
        var: 1.19022226334
    zerocrossingrate:
        dmean: 0.0161665268242
        dmean2: 0.0164982285351
        dvar: 0.000247200834565
        dvar2: 0.000274714664556
        max: 0.220703125
        mean: 0.131338611245
        min: 0.01220703125
        var: 0.00197461014614
    barkbands:
        dmean: [7.00069620052e-08, 0.000134663539939, 0.000256748258835, 3.21827756125e-05, 9.92352943285e-06, 1.05057497422e-05, 4.40196636191e-05, 4.56617490272e-05, 7.36287620384e-05, 4.47480888397e-05, 2.47392636084e-05, 4.1855040763e-05, 3.44370710081e-05, 2.62508674496e-05, 3.58661018254e-05, 5.35002254765e-05, 0.000105434701254, 0.000197585235583, 0.000314528791932, 0.000394703500206, 0.00025103209191, 0.000113482645247, 2.19621160795e-05, 1.13035539471e-05, 5.98410679231e-06, 1.93109016777e-07, 3.64479363357e-10]
        dmean2: [1.09326052211e-07, 0.000223693597945, 0.000435752095655, 5.81134336244e-05, 1.71269675775e-05, 1.69022750924e-05, 7.09947780706e-05, 7.76814486017e-05, 0.000114144153486, 7.21219112165e-05, 4.01388715545e-05, 6.02943655394e-05, 5.65138507227e-05, 4.28612838732e-05, 5.5519882153e-05, 8.97908394109e-05, 0.000165120029123, 0.00030278324266, 0.000479594746139, 0.000609585025813, 0.000368420325685, 0.00016506954853, 3.06136134895e-05, 1.52417560457e-05, 8.85651024873e-06, 2.69144720733e-07, 5.90547721835e-10]
        dvar: [2.60149195209e-14, 5.44245715162e-08, 2.88665518156e-07, 4.33918234677e-09, 4.91585105955e-10, 5.28050270177e-10, 1.23906183092e-08, 2.10897432851e-08, 3.87853091866e-08, 2.2041263037e-08, 3.40344308292e-09, 1.04376232102e-08, 1.01925667906e-08, 2.9815132585e-09, 8.14560507933e-09, 3.88096417225e-08, 4.6097966333e-08, 1.78492356895e-07, 2.57455127439e-07, 6.70443341733e-07, 2.93655460837e-07, 4.37055938107e-08, 1.6438800321e-09, 6.07285388643e-10, 2.190124887e-10, 2.0993112576e-13, 2.29394058345e-18]
        dvar2: [3.86198946358e-14, 1.42433691508e-07, 7.54224799948e-07, 1.2022228546e-08, 1.37357347718e-09, 1.17392406906e-09, 2.49834215538e-08, 5.63603954618e-08, 7.68041132915e-08, 5.27946681927e-08, 9.09781583402e-09, 1.69457532451e-08, 2.53206984269e-08, 6.37749497656e-09, 2.10907025178e-08, 1.06283422951e-07, 9.00783945212e-08, 4.63303905462e-07, 6.89849912305e-07, 1.53969438088e-06, 5.90510296661e-07, 9.66187272411e-08, 3.59191587584e-09, 1.30868549331e-09, 5.36943323137e-10, 4.78357913176e-13, 2.85376256676e-18]
        max: [2.69356405624e-06, 0.00133866234683, 0.00370450457558, 0.000443046563305, 0.000236728330492, 0.000195624772459, 0.00156981591135, 0.00165879353881, 0.00261940225028, 0.0020637344569, 0.000717643415555, 0.00255674496293, 0.00139352062251, 0.000778194516897, 0.00127870053984, 0.0029534958303, 0.00331548275426, 0.00786328222603, 0.00422901753336, 0.00695013999939, 0.00613917130977, 0.00182464323007, 0.000362291437341, 0.000229598677834, 0.00013390321692, 4.19247271566e-06, 2.94828730318e-08]
        mean: [8.44388452492e-08, 0.000216282147449, 0.000261924957158, 3.26835252054e-05, 9.99148687697e-06, 1.18212956295e-05, 4.83094299852e-05, 4.72868268844e-05, 0.000103922036942, 5.37026025995e-05, 2.58267718891e-05, 6.73314425512e-05, 3.95857969124e-05, 3.46620654454e-05, 5.16642394359e-05, 7.8154647781e-05, 0.000201792645385, 0.000354955845978, 0.000524591072462, 0.000574177771341, 0.000415552931372, 0.000190612394363, 3.72118374798e-05, 1.62758660736e-05, 8.13809765532e-06, 2.69122409691e-07, 3.32623123489e-10]
        min: [3.86496078197e-11, 7.95338017667e-09, 2.52696459313e-08, 4.38226788191e-09, 1.89308906329e-08, 8.26531232345e-10, 2.29312391298e-08, 3.41172210483e-08, 4.46974057766e-09, 8.63715321486e-09, 1.8045977157e-08, 9.72478719774e-09, 1.86621402776e-08, 2.38897506222e-08, 5.98082507963e-08, 1.35588862804e-07, 3.63409100146e-07, 2.77366382306e-07, 8.48082549965e-07, 1.84839024087e-07, 7.49447011117e-08, 9.25613541369e-09, 5.35421440517e-09, 2.89948354215e-09, 2.90487545129e-09, 2.87817547573e-10, 1.38864939513e-13]
        var: [3.61431025354e-14, 9.1653660661e-08, 2.83144061086e-07, 3.16504444875e-09, 3.59683616225e-10, 5.82402015503e-10, 1.65881051117e-08, 1.96261993324e-08, 9.56215160386e-08, 3.19242694502e-08, 3.13891579395e-09, 5.61739383897e-08, 9.7380086217e-09, 5.34538280306e-09, 1.43574157008e-08, 5.40764411028e-08, 1.86127692814e-07, 7.10133463144e-07, 4.97997120874e-07, 9.06181583105e-07, 5.08405321398e-07, 8.91704203809e-08, 3.34502736621e-09, 9.63385371477e-10, 2.53907228576e-10, 2.88972432138e-13, 2.29712398804e-18]
    mfcc:
        mean: [-757.877746582, 42.7471618652, -31.4638328552, 61.4166183472, -12.869184494, 6.9605846405, 15.6399669647, 13.5039167404, 9.89555454254, 7.46165752411, 11.5366630554, 4.3636007309, 2.34270429611]
        cov: [[6105.67822266, -897.387573242, -682.247009277, -240.166885376, -459.035552979, -183.499435425, -201.131347656, 2.20705628395, -28.7263832092, 38.4908599854, 59.8058929443, 133.704589844, 123.095870972], [-897.387573242, 1767.52185059, -78.4615020752, 5.40669965744, 121.200973511, -20.6940116882, 50.6664085388, 118.576370239, -17.9510192871, 3.44127988815, 71.2864227295, -23.060213089, -51.2370414734], [-682.247009277, -78.4615020752, 908.088439941, 271.984466553, -14.6377696991, 33.7483520508, 41.7846679688, 10.2998867035, 91.1633682251, 73.2180633545, -51.6926765442, -72.1663894653, -19.779083252], [-240.166885376, 5.40669965744, 271.984466553, 362.137207031, 235.623809814, 73.8807525635, 6.94811058044, -41.8207206726, 23.9848537445, 32.0407218933, -37.6172294617, -26.7372570038, 22.366191864], [-459.035552979, 121.200973511, -14.6377696991, 235.623809814, 416.498382568, 134.985076904, 39.7449913025, -78.6407394409, -21.6227283478, 1.21324384212, -30.0548973083, -1.1244045496, 4.61208438873], [-183.499435425, -20.6940116882, 33.7483520508, 73.8807525635, 134.985076904, 211.127319336, 78.7920227051, 7.23519849777, 32.9846229553, 9.66995239258, -2.43560218811, -4.12705898285, 1.92290127277], [-201.131347656, 50.6664085388, 41.7846679688, 6.94811058044, 39.7449913025, 78.7920227051, 173.377502441, 52.69272995, -0.318734645844, 14.1075611115, 3.3402838707, 8.57850074768, 5.5745677948], [2.20705628395, 118.576370239, 10.2998867035, -41.8207206726, -78.6407394409, 7.23519849777, 52.69272995, 185.535263062, 66.9902496338, 16.3532009125, 40.465007782, -21.5151863098, -13.617770195], [-28.7263832092, -17.9510192871, 91.1633682251, 23.9848537445, -21.6227283478, 32.9846229553, -0.318734645844, 66.9902496338, 117.770500183, 34.6705093384, 12.0149621964, -18.8503170013, -15.6743059158], [38.4908599854, 3.44127988815, 73.2180633545, 32.0407218933, 1.21324384212, 9.66995239258, 14.1075611115, 16.3532009125, 34.6705093384, 110.09677124, 31.0430622101, -15.8458480835, 2.53772521019], [59.8058929443, 71.2864227295, -51.6926765442, -37.6172294617, -30.0548973083, -2.43560218811, 3.3402838707, 40.465007782, 12.0149621964, 31.0430622101, 91.3143997192, 29.8911342621, -9.59850788116], [133.704589844, -23.060213089, -72.1663894653, -26.7372570038, -1.1244045496, -4.12705898285, 8.57850074768, -21.5151863098, -18.8503170013, -15.8458480835, 29.8911342621, 96.8028564453, 34.0376853943], [123.095870972, -51.2370414734, -19.779083252, 22.366191864, 4.61208438873, 1.92290127277, 5.5745677948, -13.617770195, -15.6743059158, 2.53772521019, -9.59850788116, 34.0376853943, 73.5422897339]]
        icov: [[0.000242902839091, 9.86350351013e-05, 0.000289979623631, -0.000323416519677, 0.000430862099165, -6.11500508967e-05, 0.000194571868633, -0.000103444879642, 9.55698851612e-05, -0.0003122635826, 0.000159811999765, -0.000293190707453, -3.31299306708e-05], [9.86350351013e-05, 0.000717718154192, 7.52105697757e-05, 8.87061673893e-07, -0.000333637493895, 0.000308144837618, 1.55646175699e-05, -0.00063430715818, 0.000386816827813, -2.72409597528e-05, -0.000447588274255, 8.43847883516e-05, 0.000235039391555], [0.000289979623631, 7.52105697757e-05, 0.00250289076939, -0.00288828555495, 0.00227374304086, -0.000155931746121, -0.000743144890293, 0.000511812279001, -0.000775208871346, -0.00108929432463, 0.00122094643302, -0.000275003811112, 0.00129016826395], [-0.000323416519677, 8.87061673893e-07, -0.00288828555495, 0.00860599149019, -0.00573439802974, 0.000611555064097, 0.00112648541108, -0.000308026414132, -0.000854357262142, 0.000242447145865, -0.000631595612504, 0.00186119566206, -0.00378526188433], [0.000430862099165, -0.000333637493895, 0.00227374304086, -0.00573439802974, 0.00778897106647, -0.00292875920422, -0.000688381202053, 0.00183550978545, 0.000893589050975, -0.000989213469438, 0.00156485417392, -0.00147703522816, 0.00249448884279], [-6.11500508967e-05, 0.000308144837618, -0.000155931746121, 0.000611555064097, -0.00292875920422, 0.00826202239841, -0.0037040382158, 0.00111837359145, -0.00362304225564, 0.00148565263953, -0.00185137637891, 0.00166964833625, -0.00129324325826], [0.000194571868633, 1.55646175699e-05, -0.000743144890293, 0.00112648541108, -0.000688381202053, -0.0037040382158, 0.00976974982768, -0.00488418713212, 0.00415065931156, -0.00272308732383, 0.00292283203453, -0.00335952313617, 0.000552749319468], [-0.000103444879642, -0.00063430715818, 0.000511812279001, -0.000308026414132, 0.00183550978545, 0.00111837359145, -0.00488418713212, 0.0117403166369, -0.00695989420637, 0.00319470418617, -0.00578609248623, 0.00519431661814, -0.00239052763209], [9.55698851612e-05, 0.000386816827813, -0.000775208871346, -0.000854357262142, 0.000893589050975, -0.00362304225564, 0.00415065931156, -0.00695989420637, 0.0156357195228, -0.00469079520553, 0.00283813732676, -0.00283944816329, 0.00377514865249], [-0.0003122635826, -2.72409597528e-05, -0.00108929432463, 0.000242447145865, -0.000989213469438, 0.00148565263953, -0.00272308732383, 0.00319470418617, -0.00469079520553, 0.0146523220465, -0.00891713425517, 0.00659658480436, -0.00476415781304], [0.000159811999765, -0.000447588274255, 0.00122094643302, -0.000631595612504, 0.00156485417392, -0.00185137637891, 0.00292283203453, -0.00578609248623, 0.00283813732676, -0.00891713425517, 0.0217944923788, -0.0115405190736, 0.00769690610468], [-0.000293190707453, 8.43847883516e-05, -0.000275003811112, 0.00186119566206, -0.00147703522816, 0.00166964833625, -0.00335952313617, 0.00519431661814, -0.00283944816329, 0.00659658480436, -0.0115405190736, 0.0203883107752, -0.0106004020199], [-3.31299306708e-05, 0.000235039391555, 0.00129016826395, -0.00378526188433, 0.00249448884279, -0.00129324325826, 0.000552749319468, -0.00239052763209, 0.00377514865249, -0.00476415781304, 0.00769690610468, -0.0106004020199, 0.021587619558]]
    spectral_contrast:
        mean: [3.04576985855e-07, -1.61097247542e-07, -7.45230508414e-08, 1.43143424225e-07, -1.6437843442e-07, 2.87140551336e-07, 3.90465601185e-07, -2.20444917431e-06, -5.87298927712e-06, -1.16173862352e-06, 2.42530200012e-06, -7.16911415566e-07]
        var: [0.00112305174116, 0.00122511014342, 0.00224137841724, 0.00406376319006, 0.00712172035128, 0.00808980409056, 0.0497505813837, 0.165117323399, 0.267993241549, 0.399575173855, 0.718158423901, 3.0350022316]

rhythm:
    beats_loudness:
        dmean: 0.00346472999081
        dmean2: 0.00673877960071
        dvar: 1.91011804418e-05
        dvar2: 6.28421621514e-05
        max: 0.0170315485448
        mean: 0.0062817777507
        min: 0.0011501533445
        var: 1.38362702273e-05
    beats_loudness_bass:
        dmean: 0.0840384289622
        dmean2: 0.146988064051
        dvar: 0.00542687764391
        dvar2: 0.0113640353084
        max: 0.240035057068
        mean: 0.065053589642
        min: 0.000824055285193
        var: 0.00600617704913
    bpm: 97.0669326782
    bpm_confidence: 0
    first_peak_bpm: 97
    first_peak_spread: 0
    first_peak_weight: 0.933333337307
    onset_rate: 4.58577489853
    second_peak_bpm: 81
    second_peak_spread: 0
    second_peak_weight: 0.0666666701436
    beats_position: [0.462151408195, 1.08048272133, 1.69881415367, 2.31714558601, 2.93547677994, 3.55380797386, 4.17213916779, 4.79047060013, 5.40880155563, 6.15270471573, 6.77055168152, 7.38839912415, 8.00624656677, 8.62409305573, 9.24194049835, 9.85978794098]
    bpm_estimates: [96.9084777832, 96.8164749146, 97.0699539185, 96.3047180176, 96.8389205933, 98.5029678345, 97.6538696289, 96.80884552, 97.0379486084, 96.7092819214, 96.772102356, 97.334312439, 97.0090713501, 97.0080718994, 96.9265670776, 97.0254821777, 97.2834243774, 97.1942825317]
    bpm_intervals: [0.618331313133, 0.618331432343, 0.618331432343, 0.618331193924, 0.618331193924, 0.618331193924, 0.618331432343, 0.618330955505, 0.743903160095, 0.61784696579, 0.617847442627, 0.617847442627, 0.617846488953, 0.617847442627, 0.617847442627]
    onset_times: [0.116099774837, 0.441179126501, 0.615328788757, 0.789478480816, 1.05650794506, 1.2190476656, 1.53251695633, 1.67183673382, 1.95047616959, 2.31038546562, 2.46131515503, 2.73995471001, 2.77478456497, 2.93732428551, 3.19274377823, 3.9125623703, 4.04027223587, 4.12154197693, 4.51628112793, 4.62077093124, 4.65560102463, 4.79492044449, 5.24770975113, 5.34058952332, 5.41024923325, 5.75854873657, 5.85142850876, 6.04879808426, 6.26938772202, 6.46675729752, 6.65251684189, 7.01242637634, 7.10530614853, 7.2910656929, 7.47682523727, 7.89478445053, 8.16181373596, 8.31274414062, 8.48689365387, 8.53333377838, 8.85841274261, 9.13705253601, 9.42730140686, 9.57823085785, 9.77560043335, 10.0078001022]
    rubato_start: []
    rubato_stop: []
    perceptual_tempo: "unknown"

sfx:
    inharmonicity:
        dmean: 0.0766186341643
        dmean2: 0.136512905359
        dvar: 0.00542959058657
        dvar2: 0.0154019156471
        max: 0.428316414356
        mean: 0.0865538045764
        min: 0
        var: 0.00587070966139
    oddtoevenharmonicenergyratio:
        dmean: 93.4514465332
        dmean2: 186.093688965
        dvar: 985045.1875
        dvar2: 2953228.25
        max: 14300.7412109
        mean: 49.5462837219
        min: 0
        var: 494095.84375
    pitch_after_max_to_before_max_energy_ratio: 0.222438290715
    pitch_centroid: 212.815567017
    pitch_max_to_total: 0.796296298504
    pitch_min_to_total: 0.465277791023
    tristimulus:
        dmean: [0.152834162116, 0.316166132689, 0.245593041182]
        dmean2: [0.275600612164, 0.557482481003, 0.434010595083]
        dvar: [0.0377072244883, 0.0601312182844, 0.0429746508598]
        dvar2: [0.0986658409238, 0.159253925085, 0.118251346052]
        max: [1, 0.986614704132, 0.956397175789]
        mean: [0.183512970805, 0.461377829313, 0.266018897295]
        min: [0.0034550037235, 0, 0]
        var: [0.0428455173969, 0.0916317626834, 0.0628654137254]

tonal:
    chords_changes_rate: 0.110599078238
    chords_number_rate: 0.0368663594127
    chords_strength:
        dmean: 0.016055310145
        dmean2: 0.0179689470679
        dvar: 0.00012830531341
        dvar2: 0.000193720028619
        max: 0.658267378807
        mean: 0.459039956331
        min: 0.304918110371
        var: 0.00763841113076
    key_strength: 0.498147130013
    tuning_diatonic_strength: 0.535371482372
    tuning_equal_tempered_deviation: 0.184688955545
    tuning_frequency: 441.272583008
    tuning_nontempered_energy_ratio: 0.834901034832
    hpcp:
        dmean: [0.166538655758, 0.163816362619, 0.217910096049, 0.229162141681, 0.202780514956, 0.213098660111, 0.206467375159, 0.203656420112, 0.200430691242, 0.178444474936, 0.169827729464, 0.164907053113, 0.179379209876, 0.174870744348, 0.174551412463, 0.180311992764, 0.183915302157, 0.19552218914, 0.192254513502, 0.168898582458, 0.151189893484, 0.150802999735, 0.170508310199, 0.162603542209, 0.180485218763, 0.175882309675, 0.162249192595, 0.171104565263, 0.161285370588, 0.163233071566, 0.189059957862, 0.204423233867, 0.188621520996, 0.232229024172, 0.215928778052, 0.204803735018]
        dmean2: [0.292511224747, 0.269230425358, 0.368198364973, 0.381468772888, 0.358199566603, 0.368597090244, 0.34887650609, 0.337276995182, 0.329589486122, 0.296344786882, 0.273987680674, 0.268921226263, 0.291833251715, 0.278949797153, 0.261677831411, 0.292709320784, 0.299295425415, 0.321167945862, 0.332922071218, 0.290198236704, 0.278906911612, 0.259691774845, 0.307216882706, 0.284321784973, 0.314643055201, 0.30982196331, 0.28851377964, 0.293489664793, 0.281017631292, 0.284324675798, 0.338934928179, 0.362689584494, 0.306788057089, 0.37303379178, 0.364232808352, 0.341021239758]
        dvar: [0.0341207832098, 0.0328452438116, 0.0573990419507, 0.053374838084, 0.0491089634597, 0.0605193376541, 0.0505068972707, 0.0452751070261, 0.0514881424606, 0.0396690145135, 0.0353181101382, 0.0358666889369, 0.0451276376843, 0.0390451215208, 0.0302066132426, 0.0364191457629, 0.0434309467673, 0.0392219386995, 0.0468839816749, 0.0380974970758, 0.0478543490171, 0.042980030179, 0.0596266761422, 0.0427028015256, 0.0563355013728, 0.0570545122027, 0.05249228701, 0.0489776097238, 0.0425267368555, 0.0412290841341, 0.0560280866921, 0.0578001514077, 0.0369236990809, 0.0520513094962, 0.0462876409292, 0.0525276176631]
        dvar2: [0.0887507274747, 0.0848292857409, 0.137133866549, 0.125715985894, 0.124359592795, 0.152795910835, 0.122169405222, 0.118500359356, 0.137834191322, 0.106320410967, 0.0874307602644, 0.0861712619662, 0.11303614825, 0.0869248211384, 0.0702141448855, 0.0885680541396, 0.109876647592, 0.0928393155336, 0.0963281840086, 0.100176505744, 0.125343888998, 0.105996288359, 0.16403195262, 0.109673157334, 0.167364567518, 0.171872496605, 0.144148781896, 0.13541072607, 0.114318862557, 0.107075311244, 0.145794481039, 0.16780179739, 0.0972709283233, 0.127969995141, 0.11927087605, 0.143367484212]
        max: [1, 1, 1, 1, 1, 1, 1, 1, 1, 1, 1, 1, 1, 1, 1, 1, 1, 1, 1, 1, 1, 1, 1, 1, 1, 1, 1, 1, 1, 1, 1, 1, 1, 1, 1, 1]
        mean: [0.205178782344, 0.21932515502, 0.31230250001, 0.340230077505, 0.285073965788, 0.25972416997, 0.262407898903, 0.287565052509, 0.28606364131, 0.245921954513, 0.236365765333, 0.242510780692, 0.24695803225, 0.247120946646, 0.251899689436, 0.258976817131, 0.266926884651, 0.308978885412, 0.29408454895, 0.196225225925, 0.153447926044, 0.183357998729, 0.182129338384, 0.166502743959, 0.181405216455, 0.182256177068, 0.179821223021, 0.186845317483, 0.181996703148, 0.195325732231, 0.218500882387, 0.214293420315, 0.270047754049, 0.352597951889, 0.326345950365, 0.253198683262]
        min: [0.000653953524306, 0.000946429208852, 0.000954011513386, 0.00106817937922, 0.000772895873524, 0.000815931416582, 0.000908507732674, 0.00100354594178, 0.0019463847857, 0.00139041361399, 0.00148486893158, 0.000663303013425, 0.000648656277917, 0.000578898354433, 0.000593270873651, 0.000810176890809, 0.0013890695991, 0.00136780401226, 0.000587365764659, 0.000382965023164, 0.000213689927477, 0.000113315065391, 0.000155781453941, 0.000354716816219, 0.000381927151466, 0.000483152252855, 0.000494141422678, 0.000612046162132, 0.000539026921615, 0.000750543666072, 0.00128666579258, 0.00201756414026, 0.00208257557824, 0.00125758547802, 0.000492035585921, 0.000728293554857]
        var: [0.0430004708469, 0.0429548993707, 0.080625936389, 0.0987505614758, 0.0746639892459, 0.0730946660042, 0.0681442916393, 0.0768110156059, 0.093033388257, 0.0687669441104, 0.0647294074297, 0.0683630630374, 0.0746359527111, 0.0724674984813, 0.0651448667049, 0.0697357803583, 0.0700101554394, 0.0813313648105, 0.0901734307408, 0.0460169650614, 0.0446450188756, 0.0716699585319, 0.072917945683, 0.0514275953174, 0.0584057979286, 0.0571015439928, 0.0545831769705, 0.0522086843848, 0.0466130785644, 0.0534697324038, 0.0643236190081, 0.0589738041162, 0.0553572028875, 0.0986158326268, 0.0809946283698, 0.0648263171315]
    chords_histogram: [21.6589870453, 0, 0, 0, 0, 0, 2.7649769783, 0, 0, 21.6589870453, 20.2764968872, 1.38248848915, 0, 0, 0, 0, 0.460829496384, 18.8940086365, 0, 0, 0, 7.37327194214, 0, 5.5299539566]
    thpcp: [1, 0.925546944141, 0.718094587326, 0.581905782223, 0.622026145458, 0.885718405247, 0.964923560619, 0.808495819569, 0.736601471901, 0.74421274662, 0.815560758114, 0.811302602291, 0.697457134724, 0.670354902744, 0.68778270483, 0.700395524502, 0.700857579708, 0.714410543442, 0.734481930733, 0.757029056549, 0.876292347908, 0.834050655365, 0.556512653828, 0.435192346573, 0.520020008087, 0.516535460949, 0.47221699357, 0.514481782913, 0.51689517498, 0.509989440441, 0.529910385609, 0.516159296036, 0.553961634636, 0.61968845129, 0.607755720615, 0.76588010788]
    chords_key: "G#"
    chords_scale: "minor"
    key_key: "G#"
    key_scale: "minor"
    chords_progression: ["A", "A", "A", "E", "E", "E", "E", "E", "E", "E", "E", "E", "A", "A", "A", "A", "E", "A", "A", "A", "Em", "A", "A", "A", "E", "A", "E", "A", "A", "G#m", "G#m", "G#m", "G#m", "G#m", "G#m", "G#m", "G#m", "G#m", "D#", "D#", "D#", "D#", "D#", "D#", "D#", "D#", "D#", "D#", "D#", "D#", "D#", "D#", "D#", "D#", "D#", "D#", "D#", "D#", "D#", "D#", "D#", "G#m", "G#m", "G#m", "Gm", "Gm", "D#", "D#", "D#", "D#", "D#", "D#", "D#", "D#", "D#", "D#", "D#", "D#", "D#", "D#", "D#", "D#", "D#", "D#", "D#", "D#", "D#", "D#", "D#", "D#", "Gm", "Gm", "Gm", "Gm", "Gm", "Gm", "Gm", "Gm", "Gm", "Gm", "Gm", "Gm", "Gm", "Gm", "Gm", "Gm", "Gm", "Gm", "A#", "A#", "A#", "G", "G", "G", "G", "G", "G", "G", "G", "G", "G", "G", "G", "G", "G", "G", "G", "G", "G", "G", "G", "G", "G", "G", "G", "G", "G", "G", "G", "G", "G", "G", "G", "G", "Fm", "G", "G", "G", "G", "G", "G", "G", "G", "Gm", "Gm", "Gm", "Gm", "Gm", "Gm", "Gm", "Gm", "Gm", "Gm", "Gm", "Gm", "Gm", "Gm", "Gm", "Gm", "Fm", "Fm", "Fm", "Fm", "Fm", "Gm", "Gm", "Gm", "Gm", "Gm", "Gm", "Gm", "Gm", "G#m", "G#m", "G#m", "G#m", "G#m", "G#m", "G#m", "G#m", "G#m", "G#m", "G#m", "G#m", "G#m", "G#m", "G#m", "G#m", "G#m", "G#m", "G#m", "G#m", "G#m", "G#m", "G#m", "G#m", "G#m", "G#m", "G#m", "G#m", "G#m", "G#m", "G#m", "G#m", "G#m", "G#m", "G#m"]
