
metadata:
    version:
        essentia: "1.2.2"
    audio_properties:
        analysis_sample_rate: 44100
        bitrate: 128
        channels: 2
        equal_loudness: 1
        length: 10.0048980713
        replay_gain: -8.52430534363
        downmix: "mix"
    tags:
        track: 20
        year: 0
        album: "Splitted by Mp3Splt v. 2.1"
        artist: "From 003.10 To 003.20"
        comment: "http://mp3splt.sf.net"
        genre: ""
        title: "02 Duende.mp3"

highlevel:
    ballroom:
        all:
            ChaChaCha: 0.122912861407
            Jive: 0.225580736995
            Quickstep: 0.163942724466
            Rumba-American: 0.0369496941566
            Rumba-International: 0.0930870473385
            Rumba-Misc: 0.0640598163009
            Samba: 0.184173211455
            Tango: 0.0200606659055
            VienneseWaltz: 0.0636925697327
            Waltz: 0.0255406759679
        probability: 0.225580736995
        value: "Jive"
    culture:
        all:
            non_western: 0.00702235056087
            western: 0.992977678776
        probability: 0.992977678776
        value: "western"
    gender:
        all:
            female: 0.229276806116
            male: 0.770723164082
        probability: 0.770723164082
        value: "male"
    genre_dortmund:
        all:
            alternative: 0.0817570462823
            blues: 0.0137211140245
            electronic: 0.32588750124
            folkcountry: 0.0968349203467
            funksoulrnb: 0.0224333889782
            jazz: 0.110856451094
            pop: 0.0459179952741
            raphiphop: 0.0209450647235
            rock: 0.281646519899
        probability: 0.32588750124
        value: "electronic"
    genre_electronica:
        all:
            ambient: 0.340865880251
            dnb: 0.170945420861
            house: 0.0128843486309
            techno: 0.0163169205189
            trance: 0.458987444639
        probability: 0.458987444639
        value: "trance"
    genre_rosamerica:
        all:
            cla: 0.0123081151396
            dan: 0.117776878178
            hip: 0.00829714071006
            jaz: 0.0467371866107
            pop: 0.178073346615
            rhy: 0.0489411205053
            roc: 0.584444582462
            spe: 0.00342163047753
        probability: 0.584444582462
        value: "roc"
    genre_tzanetakis:
        all:
            blu: 0.00885036587715
            cla: 0.00722285965458
            cou: 0.0785485729575
            dis: 0.125319093466
            hip: 0.00728497421369
            jaz: 0.113905511796
            met: 0.0048743551597
            pop: 0.444373965263
            reg: 0.045207709074
            roc: 0.164412602782
        probability: 0.444373965263
        value: "pop"
    live_studio:
        all:
            live: 0.976654589176
            studio: 0.0233454275876
        probability: 0.976654589176
        value: "live"
    mood:
        all:
            Cluster1: 0.346774429083
            Cluster2: 0.150662496686
            Cluster3: 0.084727846086
            Cluster4: 0.158707097173
            Cluster5: 0.259128123522
        probability: 0.346774429083
        value: "Cluster1"
    mood_acoustic:
        all:
            acoustic: 0.346992313862
            not_acoustic: 0.653007686138
        probability: 0.653007686138
        value: "not_acoustic"
    mood_aggressive:
        all:
            aggressive: 0.0565645694733
            not_aggressive: 0.943435430527
        probability: 0.943435430527
        value: "not_aggressive"
    mood_electronic:
        all:
            electronic: 0.550934314728
            not_electronic: 0.44906565547
        probability: 0.550934314728
        value: "electronic"
    mood_happy:
        all:
            happy: 0.763694226742
            not_happy: 0.236305773258
        probability: 0.763694226742
        value: "happy"
    mood_party:
        all:
            not_party: 0.780234634876
            party: 0.219765350223
        probability: 0.780234634876
        value: "not_party"
    mood_relaxed:
        all:
            not_relaxed: 0.364637732506
            relaxed: 0.635362267494
        probability: 0.635362267494
        value: "relaxed"
    mood_sad:
        all:
            not_sad: 0.287788182497
            sad: 0.712211847305
        probability: 0.712211847305
        value: "sad"
    rhythm:
        all:
            fast: 0.946685373783
            medium: 0.0233093891293
            slow: 0.0300052203238
        probability: 0.946685373783
        value: "fast"
    speech_music:
        all:
            music: 0.974707424641
            speech: 0.0252925604582
        probability: 0.974707424641
        value: "music"
    timbre:
        all:
            bright: 0.746054828167
            dark: 0.253945201635
        probability: 0.746054828167
        value: "bright"
    voice_instrumental:
        all:
            instrumental: 0.0797576531768
            voice: 0.920242369175
        probability: 0.920242369175
        value: "voice"

lowlevel:
    average_loudness: 0.97602468729
    barkbands_kurtosis:
        dmean: 1.41700553894
        dmean2: 2.30848479271
        dvar: 3.44593954086
        dvar2: 8.42338848114
        max: 20.8923244476
        mean: 1.20431959629
        min: -1.60680747032
        var: 6.25350570679
    barkbands_skewness:
        dmean: 0.47492197156
        dmean2: 0.764167189598
        dvar: 0.195324867964
        dvar2: 0.462231487036
        max: 3.94267296791
        mean: 0.878142595291
        min: -1.58740079403
        var: 0.587407827377
    barkbands_spread:
        dmean: 5.05681037903
        dmean2: 8.03321933746
        dvar: 22.2071018219
        dvar2: 51.6092185974
        max: 42.2593345642
        mean: 20.6565189362
        min: 5.43305540085
        var: 66.2614212036
    dissonance:
        dmean: 0.030952880159
        dmean2: 0.0495515353978
        dvar: 0.000723117613234
        dvar2: 0.00174926000182
        max: 0.499233067036
        mean: 0.440308243036
        min: 0.271245926619
        var: 0.00156595092267
    hfc:
        dmean: 1.88821327686
        dmean2: 2.93889856339
        dvar: 7.33243608475
        dvar2: 17.7954082489
        max: 25.757194519
        mean: 4.67845439911
        min: 0.0328486673534
        var: 10.8176898956
    pitch:
        dmean: 209.196273804
        dmean2: 400.755432129
        dvar: 188007.578125
        dvar2: 494154.9375
        max: 3675
        mean: 358.145690918
        min: 95.0431060791
        var: 135272.5
    pitch_instantaneous_confidence:
        dmean: 0.100096926093
        dmean2: 0.154541000724
        dvar: 0.00673225242645
        dvar2: 0.0145301250741
        max: 0.929948031902
        mean: 0.445079147816
        min: 0.141411006451
        var: 0.0250912886113
    pitch_salience:
        dmean: 0.0697835981846
        dmean2: 0.107247792184
        dvar: 0.00344041315839
        dvar2: 0.00782494433224
        max: 0.804669260979
        mean: 0.583830416203
        min: 0.250108063221
        var: 0.0115162106231
    silence_rate_20dB:
        dmean: 0
        dmean2: 0
        dvar: 0
        dvar2: 0
        max: 1
        mean: 1
        min: 1
        var: 0
    silence_rate_30dB:
        dmean: 0
        dmean2: 0
        dvar: 0
        dvar2: 0
        max: 1
        mean: 1
        min: 1
        var: 0
    silence_rate_60dB:
        dmean: 0.153132244945
        dmean2: 0.304651170969
        dvar: 0.129682436585
        dvar2: 0.263001322746
        max: 1
        mean: 0.231481477618
        min: 0
        var: 0.177897557616
    spectral_centroid:
        dmean: 214.887969971
        dmean2: 336.955078125
        dvar: 39539.4609375
        dvar2: 87160.2421875
        max: 2346.4362793
        mean: 1029.19873047
        min: 205.155670166
        var: 175541.0625
    spectral_complexity:
        dmean: 3.2976744175
        dmean2: 5.09557104111
        dvar: 22.4834537506
        dvar2: 49.1866455078
        max: 44
        mean: 9.7610206604
        min: 0
        var: 33.3465957642
    spectral_crest:
        dmean: 2.72740197182
        dmean2: 4.49556779861
        dvar: 5.65392398834
        dvar2: 14.7697563171
        max: 22.1255664825
        mean: 8.98842906952
        min: 2.68178629875
        var: 14.5671186447
    spectral_decrease:
        dmean: 4.4193815274e-10
        dmean2: 7.28376914338e-10
        dvar: 3.19023942572e-19
        dvar2: 8.62897237427e-19
        max: -2.33217386375e-11
        mean: -1.12110842831e-09
        min: -3.92029164686e-09
        var: 4.2035266288e-19
    spectral_energy:
        dmean: 0.00182168791071
        dmean2: 0.00298913987353
        dvar: 5.27684733242e-06
        dvar2: 1.40952315633e-05
        max: 0.0157882478088
        mean: 0.00465567130595
        min: 9.10011513042e-05
        var: 7.03210071151e-06
    spectral_energyband_high:
        dmean: 8.45451941132e-05
        dmean2: 0.000133620196721
        dvar: 1.62447655327e-08
        dvar2: 3.8881243114e-08
        max: 0.0011132460786
        mean: 0.000184299147804
        min: 5.83157259371e-07
        var: 3.8022761828e-08
    spectral_energyband_low:
        dmean: 0.000211776277865
        dmean2: 0.000326939538354
        dvar: 8.87320013021e-08
        dvar2: 1.83505008522e-07
        max: 0.00243166321889
        mean: 0.000349435023963
        min: 7.62751278671e-06
        var: 1.56378590077e-07
    spectral_energyband_middle_high:
        dmean: 0.000799340312369
        dmean2: 0.00124203495216
        dvar: 1.3824941334e-06
        dvar2: 3.36546759172e-06
        max: 0.0113432835788
        mean: 0.00147938355803
        min: 4.45638670499e-06
        var: 2.04998309528e-06
    spectral_energyband_middle_low:
        dmean: 0.00131365051493
        dmean2: 0.00220566126518
        dvar: 3.3592489217e-06
        dvar2: 9.53229937295e-06
        max: 0.0129762068391
        mean: 0.00264253979549
        min: 7.80883274274e-05
        var: 3.95102006223e-06
    spectral_flatness_db:
        dmean: 0.020998345688
        dmean2: 0.0328331068158
        dvar: 0.000396372139221
        dvar2: 0.000866539892741
        max: 0.269273400307
        mean: 0.148053005338
        min: 0.0855289399624
        var: 0.00124383834191
    spectral_flux:
        dmean: 0.011594729498
        dmean2: 0.0177946221083
        dvar: 0.000156833644724
        dvar2: 0.000298367493087
        max: 0.106253109872
        mean: 0.0405467003584
        min: 0.00953945238143
        var: 0.000292746612104
    spectral_kurtosis:
        dmean: 1.58377349377
        dmean2: 2.4169716835
        dvar: 5.57416629791
        dvar2: 13.9279470444
        max: 28.9184932709
        mean: 4.09931755066
        min: 0.645225048065
        var: 9.51646327972
    spectral_rms:
        dmean: 0.000391044304706
        dmean2: 0.000623885716777
        dvar: 1.83911211593e-07
        dvar2: 4.82595964968e-07
        max: 0.00392468692735
        mean: 0.00205909856595
        min: 0.000297962425975
        var: 3.02232308513e-07
    spectral_rolloff:
        dmean: 566.323059082
        dmean2: 921.911254883
        dvar: 377176.25
        dvar2: 880468.375
        max: 4586.57226562
        mean: 1808.08972168
        min: 279.931640625
        var: 1163900.875
    spectral_skewness:
        dmean: 0.246189922094
        dmean2: 0.376300513744
        dvar: 0.0681989043951
        dvar2: 0.156638026237
        max: 3.84760665894
        mean: 1.65915989876
        min: 0.907731294632
        var: 0.207905739546
    spectral_spread:
        dmean: 646193.6875
        dmean2: 851752.5
        dvar: 415186452480
        dvar2: 708880171008
        max: 13246288
        mean: 5057640.5
        min: 1490197.875
        var: 1.57381256806e+12
    spectral_strongpeak:
        dmean: 0.370232969522
        dmean2: 0.584816157818
        dvar: 0.252383887768
        dvar2: 0.572494983673
        max: 7.03594684601
        mean: 0.90084695816
        min: 0.010512445122
        var: 0.688727259636
    zerocrossingrate:
        dmean: 0.00905704963952
        dmean2: 0.0104838199914
        dvar: 5.69846088183e-05
        dvar2: 7.60054463171e-05
        max: 0.12548828125
        mean: 0.0641608387232
        min: 0.02099609375
        var: 0.000472850952065
    barkbands:
        dmean: [1.19401283882e-06, 7.70593906054e-05, 0.000167752630659, 0.000329631002387, 0.000426562590292, 0.000161284275237, 0.0002009653399, 0.000164868775755, 0.000420906144427, 0.000345467822626, 6.5084102971e-05, 8.82294480107e-05, 0.000190023609321, 6.19440397713e-05, 0.000168438637047, 5.21161236975e-05, 4.51102823718e-05, 8.17578402348e-05, 6.51291484246e-05, 5.53221143491e-05, 4.08723390137e-05, 2.93461926049e-05, 3.43711690221e-06, 1.26985412408e-06, 3.98010257641e-07, 2.02999093091e-08, 1.08599873538e-09]
        dmean2: [1.52111283569e-06, 0.000116457922559, 0.000276893668342, 0.000613405718468, 0.000752624182496, 0.000265964423306, 0.000324987020576, 0.0002592591336, 0.000683456310071, 0.000520628702361, 0.000108623011329, 0.000145167199662, 0.000341991748428, 0.000101608544355, 0.000261580891674, 8.60982981976e-05, 7.52930718591e-05, 0.000135588590638, 0.000102877005702, 8.90036171768e-05, 6.53616225463e-05, 4.63989163109e-05, 5.18128672411e-06, 1.81727341442e-06, 5.54439566258e-07, 3.17836139629e-08, 1.22401622171e-09]
        dvar: [2.57182404713e-12, 1.28164350244e-08, 5.7887362459e-08, 5.27463669187e-07, 6.02041893671e-07, 5.13479889719e-08, 1.00890147792e-07, 7.88620369008e-08, 7.92971604824e-07, 4.20363988951e-07, 1.4415973304e-08, 2.25117595676e-08, 1.51260891812e-07, 9.8840660101e-09, 2.86937620331e-07, 8.10322831057e-09, 5.42449862806e-09, 1.96204545944e-08, 2.36657822228e-08, 7.54711049211e-09, 5.53922285818e-09, 1.26070609507e-09, 1.99637667508e-11, 2.96717576724e-12, 2.15578463826e-13, 1.04253693945e-15, 3.42933094218e-16]
        dvar2: [4.18305147465e-12, 2.94693798253e-08, 1.39679045219e-07, 1.55708494276e-06, 1.69774477854e-06, 1.43226230875e-07, 2.48800233749e-07, 1.73425618755e-07, 1.96103951566e-06, 9.04030912352e-07, 3.50499007595e-08, 4.96218959256e-08, 4.08263446161e-07, 2.45270559418e-08, 6.49188564239e-07, 2.15164277506e-08, 1.36541986606e-08, 5.17203382344e-08, 5.87787276629e-08, 2.06108143885e-08, 1.47202934286e-08, 2.82872725244e-09, 4.89105769774e-11, 6.1355226455e-12, 3.35697696854e-13, 1.85025072317e-15, 3.42775069633e-16]
        max: [1.61524767464e-05, 0.000929606962018, 0.00171092175879, 0.00446547614411, 0.0053053102456, 0.00198684842326, 0.00445074494928, 0.00258399592713, 0.0115207396448, 0.00964206829667, 0.00151992519386, 0.00172156712506, 0.0020568636246, 0.000711141852662, 0.00977393705398, 0.000712675740942, 0.000565365364309, 0.00129243033007, 0.00164449831937, 0.000609973852988, 0.000708518957254, 0.000378373195417, 4.20254327764e-05, 1.56089990924e-05, 6.01720785198e-06, 3.44053944445e-07, 3.85367997069e-07]
        mean: [1.82929909442e-06, 0.000117996998597, 0.000229627039516, 0.000318412232446, 0.000510220474098, 0.000320295366691, 0.000377026561182, 0.000278092396911, 0.000565595633816, 0.000640587823, 9.4384267868e-05, 0.000133929439471, 0.000141454074765, 7.22641270841e-05, 0.000288317183731, 6.90578817739e-05, 6.63901155349e-05, 0.000107636733446, 0.000101119359897, 8.43829184305e-05, 7.04031263012e-05, 5.4911699408e-05, 7.63047864893e-06, 2.98578470392e-06, 1.07934806692e-06, 4.41835013021e-08, 1.166481578e-09]
        min: [4.18460155416e-09, 4.72472066804e-07, 1.26770100906e-06, 4.77337653138e-06, 1.08079984784e-05, 3.27475891027e-06, 1.61383491104e-06, 6.27056181202e-07, 1.79707356551e-07, 1.56597138812e-07, 8.24245631748e-08, 2.41225933451e-07, 1.18694323703e-07, 5.06367655362e-07, 4.74925514027e-07, 7.15239139026e-07, 6.33688159724e-07, 3.39344410349e-07, 6.71354939641e-07, 2.84798375105e-07, 2.58819881083e-07, 9.43524369745e-08, 4.32140678797e-09, 1.68650859944e-09, 8.29317448048e-10, 6.32522159649e-11, 1.42827785189e-12]
        var: [5.86551640591e-12, 1.94519174102e-08, 8.03120556725e-08, 3.53337611614e-07, 4.3457623633e-07, 7.43052979146e-08, 2.69241326123e-07, 2.07256803719e-07, 1.10589144242e-06, 1.46909314935e-06, 2.34566890356e-08, 3.47408857237e-08, 1.01855981427e-07, 1.03231263537e-08, 5.55493897991e-07, 8.66390426069e-09, 6.59875576403e-09, 2.06683186121e-08, 2.67333959414e-08, 1.06493809326e-08, 8.00137112122e-09, 4.44307524106e-09, 6.56254980913e-11, 1.02933581797e-11, 1.55092822265e-12, 2.78278868183e-15, 3.43350549112e-16]
    mfcc:
        mean: [-712.51159668, 126.570907593, -27.8117542267, 36.9247055054, -23.5336265564, 2.87397503853, -7.84983491898, -0.59052670002, 0.646347224712, -2.79339981079, -2.15191292763, -7.18022060394, -7.37275505066]
        cov: [[1380.29174805, -638.221435547, -217.434082031, -152.29498291, -79.0814437866, -25.6353645325, -4.02853536606, -61.0102424622, -36.4998130798, 8.48830032349, -31.7648124695, -9.24395942688, -48.0605506897], [-638.221435547, 920.136352539, -72.6244430542, 41.0008392334, 95.0590057373, 42.695602417, 56.0351295471, 95.344619751, 37.5817871094, -65.5642471313, -17.1605243683, 0.0529081486166, 5.68264913559], [-217.434082031, -72.6244430542, 318.095458984, 58.8395652771, -47.2879600525, -39.3124504089, -34.1422042847, 16.5796203613, 27.7545566559, 43.6676368713, 41.2322349548, 10.4288425446, 7.56901502609], [-152.29498291, 41.0008392334, 58.8395652771, 160.800094604, 28.4084453583, -43.4656028748, -1.7786103487, 4.26014184952, -12.8927707672, -1.85085117817, 11.1521139145, 0.0649191886187, 4.89980363846], [-79.0814437866, 95.0590057373, -47.2879600525, 28.4084453583, 142.575942993, 102.913398743, 11.1658573151, -16.2951755524, 3.68373203278, 6.90013980865, -8.88765525818, -28.4392871857, -2.92566871643], [-25.6353645325, 42.695602417, -39.3124504089, -43.4656028748, 102.913398743, 150.209106445, 32.6203994751, -24.4588127136, 2.42868995667, 2.88928580284, -7.60417127609, -18.3411121368, -7.71624326706], [-4.02853536606, 56.0351295471, -34.1422042847, -1.7786103487, 11.1658573151, 32.6203994751, 62.4465751648, 36.2009887695, -8.2840719223, -11.8864374161, -9.3667011261, -3.73866868019, -8.77878284454], [-61.0102424622, 95.344619751, 16.5796203613, 4.26014184952, -16.2951755524, -24.4588127136, 36.2009887695, 88.9663085938, 38.143032074, 4.16371059418, -13.7980461121, -17.3310203552, -9.05912208557], [-36.4998130798, 37.5817871094, 27.7545566559, -12.8927707672, 3.68373203278, 2.42868995667, -8.2840719223, 38.143032074, 89.5281829834, 38.6801376343, -10.2005567551, -28.6175537109, -11.2131509781], [8.48830032349, -65.5642471313, 43.6676368713, -1.85085117817, 6.90013980865, 2.88928580284, -11.8864374161, 4.16371059418, 38.6801376343, 89.4032211304, 35.5863380432, -17.604385376, -20.0526771545], [-31.7648124695, -17.1605243683, 41.2322349548, 11.1521139145, -8.88765525818, -7.60417127609, -9.3667011261, -13.7980461121, -10.2005567551, 35.5863380432, 65.9359130859, 36.7556610107, 1.88339388371], [-9.24395942688, 0.0529081486166, 10.4288425446, 0.0649191886187, -28.4392871857, -18.3411121368, -3.73866868019, -17.3310203552, -28.6175537109, -17.604385376, 36.7556610107, 83.8334884644, 38.0889129639], [-48.0605506897, 5.68264913559, 7.56901502609, 4.89980363846, -2.92566871643, -7.71624326706, -8.77878284454, -9.05912208557, -11.2131509781, -20.0526771545, 1.88339388371, 38.0889129639, 58.5292472839]]
        icov: [[0.00164096115623, 0.001244630781, 0.000999183976091, 0.00129270355683, -0.000910281436518, 0.00148051371798, -0.00103849370498, 0.000447820464615, -0.000457699614344, 0.000362466060324, 0.000472070183605, -0.000935216899961, 0.00168232643045], [0.001244630781, 0.00261795311235, 0.00102636578958, 0.000934008799959, -0.00236573000439, 0.00141270062886, -0.000794891093392, -0.00159504369367, -0.00161441299133, 0.00292081292719, -0.00154216389637, -0.000805516785476, 0.00152403209358], [0.000999183976091, 0.00102636578958, 0.00647932616994, -0.00425422750413, 0.00648580444977, -0.0069495071657, 0.00814114045352, -0.0060997880064, 0.000929752190132, -0.00118749402463, -0.00192371755838, 0.000156744208653, -0.000344796048012], [0.00129270355683, 0.000934008799959, -0.00425422750413, 0.0169036258012, -0.0172810833901, 0.0206937678158, -0.0159477014095, 0.0100067025051, -0.00329510634765, 0.00410768715665, -0.00279584503733, 0.00104870030191, 0.00131062068976], [-0.000910281436518, -0.00236573000439, 0.00648580444977, -0.0172810833901, 0.0364892370999, -0.0347114168108, 0.0238944236189, -0.0133421355858, 0.00781959854066, -0.00753492116928, 0.00204823073, 0.00486978283152, -0.00546167977154], [0.00148051371798, 0.00141270062886, -0.0069495071657, 0.0206937678158, -0.0347114168108, 0.047944933176, -0.0401387065649, 0.0282465610653, -0.0133303571492, 0.0072892094031, -0.00383833004162, 0.00136461306829, 0.0023611781653], [-0.00103849370498, -0.000794891093392, 0.00814114045352, -0.0159477014095, 0.0238944236189, -0.0401387065649, 0.0644693076611, -0.0421428531408, 0.021235153079, -0.00683376565576, 0.00634443946183, -0.00657505681738, 0.00435789069161], [0.000447820464615, -0.00159504369367, -0.0060997880064, 0.0100067025051, -0.0133421355858, 0.0282465610653, -0.0421428531408, 0.0452893525362, -0.0196337420493, 0.00413610925898, -0.00139210303314, 0.00545598333701, -0.00163063872606], [-0.000457699614344, -0.00161441299133, 0.000929752190132, -0.00329510634765, 0.00781959854066, -0.0133303571492, 0.021235153079, -0.0196337420493, 0.0286951288581, -0.0157235041261, 0.0119286356494, -0.00222482276149, -0.000109419648652], [0.000362466060324, 0.00292081292719, -0.00118749402463, 0.00410768715665, -0.00753492116928, 0.0072892094031, -0.00683376565576, 0.00413610925898, -0.0157235041261, 0.0334870070219, -0.0269629880786, 0.0127908550203, 0.00102765695192], [0.000472070183605, -0.00154216389637, -0.00192371755838, -0.00279584503733, 0.00204823073, -0.00383833004162, 0.00634443946183, -0.00139210303314, 0.0119286356494, -0.0269629880786, 0.0486465543509, -0.0277118701488, 0.0108688110486], [-0.000935216899961, -0.000805516785476, 0.000156744208653, 0.00104870030191, 0.00486978283152, 0.00136461306829, -0.00657505681738, 0.00545598333701, -0.00222482276149, 0.0127908550203, -0.0277118701488, 0.0379071123898, -0.0203371252865], [0.00168232643045, 0.00152403209358, -0.000344796048012, 0.00131062068976, -0.00546167977154, 0.0023611781653, 0.00435789069161, -0.00163063872606, -0.000109419648652, 0.00102765695192, 0.0108688110486, -0.0203371252865, 0.0319094359875]]
    spectral_contrast:
        mean: [3.56772176247e-07, 1.44806620028e-07, 1.3800860188e-07, 7.4335098077e-08, 4.29920959277e-07, -4.85497821501e-07, -2.77555727735e-07, 3.33461031232e-07, -2.93736121648e-07, -1.59521948717e-06, 3.84802615372e-06, 1.39400185617e-06]
        var: [0.000144966194057, 0.000350354413968, 0.00207350449637, 0.00303839915432, 0.00362612167373, 0.00581787433475, 0.0576850064099, 0.0698451921344, 0.11759660393, 0.194022595882, 0.346047729254, 0.860327422619]

rhythm:
    beats_loudness:
        dmean: 0.00337958754972
        dmean2: 0.00642711529508
        dvar: 6.63094760966e-06
        dvar2: 1.80769166036e-05
        max: 0.0134007912129
        mean: 0.00544564565644
        min: 0.00171154586133
        var: 7.91579714132e-06
    beats_loudness_bass:
        dmean: 0.192089900374
        dmean2: 0.361861675978
        dvar: 0.0184808000922
        dvar2: 0.0437587760389
        max: 0.47817581892
        mean: 0.144017636776
        min: 0.00920215807855
        var: 0.0212980117649
    bpm: 111.21849823
    bpm_confidence: 0
    first_peak_bpm: 112
    first_peak_spread: 0.0555555224419
    first_peak_weight: 0.944444477558
    onset_rate: 5.4973077774
    second_peak_bpm: 0
    second_peak_spread: 0
    second_peak_weight: 0
    beats_position: [0.057019174099, 0.59347140789, 1.12992358208, 1.66637587547, 2.20282816887, 2.73928046227, 3.27573275566, 3.81218504906, 4.34863710403, 4.88508939743, 5.42154169083, 5.97568082809, 6.5178194046, 7.05995798111, 7.60209655762, 8.14423561096, 8.68637466431, 9.22851276398, 9.77065181732]
    bpm_estimates: [110.906951904, 112.033615112, 111.112663269, 112.980506897, 111.884178162, 112.183181763, 110.905540466, 111.430931091, 110.889404297, 111.04309082, 109.101264954, 110.6640625, 110.705093384]
    bpm_intervals: [0.536452233791, 0.536452174187, 0.536452293396, 0.536452293396, 0.536452293396, 0.536452293396, 0.536452293396, 0.536452054977, 0.536452293396, 0.536452293396, 0.554139137268, 0.542138576508, 0.542138576508, 0.542138576508, 0.542139053345, 0.542139053345, 0.54213809967, 0.542139053345]
    onset_times: [0.0348299331963, 0.31346938014, 0.348299324512, 0.476009070873, 0.592108845711, 0.893968224525, 1.04489791393, 1.13777780533, 1.31192743778, 1.4164172411, 1.5673469305, 1.67183673382, 1.95047616959, 2.0549659729, 2.21750569344, 2.51936507225, 2.77478456497, 2.94893431664, 3.08825397491, 3.32045340538, 3.48299312592, 3.58748292923, 3.75002264977, 3.85451245308, 4.13315200806, 4.40018129349, 4.7020406723, 4.82975053787, 4.95746040344, 5.25931978226, 5.49151945114, 5.65405893326, 5.7701587677, 5.93269824982, 6.03718805313, 6.3042178154, 6.58285713196, 6.68734693527, 6.84988641739, 6.91954660416, 7.0356464386, 7.10530614853, 7.47682523727, 7.6858048439, 7.87156438828, 7.9644446373, 8.11537456512, 8.2198638916, 8.498503685, 8.76553249359, 9.05578231812, 9.19510173798, 9.32281208038, 9.4853515625, 9.85687065125]
    rubato_start: []
    rubato_stop: []
    perceptual_tempo: "unknown"

sfx:
    inharmonicity:
        dmean: 0.0434407666326
        dmean2: 0.0778620690107
        dvar: 0.0033639180474
        dvar2: 0.00941526796669
        max: 0.439221829176
        mean: 0.0405134297907
        min: 2.82941546175e-05
        var: 0.00294307176955
    oddtoevenharmonicenergyratio:
        dmean: 3.57778429985
        dmean2: 6.7741932869
        dvar: 73.1672592163
        dvar2: 207.769561768
        max: 78.1763305664
        mean: 2.28484916687
        min: 0.000838996900711
        var: 44.5412979126
    pitch_after_max_to_before_max_energy_ratio: 1.45705723763
    pitch_centroid: 213.82371521
    pitch_max_to_total: 0.454756379128
    pitch_min_to_total: 0.647331774235
    tristimulus:
        dmean: [0.233248621225, 0.253484845161, 0.0820200741291]
        dmean2: [0.409450441599, 0.448236346245, 0.146278783679]
        dvar: [0.0352160893381, 0.0431183204055, 0.00684855692089]
        dvar2: [0.0963697731495, 0.12170727551, 0.0194015018642]
        max: [0.940217614174, 0.960333049297, 0.644308507442]
        mean: [0.421087682247, 0.466191470623, 0.0892772525549]
        min: [0.0227167494595, 0, 0]
        var: [0.057222507894, 0.062688626349, 0.00871405471116]

tonal:
    chords_changes_rate: 0.0230414755642
    chords_number_rate: 0.0138248847798
    chords_strength:
        dmean: 0.00780250364915
        dmean2: 0.00742178503424
        dvar: 4.1014423914e-05
        dvar2: 4.52751592093e-05
        max: 0.727165818214
        mean: 0.585462450981
        min: 0.438504785299
        var: 0.00354537717067
    key_strength: 0.716731250286
    tuning_diatonic_strength: 0.633536994457
    tuning_equal_tempered_deviation: 0.164308473468
    tuning_frequency: 440.508575439
    tuning_nontempered_energy_ratio: 0.826226651669
    hpcp:
        dmean: [0.127653479576, 0.132226377726, 0.0993245020509, 0.0779205486178, 0.0698363259435, 0.100805096328, 0.117146149278, 0.117821276188, 0.0966209247708, 0.072273619473, 0.075766287744, 0.0799222439528, 0.0992794111371, 0.129145950079, 0.16412204504, 0.177708908916, 0.123356729746, 0.0917237102985, 0.0886130854487, 0.0559387654066, 0.0457440055907, 0.0860819518566, 0.144697055221, 0.16329908371, 0.131842032075, 0.130677223206, 0.122625283897, 0.131321549416, 0.185879260302, 0.253632038832, 0.229269146919, 0.208595082164, 0.139068439603, 0.0941181704402, 0.119633428752, 0.131320476532]
        dmean2: [0.204681307077, 0.216357454658, 0.172013908625, 0.139353975654, 0.12521122396, 0.170688271523, 0.194832488894, 0.207469418645, 0.166876971722, 0.125016957521, 0.130379199982, 0.138046696782, 0.17760938406, 0.218659177423, 0.264123916626, 0.294582337141, 0.210412368178, 0.164170280099, 0.165200054646, 0.100665286183, 0.0805055275559, 0.153788551688, 0.255764394999, 0.274471223354, 0.218209281564, 0.229090750217, 0.217199862003, 0.233149006963, 0.320744514465, 0.431151747704, 0.375417679548, 0.354912787676, 0.250079751015, 0.163464620709, 0.204196497798, 0.212022334337]
        dvar: [0.0272843018174, 0.0349550656974, 0.0288223866373, 0.0253894794732, 0.0105930678546, 0.0182005446404, 0.0231707170606, 0.0326659008861, 0.0255032144487, 0.00951275229454, 0.0161519255489, 0.0170132424682, 0.0291147325188, 0.027026578784, 0.0387770868838, 0.0381940305233, 0.0180950425565, 0.0242384672165, 0.0410260260105, 0.0105864405632, 0.00794685445726, 0.0171278882772, 0.032974164933, 0.043237991631, 0.0337377600372, 0.0443685688078, 0.0360691472888, 0.0374490171671, 0.047357801348, 0.0501587055624, 0.0465394519269, 0.0415835827589, 0.0358944237232, 0.0129476860166, 0.0188186168671, 0.033629257232]
        dvar2: [0.057168148458, 0.0842693224549, 0.0686751008034, 0.0755992233753, 0.0310902576894, 0.0494754426181, 0.0545903258026, 0.0782157480717, 0.0759550407529, 0.0254169348627, 0.0422599539161, 0.043991047889, 0.0803968012333, 0.0698209702969, 0.0827761664987, 0.0921981558204, 0.0477561913431, 0.0600323304534, 0.114259287715, 0.0280830543488, 0.0226549562067, 0.0475737191737, 0.0709199234843, 0.10097977519, 0.0776304751635, 0.111243359745, 0.0904566794634, 0.106026425958, 0.137186065316, 0.120856232941, 0.110211998224, 0.107993423939, 0.10123873502, 0.0353865921497, 0.0484332628548, 0.076946824789]
        max: [1, 1, 1, 1, 0.809250295162, 1, 1, 1, 1, 0.546179413795, 1, 1, 1, 1, 1, 1, 1, 1, 1, 0.6781873703, 0.768172681332, 1, 1, 1, 1, 1, 1, 1, 1, 1, 1, 1, 1, 0.69239038229, 0.890902996063, 1]
        mean: [0.209014758468, 0.155211746693, 0.112201340497, 0.0757861211896, 0.0789421871305, 0.13145698607, 0.182620316744, 0.156503230333, 0.101579122245, 0.0867742076516, 0.0881838127971, 0.084255643189, 0.0926187410951, 0.15558372438, 0.306871414185, 0.313703089952, 0.15464413166, 0.0893767029047, 0.0761298760772, 0.0523408800364, 0.0470288135111, 0.0856829956174, 0.175458654761, 0.22807572782, 0.183701500297, 0.130014628172, 0.113692447543, 0.123692631721, 0.232935711741, 0.510404229164, 0.553845286369, 0.287681013346, 0.127407535911, 0.0972777605057, 0.135133758187, 0.208187907934]
        min: [0.00261487928219, 0.00316693680361, 0.00193558644969, 0.00117399147712, 0.001248569577, 0.000769566569943, 0.0021882369183, 0.00276038958691, 0.00104214157909, 0.00112533988431, 0.00155438832007, 0.000656200048979, 0.00131338043138, 0.00255272467621, 0.00326674478129, 0.00193209014833, 0.00453499844298, 0.000952501257416, 0.000356662843842, 2.93165176117e-05, 0, 0, 0, 0.000552215846255, 0.00163653050549, 0.00203561387025, 0.00127818330657, 0.000358315912308, 0.00260170223191, 0.00608846964315, 0.0106256399304, 0.00621944060549, 0.00335244368762, 0.000498262234032, 0.0024027787149, 0.00233845296316]
        var: [0.0710970312357, 0.0444808341563, 0.0385219715536, 0.0192790739238, 0.0108745787293, 0.0225543603301, 0.0566777400672, 0.0484716892242, 0.0228439606726, 0.0101932622492, 0.0156066678464, 0.0163753721863, 0.0226781964302, 0.0372824370861, 0.0829345062375, 0.0690787211061, 0.0229622963816, 0.0227362066507, 0.0304191894829, 0.0087827462703, 0.00588845508173, 0.014647660777, 0.0539725348353, 0.0851998254657, 0.0640507563949, 0.0427070371807, 0.0346870571375, 0.0295608229935, 0.0546757690609, 0.109595969319, 0.116242185235, 0.0622823983431, 0.0299689192325, 0.0130222840235, 0.0260235201567, 0.0755637362599]
    chords_histogram: [82.0276489258, 0, 0, 12.9032258987, 0, 0, 0, 0, 0, 0, 0, 0, 0, 0, 0, 0, 0, 5.0691242218, 0, 0, 0, 0, 0, 0]
    thpcp: [1, 0.519424855709, 0.230041742325, 0.175640672445, 0.24399189651, 0.375895410776, 0.377388358116, 0.280243873596, 0.202586069703, 0.136836260557, 0.142534732819, 0.237353265285, 0.3297316432, 0.282575726509, 0.18340703845, 0.156675904989, 0.159221023321, 0.152128487825, 0.167228549719, 0.280915498734, 0.55407422781, 0.566409230232, 0.279219001532, 0.161374852061, 0.137456938624, 0.0945045128465, 0.0849132686853, 0.154705643654, 0.316800832748, 0.411804050207, 0.331683784723, 0.234749004245, 0.205278351903, 0.223334267735, 0.420579016209, 0.921564638615]
    chords_key: "G"
    chords_scale: "major"
    key_key: "G"
    key_scale: "major"
    chords_progression: ["F#m", "F#m", "F#m", "F#m", "F#m", "F#m", "F#m", "F#m", "F#m", "F#m", "F#m", "F#m", "F#m", "F#m", "F#m", "F#m", "F#m", "F#m", "F#m", "F#m", "F#m", "F#m", "F#m", "F#m", "F#m", "F#m", "F#m", "G", "G", "G", "G", "G", "G", "G", "G", "G", "G", "G", "G", "G", "G", "G", "G", "G", "G", "G", "G", "G", "G", "G", "G", "G", "G", "G", "G", "G", "G", "G", "G", "G", "G", "G", "G", "G", "G", "G", "G", "G", "G", "G", "G", "G", "G", "G", "G", "G", "G", "G", "G", "G", "G", "G", "G", "G", "G", "G", "G", "G", "G", "G", "G", "G", "G", "G", "G", "G", "G", "G", "G", "G", "G", "G", "G", "G", "G", "G", "G", "G", "G", "G", "G", "G", "G", "G", "G", "G", "G", "G", "G", "G", "G", "Gm", "G", "G", "G", "G", "G", "G", "G", "G", "G", "G", "G", "G", "G", "G", "G", "G", "G", "G", "G", "G", "G", "G", "G", "G", "G", "G", "G", "G", "G", "G", "G", "G", "G", "G", "G", "G", "G", "G", "G", "G", "G", "G", "G", "G", "G", "G", "G", "G", "G", "G", "G", "G", "G", "G", "G", "G", "G", "G", "G", "G", "G", "G", "G", "G", "G", "G", "G", "G", "G", "G", "G", "G", "G", "G", "G", "G", "G", "G", "G", "G", "G", "G", "G", "G", "Gm", "Gm", "Gm", "Gm", "Gm", "Gm", "Gm", "Gm", "Gm", "Gm", "F#m"]
