
metadata:
    version:
        essentia: "1.2.2"
    audio_properties:
        analysis_sample_rate: 44100
        bitrate: 128
        channels: 2
        equal_loudness: 1
        length: 9.71755123138
        replay_gain: 9.29031181335
        downmix: "mix"
    tags:
        track: 27
        year: 0
        album: "Splitted by Mp3Splt v. 2.1"
        artist: "From 004.20 To 004.30"
        comment: "http://mp3splt.sf.net"
        genre: ""
        title: "13 In The Snow.mp3"

highlevel:
    ballroom:
        all:
            ChaChaCha: 0.0487003810704
            Jive: 0.115920685232
            Quickstep: 0.189249232411
            Rumba-American: 0.00763489864767
            Rumba-International: 0.209253668785
            Rumba-Misc: 0.029508151114
            Samba: 0.170700490475
            Tango: 0.0656044781208
            VienneseWaltz: 0.0541659146547
            Waltz: 0.109262093902
        probability: 0.209253668785
        value: "Rumba-International"
    culture:
        all:
            non_western: 0.700543940067
            western: 0.299456059933
        probability: 0.700543940067
        value: "non_western"
    gender:
        all:
            female: 0.719694375992
            male: 0.280305594206
        probability: 0.719694375992
        value: "female"
    genre_dortmund:
        all:
            alternative: 0.0807566940784
            blues: 0.00464240740985
            electronic: 0.785470724106
            folkcountry: 0.012481498532
            funksoulrnb: 0.00220108428039
            jazz: 0.0692564249039
            pop: 0.00833015982062
            raphiphop: 0.00157601281535
            rock: 0.0352850109339
        probability: 0.785470724106
        value: "electronic"
    genre_electronica:
        all:
            ambient: 0.655615091324
            dnb: 0.0883579626679
            house: 0.0772676691413
            techno: 0.163920238614
            trance: 0.0148390047252
        probability: 0.655615091324
        value: "ambient"
    genre_rosamerica:
        all:
            cla: 0.185054302216
            dan: 0.213027715683
            hip: 0.0906551703811
            jaz: 0.0983706191182
            pop: 0.0323344506323
            rhy: 0.060720462352
            roc: 0.299963027239
            spe: 0.0198742598295
        probability: 0.299963027239
        value: "roc"
    genre_tzanetakis:
        all:
            blu: 0.0888304710388
            cla: 0.234453693032
            cou: 0.0205415319651
            dis: 0.0423312559724
            hip: 0.0916214361787
            jaz: 0.0816043317318
            met: 0.0348784998059
            pop: 0.0572320483625
            reg: 0.293318808079
            roc: 0.0551879443228
        probability: 0.293318808079
        value: "reg"
    live_studio:
        all:
            live: 0.588574230671
            studio: 0.411425739527
        probability: 0.588574230671
        value: "live"
    mood:
        all:
            Cluster1: 0.208282545209
            Cluster2: 0.0470578894019
            Cluster3: 0.622307538986
            Cluster4: 0.0206623189151
            Cluster5: 0.101689703763
        probability: 0.622307538986
        value: "Cluster3"
    mood_acoustic:
        all:
            acoustic: 0.127785131335
            not_acoustic: 0.872214853764
        probability: 0.872214853764
        value: "not_acoustic"
    mood_aggressive:
        all:
            aggressive: 0.179469272494
            not_aggressive: 0.820530712605
        probability: 0.820530712605
        value: "not_aggressive"
    mood_electronic:
        all:
            electronic: 0.871473968029
            not_electronic: 0.128526002169
        probability: 0.871473968029
        value: "electronic"
    mood_happy:
        all:
            happy: 0.0404814705253
            not_happy: 0.959518551826
        probability: 0.959518551826
        value: "not_happy"
    mood_party:
        all:
            not_party: 0.770898997784
            party: 0.229101002216
        probability: 0.770898997784
        value: "not_party"
    mood_relaxed:
        all:
            not_relaxed: 0.17375151813
            relaxed: 0.826248466969
        probability: 0.826248466969
        value: "relaxed"
    mood_sad:
        all:
            not_sad: 0.444029718637
            sad: 0.55597025156
        probability: 0.55597025156
        value: "sad"
    rhythm:
        all:
            fast: 0.0307447165251
            medium: 0.940157771111
            slow: 0.0290975030512
        probability: 0.940157771111
        value: "medium"
    speech_music:
        all:
            music: 0.990455985069
            speech: 0.00954403541982
        probability: 0.990455985069
        value: "music"
    timbre:
        all:
            bright: 0.00159419281408
            dark: 0.998405814171
        probability: 0.998405814171
        value: "dark"
    voice_instrumental:
        all:
            instrumental: 0.999986767769
            voice: 1.32189179567e-05
        probability: 0.999986767769
        value: "instrumental"

lowlevel:
    average_loudness: 0.103188462555
    barkbands_kurtosis:
        dmean: 2.86235380173
        dmean2: 4.82538986206
        dvar: 51.3601989746
        dvar2: 150.776199341
        max: 72.7916183472
        mean: 9.10321903229
        min: -1.80056989193
        var: 115.63028717
    barkbands_skewness:
        dmean: 0.460880100727
        dmean2: 0.755210340023
        dvar: 0.540724158287
        dvar2: 1.61269772053
        max: 4.50407218933
        mean: 1.3754914999
        min: -6.34409236908
        var: 4.78469753265
    barkbands_spread:
        dmean: 4.51077604294
        dmean2: 7.0593547821
        dvar: 34.7108230591
        dvar2: 90.1490631104
        max: 56.3242111206
        mean: 20.4975624084
        min: 0.980631291866
        var: 258.889434814
    dissonance:
        dmean: 0.0141276950017
        dmean2: 0.0245084855705
        dvar: 0.000356961070793
        dvar2: 0.00102532806341
        max: 0.499652355909
        mean: 0.474278569221
        min: 0.349383890629
        var: 0.000487895915285
    hfc:
        dmean: 0.405602931976
        dmean2: 0.627174913883
        dvar: 2.41348338127
        dvar2: 5.75597286224
        max: 18.6304759979
        mean: 0.798520445824
        min: 6.99830798112e-06
        var: 3.12197685242
    pitch:
        dmean: 710.527160645
        dmean2: 1353.20007324
        dvar: 1321547
        dvar2: 3460129.75
        max: 3675
        mean: 1645.73303223
        min: 58.7999992371
        var: 2355821
    pitch_instantaneous_confidence:
        dmean: 0.0764416381717
        dmean2: 0.129542067647
        dvar: 0.00761266238987
        dvar2: 0.0231679789722
        max: 0.897891581059
        mean: 0.39414870739
        min: 0.072262942791
        var: 0.0105877639726
    pitch_salience:
        dmean: 0.04704079777
        dmean2: 0.07489464432
        dvar: 0.00307343713939
        dvar2: 0.00866078864783
        max: 0.877318143845
        mean: 0.635566711426
        min: 0.431591838598
        var: 0.00858432520181
    silence_rate_20dB:
        dmean: 0
        dmean2: 0
        dvar: 0
        dvar2: 0
        max: 1
        mean: 1
        min: 1
        var: 0
    silence_rate_30dB:
        dmean: 0
        dmean2: 0
        dvar: 0
        dvar2: 0
        max: 1
        mean: 1
        min: 1
        var: 0
    silence_rate_60dB:
        dmean: 0.0320855602622
        dmean2: 0.064343161881
        dvar: 0.0310557112098
        dvar2: 0.0602037534118
        max: 1
        mean: 0.815999984741
        min: 0
        var: 0.150143489242
    spectral_centroid:
        dmean: 149.362197876
        dmean2: 250.924987793
        dvar: 56113.578125
        dvar2: 159851.40625
        max: 3007.67749023
        mean: 1040.49108887
        min: 175.91545105
        var: 794570.4375
    spectral_complexity:
        dmean: 0.678899109364
        dmean2: 1.03374230862
        dvar: 2.8907725811
        dvar2: 3.13076043129
        max: 29
        mean: 2.68902444839
        min: 0
        var: 10.9154987335
    spectral_crest:
        dmean: 1.66089427471
        dmean2: 2.50816249847
        dvar: 4.27281236649
        dvar2: 12.5526590347
        max: 21.2438411713
        mean: 9.9987077713
        min: 2.40033054352
        var: 13.8725852966
    spectral_decrease:
        dmean: 8.49940881564e-11
        dmean2: 1.14282486252e-10
        dvar: 3.13003689762e-20
        dvar2: 5.43609592261e-20
        max: -3.82896246312e-15
        mean: -4.99352059702e-10
        min: -3.41877171017e-09
        var: 4.75450232904e-19
    spectral_energy:
        dmean: 0.00035622616997
        dmean2: 0.000486340082716
        dvar: 5.96549057263e-07
        dvar2: 1.10661267172e-06
        max: 0.0131551288068
        mean: 0.0019570949953
        min: 1.5086190075e-08
        var: 7.12530709279e-06
    spectral_energyband_high:
        dmean: 2.59967373495e-06
        dmean2: 4.14456189901e-06
        dvar: 3.70132639815e-11
        dvar2: 6.37843666773e-11
        max: 0.000109162290755
        mean: 7.0220357884e-06
        min: 3.25910992638e-10
        var: 7.65586205542e-11
    spectral_energyband_low:
        dmean: 0.000104397295217
        dmean2: 0.000109925385914
        dvar: 4.59638442862e-08
        dvar2: 4.8968825439e-08
        max: 0.00461038202047
        mean: 0.000728885643184
        min: 6.25681506605e-09
        var: 9.69301709119e-07
    spectral_energyband_middle_high:
        dmean: 0.000154166686116
        dmean2: 0.000240361245233
        dvar: 4.08056564538e-07
        dvar2: 9.86647364698e-07
        max: 0.00758758373559
        mean: 0.00019111513393
        min: 1.09274544968e-09
        var: 4.97864618865e-07
    spectral_energyband_middle_low:
        dmean: 0.000180638860911
        dmean2: 0.000241333284066
        dvar: 1.5283055177e-07
        dvar2: 2.68016293603e-07
        max: 0.00907909870148
        mean: 0.00103007396683
        min: 6.11180883681e-09
        var: 3.02088346871e-06
    spectral_flatness_db:
        dmean: 0.0184511505067
        dmean2: 0.0279279928654
        dvar: 0.000979084870778
        dvar2: 0.00255998084322
        max: 0.401357889175
        mean: 0.227448061109
        min: 0.085223659873
        var: 0.00501211313531
    spectral_flux:
        dmean: 0.00353871053085
        dmean2: 0.00548524735495
        dvar: 4.52362546639e-05
        dvar2: 7.9442790593e-05
        max: 0.0674176514149
        mean: 0.0115497838706
        min: 0.000122825847939
        var: 0.000100897355878
    spectral_kurtosis:
        dmean: 2.33291697502
        dmean2: 4.00147247314
        dvar: 8.60477924347
        dvar2: 20.3464565277
        max: 28.3749332428
        mean: 8.05424880981
        min: 1.91408014297
        var: 19.270816803
    spectral_rms:
        dmean: 0.000128979969304
        dmean2: 0.000166328434716
        dvar: 5.17336680161e-08
        dvar2: 8.97173677572e-08
        max: 0.00358249526471
        mean: 0.00108196318615
        min: 3.83643509849e-06
        var: 7.38718085813e-07
    spectral_rolloff:
        dmean: 152.642028809
        dmean2: 255.36000061
        dvar: 70165.0234375
        dvar2: 175264.0625
        max: 4091.30859375
        mean: 1715.89428711
        min: 193.798828125
        var: 2319233.25
    spectral_skewness:
        dmean: 0.221578329802
        dmean2: 0.366494357586
        dvar: 0.0471153259277
        dvar2: 0.105303771794
        max: 4.10477018356
        mean: 1.90589845181
        min: 0.7098762393
        var: 0.397497415543
    spectral_spread:
        dmean: 402773.125
        dmean2: 578408.875
        dvar: 2.35549333914e+12
        dvar2: 2.77396402995e+12
        max: 29447332
        mean: 3279410.75
        min: 895201.125
        var: 2.6119658537e+12
    spectral_strongpeak:
        dmean: 0.106166303158
        dmean2: 0.183773010969
        dvar: 0.0599442943931
        dvar2: 0.131732910872
        max: 3.33656191826
        mean: 0.170232102275
        min: 0
        var: 0.0860768035054
    zerocrossingrate:
        dmean: 0.00534122949466
        dmean2: 0.00711302971467
        dvar: 2.84489433398e-05
        dvar2: 5.44706126675e-05
        max: 0.1396484375
        mean: 0.0623139180243
        min: 0.0087890625
        var: 0.00166115514003
    barkbands:
        dmean: [1.5066829917e-07, 3.26511726598e-05, 9.33577903197e-05, 4.22403973062e-05, 0.000150564868818, 1.28410256366e-05, 1.33500561788e-05, 8.85483041202e-06, 3.85967132388e-06, 5.09453911945e-06, 3.36864218298e-06, 3.65912865163e-06, 1.00371562439e-05, 7.59813110562e-06, 1.69789454958e-05, 3.91504836443e-05, 2.78518145933e-05, 3.98391894123e-05, 2.01358761842e-05, 5.44643307876e-06, 7.81109349646e-07, 3.92123311599e-08, 7.17102910386e-09, 3.79966280661e-09, 3.09077585747e-09, 3.08255643233e-10, 6.18804868457e-11]
        dmean2: [2.55525293369e-07, 5.20059911651e-05, 8.69747818797e-05, 7.20160605852e-05, 0.000179476308404, 1.8831637135e-05, 2.32821821555e-05, 1.45349904415e-05, 6.02878299105e-06, 8.43847101351e-06, 4.49787103207e-06, 4.83894154968e-06, 1.68399183167e-05, 8.32197201817e-06, 3.04281911667e-05, 6.89685766702e-05, 4.58441027149e-05, 7.01415992808e-05, 2.89588151645e-05, 8.26250925456e-06, 1.24436360238e-06, 6.563362831e-08, 1.23943131314e-08, 6.53050546973e-09, 5.14071230029e-09, 5.22869025854e-10, 1.03425053244e-10]
        dvar: [8.21436492503e-14, 1.26987655946e-08, 3.26383293725e-08, 6.27739904502e-09, 1.10033795409e-07, 9.60871604505e-10, 3.88536225415e-09, 3.61197793897e-10, 2.60789945195e-10, 1.12060616342e-09, 2.14381998265e-10, 2.16471562897e-10, 1.35363520393e-09, 1.69135416783e-09, 7.5764559071e-09, 3.49539561739e-08, 1.86592874485e-08, 2.88673458471e-08, 8.03984079312e-09, 1.32280020271e-10, 9.11118186106e-13, 1.61588062419e-15, 6.26054558287e-17, 1.4876143522e-17, 1.07818757682e-17, 1.30037160841e-19, 1.13662290204e-20]
        dvar2: [1.5052308087e-13, 2.02804084637e-08, 2.64128861005e-08, 1.74179177748e-08, 1.82749587907e-07, 1.55239654465e-09, 1.09513900171e-08, 1.02341424224e-09, 6.71961042364e-10, 3.07757241913e-09, 3.67752495123e-10, 2.97627311685e-10, 3.67806674006e-09, 1.98688776543e-09, 2.14138680121e-08, 9.08174655478e-08, 5.43807487929e-08, 8.17671477193e-08, 1.2587264564e-08, 1.90290477819e-10, 1.82956492838e-12, 4.81939978241e-15, 1.85556794603e-16, 3.68759367007e-17, 2.79842215718e-17, 3.44193006509e-19, 3.14002057987e-20]
        max: [5.17236412634e-06, 0.00253365770914, 0.00251549808308, 0.00121918320656, 0.00737629877403, 0.000743691809475, 0.000800714362413, 0.000150506355567, 0.000185003547813, 0.000503535964526, 0.000265579961706, 0.000303845154122, 0.000395617797039, 0.000852002354804, 0.000796478474513, 0.00163383502513, 0.0017892770702, 0.00144623289816, 0.00165614613798, 0.000221418551519, 1.6228075765e-05, 4.56062593912e-07, 8.19598184876e-08, 4.89125824288e-08, 4.54177104814e-08, 4.23871560074e-09, 9.91243864767e-10]
        mean: [1.14033400678e-06, 0.00054036907386, 0.000187377285329, 0.000130741551402, 0.000812285637949, 4.53035972896e-05, 2.45310220635e-05, 1.17014096759e-05, 4.40225767306e-06, 4.55244298792e-06, 4.02372825192e-06, 5.32261901753e-06, 1.0362089597e-05, 1.03975016827e-05, 1.41604023156e-05, 3.4333406802e-05, 3.0616803997e-05, 4.08962841902e-05, 3.03634478769e-05, 1.20123422676e-05, 2.00577983378e-06, 1.34948308528e-07, 2.87430630408e-08, 1.85938073827e-08, 1.56542707686e-08, 1.16169496245e-09, 7.65051078044e-11]
        min: [3.37812777751e-10, 9.0370105843e-10, 6.72762734411e-10, 1.23030052812e-09, 1.9616330782e-09, 1.25447463528e-09, 8.35135072208e-10, 4.7368742262e-10, 3.26113802629e-10, 1.95483629284e-10, 1.55023147097e-10, 1.58223670277e-10, 1.1506214731e-10, 7.43907782597e-11, 6.44076458833e-11, 4.35337911553e-11, 4.6062542669e-11, 7.77236053295e-11, 1.15427480074e-10, 1.41174572033e-10, 7.15946954499e-11, 5.30128406451e-11, 3.39286307383e-11, 2.87022888096e-11, 3.04136646423e-11, 2.30416449809e-11, 6.10066196779e-14]
        var: [2.02921165114e-12, 4.61662608586e-07, 1.5504768669e-07, 4.49078214615e-08, 1.95384745894e-06, 1.20561560735e-08, 3.99314936672e-09, 6.24361284896e-10, 2.61379529132e-10, 8.64555760316e-10, 3.48778200765e-10, 6.0684740566e-10, 1.39677824862e-09, 3.91528898191e-09, 5.02176966677e-09, 2.92412121183e-08, 1.52217705107e-08, 2.40406645702e-08, 1.51207188992e-08, 3.64828167676e-10, 2.45598420073e-12, 4.94674313922e-15, 2.84580703314e-16, 1.36010475856e-16, 1.03521111031e-16, 8.39754481647e-19, 1.12993978352e-20]
    mfcc:
        mean: [-899.003723145, 148.082122803, -47.4418106079, 90.1879196167, 20.8344802856, -2.85362958908, 16.421037674, -7.29357147217, -3.14736008644, -2.64893913269, -4.43408298492, -0.475747823715, -1.94124174118]
        cov: [[5381.01123047, 2027.578125, 553.385192871, 805.539550781, 327.962188721, -76.5844650269, -43.8593177795, -180.561187744, 23.1933803558, 122.795837402, 37.9026756287, 28.1368865967, -25.2461509705], [2027.578125, 1020.4118042, 607.955383301, 368.880065918, 159.664916992, -13.7648515701, -72.0078277588, -118.551429749, -25.0866928101, 58.1810798645, 38.3104286194, 6.60683870316, -21.4160614014], [553.385192871, 607.955383301, 1524.75549316, 714.286010742, 374.036712646, 242.624450684, 17.066614151, -65.9487228394, -12.202580452, 95.0544662476, 47.4900894165, -46.7353248596, -75.9460296631], [805.539550781, 368.880065918, 714.286010742, 578.211425781, 306.198883057, 146.103347778, 69.6402282715, -0.122146189213, 20.8578834534, 47.8799324036, -9.13926506042, -46.1528053284, -56.8482971191], [327.962188721, 159.664916992, 374.036712646, 306.198883057, 225.961074829, 106.729606628, 35.1519012451, 11.9948720932, 0.702423870564, 4.46549987793, -12.9023180008, -31.125497818, -30.6166267395], [-76.5844650269, -13.7648515701, 242.624450684, 146.103347778, 106.729606628, 134.066635132, 69.5358886719, 21.8834209442, 15.0938901901, 8.32684707642, -12.7926921844, -19.6687698364, -23.5537490845], [-43.8593177795, -72.0078277588, 17.066614151, 69.6402282715, 35.1519012451, 69.5358886719, 91.8277511597, 43.624420166, 24.6178646088, 6.30922222137, -17.4318065643, -17.8295993805, -17.9347324371], [-180.561187744, -118.551429749, -65.9487228394, -0.122146189213, 11.9948720932, 21.8834209442, 43.624420166, 66.6323471069, 30.8960456848, -6.34883356094, -15.3761510849, -10.258649826, -4.59257602692], [23.1933803558, -25.0866928101, -12.202580452, 20.8578834534, 0.702423870564, 15.0938901901, 24.6178646088, 30.8960456848, 57.219291687, 27.4108810425, -4.99296617508, -2.05731153488, -0.579436838627], [122.795837402, 58.1810798645, 95.0544662476, 47.8799324036, 4.46549987793, 8.32684707642, 6.30922222137, -6.34883356094, 27.4108810425, 52.4925117493, 18.8489570618, 1.0453286171, -0.432714700699], [37.9026756287, 38.3104286194, 47.4900894165, -9.13926506042, -12.9023180008, -12.7926921844, -17.4318065643, -15.3761510849, -4.99296617508, 18.8489570618, 43.6396141052, 23.1614494324, 10.7074356079], [28.1368865967, 6.60683870316, -46.7353248596, -46.1528053284, -31.125497818, -19.6687698364, -17.8295993805, -10.258649826, -2.05731153488, 1.0453286171, 23.1614494324, 52.3731651306, 27.0295352936], [-25.2461509705, -21.4160614014, -75.9460296631, -56.8482971191, -30.6166267395, -23.5537490845, -17.9347324371, -4.59257602692, -0.579436838627, -0.432714700699, 10.7074356079, 27.0295352936, 36.1391525269]]
        icov: [[0.00259474455379, -0.00565072800964, 0.00339324353263, -0.00430166069418, 0.000859371153638, -0.00128022790886, -0.000483059469843, 0.000824231072329, -0.000863055931404, -0.000863862573169, -0.00116793159395, -0.00057650153758, -0.000660082499962], [-0.00565072800964, 0.0143803730607, -0.00797942839563, 0.00878083426505, -0.00298004830256, 0.00559742795303, 0.000183335112524, 0.00171891553327, 0.000581697153393, 0.00196325220168, 0.00283217709512, 0.000231240614085, 0.00207188050263], [0.00339324353263, -0.00797942839563, 0.00817853584886, -0.0105527937412, 0.00514630414546, -0.0100964261219, 0.00725803617388, -0.00190425524488, 0.00277017964981, -0.00401693908498, -0.00461577810347, 0.000650239759125, 0.000246023148065], [-0.00430166069418, 0.00878083426505, -0.0105527937412, 0.0241811349988, -0.0200186688453, 0.0159732755274, -0.0157932117581, 0.00608669547364, -0.00501200789586, -0.000703492551111, 0.00721255550161, -0.00245232298039, 0.00405503856018], [0.000859371153638, -0.00298004830256, 0.00514630414546, -0.0200186688453, 0.0321698114276, -0.022967774421, 0.0209417436272, -0.014093385078, 0.00901379436255, 0.00369488168508, -0.0045580053702, 0.00606124661863, -0.00394872808829], [-0.00128022790886, 0.00559742795303, -0.0100964261219, 0.0159732755274, -0.022967774421, 0.0427547097206, -0.0342468619347, 0.0162159577012, -0.0124372653663, 0.00591117702425, 0.0068612517789, -0.00562182255089, 0.00184749159962], [-0.000483059469843, 0.000183335112524, 0.00725803617388, -0.0157932117581, 0.0209417436272, -0.0342468619347, 0.0501500330865, -0.0259658806026, 0.013883586973, -0.0103976652026, -0.00050862156786, 0.00245187920518, 0.00560477375984], [0.000824231072329, 0.00171891553327, -0.00190425524488, 0.00608669547364, -0.014093385078, 0.0162159577012, -0.0259658806026, 0.0477287061512, -0.0302667766809, 0.0188896935433, -0.00436931615695, 0.00258778966963, -0.00192440580577], [-0.000863055931404, 0.000581697153393, 0.00277017964981, -0.00501200789586, 0.00901379436255, -0.0124372653663, 0.013883586973, -0.0302667766809, 0.0520276017487, -0.0353811047971, 0.014346879907, -0.00621190620586, 0.00105912762228], [-0.000863862573169, 0.00196325220168, -0.00401693908498, -0.000703492551111, 0.00369488168508, 0.00591117702425, -0.0103976652026, 0.0188896935433, -0.0353811047971, 0.0561260655522, -0.0246721170843, 0.0124128693715, -0.00663414318115], [-0.00116793159395, 0.00283217709512, -0.00461577810347, 0.00721255550161, -0.0045580053702, 0.0068612517789, -0.00050862156786, -0.00436931615695, 0.014346879907, -0.0246721170843, 0.049682430923, -0.0213864799589, 0.00352086685598], [-0.00057650153758, 0.000231240614085, 0.000650239759125, -0.00245232298039, 0.00606124661863, -0.00562182255089, 0.00245187920518, 0.00258778966963, -0.00621190620586, 0.0124128693715, -0.0213864799589, 0.0426102355123, -0.0252241585404], [-0.000660082499962, 0.00207188050263, 0.000246023148065, 0.00405503856018, -0.00394872808829, 0.00184749159962, 0.00560477375984, -0.00192440580577, 0.00105912762228, -0.00663414318115, 0.00352086685598, -0.0252241585404, 0.0534892193973]]
    spectral_contrast:
        mean: [-2.77965710893e-07, 1.76196010671e-07, -1.13150015579e-07, 4.54019755125e-07, 3.46520145911e-08, -3.45270811941e-09, -2.39899600274e-06, 3.08926502157e-07, 3.51049561687e-06, 9.4059038247e-07, 1.35600566864e-06, -4.44854180159e-07]
        var: [0.000115673974506, 0.000449137500254, 0.000536306179129, 0.00148233550135, 0.00197357917204, 0.00332127511501, 0.0313513353467, 0.0427849926054, 0.0735575780272, 0.242059782147, 1.0121152401, 4.01475954056]

rhythm:
    beats_loudness:
        dmean: 0.000945703650359
        dmean2: 0.00110113120172
        dvar: 1.4366734149e-06
        dvar2: 1.62944047588e-06
        max: 0.0104570882395
        mean: 0.00190323544666
        min: 5.96587051405e-06
        var: 7.52782125346e-06
    beats_loudness_bass:
        dmean: 0.102970935404
        dmean2: 0.177114978433
        dvar: 0.00833533704281
        dvar2: 0.0180437434465
        max: 0.538506686687
        mean: 0.278383225203
        min: 0.0151531156152
        var: 0.0378599911928
    bpm: 149.097198486
    bpm_confidence: 0
    first_peak_bpm: 125
    first_peak_spread: 0
    first_peak_weight: 0.6875
    onset_rate: 2.88138461113
    second_peak_bpm: 149
    second_peak_spread: 0
    second_peak_weight: 0.25
    beats_position: [0.214352980256, 0.695780336857, 1.17720770836, 1.65863502026, 2.14006233215, 2.62148952484, 3.10291695595, 3.58434438705, 4.06577157974, 4.54719877243, 5.02862596512, 5.51005315781, 5.93850326538, 6.34093332291, 6.74336290359, 7.14579200745, 7.54822206497]
    bpm_estimates: [149.330062866, 148.336120605, 150.115539551, 149.254989624, 148.449295044]
    bpm_intervals: [0.481427371502, 0.481427371502, 0.481427311897, 0.481427311897, 0.481427192688, 0.481427431107, 0.481427431107, 0.481427192688, 0.481427192688, 0.481427192688, 0.481427192688, 0.428450107574, 0.402430057526, 0.402429580688, 0.402429103851, 0.402430057526]
    onset_times: [0.0580498874187, 0.197369620204, 0.232199549675, 0.487619042397, 0.777868509293, 1.32353746891, 1.57895696163, 1.78793644905, 2.72834467888, 2.97215414047, 3.21596360207, 3.69197273254, 3.92417240143, 4.14476203918, 4.38857126236, 4.59755086899, 4.7833108902, 5.08517026901, 5.34058952332, 5.5727891922, 5.630838871, 5.78176879883, 6.04879808426, 6.80344676971, 6.90793657303, 7.2330160141, 7.31428575516, 7.53487539291]
    rubato_start: [5.93850326538]
    rubato_stop: [6.34093332291]
    perceptual_tempo: "unknown"

sfx:
    inharmonicity:
        dmean: 0.0383455455303
        dmean2: 0.0680830106139
        dvar: 0.00260024890304
        dvar2: 0.00751756876707
        max: 0.455117613077
        mean: 0.0456506609917
        min: 0.000107492072857
        var: 0.00280462368391
    oddtoevenharmonicenergyratio:
        dmean: 25.4897270203
        dmean2: 50.9334793091
        dvar: 46417.0351562
        dvar2: 139004.21875
        max: 2062.05761719
        mean: 13.0839233398
        min: 0.00019008856907
        var: 23324.9023438
    pitch_after_max_to_before_max_energy_ratio: 99.4154129028
    pitch_centroid: 211.398529053
    pitch_max_to_total: 0.295731693506
    pitch_min_to_total: 0
    tristimulus:
        dmean: [0.174405887723, 0.28422293067, 0.106016270816]
        dmean2: [0.312610864639, 0.505626797676, 0.197230175138]
        dvar: [0.0347233116627, 0.0689693689346, 0.0185598749667]
        dvar2: [0.0974672809243, 0.199330195785, 0.0504261218011]
        max: [0.9625852108, 0.983720839024, 0.554090082645]
        mean: [0.376741141081, 0.441737860441, 0.0951816886663]
        min: [0.0125713674352, 0, 0]
        var: [0.0643149986863, 0.079452984035, 0.0177747681737]

tonal:
    chords_changes_rate: 0.0301204826683
    chords_number_rate: 0.0180722884834
    chords_strength:
        dmean: 0.00575377885252
        dmean2: 0.00731849530712
        dvar: 3.31718219968e-05
        dvar2: 5.26755138708e-05
        max: 0.64173656702
        mean: 0.545209467411
        min: 0.364910662174
        var: 0.00377935171127
    key_strength: 0.742578268051
    tuning_diatonic_strength: 0.582914829254
    tuning_equal_tempered_deviation: 0.136437758803
    tuning_frequency: 438.984558105
    tuning_nontempered_energy_ratio: 0.723510026932
    hpcp:
        dmean: [0.0557099469006, 0.0659234672785, 0.0733985006809, 0.0760359987617, 0.0682696923614, 0.0580522753298, 0.0727804303169, 0.101702727377, 0.138206541538, 0.0765662118793, 0.133475452662, 0.0961166918278, 0.070006236434, 0.0646725520492, 0.0647998079658, 0.0624190866947, 0.0661502927542, 0.0722540840507, 0.0697203353047, 0.0555308908224, 0.0673062577844, 0.111039042473, 0.106395296752, 0.0807073637843, 0.0663269087672, 0.0527798570693, 0.0651649087667, 0.0942653864622, 0.0894949883223, 0.133684501052, 0.167319446802, 0.115671664476, 0.0634612515569, 0.0665718019009, 0.0610366761684, 0.0534094721079]
        dmean2: [0.0926573872566, 0.11531060189, 0.1284109056, 0.131608873606, 0.109233103693, 0.102189354599, 0.124001175165, 0.168968334794, 0.20578943193, 0.119503453374, 0.19416923821, 0.155278384686, 0.10901208967, 0.114801742136, 0.104436852038, 0.0917416810989, 0.0985632836819, 0.121737807989, 0.11433494091, 0.0974285081029, 0.115818664432, 0.185488164425, 0.189001530409, 0.145904660225, 0.11320938915, 0.0893087759614, 0.101114951074, 0.163492068648, 0.16052916646, 0.216609701514, 0.269467294216, 0.185709729791, 0.100445784628, 0.107026435435, 0.0951915979385, 0.0887275859714]
        dvar: [0.0123109351844, 0.0170255135745, 0.0194352772087, 0.0245421212167, 0.0197438467294, 0.0131696555763, 0.0213296469301, 0.0186158493161, 0.0110686058179, 0.0184828471392, 0.0153703400865, 0.0164679195732, 0.0155073385686, 0.017207019031, 0.0152232209221, 0.0135521776974, 0.016920318827, 0.0240437760949, 0.017510375008, 0.0127557292581, 0.0188829284161, 0.031902000308, 0.040136501193, 0.0217698384076, 0.0181676838547, 0.0113926110789, 0.0166675094515, 0.0315772183239, 0.0251664593816, 0.0204307287931, 0.0290228240192, 0.012051358819, 0.0146801946685, 0.0150658925995, 0.015352319926, 0.0125840147957]
        dvar2: [0.0285033620894, 0.0421061515808, 0.0440562963486, 0.0594403333962, 0.0556531362236, 0.0333110541105, 0.0557191967964, 0.053252954036, 0.0240937564522, 0.0394136570394, 0.0359541364014, 0.0400011688471, 0.0382340475917, 0.0465129651129, 0.0362211316824, 0.0294160172343, 0.0392410010099, 0.0597395151854, 0.0432533361018, 0.0360694564879, 0.0551816187799, 0.0917242318392, 0.10992833972, 0.0645721107721, 0.0515232160687, 0.0331624895334, 0.043714672327, 0.0825447887182, 0.065594561398, 0.0503559522331, 0.0674949809909, 0.0243001431227, 0.0360988751054, 0.0326125025749, 0.0353648625314, 0.0287120658904]
        max: [0.893682539463, 1, 0.927583456039, 1, 0.986471354961, 0.966421484947, 1, 1, 0.994915604591, 1, 1, 0.908878147602, 1, 0.887626290321, 1, 1, 0.951900839806, 1, 1, 0.764186859131, 1, 1, 1, 0.757285356522, 0.930531919003, 0.871329963207, 0.928690135479, 1, 1, 1, 1, 0.99391657114, 0.963074207306, 1, 0.923287451267, 0.909349143505]
        mean: [0.101507127285, 0.110050715506, 0.116927206516, 0.124552391469, 0.11375605315, 0.107347764075, 0.127851605415, 0.171983748674, 0.602549791336, 0.849034965038, 0.454185247421, 0.171835675836, 0.121242038906, 0.105281278491, 0.0985512137413, 0.105858139694, 0.103290192783, 0.11723164469, 0.113675862551, 0.0831832736731, 0.100999429822, 0.166714459658, 0.176548734307, 0.119026169181, 0.0926140099764, 0.0946637839079, 0.129845261574, 0.166668519378, 0.165503293276, 0.377800554037, 0.588593244553, 0.348733454943, 0.126719012856, 0.128728821874, 0.112858198583, 0.0985223278403]
        min: [0, 0, 0, 0, 0, 0, 0, 0, 0, 0, 0, 0, 0, 0, 0, 0, 0, 0, 0, 0, 0, 0, 0, 0, 0, 0, 0, 0, 0, 0, 0, 0, 0, 0, 0, 0]
        var: [0.0288241822273, 0.0344652719796, 0.0372766256332, 0.043605428189, 0.0358639657497, 0.028267679736, 0.0386204496026, 0.0310609452426, 0.0412014275789, 0.0778461396694, 0.0309509336948, 0.0314783453941, 0.0366390459239, 0.0278828926384, 0.027379848063, 0.0315520912409, 0.0289607904851, 0.0442576184869, 0.0448300987482, 0.0181733425707, 0.0257492214441, 0.0644851103425, 0.0757019147277, 0.0337421260774, 0.0242046676576, 0.021546529606, 0.0393082648516, 0.0719607695937, 0.0632894188166, 0.0375951044261, 0.0673952251673, 0.0288055259734, 0.0383790098131, 0.0461335070431, 0.0371508300304, 0.0286125913262]
    chords_histogram: [87.349395752, 1.20481932163, 0, 0, 0, 0, 0, 0, 0, 0, 0, 0, 0, 0, 0, 0, 0, 11.4457826614, 0, 0, 0, 0, 0, 0]
    thpcp: [1, 0.534942924976, 0.202389404178, 0.142799824476, 0.12400110811, 0.116074390709, 0.124680541456, 0.121655993164, 0.138076350093, 0.133888319135, 0.0979739055037, 0.118957914412, 0.19635759294, 0.207940474153, 0.140189945698, 0.109081499279, 0.111495740712, 0.1529327631, 0.196303486824, 0.194931074977, 0.444976449013, 0.693249702454, 0.410740971565, 0.149250641465, 0.15161781013, 0.132925271988, 0.116040363908, 0.11955588311, 0.12961858511, 0.13771776855, 0.146698772907, 0.133982762694, 0.126435026526, 0.150584623218, 0.202563792467, 0.709687829018]
    chords_key: "C"
    chords_scale: "major"
    key_key: "C"
    key_scale: "major"
    chords_progression: ["C", "C", "C", "C", "C", "C", "C", "C", "C", "C", "C", "C", "C", "C", "C", "C", "C", "C", "C", "C", "C", "C", "C", "C", "C", "C", "C", "C", "C", "C", "C", "C", "C", "C", "C", "C", "C", "C", "C", "C", "C", "C", "C", "C", "C", "C", "C", "C", "C", "C", "C", "C", "C", "C", "C", "C", "C", "C", "C", "C", "C", "C", "C", "C", "C", "C", "C", "C", "C", "C", "C", "C", "C", "C", "C", "C", "C", "C", "C", "C", "C", "C", "C", "C", "C", "C", "C", "C", "C", "C", "C", "C", "C", "C", "C", "C", "C", "C", "C", "C", "Cm", "Cm", "Cm", "Cm", "Cm", "Cm", "Cm", "Cm", "Cm", "Cm", "Cm", "Cm", "C", "C", "C", "C", "C", "C", "C", "C", "C", "C", "C", "C", "Cm", "Cm", "Cm", "Cm", "Cm", "Cm", "Cm", "C", "C", "C", "C", "C", "C", "C", "C", "C", "C", "C", "C", "C", "C", "C", "C", "C", "C", "C", "C", "C", "C", "C", "C", "C", "C", "C", "C", "C", "C", "C", "C", "C", "Em", "Em"]
