
metadata:
    version:
        essentia: "1.2.2"
    audio_properties:
        analysis_sample_rate: 44100
        bitrate: 128
        channels: 2
        equal_loudness: 1
        length: 10.0048980713
        replay_gain: -2.14550209045
        downmix: "mix"
    tags:
        track: 7
        year: 0
        album: "Splitted by Mp3Splt v. 2.1"
        artist: "From 001.00 To 001.10"
        comment: "http://mp3splt.sf.net"
        genre: ""
        title: "06 Lonely Woman.mp3"

highlevel:
    ballroom:
        all:
            ChaChaCha: 0.00928955897689
            Jive: 0.0151146827266
            Quickstep: 0.0247659068555
            Rumba-American: 0.0196307767183
            Rumba-International: 0.0806292891502
            Rumba-Misc: 0.108965553343
            Samba: 0.0260813031346
            Tango: 0.052962526679
            VienneseWaltz: 0.0672913119197
            Waltz: 0.595269083977
        probability: 0.595269083977
        value: "Waltz"
    culture:
        all:
            non_western: 1.40976021612e-06
            western: 0.999998569489
        probability: 0.999998569489
        value: "western"
    gender:
        all:
            female: 0.766227483749
            male: 0.233772516251
        probability: 0.766227483749
        value: "female"
    genre_dortmund:
        all:
            alternative: 0.00709424959496
            blues: 0.000271908269497
            electronic: 0.0766740143299
            folkcountry: 0.00252944999374
            funksoulrnb: 0.0034338356927
            jazz: 0.899847507477
            pop: 0.00382341491058
            raphiphop: 0.000548569543753
            rock: 0.00577706424519
        probability: 0.899847507477
        value: "jazz"
    genre_electronica:
        all:
            ambient: 0.995827674866
            dnb: 0.00011724801152
            house: 0.00163441419136
            techno: 0.000532864243723
            trance: 0.00188777537551
        probability: 0.995827674866
        value: "ambient"
    genre_rosamerica:
        all:
            cla: 0.166309580207
            dan: 0.00604985887185
            hip: 0.00607820460573
            jaz: 0.805043935776
            pop: 0.00211441423744
            rhy: 0.00390363717452
            roc: 0.00558993639424
            spe: 0.00491043925285
        probability: 0.805043935776
        value: "jaz"
    genre_tzanetakis:
        all:
            blu: 0.0173511356115
            cla: 0.783968746662
            cou: 0.0134557923302
            dis: 0.00628711190075
            hip: 0.00621821451932
            jaz: 0.129590779543
            met: 0.00561798829585
            pop: 0.0106073068455
            reg: 0.0188520420343
            roc: 0.00805085431784
        probability: 0.783968746662
        value: "cla"
    live_studio:
        all:
            live: 0.545936763287
            studio: 0.454063266516
        probability: 0.545936763287
        value: "live"
    mood:
        all:
            Cluster1: 0.0227222871035
            Cluster2: 0.06558804214
            Cluster3: 0.804027915001
            Cluster4: 0.0351686403155
            Cluster5: 0.0724931359291
        probability: 0.804027915001
        value: "Cluster3"
    mood_acoustic:
        all:
            acoustic: 0.678057849407
            not_acoustic: 0.321942180395
        probability: 0.678057849407
        value: "acoustic"
    mood_aggressive:
        all:
            aggressive: 1.6586767515e-07
            not_aggressive: 0.999999821186
        probability: 0.999999821186
        value: "not_aggressive"
    mood_electronic:
        all:
            electronic: 0.386231303215
            not_electronic: 0.613768696785
        probability: 0.613768696785
        value: "not_electronic"
    mood_happy:
        all:
            happy: 0.0278718881309
            not_happy: 0.972128093243
        probability: 0.972128093243
        value: "not_happy"
    mood_party:
        all:
            not_party: 0.986541807652
            party: 0.0134581914172
        probability: 0.986541807652
        value: "not_party"
    mood_relaxed:
        all:
            not_relaxed: 0.259623497725
            relaxed: 0.740376472473
        probability: 0.740376472473
        value: "relaxed"
    mood_sad:
        all:
            not_sad: 3.00000096379e-14
            sad: 1
        probability: 1
        value: "sad"
    rhythm:
        all:
            fast: 0.014636897482
            medium: 0.0151221062988
            slow: 0.970241010189
        probability: 0.970241010189
        value: "slow"
    speech_music:
        all:
            music: 3.00000096379e-14
            speech: 1
        probability: 1
        value: "speech"
    timbre:
        all:
            bright: 0.267705857754
            dark: 0.732294142246
        probability: 0.732294142246
        value: "dark"
    voice_instrumental:
        all:
            instrumental: 0.999995648861
            voice: 4.36175514551e-06
        probability: 0.999995648861
        value: "instrumental"

lowlevel:
    average_loudness: 0.896093428135
    barkbands_kurtosis:
        dmean: 4.75362253189
        dmean2: 7.85194778442
        dvar: 118.598899841
        dvar2: 374.836425781
        max: 128.674880981
        mean: 14.380396843
        min: -0.431084394455
        var: 271.941314697
    barkbands_skewness:
        dmean: 0.466362923384
        dmean2: 0.735572814941
        dvar: 0.481510460377
        dvar2: 1.41704511642
        max: 10.5606584549
        mean: 2.50157952309
        min: -0.290513336658
        var: 2.62840938568
    barkbands_spread:
        dmean: 1.04265296459
        dmean2: 1.65542519093
        dvar: 4.24213266373
        dvar2: 8.36694908142
        max: 29.2877845764
        mean: 4.03866624832
        min: 0.50241702795
        var: 10.6378135681
    dissonance:
        dmean: 0.0346935652196
        dmean2: 0.0594599284232
        dvar: 0.00120944983792
        dvar2: 0.00346060865559
        max: 0.476720482111
        mean: 0.340457588434
        min: 0.170776933432
        var: 0.00339776976034
    hfc:
        dmean: 0.279565781355
        dmean2: 0.37151491642
        dvar: 0.40815910697
        dvar2: 0.827387452126
        max: 11.8940153122
        mean: 0.939597666264
        min: 0.0159207284451
        var: 2.47213983536
    pitch:
        dmean: 44.6831970215
        dmean2: 85.8351974487
        dvar: 6812.96923828
        dvar2: 16766.6621094
        max: 700
        mean: 208.433197021
        min: 56.7567558289
        var: 15922.6464844
    pitch_instantaneous_confidence:
        dmean: 0.062283590436
        dmean2: 0.105481378734
        dvar: 0.0046710986644
        dvar2: 0.0122003369033
        max: 0.962064802647
        mean: 0.568753063679
        min: 0.175266742706
        var: 0.0289336312562
    pitch_salience:
        dmean: 0.0534662306309
        dmean2: 0.0890772342682
        dvar: 0.00282310019247
        dvar2: 0.00729293562472
        max: 0.774396538734
        mean: 0.564878046513
        min: 0.076580144465
        var: 0.0191137287766
    silence_rate_20dB:
        dmean: 0
        dmean2: 0
        dvar: 0
        dvar2: 0
        max: 1
        mean: 1
        min: 1
        var: 0
    silence_rate_30dB:
        dmean: 0
        dmean2: 0
        dvar: 0
        dvar2: 0
        max: 1
        mean: 1
        min: 1
        var: 0
    silence_rate_60dB:
        dmean: 0.0534883737564
        dmean2: 0.107226103544
        dvar: 0.0506273806095
        dvar2: 0.0957287251949
        max: 1
        mean: 0.751740157604
        min: 0
        var: 0.186627432704
    spectral_centroid:
        dmean: 32.0664215088
        dmean2: 50.0613746643
        dvar: 3240.26245117
        dvar2: 6824.5390625
        max: 1119.44287109
        mean: 421.66809082
        min: 131.901641846
        var: 13518.4375
    spectral_complexity:
        dmean: 0.586448609829
        dmean2: 0.978922724724
        dvar: 0.560282945633
        dvar2: 1.14475429058
        max: 8
        mean: 3.00699305534
        min: 0
        var: 4.62232637405
    spectral_crest:
        dmean: 1.88654339314
        dmean2: 3.18371319771
        dvar: 3.95891499519
        dvar2: 10.9316902161
        max: 26.2910461426
        mean: 13.4089794159
        min: 6.08544158936
        var: 23.8057918549
    spectral_decrease:
        dmean: 1.76274203567e-10
        dmean2: 2.37109415435e-10
        dvar: 1.35020264872e-19
        dvar2: 3.17941033903e-19
        max: -3.77721074904e-12
        mean: -5.6111704172e-10
        min: -5.53914603074e-09
        var: 6.80987089235e-19
    spectral_energy:
        dmean: 0.00069047260331
        dmean2: 0.000927828659769
        dvar: 2.07364291782e-06
        dvar2: 4.87026272822e-06
        max: 0.0219848379493
        mean: 0.00220300909132
        min: 1.57001213665e-05
        var: 1.0544657016e-05
    spectral_energyband_high:
        dmean: 4.24380857567e-07
        dmean2: 6.11190273503e-07
        dvar: 2.4409350409e-12
        dvar2: 3.73635107229e-12
        max: 2.45661958616e-05
        mean: 6.86399744154e-07
        min: 7.61717942055e-08
        var: 2.70411926358e-12
    spectral_energyband_low:
        dmean: 0.000102631871414
        dmean2: 9.3575748906e-05
        dvar: 2.2651137499e-07
        dvar2: 1.82019036288e-07
        max: 0.0108629968017
        mean: 0.000235866289586
        min: 4.97500778351e-08
        var: 1.17497972951e-06
    spectral_energyband_middle_high:
        dmean: 2.41569850914e-05
        dmean2: 2.85977184831e-05
        dvar: 7.26486959479e-09
        dvar2: 1.02273514102e-08
        max: 0.00143531174399
        mean: 6.87798165018e-05
        min: 2.20837500819e-06
        var: 2.88381958313e-08
    spectral_energyband_middle_low:
        dmean: 0.000601747073233
        dmean2: 0.000865815964062
        dvar: 1.72422983269e-06
        dvar2: 4.52052609035e-06
        max: 0.0206498280168
        mean: 0.00189765216783
        min: 1.0916813153e-05
        var: 8.36139315652e-06
    spectral_flatness_db:
        dmean: 0.0207022279501
        dmean2: 0.0327027849853
        dvar: 0.000555391656235
        dvar2: 0.00116158917081
        max: 0.49467164278
        mean: 0.314111560583
        min: 0.13737359643
        var: 0.00458817929029
    spectral_flux:
        dmean: 0.00474993046373
        dmean2: 0.00750029552728
        dvar: 9.39234741963e-05
        dvar2: 0.000207451215829
        max: 0.0769682079554
        mean: 0.0117218112573
        min: 0.00133901892696
        var: 0.000173087828443
    spectral_kurtosis:
        dmean: 10.831281662
        dmean2: 17.6829776764
        dvar: 130.009033203
        dvar2: 328.910522461
        max: 119.451293945
        mean: 30.708398819
        min: 1.52114534378
        var: 522.662597656
    spectral_rms:
        dmean: 0.000185811077245
        dmean2: 0.000258252606727
        dvar: 9.81775016839e-08
        dvar2: 2.16963869093e-07
        max: 0.00463126599789
        mean: 0.00115810602438
        min: 0.000123762642033
        var: 8.08066204172e-07
    spectral_rolloff:
        dmean: 53.3298950195
        dmean2: 97.1767349243
        dvar: 34629.3242188
        dvar2: 92647.421875
        max: 2777.78320312
        mean: 528.94317627
        min: 129.19921875
        var: 40344.8515625
    spectral_skewness:
        dmean: 0.715850353241
        dmean2: 1.14833009243
        dvar: 0.468878030777
        dvar2: 1.14659845829
        max: 8.80732727051
        mean: 4.1435418129
        min: 1.24866366386
        var: 2.39759039879
    spectral_spread:
        dmean: 407122.0625
        dmean2: 604167.125
        dvar: 1.02736992666e+12
        dvar2: 1.11971375514e+12
        max: 21738522
        mean: 2266202.25
        min: 725547.5
        var: 1.78991700378e+12
    spectral_strongpeak:
        dmean: 0.0948865041137
        dmean2: 0.145292669535
        dvar: 0.0265851542354
        dvar2: 0.057620216161
        max: 2.43750882149
        mean: 0.384572893381
        min: 0.0144028281793
        var: 0.18726041913
    zerocrossingrate:
        dmean: 0.00261937803589
        dmean2: 0.00338709377684
        dvar: 1.045873978e-05
        dvar2: 1.38960240292e-05
        max: 0.06640625
        mean: 0.0228706840426
        min: 0.0048828125
        var: 6.49931535008e-05
    barkbands:
        dmean: [5.21830330058e-08, 1.58485690918e-05, 8.83745669853e-05, 2.23506485781e-05, 8.57626655488e-05, 0.000297181017231, 0.000220610614633, 7.89953483036e-05, 3.81803292839e-05, 2.2184849513e-06, 5.69989560972e-06, 6.8032618401e-06, 5.53558766114e-06, 2.20646984417e-06, 6.17703108219e-06, 6.63642083509e-07, 4.61771890059e-07, 1.31272088311e-06, 4.11992601812e-07, 3.88707746879e-07, 1.4364196943e-07, 6.62635883941e-08, 2.47551028565e-08, 1.42871012798e-08, 8.42963920888e-09, 6.36843644486e-09, 6.75573463838e-09]
        dmean2: [5.57530768219e-08, 1.97399967874e-05, 7.86019154475e-05, 3.84565792046e-05, 0.000143486846355, 0.000517972570378, 0.000250271259574, 0.000116024675663, 4.02814584959e-05, 3.62811624655e-06, 7.06420996721e-06, 8.59808824316e-06, 5.99478107688e-06, 2.81999223262e-06, 7.70629412727e-06, 1.07531366211e-06, 7.087238032e-07, 2.1739042495e-06, 6.15160956841e-07, 6.00591079092e-07, 2.23148916234e-07, 9.99613547492e-08, 3.41178889585e-08, 1.81793762266e-08, 9.33366983702e-09, 6.45731024207e-09, 6.84171341803e-09]
        dvar: [9.52555308936e-13, 4.57304460966e-09, 1.8359692433e-07, 3.59560292651e-09, 5.00836421224e-08, 1.00125214431e-06, 5.50542495148e-07, 5.82429358076e-08, 4.71011141201e-08, 6.19571755012e-11, 6.76555866885e-10, 6.82926215578e-10, 6.26416640781e-10, 1.02723052287e-10, 7.60625840091e-10, 1.41803027653e-11, 1.06773975512e-12, 3.79192129085e-11, 1.38082741855e-12, 1.13319184765e-12, 1.69965631196e-13, 6.08274484926e-14, 2.42659133754e-14, 1.95681687e-14, 1.72994045033e-14, 1.66354983852e-14, 1.89009964228e-14]
        dvar2: [9.55484172685e-13, 6.6734076043e-09, 1.41723930369e-07, 1.04271968837e-08, 1.21511476436e-07, 3.54989902007e-06, 8.12384939763e-07, 8.93476865826e-08, 6.23734166538e-08, 1.67446084776e-10, 1.17456422366e-09, 1.29529775794e-09, 6.41834085879e-10, 1.74100969752e-10, 1.12032516597e-09, 2.49917135597e-11, 1.98736253149e-12, 1.10702731704e-10, 2.75692186094e-12, 2.52265743017e-12, 2.98712687615e-13, 9.7714716906e-14, 2.83259930133e-14, 2.10713726605e-14, 1.73518087377e-14, 1.66333960494e-14, 1.88982367895e-14]
        max: [2.02178925974e-05, 0.00115243170876, 0.0098366457969, 0.000662711972836, 0.00308706657961, 0.0100547075272, 0.016898734495, 0.00399217754602, 0.00535400072113, 0.000106737570604, 0.000403491110774, 0.000491697399411, 0.000608225120232, 0.000234194973018, 0.000536227424163, 6.61175654386e-05, 1.79333856067e-05, 9.41980906646e-05, 1.87887380889e-05, 1.15743396236e-05, 4.72529518447e-06, 3.48073126588e-06, 3.011562967e-06, 2.82720770883e-06, 2.72674765256e-06, 2.6749466997e-06, 2.85123815047e-06]
        mean: [5.19420986222e-08, 3.88027001463e-05, 0.000197035216843, 3.11664225592e-05, 0.000191658298718, 0.000564868270885, 0.000711267523002, 0.000311146170134, 8.71328375069e-05, 4.48228138339e-06, 9.74568047241e-06, 1.55307370733e-05, 1.24232528833e-05, 5.24805773239e-06, 1.68393307831e-05, 1.30921023356e-06, 8.32344710489e-07, 1.63322931712e-06, 7.90175192833e-07, 6.19069965069e-07, 2.53364760283e-07, 1.00208914944e-07, 3.38164589664e-08, 1.68789213717e-08, 9.4059791067e-09, 6.37334096609e-09, 6.72878774921e-09]
        min: [7.65453130568e-13, 4.36026059702e-09, 8.29422130977e-09, 6.88638621682e-08, 3.90865295685e-07, 4.17394232954e-07, 9.29462999011e-07, 3.39668645211e-07, 3.99131209861e-07, 1.3403888488e-07, 4.17459453672e-08, 5.60340680522e-08, 4.39994138901e-08, 5.14941405072e-08, 3.56652307687e-08, 6.1154935338e-08, 5.10813151777e-08, 8.2152126879e-08, 6.31137098139e-08, 5.15920355326e-08, 3.34087033593e-08, 1.16479856871e-08, 2.30649721544e-09, 9.46800415846e-10, 3.17253778803e-10, 1.04480504109e-11, 4.96839118377e-15]
        var: [9.50850075759e-13, 1.53526986679e-08, 9.696827874e-07, 5.55184609397e-09, 1.36887052804e-07, 1.60551223871e-06, 3.97000167141e-06, 4.88643422614e-07, 1.53777463652e-07, 6.38029698519e-11, 1.0794974914e-09, 1.85182236212e-09, 3.05137248802e-09, 3.27652321941e-10, 3.85042264739e-09, 2.70337658509e-11, 2.26494062221e-12, 4.94330826273e-11, 2.57575601473e-12, 1.40962144301e-12, 2.11349763645e-13, 6.59662144245e-14, 2.49375529043e-14, 1.96007862447e-14, 1.73240243629e-14, 1.66385985258e-14, 1.89048097652e-14]
    mfcc:
        mean: [-935.956787109, 208.047439575, -21.4441013336, 31.781999588, -32.0903511047, -15.407087326, -22.1644611359, -19.8235855103, -15.1973733902, -2.48770928383, -2.23384213448, -1.85906815529, -3.64430046082]
        cov: [[2124.66235352, 420.031860352, -232.591140747, -398.352081299, -33.0553588867, -11.590795517, -118.197685242, -74.5398483276, 36.0004005432, 156.281005859, 158.231796265, 118.725456238, 141.365859985], [420.031860352, 1038.75720215, 196.973297119, -36.4733924866, 108.426864624, 172.01133728, 49.1530952454, -64.1472167969, -32.4772987366, -5.10956144333, 54.560546875, 45.4531669617, 59.99659729], [-232.591140747, 196.973297119, 665.108154297, 422.237915039, 217.412918091, 246.369338989, 238.146316528, 146.056854248, 48.6180801392, -27.1534099579, -33.5521850586, -5.14410495758, -47.3412399292], [-398.352081299, -36.4733924866, 422.237915039, 409.702148438, 172.184402466, 166.596664429, 206.616195679, 157.182418823, 57.279712677, -17.9052257538, -32.0762443542, -12.3191051483, -59.7905082703], [-33.0553588867, 108.426864624, 217.412918091, 172.184402466, 145.359954834, 122.398902893, 109.082496643, 73.6731262207, 31.0843753815, -2.99248862267, -3.10815286636, -4.92546796799, -19.4268512726], [-11.590795517, 172.01133728, 246.369338989, 166.596664429, 122.398902893, 157.154403687, 139.218215942, 77.9128112793, 35.5918464661, 7.00391197205, 8.95573997498, 1.5588581562, -28.6542854309], [-118.197685242, 49.1530952454, 238.146316528, 206.616195679, 109.082496643, 139.218215942, 222.383483887, 155.797241211, 79.7734909058, 46.0787811279, 39.1575088501, 16.6650829315, -49.6282348633], [-74.5398483276, -64.1472167969, 146.056854248, 157.182418823, 73.6731262207, 77.9128112793, 155.797241211, 171.453781128, 109.32194519, 67.674041748, 42.5677375793, 14.4433317184, -23.8693962097], [36.0004005432, -32.4772987366, 48.6180801392, 57.279712677, 31.0843753815, 35.5918464661, 79.7734909058, 109.32194519, 109.752685547, 79.4624252319, 44.3591880798, 12.4618749619, 2.61459088326], [156.281005859, -5.10956144333, -27.1534099579, -17.9052257538, -2.99248862267, 7.00391197205, 46.0787811279, 67.674041748, 79.4624252319, 103.012283325, 67.7745361328, 23.4664173126, 11.3530788422], [158.231796265, 54.560546875, -33.5521850586, -32.0762443542, -3.10815286636, 8.95573997498, 39.1575088501, 42.5677375793, 44.3591880798, 67.7745361328, 80.7244262695, 36.8749923706, 9.76118373871], [118.725456238, 45.4531669617, -5.14410495758, -12.3191051483, -4.92546796799, 1.5588581562, 16.6650829315, 14.4433317184, 12.4618749619, 23.4664173126, 36.8749923706, 49.1084709167, 27.2251873016], [141.365859985, 59.99659729, -47.3412399292, -59.7905082703, -19.4268512726, -28.6542854309, -49.6282348633, -23.8693962097, 2.61459088326, 11.3530788422, 9.76118373871, 27.2251873016, 84.1367340088]]
        icov: [[0.000944136118051, 3.03950400848e-05, -0.000342326675309, 0.00159991858527, -0.00109096313827, -0.00113724975381, 0.00119325448759, -0.000498401059303, 0.00060007913271, -0.00162859377451, 0.000284872105112, -0.00188582157716, 3.78530858143e-05], [3.03950400848e-05, 0.00209656893276, -0.000693803769536, 0.0015156834852, -0.000637730525341, -0.00316457613371, -0.000497376662679, 0.00244584237225, -0.000522274232935, 0.00100285711233, -0.00223674927838, -3.89604756492e-05, -0.00153087393846], [-0.000342326675309, -0.000693803769536, 0.00684981513768, -0.00603922782466, 0.00148467160761, -0.00509434053674, -0.000210784608498, 0.000398191012209, 0.000100321929494, 0.000113133020932, 0.00218035653234, -0.00024547369685, -0.000963022524957], [0.00159991858527, 0.0015156834852, -0.00603922782466, 0.0168543886393, -0.00796436704695, 1.35440768645e-05, -0.00115559366532, -0.00620220741257, 0.00190115300938, -0.000452916312497, 0.00508782500401, -0.00525847123936, 0.00164805084933], [-0.00109096313827, -0.000637730525341, 0.00148467160761, -0.00796436704695, 0.0274325218052, -0.0162944775075, 0.00354174105451, -0.00478815240785, 0.0007799580344, 0.00436034472659, -0.0030992878601, 0.00683948816732, -0.00348737137392], [-0.00113724975381, -0.00316457613371, -0.00509434053674, 1.35440768645e-05, -0.0162944775075, 0.044138353318, -0.0192159637809, 0.0102470293641, -0.00655754329637, 0.00263037974946, -0.000593536882661, 0.00513788545504, 0.00240803556517], [0.00119325448759, -0.000497376662679, -0.000210784608498, -0.00115559366532, 0.00354174105451, -0.0192159637809, 0.0342947728932, -0.0242010839283, 0.010274910368, -0.00580765167251, -0.00144527060911, -0.00997614115477, 0.00890659634024], [-0.000498401059303, 0.00244584237225, 0.000398191012209, -0.00620220741257, -0.00478815240785, 0.0102470293641, -0.0242010839283, 0.051776714623, -0.0341918170452, 0.00697756325826, -0.00739683676511, 0.00149951258209, -0.00179808493704], [0.00060007913271, -0.000522274232935, 0.000100321929494, 0.00190115300938, 0.0007799580344, -0.00655754329637, 0.010274910368, -0.0341918170452, 0.0539612397552, -0.0290919467807, 0.00749052222818, 0.00356170814484, -0.00469385553151], [-0.00162859377451, 0.00100285711233, 0.000113133020932, -0.000452916312497, 0.00436034472659, 0.00263037974946, -0.00580765167251, 0.00697756325826, -0.0290919467807, 0.049124404788, -0.028051648289, 0.0101033207029, -0.00351993413642], [0.000284872105112, -0.00223674927838, 0.00218035653234, 0.00508782500401, -0.0030992878601, -0.000593536882661, -0.00144527060911, -0.00739683676511, 0.00749052222818, -0.028051648289, 0.0512631721795, -0.0262732747942, 0.00819669384509], [-0.00188582157716, -3.89604756492e-05, -0.00024547369685, -0.00525847123936, 0.00683948816732, 0.00513788545504, -0.00997614115477, 0.00149951258209, 0.00356170814484, 0.0101033207029, -0.0262732747942, 0.0508912652731, -0.0177020803094], [3.78530858143e-05, -0.00153087393846, -0.000963022524957, 0.00164805084933, -0.00348737137392, 0.00240803556517, 0.00890659634024, -0.00179808493704, -0.00469385553151, -0.00351993413642, 0.00819669384509, -0.0177020803094, 0.023699067533]]
    spectral_contrast:
        mean: [-2.94219773878e-07, 5.29182280218e-08, 1.58424697361e-07, -9.9883806115e-08, -5.70759652874e-07, 7.67635555121e-08, -3.94418793803e-06, 1.03252193639e-06, 1.3460368109e-06, -4.6599993766e-06, -7.4471068956e-07, -3.25672004919e-07]
        var: [0.000115219605505, 0.000198796900804, 0.000773330393713, 0.00175087014213, 0.00481211626902, 0.0165797285736, 0.0236762985587, 0.0617907419801, 0.0885922238231, 0.27553999424, 0.671059370041, 1.58792328835]

rhythm:
    beats_loudness:
        dmean: 0.00319964252412
        dmean2: 0.00498633319512
        dvar: 8.71550946613e-06
        dvar2: 1.62618616741e-05
        max: 0.0110379885882
        mean: 0.00272900401615
        min: 4.16428592871e-05
        var: 1.0375651982e-05
    beats_loudness_bass:
        dmean: 0.0744918435812
        dmean2: 0.119233377278
        dvar: 0.0142055619508
        dvar2: 0.0383268818259
        max: 0.378542602062
        mean: 0.048058770597
        min: 0.000328936468577
        var: 0.00814667250961
    bpm: 117.914131165
    bpm_confidence: 0
    first_peak_bpm: 118
    first_peak_spread: 0
    first_peak_weight: 0.6875
    onset_rate: 2.59872722626
    second_peak_bpm: 77
    second_peak_spread: 0
    second_peak_weight: 0.25
    beats_position: [0.158712550998, 0.667578458786, 1.17644441128, 1.68531036377, 2.19417619705, 2.70304203033, 3.21190786362, 3.7207736969, 4.22963953018, 4.73850536346, 5.24737119675, 5.75623703003, 6.11407518387, 6.89214754105, 7.67022037506, 8.44829273224, 9.22636508942]
    bpm_estimates: [117.693969727, 117.350067139, 118.745826721, 119.39251709, 117.557037354, 117.405433655, 117.254081726]
    bpm_intervals: [0.508865892887, 0.508865952492, 0.508865952492, 0.508865833282, 0.508865833282, 0.508865833282, 0.508865833282, 0.508865833282, 0.508865833282, 0.508865833282, 0.508865833282, 0.357838153839, 0.778072357178, 0.778072834015, 0.778072357178, 0.778072357178]
    onset_times: [0.127709746361, 1.17260766029, 1.5673469305, 1.74149656296, 1.89242625237, 2.15945577621, 3.15791392326, 3.55265307426, 3.70358276367, 4.04027223587, 4.17959165573, 5.21287965775, 5.49151945114, 5.78176879883, 6.22294807434, 6.61768722534, 7.2330160141, 7.51165533066, 7.75546503067, 8.03410434723, 8.24308395386, 8.27791404724, 9.21832180023, 9.53179168701, 9.77560043335, 10.0078001022]
    rubato_start: [6.89214754105]
    rubato_stop: [9.22636508942]
    perceptual_tempo: "unknown"

sfx:
    inharmonicity:
        dmean: 0.0256904680282
        dmean2: 0.0454946160316
        dvar: 0.00198858440854
        dvar2: 0.00554096559063
        max: 0.316483527422
        mean: 0.0241245348006
        min: 7.22397180652e-06
        var: 0.00184763909783
    oddtoevenharmonicenergyratio:
        dmean: 152.661819458
        dmean2: 303.524230957
        dvar: 2868171.25
        dvar2: 8599762
        max: 24174.640625
        mean: 81.6656951904
        min: 2.29836932704e-05
        var: 1438249.875
    pitch_after_max_to_before_max_energy_ratio: 0.33587256074
    pitch_centroid: 223.315322876
    pitch_max_to_total: 0.918414890766
    pitch_min_to_total: 0.850815832615
    tristimulus:
        dmean: [0.237598329782, 0.247282594442, 0.0330031365156]
        dmean2: [0.424591839314, 0.440554559231, 0.0592657662928]
        dvar: [0.060631942004, 0.0621254332364, 0.00266402633861]
        dvar2: [0.155000656843, 0.157743856311, 0.00800016522408]
        max: [0.986853182316, 0.994228720665, 0.407122582197]
        mean: [0.537259101868, 0.418190091848, 0.0303784348071]
        min: [0.000751361134462, 0, 0]
        var: [0.101362742484, 0.100680850446, 0.00220039510168]

tonal:
    chords_changes_rate: 0.0324074067175
    chords_number_rate: 0.0277777779847
    chords_strength:
        dmean: 0.00657214457169
        dmean2: 0.00343993538991
        dvar: 3.36447228619e-05
        dvar2: 1.9894216166e-05
        max: 0.674738526344
        mean: 0.545435369015
        min: 0.40196377039
        var: 0.00534234708175
    key_strength: 0.61807757616
    tuning_diatonic_strength: 0.477551549673
    tuning_equal_tempered_deviation: 0.011666235514
    tuning_frequency: 439.491973877
    tuning_nontempered_energy_ratio: 0.586099028587
    hpcp:
        dmean: [0.0238943565637, 0.0377409867942, 0.0868964791298, 0.107096515596, 0.0876038521528, 0.0442029871047, 0.0327930003405, 0.0267569627613, 0.00839252118021, 0.00601534638554, 0.0120333675295, 0.0498158670962, 0.066922314465, 0.0700277984142, 0.0415397286415, 0.0361384153366, 0.0341986492276, 0.0619745999575, 0.0543690882623, 0.0358866862953, 0.014632454142, 0.0103821251541, 0.0157366637141, 0.046019282192, 0.0474272221327, 0.0489062480628, 0.0667494013906, 0.063239954412, 0.0536757484078, 0.025150263682, 0.0106357606128, 0.015422321856, 0.0577879138291, 0.0527011752129, 0.0354025028646, 0.00898552406579]
        dmean2: [0.0463952943683, 0.06193889305, 0.142252132297, 0.174408614635, 0.142743289471, 0.0771189033985, 0.0509610623121, 0.0465378761292, 0.0155604928732, 0.0104587376118, 0.0231526084244, 0.0844875052571, 0.0995538979769, 0.102703109384, 0.068742737174, 0.0624820254743, 0.0609255880117, 0.107979126275, 0.0846087634563, 0.0573393329978, 0.020519528538, 0.0190373249352, 0.0284984707832, 0.0728769674897, 0.0677611157298, 0.0757098123431, 0.108328327537, 0.0930377990007, 0.0819998979568, 0.0406505689025, 0.0168059319258, 0.0277250725776, 0.0992680117488, 0.0916270315647, 0.0576627589762, 0.0169553384185]
        dvar: [0.00923560466617, 0.014870823361, 0.0253268778324, 0.0411934554577, 0.0209975503385, 0.00684872549027, 0.00754724442959, 0.00338141107932, 0.000563261855859, 0.000239863686147, 0.00294127641246, 0.00646532187238, 0.0169214066118, 0.0154850073159, 0.00931169185787, 0.0160278771073, 0.00435280194506, 0.0161686167121, 0.0191722568125, 0.00817268621176, 0.00350296893157, 0.00483718235046, 0.00283029442653, 0.0108034964651, 0.0135945854709, 0.0102860471234, 0.0197047293186, 0.0224450826645, 0.0121581181884, 0.0040950672701, 0.00156926980708, 0.0013437991729, 0.0176283791661, 0.0255243107677, 0.00462013436481, 0.000440815929323]
        dvar2: [0.027546428144, 0.0363379977643, 0.053670566529, 0.101976722479, 0.0519637204707, 0.0170101374388, 0.0170387756079, 0.00964840315282, 0.00169712502975, 0.000670311274007, 0.00872861873358, 0.0169270001352, 0.0364198498428, 0.0379594936967, 0.0220367871225, 0.0319957360625, 0.00920514669269, 0.0388706661761, 0.0310754813254, 0.0200553033501, 0.00485463859513, 0.0107116429135, 0.00766870332882, 0.0262737628073, 0.0201533082873, 0.0234847329557, 0.0411880388856, 0.037016749382, 0.0261519160122, 0.00878453720361, 0.00336114224046, 0.00403347192332, 0.0441051125526, 0.053449138999, 0.00995807349682, 0.00134035851806]
        max: [0.727440655231, 1, 1, 1, 1, 0.490201473236, 0.948497772217, 0.514393925667, 0.214211761951, 0.129671469331, 0.553565859795, 0.591314196587, 1, 0.95833748579, 0.664908647537, 1, 0.511416971684, 0.98344284296, 1, 1, 1, 1, 0.517232775688, 0.990526020527, 1, 0.883412122726, 1, 1, 1, 0.736689984798, 0.443585246801, 0.306384056807, 1, 1, 0.570806145668, 0.174980998039]
        mean: [0.0201456174254, 0.0352833680809, 0.19668713212, 0.345178544521, 0.186335504055, 0.077374085784, 0.118301041424, 0.0621210820973, 0.00829059258103, 0.00775595242158, 0.0102694351226, 0.112916603684, 0.242500245571, 0.151695281267, 0.107401996851, 0.163620948792, 0.0861168727279, 0.127240434289, 0.201514616609, 0.0968804210424, 0.0161631517112, 0.0135293584317, 0.0146739855409, 0.110321342945, 0.219010084867, 0.137396275997, 0.125092491508, 0.213281795382, 0.122718006372, 0.023091558367, 0.0112757794559, 0.0158135574311, 0.244408264756, 0.39293462038, 0.164554685354, 0.00902438629419]
        min: [1.30705966512e-05, 1.36709186336e-05, 0.000300510611851, 0.000427050836151, 0.0011427620193, 0.000208945566555, 1.89288202819e-05, 2.78881252598e-05, 2.03753679671e-05, 1.78469563252e-05, 1.74658634933e-05, 0.000192711129785, 0.000272058794508, 0.000143321129144, 4.57840469608e-05, 1.72095151356e-05, 1.16115716082e-05, 2.03898671316e-05, 4.78664478578e-05, 5.12211991008e-05, 4.27363629569e-05, 1.79302205652e-05, 1.17442496048e-05, 1.77540041477e-05, 4.5672422857e-05, 2.4405100703e-05, 3.82623147743e-05, 4.02167643188e-05, 2.40479657805e-05, 2.15952495637e-05, 9.74695649347e-06, 1.95768043341e-05, 0.000117283459986, 0.000190388469491, 2.16284606722e-05, 1.85466396943e-05]
        var: [0.00513068120927, 0.0147418668494, 0.0587052181363, 0.139705851674, 0.0460013821721, 0.0144415833056, 0.0410139411688, 0.0114133078605, 0.000537367654033, 0.000239378292463, 0.00155724934302, 0.0189701542258, 0.0867679268122, 0.0375483334064, 0.0382641293108, 0.112847074866, 0.0219090506434, 0.0421763919294, 0.0953028649092, 0.0242685824633, 0.00696923350915, 0.00845597777516, 0.00277670659125, 0.0305010955781, 0.118212871253, 0.0495416000485, 0.0420346446335, 0.120358005166, 0.0416439771652, 0.00497326208279, 0.00183773832396, 0.00103619624861, 0.0747643858194, 0.193733155727, 0.0354819707572, 0.000305477529764]
    chords_histogram: [16.6666660309, 24.5370368958, 20.3703708649, 0, 0, 0, 0, 0, 10.1851854324, 0, 0, 0, 0, 0, 0, 10.1851854324, 0, 0, 0, 0, 0, 18.0555553436, 0, 0]
    thpcp: [1, 0.41878387332, 0.0229666363448, 0.0512696430087, 0.0897945016623, 0.500559449196, 0.878463029861, 0.47421503067, 0.196913391352, 0.301070541143, 0.158095210791, 0.021099165082, 0.0197385307401, 0.0261352267116, 0.287367403507, 0.617151618004, 0.386057317257, 0.273332983255, 0.416407555342, 0.219163358212, 0.323820888996, 0.512845158577, 0.246556088328, 0.0411344543099, 0.0344315767288, 0.03734459728, 0.280762583017, 0.557370305061, 0.349667012691, 0.318354457617, 0.542792081833, 0.312311500311, 0.0587669238448, 0.0286963246763, 0.0402447544038, 0.6220074296]
    chords_key: "A#"
    chords_scale: "minor"
    key_key: "F#"
    key_scale: "major"
    chords_progression: ["G#m", "G#m", "G#m", "G#m", "G#m", "G#m", "G#m", "G#m", "G#m", "G#m", "G#m", "G#m", "G#m", "G#m", "G#m", "G#m", "G#m", "G#m", "G#m", "G#m", "G#m", "G#m", "G#m", "G#m", "G#m", "G#m", "G#m", "G#m", "G#m", "G#m", "G#m", "G#m", "G#m", "G#m", "G#m", "G#m", "G#m", "G#m", "G#m", "C#", "C#", "C#", "C#", "C#", "C#", "C#", "C#", "C#", "C#", "C#", "C#", "C#", "C#", "C#", "C#", "C#", "C#", "C#", "C#", "C#", "C#", "C#", "C#", "C#", "C#", "C#", "C#", "C#", "C#", "C#", "C#", "C#", "C#", "C#", "C#", "C#", "C#", "C#", "C#", "C#", "C#", "C#", "C#", "A#m", "A#m", "A#m", "A#m", "A#m", "A#m", "A#m", "A#m", "A#m", "A#m", "A#m", "A#m", "A#m", "A#m", "A#m", "F#", "F#", "F#", "F#", "F#", "F#", "F#", "F#", "F#", "F#", "F#", "F#", "F#", "F#", "F#", "F#", "F#", "F#", "F#", "F#", "F#", "F#", "F#", "F#", "F#", "F#", "F#", "F#", "F#", "F#", "F#", "F#", "F#", "F#", "F#", "Bm", "Bm", "Bm", "Bm", "Bm", "Bm", "Bm", "Bm", "Bm", "Bm", "Bm", "Bm", "Bm", "Bm", "Bm", "Bm", "Bm", "Bm", "Bm", "Bm", "Bm", "Bm", "A#", "A#", "A#", "A#", "A#", "A#", "A#", "A#", "A#", "A#", "A#", "A#", "A#", "A#", "A#", "A#", "A#", "A#", "A#", "A#", "A#", "A#", "A#m", "A#m", "A#m", "A#m", "A#m", "A#m", "A#m", "A#m", "A#m", "A#m", "A#m", "A#m", "A#m", "A#m", "A#m", "A#m", "A#m", "A#m", "A#m", "A#m", "A#m", "A#m", "A#m", "A#m", "A#m", "A#m", "A#m", "A#m", "A#m", "A#m", "A#m", "A#m", "A#m", "A#m", "A#m", "A#m", "A#m", "A#m", "F#"]
