
metadata:
    version:
        essentia: "1.2.2"
    audio_properties:
        analysis_sample_rate: 44100
        bitrate: 128
        channels: 2
        equal_loudness: 1
        length: 10.0310201645
        replay_gain: -9.52133178711
        downmix: "mix"
    tags:
        track: 16
        year: 0
        album: "Splitted by Mp3Splt v. 2.1"
        artist: "From 002.30 To 002.40"
        comment: "http://mp3splt.sf.net"
        genre: ""
        title: "03 This Will Outlive Us.mp3"

highlevel:
    ballroom:
        all:
            ChaChaCha: 0.0682283118367
            Jive: 0.663473725319
            Quickstep: 0.00981137901545
            Rumba-American: 0.00192820292432
            Rumba-International: 0.014556940645
            Rumba-Misc: 0.00624043261632
            Samba: 0.148881539702
            Tango: 0.00590872997418
            VienneseWaltz: 0.073826380074
            Waltz: 0.00714439013973
        probability: 0.663473725319
        value: "Jive"
    culture:
        all:
            non_western: 0.80675470829
            western: 0.193245276809
        probability: 0.80675470829
        value: "non_western"
    gender:
        all:
            female: 0.5
            male: 0.5
        probability: 0.5
        value: "female"
    genre_dortmund:
        all:
            alternative: 0.171577602625
            blues: 0.00295746023767
            electronic: 0.0681952834129
            folkcountry: 0.00455981306732
            funksoulrnb: 0.00244917790405
            jazz: 0.00625571934506
            pop: 0.0101096788421
            raphiphop: 0.000256858271314
            rock: 0.7336384058
        probability: 0.7336384058
        value: "rock"
    genre_electronica:
        all:
            ambient: 0.175766125321
            dnb: 0.0818810090423
            house: 0.00966791063547
            techno: 0.0345391258597
            trance: 0.698145806789
        probability: 0.698145806789
        value: "trance"
    genre_rosamerica:
        all:
            cla: 0.00478391442448
            dan: 0.00598794780672
            hip: 0.00119801145047
            jaz: 0.000769987353124
            pop: 0.00100304186344
            rhy: 0.00340935983695
            roc: 0.982203245163
            spe: 0.000644506071694
        probability: 0.982203245163
        value: "roc"
    genre_tzanetakis:
        all:
            blu: 0.027909271419
            cla: 0.0610156953335
            cou: 0.063500829041
            dis: 0.0371419787407
            hip: 0.0238159485161
            jaz: 0.0367536880076
            met: 0.518176853657
            pop: 0.0215970482677
            reg: 0.024349199608
            roc: 0.185739502311
        probability: 0.518176853657
        value: "met"
    live_studio:
        all:
            live: 0.187303960323
            studio: 0.812696039677
        probability: 0.812696039677
        value: "studio"
    mood:
        all:
            Cluster1: 0.409221321344
            Cluster2: 0.0196254905313
            Cluster3: 0.0252853780985
            Cluster4: 0.0112897632644
            Cluster5: 0.534578025341
        probability: 0.534578025341
        value: "Cluster5"
    mood_acoustic:
        all:
            acoustic: 0.0326879583299
            not_acoustic: 0.967312037945
        probability: 0.967312037945
        value: "not_acoustic"
    mood_aggressive:
        all:
            aggressive: 0.989266335964
            not_aggressive: 0.0107336584479
        probability: 0.989266335964
        value: "aggressive"
    mood_electronic:
        all:
            electronic: 0.629841208458
            not_electronic: 0.370158821344
        probability: 0.629841208458
        value: "electronic"
    mood_happy:
        all:
            happy: 0.275423377752
            not_happy: 0.72457665205
        probability: 0.72457665205
        value: "not_happy"
    mood_party:
        all:
            not_party: 0.603496432304
            party: 0.396503567696
        probability: 0.603496432304
        value: "not_party"
    mood_relaxed:
        all:
            not_relaxed: 0.259623497725
            relaxed: 0.740376472473
        probability: 0.740376472473
        value: "relaxed"
    mood_sad:
        all:
            not_sad: 0.00701805576682
            sad: 0.99298197031
        probability: 0.99298197031
        value: "sad"
    rhythm:
        all:
            fast: 0.432109087706
            medium: 0.105885930359
            slow: 0.462004989386
        probability: 0.462004989386
        value: "slow"
    speech_music:
        all:
            music: 3.00000096379e-14
            speech: 1
        probability: 1
        value: "speech"
    timbre:
        all:
            bright: 0.268094420433
            dark: 0.731905579567
        probability: 0.731905579567
        value: "dark"
    voice_instrumental:
        all:
            instrumental: 0.987055778503
            voice: 0.0129442438483
        probability: 0.987055778503
        value: "instrumental"

lowlevel:
    average_loudness: 0.982287704945
    barkbands_kurtosis:
        dmean: 0.167651534081
        dmean2: 0.284673631191
        dvar: 0.0297658015043
        dvar2: 0.0765885710716
        max: 0.178028106689
        mean: -1.44513750076
        min: -1.80334734917
        var: 0.0596247725189
    barkbands_skewness:
        dmean: 0.202034592628
        dmean2: 0.334128648043
        dvar: 0.0307348202914
        dvar2: 0.0779014974833
        max: 0.971109509468
        mean: -0.0763852745295
        min: -1.08348059654
        var: 0.133765622973
    barkbands_spread:
        dmean: 3.15430259705
        dmean2: 5.04297447205
        dvar: 6.85620355606
        dvar2: 17.443611145
        max: 56.223274231
        mean: 42.4087638855
        min: 23.2858085632
        var: 24.4938869476
    dissonance:
        dmean: 0.0103096272796
        dmean2: 0.0178618673235
        dvar: 7.23717166693e-05
        dvar2: 0.000213507577428
        max: 0.498751223087
        mean: 0.480229765177
        min: 0.431832849979
        var: 0.000141582917422
    hfc:
        dmean: 1.8936804533
        dmean2: 3.02454638481
        dvar: 14.0738792419
        dvar2: 34.0055351257
        max: 56.1059532166
        mean: 12.0094013214
        min: 3.80929031962e-06
        var: 17.256362915
    pitch:
        dmean: 1173.23937988
        dmean2: 2283.42895508
        dvar: 2183601.5
        dvar2: 5299708
        max: 4009.09082031
        mean: 1809.90563965
        min: 81.5157089233
        var: 2704647.5
    pitch_instantaneous_confidence:
        dmean: 0.0618615634739
        dmean2: 0.107202097774
        dvar: 0.00262536737137
        dvar2: 0.00749255344272
        max: 0.619590759277
        mean: 0.334295630455
        min: 0.16023004055
        var: 0.00591525062919
    pitch_salience:
        dmean: 0.0445150919259
        dmean2: 0.0744711905718
        dvar: 0.00133808108512
        dvar2: 0.00344778550789
        max: 0.97705411911
        mean: 0.629977524281
        min: 0.393010795116
        var: 0.00469571864232
    silence_rate_20dB:
        dmean: 0
        dmean2: 0
        dvar: 0
        dvar2: 0
        max: 1
        mean: 1
        min: 1
        var: 0
    silence_rate_30dB:
        dmean: 0
        dmean2: 0
        dvar: 0
        dvar2: 0
        max: 1
        mean: 1
        min: 1
        var: 0
    silence_rate_60dB:
        dmean: 0.00231481483206
        dmean2: 0.00464037107304
        dvar: 0.00230946252123
        dvar2: 0.00461888127029
        max: 1
        mean: 0.00692840665579
        min: 0
        var: 0.00688032340258
    spectral_centroid:
        dmean: 162.028839111
        dmean2: 264.012939453
        dvar: 18582.7617188
        dvar2: 47541.203125
        max: 2428.49682617
        mean: 1742.42907715
        min: 818.052185059
        var: 86243.9296875
    spectral_complexity:
        dmean: 3.67285394669
        dmean2: 6.02325582504
        dvar: 10.3917818069
        dvar2: 23.8180599213
        max: 47
        mean: 25.1342601776
        min: 0
        var: 37.6810264587
    spectral_crest:
        dmean: 0.969936490059
        dmean2: 1.61989736557
        dvar: 0.684914529324
        dvar2: 1.8364379406
        max: 9.73390293121
        mean: 5.28509950638
        min: 2.97318863869
        var: 1.68705236912
    spectral_decrease:
        dmean: 2.1835717956e-10
        dmean2: 3.48850087706e-10
        dvar: 1.48149288479e-19
        dvar2: 3.52650514682e-19
        max: -5.49513789202e-16
        mean: -1.53239121392e-09
        min: -6.08202643804e-09
        var: 1.7145777765e-19
    spectral_energy:
        dmean: 0.000944569823332
        dmean2: 0.00151340628508
        dvar: 3.14571707349e-06
        dvar2: 7.46789191908e-06
        max: 0.028043942526
        mean: 0.00687287980691
        min: 2.41950415258e-09
        var: 3.51813605448e-06
    spectral_energyband_high:
        dmean: 0.000161610005307
        dmean2: 0.000264208938461
        dvar: 1.13151621406e-07
        dvar2: 2.76615395478e-07
        max: 0.00540547212586
        mean: 0.000630814989563
        min: 1.2257915516e-10
        var: 1.2307575048e-07
    spectral_energyband_low:
        dmean: 0.000292662676657
        dmean2: 0.00046890246449
        dvar: 9.96853728452e-08
        dvar2: 2.59298758465e-07
        max: 0.00289853638969
        mean: 0.000964209029917
        min: 1.17026749402e-10
        var: 2.67990174052e-07
    spectral_energyband_middle_high:
        dmean: 0.000537501880899
        dmean2: 0.000868813309353
        dvar: 6.44649844617e-07
        dvar2: 1.60766353474e-06
        max: 0.0115976398811
        mean: 0.00318090128712
        min: 1.03825492648e-09
        var: 1.0730974509e-06
    spectral_energyband_middle_low:
        dmean: 0.000521209498402
        dmean2: 0.00084559887182
        dvar: 4.9552005521e-07
        dvar2: 1.21323932945e-06
        max: 0.0095602395013
        mean: 0.00209693098441
        min: 1.1307428327e-09
        var: 7.97950860942e-07
    spectral_flatness_db:
        dmean: 0.00932611059397
        dmean2: 0.015530035831
        dvar: 7.66372249927e-05
        dvar2: 0.000157857546583
        max: 0.198569536209
        mean: 0.169866666198
        min: 0.0675817728043
        var: 0.000166701327544
    spectral_flux:
        dmean: 0.00484265200794
        dmean2: 0.00721266213804
        dvar: 3.21090665238e-05
        dvar2: 4.94099076604e-05
        max: 0.120349705219
        mean: 0.0416879244149
        min: 4.91884566145e-05
        var: 9.44765415625e-05
    spectral_kurtosis:
        dmean: 1.81606423855
        dmean2: 3.20244407654
        dvar: 1.87071382999
        dvar2: 5.70931720734
        max: 9.64492511749
        mean: 2.71011805534
        min: 0.215266466141
        var: 2.72461915016
    spectral_rms:
        dmean: 0.000170833081938
        dmean2: 0.000267458875896
        dvar: 6.3065527911e-08
        dvar2: 1.36097582981e-07
        max: 0.00523067312315
        mean: 0.00256835366599
        min: 1.53638916345e-06
        var: 1.08807228116e-07
    spectral_rolloff:
        dmean: 160.424865723
        dmean2: 266.210540771
        dvar: 28159.2148438
        dvar2: 72706.34375
        max: 4328.17382812
        mean: 3580.94165039
        min: 1464.2578125
        var: 86360.6953125
    spectral_skewness:
        dmean: 0.206946462393
        dmean2: 0.357196211815
        dvar: 0.0338600277901
        dvar2: 0.0797350257635
        max: 2.52797675133
        mean: 0.722271084785
        min: 0.28797981143
        var: 0.0541105307639
    spectral_spread:
        dmean: 175326.65625
        dmean2: 258803.125
        dvar: 573412671488
        dvar2: 525857652736
        max: 15213782
        mean: 2966052.75
        min: 2468221.25
        var: 676727554048
    spectral_strongpeak:
        dmean: 0.278300762177
        dmean2: 0.51895904541
        dvar: 0.428387612104
        dvar2: 1.13702964783
        max: 4.37972402573
        mean: 0.335787266493
        min: 4.07892912335e-06
        var: 0.407554030418
    zerocrossingrate:
        dmean: 0.00531331589445
        dmean2: 0.00705623161048
        dvar: 2.78872012132e-05
        dvar2: 4.14084825024e-05
        max: 0.130859375
        mean: 0.103949651122
        min: 0.0498046875
        var: 0.000159164614161
    barkbands:
        dmean: [2.09122717365e-07, 4.88855876029e-05, 0.000271611876087, 0.000276669918094, 0.000204183685128, 0.000122682933579, 8.84130422492e-05, 7.58683891036e-05, 0.000156099747983, 4.60191986349e-05, 4.33758323197e-05, 0.000134545145556, 6.27331246505e-05, 0.000115180191642, 5.58564643143e-05, 0.000105946157419, 0.000148442617501, 0.000177634050488, 0.000285978749162, 0.000204957264941, 9.89231484709e-05, 1.03568199847e-05, 6.08811660641e-07, 4.24837161006e-08, 2.33088623958e-08, 6.0025744375e-09, 4.71033523297e-09]
        dmean2: [3.095430543e-07, 8.20041459519e-05, 0.000433315726696, 0.000442413642304, 0.000329769565724, 0.000201262228074, 0.000153095956193, 0.000128876868985, 0.000251019839197, 7.48005768401e-05, 7.43593700463e-05, 0.000229737837799, 0.000106425366539, 0.0001953025494, 9.55849609454e-05, 0.000175546636456, 0.000251387478784, 0.000299453153275, 0.000475464243209, 0.000338346726494, 0.00016306967882, 1.72551608557e-05, 1.03389038486e-06, 6.98136020105e-08, 4.08414777553e-08, 7.10990866182e-09, 4.95928942357e-09]
        dvar: [5.42083251117e-13, 9.53830525674e-09, 8.87714080022e-08, 9.93240263369e-08, 2.02333083621e-07, 1.68731997263e-08, 1.06153237311e-08, 4.38827063576e-09, 3.11960270949e-08, 2.24470264598e-09, 2.39854469619e-09, 2.51768703663e-08, 3.87308540795e-09, 1.3794660525e-08, 3.87482090858e-09, 1.39929809961e-08, 2.17701607852e-08, 4.76696264684e-08, 1.05750785906e-07, 1.33718742745e-07, 1.30013901867e-08, 3.19994281073e-10, 1.36780951149e-11, 7.27647244759e-14, 2.09492626968e-14, 7.1542816769e-15, 8.40525870747e-15]
        dvar2: [8.04293426564e-13, 2.72275251234e-08, 2.23354305717e-07, 2.44462796672e-07, 4.98524059367e-07, 4.45926993109e-08, 3.06491223512e-08, 1.29058959075e-08, 8.32150846009e-08, 5.18901188684e-09, 6.85638879006e-09, 7.27815248069e-08, 1.02420063541e-08, 4.15472172222e-08, 1.01032622268e-08, 3.59604221956e-08, 6.25074960681e-08, 1.30886050442e-07, 2.64368338776e-07, 3.33678769948e-07, 3.54138549596e-08, 8.54289694541e-10, 3.64142813125e-11, 1.89789265033e-13, 4.88317882224e-14, 6.55593209725e-15, 8.41557810987e-15]
        max: [1.23885238281e-05, 0.00132999429479, 0.00268704677001, 0.0034922293853, 0.00637366063893, 0.00120084162336, 0.0011763604125, 0.000557263323572, 0.00151893857401, 0.000649798894301, 0.000405825616326, 0.00157595798373, 0.00067036767723, 0.00118235254195, 0.000595472927671, 0.00105249730404, 0.00155912851915, 0.00258673913777, 0.00325731420889, 0.00528808124363, 0.00160629954189, 0.000213981416891, 4.63007600047e-05, 4.48990385848e-06, 2.21306117965e-06, 1.84464386166e-06, 1.9068279471e-06]
        mean: [7.35223125048e-07, 0.000128851650516, 0.000834653677884, 0.000719150411896, 0.000349981186446, 0.000214582585613, 0.000233833969105, 0.00017410122382, 0.000384105136618, 9.41547914408e-05, 8.25740353321e-05, 0.00024131173268, 0.000134771471494, 0.000278188585071, 0.000113401110866, 0.000219803390792, 0.000364197825547, 0.0004350184754, 0.000923977000639, 0.000590300129261, 0.000326803681673, 2.76951250271e-05, 5.71388625303e-07, 6.23037976766e-08, 5.31394839243e-08, 7.66584395961e-09, 4.6476151816e-09]
        min: [2.16184188606e-11, 5.26633528453e-11, 5.31081359445e-11, 6.06448155582e-11, 1.63575430978e-10, 1.8032750293e-10, 1.91902368996e-10, 2.11720169174e-10, 2.90459351016e-10, 1.53105694789e-10, 6.44043915421e-11, 6.35868788179e-11, 7.37512204085e-11, 1.88039531862e-11, 3.3130252014e-12, 4.02507402408e-11, 6.58191140479e-11, 1.11066683628e-10, 3.93078680716e-10, 1.12561952814e-10, 7.71002012234e-11, 5.49751650453e-12, 4.15376804133e-12, 2.15970123729e-12, 1.60082439925e-12, 1.39033131796e-12, 7.57326127265e-14]
        var: [8.34312707896e-13, 1.51746668564e-08, 2.64780879888e-07, 3.23380362488e-07, 1.74883282966e-07, 2.68509090517e-08, 4.36464091536e-08, 1.03690638298e-08, 6.90156127803e-08, 7.47625783504e-09, 4.55073401184e-09, 4.59382540896e-08, 1.43118903395e-08, 3.84860676661e-08, 4.71413796888e-09, 2.26881002874e-08, 4.3384417836e-08, 7.15710939403e-08, 2.96497489671e-07, 1.6679642556e-07, 2.62730033285e-08, 3.32064625796e-10, 8.04425536599e-12, 7.16707644838e-14, 2.92630096587e-14, 7.89366520689e-15, 8.39519849715e-15]
    mfcc:
        mean: [-704.974365234, 162.586456299, -97.784576416, 95.4270095825, -36.4657516479, 8.18286037445, 11.0740184784, -14.6376228333, 10.0766782761, -10.5231323242, 10.9297065735, -4.1939740181, -4.77023935318]
        cov: [[1645.29870605, -70.7881317139, -46.2850570679, 54.1494178772, 25.6954708099, 59.2206726074, -21.0090141296, 6.06627607346, 9.80369377136, 12.6178731918, -40.8921699524, -6.72297239304, -21.5202770233], [-70.7881317139, 182.754013062, -82.7581176758, 31.7756652832, -43.5951004028, -9.33798217773, -0.0429320856929, -43.0694007874, 43.7236671448, -35.4309005737, 47.9251937866, -17.7672557831, 28.9056224823], [-46.2850570679, -82.7581176758, 141.06678772, -27.8947200775, 27.3837776184, -7.08589220047, -18.811208725, 32.5503120422, -50.1918678284, 35.816608429, -35.7510910034, 27.9983444214, -7.05060052872], [54.1494178772, 31.7756652832, -27.8947200775, 52.0917549133, 5.97758960724, 9.75968265533, 10.2804079056, -15.0323314667, 18.6259002686, -24.4997138977, 12.0762939453, -19.366645813, 0.0515499971807], [25.6954708099, -43.5951004028, 27.3837776184, 5.97758960724, 47.9763755798, 14.5567655563, 2.61841273308, -2.28652215004, -12.3258571625, 8.06634426117, -20.7632789612, 4.27782821655, -18.0126361847], [59.2206726074, -9.33798217773, -7.08589220047, 9.75968265533, 14.5567655563, 52.4969787598, 11.1791677475, -13.0387859344, -20.3853797913, 1.65623688698, 4.50613260269, 2.52102375031, 6.98290491104], [-21.0090141296, -0.0429320856929, -18.811208725, 10.2804079056, 2.61841273308, 11.1791677475, 54.3949699402, -1.5905970335, 4.62836122513, -19.5305671692, 3.82251882553, 1.56470906734, 3.44477725029], [6.06627607346, -43.0694007874, 32.5503120422, -15.0323314667, -2.28652215004, -13.0387859344, -1.5905970335, 81.4424667358, -3.44843101501, 13.694270134, -22.5404453278, 0.681571245193, 0.0143313305452], [9.80369377136, 43.7236671448, -50.1918678284, 18.6259002686, -12.3258571625, -20.3853797913, 4.62836122513, -3.44843101501, 78.6666488647, -8.92969417572, 13.4951267242, -20.8421707153, -7.59660148621], [12.6178731918, -35.4309005737, 35.816608429, -24.4997138977, 8.06634426117, 1.65623688698, -19.5305671692, 13.694270134, -8.92969417572, 61.8386077881, -5.19857692719, 23.4155864716, -15.8834648132], [-40.8921699524, 47.9251937866, -35.7510910034, 12.0762939453, -20.7632789612, 4.50613260269, 3.82251882553, -22.5404453278, 13.4951267242, -5.19857692719, 54.4061050415, 0.276961475611, 15.921339035], [-6.72297239304, -17.7672557831, 27.9983444214, -19.366645813, 4.27782821655, 2.52102375031, 1.56470906734, 0.681571245193, -20.8421707153, 23.4155864716, 0.276961475611, 57.2871017456, 8.80865478516], [-21.5202770233, 28.9056224823, -7.05060052872, 0.0515499971807, -18.0126361847, 6.98290491104, 3.44477725029, 0.0143313305452, -7.59660148621, -15.8834648132, 15.921339035, 8.80865478516, 69.5453643799]]
        icov: [[0.000755379791372, 0.000591964053456, 0.000607280177064, -0.00135878229048, 0.000683953694534, -0.00092247640714, 0.000776082044467, -1.86178076547e-05, -0.000233779341215, -0.000273841054877, 0.00105194549542, -0.000495962507557, 1.55257930601e-05], [0.000591964053456, 0.0121680013835, 0.00280139665119, -0.00537290563807, 0.00721786543727, 0.00065478333272, 0.00294760731049, 0.00380553421564, -0.00256538484246, 0.00160507438704, -0.00170313357376, -0.00126439845189, -0.00229295040481], [0.000607280177064, 0.00280139665119, 0.015788635239, -0.00243709143251, -0.00462482823059, 0.00568239483982, 0.00262239715084, -0.00222131656483, 0.00740333879367, -0.0051006753929, 0.00390010816045, -0.00245081516914, -0.00221052463166], [-0.00135878229048, -0.00537290563807, -0.00243709143251, 0.0368007645011, -0.0126086622477, -0.00535401562229, -0.00179321307223, -0.000837600731757, -0.00582283362746, 0.0112656531855, -0.00876584462821, 0.00604204228148, 0.00207766401581], [0.000683953694534, 0.00721786543727, -0.00462482823059, -0.0126086622477, 0.0421423353255, -0.01048381906, -3.38914433087e-05, 0.00636281725019, -0.00261477543972, -0.00138453312684, 0.0123528223485, -0.00377580313943, 0.0057686585933], [-0.00092247640714, 0.00065478333272, 0.00568239483982, -0.00535401562229, -0.01048381906, 0.0331457220018, -0.00736230891198, 0.00307646673173, 0.01221389696, -0.0090163834393, -0.00342450872995, 0.00408219918609, -0.00611513108015], [0.000776082044467, 0.00294760731049, 0.00262239715084, -0.00179321307223, -3.38914433087e-05, -0.00736230891198, 0.0257262438536, -0.00271030189469, -0.00353726814501, 0.0108996573836, -0.000841652217787, -0.00726509839296, 0.0019548041746], [-1.86178076547e-05, 0.00380553421564, -0.00222131656483, -0.000837600731757, 0.00636281725019, 0.00307646673173, -0.00271030189469, 0.0179538540542, -0.00168796430808, -0.00423760665581, 0.00611306168139, 0.00281878071837, -0.00325113511644], [-0.000233779341215, -0.00256538484246, 0.00740333879367, -0.00582283362746, -0.00261477543972, 0.01221389696, -0.00353726814501, -0.00168796430808, 0.0238788835704, -0.00705371424556, -0.00102788384538, 0.00484189856797, 0.000640138052404], [-0.000273841054877, 0.00160507438704, -0.0051006753929, 0.0112656531855, -0.00138453312684, -0.0090163834393, 0.0108996573836, -0.00423760665581, -0.00705371424556, 0.0340758487582, -0.00728279631585, -0.0107887955382, 0.00877625495195], [0.00105194549542, -0.00170313357376, 0.00390010816045, -0.00876584462821, 0.0123528223485, -0.00342450872995, -0.000841652217787, 0.00611306168139, -0.00102788384538, -0.00728279631585, 0.0335286296904, -0.0030325697735, -0.00404832698405], [-0.000495962507557, -0.00126439845189, -0.00245081516914, 0.00604204228148, -0.00377580313943, 0.00408219918609, -0.00726509839296, 0.00281878071837, 0.00484189856797, -0.0107887955382, -0.0030325697735, 0.0275667775422, -0.00564197031781], [1.55257930601e-05, -0.00229295040481, -0.00221052463166, 0.00207766401581, 0.0057686585933, -0.00611513108015, 0.0019548041746, -0.00325113511644, 0.000640138052404, 0.00877625495195, -0.00404832698405, -0.00564197031781, 0.0208390112966]]
    spectral_contrast:
        mean: [-4.16490905764e-07, -1.34800316687e-07, 3.04145792995e-08, -2.55941245086e-07, -3.07267470134e-07, -3.40657095421e-07, 1.67948508079e-06, 3.33258270757e-07, -4.30753942737e-07, 5.1858801271e-06, 3.3279260947e-07, 7.26569567178e-07]
        var: [0.000181398849236, 0.000381029531127, 0.000852556200698, 0.00117928010877, 0.00163306680042, 0.00267843645997, 0.025687392801, 0.0633389651775, 0.0980909392238, 0.141339719296, 0.328678518534, 0.791982531548]

rhythm:
    beats_loudness:
        dmean: 0.00110725848936
        dmean2: 0.00171289418358
        dvar: 4.75954095691e-07
        dvar2: 1.34683784836e-06
        max: 0.00912836287171
        mean: 0.00706433085725
        min: 0.00484237493947
        var: 1.551925493e-06
    beats_loudness_bass:
        dmean: 0.0968737006187
        dmean2: 0.163005262613
        dvar: 0.00526992231607
        dvar2: 0.015111672692
        max: 0.389284312725
        mean: 0.264327704906
        min: 0.12939427793
        var: 0.00732837524265
    bpm: 110.025260925
    bpm_confidence: 0
    first_peak_bpm: 118
    first_peak_spread: 0.0833333730698
    first_peak_weight: 0.611111104488
    onset_rate: 0.69783526659
    second_peak_bpm: 110
    second_peak_spread: 0
    second_peak_weight: 0.333333343267
    beats_position: [0.0527746230364, 0.563244462013, 1.07371413708, 1.58418405056, 2.09465384483, 2.6051235199, 3.11559343338, 3.62606310844, 4.13653278351, 4.64700269699, 5.15747261047, 5.66794252396, 6.1877207756, 6.7330532074, 7.27838516235, 7.82371711731, 8.36904907227, 8.91438102722, 9.45971393585]
    bpm_estimates: [110.221420288, 109.679260254, 110.175086975]
    bpm_intervals: [0.510469853878, 0.510469675064, 0.510469913483, 0.510469794273, 0.510469675064, 0.510469913483, 0.510469675064, 0.510469675064, 0.510469913483, 0.510469913483, 0.510469913483, 0.519778251648, 0.545332431793, 0.545331954956, 0.545331954956, 0.545331954956, 0.545331954956, 0.54533290863]
    onset_times: [0.0580498874187, 3.28562355042, 3.39011335373, 8.33596324921, 9.45052146912, 9.72916126251, 10.0078001022]
    rubato_start: []
    rubato_stop: []
    perceptual_tempo: "unknown"

sfx:
    inharmonicity:
        dmean: 0.0517375841737
        dmean2: 0.0893909931183
        dvar: 0.0027722667437
        dvar2: 0.00800674781203
        max: 0.325709432364
        mean: 0.0675299167633
        min: 0.000590053154156
        var: 0.00315542682074
    oddtoevenharmonicenergyratio:
        dmean: 3.14213061333
        dmean2: 5.97392416
        dvar: 134.128097534
        dvar2: 396.608978271
        max: 127.433837891
        mean: 2.01805448532
        min: 0.00453955074772
        var: 70.065071106
    pitch_after_max_to_before_max_energy_ratio: 21.6003398895
    pitch_centroid: 256.413299561
    pitch_max_to_total: 0.0416666679084
    pitch_min_to_total: 0.458333343267
    tristimulus:
        dmean: [0.172240003943, 0.247169852257, 0.159328013659]
        dmean2: [0.303923249245, 0.442008793354, 0.276378333569]
        dvar: [0.0205989964306, 0.0413740500808, 0.0199561920017]
        dvar2: [0.0601536072791, 0.109057039022, 0.0513883382082]
        max: [0.824365496635, 0.986672520638, 0.784683763981]
        mean: [0.287780046463, 0.477666586637, 0.19597274065]
        min: [0.0133274504915, 0, 0]
        var: [0.0341338440776, 0.056018229574, 0.0312061458826]

tonal:
    chords_changes_rate: 0.074074074626
    chords_number_rate: 0.0185185186565
    chords_strength:
        dmean: 0.00560260796919
        dmean2: 0.00576618453488
        dvar: 2.18435034185e-05
        dvar2: 2.00895810849e-05
        max: 0.731123745441
        mean: 0.581611871719
        min: 0.453037559986
        var: 0.00777671858668
    key_strength: 0.778322219849
    tuning_diatonic_strength: 0.658780157566
    tuning_equal_tempered_deviation: 0.14920078218
    tuning_frequency: 441.017791748
    tuning_nontempered_energy_ratio: 0.792655587196
    hpcp:
        dmean: [0.0894155427814, 0.0859041064978, 0.0694433376193, 0.0643969625235, 0.0813706889749, 0.159952580929, 0.184933006763, 0.263282895088, 0.217515721917, 0.115396507084, 0.0758501365781, 0.0720020383596, 0.0666419044137, 0.06102367118, 0.0726226642728, 0.0638261958957, 0.0647481456399, 0.108116663992, 0.112062379718, 0.0885913968086, 0.170146793127, 0.202065899968, 0.22464390099, 0.181045874953, 0.100094594061, 0.0642949342728, 0.067471191287, 0.0873693302274, 0.105108499527, 0.129051432014, 0.105808407068, 0.093547962606, 0.111585631967, 0.120282076299, 0.108017675579, 0.0963764116168]
        dmean2: [0.147788450122, 0.143632009625, 0.118074089289, 0.108258292079, 0.140886470675, 0.266226172447, 0.307672888041, 0.453660190105, 0.395149558783, 0.207945629954, 0.122401870787, 0.114762529731, 0.110329419374, 0.0985816344619, 0.113821022213, 0.10043926537, 0.108599349856, 0.178817257285, 0.188766211271, 0.160486385226, 0.293059051037, 0.332085937262, 0.388702988625, 0.318956166506, 0.184937790036, 0.117896959186, 0.114728964865, 0.146954074502, 0.167668417096, 0.207563772798, 0.156147107482, 0.142355844378, 0.166961997747, 0.184606030583, 0.178266957402, 0.156386569142]
        dvar: [0.00943108275533, 0.00832058303058, 0.00543248699978, 0.0057722106576, 0.0145842889324, 0.0243971217424, 0.0384319424629, 0.0412579774857, 0.0438565127552, 0.0380378067493, 0.0126679986715, 0.00751944584772, 0.00709268916398, 0.00325430650264, 0.00394046213478, 0.00335745303892, 0.00340829836205, 0.0124129010364, 0.016029978171, 0.0114158131182, 0.0282044205815, 0.0399712398648, 0.0390761010349, 0.0422727018595, 0.0311060901731, 0.0207700952888, 0.00891860667616, 0.0124305533245, 0.00934591982514, 0.0139112705365, 0.00927808042616, 0.0120852272958, 0.0147225996479, 0.0152181806043, 0.0119779584929, 0.0100806057453]
        dvar2: [0.0247702971101, 0.0229242537171, 0.0134067768231, 0.0138620687649, 0.0364527516067, 0.0599780827761, 0.0911513119936, 0.126279532909, 0.128577739, 0.10656208545, 0.0336968041956, 0.0182921532542, 0.0182282421738, 0.00835523940623, 0.0103867314756, 0.00837969593704, 0.00799153838307, 0.0317328609526, 0.0409295372665, 0.0317594408989, 0.0816619098186, 0.0927181690931, 0.121295794845, 0.113365396857, 0.0885754227638, 0.0598340295255, 0.0226423181593, 0.0270362272859, 0.0206058956683, 0.0322690866888, 0.0218653194606, 0.0301228109747, 0.0342830866575, 0.0352224893868, 0.0285573117435, 0.0282424613833]
        max: [0.692970752716, 0.551329195499, 0.484203606844, 0.614756703377, 0.790541887283, 1, 1, 1, 1, 1, 1, 0.653089821339, 0.622695207596, 0.576922357082, 0.646900177002, 0.532924115658, 0.485364019871, 1, 1, 0.773925364017, 1, 1, 1, 1, 1, 1, 0.616933703423, 1, 1, 1, 1, 1, 0.906912624836, 1, 0.939632296562, 0.796243667603]
        mean: [0.169232010841, 0.17306125164, 0.16089206934, 0.134440049529, 0.13027189672, 0.351665049791, 0.732917904854, 0.645047008991, 0.27872505784, 0.165125831962, 0.159676834941, 0.157380178571, 0.146195083857, 0.151722624898, 0.178722009063, 0.165419399738, 0.173608228564, 0.321904420853, 0.311644136906, 0.15778067708, 0.323150485754, 0.596828818321, 0.481771826744, 0.207239031792, 0.105177201331, 0.0736582651734, 0.111125029624, 0.179570645094, 0.269269645214, 0.365220248699, 0.298786044121, 0.210330456495, 0.241423666477, 0.260458379984, 0.235805645585, 0.191542714834]
        min: [0.0166074130684, 0.0170814134181, 0.0354063473642, 0.0288338195533, 0.0163972824812, 0.0548533685505, 0.0779342129827, 0.0693532302976, 0.013664224185, 0.0134011730552, 0.032185792923, 0.0308711286634, 0.0358504205942, 0.031995460391, 0.0295515712351, 0.0315113849938, 0.0340305045247, 0.0423467978835, 0.0335644111037, 0.0326328910887, 0.0238435380161, 0.0551959015429, 0.0403945446014, 0.0155188860372, 0.00838588643819, 0.00722944317386, 0.00799952074885, 0.0107815274969, 0.0436274670064, 0.0458140596747, 0.040121100843, 0.0241138227284, 0.0327043198049, 0.036852478981, 0.041141808033, 0.0206039361656]
        var: [0.0156716387719, 0.0135194398463, 0.010049960576, 0.00871973391622, 0.0146707845852, 0.0355485491455, 0.0806057751179, 0.0720163881779, 0.0512781850994, 0.0294789895415, 0.0152722122148, 0.0137843824923, 0.00973826833069, 0.00714920228347, 0.0104922940955, 0.00841679237783, 0.00953104253858, 0.0616844333708, 0.0575948916376, 0.0124730402604, 0.0464286468923, 0.0940878018737, 0.0634614229202, 0.0409223586321, 0.0206933245063, 0.0131679093465, 0.0103553691879, 0.0249626990408, 0.0357979983091, 0.0641799271107, 0.0422915369272, 0.0274537559599, 0.0293503794819, 0.0316542722285, 0.0246693231165, 0.0169053394347]
    chords_histogram: [73.148147583, 0, 10.6481485367, 0, 0, 0, 0, 4.16666650772, 0, 12.0370368958, 0, 0, 0, 0, 0, 0, 0, 0, 0, 0, 0, 0, 0, 0]
    thpcp: [1, 0.880108118057, 0.380295068026, 0.225299224257, 0.217864558101, 0.214730978012, 0.199469923973, 0.207011759281, 0.24384996295, 0.22569976747, 0.236872673035, 0.439209371805, 0.425210148096, 0.215277418494, 0.440909534693, 0.814318776131, 0.65733397007, 0.28275886178, 0.143504753709, 0.100500024855, 0.151620030403, 0.24500785768, 0.367394000292, 0.498309910297, 0.407666444778, 0.286976844072, 0.32940068841, 0.355371832848, 0.321735411882, 0.261342674494, 0.230901733041, 0.236126378179, 0.219522640109, 0.183431252837, 0.177744179964, 0.479815065861]
    chords_key: "E"
    chords_scale: "minor"
    key_key: "E"
    key_scale: "minor"
    chords_progression: ["B", "B", "B", "B", "B", "B", "B", "Em", "Em", "B", "Em", "B", "B", "Em", "Em", "Em", "B", "Em", "B", "B", "B", "B", "B", "Em", "Em", "Em", "Em", "Em", "Em", "Em", "Bm", "Bm", "Bm", "Bm", "Bm", "Bm", "Bm", "Bm", "Bm", "Bm", "Bm", "Bm", "Bm", "Bm", "Bm", "Bm", "Bm", "Bm", "Bm", "Bm", "Bm", "Bm", "Bm", "B", "B", "B", "B", "B", "B", "B", "Em", "Em", "Em", "Em", "Em", "B", "B", "B", "Em", "Em", "Em", "Em", "Em", "Em", "Em", "Em", "Em", "Em", "Em", "Em", "Em", "Em", "Em", "Em", "Em", "Em", "Em", "Em", "Em", "Em", "Em", "Em", "Em", "Em", "Em", "Em", "Em", "Em", "Em", "Em", "Em", "Em", "Em", "Em", "Em", "Em", "Em", "Em", "Em", "Em", "Em", "Em", "Em", "Em", "Em", "Em", "E", "E", "E", "E", "E", "E", "E", "E", "E", "Em", "Em", "Em", "Em", "Em", "Em", "Em", "Em", "Em", "Em", "Em", "Em", "Em", "Em", "Em", "Em", "Em", "Em", "Em", "Em", "Em", "Em", "Em", "Em", "Em", "Em", "Em", "Em", "Em", "Em", "Em", "Em", "Em", "Em", "Em", "Em", "Em", "Em", "Em", "Em", "Em", "Em", "Em", "Em", "Em", "Em", "Em", "Em", "Em", "Em", "Em", "Em", "Em", "Em", "Em", "Em", "Em", "Em", "Em", "Em", "Em", "Em", "Em", "Em", "Em", "Em", "Em", "Em", "Em", "Em", "Em", "Em", "Em", "Em", "Em", "Em", "Em", "Em", "Em", "Em", "Em", "Em", "Em", "Em", "Em", "Em", "Em", "Em", "Em", "Em", "Em"]
