
metadata:
    version:
        essentia: "1.2.2"
    audio_properties:
        analysis_sample_rate: 44100
        bitrate: 128
        channels: 2
        equal_loudness: 1
        length: 10.0048980713
        replay_gain: -9.44223594666
        downmix: "mix"
    tags:
        track: 2
        year: 0
        album: "Splitted by Mp3Splt v. 2.1"
        artist: "From 000.10 To 000.20"
        comment: "http://mp3splt.sf.net"
        genre: ""
        title: "02 track 2.mp3"

highlevel:
    ballroom:
        all:
            ChaChaCha: 0.387973815203
            Jive: 0.213385894895
            Quickstep: 0.0955583378673
            Rumba-American: 0.00568673759699
            Rumba-International: 0.0398640073836
            Rumba-Misc: 0.0145843131468
            Samba: 0.188684254885
            Tango: 0.0126077672467
            VienneseWaltz: 0.0312784686685
            Waltz: 0.0103764059022
        probability: 0.387973815203
        value: "ChaChaCha"
    culture:
        all:
            non_western: 0.844415545464
            western: 0.155584439635
        probability: 0.844415545464
        value: "non_western"
    gender:
        all:
            female: 0.0040240236558
            male: 0.995975971222
        probability: 0.995975971222
        value: "male"
    genre_dortmund:
        all:
            alternative: 0.0476669594646
            blues: 0.229603037238
            electronic: 0.0287929195911
            folkcountry: 0.0603224299848
            funksoulrnb: 0.0412270389497
            jazz: 0.152039334178
            pop: 0.0457848645747
            raphiphop: 0.0931469798088
            rock: 0.301416456699
        probability: 0.301416456699
        value: "rock"
    genre_electronica:
        all:
            ambient: 0.181934177876
            dnb: 0.620172441006
            house: 0.109023600817
            techno: 0.0328522920609
            trance: 0.0560175068676
        probability: 0.620172441006
        value: "dnb"
    genre_rosamerica:
        all:
            cla: 0.0402385778725
            dan: 0.105247147381
            hip: 0.0641527846456
            jaz: 0.0269530303776
            pop: 0.186375126243
            rhy: 0.392110943794
            roc: 0.160697996616
            spe: 0.0242243856192
        probability: 0.392110943794
        value: "rhy"
    genre_tzanetakis:
        all:
            blu: 0.00459865015
            cla: 0.00323969265446
            cou: 0.0493353158236
            dis: 0.132353588939
            hip: 0.180098682642
            jaz: 0.0054605784826
            met: 0.00979324057698
            pop: 0.177272111177
            reg: 0.239434212446
            roc: 0.198413938284
        probability: 0.239434212446
        value: "reg"
    live_studio:
        all:
            live: 0.906067430973
            studio: 0.0939325541258
        probability: 0.906067430973
        value: "live"
    mood:
        all:
            Cluster1: 0.175747737288
            Cluster2: 0.227006420493
            Cluster3: 0.110616847873
            Cluster4: 0.206790819764
            Cluster5: 0.279838174582
        probability: 0.279838174582
        value: "Cluster5"
    mood_acoustic:
        all:
            acoustic: 0.114517748356
            not_acoustic: 0.885482251644
        probability: 0.885482251644
        value: "not_acoustic"
    mood_aggressive:
        all:
            aggressive: 0.110781878233
            not_aggressive: 0.889218151569
        probability: 0.889218151569
        value: "not_aggressive"
    mood_electronic:
        all:
            electronic: 0.476706176996
            not_electronic: 0.523293793201
        probability: 0.523293793201
        value: "not_electronic"
    mood_happy:
        all:
            happy: 0.484786331654
            not_happy: 0.515213668346
        probability: 0.515213668346
        value: "not_happy"
    mood_party:
        all:
            not_party: 0.435051381588
            party: 0.564948618412
        probability: 0.564948618412
        value: "party"
    mood_relaxed:
        all:
            not_relaxed: 0.729702830315
            relaxed: 0.270297169685
        probability: 0.729702830315
        value: "not_relaxed"
    mood_sad:
        all:
            not_sad: 0.643079340458
            sad: 0.35692062974
        probability: 0.643079340458
        value: "not_sad"
    rhythm:
        all:
            fast: 0.911137223244
            medium: 0.0626789629459
            slow: 0.0261838063598
        probability: 0.911137223244
        value: "fast"
    speech_music:
        all:
            music: 0.992485880852
            speech: 0.00751412194222
        probability: 0.992485880852
        value: "music"
    timbre:
        all:
            bright: 0.0607124678791
            dark: 0.939287543297
        probability: 0.939287543297
        value: "dark"
    voice_instrumental:
        all:
            instrumental: 0.249509051442
            voice: 0.750490963459
        probability: 0.750490963459
        value: "voice"

lowlevel:
    average_loudness: 0.95742470026
    barkbands_kurtosis:
        dmean: 2.16199088097
        dmean2: 3.59299755096
        dvar: 14.6474027634
        dvar2: 39.0723876953
        max: 41.2625274658
        mean: 1.27704000473
        min: -1.81311821938
        var: 17.9944953918
    barkbands_skewness:
        dmean: 0.595080733299
        dmean2: 0.891778886318
        dvar: 0.330486744642
        dvar2: 0.814176857471
        max: 4.53962039948
        mean: 0.84324914217
        min: -2.74688243866
        var: 1.27130353451
    barkbands_spread:
        dmean: 6.28523015976
        dmean2: 9.42394733429
        dvar: 37.2304649353
        dvar2: 90.9610290527
        max: 60.7024612427
        mean: 23.4158210754
        min: 0.683326125145
        var: 131.605056763
    dissonance:
        dmean: 0.0233788341284
        dmean2: 0.0366569086909
        dvar: 0.000679545511957
        dvar2: 0.00133183051366
        max: 0.500000059605
        mean: 0.457801371813
        min: 0.184143900871
        var: 0.00152882374823
    hfc:
        dmean: 2.15921616554
        dmean2: 2.90521669388
        dvar: 17.1671104431
        dvar2: 38.0960731506
        max: 51.2299156189
        mean: 5.13766002655
        min: 0.0019391712267
        var: 52.3109359741
    pitch:
        dmean: 387.475738525
        dmean2: 742.944824219
        dvar: 787566.875
        dvar2: 1823270
        max: 4410
        mean: 832.261169434
        min: 80.4744491577
        var: 1638586.25
    pitch_instantaneous_confidence:
        dmean: 0.0977875441313
        dmean2: 0.148661270738
        dvar: 0.00778409186751
        dvar2: 0.0163718126714
        max: 0.919863045216
        mean: 0.425733476877
        min: 0.138619422913
        var: 0.0314614512026
    pitch_salience:
        dmean: 0.0822878181934
        dmean2: 0.130116119981
        dvar: 0.00472437217832
        dvar2: 0.0114240208641
        max: 0.825738191605
        mean: 0.600741267204
        min: 0.268796563148
        var: 0.0117434794083
    silence_rate_20dB:
        dmean: 0
        dmean2: 0
        dvar: 0
        dvar2: 0
        max: 1
        mean: 1
        min: 1
        var: 0
    silence_rate_30dB:
        dmean: 0
        dmean2: 0
        dvar: 0
        dvar2: 0
        max: 1
        mean: 1
        min: 1
        var: 0
    silence_rate_60dB:
        dmean: 0.140515223145
        dmean2: 0.281690150499
        dvar: 0.12077087909
        dvar2: 0.225813567638
        max: 1
        mean: 0.56775701046
        min: 0
        var: 0.245409727097
    spectral_centroid:
        dmean: 258.785736084
        dmean2: 357.191253662
        dvar: 71984.5234375
        dvar2: 122608.34375
        max: 4111.60888672
        mean: 1151.52038574
        min: 119.640388489
        var: 518205.71875
    spectral_complexity:
        dmean: 3.03791475296
        dmean2: 4.26603317261
        dvar: 15.2023763657
        dvar2: 23.0076065063
        max: 37
        mean: 9.39716339111
        min: 0
        var: 59.6200866699
    spectral_crest:
        dmean: 2.91665315628
        dmean2: 4.9466047287
        dvar: 6.6353468895
        dvar2: 15.7039461136
        max: 23.5342559814
        mean: 9.1798324585
        min: 3.14047336578
        var: 13.9578371048
    spectral_decrease:
        dmean: 3.27847388126e-10
        dmean2: 4.84680795498e-10
        dvar: 1.90400950385e-19
        dvar2: 3.37818132324e-19
        max: -4.92773953153e-13
        mean: -8.44498360131e-10
        min: -3.79213282997e-09
        var: 5.12266491006e-19
    spectral_energy:
        dmean: 0.0014089847682
        dmean2: 0.00204840046354
        dvar: 3.44496993421e-06
        dvar2: 6.23470350547e-06
        max: 0.0155702484772
        mean: 0.00365333119407
        min: 2.03569993573e-06
        var: 1.0131390809e-05
    spectral_energyband_high:
        dmean: 0.000116668801638
        dmean2: 0.000163434640854
        dvar: 1.02012933212e-07
        dvar2: 2.2172163483e-07
        max: 0.00427612569183
        mean: 0.000237442029174
        min: 1.95375182699e-09
        var: 3.49399300603e-07
    spectral_energyband_low:
        dmean: 0.00014842087694
        dmean2: 0.00024908859632
        dvar: 8.1707419497e-08
        dvar2: 2.21510859433e-07
        max: 0.00230601290241
        mean: 0.0002514081134
        min: 2.818993039e-08
        var: 1.17979091385e-07
    spectral_energyband_middle_high:
        dmean: 0.00059412792325
        dmean2: 0.000823833455797
        dvar: 1.01617104065e-06
        dvar2: 2.29806209973e-06
        max: 0.010837608017
        mean: 0.00135981768835
        min: 2.04441818141e-07
        var: 2.65915696218e-06
    spectral_energyband_middle_low:
        dmean: 0.000940794649068
        dmean2: 0.00141876284033
        dvar: 1.73580747287e-06
        dvar2: 3.42594444191e-06
        max: 0.0110685424879
        mean: 0.00180465029553
        min: 1.54260465024e-06
        var: 3.4883371427e-06
    spectral_flatness_db:
        dmean: 0.026803035289
        dmean2: 0.0392882525921
        dvar: 0.000759590649977
        dvar2: 0.00145546009298
        max: 0.608482062817
        mean: 0.194862559438
        min: 0.0774044543505
        var: 0.00349502218887
    spectral_flux:
        dmean: 0.0103667937219
        dmean2: 0.0161741841584
        dvar: 0.000132075918373
        dvar2: 0.000280300359009
        max: 0.106105916202
        mean: 0.0355276949704
        min: 0.00205773534253
        var: 0.000379876117222
    spectral_kurtosis:
        dmean: 3.86961960793
        dmean2: 5.92240142822
        dvar: 107.388137817
        dvar2: 181.539230347
        max: 179.660598755
        mean: 7.02305603027
        min: -0.348917484283
        var: 157.166763306
    spectral_rms:
        dmean: 0.00035626013414
        dmean2: 0.000504162802827
        dvar: 1.64276812598e-07
        dvar2: 2.53506954095e-07
        max: 0.00389749743044
        mean: 0.00171024852898
        min: 4.45651057817e-05
        var: 6.39273594061e-07
    spectral_rolloff:
        dmean: 488.834381104
        dmean2: 771.716918945
        dvar: 314994.28125
        dvar2: 579606.4375
        max: 5383.30078125
        mean: 2106.79199219
        min: 129.19921875
        var: 1420780
    spectral_skewness:
        dmean: 0.387964487076
        dmean2: 0.579879522324
        dvar: 0.369890213013
        dvar2: 0.614821493626
        max: 9.59692287445
        mean: 1.72161340714
        min: 0.483883708715
        var: 0.862626612186
    spectral_spread:
        dmean: 437036.46875
        dmean2: 662598.375
        dvar: 274700173312
        dvar2: 586536648704
        max: 6728438
        mean: 3554023.5
        min: 292725.59375
        var: 1.23046867763e+12
    spectral_strongpeak:
        dmean: 0.386189371347
        dmean2: 0.641241729259
        dvar: 0.915622413158
        dvar2: 2.36321759224
        max: 7.7673163414
        mean: 0.566091418266
        min: 0.00385438837111
        var: 1.16516196728
    zerocrossingrate:
        dmean: 0.0102353934199
        dmean2: 0.010587932542
        dvar: 9.88529718597e-05
        dvar2: 8.20381028461e-05
        max: 0.1923828125
        mean: 0.0670388191938
        min: 0.0048828125
        var: 0.0012011998333
    barkbands:
        dmean: [2.59981817408e-07, 4.05288337788e-05, 0.000128004845465, 0.00039513403317, 0.000303967070067, 9.8733966297e-05, 0.000201019254746, 0.000135701498948, 0.000149600527948, 0.000120640142995, 5.24221359228e-05, 3.70496600226e-05, 3.40963124472e-05, 8.19494453026e-05, 5.03171213495e-05, 5.32243611815e-05, 7.11685788701e-05, 6.88208965585e-05, 0.000273818382993, 0.000121514756756, 5.63598296139e-05, 1.70920575329e-05, 2.1908817871e-06, 1.07429116269e-06, 4.80437108763e-07, 1.36681848062e-08, 1.81283196787e-10]
        dmean2: [3.84445513646e-07, 6.44155443297e-05, 0.000215272651985, 0.000618496211246, 0.000477750174468, 0.000147556958837, 0.000321861851262, 0.000223874885705, 0.000243605492869, 0.000199823334697, 7.76523229433e-05, 5.56253435207e-05, 5.69661096961e-05, 0.000131996610435, 8.03834263934e-05, 8.29154159874e-05, 0.000111970519356, 9.71439803834e-05, 0.000413218920585, 0.000166359284776, 8.53779201861e-05, 2.51696656051e-05, 3.15093507197e-06, 1.63829281519e-06, 6.45065028948e-07, 2.05946264487e-08, 3.25834914605e-10]
        dvar: [3.74598057651e-13, 5.35886446329e-09, 6.94633115472e-08, 7.1471413321e-07, 2.489839801e-07, 2.57812775573e-08, 1.68288224245e-07, 1.60658132131e-07, 9.32971104817e-08, 5.68749065621e-08, 1.1490161711e-08, 1.12692539744e-08, 7.94610777177e-09, 1.75114021062e-08, 7.67924301925e-09, 1.27307817621e-08, 1.86492332688e-08, 1.23466996627e-08, 6.35020057871e-07, 8.51789820899e-08, 2.84124865857e-08, 4.12833855989e-09, 4.2868507355e-11, 1.01232165012e-11, 1.53038465147e-12, 1.1915379758e-15, 1.30601595287e-19]
        dvar2: [6.90904961281e-13, 1.43441969414e-08, 1.90152860569e-07, 1.68527208189e-06, 5.49297453745e-07, 5.83392001374e-08, 3.54867694341e-07, 4.09425126691e-07, 2.12255969245e-07, 1.57703510695e-07, 2.55213645772e-08, 2.20073239632e-08, 2.20949836205e-08, 4.18689651838e-08, 1.99499599063e-08, 3.452684183e-08, 4.40003482538e-08, 2.44909053038e-08, 1.60399702054e-06, 1.816895292e-07, 7.39233385616e-08, 9.98320803802e-09, 6.86502243941e-11, 1.96195403673e-11, 2.59700225734e-12, 2.84000363984e-15, 3.49152186926e-19]
        max: [6.30222302789e-06, 0.000573959900066, 0.00199156813323, 0.00820379797369, 0.00487914215773, 0.00217651459388, 0.00470024347305, 0.0044906954281, 0.00479393312708, 0.00251367432065, 0.00131174491253, 0.00184179109056, 0.000822106783744, 0.0014665343333, 0.000921650673263, 0.00183275702875, 0.00165195553564, 0.00104025274049, 0.00799621175975, 0.00363109284081, 0.00225318036973, 0.00113008718472, 0.000100763783848, 3.65670166502e-05, 2.05380219995e-05, 4.00237269105e-07, 3.33433081146e-09]
        mean: [3.77197579837e-07, 6.6805339884e-05, 0.000184240474482, 0.00048481815611, 0.000429935666034, 0.000150683525135, 0.000273148267297, 0.000155806017574, 0.000278946565231, 0.000170158731635, 7.39969837014e-05, 5.56587256142e-05, 4.26566002716e-05, 0.000121805176605, 7.51299812691e-05, 8.80920561031e-05, 0.000122759098304, 0.000124533689814, 0.000410006352467, 0.000212939688936, 9.34184718062e-05, 2.94921701425e-05, 4.44854276793e-06, 2.40684789787e-06, 1.04353898678e-06, 2.56963481604e-08, 1.68459551864e-10]
        min: [3.42063595331e-12, 8.34362090529e-09, 6.18203133129e-09, 8.10721800804e-09, 4.33495088714e-08, 1.59502889119e-07, 3.75539030983e-08, 7.10747301014e-08, 1.27109956338e-07, 8.18507643885e-08, 1.61427600176e-08, 4.13011269629e-09, 8.03189514897e-09, 1.16951754947e-08, 6.85109169396e-09, 1.10427347266e-08, 8.01572053177e-09, 6.00726801636e-09, 6.07557737453e-09, 2.0934110001e-09, 5.01013064369e-10, 4.13524874066e-11, 1.66065555404e-12, 2.85998167423e-13, 2.46831363942e-13, 3.68152638366e-14, 1.37600866506e-14]
        var: [7.30878844859e-13, 1.02252073475e-08, 8.07664122249e-08, 8.00666725809e-07, 4.33268837696e-07, 3.92913790392e-08, 3.05743611761e-07, 1.49436473862e-07, 3.37843488296e-07, 7.81592106591e-08, 2.25846736868e-08, 2.20239524396e-08, 7.18903647723e-09, 3.5404209342e-08, 1.14293268183e-08, 2.09007211538e-08, 3.87209126984e-08, 2.97399385119e-08, 1.00240538359e-06, 2.71374915428e-07, 6.21329263595e-08, 7.54725881791e-09, 1.59918481235e-10, 3.78197161088e-11, 6.45800253551e-12, 3.67768534335e-15, 1.35768501435e-19]
    mfcc:
        mean: [-776.903808594, 150.907485962, -65.0510940552, 55.1776542664, -23.4681930542, -9.43812847137, -6.65507888794, -10.4025411606, 1.09672796726, -4.54355049133, -2.05125975609, -14.955704689, -11.2041654587]
        cov: [[8084.29492188, -3342.69726562, 1209.98974609, -584.468505859, 300.958465576, -224.489303589, 271.156158447, 126.35786438, -112.436149597, 175.95854187, -32.4291305542, 137.366729736, -11.6400575638], [-3342.69726562, 2842.74853516, -1099.91223145, 667.922851562, -243.990997314, 331.35256958, -148.889053345, -50.6868438721, 97.5905532837, -116.464729309, 141.580718994, -137.514282227, 41.7868652344], [1209.98974609, -1099.91223145, 1574.25610352, -533.775024414, 447.967498779, -120.439117432, 387.296722412, 73.4905548096, -15.1476306915, 51.6170387268, -38.7896728516, 265.798706055, 42.3934249878], [-584.468505859, 667.922851562, -533.775024414, 1401.78637695, -195.295593262, 479.858917236, -96.5791397095, 55.0371742249, 17.8037471771, 80.2914657593, 64.6934814453, -37.913105011, 120.038528442], [300.958465576, -243.990997314, 447.967498779, -195.295593262, 297.228637695, -39.2097663879, 154.114700317, 30.356098175, 26.9791660309, 39.1119842529, -4.20047950745, 99.0635910034, 9.04306507111], [-224.489303589, 331.35256958, -120.439117432, 479.858917236, -39.2097663879, 359.074279785, 66.0331497192, 84.6075668335, 17.4505004883, 15.0702457428, 65.4816741943, -33.2420730591, 55.3524780273], [271.156158447, -148.889053345, 387.296722412, -96.5791397095, 154.114700317, 66.0331497192, 242.288650513, 90.4842300415, 31.9758911133, 35.0356903076, 33.2150344849, 73.8575134277, 36.4495925903], [126.35786438, -50.6868438721, 73.4905548096, 55.0371742249, 30.356098175, 84.6075668335, 90.4842300415, 142.189941406, 19.3907680511, 22.9828777313, 24.097026825, 5.46934747696, 26.8362960815], [-112.436149597, 97.5905532837, -15.1476306915, 17.8037471771, 26.9791660309, 17.4505004883, 31.9758911133, 19.3907680511, 105.734985352, 31.6789970398, 23.6322307587, -1.30467534065, 7.61553287506], [175.95854187, -116.464729309, 51.6170387268, 80.2914657593, 39.1119842529, 15.0702457428, 35.0356903076, 22.9828777313, 31.6789970398, 125.59928894, 25.8784713745, 30.6378059387, 19.5190238953], [-32.4291305542, 141.580718994, -38.7896728516, 64.6934814453, -4.20047950745, 65.4816741943, 33.2150344849, 24.097026825, 23.6322307587, 25.8784713745, 94.3112716675, -2.19322419167, 20.9724807739], [137.366729736, -137.514282227, 265.798706055, -37.913105011, 99.0635910034, -33.2420730591, 73.8575134277, 5.46934747696, -1.30467534065, 30.6378059387, -2.19322419167, 142.536239624, 37.4133529663], [-11.6400575638, 41.7868652344, 42.3934249878, 120.038528442, 9.04306507111, 55.3524780273, 36.4495925903, 26.8362960815, 7.61553287506, 19.5190238953, 20.9724807739, 37.4133529663, 78.3127670288]]
        icov: [[0.000258937536273, 0.000345165142789, 6.31783987046e-05, -3.38756435667e-05, -6.589107943e-05, -1.00983588709e-05, -0.000143841112731, 2.50611101364e-05, 9.78031966952e-05, 4.7344223276e-05, -0.000366089923773, 6.05871900916e-05, -7.07357321517e-06], [0.000345165142789, 0.00112074473873, 0.000608468195423, -0.000141985889059, -0.000306667527184, -0.000309064256726, -0.000472700659884, 0.000506964977831, -0.000415578891989, 0.000987425562926, -0.00111902621575, -0.000252868048847, -0.000143525729072], [6.31783987046e-05, 0.000608468195423, 0.00221776752733, 0.000195456726942, -0.00129178515635, -0.00012859745766, -0.00216639041901, 0.000572266173549, 0.000439629686298, 0.000631839677226, 0.000267545779934, -0.00165230350103, -0.000245669361902], [-3.38756435667e-05, -0.000141985889059, 0.000195456726942, 0.00216974248178, 0.000374533934519, -0.00298185111023, 0.00165566953365, 8.16684696474e-05, -3.73092843802e-05, -0.0015146661317, 0.00101805606391, -0.000967432803009, -0.00152441952378], [-6.589107943e-05, -0.000306667527184, -0.00129178515635, 0.000374533934519, 0.00726117892191, -2.38536376855e-05, -0.00204765354283, 0.000267510971753, -0.0012642435031, -0.0012894414831, 0.000967272382695, -0.00180317135528, 0.00136554590426], [-1.00983588709e-05, -0.000309064256726, -0.00012859745766, -0.00298185111023, -2.38536376855e-05, 0.00873658433557, -0.00375684467144, -0.00171969772782, 0.000881130399648, 0.00160708790645, -0.00238407426514, 0.00292315823026, -0.000275157828582], [-0.000143841112731, -0.000472700659884, -0.00216639041901, 0.00165566953365, -0.00204765354283, -0.00375684467144, 0.0133193675429, -0.00441146316007, -0.00169969117269, -0.000910460774321, -0.00145207811147, -0.00148724881001, -0.00143838010263], [2.50611101364e-05, 0.000506964977831, 0.000572266173549, 8.16684696474e-05, 0.000267510971753, -0.00171969772782, -0.00441146316007, 0.011050850153, -0.000596547150053, -0.000412428111304, 2.7439200494e-05, 0.00121886131819, -0.00167964736465], [9.78031966952e-05, -0.000415578891989, 0.000439629686298, -3.73092843802e-05, -0.0012642435031, 0.000881130399648, -0.00169969117269, -0.000596547150053, 0.0119818048552, -0.00290270964615, -0.00117152032908, 0.00144212145824, -0.000242710200837], [4.7344223276e-05, 0.000987425562926, 0.000631839677226, -0.0015146661317, -0.0012894414831, 0.00160708790645, -0.000910460774321, -0.000412428111304, -0.00290270964615, 0.011884319596, -0.00349303195253, -0.00156063353643, 3.90963868995e-05], [-0.000366089923773, -0.00111902621575, 0.000267545779934, 0.00101805606391, 0.000967272382695, -0.00238407426514, -0.00145207811147, 2.7439200494e-05, -0.00117152032908, -0.00349303195253, 0.0155025450513, 0.000109055967187, -0.00214198650792], [6.05871900916e-05, -0.000252868048847, -0.00165230350103, -0.000967432803009, -0.00180317135528, 0.00292315823026, -0.00148724881001, 0.00121886131819, 0.00144212145824, -0.00156063353643, 0.000109055967187, 0.0139979477972, -0.00552997924387], [-7.07357321517e-06, -0.000143525729072, -0.000245669361902, -0.00152441952378, 0.00136554590426, -0.000275157828582, -0.00143838010263, -0.00167964736465, -0.000242710200837, 3.90963868995e-05, -0.00214198650792, -0.00552997924387, 0.0198257323354]]
    spectral_contrast:
        mean: [-2.02592389087e-07, 2.84196488565e-08, 2.51838002896e-07, -1.27828982954e-07, 1.79166207204e-07, -3.81256597848e-07, -5.26155417901e-07, -8.40171878735e-07, 4.15774093199e-06, -1.50209345406e-07, 3.76256070922e-06, -1.7303665345e-06]
        var: [0.000698973308317, 0.00107878260314, 0.00131429720204, 0.00309192179702, 0.00606759777293, 0.00656629214063, 0.0586797781289, 0.165559083223, 0.317742556334, 0.713948488235, 1.28495514393, 5.07096624374]

rhythm:
    beats_loudness:
        dmean: 0.00409215129912
        dmean2: 0.00689976243302
        dvar: 9.85124825092e-06
        dvar2: 3.18240381603e-05
        max: 0.0114377252758
        mean: 0.00566492462531
        min: 0.000458166352473
        var: 1.10960118036e-05
    beats_loudness_bass:
        dmean: 0.062364667654
        dmean2: 0.0924648046494
        dvar: 0.00315065868199
        dvar2: 0.011402990669
        max: 0.198862418532
        mean: 0.0576019100845
        min: 0.000461152172647
        var: 0.00348303560168
    bpm: 100.717521667
    bpm_confidence: 0
    first_peak_bpm: 101
    first_peak_spread: 0
    first_peak_weight: 0.588235318661
    onset_rate: 4.29789495468
    second_peak_bpm: 117
    second_peak_spread: 0
    second_peak_weight: 0.411764711142
    beats_position: [0.0949262157083, 0.690653681755, 1.28638112545, 1.88210868835, 2.47783613205, 3.07356357574, 3.66929101944, 4.26501846313, 4.86074590683, 5.45647335052, 6.05771255493, 6.57001113892, 7.0823097229, 7.59460878372, 8.10690784454, 8.61920642853, 9.13150501251, 9.6438035965]
    bpm_estimates: [100.779396057, 100.610839844, 100.919281006, 100.660140991, 100.689353943, 100.64591217, 100.499343872, 100.598594666, 101.148475647, 100.819213867, 100.522148132]
    bpm_intervals: [0.595727443695, 0.595727443695, 0.595727562904, 0.595727443695, 0.595727443695, 0.595727443695, 0.595727443695, 0.595727443695, 0.595727443695, 0.601239204407, 0.512298583984, 0.512298583984, 0.512299060822, 0.512299060822, 0.512298583984, 0.512298583984, 0.512298583984]
    onset_times: [0.0348299331963, 0.371519267559, 0.487619042397, 0.626938760281, 0.917188227177, 1.09133791924, 1.19582772255, 1.42802715302, 1.53251695633, 1.82276642323, 2.14784574509, 2.42648530006, 2.87927436829, 3.01859402657, 3.29723358154, 3.52943301201, 3.79646253586, 3.92417240143, 4.06349229813, 4.22603178024, 4.52789115906, 4.66721105576, 4.82975053787, 5.28253984451, 5.42185926437, 5.72371864319, 6.00235843658, 6.18811798096, 6.35065746307, 6.62929725647, 6.94276666641, 7.08208608627, 7.2330160141, 7.84834480286, 8.06893444061, 8.40562343597, 8.63782310486, 8.78875255585, 8.93968296051, 9.03256225586, 9.25315189362, 9.38086128235, 9.63628101349]
    rubato_start: [6.57001113892]
    rubato_stop: [7.0823097229]
    perceptual_tempo: "unknown"

sfx:
    inharmonicity:
        dmean: 0.0408284850419
        dmean2: 0.0723224133253
        dvar: 0.00320629146881
        dvar2: 0.00876263622195
        max: 0.39684265852
        mean: 0.0411201864481
        min: 0.000117819137813
        var: 0.00288281729445
    oddtoevenharmonicenergyratio:
        dmean: 4.27537488937
        dmean2: 7.78773641586
        dvar: 291.858764648
        dvar2: 793.6171875
        max: 201.652191162
        mean: 2.84915518761
        min: 0.000708604755346
        var: 188.490951538
    pitch_after_max_to_before_max_energy_ratio: 0.52910131216
    pitch_centroid: 220.629959106
    pitch_max_to_total: 0.801418423653
    pitch_min_to_total: 0.83451539278
    tristimulus:
        dmean: [0.204825013876, 0.227965325117, 0.103817209601]
        dmean2: [0.343648016453, 0.392785519361, 0.176289632916]
        dvar: [0.0361204780638, 0.043862413615, 0.0141125312075]
        dvar2: [0.0867742672563, 0.116780266166, 0.0416049100459]
        max: [0.958613932133, 0.980609178543, 0.787621557713]
        mean: [0.420646905899, 0.44154509902, 0.111528463662]
        min: [0.00421458762139, 0, 0]
        var: [0.0684573501348, 0.0621476955712, 0.0187419503927]

tonal:
    chords_changes_rate: 0.130232557654
    chords_number_rate: 0.037209302187
    chords_strength:
        dmean: 0.0143601512536
        dmean2: 0.0169727150351
        dvar: 0.000145436919411
        dvar2: 0.000177995389095
        max: 0.63501316309
        mean: 0.480578869581
        min: 0.251613080502
        var: 0.00974766723812
    key_strength: 0.513411223888
    tuning_diatonic_strength: 0.617550969124
    tuning_equal_tempered_deviation: 0.180236503482
    tuning_frequency: 436.708374023
    tuning_nontempered_energy_ratio: 0.870517134666
    hpcp:
        dmean: [0.221390321851, 0.211113393307, 0.179404973984, 0.153962805867, 0.111672714353, 0.0784074962139, 0.0916519463062, 0.0974914133549, 0.0907653048635, 0.0917184278369, 0.109426513314, 0.111008107662, 0.0926316231489, 0.106907509267, 0.107158713043, 0.131842657924, 0.157785415649, 0.143906801939, 0.128469794989, 0.14659139514, 0.185982048512, 0.180253133178, 0.16310402751, 0.172627076507, 0.169506430626, 0.134035632014, 0.123218864202, 0.145867779851, 0.169196382165, 0.199950516224, 0.195394128561, 0.207903340459, 0.169611692429, 0.1587908566, 0.178589612246, 0.222641021013]
        dmean2: [0.376316040754, 0.373897433281, 0.303155988455, 0.248972505331, 0.185058325529, 0.125670954585, 0.157080292702, 0.174115791917, 0.16271455586, 0.162215977907, 0.188520997763, 0.190417975187, 0.161069720984, 0.189100041986, 0.190162196755, 0.231063783169, 0.277696192265, 0.262037694454, 0.219672203064, 0.256064116955, 0.337950766087, 0.318334072828, 0.286866188049, 0.310706049204, 0.301340609789, 0.23081330955, 0.212555542588, 0.249163091183, 0.288666754961, 0.331956207752, 0.325201630592, 0.35911616683, 0.291014224291, 0.257230967283, 0.297136127949, 0.372216641903]
        dvar: [0.0631731823087, 0.0537308827043, 0.0523128472269, 0.043487071991, 0.0255002044141, 0.0117365336046, 0.0148286549374, 0.0139481173828, 0.0122260665521, 0.0152058694512, 0.0293033160269, 0.0277204494923, 0.0186873823404, 0.0307388827205, 0.0245422162116, 0.0332647003233, 0.0350944958627, 0.0486306026578, 0.0358749702573, 0.0437943339348, 0.0670318305492, 0.0651225447655, 0.045147087425, 0.0602824538946, 0.0591470561922, 0.043452963233, 0.0298613607883, 0.0543997250497, 0.0469106994569, 0.0449895896018, 0.0527909770608, 0.0554497875273, 0.0452004931867, 0.0455655381083, 0.0438783951104, 0.0681490153074]
        dvar2: [0.159120693803, 0.139753088355, 0.111229613423, 0.0958549901843, 0.0663986355066, 0.0262808911502, 0.0403772443533, 0.039518892765, 0.0357817485929, 0.0411811619997, 0.0808724761009, 0.0758444294333, 0.0474064238369, 0.0959372892976, 0.0692933425307, 0.0831016153097, 0.095137141645, 0.115035422146, 0.0820549279451, 0.119388237596, 0.182504311204, 0.186030521989, 0.122923225164, 0.157658830285, 0.140667378902, 0.105670407414, 0.0791933387518, 0.126144096255, 0.113122664392, 0.118161968887, 0.121911294758, 0.148436337709, 0.115593522787, 0.114511445165, 0.104905933142, 0.176967605948]
        max: [1, 1, 1, 1, 1, 1, 0.850595891476, 0.689958870411, 0.647886097431, 0.785180211067, 1, 1, 0.75570499897, 1, 1, 1, 1, 1, 1, 1, 1, 1, 1, 1, 1, 1, 1, 1, 1, 1, 1, 1, 1, 1, 1, 1]
        mean: [0.277982860804, 0.253958821297, 0.239614441991, 0.210981607437, 0.150225818157, 0.104481473565, 0.106107152998, 0.113613121212, 0.10167132318, 0.0958397462964, 0.10961677134, 0.108110673726, 0.0995474457741, 0.09997484833, 0.118207007647, 0.163155153394, 0.178882017732, 0.181749865413, 0.176641196012, 0.150035008788, 0.157932654023, 0.166795566678, 0.162574574351, 0.169370725751, 0.161787465215, 0.125398978591, 0.128559678793, 0.182909399271, 0.193498730659, 0.229715377092, 0.30695515871, 0.28259524703, 0.209148004651, 0.185723721981, 0.204474970698, 0.259018033743]
        min: [0.0020753715653, 0.000558829575311, 0.000448446226073, 7.42705960874e-05, 7.16675203876e-05, 5.79976112931e-05, 0.000122363708215, 0.000123430712847, 0.000103150072391, 9.03568143258e-05, 0.000528862932697, 0.000494268490002, 0.0014578740811, 0.00157542922534, 0.000115561684652, 0.000203728937777, 0.000113958361908, 4.84211741423e-05, 0.00014642647875, 0.000209014411666, 0.00128764263354, 0.00070658151526, 0.00055459671421, 0.000186911551282, 3.75743147742e-05, 6.54234536341e-05, 8.42020235723e-05, 0.00014960631961, 0.000344043044606, 0.000520790519658, 0.000553928490262, 0.000631921342574, 0.000136538787046, 0.000160996074555, 0.00339097483084, 0.00289882579818]
        var: [0.0897291526198, 0.071375630796, 0.0915153473616, 0.0802679136395, 0.0379155725241, 0.019233899191, 0.0185410007834, 0.0151868043467, 0.0121057871729, 0.0140217225999, 0.0255985725671, 0.0245729070157, 0.018699336797, 0.0229936111718, 0.0260780397803, 0.0511317811906, 0.0407413840294, 0.0623256377876, 0.0678103342652, 0.0431287102401, 0.0575309619308, 0.0568132959306, 0.0455004684627, 0.060109410435, 0.0667946562171, 0.0423555001616, 0.0342398993671, 0.0818062797189, 0.0657260045409, 0.0607047714293, 0.110343374312, 0.087406873703, 0.0571781396866, 0.0527120530605, 0.0550666972995, 0.0847156792879]
    chords_histogram: [23.7209300995, 0, 0, 0, 0, 0, 0, 12.0930233002, 0, 18.1395339966, 9.30232524872, 5.11627912521, 2.32558131218, 0, 0, 0, 0, 0, 0, 0, 0, 0, 13.4883718491, 15.8139533997]
    thpcp: [1, 0.920640170574, 0.681363403797, 0.605051636696, 0.666139543056, 0.843830227852, 0.905613899231, 0.827348291874, 0.780617058277, 0.687336921692, 0.489406406879, 0.340380251408, 0.345676392317, 0.37012937665, 0.331225335598, 0.312227189541, 0.357110053301, 0.35220348835, 0.324306160212, 0.325698554516, 0.385095357895, 0.531527638435, 0.582762718201, 0.592105567455, 0.575462520123, 0.488784790039, 0.514513790607, 0.543387413025, 0.529636263847, 0.551776766777, 0.527072012424, 0.408525407314, 0.418822348118, 0.595883131027, 0.63038110733, 0.748367846012]
    chords_key: "G"
    chords_scale: "minor"
    key_key: "G"
    key_scale: "minor"
    chords_progression: ["Gm", "Gm", "Gm", "Gm", "Gm", "Gm", "Gm", "Gm", "Gm", "Gm", "Gm", "Gm", "Gm", "Gm", "Gm", "Gm", "Gm", "Gm", "Gm", "Gm", "Gm", "Gm", "Gm", "Gm", "Gm", "Gm", "Gm", "Gm", "Gm", "Gm", "Gm", "F#m", "F#m", "F#m", "F#m", "F#m", "F#m", "F#m", "D", "D", "D", "D", "D", "D", "D", "D", "D", "D", "D", "D", "D", "D#", "D#", "D#", "D#", "D#", "D#", "D#", "D", "D", "D#", "D", "D#", "D#", "D#", "D#", "D#", "D#", "D#", "D#", "D#", "D#", "D#", "D#", "D#", "D#", "D#", "Cm", "Cm", "C#m", "C#m", "C#m", "D", "C#m", "C#m", "D#", "D#", "D#", "D#", "D#", "D#", "D#", "D#", "D#", "D#", "D", "D#", "D", "D", "D", "D", "D", "D", "D", "D", "F#m", "F#m", "F#m", "F#m", "F#m", "F#m", "F#m", "F#m", "F#m", "F#m", "F#m", "F#m", "Gm", "Gm", "F#m", "Gm", "Gm", "Gm", "D", "D", "D", "D", "D", "D", "D", "D", "D", "A", "A", "A", "A", "A", "D", "D", "A", "A", "A", "A", "A", "A", "D", "D", "G", "G", "Cm", "Cm", "Cm", "Cm", "Cm", "Cm", "Cm", "Cm", "Cm", "Cm", "Cm", "Cm", "Cm", "Cm", "Cm", "Cm", "Cm", "Cm", "Cm", "Cm", "Cm", "Cm", "Cm", "Cm", "Cm", "Cm", "Cm", "G", "G", "G", "G", "G", "G", "G", "G", "G", "G", "G", "G", "G", "G", "G", "G", "G", "G", "G", "G", "G", "G", "G", "G", "Gm", "Gm", "Gm", "Gm", "Gm", "Gm", "Gm", "Gm", "Gm", "Gm", "Gm", "Gm", "Gm", "Gm", "Gm"]
