
metadata:
    version:
        essentia: "1.2.2"
    audio_properties:
        analysis_sample_rate: 44100
        bitrate: 128
        channels: 2
        equal_loudness: 1
        length: 10.0571432114
        replay_gain: -14.9362449646
        downmix: "mix"
    tags:
        track: 26
        year: 0
        album: "Splitted by Mp3Splt v. 2.1"
        artist: "From 004.10 To 004.20"
        comment: "http://mp3splt.sf.net"
        genre: ""
        title: "03 Rise & Shine.mp3"

highlevel:
    ballroom:
        all:
            ChaChaCha: 0.0479967258871
            Jive: 0.307496249676
            Quickstep: 0.175489991903
            Rumba-American: 0.0125164622441
            Rumba-International: 0.114773444831
            Rumba-Misc: 0.0736519917846
            Samba: 0.191178515553
            Tango: 0.00662169745192
            VienneseWaltz: 0.0555061846972
            Waltz: 0.014768736437
        probability: 0.307496249676
        value: "Jive"
    culture:
        all:
            non_western: 0.0105501795188
            western: 0.989449799061
        probability: 0.989449799061
        value: "western"
    gender:
        all:
            female: 0.0211614333093
            male: 0.978838562965
        probability: 0.978838562965
        value: "male"
    genre_dortmund:
        all:
            alternative: 0.0376635268331
            blues: 0.0268452484161
            electronic: 0.0415107309818
            folkcountry: 0.0442798249424
            funksoulrnb: 0.0713389739394
            jazz: 0.0113490689546
            pop: 0.0963277220726
            raphiphop: 0.469193160534
            rock: 0.201491743326
        probability: 0.469193160534
        value: "raphiphop"
    genre_electronica:
        all:
            ambient: 0.233833834529
            dnb: 0.337808340788
            house: 0.261019438505
            techno: 0.0390579178929
            trance: 0.128280445933
        probability: 0.337808340788
        value: "dnb"
    genre_rosamerica:
        all:
            cla: 0.00824060663581
            dan: 0.0968634337187
            hip: 0.0636644661427
            jaz: 0.0149234328419
            pop: 0.116688497365
            rhy: 0.578325092793
            roc: 0.102329045534
            spe: 0.0189654156566
        probability: 0.578325092793
        value: "rhy"
    genre_tzanetakis:
        all:
            blu: 0.000511960242875
            cla: 0.000367514934624
            cou: 0.00935977511108
            dis: 0.0295733008534
            hip: 0.031456399709
            jaz: 0.000365586485714
            met: 0.00189150474034
            pop: 0.878413200378
            reg: 0.0366253107786
            roc: 0.0114354519174
        probability: 0.878413200378
        value: "pop"
    live_studio:
        all:
            live: 0.1816393435
            studio: 0.818360626698
        probability: 0.818360626698
        value: "studio"
    mood:
        all:
            Cluster1: 0.341591477394
            Cluster2: 0.258606165648
            Cluster3: 0.120717480779
            Cluster4: 0.166147097945
            Cluster5: 0.112937778234
        probability: 0.341591477394
        value: "Cluster1"
    mood_acoustic:
        all:
            acoustic: 0.185201123357
            not_acoustic: 0.814798891544
        probability: 0.814798891544
        value: "not_acoustic"
    mood_aggressive:
        all:
            aggressive: 0.24925853312
            not_aggressive: 0.750741481781
        probability: 0.750741481781
        value: "not_aggressive"
    mood_electronic:
        all:
            electronic: 0.321702390909
            not_electronic: 0.678297638893
        probability: 0.678297638893
        value: "not_electronic"
    mood_happy:
        all:
            happy: 0.558174908161
            not_happy: 0.441825121641
        probability: 0.558174908161
        value: "happy"
    mood_party:
        all:
            not_party: 0.321802079678
            party: 0.678197920322
        probability: 0.678197920322
        value: "party"
    mood_relaxed:
        all:
            not_relaxed: 0.259605377913
            relaxed: 0.74039465189
        probability: 0.74039465189
        value: "relaxed"
    mood_sad:
        all:
            not_sad: 0.429873228073
            sad: 0.570126771927
        probability: 0.570126771927
        value: "sad"
    rhythm:
        all:
            fast: 0.909813165665
            medium: 0.085898257792
            slow: 0.00428858585656
        probability: 0.909813165665
        value: "fast"
    speech_music:
        all:
            music: 0.842497050762
            speech: 0.157502964139
        probability: 0.842497050762
        value: "music"
    timbre:
        all:
            bright: 0.200506150723
            dark: 0.799493849277
        probability: 0.799493849277
        value: "dark"
    voice_instrumental:
        all:
            instrumental: 0.000141673081089
            voice: 0.999858319759
        probability: 0.999858319759
        value: "voice"

lowlevel:
    average_loudness: 0.9779343009
    barkbands_kurtosis:
        dmean: 2.10462021828
        dmean2: 3.30358242989
        dvar: 6.95663452148
        dvar2: 16.4602165222
        max: 24.6449108124
        mean: 1.54619109631
        min: -1.82673561573
        var: 12.3775272369
    barkbands_skewness:
        dmean: 0.666621029377
        dmean2: 0.954287648201
        dvar: 0.343741506338
        dvar2: 0.690874397755
        max: 3.98446345329
        mean: 1.05495655537
        min: -4.30676841736
        var: 1.23742759228
    barkbands_spread:
        dmean: 7.41979789734
        dmean2: 11.2228651047
        dvar: 58.7357177734
        dvar2: 119.36668396
        max: 62.0540390015
        mean: 24.300617218
        min: 5.23981189728
        var: 170.154464722
    dissonance:
        dmean: 0.0312979184091
        dmean2: 0.0486421175301
        dvar: 0.00113318569493
        dvar2: 0.00223908177577
        max: 0.498968183994
        mean: 0.444434165955
        min: 0.0528640970588
        var: 0.00246954942122
    hfc:
        dmean: 2.36688733101
        dmean2: 2.95548224449
        dvar: 6.04112672806
        dvar2: 9.60004806519
        max: 27.4692955017
        mean: 4.72376346588
        min: 0.000525100098457
        var: 19.2539806366
    pitch:
        dmean: 497.222625732
        dmean2: 947.284057617
        dvar: 1230469.875
        dvar2: 2774831
        max: 4900
        mean: 690.050170898
        min: 66.0179672241
        var: 1487451
    pitch_instantaneous_confidence:
        dmean: 0.114075928926
        dmean2: 0.174595236778
        dvar: 0.0102185755968
        dvar2: 0.0188324023038
        max: 0.898807525635
        mean: 0.442992508411
        min: 0.138396263123
        var: 0.0291907191277
    pitch_salience:
        dmean: 0.0758974179626
        dmean2: 0.123200669885
        dvar: 0.00409919768572
        dvar2: 0.0106781236827
        max: 0.954532563686
        mean: 0.641617119312
        min: 0.217387601733
        var: 0.00773040484637
    silence_rate_20dB:
        dmean: 0
        dmean2: 0
        dvar: 0
        dvar2: 0
        max: 1
        mean: 1
        min: 1
        var: 0
    silence_rate_30dB:
        dmean: 0
        dmean2: 0
        dvar: 0
        dvar2: 0
        max: 1
        mean: 1
        min: 1
        var: 0
    silence_rate_60dB:
        dmean: 0.198156684637
        dmean2: 0.397228628397
        dvar: 0.15889005363
        dvar2: 0.285628080368
        max: 1
        mean: 0.397701144218
        min: 0
        var: 0.239534139633
    spectral_centroid:
        dmean: 343.975158691
        dmean2: 487.841674805
        dvar: 159926.28125
        dvar2: 304281.46875
        max: 4439.51074219
        mean: 1116.43884277
        min: 304.340270996
        var: 487303.875
    spectral_complexity:
        dmean: 3.33025407791
        dmean2: 4.69212961197
        dvar: 12.8632326126
        dvar2: 20.4121437073
        max: 37
        mean: 9.09447002411
        min: 0
        var: 40.3897171021
    spectral_crest:
        dmean: 2.65900850296
        dmean2: 4.12212276459
        dvar: 4.72047567368
        dvar2: 11.2032413483
        max: 21.2309551239
        mean: 9.1562461853
        min: 2.86900353432
        var: 11.7851371765
    spectral_decrease:
        dmean: 4.01618294177e-10
        dmean2: 5.65812396935e-10
        dvar: 1.37892442754e-19
        dvar2: 2.16140536301e-19
        max: -8.38733244099e-14
        mean: -1.0549607854e-09
        min: -3.08923220338e-09
        var: 4.87714219461e-19
    spectral_energy:
        dmean: 0.00167282728944
        dmean2: 0.00234021502547
        dvar: 2.39054793383e-06
        dvar2: 3.56559462489e-06
        max: 0.0131502877921
        mean: 0.00441012252122
        min: 3.6418612126e-07
        var: 8.50397464092e-06
    spectral_energyband_high:
        dmean: 0.000163701828569
        dmean2: 0.000215201274841
        dvar: 8.04221755857e-08
        dvar2: 1.1271616529e-07
        max: 0.00284239486791
        mean: 0.000241140514845
        min: 1.41134179898e-08
        var: 1.94505616946e-07
    spectral_energyband_low:
        dmean: 0.000120601711387
        dmean2: 0.000175840847078
        dvar: 4.69357033239e-08
        dvar2: 1.00227822486e-07
        max: 0.00156379444525
        mean: 0.000179814684088
        min: 1.72494685202e-09
        var: 8.75476757756e-08
    spectral_energyband_middle_high:
        dmean: 0.000737871276215
        dmean2: 0.000991253764369
        dvar: 6.61482204123e-07
        dvar2: 1.17836100344e-06
        max: 0.00647505233064
        mean: 0.00129707425367
        min: 1.69451254806e-07
        var: 1.63232198247e-06
    spectral_energyband_middle_low:
        dmean: 0.00111703807488
        dmean2: 0.00165192608256
        dvar: 1.2399515299e-06
        dvar2: 2.55370969171e-06
        max: 0.0101333661005
        mean: 0.00269208056852
        min: 1.78484398816e-07
        var: 4.06314256907e-06
    spectral_flatness_db:
        dmean: 0.0247911158949
        dmean2: 0.037045288831
        dvar: 0.000440201023594
        dvar2: 0.000871732889209
        max: 0.266738414764
        mean: 0.173164665699
        min: 0.0857052132487
        var: 0.00155350205023
    spectral_flux:
        dmean: 0.0127868298441
        dmean2: 0.0200441349298
        dvar: 0.000121449418657
        dvar2: 0.000260425498709
        max: 0.0928487852216
        mean: 0.0418514385819
        min: 0.00777492951602
        var: 0.000282329070615
    spectral_kurtosis:
        dmean: 2.15690660477
        dmean2: 3.15020298958
        dvar: 4.51249647141
        dvar2: 9.79989147186
        max: 16.7007846832
        mean: 4.41922521591
        min: -0.714397907257
        var: 12.3119916916
    spectral_rms:
        dmean: 0.000423013902036
        dmean2: 0.000574906647671
        dvar: 1.41266340847e-07
        dvar2: 2.15657692593e-07
        max: 0.00358183588833
        mean: 0.00194312352687
        min: 1.8849497792e-05
        var: 5.26831513525e-07
    spectral_rolloff:
        dmean: 677.276123047
        dmean2: 1009.51824951
        dvar: 626336.5
        dvar2: 1159419
        max: 6201.5625
        mean: 2039.10522461
        min: 215.33203125
        var: 1891729.5
    spectral_skewness:
        dmean: 0.369253993034
        dmean2: 0.529498755932
        dvar: 0.103093989193
        dvar2: 0.211275517941
        max: 3.31159877777
        mean: 1.64164471626
        min: 0.156599789858
        var: 0.38640293479
    spectral_spread:
        dmean: 1096463.875
        dmean2: 1553566.875
        dvar: 1.98839815373e+12
        dvar2: 3.25579466342e+12
        max: 27414396
        mean: 5117782.5
        min: 2151721
        var: 4.36608879821e+12
    spectral_strongpeak:
        dmean: 0.2707015872
        dmean2: 0.444451004267
        dvar: 0.191491007805
        dvar2: 0.503663063049
        max: 4.06375265121
        mean: 0.434158116579
        min: 0.000175587294507
        var: 0.227233082056
    zerocrossingrate:
        dmean: 0.0137756206095
        dmean2: 0.0154396342114
        dvar: 0.000184866541531
        dvar2: 0.000214426530874
        max: 0.19384765625
        mean: 0.067983597517
        min: 0.00341796875
        var: 0.00110783404671
    barkbands:
        dmean: [3.2495574942e-07, 4.2355946789e-05, 9.76290102699e-05, 0.00028166238917, 0.00053375994321, 0.00036609757808, 0.000291288393782, 0.000121177836263, 0.000185051147128, 9.57241281867e-05, 0.000134840971441, 0.000114689675684, 0.000100525321614, 0.000109602369776, 9.30230453378e-05, 0.000130476706545, 0.00013733220112, 7.16601352906e-05, 8.47161354613e-05, 7.92714999989e-05, 7.29819657863e-05, 4.08499327023e-05, 1.17190020319e-05, 4.94180676469e-06, 3.27986890625e-06, 1.22636095057e-07, 3.75331765667e-09]
        dmean2: [5.0760928616e-07, 6.34098832961e-05, 0.000153264743858, 0.000464560667751, 0.000854634912685, 0.000558495696168, 0.00046796980314, 0.00018706182891, 0.000240333785769, 0.000141995653394, 0.0002035156067, 0.000178227724973, 0.000166668032762, 0.000172036496224, 0.00014799683413, 0.000199551403057, 0.000209293793887, 0.000107051288069, 0.000121938566735, 0.000106890627649, 9.6718329587e-05, 5.74183250137e-05, 1.82895037142e-05, 8.35867194837e-06, 5.55133965463e-06, 2.09369645177e-07, 5.70306424308e-09]
        dvar: [6.27552968358e-13, 1.67352247615e-08, 3.85045595408e-08, 3.93962750422e-07, 3.20830281453e-07, 2.94139766766e-07, 1.86644328437e-07, 5.87605413216e-08, 1.42201969311e-07, 6.87010128786e-08, 1.00144568194e-07, 6.90468624498e-08, 4.46734809145e-08, 6.6422984446e-08, 3.95535515452e-08, 8.02659556598e-08, 6.59188756913e-08, 1.32046213963e-08, 1.76069789859e-08, 2.10004511558e-08, 2.0504849374e-08, 4.89597784536e-09, 5.31421739947e-10, 1.57985111104e-10, 9.71152810947e-11, 1.97454737023e-13, 2.73477821911e-15]
        dvar2: [1.11503991804e-12, 3.64980472511e-08, 9.10323763037e-08, 9.57831161941e-07, 7.54872530706e-07, 7.06954381258e-07, 4.42977807324e-07, 1.22189604213e-07, 2.30949751767e-07, 1.27628879909e-07, 2.19201780283e-07, 1.64287641269e-07, 1.16847360232e-07, 1.53018035576e-07, 8.83781297034e-08, 1.58391898708e-07, 1.33816357106e-07, 2.78113336805e-08, 3.55008609176e-08, 3.17555723939e-08, 2.85828516411e-08, 9.16610787272e-09, 1.21041598966e-09, 4.22481549744e-10, 2.6961741173e-10, 5.45446771517e-13, 6.85709296758e-15]
        max: [8.37149400468e-06, 0.00118045904674, 0.00153608724941, 0.00544206798077, 0.00529296556488, 0.0048771686852, 0.0031489895191, 0.00218127621338, 0.00458488194272, 0.00314913270995, 0.00316195609048, 0.00267073651776, 0.00184299051762, 0.00263635092415, 0.00230574375018, 0.00224069412798, 0.00213110307232, 0.00108038028702, 0.00130528002046, 0.00144319410902, 0.00156832265202, 0.000687183346599, 0.000261360226432, 9.70780019998e-05, 8.66950140335e-05, 3.72744352717e-06, 7.71949999034e-07]
        mean: [7.2024192832e-07, 5.38875356142e-05, 0.000125223741634, 0.000295346806524, 0.00087562634144, 0.000733168970328, 0.000391522306018, 0.000132800545543, 0.000254392449278, 0.000107997017039, 0.00015553268895, 0.000114851303806, 8.75711994013e-05, 0.000123976220493, 0.000115149101475, 0.000168005979504, 0.00016608563601, 9.45023348322e-05, 0.000121214965475, 0.00012022019655, 9.94742731564e-05, 5.14476778335e-05, 1.37291617648e-05, 4.77142475575e-06, 2.81050506601e-06, 9.5774403519e-08, 1.94078331184e-09]
        min: [8.9454790797e-11, 5.1945203694e-10, 1.15509146692e-09, 2.52667065048e-09, 1.7159409893e-08, 3.64337644498e-08, 4.6904371942e-08, 4.14456664544e-08, 3.19880157917e-08, 6.23169160718e-09, 1.78383041671e-09, 2.5015580718e-09, 1.24004351232e-09, 1.23318404377e-08, 9.3786930222e-08, 2.66280562045e-08, 1.69696985353e-08, 4.92619411929e-09, 2.00902361414e-09, 8.65714078202e-09, 1.90186177917e-09, 1.54056234436e-09, 1.18854914799e-09, 1.14764553416e-09, 9.27602439305e-10, 2.34167407687e-10, 4.75955351655e-15]
        var: [1.96239747542e-12, 2.06444212836e-08, 5.57086217157e-08, 3.79484845325e-07, 6.30458600881e-07, 1.04866251149e-06, 2.68152120952e-07, 7.50364748114e-08, 2.85227770291e-07, 1.01806421071e-07, 1.38057345112e-07, 7.87088723087e-08, 3.69369317355e-08, 7.39828891483e-08, 4.56354811718e-08, 1.22761420585e-07, 1.07655147019e-07, 2.25184315639e-08, 3.69846731019e-08, 4.89871112563e-08, 4.6572491641e-08, 9.3358067943e-09, 7.05516145505e-10, 1.24916660349e-10, 7.05956057501e-11, 1.36477987115e-13, 1.36938535445e-15]
    mfcc:
        mean: [-735.505554199, 117.863464355, -32.9838218689, 39.5756416321, -16.7217197418, -1.9142434597, -15.9424877167, -16.2527236938, -10.0240688324, -14.6797370911, -10.7948579788, -9.94979095459, -5.91335916519]
        cov: [[2884.14379883, -579.24597168, -30.1056575775, -90.5068588257, 9.61260509491, -51.0201721191, -120.498825073, -20.4254798889, -10.8317861557, -19.8263072968, 57.7539215088, 19.681558609, -22.1020126343], [-579.24597168, 1623.3984375, -341.284576416, -259.426757812, -74.8837585449, -75.9183349609, 33.3369903564, -17.1611785889, 28.0679111481, -67.8819351196, -19.8419303894, -47.5404434204, -30.5257644653], [-30.1056575775, -341.284576416, 490.41784668, 137.503936768, 14.2544460297, 74.4314346313, 114.455184937, 33.9907112122, -16.7141876221, 57.2580299377, 33.2805557251, 23.8058624268, 42.8487129211], [-90.5068588257, -259.426757812, 137.503936768, 455.937469482, 197.889694214, 94.368019104, 24.6493682861, 48.3500938416, 8.15831375122, 5.23652839661, -6.39329862595, 43.946975708, 49.0407676697], [9.61260509491, -74.8837585449, 14.2544460297, 197.889694214, 356.725494385, 84.328956604, -17.4852771759, -2.92347598076, 19.0780010223, 16.323135376, 23.5885372162, 53.3343505859, 27.220905304], [-51.0201721191, -75.9183349609, 74.4314346313, 94.368019104, 84.328956604, 195.23085022, 116.993240356, 42.6549720764, 45.3684806824, 57.9636497498, 52.212146759, 44.8753051758, 24.3061618805], [-120.498825073, 33.3369903564, 114.455184937, 24.6493682861, -17.4852771759, 116.993240356, 285.167877197, 66.4686813354, 30.2200965881, 50.0767669678, 52.7945327759, 36.6416282654, 27.0729293823], [-20.4254798889, -17.1611785889, 33.9907112122, 48.3500938416, -2.92347598076, 42.6549720764, 66.4686813354, 145.555389404, 56.663444519, 15.8675661087, 2.83908867836, 30.0511550903, 26.8530864716], [-10.8317861557, 28.0679111481, -16.7141876221, 8.15831375122, 19.0780010223, 45.3684806824, 30.2200965881, 56.663444519, 144.864212036, 41.1636581421, 15.5468330383, 19.7442779541, 0.747125864029], [-19.8263072968, -67.8819351196, 57.2580299377, 5.23652839661, 16.323135376, 57.9636497498, 50.0767669678, 15.8675661087, 41.1636581421, 132.94190979, 48.0408401489, 8.27723503113, 13.2006950378], [57.7539215088, -19.8419303894, 33.2805557251, -6.39329862595, 23.5885372162, 52.212146759, 52.7945327759, 2.83908867836, 15.5468330383, 48.0408401489, 107.865097046, 36.5738143921, -0.0922583714128], [19.681558609, -47.5404434204, 23.8058624268, 43.946975708, 53.3343505859, 44.8753051758, 36.6416282654, 30.0511550903, 19.7442779541, 8.27723503113, 36.5738143921, 77.0632705688, 27.2098770142], [-22.1020126343, -30.5257644653, 42.8487129211, 49.0407676697, 27.220905304, 24.3061618805, 27.0729293823, 26.8530864716, 0.747125864029, 13.2006950378, -0.0922583714128, 27.2098770142, 85.0009460449]]
        icov: [[0.000405886676162, 0.000191777900909, 7.72517742007e-05, 0.000173005231773, -7.27751248633e-05, 9.09274531296e-05, 0.000115304494102, -7.92135469965e-05, -4.23080673499e-05, 0.000202510214876, -0.00037629462895, 4.15941904066e-05, -2.35423194681e-05], [0.000191777900909, 0.000912579067517, 0.000549798598513, 0.000423525052611, -0.000205077973078, 0.0002423079859, -0.000441104901256, -2.96600301226e-05, -0.000258462998318, 0.000518166285474, -0.000326584238792, 0.000583139888477, -0.000262883608229], [7.72517742007e-05, 0.000549798598513, 0.00299876672216, -0.000620293547399, 0.000294720171951, 4.62406060251e-05, -0.00102280185092, -8.21077701403e-05, 0.000648046145216, -0.000632598705124, -0.000433885114035, 0.000399074197048, -0.000727836508304], [0.000173005231773, 0.000423525052611, -0.000620293547399, 0.00380261754617, -0.00183710793499, -0.000906981120352, 0.000188092832104, -0.000957036449108, 0.000203519433853, 0.000744064047467, 0.000788564851973, 7.67703022575e-05, -0.000735080742743], [-7.27751248633e-05, -0.000205077973078, 0.000294720171951, -0.00183710793499, 0.00455114897341, -0.00145448709372, 0.00104153854772, 0.00116537546273, -0.000228175340453, -0.00037308796891, -8.12970974948e-05, -0.00221205293201, -0.000154715584358], [9.09274531296e-05, 0.0002423079859, 4.62406060251e-05, -0.000906981120352, -0.00145448709372, 0.00965799856931, -0.00306667108089, -0.000156549329404, -0.00131404027343, -0.00164611928631, -0.00159662798978, -0.00119373039342, -1.15195734907e-05], [0.000115304494102, -0.000441104901256, -0.00102280185092, 0.000188092832104, 0.00104153854772, -0.00306667108089, 0.00604067929089, -0.00162456056569, 0.000467085599666, -0.000289301562589, -0.00118275114801, -0.000676431984175, -0.000332650233759], [-7.92135469965e-05, -2.96600301226e-05, -8.21077701403e-05, -0.000957036449108, 0.00116537546273, -0.000156549329404, -0.00162456056569, 0.0101898657158, -0.00356705370359, 0.000185501092346, 0.00169494224247, -0.00268786936067, -0.00160304212477], [-4.23080673499e-05, -0.000258462998318, 0.000648046145216, 0.000203519433853, -0.000228175340453, -0.00131404027343, 0.000467085599666, -0.00356705370359, 0.00970197096467, -0.00293204723857, 0.000762299227063, -0.00151842378546, 0.00173599005211], [0.000202510214876, 0.000518166285474, -0.000632598705124, 0.000744064047467, -0.00037308796891, -0.00164611928631, -0.000289301562589, 0.000185501092346, -0.00293204723857, 0.0115359015763, -0.00480341445655, 0.0039151404053, -0.00227218028158], [-0.00037629462895, -0.000326584238792, -0.000433885114035, 0.000788564851973, -8.12970974948e-05, -0.00159662798978, -0.00118275114801, 0.00169494224247, 0.000762299227063, -0.00480341445655, 0.0155561743304, -0.00768661638722, 0.00308921770193], [4.15941904066e-05, 0.000583139888477, 0.000399074197048, 7.67703022575e-05, -0.00221205293201, -0.00119373039342, -0.000676431984175, -0.00268786936067, -0.00151842378546, 0.0039151404053, -0.00768661638722, 0.0223750546575, -0.00567646231502], [-2.35423194681e-05, -0.000262883608229, -0.000727836508304, -0.000735080742743, -0.000154715584358, -1.15195734907e-05, -0.000332650233759, -0.00160304212477, 0.00173599005211, -0.00227218028158, 0.00308921770193, -0.00567646231502, 0.0152783347294]]
    spectral_contrast:
        mean: [-3.99588884648e-07, -1.3081433714e-08, 3.60666462029e-07, -6.9458636176e-08, -1.55414994651e-07, -6.09780244076e-08, 1.33368826027e-06, 1.66920472111e-06, 1.52912002704e-06, 2.07545031117e-06, -1.68953079083e-06, -1.4349062667e-06]
        var: [0.000758915673941, 0.00129541265778, 0.00243891170248, 0.00290761399083, 0.00452243257314, 0.00975340325385, 0.0829917266965, 0.128956735134, 0.193862020969, 0.62079334259, 0.766827225685, 1.49343669415]

rhythm:
    beats_loudness:
        dmean: 0.00655234092847
        dmean2: 0.0125903822482
        dvar: 6.8790586738e-06
        dvar2: 1.84500040632e-05
        max: 0.0125022120774
        mean: 0.00749904382974
        min: 0.00208077253774
        var: 1.40166721394e-05
    beats_loudness_bass:
        dmean: 0.278460741043
        dmean2: 0.390902906656
        dvar: 0.012940229848
        dvar2: 0.0693267807364
        max: 0.736440777779
        mean: 0.336143434048
        min: 0.012522530742
        var: 0.043520335108
    bpm: 87.2259368896
    bpm_confidence: 0
    first_peak_bpm: 87
    first_peak_spread: 0.0769230723381
    first_peak_weight: 0.923076927662
    onset_rate: 6.16477251053
    second_peak_bpm: 0
    second_peak_spread: 0
    second_peak_weight: 0
    beats_position: [0.452357500792, 1.14043915272, 1.82852077484, 2.51660227776, 3.20468378067, 3.89276576042, 4.58084726334, 5.26892900467, 5.99058389664, 6.67813205719, 7.36567926407, 8.05322742462, 8.74077510834, 9.42832279205]
    bpm_estimates: [87.1648025513, 87.0157394409, 86.9374771118, 87.3329238892, 87.0337753296, 87.0903091431, 87.3302536011, 87.6911010742, 86.9583435059, 86.9701156616, 87.9494476318, 87.1938018799, 87.2690353394]
    bpm_intervals: [0.688081622124, 0.688081622124, 0.688081502914, 0.688081502914, 0.688081979752, 0.688081502914, 0.688081741333, 0.721654891968, 0.687548160553, 0.687547206879, 0.687548160553, 0.687547683716, 0.687547683716]
    onset_times: [0.0348299331963, 0.197369620204, 0.301859408617, 0.452789127827, 0.754648506641, 1.04489791393, 1.35836732388, 1.47446715832, 1.64861679077, 1.83437645435, 2.00852608681, 2.15945577621, 2.29877543449, 2.4497051239, 2.63546490669, 2.71673464775, 2.89088439941, 2.99537420273, 3.15791392326, 3.21596360207, 3.44816327095, 3.55265307426, 3.68036270142, 3.90095233917, 4.01705217361, 4.13315200806, 4.2492518425, 4.42340135574, 4.52789115906, 4.59755086899, 4.82975053787, 4.99229001999, 5.13160991669, 5.21287965775, 5.27092981339, 5.38702964783, 5.49151945114, 5.75854873657, 5.9675283432, 6.24616765976, 6.3622674942, 6.59446716309, 6.68734693527, 6.79183673859, 6.9543762207, 7.04725646973, 7.14013624191, 7.33750581741, 7.54648542404, 7.72063493729, 7.89478445053, 7.98766422272, 8.15020370483, 8.51011371613, 8.70748329163, 8.92807292938, 9.10222244263, 9.26476192474, 9.43891143799, 9.65950107574, 9.7639913559, 10.0078001022]
    rubato_start: []
    rubato_stop: []
    perceptual_tempo: "unknown"

sfx:
    inharmonicity:
        dmean: 0.0491296611726
        dmean2: 0.087378308177
        dvar: 0.0039918012917
        dvar2: 0.0107716899365
        max: 0.430549323559
        mean: 0.0436758436263
        min: 4.21683034801e-05
        var: 0.00360760279
    oddtoevenharmonicenergyratio:
        dmean: 3.75617289543
        dmean2: 6.61649084091
        dvar: 128.633331299
        dvar2: 321.316680908
        max: 131.773590088
        mean: 2.72017931938
        min: 7.92927385191e-05
        var: 106.605003357
    pitch_after_max_to_before_max_energy_ratio: 0.11542865634
    pitch_centroid: 210.798919678
    pitch_max_to_total: 0.96543776989
    pitch_min_to_total: 0.271889388561
    tristimulus:
        dmean: [0.265719145536, 0.264752566814, 0.10611218214]
        dmean2: [0.469187736511, 0.465442627668, 0.180420011282]
        dvar: [0.0443684868515, 0.0425950586796, 0.013194879517]
        dvar2: [0.113094568253, 0.111798457801, 0.0354000963271]
        max: [0.976201713085, 0.961521863937, 0.95813190937]
        mean: [0.414420366287, 0.45142775774, 0.108811356127]
        min: [0.00718672480434, 0, 0]
        var: [0.0663389414549, 0.0650982484221, 0.0164669565856]

tonal:
    chords_changes_rate: 0.0733944922686
    chords_number_rate: 0.0321100912988
    chords_strength:
        dmean: 0.0149974459782
        dmean2: 0.018019458279
        dvar: 0.000105357765278
        dvar2: 0.00020388669509
        max: 0.626176953316
        mean: 0.51402848959
        min: 0.394981652498
        var: 0.00266625941731
    key_strength: 0.803439319134
    tuning_diatonic_strength: 0.566385030746
    tuning_equal_tempered_deviation: 0.287894517183
    tuning_frequency: 454.990661621
    tuning_nontempered_energy_ratio: 0.939715385437
    hpcp:
        dmean: [0.158267915249, 0.167645558715, 0.171220719814, 0.204959586263, 0.264066725969, 0.21638597548, 0.174342915416, 0.17405693233, 0.163784012198, 0.141519576311, 0.124158546329, 0.134998619556, 0.142561435699, 0.139591485262, 0.151670202613, 0.16738922894, 0.137053340673, 0.163625061512, 0.221041038632, 0.225144103169, 0.165823251009, 0.13226133585, 0.0982963815331, 0.0960647836328, 0.104475349188, 0.119939118624, 0.117799371481, 0.125750973821, 0.159219488502, 0.169963404536, 0.178409740329, 0.190781831741, 0.191074952483, 0.236670136452, 0.240851536393, 0.173463225365]
        dmean2: [0.257770001888, 0.285758882761, 0.301453769207, 0.355035364628, 0.441804170609, 0.349279284477, 0.296924978495, 0.293790996075, 0.2700522542, 0.238919481635, 0.221730530262, 0.248160839081, 0.255541324615, 0.247064173222, 0.25952064991, 0.295125097036, 0.239267259836, 0.288169890642, 0.38702043891, 0.388509899378, 0.287639886141, 0.245927602053, 0.177235141397, 0.173486053944, 0.186033278704, 0.211193427444, 0.205771759152, 0.220153704286, 0.292008459568, 0.294057816267, 0.304640948772, 0.327957361937, 0.313959181309, 0.402626872063, 0.400077968836, 0.296269327402]
        dvar: [0.0453456528485, 0.0544948726892, 0.0530014596879, 0.0528172627091, 0.0726271942258, 0.0512648709118, 0.0553095303476, 0.0561966001987, 0.0438658408821, 0.0308173969388, 0.0282587781549, 0.043883357197, 0.0476376451552, 0.0446523502469, 0.0462397299707, 0.0619302615523, 0.0356314629316, 0.0541065447032, 0.0509702563286, 0.0546385981143, 0.0291840154678, 0.0449772886932, 0.035273168236, 0.0325402021408, 0.037002928555, 0.0355732776225, 0.0271333232522, 0.0388595163822, 0.0553858019412, 0.0566087402403, 0.048515226692, 0.0527765229344, 0.0446311831474, 0.0604695640504, 0.0624559596181, 0.0457185171545]
        dvar2: [0.107793055475, 0.132359683514, 0.140092030168, 0.140852063894, 0.169046536088, 0.130412355065, 0.138833716512, 0.138000667095, 0.108886256814, 0.0816079974174, 0.0785718411207, 0.127112641931, 0.132587209344, 0.118447236717, 0.120573744178, 0.174073725939, 0.0941164940596, 0.145252257586, 0.120856016874, 0.127346396446, 0.0704561173916, 0.12827257812, 0.101087540388, 0.0923378020525, 0.106442958117, 0.101934432983, 0.0681915208697, 0.0913901776075, 0.141319140792, 0.150834858418, 0.125664144754, 0.1423278898, 0.121165283024, 0.134374395013, 0.170493394136, 0.110901489854]
        max: [1, 1, 1, 1, 1, 1, 1, 1, 1, 1, 1, 1, 1, 1, 1, 1, 1, 1, 1, 1, 1, 1, 1, 1, 1, 1, 1, 1, 1, 1, 1, 1, 1, 1, 1, 1]
        mean: [0.145094782114, 0.141780927777, 0.13990393281, 0.213061749935, 0.307249575853, 0.248993143439, 0.170405596495, 0.187675043941, 0.178308144212, 0.135453984141, 0.107679456472, 0.112592183053, 0.129463374615, 0.135169893503, 0.14091861248, 0.139606684446, 0.124739490449, 0.15097887814, 0.292589724064, 0.373619824648, 0.234442681074, 0.105582393706, 0.08154694736, 0.0793487504125, 0.087705373764, 0.107745617628, 0.114156357944, 0.124566890299, 0.153282150626, 0.172125861049, 0.183147549629, 0.181652784348, 0.20856654644, 0.274142384529, 0.270602434874, 0.185706183314]
        min: [0.000539943168405, 0.000572101620492, 0.000750730803702, 0.000514121667948, 0.00087066780543, 0.00164436048362, 0.00233834399842, 0.00344010954723, 0.0037273822818, 0.00252160732634, 0.00176147709135, 0.00119691540021, 0.00245119957253, 0.00248920917511, 0.00165773020126, 0.00121787760872, 0.00127900985535, 0.000787159020547, 0.00136718072463, 0.0033179896418, 0.00220490759239, 0.00200731260702, 0.000753070751671, 0.000276903592749, 0.00135144463275, 0.0012394906953, 0.0010381921893, 0.00194586638827, 0.00272314879112, 0.00476849777624, 0.00676899217069, 0.00219780136831, 0.00144492310937, 0.00146846007556, 0.000752058404032, 0.00131904357113]
        var: [0.0549153611064, 0.0570973493159, 0.0500618256629, 0.0582483932376, 0.105357408524, 0.0679884552956, 0.0578484199941, 0.0629651769996, 0.0499970503151, 0.0321347378194, 0.0235587246716, 0.0316993147135, 0.0378787107766, 0.0398945957422, 0.0441783443093, 0.0513992980123, 0.0348460637033, 0.0504067465663, 0.0761618763208, 0.117250107229, 0.0517535023391, 0.03577933833, 0.0246061570942, 0.0235312841833, 0.0264698602259, 0.0258120279759, 0.0258632712066, 0.0442223064601, 0.0558372549713, 0.055198226124, 0.0540196113288, 0.0547681897879, 0.0569306239486, 0.0874334648252, 0.0877248197794, 0.0659098774195]
    chords_histogram: [33.0275230408, 10.0917434692, 8.71559619904, 0.917431175709, 0, 0, 0, 7.79816532135, 3.21100926399, 27.9816513062, 0, 0, 0, 0, 0, 0, 0, 8.25688076019, 0, 0, 0, 0, 0, 0]
    thpcp: [1, 0.627489924431, 0.282593131065, 0.218261837959, 0.212378323078, 0.23474496603, 0.288383036852, 0.305541485548, 0.333405464888, 0.410262346268, 0.460697889328, 0.490197628736, 0.48619684577, 0.558232009411, 0.733746886253, 0.72427213192, 0.497045844793, 0.388348728418, 0.379479140043, 0.374455332756, 0.570263504982, 0.822358846664, 0.666434526443, 0.456093549728, 0.50231552124, 0.477244853973, 0.362544953823, 0.288205951452, 0.301354944706, 0.346510976553, 0.36178457737, 0.377171128988, 0.373659729958, 0.333867430687, 0.404097616673, 0.783121526241]
    chords_key: "G#"
    chords_scale: "minor"
    key_key: "G#"
    key_scale: "minor"
    chords_progression: ["D#", "D#", "D#", "D#", "D#", "D#", "D#", "D#", "D#", "D#", "D#", "D#", "D#", "D#", "D#", "D#", "D#", "D#", "D#", "D#", "D#", "D#", "D#", "D#", "Cm", "Cm", "Cm", "F#", "F#", "Cm", "Cm", "Cm", "Cm", "G#", "G#", "G#", "G#", "G#", "G#", "G#", "G#", "G#", "G#", "G#", "G#", "G#", "G#", "G#", "D#m", "G#", "G#", "D#m", "D#m", "D#m", "D#m", "D#m", "D#m", "D#m", "D#m", "D#m", "D#m", "D#m", "D#m", "D#m", "D#m", "D#m", "D#m", "D#m", "B", "D#m", "G#m", "G#m", "G#m", "B", "B", "B", "B", "B", "B", "B", "B", "B", "B", "B", "B", "B", "B", "B", "B", "B", "B", "B", "B", "B", "G", "G", "G", "G", "G", "G", "G", "G", "G", "G", "G", "G", "G", "G", "G", "G", "G", "G", "D#", "D#", "D#", "D#", "D#", "D#", "D#", "D#", "D#", "D#", "D#", "D#", "D#", "D#", "D#", "D#", "D#", "D#", "D#", "D#", "D#", "D#", "G#m", "G#m", "G#m", "G#m", "G#m", "G#m", "G#m", "G#m", "G#m", "G#m", "G#m", "G#m", "G#m", "G#m", "G#m", "G#m", "G#m", "G#m", "G#m", "G#m", "G#m", "G#m", "G#m", "G#m", "G#m", "G#m", "G#m", "G#m", "G#m", "G#m", "G#m", "G#m", "G#m", "G#m", "G#m", "G#m", "D#", "D#", "D#", "D#", "D#", "D#", "D#", "D#", "D#", "D#", "D#", "D#", "D#", "D#", "D#", "G#m", "G#m", "G#m", "G#m", "G#m", "G#m", "G#m", "G#m", "G#m", "G#m", "G#m", "G#m", "G#m", "G#m", "G#m", "G#m", "G#m", "G#m", "G#m", "G#m", "G#m", "G#m", "G#m", "G#m", "G#m", "G#m", "G#m", "G#m", "G#m", "G#m", "G#m", "G#m", "G#m"]
