
metadata:
    version:
        essentia: "1.2.2"
    audio_properties:
        analysis_sample_rate: 44100
        bitrate: 128
        channels: 2
        equal_loudness: 1
        length: 10.0048980713
        replay_gain: -8.94904136658
        downmix: "mix"
    tags:
        track: 4
        year: 0
        album: "Splitted by Mp3Splt v. 2.1"
        artist: "From 000.30 To 000.40"
        comment: "http://mp3splt.sf.net"
        genre: ""
        title: "05 Crescendolls.mp3"

highlevel:
    ballroom:
        all:
            ChaChaCha: 0.164140298963
            Jive: 0.67772591114
            Quickstep: 0.0276018157601
            Rumba-American: 0.00210308423266
            Rumba-International: 0.0147869056091
            Rumba-Misc: 0.00299612735398
            Samba: 0.0554792173207
            Tango: 0.00293284002692
            VienneseWaltz: 0.0456249676645
            Waltz: 0.0066088330932
        probability: 0.67772591114
        value: "Jive"
    culture:
        all:
            non_western: 0.370251446962
            western: 0.629748523235
        probability: 0.629748523235
        value: "western"
    gender:
        all:
            female: 0.208094865084
            male: 0.791905105114
        probability: 0.791905105114
        value: "male"
    genre_dortmund:
        all:
            alternative: 0.058400247246
            blues: 0.0395265854895
            electronic: 0.217980876565
            folkcountry: 0.114374168217
            funksoulrnb: 0.0706785321236
            jazz: 0.06419955194
            pop: 0.0984140336514
            raphiphop: 0.0433740876615
            rock: 0.293051928282
        probability: 0.293051928282
        value: "rock"
    genre_electronica:
        all:
            ambient: 0.190839990973
            dnb: 0.269861876965
            house: 0.0985373780131
            techno: 0.022598201409
            trance: 0.418162554502
        probability: 0.418162554502
        value: "trance"
    genre_rosamerica:
        all:
            cla: 0.0550469197333
            dan: 0.0581478960812
            hip: 0.0165090803057
            jaz: 0.0104735940695
            pop: 0.511149466038
            rhy: 0.0409518331289
            roc: 0.30393910408
            spe: 0.00378210563213
        probability: 0.511149466038
        value: "pop"
    genre_tzanetakis:
        all:
            blu: 0.00427886703983
            cla: 0.00197863951325
            cou: 0.0693788677454
            dis: 0.253419786692
            hip: 0.0109244482592
            jaz: 0.00308357249014
            met: 0.0144169125706
            pop: 0.0750557258725
            reg: 0.0200126525015
            roc: 0.54745054245
        probability: 0.54745054245
        value: "roc"
    live_studio:
        all:
            live: 0.0351170860231
            studio: 0.964882910252
        probability: 0.964882910252
        value: "studio"
    mood:
        all:
            Cluster1: 0.283219486475
            Cluster2: 0.204379588366
            Cluster3: 0.167134076357
            Cluster4: 0.111023396254
            Cluster5: 0.234243452549
        probability: 0.283219486475
        value: "Cluster1"
    mood_acoustic:
        all:
            acoustic: 0.00472405739129
            not_acoustic: 0.995275914669
        probability: 0.995275914669
        value: "not_acoustic"
    mood_aggressive:
        all:
            aggressive: 0.505705475807
            not_aggressive: 0.494294524193
        probability: 0.505705475807
        value: "aggressive"
    mood_electronic:
        all:
            electronic: 0.409947305918
            not_electronic: 0.59005266428
        probability: 0.59005266428
        value: "not_electronic"
    mood_happy:
        all:
            happy: 0.807360351086
            not_happy: 0.192639678717
        probability: 0.807360351086
        value: "happy"
    mood_party:
        all:
            not_party: 0.462295681238
            party: 0.53770428896
        probability: 0.53770428896
        value: "party"
    mood_relaxed:
        all:
            not_relaxed: 0.716088831425
            relaxed: 0.283911168575
        probability: 0.716088831425
        value: "not_relaxed"
    mood_sad:
        all:
            not_sad: 0.904893815517
            sad: 0.0951062068343
        probability: 0.904893815517
        value: "not_sad"
    rhythm:
        all:
            fast: 0.971911430359
            medium: 0.0259898062795
            slow: 0.00209879223257
        probability: 0.971911430359
        value: "fast"
    speech_music:
        all:
            music: 0.999766051769
            speech: 0.00023392069852
        probability: 0.999766051769
        value: "music"
    timbre:
        all:
            bright: 0.279787838459
            dark: 0.720212161541
        probability: 0.720212161541
        value: "dark"
    voice_instrumental:
        all:
            instrumental: 0.231036201119
            voice: 0.768963813782
        probability: 0.768963813782
        value: "voice"

lowlevel:
    average_loudness: 0.981406807899
    barkbands_kurtosis:
        dmean: 1.05759251118
        dmean2: 1.77771735191
        dvar: 3.63221907616
        dvar2: 8.18453121185
        max: 20.5711517334
        mean: -0.574742436409
        min: -1.88408851624
        var: 4.26672315598
    barkbands_skewness:
        dmean: 0.588352143764
        dmean2: 0.856853306293
        dvar: 0.285472452641
        dvar2: 0.547781407833
        max: 4.45421504974
        mean: 0.116628795862
        min: -2.52181911469
        var: 0.807027876377
    barkbands_spread:
        dmean: 7.1754899025
        dmean2: 11.2723207474
        dvar: 37.2882156372
        dvar2: 90.0318374634
        max: 52.8710708618
        mean: 31.362701416
        min: 5.28000497818
        var: 79.0125350952
    dissonance:
        dmean: 0.015190269798
        dmean2: 0.0250089503825
        dvar: 0.000248308730079
        dvar2: 0.000608918489888
        max: 0.499135881662
        mean: 0.474300324917
        min: 0.379828333855
        var: 0.000345774285961
    hfc:
        dmean: 4.6187620163
        dmean2: 7.3562374115
        dvar: 63.8203544617
        dvar2: 165.784927368
        max: 75.3352890015
        mean: 8.20813655853
        min: 1.04710364342
        var: 63.55103302
    pitch:
        dmean: 804.945251465
        dmean2: 1542.76843262
        dvar: 1536495.5
        dvar2: 3742452.5
        max: 4009.09082031
        mean: 888.394958496
        min: 100.915328979
        var: 1400258.25
    pitch_instantaneous_confidence:
        dmean: 0.11144605279
        dmean2: 0.175136327744
        dvar: 0.00843767262995
        dvar2: 0.018090210855
        max: 0.828264951706
        mean: 0.410404086113
        min: 0.152309715748
        var: 0.0188664998859
    pitch_salience:
        dmean: 0.0847138017416
        dmean2: 0.128189250827
        dvar: 0.00515535566956
        dvar2: 0.0103909401223
        max: 0.850300729275
        mean: 0.590829312801
        min: 0.169538646936
        var: 0.0143671510741
    silence_rate_20dB:
        dmean: 0
        dmean2: 0
        dvar: 0
        dvar2: 0
        max: 1
        mean: 1
        min: 1
        var: 0
    silence_rate_30dB:
        dmean: 0
        dmean2: 0
        dvar: 0
        dvar2: 0
        max: 1
        mean: 1
        min: 1
        var: 0
    silence_rate_60dB:
        dmean: 0.195348843932
        dmean2: 0.389277398586
        dvar: 0.157188042998
        dvar2: 0.293684273958
        max: 1
        mean: 0.241299301386
        min: 0
        var: 0.183073893189
    spectral_centroid:
        dmean: 377.41116333
        dmean2: 576.227233887
        dvar: 111613.148438
        dvar2: 228405.109375
        max: 3102.83666992
        mean: 1619.57055664
        min: 334.382293701
        var: 292956.53125
    spectral_complexity:
        dmean: 5.23364496231
        dmean2: 7.740046978
        dvar: 38.7117424011
        dvar2: 83.1337890625
        max: 53
        mean: 14.3146848679
        min: 1
        var: 64.8310317993
    spectral_crest:
        dmean: 2.89954161644
        dmean2: 4.58906936646
        dvar: 7.21867513657
        dvar2: 14.4142684937
        max: 24.4986934662
        mean: 8.49135017395
        min: 3.08014273643
        var: 18.005563736
    spectral_decrease:
        dmean: 4.705695833e-10
        dmean2: 7.3975231496e-10
        dvar: 4.49433799977e-19
        dvar2: 1.16275331141e-18
        max: -1.9776143223e-10
        mean: -1.07102082758e-09
        min: -6.99294888662e-09
        var: 4.66978869456e-19
    spectral_energy:
        dmean: 0.0021509451326
        dmean2: 0.00337374932133
        dvar: 1.01409623312e-05
        dvar2: 2.62846624537e-05
        max: 0.0305981375277
        mean: 0.00478677870706
        min: 0.00084137293743
        var: 1.04081109384e-05
    spectral_energyband_high:
        dmean: 0.000279909814708
        dmean2: 0.000476056477055
        dvar: 3.10955414307e-07
        dvar2: 8.35220703266e-07
        max: 0.00705765886232
        mean: 0.000339018239174
        min: 1.23949403132e-05
        var: 2.95136459272e-07
    spectral_energyband_low:
        dmean: 7.5480529631e-05
        dmean2: 0.000129532578285
        dvar: 1.87068607715e-07
        dvar2: 5.27477595824e-07
        max: 0.00578575627878
        mean: 7.32316548238e-05
        min: 3.37434897801e-07
        var: 1.20189682207e-07
    spectral_energyband_middle_high:
        dmean: 0.00131045118906
        dmean2: 0.00207549496554
        dvar: 5.2198784033e-06
        dvar2: 1.34898773467e-05
        max: 0.0223491098732
        mean: 0.00241790502332
        min: 0.000212592130993
        var: 5.22995242136e-06
    spectral_energyband_middle_low:
        dmean: 0.00100095628295
        dmean2: 0.00156932906248
        dvar: 1.55911629918e-06
        dvar2: 3.98599422624e-06
        max: 0.0155549449846
        mean: 0.00195661070757
        min: 0.000128227999085
        var: 2.0389970814e-06
    spectral_flatness_db:
        dmean: 0.0207238271832
        dmean2: 0.0319034941494
        dvar: 0.000325776432874
        dvar2: 0.000672026129905
        max: 0.28227430582
        mean: 0.152342185378
        min: 0.08910189569
        var: 0.000824360351544
    spectral_flux:
        dmean: 0.0126659264788
        dmean2: 0.018792251125
        dvar: 0.000197583212866
        dvar2: 0.000371672591427
        max: 0.140233278275
        mean: 0.0453789047897
        min: 0.0186889339238
        var: 0.000330718321493
    spectral_kurtosis:
        dmean: 1.50336539745
        dmean2: 2.36187982559
        dvar: 1.83592808247
        dvar2: 4.46349668503
        max: 14.6640090942
        mean: 4.50077295303
        min: 0.984458446503
        var: 2.95217752457
    spectral_rms:
        dmean: 0.000444777135272
        dmean2: 0.000668245833367
        dvar: 2.47686386956e-07
        dvar2: 5.86908129208e-07
        max: 0.00546368397772
        mean: 0.0020766556263
        min: 0.000906008644961
        var: 3.57532115913e-07
    spectral_rolloff:
        dmean: 532.997009277
        dmean2: 833.793457031
        dvar: 306105.9375
        dvar2: 620323.75
        max: 4888.03710938
        mean: 3102.08691406
        min: 236.865234375
        var: 561440.875
    spectral_skewness:
        dmean: 0.239431351423
        dmean2: 0.388963252306
        dvar: 0.0388078428805
        dvar2: 0.0955888330936
        max: 2.58005285263
        mean: 1.59688341618
        min: 0.464497536421
        var: 0.068670399487
    spectral_spread:
        dmean: 945729.8125
        dmean2: 1393966
        dvar: 672098877440
        dvar2: 1.56275874202e+12
        max: 9038363
        mean: 4851546
        min: 2521600.25
        var: 1.39345303962e+12
    spectral_strongpeak:
        dmean: 0.628491103649
        dmean2: 1.03715002537
        dvar: 0.914713561535
        dvar2: 1.94891417027
        max: 6.71977519989
        mean: 0.758144199848
        min: 0.0282802339643
        var: 1.36025619507
    zerocrossingrate:
        dmean: 0.0118853133172
        dmean2: 0.0139165874571
        dvar: 0.000112769805128
        dvar2: 0.000127697931021
        max: 0.15478515625
        mean: 0.0927051454782
        min: 0.01806640625
        var: 0.000457884714706
    barkbands:
        dmean: [1.26258626665e-07, 3.23853855662e-05, 5.03534938616e-05, 0.000204523908906, 0.00070650386624, 0.000238353488385, 5.94326083956e-05, 5.65581685805e-05, 7.47167432564e-05, 6.46555999992e-05, 6.826032768e-05, 8.2157253928e-05, 0.00012623720977, 8.51537479321e-05, 0.000122987345094, 0.000244816212216, 0.000190730177565, 0.00044742814498, 0.000384581799153, 0.000209948106203, 0.000127603692818, 3.99570890295e-05, 9.82116762316e-06, 3.57988596988e-06, 3.82584676117e-06, 2.74293398661e-07, 9.55810097736e-10]
        dmean2: [1.76466627977e-07, 5.58552201255e-05, 9.10631933948e-05, 0.000335129530868, 0.00111234060023, 0.000411484506913, 0.000100548742921, 9.31047325139e-05, 0.00012095481361, 0.000114219983516, 0.000114779017167, 0.000138901159517, 0.000218097935431, 0.000143600380397, 0.000200989466975, 0.000413192756241, 0.000319448590744, 0.000737366266549, 0.000634747091681, 0.000352442904841, 0.000218930726987, 6.52742019156e-05, 1.55951147462e-05, 5.92234937358e-06, 6.1121500039e-06, 4.52477195267e-07, 1.45663558992e-09]
        dvar: [6.90908268097e-13, 3.85169478534e-08, 7.8356514166e-08, 1.91416930306e-07, 8.08860647794e-07, 1.03105548988e-07, 7.20949877575e-09, 5.93488946876e-09, 2.99116855729e-08, 1.03896393711e-08, 7.86036657985e-09, 1.52802428488e-08, 2.93495130421e-08, 3.70637351921e-08, 4.05232860601e-08, 1.47335626366e-07, 1.32550965759e-07, 7.14693783266e-07, 2.6899652994e-07, 2.43798183419e-07, 6.15595681097e-08, 5.04764940956e-09, 2.85861195826e-10, 3.8856650536e-11, 3.17769560665e-11, 3.92542308337e-13, 1.52493690687e-17]
        dvar2: [1.06484385112e-12, 1.08610599625e-07, 2.2855410009e-07, 4.6083982852e-07, 1.79737776307e-06, 2.72570076731e-07, 1.8901859633e-08, 1.28885195849e-08, 7.83504390256e-08, 3.04565972442e-08, 2.09181578725e-08, 3.95902759465e-08, 8.03550506134e-08, 9.73530944748e-08, 9.82157075669e-08, 3.82737113114e-07, 3.21731334907e-07, 1.83244549135e-06, 7.13063002422e-07, 6.78384822095e-07, 1.68714294091e-07, 1.19910135155e-08, 6.80560385824e-10, 1.01445858658e-10, 7.73041630708e-11, 1.08819474699e-12, 1.6800556056e-17]
        max: [1.37852875923e-05, 0.00275560747832, 0.00302969943732, 0.00688793417066, 0.00655891932547, 0.00264468649402, 0.000605700537562, 0.000755136657972, 0.0021784696728, 0.00088827998843, 0.00067083252361, 0.00103986752219, 0.00136893359013, 0.00165492971428, 0.00158048293088, 0.0030183265917, 0.00342120230198, 0.00902171060443, 0.00370600796305, 0.00675547355786, 0.00280419690534, 0.000748722115532, 0.000201214017579, 6.27480185358e-05, 3.83709484595e-05, 6.55965004626e-06, 7.87955656278e-08]
        mean: [1.1911740927e-07, 2.89429626719e-05, 4.41873307864e-05, 0.000250035140198, 0.00111823168118, 0.000280398526229, 0.000107609346742, 7.89314799476e-05, 0.000112590663775, 8.77372222021e-05, 8.91806557775e-05, 0.00011090492626, 0.000164783137734, 9.21230748645e-05, 0.000158655806445, 0.000292468932457, 0.000249043223448, 0.000549497257452, 0.000497856293805, 0.00026826953399, 0.000143746015965, 4.34776156908e-05, 1.02058502307e-05, 3.72884778699e-06, 3.80791948373e-06, 2.48930803082e-07, 9.34553878729e-10]
        min: [5.29852620113e-11, 2.39051178852e-08, 9.57878398822e-08, 8.70720100465e-07, 1.55482321134e-05, 2.89592958325e-06, 4.71520507972e-07, 8.24399890575e-08, 4.82393988932e-06, 2.69272300102e-06, 8.87961903118e-07, 2.73814589491e-06, 5.40318160347e-06, 2.80456833934e-06, 4.2938054321e-06, 2.88359638034e-06, 8.03248349257e-06, 1.05339031506e-05, 1.19284222819e-05, 4.72050078315e-06, 3.15370448334e-06, 8.82199628904e-07, 1.50877383476e-07, 4.19456540612e-08, 2.8131916352e-08, 2.48748288634e-09, 1.31833086114e-12]
        var: [6.63678422115e-13, 2.54733905081e-08, 4.44651355735e-08, 2.07854228051e-07, 1.34177548716e-06, 1.10829184052e-07, 1.66272631219e-08, 1.18777139235e-08, 2.85734831351e-08, 1.67220157721e-08, 9.09642405844e-09, 1.88613196173e-08, 3.20392281594e-08, 3.0565853848e-08, 4.82791051581e-08, 1.31813834514e-07, 1.43114874618e-07, 7.28828581487e-07, 3.20837784784e-07, 1.89719642663e-07, 6.25909137852e-08, 6.28694296623e-09, 3.39638983604e-10, 3.77467536394e-11, 3.03218179731e-11, 2.57573042756e-13, 1.54056069428e-17]
    mfcc:
        mean: [-703.415283203, 98.8022689819, -57.090587616, 45.5828094482, -11.4001321793, -8.60470581055, -3.56874966621, -13.0213832855, -12.4888162613, -17.1996746063, -13.6786584854, -15.151515007, -8.83374500275]
        cov: [[1165.90612793, -488.509246826, 21.63022995, 20.4301338196, 0.306638062, -53.04637146, -82.6770477295, 3.96003365517, -12.7276334763, -4.08177852631, 26.8844680786, -8.87980556488, -16.0959682465], [-488.509246826, 567.646850586, 12.7038764954, 46.8298072815, -1.5431984663, 42.1025161743, 49.6575469971, -2.27287435532, 41.6333465576, 31.1992340088, -7.40891313553, 13.1834383011, 57.3023529053], [21.63022995, 12.7038764954, 414.904937744, 75.0695114136, 38.4788627625, 10.5023565292, 14.6879177094, -17.850522995, 21.7773685455, -4.89662361145, 4.87446260452, 17.9513149261, 42.8129005432], [20.4301338196, 46.8298072815, 75.0695114136, 165.439193726, 30.6399822235, 20.2882347107, 3.13302922249, 1.99568128586, 15.9338846207, 10.3488283157, 7.30986213684, 1.21188473701, 23.467218399], [0.306638062, -1.5431984663, 38.4788627625, 30.6399822235, 143.128936768, 7.70762777328, -6.63756227493, -1.5765106678, 13.4449996948, 8.15710449219, -0.206775099039, 3.64421916008, -1.50580251217], [-53.04637146, 42.1025161743, 10.5023565292, 20.2882347107, 7.70762777328, 165.482925415, 76.6218414307, 11.796497345, 22.6541824341, 16.5910167694, 17.564447403, 22.5967292786, 16.7315616608], [-82.6770477295, 49.6575469971, 14.6879177094, 3.13302922249, -6.63756227493, 76.6218414307, 150.236221313, 44.5072402954, 15.8635845184, 16.4753570557, 9.05412769318, 22.3000640869, 11.1233901978], [3.96003365517, -2.27287435532, -17.850522995, 1.99568128586, -1.5765106678, 11.796497345, 44.5072402954, 87.4384384155, 32.4491348267, 22.9929237366, 8.99393749237, 19.3660564423, -0.815170645714], [-12.7276334763, 41.6333465576, 21.7773685455, 15.9338846207, 13.4449996948, 22.6541824341, 15.8635845184, 32.4491348267, 85.4272613525, 40.4509773254, 16.2013950348, 20.3151893616, 20.0195865631], [-4.08177852631, 31.1992340088, -4.89662361145, 10.3488283157, 8.15710449219, 16.5910167694, 16.4753570557, 22.9929237366, 40.4509773254, 83.3353652954, 31.6724948883, 19.4132957458, 17.8926677704], [26.8844680786, -7.40891313553, 4.87446260452, 7.30986213684, -0.206775099039, 17.564447403, 9.05412769318, 8.99393749237, 16.2013950348, 31.6724948883, 74.9142150879, 34.487449646, 10.1334505081], [-8.87980556488, 13.1834383011, 17.9513149261, 1.21188473701, 3.64421916008, 22.5967292786, 22.3000640869, 19.3660564423, 20.3151893616, 19.4132957458, 34.487449646, 72.6238021851, 25.5925254822], [-16.0959682465, 57.3023529053, 42.8129005432, 23.467218399, -1.50580251217, 16.7315616608, 11.1233901978, -0.815170645714, 20.0195865631, 17.8926677704, 10.1334505081, 25.5925254822, 93.1158218384]]
        icov: [[0.0014470370952, 0.0012977415463, -2.09211611946e-05, -0.000475367967738, 0.000149972969666, 8.04695519037e-05, 0.000451073399745, -0.000168492362718, -0.000198477311642, -0.000169194681803, -0.000333698873874, 0.000243218935793, -0.000441800046246], [0.0012977415463, 0.0032270597294, 0.000188996738871, -0.00091833609622, 0.000282549997792, 6.86221028445e-05, -0.000360518373782, 0.000726223399397, -0.0010504318634, -0.000606712768786, 0.000480802060338, 0.00011472494225, -0.00131679326296], [-2.09211611946e-05, 0.000188996738871, 0.00291562452912, -0.00114491255954, -0.000528209609911, 0.00041593684, -0.000766146869864, 0.00122178543825, -0.00102522212546, 0.00083752325736, 4.77866415167e-05, -0.000558623753022, -0.000945170468185], [-0.000475367967738, -0.00091833609622, -0.00114491255954, 0.00740931974724, -0.00127194775268, -0.000895762001164, 0.000567438197322, -0.000840913446154, 3.01673389913e-05, -4.24898280471e-05, -0.000836185470689, 0.00144736189395, -0.00109782419167], [0.000149972969666, 0.000282549997792, -0.000528209609911, -0.00127194775268, 0.00762751419097, -0.000403763115173, 0.000653812894598, 0.000433080887888, -0.000975107715931, -0.000785759824794, 0.000863215362187, -0.000736177258659, 0.00100607878994], [8.04695519037e-05, 6.86221028445e-05, 0.00041593684, -0.000895762001164, -0.000403763115173, 0.00865632202476, -0.00471748923883, 0.00223825708963, -0.0018293207977, 0.000266620307229, -0.000944551022258, -0.000926688837353, -0.000273063807981], [0.000451073399745, -0.000360518373782, -0.000766146869864, 0.000567438197322, 0.000653812894598, -0.00471748923883, 0.0111595410854, -0.00569469062611, 0.00200788979419, -0.000654887291603, 0.000428854778875, -0.000701010168996, -0.000175474036951], [-0.000168492362718, 0.000726223399397, 0.00122178543825, -0.000840913446154, 0.000433080887888, 0.00223825708963, -0.00569469062611, 0.0176031291485, -0.00600261706859, -0.00159755896311, 0.00144991907291, -0.00338539248332, 0.00198353338055], [-0.000198477311642, -0.0010504318634, -0.00102522212546, 3.01673389913e-05, -0.000975107715931, -0.0018293207977, 0.00200788979419, -0.00600261706859, 0.0186291113496, -0.0065987650305, 0.000403881917009, -0.00113352341577, -0.00137320277281], [-0.000169194681803, -0.000606712768786, 0.00083752325736, -4.24898280471e-05, -0.000785759824794, 0.000266620307229, -0.000654887291603, -0.00159755896311, -0.0065987650305, 0.0187022592872, -0.00657082349062, 0.00106011412572, -0.00177793111652], [-0.000333698873874, 0.000480802060338, 4.77866415167e-05, -0.000836185470689, 0.000863215362187, -0.000944551022258, 0.000428854778875, 0.00144991907291, 0.000403881917009, -0.00657082349062, 0.0201500654221, -0.00880665145814, 0.00138374767266], [0.000243218935793, 0.00011472494225, -0.000558623753022, 0.00144736189395, -0.000736177258659, -0.000926688837353, -0.000701010168996, -0.00338539248332, -0.00113352341577, 0.00106011412572, -0.00880665145814, 0.0212305113673, -0.00476449960843], [-0.000441800046246, -0.00131679326296, -0.000945170468185, -0.00109782419167, 0.00100607878994, -0.000273063807981, -0.000175474036951, 0.00198353338055, -0.00137320277281, -0.00177793111652, 0.00138374767266, -0.00476449960843, 0.0140839796513]]
    spectral_contrast:
        mean: [1.65614764569e-07, -9.1949111436e-08, -1.07090158963e-07, 8.02891264584e-08, 6.15914643731e-07, -3.33400464569e-07, -5.4623694723e-07, 1.54451061007e-06, -1.54896531512e-06, 1.22001949876e-06, -4.50438818689e-07, 3.83539918403e-06]
        var: [0.000683854974341, 0.00088792364113, 0.00126851676032, 0.00215330487117, 0.00339275528677, 0.00540974875912, 0.0650714635849, 0.107570409775, 0.224750474095, 0.274713277817, 0.629834651947, 0.944563508034]

rhythm:
    beats_loudness:
        dmean: 0.00155924248975
        dmean2: 0.00302680558525
        dvar: 1.39059534376e-06
        dvar2: 4.45161367679e-06
        max: 0.00898266304284
        mean: 0.00577474664897
        min: 0.00345905567519
        var: 1.73358489519e-06
    beats_loudness_bass:
        dmean: 0.0645010471344
        dmean2: 0.0959705263376
        dvar: 0.0132389022037
        dvar2: 0.0129265151918
        max: 0.596221268177
        mean: 0.0589302405715
        min: 0.000158344410011
        var: 0.0158139392734
    bpm: 125.420783997
    bpm_confidence: 0
    first_peak_bpm: 125
    first_peak_spread: 0
    first_peak_weight: 0.947368383408
    onset_rate: 6.3968667984
    second_peak_bpm: 76
    second_peak_spread: 0
    second_peak_weight: 0.0526315793395
    beats_position: [0.0774893909693, 0.556639194489, 1.03578901291, 1.51493883133, 1.99408864975, 2.47323846817, 2.95238828659, 3.43153810501, 3.91068768501, 4.38983726501, 4.86898708344, 5.34813642502, 6.13260126114, 6.61014175415, 7.08768177032, 7.56522226334, 8.04276275635, 8.52030277252, 8.99784374237, 9.47538375854]
    bpm_estimates: [125.171844482, 125.244361877, 125.191474915, 125.771743774, 125.464385986, 124.884391785, 124.848014832, 125.203132629, 125.567298889, 125.70501709, 126.178779602, 126.573692322, 126.12462616, 124.667015076, 124.716125488]
    bpm_intervals: [0.47914981842, 0.47914981842, 0.47914981842, 0.47914981842, 0.47914981842, 0.47914981842, 0.47914981842, 0.479149580002, 0.479149580002, 0.47914981842, 0.479149341583, 0.784464836121, 0.477540493011, 0.477540016174, 0.477540493011, 0.477540493011, 0.477540016174, 0.477540969849, 0.477540016174]
    onset_times: [0.0580498874187, 0.208979591727, 0.31346938014, 0.545668959618, 0.789478480816, 0.952018141747, 1.03328800201, 1.18421769142, 1.39319729805, 1.75310659409, 1.90403628349, 1.99691605568, 2.13623571396, 2.2523355484, 2.38004541397, 2.48453521729, 2.62385487556, 2.72834467888, 2.85605430603, 2.97215414047, 3.21596360207, 3.35528349876, 3.45977330208, 3.68036270142, 3.92417240143, 4.07510185242, 4.17959165573, 4.42340135574, 4.6439909935, 4.79492044449, 4.8994102478, 5.02712011337, 5.11999988556, 5.3754196167, 5.61922883987, 5.86303853989, 6.00235843658, 6.11845827103, 6.23455762863, 6.35065746307, 6.48997735977, 6.59446716309, 6.72217702866, 6.8382768631, 7.08208608627, 7.20979595184, 7.33750581741, 7.45360565186, 7.56970500946, 7.69741487503, 7.81351470947, 7.94122457504, 8.05732440948, 8.18503379822, 8.27791404724, 8.53333377838, 8.68426322937, 8.76553249359, 8.92807292938, 9.12544250488, 9.47374153137, 9.6014509201, 9.71755123138, 9.94975090027]
    rubato_start: []
    rubato_stop: []
    perceptual_tempo: "unknown"

sfx:
    inharmonicity:
        dmean: 0.0547990165651
        dmean2: 0.0968373045325
        dvar: 0.00336868991144
        dvar2: 0.00946130603552
        max: 0.363143444061
        mean: 0.0581110008061
        min: 5.65057671338e-05
        var: 0.00364190153778
    oddtoevenharmonicenergyratio:
        dmean: 3.68756270409
        dmean2: 7.12971019745
        dvar: 395.463867188
        dvar2: 1188.38037109
        max: 265.605804443
        mean: 2.21932768822
        min: 0.0004067090631
        var: 202.095062256
    pitch_after_max_to_before_max_energy_ratio: 1.59198224545
    pitch_centroid: 218.962341309
    pitch_max_to_total: 0.438228428364
    pitch_min_to_total: 0.818181812763
    tristimulus:
        dmean: [0.228503003716, 0.254542171955, 0.154894217849]
        dmean2: [0.378463923931, 0.435110896826, 0.273236423731]
        dvar: [0.0348711870611, 0.0455116927624, 0.0191611535847]
        dvar2: [0.0956742763519, 0.12385442853, 0.0527861379087]
        max: [0.969511151314, 0.996514737606, 0.7601531744]
        mean: [0.371255457401, 0.416449457407, 0.149855226278]
        min: [0.00348531967029, 0, 0]
        var: [0.0648996680975, 0.0650596246123, 0.0234086476266]

tonal:
    chords_changes_rate: 0.0138888889924
    chords_number_rate: 0.00925925932825
    chords_strength:
        dmean: 0.00840815436095
        dmean2: 0.00970702711493
        dvar: 4.48042628705e-05
        dvar2: 5.74545847485e-05
        max: 0.724248051643
        mean: 0.63421112299
        min: 0.498589634895
        var: 0.00214676721953
    key_strength: 0.69281566143
    tuning_diatonic_strength: 0.596608281136
    tuning_equal_tempered_deviation: 0.105379752815
    tuning_frequency: 449.504882812
    tuning_nontempered_energy_ratio: 0.768654167652
    hpcp:
        dmean: [0.22869323194, 0.242953315377, 0.240118145943, 0.172390431166, 0.137713074684, 0.134510487318, 0.154225304723, 0.156269103289, 0.175488635898, 0.179482549429, 0.137655228376, 0.108265586197, 0.103264406323, 0.098167270422, 0.1085434407, 0.127060949802, 0.116322159767, 0.103535294533, 0.112385831773, 0.107191324234, 0.115170314908, 0.144852504134, 0.154645517468, 0.207051455975, 0.249579757452, 0.226440623403, 0.215075552464, 0.18371514976, 0.133668452501, 0.156576484442, 0.179640159011, 0.153006866574, 0.132935941219, 0.126588970423, 0.133674547076, 0.187020018697]
        dmean2: [0.367797523737, 0.375807642937, 0.401063323021, 0.309421300888, 0.234107032418, 0.226295411587, 0.257926344872, 0.271334975958, 0.30790963769, 0.29941034317, 0.230826810002, 0.174123480916, 0.170053273439, 0.164964869618, 0.187328487635, 0.210497245193, 0.196545019746, 0.172195360065, 0.182991325855, 0.169150009751, 0.182759791613, 0.233361437917, 0.256126731634, 0.346422255039, 0.421278119087, 0.395790278912, 0.365252107382, 0.319264709949, 0.237393781543, 0.271698713303, 0.296342015266, 0.248224914074, 0.224099472165, 0.209644660354, 0.222928628325, 0.315919280052]
        dvar: [0.0448779091239, 0.0647207349539, 0.0581665448844, 0.0403886623681, 0.0287541858852, 0.0233141053468, 0.0415234155953, 0.0335802361369, 0.0374294929206, 0.0395557805896, 0.0230947900563, 0.0163575541228, 0.0162299238145, 0.0124333510175, 0.0159381106496, 0.0281577538699, 0.0201462432742, 0.0176607985049, 0.0248186793178, 0.0202434938401, 0.0201645474881, 0.0381809324026, 0.0306094922125, 0.0366574265063, 0.0552359037101, 0.0477457344532, 0.0538629479706, 0.0523415356874, 0.0320511050522, 0.0330384783447, 0.0467372611165, 0.0397133156657, 0.0261168945581, 0.0290977656841, 0.0260172747076, 0.0348077230155]
        dvar2: [0.0919709354639, 0.0950924828649, 0.146631762385, 0.104722231627, 0.0766748338938, 0.0573530271649, 0.0937331244349, 0.0899294614792, 0.104126416147, 0.0966995507479, 0.0604016967118, 0.0419122353196, 0.0396623872221, 0.0341368839145, 0.0395876094699, 0.0669196993113, 0.0468431375921, 0.0403834469616, 0.0496149249375, 0.0404579713941, 0.0508801676333, 0.0871521532536, 0.0734489485621, 0.0868852585554, 0.118370428681, 0.106659553945, 0.140764921904, 0.134883612394, 0.0824997201562, 0.084354326129, 0.115848623216, 0.106689780951, 0.0633181780577, 0.0614911653101, 0.0626254454255, 0.0840893238783]
        max: [1, 1, 1, 1, 0.958950519562, 1, 1, 1, 1, 1, 1, 0.769822955132, 0.836130142212, 0.622606098652, 0.708842456341, 1, 1, 1, 1, 0.954955458641, 0.813951671124, 1, 1, 1, 1, 1, 1, 1, 1, 1, 1, 1, 0.947400808334, 1, 1, 1]
        mean: [0.405940979719, 0.447880148888, 0.303035289049, 0.181584700942, 0.15462782979, 0.163021191955, 0.194217026234, 0.180292323232, 0.211164847016, 0.257869780064, 0.187632977962, 0.13012342155, 0.11914049089, 0.105929099023, 0.132051646709, 0.161871820688, 0.144036322832, 0.118896432221, 0.125433459878, 0.122594892979, 0.13702955842, 0.178500264883, 0.192343011498, 0.315643161535, 0.433375775814, 0.336009263992, 0.228674948215, 0.182801321149, 0.143160551786, 0.169222816825, 0.203852087259, 0.169193759561, 0.147352352738, 0.150684893131, 0.162649333477, 0.253599405289]
        min: [0.00831797067076, 0.00317401252687, 0.00672017363831, 0.00239912187681, 0.00214325101115, 0.00168017169926, 0.00136990239844, 0.00174826418515, 0.00393087137491, 0.00717964442447, 0.0057618888095, 0.00411493144929, 0.00449161883444, 0.00273745227605, 0.00537858344615, 0.00385313224979, 0.00423971749842, 0.00449296971783, 0.00225487421267, 0.00102812796831, 0.00207451172173, 0.00244006305002, 0.00508207362145, 0.0143006891012, 0.00848029367626, 0.00608667545021, 0.00135520717595, 0.00294819311239, 0.00235879584216, 0.00290571898222, 0.00165333074983, 0.000858397630509, 0.00087037862977, 0.000825881434139, 0.0013404173078, 0.00622887723148]
        var: [0.0973678454757, 0.141414254904, 0.0782694965601, 0.0503232739866, 0.0336392819881, 0.0307934675366, 0.0628536790609, 0.0428024232388, 0.0421123541892, 0.0596246980131, 0.0336762182415, 0.0210468731821, 0.0199399869889, 0.0144902002066, 0.0205562096089, 0.0442802459002, 0.028151312843, 0.0207240954041, 0.0333915390074, 0.0296054985374, 0.02714811638, 0.0593608282506, 0.0415486581624, 0.0580886900425, 0.102331727743, 0.0833802521229, 0.0669828429818, 0.0584137141705, 0.033558819443, 0.0362345613539, 0.0630638673902, 0.044655058533, 0.0351534187794, 0.0506688989699, 0.0343454405665, 0.0497469641268]
    chords_histogram: [0, 0, 0, 0, 0, 0, 0, 0, 0, 0, 0, 0, 0, 0, 0, 0, 0, 0, 0, 0, 0, 0, 8.79629611969, 91.203704834]
    thpcp: [1, 0.676599085331, 0.405431449413, 0.345243781805, 0.36398395896, 0.433636158705, 0.402545899153, 0.471476227045, 0.575756192207, 0.41893568635, 0.290531784296, 0.266009747982, 0.236512154341, 0.294837027788, 0.361417710781, 0.321595698595, 0.265464842319, 0.280060321093, 0.273722529411, 0.30595138669, 0.398544698954, 0.429451972246, 0.704749166965, 0.967615485191, 0.750221371651, 0.510571718216, 0.408147841692, 0.319640308619, 0.377830594778, 0.455148756504, 0.377765715122, 0.328999519348, 0.336440205574, 0.36315369606, 0.56622159481, 0.90636074543]
    chords_key: "F"
    chords_scale: "major"
    key_key: "A"
    key_scale: "minor"
    chords_progression: ["Dm", "Dm", "Dm", "Dm", "Dm", "Dm", "Dm", "Dm", "Dm", "Dm", "Dm", "Dm", "Dm", "Dm", "Dm", "F", "F", "F", "F", "F", "F", "F", "F", "F", "F", "F", "F", "F", "F", "F", "F", "F", "F", "F", "F", "F", "F", "F", "F", "F", "F", "F", "F", "F", "F", "F", "F", "F", "F", "F", "F", "F", "F", "F", "F", "F", "F", "F", "F", "F", "F", "F", "F", "F", "F", "F", "F", "F", "F", "F", "F", "F", "F", "F", "F", "F", "F", "F", "F", "F", "F", "F", "F", "F", "F", "F", "F", "F", "F", "F", "F", "F", "F", "F", "F", "F", "F", "F", "F", "F", "F", "F", "F", "F", "F", "F", "F", "F", "F", "F", "F", "F", "F", "F", "F", "F", "F", "F", "F", "F", "F", "F", "F", "F", "F", "F", "F", "F", "F", "F", "F", "F", "F", "F", "F", "F", "F", "F", "F", "F", "F", "F", "F", "F", "F", "F", "F", "F", "F", "F", "F", "F", "F", "F", "F", "F", "F", "F", "F", "F", "F", "F", "F", "F", "F", "F", "F", "F", "F", "F", "F", "F", "F", "F", "F", "F", "F", "F", "F", "F", "F", "F", "F", "F", "F", "F", "F", "F", "F", "F", "F", "F", "F", "F", "F", "F", "F", "F", "F", "F", "F", "F", "Dm", "Dm", "Dm", "Dm", "F", "F", "F", "F", "F", "F", "F", "F", "F", "F"]
