
metadata:
    version:
        essentia: "1.2.2"
    audio_properties:
        analysis_sample_rate: 44100
        bitrate: 128
        channels: 2
        equal_loudness: 1
        length: 10.0048980713
        replay_gain: -13.1568470001
        downmix: "mix"
    tags:
        track: 21
        year: 0
        album: "Splitted by Mp3Splt v. 2.1"
        artist: "From 003.20 To 003.30"
        comment: "http://mp3splt.sf.net"
        genre: ""
        title: "02 Your Retro Career Melted [U"

highlevel:
    ballroom:
        all:
            ChaChaCha: 0.0745176821947
            Jive: 0.474890828133
            Quickstep: 0.215159013867
            Rumba-American: 0.00690304022282
            Rumba-International: 0.00849292613566
            Rumba-Misc: 0.00516147958115
            Samba: 0.115762993693
            Tango: 0.0510732904077
            VienneseWaltz: 0.0356348492205
            Waltz: 0.0124039025977
        probability: 0.474890828133
        value: "Jive"
    culture:
        all:
            non_western: 0.050989177078
            western: 0.949010848999
        probability: 0.949010848999
        value: "western"
    gender:
        all:
            female: 0.622304797173
            male: 0.377695202827
        probability: 0.622304797173
        value: "female"
    genre_dortmund:
        all:
            alternative: 0.0960750877857
            blues: 0.113411933184
            electronic: 0.0151538467035
            folkcountry: 0.0662489682436
            funksoulrnb: 0.0612522140145
            jazz: 0.0484523996711
            pop: 0.0424048453569
            raphiphop: 0.0791906192899
            rock: 0.47781008482
        probability: 0.47781008482
        value: "rock"
    genre_electronica:
        all:
            ambient: 0.197918966413
            dnb: 0.58103376627
            house: 0.139530956745
            techno: 0.0340161956847
            trance: 0.0475001074374
        probability: 0.58103376627
        value: "dnb"
    genre_rosamerica:
        all:
            cla: 0.0173965152353
            dan: 0.0172995384783
            hip: 0.141756534576
            jaz: 0.0219486691058
            pop: 0.172310128808
            rhy: 0.0373994447291
            roc: 0.582763969898
            spe: 0.00912518054247
        probability: 0.582763969898
        value: "roc"
    genre_tzanetakis:
        all:
            blu: 0.00365540524945
            cla: 0.00142742390744
            cou: 0.025349618867
            dis: 0.172055989504
            hip: 0.0160554219037
            jaz: 0.00113732006866
            met: 0.00760699482635
            pop: 0.684175312519
            reg: 0.0382835827768
            roc: 0.0502529479563
        probability: 0.684175312519
        value: "pop"
    live_studio:
        all:
            live: 0.528432846069
            studio: 0.471567153931
        probability: 0.528432846069
        value: "live"
    mood:
        all:
            Cluster1: 0.341783314943
            Cluster2: 0.256913930178
            Cluster3: 0.0930047482252
            Cluster4: 0.169336050749
            Cluster5: 0.138961926103
        probability: 0.341783314943
        value: "Cluster1"
    mood_acoustic:
        all:
            acoustic: 0.0172789301723
            not_acoustic: 0.982721090317
        probability: 0.982721090317
        value: "not_acoustic"
    mood_aggressive:
        all:
            aggressive: 0.804949879646
            not_aggressive: 0.195050120354
        probability: 0.804949879646
        value: "aggressive"
    mood_electronic:
        all:
            electronic: 0.354765534401
            not_electronic: 0.645234465599
        probability: 0.645234465599
        value: "not_electronic"
    mood_happy:
        all:
            happy: 0.870997428894
            not_happy: 0.129002571106
        probability: 0.870997428894
        value: "happy"
    mood_party:
        all:
            not_party: 0.104265414178
            party: 0.895734608173
        probability: 0.895734608173
        value: "party"
    mood_relaxed:
        all:
            not_relaxed: 0.966512203217
            relaxed: 0.0334878154099
        probability: 0.966512203217
        value: "not_relaxed"
    mood_sad:
        all:
            not_sad: 0.944019138813
            sad: 0.055980861187
        probability: 0.944019138813
        value: "not_sad"
    rhythm:
        all:
            fast: 0.637845098972
            medium: 0.19795422256
            slow: 0.164200693369
        probability: 0.637845098972
        value: "fast"
    speech_music:
        all:
            music: 0.99944961071
            speech: 0.000550367636606
        probability: 0.99944961071
        value: "music"
    timbre:
        all:
            bright: 0.118507094681
            dark: 0.881492912769
        probability: 0.881492912769
        value: "dark"
    voice_instrumental:
        all:
            instrumental: 0.0119976885617
            voice: 0.988002300262
        probability: 0.988002300262
        value: "voice"

lowlevel:
    average_loudness: 0.977052211761
    barkbands_kurtosis:
        dmean: 1.14762926102
        dmean2: 1.76270055771
        dvar: 2.85868883133
        dvar2: 6.31143188477
        max: 17.2643585205
        mean: 0.393689602613
        min: -1.73768317699
        var: 6.21282100677
    barkbands_skewness:
        dmean: 0.465667366982
        dmean2: 0.68989366293
        dvar: 0.201771587133
        dvar2: 0.416538655758
        max: 3.31750631332
        mean: 0.0782187208533
        min: -3.66013860703
        var: 1.08999824524
    barkbands_spread:
        dmean: 5.50227451324
        dmean2: 8.16795444489
        dvar: 27.7612171173
        dvar2: 62.2887878418
        max: 55.7372016907
        mean: 23.7139186859
        min: 4.19121170044
        var: 85.8190612793
    dissonance:
        dmean: 0.0203897003084
        dmean2: 0.0317984223366
        dvar: 0.000467597943498
        dvar2: 0.00120076874737
        max: 0.500000059605
        mean: 0.462580949068
        min: 0.288774967194
        var: 0.00117281265557
    hfc:
        dmean: 2.54720568657
        dmean2: 3.51756548882
        dvar: 15.8682794571
        dvar2: 33.9311790466
        max: 34.6665306091
        mean: 6.13794803619
        min: 0.102178044617
        var: 40.2583236694
    pitch:
        dmean: 463.491210938
        dmean2: 881.414123535
        dvar: 746429.3125
        dvar2: 1800081.75
        max: 4410
        mean: 642.711120605
        min: 97.3509902954
        var: 787524.1875
    pitch_instantaneous_confidence:
        dmean: 0.0962148606777
        dmean2: 0.143064543605
        dvar: 0.00831011775881
        dvar2: 0.0157322622836
        max: 0.918835937977
        mean: 0.431402742863
        min: 0.142317175865
        var: 0.0395374149084
    pitch_salience:
        dmean: 0.0672301203012
        dmean2: 0.107482478023
        dvar: 0.00386039307341
        dvar2: 0.00931182317436
        max: 0.852239191532
        mean: 0.62370544672
        min: 0.239282146096
        var: 0.00987384002656
    silence_rate_20dB:
        dmean: 0
        dmean2: 0
        dvar: 0
        dvar2: 0
        max: 1
        mean: 1
        min: 1
        var: 0
    silence_rate_30dB:
        dmean: 0
        dmean2: 0
        dvar: 0
        dvar2: 0
        max: 1
        mean: 1
        min: 1
        var: 0
    silence_rate_60dB:
        dmean: 0.157772615552
        dmean2: 0.31627908349
        dvar: 0.132880061865
        dvar2: 0.258106529713
        max: 1
        mean: 0.543981492519
        min: 0
        var: 0.248065888882
    spectral_centroid:
        dmean: 269.611297607
        dmean2: 392.943084717
        dvar: 83274.984375
        dvar2: 156149.375
        max: 4114.61669922
        mean: 1493.28601074
        min: 337.578430176
        var: 388028.59375
    spectral_complexity:
        dmean: 4.18837213516
        dmean2: 5.83216762543
        dvar: 30.6226577759
        dvar2: 55.4590034485
        max: 45
        mean: 11.7076568604
        min: 0
        var: 87.6731948853
    spectral_crest:
        dmean: 2.28395104408
        dmean2: 3.57183790207
        dvar: 4.72630357742
        dvar2: 10.2632236481
        max: 23.1488819122
        mean: 8.00615596771
        min: 2.73010540009
        var: 12.2139434814
    spectral_decrease:
        dmean: 2.76434680702e-10
        dmean2: 4.00157351699e-10
        dvar: 1.26568133373e-19
        dvar2: 2.47711797235e-19
        max: -1.04978517199e-11
        mean: -7.8907691492e-10
        min: -3.06293368446e-09
        var: 3.30712805958e-19
    spectral_energy:
        dmean: 0.00125901505817
        dmean2: 0.0017976538511
        dvar: 2.82316386802e-06
        dvar2: 5.61030219615e-06
        max: 0.0142229869962
        mean: 0.00353488931432
        min: 4.8889167374e-05
        var: 7.38815060686e-06
    spectral_energyband_high:
        dmean: 0.000142114222399
        dmean2: 0.000209890218684
        dvar: 7.3721366789e-08
        dvar2: 1.61057357673e-07
        max: 0.00296424562111
        mean: 0.000200585986022
        min: 1.45525598327e-06
        var: 1.24875299434e-07
    spectral_energyband_low:
        dmean: 0.000123789141071
        dmean2: 0.000197182860575
        dvar: 7.18692731994e-08
        dvar2: 1.82266759907e-07
        max: 0.00239149364643
        mean: 0.000191114624613
        min: 9.37985618066e-08
        var: 7.67569403592e-08
    spectral_energyband_middle_high:
        dmean: 0.000812391343061
        dmean2: 0.00118062563706
        dvar: 1.75607249275e-06
        dvar2: 3.89947172152e-06
        max: 0.0104542113841
        mean: 0.00203538569622
        min: 4.00272328989e-05
        var: 4.5095139285e-06
    spectral_energyband_middle_low:
        dmean: 0.000524932111148
        dmean2: 0.000815796258394
        dvar: 3.56118306399e-07
        dvar2: 8.6062976834e-07
        max: 0.00426082825288
        mean: 0.00110780203249
        min: 5.67969027543e-06
        var: 6.51262951123e-07
    spectral_flatness_db:
        dmean: 0.0199676100165
        dmean2: 0.0291005130857
        dvar: 0.000306858186377
        dvar2: 0.000585882633459
        max: 0.286451607943
        mean: 0.175994038582
        min: 0.0932523310184
        var: 0.00131842249539
    spectral_flux:
        dmean: 0.0102790314704
        dmean2: 0.0146033037454
        dvar: 0.00013412318367
        dvar2: 0.000274121266557
        max: 0.10051587224
        mean: 0.034225396812
        min: 0.00675449101254
        var: 0.000324329244904
    spectral_kurtosis:
        dmean: 2.39153504372
        dmean2: 3.7820315361
        dvar: 4.96760368347
        dvar2: 12.4509887695
        max: 22.722026825
        mean: 5.22216701508
        min: -0.979010343552
        var: 12.6500205994
    spectral_rms:
        dmean: 0.000321902392898
        dmean2: 0.000443171011284
        dvar: 1.32199971858e-07
        dvar2: 2.43979144443e-07
        max: 0.00372506165877
        mean: 0.0017289314419
        min: 0.000218395856791
        var: 4.59468935787e-07
    spectral_rolloff:
        dmean: 464.716522217
        dmean2: 692.224914551
        dvar: 333379.09375
        dvar2: 658311.3125
        max: 7342.82226562
        mean: 2560.15332031
        min: 279.931640625
        var: 1149578.5
    spectral_skewness:
        dmean: 0.28840816021
        dmean2: 0.439046114683
        dvar: 0.0667067542672
        dvar2: 0.140700593591
        max: 4.18957090378
        mean: 1.52302777767
        min: 0.449703902006
        var: 0.265785157681
    spectral_spread:
        dmean: 648521.4375
        dmean2: 906671.125
        dvar: 463167553536
        dvar2: 824873975808
        max: 10123157
        mean: 3615575.5
        min: 1822143.5
        var: 1.70412487475e+12
    spectral_strongpeak:
        dmean: 0.409898757935
        dmean2: 0.641297578812
        dvar: 0.325860351324
        dvar2: 0.661303699017
        max: 5.6374912262
        mean: 0.894129514694
        min: 0.0141525855288
        var: 1.49134707451
    zerocrossingrate:
        dmean: 0.00997569970787
        dmean2: 0.0106067433953
        dvar: 9.01828389033e-05
        dvar2: 9.09670416149e-05
        max: 0.185546875
        mean: 0.0822736918926
        min: 0.015625
        var: 0.000829842116218
    barkbands:
        dmean: [7.36025640435e-08, 3.17267804348e-05, 0.000104413571535, 0.000107990155811, 0.000131574823172, 7.5120042311e-05, 8.19241031422e-05, 0.000124243844766, 0.000206093813176, 0.000122399142128, 9.31002869038e-05, 6.07097754255e-05, 3.36343946401e-05, 4.72270112368e-05, 0.000105170991446, 0.000249420700129, 0.000237724874751, 0.000182830641279, 0.000135703157866, 7.86417949712e-05, 6.76808558637e-05, 3.31362862198e-05, 9.26294069359e-06, 3.57405110663e-06, 7.60506736697e-07, 2.36967832024e-08, 1.46309908633e-10]
        dmean2: [1.02565628879e-07, 4.99048655911e-05, 0.000171688181581, 0.000185005919775, 0.000210976446397, 0.000113808782771, 0.000125353719341, 0.000188762001926, 0.000339269696269, 0.00020765219233, 0.00015055188851, 0.000104612932773, 5.60421867704e-05, 8.0175617768e-05, 0.00017484932323, 0.000352279952494, 0.000354013754986, 0.000291048112558, 0.000205980424653, 0.000117833544209, 9.98991235974e-05, 5.11103535246e-05, 1.40044994623e-05, 5.09063693244e-06, 1.05807737327e-06, 3.27976366066e-08, 2.522349829e-10]
        dvar: [1.70741733604e-14, 2.83797829681e-09, 5.99620406661e-08, 5.10862960823e-08, 3.83701603823e-08, 2.70177729078e-08, 3.34550662728e-08, 6.34677732592e-08, 1.54002378849e-07, 7.2734572143e-08, 4.61483011804e-08, 1.1454220683e-08, 3.06199310351e-09, 5.10630915329e-09, 3.9632059412e-08, 1.7469778868e-07, 2.01909841735e-07, 8.61636237914e-08, 4.09694784764e-08, 1.75895600307e-08, 1.75385057588e-08, 6.28867091734e-09, 4.24216300976e-10, 9.02933353086e-11, 3.1151485471e-12, 5.77693961258e-15, 1.09275263508e-19]
        dvar2: [3.23648375353e-14, 7.51430206947e-09, 1.56308161081e-07, 1.33195143803e-07, 8.26927788466e-08, 5.68197506823e-08, 8.31896329601e-08, 1.39967923474e-07, 4.12021904594e-07, 1.9950924468e-07, 1.27831953023e-07, 2.85961139213e-08, 8.41488922987e-09, 1.31352884125e-08, 1.04040942972e-07, 3.68503862092e-07, 4.57671376353e-07, 2.24377117775e-07, 9.81806422828e-08, 4.0103667942e-08, 3.93384809172e-08, 1.54626320636e-08, 9.63313318003e-10, 1.53253465474e-10, 6.26496771128e-12, 1.11850014588e-14, 1.72698005732e-19]
        max: [9.13521262191e-07, 0.000406451814342, 0.00222034449689, 0.00156456034165, 0.0019098703051, 0.00180201453622, 0.00189094024245, 0.00265980581753, 0.00323398923501, 0.00183459417894, 0.00167059083469, 0.000950022076722, 0.000398727919674, 0.000608926697168, 0.00168904825114, 0.00397103046998, 0.0041835969314, 0.00306266825646, 0.00183696858585, 0.00136649585329, 0.00134804076515, 0.000688566069584, 0.000207975506783, 0.000146865975694, 1.57690337801e-05, 6.79891854816e-07, 5.8414988402e-09]
        mean: [8.1019983611e-08, 5.18669330631e-05, 0.000139169249451, 0.000124023950775, 0.000248154596193, 0.000146117730765, 0.000104141850898, 0.000181041657925, 0.000257044041064, 0.000152391134179, 0.000137942959554, 8.04035444162e-05, 4.87062607135e-05, 6.59778452246e-05, 0.000156641297508, 0.000445827783551, 0.000380163255613, 0.000323426618706, 0.000227162032388, 0.000122610596009, 8.66314512677e-05, 3.93028858525e-05, 1.01323503259e-05, 5.0650319281e-06, 8.40746054109e-07, 2.45332714144e-08, 1.23051985268e-10]
        min: [1.65385094508e-10, 2.00753262902e-08, 7.33858058766e-08, 6.58842012058e-08, 4.2489367047e-07, 6.05202785664e-08, 2.38589677792e-07, 8.05109607427e-07, 3.86333312008e-07, 3.26104668602e-07, 3.86047048551e-07, 2.15307727558e-06, 6.09496794368e-07, 6.10258950928e-07, 8.42554413794e-07, 2.01433158509e-06, 3.37802566719e-06, 2.33522541748e-06, 5.01026192978e-07, 8.08737070201e-07, 6.09716039435e-07, 9.74369527285e-08, 1.53242876166e-08, 5.40648903424e-09, 2.54446796966e-09, 1.01122020479e-10, 7.55217286277e-14]
        var: [2.51865179103e-14, 4.20787271693e-09, 5.45005818253e-08, 4.18528109947e-08, 6.06293966143e-08, 8.95159644188e-08, 4.3171532127e-08, 1.20143113236e-07, 1.64954485626e-07, 7.82854598924e-08, 4.30036628529e-08, 1.60976831864e-08, 4.35273461719e-09, 7.43471506581e-09, 5.62256445846e-08, 4.90093384542e-07, 3.63597166597e-07, 2.41731157757e-07, 8.3102094095e-08, 2.97254096893e-08, 2.97136146798e-08, 8.27424706529e-09, 5.55978318939e-10, 2.93216784186e-10, 4.6822966511e-12, 7.45222975126e-15, 1.06686310975e-19]
    mfcc:
        mean: [-745.83605957, 125.781539917, -65.9328842163, 47.690120697, -15.2729902267, -3.54354333878, -8.40961742401, 9.99970626831, 3.33915352821, -1.64011180401, -10.1540803909, -5.82562828064, -6.13807010651]
        cov: [[3609.81860352, -1387.43505859, -11.559258461, 19.1299304962, 171.256195068, -17.2011585236, -166.430999756, -242.268188477, -82.6972732544, -200.331207275, -135.712615967, -16.4855461121, -47.2254981995], [-1387.43505859, 1527.7142334, -143.582824707, 180.498443604, -73.1509780884, -30.8579006195, 235.662139893, 166.597885132, 81.162902832, 56.0972366333, 48.9519996643, -3.27687883377, 107.18144989], [-11.559258461, -143.582824707, 687.698913574, -145.973907471, 27.3840274811, 86.4348983765, -18.5246505737, 16.9004669189, -72.3162002563, -59.8430099487, -60.5600547791, -23.3074836731, 2.10705518723], [19.1299304962, 180.498443604, -145.973907471, 334.599121094, 109.670654297, -29.4037475586, 7.07677412033, -4.18455648422, 14.4197711945, -46.5718536377, -40.1541633606, 6.4736032486, 50.7803001404], [171.256195068, -73.1509780884, 27.3840274811, 109.670654297, 309.735961914, 26.43227005, 25.4229812622, 35.7437820435, -0.0646930411458, -38.6265449524, -108.469825745, 9.84389400482, 15.6449079514], [-17.2011585236, -30.8579006195, 86.4348983765, -29.4037475586, 26.43227005, 114.360092163, 46.9021568298, 28.6610221863, 0.12823368609, -7.5940618515, -4.29972743988, -11.9798269272, -5.0984120369], [-166.430999756, 235.662139893, -18.5246505737, 7.07677412033, 25.4229812622, 46.9021568298, 227.365859985, 110.576278687, 49.5072937012, 26.7612190247, -11.8757638931, -12.6081895828, 8.97749519348], [-242.268188477, 166.597885132, 16.9004669189, -4.18455648422, 35.7437820435, 28.6610221863, 110.576278687, 160.032165527, 53.7088241577, 32.9290809631, -15.5841627121, -10.2101774216, -2.66204118729], [-82.6972732544, 81.162902832, -72.3162002563, 14.4197711945, -0.0646930411458, 0.12823368609, 49.5072937012, 53.7088241577, 138.765792847, 58.0533027649, 36.0865287781, -4.15798950195, -18.4247589111], [-200.331207275, 56.0972366333, -59.8430099487, -46.5718536377, -38.6265449524, -7.5940618515, 26.7612190247, 32.9290809631, 58.0533027649, 163.551895142, 87.0526046753, 14.7528400421, 4.53650426865], [-135.712615967, 48.9519996643, -60.5600547791, -40.1541633606, -108.469825745, -4.29972743988, -11.8757638931, -15.5841627121, 36.0865287781, 87.0526046753, 150.815155029, 33.0231208801, 10.4132890701], [-16.4855461121, -3.27687883377, -23.3074836731, 6.4736032486, 9.84389400482, -11.9798269272, -12.6081895828, -10.2101774216, -4.15798950195, 14.7528400421, 33.0231208801, 66.6620178223, 21.939081192], [-47.2254981995, 107.18144989, 2.10705518723, 50.7803001404, 15.6449079514, -5.0984120369, 8.97749519348, -2.66204118729, -18.4247589111, 4.53650426865, 10.4132890701, 21.939081192, 82.5233078003]]
        icov: [[0.000512079161126, 0.000510002835654, 8.00051711849e-05, -6.27893896308e-05, -0.000121667893836, 0.000249925244134, -0.000391678651795, 0.000474499422126, -0.000235516577959, 0.000490355421789, -7.31599902792e-06, 0.000253499107203, -0.000382338243071], [0.000510002835654, 0.00155817694031, 8.85802146513e-05, -0.000590209499933, 0.000383578561014, 0.000781100126915, -0.00119666848332, -0.000307373411488, -0.000307593436446, 0.000590564508457, -0.000288721785182, 0.000586776295677, -0.00149588298518], [8.00051711849e-05, 8.85802146513e-05, 0.002041868167, 0.00102755415719, -0.000166853424162, -0.00124268373474, 0.000530293909833, -0.000479488109704, 0.000462088792119, 0.000576613296289, 0.000501002650708, 0.000442442978965, -0.000981370685622], [-6.27893896308e-05, -0.000590209499933, 0.00102755415719, 0.0050733499229, -0.00183027843013, 0.000524664588738, 0.000519044289831, 0.000510546553414, -0.00112348608673, 0.00178392801899, -6.26433175057e-05, 0.000794816762209, -0.00263036251999], [-0.000121667893836, 0.000383578561014, -0.000166853424162, -0.00183027843013, 0.00611702585593, -0.00180607591756, 0.000147677303175, -0.000850668177009, -0.000826756935567, -0.00161038548686, 0.00539494724944, -0.00338257011026, -0.000629632209893], [0.000249925244134, 0.000781100126915, -0.00124268373474, 0.000524664588738, -0.00180607591756, 0.0122081432492, -0.00310918153264, -0.000665932602715, 0.000517529260833, 0.0019478709437, -0.00349597772583, 0.00272641191259, -2.44099210249e-05], [-0.000391678651795, -0.00119666848332, 0.000530293909833, 0.000519044289831, 0.000147677303175, -0.00310918153264, 0.00834820047021, -0.00408575963229, -0.000794562336523, -0.000786608667113, 0.00132129597478, 8.1579628386e-06, -0.000565961294342], [0.000474499422126, -0.000307373411488, -0.000479488109704, 0.000510546553414, -0.000850668177009, -0.000665932602715, -0.00408575963229, 0.0120101952925, -0.00294369738549, -0.00153004191816, 0.00236006872728, -0.000224115661695, 0.000509525008965], [-0.000235516577959, -0.000307593436446, 0.000462088792119, -0.00112348608673, -0.000826756935567, 0.000517529260833, -0.000794562336523, -0.00294369738549, 0.0113804033026, -0.00242444872856, -0.00304637569934, 0.00130420178175, 0.00383628322743], [0.000490355421789, 0.000590564508457, 0.000576613296289, 0.00178392801899, -0.00161038548686, 0.0019478709437, -0.000786608667113, -0.00153004191816, -0.00242444872856, 0.0117654614151, -0.00680198380724, 0.0016226565931, -0.00189815508202], [-7.31599902792e-06, -0.000288721785182, 0.000501002650708, -6.26433175057e-05, 0.00539494724944, -0.00349597772583, 0.00132129597478, 0.00236006872728, -0.00304637569934, -0.00680198380724, 0.0174256395549, -0.00749741541222, -0.00142171373591], [0.000253499107203, 0.000586776295677, 0.000442442978965, 0.000794816762209, -0.00338257011026, 0.00272641191259, 8.1579628386e-06, -0.000224115661695, 0.00130420178175, 0.0016226565931, -0.00749741541222, 0.021138722077, -0.00478756427765], [-0.000382338243071, -0.00149588298518, -0.000981370685622, -0.00263036251999, -0.000629632209893, -2.44099210249e-05, -0.000565961294342, 0.000509525008965, 0.00383628322743, -0.00189815508202, -0.00142171373591, -0.00478756427765, 0.0180943980813]]
    spectral_contrast:
        mean: [-4.94659779804e-08, 1.34257390982e-07, -1.35333486639e-08, 1.52659112018e-07, 1.2650428971e-07, -5.26208054907e-08, -1.44226646626e-06, 5.17080650297e-07, -1.65897290572e-06, -9.80503287451e-08, -1.49481809331e-06, -1.09473398879e-06]
        var: [0.0008434097399, 0.000990572036244, 0.00223186961375, 0.00389396422543, 0.00420356495306, 0.00618443265557, 0.0644772276282, 0.110493898392, 0.212246462703, 0.314515531063, 0.761613786221, 2.2644200325]

rhythm:
    beats_loudness:
        dmean: 0.00521128065884
        dmean2: 0.010153776966
        dvar: 6.75107503412e-06
        dvar2: 1.95985103346e-05
        max: 0.0126423239708
        mean: 0.00683580478653
        min: 0.00238458951935
        var: 1.02712729131e-05
    beats_loudness_bass:
        dmean: 0.227764636278
        dmean2: 0.458966821432
        dvar: 0.026439782232
        dvar2: 0.0737127587199
        max: 0.610330283642
        mean: 0.174371406436
        min: 0.0179443191737
        var: 0.0246902480721
    bpm: 128.031402588
    bpm_confidence: 0
    first_peak_bpm: 128
    first_peak_spread: 0
    first_peak_weight: 0.949999988079
    onset_rate: 4.79764986038
    second_peak_bpm: 120
    second_peak_spread: 0
    second_peak_weight: 0.0500000007451
    beats_position: [0.449105262756, 0.918191671371, 1.38727807999, 1.85636436939, 2.32545089722, 2.79453730583, 3.26362371445, 3.73271036148, 4.20179700851, 4.67088365555, 5.13997030258, 5.60905694962, 6.11078071594, 6.57914829254, 7.0475153923, 7.5158829689, 7.98425006866, 8.45261764526, 8.92098522186, 9.38935184479, 9.85771942139]
    bpm_estimates: [128.060333252, 127.825798035, 128.034713745, 127.386810303, 128.381134033, 127.764846802, 128.288635254, 127.943534851, 128.324905396, 127.816223145, 128.071182251, 128.471664429, 127.892189026, 128.04119873, 128.179641724, 128.019607544]
    bpm_intervals: [0.469086408615, 0.469086408615, 0.469086289406, 0.469086527824, 0.469086408615, 0.469086408615, 0.469086647034, 0.469086647034, 0.469086647034, 0.469086647034, 0.469086647034, 0.501723766327, 0.468367576599, 0.468367099762, 0.468367576599, 0.468367099762, 0.468367576599, 0.468367576599, 0.468366622925, 0.468367576599]
    onset_times: [0.0348299331963, 0.139319732785, 0.208979591727, 0.696598649025, 0.789478480816, 0.917188227177, 1.18421769142, 1.57895696163, 1.62539684772, 1.79954648018, 2.07818603516, 2.32199549675, 2.56580495834, 2.79800462723, 3.04181408882, 3.21596360207, 3.27401351929, 3.52943301201, 3.72680282593, 3.95900225639, 4.41179132462, 4.46984148026, 4.57433128357, 4.66721105576, 4.92263031006, 4.95746040344, 4.99229001999, 5.18966007233, 5.39863967896, 5.61922883987, 5.85142850876, 6.1068482399, 6.33904743195, 6.57124710083, 6.81505680084, 7.05886602402, 7.30267572403, 7.47682523727, 7.73224496841, 8.23147392273, 8.34757328033, 8.46367359161, 8.70748329163, 9.05578231812, 9.17188167572, 9.39247131348, 9.64789104462, 9.8800907135]
    rubato_start: []
    rubato_stop: []
    perceptual_tempo: "unknown"

sfx:
    inharmonicity:
        dmean: 0.0512432195246
        dmean2: 0.0909012183547
        dvar: 0.00311972456984
        dvar2: 0.00885967072099
        max: 0.326645880938
        mean: 0.057473257184
        min: 4.41065603809e-05
        var: 0.00333781400695
    oddtoevenharmonicenergyratio:
        dmean: 3.80315208435
        dmean2: 7.3131608963
        dvar: 234.300384521
        dvar2: 690.414794922
        max: 172.72164917
        mean: 2.3638753891
        min: 0.000795632891823
        var: 125.125419617
    pitch_after_max_to_before_max_energy_ratio: 1.1498837471
    pitch_centroid: 213.191055298
    pitch_max_to_total: 0.464037120342
    pitch_min_to_total: 0.292343378067
    tristimulus:
        dmean: [0.184902861714, 0.226785451174, 0.117822758853]
        dmean2: [0.323559731245, 0.384747624397, 0.19926327467]
        dvar: [0.0292115025222, 0.0392756536603, 0.0135277351364]
        dvar2: [0.0795942991972, 0.106211178005, 0.0370782203972]
        max: [0.947759628296, 0.952258169651, 0.70232218504]
        mean: [0.341219842434, 0.48026022315, 0.133795291185]
        min: [0.00588592141867, 0, 0]
        var: [0.0444088280201, 0.0537077635527, 0.0189127642661]

tonal:
    chords_changes_rate: 0.110599078238
    chords_number_rate: 0.0368663594127
    chords_strength:
        dmean: 0.0160184968263
        dmean2: 0.0179242882878
        dvar: 0.000143898098031
        dvar2: 0.000206908589462
        max: 0.644601166248
        mean: 0.458918869495
        min: 0.280147045851
        var: 0.00762730743736
    key_strength: 0.682057201862
    tuning_diatonic_strength: 0.512745916843
    tuning_equal_tempered_deviation: 0.229454249144
    tuning_frequency: 447.174194336
    tuning_nontempered_energy_ratio: 0.877386689186
    hpcp:
        dmean: [0.149268344045, 0.151428088546, 0.146240979433, 0.139917954803, 0.138410225511, 0.158455774188, 0.16568171978, 0.19696931541, 0.211240291595, 0.191483914852, 0.175074160099, 0.19865052402, 0.21449072659, 0.188034757972, 0.159273281693, 0.133669674397, 0.109092898667, 0.110186196864, 0.165587723255, 0.204784750938, 0.169879063964, 0.166412100196, 0.150056138635, 0.124916188419, 0.11390491575, 0.132627815008, 0.164404004812, 0.181488484144, 0.236676245928, 0.222509801388, 0.16542108357, 0.141824185848, 0.125932052732, 0.170901089907, 0.183705687523, 0.164948999882]
        dmean2: [0.231547504663, 0.235587716103, 0.234442174435, 0.22694247961, 0.231358975172, 0.264308393002, 0.255566954613, 0.309351116419, 0.349374979734, 0.319618999958, 0.286926954985, 0.338140845299, 0.358141630888, 0.316569387913, 0.267229914665, 0.220578655601, 0.173023119569, 0.165093228221, 0.268440783024, 0.334234952927, 0.2835098207, 0.292286723852, 0.251142144203, 0.211364150047, 0.19006049633, 0.211837872863, 0.260483413935, 0.298175573349, 0.396635055542, 0.391392707825, 0.268695861101, 0.225591704249, 0.204608514905, 0.303573459387, 0.316620200872, 0.276835203171]
        dvar: [0.0320372842252, 0.0265949498862, 0.0257736649364, 0.0314453355968, 0.033213827759, 0.036173556, 0.0361055955291, 0.0433606468141, 0.0475860908628, 0.0432416386902, 0.0350071527064, 0.0435797832906, 0.0525779277086, 0.0377228073776, 0.0323775559664, 0.0257120132446, 0.0200051404536, 0.0202835109085, 0.0310047473758, 0.0436185859144, 0.029937909916, 0.0423700176179, 0.0311398860067, 0.0289418958127, 0.0211006850004, 0.029537498951, 0.0363903455436, 0.0398682765663, 0.0521025210619, 0.0547446347773, 0.0385159514844, 0.030806241557, 0.0182263571769, 0.0391047745943, 0.0428951568902, 0.0343036241829]
        dvar2: [0.0763491094112, 0.06702016294, 0.0652369558811, 0.085744574666, 0.0881530418992, 0.0934119671583, 0.0817821025848, 0.100846119225, 0.0992944687605, 0.111969769001, 0.0816220194101, 0.12111697346, 0.141857519746, 0.0938051715493, 0.0727723166347, 0.0471608266234, 0.0398194119334, 0.0468252450228, 0.0825442969799, 0.123391143978, 0.0795684531331, 0.103688850999, 0.0807396173477, 0.0783641710877, 0.050516936928, 0.0757471546531, 0.0932281687856, 0.0846159905195, 0.142743840814, 0.14770950377, 0.0943027734756, 0.0726267620921, 0.0468340069056, 0.103215754032, 0.109071873128, 0.0904895365238]
        max: [1, 1, 1, 1, 1, 1, 1, 1, 1, 1, 1, 1, 1, 1, 1, 1, 1, 1, 1, 1, 1, 1, 1, 1, 1, 1, 1, 1, 1, 1, 1, 1, 1, 1, 1, 1]
        mean: [0.217265978456, 0.194047793746, 0.19422930479, 0.190172210336, 0.187565252185, 0.204420208931, 0.245143815875, 0.312432557344, 0.32444524765, 0.296878993511, 0.247082903981, 0.24068801105, 0.304697155952, 0.30944621563, 0.245808914304, 0.17897464335, 0.139779880643, 0.143290236592, 0.232791870832, 0.280153274536, 0.237091392279, 0.234462678432, 0.196089059114, 0.138940155506, 0.138211682439, 0.15864560008, 0.236569359899, 0.329848080873, 0.322063475847, 0.241502940655, 0.182366043329, 0.156564593315, 0.159354954958, 0.244450479746, 0.276252299547, 0.231889650226]
        min: [0.00261733331718, 0.00148104713298, 0.00294876121916, 0.003102268558, 0.00195427262224, 0.00603424012661, 0.00381831242703, 0.00241173058748, 0.000831211917102, 0.00158199726138, 0.00232721981592, 0.00173005217221, 0.00202184962109, 0.00258339405991, 0.00180780107621, 0.00242010015063, 0.000850024167448, 0.00292496546172, 0.00211234553717, 0.00757803302258, 0.00272010546178, 0.000774314394221, 0.00218721735291, 0.00115405360702, 0.00153468886856, 0.0010751048103, 0.00240889051929, 0.00260070711374, 0.00308172102086, 0.000946631189436, 0.00245741149411, 0.0022103106603, 0.00251364242285, 0.00303925690241, 0.00162067217752, 0.00201357225887]
        var: [0.0642483830452, 0.0402212813497, 0.0371791943908, 0.0443553924561, 0.0435411185026, 0.0459265597165, 0.068412527442, 0.0936530008912, 0.0934114903212, 0.0768487453461, 0.0598182529211, 0.0546117275953, 0.0858159586787, 0.0856118425727, 0.063553288579, 0.0402911677957, 0.0299616847187, 0.0310277603567, 0.0493649244308, 0.0709594190121, 0.045472882688, 0.0749983265996, 0.0518147908151, 0.0302843954414, 0.0263514742255, 0.037434976548, 0.0718733742833, 0.109374769032, 0.0862992405891, 0.064870685339, 0.044047947973, 0.0358568616211, 0.0293222554028, 0.0756378993392, 0.0819439515471, 0.0528760254383]
    chords_histogram: [2.30414748192, 0, 9.21658992767, 0, 0, 0, 9.21658992767, 0, 0, 0, 0, 0, 0.921658992767, 3.68663597107, 0, 0, 0, 0, 0, 27.1889400482, 1.38248848915, 2.7649769783, 0, 43.3179740906]
    thpcp: [1, 0.976399421692, 0.732164144516, 0.552878916264, 0.474656671286, 0.483116209507, 0.74110019207, 0.837513744831, 0.703019559383, 0.658684968948, 0.588294446468, 0.588844716549, 0.576544821262, 0.56864130497, 0.619740486145, 0.743202209473, 0.947201371193, 0.983620226383, 0.900047659874, 0.749080896378, 0.72969353199, 0.923749983311, 0.93814766407, 0.745218575001, 0.542597174644, 0.423770487309, 0.434412837029, 0.705754816532, 0.849340319633, 0.718789696693, 0.710820198059, 0.594482958317, 0.421224683523, 0.419016182423, 0.480965673923, 0.717207014561]
    chords_key: "G#"
    chords_scale: "minor"
    key_key: "B"
    key_scale: "major"
    chords_progression: ["G#m", "G#m", "G#m", "G#m", "G#m", "G#m", "G#m", "G#m", "G#m", "A", "A", "A", "G#m", "G#m", "G#m", "G#m", "G#m", "G#m", "G#m", "G#m", "G#m", "G#m", "G#m", "G#m", "G#m", "G#m", "G#m", "G#m", "G#m", "G#m", "G#m", "G#m", "G#m", "G#m", "G#m", "G#m", "B", "B", "B", "G#m", "G#m", "G#m", "G#m", "G#m", "G#m", "G#m", "G#m", "G#m", "G#m", "G#m", "G#m", "G#m", "G#m", "G#m", "G#m", "G#m", "G#m", "G#m", "G#m", "G#m", "G#m", "G#m", "G#m", "G#m", "G#m", "G#m", "G#m", "B", "B", "G#m", "G#m", "G#m", "G#m", "G#m", "G#m", "G#m", "G#m", "G#m", "G#m", "G#m", "G#m", "G#m", "F#m", "F#m", "F#m", "F#m", "F#m", "F#m", "F#m", "F#m", "F#m", "F#m", "F#m", "F#m", "F#m", "F#m", "F#m", "F#m", "F#m", "F#m", "F#m", "F#m", "F#m", "F#m", "F#m", "F#m", "F#m", "F#m", "F#m", "F#m", "F#m", "F#m", "F#m", "Am", "Am", "Am", "Am", "Am", "F#m", "F#m", "F#m", "Am", "F#m", "F#m", "Am", "Am", "F#m", "F#m", "F", "F", "G#", "G#", "G#", "G#", "G#", "G#", "G#", "G#m", "G#m", "G#", "G#", "G#", "G#", "G#", "G#", "G#", "G#", "G#m", "G#m", "G#m", "G#m", "G#m", "G#m", "G#m", "G#m", "G#m", "G#m", "G#m", "G#m", "G#m", "G#m", "G#m", "G#m", "G#m", "G#m", "C#m", "C#m", "C#m", "C#m", "C#m", "C#m", "F#m", "F#m", "F#m", "F#m", "F#m", "F#m", "F#m", "F#m", "F#m", "F#m", "F#m", "F#m", "F#m", "F#", "F#", "F#", "F#", "F#m", "F#m", "F#m", "F#m", "F#m", "F#m", "F#m", "F#m", "F#", "F#", "F#", "F#", "F#", "F#", "F#", "F#", "F#", "F#", "F#", "F#", "F#", "F#", "F#", "F#", "G#", "G#", "G#", "G#", "G#"]
