
metadata:
    version:
        essentia: "1.2.2"
    audio_properties:
        analysis_sample_rate: 44100
        bitrate: 128
        channels: 2
        equal_loudness: 1
        length: 10.0310201645
        replay_gain: -7.28879547119
        downmix: "mix"
    tags:
        track: 30
        year: 0
        album: "Splitted by Mp3Splt v. 2.1"
        artist: "From 004.50 To 005.00"
        comment: "http://mp3splt.sf.net"
        genre: ""
        title: "05 Twoism.mp3"

highlevel:
    ballroom:
        all:
            ChaChaCha: 0.263229727745
            Jive: 0.0842717662454
            Quickstep: 0.0388468541205
            Rumba-American: 0.00713454512879
            Rumba-International: 0.120709218085
            Rumba-Misc: 0.0759938210249
            Samba: 0.325726002455
            Tango: 0.0381577014923
            VienneseWaltz: 0.0298716556281
            Waltz: 0.0160587131977
        probability: 0.325726002455
        value: "Samba"
    culture:
        all:
            non_western: 0.00441462965682
            western: 0.995585381985
        probability: 0.995585381985
        value: "western"
    gender:
        all:
            female: 0.938890457153
            male: 0.0611095428467
        probability: 0.938890457153
        value: "female"
    genre_dortmund:
        all:
            alternative: 0.0141238840297
            blues: 0.0019638473168
            electronic: 0.64742153883
            folkcountry: 0.00323239597492
            funksoulrnb: 0.0340853706002
            jazz: 0.0680115967989
            pop: 0.0228823162615
            raphiphop: 0.197706505656
            rock: 0.0105725508183
        probability: 0.64742153883
        value: "electronic"
    genre_electronica:
        all:
            ambient: 0.0420256853104
            dnb: 0.188677608967
            house: 0.443156301975
            techno: 0.0674359574914
            trance: 0.258704423904
        probability: 0.443156301975
        value: "house"
    genre_rosamerica:
        all:
            cla: 0.0227557383478
            dan: 0.200894355774
            hip: 0.489758104086
            jaz: 0.013090737164
            pop: 0.0270914342254
            rhy: 0.217847332358
            roc: 0.0239226780832
            spe: 0.00463962648064
        probability: 0.489758104086
        value: "hip"
    genre_tzanetakis:
        all:
            blu: 0.00871892273426
            cla: 0.00437517976388
            cou: 0.00564483553171
            dis: 0.0305498279631
            hip: 0.431756108999
            jaz: 0.00447186594829
            met: 0.0183854587376
            pop: 0.218362525105
            reg: 0.241031825542
            roc: 0.0367034338415
        probability: 0.431756108999
        value: "hip"
    live_studio:
        all:
            live: 0.0430914536119
            studio: 0.956908524036
        probability: 0.956908524036
        value: "studio"
    mood:
        all:
            Cluster1: 0.230034172535
            Cluster2: 0.0551194883883
            Cluster3: 0.0737532302737
            Cluster4: 0.0181426294148
            Cluster5: 0.622950494289
        probability: 0.622950494289
        value: "Cluster5"
    mood_acoustic:
        all:
            acoustic: 0.0360267832875
            not_acoustic: 0.963973224163
        probability: 0.963973224163
        value: "not_acoustic"
    mood_aggressive:
        all:
            aggressive: 0.0803846716881
            not_aggressive: 0.919615328312
        probability: 0.919615328312
        value: "not_aggressive"
    mood_electronic:
        all:
            electronic: 0.973012566566
            not_electronic: 0.0269874297082
        probability: 0.973012566566
        value: "electronic"
    mood_happy:
        all:
            happy: 0.14356033504
            not_happy: 0.856439650059
        probability: 0.856439650059
        value: "not_happy"
    mood_party:
        all:
            not_party: 0.426798194647
            party: 0.573201775551
        probability: 0.573201775551
        value: "party"
    mood_relaxed:
        all:
            not_relaxed: 0.238290250301
            relaxed: 0.761709749699
        probability: 0.761709749699
        value: "relaxed"
    mood_sad:
        all:
            not_sad: 0.429242134094
            sad: 0.570757865906
        probability: 0.570757865906
        value: "sad"
    rhythm:
        all:
            fast: 0.0313887186348
            medium: 0.733414828777
            slow: 0.235196456313
        probability: 0.733414828777
        value: "medium"
    speech_music:
        all:
            music: 0.999990463257
            speech: 9.51040601649e-06
        probability: 0.999990463257
        value: "music"
    timbre:
        all:
            bright: 0.0960225239396
            dark: 0.903977453709
        probability: 0.903977453709
        value: "dark"
    voice_instrumental:
        all:
            instrumental: 0.916348159313
            voice: 0.0836518630385
        probability: 0.916348159313
        value: "instrumental"

lowlevel:
    average_loudness: 0.980710983276
    barkbands_kurtosis:
        dmean: 3.32342457771
        dmean2: 5.2668671608
        dvar: 20.7790679932
        dvar2: 52.0568962097
        max: 33.8830337524
        mean: 3.97950458527
        min: -1.77875852585
        var: 28.5175266266
    barkbands_skewness:
        dmean: 0.700063824654
        dmean2: 1.03066551685
        dvar: 0.529709756374
        dvar2: 1.2221544981
        max: 5.30798530579
        mean: 1.41178262234
        min: -1.26892161369
        var: 1.36210334301
    barkbands_spread:
        dmean: 7.01701164246
        dmean2: 10.6790790558
        dvar: 74.4650039673
        dvar2: 165.088623047
        max: 57.878780365
        mean: 16.7351703644
        min: 3.2404024601
        var: 140.540847778
    dissonance:
        dmean: 0.031578540802
        dmean2: 0.049984537065
        dvar: 0.000791850266978
        dvar2: 0.00197263923474
        max: 0.498883098364
        mean: 0.428876161575
        min: 0.244106471539
        var: 0.0023435826879
    hfc:
        dmean: 1.68275141716
        dmean2: 2.22151255608
        dvar: 17.7247753143
        dvar2: 33.6874313354
        max: 37.7618980408
        mean: 2.61974239349
        min: 0.0146978748962
        var: 29.2054042816
    pitch:
        dmean: 549.36328125
        dmean2: 1070.53759766
        dvar: 1400284.75
        dvar2: 3317863
        max: 4009.09082031
        mean: 620.534362793
        min: 69.0140838623
        var: 1196110.125
    pitch_instantaneous_confidence:
        dmean: 0.0732096582651
        dmean2: 0.11127217859
        dvar: 0.00448100687936
        dvar2: 0.0100574921817
        max: 0.815895676613
        mean: 0.429821789265
        min: 0.161171555519
        var: 0.0168942958117
    pitch_salience:
        dmean: 0.0703731700778
        dmean2: 0.108286172152
        dvar: 0.00525412522256
        dvar2: 0.0111007830128
        max: 0.81824785471
        mean: 0.538702726364
        min: 0.203837573528
        var: 0.0140647059307
    silence_rate_20dB:
        dmean: 0
        dmean2: 0
        dvar: 0
        dvar2: 0
        max: 1
        mean: 1
        min: 1
        var: 0
    silence_rate_30dB:
        dmean: 0
        dmean2: 0
        dvar: 0
        dvar2: 0
        max: 1
        mean: 1
        min: 1
        var: 0
    silence_rate_60dB:
        dmean: 0.138888895512
        dmean2: 0.278422266245
        dvar: 0.119599252939
        dvar2: 0.214825212955
        max: 1
        mean: 0.789838314056
        min: 0
        var: 0.165993228555
    spectral_centroid:
        dmean: 297.75958252
        dmean2: 431.735290527
        dvar: 142109.640625
        dvar2: 282919.71875
        max: 2987.21801758
        mean: 885.622131348
        min: 139.293136597
        var: 383870.875
    spectral_complexity:
        dmean: 2.40835261345
        dmean2: 3.42790699005
        dvar: 29.5037536621
        dvar2: 45.0029296875
        max: 53
        mean: 7.22453689575
        min: 0
        var: 60.4520530701
    spectral_crest:
        dmean: 2.42178893089
        dmean2: 3.665995121
        dvar: 5.37992191315
        dvar2: 13.7417325974
        max: 20.788728714
        mean: 9.69752788544
        min: 3.11037135124
        var: 15.2107934952
    spectral_decrease:
        dmean: 3.83363063516e-10
        dmean2: 5.69594649225e-10
        dvar: 5.47659378068e-19
        dvar2: 1.31442990481e-18
        max: -6.7710641781e-12
        mean: -6.42114139637e-10
        min: -5.14968068188e-09
        var: 6.12198491001e-19
    spectral_energy:
        dmean: 0.00158852210734
        dmean2: 0.00231191748753
        dvar: 9.28432564251e-06
        dvar2: 2.19448120333e-05
        max: 0.0227763876319
        mean: 0.00266110594384
        min: 2.68884305115e-05
        var: 1.08796602944e-05
    spectral_energyband_high:
        dmean: 0.000112925474241
        dmean2: 0.000152823471581
        dvar: 7.15808425866e-08
        dvar2: 1.06262682209e-07
        max: 0.00236585829407
        mean: 0.000148232109495
        min: 2.50398954904e-07
        var: 1.49680673189e-07
    spectral_energyband_low:
        dmean: 0.000737954396755
        dmean2: 0.00114330882207
        dvar: 3.76027355742e-06
        dvar2: 8.98479083844e-06
        max: 0.0116641260684
        mean: 0.000688932603225
        min: 1.11743943876e-07
        var: 3.9225301407e-06
    spectral_energyband_middle_high:
        dmean: 0.000410999957239
        dmean2: 0.000563443056308
        dvar: 1.25543863305e-06
        dvar2: 2.69846759693e-06
        max: 0.00984057597816
        mean: 0.000681599252857
        min: 4.28684552389e-06
        var: 1.75150717041e-06
    spectral_energyband_middle_low:
        dmean: 0.000532574544195
        dmean2: 0.000907426525373
        dvar: 1.46414026858e-06
        dvar2: 3.91712046621e-06
        max: 0.0110107371584
        mean: 0.00114224059507
        min: 2.2111897124e-05
        var: 1.28915417008e-06
    spectral_flatness_db:
        dmean: 0.0334875769913
        dmean2: 0.0502523593605
        dvar: 0.00106251670513
        dvar2: 0.00257419468835
        max: 0.381581962109
        mean: 0.211705192924
        min: 0.0882917121053
        var: 0.00287819630466
    spectral_flux:
        dmean: 0.0126107083634
        dmean2: 0.0180010776967
        dvar: 0.000296105572488
        dvar2: 0.000630930007901
        max: 0.134033352137
        mean: 0.02612503618
        min: 0.00432067364454
        var: 0.000595623394474
    spectral_kurtosis:
        dmean: 3.23372483253
        dmean2: 5.31779146194
        dvar: 17.0838851929
        dvar2: 45.8667564392
        max: 37.507358551
        mean: 5.54058170319
        min: 0.390043497086
        var: 27.3739852905
    spectral_rms:
        dmean: 0.000368407811038
        dmean2: 0.000498643843457
        dvar: 3.04303313214e-07
        dvar2: 6.47811589261e-07
        max: 0.00471390131861
        mean: 0.0014369970886
        min: 0.00016196485376
        var: 5.31240857526e-07
    spectral_rolloff:
        dmean: 589.290161133
        dmean2: 976.805908203
        dvar: 879201.4375
        dvar2: 1758816.125
        max: 4608.10546875
        mean: 1480.50756836
        min: 107.666015625
        var: 1681359.875
    spectral_skewness:
        dmean: 0.447504103184
        dmean2: 0.666308820248
        dvar: 0.203820988536
        dvar2: 0.450621604919
        max: 4.67978906631
        mean: 1.79164111614
        min: 0.642928659916
        var: 0.560531914234
    spectral_spread:
        dmean: 684423
        dmean2: 896096.25
        dvar: 777523298304
        dvar2: 1.32454639206e+12
        max: 15954847
        mean: 4169000
        min: 1205571.875
        var: 1.94254680883e+12
    spectral_strongpeak:
        dmean: 0.122599706054
        dmean2: 0.213757932186
        dvar: 0.0223546531051
        dvar2: 0.0475440099835
        max: 1.4058047533
        mean: 0.315190285444
        min: 0.0110787982121
        var: 0.0627041459084
    zerocrossingrate:
        dmean: 0.0135959703475
        dmean2: 0.0138967111707
        dvar: 0.00015741516836
        dvar2: 0.000167099744431
        max: 0.15673828125
        mean: 0.0533006452024
        min: 0.01171875
        var: 0.000925439875573
    barkbands:
        dmean: [2.12069812733e-06, 0.000436889589764, 0.0003801745479, 0.000180942704901, 0.000273896526778, 6.70673398417e-05, 5.12706792506e-05, 3.68025503121e-05, 3.66900931112e-05, 3.55077681888e-05, 2.72415945801e-05, 1.14812546599e-05, 2.10273883567e-05, 3.5105200368e-05, 3.34144788212e-05, 4.06517501688e-05, 5.41036461073e-05, 7.37761001801e-05, 9.46068248595e-05, 8.90831361176e-05, 4.94142659591e-05, 1.76597877726e-05, 5.10209929416e-06, 1.47465971168e-06, 5.9122106677e-07, 8.24418044942e-09, 3.90850768417e-10]
        dmean2: [3.42292310052e-06, 0.000702516466845, 0.000671296613291, 0.000336589437211, 0.000470198574476, 0.000108599968371, 8.36951512611e-05, 6.09602393524e-05, 5.11627695232e-05, 5.33911043021e-05, 3.59569639841e-05, 1.96581477212e-05, 3.45006883435e-05, 6.04905144428e-05, 4.98716908623e-05, 6.01390565862e-05, 8.14451195765e-05, 0.000106212661194, 0.000134930960485, 0.000127802792122, 6.79495424265e-05, 2.31596386584e-05, 7.00908594808e-06, 1.98574502974e-06, 9.17327497518e-07, 1.30395587661e-08, 4.76048978015e-10]
        dvar: [3.37405797746e-11, 1.65566723354e-06, 1.20783181501e-06, 2.42399067929e-07, 7.01483429566e-07, 1.20668994796e-08, 1.11573879025e-08, 4.5282559924e-09, 2.73115952076e-09, 5.3981481507e-09, 1.8023187387e-09, 1.13435016935e-09, 6.72627553655e-09, 2.55048000497e-08, 1.45913672256e-08, 1.63026410149e-08, 2.53019436514e-08, 4.03457249831e-08, 5.17255962507e-08, 4.78595190145e-08, 1.48324588167e-08, 1.68525449151e-09, 1.40756600819e-10, 6.57197993942e-12, 1.72343487138e-12, 4.57819719804e-16, 3.47451823085e-17]
        dvar2: [8.72550365294e-11, 4.14350597566e-06, 3.2545740396e-06, 6.88573322805e-07, 1.9030335352e-06, 2.94440773985e-08, 2.92403807833e-08, 1.22652137335e-08, 5.26217647234e-09, 1.08212860894e-08, 3.29498295315e-09, 3.19760840028e-09, 1.67926472727e-08, 7.17641341907e-08, 3.32028662342e-08, 3.62660834696e-08, 5.46443921223e-08, 7.97331765057e-08, 1.08434306867e-07, 9.05736428081e-08, 2.51613130331e-08, 2.3712019015e-09, 2.33733504773e-10, 1.10360739644e-11, 4.0539004445e-12, 1.15150465762e-15, 3.48859750662e-17]
        max: [4.637227903e-05, 0.00781119102612, 0.00745923491195, 0.00326133659109, 0.00812886562198, 0.00124147057068, 0.000992911402136, 0.000791758066043, 0.000931520655286, 0.00160695845261, 0.000742424919736, 0.000323329877574, 0.000864647096023, 0.00160730921198, 0.00122465740424, 0.00137623550836, 0.00166313338559, 0.00192268681712, 0.00210925773717, 0.00187959102914, 0.00107092130929, 0.000380121113267, 0.000112448542495, 2.17935375986e-05, 1.0421312254e-05, 1.63987863289e-07, 1.22565182892e-07]
        mean: [1.89372065051e-06, 0.000394673785195, 0.000292467826512, 0.000154672845383, 0.000406587729231, 0.000143633791595, 0.000147636324982, 0.000121635850519, 0.000164346201927, 0.000121557510283, 0.000117040646728, 2.03064500965e-05, 1.97629560716e-05, 2.74716621789e-05, 3.20320541505e-05, 4.29435895057e-05, 6.05705899943e-05, 8.99562146515e-05, 0.000103190694063, 0.000105447099486, 6.31680959486e-05, 2.16901498789e-05, 6.07508491157e-06, 1.76003595698e-06, 5.7981168311e-07, 6.9933858704e-09, 3.7971667477e-10]
        min: [2.59486399382e-12, 1.46071599261e-08, 3.4348996536e-08, 2.94804554102e-08, 4.27974327977e-06, 2.93307584798e-06, 1.83753101624e-07, 2.85781311504e-07, 3.40284401545e-07, 9.25615779579e-07, 3.66825148035e-08, 2.00952271712e-07, 6.6740049931e-08, 1.19872769488e-08, 2.4738946891e-08, 1.47375175175e-07, 2.89706143519e-08, 5.14514724159e-08, 2.17713971296e-08, 1.32628542815e-07, 1.33263014845e-07, 7.49095807606e-09, 7.17147063956e-10, 7.89912413257e-10, 2.31564819403e-11, 8.3846924087e-14, 3.98475426849e-15]
        var: [2.88116891456e-11, 1.57920146648e-06, 8.65074639478e-07, 1.50071997496e-07, 5.24133497493e-07, 3.24762119419e-08, 2.41824622549e-08, 1.26693047164e-08, 3.30252163394e-08, 4.29657980305e-08, 2.67082782557e-08, 1.00586383667e-09, 6.00644201043e-09, 1.75682153269e-08, 1.56739847768e-08, 1.98502405624e-08, 3.33981020617e-08, 6.39966515337e-08, 7.23901507627e-08, 7.83015821071e-08, 2.93643527272e-08, 3.49498874286e-09, 2.56349691474e-10, 1.24033040783e-11, 1.96694787194e-12, 3.93941841818e-16, 3.46748454867e-17]
    mfcc:
        mean: [-799.006652832, 136.564727783, -20.1652240753, 47.5040740967, -39.6345558167, -18.7265052795, -7.65470314026, 7.043612957, -1.91182184219, -3.5573580265, -17.5794715881, -5.35309362411, -4.57764482498]
        cov: [[4663.35693359, -2087.8894043, -144.930450439, 455.878234863, 790.436584473, 434.46862793, 105.893264771, -117.250183105, 88.311920166, 23.3460006714, 434.914367676, -7.67526912689, -35.5012359619], [-2087.8894043, 1667.45751953, 125.228279114, -182.206588745, -245.640472412, -41.1876487732, -10.4346246719, 43.9036598206, -44.2209701538, 17.7857131958, -244.644638062, 21.6959781647, 33.6011619568], [-144.930450439, 125.228279114, 508.486297607, 187.28527832, 147.050170898, 45.578414917, 101.859115601, 128.983840942, 75.0411682129, 54.2468643188, 78.0685958862, 50.943271637, 54.3364906311], [455.878234863, -182.206588745, 187.28527832, 335.194244385, 269.765838623, 112.466636658, 34.4797286987, 32.6671867371, 33.2263298035, 83.3872680664, 88.784866333, 69.7678070068, 22.0687942505], [790.436584473, -245.640472412, 147.050170898, 269.765838623, 430.193511963, 239.604446411, 101.017929077, 25.823343277, 87.549621582, 92.8064880371, 151.985473633, 61.9390487671, 18.1545600891], [434.46862793, -41.1876487732, 45.578414917, 112.466636658, 239.604446411, 218.098098755, 105.933204651, 16.044719696, 24.8958778381, 24.5963859558, 55.0075645447, 31.0649375916, 7.33768177032], [105.893264771, -10.4346246719, 101.859115601, 34.4797286987, 101.017929077, 105.933204651, 180.426040649, 105.875434875, 69.8321990967, 13.6266202927, 17.5160427094, -1.19946539402, 4.06609535217], [-117.250183105, 43.9036598206, 128.983840942, 32.6671867371, 25.823343277, 16.044719696, 105.875434875, 210.017288208, 85.6881332397, 62.4246406555, 14.2863864899, 0.66987746954, -7.65551137924], [88.311920166, -44.2209701538, 75.0411682129, 33.2263298035, 87.549621582, 24.8958778381, 69.8321990967, 85.6881332397, 169.942016602, 96.3729553223, 72.4899520874, 7.23474168777, -18.8762550354], [23.3460006714, 17.7857131958, 54.2468643188, 83.3872680664, 92.8064880371, 24.5963859558, 13.6266202927, 62.4246406555, 96.3729553223, 164.952682495, 83.1312408447, 57.7940864563, 12.9317998886], [434.914367676, -244.644638062, 78.0685958862, 88.784866333, 151.985473633, 55.0075645447, 17.5160427094, 14.2863864899, 72.4899520874, 83.1312408447, 173.822921753, 63.3108558655, 19.848323822], [-7.67526912689, 21.6959781647, 50.943271637, 69.7678070068, 61.9390487671, 31.0649375916, -1.19946539402, 0.66987746954, 7.23474168777, 57.7940864563, 63.3108558655, 109.779136658, 60.0352325439], [-35.5012359619, 33.6011619568, 54.3364906311, 22.0687942505, 18.1545600891, 7.33768177032, 4.06609535217, -7.65551137924, -18.8762550354, 12.9317998886, 19.848323822, 60.0352325439, 83.3888397217]]
        icov: [[0.000852990429848, 0.000817005347926, 0.000311686046189, -0.000333456264343, -0.00024938993738, -0.00135097152088, 0.000448801903985, 8.10218843981e-05, -0.000126008788357, 0.000232049453189, -0.0007752791862, 0.00118414219469, -0.000654676987324], [0.000817005347926, 0.00210750102997, -0.000908585207071, 0.000977415940724, 0.000214600659092, -0.00273904274218, 0.00125715252943, 0.000308597605908, -0.000273600075161, -0.00128354597837, 0.00226335879415, -0.000464024953544, -7.42287229514e-05], [0.000311686046189, -0.000908585207071, 0.0047549046576, -0.00343692256138, -0.000348791625584, 0.00175680906978, -0.00153777259402, -0.00169691629708, -0.000758026610129, 0.00270666391589, -0.00394294783473, 0.00262712663971, -0.00339359696954], [-0.000333456264343, 0.000977415940724, -0.00343692256138, 0.0113490046933, -0.00850570201874, 0.00393288815394, 0.00075159734115, -0.00028131264844, 0.00365294446237, -0.00374527298845, 0.0062361555174, -0.00666377972811, 0.00486434111372], [-0.00024938993738, 0.000214600659092, -0.000348791625584, -0.00850570201874, 0.0190444793552, -0.0158027429134, 0.00255785696208, 0.0014022385003, -0.00541245006025, -0.000137545343023, -0.00569907017052, 0.00518044363707, -0.00404294300824], [-0.00135097152088, -0.00273904274218, 0.00175680906978, 0.00393288815394, -0.0158027429134, 0.0267720222473, -0.0117107694969, 0.00116213154979, 0.00691332435235, 0.000178623464308, 0.00189245282672, -0.0065243029967, 0.00588922668248], [0.000448801903985, 0.00125715252943, -0.00153777259402, 0.00075159734115, 0.00255785696208, -0.0117107694969, 0.0171482246369, -0.00597725110129, -0.00637894170359, 0.00348448520526, 0.00198240298778, 0.00186547415797, -0.00422290666029], [8.10218843981e-05, 0.000308597605908, -0.00169691629708, -0.00028131264844, 0.0014022385003, 0.00116213154979, -0.00597725110129, 0.0100492313504, -0.00072694697883, -0.00398802710697, 0.00132954958826, -0.000111387198558, 0.00211442820728], [-0.000126008788357, -0.000273600075161, -0.000758026610129, 0.00365294446237, -0.00541245006025, 0.00691332435235, -0.00637894170359, -0.00072694697883, 0.016073603183, -0.00755410734564, -0.00215699081309, 0.000231497979257, 0.00555481528863], [0.000232049453189, -0.00128354597837, 0.00270666391589, -0.00374527298845, -0.000137545343023, 0.000178623464308, 0.00348448520526, -0.00398802710697, -0.00755410734564, 0.0166120529175, -0.00521938549355, -0.0028345650062, -0.00168139662128], [-0.0007752791862, 0.00226335879415, -0.00394294783473, 0.0062361555174, -0.00569907017052, 0.00189245282672, 0.00198240298778, 0.00132954958826, -0.00215699081309, -0.00521938549355, 0.0205424539745, -0.0112569509074, 0.00431236159056], [0.00118414219469, -0.000464024953544, 0.00262712663971, -0.00666377972811, 0.00518044363707, -0.0065243029967, 0.00186547415797, -0.000111387198558, 0.000231497979257, -0.0028345650062, -0.0112569509074, 0.0287499967963, -0.0174390915781], [-0.000654676987324, -7.42287229514e-05, -0.00339359696954, 0.00486434111372, -0.00404294300824, 0.00588922668248, -0.00422290666029, 0.00211442820728, 0.00555481528863, -0.00168139662128, 0.00431236159056, -0.0174390915781, 0.0264760255814]]
    spectral_contrast:
        mean: [-9.63142738897e-08, 4.91242474254e-07, 5.35510480404e-07, -2.27139231868e-08, 5.85612198734e-08, 9.24423915194e-09, -3.07598588734e-06, -6.85729389716e-07, -9.95963205241e-07, 2.55251370618e-06, -1.19719788927e-06, 2.07816015063e-06]
        var: [0.000198306617676, 0.000695069902577, 0.000936799042393, 0.00219856319018, 0.00328476121649, 0.00682956213132, 0.0553372874856, 0.151480570436, 0.333038747311, 0.494689881802, 0.746716439724, 3.1043074131]

rhythm:
    beats_loudness:
        dmean: 0.0031153766904
        dmean2: 0.00566940288991
        dvar: 4.19457410317e-06
        dvar2: 1.37997076308e-05
        max: 0.0123788742349
        mean: 0.00883692409843
        min: 0.00221808440983
        var: 5.65297750654e-06
    beats_loudness_bass:
        dmean: 0.747591197491
        dmean2: 1.47370159626
        dvar: 0.0616028383374
        dvar2: 0.188851296902
        max: 0.925818800926
        mean: 0.370917379856
        min: 0.0044471793808
        var: 0.16703826189
    bpm: 95.5931549072
    bpm_confidence: 0
    first_peak_bpm: 96
    first_peak_spread: 0
    first_peak_weight: 0.928571403027
    onset_rate: 4.98453760147
    second_peak_bpm: 91
    second_peak_spread: 0
    second_peak_weight: 0.0714285746217
    beats_position: [0.513554394245, 1.14137375355, 1.76919317245, 2.39701271057, 3.02483224869, 3.65265202522, 4.28047132492, 4.90829086304, 5.53611087799, 6.19535017014, 6.82286500931, 7.45038032532, 8.07789611816, 8.70541095734, 9.33292675018]
    bpm_estimates: [95.6332702637, 95.5991744995, 95.5952987671, 95.5629272461, 95.4772033691, 95.5882492065, 95.5954971313, 95.5968551636, 95.5300140381, 95.5104141235, 95.6391601562, 95.5520935059, 95.6684265137, 95.6196594238, 95.485824585, 95.6827163696, 95.6151351929, 95.5832824707, 95.6608428955, 95.617515564, 95.6425170898]
    bpm_intervals: [0.627819359303, 0.627819418907, 0.627819538116, 0.627819538116, 0.627819776535, 0.627819299698, 0.627819538116, 0.627820014954, 0.659239292145, 0.627514839172, 0.62751531601, 0.627515792847, 0.627514839172, 0.627515792847]
    onset_times: [0.0464399084449, 0.197369620204, 0.49922901392, 0.824308395386, 1.04489791393, 1.13777780533, 1.32353746891, 1.45124721527, 1.64861679077, 1.764716506, 2.08979582787, 2.27555561066, 2.40326523781, 2.71673464775, 3.03020405769, 3.35528349876, 3.68036270142, 3.81968259811, 3.85451245308, 3.98222231865, 4.1679816246, 4.29569149017, 4.59755086899, 4.80653047562, 4.92263031006, 5.14321994781, 5.24770975113, 5.54956912994, 5.86303853989, 6.09523820877, 6.18811798096, 6.37387752533, 6.5015873909, 6.6989569664, 6.81505680084, 7.12852621078, 7.32589578629, 7.44199562073, 7.7670750618, 8.08054447174, 8.40562343597, 8.62621307373, 8.71909332275, 8.893242836, 9.03256225586, 9.21832180023, 9.34603214264, 9.64789104462, 9.84526062012, 9.97297096252]
    rubato_start: []
    rubato_stop: []
    perceptual_tempo: "unknown"

sfx:
    inharmonicity:
        dmean: 0.0496499761939
        dmean2: 0.0892941355705
        dvar: 0.0038108297158
        dvar2: 0.0103567512706
        max: 0.369795292616
        mean: 0.0485454834998
        min: 4.32529350292e-06
        var: 0.00427586492151
    oddtoevenharmonicenergyratio:
        dmean: 9.60214805603
        dmean2: 17.4561424255
        dvar: 2409.53222656
        dvar2: 4998.10449219
        max: 657.063171387
        mean: 7.31791591644
        min: 0.000220262430958
        var: 2365.54907227
    pitch_after_max_to_before_max_energy_ratio: 22.0269851685
    pitch_centroid: 220.343933105
    pitch_max_to_total: 0.0532407425344
    pitch_min_to_total: 0.493055552244
    tristimulus:
        dmean: [0.230527490377, 0.250373899937, 0.102132357657]
        dmean2: [0.401102542877, 0.433549076319, 0.177404671907]
        dvar: [0.0440515093505, 0.0469516329467, 0.0131317675114]
        dvar2: [0.109581187367, 0.123325429857, 0.0372302383184]
        max: [0.983810007572, 0.967792272568, 0.731251120567]
        mean: [0.434063971043, 0.437854707241, 0.103924222291]
        min: [0.0136755146086, 0, 0]
        var: [0.0690452754498, 0.0654546916485, 0.0144468508661]

tonal:
    chords_changes_rate: 0.0691244229674
    chords_number_rate: 0.0414746552706
    chords_strength:
        dmean: 0.0105027314276
        dmean2: 0.00664110621437
        dvar: 8.78448117874e-05
        dvar2: 6.51969749015e-05
        max: 0.636527895927
        mean: 0.510774493217
        min: 0.264218539
        var: 0.00899134017527
    key_strength: 0.609510421753
    tuning_diatonic_strength: 0.533017635345
    tuning_equal_tempered_deviation: 0.131702572107
    tuning_frequency: 445.112548828
    tuning_nontempered_energy_ratio: 0.779641807079
    hpcp:
        dmean: [0.0598594732583, 0.121991693974, 0.156905338168, 0.129567563534, 0.102708667517, 0.134116992354, 0.154487013817, 0.117328129709, 0.0920330509543, 0.0852189585567, 0.107042327523, 0.154265135527, 0.166793465614, 0.109829813242, 0.0532675124705, 0.0576002113521, 0.0796260982752, 0.115968756378, 0.112450174987, 0.0907110795379, 0.0721263065934, 0.0979601368308, 0.0910316333175, 0.0865169987082, 0.0959538072348, 0.0820995792747, 0.0876965373755, 0.106489546597, 0.0867147520185, 0.0673126354814, 0.0602323971689, 0.0917391702533, 0.144393444061, 0.133954867721, 0.123317718506, 0.0679241493344]
        dmean2: [0.100917041302, 0.206714183092, 0.251246869564, 0.211551204324, 0.158491700888, 0.220262870193, 0.263065010309, 0.194335788488, 0.162504345179, 0.153707444668, 0.17301312089, 0.241210907698, 0.265457540751, 0.162043094635, 0.0920366346836, 0.103762827814, 0.126455575228, 0.183946400881, 0.170075371861, 0.126898780465, 0.11838182807, 0.16734918952, 0.160882145166, 0.154212847352, 0.170404732227, 0.138711676002, 0.133171916008, 0.166262090206, 0.141380786896, 0.118217796087, 0.107893556356, 0.146057248116, 0.233290657401, 0.219724044204, 0.175914734602, 0.110707901418]
        dvar: [0.0101608633995, 0.0432880073786, 0.0511782318354, 0.0325851477683, 0.0190460402519, 0.0391836725175, 0.0538537986577, 0.0406669899821, 0.0356461592019, 0.0291836094111, 0.0254254806787, 0.0328415930271, 0.0413838401437, 0.0170620977879, 0.0105122644454, 0.0181560944766, 0.0175138358027, 0.0333448946476, 0.0338749848306, 0.0128774652258, 0.0145256211981, 0.0286402013153, 0.0381693430245, 0.0309967380017, 0.0401768870652, 0.0277625676244, 0.0176107566804, 0.03183754161, 0.0230766925961, 0.0217676777393, 0.0214079283178, 0.0186384767294, 0.0358049869537, 0.0288780946285, 0.025302413851, 0.0167422164232]
        dvar2: [0.0248986333609, 0.118204072118, 0.135832235217, 0.0813813954592, 0.0521967560053, 0.108264736831, 0.149052470922, 0.112411722541, 0.101368561387, 0.0864756554365, 0.0790035277605, 0.0846294239163, 0.0959924086928, 0.0474111959338, 0.0290936157107, 0.0530101321638, 0.0503205507994, 0.0863640531898, 0.0749492049217, 0.0336827933788, 0.0322357043624, 0.0820752903819, 0.112626053393, 0.0890473350883, 0.113098591566, 0.0763037577271, 0.0423154681921, 0.0807984918356, 0.0600094497204, 0.0614172443748, 0.0616931840777, 0.0528000891209, 0.0975924804807, 0.0672976896167, 0.0575366355479, 0.045594163239]
        max: [0.7832903862, 1, 1, 1, 1, 1, 1, 1, 1, 1, 1, 1, 1, 0.839839279652, 0.540022432804, 0.959617674351, 0.946735739708, 1, 1, 0.924731731415, 1, 1, 1, 1, 1, 1, 1, 1, 0.927786111832, 1, 1, 0.910386383533, 1, 1, 1, 1]
        mean: [0.0561775453389, 0.11340020597, 0.248475417495, 0.267111778259, 0.169913053513, 0.251801282167, 0.283503621817, 0.135495617986, 0.0669298917055, 0.0626485422254, 0.119391866028, 0.348404109478, 0.405459523201, 0.168023511767, 0.0417273379862, 0.0421966016293, 0.0917746648192, 0.257504612207, 0.292909532785, 0.149159610271, 0.135369464755, 0.148839771748, 0.0909911841154, 0.0772826001048, 0.0889331921935, 0.0841436982155, 0.132691085339, 0.156958788633, 0.0934705138206, 0.0516717918217, 0.0460134930909, 0.105564035475, 0.308954298496, 0.378106027842, 0.188497677445, 0.0628707110882]
        min: [0.000222470902372, 0.000440175383119, 0.00118404941168, 0.00097051425837, 0.000391989800846, 0.000245944655035, 0.000237082800595, 0.000278724968666, 0.000209805759368, 0.000276856240816, 0.000399931770517, 0.00065087119583, 0.000647609180305, 0.000435054738773, 0.000167094141943, 0.000165689518326, 0.000448826380307, 0.00161891698372, 0.00116118777078, 0.000753220287152, 0.000145563535625, 0.000209444551729, 0.000647867680527, 0.000476146989968, 0.000226995442063, 0, 0.000172454543645, 0.000242703870754, 0.00036583081237, 0.000507838907652, 0.000347680528648, 0.000673393486068, 0.00015404234, 0.000166293844813, 1.45286157931e-05, 1.06444576886e-05]
        var: [0.0110098691657, 0.0407211109996, 0.0968501865864, 0.102892100811, 0.0351770929992, 0.0889576971531, 0.109283387661, 0.0475150644779, 0.0240282863379, 0.0188545007259, 0.0255510974675, 0.0853781923652, 0.107377082109, 0.032296128571, 0.00745790731162, 0.011142118834, 0.020154684782, 0.102203838527, 0.120806530118, 0.0362651906908, 0.055352024734, 0.0598670355976, 0.0294267814606, 0.0202211085707, 0.0282133705914, 0.0226559508592, 0.0473340302706, 0.060407590121, 0.025737484917, 0.0144159598276, 0.0130214197561, 0.0220251251012, 0.0984538346529, 0.136927828193, 0.0633891448379, 0.0150899197906]
    chords_histogram: [0, 19.8156681061, 14.2857141495, 0, 0, 29.9539165497, 0, 6.91244220734, 5.99078321457, 3.22580647469, 0, 1.38248848915, 0, 0, 0, 0, 0, 0, 0, 0, 0, 0, 6.45161294937, 11.9815664291]
    thpcp: [1, 0.414402663708, 0.102913692594, 0.104071058333, 0.22634729743, 0.635093271732, 0.7224137187, 0.367877930403, 0.333866775036, 0.367089092731, 0.22441495955, 0.190604969859, 0.219339266419, 0.207526758313, 0.327261000872, 0.387113332748, 0.23052982986, 0.127440080047, 0.113484799862, 0.260356545448, 0.76198554039, 0.932537078857, 0.464898884296, 0.155060395598, 0.13855278492, 0.279683172703, 0.612824201584, 0.658787786961, 0.419062912464, 0.621026933193, 0.699215590954, 0.334177911282, 0.165071696043, 0.154512450099, 0.294460624456, 0.859282076359]
    chords_key: "C#"
    chords_scale: "major"
    key_key: "G#"
    key_scale: "minor"
    chords_progression: ["A#", "A#", "A#", "B", "B", "B", "B", "B", "B", "B", "B", "B", "B", "B", "B", "B", "B", "B", "B", "B", "B", "B", "B", "B", "B", "B", "B", "B", "B", "B", "B", "B", "B", "B", "B", "B", "B", "B", "B", "B", "B", "B", "B", "B", "B", "B", "C#m", "C#m", "C#m", "C#m", "C#m", "C#m", "C#m", "G#", "G#", "G#", "G#", "G#", "G#", "G#", "G#", "G#", "G#", "G#", "G#", "G#", "G#", "G#", "D#m", "D#m", "D#m", "D#m", "D#m", "D#m", "D#m", "D#m", "D#m", "D#m", "D#m", "D#m", "D#m", "D#m", "D#m", "D#m", "D#m", "D#m", "D#m", "D#m", "D#m", "D#m", "D#m", "D#m", "D#m", "D#", "D#m", "D#m", "D#m", "D#m", "D#", "D#", "D#", "D#m", "D#m", "D#", "D#", "D#", "Cm", "Cm", "Cm", "Cm", "C#", "Cm", "Cm", "Cm", "Cm", "Cm", "Cm", "Cm", "Cm", "Cm", "C#m", "C#m", "C#m", "C#m", "C#m", "C#m", "C#m", "C#", "C#", "C#", "C#", "C#", "C#", "C#", "C#", "C#", "C#", "C#", "C#", "C#", "C#", "C#", "C#", "C#", "C#", "C#", "C#", "C#", "C#", "C#", "C#", "C#", "C#", "C#", "C#", "C#", "C#", "C#", "C#", "C#", "C#", "C#", "C#", "C#", "C#", "C#", "C#", "C#", "C#", "C#", "C#", "C#", "C#", "C#", "C#", "C#", "C#", "C#", "C#", "C#", "C#", "C#", "C#", "C#", "C#", "C#", "C#", "C#", "C#", "C#", "C#", "E", "E", "E", "E", "E", "E", "E", "E", "E", "E", "E", "E", "E", "E", "E", "E", "E", "E", "E", "E", "E", "E", "E", "E", "E", "E"]
