
metadata:
    version:
        essentia: "1.2.2"
    audio_properties:
        analysis_sample_rate: 44100
        bitrate: 128
        channels: 2
        equal_loudness: 1
        length: 9.87428569794
        replay_gain: -16.1864147186
        downmix: "mix"
    tags:
        track: 7
        year: 0
        album: "Splitted by Mp3Splt v. 2.1"
        artist: "From 001.00 To 001.10"
        comment: "http://mp3splt.sf.net"
        genre: ""
        title: "09 Transformer.mp3"

highlevel:
    ballroom:
        all:
            ChaChaCha: 0.140498235822
            Jive: 0.202776089311
            Quickstep: 0.00863000191748
            Rumba-American: 0.00157520698849
            Rumba-International: 0.00677173165604
            Rumba-Misc: 0.00302657741122
            Samba: 0.63342833519
            Tango: 0.000788767414633
            VienneseWaltz: 0.00177832925692
            Waltz: 0.000726740981918
        probability: 0.63342833519
        value: "Samba"
    culture:
        all:
            non_western: 0.175949886441
            western: 0.82405012846
        probability: 0.82405012846
        value: "western"
    gender:
        all:
            female: 0.526208221912
            male: 0.473791778088
        probability: 0.526208221912
        value: "female"
    genre_dortmund:
        all:
            alternative: 0.0161064490676
            blues: 0.00679778214544
            electronic: 0.555770218372
            folkcountry: 0.00468296930194
            funksoulrnb: 0.0688455179334
            jazz: 0.0167283881456
            pop: 0.0166314542294
            raphiphop: 0.26643371582
            rock: 0.0480034984648
        probability: 0.555770218372
        value: "electronic"
    genre_electronica:
        all:
            ambient: 0.0642600283027
            dnb: 0.823489904404
            house: 0.0225452892482
            techno: 0.0252865273505
            trance: 0.0644182264805
        probability: 0.823489904404
        value: "dnb"
    genre_rosamerica:
        all:
            cla: 0.012804155238
            dan: 0.121780611575
            hip: 0.144341424108
            jaz: 0.0104106916115
            pop: 0.519209325314
            rhy: 0.061807654798
            roc: 0.126750305295
            spe: 0.0028958641924
        probability: 0.519209325314
        value: "pop"
    genre_tzanetakis:
        all:
            blu: 0.00284169521183
            cla: 0.00190746295266
            cou: 0.00351023138501
            dis: 0.455707281828
            hip: 0.0455458685756
            jaz: 0.00244321022183
            met: 0.00936202704906
            pop: 0.374509453773
            reg: 0.075850456953
            roc: 0.0283223148435
        probability: 0.455707281828
        value: "dis"
    live_studio:
        all:
            live: 0.0478187799454
            studio: 0.952181220055
        probability: 0.952181220055
        value: "studio"
    mood:
        all:
            Cluster1: 0.316749662161
            Cluster2: 0.204884827137
            Cluster3: 0.0657957270741
            Cluster4: 0.136780247092
            Cluster5: 0.275789529085
        probability: 0.316749662161
        value: "Cluster1"
    mood_acoustic:
        all:
            acoustic: 1.07638988993e-05
            not_acoustic: 0.999989211559
        probability: 0.999989211559
        value: "not_acoustic"
    mood_aggressive:
        all:
            aggressive: 0.842833638191
            not_aggressive: 0.157166332006
        probability: 0.842833638191
        value: "aggressive"
    mood_electronic:
        all:
            electronic: 0.943708360195
            not_electronic: 0.0562916584313
        probability: 0.943708360195
        value: "electronic"
    mood_happy:
        all:
            happy: 0.760939896107
            not_happy: 0.239060118794
        probability: 0.760939896107
        value: "happy"
    mood_party:
        all:
            not_party: 0.0648547187448
            party: 0.935145258904
        probability: 0.935145258904
        value: "party"
    mood_relaxed:
        all:
            not_relaxed: 0.990654408932
            relaxed: 0.00934560224414
        probability: 0.990654408932
        value: "not_relaxed"
    mood_sad:
        all:
            not_sad: 0.991545796394
            sad: 0.00845421012491
        probability: 0.991545796394
        value: "not_sad"
    rhythm:
        all:
            fast: 0.740976035595
            medium: 0.15482082963
            slow: 0.104203134775
        probability: 0.740976035595
        value: "fast"
    speech_music:
        all:
            music: 0.999975800514
            speech: 2.41859725065e-05
        probability: 0.999975800514
        value: "music"
    timbre:
        all:
            bright: 0.889948248863
            dark: 0.110051758587
        probability: 0.889948248863
        value: "bright"
    voice_instrumental:
        all:
            instrumental: 0.0647404417396
            voice: 0.935259580612
        probability: 0.935259580612
        value: "voice"

lowlevel:
    average_loudness: 0.94562035799
    barkbands_kurtosis:
        dmean: 1.60324347019
        dmean2: 2.57745885849
        dvar: 7.68535661697
        dvar2: 19.8871974945
        max: 30.1898040771
        mean: 0.963299393654
        min: -1.76713073254
        var: 10.5045070648
    barkbands_skewness:
        dmean: 0.601342499256
        dmean2: 0.900574684143
        dvar: 0.431534200907
        dvar2: 0.971955657005
        max: 4.8057551384
        mean: -0.372939378023
        min: -2.76878857613
        var: 1.08142757416
    barkbands_spread:
        dmean: 7.17389774323
        dmean2: 11.2970256805
        dvar: 52.1169548035
        dvar2: 120.97039032
        max: 65.0627670288
        mean: 24.5825576782
        min: 3.01980924606
        var: 131.671539307
    dissonance:
        dmean: 0.0196629781276
        dmean2: 0.0328861176968
        dvar: 0.000637718709186
        dvar2: 0.00121805060189
        max: 0.49985614419
        mean: 0.472876220942
        min: 0.109601125121
        var: 0.000806963595096
    hfc:
        dmean: 3.02305197716
        dmean2: 4.12675237656
        dvar: 21.7386112213
        dvar2: 39.9677658081
        max: 54.4069480896
        mean: 7.51180362701
        min: 0.00466450862586
        var: 78.7848052979
    pitch:
        dmean: 689.506164551
        dmean2: 1284.14147949
        dvar: 925013.3125
        dvar2: 2030100.25
        max: 4009.09082031
        mean: 1055.61791992
        min: 76.4298095703
        var: 1305646.75
    pitch_instantaneous_confidence:
        dmean: 0.115008696914
        dmean2: 0.189094737172
        dvar: 0.00897329114377
        dvar2: 0.021950783208
        max: 0.885461270809
        mean: 0.407529681921
        min: 0.149119973183
        var: 0.023759175092
    pitch_salience:
        dmean: 0.0869716852903
        dmean2: 0.135252863169
        dvar: 0.0063659758307
        dvar2: 0.0147493742406
        max: 0.907413721085
        mean: 0.614854812622
        min: 0.273174732924
        var: 0.0122310277075
    silence_rate_20dB:
        dmean: 0
        dmean2: 0
        dvar: 0
        dvar2: 0
        max: 1
        mean: 1
        min: 1
        var: 0
    silence_rate_30dB:
        dmean: 0
        dmean2: 0
        dvar: 0
        dvar2: 0
        max: 1
        mean: 1
        min: 1
        var: 0
    silence_rate_60dB:
        dmean: 0.169014081359
        dmean2: 0.336470574141
        dvar: 0.140447810292
        dvar2: 0.275022566319
        max: 1
        mean: 0.545667469501
        min: 0
        var: 0.247914478183
    spectral_centroid:
        dmean: 391.638061523
        dmean2: 578.388793945
        dvar: 174449.484375
        dvar2: 343136.34375
        max: 3911.26464844
        mean: 1964.79345703
        min: 264.421142578
        var: 508847.0625
    spectral_complexity:
        dmean: 3.83529400826
        dmean2: 5.44811344147
        dvar: 23.8740787506
        dvar2: 39.5492134094
        max: 47
        mean: 11.129108429
        min: 0
        var: 95.2015762329
    spectral_crest:
        dmean: 2.6363632679
        dmean2: 4.42197608948
        dvar: 5.7997674942
        dvar2: 13.3690567017
        max: 21.101436615
        mean: 8.00163555145
        min: 2.60042119026
        var: 13.420249939
    spectral_decrease:
        dmean: 3.08185393871e-10
        dmean2: 4.57660048747e-10
        dvar: 1.14425949161e-19
        dvar2: 2.54233082389e-19
        max: -5.34849996323e-13
        mean: -7.62407137422e-10
        min: -2.94850233118e-09
        var: 3.37314069138e-19
    spectral_energy:
        dmean: 0.00139885256067
        dmean2: 0.00204607681371
        dvar: 2.57305646301e-06
        dvar2: 5.42537372894e-06
        max: 0.0160427130759
        mean: 0.00355884362943
        min: 2.44173588726e-06
        var: 8.44157057145e-06
    spectral_energyband_high:
        dmean: 0.000240850320552
        dmean2: 0.000296865502605
        dvar: 2.22902201585e-07
        dvar2: 2.66036352059e-07
        max: 0.00568776018918
        mean: 0.000451092142612
        min: 2.27342979997e-07
        var: 7.95307300905e-07
    spectral_energyband_low:
        dmean: 0.000257567618974
        dmean2: 0.000406854902394
        dvar: 3.23097452792e-07
        dvar2: 8.33405749745e-07
        max: 0.0033696400933
        mean: 0.000240173088969
        min: 5.77204195551e-09
        var: 2.85548424017e-07
    spectral_energyband_middle_high:
        dmean: 0.000898890197277
        dmean2: 0.0013255457161
        dvar: 1.20015920402e-06
        dvar2: 3.14327371598e-06
        max: 0.0118563510478
        mean: 0.00226599746384
        min: 1.63713832535e-06
        var: 4.3207469389e-06
    spectral_energyband_middle_low:
        dmean: 0.000478787289467
        dmean2: 0.000801170768682
        dvar: 5.21190088421e-07
        dvar2: 1.38025836804e-06
        max: 0.00533884577453
        mean: 0.000601387349889
        min: 3.21746085774e-07
        var: 4.98483473166e-07
    spectral_flatness_db:
        dmean: 0.0227984413505
        dmean2: 0.0337045155466
        dvar: 0.000381847203244
        dvar2: 0.00098880159203
        max: 0.244917184114
        mean: 0.139411643147
        min: 0.0685868859291
        var: 0.00104444962926
    spectral_flux:
        dmean: 0.00885160267353
        dmean2: 0.0130587751046
        dvar: 8.32705118228e-05
        dvar2: 0.000178129892447
        max: 0.103873252869
        mean: 0.0391671769321
        min: 0.00218689651228
        var: 0.000237788714003
    spectral_kurtosis:
        dmean: 0.864828109741
        dmean2: 1.3237118721
        dvar: 0.685677230358
        dvar2: 1.48254621029
        max: 9.70040607452
        mean: 2.53438830376
        min: -0.181998968124
        var: 1.84792518616
    spectral_rms:
        dmean: 0.000361284124665
        dmean2: 0.000510999409016
        dvar: 1.18065088373e-07
        dvar2: 2.35468888832e-07
        max: 0.00395618844777
        mean: 0.00172994786408
        min: 4.88075966132e-05
        var: 4.79322125102e-07
    spectral_rolloff:
        dmean: 644.070495605
        dmean2: 1038.16394043
        dvar: 562795.4375
        dvar2: 1128326.125
        max: 6266.16210938
        mean: 3149.00341797
        min: 258.3984375
        var: 1065026.5
    spectral_skewness:
        dmean: 0.190061703324
        dmean2: 0.283896327019
        dvar: 0.0321369431913
        dvar2: 0.0658366978168
        max: 2.45740318298
        mean: 1.34394049644
        min: 0.5539290905
        var: 0.0972601696849
    spectral_spread:
        dmean: 866076.0625
        dmean2: 1245178.625
        dvar: 706189262848
        dvar2: 1.33127942963e+12
        max: 14760993
        mean: 6083600
        min: 3195171.75
        var: 2.59797889843e+12
    spectral_strongpeak:
        dmean: 0.692409098148
        dmean2: 1.15236878395
        dvar: 0.589146852493
        dvar2: 1.37450897694
        max: 7.41520547867
        mean: 1.09705603123
        min: 0.000351390015567
        var: 1.33278596401
    zerocrossingrate:
        dmean: 0.0130549175665
        dmean2: 0.0152334533632
        dvar: 0.000137486495078
        dvar2: 0.000182260511792
        max: 0.1806640625
        mean: 0.104991927743
        min: 0.01123046875
        var: 0.000778683053795
    barkbands:
        dmean: [9.02247109025e-07, 8.88402355486e-05, 0.000205191841815, 0.000126167025883, 0.000251066609053, 7.55778746679e-05, 3.46260203514e-05, 2.55258310062e-05, 5.88208422414e-05, 9.31891190703e-05, 7.90045814938e-05, 5.42218076589e-05, 0.000109300919576, 0.000150474661496, 0.000131132866954, 0.000221767098992, 0.000217547625653, 0.000170684827026, 0.000125652994029, 0.000153539367602, 9.85012593446e-05, 5.60181615583e-05, 1.36897797347e-05, 4.90533693664e-06, 2.57041097029e-06, 1.68750005969e-07, 1.09361730782e-09]
        dmean2: [1.19448679925e-06, 0.000136866612593, 0.00037464639172, 0.000234554943745, 0.000434356043115, 0.000126916202134, 5.9212121414e-05, 4.32912820543e-05, 9.65123108472e-05, 0.00015447982878, 0.000131296430482, 9.41958351177e-05, 0.000172531683347, 0.000232214850257, 0.00021102525352, 0.000330062786816, 0.000350743939634, 0.000273739016848, 0.000206101918593, 0.000220333531615, 0.000123585647088, 7.53779822844e-05, 1.72940362972e-05, 6.92698858984e-06, 3.74789965463e-06, 2.7035508765e-07, 1.76158831966e-09]
        dvar: [5.1369416533e-12, 3.13362029658e-08, 2.78132461062e-07, 8.25440693575e-08, 1.83142645938e-07, 9.96427118594e-09, 2.6149331589e-09, 1.9388979311e-09, 7.76806885483e-09, 3.67033798909e-08, 1.7483728243e-08, 7.02238800443e-09, 2.37341595266e-08, 4.84993876171e-08, 4.17466630154e-08, 2.40125558548e-07, 7.05053935235e-08, 6.22020195351e-08, 7.2206567836e-08, 1.21658047192e-07, 3.38697461189e-08, 1.01020081189e-08, 4.86504447839e-10, 3.16670682732e-11, 7.06690435337e-12, 6.76123653592e-14, 3.26214754951e-17]
        dvar2: [9.15070103025e-12, 7.48872466261e-08, 7.72483701894e-07, 2.45266761567e-07, 4.66832034363e-07, 2.57228016665e-08, 6.61552679304e-09, 4.95968555114e-09, 1.70655276577e-08, 9.31433845608e-08, 4.71828514037e-08, 1.89478583934e-08, 5.93923559222e-08, 1.32510962203e-07, 1.11478101417e-07, 6.12834810454e-07, 1.75577341111e-07, 1.33539231228e-07, 1.95021641503e-07, 2.27591456792e-07, 5.05471859924e-08, 1.53883057408e-08, 7.38022365443e-10, 6.90128926228e-11, 1.44192132193e-11, 1.60193771226e-13, 8.19788926599e-17]
        max: [3.86204410461e-05, 0.00104480050504, 0.00312257185578, 0.00187496480066, 0.0034515298903, 0.000874884484801, 0.000530663121026, 0.00055060244631, 0.000814246828668, 0.00270937336609, 0.00138530391268, 0.0005771642318, 0.00171395158395, 0.00180543051101, 0.0021540322341, 0.00896147545427, 0.00281349779107, 0.00296153733507, 0.0024428202305, 0.00355794001371, 0.0023469873704, 0.00131232780404, 0.000270711781923, 3.35553049808e-05, 1.87211735465e-05, 2.62437060883e-06, 8.30808417618e-08]
        mean: [4.34363255408e-06, 9.73461937974e-05, 0.000138679286465, 9.14132251637e-05, 0.000256781815551, 8.91197851161e-05, 3.48399080394e-05, 3.12930460495e-05, 8.02101276349e-05, 0.000133540670504, 0.000112410241854, 7.38343005651e-05, 0.000155855203047, 0.000201656905119, 0.000190866063349, 0.000422395882197, 0.000366613618098, 0.000315489829518, 0.000203269111807, 0.000246751209488, 0.000168382364791, 0.00011065077706, 2.18404220504e-05, 7.22024014976e-06, 3.81494419344e-06, 2.26302447004e-07, 9.97422811011e-10]
        min: [2.02336463556e-11, 2.29563659748e-10, 5.52877521542e-09, 3.7357921201e-08, 7.18571016023e-08, 3.02336076174e-08, 1.5743429671e-08, 2.72985527516e-08, 1.78305636922e-08, 2.10254089694e-08, 3.11739718484e-08, 9.0455518631e-09, 1.4245168245e-07, 1.2887322498e-07, 7.48557198449e-08, 5.5721437775e-07, 1.57376703669e-07, 1.3060734716e-07, 1.80562480523e-08, 3.16491686192e-08, 1.21743241266e-07, 6.23133402655e-08, 6.49749276604e-09, 2.81943446367e-09, 3.16395820654e-09, 1.34822697451e-09, 3.40161774616e-12]
        var: [6.69761190952e-11, 3.3100526764e-08, 1.7983818168e-07, 5.27222852043e-08, 1.74735603764e-07, 1.24983907668e-08, 2.53296827957e-09, 2.23091434215e-09, 1.37530964395e-08, 6.91592347835e-08, 2.86933445892e-08, 9.17723586014e-09, 4.09852525252e-08, 8.95857752425e-08, 8.26241688401e-08, 8.49291950544e-07, 1.68041083271e-07, 1.73726718344e-07, 1.35844132387e-07, 3.36691414304e-07, 1.14877359181e-07, 2.96885716011e-08, 1.23099141991e-09, 5.33183809603e-11, 1.35632963194e-11, 1.11199454321e-13, 1.76040429071e-17]
    mfcc:
        mean: [-720.16229248, 67.8984298706, -47.8197860718, 32.5109672546, -8.07413101196, 5.76699018478, -10.2455596924, -2.48224639893, -3.51139903069, -15.0308675766, -1.46055555344, -8.61443710327, -5.3119301796]
        cov: [[2818.03710938, -140.38369751, -561.632202148, -115.209457397, -104.650680542, 21.8084831238, 98.8308563232, 112.034378052, 21.9372119904, -73.6097869873, -84.4432983398, 64.5216369629, -97.8022918701], [-140.38369751, 935.142700195, 286.653045654, -8.31953048706, 95.4236373901, 82.4811706543, 101.802230835, 208.754547119, 144.021484375, -15.4736480713, 71.000289917, -29.3286342621, -3.29745054245], [-561.632202148, 286.653045654, 803.451293945, 273.247467041, 186.97064209, 40.328994751, 103.1016922, -5.34124755859, 5.93725395203, 135.138595581, 45.3972473145, -14.0017957687, 10.8719501495], [-115.209457397, -8.31953048706, 273.247467041, 504.948608398, 242.910614014, 109.038360596, 27.7570762634, -14.1673355103, 28.6405677795, 154.439712524, -2.50460648537, -24.0714225769, 53.296710968], [-104.650680542, 95.4236373901, 186.97064209, 242.910614014, 348.549560547, 167.774871826, 56.5279579163, 46.1656646729, 119.378005981, 148.80708313, 36.5890769958, 28.9411487579, 103.68825531], [21.8084831238, 82.4811706543, 40.328994751, 109.038360596, 167.774871826, 211.290176392, 95.1313247681, 55.1094512939, 67.5397644043, 63.0257911682, 52.5798072815, 35.7703552246, 62.0210075378], [98.8308563232, 101.802230835, 103.1016922, 27.7570762634, 56.5279579163, 95.1313247681, 166.934387207, 87.2311859131, 30.4609241486, 17.13397789, 43.2377586365, 47.5712928772, 7.75189876556], [112.034378052, 208.754547119, -5.34124755859, -14.1673355103, 46.1656646729, 55.1094512939, 87.2311859131, 197.15663147, 113.520462036, -18.2668190002, 41.996131897, 51.2994155884, 45.39585495], [21.9372119904, 144.021484375, 5.93725395203, 28.6405677795, 119.378005981, 67.5397644043, 30.4609241486, 113.520462036, 177.778945923, 77.9177856445, 24.9830322266, 18.0660057068, 71.9657745361], [-73.6097869873, -15.4736480713, 135.138595581, 154.439712524, 148.80708313, 63.0257911682, 17.13397789, -18.2668190002, 77.9177856445, 182.202011108, 39.9667892456, -21.2471809387, 37.1147079468], [-84.4432983398, 71.000289917, 45.3972473145, -2.50460648537, 36.5890769958, 52.5798072815, 43.2377586365, 41.996131897, 24.9830322266, 39.9667892456, 126.881820679, 61.7468070984, 8.10847759247], [64.5216369629, -29.3286342621, -14.0017957687, -24.0714225769, 28.9411487579, 35.7703552246, 47.5712928772, 51.2994155884, 18.0660057068, -21.2471809387, 61.7468070984, 142.2527771, 62.084022522], [-97.8022918701, -3.29745054245, 10.8719501495, 53.296710968, 103.68825531, 62.0210075378, 7.75189876556, 45.39585495, 71.9657745361, 37.1147079468, 8.10847759247, 62.084022522, 157.412200928]]
        icov: [[0.000543074624147, -0.000112378766062, 0.000507463701069, -5.36180086783e-05, 8.48069539643e-05, -0.000102766251075, -0.00030019460246, -0.000500670401379, 0.000346815533703, -0.000860687636305, 0.0011517383391, -0.000974440190475, 0.000831340847071], [-0.000112378766062, 0.00229570479132, -0.001194640412, 0.000311872223392, -0.000422840588726, -0.000419787043938, 0.000249427801464, -0.00121977017261, -0.00182564451825, 0.00258712028153, -0.00195502862334, 0.00242798426189, 0.000106348459667], [0.000507463701069, -0.001194640412, 0.00303336395882, -0.000939615536481, -0.000865243258886, 0.00195482256822, -0.00248134601861, 0.0007249347982, 0.00153118663002, -0.00200024875812, 0.000751786399633, -0.00100956426468, 0.000242807538598], [-5.36180086783e-05, 0.000311872223392, -0.000939615536481, 0.00432348856702, -0.00186868105084, -0.00141527759843, 0.00173808925319, -0.00266344379634, 0.0033770033624, -0.00330449431203, 0.00200588116422, -3.31200681103e-05, 0.000190286678844], [8.48069539643e-05, -0.000422840588726, -0.000865243258886, -0.00186868105084, 0.0094694821164, -0.00512427603826, 0.00173560215626, 1.42246253745e-05, -0.00221063080244, -0.00360241974704, 0.00227358262055, -0.00265326164663, -0.000782514922321], [-0.000102766251075, -0.000419787043938, 0.00195482256822, -0.00141527759843, -0.00512427603826, 0.0131767988205, -0.00795962102711, 0.00404924107715, -0.0021209185943, 0.00358440098353, -0.00531841581687, 0.00337713281624, -0.00325405527838], [-0.00030019460246, 0.000249427801464, -0.00248134601861, 0.00173808925319, 0.00173560215626, -0.00795962102711, 0.0158228650689, -0.00927197840065, 0.0054780212231, -0.00530236680061, 0.00375067978166, -0.00480918539688, 0.00373850739561], [-0.000500670401379, -0.00121977017261, 0.0007249347982, -0.00266344379634, 1.42246253745e-05, 0.00404924107715, -0.00927197840065, 0.0207084044814, -0.0148582477123, 0.0117325466126, -0.00700114713982, 0.00223978748545, -0.00310129579157], [0.000346815533703, -0.00182564451825, 0.00153118663002, 0.0033770033624, -0.00221063080244, -0.0021209185943, 0.0054780212231, -0.0148582477123, 0.023827586323, -0.0153823150322, 0.00713783083484, -0.00323358154856, -0.00112392019946], [-0.000860687636305, 0.00258712028153, -0.00200024875812, -0.00330449431203, -0.00360241974704, 0.00358440098353, -0.00530236680061, 0.0117325466126, -0.0153823150322, 0.0245472863317, -0.0135329877958, 0.0106209730729, -0.00363245070912], [0.0011517383391, -0.00195502862334, 0.000751786399633, 0.00200588116422, 0.00227358262055, -0.00531841581687, 0.00375067978166, -0.00700114713982, 0.00713783083484, -0.0135329877958, 0.0209722984582, -0.0132045820355, 0.00643093185499], [-0.000974440190475, 0.00242798426189, -0.00100956426468, -3.31200681103e-05, -0.00265326164663, 0.00337713281624, -0.00480918539688, 0.00223978748545, -0.00323358154856, 0.0106209730729, -0.0132045820355, 0.019859706983, -0.008644066751], [0.000831340847071, 0.000106348459667, 0.000242807538598, 0.000190286678844, -0.000782514922321, -0.00325405527838, 0.00373850739561, -0.00310129579157, -0.00112392019946, -0.00363245070912, 0.00643093185499, -0.008644066751, 0.0137464161962]]
    spectral_contrast:
        mean: [2.00625677849e-07, 2.88578827501e-09, -4.81992231016e-07, -3.52835712647e-07, 8.59090434346e-08, 1.91074160938e-08, -3.04403442897e-06, 8.0487257037e-07, 5.63865512504e-07, -2.89166473522e-06, 4.75326032756e-06, -9.90612420537e-07]
        var: [0.000459186703665, 0.000976416398771, 0.00203189509921, 0.00226922868751, 0.00438855309039, 0.00775358593091, 0.0694445371628, 0.126323670149, 0.254776656628, 0.432348847389, 1.25987279415, 1.69844675064]

rhythm:
    beats_loudness:
        dmean: 0.00645706383511
        dmean2: 0.0120391389355
        dvar: 1.10768678496e-05
        dvar2: 2.67238538072e-05
        max: 0.0157914124429
        mean: 0.0069929594174
        min: 0.000706131162588
        var: 1.94222157006e-05
    beats_loudness_bass:
        dmean: 0.209738850594
        dmean2: 0.42524266243
        dvar: 0.0433497875929
        dvar2: 0.131603494287
        max: 0.658254086971
        mean: 0.11050734669
        min: 0.000672060530633
        var: 0.0322344899178
    bpm: 81.3942947388
    bpm_confidence: 0
    first_peak_bpm: 163
    first_peak_spread: 0
    first_peak_weight: 0.529411792755
    onset_rate: 5.57002305984
    second_peak_bpm: 81
    second_peak_spread: 0
    second_peak_weight: 0.411764711142
    beats_position: [0.574506759644, 1.31165957451, 2.04881238937, 2.78596496582, 3.52311778069, 4.26027059555, 4.997423172, 5.73457622528, 6.12285900116, 6.49126386642, 6.85966825485, 7.22807264328, 7.59647750854, 7.96488237381, 8.3332862854, 8.70169067383, 9.07009506226, 9.43850040436]
    bpm_estimates: [81.5288848877, 81.366394043, 81.4160232544, 81.3972396851, 81.3853530884, 81.3786239624, 81.3478240967, 81.3800125122, 81.3482513428]
    bpm_intervals: [0.737152814865, 0.737152814865, 0.737152576447, 0.737152814865, 0.737152814865, 0.737152576447, 0.737153053284, 0.388282775879, 0.368404865265, 0.368404388428, 0.368404388428, 0.368404865265, 0.368404865265, 0.368403911591, 0.368404388428, 0.368404388428, 0.368405342102]
    onset_times: [0.0464399084449, 0.197369620204, 0.359909296036, 0.557278931141, 0.870748281479, 0.940408170223, 1.09133791924, 1.30031740665, 1.49768710136, 1.67183673382, 1.79954648018, 1.90403628349, 2.03174614906, 2.36843538284, 2.53097510338, 2.61224484444, 2.7863945961, 2.99537420273, 3.09986400604, 3.1811337471, 3.27401351929, 3.5178232193, 3.85451245308, 3.88934230804, 4.06349229813, 4.27247142792, 4.46984148026, 4.57433128357, 4.65560102463, 4.74848079681, 4.9806804657, 5.3754196167, 5.54956912994, 5.74693870544, 5.95591831207, 6.11845827103, 6.28099775314, 6.47836732864, 6.71056699753, 6.86149644852, 7.0356464386, 7.2330160141, 7.4303855896, 7.61614513397, 7.72063493729, 7.97605419159, 8.16181373596, 8.32435417175, 8.66104316711, 8.70748329163, 9.11383247375, 9.22993183136, 9.45052146912, 9.64789104462, 9.85687065125]
    rubato_start: [6.12285900116]
    rubato_stop: [6.49126386642]
    perceptual_tempo: "unknown"

sfx:
    inharmonicity:
        dmean: 0.0778233855963
        dmean2: 0.139025375247
        dvar: 0.00623710313812
        dvar2: 0.0190026741475
        max: 0.41744056344
        mean: 0.0776337534189
        min: 0
        var: 0.00654468685389
    oddtoevenharmonicenergyratio:
        dmean: 4.61068916321
        dmean2: 8.69799041748
        dvar: 502.493927002
        dvar2: 1522.19677734
        max: 319.004211426
        mean: 2.91987919807
        min: 0
        var: 261.23223877
    pitch_after_max_to_before_max_energy_ratio: 5.48957633972
    pitch_centroid: 188.539840698
    pitch_max_to_total: 0.131455391645
    pitch_min_to_total: 0.680751144886
    tristimulus:
        dmean: [0.214050829411, 0.321380823851, 0.158727377653]
        dmean2: [0.368317812681, 0.566929876804, 0.28426733613]
        dvar: [0.0445883087814, 0.0627196207643, 0.0244287848473]
        dvar2: [0.125971063972, 0.180565193295, 0.0737787410617]
        max: [1, 0.983516573906, 0.828887581825]
        mean: [0.294249743223, 0.473317593336, 0.139313936234]
        min: [0.00290156784467, 0, 0]
        var: [0.0600324943662, 0.0919219553471, 0.0275413282216]

tonal:
    chords_changes_rate: 0.112149529159
    chords_number_rate: 0.0280373822898
    chords_strength:
        dmean: 0.0109432041645
        dmean2: 0.0121878609061
        dvar: 9.63791826507e-05
        dvar2: 0.000116030802019
        max: 0.723818421364
        mean: 0.580160200596
        min: 0.346923202276
        var: 0.00414546811953
    key_strength: 0.772000968456
    tuning_diatonic_strength: 0.732713520527
    tuning_equal_tempered_deviation: 0.218826785684
    tuning_frequency: 434.444000244
    tuning_nontempered_energy_ratio: 0.865451693535
    hpcp:
        dmean: [0.130598366261, 0.126528814435, 0.154486745596, 0.146499022841, 0.126667246222, 0.108609624207, 0.139312505722, 0.223762184381, 0.281256765127, 0.268504023552, 0.241670444608, 0.169259160757, 0.147201910615, 0.147432178259, 0.138858288527, 0.117709591985, 0.13099142909, 0.166629001498, 0.145396977663, 0.15986071527, 0.176882699132, 0.157107338309, 0.182198360562, 0.181117102504, 0.158596739173, 0.116139046848, 0.133320957422, 0.15745601058, 0.163133636117, 0.18927821517, 0.223344936967, 0.18061953783, 0.151847809553, 0.143874689937, 0.12740200758, 0.135824397206]
        dmean2: [0.226756930351, 0.225967556238, 0.255060434341, 0.24238473177, 0.218855276704, 0.186668366194, 0.236998066306, 0.382450073957, 0.483633846045, 0.44959846139, 0.413461536169, 0.293825179338, 0.247919946909, 0.241255000234, 0.235651090741, 0.194213286042, 0.22680953145, 0.297478795052, 0.252672433853, 0.260672599077, 0.296819984913, 0.269624203444, 0.326687723398, 0.316048830748, 0.27091306448, 0.1872715801, 0.231554895639, 0.274780571461, 0.285758584738, 0.31440359354, 0.394803315401, 0.322538912296, 0.279835015535, 0.261374562979, 0.216475754976, 0.227884635329]
        dvar: [0.0291538946331, 0.0205536428839, 0.0232723671943, 0.0311483033001, 0.0229066684842, 0.0164219625294, 0.0300914086401, 0.0450794175267, 0.0640849843621, 0.0467156544328, 0.053175099194, 0.043113078922, 0.038532037288, 0.0264181569219, 0.0283640678972, 0.0157987046987, 0.0155197819695, 0.032101072371, 0.0248090047389, 0.0311038028449, 0.0373799353838, 0.035028282553, 0.0360106229782, 0.0356947556138, 0.0343139246106, 0.0148946586996, 0.0254965703934, 0.0365873016417, 0.0334959663451, 0.0360335484147, 0.050189319998, 0.0406628958881, 0.0333268940449, 0.0385608747602, 0.0199522785842, 0.0292704589665]
        dvar2: [0.0724010542035, 0.0544367916882, 0.0587016604841, 0.0744774639606, 0.0606146641076, 0.0351106524467, 0.0731484591961, 0.115498535335, 0.183560490608, 0.13055036962, 0.139152079821, 0.102993868291, 0.0973984450102, 0.0622334070504, 0.0759623795748, 0.0430646799505, 0.0417125932872, 0.0852456465364, 0.0665526911616, 0.0737146958709, 0.0934369638562, 0.0908402204514, 0.10091599077, 0.101373843849, 0.0815093815327, 0.034870006144, 0.0739149898291, 0.105243779719, 0.0906196087599, 0.0949633419514, 0.132896363735, 0.114373080432, 0.092364795506, 0.115529239178, 0.0479026883841, 0.0726335272193]
        max: [1, 0.937738418579, 1, 1, 0.961082458496, 0.869482398033, 1, 1, 1, 1, 1, 1, 1, 1, 1, 0.929863929749, 0.871161818504, 1, 1, 1, 1, 1, 1, 1, 1, 1, 1, 1, 1, 1, 1, 1, 1, 1, 0.904072403908, 1]
        mean: [0.183039337397, 0.185410261154, 0.251983195543, 0.249091804028, 0.170138761401, 0.140742644668, 0.16203686595, 0.268945336342, 0.472809910774, 0.507436990738, 0.3232229352, 0.204712495208, 0.178115233779, 0.180060699582, 0.193461313844, 0.178800016642, 0.181785732508, 0.217463567853, 0.225063115358, 0.249586075544, 0.262195765972, 0.239119380713, 0.252504378557, 0.341357529163, 0.323592841625, 0.184305399656, 0.154157564044, 0.200662076473, 0.272790193558, 0.36367186904, 0.333688825369, 0.207906574011, 0.150362864137, 0.147235065699, 0.176014378667, 0.200455337763]
        min: [0.00239142822102, 0.00495799584314, 0.00632184417918, 0.00595479784533, 0.00565603235736, 0.00428916979581, 0.00569709716365, 0.0153047461063, 0.0160883869976, 0.0151405958459, 0.00366797135212, 0.00162363925483, 0.000911278300919, 0.00718375481665, 0.00861551612616, 0.00957980565727, 0.00327967875637, 0.00221504364163, 0.00490153068677, 0.000519241380971, 0, 0.00120816554409, 0.00519324885681, 0.00873560924083, 0.00628110580146, 0.00241700443439, 0, 0.00189973891247, 0.00185195787344, 0.0052919681184, 0.00699705025181, 0.00392798054963, 0.00471229245886, 0.00165434507653, 0.00360477273352, 0.00285433558747]
        var: [0.03490261361, 0.0272668339312, 0.0589159093797, 0.07630212605, 0.0332824103534, 0.0257064364851, 0.0360273234546, 0.0606266148388, 0.102930471301, 0.108854286373, 0.0794862732291, 0.057226408273, 0.0499743185937, 0.0380103029311, 0.0343761965632, 0.0241920463741, 0.0253456048667, 0.0471718646586, 0.0406130366027, 0.06259290874, 0.0644207969308, 0.0522274672985, 0.050793107599, 0.0896864309907, 0.101972363889, 0.030505489558, 0.0318528860807, 0.0466481335461, 0.0670027807355, 0.0957490950823, 0.0850876048207, 0.0455971919, 0.0339115038514, 0.0354540422559, 0.0340462960303, 0.0410185754299]
    chords_histogram: [27.102804184, 0, 14.4859809875, 0, 0, 0, 0, 2.33644866943, 0, 17.7570095062, 0, 0, 0, 0, 0, 0, 0, 0, 0, 0, 0, 0.467289716005, 1.40186917782, 36.4485969543]
    thpcp: [1, 0.636971592903, 0.403424471617, 0.35100954771, 0.354843467474, 0.381251901388, 0.352359056473, 0.358242958784, 0.42855283618, 0.443529188633, 0.491856276989, 0.516706049442, 0.471229702234, 0.497607350349, 0.672709167004, 0.637700557709, 0.363208442926, 0.303796470165, 0.395442336798, 0.537584364414, 0.716683804989, 0.657596588135, 0.409718990326, 0.296318292618, 0.290154367685, 0.346869438887, 0.395034939051, 0.360713422298, 0.365385770798, 0.496580272913, 0.490882247686, 0.335290431976, 0.277359843254, 0.319324105978, 0.530007362366, 0.931760847569]
    chords_key: "C"
    chords_scale: "major"
    key_key: "E"
    key_scale: "minor"
    chords_progression: ["C", "C", "C", "C", "C", "C", "C", "C", "C", "C", "C", "C", "C", "C", "C", "C", "C", "C", "C", "C", "C", "C", "C", "C", "C", "C", "C", "C", "C", "C", "B", "B", "Em", "Em", "Em", "Em", "Em", "E", "F", "Em", "Em", "Em", "Em", "Em", "Em", "Em", "Em", "Em", "Em", "Em", "Em", "Em", "Em", "Em", "Em", "Em", "Em", "Em", "Em", "Em", "Em", "Em", "Em", "Em", "Em", "Em", "Em", "Em", "Em", "Em", "Em", "Em", "Em", "Em", "Em", "Em", "Em", "Em", "Em", "C", "C", "C", "C", "C", "C", "C", "C", "C", "C", "C", "C", "C", "Em", "Em", "Em", "Em", "Em", "Em", "E", "E", "E", "E", "Em", "Em", "Em", "Em", "Em", "C", "C", "C", "C", "C", "C", "C", "Bm", "Bm", "Bm", "Bm", "Bm", "Bm", "Bm", "Bm", "Bm", "Bm", "Bm", "Bm", "Bm", "Bm", "Em", "Em", "B", "B", "B", "Bm", "Bm", "B", "Bm", "Bm", "Bm", "Bm", "Bm", "Bm", "Bm", "Bm", "Bm", "Bm", "Bm", "Bm", "Bm", "Bm", "Bm", "B", "B", "B", "B", "B", "B", "B", "B", "B", "B", "B", "B", "C", "C", "C", "B", "B", "B", "B", "B", "B", "B", "B", "B", "B", "C", "B", "C", "C", "C", "C", "C", "C", "C", "C", "C", "C", "C", "C", "C", "C", "C", "C", "C", "C", "C", "C", "C", "C", "C", "C", "B", "B", "B", "B", "B", "B", "B", "B", "B", "Am", "Am", "Am"]
