
metadata:
    version:
        essentia: "1.2.2"
    audio_properties:
        analysis_sample_rate: 44100
        bitrate: 128
        channels: 2
        equal_loudness: 1
        length: 9.97877597809
        replay_gain: -9.27876853943
        downmix: "mix"
    tags:
        track: 10
        year: 0
        album: "Splitted by Mp3Splt v. 2.1"
        artist: "From 001.30 To 001.40"
        comment: "http://mp3splt.sf.net"
        genre: ""
        title: "10 Run Wild.mp3"

highlevel:
    ballroom:
        all:
            ChaChaCha: 0.0645960122347
            Jive: 0.248261317611
            Quickstep: 0.0442625693977
            Rumba-American: 0.0138995321468
            Rumba-International: 0.385047703981
            Rumba-Misc: 0.0577186830342
            Samba: 0.163999736309
            Tango: 0.00158167933114
            VienneseWaltz: 0.0138915367424
            Waltz: 0.0067412443459
        probability: 0.385047703981
        value: "Rumba-International"
    culture:
        all:
            non_western: 0.14331497252
            western: 0.856685042381
        probability: 0.856685042381
        value: "western"
    gender:
        all:
            female: 0.403221845627
            male: 0.596778154373
        probability: 0.596778154373
        value: "male"
    genre_dortmund:
        all:
            alternative: 0.219106599689
            blues: 0.0166611149907
            electronic: 0.152231052518
            folkcountry: 0.115988217294
            funksoulrnb: 0.0115677509457
            jazz: 0.0457355491817
            pop: 0.140165224671
            raphiphop: 0.0903730019927
            rock: 0.208171486855
        probability: 0.219106599689
        value: "alternative"
    genre_electronica:
        all:
            ambient: 0.187716811895
            dnb: 0.490519493818
            house: 0.0786262527108
            techno: 0.0606846921146
            trance: 0.182452753186
        probability: 0.490519493818
        value: "dnb"
    genre_rosamerica:
        all:
            cla: 0.00764360884205
            dan: 0.125832661986
            hip: 0.061918836087
            jaz: 0.00846673361957
            pop: 0.0749628394842
            rhy: 0.681813240051
            roc: 0.0366313867271
            spe: 0.00273068808019
        probability: 0.681813240051
        value: "rhy"
    genre_tzanetakis:
        all:
            blu: 0.00682216184214
            cla: 0.00351234688424
            cou: 0.0735267698765
            dis: 0.322017282248
            hip: 0.0851369723678
            jaz: 0.00831711571664
            met: 0.0356930121779
            pop: 0.118047587574
            reg: 0.0655115842819
            roc: 0.281415164471
        probability: 0.322017282248
        value: "dis"
    live_studio:
        all:
            live: 0.0452569909394
            studio: 0.954743027687
        probability: 0.954743027687
        value: "studio"
    mood:
        all:
            Cluster1: 0.0535276830196
            Cluster2: 0.170081317425
            Cluster3: 0.67593306303
            Cluster4: 0.0179856903851
            Cluster5: 0.0824722498655
        probability: 0.67593306303
        value: "Cluster3"
    mood_acoustic:
        all:
            acoustic: 0.425092369318
            not_acoustic: 0.574907660484
        probability: 0.574907660484
        value: "not_acoustic"
    mood_aggressive:
        all:
            aggressive: 0.044835601002
            not_aggressive: 0.955164372921
        probability: 0.955164372921
        value: "not_aggressive"
    mood_electronic:
        all:
            electronic: 0.222079843283
            not_electronic: 0.77792018652
        probability: 0.77792018652
        value: "not_electronic"
    mood_happy:
        all:
            happy: 0.297198921442
            not_happy: 0.70280110836
        probability: 0.70280110836
        value: "not_happy"
    mood_party:
        all:
            not_party: 0.772232651711
            party: 0.227767333388
        probability: 0.772232651711
        value: "not_party"
    mood_relaxed:
        all:
            not_relaxed: 0.608378529549
            relaxed: 0.391621470451
        probability: 0.608378529549
        value: "not_relaxed"
    mood_sad:
        all:
            not_sad: 0.407354980707
            sad: 0.592644989491
        probability: 0.592644989491
        value: "sad"
    rhythm:
        all:
            fast: 0.515913307667
            medium: 0.296852380037
            slow: 0.187234312296
        probability: 0.515913307667
        value: "fast"
    speech_music:
        all:
            music: 0.99999755621
            speech: 2.425322009e-06
        probability: 0.99999755621
        value: "music"
    timbre:
        all:
            bright: 0.838053405285
            dark: 0.161946609616
        probability: 0.838053405285
        value: "bright"
    voice_instrumental:
        all:
            instrumental: 0.0155423181131
            voice: 0.984457671642
        probability: 0.984457671642
        value: "voice"

lowlevel:
    average_loudness: 0.978407084942
    barkbands_kurtosis:
        dmean: 2.70969581604
        dmean2: 4.32500886917
        dvar: 11.5808467865
        dvar2: 29.538312912
        max: 27.5724620819
        mean: 3.44890141487
        min: -1.94869422913
        var: 26.6838951111
    barkbands_skewness:
        dmean: 0.604943454266
        dmean2: 0.915691554546
        dvar: 0.393530339003
        dvar2: 0.88792347908
        max: 5.05282449722
        mean: 1.67865669727
        min: -1.36098599434
        var: 1.38826215267
    barkbands_spread:
        dmean: 6.84587240219
        dmean2: 10.3319158554
        dvar: 73.0165786743
        dvar2: 140.080276489
        max: 82.0591964722
        mean: 26.5153484344
        min: 4.96151924133
        var: 296.12991333
    dissonance:
        dmean: 0.0184288416058
        dmean2: 0.0301402751356
        dvar: 0.00040672934847
        dvar2: 0.00108263012953
        max: 0.499967992306
        mean: 0.452598780394
        min: 0.289419859648
        var: 0.00126805598848
    hfc:
        dmean: 1.77043378353
        dmean2: 2.42512512207
        dvar: 13.0771608353
        dvar2: 24.6971035004
        max: 51.7013587952
        mean: 3.984187603
        min: 0.0877015963197
        var: 30.0166473389
    pitch:
        dmean: 623.567199707
        dmean2: 1209.69848633
        dvar: 1831896.625
        dvar2: 4078936.75
        max: 6300
        mean: 1012.15509033
        min: 69.4488220215
        var: 2816698.25
    pitch_instantaneous_confidence:
        dmean: 0.0798487812281
        dmean2: 0.13135920465
        dvar: 0.00646192301065
        dvar2: 0.0153423296288
        max: 0.85870975256
        mean: 0.442094296217
        min: 0.158652961254
        var: 0.0243484601378
    pitch_salience:
        dmean: 0.067961037159
        dmean2: 0.10706038028
        dvar: 0.0038332240656
        dvar2: 0.00971097126603
        max: 0.835337996483
        mean: 0.576466262341
        min: 0.137073680758
        var: 0.0115931266919
    silence_rate_20dB:
        dmean: 0
        dmean2: 0
        dvar: 0
        dvar2: 0
        max: 1
        mean: 1
        min: 1
        var: 0
    silence_rate_30dB:
        dmean: 0
        dmean2: 0
        dvar: 0
        dvar2: 0
        max: 1
        mean: 1
        min: 1
        var: 0
    silence_rate_60dB:
        dmean: 0.13053612411
        dmean2: 0.261682242155
        dvar: 0.113496758044
        dvar2: 0.230586364865
        max: 1
        mean: 0.513953506947
        min: 0
        var: 0.249805226922
    spectral_centroid:
        dmean: 249.391265869
        dmean2: 377.415405273
        dvar: 127487.421875
        dvar2: 242432.625
        max: 3725.09960938
        mean: 928.896484375
        min: 220.901535034
        var: 458717.84375
    spectral_complexity:
        dmean: 2.35363006592
        dmean2: 3.59859156609
        dvar: 17.7274417877
        dvar2: 33.8225288391
        max: 48
        mean: 7.72897195816
        min: 0
        var: 41.5526809692
    spectral_crest:
        dmean: 2.40960907936
        dmean2: 3.81653118134
        dvar: 5.45229434967
        dvar2: 12.4984884262
        max: 22.9664840698
        mean: 10.6966085434
        min: 3.21241521835
        var: 18.0699481964
    spectral_decrease:
        dmean: 3.22979587519e-10
        dmean2: 5.09054631781e-10
        dvar: 2.12123230259e-19
        dvar2: 5.10209344521e-19
        max: -4.72834341125e-11
        mean: -9.37043886928e-10
        min: -4.47544490356e-09
        var: 4.9376085804e-19
    spectral_energy:
        dmean: 0.0013377800351
        dmean2: 0.00208286708221
        dvar: 3.85242901757e-06
        dvar2: 9.00648319657e-06
        max: 0.0180782191455
        mean: 0.00389799615368
        min: 0.000261944864178
        var: 8.95489847608e-06
    spectral_energyband_high:
        dmean: 0.000154418419697
        dmean2: 0.000216640008148
        dvar: 1.14050607181e-07
        dvar2: 2.27096577987e-07
        max: 0.00493214605376
        mean: 0.000257055304246
        min: 5.92212813899e-07
        var: 2.53125108429e-07
    spectral_energyband_low:
        dmean: 0.000164412922459
        dmean2: 0.000279788015177
        dvar: 1.61629472473e-07
        dvar2: 4.4217617301e-07
        max: 0.00550773460418
        mean: 0.000299218634609
        min: 6.07417769061e-06
        var: 1.6784787249e-07
    spectral_energyband_middle_high:
        dmean: 0.00040263478877
        dmean2: 0.000592885946389
        dvar: 1.19289563827e-06
        dvar2: 2.58961517829e-06
        max: 0.0145240947604
        mean: 0.000821178546175
        min: 1.38840186992e-05
        var: 2.19428034143e-06
    spectral_energyband_middle_low:
        dmean: 0.00095139601035
        dmean2: 0.00149819790386
        dvar: 1.49805691763e-06
        dvar2: 3.70962061425e-06
        max: 0.0147175434977
        mean: 0.00252053863369
        min: 6.96733186487e-05
        var: 3.52381539415e-06
    spectral_flatness_db:
        dmean: 0.0213903561234
        dmean2: 0.0335839875042
        dvar: 0.000404031598009
        dvar2: 0.000988354790024
        max: 0.299468517303
        mean: 0.178107976913
        min: 0.0874716639519
        var: 0.0015601743944
    spectral_flux:
        dmean: 0.00906484667212
        dmean2: 0.0138381188735
        dvar: 0.000133561290568
        dvar2: 0.000259216554696
        max: 0.106021761894
        mean: 0.0299008078873
        min: 0.0038876181934
        var: 0.000323399028275
    spectral_kurtosis:
        dmean: 1.31484675407
        dmean2: 2.20472788811
        dvar: 2.05621337891
        dvar2: 5.09395503998
        max: 12.9135942459
        mean: 3.58835673332
        min: -0.928016662598
        var: 6.24690151215
    spectral_rms:
        dmean: 0.000309060735162
        dmean2: 0.000468034035293
        dvar: 1.3879486005e-07
        dvar2: 3.06450516518e-07
        max: 0.00419967714697
        mean: 0.0018333446933
        min: 0.000505525444169
        var: 4.41769884674e-07
    spectral_rolloff:
        dmean: 605.198608398
        dmean2: 992.650024414
        dvar: 865729.625
        dvar2: 1666420.25
        max: 6589.16015625
        mean: 1845.71777344
        min: 172.265625
        var: 2804554.25
    spectral_skewness:
        dmean: 0.223816037178
        dmean2: 0.341224461794
        dvar: 0.067029774189
        dvar2: 0.121749311686
        max: 2.81621050835
        mean: 1.46739721298
        min: -0.167980700731
        var: 0.326123028994
    spectral_spread:
        dmean: 620169.875
        dmean2: 835161.0625
        dvar: 451162800128
        dvar2: 799986941952
        max: 10782469
        mean: 5252705
        min: 2704264
        var: 2.70207392154e+12
    spectral_strongpeak:
        dmean: 0.169053986669
        dmean2: 0.281679451466
        dvar: 0.199775084853
        dvar2: 0.505304396152
        max: 5.79838275909
        mean: 0.299472033978
        min: 0.00391196319833
        var: 0.186110109091
    zerocrossingrate:
        dmean: 0.0113425329328
        dmean2: 0.0123995924369
        dvar: 0.000154300752911
        dvar2: 0.000152463500854
        max: 0.20263671875
        mean: 0.0616500712931
        min: 0.00927734375
        var: 0.00139423692599
    barkbands:
        dmean: [4.61700437882e-07, 6.18599078734e-05, 0.0001163321067, 0.000613560492638, 0.000373537070118, 0.000138818926644, 0.000104715880298, 0.000108875130536, 6.38502388028e-05, 2.41134221142e-05, 4.10067768826e-05, 7.55061482778e-05, 2.39047603827e-05, 3.72719841835e-05, 3.17220656143e-05, 3.53163777618e-05, 6.09556482232e-05, 0.000104886239569, 9.06678542378e-05, 8.04641240393e-05, 6.48429777357e-05, 4.24904501415e-05, 1.41014552355e-05, 4.41072961621e-06, 1.28205658712e-06, 5.91106577019e-08, 3.74308528617e-10]
        dmean2: [7.28309714759e-07, 0.000101356665255, 0.000197505520191, 0.000931139744353, 0.000622080813628, 0.000214660511119, 0.000155145346071, 0.000157798844157, 0.000102498495835, 3.64300467481e-05, 5.94613666181e-05, 0.000124238722492, 3.93475529563e-05, 5.71972595935e-05, 4.90079837618e-05, 5.23121052538e-05, 9.05913766474e-05, 0.000162334355991, 0.000145215162775, 0.000115470429591, 9.5407529443e-05, 6.42341474304e-05, 2.12844697671e-05, 6.03798844168e-06, 1.64398284141e-06, 9.29196914967e-08, 6.44910624903e-10]
        dvar: [7.1730474208e-13, 1.99324574623e-08, 9.08422848056e-08, 8.33095839425e-07, 2.41695630621e-07, 6.75531879324e-08, 6.05479115734e-08, 5.67242501859e-08, 2.94611339768e-08, 3.88171228494e-09, 5.9392917251e-08, 4.75825174817e-07, 2.79530132374e-09, 6.29020746601e-09, 9.98484495085e-09, 1.61034474644e-08, 2.67477453519e-08, 7.18430612778e-08, 5.31643244983e-08, 4.37779803519e-08, 1.87655793127e-08, 1.16366782876e-08, 1.8050267947e-09, 1.0041005527e-10, 6.88871095583e-12, 2.40936963306e-14, 9.6190734463e-19]
        dvar2: [1.653167837e-12, 5.42689768679e-08, 2.50727509865e-07, 1.932056648e-06, 6.84204053414e-07, 1.59354058837e-07, 1.25474983292e-07, 1.02289988035e-07, 7.16929875466e-08, 8.87512374703e-09, 1.23261074236e-07, 1.28951091938e-06, 6.8079453186e-09, 1.51034527107e-08, 2.29779892891e-08, 3.05125702482e-08, 5.57899326736e-08, 1.53580842266e-07, 1.24711718286e-07, 7.51139239696e-08, 4.11760865404e-08, 2.64599187005e-08, 4.34059588272e-09, 1.91413607187e-10, 1.27650390258e-11, 5.79443177467e-14, 2.65460125669e-18]
        max: [1.23964873637e-05, 0.00168179464526, 0.00382452597842, 0.0106894280761, 0.00562093826011, 0.00283700786531, 0.00302761862986, 0.00416121026501, 0.0021008499898, 0.000920716964174, 0.00504972971976, 0.0116896107793, 0.000526389922015, 0.000644250889309, 0.000988864339888, 0.00223315809853, 0.00267200940289, 0.0036825935822, 0.00215521943755, 0.00320255733095, 0.00149685388897, 0.00157912867144, 0.000777202018071, 0.000155533620273, 3.82533689844e-05, 1.34267349949e-06, 1.1752807616e-08]
        mean: [1.03210334146e-06, 0.000140431366162, 0.00015776323562, 0.00099328707438, 0.000727009901311, 0.000316413526889, 0.000189899568795, 0.000186155099072, 0.000102573023469, 4.72587234981e-05, 6.77291463944e-05, 7.21088945284e-05, 3.81753561669e-05, 5.58909741812e-05, 4.32182605437e-05, 5.25840696355e-05, 9.02778410818e-05, 0.000167240097653, 0.000134718226036, 0.000122860088595, 9.16850258363e-05, 6.58701901557e-05, 2.3600880013e-05, 7.97735265223e-06, 2.17280467041e-06, 6.69678570375e-08, 3.37907396508e-10]
        min: [1.10741409098e-10, 9.27893140101e-08, 3.16919113175e-06, 3.71374994756e-06, 7.40622044759e-06, 4.70842724098e-06, 1.49399261318e-06, 1.09056531983e-06, 7.87031353866e-07, 2.51950268648e-07, 1.23694576359e-07, 3.81742580657e-07, 3.08129898485e-07, 1.92438989188e-07, 2.73093519354e-07, 7.58447697535e-07, 6.40996233869e-07, 1.57506190135e-06, 6.05105753948e-07, 8.98270400285e-07, 1.72709150092e-07, 4.43490115742e-08, 2.73030327236e-08, 5.98525362605e-09, 3.30779581503e-09, 1.58341298406e-10, 4.40960066855e-14]
        var: [2.59832476715e-12, 4.66090632756e-08, 7.26728188738e-08, 1.65786434536e-06, 3.48639105141e-07, 2.31610911783e-07, 1.12290166498e-07, 1.440205466e-07, 5.9780013828e-08, 1.15532117206e-08, 1.5178824242e-07, 3.39311554853e-07, 4.68283234412e-09, 1.08944577804e-08, 1.1601978045e-08, 2.29161702947e-08, 4.5920195646e-08, 1.30619255856e-07, 7.81690445706e-08, 8.83762822923e-08, 3.04926182082e-08, 2.39774600175e-08, 3.71662611798e-09, 3.60192237148e-10, 2.25853589303e-11, 2.67887383283e-14, 7.35784547793e-19]
    mfcc:
        mean: [-747.004821777, 118.589805603, -13.086438179, 60.9579200745, -9.85001277924, 0.564145207405, -8.18797302246, -2.64367413521, -12.822479248, -5.94548368454, -3.27709412575, -4.98919677734, -10.4163475037]
        cov: [[2989.30444336, -1175.06311035, 54.2608146667, -180.323242188, -149.311508179, 40.795501709, -99.811378479, 59.8721427917, 93.6024246216, 14.9300823212, 10.0239362717, 28.9614048004, 88.8263397217], [-1175.06311035, 1382.25891113, -480.709594727, -19.8174667358, -14.9859600067, -180.664718628, -5.32693529129, 41.0678253174, -166.115188599, 56.9612846375, 98.4244842529, -1.89415097237, -34.4167251587], [54.2608146667, -480.709594727, 623.911071777, 11.308470726, -38.1462631226, 159.439880371, 26.5268154144, 28.8547458649, 37.1003265381, -37.7153358459, -50.7730712891, 49.7192001343, 59.4158973694], [-180.323242188, -19.8174667358, 11.308470726, 212.406707764, 105.088775635, 27.2837314606, 38.8795051575, 3.71601676941, 27.6181526184, -0.50536441803, -24.2010307312, 12.2927722931, 18.8126468658], [-149.311508179, -14.9859600067, -38.1462631226, 105.088775635, 193.486953735, 11.1460199356, 16.5296878815, -39.6714897156, 50.8098640442, -0.363798141479, -16.2945423126, 0.135366544127, 1.65768706799], [40.795501709, -180.664718628, 159.439880371, 27.2837314606, 11.1460199356, 155.136657715, 43.0652961731, 10.0070810318, 36.5010604858, 7.52644586563, 3.15633773804, 12.582983017, 1.3889580965], [-99.811378479, -5.32693529129, 26.5268154144, 38.8795051575, 16.5296878815, 43.0652961731, 127.176925659, 49.9369621277, 14.2633743286, -13.3238115311, -16.8321685791, 4.58556938171, 33.3032341003], [59.8721427917, 41.0678253174, 28.8547458649, 3.71601676941, -39.6714897156, 10.0070810318, 49.9369621277, 134.957824707, 3.47530388832, -0.722916662693, -0.411833167076, 19.3412227631, 55.9611358643], [93.6024246216, -166.115188599, 37.1003265381, 27.6181526184, 50.8098640442, 36.5010604858, 14.2633743286, 3.47530388832, 134.236938477, 13.8745136261, -31.9238262177, -4.39053678513, -2.77736616135], [14.9300823212, 56.9612846375, -37.7153358459, -0.50536441803, -0.363798141479, 7.52644586563, -13.3238115311, -0.722916662693, 13.8745136261, 95.171295166, 28.3559837341, -12.1915655136, -12.1121940613], [10.0239362717, 98.4244842529, -50.7730712891, -24.2010307312, -16.2945423126, 3.15633773804, -16.8321685791, -0.411833167076, -31.9238262177, 28.3559837341, 94.9816513062, 17.6064891815, -15.9270095825], [28.9614048004, -1.89415097237, 49.7192001343, 12.2927722931, 0.135366544127, 12.582983017, 4.58556938171, 19.3412227631, -4.39053678513, -12.1915655136, 17.6064891815, 77.0635681152, 37.0960922241], [88.8263397217, -34.4167251587, 59.4158973694, 18.8126468658, 1.65768706799, 1.3889580965, 33.3032341003, 55.9611358643, -2.77736616135, -12.1121940613, -15.9270095825, 37.0960922241, 104.68523407]]
        icov: [[0.000864359142724, 0.00109556561802, 0.000844326918013, 0.000529438082594, 0.00035765155917, -7.60950206313e-05, 0.000754182750825, -0.000715409114491, 0.000175409135409, -0.000426897837315, -0.000312526884954, -0.000400951947086, -0.000759943039156], [0.00109556561802, 0.00271169608459, 0.00175488134846, 0.0006846007891, 0.000100968885818, 0.00068419193849, 0.000514566665515, -0.00172059726901, 0.0016900638584, -0.00134144967888, -0.000577037280891, -0.00119079498108, -0.000187923753401], [0.000844326918013, 0.00175488134846, 0.00399021944031, 0.000556928745937, 0.00102947361302, -0.00285938335583, 0.00147228757851, -0.000890142575372, 0.000841651868541, -0.000111327695777, 0.00127502437681, -0.00181322323624, -0.00162921298761], [0.000529438082594, 0.0006846007891, 0.000556928745937, 0.00745670031756, -0.00376986409537, -0.000781685230322, -0.000582623120863, -0.00131062255241, 0.000976177630946, -0.00114332616795, 0.0016418134328, -0.0016367235221, -0.00020085585129], [0.00035765155917, 0.000100968885818, 0.00102947361302, -0.00376986409537, 0.00935243815184, -0.000400159042329, -0.000308792165015, 0.00362409441732, -0.00343894422986, 0.000789374404121, -0.000798535300419, 0.000207426259294, -0.00235386821441], [-7.60950206313e-05, 0.00068419193849, -0.00285938335583, -0.000781685230322, -0.000400159042329, 0.0120735848323, -0.0043886997737, 1.93825962924e-06, -0.00130310584791, -0.00176255684346, -0.00296720629558, -0.000752190535422, 0.00287075177766], [0.000754182750825, 0.000514566665515, 0.00147228757851, -0.000582623120863, -0.000308792165015, -0.0043886997737, 0.0125655503944, -0.00411533238366, -4.57078822365e-05, 0.00171504495665, 0.00102722330485, 0.00138865131885, -0.00307466788217], [-0.000715409114491, -0.00172059726901, -0.000890142575372, -0.00131062255241, 0.00362409441732, 1.93825962924e-06, -0.00411533238366, 0.0133324200287, -0.00280780205503, 0.000464021053631, -0.0011550191557, 0.0007542707026, -0.00555697828531], [0.000175409135409, 0.0016900638584, 0.000841651868541, 0.000976177630946, -0.00343894422986, -0.00130310584791, -4.57078822365e-05, -0.00280780205503, 0.0120998583734, -0.00359343970194, 0.00428243121132, -0.00189034384675, 0.00256756530143], [-0.000426897837315, -0.00134144967888, -0.000111327695777, -0.00114332616795, 0.000789374404121, -0.00176255684346, 0.00171504495665, 0.000464021053631, -0.00359343970194, 0.0140409590676, -0.00480340560898, 0.00417715264484, -0.00127470155712], [-0.000312526884954, -0.000577037280891, 0.00127502437681, 0.0016418134328, -0.000798535300419, -0.00296720629558, 0.00102722330485, -0.0011550191557, 0.00428243121132, -0.00480340560898, 0.0171429421753, -0.00657404586673, 0.00389500963502], [-0.000400951947086, -0.00119079498108, -0.00181322323624, -0.0016367235221, 0.000207426259294, -0.000752190535422, 0.00138865131885, 0.0007542707026, -0.00189034384675, 0.00417715264484, -0.00657404586673, 0.0198914632201, -0.00718204863369], [-0.000759943039156, -0.000187923753401, -0.00162921298761, -0.00020085585129, -0.00235386821441, 0.00287075177766, -0.00307466788217, -0.00555697828531, 0.00256756530143, -0.00127470155712, 0.00389500963502, -0.00718204863369, 0.0181024018675]]
    spectral_contrast:
        mean: [5.92844457969e-07, 5.85340593773e-08, -1.4287532224e-07, 4.80492815313e-07, -3.70091939317e-08, -4.53510580201e-07, 4.28631210525e-06, 7.40545920053e-06, 5.03895989823e-06, -4.20045626015e-06, 9.78463162937e-07, -2.10008897739e-06]
        var: [0.000551444420125, 0.000977902906016, 0.00129095802549, 0.00214796769433, 0.00291236280464, 0.00762963946909, 0.053214315325, 0.0950691401958, 0.172980800271, 0.495599359274, 0.573491454124, 1.78072202206]

rhythm:
    beats_loudness:
        dmean: 0.00453868694603
        dmean2: 0.00862724706531
        dvar: 8.44818350743e-06
        dvar2: 2.03278377739e-05
        max: 0.0151302888989
        mean: 0.00668515684083
        min: 0.00119376904331
        var: 1.88539997907e-05
    beats_loudness_bass:
        dmean: 0.265552818775
        dmean2: 0.517445266247
        dvar: 0.0314859822392
        dvar2: 0.0625566616654
        max: 0.682845294476
        mean: 0.259237796068
        min: 0.00984424725175
        var: 0.0378683917224
    bpm: 83.3392410278
    bpm_confidence: 0
    first_peak_bpm: 83
    first_peak_spread: 0.125000059605
    first_peak_weight: 0.466666668653
    onset_rate: 4.00850772858
    second_peak_bpm: 117
    second_peak_spread: 0
    second_peak_weight: 0.466666668653
    beats_position: [0.281958907843, 1.00190806389, 1.72185730934, 2.44180631638, 3.16175556183, 3.88170480728, 4.60165405273, 5.32160282135, 6.01918983459, 6.53316688538, 7.04714345932, 7.56112003326, 8.07509708405, 8.58907413483, 9.10305023193, 9.61702728271]
    bpm_estimates: [83.3913421631, 83.3090667725, 83.3447494507, 83.3430557251, 83.2959976196, 83.305809021, 83.320930481, 83.2670898438, 83.3195877075, 83.4046707153, 83.4293746948]
    bpm_intervals: [0.719949126244, 0.719949245453, 0.719949007034, 0.719949245453, 0.719949245453, 0.719949245453, 0.719948768616, 0.697587013245, 0.513977050781, 0.513976573944, 0.513976573944, 0.513977050781, 0.513977050781, 0.513976097107, 0.513977050781]
    onset_times: [0.0580498874187, 0.18575963378, 0.27863946557, 0.510838985443, 0.638548731804, 0.859138309956, 0.99845802784, 1.33514738083, 1.71827661991, 2.0549659729, 2.4497051239, 2.77478456497, 2.99537420273, 3.16952371597, 3.52943301201, 3.75002264977, 3.90095233917, 4.27247142792, 4.446621418, 4.62077093124, 4.86458063126, 4.95746040344, 5.34058952332, 5.68888902664, 5.93269824982, 6.03718805313, 6.33904743195, 6.5015873909, 6.68734693527, 7.0356464386, 7.27945566177, 7.4303855896, 7.69741487503, 8.2198638916, 8.35918331146, 8.53333377838, 9.17188167572, 9.26476192474, 9.63628101349, 9.94975090027]
    rubato_start: [6.53316688538]
    rubato_stop: [7.04714345932]
    perceptual_tempo: "unknown"

sfx:
    inharmonicity:
        dmean: 0.0342412777245
        dmean2: 0.0601162426174
        dvar: 0.00263692368753
        dvar2: 0.00728267384693
        max: 0.412743061781
        mean: 0.0335434451699
        min: 8.39078711579e-05
        var: 0.0023855837062
    oddtoevenharmonicenergyratio:
        dmean: 2.88653731346
        dmean2: 5.53006267548
        dvar: 183.383529663
        dvar2: 549.106323242
        max: 168.662811279
        mean: 1.74158871174
        min: 0.000127577513922
        var: 94.4945602417
    pitch_after_max_to_before_max_energy_ratio: 10.1288433075
    pitch_centroid: 191.168411255
    pitch_max_to_total: 0.0864485949278
    pitch_min_to_total: 0.621495306492
    tristimulus:
        dmean: [0.226581513882, 0.241582065821, 0.110427238047]
        dmean2: [0.39544942975, 0.425216794014, 0.192143410444]
        dvar: [0.0431088767946, 0.042701985687, 0.0167894158512]
        dvar2: [0.107132308185, 0.113049514592, 0.045234054327]
        max: [0.97288954258, 0.962006032467, 0.791554689407]
        mean: [0.49955406785, 0.358014047146, 0.107246235013]
        min: [0.000501063535921, 0, 0]
        var: [0.0764771997929, 0.0640106797218, 0.019578749314]

tonal:
    chords_changes_rate: 0.037209302187
    chords_number_rate: 0.0139534883201
    chords_strength:
        dmean: 0.00714446231723
        dmean2: 0.00717341294512
        dvar: 3.0373896152e-05
        dvar2: 3.77489886887e-05
        max: 0.70951873064
        mean: 0.581367850304
        min: 0.469364464283
        var: 0.00411856453866
    key_strength: 0.812441051006
    tuning_diatonic_strength: 0.643620491028
    tuning_equal_tempered_deviation: 0.0547224953771
    tuning_frequency: 441.272583008
    tuning_nontempered_energy_ratio: 0.687394380569
    hpcp:
        dmean: [0.118767410517, 0.0886988118291, 0.0498410463333, 0.0370324961841, 0.0380140580237, 0.0684135630727, 0.086494974792, 0.0922177284956, 0.0754585787654, 0.0582931302488, 0.0691770017147, 0.0869403108954, 0.105626888573, 0.084361590445, 0.0560964867473, 0.0626502409577, 0.0828630700707, 0.0973496958613, 0.116696678102, 0.19429589808, 0.269071251154, 0.258093714714, 0.239043608308, 0.149173572659, 0.0872299224138, 0.0850474834442, 0.102684505284, 0.0888123735785, 0.0672035589814, 0.0561517141759, 0.0787248983979, 0.0950320065022, 0.111398525536, 0.110860191286, 0.0866079479456, 0.0990312322974]
        dmean2: [0.167790487409, 0.13784198463, 0.0884885936975, 0.0671044439077, 0.0659944042563, 0.115305200219, 0.145528137684, 0.153281956911, 0.136154562235, 0.0972940027714, 0.117447458208, 0.146792650223, 0.17037139833, 0.148012265563, 0.101382315159, 0.113108597696, 0.150832310319, 0.176060542464, 0.209358647466, 0.344147473574, 0.482570141554, 0.440332621336, 0.400438815355, 0.26911047101, 0.155028373003, 0.150507003069, 0.173511520028, 0.137650936842, 0.117238014936, 0.102889247239, 0.146278232336, 0.160953953862, 0.189676851034, 0.172767832875, 0.140530362725, 0.158725917339]
        dvar: [0.028437351808, 0.0205881111324, 0.010289920494, 0.00599569827318, 0.00521939247847, 0.013737693429, 0.0266166608781, 0.0245672110468, 0.025707187131, 0.0137963676825, 0.0273515917361, 0.0211845654994, 0.0270230807364, 0.0230726767331, 0.0147230522707, 0.0175241604447, 0.0365323536098, 0.0364419519901, 0.0504884719849, 0.0662098303437, 0.0836234465241, 0.0730706527829, 0.0564888380468, 0.0369257777929, 0.0316801331937, 0.0285000689328, 0.034406568855, 0.0255037564784, 0.0149520989507, 0.0124711068347, 0.0294722598046, 0.03521130234, 0.0286261681467, 0.0278401114047, 0.0153354294598, 0.0165211278945]
        dvar2: [0.0564112700522, 0.0519667416811, 0.0275728739798, 0.0165039356798, 0.0142744462937, 0.0366341806948, 0.0617646351457, 0.0610557198524, 0.0681482851505, 0.0342397913337, 0.073528662324, 0.055629234761, 0.0598147548735, 0.0619012191892, 0.0424018651247, 0.0514673031867, 0.110029503703, 0.0998594909906, 0.139100968838, 0.180204972625, 0.199030667543, 0.182402178645, 0.136422216892, 0.0852611064911, 0.0817581340671, 0.070803694427, 0.0878884643316, 0.0557986609638, 0.0369188152254, 0.0354168377817, 0.0863783210516, 0.0916469916701, 0.0770919322968, 0.0630847215652, 0.0326445326209, 0.0436655580997]
        max: [1, 1, 0.623574316502, 0.531830489635, 0.577539265156, 0.892405569553, 1, 1, 1, 0.75158983469, 1, 1, 1, 1, 1, 0.960450828075, 1, 1, 1, 1, 1, 1, 1, 1, 1, 0.903849124908, 1, 1, 1, 0.687865912914, 1, 1, 1, 1, 1, 0.948732972145]
        mean: [0.251304775476, 0.152930080891, 0.0462573617697, 0.0353535190225, 0.0365925766528, 0.122382707894, 0.212497130036, 0.148901715875, 0.0676927268505, 0.056590270251, 0.0615927129984, 0.136006742716, 0.199004650116, 0.122041232884, 0.0529412552714, 0.0582474917173, 0.0627616867423, 0.0801303610206, 0.096176572144, 0.152982503176, 0.351439744234, 0.531704902649, 0.390724688768, 0.147652953863, 0.0749635100365, 0.0760006681085, 0.117475420237, 0.136121273041, 0.0854111611843, 0.0520241260529, 0.0597055070102, 0.0855520218611, 0.19628636539, 0.258732616901, 0.152522563934, 0.161995083094]
        min: [0.000755254877731, 0.000825360242743, 0.000610560295172, 0.000561573076993, 0.00131133792456, 0.00150939344894, 0.00185643730219, 0.00128288986161, 0.00058873888338, 0.000454298569821, 0.000473860593047, 0.000678988813888, 0.0012484859908, 0.00163183128461, 0.00129290053155, 0.000841211469378, 0.000745473545976, 0.000668626220431, 0.000975624367129, 0.00150191015564, 0.001192973461, 0.000645853811875, 0.00152785342652, 0.000982437399216, 0.000643343140837, 0.000839239160996, 0.00153082876932, 0.00154806324281, 0.00108384678606, 0.000898425700143, 0.00075567571912, 0.000831804587506, 0.00130520656239, 0.00138315605, 0.00179019954521, 0.00115592870861]
        var: [0.101154156029, 0.039493907243, 0.00760184740648, 0.00430748891085, 0.00415897276253, 0.0282625351101, 0.0897065997124, 0.042193505913, 0.0205852501094, 0.0126918163151, 0.0200852733105, 0.032472345978, 0.0751343742013, 0.0285957604647, 0.0109375845641, 0.0129217011854, 0.0235353894532, 0.0260642189533, 0.0352415665984, 0.0586028881371, 0.110127083957, 0.147349923849, 0.114464044571, 0.0463375225663, 0.0260966941714, 0.0249587763101, 0.0430160909891, 0.0588299371302, 0.0191283151507, 0.0104243308306, 0.0196299161762, 0.0335064716637, 0.067871235311, 0.113965049386, 0.0394029654562, 0.0350205749273]
    chords_histogram: [39.5348854065, 27.9069766998, 32.558139801, 0, 0, 0, 0, 0, 0, 0, 0, 0, 0, 0, 0, 0, 0, 0, 0, 0, 0, 0, 0, 0]
    thpcp: [1, 0.734852492809, 0.277697175741, 0.140987053514, 0.14293769002, 0.220941007137, 0.256009072065, 0.160636395216, 0.0978439822793, 0.112290680408, 0.160901322961, 0.36916410923, 0.486609429121, 0.28685566783, 0.304671049118, 0.472639560699, 0.287622094154, 0.0869981870055, 0.0664908662438, 0.0688212141395, 0.230170354247, 0.399652391672, 0.280045777559, 0.127312585711, 0.106431722641, 0.115840032697, 0.255793660879, 0.374276489019, 0.229528129101, 0.0995688661933, 0.109548531473, 0.118038572371, 0.150704577565, 0.180883362889, 0.287720680237, 0.660967648029]
    chords_key: "A"
    chords_scale: "major"
    key_key: "A"
    key_scale: "major"
    chords_progression: ["C#m", "C#m", "C#m", "C#m", "C#m", "C#m", "C#m", "C#m", "C#m", "C#m", "E", "E", "E", "E", "E", "E", "E", "E", "E", "E", "C#m", "C#m", "C#m", "C#m", "E", "E", "E", "E", "E", "E", "E", "E", "E", "E", "E", "E", "E", "E", "E", "E", "E", "E", "E", "E", "A", "A", "A", "A", "A", "A", "A", "A", "A", "A", "A", "A", "A", "A", "A", "A", "A", "A", "A", "A", "A", "A", "A", "A", "A", "A", "A", "A", "A", "A", "A", "A", "A", "A", "A", "A", "A", "A", "A", "A", "A", "A", "A", "A", "A", "A", "A", "A", "A", "A", "A", "A", "A", "A", "A", "A", "A", "A", "A", "A", "A", "A", "A", "A", "A", "A", "A", "A", "A", "A", "A", "A", "A", "A", "A", "A", "A", "A", "A", "A", "A", "A", "A", "A", "C#m", "C#m", "C#m", "C#m", "C#m", "C#m", "C#m", "C#m", "C#m", "C#m", "C#m", "C#m", "C#m", "C#m", "C#m", "C#m", "C#m", "C#m", "C#m", "C#m", "C#m", "C#m", "C#m", "C#m", "C#m", "C#m", "C#m", "C#m", "C#m", "C#m", "C#m", "C#m", "C#m", "C#m", "C#m", "C#m", "C#m", "C#m", "A", "C#m", "C#m", "C#m", "C#m", "C#m", "C#m", "C#m", "C#m", "E", "E", "E", "E", "E", "E", "E", "E", "E", "E", "E", "E", "E", "E", "E", "E", "E", "E", "E", "E", "E", "E", "E", "E", "E", "E", "E", "E", "E", "E", "E", "E", "E", "E", "E", "E", "E", "E", "E", "E"]
