
metadata:
    version:
        essentia: "1.2.2"
    audio_properties:
        analysis_sample_rate: 44100
        bitrate: 128
        channels: 2
        equal_loudness: 1
        length: 10.0048980713
        replay_gain: -8.86618423462
        downmix: "mix"
    tags:
        track: 20
        year: 0
        album: "Splitted by Mp3Splt v. 2.1"
        artist: "From 003.10 To 003.20"
        comment: "http://mp3splt.sf.net"
        genre: ""
        title: "03 She's Not Dead.mp3"

highlevel:
    ballroom:
        all:
            ChaChaCha: 0.0219058040529
            Jive: 0.10870039463
            Quickstep: 0.191072940826
            Rumba-American: 0.0134606510401
            Rumba-International: 0.168881714344
            Rumba-Misc: 0.102836698294
            Samba: 0.0832359269261
            Tango: 0.013934219256
            VienneseWaltz: 0.221929773688
            Waltz: 0.0740418806672
        probability: 0.221929773688
        value: "VienneseWaltz"
    culture:
        all:
            non_western: 2.07716652767e-06
            western: 0.999997913837
        probability: 0.999997913837
        value: "western"
    gender:
        all:
            female: 0.387470453978
            male: 0.612529575825
        probability: 0.612529575825
        value: "male"
    genre_dortmund:
        all:
            alternative: 0.28390955925
            blues: 0.0125746661797
            electronic: 0.0132288802415
            folkcountry: 0.176771044731
            funksoulrnb: 0.0278885122389
            jazz: 0.159069746733
            pop: 0.175635680556
            raphiphop: 0.00213017617352
            rock: 0.148791715503
        probability: 0.28390955925
        value: "alternative"
    genre_electronica:
        all:
            ambient: 0.571141064167
            dnb: 0.0881674364209
            house: 0.00505017163232
            techno: 0.00280776550062
            trance: 0.332833588123
        probability: 0.571141064167
        value: "ambient"
    genre_rosamerica:
        all:
            cla: 0.0561460144818
            dan: 0.0325612127781
            hip: 0.0153963966295
            jaz: 0.136984243989
            pop: 0.405059039593
            rhy: 0.0448900833726
            roc: 0.301915556192
            spe: 0.0070474226959
        probability: 0.405059039593
        value: "pop"
    genre_tzanetakis:
        all:
            blu: 0.01623746939
            cla: 0.0113599384204
            cou: 0.198200643063
            dis: 0.0181633103639
            hip: 0.0084848087281
            jaz: 0.13926230371
            met: 0.0207366403192
            pop: 0.347957313061
            reg: 0.0128126870841
            roc: 0.226784899831
        probability: 0.347957313061
        value: "pop"
    live_studio:
        all:
            live: 0.359626233578
            studio: 0.640373766422
        probability: 0.640373766422
        value: "studio"
    mood:
        all:
            Cluster1: 0.168059155345
            Cluster2: 0.248106956482
            Cluster3: 0.291211396456
            Cluster4: 0.0878754481673
            Cluster5: 0.204747051001
        probability: 0.291211396456
        value: "Cluster3"
    mood_acoustic:
        all:
            acoustic: 0.277521908283
            not_acoustic: 0.722478091717
        probability: 0.722478091717
        value: "not_acoustic"
    mood_aggressive:
        all:
            aggressive: 0.0834091156721
            not_aggressive: 0.916590869427
        probability: 0.916590869427
        value: "not_aggressive"
    mood_electronic:
        all:
            electronic: 0.279655367136
            not_electronic: 0.720344603062
        probability: 0.720344603062
        value: "not_electronic"
    mood_happy:
        all:
            happy: 0.678673505783
            not_happy: 0.321326494217
        probability: 0.678673505783
        value: "happy"
    mood_party:
        all:
            not_party: 0.806613028049
            party: 0.193386957049
        probability: 0.806613028049
        value: "not_party"
    mood_relaxed:
        all:
            not_relaxed: 0.259623497725
            relaxed: 0.740376472473
        probability: 0.740376472473
        value: "relaxed"
    mood_sad:
        all:
            not_sad: 0.00410211598501
            sad: 0.995897889137
        probability: 0.995897889137
        value: "sad"
    rhythm:
        all:
            fast: 0.279790192842
            medium: 0.55468249321
            slow: 0.165527328849
        probability: 0.55468249321
        value: "medium"
    speech_music:
        all:
            music: 4.98606539168e-07
            speech: 0.999999523163
        probability: 0.999999523163
        value: "speech"
    timbre:
        all:
            bright: 0.282204627991
            dark: 0.717795372009
        probability: 0.717795372009
        value: "dark"
    voice_instrumental:
        all:
            instrumental: 0.0590971261263
            voice: 0.940902888775
        probability: 0.940902888775
        value: "voice"

lowlevel:
    average_loudness: 0.978138566017
    barkbands_kurtosis:
        dmean: 1.34645593166
        dmean2: 2.17259573936
        dvar: 1.8919479847
        dvar2: 4.3460278511
        max: 12.2458667755
        mean: 1.47708439827
        min: -1.82367253304
        var: 6.44095134735
    barkbands_skewness:
        dmean: 0.379661738873
        dmean2: 0.598228275776
        dvar: 0.0912230834365
        dvar2: 0.189912974834
        max: 3.31020259857
        mean: 1.36076438427
        min: -1.1254324913
        var: 0.557271838188
    barkbands_spread:
        dmean: 4.94257831573
        dmean2: 7.7987446785
        dvar: 20.6114311218
        dvar2: 43.0673713684
        max: 59.0313682556
        mean: 23.8779373169
        min: 7.59553384781
        var: 99.6427154541
    dissonance:
        dmean: 0.0222761370242
        dmean2: 0.0386520400643
        dvar: 0.000382918893592
        dvar2: 0.00107645278331
        max: 0.498846948147
        mean: 0.448684185743
        min: 0.337887436152
        var: 0.000763642892707
    hfc:
        dmean: 1.37702298164
        dmean2: 2.03955626488
        dvar: 3.26654219627
        dvar2: 6.9286365509
        max: 31.5434913635
        mean: 5.36224508286
        min: 1.20221853256
        var: 12.6206283569
    pitch:
        dmean: 320.434082031
        dmean2: 613.545654297
        dvar: 870555.125
        dvar2: 2232588.75
        max: 4900
        mean: 602.791564941
        min: 64.9484558105
        var: 1180308.625
    pitch_instantaneous_confidence:
        dmean: 0.0862764045596
        dmean2: 0.134683936834
        dvar: 0.00407662661746
        dvar2: 0.0101892771199
        max: 0.786311924458
        mean: 0.472539126873
        min: 0.169521510601
        var: 0.0177893713117
    pitch_salience:
        dmean: 0.0518648475409
        dmean2: 0.0849321112037
        dvar: 0.00173424463719
        dvar2: 0.00412007747218
        max: 0.79920566082
        mean: 0.606919646263
        min: 0.419327288866
        var: 0.00612358702347
    silence_rate_20dB:
        dmean: 0
        dmean2: 0
        dvar: 0
        dvar2: 0
        max: 1
        mean: 1
        min: 1
        var: 0
    silence_rate_30dB:
        dmean: 0
        dmean2: 0
        dvar: 0
        dvar2: 0
        max: 1
        mean: 1
        min: 1
        var: 0
    silence_rate_60dB:
        dmean: 0.0976744219661
        dmean2: 0.193473190069
        dvar: 0.0881343185902
        dvar2: 0.184012919664
        max: 1
        mean: 0.18097448349
        min: 0
        var: 0.1482231915
    spectral_centroid:
        dmean: 185.756774902
        dmean2: 292.135375977
        dvar: 41504.6445312
        dvar2: 83329.9140625
        max: 3098.02124023
        mean: 1014.60894775
        min: 430.589996338
        var: 207895.921875
    spectral_complexity:
        dmean: 2.33644866943
        dmean2: 3.60421538353
        dvar: 6.91484212875
        dvar2: 14.4077596664
        max: 30
        mean: 10.7645683289
        min: 4
        var: 25.9795513153
    spectral_crest:
        dmean: 2.09617638588
        dmean2: 3.472666502
        dvar: 2.76537370682
        dvar2: 7.55188369751
        max: 17.7860584259
        mean: 9.18332767487
        min: 3.18256115913
        var: 8.24398231506
    spectral_decrease:
        dmean: 3.07374875552e-10
        dmean2: 4.86782558706e-10
        dvar: 7.0890328461e-20
        dvar2: 1.72077568573e-19
        max: -3.66832952903e-10
        mean: -1.26772303766e-09
        min: -3.28932059368e-09
        var: 3.02512150925e-19
    spectral_energy:
        dmean: 0.0012568354141
        dmean2: 0.00198043114506
        dvar: 1.1884575315e-06
        dvar2: 2.82889868686e-06
        max: 0.0133325820789
        mean: 0.00527105061337
        min: 0.00151105911937
        var: 5.12976339451e-06
    spectral_energyband_high:
        dmean: 0.000127024002722
        dmean2: 0.000189910861081
        dvar: 7.09089604811e-08
        dvar2: 1.74229228378e-07
        max: 0.00505549181253
        mean: 0.00027771765599
        min: 1.91881681531e-05
        var: 1.73662826342e-07
    spectral_energyband_low:
        dmean: 6.98333460605e-05
        dmean2: 0.000124944999698
        dvar: 1.59412198997e-08
        dvar2: 4.81292055099e-08
        max: 0.000926519045606
        mean: 0.000162105789059
        min: 3.66224162462e-06
        var: 1.65837974464e-08
    spectral_energyband_middle_high:
        dmean: 0.000406701816246
        dmean2: 0.00060859991936
        dvar: 2.15162657469e-07
        dvar2: 4.75665984823e-07
        max: 0.00563763920218
        mean: 0.00130986259319
        min: 0.000160265321028
        var: 9.40893471579e-07
    spectral_energyband_middle_low:
        dmean: 0.0010273437947
        dmean2: 0.00164414383471
        dvar: 8.36727735987e-07
        dvar2: 2.09281847674e-06
        max: 0.0102062178776
        mean: 0.00352136255242
        min: 0.000563307316042
        var: 3.26761914948e-06
    spectral_flatness_db:
        dmean: 0.0167209431529
        dmean2: 0.0262392051518
        dvar: 0.000155918853125
        dvar2: 0.000388075131923
        max: 0.236662507057
        mean: 0.168105170131
        min: 0.0558420941234
        var: 0.000622068648227
    spectral_flux:
        dmean: 0.00675063300878
        dmean2: 0.0109174996614
        dvar: 4.26260303357e-05
        dvar2: 9.88306637737e-05
        max: 0.077982865274
        mean: 0.0353727154434
        min: 0.0143410433084
        var: 0.000117204966955
    spectral_kurtosis:
        dmean: 0.854809761047
        dmean2: 1.38746905327
        dvar: 0.578644990921
        dvar2: 1.57134652138
        max: 8.26811122894
        mean: 3.24521565437
        min: -0.807161331177
        var: 2.02567768097
    spectral_rms:
        dmean: 0.000268080912065
        dmean2: 0.000424115045462
        dvar: 4.67833167761e-08
        dvar2: 1.07443909769e-07
        max: 0.00360657693818
        mean: 0.00221615866758
        min: 0.00121416803449
        var: 2.31126591643e-07
    spectral_rolloff:
        dmean: 607.960449219
        dmean2: 1016.14520264
        dvar: 492886.875
        dvar2: 996943.5625
        max: 5426.3671875
        mean: 1925.79138184
        min: 430.6640625
        var: 1594903.125
    spectral_skewness:
        dmean: 0.163463771343
        dmean2: 0.25250428915
        dvar: 0.0264164954424
        dvar2: 0.0622270107269
        max: 2.36558651924
        mean: 1.51720762253
        min: 0.470010697842
        var: 0.1068270877
    spectral_spread:
        dmean: 511358.6875
        dmean2: 738044.3125
        dvar: 735676006400
        dvar2: 970415865856
        max: 18857886
        mean: 5524190
        min: 3739655
        var: 1.83973904384e+12
    spectral_strongpeak:
        dmean: 0.28735691309
        dmean2: 0.497177869081
        dvar: 0.2069080621
        dvar2: 0.507218182087
        max: 5.0254907608
        mean: 0.605135679245
        min: 0.0233981627971
        var: 0.299293965101
    zerocrossingrate:
        dmean: 0.00826655607671
        dmean2: 0.00915727484971
        dvar: 5.63045869058e-05
        dvar2: 6.39281133772e-05
        max: 0.1669921875
        mean: 0.0671164765954
        min: 0.025390625
        var: 0.000565270020161
    barkbands:
        dmean: [1.00213114251e-07, 1.77881993295e-05, 5.83756991546e-05, 8.17992622615e-05, 0.000400291493861, 0.000359196070349, 0.000525829964317, 0.000134004527354, 0.000137227340019, 0.000249716511462, 4.13305970142e-05, 3.21686275129e-05, 2.99635976262e-05, 2.32460897678e-05, 2.23089682549e-05, 3.66221793229e-05, 5.94128941884e-05, 9.25721833482e-05, 8.01407004474e-05, 0.00011802809604, 5.2077757573e-05, 1.99365640583e-05, 2.87098987428e-06, 3.17741751132e-06, 2.53463372246e-06, 5.58108048665e-08, 3.91419252566e-09]
        dmean2: [1.37115648613e-07, 3.0695769965e-05, 0.000104328166344, 0.00013453802967, 0.000665556115564, 0.000558290805202, 0.000821652705781, 0.000216077183723, 0.00024099338043, 0.000398808595492, 6.71992529533e-05, 5.17378175573e-05, 4.61146373709e-05, 3.9007889427e-05, 3.51704511559e-05, 5.79407351324e-05, 9.48856104515e-05, 0.000142692719237, 0.000126347542391, 0.00018351644394, 8.10467172414e-05, 3.03771357721e-05, 4.36237996837e-06, 4.44020543e-06, 3.41926033798e-06, 8.71647642953e-08, 4.13388567821e-09]
        dvar: [8.13022812594e-14, 1.4290666428e-09, 9.71407132511e-09, 1.26219470431e-08, 1.60651865144e-07, 2.03836549417e-07, 4.39504674432e-07, 1.16480400436e-07, 1.13582729e-07, 1.6373400058e-07, 1.29826087658e-08, 2.70239808309e-09, 3.85880793985e-09, 2.34869124149e-09, 2.37960784411e-09, 5.10925701747e-09, 9.8689163508e-09, 1.71795129233e-08, 1.18197114318e-08, 5.40582298925e-08, 1.29937829385e-08, 8.49915138268e-10, 2.0221982075e-11, 1.02854419426e-10, 1.03178007804e-10, 1.63730045689e-14, 5.58775395678e-15]
        dvar2: [1.48958292532e-13, 3.88029119947e-09, 2.9924365208e-08, 3.29473657246e-08, 4.37886853888e-07, 4.19837789423e-07, 9.81205175776e-07, 3.43580353501e-07, 4.0127434886e-07, 3.88553985431e-07, 3.30868452636e-08, 6.40972652732e-09, 8.50559889187e-09, 6.5384910819e-09, 4.59110216511e-09, 1.32726079016e-08, 2.47834961442e-08, 4.54099016167e-08, 2.45433167123e-08, 1.23109430206e-07, 3.13270938079e-08, 1.84918957924e-09, 4.45420644812e-11, 2.20542334395e-10, 1.85630608107e-10, 3.53309165236e-14, 5.5859523177e-15]
        max: [2.15288673644e-06, 0.000370223075151, 0.000768081867136, 0.0011614006944, 0.00515465671197, 0.00597847253084, 0.00699669262394, 0.00471592508256, 0.00443543400615, 0.00331301381811, 0.00210689124651, 0.000625457556453, 0.00085768912686, 0.000690349435899, 0.00109336420428, 0.0010746314656, 0.0012329458259, 0.00216049700975, 0.00105124828406, 0.0038595427759, 0.00123688357417, 0.000407895015087, 4.50522347819e-05, 0.000117420437164, 0.000196304768906, 1.49970969687e-06, 1.55049553996e-06]
        mean: [9.70369029574e-08, 3.62929931725e-05, 0.000125720369397, 0.000166172845638, 0.000990792992525, 0.000874942285009, 0.000916593708098, 0.00024629352265, 0.000275230413536, 0.000452651554951, 6.8654124334e-05, 5.43469650438e-05, 4.48114587925e-05, 3.88342668884e-05, 3.8497379137e-05, 6.45855034236e-05, 0.000110703775135, 0.000197846675292, 0.00017115715309, 0.000250067358138, 9.36137585086e-05, 3.70604357158e-05, 6.34327670923e-06, 5.49006836081e-06, 4.16313059759e-06, 8.72194547696e-08, 3.9073011493e-09]
        min: [2.20395698219e-11, 6.71067084568e-07, 9.70760424934e-07, 1.75116122136e-06, 6.22157822363e-05, 1.38630293804e-05, 1.44032492244e-05, 3.73014904653e-06, 2.79696632788e-06, 5.09562278239e-06, 1.18512775771e-06, 3.01772774947e-06, 1.13315468298e-06, 1.51820120209e-06, 2.09981544685e-06, 4.5158476496e-06, 3.86277133657e-06, 7.85440806794e-06, 1.28370729726e-05, 1.52179309225e-05, 4.77875482829e-06, 2.87420380118e-06, 5.28774876329e-07, 2.53753398738e-07, 9.86078489973e-08, 3.65420604886e-09, 4.37140558127e-14]
        var: [9.92773503922e-14, 1.60612645406e-09, 1.33512392253e-08, 2.18572040467e-08, 5.68052882954e-07, 9.39588005622e-07, 1.110491894e-06, 1.59689491852e-07, 2.48580477091e-07, 4.32160334185e-07, 3.04829370634e-08, 5.27317345345e-09, 5.99141092295e-09, 2.26010099524e-09, 4.97460428406e-09, 8.05049182873e-09, 1.99493257469e-08, 5.88339332808e-08, 2.6741677317e-08, 1.45472810686e-07, 2.63149981805e-08, 2.25803176157e-09, 4.29014844483e-11, 1.72184516645e-10, 2.21317228433e-10, 2.31179380923e-14, 5.58894361455e-15]
    mfcc:
        mean: [-704.929931641, 116.216567993, -21.3947887421, 48.3477973938, -23.6160011292, -19.5954341888, -8.85151386261, -10.0147943497, -8.35016918182, -10.0569133759, -9.5782995224, -7.28162956238, -7.17453527451]
        cov: [[666.321105957, -255.01890564, -54.7903213501, -31.2676925659, -131.817062378, -62.262386322, 55.2536964417, 3.77138996124, 16.2701377869, 0.929296672344, 25.1773948669, 19.3646526337, -46.0926322937], [-255.01890564, 418.665008545, -119.843849182, -14.8542137146, 58.5763282776, -7.0858707428, -16.2142314911, 43.3209686279, -40.0075340271, 28.0297870636, -16.7473564148, -18.6582050323, 31.3953418732], [-54.7903213501, -119.843849182, 208.637359619, -13.9071378708, 12.5264072418, 17.7744998932, -16.4739131927, -48.0396270752, 19.5069084167, -24.9822463989, -0.367779523134, 14.434720993, 16.6314888], [-31.2676925659, -14.8542137146, -13.9071378708, 123.651184082, 34.4497489929, 11.4855194092, -22.9729137421, -3.07937574387, 12.9435319901, -0.593328356743, -8.25892448425, 3.94909906387, 3.71507906914], [-131.817062378, 58.5763282776, 12.5264072418, 34.4497489929, 149.338973999, 12.5510416031, -45.7382316589, -25.9167919159, 9.51448726654, -5.26126766205, -16.679107666, -7.47962331772, 19.0121612549], [-62.262386322, -7.0858707428, 17.7744998932, 11.4855194092, 12.5510416031, 96.4129867554, -10.0078802109, -12.1659612656, -6.74179315567, 2.13661384583, -14.087729454, -9.8150062561, 1.41602993011], [55.2536964417, -16.2142314911, -16.4739131927, -22.9729137421, -45.7382316589, -10.0078802109, 95.6015930176, 44.1590614319, -7.31371116638, 4.32595348358, 9.96135425568, -6.65535879135, -23.1304740906], [3.77138996124, 43.3209686279, -48.0396270752, -3.07937574387, -25.9167919159, -12.1659612656, 44.1590614319, 86.3357009888, 13.833735466, 10.8088674545, 3.47229385376, 2.43914532661, -12.2787723541], [16.2701377869, -40.0075340271, 19.5069084167, 12.9435319901, 9.51448726654, -6.74179315567, -7.31371116638, 13.833735466, 61.5126991272, 7.63962459564, -4.94629478455, 10.7311353683, 3.18208861351], [0.929296672344, 28.0297870636, -24.9822463989, -0.593328356743, -5.26126766205, 2.13661384583, 4.32595348358, 10.8088674545, 7.63962459564, 46.5851783752, 13.7537937164, 10.1219701767, 2.60399460793], [25.1773948669, -16.7473564148, -0.367779523134, -8.25892448425, -16.679107666, -14.087729454, 9.96135425568, 3.47229385376, -4.94629478455, 13.7537937164, 56.890083313, 36.894203186, 1.67802274227], [19.3646526337, -18.6582050323, 14.434720993, 3.94909906387, -7.47962331772, -9.8150062561, -6.65535879135, 2.43914532661, 10.7311353683, 10.1219701767, 36.894203186, 82.1596908569, 29.3052616119], [-46.0926322937, 31.3953418732, 16.6314888, 3.71507906914, 19.0121612549, 1.41602993011, -23.1304740906, -12.2787723541, 3.18208861351, 2.60399460793, 1.67802274227, 29.3052616119, 53.4491348267]]
        icov: [[0.00299040647224, 0.00205528922379, 0.00200869538821, 0.000737436639611, 0.00135512265842, 0.00152846937999, -0.000536223116796, 0.0010738914134, -0.00035357195884, -0.000354586634785, 0.000851861201227, -0.000944054394495, 0.00071659788955], [0.00205528922379, 0.00594337284565, 0.00294765108265, 0.00166984077077, -0.00112327386159, 0.00162629666738, 0.00122764077969, -0.00287879328243, 0.00370382633992, -0.00277233286761, 0.00176665221807, 0.000695678347256, -0.00304785836488], [0.00200869538821, 0.00294765108265, 0.00887865759432, 0.00211574858986, 0.000220547095523, -0.000396312534576, -0.00134900247212, 0.00399637268856, -0.00312779261731, 0.00306110596284, -5.43223613931e-05, -0.000915255164728, -0.00210202788003], [0.000737436639611, 0.00166984077077, 0.00211574858986, 0.00982148107141, -0.00188524101395, -0.000631440954749, 0.00169712898787, -0.000694828107953, -0.000939079851378, 7.36345755286e-05, 0.00142114853952, -0.0013718145201, 0.000336078606779], [0.00135512265842, -0.00112327386159, 0.000220547095523, -0.00188524101395, 0.0101669766009, 8.4451319708e-05, 0.00170665315818, 0.00294494768605, -0.00304715335369, 0.00133897038177, 0.000205625357921, 0.000841572822537, -0.000664466118906], [0.00152846937999, 0.00162629666738, -0.000396312534576, -0.000631440954749, 8.4451319708e-05, 0.0125486189499, 0.000448604580015, 0.000306340953102, 0.00305621931329, -0.00356639642268, 0.00405279034749, -0.000301400898024, 0.000461877236376], [-0.000536223116796, 0.00122764077969, -0.00134900247212, 0.00169712898787, 0.00170665315818, 0.000448604580015, 0.0181196592748, -0.0101440465078, 0.00483189243823, -0.00146211183164, -0.001559495111, 0.00176164449658, 0.00287700700574], [0.0010738914134, -0.00287879328243, 0.00399637268856, -0.000694828107953, 0.00294494768605, 0.000306340953102, -0.0101440465078, 0.0232531037182, -0.0099033229053, 0.00165090349037, 0.000652689894196, -0.00326988915913, 0.00359965185635], [-0.00035357195884, 0.00370382633992, -0.00312779261731, -0.000939079851378, -0.00304715335369, 0.00305621931329, 0.00483189243823, -0.0099033229053, 0.025665005669, -0.00810991320759, 0.00688893394545, -0.00304669234902, -0.000301755790133], [-0.000354586634785, -0.00277233286761, 0.00306110596284, 7.36345755286e-05, 0.00133897038177, -0.00356639642268, -0.00146211183164, 0.00165090349037, -0.00810991320759, 0.0287707317621, -0.00877110846341, 0.000273989193374, -0.00106396945193], [0.000851861201227, 0.00176665221807, -5.43223613931e-05, 0.00142114853952, 0.000205625357921, 0.00405279034749, -0.001559495111, 0.000652689894196, 0.00688893394545, -0.00877110846341, 0.032280202955, -0.0162494983524, 0.00682266242802], [-0.000944054394495, 0.000695678347256, -0.000915255164728, -0.0013718145201, 0.000841572822537, -0.000301400898024, 0.00176164449658, -0.00326988915913, -0.00304669234902, 0.000273989193374, -0.0162494983524, 0.0259545315057, -0.014675042592], [0.00071659788955, -0.00304785836488, -0.00210202788003, 0.000336078606779, -0.000664466118906, 0.000461877236376, 0.00287700700574, 0.00359965185635, -0.000301755790133, -0.00106396945193, 0.00682266242802, -0.014675042592, 0.0319461226463]]
    spectral_contrast:
        mean: [-1.20260011727e-07, -3.77936771656e-07, 2.68099341838e-07, 5.73295260153e-08, 4.76767695545e-07, -1.56305890453e-09, -2.22385074267e-06, -1.58811121764e-06, 3.90320110455e-06, 3.38259837918e-06, 2.64636287284e-06, -6.8329984515e-07]
        var: [0.000456142821349, 0.000739461800549, 0.00109653163236, 0.00214244867675, 0.00296204304323, 0.00574208563194, 0.0413137227297, 0.0774255916476, 0.100402541459, 0.175461575389, 0.273468375206, 0.346104234457]

rhythm:
    beats_loudness:
        dmean: 0.00199257908389
        dmean2: 0.00351162138395
        dvar: 3.04906689053e-06
        dvar2: 7.20234174878e-06
        max: 0.0105320168659
        mean: 0.00513151055202
        min: 0.00206562550738
        var: 3.99131067752e-06
    beats_loudness_bass:
        dmean: 0.0342294201255
        dmean2: 0.0547225549817
        dvar: 0.00057019921951
        dvar2: 0.00163564248942
        max: 0.159712344408
        mean: 0.0593051463366
        min: 0.014135684818
        var: 0.00137888512108
    bpm: 105.520759583
    bpm_confidence: 0
    first_peak_bpm: 106
    first_peak_spread: 0
    first_peak_weight: 0.5
    onset_rate: 4.49779701233
    second_peak_bpm: 143
    second_peak_spread: 0
    second_peak_weight: 0.449999988079
    beats_position: [0.0766647160053, 0.645302474499, 1.21394026279, 1.78257787228, 2.35121560097, 2.91985321045, 3.48849081993, 4.05712842941, 4.62576627731, 5.19440412521, 5.76304149628, 6.1135559082, 6.53265523911, 6.95175504684, 7.37085437775, 7.78995466232, 8.2090549469, 8.62815380096, 9.0472536087, 9.46635341644, 9.88545322418]
    bpm_estimates: [105.252738953, 106.721740723, 104.635787964, 105.472747803]
    bpm_intervals: [0.568637728691, 0.568637788296, 0.568637609482, 0.568637728691, 0.568637609482, 0.568637609482, 0.568637609482, 0.5686378479, 0.5686378479, 0.568637371063, 0.350514411926, 0.419099330902, 0.419099807739, 0.419099330902, 0.419100284576, 0.419100284576, 0.419098854065, 0.419099807739, 0.419099807739, 0.419099807739]
    onset_times: [0.0580498874187, 0.197369620204, 0.359909296036, 0.441179126501, 0.476009070873, 1.07972788811, 1.33514738083, 1.48607707024, 1.6137868166, 1.90403628349, 2.00852608681, 2.04335594177, 2.36843538284, 2.4497051239, 2.69351482391, 2.73995471001, 3.33206343651, 3.45977330208, 3.64553284645, 3.78485250473, 3.9125623703, 4.1099319458, 4.21442174911, 4.76009082794, 5.06195020676, 5.20126962662, 5.61922883987, 5.93269824982, 6.07201814651, 6.18811798096, 6.47836732864, 6.71056699753, 6.91954660416, 7.04725646973, 7.36072540283, 7.69741487503, 7.9644446373, 8.20825386047, 8.24308395386, 8.53333377838, 8.8119726181, 8.95129299164, 9.16027164459, 9.42730140686, 9.682721138]
    rubato_start: [6.53265523911]
    rubato_stop: [9.88545322418]
    perceptual_tempo: "unknown"

sfx:
    inharmonicity:
        dmean: 0.0320562832057
        dmean2: 0.0566539801657
        dvar: 0.00192555738613
        dvar2: 0.00532529968768
        max: 0.379689157009
        mean: 0.0349092371762
        min: 0.000261836743448
        var: 0.00183685717639
    oddtoevenharmonicenergyratio:
        dmean: 1.83725476265
        dmean2: 3.28729605675
        dvar: 17.0755615234
        dvar2: 50.6753768921
        max: 49.810634613
        mean: 1.66788995266
        min: 0.000133938418003
        var: 13.6643486023
    pitch_after_max_to_before_max_energy_ratio: 0.586742520332
    pitch_centroid: 236.869506836
    pitch_max_to_total: 0.944055914879
    pitch_min_to_total: 0.149184152484
    tristimulus:
        dmean: [0.173016518354, 0.182059496641, 0.0891264677048]
        dmean2: [0.293139189482, 0.31879222393, 0.153479382396]
        dvar: [0.0267515163869, 0.0254729967564, 0.00896948296577]
        dvar2: [0.0750027224422, 0.0713116675615, 0.0253134015948]
        max: [0.913803517818, 0.903650105, 0.668030142784]
        mean: [0.39442768693, 0.467280358076, 0.126505672932]
        min: [0.00233727297746, 0, 0]
        var: [0.0457146652043, 0.0439505726099, 0.0125432070345]

tonal:
    chords_changes_rate: 0.0324074067175
    chords_number_rate: 0.037037037313
    chords_strength:
        dmean: 0.00795880984515
        dmean2: 0.00675586005673
        dvar: 3.41266859323e-05
        dvar2: 3.91420398955e-05
        max: 0.701814830303
        mean: 0.520638644695
        min: 0.423632889986
        var: 0.00399116333574
    key_strength: 0.796325206757
    tuning_diatonic_strength: 0.63447368145
    tuning_equal_tempered_deviation: 0.109926871955
    tuning_frequency: 442.548919678
    tuning_nontempered_energy_ratio: 0.742741942406
    hpcp:
        dmean: [0.0497837811708, 0.0728442370892, 0.104779027402, 0.136799246073, 0.0967463627458, 0.0365399830043, 0.03349923715, 0.0442410185933, 0.0805714130402, 0.0994869694114, 0.112849712372, 0.130019277334, 0.113796941936, 0.0783175677061, 0.0522595085204, 0.0589808709919, 0.0602774135768, 0.0820878371596, 0.0951780006289, 0.0660456269979, 0.0656452402472, 0.0645480230451, 0.0645656213164, 0.0876915082335, 0.0976981520653, 0.069810256362, 0.0685049071908, 0.0572461411357, 0.052799589932, 0.0618652999401, 0.0976180136204, 0.165139555931, 0.201360195875, 0.178872391582, 0.153468310833, 0.103848196566]
        dmean2: [0.0832170024514, 0.123183168471, 0.173306450248, 0.221188023686, 0.166982650757, 0.060982581228, 0.0547853372991, 0.0744985789061, 0.130507811904, 0.158781260252, 0.189715534449, 0.21772608161, 0.19008718431, 0.125758722425, 0.0809504687786, 0.0992206782103, 0.0992025136948, 0.129419207573, 0.150992408395, 0.104401625693, 0.106371328235, 0.102007240057, 0.110765136778, 0.146776467562, 0.153953358531, 0.111394196749, 0.113938465714, 0.0977882221341, 0.0937246233225, 0.103998564184, 0.158521533012, 0.295963674784, 0.321659386158, 0.307535052299, 0.257188349962, 0.17527680099]
        dvar: [0.00913668889552, 0.0192359294742, 0.0203907191753, 0.0310893543065, 0.0173683948815, 0.0042586340569, 0.00634210975841, 0.00686016213149, 0.0184588991106, 0.0231422688812, 0.0277410950512, 0.0304914172739, 0.0336411595345, 0.0118359606713, 0.00848475191742, 0.0135026434436, 0.00983909983188, 0.0119195459411, 0.0234087128192, 0.00766251655295, 0.0136515107006, 0.0135683547705, 0.0178486276418, 0.0187737662345, 0.0190336853266, 0.0097707239911, 0.0151044111699, 0.0123614473268, 0.00977358780801, 0.0143305463716, 0.0335761681199, 0.0481193885207, 0.0459616035223, 0.0503536462784, 0.0449059046805, 0.0340640544891]
        dvar2: [0.0219580642879, 0.0468576364219, 0.0557303056121, 0.0688656941056, 0.0458646863699, 0.0108684664592, 0.0166351478547, 0.0156033299863, 0.0420657731593, 0.0515706054866, 0.0768209025264, 0.0720656588674, 0.0829625278711, 0.0303010419011, 0.0220131799579, 0.0352561883628, 0.0225433260202, 0.0219516549259, 0.0444852784276, 0.019810622558, 0.0339041501284, 0.034079387784, 0.0470687486231, 0.0468859449029, 0.0461954548955, 0.0196088608354, 0.0368960276246, 0.0319658517838, 0.0245840456337, 0.0371312387288, 0.0700779259205, 0.133969783783, 0.119593784213, 0.13193872571, 0.108461104333, 0.0916698873043]
        max: [0.910498201847, 1, 1, 1, 1, 0.708327293396, 1, 0.827891051769, 1, 1, 1, 1, 1, 1, 0.718045115471, 1, 1, 0.898478507996, 1, 0.801234900951, 1, 1, 0.969826698303, 1, 1, 1, 1, 1, 1, 0.905313134193, 1, 1, 1, 1, 1, 0.93020427227]
        mean: [0.0541384220123, 0.0976449772716, 0.252061486244, 0.292244762182, 0.137847676873, 0.0586091913283, 0.0535441413522, 0.0716827213764, 0.140280738473, 0.176758572459, 0.156255781651, 0.247598469257, 0.292190104723, 0.139741107821, 0.0781483277678, 0.116428464651, 0.0946635678411, 0.170922204852, 0.22965824604, 0.134331583977, 0.121368139982, 0.114183858037, 0.0836406126618, 0.140305116773, 0.158157661557, 0.115364253521, 0.136512577534, 0.145439788699, 0.0763928368688, 0.0710947811604, 0.15788795054, 0.213230967522, 0.301210641861, 0.356691747904, 0.232419833541, 0.0941059142351]
        min: [0.00165459816344, 0.00130402343348, 0.00323514570482, 0.00518942205235, 0.00380962737836, 0.00186748313718, 0.00165367417503, 0.00313710514456, 0.00238747731782, 0.00243002572097, 0.00303023098968, 0.00123047758825, 0.00153485767078, 0.00211254716851, 0.00225898227654, 0.00168285565451, 0.00189421034884, 0.00438822153956, 0.00182588596363, 0.000771822349634, 0.00095391337527, 0.00105191196781, 0.00220482586883, 0.00139199278783, 0.000992125482298, 0.00138627912384, 0.00184158270713, 0.00138266384602, 0.00166247703601, 0.00170659238938, 0.00101263960823, 0.00282201962546, 0.00828072894365, 0.00291320518591, 0.00234337802976, 0.00210149143822]
        var: [0.00916887167841, 0.0274321176112, 0.103179588914, 0.110548399389, 0.0250140298158, 0.00673183612525, 0.00863422546536, 0.0155914369971, 0.0549637973309, 0.0690985396504, 0.0502828285098, 0.0755017101765, 0.127255767584, 0.0312416814268, 0.0137726264074, 0.043720535934, 0.0205304604024, 0.0417280122638, 0.0863715261221, 0.0233738031238, 0.0463408716023, 0.0389449037611, 0.0210148207843, 0.0359148681164, 0.0424150265753, 0.0296237133443, 0.0498247481883, 0.0703777819872, 0.0185874737799, 0.014571945183, 0.0740383341908, 0.0823640152812, 0.0795256048441, 0.130382031202, 0.0807754322886, 0.0295468829572]
    chords_histogram: [29.1666660309, 7.87037038803, 18.5185184479, 0, 1.85185182095, 11.5740737915, 0, 0, 4.62962961197, 0, 7.40740728378, 0, 0, 0, 0, 0, 0, 0, 0, 0, 0, 18.9814815521, 0, 0]
    thpcp: [1, 0.651598572731, 0.263829797506, 0.151779294014, 0.273751705885, 0.706664741039, 0.819320201874, 0.386461645365, 0.164313286543, 0.150113210082, 0.200965464115, 0.393282830715, 0.495549947023, 0.438069522381, 0.694152474403, 0.819166958332, 0.391769945621, 0.219092056155, 0.326411992311, 0.265393197536, 0.479187428951, 0.643856346607, 0.376604139805, 0.340260565281, 0.320119142532, 0.234489902854, 0.39335116744, 0.443401515484, 0.323428422213, 0.382718622684, 0.407746434212, 0.214170455933, 0.199317142367, 0.44264537096, 0.597801804543, 0.84445643425]
    chords_key: "C#"
    chords_scale: "major"
    key_key: "C#"
    key_scale: "major"
    chords_progression: ["Gm", "Gm", "Gm", "Gm", "Gm", "Gm", "Gm", "Gm", "Gm", "Gm", "Gm", "Gm", "Gm", "Gm", "Gm", "Gm", "Gm", "Gm", "Gm", "Gm", "Gm", "Gm", "Gm", "Gm", "Gm", "C", "C", "C", "C", "C", "C", "C", "C", "C", "C", "C", "C", "C", "C", "C", "C", "C#", "C#", "C#", "C#", "C#", "C#", "C#", "C#", "C#", "C#", "C#", "C#", "C#", "C#", "C#", "C#", "C#", "C#", "C#", "C#", "C#", "C#", "C#", "C#", "C#", "C#", "C#", "C#", "C#", "C#", "C#", "C#", "C#", "C#", "C#", "C#", "C#", "C#", "C#", "C#", "C#", "C#", "C#", "C#", "C#", "C#", "C#", "C#", "C#", "C#", "C#", "C#", "C#", "C#", "C#", "C#", "C#", "C#", "C#", "C#", "C#", "C#", "C#", "G#", "G#", "G#", "G#", "G#", "G#", "G#", "G#", "G#", "G#", "G#", "G#", "G#", "G#", "G#", "G#", "G#", "G#", "G#", "G#", "G#", "G#", "G#", "G#", "G#", "G#", "G#", "G#", "G#", "G#", "G#", "G#", "G#", "G#", "G#", "G#", "G#", "G#", "G#", "G#", "D#", "D#", "D#", "D#", "D#m", "D#m", "D#m", "D#m", "D#m", "D#m", "D#m", "D#m", "D#m", "D#m", "D#m", "D#m", "D#m", "D#m", "D#m", "D#m", "D#m", "D#m", "D#m", "D#m", "D#m", "D#m", "D#m", "D#m", "D#m", "D#m", "D#m", "D#m", "D#m", "D#m", "D#m", "D#m", "D#m", "D#m", "D#m", "D#m", "D#m", "D#m", "D#m", "D#m", "D#m", "F", "F", "F", "F", "F", "F", "F", "F", "F", "F", "Fm", "Fm", "Fm", "Fm", "Fm", "Fm", "Fm", "Fm", "Fm", "Fm", "Fm", "Fm", "Fm", "Fm", "Fm", "Fm", "Fm"]
