
metadata:
    version:
        essentia: "1.2.2"
    audio_properties:
        analysis_sample_rate: 44100
        bitrate: 128
        channels: 2
        equal_loudness: 1
        length: 10.0048980713
        replay_gain: -12.782907486
        downmix: "mix"
    tags:
        track: 25
        year: 0
        album: "Splitted by Mp3Splt v. 2.1"
        artist: "From 004.00 To 004.10"
        comment: "http://mp3splt.sf.net"
        genre: ""
        title: "10 Baby Skin Tattoo.mp3"

highlevel:
    ballroom:
        all:
            ChaChaCha: 0.057419732213
            Jive: 0.806195020676
            Quickstep: 0.00688994815573
            Rumba-American: 0.000239241708186
            Rumba-International: 0.001620652969
            Rumba-Misc: 0.000675899675116
            Samba: 0.120589263737
            Tango: 0.000410492270021
            VienneseWaltz: 0.0052340826951
            Waltz: 0.000725682417396
        probability: 0.806195020676
        value: "Jive"
    culture:
        all:
            non_western: 0.148348525167
            western: 0.851651489735
        probability: 0.851651489735
        value: "western"
    gender:
        all:
            female: 0.126660749316
            male: 0.873339235783
        probability: 0.873339235783
        value: "male"
    genre_dortmund:
        all:
            alternative: 0.090737439692
            blues: 0.0294942334294
            electronic: 0.0115721775219
            folkcountry: 0.0179385412484
            funksoulrnb: 0.00620983121917
            jazz: 0.0321029350162
            pop: 0.0191700160503
            raphiphop: 0.00038517973735
            rock: 0.792389631271
        probability: 0.792389631271
        value: "rock"
    genre_electronica:
        all:
            ambient: 0.0646130368114
            dnb: 0.352013319731
            house: 0.00493467319757
            techno: 0.0141269750893
            trance: 0.564311981201
        probability: 0.564311981201
        value: "trance"
    genre_rosamerica:
        all:
            cla: 0.00537452986464
            dan: 0.0152895171195
            hip: 0.00239566783421
            jaz: 0.00223859027028
            pop: 0.00778186507523
            rhy: 0.00173591612838
            roc: 0.964668214321
            spe: 0.000515693100169
        probability: 0.964668214321
        value: "roc"
    genre_tzanetakis:
        all:
            blu: 0.0111858136952
            cla: 0.0140403648838
            cou: 0.104032739997
            dis: 0.0258222129196
            hip: 0.0121912602335
            jaz: 0.151752471924
            met: 0.397729039192
            pop: 0.0227892287076
            reg: 0.00726086553186
            roc: 0.253196001053
        probability: 0.397729039192
        value: "met"
    live_studio:
        all:
            live: 0.0441310964525
            studio: 0.955868899822
        probability: 0.955868899822
        value: "studio"
    mood:
        all:
            Cluster1: 0.653119921684
            Cluster2: 0.080131560564
            Cluster3: 0.0393402837217
            Cluster4: 0.054934874177
            Cluster5: 0.172473356128
        probability: 0.653119921684
        value: "Cluster1"
    mood_acoustic:
        all:
            acoustic: 0.00391330150887
            not_acoustic: 0.996086716652
        probability: 0.996086716652
        value: "not_acoustic"
    mood_aggressive:
        all:
            aggressive: 0.933006942272
            not_aggressive: 0.0669930577278
        probability: 0.933006942272
        value: "aggressive"
    mood_electronic:
        all:
            electronic: 0.40736758709
            not_electronic: 0.59263241291
        probability: 0.59263241291
        value: "not_electronic"
    mood_happy:
        all:
            happy: 0.552081882954
            not_happy: 0.447918146849
        probability: 0.552081882954
        value: "happy"
    mood_party:
        all:
            not_party: 0.434940874577
            party: 0.565059125423
        probability: 0.565059125423
        value: "party"
    mood_relaxed:
        all:
            not_relaxed: 0.928309321404
            relaxed: 0.0716907009482
        probability: 0.928309321404
        value: "not_relaxed"
    mood_sad:
        all:
            not_sad: 0.954864501953
            sad: 0.0451355092227
        probability: 0.954864501953
        value: "not_sad"
    rhythm:
        all:
            fast: 0.916424036026
            medium: 0.0350734107196
            slow: 0.048502523452
        probability: 0.916424036026
        value: "fast"
    speech_music:
        all:
            music: 0.999988675117
            speech: 1.13529276859e-05
        probability: 0.999988675117
        value: "music"
    timbre:
        all:
            bright: 0.713703393936
            dark: 0.286296635866
        probability: 0.713703393936
        value: "bright"
    voice_instrumental:
        all:
            instrumental: 0.862244784832
            voice: 0.137755215168
        probability: 0.862244784832
        value: "instrumental"

lowlevel:
    average_loudness: 0.982519865036
    barkbands_kurtosis:
        dmean: 0.344719409943
        dmean2: 0.594039082527
        dvar: 0.213474616408
        dvar2: 0.581542730331
        max: 1.5889749527
        mean: -1.33436727524
        min: -1.8075209856
        var: 0.239663556218
    barkbands_skewness:
        dmean: 0.38093072176
        dmean2: 0.620858848095
        dvar: 0.134696289897
        dvar2: 0.358349025249
        max: 1.76893973351
        mean: -0.167865365744
        min: -1.70458245277
        var: 0.274610936642
    barkbands_spread:
        dmean: 4.31159114838
        dmean2: 7.1941857338
        dvar: 16.4740371704
        dvar2: 44.816619873
        max: 59.2855606079
        mean: 41.9546775818
        min: 23.6776714325
        var: 38.2177886963
    dissonance:
        dmean: 0.0092836683616
        dmean2: 0.0156073961407
        dvar: 8.22823567432e-05
        dvar2: 0.000197205066797
        max: 0.498152762651
        mean: 0.479621917009
        min: 0.389662384987
        var: 0.000125717167975
    hfc:
        dmean: 2.69238400459
        dmean2: 4.37326574326
        dvar: 11.5674686432
        dvar2: 29.6428546906
        max: 33.8265914917
        mean: 9.97888278961
        min: 1.64793074131
        var: 19.9092769623
    pitch:
        dmean: 1253.59350586
        dmean2: 2416.82128906
        dvar: 1977551.375
        dvar2: 4291796.5
        max: 4009.09082031
        mean: 1683.97912598
        min: 74.1176452637
        var: 2379492
    pitch_instantaneous_confidence:
        dmean: 0.0771018564701
        dmean2: 0.131477147341
        dvar: 0.00406525796279
        dvar2: 0.010647890158
        max: 0.663016796112
        mean: 0.361885160208
        min: 0.164746940136
        var: 0.0077996137552
    pitch_salience:
        dmean: 0.0539957396686
        dmean2: 0.0906081199646
        dvar: 0.00258371676318
        dvar2: 0.00710578262806
        max: 0.79804456234
        mean: 0.602466762066
        min: 0.367112368345
        var: 0.00468007056043
    silence_rate_20dB:
        dmean: 0
        dmean2: 0
        dvar: 0
        dvar2: 0
        max: 1
        mean: 1
        min: 1
        var: 0
    silence_rate_30dB:
        dmean: 0
        dmean2: 0
        dvar: 0
        dvar2: 0
        max: 1
        mean: 1
        min: 1
        var: 0
    silence_rate_60dB:
        dmean: 0.0465116277337
        dmean2: 0.0932400897145
        dvar: 0.044348180294
        dvar2: 0.103194370866
        max: 1
        mean: 0.0603248253465
        min: 0
        var: 0.0566857941449
    spectral_centroid:
        dmean: 278.525146484
        dmean2: 454.144439697
        dvar: 68530.2109375
        dvar2: 179935.71875
        max: 3261.63232422
        mean: 1876.3137207
        min: 705.11340332
        var: 182515.796875
    spectral_complexity:
        dmean: 3.91355133057
        dmean2: 5.88524580002
        dvar: 13.4808216095
        dvar2: 30.6542377472
        max: 44
        mean: 18.2820510864
        min: 0
        var: 34.8971290588
    spectral_crest:
        dmean: 1.79969871044
        dmean2: 3.16465163231
        dvar: 4.29061985016
        dvar2: 11.6760158539
        max: 16.9268035889
        mean: 5.79349422455
        min: 2.81338763237
        var: 4.46748256683
    spectral_decrease:
        dmean: 3.58012064439e-10
        dmean2: 6.12236705777e-10
        dvar: 4.33492711254e-19
        dvar2: 1.1718329628e-18
        max: -1.67246452798e-10
        mean: -1.19638754459e-09
        min: -5.68483615737e-09
        var: 3.79730934522e-19
    spectral_energy:
        dmean: 0.00154660944827
        dmean2: 0.00263569620438
        dvar: 7.42208067095e-06
        dvar2: 1.98680136236e-05
        max: 0.0242640264332
        mean: 0.00542055536062
        min: 0.000780698086601
        var: 6.93686615705e-06
    spectral_energyband_high:
        dmean: 0.000209079880733
        dmean2: 0.000339881778928
        dvar: 7.73602195636e-08
        dvar2: 2.10999829164e-07
        max: 0.00321802403778
        mean: 0.000566270202398
        min: 5.94615157752e-05
        var: 1.62578388085e-07
    spectral_energyband_low:
        dmean: 0.000226107324124
        dmean2: 0.000395688402932
        dvar: 1.14110342508e-07
        dvar2: 3.26343354118e-07
        max: 0.00252990471199
        mean: 0.000506819749717
        min: 3.99304772145e-05
        var: 1.09948430804e-07
    spectral_energyband_middle_high:
        dmean: 0.000717368500773
        dmean2: 0.001124883187
        dvar: 6.62218894831e-07
        dvar2: 1.65019014275e-06
        max: 0.00878480449319
        mean: 0.00246605230495
        min: 0.000556232931558
        var: 1.25538576867e-06
    spectral_energyband_middle_low:
        dmean: 0.000941497215535
        dmean2: 0.00167683139443
        dvar: 4.69222413813e-06
        dvar2: 1.30933831315e-05
        max: 0.0161968208849
        mean: 0.00188133458141
        min: 0.000123284829897
        var: 3.34052265316e-06
    spectral_flatness_db:
        dmean: 0.0139832235873
        dmean2: 0.0225123222917
        dvar: 0.000166944751982
        dvar2: 0.000412447552662
        max: 0.210494115949
        mean: 0.136808633804
        min: 0.0739567801356
        var: 0.000329776928993
    spectral_flux:
        dmean: 0.00857459660619
        dmean2: 0.0130401682109
        dvar: 0.000139307259815
        dvar2: 0.00023590165074
        max: 0.125139191747
        mean: 0.0404399037361
        min: 0.0186700224876
        var: 0.000259555643424
    spectral_kurtosis:
        dmean: 0.71233433485
        dmean2: 1.20921051502
        dvar: 0.642720222473
        dvar2: 1.55353939533
        max: 11.2854480743
        mean: 2.1965277195
        min: -0.162150859833
        var: 1.16440856457
    spectral_rms:
        dmean: 0.000290595140541
        dmean2: 0.000481402210426
        dvar: 1.66158869774e-07
        dvar2: 4.22068580974e-07
        max: 0.00486541073769
        mean: 0.00225321087055
        min: 0.000872729462571
        var: 2.11389021842e-07
    spectral_rolloff:
        dmean: 300.156555176
        dmean2: 499.953369141
        dvar: 87373.6484375
        dvar2: 242145.28125
        max: 5490.96679688
        mean: 3562.765625
        min: 1658.05664062
        var: 262245.84375
    spectral_skewness:
        dmean: 0.126203238964
        dmean2: 0.202703744173
        dvar: 0.0155822113156
        dvar2: 0.0333283394575
        max: 2.44191718102
        mean: 1.03531599045
        min: 0.387213855982
        var: 0.0581495761871
    spectral_spread:
        dmean: 460743.46875
        dmean2: 698401.375
        dvar: 312046747648
        dvar2: 710423281664
        max: 8339629
        mean: 4721297
        min: 2980529.75
        var: 643493003264
    spectral_strongpeak:
        dmean: 0.587332546711
        dmean2: 1.09455192089
        dvar: 0.911114752293
        dvar2: 2.37610125542
        max: 4.94393444061
        mean: 0.594140231609
        min: 0.0406689569354
        var: 0.774719893932
    zerocrossingrate:
        dmean: 0.00734931742772
        dmean2: 0.00969930086285
        dvar: 4.78535293951e-05
        dvar2: 6.9195026299e-05
        max: 0.16357421875
        mean: 0.109780192375
        min: 0.052734375
        var: 0.000305683002807
    barkbands:
        dmean: [1.09854477159e-06, 6.14301970927e-05, 0.000191816900042, 0.000236552994465, 0.000678592419717, 0.000101967976661, 0.000118515687063, 6.04482193012e-05, 4.82804935018e-05, 2.46089839493e-05, 2.87174407276e-05, 2.79016239801e-05, 4.7908644774e-05, 4.43043973064e-05, 4.388974412e-05, 9.8254524346e-05, 0.000276919396129, 0.000320720049785, 0.000208282435779, 0.000182268966455, 0.000111771907541, 4.06499020755e-05, 7.96279073256e-06, 1.75164575467e-06, 1.6492206214e-06, 8.8308723889e-08, 3.62118834918e-10]
        dmean2: [1.57352997121e-06, 0.000106993502413, 0.000334288488375, 0.000425706151873, 0.00123015488498, 0.000181274022907, 0.000192479972611, 9.57902811933e-05, 7.3971634265e-05, 4.01604957005e-05, 4.52238200523e-05, 4.2786992708e-05, 7.32754051569e-05, 7.28247905499e-05, 6.99100637576e-05, 0.000156571739353, 0.000453286629636, 0.00051149178762, 0.000346819608239, 0.000307570531731, 0.000189842729014, 6.88420259394e-05, 1.3639347344e-05, 2.8562803891e-06, 2.64279128714e-06, 1.52185904767e-07, 6.31856733602e-10]
        dvar: [3.6729976699e-12, 1.18148673067e-08, 7.94632981638e-08, 1.2818371431e-07, 3.27419797941e-06, 3.06440846032e-08, 3.06778176196e-08, 7.18728276894e-09, 5.63338842241e-09, 1.63873670189e-09, 1.15879716933e-09, 1.17581855363e-09, 3.68045260934e-09, 4.37072911197e-09, 2.39344388753e-09, 1.99076986007e-08, 9.53214680521e-08, 1.28295241097e-07, 5.08682731493e-08, 6.467353586e-08, 2.19702958049e-08, 2.20357554426e-09, 8.56520687709e-11, 7.51890476963e-12, 1.88769833098e-11, 6.13740219128e-14, 6.09543344632e-19]
        dvar2: [7.55342056263e-12, 3.27385620835e-08, 2.28449337669e-07, 3.7529639485e-07, 9.16150929697e-06, 8.80841213302e-08, 8.18206160602e-08, 1.80397119465e-08, 1.10084643623e-08, 3.46911988025e-09, 2.61725019435e-09, 2.32870633887e-09, 7.64592655855e-09, 1.16552651974e-08, 5.84640202916e-09, 5.00957320071e-08, 2.38540707187e-07, 3.28272534489e-07, 1.36375405191e-07, 1.84622962252e-07, 5.82362886803e-08, 5.91320503673e-09, 2.34565672441e-10, 1.97634599658e-11, 5.02091354604e-11, 1.64207758719e-13, 1.26709159913e-18]
        max: [9.80750701274e-06, 0.000760156544857, 0.00222720671445, 0.00349690252915, 0.0129577526823, 0.00138952536508, 0.0020510093309, 0.000978783587925, 0.00155356083997, 0.000562259694561, 0.000337666453561, 0.000498562410939, 0.000827089126687, 0.00061294878833, 0.000639792531729, 0.00190100306645, 0.00312011875212, 0.00320812594146, 0.00192970375065, 0.00227889418602, 0.00202662916854, 0.000596856814809, 8.49150601425e-05, 2.53981306741e-05, 4.9485341151e-05, 2.63848210125e-06, 1.04992841088e-08]
        mean: [1.15346540497e-06, 7.13464978617e-05, 0.000434401183156, 0.000365383690223, 0.00081297068391, 0.000158351438586, 0.000291913136607, 0.000121362965729, 0.000117470837722, 5.35985345778e-05, 5.5895128753e-05, 6.51667578495e-05, 9.31057584239e-05, 7.7594864706e-05, 9.00457816897e-05, 0.000213756473386, 0.000511086080223, 0.000661646772642, 0.000458987487946, 0.000382929079933, 0.000253791542491, 0.000104752056359, 1.69786453625e-05, 4.50067045676e-06, 2.28948920267e-06, 7.9417695531e-08, 2.95043045551e-10]
        min: [6.87685908218e-10, 4.14971646023e-06, 8.78450555319e-06, 2.03156650969e-06, 4.35274087067e-05, 2.98392660625e-06, 2.31148442253e-06, 2.85322653326e-06, 7.64884930504e-07, 1.63092909133e-06, 2.27944610742e-06, 2.96886628348e-06, 3.1978113384e-06, 8.80286461324e-06, 6.48917284707e-06, 1.57531303557e-05, 6.12693911535e-05, 7.12527544238e-05, 7.25833233446e-05, 3.84876148019e-05, 2.9774282666e-05, 8.70122494234e-06, 1.30193734549e-06, 3.48540169171e-07, 9.88611716934e-08, 1.47721879173e-09, 1.72084677237e-13]
        var: [5.13901421417e-12, 1.1021316304e-08, 9.43952045418e-08, 1.12274399555e-07, 2.11280325857e-06, 4.28147757248e-08, 8.62406892566e-08, 1.60126045756e-08, 3.89825949298e-08, 7.65545138393e-09, 2.83063106288e-09, 5.08846387248e-09, 8.33682367585e-09, 5.05226260827e-09, 5.48835421554e-09, 4.17383922979e-08, 1.54870264168e-07, 2.05324099056e-07, 8.16369833956e-08, 9.35770430033e-08, 4.42507470666e-08, 7.90332865819e-09, 1.66386487921e-10, 9.48907879356e-12, 1.56889761599e-11, 4.41929851817e-14, 5.20590978196e-19]
    mfcc:
        mean: [-677.757263184, 89.8239746094, -42.799823761, 66.6758956909, -9.19555854797, -0.483121156693, -4.85012197495, -0.0799406915903, -4.19024372101, -9.68793964386, 0.71002048254, 0.612236618996, -4.48191213608]
        cov: [[363.295593262, -65.7158813477, -9.16876983643, -12.0691719055, -17.3984966278, -13.1686658859, -25.0121822357, -48.0337333679, -15.2490873337, -32.0049247742, -5.0197968483, -30.379070282, -23.6690750122], [-65.7158813477, 261.790039062, -92.6300048828, -11.7667331696, 21.3216972351, -49.6063194275, -5.23487377167, 3.16330099106, -0.777584314346, -8.5370798111, -15.4871616364, 2.70798015594, -37.1025657654], [-9.16876983643, -92.6300048828, 135.836273193, -2.34689950943, -5.62887430191, 13.158698082, 1.72131955624, 0.71373718977, -5.22359704971, 13.5062026978, 9.86893367767, -12.322974205, 13.3036165237], [-12.0691719055, -11.7667331696, -2.34689950943, 70.1463851929, -7.24951457977, 15.947514534, 2.24976873398, -4.84311103821, 2.43105387688, 10.1887493134, -0.0349620208144, 6.56423616409, 3.32037639618], [-17.3984966278, 21.3216972351, -5.62887430191, -7.24951457977, 74.4229736328, -3.83430314064, 14.5098237991, 1.25248360634, 2.83813786507, -6.3984375, 1.64709246159, 3.20241618156, 1.88970828056], [-13.1686658859, -49.6063194275, 13.158698082, 15.947514534, -3.83430314064, 83.9409790039, 4.02121448517, -3.1582942009, -17.3496570587, 1.64313471317, 5.34758758545, 7.84903860092, 14.5178527832], [-25.0121822357, -5.23487377167, 1.72131955624, 2.24976873398, 14.5098237991, 4.02121448517, 46.9319458008, 21.1105041504, 9.8923330307, 6.09813022614, 0.649695217609, 1.8858383894, 3.43354606628], [-48.0337333679, 3.16330099106, 0.71373718977, -4.84311103821, 1.25248360634, -3.1582942009, 21.1105041504, 66.357208252, 20.9252071381, 0.856164515018, -3.54667329788, -3.41440296173, -1.81151950359], [-15.2490873337, -0.777584314346, -5.22359704971, 2.43105387688, 2.83813786507, -17.3496570587, 9.8923330307, 20.9252071381, 59.9472389221, 22.8490600586, 5.49273777008, -3.87640547752, -4.05920600891], [-32.0049247742, -8.5370798111, 13.5062026978, 10.1887493134, -6.3984375, 1.64313471317, 6.09813022614, 0.856164515018, 22.8490600586, 53.853302002, 19.936050415, 0.674158990383, -1.14004731178], [-5.0197968483, -15.4871616364, 9.86893367767, -0.0349620208144, 1.64709246159, 5.34758758545, 0.649695217609, -3.54667329788, 5.49273777008, 19.936050415, 46.0443954468, 22.968421936, 10.9458885193], [-30.379070282, 2.70798015594, -12.322974205, 6.56423616409, 3.20241618156, 7.84903860092, 1.8858383894, -3.41440296173, -3.87640547752, 0.674158990383, 22.968421936, 59.0786819458, 30.4008369446], [-23.6690750122, -37.1025657654, 13.3036165237, 3.32037639618, 1.88970828056, 14.5178527832, 3.43354606628, -1.81151950359, -4.05920600891, -1.14004731178, 10.9458885193, 30.4008369446, 61.6598587036]]
        icov: [[0.00412928778678, 0.00178306200542, 0.00126141181681, 0.000360469712177, 0.000774652755354, 0.00108304945752, 0.000130552958581, 0.00306885293685, -0.000475620501675, 0.00326922768727, -0.0019343564054, 0.00217993254773, 0.00146831141319], [0.00178306200542, 0.00716012530029, 0.00416920054704, 0.000647136708722, -0.00146081345156, 0.00343488156796, 0.000991963897832, 0.000319727987517, 0.00193732243497, -0.000492417428177, 0.00107236159965, -0.00123655295465, 0.00378644745797], [0.00126141181681, 0.00416920054704, 0.0111737856641, 0.000785467040259, -0.000388299755286, 0.00134616950527, 0.000424914353061, -0.000256042665569, 0.00296722305939, -0.00217567197978, -0.0022635187488, 0.00431865826249, -0.00136877095792], [0.000360469712177, 0.000647136708722, 0.000785467040259, 0.0161392837763, 0.00131015805528, -0.00282543711364, -0.0009284853586, 0.00196636002511, -0.00104858318809, -0.0033421497792, 0.00330343167298, -0.0027966175694, 0.000885370536707], [0.000774652755354, -0.00146081345156, -0.000388299755286, 0.00131015805528, 0.0157430227846, -0.000154364490299, -0.00600781617686, 0.00284741027281, -0.00213431566954, 0.00439254101366, -0.00249331397936, 0.000872333301231, -0.000643133418635], [0.00108304945752, 0.00343488156796, 0.00134616950527, -0.00282543711364, -0.000154364490299, 0.0159308947623, -0.00111302826554, -0.000427759980084, 0.00599652761593, -0.0012107884977, -0.000917653786018, 0.000109060922114, -0.000870969670359], [0.000130552958581, 0.000991963897832, 0.000424914353061, -0.0009284853586, -0.00600781617686, -0.00111302826554, 0.0280386023223, -0.00871782749891, -0.000259234308032, -0.00405968446285, 0.00204668636434, -0.00113861740101, -0.000660015153699], [0.00306885293685, 0.000319727987517, -0.000256042665569, 0.00196636002511, 0.00284741027281, -0.000427759980084, -0.00871782749891, 0.0227183513343, -0.00819229893386, 0.00624019000679, -0.000578248756938, 0.00172498496249, 0.00131434609648], [-0.000475620501675, 0.00193732243497, 0.00296722305939, -0.00104858318809, -0.00213431566954, 0.00599652761593, -0.000259234308032, -0.00819229893386, 0.0262528229505, -0.0120712490752, 0.000307780428557, 0.00114419334568, -0.000286968017463], [0.00326922768727, -0.000492417428177, -0.00217567197978, -0.0033421497792, 0.00439254101366, -0.0012107884977, -0.00405968446285, 0.00624019000679, -0.0120712490752, 0.0332008972764, -0.0150800347328, 0.00579664995894, 0.00180610525422], [-0.0019343564054, 0.00107236159965, -0.0022635187488, 0.00330343167298, -0.00249331397936, -0.000917653786018, 0.00204668636434, -0.000578248756938, 0.000307780428557, -0.0150800347328, 0.0369329750538, -0.016852831468, 0.00186895870138], [0.00217993254773, -0.00123655295465, 0.00431865826249, -0.0027966175694, 0.000872333301231, 0.000109060922114, -0.00113861740101, 0.00172498496249, 0.00114419334568, 0.00579664995894, -0.016852831468, 0.0330167561769, -0.0137311788276], [0.00146831141319, 0.00378644745797, -0.00136877095792, 0.000885370536707, -0.000643133418635, -0.000870969670359, -0.000660015153699, 0.00131434609648, -0.000286968017463, 0.00180610525422, 0.00186895870138, -0.0137311788276, 0.026060609147]]
    spectral_contrast:
        mean: [-1.60647708469e-08, 2.88488564593e-07, 3.86301309163e-07, 1.69696093621e-07, 2.98231640272e-07, 3.26297225683e-07, -3.89166928016e-07, -5.69592566535e-06, 2.25497288397e-07, 1.05009769413e-06, -2.94341361951e-06, 3.23810218106e-06]
        var: [0.000492618244607, 0.000668616965413, 0.000741537078284, 0.00144088070374, 0.00217229872942, 0.00259084766731, 0.0301027558744, 0.0584887936711, 0.0871500521898, 0.152836456895, 0.166749224067, 0.39341172576]

rhythm:
    beats_loudness:
        dmean: 0.00264907861128
        dmean2: 0.0048464727588
        dvar: 1.93100277102e-06
        dvar2: 3.13720170197e-06
        max: 0.0100048594177
        mean: 0.0065870732069
        min: 0.00348172918893
        var: 4.65247376269e-06
    beats_loudness_bass:
        dmean: 0.092855013907
        dmean2: 0.16854429245
        dvar: 0.0125692542642
        dvar2: 0.0385687835515
        max: 0.409351676702
        mean: 0.120743691921
        min: 0.010134305805
        var: 0.00860677752644
    bpm: 85.4550933838
    bpm_confidence: 0
    first_peak_bpm: 85
    first_peak_spread: 0
    first_peak_weight: 0.5
    onset_rate: 3.39833545685
    second_peak_bpm: 114
    second_peak_spread: 0
    second_peak_weight: 0.4375
    beats_position: [0.119113750756, 0.821238219738, 1.52336275578, 2.22548723221, 2.92761158943, 3.62973594666, 4.3318605423, 5.0339846611, 5.73610925674, 6.14289331436, 6.66800308228, 7.19311189651, 7.71822214127, 8.24333190918, 8.76844120026, 9.29355144501, 9.81866073608]
    bpm_estimates: [85.3424377441, 85.5841598511, 85.639503479, 85.3305130005, 85.5076522827, 85.4710617065, 85.3103866577]
    bpm_intervals: [0.702124476433, 0.702124536037, 0.702124476433, 0.702124357224, 0.702124357224, 0.702124595642, 0.702124118805, 0.702124595642, 0.406784057617, 0.525109767914, 0.52510881424, 0.525110244751, 0.525109767914, 0.525109291077, 0.525110244751, 0.525109291077]
    onset_times: [0.0580498874187, 0.46439909935, 0.812698423862, 1.16099774837, 1.52090704441, 2.06657600403, 2.40326523781, 2.57741498947, 2.75156474113, 2.92571425438, 3.11147403717, 3.28562355042, 3.44816327095, 3.61070299149, 4.00544214249, 4.1679816246, 4.35374164581, 4.7020406723, 4.88780021667, 5.22448968887, 5.42185926437, 5.74693870544, 6.1068482399, 6.44353723526, 7.0356464386, 7.16335582733, 7.72063493729, 8.06893444061, 8.25469398499, 8.44045352936, 8.57977294922, 8.93968296051, 9.29959201813, 9.83365058899]
    rubato_start: [6.66800308228]
    rubato_stop: [9.81866073608]
    perceptual_tempo: "unknown"

sfx:
    inharmonicity:
        dmean: 0.0451198816299
        dmean2: 0.0797095671296
        dvar: 0.00210642511956
        dvar2: 0.00581122050062
        max: 0.320610105991
        mean: 0.0531248040497
        min: 0
        var: 0.00231707282364
    oddtoevenharmonicenergyratio:
        dmean: 2.61517071724
        dmean2: 5.06911849976
        dvar: 58.7808456421
        dvar2: 172.422317505
        max: 79.9002838135
        mean: 1.65362691879
        min: 0
        var: 31.4856548309
    pitch_after_max_to_before_max_energy_ratio: 1.71723556519
    pitch_centroid: 212.729766846
    pitch_max_to_total: 0.363636374474
    pitch_min_to_total: 0.615384638309
    tristimulus:
        dmean: [0.207412138581, 0.274260878563, 0.156854644418]
        dmean2: [0.372494190931, 0.490803867579, 0.278319060802]
        dvar: [0.0310098063201, 0.0516259856522, 0.0208905525506]
        dvar2: [0.0817169249058, 0.153168097138, 0.0584498383105]
        max: [1, 0.973170936108, 0.806654393673]
        mean: [0.337098687887, 0.413154989481, 0.168814584613]
        min: [0.0255762841552, 0, 0]
        var: [0.0436237566173, 0.0636171922088, 0.0254708565772]

tonal:
    chords_changes_rate: 0.050925925374
    chords_number_rate: 0.0185185186565
    chords_strength:
        dmean: 0.00891662016511
        dmean2: 0.00754337571561
        dvar: 4.80173948745e-05
        dvar2: 4.42797027063e-05
        max: 0.653915286064
        mean: 0.434611737728
        min: 0.268705904484
        var: 0.0105349961668
    key_strength: 0.69349360466
    tuning_diatonic_strength: 0.446540296078
    tuning_equal_tempered_deviation: 0.0674036517739
    tuning_frequency: 441.017791748
    tuning_nontempered_energy_ratio: 0.674760758877
    hpcp:
        dmean: [0.116611555219, 0.0937807559967, 0.0864215120673, 0.0851369276643, 0.0848182216287, 0.12035793066, 0.150900498033, 0.136011093855, 0.148860633373, 0.155046626925, 0.128270253539, 0.103247955441, 0.127040490508, 0.0876581668854, 0.0981887578964, 0.112285159528, 0.111606143415, 0.156856328249, 0.144930124283, 0.112382642925, 0.145541101694, 0.146161809564, 0.109457746148, 0.108250357211, 0.106869272888, 0.0899085178971, 0.137079969049, 0.187533661723, 0.170463308692, 0.181864753366, 0.14990209043, 0.122289001942, 0.131129637361, 0.151833504438, 0.130554914474, 0.127860784531]
        dmean2: [0.196163758636, 0.152238130569, 0.1484888345, 0.146423727274, 0.139660894871, 0.19364772737, 0.237880975008, 0.236695304513, 0.255967706442, 0.263127505779, 0.218086138368, 0.174964517355, 0.210129067302, 0.147624447942, 0.173027858138, 0.190728381276, 0.181259617209, 0.27096632123, 0.247739091516, 0.186936303973, 0.236419603229, 0.246118113399, 0.188880443573, 0.184031173587, 0.175411388278, 0.147827237844, 0.232968434691, 0.322831809521, 0.288141459227, 0.311779588461, 0.242469325662, 0.211083874106, 0.233669355512, 0.2723338902, 0.230036959052, 0.216043367982]
        dvar: [0.0294527933002, 0.0169625934213, 0.0149140357971, 0.018581956625, 0.0130204111338, 0.0152216255665, 0.0284949000925, 0.0272786635906, 0.0248958524317, 0.0459777526557, 0.0262855887413, 0.0258228462189, 0.0267952252179, 0.0140244336799, 0.0264608729631, 0.0257487110794, 0.0170329734683, 0.0283284690231, 0.0205229446292, 0.0214967038482, 0.0304175037891, 0.0346114784479, 0.0183021593839, 0.020415911451, 0.0157871637493, 0.0118142534047, 0.023771751672, 0.0375312641263, 0.0358978174627, 0.0374235361814, 0.0375349633396, 0.0181963462383, 0.0494392439723, 0.0578711517155, 0.033765912056, 0.025214754045]
        dvar2: [0.0709406360984, 0.043937202543, 0.0331242345273, 0.045214407146, 0.0362069010735, 0.034213591367, 0.0673709735274, 0.0785106942058, 0.0623900182545, 0.10390393436, 0.076179459691, 0.0614709481597, 0.0644499212503, 0.0358612127602, 0.0755577161908, 0.0582414157689, 0.0420502871275, 0.0815727040172, 0.0589202977717, 0.0623810142279, 0.0848102048039, 0.0797530561686, 0.0473254360259, 0.0496075078845, 0.0395833291113, 0.0292892754078, 0.058963291347, 0.0951638445258, 0.108510650694, 0.0998423919082, 0.0824152752757, 0.0488133020699, 0.13925601542, 0.158083811402, 0.0861656069756, 0.0591643378139]
        max: [1, 1, 0.967147469521, 1, 0.848591268063, 1, 1, 1, 1, 1, 0.986024022102, 1, 1, 1, 1, 1, 1, 1, 0.853875339031, 1, 1, 1, 0.894158065319, 1, 0.923358619213, 0.752127110958, 1, 1, 1, 1, 1, 0.95808583498, 1, 1, 1, 1]
        mean: [0.218663468957, 0.172814965248, 0.144505769014, 0.130618050694, 0.11698512733, 0.325163304806, 0.474556416273, 0.293532729149, 0.30382207036, 0.411820977926, 0.252398967743, 0.168134823442, 0.213552549481, 0.149448096752, 0.137935206294, 0.222335994244, 0.219370171428, 0.239762023091, 0.232213839889, 0.168486043811, 0.240484461188, 0.285196423531, 0.185782626271, 0.153400346637, 0.160225749016, 0.136147648096, 0.255798369646, 0.399421274662, 0.314723819494, 0.294964164495, 0.360780775547, 0.223576754332, 0.131780087948, 0.153521850705, 0.181660339236, 0.216894730926]
        min: [0.0141237545758, 0.0151903294027, 0.0147744221613, 0.0116238640621, 0.00546042481437, 0.0122127700597, 0.0203741136938, 0.0352215543389, 0.0165600664914, 0.0171109829098, 0.0139614269137, 0.0109706185758, 0.0140052428469, 0.00761026330292, 0.00722291041166, 0.00966307334602, 0.025097457692, 0.0128808906302, 0.00714954873547, 0.0135315610096, 0.00955431815237, 0.00471527082846, 0.00323376618326, 0.0041890675202, 0.00485457992181, 0.00540272286162, 0.0176984332502, 0.0349883176386, 0.0215414054692, 0.0110477525741, 0.00487290835008, 0.00655719544739, 0.00624347245321, 0.0041427356191, 0.0173819735646, 0.0162390097976]
        var: [0.0588590055704, 0.0268066376448, 0.0190639216453, 0.0214469302446, 0.0152682671323, 0.060056373477, 0.116187795997, 0.040180426091, 0.0544467903674, 0.140914276242, 0.0529059693217, 0.0284429658204, 0.0444870553911, 0.0215160753578, 0.0299641638994, 0.0686376169324, 0.0379272773862, 0.0391566194594, 0.0339358970523, 0.0258681420237, 0.0559642240405, 0.0865834206343, 0.0334791876376, 0.0300558656454, 0.024227714166, 0.0154344653711, 0.0386196859181, 0.0870883539319, 0.059345819056, 0.0627337396145, 0.121346600354, 0.0379739589989, 0.0352729894221, 0.0428713597357, 0.0377771519125, 0.044963400811]
    chords_histogram: [14.8148145676, 0, 43.5185203552, 0, 0, 0, 0, 0.462962955236, 0, 22.2222213745, 0, 0, 0, 0, 0, 0, 0.462962955236, 0, 0, 0.925925910473, 0, 0, 0, 17.5925922394]
    thpcp: [1, 0.618541300297, 0.640223264694, 0.867801964283, 0.531862914562, 0.354298919439, 0.450004547834, 0.314921677113, 0.290661334991, 0.468513309956, 0.462263643742, 0.505233943462, 0.489328205585, 0.355039030313, 0.506756305695, 0.600974738598, 0.391486912966, 0.323249965906, 0.337632656097, 0.28689455986, 0.539026260376, 0.841672897339, 0.66319578886, 0.62155765295, 0.760248422623, 0.471127867699, 0.277691096067, 0.323505997658, 0.38280031085, 0.457047313452, 0.460774451494, 0.364161044359, 0.304507046938, 0.275242418051, 0.246514692903, 0.685194194317]
    chords_key: "B"
    chords_scale: "minor"
    key_key: "E"
    key_scale: "minor"
    chords_progression: ["Em", "Em", "Em", "Em", "Em", "Em", "Em", "Em", "Em", "Em", "Em", "Em", "Em", "Em", "Em", "Em", "Em", "Em", "Em", "Em", "Em", "Em", "Em", "Em", "Em", "Em", "Em", "Em", "Em", "Em", "Em", "Em", "C", "C", "C", "C", "C", "C", "C", "C", "C", "C", "C", "C", "C", "C", "C", "C", "C", "C", "C", "C", "C", "C", "C", "C", "C", "C", "C", "C", "C", "C", "C", "C", "C", "C", "C", "C", "C", "C", "B", "B", "B", "B", "B", "B", "B", "B", "B", "B", "B", "B", "B", "B", "B", "B", "B", "B", "B", "B", "B", "B", "B", "B", "B", "B", "B", "B", "B", "B", "B", "B", "B", "B", "B", "B", "B", "B", "B", "B", "B", "B", "B", "B", "B", "B", "Bm", "Bm", "Bm", "Bm", "Bm", "Bm", "Bm", "Bm", "Bm", "Bm", "Bm", "Bm", "Bm", "Bm", "Bm", "Bm", "Bm", "Bm", "Bm", "Bm", "Bm", "Bm", "Bm", "Bm", "Bm", "Bm", "Bm", "Bm", "Bm", "Bm", "Bm", "Bm", "Bm", "Bm", "Bm", "Bm", "Bm", "Bm", "Bm", "Bm", "Bm", "Bm", "Bm", "Bm", "Cm", "Bm", "Bm", "Bm", "Bm", "Bm", "Bm", "Bm", "Bm", "Bm", "Bm", "Bm", "Bm", "Bm", "Bm", "Bm", "Bm", "Bm", "Bm", "Bm", "B", "B", "A#", "Bm", "A#", "Bm", "Bm", "Bm", "Bm", "Bm", "Bm", "Bm", "Bm", "Bm", "Bm", "Bm", "Bm", "Bm", "Bm", "Bm", "Bm", "Bm", "Bm", "Bm", "Bm", "Bm", "Bm", "Bm", "Bm", "Bm", "Bm", "Bm", "Bm", "Bm", "Bm", "E"]
