
metadata:
    version:
        essentia: "1.2.2"
    audio_properties:
        analysis_sample_rate: 44100
        bitrate: 128
        channels: 2
        equal_loudness: 1
        length: 10.0048980713
        replay_gain: -0.958608627319
        downmix: "mix"
    tags:
        track: 7
        year: 0
        album: "Splitted by Mp3Splt v. 2.1"
        artist: "From 001.00 To 001.10"
        comment: "http://mp3splt.sf.net"
        genre: ""
        title: "08 End.mp3"

highlevel:
    ballroom:
        all:
            ChaChaCha: 0.0208673626184
            Jive: 0.0403710007668
            Quickstep: 0.133150011301
            Rumba-American: 0.0166443623602
            Rumba-International: 0.352544277906
            Rumba-Misc: 0.0694697499275
            Samba: 0.0230758283287
            Tango: 0.0673129111528
            VienneseWaltz: 0.113453343511
            Waltz: 0.163111165166
        probability: 0.352544277906
        value: "Rumba-International"
    culture:
        all:
            non_western: 0.0600055865943
            western: 0.939994394779
        probability: 0.939994394779
        value: "western"
    gender:
        all:
            female: 0.158951029181
            male: 0.841048955917
        probability: 0.841048955917
        value: "male"
    genre_dortmund:
        all:
            alternative: 0.0754915326834
            blues: 0.0376933775842
            electronic: 0.00646863924339
            folkcountry: 0.345036149025
            funksoulrnb: 0.00653939135373
            jazz: 0.365427076817
            pop: 0.0583130829036
            raphiphop: 0.00135501159821
            rock: 0.103675737977
        probability: 0.365427076817
        value: "jazz"
    genre_electronica:
        all:
            ambient: 0.854622066021
            dnb: 0.0294760242105
            house: 0.0190997216851
            techno: 0.00468554347754
            trance: 0.0921166241169
        probability: 0.854622066021
        value: "ambient"
    genre_rosamerica:
        all:
            cla: 0.0868010297418
            dan: 0.0252052955329
            hip: 0.0150448568165
            jaz: 0.353793770075
            pop: 0.241756647825
            rhy: 0.091116912663
            roc: 0.175338178873
            spe: 0.0109433168545
        probability: 0.353793770075
        value: "jaz"
    genre_tzanetakis:
        all:
            blu: 0.0112382974476
            cla: 0.0254987161607
            cou: 0.25867292285
            dis: 0.019655732438
            hip: 0.00391784356907
            jaz: 0.23210953176
            met: 0.00703843962401
            pop: 0.112427003682
            reg: 0.0992188230157
            roc: 0.230222687125
        probability: 0.25867292285
        value: "cou"
    live_studio:
        all:
            live: 0.0566503219306
            studio: 0.943349659443
        probability: 0.943349659443
        value: "studio"
    mood:
        all:
            Cluster1: 0.314237087965
            Cluster2: 0.142478570342
            Cluster3: 0.441792994738
            Cluster4: 0.0544340759516
            Cluster5: 0.047057274729
        probability: 0.441792994738
        value: "Cluster3"
    mood_acoustic:
        all:
            acoustic: 0.904392302036
            not_acoustic: 0.095607675612
        probability: 0.904392302036
        value: "acoustic"
    mood_aggressive:
        all:
            aggressive: 0.00272804801352
            not_aggressive: 0.997271955013
        probability: 0.997271955013
        value: "not_aggressive"
    mood_electronic:
        all:
            electronic: 0.0448983237147
            not_electronic: 0.955101668835
        probability: 0.955101668835
        value: "not_electronic"
    mood_happy:
        all:
            happy: 0.406204015017
            not_happy: 0.593795955181
        probability: 0.593795955181
        value: "not_happy"
    mood_party:
        all:
            not_party: 0.947506606579
            party: 0.0524934083223
        probability: 0.947506606579
        value: "not_party"
    mood_relaxed:
        all:
            not_relaxed: 0.0680999010801
            relaxed: 0.931900084019
        probability: 0.931900084019
        value: "relaxed"
    mood_sad:
        all:
            not_sad: 0.113117516041
            sad: 0.886882483959
        probability: 0.886882483959
        value: "sad"
    rhythm:
        all:
            fast: 0.0910932421684
            medium: 0.0757594406605
            slow: 0.833147287369
        probability: 0.833147287369
        value: "slow"
    speech_music:
        all:
            music: 0.999295592308
            speech: 0.000704401929397
        probability: 0.999295592308
        value: "music"
    timbre:
        all:
            bright: 0.171277359128
            dark: 0.828722655773
        probability: 0.828722655773
        value: "dark"
    voice_instrumental:
        all:
            instrumental: 0.37340053916
            voice: 0.626599490643
        probability: 0.626599490643
        value: "voice"

lowlevel:
    average_loudness: 0.865258455276
    barkbands_kurtosis:
        dmean: 1.70705008507
        dmean2: 2.52913403511
        dvar: 16.015668869
        dvar2: 30.3918647766
        max: 79.8207397461
        mean: 3.33193540573
        min: -1.80468535423
        var: 61.5761528015
    barkbands_skewness:
        dmean: 0.345760643482
        dmean2: 0.486523598433
        dvar: 0.350150823593
        dvar2: 0.629475653172
        max: 8.06698894501
        mean: 1.32709419727
        min: -4.00671863556
        var: 1.88824677467
    barkbands_spread:
        dmean: 3.35280632973
        dmean2: 4.90841007233
        dvar: 21.2863883972
        dvar2: 40.9023857117
        max: 70.3545532227
        mean: 22.2737197876
        min: 2.02837729454
        var: 118.524528503
    dissonance:
        dmean: 0.0188854094595
        dmean2: 0.0314028151333
        dvar: 0.000468394340714
        dvar2: 0.00113055098336
        max: 0.494854837656
        mean: 0.432950645685
        min: 0.208114162087
        var: 0.00107405148447
    hfc:
        dmean: 0.881953537464
        dmean2: 1.12498235703
        dvar: 6.79184961319
        dvar2: 11.1927146912
        max: 46.4319152832
        mean: 3.30175280571
        min: 0.107677303255
        var: 18.0276355743
    pitch:
        dmean: 171.942825317
        dmean2: 330.239746094
        dvar: 431448.3125
        dvar2: 1123161.375
        max: 3675
        mean: 366.556274414
        min: 88.5542144775
        var: 497118.125
    pitch_instantaneous_confidence:
        dmean: 0.0527674369514
        dmean2: 0.0797258540988
        dvar: 0.00386597565375
        dvar2: 0.0081573817879
        max: 0.905451416969
        mean: 0.585851252079
        min: 0.200222194195
        var: 0.021695850417
    pitch_salience:
        dmean: 0.0434182882309
        dmean2: 0.0633349344134
        dvar: 0.00277255172841
        dvar2: 0.00556664355099
        max: 0.836661696434
        mean: 0.563764929771
        min: 0.238838255405
        var: 0.0148272262886
    silence_rate_20dB:
        dmean: 0
        dmean2: 0
        dvar: 0
        dvar2: 0
        max: 1
        mean: 1
        min: 1
        var: 0
    silence_rate_30dB:
        dmean: 0
        dmean2: 0
        dvar: 0
        dvar2: 0
        max: 1
        mean: 1
        min: 1
        var: 0
    silence_rate_60dB:
        dmean: 0.0697674453259
        dmean2: 0.139860138297
        dvar: 0.0648999661207
        dvar2: 0.148272097111
        max: 1
        mean: 0.540603220463
        min: 0
        var: 0.248350739479
    spectral_centroid:
        dmean: 128.118179321
        dmean2: 183.263290405
        dvar: 72917.125
        dvar2: 140454.75
        max: 3053.28540039
        mean: 950.657714844
        min: 277.334686279
        var: 336800.53125
    spectral_complexity:
        dmean: 1.38551402092
        dmean2: 2.29274010658
        dvar: 3.82569146156
        dvar2: 8.62857627869
        max: 28
        mean: 8.36363601685
        min: 1
        var: 41.2243728638
    spectral_crest:
        dmean: 1.47430753708
        dmean2: 2.19540929794
        dvar: 2.99122810364
        dvar2: 6.88453006744
        max: 24.4438972473
        mean: 10.6776180267
        min: 2.56992697716
        var: 21.6863803864
    spectral_decrease:
        dmean: 1.46547440849e-10
        dmean2: 2.04745095878e-10
        dvar: 5.28738888176e-20
        dvar2: 9.98407063975e-20
        max: -4.1080486235e-11
        mean: -8.09255717993e-10
        min: -3.24099591609e-09
        var: 4.57253862091e-19
    spectral_energy:
        dmean: 0.000619387428742
        dmean2: 0.000857835635543
        dvar: 1.07163202756e-06
        dvar2: 2.02036449082e-06
        max: 0.0152071816847
        mean: 0.00335379410535
        min: 0.000167955877259
        var: 7.7856993812e-06
    spectral_energyband_high:
        dmean: 2.65745165962e-05
        dmean2: 3.86094070564e-05
        dvar: 2.98519631237e-09
        dvar2: 5.74177194679e-09
        max: 0.000731812673621
        mean: 7.63920907048e-05
        min: 1.99345004148e-06
        var: 9.98147342557e-09
    spectral_energyband_low:
        dmean: 2.50543089351e-05
        dmean2: 3.55365373252e-05
        dvar: 1.05177655474e-09
        dvar2: 1.82938653115e-09
        max: 0.000889856484719
        mean: 0.000274099205853
        min: 3.11849157697e-06
        var: 5.50997292237e-08
    spectral_energyband_middle_high:
        dmean: 0.000285288813757
        dmean2: 0.000382262165658
        dvar: 6.59433339933e-07
        dvar2: 1.15609736895e-06
        max: 0.0138731757179
        mean: 0.00090149830794
        min: 1.77547753992e-05
        var: 1.72225736605e-06
    spectral_energyband_middle_low:
        dmean: 0.000437433103798
        dmean2: 0.000605478242505
        dvar: 4.95903918818e-07
        dvar2: 8.14881104816e-07
        max: 0.0114743541926
        mean: 0.00210180412978
        min: 4.64476215711e-05
        var: 4.8122701628e-06
    spectral_flatness_db:
        dmean: 0.0138494325802
        dmean2: 0.0213981512934
        dvar: 0.000204085095902
        dvar2: 0.000402720383136
        max: 0.324874162674
        mean: 0.186436966062
        min: 0.101791404188
        var: 0.00153376965318
    spectral_flux:
        dmean: 0.00483690854162
        dmean2: 0.00785823538899
        dvar: 5.85536254221e-05
        dvar2: 0.00012289803999
        max: 0.0788921117783
        mean: 0.0186663493514
        min: 0.00281669269316
        var: 0.000192317020264
    spectral_kurtosis:
        dmean: 1.19679415226
        dmean2: 2.06775474548
        dvar: 1.4712446928
        dvar2: 3.7957868576
        max: 13.5120792389
        mean: 4.748919487
        min: -0.841462373734
        var: 4.81249666214
    spectral_rms:
        dmean: 0.000150105304783
        dmean2: 0.000204963085707
        dvar: 4.84715982907e-08
        dvar2: 7.88735761148e-08
        max: 0.00385178858414
        mean: 0.0016356704291
        min: 0.000404795486247
        var: 5.96577706347e-07
    spectral_rolloff:
        dmean: 330.99710083
        dmean2: 557.240661621
        dvar: 292438.40625
        dvar2: 558356.8125
        max: 5404.83398438
        mean: 1688.4753418
        min: 258.3984375
        var: 1335243.375
    spectral_skewness:
        dmean: 0.158890113235
        dmean2: 0.257155746222
        dvar: 0.0236365702003
        dvar2: 0.047645945102
        max: 3.13883423805
        mean: 1.75221991539
        min: 0.499237477779
        var: 0.172729283571
    spectral_spread:
        dmean: 531237
        dmean2: 766255.1875
        dvar: 783817113600
        dvar2: 1.32636147712e+12
        max: 15163351
        mean: 5209676.5
        min: 2646463.5
        var: 3.03562647142e+12
    spectral_strongpeak:
        dmean: 0.221542522311
        dmean2: 0.369406253099
        dvar: 0.331292420626
        dvar2: 0.884950459003
        max: 6.02915620804
        mean: 0.531358718872
        min: 0.0215354207903
        var: 0.490530908108
    zerocrossingrate:
        dmean: 0.00656783906743
        dmean2: 0.00738025084138
        dvar: 7.63763746363e-05
        dvar2: 7.80926129664e-05
        max: 0.169921875
        mean: 0.0550790354609
        min: 0.0126953125
        var: 0.000681013276335
    barkbands:
        dmean: [2.39907880228e-08, 4.78397123516e-06, 2.18263685383e-05, 4.51377081845e-06, 0.000309472641675, 4.45722762379e-05, 0.000111697001557, 0.000128935906105, 2.09687805182e-05, 2.01574748644e-05, 3.60675912816e-05, 1.77823294507e-05, 1.37541483127e-05, 1.01677514976e-05, 2.45422161242e-05, 4.04104102927e-05, 7.65071381466e-05, 0.000117377523566, 7.15478745406e-05, 3.09219176415e-05, 1.11721456051e-05, 2.4674100132e-06, 7.98284816028e-07, 8.29733153296e-07, 7.6499941315e-07, 3.08299696883e-08, 5.79455761152e-10]
        dmean2: [3.74417190585e-08, 7.69232156017e-06, 3.07192021864e-05, 7.30863894205e-06, 0.000469945080113, 6.19480997557e-05, 0.000131851978949, 0.000165036006365, 3.27743728121e-05, 2.76309292531e-05, 5.77122154937e-05, 2.35776624322e-05, 2.1463010853e-05, 1.38387886182e-05, 3.27764792019e-05, 5.82154752919e-05, 0.000115310038382, 0.000163621400134, 9.38789671636e-05, 4.88659061375e-05, 1.79373328137e-05, 3.64305219591e-06, 1.135242087e-06, 1.21862444757e-06, 1.09675193016e-06, 4.20980832416e-08, 7.05811575852e-10]
        dvar: [1.61603298424e-14, 2.757864076e-11, 8.51262615953e-10, 4.36402025628e-11, 3.23822888504e-07, 6.60713839196e-09, 8.06968571965e-08, 9.0898488736e-08, 4.80091388866e-09, 8.20073176033e-10, 1.77958963121e-08, 3.92614962763e-09, 9.78278125174e-10, 3.19804294158e-10, 1.87662352324e-09, 1.31545201398e-08, 5.45885789904e-08, 2.63418797886e-07, 7.16853918448e-08, 3.74858277752e-09, 9.09037844998e-10, 2.25868022202e-11, 1.7548688197e-12, 5.00170608056e-12, 4.08165992324e-12, 9.76488550122e-15, 7.76005992079e-17]
        dvar2: [2.14959004915e-14, 7.21395651548e-11, 1.47527934313e-09, 1.02549302383e-10, 6.20750483904e-07, 1.38438327468e-08, 8.81103972006e-08, 1.76191903734e-07, 1.26008981027e-08, 1.57519852717e-09, 4.55872317673e-08, 8.29988788809e-09, 2.58845567203e-09, 6.80113798612e-10, 3.5862113279e-09, 2.83514172139e-08, 1.18033916863e-07, 5.16608281487e-07, 1.19351398098e-07, 8.57071569271e-09, 2.00294558717e-09, 4.8841083955e-11, 3.28044514296e-12, 1.09669339582e-11, 7.38162135583e-12, 1.77173119248e-14, 7.75584857886e-17]
        max: [2.36392270381e-06, 0.000135107984534, 0.000754744745791, 8.46520415507e-05, 0.00776492571458, 0.00122177542653, 0.00822988897562, 0.00491625722498, 0.00148139055818, 0.000377269752789, 0.00265115266666, 0.0012349691242, 0.000359975878382, 0.00023617532861, 0.000641668331809, 0.00215096445754, 0.00468001561239, 0.00871071219444, 0.00441046524793, 0.000842965207994, 0.000353158829967, 6.04291562922e-05, 1.38778013934e-05, 3.33040479745e-05, 2.19264402403e-05, 1.8894124878e-06, 1.82804242854e-07]
        mean: [2.61208370489e-08, 4.06597682741e-05, 0.00023341702763, 1.17088857223e-05, 0.00118657073472, 0.000151785556227, 0.000353191629983, 0.000322702428093, 5.23660091858e-05, 6.70399531373e-05, 7.03528421582e-05, 3.97132062062e-05, 2.82175733446e-05, 2.42734568019e-05, 7.18035298632e-05, 8.53750098031e-05, 0.000163646342116, 0.000178510410478, 0.000147320068209, 8.846851415e-05, 2.61825080088e-05, 5.85673706155e-06, 1.79949529411e-06, 1.39106327879e-06, 1.37106542297e-06, 4.69571261874e-08, 5.63397106745e-10]
        min: [5.14569220567e-11, 4.97903897667e-07, 1.29312047648e-06, 7.39232888236e-08, 5.56406746455e-07, 3.33456523549e-06, 8.90512069418e-07, 5.24186543771e-06, 8.30761678117e-07, 3.01060225638e-07, 7.19530532933e-08, 5.34089146242e-08, 4.07382714229e-08, 2.6676792686e-07, 1.96879838654e-07, 4.18403516278e-07, 2.96828119417e-07, 1.1879816384e-06, 2.14728606807e-06, 2.24830091611e-06, 7.14672751201e-07, 3.0232004633e-07, 7.05562257508e-08, 1.67171823051e-08, 1.15808020951e-08, 3.84705434175e-10, 1.63345882366e-14]
        var: [1.637293003e-14, 1.17515019937e-09, 4.026624012e-08, 2.69119948548e-10, 2.5959868708e-06, 3.64220227311e-08, 6.35033984508e-07, 3.07577039393e-07, 1.19071685845e-08, 6.9180687845e-09, 3.78558375758e-08, 8.42291836278e-09, 2.20124451999e-09, 1.05429487363e-09, 1.20503722556e-08, 3.04901028869e-08, 1.30058523951e-07, 3.86969333022e-07, 1.33819526127e-07, 1.46052236971e-08, 1.63140090326e-09, 5.1946922458e-11, 4.52537139706e-12, 8.98379634573e-12, 8.90299466094e-12, 1.55021987949e-14, 7.76368495711e-17]
    mfcc:
        mean: [-769.567321777, 128.012451172, -27.5218353271, 54.948097229, -8.44909381866, -18.4676685333, -8.43591308594, -11.075961113, -1.94412398338, -4.31844043732, -1.07281637192, -3.24891161919, -1.17966485023]
        cov: [[3359.02880859, 38.6211471558, -1044.14868164, -206.470031738, -76.60572052, -171.880279541, 149.83416748, -55.0835380554, 18.0478744507, -326.608459473, -336.181549072, -185.988830566, 0.520299911499], [38.6211471558, 759.916625977, -165.651947021, -101.122711182, -106.250991821, 65.0001220703, 37.507484436, -71.235824585, -8.37389469147, -60.7165336609, -110.804039001, -82.1397857666, 13.8721656799], [-1044.14868164, -165.651947021, 868.305786133, -5.06875753403, 145.944580078, 54.6364402771, -74.0933685303, 0.846779108047, -10.5804281235, 111.713508606, 87.8636550903, 62.4777259827, -39.1218566895], [-206.470031738, -101.122711182, -5.06875753403, 311.50189209, 78.2525024414, -32.1395072937, -74.4777297974, 48.8945388794, 53.0259475708, 65.2782211304, 11.4819822311, 20.2628211975, 5.7355222702], [-76.60572052, -106.250991821, 145.944580078, 78.2525024414, 175.686782837, 15.1413764954, -31.1969013214, -5.79762268066, 26.0017948151, 48.6864356995, 29.1530761719, 30.7006397247, -5.36275863647], [-171.880279541, 65.0001220703, 54.6364402771, -32.1395072937, 15.1413764954, 115.079391479, 15.2836704254, -22.6076908112, -26.327539444, 42.9415931702, 40.6697158813, 28.5751991272, 3.97383952141], [149.83416748, 37.507484436, -74.0933685303, -74.4777297974, -31.1969013214, 15.2836704254, 107.868995667, 11.8452339172, -6.79928731918, -13.4619665146, 24.5867977142, -14.7132492065, -2.47340798378], [-55.0835380554, -71.235824585, 0.846779108047, 48.8945388794, -5.79762268066, -22.6076908112, 11.8452339172, 107.408348083, 41.6848869324, 29.4230861664, 1.64681875706, -7.28641080856, -0.845339596272], [18.0478744507, -8.37389469147, -10.5804281235, 53.0259475708, 26.0017948151, -26.327539444, -6.79928731918, 41.6848869324, 95.159034729, 29.8821735382, -7.44524860382, -15.4022579193, -3.99248290062], [-326.608459473, -60.7165336609, 111.713508606, 65.2782211304, 48.6864356995, 42.9415931702, -13.4619665146, 29.4230861664, 29.8821735382, 116.419746399, 73.8799438477, 24.2105102539, -10.0972394943], [-336.181549072, -110.804039001, 87.8636550903, 11.4819822311, 29.1530761719, 40.6697158813, 24.5867977142, 1.64681875706, -7.44524860382, 73.8799438477, 144.468505859, 59.5983467102, 0.953550934792], [-185.988830566, -82.1397857666, 62.4777259827, 20.2628211975, 30.7006397247, 28.5751991272, -14.7132492065, -7.28641080856, -15.4022579193, 24.2105102539, 59.5983467102, 76.7525482178, 19.9028053284], [0.520299911499, 13.8721656799, -39.1218566895, 5.7355222702, -5.36275863647, 3.97383952141, -2.47340798378, -0.845339596272, -3.99248290062, -10.0972394943, 0.953550934792, 19.9028053284, 44.5424995422]]
        icov: [[0.000976081413683, 0.000573619618081, 0.00107624172233, 0.000583718647249, -0.00104732520413, 0.000117893643619, -0.00112994620577, 0.000666937092319, -0.000378517492209, 0.000638951314613, 0.00189591653179, 0.000310873001581, 0.000424778379966], [0.000573619618081, 0.00259755062871, 0.000592744792812, 0.000157564136316, 0.000548747135326, -0.00213503674604, -0.00130395428278, 0.00216964096762, -0.00130368070677, 0.000361477083061, 0.00251159397885, 0.00214631506242, -0.00113774940837], [0.00107624172233, 0.000592744792812, 0.00298125389963, 0.00160844600759, -0.00243311095983, 0.000225480616791, 0.000279176048934, 3.68301698472e-05, 0.000316961260978, -0.000437535491074, 0.00176517944783, -0.000340290745953, 0.00196079793386], [0.000583718647249, 0.000157564136316, 0.00160844600759, 0.00613273540512, -0.00273871514946, 0.00209888280369, 0.00285038817674, -0.00164994818624, -0.000270361575531, -0.00267618056387, 0.00115662044846, -0.000707514234819, -0.000162398195243], [-0.00104732520413, 0.000548747135326, -0.00243311095983, -0.00273871514946, 0.0104174669832, -0.00152720825281, -0.000100409182778, 0.00281389453448, -0.00277363439091, -0.00201802095398, -0.000137235081638, -0.00237267650664, -0.000147679413203], [0.000117893643619, -0.00213503674604, 0.000225480616791, 0.00209888280369, -0.00152720825281, 0.017512222752, -0.00357030821033, 0.00208118162118, 0.00519333314151, -0.0106764435768, 0.0028618928045, -0.00687863957137, -0.000256072555203], [-0.00112994620577, -0.00130395428278, 0.000279176048934, 0.00285038817674, -0.000100409182778, -0.00357030821033, 0.0188972372562, -0.00654505612329, 0.000256501080003, 0.00543094752356, -0.0116324508563, 0.00660751527175, 7.97630782472e-05], [0.000666937092319, 0.00216964096762, 3.68301698472e-05, -0.00164994818624, 0.00281389453448, 0.00208118162118, -0.00654505612329, 0.0163935590535, -0.00483661238104, -0.00550972949713, 0.00592797994614, -0.000603906519245, -0.00187747227028], [-0.000378517492209, -0.00130368070677, 0.000316961260978, -0.000270361575531, -0.00277363439091, 0.00519333314151, 0.000256501080003, -0.00483661238104, 0.0173636954278, -0.00673379097134, 0.000798286695499, 0.00146068597678, -0.000791036756709], [0.000638951314613, 0.000361477083061, -0.000437535491074, -0.00267618056387, -0.00201802095398, -0.0106764435768, 0.00543094752356, -0.00550972949713, -0.00673379097134, 0.0279945619404, -0.0128512335941, 0.00717208068818, 0.00355969858356], [0.00189591653179, 0.00251159397885, 0.00176517944783, 0.00115662044846, -0.000137235081638, 0.0028618928045, -0.0116324508563, 0.00592797994614, 0.000798286695499, -0.0128512335941, 0.0252332799137, -0.0131050683558, 0.00226565287448], [0.000310873001581, 0.00214631506242, -0.000340290745953, -0.000707514234819, -0.00237267650664, -0.00687863957137, 0.00660751527175, -0.000603906519245, 0.00146068597678, 0.00717208068818, -0.0131050683558, 0.0327911935747, -0.0128110889345], [0.000424778379966, -0.00113774940837, 0.00196079793386, -0.000162398195243, -0.000147679413203, -0.000256072555203, 7.97630782472e-05, -0.00187747227028, -0.000791036756709, 0.00355969858356, 0.00226565287448, -0.0128110889345, 0.0309286750853]]
    spectral_contrast:
        mean: [4.98149042016e-08, 1.88296496617e-07, 3.72051438546e-08, -3.74057350427e-07, -4.2256863253e-07, -3.68534557538e-07, -1.80370045655e-06, 4.90849106427e-06, -3.92918252601e-07, -4.21685490437e-06, -1.0498198435e-06, 5.04902743614e-07]
        var: [0.000322969892295, 0.000780657224823, 0.00112938892562, 0.00155757355969, 0.00339831528254, 0.00959111843258, 0.0587058886886, 0.0879507809877, 0.134894236922, 0.203049749136, 0.478858143091, 1.37945318222]

rhythm:
    beats_loudness:
        dmean: 0.00223506428301
        dmean2: 0.00402701180428
        dvar: 3.33505727212e-06
        dvar2: 6.38502433503e-06
        max: 0.0113042751327
        mean: 0.00356710888445
        min: 0.000187644647667
        var: 6.58287763144e-06
    beats_loudness_bass:
        dmean: 0.14074036479
        dmean2: 0.245560482144
        dvar: 0.0189465787262
        dvar2: 0.0502508543432
        max: 0.520222961903
        mean: 0.14489145577
        min: 0.00208064843901
        var: 0.0208325143903
    bpm: 86.6898880005
    bpm_confidence: 0
    first_peak_bpm: 133
    first_peak_spread: 0.0769231319427
    first_peak_weight: 0.666666686535
    onset_rate: 3.59823775291
    second_peak_bpm: 87
    second_peak_spread: 0
    second_peak_weight: 0.277777791023
    beats_position: [0.470607936382, 0.921541571617, 1.37247514725, 1.82340872288, 2.27434229851, 2.72527599335, 3.17620944977, 3.62714314461, 4.07807683945, 4.52901029587, 4.97994375229, 5.43087768555, 5.88181114197, 6.32579755783, 7.01792383194, 7.71004867554, 8.40217399597, 9.09429931641, 9.78642559052]
    bpm_estimates: [86.3609313965, 86.8156280518, 86.670173645, 86.6903152466, 86.9123764038]
    bpm_intervals: [0.450933635235, 0.45093357563, 0.45093357563, 0.45093357563, 0.450933694839, 0.450933456421, 0.450933694839, 0.450933694839, 0.450933456421, 0.450933456421, 0.450933933258, 0.450933456421, 0.443986415863, 0.692126274109, 0.692124843597, 0.692125320435, 0.692125320435, 0.692126274109]
    onset_times: [0.0464399084449, 1.53251695633, 1.72988665104, 1.90403628349, 2.06657600403, 2.21750569344, 2.61224484444, 2.71673464775, 3.39011335373, 3.77324271202, 4.1099319458, 4.28408145905, 5.16644001007, 5.24770975113, 5.35219955444, 5.5727891922, 5.61922883987, 5.66566896439, 5.81659841537, 5.89786863327, 6.13006782532, 6.23455762863, 6.33904743195, 6.51319742203, 7.46521520615, 7.91800451279, 8.37079334259, 8.57977294922, 8.77714252472, 8.82358264923, 9.0093421936, 9.13705253601, 9.27637195587, 9.39247131348, 9.54340171814, 9.57823085785]
    rubato_start: [7.01792383194]
    rubato_stop: [7.71004867554]
    perceptual_tempo: "unknown"

sfx:
    inharmonicity:
        dmean: 0.0191493630409
        dmean2: 0.0323542058468
        dvar: 0.00113953696564
        dvar2: 0.00326966657303
        max: 0.277831763029
        mean: 0.0259048510343
        min: 2.9966888178e-05
        var: 0.00199810182676
    oddtoevenharmonicenergyratio:
        dmean: 3.28264713287
        dmean2: 6.34688568115
        dvar: 821.507446289
        dvar2: 2454.58227539
        max: 413.000793457
        mean: 2.09250617027
        min: 0.000138442395837
        var: 417.603149414
    pitch_after_max_to_before_max_energy_ratio: 3.23295664787
    pitch_centroid: 241.549804688
    pitch_max_to_total: 0.426573425531
    pitch_min_to_total: 0.878787875175
    tristimulus:
        dmean: [0.0900845453143, 0.0978838428855, 0.0536945462227]
        dmean2: [0.148050516844, 0.164606526494, 0.0944066643715]
        dvar: [0.0178107209504, 0.024282772094, 0.00605537276715]
        dvar2: [0.0469820536673, 0.06336119771, 0.0157856866717]
        max: [0.962773025036, 0.986860156059, 0.605946540833]
        mean: [0.448068290949, 0.432741522789, 0.10934638232]
        min: [0.00842390116304, 0, 0]
        var: [0.0377328954637, 0.0332321636379, 0.00867205113173]

tonal:
    chords_changes_rate: 0.050925925374
    chords_number_rate: 0.0231481473893
    chords_strength:
        dmean: 0.00830518081784
        dmean2: 0.00664491485804
        dvar: 5.11542384629e-05
        dvar2: 5.34080463694e-05
        max: 0.707520067692
        mean: 0.505602777004
        min: 0.261081159115
        var: 0.0153984390199
    key_strength: 0.614074587822
    tuning_diatonic_strength: 0.411099761724
    tuning_equal_tempered_deviation: 0.127248853445
    tuning_frequency: 439.491973877
    tuning_nontempered_energy_ratio: 0.746820509434
    hpcp:
        dmean: [0.120544530451, 0.101896412671, 0.0759161636233, 0.0903271064162, 0.0874227285385, 0.0967594087124, 0.123064383864, 0.135244354606, 0.11382637918, 0.0894776433706, 0.0688607543707, 0.0960317328572, 0.0960232689977, 0.0433945953846, 0.0598395131528, 0.0459419563413, 0.0599122345448, 0.0381954796612, 0.0308670662344, 0.0438038185239, 0.0481007806957, 0.0654177442193, 0.0423238500953, 0.0205337610096, 0.0266324263066, 0.0479883812368, 0.0495829097927, 0.0549640022218, 0.0548929311335, 0.0557266399264, 0.0564446151257, 0.0628214851022, 0.0625774785876, 0.0506358221173, 0.0578977614641, 0.123736865819]
        dmean2: [0.188657909632, 0.16848526895, 0.138155013323, 0.164626002312, 0.156892061234, 0.157844781876, 0.212448358536, 0.231675639749, 0.194565027952, 0.148531794548, 0.11285276711, 0.139471486211, 0.140487343073, 0.0692820772529, 0.0986056625843, 0.0798608511686, 0.0949189886451, 0.0609229132533, 0.0499863438308, 0.0706867054105, 0.0718438625336, 0.084822639823, 0.0607178919017, 0.0325512737036, 0.0444850884378, 0.0830374360085, 0.0807558819652, 0.0944010317326, 0.0896871089935, 0.0903976112604, 0.0887584239244, 0.111636385322, 0.103372178972, 0.0829224959016, 0.09317971766, 0.202347964048]
        dvar: [0.0422529578209, 0.0234742537141, 0.0359285622835, 0.0394494980574, 0.0396506413817, 0.0343900285661, 0.0589669682086, 0.0475272648036, 0.0512890778482, 0.0349528230727, 0.0279003120959, 0.0212802737951, 0.0265323203057, 0.00670399796218, 0.0169764515013, 0.0197238922119, 0.0142359100282, 0.00874586123973, 0.00488811079413, 0.0122620668262, 0.00663393596187, 0.00782021787018, 0.0037560609635, 0.00303774396889, 0.00592960696667, 0.0127840163186, 0.0124088265002, 0.0194273591042, 0.0181554649025, 0.0123822279274, 0.0163688305765, 0.0276532992721, 0.0200228840113, 0.0151159372181, 0.0133710242808, 0.0247655622661]
        dvar2: [0.0819762572646, 0.060761064291, 0.0883191153407, 0.10899875313, 0.11210347712, 0.0867828205228, 0.156523227692, 0.123607516289, 0.123967446387, 0.0697405934334, 0.0654548257589, 0.0567702353001, 0.0728987529874, 0.0169802587479, 0.0407376028597, 0.0475637875497, 0.0339891910553, 0.0210175663233, 0.00985250156373, 0.0267894063145, 0.016291949898, 0.0126815913245, 0.00786093901843, 0.00720215169713, 0.0149340191856, 0.0350744798779, 0.031790252775, 0.0447678044438, 0.0388641729951, 0.0265273246914, 0.0420495942235, 0.0758854970336, 0.0481817536056, 0.0352676846087, 0.034565217793, 0.0600502565503]
        max: [1, 1, 1, 1, 1, 1, 1, 1, 1, 1, 1, 1, 1, 0.562428534031, 1, 1, 1, 0.988776087761, 0.816700041294, 1, 0.810861170292, 1, 0.670242488384, 0.561096668243, 0.765006840229, 0.898284614086, 0.878818571568, 1, 1, 0.792153179646, 0.942234098911, 1, 1, 1, 1, 1]
        mean: [0.595182180405, 0.277076900005, 0.086483605206, 0.090729676187, 0.0871429145336, 0.152763649821, 0.247325509787, 0.208921939135, 0.159254267812, 0.146135747433, 0.108002834022, 0.198159664869, 0.198534965515, 0.0799250975251, 0.112764842808, 0.125229030848, 0.0851597115397, 0.0560716204345, 0.055655259639, 0.0699821710587, 0.127874016762, 0.209320440888, 0.122233137488, 0.0247108172625, 0.0334646888077, 0.0520996153355, 0.0606474019587, 0.0623117722571, 0.0779675096273, 0.0882211774588, 0.0741323307157, 0.0615370087326, 0.0748416259885, 0.0703470334411, 0.0792766734958, 0.412400126457]
        min: [0.034725189209, 0.00682350620627, 0.000403702520998, 0.000286233058432, 0.000291672185995, 0.000860078376718, 0.00123036059085, 0.000692998582963, 0.000312945921905, 0.000292973738397, 0.00148062920198, 0.00232579372823, 0.0010012058774, 0.000755470828153, 0.000317907135468, 0.000296559970593, 0.000361344835255, 0.000348398549249, 0.000324478809489, 0.000399697426474, 0.00185292121023, 0.00306854443625, 0.00298952963203, 0.000121621851576, 0.000124459678773, 0.000236826628679, 0.000329790578689, 0.000602656102274, 0.000457866699435, 0.000152054752107, 0.00020375852182, 0.000257769715972, 0.000221527865506, 0.000306943809846, 0.00196199049242, 0.0225355923176]
        var: [0.151573598385, 0.0442869737744, 0.0351094678044, 0.031013187021, 0.0358980074525, 0.0617080405354, 0.123301059008, 0.0865346342325, 0.0757204368711, 0.068374581635, 0.0415887162089, 0.0482254102826, 0.0569466426969, 0.0117430435494, 0.0503705516458, 0.0736717805266, 0.0257340222597, 0.0157356709242, 0.0167058035731, 0.0319786071777, 0.025891661644, 0.0604361146688, 0.0214317198843, 0.00319995870814, 0.00572760682553, 0.0114006586373, 0.0126502458006, 0.0193583592772, 0.0220737699419, 0.0194058381021, 0.0167776681483, 0.0203444361687, 0.0247073005885, 0.0217778049409, 0.0155368270352, 0.0802893191576]
    chords_histogram: [77.3148117065, 0, 0.462962955236, 0, 0, 0, 0, 0, 0, 0, 0, 0, 0, 0, 0, 0, 3.70370364189, 2.77777767181, 0, 8.33333301544, 0, 0, 0, 7.40740728378]
    thpcp: [1, 0.465532928705, 0.145306110382, 0.152440175414, 0.146413847804, 0.256667047739, 0.415545880795, 0.351021826267, 0.267572313547, 0.245531126857, 0.181461811066, 0.332939505577, 0.333570063114, 0.134286776185, 0.189462736249, 0.210404530168, 0.143081754446, 0.0942091718316, 0.0935096219182, 0.117581091821, 0.214848533273, 0.351691365242, 0.20537096262, 0.041518073529, 0.0562259592116, 0.0875355750322, 0.101897209883, 0.104693613946, 0.130997717381, 0.14822550118, 0.124554015696, 0.103391885757, 0.125745743513, 0.118194118142, 0.133197322488, 0.692897319794]
    chords_key: "A"
    chords_scale: "major"
    key_key: "A"
    key_scale: "major"
    chords_progression: ["A", "A", "A", "A", "A", "A", "A", "A", "A", "A", "A", "A", "A", "A", "A", "A", "A", "A", "A", "A", "A", "A", "A", "A", "A", "A", "A", "A", "A", "A", "A", "A", "A", "A", "A", "A", "A", "A", "A", "A", "A", "A", "Em", "Em", "Em", "Em", "Em", "Em", "Em", "Em", "Em", "Em", "Em", "Em", "Em", "Em", "Em", "Em", "Em", "Em", "A", "A", "A", "A", "A", "A", "Am", "Am", "Am", "Am", "A", "A", "A", "A", "A", "A", "A", "A", "A", "F#m", "F#m", "F#m", "A", "A", "A", "A", "A", "A", "A", "A", "A", "A", "A", "A", "A", "A", "A", "A", "A", "A", "A", "A", "A", "A", "A", "A", "A", "A", "A", "A", "A", "A", "A", "A", "A", "A", "A", "A", "A", "A", "A", "A", "A", "A", "F#m", "F#m", "F#m", "F#m", "F#m", "F#m", "F#m", "F#m", "F#m", "F#m", "F#m", "F#m", "F#m", "A", "A", "A", "A", "A", "A", "A", "A", "A", "A", "A", "A", "A", "A", "A", "A", "A", "A", "A", "A", "A", "A", "A", "A", "A", "A", "A", "A", "A", "A", "A", "A", "A", "A", "A", "A", "A", "A", "A", "A", "A", "A", "A", "A", "A", "A", "A", "A", "A", "A", "A", "A", "A", "A", "A", "A", "A", "A", "A", "A", "A", "A", "A", "A", "A", "A", "A", "A", "Am", "Am", "F", "F", "F", "F", "F", "F", "F", "F", "E"]
