
metadata:
    version:
        essentia: "1.2.2"
    audio_properties:
        analysis_sample_rate: 44100
        bitrate: 128
        channels: 2
        equal_loudness: 1
        length: 10.0571432114
        replay_gain: -5.89038658142
        downmix: "mix"
    tags:
        track: 22
        year: 0
        album: "Splitted by Mp3Splt v. 2.1"
        artist: "From 003.30 To 003.40"
        comment: "http://mp3splt.sf.net"
        genre: ""
        title: "13 Old Love.mp3"

highlevel:
    ballroom:
        all:
            ChaChaCha: 0.0594297721982
            Jive: 0.264245152473
            Quickstep: 0.191566646099
            Rumba-American: 0.0143021447584
            Rumba-International: 0.142950385809
            Rumba-Misc: 0.0445044450462
            Samba: 0.241541177034
            Tango: 0.0188642498106
            VienneseWaltz: 0.0162188261747
            Waltz: 0.00637719780207
        probability: 0.264245152473
        value: "Jive"
    culture:
        all:
            non_western: 0.0122740771621
            western: 0.987725913525
        probability: 0.987725913525
        value: "western"
    gender:
        all:
            female: 0.0766123905778
            male: 0.92338758707
        probability: 0.92338758707
        value: "male"
    genre_dortmund:
        all:
            alternative: 0.0506955012679
            blues: 0.190895453095
            electronic: 0.00896554812789
            folkcountry: 0.322500705719
            funksoulrnb: 0.0339787006378
            jazz: 0.184573054314
            pop: 0.0858632177114
            raphiphop: 0.00545582361519
            rock: 0.117071993649
        probability: 0.322500705719
        value: "folkcountry"
    genre_electronica:
        all:
            ambient: 0.257755994797
            dnb: 0.33530163765
            house: 0.107095696032
            techno: 0.0319359190762
            trance: 0.26791074872
        probability: 0.33530163765
        value: "dnb"
    genre_rosamerica:
        all:
            cla: 0.0101906843483
            dan: 0.0978506058455
            hip: 0.0179926808923
            jaz: 0.197190657258
            pop: 0.329801291227
            rhy: 0.272520780563
            roc: 0.0705532059073
            spe: 0.00390007905662
        probability: 0.329801291227
        value: "pop"
    genre_tzanetakis:
        all:
            blu: 0.00313273724169
            cla: 0.00168756360654
            cou: 0.0915440171957
            dis: 0.14671626687
            hip: 0.00315791554749
            jaz: 0.0871458947659
            met: 0.00348626566119
            pop: 0.400920450687
            reg: 0.0724020078778
            roc: 0.189806893468
        probability: 0.400920450687
        value: "pop"
    live_studio:
        all:
            live: 0.00754075497389
            studio: 0.992459237576
        probability: 0.992459237576
        value: "studio"
    mood:
        all:
            Cluster1: 0.153042078018
            Cluster2: 0.325814545155
            Cluster3: 0.235348090529
            Cluster4: 0.219806909561
            Cluster5: 0.0659883767366
        probability: 0.325814545155
        value: "Cluster2"
    mood_acoustic:
        all:
            acoustic: 0.340480238199
            not_acoustic: 0.659519731998
        probability: 0.659519731998
        value: "not_acoustic"
    mood_aggressive:
        all:
            aggressive: 0.042126648128
            not_aggressive: 0.957873344421
        probability: 0.957873344421
        value: "not_aggressive"
    mood_electronic:
        all:
            electronic: 0.278483003378
            not_electronic: 0.72151696682
        probability: 0.72151696682
        value: "not_electronic"
    mood_happy:
        all:
            happy: 0.543319702148
            not_happy: 0.456680268049
        probability: 0.543319702148
        value: "happy"
    mood_party:
        all:
            not_party: 0.837912619114
            party: 0.162087395787
        probability: 0.837912619114
        value: "not_party"
    mood_relaxed:
        all:
            not_relaxed: 0.232796758413
            relaxed: 0.767203211784
        probability: 0.767203211784
        value: "relaxed"
    mood_sad:
        all:
            not_sad: 0.370713323355
            sad: 0.629286646843
        probability: 0.629286646843
        value: "sad"
    rhythm:
        all:
            fast: 0.648993372917
            medium: 0.107253529131
            slow: 0.243753090501
        probability: 0.648993372917
        value: "fast"
    speech_music:
        all:
            music: 0.999989628792
            speech: 1.03674565253e-05
        probability: 0.999989628792
        value: "music"
    timbre:
        all:
            bright: 0.996909677982
            dark: 0.0030903480947
        probability: 0.996909677982
        value: "bright"
    voice_instrumental:
        all:
            instrumental: 0.992194771767
            voice: 0.00780520960689
        probability: 0.992194771767
        value: "instrumental"

lowlevel:
    average_loudness: 0.966432631016
    barkbands_kurtosis:
        dmean: 2.11814641953
        dmean2: 3.25841975212
        dvar: 9.95962619781
        dvar2: 21.8304367065
        max: 36.5924263
        mean: 1.82214617729
        min: -1.91363525391
        var: 25.5456638336
    barkbands_skewness:
        dmean: 0.555013477802
        dmean2: 0.869711637497
        dvar: 0.2999317348
        dvar2: 0.632716059685
        max: 4.83522224426
        mean: 1.1040854454
        min: -2.03337621689
        var: 1.39256155491
    barkbands_spread:
        dmean: 7.22585439682
        dmean2: 11.481757164
        dvar: 51.3808555603
        dvar2: 119.889892578
        max: 66.3944854736
        mean: 28.4205646515
        min: 3.05943751335
        var: 159.544342041
    dissonance:
        dmean: 0.0236593764275
        dmean2: 0.0377407744527
        dvar: 0.000644438900054
        dvar2: 0.00122752331663
        max: 0.496748387814
        mean: 0.451942980289
        min: 0.0433382689953
        var: 0.00114837300498
    hfc:
        dmean: 2.31818723679
        dmean2: 3.39018583298
        dvar: 14.8277683258
        dvar2: 29.1230125427
        max: 38.0880661011
        mean: 4.68487644196
        min: 5.29448952875e-05
        var: 34.8968009949
    pitch:
        dmean: 369.85736084
        dmean2: 726.924194336
        dvar: 1011990.625
        dvar2: 2730580.25
        max: 4410
        mean: 489.867797852
        min: 49.1638793945
        var: 780086.3125
    pitch_instantaneous_confidence:
        dmean: 0.123451463878
        dmean2: 0.194528698921
        dvar: 0.0157208126038
        dvar2: 0.0316842645407
        max: 0.97341376543
        mean: 0.527036964893
        min: 0.130152463913
        var: 0.0503428578377
    pitch_salience:
        dmean: 0.0702820271254
        dmean2: 0.114257112145
        dvar: 0.00405547814444
        dvar2: 0.0106499549001
        max: 0.881267488003
        mean: 0.595545053482
        min: 0.35144302249
        var: 0.00936312321573
    silence_rate_20dB:
        dmean: 0
        dmean2: 0
        dvar: 0
        dvar2: 0
        max: 1
        mean: 1
        min: 1
        var: 0
    silence_rate_30dB:
        dmean: 0
        dmean2: 0
        dvar: 0
        dvar2: 0
        max: 1
        mean: 1
        min: 1
        var: 0
    silence_rate_60dB:
        dmean: 0.165898621082
        dmean2: 0.332563519478
        dvar: 0.138376623392
        dvar2: 0.258916139603
        max: 1
        mean: 0.547126412392
        min: 0
        var: 0.247778594494
    spectral_centroid:
        dmean: 285.034118652
        dmean2: 457.547424316
        dvar: 89811.53125
        dvar2: 200794.9375
        max: 2777.08422852
        mean: 1084.66271973
        min: 223.584182739
        var: 353833.625
    spectral_complexity:
        dmean: 2.80831408501
        dmean2: 4.31712961197
        dvar: 11.087978363
        dvar2: 23.2396945953
        max: 36
        mean: 8.72119808197
        min: 0
        var: 25.237985611
    spectral_crest:
        dmean: 2.29859375954
        dmean2: 3.7757871151
        dvar: 3.70829868317
        dvar2: 9.8912858963
        max: 20.6925182343
        mean: 8.30358314514
        min: 2.80288410187
        var: 11.0287656784
    spectral_decrease:
        dmean: 3.3295227686e-10
        dmean2: 4.8765841365e-10
        dvar: 1.9873315362e-19
        dvar2: 3.76436816979e-19
        max: -1.8646535867e-14
        mean: -8.74181560473e-10
        min: -4.48689085886e-09
        var: 5.29897845762e-19
    spectral_energy:
        dmean: 0.00144308723975
        dmean2: 0.00210333894938
        dvar: 3.86451483791e-06
        dvar2: 7.35194544177e-06
        max: 0.0198203418404
        mean: 0.00372429355048
        min: 7.51787183617e-08
        var: 1.00581937659e-05
    spectral_energyband_high:
        dmean: 0.000198032255867
        dmean2: 0.000304791494273
        dvar: 1.38999993737e-07
        dvar2: 3.06441023668e-07
        max: 0.00318849785253
        mean: 0.000278220686596
        min: 2.00995353694e-09
        var: 2.3670237681e-07
    spectral_energyband_low:
        dmean: 0.000250701996265
        dmean2: 0.000400369317504
        dvar: 3.3058495319e-07
        dvar2: 7.86846726442e-07
        max: 0.00777671765536
        mean: 0.000438630027929
        min: 2.24776002256e-08
        var: 3.91889528828e-07
    spectral_energyband_middle_high:
        dmean: 0.000543732137885
        dmean2: 0.000762608135119
        dvar: 8.9698011152e-07
        dvar2: 1.56024634634e-06
        max: 0.0108709745109
        mean: 0.00113130279351
        min: 8.26295654122e-09
        var: 2.55386134995e-06
    spectral_energyband_middle_low:
        dmean: 0.000805157702416
        dmean2: 0.00128396251239
        dvar: 1.26014583657e-06
        dvar2: 2.7387445698e-06
        max: 0.0106541365385
        mean: 0.00187611917499
        min: 3.78146687297e-08
        var: 3.1120962376e-06
    spectral_flatness_db:
        dmean: 0.0241127405316
        dmean2: 0.0363072343171
        dvar: 0.000418883340899
        dvar2: 0.00093069858849
        max: 0.259423434734
        mean: 0.161178648472
        min: 0.0692815259099
        var: 0.00133053632453
    spectral_flux:
        dmean: 0.0114809153602
        dmean2: 0.0177251640707
        dvar: 0.000157848393428
        dvar2: 0.000356283184374
        max: 0.112496554852
        mean: 0.03046133928
        min: 0.00457265973091
        var: 0.000321742409142
    spectral_kurtosis:
        dmean: 1.81314718723
        dmean2: 3.03136777878
        dvar: 5.39189529419
        dvar2: 13.6673574448
        max: 25.0686225891
        mean: 4.38766622543
        min: 0.63036775589
        var: 9.46427345276
    spectral_rms:
        dmean: 0.000361518352292
        dmean2: 0.000519348308444
        dvar: 1.75034216454e-07
        dvar2: 3.19178383279e-07
        max: 0.00439737644047
        mean: 0.00175215594936
        min: 8.56417500472e-06
        var: 5.63406956644e-07
    spectral_rolloff:
        dmean: 690.70324707
        dmean2: 1194.04553223
        dvar: 686292
        dvar2: 1564731.5
        max: 4608.10546875
        mean: 2208.74169922
        min: 193.798828125
        var: 1735146.875
    spectral_skewness:
        dmean: 0.269733995199
        dmean2: 0.433105707169
        dvar: 0.088735550642
        dvar2: 0.208744496107
        max: 3.95018458366
        mean: 1.62839519978
        min: 0.77572375536
        var: 0.221853032708
    spectral_spread:
        dmean: 969963.3125
        dmean2: 1380216.625
        dvar: 2.04270259405e+12
        dvar2: 2.99211633459e+12
        max: 31082470
        mean: 5149360
        min: 2149655.25
        var: 4.33029198643e+12
    spectral_strongpeak:
        dmean: 0.465043455362
        dmean2: 0.775014042854
        dvar: 0.887907266617
        dvar2: 1.81829929352
        max: 10.4926528931
        mean: 0.727124273777
        min: 0
        var: 2.2790389061
    zerocrossingrate:
        dmean: 0.0105696544051
        dmean2: 0.013111256063
        dvar: 8.50492724567e-05
        dvar2: 0.000112224726763
        max: 0.15234375
        mean: 0.0690299198031
        min: 0.00244140625
        var: 0.000777056498919
    barkbands:
        dmean: [3.92219021705e-07, 0.000118462165119, 0.000158778595505, 0.000262554385699, 0.000422052544309, 0.000143547906191, 0.000121518263768, 0.000147350336192, 5.56366903766e-05, 2.35454645008e-05, 4.60759547423e-05, 6.73568138154e-05, 2.40524241235e-05, 4.22099728894e-05, 7.1089809353e-05, 3.2297175494e-05, 0.000140804535476, 8.12415892142e-05, 0.000143360724906, 0.00010074180318, 0.000111338595161, 3.45084918081e-05, 8.16203555587e-06, 3.37527649208e-06, 1.71731687715e-06, 1.57203771778e-07, 2.19738915952e-09]
        dmean2: [5.69958842789e-07, 0.000204045965802, 0.000255775259575, 0.000429406907642, 0.000674827315379, 0.000240540466621, 0.000194280626602, 0.000237600048422, 8.55602338561e-05, 3.43942338077e-05, 6.3043924456e-05, 0.000106564970338, 3.49133806594e-05, 5.97679827479e-05, 0.000105928258563, 4.79507507407e-05, 0.00021039180865, 0.000126637154608, 0.000220039102715, 0.000154438137542, 0.000173889362486, 5.52505334781e-05, 1.11959416245e-05, 5.35054414286e-06, 2.7016653803e-06, 2.53383262816e-07, 3.61155705342e-09]
        dvar: [7.01154195468e-13, 6.88712304964e-08, 1.27707139086e-07, 1.82660315318e-07, 3.97572932798e-07, 9.20401888038e-08, 6.42880806367e-08, 9.9862823788e-08, 2.25003606857e-08, 2.13536988092e-09, 2.54719640935e-08, 4.91703140426e-08, 2.80728551516e-09, 1.7534310004e-08, 2.70410396297e-08, 1.02377617495e-08, 8.75332233363e-08, 1.61845594704e-08, 1.99597138817e-07, 3.17081010337e-08, 5.95620051058e-08, 6.86337608968e-09, 4.62222149444e-10, 1.09557599104e-10, 1.51026517681e-11, 1.46426558487e-13, 1.31371845504e-16]
        dvar2: [1.41181955449e-12, 1.8151811787e-07, 2.96145856282e-07, 4.36676344862e-07, 8.67726100751e-07, 2.47875277637e-07, 1.58896000357e-07, 2.29416130537e-07, 4.94185279365e-08, 4.36903713208e-09, 3.24183524469e-08, 1.20066744103e-07, 4.78588724206e-09, 3.11503534078e-08, 6.07835559663e-08, 2.17131930214e-08, 1.78012228957e-07, 3.96654264989e-08, 3.69019630853e-07, 6.20588167521e-08, 1.42892019994e-07, 1.48580578951e-08, 8.85523598892e-10, 2.73390088346e-10, 3.28936357319e-11, 3.54482746325e-13, 3.33151610682e-16]
        max: [1.0230784028e-05, 0.00318165263161, 0.00459206849337, 0.00333965639584, 0.00832047872245, 0.00288417795673, 0.00281174015254, 0.00348601583391, 0.00168466276955, 0.000482102157548, 0.00300352834165, 0.00283474405296, 0.000672895344906, 0.00246705021709, 0.00171365973074, 0.00187103566714, 0.00311910617165, 0.00123644282576, 0.00831494107842, 0.00190043682232, 0.00283789611422, 0.000794604304247, 0.000357278273441, 0.000151652857312, 3.08155467792e-05, 2.95802306027e-06, 1.54401206487e-07]
        mean: [7.07517187948e-07, 0.000183733151061, 0.000254213402513, 0.000380905141355, 0.000763030431699, 0.000219742243644, 0.000188160614925, 0.000226574178669, 8.34271122585e-05, 4.49716753792e-05, 7.7850127127e-05, 9.19932354009e-05, 4.16036164097e-05, 7.13172485121e-05, 0.000111679619295, 4.63904143544e-05, 0.000233150771237, 0.000121698074508, 0.000237253421801, 0.000147032245877, 0.000141585842357, 4.05597638746e-05, 1.12846701086e-05, 3.42395355801e-06, 1.87213765912e-06, 1.35581899485e-07, 1.61849633695e-09]
        min: [1.27736909938e-09, 1.19925669395e-08, 6.00444938215e-09, 4.15446965718e-09, 4.79801309794e-09, 4.92976237609e-09, 9.63945456789e-09, 9.40775102265e-09, 4.77564432444e-09, 5.68521896227e-10, 9.3531771217e-10, 6.37492170164e-10, 1.98713934196e-09, 3.17943088524e-10, 5.08370956442e-10, 1.63374064277e-10, 4.35453645364e-10, 5.31938604276e-10, 1.92792803944e-09, 5.293586125e-10, 5.35648692068e-10, 3.46982914623e-10, 1.69459973831e-10, 2.22591403642e-10, 2.0091120434e-10, 3.5584819813e-11, 1.63524727613e-12]
        var: [1.16169953431e-12, 6.93472088642e-08, 1.62050653785e-07, 3.42547224363e-07, 1.16072521905e-06, 9.45526679175e-08, 8.4379983889e-08, 1.5883003357e-07, 3.74106789991e-08, 5.88331650064e-09, 7.13895857984e-08, 6.34530366028e-08, 6.70815714088e-09, 4.44727774607e-08, 4.15721927993e-08, 1.56124020378e-08, 1.82113325309e-07, 2.68008371052e-08, 5.77974731186e-07, 6.47058442382e-08, 9.56219494697e-08, 8.37443625556e-09, 1.04025299485e-09, 9.31565102835e-11, 1.82212561012e-11, 1.29822124188e-13, 7.45338899526e-17]
    mfcc:
        mean: [-749.796203613, 125.319046021, -25.7229175568, 64.3251647949, -7.82959032059, 1.76760613918, -4.54716730118, -7.04370069504, -4.75268745422, -7.67233800888, -0.0941510424018, 1.82399153709, -3.36537384987]
        cov: [[4788.64257812, -1304.17248535, -226.314086914, -13.0910434723, -165.789382935, 3.2862071991, -56.5581436157, 5.29884147644, -39.7020530701, -25.4683170319, -77.2316131592, 73.2628326416, 29.03241539], [-1304.17248535, 1051.52990723, -49.6216926575, 31.9977340698, 28.961681366, -4.71268701553, -15.4278202057, -52.0059814453, 40.6339836121, -31.8068294525, 65.8734130859, -1.87653052807, -43.1277427673], [-226.314086914, -49.6216926575, 394.014801025, 17.5010147095, 25.999540329, 29.149974823, 74.2533035278, 26.4540901184, -0.937361299992, 12.3809251785, 12.6121692657, -28.0701789856, 4.93563938141], [-13.0910434723, 31.9977340698, 17.5010147095, 152.970794678, 5.801445961, 1.03628122807, -4.09667921066, 22.1074504852, -9.42101097107, 21.8628616333, 8.08111286163, -1.13768339157, 1.64613544941], [-165.789382935, 28.961681366, 25.999540329, 5.801445961, 149.504653931, 11.3668174744, 28.3424797058, 2.26172614098, 9.3055562973, 12.5281229019, 17.6106758118, 5.1292963028, -1.79429376125], [3.2862071991, -4.71268701553, 29.149974823, 1.03628122807, 11.3668174744, 99.0804290771, 17.8419589996, -22.391368866, 6.49121379852, 5.16587400436, 9.10775947571, -4.44723558426, 0.47845262289], [-56.5581436157, -15.4278202057, 74.2533035278, -4.09667921066, 28.3424797058, 17.8419589996, 128.777633667, 17.9838523865, -13.3583745956, -13.3622560501, -11.5592470169, 4.09004116058, 9.83583068848], [5.29884147644, -52.0059814453, 26.4540901184, 22.1074504852, 2.26172614098, -22.391368866, 17.9838523865, 97.7978591919, -4.64169549942, -0.089158937335, -0.428166478872, 10.7254085541, 11.5814237595], [-39.7020530701, 40.6339836121, -0.937361299992, -9.42101097107, 9.3055562973, 6.49121379852, -13.3583745956, -4.64169549942, 96.7071838379, -12.6056156158, -1.52832448483, 3.43281698227, -13.9888067245], [-25.4683170319, -31.8068294525, 12.3809251785, 21.8628616333, 12.5281229019, 5.16587400436, -13.3622560501, -0.089158937335, -12.6056156158, 156.449386597, 48.4360084534, -15.9272232056, -7.78488636017], [-77.2316131592, 65.8734130859, 12.6121692657, 8.08111286163, 17.6106758118, 9.10775947571, -11.5592470169, -0.428166478872, -1.52832448483, 48.4360084534, 94.0042190552, 10.8060731888, -14.9753923416], [73.2628326416, -1.87653052807, -28.0701789856, -1.13768339157, 5.1292963028, -4.44723558426, 4.09004116058, 10.7254085541, 3.43281698227, -15.9272232056, 10.8060731888, 92.5944442749, 6.14046096802], [29.03241539, -43.1277427673, 4.93563938141, 1.64613544941, -1.79429376125, 0.47845262289, 9.83583068848, 11.5814237595, -13.9888067245, -7.78488636017, -14.9753923416, 6.14046096802, 55.8407058716]]
        icov: [[0.000362794904504, 0.000489179277793, 0.00023247153149, -0.000159990930115, 0.00029117972008, -4.27600753028e-05, -1.21058292279e-05, 0.00020373656298, -3.98233642045e-05, 0.000169954932062, -0.000155171132064, -0.000210221493035, 0.000138176896144], [0.000489179277793, 0.00178453349508, 0.000477808265714, -0.000623831176199, 0.000263769557932, 0.000252527563134, -0.000211368358578, 0.000930788519327, -0.000453571090475, 0.000833159079775, -0.00128867721651, -4.47553793492e-05, 0.000612430565525], [0.00023247153149, 0.000477808265714, 0.00324824429117, -0.000414626585552, 8.0436700955e-05, -0.00059561280068, -0.00172912993003, -0.000496038526762, -0.000383150414564, 0.000166356025147, -0.000938688230235, 0.0010620119283, -5.28952587047e-05], [-0.000159990930115, -0.000623831176199, -0.000414626585552, 0.00722268829122, -0.000361373735359, -0.000591411371715, 0.000799115747213, -0.00206455402076, 0.000830496719573, -0.00111569312867, 0.000527407799382, -5.2022737691e-06, -9.94852453005e-05], [0.00029117972008, 0.000263769557932, 8.0436700955e-05, -0.000361373735359, 0.00758630549535, -0.000314075005008, -0.00180440640543, 0.000268991687335, -0.00102500792127, -0.000320376071613, -0.00134445074946, -0.000448887527455, -4.826535951e-05], [-4.27600753028e-05, 0.000252527563134, -0.00059561280068, -0.000591411371715, -0.000314075005008, 0.0117023447528, -0.0019060713239, 0.00347446510568, -0.00121569866315, 5.16432992299e-05, -0.00162708887365, 0.000421671778895, -0.000987954204902], [-1.21058292279e-05, -0.000211368358578, -0.00172912993003, 0.000799115747213, -0.00180440640543, -0.0019060713239, 0.0101436451077, -0.00184878939763, 0.00183879525866, 0.000508773198817, 0.00188221468125, -0.000912620627787, -0.000335894583259], [0.00020373656298, 0.000930788519327, -0.000496038526762, -0.00206455402076, 0.000268991687335, 0.00347446510568, -0.00184878939763, 0.0127644957975, -0.000620163045824, 0.00035085802665, -0.00115151167847, -0.00121882499661, -0.00190642056987], [-3.98233642045e-05, -0.000453571090475, -0.000383150414564, 0.000830496719573, -0.00102500792127, -0.00121569866315, 0.00183879525866, -0.000620163045824, 0.0115475328639, 0.000740548712201, 0.0011396255577, -0.000716854934581, 0.0028424942866], [0.000169954932062, 0.000833159079775, 0.000166356025147, -0.00111569312867, -0.000320376071613, 5.16432992299e-05, 0.000508773198817, 0.00035085802665, 0.000740548712201, 0.00855366606265, -0.00481604179367, 0.00186348217539, 0.000281700078631], [-0.000155171132064, -0.00128867721651, -0.000938688230235, 0.000527407799382, -0.00134445074946, -0.00162708887365, 0.00188221468125, -0.00115151167847, 0.0011396255577, -0.00481604179367, 0.015474865213, -0.00301884836517, 0.00312693393789], [-0.000210221493035, -4.47553793492e-05, 0.0010620119283, -5.2022737691e-06, -0.000448887527455, 0.000421671778895, -0.000912620627787, -0.00121882499661, -0.000716854934581, 0.00186348217539, -0.00301884836517, 0.0123264193535, -0.00170833198354], [0.000138176896144, 0.000612430565525, -5.28952587047e-05, -9.94852453005e-05, -4.826535951e-05, -0.000987954204902, -0.000335894583259, -0.00190642056987, 0.0028424942866, 0.000281700078631, 0.00312693393789, -0.00170833198354, 0.0205561164767]]
    spectral_contrast:
        mean: [-2.5949137239e-07, 4.42262347633e-07, -3.18795585486e-08, 1.09964730655e-07, -6.03600014415e-08, -2.50641658539e-08, -3.49459696736e-06, 1.77783903155e-07, 5.86982139339e-07, 1.49519757997e-06, -3.8817179302e-06, 4.26296821843e-07]
        var: [0.000619094120339, 0.00133994838689, 0.00156149163377, 0.00219208630733, 0.00336981914006, 0.0147375129163, 0.0575445145369, 0.108846157789, 0.13313293457, 0.225417420268, 0.369685411453, 2.16499829292]

rhythm:
    beats_loudness:
        dmean: 0.00572908809409
        dmean2: 0.0108241932467
        dvar: 1.1187952623e-05
        dvar2: 2.95773807011e-05
        max: 0.0154624730349
        mean: 0.00630945479497
        min: 0.000130609216285
        var: 2.02993542189e-05
    beats_loudness_bass:
        dmean: 0.16685603559
        dmean2: 0.290567278862
        dvar: 0.0232583582401
        dvar2: 0.0503870770335
        max: 0.647996902466
        mean: 0.226871922612
        min: 0.010312997736
        var: 0.0291804149747
    bpm: 135.030944824
    bpm_confidence: 0
    first_peak_bpm: 135
    first_peak_spread: 0
    first_peak_weight: 0.95454543829
    onset_rate: 4.87215900421
    second_peak_bpm: 153
    second_peak_spread: 0
    second_peak_weight: 0.0454545468092
    beats_position: [0.0374994874001, 0.480539083481, 0.923578679562, 1.36661827564, 1.80965793133, 2.2526974678, 2.69573712349, 3.13877677917, 3.58181643486, 4.02485609055, 4.46789550781, 4.91093540192, 5.35397481918, 5.79701471329, 6.18863010406, 6.63495445251, 7.08127880096, 7.52760314941, 7.97392749786, 8.42025184631, 8.86657619476, 9.31290054321, 9.75922489166]
    bpm_estimates: [135.141921997, 136.544052124, 134.865951538, 135.458435059, 135.607635498, 134.964309692, 134.69543457, 134.268768311, 134.617156982, 134.145736694]
    bpm_intervals: [0.443039596081, 0.443039596081, 0.443039596081, 0.443039655685, 0.443039536476, 0.443039655685, 0.443039655685, 0.443039655685, 0.443039655685, 0.443039417267, 0.443039894104, 0.443039417267, 0.443039894104, 0.391615390778, 0.44632434845, 0.44632434845, 0.44632434845, 0.44632434845, 0.44632434845, 0.44632434845, 0.44632434845, 0.44632434845]
    onset_times: [0.0348299331963, 0.290249437094, 0.476009070873, 0.708208620548, 0.9287981987, 1.13777780533, 1.38158726692, 1.5673469305, 1.69505667686, 1.83437645435, 1.99691605568, 2.15945577621, 2.2523355484, 2.51936507225, 2.69351482391, 3.16952371597, 3.30884361267, 3.40172338486, 3.5758728981, 3.83129262924, 4.051882267, 4.27247142792, 4.51628112793, 4.74848079681, 4.96907043457, 5.0387301445, 5.23609972, 5.39863967896, 5.51473903656, 5.74693870544, 5.85142850876, 6.13006782532, 6.25777769089, 6.47836732864, 6.67573690414, 6.8963265419, 7.07047605515, 7.2330160141, 7.51165533066, 7.63936519623, 7.83673477173, 7.97605419159, 8.20825386047, 8.38240337372, 8.54494285583, 8.83519268036, 9.21832180023, 9.42730140686, 9.86848068237]
    rubato_start: []
    rubato_stop: []
    perceptual_tempo: "unknown"

sfx:
    inharmonicity:
        dmean: 0.0336410030723
        dmean2: 0.0590954348445
        dvar: 0.00212288857438
        dvar2: 0.00590425822884
        max: 0.314003795385
        mean: 0.03065466322
        min: 0
        var: 0.00190364767332
    oddtoevenharmonicenergyratio:
        dmean: 11.7817344666
        dmean2: 21.7814903259
        dvar: 8284.76171875
        dvar2: 23539.0449219
        max: 1086.78442383
        mean: 6.98089981079
        min: 0
        var: 4812.57958984
    pitch_after_max_to_before_max_energy_ratio: 6.75837039948
    pitch_centroid: 176.807220459
    pitch_max_to_total: 0.0437788031995
    pitch_min_to_total: 0.193548381329
    tristimulus:
        dmean: [0.218679726124, 0.227140635252, 0.0948298424482]
        dmean2: [0.385402858257, 0.400282144547, 0.166609704494]
        dvar: [0.0364062227309, 0.0408624336123, 0.0110782543197]
        dvar2: [0.092194288969, 0.109697572887, 0.0328029170632]
        max: [1, 0.990849375725, 0.676612734795]
        mean: [0.484330952168, 0.396907925606, 0.0977508351207]
        min: [0.00915059167892, 0, 0]
        var: [0.0605599805713, 0.0580562837422, 0.0116648925468]

tonal:
    chords_changes_rate: 0.0458715595305
    chords_number_rate: 0.0229357797652
    chords_strength:
        dmean: 0.00969928596169
        dmean2: 0.00915739871562
        dvar: 5.95698256802e-05
        dvar2: 6.75904739182e-05
        max: 0.645225405693
        mean: 0.471347123384
        min: 0.312162309885
        var: 0.00756674353033
    key_strength: 0.787490725517
    tuning_diatonic_strength: 0.611184895039
    tuning_equal_tempered_deviation: 0.0323116034269
    tuning_frequency: 439.491973877
    tuning_nontempered_energy_ratio: 0.674815952778
    hpcp:
        dmean: [0.201871916652, 0.15049995482, 0.06946734339, 0.0491627566516, 0.0446912571788, 0.0756117030978, 0.130656808615, 0.113820642233, 0.140316322446, 0.166858389974, 0.133750319481, 0.0901233330369, 0.0769506245852, 0.0794436633587, 0.141655787826, 0.188963010907, 0.147424787283, 0.110132060945, 0.0825735256076, 0.0697497278452, 0.101719640195, 0.150682210922, 0.168811097741, 0.166558653116, 0.173370376229, 0.108071103692, 0.067818030715, 0.0622076578438, 0.0866147652268, 0.143126741052, 0.159119263291, 0.169860213995, 0.110455371439, 0.07994440943, 0.106040485203, 0.18713259697]
        dmean2: [0.34148734808, 0.251217126846, 0.117805533111, 0.0879763960838, 0.0826393216848, 0.126570120454, 0.206522718072, 0.187899708748, 0.23943041265, 0.280748099089, 0.21876360476, 0.161759242415, 0.13901822269, 0.143075510859, 0.230694413185, 0.317529469728, 0.247090086341, 0.193269997835, 0.141452789307, 0.114112049341, 0.166521653533, 0.250485867262, 0.277911931276, 0.281291514635, 0.307515650988, 0.194795578718, 0.125247880816, 0.108137093484, 0.157932415605, 0.24172642827, 0.256523489952, 0.298796087503, 0.191785261035, 0.129471406341, 0.19488170743, 0.331370979548]
        dvar: [0.0501560978591, 0.0289459228516, 0.00929000601172, 0.00731405196711, 0.00765699986368, 0.0120733929798, 0.0339982770383, 0.0231374707073, 0.0329744070768, 0.0571571476758, 0.0297719072551, 0.0186642967165, 0.0162582974881, 0.0144706685096, 0.024688815698, 0.0597427971661, 0.0320441089571, 0.0242292806506, 0.0257941894233, 0.0169055461884, 0.0196420475841, 0.0438567698002, 0.0333946943283, 0.0436387136579, 0.0513859540224, 0.03709846735, 0.0193159934133, 0.00965910125524, 0.0175812989473, 0.0358675606549, 0.047781303525, 0.0480356030166, 0.0313435010612, 0.0187986195087, 0.0247109085321, 0.0522956103086]
        dvar2: [0.109953865409, 0.074844583869, 0.0248236041516, 0.0184324979782, 0.0208654198796, 0.028850350529, 0.0696558654308, 0.0530263669789, 0.0731159076095, 0.100937075913, 0.062970250845, 0.0506864599884, 0.0416448451579, 0.0407524816692, 0.0494096726179, 0.102626256645, 0.0764024332166, 0.0620105676353, 0.0482094362378, 0.039760466665, 0.0435563586652, 0.104032605886, 0.0938915908337, 0.0938476547599, 0.141086608171, 0.120805978775, 0.0559345670044, 0.0239539295435, 0.0443664230406, 0.0790516883135, 0.127602562308, 0.14032971859, 0.0888391807675, 0.0346374958754, 0.0718415379524, 0.132705152035]
        max: [1, 1, 0.717870175838, 0.659473776817, 0.622826695442, 0.988806009293, 1, 1, 1, 1, 1, 1, 1, 0.787876486778, 0.894003868103, 1, 1, 0.941222369671, 1, 1, 1, 1, 1, 1, 1, 1, 1, 1, 1, 1, 1, 1, 1, 1, 1, 1]
        mean: [0.312753587961, 0.196582019329, 0.0665891766548, 0.0420891679823, 0.0379354171455, 0.110431589186, 0.201181530952, 0.15540227294, 0.188794657588, 0.280049175024, 0.184786707163, 0.0945385843515, 0.0825942903757, 0.0746913701296, 0.204126790166, 0.350073903799, 0.244628921151, 0.11876052618, 0.100761882961, 0.083121843636, 0.14250703156, 0.216495543718, 0.204554796219, 0.211794018745, 0.183114990592, 0.0876075997949, 0.0634731128812, 0.0722946450114, 0.0877151042223, 0.24674077332, 0.350055485964, 0.21276524663, 0.113379143178, 0.0936381816864, 0.0927552506328, 0.214631602168]
        min: [0.00476759113371, 0.00301548326388, 0.000598139769863, 0.000230571211432, 0.000435516616562, 0.000612798845395, 0.00101963395718, 0.00223875162192, 0.00137224828359, 0.000937975477427, 0.000926995533518, 0.000714940717444, 0.000437985523604, 0.0012035232503, 0.00378277944401, 0.000957464275416, 0.00402667280287, 0.00141960603651, 0.000262927234871, 0.000465391436592, 0.000695754191838, 0.000916310120374, 0.00140333769377, 0.000946289685089, 0.000627973931842, 0.00080829358194, 0.000294938130537, 0.000229812896578, 0.000110834436782, 0.000219974055653, 0.000513953564223, 0.00232286727987, 0.0015397281386, 0.000428898783866, 0.000430813990533, 0.00169454759452]
        var: [0.104025796056, 0.050119522959, 0.0100985411555, 0.00649984925985, 0.00566308107227, 0.020696029067, 0.0744978561997, 0.0362866483629, 0.0605990961194, 0.114217571914, 0.0476534478366, 0.021557347849, 0.0223278347403, 0.0113140679896, 0.038135536015, 0.112312607467, 0.0628641471267, 0.0329675078392, 0.0426901578903, 0.0285464879125, 0.0419417619705, 0.0846927985549, 0.0476695671678, 0.0771118253469, 0.0593397170305, 0.0232171006501, 0.0141839748248, 0.0161528568715, 0.0184884462506, 0.0891423150897, 0.13988558948, 0.0579353421926, 0.0419686473906, 0.0371796712279, 0.0200512818992, 0.0629539117217]
    chords_histogram: [13.7614679337, 16.0550460815, 20.1834869385, 0, 0, 0, 0, 0, 0, 0, 0, 0, 0, 0, 0, 0, 0, 0, 0, 0, 0, 19.7247714996, 0, 30.2752285004]
    thpcp: [1, 0.698792219162, 0.339244157076, 0.287830322981, 0.23744083941, 0.407076984644, 0.618428111076, 0.584318876266, 0.604997992516, 0.523075222969, 0.250254571438, 0.181313470006, 0.206512525678, 0.25056168437, 0.70482480526, 0.999947369099, 0.607772350311, 0.323872029781, 0.267481178045, 0.264959067106, 0.613103687763, 0.893393039703, 0.56154435873, 0.19021461904, 0.120229378343, 0.108364023268, 0.315452218056, 0.574683010578, 0.443912774324, 0.539299428463, 0.799971580505, 0.527850568295, 0.270053207874, 0.235933870077, 0.213358864188, 0.583096265793]
    chords_key: "A"
    chords_scale: "minor"
    key_key: "C"
    key_scale: "major"
    chords_progression: ["Dm", "Dm", "Dm", "Dm", "Dm", "Dm", "Dm", "Dm", "Dm", "Am", "Am", "Dm", "Dm", "Dm", "Dm", "Dm", "Dm", "C", "C", "C", "C", "C", "C", "C", "C", "C", "C", "C", "C", "C", "C", "C", "C", "C", "C", "C", "C", "C", "C", "C", "C", "C", "C", "C", "C", "C", "C", "G", "G", "G", "G", "G", "G", "G", "G", "G", "G", "G", "G", "G", "G", "G", "G", "G", "Em", "Em", "Em", "Em", "Em", "Em", "Em", "Em", "Em", "Em", "Em", "Em", "Em", "Em", "Em", "Em", "Em", "Em", "Em", "Em", "Em", "Em", "Em", "Em", "Em", "Em", "Em", "Em", "Em", "Em", "Em", "Em", "Em", "Em", "Em", "Am", "Am", "Am", "Am", "Am", "Am", "Am", "Am", "Am", "Am", "Am", "Am", "Am", "Am", "Am", "Am", "Am", "Am", "Am", "Am", "Am", "Am", "Am", "Am", "Am", "Am", "Am", "Am", "Am", "Am", "Am", "Am", "Am", "Am", "Am", "Am", "Am", "Am", "Am", "Am", "Am", "Am", "Am", "Am", "Am", "Am", "Am", "Am", "Am", "Am", "Am", "Am", "Am", "Am", "Am", "Am", "Am", "Am", "Am", "Am", "Am", "Am", "Am", "Am", "Dm", "Dm", "Dm", "Dm", "Dm", "Dm", "Dm", "Dm", "Dm", "Dm", "Dm", "Dm", "Dm", "Dm", "Dm", "Dm", "Dm", "Dm", "Dm", "Dm", "Dm", "Dm", "Dm", "Dm", "Dm", "Dm", "Dm", "G", "G", "Dm", "G", "G", "G", "G", "G", "G", "G", "G", "G", "G", "G", "G", "G", "G", "G", "G", "G", "G", "G", "G", "G", "G", "G", "G", "G"]
