
metadata:
    version:
        essentia: "1.2.2"
    audio_properties:
        analysis_sample_rate: 44100
        bitrate: 128
        channels: 2
        equal_loudness: 1
        length: 10.0310201645
        replay_gain: -13.4458446503
        downmix: "mix"
    tags:
        track: 9
        year: 0
        album: "Splitted by Mp3Splt v. 2.1"
        artist: "From 001.20 To 001.30"
        comment: "http://mp3splt.sf.net"
        genre: ""
        title: "01 Dear God.mp3"

highlevel:
    ballroom:
        all:
            ChaChaCha: 0.00515592377633
            Jive: 0.0153510412201
            Quickstep: 0.0221899468452
            Rumba-American: 0.0117064444348
            Rumba-International: 0.677636921406
            Rumba-Misc: 0.120493754745
            Samba: 0.00775296613574
            Tango: 0.00245674443431
            VienneseWaltz: 0.0890221372247
            Waltz: 0.0482341051102
        probability: 0.677636921406
        value: "Rumba-International"
    culture:
        all:
            non_western: 0.0892792567611
            western: 0.910720765591
        probability: 0.910720765591
        value: "western"
    gender:
        all:
            female: 0.697320461273
            male: 0.302679568529
        probability: 0.697320461273
        value: "female"
    genre_dortmund:
        all:
            alternative: 0.215524092317
            blues: 0.00964456796646
            electronic: 0.0390946790576
            folkcountry: 0.208285287023
            funksoulrnb: 0.00514898821712
            jazz: 0.045700982213
            pop: 0.29409211874
            raphiphop: 0.00169936323073
            rock: 0.180809929967
        probability: 0.29409211874
        value: "pop"
    genre_electronica:
        all:
            ambient: 0.589583396912
            dnb: 0.100940331817
            house: 0.0397705547512
            techno: 0.0189824849367
            trance: 0.250723272562
        probability: 0.589583396912
        value: "ambient"
    genre_rosamerica:
        all:
            cla: 0.0162243582308
            dan: 0.0147147113457
            hip: 0.00290565844625
            jaz: 0.0255019646138
            pop: 0.0683140009642
            rhy: 0.0259811561555
            roc: 0.843083620071
            spe: 0.00327452993952
        probability: 0.843083620071
        value: "roc"
    genre_tzanetakis:
        all:
            blu: 0.00815560668707
            cla: 0.00955391488969
            cou: 0.230896398425
            dis: 0.024653300643
            hip: 0.0031713959761
            jaz: 0.037747785449
            met: 0.0219664555043
            pop: 0.162505447865
            reg: 0.01192258019
            roc: 0.489427119493
        probability: 0.489427119493
        value: "roc"
    live_studio:
        all:
            live: 0.873728513718
            studio: 0.126271486282
        probability: 0.873728513718
        value: "live"
    mood:
        all:
            Cluster1: 0.305901348591
            Cluster2: 0.154365867376
            Cluster3: 0.367215365171
            Cluster4: 0.0580643303692
            Cluster5: 0.114453099668
        probability: 0.367215365171
        value: "Cluster3"
    mood_acoustic:
        all:
            acoustic: 0.360860079527
            not_acoustic: 0.639139950275
        probability: 0.639139950275
        value: "not_acoustic"
    mood_aggressive:
        all:
            aggressive: 0.0690545961261
            not_aggressive: 0.930945396423
        probability: 0.930945396423
        value: "not_aggressive"
    mood_electronic:
        all:
            electronic: 0.134040981531
            not_electronic: 0.865958988667
        probability: 0.865958988667
        value: "not_electronic"
    mood_happy:
        all:
            happy: 0.282875597477
            not_happy: 0.717124402523
        probability: 0.717124402523
        value: "not_happy"
    mood_party:
        all:
            not_party: 0.966101050377
            party: 0.0338989682496
        probability: 0.966101050377
        value: "not_party"
    mood_relaxed:
        all:
            not_relaxed: 0.0525285154581
            relaxed: 0.947471499443
        probability: 0.947471499443
        value: "relaxed"
    mood_sad:
        all:
            not_sad: 0.115478284657
            sad: 0.884521722794
        probability: 0.884521722794
        value: "sad"
    rhythm:
        all:
            fast: 0.350696921349
            medium: 0.193835780025
            slow: 0.455467313528
        probability: 0.455467313528
        value: "slow"
    speech_music:
        all:
            music: 0.999749004841
            speech: 0.000250992743531
        probability: 0.999749004841
        value: "music"
    timbre:
        all:
            bright: 0.920505106449
            dark: 0.0794949010015
        probability: 0.920505106449
        value: "bright"
    voice_instrumental:
        all:
            instrumental: 0.0520620979369
            voice: 0.947937905788
        probability: 0.947937905788
        value: "voice"

lowlevel:
    average_loudness: 0.963618934155
    barkbands_kurtosis:
        dmean: 2.49504041672
        dmean2: 3.86657190323
        dvar: 11.9836206436
        dvar2: 27.847858429
        max: 53.7246551514
        mean: 5.47362327576
        min: -1.74212372303
        var: 43.5993385315
    barkbands_skewness:
        dmean: 0.442576259375
        dmean2: 0.680952906609
        dvar: 0.174100339413
        dvar2: 0.367401510477
        max: 6.44230413437
        mean: 2.08094263077
        min: -0.346829801798
        var: 1.09815204144
    barkbands_spread:
        dmean: 3.947701931
        dmean2: 6.03835868835
        dvar: 19.6245994568
        dvar2: 37.8908691406
        max: 61.8272628784
        mean: 17.8525485992
        min: 2.58348703384
        var: 101.959671021
    dissonance:
        dmean: 0.0199580937624
        dmean2: 0.0332626625896
        dvar: 0.000281880842522
        dvar2: 0.000718661234714
        max: 0.497249901295
        mean: 0.445145279169
        min: 0.360784351826
        var: 0.000590418581851
    hfc:
        dmean: 0.775703072548
        dmean2: 1.13279020786
        dvar: 1.17726826668
        dvar2: 2.45543861389
        max: 17.8131866455
        mean: 3.5956454277
        min: 0.54417103529
        var: 6.14443778992
    pitch:
        dmean: 185.764312744
        dmean2: 359.168121338
        dvar: 514106.15625
        dvar2: 1431647.75
        max: 5512.5
        mean: 326.248840332
        min: 71.9412689209
        var: 527377.5625
    pitch_instantaneous_confidence:
        dmean: 0.0758184418082
        dmean2: 0.127876326442
        dvar: 0.00429521594197
        dvar2: 0.0110431648791
        max: 0.738128423691
        mean: 0.429586797953
        min: 0.164695501328
        var: 0.013839719817
    pitch_salience:
        dmean: 0.0602449923754
        dmean2: 0.100700959563
        dvar: 0.00253521371633
        dvar2: 0.00663756439462
        max: 0.811829149723
        mean: 0.611726105213
        min: 0.319145232439
        var: 0.0069829178974
    silence_rate_20dB:
        dmean: 0
        dmean2: 0
        dvar: 0
        dvar2: 0
        max: 1
        mean: 1
        min: 1
        var: 0
    silence_rate_30dB:
        dmean: 0
        dmean2: 0
        dvar: 0
        dvar2: 0
        max: 1
        mean: 1
        min: 1
        var: 0
    silence_rate_60dB:
        dmean: 0.0974477976561
        dmean2: 0.195348843932
        dvar: 0.0879518464208
        dvar2: 0.208350971341
        max: 1
        mean: 0.206018522382
        min: 0
        var: 0.163574486971
    spectral_centroid:
        dmean: 126.464431763
        dmean2: 201.432174683
        dvar: 34170.484375
        dvar2: 74652.7265625
        max: 2661.78320312
        mean: 668.086975098
        min: 270.091094971
        var: 118216.015625
    spectral_complexity:
        dmean: 1.69930064678
        dmean2: 2.75467300415
        dvar: 2.41074347496
        dvar2: 5.85336637497
        max: 22
        mean: 9.07674407959
        min: 3
        var: 10.1871166229
    spectral_crest:
        dmean: 2.3052418232
        dmean2: 3.79121994972
        dvar: 4.14266872406
        dvar2: 9.29975318909
        max: 22.0054397583
        mean: 10.3659944534
        min: 3.34474825859
        var: 17.1564903259
    spectral_decrease:
        dmean: 2.88477741694e-10
        dmean2: 4.68335203951e-10
        dvar: 6.97765297662e-20
        dvar2: 1.85147603863e-19
        max: -1.68455971394e-10
        mean: -1.36691080677e-09
        min: -3.21110982249e-09
        var: 3.49127681701e-19
    spectral_energy:
        dmean: 0.00113373447675
        dmean2: 0.00183698337059
        dvar: 1.08264441678e-06
        dvar2: 2.85883174911e-06
        max: 0.0125484047458
        mean: 0.00548517238349
        min: 0.000686154700816
        var: 5.53685731575e-06
    spectral_energyband_high:
        dmean: 6.62864840706e-05
        dmean2: 9.36286887736e-05
        dvar: 1.99323260119e-08
        dvar2: 3.2638819647e-08
        max: 0.00251568923704
        mean: 0.000145277095726
        min: 8.99037058844e-06
        var: 5.10213631344e-08
    spectral_energyband_low:
        dmean: 0.000190173726878
        dmean2: 0.000308177288389
        dvar: 7.2693971731e-08
        dvar2: 1.90927025301e-07
        max: 0.00253945123404
        mean: 0.000409073749324
        min: 8.51900949783e-06
        var: 1.1603611938e-07
    spectral_energyband_middle_high:
        dmean: 0.000207085016882
        dmean2: 0.000325134256855
        dvar: 1.01472856784e-07
        dvar2: 3.05576548953e-07
        max: 0.00497584044933
        mean: 0.0007742671296
        min: 9.25312415347e-05
        var: 6.36570973711e-07
    spectral_energyband_middle_low:
        dmean: 0.00102708197664
        dmean2: 0.00167606992181
        dvar: 9.30657620302e-07
        dvar2: 2.45027877099e-06
        max: 0.0107588423416
        mean: 0.00415651639923
        min: 0.000413535337429
        var: 4.04679212807e-06
    spectral_flatness_db:
        dmean: 0.0165146309882
        dmean2: 0.0254426617175
        dvar: 0.00025073508732
        dvar2: 0.000504783645738
        max: 0.284278601408
        mean: 0.180431157351
        min: 0.0992896556854
        var: 0.00123120239004
    spectral_flux:
        dmean: 0.0076544797048
        dmean2: 0.0124766081572
        dvar: 4.93970146636e-05
        dvar2: 0.000122568832012
        max: 0.0800271779299
        mean: 0.0324832610786
        min: 0.0118635585532
        var: 0.00013152473548
    spectral_kurtosis:
        dmean: 1.35335600376
        dmean2: 2.11529994011
        dvar: 2.13875555992
        dvar2: 4.56772851944
        max: 17.413772583
        mean: 5.79314136505
        min: -0.555632352829
        var: 6.76312971115
    spectral_rms:
        dmean: 0.000242861846345
        dmean2: 0.000386685016565
        dvar: 4.42900187636e-08
        dvar2: 1.08860547243e-07
        max: 0.0034989065025
        mean: 0.00225679879077
        min: 0.000818180444185
        var: 2.58248661567e-07
    spectral_rolloff:
        dmean: 373.392486572
        dmean2: 608.916381836
        dvar: 337368.625
        dvar2: 700955.5
        max: 5383.30078125
        mean: 1186.7800293
        min: 236.865234375
        var: 1061084.25
    spectral_skewness:
        dmean: 0.185740739107
        dmean2: 0.278593450785
        dvar: 0.0380693152547
        dvar2: 0.0667605474591
        max: 3.55150461197
        mean: 2.01013875008
        min: 0.45812907815
        var: 0.199578925967
    spectral_spread:
        dmean: 524195.875
        dmean2: 699228.125
        dvar: 367026536448
        dvar2: 619857903616
        max: 12673457
        mean: 4970169.5
        min: 2977728.5
        var: 1.70858682778e+12
    spectral_strongpeak:
        dmean: 0.161327406764
        dmean2: 0.280791521072
        dvar: 0.0873670578003
        dvar2: 0.258691102266
        max: 3.08509039879
        mean: 0.380937665701
        min: 0.0319243371487
        var: 0.0810395255685
    zerocrossingrate:
        dmean: 0.00695203244686
        dmean2: 0.00794483814389
        dvar: 5.66779417568e-05
        dvar2: 5.92094111198e-05
        max: 0.16748046875
        mean: 0.0480752624571
        min: 0.015625
        var: 0.000445153273176
    barkbands:
        dmean: [3.93425750644e-07, 4.57658679807e-05, 0.000160936775501, 0.000244151102379, 0.000755747547373, 0.000385022256523, 0.00017523758288, 0.000102142126707, 9.74322247203e-05, 7.79248148319e-05, 1.77934707608e-05, 2.84554535028e-05, 1.68205242517e-05, 1.65042547451e-05, 7.21410178812e-05, 5.63240391784e-05, 3.25456203427e-05, 4.53436659882e-05, 3.38112367899e-05, 4.45512087026e-05, 2.6351724955e-05, 1.23067302411e-05, 2.66374672719e-06, 1.28012732148e-06, 7.77275090513e-07, 5.37861275518e-08, 3.98309885075e-10]
        dmean2: [6.0354773268e-07, 7.29771418264e-05, 0.000261033914285, 0.00041293623508, 0.00127854850143, 0.000607494381256, 0.00026581203565, 0.000146021397086, 0.000140521282447, 0.00012013232481, 2.7516445698e-05, 4.42183700216e-05, 2.63283309323e-05, 2.60835404333e-05, 0.000119630043628, 9.72072957666e-05, 5.62787863601e-05, 6.87411738909e-05, 5.36674233445e-05, 6.89161170158e-05, 3.99034324801e-05, 1.68512087839e-05, 3.81095674129e-06, 1.88538126622e-06, 9.56655981099e-07, 7.69965708969e-08, 6.46447118058e-10]
        dvar: [1.05277353675e-12, 2.59173393857e-09, 6.48083684496e-08, 1.15443796744e-07, 6.5231967028e-07, 2.52078166341e-07, 4.54266881889e-08, 2.83831163017e-08, 3.04200362677e-08, 2.29448744449e-08, 1.31997479613e-09, 1.25914290106e-09, 1.24541599256e-09, 4.72609507085e-10, 3.09578211954e-08, 4.36252669545e-08, 6.5984524511e-09, 4.30151247954e-09, 3.25644067267e-09, 8.59963744659e-09, 1.960412499e-09, 2.15804996095e-09, 1.74694550492e-10, 1.67438510973e-11, 6.80049376187e-12, 1.13919917472e-14, 1.23172507845e-18]
        dvar2: [1.97229255497e-12, 7.03392055712e-09, 1.76343775138e-07, 3.31263379394e-07, 1.69347060819e-06, 6.56250051634e-07, 9.27936127937e-08, 6.03223924145e-08, 5.75683074544e-08, 6.4666352273e-08, 3.28834026675e-09, 2.98129898546e-09, 3.48144046924e-09, 1.18501797264e-09, 8.63659224137e-08, 1.32245546069e-07, 2.10829309566e-08, 1.03552793007e-08, 7.90369547587e-09, 1.74126277841e-08, 3.68960328956e-09, 4.45149250794e-09, 3.5271963128e-10, 3.45272664626e-11, 7.5053357626e-12, 2.10898803304e-14, 1.85560578954e-18]
        max: [1.05335466287e-05, 0.000401720550144, 0.00241764239036, 0.00332602509297, 0.00799634680152, 0.00666737556458, 0.00206081010401, 0.00219396920875, 0.00256109400652, 0.0017605467001, 0.000592003576458, 0.000527971889824, 0.000508338038344, 0.000318493461236, 0.00212560570799, 0.00296691106632, 0.00123136246111, 0.000874435645528, 0.00077925529331, 0.00132244883571, 0.000589091388974, 0.000794224557467, 0.000252806290518, 7.42304764572e-05, 6.17694749963e-05, 1.68452834259e-06, 1.99697076653e-08]
        mean: [7.82606718985e-07, 0.000101930061646, 0.000306402274873, 0.000608801143244, 0.00175715854857, 0.000953734910581, 0.000375067524146, 0.000208137716982, 0.000233692902839, 0.000139554016641, 2.95786430797e-05, 5.78347608098e-05, 3.09208953695e-05, 3.06742040266e-05, 0.000139465380926, 8.82052117959e-05, 6.94525951985e-05, 0.000106926810986, 7.32557600713e-05, 9.48576489463e-05, 5.32499288965e-05, 1.77210276888e-05, 3.6513449686e-06, 2.49137860919e-06, 1.55300313054e-06, 7.68271846141e-08, 4.52994808331e-10]
        min: [1.86899606902e-10, 9.69657207861e-07, 6.39995414531e-06, 5.86884743825e-06, 0.000120616976346, 2.67128398264e-05, 1.21226266856e-05, 4.65311495645e-06, 3.10224004352e-06, 1.71746307842e-06, 1.53851829054e-06, 2.09483937397e-06, 1.63748200066e-06, 1.44740727137e-06, 2.8570300401e-06, 2.7345304261e-06, 3.90915238313e-06, 3.18557749779e-06, 3.85682915294e-06, 4.68964663014e-06, 3.62270998266e-06, 3.12452897333e-07, 8.12518337057e-08, 8.15858669512e-08, 3.32544338733e-08, 5.99679972346e-10, 4.41126708729e-13]
        var: [1.96681343087e-12, 6.92132884339e-09, 1.09713951701e-07, 4.57006052557e-07, 1.85278906883e-06, 1.08589665615e-06, 1.44886044495e-07, 8.6082430073e-08, 1.39800448551e-07, 5.26364338782e-08, 1.90559856783e-09, 3.37550054574e-09, 1.66266744817e-09, 1.02163122406e-09, 9.6886211054e-08, 6.30787511113e-08, 1.91032771824e-08, 1.82924164704e-08, 5.8266862446e-09, 2.28208403286e-08, 4.15631795647e-09, 3.64082697324e-09, 2.09662329165e-10, 2.44221864953e-11, 2.54538699146e-11, 2.64984499729e-14, 1.2842484624e-18]
    mfcc:
        mean: [-728.708435059, 144.040740967, -18.641500473, 49.2435302734, -7.49172544479, -11.8116579056, -1.06958353519, -15.7196598053, -4.81658220291, -7.19819784164, -11.656914711, -4.98085927963, -12.0042562485]
        cov: [[913.528198242, -370.63571167, -97.2894287109, -36.0431900024, -44.2057304382, -57.6509819031, -59.4998817444, 12.1635370255, 86.2450561523, 127.184677124, 11.4227275848, -78.2159576416, -15.7433633804], [-370.63571167, 476.897583008, -99.9197387695, -59.3142356873, 18.7189083099, -42.590511322, 31.8643417358, -12.933423996, -54.3312454224, 25.5517959595, -49.7831726074, 38.5428657532, -36.6551551819], [-97.2894287109, -99.9197387695, 285.860687256, -4.16064500809, -11.4313192368, 78.0613098145, -7.04103708267, -27.8787574768, -39.0955123901, -71.1361846924, 32.5876159668, 9.9161939621, 6.36337614059], [-36.0431900024, -59.3142356873, -4.16064500809, 152.114807129, 19.3690299988, -4.3573718071, -1.42090332508, 8.40397453308, 25.8278236389, -27.6188354492, 13.9307165146, 4.59231567383, 30.5138454437], [-44.2057304382, 18.7189083099, -11.4313192368, 19.3690299988, 108.039024353, -29.4208126068, 5.88080739975, -3.7083773613, 5.51493310928, -8.80748844147, -13.3393955231, 8.64541053772, -7.15834379196], [-57.6509819031, -42.590511322, 78.0613098145, -4.3573718071, -29.4208126068, 160.284439087, 15.333650589, -4.26729154587, -34.8012733459, -36.1085777283, 55.7707061768, -14.1775598526, 13.6862592697], [-59.4998817444, 31.8643417358, -7.04103708267, -1.42090332508, 5.88080739975, 15.333650589, 62.9345550537, 20.3854751587, -4.41554069519, -11.4383516312, -2.85232400894, 5.6453666687, -1.62323534489], [12.1635370255, -12.933423996, -27.8787574768, 8.40397453308, -3.7083773613, -4.26729154587, 20.3854751587, 61.9269294739, 23.430973053, -5.84734153748, 2.93376898766, 3.17693114281, 9.12836742401], [86.2450561523, -54.3312454224, -39.0955123901, 25.8278236389, 5.51493310928, -34.8012733459, -4.41554069519, 23.430973053, 93.4173583984, 23.8530769348, -2.25431108475, -2.55445599556, 18.8507537842], [127.184677124, 25.5517959595, -71.1361846924, -27.6188354492, -8.80748844147, -36.1085777283, -11.4383516312, -5.84734153748, 23.8530769348, 133.715270996, 1.52857089043, -15.9609670639, -19.0647697449], [11.4227275848, -49.7831726074, 32.5876159668, 13.9307165146, -13.3393955231, 55.7707061768, -2.85232400894, 2.93376898766, -2.25431108475, 1.52857089043, 77.5299453735, 4.99604606628, 10.5897264481], [-78.2159576416, 38.5428657532, 9.9161939621, 4.59231567383, 8.64541053772, -14.1775598526, 5.6453666687, 3.17693114281, -2.55445599556, -15.9609670639, 4.99604606628, 65.7822265625, 19.4241905212], [-15.7433633804, -36.6551551819, 6.36337614059, 30.5138454437, -7.15834379196, 13.6862592697, -1.62323534489, 9.12836742401, 18.8507537842, -19.0647697449, 10.5897264481, 19.4241905212, 70.0117263794]]
        icov: [[0.00283977598883, 0.00263740308583, 0.00122911622748, 0.00127267593052, 0.000608761329204, 0.000770390790422, 0.000875821511727, -1.72649179149e-05, -0.000295242702123, -0.00170822488144, -1.03557686089e-05, 0.000955246970989, 0.000638080236968], [0.00263740308583, 0.00564245833084, 0.00236595841125, 0.00175695575308, 0.000416238763137, 0.000528490985744, -0.000462704862002, 0.000704007630702, 0.00150531006511, -0.0020477832295, 0.00153454812244, -0.00162968994118, 0.00166025094222], [0.00122911622748, 0.00236595841125, 0.00589984934777, 0.00118576805107, 0.0004129979352, -0.00121565605514, 0.0006058155559, 0.0022925271187, 0.000702904828358, 0.00150131911505, -0.000552971498109, -0.00127099838573, 0.00111290148925], [0.00127267593052, 0.00175695575308, 0.00118576805107, 0.00893712881953, -0.00120715855155, 0.00147853209637, 8.09779739939e-05, 0.000549442251213, -0.00149903562851, 0.00137171673123, -0.00226328033023, 0.00131706194952, -0.00252501713112], [0.000608761329204, 0.000416238763137, 0.0004129979352, -0.00120715855155, 0.0106859290972, 0.00184899976011, -0.0013745528413, 0.0016748807393, -0.000855929916725, 0.000790396530647, 0.0003651130246, -0.000917550409213, 0.00196932186373], [0.000770390790422, 0.000528490985744, -0.00121565605514, 0.00147853209637, 0.00184899976011, 0.0128184519708, -0.00368916871957, 0.00104358408134, 0.00301352981478, 0.00191568641458, -0.00848423596472, 0.0056415698491, -0.00319399964064], [0.000875821511727, -0.000462704862002, 0.0006058155559, 8.09779739939e-05, -0.0013745528413, -0.00368916871957, 0.0208688247949, -0.00770674971864, 0.000454441673355, -8.19887281978e-05, 0.00264789629728, -0.00155873107724, 0.00182091293391], [-1.72649179149e-05, 0.000704007630702, 0.0022925271187, 0.000549442251213, 0.0016748807393, 0.00104358408134, -0.00770674971864, 0.0223690122366, -0.00508260773495, 0.00271874479949, -0.00228757946752, -0.000404911086662, -0.000643931794912], [-0.000295242702123, 0.00150531006511, 0.000702904828358, -0.00149903562851, -0.000855929916725, 0.00301352981478, 0.000454441673355, -0.00508260773495, 0.0166178382933, -0.00281661935151, -7.23475459381e-05, 0.000936484837439, -0.00418245606124], [-0.00170822488144, -0.0020477832295, 0.00150131911505, 0.00137171673123, 0.000790396530647, 0.00191568641458, -8.19887281978e-05, 0.00271874479949, -0.00281661935151, 0.0122090885416, -0.00390917155892, 0.00178610906005, 0.0013381462777], [-1.03557686089e-05, 0.00153454812244, -0.000552971498109, -0.00226328033023, 0.0003651130246, -0.00848423596472, 0.00264789629728, -0.00228757946752, -7.23475459381e-05, -0.00390917155892, 0.021144837141, -0.00557386130095, 0.00119641888887], [0.000955246970989, -0.00162968994118, -0.00127099838573, 0.00131706194952, -0.000917550409213, 0.0056415698491, -0.00155873107724, -0.000404911086662, 0.000936484837439, 0.00178610906005, -0.00557386130095, 0.0219252612442, -0.00728262448683], [0.000638080236968, 0.00166025094222, 0.00111290148925, -0.00252501713112, 0.00196932186373, -0.00319399964064, 0.00182091293391, -0.000643931794912, -0.00418245606124, 0.0013381462777, 0.00119641888887, -0.00728262448683, 0.0205773599446]]
    spectral_contrast:
        mean: [6.07373920047e-08, -3.54249124257e-07, 6.15788309233e-08, 1.44679876968e-08, 4.65990495968e-07, 3.34409788749e-09, 3.36766242981e-06, 1.36175822263e-06, 1.3881644918e-06, -2.58490103988e-06, -2.74721969618e-06, -1.14440922516e-06]
        var: [0.00043976563029, 0.000669821049087, 0.00097749743145, 0.00237770751119, 0.00299272174016, 0.00564398942515, 0.039716348052, 0.0732136368752, 0.118758536875, 0.192562699318, 0.229991748929, 0.465790212154]

rhythm:
    beats_loudness:
        dmean: 0.00222438806668
        dmean2: 0.00358684267849
        dvar: 2.76535411103e-06
        dvar2: 9.20445108932e-06
        max: 0.0104633243755
        mean: 0.0057747378014
        min: 0.00314368563704
        var: 4.14755868405e-06
    beats_loudness_bass:
        dmean: 0.114692240953
        dmean2: 0.165725365281
        dvar: 0.0135520761833
        dvar2: 0.0314051397145
        max: 0.474066019058
        mean: 0.189504861832
        min: 0.0289836134762
        var: 0.0162638258189
    bpm: 84.2732543945
    bpm_confidence: 0
    first_peak_bpm: 84
    first_peak_spread: 0
    first_peak_weight: 0.923076927662
    onset_rate: 3.88793945312
    second_peak_bpm: 71
    second_peak_spread: 0
    second_peak_weight: 0.0769230797887
    beats_position: [0.174243479967, 0.884343624115, 1.59444367886, 2.30454397202, 3.01464414597, 3.72474455833, 4.43484449387, 5.14494514465, 5.8550453186, 6.69939422607, 7.41324663162, 8.12709903717, 8.84095191956, 9.55480384827]
    bpm_estimates: [84.4552536011, 84.242805481, 84.5220184326, 84.7620239258, 84.0528030396, 84.0547561646, 84.0675888062, 84.0287780762]
    bpm_intervals: [0.71010017395, 0.710100054741, 0.710100293159, 0.71010017395, 0.710100412369, 0.710099935532, 0.710100650787, 0.71010017395, 0.844348907471, 0.713852405548, 0.713852405548, 0.713852882385, 0.713851928711]
    onset_times: [0.0580498874187, 0.522448956966, 0.824308395386, 1.17260766029, 1.38158726692, 1.57895696163, 2.27555561066, 2.84444451332, 3.45977330208, 3.58748292923, 3.7151927948, 3.75002264977, 3.88934230804, 4.43501138687, 4.48145103455, 4.55111122131, 4.69043064117, 4.80653047562, 5.10838985443, 5.32897949219, 5.74693870544, 5.8282084465, 6.08362817764, 6.42031764984, 6.57124710083, 6.81505680084, 6.91954660416, 7.2910656929, 7.33750581741, 7.58131504059, 7.8251247406, 7.98766422272, 8.53333377838, 8.71909332275, 8.88163280487, 9.0093421936, 9.24154186249, 9.43891143799, 9.78721046448]
    rubato_start: []
    rubato_stop: []
    perceptual_tempo: "unknown"

sfx:
    inharmonicity:
        dmean: 0.0239918157458
        dmean2: 0.0422694087029
        dvar: 0.0013464181684
        dvar2: 0.00334866391495
        max: 0.320217996836
        mean: 0.0229746382684
        min: 1.70882813109e-05
        var: 0.00135374767706
    oddtoevenharmonicenergyratio:
        dmean: 4.82297801971
        dmean2: 9.50361442566
        dvar: 837.08404541
        dvar2: 2846.72900391
        max: 317.149993896
        mean: 2.67509889603
        min: 5.42006273463e-05
        var: 423.712036133
    pitch_after_max_to_before_max_energy_ratio: 0.658819198608
    pitch_centroid: 162.425720215
    pitch_max_to_total: 0.286046504974
    pitch_min_to_total: 0.862790703773
    tristimulus:
        dmean: [0.204714402556, 0.204767420888, 0.0591487661004]
        dmean2: [0.363099396229, 0.363937437534, 0.103319987655]
        dvar: [0.036188185215, 0.0356076695025, 0.00421715714037]
        dvar2: [0.103839233518, 0.10221966356, 0.0123930079862]
        max: [0.980930268764, 0.958386182785, 0.447651654482]
        mean: [0.526600420475, 0.384877115488, 0.0745931044221]
        min: [0.00505386525765, 0, 0]
        var: [0.0561535283923, 0.0494395159185, 0.00482704630122]

tonal:
    chords_changes_rate: 0.0416666679084
    chords_number_rate: 0.0138888889924
    chords_strength:
        dmean: 0.00646415958181
        dmean2: 0.00683937547728
        dvar: 2.98430313705e-05
        dvar2: 3.18083439197e-05
        max: 0.632550537586
        mean: 0.543886125088
        min: 0.420507669449
        var: 0.00243196031079
    key_strength: 0.843172609806
    tuning_diatonic_strength: 0.663437783718
    tuning_equal_tempered_deviation: 0.0680244043469
    tuning_frequency: 438.984558105
    tuning_nontempered_energy_ratio: 0.676234900951
    hpcp:
        dmean: [0.227332577109, 0.228623077273, 0.119083702564, 0.0573620013893, 0.0611610151827, 0.0778273642063, 0.0853520557284, 0.0663144290447, 0.0435456968844, 0.028538974002, 0.0248278621584, 0.0443255901337, 0.0700768306851, 0.104335814714, 0.171536386013, 0.18888284266, 0.164950191975, 0.100946396589, 0.0487315654755, 0.0282994583249, 0.0755467489362, 0.0897017121315, 0.0941164940596, 0.0463233627379, 0.0404826775193, 0.0502012297511, 0.084489993751, 0.103693790734, 0.0948193594813, 0.131643176079, 0.131162077188, 0.103757120669, 0.073847450316, 0.0517576038837, 0.0995794162154, 0.180735722184]
        dmean2: [0.385825693607, 0.375222027302, 0.209846526384, 0.103383593261, 0.108204416931, 0.13769069314, 0.142693504691, 0.108312234282, 0.0708522126079, 0.0465542301536, 0.0433906204998, 0.0767935663462, 0.104819439352, 0.178534522653, 0.303735673428, 0.304576277733, 0.267131507397, 0.178240090609, 0.0896531641483, 0.0487334467471, 0.129061162472, 0.144972443581, 0.146056413651, 0.0728165358305, 0.0677388682961, 0.0875937193632, 0.143314898014, 0.172162473202, 0.158065423369, 0.22831620276, 0.21135610342, 0.170968577266, 0.129545018077, 0.0877568796277, 0.176059827209, 0.321356624365]
        dvar: [0.062385879457, 0.0711044669151, 0.0359326191247, 0.0147811779752, 0.0230013765395, 0.0298486426473, 0.025459907949, 0.0204943008721, 0.0098999645561, 0.00377546530217, 0.00327368616126, 0.00639782007784, 0.0145482607186, 0.030908767134, 0.035153709352, 0.042452506721, 0.0300059895962, 0.025755206123, 0.0238734669983, 0.00608977349475, 0.0239463653415, 0.0213012769818, 0.0209453478456, 0.0112096918747, 0.00849466584623, 0.00913622975349, 0.0219213049859, 0.0298200454563, 0.028537908569, 0.0402027890086, 0.0396028161049, 0.0286707896739, 0.027184844017, 0.0109893763438, 0.0321906916797, 0.0571909472346]
        dvar2: [0.171886414289, 0.185221239924, 0.0963729545474, 0.0410527028143, 0.0636172443628, 0.0864311978221, 0.0647931471467, 0.0497852899134, 0.0223415847868, 0.00976316258311, 0.00867415871471, 0.0173641853034, 0.0293413046747, 0.084061846137, 0.0975814983249, 0.0938196629286, 0.0727257728577, 0.0768393576145, 0.0670375004411, 0.0184366907924, 0.0675115808845, 0.0466284789145, 0.0522880963981, 0.0232736468315, 0.0172939524055, 0.0250670816749, 0.0630169212818, 0.0718876719475, 0.0739243105054, 0.125324204564, 0.0963097438216, 0.0813667476177, 0.0758410692215, 0.0264821778983, 0.0798898786306, 0.138560146093]
        max: [1, 1, 1, 0.592588961124, 1, 1, 1, 1, 1, 0.452389448881, 0.398922801018, 0.481641411781, 1, 1, 1, 1, 1, 1, 1, 0.606549799442, 1, 1, 1, 1, 0.921676456928, 0.583124697208, 1, 1, 1, 1, 1, 1, 1, 0.78569483757, 1, 1]
        mean: [0.411617338657, 0.298754453659, 0.0968407094479, 0.0396189205348, 0.0446668416262, 0.0800935849547, 0.109364084899, 0.0843897536397, 0.0511153079569, 0.0326002426445, 0.0278531741351, 0.0534579753876, 0.103532612324, 0.118743240833, 0.266254961491, 0.519449472427, 0.393734514713, 0.113475643098, 0.0352541916072, 0.024106040597, 0.0960998982191, 0.173107370734, 0.122332207859, 0.0498719289899, 0.0363993868232, 0.0427734553814, 0.096752397716, 0.149914681911, 0.12296500802, 0.181104123592, 0.264852494001, 0.169303640723, 0.0652382746339, 0.0459138005972, 0.0838588774204, 0.252054423094]
        min: [0.00185976352077, 0.0016626821598, 0.000670346256811, 0.000157102243975, 0.000540174893104, 0.000743885000702, 0.000675347808283, 0.00199455674738, 0.000737940950785, 0.000742394302506, 0.000550407334231, 0.00102196400985, 0.00130188837647, 0.00103386596311, 0.0132589321584, 0.0169284101576, 0.00457690283656, 0.000795626838226, 0.000364395702491, 0.000283466040855, 0.00116624927614, 0.00249809911475, 0.00170321238693, 0.000347310386132, 0.00036212822306, 0.000831246725284, 0.00104735337663, 0.00145195354708, 0.00108335411642, 0.000586537586059, 0.00107505731285, 0.00167203997262, 0.000856435974129, 0.000383976352168, 0.000249243981671, 0.000853344041388]
        var: [0.12528860569, 0.0915653407574, 0.0276995189488, 0.00970219541341, 0.0154442228377, 0.0262869670987, 0.031896777451, 0.0207886137068, 0.0109584545717, 0.00395351694897, 0.00334781827405, 0.00722361542284, 0.0380003191531, 0.0419653616846, 0.0568495988846, 0.120325937867, 0.0993918776512, 0.0306372139603, 0.0146868014708, 0.00390078523196, 0.0373616293073, 0.0672437250614, 0.0309095252305, 0.0131875798106, 0.00808608345687, 0.00747044570744, 0.0193721558899, 0.0508944950998, 0.0452358201146, 0.0568189136684, 0.123816661537, 0.0571461729705, 0.0240002982318, 0.0108747463673, 0.0308765657246, 0.084598839283]
    chords_histogram: [43.055557251, 0, 0, 0, 0, 0, 0, 0, 0, 0, 0, 0, 0, 0, 0, 0, 0, 7.87037038803, 0, 0, 0, 0, 49.0740737915, 0]
    thpcp: [1, 0.757984220982, 0.218453675508, 0.0678683742881, 0.0464069023728, 0.185003355145, 0.333251595497, 0.235503569245, 0.0960092023015, 0.0700730085373, 0.0823438242078, 0.186259493232, 0.288603007793, 0.236721783876, 0.34864628315, 0.509871542454, 0.325928986073, 0.125591188669, 0.088389351964, 0.161437988281, 0.48523375392, 0.792410731316, 0.575136721134, 0.18642950058, 0.0762709826231, 0.0859888121486, 0.154189363122, 0.210538446903, 0.162459984422, 0.0984028503299, 0.0627592206001, 0.0536205656826, 0.10291275382, 0.199312195182, 0.228594407439, 0.512571454048]
    chords_key: "G"
    chords_scale: "major"
    key_key: "D"
    key_scale: "major"
    chords_progression: ["G", "G", "G", "G", "G", "G", "G", "G", "G", "G", "G", "G", "G", "G", "G", "G", "G", "G", "G", "G", "G", "G", "G", "G", "G", "G", "G", "G", "G", "G", "G", "G", "G", "G", "G", "G", "G", "G", "G", "G", "G", "G", "G", "G", "G", "G", "G", "G", "G", "G", "G", "G", "D", "D", "D", "D", "D", "D", "D", "D", "D", "D", "G", "G", "G", "G", "G", "G", "G", "G", "G", "G", "G", "G", "G", "G", "G", "G", "G", "G", "G", "G", "G", "G", "G", "G", "G", "G", "G", "G", "G", "G", "G", "G", "G", "G", "G", "G", "G", "G", "G", "G", "G", "G", "G", "G", "G", "G", "G", "G", "G", "G", "G", "G", "G", "G", "D", "D", "D", "D", "D", "D", "D", "D", "D", "D", "Dm", "Dm", "Dm", "Dm", "D", "Dm", "Dm", "Dm", "Dm", "Dm", "Dm", "Dm", "Dm", "Dm", "D", "D", "D", "D", "D", "D", "Dm", "Dm", "Dm", "Dm", "D", "D", "D", "D", "D", "D", "D", "D", "D", "D", "D", "D", "D", "D", "D", "D", "D", "D", "D", "D", "D", "D", "D", "D", "D", "D", "D", "D", "D", "D", "D", "D", "D", "D", "D", "D", "D", "D", "D", "D", "D", "D", "D", "D", "D", "D", "D", "D", "D", "D", "D", "D", "D", "D", "D", "D", "D", "D", "D", "D", "D", "D", "D", "D", "D", "D"]
