
metadata:
    version:
        essentia: "1.2.2"
    audio_properties:
        analysis_sample_rate: 44100
        bitrate: 128
        channels: 2
        equal_loudness: 1
        length: 10.0048980713
        replay_gain: -12.9924526215
        downmix: "mix"
    tags:
        track: 30
        year: 0
        album: "Splitted by Mp3Splt v. 2.1"
        artist: "From 004.50 To 005.00"
        comment: "http://mp3splt.sf.net"
        genre: ""
        title: "03 Summer's Over.mp3"

highlevel:
    ballroom:
        all:
            ChaChaCha: 0.558369159698
            Jive: 0.138578206301
            Quickstep: 0.00150634790771
            Rumba-American: 0.000627422996331
            Rumba-International: 0.00412926031277
            Rumba-Misc: 0.00134086166508
            Samba: 0.293690532446
            Tango: 0.000469004648039
            VienneseWaltz: 0.000797373882961
            Waltz: 0.000491841987241
        probability: 0.558369159698
        value: "ChaChaCha"
    culture:
        all:
            non_western: 0.103757329285
            western: 0.896242678165
        probability: 0.896242678165
        value: "western"
    gender:
        all:
            female: 0.832400381565
            male: 0.167599618435
        probability: 0.832400381565
        value: "female"
    genre_dortmund:
        all:
            alternative: 0.0909791588783
            blues: 0.0036826536525
            electronic: 0.305449157953
            folkcountry: 0.0336809232831
            funksoulrnb: 0.0280184298754
            jazz: 0.0454291701317
            pop: 0.0684140324593
            raphiphop: 0.0717583075166
            rock: 0.352588146925
        probability: 0.352588146925
        value: "rock"
    genre_electronica:
        all:
            ambient: 0.0217317510396
            dnb: 0.186052784324
            house: 0.0366613157094
            techno: 0.0160043705255
            trance: 0.73954975605
        probability: 0.73954975605
        value: "trance"
    genre_rosamerica:
        all:
            cla: 0.00263145240024
            dan: 0.901974380016
            hip: 0.013483537361
            jaz: 0.00248096254654
            pop: 0.0155700491741
            rhy: 0.0124899670482
            roc: 0.0499500781298
            spe: 0.00141960172914
        probability: 0.901974380016
        value: "dan"
    genre_tzanetakis:
        all:
            blu: 0.00947414245456
            cla: 0.0069805663079
            cou: 0.0225190166384
            dis: 0.148210391402
            hip: 0.120370134711
            jaz: 0.0466960072517
            met: 0.0663905590773
            pop: 0.459042906761
            reg: 0.072768509388
            roc: 0.0475477650762
        probability: 0.459042906761
        value: "pop"
    live_studio:
        all:
            live: 0.309934616089
            studio: 0.690065383911
        probability: 0.690065383911
        value: "studio"
    mood:
        all:
            Cluster1: 0.477818191051
            Cluster2: 0.106813743711
            Cluster3: 0.0859831422567
            Cluster4: 0.0975766405463
            Cluster5: 0.231808274984
        probability: 0.477818191051
        value: "Cluster1"
    mood_acoustic:
        all:
            acoustic: 0.00541366543621
            not_acoustic: 0.994586348534
        probability: 0.994586348534
        value: "not_acoustic"
    mood_aggressive:
        all:
            aggressive: 0.978903830051
            not_aggressive: 0.0210961550474
        probability: 0.978903830051
        value: "aggressive"
    mood_electronic:
        all:
            electronic: 0.991191804409
            not_electronic: 0.00880818907171
        probability: 0.991191804409
        value: "electronic"
    mood_happy:
        all:
            happy: 0.612368762493
            not_happy: 0.387631237507
        probability: 0.612368762493
        value: "happy"
    mood_party:
        all:
            not_party: 0.128402367234
            party: 0.871597647667
        probability: 0.871597647667
        value: "party"
    mood_relaxed:
        all:
            not_relaxed: 0.36194062233
            relaxed: 0.63805937767
        probability: 0.63805937767
        value: "relaxed"
    mood_sad:
        all:
            not_sad: 0.959697723389
            sad: 0.0403022803366
        probability: 0.959697723389
        value: "not_sad"
    rhythm:
        all:
            fast: 0.928799271584
            medium: 0.035584192723
            slow: 0.0356165356934
        probability: 0.928799271584
        value: "fast"
    speech_music:
        all:
            music: 0.999977886677
            speech: 2.21059726755e-05
        probability: 0.999977886677
        value: "music"
    timbre:
        all:
            bright: 0.0985061153769
            dark: 0.901493906975
        probability: 0.901493906975
        value: "dark"
    voice_instrumental:
        all:
            instrumental: 0.183341771364
            voice: 0.816658198833
        probability: 0.816658198833
        value: "voice"

lowlevel:
    average_loudness: 0.973298370838
    barkbands_kurtosis:
        dmean: 0.711097121239
        dmean2: 1.19649791718
        dvar: 1.13486170769
        dvar2: 2.92597150803
        max: 7.53171253204
        mean: -0.900479137897
        min: -1.86815452576
        var: 1.51592624187
    barkbands_skewness:
        dmean: 0.448102235794
        dmean2: 0.713774800301
        dvar: 0.162811264396
        dvar2: 0.406322240829
        max: 2.82206940651
        mean: 0.308337390423
        min: -1.85525095463
        var: 0.606842517853
    barkbands_spread:
        dmean: 6.89595174789
        dmean2: 10.982421875
        dvar: 35.9002113342
        dvar2: 88.0259933472
        max: 69.3615036011
        mean: 45.244228363
        min: 16.1722202301
        var: 101.758926392
    dissonance:
        dmean: 0.0130832465366
        dmean2: 0.0220657344908
        dvar: 0.000156573427375
        dvar2: 0.000432084314525
        max: 0.498028218746
        mean: 0.469756960869
        min: 0.375049591064
        var: 0.000314229575451
    hfc:
        dmean: 2.5823392868
        dmean2: 4.23737573624
        dvar: 9.65062713623
        dvar2: 24.9004688263
        max: 32.126537323
        mean: 7.59455490112
        min: 0.0274777282029
        var: 22.8967571259
    pitch:
        dmean: 1403.91931152
        dmean2: 2745.61572266
        dvar: 3171572
        dvar2: 7150429.5
        max: 4900
        mean: 2410.32177734
        min: 78.0531005859
        var: 3770625
    pitch_instantaneous_confidence:
        dmean: 0.087045699358
        dmean2: 0.142616078258
        dvar: 0.00527220172808
        dvar2: 0.012133218348
        max: 0.746058344841
        mean: 0.43069294095
        min: 0.173541903496
        var: 0.0136330844834
    pitch_salience:
        dmean: 0.0664079114795
        dmean2: 0.114646740258
        dvar: 0.00384717504494
        dvar2: 0.0099734319374
        max: 0.81844997406
        mean: 0.590819895267
        min: 0.375807195902
        var: 0.00739362603053
    silence_rate_20dB:
        dmean: 0
        dmean2: 0
        dvar: 0
        dvar2: 0
        max: 1
        mean: 1
        min: 1
        var: 0
    silence_rate_30dB:
        dmean: 0
        dmean2: 0
        dvar: 0
        dvar2: 0
        max: 1
        mean: 1
        min: 1
        var: 0
    silence_rate_60dB:
        dmean: 0.14385150373
        dmean2: 0.2883720994
        dvar: 0.123158566654
        dvar2: 0.233120769262
        max: 1
        mean: 0.342592597008
        min: 0
        var: 0.225223183632
    spectral_centroid:
        dmean: 376.500823975
        dmean2: 619.559509277
        dvar: 113901.609375
        dvar2: 288806.03125
        max: 3724.36914062
        mean: 1763.99279785
        min: 503.781005859
        var: 412587.09375
    spectral_complexity:
        dmean: 3.46744179726
        dmean2: 5.71328687668
        dvar: 12.8070716858
        dvar2: 30.204492569
        max: 37
        mean: 13.7331790924
        min: 0
        var: 35.9218482971
    spectral_crest:
        dmean: 2.0039999485
        dmean2: 3.37275528908
        dvar: 3.11522293091
        dvar2: 8.90921783447
        max: 15.8030252457
        mean: 6.98096084595
        min: 3.04173898697
        var: 5.16629266739
    spectral_decrease:
        dmean: 3.75433045763e-10
        dmean2: 5.97860538853e-10
        dvar: 3.19958941007e-19
        dvar2: 7.7819275363e-19
        max: -6.58971445119e-12
        mean: -1.00985964036e-09
        min: -4.98205698918e-09
        var: 4.05593460156e-19
    spectral_energy:
        dmean: 0.00158784969244
        dmean2: 0.00252031139098
        dvar: 5.24264987689e-06
        dvar2: 1.26821014419e-05
        max: 0.0202469155192
        mean: 0.00450029131025
        min: 2.73632249446e-05
        var: 7.07144545231e-06
    spectral_energyband_high:
        dmean: 0.000382852274925
        dmean2: 0.000634806463495
        dvar: 1.92009181887e-07
        dvar2: 5.16906368375e-07
        max: 0.00520564848557
        mean: 0.0008779388736
        min: 1.50356265749e-06
        var: 4.1970955067e-07
    spectral_energyband_low:
        dmean: 0.00041545467684
        dmean2: 0.000638153171167
        dvar: 4.45239066948e-07
        dvar2: 1.01840691968e-06
        max: 0.00578736979514
        mean: 0.000605167180765
        min: 1.06917855192e-06
        var: 5.43011140053e-07
    spectral_energyband_middle_high:
        dmean: 0.000362109451089
        dmean2: 0.000581315136515
        dvar: 1.76938257823e-07
        dvar2: 4.11163284753e-07
        max: 0.00411924906075
        mean: 0.00110277428757
        min: 5.56801842322e-06
        var: 5.10720212787e-07
    spectral_energyband_middle_low:
        dmean: 0.00113081024028
        dmean2: 0.00188707374036
        dvar: 3.88016587749e-06
        dvar2: 1.0179531273e-05
        max: 0.0153687065467
        mean: 0.00191438978072
        min: 1.9222514311e-05
        var: 3.6677386106e-06
    spectral_flatness_db:
        dmean: 0.0177689772099
        dmean2: 0.0280892569572
        dvar: 0.000247564690653
        dvar2: 0.000584169581998
        max: 0.224560335279
        mean: 0.135619655252
        min: 0.0706525444984
        var: 0.000792411505245
    spectral_flux:
        dmean: 0.0096299694851
        dmean2: 0.0143355224282
        dvar: 0.000156248221174
        dvar2: 0.000276615290204
        max: 0.116286471486
        mean: 0.040602426976
        min: 0.00523098697886
        var: 0.000352505565388
    spectral_kurtosis:
        dmean: 0.789420247078
        dmean2: 1.23277533054
        dvar: 0.599687516689
        dvar2: 1.43603229523
        max: 8.81252288818
        mean: 2.21155357361
        min: -0.0228667259216
        var: 1.29367303848
    spectral_rms:
        dmean: 0.00033353123581
        dmean2: 0.000513557519298
        dvar: 1.60479345368e-07
        dvar2: 3.65913763289e-07
        max: 0.00444444455206
        mean: 0.0020248091314
        min: 0.000163388584042
        var: 2.90675245651e-07
    spectral_rolloff:
        dmean: 549.797485352
        dmean2: 941.135864258
        dvar: 545534.9375
        dvar2: 1395155.75
        max: 5727.83203125
        mean: 3906.05102539
        min: 430.6640625
        var: 952385.1875
    spectral_skewness:
        dmean: 0.147563368082
        dmean2: 0.24210549891
        dvar: 0.0186029151082
        dvar2: 0.0437147095799
        max: 2.22087717056
        mean: 1.09871828556
        min: 0.180027663708
        var: 0.0658975169063
    spectral_spread:
        dmean: 1022149.9375
        dmean2: 1345050.375
        dvar: 1.50251909939e+12
        dvar2: 2.29519654912e+12
        max: 16857536
        mean: 6291222.5
        min: 3539708.25
        var: 3.97482839245e+12
    spectral_strongpeak:
        dmean: 0.454049497843
        dmean2: 0.836964666843
        dvar: 0.668625950813
        dvar2: 1.77255856991
        max: 6.10662269592
        mean: 0.491785496473
        min: 0.00851461756974
        var: 0.576769292355
    zerocrossingrate:
        dmean: 0.0108784520999
        dmean2: 0.0129354698583
        dvar: 8.22280708235e-05
        dvar2: 0.000113461224828
        max: 0.18310546875
        mean: 0.108970552683
        min: 0.0234375
        var: 0.000707333965693
    barkbands:
        dmean: [1.2857284446e-06, 0.000184466218343, 0.000307393289404, 0.000445067882538, 0.000645535299554, 0.000219533263589, 0.000122660101624, 5.19508830621e-05, 6.85853447067e-05, 3.16468358506e-05, 5.22040754731e-05, 4.36706286564e-05, 5.56472077733e-05, 4.09331405535e-05, 6.58469143673e-05, 3.16153673339e-05, 3.89436718251e-05, 5.975285967e-05, 0.0001319758303, 0.000213523278944, 0.000219047651626, 6.74980692565e-05, 2.0659133952e-05, 7.0534315455e-06, 5.94833136347e-06, 1.33113940137e-06, 3.48108497583e-09]
        dmean2: [1.74444380718e-06, 0.000295028788969, 0.000479402777273, 0.000778761750553, 0.00117148959544, 0.000343579187756, 0.000185267490451, 8.61900043674e-05, 0.000107797619421, 5.18051856488e-05, 8.3978062321e-05, 6.6650165536e-05, 9.40561367315e-05, 6.77558418829e-05, 9.98057948891e-05, 5.49373944523e-05, 6.69073997415e-05, 0.0001041063515, 0.000227569253184, 0.000354719464667, 0.000379071308998, 0.000113791771582, 3.49128386006e-05, 1.16226692626e-05, 9.80031472864e-06, 2.10643975151e-06, 5.26579979621e-09]
        dvar: [2.96296299128e-12, 4.61360407655e-08, 3.73326912495e-07, 7.0123326168e-07, 2.02166597774e-06, 5.73529064241e-08, 2.30248211608e-08, 7.41571026808e-09, 9.63366364459e-09, 3.84881326809e-09, 5.75978864603e-09, 5.17274534317e-09, 9.98624472004e-09, 3.34300453986e-09, 1.2004541361e-08, 2.62639732185e-09, 2.67034705459e-09, 3.67956554115e-09, 2.84136252304e-08, 4.70218246562e-08, 8.44610070772e-08, 1.40643523494e-08, 1.32173760825e-09, 1.60160926188e-10, 9.76339079028e-11, 9.94496672513e-12, 5.83822964609e-16]
        dvar2: [5.3468180404e-12, 1.22383951862e-07, 8.55414270973e-07, 1.92386391973e-06, 5.80408550377e-06, 1.35188727768e-07, 5.49575140951e-08, 1.97433180915e-08, 2.52576111137e-08, 9.58952028896e-09, 1.23981811484e-08, 1.20566552297e-08, 2.72976059534e-08, 9.4545278273e-09, 2.71662052853e-08, 6.89232892981e-09, 7.16776948906e-09, 1.03637249893e-08, 7.68042269783e-08, 1.17635018171e-07, 2.38409370468e-07, 3.82683609246e-08, 3.56874862995e-09, 4.14769801838e-10, 2.50002851754e-10, 2.58075453369e-11, 6.41698131857e-16]
        max: [1.42308490467e-05, 0.00190237432253, 0.00509330350906, 0.00694532040507, 0.00944745820016, 0.00252557336353, 0.0016862739576, 0.000678306154441, 0.000777324603405, 0.000529773824383, 0.00067025719909, 0.00100042624399, 0.000755137647502, 0.000530541234184, 0.00109148479532, 0.000588330090977, 0.000574836856686, 0.000586758600548, 0.00147305207793, 0.00268672965467, 0.00386317982338, 0.000855306570884, 0.000245528150117, 8.63930981723e-05, 5.43155838386e-05, 1.88912235899e-05, 4.89977082907e-07]
        mean: [2.24746440836e-06, 0.00028662281693, 0.000316318881232, 0.000445530487923, 0.00058440095745, 0.000497716595419, 0.000225339303142, 6.03463449806e-05, 9.54361094045e-05, 3.61889433407e-05, 7.01057724655e-05, 7.2548915341e-05, 7.93060680735e-05, 6.43154489808e-05, 0.00012365776638, 4.48903774668e-05, 7.05069251126e-05, 0.000114967784612, 0.000241818430368, 0.000522533548065, 0.000420556752943, 8.69936848176e-05, 2.28404369409e-05, 7.55032442612e-06, 6.37378116153e-06, 1.1749841633e-06, 3.16251069776e-09]
        min: [6.42496750247e-11, 1.02478836084e-07, 3.53531618202e-07, 6.56387214804e-07, 4.66339679406e-06, 6.36134427623e-06, 1.87630985238e-06, 3.66110270988e-08, 1.64100590894e-08, 4.45588369757e-07, 5.34306536792e-07, 2.18702453481e-07, 2.91773318395e-07, 4.76449564246e-08, 2.67265335196e-07, 6.78095659623e-08, 2.42138298745e-07, 7.64034894019e-07, 2.30336922868e-06, 1.01824048215e-06, 6.50078106901e-07, 1.02603188168e-07, 1.84329405073e-08, 5.56016299669e-09, 7.89156917591e-09, 4.91203300257e-10, 1.1652463933e-12]
        var: [8.87117462822e-12, 6.84870684609e-08, 3.86544144249e-07, 5.49752996903e-07, 1.31080685151e-06, 1.83740439752e-07, 5.29350643319e-08, 7.47258255274e-09, 1.26374493092e-08, 3.96495547506e-09, 9.19817999545e-09, 1.30947634958e-08, 1.07745625755e-08, 7.29042826109e-09, 3.58979086457e-08, 4.72153027786e-09, 6.23876506012e-09, 7.92667531613e-09, 4.89660720859e-08, 9.48116181121e-08, 1.64516194445e-07, 1.87238047289e-08, 1.51616563748e-09, 1.5232240469e-10, 9.63964116862e-11, 8.68620800287e-12, 5.75671966558e-16]
    mfcc:
        mean: [-702.57989502, 96.9565963745, -20.4776878357, 69.319442749, -21.7497348785, 4.32930421829, 8.92952632904, -17.1718406677, -3.85880565643, -4.84132099152, -1.908634305, -0.888788759708, -0.722111880779]
        cov: [[1612.82983398, -633.523864746, 343.817138672, -368.605957031, 2.885004282, 87.1982955933, -132.912918091, 209.100219727, 56.9570503235, -46.5510673523, -2.00560569763, -84.4811935425, -63.6924133301], [-633.523864746, 742.911132812, -295.935028076, 161.807830811, -92.383430481, -60.2355499268, 108.045951843, -117.678588867, -24.4635829926, 15.1371250153, -19.4540863037, 41.7469024658, 19.5295753479], [343.817138672, -295.935028076, 482.321960449, -56.6828536987, 104.956756592, 6.0087351799, -11.5764570236, 54.7766799927, -10.1723976135, -50.6482658386, 47.0863952637, 12.219420433, -9.2452173233], [-368.605957031, 161.807830811, -56.6828536987, 196.226028442, 55.61277771, -2.68123531342, 31.1510810852, -70.7424163818, -11.0001087189, 26.8764305115, 24.1657772064, 41.3376197815, 26.461566925], [2.885004282, -92.383430481, 104.956756592, 55.61277771, 210.117172241, 62.8129196167, 21.7899875641, -13.6533842087, 19.1038398743, 20.4451675415, 17.5965499878, 7.24204826355, 25.7912254333], [87.1982955933, -60.2355499268, 6.0087351799, -2.68123531342, 62.8129196167, 99.8372879028, 35.5207824707, 26.6970176697, 23.7151679993, 26.0436191559, 8.86849880219, -3.42390203476, 13.5542526245], [-132.912918091, 108.045951843, -11.5764570236, 31.1510810852, 21.7899875641, 35.5207824707, 130.277023315, 26.4769916534, 16.8944530487, 14.7761535645, 28.115404129, 34.2515563965, 16.8889751434], [209.100219727, -117.678588867, 54.7766799927, -70.7424163818, -13.6533842087, 26.6970176697, 26.4769916534, 130.972640991, 62.7824325562, 9.62912082672, -2.52024888992, -21.3477611542, -9.71209049225], [56.9570503235, -24.4635829926, -10.1723976135, -11.0001087189, 19.1038398743, 23.7151679993, 16.8944530487, 62.7824325562, 106.338745117, 58.7783584595, -5.92874479294, -27.6884250641, -1.20845758915], [-46.5510673523, 15.1371250153, -50.6482658386, 26.8764305115, 20.4451675415, 26.0436191559, 14.7761535645, 9.62912082672, 58.7783584595, 101.689682007, 29.9412002563, -4.49871110916, -1.5619109869], [-2.00560569763, -19.4540863037, 47.0863952637, 24.1657772064, 17.5965499878, 8.86849880219, 28.115404129, -2.52024888992, -5.92874479294, 29.9412002563, 98.0034637451, 56.0715827942, -4.00865316391], [-84.4811935425, 41.7469024658, 12.219420433, 41.3376197815, 7.24204826355, -3.42390203476, 34.2515563965, -21.3477611542, -27.6884250641, -4.49871110916, 56.0715827942, 93.6892547607, 33.5541305542], [-63.6924133301, 19.5295753479, -9.2452173233, 26.461566925, 25.7912254333, 13.5542526245, 16.8889751434, -9.71209049225, -1.20845758915, -1.5619109869, -4.00865316391, 33.5541305542, 71.4624710083]]
        icov: [[0.00174154818524, 0.000112148394692, -0.000557247316465, 0.00225652381778, -4.30328946095e-05, -0.00180819176603, 0.00197353260592, -0.00113315344788, -0.000423747987952, 0.000642410595901, -0.000693887413945, -0.000286911730655, 0.000454634689959], [0.000112148394692, 0.00342433014885, 0.00103019992821, -0.00132052425761, 0.00136319105513, 0.00158267840743, -0.00370526732877, 0.0028748952318, -0.00116820365656, 0.000285024114419, 0.0012758129742, -0.000268737261649, 0.000444832956418], [-0.000557247316465, 0.00103019992821, 0.00401482684538, -0.000344515865436, -0.00215453724377, 0.00237361993641, -0.00109044229612, -0.000651753973216, -4.73970970916e-07, 0.00244365958497, -0.00232831807807, 0.00069456291385, -3.80340970878e-05], [0.00225652381778, -0.00132052425761, -0.000344515865436, 0.0121070826426, -0.00303853210062, -0.00115964189172, 0.00215828814544, 0.00146113277879, -0.000920323305763, -0.000832915015053, -0.00144830055069, -0.00231940392405, -0.000176499699592], [-4.30328946095e-05, 0.00136319105513, -0.00215453724377, -0.00303853210062, 0.00949645694345, -0.00477678887546, -0.00161503313575, 0.00431970786303, -0.00297155510634, 0.000289513613097, 0.00034391254303, 0.00117845775094, -0.00169502058998], [-0.00180819176603, 0.00158267840743, 0.00237361993641, -0.00115964189172, -0.00477678887546, 0.0190800521523, -0.00718743028119, -0.000947585620452, 0.0025915929582, -0.00380423967727, 8.20670247776e-05, 0.00297643709928, -0.00306497537531], [0.00197353260592, -0.00370526732877, -0.00109044229612, 0.00215828814544, -0.00161503313575, -0.00718743028119, 0.0174716729671, -0.00783363636583, -6.02838190389e-05, 0.00156776793301, -0.00334114953876, -0.00369071867317, 0.000162375901709], [-0.00113315344788, 0.0028748952318, -0.000651753973216, 0.00146113277879, 0.00431970786303, -0.000947585620452, -0.00783363636583, 0.021152548492, -0.0125023713335, 0.00401722453535, 0.000321516155964, 0.000558322353754, 0.000558102212381], [-0.000423747987952, -0.00116820365656, -4.73970970916e-07, -0.000920323305763, -0.00297155510634, 0.0025915929582, -6.02838190389e-05, -0.0125023713335, 0.0257348064333, -0.0146170770749, 0.00408504065126, 0.0032119769603, -0.00198495830409], [0.000642410595901, 0.000285024114419, 0.00244365958497, -0.000832915015053, 0.000289513613097, -0.00380423967727, 0.00156776793301, 0.00401722453535, -0.0146170770749, 0.0240689702332, -0.0121490973979, 0.00510710477829, -0.000888850656338], [-0.000693887413945, 0.0012758129742, -0.00232831807807, -0.00144830055069, 0.00034391254303, 8.20670247776e-05, -0.00334114953876, 0.000321516155964, 0.00408504065126, -0.0121490973979, 0.0278459768742, -0.0186299532652, 0.0100745670497], [-0.000286911730655, -0.000268737261649, 0.00069456291385, -0.00231940392405, 0.00117845775094, 0.00297643709928, -0.00369071867317, 0.000558322353754, 0.0032119769603, 0.00510710477829, -0.0186299532652, 0.0304879695177, -0.0144695751369], [0.000454634689959, 0.000444832956418, -3.80340970878e-05, -0.000176499699592, -0.00169502058998, -0.00306497537531, 0.000162375901709, 0.000558102212381, -0.00198495830409, -0.000888850656338, 0.0100745670497, -0.0144695751369, 0.0228740852326]]
    spectral_contrast:
        mean: [-4.66957800427e-07, 1.16028530783e-07, 1.12441533417e-07, -2.38418579102e-07, -4.00213735929e-07, 9.07207606815e-08, -3.15994498123e-06, -1.18310379094e-06, -1.05400647499e-06, 7.63105390433e-07, -1.05022070329e-06, -3.57890621672e-06]
        var: [0.000361878337571, 0.000789462414104, 0.00178538507316, 0.00187090691179, 0.00303230457939, 0.00462642172351, 0.0423624441028, 0.105696462095, 0.199747189879, 0.317688316107, 0.500584602356, 1.65493953228]

rhythm:
    beats_loudness:
        dmean: 0.00347690284252
        dmean2: 0.00574383279309
        dvar: 7.9679348346e-06
        dvar2: 2.06516979233e-05
        max: 0.0163697320968
        mean: 0.00652668904513
        min: 0.00268730986863
        var: 1.0185291103e-05
    beats_loudness_bass:
        dmean: 0.16663262248
        dmean2: 0.299488276243
        dvar: 0.0137377558276
        dvar2: 0.0571946315467
        max: 0.577505707741
        mean: 0.317507833242
        min: 0.0642284378409
        var: 0.0212542507797
    bpm: 125.775062561
    bpm_confidence: 0
    first_peak_bpm: 126
    first_peak_spread: 0
    first_peak_weight: 0.947368443012
    onset_rate: 4.89760112762
    second_peak_bpm: 83
    second_peak_spread: 0
    second_peak_weight: 0.0526315793395
    beats_position: [0.233139127493, 0.709983885288, 1.18682873249, 1.66367340088, 2.1405184269, 2.61736321449, 3.09420800209, 3.57105302811, 4.0478978157, 4.5247426033, 5.0015873909, 5.47843265533, 6.19983625412, 6.67710161209, 7.15436649323, 7.63163089752, 8.10889625549, 8.58616161346, 9.06342601776, 9.54069137573]
    bpm_estimates: [125.711585999, 125.841033936, 125.910377502, 126.049247742, 125.80770874, 125.89642334, 125.82635498, 125.484939575, 125.78314209, 125.874206543, 125.914733887, 125.876022339, 125.912826538, 125.636711121, 125.830635071, 124.527923584, 125.95652771, 125.851608276, 125.848609924, 125.84614563, 125.889457703]
    bpm_intervals: [0.476844757795, 0.476844847202, 0.476844668388, 0.476845026016, 0.476844787598, 0.476844787598, 0.476845026016, 0.476844787598, 0.476844787598, 0.476844787598, 0.476845264435, 0.721403598785, 0.477265357971, 0.477264881134, 0.477264404297, 0.477265357971, 0.477265357971, 0.477264404297, 0.477265357971]
    onset_times: [0.0464399084449, 0.220589563251, 0.452789127827, 0.580498874187, 0.859138309956, 0.975238084793, 1.18421769142, 1.4164172411, 1.66022670269, 1.90403628349, 2.13623571396, 2.38004541397, 2.62385487556, 2.76317453384, 3.03020405769, 3.11147403717, 3.34367346764, 3.58748292923, 3.81968259811, 4.06349229813, 4.29569149017, 4.55111122131, 4.66721105576, 4.94585037231, 5.02712011337, 5.27092981339, 5.50312948227, 5.73532867432, 5.97913837433, 6.22294807434, 6.46675729752, 6.59446716309, 6.87310647964, 6.94276666641, 7.17496585846, 7.4303855896, 7.63936519623, 7.90639448166, 8.13859367371, 8.34757328033, 8.38240337372, 8.52172374725, 8.64943313599, 8.78875255585, 8.85841274261, 9.0906124115, 9.34603214264, 9.57823085785, 9.82204055786]
    rubato_start: []
    rubato_stop: []
    perceptual_tempo: "unknown"

sfx:
    inharmonicity:
        dmean: 0.0522289425135
        dmean2: 0.0900149792433
        dvar: 0.00248686107807
        dvar2: 0.00739469286054
        max: 0.28783673048
        mean: 0.0589353628457
        min: 0
        var: 0.00302080484107
    oddtoevenharmonicenergyratio:
        dmean: 4.50659704208
        dmean2: 8.26796722412
        dvar: 550.249145508
        dvar2: 1436.66564941
        max: 275.211395264
        mean: 2.94306993484
        min: 0
        var: 333.341278076
    pitch_after_max_to_before_max_energy_ratio: 167.8646698
    pitch_centroid: 216.621688843
    pitch_max_to_total: 0.0208816714585
    pitch_min_to_total: 0.00464037107304
    tristimulus:
        dmean: [0.221160799265, 0.270001292229, 0.223744943738]
        dmean2: [0.388354599476, 0.471148759127, 0.39475184679]
        dvar: [0.0360174141824, 0.0475028604269, 0.0368198081851]
        dvar2: [0.105194091797, 0.139325082302, 0.102698758245]
        max: [1, 0.99611479044, 0.843817532063]
        mean: [0.311958611012, 0.410958975554, 0.220670968294]
        min: [0.00388525496237, 0, 0]
        var: [0.0492995046079, 0.063056319952, 0.0467099361122]

tonal:
    chords_changes_rate: 0.0460829511285
    chords_number_rate: 0.0138248847798
    chords_strength:
        dmean: 0.00598988309503
        dmean2: 0.00726649910212
        dvar: 2.34247909248e-05
        dvar2: 3.39237158187e-05
        max: 0.667621970177
        mean: 0.562020421028
        min: 0.455894351006
        var: 0.00266360654496
    key_strength: 0.773357689381
    tuning_diatonic_strength: 0.56081366539
    tuning_equal_tempered_deviation: 0.0691559538245
    tuning_frequency: 439.491973877
    tuning_nontempered_energy_ratio: 0.659708440304
    hpcp:
        dmean: [0.120278790593, 0.135877937078, 0.206028848886, 0.251044899225, 0.185172736645, 0.124292097986, 0.132092639804, 0.147087320685, 0.164847061038, 0.174359291792, 0.141014277935, 0.133738607168, 0.163888812065, 0.146858379245, 0.132410481572, 0.151636198163, 0.199041709304, 0.22980453074, 0.249926626682, 0.214413717389, 0.104803867638, 0.0760569050908, 0.10894074291, 0.150433242321, 0.169018998742, 0.166666671634, 0.206433281302, 0.206679239869, 0.150738969445, 0.103624902666, 0.0912655293941, 0.0816864147782, 0.0923886969686, 0.111893504858, 0.136817291379, 0.133638262749]
        dmean2: [0.222355097532, 0.238363131881, 0.348439514637, 0.428709149361, 0.30527946353, 0.223824724555, 0.233696833253, 0.244363814592, 0.27389895916, 0.30480119586, 0.250932335854, 0.232223808765, 0.279358029366, 0.256879925728, 0.230921462178, 0.270589083433, 0.337256342173, 0.374989837408, 0.419773072004, 0.362963914871, 0.18903054297, 0.138816982508, 0.197966769338, 0.256238251925, 0.295619249344, 0.290849417448, 0.370890855789, 0.350642293692, 0.247909516096, 0.191769421101, 0.16448777914, 0.143187463284, 0.161596611142, 0.195548355579, 0.251426637173, 0.243319407105]
        dvar: [0.039958473295, 0.0359606407583, 0.0341189205647, 0.0517414361238, 0.0245324373245, 0.0306144244969, 0.0335849188268, 0.0319645479321, 0.035962138325, 0.0428861938417, 0.0332411974669, 0.0275895316154, 0.0326772145927, 0.0403452590108, 0.0351656153798, 0.0324689149857, 0.0485268794, 0.0402057878673, 0.0550208836794, 0.0534357614815, 0.023238863796, 0.0172486267984, 0.034903883934, 0.0456429570913, 0.0479145050049, 0.0389915928245, 0.0461702980101, 0.0435924455523, 0.0266587212682, 0.025596473366, 0.0296927727759, 0.0214453823864, 0.0109518133104, 0.0177600998431, 0.0345856510103, 0.0367137640715]
        dvar2: [0.115297749639, 0.100575499237, 0.102631822228, 0.124646641314, 0.0678259283304, 0.0856585204601, 0.091446518898, 0.0839955359697, 0.0941156372428, 0.128351777792, 0.100950472057, 0.0856337472796, 0.0878219008446, 0.116999320686, 0.0999416261911, 0.0814911946654, 0.137877359986, 0.103319063783, 0.128956690431, 0.13776665926, 0.0642741695046, 0.0485539510846, 0.0946577563882, 0.114964358509, 0.120449498296, 0.113145120442, 0.120938457549, 0.0965067073703, 0.0658554285765, 0.0726902261376, 0.0834777802229, 0.0593554750085, 0.032674074173, 0.0521004907787, 0.104961611331, 0.10886605829]
        max: [1, 1, 1, 1, 1, 1, 1, 1, 1, 1, 1, 1, 1, 1, 1, 1, 1, 1, 1, 1, 0.886126220226, 1, 0.933423757553, 1, 1, 1, 1, 1, 1, 0.988339602947, 1, 1, 0.733383178711, 0.868275165558, 1, 1]
        mean: [0.108964264393, 0.130170315504, 0.416532874107, 0.611494958401, 0.347565680742, 0.144394442439, 0.186307951808, 0.249799907207, 0.272703528404, 0.240591853857, 0.171739444137, 0.181538507342, 0.236865609884, 0.190402120352, 0.170228913426, 0.205213367939, 0.243829786777, 0.393400609493, 0.477513819933, 0.276664912701, 0.0909627452493, 0.0718015581369, 0.092149078846, 0.162395849824, 0.204593360424, 0.176002934575, 0.317357987165, 0.448929578066, 0.26028957963, 0.0966689363122, 0.0900993868709, 0.0977341383696, 0.126055136323, 0.141947746277, 0.139412388206, 0.134019628167]
        min: [0.00156246998813, 0.00434700073674, 0.0539563931525, 0.0809512510896, 0.0261850170791, 0.00333094992675, 0.00168787676375, 0.00409947754815, 0.00819012243301, 0.0118401562795, 0.0104320449755, 0.0121529493481, 0.0145200770348, 0.00791224651039, 0.00489536719397, 0.00609945924953, 0.00653993524611, 0.0124843874946, 0.0104171186686, 0.0105875441805, 0.000337992358254, 0.00018404032744, 0.000901903084014, 0.00143109669443, 0.0035064863041, 0.0050908899866, 0.0140448911116, 0.00733318505809, 0.0129205165431, 0.00361030059867, 0.00165146705694, 0.000960881239735, 0.00186137761921, 0.00422841822729, 0.00359914079309, 0.00185383623466]
        var: [0.0282253231853, 0.0287963952869, 0.0451691411436, 0.0897946432233, 0.0494889579713, 0.0351068787277, 0.0488668307662, 0.052436850965, 0.0529895238578, 0.0501921959221, 0.0312870927155, 0.0260862614959, 0.044966313988, 0.0488828532398, 0.0430471077561, 0.0422533415258, 0.0611632652581, 0.0829053074121, 0.112139232457, 0.0653489381075, 0.0194332897663, 0.0134050110355, 0.0257057435811, 0.0471599325538, 0.0635953396559, 0.0406626947224, 0.0670979693532, 0.1019250229, 0.0462445728481, 0.0186743661761, 0.0231127664447, 0.0209277272224, 0.0171073265374, 0.0224987193942, 0.0295143872499, 0.0298690907657]
    chords_histogram: [91.7050704956, 6.45161294937, 0, 0, 0, 0, 0, 1.84331798553, 0, 0, 0, 0, 0, 0, 0, 0, 0, 0, 0, 0, 0, 0, 0, 0]
    thpcp: [1, 0.568386852741, 0.236133500934, 0.304676175117, 0.408506900072, 0.445962011814, 0.393448621035, 0.280851781368, 0.296876549721, 0.387354969978, 0.311371535063, 0.278381556273, 0.335592895746, 0.398743748665, 0.643342375755, 0.780895769596, 0.452440232038, 0.148754701018, 0.117419704795, 0.150694742799, 0.265571862459, 0.334578990936, 0.287824004889, 0.518987059593, 0.734150886536, 0.425661027431, 0.158086240292, 0.147342815995, 0.159828200936, 0.206142559648, 0.232132330537, 0.22798615694, 0.21916718781, 0.178193241358, 0.212872266769, 0.681171417236]
    chords_key: "D#"
    chords_scale: "minor"
    key_key: "D#"
    key_scale: "minor"
    chords_progression: ["D#m", "D#m", "D#m", "D#m", "D#m", "D#m", "D#m", "D#m", "D#m", "D#m", "D#m", "D#", "D#", "D#", "D#", "D#m", "D#m", "D#m", "D#m", "D#m", "D#m", "D#m", "D#m", "D#m", "D#m", "D#m", "D#m", "D#m", "D#m", "D#m", "D#m", "D#m", "D#m", "D#m", "D#m", "D#m", "D#m", "D#m", "D#m", "D#m", "D#m", "D#m", "D#m", "D#m", "D#m", "D#m", "D#m", "D#m", "D#m", "D#m", "D#m", "D#m", "F#", "F#", "F#", "D#m", "D#m", "D#m", "D#m", "D#m", "D#m", "D#m", "D#m", "D#m", "D#m", "D#m", "D#m", "D#m", "D#m", "D#m", "D#m", "D#m", "D#m", "D#m", "D#m", "D#m", "D#m", "D#m", "D#m", "D#m", "D#m", "D#m", "D#m", "D#m", "D#m", "D#m", "D#m", "D#m", "D#m", "F#", "D#m", "D#m", "D#m", "D#m", "F#", "D#m", "D#m", "D#m", "F#", "F#", "F#", "F#", "F#", "F#", "F#", "F#", "F#", "D#m", "D#m", "D#m", "D#m", "D#m", "D#m", "D#m", "D#m", "D#m", "D#m", "D#m", "D#m", "D#m", "D#m", "D#m", "D#m", "D#m", "D#m", "D#m", "D#m", "D#m", "D#m", "D#m", "D#m", "D#m", "D#m", "D#m", "D#m", "D#m", "D#m", "D#m", "D#m", "D#m", "D#m", "D#m", "D#m", "D#m", "D#m", "D#m", "D#m", "D#m", "D#m", "D#m", "D#m", "D#m", "D#m", "D#m", "D#m", "D#m", "D#m", "D#m", "D#m", "D#m", "D#m", "D#m", "D#m", "D#m", "D#m", "D#m", "D#m", "D#m", "D#m", "D#m", "D#m", "D#m", "D#m", "D#m", "D#m", "D#m", "D#m", "D#m", "D#m", "D#m", "D#m", "D#m", "D#m", "D#m", "D#m", "D#m", "D#m", "D#m", "D#m", "D#m", "D#m", "D#m", "D#m", "D#m", "D#m", "D#m", "D#m", "D#m", "D#m", "D#m", "D#m", "D#m", "D#m", "D#m", "D#m", "D#m", "D#m", "D#m", "D#m", "D#m", "D#m", "D#m", "D#m", "D#m", "D#m", "D#m", "D#m"]
