
metadata:
    version:
        essentia: "1.2.2"
    audio_properties:
        analysis_sample_rate: 44100
        bitrate: 128
        channels: 2
        equal_loudness: 1
        length: 9.92653083801
        replay_gain: -13.026134491
        downmix: "mix"
    tags:
        track: 16
        year: 0
        album: "Splitted by Mp3Splt v. 2.1"
        artist: "From 002.30 To 002.40"
        comment: "http://mp3splt.sf.net"
        genre: ""
        title: "03 Not Given Lightly.mp3"

highlevel:
    ballroom:
        all:
            ChaChaCha: 0.0411591231823
            Jive: 0.152428433299
            Quickstep: 0.625369608402
            Rumba-American: 0.0110325086862
            Rumba-International: 0.0320061258972
            Rumba-Misc: 0.00817223638296
            Samba: 0.10976164788
            Tango: 0.00484813796356
            VienneseWaltz: 0.00772143155336
            Waltz: 0.00750077376142
        probability: 0.625369608402
        value: "Quickstep"
    culture:
        all:
            non_western: 0.476824134588
            western: 0.523175895214
        probability: 0.523175895214
        value: "western"
    gender:
        all:
            female: 0.993644118309
            male: 0.00635588727891
        probability: 0.993644118309
        value: "female"
    genre_dortmund:
        all:
            alternative: 0.0363937988877
            blues: 0.0431598052382
            electronic: 0.181384623051
            folkcountry: 0.144788295031
            funksoulrnb: 0.0591995082796
            jazz: 0.209242224693
            pop: 0.208463475108
            raphiphop: 0.0372009128332
            rock: 0.0801673606038
        probability: 0.209242224693
        value: "jazz"
    genre_electronica:
        all:
            ambient: 0.621948957443
            dnb: 0.176405772567
            house: 0.0802428796887
            techno: 0.00992607045919
            trance: 0.111476309597
        probability: 0.621948957443
        value: "ambient"
    genre_rosamerica:
        all:
            cla: 0.00407917052507
            dan: 0.00852792616934
            hip: 0.0168941393495
            jaz: 0.0646309480071
            pop: 0.710246384144
            rhy: 0.187556281686
            roc: 0.00510241743177
            spe: 0.00296270777471
        probability: 0.710246384144
        value: "pop"
    genre_tzanetakis:
        all:
            blu: 0.000227718352107
            cla: 0.000269811309408
            cou: 0.00201512384228
            dis: 0.00755022186786
            hip: 0.00152914843056
            jaz: 0.00101043656468
            met: 0.000361839454854
            pop: 0.969999134541
            reg: 0.0151664307341
            roc: 0.00187012413517
        probability: 0.969999134541
        value: "pop"
    live_studio:
        all:
            live: 0.0108462125063
            studio: 0.989153802395
        probability: 0.989153802395
        value: "studio"
    mood:
        all:
            Cluster1: 0.109373621643
            Cluster2: 0.364434838295
            Cluster3: 0.29760107398
            Cluster4: 0.180955082178
            Cluster5: 0.0476353764534
        probability: 0.364434838295
        value: "Cluster2"
    mood_acoustic:
        all:
            acoustic: 0.261891663074
            not_acoustic: 0.738108336926
        probability: 0.738108336926
        value: "not_acoustic"
    mood_aggressive:
        all:
            aggressive: 3.68585483557e-06
            not_aggressive: 0.999996304512
        probability: 0.999996304512
        value: "not_aggressive"
    mood_electronic:
        all:
            electronic: 0.181743174791
            not_electronic: 0.818256795406
        probability: 0.818256795406
        value: "not_electronic"
    mood_happy:
        all:
            happy: 0.321353405714
            not_happy: 0.678646624088
        probability: 0.678646624088
        value: "not_happy"
    mood_party:
        all:
            not_party: 0.638740777969
            party: 0.361259222031
        probability: 0.638740777969
        value: "not_party"
    mood_relaxed:
        all:
            not_relaxed: 0.256769180298
            relaxed: 0.743230819702
        probability: 0.743230819702
        value: "relaxed"
    mood_sad:
        all:
            not_sad: 0.400791287422
            sad: 0.599208712578
        probability: 0.599208712578
        value: "sad"
    rhythm:
        all:
            fast: 0.819612324238
            medium: 0.0902609080076
            slow: 0.0901267752051
        probability: 0.819612324238
        value: "fast"
    speech_music:
        all:
            music: 0.627688884735
            speech: 0.372311085463
        probability: 0.627688884735
        value: "music"
    timbre:
        all:
            bright: 0.817044854164
            dark: 0.182955116034
        probability: 0.817044854164
        value: "bright"
    voice_instrumental:
        all:
            instrumental: 0.557518601418
            voice: 0.442481398582
        probability: 0.557518601418
        value: "instrumental"

lowlevel:
    average_loudness: 0.943087279797
    barkbands_kurtosis:
        dmean: 2.21376252174
        dmean2: 3.51177811623
        dvar: 16.4823970795
        dvar2: 40.0347442627
        max: 46.0973320007
        mean: 2.89633512497
        min: -1.8285651207
        var: 33.9648857117
    barkbands_skewness:
        dmean: 0.602112829685
        dmean2: 0.894931137562
        dvar: 0.629689157009
        dvar2: 1.36569476128
        max: 5.65394353867
        mean: 0.826524615288
        min: -4.69845151901
        var: 1.75710773468
    barkbands_spread:
        dmean: 5.47604370117
        dmean2: 8.19048595428
        dvar: 42.0239715576
        dvar2: 89.043182373
        max: 63.5205421448
        mean: 20.9439373016
        min: 2.31392145157
        var: 185.155899048
    dissonance:
        dmean: 0.0320705398917
        dmean2: 0.0526006147265
        dvar: 0.000958066259045
        dvar2: 0.00250255130231
        max: 0.499209463596
        mean: 0.425003230572
        min: 0.231044396758
        var: 0.00240891287103
    hfc:
        dmean: 3.02453422546
        dmean2: 4.96591854095
        dvar: 76.6047286987
        dvar2: 219.330841064
        max: 83.8665237427
        mean: 4.77571821213
        min: 0.00195253570564
        var: 64.062713623
    pitch:
        dmean: 494.798309326
        dmean2: 957.424133301
        dvar: 1382438.125
        dvar2: 3236085
        max: 4900
        mean: 1045.71069336
        min: 86.3013687134
        var: 2220763.25
    pitch_instantaneous_confidence:
        dmean: 0.0840508416295
        dmean2: 0.123032428324
        dvar: 0.00805082544684
        dvar2: 0.0151848839596
        max: 0.951029419899
        mean: 0.627666950226
        min: 0.184724628925
        var: 0.0416756384075
    pitch_salience:
        dmean: 0.0683106854558
        dmean2: 0.10269023478
        dvar: 0.00443594483659
        dvar2: 0.0106970742345
        max: 0.941477477551
        mean: 0.608441710472
        min: 0.19429475069
        var: 0.0144885489717
    silence_rate_20dB:
        dmean: 0
        dmean2: 0
        dvar: 0
        dvar2: 0
        max: 1
        mean: 1
        min: 1
        var: 0
    silence_rate_30dB:
        dmean: 0
        dmean2: 0
        dvar: 0
        dvar2: 0
        max: 1
        mean: 1
        min: 1
        var: 0
    silence_rate_60dB:
        dmean: 0.0934579446912
        dmean2: 0.187353625894
        dvar: 0.0847235620022
        dvar2: 0.16162031889
        max: 1
        mean: 0.643356621265
        min: 0
        var: 0.229449614882
    spectral_centroid:
        dmean: 333.038848877
        dmean2: 476.962158203
        dvar: 265405.25
        dvar2: 471187.125
        max: 5727.3203125
        mean: 1374.60205078
        min: 151.855987549
        var: 839749.9375
    spectral_complexity:
        dmean: 2.53395795822
        dmean2: 3.82863855362
        dvar: 20.0708618164
        dvar2: 44.6725273132
        max: 40
        mean: 6.96261692047
        min: 0
        var: 36.97057724
    spectral_crest:
        dmean: 2.47063803673
        dmean2: 3.78661727905
        dvar: 5.24492788315
        dvar2: 11.9505062103
        max: 25.0963287354
        mean: 10.9646539688
        min: 3.47458577156
        var: 20.9188556671
    spectral_decrease:
        dmean: 2.60636928706e-10
        dmean2: 3.95800281439e-10
        dvar: 2.99684097959e-19
        dvar2: 8.25131117489e-19
        max: -4.2793728088e-13
        mean: -6.86888323997e-10
        min: -5.39015099221e-09
        var: 5.89354037229e-19
    spectral_energy:
        dmean: 0.0012508755317
        dmean2: 0.00192933308426
        dvar: 7.99761710368e-06
        dvar2: 2.25295589189e-05
        max: 0.0279506482184
        mean: 0.00302564585581
        min: 1.79223286523e-06
        var: 1.24310126921e-05
    spectral_energyband_high:
        dmean: 0.000169475970324
        dmean2: 0.000272557255812
        dvar: 2.87993515258e-07
        dvar2: 7.77762579673e-07
        max: 0.00668834149837
        mean: 0.000216641885345
        min: 9.81576775416e-08
        var: 2.49740082836e-07
    spectral_energyband_low:
        dmean: 5.86628739256e-05
        dmean2: 0.000100709425169
        dvar: 4.38481997378e-08
        dvar2: 1.1962943347e-07
        max: 0.00221430486999
        mean: 8.02848444437e-05
        min: 4.22298604974e-08
        var: 3.49440050229e-08
    spectral_energyband_middle_high:
        dmean: 0.000975079776254
        dmean2: 0.00149333465379
        dvar: 5.20817184224e-06
        dvar2: 1.46051561387e-05
        max: 0.0214647911489
        mean: 0.0019273624057
        min: 4.24556617418e-07
        var: 9.22233448364e-06
    spectral_energyband_middle_low:
        dmean: 0.000256258645095
        dmean2: 0.000368849025108
        dvar: 1.86876519592e-07
        dvar2: 3.60532936838e-07
        max: 0.00496938172728
        mean: 0.000801340793259
        min: 1.01152465959e-06
        var: 5.47575666587e-07
    spectral_flatness_db:
        dmean: 0.0179981645197
        dmean2: 0.0269696116447
        dvar: 0.000348602625309
        dvar2: 0.000752351654228
        max: 0.299321621656
        mean: 0.175909519196
        min: 0.0944810807705
        var: 0.00154787464999
    spectral_flux:
        dmean: 0.0111421402544
        dmean2: 0.0163232404739
        dvar: 0.000248794414802
        dvar2: 0.000526461401023
        max: 0.150744691491
        mean: 0.0278213731945
        min: 0.00133874302264
        var: 0.00054415804334
    spectral_kurtosis:
        dmean: 1.42126488686
        dmean2: 2.25992107391
        dvar: 2.98852705956
        dvar2: 6.13173675537
        max: 24.2679481506
        mean: 4.99670934677
        min: -0.935719251633
        var: 14.6806869507
    spectral_rms:
        dmean: 0.000304639863316
        dmean2: 0.000434476096416
        dvar: 2.28517919254e-07
        dvar2: 5.92468097693e-07
        max: 0.00522196572274
        mean: 0.00150307663716
        min: 4.18153067585e-05
        var: 6.9261113822e-07
    spectral_rolloff:
        dmean: 536.968139648
        dmean2: 871.235473633
        dvar: 640236.375
        dvar2: 1178805.875
        max: 8979.34570312
        mean: 2347.77441406
        min: 129.19921875
        var: 2618349.75
    spectral_skewness:
        dmean: 0.246684908867
        dmean2: 0.363963872194
        dvar: 0.0749606788158
        dvar2: 0.116875179112
        max: 4.14165353775
        mean: 1.7069003582
        min: -0.238081201911
        var: 0.513484716415
    spectral_spread:
        dmean: 607568.625
        dmean2: 900028.1875
        dvar: 504281104384
        dvar2: 976912252928
        max: 14652603
        mean: 5144929
        min: 2440520
        var: 2.30654659789e+12
    spectral_strongpeak:
        dmean: 0.293866723776
        dmean2: 0.447548121214
        dvar: 0.21092016995
        dvar2: 0.531079828739
        max: 4.68223524094
        mean: 0.802834033966
        min: 0.00184022914618
        var: 0.78325510025
    zerocrossingrate:
        dmean: 0.0122184660286
        dmean2: 0.0125944465399
        dvar: 0.000242500027525
        dvar2: 0.000251209217822
        max: 0.275390625
        mean: 0.0728212147951
        min: 0.01318359375
        var: 0.00180803285912
    barkbands:
        dmean: [2.68455409014e-07, 2.55528520938e-05, 4.10321808886e-05, 2.07978482649e-05, 9.15684286156e-05, 5.13796476298e-05, 6.12566363998e-05, 8.45753093017e-05, 5.6164648413e-05, 0.000221902853809, 0.00022298139811, 6.86353960191e-05, 1.80467541213e-05, 2.31811081903e-05, 4.96596403536e-05, 7.0746144047e-05, 8.97436766536e-05, 0.000263206049567, 0.000213140141568, 0.000139019379276, 8.08570912341e-05, 1.87118439499e-05, 6.78764808981e-06, 2.97360702461e-06, 1.87865919088e-06, 5.1377394783e-08, 7.56042950467e-10]
        dmean2: [3.79607854484e-07, 4.72849060316e-05, 6.88334184815e-05, 3.35696277034e-05, 0.00014700301108, 8.73568715178e-05, 8.42299268697e-05, 0.000118758653116, 7.53108761273e-05, 0.000278684950899, 0.000251658493653, 9.64510109043e-05, 2.7531379601e-05, 3.281456884e-05, 7.05931161065e-05, 0.000118734649732, 0.000152454784256, 0.000495505402796, 0.000374058261514, 0.000233651677263, 0.000139796771691, 2.89276995318e-05, 1.01654841274e-05, 4.22996390625e-06, 2.80077642856e-06, 7.54458255869e-08, 1.11755382726e-09]
        dvar: [5.50723908751e-13, 8.29372304167e-09, 1.61843196622e-08, 1.19692400435e-09, 2.18313118694e-08, 4.3529183813e-08, 5.73783651703e-08, 6.23495282071e-08, 2.14144311173e-08, 2.40558790665e-07, 5.75485671561e-07, 1.44718910633e-07, 1.04660635714e-09, 2.29810459551e-09, 1.368333713e-08, 6.33191845623e-08, 7.72859820586e-08, 9.73101464297e-07, 4.85231680614e-07, 1.87417285247e-07, 6.88566146323e-08, 2.48374765199e-09, 5.34894351034e-10, 1.48929396593e-10, 4.0031731402e-11, 2.10406863509e-14, 9.13882458356e-18]
        dvar2: [9.69456936603e-13, 2.45579663272e-08, 4.22886472506e-08, 3.19774073887e-09, 6.11523773841e-08, 1.23835022237e-07, 8.09371627497e-08, 1.34642007765e-07, 4.08777225402e-08, 3.66560243492e-07, 7.38122935218e-07, 2.14792095221e-07, 2.15199968956e-09, 4.1045700172e-09, 2.58755719074e-08, 1.61891762218e-07, 2.09847840438e-07, 2.83136841972e-06, 1.39545500133e-06, 5.11511927925e-07, 1.94459190084e-07, 5.63395818887e-09, 8.57872994864e-10, 2.40075292979e-10, 7.72494915258e-11, 4.14828490568e-14, 1.85402939009e-17]
        max: [8.48135368869e-06, 0.000956017174758, 0.00125715672038, 0.000366878695786, 0.00168448663317, 0.00291477073915, 0.00409705983475, 0.0035253292881, 0.00163580884691, 0.00697838328779, 0.0168639272451, 0.00747933518142, 0.000400947872549, 0.00086707965238, 0.00209720782004, 0.00258570583537, 0.0022678358946, 0.00742754898965, 0.00678672036156, 0.00431651901454, 0.00332888099365, 0.000484545191284, 0.000340025027981, 0.00020677295106, 9.80492768576e-05, 2.18778563976e-06, 6.23483416007e-08]
        mean: [3.81640887781e-07, 2.71899843938e-05, 5.27333759237e-05, 5.13259910804e-05, 0.000193459622096, 7.47663652874e-05, 9.27446235437e-05, 0.000165636942256, 9.84084545053e-05, 0.000547842646483, 0.000559532199986, 0.000129068881506, 3.42050843756e-05, 4.4327476644e-05, 8.49411735544e-05, 7.65630684327e-05, 7.82384595368e-05, 0.000182935356861, 0.000235552419326, 0.000155509769684, 0.000102608239104, 2.26907795877e-05, 8.31644592836e-06, 3.83274937121e-06, 2.76828131973e-06, 6.69557920219e-08, 2.22511231662e-09]
        min: [3.81265331806e-11, 3.89272214463e-09, 2.27447394252e-08, 1.31758582711e-07, 5.86576788919e-07, 1.06869677552e-07, 9.12885766979e-08, 5.10457844882e-08, 1.58881530155e-08, 4.06941591535e-09, 5.1334518858e-09, 1.05547410811e-08, 2.013763023e-08, 1.51386263525e-08, 1.78856609523e-08, 4.74365577929e-08, 2.16594866487e-08, 1.87207565006e-08, 2.0052294758e-07, 6.0759276721e-08, 3.53420759325e-08, 1.70470695338e-08, 2.79147238658e-09, 4.29491442411e-10, 9.40174271769e-10, 1.07935804392e-11, 2.260985019e-12]
        var: [9.32510796012e-13, 5.71228220281e-09, 1.38886369072e-08, 2.8576598865e-09, 3.0712033805e-08, 3.37513981208e-08, 1.0950052598e-07, 1.21478578308e-07, 4.86661804189e-08, 1.07259666038e-06, 3.41813529303e-06, 4.66235746899e-07, 3.46788575634e-09, 8.8877971649e-09, 3.74844866258e-08, 5.9757269355e-08, 6.02455969556e-08, 5.65448488032e-07, 3.38595583571e-07, 1.44726087115e-07, 5.4656631221e-08, 3.45397133117e-09, 1.01334962643e-09, 2.62245364313e-10, 6.46159584172e-11, 3.2920345459e-14, 1.84835840524e-17]
    mfcc:
        mean: [-783.447875977, 116.41569519, -35.3921546936, 42.3650398254, -23.4895763397, -9.02358818054, 12.6908464432, -12.2567367554, 2.34068250656, -4.78478908539, -6.95414543152, -15.9553461075, -4.22973585129]
        cov: [[4877.76757812, -1531.86242676, -1097.41455078, -342.727172852, -533.185668945, 89.4182128906, 236.155227661, 86.5969314575, 258.827697754, -173.461288452, -26.3964958191, -218.350494385, 41.5742874146], [-1531.86242676, 1992.30456543, -92.0245285034, -319.45199585, 217.463684082, -32.0230674744, 254.062423706, -100.689445496, 51.491569519, 99.3853378296, 95.3922271729, -9.19075298309, 10.9835891724], [-1097.41455078, -92.0245285034, 1002.14324951, 127.678321838, 104.480506897, -38.2350006104, -181.866607666, -28.0148906708, -142.68611145, 109.003067017, -12.7902078629, 78.6811599731, -30.2225284576], [-342.727172852, -319.45199585, 127.678321838, 613.660766602, 183.324783325, -7.84154081345, -231.958053589, 105.726066589, -91.3352661133, -9.16445541382, 40.6975593567, 138.756103516, -6.68742275238], [-533.185668945, 217.463684082, 104.480506897, 183.324783325, 337.814178467, -18.9348201752, -82.9445648193, 44.5193977356, -47.7700080872, 32.1414375305, 2.91783642769, 92.947845459, -2.66999697685], [89.4182128906, -32.0230674744, -38.2350006104, -7.84154081345, -18.9348201752, 244.476638794, 76.0701217651, 26.2213668823, 2.91245889664, -22.4811534882, -13.8773393631, -25.320110321, 38.6994895935], [236.155227661, 254.062423706, -181.866607666, -231.958053589, -82.9445648193, 76.0701217651, 317.934631348, -10.7058706284, 93.013633728, 1.22202575207, 6.01220941544, -82.0438690186, 20.348772049], [86.5969314575, -100.689445496, -28.0148906708, 105.726066589, 44.5193977356, 26.2213668823, -10.7058706284, 112.484886169, -4.18418121338, -5.80326318741, -8.49904727936, 27.4374542236, -2.10477852821], [258.827697754, 51.491569519, -142.68611145, -91.3352661133, -47.7700080872, 2.91245889664, 93.013633728, -4.18418121338, 140.563308716, -0.707441926003, -0.219595938921, -78.9139175415, 19.3366298676], [-173.461288452, 99.3853378296, 109.003067017, -9.16445541382, 32.1414375305, -22.4811534882, 1.22202575207, -5.80326318741, -0.707441926003, 100.834960938, 26.9596576691, 11.0085687637, -29.1889743805], [-26.3964958191, 95.3922271729, -12.7902078629, 40.6975593567, 2.91783642769, -13.8773393631, 6.01220941544, -8.49904727936, -0.219595938921, 26.9596576691, 100.658760071, 21.2696685791, -8.4363451004], [-218.350494385, -9.19075298309, 78.6811599731, 138.756103516, 92.947845459, -25.320110321, -82.0438690186, 27.4374542236, -78.9139175415, 11.0085687637, 21.2696685791, 149.668304443, -13.4612627029], [41.5742874146, 10.9835891724, -30.2225284576, -6.68742275238, -2.66999697685, 38.6994895935, 20.348772049, -2.10477852821, 19.3366298676, -29.1889743805, -8.4363451004, -13.4612627029, 76.7766418457]]
        icov: [[0.000565177993849, 0.000554611440748, 0.000521786743775, 0.00047921697842, 0.000104115875729, 3.51122107531e-05, -0.000103443780972, -0.00037562995567, -0.000289305113256, -4.04417878599e-05, -0.000531179655809, 7.2459401963e-06, -0.000134813119075], [0.000554611440748, 0.00138433207758, 0.000594091310631, 0.000940770551097, -0.00085505010793, 0.000174370987224, -0.000668929307722, 0.000183935728273, -0.000119700511277, -0.000403178215493, -0.00128836464137, -1.52809261635e-05, -0.000385231716791], [0.000521786743775, 0.000594091310631, 0.00197883252986, 0.000336387543939, -3.57615608664e-05, 1.50897458298e-05, 0.000306825269945, 0.000227909869864, 0.00103573070373, -0.00200198800303, 0.000134803136461, 0.000215849708184, -0.000612519739661], [0.00047921697842, 0.000940770551097, 0.000336387543939, 0.00413416186348, -0.00130304170307, -0.000337922014296, 0.00166659569368, -0.00251729949377, -0.000321723113302, 0.000819971784949, -0.00275631644763, -0.00099729152862, -0.000372234004317], [0.000104115875729, -0.00085505010793, -3.57615608664e-05, -0.00130304170307, 0.00523324450478, 5.10307072545e-05, 0.000601353531238, -0.00118671089876, -0.00031658570515, -0.00123908556998, 0.00172808743082, -0.00174365565181, -0.000604448257945], [3.51122107531e-05, 0.000174370987224, 1.50897458298e-05, -0.000337922014296, 5.10307072545e-05, 0.00526849459857, -0.00173597445246, -0.00119324575644, 0.00164491601754, 6.14405362285e-05, 0.000258840096649, 0.00109842477832, -0.00246378360316], [-0.000103443780972, -0.000668929307722, 0.000306825269945, 0.00166659569368, 0.000601353531238, -0.00173597445246, 0.00634596962482, -0.00144339317922, -0.002040439751, -0.00028553098673, -0.000765683187637, 0.000227534226724, -4.68040307169e-05], [-0.00037562995567, 0.000183935728273, 0.000227909869864, -0.00251729949377, -0.00118671089876, -0.00119324575644, -0.00144339317922, 0.012916774489, -0.000907793117221, -0.000510264246259, 0.00240920041688, -0.0016077994369, 0.00136186159216], [-0.000289305113256, -0.000119700511277, 0.00103573070373, -0.000321723113302, -0.00031658570515, 0.00164491601754, -0.002040439751, -0.000907793117221, 0.0134136434644, -0.00246625556611, -0.000225628478802, 0.0058556329459, -0.00308480625972], [-4.04417878599e-05, -0.000403178215493, -0.00200198800303, 0.000819971784949, -0.00123908556998, 6.14405362285e-05, -0.00028553098673, -0.000510264246259, -0.00246625556611, 0.0154646486044, -0.00379105261527, -0.000492634484544, 0.00534811615944], [-0.000531179655809, -0.00128836464137, 0.000134803136461, -0.00275631644763, 0.00172808743082, 0.000258840096649, -0.000765683187637, 0.00240920041688, -0.000225628478802, -0.00379105261527, 0.0138515643775, -0.00204532896169, 0.000262502988335], [7.2459401963e-06, -1.52809261635e-05, 0.000215849708184, -0.00099729152862, -0.00174365565181, 0.00109842477832, 0.000227534226724, -0.0016077994369, 0.0058556329459, -0.000492634484544, -0.00204532896169, 0.0125681934878, -0.000405545026297], [-0.000134813119075, -0.000385231716791, -0.000612519739661, -0.000372234004317, -0.000604448257945, -0.00246378360316, -4.68040307169e-05, 0.00136186159216, -0.00308480625972, 0.00534811615944, 0.000262502988335, -0.000405545026297, 0.0169178806245]]
    spectral_contrast:
        mean: [-1.23596075596e-08, -1.71084820977e-07, -3.9367091631e-07, -3.58811604428e-07, 5.02148225223e-07, -3.29427081169e-07, 8.08631682503e-07, 2.53751454693e-06, 1.99480587071e-06, -7.75417447585e-07, -5.2920011484e-08, 3.01365548694e-06]
        var: [0.00053085910622, 0.00118207745254, 0.0013152990723, 0.00212548091076, 0.00502412766218, 0.0158642847091, 0.0598267093301, 0.186194881797, 0.291137754917, 0.538399338722, 0.647146046162, 2.06675243378]

rhythm:
    beats_loudness:
        dmean: 0.00350936385803
        dmean2: 0.00653837155551
        dvar: 6.3642933128e-06
        dvar2: 2.06837194128e-05
        max: 0.0109013495967
        mean: 0.00418515084311
        min: 0.000440110190539
        var: 8.60633281263e-06
    beats_loudness_bass:
        dmean: 0.0350399538875
        dmean2: 0.0565119460225
        dvar: 0.00116074166726
        dvar2: 0.00174154958222
        max: 0.162274450064
        mean: 0.0418049767613
        min: 0.00311453826725
        var: 0.00161790824495
    bpm: 123.518577576
    bpm_confidence: 0
    first_peak_bpm: 123
    first_peak_spread: 0
    first_peak_weight: 0.947368383408
    onset_rate: 4.63404607773
    second_peak_bpm: 115
    second_peak_spread: 0
    second_peak_weight: 0.0526315793395
    beats_position: [0.321620851755, 0.807745814323, 1.29387080669, 1.77999567986, 2.26612067223, 2.7522456646, 3.23837041855, 3.72449541092, 4.21062040329, 4.69674539566, 5.18287038803, 5.66899490356, 6.18892002106, 6.67416715622, 7.15941476822, 7.64466190338, 8.12990951538, 8.61515617371, 9.10040378571, 9.58565044403]
    bpm_estimates: [123.488372803, 123.325401306, 123.443778992, 123.852371216, 123.251586914, 123.362205505, 123.253715515, 123.478027344, 123.50213623, 123.450965881, 124.28478241, 123.529670715]
    bpm_intervals: [0.486124962568, 0.486124992371, 0.486124873161, 0.486124992371, 0.486124992371, 0.486124753952, 0.486124992371, 0.486124992371, 0.486124992371, 0.486124992371, 0.486124515533, 0.519925117493, 0.485247135162, 0.485247612, 0.485247135162, 0.485247612, 0.485246658325, 0.485247612, 0.485246658325]
    onset_times: [0.0812698379159, 0.139319732785, 0.31346938014, 0.487619042397, 0.777868509293, 1.32353746891, 1.39319729805, 1.77632653713, 2.06657600403, 2.26394557953, 2.65868473053, 2.69351482391, 2.86766433716, 3.35528349876, 3.44816327095, 3.63392281532, 3.73841261864, 4.02866220474, 4.06349229813, 4.09832191467, 4.40018129349, 4.57433128357, 4.69043064117, 5.05034017563, 5.20126962662, 5.67727899551, 6.00235843658, 6.17650794983, 6.33904743195, 6.59446716309, 7.00081634521, 7.14013624191, 7.32589578629, 7.63936519623, 7.97605419159, 8.13859367371, 8.27791404724, 8.42884349823, 8.56816291809, 8.66104316711, 8.95129299164, 9.11383247375, 9.22993183136, 9.27637195587, 9.58984088898, 9.91492080688]
    rubato_start: []
    rubato_stop: []
    perceptual_tempo: "unknown"

sfx:
    inharmonicity:
        dmean: 0.0432888530195
        dmean2: 0.0747194215655
        dvar: 0.00339889805764
        dvar2: 0.00887022353709
        max: 0.393447250128
        mean: 0.0459949187934
        min: 0
        var: 0.00376709760167
    oddtoevenharmonicenergyratio:
        dmean: 9.46811008453
        dmean2: 18.6662158966
        dvar: 12773.9921875
        dvar2: 38347.3515625
        max: 1656.55065918
        mean: 5.48146104813
        min: 0
        var: 6391.2421875
    pitch_after_max_to_before_max_energy_ratio: 3.27232837677
    pitch_centroid: 265.765411377
    pitch_max_to_total: 0.467289716005
    pitch_min_to_total: 0.0981308445334
    tristimulus:
        dmean: [0.194519475102, 0.234939217567, 0.0970369577408]
        dmean2: [0.340650826693, 0.409005135298, 0.172631368041]
        dvar: [0.0388228036463, 0.0532866828144, 0.0147375063971]
        dvar2: [0.107599064708, 0.143106639385, 0.0411547534168]
        max: [1, 0.993829965591, 0.927596747875]
        mean: [0.324189662933, 0.510133564472, 0.120781295002]
        min: [0.00121828715783, 0, 0]
        var: [0.0580524541438, 0.0700085759163, 0.0185138061643]

tonal:
    chords_changes_rate: 0.0418604649603
    chords_number_rate: 0.0279069766402
    chords_strength:
        dmean: 0.0101968683302
        dmean2: 0.00984649453312
        dvar: 7.59867762099e-05
        dvar2: 8.55109683471e-05
        max: 0.647436916828
        mean: 0.525450468063
        min: 0.316373258829
        var: 0.00767063722014
    key_strength: 0.665903747082
    tuning_diatonic_strength: 0.618112444878
    tuning_equal_tempered_deviation: 0.144408077002
    tuning_frequency: 435.700531006
    tuning_nontempered_energy_ratio: 0.832947611809
    hpcp:
        dmean: [0.174656122923, 0.185466781259, 0.157603934407, 0.13681986928, 0.13479912281, 0.118064597249, 0.11570841074, 0.125254407525, 0.154415860772, 0.177076339722, 0.167058870196, 0.117603249848, 0.0993581116199, 0.0887909904122, 0.0948437452316, 0.115271031857, 0.0988355278969, 0.0801747217774, 0.0706854909658, 0.0596533790231, 0.0454753376544, 0.0518995523453, 0.0765908136964, 0.107418932021, 0.115253694355, 0.125149875879, 0.0804977044463, 0.0626387894154, 0.0781470760703, 0.12070401758, 0.154959782958, 0.170075178146, 0.119727268815, 0.0980690568686, 0.10697247833, 0.131021529436]
        dmean2: [0.297518491745, 0.311626940966, 0.27067092061, 0.232922405005, 0.233670756221, 0.192425921559, 0.180907815695, 0.193279325962, 0.248408287764, 0.287649601698, 0.275635421276, 0.192817673087, 0.166139557958, 0.14718952775, 0.15639424324, 0.194436356425, 0.157163694501, 0.130675137043, 0.120186507702, 0.101705186069, 0.0736690461636, 0.0845722258091, 0.135969683528, 0.189233645797, 0.193923518062, 0.21944399178, 0.142081409693, 0.107862107456, 0.135056197643, 0.193353176117, 0.248371496797, 0.269394427538, 0.198084115982, 0.166791424155, 0.180453658104, 0.211552932858]
        dvar: [0.054679594934, 0.0493601821363, 0.0423834808171, 0.0472746752203, 0.0526116490364, 0.030701238662, 0.0327001698315, 0.0361032187939, 0.0421236641705, 0.0480544008315, 0.0478818044066, 0.0271406825632, 0.0321180410683, 0.0192114021629, 0.0251656677574, 0.0417343638837, 0.0280727446079, 0.0217097513378, 0.0203415993601, 0.0124518861994, 0.0054202307947, 0.00718552200124, 0.0200439933687, 0.0296631976962, 0.0322446934879, 0.0324998907745, 0.0227394197136, 0.0173766706139, 0.0264774635434, 0.0318557694554, 0.0424857735634, 0.0375368483365, 0.0319049879909, 0.0307759195566, 0.0357405878603, 0.0312973819673]
        dvar2: [0.119802311063, 0.115426689386, 0.11071960628, 0.130323946476, 0.14246109128, 0.0712424367666, 0.0679255276918, 0.0914264470339, 0.101812168956, 0.116167023778, 0.11807551235, 0.0634275972843, 0.0841344222426, 0.0431231185794, 0.0603632219136, 0.101043388247, 0.0630500614643, 0.0571387037635, 0.0496726632118, 0.0250650774688, 0.0119787687436, 0.0184923801571, 0.0569186471403, 0.0818589255214, 0.0713847354054, 0.0879793018103, 0.0620953850448, 0.0467935241759, 0.0706815198064, 0.0862464830279, 0.0972877591848, 0.0842966884375, 0.0812794715166, 0.0872169584036, 0.0978059247136, 0.0761200264096]
        max: [1, 1, 1, 1, 1, 1, 1, 1, 1, 1, 1, 0.92245978117, 1, 1, 0.986540436745, 1, 1, 1, 0.856698513031, 0.770726323128, 0.720603406429, 0.567442297935, 1, 1, 1, 1, 1, 0.835516750813, 1, 1, 1, 1, 1, 1, 1, 1]
        mean: [0.326796203852, 0.312474012375, 0.190708845854, 0.15393486619, 0.143914967775, 0.134411543608, 0.142234459519, 0.130601257086, 0.208830356598, 0.35961586237, 0.300654143095, 0.136528536677, 0.10741134733, 0.106104843318, 0.114898897707, 0.154221877456, 0.128059282899, 0.0796201303601, 0.0686143413186, 0.0601470768452, 0.0533868223429, 0.059592358768, 0.0690770000219, 0.134828463197, 0.245338499546, 0.197574391961, 0.0766648128629, 0.053275372833, 0.0640732645988, 0.14242310822, 0.260405421257, 0.227814093232, 0.125964492559, 0.107591256499, 0.112597219646, 0.188871085644]
        min: [0.00207827170379, 0.000548075942788, 0.00057059089886, 0.000348829431459, 0.000271311000688, 0.000243392816628, 0.000195728585823, 0.000382378551876, 0.000687882304192, 0.000577067141421, 0.000339444959536, 0.000553845951799, 0.000464248034405, 0.00042352284072, 0.000544976792298, 0.000208998011658, 0.000371141068172, 0.000454046617961, 0.000363536586519, 0.000143878569361, 0.000286277587293, 0, 0, 0, 0, 0.000152328211698, 0.000262287328951, 9.96393137029e-05, 0.000105080711364, 0.000643122009933, 0.00316330464557, 0.00223890598863, 0.000491337908898, 0.000357226206688, 0.000189429687453, 0.000709986197762]
        var: [0.129650115967, 0.107965022326, 0.059226680547, 0.0544260814786, 0.0600041560829, 0.0401534773409, 0.0594362132251, 0.0416455119848, 0.0667084679008, 0.130031377077, 0.106760405004, 0.0363638997078, 0.0358808748424, 0.0346210673451, 0.0281752720475, 0.0536589436233, 0.0392416454852, 0.0205667614937, 0.0183869134635, 0.0141533929855, 0.00794144254178, 0.00751613639295, 0.0155885573477, 0.0420878566802, 0.116606935859, 0.0760752558708, 0.0179174989462, 0.0134895471856, 0.0202163141221, 0.0440610162914, 0.0973497107625, 0.0661968663335, 0.0357157625258, 0.0327851399779, 0.0352295637131, 0.0539444424212]
    chords_histogram: [50.2325592041, 0, 9.76744174957, 0, 10.6976747513, 0, 0, 0, 0, 0, 0, 0, 0, 0, 0, 0, 0, 0, 0, 22.7906970978, 0, 4.65116262436, 0, 1.86046516895]
    thpcp: [1, 0.836042523384, 0.379651039839, 0.298683553934, 0.295050501823, 0.319504529238, 0.428851723671, 0.356100201607, 0.22140327096, 0.190798982978, 0.167253687978, 0.148455142975, 0.165711149573, 0.192085519433, 0.374923557043, 0.682223796844, 0.549404025078, 0.213185295463, 0.148145228624, 0.178171411157, 0.396042346954, 0.72412109375, 0.63349288702, 0.35027512908, 0.29918384552, 0.313104152679, 0.525202333927, 0.908736884594, 0.868910551071, 0.530312657356, 0.428053617477, 0.400190830231, 0.3737642169, 0.395517766476, 0.363168776035, 0.58070397377]
    chords_key: "F"
    chords_scale: "major"
    key_key: "F"
    key_scale: "major"
    chords_progression: ["Dm", "F", "F", "F", "F", "F", "F", "F", "F", "F", "F", "F", "F", "F", "F", "F", "F", "F", "F", "F", "F", "F", "F", "F", "F", "F", "F", "F", "F", "F", "F", "F", "F", "F", "F", "F", "F", "F", "F", "F", "F", "F", "F", "F", "F", "F", "F", "F", "F", "F", "F", "F", "F", "F", "F", "F", "F", "F", "F", "Dm", "Dm", "Dm", "Gm", "Gm", "Gm", "Gm", "Gm", "Gm", "Gm", "Gm", "Gm", "Gm", "G", "G", "G", "G", "G", "G", "G", "G", "G", "G", "G", "G", "G", "G", "G", "G", "G", "G", "G", "G", "G", "G", "G", "C", "C", "C", "C", "C", "C", "C", "C", "C", "C", "C", "C", "C", "C", "C", "C", "C", "C", "C", "C", "C", "Cm", "Cm", "Cm", "Cm", "Cm", "Cm", "Cm", "Cm", "Cm", "Cm", "Cm", "Cm", "Cm", "Cm", "Cm", "Cm", "Cm", "Cm", "Cm", "Cm", "Cm", "Cm", "Cm", "Cm", "Cm", "Cm", "Cm", "Cm", "Cm", "Cm", "Cm", "Cm", "Cm", "Cm", "Cm", "Cm", "Cm", "Cm", "Cm", "Cm", "Cm", "Cm", "Cm", "Cm", "F", "F", "F", "F", "Cm", "Cm", "Cm", "Cm", "Cm", "F", "F", "F", "F", "F", "F", "F", "F", "F", "F", "F", "F", "F", "F", "F", "F", "F", "F", "F", "F", "F", "F", "F", "F", "F", "F", "F", "F", "F", "F", "F", "F", "F", "F", "F", "F", "F", "F", "F", "F", "F", "F", "F", "F", "F", "F"]
