
metadata:
    version:
        essentia: "1.2.2"
    audio_properties:
        analysis_sample_rate: 44100
        bitrate: 128
        channels: 2
        equal_loudness: 1
        length: 10.0571432114
        replay_gain: -11.8615398407
        downmix: "mix"
    tags:
        track: 13
        year: 0
        album: "Splitted by Mp3Splt v. 2.1"
        artist: "From 002.00 To 002.10"
        comment: "http://mp3splt.sf.net"
        genre: ""
        title: "01 Digital [Radio Edit].mp3"

highlevel:
    ballroom:
        all:
            ChaChaCha: 0.163170814514
            Jive: 0.0756839364767
            Quickstep: 0.00865441374481
            Rumba-American: 0.00118074868806
            Rumba-International: 0.00571046443656
            Rumba-Misc: 0.00740580121055
            Samba: 0.735890924931
            Tango: 0.000984496902674
            VienneseWaltz: 0.000753679603804
            Waltz: 0.000564699585084
        probability: 0.735890924931
        value: "Samba"
    culture:
        all:
            non_western: 0.0211938284338
            western: 0.978806197643
        probability: 0.978806197643
        value: "western"
    gender:
        all:
            female: 0.0483355000615
            male: 0.951664507389
        probability: 0.951664507389
        value: "male"
    genre_dortmund:
        all:
            alternative: 0.000184085263754
            blues: 0.000566357164644
            electronic: 0.00760634895414
            folkcountry: 0.000179973241757
            funksoulrnb: 0.00482963165268
            jazz: 0.00131050636992
            pop: 0.00139883114025
            raphiphop: 0.979688048363
            rock: 0.00423618871719
        probability: 0.979688048363
        value: "raphiphop"
    genre_electronica:
        all:
            ambient: 0.0484522879124
            dnb: 0.6014752388
            house: 0.129038393497
            techno: 0.19697624445
            trance: 0.0240578204393
        probability: 0.6014752388
        value: "dnb"
    genre_rosamerica:
        all:
            cla: 0.000402754900279
            dan: 0.00729263806716
            hip: 0.977602005005
            jaz: 0.000382574100513
            pop: 0.00119825080037
            rhy: 0.00701450230554
            roc: 0.0053482609801
            spe: 0.000758989946917
        probability: 0.977602005005
        value: "hip"
    genre_tzanetakis:
        all:
            blu: 0.00171527953353
            cla: 0.00107259128708
            cou: 0.00175416597631
            dis: 0.00643547764048
            hip: 0.738476395607
            jaz: 0.00113185879309
            met: 0.00268872804008
            pop: 0.180523246527
            reg: 0.0636340305209
            roc: 0.00256825122051
        probability: 0.738476395607
        value: "hip"
    live_studio:
        all:
            live: 0.489036560059
            studio: 0.510963439941
        probability: 0.510963439941
        value: "studio"
    mood:
        all:
            Cluster1: 0.216387972236
            Cluster2: 0.0937909781933
            Cluster3: 0.0104239806533
            Cluster4: 0.103701941669
            Cluster5: 0.575695157051
        probability: 0.575695157051
        value: "Cluster5"
    mood_acoustic:
        all:
            acoustic: 1.23066347442e-05
            not_acoustic: 0.999987721443
        probability: 0.999987721443
        value: "not_acoustic"
    mood_aggressive:
        all:
            aggressive: 0.686016857624
            not_aggressive: 0.313983112574
        probability: 0.686016857624
        value: "aggressive"
    mood_electronic:
        all:
            electronic: 0.968188583851
            not_electronic: 0.0318113937974
        probability: 0.968188583851
        value: "electronic"
    mood_happy:
        all:
            happy: 0.346574634314
            not_happy: 0.653425395489
        probability: 0.653425395489
        value: "not_happy"
    mood_party:
        all:
            not_party: 0.0364356264472
            party: 0.963564395905
        probability: 0.963564395905
        value: "party"
    mood_relaxed:
        all:
            not_relaxed: 0.926724731922
            relaxed: 0.0732752680779
        probability: 0.926724731922
        value: "not_relaxed"
    mood_sad:
        all:
            not_sad: 0.994741380215
            sad: 0.00525860954076
        probability: 0.994741380215
        value: "not_sad"
    rhythm:
        all:
            fast: 0.263735204935
            medium: 0.732148051262
            slow: 0.0041167284362
        probability: 0.732148051262
        value: "medium"
    speech_music:
        all:
            music: 0.999928057194
            speech: 7.19141535228e-05
        probability: 0.999928057194
        value: "music"
    timbre:
        all:
            bright: 0.00575609318912
            dark: 0.994243919849
        probability: 0.994243919849
        value: "dark"
    voice_instrumental:
        all:
            instrumental: 0.00520398654044
            voice: 0.994796037674
        probability: 0.994796037674
        value: "voice"

lowlevel:
    average_loudness: 0.904281318188
    barkbands_kurtosis:
        dmean: 2.95157003403
        dmean2: 4.40977573395
        dvar: 34.9996986389
        dvar2: 68.5413665771
        max: 70.9818725586
        mean: 2.41127324104
        min: -1.84945166111
        var: 70.7862930298
    barkbands_skewness:
        dmean: 0.820577204227
        dmean2: 1.19735193253
        dvar: 0.723307669163
        dvar2: 1.37745797634
        max: 7.70887994766
        mean: 0.485228896141
        min: -3.92440843582
        var: 2.81305766106
    barkbands_spread:
        dmean: 9.38093662262
        dmean2: 13.8497123718
        dvar: 85.5755157471
        dvar2: 180.407485962
        max: 85.1650390625
        mean: 30.5276107788
        min: 2.47484183311
        var: 261.594360352
    dissonance:
        dmean: 0.0204494241625
        dmean2: 0.0320090763271
        dvar: 0.00091048469767
        dvar2: 0.00158722943161
        max: 0.500000119209
        mean: 0.465986073017
        min: 0.0258002132177
        var: 0.00135821732692
    hfc:
        dmean: 4.03882455826
        dmean2: 5.87466144562
        dvar: 48.2338752747
        dvar2: 99.2128219604
        max: 82.1579437256
        mean: 6.70630788803
        min: 1.48764893311e-05
        var: 87.9961242676
    pitch:
        dmean: 980.266479492
        dmean2: 1859.8182373
        dvar: 1976955.375
        dvar2: 4327506
        max: 5512.5
        mean: 1452.18432617
        min: 55.7522125244
        var: 2639745.75
    pitch_instantaneous_confidence:
        dmean: 0.115094929934
        dmean2: 0.179380074143
        dvar: 0.00921748951077
        dvar2: 0.0221462845802
        max: 0.900454163551
        mean: 0.421591132879
        min: 0.0825962424278
        var: 0.0340406447649
    pitch_salience:
        dmean: 0.0818785652518
        dmean2: 0.127441808581
        dvar: 0.00650615338236
        dvar2: 0.0145861497149
        max: 0.948519706726
        mean: 0.636677026749
        min: 0.0762266069651
        var: 0.018804686144
    silence_rate_20dB:
        dmean: 0
        dmean2: 0
        dvar: 0
        dvar2: 0
        max: 1
        mean: 1
        min: 1
        var: 0
    silence_rate_30dB:
        dmean: 0
        dmean2: 0
        dvar: 0
        dvar2: 0
        max: 1
        mean: 1
        min: 1
        var: 0
    silence_rate_60dB:
        dmean: 0.165898621082
        dmean2: 0.332563519478
        dvar: 0.138376578689
        dvar2: 0.24044059217
        max: 1
        mean: 0.508045971394
        min: 0
        var: 0.249935433269
    spectral_centroid:
        dmean: 485.29006958
        dmean2: 718.502990723
        dvar: 309687.0625
        dvar2: 542375.5625
        max: 7313.52929688
        mean: 1634.90319824
        min: 129.210708618
        var: 1218457.25
    spectral_complexity:
        dmean: 4.12933015823
        dmean2: 5.78703689575
        dvar: 25.2489471436
        dvar2: 44.8945236206
        max: 55
        mean: 9.83870983124
        min: 0
        var: 85.4624023438
    spectral_crest:
        dmean: 2.70389580727
        dmean2: 4.45983791351
        dvar: 7.14496183395
        dvar2: 18.4845924377
        max: 25.949590683
        mean: 8.49991321564
        min: 2.98217701912
        var: 14.3198223114
    spectral_decrease:
        dmean: 3.81175563335e-10
        dmean2: 5.47736023204e-10
        dvar: 2.45700559274e-19
        dvar2: 5.16053272151e-19
        max: -1.16477544044e-15
        mean: -8.64263993705e-10
        min: -5.04014652236e-09
        var: 5.65681006977e-19
    spectral_energy:
        dmean: 0.00176632951479
        dmean2: 0.00253402255476
        dvar: 5.61855995329e-06
        dvar2: 1.17150539154e-05
        max: 0.0264746267349
        mean: 0.00387021270581
        min: 5.74547520671e-09
        var: 1.23958689073e-05
    spectral_energyband_high:
        dmean: 0.000293209945085
        dmean2: 0.000414372043451
        dvar: 3.43304321859e-07
        dvar2: 7.02907414052e-07
        max: 0.00625532865524
        mean: 0.000417150411522
        min: 1.52419954436e-09
        var: 6.09329333656e-07
    spectral_energyband_low:
        dmean: 0.000281319546048
        dmean2: 0.000382977334084
        dvar: 5.40212909073e-07
        dvar2: 1.03633215076e-06
        max: 0.00888497196138
        mean: 0.000612322357483
        min: 1.7462574442e-10
        var: 1.50272239807e-06
    spectral_energyband_middle_high:
        dmean: 0.00106254720595
        dmean2: 0.00157551618759
        dvar: 3.15310808219e-06
        dvar2: 7.38063181416e-06
        max: 0.0171831827611
        mean: 0.00162409746554
        min: 2.19063323037e-09
        var: 4.9737509471e-06
    spectral_energyband_middle_low:
        dmean: 0.000671166169923
        dmean2: 0.00103228003718
        dvar: 7.46056286971e-07
        dvar2: 1.81550069556e-06
        max: 0.0067813647911
        mean: 0.00121632521041
        min: 1.84624082689e-09
        var: 1.24124846934e-06
    spectral_flatness_db:
        dmean: 0.0242983177304
        dmean2: 0.0366794206202
        dvar: 0.000552570039872
        dvar2: 0.00116215622984
        max: 0.313285946846
        mean: 0.162833973765
        min: 0.0433602519333
        var: 0.00205947761424
    spectral_flux:
        dmean: 0.0122645329684
        dmean2: 0.01694788225
        dvar: 0.000172844142071
        dvar2: 0.000314439239446
        max: 0.109392672777
        mean: 0.0412718243897
        min: 0.00225214380771
        var: 0.000499982386827
    spectral_kurtosis:
        dmean: 1.3765784502
        dmean2: 2.20523238182
        dvar: 2.11388373375
        dvar2: 4.43643569946
        max: 14.3054161072
        mean: 3.02263402939
        min: -1.35274076462
        var: 5.56708049774
    spectral_rms:
        dmean: 0.000429200357758
        dmean2: 0.000582815206144
        dvar: 2.10096288811e-07
        dvar2: 4.03285241646e-07
        max: 0.00508221425116
        mean: 0.0017567134928
        min: 2.36756022787e-06
        var: 6.89775561113e-07
    spectral_rolloff:
        dmean: 781.908325195
        dmean2: 1206.55712891
        dvar: 960499.6875
        dvar2: 1759432
        max: 9625.34179688
        mean: 2942.70507812
        min: 107.666015625
        var: 3393747
    spectral_skewness:
        dmean: 0.279098629951
        dmean2: 0.405414521694
        dvar: 0.0675510168076
        dvar2: 0.110420659184
        max: 2.98792815208
        mean: 1.30290162563
        min: -0.468636929989
        var: 0.319221884012
    spectral_spread:
        dmean: 977046.3125
        dmean2: 1330669
        dvar: 1.54471668122e+12
        dvar2: 2.23200070861e+12
        max: 23271228
        mean: 5473090.5
        min: 2322711.25
        var: 5.3513158656e+12
    spectral_strongpeak:
        dmean: 0.436230450869
        dmean2: 0.766651511192
        dvar: 0.59397226572
        dvar2: 1.56065893173
        max: 6.02105712891
        mean: 0.486093521118
        min: 0
        var: 0.576944291592
    zerocrossingrate:
        dmean: 0.0191061180085
        dmean2: 0.0205338094383
        dvar: 0.000316227116855
        dvar2: 0.000320745602949
        max: 0.34228515625
        mean: 0.0949425771832
        min: 0.00634765625
        var: 0.00267970585264
    barkbands:
        dmean: [1.59274816269e-06, 0.000108230291517, 0.0002053296339, 0.000128949512145, 0.000275356753264, 0.000136271948577, 0.000119167474622, 0.000246753013926, 6.64068356855e-05, 7.46373043512e-05, 4.30265608884e-05, 4.2925174057e-05, 5.55611113668e-05, 6.03177068115e-05, 0.000104156410089, 0.000135859430884, 0.000275251775747, 0.000235370287555, 0.000292297656415, 0.000210237238207, 0.000153713568579, 4.0097413148e-05, 1.10084374683e-05, 8.64502089826e-06, 3.69729218619e-06, 4.74374850512e-08, 2.88582047148e-10]
        dmean2: [2.08929691325e-06, 0.000152091772179, 0.000302287749946, 0.000220747795538, 0.000437616254203, 0.000208086203202, 0.000193143743672, 0.000418642128352, 0.000113089423394, 0.000122253099107, 7.00151722413e-05, 6.93103429512e-05, 8.94663389772e-05, 9.80680270004e-05, 0.000166731115314, 0.000206205935683, 0.00043017740245, 0.000363898579963, 0.000465102115413, 0.000329791713739, 0.000217017091927, 5.99387421971e-05, 1.62281594385e-05, 1.27650446302e-05, 4.62269053969e-06, 6.38584154444e-08, 4.86659823551e-10]
        dvar: [1.56467339085e-11, 8.16854779373e-08, 3.38821962487e-07, 1.4834790818e-07, 1.75839716121e-07, 1.55445093242e-07, 6.97511595149e-08, 4.62351948727e-07, 1.53381964907e-08, 4.52712782817e-08, 1.21003109754e-08, 9.95278437443e-09, 2.19452775951e-08, 1.6367987854e-08, 3.58642395781e-08, 4.8107850148e-08, 2.34916541331e-07, 1.81948152544e-07, 3.85887744869e-07, 2.65345789785e-07, 9.80866659006e-08, 5.9852722778e-09, 7.04211411406e-10, 5.42041966867e-10, 1.04278211066e-10, 1.04419680639e-14, 7.35557279919e-19]
        dvar2: [2.29531584711e-11, 1.71676418859e-07, 7.39533902561e-07, 3.91729685134e-07, 4.46551780442e-07, 2.91118340101e-07, 1.64826815308e-07, 1.1702197753e-06, 4.06206090986e-08, 1.17271923727e-07, 3.21197219932e-08, 2.68685500515e-08, 5.43154499155e-08, 4.2769755737e-08, 8.83815545194e-08, 1.11169129013e-07, 5.4588281273e-07, 4.04839738621e-07, 8.83083259851e-07, 5.77933917612e-07, 2.15509786017e-07, 1.39406592936e-08, 1.35247102406e-09, 1.11142606229e-09, 1.6576430506e-10, 1.96041642121e-14, 1.84335731262e-18]
        max: [6.31562215858e-05, 0.00308228190988, 0.0072711519897, 0.00548288505524, 0.00317841931246, 0.00651203980669, 0.00231184787117, 0.00557384267449, 0.00110436649993, 0.00227158446796, 0.00131666660309, 0.00117603165563, 0.00163413851988, 0.0013947726693, 0.00135657936335, 0.00148499966599, 0.00391019089147, 0.00402832496911, 0.00559897907078, 0.00555292703211, 0.00318233924918, 0.000710807333235, 0.000317499274388, 0.000280326232314, 0.000116825540317, 1.6198416688e-06, 1.1697815161e-08]
        mean: [4.09854737882e-06, 0.000213327992242, 0.00039521601866, 0.000185629891348, 0.000426720333053, 0.00017069162277, 0.00013532966841, 0.000206561220693, 7.8139884863e-05, 8.56641345308e-05, 5.0648519391e-05, 5.03156079503e-05, 6.00574639975e-05, 5.94320626988e-05, 0.000110201137431, 0.000164649172802, 0.000321751489537, 0.000285523419734, 0.000321931147482, 0.000255655468209, 0.000193635612959, 5.67231400055e-05, 1.87220321095e-05, 1.35346745083e-05, 5.98811993768e-06, 6.6709091584e-08, 2.82334877699e-10]
        min: [3.62424326661e-12, 6.32206370588e-11, 1.08419995204e-10, 1.54674939523e-10, 4.00426691805e-10, 1.85078119497e-10, 1.83931106457e-10, 4.10746103796e-10, 4.78845074703e-10, 1.56441748445e-10, 1.37307595849e-10, 8.98559629481e-11, 9.93568144425e-11, 9.6725153928e-12, 6.57820672934e-11, 4.51148729486e-10, 5.01131691699e-10, 1.70183506176e-10, 4.90046336843e-10, 1.61019614309e-10, 9.01401120412e-10, 2.91962592991e-10, 1.11139833447e-10, 3.88880455615e-11, 2.64970476116e-11, 2.33313767611e-11, 2.71226427819e-13]
        var: [7.89508666776e-11, 1.8662692014e-07, 7.81849507803e-07, 1.60902843049e-07, 2.85693516844e-07, 2.1645089987e-07, 7.14772809829e-08, 3.77885413627e-07, 1.71073928357e-08, 4.77231267837e-08, 1.88433322279e-08, 1.65210991554e-08, 2.7199332564e-08, 1.43984495438e-08, 4.39018918996e-08, 6.87974974767e-08, 3.0362389225e-07, 2.66727624876e-07, 4.83750795865e-07, 4.29255379686e-07, 1.5279364618e-07, 9.00578545071e-09, 1.59408053424e-09, 1.36407396489e-09, 2.97664171089e-10, 2.13570006406e-14, 4.95898137647e-19]
    mfcc:
        mean: [-750.101867676, 93.0219345093, -26.0500221252, 54.954246521, -4.06133699417, 1.07263767719, -11.1548471451, 3.25919437408, 2.51537513733, -5.96373605728, -2.00124001503, -1.82226622105, -9.21884727478]
        cov: [[6194.14257812, -475.951385498, -524.976928711, 158.959594727, -287.496795654, -81.1673812866, 30.6154022217, -148.968521118, 66.5701599121, 29.6880950928, -84.4585494995, -91.5335159302, -2.24116706848], [-475.951385498, 1743.06481934, -136.844589233, -112.092224121, -26.9414539337, -8.2372379303, -76.8358001709, 66.859085083, -111.216392517, -100.605560303, 19.1937904358, 15.1712312698, -43.3783874512], [-524.976928711, -136.844589233, 1391.12890625, 104.590187073, 167.724685669, 142.978973389, 144.578125, 3.52883505821, -24.1550712585, 44.5611000061, -101.015533447, -21.2854862213, 24.404592514], [158.959594727, -112.092224121, 104.590187073, 646.453552246, 142.510070801, 49.979473114, -3.00546264648, 6.97622823715, 90.7636871338, 33.652721405, -47.4312515259, -45.7448234558, -6.0875658989], [-287.496795654, -26.9414539337, 167.724685669, 142.510070801, 342.270446777, 93.1309814453, -87.7427749634, 16.6977882385, 57.8492546082, 60.0347442627, 37.9985809326, 25.8377304077, -15.0255889893], [-81.1673812866, -8.2372379303, 142.978973389, 49.979473114, 93.1309814453, 170.53414917, 62.3535995483, 40.7197685242, 11.2409629822, 44.0292129517, -5.09639024734, 10.7993869781, -2.88470196724], [30.6154022217, -76.8358001709, 144.578125, -3.00546264648, -87.7427749634, 62.3535995483, 347.143249512, 95.4935684204, -54.9537773132, 51.2887573242, -60.0069618225, -49.2705879211, 13.8013048172], [-148.968521118, 66.859085083, 3.52883505821, 6.97622823715, 16.6977882385, 40.7197685242, 95.4935684204, 221.760848999, 16.909072876, 32.8600502014, 10.7324447632, 13.6490373611, -3.14717054367], [66.5701599121, -111.216392517, -24.1550712585, 90.7636871338, 57.8492546082, 11.2409629822, -54.9537773132, 16.909072876, 196.525024414, 54.6261901855, -2.17393755913, 17.1970920563, -18.2631320953], [29.6880950928, -100.605560303, 44.5611000061, 33.652721405, 60.0347442627, 44.0292129517, 51.2887573242, 32.8600502014, 54.6261901855, 164.208602905, 39.5748939514, -3.86878037453, -16.5501422882], [-84.4585494995, 19.1937904358, -101.015533447, -47.4312515259, 37.9985809326, -5.09639024734, -60.0069618225, 10.7324447632, -2.17393755913, 39.5748939514, 154.334594727, 45.9130783081, -16.9981098175], [-91.5335159302, 15.1712312698, -21.2854862213, -45.7448234558, 25.8377304077, 10.7993869781, -49.2705879211, 13.6490373611, 17.1970920563, -3.86878037453, 45.9130783081, 116.611022949, 32.7725067139], [-2.24116706848, -43.3783874512, 24.404592514, -6.0875658989, -15.0255889893, -2.88470196724, 13.8013048172, -3.14717054367, -18.2631320953, -16.5501422882, -16.9981098175, 32.7725067139, 77.460395813]]
        icov: [[0.000185079494258, 4.1902429075e-05, 7.08912702976e-05, -6.57165292068e-05, 0.000173415479367, -5.06651995238e-05, 1.87209461728e-05, 0.000110483284516, -2.75782003882e-05, -0.000101722645923, 8.74544930412e-05, 5.38134590897e-05, 2.41349357566e-06], [4.1902429075e-05, 0.000673368340358, 5.52914534637e-05, 2.41990364884e-05, 7.42588963476e-05, -0.00012945040362, 0.000272338715149, -0.000335138203809, 0.000454230117612, 0.000242244714173, 0.000144245859701, -0.000160902229254, 0.000568812072743], [7.08912702976e-05, 5.52914534637e-05, 0.000938350625802, -1.35704876811e-05, -0.000469889084343, -0.000377715419745, -0.000345613661921, 0.000246639800025, 0.000214734012843, -0.000138273229823, 0.000646326923743, -8.43923407956e-05, -9.86801460385e-05], [-6.57165292068e-05, 2.41990364884e-05, -1.35704876811e-05, 0.00197103968821, -0.000884035776835, -0.000131834094645, -9.27238506847e-05, -3.46014203387e-05, -0.000819368869998, 0.00019101689395, 0.000311792711727, 0.00103766471148, -0.000513424573001], [0.000173415479367, 7.42588963476e-05, -0.000469889084343, -0.000884035776835, 0.00523885758594, -0.00244089751504, 0.00215085875243, -0.000500229769386, -1.17938598123e-05, -0.00134382909164, -0.000559529638849, -0.000183725729585, 0.00031198724173], [-5.06651995238e-05, -0.00012945040362, -0.000377715419745, -0.000131834094645, -0.00244089751504, 0.00869042240083, -0.00197420362383, -0.000339671241818, 0.000156587004312, -0.000860954169184, 0.00071906868834, -0.00181861838792, 0.00100298773032], [1.87209461728e-05, 0.000272338715149, -0.000345613661921, -9.27238506847e-05, 0.00215085875243, -0.00197420362383, 0.00583317317069, -0.00234913383611, 0.00193245359696, -0.00242508365773, 0.00164179690182, 0.00156721484382, -0.000901710649487], [0.000110483284516, -0.000335138203809, 0.000246639800025, -3.46014203387e-05, -0.000500229769386, -0.000339671241818, -0.00234913383611, 0.00597039423883, -0.00107709865551, 4.89894919156e-05, -0.000630116963293, -0.00108045712113, 0.000361901329597], [-2.75782003882e-05, 0.000454230117612, 0.000214734012843, -0.000819368869998, -1.17938598123e-05, 0.000156587004312, 0.00193245359696, -0.00107709865551, 0.00767803471535, -0.00299604702741, 0.00248960824683, -0.00232972903177, 0.00243914918974], [-0.000101722645923, 0.000242244714173, -0.000138273229823, 0.00019101689395, -0.00134382909164, -0.000860954169184, -0.00242508365773, 4.89894919156e-05, -0.00299604702741, 0.0096686501056, -0.00367127661593, 0.00141235603951, 0.000288853771053], [8.74544930412e-05, 0.000144245859701, 0.000646326923743, 0.000311792711727, -0.000559529638849, 0.00071906868834, 0.00164179690182, -0.000630116963293, 0.00248960824683, -0.00367127661593, 0.0105909733102, -0.00454241409898, 0.00355282961391], [5.38134590897e-05, -0.000160902229254, -8.43923407956e-05, 0.00103766471148, -0.000183725729585, -0.00181861838792, 0.00156721484382, -0.00108045712113, -0.00232972903177, 0.00141235603951, -0.00454241409898, 0.0143810836598, -0.00773568823934], [2.41349357566e-06, 0.000568812072743, -9.86801460385e-05, -0.000513424573001, 0.00031198724173, 0.00100298773032, -0.000901710649487, 0.000361901329597, 0.00243914918974, 0.000288853771053, 0.00355282961391, -0.00773568823934, 0.0181817244738]]
    spectral_contrast:
        mean: [-7.54500035782e-08, 3.72007576743e-07, 3.13851415967e-07, -5.301929491e-07, 4.80682604831e-10, -1.50144643385e-07, 1.65533356267e-06, -1.8848252239e-06, 1.79363280495e-06, 2.58936870523e-06, 8.32267630813e-07, -1.52499990236e-06]
        var: [0.000754834793042, 0.00135908450466, 0.00344918319024, 0.00464964890853, 0.0065784486942, 0.0102592688054, 0.137067064643, 0.182690128684, 0.33479771018, 0.614271938801, 0.92278778553, 3.16869163513]

rhythm:
    beats_loudness:
        dmean: 0.0058084805496
        dmean2: 0.0116661926731
        dvar: 5.17201624461e-05
        dvar2: 0.000161952513736
        max: 0.0345013663173
        mean: 0.00649819057435
        min: 0.000675622897688
        var: 4.59834482172e-05
    beats_loudness_bass:
        dmean: 0.259684711695
        dmean2: 0.468601346016
        dvar: 0.0647198110819
        dvar2: 0.155020207167
        max: 0.912735641003
        mean: 0.206840068102
        min: 0.00089189974824
        var: 0.0581949241459
    bpm: 163.051391602
    bpm_confidence: 0
    first_peak_bpm: 167
    first_peak_spread: 0
    first_peak_weight: 0.592592597008
    onset_rate: 4.97159099579
    second_peak_bpm: 161
    second_peak_spread: 0
    second_peak_weight: 0.407407402992
    beats_position: [0.041016433388, 0.399702906609, 0.758389413357, 1.1170759201, 1.47576236725, 1.83444881439, 2.19313526154, 2.55182170868, 2.91050839424, 3.26919484138, 3.62788152695, 3.98656821251, 4.34525489807, 4.70394134521, 5.06262779236, 5.4213142395, 5.78000116348, 6.15342092514, 6.52544498444, 6.89746856689, 7.26949310303, 7.64151716232, 8.01354122162, 8.38556575775, 8.75758934021, 9.12961387634, 9.50163841248, 9.87366199493]
    bpm_estimates: [166.594238281, 161.39730835, 161.162643433]
    bpm_intervals: [0.358686476946, 0.358686506748, 0.358686506748, 0.358686447144, 0.358686447144, 0.358686447144, 0.358686447144, 0.358686685562, 0.358686447144, 0.358686685562, 0.358686685562, 0.358686685562, 0.358686447144, 0.358686447144, 0.358686447144, 0.358686923981, 0.373419761658, 0.372024059296, 0.372023582458, 0.372024536133, 0.372024059296, 0.372024059296, 0.372024536133, 0.372023582458, 0.372024536133, 0.372024536133, 0.372023582458]
    onset_times: [0.0348299331963, 0.174149662256, 0.301859408617, 0.487619042397, 0.568888902664, 0.650158703327, 0.882358253002, 1.07972788811, 1.26548755169, 1.45124721527, 1.62539684772, 1.75310659409, 1.92725622654, 2.12462592125, 2.49614500999, 2.77478456497, 3.07664394379, 3.39011335373, 3.63392281532, 3.86612248421, 4.07510185242, 4.35374164581, 4.51628112793, 4.73687076569, 5.01551008224, 5.23609972, 5.4334692955, 5.66566896439, 5.8282084465, 6.06040811539, 6.17650794983, 6.53641700745, 6.62929725647, 6.84988641739, 7.0936961174, 7.24462604523, 7.44199562073, 7.6858048439, 7.79029464722, 7.99927425385, 8.16181373596, 8.34757328033, 8.4172334671, 8.56816291809, 8.93968296051, 9.06739234924, 9.27637195587, 9.42730140686, 9.6014509201, 9.85687065125]
    rubato_start: []
    rubato_stop: []
    perceptual_tempo: "unknown"

sfx:
    inharmonicity:
        dmean: 0.0490832366049
        dmean2: 0.0872220024467
        dvar: 0.0042279404588
        dvar2: 0.0122329518199
        max: 0.395772337914
        mean: 0.0463519990444
        min: 0
        var: 0.00396888749674
    oddtoevenharmonicenergyratio:
        dmean: 5.27918863297
        dmean2: 10.1862354279
        dvar: 344.824401855
        dvar2: 994.851501465
        max: 212.725540161
        mean: 3.4111995697
        min: 0
        var: 206.223144531
    pitch_after_max_to_before_max_energy_ratio: 0.569759070873
    pitch_centroid: 178.862121582
    pitch_max_to_total: 0.497695863247
    pitch_min_to_total: 0.506912469864
    tristimulus:
        dmean: [0.248359009624, 0.277030140162, 0.135664880276]
        dmean2: [0.432006388903, 0.482789218426, 0.242833644152]
        dvar: [0.0443928427994, 0.0544964373112, 0.0243348628283]
        dvar2: [0.115069486201, 0.14169947803, 0.0633395984769]
        max: [1, 0.981053769588, 0.81771504879]
        mean: [0.406857430935, 0.384673506021, 0.120911881328]
        min: [0.0123413447291, 0, 0]
        var: [0.0810141414404, 0.0831558704376, 0.0258542820811]

tonal:
    chords_changes_rate: 0.105504587293
    chords_number_rate: 0.0366972461343
    chords_strength:
        dmean: 0.0130515629426
        dmean2: 0.0174908544868
        dvar: 0.000138688614243
        dvar2: 0.00022069014085
        max: 0.625565469265
        mean: 0.525289595127
        min: 0.36439242959
        var: 0.00273761944845
    key_strength: 0.75668245554
    tuning_diatonic_strength: 0.690896511078
    tuning_equal_tempered_deviation: 0.214170694351
    tuning_frequency: 437.465789795
    tuning_nontempered_energy_ratio: 0.872292280197
    hpcp:
        dmean: [0.199670448899, 0.194545820355, 0.207411080599, 0.256808966398, 0.321463316679, 0.251746296883, 0.198234185576, 0.188901424408, 0.206945642829, 0.222145155072, 0.181793212891, 0.181807592511, 0.180527165532, 0.166996568441, 0.149526238441, 0.174324780703, 0.201154887676, 0.246660366654, 0.251978427172, 0.20547658205, 0.174804076552, 0.144733116031, 0.13079662621, 0.14064091444, 0.160503208637, 0.169467747211, 0.15143224597, 0.122048333287, 0.138855040073, 0.16205355525, 0.178268924356, 0.185711205006, 0.183864966035, 0.181217595935, 0.197954773903, 0.206584513187]
        dmean2: [0.351388394833, 0.331325948238, 0.359890133142, 0.446289211512, 0.565266728401, 0.438824683428, 0.334284037352, 0.330034404993, 0.36774879694, 0.377111166716, 0.306221336126, 0.298962324858, 0.30570524931, 0.285554617643, 0.265786081553, 0.308342754841, 0.347637981176, 0.417297422886, 0.410666316748, 0.344359338284, 0.299551725388, 0.247090563178, 0.210507228971, 0.232213750482, 0.276649236679, 0.282689899206, 0.249869957566, 0.207828491926, 0.251194745302, 0.275929868221, 0.309427410364, 0.325360327959, 0.322218567133, 0.317777514458, 0.343548715115, 0.368238568306]
        dvar: [0.0535271503031, 0.0575523637235, 0.0453177653253, 0.0601529404521, 0.0786375030875, 0.0623119547963, 0.0521927773952, 0.0453593097627, 0.0585282556713, 0.0619058907032, 0.040132150054, 0.0366945303977, 0.0371441915631, 0.0384326316416, 0.0396032892168, 0.0395427308977, 0.0441269092262, 0.0487509965897, 0.046198040247, 0.0441165529191, 0.0427121445537, 0.0335072129965, 0.0264171250165, 0.031060623005, 0.0427742674947, 0.0426288507879, 0.0346767753363, 0.0198877695948, 0.0241115596145, 0.0315716266632, 0.0407810881734, 0.0416438132524, 0.0465784035623, 0.0509276092052, 0.0564008392394, 0.0558107718825]
        dvar2: [0.153777584434, 0.158516272902, 0.120385639369, 0.134554177523, 0.170391723514, 0.149393334985, 0.137860715389, 0.118525035679, 0.14567784965, 0.161544218659, 0.102790646255, 0.105209693313, 0.0970494225621, 0.0973909199238, 0.0916974171996, 0.101710811257, 0.117236599326, 0.122370377183, 0.121442981064, 0.118205554783, 0.111991502345, 0.0889277905226, 0.0733610466123, 0.0689232423902, 0.107437506318, 0.114188604057, 0.0919428989291, 0.0559294782579, 0.0637853443623, 0.0801846832037, 0.0946314260364, 0.114900954068, 0.12483805418, 0.141062125564, 0.160993561149, 0.153296872973]
        max: [1, 1, 1, 1, 1, 1, 1, 1, 1, 1, 1, 1, 1, 1, 1, 1, 1, 1, 1, 1, 1, 1, 1, 1, 1, 1, 1, 1, 1, 1, 1, 1, 1, 1, 1, 1]
        mean: [0.230287715793, 0.225635692477, 0.271363854408, 0.399233430624, 0.427989572287, 0.324822902679, 0.235751390457, 0.213874921203, 0.229971453547, 0.229263827205, 0.213011994958, 0.216941908002, 0.215470790863, 0.185509651899, 0.179957181215, 0.204925343394, 0.265174150467, 0.410130351782, 0.414839953184, 0.261649936438, 0.181462034583, 0.147920280695, 0.151840284467, 0.199198514223, 0.219863310456, 0.190751060843, 0.153385236859, 0.142010688782, 0.16565155983, 0.210641726851, 0.242139220238, 0.226236552, 0.201134860516, 0.199267819524, 0.206832364202, 0.218112424016]
        min: [0.0010715968674, 0.000546202936675, 0.00044875650201, 0.00013738006237, 0.000297723687254, 0.000561446126085, 0.000586337177083, 0.00103613699321, 0.00204799999483, 0.00186402339023, 0.00214189779945, 0.000743862125091, 0.00098540331237, 0.00145954173058, 0.00110036763363, 0.00216700206511, 0.00304751470685, 0.00444576237351, 0.00354046770371, 0.00364272668958, 0.000905995082576, 0.000462377822259, 0.000505884061567, 0.00101245485712, 0.00160161359236, 0.00131669279654, 0.000857345818076, 0.000347585562849, 0.00101884757169, 0.00329530704767, 0.00305812177248, 0.001904807752, 0.00162988167722, 0.00109918753151, 0.00100904260762, 0.000552145531401]
        var: [0.0679781883955, 0.0756983906031, 0.061388194561, 0.115204915404, 0.117589607835, 0.103975467384, 0.0764296650887, 0.0538664869964, 0.0610879510641, 0.0672810226679, 0.0508309230208, 0.0502855330706, 0.0519572719932, 0.0458870343864, 0.0456291027367, 0.047531850636, 0.0602205917239, 0.104287654161, 0.100544132292, 0.0561459511518, 0.0475759245455, 0.0341788381338, 0.0349780544639, 0.0649083331227, 0.0682285130024, 0.0496386736631, 0.0380740948021, 0.0242959279567, 0.028776999563, 0.0397117584944, 0.0690572112799, 0.0605702660978, 0.0518238656223, 0.0578442215919, 0.0635558366776, 0.0622821636498]
    chords_histogram: [24.7706413269, 10.5504589081, 6.42201852798, 0.917431175709, 0, 0, 0, 0, 10.5504589081, 0, 8.71559619904, 0, 0, 0, 0, 16.9724769592, 0, 0.917431175709, 0, 0, 0, 0, 15.5963306427, 4.58715581894]
    thpcp: [1, 0.758950531483, 0.550834417343, 0.499719947577, 0.537329554558, 0.535676181316, 0.497703701258, 0.506885945797, 0.503448665142, 0.433444321156, 0.420470952988, 0.478809207678, 0.619580864906, 0.958271861076, 0.969275832176, 0.611346542835, 0.423987060785, 0.345616549253, 0.354775667191, 0.465428441763, 0.513711810112, 0.445690900087, 0.358385443687, 0.331808745861, 0.387045770884, 0.492165565491, 0.565759599209, 0.528602957726, 0.469952702522, 0.46559035778, 0.483264952898, 0.509620904922, 0.538068532944, 0.527199029922, 0.634043157101, 0.932811141014]
    chords_key: "D#"
    chords_scale: "major"
    key_key: "D#"
    key_scale: "major"
    chords_progression: ["Dm", "Dm", "D", "D", "D", "D", "D", "D", "D", "D", "D", "D", "D", "D", "D", "D", "D", "D", "D", "D", "D", "A#", "A#", "A#", "A#", "A#", "A#", "A#", "A#", "A#", "A#", "A#", "A#", "A#", "A#", "D#", "D#", "D#", "D#", "D#", "D#", "D#", "D#", "D#", "D#", "D#", "D#", "D#", "D#", "Gm", "Gm", "Gm", "Gm", "Gm", "Gm", "Gm", "Gm", "Gm", "Gm", "Gm", "Gm", "Gm", "Gm", "D#", "D#", "D#", "D#", "D#", "D#", "D#", "D#", "D#", "D#", "D#", "D#", "D#", "D#", "D#", "D#", "D#", "D#", "D#", "D#", "D#", "D#", "D#", "D#", "D#", "D#", "D#m", "D#m", "D#", "D#", "D#", "D#", "D#", "D#", "D#", "D#", "D#", "D#", "D#", "D#", "D#", "D#", "Gm", "Gm", "Gm", "Gm", "Gm", "Gm", "G#m", "G#m", "G#m", "G#m", "Gm", "Gm", "G#", "Gm", "G#", "G#", "G#", "G#", "G#", "G#", "G#", "G#", "G#", "G#", "G#", "G#", "Cm", "G#", "G#", "Cm", "G#", "G#", "G#", "G#", "G#", "G#", "G#", "G#", "G#", "G#", "G#", "G#", "G#", "G#", "G#", "G#", "G#", "G#", "G#", "G", "G", "G", "Cm", "Cm", "Cm", "Cm", "Cm", "Cm", "Cm", "Cm", "G", "G", "G", "G", "G", "G", "G", "G", "G", "G", "G", "G", "G", "G", "G", "G", "G", "G#m", "G#m", "G#m", "G#m", "G#m", "G#m", "G", "G", "G", "G#m", "G#m", "G#m", "G#m", "G#m", "G#m", "G#m", "G#m", "G#m", "G#m", "G#m", "G#m", "G#m", "G#m", "G#m", "G#m", "G#m", "G#m", "G#m", "G#m", "G#m", "G#m", "G#m", "G#m", "G#m", "G#m", "G#m"]
