
metadata:
    version:
        essentia: "1.2.2"
    audio_properties:
        analysis_sample_rate: 44100
        bitrate: 128
        channels: 2
        equal_loudness: 1
        length: 10.0310201645
        replay_gain: -13.2895565033
        downmix: "mix"
    tags:
        track: 6
        year: 0
        album: "Splitted by Mp3Splt v. 2.1"
        artist: "From 000.50 To 001.00"
        comment: "http://mp3splt.sf.net"
        genre: ""
        title: "10 Black Star.mp3"

highlevel:
    ballroom:
        all:
            ChaChaCha: 0.0262130033225
            Jive: 0.469850867987
            Quickstep: 0.0842616483569
            Rumba-American: 0.00490096025169
            Rumba-International: 0.0299443807453
            Rumba-Misc: 0.0157363694161
            Samba: 0.0303533542901
            Tango: 0.0166547484696
            VienneseWaltz: 0.292137145996
            Waltz: 0.0299475193024
        probability: 0.469850867987
        value: "Jive"
    culture:
        all:
            non_western: 0.0227590519935
            western: 0.977240920067
        probability: 0.977240920067
        value: "western"
    gender:
        all:
            female: 0.0806344300508
            male: 0.91936558485
        probability: 0.91936558485
        value: "male"
    genre_dortmund:
        all:
            alternative: 0.205382689834
            blues: 0.0227227658033
            electronic: 0.0091409701854
            folkcountry: 0.0456170402467
            funksoulrnb: 0.00899122096598
            jazz: 0.00592953059822
            pop: 0.0290123615414
            raphiphop: 0.00147256522905
            rock: 0.671730875969
        probability: 0.671730875969
        value: "rock"
    genre_electronica:
        all:
            ambient: 0.329781383276
            dnb: 0.188391342759
            house: 0.0167914647609
            techno: 0.0135454675183
            trance: 0.451490372419
        probability: 0.451490372419
        value: "trance"
    genre_rosamerica:
        all:
            cla: 0.00711477873847
            dan: 0.00149481347762
            hip: 0.000742223637644
            jaz: 0.00143061857671
            pop: 0.0125156855211
            rhy: 0.00176518899389
            roc: 0.974119961262
            spe: 0.000816749699879
        probability: 0.974119961262
        value: "roc"
    genre_tzanetakis:
        all:
            blu: 0.00148975173943
            cla: 0.00667289458215
            cou: 0.187415212393
            dis: 0.0160522609949
            hip: 0.000713341403753
            jaz: 0.00592269469053
            met: 0.0165413189679
            pop: 0.0364782586694
            reg: 0.00253471685573
            roc: 0.726179540157
        probability: 0.726179540157
        value: "roc"
    live_studio:
        all:
            live: 0.288703352213
            studio: 0.711296617985
        probability: 0.711296617985
        value: "studio"
    mood:
        all:
            Cluster1: 0.431605577469
            Cluster2: 0.0948682352901
            Cluster3: 0.175651907921
            Cluster4: 0.0708892345428
            Cluster5: 0.226985037327
        probability: 0.431605577469
        value: "Cluster1"
    mood_acoustic:
        all:
            acoustic: 0.0173809807748
            not_acoustic: 0.982619047165
        probability: 0.982619047165
        value: "not_acoustic"
    mood_aggressive:
        all:
            aggressive: 0.726746737957
            not_aggressive: 0.273253262043
        probability: 0.726746737957
        value: "aggressive"
    mood_electronic:
        all:
            electronic: 0.0395416282117
            not_electronic: 0.960458397865
        probability: 0.960458397865
        value: "not_electronic"
    mood_happy:
        all:
            happy: 0.88621288538
            not_happy: 0.113787084818
        probability: 0.88621288538
        value: "happy"
    mood_party:
        all:
            not_party: 0.559520184994
            party: 0.440479785204
        probability: 0.559520184994
        value: "not_party"
    mood_relaxed:
        all:
            not_relaxed: 0.864511907101
            relaxed: 0.135488077998
        probability: 0.864511907101
        value: "not_relaxed"
    mood_sad:
        all:
            not_sad: 0.832079946995
            sad: 0.167920053005
        probability: 0.832079946995
        value: "not_sad"
    rhythm:
        all:
            fast: 0.634236991405
            medium: 0.140261888504
            slow: 0.225501134992
        probability: 0.634236991405
        value: "fast"
    speech_music:
        all:
            music: 0.999817013741
            speech: 0.000182979216333
        probability: 0.999817013741
        value: "music"
    timbre:
        all:
            bright: 0.977067410946
            dark: 0.0229325629771
        probability: 0.977067410946
        value: "bright"
    voice_instrumental:
        all:
            instrumental: 0.0331731252372
            voice: 0.966826856136
        probability: 0.966826856136
        value: "voice"

lowlevel:
    average_loudness: 0.965414047241
    barkbands_kurtosis:
        dmean: 0.622550427914
        dmean2: 1.01855349541
        dvar: 0.961428523064
        dvar2: 2.1402964592
        max: 15.657037735
        mean: -0.257074207067
        min: -1.76799321175
        var: 4.33727502823
    barkbands_skewness:
        dmean: 0.316827148199
        dmean2: 0.513011574745
        dvar: 0.0942730307579
        dvar2: 0.207819625735
        max: 3.52961850166
        mean: 0.251130789518
        min: -1.72491466999
        var: 0.890503406525
    barkbands_spread:
        dmean: 3.89322209358
        dmean2: 6.24304437637
        dvar: 14.1604356766
        dvar2: 31.0077018738
        max: 59.0131645203
        mean: 27.0774707794
        min: 6.01345252991
        var: 68.4720001221
    dissonance:
        dmean: 0.0157515816391
        dmean2: 0.0262126792222
        dvar: 0.000205667689443
        dvar2: 0.000543111586012
        max: 0.49962836504
        mean: 0.461109548807
        min: 0.360240370035
        var: 0.00068024470238
    hfc:
        dmean: 1.72748982906
        dmean2: 2.66714119911
        dvar: 3.81700348854
        dvar2: 8.57096385956
        max: 26.1516971588
        mean: 9.05495929718
        min: 0.0269961897284
        var: 31.2086410522
    pitch:
        dmean: 477.700408936
        dmean2: 925.585449219
        dvar: 1051762.625
        dvar2: 2739816
        max: 5512.5
        mean: 690.98248291
        min: 75.3846130371
        var: 1179625.375
    pitch_instantaneous_confidence:
        dmean: 0.0687304884195
        dmean2: 0.110784754157
        dvar: 0.00386243406683
        dvar2: 0.00786174554378
        max: 0.797706544399
        mean: 0.406467169523
        min: 0.143620789051
        var: 0.0158627927303
    pitch_salience:
        dmean: 0.0482390634716
        dmean2: 0.0783595666289
        dvar: 0.00179491715971
        dvar2: 0.0047716749832
        max: 0.826641499996
        mean: 0.622526526451
        min: 0.336136728525
        var: 0.00620745494962
    silence_rate_20dB:
        dmean: 0
        dmean2: 0
        dvar: 0
        dvar2: 0
        max: 1
        mean: 1
        min: 1
        var: 0
    silence_rate_30dB:
        dmean: 0
        dmean2: 0
        dvar: 0
        dvar2: 0
        max: 1
        mean: 1
        min: 1
        var: 0
    silence_rate_60dB:
        dmean: 0.037037037313
        dmean2: 0.0719257518649
        dvar: 0.0356650985777
        dvar2: 0.071392506361
        max: 1
        mean: 0.0531177818775
        min: 0
        var: 0.0502961277962
    spectral_centroid:
        dmean: 188.212020874
        dmean2: 292.457580566
        dvar: 42340.8359375
        dvar2: 82630.1640625
        max: 3891.94189453
        mean: 1418.8828125
        min: 342.061523438
        var: 348719.5625
    spectral_complexity:
        dmean: 2.58932709694
        dmean2: 4.11162805557
        dvar: 5.49492549896
        dvar2: 11.9503269196
        max: 37
        mean: 19.226852417
        min: 0
        var: 78.9901733398
    spectral_crest:
        dmean: 1.42869758606
        dmean2: 2.39467024803
        dvar: 2.14923405647
        dvar2: 5.87815952301
        max: 16.467042923
        mean: 6.53076553345
        min: 3.06188201904
        var: 6.18535757065
    spectral_decrease:
        dmean: 2.26093352373e-10
        dmean2: 3.71522729248e-10
        dvar: 4.89487067847e-20
        dvar2: 1.14638948169e-19
        max: -1.05856903104e-11
        mean: -1.35953170943e-09
        min: -2.46747688948e-09
        var: 1.85637049217e-19
    spectral_energy:
        dmean: 0.000970272230916
        dmean2: 0.00159056007396
        dvar: 8.69986422458e-07
        dvar2: 1.98559882847e-06
        max: 0.0116848666221
        mean: 0.00595250166953
        min: 4.24014178861e-05
        var: 4.14457508668e-06
    spectral_energyband_high:
        dmean: 0.000101233286841
        dmean2: 0.000153138869791
        dvar: 5.25065146917e-08
        dvar2: 9.72477351979e-08
        max: 0.00379699491896
        mean: 0.000231835074374
        min: 4.1661039063e-07
        var: 1.82033346618e-07
    spectral_energyband_low:
        dmean: 0.000154399225721
        dmean2: 0.00025503206416
        dvar: 5.051385088e-08
        dvar2: 1.32441428491e-07
        max: 0.00184956786688
        mean: 0.000351329363184
        min: 3.79073270551e-07
        var: 7.21119164382e-08
    spectral_energyband_middle_high:
        dmean: 0.00057588191703
        dmean2: 0.00091966544278
        dvar: 3.67437877458e-07
        dvar2: 8.47923274705e-07
        max: 0.00876846443862
        mean: 0.00296466588043
        min: 6.31596049061e-06
        var: 3.704169103e-06
    spectral_energyband_middle_low:
        dmean: 0.000677620060742
        dmean2: 0.00112015288323
        dvar: 5.5206351135e-07
        dvar2: 1.45734190937e-06
        max: 0.00675615249202
        mean: 0.00240466417745
        min: 3.52898241545e-05
        var: 1.09739755771e-06
    spectral_flatness_db:
        dmean: 0.0123548209667
        dmean2: 0.0191970225424
        dvar: 0.000129210282466
        dvar2: 0.000251242541708
        max: 0.223912492394
        mean: 0.15336535871
        min: 0.0954866558313
        var: 0.000525267154444
    spectral_flux:
        dmean: 0.00718405423686
        dmean2: 0.0114123597741
        dvar: 5.58871106477e-05
        dvar2: 0.00013382906036
        max: 0.0741226673126
        mean: 0.038978215307
        min: 0.00651163700968
        var: 0.000169957056642
    spectral_kurtosis:
        dmean: 1.38522827625
        dmean2: 2.36359715462
        dvar: 1.87384712696
        dvar2: 4.8476729393
        max: 18.5680065155
        mean: 6.03095912933
        min: -0.192088365555
        var: 4.01210641861
    spectral_rms:
        dmean: 0.000202209834242
        dmean2: 0.000329651345965
        dvar: 4.35638938256e-08
        dvar2: 8.91528841862e-08
        max: 0.00337636936456
        mean: 0.00237122201361
        min: 0.000203389368835
        var: 1.84621683275e-07
    spectral_rolloff:
        dmean: 275.784729004
        dmean2: 464.615997314
        dvar: 150702.203125
        dvar2: 307760.9375
        max: 5684.765625
        mean: 2585.72924805
        min: 387.59765625
        var: 1042119.1875
    spectral_skewness:
        dmean: 0.173219636083
        dmean2: 0.283372879028
        dvar: 0.0302810743451
        dvar2: 0.0630568414927
        max: 3.50542092323
        mean: 1.80399394035
        min: 0.318514168262
        var: 0.155327916145
    spectral_spread:
        dmean: 415009.0625
        dmean2: 597471.75
        dvar: 303541452800
        dvar2: 536694980608
        max: 8857223
        mean: 4019642.75
        min: 2377006.5
        var: 1.28390319309e+12
    spectral_strongpeak:
        dmean: 0.601701676846
        dmean2: 1.08296537399
        dvar: 0.942739188671
        dvar2: 2.48376274109
        max: 6.1151061058
        mean: 0.885025858879
        min: 0.0110889300704
        var: 1.21152198315
    zerocrossingrate:
        dmean: 0.00654591433704
        dmean2: 0.00762967858464
        dvar: 5.78875697101e-05
        dvar2: 6.24904059805e-05
        max: 0.2119140625
        mean: 0.0816650390625
        min: 0.0166015625
        var: 0.000802193651907
    barkbands:
        dmean: [1.65020480836e-07, 3.82417601941e-05, 0.000141292635817, 0.000194805936189, 0.000353501643986, 0.00019260989211, 0.000113732421596, 0.000181119467015, 9.33046394493e-05, 0.000116742470709, 4.40919866378e-05, 5.59525324206e-05, 6.52435992379e-05, 8.38984196889e-05, 5.97591715632e-05, 0.000178555841558, 0.000240850524278, 0.000165823323186, 0.000166088633705, 8.19094202598e-05, 4.57944224763e-05, 2.02198025363e-05, 2.4975956876e-06, 1.43117267726e-06, 9.20460820453e-07, 6.5887945766e-08, 6.93304524901e-10]
        dmean2: [2.52222605468e-07, 6.76809504512e-05, 0.000232693360886, 0.000336177821737, 0.000588461756706, 0.000322606327245, 0.000183409050805, 0.000287151546218, 0.000145737736602, 0.000187844707398, 7.45168872527e-05, 9.2475929705e-05, 0.000103788443084, 0.000137304421514, 9.60023971857e-05, 0.000280449166894, 0.00038621618296, 0.000272937963018, 0.000278515275568, 0.000137854629429, 7.25303034415e-05, 3.1256575312e-05, 3.89065053241e-06, 1.83271924925e-06, 1.29396812554e-06, 9.56367713911e-08, 1.04255881705e-09]
        dvar: [2.45792101949e-13, 7.18233650332e-09, 3.87027725424e-08, 1.31062876108e-07, 1.88871794649e-07, 1.18356481948e-07, 2.71052016387e-08, 6.55171632502e-08, 1.00228483291e-08, 2.22806253447e-08, 6.30821617165e-09, 3.0948967833e-09, 7.86602250002e-09, 8.65381011295e-09, 6.72206024177e-09, 6.1595237355e-08, 9.13122519819e-08, 4.27906279299e-08, 4.56051267861e-08, 1.4382700364e-08, 1.92461513393e-08, 8.25875634547e-09, 4.57902847584e-11, 1.54610144132e-11, 7.03162441468e-12, 1.94192840248e-14, 2.04996862487e-17]
        dvar2: [5.12807136165e-13, 1.93418436822e-08, 1.04359841657e-07, 3.61711215646e-07, 4.93784170885e-07, 3.18272441291e-07, 6.62102053184e-08, 1.51422099748e-07, 2.37542643333e-08, 5.09378672575e-08, 1.93949638572e-08, 8.05285971239e-09, 2.19070628305e-08, 2.08976267402e-08, 1.63510449624e-08, 1.2696401086e-07, 2.29242331784e-07, 1.14867034995e-07, 1.15718819416e-07, 3.6697819894e-08, 4.13937897292e-08, 1.4932911796e-08, 1.06999305249e-10, 1.90197215616e-11, 1.1504034704e-11, 3.91356868787e-14, 2.25986620161e-17]
        max: [5.3913154261e-06, 0.00067750888411, 0.00165722100064, 0.00316229555756, 0.00359809701331, 0.00396610703319, 0.00169073452707, 0.0029160133563, 0.00120329216588, 0.00186979945283, 0.000949970912188, 0.0005909120664, 0.000658750010189, 0.000923812680412, 0.000907581183128, 0.00303023168817, 0.00310669583268, 0.00247259135358, 0.00285324803554, 0.00133724184707, 0.00192374363542, 0.00146123289596, 9.96289818431e-05, 7.13186964276e-05, 4.73628351756e-05, 1.55268844537e-06, 9.14995936796e-08]
        mean: [1.92539587829e-07, 5.59528853046e-05, 0.000295192410704, 0.000272134697298, 0.000705836573616, 0.000431788037531, 0.000239370201598, 0.000449115817901, 0.00023927843722, 0.000285486108623, 7.78954636189e-05, 0.000124244819744, 0.000119917574921, 0.000178620277438, 0.000131352629978, 0.000460680574179, 0.00063675804995, 0.000442174234195, 0.000440887291916, 0.00023641109874, 8.15394669189e-05, 3.72652721126e-05, 4.78085530631e-06, 3.63903700418e-06, 1.87469720458e-06, 1.14310665822e-07, 6.60303201006e-10]
        min: [9.17630832431e-11, 3.67352157582e-08, 1.3512641317e-07, 4.12086910728e-06, 1.76357134478e-05, 1.03583688542e-05, 1.18253763048e-06, 4.95606627737e-07, 8.33870899442e-07, 1.6512214529e-07, 2.00316847554e-07, 7.71475754391e-08, 9.12774169137e-07, 3.38196400662e-07, 2.127382146e-07, 3.86086213666e-07, 1.55936959345e-06, 1.19340847959e-06, 1.13747978503e-06, 4.16765630007e-07, 1.22186122553e-07, 1.78054637701e-08, 7.77741071545e-09, 6.30171603788e-09, 7.97775889794e-09, 1.0693707031e-09, 1.8159329292e-13]
        var: [2.54951496113e-13, 5.84076875754e-09, 5.72469254223e-08, 1.15324333194e-07, 3.63734471875e-07, 2.53704854458e-07, 6.94076049967e-08, 2.18065395075e-07, 4.36229328216e-08, 1.01731352231e-07, 7.56851026296e-09, 1.07559934293e-08, 1.70902634267e-08, 2.64038497733e-08, 1.90137896539e-08, 2.42131648065e-07, 3.84380427931e-07, 1.64739333286e-07, 1.8584032091e-07, 5.62064990106e-08, 4.89534066617e-08, 2.59048373863e-08, 8.93435672666e-11, 7.75305583622e-11, 2.20953168956e-11, 4.58527123605e-14, 2.02785395119e-17]
    mfcc:
        mean: [-693.686462402, 130.515151978, -57.1112556458, 45.4645042419, -2.26801681519, -17.0307407379, -2.57577633858, -3.70879268646, -3.66554522514, -4.18997097015, -6.76441669464, -3.06952404976, -5.67352819443]
        cov: [[1174.36364746, -501.765838623, -273.021179199, 126.800682068, -18.2549858093, 76.6517562866, 24.2398643494, 87.1366195679, 36.325969696, 80.0978317261, 68.7064590454, 17.5184593201, -61.6708335876], [-501.765838623, 610.609558105, -39.1994514465, -60.972492218, 46.4115257263, -89.9465713501, 5.65336465836, -24.5322303772, -72.42943573, 51.9153862, -17.9122695923, 2.87236452103, 41.2245635986], [-273.021179199, -39.1994514465, 438.292999268, -33.9800567627, -17.8028907776, 17.0672359467, -5.51544189453, -52.3536643982, 39.8263015747, -59.7772140503, -7.45336866379, -10.5606546402, 13.7639560699], [126.800682068, -60.972492218, -33.9800567627, 156.259368896, 41.7180328369, 22.5096378326, -4.64730644226, 13.6789340973, -0.582963705063, 29.9365520477, 44.137336731, 28.1910610199, 12.1007547379], [-18.2549858093, 46.4115257263, -17.8028907776, 41.7180328369, 95.4608612061, 9.27489948273, 7.06223201752, -6.31415271759, -9.29629135132, 21.7037525177, 10.8160982132, 24.8831176758, 26.0332736969], [76.6517562866, -89.9465713501, 17.0672359467, 22.5096378326, 9.27489948273, 65.2434997559, 13.0113554001, 10.5704202652, 23.1247787476, -17.5507297516, 1.48319303989, -2.5572514534, 0.498927175999], [24.2398643494, 5.65336465836, -5.51544189453, -4.64730644226, 7.06223201752, 13.0113554001, 55.4382667542, 22.1198234558, 3.18885684013, 13.1870584488, 2.17596292496, 0.744912266731, -8.60638904572], [87.1366195679, -24.5322303772, -52.3536643982, 13.6789340973, -6.31415271759, 10.5704202652, 22.1198234558, 53.699962616, 15.7631692886, 15.2760229111, 3.77590346336, 1.50144958496, -5.76800298691], [36.325969696, -72.42943573, 39.8263015747, -0.582963705063, -9.29629135132, 23.1247787476, 3.18885684013, 15.7631692886, 71.1221618652, 4.51213502884, 5.01005077362, -7.46677303314, -10.5747346878], [80.0978317261, 51.9153862, -59.7772140503, 29.9365520477, 21.7037525177, -17.5507297516, 13.1870584488, 15.2760229111, 4.51213502884, 98.0448913574, 31.2352790833, 19.5903358459, -5.63865280151], [68.7064590454, -17.9122695923, -7.45336866379, 44.137336731, 10.8160982132, 1.48319303989, 2.17596292496, 3.77590346336, 5.01005077362, 31.2352790833, 61.8959236145, 26.0506401062, -2.89722585678], [17.5184593201, 2.87236452103, -10.5606546402, 28.1910610199, 24.8831176758, -2.5572514534, 0.744912266731, 1.50144958496, -7.46677303314, 19.5903358459, 26.0506401062, 56.461933136, 24.822511673], [-61.6708335876, 41.2245635986, 13.7639560699, 12.1007547379, 26.0332736969, 0.498927175999, -8.60638904572, -5.76800298691, -10.5747346878, -5.63865280151, -2.89722585678, 24.822511673, 60.6495170593]]
        icov: [[0.00230912980624, 0.00201994320378, 0.00110652938019, -8.50167416502e-05, 0.000202304232516, -0.0009940759046, 9.00285012904e-05, -0.00119011162315, 0.00117037794553, -0.00214495579712, -0.000947357504629, 0.000528547388967, 0.000304866523948], [0.00201994320378, 0.00451871007681, 0.000896747922525, 0.00106857542414, -0.00123610801529, 0.00198055477813, -0.000771575956605, -0.000879954430275, 0.00272603705525, -0.00334602640942, -0.000891099916771, 0.00221212464385, -0.00189680117182], [0.00110652938019, 0.000896747922525, 0.00388773484156, -0.000119285199617, 0.000927077198867, -0.000254069309449, -0.00199029082432, 0.00386713934131, -0.00250690476969, 0.000777413544711, -0.00113541015889, 0.000359968544217, -0.00121975271031], [-8.50167416502e-05, 0.00106857542414, -0.000119285199617, 0.0108979139477, -0.0039619943127, -0.00311311637051, 0.0038830395788, -0.00374043802731, 0.00286012724973, -0.00188760180026, -0.00608904706314, 0.000544679409359, -0.00122910900973], [0.000202304232516, -0.00123610801529, 0.000927077198867, -0.0039619943127, 0.0164460111409, -0.00403473246843, -0.00361974281259, 0.0056576305069, -0.000522487098351, -0.0026328403037, 0.00209808209911, -0.00370488874614, -0.00409501325339], [-0.0009940759046, 0.00198055477813, -0.000254069309449, -0.00311311637051, -0.00403473246843, 0.026860198006, -0.00762231228873, 0.000113233800221, -0.0068764812313, 0.00686259800568, -5.46394003322e-05, 0.00284561654553, -0.00296640768647], [9.00285012904e-05, -0.000771575956605, -0.00199029082432, 0.0038830395788, -0.00361974281259, -0.00762231228873, 0.0272757578641, -0.0133269289508, 0.00499519845471, -0.0037432834506, -0.000324103195453, -0.00140619708691, 0.00559545261785], [-0.00119011162315, -0.000879954430275, 0.00386713934131, -0.00374043802731, 0.0056576305069, 0.000113233800221, -0.0133269289508, 0.0333037413657, -0.00934390723705, -4.68989746878e-05, 0.00295667443424, -0.00156914489344, -0.0027466956526], [0.00117037794553, 0.00272603705525, -0.00250690476969, 0.00286012724973, -0.000522487098351, -0.0068764812313, 0.00499519845471, -0.00934390723705, 0.0227751284838, -0.00601223157719, -0.00231157010421, 0.00324768549763, 0.00140889442991], [-0.00214495579712, -0.00334602640942, 0.000777413544711, -0.00188760180026, -0.0026328403037, 0.00686259800568, -0.0037432834506, -4.68989746878e-05, -0.00601223157719, 0.0196568984538, -0.00467944424599, -0.00319584389217, 0.00269518024288], [-0.000947357504629, -0.000891099916771, -0.00113541015889, -0.00608904706314, 0.00209808209911, -5.46394003322e-05, -0.000324103195453, 0.00295667443424, -0.00231157010421, -0.00467944424599, 0.0286775100976, -0.0124129001051, 0.00606216397136], [0.000528547388967, 0.00221212464385, 0.000359968544217, 0.000544679409359, -0.00370488874614, 0.00284561654553, -0.00140619708691, -0.00156914489344, 0.00324768549763, -0.00319584389217, -0.0124129001051, 0.0322321653366, -0.0134541746229], [0.000304866523948, -0.00189680117182, -0.00121975271031, -0.00122910900973, -0.00409501325339, -0.00296640768647, 0.00559545261785, -0.0027466956526, 0.00140889442991, 0.00269518024288, 0.00606216397136, -0.0134541746229, 0.0272167697549]]
    spectral_contrast:
        mean: [3.14071286311e-07, 2.13833388329e-07, -5.38989979759e-07, -4.2259623001e-07, 5.10071572535e-07, 2.93194144518e-08, -3.88425314668e-06, 4.17872388425e-06, -2.66979128583e-07, -7.623047793e-08, 4.14059115883e-07, -3.57662361239e-06]
        var: [0.000399876647862, 0.000711144472007, 0.00108241802081, 0.0021427620668, 0.00268837809563, 0.00332784699276, 0.032401509583, 0.0785346999764, 0.121361762285, 0.247825995088, 0.335832059383, 0.680043041706]

rhythm:
    beats_loudness:
        dmean: 0.00181641965173
        dmean2: 0.00293669779785
        dvar: 3.70475800082e-06
        dvar2: 9.94609217742e-06
        max: 0.011200404726
        mean: 0.00629674596712
        min: 0.00298162316903
        var: 4.82864606965e-06
    beats_loudness_bass:
        dmean: 0.0755985602736
        dmean2: 0.14883030951
        dvar: 0.0046649412252
        dvar2: 0.015985019505
        max: 0.241247922182
        mean: 0.102187491953
        min: 0.0176051165909
        var: 0.00386720546521
    bpm: 107.177566528
    bpm_confidence: 0
    first_peak_bpm: 107
    first_peak_spread: 0
    first_peak_weight: 0.5
    onset_rate: 2.8910317421
    second_peak_bpm: 130
    second_peak_spread: 0
    second_peak_weight: 0.444444447756
    beats_position: [0.564555346966, 1.12440860271, 1.68426191807, 2.24411535263, 2.80396866798, 3.36382174492, 3.92367506027, 4.48352861404, 5.04338169098, 5.60323524475, 5.98177146912, 6.44209861755, 6.90242671967, 7.36275434494, 7.82308244705, 8.28341007233, 8.74373722076, 9.20406532288, 9.66439342499]
    bpm_estimates: [107.104133606, 107.254173279, 105.882377625, 107.104003906, 108.543113708]
    bpm_intervals: [0.559853255749, 0.559853315353, 0.559853434563, 0.559853315353, 0.559853076935, 0.559853315353, 0.559853553772, 0.559853076935, 0.559853553772, 0.378536224365, 0.460327148438, 0.460328102112, 0.460327625275, 0.460328102112, 0.460327625275, 0.460327148438, 0.460328102112, 0.460328102112]
    onset_times: [0.0464399084449, 0.301859408617, 0.638548731804, 0.777868509293, 0.917188227177, 1.07972788811, 1.13777780533, 1.33514738083, 1.90403628349, 2.06657600403, 2.26394557953, 2.40326523781, 2.68190479279, 3.08825397491, 3.44816327095, 3.84290242195, 4.20281171799, 4.57433128357, 4.91102027893, 5.53795909882, 6.07201814651, 6.98920631409, 7.22140598297, 7.32589578629, 8.75392246246, 9.02095222473, 9.58984088898, 9.78721046448, 9.9613609314]
    rubato_start: [6.44209861755]
    rubato_stop: [9.66439342499]
    perceptual_tempo: "unknown"

sfx:
    inharmonicity:
        dmean: 0.0404332056642
        dmean2: 0.0689144730568
        dvar: 0.00209628674202
        dvar2: 0.0057728253305
        max: 0.310456603765
        mean: 0.0519783645868
        min: 0
        var: 0.00264185201377
    oddtoevenharmonicenergyratio:
        dmean: 1.66284656525
        dmean2: 3.12390375137
        dvar: 12.4009389877
        dvar2: 37.0167350769
        max: 27.9361782074
        mean: 1.26632618904
        min: 0
        var: 7.48441886902
    pitch_after_max_to_before_max_energy_ratio: 14.2621564865
    pitch_centroid: 267.006591797
    pitch_max_to_total: 0.13425925374
    pitch_min_to_total: 0.347222208977
    tristimulus:
        dmean: [0.169864907861, 0.216826349497, 0.12055644393]
        dmean2: [0.2963090837, 0.374973416328, 0.20873324573]
        dvar: [0.0255188997835, 0.0381668880582, 0.0123884594068]
        dvar2: [0.0644151195884, 0.111380703747, 0.0339353755116]
        max: [1, 0.931938350201, 0.653417408466]
        mean: [0.355995059013, 0.453668475151, 0.144559532404]
        min: [0.0229585450143, 0, 0]
        var: [0.0425172522664, 0.0462309084833, 0.0186636578292]

tonal:
    chords_changes_rate: 0.0691244229674
    chords_number_rate: 0.0322580635548
    chords_strength:
        dmean: 0.00944541860372
        dmean2: 0.00752789760008
        dvar: 4.37794406025e-05
        dvar2: 4.42403907073e-05
        max: 0.725457787514
        mean: 0.55369913578
        min: 0.344882547855
        var: 0.00849508587271
    key_strength: 0.826130747795
    tuning_diatonic_strength: 0.679297924042
    tuning_equal_tempered_deviation: 0.110107086599
    tuning_frequency: 452.631469727
    tuning_nontempered_energy_ratio: 0.754212975502
    hpcp:
        dmean: [0.147841244936, 0.120680518448, 0.0807213708758, 0.0672860443592, 0.0810269936919, 0.126517400146, 0.15399953723, 0.155903697014, 0.138216003776, 0.123244099319, 0.123290665448, 0.11276935041, 0.133733347058, 0.140827730298, 0.159030944109, 0.200741425157, 0.13685823977, 0.0802590399981, 0.0865782573819, 0.091553978622, 0.121520988643, 0.124488145113, 0.0966742485762, 0.0912240222096, 0.0949158743024, 0.0897020697594, 0.109675139189, 0.119437232614, 0.150690093637, 0.14398239553, 0.102565355599, 0.112662404776, 0.0969869047403, 0.0950347259641, 0.100784011185, 0.152898430824]
        dmean2: [0.233939871192, 0.192135199904, 0.143480867147, 0.116998746991, 0.136273115873, 0.199845358729, 0.261754900217, 0.254823833704, 0.23040895164, 0.204873412848, 0.204134956002, 0.1847012043, 0.21948119998, 0.230540141463, 0.280408084393, 0.3368011415, 0.233099788427, 0.135167852044, 0.14680428803, 0.158067926764, 0.20844604075, 0.206178471446, 0.162059500813, 0.161444291472, 0.172240823507, 0.157029122114, 0.175117641687, 0.171523243189, 0.249116450548, 0.239199459553, 0.171784222126, 0.186127915978, 0.162154093385, 0.162008330226, 0.170222863555, 0.24233174324]
        dvar: [0.0317954011261, 0.018712438643, 0.0145437158644, 0.0160437785089, 0.0115461489186, 0.0210008714348, 0.032389882952, 0.0346234291792, 0.0350506566465, 0.0367648527026, 0.0359896123409, 0.0224765706807, 0.0283512491733, 0.0313484743237, 0.0283725652844, 0.0413905531168, 0.0206220243126, 0.0093838525936, 0.0146478647366, 0.0230054110289, 0.0225794445723, 0.0233007986099, 0.0179696269333, 0.0202323310077, 0.0376451089978, 0.0222588405013, 0.017123779282, 0.0139414891601, 0.0341224633157, 0.039359100163, 0.0188668537885, 0.0266237296164, 0.0268413517624, 0.0243304856122, 0.0210690516979, 0.0287687983364]
        dvar2: [0.0709562152624, 0.0415128171444, 0.0433127619326, 0.0471140444279, 0.0269031859934, 0.0432202368975, 0.0712688267231, 0.0770490244031, 0.0888786837459, 0.0931986868382, 0.0928133428097, 0.0527239218354, 0.0619385838509, 0.0670938119292, 0.0750860646367, 0.10332685709, 0.0554224811494, 0.0257717594504, 0.0409167036414, 0.0623073615134, 0.0611957535148, 0.0601265281439, 0.0494670718908, 0.0566704049706, 0.107594020665, 0.0604707635939, 0.0416892170906, 0.0315214060247, 0.0912316069007, 0.094732709229, 0.0458291955292, 0.0598958209157, 0.0621117055416, 0.0617706030607, 0.0553740598261, 0.0695949271321]
        max: [1, 1, 1, 1, 0.748542129993, 1, 1, 1, 1, 1, 1, 1, 1, 1, 1, 1, 0.938802421093, 0.768273353577, 0.801682293415, 1, 0.92925131321, 1, 1, 0.802133500576, 1, 0.976822137833, 1, 1, 1, 1, 1, 1, 1, 1, 1, 1]
        mean: [0.397610753775, 0.219525232911, 0.106840036809, 0.0925607532263, 0.108301706612, 0.238554254174, 0.3336199224, 0.270840734243, 0.231319054961, 0.221996366978, 0.166151612997, 0.177474379539, 0.219341903925, 0.251302480698, 0.404214382172, 0.440521240234, 0.247684344649, 0.138926267624, 0.123306557536, 0.135037913918, 0.253237485886, 0.296816378832, 0.192137286067, 0.111764274538, 0.0975585058331, 0.107461802661, 0.198145881295, 0.266158521175, 0.235885739326, 0.226164966822, 0.206842854619, 0.161420449615, 0.140278324485, 0.134724408388, 0.158354207873, 0.329579919577]
        min: [0.0057029677555, 0.00405554287136, 0.00283941975795, 0.00204180902801, 0.00169607973658, 0.00345036038198, 0.00594301708043, 0.0100989863276, 0.00389512837864, 0.0040937056765, 0.00239114928991, 0.00252330838703, 0.0026330971159, 0.00251786853187, 0.00205971044488, 0.00204949104227, 0.00611843494698, 0.00876657571644, 0.00674195121974, 0.000982820056379, 0.000888054957613, 0.00385219720192, 0.00360364513472, 0.00229781796224, 0.00156142818742, 0.00319704017602, 0.00151648838073, 0.00192386156414, 0.0018457013648, 0.00246087671258, 0.0043934462592, 0.00491598621011, 0.00220701401122, 0.00371667649597, 0.00243077403866, 0.0042165745981]
        var: [0.114462681115, 0.0481588840485, 0.0145974094048, 0.0137920249254, 0.014782239683, 0.0507756769657, 0.0821223035455, 0.0570713616908, 0.0726015046239, 0.0789252966642, 0.0546755976975, 0.0355402715504, 0.0585759542882, 0.0575609207153, 0.0914857909083, 0.106630779803, 0.0390386730433, 0.0183258876204, 0.020090829581, 0.0246060397476, 0.0605598688126, 0.0866019055247, 0.037759616971, 0.0186363868415, 0.0259964149445, 0.0211595073342, 0.0308817066252, 0.0496314316988, 0.0465685836971, 0.0712328404188, 0.0520054213703, 0.0385870598257, 0.0314397960901, 0.0263161063194, 0.0267412699759, 0.0819532647729]
    chords_histogram: [18.8940086365, 0, 5.99078321457, 0.460829496384, 0, 0, 0, 0, 0.460829496384, 0, 0, 0, 0, 0, 0, 0, 0, 2.30414748192, 0, 27.6497688293, 3.22580647469, 5.99078321457, 0.921658992767, 34.1013832092]
    thpcp: [1, 0.562252879143, 0.315367907286, 0.279910594225, 0.306541204453, 0.574858725071, 0.6737844944, 0.436158955097, 0.253709167242, 0.221461519599, 0.243942379951, 0.449798703194, 0.604189991951, 0.535469591618, 0.513403117657, 0.469541162252, 0.366430580616, 0.318437129259, 0.305829554796, 0.359470099211, 0.748158991337, 0.902591586113, 0.498330652714, 0.242530956864, 0.210116431117, 0.245848998427, 0.541527271271, 0.757329940796, 0.614818811417, 0.525103092194, 0.503940224648, 0.377170503139, 0.40287360549, 0.497914493084, 0.570466220379, 0.917582035065]
    chords_key: "B"
    chords_scale: "minor"
    key_key: "D"
    key_scale: "major"
    chords_progression: ["Em", "Em", "Em", "Em", "Em", "Em", "Em", "Em", "Em", "Em", "Em", "Em", "Em", "Bm", "Bm", "Bm", "Bm", "Bm", "Bm", "Bm", "Bm", "Bm", "Bm", "Bm", "Bm", "Bm", "Bm", "Bm", "Bm", "Bm", "Bm", "Bm", "Bm", "Bm", "Bm", "Bm", "Bm", "Bm", "Bm", "Bm", "Bm", "Bm", "Bm", "Bm", "Bm", "Bm", "Bm", "Bm", "Bm", "Bm", "Bm", "Bm", "Bm", "Bm", "Bm", "Bm", "Bm", "Bm", "Bm", "Bm", "Bm", "Bm", "Bm", "Bm", "Bm", "Bm", "Bm", "Bm", "Bm", "Bm", "Bm", "D", "D", "D", "D", "D", "D", "D", "D", "D", "D", "D", "D", "D", "D", "D", "D", "D", "D", "D", "D", "D", "D", "D", "D", "D", "D", "D", "D", "D", "D", "D", "D", "D", "D", "D", "D", "D", "D", "D", "D", "Dm", "Dm", "Dm", "Dm", "Dm", "D", "C#m", "G", "F#", "Bm", "Bm", "Bm", "Bm", "Bm", "Bm", "Bm", "Bm", "Bm", "Bm", "Bm", "Bm", "Bm", "Bm", "Am", "Am", "Am", "Am", "Am", "Am", "Am", "Am", "Am", "Am", "Am", "Am", "A", "A", "A", "A", "A", "A", "A", "A", "A", "A", "A", "A", "A", "Am", "Am", "Am", "Am", "Am", "Am", "Am", "Am", "Am", "Am", "Am", "Am", "Am", "Am", "Am", "Am", "Am", "Am", "Am", "Am", "Am", "Am", "Am", "Am", "Am", "Am", "Am", "Am", "Am", "Am", "Am", "Am", "Am", "Am", "Am", "Am", "Am", "Am", "Am", "Am", "Am", "Am", "Am", "Am", "Am", "Am", "Am", "Am", "C", "C", "C", "C", "C", "C", "C", "Bm", "G", "Bm"]
