
metadata:
    version:
        essentia: "1.2.2"
    audio_properties:
        analysis_sample_rate: 44100
        bitrate: 128
        channels: 2
        equal_loudness: 1
        length: 10.0048980713
        replay_gain: -7.24082374573
        downmix: "mix"
    tags:
        track: 1
        year: 0
        album: "Splitted by Mp3Splt v. 2.1"
        artist: "From 000.00 To 000.10"
        comment: "http://mp3splt.sf.net"
        genre: ""
        title: "04 Make You Happy.mp3"

highlevel:
    ballroom:
        all:
            ChaChaCha: 0.00162349501625
            Jive: 0.00201615039259
            Quickstep: 0.0179830547422
            Rumba-American: 0.00322517985478
            Rumba-International: 0.0303546451032
            Rumba-Misc: 0.0475686304271
            Samba: 0.00273281382397
            Tango: 0.0599049255252
            VienneseWaltz: 0.213252559304
            Waltz: 0.621338546276
        probability: 0.621338546276
        value: "Waltz"
    culture:
        all:
            non_western: 0.0892300307751
            western: 0.910769939423
        probability: 0.910769939423
        value: "western"
    gender:
        all:
            female: 0.862565219402
            male: 0.137434750795
        probability: 0.862565219402
        value: "female"
    genre_dortmund:
        all:
            alternative: 0.0426975525916
            blues: 0.015033967793
            electronic: 0.106014370918
            folkcountry: 0.210699632764
            funksoulrnb: 0.0133578879759
            jazz: 0.486317306757
            pop: 0.081672757864
            raphiphop: 0.00184022402391
            rock: 0.0423662923276
        probability: 0.486317306757
        value: "jazz"
    genre_electronica:
        all:
            ambient: 0.965713739395
            dnb: 0.0082226106897
            house: 0.00856243818998
            techno: 0.00104956654832
            trance: 0.0164516437799
        probability: 0.965713739395
        value: "ambient"
    genre_rosamerica:
        all:
            cla: 0.720028877258
            dan: 0.00827625300735
            hip: 0.00387687282637
            jaz: 0.142489627004
            pop: 0.0607078559697
            rhy: 0.0144430566579
            roc: 0.0462956726551
            spe: 0.00388176622801
        probability: 0.720028877258
        value: "cla"
    genre_tzanetakis:
        all:
            blu: 0.00995668023825
            cla: 0.45284947753
            cou: 0.142225235701
            dis: 0.0113670509309
            hip: 0.00312847830355
            jaz: 0.177997842431
            met: 0.0045527331531
            pop: 0.0950160473585
            reg: 0.0166622065008
            roc: 0.0862442627549
        probability: 0.45284947753
        value: "cla"
    live_studio:
        all:
            live: 0.0993226766586
            studio: 0.900677323341
        probability: 0.900677323341
        value: "studio"
    mood:
        all:
            Cluster1: 0.132279455662
            Cluster2: 0.18211902678
            Cluster3: 0.532637119293
            Cluster4: 0.131046175957
            Cluster5: 0.0219182167202
        probability: 0.532637119293
        value: "Cluster3"
    mood_acoustic:
        all:
            acoustic: 0.948468208313
            not_acoustic: 0.051531817764
        probability: 0.948468208313
        value: "acoustic"
    mood_aggressive:
        all:
            aggressive: 1.71332067112e-05
            not_aggressive: 0.999982893467
        probability: 0.999982893467
        value: "not_aggressive"
    mood_electronic:
        all:
            electronic: 0.202234059572
            not_electronic: 0.79776597023
        probability: 0.79776597023
        value: "not_electronic"
    mood_happy:
        all:
            happy: 0.302759587765
            not_happy: 0.697240412235
        probability: 0.697240412235
        value: "not_happy"
    mood_party:
        all:
            not_party: 0.980897903442
            party: 0.0191020965576
        probability: 0.980897903442
        value: "not_party"
    mood_relaxed:
        all:
            not_relaxed: 0.00531089771539
            relaxed: 0.994689106941
        probability: 0.994689106941
        value: "relaxed"
    mood_sad:
        all:
            not_sad: 0.10644748807
            sad: 0.893552541733
        probability: 0.893552541733
        value: "sad"
    rhythm:
        all:
            fast: 0.0127398520708
            medium: 0.32627338171
            slow: 0.66098678112
        probability: 0.66098678112
        value: "slow"
    speech_music:
        all:
            music: 0.958074510098
            speech: 0.0419254973531
        probability: 0.958074510098
        value: "music"
    timbre:
        all:
            bright: 0.988424062729
            dark: 0.0115759335458
        probability: 0.988424062729
        value: "bright"
    voice_instrumental:
        all:
            instrumental: 0.972323834896
            voice: 0.0276761669666
        probability: 0.972323834896
        value: "instrumental"

lowlevel:
    average_loudness: 0.887750327587
    barkbands_kurtosis:
        dmean: 1.58593773842
        dmean2: 2.58457636833
        dvar: 3.72106909752
        dvar2: 9.06831169128
        max: 21.1278038025
        mean: 3.27021050453
        min: -1.69795656204
        var: 14.4385204315
    barkbands_skewness:
        dmean: 0.33956360817
        dmean2: 0.553555846214
        dvar: 0.121501103044
        dvar2: 0.312096118927
        max: 4.33669471741
        mean: 1.7369966507
        min: 0.00729545252398
        var: 0.601511478424
    barkbands_spread:
        dmean: 2.31015110016
        dmean2: 3.79432177544
        dvar: 5.78964710236
        dvar2: 14.7648143768
        max: 36.833240509
        mean: 14.3023786545
        min: 4.46135044098
        var: 37.3615264893
    dissonance:
        dmean: 0.0202904343605
        dmean2: 0.0334922969341
        dvar: 0.000334260286763
        dvar2: 0.000822140544187
        max: 0.499494761229
        mean: 0.432260036469
        min: 0.298867344856
        var: 0.00111372803804
    hfc:
        dmean: 0.473904758692
        dmean2: 0.621561288834
        dvar: 0.838157653809
        dvar2: 1.45755827427
        max: 16.282787323
        mean: 2.5854268074
        min: 0.195975542068
        var: 6.48058414459
    pitch:
        dmean: 59.026714325
        dmean2: 112.294944763
        dvar: 12838.8046875
        dvar2: 31646.453125
        max: 918.75
        mean: 279.861206055
        min: 66.216217041
        var: 30197.7988281
    pitch_instantaneous_confidence:
        dmean: 0.0637101903558
        dmean2: 0.100975781679
        dvar: 0.00381081923842
        dvar2: 0.00973800849169
        max: 0.86625868082
        mean: 0.496171593666
        min: 0.223140895367
        var: 0.0147737469524
    pitch_salience:
        dmean: 0.0454557649791
        dmean2: 0.0761759877205
        dvar: 0.00157933786977
        dvar2: 0.00402048230171
        max: 0.784332275391
        mean: 0.5830052495
        min: 0.303623557091
        var: 0.00757050467655
    silence_rate_20dB:
        dmean: 0
        dmean2: 0
        dvar: 0
        dvar2: 0
        max: 1
        mean: 1
        min: 1
        var: 0
    silence_rate_30dB:
        dmean: 0
        dmean2: 0
        dvar: 0
        dvar2: 0
        max: 1
        mean: 1
        min: 1
        var: 0
    silence_rate_60dB:
        dmean: 0.0516431927681
        dmean2: 0.103529408574
        dvar: 0.0489759966731
        dvar2: 0.0975172445178
        max: 1
        mean: 0.587822020054
        min: 0
        var: 0.242287784815
    spectral_centroid:
        dmean: 77.6606521606
        dmean2: 127.205047607
        dvar: 8224.03125
        dvar2: 19166.3515625
        max: 1998.56481934
        mean: 696.024597168
        min: 348.110992432
        var: 49758.3125
    spectral_complexity:
        dmean: 1.37380957603
        dmean2: 2.1980907917
        dvar: 1.85311615467
        dvar2: 3.36648416519
        max: 20
        mean: 7.93349170685
        min: 0
        var: 17.3019866943
    spectral_crest:
        dmean: 1.91033315659
        dmean2: 3.23020482063
        dvar: 3.78856635094
        dvar2: 11.1103038788
        max: 21.7622737885
        mean: 10.9172992706
        min: 3.24863433838
        var: 12.9078712463
    spectral_decrease:
        dmean: 1.60531699045e-10
        dmean2: 2.37966729655e-10
        dvar: 3.762380933e-20
        dvar2: 7.56559744639e-20
        max: -6.63718593974e-11
        mean: -8.49554870896e-10
        min: -3.34975958083e-09
        var: 4.44953738081e-19
    spectral_energy:
        dmean: 0.000642622180749
        dmean2: 0.000941548205446
        dvar: 6.34154559975e-07
        dvar2: 1.26006705159e-06
        max: 0.0138430418447
        mean: 0.00344092166051
        min: 0.000272758567007
        var: 7.41653548175e-06
    spectral_energyband_high:
        dmean: 2.02237133635e-05
        dmean2: 2.88612136501e-05
        dvar: 6.29999652446e-09
        dvar2: 1.11340128228e-08
        max: 0.00175878265873
        mean: 5.2877345297e-05
        min: 1.35604034313e-06
        var: 1.90839859471e-08
    spectral_energyband_low:
        dmean: 1.39220519486e-05
        dmean2: 2.09937898035e-05
        dvar: 6.23280149714e-10
        dvar2: 1.15105214249e-09
        max: 0.000361126090866
        mean: 6.14984892309e-05
        min: 2.02796172744e-07
        var: 4.66859217951e-09
    spectral_energyband_middle_high:
        dmean: 0.000158196533448
        dmean2: 0.000200845155632
        dvar: 1.06061278871e-07
        dvar2: 2.10447637983e-07
        max: 0.00723171327263
        mean: 0.0007119551301
        min: 6.44587926217e-05
        var: 8.6740919869e-07
    spectral_energyband_middle_low:
        dmean: 0.000540249457117
        dmean2: 0.000831782468595
        dvar: 3.81720667519e-07
        dvar2: 7.61789010539e-07
        max: 0.011083140038
        mean: 0.00261459103785
        min: 0.000180212649866
        var: 4.78399715576e-06
    spectral_flatness_db:
        dmean: 0.0139731382951
        dmean2: 0.0228872746229
        dvar: 0.000178088768735
        dvar2: 0.000521247333381
        max: 0.29333627224
        mean: 0.215153485537
        min: 0.133505642414
        var: 0.000908556277864
    spectral_flux:
        dmean: 0.00565922353417
        dmean2: 0.00908051244915
        dvar: 4.97374639963e-05
        dvar2: 0.000120855431305
        max: 0.0639872923493
        mean: 0.018436672166
        min: 0.0063122715801
        var: 9.10867747734e-05
    spectral_kurtosis:
        dmean: 3.077064991
        dmean2: 5.65048742294
        dvar: 11.6802835464
        dvar2: 36.3490867615
        max: 33.0942115784
        mean: 10.2512292862
        min: 1.89944410324
        var: 22.5146560669
    spectral_rms:
        dmean: 0.000172114901943
        dmean2: 0.000257247767877
        dvar: 3.2378025594e-08
        dvar2: 6.41798720835e-08
        max: 0.00367497024126
        mean: 0.00170062936377
        min: 0.000515854568221
        var: 4.64854707616e-07
    spectral_rolloff:
        dmean: 238.813278198
        dmean2: 406.04699707
        dvar: 98921.1015625
        dvar2: 221489.390625
        max: 4328.17382812
        mean: 1165.55505371
        min: 344.53125
        var: 500413.1875
    spectral_skewness:
        dmean: 0.274993121624
        dmean2: 0.486129909754
        dvar: 0.0737888365984
        dvar2: 0.228203624487
        max: 3.93373155594
        mean: 2.3922932148
        min: 1.13836085796
        var: 0.202407971025
    spectral_spread:
        dmean: 237428.421875
        dmean2: 375810.4375
        dvar: 125864894464
        dvar2: 173114146816
        max: 8242880
        mean: 3147658
        min: 1516988.75
        var: 822505177088
    spectral_strongpeak:
        dmean: 0.115772277117
        dmean2: 0.189170330763
        dvar: 0.0201153419912
        dvar2: 0.0447725839913
        max: 2.32207322121
        mean: 0.430108815432
        min: 0.0168205350637
        var: 0.140934854746
    zerocrossingrate:
        dmean: 0.00432128924876
        dmean2: 0.00514385057613
        dvar: 1.4265133359e-05
        dvar2: 1.94651202037e-05
        max: 0.111328125
        mean: 0.0441842339933
        min: 0.0166015625
        var: 0.000180469447514
    barkbands:
        dmean: [1.11597486807e-08, 4.49910885436e-06, 1.13080786832e-05, 2.76516766462e-05, 0.000259350403212, 0.000182103030966, 0.000119442025607, 9.00042214198e-05, 7.09263258614e-05, 7.01278040651e-05, 2.72589277301e-05, 2.10065863939e-05, 2.62860867224e-05, 1.85173103091e-05, 2.88264072879e-05, 2.46756990236e-05, 2.72248471447e-05, 2.45672672463e-05, 2.36663927353e-05, 2.36043670157e-05, 2.87232046503e-06, 1.01831119537e-06, 3.69659574062e-07, 2.35575967622e-07, 3.04142950824e-08, 2.32899677322e-09, 2.02137487304e-10]
        dmean2: [1.78894623559e-08, 6.50116544421e-06, 1.67039634107e-05, 4.94659616379e-05, 0.000427987892181, 0.000277555373032, 0.000183816227945, 0.000115664748591, 9.13303883863e-05, 0.000104031299998, 3.84291743103e-05, 2.93368248094e-05, 4.08293635701e-05, 2.6776584491e-05, 4.02827099606e-05, 3.67636421288e-05, 4.29829633504e-05, 3.79723605874e-05, 3.78934200853e-05, 3.51752569259e-05, 4.2663741624e-06, 1.54990550527e-06, 6.41091617126e-07, 3.81855727483e-07, 4.67672727211e-08, 3.85461484953e-09, 3.55465240576e-10]
        dvar: [2.54573295902e-15, 8.07516276069e-11, 3.55730223056e-10, 1.58534696482e-09, 1.67545536556e-07, 7.89137359902e-08, 3.71259467613e-08, 2.93627469006e-08, 8.07772337907e-08, 9.8482630051e-08, 8.19078671555e-09, 2.01380867537e-09, 1.53508628031e-09, 1.18431175977e-09, 2.03081929051e-09, 1.70854452808e-09, 2.23934049082e-09, 3.16872728057e-09, 2.06924055668e-09, 7.38686134483e-09, 1.03332994938e-10, 2.15299479633e-11, 1.09095924569e-12, 4.08021435649e-13, 3.30496967074e-15, 3.15737751487e-17, 5.70718330112e-19]
        dvar2: [4.17354859507e-15, 1.57187804439e-10, 6.40611674818e-10, 5.34926547502e-09, 3.89756934283e-07, 1.82338695254e-07, 7.37379579618e-08, 4.06032398814e-08, 1.37134250622e-07, 2.43132888045e-07, 1.38745566147e-08, 4.99274133148e-09, 3.49067619254e-09, 2.20895146619e-09, 3.07690695145e-09, 3.82924625342e-09, 4.69113681234e-09, 6.89667079001e-09, 4.79946926646e-09, 1.2977422692e-08, 2.35907404722e-10, 3.54013415804e-11, 3.20208811723e-12, 1.1204732888e-12, 8.78964480003e-15, 8.64365028065e-17, 7.58711306036e-19]
        max: [8.48948729981e-07, 0.00015505591, 0.000302704749629, 0.000388892542105, 0.00586335826665, 0.00645922590047, 0.00270049786195, 0.00249237148091, 0.00748206861317, 0.00755317835137, 0.001769622555, 0.000597202393692, 0.000390542729292, 0.000508915982209, 0.000644158397336, 0.000504191149957, 0.000541291956324, 0.000726425030734, 0.000578319071792, 0.0019030563999, 0.000195362285012, 9.42996557569e-05, 1.31069054987e-05, 9.41884445638e-06, 8.36684534988e-07, 8.21492562864e-08, 1.45880285629e-08]
        mean: [1.25639010307e-08, 1.17309382404e-05, 4.97574364999e-05, 5.8044999605e-05, 0.000677172560245, 0.000776353874244, 0.000465289718704, 0.000368225330021, 0.000205667456612, 0.000203201139811, 7.29944513296e-05, 5.23770868313e-05, 6.70013250783e-05, 5.02499933646e-05, 6.58559511066e-05, 5.37069645361e-05, 5.77683058509e-05, 7.42222036934e-05, 5.69310541323e-05, 6.32422743365e-05, 7.00319560565e-06, 2.32526190302e-06, 9.33695446292e-07, 7.48155798647e-07, 1.02327355478e-07, 5.79919268162e-09, 1.68093233777e-10]
        min: [2.26047045665e-11, 9.98265790031e-08, 1.00471730491e-07, 2.87786917852e-07, 2.52157005889e-05, 4.57724354419e-06, 2.68460644293e-06, 5.08668279053e-07, 1.6830909999e-06, 5.56132647489e-07, 1.13119108391e-06, 5.41881433946e-07, 6.84137035023e-07, 6.04743149779e-07, 1.85267629149e-06, 1.09772133783e-06, 1.53094481448e-06, 1.35405366564e-06, 2.38678740061e-06, 7.55649409712e-07, 2.29927806572e-07, 6.71209505754e-08, 5.19970067003e-09, 1.12903553173e-09, 3.10023617889e-10, 2.10273933682e-11, 5.63691834096e-13]
        var: [2.45296548712e-15, 3.05919456434e-10, 3.70499764202e-09, 4.03986000208e-09, 6.67239760332e-07, 1.16182638976e-06, 2.93192982781e-07, 3.14172808658e-07, 5.28887994733e-07, 5.27060763034e-07, 3.74711603968e-08, 4.82581308248e-09, 6.64494637093e-09, 6.03603833582e-09, 8.55381454556e-09, 5.30338128968e-09, 5.20063814236e-09, 1.61050959235e-08, 6.83279655078e-09, 2.48268161585e-08, 2.28065011321e-10, 4.76359507395e-11, 2.75182676125e-12, 2.33208309434e-12, 2.54743752812e-14, 1.38610536132e-16, 5.56749886204e-19]
    mfcc:
        mean: [-787.97052002, 173.058807373, -59.316532135, 41.4652366638, -20.4695091248, -14.6919698715, -16.6350307465, -14.094742775, -20.1556587219, -7.35021400452, -11.3353748322, -5.2588300705, -4.69850730896]
        cov: [[2303.86743164, -816.019958496, 1.46664810181, -130.387268066, -159.161773682, -300.846679688, -168.439712524, -124.511604309, -110.08454895, 168.999343872, -33.5321235657, 85.7147064209, -45.5324020386], [-816.019958496, 666.695678711, -248.113174438, 155.588180542, -31.3887844086, 154.773666382, 42.6079101562, 3.93889594078, 117.673950195, -49.7026824951, 84.8189468384, -5.48493862152, 96.8706207275], [1.46664810181, -248.113174438, 467.422332764, -67.9850311279, 162.704650879, 12.8428735733, 14.0446338654, 110.70690155, -99.5825958252, 7.16667842865, -82.3658370972, 24.5142745972, -39.7713012695], [-130.387268066, 155.588180542, -67.9850311279, 183.675338745, -13.408074379, 15.5813894272, -3.96331310272, -18.7682266235, 44.8481254578, 10.20271492, 56.5487823486, 44.897403717, 75.6878509521], [-159.161773682, -31.3887844086, 162.704650879, -13.408074379, 181.889709473, 80.0980911255, 23.9411182404, 26.3143348694, -67.752456665, 0.460335463285, -41.6503639221, 11.764966011, -8.12211990356], [-300.846679688, 154.773666382, 12.8428735733, 15.5813894272, 80.0980911255, 254.288223267, 89.3839645386, 40.907989502, 14.9607448578, -21.2191734314, -10.3009939194, -43.4090232849, -21.7334804535], [-168.439712524, 42.6079101562, 14.0446338654, -3.96331310272, 23.9411182404, 89.3839645386, 134.138687134, 41.1885032654, 14.8437719345, -11.1108350754, -18.3334388733, -39.0853614807, -23.5156364441], [-124.511604309, 3.93889594078, 110.70690155, -18.7682266235, 26.3143348694, 40.907989502, 41.1885032654, 145.344039917, 14.7893791199, -19.5977420807, -56.7063980103, -37.2293930054, -17.7712020874], [-110.08454895, 117.673950195, -99.5825958252, 44.8481254578, -67.752456665, 14.9607448578, 14.8437719345, 14.7893791199, 121.567604065, 0.179711461067, 6.17515420914, -40.4428329468, 2.20374512672], [168.999343872, -49.7026824951, 7.16667842865, 10.20271492, 0.460335463285, -21.2191734314, -11.1108350754, -19.5977420807, 0.179711461067, 79.3238830566, 23.1501426697, 21.1477508545, -0.0436167046428], [-33.5321235657, 84.8189468384, -82.3658370972, 56.5487823486, -41.6503639221, -10.3009939194, -18.3334388733, -56.7063980103, 6.17515420914, 23.1501426697, 91.7318725586, 37.2995872498, 37.0926322937], [85.7147064209, -5.48493862152, 24.5142745972, 44.897403717, 11.764966011, -43.4090232849, -39.0853614807, -37.2293930054, -40.4428329468, 21.1477508545, 37.2995872498, 100.370124817, 44.1351509094], [-45.5324020386, 96.8706207275, -39.7713012695, 75.6878509521, -8.12211990356, -21.7334804535, -23.5156364441, -17.7712020874, 2.20374512672, -0.0436167046428, 37.0926322937, 44.1351509094, 98.9271011353]]
        icov: [[0.00141744350549, 0.00182030571159, 0.000776878558099, -5.7759029005e-05, 0.00176157034002, -0.00072030670708, 0.000775192922447, 0.000215143329115, 0.000742446107324, -0.00226630130783, 0.00182086485438, -0.000939528341405, -0.000845364294946], [0.00182030571159, 0.00635631242767, 0.00282546738163, -0.000196494132979, 0.000371559261112, -0.00265162228607, 0.00101763487328, -0.00157751271036, -0.0021241530776, -0.000195993066882, -0.00105260359123, -0.00216765422374, -0.00328465364873], [0.000776878558099, 0.00282546738163, 0.00619649002329, 0.000284298090264, -0.00317824585363, -0.000210869853618, 0.000545349321328, -0.00442987913266, 0.000639935780782, -0.000822015455924, 0.000317118130624, -0.00303489994258, 0.000111524284875], [-5.7759029005e-05, -0.000196494132979, 0.000284298090264, 0.0114697795361, -0.00210142624564, -0.000603536143899, -0.000797019689344, -0.000671075249556, -0.00589344091713, 0.000371563393855, -0.00395324081182, -0.0042582526803, -0.00559691013768], [0.00176157034002, 0.000371559261112, -0.00317824585363, -0.00210142624564, 0.0164937283844, -0.00480869272724, 0.00103336083703, 0.00368333142251, 0.00798797700554, -0.00612811977044, 0.0100921895355, -0.000473990658065, -0.00177120685112], [-0.00072030670708, -0.00265162228607, -0.000210869853618, -0.000603536143899, -0.00480869272724, 0.00832467991859, -0.00345161836594, -0.000720568990801, -0.000308332237182, 0.00166372710373, -0.00265581882559, 0.0025386873167, 0.00299689266831], [0.000775192922447, 0.00101763487328, 0.000545349321328, -0.000797019689344, 0.00103336083703, -0.00345161836594, 0.0111936451867, -0.00165399722755, 0.000798502529506, -0.00145916210022, 0.000940025201999, 0.00169802468736, 0.000751129700802], [0.000215143329115, -0.00157751271036, -0.00442987913266, -0.000671075249556, 0.00368333142251, -0.000720568990801, -0.00165399722755, 0.0137518262491, -0.000456061883597, -0.000897719000932, 0.00746822822839, 0.0026628060732, -0.0013808675576], [0.000742446107324, -0.0021241530776, 0.000639935780782, -0.00589344091713, 0.00798797700554, -0.000308332237182, 0.000798502529506, -0.000456061883597, 0.0200395192951, -0.00613404205069, 0.00653500529006, 0.00690285675228, 0.00190492148977], [-0.00226630130783, -0.000195993066882, -0.000822015455924, 0.000371563393855, -0.00612811977044, 0.00166372710373, -0.00145916210022, -0.000897719000932, -0.00613404205069, 0.0208684820682, -0.0102858832106, -0.00171889585909, 0.00265772733837], [0.00182086485438, -0.00105260359123, 0.000317118130624, -0.00395324081182, 0.0100921895355, -0.00265581882559, 0.000940025201999, 0.00746822822839, 0.00653500529006, -0.0102858832106, 0.0291473548859, -0.00408108439296, -0.00242713326588], [-0.000939528341405, -0.00216765422374, -0.00303489994258, -0.0042582526803, -0.000473990658065, 0.0025386873167, 0.00169802468736, 0.0026628060732, 0.00690285675228, -0.00171889585909, -0.00408108439296, 0.0222630277276, -0.00342793716118], [-0.000845364294946, -0.00328465364873, 0.000111524284875, -0.00559691013768, -0.00177120685112, 0.00299689266831, 0.000751129700802, -0.0013808675576, 0.00190492148977, 0.00265772733837, -0.00242713326588, -0.00342793716118, 0.0201042816043]]
    spectral_contrast:
        mean: [-4.83615224312e-07, 2.23977551173e-07, -2.5660702363e-07, 1.84052353802e-07, 3.56052794359e-07, 5.67518327443e-07, 3.35775189342e-06, -5.98948815878e-07, 4.41258407591e-06, -1.36113794724e-06, 3.46690922015e-06, 1.23102708471e-07]
        var: [0.000306119443849, 0.00059558567591, 0.00156621972565, 0.0024837735109, 0.00527820177376, 0.00748198712245, 0.0416783317924, 0.0680895447731, 0.160657763481, 0.264058887959, 0.305551886559, 1.28260707855]

rhythm:
    beats_loudness:
        dmean: 0.0023495699279
        dmean2: 0.00332488305867
        dvar: 3.4220975067e-06
        dvar2: 9.23044626688e-06
        max: 0.0111922789365
        mean: 0.00378121482208
        min: 0.000578588806093
        var: 9.00917439139e-06
    beats_loudness_bass:
        dmean: 0.0423626750708
        dmean2: 0.0655840709805
        dvar: 0.00165222375654
        dvar2: 0.00473050167784
        max: 0.176662534475
        mean: 0.0551124960184
        min: 0.00512307742611
        var: 0.00256645330228
    bpm: 76.8135757446
    bpm_confidence: 0
    first_peak_bpm: 162
    first_peak_spread: 0
    first_peak_weight: 0.588235318661
    onset_rate: 2.39882493019
    second_peak_bpm: 77
    second_peak_spread: 0
    second_peak_weight: 0.352941185236
    beats_position: [0.906749665737, 1.6878837347, 2.46901774406, 3.25015163422, 4.03128528595, 4.81241893768, 5.59355306625, 6.13491773605, 6.5055308342, 6.87614345551, 7.24675655365, 7.61736965179, 7.9879822731, 8.35859489441, 8.72920799255, 9.0998210907, 9.47043418884, 9.84104728699]
    bpm_estimates: [76.1113815308, 77.1005859375, 76.9911346436, 77.0511932373]
    bpm_intervals: [0.781134068966, 0.781134009361, 0.781133890152, 0.781133651733, 0.781133651733, 0.781134128571, 0.5413646698, 0.370613098145, 0.370612621307, 0.370613098145, 0.370613098145, 0.370612621307, 0.370612621307, 0.370613098145, 0.370613098145, 0.370613098145, 0.370613098145]
    onset_times: [0.243809521198, 0.336689352989, 0.371519267559, 0.452789127827, 1.1261677742, 1.48607707024, 1.92725622654, 2.79800462723, 3.04181408882, 4.27247142792, 4.45823144913, 4.6439909935, 4.9806804657, 5.05034017563, 5.630838871, 5.87464857101, 6.07201814651, 6.47836732864, 7.25623559952, 7.59292507172, 8.32435417175, 8.75392246246, 9.14866256714, 9.5666217804]
    rubato_start: [6.5055308342]
    rubato_stop: [9.84104728699]
    perceptual_tempo: "unknown"

sfx:
    inharmonicity:
        dmean: 0.0387368574739
        dmean2: 0.0713543742895
        dvar: 0.00433941278607
        dvar2: 0.0122104920447
        max: 0.434821814299
        mean: 0.0344022959471
        min: 6.51616282994e-05
        var: 0.00351144839078
    oddtoevenharmonicenergyratio:
        dmean: 2.5639154911
        dmean2: 4.8298869133
        dvar: 79.3330993652
        dvar2: 229.168609619
        max: 110.104858398
        mean: 2.16029548645
        min: 3.64926527254e-05
        var: 49.1200904846
    pitch_after_max_to_before_max_energy_ratio: 6.04552841187
    pitch_centroid: 187.625030518
    pitch_max_to_total: 0.137767225504
    pitch_min_to_total: 0.866983354092
    tristimulus:
        dmean: [0.196273460984, 0.209024623036, 0.0531308501959]
        dmean2: [0.357661634684, 0.374569296837, 0.0952079072595]
        dvar: [0.0402758903801, 0.042048253119, 0.00320553267375]
        dvar2: [0.105228371918, 0.114123694599, 0.00852680485696]
        max: [0.97309499979, 0.994146585464, 0.399318099022]
        mean: [0.441130042076, 0.472339302301, 0.0718148723245]
        min: [0.000595334509853, 0, 0]
        var: [0.0597937293351, 0.0599165856838, 0.00530335726216]

tonal:
    chords_changes_rate: 0.0283018872142
    chords_number_rate: 0.0235849060118
    chords_strength:
        dmean: 0.00617144163698
        dmean2: 0.00482829567045
        dvar: 2.47268144449e-05
        dvar2: 2.12417344301e-05
        max: 0.622607648373
        mean: 0.480089217424
        min: 0.295345067978
        var: 0.00538481678814
    key_strength: 0.812414467335
    tuning_diatonic_strength: 0.608151078224
    tuning_equal_tempered_deviation: 0.0179445948452
    tuning_frequency: 441.272583008
    tuning_nontempered_energy_ratio: 0.59898018837
    hpcp:
        dmean: [0.106273949146, 0.0641003325582, 0.0417611859739, 0.0481916554272, 0.0423220731318, 0.0364899635315, 0.0418364293873, 0.085478566587, 0.169395729899, 0.155170351267, 0.114617928863, 0.0349550209939, 0.0235109012574, 0.0300182569772, 0.0617421902716, 0.067129932344, 0.0538222976029, 0.0183594357222, 0.0146151157096, 0.0140454350039, 0.0350497215986, 0.042569540441, 0.0251858402044, 0.0944295078516, 0.137701243162, 0.0991397872567, 0.0222432054579, 0.0204601269215, 0.0298627726734, 0.113877393305, 0.143610343337, 0.0842920616269, 0.0182971116155, 0.0155502492562, 0.0249105915427, 0.0723740980029]
        dmean2: [0.160048082471, 0.0948270410299, 0.0701489076018, 0.0690595582128, 0.0612373277545, 0.0658656135201, 0.0736124888062, 0.149306207895, 0.295791059732, 0.258841693401, 0.186475411057, 0.0560685582459, 0.0384861566126, 0.0522158443928, 0.0969969853759, 0.104265220463, 0.0807736739516, 0.0277690850198, 0.0230124015361, 0.0220950469375, 0.0555950626731, 0.0679765567183, 0.0411792546511, 0.134484305978, 0.20921215415, 0.159836560488, 0.0340960919857, 0.0309019740671, 0.0474424622953, 0.174951523542, 0.230239138007, 0.126599669456, 0.0315765216947, 0.025005299598, 0.0434975139797, 0.114726103842]
        dvar: [0.0285894144326, 0.0113307088614, 0.0141467954963, 0.0103999255225, 0.0129981245846, 0.0154737215489, 0.0122514506802, 0.027434239164, 0.0458092242479, 0.0435317829251, 0.0190896876156, 0.00428216718137, 0.00331766693853, 0.00972499419004, 0.0145660433918, 0.022363146767, 0.00738854426891, 0.00126689730678, 0.00121624139138, 0.00264482945204, 0.0095281265676, 0.0085689201951, 0.00212337146513, 0.0128184072673, 0.0335902236402, 0.0210123043507, 0.00155970361084, 0.00159599247854, 0.00300863082521, 0.0219840612262, 0.0391876623034, 0.0105347204953, 0.00174598011654, 0.00283998344094, 0.0074229366146, 0.0180693399161]
        dvar2: [0.0632455050945, 0.0224166028202, 0.0441752299666, 0.0180144645274, 0.0313864909112, 0.044699061662, 0.0298864804208, 0.0733737871051, 0.113595478237, 0.0960259363055, 0.0490147322416, 0.0100795812905, 0.00877205468714, 0.0284739341587, 0.034192122519, 0.0484577901661, 0.0154575072229, 0.00230520684272, 0.00289808330126, 0.00697871809825, 0.0235992837697, 0.0192543808371, 0.00550043862313, 0.0273015592247, 0.055746410042, 0.0505370534956, 0.00356068811379, 0.00295171281323, 0.00764361489564, 0.0544342212379, 0.0800944119692, 0.0236981566995, 0.00477279070765, 0.00717114144936, 0.0177773423493, 0.048931684345]
        max: [1, 0.81670242548, 1, 1, 1, 1, 1, 1, 1, 1, 0.790415763855, 0.724935054779, 0.382331222296, 1, 0.932610154152, 1, 1, 0.50313693285, 0.364161521196, 0.565840065479, 0.814138650894, 0.807987928391, 0.467855364084, 0.987271249294, 1, 1, 0.32713085413, 0.428262650967, 0.527253031731, 1, 1, 0.838686823845, 0.35226136446, 0.557054817677, 0.67806327343, 1]
        mean: [0.288570344448, 0.163607046008, 0.0801412537694, 0.114027202129, 0.0741422846913, 0.0405130013824, 0.0449541136622, 0.0797313600779, 0.341554164886, 0.506046712399, 0.244939550757, 0.0453826673329, 0.0346394889057, 0.0330032519996, 0.167176097631, 0.261205524206, 0.128415614367, 0.0325606875122, 0.026164771989, 0.0171247664839, 0.0585415065289, 0.0807531476021, 0.0455720238388, 0.234708189964, 0.422864884138, 0.217817038298, 0.04354371503, 0.0438691005111, 0.0553269423544, 0.304039210081, 0.452795743942, 0.203445896506, 0.0251803435385, 0.0218429379165, 0.0258980449289, 0.160743191838]
        min: [0.00600064080209, 0.00202637701295, 0.00142605532892, 0.000255810125964, 0.000195091997739, 0.00021091272356, 0.000498764915392, 0.00050186709268, 0.00246185110882, 0.00289403204806, 0.00266686338, 0.00079301133519, 0.000371334899683, 0.000170413244632, 0.00159426580649, 0.00200246018358, 0.00221315515228, 0.000587722111959, 0.000175805645995, 3.70478846889e-05, 0.000739337410778, 0.000812277954537, 0.000752020336222, 0.00500890705734, 0.00295379920863, 0.00240429514088, 0.000233274535276, 0.00023187485931, 0.000532896607183, 0.00192585226614, 0.00698888022453, 0.00480812974274, 0.000182177551324, 7.78228568379e-05, 0.000102697202237, 0.00266860914417]
        var: [0.108376398683, 0.0349513217807, 0.0254067908973, 0.0521591976285, 0.0270697921515, 0.0110823009163, 0.0102926613763, 0.019911756739, 0.077918626368, 0.147281482816, 0.044607013464, 0.00771890999749, 0.00441624037921, 0.0060207224451, 0.0516843833029, 0.120397515595, 0.0267420783639, 0.00401629181579, 0.00300849298947, 0.00215242570266, 0.0120838992298, 0.0162309706211, 0.00309712369926, 0.0469557978213, 0.12716768682, 0.0394004955888, 0.0043691364117, 0.00577386375517, 0.00768206827343, 0.0818985328078, 0.135955110192, 0.034058175981, 0.0018888337072, 0.00310657778755, 0.00627860520035, 0.0333666019142]
    chords_histogram: [61.7924537659, 0, 15.0943393707, 0, 6.13207530975, 0, 0, 0, 0, 0, 0, 0, 0, 0, 0, 0, 0, 0, 0, 0, 0, 5.18867921829, 11.7924528122, 0]
    thpcp: [1, 0.48402556777, 0.0896807834506, 0.068451166153, 0.0652178004384, 0.330357044935, 0.516168773174, 0.253762364388, 0.0643432438374, 0.051704261452, 0.0338402874768, 0.115683995187, 0.15957647562, 0.0900549739599, 0.463807374239, 0.835624217987, 0.43042871356, 0.0860468298197, 0.0866898223758, 0.109331689775, 0.600812554359, 0.894770622253, 0.402029871941, 0.0497589297593, 0.0431638769805, 0.0511771813035, 0.317644953728, 0.5702444911, 0.323304235935, 0.158367305994, 0.225329399109, 0.14651273191, 0.0800578296185, 0.0888339206576, 0.157557308674, 0.674945950508]
    chords_key: "F"
    chords_scale: "major"
    key_key: "F"
    key_scale: "major"
    chords_progression: ["F", "F", "F", "F", "F", "F", "F", "F", "F", "F", "F", "F", "F", "F", "F", "F", "F", "F", "F", "F", "F", "F", "F", "F", "F", "F", "F", "F", "F", "F", "F", "F", "F", "F", "F", "F", "F", "F", "F", "F", "F", "F", "F", "F", "F", "F", "F", "F", "F", "F", "F", "F", "F", "F", "F", "F", "F", "F", "F", "F", "F", "F", "F", "F", "F", "F", "F", "F", "F", "F", "F", "F", "F", "F", "F", "F", "F", "F", "F", "F", "F", "F", "F", "F", "F", "F", "F", "F", "F", "F", "F", "F", "F", "F", "F", "F", "F", "F", "F", "F", "F", "F", "A#", "A#", "A#", "A#", "A#", "A#", "A#", "A#", "A#", "A#", "A#", "A#", "A#", "A#", "A#", "A#", "A#", "A#", "A#", "A#", "A#", "A#", "A#", "A#", "A#", "Gm", "Gm", "Gm", "Gm", "Gm", "Gm", "Gm", "Gm", "Gm", "Gm", "Gm", "G", "G", "G", "G", "G", "G", "G", "G", "G", "G", "G", "G", "G", "C", "C", "F", "F", "F", "F", "F", "F", "F", "F", "F", "F", "F", "F", "F", "F", "F", "F", "F", "F", "F", "F", "F", "F", "F", "F", "F", "F", "F", "F", "F", "C", "C", "C", "C", "C", "C", "C", "C", "C", "C", "C", "C", "C", "C", "C", "C", "C", "C", "C", "C", "C", "C", "C", "C", "C", "C", "C", "C", "C", "C"]
