
metadata:
    version:
        essentia: "1.2.2"
    audio_properties:
        analysis_sample_rate: 44100
        bitrate: 128
        channels: 2
        equal_loudness: 1
        length: 10.0048980713
        replay_gain: -14.4037914276
        downmix: "mix"
    tags:
        track: 15
        year: 0
        album: "Splitted by Mp3Splt v. 2.1"
        artist: "From 002.20 To 002.30"
        comment: "http://mp3splt.sf.net"
        genre: ""
        title: "07 World Over.mp3"

highlevel:
    ballroom:
        all:
            ChaChaCha: 0.0647159591317
            Jive: 0.591355621815
            Quickstep: 0.105323575437
            Rumba-American: 0.00264675263315
            Rumba-International: 0.013864046894
            Rumba-Misc: 0.00664856983349
            Samba: 0.112061031163
            Tango: 0.0100175645202
            VienneseWaltz: 0.0796922966838
            Waltz: 0.013674557209
        probability: 0.591355621815
        value: "Jive"
    culture:
        all:
            non_western: 0.119598977268
            western: 0.880401015282
        probability: 0.880401015282
        value: "western"
    gender:
        all:
            female: 0.026483822614
            male: 0.97351616621
        probability: 0.97351616621
        value: "male"
    genre_dortmund:
        all:
            alternative: 0.138257190585
            blues: 0.0475726649165
            electronic: 0.01427234523
            folkcountry: 0.11775700748
            funksoulrnb: 0.0217657331377
            jazz: 0.0193100534379
            pop: 0.0700525790453
            raphiphop: 0.00639785686508
            rock: 0.564614593983
        probability: 0.564614593983
        value: "rock"
    genre_electronica:
        all:
            ambient: 0.257088810205
            dnb: 0.573759734631
            house: 0.00946098193526
            techno: 0.0149505287409
            trance: 0.144739925861
        probability: 0.573759734631
        value: "dnb"
    genre_rosamerica:
        all:
            cla: 0.0074902814813
            dan: 0.0106874620542
            hip: 0.00567526230589
            jaz: 0.00157075060997
            pop: 0.0165796112269
            rhy: 0.00407698983327
            roc: 0.95199328661
            spe: 0.0019263473805
        probability: 0.95199328661
        value: "roc"
    genre_tzanetakis:
        all:
            blu: 0.00503632426262
            cla: 0.00389368832111
            cou: 0.186327457428
            dis: 0.041463252157
            hip: 0.0158306676894
            jaz: 0.0198902133852
            met: 0.0873295292258
            pop: 0.0888296738267
            reg: 0.0107376147062
            roc: 0.54066157341
        probability: 0.54066157341
        value: "roc"
    live_studio:
        all:
            live: 0.0489634312689
            studio: 0.951036572456
        probability: 0.951036572456
        value: "studio"
    mood:
        all:
            Cluster1: 0.225266620517
            Cluster2: 0.153262242675
            Cluster3: 0.29682263732
            Cluster4: 0.0762119814754
            Cluster5: 0.248436510563
        probability: 0.29682263732
        value: "Cluster3"
    mood_acoustic:
        all:
            acoustic: 0.031409945339
            not_acoustic: 0.968590080738
        probability: 0.968590080738
        value: "not_acoustic"
    mood_aggressive:
        all:
            aggressive: 0.716606020927
            not_aggressive: 0.28339394927
        probability: 0.716606020927
        value: "aggressive"
    mood_electronic:
        all:
            electronic: 0.139361679554
            not_electronic: 0.860638320446
        probability: 0.860638320446
        value: "not_electronic"
    mood_happy:
        all:
            happy: 0.922530710697
            not_happy: 0.0774692744017
        probability: 0.922530710697
        value: "happy"
    mood_party:
        all:
            not_party: 0.38168618083
            party: 0.618313789368
        probability: 0.618313789368
        value: "party"
    mood_relaxed:
        all:
            not_relaxed: 0.905457913876
            relaxed: 0.0945420637727
        probability: 0.905457913876
        value: "not_relaxed"
    mood_sad:
        all:
            not_sad: 0.804587185383
            sad: 0.195412844419
        probability: 0.804587185383
        value: "not_sad"
    rhythm:
        all:
            fast: 0.6554235816
            medium: 0.283771395683
            slow: 0.0608050227165
        probability: 0.6554235816
        value: "fast"
    speech_music:
        all:
            music: 0.999554395676
            speech: 0.000445578276413
        probability: 0.999554395676
        value: "music"
    timbre:
        all:
            bright: 0.092257797718
            dark: 0.907742202282
        probability: 0.907742202282
        value: "dark"
    voice_instrumental:
        all:
            instrumental: 0.0543098300695
            voice: 0.945690155029
        probability: 0.945690155029
        value: "voice"

lowlevel:
    average_loudness: 0.963310837746
    barkbands_kurtosis:
        dmean: 0.713323831558
        dmean2: 1.14009571075
        dvar: 1.39734077454
        dvar2: 2.8858730793
        max: 16.9085769653
        mean: -0.613883972168
        min: -1.81658804417
        var: 3.0179476738
    barkbands_skewness:
        dmean: 0.398677796125
        dmean2: 0.596194624901
        dvar: 0.123724386096
        dvar2: 0.306025981903
        max: 3.65743589401
        mean: 0.336470156908
        min: -1.79469954967
        var: 0.658068180084
    barkbands_spread:
        dmean: 5.17823791504
        dmean2: 8.39300537109
        dvar: 23.0655841827
        dvar2: 54.4812698364
        max: 53.8497467041
        mean: 31.7392578125
        min: 7.20593214035
        var: 67.5275650024
    dissonance:
        dmean: 0.0156786534935
        dmean2: 0.0266719833016
        dvar: 0.000224481482292
        dvar2: 0.000629953749012
        max: 0.49942034483
        mean: 0.47002735734
        min: 0.369742065668
        var: 0.000352487870259
    hfc:
        dmean: 1.54600131512
        dmean2: 2.32926368713
        dvar: 4.61576223373
        dvar2: 11.4701938629
        max: 25.2622394562
        mean: 5.71191358566
        min: 0.708917915821
        var: 12.7768802643
    pitch:
        dmean: 572.883300781
        dmean2: 1113.35375977
        dvar: 1253721.625
        dvar2: 3029907.25
        max: 4009.09082031
        mean: 797.269348145
        min: 62.0253181458
        var: 1449419.5
    pitch_instantaneous_confidence:
        dmean: 0.0770662873983
        dmean2: 0.124604031444
        dvar: 0.00409279437736
        dvar2: 0.0108923558146
        max: 0.715592861176
        mean: 0.367523998022
        min: 0.160786151886
        var: 0.00988533813506
    pitch_salience:
        dmean: 0.057300567627
        dmean2: 0.0980064570904
        dvar: 0.00234081479721
        dvar2: 0.00600630650297
        max: 0.804232954979
        mean: 0.634315550327
        min: 0.398866355419
        var: 0.00422581937164
    silence_rate_20dB:
        dmean: 0
        dmean2: 0
        dvar: 0
        dvar2: 0
        max: 1
        mean: 1
        min: 1
        var: 0
    silence_rate_30dB:
        dmean: 0
        dmean2: 0
        dvar: 0
        dvar2: 0
        max: 1
        mean: 1
        min: 1
        var: 0
    silence_rate_60dB:
        dmean: 0.12790697813
        dmean2: 0.256410270929
        dvar: 0.111547254026
        dvar2: 0.223296180367
        max: 1
        mean: 0.394431561232
        min: 0
        var: 0.23885653913
    spectral_centroid:
        dmean: 228.733505249
        dmean2: 349.175476074
        dvar: 42972.9140625
        dvar2: 109524.765625
        max: 2538.09692383
        mean: 1410.41430664
        min: 374.744018555
        var: 175601.5625
    spectral_complexity:
        dmean: 3.12149524689
        dmean2: 4.91803264618
        dvar: 13.3263673782
        dvar2: 30.4218482971
        max: 39
        mean: 12.9440555573
        min: 2
        var: 41.3908424377
    spectral_crest:
        dmean: 1.92339873314
        dmean2: 3.1480383873
        dvar: 3.02736520767
        dvar2: 7.75269508362
        max: 16.7490253448
        mean: 6.90194606781
        min: 2.65950584412
        var: 6.79640436172
    spectral_decrease:
        dmean: 3.50418999373e-10
        dmean2: 5.66539870572e-10
        dvar: 3.14878449384e-19
        dvar2: 7.86728533768e-19
        max: -1.97144120473e-10
        mean: -9.40857391996e-10
        min: -4.40953318304e-09
        var: 3.56327435903e-19
    spectral_energy:
        dmean: 0.00144198536873
        dmean2: 0.0023208046332
        dvar: 5.27155680174e-06
        dvar2: 1.31529550345e-05
        max: 0.0189339350909
        mean: 0.00406909780577
        min: 0.000869777693879
        var: 6.36642380414e-06
    spectral_energyband_high:
        dmean: 8.36820545373e-05
        dmean2: 0.000125025049783
        dvar: 2.11207265011e-08
        dvar2: 4.73191228423e-08
        max: 0.00129440112505
        mean: 0.000202697730856
        min: 1.7581429347e-05
        var: 3.78760240949e-08
    spectral_energyband_low:
        dmean: 0.000247734511504
        dmean2: 0.000439134455519
        dvar: 1.81170221936e-07
        dvar2: 5.11748055487e-07
        max: 0.00330635579303
        mean: 0.000295541394735
        min: 6.71515317663e-06
        var: 1.44841536098e-07
    spectral_energyband_middle_high:
        dmean: 0.000452804903034
        dmean2: 0.00071273278445
        dvar: 2.94144399504e-07
        dvar2: 7.46792579776e-07
        max: 0.00637804483995
        mean: 0.00169271952473
        min: 7.23270131857e-05
        var: 1.463069907e-06
    spectral_energyband_middle_low:
        dmean: 0.00097807997372
        dmean2: 0.00157844123896
        dvar: 3.26033477904e-06
        dvar2: 8.12409598439e-06
        max: 0.0134855117649
        mean: 0.00187812291551
        min: 0.000218877728912
        var: 3.22894311466e-06
    spectral_flatness_db:
        dmean: 0.0142950862646
        dmean2: 0.0211886279285
        dvar: 0.000140008851304
        dvar2: 0.00033922525472
        max: 0.205745264888
        mean: 0.137029409409
        min: 0.0906500667334
        var: 0.000517968321219
    spectral_flux:
        dmean: 0.00911836139858
        dmean2: 0.0139102619141
        dvar: 0.000130798056489
        dvar2: 0.000234370818362
        max: 0.114472836256
        mean: 0.0375526323915
        min: 0.0113729704171
        var: 0.000262389687123
    spectral_kurtosis:
        dmean: 0.936407268047
        dmean2: 1.49268269539
        dvar: 0.857568323612
        dvar2: 2.04838967323
        max: 12.7995882034
        mean: 4.8850569725
        min: 1.11750841141
        var: 2.68130850792
    spectral_rms:
        dmean: 0.000315970130032
        dmean2: 0.000494809588417
        dvar: 1.61155440992e-07
        dvar2: 3.86004757047e-07
        max: 0.00429792189971
        mean: 0.00192083243746
        min: 0.000921175116673
        var: 2.80253175333e-07
    spectral_rolloff:
        dmean: 382.717376709
        dmean2: 639.238525391
        dvar: 249334.515625
        dvar2: 578562.5625
        max: 4478.90625
        mean: 2801.42626953
        min: 301.46484375
        var: 575809.375
    spectral_skewness:
        dmean: 0.12993888557
        dmean2: 0.199240624905
        dvar: 0.0152737144381
        dvar2: 0.029712324962
        max: 2.66654968262
        mean: 1.64686131477
        min: 0.53742057085
        var: 0.0899895504117
    spectral_spread:
        dmean: 465511
        dmean2: 629697.9375
        dvar: 298464018432
        dvar2: 576498171904
        max: 8729458
        mean: 4775798
        min: 2666467.75
        var: 1.16127131238e+12
    spectral_strongpeak:
        dmean: 0.412757158279
        dmean2: 0.7191619277
        dvar: 0.373329907656
        dvar2: 0.907706081867
        max: 3.93410515785
        mean: 0.601888537407
        min: 0.0261774677783
        var: 0.54095685482
    zerocrossingrate:
        dmean: 0.00728543009609
        dmean2: 0.00896516349167
        dvar: 3.7651949242e-05
        dvar2: 5.12250917382e-05
        max: 0.13037109375
        mean: 0.0854560509324
        min: 0.02587890625
        var: 0.000284446083242
    barkbands:
        dmean: [3.42028556588e-07, 5.62201712455e-05, 0.000204950512853, 0.000154990470037, 0.000505716539919, 0.000186799792573, 0.000224836767302, 0.00012787200103, 0.000153711720486, 4.09930507885e-05, 6.49213397992e-05, 3.16087680403e-05, 4.90286620334e-05, 7.3165872891e-05, 5.26267467649e-05, 0.000104570390249, 0.000199366448214, 8.36848266772e-05, 9.07924331841e-05, 7.64804281062e-05, 3.94381240767e-05, 9.48908655118e-06, 1.86241095435e-06, 6.90391630087e-07, 5.82085363021e-07, 5.44431912886e-08, 5.31176436169e-10]
        dmean2: [5.18284252848e-07, 9.90566040855e-05, 0.00036264047958, 0.000268947245786, 0.000830738688819, 0.000294614234008, 0.000349838315742, 0.000216614294914, 0.000240500012296, 6.81298115524e-05, 0.000105909493868, 4.90151287522e-05, 7.53687054384e-05, 0.00012134310964, 8.20003115223e-05, 0.000176331683178, 0.000315497221891, 0.000136331960675, 0.000146495964145, 0.000118851065054, 5.90999770793e-05, 1.4590079445e-05, 3.03474189423e-06, 1.07631296942e-06, 8.88502313501e-07, 8.05875046694e-08, 8.43810465945e-10]
        dvar: [5.11255805486e-13, 1.04583488536e-08, 1.16092024882e-07, 3.38701404701e-08, 1.33307787564e-06, 1.20781933788e-07, 1.56290781206e-07, 6.05610210869e-08, 1.19497371998e-07, 3.23235882504e-09, 1.99082830221e-08, 2.35771668855e-09, 5.98863758583e-09, 1.00388684032e-08, 7.66272734154e-09, 2.53424179419e-08, 8.14418825712e-08, 1.22483756471e-08, 1.38227260749e-08, 1.2718654574e-08, 3.73456288116e-09, 3.97254507067e-10, 1.46945684787e-11, 1.05442152405e-12, 5.41262510072e-13, 6.05638425221e-15, 2.1200498479e-18]
        dvar2: [6.89984365216e-13, 2.86686656636e-08, 3.31351714067e-07, 9.06653312427e-08, 3.38110385201e-06, 2.89680912147e-07, 3.76124319246e-07, 1.5754613969e-07, 3.14353485464e-07, 8.28794011198e-09, 4.83095305981e-08, 5.72551694944e-09, 1.47672087891e-08, 2.69694684363e-08, 1.80818631179e-08, 7.17468751077e-08, 2.10136491319e-07, 3.30541674032e-08, 3.59522474014e-08, 2.95946076534e-08, 7.86554732457e-09, 1.01221342419e-09, 3.95814353515e-11, 2.45613035119e-12, 1.19383973193e-12, 1.3973917577e-14, 2.65450943965e-18]
        max: [1.20822496683e-05, 0.000709265936166, 0.00259653269313, 0.00180545006879, 0.0084717348218, 0.00359247252345, 0.00435450719669, 0.00187531101983, 0.00347018288448, 0.000532991020009, 0.00215167668648, 0.00037767959293, 0.000892276759259, 0.00084698345745, 0.000814470404293, 0.00186509487685, 0.00365640036762, 0.00145741226152, 0.00126059539616, 0.00132627401035, 0.000570652307943, 0.000163613527548, 3.46112647094e-05, 8.62216802489e-06, 5.72770250074e-06, 6.51702634968e-07, 2.87803665344e-08]
        mean: [4.90821662424e-07, 5.88201655773e-05, 0.000236249499721, 0.000200674636289, 0.000574390753172, 0.000313437485602, 0.000369593908545, 0.000171487859916, 0.000231857207837, 6.0415470216e-05, 9.66547959251e-05, 4.85970631416e-05, 9.00310187717e-05, 0.000121465163829, 8.89629809535e-05, 0.000220264031668, 0.000458573602373, 0.000188047735719, 0.000235806539422, 0.000195017870283, 8.56601182022e-05, 1.60634663189e-05, 3.39268285643e-06, 1.56590783718e-06, 1.45772230553e-06, 1.22174952821e-07, 7.97189925184e-10]
        min: [8.52782233718e-10, 6.98734709204e-07, 2.03613512895e-06, 2.51498909165e-06, 5.97220969212e-06, 1.43207917063e-05, 5.83045175517e-06, 1.12412487852e-06, 1.65009589637e-06, 1.04370576537e-06, 4.31675488244e-07, 8.56756685153e-07, 5.37181279014e-07, 8.05511092494e-07, 1.97159624804e-06, 3.09354004457e-06, 8.597172382e-06, 8.31744455354e-06, 1.52856136992e-05, 9.6052635854e-06, 6.51357549941e-06, 7.99694475973e-07, 9.44327283037e-08, 1.24234240673e-08, 6.73256206341e-09, 3.79891257341e-10, 2.2218470553e-12]
        var: [7.0157454065e-13, 8.18784773315e-09, 9.53236707346e-08, 4.00195574457e-08, 1.15142245249e-06, 1.72711963842e-07, 2.43641352426e-07, 5.35005248992e-08, 1.39359030982e-07, 4.68959227007e-09, 4.16464125408e-08, 3.2856219967e-09, 1.96866594138e-08, 1.91451885456e-08, 1.44681910896e-08, 5.54316486046e-08, 2.63157318159e-07, 2.85611729822e-08, 2.53679992568e-08, 3.13902610571e-08, 7.2600991885e-09, 3.95749766291e-10, 1.37062401359e-11, 1.76604965461e-12, 1.24249579809e-12, 1.11032297451e-14, 2.30273558132e-18]
    mfcc:
        mean: [-712.463562012, 118.498039246, -47.9897880554, 58.5165710449, -7.67878627777, -14.5905008316, -4.76694774628, -10.9232807159, 0.763753831387, -5.83473157883, -3.97917985916, -0.355917096138, -3.82802700996]
        cov: [[1074.08581543, -247.393661499, -158.260055542, -362.754394531, -35.3688812256, 46.4512634277, -76.0910110474, -14.9103441238, -11.8985996246, -3.92637014389, -6.48377895355, -9.31115531921, -46.8602905273], [-247.393661499, 314.654327393, -66.3077850342, 64.42552948, -8.25635147095, -17.6199626923, 54.7600440979, 40.5989379883, 24.2019634247, 4.88681125641, -12.6417713165, 28.2486858368, 17.8309516907], [-158.260055542, -66.3077850342, 425.3515625, 88.3877487183, -35.2442741394, -3.54896736145, -22.941116333, 1.88355231285, -36.2329368591, -31.5926208496, 0.652737796307, -46.7724227905, 0.704529821873], [-362.754394531, 64.42552948, 88.3877487183, 323.632507324, 33.8650093079, -16.6237182617, -9.90154266357, -46.4597473145, -24.2163085938, -18.005437851, 4.04402112961, 0.405824542046, 27.6061649323], [-35.3688812256, -8.25635147095, -35.2442741394, 33.8650093079, 123.811927795, 21.9766979218, 1.1037197113, 5.72002029419, 25.5536289215, 23.4824752808, 18.0367870331, 12.2067747116, 16.5074043274], [46.4512634277, -17.6199626923, -3.54896736145, -16.6237182617, 21.9766979218, 83.4636230469, 39.0876083374, 19.8074874878, -2.66579127312, -1.72739160061, 3.02529478073, -0.235191330314, -1.9690849781], [-76.0910110474, 54.7600440979, -22.941116333, -9.90154266357, 1.1037197113, 39.0876083374, 109.00970459, 59.3216323853, 20.5417232513, 0.244516253471, -6.7686047554, 17.7678031921, 7.63346529007], [-14.9103441238, 40.5989379883, 1.88355231285, -46.4597473145, 5.72002029419, 19.8074874878, 59.3216323853, 110.617736816, 57.7835197449, 5.2320151329, -5.31414318085, 2.52614879608, 10.9823570251], [-11.8985996246, 24.2019634247, -36.2329368591, -24.2163085938, 25.5536289215, -2.66579127312, 20.5417232513, 57.7835197449, 88.5792770386, 32.0578079224, 8.05323505402, 8.91404151917, 10.024140358], [-3.92637014389, 4.88681125641, -31.5926208496, -18.005437851, 23.4824752808, -1.72739160061, 0.244516253471, 5.2320151329, 32.0578079224, 61.2528648376, 28.7546806335, 15.3764200211, -0.963921904564], [-6.48377895355, -12.6417713165, 0.652737796307, 4.04402112961, 18.0367870331, 3.02529478073, -6.7686047554, -5.31414318085, 8.05323505402, 28.7546806335, 51.3366775513, 20.8568477631, 1.15461862087], [-9.31115531921, 28.2486858368, -46.7724227905, 0.405824542046, 12.2067747116, -0.235191330314, 17.7678031921, 2.52614879608, 8.91404151917, 15.3764200211, 20.8568477631, 58.7078170776, 14.7754144669], [-46.8602905273, 17.8309516907, 0.704529821873, 27.6061649323, 16.5074043274, -1.9690849781, 7.63346529007, 10.9823570251, 10.024140358, -0.963921904564, 1.15461862087, 14.7754144669, 41.2259597778]]
        icov: [[0.00220318813808, 0.00111088878475, 0.000681267993059, 0.00196851301007, 0.000457629445009, -0.00164398504421, 0.00214020023122, -0.000191268438357, -2.76767441392e-05, 0.000772752915509, 0.000505878357217, -0.000878920545802, 0.000412541121477], [0.00111088878475, 0.00498198671266, 0.00114116165787, -0.000449562503491, 0.00100040459074, 0.000721645541489, -0.000417889619712, -0.00195472734049, 0.000505449716002, -0.00070903415326, 0.00180855381768, -0.00186163396575, 9.85336664598e-05], [0.000681267993059, 0.00114116165787, 0.00351187284105, -0.000633208139334, 0.00124643160962, -0.000364708859706, 0.00121465849224, -0.00224915170111, 0.00163135817274, 0.00061596458545, -0.00156921136659, 0.00212892703712, -0.000598774931859], [0.00196851301007, -0.000449562503491, -0.000633208139334, 0.00647691218182, -0.00142219988629, -0.000669456436299, 0.000637054268736, 0.00347612518817, -0.000790115445852, 0.00266315811314, -0.000771869497839, 0.000177360401722, -0.00218837335706], [0.000457629445009, 0.00100040459074, 0.00124643160962, -0.00142219988629, 0.0114329578355, -0.00444161938503, 0.00219558528624, -0.000181439085281, -0.00249395845458, -0.00249922228977, -0.00116132444236, -0.00013024402142, -0.00350254634395], [-0.00164398504421, 0.000721645541489, -0.000364708859706, -0.000669456436299, -0.00444161938503, 0.0189327448606, -0.00913024693727, -0.00131858524401, 0.00371692329645, 0.000572754419409, -0.00301655591466, 0.00300171389244, 0.00111662072595], [0.00214020023122, -0.000417889619712, 0.00121465849224, 0.000637054268736, 0.00219558528624, -0.00913024693727, 0.0206095129251, -0.00968391448259, 0.0021310034208, -0.000842602574266, 0.0044752615504, -0.00685739703476, 0.00140901328996], [-0.000191268438357, -0.00195472734049, -0.00224915170111, 0.00347612518817, -0.000181439085281, -0.00131858524401, -0.00968391448259, 0.0244438834488, -0.0149490600452, 0.00558419991285, -0.00137009483296, 0.00323769589886, -0.00372675969265], [-2.76767441392e-05, 0.000505449716002, 0.00163135817274, -0.000790115445852, -0.00249395845458, 0.00371692329645, 0.0021310034208, -0.0149490600452, 0.0259015709162, -0.0116950254887, 0.0018763410626, 0.000503316055983, -0.00178934365977], [0.000772752915509, -0.00070903415326, 0.00061596458545, 0.00266315811314, -0.00249922228977, 0.000572754419409, -0.000842602574266, 0.00558419991285, -0.0116950254887, 0.0311217289418, -0.0144063886255, -0.00061049067881, 0.00328128295951], [0.000505878357217, 0.00180855381768, -0.00156921136659, -0.000771869497839, -0.00116132444236, -0.00301655591466, 0.0044752615504, -0.00137009483296, 0.0018763410626, -0.0144063886255, 0.033834207803, -0.0123581057414, 0.00288221775554], [-0.000878920545802, -0.00186163396575, 0.00212892703712, 0.000177360401722, -0.00013024402142, 0.00300171389244, -0.00685739703476, 0.00323769589886, 0.000503316055983, -0.00061049067881, -0.0123581057414, 0.0283768642694, -0.00970708578825], [0.000412541121477, 9.85336664598e-05, -0.000598774931859, -0.00218837335706, -0.00350254634395, 0.00111662072595, 0.00140901328996, -0.00372675969265, -0.00178934365977, 0.00328128295951, 0.00288221775554, -0.00970708578825, 0.0322562977672]]
    spectral_contrast:
        mean: [-4.40499832166e-07, -1.70151977841e-07, -5.28405053046e-07, 6.00909331183e-08, 2.91423649657e-08, -2.0007153978e-07, 1.00170802853e-06, 3.69159778302e-07, -1.32154889343e-06, -1.70425516899e-06, -3.77079260261e-07, -3.21997072206e-06]
        var: [0.000433466804679, 0.000479298061691, 0.00119490455836, 0.00207389052957, 0.00295087927952, 0.00510068796575, 0.0361477807164, 0.0831929594278, 0.142569735646, 0.18914963305, 0.209120124578, 0.760037720203]

rhythm:
    beats_loudness:
        dmean: 0.00161494454369
        dmean2: 0.00200751423836
        dvar: 1.72737759385e-06
        dvar2: 4.92087110615e-06
        max: 0.0103839300573
        mean: 0.00680252490565
        min: 0.00156307255384
        var: 4.50019706477e-06
    beats_loudness_bass:
        dmean: 0.0174346994609
        dmean2: 0.0271572079509
        dvar: 0.000317129364703
        dvar2: 0.000377245451091
        max: 0.0998467803001
        mean: 0.0274161994457
        min: 0.00575425243005
        var: 0.000510467565618
    bpm: 88.1120452881
    bpm_confidence: 0
    first_peak_bpm: 88
    first_peak_spread: 0.0769230127335
    first_peak_weight: 0.923076987267
    onset_rate: 3.89809083939
    second_peak_bpm: 0
    second_peak_spread: 0
    second_peak_weight: 0
    beats_position: [0.414456576109, 1.09885203838, 1.78324735165, 2.46764278412, 3.1520383358, 3.83643388748, 4.52082920074, 5.20522499084, 5.88962030411, 6.59358549118, 7.26968097687, 7.94577741623, 8.62187385559, 9.29796886444]
    bpm_estimates: [87.6667861938, 87.7019119263, 87.5348358154, 87.4086990356, 87.7685241699, 87.3757705688, 87.6281814575, 87.6960525513, 87.8611373901, 88.0484695435, 88.7682113647, 88.6019744873, 88.8515853882, 88.5713653564, 88.7971115112, 88.806602478, 88.8175506592]
    bpm_intervals: [0.684395432472, 0.684395313263, 0.684395432472, 0.684395551682, 0.684395551682, 0.684395313263, 0.6843957901, 0.684395313263, 0.703965187073, 0.676095485687, 0.676096439362, 0.676096439362, 0.67609500885]
    onset_times: [0.0580498874187, 0.429569154978, 0.580498874187, 0.719818592072, 0.893968224525, 1.03328800201, 1.07972788811, 1.42802715302, 1.764716506, 2.4497051239, 2.62385487556, 2.82122445107, 3.13469386101, 3.50621318817, 3.69197273254, 3.85451245308, 4.19120168686, 4.37696123123, 4.52789115906, 4.73687076569, 4.8994102478, 5.06195020676, 5.20126962662, 5.42185926437, 5.56117916107, 5.72371864319, 5.9094786644, 6.24616765976, 6.44353723526, 6.58285713196, 6.90793657303, 7.26784563065, 7.60453510284, 7.95283460617, 8.11537456512, 8.62621307373, 8.8119726181, 9.29959201813, 9.98458003998]
    rubato_start: []
    rubato_stop: []
    perceptual_tempo: "unknown"

sfx:
    inharmonicity:
        dmean: 0.0503245443106
        dmean2: 0.0890199244022
        dvar: 0.00299981795251
        dvar2: 0.00916967913508
        max: 0.396117240191
        mean: 0.0569264441729
        min: 0.000386400613934
        var: 0.00313129927963
    oddtoevenharmonicenergyratio:
        dmean: 2.43925857544
        dmean2: 4.57799196243
        dvar: 44.3370513916
        dvar2: 132.95223999
        max: 77.7851028442
        mean: 1.69350159168
        min: 0.00056487164693
        var: 25.6008472443
    pitch_after_max_to_before_max_energy_ratio: 4.73313093185
    pitch_centroid: 202.745025635
    pitch_max_to_total: 0.177156180143
    pitch_min_to_total: 0.163170158863
    tristimulus:
        dmean: [0.193280175328, 0.224958360195, 0.131681367755]
        dmean2: [0.335302144289, 0.393149763346, 0.225270584226]
        dvar: [0.0243479479104, 0.0351448506117, 0.0123310070485]
        dvar2: [0.0682377293706, 0.103576466441, 0.0317977741361]
        max: [0.912399709225, 0.960720539093, 0.635915875435]
        mean: [0.366393148899, 0.449894934893, 0.153751447797]
        min: [0.0232387315482, 0, 0]
        var: [0.041108481586, 0.0476130954921, 0.0181513652205]

tonal:
    chords_changes_rate: 0.0555555559695
    chords_number_rate: 0.0231481473893
    chords_strength:
        dmean: 0.00999333336949
        dmean2: 0.010689525865
        dvar: 6.0126727476e-05
        dvar2: 7.24469791749e-05
        max: 0.743052244186
        mean: 0.584856569767
        min: 0.404432266951
        var: 0.00643416400999
    key_strength: 0.825050532818
    tuning_diatonic_strength: 0.74957793951
    tuning_equal_tempered_deviation: 0.126255229115
    tuning_frequency: 438.224517822
    tuning_nontempered_energy_ratio: 0.832981169224
    hpcp:
        dmean: [0.191677957773, 0.173532783985, 0.148707225919, 0.146651357412, 0.166154012084, 0.189846873283, 0.229954212904, 0.230659753084, 0.189757108688, 0.130000635982, 0.093444250524, 0.105001017451, 0.154096350074, 0.143614277244, 0.113586135209, 0.104804195464, 0.101693660021, 0.143792703748, 0.179288893938, 0.149638772011, 0.17466597259, 0.23919865489, 0.21737203002, 0.141365751624, 0.0904671549797, 0.0642716214061, 0.0878597795963, 0.134647130966, 0.14425188303, 0.133060440421, 0.121658682823, 0.13159301877, 0.193019554019, 0.196268796921, 0.166903138161, 0.18455401063]
        dmean2: [0.33678522706, 0.291823267937, 0.263414978981, 0.266552180052, 0.297830432653, 0.317179739475, 0.374569237232, 0.37794020772, 0.340483278036, 0.232992291451, 0.167439430952, 0.178357049823, 0.250829279423, 0.23401221633, 0.188435763121, 0.172131612897, 0.17218452692, 0.247714877129, 0.308621704578, 0.251198977232, 0.302334696054, 0.402312576771, 0.353115230799, 0.240263000131, 0.156633228064, 0.10876762867, 0.144098758698, 0.212916389108, 0.240518763661, 0.228900164366, 0.219323083758, 0.223047107458, 0.326588064432, 0.320756971836, 0.279586017132, 0.339132875204]
        dvar: [0.044354327023, 0.0396769866347, 0.0434414297342, 0.046555634588, 0.0498514585197, 0.0362785235047, 0.0484477952123, 0.0390005037189, 0.0487261898816, 0.0350501872599, 0.0186348445714, 0.0163838714361, 0.0320524610579, 0.0271231587976, 0.0225207060575, 0.0263064671308, 0.0200766008347, 0.031086884439, 0.0370593518019, 0.0255148839206, 0.0311314202845, 0.0528992749751, 0.0427244491875, 0.0278248880059, 0.0159473735839, 0.00659650703892, 0.0140010379255, 0.0303174853325, 0.0261888466775, 0.0303726270795, 0.0336362980306, 0.0260340776294, 0.0503341145813, 0.0419387742877, 0.037103317678, 0.0500894635916]
        dvar2: [0.112626351416, 0.0913865193725, 0.107983283699, 0.129672974348, 0.139727011323, 0.0975176095963, 0.113370031118, 0.107542984188, 0.127032801509, 0.0960234105587, 0.0531264990568, 0.0435946844518, 0.0784132257104, 0.0703816264868, 0.0658753663301, 0.0777022615075, 0.056090105325, 0.0908192768693, 0.106957830489, 0.0659145340323, 0.0847342982888, 0.135375678539, 0.0990831851959, 0.070293918252, 0.0428537875414, 0.0185453500599, 0.0351183786988, 0.073680922389, 0.0606768727303, 0.085012242198, 0.0910114869475, 0.0654660463333, 0.119008623064, 0.112348072231, 0.108136221766, 0.113319188356]
        max: [1, 1, 1, 1, 1, 1, 1, 1, 1, 1, 0.893552303314, 1, 1, 1, 1, 1, 1, 1, 1, 1, 1, 1, 1, 1, 0.858060598373, 0.521888196468, 0.787165939808, 1, 1, 1, 1, 1, 1, 1, 1, 1]
        mean: [0.244945272803, 0.218685254455, 0.17061637342, 0.142903909087, 0.158625498414, 0.257436424494, 0.427879571915, 0.395966678858, 0.219967618585, 0.141997516155, 0.109410397708, 0.151786148548, 0.268811017275, 0.261551976204, 0.175081029534, 0.154601842165, 0.146600276232, 0.209553256631, 0.260925710201, 0.215932399035, 0.248709708452, 0.429353147745, 0.41386282444, 0.20749810338, 0.105232708156, 0.0774295628071, 0.121393121779, 0.233515933156, 0.234690204263, 0.152724325657, 0.141789659858, 0.168625414371, 0.24586135149, 0.289113044739, 0.246440678835, 0.232168078423]
        min: [0.0160151552409, 0.0162683129311, 0.00428581377491, 0.00520372902974, 0.0061237886548, 0.0110312206671, 0.00831648334861, 0.00954995583743, 0.0052799792029, 0.00652856193483, 0.00475481199101, 0.00373649923131, 0.0116062574089, 0.0084996977821, 0.00655693141744, 0.00590680353343, 0.00545060634613, 0.00925271213055, 0.012604479678, 0.00824850983918, 0.00521634472534, 0.00387543975376, 0.00256070727482, 0.00258156331256, 0.0028889561072, 0.00214046495967, 0.00161939638201, 0.00370904267766, 0.00568058434874, 0.0092575121671, 0.00878000073135, 0.00362880597822, 0.0077992384322, 0.0114583559334, 0.00833313260227, 0.0049112024717]
        var: [0.0634420961142, 0.0602922290564, 0.0465127415955, 0.0349579900503, 0.0393839851022, 0.0549893602729, 0.106108047068, 0.0878920629621, 0.0533817820251, 0.0295418184251, 0.0145529871807, 0.0223387591541, 0.0765191540122, 0.0698402673006, 0.0290687326342, 0.0302036795765, 0.0252720993012, 0.0444295704365, 0.0612740851939, 0.03397827968, 0.0470411628485, 0.10888069123, 0.100518994033, 0.0353775285184, 0.0139769511297, 0.00674459105358, 0.0213391333818, 0.074463352561, 0.0687461718917, 0.0316972658038, 0.0371294915676, 0.0394285842776, 0.0634333044291, 0.0665687024593, 0.0561879836023, 0.0620820708573]
    chords_histogram: [56.944442749, 6.48148155212, 19.4444446564, 0, 0, 0, 0, 0, 0, 0, 0, 0, 0, 0, 0, 0, 0, 0, 0, 0, 0, 0, 1.38888883591, 15.7407407761]
    thpcp: [1, 0.96392172575, 0.483280718327, 0.245095923543, 0.18034003675, 0.282734900713, 0.543878495693, 0.546613454819, 0.355707943439, 0.330240190029, 0.392742931843, 0.572632014751, 0.673368871212, 0.573981285095, 0.540739178658, 0.570498347282, 0.509336531162, 0.397380053997, 0.33283534646, 0.369452267885, 0.599591314793, 0.996567904949, 0.922240078449, 0.512323319912, 0.330724298954, 0.254826128483, 0.353522837162, 0.626083731651, 0.609176814556, 0.40777862072, 0.360080838203, 0.341444522142, 0.488067358732, 0.607718169689, 0.502924919128, 0.57926607132]
    chords_key: "E"
    chords_scale: "major"
    key_key: "E"
    key_scale: "major"
    chords_progression: ["E", "E", "E", "E", "E", "E", "E", "E", "E", "E", "E", "E", "E", "E", "E", "E", "E", "E", "E", "E", "E", "E", "E", "E", "E", "E", "E", "E", "E", "E", "E", "E", "E", "E", "E", "E", "E", "E", "C#m", "C#m", "C#m", "C#m", "C#m", "C#m", "C#m", "C#m", "C#m", "C#m", "C#m", "C#m", "C#m", "C#m", "C#m", "C#m", "C#m", "C#m", "C#m", "C#m", "C#m", "C#m", "C#m", "C#m", "C#m", "C#m", "C#m", "C#m", "C#m", "C#m", "C#m", "C#m", "C#m", "C#m", "E", "E", "E", "E", "E", "E", "E", "E", "E", "E", "E", "E", "E", "E", "E", "E", "G#m", "G#m", "G#m", "G#m", "G#m", "G#m", "G#m", "G#m", "G#m", "G#m", "G#m", "G#m", "G#m", "G#m", "E", "E", "E", "A", "E", "E", "A", "E", "E", "E", "E", "E", "A", "E", "E", "E", "E", "E", "E", "E", "E", "E", "E", "E", "E", "E", "E", "E", "E", "E", "E", "E", "B", "B", "B", "B", "B", "B", "B", "B", "B", "B", "B", "B", "B", "B", "B", "B", "B", "B", "B", "B", "B", "B", "B", "B", "B", "B", "B", "B", "B", "B", "B", "B", "B", "B", "B", "B", "B", "B", "B", "B", "B", "B", "E", "E", "E", "E", "E", "E", "E", "E", "E", "E", "E", "E", "E", "E", "E", "E", "E", "E", "E", "E", "E", "E", "E", "E", "E", "E", "E", "E", "E", "E", "E", "E", "E", "E", "E", "E", "E", "E", "E", "E"]
