
metadata:
    version:
        essentia: "1.2.2"
    audio_properties:
        analysis_sample_rate: 44100
        bitrate: 128
        channels: 2
        equal_loudness: 1
        length: 10.0310201645
        replay_gain: -10.1742115021
        downmix: "mix"
    tags:
        track: 4
        year: 0
        album: "Splitted by Mp3Splt v. 2.1"
        artist: "From 000.30 To 000.40"
        comment: "http://mp3splt.sf.net"
        genre: ""
        title: "10 Lonely Too.mp3"

highlevel:
    ballroom:
        all:
            ChaChaCha: 0.00320131797343
            Jive: 0.00292252283543
            Quickstep: 0.0316624976695
            Rumba-American: 0.0183920990676
            Rumba-International: 0.288172334433
            Rumba-Misc: 0.145069763064
            Samba: 0.00639443658292
            Tango: 0.015202418901
            VienneseWaltz: 0.189250186086
            Waltz: 0.299732416868
        probability: 0.299732416868
        value: "Waltz"
    culture:
        all:
            non_western: 0.059741564095
            western: 0.940258443356
        probability: 0.940258443356
        value: "western"
    gender:
        all:
            female: 0.539804756641
            male: 0.460195213556
        probability: 0.539804756641
        value: "female"
    genre_dortmund:
        all:
            alternative: 0.0423164963722
            blues: 0.0596893765032
            electronic: 0.0157683938742
            folkcountry: 0.270323783159
            funksoulrnb: 0.111618354917
            jazz: 0.106812462211
            pop: 0.278046816587
            raphiphop: 0.0250882208347
            rock: 0.0903360843658
        probability: 0.278046816587
        value: "pop"
    genre_electronica:
        all:
            ambient: 0.824751734734
            dnb: 0.0586739256978
            house: 0.0714965164661
            techno: 0.00641239527613
            trance: 0.0386654362082
        probability: 0.824751734734
        value: "ambient"
    genre_rosamerica:
        all:
            cla: 0.0303221326321
            dan: 0.0101042902097
            hip: 0.0082526113838
            jaz: 0.0884874239564
            pop: 0.0669089928269
            rhy: 0.775213479996
            roc: 0.0134800355881
            spe: 0.00723102735355
        probability: 0.775213479996
        value: "rhy"
    genre_tzanetakis:
        all:
            blu: 0.0159097071737
            cla: 0.0104064140469
            cou: 0.116458170116
            dis: 0.0137941967696
            hip: 0.00790475122631
            jaz: 0.0473570637405
            met: 0.00305320858024
            pop: 0.408371508121
            reg: 0.265960395336
            roc: 0.110784590244
        probability: 0.408371508121
        value: "pop"
    live_studio:
        all:
            live: 0.0138066830114
            studio: 0.986193299294
        probability: 0.986193299294
        value: "studio"
    mood:
        all:
            Cluster1: 0.0140039371327
            Cluster2: 0.0970028862357
            Cluster3: 0.824727416039
            Cluster4: 0.0596811361611
            Cluster5: 0.00458462908864
        probability: 0.824727416039
        value: "Cluster3"
    mood_acoustic:
        all:
            acoustic: 0.974685072899
            not_acoustic: 0.0253149531782
        probability: 0.974685072899
        value: "acoustic"
    mood_aggressive:
        all:
            aggressive: 0.00647022435442
            not_aggressive: 0.9935297966
        probability: 0.9935297966
        value: "not_aggressive"
    mood_electronic:
        all:
            electronic: 0.211474657059
            not_electronic: 0.788525342941
        probability: 0.788525342941
        value: "not_electronic"
    mood_happy:
        all:
            happy: 0.29210165143
            not_happy: 0.707898378372
        probability: 0.707898378372
        value: "not_happy"
    mood_party:
        all:
            not_party: 0.964774489403
            party: 0.0352254956961
        probability: 0.964774489403
        value: "not_party"
    mood_relaxed:
        all:
            not_relaxed: 0.259623497725
            relaxed: 0.740376472473
        probability: 0.740376472473
        value: "relaxed"
    mood_sad:
        all:
            not_sad: 1.25449087136e-05
            sad: 0.999987483025
        probability: 0.999987483025
        value: "sad"
    rhythm:
        all:
            fast: 0.82541757822
            medium: 0.0832650214434
            slow: 0.0913173854351
        probability: 0.82541757822
        value: "fast"
    speech_music:
        all:
            music: 1.23765303215e-05
            speech: 0.999987602234
        probability: 0.999987602234
        value: "speech"
    timbre:
        all:
            bright: 0.545113563538
            dark: 0.454886466265
        probability: 0.545113563538
        value: "bright"
    voice_instrumental:
        all:
            instrumental: 0.00543254520744
            voice: 0.994567453861
        probability: 0.994567453861
        value: "voice"

lowlevel:
    average_loudness: 0.954424500465
    barkbands_kurtosis:
        dmean: 3.14020895958
        dmean2: 4.51511764526
        dvar: 56.0134963989
        dvar2: 103.046066284
        max: 139.982681274
        mean: 7.42669010162
        min: -1.81204557419
        var: 273.067352295
    barkbands_skewness:
        dmean: 0.450333505869
        dmean2: 0.634916067123
        dvar: 0.29719415307
        dvar2: 0.593620955944
        max: 9.68561840057
        mean: 1.69020462036
        min: -2.74911546707
        var: 3.40894269943
    barkbands_spread:
        dmean: 3.42620277405
        dmean2: 4.91380548477
        dvar: 28.2031536102
        dvar2: 58.7645606995
        max: 67.0366210938
        mean: 14.3300151825
        min: 0.557120025158
        var: 101.210014343
    dissonance:
        dmean: 0.0332900844514
        dmean2: 0.054177723825
        dvar: 0.000778967980295
        dvar2: 0.00198395759799
        max: 0.494780808687
        mean: 0.400343686342
        min: 0.226641580462
        var: 0.00259007932618
    hfc:
        dmean: 0.804687798023
        dmean2: 1.24979603291
        dvar: 7.50093412399
        dvar2: 20.9370479584
        max: 32.3488388062
        mean: 2.78372859955
        min: 0.00223620003089
        var: 8.99253749847
    pitch:
        dmean: 147.31288147
        dmean2: 280.715667725
        dvar: 401351.96875
        dvar2: 1034249.8125
        max: 4900
        mean: 389.433074951
        min: 74.6192855835
        var: 345525.46875
    pitch_instantaneous_confidence:
        dmean: 0.0639337971807
        dmean2: 0.0981853827834
        dvar: 0.00597450090572
        dvar2: 0.0112983537838
        max: 0.947489917278
        mean: 0.655827820301
        min: 0.24754101038
        var: 0.0293370969594
    pitch_salience:
        dmean: 0.0511796250939
        dmean2: 0.076861076057
        dvar: 0.00309215974994
        dvar2: 0.00671689491719
        max: 0.870082914829
        mean: 0.462626516819
        min: 0.127735301852
        var: 0.0150453224778
    silence_rate_20dB:
        dmean: 0
        dmean2: 0
        dvar: 0
        dvar2: 0
        max: 1
        mean: 1
        min: 1
        var: 0
    silence_rate_30dB:
        dmean: 0
        dmean2: 0
        dvar: 0
        dvar2: 0
        max: 1
        mean: 1
        min: 1
        var: 0
    silence_rate_60dB:
        dmean: 0.087962962687
        dmean2: 0.174013927579
        dvar: 0.0802256017923
        dvar2: 0.157654479146
        max: 1
        mean: 0.568129301071
        min: 0
        var: 0.245358556509
    spectral_centroid:
        dmean: 144.115585327
        dmean2: 204.665649414
        dvar: 106942.554688
        dvar2: 229606.4375
        max: 4285.56298828
        mean: 817.777587891
        min: 204.969390869
        var: 303352.25
    spectral_complexity:
        dmean: 1.03712296486
        dmean2: 1.65116274357
        dvar: 2.42089986801
        dvar2: 5.2643661499
        max: 18
        mean: 6.14120388031
        min: 0
        var: 10.9684915543
    spectral_crest:
        dmean: 1.97548174858
        dmean2: 2.95683288574
        dvar: 3.66531348228
        dvar2: 8.45521354675
        max: 24.3681926727
        mean: 12.594751358
        min: 3.73950576782
        var: 18.6640110016
    spectral_decrease:
        dmean: 1.77467596174e-10
        dmean2: 2.52028675707e-10
        dvar: 5.9255839275e-20
        dvar2: 1.03506447755e-19
        max: -5.05432935088e-13
        mean: -9.08066732919e-10
        min: -3.40550454503e-09
        var: 4.97905032909e-19
    spectral_energy:
        dmean: 0.000730261032004
        dmean2: 0.00104974769056
        dvar: 1.1043032373e-06
        dvar2: 2.13690486817e-06
        max: 0.0132418349385
        mean: 0.0036797458306
        min: 2.11044994103e-06
        var: 7.9750589066e-06
    spectral_energyband_high:
        dmean: 6.96885108482e-05
        dmean2: 0.000123525736853
        dvar: 1.98835266474e-07
        dvar2: 5.80043831633e-07
        max: 0.0053054690361
        mean: 7.37757145544e-05
        min: 1.07009860528e-07
        var: 1.17999249483e-07
    spectral_energyband_low:
        dmean: 9.25077547436e-05
        dmean2: 0.000136877890327
        dvar: 1.42110707202e-07
        dvar2: 3.37768938152e-07
        max: 0.00364076253027
        mean: 0.000220373854972
        min: 7.51019300083e-08
        var: 1.93303336005e-07
    spectral_energyband_middle_high:
        dmean: 0.000191984960111
        dmean2: 0.000251813791692
        dvar: 1.54633767124e-07
        dvar2: 3.08177050101e-07
        max: 0.00693998718634
        mean: 0.000838926061988
        min: 5.82608493005e-07
        var: 1.39857490922e-06
    spectral_energyband_middle_low:
        dmean: 0.00058538391022
        dmean2: 0.000771817925852
        dvar: 6.40591622414e-07
        dvar2: 1.0373466921e-06
        max: 0.0128546049818
        mean: 0.00254666456021
        min: 1.34571018862e-06
        var: 6.39157269688e-06
    spectral_flatness_db:
        dmean: 0.0204310845584
        dmean2: 0.0293488539755
        dvar: 0.000423455669079
        dvar2: 0.000686025363393
        max: 0.432114988565
        mean: 0.232999622822
        min: 0.0734564140439
        var: 0.00322467298247
    spectral_flux:
        dmean: 0.00812965165824
        dmean2: 0.0131034916267
        dvar: 9.40458630794e-05
        dvar2: 0.000187414552784
        max: 0.0920831635594
        mean: 0.0214702170342
        min: 0.00145273876842
        var: 0.000205416668905
    spectral_kurtosis:
        dmean: 3.47329807281
        dmean2: 5.75130939484
        dvar: 25.6775188446
        dvar2: 61.944152832
        max: 47.6402854919
        mean: 9.85587310791
        min: -0.944435358047
        var: 68.9000778198
    spectral_rms:
        dmean: 0.000197680739802
        dmean2: 0.000281093438389
        dvar: 7.37872767331e-08
        dvar2: 1.39764324558e-07
        max: 0.00359428208321
        mean: 0.00176290783565
        min: 4.53759384982e-05
        var: 4.82150937842e-07
    spectral_rolloff:
        dmean: 339.934448242
        dmean2: 562.21661377
        dvar: 575985.4375
        dvar2: 1111609.125
        max: 6955.22460938
        mean: 1271.10778809
        min: 172.265625
        var: 1267417.375
    spectral_skewness:
        dmean: 0.357616096735
        dmean2: 0.576928257942
        dvar: 0.184834912419
        dvar2: 0.413316875696
        max: 5.63772439957
        mean: 2.35427212715
        min: 0.202323034406
        var: 0.689029753208
    spectral_spread:
        dmean: 702676.5
        dmean2: 960128.0625
        dvar: 1.89128677786e+12
        dvar2: 2.22433614234e+12
        max: 25891002
        mean: 4489108
        min: 1170225.875
        var: 5.90480932864e+12
    spectral_strongpeak:
        dmean: 0.191107064486
        dmean2: 0.316449463367
        dvar: 0.14173258841
        dvar2: 0.378327786922
        max: 4.47306203842
        mean: 0.735769748688
        min: 0.00268776481971
        var: 0.494708001614
    zerocrossingrate:
        dmean: 0.00648247171193
        dmean2: 0.00703011453152
        dvar: 7.2379829362e-05
        dvar2: 7.30253668735e-05
        max: 0.1650390625
        mean: 0.0463697649539
        min: 0.01171875
        var: 0.000695016700774
    barkbands:
        dmean: [1.10993056524e-07, 2.84918496618e-05, 6.85687118676e-05, 1.72899708559e-05, 0.000236333711655, 0.000283188303001, 7.66379453125e-05, 6.89037988195e-05, 0.000102051213617, 3.54473777406e-05, 4.76734385302e-05, 5.71495547774e-05, 2.5756235118e-05, 2.94496185234e-05, 3.00583342323e-05, 2.98684080917e-05, 3.09112401737e-05, 2.50577395491e-05, 4.36531408923e-05, 2.34677736444e-05, 3.10734249069e-05, 2.30782607105e-05, 1.7505934693e-06, 1.1286449535e-06, 4.06319514923e-07, 3.76371573907e-08, 3.83292952932e-09]
        dmean2: [1.60108129421e-07, 4.50488732895e-05, 0.000101950463431, 2.93575467367e-05, 0.000331882649334, 0.000412129797041, 0.000102303281892, 0.000102594276541, 0.000143050201586, 5.13686609338e-05, 6.45760883344e-05, 7.88675315562e-05, 3.43015344697e-05, 4.0797280235e-05, 4.52095628134e-05, 4.60393821413e-05, 4.21156182711e-05, 4.07789775636e-05, 6.38725905446e-05, 3.78284785256e-05, 5.6900378695e-05, 4.38280112576e-05, 2.65939570454e-06, 1.62605613241e-06, 5.64076742648e-07, 5.19553573497e-08, 4.01476363265e-09]
        dvar: [4.05315510972e-13, 1.50671919386e-08, 7.98594825824e-08, 8.76071393208e-09, 1.83545353138e-07, 2.33765362623e-07, 3.69101336162e-08, 3.32948815185e-08, 1.37556540381e-07, 6.16705575496e-09, 5.33353095022e-08, 6.46248494718e-08, 8.1648803274e-09, 7.62016938438e-09, 3.58153062763e-09, 5.50114975795e-09, 4.92782969985e-09, 4.50371562266e-09, 5.1409333679e-08, 6.61518528844e-09, 4.31885389673e-08, 3.31019869293e-08, 8.52784440286e-11, 1.97734866675e-11, 1.10602683696e-12, 1.52773911685e-14, 5.6102600457e-15]
        dvar2: [7.81672849278e-13, 3.94208257148e-08, 1.89502202375e-07, 2.11961701524e-08, 2.70277212167e-07, 4.06331196245e-07, 5.49989032095e-08, 7.24971798149e-08, 2.80399490293e-07, 1.21167094136e-08, 7.03666671598e-08, 9.4256876082e-08, 1.17043379433e-08, 1.5877567705e-08, 6.90571644313e-09, 1.18973018104e-08, 7.73157537992e-09, 1.22858558882e-08, 1.3621777839e-07, 1.77789942768e-08, 1.26964053493e-07, 9.72770308749e-08, 1.90449642168e-10, 2.96067372008e-11, 2.14691719264e-12, 2.46236103068e-14, 5.62191606609e-15]
        max: [7.23775065126e-06, 0.00144682219252, 0.0025197272189, 0.00118038395885, 0.00915074255317, 0.00722881779075, 0.00400685844943, 0.00334570370615, 0.00560467643663, 0.000971976609435, 0.00565116433427, 0.00548580382019, 0.00229191873223, 0.00114918104373, 0.00105172814801, 0.0012043727329, 0.00151843694039, 0.000790009449702, 0.00375161739066, 0.00090154632926, 0.00251703942195, 0.00208447012119, 0.000125693608425, 8.66962800501e-05, 1.21655302792e-05, 1.74641354533e-06, 1.55722909767e-06]
        mean: [1.33939764169e-07, 7.80292975833e-05, 0.000142219651025, 1.87752339116e-05, 0.000932265014853, 0.00096857722383, 0.000206797369174, 0.000190846709302, 0.000214820262045, 8.96710480447e-05, 0.000136235481477, 0.000140498144901, 4.88962250529e-05, 8.12790749478e-05, 8.11946883914e-05, 5.2996827435e-05, 8.9027271315e-05, 4.74197404401e-05, 7.54234933993e-05, 3.310363536e-05, 2.9981312764e-05, 1.68083533936e-05, 2.11716087506e-06, 1.89468983081e-06, 6.75588239574e-07, 5.71478118161e-08, 3.83966902717e-09]
        min: [8.23417202478e-12, 2.34396129173e-08, 2.768124574e-08, 2.19222773268e-08, 3.63126616776e-07, 2.86091108137e-07, 6.23524556431e-08, 5.82154484619e-08, 8.07885882637e-08, 2.212504846e-09, 8.11807687739e-09, 4.15451530955e-08, 6.85044696525e-08, 2.068266447e-08, 3.9714226574e-08, 1.26602358819e-07, 1.45887341318e-07, 8.19963972276e-08, 4.47380301694e-08, 3.63427758998e-08, 6.89962078582e-08, 3.51040663205e-09, 9.6268004679e-10, 2.0609365603e-10, 3.49335248229e-11, 1.8847703346e-12, 1.52321785827e-13]
        var: [4.74292859761e-13, 1.97177669747e-08, 1.1008934564e-07, 7.99355515113e-09, 2.84438965537e-06, 1.48711569636e-06, 1.60729655363e-07, 2.22453223842e-07, 3.64373619277e-07, 2.82294791987e-08, 4.37808381548e-07, 3.56605426077e-07, 2.4420517164e-08, 3.89795928868e-08, 2.81446297379e-08, 1.12255724716e-08, 5.14624680648e-08, 9.34706534395e-09, 5.36649125138e-08, 7.21720994079e-09, 2.46231373069e-08, 1.81150525691e-08, 1.07747484546e-10, 5.02341085395e-11, 1.97130701519e-12, 2.76142278396e-14, 5.59879206663e-15]
    mfcc:
        mean: [-793.570739746, 147.533615112, -40.8049888611, 30.2671298981, -13.8529644012, -11.7356863022, -3.67100715637, -18.5746803284, -7.79817485809, -12.9800004959, -9.92304134369, -0.597318589687, -1.59116303921]
        cov: [[2423.94091797, -797.367370605, 261.380371094, 32.0552253723, 73.0824966431, -268.41394043, 223.515228271, -127.983390808, 144.527526855, 192.957855225, 41.297039032, 127.592506409, -1.79722642899], [-797.367370605, 1350.94665527, -332.258514404, -99.4654998779, 128.974380493, 184.28465271, 120.661125183, 51.9310302734, 64.271446228, 24.9786510468, 10.3957252502, -35.1918716431, -0.481453001499], [261.380371094, -332.258514404, 1177.92370605, 200.387893677, -94.3137130737, 160.68598938, 205.180374146, 21.0512561798, -94.3248596191, 42.2065734863, -69.0358200073, -33.436164856, -120.631019592], [32.0552253723, -99.4654998779, 200.387893677, 377.260803223, 7.96192407608, 3.42443799973, -27.6580734253, 12.5954198837, 8.63574886322, -15.5991868973, -24.39960289, 3.30918955803, -11.5231437683], [73.0824966431, 128.974380493, -94.3137130737, 7.96192407608, 274.512664795, 77.4723739624, -1.86633574963, 77.0503311157, 83.1358184814, 50.8695602417, 66.1612319946, 74.3361663818, 68.8775405884], [-268.41394043, 184.28465271, 160.68598938, 3.42443799973, 77.4723739624, 521.928466797, 115.77154541, 143.540420532, 55.5534744263, 73.7707519531, 68.8863601685, 0.663512825966, 41.8417816162], [223.515228271, 120.661125183, 205.180374146, -27.6580734253, -1.86633574963, 115.77154541, 334.520111084, 19.2842788696, 44.4822616577, 100.021842957, 20.4916782379, -29.5770988464, -58.5572395325], [-127.983390808, 51.9310302734, 21.0512561798, 12.5954198837, 77.0503311157, 143.540420532, 19.2842788696, 159.997711182, 48.8705368042, 17.4838371277, 41.4293441772, 26.9658470154, 37.7424736023], [144.527526855, 64.271446228, -94.3248596191, 8.63574886322, 83.1358184814, 55.5534744263, 44.4822616577, 48.8705368042, 148.740036011, 60.2602500916, 52.1441192627, 18.0875968933, 26.0289840698], [192.957855225, 24.9786510468, 42.2065734863, -15.5991868973, 50.8695602417, 73.7707519531, 100.021842957, 17.4838371277, 60.2602500916, 129.490142822, 48.1872291565, 28.3544540405, 0.854429543018], [41.297039032, 10.3957252502, -69.0358200073, -24.39960289, 66.1612319946, 68.8863601685, 20.4916782379, 41.4293441772, 52.1441192627, 48.1872291565, 96.9742050171, 37.9886741638, 25.6926689148], [127.592506409, -35.1918716431, -33.436164856, 3.30918955803, 74.3361663818, 0.663512825966, -29.5770988464, 26.9658470154, 18.0875968933, 28.3544540405, 37.9886741638, 123.86289978, 60.9019851685], [-1.79722642899, -0.481453001499, -120.631019592, -11.5231437683, 68.8775405884, 41.8417816162, -58.5572395325, 37.7424736023, 26.0289840698, 0.854429543018, 25.6926689148, 60.9019851685, 112.351325989]]
        icov: [[0.000929169764277, 0.000573985918891, -0.00010439405014, 6.94158297847e-05, -0.000363956642104, 0.000450489867944, -0.000771952734794, 0.000870757910889, -0.00101147929672, -0.000598320912104, 0.000378367025405, -0.000723611097783, -0.000182541145477], [0.000573985918891, 0.00138183974195, 0.000432025961345, 0.000107924257463, -0.000817852094769, -0.000226827090955, -0.000986782950349, 0.000531174882781, -0.000567861832678, -0.000152497974341, 0.00104652019218, -0.000386186846299, 0.000485890137497], [-0.00010439405014, 0.000432025961345, 0.00170426629484, -0.000717882881872, -7.88974721218e-05, -0.000778502901085, -0.000809935911093, -0.000522730522789, 0.00125516066328, -0.000365451065591, 0.00135986192618, -0.000612802919932, 0.00158137315884], [6.94158297847e-05, 0.000107924257463, -0.000717882881872, 0.00321905082092, -0.000309900351567, 4.17179217038e-05, 0.000608803529758, 7.74758245825e-06, -0.00127992324997, 0.000496124033816, 0.000787107157521, -0.00032629139605, 0.00033972482197], [-0.000363956642104, -0.000817852094769, -7.88974721218e-05, -0.000309900351567, 0.00623559532687, 6.09626549704e-05, 0.000702512741555, -0.00163650314789, -0.00121803977527, -0.000585509871598, -0.00169389671646, -0.00148162862752, -0.00157823949121], [0.000450489867944, -0.000226827090955, -0.000778502901085, 4.17179217038e-05, 6.09626549704e-05, 0.00372730032541, -0.000681576028001, -0.00183609791566, -6.41556762275e-05, -0.00138378760312, -0.00169102963991, 0.00144644198008, -0.00236125825904], [-0.000771952734794, -0.000986782950349, -0.000809935911093, 0.000608803529758, 0.000702512741555, -0.000681576028001, 0.00604627514258, -0.000883834552951, -0.00024596779258, -0.00281651387922, -0.000387349282391, 0.00137984135654, 0.00186662271153], [0.000870757910889, 0.000531174882781, -0.000522730522789, 7.74758245825e-06, -0.00163650314789, -0.00183609791566, -0.000883834552951, 0.0109828151762, -0.00308706448413, 0.00190286198631, -0.00126002216712, -0.00150432414375, -0.00120301393326], [-0.00101147929672, -0.000567861832678, 0.00125516066328, -0.00127992324997, -0.00121803977527, -6.41556762275e-05, -0.00024596779258, -0.00308706448413, 0.0127543620765, -0.00335274985991, -0.00272979401052, 0.0028074986767, -0.000949729757849], [-0.000598320912104, -0.000152497974341, -0.000365451065591, 0.000496124033816, -0.000585509871598, -0.00138378760312, -0.00281651387922, 0.00190286198631, -0.00335274985991, 0.0153503529727, -0.00379976490512, -0.00286108558066, 0.00149522779975], [0.000378367025405, 0.00104652019218, 0.00135986192618, 0.000787107157521, -0.00169389671646, -0.00169102963991, -0.000387349282391, -0.00126002216712, -0.00272979401052, -0.00379976490512, 0.0185532905161, -0.00394238252193, 0.00199652719311], [-0.000723611097783, -0.000386186846299, -0.000612802919932, -0.00032629139605, -0.00148162862752, 0.00144644198008, 0.00137984135654, -0.00150432414375, 0.0028074986767, -0.00286108558066, -0.00394238252193, 0.0149609465152, -0.00694745965302], [-0.000182541145477, 0.000485890137497, 0.00158137315884, 0.00033972482197, -0.00157823949121, -0.00236125825904, 0.00186662271153, -0.00120301393326, -0.000949729757849, 0.00149522779975, 0.00199652719311, -0.00694745965302, 0.0173745844513]]
    spectral_contrast:
        mean: [-6.04152390338e-08, 1.63826541666e-07, -5.95218580202e-07, 2.88666890391e-09, -1.87471783875e-07, -2.13583305708e-07, -2.19150547309e-06, 1.05963813724e-07, -3.5083610328e-06, -1.25300823584e-06, 2.56327575698e-06, -3.53212698201e-07]
        var: [0.000856780912727, 0.00120543816593, 0.00174553098623, 0.00283783930354, 0.00969863682985, 0.0106949266046, 0.0535351261497, 0.158791273832, 0.253618896008, 0.325177997351, 0.635617494583, 1.733096838]

rhythm:
    beats_loudness:
        dmean: 0.00167194090318
        dmean2: 0.00184837193228
        dvar: 1.74468857495e-06
        dvar2: 2.49983759204e-06
        max: 0.00860160030425
        mean: 0.00371054350398
        min: 0.00105392828118
        var: 5.23342032466e-06
    beats_loudness_bass:
        dmean: 0.0428580529988
        dmean2: 0.0695712268353
        dvar: 0.00246287486516
        dvar2: 0.00423138169572
        max: 0.21402476728
        mean: 0.0586796998978
        min: 0.00056876934832
        var: 0.00414930190891
    bpm: 74.5725097656
    bpm_confidence: 0
    first_peak_bpm: 113
    first_peak_spread: 0
    first_peak_weight: 0.5
    onset_rate: 4.18701171875
    second_peak_bpm: 75
    second_peak_spread: 0
    second_peak_weight: 0.428571432829
    beats_position: [0.33460649848, 1.13919270039, 1.94377887249, 2.74836492538, 3.55295133591, 4.35753726959, 5.16212368011, 6.0229549408, 6.55607271194, 7.08919048309, 7.62230873108, 8.15542602539, 8.68854427338, 9.22166252136, 9.75477981567]
    bpm_estimates: [74.5344543457, 74.5573196411, 74.6257705688]
    bpm_intervals: [0.804586172104, 0.804586172104, 0.804586052895, 0.804586410522, 0.804585933685, 0.804586410522, 0.860831260681, 0.533117771149, 0.533117771149, 0.533118247986, 0.533117294312, 0.533118247986, 0.533118247986, 0.533117294312]
    onset_times: [0.0812698379159, 0.325079351664, 0.754648506641, 0.882358253002, 1.07972788811, 1.18421769142, 1.23065757751, 1.4164172411, 1.72988665104, 1.90403628349, 2.50775504112, 2.63546490669, 2.79800462723, 3.03020405769, 3.39011335373, 3.48299312592, 3.5178232193, 3.56426310539, 3.66875290871, 3.92417240143, 4.04027223587, 4.21442174911, 4.42340135574, 4.59755086899, 5.1780500412, 5.34058952332, 5.74693870544, 5.85142850876, 6.24616765976, 6.51319742203, 6.58285713196, 6.80344676971, 6.97759628296, 7.67419481277, 7.91800451279, 8.28952407837, 8.44045352936, 8.95129299164, 9.33442211151, 9.50857162476, 9.78721046448, 9.8800907135]
    rubato_start: [6.55607271194]
    rubato_stop: [7.08919048309]
    perceptual_tempo: "unknown"

sfx:
    inharmonicity:
        dmean: 0.0214015264064
        dmean2: 0.0379343889654
        dvar: 0.00168972706888
        dvar2: 0.00462814327329
        max: 0.305170297623
        mean: 0.0224482547492
        min: 1.36460897693e-07
        var: 0.00160367926583
    oddtoevenharmonicenergyratio:
        dmean: 2.54459047318
        dmean2: 4.91034555435
        dvar: 100.318199158
        dvar2: 314.2578125
        max: 98.8518371582
        mean: 1.92819619179
        min: 4.51377600257e-05
        var: 65.7904129028
    pitch_after_max_to_before_max_energy_ratio: 1.93321251869
    pitch_centroid: 195.162139893
    pitch_max_to_total: 0.19212962687
    pitch_min_to_total: 0.77314811945
    tristimulus:
        dmean: [0.133389189839, 0.143894761801, 0.044449813664]
        dmean2: [0.228122740984, 0.24729026854, 0.0794729441404]
        dvar: [0.0341000445187, 0.0356429107487, 0.00451441667974]
        dvar2: [0.0866479054093, 0.0951572880149, 0.0115968761966]
        max: [0.993326365948, 0.974693000317, 0.532122671604]
        mean: [0.481334745884, 0.448675364256, 0.0584078133106]
        min: [0.0018452386139, 0, 0]
        var: [0.0750861689448, 0.0705783963203, 0.00548299495131]

tonal:
    chords_changes_rate: 0.0322580635548
    chords_number_rate: 0.0184331797063
    chords_strength:
        dmean: 0.0130336442962
        dmean2: 0.0100732510909
        dvar: 0.000108744912723
        dvar2: 0.000101759629615
        max: 0.806415259838
        mean: 0.535630106926
        min: 0.32016184926
        var: 0.0113225290552
    key_strength: 0.830760359764
    tuning_diatonic_strength: 0.679538547993
    tuning_equal_tempered_deviation: 0.282485216856
    tuning_frequency: 432.191345215
    tuning_nontempered_energy_ratio: 0.962829649448
    hpcp:
        dmean: [0.133295014501, 0.131025731564, 0.0938181206584, 0.0422745160758, 0.0245044510812, 0.0470877438784, 0.0731703266501, 0.0836129635572, 0.0660279542208, 0.0363990142941, 0.0427612140775, 0.0869575589895, 0.0953578427434, 0.113094575703, 0.127527728677, 0.183581486344, 0.167768970132, 0.172397717834, 0.0866797566414, 0.0534703172743, 0.0708587020636, 0.101193241775, 0.0952808484435, 0.0956090763211, 0.0514680147171, 0.0223795752972, 0.0463477708399, 0.0802523046732, 0.0849387571216, 0.0707889273763, 0.0616375692189, 0.0530289486051, 0.0396676771343, 0.0457499213517, 0.0391036607325, 0.0725350528955]
        dmean2: [0.222214579582, 0.205072239041, 0.156190365553, 0.0712734460831, 0.0399767495692, 0.0800067707896, 0.113208316267, 0.131355881691, 0.106915406883, 0.0629936233163, 0.0757739692926, 0.157561600208, 0.17061342299, 0.190383985639, 0.21546831727, 0.312555789948, 0.283028632402, 0.289264082909, 0.154061406851, 0.0978567823768, 0.126173093915, 0.16451318562, 0.161793857813, 0.165957853198, 0.092211663723, 0.0401731282473, 0.0835821554065, 0.130802959204, 0.134277865291, 0.109389945865, 0.103790596128, 0.081436984241, 0.0676440596581, 0.0807100236416, 0.064759761095, 0.12543015182]
        dvar: [0.0492129474878, 0.0329971425235, 0.0304094161838, 0.0102395350114, 0.00644228141755, 0.0183386392891, 0.0211048647761, 0.0286671295762, 0.0227424670011, 0.0106042344123, 0.0175353698432, 0.0422319248319, 0.0427762120962, 0.0383674912155, 0.0413022451103, 0.0540247708559, 0.0619986206293, 0.0563059858978, 0.0311560388654, 0.0270779225975, 0.0284202266484, 0.0456122867763, 0.033169016242, 0.0407886244357, 0.0201933477074, 0.00810214225203, 0.0204724222422, 0.024260668084, 0.0264437049627, 0.0198147092015, 0.0166529752314, 0.0199237018824, 0.0101443696767, 0.0217592213303, 0.0157214533538, 0.0182914305478]
        dvar2: [0.103817500174, 0.07408734411, 0.0781547278166, 0.026816310361, 0.0146937910467, 0.0409349761903, 0.0464671254158, 0.053162202239, 0.0496753640473, 0.0255715213716, 0.0481243394315, 0.11095289886, 0.117537401617, 0.0863526985049, 0.0938236415386, 0.132003441453, 0.139483228326, 0.122583046556, 0.0764329507947, 0.078464217484, 0.0789664536715, 0.11053904891, 0.0764905139804, 0.102671176195, 0.0557826161385, 0.022323159501, 0.0587174519897, 0.0515673160553, 0.057720977813, 0.0480494350195, 0.0402965769172, 0.0391253717244, 0.0230967439711, 0.0617451965809, 0.039342071861, 0.0421073809266]
        max: [1, 1, 1, 0.68088310957, 0.750913381577, 0.947426974773, 1, 1, 1, 1, 1, 1, 1, 1, 1, 1, 1, 1, 1, 1, 1, 1, 1, 1, 1, 0.915095031261, 1, 1, 1, 1, 0.779484033585, 1, 0.833054542542, 1, 1, 0.934979200363]
        mean: [0.177751809359, 0.218836173415, 0.122519470751, 0.035116314888, 0.0213347673416, 0.0446700714529, 0.110390260816, 0.142728358507, 0.08445661515, 0.0309125836939, 0.0326684862375, 0.0877290815115, 0.150732308626, 0.148999407887, 0.12625695765, 0.283924877644, 0.425408959389, 0.255521357059, 0.0747642666101, 0.0389923639596, 0.0576824806631, 0.14099290967, 0.182068556547, 0.109991699457, 0.0359599739313, 0.0166937354952, 0.0334668755531, 0.101096376777, 0.134662985802, 0.0808624178171, 0.0787514448166, 0.102792710066, 0.0625834688544, 0.0486347787082, 0.0711299628019, 0.0940943360329]
        min: [0.000473614112707, 0, 0, 0, 0, 2.72710512945e-05, 0.000190716789803, 0.000253049976891, 9.33905030251e-05, 1.39344047057e-05, 3.80451638193e-05, 0.000163629942108, 0.000189421829418, 0.00012571568368, 0.000111632500193, 0.000236572886934, 0.000183118507266, 3.75527488359e-05, 2.88519786409e-05, 2.7328133001e-05, 0, 5.85669586144e-05, 6.62059173919e-05, 6.56476913719e-05, 3.15319048241e-05, 1.32423374453e-05, 1.24188891277e-05, 6.29876958556e-05, 0.000116524548503, 0.000138642819365, 7.19080780982e-05, 1.90753617062e-05, 0.000117648334708, 0.000277601910057, 0.000147871382069, 3.16330770147e-05]
        var: [0.0718586742878, 0.071806460619, 0.0378428921103, 0.00846647657454, 0.0059554297477, 0.0186992622912, 0.0450689829886, 0.0673456937075, 0.0340695157647, 0.00995413307101, 0.0125132389367, 0.0479915477335, 0.0857845172286, 0.0656647309661, 0.0472754724324, 0.0974251702428, 0.166724950075, 0.0866174772382, 0.0272707734257, 0.0162723436952, 0.0244825556874, 0.0744851976633, 0.0833291187882, 0.045733589679, 0.0138658564538, 0.0051875798963, 0.0120302261785, 0.0331612676382, 0.0474867112935, 0.0249607786536, 0.0292757432908, 0.063606671989, 0.0230540055782, 0.0194504670799, 0.045239713043, 0.0378444641829]
    chords_histogram: [30.4147472382, 0, 30.8755760193, 0, 0, 0, 0, 0, 0, 0, 0, 0, 0, 0, 0, 0, 0, 0, 0, 0, 0, 0, 23.5023040771, 15.2073736191]
    thpcp: [1, 0.600648760796, 0.175746813416, 0.0916585400701, 0.135593011975, 0.331429094076, 0.427984774113, 0.258555203676, 0.0845303609967, 0.0392416156828, 0.0786698907614, 0.237645149231, 0.316549479961, 0.190081611276, 0.185119390488, 0.241632685065, 0.147113665938, 0.114324763417, 0.167203724384, 0.221185594797, 0.41783747077, 0.514413654804, 0.288003981113, 0.0825471952558, 0.0501511953771, 0.105005010962, 0.259492099285, 0.335508584976, 0.19853040576, 0.0726655647159, 0.0767931342125, 0.20622292161, 0.354323297739, 0.350249797106, 0.296789616346, 0.667416334152]
    chords_key: "A"
    chords_scale: "major"
    key_key: "D"
    key_scale: "major"
    chords_progression: ["A", "A", "A", "A", "A", "A", "A", "A", "A", "A", "A", "A", "A", "A", "A", "A", "A", "A", "A", "A", "A", "A", "A", "A", "A", "A", "A", "A", "A", "A", "A", "A", "Bm", "Bm", "Bm", "Bm", "Bm", "Bm", "Bm", "Bm", "Bm", "Bm", "Bm", "Bm", "Bm", "Bm", "Bm", "Bm", "Bm", "Bm", "Bm", "Bm", "Bm", "Bm", "Bm", "Bm", "Bm", "Bm", "Bm", "Bm", "Bm", "Bm", "Bm", "Bm", "Bm", "G", "G", "G", "G", "G", "G", "G", "G", "G", "G", "G", "G", "G", "G", "G", "G", "G", "G", "G", "G", "G", "G", "G", "G", "G", "G", "G", "G", "G", "G", "G", "G", "G", "G", "G", "G", "G", "G", "G", "G", "G", "G", "G", "G", "G", "G", "G", "G", "G", "G", "G", "D", "A", "A", "A", "A", "A", "A", "A", "A", "A", "A", "A", "A", "A", "A", "A", "A", "A", "A", "A", "A", "A", "A", "A", "A", "A", "A", "A", "A", "A", "A", "A", "A", "D", "D", "D", "D", "D", "A", "A", "A", "D", "D", "D", "D", "D", "D", "D", "D", "D", "D", "D", "D", "D", "D", "D", "D", "D", "D", "D", "D", "D", "D", "D", "D", "D", "D", "D", "D", "D", "D", "D", "D", "D", "D", "D", "D", "D", "D", "D", "D", "D", "D", "D", "D", "D", "D", "D", "D", "D", "D", "D", "D", "D", "D", "D", "D", "D", "D", "D", "D"]
