
metadata:
    version:
        essentia: "1.2.2"
    audio_properties:
        analysis_sample_rate: 44100
        bitrate: 128
        channels: 2
        equal_loudness: 1
        length: 10.0048980713
        replay_gain: -12.9741954803
        downmix: "mix"
    tags:
        track: 14
        year: 0
        album: "Splitted by Mp3Splt v. 2.1"
        artist: "From 002.10 To 002.20"
        comment: "http://mp3splt.sf.net"
        genre: ""
        title: "08 (There's) Always Something"

highlevel:
    ballroom:
        all:
            ChaChaCha: 0.0437199473381
            Jive: 0.0558991879225
            Quickstep: 0.419759124517
            Rumba-American: 0.0329979732633
            Rumba-International: 0.0714025571942
            Rumba-Misc: 0.0456367842853
            Samba: 0.0659135580063
            Tango: 0.109956525266
            VienneseWaltz: 0.123602099717
            Waltz: 0.0311122331768
        probability: 0.419759124517
        value: "Quickstep"
    culture:
        all:
            non_western: 0.0589517429471
            western: 0.941048264503
        probability: 0.941048264503
        value: "western"
    gender:
        all:
            female: 0.964560568333
            male: 0.0354394242167
        probability: 0.964560568333
        value: "female"
    genre_dortmund:
        all:
            alternative: 0.0397140905261
            blues: 0.0941071882844
            electronic: 0.0197948627174
            folkcountry: 0.525182247162
            funksoulrnb: 0.0184957273304
            jazz: 0.0542794801295
            pop: 0.190492808819
            raphiphop: 0.0114237656817
            rock: 0.0465098135173
        probability: 0.525182247162
        value: "folkcountry"
    genre_electronica:
        all:
            ambient: 0.574843287468
            dnb: 0.0626679733396
            house: 0.133542060852
            techno: 0.0207607578486
            trance: 0.208185955882
        probability: 0.574843287468
        value: "ambient"
    genre_rosamerica:
        all:
            cla: 0.00844584126025
            dan: 0.0033624083735
            hip: 0.00156221957877
            jaz: 0.0116792172194
            pop: 0.0866399109364
            rhy: 0.879502117634
            roc: 0.00639235414565
            spe: 0.00241593760438
        probability: 0.879502117634
        value: "rhy"
    genre_tzanetakis:
        all:
            blu: 0.00920045562088
            cla: 0.00327468104661
            cou: 0.512458503246
            dis: 0.0347779206932
            hip: 0.00172672711778
            jaz: 0.00515891611576
            met: 0.0014256198192
            pop: 0.30900016427
            reg: 0.0590987280011
            roc: 0.063878275454
        probability: 0.512458503246
        value: "cou"
    live_studio:
        all:
            live: 0.0252000428736
            studio: 0.974799931049
        probability: 0.974799931049
        value: "studio"
    mood:
        all:
            Cluster1: 0.0594878084958
            Cluster2: 0.407086700201
            Cluster3: 0.313492029905
            Cluster4: 0.167429879308
            Cluster5: 0.0525035858154
        probability: 0.407086700201
        value: "Cluster2"
    mood_acoustic:
        all:
            acoustic: 0.9631767869
            not_acoustic: 0.0368232391775
        probability: 0.9631767869
        value: "acoustic"
    mood_aggressive:
        all:
            aggressive: 0.00346383522265
            not_aggressive: 0.996536135674
        probability: 0.996536135674
        value: "not_aggressive"
    mood_electronic:
        all:
            electronic: 0.0150052150711
            not_electronic: 0.984994769096
        probability: 0.984994769096
        value: "not_electronic"
    mood_happy:
        all:
            happy: 0.846764206886
            not_happy: 0.153235793114
        probability: 0.846764206886
        value: "happy"
    mood_party:
        all:
            not_party: 0.80982208252
            party: 0.190177932382
        probability: 0.80982208252
        value: "not_party"
    mood_relaxed:
        all:
            not_relaxed: 0.772164583206
            relaxed: 0.227835431695
        probability: 0.772164583206
        value: "not_relaxed"
    mood_sad:
        all:
            not_sad: 0.252325206995
            sad: 0.747674763203
        probability: 0.747674763203
        value: "sad"
    rhythm:
        all:
            fast: 0.947179794312
            medium: 0.0458517037332
            slow: 0.00696848938242
        probability: 0.947179794312
        value: "fast"
    speech_music:
        all:
            music: 0.996822237968
            speech: 0.00317773921415
        probability: 0.996822237968
        value: "music"
    timbre:
        all:
            bright: 0.98746496439
            dark: 0.0125350365415
        probability: 0.98746496439
        value: "bright"
    voice_instrumental:
        all:
            instrumental: 0.00560367945582
            voice: 0.994396328926
        probability: 0.994396328926
        value: "voice"

lowlevel:
    average_loudness: 0.936941802502
    barkbands_kurtosis:
        dmean: 2.30614542961
        dmean2: 3.31534981728
        dvar: 18.5961112976
        dvar2: 27.8143310547
        max: 92.8331375122
        mean: 3.25499773026
        min: -1.78027760983
        var: 94.5853881836
    barkbands_skewness:
        dmean: 0.51999270916
        dmean2: 0.714481174946
        dvar: 0.26377889514
        dvar2: 0.505526423454
        max: 8.61691379547
        mean: 1.08745920658
        min: -1.95822763443
        var: 2.26316571236
    barkbands_spread:
        dmean: 5.16616630554
        dmean2: 7.87586450577
        dvar: 27.7496585846
        dvar2: 65.9591522217
        max: 55.6352844238
        mean: 21.011423111
        min: 0.942779004574
        var: 113.71762085
    dissonance:
        dmean: 0.0325647220016
        dmean2: 0.0562087334692
        dvar: 0.000965008919593
        dvar2: 0.00281624915078
        max: 0.498383790255
        mean: 0.428806483746
        min: 0.239062860608
        var: 0.00216586235911
    hfc:
        dmean: 1.79652488232
        dmean2: 2.34872937202
        dvar: 10.1755218506
        dvar2: 15.1949319839
        max: 36.5337638855
        mean: 5.69824552536
        min: 0.365039467812
        var: 52.3467597961
    pitch:
        dmean: 180.592895508
        dmean2: 345.229095459
        dvar: 368823.9375
        dvar2: 1025773.625
        max: 4009.09082031
        mean: 400.71182251
        min: 55.471698761
        var: 234753.75
    pitch_instantaneous_confidence:
        dmean: 0.0915062129498
        dmean2: 0.137656137347
        dvar: 0.0070413374342
        dvar2: 0.0144342035055
        max: 0.95384824276
        mean: 0.583069264889
        min: 0.183313369751
        var: 0.0384176746011
    pitch_salience:
        dmean: 0.064628444612
        dmean2: 0.100283488631
        dvar: 0.00334520614706
        dvar2: 0.00723297381774
        max: 0.79240334034
        mean: 0.545181393623
        min: 0.121538437903
        var: 0.0138273816556
    silence_rate_20dB:
        dmean: 0
        dmean2: 0
        dvar: 0
        dvar2: 0
        max: 1
        mean: 1
        min: 1
        var: 0
    silence_rate_30dB:
        dmean: 0
        dmean2: 0
        dvar: 0
        dvar2: 0
        max: 1
        mean: 1
        min: 1
        var: 0
    silence_rate_60dB:
        dmean: 0.134883716702
        dmean2: 0.268065273762
        dvar: 0.116689786315
        dvar2: 0.21019230783
        max: 1
        mean: 0.54292345047
        min: 0
        var: 0.248157426715
    spectral_centroid:
        dmean: 223.848831177
        dmean2: 311.579528809
        dvar: 68353.265625
        dvar2: 126983.101562
        max: 3550.72753906
        mean: 1186.79284668
        min: 313.696350098
        var: 457567.15625
    spectral_complexity:
        dmean: 1.94158875942
        dmean2: 2.87587833405
        dvar: 4.19051933289
        dvar2: 7.78550720215
        max: 24
        mean: 8.10722637177
        min: 1
        var: 20.4593734741
    spectral_crest:
        dmean: 2.56644225121
        dmean2: 4.00141382217
        dvar: 5.44912338257
        dvar2: 12.5178756714
        max: 25.2782859802
        mean: 10.6498193741
        min: 3.39648532867
        var: 21.7816123962
    spectral_decrease:
        dmean: 2.33088659485e-10
        dmean2: 3.12906367483e-10
        dvar: 8.53922650899e-20
        dvar2: 1.39311315998e-19
        max: -1.12943425445e-10
        mean: -8.90448326185e-10
        min: -3.25506999133e-09
        var: 3.79243001358e-19
    spectral_energy:
        dmean: 0.00102392840199
        dmean2: 0.00135886971839
        dvar: 1.75926845714e-06
        dvar2: 2.75761703961e-06
        max: 0.0153767354786
        mean: 0.00387760368176
        min: 0.000468648184324
        var: 8.359423191e-06
    spectral_energyband_high:
        dmean: 0.000143858385854
        dmean2: 0.00020453587058
        dvar: 1.28492814611e-07
        dvar2: 2.79252674318e-07
        max: 0.0042463731952
        mean: 0.000281188520603
        min: 1.87237424143e-06
        var: 3.15368822612e-07
    spectral_energyband_low:
        dmean: 7.59151953389e-05
        dmean2: 0.000111576955533
        dvar: 2.24864464826e-08
        dvar2: 4.38025686833e-08
        max: 0.00149428797886
        mean: 0.000143351513543
        min: 8.51888160014e-07
        var: 4.83876867463e-08
    spectral_energyband_middle_high:
        dmean: 0.000532489153557
        dmean2: 0.000677335599903
        dvar: 7.07481433437e-07
        dvar2: 1.08947369881e-06
        max: 0.00961864925921
        mean: 0.00167777063325
        min: 4.66474994028e-05
        var: 4.42697182734e-06
    spectral_energyband_middle_low:
        dmean: 0.000621075043455
        dmean2: 0.000921634258702
        dvar: 7.72046007569e-07
        dvar2: 1.45548688124e-06
        max: 0.0106129832566
        mean: 0.00177529559005
        min: 9.91240012809e-05
        var: 2.33615128309e-06
    spectral_flatness_db:
        dmean: 0.0199607927352
        dmean2: 0.0289597455412
        dvar: 0.000309511990054
        dvar2: 0.000606014800724
        max: 0.401966482401
        mean: 0.200335085392
        min: 0.0951196700335
        var: 0.00224625412375
    spectral_flux:
        dmean: 0.0110209919512
        dmean2: 0.0165707152337
        dvar: 0.000130179527332
        dvar2: 0.00031156805926
        max: 0.106739073992
        mean: 0.0361665673554
        min: 0.00739288283512
        var: 0.000476804794744
    spectral_kurtosis:
        dmean: 2.06859588623
        dmean2: 3.38772678375
        dvar: 5.47280788422
        dvar2: 14.0833177567
        max: 22.7132568359
        mean: 4.1997051239
        min: -0.963831424713
        var: 14.7756376266
    spectral_rms:
        dmean: 0.00025049931719
        dmean2: 0.000321659259498
        dvar: 7.19965953522e-08
        dvar2: 9.89498047943e-08
        max: 0.00387320201844
        mean: 0.00182437186595
        min: 0.00067617878085
        var: 4.54699772945e-07
    spectral_rolloff:
        dmean: 574.553894043
        dmean2: 929.911499023
        dvar: 571655.3125
        dvar2: 1298412.625
        max: 5275.63476562
        mean: 2131.08398438
        min: 258.3984375
        var: 1830559.625
    spectral_skewness:
        dmean: 0.290893882513
        dmean2: 0.445709973574
        dvar: 0.0798060446978
        dvar2: 0.172139391303
        max: 3.66842746735
        mean: 1.48965191841
        min: 0.39088127017
        var: 0.370383709669
    spectral_spread:
        dmean: 483273.84375
        dmean2: 654271
        dvar: 458965352448
        dvar2: 665980829696
        max: 11937015
        mean: 4207452
        min: 2042726.875
        var: 2.36379439104e+12
    spectral_strongpeak:
        dmean: 0.531620562077
        dmean2: 0.822719573975
        dvar: 0.922791898251
        dvar2: 2.53427767754
        max: 8.70518398285
        mean: 0.934122741222
        min: 0.0335148610175
        var: 1.62381064892
    zerocrossingrate:
        dmean: 0.00978159718215
        dmean2: 0.0107101686299
        dvar: 9.29250745685e-05
        dvar2: 0.000100942204881
        max: 0.15673828125
        mean: 0.0698799863458
        min: 0.01318359375
        var: 0.00101700343657
    barkbands:
        dmean: [2.11715711629e-08, 2.56549392361e-05, 5.47299423488e-05, 5.04137715325e-05, 0.000184357573744, 0.000208035649848, 0.000209260906558, 0.000182484145625, 0.000141148848343, 0.00014627238852, 5.71222626604e-05, 0.000167358259205, 5.22244372405e-05, 7.73659048718e-05, 0.000108924636152, 8.67792987265e-05, 3.13294622174e-05, 7.03107434674e-05, 0.000169443301274, 0.000153483561007, 8.93109463505e-05, 2.27153723245e-05, 3.74933756575e-06, 1.913089136e-06, 6.28535644864e-07, 3.83411302707e-09, 3.30082100541e-10]
        dmean2: [3.39754748779e-08, 3.66107124137e-05, 8.42724693939e-05, 7.56634035497e-05, 0.000278614927083, 0.000287324714009, 0.000336373748723, 0.000299479725072, 0.000225810479606, 0.000208360143006, 8.76564445207e-05, 0.000227513795835, 7.950545114e-05, 0.00010464405932, 0.000137406532303, 0.000139589305036, 4.87333345518e-05, 9.58041346166e-05, 0.000269478943665, 0.000221706941375, 0.000138066941872, 3.32914096361e-05, 5.2941040849e-06, 2.65555991064e-06, 8.6585595227e-07, 4.82662221302e-09, 4.71173988714e-10]
        dvar: [1.65475520131e-15, 2.53755971791e-09, 1.39302303026e-08, 8.22110379772e-09, 1.10523700414e-07, 1.17656490772e-07, 3.24412468444e-07, 3.368283501e-07, 1.59766230468e-07, 9.23462906144e-08, 5.66584645867e-08, 1.78792291194e-07, 1.82698620677e-08, 5.93645985703e-08, 9.11203272835e-08, 8.772731519e-08, 5.46772449539e-09, 3.00527389641e-08, 2.15239523982e-07, 1.08948334798e-07, 9.24743375208e-08, 2.76235234686e-09, 8.58952770022e-11, 2.61226942855e-11, 8.75801948325e-12, 1.30545697213e-16, 1.24673613182e-17]
        dvar2: [3.40829498481e-15, 4.87411311312e-09, 2.71130407015e-08, 1.61035416113e-08, 2.00157913355e-07, 2.14197541482e-07, 6.65983179715e-07, 8.75129614997e-07, 4.21109291437e-07, 2.07859812917e-07, 1.17958677492e-07, 3.38461262572e-07, 4.21875796519e-08, 8.43937968398e-08, 1.25571347098e-07, 2.11027241903e-07, 1.2848551556e-08, 4.41510294991e-08, 4.79994014313e-07, 2.21925091637e-07, 2.21600913619e-07, 6.46432818385e-09, 1.75607403619e-10, 5.29118242276e-11, 1.85471620701e-11, 2.20342862794e-16, 1.27123937223e-17]
        max: [4.31586528293e-07, 0.000755731482059, 0.00137019203976, 0.00115357339382, 0.00644194893539, 0.00393939763308, 0.00857085175812, 0.0052946312353, 0.0044800741598, 0.00356154865585, 0.0041474737227, 0.00494668725878, 0.00157134910114, 0.00397431198508, 0.00353099103086, 0.00355705153197, 0.00095562991919, 0.00289456429891, 0.005328359548, 0.00427429424599, 0.0037749435287, 0.000569672673009, 0.000116000126582, 7.06790669938e-05, 6.75372502883e-05, 1.63300256872e-07, 7.32055980279e-08]
        mean: [3.06928455984e-08, 4.74835287605e-05, 9.58390592132e-05, 0.000119285490655, 0.00039216762525, 0.000400469114538, 0.000378126453143, 0.000223842202104, 0.000202042952878, 0.000249090255238, 6.44538304186e-05, 0.000288795796223, 6.7763721745e-05, 0.000149083454744, 0.000170678074937, 0.000106566410977, 4.96438042319e-05, 0.00011275914585, 0.000272465258604, 0.000312632211717, 0.000128439831315, 3.60748163075e-05, 5.71361306356e-06, 3.21218794852e-06, 9.41631583373e-07, 5.31837418549e-09, 2.98234242857e-10]
        min: [1.44393516241e-11, 2.41472104534e-08, 2.82766137616e-07, 2.68192849262e-07, 1.86346460396e-06, 8.58003477333e-06, 2.18375316763e-06, 1.56396708917e-06, 1.00178306184e-06, 1.08435051516e-06, 4.57202759208e-07, 4.87400257043e-07, 6.83710538851e-07, 7.74017394178e-07, 2.85574174086e-07, 1.79162998393e-06, 1.81680684364e-06, 1.32330387714e-06, 9.07017010832e-07, 1.16545493256e-06, 8.85393774297e-07, 1.97950029701e-07, 4.31326760975e-08, 2.25768861384e-08, 7.26151250241e-10, 3.9139511944e-12, 2.92984630697e-14]
        var: [3.00041029247e-15, 9.36484934044e-09, 2.51306300214e-08, 4.13786303e-08, 4.16326997765e-07, 2.95448899124e-07, 9.29590385113e-07, 4.16689886151e-07, 2.04623759714e-07, 1.9761615988e-07, 7.314993411e-08, 4.86004864797e-07, 2.3223993395e-08, 2.60354880766e-07, 2.56606654148e-07, 1.1961712687e-07, 8.24340418148e-09, 8.09430886761e-08, 4.28787814144e-07, 4.51800303836e-07, 1.20856384456e-07, 5.4354445389e-09, 1.62225191613e-10, 6.50027739968e-11, 2.38793602947e-11, 2.62554061507e-16, 1.24698163902e-17]
    mfcc:
        mean: [-751.722473145, 128.211090088, -40.9963111877, 46.1377563477, -32.1127052307, -5.60900354385, -7.97123908997, -9.64822483063, -11.9612827301, -4.17184305191, -11.8135576248, -4.52153873444, -5.43981742859]
        cov: [[2183.32861328, -1104.38781738, -260.554260254, 137.236190796, -175.673339844, 44.701839447, 95.6394119263, -46.6844863892, 123.212753296, 306.624450684, 105.226531982, -114.556854248, -34.7927436829], [-1104.38781738, 1199.86621094, -72.2926559448, -9.60966205597, 56.8734436035, 86.5512390137, 111.971687317, 111.004882812, -21.2853069305, -84.7494049072, -29.3467750549, 87.6855621338, 56.888343811], [-260.554260254, -72.2926559448, 550.158203125, -2.4754421711, 161.09828186, -26.282075882, -125.578681946, 84.7136306763, -28.5011882782, -119.350975037, 5.34445428848, -20.6390075684, 30.9423236847], [137.236190796, -9.60966205597, -2.4754421711, 325.45324707, 114.326087952, 7.01958703995, -56.7681770325, -14.7020969391, 54.3539581299, 31.9461860657, 7.92337560654, 2.59830832481, -18.9846038818], [-175.673339844, 56.8734436035, 161.09828186, 114.326087952, 361.156402588, 15.9377737045, -89.5283660889, 19.538892746, 11.0850954056, -61.4070014954, -23.8515949249, 4.8611035347, 7.47274160385], [44.701839447, 86.5512390137, -26.282075882, 7.01958703995, 15.9377737045, 208.88659668, 91.7793121338, 39.2843208313, -10.813120842, 36.1649436951, 0.534807443619, -9.73753833771, 10.2330789566], [95.6394119263, 111.971687317, -125.578681946, -56.7681770325, -89.5283660889, 91.7793121338, 248.571578979, 59.3816452026, 20.4835796356, 37.1904792786, 4.02643585205, 19.6386356354, 18.5371932983], [-46.6844863892, 111.004882812, 84.7136306763, -14.7020969391, 19.538892746, 39.2843208313, 59.3816452026, 163.121780396, 23.3973140717, -24.3200893402, -9.64328575134, -8.26442909241, 28.4825515747], [123.212753296, -21.2853069305, -28.5011882782, 54.3539581299, 11.0850954056, -10.813120842, 20.4835796356, 23.3973140717, 125.256141663, 47.4771842957, -10.8938894272, -13.3545913696, 0.260291218758], [306.624450684, -84.7494049072, -119.350975037, 31.9461860657, -61.4070014954, 36.1649436951, 37.1904792786, -24.3200893402, 47.4771842957, 153.94883728, 32.8222122192, -13.7735319138, -8.42688083649], [105.226531982, -29.3467750549, 5.34445428848, 7.92337560654, -23.8515949249, 0.534807443619, 4.02643585205, -9.64328575134, -10.8938894272, 32.8222122192, 100.711921692, -5.13627147675, 9.401471138], [-114.556854248, 87.6855621338, -20.6390075684, 2.59830832481, 4.8611035347, -9.73753833771, 19.6386356354, -8.26442909241, -13.3545913696, -13.7735319138, -5.13627147675, 108.436904907, -4.07821035385], [-34.7927436829, 56.888343811, 30.9423236847, -18.9846038818, 7.47274160385, 10.2330789566, 18.5371932983, 28.4825515747, 0.260291218758, -8.42688083649, 9.401471138, -4.07821035385, 74.3202972412]]
        icov: [[0.00166914646979, 0.00158808194101, 0.000685579667334, -0.000658794713672, 7.88090110291e-05, -0.000188543490367, -0.000596521829721, -0.000919360609259, -0.000148606603034, -0.00148276227992, -0.000784724019468, 0.000383493723348, -0.000416041992139], [0.00158808194101, 0.00261806813069, 0.00109862477984, -0.000681521021761, -8.69967334438e-05, -0.000554311613087, -0.000618485966697, -0.00155476445798, -9.09894224606e-05, -0.000633692950942, -0.000769862148445, -0.000434103363659, -0.00105481385253], [0.000685579667334, 0.00109862477984, 0.0035341004841, 4.61646122858e-05, -0.000791543978266, -0.000426185230026, 0.00136936199851, -0.0023922175169, -5.35234394192e-05, 0.00132100551855, -0.00139883917291, 0.000134226502269, -0.000931773043703], [-0.000658794713672, -0.000681521021761, 4.61646122858e-05, 0.00440292106941, -0.00129844015464, -0.000447124766652, 0.00129218609072, 0.000447843398433, -0.00171440304257, 4.37520138803e-05, -0.000502740673255, -0.000613034295384, 0.00105784158222], [7.88090110291e-05, -8.69967334438e-05, -0.000791543978266, -0.00129844015464, 0.00420116446912, -0.00114424480125, 0.00116351945326, 0.000117895375297, -0.000849999254569, 0.00122114643455, 0.000533684156835, -0.000399862474296, -0.00044691603398], [-0.000188543490367, -0.000554311613087, -0.000426185230026, -0.000447124766652, -0.00114424480125, 0.00715294666588, -0.00283625815064, -0.000738335424103, 0.00276438472793, -0.00268119922839, 0.00105659919791, 0.00138518074527, 0.000148469523992], [-0.000596521829721, -0.000618485966697, 0.00136936199851, 0.00129218609072, 0.00116351945326, -0.00283625815064, 0.00772711448371, -0.00224355701357, -0.00154570676386, 0.000910737435333, -0.000452831649454, -0.00190306652803, -0.000778309826273], [-0.000919360609259, -0.00155476445798, -0.0023922175169, 0.000447843398433, 0.000117895375297, -0.000738335424103, -0.00224355701357, 0.010100485757, -0.00221740431152, 0.00187064229976, 0.000996678136289, 0.000890744326171, -0.00120877963491], [-0.000148606603034, -9.09894224606e-05, -5.35234394192e-05, -0.00171440304257, -0.000849999254569, 0.00276438472793, -0.00154570676386, -0.00221740431152, 0.0119502088055, -0.00458005582914, 0.0027836933732, 0.00135476992, -0.000314357690513], [-0.00148276227992, -0.000633692950942, 0.00132100551855, 4.37520138803e-05, 0.00122114643455, -0.00268119922839, 0.000910737435333, 0.00187064229976, -0.00458005582914, 0.0134148430079, -0.00318150618114, -0.000113997972221, 0.000487724144477], [-0.000784724019468, -0.000769862148445, -0.00139883917291, -0.000502740673255, 0.000533684156835, 0.00105659919791, -0.000452831649454, 0.000996678136289, 0.0027836933732, -0.00318150618114, 0.012382873334, 0.000228942546528, -0.00171662203502], [0.000383493723348, -0.000434103363659, 0.000134226502269, -0.000613034295384, -0.000399862474296, 0.00138518074527, -0.00190306652803, 0.000890744326171, 0.00135476992, -0.000113997972221, 0.000228942546528, 0.0107675045729, 0.000826334755402], [-0.000416041992139, -0.00105481385253, -0.000931773043703, 0.00105784158222, -0.00044691603398, 0.000148469523992, -0.000778309826273, -0.00120877963491, -0.000314357690513, 0.000487724144477, -0.00171662203502, 0.000826334755402, 0.0157268345356]]
    spectral_contrast:
        mean: [-4.74640188486e-07, -3.94863405973e-07, 6.24355180889e-08, 2.12159193325e-07, -2.22319073373e-07, 1.02080768727e-07, -5.33610915454e-08, -1.326932761e-06, 2.92493473353e-06, -4.97261112287e-07, -1.74595413682e-06, -3.89021033698e-06]
        var: [0.000559831503779, 0.00165934034158, 0.00249274983071, 0.00331849534996, 0.00494854198769, 0.0096746981144, 0.0486952774227, 0.12014220655, 0.158208161592, 0.232092872262, 0.536773979664, 1.11417114735]

rhythm:
    beats_loudness:
        dmean: 0.00281510758214
        dmean2: 0.00407225685194
        dvar: 8.83334087121e-06
        dvar2: 2.33706687141e-05
        max: 0.0118375672027
        mean: 0.00365729629993
        min: 0.00132665259298
        var: 8.08482400316e-06
    beats_loudness_bass:
        dmean: 0.0363704971969
        dmean2: 0.0559656210244
        dvar: 0.00175169471186
        dvar2: 0.00343105546199
        max: 0.180938497186
        mean: 0.0510707274079
        min: 0.00147438945714
        var: 0.00217819050886
    bpm: 87.5137939453
    bpm_confidence: 0
    first_peak_bpm: 88
    first_peak_spread: 0.384615361691
    first_peak_weight: 0.571428596973
    onset_rate: 3.79813981056
    second_peak_bpm: 125
    second_peak_spread: 0
    second_peak_weight: 0.0714285746217
    beats_position: [0.230921685696, 0.912662267685, 1.59440279007, 2.27614331245, 2.95788383484, 3.63962435722, 4.32136487961, 5.00310564041, 5.68484640121, 6.16476869583, 6.8602437973, 7.55571842194, 8.25119304657, 8.9466676712, 9.64214229584]
    bpm_estimates: [88.1935424805, 88.0010299683, 88.2796783447, 87.7414321899, 87.8367843628, 86.2287597656, 86.315284729]
    bpm_intervals: [0.681740581989, 0.681740522385, 0.681740522385, 0.681740522385, 0.681740522385, 0.681740522385, 0.681740760803, 0.681740760803, 0.479922294617, 0.695475101471, 0.695474624634, 0.695474624634, 0.695474624634, 0.695474624634]
    onset_times: [0.0580498874187, 0.429569154978, 0.766258478165, 1.1261677742, 1.45124721527, 1.68344676495, 2.02013611794, 2.34521532059, 2.50775504112, 2.84444451332, 3.50621318817, 3.84290242195, 4.19120168686, 4.53950119019, 4.6439909935, 4.88780021667, 5.1780500412, 5.27092981339, 5.44507932663, 5.60761928558, 5.94430828094, 6.22294807434, 6.64090681076, 6.81505680084, 6.9543762207, 7.07047605515, 7.1517457962, 7.2330160141, 7.36072540283, 7.55809545517, 7.7670750618, 7.90639448166, 8.15020370483, 8.34757328033, 8.74231338501, 9.31120204926, 9.4853515625, 9.79882049561]
    rubato_start: []
    rubato_stop: []
    perceptual_tempo: "unknown"

sfx:
    inharmonicity:
        dmean: 0.0365327484906
        dmean2: 0.0642904341221
        dvar: 0.00234355241992
        dvar2: 0.00655554933473
        max: 0.355368405581
        mean: 0.0353624820709
        min: 0
        var: 0.00247921119444
    oddtoevenharmonicenergyratio:
        dmean: 9.81988620758
        dmean2: 19.1810874939
        dvar: 3774.48632812
        dvar2: 11339.8369141
        max: 718.653137207
        mean: 5.60892152786
        min: 0
        var: 1913.76184082
    pitch_after_max_to_before_max_energy_ratio: 5.86415672302
    pitch_centroid: 195.241409302
    pitch_max_to_total: 0.139860138297
    pitch_min_to_total: 0.337995350361
    tristimulus:
        dmean: [0.216998532414, 0.222231194377, 0.0786861628294]
        dmean2: [0.391749709845, 0.397443175316, 0.136997133493]
        dvar: [0.0488080233335, 0.0479369387031, 0.0076360986568]
        dvar2: [0.132723629475, 0.131595179439, 0.0212624147534]
        max: [1, 0.946588873863, 0.535995781422]
        mean: [0.427170008421, 0.471193611622, 0.0893524736166]
        min: [0.00351188564673, 0, 0]
        var: [0.0699923709035, 0.0656188949943, 0.00985241867602]

tonal:
    chords_changes_rate: 0.037037037313
    chords_number_rate: 0.0185185186565
    chords_strength:
        dmean: 0.0100863100961
        dmean2: 0.0101721351966
        dvar: 8.0996316683e-05
        dvar2: 8.17616164568e-05
        max: 0.818361699581
        mean: 0.624732673168
        min: 0.426684498787
        var: 0.00721173873171
    key_strength: 0.766259789467
    tuning_diatonic_strength: 0.663301885128
    tuning_equal_tempered_deviation: 0.071274317801
    tuning_frequency: 441.272583008
    tuning_nontempered_energy_ratio: 0.699116408825
    hpcp:
        dmean: [0.207540825009, 0.160434827209, 0.0933423861861, 0.0702356398106, 0.080700814724, 0.114035740495, 0.115618467331, 0.100921057165, 0.10310138762, 0.114657983184, 0.141590505838, 0.185837984085, 0.226622670889, 0.211776450276, 0.156802460551, 0.135668411851, 0.126837924123, 0.0855796262622, 0.0610700137913, 0.0568106845021, 0.100070483983, 0.132329255342, 0.107582353055, 0.0492806173861, 0.0538727045059, 0.0909370034933, 0.111258305609, 0.121740698814, 0.131405770779, 0.0949034616351, 0.0965009182692, 0.100914932787, 0.115621894598, 0.136518716812, 0.14929009974, 0.191469594836]
        dmean2: [0.347866594791, 0.274981051683, 0.160211235285, 0.117000840604, 0.140587687492, 0.213376194239, 0.206992521882, 0.178155377507, 0.18585292995, 0.207215934992, 0.24441973865, 0.326920717955, 0.387693971395, 0.380198687315, 0.277696758509, 0.240737900138, 0.226760104299, 0.150294095278, 0.107511423528, 0.0963665544987, 0.154981985688, 0.216867119074, 0.16908608377, 0.0893109217286, 0.100537933409, 0.166016072035, 0.187144562602, 0.211293071508, 0.223682254553, 0.159015327692, 0.168957337737, 0.173613861203, 0.18387773633, 0.240198761225, 0.253658980131, 0.327131330967]
        dvar: [0.05314976722, 0.0440091900527, 0.0250233057886, 0.0180669669062, 0.0247614644468, 0.0460497625172, 0.0431006997824, 0.0328892581165, 0.0457296855748, 0.0452006496489, 0.0594239905477, 0.0552066788077, 0.0673724338412, 0.0672624334693, 0.0667532384396, 0.0588300228119, 0.0526231713593, 0.0305963214487, 0.0168785899878, 0.0126729477197, 0.0162864606827, 0.0376949235797, 0.0207327660173, 0.0116691468284, 0.0175748877227, 0.0327304601669, 0.0304515920579, 0.0280906874686, 0.0402779169381, 0.027565870434, 0.0327454805374, 0.0383228510618, 0.0370339304209, 0.0457842610776, 0.039910081774, 0.0537828058004]
        dvar2: [0.134227246046, 0.105262942612, 0.0647855550051, 0.0437017418444, 0.0645966380835, 0.142640337348, 0.123946510255, 0.0885857716203, 0.128228411078, 0.107994034886, 0.143218845129, 0.14954508841, 0.183182477951, 0.179549023509, 0.169194787741, 0.128342449665, 0.138830393553, 0.0834119617939, 0.0417392663658, 0.0269615296274, 0.037365783006, 0.0668213814497, 0.0431646853685, 0.0319442823529, 0.0500913821161, 0.0887278914452, 0.0820165872574, 0.0650672540069, 0.105673007667, 0.0689155831933, 0.0957363173366, 0.0959809571505, 0.0913228020072, 0.127290353179, 0.0966119915247, 0.130306199193]
        max: [1, 1, 1, 1, 1, 1, 1, 1, 1, 1, 1, 1, 1, 1, 1, 1, 1, 1, 0.87814694643, 1, 1, 1, 1, 1, 1, 1, 1, 1, 1, 1, 0.966279864311, 1, 1, 1, 1, 1]
        mean: [0.331574827433, 0.211392506957, 0.0875305458903, 0.0691277086735, 0.0863818526268, 0.119583003223, 0.13294570148, 0.099998883903, 0.0787288472056, 0.0907273218036, 0.131348147988, 0.248337045312, 0.349974662066, 0.257440567017, 0.145294770598, 0.14450904727, 0.125640392303, 0.0846141278744, 0.0565899610519, 0.0528501197696, 0.170742452145, 0.297044426203, 0.182630121708, 0.044256631285, 0.0404875986278, 0.0720741674304, 0.143161356449, 0.192257761955, 0.153321713209, 0.102610073984, 0.0851736664772, 0.0997636988759, 0.145510971546, 0.168361291289, 0.171378448606, 0.263467997313]
        min: [0.000382987578632, 0.000330381240929, 0.000113886868348, 0.000104991304397, 0.000110155720904, 0.000497340923175, 0.000491852988489, 0.000455683068139, 0.000345112144714, 0.000328022608301, 0.000176848305273, 0.00041869256529, 0.00314383627847, 0.00128328520805, 0.000524889852386, 0.000253513106145, 0.000152526758029, 0.000271835189778, 0.000372737238649, 0.000492267427035, 0.000151072075823, 0.00338894594461, 0.00272547616623, 0.000160153678735, 5.28446544195e-05, 0.00018747660215, 0.000584692170378, 0.000819982786197, 0.000589691626374, 0.000362262187991, 0.000122238547192, 7.08363513695e-05, 0.00128784554545, 0.0023097677622, 0.00171801517718, 0.000201666800422]
        var: [0.0943648964167, 0.055131983012, 0.0234944019467, 0.0217852331698, 0.0355529896915, 0.0430518426001, 0.0411453172565, 0.0283717531711, 0.0309100039303, 0.0376894921064, 0.0592530705035, 0.0703622251749, 0.108136303723, 0.0744062066078, 0.059698972851, 0.0673186257482, 0.0598925799131, 0.0301996152848, 0.0140261463821, 0.0113589987159, 0.0461533330381, 0.120543465018, 0.0465430803597, 0.00848725065589, 0.0106358062476, 0.0243481062353, 0.0562106780708, 0.0721997916698, 0.0451822578907, 0.0312981791794, 0.0282182823867, 0.0394264645875, 0.0510972179472, 0.0597449727356, 0.051328279078, 0.0773509591818]
    chords_histogram: [53.2407417297, 12.0370368958, 0, 0, 0, 0, 0, 0, 0, 0, 0, 0, 0, 0, 0, 0, 0, 0, 0, 0, 0, 0, 8.79629611969, 25.9259262085]
    thpcp: [1, 0.735597729683, 0.415157973766, 0.412912875414, 0.358998537064, 0.241772159934, 0.16169731319, 0.151011273265, 0.487870901823, 0.848759829998, 0.521838128567, 0.126456677914, 0.115687228739, 0.205941095948, 0.409062057734, 0.549347639084, 0.438093751669, 0.293192863464, 0.243370950222, 0.285059779882, 0.415775746107, 0.481067091227, 0.489688158035, 0.752820193768, 0.947425246239, 0.604022324085, 0.250105381012, 0.197522044182, 0.24682316184, 0.341690450907, 0.379872351885, 0.28573179245, 0.224955841899, 0.259239673615, 0.375307589769, 0.709585785866]
    chords_key: "A"
    chords_scale: "major"
    key_key: "A"
    key_scale: "major"
    chords_progression: ["A", "A", "A", "A", "A", "A", "A", "A", "A", "A", "A", "A", "A", "A", "A", "A", "A", "A", "A", "A", "A", "A", "A", "A", "A", "A", "A", "A", "A", "A", "A", "A", "A", "A", "A", "A", "A", "F#m", "A", "A", "D", "D", "D", "D", "D", "D", "D", "D", "D", "D", "D", "D", "D", "D", "D", "D", "D", "D", "D", "A", "A", "A", "A", "A", "A", "A", "A", "A", "A", "A", "A", "A", "A", "A", "A", "A", "A", "A", "A", "A", "A", "A", "A", "A", "A", "A", "A", "A", "A", "A", "A", "A", "A", "A", "A", "A", "A", "A", "A", "A", "A", "A", "A", "A", "A", "A", "A", "A", "A", "A", "A", "A", "A", "A", "A", "A", "A", "A", "A", "A", "A", "A", "A", "A", "A", "A", "C#m", "C#m", "C#m", "C#m", "C#m", "C#m", "C#m", "C#m", "C#m", "C#m", "C#m", "C#m", "C#m", "C#m", "C#m", "C#m", "C#m", "C#m", "C#m", "C#m", "C#m", "C#m", "C#m", "C#m", "C#m", "C#m", "F#m", "F#m", "F#m", "F#m", "F#m", "A", "A", "A", "A", "A", "A", "A", "A", "A", "F#m", "F#m", "F#m", "F#m", "F#m", "F#m", "F#m", "F#m", "F#m", "F#m", "F#m", "F#m", "F#m", "F#m", "F#m", "F#m", "F#m", "F#m", "F#m", "F#m", "F#m", "F#m", "F#m", "F#m", "F#m", "F#m", "F#m", "F#m", "F#m", "F#m", "F#m", "F#m", "F#m", "F#m", "F#m", "F#m", "F#m", "F#m", "F#m", "F#m", "F#m", "F#m", "F#m", "F#m", "F#m", "F#m", "F#m", "F#m", "F#m", "F#m"]
