
metadata:
    version:
        essentia: "1.2.2"
    audio_properties:
        analysis_sample_rate: 44100
        bitrate: 128
        channels: 2
        equal_loudness: 1
        length: 10.0310201645
        replay_gain: -9.74039840698
        downmix: "mix"
    tags:
        track: 12
        year: 0
        album: "Splitted by Mp3Splt v. 2.1"
        artist: "From 001.50 To 002.00"
        comment: "http://mp3splt.sf.net"
        genre: ""
        title: "02 I Started Something I Could"

highlevel:
    ballroom:
        all:
            ChaChaCha: 0.0752455815673
            Jive: 0.772282063961
            Quickstep: 0.0278131626546
            Rumba-American: 0.000281374581391
            Rumba-International: 0.000634160882328
            Rumba-Misc: 0.000270623131655
            Samba: 0.115844644606
            Tango: 0.00052158778999
            VienneseWaltz: 0.00611377693713
            Waltz: 0.000993046909571
        probability: 0.772282063961
        value: "Jive"
    culture:
        all:
            non_western: 0.0527566485107
            western: 0.947243332863
        probability: 0.947243332863
        value: "western"
    gender:
        all:
            female: 0.490924090147
            male: 0.509075939655
        probability: 0.509075939655
        value: "male"
    genre_dortmund:
        all:
            alternative: 0.107979044318
            blues: 0.0333470590413
            electronic: 0.17603006959
            folkcountry: 0.115722075105
            funksoulrnb: 0.0146262357011
            jazz: 0.0891721025109
            pop: 0.109625130892
            raphiphop: 0.0030669644475
            rock: 0.350431323051
        probability: 0.350431323051
        value: "rock"
    genre_electronica:
        all:
            ambient: 0.102107986808
            dnb: 0.165302813053
            house: 0.0201665721834
            techno: 0.0101149259135
            trance: 0.702307701111
        probability: 0.702307701111
        value: "trance"
    genre_rosamerica:
        all:
            cla: 0.0138575499877
            dan: 0.00529554206878
            hip: 0.00439953478053
            jaz: 0.0108623160049
            pop: 0.0260311998427
            rhy: 0.0098260557279
            roc: 0.927620470524
            spe: 0.00210734340362
        probability: 0.927620470524
        value: "roc"
    genre_tzanetakis:
        all:
            blu: 0.00225988752209
            cla: 0.00262663350441
            cou: 0.0308958459646
            dis: 0.0503845885396
            hip: 0.00340007198974
            jaz: 0.0195882320404
            met: 0.0694315806031
            pop: 0.03851165995
            reg: 0.00377214374021
            roc: 0.779129385948
        probability: 0.779129385948
        value: "roc"
    live_studio:
        all:
            live: 0.165036424994
            studio: 0.834963560104
        probability: 0.834963560104
        value: "studio"
    mood:
        all:
            Cluster1: 0.32813179493
            Cluster2: 0.238781705499
            Cluster3: 0.0222426336259
            Cluster4: 0.0788871124387
            Cluster5: 0.331956744194
        probability: 0.331956744194
        value: "Cluster5"
    mood_acoustic:
        all:
            acoustic: 0.033491615206
            not_acoustic: 0.966508388519
        probability: 0.966508388519
        value: "not_acoustic"
    mood_aggressive:
        all:
            aggressive: 0.841323494911
            not_aggressive: 0.15867651999
        probability: 0.841323494911
        value: "aggressive"
    mood_electronic:
        all:
            electronic: 0.63680267334
            not_electronic: 0.36319732666
        probability: 0.63680267334
        value: "electronic"
    mood_happy:
        all:
            happy: 0.885869860649
            not_happy: 0.11413012445
        probability: 0.885869860649
        value: "happy"
    mood_party:
        all:
            not_party: 0.263131707907
            party: 0.736868262291
        probability: 0.736868262291
        value: "party"
    mood_relaxed:
        all:
            not_relaxed: 0.715714871883
            relaxed: 0.284285157919
        probability: 0.715714871883
        value: "not_relaxed"
    mood_sad:
        all:
            not_sad: 0.939212620258
            sad: 0.0607873797417
        probability: 0.939212620258
        value: "not_sad"
    rhythm:
        all:
            fast: 0.90919315815
            medium: 0.0841222256422
            slow: 0.00668463716283
        probability: 0.90919315815
        value: "fast"
    speech_music:
        all:
            music: 0.997409820557
            speech: 0.00259017013013
        probability: 0.997409820557
        value: "music"
    timbre:
        all:
            bright: 0.31181538105
            dark: 0.68818461895
        probability: 0.68818461895
        value: "dark"
    voice_instrumental:
        all:
            instrumental: 0.0880514010787
            voice: 0.911948621273
        probability: 0.911948621273
        value: "voice"

lowlevel:
    average_loudness: 0.967452347279
    barkbands_kurtosis:
        dmean: 0.575061619282
        dmean2: 0.964901864529
        dvar: 0.746379315853
        dvar2: 1.66429710388
        max: 9.47344207764
        mean: -0.903513848782
        min: -1.84148573875
        var: 1.5962485075
    barkbands_skewness:
        dmean: 0.390103965998
        dmean2: 0.619041979313
        dvar: 0.116908326745
        dvar2: 0.248212233186
        max: 1.73115444183
        mean: -0.415191501379
        min: -3.12680578232
        var: 0.431123167276
    barkbands_spread:
        dmean: 5.10085344315
        dmean2: 8.49997425079
        dvar: 24.6897201538
        dvar2: 59.8579368591
        max: 53.4497070312
        mean: 34.8273010254
        min: 10.2295103073
        var: 71.9329299927
    dissonance:
        dmean: 0.010816693306
        dmean2: 0.0180548448116
        dvar: 0.000102923098893
        dvar2: 0.000257307197899
        max: 0.499999403954
        mean: 0.47751352191
        min: 0.412988126278
        var: 0.00025493776775
    hfc:
        dmean: 2.40683865547
        dmean2: 3.50181293488
        dvar: 12.0915031433
        dvar2: 24.2957744598
        max: 37.6908226013
        mean: 9.23747730255
        min: 8.45490649226e-06
        var: 44.2106170654
    pitch:
        dmean: 1107.82507324
        dmean2: 2133.14624023
        dvar: 2278638.75
        dvar2: 5835980
        max: 4410
        mean: 1692.05212402
        min: 92.4528274536
        var: 2860790.25
    pitch_instantaneous_confidence:
        dmean: 0.0761509537697
        dmean2: 0.120755784214
        dvar: 0.00457013910636
        dvar2: 0.0103679699823
        max: 0.798561573029
        mean: 0.415338754654
        min: 0.154918730259
        var: 0.0187927111983
    pitch_salience:
        dmean: 0.0514015704393
        dmean2: 0.0825792551041
        dvar: 0.00205862987787
        dvar2: 0.00448732404038
        max: 0.965200901031
        mean: 0.659711420536
        min: 0.281955093145
        var: 0.00705664558336
    silence_rate_20dB:
        dmean: 0
        dmean2: 0
        dvar: 0
        dvar2: 0
        max: 1
        mean: 1
        min: 1
        var: 0
    silence_rate_30dB:
        dmean: 0
        dmean2: 0
        dvar: 0
        dvar2: 0
        max: 1
        mean: 1
        min: 1
        var: 0
    silence_rate_60dB:
        dmean: 0.0925925895572
        dmean2: 0.185614854097
        dvar: 0.0840191692114
        dvar2: 0.169723913074
        max: 1
        mean: 0.420323312283
        min: 0
        var: 0.243651762605
    spectral_centroid:
        dmean: 307.043548584
        dmean2: 488.347045898
        dvar: 70739.9140625
        dvar2: 153151.375
        max: 3884.41162109
        mean: 2161.20410156
        min: 816.121765137
        var: 270731.4375
    spectral_complexity:
        dmean: 3.74013924599
        dmean2: 5.71860456467
        dvar: 16.563583374
        dvar2: 33.6580162048
        max: 41
        mean: 15.0625
        min: 0
        var: 71.674331665
    spectral_crest:
        dmean: 1.6484568119
        dmean2: 2.70457339287
        dvar: 2.88800215721
        dvar2: 6.62479877472
        max: 20.8500289917
        mean: 6.4203710556
        min: 3.02534914017
        var: 6.49984836578
    spectral_decrease:
        dmean: 2.43649378451e-10
        dmean2: 3.8272360281e-10
        dvar: 1.28806225617e-19
        dvar2: 3.11808394389e-19
        max: -7.69095063497e-16
        mean: -8.86595630245e-10
        min: -3.62435792489e-09
        var: 3.31557202267e-19
    spectral_energy:
        dmean: 0.00111494632438
        dmean2: 0.00169950793497
        dvar: 2.5753920454e-06
        dvar2: 6.10885990682e-06
        max: 0.0163347125053
        mean: 0.00418408121914
        min: 3.66962393805e-09
        var: 7.40619088901e-06
    spectral_energyband_high:
        dmean: 0.000233713188209
        dmean2: 0.000340640137438
        dvar: 9.73211911059e-08
        dvar2: 1.81765074103e-07
        max: 0.00310380128212
        mean: 0.000589100120123
        min: 2.47979192736e-10
        var: 2.99909487467e-07
    spectral_energyband_low:
        dmean: 7.88225297583e-05
        dmean2: 0.000133477413328
        dvar: 2.96315061377e-08
        dvar2: 7.6689964601e-08
        max: 0.00126311276108
        mean: 7.94872976257e-05
        min: 2.01913537973e-11
        var: 2.3241247149e-08
    spectral_energyband_middle_high:
        dmean: 0.000617448822595
        dmean2: 0.000883384724148
        dvar: 7.94263030457e-07
        dvar2: 1.68998076333e-06
        max: 0.011122665368
        mean: 0.00224085943773
        min: 2.26733920528e-09
        var: 3.23906556332e-06
    spectral_energyband_middle_low:
        dmean: 0.000584589899518
        dmean2: 0.00097842013929
        dvar: 7.76075580688e-07
        dvar2: 2.07980679079e-06
        max: 0.00799018982798
        mean: 0.00127463741228
        min: 1.13247611289e-09
        var: 1.07717391984e-06
    spectral_flatness_db:
        dmean: 0.0145412255079
        dmean2: 0.0217772573233
        dvar: 0.000140137111885
        dvar2: 0.000313702999847
        max: 0.246587872505
        mean: 0.151441261172
        min: 0.086775533855
        var: 0.000641293532681
    spectral_flux:
        dmean: 0.0077462461777
        dmean2: 0.0117515753955
        dvar: 9.04200205696e-05
        dvar2: 0.000173385982634
        max: 0.102364644408
        mean: 0.037047713995
        min: 6.05774221185e-05
        var: 0.000271469034487
    spectral_kurtosis:
        dmean: 1.0230525732
        dmean2: 1.68050932884
        dvar: 1.07047271729
        dvar2: 2.77783226967
        max: 10.0398349762
        mean: 2.93171072006
        min: 0.154131174088
        var: 2.55458831787
    spectral_rms:
        dmean: 0.000249798205914
        dmean2: 0.000366206921171
        dvar: 9.91963631236e-08
        dvar2: 2.08197292295e-07
        max: 0.0039920299314
        mean: 0.00191259547137
        min: 1.89212073565e-06
        var: 4.24009499511e-07
    spectral_rolloff:
        dmean: 279.731658936
        dmean2: 444.384796143
        dvar: 85889.125
        dvar2: 188423.3125
        max: 5060.30273438
        mean: 3836.29882812
        min: 2088.72070312
        var: 274840.6875
    spectral_skewness:
        dmean: 0.175452321768
        dmean2: 0.274176985025
        dvar: 0.0327156297863
        dvar2: 0.0667941048741
        max: 2.56690955162
        mean: 1.11252987385
        min: 0.541537642479
        var: 0.0868384987116
    spectral_spread:
        dmean: 474263.0625
        dmean2: 645288.0625
        dvar: 514474999808
        dvar2: 696171692032
        max: 14943539
        mean: 4447011.5
        min: 2247557.75
        var: 1.0065650647e+12
    spectral_strongpeak:
        dmean: 0.633045375347
        dmean2: 1.09770476818
        dvar: 0.846670985222
        dvar2: 2.13252949715
        max: 6.81027126312
        mean: 0.831242978573
        min: 0.000132566216053
        var: 1.26307153702
    zerocrossingrate:
        dmean: 0.008884225972
        dmean2: 0.0104707935825
        dvar: 6.68698339723e-05
        dvar2: 7.97505272203e-05
        max: 0.1806640625
        mean: 0.118924744427
        min: 0.05322265625
        var: 0.000429139530752
    barkbands:
        dmean: [1.28761161733e-08, 1.76508601726e-05, 6.69524742989e-05, 0.000132208369905, 0.000338294106768, 8.77126803971e-05, 6.73661852488e-05, 0.000138447561767, 4.83802541567e-05, 5.73681390961e-05, 2.76893333648e-05, 8.45944741741e-05, 3.58269135177e-05, 4.31791995652e-05, 5.51397388335e-05, 6.73332251608e-05, 0.000111250497866, 0.000247306161327, 0.000232039936236, 0.000212570113945, 0.000131275883177, 3.28473361151e-05, 7.57003135732e-06, 2.2034482754e-06, 6.41360259124e-07, 4.21513703941e-08, 8.39312952472e-10]
        dmean2: [2.01588825632e-08, 3.15153993142e-05, 0.000113974652777, 0.000232705919188, 0.000554223137442, 0.000146617530845, 0.000108489955892, 0.00021892847144, 7.66854573158e-05, 8.873698971e-05, 4.63492397103e-05, 0.000132131579448, 5.93732038396e-05, 6.93368710927e-05, 9.14079646464e-05, 0.000110772460175, 0.00018050550716, 0.000388821266824, 0.000359686644515, 0.000336737837642, 0.00019817444263, 5.16879554198e-05, 1.07970654426e-05, 3.42569092027e-06, 9.02378133105e-07, 6.53157457009e-08, 9.88803705582e-10]
        dvar: [6.07341681423e-16, 3.2176266096e-09, 2.39095907517e-08, 1.3059172943e-07, 2.1097913816e-07, 2.73081859348e-08, 2.20318217004e-08, 7.17085768542e-08, 9.53335810294e-09, 1.33647040101e-08, 1.58779622783e-09, 4.78147548222e-08, 3.88545595698e-09, 7.29221527607e-09, 1.26233024034e-08, 6.54852971849e-09, 4.43114593907e-08, 1.4139956761e-07, 1.22230773059e-07, 1.12312100953e-07, 2.67805670973e-08, 2.11885931023e-09, 1.84604956321e-10, 1.77295574055e-11, 2.11548205169e-12, 4.15451618826e-15, 1.86089565092e-16]
        dvar2: [1.42083508858e-15, 8.78868622323e-09, 6.32651122601e-08, 3.60999706572e-07, 5.51040670871e-07, 7.25762632214e-08, 5.33569561867e-08, 1.59595316518e-07, 2.19359801434e-08, 2.99063742659e-08, 4.59351623405e-09, 1.10271088261e-07, 9.04574193328e-09, 1.66301479254e-08, 3.21790345481e-08, 1.68786495891e-08, 8.67246185976e-08, 3.06467711653e-07, 2.76513247854e-07, 2.40371605287e-07, 5.55857297968e-08, 4.24232338148e-09, 4.13039213942e-10, 3.48499805403e-11, 4.51397990167e-12, 1.11581903249e-14, 1.86470081408e-16]
        max: [1.68063550632e-07, 0.000417303090217, 0.00125384062994, 0.00381795829162, 0.00410812627524, 0.00124245975167, 0.00159194448497, 0.00277733406983, 0.00124522298574, 0.00151232175995, 0.000441701413365, 0.00339842028916, 0.000929069821723, 0.00133912730962, 0.00148754287511, 0.0012273574248, 0.00388329825364, 0.00466683041304, 0.00462387455627, 0.00492837745696, 0.00153039256111, 0.00047612641356, 0.000180532064405, 4.63242395199e-05, 1.85424796655e-05, 5.73777754198e-07, 2.83850425831e-07]
        mean: [1.56316026789e-08, 1.40338252095e-05, 6.54382820358e-05, 0.000122339028167, 0.000572165590711, 0.000126253100461, 0.000128703468363, 0.000222923888941, 9.43117411225e-05, 0.00010587136785, 4.61970594188e-05, 0.000133697991259, 6.74228285789e-05, 7.5104770076e-05, 0.000102035563032, 0.000153649249114, 0.00021702759841, 0.000537156243809, 0.000545448856428, 0.000454625900602, 0.000307759211864, 6.96622228133e-05, 1.60425224749e-05, 4.83643725602e-06, 1.304499051e-06, 5.65344215886e-08, 8.22012180546e-10]
        min: [1.67506807036e-12, 7.93229891494e-12, 1.13124518433e-11, 1.65895266274e-11, 6.64645352644e-11, 1.24225199571e-10, 2.03785183173e-10, 3.01166508399e-10, 3.9485331671e-10, 7.95805019105e-11, 3.03832653481e-11, 1.57527931671e-11, 2.08805125967e-11, 7.15221215586e-11, 1.20044640894e-10, 3.82782486263e-11, 2.9119562317e-10, 5.85871851033e-10, 1.0027602082e-09, 1.29135563354e-10, 8.65157182006e-11, 4.13550339806e-11, 1.13697046569e-11, 6.51964550055e-12, 4.86920573306e-12, 2.43031441326e-12, 4.40010847853e-14]
        var: [7.62709599745e-16, 2.13521622605e-09, 1.80794597071e-08, 8.84139481627e-08, 3.73219450012e-07, 2.54449830095e-08, 4.46751577954e-08, 1.52555799104e-07, 2.80666814234e-08, 2.9223000908e-08, 1.93915905555e-09, 6.43812043677e-08, 1.16379679227e-08, 1.87828739229e-08, 1.80968502406e-08, 1.88434068349e-08, 1.54691008447e-07, 4.04269286491e-07, 2.54810146316e-07, 2.56090402218e-07, 7.51648627784e-08, 5.91701398989e-09, 4.30374319516e-10, 3.89407985024e-11, 4.00081487037e-12, 3.9861349322e-15, 1.85902436985e-16]
    mfcc:
        mean: [-705.419006348, 85.7093887329, -56.5897254944, 56.3351287842, -25.3247089386, -10.0527839661, -7.82256746292, -4.93063116074, -11.5816421509, -11.3830118179, -13.020565033, -8.95692825317, -7.44728088379]
        cov: [[3017.05834961, -570.028015137, 94.2560348511, -108.123931885, -213.252120972, 144.024246216, -55.8894577026, -68.8682861328, -66.2977600098, -58.3263893127, 15.8122262955, 111.013832092, -83.4366149902], [-570.028015137, 568.008239746, -179.933532715, 90.0798950195, 33.2259635925, -121.936531067, 15.8867712021, 18.2047615051, -13.5096979141, 9.55777454376, 10.8682432175, -1.2039103508, 14.5851669312], [94.2560348511, -179.933532715, 280.625213623, 14.2754631042, 39.6429214478, 58.7793273926, 4.51341915131, -21.8358097076, 24.1484699249, 6.83966970444, 1.89726102352, -8.69477558136, 26.1234226227], [-108.123931885, 90.0798950195, 14.2754631042, 191.832046509, 54.2170600891, 1.50750744343, -16.9571666718, -15.8739995956, 21.8322696686, 26.5969543457, -15.1351995468, -7.48082351685, 12.7551622391], [-213.252120972, 33.2259635925, 39.6429214478, 54.2170600891, 151.536758423, 42.5855026245, 35.105266571, 4.94050788879, 27.3217964172, 9.04884815216, -8.33830451965, -28.1016750336, 12.3476543427], [144.024246216, -121.936531067, 58.7793273926, 1.50750744343, 42.5855026245, 123.112571716, 29.5039997101, 3.08507704735, 18.9570407867, -8.49399280548, -16.6626014709, 0.631573855877, -4.41348600388], [-55.8894577026, 15.8867712021, 4.51341915131, -16.9571666718, 35.105266571, 29.5039997101, 79.3544082642, 31.8255195618, 14.4993200302, -2.18063735962, 5.0479593277, -9.98296260834, 8.75331306458], [-68.8682861328, 18.2047615051, -21.8358097076, -15.8739995956, 4.94050788879, 3.08507704735, 31.8255195618, 67.6763000488, 13.8333158493, -3.94163203239, -1.85402941704, -8.69054317474, -1.38326013088], [-66.2977600098, -13.5096979141, 24.1484699249, 21.8322696686, 27.3217964172, 18.9570407867, 14.4993200302, 13.8333158493, 67.8908462524, 20.7354488373, -6.96792078018, -4.37976789474, 6.60384321213], [-58.3263893127, 9.55777454376, 6.83966970444, 26.5969543457, 9.04884815216, -8.49399280548, -2.18063735962, -3.94163203239, 20.7354488373, 50.2933692932, 23.3258705139, 2.02133870125, 10.4768724442], [15.8122262955, 10.8682432175, 1.89726102352, -15.1351995468, -8.33830451965, -16.6626014709, 5.0479593277, -1.85402941704, -6.96792078018, 23.3258705139, 64.4999084473, 18.6832122803, 1.35227394104], [111.013832092, -1.2039103508, -8.69477558136, -7.48082351685, -28.1016750336, 0.631573855877, -9.98296260834, -8.69054317474, -4.37976789474, 2.02133870125, 18.6832122803, 48.7220993042, 8.87615299225], [-83.4366149902, 14.5851669312, 26.1234226227, 12.7551622391, 12.3476543427, -4.41348600388, 8.75331306458, -1.38326013088, 6.60384321213, 10.4768724442, 1.35227394104, 8.87615299225, 56.4413795471]]
        icov: [[0.000534571707249, 0.000459614006104, 1.22611290863e-05, -0.000232378282817, 0.000548823154531, -0.00030983085162, -0.000267027382506, 0.000304756627884, 0.000316777528496, 0.000298393308185, -3.68028413504e-05, -0.00101563951466, 0.000691060500685], [0.000459614006104, 0.00392753537744, 0.0017983445432, -0.00197185133584, -0.000966949039139, 0.00334808859043, -0.00219831126742, 0.000171411491465, 0.000623826694209, 0.00110997341108, -0.000158117938554, -0.00190427410416, 0.000120494893054], [1.22611290863e-05, 0.0017983445432, 0.00562218204141, -0.000844183203299, -0.000723066797946, -0.000809883931652, 0.000166469922988, 0.00171406101435, -0.0015563351335, 0.00175928231329, -0.00226982077584, 0.00205677584745, -0.00316048786044], [-0.000232378282817, -0.00197185133584, -0.000844183203299, 0.00807925127447, -0.00238409033045, -0.00111561699305, 0.00303613091819, 0.000631016271655, -0.000604751927312, -0.00477008661255, 0.00317887752317, -5.77763457841e-05, -0.00040101914783], [0.000548823154531, -0.000966949039139, -0.000723066797946, -0.00238409033045, 0.0118645951152, -0.00473632663488, -0.00266442168504, 0.00174628884997, -0.00194094621111, 0.00115696387365, -0.00221520895138, 0.00578631926328, -0.00141988717951], [-0.00030983085162, 0.00334808859043, -0.000809883931652, -0.00111561699305, -0.00473632663488, 0.0164093803614, -0.00664378143847, 0.000585137982853, -0.000831246725284, 0.000698556774296, 0.00485630426556, -0.00633488874882, 0.00351525540464], [-0.000267027382506, -0.00219831126742, 0.000166469922988, 0.00303613091819, -0.00266442168504, -0.00664378143847, 0.0224595032632, -0.00784154701978, -0.00256109773181, 0.00273122009821, -0.00567083852366, 0.00557166617364, -0.0051495032385], [0.000304756627884, 0.000171411491465, 0.00171406101435, 0.000631016271655, 0.00174628884997, 0.000585137982853, -0.00784154701978, 0.0207155626267, -0.00474148243666, 0.00289443181828, -0.000692498870194, 0.0024268575944, 0.000510248006321], [0.000316777528496, 0.000623826694209, -0.0015563351335, -0.000604751927312, -0.00194094621111, -0.000831246725284, -0.00256109773181, -0.00474148243666, 0.0225532576442, -0.0124911684543, 0.00745704956353, -0.00422915490344, 0.00197097286582], [0.000298393308185, 0.00110997341108, 0.00175928231329, -0.00477008661255, 0.00115696387365, 0.000698556774296, 0.00273122009821, 0.00289443181828, -0.0124911684543, 0.036816328764, -0.0174489058554, 0.00579693540931, -0.00599919259548], [-3.68028413504e-05, -0.000158117938554, -0.00226982077584, 0.00317887752317, -0.00221520895138, 0.00485630426556, -0.00567083852366, -0.000692498870194, 0.00745704956353, -0.0174489058554, 0.0285217892379, -0.0130593944341, 0.00578233785927], [-0.00101563951466, -0.00190427410416, 0.00205677584745, -5.77763457841e-05, 0.00578631926328, -0.00633488874882, 0.00557166617364, 0.0024268575944, -0.00422915490344, 0.00579693540931, -0.0130593944341, 0.0343874506652, -0.0101902876049], [0.000691060500685, 0.000120494893054, -0.00316048786044, -0.00040101914783, -0.00141988717951, 0.00351525540464, -0.0051495032385, 0.000510248006321, 0.00197097286582, -0.00599919259548, 0.00578233785927, -0.0101902876049, 0.0240050125867]]
    spectral_contrast:
        mean: [-1.95163821104e-07, -5.33501236077e-07, 2.44985272957e-07, -6.00271903295e-08, 1.38508369218e-07, 3.30998943809e-07, -4.52126050732e-06, -7.56371889565e-07, 3.14527460432e-06, 1.15539194212e-06, 1.88044373317e-06, 1.07257314141e-07]
        var: [0.000435326102888, 0.000667514570523, 0.00103275687434, 0.00221005803905, 0.00321702379733, 0.00502544408664, 0.0391334928572, 0.0557610243559, 0.127968177199, 0.238634899259, 0.35334777832, 1.52091729641]

rhythm:
    beats_loudness:
        dmean: 0.00290453946218
        dmean2: 0.00578424660489
        dvar: 3.20437879964e-06
        dvar2: 1.06972811409e-05
        max: 0.00884522125125
        mean: 0.00574039062485
        min: 0.00124713452533
        var: 4.54314067611e-06
    beats_loudness_bass:
        dmean: 0.0752150118351
        dmean2: 0.128436535597
        dvar: 0.003551869886
        dvar2: 0.01196205616
        max: 0.251988679171
        mean: 0.0908258408308
        min: 0.00631876895204
        var: 0.00426218099892
    bpm: 136.166656494
    bpm_confidence: 0
    first_peak_bpm: 137
    first_peak_spread: 0
    first_peak_weight: 0.95454543829
    onset_rate: 3.38948559761
    second_peak_bpm: 124
    second_peak_spread: 0
    second_peak_weight: 0.0454545468092
    beats_position: [0.0711189284921, 0.509937822819, 0.948756694794, 1.38757562637, 1.82639455795, 2.26521348953, 2.70403242111, 3.14285111427, 3.58166980743, 4.02048873901, 4.45930719376, 4.89812612534, 5.33694458008, 5.77576351166, 6.25904560089, 6.70134830475, 7.14365196228, 7.58595514297, 8.02825832367, 8.47056293488, 8.91286563873, 9.35516834259, 9.79747200012]
    bpm_estimates: [136.82875061, 137.38293457, 137.182373047, 136.471969604, 137.66519165, 136.779632568, 134.841751099, 133.541366577, 134.764511108, 136.205581665, 137.235198975, 136.67956543, 134.575805664, 134.530593872, 137.814559937]
    bpm_intervals: [0.438818901777, 0.438818871975, 0.43881893158, 0.43881893158, 0.43881893158, 0.43881893158, 0.438818693161, 0.438818693161, 0.43881893158, 0.438818454742, 0.43881893158, 0.438818454742, 0.43881893158, 0.483282089233, 0.442302703857, 0.442303657532, 0.442303180695, 0.442303180695, 0.442304611206, 0.442302703857, 0.442302703857, 0.442303657532]
    onset_times: [0.0464399084449, 0.18575963378, 0.325079351664, 0.917188227177, 1.2190476656, 1.369977355, 1.67183673382, 1.79954648018, 2.26394557953, 2.68190479279, 3.13469386101, 3.30884361267, 3.56426310539, 3.85451245308, 4.42340135574, 4.92263031006, 5.05034017563, 5.36380958557, 5.58439922333, 5.80498886108, 5.99074840546, 6.53641700745, 6.6989569664, 6.97759628296, 7.08208608627, 7.39555549622, 7.55809545517, 7.9644446373, 8.46367359161, 8.64943313599, 8.8119726181, 9.35764217377, 9.6014509201, 9.81043052673]
    rubato_start: []
    rubato_stop: []
    perceptual_tempo: "unknown"

sfx:
    inharmonicity:
        dmean: 0.0604840554297
        dmean2: 0.107017315924
        dvar: 0.00337849324569
        dvar2: 0.00911193806678
        max: 0.353446990252
        mean: 0.0745814740658
        min: 0.00167273974512
        var: 0.00403556739911
    oddtoevenharmonicenergyratio:
        dmean: 2.78117108345
        dmean2: 5.2291226387
        dvar: 128.514862061
        dvar2: 378.515686035
        max: 147.729370117
        mean: 1.90702354908
        min: 0.00314262416214
        var: 69.7356338501
    pitch_after_max_to_before_max_energy_ratio: 50.9108505249
    pitch_centroid: 182.224212646
    pitch_max_to_total: 0.0347222238779
    pitch_min_to_total: 0.159722223878
    tristimulus:
        dmean: [0.166893482208, 0.234360933304, 0.176758468151]
        dmean2: [0.287272751331, 0.401441961527, 0.308466613293]
        dvar: [0.0216436367482, 0.0423052236438, 0.021686706692]
        dvar2: [0.0592942908406, 0.126854136586, 0.0569842346013]
        max: [0.822288513184, 0.995403707027, 0.768444597721]
        mean: [0.247566252947, 0.461478829384, 0.231648176908]
        min: [0.00459635257721, 0, 0]
        var: [0.0302562229335, 0.0516277514398, 0.0324159115553]

tonal:
    chords_changes_rate: 0.0462962947786
    chords_number_rate: 0.0277777779847
    chords_strength:
        dmean: 0.00646540941671
        dmean2: 0.00657856464386
        dvar: 2.6189336495e-05
        dvar2: 2.98299419228e-05
        max: 0.591066837311
        mean: 0.498048454523
        min: 0.381974905729
        var: 0.00150297069922
    key_strength: 0.638720035553
    tuning_diatonic_strength: 0.541895985603
    tuning_equal_tempered_deviation: 0.0844534561038
    tuning_frequency: 441.017791748
    tuning_nontempered_energy_ratio: 0.674992799759
    hpcp:
        dmean: [0.120541594923, 0.0983678251505, 0.10986123234, 0.113205201924, 0.125281751156, 0.146829903126, 0.152471378446, 0.157629534602, 0.158702760935, 0.126348316669, 0.151717215776, 0.214480951428, 0.233981773257, 0.198766291142, 0.169359445572, 0.115676939487, 0.0891236290336, 0.0941343829036, 0.0885040983558, 0.0678833276033, 0.090533606708, 0.106159195304, 0.117049060762, 0.144972637296, 0.132649868727, 0.0963196009398, 0.10934138298, 0.10884205997, 0.0921774283051, 0.0866639837623, 0.10212264955, 0.123965844512, 0.131750315428, 0.163944602013, 0.151302412152, 0.134133309126]
        dmean2: [0.191888436675, 0.160380333662, 0.183692023158, 0.190776541829, 0.217085584998, 0.244801953435, 0.253764480352, 0.252793610096, 0.268744021654, 0.209665000439, 0.250000625849, 0.358628839254, 0.417942911386, 0.316207408905, 0.271607369184, 0.180076226592, 0.142839953303, 0.155687272549, 0.138823211193, 0.106524847448, 0.145096749067, 0.17620241642, 0.191606685519, 0.246842369437, 0.231116622686, 0.164954394102, 0.182920202613, 0.177868589759, 0.148683711886, 0.145286545157, 0.171377748251, 0.209225878119, 0.221106663346, 0.265021800995, 0.242792889476, 0.212822407484]
        dvar: [0.0195030216128, 0.0168945733458, 0.0199759602547, 0.0267320424318, 0.0288601703942, 0.0239365044981, 0.0324895940721, 0.0335133001208, 0.0477336160839, 0.0235223192722, 0.0415664762259, 0.0411015748978, 0.0585474185646, 0.0349595248699, 0.041543815285, 0.0270026642829, 0.0203575529158, 0.0188450422138, 0.0106843234971, 0.0061267237179, 0.016444047913, 0.0192487873137, 0.0186700727791, 0.0223161838949, 0.0231011752039, 0.0145898330957, 0.0208509135991, 0.0203605443239, 0.0102407652885, 0.014647689648, 0.0176553763449, 0.026734476909, 0.0203877408057, 0.02318617329, 0.0207030400634, 0.0249290503561]
        dvar2: [0.0511497110128, 0.0419368594885, 0.0504728332162, 0.0684119910002, 0.0721175968647, 0.060154248029, 0.075868755579, 0.0799971446395, 0.140433728695, 0.0599155388772, 0.111458323896, 0.121816828847, 0.15179733932, 0.0787432566285, 0.097863279283, 0.0670305937529, 0.0448075421154, 0.0474843606353, 0.0231532435864, 0.015636684373, 0.0429141335189, 0.0477052666247, 0.05054891482, 0.0597753785551, 0.057904317975, 0.0321131907403, 0.0549680404365, 0.0475666373968, 0.02632269077, 0.0412718765438, 0.0455086305737, 0.073519423604, 0.058352202177, 0.0567604266107, 0.0499162226915, 0.0558805502951]
        max: [1, 1, 1, 1, 1, 1, 1, 1, 1, 1, 1, 1, 1, 1, 1, 1, 1, 1, 1, 0.633742511272, 0.977674424648, 1, 1, 0.949419081211, 1, 0.977119624615, 1, 1, 0.891838848591, 1, 1, 1, 0.968541920185, 1, 1, 1]
        mean: [0.176230877638, 0.157629191875, 0.166997075081, 0.185950756073, 0.217246979475, 0.29375693202, 0.32450824976, 0.273770868778, 0.219657361507, 0.192616268992, 0.192621290684, 0.416144788265, 0.713475525379, 0.541392624378, 0.23736962676, 0.160821840167, 0.13763602078, 0.149847194552, 0.151777565479, 0.1178843081, 0.133285447955, 0.186518222094, 0.196976348758, 0.236075028777, 0.234305649996, 0.155688837171, 0.165427803993, 0.22685725987, 0.194273278117, 0.14279319346, 0.164782717824, 0.194091767073, 0.27340093255, 0.378005087376, 0.311690926552, 0.201820105314]
        min: [0.00596336973831, 0.00665563950315, 0.00687598483637, 0.00668032327667, 0.0164472293109, 0.0241264197975, 0.0317066460848, 0.0105359759182, 0.0113078216091, 0.0116654634476, 0.0109112747014, 0.0356671363115, 0.0521975830197, 0.0367051921785, 0.00706132501364, 0.00327434763312, 0.00195888406597, 0.00779147818685, 0.00837252289057, 0.00760915549472, 0.00593266403303, 0.00780395977199, 0.00966694392264, 0.0156470909715, 0.0203122403473, 0.0118354130536, 0.00664759706706, 0.00612117396668, 0.00896130409092, 0.00981560535729, 0.00896010641009, 0.0112276514992, 0.0177386496216, 0.02176576294, 0.0242726914585, 0.00858187861741]
        var: [0.0354569330812, 0.0230831764638, 0.0267304573208, 0.0390953272581, 0.0365948341787, 0.0400403738022, 0.0645792037249, 0.0664397403598, 0.0501784533262, 0.0311417300254, 0.0455405712128, 0.0546142980456, 0.0947795957327, 0.0687912330031, 0.0615107007325, 0.0402636043727, 0.0337415747344, 0.0278735645115, 0.0227172654122, 0.0113263744861, 0.0211333651096, 0.0467627495527, 0.0399431064725, 0.0321357883513, 0.0347069948912, 0.023700395599, 0.0285216849297, 0.0590184740722, 0.0335556492209, 0.0183315128088, 0.025118842721, 0.0352621376514, 0.0334164127707, 0.0678089633584, 0.0474136173725, 0.0435142852366]
    chords_histogram: [7.87037038803, 6.48148155212, 43.055557251, 0, 0, 0, 0, 17.5925922394, 2.77777767181, 22.2222213745, 0, 0, 0, 0, 0, 0, 0, 0, 0, 0, 0, 0, 0, 0]
    thpcp: [1, 0.758810341358, 0.33269482851, 0.225406244397, 0.192909240723, 0.210024297237, 0.212729886174, 0.165225446224, 0.186811521649, 0.261422038078, 0.276080042124, 0.330880343914, 0.328400403261, 0.218211889267, 0.231861919165, 0.317960828543, 0.272291451693, 0.200137481093, 0.230957776308, 0.272037029266, 0.38319593668, 0.529808044434, 0.436862826347, 0.282868981361, 0.247003391385, 0.220931470394, 0.234061390162, 0.260626673698, 0.304491132498, 0.411726713181, 0.454827457666, 0.383714437485, 0.307869523764, 0.269968986511, 0.269976019859, 0.583264291286]
    chords_key: "C#"
    chords_scale: "minor"
    key_key: "F#"
    key_scale: "minor"
    chords_progression: ["A#m", "A#m", "A#m", "A#m", "A#m", "A#m", "F#m", "F#m", "F#m", "F#m", "F#m", "F#m", "F#m", "F#m", "F#m", "F#m", "F#m", "F#m", "F#m", "F#m", "F#m", "F#m", "F#m", "F#", "F#", "F#", "F#", "F#", "F#", "F#", "F#", "F#", "F#", "F#", "F#", "F#", "F#", "F#", "F#", "F#", "F#", "F#", "F#", "F#", "F#", "F#", "F#", "F#", "F#", "F#", "F#", "F#", "F#", "F#", "F#", "F#", "C#m", "C#m", "C#m", "C#m", "C#m", "C#m", "C#m", "F#", "F#", "F#", "F#", "F#", "C#m", "C#m", "C#m", "C#m", "C#m", "C#m", "C#m", "C#m", "C#m", "C#m", "C#m", "C#m", "C#m", "C#m", "C#m", "C#m", "C#m", "C#m", "C#m", "C#m", "C#m", "C#m", "C#m", "C#m", "C#m", "C#m", "C#m", "C#", "C#", "C#", "C#", "C#", "C#", "C#", "C#", "C#", "C#m", "C#m", "C#m", "C#m", "C#m", "C#m", "C#m", "C#m", "C#m", "C#m", "C#m", "C#m", "C#m", "C#m", "C#m", "C#m", "C#m", "C#m", "C#m", "C#m", "C#m", "C#m", "C#m", "C#m", "C#m", "A", "A", "A", "A", "A", "A", "A", "A", "A", "A", "A", "A", "A", "A", "C#m", "C#m", "C#m", "C#m", "C#m", "C#m", "C#m", "C#m", "C#m", "C#m", "C#m", "C#m", "C#m", "C#m", "C#m", "C#m", "C#m", "C#m", "C#m", "C#m", "C#m", "C#m", "C#m", "C#m", "C#m", "C#m", "C#m", "C#m", "C#m", "C#m", "C#m", "C#m", "C#m", "C#m", "C#", "C#", "C#", "C#", "C#", "C#", "C#", "C#", "C#", "C#", "C#", "C#", "C#", "C#", "C#", "C#", "C#", "C#", "C#", "C#", "C#", "C#", "C#", "C#", "C#", "C#", "C#", "C#", "C#", "C#", "C#", "C#", "C#", "C#", "C#", "C#", "C#", "C#", "C#"]
