
metadata:
    version:
        essentia: "1.2.2"
    audio_properties:
        analysis_sample_rate: 44100
        bitrate: 128
        channels: 2
        equal_loudness: 1
        length: 10.0832653046
        replay_gain: -8.14544677734
        downmix: "mix"
    tags:
        track: 2
        year: 0
        album: "Splitted by Mp3Splt v. 2.1"
        artist: "From 000.10 To 000.20"
        comment: "http://mp3splt.sf.net"
        genre: ""
        title: "01 Laughing Gnome.mp3"

highlevel:
    ballroom:
        all:
            ChaChaCha: 0.0200966373086
            Jive: 0.0198471043259
            Quickstep: 0.0138423405588
            Rumba-American: 0.023993300274
            Rumba-International: 0.748643517494
            Rumba-Misc: 0.126283213496
            Samba: 0.0187680888921
            Tango: 0.00151539884973
            VienneseWaltz: 0.0153710106388
            Waltz: 0.0116393938661
        probability: 0.748643517494
        value: "Rumba-International"
    culture:
        all:
            non_western: 0.980434715748
            western: 0.019565295428
        probability: 0.980434715748
        value: "non_western"
    gender:
        all:
            female: 0.0177035164088
            male: 0.982296466827
        probability: 0.982296466827
        value: "male"
    genre_dortmund:
        all:
            alternative: 0.0324891358614
            blues: 0.039052516222
            electronic: 0.0114647084847
            folkcountry: 0.162162452936
            funksoulrnb: 0.0437012352049
            jazz: 0.284263074398
            pop: 0.125394225121
            raphiphop: 0.0117287421599
            rock: 0.289743900299
        probability: 0.289743900299
        value: "rock"
    genre_electronica:
        all:
            ambient: 0.720587670803
            dnb: 0.0777067318559
            house: 0.116174384952
            techno: 0.0280309487134
            trance: 0.0575002506375
        probability: 0.720587670803
        value: "ambient"
    genre_rosamerica:
        all:
            cla: 0.0227202977985
            dan: 0.0910447612405
            hip: 0.064951710403
            jaz: 0.0935259088874
            pop: 0.273191034794
            rhy: 0.288510859013
            roc: 0.14178147912
            spe: 0.024273969233
        probability: 0.288510859013
        value: "rhy"
    genre_tzanetakis:
        all:
            blu: 0.0188203435391
            cla: 0.00872750021517
            cou: 0.0538169145584
            dis: 0.0264271404594
            hip: 0.0304191466421
            jaz: 0.00897354912013
            met: 0.0026104755234
            pop: 0.500197410583
            reg: 0.228738084435
            roc: 0.121269449592
        probability: 0.500197410583
        value: "pop"
    live_studio:
        all:
            live: 0.0170347802341
            studio: 0.982965230942
        probability: 0.982965230942
        value: "studio"
    mood:
        all:
            Cluster1: 0.170857802033
            Cluster2: 0.109397515655
            Cluster3: 0.571685612202
            Cluster4: 0.116347678006
            Cluster5: 0.0317113958299
        probability: 0.571685612202
        value: "Cluster3"
    mood_acoustic:
        all:
            acoustic: 0.976862967014
            not_acoustic: 0.0231370292604
        probability: 0.976862967014
        value: "acoustic"
    mood_aggressive:
        all:
            aggressive: 0.0138363670558
            not_aggressive: 0.98616361618
        probability: 0.98616361618
        value: "not_aggressive"
    mood_electronic:
        all:
            electronic: 0.181459888816
            not_electronic: 0.818540096283
        probability: 0.818540096283
        value: "not_electronic"
    mood_happy:
        all:
            happy: 0.333662360907
            not_happy: 0.666337609291
        probability: 0.666337609291
        value: "not_happy"
    mood_party:
        all:
            not_party: 0.888265669346
            party: 0.111734353006
        probability: 0.888265669346
        value: "not_party"
    mood_relaxed:
        all:
            not_relaxed: 0.17581795156
            relaxed: 0.824182033539
        probability: 0.824182033539
        value: "relaxed"
    mood_sad:
        all:
            not_sad: 0.261177361012
            sad: 0.738822638988
        probability: 0.738822638988
        value: "sad"
    rhythm:
        all:
            fast: 0.18906365335
            medium: 0.760286271572
            slow: 0.0506500564516
        probability: 0.760286271572
        value: "medium"
    speech_music:
        all:
            music: 0.99787825346
            speech: 0.00212175888009
        probability: 0.99787825346
        value: "music"
    timbre:
        all:
            bright: 0.843988776207
            dark: 0.156011238694
        probability: 0.843988776207
        value: "bright"
    voice_instrumental:
        all:
            instrumental: 0.0205976217985
            voice: 0.9794023633
        probability: 0.9794023633
        value: "voice"

lowlevel:
    average_loudness: 0.978432238102
    barkbands_kurtosis:
        dmean: 8.04116153717
        dmean2: 12.9825868607
        dvar: 89.7397994995
        dvar2: 237.225357056
        max: 95.1840057373
        mean: 13.1664113998
        min: -1.57434248924
        var: 185.809738159
    barkbands_skewness:
        dmean: 0.906440258026
        dmean2: 1.45030128956
        dvar: 0.765458583832
        dvar2: 1.99592268467
        max: 7.66529321671
        mean: 2.46557474136
        min: -0.516264081001
        var: 2.0549967289
    barkbands_spread:
        dmean: 5.71686172485
        dmean2: 8.69258785248
        dvar: 54.6111564636
        dvar2: 124.366760254
        max: 56.4690704346
        mean: 11.2443294525
        min: 0.762938261032
        var: 104.038238525
    dissonance:
        dmean: 0.0430406704545
        dmean2: 0.0686681345105
        dvar: 0.00158350507263
        dvar2: 0.00332913687453
        max: 0.493343025446
        mean: 0.402615517378
        min: 0.127045720816
        var: 0.00467974087223
    hfc:
        dmean: 1.1258970499
        dmean2: 1.49257290363
        dvar: 1.81317007542
        dvar2: 2.99226427078
        max: 12.8375368118
        mean: 2.42619562149
        min: 0.0031496421434
        var: 5.52100563049
    pitch:
        dmean: 219.972381592
        dmean2: 421.477874756
        dvar: 628992.8125
        dvar2: 1710961.25
        max: 4900
        mean: 313.093322754
        min: 58.4880638123
        var: 476107.25
    pitch_instantaneous_confidence:
        dmean: 0.108826801181
        dmean2: 0.170093134046
        dvar: 0.00840892177075
        dvar2: 0.0196943767369
        max: 0.911690711975
        mean: 0.508123099804
        min: 0.174207627773
        var: 0.0302140526474
    pitch_salience:
        dmean: 0.0774725973606
        dmean2: 0.129012748599
        dvar: 0.00493712816387
        dvar2: 0.0134831322357
        max: 0.93068665266
        mean: 0.615401566029
        min: 0.307095259428
        var: 0.0083480104804
    silence_rate_20dB:
        dmean: 0
        dmean2: 0
        dvar: 0
        dvar2: 0
        max: 1
        mean: 1
        min: 1
        var: 0
    silence_rate_30dB:
        dmean: 0
        dmean2: 0
        dvar: 0
        dvar2: 0
        max: 1
        mean: 1
        min: 1
        var: 0
    silence_rate_60dB:
        dmean: 0.188505753875
        dmean2: 0.375576049089
        dvar: 0.152971252799
        dvar2: 0.243736162782
        max: 1
        mean: 0.385321110487
        min: 0
        var: 0.236849710345
    spectral_centroid:
        dmean: 170.197433472
        dmean2: 259.392181396
        dvar: 56396.6953125
        dvar2: 134067.6875
        max: 2870.00024414
        mean: 494.074249268
        min: 132.200653076
        var: 99845.8671875
    spectral_complexity:
        dmean: 1.90783405304
        dmean2: 2.70438790321
        dvar: 5.17125320435
        dvar2: 8.96113109589
        max: 26
        mean: 6.42298841476
        min: 0
        var: 16.3866138458
    spectral_crest:
        dmean: 3.30777931213
        dmean2: 5.75283479691
        dvar: 8.34248733521
        dvar2: 23.0564651489
        max: 23.275686264
        mean: 11.4264545441
        min: 3.02399754524
        var: 16.6174526215
    spectral_decrease:
        dmean: 5.41209410621e-10
        dmean2: 8.68592198167e-10
        dvar: 4.00909653335e-19
        dvar2: 1.07098599765e-18
        max: -8.02266890074e-13
        mean: -1.12956488607e-09
        min: -4.155016331e-09
        var: 6.62204764355e-19
    spectral_energy:
        dmean: 0.0021117082797
        dmean2: 0.00337253627367
        dvar: 6.05616651228e-06
        dvar2: 1.5771272956e-05
        max: 0.0162419956177
        mean: 0.00448330212384
        min: 3.31362116412e-06
        var: 1.04783530332e-05
    spectral_energyband_high:
        dmean: 4.72043684567e-05
        dmean2: 6.34172320133e-05
        dvar: 4.88215379235e-09
        dvar2: 8.27640533885e-09
        max: 0.000711065600626
        mean: 5.75170379307e-05
        min: 5.01993646651e-08
        var: 9.00955399175e-09
    spectral_energyband_low:
        dmean: 0.00034210915328
        dmean2: 0.000561613007449
        dvar: 1.60020022122e-07
        dvar2: 4.63527300099e-07
        max: 0.00382302468643
        mean: 0.000560903688893
        min: 1.59811875733e-07
        var: 2.40501236703e-07
    spectral_energyband_middle_high:
        dmean: 0.000261818408035
        dmean2: 0.000352688482963
        dvar: 1.94677568288e-07
        dvar2: 3.6260743741e-07
        max: 0.00578072667122
        mean: 0.000506455253344
        min: 3.13099377536e-07
        var: 6.81754613652e-07
    spectral_energyband_middle_low:
        dmean: 0.00188815384172
        dmean2: 0.00308471452445
        dvar: 5.63505955142e-06
        dvar2: 1.56220030476e-05
        max: 0.0136799328029
        mean: 0.0033584209159
        min: 2.14397891796e-06
        var: 7.88569741417e-06
    spectral_flatness_db:
        dmean: 0.0418206751347
        dmean2: 0.0558502599597
        dvar: 0.0014969361946
        dvar2: 0.00284071173519
        max: 0.474274843931
        mean: 0.238884463906
        min: 0.0602856129408
        var: 0.00654144119471
    spectral_flux:
        dmean: 0.0143322031945
        dmean2: 0.0220576301217
        dvar: 0.00020733178826
        dvar2: 0.000433223001892
        max: 0.104336023331
        mean: 0.0371624864638
        min: 0.00306684942916
        var: 0.000423506513471
    spectral_kurtosis:
        dmean: 6.01652574539
        dmean2: 8.44350528717
        dvar: 63.3461990356
        dvar2: 122.298316956
        max: 85.7159957886
        mean: 11.157749176
        min: -1.00248134136
        var: 162.408798218
    spectral_rms:
        dmean: 0.000497593660839
        dmean2: 0.000765228352975
        dvar: 2.66803652949e-07
        dvar2: 6.02575653375e-07
        max: 0.00398068455979
        mean: 0.00194224831648
        min: 5.68577270315e-05
        var: 6.016197176e-07
    spectral_rolloff:
        dmean: 344.381835938
        dmean2: 615.3125
        dvar: 514961.375
        dvar2: 1185866.625
        max: 4500.43945312
        mean: 761.780456543
        min: 172.265625
        var: 656454.75
    spectral_skewness:
        dmean: 0.683731496334
        dmean2: 0.881679356098
        dvar: 0.455101817846
        dvar2: 0.829216957092
        max: 7.95866918564
        mean: 2.62523579597
        min: 0.423327058554
        var: 1.6561653614
    spectral_spread:
        dmean: 1703110.25
        dmean2: 2114930
        dvar: 3.41845396685e+12
        dvar2: 6.60690226381e+12
        max: 24867058
        mean: 5232570.5
        min: 1159034.875
        var: 8.33171226624e+12
    spectral_strongpeak:
        dmean: 0.214830070734
        dmean2: 0.342797726393
        dvar: 0.0931501165032
        dvar2: 0.232308611274
        max: 2.86999750137
        mean: 0.383196800947
        min: 0.00177009659819
        var: 0.16358242929
    zerocrossingrate:
        dmean: 0.00961261522025
        dmean2: 0.0112259583548
        dvar: 8.68642600835e-05
        dvar2: 0.000116686336696
        max: 0.1435546875
        mean: 0.0333019047976
        min: 0.00341796875
        var: 0.000389650493162
    barkbands:
        dmean: [6.57796377368e-08, 9.24733612919e-05, 0.000284329871647, 0.000416970637161, 0.0012587296078, 0.000281532207737, 0.000228231074288, 0.000209320205613, 0.00015925776097, 6.57003256492e-05, 3.09475399263e-05, 2.47623647738e-05, 5.30628240085e-05, 2.90292155114e-05, 2.85382157017e-05, 1.93493178813e-05, 3.42776074831e-05, 5.14571438543e-05, 4.07532388635e-05, 2.46209565375e-05, 1.83654901775e-05, 8.70684652909e-06, 3.4216250242e-06, 3.86543842978e-06, 3.10566019834e-06, 9.1688526993e-08, 1.62351587729e-09]
        dmean2: [1.0396384198e-07, 0.000152908454766, 0.0004741254088, 0.000734431785531, 0.00224759895355, 0.000393733062083, 0.000327335874317, 0.000294691330055, 0.000222220929572, 9.06304849195e-05, 4.86819844809e-05, 3.57358185283e-05, 6.92492321832e-05, 4.66568126285e-05, 4.70584636787e-05, 2.741841854e-05, 5.36004190508e-05, 8.0932812125e-05, 5.76657512283e-05, 3.19270948239e-05, 2.58799609583e-05, 1.22745022963e-05, 4.92423259857e-06, 5.74831801714e-06, 4.7895678108e-06, 1.40213018085e-07, 2.51843812471e-09]
        dvar: [3.07241401374e-13, 1.72134022591e-08, 1.18955505002e-07, 3.83268968562e-07, 3.98000474888e-06, 1.79643848242e-07, 2.44151237894e-07, 2.08320898309e-07, 1.98474779722e-07, 3.55416922559e-08, 4.28358326587e-09, 2.58878518622e-09, 2.85956058832e-08, 9.69860813882e-09, 9.10620290284e-09, 2.85981838211e-09, 8.33558466695e-09, 1.27461738941e-08, 4.09265243917e-09, 2.12369211106e-09, 9.61244306374e-10, 1.74779773987e-10, 2.82744053864e-11, 3.59675449146e-11, 2.69952810106e-11, 2.56904652445e-14, 4.02249011569e-16]
        dvar2: [7.67944356109e-13, 4.72202543733e-08, 3.43122138702e-07, 1.09909979074e-06, 1.21041130114e-05, 3.61540742233e-07, 4.03430590268e-07, 4.78287233818e-07, 4.16789077917e-07, 5.80922190352e-08, 9.89361481629e-09, 5.45074563263e-09, 4.70872620895e-08, 2.46238052171e-08, 2.34804566901e-08, 5.81720671633e-09, 1.88084303687e-08, 2.78344263194e-08, 8.71395222646e-09, 3.5444680524e-09, 1.97674010494e-09, 3.32250366109e-10, 5.71901033475e-11, 7.45738470975e-11, 6.03089453377e-11, 5.67917634036e-14, 1.01057849223e-15]
        max: [8.27808435133e-06, 0.00133085111156, 0.00252310349606, 0.00334278540686, 0.0124858142808, 0.00525257783011, 0.00543326325715, 0.00460218079388, 0.00694538839161, 0.0040861191228, 0.000554837577511, 0.000531919475179, 0.00222258944996, 0.00128749420401, 0.00113429513294, 0.00098166288808, 0.000984665588476, 0.00135200773366, 0.000651548733003, 0.000626288878266, 0.000229867262533, 0.00012620765483, 3.77861360903e-05, 3.85959756386e-05, 3.66794665752e-05, 1.07020957785e-06, 2.99094523371e-07]
        mean: [5.52552208433e-08, 0.000139080657391, 0.0004217766691, 0.000462356547359, 0.00159904162865, 0.000453611894045, 0.000318870850606, 0.000299266597722, 0.000202914365218, 0.000109094296931, 4.15207468905e-05, 3.55593037966e-05, 6.9079673267e-05, 3.90634668292e-05, 2.99513212667e-05, 2.83638655674e-05, 3.96288705815e-05, 6.91015811753e-05, 5.09486671945e-05, 3.20511680911e-05, 2.15744348679e-05, 9.98690848064e-06, 3.60178387382e-06, 3.84971599487e-06, 2.86993122245e-06, 8.32785715943e-08, 9.3181462546e-10]
        min: [1.40540339783e-11, 8.54595683109e-08, 4.30791722295e-08, 3.06958156671e-08, 4.95496834674e-08, 9.63364286122e-08, 3.60768410701e-07, 3.63824142369e-07, 4.84681720536e-07, 4.94773573223e-08, 1.82162036566e-08, 1.33449820083e-08, 1.06016617707e-08, 6.89587498215e-09, 7.77009656616e-09, 1.23744818836e-08, 1.42983411777e-08, 2.98341049643e-08, 3.07758263318e-08, 7.2371046933e-09, 1.4987376673e-08, 5.54570300793e-09, 2.64586330623e-09, 1.87738424806e-09, 1.13633158438e-09, 1.04256749067e-10, 8.61841305787e-13]
        var: [1.58009239373e-13, 3.64774308537e-08, 1.51038207719e-07, 3.60217029538e-07, 3.53642576556e-06, 4.57123206843e-07, 4.45051796305e-07, 4.37676845877e-07, 2.6276578069e-07, 1.06305613201e-07, 7.09739600424e-09, 6.72857591866e-09, 5.52078667226e-08, 2.05532693087e-08, 8.38397173908e-09, 5.30913935037e-09, 1.05033777231e-08, 2.41736586304e-08, 7.14813941372e-09, 4.44185577209e-09, 1.41452072278e-09, 2.68967820238e-10, 3.88208978852e-11, 4.5947471522e-11, 3.00233414519e-11, 2.92721237332e-14, 2.05020870577e-16]
    mfcc:
        mean: [-799.918823242, 154.261489868, 11.764629364, 50.1108398438, -6.4003238678, -10.265709877, -4.88294506073, -7.39288902283, -6.55173444748, -8.57211399078, -5.67463302612, -6.95837593079, -9.23425865173]
        cov: [[9328.87890625, -2632.91088867, -1491.01733398, -987.057861328, -300.951782227, -324.370056152, 132.056732178, 126.436561584, -40.8901901245, -35.3755950928, 149.009643555, 45.9345626831, -44.1094703674], [-2632.91088867, 1590.65319824, 2.6344807148, 127.22354126, 1.4988515377, 21.2223587036, -48.2637672424, -24.8686618805, -51.0419921875, 7.97362041473, 7.00144815445, 10.4488325119, -43.481262207], [-1491.01733398, 2.6344807148, 1186.59509277, 307.37197876, 33.8078231812, 23.0065517426, -64.5747756958, -95.4570999146, 2.07695484161, -42.5257263184, -106.58934021, -69.1066894531, 60.6910247803], [-987.057861328, 127.22354126, 307.37197876, 377.465789795, 123.231231689, 64.739906311, -37.4254798889, -27.2506008148, 23.8640918732, -19.7534141541, -52.7975997925, -22.4160404205, 13.1580142975], [-300.951782227, 1.4988515377, 33.8078231812, 123.231231689, 224.190292358, 56.6093940735, 1.33529865742, 18.7365779877, 10.0993452072, -11.6891040802, -37.4691886902, -9.76947593689, 10.9537210464], [-324.370056152, 21.2223587036, 23.0065517426, 64.739906311, 56.6093940735, 181.797088623, 61.7998275757, 25.2677021027, 45.1402397156, 23.503162384, 30.2030391693, 16.3691692352, -14.6940422058], [132.056732178, -48.2637672424, -64.5747756958, -37.4254798889, 1.33529865742, 61.7998275757, 138.702209473, 61.1216239929, 7.05106687546, 27.7254180908, 34.735748291, 5.38749790192, -19.3115711212], [126.436561584, -24.8686618805, -95.4570999146, -27.2506008148, 18.7365779877, 25.2677021027, 61.1216239929, 124.270446777, 36.600982666, 3.57453346252, 27.12733078, 21.8276100159, -11.7327289581], [-40.8901901245, -51.0419921875, 2.07695484161, 23.8640918732, 10.0993452072, 45.1402397156, 7.05106687546, 36.600982666, 98.8651428223, 24.3241786957, 9.70822048187, 23.0084209442, 2.79174399376], [-35.3755950928, 7.97362041473, -42.5257263184, -19.7534141541, -11.6891040802, 23.503162384, 27.7254180908, 3.57453346252, 24.3241786957, 87.6062240601, 48.3307609558, 12.9898891449, -18.537399292], [149.009643555, 7.00144815445, -106.58934021, -52.7975997925, -37.4691886902, 30.2030391693, 34.735748291, 27.12733078, 9.70822048187, 48.3307609558, 107.619636536, 35.950088501, -31.014175415], [45.9345626831, 10.4488325119, -69.1066894531, -22.4160404205, -9.76947593689, 16.3691692352, 5.38749790192, 21.8276100159, 23.0084209442, 12.9898891449, 35.950088501, 71.3806228638, 10.3517684937], [-44.1094703674, -43.481262207, 60.6910247803, 13.1580142975, 10.9537210464, -14.6940422058, -19.3115711212, -11.7327289581, 2.79174399376, -18.537399292, -31.014175415, 10.3517684937, 75.8694763184]]
        icov: [[0.000451709143817, 0.000711579341441, 0.000416210794356, 0.000447866506875, 0.00012480688747, 0.000490547972731, -0.000132115732413, 0.0001076810222, 5.13371705892e-05, 0.000551396922674, -0.00027307367418, 1.59905562214e-06, 0.000340811966453], [0.000711579341441, 0.00183052627835, 0.000711039407179, 0.000352481205482, 0.000410593987908, 0.00051662750775, 0.000233552971622, -6.93869078532e-05, 0.000822917674668, 0.000531263707671, -0.000174695436726, -0.000405287166359, 0.00100577448029], [0.000416210794356, 0.000711039407179, 0.00163352885284, -0.000592880824115, 0.000634666997939, 0.000246219628025, -0.00013556003978, 0.000545256771147, -4.06504223065e-05, 0.000524690316524, 0.000114492322609, 0.000827567127999, -0.000484967429657], [0.000447866506875, 0.000352481205482, -0.000592880824115, 0.00517557002604, -0.00195513898507, -0.000606965913903, 0.000752255436964, 0.000596149649937, -0.00101150898263, 0.000966040999629, 0.000203360847081, 0.000274926744169, 0.000806327094324], [0.00012480688747, 0.000410593987908, 0.000634666997939, -0.00195513898507, 0.0066752540879, -0.00212535215542, 0.000997040304355, -0.00219843140803, 0.00169635307975, -0.000983368139714, 0.00267408159561, 0.000225028314162, -0.000562577799428], [0.000490547972731, 0.00051662750775, 0.000246219628025, -0.000606965913903, -0.00212535215542, 0.0101014748216, -0.00517793186009, 0.00270730699413, -0.00443924125284, 0.00208346825093, -0.00319070927799, -0.000924702500924, 0.00134780281223], [-0.000132115732413, 0.000233552971622, -0.00013556003978, 0.000752255436964, 0.000997040304355, -0.00517793186009, 0.0133421448991, -0.00700220232829, 0.00436943024397, -0.00416427617893, 0.000595384160988, 0.00165758747607, 4.04208076361e-05], [0.0001076810222, -6.93869078532e-05, 0.000545256771147, 0.000596149649937, -0.00219843140803, 0.00270730699413, -0.00700220232829, 0.0145816048607, -0.00666520930827, 0.00507825193927, -0.00301867048256, -0.00163621490356, 0.00127295509446], [5.13371705892e-05, 0.000822917674668, -4.06504223065e-05, -0.00101150898263, 0.00169635307975, -0.00443924125284, 0.00436943024397, -0.00666520930827, 0.0168833341449, -0.00637460313737, 0.00393457338214, -0.00376176624559, -0.00037095049629], [0.000551396922674, 0.000531263707671, 0.000524690316524, 0.000966040999629, -0.000983368139714, 0.00208346825093, -0.00416427617893, 0.00507825193927, -0.00637460313737, 0.0191789511591, -0.00868871808052, 0.00124978541862, 0.00150691764429], [-0.00027307367418, -0.000174695436726, 0.000114492322609, 0.000203360847081, 0.00267408159561, -0.00319070927799, 0.000595384160988, -0.00301867048256, 0.00393457338214, -0.00868871808052, 0.0201527774334, -0.00826711114496, 0.00539333932102], [1.59905562214e-06, -0.000405287166359, 0.000827567127999, 0.000274926744169, 0.000225028314162, -0.000924702500924, 0.00165758747607, -0.00163621490356, -0.00376176624559, 0.00124978541862, -0.00826711114496, 0.0217202603817, -0.00688294600695], [0.000340811966453, 0.00100577448029, -0.000484967429657, 0.000806327094324, -0.000562577799428, 0.00134780281223, 4.04208076361e-05, 0.00127295509446, -0.00037095049629, 0.00150691764429, 0.00539333932102, -0.00688294600695, 0.0182782635093]]
    spectral_contrast:
        mean: [1.28886483708e-08, 2.34781069253e-07, -2.91613162062e-07, 1.2914340175e-07, -1.92036580415e-07, 3.59203625067e-07, 3.19234254675e-06, 1.48408719269e-06, 4.3164723138e-06, 1.21127598618e-07, 6.55103008285e-07, 2.94652477351e-06]
        var: [0.000611437251791, 0.000839838467073, 0.00163544923998, 0.00266932253726, 0.00616061501205, 0.0100273154676, 0.0428053885698, 0.0974373593926, 0.171107590199, 0.285375982523, 0.472322165966, 4.3928155899]

rhythm:
    beats_loudness:
        dmean: 0.00235542003065
        dmean2: 0.00399980135262
        dvar: 4.35950414612e-06
        dvar2: 1.26560435092e-05
        max: 0.0123235387728
        mean: 0.00626375246793
        min: 0.00331376027316
        var: 4.36290156358e-06
    beats_loudness_bass:
        dmean: 0.103338196874
        dmean2: 0.18819129467
        dvar: 0.00705844210461
        dvar2: 0.0187512543052
        max: 0.403467088938
        mean: 0.168191760778
        min: 0.0188770368695
        var: 0.00832833722234
    bpm: 136.014801025
    bpm_confidence: 0
    first_peak_bpm: 135
    first_peak_spread: 0.428571462631
    first_peak_weight: 0.54545456171
    onset_rate: 4.76036262512
    second_peak_bpm: 130
    second_peak_spread: 0
    second_peak_weight: 0.0454545468092
    beats_position: [0.249654561281, 0.693969845772, 1.13828516006, 1.58260047436, 2.02691578865, 2.47123098373, 2.91554617882, 3.35986185074, 3.80417728424, 4.24849271774, 4.69280815125, 5.13712358475, 5.58143901825, 6.0432934761, 6.48098182678, 6.9186706543, 7.35635900497, 7.79404735565, 8.23173618317, 8.66942405701, 9.10711288452, 9.54480171204, 9.98248958588]
    bpm_estimates: [135.823013306, 135.62979126, 135.550033569, 135.279876709, 134.315338135, 134.642227173, 134.217422485, 135.00592041, 135.065582275, 135.177490234, 134.745162964, 137.266723633, 137.324905396, 136.396682739, 136.076583862, 137.516067505, 137.325485229, 137.155685425, 137.803771973, 137.50390625, 136.48916626]
    bpm_intervals: [0.444315284491, 0.444315314293, 0.444315314293, 0.444315314293, 0.444315195084, 0.444315195084, 0.444315671921, 0.444315433502, 0.444315433502, 0.444315433502, 0.444315433502, 0.444315433502, 0.461854457855, 0.437688350677, 0.437688827515, 0.437688350677, 0.437688350677, 0.437688827515, 0.43768787384, 0.437688827515, 0.437688827515, 0.43768787384]
    onset_times: [0.0348299331963, 0.243809521198, 0.46439909935, 0.684988677502, 0.9287981987, 1.13777780533, 1.38158726692, 1.59056687355, 1.82276642323, 2.03174614906, 2.27555561066, 2.48453521729, 2.71673464775, 2.92571425438, 3.16952371597, 3.3785033226, 3.59909296036, 3.81968259811, 4.051882267, 4.23764181137, 4.49306106567, 4.7020406723, 4.93424034119, 5.14321994781, 5.3754196167, 5.50312948227, 5.58439922333, 5.83981847763, 6.03718805313, 6.26938772202, 6.47836732864, 6.6989569664, 6.90793657303, 7.14013624191, 7.33750581741, 7.59292507172, 7.80190467834, 8.01088428497, 8.18503379822, 8.47528362274, 8.67265319824, 8.91646289825, 9.11383247375, 9.38086128235, 9.49696159363, 9.5666217804, 9.77560043335, 9.98458003998]
    rubato_start: []
    rubato_stop: []
    perceptual_tempo: "unknown"

sfx:
    inharmonicity:
        dmean: 0.0187676772475
        dmean2: 0.0333651266992
        dvar: 0.00144817866385
        dvar2: 0.00400524353608
        max: 0.357925146818
        mean: 0.0168166197836
        min: 7.02489842297e-06
        var: 0.00106997776311
    oddtoevenharmonicenergyratio:
        dmean: 1.42654168606
        dmean2: 2.62779784203
        dvar: 16.1100215912
        dvar2: 45.5482559204
        max: 40.9193305969
        mean: 1.25041079521
        min: 1.31466877065e-05
        var: 10.8177375793
    pitch_after_max_to_before_max_energy_ratio: 3.02990937233
    pitch_centroid: 217.806121826
    pitch_max_to_total: 0.133333340287
    pitch_min_to_total: 0.0367816090584
    tristimulus:
        dmean: [0.195470377803, 0.187661021948, 0.0461634509265]
        dmean2: [0.33750474453, 0.326942771673, 0.0796381905675]
        dvar: [0.0380253382027, 0.0369837917387, 0.00424093706533]
        dvar2: [0.0922190323472, 0.092911824584, 0.0118941348046]
        max: [0.990594804287, 0.982138752937, 0.597447812557]
        mean: [0.597179949284, 0.347432106733, 0.0450963303447]
        min: [0.00449880864471, 0, 0]
        var: [0.0706445872784, 0.0694644674659, 0.00393753824756]

tonal:
    chords_changes_rate: 0.0228310506791
    chords_number_rate: 0.0182648394257
    chords_strength:
        dmean: 0.0102329188958
        dmean2: 0.0121584571898
        dvar: 7.96366075519e-05
        dvar2: 0.000121731842228
        max: 0.718499302864
        mean: 0.580446362495
        min: 0.469444304705
        var: 0.00266656419262
    key_strength: 0.732388794422
    tuning_diatonic_strength: 0.618695497513
    tuning_equal_tempered_deviation: 0.168405294418
    tuning_frequency: 436.456176758
    tuning_nontempered_energy_ratio: 0.832702755928
    hpcp:
        dmean: [0.126814156771, 0.131645843387, 0.178354635835, 0.185921743512, 0.151825293899, 0.151586860418, 0.200581386685, 0.250624120235, 0.26373937726, 0.276041448116, 0.232782125473, 0.156667977571, 0.0852217823267, 0.064132258296, 0.0937443301082, 0.116054102778, 0.119975380599, 0.0933896824718, 0.100424796343, 0.115297272801, 0.13858692348, 0.147840827703, 0.130367040634, 0.146746322513, 0.123134493828, 0.111354313791, 0.100903123617, 0.120512351394, 0.127306252718, 0.150244876742, 0.181276634336, 0.160606086254, 0.122538305819, 0.0873859450221, 0.0908716246486, 0.112099215388]
        dmean2: [0.220058143139, 0.232840806246, 0.331333637238, 0.350358784199, 0.271501809359, 0.265205740929, 0.363036513329, 0.445055961609, 0.452094376087, 0.486885100603, 0.378892213106, 0.284165859222, 0.158405095339, 0.115450181067, 0.168475702405, 0.197503343225, 0.206385716796, 0.166839614511, 0.170953601599, 0.204470679164, 0.240278035402, 0.255791157484, 0.229037821293, 0.265762388706, 0.217637836933, 0.188782557845, 0.180157065392, 0.223032623529, 0.227595284581, 0.260589241982, 0.281146883965, 0.268368273973, 0.221937447786, 0.152628228068, 0.162608236074, 0.198028162122]
        dvar: [0.0303707271814, 0.033377610147, 0.0795600265265, 0.0736983790994, 0.0598994158208, 0.0504454150796, 0.07626709342, 0.0838848799467, 0.0710858255625, 0.086356818676, 0.0588926412165, 0.0605611950159, 0.0282277073711, 0.0165073703974, 0.0332483798265, 0.048895534128, 0.0407602190971, 0.0320130474865, 0.0276309568435, 0.0332198627293, 0.0425307229161, 0.0466040037572, 0.0329106524587, 0.0589929670095, 0.0408336296678, 0.0355298109353, 0.0285409130156, 0.0373826473951, 0.0434090420604, 0.0432221330702, 0.0346151553094, 0.040358800441, 0.0377078913152, 0.0249717626721, 0.0313545502722, 0.0401676595211]
        dvar2: [0.0797689408064, 0.0856598392129, 0.230761572719, 0.217390805483, 0.148302912712, 0.129925563931, 0.211216434836, 0.228888303041, 0.15782956779, 0.165135532618, 0.150148570538, 0.163413226604, 0.0785344392061, 0.0418426543474, 0.0820757225156, 0.105724081397, 0.110434085131, 0.0805231928825, 0.0733208209276, 0.0881892964244, 0.102615535259, 0.105875171721, 0.0917386114597, 0.178105607629, 0.108952783048, 0.0943145900965, 0.0770567506552, 0.103267833591, 0.112086631358, 0.12039180845, 0.0804105848074, 0.0961617082357, 0.0976513624191, 0.0617953799665, 0.0833814516664, 0.112500175834]
        max: [1, 0.909406781197, 1, 1, 1, 1, 1, 1, 1, 1, 1, 1, 1, 1, 1, 1, 1, 1, 1, 1, 1, 1, 1, 1, 1, 1, 1, 1, 1, 1, 1, 1, 1, 0.959722220898, 1, 1]
        mean: [0.11360052973, 0.113987050951, 0.121794305742, 0.124127842486, 0.12445063889, 0.126466974616, 0.145644038916, 0.224269658327, 0.422225505114, 0.466842651367, 0.2596090734, 0.109605103731, 0.0550171174109, 0.0514152161777, 0.103465430439, 0.141994580626, 0.1119928509, 0.0822530835867, 0.0870393738151, 0.0974772647023, 0.130700856447, 0.148639246821, 0.124414652586, 0.131524279714, 0.138059958816, 0.109839998186, 0.0873147174716, 0.0855955109, 0.091867081821, 0.14250010252, 0.212293386459, 0.178130581975, 0.0998527631164, 0.0679956153035, 0.0657938718796, 0.0924713462591]
        min: [1.164774676e-05, 3.09901370201e-05, 4.23048077209e-05, 0.000161526884767, 4.44204924861e-05, 1.34722204166e-05, 0, 0, 0, 0, 0, 0, 0, 0, 0, 0, 4.0788530896e-05, 1.93583055079e-05, 1.4402036868e-05, 0.000109677806904, 0.000119533033285, 0.000385523337172, 0.000343843654264, 1.60652234626e-05, 2.0074801796e-05, 1.34102047014e-05, 1.39149406095e-05, 1.1866704881e-05, 1.77943929884e-05, 0.000334684678819, 0.000291628151899, 0.000752396823373, 1.2546385733e-05, 5.60921489523e-06, 7.96501353761e-06, 1.70786624949e-05]
        var: [0.030841389671, 0.033664688468, 0.0587646812201, 0.0522368587554, 0.0575103200972, 0.0552668496966, 0.0639893636107, 0.0876877978444, 0.140432089567, 0.157355666161, 0.0799912437797, 0.0451754331589, 0.0175926536322, 0.0141980648041, 0.0468098558486, 0.0774188563228, 0.0470924340189, 0.0323018059134, 0.0294976830482, 0.0313129127026, 0.0465994141996, 0.0598018802702, 0.0355174615979, 0.0577250234783, 0.0646840408444, 0.0454791858792, 0.0243549309671, 0.0279422756284, 0.0355047211051, 0.0390755943954, 0.0592654719949, 0.0537354238331, 0.0322449356318, 0.0216042045504, 0.0217642523348, 0.0322298146784]
    chords_histogram: [40.6392707825, 0, 0, 0, 0, 0, 0, 0, 0, 0, 0, 0, 0, 0, 0, 0, 6.39269399643, 24.2009124756, 0, 0, 0, 0, 28.767124176, 0]
    thpcp: [1, 0.556095421314, 0.234779536724, 0.117849379778, 0.110133931041, 0.221628054976, 0.304159402847, 0.239894211292, 0.176190167665, 0.186442628503, 0.208801105618, 0.279967695475, 0.318392604589, 0.266502320766, 0.28173148632, 0.295731246471, 0.235282704234, 0.187032431364, 0.18334980309, 0.196783825755, 0.305242240429, 0.454742908478, 0.381564497948, 0.213889554143, 0.145649969578, 0.140933722258, 0.19807818532, 0.24333794415, 0.244165882468, 0.260889410973, 0.265887975693, 0.266579419374, 0.270898491144, 0.311976730824, 0.480396687984, 0.904427886009]
    chords_key: "C"
    chords_scale: "major"
    key_key: "C"
    key_scale: "major"
    chords_progression: ["F", "F", "F", "F", "F", "F", "F", "F", "F", "F", "F", "F", "F", "F", "F", "F", "F", "F", "F", "F", "F", "F", "F", "F", "F", "F", "F", "F", "F", "F", "F", "F", "F", "F", "F", "F", "F", "F", "F", "F", "F", "F", "F", "F", "F", "F", "F", "F", "F", "F", "F", "F", "F", "F", "F", "F", "F", "F", "F", "F", "F", "F", "F", "C", "C", "C", "C", "C", "C", "C", "C", "C", "C", "C", "C", "C", "C", "C", "C", "C", "C", "C", "C", "C", "C", "C", "C", "C", "C", "C", "C", "C", "C", "C", "C", "C", "C", "C", "C", "C", "C", "C", "C", "C", "C", "C", "C", "C", "C", "C", "C", "C", "C", "C", "C", "C", "C", "C", "C", "C", "C", "C", "C", "C", "C", "C", "C", "C", "C", "C", "C", "C", "C", "C", "C", "C", "C", "C", "C", "C", "C", "C", "C", "C", "C", "C", "C", "C", "C", "Cm", "C", "C", "C", "Cm", "Cm", "Cm", "Cm", "Cm", "Cm", "Cm", "Cm", "Cm", "Cm", "Cm", "Cm", "Cm", "Cm", "Cm", "Cm", "Cm", "Cm", "Cm", "Cm", "Cm", "Cm", "Cm", "Cm", "Cm", "Cm", "Cm", "Cm", "Cm", "Cm", "Cm", "Cm", "Cm", "Cm", "Cm", "Cm", "Cm", "Cm", "Cm", "Cm", "Cm", "Cm", "Cm", "Cm", "Cm", "Cm", "Cm", "Cm", "Cm", "Cm", "Cm", "Cm", "G#", "G#", "G#", "G#", "G#", "G#", "G#", "G#", "G#", "G#", "G#", "G#", "G#", "G#"]
