
metadata:
    version:
        essentia: "1.2.2"
    audio_properties:
        analysis_sample_rate: 44100
        bitrate: 128
        channels: 2
        equal_loudness: 1
        length: 10.0310201645
        replay_gain: -13.7225666046
        downmix: "mix"
    tags:
        track: 26
        year: 0
        album: "Splitted by Mp3Splt v. 2.1"
        artist: "From 004.10 To 004.20"
        comment: "http://mp3splt.sf.net"
        genre: ""
        title: "02 8th Wonder.mp3"

highlevel:
    ballroom:
        all:
            ChaChaCha: 0.110123760998
            Jive: 0.627004921436
            Quickstep: 0.135926872492
            Rumba-American: 0.00306633929722
            Rumba-International: 0.00196251831949
            Rumba-Misc: 0.00252047600225
            Samba: 0.109234713018
            Tango: 0.00129620661028
            VienneseWaltz: 0.00636503193527
            Waltz: 0.00249918596819
        probability: 0.627004921436
        value: "Jive"
    culture:
        all:
            non_western: 0.148375019431
            western: 0.851624965668
        probability: 0.851624965668
        value: "western"
    gender:
        all:
            female: 0.417262077332
            male: 0.582737922668
        probability: 0.582737922668
        value: "male"
    genre_dortmund:
        all:
            alternative: 0.0040106670931
            blues: 0.00300936587155
            electronic: 0.0125158727169
            folkcountry: 0.00227749790065
            funksoulrnb: 0.107937887311
            jazz: 0.0011696962174
            pop: 0.00533315911889
            raphiphop: 0.82898491621
            rock: 0.0347609296441
        probability: 0.82898491621
        value: "raphiphop"
    genre_electronica:
        all:
            ambient: 0.145821288228
            dnb: 0.736328601837
            house: 0.0270187612623
            techno: 0.045013088733
            trance: 0.045818246901
        probability: 0.736328601837
        value: "dnb"
    genre_rosamerica:
        all:
            cla: 0.00600023055449
            dan: 0.0177533086389
            hip: 0.921536982059
            jaz: 0.00141580053605
            pop: 0.028911402449
            rhy: 0.00812118407339
            roc: 0.0120448814705
            spe: 0.00421622162685
        probability: 0.921536982059
        value: "hip"
    genre_tzanetakis:
        all:
            blu: 0.000456318928627
            cla: 0.00170736410655
            cou: 0.00240875338204
            dis: 0.0953898057342
            hip: 0.731310725212
            jaz: 0.000803656119388
            met: 0.0115384729579
            pop: 0.116225391626
            reg: 0.0152467936277
            roc: 0.024912700057
        probability: 0.731310725212
        value: "hip"
    live_studio:
        all:
            live: 0.0320203378797
            studio: 0.967979669571
        probability: 0.967979669571
        value: "studio"
    mood:
        all:
            Cluster1: 0.112697333097
            Cluster2: 0.307288020849
            Cluster3: 0.0520140305161
            Cluster4: 0.222518980503
            Cluster5: 0.305481612682
        probability: 0.307288020849
        value: "Cluster2"
    mood_acoustic:
        all:
            acoustic: 0.00941872037947
            not_acoustic: 0.990581274033
        probability: 0.990581274033
        value: "not_acoustic"
    mood_aggressive:
        all:
            aggressive: 0.885358035564
            not_aggressive: 0.114641956985
        probability: 0.885358035564
        value: "aggressive"
    mood_electronic:
        all:
            electronic: 0.751577854156
            not_electronic: 0.248422160745
        probability: 0.751577854156
        value: "electronic"
    mood_happy:
        all:
            happy: 0.377240747213
            not_happy: 0.622759282589
        probability: 0.622759282589
        value: "not_happy"
    mood_party:
        all:
            not_party: 0.0563018172979
            party: 0.943698167801
        probability: 0.943698167801
        value: "party"
    mood_relaxed:
        all:
            not_relaxed: 0.719126939774
            relaxed: 0.280873060226
        probability: 0.719126939774
        value: "not_relaxed"
    mood_sad:
        all:
            not_sad: 0.996715962887
            sad: 0.00328401243314
        probability: 0.996715962887
        value: "not_sad"
    rhythm:
        all:
            fast: 0.867917239666
            medium: 0.127868309617
            slow: 0.00421447306871
        probability: 0.867917239666
        value: "fast"
    speech_music:
        all:
            music: 0.720931053162
            speech: 0.279068917036
        probability: 0.720931053162
        value: "music"
    timbre:
        all:
            bright: 0.00994891207665
            dark: 0.990051090717
        probability: 0.990051090717
        value: "dark"
    voice_instrumental:
        all:
            instrumental: 0.00841849017888
            voice: 0.991581499577
        probability: 0.991581499577
        value: "voice"

lowlevel:
    average_loudness: 0.964006602764
    barkbands_kurtosis:
        dmean: 1.70091831684
        dmean2: 2.82110214233
        dvar: 9.24512481689
        dvar2: 24.9545555115
        max: 28.4294643402
        mean: 0.541913509369
        min: -1.85577583313
        var: 11.936548233
    barkbands_skewness:
        dmean: 0.615059494972
        dmean2: 0.922640621662
        dvar: 0.422754317522
        dvar2: 0.849180221558
        max: 5.03042650223
        mean: -0.187630847096
        min: -3.13642907143
        var: 1.28814852238
    barkbands_spread:
        dmean: 7.06419897079
        dmean2: 11.6273651123
        dvar: 77.0799026489
        dvar2: 219.261154175
        max: 77.3705062866
        mean: 21.4181194305
        min: 2.70016050339
        var: 111.38167572
    dissonance:
        dmean: 0.0181261841208
        dmean2: 0.0294070057571
        dvar: 0.000402337027481
        dvar2: 0.00106798764318
        max: 0.499975115061
        mean: 0.470755755901
        min: 0.311904370785
        var: 0.000690705899615
    hfc:
        dmean: 2.90846729279
        dmean2: 3.90438365936
        dvar: 10.1620092392
        dvar2: 18.6127872467
        max: 40.9552955627
        mean: 7.94711637497
        min: 0.0795815885067
        var: 43.4174766541
    pitch:
        dmean: 824.067626953
        dmean2: 1546.80383301
        dvar: 1457899.5
        dvar2: 3261784
        max: 4900
        mean: 1239.50671387
        min: 78.1914901733
        var: 1953479.5
    pitch_instantaneous_confidence:
        dmean: 0.112086623907
        dmean2: 0.175751835108
        dvar: 0.00856753159314
        dvar2: 0.0221135169268
        max: 0.842203021049
        mean: 0.421383708715
        min: 0.142410457134
        var: 0.0264343507588
    pitch_salience:
        dmean: 0.0776713788509
        dmean2: 0.123138010502
        dvar: 0.0051925345324
        dvar2: 0.0129239428788
        max: 0.871409058571
        mean: 0.659460544586
        min: 0.232022196054
        var: 0.0133759314194
    silence_rate_20dB:
        dmean: 0
        dmean2: 0
        dvar: 0
        dvar2: 0
        max: 1
        mean: 1
        min: 1
        var: 0
    silence_rate_30dB:
        dmean: 0
        dmean2: 0
        dvar: 0
        dvar2: 0
        max: 1
        mean: 1
        min: 1
        var: 0
    silence_rate_60dB:
        dmean: 0.155452430248
        dmean2: 0.31162789464
        dvar: 0.131287395954
        dvar2: 0.256376862526
        max: 1
        mean: 0.456018507481
        min: 0
        var: 0.248065829277
    spectral_centroid:
        dmean: 414.874481201
        dmean2: 580.830505371
        dvar: 211472.0625
        dvar2: 371484.8125
        max: 5407.68554688
        mean: 2061.60644531
        min: 225.247055054
        var: 831254.375
    spectral_complexity:
        dmean: 4.04428911209
        dmean2: 5.78271007538
        dvar: 17.1379032135
        dvar2: 31.2587871552
        max: 37
        mean: 11.3976745605
        min: 0
        var: 67.4860687256
    spectral_crest:
        dmean: 2.57821059227
        dmean2: 4.2362446785
        dvar: 6.25524282455
        dvar2: 17.056394577
        max: 23.1733989716
        mean: 7.6488776207
        min: 2.74634218216
        var: 12.5908126831
    spectral_decrease:
        dmean: 2.79806705583e-10
        dmean2: 3.90860399602e-10
        dvar: 9.76777454179e-20
        dvar2: 1.93535990756e-19
        max: -9.27706956394e-12
        mean: -8.50847503564e-10
        min: -3.76394959645e-09
        var: 3.70217039159e-19
    spectral_energy:
        dmean: 0.00127887749113
        dmean2: 0.00176146265585
        dvar: 1.87091904991e-06
        dvar2: 3.63030380868e-06
        max: 0.0156374964863
        mean: 0.00393212214112
        min: 4.23345481977e-05
        var: 7.60335524319e-06
    spectral_energyband_high:
        dmean: 0.000208219833439
        dmean2: 0.000294555502478
        dvar: 1.46797432876e-07
        dvar2: 2.73075755786e-07
        max: 0.00578061584383
        mean: 0.000352010974893
        min: 7.40859832149e-07
        var: 4.16291982219e-07
    spectral_energyband_low:
        dmean: 0.000126564889797
        dmean2: 0.000232041609706
        dvar: 2.64125219473e-07
        dvar2: 7.59510839998e-07
        max: 0.00367895676754
        mean: 8.39121130412e-05
        min: 4.12188017052e-09
        var: 1.62951820926e-07
    spectral_energyband_middle_high:
        dmean: 0.000824461458251
        dmean2: 0.00113210978452
        dvar: 7.60090017593e-07
        dvar2: 1.38565224006e-06
        max: 0.0100835766643
        mean: 0.002329045441
        min: 2.57710780716e-05
        var: 3.86237616112e-06
    spectral_energyband_middle_low:
        dmean: 0.000631201313809
        dmean2: 0.000906227622181
        dvar: 8.0249066059e-07
        dvar2: 1.84935413472e-06
        max: 0.0125089511275
        mean: 0.00116714951582
        min: 8.6297186499e-06
        var: 2.15034697248e-06
    spectral_flatness_db:
        dmean: 0.0244369078428
        dmean2: 0.0360075607896
        dvar: 0.000535834464245
        dvar2: 0.00122440874111
        max: 0.330242156982
        mean: 0.191353499889
        min: 0.0982047766447
        var: 0.00185897678602
    spectral_flux:
        dmean: 0.00967804435641
        dmean2: 0.0138404332101
        dvar: 8.12684374978e-05
        dvar2: 0.000166412850376
        max: 0.111099049449
        mean: 0.0458336137235
        min: 0.00472960621119
        var: 0.000338204699801
    spectral_kurtosis:
        dmean: 1.48212051392
        dmean2: 2.32857966423
        dvar: 1.75229048729
        dvar2: 4.22685718536
        max: 14.2766780853
        mean: 4.19276428223
        min: -0.823035001755
        var: 6.71068096161
    spectral_rms:
        dmean: 0.000330087525072
        dmean2: 0.000442876829766
        dvar: 9.5445017223e-08
        dvar2: 1.75346102083e-07
        max: 0.00390590494499
        mean: 0.00182318838779
        min: 0.00020322893397
        var: 5.12199449076e-07
    spectral_rolloff:
        dmean: 533.912902832
        dmean2: 772.981750488
        dvar: 459303.15625
        dvar2: 860286.9375
        max: 8268.75
        mean: 3340.10107422
        min: 129.19921875
        var: 1549175.375
    spectral_skewness:
        dmean: 0.242735043168
        dmean2: 0.375327587128
        dvar: 0.0514946579933
        dvar2: 0.106985829771
        max: 3.23829817772
        mean: 1.44860851765
        min: 0.099993608892
        var: 0.221009045839
    spectral_spread:
        dmean: 648806.125
        dmean2: 922921.4375
        dvar: 571750219776
        dvar2: 1.05129109094e+12
        max: 10621275
        mean: 4297747
        min: 2085890.125
        var: 1.72415857459e+12
    spectral_strongpeak:
        dmean: 0.539113640785
        dmean2: 0.912814795971
        dvar: 0.504002332687
        dvar2: 1.25512683392
        max: 6.31035900116
        mean: 0.725712478161
        min: 0.0127169303596
        var: 0.671195328236
    zerocrossingrate:
        dmean: 0.0145926661789
        dmean2: 0.0150659866631
        dvar: 0.000243454545853
        dvar2: 0.000277639046544
        max: 0.26025390625
        mean: 0.107039198279
        min: 0.0107421875
        var: 0.00164546025917
    barkbands:
        dmean: [2.07579731182e-07, 3.89106571674e-05, 9.09033115022e-05, 6.51765440125e-05, 0.000222762449994, 0.000144402991282, 0.000178984366357, 0.000233982995269, 0.000161446689162, 8.26720934128e-05, 7.50473191147e-05, 9.54603310674e-05, 0.000117114053864, 0.000124000187498, 0.000119578282465, 0.000108021849883, 0.000198796769837, 0.000232449106988, 0.000251457036939, 0.000147602200741, 8.29746495583e-05, 6.321627734e-05, 1.74831329787e-05, 5.47738227397e-06, 2.49598701885e-06, 5.43695080069e-08, 1.24856414097e-09]
        dmean2: [3.11005379672e-07, 7.03245750628e-05, 0.000168857644894, 9.65908329817e-05, 0.000342865387211, 0.000244187132921, 0.000307231850456, 0.000372004898963, 0.00024933257373, 0.000131615393911, 0.000122570301755, 0.000155820482178, 0.000185131226317, 0.00019557934138, 0.000187388402992, 0.000173439053469, 0.000308036775095, 0.000338079145877, 0.000364143430488, 0.000218978151679, 0.000115488444862, 9.83732825262e-05, 2.45205847023e-05, 7.34529794499e-06, 3.6726869439e-06, 8.21976584575e-08, 1.45146483721e-09]
        dvar: [4.83304422958e-13, 2.54723389048e-08, 1.40396167581e-07, 2.26986607288e-08, 2.05622455951e-07, 2.5049232022e-07, 2.64108649617e-07, 3.51916099817e-07, 9.45435729705e-08, 3.14675752122e-08, 3.07494900653e-08, 4.86446438686e-08, 4.98364514101e-08, 4.69127670044e-08, 4.72541934471e-08, 2.50484664122e-08, 7.13540728725e-08, 1.14482148206e-07, 1.26299198655e-07, 5.31048129915e-08, 2.21515907839e-08, 2.55185881315e-08, 1.79195636107e-09, 2.24897753198e-10, 5.22348032883e-11, 1.18555796555e-14, 4.17466223164e-16]
        dvar2: [1.0871260489e-12, 7.25159878812e-08, 4.0297689452e-07, 4.21968699982e-08, 5.03937599206e-07, 6.92927983437e-07, 6.83055816353e-07, 9.29691964302e-07, 1.80248889592e-07, 7.91352547935e-08, 7.47820436686e-08, 1.45808954244e-07, 1.23123015783e-07, 1.21388964658e-07, 1.1132826927e-07, 6.07842949307e-08, 1.54294625077e-07, 2.12060470517e-07, 2.86381037995e-07, 1.25437964016e-07, 4.49616521792e-08, 4.92975225086e-08, 3.32519900503e-09, 2.89261087305e-10, 9.21064613468e-11, 2.68104325362e-14, 4.18700694275e-16]
        max: [5.78529579798e-06, 0.0014965608716, 0.0026517205406, 0.00131059600972, 0.00533182546496, 0.00660555064678, 0.00463246461004, 0.00821608491242, 0.00439967541024, 0.00178898428567, 0.00266912439838, 0.00212681759149, 0.00250984122977, 0.00225779181346, 0.00262126489542, 0.00171148101799, 0.00243639037944, 0.00467434478924, 0.00347393122502, 0.00213041598909, 0.00261389836669, 0.00290550803766, 0.000604609085713, 0.000277942512184, 0.000109503765998, 9.02045428575e-07, 4.23854544351e-07]
        mean: [1.93841415808e-07, 2.69497068075e-05, 5.67748575122e-05, 6.9484100095e-05, 0.000270781049039, 0.000143644865602, 0.000147020284203, 0.00026453929604, 0.000254268641584, 0.000102793892438, 0.000105408515083, 0.000130191459903, 0.00016863559722, 0.0001671709324, 0.000162042793818, 0.000167585792951, 0.000327618152369, 0.000449999730336, 0.00042904476868, 0.000228105316637, 0.000128680039779, 9.29086963879e-05, 2.63115161943e-05, 8.30318276712e-06, 3.59778937309e-06, 6.79028246964e-08, 1.20848708818e-09]
        min: [1.52557632326e-12, 4.72469341428e-10, 1.6060619501e-09, 9.06319641558e-09, 7.99882258207e-08, 4.04722548808e-08, 7.71863852833e-08, 2.54953221202e-07, 1.0950552678e-06, 6.38059589164e-07, 3.99922413408e-07, 2.20045109245e-07, 3.74315305862e-07, 1.87003274732e-06, 6.57485770716e-07, 1.18217610634e-06, 1.1168671108e-06, 1.60412935202e-06, 3.06170886688e-06, 1.29729880882e-06, 1.82592884812e-07, 1.42901797062e-07, 4.91822653714e-08, 1.76808221397e-08, 4.46756409644e-09, 1.76736139612e-10, 9.08839721688e-14]
        var: [5.4410615553e-13, 1.67576956756e-08, 8.25463715159e-08, 3.33283729503e-08, 3.01275974834e-07, 1.86612979292e-07, 2.11549789242e-07, 4.4193458848e-07, 2.7004799108e-07, 4.32300595321e-08, 6.15470838738e-08, 6.6664981091e-08, 9.09536694849e-08, 6.07096666272e-08, 7.55988409651e-08, 4.61840308219e-08, 1.65670925867e-07, 4.50179271638e-07, 2.98152116329e-07, 8.8858826075e-08, 5.24434327076e-08, 6.93542361319e-08, 5.47698730813e-09, 6.2904209619e-10, 1.19087573136e-10, 1.83132131557e-14, 4.16697911341e-16]
    mfcc:
        mean: [-739.328491211, 68.7771682739, -80.3660125732, 21.5330028534, -30.5956840515, -18.2969837189, -16.6106643677, -11.0128574371, -14.797003746, -11.10343647, -5.42181301117, -11.8990278244, -13.9312314987]
        cov: [[2876.97045898, -250.576446533, 47.9587173462, 197.320663452, 84.4233856201, 113.007469177, 29.2561969757, -65.8146972656, -3.17502641678, -47.3776092529, -29.7558689117, -0.224116384983, 67.7734222412], [-250.576446533, 1901.2611084, -142.092819214, 177.766464233, 196.934295654, -153.84046936, 27.8217601776, -0.42703846097, -26.055770874, -16.7683010101, 29.0566310883, 105.195411682, -73.984992981], [47.9587173462, -142.092819214, 883.375305176, 233.922164917, 126.672927856, 256.405487061, 66.0349121094, 34.1162071228, 40.9835662842, 77.086730957, 6.024538517, 24.3446331024, 53.5112762451], [197.320663452, 177.766464233, 233.922164917, 449.738494873, 230.4115448, 90.1645507812, 17.8949127197, 34.738319397, -9.46725463867, 32.7211036682, -9.7558298111, -12.5932617188, 19.3267745972], [84.4233856201, 196.934295654, 126.672927856, 230.4115448, 326.926086426, 94.3781433105, 14.6080379486, 11.9965858459, -10.0515232086, 44.4124717712, 0.784145414829, -7.96617031097, 10.8339366913], [113.007469177, -153.84046936, 256.405487061, 90.1645507812, 94.3781433105, 394.497344971, 197.226745605, 63.2248649597, 76.9544448853, 62.4338569641, 7.64102125168, 56.9323883057, 62.3792114258], [29.2561969757, 27.8217601776, 66.0349121094, 17.8949127197, 14.6080379486, 197.226745605, 320.067382812, 125.65158844, 68.8945083618, 16.6116008759, 21.715845108, 61.6246681213, 29.0529975891], [-65.8146972656, -0.42703846097, 34.1162071228, 34.738319397, 11.9965858459, 63.2248649597, 125.65158844, 173.032196045, 68.9532775879, 25.6785240173, 44.5575561523, 38.7529830933, 16.356672287], [-3.17502641678, -26.055770874, 40.9835662842, -9.46725463867, -10.0515232086, 76.9544448853, 68.8945083618, 68.9532775879, 154.073852539, 82.435508728, 52.4685897827, 51.5208969116, 25.6383895874], [-47.3776092529, -16.7683010101, 77.086730957, 32.7211036682, 44.4124717712, 62.4338569641, 16.6116008759, 25.6785240173, 82.435508728, 146.456802368, 56.8211517334, 38.9390716553, 24.5777053833], [-29.7558689117, 29.0566310883, 6.024538517, -9.7558298111, 0.784145414829, 7.64102125168, 21.715845108, 44.5575561523, 52.4685897827, 56.8211517334, 133.905944824, 83.8849868774, 20.8572330475], [-0.224116384983, 105.195411682, 24.3446331024, -12.5932617188, -7.96617031097, 56.9323883057, 61.6246681213, 38.7529830933, 51.5208969116, 38.9390716553, 83.8849868774, 137.189834595, 40.9002723694], [67.7734222412, -73.984992981, 53.5112762451, 19.3267745972, 10.8339366913, 62.3792114258, 29.0529975891, 16.356672287, 25.6383895874, 24.5777053833, 20.8572330475, 40.9002723694, 80.3832015991]]
        icov: [[0.000392428744817, 7.83148861956e-05, 6.3617277192e-05, -0.000254559854511, -3.91869434679e-05, -2.35087027249e-05, -9.7460935649e-05, 0.000352747156285, -0.00021743378602, 0.000319747516187, -2.31038247875e-05, -6.52160670143e-05, -0.000242196620093], [7.83148861956e-05, 0.000800124020316, 9.89845430013e-05, -0.000324483291479, -0.000583187269513, 0.000634250987787, -0.000379859906388, 0.000308312854031, -0.000158936483786, 0.000154205437866, 0.000496080843732, -0.00144614826422, 0.000954142189585], [6.3617277192e-05, 9.89845430013e-05, 0.00162661995273, -0.000783016439527, 0.00017253664555, -0.000992749119177, 0.000310954666929, 8.20758032205e-06, 0.000131147520733, -0.000361143233022, 4.4816868467e-05, -9.50841567828e-05, -0.000118686570204], [-0.000254559854511, -0.000324483291479, -0.000783016439527, 0.00420920085162, -0.00226641539484, -2.92115346383e-05, 0.000381876801839, -0.00126246560831, 0.000600790430326, -0.000292289740173, 0.000259599473793, 0.000738643517252, -0.000673248083331], [-3.91869434679e-05, -0.000583187269513, 0.00017253664555, -0.00226641539484, 0.00569503614679, -0.0015740361996, 0.000509021396283, -0.000214741172385, 0.00139307021163, -0.00157056958415, -0.000796386855654, 0.00152078340761, -0.000291294825729], [-2.35087027249e-05, 0.000634250987787, -0.000992749119177, -2.92115346383e-05, -0.0015740361996, 0.00605756416917, -0.00331163569354, 0.00114496576134, -0.00124513276387, -0.00065367273055, 0.00184390193317, -0.00187655421905, -0.00117984763347], [-9.7460935649e-05, -0.000379859906388, 0.000310954666929, 0.000381876801839, 0.000509021396283, -0.00331163569354, 0.00675006397069, -0.00399135658517, -0.000102297031845, 0.000835139129777, 0.000746561330743, -0.00100483978167, 0.000402366189519], [0.000352747156285, 0.000308312854031, 8.20758032205e-06, -0.00126246560831, -0.000214741172385, 0.00114496576134, -0.00399135658517, 0.010407237336, -0.00357634830289, 0.00150601833593, -0.00248379120603, 0.000500327849295, -0.000180135073606], [-0.00021743378602, -0.000158936483786, 0.000131147520733, 0.000600790430326, 0.00139307021163, -0.00124513276387, -0.000102297031845, -0.00357634830289, 0.0126107139513, -0.00620457855985, -0.000471650360851, -0.000806529191323, -0.000243884991505], [0.000319747516187, 0.000154205437866, -0.000361143233022, -0.000292289740173, -0.00157056958415, -0.00065367273055, 0.000835139129777, 0.00150601833593, -0.00620457855985, 0.0125085851178, -0.00366084603593, 0.000585531583056, -0.000899978273083], [-2.31038247875e-05, 0.000496080843732, 4.4816868467e-05, 0.000259599473793, -0.000796386855654, 0.00184390193317, 0.000746561330743, -0.00248379120603, -0.000471650360851, -0.00366084603593, 0.0154025079682, -0.00941706541926, 0.00136061897501], [-6.52160670143e-05, -0.00144614826422, -9.50841567828e-05, 0.000738643517252, 0.00152078340761, -0.00187655421905, -0.00100483978167, 0.000500327849295, -0.000806529191323, 0.000585531583056, -0.00941706541926, 0.017406726256, -0.00621283845976], [-0.000242196620093, 0.000954142189585, -0.000118686570204, -0.000673248083331, -0.000291294825729, -0.00117984763347, 0.000402366189519, -0.000180135073606, -0.000243884991505, -0.000899978273083, 0.00136061897501, -0.00621283845976, 0.017770877108]]
    spectral_contrast:
        mean: [-3.35484060088e-07, 1.04814944279e-07, -4.21737524903e-08, 1.24745241692e-07, 7.18201320637e-08, 4.08222504689e-08, -2.82730479739e-06, 1.62027606621e-06, -5.77125433665e-07, 3.75280546905e-06, -6.40819223463e-07, -3.50031746166e-06]
        var: [0.000961751444265, 0.00129686237779, 0.00229372316971, 0.00400485098362, 0.00865967944264, 0.01472634729, 0.0797209963202, 0.133138865232, 0.2753431499, 0.734385073185, 0.991090297699, 1.89538693428]

rhythm:
    beats_loudness:
        dmean: 0.00337931793183
        dmean2: 0.00600719964132
        dvar: 4.51002551927e-06
        dvar2: 1.58806815307e-05
        max: 0.0102044763044
        mean: 0.00562579603866
        min: 0.00161192077212
        var: 7.23766379451e-06
    beats_loudness_bass:
        dmean: 0.0831739902496
        dmean2: 0.156378448009
        dvar: 0.00583714526147
        dvar2: 0.0134479571134
        max: 0.206878721714
        mean: 0.0526602528989
        min: 0.000204048235901
        var: 0.00524695590138
    bpm: 107.851676941
    bpm_confidence: 0
    first_peak_bpm: 108
    first_peak_spread: 0
    first_peak_weight: 0.9375
    onset_rate: 5.08422851562
    second_peak_bpm: 94
    second_peak_spread: 0
    second_peak_weight: 0.0625
    beats_position: [0.479019492865, 1.03492438793, 1.59082901478, 2.14673399925, 2.70263886452, 3.25854372978, 3.81444859505, 4.37035369873, 4.926258564, 5.48216342926, 6.1182923317, 6.67558097839, 7.23286962509, 7.79015779495, 8.34744644165, 8.90473461151, 9.46202373505]
    bpm_estimates: [108.452545166, 108.498077393, 107.757331848, 108.02620697, 107.477867126, 108.622077942, 106.956993103, 107.489471436, 108.131958008, 107.534370422, 108.065055847, 107.357009888, 107.702697754]
    bpm_intervals: [0.555904865265, 0.555904626846, 0.555904984474, 0.555904865265, 0.555904865265, 0.555904865265, 0.555905103683, 0.555904865265, 0.555904865265, 0.636128902435, 0.557288646698, 0.557288646698, 0.557288169861, 0.557288646698, 0.557288169861, 0.557289123535]
    onset_times: [0.0580498874187, 0.197369620204, 0.348299324512, 0.476009070873, 0.696598649025, 0.743038535118, 0.99845802784, 1.47446715832, 1.59056687355, 1.77632653713, 1.97369611263, 2.26394557953, 2.3916554451, 2.60063481331, 2.70512461662, 2.87927436829, 2.96054410934, 3.15791392326, 3.26240372658, 3.45977330208, 3.5758728981, 3.83129262924, 4.051882267, 4.27247142792, 4.67882108688, 4.841360569, 4.93424034119, 5.16644001007, 5.36380958557, 5.47990942001, 5.74693870544, 5.8282084465, 5.94430828094, 6.06040811539, 6.24616765976, 6.46675729752, 6.81505680084, 6.8963265419, 7.14013624191, 7.46521520615, 7.61614513397, 7.77868461609, 8.32435417175, 8.55655288696, 8.71909332275, 9.03256225586, 9.17188167572, 9.2067117691, 9.34603214264, 9.70594120026, 9.99619007111]
    rubato_start: []
    rubato_stop: []
    perceptual_tempo: "unknown"

sfx:
    inharmonicity:
        dmean: 0.065734051168
        dmean2: 0.115865856409
        dvar: 0.0044014104642
        dvar2: 0.0121201323345
        max: 0.368968009949
        mean: 0.06928948313
        min: 0
        var: 0.00499388063326
    oddtoevenharmonicenergyratio:
        dmean: 26.619392395
        dmean2: 52.5532646179
        dvar: 67343.078125
        dvar2: 203207.84375
        max: 3792.10668945
        mean: 14.5092115402
        min: 0
        var: 34000.09375
    pitch_after_max_to_before_max_energy_ratio: 5.75281190872
    pitch_centroid: 235.805953979
    pitch_max_to_total: 0.309302330017
    pitch_min_to_total: 0.388372093439
    tristimulus:
        dmean: [0.226181596518, 0.286747604609, 0.150797486305]
        dmean2: [0.402756273746, 0.504116296768, 0.26020103693]
        dvar: [0.0443069078028, 0.0599864795804, 0.0228043366224]
        dvar2: [0.122495546937, 0.160680919886, 0.0583910420537]
        max: [1, 0.996757090092, 0.803900718689]
        mean: [0.269693285227, 0.478946298361, 0.152204319835]
        min: [0.000448733626399, 0, 0]
        var: [0.0579504109919, 0.0833047702909, 0.0299747306854]

tonal:
    chords_changes_rate: 0.13425925374
    chords_number_rate: 0.0416666679084
    chords_strength:
        dmean: 0.0231420025229
        dmean2: 0.0297984480858
        dvar: 0.000293265737128
        dvar2: 0.000622799736448
        max: 0.753262221813
        mean: 0.467304468155
        min: 0.278517216444
        var: 0.0143733760342
    key_strength: 0.528100311756
    tuning_diatonic_strength: 0.415438264608
    tuning_equal_tempered_deviation: 0.238175094128
    tuning_frequency: 455.253540039
    tuning_nontempered_energy_ratio: 0.911241054535
    hpcp:
        dmean: [0.228740423918, 0.218006283045, 0.196563273668, 0.174185022712, 0.175911873579, 0.191990211606, 0.191201657057, 0.196652382612, 0.199134767056, 0.20525445044, 0.213502898812, 0.218571797013, 0.222266703844, 0.221564605832, 0.244117468596, 0.224722057581, 0.208539381623, 0.232279554009, 0.246028408408, 0.216281548142, 0.200735405087, 0.216020643711, 0.257883220911, 0.223531752825, 0.210033595562, 0.223765730858, 0.213488474488, 0.213445320725, 0.206067681313, 0.240987896919, 0.246400713921, 0.209156930447, 0.208261966705, 0.212873935699, 0.216743350029, 0.223410353065]
        dmean2: [0.388564825058, 0.371045231819, 0.331512123346, 0.292824834585, 0.295077770948, 0.31686425209, 0.31968164444, 0.329610317945, 0.336337447166, 0.336989194155, 0.352159529924, 0.372531652451, 0.399930536747, 0.382158398628, 0.422777414322, 0.373706042767, 0.35928824544, 0.41075989604, 0.435760617256, 0.378000229597, 0.333275824785, 0.356487482786, 0.448144823313, 0.382950931787, 0.359782427549, 0.39141780138, 0.372865527868, 0.356215208769, 0.352807611227, 0.409658879042, 0.423633158207, 0.349951177835, 0.346768021584, 0.362392097712, 0.387477308512, 0.382217466831]
        dvar: [0.0458277314901, 0.0513692684472, 0.037819121033, 0.0339444205165, 0.0360769815743, 0.0394860394299, 0.0431412197649, 0.0353189706802, 0.0362971387804, 0.0446591712534, 0.0451233536005, 0.047176565975, 0.0566850490868, 0.0502566099167, 0.0620709694922, 0.0501743778586, 0.0487096607685, 0.0491961911321, 0.0584770105779, 0.0481016561389, 0.0401057973504, 0.0367671102285, 0.0564710311592, 0.0440888293087, 0.0366925522685, 0.052751943469, 0.0435065031052, 0.0394743010402, 0.0394209846854, 0.0471698045731, 0.0547317229211, 0.0416270382702, 0.0398714281619, 0.0429030023515, 0.0470908023417, 0.059367839247]
        dvar2: [0.118083551526, 0.13497415185, 0.0988520160317, 0.0812211111188, 0.0969347283244, 0.100675716996, 0.101247742772, 0.0921284481883, 0.0866921171546, 0.114213123918, 0.0942887216806, 0.128003492951, 0.169760987163, 0.139451593161, 0.146503284574, 0.133355110884, 0.135635614395, 0.145289629698, 0.158877953887, 0.118646837771, 0.103056646883, 0.109922364354, 0.162741735578, 0.116011179984, 0.0875750780106, 0.127046748996, 0.111615926027, 0.111703932285, 0.0918729752302, 0.130394563079, 0.150260463357, 0.0898933559656, 0.0977837368846, 0.123614042997, 0.120642393827, 0.166744872928]
        max: [1, 1, 1, 1, 1, 1, 1, 1, 1, 1, 1, 1, 1, 1, 1, 1, 1, 1, 1, 1, 1, 0.983107149601, 1, 1, 1, 1, 1, 1, 1, 1, 1, 1, 1, 1, 1, 1]
        mean: [0.30004426837, 0.304431319237, 0.271231591702, 0.244459494948, 0.237314105034, 0.253597468138, 0.26618000865, 0.260702937841, 0.262151002884, 0.265970796347, 0.288514763117, 0.278896272182, 0.258091002703, 0.28664213419, 0.328240841627, 0.348200678825, 0.329962193966, 0.301502615213, 0.310405731201, 0.309163480997, 0.285586327314, 0.296913504601, 0.328197419643, 0.308853775263, 0.288515150547, 0.316052019596, 0.314128905535, 0.300032973289, 0.29666608572, 0.319399118423, 0.346239507198, 0.35166451335, 0.341007173061, 0.31500390172, 0.297831535339, 0.288820892572]
        min: [0.00331819313578, 0.00345864496194, 0.00247712386772, 0.00518350489438, 0.00586728937924, 0.00447323918343, 0.00198106677271, 0.00290618487634, 0.00262817041948, 0.00501837627962, 0.00717745255679, 0.00631687045097, 0.00454184878618, 0.00525584071875, 0.00420172419399, 0.00292236311361, 0.00152411253657, 0.00626402767375, 0.00562702817842, 0.00722437957302, 0.00347279664129, 0.00220170710236, 0.00272874184884, 0.0074031916447, 0.00503203924745, 0.00415872735903, 0.00467139994726, 0.00488380622119, 0.00083261274267, 0.00371131044813, 0.00445629796013, 0.0101163843647, 0.0124448873103, 0.00809487421066, 0.00361351505853, 0.00798817165196]
        var: [0.0645608529449, 0.072960101068, 0.0560076758265, 0.0504962056875, 0.050682477653, 0.0592591241002, 0.0658416002989, 0.0542754791677, 0.0600891262293, 0.0610816963017, 0.0681019276381, 0.0564611703157, 0.0549167394638, 0.0605698041618, 0.0790847465396, 0.076229609549, 0.0751003399491, 0.0654354766011, 0.0748298093677, 0.0727124810219, 0.0642562136054, 0.0625235959888, 0.0807850882411, 0.0643734037876, 0.0585766173899, 0.0763182640076, 0.0650158748031, 0.0615505501628, 0.0595326349139, 0.0685785710812, 0.0763771981001, 0.0724098831415, 0.0683452934027, 0.0597595050931, 0.0568986386061, 0.0614308975637]
    chords_histogram: [13.8888893127, 0.462962955236, 14.8148145676, 0, 0, 0, 0, 14.3518514633, 2.31481480598, 0, 0, 0, 10.1851854324, 0, 4.62962961197, 6.48148155212, 0, 0, 0, 12.9629631042, 0, 0, 19.9074077606, 0]
    thpcp: [1, 0.969694554806, 0.895751178265, 0.846919476986, 0.821296691895, 0.853211700916, 0.865686774254, 0.771279394627, 0.695149719715, 0.674830973148, 0.721134662628, 0.756914615631, 0.741339921951, 0.745457649231, 0.756319701672, 0.820426166058, 0.793074846268, 0.733912587166, 0.815101087093, 0.933391988277, 0.990150153637, 0.938286840916, 0.857358634472, 0.88267570734, 0.879143238068, 0.812098801136, 0.844308972359, 0.933268547058, 0.878262579441, 0.820427238941, 0.898731648922, 0.893263041973, 0.853179574013, 0.843605399132, 0.908249497414, 0.984573364258]
    chords_key: "C"
    chords_scale: "major"
    key_key: "G"
    key_scale: "major"
    chords_progression: ["C", "C", "C", "C", "C", "C", "C", "C", "C", "C", "C", "C", "C", "C", "C", "C", "C", "C", "C", "C", "C", "C", "C", "C", "C", "C", "C", "C", "C", "C", "C", "C", "C", "C", "C", "C", "C", "C", "C", "C", "C", "C", "Dm", "C", "Dm", "Dm", "Dm", "Dm", "Dm", "Dm", "Dm", "Dm", "Dm", "Dm", "Dm", "Dm", "Dm", "Dm", "Dm", "Dm", "Dm", "Dm", "Dm", "Dm", "Dm", "Dm", "Dm", "Dm", "Dm", "D", "Dm", "Dm", "D", "D", "D", "D", "D", "D", "D", "D", "D", "D", "D", "D", "D", "D", "D", "D", "D", "D", "D", "D", "D", "D", "D", "D", "D", "D", "D", "D", "D", "D", "G", "G", "D", "G", "G", "G", "G", "G", "G", "G", "G", "G", "G", "G", "G", "G", "G", "G", "G", "G", "G", "G", "G", "G", "G", "G", "G", "G", "G", "G", "G", "G#m", "G#m", "G#m", "Bm", "Cm", "Cm", "Cm", "Cm", "G#m", "G#m", "C#", "C#", "C#", "C#", "C#", "C#", "C#", "C#", "C#", "C#", "B", "Cm", "Cm", "Cm", "Cm", "Cm", "Cm", "Cm", "Cm", "Cm", "Cm", "G#", "G#", "G#", "G#", "G#m", "G#m", "G#m", "G#m", "B", "B", "B", "B", "C#", "C#", "G#m", "C#", "G#", "G#", "C#", "C#", "C#", "G#", "G#", "G#", "G#m", "G#", "G#m", "G#m", "G#m", "G#m", "G#m", "G#m", "G#m", "G#m", "G#m", "G#m", "G#m", "G#m", "G#m", "G#m", "G#m", "G#m", "G#m", "G#m", "G#m", "G#m", "C#", "C#", "C#", "C#", "C#", "C#"]
