
metadata:
    version:
        essentia: "1.2.2"
    audio_properties:
        analysis_sample_rate: 44100
        bitrate: 128
        channels: 2
        equal_loudness: 1
        length: 10.0310201645
        replay_gain: -8.64826011658
        downmix: "mix"
    tags:
        track: 21
        year: 0
        album: "Splitted by Mp3Splt v. 2.1"
        artist: "From 003.20 To 003.30"
        comment: "http://mp3splt.sf.net"
        genre: ""
        title: "11 165..... Drop.mp3"

highlevel:
    ballroom:
        all:
            ChaChaCha: 0.105722740293
            Jive: 0.358320713043
            Quickstep: 0.206408917904
            Rumba-American: 0.00279701501131
            Rumba-International: 0.00663744285703
            Rumba-Misc: 0.00223496532999
            Samba: 0.312871128321
            Tango: 0.00116268696729
            VienneseWaltz: 0.00203387602232
            Waltz: 0.00181051809341
        probability: 0.358320713043
        value: "Jive"
    culture:
        all:
            non_western: 0.736948788166
            western: 0.263051211834
        probability: 0.736948788166
        value: "non_western"
    gender:
        all:
            female: 0.426247626543
            male: 0.573752343655
        probability: 0.573752343655
        value: "male"
    genre_dortmund:
        all:
            alternative: 0.0284231174737
            blues: 0.0584642961621
            electronic: 0.0916337147355
            folkcountry: 0.124030299485
            funksoulrnb: 0.0294089131057
            jazz: 0.369404405355
            pop: 0.0644385516644
            raphiphop: 0.0285349525511
            rock: 0.205661728978
        probability: 0.369404405355
        value: "jazz"
    genre_electronica:
        all:
            ambient: 0.326332300901
            dnb: 0.503270328045
            house: 0.0715048760176
            techno: 0.0429248549044
            trance: 0.0559676401317
        probability: 0.503270328045
        value: "dnb"
    genre_rosamerica:
        all:
            cla: 0.0776200592518
            dan: 0.137509927154
            hip: 0.101593352854
            jaz: 0.0932875648141
            pop: 0.160748511553
            rhy: 0.298608928919
            roc: 0.113269425929
            spe: 0.017362235114
        probability: 0.298608928919
        value: "rhy"
    genre_tzanetakis:
        all:
            blu: 0.00344010000117
            cla: 0.00355716794729
            cou: 0.0312832631171
            dis: 0.194133371115
            hip: 0.0189140941948
            jaz: 0.0202579367906
            met: 0.00962707865983
            pop: 0.39828440547
            reg: 0.181239023805
            roc: 0.139263540506
        probability: 0.39828440547
        value: "pop"
    live_studio:
        all:
            live: 0.37035214901
            studio: 0.62964785099
        probability: 0.62964785099
        value: "studio"
    mood:
        all:
            Cluster1: 0.417549997568
            Cluster2: 0.206848353148
            Cluster3: 0.0819284617901
            Cluster4: 0.126092419028
            Cluster5: 0.167580768466
        probability: 0.417549997568
        value: "Cluster1"
    mood_acoustic:
        all:
            acoustic: 0.506905436516
            not_acoustic: 0.493094593287
        probability: 0.506905436516
        value: "acoustic"
    mood_aggressive:
        all:
            aggressive: 0.219358757138
            not_aggressive: 0.780641257763
        probability: 0.780641257763
        value: "not_aggressive"
    mood_electronic:
        all:
            electronic: 0.425710439682
            not_electronic: 0.574289560318
        probability: 0.574289560318
        value: "not_electronic"
    mood_happy:
        all:
            happy: 0.405081212521
            not_happy: 0.594918787479
        probability: 0.594918787479
        value: "not_happy"
    mood_party:
        all:
            not_party: 0.19898609817
            party: 0.801013886929
        probability: 0.801013886929
        value: "party"
    mood_relaxed:
        all:
            not_relaxed: 0.969145298004
            relaxed: 0.0308547001332
        probability: 0.969145298004
        value: "not_relaxed"
    mood_sad:
        all:
            not_sad: 0.683936417103
            sad: 0.316063582897
        probability: 0.683936417103
        value: "not_sad"
    rhythm:
        all:
            fast: 0.924247562885
            medium: 0.0702054277062
            slow: 0.0055469982326
        probability: 0.924247562885
        value: "fast"
    speech_music:
        all:
            music: 0.933682739735
            speech: 0.0663172826171
        probability: 0.933682739735
        value: "music"
    timbre:
        all:
            bright: 0.933628857136
            dark: 0.0663711726665
        probability: 0.933628857136
        value: "bright"
    voice_instrumental:
        all:
            instrumental: 0.0364371798933
            voice: 0.963562846184
        probability: 0.963562846184
        value: "voice"

lowlevel:
    average_loudness: 0.938000559807
    barkbands_kurtosis:
        dmean: 2.83835792542
        dmean2: 4.64774131775
        dvar: 17.5655918121
        dvar2: 42.1793060303
        max: 40.0989494324
        mean: 2.41286373138
        min: -1.85635495186
        var: 32.6802864075
    barkbands_skewness:
        dmean: 0.757941126823
        dmean2: 1.15393567085
        dvar: 0.475868701935
        dvar2: 1.08741629124
        max: 5.29742240906
        mean: 1.15990400314
        min: -2.49059152603
        var: 1.76846218109
    barkbands_spread:
        dmean: 8.26357555389
        dmean2: 13.0150651932
        dvar: 58.6319465637
        dvar2: 136.580322266
        max: 66.8323440552
        mean: 27.8036556244
        min: 2.61977601051
        var: 172.105361938
    dissonance:
        dmean: 0.0222376473248
        dmean2: 0.0370453745127
        dvar: 0.000399763433961
        dvar2: 0.0010284553282
        max: 0.5
        mean: 0.461651563644
        min: 0.349283367395
        var: 0.000717044691555
    hfc:
        dmean: 2.09491014481
        dmean2: 2.90765190125
        dvar: 15.6548538208
        dvar2: 26.0411014557
        max: 32.1697731018
        mean: 3.37822890282
        min: 0.196336075664
        var: 30.9905986786
    pitch:
        dmean: 722.148193359
        dmean2: 1402.02539062
        dvar: 1878575.875
        dvar2: 4615304
        max: 4900
        mean: 821.837219238
        min: 69.4488220215
        var: 1809707.875
    pitch_instantaneous_confidence:
        dmean: 0.0945428237319
        dmean2: 0.151438370347
        dvar: 0.00630703382194
        dvar2: 0.0147716281936
        max: 0.899826288223
        mean: 0.368326693773
        min: 0.137922585011
        var: 0.0213726647198
    pitch_salience:
        dmean: 0.0828149691224
        dmean2: 0.136421814561
        dvar: 0.00461336132139
        dvar2: 0.0120729375631
        max: 0.874697506428
        mean: 0.635334610939
        min: 0.355855286121
        var: 0.0103381434456
    silence_rate_20dB:
        dmean: 0
        dmean2: 0
        dvar: 0
        dvar2: 0
        max: 1
        mean: 1
        min: 1
        var: 0
    silence_rate_30dB:
        dmean: 0
        dmean2: 0
        dvar: 0
        dvar2: 0
        max: 1
        mean: 1
        min: 1
        var: 0
    silence_rate_60dB:
        dmean: 0.148491874337
        dmean2: 0.297674417496
        dvar: 0.126441568136
        dvar2: 0.241622254252
        max: 1
        mean: 0.743055582047
        min: 0
        var: 0.190923392773
    spectral_centroid:
        dmean: 352.07232666
        dmean2: 513.455078125
        dvar: 123962.367188
        dvar2: 248450.765625
        max: 3394.29589844
        mean: 1205.3293457
        min: 299.234191895
        var: 458224.625
    spectral_complexity:
        dmean: 3.11188817024
        dmean2: 4.72663545609
        dvar: 36.2904891968
        dvar2: 55.7687149048
        max: 51
        mean: 6.49069786072
        min: 0
        var: 67.8359527588
    spectral_crest:
        dmean: 2.72938895226
        dmean2: 4.44780063629
        dvar: 5.51386356354
        dvar2: 14.3264369965
        max: 20.9925708771
        mean: 8.24439430237
        min: 2.9398765564
        var: 12.1510705948
    spectral_decrease:
        dmean: 4.18897777577e-10
        dmean2: 6.45678288613e-10
        dvar: 3.9724576021e-19
        dvar2: 8.83579337681e-19
        max: -2.28900405574e-11
        mean: -6.5628052992e-10
        min: -5.83134296406e-09
        var: 6.87474511683e-19
    spectral_energy:
        dmean: 0.00175400881562
        dmean2: 0.0026711281389
        dvar: 6.78448031977e-06
        dvar2: 1.4512144844e-05
        max: 0.0243194550276
        mean: 0.00278336973861
        min: 0.000108588385046
        var: 1.23305617308e-05
    spectral_energyband_high:
        dmean: 0.000103938618849
        dmean2: 0.000149431391037
        dvar: 5.89494320025e-08
        dvar2: 9.49645979631e-08
        max: 0.00196766247973
        mean: 0.000154082619702
        min: 1.53747168952e-05
        var: 9.81574430625e-08
    spectral_energyband_low:
        dmean: 0.000163665303262
        dmean2: 0.000278286141111
        dvar: 1.0925345606e-07
        dvar2: 2.94695581715e-07
        max: 0.00209778477438
        mean: 0.000189151614904
        min: 8.88975023372e-07
        var: 1.10229912309e-07
    spectral_energyband_middle_high:
        dmean: 0.000602984218858
        dmean2: 0.000827933312394
        dvar: 1.36560856845e-06
        dvar2: 2.46153854278e-06
        max: 0.0113243814558
        mean: 0.000916123855859
        min: 2.20814399654e-05
        var: 2.92685899694e-06
    spectral_energyband_middle_low:
        dmean: 0.00114979757927
        dmean2: 0.00188165123109
        dvar: 4.08248888562e-06
        dvar2: 1.03044367279e-05
        max: 0.0154997101054
        mean: 0.00152401160449
        min: 4.60257651866e-05
        var: 5.5160685406e-06
    spectral_flatness_db:
        dmean: 0.0258672758937
        dmean2: 0.0414630286396
        dvar: 0.000537986983545
        dvar2: 0.00135276757646
        max: 0.287674337626
        mean: 0.146622702479
        min: 0.0738897547126
        var: 0.00157566054258
    spectral_flux:
        dmean: 0.0122118918225
        dmean2: 0.0187737178057
        dvar: 0.000227456199354
        dvar2: 0.000404023885494
        max: 0.115231782198
        mean: 0.0328876152635
        min: 0.00671759061515
        var: 0.000462088326458
    spectral_kurtosis:
        dmean: 0.959015905857
        dmean2: 1.45277643204
        dvar: 1.00133526325
        dvar2: 2.0962293148
        max: 10.6643505096
        mean: 2.4833073616
        min: -0.112075805664
        var: 3.36094546318
    spectral_rms:
        dmean: 0.000467040925287
        dmean2: 0.000686703424435
        dvar: 3.00594564351e-07
        dvar2: 6.35207243249e-07
        max: 0.00487096467987
        mean: 0.00141549238469
        min: 0.000325484084897
        var: 7.11865709491e-07
    spectral_rolloff:
        dmean: 794.670898438
        dmean2: 1267.64135742
        dvar: 880707.3125
        dvar2: 1951508.5
        max: 5469.43359375
        mean: 2268.29663086
        min: 215.33203125
        var: 2314354
    spectral_skewness:
        dmean: 0.213293224573
        dmean2: 0.305678725243
        dvar: 0.0316529273987
        dvar2: 0.0580220147967
        max: 2.65862226486
        mean: 1.38292050362
        min: 0.526826679707
        var: 0.154450789094
    spectral_spread:
        dmean: 769949.625
        dmean2: 1180633
        dvar: 551375929344
        dvar2: 1.1991047209e+12
        max: 10533339
        mean: 6534001
        min: 2833201
        var: 1.92032918733e+12
    spectral_strongpeak:
        dmean: 0.269877851009
        dmean2: 0.440301239491
        dvar: 0.262898027897
        dvar2: 0.664083123207
        max: 4.49134254456
        mean: 0.354664236307
        min: 0.0125254038721
        var: 0.340668231249
    zerocrossingrate:
        dmean: 0.0136035839096
        dmean2: 0.0149952536449
        dvar: 0.000136932168971
        dvar2: 0.000170379251358
        max: 0.1669921875
        mean: 0.078269213438
        min: 0.02587890625
        var: 0.000938883284107
    barkbands:
        dmean: [1.89905904335e-08, 3.21066800097e-05, 0.000152233929839, 0.000321426661685, 0.000625425192993, 0.000164345416124, 0.000157550224685, 6.60606383462e-05, 4.71088387712e-05, 5.96484969719e-05, 4.22542580054e-05, 7.91596903582e-05, 6.11459690845e-05, 5.41650733794e-05, 9.96743474388e-05, 5.16286381753e-05, 0.000125151651446, 0.000109021260869, 0.000146794322063, 7.52878113417e-05, 4.79279515275e-05, 2.38721513597e-05, 5.79517200094e-06, 2.49062736657e-06, 1.15729824302e-06, 1.70757061824e-07, 5.54028600774e-10]
        dmean2: [3.39818342354e-08, 5.10115824e-05, 0.000264566770056, 0.00058980868198, 0.00114143558312, 0.00022406190692, 0.000191813436686, 9.83883364825e-05, 7.35407011234e-05, 9.17041688808e-05, 6.52625021758e-05, 0.000125953985844, 9.97164315777e-05, 8.80486913957e-05, 0.000165448247571, 8.21772337076e-05, 0.000177793539478, 0.000151386324433, 0.000225135852816, 0.000111404195195, 6.87705323799e-05, 3.5616227251e-05, 7.86521741247e-06, 3.50660252479e-06, 1.59628484653e-06, 2.44895886681e-07, 7.48106299131e-10]
        dvar: [7.52037990461e-16, 3.81688147755e-09, 9.32545347609e-08, 3.81414224648e-07, 1.92071706806e-06, 1.28518763631e-07, 1.46236303067e-07, 2.45426843293e-08, 1.34897026882e-08, 1.49860142074e-08, 6.45205444627e-09, 4.50195933865e-08, 3.47771234033e-08, 2.42481004165e-08, 1.00912004086e-07, 1.42416007876e-08, 1.57291637493e-07, 7.09786220909e-08, 2.01958769708e-07, 3.05007858969e-08, 1.41128166931e-08, 3.00854052782e-09, 9.24886417453e-11, 1.80125515198e-11, 5.55503342978e-12, 7.05458369672e-14, 1.65517252385e-17]
        dvar2: [2.24670385886e-15, 9.05811248231e-09, 2.58965940247e-07, 1.0613731547e-06, 5.331421562e-06, 1.8152893233e-07, 1.69415287132e-07, 4.61941063179e-08, 3.03898985976e-08, 2.50781990729e-08, 1.57155479741e-08, 8.319013034e-08, 7.8592243824e-08, 5.33080424248e-08, 2.90021603178e-07, 3.34385816814e-08, 3.74274947035e-07, 1.34137621899e-07, 4.70999964364e-07, 6.42917825644e-08, 2.72544067315e-08, 5.73246827784e-09, 1.57762067299e-10, 2.92497866206e-11, 8.32567348397e-12, 1.33480750866e-13, 1.85923434137e-17]
        max: [2.84434349851e-07, 0.000475297565572, 0.00184271740727, 0.00356966815889, 0.0115122562274, 0.00668535940349, 0.00681571476161, 0.00210620602593, 0.00170220516156, 0.00181982270442, 0.000725623511244, 0.00250132591464, 0.00219000666402, 0.00209319824353, 0.00325194327161, 0.0013026043307, 0.00529713137075, 0.00330324284732, 0.00534525187686, 0.00146704178769, 0.000943144317716, 0.000490716076456, 9.22133112908e-05, 4.11556393374e-05, 2.3312308258e-05, 2.38251141127e-06, 8.20400742896e-08]
        mean: [2.2820040968e-08, 3.79549019272e-05, 0.000151175539941, 0.000260451284703, 0.000523058522958, 0.000294058583677, 0.000265600770945, 8.11385762063e-05, 6.81623932905e-05, 8.35247701616e-05, 3.8733927795e-05, 8.60163054313e-05, 6.43262101221e-05, 5.84525696468e-05, 9.42224796745e-05, 5.80237574468e-05, 0.000140519347042, 0.000129735155497, 0.000143122946611, 9.47171793086e-05, 6.07504734944e-05, 3.51658709405e-05, 9.05377783056e-06, 3.60624972018e-06, 1.59356534368e-06, 1.83066276804e-07, 5.47454748201e-10]
        min: [1.88624130204e-10, 5.64585356244e-08, 6.31644866189e-07, 7.6867718235e-07, 7.7132253864e-06, 3.13192913381e-06, 1.56552425779e-06, 3.86875399272e-07, 6.0703479221e-07, 4.43517706117e-07, 2.24410413807e-07, 2.82616355207e-07, 1.83614588423e-07, 2.06009715953e-07, 2.77117692349e-07, 2.41857833316e-07, 2.31438292531e-07, 3.59545015272e-06, 2.40409167418e-06, 4.41248175775e-06, 3.97853409595e-06, 3.20434878631e-06, 5.55212352538e-07, 1.55902000643e-07, 3.88072791679e-08, 1.27396904137e-09, 1.07730962822e-13]
        var: [6.17583686183e-16, 4.50129533647e-09, 8.30586799339e-08, 2.49799114727e-07, 1.37451900173e-06, 4.69449929597e-07, 5.4010945405e-07, 4.73199435191e-08, 2.48737297426e-08, 3.15545136687e-08, 6.33166319375e-09, 6.13340702671e-08, 4.10008453855e-08, 2.84575936149e-08, 8.75335786077e-08, 1.81562640478e-08, 1.91201976918e-07, 1.11526368585e-07, 1.97003330982e-07, 3.69428612146e-08, 2.02237675495e-08, 4.45942216487e-09, 1.72946712507e-10, 3.44645562089e-11, 9.97639817979e-12, 1.06103751544e-13, 1.6799411238e-17]
    mfcc:
        mean: [-757.983581543, 99.3221359253, -12.3157339096, 43.4729156494, -18.7208499908, 0.670359253883, -6.01057004929, -4.77270746231, -8.94407844543, -6.89058876038, -6.05239009857, -7.26232290268, -6.52407073975]
        cov: [[2921.23168945, -53.7562980652, -1030.82775879, -320.919952393, 258.456359863, -39.6584472656, -63.2620315552, 2.79683709145, 2.88241362572, -105.294883728, -53.136089325, -1.62891948223, -29.6784973145], [-53.7562980652, 706.190612793, 30.72356987, -23.8198776245, 50.0056915283, 1.765001297, -66.7811050415, -8.84858703613, 21.9226264954, 49.4877319336, 23.7300643921, 34.3924217224, 3.89098834991], [-1030.82775879, 30.72356987, 876.143676758, 230.680465698, -181.085845947, 6.30103731155, 46.6255149841, -25.4360733032, -33.3770675659, 16.48736763, -0.0136241419241, -22.6270484924, 22.3455524445], [-320.919952393, -23.8198776245, 230.680465698, 272.870330811, 21.133190155, -55.6438789368, 4.98386287689, 19.9789047241, 8.86025714874, 7.09316968918, 21.4906692505, 2.01173686981, 2.07457065582], [258.456359863, 50.0056915283, -181.085845947, 21.133190155, 199.767440796, 61.0731811523, 6.25226593018, 46.6436767578, 37.6355476379, 18.7002849579, 15.7085771561, 10.3751411438, -3.72966575623], [-39.6584472656, 1.765001297, 6.30103731155, -55.6438789368, 61.0731811523, 169.47366333, 103.620056152, 46.7662353516, 28.0210094452, 19.698217392, 3.11176252365, -3.31534790993, 1.49495685101], [-63.2620315552, -66.7811050415, 46.6255149841, 4.98386287689, 6.25226593018, 103.620056152, 153.951644897, 81.4204940796, 28.4688529968, 16.4966430664, 11.6182069778, -8.39866638184, -9.36754512787], [2.79683709145, -8.84858703613, -25.4360733032, 19.9789047241, 46.6436767578, 46.7662353516, 81.4204940796, 103.864570618, 54.1005325317, 28.5037498474, 19.6632575989, 2.47286009789, -8.28811073303], [2.88241362572, 21.9226264954, -33.3770675659, 8.86025714874, 37.6355476379, 28.0210094452, 28.4688529968, 54.1005325317, 80.7107772827, 49.195766449, 27.0736999512, 9.94951725006, -0.847082257271], [-105.294883728, 49.4877319336, 16.48736763, 7.09316968918, 18.7002849579, 19.698217392, 16.4966430664, 28.5037498474, 49.195766449, 72.7260818481, 41.9287223816, 15.8398771286, 1.40885257721], [-53.136089325, 23.7300643921, -0.0136241419241, 21.4906692505, 15.7085771561, 3.11176252365, 11.6182069778, 19.6632575989, 27.0736999512, 41.9287223816, 64.5770950317, 33.7846412659, 10.6370601654], [-1.62891948223, 34.3924217224, -22.6270484924, 2.01173686981, 10.3751411438, -3.31534790993, -8.39866638184, 2.47286009789, 9.94951725006, 15.8398771286, 33.7846412659, 56.1738967896, 31.1249885559], [-29.6784973145, 3.89098834991, 22.3455524445, 2.07457065582, -3.72966575623, 1.49495685101, -9.36754512787, -8.28811073303, -0.847082257271, 1.40885257721, 10.6370601654, 31.1249885559, 54.0188064575]]
        icov: [[0.000712622480933, -2.15765539906e-05, 0.000438016984845, 0.000749084865674, -0.00107279641088, 0.00116354227066, -0.000975308765192, 0.000689714157488, -0.000720818119589, 0.00128835719079, -7.42414558772e-05, 0.000135771217174, -9.49770328589e-05], [-2.15765539906e-05, 0.00174678280018, -0.00045668031089, 0.000499695306644, -0.00059065874666, -0.000277868966805, 0.0013973347377, -0.0005856200587, 0.000332374183927, -0.00127521471586, 0.000587578455452, -0.00152528204489, 0.000953035138082], [0.000438016984845, -0.00045668031089, 0.00346729019657, -0.00337658263743, 0.00362780247815, -0.00291434535757, 0.000770342885517, -0.000134987640195, 0.00153401622083, -0.00140393443871, 0.000336844444973, 0.00196687388234, -0.00172600592487], [0.000749084865674, 0.000499695306644, -0.00337658263743, 0.0100972829387, -0.00791493151337, 0.00934322457761, -0.00539888488129, 0.00187703000847, -0.00326676247641, 0.00407245010138, -0.00221321242861, -0.000348526285961, 0.000410444219597], [-0.00107279641088, -0.00059065874666, 0.00362780247815, -0.00791493151337, 0.0159418843687, -0.0132913151756, 0.0108438264579, -0.00804862193763, 0.00328733609058, -0.00304472842254, -0.000690207874868, 0.000969899410848, 7.85280790296e-05], [0.00116354227066, -0.000277868966805, -0.00291434535757, 0.00934322457761, -0.0132913151756, 0.0239271074533, -0.0191284622997, 0.00954571645707, -0.00589058781043, 0.00189908861648, 0.00236066733487, -0.000332215597155, -0.00234169932082], [-0.000975308765192, 0.0013973347377, 0.000770342885517, -0.00539888488129, 0.0108438264579, -0.0191284622997, 0.0291602890939, -0.020406505093, 0.00761902425438, -0.00170433940366, -0.00368738453835, 0.00182303262409, 0.00229566544294], [0.000689714157488, -0.0005856200587, -0.000134987640195, 0.00187703000847, -0.00804862193763, 0.00954571645707, -0.020406505093, 0.0319091938436, -0.0161656588316, 0.00383118214086, 0.00036397628719, -0.00127981905825, 0.00125439860858], [-0.000720818119589, 0.000332374183927, 0.00153401622083, -0.00326676247641, 0.00328733609058, -0.00589058781043, 0.00761902425438, -0.0161656588316, 0.0332079902291, -0.0198315959424, 0.00233798078261, 0.000486978766276, -0.0014011511812], [0.00128835719079, -0.00127521471586, -0.00140393443871, 0.00407245010138, -0.00304472842254, 0.00189908861648, -0.00170433940366, 0.00383118214086, -0.0198315959424, 0.0393542945385, -0.0193729922175, 0.00346299144439, 0.00173563812859], [-7.42414558772e-05, 0.000587578455452, 0.000336844444973, -0.00221321242861, -0.000690207874868, 0.00236066733487, -0.00368738453835, 0.00036397628719, 0.00233798078261, -0.0193729922175, 0.0383096151054, -0.0207091700286, 0.00409656669945], [0.000135771217174, -0.00152528204489, 0.00196687388234, -0.000348526285961, 0.000969899410848, -0.000332215597155, 0.00182303262409, -0.00127981905825, 0.000486978766276, 0.00346299144439, -0.0207091700286, 0.0427265539765, -0.02104312554], [-9.49770328589e-05, 0.000953035138082, -0.00172600592487, 0.000410444219597, 7.85280790296e-05, -0.00234169932082, 0.00229566544294, 0.00125439860858, -0.0014011511812, 0.00173563812859, 0.00409656669945, -0.02104312554, 0.0310011375695]]
    spectral_contrast:
        mean: [-1.59633017915e-07, 2.76494517948e-07, -4.64578348014e-10, 3.130326931e-08, -9.23178902212e-08, 3.2534779848e-07, -2.00604290512e-06, 1.57512204169e-06, 2.24090945267e-06, 2.10092503039e-06, 9.97788674795e-07, 3.77449879352e-07]
        var: [0.000213827632251, 0.000892264768481, 0.00138741894625, 0.00374522153288, 0.00411747489125, 0.00679982546717, 0.042533673346, 0.111110679805, 0.16286765039, 0.238104835153, 0.432646155357, 1.66286635399]

rhythm:
    beats_loudness:
        dmean: 0.00257786386646
        dmean2: 0.00424112891778
        dvar: 8.07584819995e-06
        dvar2: 1.76284920599e-05
        max: 0.0167544092983
        mean: 0.00398867717013
        min: 0.000273642654065
        var: 1.5683042875e-05
    beats_loudness_bass:
        dmean: 0.190143465996
        dmean2: 0.306313633919
        dvar: 0.0257762912661
        dvar2: 0.0651251450181
        max: 0.630234956741
        mean: 0.184981673956
        min: 0.00103808497079
        var: 0.0341365300119
    bpm: 129.071151733
    bpm_confidence: 0
    first_peak_bpm: 171
    first_peak_spread: 0
    first_peak_weight: 0.666666686535
    onset_rate: 5.2836098671
    second_peak_bpm: 129
    second_peak_spread: 0
    second_peak_weight: 0.291666656733
    beats_position: [0.106504105031, 0.457894772291, 0.809285521507, 1.16067612171, 1.51206684113, 1.86345744133, 2.21484804153, 2.56623888016, 2.91762948036, 3.26902031898, 3.62041091919, 3.97180151939, 4.3231921196, 4.67458295822, 5.02597332001, 5.37736415863, 5.72875499725, 6.40658855438, 6.87144899368, 7.33630943298, 7.80116891861, 8.26602935791, 8.73089027405, 9.19574928284, 9.66061019897]
    bpm_estimates: [129.085067749, 129.229904175, 129.06729126, 128.902328491]
    bpm_intervals: [0.351390659809, 0.351390749216, 0.351390600204, 0.351390719414, 0.351390600204, 0.351390600204, 0.351390838623, 0.351390600204, 0.351390838623, 0.351390600204, 0.351390600204, 0.351390600204, 0.351390838623, 0.351390361786, 0.351390838623, 0.351390838623, 0.677833557129, 0.464860439301, 0.464860439301, 0.464859485626, 0.464860439301, 0.464860916138, 0.464859008789, 0.464860916138]
    onset_times: [0.0580498874187, 0.232199549675, 0.325079351664, 0.557278931141, 0.801088452339, 0.9287981987, 1.05650794506, 1.26548755169, 1.49768710136, 1.75310659409, 1.86920630932, 2.10140585899, 2.20589566231, 2.43809533119, 2.56580495834, 2.80961441994, 2.90249443054, 3.14630389214, 3.28562355042, 3.3785033226, 3.62231302261, 3.97061228752, 4.3073015213, 4.55111122131, 4.67882108688, 5.01551008224, 5.23609972, 5.61922883987, 5.75854873657, 5.85142850876, 5.94430828094, 6.1648979187, 6.43192720413, 6.54802703857, 6.64090681076, 6.8382768631, 7.10530614853, 7.27945566177, 7.50004529953, 7.73224496841, 7.8251247406, 7.97605419159, 8.04571437836, 8.3011341095, 8.42884349823, 8.53333377838, 8.75392246246, 8.98612213135, 9.24154186249, 9.35764217377, 9.58984088898, 9.69433116913, 9.91492080688]
    rubato_start: [6.87144899368]
    rubato_stop: [9.66061019897]
    perceptual_tempo: "unknown"

sfx:
    inharmonicity:
        dmean: 0.0399158857763
        dmean2: 0.0723604410887
        dvar: 0.00264527858235
        dvar2: 0.00767483562231
        max: 0.308635175228
        mean: 0.0363979376853
        min: 4.6448843932e-05
        var: 0.00242570438422
    oddtoevenharmonicenergyratio:
        dmean: 2.48813915253
        dmean2: 4.73629140854
        dvar: 49.2575073242
        dvar2: 148.754852295
        max: 71.0881118774
        mean: 1.49739956856
        min: 0.000223060909775
        var: 28.0635585785
    pitch_after_max_to_before_max_energy_ratio: 1.11873793602
    pitch_centroid: 204.917922974
    pitch_max_to_total: 0.244186043739
    pitch_min_to_total: 0.483720928431
    tristimulus:
        dmean: [0.247869744897, 0.247922495008, 0.124999374151]
        dmean2: [0.432176560163, 0.424754321575, 0.219795480371]
        dvar: [0.0379422903061, 0.0394153855741, 0.0169294383377]
        dvar2: [0.102144785225, 0.117588877678, 0.0501843243837]
        max: [0.966009140015, 0.947266995907, 0.80730342865]
        mean: [0.484760433435, 0.363752812147, 0.119290918112]
        min: [0.025243634358, 0, 0]
        var: [0.0657190605998, 0.055052574724, 0.0199878811836]

tonal:
    chords_changes_rate: 0.0972222238779
    chords_number_rate: 0.0324074067175
    chords_strength:
        dmean: 0.0123003628105
        dmean2: 0.0144114233553
        dvar: 0.000101763194834
        dvar2: 0.000135093199788
        max: 0.688947319984
        mean: 0.521627604961
        min: 0.380856901407
        var: 0.00803467165679
    key_strength: 0.728437304497
    tuning_diatonic_strength: 0.71433031559
    tuning_equal_tempered_deviation: 0.216222569346
    tuning_frequency: 442.293365479
    tuning_nontempered_energy_ratio: 0.874848008156
    hpcp:
        dmean: [0.240796968341, 0.17317904532, 0.119023814797, 0.0995393544436, 0.129319950938, 0.162355616689, 0.161246776581, 0.156052485108, 0.173856660724, 0.193557843566, 0.220104441047, 0.213276550174, 0.213156253099, 0.202652573586, 0.240665987134, 0.246595442295, 0.211245015264, 0.129784420133, 0.149888783693, 0.208791136742, 0.22452826798, 0.193495944142, 0.107132837176, 0.0716131255031, 0.0685950145125, 0.10050112009, 0.150388732553, 0.198762953281, 0.240601316094, 0.251511126757, 0.203223586082, 0.192816182971, 0.182210683823, 0.141529083252, 0.167295306921, 0.225906074047]
        dmean2: [0.405313104391, 0.305061012506, 0.213577508926, 0.177145823836, 0.222769036889, 0.281014174223, 0.271877229214, 0.262423694134, 0.296616405249, 0.333574533463, 0.371766418219, 0.366368055344, 0.369160085917, 0.350108593702, 0.390879184008, 0.39580360055, 0.3774099648, 0.221873879433, 0.271174490452, 0.361664056778, 0.378040701151, 0.323367774487, 0.179793417454, 0.115240760148, 0.116884604096, 0.179852798581, 0.252394497395, 0.342478841543, 0.395190656185, 0.425461500883, 0.335080593824, 0.354383558035, 0.324959009886, 0.239081606269, 0.290902882814, 0.391733080149]
        dvar: [0.0538626350462, 0.0377289690077, 0.0224217325449, 0.017648383975, 0.019494369626, 0.0308854896575, 0.0389057695866, 0.0348434448242, 0.0407991372049, 0.0475668311119, 0.0597669109702, 0.0619282089174, 0.0654614791274, 0.058673992753, 0.0484670773149, 0.0516952574253, 0.0555233620107, 0.0328423790634, 0.0439806543291, 0.0555468387902, 0.0544650219381, 0.0510285384953, 0.0184015836567, 0.0140715185553, 0.013165269047, 0.0321504883468, 0.0344046205282, 0.0459730401635, 0.0439398288727, 0.0668164566159, 0.0519047901034, 0.050435423851, 0.0535272732377, 0.0316327773035, 0.0393430888653, 0.0482146032155]
        dvar2: [0.141049280763, 0.0907358527184, 0.0640454217792, 0.0486262589693, 0.0528772138059, 0.0794696807861, 0.097676359117, 0.091762714088, 0.121589578688, 0.104145474732, 0.150034859776, 0.161815270782, 0.173714518547, 0.16769720614, 0.118235304952, 0.125678062439, 0.15079843998, 0.0848810076714, 0.125333979726, 0.16688066721, 0.132964596152, 0.127059131861, 0.0509250089526, 0.0348854698241, 0.0307577475905, 0.0873829647899, 0.0986306145787, 0.121972754598, 0.128523737192, 0.16357575357, 0.145075827837, 0.153776064515, 0.146947786212, 0.0796440392733, 0.110639363527, 0.125016748905]
        max: [1, 1, 0.785016238689, 0.82955467701, 1, 1, 1, 1, 1, 1, 1, 1, 1, 1, 1, 1, 1, 0.946769475937, 1, 1, 1, 1, 0.766252696514, 0.916338086128, 0.691147983074, 1, 1, 1, 1, 1, 1, 0.96466755867, 1, 1, 1, 1]
        mean: [0.36519291997, 0.238017961383, 0.114382080734, 0.111758746207, 0.156790032983, 0.202120512724, 0.204423516989, 0.176612883806, 0.185296609998, 0.229464709759, 0.243514433503, 0.231805711985, 0.216680452228, 0.227532163262, 0.326115489006, 0.35465824604, 0.233605504036, 0.129402577877, 0.127558737993, 0.220382109284, 0.317516922951, 0.259657263756, 0.127544879913, 0.0789805278182, 0.068359605968, 0.0894251763821, 0.172733336687, 0.269980847836, 0.310510635376, 0.329362750053, 0.259497791529, 0.18150909245, 0.185507282615, 0.162198424339, 0.170208930969, 0.29256978631]
        min: [0.00340494071133, 0.00383769557811, 0.00133926700801, 0.00137238670141, 0.00119840155821, 0.00252182059921, 0.00204979651608, 0.00315572228283, 0.002661467297, 0.00208232295699, 0.00277555873618, 0.00357710733078, 0.0038546284195, 0.00423602946103, 0.00423793308437, 0.00805130973458, 0.00311588682234, 0.000840373744722, 0.000717074028216, 0.000398424977902, 0.000433856766904, 0.00113215623423, 0.00135359866545, 0.00106702325866, 0.000768328551203, 0.0017565182643, 0.00241897325031, 0.0024109876249, 0.0041907755658, 0.00176406570245, 0.0013129345607, 0.00202761893161, 0.00147540320177, 0.00151066551916, 0.00170831056312, 0.00309526617639]
        var: [0.109497703612, 0.0610032528639, 0.0209055934101, 0.0169662497938, 0.0266272109002, 0.0392451062799, 0.0486147366464, 0.0417339317501, 0.0466619506478, 0.0771187320352, 0.0811975076795, 0.0767573863268, 0.0727800503373, 0.0619877390563, 0.083032079041, 0.0941069945693, 0.0598033592105, 0.0365994907916, 0.037888687104, 0.0669789612293, 0.102616548538, 0.0705513358116, 0.0207827165723, 0.0164144150913, 0.0139343356714, 0.0249803699553, 0.0364427268505, 0.0791246965528, 0.0674810707569, 0.11528903991, 0.0825254544616, 0.0464685149491, 0.0567592903972, 0.0432446561754, 0.0408511199057, 0.072485499084]
    chords_histogram: [34.7222213745, 0, 0, 0, 0, 0, 33.3333320618, 2.77777767181, 14.8148145676, 0, 0, 0, 0, 0, 0, 4.16666650772, 0, 0, 0, 0, 0, 0, 1.85185182095, 8.33333301544]
    thpcp: [1, 0.651759505272, 0.313210010529, 0.306026607752, 0.429334819317, 0.553462326527, 0.559768557549, 0.483615309, 0.50739377737, 0.628338336945, 0.666810393333, 0.634748637676, 0.593331456184, 0.623046457767, 0.892995119095, 0.971153140068, 0.639676988125, 0.354340314865, 0.34929138422, 0.603467643261, 0.869449853897, 0.711013972759, 0.349253416061, 0.216270700097, 0.18718765676, 0.244871050119, 0.472992032766, 0.739282786846, 0.850264668465, 0.901886999607, 0.710577309132, 0.497022479773, 0.507970631123, 0.444144487381, 0.466079503298, 0.801137626171]
    chords_key: "D"
    chords_scale: "major"
    key_key: "D"
    key_scale: "major"
    chords_progression: ["D", "D", "D", "D", "D", "D", "D", "D", "D", "D", "D", "D", "D", "D", "D", "D", "D", "D", "D", "D", "Bm", "Bm", "D", "D", "Bm", "Bm", "Bm", "Bm", "Bm", "Bm", "Bm", "Bm", "Bm", "Bm", "Bm", "Bm", "Bm", "Bm", "Bm", "Bm", "F#", "F#", "F#", "F#", "F#", "F#", "F#", "F#", "F#", "F#", "F#", "F#", "F#", "B", "B", "B", "B", "B", "B", "B", "B", "B", "B", "B", "B", "B", "B", "B", "B", "B", "B", "B", "B", "B", "B", "B", "B", "B", "B", "B", "B", "B", "B", "B", "B", "B", "B", "B", "B", "B", "B", "B", "B", "B", "B", "B", "B", "B", "B", "B", "B", "B", "B", "B", "B", "B", "B", "B", "B", "B", "B", "B", "B", "B", "B", "B", "B", "B", "B", "B", "B", "B", "B", "B", "B", "D#m", "D#m", "D#m", "D#m", "D#m", "D#m", "F#", "F#", "F#", "F#", "D", "D", "D", "D", "D", "D", "D", "D", "D", "D", "D", "D", "D", "D", "D", "D", "D", "D", "D", "D", "D", "D", "D", "D", "D", "D", "D", "D", "D", "D", "D", "D", "D", "D", "D", "D", "D", "D", "D", "D", "D", "D", "D", "D", "D", "D", "D", "D", "D", "D", "D", "F#", "F#", "F#", "F#", "D", "F#", "D", "F#", "F#", "F#", "F#", "F#", "F#", "F#", "F#", "F#", "Gm", "G", "Gm", "Gm", "Gm", "G", "Gm", "Gm", "F#", "G", "G", "Gm", "Gm", "Gm"]
