
metadata:
    version:
        essentia: "1.2.2"
    audio_properties:
        analysis_sample_rate: 44100
        bitrate: 128
        channels: 2
        equal_loudness: 1
        length: 10.0048980713
        replay_gain: 5.79270362854
        downmix: "mix"
    tags:
        track: 1
        year: 0
        album: "Splitted by Mp3Splt v. 2.1"
        artist: "From 000.00 To 000.10"
        comment: "http://mp3splt.sf.net"
        genre: ""
        title: "10 Underappreciated.mp3"

highlevel:
    ballroom:
        all:
            ChaChaCha: 0.0119348466396
            Jive: 0.00610847538337
            Quickstep: 0.0178428441286
            Rumba-American: 0.0115892859176
            Rumba-International: 0.0359628982842
            Rumba-Misc: 0.00604195566848
            Samba: 0.00246278103441
            Tango: 0.246900483966
            VienneseWaltz: 0.171267807484
            Waltz: 0.489888608456
        probability: 0.489888608456
        value: "Waltz"
    culture:
        all:
            non_western: 0.986913025379
            western: 0.0130869774148
        probability: 0.986913025379
        value: "non_western"
    gender:
        all:
            female: 0.594525516033
            male: 0.405474513769
        probability: 0.594525516033
        value: "female"
    genre_dortmund:
        all:
            alternative: 0.0234133042395
            blues: 0.561579525471
            electronic: 0.0361897647381
            folkcountry: 0.116321630776
            funksoulrnb: 0.012635984458
            jazz: 0.198832705617
            pop: 0.0189384892583
            raphiphop: 0.00982290599495
            rock: 0.0222656670958
        probability: 0.561579525471
        value: "blues"
    genre_electronica:
        all:
            ambient: 0.766170561314
            dnb: 0.0193229094148
            house: 0.17108181119
            techno: 0.0366940870881
            trance: 0.00673065101728
        probability: 0.766170561314
        value: "ambient"
    genre_rosamerica:
        all:
            cla: 0.610116422176
            dan: 0.00638048257679
            hip: 0.0288464259356
            jaz: 0.0558268018067
            pop: 0.0146305160597
            rhy: 0.239520609379
            roc: 0.00718444446102
            spe: 0.0374942980707
        probability: 0.610116422176
        value: "cla"
    genre_tzanetakis:
        all:
            blu: 0.12733322382
            cla: 0.122633196414
            cou: 0.157691016793
            dis: 0.0178759824485
            hip: 0.0380627699196
            jaz: 0.0805487707257
            met: 0.0128555968404
            pop: 0.0190645903349
            reg: 0.401222556829
            roc: 0.0227122865617
        probability: 0.401222556829
        value: "reg"
    live_studio:
        all:
            live: 0.397475838661
            studio: 0.602524161339
        probability: 0.602524161339
        value: "studio"
    mood:
        all:
            Cluster1: 0.0653859004378
            Cluster2: 0.301270902157
            Cluster3: 0.229904562235
            Cluster4: 0.259341657162
            Cluster5: 0.14409700036
        probability: 0.301270902157
        value: "Cluster2"
    mood_acoustic:
        all:
            acoustic: 0.223331600428
            not_acoustic: 0.77666836977
        probability: 0.77666836977
        value: "not_acoustic"
    mood_aggressive:
        all:
            aggressive: 0.00441295653582
            not_aggressive: 0.995587050915
        probability: 0.995587050915
        value: "not_aggressive"
    mood_electronic:
        all:
            electronic: 0.486012339592
            not_electronic: 0.513987660408
        probability: 0.513987660408
        value: "not_electronic"
    mood_happy:
        all:
            happy: 0.113444514573
            not_happy: 0.886555492878
        probability: 0.886555492878
        value: "not_happy"
    mood_party:
        all:
            not_party: 0.608596503735
            party: 0.391403496265
        probability: 0.608596503735
        value: "not_party"
    mood_relaxed:
        all:
            not_relaxed: 0.266874194145
            relaxed: 0.733125805855
        probability: 0.733125805855
        value: "relaxed"
    mood_sad:
        all:
            not_sad: 0.665068686008
            sad: 0.334931313992
        probability: 0.665068686008
        value: "not_sad"
    rhythm:
        all:
            fast: 0.012947563082
            medium: 0.309538096189
            slow: 0.677514374256
        probability: 0.677514374256
        value: "slow"
    speech_music:
        all:
            music: 0.95942401886
            speech: 0.040575966239
        probability: 0.95942401886
        value: "music"
    timbre:
        all:
            bright: 0.633546471596
            dark: 0.366453528404
        probability: 0.633546471596
        value: "bright"
    voice_instrumental:
        all:
            instrumental: 0.990391254425
            voice: 0.00960874091834
        probability: 0.990391254425
        value: "instrumental"

lowlevel:
    average_loudness: 0.779228925705
    barkbands_kurtosis:
        dmean: 2.96443724632
        dmean2: 4.68987751007
        dvar: 31.3983192444
        dvar2: 69.4160079956
        max: 62.6647491455
        mean: 4.0709195137
        min: -1.94268381596
        var: 97.9076538086
    barkbands_skewness:
        dmean: 0.604493737221
        dmean2: 0.94220495224
        dvar: 0.488858252764
        dvar2: 1.15960597992
        max: 6.24852991104
        mean: 0.538279771805
        min: -4.50655555725
        var: 3.67178320885
    barkbands_spread:
        dmean: 4.48439502716
        dmean2: 7.05690336227
        dvar: 32.5802116394
        dvar2: 76.1918716431
        max: 47.0563964844
        mean: 22.0410442352
        min: 1.49459671974
        var: 164.50239563
    dissonance:
        dmean: 0.0199690572917
        dmean2: 0.0335516482592
        dvar: 0.000847593240906
        dvar2: 0.00246645999141
        max: 0.499443948269
        mean: 0.456015110016
        min: 0.256299644709
        var: 0.00204477459192
    hfc:
        dmean: 2.17384696007
        dmean2: 3.13785171509
        dvar: 91.4743423462
        dvar2: 184.799438477
        max: 177.947814941
        mean: 5.3284497261
        min: 0.00139401608612
        var: 308.358764648
    pitch:
        dmean: 543.567321777
        dmean2: 1070.24291992
        dvar: 1065253.375
        dvar2: 2558261.75
        max: 3675
        mean: 1021.97265625
        min: 93.829788208
        var: 1409457.875
    pitch_instantaneous_confidence:
        dmean: 0.0689267888665
        dmean2: 0.10829269886
        dvar: 0.0058715599589
        dvar2: 0.0132055189461
        max: 0.940226137638
        mean: 0.662375807762
        min: 0.286548733711
        var: 0.0199427753687
    pitch_salience:
        dmean: 0.063834682107
        dmean2: 0.102003656328
        dvar: 0.00526071200147
        dvar2: 0.0130664482713
        max: 0.939627170563
        mean: 0.462468773127
        min: 0.118455670774
        var: 0.0168948844075
    silence_rate_20dB:
        dmean: 0
        dmean2: 0
        dvar: 0
        dvar2: 0
        max: 1
        mean: 1
        min: 1
        var: 0
    silence_rate_30dB:
        dmean: 0
        dmean2: 0
        dvar: 0
        dvar2: 0
        max: 1
        mean: 1
        min: 1
        var: 0
    silence_rate_60dB:
        dmean: 0.0525059662759
        dmean2: 0.105263158679
        dvar: 0.0497490018606
        dvar2: 0.103752627969
        max: 1
        mean: 0.797619044781
        min: 0
        var: 0.161422550678
    spectral_centroid:
        dmean: 203.1953125
        dmean2: 310.350952148
        dvar: 72855.4453125
        dvar2: 161345.453125
        max: 3445.27636719
        mean: 1283.83886719
        min: 154.583694458
        var: 738845.75
    spectral_complexity:
        dmean: 1.31280791759
        dmean2: 2.06666660309
        dvar: 5.751912117
        dvar2: 12.6399679184
        max: 23
        mean: 4.74938583374
        min: 0
        var: 16.5809440613
    spectral_crest:
        dmean: 2.19019961357
        dmean2: 3.29235959053
        dvar: 4.01552724838
        dvar2: 11.2661437988
        max: 21.7296695709
        mean: 11.2180423737
        min: 5.04798603058
        var: 11.3792676926
    spectral_decrease:
        dmean: 1.95448171536e-10
        dmean2: 2.75405392935e-10
        dvar: 3.13675470279e-19
        dvar2: 5.80170005984e-19
        max: -1.25432249223e-12
        mean: -5.54776169448e-10
        min: -9.99088101139e-09
        var: 1.13166796738e-18
    spectral_energy:
        dmean: 0.000930361682549
        dmean2: 0.00131938734557
        dvar: 8.76982903719e-06
        dvar2: 1.660365524e-05
        max: 0.053848311305
        mean: 0.00257715606131
        min: 5.56935628993e-06
        var: 3.09716597258e-05
    spectral_energyband_high:
        dmean: 4.56877569377e-05
        dmean2: 6.83765101712e-05
        dvar: 4.81713833267e-08
        dvar2: 1.03411828434e-07
        max: 0.00328396330588
        mean: 7.13720801286e-05
        min: 2.37415296311e-08
        var: 1.13788551914e-07
    spectral_energyband_low:
        dmean: 2.76355913229e-05
        dmean2: 4.9083664635e-05
        dvar: 5.34269872787e-09
        dvar2: 1.62232325351e-08
        max: 0.000793688523117
        mean: 6.29217392998e-05
        min: 5.93942184324e-09
        var: 1.75364469612e-08
    spectral_energyband_middle_high:
        dmean: 0.000695739930961
        dmean2: 0.000984713668004
        dvar: 7.58348096497e-06
        dvar2: 1.45589556269e-05
        max: 0.0503479838371
        mean: 0.00174374389462
        min: 1.60675014627e-07
        var: 2.65265971393e-05
    spectral_energyband_middle_low:
        dmean: 0.000235180094023
        dmean2: 0.00034922384657
        dvar: 1.42874839071e-07
        dvar2: 3.63091544386e-07
        max: 0.00431307312101
        mean: 0.000699123658706
        min: 1.90477408069e-07
        var: 5.42326006325e-07
    spectral_flatness_db:
        dmean: 0.0230857357383
        dmean2: 0.0365957543254
        dvar: 0.000505672302097
        dvar2: 0.0011864551343
        max: 0.472074866295
        mean: 0.321400403976
        min: 0.174417227507
        var: 0.00309739005752
    spectral_flux:
        dmean: 0.00770706497133
        dmean2: 0.0113981338218
        dvar: 0.000179879833013
        dvar2: 0.000361991435057
        max: 0.165929943323
        mean: 0.0167071223259
        min: 0.000918797391932
        var: 0.000454877997981
    spectral_kurtosis:
        dmean: 6.99002408981
        dmean2: 12.2775230408
        dvar: 48.8859100342
        dvar2: 149.764221191
        max: 62.0308532715
        mean: 16.5653190613
        min: 1.52601003647
        var: 148.013000488
    spectral_rms:
        dmean: 0.000250568351476
        dmean2: 0.000324957800331
        dvar: 2.08213251085e-07
        dvar2: 3.33402851993e-07
        max: 0.00724809896201
        mean: 0.00122129870579
        min: 7.37124064472e-05
        var: 1.02273008906e-06
    spectral_rolloff:
        dmean: 271.498504639
        dmean2: 477.132873535
        dvar: 264482.9375
        dvar2: 573496
        max: 4155.90820312
        mean: 2182.62963867
        min: 150.732421875
        var: 1634714.375
    spectral_skewness:
        dmean: 0.647498369217
        dmean2: 1.11319303513
        dvar: 0.422063052654
        dvar2: 1.22024703026
        max: 6.45074987411
        mean: 2.23109102249
        min: -0.119607374072
        var: 1.78561735153
    spectral_spread:
        dmean: 335103.21875
        dmean2: 532662.1875
        dvar: 210887917568
        dvar2: 395444682752
        max: 7596960.5
        mean: 2320769.25
        min: 916300.8125
        var: 715908317184
    spectral_strongpeak:
        dmean: 0.507566392422
        dmean2: 0.721722006798
        dvar: 1.27037656307
        dvar2: 1.97445893288
        max: 14.781668663
        mean: 1.12647020817
        min: 0.00474280677736
        var: 5.18855333328
    zerocrossingrate:
        dmean: 0.00752265797928
        dmean2: 0.00813440419734
        dvar: 6.05288914812e-05
        dvar2: 7.46167206671e-05
        max: 0.1572265625
        mean: 0.0707827880979
        min: 0.00732421875
        var: 0.00154899968766
    barkbands:
        dmean: [1.41934419773e-09, 1.39617918649e-06, 2.66885763267e-05, 0.000122324883705, 9.01587991393e-05, 2.00436243176e-05, 2.6534884455e-05, 1.32789236886e-05, 7.93852086645e-06, 2.73343380286e-06, 1.18213420137e-05, 3.81834397558e-05, 2.36865726038e-05, 3.38514473697e-05, 3.71623173123e-05, 6.93345646141e-05, 0.000122401106637, 0.000193344254512, 0.000186159231816, 0.000173425738467, 6.49472031e-06, 3.95238146211e-07, 6.68247635005e-09, 1.89211335488e-09, 5.83886439198e-10, 2.02854968934e-10, 1.87525356354e-10]
        dmean2: [2.22242868553e-09, 2.07646530725e-06, 4.80239068565e-05, 0.000218860295718, 0.000119327414723, 2.23950992222e-05, 2.21585505642e-05, 1.62929336511e-05, 8.79850631463e-06, 3.63075150744e-06, 1.55011548486e-05, 5.86905589444e-05, 3.16039186146e-05, 3.18074926327e-05, 3.96550713049e-05, 8.72020245879e-05, 0.000159232527949, 0.000272638426395, 0.000280386098893, 0.000263522058958, 1.07966952783e-05, 4.77077833239e-07, 9.36908151061e-09, 3.21732485098e-09, 1.018897966e-09, 3.74880043674e-10, 3.52753215527e-10]
        dvar: [5.58473637543e-17, 1.12199867452e-11, 5.23505416794e-09, 8.48252668106e-08, 3.45462503049e-08, 1.59172264258e-09, 1.65178928313e-08, 7.4677810602e-09, 9.6762153845e-10, 1.41731820724e-10, 2.977309288e-09, 3.73255986119e-08, 1.41449243429e-08, 1.46447725058e-08, 1.69194667166e-08, 8.27627388844e-08, 3.42677992649e-07, 1.02915805655e-06, 8.14034706309e-07, 8.54248810356e-07, 8.43867198341e-10, 3.22740922529e-12, 1.37554730739e-15, 1.11997753546e-16, 1.00550224445e-18, 7.14384661563e-19, 7.70124020345e-19]
        dvar2: [6.07663421594e-17, 2.58889819305e-11, 1.59540274325e-08, 2.98662683917e-07, 5.15938474166e-08, 2.15405338011e-09, 1.51757575395e-08, 1.12868878688e-08, 1.79287606983e-09, 2.03132566323e-10, 4.81659334639e-09, 9.04592951656e-08, 2.52162148939e-08, 1.74319971791e-08, 2.20260663042e-08, 1.3985663827e-07, 4.60106946321e-07, 1.69370480307e-06, 2.01735156224e-06, 2.05844389711e-06, 2.26256280378e-09, 4.27873231637e-12, 1.89572792211e-15, 2.88707183135e-16, 3.37292303948e-18, 2.35363572672e-18, 2.48542234871e-18]
        max: [1.48646094544e-07, 7.00139280525e-05, 0.00074749882333, 0.00236299214885, 0.00277990265749, 0.000991888460703, 0.00406240904704, 0.00177333841566, 0.000590151001234, 0.000268660311121, 0.00117336108815, 0.00294255279005, 0.00217108847573, 0.00274872151203, 0.00239077303559, 0.00457473797724, 0.0120677994564, 0.0183375887573, 0.014307978563, 0.0155746834353, 0.000370527995983, 3.29994290951e-05, 7.85639315382e-07, 1.73733539555e-07, 1.16484502044e-08, 9.05398245266e-09, 9.02518504375e-09]
        mean: [1.53018642202e-09, 7.06661194272e-06, 5.58541323699e-05, 0.000194334570551, 0.000328412483213, 7.04521298758e-05, 6.71265806886e-05, 2.22201524593e-05, 1.62433188962e-05, 4.69379847345e-06, 2.1440706405e-05, 5.81788735872e-05, 4.77309622511e-05, 9.42190381465e-05, 0.000106527717435, 0.000141052500112, 0.00025524297962, 0.000442883232608, 0.000320808641845, 0.000313584256219, 8.29650707601e-06, 7.70619465129e-07, 1.4196491982e-08, 3.79471831735e-09, 2.29250352035e-09, 2.71558719955e-10, 1.26190169425e-10]
        min: [3.16897940181e-12, 3.95732085989e-10, 3.97703647792e-09, 7.82896858453e-10, 4.44598953209e-08, 4.05895050903e-09, 8.19608025893e-09, 2.50253751055e-09, 7.10968672823e-10, 5.82694670292e-10, 1.07666531246e-09, 2.08388128975e-09, 1.32140320908e-09, 4.0157823733e-09, 3.54316109785e-09, 6.06011862914e-09, 6.21895335229e-09, 1.14890195135e-08, 1.28451427273e-08, 1.54405181974e-08, 7.85725529084e-09, 6.86422696461e-10, 1.89702920039e-10, 3.39832550988e-10, 5.84129800085e-10, 5.84649689772e-11, 3.60036267022e-14]
        var: [5.67403945611e-17, 1.56944124363e-10, 1.56187525135e-08, 1.12458891977e-07, 1.85935135733e-07, 1.65236073713e-08, 1.22765484889e-07, 1.72709686552e-08, 3.5804677001e-09, 4.65660510152e-10, 9.64437862905e-09, 7.1080826558e-08, 3.86321339363e-08, 1.09419858063e-07, 1.21564099231e-07, 2.51584083344e-07, 1.1537069895e-06, 3.55755355486e-06, 1.95871439246e-06, 2.20075048674e-06, 1.21121590535e-09, 1.26964766825e-11, 5.36010114671e-15, 1.25786907296e-16, 6.72213701465e-19, 4.10831891578e-19, 4.45270393159e-19]
    mfcc:
        mean: [-936.379821777, 166.975723267, -93.2806777954, 79.0529098511, 21.2077770233, -24.0344619751, 0.06837259233, -26.2541542053, -22.8260822296, -15.779463768, -14.4592828751, -11.3063459396, -11.180565834]
        cov: [[5815.92626953, 349.188964844, -3098.97973633, 636.402893066, -546.342651367, -456.822418213, 8.40264320374, -806.883850098, -429.47756958, -300.805847168, -526.152893066, -160.513549805, -175.118728638], [349.188964844, 2129.55273438, 838.245666504, -575.881896973, 699.868896484, 346.709014893, 66.7267227173, 50.0601806641, 5.00453567505, 4.49698829651, 86.6346969604, 76.6445617676, -64.1351318359], [-3098.97973633, 838.245666504, 2739.54394531, -438.208892822, 262.407562256, 395.854187012, 183.397460938, 873.67364502, 568.386352539, 369.690795898, 517.696411133, 275.241912842, 219.966110229], [636.402893066, -575.881896973, -438.208892822, 943.331298828, -38.4786834717, -579.074035645, -246.517623901, -146.667327881, 56.2467193604, 63.498790741, 16.2890415192, 103.750213623, 64.9583129883], [-546.342651367, 699.868896484, 262.407562256, -38.4786834717, 1565.89880371, 392.610534668, -599.617431641, -400.050842285, -377.028839111, -249.269668579, -85.4940185547, -10.21393013, -111.431816101], [-456.822418213, 346.709014893, 395.854187012, -579.074035645, 392.610534668, 1233.45983887, 581.491516113, 162.73324585, -60.1305274963, -171.788528442, -103.461982727, -76.8460388184, -31.4516239166], [8.40264320374, 66.7267227173, 183.397460938, -246.517623901, -599.617431641, 581.491516113, 1142.93859863, 472.978240967, 227.703933716, 133.337219238, -21.9414997101, -28.1288776398, 18.2353286743], [-806.883850098, 50.0601806641, 873.67364502, -146.667327881, -400.050842285, 162.73324585, 472.978240967, 709.457519531, 423.713165283, 238.44052124, 193.226699829, 80.6741333008, 83.8225708008], [-429.47756958, 5.00453567505, 568.386352539, 56.2467193604, -377.028839111, -60.1305274963, 227.703933716, 423.713165283, 443.295135498, 250.628326416, 178.631713867, 123.631660461, 114.159957886], [-300.805847168, 4.49698829651, 369.690795898, 63.498790741, -249.269668579, -171.788528442, 133.337219238, 238.44052124, 250.628326416, 322.852935791, 174.922485352, 106.360473633, 121.15587616], [-526.152893066, 86.6346969604, 517.696411133, 16.2890415192, -85.4940185547, -103.461982727, -21.9414997101, 193.226699829, 178.631713867, 174.922485352, 267.705993652, 157.032775879, 86.6649932861], [-160.513549805, 76.6445617676, 275.241912842, 103.750213623, -10.21393013, -76.8460388184, -28.1288776398, 80.6741333008, 123.631660461, 106.360473633, 157.032775879, 192.960983276, 103.198860168], [-175.118728638, -64.1351318359, 219.966110229, 64.9583129883, -111.431816101, -31.4516239166, 18.2353286743, 83.8225708008, 114.159957886, 121.15587616, 86.6649932861, 103.198860168, 158.761535645]]
        icov: [[0.00497543299571, -0.00668131560087, 0.00753147853538, -0.00641786539927, 0.00623121997342, -0.00590263307095, 0.00571885565296, -0.00511650228873, 0.0039732134901, -0.00316823530011, 0.00241159065627, -0.00228858715855, -3.93192167394e-05], [-0.00668131560087, 0.00995555799454, -0.0102870520204, 0.0095301233232, -0.00923505425453, 0.0087022986263, -0.00850949436426, 0.00747692491859, -0.00613935198635, 0.0045829359442, -0.00316405016929, 0.00245595118031, 0.000325393804815], [0.00753147853538, -0.0102870520204, 0.0128331724554, -0.00927998591214, 0.00866547785699, -0.00886234082282, 0.00872815120965, -0.00908375158906, 0.00535009009764, -0.00430735154077, 0.00179345393553, -0.0026670305524, -0.00151719362475], [-0.00641786539927, 0.0095301233232, -0.00927998591214, 0.0113171720877, -0.00984382256866, 0.00986224785447, -0.00894599035382, 0.00724849291146, -0.00725964829326, 0.00549067184329, -0.00329206953757, 0.00209474936128, -0.0012915909756], [0.00623121997342, -0.00923505425453, 0.00866547785699, -0.00984382256866, 0.0111725218594, -0.010114246048, 0.00984857883304, -0.00659971265122, 0.00773243512958, -0.00626228470355, 0.00497754151002, -0.004498494789, 0.00278124865144], [-0.00590263307095, 0.0087022986263, -0.00886234082282, 0.00986224785447, -0.010114246048, 0.0113080423325, -0.0101826963946, 0.00669741490856, -0.00679070362821, 0.00732003897429, -0.00387719413266, 0.00372240226716, -0.00298328557983], [0.00571885565296, -0.00850949436426, 0.00872815120965, -0.00894599035382, 0.00984857883304, -0.0101826963946, 0.0110312961042, -0.00796166807413, 0.00693438528106, -0.00701206084341, 0.00511472299695, -0.00422449689358, 0.00258847395889], [-0.00511650228873, 0.00747692491859, -0.00908375158906, 0.00724849291146, -0.00659971265122, 0.00669741490856, -0.00796166807413, 0.0118976691738, -0.00834120344371, 0.00392093788832, -0.00348078180104, 0.00353373400867, 0.000932809256483], [0.0039732134901, -0.00613935198635, 0.00535009009764, -0.00725964829326, 0.00773243512958, -0.00679070362821, 0.00693438528106, -0.00834120344371, 0.0135221611708, -0.00708497455344, 0.00426952168345, -0.00492593646049, 0.0017043974949], [-0.00316823530011, 0.0045829359442, -0.00430735154077, 0.00549067184329, -0.00626228470355, 0.00732003897429, -0.00701206084341, 0.00392093788832, -0.00708497455344, 0.0130384061486, -0.00703439256176, 0.00524071091786, -0.00655403733253], [0.00241159065627, -0.00316405016929, 0.00179345393553, -0.00329206953757, 0.00497754151002, -0.00387719413266, 0.00511472299695, -0.00348078180104, 0.00426952168345, -0.00703439256176, 0.015861146152, -0.0110773621127, 0.00506018381566], [-0.00228858715855, 0.00245595118031, -0.0026670305524, 0.00209474936128, -0.004498494789, 0.00372240226716, -0.00422449689358, 0.00353373400867, -0.00492593646049, 0.00524071091786, -0.0110773621127, 0.0180256795138, -0.00862209126353], [-3.93192167394e-05, 0.000325393804815, -0.00151719362475, -0.0012915909756, 0.00278124865144, -0.00298328557983, 0.00258847395889, 0.000932809256483, 0.0017043974949, -0.00655403733253, 0.00506018381566, -0.00862209126353, 0.016206998378]]
    spectral_contrast:
        mean: [-1.84735952757e-07, 1.8890058584e-07, -2.11650487358e-07, 2.84797067707e-07, -1.48114608578e-07, 2.31755166169e-07, -1.80249128334e-06, 2.16890612137e-07, 4.79912557694e-07, 3.40185829373e-06, 1.43431918787e-06, 5.60898740787e-07]
        var: [0.000907125067897, 0.00181724235881, 0.00320124998689, 0.00476544164121, 0.00698229763657, 0.0121538517997, 0.0613587833941, 0.373470187187, 0.449267596006, 0.702013790607, 1.627353549, 2.76573801041]

rhythm:
    beats_loudness:
        dmean: 0.00378424650989
        dmean2: 0.00708351284266
        dvar: 2.89861509373e-05
        dvar2: 7.77742898208e-05
        max: 0.0232649128884
        mean: 0.0032121881377
        min: 5.45779812455e-06
        var: 2.38178035943e-05
    beats_loudness_bass:
        dmean: 0.131665840745
        dmean2: 0.237750142813
        dvar: 0.043958645314
        dvar2: 0.108270041645
        max: 0.82473140955
        mean: 0.118480034173
        min: 7.4700174082e-06
        var: 0.0390545912087
    bpm: 169.765563965
    bpm_confidence: 0
    first_peak_bpm: 179
    first_peak_spread: 0
    first_peak_weight: 0.592592597008
    onset_rate: 2.19892311096
    second_peak_bpm: 171
    second_peak_spread: 0
    second_peak_weight: 0.370370358229
    beats_position: [0.447124868631, 0.783142626286, 1.11916041374, 1.45517814159, 1.79119598866, 2.12721371651, 2.46323132515, 2.79924917221, 3.13526701927, 3.47128510475, 3.80730295181, 4.14332103729, 4.47933864594, 4.81535673141, 5.15137481689, 5.48739242554, 5.82341051102, 6.29163408279, 6.64285993576, 6.99408483505, 7.34531116486, 7.69653701782, 8.04776191711, 8.39898777008, 8.75021362305, 9.10143947601, 9.45266532898, 9.80389022827]
    bpm_estimates: [170.11227417, 171.815643311, 167.727996826, 172.108566284, 167.063339233]
    bpm_intervals: [0.336017757654, 0.336017787457, 0.336017727852, 0.336017847061, 0.336017727852, 0.336017608643, 0.336017847061, 0.336017847061, 0.33601808548, 0.336017847061, 0.33601808548, 0.336017608643, 0.33601808548, 0.33601808548, 0.336017608643, 0.33601808548, 0.468223571777, 0.351225852966, 0.351224899292, 0.351226329803, 0.351225852966, 0.351224899292, 0.351225852966, 0.351225852966, 0.351225852966, 0.351225852966, 0.351224899292]
    onset_times: [0.348299324512, 0.743038535118, 1.04489791393, 2.13623571396, 2.47292518616, 2.82122445107, 3.27401351929, 3.50621318817, 4.22603178024, 4.40018129349, 4.57433128357, 4.91102027893, 5.20126962662, 5.47990942001, 5.8282084465, 6.00235843658, 6.68734693527, 7.54648542404, 7.74385499954, 8.08054447174, 8.45206356049, 9.8800907135]
    rubato_start: []
    rubato_stop: []
    perceptual_tempo: "unknown"

sfx:
    inharmonicity:
        dmean: 0.0434072725475
        dmean2: 0.0791616439819
        dvar: 0.00435509765521
        dvar2: 0.0124967973679
        max: 0.454916149378
        mean: 0.0449484698474
        min: 0
        var: 0.00468079280108
    oddtoevenharmonicenergyratio:
        dmean: 694.832458496
        dmean2: 1388.29846191
        dvar: 77038776
        dvar2: 235833376
        max: 125187.59375
        mean: 349.97946167
        min: 0
        var: 38546184
    pitch_after_max_to_before_max_energy_ratio: 69.9708862305
    pitch_centroid: 198.285827637
    pitch_max_to_total: 0.0712530687451
    pitch_min_to_total: 0.0294840298593
    tristimulus:
        dmean: [0.230764210224, 0.277112960815, 0.0970069542527]
        dmean2: [0.42431396246, 0.505682885647, 0.179839655757]
        dvar: [0.0682700052857, 0.0922854468226, 0.0248427391052]
        dvar2: [0.188259884715, 0.240921750665, 0.0709618479013]
        max: [1, 0.998176574707, 0.788326025009]
        mean: [0.420820653439, 0.386439889669, 0.0871653556824]
        min: [0.000592847762164, 0, 0]
        var: [0.109843917191, 0.107771590352, 0.0237878281623]

tonal:
    chords_changes_rate: 0.0384615398943
    chords_number_rate: 0.0288461539894
    chords_strength:
        dmean: 0.0118436170742
        dmean2: 0.0079984087497
        dvar: 0.00010469868721
        dvar2: 6.21500585112e-05
        max: 0.673376262188
        mean: 0.523647367954
        min: 0.240346640348
        var: 0.00734787108377
    key_strength: 0.671068847179
    tuning_diatonic_strength: 0.460012882948
    tuning_equal_tempered_deviation: 0.268897891045
    tuning_frequency: 447.949737549
    tuning_nontempered_energy_ratio: 0.97425866127
    hpcp:
        dmean: [0.101639732718, 0.0888005048037, 0.0948760434985, 0.0949257314205, 0.085010483861, 0.101931430399, 0.0839707627892, 0.047294292599, 0.0356806106865, 0.0392487980425, 0.0796538367867, 0.114170655608, 0.108365416527, 0.0741626545787, 0.0359484143555, 0.032840218395, 0.0645904764533, 0.0985318645835, 0.119478076696, 0.121935933828, 0.109933353961, 0.0845563337207, 0.0559505932033, 0.0972359627485, 0.107333168387, 0.128312721848, 0.157136112452, 0.115475349128, 0.0714046955109, 0.0819581896067, 0.0583698861301, 0.062978155911, 0.0896153002977, 0.0879118666053, 0.10316234827, 0.13084064424]
        dmean2: [0.159717038274, 0.143558785319, 0.151521414518, 0.148289009929, 0.124678812921, 0.148945480585, 0.129708617926, 0.0806573554873, 0.0600196830928, 0.0696822106838, 0.125112056732, 0.177047640085, 0.177807465196, 0.111787900329, 0.0654524490237, 0.0511623732746, 0.0931514799595, 0.141740053892, 0.189959585667, 0.197885543108, 0.169154375792, 0.118193030357, 0.0887977853417, 0.144341289997, 0.17268820107, 0.195691823959, 0.245723336935, 0.167859494686, 0.11627972126, 0.140375629067, 0.0995337218046, 0.114711254835, 0.149254590273, 0.147551387548, 0.159879207611, 0.209435194731]
        dvar: [0.0275730676949, 0.0253941081464, 0.0292986426502, 0.0287494175136, 0.0165440961719, 0.0288129225373, 0.0213237274438, 0.0143473036587, 0.00923660490662, 0.013283373788, 0.0178897790611, 0.0335936695337, 0.0323713086545, 0.0163321848959, 0.0128742428496, 0.00977507792413, 0.0191937051713, 0.0271805264056, 0.0328803919256, 0.0421546623111, 0.0384866595268, 0.0207491219044, 0.00737810134888, 0.0177295655012, 0.0315287522972, 0.0310410466045, 0.0542393475771, 0.0303219202906, 0.0184350162745, 0.0355629511178, 0.0208467785269, 0.0221370700747, 0.0310227070004, 0.0260773450136, 0.0209250021726, 0.0445789806545]
        dvar2: [0.0668826401234, 0.0668021440506, 0.0708445832133, 0.0695326849818, 0.0377362072468, 0.0613375604153, 0.0501941479743, 0.0397256314754, 0.0255244467407, 0.0380724668503, 0.0421497784555, 0.0634954124689, 0.0760621204972, 0.0331904143095, 0.0300840288401, 0.0211146511137, 0.0449671559036, 0.0501163899899, 0.0810503512621, 0.101693511009, 0.0665337890387, 0.0439048558474, 0.0181962605566, 0.0342369116843, 0.0771811828017, 0.0839912891388, 0.119542881846, 0.0650826618075, 0.0525694489479, 0.0977468043566, 0.056861307472, 0.0624916702509, 0.0808858349919, 0.0707651227713, 0.0452846549451, 0.0979370772839]
        max: [1, 1, 1, 1, 0.99587059021, 1, 1, 0.910511434078, 0.651899576187, 0.79501748085, 1, 1, 1, 0.838491439819, 1, 0.927969872952, 1, 1, 1, 1, 1, 0.995194613934, 0.627038478851, 1, 1, 1, 1, 1, 1, 1, 0.803301632404, 1, 1, 1, 1, 1]
        mean: [0.183824211359, 0.117323346436, 0.157310798764, 0.161286771297, 0.181023493409, 0.259453713894, 0.180174008012, 0.0585556551814, 0.0344407334924, 0.03643348068, 0.11519099772, 0.296523779631, 0.270762473345, 0.0829215198755, 0.0325090065598, 0.0341669917107, 0.0957670882344, 0.2194622159, 0.207833051682, 0.19655315578, 0.228313982487, 0.121127709746, 0.0934128090739, 0.174739360809, 0.151195347309, 0.217258900404, 0.358297973871, 0.240294441581, 0.0951224863529, 0.0780454874039, 0.0523001216352, 0.0563208647072, 0.116137430072, 0.1262896806, 0.163901031017, 0.240760058165]
        min: [3.10133727908e-05, 0.000238022621488, 2.46619565587e-05, 3.62457431038e-05, 0.000102821191831, 4.3407031626e-05, 0.000192875682842, 0.000179465394467, 5.62806417292e-05, 3.1806397601e-05, 0.000477229652461, 0.00141559483018, 0.00123007758521, 0.000204273310374, 1.66868339875e-05, 4.29687279393e-05, 4.9883932661e-05, 0.00012033386156, 0.000357224780601, 0.000374275754439, 8.40223874548e-05, 7.81043927418e-05, 4.79180744151e-05, 2.72575998679e-05, 7.38388916943e-05, 0.000463626813143, 0.000538859399967, 0.000887992384378, 0.000240043373196, 4.00888529839e-05, 6.22610677965e-05, 5.70943848288e-05, 5.9234440414e-05, 0.000379541685106, 0.000243670889176, 1.19521482702e-05]
        var: [0.0641854032874, 0.034143242985, 0.065805092454, 0.0694244652987, 0.0526374354959, 0.107438012958, 0.0485596433282, 0.0130300084129, 0.00711961416528, 0.00869377795607, 0.0254419706762, 0.134156167507, 0.121340230107, 0.0239570643753, 0.0129703469574, 0.0138344001025, 0.0270071607083, 0.101352803409, 0.0716541260481, 0.088266082108, 0.117817372084, 0.039610709995, 0.0178625509143, 0.0626916512847, 0.043589040637, 0.0552316717803, 0.130008131266, 0.0755784735084, 0.0300673656166, 0.0326648019254, 0.0166531912982, 0.0157289933413, 0.0446220226586, 0.0420290231705, 0.0447749756277, 0.0948067083955]
    chords_histogram: [44.2307701111, 0, 0, 0, 21.6346149445, 0, 0, 0, 0, 0, 0, 0, 0, 0, 0, 0, 1.44230771065, 0, 1.44230771065, 15.3846149445, 15.8653850555, 0, 0, 0]
    thpcp: [1, 0.670655310154, 0.265484303236, 0.217822849751, 0.145968228579, 0.157190009952, 0.324136435986, 0.352471113205, 0.457443356514, 0.671954870224, 0.513048410416, 0.327446311712, 0.439050197601, 0.450147032738, 0.505231678486, 0.724128305912, 0.502860784531, 0.163427263498, 0.0961231589317, 0.101684860885, 0.321494966745, 0.827589869499, 0.75569075346, 0.231431722641, 0.0907317623496, 0.0953591540456, 0.267283380032, 0.612513124943, 0.580056428909, 0.548574566841, 0.637218177319, 0.338064163923, 0.260712623596, 0.487692862749, 0.421982139349, 0.606363713741]
    chords_key: "A#"
    chords_scale: "major"
    key_key: "A#"
    key_scale: "major"
    chords_progression: ["Fm", "Fm", "Fm", "Fm", "C", "C", "C", "C", "C", "C", "C", "C", "C", "C", "C", "C", "C", "C", "C", "C", "C", "C", "C", "C", "C", "C", "C", "C", "C", "C", "C", "C", "C", "C", "C", "C", "C", "C", "C", "C", "C", "C", "C", "C", "C", "C", "C", "C", "C", "A#", "A#", "A#", "A#", "A#", "A#", "A#", "A#", "A#", "A#", "A#", "A#", "A#", "A#", "A#", "A#", "A#", "A#", "A#", "A#", "A#", "A#", "A#", "A#", "A#", "A#", "A#", "A#", "A#", "A#", "A#", "A#", "A#", "A#", "A#", "A#", "A#", "A#", "A#", "A#", "A#", "A#", "A#", "A#", "A#", "A#", "A#", "A#", "A#", "A#", "A#", "C#", "C#", "C#", "Fm", "Fm", "Fm", "Fm", "Fm", "Fm", "Fm", "Fm", "F#", "F#", "F#", "Fm", "Fm", "Fm", "Fm", "Fm", "Fm", "Fm", "Fm", "Fm", "Fm", "Fm", "Fm", "Fm", "Fm", "Fm", "Fm", "Fm", "Fm", "Fm", "Fm", "G#", "G#", "G#", "G#", "G#", "G#", "G#", "G#", "G#", "G#", "G#", "G#", "G#", "G#", "G#", "G#", "G#", "G#", "G#", "G#", "G#", "G#", "G#", "G#", "G#", "G#", "G#", "G#", "G#", "G#", "G#", "G#", "G#", "A#", "A#", "A#", "A#", "A#", "A#", "A#", "A#", "A#", "A#", "A#", "A#", "A#", "A#", "A#", "A#", "A#", "A#", "A#", "A#", "A#", "A#", "A#", "A#", "A#", "A#", "A#", "A#", "A#", "A#", "A#", "A#", "A#", "A#", "A#", "A#", "A#", "A#", "A#", "A#", "A#"]
