
metadata:
    version:
        essentia: "1.2.2"
    audio_properties:
        analysis_sample_rate: 44100
        bitrate: 128
        channels: 2
        equal_loudness: 1
        length: 10.0048980713
        replay_gain: -10.4026489258
        downmix: "mix"
    tags:
        track: 10
        year: 0
        album: "Splitted by Mp3Splt v. 2.1"
        artist: "From 001.30 To 001.40"
        comment: "http://mp3splt.sf.net"
        genre: ""
        title: "09 On the Bridge.mp3"

highlevel:
    ballroom:
        all:
            ChaChaCha: 5.95546189288e-05
            Jive: 2.87473831122e-05
            Quickstep: 0.000253370846622
            Rumba-American: 0.00145792029798
            Rumba-International: 0.0107879238203
            Rumba-Misc: 0.0215768422931
            Samba: 5.43207097508e-05
            Tango: 0.00621686223894
            VienneseWaltz: 0.0695297047496
            Waltz: 0.890034735203
        probability: 0.890034735203
        value: "Waltz"
    culture:
        all:
            non_western: 6.48937472647e-08
            western: 0.999999940395
        probability: 0.999999940395
        value: "western"
    gender:
        all:
            female: 0.887780308723
            male: 0.112219661474
        probability: 0.887780308723
        value: "female"
    genre_dortmund:
        all:
            alternative: 0.0467773750424
            blues: 0.006862714421
            electronic: 0.040051240474
            folkcountry: 0.324360519648
            funksoulrnb: 0.00985347945243
            jazz: 0.461500227451
            pop: 0.0925263166428
            raphiphop: 0.000500884489156
            rock: 0.0175672341138
        probability: 0.461500227451
        value: "jazz"
    genre_electronica:
        all:
            ambient: 0.994974195957
            dnb: 0.00033984935726
            house: 0.00285172252916
            techno: 0.000527826778125
            trance: 0.00130639167037
        probability: 0.994974195957
        value: "ambient"
    genre_rosamerica:
        all:
            cla: 0.857431650162
            dan: 0.00188051071018
            hip: 0.00116439070553
            jaz: 0.114877827466
            pop: 0.00698964996263
            rhy: 0.00857042055577
            roc: 0.00423273490742
            spe: 0.00485280854627
        probability: 0.857431650162
        value: "cla"
    genre_tzanetakis:
        all:
            blu: 0.00271405186504
            cla: 0.890854418278
            cou: 0.0152627788484
            dis: 0.00407212972641
            hip: 0.000912775052711
            jaz: 0.0673893243074
            met: 0.00192572781816
            pop: 0.0080477418378
            reg: 0.00381796294823
            roc: 0.00500308629125
        probability: 0.890854418278
        value: "cla"
    live_studio:
        all:
            live: 0.0295179579407
            studio: 0.970482051373
        probability: 0.970482051373
        value: "studio"
    mood:
        all:
            Cluster1: 0.00631167646497
            Cluster2: 0.0433195196092
            Cluster3: 0.925306677818
            Cluster4: 0.0229214522988
            Cluster5: 0.00214068312198
        probability: 0.925306677818
        value: "Cluster3"
    mood_acoustic:
        all:
            acoustic: 0.879500031471
            not_acoustic: 0.12049998343
        probability: 0.879500031471
        value: "acoustic"
    mood_aggressive:
        all:
            aggressive: 4.30295301612e-08
            not_aggressive: 0.999999940395
        probability: 0.999999940395
        value: "not_aggressive"
    mood_electronic:
        all:
            electronic: 0.109174162149
            not_electronic: 0.890825808048
        probability: 0.890825808048
        value: "not_electronic"
    mood_happy:
        all:
            happy: 0.0630542039871
            not_happy: 0.936945796013
        probability: 0.936945796013
        value: "not_happy"
    mood_party:
        all:
            not_party: 0.995228946209
            party: 0.00477103469893
        probability: 0.995228946209
        value: "not_party"
    mood_relaxed:
        all:
            not_relaxed: 0.137184947729
            relaxed: 0.862815082073
        probability: 0.862815082073
        value: "relaxed"
    mood_sad:
        all:
            not_sad: 0.035800088197
            sad: 0.964199900627
        probability: 0.964199900627
        value: "sad"
    rhythm:
        all:
            fast: 0.10173304379
            medium: 0.427269250154
            slow: 0.470997720957
        probability: 0.470997720957
        value: "slow"
    speech_music:
        all:
            music: 0.972676038742
            speech: 0.02732395567
        probability: 0.972676038742
        value: "music"
    timbre:
        all:
            bright: 0.899624884129
            dark: 0.10037510097
        probability: 0.899624884129
        value: "bright"
    voice_instrumental:
        all:
            instrumental: 0.963405251503
            voice: 0.0365947782993
        probability: 0.963405251503
        value: "instrumental"

lowlevel:
    average_loudness: 0.831071555614
    barkbands_kurtosis:
        dmean: 2.44909930229
        dmean2: 3.92916345596
        dvar: 11.8302173615
        dvar2: 29.795129776
        max: 39.6433181763
        mean: 7.1670460701
        min: -1.38895356655
        var: 47.7470588684
    barkbands_skewness:
        dmean: 0.367696493864
        dmean2: 0.568350255489
        dvar: 0.173553168774
        dvar2: 0.427412480116
        max: 5.76037406921
        mean: 2.34144902229
        min: 0.420261770487
        var: 1.28590726852
    barkbands_spread:
        dmean: 1.3624932766
        dmean2: 1.96302890778
        dvar: 2.58263397217
        dvar2: 4.52771568298
        max: 27.8648815155
        mean: 8.27114200592
        min: 1.98876726627
        var: 28.6037197113
    dissonance:
        dmean: 0.0292577557266
        dmean2: 0.0486204512417
        dvar: 0.000764937256463
        dvar2: 0.00189742050134
        max: 0.489351212978
        mean: 0.380363255739
        min: 0.120933510363
        var: 0.00267763528973
    hfc:
        dmean: 0.298325568438
        dmean2: 0.345795929432
        dvar: 0.197975456715
        dvar2: 0.22599761188
        max: 10.8984966278
        mean: 1.86438989639
        min: 0.0491579994559
        var: 4.7293419838
    pitch:
        dmean: 16.396314621
        dmean2: 31.1605606079
        dvar: 2278.24658203
        dvar2: 5458.75341797
        max: 364.462799072
        mean: 236.544342041
        min: 82.4299087524
        var: 6142.64746094
    pitch_instantaneous_confidence:
        dmean: 0.0440687797964
        dmean2: 0.0656157657504
        dvar: 0.00320833921432
        dvar2: 0.00665289117023
        max: 0.946586251259
        mean: 0.713183283806
        min: 0.365415632725
        var: 0.0225879922509
    pitch_salience:
        dmean: 0.0491819009185
        dmean2: 0.0756405219436
        dvar: 0.00264403340407
        dvar2: 0.00652758544311
        max: 0.770500898361
        mean: 0.448920398951
        min: 0.0954124704003
        var: 0.0171646587551
    silence_rate_20dB:
        dmean: 0
        dmean2: 0
        dvar: 0
        dvar2: 0
        max: 1
        mean: 1
        min: 1
        var: 0
    silence_rate_30dB:
        dmean: 0
        dmean2: 0
        dvar: 0
        dvar2: 0
        max: 1
        mean: 1
        min: 1
        var: 0
    silence_rate_60dB:
        dmean: 0.0649651959538
        dmean2: 0.130232557654
        dvar: 0.0607449375093
        dvar2: 0.136527627707
        max: 1
        mean: 0.615740716457
        min: 0
        var: 0.236602216959
    spectral_centroid:
        dmean: 44.7802352905
        dmean2: 63.2425804138
        dvar: 3113.92675781
        dvar2: 5269.34375
        max: 1232.00427246
        mean: 525.205200195
        min: 300.205566406
        var: 31280.7753906
    spectral_complexity:
        dmean: 0.758139550686
        dmean2: 1.26340329647
        dvar: 0.857780873775
        dvar2: 1.73714959621
        max: 12
        mean: 4.36890935898
        min: 0
        var: 7.38828659058
    spectral_crest:
        dmean: 1.68065822124
        dmean2: 2.54522776604
        dvar: 2.84837961197
        dvar2: 6.95298337936
        max: 24.2082824707
        mean: 14.2691106796
        min: 4.40717077255
        var: 18.2359676361
    spectral_decrease:
        dmean: 1.47926254579e-10
        dmean2: 2.1233548253e-10
        dvar: 4.62608383142e-20
        dvar2: 8.24639358615e-20
        max: -2.12033307578e-11
        mean: -8.29429580573e-10
        min: -2.87620682826e-09
        var: 5.13799360078e-19
    spectral_energy:
        dmean: 0.000582459266298
        dmean2: 0.000828013231512
        dvar: 7.09542860022e-07
        dvar2: 1.25336407564e-06
        max: 0.0114376256242
        mean: 0.00329956109636
        min: 8.44848909765e-05
        var: 8.31496708997e-06
    spectral_energyband_high:
        dmean: 5.63501600936e-07
        dmean2: 7.80264599598e-07
        dvar: 2.05004546325e-12
        dvar2: 3.80399401215e-12
        max: 1.90737482626e-05
        mean: 1.42051726471e-06
        min: 1.46945779989e-08
        var: 6.45728956417e-12
    spectral_energyband_low:
        dmean: 6.64423737362e-07
        dmean2: 1.17512036013e-06
        dvar: 1.33088462126e-12
        dvar2: 3.31836533078e-12
        max: 1.30027410705e-05
        mean: 1.34565971166e-06
        min: 7.08590430776e-09
        var: 4.41621218761e-12
    spectral_energyband_middle_high:
        dmean: 0.000103189740912
        dmean2: 0.000120550212159
        dvar: 4.34805897953e-08
        dvar2: 7.26175670707e-08
        max: 0.00529022235423
        mean: 0.000522610382177
        min: 1.23255085782e-05
        var: 7.85032455042e-07
    spectral_energyband_middle_low:
        dmean: 0.00053893274162
        dmean2: 0.000793064304162
        dvar: 6.29431838206e-07
        dvar2: 1.14353429126e-06
        max: 0.00998415239155
        mean: 0.00277418573387
        min: 6.61821468384e-05
        var: 5.27370366399e-06
    spectral_flatness_db:
        dmean: 0.0165550969541
        dmean2: 0.0265320222825
        dvar: 0.000367723347154
        dvar2: 0.000678484037053
        max: 0.404036849737
        mean: 0.310476213694
        min: 0.12050909549
        var: 0.00157155958004
    spectral_flux:
        dmean: 0.00543875154108
        dmean2: 0.00881757587194
        dvar: 5.69118528801e-05
        dvar2: 0.000147954677232
        max: 0.0848436951637
        mean: 0.0136759178713
        min: 0.00104960659519
        var: 9.84196958598e-05
    spectral_kurtosis:
        dmean: 9.26959609985
        dmean2: 16.0417461395
        dvar: 53.3566932678
        dvar2: 158.811172485
        max: 62.2643966675
        mean: 27.00157547
        min: 2.57505893707
        var: 135.926193237
    spectral_rms:
        dmean: 0.000159967268701
        dmean2: 0.000226004602155
        dvar: 4.85496904901e-08
        dvar2: 8.03394115678e-08
        max: 0.00334045779891
        mean: 0.00160663947463
        min: 0.000287096307147
        var: 6.37789980829e-07
    spectral_rolloff:
        dmean: 109.468673706
        dmean2: 188.277328491
        dvar: 57102.6367188
        dvar2: 108422.789062
        max: 3079.24804688
        mean: 785.338378906
        min: 279.931640625
        var: 298871.34375
    spectral_skewness:
        dmean: 0.657174706459
        dmean2: 1.12538599968
        dvar: 0.250455647707
        dvar2: 0.74842274189
        max: 6.42594718933
        mean: 3.75860714912
        min: 1.41312277317
        var: 0.830286920071
    spectral_spread:
        dmean: 332723.90625
        dmean2: 512659.6875
        dvar: 1.50017841562e+12
        dvar2: 1.48511182029e+12
        max: 27570898
        mean: 2123266
        min: 1218290.625
        var: 1.8607594537e+12
    spectral_strongpeak:
        dmean: 0.090706422925
        dmean2: 0.141919985414
        dvar: 0.0235313940793
        dvar2: 0.0386764630675
        max: 2.37744832039
        mean: 0.498859792948
        min: 0.0274016559124
        var: 0.181800812483
    zerocrossingrate:
        dmean: 0.00296261813492
        dmean2: 0.00353520177305
        dvar: 8.03029433882e-06
        dvar2: 9.6124740594e-06
        max: 0.072265625
        mean: 0.0284471977502
        min: 0.0107421875
        var: 0.000110937631689
    barkbands:
        dmean: [4.90803309106e-09, 3.36615443075e-07, 3.82929925991e-07, 1.4380347011e-06, 0.000368579203496, 0.000212006372749, 4.23697674705e-05, 8.46721741254e-05, 4.49772996944e-05, 5.28239143023e-05, 4.17375122197e-06, 8.55971393321e-06, 1.12988518595e-05, 2.11560800381e-05, 1.21126677186e-05, 1.22681749417e-05, 1.64003104146e-05, 1.27374560179e-05, 9.0410158009e-06, 4.9094037422e-06, 1.51362030465e-07, 5.93142885918e-08, 4.53707329484e-08, 2.40243061e-08, 8.3059497058e-09, 1.5635500672e-09, 1.32364730288e-09]
        dmean2: [6.73779876337e-09, 5.89637295434e-07, 6.68422160288e-07, 2.08907727028e-06, 0.000567831739318, 0.000279718544334, 5.5483669712e-05, 0.000102089055872, 4.77572939417e-05, 6.82241807226e-05, 6.04930983172e-06, 1.16239616545e-05, 1.60050494742e-05, 3.33240059263e-05, 1.77226520464e-05, 1.48233448272e-05, 2.39019773289e-05, 1.4613179701e-05, 9.63382626651e-06, 6.07251513429e-06, 2.08817994007e-07, 9.00397978398e-08, 5.13943412273e-08, 3.3788793985e-08, 1.20334551212e-08, 1.83151482869e-09, 1.50112633435e-09]
        dvar: [3.12293847873e-15, 4.46576152793e-13, 5.5789005143e-13, 2.04912597307e-11, 2.70052453288e-07, 1.66745351748e-07, 1.22675585246e-08, 3.05878451456e-08, 2.4616193528e-08, 2.99048643626e-08, 9.10956171607e-11, 2.36147268406e-10, 3.99871247225e-10, 1.27100296954e-09, 6.30453911299e-10, 1.94873672754e-09, 2.38158404109e-09, 1.81164383495e-09, 8.59620485905e-10, 1.56602397716e-10, 2.05185315353e-13, 1.85273684957e-14, 2.53136456973e-14, 4.69956452565e-15, 1.70341851467e-15, 4.79631294652e-16, 5.4343447492e-16]
        dvar2: [3.13864691649e-15, 1.1808080555e-12, 1.44184328105e-12, 4.48814145571e-11, 6.56988447645e-07, 2.51626943282e-07, 1.59294941682e-08, 3.98574826477e-08, 1.48660399546e-08, 5.89292099562e-08, 1.83256659847e-10, 4.46725406666e-10, 9.42755873368e-10, 2.92687296621e-09, 1.36131339534e-09, 2.20353491009e-09, 5.16741760492e-09, 1.65196423207e-09, 7.07663150301e-10, 2.18715892619e-10, 3.31531758426e-13, 3.86998138884e-14, 3.89755129484e-14, 8.68984653115e-15, 2.94870507203e-15, 4.80828575723e-16, 5.43164747866e-16]
        max: [1.16209093903e-06, 9.62376088864e-06, 1.09826669359e-05, 6.17382320343e-05, 0.00547621026635, 0.00620019761845, 0.00266722007655, 0.00324918748811, 0.00501842610538, 0.00471177743748, 0.000191010884009, 0.000216230604565, 0.000324095453834, 0.000620005885139, 0.000359611061867, 0.00131180672906, 0.0010878611356, 0.00123287213501, 0.000899970822502, 0.000390555040212, 8.76511057868e-06, 2.5035960789e-06, 5.0207258937e-06, 1.61024399858e-06, 5.98973599608e-07, 4.55177115555e-07, 4.84804729695e-07]
        mean: [5.32392663288e-09, 6.12988685589e-07, 7.29421685719e-07, 3.13513305628e-06, 0.00130098103546, 0.000866633374244, 0.000124664031318, 0.000298881903291, 0.000171256629983, 0.00019906774105, 1.00905526779e-05, 2.47485277214e-05, 2.93165176117e-05, 4.88445039082e-05, 3.3960386645e-05, 4.70634513476e-05, 5.58487663511e-05, 3.42734492733e-05, 3.07918380713e-05, 1.79142698471e-05, 3.55855178213e-07, 1.78591776034e-07, 1.31806658032e-07, 6.06226890909e-08, 1.54095225469e-08, 2.01760053109e-09, 1.27340094025e-09]
        min: [2.52545293705e-12, 2.53241960735e-09, 3.92689969431e-09, 2.70958522286e-09, 8.13009683043e-06, 1.81862390036e-06, 6.11173447851e-07, 4.07827599247e-07, 8.37214429339e-07, 6.25267830401e-07, 1.27995804178e-07, 1.26908915377e-07, 2.17578246975e-07, 2.10703845482e-07, 2.6750598181e-07, 1.48867187022e-07, 1.12154346255e-07, 8.69919034585e-08, 3.18264703481e-08, 1.72402891963e-08, 4.11628642283e-09, 6.74843070314e-10, 7.25687621106e-10, 2.34927799436e-10, 3.93327537207e-10, 4.54934041827e-11, 1.0976523103e-13]
        var: [3.11894598893e-15, 1.29037275656e-12, 2.16111308536e-12, 6.81167275363e-11, 1.20148251881e-06, 1.39355051942e-06, 6.19705460281e-08, 3.24805625951e-07, 3.66979833188e-07, 4.02342664074e-07, 3.92838039875e-10, 8.31857194239e-10, 1.85013304677e-09, 6.64461596855e-09, 4.44591519155e-09, 2.49048088818e-08, 2.16075939363e-08, 1.49035273012e-08, 1.01013180043e-08, 2.94839130888e-09, 6.1666925906e-13, 1.46388042205e-13, 2.20567935119e-13, 3.15619451689e-14, 2.21486876081e-15, 4.8115081882e-16, 5.43806904719e-16]
    mfcc:
        mean: [-878.267883301, 200.407669067, -77.1286087036, 13.1427459717, -19.9977645874, -36.5341377258, -29.0862770081, -21.5530357361, -30.8293514252, -10.8661823273, -15.5882568359, -18.8916282654, -9.62766647339]
        cov: [[4007.91870117, -1059.62097168, -587.359130859, 255.370101929, -45.5105209351, -310.59274292, -295.927734375, 6.96932554245, -506.893096924, 210.623779297, -3.03424167633, -61.1879997253, -38.2225074768], [-1059.62097168, 804.239868164, 120.342079163, -119.86341095, 27.9463920593, 76.2775650024, 117.783615112, -18.0467758179, 148.336532593, -68.1601409912, -13.1990346909, -47.2419204712, -34.6965484619], [-587.359130859, 120.342079163, 278.159057617, 6.60901165009, 58.4751281738, 86.9365005493, 82.9010391235, 48.9952430725, 110.952217102, -10.2860269547, -13.5390920639, 11.8059520721, -10.3944320679], [255.370101929, -119.86341095, 6.60901165009, 214.136825562, 72.1234664917, 5.15504693985, 22.2985191345, 31.5022506714, -40.1475410461, 24.9867725372, 10.7203302383, 0.396564155817, 16.7236022949], [-45.5105209351, 27.9463920593, 58.4751281738, 72.1234664917, 133.862609863, 53.9813308716, 11.8437929153, -13.1009597778, 35.6256256104, -18.1623859406, -21.3745689392, 10.8542499542, 22.6531639099], [-310.59274292, 76.2775650024, 86.9365005493, 5.15504693985, 53.9813308716, 176.760116577, 57.7865600586, -57.3622093201, 35.0887489319, -44.8204307556, -15.8139038086, 20.1110019684, -11.3269338608], [-295.927734375, 117.783615112, 82.9010391235, 22.2985191345, 11.8437929153, 57.7865600586, 119.797935486, 31.8179283142, 18.1079940796, 4.61136293411, 17.247209549, 4.40502500534, -35.2063865662], [6.96932554245, -18.0467758179, 48.9952430725, 31.5022506714, -13.1009597778, -57.3622093201, 31.8179283142, 206.675216675, 50.6394805908, 71.4547805786, 30.738117218, 6.76868057251, -15.1471624374], [-506.893096924, 148.336532593, 110.952217102, -40.1475410461, 35.6256256104, 35.0887489319, 18.1079940796, 50.6394805908, 179.823532104, -12.5635957718, -20.6762199402, 16.9876613617, 31.0404319763], [210.623779297, -68.1601409912, -10.2860269547, 24.9867725372, -18.1623859406, -44.8204307556, 4.61136293411, 71.4547805786, -12.5635957718, 94.7997436523, 24.3163375854, -17.6529140472, -16.8426418304], [-3.03424167633, -13.1990346909, -13.5390920639, 10.7203302383, -21.3745689392, -15.8139038086, 17.247209549, 30.738117218, -20.6762199402, 24.3163375854, 78.2407608032, 12.4291858673, -8.32352638245], [-61.1879997253, -47.2419204712, 11.8059520721, 0.396564155817, 10.8542499542, 20.1110019684, 4.40502500534, 6.76868057251, 16.9876613617, -17.6529140472, 12.4291858673, 76.2498931885, 9.56856822968], [-38.2225074768, -34.6965484619, -10.3944320679, 16.7236022949, 22.6531639099, -11.3269338608, -35.2063865662, -15.1471624374, 31.0404319763, -16.8426418304, -8.32352638245, 9.56856822968, 106.647994995]]
        icov: [[0.000854520883877, 0.000495515880175, 0.00092816282995, -0.000249496632023, -0.000764664611779, 0.000157122762175, 0.000983130419627, -0.000368533714209, 0.00141323159914, -0.00112844945397, 0.000822189380415, 0.000119230353448, 0.000512303260621], [0.000495515880175, 0.0027839615941, 0.00103501079138, 0.00116520305164, -0.00146945856977, 0.000701316108461, -0.00228849286214, 0.000156614900334, -0.00130679039285, 0.00134066108149, -0.00038558174856, 0.00264008017257, 0.000979975797236], [0.00092816282995, 0.00103501079138, 0.00777217606083, 0.000104832928628, -0.00243053166196, -0.00124179455452, -0.00248306873254, -0.00143261032645, -0.0018194852164, -0.000543221191037, 0.00139274972025, 0.00102422188502, 0.00123224454001], [-0.000249496632023, 0.00116520305164, 0.000104832928628, 0.00864907540381, -0.00546472566202, 0.000235433763009, -0.0034524963703, -0.00154490885325, 0.00213125254959, -5.95104174863e-05, -0.000922481936868, 0.00143319193739, -0.00206006621011], [-0.000764664611779, -0.00146945856977, -0.00243053166196, -0.00546472566202, 0.0141328452155, -0.00276718614623, 0.0016325940378, 0.00131944124587, -0.00278301164508, 0.000733278866392, 0.00165681075305, -0.00190786400344, -0.00147530424874], [0.000157122762175, 0.000701316108461, -0.00124179455452, 0.000235433763009, -0.00276718614623, 0.0109138339758, -0.00484160846099, 0.00378969986923, -0.00147664465476, 0.00172515783925, 0.000367489410564, -0.00132998183835, 0.00166364142206], [0.000983130419627, -0.00228849286214, -0.00248306873254, -0.0034524963703, 0.0016325940378, -0.00484160846099, 0.0190224368125, -0.0028447068762, 0.00418011611328, -0.00280855200253, -0.00129319785628, -0.00181615771726, 0.00332363555208], [-0.000368533714209, 0.000156614900334, -0.00143261032645, -0.00154490885325, 0.00131944124587, 0.00378969986923, -0.0028447068762, 0.0101888114586, -0.00479116756469, -0.00461261486635, -0.00167790439446, -0.00179240386933, 0.00134765612893], [0.00141323159914, -0.00130679039285, -0.0018194852164, 0.00213125254959, -0.00278301164508, -0.00147664465476, 0.00418011611328, -0.00479116756469, 0.0151289524511, -0.00283113331534, 0.00404975423589, -0.00267098168842, -0.00359119311906], [-0.00112844945397, 0.00134066108149, -0.000543221191037, -5.95104174863e-05, 0.000733278866392, 0.00172515783925, -0.00280855200253, -0.00461261486635, -0.00283113331534, 0.0208611190319, -0.00494921812788, 0.00608571944758, 0.00161957985256], [0.000822189380415, -0.00038558174856, 0.00139274972025, -0.000922481936868, 0.00165681075305, 0.000367489410564, -0.00129319785628, -0.00167790439446, 0.00404975423589, -0.00494921812788, 0.0178833175451, -0.00477885594591, -0.000664305873215], [0.000119230353448, 0.00264008017257, 0.00102422188502, 0.00143319193739, -0.00190786400344, -0.00132998183835, -0.00181615771726, -0.00179240386933, -0.00267098168842, 0.00608571944758, -0.00477885594591, 0.0183614566922, -9.52702321229e-05], [0.000512303260621, 0.000979975797236, 0.00123224454001, -0.00206006621011, -0.00147530424874, 0.00166364142206, 0.00332363555208, 0.00134765612893, -0.00359119311906, 0.00161957985256, -0.000664305873215, -9.52702321229e-05, 0.0133585873991]]
    spectral_contrast:
        mean: [2.23413692879e-07, 7.68827312925e-09, -2.00871795641e-07, 1.70101426278e-08, -3.01221263044e-07, -4.28088583249e-07, 4.08851929024e-06, -1.16083845114e-06, -5.79451182148e-07, 1.23800646179e-06, 1.74644378603e-06, 2.21436084757e-06]
        var: [0.000197713961825, 0.00112134928349, 0.00158768671099, 0.0030258866027, 0.00399106461555, 0.0104369334877, 0.0531452782452, 0.0727908462286, 0.112827457488, 0.240165963769, 0.32480892539, 1.37815225124]

rhythm:
    beats_loudness:
        dmean: 0.00224360101856
        dmean2: 0.00319053418934
        dvar: 6.61318154016e-06
        dvar2: 1.35102482091e-05
        max: 0.0110261980444
        mean: 0.00322104478255
        min: 0.0002977802651
        var: 8.55136022437e-06
    beats_loudness_bass:
        dmean: 0.00632420368493
        dmean2: 0.012474142015
        dvar: 9.25687199924e-05
        dvar2: 0.000247855496127
        max: 0.0327876508236
        mean: 0.0037161433138
        min: 5.06556643813e-05
        var: 6.09235066804e-05
    bpm: 93.8418884277
    bpm_confidence: 0
    first_peak_bpm: 94
    first_peak_spread: 0.100000023842
    first_peak_weight: 0.5
    onset_rate: 3.59823775291
    second_peak_bpm: 140
    second_peak_spread: 0
    second_peak_weight: 0.444444447756
    beats_position: [0.0377806127071, 0.677177429199, 1.31657421589, 1.95597112179, 2.59536790848, 3.23476457596, 3.87416172028, 4.51355838776, 5.15295553207, 5.79235267639, 6.44125413895, 6.86858177185, 7.29590988159, 7.7232375145, 8.1505651474, 8.57789325714, 9.00522136688, 9.43254852295, 9.85987663269]
    bpm_estimates: [93.177482605, 93.7798919678, 94.5682983398]
    bpm_intervals: [0.63939678669, 0.63939678669, 0.639396905899, 0.63939678669, 0.63939666748, 0.639397144318, 0.63939666748, 0.639397144318, 0.639397144318, 0.648901462555, 0.427327632904, 0.427328109741, 0.427327632904, 0.427327632904, 0.427328109741, 0.427328109741, 0.427327156067, 0.427328109741]
    onset_times: [0.0348299331963, 0.684988677502, 0.766258478165, 0.917188227177, 1.06811785698, 1.45124721527, 1.74149656296, 1.86920630932, 1.95047616959, 2.27555561066, 2.40326523781, 2.57741498947, 2.75156474113, 3.43655323982, 3.5178232193, 3.70358276367, 3.85451245308, 3.90095233917, 4.04027223587, 4.1099319458, 4.23764181137, 5.16644001007, 5.31736946106, 5.45668935776, 5.88625860214, 5.99074840546, 6.11845827103, 6.57124710083, 7.30267572403, 7.60453510284, 7.77868461609, 8.15020370483, 9.04417228699, 9.45052146912, 9.86848068237, 10.0078001022]
    rubato_start: [6.86858177185]
    rubato_stop: [7.29590988159]
    perceptual_tempo: "unknown"

sfx:
    inharmonicity:
        dmean: 0.037295114249
        dmean2: 0.0685256198049
        dvar: 0.00450094975531
        dvar2: 0.012221140787
        max: 0.4349835217
        mean: 0.0356159545481
        min: 0
        var: 0.00480247382075
    oddtoevenharmonicenergyratio:
        dmean: 29.0145130157
        dmean2: 57.1336174011
        dvar: 52283.640625
        dvar2: 156374.5
        max: 3202.55419922
        mean: 16.2220573425
        min: 0
        var: 26338.2109375
    pitch_after_max_to_before_max_energy_ratio: 5.50134372711
    pitch_centroid: 211.672439575
    pitch_max_to_total: 0.120649650693
    pitch_min_to_total: 0.232018560171
    tristimulus:
        dmean: [0.175998806953, 0.194707110524, 0.0271430257708]
        dmean2: [0.32116663456, 0.357314437628, 0.0497797094285]
        dvar: [0.0667416155338, 0.0768525749445, 0.00385575508699]
        dvar2: [0.183891296387, 0.204997196794, 0.0104617541656]
        max: [1, 0.991121411324, 0.639474749565]
        mean: [0.46273034811, 0.487863481045, 0.0284411124885]
        min: [0.000981608172879, 0, 0]
        var: [0.0933475196362, 0.0917738378048, 0.00343601917848]

tonal:
    chords_changes_rate: 0.0599078349769
    chords_number_rate: 0.0322580635548
    chords_strength:
        dmean: 0.0107328845188
        dmean2: 0.00688410690054
        dvar: 7.11769971531e-05
        dvar2: 5.67456736462e-05
        max: 0.746478140354
        mean: 0.488024026155
        min: 0.204199284315
        var: 0.0192890521139
    key_strength: 0.759982466698
    tuning_diatonic_strength: 0.598474681377
    tuning_equal_tempered_deviation: 0.0810650661588
    tuning_frequency: 438.477722168
    tuning_nontempered_energy_ratio: 0.66654163599
    hpcp:
        dmean: [0.0893180668354, 0.0833985432982, 0.0399760939181, 0.0133772334084, 0.0250522010028, 0.048096422106, 0.073947250843, 0.0754727646708, 0.0704897046089, 0.0685653164983, 0.0590363927186, 0.0685904696584, 0.0967067554593, 0.10077008605, 0.080294072628, 0.061252169311, 0.0494761765003, 0.0151582788676, 0.0108329569921, 0.0174594782293, 0.0508270561695, 0.092945151031, 0.0690858960152, 0.0210929475725, 0.0152456182986, 0.0102379722521, 0.0360411591828, 0.0491314381361, 0.0373799949884, 0.0110585950315, 0.00511618005112, 0.00594337331131, 0.035494633019, 0.0491110831499, 0.0670916736126, 0.087690576911]
        dmean2: [0.132502168417, 0.139930590987, 0.0698723942041, 0.0237061250955, 0.0484226495028, 0.0786020234227, 0.124004520476, 0.127247348428, 0.12112942338, 0.121817395091, 0.0976817309856, 0.117313623428, 0.167119249701, 0.174296870828, 0.127806529403, 0.105887435377, 0.076424755156, 0.0252163540572, 0.0151993418112, 0.026050567627, 0.0804443731904, 0.143270328641, 0.105297267437, 0.0362881422043, 0.0278722178191, 0.0187130309641, 0.0589153058827, 0.0796595811844, 0.058969296515, 0.0189444310963, 0.00912403874099, 0.0098647242412, 0.0626905485988, 0.0806606113911, 0.117634825408, 0.148438304663]
        dvar: [0.032793816179, 0.0368481390178, 0.0194515455514, 0.00178022368345, 0.0128741879016, 0.0163650605828, 0.0353588759899, 0.0292609669268, 0.0359430089593, 0.0360880047083, 0.0245861243457, 0.0285056959838, 0.0465964563191, 0.0380621962249, 0.0280897151679, 0.0344404019415, 0.0182636361569, 0.00430704792961, 0.00241803587414, 0.00564466090873, 0.00951560772955, 0.0268806740642, 0.0171551778913, 0.00427802465856, 0.0093841617927, 0.00159077416174, 0.0128637431189, 0.0250971913338, 0.0100792720914, 0.00147173798177, 0.000351456692442, 0.000242951413384, 0.0150748370215, 0.0161334611475, 0.0270970202982, 0.035825021565]
        dvar2: [0.0698211044073, 0.0879186019301, 0.0495587810874, 0.00492730084807, 0.038374569267, 0.0380656570196, 0.0869918167591, 0.0799174383283, 0.0911813229322, 0.097719617188, 0.0644503831863, 0.0631645321846, 0.114528805017, 0.0924845412374, 0.0695173963904, 0.0730942189693, 0.038064263761, 0.0114279603586, 0.00258555402979, 0.00717603880912, 0.0202374923974, 0.0525750406086, 0.0343670547009, 0.0115946261212, 0.0279631596059, 0.00435349624604, 0.0277920141816, 0.0504187606275, 0.0192236825824, 0.00386803317815, 0.00100900698453, 0.000596585683525, 0.0390263460577, 0.0367988534272, 0.0732524618506, 0.0994600504637]
        max: [1, 1, 1, 0.339302629232, 0.840829730034, 1, 1, 1, 1, 1, 1, 1, 1, 1, 1, 1, 1, 0.623697757721, 0.707065522671, 1, 1, 1, 1, 0.685958743095, 1, 0.346390068531, 1, 1, 1, 0.370408922434, 0.147921338677, 0.146099567413, 0.920866549015, 1, 1, 1]
        mean: [0.220336586237, 0.152847364545, 0.0409980863333, 0.0158081222326, 0.0202687066048, 0.0635690763593, 0.117030724883, 0.101543031633, 0.0752066895366, 0.0657166540623, 0.0587308257818, 0.153928846121, 0.286425620317, 0.202376559377, 0.136720046401, 0.174757421017, 0.082280471921, 0.0147409681231, 0.0178944654763, 0.0277144555002, 0.115142732859, 0.238239228725, 0.157694905996, 0.0270998049527, 0.0140469418839, 0.00946438778192, 0.0689891800284, 0.140253975987, 0.0854287669063, 0.0142801487818, 0.00579947140068, 0.00646961154416, 0.0418327860534, 0.0879185125232, 0.0890524759889, 0.137151286006]
        min: [0.000199775997316, 0.000157874659635, 9.4144292234e-05, 5.21018046129e-06, 7.06747596269e-05, 0.000573337136302, 0.000899866223335, 0.000784388044849, 7.43939745007e-05, 1.54466488311e-05, 1.35095524456e-06, 2.50753237196e-05, 2.75299626082e-05, 7.31447944418e-05, 9.3764574558e-05, 2.11353672057e-05, 1.06716179289e-05, 2.33845366893e-05, 4.72373139928e-05, 4.98214249092e-05, 0.00134594424162, 0.000933405768592, 0.000631580536719, 9.68852618826e-05, 1.00366369225e-05, 1.07949717858e-05, 1.13574205898e-05, 4.51649248134e-05, 0.000580889522098, 4.73511609016e-05, 9.88886858977e-06, 0, 0, 2.04951402338e-06, 0.000114007343655, 0.000209344856557]
        var: [0.113682217896, 0.0694103837013, 0.0199027154595, 0.00194442854263, 0.00735334819183, 0.0307439807802, 0.0661364272237, 0.0467367246747, 0.0418479405344, 0.0385511890054, 0.0298206359148, 0.0632780045271, 0.158190488815, 0.0850237011909, 0.0659386590123, 0.124919809401, 0.0362885370851, 0.00299881561659, 0.00254694418982, 0.00767641467974, 0.0311906449497, 0.0837381854653, 0.0485261194408, 0.00439134985209, 0.00503120059147, 0.00106752116699, 0.025539835915, 0.0860312432051, 0.0351086705923, 0.00162460422143, 0.000239809029154, 0.000306587608065, 0.0139887984842, 0.0354955531657, 0.0368745848536, 0.0623792000115]
    chords_histogram: [28.571428299, 11.520737648, 24.8847923279, 0, 0, 0, 0, 0, 0, 0, 0, 0, 0, 0, 0, 0.921658992767, 0, 4.14746522903, 0, 0, 0, 9.67741966248, 10.1382484436, 10.1382484436]
    thpcp: [1, 0.70655888319, 0.477331757545, 0.610131919384, 0.287266463041, 0.0514652580023, 0.0624750852585, 0.0967596918344, 0.401998728514, 0.831766486168, 0.55056142807, 0.0946137607098, 0.049042198807, 0.0330430902541, 0.240862458944, 0.489669799805, 0.298258125782, 0.0498563945293, 0.0202477388084, 0.0225874055177, 0.146051138639, 0.306950598955, 0.310909599066, 0.47883734107, 0.769262850285, 0.533637166023, 0.143136933446, 0.0551910214126, 0.0707642957568, 0.221939206123, 0.40859028697, 0.354517966509, 0.262569695711, 0.229437068105, 0.205047383904, 0.53741300106]
    chords_key: "A"
    chords_scale: "major"
    key_key: "A"
    key_scale: "major"
    chords_progression: ["Dm", "Dm", "D", "D", "D", "D", "D", "D", "D", "D", "D", "D", "D", "D", "D", "D", "D", "D", "D", "D", "D", "D", "D", "D", "C#m", "C#m", "C#m", "E", "E", "E", "E", "E", "E", "E", "E", "E", "E", "E", "E", "E", "E", "E", "E", "E", "E", "E", "E", "E", "E", "E", "E", "E", "E", "E", "E", "E", "E", "E", "E", "E", "E", "E", "E", "E", "E", "E", "E", "E", "E", "E", "E", "E", "E", "C#m", "Bm", "Bm", "Bm", "Bm", "Bm", "Bm", "Bm", "Bm", "Bm", "Bm", "C#m", "C#m", "C#m", "C#m", "C#m", "C#m", "C#m", "C#m", "C#m", "C#m", "C#m", "Bm", "Bm", "C#m", "C#m", "C#m", "C#m", "C#m", "C#m", "C#m", "C#m", "C#m", "C#m", "Bm", "Bm", "Bm", "Bm", "Bm", "Bm", "Bm", "Bm", "Bm", "E", "E", "E", "E", "E", "E", "E", "E", "Am", "Am", "Am", "Am", "Am", "Am", "Am", "Am", "Am", "A", "A", "A", "A", "A", "A", "A", "A", "A", "A", "A", "A", "A", "A", "A", "A", "A", "A", "A", "A", "A", "A", "A", "A", "A", "A", "A", "A", "A", "A", "A", "A", "A", "A", "A", "A", "A", "A", "A", "A", "A", "A", "A", "A", "A", "A", "A", "A", "A", "A", "A", "A", "A", "A", "A", "A", "A", "A", "A", "A", "A", "A", "F#m", "F#m", "F#m", "F#m", "F#m", "F#m", "F#m", "F#m", "F#m", "F#m", "F#m", "F#m", "F#m", "F#m", "F#m", "F#m", "F#m", "F#m", "F#m", "F#m", "F#m", "F#m"]
