
metadata:
    version:
        essentia: "1.2.2"
    audio_properties:
        analysis_sample_rate: 44100
        bitrate: 128
        channels: 2
        equal_loudness: 1
        length: 10.0310201645
        replay_gain: -16.1243057251
        downmix: "mix"
    tags:
        track: 5
        year: 0
        album: "Splitted by Mp3Splt v. 2.1"
        artist: "From 000.40 To 000.50"
        comment: "http://mp3splt.sf.net"
        genre: ""
        title: "10 Love Is All.mp3"

highlevel:
    ballroom:
        all:
            ChaChaCha: 0.20251442492
            Jive: 0.260971069336
            Quickstep: 0.345622390509
            Rumba-American: 0.0032020972576
            Rumba-International: 0.0161610543728
            Rumba-Misc: 0.00323697645217
            Samba: 0.0877965167165
            Tango: 0.0354700125754
            VienneseWaltz: 0.0350990183651
            Waltz: 0.00992644950747
        probability: 0.345622390509
        value: "Quickstep"
    culture:
        all:
            non_western: 0.915997624397
            western: 0.0840023607016
        probability: 0.915997624397
        value: "non_western"
    gender:
        all:
            female: 0.364199221134
            male: 0.635800778866
        probability: 0.635800778866
        value: "male"
    genre_dortmund:
        all:
            alternative: 0.0625110641122
            blues: 0.277342885733
            electronic: 0.00865875929594
            folkcountry: 0.153190150857
            funksoulrnb: 0.0398244783282
            jazz: 0.231320992112
            pop: 0.0524996444583
            raphiphop: 0.0155378263444
            rock: 0.159114196897
        probability: 0.277342885733
        value: "blues"
    genre_electronica:
        all:
            ambient: 0.404839754105
            dnb: 0.231206402183
            house: 0.147054940462
            techno: 0.03798436746
            trance: 0.178914546967
        probability: 0.404839754105
        value: "ambient"
    genre_rosamerica:
        all:
            cla: 0.0315857231617
            dan: 0.0479747988284
            hip: 0.0305410493165
            jaz: 0.0607233047485
            pop: 0.560892343521
            rhy: 0.0812820196152
            roc: 0.178028285503
            spe: 0.00897246319801
        probability: 0.560892343521
        value: "pop"
    genre_tzanetakis:
        all:
            blu: 0.024677477777
            cla: 0.00662661995739
            cou: 0.0799030587077
            dis: 0.149593532085
            hip: 0.0546431355178
            jaz: 0.0295883323997
            met: 0.0143047329038
            pop: 0.209881588817
            reg: 0.289644271135
            roc: 0.141137242317
        probability: 0.289644271135
        value: "reg"
    live_studio:
        all:
            live: 0.126594945788
            studio: 0.87340503931
        probability: 0.87340503931
        value: "studio"
    mood:
        all:
            Cluster1: 0.209786787629
            Cluster2: 0.347781211138
            Cluster3: 0.0753156244755
            Cluster4: 0.207584902644
            Cluster5: 0.159531459212
        probability: 0.347781211138
        value: "Cluster2"
    mood_acoustic:
        all:
            acoustic: 0.00640464480966
            not_acoustic: 0.99359536171
        probability: 0.99359536171
        value: "not_acoustic"
    mood_aggressive:
        all:
            aggressive: 0.545411586761
            not_aggressive: 0.454588383436
        probability: 0.545411586761
        value: "aggressive"
    mood_electronic:
        all:
            electronic: 0.596682190895
            not_electronic: 0.403317838907
        probability: 0.596682190895
        value: "electronic"
    mood_happy:
        all:
            happy: 0.846845328808
            not_happy: 0.153154686093
        probability: 0.846845328808
        value: "happy"
    mood_party:
        all:
            not_party: 0.339517474174
            party: 0.660482525826
        probability: 0.660482525826
        value: "party"
    mood_relaxed:
        all:
            not_relaxed: 0.29240372777
            relaxed: 0.707596242428
        probability: 0.707596242428
        value: "relaxed"
    mood_sad:
        all:
            not_sad: 0.929081618786
            sad: 0.070918366313
        probability: 0.929081618786
        value: "not_sad"
    rhythm:
        all:
            fast: 0.380972445011
            medium: 0.367457717657
            slow: 0.251569837332
        probability: 0.380972445011
        value: "fast"
    speech_music:
        all:
            music: 0.999989926815
            speech: 1.00868101072e-05
        probability: 0.999989926815
        value: "music"
    timbre:
        all:
            bright: 0.0554721355438
            dark: 0.944527864456
        probability: 0.944527864456
        value: "dark"
    voice_instrumental:
        all:
            instrumental: 0.11525605619
            voice: 0.884743928909
        probability: 0.884743928909
        value: "voice"

lowlevel:
    average_loudness: 0.984033644199
    barkbands_kurtosis:
        dmean: 1.64166462421
        dmean2: 2.41979122162
        dvar: 14.905380249
        dvar2: 32.0940971375
        max: 52.4048080444
        mean: 1.2936270237
        min: -1.90369772911
        var: 33.3577308655
    barkbands_skewness:
        dmean: 0.473605662584
        dmean2: 0.691444754601
        dvar: 0.325605481863
        dvar2: 0.681089997292
        max: 5.94010400772
        mean: -0.277370601892
        min: -3.37729048729
        var: 2.24726676941
    barkbands_spread:
        dmean: 4.93338680267
        dmean2: 7.27730131149
        dvar: 30.7898902893
        dvar2: 61.8461036682
        max: 53.3511886597
        mean: 30.6963996887
        min: 2.11573028564
        var: 128.513366699
    dissonance:
        dmean: 0.014245682396
        dmean2: 0.0231401100755
        dvar: 0.000192967432668
        dvar2: 0.000481031136587
        max: 0.499565064907
        mean: 0.468389123678
        min: 0.369478642941
        var: 0.000479364069179
    hfc:
        dmean: 2.67726349831
        dmean2: 3.81212306023
        dvar: 14.4259033203
        dvar2: 26.6297016144
        max: 40.5807533264
        mean: 9.472697258
        min: 0.047134026885
        var: 73.8725280762
    pitch:
        dmean: 674.924194336
        dmean2: 1309.2956543
        dvar: 1656133.375
        dvar2: 4010955
        max: 4410
        mean: 1583.77770996
        min: 65.3333358765
        var: 2662102.25
    pitch_instantaneous_confidence:
        dmean: 0.0766970217228
        dmean2: 0.12387624383
        dvar: 0.00587206054479
        dvar2: 0.014722908847
        max: 0.942851483822
        mean: 0.576434850693
        min: 0.181441128254
        var: 0.0303867645562
    pitch_salience:
        dmean: 0.0592402331531
        dmean2: 0.095499008894
        dvar: 0.00308553036302
        dvar2: 0.0077603799291
        max: 0.781420767307
        mean: 0.561130702496
        min: 0.312807559967
        var: 0.00732251023874
    silence_rate_20dB:
        dmean: 0
        dmean2: 0
        dvar: 0
        dvar2: 0
        max: 1
        mean: 1
        min: 1
        var: 0
    silence_rate_30dB:
        dmean: 0
        dmean2: 0
        dvar: 0
        dvar2: 0
        max: 1
        mean: 1
        min: 1
        var: 0
    silence_rate_60dB:
        dmean: 0.102088168263
        dmean2: 0.204651162028
        dvar: 0.0916659981012
        dvar2: 0.167420357466
        max: 1
        mean: 0.460648149252
        min: 0
        var: 0.248451545835
    spectral_centroid:
        dmean: 261.352264404
        dmean2: 382.715057373
        dvar: 107638.570312
        dvar2: 222683.515625
        max: 3583.26806641
        mean: 1993.33984375
        min: 156.465667725
        var: 723103.75
    spectral_complexity:
        dmean: 2.68065261841
        dmean2: 4.23130846024
        dvar: 11.4947834015
        dvar2: 22.4254665375
        max: 34
        mean: 13.2767438889
        min: 0
        var: 59.1582946777
    spectral_crest:
        dmean: 1.92958295345
        dmean2: 3.13974547386
        dvar: 3.41928482056
        dvar2: 8.4291305542
        max: 20.6432228088
        mean: 8.93471431732
        min: 3.58440041542
        var: 9.66054534912
    spectral_decrease:
        dmean: 1.96351102044e-10
        dmean2: 2.99543861937e-10
        dvar: 8.56184408262e-20
        dvar2: 1.87575779627e-19
        max: -2.36477920579e-11
        mean: -8.38894842481e-10
        min: -3.34779270972e-09
        var: 2.89777007461e-19
    spectral_energy:
        dmean: 0.000950040528551
        dmean2: 0.00143024174031
        dvar: 1.84305031325e-06
        dvar2: 3.75028093913e-06
        max: 0.0143172908574
        mean: 0.00402538431808
        min: 9.35273856157e-05
        var: 7.53610311222e-06
    spectral_energyband_high:
        dmean: 0.000156017675181
        dmean2: 0.00023149860499
        dvar: 5.33528670132e-08
        dvar2: 9.12027999789e-08
        max: 0.00291562569328
        mean: 0.000455798581243
        min: 3.02346705894e-07
        var: 2.85708296133e-07
    spectral_energyband_low:
        dmean: 7.11734610377e-05
        dmean2: 0.000110133114504
        dvar: 2.53135077344e-08
        dvar2: 5.94363385176e-08
        max: 0.00168768689036
        mean: 0.000197858011234
        min: 1.91527833522e-05
        var: 4.36307097118e-08
    spectral_energyband_middle_high:
        dmean: 0.000718344992492
        dmean2: 0.0010745896725
        dvar: 9.8940654425e-07
        dvar2: 1.9447336399e-06
        max: 0.0108095277101
        mean: 0.00239183218218
        min: 2.85600708594e-06
        var: 4.52802578366e-06
    spectral_energyband_middle_low:
        dmean: 0.000393108261051
        dmean2: 0.000630065740552
        dvar: 6.64255082938e-07
        dvar2: 1.76605271918e-06
        max: 0.00925646908581
        mean: 0.000979896169156
        min: 4.84610027343e-05
        var: 8.28108738915e-07
    spectral_flatness_db:
        dmean: 0.0151118636131
        dmean2: 0.0234036650509
        dvar: 0.000249028264079
        dvar2: 0.000485258293338
        max: 0.31338724494
        mean: 0.197664186358
        min: 0.100399926305
        var: 0.00170920055825
    spectral_flux:
        dmean: 0.0079188477248
        dmean2: 0.0121183730662
        dvar: 0.000103354715975
        dvar2: 0.000194573207409
        max: 0.0921582728624
        mean: 0.0308208893985
        min: 0.00240555289201
        var: 0.000308652844978
    spectral_kurtosis:
        dmean: 1.82824623585
        dmean2: 3.09801650047
        dvar: 5.46085309982
        dvar2: 15.7986478806
        max: 29.0532188416
        mean: 4.48556613922
        min: -1.07531094551
        var: 11.2613782883
    spectral_rms:
        dmean: 0.000236080086324
        dmean2: 0.000346259679645
        dvar: 1.01155990251e-07
        dvar2: 1.85792089269e-07
        max: 0.00373739073984
        mean: 0.00186010124162
        min: 0.000302069907775
        var: 4.67228574053e-07
    spectral_rolloff:
        dmean: 302.368164062
        dmean2: 484.748321533
        dvar: 247832.96875
        dvar2: 466362.59375
        max: 4780.37109375
        mean: 3258.92407227
        min: 150.732421875
        var: 1342707.25
    spectral_skewness:
        dmean: 0.253402769566
        dmean2: 0.404390096664
        dvar: 0.08481464535
        dvar2: 0.225122928619
        max: 4.3103260994
        mean: 1.12930250168
        min: -0.15388970077
        var: 0.341830968857
    spectral_spread:
        dmean: 457926
        dmean2: 684368.4375
        dvar: 694489382912
        dvar2: 1.05004335104e+12
        max: 15049145
        mean: 3842355.25
        min: 2018310.625
        var: 3.03140438016e+12
    spectral_strongpeak:
        dmean: 0.862576544285
        dmean2: 1.40096485615
        dvar: 1.67437517643
        dvar2: 3.89326810837
        max: 10.0961313248
        mean: 1.6654239893
        min: 0.0237195137888
        var: 4.16350793839
    zerocrossingrate:
        dmean: 0.00945034809411
        dmean2: 0.00981125887483
        dvar: 0.000101455225376
        dvar2: 8.38232081151e-05
        max: 0.1875
        mean: 0.108065724373
        min: 0.0078125
        var: 0.00144580786582
    barkbands:
        dmean: [4.02844086977e-08, 1.18772895803e-05, 6.66389096295e-05, 8.11439895188e-05, 0.000196303852135, 9.14469419513e-05, 4.13098059653e-05, 7.3567374784e-05, 3.56165146513e-05, 2.0210933144e-05, 4.57235546492e-05, 3.11933836201e-05, 1.13036821858e-05, 3.1867337384e-05, 3.82952021027e-05, 3.91584871977e-05, 0.000105017730675, 0.000192925843294, 0.000402244419092, 0.000227557000471, 0.000119117983559, 1.01115374491e-05, 1.47834339259e-06, 1.44973694205e-06, 8.60717079831e-07, 2.99567304296e-08, 2.0854150351e-10]
        dmean2: [6.37368913203e-08, 2.02303090191e-05, 0.000102009194961, 0.000137563678436, 0.000329038797645, 0.000148289807839, 6.29658607068e-05, 0.000121622128063, 5.31374826096e-05, 2.95125355478e-05, 7.14924317435e-05, 4.47058737336e-05, 1.67428679561e-05, 4.97549117426e-05, 5.74683035666e-05, 6.13346710452e-05, 0.000164646233316, 0.000305391906295, 0.000621658575255, 0.000363972329069, 0.000180748975254, 1.55467587319e-05, 2.33911259784e-06, 2.37165340877e-06, 1.27605210309e-06, 4.77993680192e-08, 3.5966288281e-10]
        dvar: [1.78149629651e-14, 3.62719410063e-10, 2.49795544249e-08, 5.00853545304e-08, 2.44980356001e-07, 4.09522264988e-08, 6.69824107291e-09, 3.68376262827e-08, 5.79608316897e-09, 5.45921841066e-09, 1.35261126744e-08, 1.08078825889e-08, 7.72673924843e-10, 2.78946243881e-09, 7.21537318782e-09, 3.9211669467e-09, 2.5506812662e-08, 6.80862370928e-08, 4.24409023481e-07, 1.30844171053e-07, 3.44589636825e-08, 3.00361485683e-10, 1.51223807782e-11, 2.13624985756e-11, 1.1308614635e-11, 8.00763941917e-15, 1.72044545972e-19]
        dvar2: [3.06034528502e-14, 1.04210617913e-09, 5.83097410356e-08, 1.34488843173e-07, 6.60591183532e-07, 1.11036435158e-07, 1.53725157048e-08, 9.31215566879e-08, 1.17924887633e-08, 8.12229217217e-09, 3.90716330401e-08, 2.03263805787e-08, 1.58178126153e-09, 6.39536690272e-09, 1.45461278578e-08, 9.03346553116e-09, 5.68611469021e-08, 1.75462162133e-07, 8.73934538959e-07, 3.28459179855e-07, 6.67421176104e-08, 7.37532590556e-10, 3.94708189744e-11, 4.81926096252e-11, 1.64628380372e-11, 2.08712018344e-14, 4.06306205501e-19]
        max: [2.10639836951e-06, 0.000170660525328, 0.00168239267077, 0.00186794274487, 0.00602488126606, 0.00197755103, 0.000925408327021, 0.00197647861205, 0.00121866771951, 0.00140259217005, 0.00157712982036, 0.00199367199093, 0.000410895590903, 0.000594214128796, 0.00143318111077, 0.000893367803656, 0.00233863643371, 0.00236776191741, 0.00767564307898, 0.00324743264355, 0.00244358507916, 0.00017700290482, 4.83026815346e-05, 6.34062744211e-05, 5.97311081947e-05, 1.52287964283e-06, 5.16585618726e-09]
        mean: [1.53703794581e-07, 5.88010734646e-05, 0.000138905321364, 0.000138502015034, 0.000386620959034, 0.000174831962795, 8.27684416436e-05, 0.000120460426842, 7.39951719879e-05, 2.72704091913e-05, 0.000108168038423, 6.40865982859e-05, 2.23133829422e-05, 6.48494169582e-05, 0.000113996429718, 8.51469303598e-05, 0.000215182633838, 0.000396849121898, 0.000977243995294, 0.000461991759948, 0.000281721033389, 2.22894414037e-05, 3.72484328182e-06, 3.77669994123e-06, 1.68164285697e-06, 5.66507090127e-08, 2.24345986233e-10]
        min: [5.39827470919e-12, 3.93474692828e-06, 3.02272019326e-06, 2.22767994273e-06, 3.62987020708e-06, 9.22459193475e-08, 5.16111562376e-08, 1.2155111051e-07, 3.91485343698e-07, 3.44645947337e-08, 1.13682958158e-07, 1.61689555966e-07, 1.08693832601e-07, 1.31099767486e-07, 1.27639751213e-07, 2.17533070668e-07, 1.92045860103e-07, 2.81535164959e-07, 2.45981766511e-07, 2.7796949098e-07, 1.18721295905e-07, 2.41856472627e-08, 5.62483171151e-10, 5.58018908858e-10, 1.47813927764e-10, 8.89566371953e-12, 1.12686579902e-13]
        var: [4.07104973105e-14, 1.27116983606e-09, 4.70668162222e-08, 4.34638849356e-08, 3.65977598449e-07, 5.83049732938e-08, 1.71024350237e-08, 5.18417095918e-08, 1.54271351249e-08, 1.13804592416e-08, 3.39096679625e-08, 4.45944543515e-08, 2.38785213824e-09, 1.01324806323e-08, 5.35161532866e-08, 1.23331416191e-08, 7.48144088902e-08, 1.74854960733e-07, 1.47435798681e-06, 3.11735874448e-07, 1.3680701727e-07, 8.6854801129e-10, 7.09160299928e-11, 9.27161819542e-11, 3.07075233297e-11, 2.46358939786e-14, 1.80370829696e-19]
    mfcc:
        mean: [-755.269104004, 117.846572876, -59.7666053772, 85.4590454102, -11.566195488, -10.3110456467, 12.2306537628, -8.19756221771, 0.4166046381, -6.10967636108, -0.201299071312, -3.42133426666, -2.71510481834]
        cov: [[4484.38916016, -1927.60913086, -212.12562561, -340.768096924, -173.090927124, -142.000579834, 42.3729934692, -193.756896973, -82.7381515503, -71.7877960205, 58.6092834473, 56.7090492249, -52.9964447021], [-1927.60913086, 1517.9576416, -291.41809082, 287.010131836, -91.6902389526, -51.0748062134, -57.8501701355, -60.3388977051, -16.97905159, -33.859916687, -96.0451431274, -123.729904175, -17.1058883667], [-212.12562561, -291.41809082, 918.269165039, -421.265838623, 239.476165771, 6.2424120903, -28.3505649567, 160.266296387, -127.002059937, 75.0174789429, -24.7334022522, 51.6232872009, -29.2625141144], [-340.768096924, 287.010131836, -421.265838623, 498.929779053, -155.395721436, -23.8759098053, -19.984041214, -99.5364074707, 32.2676620483, -94.4563598633, -10.817990303, -40.51537323, -43.0886650085], [-173.090927124, -91.6902389526, 239.476165771, -155.395721436, 203.565261841, -5.67421579361, -42.306060791, 76.7896881104, 4.08709383011, 45.8963851929, -4.47767114639, 39.4506149292, 43.3978347778], [-142.000579834, -51.0748062134, 6.2424120903, -23.8759098053, -5.67421579361, 139.816711426, 41.119178772, 17.9073047638, 36.9100799561, 11.3009939194, 34.0234489441, 12.2254638672, 22.2161178589], [42.3729934692, -57.8501701355, -28.3505649567, -19.984041214, -42.306060791, 41.119178772, 112.013679504, -3.8548207283, -23.6055793762, -13.6052398682, 18.7213954926, 19.5170955658, -5.03964662552], [-193.756896973, -60.3388977051, 160.266296387, -99.5364074707, 76.7896881104, 17.9073047638, -3.8548207283, 144.111022949, 14.885342598, 18.7393684387, -10.0415639877, 21.0807266235, 24.5521011353], [-82.7381515503, -16.97905159, -127.002059937, 32.2676620483, 4.08709383011, 36.9100799561, -23.6055793762, 14.885342598, 166.270935059, 48.6190376282, 7.31433057785, -4.09167909622, 22.4468688965], [-71.7877960205, -33.859916687, 75.0174789429, -94.4563598633, 45.8963851929, 11.3009939194, -13.6052398682, 18.7393684387, 48.6190376282, 138.974975586, 29.5744342804, -6.70646762848, 7.68034267426], [58.6092834473, -96.0451431274, -24.7334022522, -10.817990303, -4.47767114639, 34.0234489441, 18.7213954926, -10.0415639877, 7.31433057785, 29.5744342804, 103.587875366, 31.4050045013, 20.5740299225], [56.7090492249, -123.729904175, 51.6232872009, -40.51537323, 39.4506149292, 12.2254638672, 19.5170955658, 21.0807266235, -4.09167909622, -6.70646762848, 31.4050045013, 115.272354126, 48.9832382202], [-52.9964447021, -17.1058883667, -29.2625141144, -43.0886650085, 43.3978347778, 22.2161178589, -5.03964662552, 24.5521011353, 22.4468688965, 7.68034267426, 20.5740299225, 48.9832382202, 106.004058838]]
        icov: [[0.00204862002283, 0.00292418757454, 0.0021278297063, 0.00292175356299, 0.00219982652925, 0.00175284629222, 0.00239045498893, 0.00193765538279, 0.00165345030837, 0.000825920258649, 0.00111606775317, -0.000165257792105, 0.00111778383143], [0.00292418757454, 0.00505001842976, 0.00320043344982, 0.00370284868404, 0.00314318598248, 0.00239990372211, 0.00364996865392, 0.0026853827294, 0.00290994695388, 0.000733452441636, 0.00235871132463, 0.000450081337476, 0.00109214568511], [0.0021278297063, 0.00320043344982, 0.0057458858937, 0.00474213203415, 0.000313981465297, 0.000319549464621, 0.00426797056571, 0.000172584113898, 0.00467064371333, -0.00015489893849, 0.00213824328966, -0.00173989601899, 0.0044725947082], [0.00292175356299, 0.00370284868404, 0.00474213203415, 0.00876322947443, 0.00399261247367, 0.00215328088962, 0.00546026183292, 0.00294912513345, 0.00211495277472, 0.00317423348315, 0.00112857518252, -0.00138118176255, 0.00416144542396], [0.00219982652925, 0.00314318598248, 0.000313981465297, 0.00399261247367, 0.0128038693219, 0.0027241029311, 0.00551216164604, 0.000314971315674, 0.000923549407162, -0.000172425599885, 0.00175898487214, -0.00169321964495, -0.00204912340268], [0.00175284629222, 0.00239990372211, 0.000319549464621, 0.00215328088962, 0.0027241029311, 0.0120413806289, -0.00258948979899, 0.00137569231447, -0.00248190318234, 0.00199612905271, -0.00225528748706, 0.00172598951031, -0.00183241500054], [0.00239045498893, 0.00364996865392, 0.00426797056571, 0.00546026183292, 0.00551216164604, -0.00258948979899, 0.0169239547104, 0.000853164179716, 0.00555057311431, 0.000789499899838, 0.00142764870543, -0.00388203398325, 0.00435898685828], [0.00193765538279, 0.0026853827294, 0.000172584113898, 0.00294912513345, 0.000314971315674, 0.00137569231447, 0.000853164179716, 0.0123634506017, -0.000959279190283, 0.00172253081109, 0.00207531661727, 0.000148553284816, -0.000984895275906], [0.00165345030837, 0.00290994695388, 0.00467064371333, 0.00211495277472, 0.000923549407162, -0.00248190318234, 0.00555057311431, -0.000959279190283, 0.0125131178647, -0.00416319211945, 0.00320541439578, -0.00123888824601, 0.00167563254945], [0.000825920258649, 0.000733452441636, -0.00015489893849, 0.00317423348315, -0.000172425599885, 0.00199612905271, 0.000789499899838, 0.00172253081109, -0.00416319211945, 0.01219601091, -0.00418412825093, 0.00232391967438, 0.000805761665106], [0.00111606775317, 0.00235871132463, 0.00213824328966, 0.00112857518252, 0.00175898487214, -0.00225528748706, 0.00142764870543, 0.00207531661727, 0.00320541439578, -0.00418412825093, 0.0147035745904, -0.00359554472379, -0.000240581561229], [-0.000165257792105, 0.000450081337476, -0.00173989601899, -0.00138118176255, -0.00169321964495, 0.00172598951031, -0.00388203398325, 0.000148553284816, -0.00123888824601, 0.00232391967438, -0.00359554472379, 0.0145502891392, -0.00687091518193], [0.00111778383143, 0.00109214568511, 0.0044725947082, 0.00416144542396, -0.00204912340268, -0.00183241500054, 0.00435898685828, -0.000984895275906, 0.00167563254945, 0.000805761665106, -0.000240581561229, -0.00687091518193, 0.0175616387278]]
    spectral_contrast:
        mean: [4.70651457363e-07, -3.17559347707e-08, 2.7245084766e-07, 6.5794688453e-07, -3.75058760937e-07, 3.57593222589e-07, 7.06730872935e-07, -2.18061177293e-06, -4.17204773839e-06, -3.29939439325e-06, -1.94491349248e-06, 4.66059827886e-06]
        var: [0.000831319543067, 0.00150613731239, 0.00175562058575, 0.00285559613258, 0.00331800058484, 0.00756746344268, 0.0487431772053, 0.0953455939889, 0.202009558678, 0.344277977943, 0.73586410284, 3.4209189415]

rhythm:
    beats_loudness:
        dmean: 0.00366438250057
        dmean2: 0.00606299238279
        dvar: 5.39508391739e-06
        dvar2: 1.13705254989e-05
        max: 0.0113806994632
        mean: 0.00578309129924
        min: 0.00214306311682
        var: 8.33900412545e-06
    beats_loudness_bass:
        dmean: 0.0758502483368
        dmean2: 0.128416985273
        dvar: 0.00825007539243
        dvar2: 0.0138641120866
        max: 0.328404158354
        mean: 0.100020125508
        min: 0.00879495497793
        var: 0.0120933782309
    bpm: 120.084938049
    bpm_confidence: 0
    first_peak_bpm: 117
    first_peak_spread: 0.388888895512
    first_peak_weight: 0.578947365284
    onset_rate: 2.49226880074
    second_peak_bpm: 103
    second_peak_spread: 0
    second_peak_weight: 0.0526315793395
    beats_position: [0.060218539089, 0.572120249271, 1.08402204514, 1.59592366219, 2.10782527924, 2.6197271347, 3.13162899017, 3.64353108406, 4.15543270111, 4.66733503342, 5.17923688889, 5.69113874435, 6.27258205414, 6.7674665451, 7.26235103607, 7.75723552704, 8.25212001801, 8.74700546265, 9.24188995361, 9.73677444458]
    bpm_estimates: [117.341697693, 117.412483215, 117.400215149, 120.948944092, 121.37311554, 121.689682007, 121.778846741, 121.126686096, 121.44871521, 120.328918457]
    bpm_intervals: [0.511901736259, 0.511901795864, 0.51190161705, 0.51190161705, 0.511901855469, 0.511901855469, 0.511902093887, 0.51190161705, 0.511902332306, 0.511901855469, 0.511901855469, 0.581443309784, 0.494884490967, 0.494884490967, 0.494884490967, 0.494884490967, 0.494885444641, 0.494884490967, 0.494884490967]
    onset_times: [0.0464399084449, 0.441179126501, 0.557278931141, 1.03328800201, 1.83437645435, 2.34521532059, 2.60063481331, 3.06503391266, 3.52943301201, 3.68036270142, 3.85451245308, 4.66721105576, 5.14321994781, 5.59600925446, 5.93269824982, 6.47836732864, 6.73378705978, 7.00081634521, 7.24462604523, 7.75546503067, 7.97605419159, 8.23147392273, 8.73070335388, 9.10222244263, 9.22993183136]
    rubato_start: []
    rubato_stop: []
    perceptual_tempo: "unknown"

sfx:
    inharmonicity:
        dmean: 0.0556380264461
        dmean2: 0.0962418466806
        dvar: 0.00411312701181
        dvar2: 0.011729106307
        max: 0.418874830008
        mean: 0.0625210776925
        min: 0
        var: 0.00495187891647
    oddtoevenharmonicenergyratio:
        dmean: 6.85462474823
        dmean2: 13.0754699707
        dvar: 1248.27954102
        dvar2: 3733.26977539
        max: 493.264068604
        mean: 4.59071350098
        min: 0
        var: 641.773010254
    pitch_after_max_to_before_max_energy_ratio: 3.08604550362
    pitch_centroid: 227.475250244
    pitch_max_to_total: 0.183720931411
    pitch_min_to_total: 0.91162788868
    tristimulus:
        dmean: [0.148456186056, 0.251986086369, 0.154223024845]
        dmean2: [0.25923588872, 0.449146836996, 0.284082651138]
        dvar: [0.0318205952644, 0.0572243742645, 0.0251890663058]
        dvar2: [0.0914096459746, 0.15259604156, 0.0750160366297]
        max: [1, 0.985729038715, 0.749533951283]
        mean: [0.28667512536, 0.490934729576, 0.163577958941]
        min: [0.00847288034856, 0, 0]
        var: [0.0579390488565, 0.0803092867136, 0.0270385295153]

tonal:
    chords_changes_rate: 0.074074074626
    chords_number_rate: 0.0277777779847
    chords_strength:
        dmean: 0.00900633167475
        dmean2: 0.00752693461254
        dvar: 5.03996197949e-05
        dvar2: 5.45705006516e-05
        max: 0.668707966805
        mean: 0.493611574173
        min: 0.345581918955
        var: 0.00583683047444
    key_strength: 0.781649529934
    tuning_diatonic_strength: 0.668347537518
    tuning_equal_tempered_deviation: 0.121271014214
    tuning_frequency: 441.782684326
    tuning_nontempered_energy_ratio: 0.725237548351
    hpcp:
        dmean: [0.148401275277, 0.138056308031, 0.164856031537, 0.17089626193, 0.169667750597, 0.143067896366, 0.100978277624, 0.093433894217, 0.126681417227, 0.126223027706, 0.124767534435, 0.0797402411699, 0.0670257806778, 0.0890271216631, 0.0997870191932, 0.109700210392, 0.104956433177, 0.109309263527, 0.117205455899, 0.0787838622928, 0.0693748146296, 0.0734907761216, 0.0799358636141, 0.116872429848, 0.138300061226, 0.0872317701578, 0.058254506439, 0.0609245710075, 0.0722772702575, 0.0971765145659, 0.13010931015, 0.100816264749, 0.0945835709572, 0.0718905627728, 0.0852477028966, 0.13273255527]
        dmean2: [0.227622807026, 0.213628441095, 0.264663904905, 0.274117678404, 0.274992823601, 0.234913542867, 0.170899152756, 0.164057984948, 0.21511362493, 0.205790176988, 0.219399496913, 0.143777415156, 0.104810729623, 0.140701770782, 0.157009422779, 0.175109922886, 0.173308700323, 0.172810539603, 0.183213174343, 0.13548335433, 0.119281314313, 0.124057143927, 0.139613732696, 0.187961548567, 0.223636776209, 0.147323936224, 0.0997588261962, 0.102699182928, 0.115947298706, 0.153269156814, 0.211863860488, 0.169608235359, 0.149635329843, 0.116775028408, 0.142635568976, 0.214210301638]
        dvar: [0.0373320207, 0.0307171903551, 0.0350372307003, 0.0444206818938, 0.0387060381472, 0.0405133664608, 0.0290534365922, 0.0290858261287, 0.0367095209658, 0.0310651995242, 0.0420249216259, 0.0331476852298, 0.0157010760158, 0.0203554145992, 0.0218705851585, 0.0263226311654, 0.0243267901242, 0.0246617086232, 0.0287024006248, 0.0103634400293, 0.0136803612113, 0.0143021736294, 0.0182646978647, 0.0209297593683, 0.0301702078432, 0.0170361865312, 0.0195119194686, 0.0178048890084, 0.014997006394, 0.0113600473851, 0.0245126970112, 0.015756264329, 0.0154783623293, 0.0109367063269, 0.0211225766689, 0.0288142841309]
        dvar2: [0.0614997185767, 0.0620978362858, 0.0836364030838, 0.0895009115338, 0.094625942409, 0.10184533149, 0.0787882134318, 0.0862863138318, 0.111944444478, 0.0781390219927, 0.112896233797, 0.0904559195042, 0.0415611974895, 0.0471351034939, 0.0448964200914, 0.0553811378777, 0.0699949339032, 0.0467442944646, 0.0601441375911, 0.0274444837123, 0.0339993238449, 0.0393274873495, 0.0513678453863, 0.0459446236491, 0.0614731684327, 0.0452478192747, 0.0550943091512, 0.0410994514823, 0.0325173996389, 0.0284553114325, 0.0713790431619, 0.0415451228619, 0.0368119254708, 0.0282046869397, 0.0577473863959, 0.0730472132564]
        max: [1, 1, 1, 1, 1, 1, 1, 1, 1, 1, 1, 1, 1, 1, 1, 1, 1, 1, 1, 0.619432508945, 1, 0.971854567528, 0.906876802444, 1, 1, 1, 1, 1, 1, 0.705144643784, 1, 0.927182793617, 0.971992790699, 0.853906095028, 1, 1]
        mean: [0.344872415066, 0.282201439142, 0.405355662107, 0.533194541931, 0.327079921961, 0.167588919401, 0.122468598187, 0.128078103065, 0.279871761799, 0.346978873014, 0.187246978283, 0.0786928236485, 0.0958707034588, 0.144262835383, 0.191723525524, 0.198782756925, 0.183651089668, 0.257012784481, 0.233995214105, 0.103019095957, 0.0755180716515, 0.0897418186069, 0.110467858613, 0.258818864822, 0.305842161179, 0.136812642217, 0.0696505010128, 0.0977056547999, 0.110568776727, 0.174861550331, 0.22157536447, 0.176262795925, 0.14285799861, 0.108025461435, 0.119946278632, 0.246521577239]
        min: [0.000376701646019, 0.00118263089098, 0.0014883269323, 0.00544086517766, 0.00213655014522, 0.000329381495249, 0.00018497997371, 0.000218595348997, 0.00120334443636, 0.00263879168779, 0.00157711049542, 8.4724262706e-05, 0.000140337389894, 0.000558824511245, 0.000310642906697, 0.00055989070097, 0.00131005130243, 0.000988573068753, 0.00159917457495, 0.00174888269976, 0.000362363556633, 0.000180844843271, 0.000948118162341, 0.00106508529279, 0.00116448977496, 0.00024323015532, 0.00032916321652, 9.92107670754e-05, 0.000217322143726, 0.000396870455006, 0.000774395884946, 0.00275659374893, 0.000736203102861, 0.000606032786891, 0.00115130702034, 0.000283511995804]
        var: [0.113058120012, 0.0803230702877, 0.0760219171643, 0.127688646317, 0.0683164969087, 0.0492966398597, 0.0293171759695, 0.0331532806158, 0.103207319975, 0.12997674942, 0.0521205030382, 0.0275106467307, 0.0183477606624, 0.0436906404793, 0.0587125010788, 0.0589506849647, 0.0390567854047, 0.0821328833699, 0.0770924687386, 0.0125283636153, 0.016090253368, 0.0152015304193, 0.0186829827726, 0.0537946932018, 0.073547385633, 0.0202924702317, 0.0211333651096, 0.0292803794146, 0.0235074795783, 0.0227589942515, 0.0448685884476, 0.0270525906235, 0.0329986214638, 0.0164520852268, 0.0250273365527, 0.0556549355388]
    chords_histogram: [30.0925922394, 1.38888883591, 36.1111106873, 0, 0, 0, 0, 0, 0, 0, 0, 0, 6.94444465637, 0, 0, 0, 0, 3.24074077606, 0, 0, 0, 0, 22.2222213745, 0]
    thpcp: [1, 0.613434493542, 0.314311027527, 0.229688391089, 0.240208953619, 0.524896144867, 0.650754749775, 0.351179480553, 0.147587448359, 0.179804354906, 0.270563215017, 0.359575182199, 0.372814685106, 0.344435423613, 0.482024401426, 0.438855230808, 0.193211078644, 0.141633242369, 0.168309703469, 0.207181155682, 0.485411703587, 0.573603332043, 0.256590485573, 0.130628690124, 0.183245792985, 0.20737041533, 0.327950745821, 0.415561944246, 0.330578774214, 0.267928481102, 0.202600464225, 0.224957808852, 0.462348282337, 0.646804094315, 0.529265403748, 0.760239720345]
    chords_key: "F"
    chords_scale: "major"
    key_key: "A#"
    key_scale: "major"
    chords_progression: ["A#m", "A#m", "A#m", "A#m", "A#m", "A#m", "A#m", "F", "F", "F", "F", "F", "F", "F", "F", "F", "F", "F", "F", "A#", "F", "F", "F", "F", "F", "F", "F", "F", "F", "F", "F", "F", "F", "F", "F", "F", "F", "F", "F", "F", "F", "F", "F", "F", "F", "F", "F", "F", "F", "F", "F", "F", "F", "F", "F", "F", "F", "F", "F", "F", "F", "F", "F", "F", "F", "Dm", "Dm", "Dm", "D#", "D#", "D#", "D#", "D#", "D#", "D#", "D#", "D#", "D#", "D#", "D#", "D#", "D#", "D#", "D#", "D#", "D#", "D#", "D#", "D#", "D#", "D#", "D#", "D#", "D#", "D#", "D#", "D#", "D#", "D#", "D#", "D#", "D#", "D#", "D#", "D#", "D#", "D#", "D#", "A#", "A#", "A#", "A#", "A#", "A#", "A#", "A#", "A#", "A#", "A#", "A#", "A#", "A#", "A#", "A#", "A#", "A#", "A#", "A#", "A#", "A#", "A#", "A#", "A#", "A#", "A#", "A#", "A#", "A#", "D#", "D#", "D#", "A#", "A#", "A#", "A#", "A#", "A#", "A#", "A#", "A#", "A#", "D#", "D#", "D#", "D#", "D#", "A#", "A#", "A#", "A#", "A#", "A#", "A#", "A#", "A#", "A#", "A#", "A#", "A#", "A#", "A#", "A#", "A#", "A#", "A#", "A#", "A#", "A#", "F", "F", "A#", "A#", "F", "F", "F", "F", "F", "F", "F", "F", "F", "F", "F", "F", "F", "F", "F", "F", "F", "F", "E", "F", "E", "E", "E", "E", "E", "E", "E", "E", "E", "E", "E", "E", "E", "E"]
