
metadata:
    version:
        essentia: "1.2.2"
    audio_properties:
        analysis_sample_rate: 44100
        bitrate: 128
        channels: 2
        equal_loudness: 1
        length: 10.1093873978
        replay_gain: 6.39606666565
        downmix: "mix"
    tags:
        track: 1
        year: 0
        album: "Splitted by Mp3Splt v. 2.1"
        artist: "From 000.00 To 000.10"
        comment: "http://mp3splt.sf.net"
        genre: ""
        title: "07 Shadowplay.mp3"

highlevel:
    ballroom:
        all:
            ChaChaCha: 0.0752948448062
            Jive: 0.020862525329
            Quickstep: 0.00557646621019
            Rumba-American: 0.0119049437344
            Rumba-International: 0.77048933506
            Rumba-Misc: 0.0464325658977
            Samba: 0.0611723102629
            Tango: 0.00112553383224
            VienneseWaltz: 0.00206997408532
            Waltz: 0.00507146865129
        probability: 0.77048933506
        value: "Rumba-International"
    culture:
        all:
            non_western: 0.991143882275
            western: 0.00885612424463
        probability: 0.991143882275
        value: "non_western"
    gender:
        all:
            female: 0.685400247574
            male: 0.314599752426
        probability: 0.685400247574
        value: "female"
    genre_dortmund:
        all:
            alternative: 0.0600365065038
            blues: 0.00180792040192
            electronic: 0.482822328806
            folkcountry: 0.00769820297137
            funksoulrnb: 0.00486407056451
            jazz: 0.367124706507
            pop: 0.023725785315
            raphiphop: 0.00481937127188
            rock: 0.0471011064947
        probability: 0.482822328806
        value: "electronic"
    genre_electronica:
        all:
            ambient: 0.574359178543
            dnb: 0.0404074415565
            house: 0.266913890839
            techno: 0.0993680208921
            trance: 0.0189514588565
        probability: 0.574359178543
        value: "ambient"
    genre_rosamerica:
        all:
            cla: 0.0613848082721
            dan: 0.404567092657
            hip: 0.0562885329127
            jaz: 0.139662176371
            pop: 0.0636745095253
            rhy: 0.167097851634
            roc: 0.0930468961596
            spe: 0.0142781473696
        probability: 0.404567092657
        value: "dan"
    genre_tzanetakis:
        all:
            blu: 0.149215444922
            cla: 0.336820065975
            cou: 0.0321652144194
            dis: 0.0407664515078
            hip: 0.0526600554585
            jaz: 0.0831801518798
            met: 0.0378695353866
            pop: 0.0611234493554
            reg: 0.150648638606
            roc: 0.0555509999394
        probability: 0.336820065975
        value: "cla"
    live_studio:
        all:
            live: 0.355278760195
            studio: 0.644721210003
        probability: 0.644721210003
        value: "studio"
    mood:
        all:
            Cluster1: 0.0270367078483
            Cluster2: 0.00496930023655
            Cluster3: 0.962265729904
            Cluster4: 0.00316836242564
            Cluster5: 0.00255987932906
        probability: 0.962265729904
        value: "Cluster3"
    mood_acoustic:
        all:
            acoustic: 0.231442674994
            not_acoustic: 0.768557310104
        probability: 0.768557310104
        value: "not_acoustic"
    mood_aggressive:
        all:
            aggressive: 0.0893104597926
            not_aggressive: 0.910689532757
        probability: 0.910689532757
        value: "not_aggressive"
    mood_electronic:
        all:
            electronic: 0.888165175915
            not_electronic: 0.111834853888
        probability: 0.888165175915
        value: "electronic"
    mood_happy:
        all:
            happy: 0.0826334953308
            not_happy: 0.917366504669
        probability: 0.917366504669
        value: "not_happy"
    mood_party:
        all:
            not_party: 0.898219466209
            party: 0.101780563593
        probability: 0.898219466209
        value: "not_party"
    mood_relaxed:
        all:
            not_relaxed: 0.259506314993
            relaxed: 0.740493655205
        probability: 0.740493655205
        value: "relaxed"
    mood_sad:
        all:
            not_sad: 0.1072499156
            sad: 0.8927500844
        probability: 0.8927500844
        value: "sad"
    rhythm:
        all:
            fast: 0.314402610064
            medium: 0.536479949951
            slow: 0.149117454886
        probability: 0.536479949951
        value: "medium"
    speech_music:
        all:
            music: 0.737922906876
            speech: 0.262077093124
        probability: 0.737922906876
        value: "music"
    timbre:
        all:
            bright: 0.114879511297
            dark: 0.885120511055
        probability: 0.885120511055
        value: "dark"
    voice_instrumental:
        all:
            instrumental: 0.999993026257
            voice: 6.96139386491e-06
        probability: 0.999993026257
        value: "instrumental"

lowlevel:
    average_loudness: 0.804201900959
    barkbands_kurtosis:
        dmean: 3.98648786545
        dmean2: 6.23114204407
        dvar: 30.9359855652
        dvar2: 62.0885353088
        max: 85.8647079468
        mean: 12.984085083
        min: -1.67459666729
        var: 148.350006104
    barkbands_skewness:
        dmean: 0.458532184362
        dmean2: 0.707044780254
        dvar: 0.283253669739
        dvar2: 0.632008075714
        max: 7.31484174728
        mean: 2.62996196747
        min: 0.0984870120883
        var: 1.94794511795
    barkbands_spread:
        dmean: 3.58797383308
        dmean2: 5.67810773849
        dvar: 33.423992157
        dvar2: 82.8676681519
        max: 69.010635376
        mean: 14.5630941391
        min: 0.633083462715
        var: 230.883255005
    dissonance:
        dmean: 0.0202636737376
        dmean2: 0.0343738086522
        dvar: 0.000553351012059
        dvar2: 0.00140310928691
        max: 0.5
        mean: 0.439575612545
        min: 0.261292099953
        var: 0.00257977796718
    hfc:
        dmean: 0.60441339016
        dmean2: 0.823103487492
        dvar: 9.67222499847
        dvar2: 13.4461574554
        max: 62.1554412842
        mean: 1.82291245461
        min: 0.0017972169444
        var: 24.4904346466
    pitch:
        dmean: 617.582946777
        dmean2: 1200.64599609
        dvar: 1892674
        dvar2: 4353070.5
        max: 4900
        mean: 1752.9309082
        min: 43.06640625
        var: 4129119.5
    pitch_instantaneous_confidence:
        dmean: 0.0570576153696
        dmean2: 0.0963508933783
        dvar: 0.00316658336669
        dvar2: 0.00808406900615
        max: 0.720090568066
        mean: 0.46113294363
        min: 0.245663046837
        var: 0.00896488968283
    pitch_salience:
        dmean: 0.0525123365223
        dmean2: 0.0882923603058
        dvar: 0.00425560260192
        dvar2: 0.0106410877779
        max: 0.911549925804
        mean: 0.518218040466
        min: 0.354172050953
        var: 0.00749177066609
    silence_rate_20dB:
        dmean: 0
        dmean2: 0
        dvar: 0
        dvar2: 0
        max: 1
        mean: 1
        min: 1
        var: 0
    silence_rate_30dB:
        dmean: 0
        dmean2: 0
        dvar: 0
        dvar2: 0
        max: 1
        mean: 1
        min: 1
        var: 0
    silence_rate_60dB:
        dmean: 0.0451306402683
        dmean2: 0.090476192534
        dvar: 0.0430938526988
        dvar2: 0.0870523452759
        max: 1
        mean: 0.755924165249
        min: 0
        var: 0.184502780437
    spectral_centroid:
        dmean: 94.7206802368
        dmean2: 152.980819702
        dvar: 34435.3867188
        dvar2: 86956.078125
        max: 2152.93139648
        mean: 454.801116943
        min: 137.186431885
        var: 128078.390625
    spectral_complexity:
        dmean: 0.730864226818
        dmean2: 1.18069303036
        dvar: 3.5300359726
        dvar2: 4.09359025955
        max: 34
        mean: 3.80541872978
        min: 0
        var: 10.6296215057
    spectral_crest:
        dmean: 1.24638593197
        dmean2: 2.08070087433
        dvar: 2.3003692627
        dvar2: 6.05186653137
        max: 19.9507102966
        mean: 11.0683822632
        min: 5.09324073792
        var: 6.65499687195
    spectral_decrease:
        dmean: 1.87691653886e-10
        dmean2: 2.72678685187e-10
        dvar: 3.94807283463e-19
        dvar2: 6.80076001489e-19
        max: -1.39788506291e-12
        mean: -7.62310270463e-10
        min: -1.14858451639e-08
        var: 1.38249580568e-18
    spectral_energy:
        dmean: 0.000745510042179
        dmean2: 0.00106824829709
        dvar: 6.73217800795e-06
        dvar2: 1.10169394247e-05
        max: 0.0474137961864
        mean: 0.00304247741587
        min: 5.43894930161e-06
        var: 2.31603389693e-05
    spectral_energyband_high:
        dmean: 8.54958270793e-05
        dmean2: 0.000124942482216
        dvar: 1.95604982878e-07
        dvar2: 3.22268704167e-07
        max: 0.0085998987779
        mean: 0.000188876947504
        min: 5.1990294736e-08
        var: 4.22374824893e-07
    spectral_energyband_low:
        dmean: 0.000262552377535
        dmean2: 0.000374081195332
        dvar: 3.43715925055e-07
        dvar2: 5.90194645156e-07
        max: 0.00763047486544
        mean: 0.000928602123167
        min: 1.81162931767e-06
        var: 1.51649567215e-06
    spectral_energyband_middle_high:
        dmean: 4.17447663494e-05
        dmean2: 5.73422585148e-05
        dvar: 3.58381484489e-08
        dvar2: 4.51899744291e-08
        max: 0.00377260171808
        mean: 9.82759956969e-05
        min: 9.31755010924e-08
        var: 9.85839463397e-08
    spectral_energyband_middle_low:
        dmean: 0.000507804681547
        dmean2: 0.000777620880399
        dvar: 2.92037816507e-06
        dvar2: 5.7228071455e-06
        max: 0.0323826260865
        mean: 0.00182669283822
        min: 3.38020959134e-06
        var: 8.96167966857e-06
    spectral_flatness_db:
        dmean: 0.0227789711207
        dmean2: 0.0324780903757
        dvar: 0.000742379110307
        dvar2: 0.00148454878945
        max: 0.516378521919
        mean: 0.302323371172
        min: 0.0925844535232
        var: 0.00865186844021
    spectral_flux:
        dmean: 0.00594473164529
        dmean2: 0.00844638794661
        dvar: 0.000106676721771
        dvar2: 0.000196413631784
        max: 0.151718586683
        mean: 0.0145892463624
        min: 0.00110432400834
        var: 0.000289001996862
    spectral_kurtosis:
        dmean: 3.91726398468
        dmean2: 6.40798664093
        dvar: 56.6337127686
        dvar2: 147.019866943
        max: 102.752449036
        mean: 14.8503170013
        min: -0.742671966553
        var: 492.197418213
    spectral_rms:
        dmean: 0.000176562170964
        dmean2: 0.000260421395069
        dvar: 1.50153667278e-07
        dvar2: 2.39908246158e-07
        max: 0.00680127646774
        mean: 0.00145490677096
        min: 7.28442973923e-05
        var: 8.51517143019e-07
    spectral_rolloff:
        dmean: 307.366424561
        dmean2: 560.396240234
        dvar: 672712.9375
        dvar2: 1787172.125
        max: 5663.23242188
        mean: 655.489746094
        min: 172.265625
        var: 1173151
    spectral_skewness:
        dmean: 0.311712563038
        dmean2: 0.489377737045
        dvar: 0.194691076875
        dvar2: 0.44953301549
        max: 8.9470872879
        mean: 2.69925880432
        min: 0.417021006346
        var: 4.95507669449
    spectral_spread:
        dmean: 687387.5625
        dmean2: 1066087.625
        dvar: 695544774656
        dvar2: 1.27277976781e+12
        max: 17163224
        mean: 7777957
        min: 1044860.75
        var: 1.90887074202e+13
    spectral_strongpeak:
        dmean: 0.0407028719783
        dmean2: 0.064525410533
        dvar: 0.00430308841169
        dvar2: 0.0090010240674
        max: 0.649419605732
        mean: 0.172028243542
        min: 0.00189322209917
        var: 0.0193471089005
    zerocrossingrate:
        dmean: 0.00673948694021
        dmean2: 0.00809048209339
        dvar: 8.96537530934e-05
        dvar2: 0.000114131136797
        max: 0.1474609375
        mean: 0.0406091250479
        min: 0.005859375
        var: 0.001055834
    barkbands:
        dmean: [1.40900212386e-07, 2.13957173401e-05, 0.00025619569351, 0.000203996401979, 0.000273871555692, 0.000114962596854, 2.3735461582e-05, 8.40440316097e-06, 3.23888980347e-06, 1.86564273008e-06, 1.85414160114e-06, 6.26702467343e-06, 5.8434161474e-06, 1.92239576791e-06, 2.02595015253e-06, 1.89756383406e-06, 5.17109856446e-06, 7.5939215094e-06, 2.02345781872e-05, 3.10851501126e-05, 4.35642941738e-05, 1.22704286696e-05, 6.73252861816e-06, 5.67117922401e-06, 6.3382958615e-06, 4.9666329005e-07, 5.01184205248e-09]
        dmean2: [2.21051053018e-07, 3.50315385731e-05, 0.000366076186765, 0.000351509544998, 0.000424446829129, 0.000157383314217, 3.61082784366e-05, 1.25271635625e-05, 3.36206585416e-06, 2.55701979768e-06, 2.40437793764e-06, 7.77848254074e-06, 9.13931489777e-06, 2.56107750829e-06, 3.17354556501e-06, 2.69397628472e-06, 7.7166578194e-06, 1.14240292532e-05, 3.14826829708e-05, 5.0825314247e-05, 6.55953554087e-05, 1.94127824216e-05, 9.42657425185e-06, 7.26466487322e-06, 8.18895932753e-06, 6.30216959507e-07, 7.88281795394e-09]
        dvar: [2.74011585991e-12, 3.30401550563e-09, 3.26371974779e-07, 1.48371142927e-07, 7.14091129339e-07, 3.32777915446e-07, 4.81170516764e-08, 1.12449294321e-09, 3.196317655e-10, 2.24377461056e-10, 2.22204685207e-10, 1.83953552391e-09, 2.64509014691e-09, 1.10215447879e-10, 1.55554999437e-10, 6.30312052552e-11, 2.87089713114e-10, 5.02113739476e-10, 3.26369931081e-09, 1.59441704284e-08, 6.08801897783e-08, 3.21311932616e-09, 1.19138299226e-09, 6.12472073058e-10, 8.76460348742e-10, 3.50424442068e-12, 1.51208097167e-15]
        dvar2: [7.16766316439e-12, 8.46917735942e-09, 5.81775680075e-07, 3.68072818446e-07, 1.68611802565e-06, 5.22665061453e-07, 1.15202901441e-07, 2.7402908831e-09, 3.76534331492e-10, 3.28646582171e-10, 2.87785906217e-10, 2.52697618386e-09, 6.51273523999e-09, 1.57891560937e-10, 3.34189259599e-10, 9.95952001426e-11, 4.22539198075e-10, 1.0467191558e-09, 7.34001837088e-09, 3.6570835249e-08, 9.5609152595e-08, 6.88064183407e-09, 1.75752501441e-09, 1.12631670657e-09, 1.55837820426e-09, 5.49278764833e-12, 3.92759902631e-15]
        max: [2.57261126535e-05, 0.000945115752984, 0.00760345254093, 0.00394174782559, 0.0134879192337, 0.0112041030079, 0.00404017325491, 0.000487975950819, 0.000417023547925, 0.0002983159211, 0.000294403696898, 0.000835519400425, 0.000937237695325, 0.000220398476813, 0.000220032961806, 0.000169344988535, 0.000325330125634, 0.000368487992091, 0.000717501330655, 0.00229692761786, 0.00449278065935, 0.000777101784479, 0.000601499981713, 0.000449510436738, 0.000529591517989, 3.02731859847e-05, 5.84786903346e-07]
        mean: [1.08377641084e-07, 5.5347361922e-05, 0.00087317766156, 0.000616377510596, 0.000817518390249, 0.000344019499607, 3.23502063111e-05, 1.16237551993e-05, 4.52801668871e-06, 2.20121864913e-06, 2.51992264566e-06, 7.89343630458e-06, 5.3123512771e-06, 2.46382387559e-06, 2.44621992351e-06, 2.8393062621e-06, 8.80362586031e-06, 1.4721142179e-05, 3.76483767468e-05, 6.08157279203e-05, 8.28951669973e-05, 2.1983147235e-05, 1.25415717775e-05, 1.00807001218e-05, 1.14338163257e-05, 8.23963489438e-07, 5.02301933381e-09]
        min: [5.75706843309e-12, 1.25005303886e-08, 1.70165424151e-06, 7.79557126407e-07, 1.57497026976e-06, 9.0048263246e-07, 1.77846892768e-08, 1.57107997723e-08, 4.97706098557e-09, 6.66851907027e-10, 4.11041228832e-10, 8.05205568888e-10, 1.22104104605e-09, 1.56790647132e-09, 2.5500883627e-09, 3.99462285472e-09, 5.24437071547e-09, 1.01889217063e-08, 1.89183282373e-08, 2.09470751855e-08, 1.76727521506e-08, 7.61088614354e-09, 2.23537743871e-09, 1.89103288584e-09, 1.94256588593e-09, 1.19718554514e-10, 3.76161843102e-14]
        var: [1.66414907028e-12, 5.80995118682e-09, 1.44404259572e-06, 4.91066089126e-07, 2.30488467423e-06, 8.60192869823e-07, 6.42986179855e-08, 1.30513932994e-09, 7.77079844916e-10, 3.79261622108e-10, 4.64182664528e-10, 3.76136188862e-09, 2.53350918022e-09, 2.39150366177e-10, 2.13861095499e-10, 1.68446298576e-10, 6.81386558288e-10, 1.36764466419e-09, 6.4681002776e-09, 3.06860812316e-08, 1.25725890143e-07, 4.79544803866e-09, 2.5784681057e-09, 1.09178588392e-09, 1.62597701969e-09, 7.1833814938e-12, 1.05196896895e-15]
    mfcc:
        mean: [-896.264770508, 112.177841187, 64.656539917, 92.5822601318, 9.59964942932, 2.48744416237, 2.17293453217, -16.7914047241, -13.6586637497, -16.9901676178, -7.29845285416, -1.41517531872, -4.02959680557]
        cov: [[15227.2861328, -7140.43652344, -551.227600098, 501.053771973, -6.05151891708, -191.298309326, 269.847503662, -39.1786956787, -190.195266724, -305.133911133, -173.392959595, -119.390190125, -505.991638184], [-7140.43652344, 5117.71386719, -90.8815841675, -1096.01599121, -96.7949142456, 246.067153931, -111.592300415, -0.937359690666, 62.6262283325, 177.702636719, 114.348800659, 84.9211425781, 284.893066406], [-551.227600098, -90.8815841675, 367.648040771, 335.110992432, -21.6802330017, -103.225692749, -51.2110481262, 8.67452812195, 47.9504814148, 46.9435920715, 41.8062210083, 20.1404743195, 9.57083511353], [501.053771973, -1096.01599121, 335.110992432, 667.176391602, 83.0433349609, -140.820251465, -44.2490577698, 0.168751507998, 21.9996604919, 8.19599151611, 8.01170825958, 1.56017160416, -37.2602157593], [-6.05151891708, -96.7949142456, -21.6802330017, 83.0433349609, 167.717605591, 30.4545917511, 2.80773043633, 12.3964653015, -13.1920166016, -22.1275672913, -6.98345947266, -19.3854217529, -28.0008831024], [-191.298309326, 246.067153931, -103.225692749, -140.820251465, 30.4545917511, 97.7415161133, 29.5046882629, -9.58236312866, -14.8535165787, -16.1354198456, -15.6283159256, -9.59110069275, 10.9955501556], [269.847503662, -111.592300415, -51.2110481262, -44.2490577698, 2.80773043633, 29.5046882629, 80.9496231079, 24.1118087769, -22.1218357086, -30.9817371368, -15.7496995926, -13.9886369705, -7.87022066116], [-39.1786956787, -0.937359690666, 8.67452812195, 0.168751507998, 12.3964653015, -9.58236312866, 24.1118087769, 47.2262382507, 0.502088844776, -13.5657072067, 0.721134722233, -4.56608724594, -6.96230888367], [-190.195266724, 62.6262283325, 47.9504814148, 21.9996604919, -13.1920166016, -14.8535165787, -22.1218357086, 0.502088844776, 50.9041481018, 32.3196983337, 10.2358903885, 7.63869953156, 5.99733924866], [-305.133911133, 177.702636719, 46.9435920715, 8.19599151611, -22.1275672913, -16.1354198456, -30.9817371368, -13.5657072067, 32.3196983337, 69.1820068359, 32.5642852783, 10.4138698578, 9.60096073151], [-173.392959595, 114.348800659, 41.8062210083, 8.01170825958, -6.98345947266, -15.6283159256, -15.7496995926, 0.721134722233, 10.2358903885, 32.5642852783, 49.7834777832, 18.1424808502, 2.5479054451], [-119.390190125, 84.9211425781, 20.1404743195, 1.56017160416, -19.3854217529, -9.59110069275, -13.9886369705, -4.56608724594, 7.63869953156, 10.4138698578, 18.1424808502, 42.7231788635, 25.8998966217], [-505.991638184, 284.893066406, 9.57083511353, -37.2602157593, -28.0008831024, 10.9955501556, -7.87022066116, -6.96230888367, 5.99733924866, 9.60096073151, 2.5479054451, 25.8998966217, 65.4777984619]]
        icov: [[0.000411218003137, 0.000807347591035, -0.000318667123793, 0.00131345225964, -0.000311202253215, 0.000381137535442, -8.66089758347e-05, 0.000499387213495, 0.000560815038625, -0.000426331360359, 0.000100056560768, -0.000804894778412, 0.000630238326266], [0.000807347591035, 0.00244801305234, -0.00236632628366, 0.00477661238983, -0.0017307959497, -6.35440956103e-05, 0.00126329821069, -8.3217593783e-05, 0.00206241291016, -0.00239078188315, 0.000155412519234, -0.00110094656702, -0.00134372769389], [-0.000318667123793, -0.00236632628366, 0.0117877479643, -0.00973922479898, 0.00523189082742, 0.00115624861792, -0.000850945769344, -0.00151353445835, -0.00559690734372, 0.00361467385665, -0.00522808963433, 0.00211561936885, 0.00169737811666], [0.00131345225964, 0.00477661238983, -0.00973922479898, 0.015093497932, -0.00811042450368, 0.00509111583233, 0.0010227097664, 0.00327714532614, 0.00472550140694, -0.00498347589746, 0.00358172063716, -0.00285712117329, -0.0031837138813], [-0.000311202253215, -0.0017307959497, 0.00523189082742, -0.00811042450368, 0.0130275506526, -0.00846988148987, 0.00349480309524, -0.00595496222377, -0.000769493810367, 0.00394883938134, -0.00339349941351, 0.00237574987113, 0.00520988320932], [0.000381137535442, -6.35440956103e-05, 0.00115624861792, 0.00509111583233, -0.00846988148987, 0.0279826633632, -0.0114373294637, 0.0142490463331, -0.00279532326385, 0.0025098149199, 0.00197044969536, 0.001572241541, -0.003041413147], [-8.66089758347e-05, 0.00126329821069, -0.000850945769344, 0.0010227097664, 0.00349480309524, -0.0114373294637, 0.025641636923, -0.0162844639271, 0.00702539272606, 0.000224638686632, -0.00024054782989, 0.00381534569897, -0.00287008821033], [0.000499387213495, -8.3217593783e-05, -0.00151353445835, 0.00327714532614, -0.00595496222377, 0.0142490463331, -0.0162844639271, 0.0384248830378, -0.00924086850137, 0.0109668662772, -0.00519711524248, 0.00109433638863, 0.00250400626101], [0.000560815038625, 0.00206241291016, -0.00559690734372, 0.00472550140694, -0.000769493810367, -0.00279532326385, 0.00702539272606, -0.00924086850137, 0.0360383242369, -0.0200358591974, 0.0103785153478, -0.00598147045821, 0.000468701211503], [-0.000426331360359, -0.00239078188315, 0.00361467385665, -0.00498347589746, 0.00394883938134, 0.0025098149199, 0.000224638686632, 0.0109668662772, -0.0200358591974, 0.0393083952367, -0.0219184793532, 0.0092761516571, -0.000541077926755], [0.000100056560768, 0.000155412519234, -0.00522808963433, 0.00358172063716, -0.00339349941351, 0.00197044969536, -0.00024054782989, -0.00519711524248, 0.0103785153478, -0.0219184793532, 0.0428995937109, -0.0195240993053, 0.00885251909494], [-0.000804894778412, -0.00110094656702, 0.00211561936885, -0.00285712117329, 0.00237574987113, 0.001572241541, 0.00381534569897, 0.00109433638863, -0.00598147045821, 0.0092761516571, -0.0195240993053, 0.0442200675607, -0.0195818692446], [0.000630238326266, -0.00134372769389, 0.00169737811666, -0.0031837138813, 0.00520988320932, -0.003041413147, -0.00287008821033, 0.00250400626101, 0.000468701211503, -0.000541077926755, 0.00885251909494, -0.0195818692446, 0.0340269319713]]
    spectral_contrast:
        mean: [2.22228251801e-07, -1.85920427498e-07, -1.19869937976e-07, -1.76832003262e-07, 3.56049667971e-07, -9.10218744821e-09, 4.30034288001e-06, -2.16896319216e-06, -2.28824569604e-06, 7.26523353478e-07, -1.82807150395e-06, 1.29603404275e-06]
        var: [0.000147899889271, 0.000589895120356, 0.000944697123487, 0.00108005432412, 0.00209875358269, 0.00418935716152, 0.0644251257181, 0.0955864191055, 0.206544816494, 0.333563715219, 1.04663336277, 5.5424451828]

rhythm:
    beats_loudness:
        dmean: 0.00108661560807
        dmean2: 0.00193555722944
        dvar: 1.9099425117e-06
        dvar2: 5.4502625062e-06
        max: 0.00628476915881
        mean: 0.0019533180166
        min: 0.000164267446962
        var: 3.19128366755e-06
    beats_loudness_bass:
        dmean: 0.1908916682
        dmean2: 0.322099804878
        dvar: 0.0207297261804
        dvar2: 0.0611800178885
        max: 0.906351983547
        mean: 0.547856390476
        min: 0.162207320333
        var: 0.0394038148224
    bpm: 141.347442627
    bpm_confidence: 0
    first_peak_bpm: 141
    first_peak_spread: 0
    first_peak_weight: 0.611111104488
    onset_rate: 2.67078495026
    second_peak_bpm: 95
    second_peak_spread: 0
    second_peak_weight: 0.333333343267
    beats_position: [0.960859179497, 1.38746225834, 1.81406533718, 2.24066829681, 2.66727137566, 3.09387421608, 3.52047729492, 3.94708013535, 4.37368297577, 4.80028581619, 5.22688865662, 5.65349149704, 5.98465824127, 6.61413240433, 7.24360656738, 7.87308168411, 8.50255584717, 9.13203048706, 9.76150512695]
    bpm_estimates: [141.201141357, 141.25227356, 141.924285889, 141.327102661, 141.124969482, 141.254806519]
    bpm_intervals: [0.426603078842, 0.426603078842, 0.426602959633, 0.426603078842, 0.426602840424, 0.426603078842, 0.426602840424, 0.426602840424, 0.426602840424, 0.426602840424, 0.426602840424, 0.331166744232, 0.629474163055, 0.629474163055, 0.62947511673, 0.629474163055, 0.629474639893, 0.629474639893]
    onset_times: [2.41487526894, 2.84444451332, 3.00698423386, 3.22757363319, 3.65714287758, 3.70358276367, 4.07510185242, 4.52789115906, 4.92263031006, 5.14321994781, 5.36380958557, 5.58439922333, 5.78176879883, 6.025578022, 6.1068482399, 6.43192720413, 6.65251684189, 6.7570066452, 7.30267572403, 7.4884352684, 8.13859367371, 8.48689365387, 8.75392246246, 9.39247131348, 9.63628101349, 9.83365058899, 10.0194101334]
    rubato_start: [6.61413240433]
    rubato_stop: [9.76150512695]
    perceptual_tempo: "unknown"

sfx:
    inharmonicity:
        dmean: 0.037385776639
        dmean2: 0.0683736056089
        dvar: 0.00350688677281
        dvar2: 0.0100666917861
        max: 0.416789233685
        mean: 0.0337095558643
        min: 0
        var: 0.00316949235275
    oddtoevenharmonicenergyratio:
        dmean: 4753.57519531
        dmean2: 9530.09667969
        dvar: 4539902976
        dvar2: 13630509056
        max: 961208.625
        mean: 2371.82641602
        min: 0
        var: 2270049792
    pitch_after_max_to_before_max_energy_ratio: 4.72742033005
    pitch_centroid: 270.024658203
    pitch_max_to_total: 0.49261084199
    pitch_min_to_total: 0.706896543503
    tristimulus:
        dmean: [0.262559145689, 0.266466170549, 0.151464030147]
        dmean2: [0.480699658394, 0.472873687744, 0.268686592579]
        dvar: [0.0780153051019, 0.0766969546676, 0.0437375828624]
        dvar2: [0.1853518188, 0.215822666883, 0.129738122225]
        max: [1, 0.989473462105, 0.956152021885]
        mean: [0.543675363064, 0.30689483881, 0.127983242273]
        min: [0.00101893953979, 0, 0]
        var: [0.13076274097, 0.0987705737352, 0.0444234088063]

tonal:
    chords_changes_rate: 0.0490196086466
    chords_number_rate: 0.0245098043233
    chords_strength:
        dmean: 0.00535109499469
        dmean2: 0.00501214293763
        dvar: 1.75312125066e-05
        dvar2: 1.77825713763e-05
        max: 0.538663446903
        mean: 0.410688400269
        min: 0.231770291924
        var: 0.00845194701105
    key_strength: 0.657913386822
    tuning_diatonic_strength: 0.528037846088
    tuning_equal_tempered_deviation: 0.200673803687
    tuning_frequency: 443.572570801
    tuning_nontempered_energy_ratio: 0.840803027153
    hpcp:
        dmean: [0.0107897017151, 0.0132929775864, 0.0095604788512, 0.0151161570102, 0.0248452257365, 0.0709197819233, 0.0967900007963, 0.119719788432, 0.16006013751, 0.175109431148, 0.156098246574, 0.109915867448, 0.0843907818198, 0.0826063752174, 0.0563741028309, 0.0377160236239, 0.0359867587686, 0.0253030471504, 0.0215216130018, 0.0444936268032, 0.131425455213, 0.123831257224, 0.0994526520371, 0.0844404026866, 0.0364752151072, 0.00723501481116, 0.00733672874048, 0.0108231697232, 0.0110547142103, 0.0511418282986, 0.0850500166416, 0.112083278596, 0.137497276068, 0.0826728865504, 0.0605444647372, 0.0246567074209]
        dmean2: [0.0199322644621, 0.0258680898696, 0.0184730701149, 0.0294001735747, 0.0485804639757, 0.121225096285, 0.163922607899, 0.219095006585, 0.260741174221, 0.325096428394, 0.278196245432, 0.197223454714, 0.161440744996, 0.152749821544, 0.0948030948639, 0.0653447285295, 0.0655009075999, 0.0477108582854, 0.0421537868679, 0.0825075954199, 0.228953510523, 0.217078432441, 0.164145708084, 0.154539972544, 0.0713462010026, 0.0134997405112, 0.0134050101042, 0.0183382239193, 0.0205216817558, 0.0928692519665, 0.143661245704, 0.18571600318, 0.236992955208, 0.153466388583, 0.112220667303, 0.0459202714264]
        dvar: [0.00133894919418, 0.00345764821395, 0.00130302913021, 0.00754303950816, 0.0109707992524, 0.0142863532528, 0.034598864615, 0.0330507159233, 0.0344400964677, 0.0934022441506, 0.0439971648157, 0.0538116842508, 0.0417643487453, 0.0383325070143, 0.0144377863035, 0.0108352219686, 0.0131693147123, 0.00779061904177, 0.00373409618624, 0.00796889606863, 0.0315665900707, 0.0400379449129, 0.0209674034268, 0.0494425594807, 0.0199893433601, 0.000878083810676, 0.000474022846902, 0.000859441119246, 0.00125230301637, 0.0138190686703, 0.021487923339, 0.0293673835695, 0.0520193055272, 0.0307971518487, 0.0227238815278, 0.00555606419221]
        dvar2: [0.00385772809386, 0.0102279577404, 0.00382268452086, 0.0224795676768, 0.0325513705611, 0.0375887490809, 0.0772351771593, 0.0913402140141, 0.0748954713345, 0.220902681351, 0.12560158968, 0.137553483248, 0.108338065445, 0.101894266903, 0.0367741025984, 0.0230178777128, 0.0323164351285, 0.0230177491903, 0.0108777815476, 0.0224523991346, 0.0792367011309, 0.0991178303957, 0.0478859692812, 0.136274605989, 0.0582903176546, 0.00250919465907, 0.00138622371014, 0.00247515249066, 0.00367627362721, 0.0411702282727, 0.0526513643563, 0.0617410391569, 0.129758402705, 0.0836013928056, 0.0622372291982, 0.015692550689]
        max: [0.25895178318, 0.387413442135, 0.236075669527, 0.812030851841, 1, 0.667475700378, 1, 1, 1, 1, 1, 1, 1, 1, 1, 1, 1, 0.805299222469, 0.47319740057, 0.521490633488, 1, 1, 1, 1, 1, 0.260977059603, 0.18524825573, 0.316048204899, 0.339627295732, 1, 1, 1, 1, 1, 1, 0.486982285976]
        mean: [0.0100880432874, 0.0103538846597, 0.00743743730709, 0.010339891538, 0.0157539863139, 0.124779202044, 0.253500014544, 0.188350081444, 0.274562627077, 0.47381940484, 0.301260560751, 0.0839978307486, 0.0670865625143, 0.0856319889426, 0.100232578814, 0.0949907302856, 0.0629466995597, 0.0227202083915, 0.0133146606386, 0.0306850783527, 0.273509323597, 0.462078630924, 0.247029140592, 0.0530835315585, 0.0216291565448, 0.00515651563182, 0.00774496654049, 0.0167465973645, 0.0137171819806, 0.0626658052206, 0.213412165642, 0.226275876164, 0.128790870309, 0.0853597149253, 0.043047953397, 0.0180289167911]
        min: [1.2794259419e-05, 9.40259997151e-06, 1.31386977955e-05, 4.45509522251e-06, 5.26248686583e-06, 5.04174613525e-06, 6.18971625954e-06, 2.47559255513e-05, 1.3504341041e-05, 8.36413164507e-06, 8.64589401317e-06, 5.34609534952e-06, 4.86630233354e-06, 3.52110350832e-06, 2.93158991553e-05, 1.82022522495e-05, 1.75175373442e-05, 3.18957681884e-05, 2.40226017922e-06, 2.31180410992e-06, 2.37718336393e-06, 3.86112833439e-06, 7.20523166819e-06, 7.80651498644e-06, 3.95042889068e-06, 3.16428349834e-06, 7.29857720216e-06, 5.74098294237e-06, 7.13310600986e-06, 1.91933177121e-05, 2.62223602476e-06, 2.56350290329e-06, 7.12012888471e-06, 5.11381904289e-06, 5.4224615269e-06, 2.28337594308e-05]
        var: [0.000887807109393, 0.00199093134142, 0.000759745074902, 0.00395176699385, 0.00568995950744, 0.0358337126672, 0.131945475936, 0.0610128492117, 0.0661916062236, 0.213201373816, 0.0866247713566, 0.0416348725557, 0.037041887641, 0.0301705803722, 0.0297296755016, 0.0469021573663, 0.0389862656593, 0.00483335973695, 0.00201609637588, 0.0051117693074, 0.0675401762128, 0.139078050852, 0.0499245934188, 0.0313146300614, 0.0108940508217, 0.00057971366914, 0.000321857864037, 0.000938862911426, 0.000853056437336, 0.0128827458248, 0.081592194736, 0.0782407969236, 0.0438611507416, 0.0270537249744, 0.0144664887339, 0.0032116889488]
    chords_histogram: [61.2745094299, 0, 0, 0.490196079016, 0, 0, 0, 0, 22.0588226318, 0, 0, 0, 0, 0, 0, 0, 3.43137264252, 9.80392169952, 0, 0, 0, 0, 0, 2.94117641449]
    thpcp: [1, 0.635813057423, 0.177278161049, 0.141586780548, 0.18072706461, 0.211541742086, 0.200478762388, 0.132849559188, 0.0479511991143, 0.0281007084996, 0.0647611245513, 0.577243804932, 0.97522097826, 0.521357178688, 0.112033255398, 0.045648522675, 0.0108828712255, 0.0163458194584, 0.0353438407183, 0.0289502330124, 0.132256731391, 0.450408250093, 0.477557212114, 0.271814256907, 0.18015243113, 0.0908530801535, 0.038050185889, 0.021290903911, 0.0218519642949, 0.0156967770308, 0.0218224320561, 0.0332489274442, 0.26334759593, 0.535013973713, 0.397514492273, 0.579466819763]
    chords_key: "C"
    chords_scale: "major"
    key_key: "C"
    key_scale: "major"
    chords_progression: ["C", "C", "C", "C", "C", "C", "C", "C", "C", "C", "C", "C", "C", "C", "C", "C", "C", "C", "C", "C", "C", "C", "C", "C", "C", "C", "C", "C", "C", "C", "C", "Cm", "Cm", "Cm", "Cm", "Cm", "Cm", "Cm", "Cm", "Cm", "Cm", "Cm", "Cm", "Cm", "G#", "Cm", "Cm", "Cm", "Cm", "Cm", "Cm", "Cm", "G#", "G#", "G#", "G#", "G#", "G#", "C", "C", "C", "C", "C", "C", "C", "C", "C", "C", "C", "C", "C", "C", "C", "C", "C", "C", "C", "C", "C", "C", "C", "C", "Bm", "Am", "Am", "E", "E", "E", "E", "E", "E", "E", "E", "E", "E", "E", "E", "E", "E", "E", "E", "E", "E", "E", "E", "E", "E", "E", "E", "E", "E", "E", "E", "E", "E", "E", "E", "E", "E", "E", "E", "E", "E", "E", "E", "E", "E", "E", "E", "E", "Am", "Am", "Am", "Am", "C", "C", "C", "C", "C", "C", "C", "C", "C", "C", "C", "C", "C", "C", "C", "C", "C", "C", "C", "C", "C", "C", "C", "C", "C", "C", "C", "C", "C", "C", "C", "C", "C", "C", "C", "C", "C", "C", "C", "C", "C", "C", "C", "C", "C", "C", "C", "C", "C", "C", "C", "C", "C", "C", "C", "C", "C", "C", "C", "C", "C", "C", "C", "C", "C", "C", "C", "C", "C", "C"]
