
metadata:
    version:
        essentia: "1.2.2"
    audio_properties:
        analysis_sample_rate: 44100
        bitrate: 128
        channels: 2
        equal_loudness: 1
        length: 10.0048980713
        replay_gain: -14.9876594543
        downmix: "mix"
    tags:
        track: 9
        year: 0
        album: "Splitted by Mp3Splt v. 2.1"
        artist: "From 001.20 To 001.30"
        comment: "http://mp3splt.sf.net"
        genre: ""
        title: "01 Barrel of a Gun.mp3"

highlevel:
    ballroom:
        all:
            ChaChaCha: 0.0800724551082
            Jive: 0.570937752724
            Quickstep: 0.0351744629443
            Rumba-American: 0.00569244241342
            Rumba-International: 0.0288831312209
            Rumba-Misc: 0.00963973626494
            Samba: 0.213898330927
            Tango: 0.00745981512591
            VienneseWaltz: 0.0391016863286
            Waltz: 0.00914019253105
        probability: 0.570937752724
        value: "Jive"
    culture:
        all:
            non_western: 0.0556106008589
            western: 0.944389402866
        probability: 0.944389402866
        value: "western"
    gender:
        all:
            female: 0.189093664289
            male: 0.810906350613
        probability: 0.810906350613
        value: "male"
    genre_dortmund:
        all:
            alternative: 0.0905996710062
            blues: 0.0191038679332
            electronic: 0.0241048336029
            folkcountry: 0.0439247824252
            funksoulrnb: 0.0103130061179
            jazz: 0.00765811046585
            pop: 0.0511657893658
            raphiphop: 0.0164538249373
            rock: 0.736676096916
        probability: 0.736676096916
        value: "rock"
    genre_electronica:
        all:
            ambient: 0.139251857996
            dnb: 0.234264850616
            house: 0.00636696023867
            techno: 0.0100542325526
            trance: 0.61006206274
        probability: 0.61006206274
        value: "trance"
    genre_rosamerica:
        all:
            cla: 0.00126126443502
            dan: 0.0203105006367
            hip: 0.00481629185379
            jaz: 0.00209888978861
            pop: 0.1862167418
            rhy: 0.00250279251486
            roc: 0.781231760979
            spe: 0.0015617525205
        probability: 0.781231760979
        value: "roc"
    genre_tzanetakis:
        all:
            blu: 0.00127557874657
            cla: 0.00346265966073
            cou: 0.0239638127387
            dis: 0.0091763054952
            hip: 0.00322637008503
            jaz: 0.0124688679352
            met: 0.00791041273624
            pop: 0.886047124863
            reg: 0.0137076675892
            roc: 0.0387611761689
        probability: 0.886047124863
        value: "pop"
    live_studio:
        all:
            live: 0.326267242432
            studio: 0.673732757568
        probability: 0.673732757568
        value: "studio"
    mood:
        all:
            Cluster1: 0.436712414026
            Cluster2: 0.107575193048
            Cluster3: 0.0766955837607
            Cluster4: 0.176568418741
            Cluster5: 0.202448382974
        probability: 0.436712414026
        value: "Cluster1"
    mood_acoustic:
        all:
            acoustic: 0.00428993441164
            not_acoustic: 0.995710074902
        probability: 0.995710074902
        value: "not_acoustic"
    mood_aggressive:
        all:
            aggressive: 0.696555197239
            not_aggressive: 0.303444832563
        probability: 0.696555197239
        value: "aggressive"
    mood_electronic:
        all:
            electronic: 0.475206077099
            not_electronic: 0.524793922901
        probability: 0.524793922901
        value: "not_electronic"
    mood_happy:
        all:
            happy: 0.963135004044
            not_happy: 0.0368649736047
        probability: 0.963135004044
        value: "happy"
    mood_party:
        all:
            not_party: 0.285546123981
            party: 0.714453876019
        probability: 0.714453876019
        value: "party"
    mood_relaxed:
        all:
            not_relaxed: 0.259623497725
            relaxed: 0.740376472473
        probability: 0.740376472473
        value: "relaxed"
    mood_sad:
        all:
            not_sad: 0.0122093139216
            sad: 0.987790703773
        probability: 0.987790703773
        value: "sad"
    rhythm:
        all:
            fast: 0.891255915165
            medium: 0.100164428353
            slow: 0.00857966765761
        probability: 0.891255915165
        value: "fast"
    speech_music:
        all:
            music: 3.63811068382e-07
            speech: 0.999999642372
        probability: 0.999999642372
        value: "speech"
    timbre:
        all:
            bright: 0.227336168289
            dark: 0.772663831711
        probability: 0.772663831711
        value: "dark"
    voice_instrumental:
        all:
            instrumental: 0.0310750082135
            voice: 0.968924999237
        probability: 0.968924999237
        value: "voice"

lowlevel:
    average_loudness: 0.972515046597
    barkbands_kurtosis:
        dmean: 0.566143453121
        dmean2: 0.954228520393
        dvar: 0.509455919266
        dvar2: 1.26124358177
        max: 5.59456920624
        mean: -0.87327170372
        min: -1.80053710938
        var: 0.765732884407
    barkbands_skewness:
        dmean: 0.40455186367
        dmean2: 0.645791292191
        dvar: 0.114438809454
        dvar2: 0.315112143755
        max: 2.43166232109
        mean: 0.14661245048
        min: -1.63941574097
        var: 0.396149396896
    barkbands_spread:
        dmean: 5.00731134415
        dmean2: 8.06395816803
        dvar: 21.6338386536
        dvar2: 55.0829811096
        max: 53.1557388306
        mean: 30.1704025269
        min: 11.7516651154
        var: 61.1300697327
    dissonance:
        dmean: 0.0158596467227
        dmean2: 0.0252558086067
        dvar: 0.000207198085263
        dvar2: 0.000498411827721
        max: 0.497406303883
        mean: 0.466182380915
        min: 0.351309299469
        var: 0.000502196606249
    hfc:
        dmean: 2.32646608353
        dmean2: 3.50988459587
        dvar: 7.66205263138
        dvar2: 15.5488586426
        max: 26.6777172089
        mean: 7.28089618683
        min: 0.0866651907563
        var: 16.2458324432
    pitch:
        dmean: 286.803588867
        dmean2: 520.458129883
        dvar: 290115.59375
        dvar2: 680752.4375
        max: 3675
        mean: 506.200042725
        min: 81.5157089233
        var: 292981.28125
    pitch_instantaneous_confidence:
        dmean: 0.110254257917
        dmean2: 0.178926751018
        dvar: 0.00759849883616
        dvar2: 0.0178201179951
        max: 0.782246947289
        mean: 0.449892908335
        min: 0.139709055424
        var: 0.0237530376762
    pitch_salience:
        dmean: 0.0642075613141
        dmean2: 0.103249162436
        dvar: 0.00240514078178
        dvar2: 0.00623358413577
        max: 0.791579604149
        mean: 0.620171189308
        min: 0.373475342989
        var: 0.00685079814866
    silence_rate_20dB:
        dmean: 0
        dmean2: 0
        dvar: 0
        dvar2: 0
        max: 1
        mean: 1
        min: 1
        var: 0
    silence_rate_30dB:
        dmean: 0
        dmean2: 0
        dvar: 0
        dvar2: 0
        max: 1
        mean: 1
        min: 1
        var: 0
    silence_rate_60dB:
        dmean: 0.109048724174
        dmean2: 0.218604654074
        dvar: 0.0971568822861
        dvar2: 0.217329010367
        max: 1
        mean: 0.243055552244
        min: 0
        var: 0.183978691697
    spectral_centroid:
        dmean: 240.421707153
        dmean2: 379.592956543
        dvar: 49203.9804688
        dvar2: 125359.007812
        max: 3489.88476562
        mean: 1504.55029297
        min: 647.713928223
        var: 166808.265625
    spectral_complexity:
        dmean: 4.27209281921
        dmean2: 6.46853160858
        dvar: 26.3794898987
        dvar2: 54.5054550171
        max: 47
        mean: 15.1902551651
        min: 0
        var: 52.9475517273
    spectral_crest:
        dmean: 2.06853818893
        dmean2: 3.39177203178
        dvar: 4.02469205856
        dvar2: 9.63493537903
        max: 18.320646286
        mean: 6.85433721542
        min: 2.99044370651
        var: 8.38595581055
    spectral_decrease:
        dmean: 3.73455849578e-10
        dmean2: 5.75042458095e-10
        dvar: 2.21633067267e-19
        dvar2: 5.16710208654e-19
        max: -8.32990620925e-12
        mean: -1.15288056879e-09
        min: -4.31002611379e-09
        var: 4.05156553697e-19
    spectral_energy:
        dmean: 0.00158443453256
        dmean2: 0.00242927647196
        dvar: 4.00134558731e-06
        dvar2: 9.16942735785e-06
        max: 0.0182530581951
        mean: 0.0050116344355
        min: 3.92998008465e-05
        var: 7.31049794922e-06
    spectral_energyband_high:
        dmean: 0.00011941363482
        dmean2: 0.000166911413544
        dvar: 3.3218565676e-08
        dvar2: 6.06663590474e-08
        max: 0.00194102013484
        mean: 0.000256970641203
        min: 2.65399489763e-06
        var: 7.36925187539e-08
    spectral_energyband_low:
        dmean: 0.000202647031983
        dmean2: 0.000335758115398
        dvar: 1.11946732773e-07
        dvar2: 2.83140764168e-07
        max: 0.00284294877201
        mean: 0.000301045598462
        min: 2.31838583886e-07
        var: 1.18878425326e-07
    spectral_energyband_middle_high:
        dmean: 0.000804254261311
        dmean2: 0.00125405308791
        dvar: 7.25010011138e-07
        dvar2: 1.58781438131e-06
        max: 0.00877461954951
        mean: 0.00227563316002
        min: 2.7953488825e-05
        var: 1.51701158302e-06
    spectral_energyband_middle_low:
        dmean: 0.000947290100157
        dmean2: 0.00147180981003
        dvar: 1.57925808253e-06
        dvar2: 3.98350175601e-06
        max: 0.0111626246944
        mean: 0.00217788852751
        min: 8.45970043883e-06
        var: 3.27208499584e-06
    spectral_flatness_db:
        dmean: 0.0166061781347
        dmean2: 0.0238059870899
        dvar: 0.000259863096289
        dvar2: 0.000500620459206
        max: 0.236743450165
        mean: 0.139657273889
        min: 0.0738970190287
        var: 0.00086209946312
    spectral_flux:
        dmean: 0.00884180050343
        dmean2: 0.0135446703061
        dvar: 9.75921211648e-05
        dvar2: 0.000205199976335
        max: 0.100436396897
        mean: 0.0423554852605
        min: 0.00626895530149
        var: 0.000192052757484
    spectral_kurtosis:
        dmean: 1.03261065483
        dmean2: 1.63248336315
        dvar: 0.889881432056
        dvar2: 2.06820321083
        max: 8.77256393433
        mean: 4.21042251587
        min: -0.345744848251
        var: 2.77733755112
    spectral_rms:
        dmean: 0.00033514862298
        dmean2: 0.000504819850903
        dvar: 1.36226702807e-07
        dvar2: 2.92990222306e-07
        max: 0.00421993620694
        mean: 0.00213768612593
        min: 0.000195809261641
        var: 3.19695402595e-07
    spectral_rolloff:
        dmean: 378.633514404
        dmean2: 626.82220459
        dvar: 154032.453125
        dvar2: 357168.75
        max: 6309.22851562
        mean: 2899.58740234
        min: 473.73046875
        var: 439398.65625
    spectral_skewness:
        dmean: 0.164203643799
        dmean2: 0.249453336
        dvar: 0.0214252453297
        dvar2: 0.0464866906404
        max: 2.27002263069
        mean: 1.59458994865
        min: 0.487532496452
        var: 0.0810088068247
    spectral_spread:
        dmean: 733257.875
        dmean2: 928740.1875
        dvar: 983534927872
        dvar2: 1.48288163021e+12
        max: 17838514
        mean: 5103300.5
        min: 2665268.25
        var: 3.129704448e+12
    spectral_strongpeak:
        dmean: 0.547472417355
        dmean2: 0.989170074463
        dvar: 0.424127966166
        dvar2: 1.18507742882
        max: 4.11938333511
        mean: 0.717402756214
        min: 0.0290963705629
        var: 0.394012749195
    zerocrossingrate:
        dmean: 0.00794876459986
        dmean2: 0.00958579219878
        dvar: 5.35968174518e-05
        dvar2: 7.02328179614e-05
        max: 0.16015625
        mean: 0.0882157683372
        min: 0.02587890625
        var: 0.000397523836
    barkbands:
        dmean: [3.81374576364e-07, 7.44831413613e-05, 0.000158124617883, 0.000155368499691, 0.000313789059874, 0.000157392540132, 0.000236754392972, 0.000347145396518, 0.000131800101371, 0.000106074498035, 0.000108831452962, 0.000119996446301, 4.16176953877e-05, 6.70050430926e-05, 0.000148196137161, 0.000267951661954, 0.000238000618992, 0.00012657631305, 0.000139689655043, 9.58682940109e-05, 5.93724871578e-05, 1.43883153214e-05, 6.03501939622e-06, 4.10146276408e-06, 4.03253670811e-06, 4.50552704478e-07, 5.47031975273e-09]
        dmean2: [5.07700292474e-07, 0.000129723513965, 0.000258964690147, 0.000274677178822, 0.000509736535605, 0.000240995010245, 0.000361945130862, 0.000523436639924, 0.000215251842747, 0.000166780795553, 0.000185522862012, 0.000196786248125, 7.03673067619e-05, 0.000106078798126, 0.000247360469075, 0.000448809849331, 0.000405161088565, 0.000208534154808, 0.000228839751799, 0.000145638827235, 9.05830092961e-05, 2.04372463486e-05, 8.22834772407e-06, 5.86911028222e-06, 5.45991179024e-06, 6.3032291564e-07, 6.40687414233e-09]
        dvar: [1.55321831785e-11, 1.62722759711e-08, 5.67096805071e-08, 5.11094846445e-08, 2.82360645087e-07, 7.13757373205e-08, 2.36756378058e-07, 4.92173739985e-07, 6.22096365532e-08, 4.17403356323e-08, 2.57880348187e-08, 2.36988153546e-08, 4.90909535245e-09, 1.51697125972e-08, 4.53471429296e-08, 8.78395027826e-08, 1.06808883515e-07, 2.11120187998e-08, 2.53472638434e-08, 1.69825327134e-08, 7.6662765025e-09, 4.77143935473e-10, 5.34608246561e-10, 6.17294271255e-11, 5.56218925085e-11, 7.5720961619e-13, 6.19483559908e-15]
        dvar2: [1.56227756426e-11, 4.518001262e-08, 1.44817263958e-07, 1.41115393149e-07, 7.34160948923e-07, 1.67308954246e-07, 5.77963476189e-07, 1.1754600564e-06, 1.48640395992e-07, 9.42701845474e-08, 6.60159642507e-08, 5.91887072687e-08, 1.23134897834e-08, 3.48621682633e-08, 1.214377221e-07, 2.19771806087e-07, 3.00053415003e-07, 5.51896874867e-08, 6.28100735867e-08, 3.69108263953e-08, 1.67968199349e-08, 7.89035503601e-10, 9.9359709349e-10, 1.34344688152e-10, 1.17068396643e-10, 1.70542540593e-12, 6.15562898505e-15]
        max: [8.1882775703e-05, 0.000956115894951, 0.00208426080644, 0.00160660780966, 0.00661776401103, 0.00253296946175, 0.00526857469231, 0.00750471558422, 0.00313902460039, 0.00186428485904, 0.00153612846043, 0.00167023949325, 0.000788184872363, 0.00156524765771, 0.00233194790781, 0.00214780052193, 0.00294335349463, 0.00151026784442, 0.00157518219203, 0.00109375873581, 0.000941344420426, 0.000362038117601, 0.000490696751513, 7.32391126803e-05, 5.16048203281e-05, 5.63732237424e-06, 1.64568768923e-06]
        mean: [4.38087880639e-07, 8.5635772848e-05, 0.000215069958358, 0.000185287673958, 0.000479575130157, 0.000294045516057, 0.000352763163392, 0.000626706460025, 0.000208730591112, 0.000167725709616, 0.000163460223121, 0.000197244677111, 5.59823674848e-05, 9.98470713967e-05, 0.000190869090147, 0.000387388688978, 0.00037476583384, 0.000278229737887, 0.000293076707749, 0.000191687344341, 0.000112110159534, 3.00923202303e-05, 9.51877154876e-06, 5.72984436076e-06, 5.14303519594e-06, 5.08512584929e-07, 5.52074830296e-09]
        min: [4.72549395447e-11, 5.11006490456e-08, 1.78837694875e-07, 1.4259482839e-07, 4.29187002737e-06, 3.08081382627e-07, 9.78666321316e-07, 4.20221567765e-07, 9.59712792792e-07, 6.07313097589e-08, 1.31546812554e-06, 9.85507085716e-07, 1.79494932695e-07, 3.20036974699e-07, 1.47236937664e-06, 5.26134090251e-06, 2.03161948775e-06, 7.15375699656e-06, 5.26480789631e-06, 1.77732408702e-06, 1.21556604427e-06, 2.20352262659e-07, 2.56988954561e-08, 1.56219286396e-08, 8.92000162622e-09, 1.26858593075e-10, 2.13380230369e-13]
        var: [1.55922497136e-11, 1.44529952451e-08, 6.25999305726e-08, 4.41380905158e-08, 3.49774893493e-07, 1.73845165818e-07, 3.38583959092e-07, 1.27497219182e-06, 1.21910431972e-07, 8.32264177575e-08, 4.93605689655e-08, 5.13234326149e-08, 5.45738920721e-09, 3.12333838792e-08, 5.24591996509e-08, 1.2648116865e-07, 1.36176339538e-07, 5.6241212576e-08, 5.54894015181e-08, 3.50488633671e-08, 1.37574627246e-08, 1.20790144553e-09, 8.42109493249e-10, 9.50262923904e-11, 8.3159590325e-11, 9.80908063108e-13, 6.26886712571e-15]
    mfcc:
        mean: [-696.516723633, 111.40776062, -50.7670249939, 46.6418533325, -9.91160964966, -7.8515086174, -4.62283372879, -0.886778950691, 2.51885271072, -7.49978780746, -9.31084251404, -3.711789608, 3.12540531158]
        cov: [[1558.94274902, -381.768829346, 236.116043091, -293.89251709, -19.3943443298, -160.743530273, -0.678954482079, -211.890228271, 12.026134491, 47.5681915283, 102.603431702, 2.29991745949, -62.0347595215], [-381.768829346, 591.608215332, -142.586044312, 58.252910614, -120.160552979, -54.3677635193, -62.4047660828, 74.6534805298, 4.57599687576, 2.70455956459, 25.9887485504, 64.9368515015, 22.2793445587], [236.116043091, -142.586044312, 275.981842041, -33.3757553101, 52.804019928, -34.2654647827, 24.7848243713, -94.261138916, -3.6724216938, -20.2922821045, -2.55294084549, 22.7064704895, 28.9489784241], [-293.89251709, 58.252910614, -33.3757553101, 176.543273926, 53.320274353, 96.2960739136, 10.8637046814, 68.247467041, 9.52674388885, -3.57947731018, -24.4599456787, -4.35082530975, 9.97971343994], [-19.3943443298, -120.160552979, 52.804019928, 53.320274353, 186.050201416, 82.8873443604, 27.3436508179, -36.3530578613, 0.985139787197, -7.30416584015, -23.0804214478, -38.8902587891, 4.0921626091], [-160.743530273, -54.3677635193, -34.2654647827, 96.2960739136, 82.8873443604, 167.736755371, 54.7970619202, 68.2837600708, 7.48401832581, 0.80030465126, -22.538526535, -11.5491857529, -0.804115951061], [-0.678954482079, -62.4047660828, 24.7848243713, 10.8637046814, 27.3436508179, 54.7970619202, 114.132049561, 77.1539001465, 48.6206855774, 18.4446372986, 16.8413944244, 0.501276493073, 7.63280010223], [-211.890228271, 74.6534805298, -94.261138916, 68.247467041, -36.3530578613, 68.2837600708, 77.1539001465, 206.187316895, 68.7157363892, 35.897190094, 13.4729242325, 15.1349859238, 5.63710832596], [12.026134491, 4.57599687576, -3.6724216938, 9.52674388885, 0.985139787197, 7.48401832581, 48.6206855774, 68.7157363892, 92.4832839966, 48.4436531067, 36.7523841858, 10.2944450378, 4.04890012741], [47.5681915283, 2.70455956459, -20.2922821045, -3.57947731018, -7.30416584015, 0.80030465126, 18.4446372986, 35.897190094, 48.4436531067, 83.2186431885, 57.2102279663, 11.0266160965, -3.86782860756], [102.603431702, 25.9887485504, -2.55294084549, -24.4599456787, -23.0804214478, -22.538526535, 16.8413944244, 13.4729242325, 36.7523841858, 57.2102279663, 98.8605499268, 49.5552558899, 5.92749738693], [2.29991745949, 64.9368515015, 22.7064704895, -4.35082530975, -38.8902587891, -11.5491857529, 0.501276493073, 15.1349859238, 10.2944450378, 11.0266160965, 49.5552558899, 111.02734375, 43.8663368225], [-62.0347595215, 22.2793445587, 28.9489784241, 9.97971343994, 4.0921626091, -0.804115951061, 7.63280010223, 5.63710832596, 4.04890012741, -3.86782860756, 5.92749738693, 43.8663368225, 59.2593688965]]
        icov: [[0.0013957771007, 0.000580483640078, -0.000719420495443, 0.00147914444096, 0.000142738397699, 4.06703147746e-05, 0.000160178067745, 0.000586194510106, -0.000495538173709, -0.000104902734165, -0.00100677553564, -0.000328059511958, 0.00163011462428], [0.000580483640078, 0.00298721832223, 0.000853154051583, -0.000933356583118, 0.000807684846222, 0.00144372903742, 0.00110307440627, -0.000384251208743, -0.000416762195528, 0.000750965089537, -0.000919911719393, -0.00115876260679, 0.00011055356299], [-0.000719420495443, 0.000853154051583, 0.00718118343502, -0.00213918322697, -0.0010673844954, 0.0029006828554, -0.00453114602715, 0.00384303578176, -0.00093415210722, 0.000331500632456, 0.00260313414037, -0.00298788258806, -0.00185375381261], [0.00147914444096, -0.000933356583118, -0.00213918322697, 0.0128650348634, -0.00218294141814, -0.0058204671368, 0.00483862543479, -0.00334266270511, -0.00122900085989, 0.000474538072012, -0.000595798483118, 0.0008047168958, 0.000123140125652], [0.000142738397699, 0.000807684846222, -0.0010673844954, -0.00218294141814, 0.0114331664518, -0.005727162119, -0.00098621903453, 0.00508424500003, -0.00283605023287, 0.000464345212094, -0.00140984309837, 0.004625744652, -0.00354810338467], [4.06703147746e-05, 0.00144372903742, 0.0029006828554, -0.0058204671368, -0.005727162119, 0.0163428634405, -0.00661080610007, -0.00228278245777, 0.00463583692908, -0.00248291133903, 0.00407109875232, -0.0050566312857, 0.00360598950647], [0.000160178067745, 0.00110307440627, -0.00453114602715, 0.00483862543479, -0.00098621903453, -0.00661080610007, 0.0220955424011, -0.00903903506696, -0.00544036179781, 0.0049527771771, -0.00669362070039, 0.00475791329518, -0.00301359896548], [0.000586194510106, -0.000384251208743, 0.00384303578176, -0.00334266270511, 0.00508424500003, -0.00228278245777, -0.00903903506696, 0.0160023104399, -0.00655495142564, -0.00238208868541, 0.00369888264686, -0.0022122352384, 0.000263616384473], [-0.000495538173709, -0.000416762195528, -0.00093415210722, -0.00122900085989, -0.00283605023287, 0.00463583692908, -0.00544036179781, -0.00655495142564, 0.0236713867635, -0.00950232241303, -0.000780393427704, 1.38548493851e-05, -0.000285465474008], [-0.000104902734165, 0.000750965089537, 0.000331500632456, 0.000474538072012, 0.000464345212094, -0.00248291133903, 0.0049527771771, -0.00238208868541, -0.00950232241303, 0.0282052010298, -0.0164628829807, 0.0055867577903, -0.00110975245479], [-0.00100677553564, -0.000919911719393, 0.00260313414037, -0.000595798483118, -0.00140984309837, 0.00407109875232, -0.00669362070039, 0.00369888264686, -0.000780393427704, -0.0164628829807, 0.0289677474648, -0.0137579413131, 0.00504897581413], [-0.000328059511958, -0.00115876260679, -0.00298788258806, 0.0008047168958, 0.004625744652, -0.0050566312857, 0.00475791329518, -0.0022122352384, 1.38548493851e-05, 0.0055867577903, -0.0137579413131, 0.0231198836118, -0.0147485909984], [0.00163011462428, 0.00011055356299, -0.00185375381261, 0.000123140125652, -0.00354810338467, 0.00360598950647, -0.00301359896548, 0.000263616384473, -0.000285465474008, -0.00110975245479, 0.00504897581413, -0.0147485909984, 0.0304413251579]]
    spectral_contrast:
        mean: [-1.14814135088e-07, -2.56016477351e-07, 8.97008405332e-08, -8.48497521133e-08, 8.1167677024e-08, 7.81360185442e-08, 1.833309625e-06, 2.33592118093e-06, -2.03679155675e-06, 3.60670327382e-07, 9.06101263354e-07, -3.13373845984e-07]
        var: [0.000375296775019, 0.000689976441208, 0.00141980499029, 0.00269045075402, 0.00282881339081, 0.00735107436776, 0.0382816679776, 0.0846984013915, 0.142077118158, 0.283691376448, 0.388414561749, 1.41427946091]

rhythm:
    beats_loudness:
        dmean: 0.0035084981937
        dmean2: 0.0071994299069
        dvar: 3.34151718562e-06
        dvar2: 8.08175900602e-06
        max: 0.0112745389342
        mean: 0.00771131971851
        min: 0.00382945034653
        var: 5.0492385526e-06
    beats_loudness_bass:
        dmean: 0.13245511055
        dmean2: 0.237198546529
        dvar: 0.00673833303154
        dvar2: 0.0237357355654
        max: 0.297066390514
        mean: 0.0984992980957
        min: 0.00869949255139
        var: 0.00839623063803
    bpm: 83.3140029907
    bpm_confidence: 0
    first_peak_bpm: 167
    first_peak_spread: 0
    first_peak_weight: 0.555555582047
    onset_rate: 3.69818854332
    second_peak_bpm: 83
    second_peak_spread: 0.125
    second_peak_weight: 0.388888895512
    beats_position: [0.204050332308, 0.924217581749, 1.64438486099, 2.36455202103, 3.08471941948, 3.80488657951, 4.52505397797, 5.245221138, 6.00111150742, 6.35985946655, 6.71860694885, 7.07735538483, 7.43610239029, 7.79485082626, 8.15359783173, 8.51234722137, 8.87109375, 9.22984218597, 9.58858966827]
    bpm_estimates: [83.3057098389, 83.2570343018, 83.3877487183, 83.2615661621, 83.317741394, 83.3523178101, 83.3282241821, 83.3125, 83.3031311035]
    bpm_intervals: [0.720167279243, 0.720167279243, 0.720167160034, 0.720167398453, 0.720167160034, 0.720167398453, 0.720167160034, 0.755890369415, 0.358747959137, 0.3587474823, 0.358748435974, 0.358747005463, 0.358748435974, 0.358747005463, 0.358749389648, 0.358746528625, 0.358748435974, 0.3587474823]
    onset_times: [0.0348299331963, 0.197369620204, 0.557278931141, 0.917188227177, 1.11455786228, 1.27709746361, 1.63700675964, 2.02013611794, 2.36843538284, 2.64707493782, 2.73995471001, 3.01859402657, 3.44816327095, 3.80807256699, 4.17959165573, 4.52789115906, 4.73687076569, 4.8994102478, 5.25931978226, 5.44507932663, 5.61922883987, 5.8282084465, 5.94430828094, 6.33904743195, 6.5596370697, 6.71056699753, 7.07047605515, 7.4303855896, 7.70902490616, 7.80190467834, 8.16181373596, 8.52172374725, 8.70748329163, 8.87002277374, 9.22993183136, 9.6014509201, 9.9613609314]
    rubato_start: [6.35985946655]
    rubato_stop: [6.71860694885]
    perceptual_tempo: "unknown"

sfx:
    inharmonicity:
        dmean: 0.0504010654986
        dmean2: 0.092611707747
        dvar: 0.0031954147853
        dvar2: 0.00909783132374
        max: 0.293077886105
        mean: 0.0557172894478
        min: 0.000321714294842
        var: 0.00290061975829
    oddtoevenharmonicenergyratio:
        dmean: 2.65601873398
        dmean2: 4.88801813126
        dvar: 39.3689041138
        dvar2: 111.816108704
        max: 73.8607406616
        mean: 2.06740474701
        min: 0.000841809785925
        var: 25.9782104492
    pitch_after_max_to_before_max_energy_ratio: 6.77010583878
    pitch_centroid: 200.755279541
    pitch_max_to_total: 0.0603248253465
    pitch_min_to_total: 0.756380498409
    tristimulus:
        dmean: [0.184795066714, 0.20815859735, 0.119080096483]
        dmean2: [0.324804514647, 0.368023067713, 0.206944599748]
        dvar: [0.026501679793, 0.0310624502599, 0.0117723317817]
        dvar2: [0.0785573199391, 0.0876867100596, 0.0356588661671]
        max: [0.911452531815, 0.894377887249, 0.635131895542]
        mean: [0.322303414345, 0.511581540108, 0.144251853228]
        min: [0.0199706591666, 0, 0]
        var: [0.0377380177379, 0.0439950935543, 0.0141317006201]

tonal:
    chords_changes_rate: 0.0829493105412
    chords_number_rate: 0.0322580635548
    chords_strength:
        dmean: 0.0115325441584
        dmean2: 0.0115446671844
        dvar: 8.09385091998e-05
        dvar2: 9.70563851297e-05
        max: 0.728296041489
        mean: 0.555800259113
        min: 0.345201551914
        var: 0.00748647889122
    key_strength: 0.632552564144
    tuning_diatonic_strength: 0.579916775227
    tuning_equal_tempered_deviation: 0.237006261945
    tuning_frequency: 445.627075195
    tuning_nontempered_energy_ratio: 0.898207068443
    hpcp:
        dmean: [0.118059702218, 0.10987201333, 0.114083908498, 0.139386251569, 0.171172201633, 0.187060460448, 0.191563919187, 0.174762427807, 0.141395017505, 0.138537034392, 0.154364496469, 0.170093744993, 0.21219804883, 0.208449333906, 0.184811517596, 0.177381008863, 0.176217138767, 0.117261402309, 0.0890091508627, 0.108572296798, 0.123640619218, 0.132890641689, 0.124399155378, 0.101567953825, 0.102019689977, 0.112571239471, 0.111515656114, 0.1323415488, 0.149612441659, 0.146712511778, 0.136429160833, 0.148899391294, 0.156715393066, 0.140612512827, 0.119726248085, 0.111541740596]
        dmean2: [0.201086476445, 0.190319210291, 0.196291282773, 0.241432651877, 0.289882779121, 0.310055673122, 0.321508824825, 0.29335308075, 0.229545652866, 0.231975913048, 0.256253361702, 0.295681864023, 0.366724312305, 0.365925461054, 0.307136386633, 0.31145080924, 0.310909509659, 0.204936042428, 0.151135087013, 0.184658646584, 0.215770423412, 0.236857324839, 0.213705927134, 0.184236645699, 0.175358459353, 0.194389507174, 0.187499567866, 0.228251472116, 0.254540920258, 0.254952073097, 0.230976700783, 0.244207650423, 0.256891548634, 0.236651748419, 0.197815150023, 0.186673223972]
        dvar: [0.0250523015857, 0.0202404279262, 0.0230688452721, 0.0253865458071, 0.0307799596339, 0.0352756083012, 0.0371973700821, 0.034070879221, 0.0297808200121, 0.0304746199399, 0.0364505536854, 0.0360985063016, 0.0516322217882, 0.0451154373586, 0.0445422008634, 0.0411943122745, 0.0489759966731, 0.0236775539815, 0.0116977635771, 0.0308460835367, 0.027116894722, 0.0327736698091, 0.0320448353887, 0.0174231790006, 0.0165698491037, 0.0246301051229, 0.0172347873449, 0.0255737509578, 0.0322893224657, 0.0354464165866, 0.0326377488673, 0.0343781895936, 0.0319537855685, 0.0290309749544, 0.0233586989343, 0.0285487547517]
        dvar2: [0.069050937891, 0.0579412989318, 0.0618336088955, 0.0641126036644, 0.0866090282798, 0.0862844064832, 0.0971308350563, 0.087902456522, 0.066814519465, 0.0766137391329, 0.0983173921704, 0.10642478615, 0.145570963621, 0.117284163833, 0.114707171917, 0.111987739801, 0.141824796796, 0.0630165934563, 0.032561223954, 0.0813159346581, 0.0703779160976, 0.0844023823738, 0.0935965850949, 0.0501121915877, 0.0419672615826, 0.0666442364454, 0.0456398539245, 0.068112924695, 0.0793060734868, 0.0898679867387, 0.0876976549625, 0.0888815075159, 0.0819614827633, 0.0719631761312, 0.0554151572287, 0.0738909319043]
        max: [1, 1, 1, 1, 1, 1, 1, 1, 1, 1, 1, 1, 1, 1, 1, 1, 1, 1, 0.769608080387, 1, 1, 1, 1, 1, 0.944235444069, 1, 1, 1, 1, 1, 1, 1, 1, 1, 1, 1]
        mean: [0.142073631287, 0.134408593178, 0.142651110888, 0.176720649004, 0.268649697304, 0.405851960182, 0.408842563629, 0.287792831659, 0.195178180933, 0.166008397937, 0.18228302896, 0.266012102365, 0.364509433508, 0.386490434408, 0.332812577486, 0.26892259717, 0.229106143117, 0.168195679784, 0.125987067819, 0.149236425757, 0.177147075534, 0.165761351585, 0.135033711791, 0.10978423059, 0.112149439752, 0.138876989484, 0.181447774172, 0.208723679185, 0.203375130892, 0.181798771024, 0.175995275378, 0.215797543526, 0.242490515113, 0.204994633794, 0.163667455316, 0.148022174835]
        min: [0.0110324462876, 0.00824910681695, 0.00643839873374, 0.00519110029563, 0.0037199894432, 0.00794517900795, 0.00786763243377, 0.00275651691481, 0.00247966567986, 0.00358152296394, 0.00477274088189, 0.00438792817295, 0.00721392175183, 0.00853220000863, 0.00805495679379, 0.00642448291183, 0.00482189003378, 0.00858625862747, 0.00697567733005, 0.00567782344297, 0.00243794848211, 0.00414564879611, 0.00199426198378, 0.00185956025962, 0.00139932637103, 0.0025912062265, 0.00254391785711, 0.00536966463551, 0.00273577542976, 0.00308789429255, 0.00487433047965, 0.0068706292659, 0.0100228535011, 0.00516163790599, 0.00492324167863, 0.00750220892951]
        var: [0.0277710109949, 0.0242966581136, 0.0262959115207, 0.039074357599, 0.0593684315681, 0.111757129431, 0.118961520493, 0.0772197321057, 0.0540400780737, 0.0441524237394, 0.047044403851, 0.0769827067852, 0.107137784362, 0.101659275591, 0.100790858269, 0.0757495164871, 0.0730757042766, 0.0369724072516, 0.0204890780151, 0.0421383753419, 0.0415595769882, 0.0413402915001, 0.0295227784663, 0.0157650113106, 0.0176841691136, 0.0276482012123, 0.0389129705727, 0.0570420138538, 0.0480973869562, 0.0448301210999, 0.0376871079206, 0.0534681417048, 0.0602197945118, 0.0490738525987, 0.0296831652522, 0.0277388487011]
    chords_histogram: [18.8940086365, 0, 0, 0, 21.6589870453, 0, 0, 2.7649769783, 0, 23.041475296, 14.2857141495, 0, 0, 0, 0, 0, 3.22580647469, 0, 0, 0, 0, 0, 0, 16.129032135]
    thpcp: [1, 0.703920900822, 0.477392017841, 0.40604481101, 0.445851385593, 0.650646805763, 0.891564309597, 0.945328295231, 0.814036011696, 0.657765626907, 0.560377418995, 0.411394745111, 0.308155447245, 0.36502173543, 0.43328922987, 0.405440539122, 0.330282896757, 0.268524467945, 0.27430960536, 0.339683294296, 0.443808436394, 0.510523378849, 0.497441202402, 0.444666951895, 0.430471986532, 0.527825534344, 0.593114674091, 0.501402378082, 0.400319010019, 0.362051784992, 0.347502052784, 0.328753918409, 0.348914533854, 0.432246208191, 0.657098174095, 0.992685198784]
    chords_key: "F#"
    chords_scale: "major"
    key_key: "B"
    key_scale: "minor"
    chords_progression: ["A#m", "A#m", "A#m", "A#m", "A#m", "A#m", "A#m", "A#m", "G", "G", "G", "G", "G", "G", "G", "G", "G", "G", "G", "A#m", "A#m", "A#m", "A#m", "A#m", "A#m", "A#m", "A#m", "A#m", "A#m", "A#m", "A#m", "A#m", "A#m", "A#m", "A#m", "A#m", "A#m", "A#m", "A#m", "F#", "F#", "F#", "F#", "F#", "F#", "F#", "F#", "F#", "F#", "F#", "F#", "F#", "F#", "F#", "F#", "F#", "F#", "F#", "F#", "F#", "F#", "F#", "F#", "F#", "F#", "F#", "C#m", "C#m", "C#m", "C#m", "C#m", "C#m", "C#m", "C#m", "C#m", "C#m", "C#m", "C#m", "F#", "F#", "F#", "F#", "F#", "F#", "F#", "F#", "F#", "F#", "F#", "F#", "F#", "Bm", "Bm", "Bm", "B", "B", "B", "B", "B", "B", "Bm", "Bm", "Bm", "Bm", "Bm", "Bm", "Bm", "Bm", "Bm", "Bm", "Bm", "Bm", "Bm", "Bm", "Bm", "Bm", "Bm", "Bm", "Bm", "Bm", "Bm", "Bm", "Bm", "Bm", "Bm", "Bm", "Bm", "Bm", "Bm", "Bm", "Bm", "Bm", "Bm", "Bm", "Bm", "Bm", "Bm", "Bm", "G", "G", "G", "G", "G", "G", "G", "G", "G", "G", "G", "G", "G", "G", "G", "G", "G", "G", "G", "G", "G", "G", "Gm", "G", "G", "Gm", "Gm", "Gm", "Gm", "Gm", "Gm", "C#m", "C#m", "C#m", "C#m", "C#m", "C#m", "C#m", "C#m", "C#m", "C#m", "C#m", "C#m", "F#", "F#", "F#", "F#", "F#", "F#", "C#m", "C#m", "C#m", "C#m", "C#m", "C#m", "C#m", "C#m", "C#m", "C#m", "C#m", "C#m", "C#m", "C#m", "C#m", "C#m", "C#m", "C#m", "F#", "F#", "F#", "F#", "A#m", "A#m", "A#m", "C#m", "C#m", "C#m", "C#m", "C#m"]
