
metadata:
    version:
        essentia: "1.2.2"
    audio_properties:
        analysis_sample_rate: 44100
        bitrate: 128
        channels: 2
        equal_loudness: 1
        length: 10.0310201645
        replay_gain: -10.834821701
        downmix: "mix"
    tags:
        track: 6
        year: 0
        album: "Splitted by Mp3Splt v. 2.1"
        artist: "From 000.50 To 001.00"
        comment: "http://mp3splt.sf.net"
        genre: ""
        title: "08 Cassie.mp3"

highlevel:
    ballroom:
        all:
            ChaChaCha: 0.0692889913917
            Jive: 0.453710049391
            Quickstep: 0.0591042637825
            Rumba-American: 0.00866633374244
            Rumba-International: 0.0146477604285
            Rumba-Misc: 0.0105181755498
            Samba: 0.311078578234
            Tango: 0.0247812233865
            VienneseWaltz: 0.0408113002777
            Waltz: 0.00739332428202
        probability: 0.453710049391
        value: "Jive"
    culture:
        all:
            non_western: 0.225717023015
            western: 0.774282991886
        probability: 0.774282991886
        value: "western"
    gender:
        all:
            female: 0.726128101349
            male: 0.273871868849
        probability: 0.726128101349
        value: "female"
    genre_dortmund:
        all:
            alternative: 0.198660314083
            blues: 0.0288587324321
            electronic: 0.0301064625382
            folkcountry: 0.0359845235944
            funksoulrnb: 0.00579932518303
            jazz: 0.0329294539988
            pop: 0.0271102581173
            raphiphop: 0.00691913021728
            rock: 0.633631825447
        probability: 0.633631825447
        value: "rock"
    genre_electronica:
        all:
            ambient: 0.16675516963
            dnb: 0.617614924908
            house: 0.025961715728
            techno: 0.0280823744833
            trance: 0.161585792899
        probability: 0.617614924908
        value: "dnb"
    genre_rosamerica:
        all:
            cla: 0.00945349875838
            dan: 0.017881559208
            hip: 0.00607789587229
            jaz: 0.0144573980942
            pop: 0.256152629852
            rhy: 0.0214695427567
            roc: 0.673554599285
            spe: 0.000952851143666
        probability: 0.673554599285
        value: "roc"
    genre_tzanetakis:
        all:
            blu: 0.023425931111
            cla: 0.0388507731259
            cou: 0.237870812416
            dis: 0.106026157737
            hip: 0.00670837843791
            jaz: 0.156057700515
            met: 0.0162399467081
            pop: 0.140649691224
            reg: 0.0835687071085
            roc: 0.190601915121
        probability: 0.237870812416
        value: "cou"
    live_studio:
        all:
            live: 0.0181625913829
            studio: 0.981837391853
        probability: 0.981837391853
        value: "studio"
    mood:
        all:
            Cluster1: 0.442609459162
            Cluster2: 0.10436694324
            Cluster3: 0.125123843551
            Cluster4: 0.0880454257131
            Cluster5: 0.239854320884
        probability: 0.442609459162
        value: "Cluster1"
    mood_acoustic:
        all:
            acoustic: 0.0275303758681
            not_acoustic: 0.972469627857
        probability: 0.972469627857
        value: "not_acoustic"
    mood_aggressive:
        all:
            aggressive: 0.587395012379
            not_aggressive: 0.412604957819
        probability: 0.587395012379
        value: "aggressive"
    mood_electronic:
        all:
            electronic: 0.417154729366
            not_electronic: 0.582845270634
        probability: 0.582845270634
        value: "not_electronic"
    mood_happy:
        all:
            happy: 0.860214471817
            not_happy: 0.139785543084
        probability: 0.860214471817
        value: "happy"
    mood_party:
        all:
            not_party: 0.62311476469
            party: 0.376885265112
        probability: 0.62311476469
        value: "not_party"
    mood_relaxed:
        all:
            not_relaxed: 0.911597430706
            relaxed: 0.0884025767446
        probability: 0.911597430706
        value: "not_relaxed"
    mood_sad:
        all:
            not_sad: 0.677012145519
            sad: 0.322987824678
        probability: 0.677012145519
        value: "not_sad"
    rhythm:
        all:
            fast: 0.573458552361
            medium: 0.29537153244
            slow: 0.131169885397
        probability: 0.573458552361
        value: "fast"
    speech_music:
        all:
            music: 0.999999582767
            speech: 4.06678395848e-07
        probability: 0.999999582767
        value: "music"
    timbre:
        all:
            bright: 0.592856287956
            dark: 0.407143712044
        probability: 0.592856287956
        value: "bright"
    voice_instrumental:
        all:
            instrumental: 0.512863099575
            voice: 0.487136900425
        probability: 0.512863099575
        value: "instrumental"

lowlevel:
    average_loudness: 0.978666186333
    barkbands_kurtosis:
        dmean: 0.523398041725
        dmean2: 0.852904856205
        dvar: 0.508983314037
        dvar2: 1.18783354759
        max: 5.10903835297
        mean: -0.763539373875
        min: -1.79084825516
        var: 0.959170162678
    barkbands_skewness:
        dmean: 0.353261739016
        dmean2: 0.538211762905
        dvar: 0.128012359142
        dvar2: 0.276574850082
        max: 2.46953320503
        mean: 0.274684637785
        min: -1.67150270939
        var: 0.475070953369
    barkbands_spread:
        dmean: 4.50114774704
        dmean2: 7.13910388947
        dvar: 18.7617073059
        dvar2: 43.2270927429
        max: 53.3121185303
        mean: 34.4571266174
        min: 12.0506296158
        var: 77.4845123291
    dissonance:
        dmean: 0.0169820915908
        dmean2: 0.0292518399656
        dvar: 0.000289374031126
        dvar2: 0.000869767565746
        max: 0.49983176589
        mean: 0.474050015211
        min: 0.380170255899
        var: 0.00044159477693
    hfc:
        dmean: 1.61257576942
        dmean2: 2.29398798943
        dvar: 4.80077934265
        dvar2: 8.56657218933
        max: 27.2704410553
        mean: 5.75979232788
        min: 1.32205866521e-06
        var: 19.2541751862
    pitch:
        dmean: 369.668518066
        dmean2: 698.600769043
        dvar: 732517.1875
        dvar2: 1632240.125
        max: 4009.09082031
        mean: 538.618835449
        min: 65.625
        var: 722218.6875
    pitch_instantaneous_confidence:
        dmean: 0.0773662477732
        dmean2: 0.121270477772
        dvar: 0.0061552147381
        dvar2: 0.0119724273682
        max: 0.88040882349
        mean: 0.412306934595
        min: 0.133395016193
        var: 0.0354731567204
    pitch_salience:
        dmean: 0.0541041716933
        dmean2: 0.0846061185002
        dvar: 0.00237158639356
        dvar2: 0.00570084992796
        max: 0.782554149628
        mean: 0.603822231293
        min: 0.362739533186
        var: 0.00744080217555
    silence_rate_20dB:
        dmean: 0
        dmean2: 0
        dvar: 0
        dvar2: 0
        max: 1
        mean: 1
        min: 1
        var: 0
    silence_rate_30dB:
        dmean: 0
        dmean2: 0
        dvar: 0
        dvar2: 0
        max: 1
        mean: 1
        min: 1
        var: 0
    silence_rate_60dB:
        dmean: 0.125
        dmean2: 0.250580042601
        dvar: 0.109375
        dvar2: 0.220271959901
        max: 1
        mean: 0.392609685659
        min: 0
        var: 0.238467052579
    spectral_centroid:
        dmean: 199.945281982
        dmean2: 304.1300354
        dvar: 44259.4765625
        dvar2: 88500.3828125
        max: 2616.76464844
        mean: 1254.98693848
        min: 410.218688965
        var: 143666.40625
    spectral_complexity:
        dmean: 2.66589331627
        dmean2: 3.93488383293
        dvar: 8.95561695099
        dvar2: 14.9771852493
        max: 37
        mean: 11.8773145676
        min: 0
        var: 33.1029853821
    spectral_crest:
        dmean: 1.73445212841
        dmean2: 2.74633789062
        dvar: 2.57516717911
        dvar2: 6.63806438446
        max: 17.8350887299
        mean: 6.86870241165
        min: 2.60677266121
        var: 6.30566072464
    spectral_decrease:
        dmean: 2.42462022682e-10
        dmean2: 3.54348328457e-10
        dvar: 9.17692912377e-20
        dvar2: 1.87789515342e-19
        max: -6.94471725542e-16
        mean: -1.01805874841e-09
        min: -3.23651039302e-09
        var: 3.38523329645e-19
    spectral_energy:
        dmean: 0.00103755225427
        dmean2: 0.00150669156574
        dvar: 1.69748500412e-06
        dvar2: 3.35873914992e-06
        max: 0.0146446404979
        mean: 0.00436481554061
        min: 2.74101075171e-09
        var: 6.52466906104e-06
    spectral_energyband_high:
        dmean: 7.22240729374e-05
        dmean2: 0.000106766230601
        dvar: 2.44210909273e-08
        dvar2: 4.12230640734e-08
        max: 0.0024857383687
        mean: 0.00018392803031
        min: 8.66356847373e-11
        var: 5.31044825891e-08
    spectral_energyband_low:
        dmean: 0.000299081235426
        dmean2: 0.000482081988594
        dvar: 2.12920895137e-07
        dvar2: 5.59078614515e-07
        max: 0.00418194849044
        mean: 0.00073843926657
        min: 1.32570876499e-09
        var: 3.07079091044e-07
    spectral_energyband_middle_high:
        dmean: 0.000666964566335
        dmean2: 0.000960279547144
        dvar: 8.64383309818e-07
        dvar2: 1.78245693405e-06
        max: 0.0122765181586
        mean: 0.00207065534778
        min: 2.54834681135e-10
        var: 3.78909862775e-06
    spectral_energyband_middle_low:
        dmean: 0.000420646276325
        dmean2: 0.000676300842315
        dvar: 4.49262500979e-07
        dvar2: 1.10209009563e-06
        max: 0.00677952449769
        mean: 0.00137178367004
        min: 7.8849349272e-10
        var: 8.22531944777e-07
    spectral_flatness_db:
        dmean: 0.0137383453548
        dmean2: 0.0211382582784
        dvar: 0.000150505133206
        dvar2: 0.000331514689606
        max: 0.24432618916
        mean: 0.145610556006
        min: 0.0918592661619
        var: 0.000638055324089
    spectral_flux:
        dmean: 0.0081153921783
        dmean2: 0.0118303457275
        dvar: 6.75147457514e-05
        dvar2: 0.000138803719892
        max: 0.0953058749437
        mean: 0.0347340367734
        min: 5.23546623299e-05
        var: 0.00021787903097
    spectral_kurtosis:
        dmean: 1.1645655632
        dmean2: 1.94572472572
        dvar: 1.14181828499
        dvar2: 2.70599532127
        max: 12.1202030182
        mean: 4.14357662201
        min: 0.699832677841
        var: 3.67936396599
    spectral_rms:
        dmean: 0.000234291059314
        dmean2: 0.000334478303557
        dvar: 6.48299476325e-08
        dvar2: 1.18013446126e-07
        max: 0.00377987488173
        mean: 0.00198222021572
        min: 1.63528500252e-06
        var: 3.29161593982e-07
    spectral_rolloff:
        dmean: 393.992462158
        dmean2: 616.200317383
        dvar: 179750.21875
        dvar2: 376017.21875
        max: 4220.5078125
        mean: 2573.86572266
        min: 473.73046875
        var: 511793.5625
    spectral_skewness:
        dmean: 0.156447768211
        dmean2: 0.254014104605
        dvar: 0.0203644856811
        dvar2: 0.0379274897277
        max: 3.0275759697
        mean: 1.4843505621
        min: 0.729580283165
        var: 0.0804036185145
    spectral_spread:
        dmean: 501137.375
        dmean2: 660789
        dvar: 889077432320
        dvar2: 1.01085236429e+12
        max: 21768674
        mean: 4276722
        min: 2253275
        var: 1.75394350694e+12
    spectral_strongpeak:
        dmean: 0.401300668716
        dmean2: 0.671109080315
        dvar: 0.480895191431
        dvar2: 1.14510154724
        max: 7.20806503296
        mean: 0.702619671822
        min: 0
        var: 1.33916604519
    zerocrossingrate:
        dmean: 0.00730949081481
        dmean2: 0.00829737447202
        dvar: 4.3150223064e-05
        dvar2: 5.7544795709e-05
        max: 0.1328125
        mean: 0.0776548013091
        min: 0.02783203125
        var: 0.000275141326711
    barkbands:
        dmean: [6.58599446979e-07, 0.000179227004992, 0.000196822555154, 0.000139069496072, 0.000171920430148, 0.00010621810361, 3.6870718759e-05, 5.00860842294e-05, 0.000143587240018, 9.69096290646e-05, 6.6431814048e-05, 6.66264168103e-05, 9.21947721508e-05, 0.000232270394918, 0.000161213436513, 0.000136095550261, 0.000119158466987, 0.000100155382825, 9.15414348128e-05, 8.54296522448e-05, 2.84584712062e-05, 1.54822337208e-05, 1.96320047507e-06, 6.07090214544e-07, 3.71791031739e-07, 1.68179514759e-08, 4.8230897054e-10]
        dmean2: [1.14599083645e-06, 0.000309397408273, 0.0003276533389, 0.000229665296501, 0.000298209051834, 0.000175838635187, 5.97860162088e-05, 7.81282506068e-05, 0.000227375800023, 0.000137584123877, 9.3453352747e-05, 0.000103848040453, 0.000129577238113, 0.000345736043528, 0.000224029136007, 0.0002080934064, 0.000187356417882, 0.000159431496286, 0.000139193682116, 0.000130602653371, 4.1667415644e-05, 2.35480729316e-05, 2.93100993076e-06, 9.04894022824e-07, 5.14876830948e-07, 2.44217890355e-08, 6.15193229692e-10]
        dvar: [1.91750977076e-12, 9.16032121268e-08, 1.12095122518e-07, 5.98190439405e-08, 1.52098948547e-07, 4.24675548061e-08, 2.96778401854e-09, 6.08960126769e-09, 9.89488881942e-08, 5.38510533943e-08, 2.24964669115e-08, 3.76999977902e-08, 6.71475532954e-08, 3.86950290476e-07, 1.70788581499e-07, 3.58936276257e-08, 1.80135373284e-08, 1.95690628146e-08, 3.14199724016e-08, 3.95339405657e-08, 2.41638442589e-09, 9.33693677929e-10, 1.23288644918e-11, 1.06032207754e-12, 3.4001233361e-13, 5.28973134351e-16, 4.56671361503e-17]
        dvar2: [5.39686134324e-12, 2.65172928948e-07, 3.13319048928e-07, 1.62527157954e-07, 3.98163109594e-07, 1.08540753274e-07, 7.2191110867e-09, 1.36629996206e-08, 2.60080213366e-07, 7.51016386857e-08, 5.30249657515e-08, 8.02997490723e-08, 9.58405976803e-08, 8.12187806787e-07, 2.6903643402e-07, 7.64372671824e-08, 4.49361152732e-08, 4.42449916704e-08, 8.09871778529e-08, 7.70294619201e-08, 4.15077527904e-09, 1.9622090619e-09, 2.11381329107e-11, 2.15917648344e-12, 7.90336166737e-13, 1.07742633242e-15, 4.57465785764e-17]
        max: [1.4060423382e-05, 0.00245180120692, 0.00289895315655, 0.00322184967808, 0.00410233670846, 0.00223850342445, 0.000496064778417, 0.000968550157268, 0.00402823928744, 0.00460510374978, 0.00158026104327, 0.00288016512059, 0.00577116245404, 0.00762686505914, 0.00831648893654, 0.00173418328632, 0.00141578691546, 0.00207591359504, 0.00249430397525, 0.00308210356161, 0.000798875407781, 0.000330231559929, 5.26746080141e-05, 1.16220680866e-05, 5.09730261911e-06, 1.82030831297e-07, 1.40603887644e-07]
        mean: [8.88052340997e-07, 0.000363471917808, 0.000374094059225, 0.000360027712304, 0.000306996778818, 0.000181209034054, 7.43664058973e-05, 0.000118219162687, 0.000239248227444, 0.000201643750188, 0.000116145034553, 9.13787444006e-05, 0.000168593716808, 0.000334561482305, 0.000308551156195, 0.000243647125899, 0.000234741266468, 0.000199007175979, 0.000165759003721, 0.00018260597426, 6.48037530482e-05, 2.86477225018e-05, 4.35776519225e-06, 1.21571918044e-06, 6.14186262737e-07, 2.56952503719e-08, 4.6808296128e-10]
        min: [4.71737093832e-10, 7.14550585368e-10, 3.31849769886e-10, 2.27374757911e-10, 3.09042375024e-10, 1.39231320917e-10, 5.86253892654e-11, 2.64174168652e-11, 2.42004367934e-11, 1.90131990013e-11, 1.04575957269e-11, 1.02318960596e-11, 2.55516116078e-12, 8.64819847679e-12, 6.9203726083e-11, 7.03394842372e-11, 9.40977851194e-12, 2.81358044502e-11, 2.01317556375e-11, 5.78687722741e-11, 2.02650968922e-11, 5.02123212801e-12, 5.48700798339e-12, 2.57675391441e-12, 2.68283789281e-12, 1.47940524848e-12, 8.00922099909e-14]
        var: [2.93172040464e-12, 1.04814660062e-07, 1.31492498667e-07, 1.57024174996e-07, 1.42714426943e-07, 4.75226897834e-08, 4.22250234777e-09, 1.70191718496e-08, 1.6101540723e-07, 2.92697052373e-07, 4.45222205769e-08, 6.02155481033e-08, 2.64176321707e-07, 5.78860920086e-07, 7.59831493724e-07, 7.00222528849e-08, 3.91569052738e-08, 5.12794251506e-08, 4.66605563076e-08, 7.49041575432e-08, 5.36946931362e-09, 1.77076475705e-09, 3.31473945514e-11, 2.78152457664e-12, 6.04579808525e-13, 8.12224710622e-16, 4.56006473727e-17]
    mfcc:
        mean: [-713.011474609, 127.402397156, -50.3431091309, 59.6082115173, -1.72469329834, 9.49650669098, -3.79509925842, 0.837661743164, 8.28602218628, 4.11155462265, 1.36619591713, -3.12625098228, -2.31718182564]
        cov: [[2251.50292969, -95.8491210938, -258.183044434, -131.511367798, -98.0047836304, 1.49841535091, 37.5799598694, -8.93551921844, -38.192276001, -58.8537902832, 1.64216673374, -66.4698257446, -28.3709831238], [-95.8491210938, 339.79006958, -207.901779175, -37.8276405334, -16.5343170166, 13.7683801651, 46.6984443665, 18.0339336395, 24.7995166779, 45.0618438721, 21.4723434448, -25.7185001373, -40.5673866272], [-258.183044434, -207.901779175, 385.745941162, 77.8235855103, 24.8303642273, 16.8379993439, -49.3015327454, -2.24734711647, -29.2713565826, -34.2772293091, -5.24689674377, 60.4239044189, 37.149017334], [-131.511367798, -37.8276405334, 77.8235855103, 176.24861145, 18.2356987, -26.5009918213, -46.7348403931, -8.76000404358, 5.47466564178, -9.48011779785, -22.0628738403, 11.5307188034, 19.4229927063], [-98.0047836304, -16.5343170166, 24.8303642273, 18.2356987, 104.57875824, -6.85049676895, -39.4898757935, 3.18655371666, 13.697977066, 19.6221427917, 1.57448709011, -1.65593099594, -4.3481760025], [1.49841535091, 13.7683801651, 16.8379993439, -26.5009918213, -6.85049676895, 91.6148376465, 22.4055919647, 6.64759016037, -22.4566173553, -1.14738762379, 7.56047153473, -6.26387310028, -18.9981174469], [37.5799598694, 46.6984443665, -49.3015327454, -46.7348403931, -39.4898757935, 22.4055919647, 110.041694641, 3.03143787384, -23.3313045502, 1.8246768713, 19.0855770111, 3.34335327148, -0.82758808136], [-8.93551921844, 18.0339336395, -2.24734711647, -8.76000404358, 3.18655371666, 6.64759016037, 3.03143787384, 63.8682899475, 9.28758049011, 8.96606349945, -4.8637547493, 1.10154497623, -4.67696905136], [-38.192276001, 24.7995166779, -29.2713565826, 5.47466564178, 13.697977066, -22.4566173553, -23.3313045502, 9.28758049011, 75.9129714966, 26.0818901062, 3.12394690514, -9.99669647217, -0.499184697866], [-58.8537902832, 45.0618438721, -34.2772293091, -9.48011779785, 19.6221427917, -1.14738762379, 1.8246768713, 8.96606349945, 26.0818901062, 81.5698776245, 29.0942897797, -10.8252010345, -12.8696327209], [1.64216673374, 21.4723434448, -5.24689674377, -22.0628738403, 1.57448709011, 7.56047153473, 19.0855770111, -4.8637547493, 3.12394690514, 29.0942897797, 70.086769104, 16.2636547089, -4.76915168762], [-66.4698257446, -25.7185001373, 60.4239044189, 11.5307188034, -1.65593099594, -6.26387310028, 3.34335327148, 1.10154497623, -9.99669647217, -10.8252010345, 16.2636547089, 81.4066162109, 40.5168800354], [-28.3709831238, -40.5673866272, 37.149017334, 19.4229927063, -4.3481760025, -18.9981174469, -0.82758808136, -4.67696905136, -0.499184697866, -12.8696327209, -4.76915168762, 40.5168800354, 68.2321014404]]
        icov: [[0.000599390710704, 0.000588421244174, 0.000678625307046, 0.000210685859201, 0.000440979667474, -3.26362860505e-05, 0.000220594447455, -0.000189094847883, 0.000261642504483, 0.000436891568825, -0.000410233682487, 0.000280272623058, 6.75665360177e-05], [0.000588421244174, 0.00568704213947, 0.00331774353981, -0.000570604461245, 0.000738082104363, -0.00105871411506, -0.000826820789371, -0.00101806083694, -0.000657680036966, -0.000849547213875, -0.000599851890001, -0.00130262342282, 0.00222095288336], [0.000678625307046, 0.00331774353981, 0.00582653749734, -0.00135942548513, 0.000138404648169, -0.00196722825058, 0.00130919925869, -0.000924587715417, 0.000967924715951, 0.00072691362584, -0.000956849253271, -0.00254890252836, 0.000473901716759], [0.000210685859201, -0.000570604461245, -0.00135942548513, 0.00746675254777, -6.90828674124e-05, 0.00160502188373, 0.00210888590664, 0.000930074718781, 0.000264776230324, -0.000180957824341, 0.00167393765878, 0.000210015859921, -0.00114508147817], [0.000440979667474, 0.000738082104363, 0.000138404648169, -6.90828674124e-05, 0.0121854310855, -1.35497693918e-05, 0.00412247795612, -0.000555700680707, 0.000129809632199, -0.00275705079548, -0.000460508017568, -0.000101447265479, 0.000860147178173], [-3.26362860505e-05, -0.00105871411506, -0.00196722825058, 0.00160502188373, -1.35497693918e-05, 0.0140258595347, -0.00174403272104, -0.00127134029754, 0.00337937590666, 8.67817580001e-05, -0.000653484778013, 0.00102753215469, 0.00315251247957], [0.000220594447455, -0.000826820789371, 0.00130919925869, 0.00210888590664, 0.00412247795612, -0.00174403272104, 0.0141111547127, -0.00104825920425, 0.0042113121599, -0.000392209418351, -0.00303308595903, 0.00020551016496, -0.00221376144327], [-0.000189094847883, -0.00101806083694, -0.000924587715417, 0.000930074718781, -0.000555700680707, -0.00127134029754, -0.00104825920425, 0.0173752680421, -0.00260557816364, -0.00225179339759, 0.00390398828313, -0.00242454558611, 0.00161240575835], [0.000261642504483, -0.000657680036966, 0.000967924715951, 0.000264776230324, 0.000129809632199, 0.00337937590666, 0.0042113121599, -0.00260557816364, 0.0182820279151, -0.00430057290941, -0.00107432843652, 0.002368489746, -0.00222183414735], [0.000436891568825, -0.000849547213875, 0.00072691362584, -0.000180957824341, -0.00275705079548, 8.67817580001e-05, -0.000392209418351, -0.00225179339759, -0.00430057290941, 0.0189665593207, -0.00814533047378, 0.00312062189914, 0.000145207915921], [-0.000410233682487, -0.000599851890001, -0.000956849253271, 0.00167393765878, -0.000460508017568, -0.000653484778013, -0.00303308595903, 0.00390398828313, -0.00107432843652, -0.00814533047378, 0.0215425752103, -0.00753556285053, 0.00397298205644], [0.000280272623058, -0.00130262342282, -0.00254890252836, 0.000210015859921, -0.000101447265479, 0.00102753215469, 0.00020551016496, -0.00242454558611, 0.002368489746, 0.00312062189914, -0.00753556285053, 0.022493345663, -0.0124915773049], [6.75665360177e-05, 0.00222095288336, 0.000473901716759, -0.00114508147817, 0.000860147178173, 0.00315251247957, -0.00221376144327, 0.00161240575835, -0.00222183414735, 0.000145207915921, 0.00397298205644, -0.0124915773049, 0.02479506284]]
    spectral_contrast:
        mean: [-1.58626662028e-07, 4.66114016717e-07, 1.68310691606e-07, 1.04489217279e-07, -5.05656430505e-07, -8.64750234086e-07, 4.03538615501e-06, -1.12703833111e-06, 1.7477819938e-06, 1.49342747591e-06, -5.08343464389e-06, -1.49839456753e-06]
        var: [0.000495172978844, 0.000640220241621, 0.0014597614063, 0.00162081315648, 0.00260675488971, 0.00688440725207, 0.043786123395, 0.066990673542, 0.0965650454164, 0.177371948957, 0.250252187252, 1.06788432598]

rhythm:
    beats_loudness:
        dmean: 0.00405774079263
        dmean2: 0.00860227830708
        dvar: 3.90823788621e-06
        dvar2: 6.58691260469e-06
        max: 0.0119641516358
        mean: 0.00792035181075
        min: 0.0036718850024
        var: 6.56957172396e-06
    beats_loudness_bass:
        dmean: 0.182650879025
        dmean2: 0.34502479434
        dvar: 0.0225476175547
        dvar2: 0.067440547049
        max: 0.54083365202
        mean: 0.193219095469
        min: 0.0430501662195
        var: 0.0218924116343
    bpm: 105.435401917
    bpm_confidence: 0
    first_peak_bpm: 105
    first_peak_spread: 0
    first_peak_weight: 0.9375
    onset_rate: 3.88793945312
    second_peak_bpm: 99
    second_peak_spread: 0
    second_peak_weight: 0.0625
    beats_position: [0.318425565958, 0.887810826302, 1.45719599724, 2.02658128738, 2.59596657753, 3.16535186768, 3.7347369194, 4.30412244797, 4.87350749969, 5.44289302826, 6.04678344727, 6.61552715302, 7.1842713356, 7.75301551819, 8.32176017761, 8.89050388336, 9.45924758911]
    bpm_estimates: [105.331321716, 105.352355957, 104.951721191, 105.476974487, 105.533805847, 105.429222107, 106.264526367, 103.458374023, 106.172653198, 105.469429016, 105.756988525, 106.061904907, 105.721847534, 103.570175171, 105.541992188, 105.619163513, 105.088150024, 106.238494873, 105.514953613, 106.154174805]
    bpm_intervals: [0.569385290146, 0.569385170937, 0.569385290146, 0.569385290146, 0.569385290146, 0.569385051727, 0.569385528564, 0.569385051727, 0.569385528564, 0.603890419006, 0.56874370575, 0.568744182587, 0.568744182587, 0.568744659424, 0.56874370575, 0.56874370575]
    onset_times: [0.0580498874187, 0.255419492722, 0.615328788757, 0.696598649025, 0.893968224525, 1.20743763447, 1.43963718414, 1.82276642323, 2.03174614906, 2.33360552788, 2.63546490669, 2.7863945961, 2.99537420273, 3.1811337471, 3.49460315704, 3.77324271202, 4.051882267, 4.31891155243, 4.7020406723, 4.94585037231, 5.22448968887, 5.32897949219, 5.45668935776, 5.75854873657, 5.86303853989, 6.42031764984, 6.62929725647, 6.88471651077, 6.96598625183, 7.20979595184, 7.53487539291, 7.75546503067, 8.03410434723, 8.33596324921, 8.498503685, 8.62621307373, 8.77714252472, 8.893242836, 9.4853515625]
    rubato_start: []
    rubato_stop: []
    perceptual_tempo: "unknown"

sfx:
    inharmonicity:
        dmean: 0.0330723077059
        dmean2: 0.0580593831837
        dvar: 0.00102067028638
        dvar2: 0.00272021372803
        max: 0.213171616197
        mean: 0.0411086417735
        min: 0.000623181811534
        var: 0.00121368153486
    oddtoevenharmonicenergyratio:
        dmean: 3.17800736427
        dmean2: 5.92408800125
        dvar: 234.349258423
        dvar2: 694.24230957
        max: 199.597015381
        mean: 2.36065888405
        min: 0.00172401661985
        var: 123.159507751
    pitch_after_max_to_before_max_energy_ratio: 2.55435776711
    pitch_centroid: 214.626159668
    pitch_max_to_total: 0.317129641771
    pitch_min_to_total: 0.280092597008
    tristimulus:
        dmean: [0.147272199392, 0.204213619232, 0.0931779369712]
        dmean2: [0.24973000586, 0.356241971254, 0.163914263248]
        dvar: [0.0199601240456, 0.0404003597796, 0.00690825795755]
        dvar2: [0.0513638816774, 0.106625527143, 0.0181198399514]
        max: [0.87667298317, 0.96539837122, 0.441942453384]
        mean: [0.330612361431, 0.49064719677, 0.127123385668]
        min: [0.034264691174, 0, 0]
        var: [0.0323348455131, 0.0543699078262, 0.0101733878255]

tonal:
    chords_changes_rate: 0.0416666679084
    chords_number_rate: 0.0277777779847
    chords_strength:
        dmean: 0.00801920238882
        dmean2: 0.00702250795439
        dvar: 3.75776362489e-05
        dvar2: 2.98856120935e-05
        max: 0.676131904125
        mean: 0.543571591377
        min: 0.306743621826
        var: 0.00997719913721
    key_strength: 0.63719689846
    tuning_diatonic_strength: 0.509184420109
    tuning_equal_tempered_deviation: 0.0943974927068
    tuning_frequency: 445.884552002
    tuning_nontempered_energy_ratio: 0.77044326067
    hpcp:
        dmean: [0.111021660268, 0.111372597516, 0.0818944722414, 0.0619305148721, 0.0841663479805, 0.107486449182, 0.134350970387, 0.14618241787, 0.163023233414, 0.153807774186, 0.129048153758, 0.151143714786, 0.17230913043, 0.184593841434, 0.156439557672, 0.135954797268, 0.151979804039, 0.103642612696, 0.0888202190399, 0.102872662246, 0.131676450372, 0.142407551408, 0.12105076015, 0.0907442346215, 0.0719227790833, 0.0716581195593, 0.0947476401925, 0.0970193296671, 0.0933617427945, 0.105390399694, 0.113091275096, 0.104720309377, 0.103108517826, 0.0849658548832, 0.0849490240216, 0.103292874992]
        dmean2: [0.191196158528, 0.194332957268, 0.13460958004, 0.093425296247, 0.134686052799, 0.173999026418, 0.222508713603, 0.253354460001, 0.280195474625, 0.26085665822, 0.220120474696, 0.260931432247, 0.294582426548, 0.317349344492, 0.266548663378, 0.235033884645, 0.26077952981, 0.177318781614, 0.152944862843, 0.178066805005, 0.207605808973, 0.226726770401, 0.205509036779, 0.163133859634, 0.124699868262, 0.125660374761, 0.157961428165, 0.162108629942, 0.149912133813, 0.173419296741, 0.183236420155, 0.171673759818, 0.164939180017, 0.132107034326, 0.141191750765, 0.181030914187]
        dvar: [0.026719616726, 0.0340522564948, 0.0168767217547, 0.00641263462603, 0.019079009071, 0.024886123836, 0.027015293017, 0.030611211434, 0.0484122782946, 0.0483002997935, 0.0268122758716, 0.0433699265122, 0.0520566478372, 0.0533043369651, 0.0340480804443, 0.0441378094256, 0.0339151844382, 0.0290796440095, 0.0308953952044, 0.0330681763589, 0.0347445830703, 0.0317886769772, 0.0298126284033, 0.0263242833316, 0.0155246490613, 0.0206364616752, 0.0224140863866, 0.021339232102, 0.0229525603354, 0.0226698368788, 0.0179634075612, 0.0209645964205, 0.0264056175947, 0.018198210746, 0.0203145183623, 0.0301825627685]
        dvar2: [0.065140530467, 0.098171107471, 0.0429845489562, 0.014572779648, 0.0469054877758, 0.066266939044, 0.0765973478556, 0.0935712978244, 0.132382914424, 0.120446883142, 0.0667334422469, 0.120002508163, 0.150000795722, 0.151681050658, 0.0978758856654, 0.110794015229, 0.0971170067787, 0.0762735158205, 0.0895059257746, 0.0944687500596, 0.0851535797119, 0.0786394476891, 0.083096191287, 0.0736975595355, 0.0430374443531, 0.0578672960401, 0.059093631804, 0.0589076317847, 0.05294842273, 0.054502915591, 0.0415747202933, 0.0584681406617, 0.0568380728364, 0.0364481210709, 0.0522015877068, 0.0870261490345]
        max: [1, 1, 1, 0.612030804157, 1, 1, 1, 1, 1, 1, 1, 1, 1, 1, 1, 1, 1, 1, 1, 0.970061838627, 1, 1, 0.978153765202, 1, 0.650745153427, 1, 1, 1, 1, 1, 1, 1, 1, 1, 0.987410485744, 1]
        mean: [0.207672536373, 0.159095883369, 0.108978368342, 0.0886877551675, 0.109392412007, 0.170111298561, 0.183392554522, 0.200652346015, 0.367630332708, 0.374684900045, 0.192645162344, 0.154058516026, 0.167893379927, 0.187101811171, 0.338402926922, 0.416468352079, 0.240045726299, 0.0983576625586, 0.0804060101509, 0.10778310895, 0.211632654071, 0.230825558305, 0.132825061679, 0.0773751363158, 0.0619797930121, 0.0772424265742, 0.126377806067, 0.13331232965, 0.126201763749, 0.191405668855, 0.199744284153, 0.137791886926, 0.132829174399, 0.114942267537, 0.0894086658955, 0.157561570406]
        min: [0.00461314199492, 0.00551831861958, 0.00220621423796, 0.0038689924404, 0.00618086662143, 0.00908250361681, 0.00666912738234, 0.00603770418093, 0.00655182031915, 0.00590882683173, 0.00216579507105, 0.00464984728023, 0.00640885997564, 0.0078484211117, 0.00780466059223, 0.00791585538536, 0.0054697599262, 0.00401252880692, 0.00260346452706, 0.00187542522326, 0.00575092621148, 0.00758663378656, 0.00325270625763, 0.00245580123737, 0.00301786791533, 0.00332901440561, 0.00560419540852, 0.00476582534611, 0.00376371620223, 0.0035655030515, 0.00217694789171, 0.0062996246852, 0.00220948667265, 0.00245701032691, 0.00459575746208, 0.00628194399178]
        var: [0.0685267522931, 0.037052270025, 0.0205890331417, 0.0108569134027, 0.0263856071979, 0.0453066490591, 0.0375834777951, 0.0383915826678, 0.126744106412, 0.152685821056, 0.048821426928, 0.0461623109877, 0.0472735129297, 0.0512376353145, 0.0945859923959, 0.162342995405, 0.0590428821743, 0.0270366799086, 0.0238338578492, 0.0255747903138, 0.0602775625885, 0.0672222450376, 0.0321884118021, 0.018304778263, 0.0109018217772, 0.0151846464723, 0.0346915237606, 0.0357172936201, 0.0361721105874, 0.0545019246638, 0.0468259491026, 0.0265196561813, 0.0400799438357, 0.0312072783709, 0.019902003929, 0.0478284694254]
    chords_histogram: [4.62962961197, 2.77777767181, 25, 0, 0, 0, 0, 0, 3.24074077606, 0, 0, 0, 0.925925910473, 0, 0, 0, 0, 0, 0, 20.8333339691, 0, 0, 42.5925941467, 0]
    thpcp: [1, 0.576384067535, 0.23617079854, 0.193066313863, 0.258802652359, 0.508160233498, 0.554245114326, 0.318931937218, 0.185788750648, 0.148822337389, 0.185470104218, 0.303451150656, 0.320101946592, 0.303028464317, 0.459592342377, 0.479614555836, 0.330857992172, 0.318941831589, 0.275992810726, 0.214682981372, 0.378327846527, 0.49865141511, 0.382011950016, 0.261672616005, 0.212951973081, 0.262666791677, 0.408461511135, 0.440351724625, 0.481794953346, 0.882732927799, 0.899671971798, 0.462568551302, 0.369916498661, 0.403135985136, 0.449258178473, 0.81255376339]
    chords_key: "C"
    chords_scale: "major"
    key_key: "G"
    key_scale: "major"
    chords_progression: ["C", "C", "C", "C", "C", "C", "C", "C", "C", "C", "C", "C", "C", "C", "C", "C", "C", "C", "C", "C", "C", "C", "C", "C", "C", "C", "C", "C", "C", "C", "C", "C", "C", "C", "C", "C", "C", "C", "C", "C", "C", "C", "C", "C", "C", "C", "C", "C", "C", "C", "C", "C", "C", "C", "C", "C", "C", "C", "C", "C", "C", "C", "C", "C", "C", "C", "C", "C", "C", "C", "C", "C", "C", "C", "C", "C", "C", "C", "C", "C", "C", "C", "C", "C", "C", "C", "C", "C", "C", "C", "C", "C", "B", "B", "B", "B", "B", "B", "B", "Bm", "Bm", "Bm", "Bm", "Bm", "Bm", "D", "D", "D", "D", "D", "D", "D", "D", "D", "D", "D", "D", "D", "D", "D", "D", "D", "D", "D", "D", "D", "D", "D", "D", "D", "D", "D", "D", "D", "D", "D", "D", "D", "D", "D", "D", "D", "D", "D", "D", "D", "D", "D", "D", "D", "D", "D", "D", "Dm", "Dm", "Dm", "Dm", "Dm", "Dm", "Dm", "Dm", "Dm", "Dm", "Dm", "Dm", "Dm", "Dm", "Dm", "Dm", "Dm", "Dm", "Dm", "Dm", "Dm", "Dm", "Dm", "Dm", "Dm", "Dm", "Dm", "Dm", "Dm", "Dm", "Dm", "Dm", "Dm", "Dm", "Dm", "Dm", "Dm", "Dm", "Dm", "Dm", "Dm", "Dm", "Dm", "Dm", "Dm", "D", "D", "D", "G", "G", "G", "G", "G", "D", "D", "D", "C#", "C#", "G", "G", "G", "G", "G"]
