
metadata:
    version:
        essentia: "1.2.2"
    audio_properties:
        analysis_sample_rate: 44100
        bitrate: 128
        channels: 2
        equal_loudness: 1
        length: 10.0571432114
        replay_gain: 1.01437568665
        downmix: "mix"
    tags:
        track: 16
        year: 0
        album: "Splitted by Mp3Splt v. 2.1"
        artist: "From 002.30 To 002.40"
        comment: "http://mp3splt.sf.net"
        genre: ""
        title: "09 Passage of Time.mp3"

highlevel:
    ballroom:
        all:
            ChaChaCha: 0.000787976139691
            Jive: 0.000501217728015
            Quickstep: 0.00113810936455
            Rumba-American: 0.00234717084095
            Rumba-International: 0.0406471304595
            Rumba-Misc: 0.0517405606806
            Samba: 0.000548967625946
            Tango: 0.0247051455081
            VienneseWaltz: 0.0328874401748
            Waltz: 0.84469628334
        probability: 0.84469628334
        value: "Waltz"
    culture:
        all:
            non_western: 0.0220361053944
            western: 0.977963864803
        probability: 0.977963864803
        value: "western"
    gender:
        all:
            female: 0.735622823238
            male: 0.264377146959
        probability: 0.735622823238
        value: "female"
    genre_dortmund:
        all:
            alternative: 0.442654907703
            blues: 0.00472659850493
            electronic: 0.209658995271
            folkcountry: 0.0949492156506
            funksoulrnb: 0.00458445027471
            jazz: 0.0614183843136
            pop: 0.130662947893
            raphiphop: 0.0021707827691
            rock: 0.0491737276316
        probability: 0.442654907703
        value: "alternative"
    genre_electronica:
        all:
            ambient: 0.996640086174
            dnb: 0.000341675709933
            house: 0.000552310084458
            techno: 0.000385429855669
            trance: 0.00208050827496
        probability: 0.996640086174
        value: "ambient"
    genre_rosamerica:
        all:
            cla: 0.572746634483
            dan: 0.0164158362895
            hip: 0.0101569937542
            jaz: 0.189111143351
            pop: 0.0111815808341
            rhy: 0.0182604826987
            roc: 0.176616802812
            spe: 0.00551050761715
        probability: 0.572746634483
        value: "cla"
    genre_tzanetakis:
        all:
            blu: 0.0415892004967
            cla: 0.649419009686
            cou: 0.0333154089749
            dis: 0.0188819020987
            hip: 0.00961585622281
            jaz: 0.151678368449
            met: 0.0134852966294
            pop: 0.0150567339733
            reg: 0.0213249083608
            roc: 0.0456332787871
        probability: 0.649419009686
        value: "cla"
    live_studio:
        all:
            live: 0.522578597069
            studio: 0.477421432734
        probability: 0.522578597069
        value: "live"
    mood:
        all:
            Cluster1: 0.115057237446
            Cluster2: 0.0142001835629
            Cluster3: 0.857865989208
            Cluster4: 0.00475435517728
            Cluster5: 0.00812223553658
        probability: 0.857865989208
        value: "Cluster3"
    mood_acoustic:
        all:
            acoustic: 0.552170395851
            not_acoustic: 0.447829574347
        probability: 0.552170395851
        value: "acoustic"
    mood_aggressive:
        all:
            aggressive: 1.42516807955e-06
            not_aggressive: 0.999998569489
        probability: 0.999998569489
        value: "not_aggressive"
    mood_electronic:
        all:
            electronic: 0.250745564699
            not_electronic: 0.749254405499
        probability: 0.749254405499
        value: "not_electronic"
    mood_happy:
        all:
            happy: 0.0229481775314
            not_happy: 0.977051794529
        probability: 0.977051794529
        value: "not_happy"
    mood_party:
        all:
            not_party: 0.994234681129
            party: 0.00576534448192
        probability: 0.994234681129
        value: "not_party"
    mood_relaxed:
        all:
            not_relaxed: 0.0247341748327
            relaxed: 0.975265800953
        probability: 0.975265800953
        value: "relaxed"
    mood_sad:
        all:
            not_sad: 0.0310923270881
            sad: 0.968907654285
        probability: 0.968907654285
        value: "sad"
    rhythm:
        all:
            fast: 0.0249205138534
            medium: 0.249191880226
            slow: 0.725887596607
        probability: 0.725887596607
        value: "slow"
    speech_music:
        all:
            music: 0.965229868889
            speech: 0.0347701236606
        probability: 0.965229868889
        value: "music"
    timbre:
        all:
            bright: 0.098397500813
            dark: 0.901602506638
        probability: 0.901602506638
        value: "dark"
    voice_instrumental:
        all:
            instrumental: 0.999997317791
            voice: 2.70931150226e-06
        probability: 0.999997317791
        value: "instrumental"

lowlevel:
    average_loudness: 0.269810318947
    barkbands_kurtosis:
        dmean: 2.26670718193
        dmean2: 3.27707314491
        dvar: 8.46964168549
        dvar2: 20.2408256531
        max: 63.313079834
        mean: 9.82031726837
        min: 1.39668941498
        var: 45.7957839966
    barkbands_skewness:
        dmean: 0.276854068041
        dmean2: 0.38479745388
        dvar: 0.0887756049633
        dvar2: 0.20822301507
        max: 6.26181221008
        mean: 2.14423537254
        min: 0.760074019432
        var: 0.706920981407
    barkbands_spread:
        dmean: 0.636057674885
        dmean2: 0.882709681988
        dvar: 0.830321133137
        dvar2: 1.40935707092
        max: 20.7442131042
        mean: 4.03646612167
        min: 0.895101487637
        var: 6.15603208542
    dissonance:
        dmean: 0.0334402061999
        dmean2: 0.0543835535645
        dvar: 0.00090344180353
        dvar2: 0.00208283076063
        max: 0.497744500637
        mean: 0.414673030376
        min: 0.00576608814299
        var: 0.00211662356742
    hfc:
        dmean: 0.107680253685
        dmean2: 0.142764016986
        dvar: 0.0441829226911
        dvar2: 0.0845636874437
        max: 4.33931255341
        mean: 0.723270535469
        min: 3.61189959222e-05
        var: 1.1827082634
    pitch:
        dmean: 22.6336479187
        dmean2: 41.6000480652
        dvar: 2270.21435547
        dvar2: 4570.75390625
        max: 558.227844238
        mean: 174.703109741
        min: 54.714641571
        var: 5249.77441406
    pitch_instantaneous_confidence:
        dmean: 0.0488347262144
        dmean2: 0.0696217343211
        dvar: 0.00175277981907
        dvar2: 0.00410918565467
        max: 0.810360908508
        mean: 0.469692051411
        min: 0.0724624991417
        var: 0.0163589455187
    pitch_salience:
        dmean: 0.0371344275773
        dmean2: 0.0528276413679
        dvar: 0.00113697897177
        dvar2: 0.00214836210944
        max: 0.862421512604
        mean: 0.541000127792
        min: 0.205362021923
        var: 0.0088371457532
    silence_rate_20dB:
        dmean: 0
        dmean2: 0
        dvar: 0
        dvar2: 0
        max: 1
        mean: 1
        min: 1
        var: 0
    silence_rate_30dB:
        dmean: 0
        dmean2: 0
        dvar: 0
        dvar2: 0
        max: 1
        mean: 1
        min: 1
        var: 0
    silence_rate_60dB:
        dmean: 0.0230946876109
        dmean2: 0.0462962947786
        dvar: 0.0225611068308
        dvar2: 0.0487830080092
        max: 1
        mean: 0.751152098179
        min: 0
        var: 0.186923995614
    spectral_centroid:
        dmean: 18.9278659821
        dmean2: 24.0020160675
        dvar: 574.253234863
        dvar2: 970.252929688
        max: 681.610900879
        mean: 291.216278076
        min: 160.704391479
        var: 8251.82714844
    spectral_complexity:
        dmean: 0.619489550591
        dmean2: 1.04418599606
        dvar: 0.76008105278
        dvar2: 1.91665446758
        max: 13
        mean: 4.12037038803
        min: 0
        var: 7.71692752838
    spectral_crest:
        dmean: 1.22452294827
        dmean2: 1.55137586594
        dvar: 1.5071208477
        dvar2: 2.40214705467
        max: 24.2045917511
        mean: 12.8315019608
        min: 4.49261474609
        var: 16.2377338409
    spectral_decrease:
        dmean: 7.92001048078e-11
        dmean2: 8.03668867566e-11
        dvar: 2.08553299681e-20
        dvar2: 2.18387378565e-20
        max: -1.55811812291e-14
        mean: -5.35713085004e-10
        min: -3.27703220115e-09
        var: 6.01862610753e-19
    spectral_energy:
        dmean: 0.000307511945721
        dmean2: 0.000314553471981
        dvar: 3.14754686315e-07
        dvar2: 3.36122496947e-07
        max: 0.0127497855574
        mean: 0.00208750553429
        min: 6.20831315246e-08
        var: 9.14240354177e-06
    spectral_energyband_high:
        dmean: 1.55944263724e-07
        dmean2: 2.56611087934e-07
        dvar: 1.07194248866e-13
        dvar2: 3.0039200836e-13
        max: 4.55801136923e-06
        mean: 5.56963016152e-07
        min: 1.35227073983e-09
        var: 8.33428053133e-13
    spectral_energyband_low:
        dmean: 2.95653371722e-05
        dmean2: 2.66801853286e-05
        dvar: 1.33062505459e-09
        dvar2: 1.13889975228e-09
        max: 0.000825825438369
        mean: 0.00015884032473
        min: 1.98129654905e-08
        var: 2.08037622684e-08
    spectral_energyband_middle_high:
        dmean: 3.10933501169e-05
        dmean2: 4.91239261464e-05
        dvar: 4.70060523838e-09
        dvar2: 1.03823252218e-08
        max: 0.000941893842537
        mean: 0.000114837559522
        min: 6.3995413413e-09
        var: 3.88783760741e-08
    spectral_energyband_middle_low:
        dmean: 0.000299942912534
        dmean2: 0.000302204629406
        dvar: 3.13538976116e-07
        dvar2: 3.24193734969e-07
        max: 0.0120795797557
        mean: 0.00181326479651
        min: 3.07374499187e-08
        var: 8.18379521661e-06
    spectral_flatness_db:
        dmean: 0.0100835971534
        dmean2: 0.014320159331
        dvar: 0.000120223499835
        dvar2: 0.000210515587241
        max: 0.387174636126
        mean: 0.305969119072
        min: 0.0737216249108
        var: 0.00121344008949
    spectral_flux:
        dmean: 0.00205122679472
        dmean2: 0.00332431541756
        dvar: 2.65585149464e-05
        dvar2: 3.86070933018e-05
        max: 0.108931988478
        mean: 0.00953569822013
        min: 0.00176175870001
        var: 9.17919969652e-05
    spectral_kurtosis:
        dmean: 9.5327911377
        dmean2: 16.5866413116
        dvar: 56.3145675659
        dvar2: 164.550521851
        max: 91.4141540527
        mean: 44.091091156
        min: 1.3674120903
        var: 249.617660522
    spectral_rms:
        dmean: 8.30789576867e-05
        dmean2: 8.97883219295e-05
        dvar: 1.30821380395e-08
        dvar2: 1.3631341389e-08
        max: 0.00352687039413
        mean: 0.00114128389396
        min: 7.78260346124e-06
        var: 7.3406113188e-07
    spectral_rolloff:
        dmean: 39.9188613892
        dmean2: 66.2521591187
        dvar: 5064.72607422
        dvar2: 10919.5771484
        max: 968.994140625
        mean: 407.186126709
        min: 215.33203125
        var: 20266.0800781
    spectral_skewness:
        dmean: 0.561127781868
        dmean2: 0.980525791645
        dvar: 0.20644775033
        dvar2: 0.624973714352
        max: 7.87248468399
        mean: 5.15040588379
        min: 1.56660687923
        var: 1.45883846283
    spectral_spread:
        dmean: 238064.75
        dmean2: 349619.4375
        dvar: 1.15186584781e+12
        dvar2: 1.0274350039e+12
        max: 32209902
        mean: 1654148
        min: 1080974.5
        var: 3.07158790963e+12
    spectral_strongpeak:
        dmean: 0.0475298725069
        dmean2: 0.0740492120385
        dvar: 0.00715324282646
        dvar2: 0.0184115152806
        max: 1.058396101
        mean: 0.183312028646
        min: 0
        var: 0.0336416326463
    zerocrossingrate:
        dmean: 0.0019712515641
        dmean2: 0.00247433688492
        dvar: 4.04670981879e-06
        dvar2: 5.6549852161e-06
        max: 0.041015625
        mean: 0.0166456438601
        min: 0.001953125
        var: 4.363910557e-05
    barkbands:
        dmean: [5.53545831394e-08, 7.45014040149e-06, 2.32750971918e-05, 1.27396961034e-05, 0.000238718334003, 4.40815019829e-05, 7.69832622609e-05, 2.77727431239e-05, 4.84074516862e-05, 8.38012692839e-06, 2.32658894674e-05, 4.21418599217e-06, 2.41123348133e-06, 3.83118731406e-06, 9.0727899078e-06, 5.49889864487e-06, 2.24382733904e-06, 4.4686066758e-06, 1.6932822291e-06, 5.15898193498e-07, 8.07405982073e-08, 1.29704984531e-08, 2.15175655072e-09, 1.19629262052e-09, 9.85930781461e-10, 6.49643838724e-10, 6.71490640869e-10]
        dmean2: [8.85887772029e-08, 8.03832335805e-06, 2.21771824727e-05, 1.62955875567e-05, 0.000202137976885, 4.8346890253e-05, 9.25558706513e-05, 4.79794980492e-05, 7.89643963799e-05, 1.39650619531e-05, 3.47882669303e-05, 6.75334968037e-06, 4.06231401939e-06, 6.36744653093e-06, 1.64338471222e-05, 9.3680810096e-06, 3.81482823286e-06, 6.15661292613e-06, 2.60821116171e-06, 8.55199516536e-07, 1.35935337653e-07, 2.11739923373e-08, 3.43787776025e-09, 1.92886351336e-09, 1.53962043115e-09, 1.0102138015e-09, 1.04305997173e-09]
        dvar: [2.78679721443e-13, 1.1353208651e-10, 7.6906897517e-10, 2.74918254828e-10, 2.06583692375e-07, 7.03728453288e-09, 3.01708737993e-08, 4.17764356442e-09, 1.2640011704e-08, 4.08600736579e-10, 2.79356959787e-09, 1.05197107969e-10, 2.73085911523e-11, 7.17333623057e-11, 5.64654101254e-10, 1.71435310392e-10, 3.06371178427e-11, 1.39204939242e-10, 1.53261084379e-11, 1.54352886809e-12, 3.86956464863e-14, 8.25860299946e-16, 9.16253670844e-17, 7.2773960629e-17, 6.84092726437e-17, 6.48931263831e-17, 7.4203752244e-17]
        dvar2: [6.99032520236e-13, 1.31589697472e-10, 6.81500578192e-10, 4.49397685731e-10, 1.38382375781e-07, 6.92396584512e-09, 4.69459351393e-08, 1.34433006949e-08, 3.12722150397e-08, 1.03304143018e-09, 5.69881430934e-09, 2.49300108335e-10, 6.44339026579e-11, 1.91143559314e-10, 1.65581226508e-09, 4.83368789439e-10, 8.72299038557e-11, 2.82851825295e-10, 3.97864241553e-11, 4.6008310009e-12, 9.72668600936e-14, 2.36311964361e-15, 2.31390025311e-16, 1.82005331039e-16, 1.71385033423e-16, 1.62710145493e-16, 1.86087553388e-16]
        max: [7.78661160439e-06, 0.000244063237915, 0.000581761880312, 0.000367363711121, 0.0102169457823, 0.00162733986508, 0.00274592079222, 0.000585096888244, 0.0012331494363, 0.000228415781748, 0.000567160663195, 0.000111837594886, 7.61843257351e-05, 7.67256351537e-05, 0.000195861211978, 0.000153716027853, 4.58266731584e-05, 0.000162655560416, 4.34280409536e-05, 1.41808131957e-05, 2.29832062359e-06, 3.09016485289e-07, 1.3692122991e-07, 1.26014555235e-07, 1.22244472323e-07, 1.18724678089e-07, 1.26896225083e-07]
        mean: [6.76726301663e-08, 3.39960133715e-05, 0.000124786311062, 5.15206193086e-05, 0.00120818347204, 0.000172017709701, 0.000253092817729, 4.08706546295e-05, 8.52544908412e-05, 1.44374480442e-05, 4.30150575994e-05, 6.67956010147e-06, 4.46346439276e-06, 7.07269828126e-06, 1.5160077055e-05, 8.85829922481e-06, 4.09378299082e-06, 9.25785661821e-06, 3.18441880154e-06, 1.21269272313e-06, 2.34886826433e-07, 3.73079984683e-08, 5.75864511632e-09, 3.1776485887e-09, 2.25582308389e-09, 5.16769460557e-10, 3.93452603831e-10]
        min: [5.37067057493e-10, 1.03226254211e-08, 5.79976067172e-09, 4.68669725251e-09, 7.22366122474e-09, 4.18844692263e-09, 5.05574471177e-09, 5.53896928324e-09, 3.88800458495e-09, 7.0405392627e-10, 1.48260426158e-09, 1.2697483065e-09, 9.92049109527e-10, 2.27162233468e-10, 6.62534915818e-10, 3.60686425172e-10, 2.27036667244e-10, 1.22960294724e-10, 3.3842223468e-10, 3.15733300615e-10, 2.40257952422e-10, 1.90016918866e-10, 1.69196365252e-10, 1.58647359139e-10, 1.52405338349e-10, 4.48030813838e-11, 1.47094142422e-11]
        var: [1.43783354905e-13, 1.57299084869e-09, 1.171352082e-08, 2.77267653281e-09, 4.66857181891e-06, 6.17888460397e-08, 2.54964078295e-07, 6.68107125179e-09, 3.02003826391e-08, 8.24024626311e-10, 7.8020452321e-09, 1.95106597545e-10, 6.16114589902e-11, 1.72676511978e-10, 1.00740893405e-09, 3.15263759543e-10, 6.86846413078e-11, 5.22442977768e-10, 4.21753326707e-11, 5.1335502689e-12, 1.82426570052e-13, 3.67978513803e-15, 1.00540057982e-16, 4.68943611595e-17, 3.75770516792e-17, 3.2483048474e-17, 3.71593221612e-17]
    mfcc:
        mean: [-951.904785156, 246.863357544, -17.3969688416, 38.9545402527, -0.932442426682, -3.72231578827, -2.39320254326, -14.8657722473, -7.39842939377, -10.5162858963, -6.6615228653, -5.22808456421, -4.4607000351]
        cov: [[7686.484375, -276.673278809, -2495.44799805, 406.164276123, -433.697723389, -1010.3314209, -445.487213135, 225.889480591, 76.5329818726, -82.6073608398, -426.189697266, -732.948608398, -405.018280029], [-276.673278809, 133.855865479, 169.02482605, 3.26721477509, 37.1896057129, 68.5803604126, 33.9688644409, -9.6331243515, 11.464972496, 15.6865825653, 23.220872879, 34.151714325, 22.1559314728], [-2495.44799805, 169.02482605, 969.90020752, -112.637145996, 156.737182617, 377.040588379, 167.010955811, -75.456993103, -2.79986858368, 50.6018218994, 146.972045898, 248.985733032, 141.583892822], [406.164276123, 3.26721477509, -112.637145996, 72.7413406372, 3.85296678543, -45.0590667725, -8.39696979523, 26.2109584808, 13.4627275467, 2.44660568237, -16.5390605927, -37.0018997192, -21.5795707703], [-433.697723389, 37.1896057129, 156.737182617, 3.85296678543, 80.1852722168, 83.6633377075, 42.942199707, 5.27742290497, 7.43643188477, 13.3541231155, 26.7270679474, 40.6449661255, 25.4781494141], [-1010.3314209, 68.5803604126, 377.040588379, -45.0590667725, 83.6633377075, 194.493209839, 89.2686462402, -23.0958366394, 4.16670227051, 28.5792732239, 64.6302947998, 101.4634552, 61.1043815613], [-445.487213135, 33.9688644409, 167.010955811, -8.39696979523, 42.942199707, 89.2686462402, 71.3217926025, 14.6497621536, 10.9308986664, 18.7533226013, 33.4258460999, 45.3197364807, 26.4892978668], [225.889480591, -9.6331243515, -75.456993103, 26.2109584808, 5.27742290497, -23.0958366394, 14.6497621536, 69.4127883911, 34.3615837097, 9.47905063629, -6.27190828323, -26.846824646, -17.1333961487], [76.5329818726, 11.464972496, -2.79986858368, 13.4627275467, 7.43643188477, 4.16670227051, 10.9308986664, 34.3615837097, 50.3426475525, 26.1948280334, -1.45662641525, -9.79734134674, -1.03348255157], [-82.6073608398, 15.6865825653, 50.6018218994, 2.44660568237, 13.3541231155, 28.5792732239, 18.7533226013, 9.47905063629, 26.1948280334, 45.188747406, 18.5408000946, 9.4758939743, 12.9268684387], [-426.189697266, 23.220872879, 146.972045898, -16.5390605927, 26.7270679474, 64.6302947998, 33.4258460999, -6.27190828323, -1.45662641525, 18.5408000946, 62.6058006287, 62.8303527832, 29.8935871124], [-732.948608398, 34.151714325, 248.985733032, -37.0018997192, 40.6449661255, 101.4634552, 45.3197364807, -26.846824646, -9.79734134674, 9.4758939743, 62.8303527832, 106.171234131, 55.3746185303], [-405.018280029, 22.1559314728, 141.583892822, -21.5795707703, 25.4781494141, 61.1043815613, 26.4892978668, -17.1333961487, -1.03348255157, 12.9268684387, 29.8935871124, 55.3746185303, 58.7836532593]]
        icov: [[0.00155766145326, -0.00169327540789, 0.00298515846953, -0.00292270863429, 0.00240940856747, -0.000464151904453, 0.00132330181077, -0.000475899752928, -0.000420460302848, -0.0010234619258, 0.000660449499264, 0.00175676005892, 3.76995922124e-05], [-0.00169327540789, 0.0127719892189, -0.00547840027139, -0.000514524057508, -0.00326209049672, 0.000494175241329, -0.00277482299134, 0.00375741836615, -0.00314078503288, 0.00229888828471, -0.00210936041549, 0.000760958821047, -0.000433477835031], [0.00298515846953, -0.00547840027139, 0.011819075793, -0.00357623421587, 0.00386744900607, -0.00770810851827, 0.00158952642232, 0.00111807137728, -0.00201385142282, -0.00228819763288, 0.0024349775631, -0.0029441411607, 0.000801439047791], [-0.00292270863429, -0.000514524057508, -0.00357623421587, 0.0304910801351, -0.0158300623298, 0.0109100798145, -0.0094836819917, 0.00200157985091, -0.00204696832225, 0.000737086462323, -0.00398069806397, 0.000418861221988, 0.00167235650588], [0.00240940856747, -0.00326209049672, 0.00386744900607, -0.0158300623298, 0.0342170223594, -0.0176231805235, 0.00773083604872, -0.010102879256, 0.00401691906154, -0.00150999391917, 0.00430939067155, -9.65141225606e-06, -0.00201547518373], [-0.000464151904453, 0.000494175241329, -0.00770810851827, 0.0109100798145, -0.0176231805235, 0.0425353683531, -0.0270338654518, 0.0139531716704, -0.00657178508118, -0.000777302775532, -0.00500338431448, 0.00264164642431, -0.00102975731716], [0.00132330181077, -0.00277482299134, 0.00158952642232, -0.0094836819917, 0.00773083604872, -0.0270338654518, 0.0550870262086, -0.027126967907, 0.0120408972725, -0.00750238914043, 0.00360976951197, -0.0043213670142, -0.00102965568658], [-0.000475899752928, 0.00375741836615, 0.00111807137728, 0.00200157985091, -0.010102879256, 0.0139531716704, -0.027126967907, 0.0439278073609, -0.0291635170579, 0.0119336117059, -0.0124556357041, 0.00874150730669, 0.00321154738776], [-0.000420460302848, -0.00314078503288, -0.00201385142282, -0.00204696832225, 0.00401691906154, -0.00657178508118, 0.0120408972725, -0.0291635170579, 0.0527386628091, -0.0283689703792, 0.0149450171739, -0.00689907651395, -0.000385390827432], [-0.0010234619258, 0.00229888828471, -0.00228819763288, 0.000737086462323, -0.00150999391917, -0.000777302775532, -0.00750238914043, 0.0119336117059, -0.0283689703792, 0.0485993102193, -0.0233317874372, 0.0169669985771, -0.00911882985383], [0.000660449499264, -0.00210936041549, 0.0024349775631, -0.00398069806397, 0.00430939067155, -0.00500338431448, 0.00360976951197, -0.0124556357041, 0.0149450171739, -0.0233317874372, 0.054717887193, -0.0365681611001, 0.00811051484197], [0.00175676005892, 0.000760958821047, -0.0029441411607, 0.000418861221988, -9.65141225606e-06, 0.00264164642431, -0.0043213670142, 0.00874150730669, -0.00689907651395, 0.0169669985771, -0.0365681611001, 0.0606058500707, -0.0215318240225], [3.76995922124e-05, -0.000433477835031, 0.000801439047791, 0.00167235650588, -0.00201547518373, -0.00102975731716, -0.00102965568658, 0.00321154738776, -0.000385390827432, -0.00911882985383, 0.00811051484197, -0.0215318240225, 0.0376194305718]]
    spectral_contrast:
        mean: [-1.26146787238e-07, 9.15369380294e-09, 3.2478149592e-07, -2.67582773716e-08, -1.15552989399e-08, -5.25679837438e-08, -1.8555394945e-06, 1.07619496248e-06, 8.81376081452e-07, -1.36773348913e-06, -3.2561797525e-07, 9.75750140242e-07]
        var: [9.08584843273e-05, 0.000289649731712, 0.000457646907307, 0.0010763524333, 0.00159135833383, 0.00319936289452, 0.0268185213208, 0.0414125956595, 0.0537424050272, 0.099826619029, 0.198853269219, 2.15790939331]

rhythm:
    beats_loudness:
        dmean: 0.00107182690408
        dmean2: 0.0018570657121
        dvar: 5.14830071552e-06
        dvar2: 9.71064127953e-06
        max: 0.0109546631575
        mean: 0.00281763728708
        min: 0.000251111661782
        var: 1.51447093231e-05
    beats_loudness_bass:
        dmean: 0.152393937111
        dmean2: 0.221214666963
        dvar: 0.0192952919751
        dvar2: 0.0326583832502
        max: 0.665862858295
        mean: 0.297314912081
        min: 0.000283644592855
        var: 0.057537522167
    bpm: 137.791320801
    bpm_confidence: 0
    first_peak_bpm: 140
    first_peak_spread: 0
    first_peak_weight: 0.565217375755
    onset_rate: 0.596590936184
    second_peak_bpm: 150
    second_peak_spread: 0
    second_peak_weight: 0.391304343939
    beats_position: [0.125392124057, 0.555493175983, 0.985594272614, 1.41569530964, 1.84579646587, 2.2758975029, 2.70599842072, 3.13609933853, 3.56620025635, 3.99630141258, 4.42640209198, 4.8565030098, 5.28660440445, 5.71670532227, 6.08517837524, 6.48413610458, 6.88309431076, 7.2820520401, 7.68100976944, 8.07996749878, 8.47892570496, 8.87788295746, 9.27684116364, 9.67579936981]
    bpm_estimates: [137.97857666, 139.294921875, 136.100448608]
    bpm_intervals: [0.430101037025, 0.43010109663, 0.430101037025, 0.430101156235, 0.430101037025, 0.430100917816, 0.430100917816, 0.430100917816, 0.430101156235, 0.430100679398, 0.430100917816, 0.430101394653, 0.430100917816, 0.368473052979, 0.39895772934, 0.398958206177, 0.39895772934, 0.39895772934, 0.39895772934, 0.398958206177, 0.398957252502, 0.398958206177, 0.398958206177]
    onset_times: [0.0464399084449, 0.673378705978, 1.50929701328, 1.70666670799, 9.67111110687, 10.0542402267]
    rubato_start: []
    rubato_stop: []
    perceptual_tempo: "unknown"

sfx:
    inharmonicity:
        dmean: 0.0156453493983
        dmean2: 0.0284390170127
        dvar: 0.000892677344382
        dvar2: 0.00253333663568
        max: 0.246305122972
        mean: 0.0141904959455
        min: 1.88978247024e-05
        var: 0.000620630744379
    oddtoevenharmonicenergyratio:
        dmean: 6.34499597549
        dmean2: 12.1633043289
        dvar: 1962.43591309
        dvar2: 5893.54003906
        max: 621.721191406
        mean: 5.09855699539
        min: 0.000116067349154
        var: 1021.64581299
    pitch_after_max_to_before_max_energy_ratio: 0.020165476948
    pitch_centroid: 208.775482178
    pitch_max_to_total: 0.997685194016
    pitch_min_to_total: 0.453703701496
    tristimulus:
        dmean: [0.153832063079, 0.155506432056, 0.0152923800051]
        dmean2: [0.274592906237, 0.2770421803, 0.0274942051619]
        dvar: [0.0433548763394, 0.0430625230074, 0.000551929755602]
        dvar2: [0.119886636734, 0.119015820324, 0.00157671095803]
        max: [0.978949725628, 0.978572368622, 0.220528915524]
        mean: [0.516921758652, 0.463330805302, 0.0158910378814]
        min: [0.0170905757695, 0, 0]
        var: [0.0679492354393, 0.0681939870119, 0.000489232654218]

tonal:
    chords_changes_rate: 0.0276497695595
    chords_number_rate: 0.0230414755642
    chords_strength:
        dmean: 0.00598555011675
        dmean2: 0.00487263128161
        dvar: 2.4757868232e-05
        dvar2: 1.49689531099e-05
        max: 0.558092653751
        mean: 0.489933371544
        min: 0.356278598309
        var: 0.00164676166605
    key_strength: 0.602513194084
    tuning_diatonic_strength: 0.401290118694
    tuning_equal_tempered_deviation: 0.131480395794
    tuning_frequency: 437.971466064
    tuning_nontempered_energy_ratio: 0.723569393158
    hpcp:
        dmean: [0.0447312034667, 0.0621124729514, 0.0144146466628, 0.00776536762714, 0.00573004549369, 0.0331493020058, 0.0621612034738, 0.0541791170835, 0.0124076968059, 0.00583370402455, 0.00682290457189, 0.0127866882831, 0.0133894905448, 0.00580821512267, 0.00161559146363, 0.00202929694206, 0.00587108638138, 0.0169119071215, 0.0322707034647, 0.0290947556496, 0.0424187965691, 0.0548571124673, 0.02660962753, 0.0048295953311, 0.00165348593146, 0.00302775111049, 0.0129444198683, 0.0239677354693, 0.0316679403186, 0.055816270411, 0.0458919331431, 0.0212377794087, 0.0628585889935, 0.0610689222813, 0.0741073191166, 0.115902334452]
        dmean2: [0.0661882087588, 0.0952910929918, 0.0272620674223, 0.0142743624747, 0.00985984504223, 0.0490520223975, 0.0918856039643, 0.0764029398561, 0.0198921728879, 0.00982014182955, 0.0115547059104, 0.0177874881774, 0.0175916403532, 0.00970396958292, 0.0028146575205, 0.003225564491, 0.00882259570062, 0.0242576748133, 0.0484747290611, 0.0453217737377, 0.0556379035115, 0.0690445750952, 0.0391940511763, 0.00788426678628, 0.00238872342743, 0.00452759070322, 0.0214453693479, 0.0413491763175, 0.0465772971511, 0.0690815076232, 0.0584770068526, 0.0333098545671, 0.0958521962166, 0.097145833075, 0.115338273346, 0.180229097605]
        dvar: [0.0141772115603, 0.00660835485905, 0.0035382732749, 0.00158109946642, 0.000363008060958, 0.00446979468688, 0.018635911867, 0.0112864021212, 0.000597442965955, 0.000111740642751, 0.000160875541042, 0.000277439743513, 0.000260209897533, 6.66013584123e-05, 1.88306403288e-05, 1.64978391695e-05, 7.74811487645e-05, 0.000795979867689, 0.0047590136528, 0.00232426333241, 0.00625333283097, 0.00887887272984, 0.00167443882674, 0.000193283616682, 1.45495287143e-05, 4.67205572932e-05, 0.000931204936933, 0.00376379303634, 0.00166044593789, 0.00823084358126, 0.00634358916432, 0.0032189253252, 0.0188844241202, 0.0308911595494, 0.00979469995946, 0.0282997507602]
        dvar2: [0.0275396592915, 0.0147578427568, 0.0108315106481, 0.00472304504365, 0.000967699976172, 0.0107186147943, 0.0383326858282, 0.0230814609677, 0.00155859882943, 0.000269178417511, 0.000440319301561, 0.000581683649216, 0.000513914332259, 0.000176636851393, 5.06837859575e-05, 4.48314458481e-05, 0.000176642468432, 0.0012989990646, 0.00896663870662, 0.00495497183874, 0.0129779307172, 0.017268422991, 0.00371082196943, 0.000249842269113, 3.3886062738e-05, 5.8572688431e-05, 0.00247148214839, 0.0109150428325, 0.00391122279689, 0.0142649142072, 0.0130423791707, 0.00512460945174, 0.04519674927, 0.0752045288682, 0.0222561433911, 0.066627189517]
        max: [1, 0.759106695652, 0.539886236191, 0.379894822836, 0.161075055599, 0.595816910267, 1, 0.997338652611, 0.171424269676, 0.0993717312813, 0.137547597289, 0.185038715601, 0.175614312291, 0.0895654559135, 0.0420616082847, 0.0291048660874, 0.0762718245387, 0.257148057222, 0.604414701462, 0.418352484703, 0.903302431107, 1, 0.541856884956, 0.207051262259, 0.0418526679277, 0.104819722474, 0.265279829502, 0.466601222754, 0.31121596694, 1, 1, 0.732477664948, 1, 1, 1, 1]
        mean: [0.65410643816, 0.251042991877, 0.0104244016111, 0.00677061406896, 0.00544716184959, 0.0687554106116, 0.182615712285, 0.127507418394, 0.0153098003939, 0.00885839480907, 0.0109823569655, 0.0306356139481, 0.0332823656499, 0.0101543441415, 0.00187983131036, 0.00337456562556, 0.00983566045761, 0.0275110621005, 0.0504599362612, 0.042822048068, 0.122713245451, 0.189625918865, 0.0841388180852, 0.00563469482586, 0.00242452300154, 0.00377538450994, 0.0161968953907, 0.0302713252604, 0.0744586735964, 0.217206299305, 0.180323064327, 0.0332436189055, 0.153394654393, 0.276378959417, 0.206588149071, 0.481013387442]
        min: [0.000940695113968, 0.000144063233165, 0.000208897297853, 0.000174843837158, 0.000120532160508, 0.000464527925942, 0.000965864339378, 0.000625065295026, 0.000322050909745, 0.000130588407046, 0.000188692400116, 0.000196727603907, 0.000197028319235, 0.000481777329696, 3.88928310713e-05, 0.000157356771524, 5.64573128941e-05, 0.000511247199029, 0.000130694475956, 0.000124969505123, 4.43714670837e-05, 8.75700352481e-05, 0.000250126147876, 7.58148598834e-05, 0.000188162797713, 0.000155684276251, 0.000153815868543, 8.76342091942e-05, 0.000197495435714, 9.2444337497e-05, 0.000140900781844, 0.000138782546856, 0.000105569066363, 8.02520517027e-05, 0.000764257740229, 0.000894214550499]
        var: [0.200533434749, 0.0382064208388, 0.00187933281995, 0.000822634028737, 0.000234017992625, 0.0131891556084, 0.0923424065113, 0.0481174476445, 0.000695844646543, 0.000286380614853, 0.000350123853423, 0.00115858356003, 0.00121037999634, 0.000121231896628, 1.45417952808e-05, 2.48847809416e-05, 0.00013487105025, 0.00166316132527, 0.0108095156029, 0.00506391841918, 0.0231279078871, 0.0506779514253, 0.00977601110935, 0.000222666552872, 2.42240093939e-05, 8.45853137434e-05, 0.00113949039951, 0.00469187367707, 0.00578724965453, 0.0811693444848, 0.0573898144066, 0.00359851261601, 0.06295042485, 0.177058771253, 0.0614469200373, 0.102224990726]
    chords_histogram: [52.5345611572, 0, 0, 26.2672805786, 4.60829496384, 0, 0, 0, 0, 0, 0, 0, 0, 0, 0, 0, 0, 2.7649769783, 0, 0, 0, 0, 0, 13.8248844147]
    thpcp: [1, 0.383795320988, 0.015936858952, 0.0103509360924, 0.00832763873041, 0.105113491416, 0.279183477163, 0.194933742285, 0.0234056711197, 0.0135427424684, 0.0167898628861, 0.0468358248472, 0.0508821867406, 0.0155239934102, 0.00287389196455, 0.00515904650092, 0.0150367887691, 0.0420590005815, 0.0771433115005, 0.0654664859176, 0.187604397535, 0.289900720119, 0.128631696105, 0.00861433893442, 0.00370661844499, 0.00577181996778, 0.0247618649155, 0.0462788976729, 0.113832660019, 0.332065671682, 0.275678485632, 0.0508229508996, 0.234510228038, 0.422529041767, 0.315832614899, 0.735374808311]
    chords_key: "A"
    chords_scale: "major"
    key_key: "A"
    key_scale: "major"
    chords_progression: ["G#m", "G#m", "G#m", "G#m", "G#m", "G#m", "G#m", "G#m", "G#m", "G#m", "G#m", "G#m", "G#m", "G#m", "G#m", "G#m", "G#m", "G#m", "G#m", "G#m", "G#m", "G#m", "G#m", "G#m", "G#m", "G#m", "G#m", "G#m", "G#m", "G#m", "G#m", "G#m", "G#m", "G#m", "G#m", "G#m", "G#m", "G#m", "G#m", "G#m", "G#m", "G#m", "G#m", "G#m", "G#m", "G#m", "G#m", "G#m", "G#m", "G#m", "G#m", "G#m", "G#m", "G#m", "G#m", "G#m", "G#m", "B", "B", "B", "B", "B", "B", "B", "B", "B", "B", "F#m", "F#m", "F#m", "F#m", "F#m", "F#m", "F#m", "F#m", "F#m", "F#m", "F#m", "F#m", "F#m", "F#m", "F#m", "F#m", "F#m", "F#m", "F#m", "F#m", "F#m", "F#m", "F#m", "F#m", "A", "A", "A", "A", "A", "A", "A", "A", "A", "A", "A", "A", "A", "A", "A", "A", "A", "A", "A", "A", "A", "A", "A", "A", "A", "A", "A", "A", "A", "A", "A", "A", "A", "A", "A", "A", "A", "A", "A", "A", "A", "A", "A", "A", "A", "A", "A", "A", "A", "A", "A", "A", "A", "A", "A", "A", "A", "A", "A", "A", "A", "A", "A", "A", "A", "A", "A", "A", "A", "A", "A", "A", "A", "A", "A", "A", "A", "A", "A", "A", "A", "A", "A", "A", "A", "A", "A", "A", "F#m", "F#m", "F#m", "F#m", "F#m", "F#m", "A", "A", "A", "A", "A", "A", "A", "A", "A", "A", "A", "A", "A", "A", "A", "A", "A", "A", "A", "A", "A", "A", "A", "A", "A", "A", "Am", "Am", "Am", "Am", "Am", "Am"]
