
metadata:
    version:
        essentia: "1.2.2"
    audio_properties:
        analysis_sample_rate: 44100
        bitrate: 128
        channels: 2
        equal_loudness: 1
        length: 9.97877597809
        replay_gain: -12.5037479401
        downmix: "mix"
    tags:
        track: 28
        year: 0
        album: "Splitted by Mp3Splt v. 2.1"
        artist: "From 004.30 To 004.40"
        comment: "http://mp3splt.sf.net"
        genre: ""
        title: "09 The Life.mp3"

highlevel:
    ballroom:
        all:
            ChaChaCha: 0.511144816875
            Jive: 0.165098145604
            Quickstep: 0.0365293174982
            Rumba-American: 0.00173248758074
            Rumba-International: 0.00430966727436
            Rumba-Misc: 0.00356321502477
            Samba: 0.273020088673
            Tango: 0.00163075444289
            VienneseWaltz: 0.00144283263944
            Waltz: 0.00152869394515
        probability: 0.511144816875
        value: "ChaChaCha"
    culture:
        all:
            non_western: 0.394069671631
            western: 0.605930328369
        probability: 0.605930328369
        value: "western"
    gender:
        all:
            female: 0.378046631813
            male: 0.621953368187
        probability: 0.621953368187
        value: "male"
    genre_dortmund:
        all:
            alternative: 0.000537011015695
            blues: 0.000221593640163
            electronic: 0.069967739284
            folkcountry: 0.000300118175801
            funksoulrnb: 0.00268303975463
            jazz: 0.00192571652588
            pop: 0.00294288434088
            raphiphop: 0.919279277325
            rock: 0.00214262376539
        probability: 0.919279277325
        value: "raphiphop"
    genre_electronica:
        all:
            ambient: 0.0772036164999
            dnb: 0.763886094093
            house: 0.107091836631
            techno: 0.0426254980266
            trance: 0.00919294077903
        probability: 0.763886094093
        value: "dnb"
    genre_rosamerica:
        all:
            cla: 0.00118286244106
            dan: 0.0135692553595
            hip: 0.965913712978
            jaz: 0.00071972765727
            pop: 0.00232008774765
            rhy: 0.00865377206355
            roc: 0.000900821993127
            spe: 0.00673975562677
        probability: 0.965913712978
        value: "hip"
    genre_tzanetakis:
        all:
            blu: 0.00131511967629
            cla: 0.00353453401476
            cou: 0.00225233566016
            dis: 0.0348990745842
            hip: 0.452721893787
            jaz: 0.00333230802789
            met: 0.00903553888202
            pop: 0.300232857466
            reg: 0.184364631772
            roc: 0.0083117140457
        probability: 0.452721893787
        value: "hip"
    live_studio:
        all:
            live: 0.191808342934
            studio: 0.808191657066
        probability: 0.808191657066
        value: "studio"
    mood:
        all:
            Cluster1: 0.0787119567394
            Cluster2: 0.520415961742
            Cluster3: 0.0211461745203
            Cluster4: 0.184895113111
            Cluster5: 0.19483076036
        probability: 0.520415961742
        value: "Cluster2"
    mood_acoustic:
        all:
            acoustic: 0.0151139544323
            not_acoustic: 0.984886050224
        probability: 0.984886050224
        value: "not_acoustic"
    mood_aggressive:
        all:
            aggressive: 0.21021130681
            not_aggressive: 0.789788722992
        probability: 0.789788722992
        value: "not_aggressive"
    mood_electronic:
        all:
            electronic: 0.961061835289
            not_electronic: 0.0389381833375
        probability: 0.961061835289
        value: "electronic"
    mood_happy:
        all:
            happy: 0.117281734943
            not_happy: 0.882718265057
        probability: 0.882718265057
        value: "not_happy"
    mood_party:
        all:
            not_party: 0.0248020682484
            party: 0.975197911263
        probability: 0.975197911263
        value: "party"
    mood_relaxed:
        all:
            not_relaxed: 0.886530578136
            relaxed: 0.113469436765
        probability: 0.886530578136
        value: "not_relaxed"
    mood_sad:
        all:
            not_sad: 0.994257628918
            sad: 0.00574237667024
        probability: 0.994257628918
        value: "not_sad"
    rhythm:
        all:
            fast: 0.0380144380033
            medium: 0.956210911274
            slow: 0.00577462511137
        probability: 0.956210911274
        value: "medium"
    speech_music:
        all:
            music: 0.0729689747095
            speech: 0.927031040192
        probability: 0.927031040192
        value: "speech"
    timbre:
        all:
            bright: 0.725564837456
            dark: 0.274435162544
        probability: 0.725564837456
        value: "bright"
    voice_instrumental:
        all:
            instrumental: 0.019927367568
            voice: 0.980072617531
        probability: 0.980072617531
        value: "voice"

lowlevel:
    average_loudness: 0.981342792511
    barkbands_kurtosis:
        dmean: 4.423204422
        dmean2: 7.02387523651
        dvar: 76.798789978
        dvar2: 159.64654541
        max: 95.4029693604
        mean: 5.6260933876
        min: -1.89382660389
        var: 225.512878418
    barkbands_skewness:
        dmean: 0.952315270901
        dmean2: 1.36277377605
        dvar: 1.08200740814
        dvar2: 2.11376404762
        max: 9.45191574097
        mean: 0.547009527683
        min: -3.52845406532
        var: 4.21899223328
    barkbands_spread:
        dmean: 11.0687446594
        dmean2: 18.5178852081
        dvar: 129.231567383
        dvar2: 293.77947998
        max: 84.8724212646
        mean: 27.1326313019
        min: 1.32732880116
        var: 291.393768311
    dissonance:
        dmean: 0.0269535668194
        dmean2: 0.0422667525709
        dvar: 0.000673192320392
        dvar2: 0.0014902332332
        max: 0.499999701977
        mean: 0.461084395647
        min: 0.291080534458
        var: 0.00146462465636
    hfc:
        dmean: 3.42319965363
        dmean2: 5.0250658989
        dvar: 91.1993179321
        dvar2: 212.788879395
        max: 65.5725326538
        mean: 3.37013196945
        min: 0.00155154569075
        var: 96.0429763794
    pitch:
        dmean: 1185.13024902
        dmean2: 2260.11279297
        dvar: 2856283.25
        dvar2: 6367935.5
        max: 4900
        mean: 2292.77636719
        min: 82.2761230469
        var: 4068076.5
    pitch_instantaneous_confidence:
        dmean: 0.113446719944
        dmean2: 0.185659766197
        dvar: 0.00984243862331
        dvar2: 0.024937171489
        max: 0.863973915577
        mean: 0.416876375675
        min: 0.167468488216
        var: 0.0168650411069
    pitch_salience:
        dmean: 0.076400667429
        dmean2: 0.117026187479
        dvar: 0.00449152896181
        dvar2: 0.0104825394228
        max: 0.865330338478
        mean: 0.667391777039
        min: 0.228261783719
        var: 0.00977184996009
    silence_rate_20dB:
        dmean: 0
        dmean2: 0
        dvar: 0
        dvar2: 0
        max: 1
        mean: 1
        min: 1
        var: 0
    silence_rate_30dB:
        dmean: 0
        dmean2: 0
        dvar: 0
        dvar2: 0
        max: 1
        mean: 1
        min: 1
        var: 0
    silence_rate_60dB:
        dmean: 0.130841121078
        dmean2: 0.26229506731
        dvar: 0.113721601665
        dvar2: 0.198180541396
        max: 1
        mean: 0.808857798576
        min: 0
        var: 0.154607564211
    spectral_centroid:
        dmean: 607.055175781
        dmean2: 875.261047363
        dvar: 470581.375
        dvar2: 861534.4375
        max: 5489.90527344
        mean: 2148.66210938
        min: 196.682754517
        var: 1796637.75
    spectral_complexity:
        dmean: 2.94352936745
        dmean2: 4.26415109634
        dvar: 37.7003250122
        dvar2: 58.2980537415
        max: 47
        mean: 3.6995306015
        min: 0
        var: 60.468536377
    spectral_crest:
        dmean: 2.64403438568
        dmean2: 4.27010917664
        dvar: 6.53024625778
        dvar2: 16.2613983154
        max: 25.3068618774
        mean: 8.19558334351
        min: 2.75605750084
        var: 12.0897169113
    spectral_decrease:
        dmean: 4.23181323317e-10
        dmean2: 6.62521593142e-10
        dvar: 7.89611154805e-19
        dvar2: 1.90242131708e-18
        max: -1.25828451933e-13
        mean: -4.33058811034e-10
        min: -5.48893330787e-09
        var: 7.79491892481e-19
    spectral_energy:
        dmean: 0.00189836940262
        dmean2: 0.0029492774047
        dvar: 1.72714389919e-05
        dvar2: 4.12600893469e-05
        max: 0.0266641154885
        mean: 0.00194014352746
        min: 6.15633553025e-07
        var: 1.71520241565e-05
    spectral_energyband_high:
        dmean: 0.00036559056025
        dmean2: 0.000562917150091
        dvar: 1.21416269394e-06
        dvar2: 3.0145074561e-06
        max: 0.00808793120086
        mean: 0.000344912201399
        min: 1.79231051334e-07
        var: 1.19743788218e-06
    spectral_energyband_low:
        dmean: 0.000108189538878
        dmean2: 0.000182793752174
        dvar: 2.02810568339e-07
        dvar2: 5.51036009711e-07
        max: 0.00457060988992
        mean: 0.00010207437299
        min: 1.83165038692e-10
        var: 1.52863023573e-07
    spectral_energyband_middle_high:
        dmean: 0.000494948180858
        dmean2: 0.000775964872446
        dvar: 2.04339835363e-06
        dvar2: 4.4242074182e-06
        max: 0.0100306775421
        mean: 0.000493172672577
        min: 5.21736893688e-08
        var: 2.21572736336e-06
    spectral_energyband_middle_low:
        dmean: 0.000989060266875
        dmean2: 0.00160552072339
        dvar: 3.61698243978e-06
        dvar2: 9.01821749721e-06
        max: 0.0104631055146
        mean: 0.000999884563498
        min: 1.51846162311e-08
        var: 3.57064914169e-06
    spectral_flatness_db:
        dmean: 0.0324656032026
        dmean2: 0.0498153343797
        dvar: 0.000978930853307
        dvar2: 0.00216910219751
        max: 0.399171471596
        mean: 0.166173294187
        min: 0.055323947221
        var: 0.00339768407866
    spectral_flux:
        dmean: 0.0168386194855
        dmean2: 0.0264487396926
        dvar: 0.000661948404741
        dvar2: 0.00165401189588
        max: 0.158475279808
        mean: 0.0264331251383
        min: 0.000784623203799
        var: 0.000887247675564
    spectral_kurtosis:
        dmean: 1.52042925358
        dmean2: 2.34164571762
        dvar: 6.43804359436
        dvar2: 15.4028711319
        max: 26.7355709076
        mean: 2.07659578323
        min: -1.13193583488
        var: 11.1329441071
    spectral_rms:
        dmean: 0.000550939468667
        dmean2: 0.000784795731306
        dvar: 6.97190898791e-07
        dvar2: 1.53186999796e-06
        max: 0.00510036991909
        mean: 0.000943369872402
        min: 2.45075116254e-05
        var: 1.00287661553e-06
    spectral_rolloff:
        dmean: 973.452941895
        dmean2: 1613.16308594
        dvar: 1752826
        dvar2: 3698610
        max: 8893.21289062
        mean: 3563.0871582
        min: 172.265625
        var: 4297122.5
    spectral_skewness:
        dmean: 0.333918631077
        dmean2: 0.489371687174
        dvar: 0.128973647952
        dvar2: 0.275933861732
        max: 4.0750670433
        mean: 1.17506146431
        min: 0.00619619432837
        var: 0.421408504248
    spectral_spread:
        dmean: 1364260.5
        dmean2: 2081230
        dvar: 2.29774380237e+12
        dvar2: 4.66393392742e+12
        max: 14571303
        mean: 7687255
        min: 1787587.625
        var: 5.37082724352e+12
    spectral_strongpeak:
        dmean: 0.185060545802
        dmean2: 0.303971767426
        dvar: 0.0809646546841
        dvar2: 0.202052757144
        max: 2.40797877312
        mean: 0.214523017406
        min: 0.000709896849003
        var: 0.0939880758524
    zerocrossingrate:
        dmean: 0.0220404416323
        dmean2: 0.0234789587557
        dvar: 0.000388396147173
        dvar2: 0.000445938814664
        max: 0.25537109375
        mean: 0.124355837703
        min: 0.00634765625
        var: 0.00336177321151
    barkbands:
        dmean: [5.83299424761e-07, 2.62119119725e-05, 8.63578534336e-05, 0.000126788683701, 0.000226227173698, 0.000200870490517, 0.000304620538373, 8.81784799276e-05, 0.000154476496391, 5.92846845393e-05, 3.26567933371e-05, 2.14424362639e-05, 2.72243451036e-05, 1.81330451596e-05, 2.94053406833e-05, 4.50062616437e-05, 7.6856216765e-05, 7.9199373431e-05, 0.000118421608931, 0.000153351429617, 0.0001917884656, 5.00487622048e-05, 1.68304941326e-05, 9.32713646762e-06, 6.77436582919e-06, 2.66564143203e-07, 2.18478762859e-10]
        dmean2: [8.62773447352e-07, 4.42892996944e-05, 0.000144276447827, 0.000199816684471, 0.000392595364247, 0.000359562283847, 0.000553983263671, 0.000141237891512, 0.000236117266468, 0.000100629447843, 5.21862093592e-05, 3.40994192811e-05, 4.52102722193e-05, 3.1536888855e-05, 5.18225206179e-05, 7.67920282669e-05, 0.000127198931295, 0.000117077332106, 0.000188621779671, 0.00023867728305, 0.000313182245009, 7.71536870161e-05, 2.76354185189e-05, 1.46698421304e-05, 1.10797736852e-05, 4.51835688864e-07, 3.35423994136e-10]
        dvar: [7.11617917371e-12, 9.30406152122e-09, 1.3190836512e-07, 1.14188487998e-07, 3.36169648563e-07, 4.69135557069e-07, 1.08767494567e-06, 5.41308082802e-08, 1.18101382895e-07, 4.88242868357e-08, 9.62211021971e-09, 4.244157914e-09, 7.87385001644e-09, 2.30969665616e-09, 6.82280365538e-09, 3.44840813682e-08, 7.84765816775e-08, 7.01576752249e-08, 1.48701175817e-07, 2.65188447202e-07, 3.55863676305e-07, 2.03518215613e-08, 2.03153893708e-09, 5.53310119944e-10, 2.05836306333e-10, 3.53206152477e-13, 3.47128748052e-19]
        dvar2: [1.18986634781e-11, 2.55860488352e-08, 3.5676092125e-07, 2.85750303419e-07, 8.75505861586e-07, 1.30848525259e-06, 3.04663103634e-06, 9.94774751462e-08, 2.53464548905e-07, 1.27633015268e-07, 1.81483486017e-08, 9.3687733127e-09, 1.71738516741e-08, 5.53254109192e-09, 1.77347292407e-08, 9.19483582607e-08, 2.06609030329e-07, 1.59873323469e-07, 3.30012028371e-07, 5.93311597186e-07, 9.24436221794e-07, 4.85260329697e-08, 5.28118837551e-09, 1.41638700768e-09, 5.26582000226e-10, 9.44191881798e-13, 5.25852622374e-19]
        max: [4.15331633121e-05, 0.000990489497781, 0.00362497055903, 0.00328563875519, 0.00453039538115, 0.00631395354867, 0.00623937649652, 0.00238114781678, 0.00285759777762, 0.00227758521214, 0.000844268535729, 0.0006348824827, 0.00089632399613, 0.000358969380613, 0.000667984597385, 0.00213943445124, 0.00212657405064, 0.00233143335208, 0.00350235984661, 0.00470308680087, 0.00453610578552, 0.0010227462044, 0.000329439877532, 0.000183286407264, 0.000107897081762, 5.59865884497e-06, 9.93687976347e-09]
        mean: [1.60620129463e-06, 3.06970869133e-05, 6.98720177752e-05, 0.000149396626512, 0.00024523504544, 0.000165368983289, 0.000207269360544, 8.70647927513e-05, 0.000131195411086, 4.59773946204e-05, 3.12400043185e-05, 2.26630672842e-05, 2.74899066426e-05, 1.51098865899e-05, 2.53990583587e-05, 3.48824723915e-05, 6.08502996329e-05, 7.26204743842e-05, 0.000110936147394, 0.000149231491378, 0.000174089291249, 5.18410124641e-05, 1.58014136105e-05, 8.30192948342e-06, 5.79135803491e-06, 2.14557346112e-07, 2.36044267465e-10]
        min: [3.50391157061e-13, 3.38202348071e-11, 3.00873492787e-11, 6.26844756657e-11, 2.68180422314e-10, 2.68360195177e-10, 1.54201384994e-09, 6.08436190319e-10, 8.41688940767e-10, 3.46382283967e-10, 7.02756472806e-12, 6.28627185029e-12, 2.63236460407e-10, 7.55540907615e-10, 2.54341603334e-10, 7.12062964148e-10, 4.6861750036e-09, 3.08373877544e-08, 1.03622364023e-08, 1.01507815486e-08, 2.48718183826e-08, 4.51846418059e-08, 1.2893084822e-08, 1.53298156391e-08, 2.13864996823e-08, 7.62190643933e-10, 9.24510901862e-13]
        var: [4.42719749749e-11, 9.69651914318e-09, 9.46118845491e-08, 1.76488441639e-07, 3.38413940426e-07, 3.21103044598e-07, 6.61010574277e-07, 7.18656210097e-08, 1.28967897695e-07, 3.85780367651e-08, 1.12198916824e-08, 5.40360511891e-09, 9.67683533304e-09, 2.08021577741e-09, 6.09492412096e-09, 2.45067539595e-08, 6.03715122338e-08, 7.41558423556e-08, 1.54098245275e-07, 2.77318832786e-07, 3.18956949741e-07, 2.28629826182e-08, 1.92505411611e-09, 5.09019826289e-10, 1.85124901519e-10, 2.75030811927e-13, 4.0359354423e-19]
    mfcc:
        mean: [-852.298034668, 54.7531356812, -8.59487915039, 36.2241020203, -27.9295978546, -15.0256385803, -7.17131519318, -14.7687196732, -4.49961328506, -7.13133907318, -5.82343244553, -8.51219940186, -6.51601457596]
        cov: [[12607.6679688, 1152.9005127, -347.242889404, -403.790222168, -452.269958496, -209.381698608, -523.524597168, -36.8757514954, -49.83568573, -136.089324951, -26.4724063873, -19.3063278198, -262.810668945], [1152.9005127, 2719.38793945, 866.832702637, 324.767089844, 282.244689941, 34.9985580444, 149.913513184, -46.5502815247, 29.9017734528, 14.3515548706, 98.7071304321, -27.5493087769, 63.8235321045], [-347.242889404, 866.832702637, 2312.72802734, 1087.96606445, 547.672607422, 186.257019043, 135.635162354, 72.2912216187, 90.1766815186, -90.3496856689, 52.0401344299, 29.2312450409, 29.8738689423], [-403.790222168, 324.767089844, 1087.96606445, 945.406982422, 444.048126221, 206.870300293, 116.280563354, 91.4817886353, 65.0059356689, -37.9811248779, -15.947394371, 1.22626531124, 18.5148696899], [-452.269958496, 282.244689941, 547.672607422, 444.048126221, 492.035614014, 211.800308228, 130.575805664, 44.3924446106, 14.3199186325, -31.253326416, 15.799987793, 3.78465270996, 45.385307312], [-209.381698608, 34.9985580444, 186.257019043, 206.870300293, 211.800308228, 319.874572754, 171.989334106, 77.7211761475, 22.5208797455, -14.1977043152, 17.0724334717, 1.41094362736, 2.71898436546], [-523.524597168, 149.913513184, 135.635162354, 116.280563354, 130.575805664, 171.989334106, 247.285125732, 113.476829529, 71.4243392944, 58.5088424683, 25.3516159058, -4.26156806946, 41.7716903687], [-36.8757514954, -46.5502815247, 72.2912216187, 91.4817886353, 44.3924446106, 77.7211761475, 113.476829529, 190.497329712, 101.270118713, 55.9753761292, 11.2461671829, 7.50155448914, 10.0520658493], [-49.83568573, 29.9017734528, 90.1766815186, 65.0059356689, 14.3199186325, 22.5208797455, 71.4243392944, 101.270118713, 114.888008118, 66.5160217285, 25.9217090607, 9.14847278595, 14.0230941772], [-136.089324951, 14.3515548706, -90.3496856689, -37.9811248779, -31.253326416, -14.1977043152, 58.5088424683, 55.9753761292, 66.5160217285, 128.736862183, 45.9509925842, 7.65999174118, 23.9783229828], [-26.4724063873, 98.7071304321, 52.0401344299, -15.947394371, 15.799987793, 17.0724334717, 25.3516159058, 11.2461671829, 25.9217090607, 45.9509925842, 87.2820281982, 28.1804466248, 13.5417003632], [-19.3063278198, -27.5493087769, 29.2312450409, 1.22626531124, 3.78465270996, 1.41094362736, -4.26156806946, 7.50155448914, 9.14847278595, 7.65999174118, 28.1804466248, 46.8357620239, 14.109161377], [-262.810668945, 63.8235321045, 29.8738689423, 18.5148696899, 45.385307312, 2.71898436546, 41.7716903687, 10.0520658493, 14.0230941772, 23.9783229828, 13.5417003632, 14.109161377, 63.0129318237]]
        icov: [[0.000110596964078, -9.36102442211e-05, 1.20902323033e-05, 4.24923346145e-05, 5.88009133935e-05, -0.000150723324623, 0.000387206411688, -0.000201165676117, -5.41758126928e-05, 1.61883017427e-05, 5.57080420549e-05, -6.24303720542e-05, 0.000285332876956], [-9.36102442211e-05, 0.000569939613342, -0.000173318578163, 4.94185087518e-06, -0.000188101519598, 0.000420865224442, -0.000739653711207, 0.000505570962559, -3.04259883706e-05, 0.000142087301356, -0.000727334816474, 0.000809484627098, -0.000432228844147], [1.20902323033e-05, -0.000173318578163, 0.00122599129099, -0.00131232757121, -9.78199022938e-05, 0.00059153867187, -0.000433418434113, 0.000213417748455, -0.000761859351769, 0.00145624449942, -0.0012468569912, -0.000337009987561, 0.000287354778266], [4.24923346145e-05, 4.94185087518e-06, -0.00131232757121, 0.00354895857163, -0.00172095082235, -0.000991957611404, 0.00109738786705, -0.000458831345895, -0.000704852340277, -0.00129720044788, 0.00258246459998, -0.00027697646874, 0.000537177547812], [5.88009133935e-05, -0.000188101519598, -9.78199022938e-05, -0.00172095082235, 0.00511520309374, -0.00211639935151, 0.000128607454826, -0.000205970631214, 0.00101135438308, 0.000996925751679, -0.00121331098489, 0.00105984136462, -0.00323851290159], [-0.000150723324623, 0.000420865224442, 0.00059153867187, -0.000991957611404, -0.00211639935151, 0.0084227565676, -0.00652568880469, -0.000341377948644, 0.0013461234048, 0.00302994507365, -0.00260915025137, -0.00113063061144, 0.00385871715844], [0.000387206411688, -0.000739653711207, -0.000433418434113, 0.00109738786705, 0.000128607454826, -0.00652568880469, 0.0133970705792, -0.00401833839715, -0.00134663155768, -0.00346542242914, 0.00112100492697, 0.00375731126405, -0.00526771275327], [-0.000201165676117, 0.000505570962559, 0.000213417748455, -0.000458831345895, -0.000205970631214, -0.000341377948644, -0.00401833839715, 0.0129544660449, -0.00929690990597, -0.000283378380118, 0.00213476130739, -0.00224348949268, 0.00166323804297], [-5.41758126928e-05, -3.04259883706e-05, -0.000761859351769, -0.000704852340277, 0.00101135438308, 0.0013461234048, -0.00134663155768, -0.00929690990597, 0.0227252598852, -0.00696884607896, -0.00133867340628, -0.000803115079179, 2.44290076807e-05], [1.61883017427e-05, 0.000142087301356, 0.00145624449942, -0.00129720044788, 0.000996925751679, 0.00302994507365, -0.00346542242914, -0.000283378380118, -0.00696884607896, 0.0178377982229, -0.00898699276149, 0.00352453603409, -0.00298675289378], [5.57080420549e-05, -0.000727334816474, -0.0012468569912, 0.00258246459998, -0.00121331098489, -0.00260915025137, 0.00112100492697, 0.00213476130739, -0.00133867340628, -0.00898699276149, 0.022335998714, -0.0121726663783, 0.00234739086591], [-6.24303720542e-05, 0.000809484627098, -0.000337009987561, -0.00027697646874, 0.00105984136462, -0.00113063061144, 0.00375731126405, -0.00224348949268, -0.000803115079179, 0.00352453603409, -0.0121726663783, 0.0324338339269, -0.00949528999627], [0.000285332876956, -0.000432228844147, 0.000287354778266, 0.000537177547812, -0.00323851290159, 0.00385871715844, -0.00526771275327, 0.00166323804297, 2.44290076807e-05, -0.00298675289378, 0.00234739086591, -0.00949528999627, 0.025348983705]]
    spectral_contrast:
        mean: [1.06332549876e-07, 4.91209277698e-07, -4.17267500552e-07, -2.33049263443e-07, -3.49967415048e-08, -7.25819475633e-08, -1.57630495323e-06, -1.06294953639e-06, -2.69581596513e-06, 1.79457549621e-06, -4.417459877e-06, -7.22433469491e-06]
        var: [0.000468911544885, 0.000682146463078, 0.000904394022655, 0.00262777181342, 0.00504495063797, 0.00607733754441, 0.0832152590156, 0.130048543215, 0.355221033096, 0.697360992432, 2.62185335159, 6.81033945084]

rhythm:
    beats_loudness:
        dmean: 0.00785007048398
        dmean2: 0.015557535924
        dvar: 1.19706992336e-05
        dvar2: 2.98873492284e-05
        max: 0.0137096457183
        mean: 0.0068481923081
        min: 0.000223228387767
        var: 2.07615394174e-05
    beats_loudness_bass:
        dmean: 0.163955390453
        dmean2: 0.339090108871
        dvar: 0.0449958667159
        dvar2: 0.110466592014
        max: 0.555253267288
        mean: 0.0832781866193
        min: 0.000886542897206
        var: 0.0287137944251
    bpm: 115.51109314
    bpm_confidence: 0
    first_peak_bpm: 116
    first_peak_spread: 0
    first_peak_weight: 0.944444477558
    onset_rate: 6.0127620697
    second_peak_bpm: 108
    second_peak_spread: 0
    second_peak_weight: 0.0555555559695
    beats_position: [0.29165828228, 0.810973882675, 1.33028948307, 1.84960508347, 2.36892080307, 2.88823628426, 3.40755200386, 3.92686748505, 4.44618272781, 4.96549844742, 5.48481369019, 6.03823566437, 6.55773735046, 7.07723903656, 7.59674024582, 8.11624240875, 8.63574409485, 9.15524482727, 9.67474746704]
    bpm_estimates: [115.710235596, 115.500656128, 115.739151001, 115.77040863, 115.238197327, 115.263954163, 115.645126343, 115.400367737, 115.721847534, 115.489814758, 115.688201904, 115.487236023, 115.502380371, 115.368782043, 115.23739624, 115.413574219]
    bpm_intervals: [0.519315600395, 0.519315600395, 0.519315600395, 0.519315719604, 0.519315481186, 0.519315719604, 0.519315481186, 0.519315242767, 0.519315719604, 0.519315242767, 0.553421974182, 0.519501686096, 0.519501686096, 0.519501209259, 0.519502162933, 0.519501686096, 0.519500732422, 0.519502639771]
    onset_times: [0.27863946557, 0.545668959618, 0.673378705978, 0.801088452339, 0.940408170223, 1.06811785698, 1.20743763447, 1.32353746891, 1.59056687355, 1.71827661991, 1.84598636627, 2.11301589012, 2.24072551727, 2.36843538284, 2.63546490669, 2.76317453384, 2.89088439941, 3.01859402657, 3.15791392326, 3.29723358154, 3.41333341599, 3.68036270142, 3.83129262924, 3.93578219414, 4.19120168686, 4.35374164581, 4.45823144913, 4.72526073456, 4.86458063126, 4.9806804657, 5.10838985443, 5.24770975113, 5.3754196167, 5.50312948227, 5.7701587677, 5.89786863327, 6.025578022, 6.29260778427, 6.42031764984, 6.54802703857, 6.81505680084, 6.94276666641, 7.07047605515, 7.19818592072, 7.33750581741, 7.46521520615, 7.59292507172, 7.85995483398, 8.01088428497, 8.11537456512, 8.38240337372, 8.63782310486, 8.893242836, 9.03256225586, 9.16027164459, 9.287981987, 9.42730140686, 9.55501174927, 9.682721138, 9.93814086914]
    rubato_start: []
    rubato_stop: []
    perceptual_tempo: "unknown"

sfx:
    inharmonicity:
        dmean: 0.0659090131521
        dmean2: 0.113385982811
        dvar: 0.00464412057772
        dvar2: 0.0122035099193
        max: 0.375045150518
        mean: 0.0679734647274
        min: 0
        var: 0.00552568770945
    oddtoevenharmonicenergyratio:
        dmean: 7.93767929077
        dmean2: 15.1168117523
        dvar: 1416.40930176
        dvar2: 4169.8515625
        max: 496.579864502
        mean: 4.77752017975
        min: 0
        var: 755.245910645
    pitch_after_max_to_before_max_energy_ratio: 121.38822937
    pitch_centroid: 195.871994019
    pitch_max_to_total: 0.00234741787426
    pitch_min_to_total: 0.406103283167
    tristimulus:
        dmean: [0.241624578834, 0.268448263407, 0.200110077858]
        dmean2: [0.422711998224, 0.466914713383, 0.357749044895]
        dvar: [0.0548507459462, 0.0548817254603, 0.0463565289974]
        dvar2: [0.145210653543, 0.142935186625, 0.118724927306]
        max: [1, 0.998773038387, 0.947037339211]
        mean: [0.343022555113, 0.404785811901, 0.211255639791]
        min: [0.00122689106502, 0, 0]
        var: [0.0872277468443, 0.0837404429913, 0.0589372739196]

tonal:
    chords_changes_rate: 0.138888895512
    chords_number_rate: 0.0462962947786
    chords_strength:
        dmean: 0.0165559835732
        dmean2: 0.0219171885401
        dvar: 0.000236927065998
        dvar2: 0.000307783833705
        max: 0.626143991947
        mean: 0.441656321287
        min: 0.240012601018
        var: 0.00601576967165
    key_strength: 0.606594502926
    tuning_diatonic_strength: 0.485482156277
    tuning_equal_tempered_deviation: 0.22420014441
    tuning_frequency: 446.142181396
    tuning_nontempered_energy_ratio: 0.90344953537
    hpcp:
        dmean: [0.23912216723, 0.217933446169, 0.174812093377, 0.157843455672, 0.210692256689, 0.254364699125, 0.221089437604, 0.18420574069, 0.183692097664, 0.229674771428, 0.26499158144, 0.237592086196, 0.222690016031, 0.200937509537, 0.199650004506, 0.192294597626, 0.216461077332, 0.21922236681, 0.212044477463, 0.179540738463, 0.15893098712, 0.187559753656, 0.250975281, 0.281890809536, 0.229925230145, 0.197657763958, 0.260031074286, 0.216281205416, 0.159397691488, 0.203289479017, 0.175932571292, 0.171300753951, 0.198230370879, 0.222259446979, 0.208554431796, 0.225106969476]
        dmean2: [0.410805433989, 0.37773257494, 0.301015287638, 0.279150873423, 0.37603238225, 0.459333211184, 0.392313063145, 0.315180242062, 0.308938711882, 0.383915007114, 0.459143668413, 0.414975374937, 0.387514948845, 0.333243966103, 0.342516541481, 0.321976959705, 0.364409357309, 0.379385381937, 0.36939060688, 0.311103999615, 0.267900943756, 0.336598336697, 0.447092324495, 0.51228415966, 0.407725125551, 0.34616920352, 0.477408468723, 0.393596708775, 0.27247813344, 0.367055624723, 0.308462262154, 0.292774051428, 0.334262132645, 0.392099797726, 0.368549138308, 0.389390617609]
        dvar: [0.0586595907807, 0.0497751310468, 0.0373728498816, 0.0262554101646, 0.0399027056992, 0.0638907924294, 0.044339068234, 0.0306179448962, 0.0330318361521, 0.0546562857926, 0.0728073641658, 0.0572036840022, 0.0494132116437, 0.0384593382478, 0.0416435450315, 0.0329059548676, 0.0484818741679, 0.050396963954, 0.0573525056243, 0.0411056019366, 0.0391318388283, 0.0543506704271, 0.0769078880548, 0.0819617509842, 0.0470084398985, 0.0428205542266, 0.0678466930985, 0.0471610836685, 0.033620338887, 0.0575933679938, 0.0417894497514, 0.0304516460747, 0.0384790077806, 0.0479308068752, 0.0470758229494, 0.0527104847133]
        dvar2: [0.132766649127, 0.133512660861, 0.104697972536, 0.0710140019655, 0.10513061285, 0.153652518988, 0.108869671822, 0.0745351463556, 0.0824003815651, 0.1403465271, 0.140374928713, 0.131605267525, 0.12458242476, 0.100155301392, 0.10487216711, 0.0796520933509, 0.123497135937, 0.116347126663, 0.146195620298, 0.116528861225, 0.0933634415269, 0.132732361555, 0.22030287981, 0.202317491174, 0.119687214494, 0.107674218714, 0.172932952642, 0.131331175566, 0.0865215286613, 0.160879060626, 0.119788244367, 0.0825087204576, 0.10388892889, 0.136663094163, 0.122628241777, 0.118501842022]
        max: [1, 1, 1, 0.954919397831, 1, 1, 1, 0.947303116322, 1, 1, 1, 1, 1, 1, 1, 1, 1, 1, 1, 1, 1, 1, 1, 1, 1, 1, 1, 1, 1, 1, 1, 0.988529980183, 0.926712334156, 1, 1, 1]
        mean: [0.282957583666, 0.235222056508, 0.183815076947, 0.176915630698, 0.233454525471, 0.302682667971, 0.284322023392, 0.226616829634, 0.21458914876, 0.279110372066, 0.346070021391, 0.33488124609, 0.293126612902, 0.256483912468, 0.252660781145, 0.241582527757, 0.244749158621, 0.2516104877, 0.210784241557, 0.191439539194, 0.248893752694, 0.241326674819, 0.230226233602, 0.273599594831, 0.237341240048, 0.233985543251, 0.275303214788, 0.226595148444, 0.177318006754, 0.192803964019, 0.1956268996, 0.214542448521, 0.228837803006, 0.221147820354, 0.224310100079, 0.263839662075]
        min: [0, 0, 0, 0.000209118254134, 0.00266338745132, 0.00692210206762, 0.00700165703893, 0.00452319113538, 0.000267638737569, 0, 0, 0, 0, 0, 0, 0, 0, 0, 0, 0, 0, 0, 0, 0, 0, 0.000110355154902, 0.000928904861212, 0.00122751970775, 6.19165293756e-05, 0, 0, 0, 0, 0, 0, 0]
        var: [0.0833970233798, 0.0587489195168, 0.0426802784204, 0.0315994918346, 0.0473549030721, 0.0783064737916, 0.0609932877123, 0.0443170554936, 0.0472120083869, 0.0813426971436, 0.119782820344, 0.10177911818, 0.0884199514985, 0.0566601715982, 0.0541138090193, 0.046662312001, 0.0612992122769, 0.0626122578979, 0.0605188272893, 0.04309264943, 0.0960753560066, 0.0893344432116, 0.0693671777844, 0.0922396704555, 0.0678481757641, 0.0609468631446, 0.0839641615748, 0.0544035881758, 0.0405101850629, 0.0544277466834, 0.0434832535684, 0.0407047234476, 0.0517891682684, 0.0494494959712, 0.0581180490553, 0.0813636928797]
    chords_histogram: [29.1666660309, 22.6851844788, 0, 0.462962955236, 0, 3.24074077606, 4.16666650772, 1.85185182095, 5.09259271622, 4.62962961197, 0, 0, 0, 0, 1.38888883591, 12.9629631042, 0.462962955236, 0, 0, 0, 0, 0, 13.8888893127, 0]
    thpcp: [1, 0.967669069767, 0.847015321255, 0.741132974625, 0.730085730553, 0.698074102402, 0.707224369049, 0.72705078125, 0.609079778194, 0.553181529045, 0.71920055151, 0.697334825993, 0.665259122849, 0.790590286255, 0.685818552971, 0.67612195015, 0.795513033867, 0.654766738415, 0.512376070023, 0.557124137878, 0.565281271935, 0.619939446449, 0.661247134209, 0.639026224613, 0.64816391468, 0.762388110161, 0.817631006241, 0.679695010185, 0.531149983406, 0.511213421822, 0.674587547779, 0.874628424644, 0.821573674679, 0.654829442501, 0.620074391365, 0.806514143944]
    chords_key: "F"
    chords_scale: "minor"
    key_key: "F"
    key_scale: "minor"
    chords_progression: ["Dm", "Dm", "F", "F", "Dm", "Dm", "Dm", "A#m", "Dm", "Dm", "A#m", "A#m", "A#m", "A#m", "A#m", "A#m", "A#m", "A#m", "A#m", "A#m", "Fm", "Fm", "Fm", "Fm", "A#m", "A#m", "Fm", "Fm", "Fm", "Fm", "Fm", "Fm", "Fm", "Fm", "Fm", "Fm", "Fm", "Fm", "Fm", "Fm", "Fm", "Fm", "Fm", "Fm", "Fm", "Fm", "Fm", "Fm", "Fm", "Fm", "Fm", "Fm", "Fm", "Fm", "Fm", "Fm", "Fm", "Fm", "Fm", "Fm", "Fm", "Fm", "Fm", "Fm", "Fm", "Fm", "Fm", "C", "C", "C", "G#", "G#", "G#", "G#", "G#", "G#", "C", "C", "C", "C", "C", "G#", "G#", "G#", "G#", "C", "C", "G#", "G#", "G#", "G#", "G#", "G#", "G#", "G#", "G#", "G#", "G#", "G#", "G#", "G#", "G#", "F", "F", "Dm", "Dm", "Fm", "Fm", "Fm", "Fm", "Fm", "Fm", "Fm", "Fm", "Fm", "Fm", "Fm", "Fm", "Fm", "Fm", "Fm", "F#m", "F#m", "F#m", "A", "A", "A", "A", "A", "A", "A", "A", "A", "A", "A", "A", "A", "A", "A", "A", "A", "A", "A", "A", "A", "A", "A", "A", "A", "A", "A", "A", "Am", "Am", "Am", "Am", "Am", "Am", "Am", "Am", "Am", "Am", "C#m", "Am", "G#", "D#", "G#", "G#", "G#", "G#", "G#", "G#", "G#", "G#", "G#", "G#", "G#", "G#", "G#", "G#", "G#", "G#", "G#", "G#", "G#", "G#", "G#", "G#", "G#", "Fm", "Fm", "Fm", "A#", "A#", "A#", "A#", "A#", "A#", "A#m", "A#m", "A#m", "A#m", "A#", "A#m", "A#m", "A#m", "A#m", "A#m", "A#m", "A#m", "A#m", "A#m", "A#m", "A#m", "A#m", "A#m"]
