
metadata:
    version:
        essentia: "1.2.2"
    audio_properties:
        analysis_sample_rate: 44100
        bitrate: 128
        channels: 2
        equal_loudness: 1
        length: 10.0310201645
        replay_gain: -2.21981048584
        downmix: "mix"
    tags:
        track: 39
        year: 0
        album: "Splitted by Mp3Splt v. 2.1"
        artist: "From 006.20 To 006.30"
        comment: "http://mp3splt.sf.net"
        genre: ""
        title: "02 Alive in Japan.mp3"

highlevel:
    ballroom:
        all:
            ChaChaCha: 0.424391299486
            Jive: 0.193937838078
            Quickstep: 0.137393653393
            Rumba-American: 0.00320586981252
            Rumba-International: 0.0142341936007
            Rumba-Misc: 0.00625559175387
            Samba: 0.184979498386
            Tango: 0.0192068908364
            VienneseWaltz: 0.0102322502062
            Waltz: 0.0061629191041
        probability: 0.424391299486
        value: "ChaChaCha"
    culture:
        all:
            non_western: 0.0296915955842
            western: 0.970308423042
        probability: 0.970308423042
        value: "western"
    gender:
        all:
            female: 0.516253829002
            male: 0.483746170998
        probability: 0.516253829002
        value: "female"
    genre_dortmund:
        all:
            alternative: 0.0578695312142
            blues: 0.00761394342408
            electronic: 0.693294942379
            folkcountry: 0.0109234843403
            funksoulrnb: 0.00407821964473
            jazz: 0.00953916739672
            pop: 0.0496800020337
            raphiphop: 0.0138402832672
            rock: 0.153160393238
        probability: 0.693294942379
        value: "electronic"
    genre_electronica:
        all:
            ambient: 0.114974759519
            dnb: 0.575395405293
            house: 0.0195429511368
            techno: 0.0547315254807
            trance: 0.235355377197
        probability: 0.575395405293
        value: "dnb"
    genre_rosamerica:
        all:
            cla: 0.00880298484117
            dan: 0.135126873851
            hip: 0.00243538664654
            jaz: 0.00661250250414
            pop: 0.025481890887
            rhy: 0.0151386335492
            roc: 0.805239498615
            spe: 0.00116222538054
        probability: 0.805239498615
        value: "roc"
    genre_tzanetakis:
        all:
            blu: 0.00452250475064
            cla: 0.0135044362396
            cou: 0.0142284967005
            dis: 0.295135617256
            hip: 0.010979635641
            jaz: 0.036693263799
            met: 0.0183896049857
            pop: 0.310390025377
            reg: 0.239217028022
            roc: 0.0569393970072
        probability: 0.310390025377
        value: "pop"
    live_studio:
        all:
            live: 0.00857650581747
            studio: 0.991423487663
        probability: 0.991423487663
        value: "studio"
    mood:
        all:
            Cluster1: 0.517356693745
            Cluster2: 0.0690879300237
            Cluster3: 0.0933901965618
            Cluster4: 0.106555201113
            Cluster5: 0.213609963655
        probability: 0.517356693745
        value: "Cluster1"
    mood_acoustic:
        all:
            acoustic: 0.0206789039075
            not_acoustic: 0.979321122169
        probability: 0.979321122169
        value: "not_acoustic"
    mood_aggressive:
        all:
            aggressive: 0.480569660664
            not_aggressive: 0.519430339336
        probability: 0.519430339336
        value: "not_aggressive"
    mood_electronic:
        all:
            electronic: 0.941199958324
            not_electronic: 0.0588000454009
        probability: 0.941199958324
        value: "electronic"
    mood_happy:
        all:
            happy: 0.325127571821
            not_happy: 0.674872457981
        probability: 0.674872457981
        value: "not_happy"
    mood_party:
        all:
            not_party: 0.345947027206
            party: 0.654052972794
        probability: 0.654052972794
        value: "party"
    mood_relaxed:
        all:
            not_relaxed: 0.945564687252
            relaxed: 0.0544352829456
        probability: 0.945564687252
        value: "not_relaxed"
    mood_sad:
        all:
            not_sad: 0.775952219963
            sad: 0.224047809839
        probability: 0.775952219963
        value: "not_sad"
    rhythm:
        all:
            fast: 0.773950695992
            medium: 0.0938110426068
            slow: 0.132238253951
        probability: 0.773950695992
        value: "fast"
    speech_music:
        all:
            music: 0.999998390675
            speech: 1.61928267062e-06
        probability: 0.999998390675
        value: "music"
    timbre:
        all:
            bright: 0.157722949982
            dark: 0.842277050018
        probability: 0.842277050018
        value: "dark"
    voice_instrumental:
        all:
            instrumental: 0.489868909121
            voice: 0.510131120682
        probability: 0.510131120682
        value: "voice"

lowlevel:
    average_loudness: 0.874267160892
    barkbands_kurtosis:
        dmean: 1.25373733044
        dmean2: 2.05786442757
        dvar: 3.66516542435
        dvar2: 8.43827629089
        max: 22.7206535339
        mean: 1.06487202644
        min: -1.71774303913
        var: 14.0486755371
    barkbands_skewness:
        dmean: 0.416242212057
        dmean2: 0.677358567715
        dvar: 0.182545498013
        dvar2: 0.3822298944
        max: 4.6638007164
        mean: 0.640266537666
        min: -1.53061640263
        var: 1.55900359154
    barkbands_spread:
        dmean: 5.221139431
        dmean2: 8.31746864319
        dvar: 28.2953872681
        dvar2: 64.0339508057
        max: 62.2443847656
        mean: 27.2718963623
        min: 4.92430019379
        var: 108.233436584
    dissonance:
        dmean: 0.0206062216312
        dmean2: 0.0354307033122
        dvar: 0.000317265978083
        dvar2: 0.000872325326782
        max: 0.497575938702
        mean: 0.466502189636
        min: 0.303027570248
        var: 0.000547249743249
    hfc:
        dmean: 1.37103927135
        dmean2: 1.71794235706
        dvar: 9.37425231934
        dvar2: 11.4589958191
        max: 43.6524658203
        mean: 5.22624731064
        min: 0.017970232293
        var: 56.2354202271
    pitch:
        dmean: 324.529541016
        dmean2: 613.37701416
        dvar: 514548.03125
        dvar2: 1469537
        max: 4410
        mean: 379.432891846
        min: 75.9036178589
        var: 320086.75
    pitch_instantaneous_confidence:
        dmean: 0.0683310329914
        dmean2: 0.116984479129
        dvar: 0.00296834250912
        dvar2: 0.00835679098964
        max: 0.664559781551
        mean: 0.328059762716
        min: 0.133536100388
        var: 0.0083921328187
    pitch_salience:
        dmean: 0.0625970736146
        dmean2: 0.103278279305
        dvar: 0.00309200678021
        dvar2: 0.0072402455844
        max: 0.782674670219
        mean: 0.542668998241
        min: 0.12293484807
        var: 0.0174284707755
    silence_rate_20dB:
        dmean: 0
        dmean2: 0
        dvar: 0
        dvar2: 0
        max: 1
        mean: 1
        min: 1
        var: 0
    silence_rate_30dB:
        dmean: 0
        dmean2: 0
        dvar: 0
        dvar2: 0
        max: 1
        mean: 1
        min: 1
        var: 0
    silence_rate_60dB:
        dmean: 0.087962962687
        dmean2: 0.176334112883
        dvar: 0.0802255496383
        dvar2: 0.173083111644
        max: 1
        mean: 0.635103940964
        min: 0
        var: 0.231746613979
    spectral_centroid:
        dmean: 220.027328491
        dmean2: 361.014129639
        dvar: 83585.9765625
        dvar2: 167932.015625
        max: 3099.12915039
        mean: 1215.80639648
        min: 161.650375366
        var: 512182.5625
    spectral_complexity:
        dmean: 2.69373559952
        dmean2: 3.94186043739
        dvar: 15.3029489517
        dvar2: 20.7106018066
        max: 46
        mean: 10.9305553436
        min: 0
        var: 112.027580261
    spectral_crest:
        dmean: 1.85877883434
        dmean2: 3.08414459229
        dvar: 2.8383910656
        dvar2: 7.25598669052
        max: 18.0989551544
        mean: 6.99974584579
        min: 2.81637382507
        var: 9.74227428436
    spectral_decrease:
        dmean: 1.76462705559e-10
        dmean2: 2.38052938473e-10
        dvar: 4.57975460853e-20
        dvar2: 6.90284353751e-20
        max: -8.41179383093e-12
        mean: -7.22410464782e-10
        min: -3.49154993806e-09
        var: 3.39118124204e-19
    spectral_energy:
        dmean: 0.000774191110395
        dmean2: 0.00102221942507
        dvar: 1.09543771032e-06
        dvar2: 1.50065056914e-06
        max: 0.0171373076737
        mean: 0.00320058199577
        min: 3.3377953514e-05
        var: 7.99073495727e-06
    spectral_energyband_high:
        dmean: 0.000102003417851
        dmean2: 0.000138786213938
        dvar: 7.13016063969e-08
        dvar2: 1.16468768852e-07
        max: 0.00262513873167
        mean: 0.00028290937189
        min: 6.28837312888e-07
        var: 2.61446729155e-07
    spectral_energyband_low:
        dmean: 0.00025813508546
        dmean2: 0.000391205510823
        dvar: 1.25027554532e-07
        dvar2: 2.57900012457e-07
        max: 0.00654803076759
        mean: 0.000624727224931
        min: 4.92651315653e-06
        var: 7.25443385363e-07
    spectral_energyband_middle_high:
        dmean: 0.000439588882728
        dmean2: 0.000536496459972
        dvar: 6.61557692183e-07
        dvar2: 8.37914228669e-07
        max: 0.0134230544791
        mean: 0.00163901224732
        min: 4.06734534408e-06
        var: 4.84720976601e-06
    spectral_energyband_middle_low:
        dmean: 0.000253764388617
        dmean2: 0.000429430743679
        dvar: 7.02476015135e-08
        dvar2: 1.66854988493e-07
        max: 0.00298283924349
        mean: 0.00065392407123
        min: 2.37548720179e-05
        var: 2.06023983651e-07
    spectral_flatness_db:
        dmean: 0.0165380891412
        dmean2: 0.0269185882062
        dvar: 0.000289281451842
        dvar2: 0.000641940510832
        max: 0.296533405781
        mean: 0.153979852796
        min: 0.0690625309944
        var: 0.00198888895102
    spectral_flux:
        dmean: 0.00496690161526
        dmean2: 0.00759820640087
        dvar: 4.07805528084e-05
        dvar2: 8.57311024447e-05
        max: 0.0806120634079
        mean: 0.0276329033077
        min: 0.00577736552805
        var: 0.000239040891756
    spectral_kurtosis:
        dmean: 1.69214224815
        dmean2: 2.96305274963
        dvar: 5.24285554886
        dvar2: 16.0185680389
        max: 20.4633197784
        mean: 4.08106422424
        min: -0.541651964188
        var: 12.6269464493
    spectral_rms:
        dmean: 0.000205396252568
        dmean2: 0.000281632150291
        dvar: 5.11296498473e-08
        dvar2: 7.90230387793e-08
        max: 0.00408892706037
        mean: 0.00161930127069
        min: 0.000180454590009
        var: 5.00380849644e-07
    spectral_rolloff:
        dmean: 455.994171143
        dmean2: 753.461608887
        dvar: 288977.1875
        dvar2: 602338.125
        max: 5404.83398438
        mean: 2239.35351562
        min: 107.666015625
        var: 1547035.125
    spectral_skewness:
        dmean: 0.207801222801
        dmean2: 0.345001101494
        dvar: 0.0531892701983
        dvar2: 0.136281818151
        max: 3.2457742691
        mean: 1.53958559036
        min: 0.678122639656
        var: 0.250087410212
    spectral_spread:
        dmean: 503313.375
        dmean2: 783389.375
        dvar: 854987243520
        dvar2: 1.70331851981e+12
        max: 13280703
        mean: 4592742
        min: 1683231.5
        var: 2.90004874035e+12
    spectral_strongpeak:
        dmean: 0.304163247347
        dmean2: 0.539862036705
        dvar: 0.28205627203
        dvar2: 0.710381448269
        max: 3.66567468643
        mean: 0.548999726772
        min: 0.00345150614157
        var: 0.648951768875
    zerocrossingrate:
        dmean: 0.0080492766574
        dmean2: 0.00946811400354
        dvar: 7.43554555811e-05
        dvar2: 8.3729661128e-05
        max: 0.15966796875
        mean: 0.073697693646
        min: 0.0087890625
        var: 0.00109524512663
    barkbands:
        dmean: [1.40847419061e-07, 0.000117409232189, 0.000166848942172, 0.000169382605236, 5.1828850701e-05, 0.000112384412205, 2.8053917049e-05, 2.01605907932e-05, 2.62053581537e-05, 6.24324093224e-05, 3.25097971654e-05, 4.11099645135e-05, 2.98307149933e-05, 0.000125699021737, 0.000152390712174, 0.00012244687241, 8.44041423989e-05, 7.53627027734e-05, 9.70139517449e-05, 6.72181340633e-05, 5.25427312823e-05, 2.38680968323e-05, 7.75182707002e-06, 4.69558062832e-06, 2.91310084322e-06, 4.13623446605e-08, 3.35950156582e-10]
        dmean2: [2.21780240395e-07, 0.000167421996593, 0.000268783216598, 0.000292491778964, 8.8754677563e-05, 0.000194751832169, 4.87568941026e-05, 3.15526340273e-05, 4.57412497781e-05, 0.000102214871731, 5.4082916904e-05, 7.24903293303e-05, 4.54992004961e-05, 0.000221355716349, 0.000248807191383, 0.000197461165953, 0.000128947824123, 0.000111994224426, 0.000157254704391, 0.00010937287152, 7.19021772966e-05, 3.49999208993e-05, 1.23170175357e-05, 7.51823563405e-06, 5.05653815708e-06, 7.07286034185e-08, 4.61244431538e-10]
        dvar: [1.21648567955e-13, 4.3188109089e-08, 4.01119635285e-08, 5.33765067701e-08, 3.35133631957e-09, 1.46996539385e-08, 7.52295670203e-10, 9.8311137009e-10, 9.75912239909e-10, 7.01746349918e-09, 1.63412972043e-09, 5.9128444363e-09, 2.67448752034e-09, 4.70820751275e-08, 1.20054991726e-07, 6.44064925837e-08, 3.37856533861e-08, 1.94805558351e-08, 5.95441953521e-08, 2.63066066708e-08, 1.40665745718e-08, 2.87389756437e-09, 4.21099904946e-10, 1.87173859745e-10, 1.40756684086e-10, 2.9852981659e-14, 1.59797133013e-17]
        dvar2: [3.1705318709e-13, 8.28956387977e-08, 9.49285450247e-08, 1.20802397419e-07, 9.05902108883e-09, 4.22863557503e-08, 1.98775995663e-09, 2.54317300552e-09, 2.80626477611e-09, 1.67080660418e-08, 4.57896831563e-09, 1.64815929793e-08, 5.72607694593e-09, 1.38077396628e-07, 3.23490354504e-07, 1.60147791917e-07, 7.82378961617e-08, 3.95685653132e-08, 1.31496079803e-07, 5.92597508842e-08, 2.2881454953e-08, 6.36742525373e-09, 9.1693669324e-10, 4.39533826002e-10, 3.96568666794e-10, 8.57043114862e-14, 1.60596040592e-17]
        max: [3.38454992743e-06, 0.00393430935219, 0.00261370930821, 0.00267871352844, 0.000580159306992, 0.00112085486762, 0.00020935741486, 0.000350031710695, 0.000264279660769, 0.000731943291612, 0.000365132989828, 0.000646438798867, 0.000676778086927, 0.00239263824187, 0.00347048649564, 0.00266983034089, 0.00245291856118, 0.00204202532768, 0.00313096912578, 0.00183015945368, 0.00127937388606, 0.000536934414413, 0.00019063592481, 0.000120520708151, 0.000181398994755, 2.4960600058e-06, 8.314640354e-08]
        mean: [3.03774442045e-07, 0.000285045971395, 0.000339386373525, 0.000229218450841, 9.93986177491e-05, 0.000181895462447, 4.44035540568e-05, 3.54013318429e-05, 4.76078857901e-05, 0.000128451210912, 5.79321713303e-05, 7.15500500519e-05, 6.34847747278e-05, 0.000274313846603, 0.000241436529905, 0.000215859152377, 0.000180416434887, 0.000159326649737, 0.000193184125237, 0.000148387814988, 0.000126409679069, 4.88473524456e-05, 1.52328493641e-05, 8.16041574581e-06, 4.88535260956e-06, 4.13161700408e-08, 3.02959546339e-10]
        min: [6.85710516146e-11, 3.96823018889e-08, 4.23349138146e-06, 2.13696444007e-06, 3.41272243531e-06, 5.07025606566e-06, 1.0448145531e-06, 2.24874867172e-07, 6.18986234713e-07, 1.49320658238e-06, 2.67992049885e-07, 3.38867494065e-07, 7.318534756e-08, 1.21646962725e-07, 2.29630728654e-07, 3.60551979384e-08, 1.26898612507e-07, 4.56797408788e-07, 6.21098365627e-07, 6.80382186147e-07, 1.40803365412e-07, 5.89001238893e-08, 1.76811560948e-08, 3.09223824324e-09, 1.07740039113e-09, 1.9680818661e-13, 1.00265517663e-14]
        var: [1.80156616621e-13, 2.23522761189e-07, 1.76383437633e-07, 9.92330484451e-08, 7.55097850913e-09, 2.60511150429e-08, 1.15637588394e-09, 2.24711116381e-09, 1.92434135293e-09, 1.9464650336e-08, 3.4614440203e-09, 1.00961630167e-08, 8.00967647763e-09, 1.75174378114e-07, 1.90519742205e-07, 1.51213583877e-07, 9.80582299803e-08, 6.72089441878e-08, 1.4354985467e-07, 6.60594210444e-08, 5.15258058442e-08, 7.73805375331e-09, 9.82169234831e-10, 3.37961325592e-10, 2.48005144199e-10, 2.51401242218e-14, 1.5964923312e-17]
    mfcc:
        mean: [-740.857666016, 120.703559875, -42.1440734863, 45.2495040894, -2.1897995472, 14.4736566544, 0.480295062065, -0.669492959976, 3.114153862, -2.9813542366, -5.47228956223, -7.28748655319, -4.3579082489]
        cov: [[5584.87988281, -2772.16064453, -275.212554932, -536.310424805, 37.4292602539, -57.9807624817, -141.853088379, -224.720275879, -44.4795036316, 77.4587554932, 74.4458999634, -187.079284668, -72.505027771], [-2772.16064453, 1777.54528809, 21.1100482941, 261.888183594, -49.0536308289, 56.7037277222, 38.0141029358, 104.992469788, 21.2854614258, -30.9076919556, -34.7342720032, 86.6251449585, 8.32823181152], [-275.212554932, 21.1100482941, 405.424591064, -6.98946666718, 67.6097946167, -0.884246587753, 95.8496704102, 37.5124778748, 2.10042953491, 0.485132217407, 33.3986053467, 38.7375411987, 26.8593482971], [-536.310424805, 261.888183594, -6.98946666718, 191.82472229, 22.9149475098, 54.4692153931, 37.0494232178, 39.4957122803, 28.0219268799, -5.11877775192, -4.11808776855, 21.5202865601, 32.0099220276], [37.4292602539, -49.0536308289, 67.6097946167, 22.9149475098, 115.093994141, 21.9365558624, 58.6547889709, 14.1098747253, 26.264005661, 4.01597213745, 8.7625951767, 12.7957410812, 24.0059070587], [-57.9807624817, 56.7037277222, -0.884246587753, 54.4692153931, 21.9365558624, 86.3624267578, 24.1244373322, 24.9115409851, 12.7861967087, 3.96794462204, 0.342328429222, 6.09547472, 12.5232639313], [-141.853088379, 38.0141029358, 95.8496704102, 37.0494232178, 58.6547889709, 24.1244373322, 98.1846923828, 36.2654495239, 17.2640972137, 0.798060655594, 19.7355937958, 17.5038471222, 24.825717926], [-224.720275879, 104.992469788, 37.5124778748, 39.4957122803, 14.1098747253, 24.9115409851, 36.2654495239, 62.9946174622, 26.6465492249, -4.58442354202, -8.72348022461, 18.2638626099, 22.8452606201], [-44.4795036316, 21.2854614258, 2.10042953491, 28.0219268799, 26.264005661, 12.7861967087, 17.2640972137, 26.6465492249, 52.4930534363, 2.96747112274, -5.9538731575, 3.4194316864, 16.1194458008], [77.4587554932, -30.9076919556, 0.485132217407, -5.11877775192, 4.01597213745, 3.96794462204, 0.798060655594, -4.58442354202, 2.96747112274, 42.0323371887, 20.8066062927, 0.666643679142, -5.34193754196], [74.4458999634, -34.7342720032, 33.3986053467, -4.11808776855, 8.7625951767, 0.342328429222, 19.7355937958, -8.72348022461, -5.9538731575, 20.8066062927, 60.7993850708, 5.57931041718, -7.04820394516], [-187.079284668, 86.6251449585, 38.7375411987, 21.5202865601, 12.7957410812, 6.09547472, 17.5038471222, 18.2638626099, 3.4194316864, 0.666643679142, 5.57931041718, 46.6963195801, 16.6530857086], [-72.505027771, 8.32823181152, 26.8593482971, 32.0099220276, 24.0059070587, 12.5232639313, 24.825717926, 22.8452606201, 16.1194458008, -5.34193754196, -7.04820394516, 16.6530857086, 53.8306541443]]
        icov: [[0.00116153550334, 0.00155757681932, 0.000649093126412, 0.00131071172655, -0.000253620179137, -0.00121804676019, 0.000304719840642, 0.000577512138989, -0.000477895344375, -0.000222591304919, -0.000794246268924, 0.000623268366326, 5.52899509785e-05], [0.00155757681932, 0.00295541505329, 0.000825790280942, 0.000598648621235, 0.000235120096477, -0.00145439349581, 0.000308977585519, -8.09441917227e-05, -0.000460714596556, -3.42541497957e-05, -0.00061943824403, -0.000481997936731, 0.00120058492757], [0.000649093126412, 0.000825790280942, 0.00401436211541, 0.00162093178369, -0.0010976184858, 0.00015418959083, -0.00252043525688, -0.00100493337959, 0.00102291663643, 0.000239970337134, -0.00149362790398, -0.00118706992362, -0.00028871872928], [0.00131071172655, 0.000598648621235, 0.00162093178369, 0.0105529464781, -0.000375622592401, -0.00516194012016, -0.00115310354158, 0.000948907982092, -0.002696136944, 0.00054611399537, -0.00172384292819, 0.000376453477656, -0.00339435134083], [-0.000253620179137, 0.000235120096477, -0.0010976184858, -0.000375622592401, 0.015815762803, -0.00204438716173, -0.00891555659473, 0.00661261193454, -0.00691698072478, -0.000583732035011, 0.00217994651757, -0.0028160540387, -0.00170911313035], [-0.00121804676019, -0.00145439349581, 0.00015418959083, -0.00516194012016, -0.00204438716173, 0.0170982144773, -0.00100698182359, -0.00597959524021, 0.00256383791566, -0.00205717934296, 0.000834518752526, 0.000700957432855, 0.000433545414126], [0.000304719840642, 0.000308977585519, -0.00252043525688, -0.00115310354158, -0.00891555659473, -0.00100698182359, 0.0242315977812, -0.0105980159715, 0.00253041391261, 0.00233674049377, -0.00806584954262, 0.00255505973473, -0.00253373663872], [0.000577512138989, -8.09441917227e-05, -0.00100493337959, 0.000948907982092, 0.00661261193454, -0.00597959524021, -0.0105980159715, 0.0349844545126, -0.0138259399682, 0.000577821105253, 0.00596967153251, -0.00620297761634, -0.00389168458059], [-0.000477895344375, -0.000460714596556, 0.00102291663643, -0.002696136944, -0.00691698072478, 0.00256383791566, 0.00253041391261, -0.0138259399682, 0.030263017863, -0.00422037858516, 0.00146496051457, 0.00403117295355, -0.00282701710239], [-0.000222591304919, -3.42541497957e-05, 0.000239970337134, 0.00054611399537, -0.000583732035011, -0.00205717934296, 0.00233674049377, 0.000577821105253, -0.00422037858516, 0.0304783321917, -0.0108967684209, -0.00148955534678, 0.00199942220934], [-0.000794246268924, -0.00061943824403, -0.00149362790398, -0.00172384292819, 0.00217994651757, 0.000834518752526, -0.00806584954262, 0.00596967153251, 0.00146496051457, -0.0108967684209, 0.0256781056523, -0.00447908462957, 0.00404416630045], [0.000623268366326, -0.000481997936731, -0.00118706992362, 0.000376453477656, -0.0028160540387, 0.000700957432855, 0.00255505973473, -0.00620297761634, 0.00403117295355, -0.00148955534678, -0.00447908462957, 0.0307458713651, -0.00762356445193], [5.52899509785e-05, 0.00120058492757, -0.00028871872928, -0.00339435134083, -0.00170911313035, 0.000433545414126, -0.00253373663872, -0.00389168458059, -0.00282701710239, 0.00199942220934, 0.00404416630045, -0.00762356445193, 0.0280423164368]]
    spectral_contrast:
        mean: [3.17615501899e-07, -1.4342798238e-07, 4.0606525431e-07, 1.31660343072e-07, 5.20402352322e-07, 5.95494555e-07, 1.42782096191e-06, 1.59138880917e-06, 9.33944079407e-07, 1.88472100149e-07, 2.6341940611e-06, -2.46641820922e-06]
        var: [0.000295209843898, 0.000541250978131, 0.000963334692642, 0.00138767343014, 0.00195903074928, 0.00461662793532, 0.0432834178209, 0.0646475404501, 0.146333873272, 0.293889522552, 0.456841617823, 3.70240449905]

rhythm:
    beats_loudness:
        dmean: 0.00744758686051
        dmean2: 0.0142734339461
        dvar: 1.02073754533e-05
        dvar2: 2.71670687653e-05
        max: 0.0171512197703
        mean: 0.00717050023377
        min: 0.00186222861521
        var: 2.12790127989e-05
    beats_loudness_bass:
        dmean: 0.413724809885
        dmean2: 0.843631327152
        dvar: 0.0817465558648
        dvar2: 0.257167696953
        max: 0.897740364075
        mean: 0.248129934072
        min: 0.0188216976821
        var: 0.085015386343
    bpm: 78.5445785522
    bpm_confidence: 0
    first_peak_bpm: 80
    first_peak_spread: 0.416666686535
    first_peak_weight: 0.583333313465
    onset_rate: 3.19010424614
    second_peak_bpm: 0
    second_peak_spread: 0
    second_peak_weight: 0
    beats_position: [0.114076003432, 0.861338019371, 1.60860013962, 2.35586190224, 3.10312390327, 3.85038566589, 4.59764766693, 5.34490966797, 6.13933515549, 6.92063570023, 7.70193576813, 8.48323631287, 9.2645368576]
    bpm_estimates: [80.4976119995, 80.2699661255, 80.3986282349, 80.4176864624, 80.0643463135, 80.1124343872, 76.8467788696, 77.2268371582, 76.5876998901, 76.7062911987, 76.5643768311, 76.8421401978]
    bpm_intervals: [0.747262001038, 0.747262120247, 0.747261762619, 0.747262001038, 0.747261762619, 0.747262001038, 0.747262001038, 0.794425487518, 0.781300544739, 0.781300067902, 0.781300544739, 0.781300544739]
    onset_times: [0.0464399084449, 1.02167797089, 1.59056687355, 2.35682535172, 3.08825397491, 3.50621318817, 3.73841261864, 4.09832191467, 4.21442174911, 4.58594083786, 5.15482997894, 5.25931978226, 5.35219955444, 5.74693870544, 5.89786863327, 6.00235843658, 6.08362817764, 6.8382768631, 6.9543762207, 7.10530614853, 7.19818592072, 7.44199562073, 7.59292507172, 8.05732440948, 8.13859367371, 8.2198638916, 8.38240337372, 8.62621307373, 8.87002277374, 9.13705253601, 9.22993183136, 9.92653083801]
    rubato_start: []
    rubato_stop: []
    perceptual_tempo: "unknown"

sfx:
    inharmonicity:
        dmean: 0.0363130010664
        dmean2: 0.0627895817161
        dvar: 0.00232302746736
        dvar2: 0.00642614951357
        max: 0.348936200142
        mean: 0.0420199893415
        min: 7.59834802011e-06
        var: 0.00290988828056
    oddtoevenharmonicenergyratio:
        dmean: 1.01875030994
        dmean2: 1.85351264477
        dvar: 7.11349773407
        dvar2: 20.458026886
        max: 31.2335262299
        mean: 0.751278936863
        min: 0.000133272842504
        var: 4.40574741364
    pitch_after_max_to_before_max_energy_ratio: 0.879602968693
    pitch_centroid: 211.171875
    pitch_max_to_total: 0.597222208977
    pitch_min_to_total: 0.414351850748
    tristimulus:
        dmean: [0.191875293851, 0.204938799143, 0.109108768404]
        dmean2: [0.327432543039, 0.34632614255, 0.187277719378]
        dvar: [0.0228073205799, 0.0309767648578, 0.0107648642734]
        dvar2: [0.0628864467144, 0.0895037725568, 0.0324842371047]
        max: [0.988587379456, 0.911938250065, 0.690532565117]
        mean: [0.472527265549, 0.376316636801, 0.11501763761]
        min: [0.0185563750565, 0, 0]
        var: [0.0588219873607, 0.0511102937162, 0.0147178806365]

tonal:
    chords_changes_rate: 0.0230414755642
    chords_number_rate: 0.0138248847798
    chords_strength:
        dmean: 0.00699748285115
        dmean2: 0.00729756522924
        dvar: 3.04207114823e-05
        dvar2: 3.55662668881e-05
        max: 0.703472018242
        mean: 0.574124693871
        min: 0.436564862728
        var: 0.00544980773702
    key_strength: 0.831407666206
    tuning_diatonic_strength: 0.766903758049
    tuning_equal_tempered_deviation: 0.312771677971
    tuning_frequency: 450.805023193
    tuning_nontempered_energy_ratio: 0.915716707706
    hpcp:
        dmean: [0.0698500573635, 0.0559336654842, 0.0538017079234, 0.0749327465892, 0.104137942195, 0.109976403415, 0.111538507044, 0.11744364351, 0.121542468667, 0.112066462636, 0.0902122855186, 0.0836237892509, 0.0915934070945, 0.098443493247, 0.13821618259, 0.201950624585, 0.162225931883, 0.131902486086, 0.126049816608, 0.109283827245, 0.0622188076377, 0.0898418948054, 0.13269752264, 0.130844518542, 0.114296585321, 0.0969830453396, 0.0860865116119, 0.148378252983, 0.25014141202, 0.195132344961, 0.18016974628, 0.127247273922, 0.114811569452, 0.0962116867304, 0.0778964012861, 0.0741257369518]
        dmean2: [0.116048403084, 0.0922382995486, 0.088823877275, 0.12554743886, 0.171907126904, 0.174153655767, 0.188686951995, 0.195919856429, 0.209227398038, 0.186498448253, 0.155833303928, 0.14937287569, 0.166633442044, 0.168525204062, 0.236729621887, 0.347074359655, 0.283178716898, 0.210470587015, 0.204278245568, 0.189155101776, 0.108078226447, 0.151804968715, 0.234846413136, 0.221696510911, 0.20601785183, 0.167714506388, 0.152995437384, 0.269998729229, 0.452709585428, 0.333298653364, 0.309898406267, 0.22563368082, 0.197420358658, 0.174525812268, 0.139420360327, 0.124266214669]
        dvar: [0.0151704382151, 0.00573012186214, 0.00496432976797, 0.00877481605858, 0.0225924029946, 0.0298493485898, 0.0236756037921, 0.0224176775664, 0.024404508993, 0.0217617787421, 0.0152821699157, 0.0189712550491, 0.0247274599969, 0.0119112273678, 0.0259219296277, 0.0579500757158, 0.0373647771776, 0.0353997536004, 0.0295202508569, 0.0252213552594, 0.00760010816157, 0.0226108580828, 0.037002556026, 0.0363984666765, 0.0327181704342, 0.0187232773751, 0.0173377152532, 0.0416074730456, 0.0696962475777, 0.0483384467661, 0.0359712876379, 0.0196786858141, 0.0253710839897, 0.0279773566872, 0.0127446660772, 0.013154534623]
        dvar2: [0.0437233671546, 0.0154478261247, 0.0123076764867, 0.0233577378094, 0.0540613792837, 0.0569774024189, 0.0567609295249, 0.057616814971, 0.0668953359127, 0.0549632757902, 0.0388975813985, 0.0502095036209, 0.075230024755, 0.0361911207438, 0.0666066482663, 0.17125736177, 0.110597483814, 0.0714662671089, 0.0802044942975, 0.0760718509555, 0.0209733247757, 0.0602397397161, 0.0858471915126, 0.0945217758417, 0.0883564278483, 0.0562041029334, 0.0495965927839, 0.12881885469, 0.216027200222, 0.125447064638, 0.0994311645627, 0.0494477897882, 0.0683792307973, 0.086847320199, 0.0400776043534, 0.0392480418086]
        max: [1, 0.595178246498, 0.507197141647, 0.594772934914, 1, 1, 0.989312827587, 1, 1, 1, 0.687793195248, 0.84154355526, 1, 0.702242970467, 1, 1, 1, 1, 1, 1, 0.586193799973, 1, 1, 1, 1, 0.752787590027, 1, 1, 1, 1, 1, 0.830390095711, 0.996440947056, 1, 0.731286108494, 0.927859485149]
        mean: [0.11937738955, 0.0998376607895, 0.103527992964, 0.129692152143, 0.189945623279, 0.237498581409, 0.193156525493, 0.189457923174, 0.218462705612, 0.168273895979, 0.12234994024, 0.103524200618, 0.1130708009, 0.167403995991, 0.224196702242, 0.252419143915, 0.308131605387, 0.304082453251, 0.209429755807, 0.130572870374, 0.0792681723833, 0.108683347702, 0.173690736294, 0.17303326726, 0.146910816431, 0.134414359927, 0.111276328564, 0.158566817641, 0.407890349627, 0.581820905209, 0.461830466986, 0.294963926077, 0.185908228159, 0.109943628311, 0.102469325066, 0.126704692841]
        min: [0.000301223393762, 0.00026161596179, 0.00083975517191, 0.00172399752773, 0.00199605617672, 0.00109968509059, 0.000600685540121, 0.000602774554864, 0.00141787203029, 0.000992582878098, 0.000249075208558, 0.00029535437352, 0.00241160113364, 0.00550630455837, 0.00341841415502, 0.00238884845749, 0.000487811252242, 0.000466272002086, 0.000243850343395, 0.000341771024978, 0.000519374967553, 0.000538620748557, 0.000162247946719, 0.000417622039095, 0.000178123766091, 0.000276991166174, 0.000404188758694, 0.00407624617219, 0.0108155943453, 0.0096744094044, 0.00224604853429, 0.000413712172303, 0.000789211713709, 0.00115048850421, 0.000439332652604, 0.000246387091465]
        var: [0.0247475467622, 0.0132598215714, 0.0113091766834, 0.0163221824914, 0.0530156344175, 0.10294790566, 0.0577918291092, 0.04472912848, 0.0611999668181, 0.0331305786967, 0.019931152463, 0.0182285215706, 0.0191248357296, 0.0196950994432, 0.0484526157379, 0.0777156502008, 0.0988948494196, 0.104373045266, 0.0525182895362, 0.0264695137739, 0.00863959174603, 0.0222048666328, 0.0468430817127, 0.0486900061369, 0.038657553494, 0.020653475076, 0.0164930596948, 0.032499037683, 0.107430666685, 0.115015037358, 0.113545998931, 0.0576808862388, 0.0335110463202, 0.0210532359779, 0.0144256083295, 0.0222197193652]
    chords_histogram: [31.3364048004, 0, 0, 0, 0, 0, 0, 0, 0, 15.6682024002, 0, 0, 0, 0, 0, 0, 0.921658992767, 0, 0, 0, 0, 0, 0, 52.0737342834]
    thpcp: [1, 0.793767392635, 0.506966888905, 0.319528281689, 0.188964724541, 0.176118329167, 0.217772677541, 0.205178931355, 0.171595171094, 0.177937909961, 0.222907349467, 0.326467514038, 0.408198773861, 0.331986218691, 0.325629293919, 0.375481009483, 0.289219409227, 0.210287973285, 0.177931383252, 0.19433952868, 0.287724256516, 0.385336279869, 0.433843374252, 0.529598712921, 0.522639274597, 0.359955698252, 0.224421069026, 0.136241540313, 0.186798632145, 0.298529565334, 0.297399550676, 0.252501785755, 0.231023594737, 0.191255301237, 0.272535443306, 0.701058268547]
    chords_key: "G"
    chords_scale: "major"
    key_key: "B"
    key_scale: "minor"
    chords_progression: ["G", "G", "G", "G", "G", "G", "G", "G", "G", "G", "G", "G", "G", "G", "G", "G", "G", "G", "G", "G", "G", "G", "G", "G", "G", "G", "G", "G", "G", "G", "G", "G", "G", "G", "G", "G", "G", "G", "G", "G", "G", "G", "G", "G", "G", "G", "G", "G", "G", "G", "G", "G", "G", "G", "G", "G", "G", "G", "G", "G", "G", "G", "G", "G", "G", "G", "G", "G", "G", "G", "G", "G", "G", "G", "G", "G", "G", "G", "G", "G", "G", "G", "G", "G", "G", "G", "G", "G", "G", "G", "G", "G", "G", "G", "G", "G", "G", "G", "G", "Bm", "Bm", "Bm", "Bm", "Bm", "Bm", "Bm", "Bm", "Bm", "Bm", "Bm", "Bm", "Bm", "Bm", "Bm", "Bm", "Bm", "Bm", "Bm", "Bm", "Bm", "Bm", "Bm", "Bm", "Bm", "Bm", "Bm", "Bm", "Bm", "Bm", "Bm", "Bm", "Bm", "Bm", "Bm", "F#", "F#", "F#", "F#", "F#", "F#", "F#", "F#", "F#", "F#", "F#", "F#", "F#", "F#", "F#", "F#", "F#", "F#", "F#", "F#", "F#", "F#", "F#", "F#", "F#", "F#", "F#", "F#", "F#", "F#", "F#", "F#", "F#", "F#", "Bm", "Bm", "Bm", "Bm", "Bm", "Bm", "Bm", "Bm", "Bm", "Bm", "Bm", "Bm", "Bm", "Bm", "Bm", "Bm", "Bm", "Bm", "Bm", "Bm", "Bm", "Bm", "Bm", "Bm", "Bm", "Bm", "Bm", "Bm", "Bm", "Bm", "Bm", "Bm", "Bm", "G", "G", "G", "G", "G", "G", "G", "G", "G", "G", "G", "G", "G", "G", "Gm", "Gm"]
