
metadata:
    version:
        essentia: "1.2.2"
    audio_properties:
        analysis_sample_rate: 44100
        bitrate: 128
        channels: 2
        equal_loudness: 1
        length: 10.0571432114
        replay_gain: -10.7936878204
        downmix: "mix"
    tags:
        track: 17
        year: 0
        album: "Splitted by Mp3Splt v. 2.1"
        artist: "From 002.40 To 002.50"
        comment: "http://mp3splt.sf.net"
        genre: ""
        title: "10 Track 10.mp3"

highlevel:
    ballroom:
        all:
            ChaChaCha: 0.133126214147
            Jive: 0.203537344933
            Quickstep: 0.00494802044705
            Rumba-American: 0.000367081986042
            Rumba-International: 0.00072904676199
            Rumba-Misc: 0.000397066993173
            Samba: 0.656153321266
            Tango: 0.000224759511184
            VienneseWaltz: 0.000329583446728
            Waltz: 0.000187583020306
        probability: 0.656153321266
        value: "Samba"
    culture:
        all:
            non_western: 0.0894080102444
            western: 0.910591959953
        probability: 0.910591959953
        value: "western"
    gender:
        all:
            female: 0.878549277782
            male: 0.121450692415
        probability: 0.878549277782
        value: "female"
    genre_dortmund:
        all:
            alternative: 0.090195402503
            blues: 0.000833920727018
            electronic: 0.413015276194
            folkcountry: 0.014929193072
            funksoulrnb: 0.00233463174663
            jazz: 0.010507715866
            pop: 0.0438540764153
            raphiphop: 0.0126496627927
            rock: 0.411680132151
        probability: 0.413015276194
        value: "electronic"
    genre_electronica:
        all:
            ambient: 0.0224765017629
            dnb: 0.0503653287888
            house: 0.00270206155255
            techno: 0.00513349892572
            trance: 0.919322609901
        probability: 0.919322609901
        value: "trance"
    genre_rosamerica:
        all:
            cla: 0.015605811961
            dan: 0.671220362186
            hip: 0.0107956649736
            jaz: 0.00594925088808
            pop: 0.0145672587678
            rhy: 0.0179829653352
            roc: 0.262322813272
            spe: 0.00155588239431
        probability: 0.671220362186
        value: "dan"
    genre_tzanetakis:
        all:
            blu: 0.0128395752981
            cla: 0.0178957358003
            cou: 0.0378069356084
            dis: 0.162727981806
            hip: 0.0629783049226
            jaz: 0.0616602301598
            met: 0.174799755216
            pop: 0.310116797686
            reg: 0.10213829577
            roc: 0.057036396116
        probability: 0.310116797686
        value: "pop"
    live_studio:
        all:
            live: 0.0190807860345
            studio: 0.980919241905
        probability: 0.980919241905
        value: "studio"
    mood:
        all:
            Cluster1: 0.507709145546
            Cluster2: 0.0483502820134
            Cluster3: 0.0253978241235
            Cluster4: 0.0295005328953
            Cluster5: 0.389042258263
        probability: 0.507709145546
        value: "Cluster1"
    mood_acoustic:
        all:
            acoustic: 0.0118133788928
            not_acoustic: 0.988186597824
        probability: 0.988186597824
        value: "not_acoustic"
    mood_aggressive:
        all:
            aggressive: 0.969579398632
            not_aggressive: 0.030420601368
        probability: 0.969579398632
        value: "aggressive"
    mood_electronic:
        all:
            electronic: 0.967732191086
            not_electronic: 0.0322678349912
        probability: 0.967732191086
        value: "electronic"
    mood_happy:
        all:
            happy: 0.30222260952
            not_happy: 0.69777739048
        probability: 0.69777739048
        value: "not_happy"
    mood_party:
        all:
            not_party: 0.185030683875
            party: 0.814969301224
        probability: 0.814969301224
        value: "party"
    mood_relaxed:
        all:
            not_relaxed: 0.95516115427
            relaxed: 0.044838834554
        probability: 0.95516115427
        value: "not_relaxed"
    mood_sad:
        all:
            not_sad: 0.835813343525
            sad: 0.164186671376
        probability: 0.835813343525
        value: "not_sad"
    rhythm:
        all:
            fast: 0.692785441875
            medium: 0.303255200386
            slow: 0.00395935913548
        probability: 0.692785441875
        value: "fast"
    speech_music:
        all:
            music: 0.999463438988
            speech: 0.00053654279327
        probability: 0.999463438988
        value: "music"
    timbre:
        all:
            bright: 0.177113428712
            dark: 0.822886586189
        probability: 0.822886586189
        value: "dark"
    voice_instrumental:
        all:
            instrumental: 0.199085697532
            voice: 0.800914287567
        probability: 0.800914287567
        value: "voice"

lowlevel:
    average_loudness: 0.979284703732
    barkbands_kurtosis:
        dmean: 0.879110455513
        dmean2: 1.46084296703
        dvar: 1.11561834812
        dvar2: 2.52970480919
        max: 8.35419178009
        mean: -0.630925059319
        min: -1.78530144691
        var: 1.56863188744
    barkbands_skewness:
        dmean: 0.539489448071
        dmean2: 0.846606791019
        dvar: 0.177990108728
        dvar2: 0.392602413893
        max: 3.04637956619
        mean: 0.566170632839
        min: -1.72026669979
        var: 0.40747448802
    barkbands_spread:
        dmean: 7.62968683243
        dmean2: 11.2731761932
        dvar: 35.7019195557
        dvar2: 78.2722549438
        max: 64.6835784912
        mean: 38.305557251
        min: 13.6602745056
        var: 90.7978744507
    dissonance:
        dmean: 0.0144713912159
        dmean2: 0.022676397115
        dvar: 0.000805617892183
        dvar2: 0.000942236219998
        max: 0.500000178814
        mean: 0.476010322571
        min: 0.00218264129944
        var: 0.000943853461649
    hfc:
        dmean: 3.75451850891
        dmean2: 5.43920040131
        dvar: 16.5381755829
        dvar2: 35.9680938721
        max: 25.0613861084
        mean: 4.78112125397
        min: 0.000264341855654
        var: 23.3375015259
    pitch:
        dmean: 1076.09240723
        dmean2: 2038.21984863
        dvar: 2101534
        dvar2: 4251064.5
        max: 4410
        mean: 1199.81958008
        min: 76.8292694092
        var: 2325005.25
    pitch_instantaneous_confidence:
        dmean: 0.0847520530224
        dmean2: 0.14095582068
        dvar: 0.00516836624593
        dvar2: 0.012804120779
        max: 0.662920176983
        mean: 0.288850665092
        min: 0.136723875999
        var: 0.00853687804192
    pitch_salience:
        dmean: 0.0788276568055
        dmean2: 0.12945689261
        dvar: 0.00475523620844
        dvar2: 0.0121427336708
        max: 0.948934495449
        mean: 0.655926346779
        min: 0.384357869625
        var: 0.00817531719804
    silence_rate_20dB:
        dmean: 0
        dmean2: 0
        dvar: 0
        dvar2: 0
        max: 1
        mean: 1
        min: 1
        var: 0
    silence_rate_30dB:
        dmean: 0
        dmean2: 0
        dvar: 0
        dvar2: 0
        max: 1
        mean: 1
        min: 1
        var: 0
    silence_rate_60dB:
        dmean: 0.327188938856
        dmean2: 0.655889153481
        dvar: 0.220136895776
        dvar2: 0.308840274811
        max: 1
        mean: 0.627586185932
        min: 0
        var: 0.233722507954
    spectral_centroid:
        dmean: 440.082855225
        dmean2: 690.092834473
        dvar: 143042.65625
        dvar2: 311835.53125
        max: 3358.33154297
        mean: 1397.87316895
        min: 406.844055176
        var: 295264.0625
    spectral_complexity:
        dmean: 6.58660507202
        dmean2: 9.86111068726
        dvar: 49.9838638306
        dvar2: 105.059387207
        max: 42
        mean: 10.2903223038
        min: 0
        var: 72.0355377197
    spectral_crest:
        dmean: 1.97514510155
        dmean2: 3.22301268578
        dvar: 3.0489461422
        dvar2: 7.77660608292
        max: 15.5793199539
        mean: 5.94202899933
        min: 2.69202780724
        var: 4.68547534943
    spectral_decrease:
        dmean: 5.19410237043e-10
        dmean2: 7.33172800249e-10
        dvar: 3.32847810818e-19
        dvar2: 7.3041774828e-19
        max: -2.34486841294e-14
        mean: -7.58425156011e-10
        min: -4.20062518103e-09
        var: 4.91194581889e-19
    spectral_energy:
        dmean: 0.00228165183216
        dmean2: 0.00320018082857
        dvar: 5.99090890319e-06
        dvar2: 1.31234046421e-05
        max: 0.0167329479009
        mean: 0.00329613266513
        min: 1.12477444247e-07
        var: 9.05428714759e-06
    spectral_energyband_high:
        dmean: 0.000296497571981
        dmean2: 0.000450165709481
        dvar: 1.32567691935e-07
        dvar2: 3.03526576317e-07
        max: 0.00214595464058
        mean: 0.000329886679538
        min: 1.60172390906e-08
        var: 1.62680066751e-07
    spectral_energyband_low:
        dmean: 0.000494343694299
        dmean2: 0.000764609430917
        dvar: 5.1828112646e-07
        dvar2: 9.55512746259e-07
        max: 0.00575578259304
        mean: 0.000586753943935
        min: 5.07950437267e-09
        var: 7.30677129468e-07
    spectral_energyband_middle_high:
        dmean: 0.000784154050052
        dmean2: 0.00112749834079
        dvar: 6.6014007416e-07
        dvar2: 1.37337360684e-06
        max: 0.00514786038548
        mean: 0.00104078208096
        min: 5.36017239483e-08
        var: 1.00788122381e-06
    spectral_energyband_middle_low:
        dmean: 0.00099236133974
        dmean2: 0.00154250836931
        dvar: 1.9933565909e-06
        dvar2: 5.00242094859e-06
        max: 0.00957569014281
        mean: 0.00133868237026
        min: 3.75284905374e-08
        var: 1.91665253624e-06
    spectral_flatness_db:
        dmean: 0.0191750247031
        dmean2: 0.0306694433093
        dvar: 0.000249129720032
        dvar2: 0.000654653122183
        max: 0.180843278766
        mean: 0.112259365618
        min: 0.0637643709779
        var: 0.000488242774736
    spectral_flux:
        dmean: 0.0146444514394
        dmean2: 0.0214441306889
        dvar: 0.000185703494935
        dvar2: 0.000386308529414
        max: 0.0985272303224
        mean: 0.0394468717277
        min: 0.00604979507625
        var: 0.000342289218679
    spectral_kurtosis:
        dmean: 0.875635743141
        dmean2: 1.40448153019
        dvar: 0.871344387531
        dvar2: 2.00778985023
        max: 8.75028419495
        mean: 2.37768578529
        min: -0.0592832565308
        var: 1.54167246819
    spectral_rms:
        dmean: 0.000594885554165
        dmean2: 0.000789705605712
        dvar: 2.48532927571e-07
        dvar2: 5.13555903581e-07
        max: 0.00404039956629
        mean: 0.00164765410591
        min: 1.04754044514e-05
        var: 5.00972475947e-07
    spectral_rolloff:
        dmean: 779.223449707
        dmean2: 1239.20629883
        dvar: 553957.875
        dvar2: 1154551.875
        max: 5017.23632812
        mean: 3044.76611328
        min: 236.865234375
        var: 1094758.25
    spectral_skewness:
        dmean: 0.175270646811
        dmean2: 0.270974785089
        dvar: 0.0264033768326
        dvar2: 0.0588918700814
        max: 2.23275232315
        mean: 1.3285741806
        min: 0.764292538166
        var: 0.0601370111108
    spectral_spread:
        dmean: 922399.3125
        dmean2: 1289588.5
        dvar: 979661619200
        dvar2: 2.19938370355e+12
        max: 18617168
        mean: 6465705.5
        min: 3596212
        var: 2.10520611226e+12
    spectral_strongpeak:
        dmean: 0.143028154969
        dmean2: 0.241953164339
        dvar: 0.0224358756095
        dvar2: 0.0621682591736
        max: 1.0534362793
        mean: 0.185284614563
        min: 7.45746074244e-05
        var: 0.0276793334633
    zerocrossingrate:
        dmean: 0.0135173844174
        dmean2: 0.0164738409221
        dvar: 0.000114253445645
        dvar2: 0.000171932493686
        max: 0.1650390625
        mean: 0.0886590480804
        min: 0.0087890625
        var: 0.000504978233948
    barkbands:
        dmean: [4.96043185194e-07, 0.00017750178813, 0.000417645525886, 0.000548829208128, 0.000375812000129, 0.000101109530078, 6.46048501949e-05, 6.57997952658e-05, 8.03095826996e-05, 4.40377734776e-05, 5.59724176128e-05, 4.21340628236e-05, 3.46358865499e-05, 4.15493123e-05, 4.40284893557e-05, 7.71326958784e-05, 0.000115751739941, 0.000155317044118, 0.000208073572139, 0.00017626133922, 0.00014004240802, 4.5503005822e-05, 1.32701170514e-05, 8.45954036777e-06, 9.09772643354e-06, 2.40297993059e-07, 1.15600751194e-09]
        dmean2: [7.37104414839e-07, 0.000289284886094, 0.000659465848003, 0.00094529602211, 0.000589462753851, 0.000154652414494, 9.50939429458e-05, 0.000100743309304, 0.000117627161671, 6.97810392012e-05, 9.07013964024e-05, 6.75109113217e-05, 5.70318334212e-05, 6.43716775812e-05, 6.95786511642e-05, 0.000115317001473, 0.000183543990715, 0.000238446154981, 0.000318320846418, 0.000267371098744, 0.000213000559597, 7.22983095329e-05, 2.04799744097e-05, 1.33550593091e-05, 1.41478258229e-05, 3.72972920104e-07, 1.85094883864e-09]
        dvar: [4.12966942543e-13, 8.66000533506e-08, 4.41357911996e-07, 1.13822591175e-06, 2.30785900612e-07, 1.38270870309e-08, 5.09404429749e-09, 5.86473269948e-09, 7.19584347664e-09, 2.40631736759e-09, 1.04554773728e-08, 4.91043783413e-09, 2.1669399608e-09, 3.55126483775e-09, 2.98796898335e-09, 6.88459911302e-09, 2.71609046365e-08, 4.58759714661e-08, 5.31019814787e-08, 4.61541809216e-08, 3.01247062851e-08, 3.77646847127e-09, 3.187566322e-10, 1.89449692045e-10, 2.60541949126e-10, 1.10633229737e-13, 6.71256934738e-17]
        dvar2: [9.01129594121e-13, 2.13789817849e-07, 9.19160015656e-07, 2.99667408399e-06, 5.94569144141e-07, 3.07175902492e-08, 8.90140317011e-09, 1.40124152281e-08, 1.50051810976e-08, 5.45789102802e-09, 2.59514969514e-08, 1.32502009365e-08, 5.49281020668e-09, 8.93381457701e-09, 7.43225658795e-09, 1.54989763246e-08, 6.37629753442e-08, 1.02576777294e-07, 1.17512890085e-07, 1.05674772044e-07, 6.96504969255e-08, 8.69281180371e-09, 7.76313902051e-10, 4.90271045983e-10, 6.42239206261e-10, 2.83133136077e-13, 1.68075622758e-16]
        max: [5.52599431103e-06, 0.00225097173825, 0.00528830196708, 0.00772788980976, 0.00292901322246, 0.00101810251363, 0.000630772672594, 0.000737854861654, 0.000778406159952, 0.000482587667648, 0.00139533437323, 0.000856846454553, 0.000363003608072, 0.000426789803896, 0.000544597045518, 0.000597106001806, 0.00124199851416, 0.00167665816844, 0.00172224454582, 0.00152880814858, 0.00118815409951, 0.000375000934582, 0.000108461776108, 8.3645034465e-05, 9.83357749647e-05, 1.90256014321e-06, 1.2121425641e-07]
        mean: [6.30421311598e-07, 0.000182991614565, 0.000403160258429, 0.000436371774413, 0.000383262493415, 0.000144658071804, 0.000114570953883, 0.000110038825369, 0.000137925060699, 5.69526273466e-05, 6.05210952926e-05, 5.68111827306e-05, 4.12257322751e-05, 4.48957034678e-05, 5.59570544283e-05, 8.83411921677e-05, 0.000128697691252, 0.000193813189981, 0.000222758826567, 0.000192147766938, 0.000162129974342, 4.68296930194e-05, 1.43030474646e-05, 8.50125979923e-06, 8.41433939058e-06, 2.22800252914e-07, 8.0739531727e-10]
        min: [4.22871321293e-10, 1.92354909778e-09, 2.91932877872e-09, 4.37657465824e-09, 1.45711167576e-08, 1.17318661452e-08, 4.16427292649e-09, 4.3895292956e-10, 1.8551784553e-09, 2.39296360505e-09, 1.62954538752e-09, 1.39047451331e-09, 2.81619533249e-10, 6.52802326084e-11, 4.14872303178e-10, 1.17696818958e-09, 1.20054632902e-08, 8.0882500697e-09, 1.81770811736e-08, 1.11114646373e-08, 5.88209037033e-09, 2.85771140085e-09, 3.0946354368e-09, 6.87403522992e-10, 4.34967645235e-10, 1.61960153622e-10, 2.96073712422e-12]
        var: [6.10439758637e-13, 8.88499442908e-08, 4.90110096507e-07, 8.5147360096e-07, 2.31757809388e-07, 1.92577083169e-08, 1.25551977703e-08, 9.88315385086e-09, 1.43818272846e-08, 4.03056832354e-09, 1.03354258485e-08, 5.51145840078e-09, 2.17483386855e-09, 3.56381435473e-09, 4.25451096575e-09, 8.69583605123e-09, 2.84385190952e-08, 5.654570856e-08, 6.68149979788e-08, 5.8585271745e-08, 3.76998308127e-08, 4.10129530337e-09, 3.49368062258e-10, 1.70523054011e-10, 2.36223818284e-10, 1.04611591199e-13, 3.40332775861e-17]
    mfcc:
        mean: [-714.661560059, 98.0568466187, -21.9285640717, 51.448425293, -9.94458866119, -3.7155880928, 1.86718654633, -0.760680019855, 2.77109217644, -3.33144307137, 0.216089397669, -0.587803244591, -4.87756967545]
        cov: [[3329.46142578, -727.727111816, -79.1361923218, 3.75973844528, 170.950454712, 124.777313232, 122.667755127, -23.3867549896, -18.8389129639, -98.5773849487, -178.973190308, -290.484741211, -145.326751709], [-727.727111816, 555.660339355, -75.989982605, 72.0040283203, -27.9998035431, 35.7092170715, -37.8068161011, 0.846536040306, 10.3852090836, 56.8012237549, 61.9625930786, 79.3122406006, 31.776676178], [-79.1361923218, -75.989982605, 193.561843872, 4.12602710724, 16.3645744324, -42.016784668, -2.25899934769, -0.184077724814, 6.17154502869, 11.3686761856, 12.8187131882, 19.3331565857, 0.694015264511], [3.75973844528, 72.0040283203, 4.12602710724, 138.867507935, 46.8276138306, 24.678352356, -14.0562086105, 1.8830165863, -1.29042708874, 13.6398563385, 6.61514568329, 8.31114959717, 2.74024510384], [170.950454712, -27.9998035431, 16.3645744324, 46.8276138306, 96.0035552979, 34.8541374207, 9.89686107635, 8.50626087189, -7.89954948425, -0.261933267117, -11.708738327, -27.7269592285, -15.5434522629], [124.777313232, 35.7092170715, -42.016784668, 24.678352356, 34.8541374207, 98.5538635254, 36.3678131104, 8.92151546478, -0.685563504696, -1.21616590023, -16.6908531189, -13.3397579193, -6.71629619598], [122.667755127, -37.8068161011, -2.25899934769, -14.0562086105, 9.89686107635, 36.3678131104, 63.8084220886, 30.3347759247, 1.84958064556, -12.8653316498, -23.7530059814, -24.1999950409, -2.53140854836], [-23.3867549896, 0.846536040306, -0.184077724814, 1.8830165863, 8.50626087189, 8.92151546478, 30.3347759247, 68.5044250488, 18.6821269989, 9.97219467163, -0.064590908587, -2.71722817421, 5.95516109467], [-18.8389129639, 10.3852090836, 6.17154502869, -1.29042708874, -7.89954948425, -0.685563504696, 1.84958064556, 18.6821269989, 51.5302619934, 31.9887142181, 14.5785799026, 11.1585922241, 3.29049015045], [-98.5773849487, 56.8012237549, 11.3686761856, 13.6398563385, -0.261933267117, -1.21616590023, -12.8653316498, 9.97219467163, 31.9887142181, 72.9421920776, 47.4290390015, 30.6241798401, 11.5438690186], [-178.973190308, 61.9625930786, 12.8187131882, 6.61514568329, -11.708738327, -16.6908531189, -23.7530059814, -0.064590908587, 14.5785799026, 47.4290390015, 74.8776779175, 61.681350708, 17.4766292572], [-290.484741211, 79.3122406006, 19.3331565857, 8.31114959717, -27.7269592285, -13.3397579193, -24.1999950409, -2.71722817421, 11.1585922241, 30.6241798401, 61.681350708, 97.097694397, 35.3277893066], [-145.326751709, 31.776676178, 0.694015264511, 2.74024510384, -15.5434522629, -6.71629619598, -2.53140854836, 5.95516109467, 3.29049015045, 11.5438690186, 17.4766292572, 35.3277893066, 46.9946670532]]
        icov: [[0.000628746987786, 0.000780949310865, 0.00044180691475, -0.000365149404388, -0.000331962044584, -0.000417524832301, -0.00057348550763, 0.00066701049218, -0.000368974375306, -8.83538305061e-05, -0.000323507381836, 0.000974081689492, 0.00058175844606], [0.000780949310865, 0.00363006582484, 0.00139791378751, -0.00166335736867, 0.000929176050704, -0.00196627178229, 0.000739560287911, 0.000119988369988, 0.000470323953778, -0.00156019465066, -0.000477290566778, -8.89452858246e-05, 0.000682420213707], [0.00044180691475, 0.00139791378751, 0.00761197414249, -0.000837404222693, -0.00334585481323, 0.00491056917235, -0.00417627999559, 0.00193222949747, -0.000476521672681, -0.00243028928526, 0.00232759793289, -0.00401274580508, 0.00226406706497], [-0.000365149404388, -0.00166335736867, -0.000837404222693, 0.0106602376327, -0.00505739450455, -0.00162690307479, 0.00432153744623, -0.00143825670239, 0.000482391187688, -0.000739305920433, 0.00203285436146, -0.00170300737955, -0.00143183930777], [-0.000331962044584, 0.000929176050704, -0.00334585481323, -0.00505739450455, 0.0188972614706, -0.0075916564092, 0.00402138521895, -0.00400658883154, 0.00409429287538, -0.000574695877731, -0.00401335163042, 0.0064618899487, 0.00106840953231], [-0.000417524832301, -0.00196627178229, 0.00491056917235, -0.00162690307479, -0.0075916564092, 0.0221251808107, -0.0152808362618, 0.0049014617689, -0.000373308750568, -0.00434824405238, 0.00719291297719, -0.00770059926435, 0.00347577827051], [-0.00057348550763, 0.000739560287911, -0.00417627999559, 0.00432153744623, 0.00402138521895, -0.0152808362618, 0.0363857485354, -0.0151949534193, 0.00113226089161, 0.0042415028438, 0.000531740020961, 0.00592133682221, -0.00520241679624], [0.00066701049218, 0.000119988369988, 0.00193222949747, -0.00143825670239, -0.00400658883154, 0.0049014617689, -0.0151949534193, 0.023893725127, -0.00779751222581, -0.00109422835521, -0.000735107227229, 0.000336686702212, -0.00159908109345], [-0.000368974375306, 0.000470323953778, -0.000476521672681, 0.000482391187688, 0.00409429287538, -0.000373308750568, 0.00113226089161, -0.00779751222581, 0.0318035893142, -0.016680829227, 0.00662315357476, -0.00406713178381, 0.00333484238945], [-8.83538305061e-05, -0.00156019465066, -0.00243028928526, -0.000739305920433, -0.000574695877731, -0.00434824405238, 0.0042415028438, -0.00109422835521, -0.016680829227, 0.0363476537168, -0.0250630378723, 0.0102927861735, -0.00576111767441], [-0.000323507381836, -0.000477290566778, 0.00232759793289, 0.00203285436146, -0.00401335163042, 0.00719291297719, 0.000531740020961, -0.000735107227229, 0.00662315357476, -0.0250630378723, 0.0499011017382, -0.0285894107074, 0.00761889154091], [0.000974081689492, -8.89452858246e-05, -0.00401274580508, -0.00170300737955, 0.0064618899487, -0.00770059926435, 0.00592133682221, 0.000336686702212, -0.00406713178381, 0.0102927861735, -0.0285894107074, 0.0374131128192, -0.0151925487444], [0.00058175844606, 0.000682420213707, 0.00226406706497, -0.00143183930777, 0.00106840953231, 0.00347577827051, -0.00520241679624, -0.00159908109345, 0.00333484238945, -0.00576111767441, 0.00761889154091, -0.0151925487444, 0.0332083590329]]
    spectral_contrast:
        mean: [2.57405531556e-07, 3.06366501945e-07, 1.15625631736e-07, -2.20358643332e-07, 2.42092369263e-07, 1.37046043847e-07, 1.82659398718e-08, 3.70880968603e-07, 5.53197025965e-07, -6.57573821172e-07, 1.84252519375e-06, 1.85680823961e-06]
        var: [0.000243612594204, 0.000412512250477, 0.000568177667446, 0.00122278148774, 0.00190850067884, 0.0043519390747, 0.037689499557, 0.0636331960559, 0.136333867908, 0.163430392742, 0.259037137032, 1.65745270252]

rhythm:
    beats_loudness:
        dmean: 0.00256692571566
        dmean2: 0.00417574960738
        dvar: 4.65977018393e-06
        dvar2: 1.36409589686e-05
        max: 0.0147462431341
        mean: 0.00537303183228
        min: 0.00198861584067
        var: 1.0046935131e-05
    beats_loudness_bass:
        dmean: 0.169333308935
        dmean2: 0.305754899979
        dvar: 0.0134588154033
        dvar2: 0.0468012019992
        max: 0.67262083292
        mean: 0.306455522776
        min: 0.0773302465677
        var: 0.02757326141
    bpm: 125.789085388
    bpm_confidence: 0
    first_peak_bpm: 126
    first_peak_spread: 0
    first_peak_weight: 0.949999988079
    onset_rate: 8.15340900421
    second_peak_bpm: 79
    second_peak_spread: 0
    second_peak_weight: 0.0500000007451
    beats_position: [0.034227848053, 0.511139273643, 0.988050758839, 1.46496224403, 1.94187366962, 2.41878509521, 2.89569664001, 3.3726079464, 3.8495194912, 4.32643079758, 4.80334234238, 5.28025388718, 6.03587913513, 6.51294612885, 6.99001312256, 7.46708059311, 7.94414806366, 8.42121601105, 8.89828300476, 9.37534999847, 9.85241794586]
    bpm_estimates: [125.977867126, 125.857032776, 125.944526672, 125.686325073, 125.460494995, 125.89982605, 125.882713318, 125.872207642, 125.832901001, 125.764808655, 125.727645874, 125.904029846, 125.783950806, 125.868896484, 125.71282196, 125.575752258, 125.765029907, 125.926239014, 125.807144165, 125.738510132, 125.74131012, 125.629852295]
    bpm_intervals: [0.476911425591, 0.476911485195, 0.476911485195, 0.476911425591, 0.476911425591, 0.4769115448, 0.476911306381, 0.4769115448, 0.476911306381, 0.4769115448, 0.4769115448, 0.755625247955, 0.477066993713, 0.477066993713, 0.477067470551, 0.477067470551, 0.477067947388, 0.477066993713, 0.477066993713, 0.477067947388]
    onset_times: [0.0348299331963, 0.162539675832, 0.27863946557, 0.417959183455, 0.510838985443, 0.650158703327, 0.766258478165, 0.882358253002, 0.99845802784, 1.1261677742, 1.23065757751, 1.369977355, 1.48607707024, 1.6137868166, 1.72988665104, 1.8575963974, 1.95047616959, 2.08979582787, 2.19428563118, 2.33360552788, 2.43809533119, 2.56580495834, 2.68190479279, 2.80961441994, 2.91410422325, 3.04181408882, 3.15791392326, 3.29723358154, 3.39011335373, 3.52943301201, 3.63392281532, 3.77324271202, 3.87773251534, 4.00544214249, 4.1099319458, 4.26086187363, 4.35374164581, 4.49306106567, 4.59755086899, 4.72526073456, 4.841360569, 4.95746040344, 5.07356023788, 5.21287965775, 5.31736946106, 5.44507932663, 5.56117916107, 5.68888902664, 5.79337882996, 5.93269824982, 6.03718805313, 6.17650794983, 6.28099775314, 6.40870761871, 6.51319742203, 6.65251684189, 6.7570066452, 6.88471651077, 6.98920631409, 7.14013624191, 7.2330160141, 7.37233543396, 7.47682523727, 7.61614513397, 7.72063493729, 7.84834480286, 7.95283460617, 8.09215450287, 8.19664382935, 8.33596324921, 8.44045352936, 8.55655288696, 8.68426322937, 8.80036258698, 8.91646289825, 9.05578231812, 9.16027164459, 9.287981987, 9.4040813446, 9.53179168701, 9.63628101349, 9.8800907135]
    rubato_start: []
    rubato_stop: []
    perceptual_tempo: "unknown"

sfx:
    inharmonicity:
        dmean: 0.0416929759085
        dmean2: 0.0730152875185
        dvar: 0.00201067025773
        dvar2: 0.0058473222889
        max: 0.315793335438
        mean: 0.0471703745425
        min: 0
        var: 0.00193219922949
    oddtoevenharmonicenergyratio:
        dmean: 1.27451229095
        dmean2: 2.31619572639
        dvar: 9.75376319885
        dvar2: 27.1938724518
        max: 27.9059753418
        mean: 0.935941398144
        min: 0
        var: 6.38011217117
    pitch_after_max_to_before_max_energy_ratio: 5.57163619995
    pitch_centroid: 217.103729248
    pitch_max_to_total: 0.135944694281
    pitch_min_to_total: 0.283410131931
    tristimulus:
        dmean: [0.203088819981, 0.228866741061, 0.133132249117]
        dmean2: [0.335970520973, 0.386561393738, 0.236142709851]
        dvar: [0.0249833073467, 0.0312343556434, 0.0111677832901]
        dvar2: [0.0739214271307, 0.096336401999, 0.032090075314]
        max: [1, 0.946270167828, 0.562171757221]
        mean: [0.398264795542, 0.397593706846, 0.160151869059]
        min: [0.0348432324827, 0, 0]
        var: [0.0386998318136, 0.0425454676151, 0.0153761953115]

tonal:
    chords_changes_rate: 0.0366972461343
    chords_number_rate: 0.00917431153357
    chords_strength:
        dmean: 0.00464565958828
        dmean2: 0.00653744535521
        dvar: 1.91947983694e-05
        dvar2: 2.93123302981e-05
        max: 0.69758939743
        mean: 0.649047315121
        min: 0.582939743996
        var: 0.000709168205503
    key_strength: 0.772326529026
    tuning_diatonic_strength: 0.693809211254
    tuning_equal_tempered_deviation: 0.121396973729
    tuning_frequency: 436.708374023
    tuning_nontempered_energy_ratio: 0.750714421272
    hpcp:
        dmean: [0.145687788725, 0.16578373313, 0.233294457197, 0.322331041098, 0.303290754557, 0.25266495347, 0.174404323101, 0.139205619693, 0.111557483673, 0.103973351419, 0.111523851752, 0.138476625085, 0.142780706286, 0.109299488366, 0.102149128914, 0.134040683508, 0.196181833744, 0.268258005381, 0.293911784887, 0.267864853144, 0.264256447554, 0.19334051013, 0.157697692513, 0.17436593771, 0.169186711311, 0.15736207366, 0.159762784839, 0.126962333918, 0.118906714022, 0.157792031765, 0.148779913783, 0.108118757606, 0.109732024372, 0.134334251285, 0.15116302669, 0.147428959608]
        dmean2: [0.271386325359, 0.301597625017, 0.405422747135, 0.544799923897, 0.506399095058, 0.443033099174, 0.314731866121, 0.257744342089, 0.208753526211, 0.193733781576, 0.198352336884, 0.244789019227, 0.257403850555, 0.194988667965, 0.177911475301, 0.238969147205, 0.358529806137, 0.455947697163, 0.516050338745, 0.451896637678, 0.473017722368, 0.350420117378, 0.289600998163, 0.314942926168, 0.305778682232, 0.284292936325, 0.29741063714, 0.231237336993, 0.216016501188, 0.283033877611, 0.262060523033, 0.19102846086, 0.195160597563, 0.237894758582, 0.269282221794, 0.273110330105]
        dvar: [0.0412203930318, 0.0405128113925, 0.0391476601362, 0.0511545725167, 0.0528947375715, 0.0508638583124, 0.0280468724668, 0.0273841563612, 0.0170106049627, 0.0206855423748, 0.0164453163743, 0.0263938680291, 0.0336490347981, 0.0161520689726, 0.015267457813, 0.0286275818944, 0.0439809933305, 0.0408518835902, 0.0599005669355, 0.0404989942908, 0.0586252734065, 0.0474713370204, 0.0437706597149, 0.0535479858518, 0.0412289537489, 0.0444539897144, 0.0565047897398, 0.0357242412865, 0.0188835617155, 0.0244096647948, 0.023235829547, 0.0158649031073, 0.0171210803092, 0.0222415998578, 0.0289127007127, 0.0411699898541]
        dvar2: [0.120916299522, 0.108180701733, 0.109607554972, 0.130404964089, 0.124683387578, 0.138416007161, 0.0799773782492, 0.0780315697193, 0.048297572881, 0.0606147907674, 0.0478168092668, 0.0732738748193, 0.0959777757525, 0.0444156378508, 0.0427682101727, 0.0842996314168, 0.120323210955, 0.116083435714, 0.14533944428, 0.110950283706, 0.161773264408, 0.133053421974, 0.117161698639, 0.148359671235, 0.120546549559, 0.122762784362, 0.146336421371, 0.100032538176, 0.0541710518301, 0.0685235336423, 0.0584667026997, 0.0426677428186, 0.0493750311434, 0.059077642858, 0.0825726315379, 0.124882228673]
        max: [1, 1, 1, 1, 1, 1, 0.96104156971, 1, 0.897233724594, 1, 1, 1, 1, 0.776211500168, 1, 0.925275683403, 1, 1, 1, 1, 1, 1, 1, 1, 1, 1, 1, 1, 0.91016048193, 1, 1, 0.927062511444, 0.905487239361, 1, 1, 1]
        mean: [0.131991744041, 0.154622524977, 0.325567156076, 0.590084433556, 0.569183766842, 0.312087655067, 0.167258694768, 0.13490433991, 0.116795226932, 0.107545346022, 0.129583492875, 0.165663048625, 0.156422480941, 0.123358234763, 0.119156725705, 0.13214468956, 0.187102198601, 0.423815667629, 0.636094689369, 0.493514537811, 0.267730295658, 0.174791052938, 0.152449443936, 0.164800450206, 0.170134484768, 0.159582436085, 0.141393512487, 0.119102738798, 0.125577867031, 0.194577395916, 0.216041490436, 0.15379011631, 0.123393721879, 0.134844616055, 0.150167033076, 0.146814525127]
        min: [0.00607694825158, 0.00640486367047, 0.0235956311226, 0.037346933037, 0.027062015608, 0.0129608111456, 0.00825745426118, 0.00813318323344, 0.00809492170811, 0.0129216844216, 0.0141688995063, 0.0172858722508, 0.0164859779179, 0.00800396502018, 0.00785451568663, 0.00470132054761, 0.00730080716312, 0.0390966199338, 0.0539332516491, 0.0598118565977, 0.0154151553288, 0.00619044248015, 0.00662768399343, 0.00944418739527, 0.0121337873861, 0.000602849817369, 0.00678174290806, 0.00510798534378, 0.00617774017155, 0.0141345076263, 0.0181662291288, 0.016211759299, 0.0083484724164, 0.00727241532877, 0.00716328108683, 0.00545654445887]
        var: [0.0304112415761, 0.0339981652796, 0.0482722148299, 0.0935429334641, 0.092479236424, 0.0618174150586, 0.0274907127023, 0.0215895008296, 0.0149666648358, 0.0158997792751, 0.0144371734932, 0.0223384648561, 0.0257699564099, 0.0150319291279, 0.015387121588, 0.0236397664994, 0.0386700890958, 0.0624354742467, 0.0867269784212, 0.0732047706842, 0.0655148029327, 0.0417109243572, 0.0355740189552, 0.0468810722232, 0.0354744568467, 0.0340652801096, 0.043383281678, 0.0270373355597, 0.0153888072819, 0.0248592663556, 0.0287229269743, 0.0177311878651, 0.0156615171582, 0.0220745652914, 0.0260881390423, 0.0311694070697]
    chords_histogram: [82.1100921631, 0, 0, 0, 0, 0, 0, 0, 0, 0, 0, 0, 0, 0, 0, 0, 0, 17.8899078369, 0, 0, 0, 0, 0, 0]
    thpcp: [1, 0.775850772858, 0.420896917582, 0.274787783623, 0.239664703608, 0.259081631899, 0.267467230558, 0.250878423452, 0.222283750772, 0.187240585685, 0.197420090437, 0.305893748999, 0.339637309313, 0.24177236855, 0.193986400962, 0.211988270283, 0.236076533794, 0.230806082487, 0.207503288984, 0.243080988526, 0.511821866035, 0.927667617798, 0.894809782505, 0.490630805492, 0.262946218252, 0.212082162499, 0.183612957597, 0.169071286917, 0.203717306256, 0.260437726974, 0.245910689235, 0.193930611014, 0.187325447798, 0.207743734121, 0.294142067432, 0.666277647018]
    chords_key: "D#"
    chords_scale: "major"
    key_key: "D#"
    key_scale: "major"
    chords_progression: ["D#", "D#", "D#", "D#", "D#", "D#", "D#", "D#", "D#", "D#", "D#", "D#", "D#", "D#", "D#", "D#", "D#", "D#", "D#", "D#", "D#", "D#", "D#", "D#", "D#", "D#", "D#", "D#", "D#", "D#", "D#", "D#", "D#", "D#", "D#", "D#", "D#", "D#", "D#", "D#", "D#", "D#", "D#", "D#", "D#", "D#", "D#", "D#", "D#", "D#", "D#", "D#", "D#", "D#", "D#", "D#", "D#", "D#", "D#", "D#", "D#", "D#", "D#", "D#", "D#", "D#", "D#", "D#", "D#", "D#", "D#", "D#", "D#", "D#", "D#", "D#", "D#", "D#", "D#", "D#", "D#", "D#", "D#", "D#", "D#", "D#", "D#", "D#", "D#", "D#m", "D#m", "D#", "D#", "D#", "D#", "D#", "D#", "D#", "D#", "D#", "D#", "D#", "D#", "D#", "D#", "D#", "D#", "D#", "D#", "D#", "D#", "D#", "D#", "D#", "D#", "D#", "D#", "D#", "D#", "D#", "D#", "D#", "D#", "D#", "D#", "D#", "D#", "D#", "D#", "D#", "D#", "D#", "D#", "D#", "D#", "D#", "D#", "D#", "D#", "D#", "D#", "D#", "D#m", "D#m", "D#m", "D#m", "D#", "D#m", "D#m", "D#m", "D#m", "D#m", "D#m", "D#m", "D#m", "D#m", "D#m", "D#m", "D#m", "D#m", "D#m", "D#m", "D#m", "D#m", "D#m", "D#m", "D#m", "D#m", "D#m", "D#m", "D#", "D#", "D#", "D#m", "D#m", "D#m", "D#m", "D#m", "D#m", "D#m", "D#m", "D#m", "D#m", "D#", "D#", "D#", "D#", "D#", "D#", "D#", "D#", "D#", "D#", "D#", "D#", "D#", "D#", "D#", "D#", "D#", "D#", "D#", "D#", "D#", "D#", "D#", "D#", "D#", "D#", "D#", "D#", "D#", "D#", "D#", "D#", "D#", "D#", "D#"]
