
metadata:
    version:
        essentia: "1.2.2"
    audio_properties:
        analysis_sample_rate: 44100
        bitrate: 128
        channels: 2
        equal_loudness: 1
        length: 10.0310201645
        replay_gain: -9.08247184753
        downmix: "mix"
    tags:
        track: 1
        year: 0
        album: "Splitted by Mp3Splt v. 2.1"
        artist: "From 000.00 To 000.10"
        comment: "http://mp3splt.sf.net"
        genre: ""
        title: "18 Allison.mp3"

highlevel:
    ballroom:
        all:
            ChaChaCha: 0.0536166876554
            Jive: 0.811307013035
            Quickstep: 0.0307316817343
            Rumba-American: 0.000831127399579
            Rumba-International: 0.00299046584405
            Rumba-Misc: 0.000911824346986
            Samba: 0.0765934884548
            Tango: 0.00183517707046
            VienneseWaltz: 0.0170495025814
            Waltz: 0.00413305917755
        probability: 0.811307013035
        value: "Jive"
    culture:
        all:
            non_western: 0.00884244218469
            western: 0.991157531738
        probability: 0.991157531738
        value: "western"
    gender:
        all:
            female: 0.0224139522761
            male: 0.97758603096
        probability: 0.97758603096
        value: "male"
    genre_dortmund:
        all:
            alternative: 0.0866251587868
            blues: 0.0482887551188
            electronic: 0.0209505669773
            folkcountry: 0.0293350927532
            funksoulrnb: 0.0326342955232
            jazz: 0.0297215525061
            pop: 0.0235456936061
            raphiphop: 0.00232436880469
            rock: 0.726574540138
        probability: 0.726574540138
        value: "rock"
    genre_electronica:
        all:
            ambient: 0.130851700902
            dnb: 0.579174876213
            house: 0.00491730263457
            techno: 0.0091937109828
            trance: 0.275862425566
        probability: 0.579174876213
        value: "dnb"
    genre_rosamerica:
        all:
            cla: 0.00513636274263
            dan: 0.0058149821125
            hip: 0.0051007620059
            jaz: 0.00469034956768
            pop: 0.00761950528249
            rhy: 0.00181304116268
            roc: 0.968700647354
            spe: 0.00112435768824
        probability: 0.968700647354
        value: "roc"
    genre_tzanetakis:
        all:
            blu: 0.0180622730404
            cla: 0.00994753651321
            cou: 0.0468998253345
            dis: 0.116547778249
            hip: 0.0314143970609
            jaz: 0.148245975375
            met: 0.108036994934
            pop: 0.113226436079
            reg: 0.0283291749656
            roc: 0.379289597273
        probability: 0.379289597273
        value: "roc"
    live_studio:
        all:
            live: 0.0228625833988
            studio: 0.977137446404
        probability: 0.977137446404
        value: "studio"
    mood:
        all:
            Cluster1: 0.447266787291
            Cluster2: 0.161481842399
            Cluster3: 0.0312230661511
            Cluster4: 0.127960756421
            Cluster5: 0.232067540288
        probability: 0.447266787291
        value: "Cluster1"
    mood_acoustic:
        all:
            acoustic: 0.00538045307621
            not_acoustic: 0.994619548321
        probability: 0.994619548321
        value: "not_acoustic"
    mood_aggressive:
        all:
            aggressive: 0.77913659811
            not_aggressive: 0.220863431692
        probability: 0.77913659811
        value: "aggressive"
    mood_electronic:
        all:
            electronic: 0.304128795862
            not_electronic: 0.695871174335
        probability: 0.695871174335
        value: "not_electronic"
    mood_happy:
        all:
            happy: 0.711443424225
            not_happy: 0.288556575775
        probability: 0.711443424225
        value: "happy"
    mood_party:
        all:
            not_party: 0.268342345953
            party: 0.731657683849
        probability: 0.731657683849
        value: "party"
    mood_relaxed:
        all:
            not_relaxed: 0.937922120094
            relaxed: 0.0620779059827
        probability: 0.937922120094
        value: "not_relaxed"
    mood_sad:
        all:
            not_sad: 0.974714040756
            sad: 0.0252859815955
        probability: 0.974714040756
        value: "not_sad"
    rhythm:
        all:
            fast: 0.902323663235
            medium: 0.0359571948647
            slow: 0.061719160527
        probability: 0.902323663235
        value: "fast"
    speech_music:
        all:
            music: 0.999823451042
            speech: 0.000176556379301
        probability: 0.999823451042
        value: "music"
    timbre:
        all:
            bright: 0.165091738105
            dark: 0.834908246994
        probability: 0.834908246994
        value: "dark"
    voice_instrumental:
        all:
            instrumental: 0.349965423346
            voice: 0.650034606457
        probability: 0.650034606457
        value: "voice"

lowlevel:
    average_loudness: 0.969150304794
    barkbands_kurtosis:
        dmean: 1.25554072857
        dmean2: 2.0932302475
        dvar: 5.48839950562
        dvar2: 13.1207971573
        max: 31.7380599976
        mean: 0.544859409332
        min: -1.83829271793
        var: 18.4985427856
    barkbands_skewness:
        dmean: 0.467589646578
        dmean2: 0.709658920765
        dvar: 0.216153085232
        dvar2: 0.469709455967
        max: 1.49694287777
        mean: -0.789412617683
        min: -4.49188089371
        var: 1.05897760391
    barkbands_spread:
        dmean: 6.43561506271
        dmean2: 10.1930761337
        dvar: 38.7341690063
        dvar2: 92.6737289429
        max: 65.5513916016
        mean: 32.0401763916
        min: 2.73820376396
        var: 114.136131287
    dissonance:
        dmean: 0.00904916971922
        dmean2: 0.0152738001198
        dvar: 0.000110633271106
        dvar2: 0.000314185832394
        max: 0.499861896038
        mean: 0.481751650572
        min: 0.399358659983
        var: 0.000223699244088
    hfc:
        dmean: 2.17225694656
        dmean2: 3.40360355377
        dvar: 5.98905420303
        dvar2: 13.9399986267
        max: 27.6911735535
        mean: 9.71053886414
        min: 0.215775191784
        var: 24.6163196564
    pitch:
        dmean: 988.356872559
        dmean2: 1929.74719238
        dvar: 1834936.75
        dvar2: 4078809.5
        max: 4410
        mean: 2171.64599609
        min: 87.3267364502
        var: 2535185.5
    pitch_instantaneous_confidence:
        dmean: 0.0834932327271
        dmean2: 0.134895041585
        dvar: 0.00436317594722
        dvar2: 0.0113708283752
        max: 0.873103737831
        mean: 0.443967491388
        min: 0.161331534386
        var: 0.0124270357192
    pitch_salience:
        dmean: 0.0624737143517
        dmean2: 0.103285826743
        dvar: 0.00300451554358
        dvar2: 0.00709689594805
        max: 0.847561538219
        mean: 0.642732262611
        min: 0.358173638582
        var: 0.00603812327608
    silence_rate_20dB:
        dmean: 0
        dmean2: 0
        dvar: 0
        dvar2: 0
        max: 1
        mean: 1
        min: 1
        var: 0
    silence_rate_30dB:
        dmean: 0
        dmean2: 0
        dvar: 0
        dvar2: 0
        max: 1
        mean: 1
        min: 1
        var: 0
    silence_rate_60dB:
        dmean: 0.0649651959538
        dmean2: 0.12790697813
        dvar: 0.0607447773218
        dvar2: 0.144105106592
        max: 1
        mean: 0.19675925374
        min: 0
        var: 0.158045694232
    spectral_centroid:
        dmean: 269.285430908
        dmean2: 400.52142334
        dvar: 88921.125
        dvar2: 175256.65625
        max: 4412.2109375
        mean: 2237.95092773
        min: 854.758178711
        var: 473525.4375
    spectral_complexity:
        dmean: 3.31701636314
        dmean2: 5.30607461929
        dvar: 10.0906667709
        dvar2: 22.4600448608
        max: 34
        mean: 16.2093029022
        min: 0
        var: 54.2584495544
    spectral_crest:
        dmean: 2.18244194984
        dmean2: 3.4935836792
        dvar: 3.81436443329
        dvar2: 9.78873920441
        max: 18.2274875641
        mean: 7.7772269249
        min: 3.06476926804
        var: 8.39333343506
    spectral_decrease:
        dmean: 2.97999847021e-10
        dmean2: 4.56791493519e-10
        dvar: 1.32343844452e-19
        dvar2: 3.0278287163e-19
        max: -1.50657993025e-11
        mean: -1.0276304252e-09
        min: -3.57716056776e-09
        var: 3.55531558907e-19
    spectral_energy:
        dmean: 0.00129508902319
        dmean2: 0.00199154647999
        dvar: 2.3696311473e-06
        dvar2: 5.40851260666e-06
        max: 0.0154020311311
        mean: 0.00475928559899
        min: 7.64329597587e-05
        var: 6.79199638398e-06
    spectral_energyband_high:
        dmean: 0.000109905980935
        dmean2: 0.000161430463777
        dvar: 2.02032719443e-08
        dvar2: 3.77052842282e-08
        max: 0.00188657653052
        mean: 0.000346103246557
        min: 2.03695017262e-05
        var: 7.87011202874e-08
    spectral_energyband_low:
        dmean: 0.000111461238703
        dmean2: 0.000198580848519
        dvar: 5.71018965445e-08
        dvar2: 1.61639022167e-07
        max: 0.00194969575386
        mean: 0.000175297245733
        min: 3.35310375021e-08
        var: 4.3015202067e-08
    spectral_energyband_middle_high:
        dmean: 0.00065383198671
        dmean2: 0.00105724099558
        dvar: 5.46383773781e-07
        dvar2: 1.29798775106e-06
        max: 0.00875935703516
        mean: 0.00276182242669
        min: 2.61489640252e-05
        var: 2.42153669205e-06
    spectral_energyband_middle_low:
        dmean: 0.000735592097044
        dmean2: 0.00111269147601
        dvar: 1.30476144022e-06
        dvar2: 2.95381119031e-06
        max: 0.00963963009417
        mean: 0.00147602404468
        min: 2.52455174632e-06
        var: 2.75083107226e-06
    spectral_flatness_db:
        dmean: 0.0146042564884
        dmean2: 0.0235320869833
        dvar: 0.000177943758899
        dvar2: 0.000439403724158
        max: 0.244010418653
        mean: 0.145853355527
        min: 0.0832221135497
        var: 0.000537843559869
    spectral_flux:
        dmean: 0.00748418504372
        dmean2: 0.0116517068818
        dvar: 7.84148287494e-05
        dvar2: 0.000182037518243
        max: 0.0965777561069
        mean: 0.0389752984047
        min: 0.00536427320912
        var: 0.000186836405192
    spectral_kurtosis:
        dmean: 0.7755818367
        dmean2: 1.22704577446
        dvar: 0.711201369762
        dvar2: 1.62236773968
        max: 10.9490871429
        mean: 4.20077085495
        min: 0.716403007507
        var: 3.50293278694
    spectral_rms:
        dmean: 0.000280493608443
        dmean2: 0.000429080391768
        dvar: 9.77440279826e-08
        dvar2: 2.07928238183e-07
        max: 0.00387638644315
        mean: 0.0020498293452
        min: 0.000273072771961
        var: 4.41407735252e-07
    spectral_rolloff:
        dmean: 244.293884277
        dmean2: 403.646789551
        dvar: 76359.921875
        dvar2: 162587.875
        max: 5469.43359375
        mean: 3619.58227539
        min: 1162.79296875
        var: 411102.5
    spectral_skewness:
        dmean: 0.118573993444
        dmean2: 0.185707464814
        dvar: 0.0124159166589
        dvar2: 0.0284623913467
        max: 2.51461458206
        mean: 1.39814281464
        min: 0.705672264099
        var: 0.0803380832076
    spectral_spread:
        dmean: 401147.59375
        dmean2: 581937
        dvar: 183860690944
        dvar2: 318932025344
        max: 8673642
        mean: 4782920.5
        min: 2609918.75
        var: 1.46686869504e+12
    spectral_strongpeak:
        dmean: 0.824537098408
        dmean2: 1.31959557533
        dvar: 0.990147352219
        dvar2: 2.25168824196
        max: 10.4908905029
        mean: 1.53405940533
        min: 0.00684793805704
        var: 2.66065335274
    zerocrossingrate:
        dmean: 0.00824956316501
        dmean2: 0.0099242022261
        dvar: 8.26463874546e-05
        dvar2: 0.000100682671473
        max: 0.20751953125
        mean: 0.120189860463
        min: 0.0283203125
        var: 0.000788833654951
    barkbands:
        dmean: [2.04451964692e-07, 5.01138165419e-05, 7.76898159529e-05, 7.88670295151e-05, 0.00051756342873, 4.24460668e-05, 9.00711602299e-05, 0.000139198891702, 7.03820260242e-05, 7.22494733054e-05, 5.70159318158e-05, 3.48615503754e-05, 2.60669530689e-05, 5.47453819308e-05, 2.30476834986e-05, 0.000169912993442, 0.000228889883147, 0.000216508997255, 0.000297508202493, 0.000116131872346, 6.16451216047e-05, 1.97113204194e-05, 4.05633682021e-06, 1.53920598223e-06, 1.18377909075e-06, 8.38094180722e-08, 7.58216101016e-10]
        dmean2: [2.6483843385e-07, 8.90609517228e-05, 0.000136508140713, 0.000135187859996, 0.000798000197392, 6.67361382511e-05, 0.000140358184581, 0.000219628636842, 0.000108132880996, 0.000112135188829, 8.57694758452e-05, 5.72518874833e-05, 4.1777795559e-05, 8.83535976755e-05, 3.67525790352e-05, 0.000276639242657, 0.0003941358882, 0.00035443546949, 0.000481708877487, 0.00019652521587, 9.54157003434e-05, 2.7126430723e-05, 5.90230956732e-06, 2.30044679483e-06, 1.75007039616e-06, 1.2262533744e-07, 1.08573572355e-09]
        dvar: [4.03614988653e-12, 1.30095072493e-08, 2.11145430029e-08, 1.08512345776e-08, 8.31354157071e-07, 2.89542612109e-09, 4.20184953498e-08, 1.77260290002e-07, 1.83625417094e-08, 3.40290959855e-08, 3.21261630631e-08, 1.15650653498e-08, 1.64184710272e-09, 4.24363033602e-09, 8.82288520021e-10, 4.09535232393e-08, 9.14834146215e-08, 1.15335133444e-07, 1.01604172187e-07, 2.46030591455e-08, 5.85421178201e-09, 8.85961137786e-10, 4.11673681255e-11, 5.60870967725e-12, 4.31530549141e-12, 2.84318433326e-14, 2.48931750085e-17]
        dvar2: [4.08861139389e-12, 3.63890073629e-08, 6.14983761693e-08, 2.95451236809e-08, 1.9610633899e-06, 7.79046693822e-09, 7.52525011194e-08, 3.73575971935e-07, 3.0983859034e-08, 7.25840010318e-08, 7.30202387444e-08, 2.9867237572e-08, 3.46735506973e-09, 1.07348343548e-08, 2.15016160432e-09, 9.55584411599e-08, 2.44562500029e-07, 2.2078988593e-07, 2.70479802111e-07, 6.19653093281e-08, 1.31763409073e-08, 1.56350943303e-09, 8.42327319006e-11, 1.04529379943e-11, 9.6146120579e-12, 5.5084737905e-14, 2.55368207868e-17]
        max: [4.16688417317e-05, 0.00111335027032, 0.00109211925883, 0.000817421241663, 0.00843011587858, 0.000501399976201, 0.00291759008542, 0.00695017073303, 0.00198663538322, 0.00273326039314, 0.00329238106497, 0.0017834471073, 0.000643136154395, 0.000699912023265, 0.000362571096048, 0.00205823639408, 0.00272793392651, 0.00543722743168, 0.00282846065238, 0.00180594273843, 0.00102439848706, 0.000422300712671, 6.09501548752e-05, 3.00476349366e-05, 3.18496422551e-05, 2.69509109785e-06, 1.0317408794e-07]
        mean: [2.46315323693e-07, 6.79489021422e-05, 0.000107144973299, 0.000131393549964, 0.000748422229663, 8.15584135125e-05, 0.000136931776069, 0.000210661630263, 0.000114574293548, 0.000108609550807, 0.000105168910522, 5.3732899687e-05, 4.05778300774e-05, 0.000104317761725, 4.06119361287e-05, 0.000356488861144, 0.000472278508823, 0.000545806542505, 0.000808054057416, 0.00029554910725, 0.000165407895111, 4.82597679365e-05, 8.56965289131e-06, 4.03840886065e-06, 2.76165292235e-06, 1.74629903427e-07, 1.01715003087e-09]
        min: [1.30694196784e-11, 1.17487697349e-09, 3.22041451284e-08, 1.57565878567e-07, 7.55602087565e-08, 6.52624709829e-09, 1.27236612357e-08, 2.39548203496e-08, 2.66935018089e-07, 4.63608849088e-08, 2.32149925949e-08, 5.11955384752e-08, 1.15541865853e-07, 5.78335743739e-08, 4.76478817291e-07, 4.52591876865e-07, 2.37235599343e-06, 2.94492542707e-06, 8.50736432767e-06, 9.44758448895e-06, 1.05378976514e-05, 1.92229094864e-06, 4.71623536669e-07, 9.19068199323e-08, 2.76653437936e-08, 1.76140846353e-09, 1.8751597497e-12]
        var: [4.05365758321e-12, 9.33415122972e-09, 1.79461867589e-08, 1.70876539585e-08, 1.27535247429e-06, 4.58474991305e-09, 1.19575815916e-07, 3.84614054383e-07, 4.45483401279e-08, 7.78150024416e-08, 1.03805007257e-07, 1.82244299651e-08, 3.15891801606e-09, 8.8117806385e-09, 1.52075152471e-09, 9.03566643728e-08, 1.41416947486e-07, 2.95161754593e-07, 3.05328143213e-07, 5.21178407098e-08, 1.59613620099e-08, 3.59880969469e-09, 1.1925786747e-10, 2.00923548632e-11, 1.07495436164e-11, 6.0322975998e-14, 2.49889459799e-17]
    mfcc:
        mean: [-706.471374512, 83.670501709, -51.0718612671, 65.1296386719, -5.68242740631, -12.7897129059, 1.0212829113, -2.75143122673, 1.40135872364, -10.2649259567, -4.92878818512, -7.98753643036, -8.69991493225]
        cov: [[2936.90795898, 1219.06384277, -428.754669189, -203.549667358, 65.1570587158, -133.081893921, -104.192863464, 49.7336883545, -93.8731079102, -95.903137207, 41.4025993347, 56.148563385, 87.1563491821], [1219.06384277, 1255.43762207, -467.055084229, -62.107635498, 132.303253174, -164.532363892, 42.7474060059, 48.9315414429, 3.07700133324, -44.9975967407, 35.6068191528, 83.0331344604, 50.82188797], [-428.754669189, -467.055084229, 395.320556641, -30.9429702759, -87.4554824829, 69.7085266113, -64.7753143311, -27.1599407196, -28.2880992889, 13.3654413223, -37.482749939, -31.5961227417, -20.5323352814], [-203.549667358, -62.107635498, -30.9429702759, 179.992080688, 117.485824585, 37.8532485962, 38.9224090576, 6.72303628922, 29.274930954, 40.4158287048, 28.512834549, 0.290816962719, -0.517446935177], [65.1570587158, 132.303253174, -87.4554824829, 117.485824585, 173.754104614, 20.0481014252, 52.0147743225, 24.4944839478, 28.646320343, 37.8557281494, 31.5235881805, 17.4747676849, 10.9009122849], [-133.081893921, -164.532363892, 69.7085266113, 37.8532485962, 20.0481014252, 98.3177566528, 33.7954788208, 16.2160816193, 9.49078273773, 15.9008722305, 3.50780749321, -14.9193124771, 1.84040141106], [-104.192863464, 42.7474060059, -64.7753143311, 38.9224090576, 52.0147743225, 33.7954788208, 122.763938904, 57.7552146912, 48.012714386, 26.1023387909, 28.2041015625, 17.6912517548, 10.1880865097], [49.7336883545, 48.9315414429, -27.1599407196, 6.72303628922, 24.4944839478, 16.2160816193, 57.7552146912, 72.6898498535, 33.7138977051, 18.5391731262, 22.7691307068, 13.9706077576, 12.3167171478], [-93.8731079102, 3.07700133324, -28.2880992889, 29.274930954, 28.646320343, 9.49078273773, 48.012714386, 33.7138977051, 73.6406784058, 44.8231086731, 28.6645755768, 22.0462703705, 13.0263853073], [-95.903137207, -44.9975967407, 13.3654413223, 40.4158287048, 37.8557281494, 15.9008722305, 26.1023387909, 18.5391731262, 44.8231086731, 79.0362243652, 41.5465698242, 27.5712375641, 14.7819623947], [41.4025993347, 35.6068191528, -37.482749939, 28.512834549, 31.5235881805, 3.50780749321, 28.2041015625, 22.7691307068, 28.6645755768, 41.5465698242, 62.9763946533, 36.5891227722, 16.0411872864], [56.148563385, 83.0331344604, -31.5961227417, 0.290816962719, 17.4747676849, -14.9193124771, 17.6912517548, 13.9706077576, 22.0462703705, 27.5712375641, 36.5891227722, 59.1624183655, 27.1277770996], [87.1563491821, 50.82188797, -20.5323352814, -0.517446935177, 10.9009122849, 1.84040141106, 10.1880865097, 12.3167171478, 13.0263853073, 14.7819623947, 16.0411872864, 27.1277770996, 44.5302238464]]
        icov: [[0.000886230554897, -0.000706785998773, 0.00040045750211, 0.0010215601651, -0.000538790540304, -0.00090296874987, 0.00176371342968, -0.00115448236465, 0.000860843167175, 0.000290161638986, -0.00126652524341, 0.000847098941449, -0.00105433934368], [-0.000706785998773, 0.00280376872979, 0.00147661322262, 0.000998804578558, -0.0019676212687, 0.0026038447395, -0.00105919362977, -0.000263748544967, -2.46487488766e-05, 0.000808909593616, 0.00142037938349, -0.00215937779285, 0.000107746855065], [0.00040045750211, 0.00147661322262, 0.00644107861444, 0.0016207464505, 0.000316780817229, -0.00342332106084, 0.00396298663691, -0.00255494797602, 0.00238851085305, -0.00323731382377, 0.00344840763137, -0.00256959558465, 0.00108272093348], [0.0010215601651, 0.000998804578558, 0.0016207464505, 0.0147925177589, -0.0101973842829, -0.00173743942287, 0.00161421729717, 0.0016597523354, -0.000785771582741, 7.30839237804e-05, -0.004700305406, 0.00365784042515, -0.000810007331893], [-0.000538790540304, -0.0019676212687, 0.000316780817229, -0.0101973842829, 0.015937699005, -0.00243272073567, -0.00230335281231, -0.000509265461005, 0.0015828574542, -0.00491443416104, 0.00279063405469, -0.00167796434835, 0.00137987779453], [-0.00090296874987, 0.0026038447395, -0.00342332106084, -0.00173743942287, -0.00243272073567, 0.0206772368401, -0.00825084839016, 2.48349533649e-05, 0.00103018200025, 0.000569519819692, -0.00171315448824, 0.00648122886196, -0.00500289862975], [0.00176371342968, -0.00105919362977, 0.00396298663691, 0.00161421729717, -0.00230335281231, -0.00825084839016, 0.0222655367106, -0.0122738806531, -0.00387042667717, 0.00174541561864, -0.0011122324504, -0.00251559144817, 0.00129442859907], [-0.00115448236465, -0.000263748544967, -0.00255494797602, 0.0016597523354, -0.000509265461005, 2.48349533649e-05, -0.0122738806531, 0.0277543086559, -0.00745580065995, 0.00182988180313, -0.00479688728228, 0.00316014164127, -0.00196656049229], [0.000860843167175, -2.46487488766e-05, 0.00238851085305, -0.000785771582741, 0.0015828574542, 0.00103018200025, -0.00387042667717, -0.00745580065995, 0.0295498576015, -0.0137082226574, 0.001873832196, -0.00178112334106, -0.00173054228071], [0.000290161638986, 0.000808909593616, -0.00323731382377, 7.30839237804e-05, -0.00491443416104, 0.000569519819692, 0.00174541561864, 0.00182988180313, -0.0137082226574, 0.0318298302591, -0.0145367784426, -0.00192419742234, -0.00285605620593], [-0.00126652524341, 0.00142037938349, 0.00344840763137, -0.004700305406, 0.00279063405469, -0.00171315448824, -0.0011122324504, -0.00479688728228, 0.001873832196, -0.0145367784426, 0.0398698523641, -0.0197267886251, 0.00529469456524], [0.000847098941449, -0.00215937779285, -0.00256959558465, 0.00365784042515, -0.00167796434835, 0.00648122886196, -0.00251559144817, 0.00316014164127, -0.00178112334106, -0.00192419742234, -0.0197267886251, 0.0417264029384, -0.0176451411098], [-0.00105433934368, 0.000107746855065, 0.00108272093348, -0.000810007331893, 0.00137987779453, -0.00500289862975, 0.00129442859907, -0.00196656049229, -0.00173054228071, -0.00285605620593, 0.00529469456524, -0.0176451411098, 0.0353002585471]]
    spectral_contrast:
        mean: [-1.57820196023e-07, -2.59860648555e-08, 1.90734866123e-07, 1.41985537994e-07, -1.32880245474e-07, 4.71846988148e-07, 2.18180716161e-07, 1.92259631149e-06, -1.10372559448e-06, -1.84372413514e-06, 5.66798576074e-07, -3.01045042761e-06]
        var: [0.000308847695123, 0.00057014869526, 0.00140781002119, 0.00206025666557, 0.00343952141702, 0.00480897538364, 0.0301732458174, 0.0571350194514, 0.105074115098, 0.27624168992, 0.399118423462, 2.22604823112]

rhythm:
    beats_loudness:
        dmean: 0.00321937934496
        dmean2: 0.00651360861957
        dvar: 3.96676068704e-06
        dvar2: 1.08504846139e-05
        max: 0.0130655290559
        mean: 0.00755714206025
        min: 0.00452663563192
        var: 5.30677061761e-06
    beats_loudness_bass:
        dmean: 0.0527364313602
        dmean2: 0.10722862184
        dvar: 0.0033580318559
        dvar2: 0.0118508627638
        max: 0.191656827927
        mean: 0.0513237342238
        min: 0.00638143019751
        var: 0.0026139318943
    bpm: 157.943695068
    bpm_confidence: 0
    first_peak_bpm: 158
    first_peak_spread: 0
    first_peak_weight: 0.529411792755
    onset_rate: 3.28979492188
    second_peak_bpm: 79
    second_peak_spread: 0
    second_peak_weight: 0.411764711142
    beats_position: [0.450958400965, 1.21242558956, 1.97389280796, 2.73535990715, 3.49682712555, 4.25829410553, 5.01976156235, 5.78122854233, 6.18586492538, 6.56575250626, 6.94563913345, 7.32552623749, 7.70541286469, 8.08530044556, 8.46518707275, 8.84507465363, 9.22496128082, 9.60484790802]
    bpm_estimates: [157.772598267, 156.826660156, 158.563079834, 158.053100586, 158.386184692, 158.060546875]
    bpm_intervals: [0.761467218399, 0.761467218399, 0.76146709919, 0.761467218399, 0.76146697998, 0.761467456818, 0.76146697998, 0.404636383057, 0.379887580872, 0.379886627197, 0.379887104034, 0.379886627197, 0.379887580872, 0.379886627197, 0.379887580872, 0.379886627197, 0.379886627197]
    onset_times: [0.0812698379159, 0.150929704309, 0.452789127827, 0.835918366909, 1.20743763447, 1.57895696163, 1.97369611263, 2.73995471001, 3.12308382988, 3.50621318817, 4.08671188354, 4.27247142792, 4.65560102463, 4.82975053787, 5.02712011337, 5.34058952332, 5.42185926437, 5.75854873657, 5.97913837433, 6.17650794983, 6.57124710083, 6.78022670746, 6.97759628296, 7.32589578629, 7.53487539291, 7.72063493729, 8.11537456512, 8.26630401611, 8.48689365387, 8.8119726181, 9.0906124115, 9.61306095123, 9.64789104462]
    rubato_start: [6.18586492538]
    rubato_stop: [6.56575250626]
    perceptual_tempo: "unknown"

sfx:
    inharmonicity:
        dmean: 0.0607958808541
        dmean2: 0.105944216251
        dvar: 0.00452101696283
        dvar2: 0.0127035053447
        max: 0.408291012049
        mean: 0.0694726109505
        min: 0
        var: 0.00462196627632
    oddtoevenharmonicenergyratio:
        dmean: 5.66423654556
        dmean2: 10.4493865967
        dvar: 199.156692505
        dvar2: 529.885681152
        max: 137.266769409
        mean: 3.86551380157
        min: 0
        var: 142.215759277
    pitch_after_max_to_before_max_energy_ratio: 66.5316772461
    pitch_centroid: 173.671951294
    pitch_max_to_total: 0.00465116277337
    pitch_min_to_total: 0.813953459263
    tristimulus:
        dmean: [0.161592707038, 0.309793114662, 0.189771190286]
        dmean2: [0.278680831194, 0.547141432762, 0.344305306673]
        dvar: [0.0283377934247, 0.0610327124596, 0.0326522439718]
        dvar2: [0.0732864290476, 0.159875899553, 0.0888292640448]
        max: [1, 0.979130804539, 0.859794080257]
        mean: [0.242201238871, 0.447224795818, 0.183425217867]
        min: [0.00674684718251, 0, 0]
        var: [0.0360134020448, 0.08509516716, 0.0391797758639]

tonal:
    chords_changes_rate: 0.12037037313
    chords_number_rate: 0.0324074067175
    chords_strength:
        dmean: 0.00826851464808
        dmean2: 0.00972942542285
        dvar: 5.7892571931e-05
        dvar2: 8.38516716613e-05
        max: 0.653212666512
        mean: 0.493823230267
        min: 0.286694824696
        var: 0.0082259234041
    key_strength: 0.712760210037
    tuning_diatonic_strength: 0.587757766247
    tuning_equal_tempered_deviation: 0.0876219719648
    tuning_frequency: 439.491973877
    tuning_nontempered_energy_ratio: 0.707175850868
    hpcp:
        dmean: [0.0903191640973, 0.121651500463, 0.190497532487, 0.15813601017, 0.124568864703, 0.158111363649, 0.213664233685, 0.216769248247, 0.229125127196, 0.243496716022, 0.192955821753, 0.133332520723, 0.113823913038, 0.0918139070272, 0.0907680168748, 0.0920468494296, 0.0876377522945, 0.106251396239, 0.147138491273, 0.118988439441, 0.120504304767, 0.159432262182, 0.13564671576, 0.150643721223, 0.147084653378, 0.115037500858, 0.099191069603, 0.0976805910468, 0.0855636075139, 0.133263602853, 0.222778216004, 0.178431004286, 0.144706323743, 0.151615813375, 0.133716523647, 0.110294677317]
        dmean2: [0.148606196046, 0.197181209922, 0.308743655682, 0.264448940754, 0.219147026539, 0.277413368225, 0.390943288803, 0.378726750612, 0.392946869135, 0.432574689388, 0.334291517735, 0.231170088053, 0.188087433577, 0.143642216921, 0.141372144222, 0.154086068273, 0.149846762419, 0.180148348212, 0.251816570759, 0.208886280656, 0.193623408675, 0.263556391001, 0.233342945576, 0.251306712627, 0.241419002414, 0.194515749812, 0.176501482725, 0.169066533446, 0.146453514695, 0.229011043906, 0.383021563292, 0.308208316565, 0.243950411677, 0.256668567657, 0.231611698866, 0.187778368592]
        dvar: [0.0135519560426, 0.0161713194102, 0.0390920378268, 0.0253065433353, 0.0243698246777, 0.0465174205601, 0.0707747712731, 0.0586201250553, 0.0473342463374, 0.0496145151556, 0.0302729792893, 0.0230440590531, 0.0181468129158, 0.0114920176566, 0.0100486231968, 0.0133564816788, 0.013364141807, 0.015140498057, 0.0251585114747, 0.0187434647232, 0.0165104456246, 0.0348039194942, 0.0194724388421, 0.0230578780174, 0.028296366334, 0.0184477567673, 0.0159646142274, 0.0157921910286, 0.0127815948799, 0.0166429206729, 0.0439807996154, 0.0296901762486, 0.0149061484262, 0.0228752400726, 0.0248157586902, 0.0184581242502]
        dvar2: [0.0317687243223, 0.0368962846696, 0.0913840606809, 0.0680107325315, 0.0662260353565, 0.114726930857, 0.197976186872, 0.151713430882, 0.129255160689, 0.115012742579, 0.0716980695724, 0.055430624634, 0.0502297319472, 0.0252493526787, 0.0232597272843, 0.0368870869279, 0.0342991910875, 0.0421603284776, 0.0755149200559, 0.0549673587084, 0.0450668260455, 0.0927893817425, 0.0525555238128, 0.0672124028206, 0.0734884813428, 0.0513491146266, 0.0476225502789, 0.0466581620276, 0.0351506434381, 0.0384899750352, 0.12084505707, 0.0857760906219, 0.0442989692092, 0.069989785552, 0.0753629654646, 0.0490749031305]
        max: [1, 1, 1, 1, 0.916533350945, 1, 1, 1, 1, 1, 1, 1, 1, 1, 1, 0.888842582703, 1, 1, 1, 1, 0.827199757099, 1, 1, 1, 1, 1, 0.863854527473, 0.901298761368, 0.829918444157, 1, 1, 1, 0.858101248741, 1, 1, 1]
        mean: [0.16134481132, 0.20919239521, 0.300492733717, 0.238556578755, 0.156318932772, 0.225742131472, 0.29745900631, 0.282200783491, 0.406651854515, 0.536611258984, 0.357502043247, 0.197818651795, 0.172596916556, 0.152921408415, 0.155054628849, 0.152533069253, 0.146202787757, 0.16484311223, 0.212051004171, 0.174846306443, 0.18853327632, 0.24441768229, 0.205562397838, 0.244636058807, 0.260284394026, 0.171402484179, 0.142242103815, 0.136880904436, 0.119091950357, 0.286841213703, 0.49356380105, 0.385104238987, 0.227480947971, 0.232875451446, 0.202124238014, 0.167133554816]
        min: [0.00613402854651, 0.00892904400826, 0.0102128200233, 0.0117845823988, 0.00860388763249, 0.00736411381513, 0.0067982589826, 0.0115162432194, 0.021316068247, 0.0166740268469, 0.0187653675675, 0.00781594216824, 0.00770569080487, 0.00706647103652, 0.00938188284636, 0.00902641844004, 0.00879425741732, 0.00918029155582, 0.00897054839879, 0.00963842775673, 0.0159347504377, 0.0129541344941, 0.0123412562534, 0.013669426553, 0.00593795906752, 0.00336283538491, 0.00198121974245, 0.000720803567674, 0.00174861354753, 0.00500060850754, 0.0321006625891, 0.0219615977257, 0.0139849260449, 0.00964495353401, 0.00951348710805, 0.00753992795944]
        var: [0.0338403172791, 0.0384259037673, 0.0815693289042, 0.0415977016091, 0.0236374288797, 0.0627383366227, 0.100248143077, 0.0719473063946, 0.0723277404904, 0.121203377843, 0.0664148181677, 0.0371513329446, 0.0301720742136, 0.0245094876736, 0.0242697373033, 0.0179889108986, 0.0218288339674, 0.0211231838912, 0.0367571897805, 0.0257816109806, 0.0305324718356, 0.0567693002522, 0.0289479698986, 0.0450514554977, 0.0725994482636, 0.0301918778569, 0.0184149313718, 0.0190121158957, 0.0159788858145, 0.0460612103343, 0.116723172367, 0.063387311995, 0.0316432490945, 0.0395702570677, 0.0296565499157, 0.0245862584561]
    chords_histogram: [32.4074058533, 16.2037029266, 11.5740737915, 0, 0, 0, 0, 0, 0, 0, 0, 0, 0, 0, 0, 13.8888893127, 0, 7.87037038803, 0, 0, 0, 0, 16.2037029266, 1.85185182095]
    thpcp: [1, 0.666221678257, 0.368644237518, 0.321642369032, 0.284976154566, 0.288951486349, 0.284252464771, 0.272455692291, 0.307192802429, 0.395166903734, 0.325834214687, 0.351340502501, 0.455483704805, 0.383075088263, 0.455890655518, 0.48505204916, 0.319416493177, 0.265074759722, 0.255083918571, 0.221933379769, 0.534541904926, 0.919779062271, 0.717659652233, 0.423921316862, 0.433974206448, 0.376667916775, 0.311461150646, 0.300673544407, 0.389839738607, 0.559982180595, 0.44456127286, 0.291307598352, 0.420680940151, 0.554328680038, 0.525894284248, 0.757814586163]
    chords_key: "C"
    chords_scale: "major"
    key_key: "C"
    key_scale: "major"
    chords_progression: ["G", "G", "G", "G", "G", "G", "G", "G", "G", "G", "G", "G", "G", "G", "G", "G", "G", "G", "G", "G", "G", "G", "G", "G", "G", "Am", "Am", "Am", "Am", "F", "F", "F", "F", "F", "F", "F", "F", "F", "F", "F", "F", "F", "F", "F", "F", "F", "F", "F", "F", "F", "F", "F", "F", "F", "F", "F", "Fm", "Fm", "Fm", "F", "Fm", "F", "F", "Fm", "F", "F", "F", "F", "Fm", "F", "Fm", "Fm", "Fm", "Fm", "Fm", "Fm", "Fm", "Fm", "Fm", "Fm", "Fm", "Fm", "Fm", "Fm", "Fm", "Fm", "Fm", "Fm", "C", "Fm", "Fm", "Fm", "C", "C", "C", "C", "C", "Fm", "C", "Fm", "C", "Fm", "Em", "Em", "Em", "Em", "Em", "Em", "Em", "Em", "Em", "Em", "Em", "Em", "Em", "Em", "Em", "Em", "Cm", "Cm", "Cm", "Cm", "Cm", "Cm", "Cm", "Cm", "Cm", "Cm", "Cm", "Cm", "Cm", "Cm", "Cm", "Cm", "Cm", "C", "C", "C", "C", "C", "C", "Em", "Em", "Em", "Em", "Em", "Em", "Em", "C", "C", "C", "C", "C", "C", "C", "C", "C", "Em", "Em", "Em", "Em", "Em", "Em", "Em", "Em", "Em", "Em", "Em", "Em", "C", "C", "C", "C", "C", "C", "C", "C", "C", "C", "C", "C", "C", "C", "C", "C", "C", "C", "C", "C", "C", "C", "C", "C", "C", "C", "C", "C", "C", "C", "C", "C", "C", "C", "C", "C", "C", "C", "C", "C", "C", "C", "C", "C", "C", "C", "C"]
