
metadata:
    version:
        essentia: "1.2.2"
    audio_properties:
        analysis_sample_rate: 44100
        bitrate: 128
        channels: 2
        equal_loudness: 1
        length: 10.0048980713
        replay_gain: -12.7093143463
        downmix: "mix"
    tags:
        track: 7
        year: 0
        album: "Splitted by Mp3Splt v. 2.1"
        artist: "From 001.00 To 001.10"
        comment: "http://mp3splt.sf.net"
        genre: ""
        title: "04 Soul in Isolation.mp3"

highlevel:
    ballroom:
        all:
            ChaChaCha: 0.0330011993647
            Jive: 0.217059209943
            Quickstep: 0.213158637285
            Rumba-American: 0.0119153903797
            Rumba-International: 0.0631073117256
            Rumba-Misc: 0.0617608837783
            Samba: 0.0716609880328
            Tango: 0.0219431426376
            VienneseWaltz: 0.266438543797
            Waltz: 0.0399547033012
        probability: 0.266438543797
        value: "VienneseWaltz"
    culture:
        all:
            non_western: 0.00350300595164
            western: 0.996496975422
        probability: 0.996496975422
        value: "western"
    gender:
        all:
            female: 0.128986805677
            male: 0.87101316452
        probability: 0.87101316452
        value: "male"
    genre_dortmund:
        all:
            alternative: 0.208629995584
            blues: 0.0115235559642
            electronic: 0.0181925967336
            folkcountry: 0.0899906978011
            funksoulrnb: 0.0137693826109
            jazz: 0.0159158688039
            pop: 0.0498419255018
            raphiphop: 0.00321204680949
            rock: 0.588923931122
        probability: 0.588923931122
        value: "rock"
    genre_electronica:
        all:
            ambient: 0.234520509839
            dnb: 0.408437848091
            house: 0.0187040474266
            techno: 0.00593791669235
            trance: 0.332399666309
        probability: 0.408437848091
        value: "dnb"
    genre_rosamerica:
        all:
            cla: 0.0144086582586
            dan: 0.0127596938983
            hip: 0.010680122301
            jaz: 0.0202820729464
            pop: 0.0498834624887
            rhy: 0.0260324291885
            roc: 0.862495720387
            spe: 0.0034578202758
        probability: 0.862495720387
        value: "roc"
    genre_tzanetakis:
        all:
            blu: 0.00762100471184
            cla: 0.00669715227559
            cou: 0.116420067847
            dis: 0.136865735054
            hip: 0.0132161816582
            jaz: 0.0209823958576
            met: 0.021540876478
            pop: 0.356327742338
            reg: 0.0154106207192
            roc: 0.304918199778
        probability: 0.356327742338
        value: "pop"
    live_studio:
        all:
            live: 0.862931251526
            studio: 0.137068778276
        probability: 0.862931251526
        value: "live"
    mood:
        all:
            Cluster1: 0.383554458618
            Cluster2: 0.129724189639
            Cluster3: 0.0915489494801
            Cluster4: 0.0938381627202
            Cluster5: 0.301334232092
        probability: 0.383554458618
        value: "Cluster1"
    mood_acoustic:
        all:
            acoustic: 0.0818556472659
            not_acoustic: 0.918144345284
        probability: 0.918144345284
        value: "not_acoustic"
    mood_aggressive:
        all:
            aggressive: 0.553546905518
            not_aggressive: 0.44645306468
        probability: 0.553546905518
        value: "aggressive"
    mood_electronic:
        all:
            electronic: 0.169306442142
            not_electronic: 0.830693542957
        probability: 0.830693542957
        value: "not_electronic"
    mood_happy:
        all:
            happy: 0.728405714035
            not_happy: 0.271594285965
        probability: 0.728405714035
        value: "happy"
    mood_party:
        all:
            not_party: 0.706045567989
            party: 0.293954402208
        probability: 0.706045567989
        value: "not_party"
    mood_relaxed:
        all:
            not_relaxed: 0.249840244651
            relaxed: 0.750159740448
        probability: 0.750159740448
        value: "relaxed"
    mood_sad:
        all:
            not_sad: 0.447589725256
            sad: 0.552410244942
        probability: 0.552410244942
        value: "sad"
    rhythm:
        all:
            fast: 0.318804889917
            medium: 0.46916860342
            slow: 0.212026506662
        probability: 0.46916860342
        value: "medium"
    speech_music:
        all:
            music: 0.910869181156
            speech: 0.0891308411956
        probability: 0.910869181156
        value: "music"
    timbre:
        all:
            bright: 0.00617806846276
            dark: 0.993821918964
        probability: 0.993821918964
        value: "dark"
    voice_instrumental:
        all:
            instrumental: 0.008241658099
            voice: 0.991758346558
        probability: 0.991758346558
        value: "voice"

lowlevel:
    average_loudness: 0.982321679592
    barkbands_kurtosis:
        dmean: 0.756285071373
        dmean2: 1.22236311436
        dvar: 0.769277691841
        dvar2: 2.04478883743
        max: 7.88814640045
        mean: 0.274600565434
        min: -1.82953703403
        var: 2.76254343987
    barkbands_skewness:
        dmean: 0.308421224356
        dmean2: 0.488416433334
        dvar: 0.0834555327892
        dvar2: 0.191136956215
        max: 2.57376384735
        mean: 0.708738803864
        min: -1.12598097324
        var: 0.364600479603
    barkbands_spread:
        dmean: 4.42441940308
        dmean2: 6.97613239288
        dvar: 24.7431163788
        dvar2: 59.3180007935
        max: 50.4285125732
        mean: 23.7056293488
        min: 7.00464487076
        var: 111.230384827
    dissonance:
        dmean: 0.0243160966784
        dmean2: 0.0397463478148
        dvar: 0.000514557526913
        dvar2: 0.00145368441008
        max: 0.498408704996
        mean: 0.455560386181
        min: 0.294867575169
        var: 0.00101881823502
    hfc:
        dmean: 1.70337927341
        dmean2: 2.52820158005
        dvar: 6.87059020996
        dvar2: 15.9128408432
        max: 29.2236728668
        mean: 5.56540584564
        min: 1.24480199814
        var: 15.6864023209
    pitch:
        dmean: 497.414672852
        dmean2: 973.274963379
        dvar: 1338031
        dvar2: 3837243
        max: 4009.09082031
        mean: 619.725463867
        min: 86.3013687134
        var: 1212593.375
    pitch_instantaneous_confidence:
        dmean: 0.0739108622074
        dmean2: 0.113951146603
        dvar: 0.00448743253946
        dvar2: 0.00932159647346
        max: 0.804500102997
        mean: 0.417539149523
        min: 0.146369040012
        var: 0.0254538282752
    pitch_salience:
        dmean: 0.0553950183094
        dmean2: 0.0923826694489
        dvar: 0.00222227862105
        dvar2: 0.00583603885025
        max: 0.807277858257
        mean: 0.61821436882
        min: 0.333824902773
        var: 0.00610603671521
    silence_rate_20dB:
        dmean: 0
        dmean2: 0
        dvar: 0
        dvar2: 0
        max: 1
        mean: 1
        min: 1
        var: 0
    silence_rate_30dB:
        dmean: 0
        dmean2: 0
        dvar: 0
        dvar2: 0
        max: 1
        mean: 1
        min: 1
        var: 0
    silence_rate_60dB:
        dmean: 0.106976747513
        dmean2: 0.212121218443
        dvar: 0.0955327600241
        dvar2: 0.232394233346
        max: 1
        mean: 0.113689094782
        min: 0
        var: 0.10076379776
    spectral_centroid:
        dmean: 192.436538696
        dmean2: 296.811187744
        dvar: 51973.9609375
        dvar2: 111162.117188
        max: 3193.95410156
        mean: 1059.94311523
        min: 382.413879395
        var: 209024.359375
    spectral_complexity:
        dmean: 3.10747671127
        dmean2: 5.03747081757
        dvar: 11.8576030731
        dvar2: 25.1507892609
        max: 37
        mean: 14.5734262466
        min: 5
        var: 33.4893455505
    spectral_crest:
        dmean: 2.10108184814
        dmean2: 3.52226090431
        dvar: 3.63328385353
        dvar2: 9.84439563751
        max: 18.6313667297
        mean: 7.801217556
        min: 2.33510422707
        var: 9.32351970673
    spectral_decrease:
        dmean: 3.04966357723e-10
        dmean2: 4.79212725057e-10
        dvar: 1.36788117862e-19
        dvar2: 3.20802691081e-19
        max: -4.17415879639e-10
        mean: -1.20273868642e-09
        min: -3.45620621012e-09
        var: 2.56366148544e-19
    spectral_energy:
        dmean: 0.00127488363069
        dmean2: 0.00199440913275
        dvar: 2.49357458415e-06
        dvar2: 5.81964286539e-06
        max: 0.0150410635397
        mean: 0.00504421116784
        min: 0.00168833206408
        var: 4.71001476399e-06
    spectral_energyband_high:
        dmean: 0.000112076115329
        dmean2: 0.000171524603502
        dvar: 5.06504775899e-08
        dvar2: 1.09132102466e-07
        max: 0.00294569507241
        mean: 0.000215554784518
        min: 3.0860253446e-06
        var: 1.28397985577e-07
    spectral_energyband_low:
        dmean: 0.000166960831848
        dmean2: 0.00027821076219
        dvar: 5.35027737669e-08
        dvar2: 1.52799700004e-07
        max: 0.00205201935023
        mean: 0.000300217070617
        min: 4.48045420853e-06
        var: 8.46947614264e-08
    spectral_energyband_middle_high:
        dmean: 0.000593797361944
        dmean2: 0.000876297533978
        dvar: 7.10910853741e-07
        dvar2: 1.32577963541e-06
        max: 0.0110749183223
        mean: 0.00191892858129
        min: 0.000326180044794
        var: 1.85439569123e-06
    spectral_energyband_middle_low:
        dmean: 0.000848361174576
        dmean2: 0.00134824379347
        dvar: 1.06998322735e-06
        dvar2: 2.6307961889e-06
        max: 0.00926334969699
        mean: 0.00260951020755
        min: 0.000510690093506
        var: 1.84010627891e-06
    spectral_flatness_db:
        dmean: 0.0149044757709
        dmean2: 0.0227905195206
        dvar: 0.000205768024898
        dvar2: 0.00042193432455
        max: 0.299046397209
        mean: 0.180788367987
        min: 0.0870586708188
        var: 0.00131543120369
    spectral_flux:
        dmean: 0.00771136255935
        dmean2: 0.0119870835915
        dvar: 8.28139309306e-05
        dvar2: 0.000180071263458
        max: 0.0952331200242
        mean: 0.0365633256733
        min: 0.0141400769353
        var: 0.000206918048207
    spectral_kurtosis:
        dmean: 2.61592149734
        dmean2: 4.35619688034
        dvar: 11.6264123917
        dvar2: 29.9284648895
        max: 40.3393096924
        mean: 6.01643180847
        min: -0.394730567932
        var: 28.2496452332
    spectral_rms:
        dmean: 0.000265193259111
        dmean2: 0.000408078980399
        dvar: 8.60212310272e-08
        dvar2: 1.95957440496e-07
        max: 0.00383069296367
        mean: 0.00217462261207
        min: 0.00128341466188
        var: 1.92203813754e-07
    spectral_rolloff:
        dmean: 401.583862305
        dmean2: 655.72845459
        dvar: 292951.375
        dvar2: 608318.125
        max: 5211.03515625
        mean: 2060.01098633
        min: 538.330078125
        var: 1281214.5
    spectral_skewness:
        dmean: 0.303124248981
        dmean2: 0.484956622124
        dvar: 0.091961376369
        dvar2: 0.234327033162
        max: 4.27941846848
        mean: 1.67879259586
        min: 0.262352347374
        var: 0.377039194107
    spectral_spread:
        dmean: 354388.25
        dmean2: 468519.15625
        dvar: 549898420224
        dvar2: 563432521728
        max: 15875214
        mean: 3407833.25
        min: 1480104
        var: 1.57182538547e+12
    spectral_strongpeak:
        dmean: 0.276516735554
        dmean2: 0.443262904882
        dvar: 0.23292067647
        dvar2: 0.524468064308
        max: 4.4717965126
        mean: 0.576002657413
        min: 0.0263696052134
        var: 0.435707032681
    zerocrossingrate:
        dmean: 0.00749192293733
        dmean2: 0.00813382770866
        dvar: 5.38227031939e-05
        dvar2: 4.99428497278e-05
        max: 0.15771484375
        mean: 0.0645282417536
        min: 0.0185546875
        var: 0.000620760896709
    barkbands:
        dmean: [1.19590495729e-07, 5.61199994991e-05, 0.00012646507821, 0.000205896561965, 0.000467511941679, 8.79097206052e-05, 0.000166190991877, 0.000114854999993, 0.000256093742792, 0.000312129617669, 0.000183269105037, 0.000111373090476, 7.42315096431e-05, 4.00169956265e-05, 4.02514488087e-05, 6.72790265526e-05, 7.91453276179e-05, 9.07497887965e-05, 0.000115696471767, 0.000111246343295, 4.77587127534e-05, 1.47843129525e-05, 3.94888093069e-06, 7.50718015752e-07, 2.5355791422e-07, 9.2265022289e-09, 1.41643774487e-09]
        dmean2: [1.65889318282e-07, 9.29276720854e-05, 0.000211470513023, 0.000341711798683, 0.000776702829171, 0.000141957323649, 0.000252361234743, 0.000182204283192, 0.00039061284042, 0.000469596794574, 0.000282533233985, 0.000169292121427, 0.000119172342238, 6.31857765256e-05, 6.86634157319e-05, 0.000111442153866, 0.000131290289573, 0.000149825908011, 0.000197579560336, 0.000181872645044, 7.48909878894e-05, 2.09979352803e-05, 5.36165453013e-06, 1.03083959857e-06, 3.28278929373e-07, 1.28584671799e-08, 1.55480384123e-09]
        dvar: [1.22717740375e-13, 8.22535817235e-09, 3.11527372787e-08, 6.49876596981e-08, 6.19247316536e-07, 1.48915235698e-08, 9.36229227477e-08, 8.07044528983e-08, 1.9335429613e-07, 2.7694929372e-07, 1.74954990939e-07, 2.38271802289e-08, 2.06423784732e-08, 4.03690592066e-09, 3.3202451899e-09, 1.04832089676e-08, 1.53188111085e-08, 2.31609078583e-08, 5.36801785245e-08, 5.73164378181e-08, 9.63461932457e-09, 3.20599813364e-09, 2.02135391758e-10, 6.70983190884e-12, 8.38377544471e-13, 1.47159703196e-15, 6.60073664614e-16]
        dvar2: [1.9456617849e-13, 2.16765965178e-08, 8.79090507055e-08, 1.61655080433e-07, 1.55829650339e-06, 3.88253269534e-08, 2.12150169432e-07, 2.022141814e-07, 4.18995853124e-07, 5.94635537254e-07, 3.24276953734e-07, 4.86747246953e-08, 4.32514433157e-08, 8.28539281628e-09, 8.97130902899e-09, 2.77725131781e-08, 3.98998558637e-08, 5.27679020479e-08, 1.44995169649e-07, 1.46074711438e-07, 2.08382964217e-08, 5.58242163606e-09, 3.35157485098e-10, 1.23929425749e-11, 1.35521119066e-12, 2.50460442723e-15, 6.59751739155e-16]
        max: [4.29414967584e-06, 0.000660971505567, 0.00139084621333, 0.00305691803806, 0.00751809682697, 0.000955729628913, 0.00499934470281, 0.00385297974572, 0.00595881976187, 0.00569369783625, 0.00600561872125, 0.00224980758503, 0.00188420736231, 0.00103271682747, 0.000608166563325, 0.0010654743528, 0.00153988529928, 0.00166270683985, 0.00274805328809, 0.00211169291288, 0.00140377669595, 0.00111652596388, 0.000203870527912, 3.51967573806e-05, 1.89708116523e-05, 5.06444905568e-07, 5.32968044809e-07]
        mean: [1.15864907002e-07, 8.59521314851e-05, 0.000214156025322, 0.000478477828437, 0.000791486527305, 0.000170801140484, 0.000373523391318, 0.000186610937817, 0.000466295517981, 0.000534328341018, 0.000300335261272, 0.000226215241128, 0.000132282279083, 6.94455666235e-05, 6.81693927618e-05, 0.000114116068289, 0.000134338930366, 0.000177685215021, 0.000204373849556, 0.000192175226402, 8.51111617521e-05, 2.9800547054e-05, 6.61970716465e-06, 1.32423895138e-06, 4.64242162934e-07, 1.25981571841e-08, 1.39645428554e-09]
        min: [4.88106846608e-11, 8.34006925743e-07, 1.02392436929e-06, 1.53036144184e-05, 3.54125622835e-05, 3.00298074762e-06, 8.22684796731e-06, 1.11075769382e-05, 1.49245406647e-05, 2.39397468249e-05, 6.64309209242e-06, 1.08862905108e-05, 7.6941360021e-06, 1.89164734365e-06, 4.01317220167e-06, 3.86616193282e-06, 4.39732593804e-06, 6.72720989314e-06, 5.12632050231e-06, 3.22155369759e-06, 5.36146899321e-07, 4.56904842849e-08, 5.17606457695e-10, 9.29742116629e-10, 4.41935238404e-10, 2.8538088559e-11, 2.50432134882e-13]
        var: [1.43197519814e-13, 1.22613670328e-08, 4.78835318063e-08, 1.92888379047e-07, 6.51499760806e-07, 2.01379020126e-08, 2.97098154078e-07, 8.76906440794e-08, 5.3112353271e-07, 6.64149638396e-07, 4.73043684224e-07, 6.15184134745e-08, 3.14024113379e-08, 7.58897034103e-09, 4.83602757839e-09, 1.63783635543e-08, 2.52343586027e-08, 5.56632961946e-08, 7.17472801171e-08, 7.8069525955e-08, 2.66255479886e-08, 9.12057629421e-09, 4.00229349662e-10, 1.47244959281e-11, 2.56345292216e-12, 2.2987112583e-15, 6.60254612028e-16]
    mfcc:
        mean: [-719.400878906, 156.093536377, -57.8237762451, 45.625831604, -29.6963005066, -1.60539877415, 1.28420829773, 2.59676647186, -3.73505735397, -7.51739931107, -9.28597927094, -8.80177974701, -4.56105804443]
        cov: [[1778.75878906, -1484.86547852, 358.307678223, -26.51770401, -38.7623519897, 106.90372467, -20.1149196625, 39.098361969, -46.8104286194, -0.732482910156, 69.4371490479, 25.9755420685, -22.2612609863], [-1484.86547852, 1510.25476074, -380.07723999, 10.1920213699, 26.776632309, -93.9707489014, 56.4921340942, -12.8173885345, 88.0954284668, 22.5741767883, -29.8478794098, -16.4054355621, 28.2967224121], [358.307678223, -380.07723999, 356.246246338, -83.3910980225, 12.7073431015, 61.2436103821, -5.45961523056, 44.3946762085, -15.9996232986, 43.9217605591, 10.2895517349, 10.536034584, 17.2079105377], [-26.51770401, 10.1920213699, -83.3910980225, 253.16784668, -1.89528226852, -38.9777565002, 17.3167991638, -55.2284240723, 11.0960187912, -9.59746265411, -27.5214004517, 12.6085367203, -3.29219841957], [-38.7623519897, 26.776632309, 12.7073431015, -1.89528226852, 125.650726318, 20.1945610046, -15.7245397568, 7.59775733948, 1.46789240837, 11.1824712753, -1.13853538036, 3.30421710014, -1.86081826687], [106.90372467, -93.9707489014, 61.2436103821, -38.9777565002, 20.1945610046, 109.713592529, 7.30415058136, 39.0708656311, 17.4290027618, 2.74446296692, 12.4556703568, 7.89841604233, 2.72483706474], [-20.1149196625, 56.4921340942, -5.45961523056, 17.3167991638, -15.7245397568, 7.30415058136, 112.538879395, 18.4627094269, 56.4507446289, 11.1156358719, 5.74596500397, -6.4377117157, -5.46272754669], [39.098361969, -12.8173885345, 44.3946762085, -55.2284240723, 7.59775733948, 39.0708656311, 18.4627094269, 105.96169281, 32.8564376831, -7.94875621796, 32.9523735046, 3.93980908394, -0.85137039423], [-46.8104286194, 88.0954284668, -15.9996232986, 11.0960187912, 1.46789240837, 17.4290027618, 56.4507446289, 32.8564376831, 101.881919861, 26.4132881165, 18.8345279694, 6.64922571182, -10.4457263947], [-0.732482910156, 22.5741767883, 43.9217605591, -9.59746265411, 11.1824712753, 2.74446296692, 11.1156358719, -7.94875621796, 26.4132881165, 92.1898574829, 15.6374177933, 10.8538589478, 14.6306972504], [69.4371490479, -29.8478794098, 10.2895517349, -27.5214004517, -1.13853538036, 12.4556703568, 5.74596500397, 32.9523735046, 18.8345279694, 15.6374177933, 79.4384841919, 13.1559457779, -2.54054188728], [25.9755420685, -16.4054355621, 10.536034584, 12.6085367203, 3.30421710014, 7.89841604233, -6.4377117157, 3.93980908394, 6.64922571182, 10.8538589478, 13.1559457779, 48.1127052307, 18.6028251648], [-22.2612609863, 28.2967224121, 17.2079105377, -3.29219841957, -1.86081826687, 2.72483706474, -5.46272754669, -0.85137039423, -10.4457263947, 14.6306972504, -2.54054188728, 18.6028251648, 49.1822738647]]
        icov: [[0.00359555729665, 0.00372443487868, 0.000562722270843, 0.000249631382758, 0.000243879694608, -0.000154672699864, -0.000721625925507, -0.000236683175899, -0.000711484870408, -0.0005266610533, -0.00129781232681, -4.45245641458e-05, -0.000806648400612], [0.00372443487868, 0.00501715485007, 0.00193078932352, 0.000746699399315, -0.000212399041629, 0.00056244188454, -0.000974049849901, -0.000619853963144, -0.00160309521016, -0.00109695247374, -0.000669911329169, 0.00042458975804, -0.00219384534284], [0.000562722270843, 0.00193078932352, 0.00548528367653, 0.00120235967916, -0.000330116541591, -0.000832929392345, -0.000776606844738, -0.0021966684144, 0.0010566606652, -0.0032798179891, 0.00140718242619, -0.000155068002641, -0.00145405856892], [0.000249631382758, 0.000746699399315, 0.00120235967916, 0.00547557044774, -0.000585801433772, 0.0012761465041, -0.00116647535469, 0.0023278365843, -0.00154064001981, 0.000705135520548, 0.00132567738183, -0.0023520833347, -0.000131744818646], [0.000243879694608, -0.000212399041629, -0.000330116541591, -0.000585801433772, 0.00886752828956, -0.00197172723711, 0.00174994929694, -0.000859766325448, 0.000321764178807, -0.00155148515478, 0.00057045527501, -0.000452752690762, 0.00166369765066], [-0.000154672699864, 0.00056244188454, -0.000832929392345, 0.0012761465041, -0.00197172723711, 0.0123592428863, -0.000289553572657, -0.00256611453369, -0.00231611239724, 0.000972532550804, 0.000535167637281, -0.0011988019105, -0.00115281715989], [-0.000721625925507, -0.000974049849901, -0.000776606844738, -0.00116647535469, 0.00174994929694, -0.000289553572657, 0.0134664950892, -0.000441810203483, -0.00726019591093, 0.000390867702663, 0.000271627795883, 0.00351724587381, -0.000976829789579], [-0.000236683175899, -0.000619853963144, -0.0021966684144, 0.0023278365843, -0.000859766325448, -0.00256611453369, -0.000441810203483, 0.0164303965867, -0.00551766064018, 0.005804319866, -0.00530013302341, 0.000474258558825, -0.00183283502702], [-0.000711484870408, -0.00160309521016, 0.0010566606652, -0.00154064001981, 0.000321764178807, -0.00231611239724, -0.00726019591093, -0.00551766064018, 0.0200203526765, -0.00619328767061, -7.05795246176e-05, -0.00423064269125, 0.00705706188455], [-0.0005266610533, -0.00109695247374, -0.0032798179891, 0.000705135520548, -0.00155148515478, 0.000972532550804, 0.000390867702663, 0.005804319866, -0.00619328767061, 0.0165500119328, -0.00383742107078, 2.61225659415e-06, -0.00481907837093], [-0.00129781232681, -0.000669911329169, 0.00140718242619, 0.00132567738183, 0.00057045527501, 0.000535167637281, 0.000271627795883, -0.00530013302341, -7.05795246176e-05, -0.00383742107078, 0.0175600983202, -0.00502652069554, 0.00325963669457], [-4.45245641458e-05, 0.00042458975804, -0.000155068002641, -0.0023520833347, -0.000452752690762, -0.0011988019105, 0.00351724587381, 0.000474258558825, -0.00423064269125, 2.61225659415e-06, -0.00502652069554, 0.0288595445454, -0.0119943358004], [-0.000806648400612, -0.00219384534284, -0.00145405856892, -0.000131744818646, 0.00166369765066, -0.00115281715989, -0.000976829789579, -0.00183283502702, 0.00705706188455, -0.00481907837093, 0.00325963669457, -0.0119943358004, 0.0293537080288]]
    spectral_contrast:
        mean: [-3.5187059666e-07, -1.13912257405e-07, 5.0643105709e-08, 9.01103405226e-08, -9.05358419345e-08, -2.14753427485e-07, -4.3585896492e-06, 3.80705569114e-06, 2.58859904534e-06, -8.77258116816e-07, -2.13854241338e-06, 1.00897182165e-06]
        var: [0.000648195913527, 0.000780457805376, 0.00134813284967, 0.00201653689146, 0.00251216534525, 0.00362169346772, 0.0579161569476, 0.0876917690039, 0.139174252748, 0.207167878747, 0.324830532074, 1.45920133591]

rhythm:
    beats_loudness:
        dmean: 0.00249477755278
        dmean2: 0.00456845760345
        dvar: 3.06848050968e-06
        dvar2: 8.70532949193e-06
        max: 0.0101081542671
        mean: 0.00674366764724
        min: 0.00300599820912
        var: 5.59913087272e-06
    beats_loudness_bass:
        dmean: 0.106670893729
        dmean2: 0.201695889235
        dvar: 0.0109264813364
        dvar2: 0.0347937904298
        max: 0.403749287128
        mean: 0.0979765057564
        min: 0.009501459077
        var: 0.0100356088951
    bpm: 113.318405151
    bpm_confidence: 0
    first_peak_bpm: 113
    first_peak_spread: 0
    first_peak_weight: 0.941176474094
    onset_rate: 3.59823775291
    second_peak_bpm: 94
    second_peak_spread: 0
    second_peak_weight: 0.0588235296309
    beats_position: [0.360204726458, 0.889723062515, 1.41924142838, 1.94875967503, 2.47827792168, 3.00779652596, 3.53731489182, 4.06683349609, 4.59635210037, 5.12587022781, 5.65538883209, 6.29102802277, 6.82043933868, 7.34984970093, 7.87926006317, 8.40867042542, 8.93808078766, 9.4674911499]
    bpm_estimates: [113.490501404, 113.396751404, 113.04536438, 113.132904053, 113.301200867, 113.377250671, 113.431083679, 113.646064758, 112.55406189, 113.808883667]
    bpm_intervals: [0.52951836586, 0.52951836586, 0.529518246651, 0.529518246651, 0.529518604279, 0.52951836586, 0.529518604279, 0.529518604279, 0.529518127441, 0.529518604279, 0.635639190674, 0.529411315918, 0.529410362244, 0.529410362244, 0.529410362244, 0.529410362244, 0.529410362244]
    onset_times: [0.0580498874187, 0.336689352989, 0.603718817234, 0.754648506641, 0.882358253002, 1.05650794506, 1.4164172411, 1.68344676495, 1.83437645435, 1.93886625767, 2.22911572456, 2.36843538284, 2.89088439941, 3.01859402657, 3.81968259811, 4.07510185242, 4.22603178024, 4.35374164581, 4.60916090012, 5.14321994781, 5.41024923325, 5.9094786644, 6.22294807434, 6.47836732864, 6.64090681076, 7.27945566177, 7.53487539291, 7.79029464722, 8.06893444061, 8.19664382935, 8.37079334259, 8.53333377838, 8.70748329163, 9.17188167572, 9.42730140686, 9.70594120026]
    rubato_start: []
    rubato_stop: []
    perceptual_tempo: "unknown"

sfx:
    inharmonicity:
        dmean: 0.0309541542083
        dmean2: 0.0537722036242
        dvar: 0.0011136677349
        dvar2: 0.00310010253452
        max: 0.240104600787
        mean: 0.0374960191548
        min: 4.77050452901e-05
        var: 0.00129933666904
    oddtoevenharmonicenergyratio:
        dmean: 2.02539777756
        dmean2: 3.84176111221
        dvar: 32.5696105957
        dvar2: 96.2300415039
        max: 59.9462356567
        mean: 1.38260853291
        min: 0.000468976271804
        var: 18.3801193237
    pitch_after_max_to_before_max_energy_ratio: 20.8848266602
    pitch_centroid: 232.942779541
    pitch_max_to_total: 0.0909090936184
    pitch_min_to_total: 0.934731960297
    tristimulus:
        dmean: [0.201973080635, 0.209116995335, 0.101044237614]
        dmean2: [0.340477734804, 0.355977028608, 0.175928890705]
        dvar: [0.029945043847, 0.0287943221629, 0.00881235301495]
        dvar2: [0.0841146409512, 0.0802025198936, 0.0253990329802]
        max: [0.978803157806, 0.929105699062, 0.676405966282]
        mean: [0.399591892958, 0.459876149893, 0.120616361499]
        min: [0.0249113105237, 0, 0]
        var: [0.0476605705917, 0.0471694879234, 0.0126290768385]

tonal:
    chords_changes_rate: 0.0694444477558
    chords_number_rate: 0.0416666679084
    chords_strength:
        dmean: 0.0121369864792
        dmean2: 0.0101704495028
        dvar: 8.15141975181e-05
        dvar2: 8.47137343953e-05
        max: 0.68755364418
        mean: 0.480331391096
        min: 0.307580560446
        var: 0.00707585224882
    key_strength: 0.686164319515
    tuning_diatonic_strength: 0.479872137308
    tuning_equal_tempered_deviation: 0.112016662955
    tuning_frequency: 439.491973877
    tuning_nontempered_energy_ratio: 0.722458362579
    hpcp:
        dmean: [0.102701470256, 0.121564768255, 0.165847569704, 0.161676436663, 0.161130398512, 0.121191121638, 0.0868106558919, 0.095077894628, 0.122794307768, 0.157792642713, 0.127467304468, 0.0897880941629, 0.108601361513, 0.101671233773, 0.0986879840493, 0.0866849124432, 0.0672699585557, 0.0874730199575, 0.111001648009, 0.0929921492934, 0.070075057447, 0.0840951278806, 0.100583955646, 0.155143678188, 0.166268035769, 0.158299818635, 0.123375736177, 0.0916335359216, 0.0922444015741, 0.116630792618, 0.14078296721, 0.120160549879, 0.123209029436, 0.184517651796, 0.151183724403, 0.0847297459841]
        dmean2: [0.181247785687, 0.218812480569, 0.287221878767, 0.264357954264, 0.285287767649, 0.210967004299, 0.148450553417, 0.166981354356, 0.212792605162, 0.2682505548, 0.21847307682, 0.140709653497, 0.1881031394, 0.172017946839, 0.159419283271, 0.146764457226, 0.118113398552, 0.14904089272, 0.189233213663, 0.155632182956, 0.121814437211, 0.148737579584, 0.173421412706, 0.26999643445, 0.268668502569, 0.26271507144, 0.204208403826, 0.142942860723, 0.157364681363, 0.205747321248, 0.249746590853, 0.208873137832, 0.206115752459, 0.313670039177, 0.252269744873, 0.148821637034]
        dvar: [0.0313570983708, 0.0328554883599, 0.0382902398705, 0.0365632846951, 0.0461826361716, 0.0294349528849, 0.020709073171, 0.0289352573454, 0.0264215394855, 0.0409469306469, 0.0357965193689, 0.0166833400726, 0.0253357961774, 0.0203688461334, 0.0241709239781, 0.012041204609, 0.010339432396, 0.0173325501382, 0.0270877685398, 0.0137562863529, 0.0153228873387, 0.0233650226146, 0.0248156320304, 0.0323569662869, 0.0450165234506, 0.0391164906323, 0.0345198176801, 0.0227440856397, 0.0223949439824, 0.0397724211216, 0.0415598452091, 0.0320216305554, 0.0234025493264, 0.0469968765974, 0.039051849395, 0.0178340524435]
        dvar2: [0.0854092687368, 0.0823803767562, 0.0970196351409, 0.0791949480772, 0.112820759416, 0.0738873034716, 0.0564054921269, 0.0758186653256, 0.0610366724432, 0.0978057011962, 0.0909884348512, 0.0405181795359, 0.0669517815113, 0.0573694780469, 0.0651418939233, 0.0317840091884, 0.0307463724166, 0.0501163192093, 0.0692285746336, 0.0370371639729, 0.0464553795755, 0.0658248364925, 0.0669391453266, 0.0946213901043, 0.103088922799, 0.0941872298717, 0.0836904719472, 0.0528069883585, 0.0584435388446, 0.110072784126, 0.11788739264, 0.0962645709515, 0.0630696639419, 0.107228681445, 0.097078114748, 0.0446833819151]
        max: [1, 1, 1, 1, 1, 1, 1, 1, 1, 1, 1, 1, 1, 1, 1, 0.776646971703, 0.987272560596, 1, 1, 1, 0.807196557522, 1, 1, 1, 1, 1, 1, 1, 0.997797787189, 1, 1, 1, 1, 1, 1, 0.843101918697]
        mean: [0.122661158442, 0.17166608572, 0.244615733624, 0.368788301945, 0.314622819424, 0.147652074695, 0.0976814180613, 0.110766209662, 0.173253521323, 0.221831634641, 0.165904343128, 0.122049421072, 0.16199375689, 0.156602501869, 0.147574111819, 0.149337604642, 0.0985137820244, 0.146620482206, 0.240382418036, 0.162814229727, 0.0812846720219, 0.101433478296, 0.117089860141, 0.233554661274, 0.39416846633, 0.314589262009, 0.183302387595, 0.166666328907, 0.128588855267, 0.139173164964, 0.182354658842, 0.143589183688, 0.173195198178, 0.290083825588, 0.219561040401, 0.0995294898748]
        min: [0.00104250921868, 0.00130948633887, 0.00488665839657, 0.00300337211229, 0.00315647851676, 0.00149971665815, 0.00139471224975, 0.00134110986255, 0.00612016068771, 0.00874262861907, 0.00637401407585, 0.00342378416099, 0.0011231462704, 0.00326036452316, 0.00526860589162, 0.00366840441711, 0.000577418715693, 0.00724454410374, 0.0112036708742, 0.00811473280191, 0.00111581990495, 0.000400408054702, 0.00187471683603, 0.00337740941904, 0.00290712155402, 0.00486607849598, 0.00375941279344, 0.00101657572668, 0.0020615675021, 0.00363027537242, 0.0014373222366, 0.00199397606775, 0.00708290701732, 0.00837466772646, 0.00337714981288, 0.00119343178812]
        var: [0.0421456731856, 0.0653802454472, 0.0623450279236, 0.112809747458, 0.100471638143, 0.0364353880286, 0.0188491940498, 0.0320533700287, 0.0460061393678, 0.0588304288685, 0.0419119857252, 0.0224874503911, 0.0489444918931, 0.0392688252032, 0.0290390755981, 0.0202409718186, 0.0128509281203, 0.0261931288987, 0.0828475430608, 0.03744328022, 0.0123249301687, 0.0232201647013, 0.0295057892799, 0.0549877434969, 0.13630078733, 0.0934816002846, 0.0543111972511, 0.0636217668653, 0.0352272167802, 0.0441744178534, 0.0522814802825, 0.0285171493888, 0.0325163751841, 0.081887729466, 0.0553060844541, 0.0202982816845]
    chords_histogram: [0, 0.462962955236, 13.4259262085, 14.3518514633, 0, 5.09259271622, 0, 36.1111106873, 0, 8.79629611969, 0, 0, 1.38888883591, 0, 0, 0, 3.24074077606, 0, 0, 0, 1.85185182095, 0, 0.925925910473, 14.3518514633]
    thpcp: [1, 0.798108637333, 0.465035647154, 0.422830194235, 0.326228171587, 0.353080421686, 0.462631285191, 0.364283800125, 0.439393848181, 0.735938668251, 0.557023346424, 0.252504944801, 0.311189681292, 0.435514509678, 0.620586752892, 0.935610890388, 0.79819381237, 0.374591290951, 0.247816413641, 0.281012356281, 0.439541816711, 0.562783837318, 0.420897036791, 0.309637695551, 0.410975933075, 0.397298395634, 0.374393492937, 0.378867447376, 0.249928116798, 0.371974140406, 0.609846889973, 0.413057476282, 0.206218093634, 0.257335335016, 0.297055363655, 0.592525005341]
    chords_key: "A#"
    chords_scale: "major"
    key_key: "A#"
    key_scale: "minor"
    chords_progression: ["Em", "Em", "Em", "Fm", "Fm", "Fm", "Fm", "A#", "A#", "A#", "A#", "A#", "A#", "A#", "A#", "A#", "A#", "A#", "A#", "A#", "A#", "A#", "A#", "A#", "A#", "A#", "A#", "A#", "A#", "A#", "A#", "A#", "A#", "A#", "A#", "A#", "A#", "A#", "A#", "A#", "A#", "A#", "A#", "A#", "A#", "A#", "A#", "A#", "A#", "A#", "A#", "D#", "G#", "G#", "G#", "G#", "G#", "G#", "G#", "G#", "G#", "G#", "G#", "G#", "G#m", "G#m", "G#m", "G#m", "G#", "G#", "G#", "G#", "G#", "G#", "G#", "G#", "G#", "G#", "G#", "G#", "G#", "G#", "G#", "G#", "G#", "G#", "G#", "D#", "D#", "D#", "D#", "D#", "D#", "D#", "D#", "D#", "D#", "D#m", "D#m", "F#", "F#", "F#", "F#", "F#", "F#", "F#", "F#", "F#", "F#", "F#", "F#", "F#", "F#", "F#", "F#", "F#", "F#", "F#", "F#", "F#", "F#", "F#", "F#", "F#", "F#", "F#", "F#", "F#", "F#", "F#", "F#m", "F#m", "F#m", "F#m", "F#m", "F#m", "F#m", "C#", "Fm", "Fm", "Fm", "Fm", "Fm", "Fm", "Fm", "Fm", "Fm", "F", "F", "F", "F", "F", "F", "F", "F", "F", "F", "F", "F", "F", "F", "F", "F", "F", "F", "F", "Fm", "Fm", "Fm", "Fm", "Fm", "Fm", "Fm", "Fm", "Fm", "Fm", "Fm", "Fm", "Fm", "Fm", "Fm", "Fm", "A#", "A#", "A#", "A#", "A#", "A#", "A#", "A#", "A#", "A#", "A#", "A#", "A#", "A#", "A#", "A#", "A#", "A#", "A#", "A#", "A#", "A#", "A#", "A#", "A#", "A#", "A#", "A#", "A#", "A#", "A#", "A#", "A#", "A#"]
