
metadata:
    version:
        essentia: "1.2.2"
    audio_properties:
        analysis_sample_rate: 44100
        bitrate: 128
        channels: 2
        equal_loudness: 1
        length: 10.0310201645
        replay_gain: -14.9839897156
        downmix: "mix"
    tags:
        track: 8
        year: 0
        album: "Splitted by Mp3Splt v. 2.1"
        artist: "From 001.10 To 001.20"
        comment: "http://mp3splt.sf.net"
        genre: ""
        title: "13 This Way.mp3"

highlevel:
    ballroom:
        all:
            ChaChaCha: 0.255859524012
            Jive: 0.242316141725
            Quickstep: 0.0507399961352
            Rumba-American: 0.00322970096022
            Rumba-International: 0.0143127720803
            Rumba-Misc: 0.007616460789
            Samba: 0.390371203423
            Tango: 0.00515400851145
            VienneseWaltz: 0.0252877473831
            Waltz: 0.00511244451627
        probability: 0.390371203423
        value: "Samba"
    culture:
        all:
            non_western: 0.667631030083
            western: 0.33236899972
        probability: 0.667631030083
        value: "non_western"
    gender:
        all:
            female: 0.855495929718
            male: 0.144504085183
        probability: 0.855495929718
        value: "female"
    genre_dortmund:
        all:
            alternative: 0.0562041290104
            blues: 0.200014546514
            electronic: 0.0229924023151
            folkcountry: 0.0506894849241
            funksoulrnb: 0.0658867806196
            jazz: 0.0706690922379
            pop: 0.0747472271323
            raphiphop: 0.121258996427
            rock: 0.33753734827
        probability: 0.33753734827
        value: "rock"
    genre_electronica:
        all:
            ambient: 0.125926718116
            dnb: 0.741258144379
            house: 0.0325920917094
            techno: 0.0410750471056
            trance: 0.0591479986906
        probability: 0.741258144379
        value: "dnb"
    genre_rosamerica:
        all:
            cla: 0.0196001995355
            dan: 0.403001993895
            hip: 0.159394606948
            jaz: 0.0102319112048
            pop: 0.137723997235
            rhy: 0.0616143681109
            roc: 0.202584460378
            spe: 0.00584845105186
        probability: 0.403001993895
        value: "dan"
    genre_tzanetakis:
        all:
            blu: 0.0027037516702
            cla: 0.00221753236838
            cou: 0.0268892068416
            dis: 0.442379176617
            hip: 0.0429957136512
            jaz: 0.003702693386
            met: 0.0215371083468
            pop: 0.28942707181
            reg: 0.0890694782138
            roc: 0.0790782719851
        probability: 0.442379176617
        value: "dis"
    live_studio:
        all:
            live: 0.296230345964
            studio: 0.703769683838
        probability: 0.703769683838
        value: "studio"
    mood:
        all:
            Cluster1: 0.281316936016
            Cluster2: 0.134717226028
            Cluster3: 0.223315060139
            Cluster4: 0.170499026775
            Cluster5: 0.19015173614
        probability: 0.281316936016
        value: "Cluster1"
    mood_acoustic:
        all:
            acoustic: 0.0181033480912
            not_acoustic: 0.98189663887
        probability: 0.98189663887
        value: "not_acoustic"
    mood_aggressive:
        all:
            aggressive: 0.305360764265
            not_aggressive: 0.694639265537
        probability: 0.694639265537
        value: "not_aggressive"
    mood_electronic:
        all:
            electronic: 0.207332015038
            not_electronic: 0.792667984962
        probability: 0.792667984962
        value: "not_electronic"
    mood_happy:
        all:
            happy: 0.89878475666
            not_happy: 0.101215228438
        probability: 0.89878475666
        value: "happy"
    mood_party:
        all:
            not_party: 0.364078968763
            party: 0.635921061039
        probability: 0.635921061039
        value: "party"
    mood_relaxed:
        all:
            not_relaxed: 0.990972578526
            relaxed: 0.00902739167213
        probability: 0.990972578526
        value: "not_relaxed"
    mood_sad:
        all:
            not_sad: 0.855928599834
            sad: 0.144071370363
        probability: 0.855928599834
        value: "not_sad"
    rhythm:
        all:
            fast: 0.926981210709
            medium: 0.0413349159062
            slow: 0.0316838771105
        probability: 0.926981210709
        value: "fast"
    speech_music:
        all:
            music: 0.99998909235
            speech: 1.09256297947e-05
        probability: 0.99998909235
        value: "music"
    timbre:
        all:
            bright: 0.173494011164
            dark: 0.826506018639
        probability: 0.826506018639
        value: "dark"
    voice_instrumental:
        all:
            instrumental: 0.0144406072795
            voice: 0.985559403896
        probability: 0.985559403896
        value: "voice"

lowlevel:
    average_loudness: 0.977359712124
    barkbands_kurtosis:
        dmean: 0.996887087822
        dmean2: 1.63193035126
        dvar: 3.06220602989
        dvar2: 7.31248235703
        max: 22.5378398895
        mean: -0.372419178486
        min: -1.80043363571
        var: 3.53302359581
    barkbands_skewness:
        dmean: 0.528460621834
        dmean2: 0.742397248745
        dvar: 0.225104004145
        dvar2: 0.482157737017
        max: 2.40755677223
        mean: 0.16909314692
        min: -4.18740272522
        var: 0.763809978962
    barkbands_spread:
        dmean: 6.20390224457
        dmean2: 9.33539390564
        dvar: 29.348859787
        dvar2: 62.8032264709
        max: 68.3031692505
        mean: 30.2680511475
        min: 3.64558672905
        var: 100.404754639
    dissonance:
        dmean: 0.0218399036676
        dmean2: 0.0370670817792
        dvar: 0.000469750142656
        dvar2: 0.00134054746013
        max: 0.499122947454
        mean: 0.460364222527
        min: 0.326997309923
        var: 0.000711039290763
    hfc:
        dmean: 1.94438827038
        dmean2: 2.6069188118
        dvar: 11.1740617752
        dvar2: 19.2357215881
        max: 38.1003799438
        mean: 4.85441255569
        min: 0.472467720509
        var: 21.0691375732
    pitch:
        dmean: 635.858825684
        dmean2: 1216.27368164
        dvar: 1290876.75
        dvar2: 3526398.25
        max: 4009.09082031
        mean: 702.321594238
        min: 79.7468338013
        var: 1045755.0625
    pitch_instantaneous_confidence:
        dmean: 0.104827620089
        dmean2: 0.158474624157
        dvar: 0.00710138818249
        dvar2: 0.0144481714815
        max: 0.935684621334
        mean: 0.436299264431
        min: 0.154982089996
        var: 0.0270284768194
    pitch_salience:
        dmean: 0.0727705881
        dmean2: 0.110891550779
        dvar: 0.00376257789321
        dvar2: 0.00741496356204
        max: 0.799386441708
        mean: 0.57712495327
        min: 0.169880658388
        var: 0.0116690583527
    silence_rate_20dB:
        dmean: 0
        dmean2: 0
        dvar: 0
        dvar2: 0
        max: 1
        mean: 1
        min: 1
        var: 0
    silence_rate_30dB:
        dmean: 0
        dmean2: 0
        dvar: 0
        dvar2: 0
        max: 1
        mean: 1
        min: 1
        var: 0
    silence_rate_60dB:
        dmean: 0.199535965919
        dmean2: 0.40000000596
        dvar: 0.159721165895
        dvar2: 0.267908126116
        max: 1
        mean: 0.638888895512
        min: 0
        var: 0.230710372329
    spectral_centroid:
        dmean: 302.969818115
        dmean2: 443.951080322
        dvar: 86862.6953125
        dvar2: 198516.984375
        max: 3454.32543945
        mean: 1439.30895996
        min: 469.067260742
        var: 287283.53125
    spectral_complexity:
        dmean: 3.4801864624
        dmean2: 4.85747671127
        dvar: 24.6692180634
        dvar2: 31.4866676331
        max: 49
        mean: 10.2790699005
        min: 1
        var: 60.2011451721
    spectral_crest:
        dmean: 2.42217588425
        dmean2: 3.76471209526
        dvar: 5.5531001091
        dvar2: 11.3468923569
        max: 24.8614578247
        mean: 7.7956161499
        min: 3.10179877281
        var: 14.4246683121
    spectral_decrease:
        dmean: 3.46370432336e-10
        dmean2: 4.93122209733e-10
        dvar: 1.987126809e-19
        dvar2: 3.81215103336e-19
        max: -9.11468331366e-11
        mean: -7.94141141736e-10
        min: -3.80915388121e-09
        var: 3.81666847348e-19
    spectral_energy:
        dmean: 0.00145299965516
        dmean2: 0.00202837074175
        dvar: 3.54503958988e-06
        dvar2: 6.44565307084e-06
        max: 0.0178324338049
        mean: 0.00343758217059
        min: 0.000407371146139
        var: 7.16466456652e-06
    spectral_energyband_high:
        dmean: 0.000131387030706
        dmean2: 0.000187460580491
        dvar: 5.35670032775e-08
        dvar2: 1.03145438857e-07
        max: 0.00236426363699
        mean: 0.000233995029703
        min: 8.04374849395e-06
        var: 1.00732627573e-07
    spectral_energyband_low:
        dmean: 0.000225525596761
        dmean2: 0.000398693722673
        dvar: 1.25753331304e-07
        dvar2: 3.43285847748e-07
        max: 0.0021278609056
        mean: 0.000305415858747
        min: 2.45632492124e-08
        var: 1.09005114268e-07
    spectral_energyband_middle_high:
        dmean: 0.000592724361923
        dmean2: 0.000810602679849
        dvar: 8.97873974282e-07
        dvar2: 1.54672034114e-06
        max: 0.0109940264374
        mean: 0.00145355134737
        min: 9.18338773772e-05
        var: 1.65096071214e-06
    spectral_energyband_middle_low:
        dmean: 0.000906450906768
        dmean2: 0.0013923693914
        dvar: 1.64279344972e-06
        dvar2: 3.99209784518e-06
        max: 0.0113453222439
        mean: 0.00144461169839
        min: 5.07293807459e-05
        var: 2.40874192059e-06
    spectral_flatness_db:
        dmean: 0.0195148978382
        dmean2: 0.0296434480697
        dvar: 0.000328593159793
        dvar2: 0.000615802477114
        max: 0.312992662191
        mean: 0.159657463431
        min: 0.0790916308761
        var: 0.0012239968637
    spectral_flux:
        dmean: 0.0101733841002
        dmean2: 0.0147075839341
        dvar: 0.000109597269329
        dvar2: 0.000185757045983
        max: 0.0897815525532
        mean: 0.0372047498822
        min: 0.0079827811569
        var: 0.000289358693408
    spectral_kurtosis:
        dmean: 1.30862021446
        dmean2: 2.12736558914
        dvar: 1.69787824154
        dvar2: 4.25312185287
        max: 15.210231781
        mean: 4.14871501923
        min: -1.1971360445
        var: 3.43339085579
    spectral_rms:
        dmean: 0.000349973852281
        dmean2: 0.000486304197693
        dvar: 1.38705857466e-07
        dvar2: 2.48618590604e-07
        max: 0.0041710305959
        mean: 0.0017333360156
        min: 0.000630424648989
        var: 3.49282458956e-07
    spectral_rolloff:
        dmean: 537.175415039
        dmean2: 883.313964844
        dvar: 438130.09375
        dvar2: 933223.5
        max: 9087.01171875
        mean: 2794.00805664
        min: 430.6640625
        var: 905140.25
    spectral_skewness:
        dmean: 0.210163608193
        dmean2: 0.315524846315
        dvar: 0.0294776465744
        dvar2: 0.0630248114467
        max: 2.69707369804
        mean: 1.49084556103
        min: 0.225094541907
        var: 0.106621056795
    spectral_spread:
        dmean: 526002.9375
        dmean2: 702351.25
        dvar: 420317036544
        dvar2: 505052725248
        max: 13757925
        mean: 4499209
        min: 2879566.75
        var: 2.54834140774e+12
    spectral_strongpeak:
        dmean: 0.419992089272
        dmean2: 0.680462002754
        dvar: 0.331145912409
        dvar2: 0.593123078346
        max: 3.99918460846
        mean: 0.65418446064
        min: 0.0125674186274
        var: 0.672516942024
    zerocrossingrate:
        dmean: 0.00987944379449
        dmean2: 0.0121214678511
        dvar: 9.0829526016e-05
        dvar2: 0.000130693413666
        max: 0.20947265625
        mean: 0.0842728018761
        min: 0.0390625
        var: 0.000505551404785
    barkbands:
        dmean: [1.07031780772e-06, 0.000119632502901, 0.000145075639011, 0.000210861864616, 0.000456504756585, 0.000123111487483, 0.000114760587167, 0.000110654815217, 0.000156861409778, 6.00205385126e-05, 9.21205646591e-05, 2.94719611702e-05, 8.22307847557e-05, 9.74082577159e-05, 6.12164949416e-05, 0.00010451325943, 9.98193645501e-05, 0.000140486590681, 0.000124877507915, 0.0001327743812, 4.77513385704e-05, 9.7489937616e-06, 1.90348964679e-06, 1.89546153706e-06, 2.48304809247e-06, 3.1637643616e-08, 1.54227991489e-10]
        dmean2: [1.14249780836e-06, 0.000203984993277, 0.000272297591437, 0.000360438367352, 0.000717816117685, 0.000201739079785, 0.000187473313417, 0.000180611939868, 0.000251836318057, 0.0001016715687, 0.00014427586575, 4.29283245467e-05, 0.000127451858134, 0.00014517470845, 9.03838299564e-05, 0.000150638210471, 0.000140804622788, 0.000221211608732, 0.00019193564367, 0.000206071970752, 6.88876898494e-05, 1.47531245602e-05, 2.64806885752e-06, 2.49122149398e-06, 3.56727491635e-06, 4.89204801113e-08, 2.73627731584e-10]
        dvar: [1.69914353854e-12, 3.30364180456e-08, 7.19792154769e-08, 1.38917428671e-07, 8.14236159385e-07, 7.71371944097e-08, 9.87644668271e-08, 9.61988106951e-08, 5.3940656386e-08, 1.07397202243e-08, 3.51262130494e-08, 4.5447925423e-09, 1.10951514642e-08, 3.36314300853e-08, 1.22294592231e-08, 5.65140432229e-08, 3.95780013207e-08, 9.93529951643e-08, 6.91629225003e-08, 6.49870912639e-08, 7.03937930169e-09, 2.31694372022e-10, 2.65386514847e-11, 7.1036225513e-11, 3.7531380781e-10, 4.39901885535e-14, 8.56342671178e-20]
        dvar2: [1.9677150534e-12, 9.54719894253e-08, 1.97417833192e-07, 3.6981234075e-07, 1.9976735075e-06, 1.61627184525e-07, 2.45787106223e-07, 2.52684458246e-07, 1.55982817773e-07, 2.85890067175e-08, 9.65229318695e-08, 1.03284669706e-08, 2.19706066673e-08, 6.83168366322e-08, 2.51810821084e-08, 9.40867153076e-08, 7.25943252178e-08, 2.56814558952e-07, 1.65105703331e-07, 1.24683467106e-07, 1.33607782615e-08, 4.26263274678e-10, 4.01724833954e-11, 8.70764710337e-11, 8.67820038053e-10, 7.98238496244e-14, 1.94062685087e-19]
        max: [9.19688591239e-06, 0.00128553039394, 0.00146749115083, 0.0035652234219, 0.00860232394189, 0.00446295971051, 0.00487461639568, 0.00502750650048, 0.00195422931574, 0.000876401900314, 0.00287930900231, 0.000640651152935, 0.000907455862034, 0.00166007003281, 0.00103109818883, 0.00228810426779, 0.00200034002773, 0.002664857544, 0.00246193259954, 0.00219481857494, 0.000867371505592, 0.000218722605496, 9.77528980002e-05, 0.000182515970664, 0.0003698329092, 3.5874961668e-06, 4.0163916637e-09]
        mean: [2.2657259251e-06, 0.000165242134244, 0.000137917973916, 0.000263887748588, 0.000541887187865, 0.000141932890983, 0.000113439491543, 0.000130099826492, 0.000238215507125, 8.33826779854e-05, 0.000126851882669, 3.36577213602e-05, 0.00013784787734, 0.000155131841893, 9.33023911784e-05, 0.000185039287317, 0.000156936424901, 0.000209420773899, 0.000189820697415, 0.00023645615147, 7.1270907938e-05, 1.4611374354e-05, 3.1249917356e-06, 3.08993071485e-06, 2.70768737209e-06, 4.31731805861e-08, 1.45084277925e-10]
        min: [4.90124572872e-11, 2.19509144195e-09, 8.69101590695e-09, 8.64845048909e-08, 7.84020130595e-07, 9.67703272181e-07, 7.67057485973e-07, 2.45086994255e-07, 1.68661949829e-06, 3.59354679347e-08, 7.02957208887e-07, 1.88677034885e-07, 9.6388998827e-07, 1.2011552144e-06, 4.36947175331e-07, 1.91828280549e-06, 2.82028167931e-06, 5.97001098868e-06, 4.77540925203e-06, 1.14415456665e-06, 2.18371997107e-06, 3.83842262863e-07, 5.90010102997e-08, 5.37562883096e-08, 2.82135719232e-08, 2.84982537568e-10, 2.326791544e-14]
        var: [7.40578778857e-12, 3.01392582003e-08, 4.99352559302e-08, 1.347872427e-07, 1.00561589989e-06, 1.19551557987e-07, 1.07176376218e-07, 9.54990113655e-08, 9.84745440746e-08, 1.77305796711e-08, 5.0695852849e-08, 5.19869614024e-09, 2.50391778422e-08, 5.83932333598e-08, 2.14394777487e-08, 1.46069794482e-07, 7.85114551149e-08, 9.71479181544e-08, 7.73572139678e-08, 1.20178796692e-07, 1.25289840724e-08, 5.2613902124e-10, 5.98026073106e-11, 1.62059213271e-10, 3.69452218818e-10, 5.50346951984e-14, 8.94511240334e-20]
    mfcc:
        mean: [-734.994995117, 116.606712341, -51.8364906311, 50.9169845581, -6.3349776268, -2.20609092712, 7.58219575882, -5.21034145355, 0.93124961853, 2.04141354561, -1.91820716858, -5.22688484192, -10.0771026611]
        cov: [[1769.45874023, 33.7609367371, 203.372024536, -4.62457942963, -83.9334640503, 99.4472579956, 37.8936920166, -41.8186187744, -84.6550445557, -16.1856555939, 104.291793823, -33.2410087585, -62.1118888855], [33.7609367371, 541.728393555, 87.7802047729, 111.132713318, 26.2508087158, 108.267791748, 80.2773742676, 110.252510071, 38.867061615, -7.3806848526, 72.0695037842, 54.0938034058, -17.8403759003], [203.372024536, 87.7802047729, 618.209350586, 154.307403564, 258.743591309, 78.2459487915, 3.110039711, -7.40357875824, -27.0810623169, -74.6394348145, 82.0579071045, 45.7676925659, -4.16011428833], [-4.62457942963, 111.132713318, 154.307403564, 467.816589355, 193.896911621, 32.8993263245, 1.29387044907, 15.2466287613, 14.3564386368, -34.6793861389, -109.778717041, 46.5035972595, 83.8463058472], [-83.9334640503, 26.2508087158, 258.743591309, 193.896911621, 297.709594727, 27.3041725159, -20.9843788147, -12.0901889801, 9.25313568115, -24.4807987213, -1.41383218765, 41.5204162598, 39.8053855896], [99.4472579956, 108.267791748, 78.2459487915, 32.8993263245, 27.3041725159, 174.616363525, 121.79221344, 48.1106758118, 5.87973690033, -1.97595500946, 33.7318916321, -15.6405134201, -15.9914474487], [37.8936920166, 80.2773742676, 3.110039711, 1.29387044907, -20.9843788147, 121.79221344, 306.040863037, 99.3241577148, 5.67922592163, 60.1424064636, 50.203414917, 4.64769124985, -33.2805023193], [-41.8186187744, 110.252510071, -7.40357875824, 15.2466287613, -12.0901889801, 48.1106758118, 99.3241577148, 170.091796875, 65.7016830444, 21.311044693, 70.6252059937, 32.4129295349, -24.060251236], [-84.6550445557, 38.867061615, -27.0810623169, 14.3564386368, 9.25313568115, 5.87973690033, 5.67922592163, 65.7016830444, 107.11794281, 44.8143043518, 7.69563627243, 2.51101589203, -4.79474925995], [-16.1856555939, -7.3806848526, -74.6394348145, -34.6793861389, -24.4807987213, -1.97595500946, 60.1424064636, 21.311044693, 44.8143043518, 131.247894287, 42.3607826233, -2.55613493919, -12.9364376068], [104.291793823, 72.0695037842, 82.0579071045, -109.778717041, -1.41383218765, 33.7318916321, 50.203414917, 70.6252059937, 7.69563627243, 42.3607826233, 206.588165283, 48.6451339722, -55.3459777832], [-33.2410087585, 54.0938034058, 45.7676925659, 46.5035972595, 41.5204162598, -15.6405134201, 4.64769124985, 32.4129295349, 2.51101589203, -2.55613493919, 48.6451339722, 110.51109314, 28.132396698], [-62.1118888855, -17.8403759003, -4.16011428833, 83.8463058472, 39.8053855896, -15.9914474487, -33.2805023193, -24.060251236, -4.79474925995, -12.9364376068, -55.3459777832, 28.132396698, 94.1121368408]]
        icov: [[0.00072027387796, 7.40406176192e-05, -0.000350115413312, -0.000371023343178, 0.000719130621292, -0.000385076651582, 0.000112936060759, 0.000314970500767, 0.000349908688804, -0.000111634595669, -0.000505260308273, 0.000222137998207, 0.000194286360056], [7.40406176192e-05, 0.00263032200746, -9.18680598261e-05, -0.000865957117639, 0.000653968425468, -0.00148168113083, 0.0002738708572, -0.000625485437922, -0.000457313202787, 0.000352939561708, -0.000607610214502, -0.00103893817868, 0.000701944692992], [-0.000350115413312, -9.18680598261e-05, 0.0035885325633, -0.000417874049162, -0.0028024604544, -0.000374922645278, -0.00039045306039, 0.00106592476368, -0.000399721961003, 0.00218968838453, -0.00194592576008, 8.38777923491e-05, 0.000649665074889], [-0.000371023343178, -0.000865957117639, -0.000417874049162, 0.00490009505302, -0.00258752913214, -0.000308990391204, 0.00026717945002, -0.00205431180075, 0.00088896456873, -0.0011138956761, 0.00411493005231, -0.00155668018851, -0.00140444969293], [0.000719130621292, 0.000653968425468, -0.0028024604544, -0.00258752913214, 0.00802489835769, -0.000868052593432, 0.00035302847391, 0.0016154027544, -0.00150498945732, -0.000271890690783, -0.00125783425756, -0.000676441879477, -0.000875437515788], [-0.000385076651582, -0.00148168113083, -0.000374922645278, -0.000308990391204, -0.000868052593432, 0.0110090691596, -0.00455106701702, 0.000418482610257, -0.00153159163892, 0.00272106239572, -0.00215844274499, 0.00435801874846, -0.00181695865467], [0.000112936060759, 0.0002738708572, -0.00039045306039, 0.00026717945002, 0.00035302847391, -0.00455106701702, 0.0072431457229, -0.00473325699568, 0.00456528039649, -0.00485797133297, 0.00235946266912, -0.00142587570008, 0.00167842837982], [0.000314970500767, -0.000625485437922, 0.00106592476368, -0.00205431180075, 0.0016154027544, 0.000418482610257, -0.00473325699568, 0.0153553467244, -0.0100961038843, 0.00543126976117, -0.00582417706028, -0.00131502863951, 0.000806561321951], [0.000349908688804, -0.000457313202787, -0.000399721961003, 0.00088896456873, -0.00150498945732, -0.00153159163892, 0.00456528039649, -0.0100961038843, 0.0190140716732, -0.0085406312719, 0.00441414443776, 0.000407985528, 0.00101283239201], [-0.000111634595669, 0.000352939561708, 0.00218968838453, -0.0011138956761, -0.000271890690783, 0.00272106239572, -0.00485797133297, 0.00543126976117, -0.0085406312719, 0.0147351482883, -0.00619737710804, 0.00205785036087, -0.00133899273351], [-0.000505260308273, -0.000607610214502, -0.00194592576008, 0.00411493005231, -0.00125783425756, -0.00215844274499, 0.00235946266912, -0.00582417706028, 0.00441414443776, -0.00619737710804, 0.0140275508165, -0.00667704455554, 0.00492824660614], [0.000222137998207, -0.00103893817868, 8.38777923491e-05, -0.00155668018851, -0.000676441879477, 0.00435801874846, -0.00142587570008, -0.00131502863951, 0.000407985528, 0.00205785036087, -0.00667704455554, 0.0163137298077, -0.00697314925492], [0.000194286360056, 0.000701944692992, 0.000649665074889, -0.00140444969293, -0.000875437515788, -0.00181695865467, 0.00167842837982, 0.000806561321951, 0.00101283239201, -0.00133899273351, 0.00492824660614, -0.00697314925492, 0.0178783722222]]
    spectral_contrast:
        mean: [-1.11438161809e-07, 9.88501440702e-08, -5.82184922493e-09, 3.15350145996e-09, 1.75348553455e-08, 3.2568132724e-07, 2.151658407e-07, 1.66685083514e-07, 5.6139259641e-07, 1.28156921164e-06, 2.29822694564e-06, 3.89592605643e-06]
        var: [0.000461334071588, 0.00113127566874, 0.0018469223287, 0.003363693133, 0.00460409326479, 0.00590210454538, 0.0637789219618, 0.115630120039, 0.184096097946, 0.331931352615, 0.95600438118, 1.54469585419]

rhythm:
    beats_loudness:
        dmean: 0.00348701095209
        dmean2: 0.00686385761946
        dvar: 3.26096346726e-06
        dvar2: 1.07223204395e-05
        max: 0.0097349146381
        mean: 0.00520050851628
        min: 0.00266659911722
        var: 4.91210266773e-06
    beats_loudness_bass:
        dmean: 0.295432060957
        dmean2: 0.601140260696
        dvar: 0.0163798537105
        dvar2: 0.0390315055847
        max: 0.522050261497
        mean: 0.231427684426
        min: 0.00539372721687
        var: 0.0291986130178
    bpm: 95.5499954224
    bpm_confidence: 0
    first_peak_bpm: 96
    first_peak_spread: 0
    first_peak_weight: 1
    onset_rate: 4.58577489853
    second_peak_bpm: 0
    second_peak_spread: 0
    second_peak_weight: 0
    beats_position: [0.593183517456, 1.2210817337, 1.84898006916, 2.47687840462, 3.10477662086, 3.73267507553, 4.36057329178, 4.98847150803, 5.61636972427, 6.24936294556, 6.87739229202, 7.50542068481, 8.13345050812, 8.76147937775, 9.38950824738]
    bpm_estimates: [95.6537780762, 95.5344848633, 95.627532959, 95.5896987915, 95.4948959351, 95.4869537354, 95.5565261841, 95.6191329956, 95.5225601196, 95.8245620728, 95.2177276611, 95.4773101807, 95.6098403931, 95.52293396, 95.5254440308, 95.5787124634, 95.5077819824]
    bpm_intervals: [0.627898216248, 0.627898335457, 0.627898335457, 0.627898216248, 0.627898454666, 0.627898216248, 0.627898216248, 0.627898216248, 0.632993221283, 0.628029346466, 0.628028392792, 0.628029823303, 0.628028869629, 0.628028869629]
    onset_times: [0.0580498874187, 0.243809521198, 0.417959183455, 0.557278931141, 0.731428563595, 0.905578255653, 1.04489791393, 1.19582772255, 1.48607707024, 1.82276642323, 1.98530614376, 2.26394557953, 2.5890250206, 2.75156474113, 3.06503391266, 3.25079369545, 3.45977330208, 3.56426310539, 3.70358276367, 4.02866220474, 4.34213161469, 4.51628112793, 4.79492044449, 5.11999988556, 5.29414987564, 5.60761928558, 5.78176879883, 6.09523820877, 6.24616765976, 6.5596370697, 6.87310647964, 7.0356464386, 7.20979595184, 7.50004529953, 7.6277551651, 7.80190467834, 8.01088428497, 8.13859367371, 8.3011341095, 8.48689365387, 8.76553249359, 9.0906124115, 9.24154186249, 9.42730140686, 9.71755123138, 9.89170074463]
    rubato_start: []
    rubato_stop: []
    perceptual_tempo: "unknown"

sfx:
    inharmonicity:
        dmean: 0.047973614186
        dmean2: 0.084624119103
        dvar: 0.00284175225534
        dvar2: 0.0077518960461
        max: 0.394033372402
        mean: 0.0514763593674
        min: 0
        var: 0.00287225935608
    oddtoevenharmonicenergyratio:
        dmean: 3.45166993141
        dmean2: 6.4685177803
        dvar: 56.4057502747
        dvar2: 163.455795288
        max: 58.0361442566
        mean: 2.24705410004
        min: 0
        var: 37.5003967285
    pitch_after_max_to_before_max_energy_ratio: 5.33978414536
    pitch_centroid: 198.68157959
    pitch_max_to_total: 0.204651162028
    pitch_min_to_total: 0.244186043739
    tristimulus:
        dmean: [0.218522742391, 0.286739766598, 0.127248302102]
        dmean2: [0.378962248564, 0.503842175007, 0.226624593139]
        dvar: [0.0324239209294, 0.0506197884679, 0.0139473564923]
        dvar2: [0.0933323204517, 0.138714492321, 0.0392131507397]
        max: [1, 0.996065497398, 0.651941895485]
        mean: [0.346858531237, 0.467870891094, 0.121360935271]
        min: [0.00192790012807, 0, 0]
        var: [0.0451804623008, 0.0691671445966, 0.0160667560995]

tonal:
    chords_changes_rate: 0.087962962687
    chords_number_rate: 0.0324074067175
    chords_strength:
        dmean: 0.0117536121979
        dmean2: 0.0138667440042
        dvar: 8.02013746579e-05
        dvar2: 0.000111277891847
        max: 0.757820606232
        mean: 0.63694614172
        min: 0.402799278498
        var: 0.00694465311244
    key_strength: 0.836521148682
    tuning_diatonic_strength: 0.751950979233
    tuning_equal_tempered_deviation: 0.23179410398
    tuning_frequency: 445.627075195
    tuning_nontempered_energy_ratio: 0.890113532543
    hpcp:
        dmean: [0.171399056911, 0.169805318117, 0.142297178507, 0.120027258992, 0.156962543726, 0.192732840776, 0.215404212475, 0.21774750948, 0.218683034182, 0.170324832201, 0.125511884689, 0.0867510214448, 0.065687045455, 0.0923620685935, 0.160658597946, 0.169987812638, 0.125850439072, 0.102459147573, 0.120466515422, 0.167436361313, 0.173126444221, 0.215428411961, 0.233216717839, 0.190167278051, 0.128532931209, 0.102664358914, 0.118732482195, 0.113568343222, 0.148580357432, 0.190057948232, 0.194162964821, 0.192701771855, 0.18479155004, 0.155460134149, 0.127081111073, 0.157096549869]
        dmean2: [0.291497588158, 0.292460054159, 0.245046436787, 0.200997829437, 0.264393687248, 0.321013152599, 0.366683036089, 0.356496423483, 0.356388866901, 0.280209809542, 0.208586499095, 0.150631964207, 0.108974263072, 0.156314373016, 0.273384511471, 0.284640967846, 0.208995848894, 0.177243277431, 0.21250936389, 0.288756638765, 0.287853807211, 0.377091556787, 0.40783020854, 0.325111985207, 0.219268456101, 0.170869007707, 0.191242784262, 0.180212646723, 0.248395085335, 0.331463456154, 0.323764652014, 0.311012774706, 0.304940789938, 0.245501101017, 0.208125546575, 0.267492413521]
        dvar: [0.0370871089399, 0.0384123772383, 0.0339190401137, 0.0180980972946, 0.0411299280822, 0.0393344052136, 0.0449962578714, 0.0476707778871, 0.0491797216237, 0.033141002059, 0.0234145168215, 0.0137331550941, 0.00708609353751, 0.0174744408578, 0.051906440407, 0.0550041161478, 0.0309163387865, 0.0209108795971, 0.0277508087456, 0.0427441708744, 0.04000351578, 0.0489530935884, 0.0610355474055, 0.0402036197484, 0.0239148959517, 0.0183767247945, 0.0233575347811, 0.0243311747909, 0.0313237123191, 0.0587055645883, 0.0547940693796, 0.0526491776109, 0.0442918725312, 0.0311553031206, 0.0232494585216, 0.0353632122278]
        dvar2: [0.0937429592013, 0.102014638484, 0.0872340574861, 0.040863674134, 0.107021272182, 0.101521544158, 0.113347090781, 0.106652587652, 0.134197384119, 0.0706723704934, 0.0590664818883, 0.0345182493329, 0.0183868724853, 0.0505524724722, 0.130659073591, 0.128461450338, 0.0761010572314, 0.0574736520648, 0.0696307420731, 0.11093480885, 0.0974921360612, 0.109271325171, 0.139946773648, 0.102643728256, 0.0670970454812, 0.049791559577, 0.0617503263056, 0.0547993220389, 0.0764270573854, 0.150433331728, 0.13175342977, 0.116265200078, 0.103384248912, 0.071692340076, 0.0595518015325, 0.0894130989909]
        max: [1, 1, 1, 0.780344307423, 1, 1, 1, 1, 1, 1, 1, 0.787190556526, 0.462737113237, 0.963854014874, 1, 1, 1, 0.920916676521, 1, 1, 1, 1, 1, 1, 1, 1, 1, 1, 1, 1, 1, 1, 1, 1, 1, 1]
        mean: [0.207688301802, 0.198665618896, 0.164930641651, 0.143724560738, 0.166835591197, 0.242004558444, 0.330787092447, 0.369427800179, 0.326107144356, 0.234394207597, 0.151179090142, 0.10307855159, 0.082262814045, 0.111643128097, 0.199871152639, 0.216192126274, 0.149529248476, 0.116306491196, 0.122175753117, 0.172924175858, 0.272397577763, 0.382666409016, 0.392607569695, 0.250982701778, 0.128928303719, 0.112426139414, 0.142058208585, 0.172861203551, 0.187886252999, 0.23784430325, 0.272037178278, 0.236319154501, 0.210131838918, 0.186892047524, 0.164357841015, 0.183418095112]
        min: [0.00147951871622, 0.000699453114066, 0.000515891995747, 0.00117349333595, 0.00175293686334, 0.00227414793335, 0.00394132966176, 0.0050019081682, 0.00422143936157, 0.00291505362839, 0.00136672344524, 0.000931721704546, 0.00112599530257, 0.00110091129318, 0.00119709793944, 0.00138482055627, 0.00161093391944, 0.00175710639451, 0.00145430502016, 0.000777169305366, 0.00207151123323, 0.00122827803716, 0.00102043326478, 0.00118584791198, 0.000923925254028, 0.00128092325758, 0.0019610482268, 0.00155450880993, 0.00120848766528, 0.00133202585857, 0.000938940676861, 0.000922110222746, 0.00147481972817, 0.000989260850474, 0.00112264906056, 0.00114111683797]
        var: [0.0543328113854, 0.0511110015213, 0.0373192355037, 0.024622477591, 0.0416519194841, 0.0532223545015, 0.0787302404642, 0.0958659648895, 0.0881310850382, 0.0692604482174, 0.0278242491186, 0.0145108941942, 0.00866148341447, 0.0180790629238, 0.073292799294, 0.0827999264002, 0.0428954437375, 0.0234636329114, 0.0344744883478, 0.0470832549036, 0.0864643603563, 0.112185381353, 0.118907913566, 0.0641724467278, 0.0244227275252, 0.020069135353, 0.0315096490085, 0.0437823608518, 0.0450719743967, 0.0798567458987, 0.0912625491619, 0.0733052790165, 0.0588168650866, 0.0466510057449, 0.0313455872238, 0.0475911311805]
    chords_histogram: [43.9814796448, 3.24074077606, 7.40740728378, 0, 0, 0, 5.09259271622, 14.3518514633, 0, 4.62962961197, 0, 0, 0.925925910473, 0, 0, 0, 0, 0, 0, 0, 0.925925910473, 0, 0, 19.4444446564]
    thpcp: [1, 0.639271199703, 0.328389763832, 0.286357551813, 0.361832588911, 0.440290033817, 0.478559941053, 0.605806708336, 0.692898452282, 0.601922035217, 0.535221040249, 0.476027607918, 0.418631374836, 0.467179208994, 0.528997182846, 0.506015777588, 0.420090317726, 0.366076886654, 0.424942374229, 0.616403162479, 0.842538774014, 0.940959453583, 0.830618560314, 0.597019076347, 0.385064125061, 0.262548565865, 0.20952937007, 0.284363150597, 0.509086370468, 0.55065703392, 0.380861848593, 0.2962410748, 0.311190515757, 0.440450429916, 0.693816423416, 0.974679112434]
    chords_key: "E"
    chords_scale: "minor"
    key_key: "E"
    key_scale: "minor"
    chords_progression: ["Dm", "Dm", "C#m", "C#m", "C#m", "C#m", "C#m", "C#m", "C#m", "C#m", "C#m", "C#m", "C#m", "E", "E", "E", "E", "E", "E", "E", "E", "E", "E", "E", "E", "E", "E", "E", "E", "Em", "Em", "Em", "Em", "Em", "Em", "Em", "Em", "Em", "Em", "Em", "Em", "Em", "Em", "Em", "Em", "Em", "Em", "Em", "Em", "Em", "Em", "Em", "Em", "Em", "Em", "Em", "Em", "Em", "Em", "Em", "Em", "Em", "Em", "Em", "Em", "Em", "Em", "Em", "Em", "Em", "Em", "E", "Em", "Em", "Em", "Em", "Em", "Em", "Em", "Em", "Em", "Em", "Em", "Em", "Em", "Em", "Em", "Em", "Em", "E", "E", "E", "E", "E", "E", "E", "E", "E", "E", "E", "E", "E", "E", "Em", "Em", "Em", "Em", "Em", "Em", "Em", "Em", "Em", "Em", "Em", "Em", "Em", "Em", "Em", "Em", "Em", "Em", "Em", "Em", "Em", "Em", "Em", "Em", "Em", "Em", "Em", "Em", "Em", "C", "C", "C", "C", "C", "C", "C", "C", "C", "C", "C", "C", "C", "C", "C", "C", "C", "C", "C", "C", "C", "C", "C", "C", "C", "C", "C", "C", "C", "C", "C", "C", "C", "C", "C", "C", "C", "C", "C", "C", "C", "C", "B", "B", "B", "B", "B", "B", "B", "B", "Em", "B", "B", "Bm", "G", "G", "G", "G", "G", "G", "Em", "G", "Em", "Em", "Em", "Em", "Em", "Bm", "Bm", "Bm", "Bm", "Bm", "Bm", "A#m", "A#m", "Bm", "Bm", "Bm", "Bm", "Bm", "Bm", "Bm", "Bm", "Bm"]
