
metadata:
    version:
        essentia: "1.2.2"
    audio_properties:
        analysis_sample_rate: 44100
        bitrate: 128
        channels: 2
        equal_loudness: 1
        length: 10.0048980713
        replay_gain: -15.0377292633
        downmix: "mix"
    tags:
        track: 10
        year: 0
        album: "Splitted by Mp3Splt v. 2.1"
        artist: "From 001.30 To 001.40"
        comment: "http://mp3splt.sf.net"
        genre: ""
        title: "07 Ever Fallen in Love-.mp3"

highlevel:
    ballroom:
        all:
            ChaChaCha: 0.158990874887
            Jive: 0.549365341663
            Quickstep: 0.0495570451021
            Rumba-American: 0.000204376978218
            Rumba-International: 0.000178706322913
            Rumba-Misc: 0.00011233787518
            Samba: 0.240862846375
            Tango: 0.000105772080133
            VienneseWaltz: 0.000457602582173
            Waltz: 0.000165112534887
        probability: 0.549365341663
        value: "Jive"
    culture:
        all:
            non_western: 0.0747302547097
            western: 0.925269722939
        probability: 0.925269722939
        value: "western"
    gender:
        all:
            female: 0.387431383133
            male: 0.612568616867
        probability: 0.612568616867
        value: "male"
    genre_dortmund:
        all:
            alternative: 0.0988824889064
            blues: 0.0128338402137
            electronic: 0.0842050090432
            folkcountry: 0.11343010515
            funksoulrnb: 0.059533149004
            jazz: 0.0273980759084
            pop: 0.129491090775
            raphiphop: 0.0532064251602
            rock: 0.421019822359
        probability: 0.421019822359
        value: "rock"
    genre_electronica:
        all:
            ambient: 0.16219586134
            dnb: 0.632638692856
            house: 0.0466417856514
            techno: 0.0256823692471
            trance: 0.132841274142
        probability: 0.632638692856
        value: "dnb"
    genre_rosamerica:
        all:
            cla: 0.0238282475621
            dan: 0.18310752511
            hip: 0.0943365842104
            jaz: 0.0156050920486
            pop: 0.192297264934
            rhy: 0.0386459976435
            roc: 0.438460052013
            spe: 0.013719229959
        probability: 0.438460052013
        value: "roc"
    genre_tzanetakis:
        all:
            blu: 0.00156562158372
            cla: 0.00320003903471
            cou: 0.00955602154136
            dis: 0.132433310151
            hip: 0.0107108606026
            jaz: 0.00779788382351
            met: 0.0614884197712
            pop: 0.66379404068
            reg: 0.0164720583707
            roc: 0.0929817631841
        probability: 0.66379404068
        value: "pop"
    live_studio:
        all:
            live: 0.00370198115706
            studio: 0.996298015118
        probability: 0.996298015118
        value: "studio"
    mood:
        all:
            Cluster1: 0.337194144726
            Cluster2: 0.205608323216
            Cluster3: 0.0185286235064
            Cluster4: 0.128996238112
            Cluster5: 0.309672683477
        probability: 0.337194144726
        value: "Cluster1"
    mood_acoustic:
        all:
            acoustic: 0.00728480704129
            not_acoustic: 0.99271517992
        probability: 0.99271517992
        value: "not_acoustic"
    mood_aggressive:
        all:
            aggressive: 0.846398115158
            not_aggressive: 0.153601884842
        probability: 0.846398115158
        value: "aggressive"
    mood_electronic:
        all:
            electronic: 0.805666148663
            not_electronic: 0.194333836436
        probability: 0.805666148663
        value: "electronic"
    mood_happy:
        all:
            happy: 0.730966627598
            not_happy: 0.269033372402
        probability: 0.730966627598
        value: "happy"
    mood_party:
        all:
            not_party: 0.0537229590118
            party: 0.946277022362
        probability: 0.946277022362
        value: "party"
    mood_relaxed:
        all:
            not_relaxed: 0.92976462841
            relaxed: 0.0702353641391
        probability: 0.92976462841
        value: "not_relaxed"
    mood_sad:
        all:
            not_sad: 0.996136963367
            sad: 0.00386305060238
        probability: 0.996136963367
        value: "not_sad"
    rhythm:
        all:
            fast: 0.899019896984
            medium: 0.100016012788
            slow: 0.000964120088611
        probability: 0.899019896984
        value: "fast"
    speech_music:
        all:
            music: 0.967742681503
            speech: 0.0322573333979
        probability: 0.967742681503
        value: "music"
    timbre:
        all:
            bright: 0.56029945612
            dark: 0.439700573683
        probability: 0.56029945612
        value: "bright"
    voice_instrumental:
        all:
            instrumental: 0.0131261982024
            voice: 0.986873805523
        probability: 0.986873805523
        value: "voice"

lowlevel:
    average_loudness: 0.970127701759
    barkbands_kurtosis:
        dmean: 0.977652728558
        dmean2: 1.59659779072
        dvar: 1.51594424248
        dvar2: 4.05938768387
        max: 10.5833101273
        mean: 0.130719155073
        min: -1.76224887371
        var: 3.31247115135
    barkbands_skewness:
        dmean: 0.413339197636
        dmean2: 0.656983971596
        dvar: 0.17387495935
        dvar2: 0.425969749689
        max: 2.74849319458
        mean: -0.569794118404
        min: -2.6720020771
        var: 0.8252607584
    barkbands_spread:
        dmean: 5.69289970398
        dmean2: 9.11291217804
        dvar: 35.0450553894
        dvar2: 88.1132888794
        max: 55.0620613098
        mean: 26.3687229156
        min: 3.98004865646
        var: 77.8031616211
    dissonance:
        dmean: 0.0165267307311
        dmean2: 0.0264702867717
        dvar: 0.000300495506963
        dvar2: 0.000744224758819
        max: 0.499558031559
        mean: 0.470268547535
        min: 0.360219538212
        var: 0.00076584587805
    hfc:
        dmean: 3.79465675354
        dmean2: 6.11371660233
        dvar: 56.5401077271
        dvar2: 145.053543091
        max: 62.2928771973
        mean: 7.80650901794
        min: 0.0989865884185
        var: 80.7019577026
    pitch:
        dmean: 753.76550293
        dmean2: 1464.47497559
        dvar: 1764922
        dvar2: 3731032.25
        max: 4410
        mean: 1703.49755859
        min: 111.083122253
        var: 3052686.5
    pitch_instantaneous_confidence:
        dmean: 0.0931748971343
        dmean2: 0.149649530649
        dvar: 0.00661577330902
        dvar2: 0.0137381823733
        max: 0.881707072258
        mean: 0.427080184221
        min: 0.177603065968
        var: 0.0214343629777
    pitch_salience:
        dmean: 0.0585476867855
        dmean2: 0.0970690771937
        dvar: 0.0029965096619
        dvar2: 0.00768555281684
        max: 0.845585167408
        mean: 0.684081971645
        min: 0.446442306042
        var: 0.00553894275799
    silence_rate_20dB:
        dmean: 0
        dmean2: 0
        dvar: 0
        dvar2: 0
        max: 1
        mean: 1
        min: 1
        var: 0
    silence_rate_30dB:
        dmean: 0
        dmean2: 0
        dvar: 0
        dvar2: 0
        max: 1
        mean: 1
        min: 1
        var: 0
    silence_rate_60dB:
        dmean: 0.153132244945
        dmean2: 0.306976735592
        dvar: 0.129682511091
        dvar2: 0.249952167273
        max: 1
        mean: 0.659722208977
        min: 0
        var: 0.22448939085
    spectral_centroid:
        dmean: 324.927429199
        dmean2: 510.465148926
        dvar: 117570.421875
        dvar2: 290989.65625
        max: 3636.34082031
        mean: 2348.15454102
        min: 758.855895996
        var: 482588.90625
    spectral_complexity:
        dmean: 4.42325592041
        dmean2: 6.56177139282
        dvar: 33.4906387329
        dvar2: 64.7777481079
        max: 50
        mean: 11.8793506622
        min: 0
        var: 97.3961105347
    spectral_crest:
        dmean: 1.71941936016
        dmean2: 2.85111188889
        dvar: 2.60803103447
        dvar2: 6.50560331345
        max: 19.0959377289
        mean: 6.29946231842
        min: 2.75630521774
        var: 5.40578079224
    spectral_decrease:
        dmean: 2.80919176809e-10
        dmean2: 4.12472667133e-10
        dvar: 2.29667627654e-19
        dvar2: 5.0949517746e-19
        max: -6.97896298044e-12
        mean: -6.37154384808e-10
        min: -3.92890653345e-09
        var: 3.86239036485e-19
    spectral_energy:
        dmean: 0.0013820034219
        dmean2: 0.0020748747047
        dvar: 6.00739076617e-06
        dvar2: 1.38403784149e-05
        max: 0.0204787552357
        mean: 0.00311284023337
        min: 3.5318578739e-05
        var: 9.71306781139e-06
    spectral_energyband_high:
        dmean: 0.000309259659844
        dmean2: 0.000498577312101
        dvar: 3.72487676259e-07
        dvar2: 9.33737851483e-07
        max: 0.00679538911209
        mean: 0.000574983190745
        min: 4.54861356047e-06
        var: 6.26862004083e-07
    spectral_energyband_low:
        dmean: 5.42859779671e-05
        dmean2: 9.0441913926e-05
        dvar: 1.55877035724e-08
        dvar2: 4.16637462308e-08
        max: 0.000839112675749
        mean: 5.60835287615e-05
        min: 7.47621555774e-08
        var: 1.27531594174e-08
    spectral_energyband_middle_high:
        dmean: 0.000861436012201
        dmean2: 0.00137858011294
        dvar: 2.16027183342e-06
        dvar2: 5.36108927918e-06
        max: 0.0114087415859
        mean: 0.00182117451914
        min: 2.54072674579e-05
        var: 3.24888583236e-06
    spectral_energyband_middle_low:
        dmean: 0.000398471893277
        dmean2: 0.000596014782786
        dvar: 5.15911494858e-07
        dvar2: 1.11438589556e-06
        max: 0.0066529866308
        mean: 0.000660600606352
        min: 5.18390970683e-06
        var: 6.89245666763e-07
    spectral_flatness_db:
        dmean: 0.0159069951624
        dmean2: 0.0229982193559
        dvar: 0.000213542603888
        dvar2: 0.000453438726254
        max: 0.26231482625
        mean: 0.136205270886
        min: 0.0699397847056
        var: 0.000697897281498
    spectral_flux:
        dmean: 0.0101234158501
        dmean2: 0.0151025457308
        dvar: 0.000210127778701
        dvar2: 0.000426719372626
        max: 0.117181226611
        mean: 0.035279341042
        min: 0.00441528344527
        var: 0.000412870955188
    spectral_kurtosis:
        dmean: 0.95963960886
        dmean2: 1.50986099243
        dvar: 1.21611011028
        dvar2: 2.91123390198
        max: 9.55689620972
        mean: 2.91484284401
        min: -0.236647605896
        var: 2.70256495476
    spectral_rms:
        dmean: 0.000339584163157
        dmean2: 0.000496792374179
        dvar: 2.34317212744e-07
        dvar2: 4.92884282721e-07
        max: 0.00446981796995
        mean: 0.00157875032164
        min: 0.000185626369785
        var: 5.44466786323e-07
    spectral_rolloff:
        dmean: 374.777801514
        dmean2: 581.948852539
        dvar: 193144.3125
        dvar2: 393340.875
        max: 5447.90039062
        mean: 3851.7956543
        min: 1033.59375
        var: 634741.3125
    spectral_skewness:
        dmean: 0.173829257488
        dmean2: 0.268880844116
        dvar: 0.0293466914445
        dvar2: 0.0623694658279
        max: 2.51184105873
        mean: 1.26316940784
        min: 0.637338578701
        var: 0.133215919137
    spectral_spread:
        dmean: 858484.9375
        dmean2: 1259513
        dvar: 1.05056377242e+12
        dvar2: 1.97389778944e+12
        max: 15439264
        mean: 5208186.5
        min: 2827157.75
        var: 1.7377436631e+12
    spectral_strongpeak:
        dmean: 0.566456317902
        dmean2: 0.992836236954
        dvar: 0.431830316782
        dvar2: 1.18003892899
        max: 4.49784851074
        mean: 0.871262550354
        min: 0.0232297964394
        var: 0.586240887642
    zerocrossingrate:
        dmean: 0.00985873956233
        dmean2: 0.0117062302306
        dvar: 9.33206029003e-05
        dvar2: 0.000135207650601
        max: 0.18310546875
        mean: 0.123260997236
        min: 0.05126953125
        var: 0.000829774304293
    barkbands:
        dmean: [2.39439525984e-08, 1.57725880854e-05, 4.59409857285e-05, 6.84511032887e-05, 0.000110859698907, 3.91367429984e-05, 7.53194253775e-05, 5.64616639167e-05, 0.000164095501532, 9.34349227464e-05, 0.000106211016828, 9.54053321038e-05, 5.12412079843e-05, 4.41981428594e-05, 6.07018300798e-05, 5.83424807701e-05, 0.00010523830133, 0.000166910249391, 0.000393180787796, 0.000211711187148, 0.000153592292918, 4.53820794064e-05, 8.89089187694e-06, 8.6204827312e-06, 1.01876312328e-05, 1.19910978924e-07, 8.44879222139e-10]
        dmean2: [3.65530929969e-08, 2.43504273385e-05, 8.43213128974e-05, 0.000114459406177, 0.000187911093235, 5.83827459195e-05, 0.000118435775221, 8.98999714991e-05, 0.000252035126323, 0.000151221320266, 0.000163334218087, 0.000152005595737, 8.56290644151e-05, 7.44835779187e-05, 9.37249715207e-05, 9.04548141989e-05, 0.000173246880877, 0.000287305563688, 0.000673554081004, 0.000351622031303, 0.000254781363765, 7.23411430954e-05, 1.49736251842e-05, 1.38615187097e-05, 1.82529438462e-05, 1.96015648157e-07, 1.25993449007e-09]
        dvar: [1.29242775251e-15, 9.60925228277e-10, 1.40362628187e-08, 3.94954575711e-08, 6.83703831328e-08, 4.81751749604e-09, 2.34355699291e-08, 1.18673693095e-08, 2.0057598249e-07, 7.93193848381e-08, 5.39012035006e-08, 2.61035477678e-08, 9.87877069036e-09, 3.65589336582e-09, 2.02529832904e-08, 6.25430418566e-09, 2.89536714604e-08, 7.20880137806e-08, 6.95466951584e-07, 1.42887117249e-07, 8.94957281616e-08, 9.93955229234e-09, 4.48611786608e-10, 3.8966904703e-10, 4.29604324337e-10, 4.95781055641e-14, 3.36347485845e-17]
        dvar2: [2.93304385635e-15, 1.93186799891e-09, 4.04438686985e-08, 1.02364488441e-07, 1.87420880593e-07, 1.07664526183e-08, 5.26571746207e-08, 2.87739947424e-08, 4.83710778099e-07, 2.03888077976e-07, 1.13738124696e-07, 5.64469253561e-08, 2.34440964419e-08, 9.42411393368e-09, 4.5697593265e-08, 1.40901645906e-08, 6.88354475642e-08, 1.8562367643e-07, 1.95935217562e-06, 3.62279621413e-07, 2.1513125148e-07, 2.59199453012e-08, 1.16656539983e-09, 1.02309860583e-09, 1.17945442302e-09, 1.27631534356e-13, 3.50553386423e-17]
        max: [3.04218417568e-07, 0.000221149472054, 0.000754341832362, 0.00176039128564, 0.00227070879191, 0.00088714325102, 0.00202500005253, 0.000921867380384, 0.00558838155121, 0.0035538431257, 0.00323609402403, 0.00148523214739, 0.00111422722694, 0.000555285136215, 0.00218147854321, 0.000943726918194, 0.00143221206963, 0.0021317852661, 0.00618591811508, 0.0046073445119, 0.00259112147614, 0.000857342267409, 0.000168593251146, 0.000151119980728, 0.000142491742736, 1.41676366638e-06, 1.19853126535e-07]
        mean: [3.30094316325e-08, 1.85358821909e-05, 3.75152376364e-05, 6.62374441163e-05, 0.000143729834235, 7.4382587627e-05, 8.93282413017e-05, 6.41775332042e-05, 0.000195054075448, 0.00010101962107, 0.000148856153828, 0.000129358028062, 6.66847699904e-05, 6.03755252087e-05, 9.01256280486e-05, 9.99861949822e-05, 0.000160792580573, 0.000267256691586, 0.00053589604795, 0.000389431574149, 0.000257118925219, 8.26485920697e-05, 1.51499170897e-05, 1.13874348244e-05, 7.64882861404e-06, 1.12035280608e-07, 7.45140116276e-10]
        min: [1.03375836537e-12, 9.05127350848e-09, 3.92788113146e-09, 1.29397612625e-08, 4.99876932736e-07, 8.21418439045e-07, 6.43878536266e-07, 6.218863291e-07, 5.7726850855e-07, 1.66136416624e-07, 4.76481503142e-08, 1.76861703949e-07, 6.83570249294e-07, 6.52152266412e-07, 6.06991022778e-07, 6.85983593485e-07, 1.59058697591e-06, 4.36715981778e-06, 6.14076179772e-06, 6.40236976324e-06, 1.75795548785e-06, 3.09229136519e-07, 3.41654029512e-08, 2.75541793826e-08, 8.89173357166e-09, 1.28996105464e-10, 1.60097236575e-13]
        var: [1.94984951579e-15, 1.16084986068e-09, 8.77210037942e-09, 3.32130589697e-08, 5.71810012673e-08, 9.12447539747e-09, 2.80156449151e-08, 1.32959598886e-08, 2.04217883493e-07, 6.79986982277e-08, 1.21410636211e-07, 4.21037142928e-08, 1.46248835264e-08, 5.24691134984e-09, 3.48877939871e-08, 1.42087177579e-08, 4.01185999976e-08, 9.49881098222e-08, 6.47085983019e-07, 2.27115265261e-07, 1.50920484998e-07, 1.70226925889e-08, 6.2719340832e-10, 3.95161403599e-10, 2.8768237792e-10, 4.38285509502e-14, 3.37445717e-17]
    mfcc:
        mean: [-721.586486816, 72.0513153076, -52.7159767151, 36.865978241, -23.3968601227, -12.3803005219, 6.96538257599, -6.07718658447, -4.1823964119, -7.12215518951, -8.53102302551, -3.52599477768, -5.70602369308]
        cov: [[3120.11474609, -726.389221191, 279.674835205, 109.834747314, 16.8691654205, 105.686439514, -28.3607692719, 139.225967407, 69.8750152588, 26.8986759186, 63.1404571533, -120.399482727, -45.8542289734], [-726.389221191, 815.356201172, -70.4920959473, -150.110107422, -30.9807796478, -132.595123291, 64.1493911743, 7.53974103928, -29.9351978302, 31.0904827118, -5.42141771317, 98.87890625, 45.6891860962], [279.674835205, -70.4920959473, 338.77557373, 82.3927383423, 53.4818992615, 26.4028282166, -22.7360153198, 1.09351682663, 26.2540092468, -2.5459227562, 30.4398479462, -14.7034072876, 14.9595575333], [109.834747314, -150.110107422, 82.3927383423, 365.113220215, 99.687210083, 152.153121948, -36.0519180298, 58.2637939453, 56.229434967, 62.3442344666, 39.9991722107, 7.20648860931, -5.19790887833], [16.8691654205, -30.9807796478, 53.4818992615, 99.687210083, 120.713096619, 49.1689834595, -12.4104738235, 0.0520041882992, 17.5032176971, 21.4751091003, 15.6736631393, -2.88017463684, -7.22115087509], [105.686439514, -132.595123291, 26.4028282166, 152.153121948, 49.1689834595, 188.062347412, 8.24220752716, 39.5512084961, 22.198928833, 26.0660629272, 14.4460039139, -3.29754161835, 0.570496499538], [-28.3607692719, 64.1493911743, -22.7360153198, -36.0519180298, -12.4104738235, 8.24220752716, 144.133529663, 59.5618515015, -4.12526607513, -12.3116054535, 15.3659420013, 31.9059181213, 15.239402771], [139.225967407, 7.53974103928, 1.09351682663, 58.2637939453, 0.0520041882992, 39.5512084961, 59.5618515015, 121.074440002, 40.174446106, 21.5671043396, 14.9743099213, 21.9859466553, 8.05225086212], [69.8750152588, -29.9351978302, 26.2540092468, 56.229434967, 17.5032176971, 22.198928833, -4.12526607513, 40.174446106, 82.3563690186, 34.6949043274, 18.0463600159, 1.58537185192, 9.25020027161], [26.8986759186, 31.0904827118, -2.5459227562, 62.3442344666, 21.4751091003, 26.0660629272, -12.3116054535, 21.5671043396, 34.6949043274, 72.819984436, 30.9194011688, 17.1527080536, 7.11895990372], [63.1404571533, -5.42141771317, 30.4398479462, 39.9991722107, 15.6736631393, 14.4460039139, 15.3659420013, 14.9743099213, 18.0463600159, 30.9194011688, 70.7874069214, 30.4579620361, 14.1042137146], [-120.399482727, 98.87890625, -14.7034072876, 7.20648860931, -2.88017463684, -3.29754161835, 31.9059181213, 21.9859466553, 1.58537185192, 17.1527080536, 30.4579620361, 68.9817428589, 22.7028751373], [-45.8542289734, 45.6891860962, 14.9595575333, -5.19790887833, -7.22115087509, 0.570496499538, 15.239402771, 8.05225086212, 9.25020027161, 7.11895990372, 14.1042137146, 22.7028751373, 42.4495544434]]
        icov: [[0.000526124844328, 0.000437380658695, -0.000388307700632, 0.000312431016937, 7.5570991612e-05, 7.76778979343e-05, 0.000187533427379, -0.00100747181568, 0.000387186766602, -0.000533639045898, -0.000513618579134, 0.000698474817909, 0.000210473241168], [0.000437380658695, 0.00242067361251, -0.00040483797784, 0.000782143266406, -0.00048748543486, 0.00129355932586, -0.000382203230402, -0.000938316516113, 0.00120181706734, -0.00264574028552, 0.00159995199647, -0.00214247708209, -0.000883566972334], [-0.000388307700632, -0.00040483797784, 0.00406830757856, -0.00086871534586, -0.00135546107776, 0.00021650576673, 0.000535379163921, 0.000509441946633, -0.000960931472946, 0.00265348493122, -0.00195937789977, 0.00141790183261, -0.00238902727142], [0.000312431016937, 0.000782143266406, -0.00086871534586, 0.0064540845342, -0.00269736000337, -0.00314775714651, 0.00243931496516, -0.00297473487444, -0.000136336777359, -0.00217138929293, -0.000825322931632, -0.00139098800719, 0.00127611751668], [7.5570991612e-05, -0.00048748543486, -0.00135546107776, -0.00269736000337, 0.0120774926618, -0.00131043978035, -0.00114180205856, 0.00263508642092, -0.0012346674921, -0.00115140411071, -0.000769619829953, 0.000571903481614, 0.00314788427204], [7.76778979343e-05, 0.00129355932586, 0.00021650576673, -0.00314775714651, -0.00131043978035, 0.00939756631851, -0.00168870657217, -0.0012093835976, 0.00154248136096, -0.00204828754067, 0.00128126458731, 0.000832197896671, -0.00214707828127], [0.000187533427379, -0.000382203230402, 0.000535379163921, 0.00243931496516, -0.00114180205856, -0.00168870657217, 0.0122701590881, -0.00741610117257, 0.00193275907077, 0.00443643471226, -0.00369302951731, -0.00174509186763, -0.00145062967204], [-0.00100747181568, -0.000938316516113, 0.000509441946633, -0.00297473487444, 0.00263508642092, -0.0012093835976, -0.00741610117257, 0.0177060812712, -0.00745783187449, -0.000612855947111, 0.00329083600082, -0.00389820360579, 0.001865442493], [0.000387186766602, 0.00120181706734, -0.000960931472946, -0.000136336777359, -0.0012346674921, 0.00154248136096, 0.00193275907077, -0.00745783187449, 0.0202385671437, -0.00784480758011, -0.00105476961471, 0.00381430936977, -0.00484739942476], [-0.000533639045898, -0.00264574028552, 0.00265348493122, -0.00217138929293, -0.00115140411071, -0.00204828754067, 0.00443643471226, -0.000612855947111, -0.00784480758011, 0.0268388651311, -0.00919503066689, -0.000825559545774, 0.000130584958242], [-0.000513618579134, 0.00159995199647, -0.00195937789977, -0.000825322931632, -0.000769619829953, 0.00128126458731, -0.00369302951731, 0.00329083600082, -0.00105476961471, -0.00919503066689, 0.0254907757044, -0.0111650926992, -0.00186032487545], [0.000698474817909, -0.00214247708209, 0.00141790183261, -0.00139098800719, 0.000571903481614, 0.000832197896671, -0.00174509186763, -0.00389820360579, 0.00381430936977, -0.000825559545774, -0.0111650926992, 0.0292935501784, -0.00880729686469], [0.000210473241168, -0.000883566972334, -0.00238902727142, 0.00127611751668, 0.00314788427204, -0.00214707828127, -0.00145062967204, 0.001865442493, -0.00484739942476, 0.000130584958242, -0.00186032487545, -0.00880729686469, 0.0328279919922]]
    spectral_contrast:
        mean: [2.07488298543e-07, 3.7593451907e-07, 6.03834109825e-07, 4.39874341396e-08, -2.48928913038e-08, -2.5363090117e-07, 6.72108058097e-08, -1.98002203433e-06, -5.93972060869e-07, 3.59107616532e-06, 4.51135247204e-06, 3.41862374853e-07]
        var: [0.000397412135499, 0.000848674157169, 0.00141566875391, 0.00200294400565, 0.00346250645816, 0.00684734899551, 0.0395965613425, 0.0952621549368, 0.150350511074, 0.25341963768, 0.474266111851, 2.23736786842]

rhythm:
    beats_loudness:
        dmean: 0.0054224608466
        dmean2: 0.010568074882
        dvar: 6.90905199008e-06
        dvar2: 1.84322852874e-05
        max: 0.0149802193046
        mean: 0.00699709914625
        min: 0.00126390578225
        var: 1.40248976095e-05
    beats_loudness_bass:
        dmean: 0.0668293386698
        dmean2: 0.0995416417718
        dvar: 0.00164002494421
        dvar2: 0.00549368700013
        max: 0.237752974033
        mean: 0.105707943439
        min: 0.0145083749667
        var: 0.00320807774551
    bpm: 129.152191162
    bpm_confidence: 0
    first_peak_bpm: 129
    first_peak_spread: 0
    first_peak_weight: 0.949999988079
    onset_rate: 4.19794368744
    second_peak_bpm: 120
    second_peak_spread: 0
    second_peak_weight: 0.0500000007451
    beats_position: [0.267048120499, 0.732031881809, 1.19701564312, 1.66199934483, 2.12698292732, 2.59196662903, 3.05695033073, 3.52193403244, 3.98691773415, 4.45190143585, 4.91688537598, 5.38186883926, 5.84685277939, 6.34551286697, 6.80967521667, 7.27383708954, 7.7379989624, 8.20216083527, 8.6663236618, 9.13048553467, 9.59464740753]
    bpm_estimates: [129.126815796, 129.03553772, 129.145858765, 129.124816895, 128.793029785, 129.009475708, 129.0105896, 129.06060791, 128.969360352, 129.092269897, 129.190841675, 129.014312744, 129.3230896, 129.149978638, 130.896591187, 129.06262207, 128.953216553, 129.014877319, 129.00982666, 129.060409546]
    bpm_intervals: [0.464983761311, 0.464983761311, 0.464983701706, 0.464983582497, 0.464983701706, 0.464983701706, 0.464983701706, 0.464983701706, 0.464983701706, 0.464983940125, 0.464983463287, 0.464983940125, 0.498660087585, 0.464162349701, 0.464161872864, 0.464161872864, 0.464161872864, 0.464162826538, 0.464161872864, 0.464161872864]
    onset_times: [0.0348299331963, 0.139319732785, 0.255419492722, 0.719818592072, 0.96362811327, 1.19582772255, 1.66022670269, 1.89242625237, 2.04335594177, 2.13623571396, 2.5890250206, 2.75156474113, 2.97215414047, 3.06503391266, 3.52943301201, 3.77324271202, 3.9125623703, 4.00544214249, 4.28408145905, 4.46984148026, 4.7020406723, 4.93424034119, 5.39863967896, 5.64244890213, 5.78176879883, 5.86303853989, 6.33904743195, 6.57124710083, 6.71056699753, 6.80344676971, 7.26784563065, 7.53487539291, 7.63936519623, 7.73224496841, 8.20825386047, 8.44045352936, 8.67265319824, 8.91646289825, 9.13705253601, 9.39247131348, 9.52018165588, 9.61306095123]
    rubato_start: []
    rubato_stop: []
    perceptual_tempo: "unknown"

sfx:
    inharmonicity:
        dmean: 0.0742597654462
        dmean2: 0.127717137337
        dvar: 0.0047205532901
        dvar2: 0.0147619955242
        max: 0.413358777761
        mean: 0.0888300836086
        min: 0
        var: 0.00529316533357
    oddtoevenharmonicenergyratio:
        dmean: 2.87907385826
        dmean2: 5.52484560013
        dvar: 55.7061767578
        dvar2: 165.834915161
        max: 64.6956710815
        mean: 1.95091724396
        min: 0
        var: 30.5636444092
    pitch_after_max_to_before_max_energy_ratio: 6.03199672699
    pitch_centroid: 177.773406982
    pitch_max_to_total: 0.0719257518649
    pitch_min_to_total: 0.452436208725
    tristimulus:
        dmean: [0.145084038377, 0.266892910004, 0.215361401439]
        dmean2: [0.25045850873, 0.463653326035, 0.392130166292]
        dvar: [0.0188287850469, 0.043781273067, 0.0315062552691]
        dvar2: [0.0451639220119, 0.132819741964, 0.0884422585368]
        max: [1, 0.950621545315, 0.752322912216]
        mean: [0.22143279016, 0.485374033451, 0.22569604218]
        min: [0.00483131920919, 0, 0]
        var: [0.0274770148098, 0.058179102838, 0.0369167588651]

tonal:
    chords_changes_rate: 0.0506912432611
    chords_number_rate: 0.0230414755642
    chords_strength:
        dmean: 0.0132555346936
        dmean2: 0.0116756465286
        dvar: 9.52822520048e-05
        dvar2: 0.000124714555568
        max: 0.735186755657
        mean: 0.585712730885
        min: 0.3636906147
        var: 0.00708022899926
    key_strength: 0.555964648724
    tuning_diatonic_strength: 0.522362232208
    tuning_equal_tempered_deviation: 0.0827796831727
    tuning_frequency: 442.03793335
    tuning_nontempered_energy_ratio: 0.756962895393
    hpcp:
        dmean: [0.209527671337, 0.182923197746, 0.16725744307, 0.149157881737, 0.196784883738, 0.21485312283, 0.245131805539, 0.225463047624, 0.205600187182, 0.17646934092, 0.130939349532, 0.137124672532, 0.191883549094, 0.185138419271, 0.170885115862, 0.179836675525, 0.158725962043, 0.148157462478, 0.127302393317, 0.0953275039792, 0.145430535078, 0.157711103559, 0.144505292177, 0.169099673629, 0.131830394268, 0.125836402178, 0.200767412782, 0.255315631628, 0.20352050662, 0.169380664825, 0.160934910178, 0.131967231631, 0.198035910726, 0.223995149136, 0.196873277426, 0.216860771179]
        dmean2: [0.357023686171, 0.316274881363, 0.285864770412, 0.249420195818, 0.319961875677, 0.355833530426, 0.412542313337, 0.391781657934, 0.362660288811, 0.298908680677, 0.222018808126, 0.220953240991, 0.306480526924, 0.298186153173, 0.291890621185, 0.294417142868, 0.25130340457, 0.249042898417, 0.213649317622, 0.158181279898, 0.247593820095, 0.261119663715, 0.248490482569, 0.29694005847, 0.223268568516, 0.226054936647, 0.341831356287, 0.429786711931, 0.344902664423, 0.276640683413, 0.276638478041, 0.228071808815, 0.329180836678, 0.381895035505, 0.350031763315, 0.380091786385]
        dvar: [0.0327136106789, 0.0327292978764, 0.0233935266733, 0.0200795456767, 0.0361093953252, 0.0314777083695, 0.0397654026747, 0.0400717593729, 0.0397787727416, 0.0297178663313, 0.0173839908093, 0.0157778002322, 0.0334834270179, 0.0261441450566, 0.025718646124, 0.0284575391561, 0.0214528087527, 0.0239040181041, 0.0152338957414, 0.0112686771899, 0.028777718544, 0.0311730485409, 0.0272539649159, 0.0482150018215, 0.024804212153, 0.0269106552005, 0.0349354594946, 0.0477345697582, 0.0325761884451, 0.0290831997991, 0.0290055852383, 0.0194196328521, 0.0339257866144, 0.0393131673336, 0.0359723903239, 0.0420583970845]
        dvar2: [0.088679201901, 0.0930427834392, 0.0670259669423, 0.0519066154957, 0.0951836332679, 0.0738404244184, 0.117044910789, 0.114081256092, 0.105762884021, 0.0806307718158, 0.0473620332778, 0.0386409312487, 0.078520283103, 0.0661258846521, 0.0626883134246, 0.0583502911031, 0.0537256225944, 0.0574966035783, 0.0312670245767, 0.0325535610318, 0.0814470425248, 0.0845661461353, 0.0757579803467, 0.119281962514, 0.0572747811675, 0.0770050436258, 0.102796010673, 0.122687771916, 0.090136513114, 0.0730781853199, 0.081564411521, 0.0475117489696, 0.080615632236, 0.104807399213, 0.101094178855, 0.114808700979]
        max: [1, 1, 0.907456576824, 1, 1, 1, 1, 1, 1, 1, 0.823837161064, 1, 1, 1, 1, 1, 1, 1, 1, 0.958584606647, 1, 1, 1, 1, 1, 1, 1, 1, 1, 1, 1, 1, 1, 1, 0.960356533527, 1]
        mean: [0.408175498247, 0.365557998419, 0.278950154781, 0.247803911567, 0.318190723658, 0.444202303886, 0.479748219252, 0.392769724131, 0.382211267948, 0.321511566639, 0.21145004034, 0.299244582653, 0.434366732836, 0.357957065105, 0.315213888884, 0.368387132883, 0.291939556599, 0.254433035851, 0.222233250737, 0.146636396646, 0.206474900246, 0.262890517712, 0.229680106044, 0.210858047009, 0.17915943265, 0.164824053645, 0.335146605968, 0.468343108892, 0.356761306524, 0.271796554327, 0.239731535316, 0.222983524203, 0.319136798382, 0.357142060995, 0.308307915926, 0.359535962343]
        min: [0.00673253787681, 0.00253088935278, 0.00389809440821, 0.00345538696274, 0.00351348333061, 0.0316297635436, 0.0416712835431, 0.0346767008305, 0.00814382918179, 0.0121725164354, 0.00462043238804, 0.00647986540571, 0.0103875398636, 0.00714665604755, 0.0073596383445, 0.00930431298912, 0.02080819197, 0.00666931411251, 0.0100098680705, 0.00420348718762, 0.00101571215782, 0.00173528748564, 0.0040930500254, 0.00367723638192, 0.00157697417308, 0.00235912459902, 0.0263573359698, 0.0073495991528, 0.0303368791938, 0.00130368466489, 0.00296692829579, 0.0044732526876, 0.00407112715766, 0.0038991572801, 0.00936669390649, 0.0131852701306]
        var: [0.0787253156304, 0.0655767843127, 0.040305647999, 0.037270501256, 0.0650723129511, 0.077548108995, 0.0784504786134, 0.0603637844324, 0.0884601995349, 0.0571465454996, 0.0271135959774, 0.0512340888381, 0.0979700237513, 0.0623915083706, 0.0522291138768, 0.0836060196161, 0.0495991185308, 0.0411868020892, 0.0342103838921, 0.0154970549047, 0.0392949804664, 0.0594353973866, 0.0433633923531, 0.056969370693, 0.0350215099752, 0.0251152217388, 0.0571896880865, 0.100952208042, 0.0494383201003, 0.0486361756921, 0.0388183519244, 0.0342859327793, 0.065788552165, 0.0668721795082, 0.0470937788486, 0.0662226751447]
    chords_histogram: [40.0921669006, 23.5023040771, 10.5990781784, 23.9631328583, 0, 0, 0, 1.84331798553, 0, 0, 0, 0, 0, 0, 0, 0, 0, 0, 0, 0, 0, 0, 0, 0]
    thpcp: [1, 0.818699717522, 0.796691358089, 0.670167267323, 0.440752118826, 0.623753428459, 0.905405640602, 0.746135294437, 0.65704023838, 0.76787596941, 0.608526587486, 0.530346989632, 0.463228911161, 0.305652827024, 0.430381804705, 0.547976016998, 0.47875136137, 0.439518153667, 0.373444706202, 0.343563646078, 0.698588550091, 0.976226866245, 0.743642807007, 0.566540002823, 0.499702811241, 0.464792817831, 0.665217280388, 0.744436442852, 0.64264523983, 0.749426364899, 0.850811898708, 0.76197886467, 0.581451177597, 0.516529083252, 0.663245260715, 0.92590713501]
    chords_key: "B"
    chords_scale: "minor"
    key_key: "B"
    key_scale: "minor"
    chords_progression: ["D", "D", "D", "D", "D", "D", "D", "D", "D", "D", "D", "D", "D", "D", "D", "D", "D", "D", "D", "D", "D", "D", "D", "D", "D", "D", "D", "D", "D", "D", "D", "D", "D", "D", "D", "D", "D", "D", "D", "D", "D", "D", "D", "D", "D", "D", "D", "Bm", "Bm", "Bm", "Bm", "Bm", "Bm", "Bm", "Bm", "Bm", "Bm", "Bm", "Bm", "Bm", "Bm", "Bm", "Bm", "Bm", "Bm", "Bm", "Bm", "Bm", "Bm", "Bm", "Bm", "Bm", "Bm", "Bm", "Bm", "Bm", "Bm", "Bm", "Bm", "Bm", "Bm", "Bm", "Bm", "Bm", "Bm", "Bm", "Bm", "Bm", "Bm", "Bm", "Bm", "Bm", "Bm", "Bm", "Bm", "Bm", "D", "D", "D", "D", "F#m", "A", "A", "A", "A", "A", "A", "A", "A", "A", "A", "A", "A", "A", "A", "A", "A", "A", "A", "A", "A", "A", "A", "A", "A", "A", "F#m", "F#m", "F#m", "F#m", "F#m", "F#m", "F#m", "Bm", "Bm", "Bm", "Bm", "Bm", "Bm", "Bm", "Bm", "Bm", "Bm", "Bm", "Bm", "Bm", "Bm", "Bm", "Bm", "Bm", "Bm", "Bm", "Bm", "Bm", "Bm", "Bm", "Bm", "Bm", "Bm", "Bm", "Bm", "Bm", "Bm", "Bm", "Bm", "Bm", "Bm", "Bm", "Bm", "Bm", "Bm", "B", "B", "B", "B", "F#m", "F#m", "F#m", "F#m", "F#m", "F#m", "F#m", "F#m", "F#m", "F#m", "F#m", "F#m", "F#m", "F#m", "A", "F#m", "A", "A", "A", "A", "A", "A", "A", "A", "A", "A", "A", "A", "A", "A", "A", "A", "A", "A", "A", "A", "A", "A", "A", "A", "A", "A"]
