
metadata:
    version:
        essentia: "1.2.2"
    audio_properties:
        analysis_sample_rate: 44100
        bitrate: 128
        channels: 2
        equal_loudness: 1
        length: 10.0310201645
        replay_gain: 7.08804512024
        downmix: "mix"
    tags:
        track: 1
        year: 0
        album: "Splitted by Mp3Splt v. 2.1"
        artist: "From 000.00 To 000.10"
        comment: "http://mp3splt.sf.net"
        genre: ""
        title: "05 Forgotten Worlds.mp3"

highlevel:
    ballroom:
        all:
            ChaChaCha: 0.00196650600992
            Jive: 0.000942105369177
            Quickstep: 0.0103448508307
            Rumba-American: 0.00348879047669
            Rumba-International: 0.018408998847
            Rumba-Misc: 0.0571662336588
            Samba: 0.000996382674202
            Tango: 0.182971850038
            VienneseWaltz: 0.0439918339252
            Waltz: 0.679722428322
        probability: 0.679722428322
        value: "Waltz"
    culture:
        all:
            non_western: 0.0800867080688
            western: 0.919913291931
        probability: 0.919913291931
        value: "western"
    gender:
        all:
            female: 0.710253834724
            male: 0.289746195078
        probability: 0.710253834724
        value: "female"
    genre_dortmund:
        all:
            alternative: 0.330444812775
            blues: 0.00473440950736
            electronic: 0.287920445204
            folkcountry: 0.0817832350731
            funksoulrnb: 0.00368274166249
            jazz: 0.17391294241
            pop: 0.0429395064712
            raphiphop: 0.00143618707079
            rock: 0.0731457099319
        probability: 0.330444812775
        value: "alternative"
    genre_electronica:
        all:
            ambient: 0.997099757195
            dnb: 0.000497035798617
            house: 0.000321873667417
            techno: 0.00064678711351
            trance: 0.00143454934005
        probability: 0.997099757195
        value: "ambient"
    genre_rosamerica:
        all:
            cla: 0.802127599716
            dan: 0.00502307387069
            hip: 0.00624364893883
            jaz: 0.114146180451
            pop: 0.00424347165972
            rhy: 0.0222227238119
            roc: 0.0424245633185
            spe: 0.00356871308759
        probability: 0.802127599716
        value: "cla"
    genre_tzanetakis:
        all:
            blu: 0.0566322207451
            cla: 0.634637057781
            cou: 0.0379735678434
            dis: 0.0164645109326
            hip: 0.0105738593265
            jaz: 0.168947905302
            met: 0.0115687809885
            pop: 0.0128915412351
            reg: 0.0254106670618
            roc: 0.0248999092728
        probability: 0.634637057781
        value: "cla"
    live_studio:
        all:
            live: 0.55424696207
            studio: 0.44575303793
        probability: 0.55424696207
        value: "live"
    mood:
        all:
            Cluster1: 0.0461020618677
            Cluster2: 0.046410087496
            Cluster3: 0.798715889454
            Cluster4: 0.063853725791
            Cluster5: 0.0449182465672
        probability: 0.798715889454
        value: "Cluster3"
    mood_acoustic:
        all:
            acoustic: 0.416150480509
            not_acoustic: 0.583849549294
        probability: 0.583849549294
        value: "not_acoustic"
    mood_aggressive:
        all:
            aggressive: 0.00605484237894
            not_aggressive: 0.99394518137
        probability: 0.99394518137
        value: "not_aggressive"
    mood_electronic:
        all:
            electronic: 0.488650679588
            not_electronic: 0.511349320412
        probability: 0.511349320412
        value: "not_electronic"
    mood_happy:
        all:
            happy: 0.0662289336324
            not_happy: 0.933771073818
        probability: 0.933771073818
        value: "not_happy"
    mood_party:
        all:
            not_party: 0.988887667656
            party: 0.0111123155802
        probability: 0.988887667656
        value: "not_party"
    mood_relaxed:
        all:
            not_relaxed: 0.120944485068
            relaxed: 0.879055500031
        probability: 0.879055500031
        value: "relaxed"
    mood_sad:
        all:
            not_sad: 0.048137255013
            sad: 0.951862752438
        probability: 0.951862752438
        value: "sad"
    rhythm:
        all:
            fast: 0.18999452889
            medium: 0.117967672646
            slow: 0.692037820816
        probability: 0.692037820816
        value: "slow"
    speech_music:
        all:
            music: 0.145817652345
            speech: 0.854182362556
        probability: 0.854182362556
        value: "speech"
    timbre:
        all:
            bright: 0.0715849101543
            dark: 0.928415060043
        probability: 0.928415060043
        value: "dark"
    voice_instrumental:
        all:
            instrumental: 0.994711101055
            voice: 0.00528887379915
        probability: 0.994711101055
        value: "instrumental"

lowlevel:
    average_loudness: 0.250368505716
    barkbands_kurtosis:
        dmean: 2.01658964157
        dmean2: 3.42386412621
        dvar: 6.2154340744
        dvar2: 17.3063297272
        max: 55.6506690979
        mean: 4.24158000946
        min: -1.02787768841
        var: 31.6388893127
    barkbands_skewness:
        dmean: 0.415977984667
        dmean2: 0.714663505554
        dvar: 0.106794171035
        dvar2: 0.338618338108
        max: 3.65421128273
        mean: 0.774330258369
        min: -1.82686460018
        var: 1.04886198044
    barkbands_spread:
        dmean: 0.985075831413
        dmean2: 1.66626274586
        dvar: 0.605597376823
        dvar2: 1.86702179909
        max: 8.93168354034
        mean: 4.16662979126
        min: 0.850973069668
        var: 1.75230813026
    dissonance:
        dmean: 0.0521604344249
        dmean2: 0.0899481847882
        dvar: 0.00168464868329
        dvar2: 0.00504679558799
        max: 0.493299007416
        mean: 0.366762787104
        min: 0.171979188919
        var: 0.00529527384788
    hfc:
        dmean: 0.325992852449
        dmean2: 0.549016535282
        dvar: 0.586556792259
        dvar2: 1.42246067524
        max: 14.0998344421
        mean: 1.22651660442
        min: 0.00104211329017
        var: 5.75690221786
    pitch:
        dmean: 56.4281196594
        dmean2: 106.685264587
        dvar: 5654.37744141
        dvar2: 15952.8486328
        max: 512.790710449
        mean: 202.756256104
        min: 54.579208374
        var: 6439.36816406
    pitch_instantaneous_confidence:
        dmean: 0.0871116071939
        dmean2: 0.151546999812
        dvar: 0.00554402545094
        dvar2: 0.0178008843213
        max: 0.855606436729
        mean: 0.499405294657
        min: 0.145170986652
        var: 0.0248906984925
    pitch_salience:
        dmean: 0.0657532066107
        dmean2: 0.113768912852
        dvar: 0.00269628223032
        dvar2: 0.0078353099525
        max: 0.795455336571
        mean: 0.62566447258
        min: 0.35426980257
        var: 0.00681084301323
    silence_rate_20dB:
        dmean: 0
        dmean2: 0
        dvar: 0
        dvar2: 0
        max: 1
        mean: 1
        min: 1
        var: 0
    silence_rate_30dB:
        dmean: 0
        dmean2: 0
        dvar: 0
        dvar2: 0
        max: 1
        mean: 1
        min: 1
        var: 0
    silence_rate_60dB:
        dmean: 0.0192771088332
        dmean2: 0.0386473424733
        dvar: 0.0189054515213
        dvar2: 0.0468155145645
        max: 1
        mean: 0.838942289352
        min: 0
        var: 0.135118216276
    spectral_centroid:
        dmean: 34.2417106628
        dmean2: 57.9165077209
        dvar: 1239.07189941
        dvar2: 2894.26074219
        max: 875.044067383
        mean: 401.1355896
        min: 157.220031738
        var: 30574.1699219
    spectral_complexity:
        dmean: 0.803526461124
        dmean2: 1.4368686676
        dvar: 0.72210508585
        dvar2: 1.66520810127
        max: 12
        mean: 4.07286453247
        min: 0
        var: 8.74092483521
    spectral_crest:
        dmean: 2.38697552681
        dmean2: 4.11801195145
        dvar: 3.4710187912
        dvar2: 10.7029905319
        max: 23.2288722992
        mean: 10.7630853653
        min: 4.67340612411
        var: 13.3416376114
    spectral_decrease:
        dmean: 1.2087136847e-10
        dmean2: 2.06208092268e-10
        dvar: 5.18682342943e-20
        dvar2: 1.32073589036e-19
        max: -9.74692982575e-13
        mean: -4.82320516859e-10
        min: -4.33287317136e-09
        var: 5.5636566081e-19
    spectral_energy:
        dmean: 0.00048496175441
        dmean2: 0.000825715542305
        dvar: 8.60097429722e-07
        dvar2: 2.18268996832e-06
        max: 0.0176321398467
        mean: 0.00193163717631
        min: 3.77323863177e-06
        var: 9.18579644349e-06
    spectral_energyband_high:
        dmean: 6.22030711384e-08
        dmean2: 1.03379242944e-07
        dvar: 2.29115879914e-13
        dvar2: 4.10120613685e-13
        max: 9.75948842097e-06
        mean: 1.67302275145e-07
        min: 4.63120120031e-09
        var: 5.42124017119e-13
    spectral_energyband_low:
        dmean: 6.04630477028e-05
        dmean2: 9.31540271267e-05
        dvar: 3.97281629816e-09
        dvar2: 8.72103811389e-09
        max: 0.000493215979077
        mean: 0.000103670296085
        min: 9.16023793707e-07
        var: 7.8620683297e-09
    spectral_energyband_middle_high:
        dmean: 0.000260774948401
        dmean2: 0.000441830430645
        dvar: 5.436939432e-07
        dvar2: 1.37910853937e-06
        max: 0.0124621549621
        mean: 0.000652880349662
        min: 7.16849370974e-08
        var: 3.49493575413e-06
    spectral_energyband_middle_low:
        dmean: 0.000337793229846
        dmean2: 0.000585130706895
        dvar: 2.47358542538e-07
        dvar2: 7.0295510568e-07
        max: 0.00716942595318
        mean: 0.00117489357945
        min: 2.76136870525e-06
        var: 2.26418137572e-06
    spectral_flatness_db:
        dmean: 0.0178595315665
        dmean2: 0.0305944420397
        dvar: 0.000211601814954
        dvar2: 0.000635379517917
        max: 0.40463912487
        mean: 0.324005663395
        min: 0.218125745654
        var: 0.000779402267653
    spectral_flux:
        dmean: 0.00318888877518
        dmean2: 0.0048217442818
        dvar: 1.87354780792e-05
        dvar2: 4.11037617596e-05
        max: 0.0626964196563
        mean: 0.0148285310715
        min: 0.00109735724982
        var: 0.000108378590085
    spectral_kurtosis:
        dmean: 22.9971199036
        dmean2: 39.7740898132
        dvar: 382.235351562
        dvar2: 1154.3951416
        max: 182.9347229
        mean: 77.9452514648
        min: 10.2122192383
        var: 1227.41345215
    spectral_rms:
        dmean: 0.000144856603583
        dmean2: 0.000249440025073
        dvar: 3.24608890878e-08
        dvar2: 8.28154256283e-08
        max: 0.0041475398466
        mean: 0.00108576228376
        min: 6.06729627179e-05
        var: 7.05645675225e-07
    spectral_rolloff:
        dmean: 70.4032669067
        dmean2: 132.951156616
        dvar: 7993.67773438
        dvar2: 23798.6367188
        max: 1119.7265625
        mean: 548.663330078
        min: 215.33203125
        var: 46339.2304688
    spectral_skewness:
        dmean: 1.14074635506
        dmean2: 1.97965097427
        dvar: 0.836416244507
        dvar2: 2.6282992363
        max: 10.756729126
        mean: 6.52175664902
        min: 2.97782039642
        var: 2.1535615921
    spectral_spread:
        dmean: 216666.359375
        dmean2: 365320.375
        dvar: 142756069376
        dvar2: 214430662656
        max: 8079790.5
        mean: 1069263.5
        min: 398256.46875
        var: 278999629824
    spectral_strongpeak:
        dmean: 0.166559517384
        dmean2: 0.27384096384
        dvar: 0.0770254656672
        dvar2: 0.188385993242
        max: 5.20343255997
        mean: 0.467938512564
        min: 0.00321460538544
        var: 0.571438491344
    zerocrossingrate:
        dmean: 0.00164195336401
        dmean2: 0.00228727702051
        dvar: 2.51736582868e-06
        dvar2: 3.83247606806e-06
        max: 0.044921875
        mean: 0.0208905860782
        min: 0.00732421875
        var: 5.9160978708e-05
    barkbands:
        dmean: [3.39044532893e-07, 1.39382264024e-05, 5.27299926034e-05, 2.23942843149e-05, 9.3052869488e-05, 3.9789632865e-05, 0.000151861095219, 0.000119436830573, 0.0001318747818, 0.000248296564678, 1.52501288539e-05, 1.96111177502e-05, 2.1777328584e-05, 4.43218004875e-06, 1.85196324765e-06, 4.07446918871e-07, 3.0415111496e-07, 2.91421798693e-07, 7.09489640371e-08, 1.36579771493e-07, 3.62964271972e-08, 3.33751826176e-09, 5.15556763947e-10, 2.21300019976e-10, 1.96812732778e-10, 9.51275863637e-11, 1.01000104114e-10]
        dmean2: [6.06072433129e-07, 2.46742110903e-05, 8.22597794468e-05, 3.95498027501e-05, 0.000159903967869, 6.31163056823e-05, 0.000285547110252, 0.000228324628551, 0.000167170263012, 0.000408506690292, 2.92808108497e-05, 2.76366226899e-05, 2.55417890003e-05, 7.15272426532e-06, 2.9684463243e-06, 6.72442752148e-07, 5.01277156673e-07, 4.14452955511e-07, 1.29788361392e-07, 2.18927482365e-07, 5.75742014064e-08, 5.65721824941e-09, 8.48596026781e-10, 3.55148244147e-10, 3.1017530211e-10, 1.53530479996e-10, 1.63407551379e-10]
        dvar: [1.42354837228e-13, 1.80414932993e-10, 3.3420479717e-09, 5.2956644625e-10, 1.21264260855e-08, 3.79783271498e-09, 4.62133407098e-08, 3.28115525861e-08, 8.64485869556e-08, 4.80773564959e-07, 1.90515603293e-09, 6.72081723607e-09, 5.07804553962e-09, 3.19263920856e-10, 6.01268063116e-11, 2.23358180909e-12, 1.88254880434e-12, 3.08500750987e-12, 1.74499141265e-13, 1.05439149165e-12, 8.41892338179e-14, 1.78105061954e-16, 1.18013930371e-18, 5.09522577817e-19, 5.6092875096e-19, 3.51333307105e-19, 3.87142989798e-19]
        dvar2: [4.52048337998e-13, 5.06834685332e-10, 7.18628490048e-09, 1.55894896992e-09, 3.86581717748e-08, 9.53405088211e-09, 1.62812767712e-07, 1.18095542234e-07, 1.43646829542e-07, 1.23671497931e-06, 6.85074796891e-09, 1.25137873397e-08, 6.41832897941e-09, 8.0141082659e-10, 1.13650679145e-10, 5.11837490794e-12, 3.74067703895e-12, 6.04189441533e-12, 4.5557264558e-13, 2.46837446316e-12, 1.49965150432e-13, 4.0039808576e-16, 1.68404149946e-18, 6.17735121033e-19, 8.08785459898e-19, 4.38592925965e-19, 4.86673833046e-19]
        max: [3.22707637679e-06, 0.000123554287711, 0.000418989890022, 0.000218124041567, 0.00115669833031, 0.000689701584633, 0.00164792931173, 0.000996036804281, 0.00493187690154, 0.0119995204732, 0.000385164894396, 0.00139166787267, 0.00158805307001, 0.000300325278658, 0.000126406361233, 2.92119402729e-05, 2.53168382187e-05, 3.58052529918e-05, 7.28349323253e-06, 1.95176107809e-05, 5.64923084312e-06, 2.41012713786e-07, 1.84855561969e-08, 1.39251126186e-08, 1.29115678149e-08, 1.12884892545e-08, 1.18275620409e-08]
        mean: [4.83070834889e-07, 2.41817924689e-05, 7.90337653598e-05, 3.87513719033e-05, 0.000213932828046, 8.02941503935e-05, 0.000236424297327, 0.000133034409373, 0.000470855477033, 0.000528239936102, 2.45535211434e-05, 2.95734243991e-05, 5.89836126892e-05, 7.75640273787e-06, 3.28914620695e-06, 7.3532442002e-07, 5.03514684169e-07, 5.35633091658e-07, 1.51407050453e-07, 2.32330876315e-07, 8.08942033359e-08, 1.04786543886e-08, 1.61563606937e-09, 7.00789093422e-10, 4.08037242883e-10, 7.72641117752e-11, 8.05067471021e-11]
        min: [2.12045225823e-09, 2.53792535432e-07, 4.63905820425e-07, 1.32180360879e-07, 1.31288720695e-06, 2.73475706081e-07, 7.17143606721e-08, 8.99841268165e-08, 1.75442327333e-08, 7.91512455578e-09, 2.13306727836e-09, 1.54182302481e-08, 1.35952173963e-08, 3.39964234541e-09, 3.64761754135e-09, 1.58159252361e-09, 8.90941986853e-10, 1.62822821892e-09, 1.89713222909e-09, 1.82962900386e-09, 1.17705267755e-09, 7.09449887726e-10, 2.49515019757e-10, 1.31029964656e-10, 3.12839615324e-11, 6.7979053376e-13, 4.59805906186e-14]
        var: [2.22780439387e-13, 3.63027968797e-10, 6.26857676878e-09, 1.32481547954e-09, 4.20839114668e-08, 9.67747570968e-09, 9.78525775963e-08, 3.48482025458e-08, 9.01842440726e-07, 2.68046392193e-06, 2.04191508146e-09, 1.40607614441e-08, 2.62455657207e-08, 6.04009009475e-10, 1.35036842819e-10, 5.4295032012e-12, 3.99106225499e-12, 5.84278675789e-12, 3.29931991016e-13, 1.43669299547e-12, 1.91838745952e-13, 4.79155685652e-16, 2.51183732759e-18, 7.32685205435e-19, 7.1310439277e-19, 3.39371163924e-19, 3.73243615472e-19]
    mfcc:
        mean: [-980.524169922, 274.369903564, -16.5290546417, 16.8010578156, -19.0643825531, 5.5478887558, -3.52629995346, -12.2246551514, -3.30312776566, 0.0105572417378, 1.43300426006, -4.36155319214, -5.6091542244]
        cov: [[5340.45068359, 1346.74182129, -1516.92321777, -1093.4753418, -1173.65515137, -387.971557617, 145.481124878, 212.178543091, 172.361602783, -46.6284255981, -15.8532762527, 26.4293556213, -68.845993042], [1346.74182129, 542.21472168, -299.980957031, -333.335845947, -310.216888428, -79.1011657715, -7.57047653198, 72.5642547607, 34.4119262695, 9.78297328949, 9.81552600861, 25.8157634735, -11.001209259], [-1516.92321777, -299.980957031, 575.733276367, 295.047943115, 311.560852051, 109.703163147, -94.2396774292, -50.7298965454, -57.9054679871, 17.5764522552, 5.67912769318, 12.7696371078, 43.100112915], [-1093.4753418, -333.335845947, 295.047943115, 332.963439941, 309.952056885, 96.5863494873, -26.4492721558, -50.4877052307, -26.3198680878, -2.62096238136, -8.14684200287, -15.6838798523, 21.3986358643], [-1173.65515137, -310.216888428, 311.560852051, 309.952056885, 352.482727051, 119.754936218, -30.2799434662, -52.1652832031, -25.7238636017, 8.36839008331, -0.423689335585, -13.6767969131, 15.6667699814], [-387.971557617, -79.1011657715, 109.703163147, 96.5863494873, 119.754936218, 71.3961181641, -4.84242773056, -12.2025575638, -5.95376968384, 5.68123579025, 1.82023060322, -3.06609511375, 4.45760297775], [145.481124878, -7.57047653198, -94.2396774292, -26.4492721558, -30.2799434662, -4.84242773056, 64.6820831299, 17.1080951691, 13.862288475, -1.73985600471, 1.48472642899, -9.14967823029, -17.12474823], [212.178543091, 72.5642547607, -50.7298965454, -50.4877052307, -52.1652832031, -12.2025575638, 17.1080951691, 42.4358177185, 15.4901313782, 2.68344521523, 1.59023880959, 5.3922700882, -3.57862734795], [172.361602783, 34.4119262695, -57.9054679871, -26.3198680878, -25.7238636017, -5.95376968384, 13.862288475, 15.4901313782, 35.6511230469, 11.8907651901, 5.33350658417, -0.253908544779, -3.30020689964], [-46.6284255981, 9.78297328949, 17.5764522552, -2.62096238136, 8.36839008331, 5.68123579025, -1.73985600471, 2.68344521523, 11.8907651901, 35.452960968, 20.7765712738, 7.99898958206, -0.716529071331], [-15.8532762527, 9.81552600861, 5.67912769318, -8.14684200287, -0.423689335585, 1.82023060322, 1.48472642899, 1.59023880959, 5.33350658417, 20.7765712738, 38.2745666504, 16.4156799316, -0.678510248661], [26.4293556213, 25.8157634735, 12.7696371078, -15.6838798523, -13.6767969131, -3.06609511375, -9.14967823029, 5.3922700882, -0.253908544779, 7.99898958206, 16.4156799316, 33.1293067932, 16.6867694855], [-68.845993042, -11.001209259, 43.100112915, 21.3986358643, 15.6667699814, 4.45760297775, -17.12474823, -3.57862734795, -3.30020689964, -0.716529071331, -0.678510248661, 16.6867694855, 37.112323761]]
        icov: [[0.003261849517, -0.00352605897933, 0.00489874090999, -0.00144471554086, 0.00424931291491, 0.000678768206853, 0.00138976518065, -6.54838586343e-05, -0.00393812311813, 0.00288659357466, 0.000391683657654, -0.000571732292883, -0.00112099701073], [-0.00352605897933, 0.0111935585737, -0.00303380610421, 0.00665765441954, -0.00299530848861, -0.00601328304037, 0.0065956460312, -0.00686737289652, 0.00524451350793, -0.00475898524746, -0.000541793764569, 0.000535463681445, 0.000953328213654], [0.00489874090999, -0.00303380610421, 0.0138147696853, -0.00329220783897, 0.00548439938575, -0.00273008877411, 0.00989190116525, -0.00509291375056, 0.000775483727921, -0.000162000287673, 0.000688261818141, -0.00160392117687, -0.00307160103694], [-0.00144471554086, 0.00665765441954, -0.00329220783897, 0.0243525318801, -0.0180113092065, 0.00177113898098, 0.000829201075248, -0.00209186342545, -0.000379345670808, 0.00318779516965, -0.00038097781362, 0.00407841661945, -0.0051659680903], [0.00424931291491, -0.00299530848861, 0.00548439938575, -0.0180113092065, 0.0313881523907, -0.0166103281081, 0.00496333045885, 0.002839444438, -0.00495876697823, -0.000473267020425, -0.000251862598816, -0.000136431059218, 0.00192618998699], [0.000678768206853, -0.00601328304037, -0.00273008877411, 0.00177113898098, -0.0166103281081, 0.0398929081857, -0.0103073203936, 0.0021929689683, -0.00367134925909, 0.00191864289809, 0.000658524397295, -0.000853199861012, -0.00059204606805], [0.00138976518065, 0.0065956460312, 0.00989190116525, 0.000829201075248, 0.00496333045885, -0.0103073203936, 0.0357537381351, -0.0164430532604, -0.000377914489945, 0.00055772945052, -0.00418404303491, 0.00339669641107, 0.00499576516449], [-6.54838586343e-05, -0.00686737289652, -0.00509291375056, -0.00209186342545, 0.002839444438, 0.0021929689683, -0.0164430532604, 0.0442155115306, -0.014844680205, 0.00310920155607, 0.0049896822311, -0.00882215891033, 0.00297567085363], [-0.00393812311813, 0.00524451350793, 0.000775483727921, -0.000379345670808, -0.00495876697823, -0.00367134925909, -0.000377914489945, -0.014844680205, 0.0529121011496, -0.0235390737653, 1.73669141077e-05, 0.00673918100074, -0.00428334530443], [0.00288659357466, -0.00475898524746, -0.000162000287673, 0.00318779516965, -0.000473267020425, 0.00191864289809, 0.00055772945052, 0.00310920155607, -0.0235390737653, 0.0550522506237, -0.0238656140864, 0.000359590543667, 0.00119239382911], [0.000391683657654, -0.000541793764569, 0.000688261818141, -0.00038097781362, -0.000251862598816, 0.000658524397295, -0.00418404303491, 0.0049896822311, 1.73669141077e-05, -0.0238656140864, 0.0512384474277, -0.0277822148055, 0.0115333059803], [-0.000571732292883, 0.000535463681445, -0.00160392117687, 0.00407841661945, -0.000136431059218, -0.000853199861012, 0.00339669641107, -0.00882215891033, 0.00673918100074, 0.000359590543667, -0.0277822148055, 0.0632837563753, -0.0288699455559], [-0.00112099701073, 0.000953328213654, -0.00307160103694, -0.0051659680903, 0.00192618998699, -0.00059204606805, 0.00499576516449, 0.00297567085363, -0.00428334530443, 0.00119239382911, 0.0115333059803, -0.0288699455559, 0.046377979219]]
    spectral_contrast:
        mean: [1.32977888256e-07, 1.20854309671e-07, 1.56176710675e-07, 1.83344184279e-07, -1.08473336979e-07, -9.30760961637e-08, 6.01213173468e-07, -1.66069321494e-06, -1.04832288628e-07, 5.61227153639e-08, -2.55004533756e-06, 2.13977682506e-06]
        var: [0.000108697284304, 0.000210175174288, 0.000416183524067, 0.00128107273486, 0.0023754669819, 0.0066148834303, 0.0290234871209, 0.0520765185356, 0.0662089437246, 0.094928830862, 0.194637492299, 2.05740785599]

rhythm:
    beats_loudness:
        dmean: 0.000836661318317
        dmean2: 0.00154043361545
        dvar: 2.55170107266e-06
        dvar2: 5.72293811274e-06
        max: 0.00744299450889
        mean: 0.00136196578387
        min: 2.69193187705e-05
        var: 4.7695957619e-06
    beats_loudness_bass:
        dmean: 0.129890486598
        dmean2: 0.235104456544
        dvar: 0.0148769253865
        dvar2: 0.0427515394986
        max: 0.541026830673
        mean: 0.248825669289
        min: 0.0085208946839
        var: 0.0280951503664
    bpm: 108.013923645
    bpm_confidence: 0
    first_peak_bpm: 203
    first_peak_spread: 0
    first_peak_weight: 0.739130437374
    onset_rate: 1.29597985744
    second_peak_bpm: 108
    second_peak_spread: 0
    second_peak_weight: 0.217391297221
    beats_position: [0.878977656364, 1.1739051342, 1.46883273125, 1.76376020908, 2.05868768692, 2.35361528397, 2.64854288101, 2.94347047806, 3.23839783669, 3.53332543373, 3.8282532692, 4.12318086624, 4.41810846329, 4.71303653717, 5.00796413422, 5.30289173126, 5.59781932831, 5.89274740219, 6.60364770889, 7.15914011002, 7.71463298798, 8.27012443542, 8.82561683655, 9.38110923767]
    bpm_estimates: [107.553092957, 107.921951294, 108.566749573]
    bpm_intervals: [0.294927477837, 0.294927597046, 0.294927477837, 0.294927477837, 0.294927597046, 0.294927597046, 0.294927597046, 0.294927358627, 0.294927597046, 0.294927835464, 0.294927597046, 0.294927597046, 0.294928073883, 0.294927597046, 0.294927597046, 0.294927597046, 0.294928073883, 0.710900306702, 0.555492401123, 0.55549287796, 0.555491447449, 0.555492401123, 0.555492401123]
    onset_times: [1.5673469305, 1.69505667686, 2.54258513451, 3.72680282593, 5.15482997894, 5.4334692955, 5.70049905777, 6.04879808426, 6.26938772202, 6.94276666641, 7.30267572403, 9.90331077576, 10.0310201645]
    rubato_start: [7.15914011002]
    rubato_stop: [9.38110923767]
    perceptual_tempo: "unknown"

sfx:
    inharmonicity:
        dmean: 0.0274895373732
        dmean2: 0.0497312322259
        dvar: 0.00192174431868
        dvar2: 0.00557100586593
        max: 0.345110952854
        mean: 0.0210993755609
        min: 7.56853012263e-07
        var: 0.00147709145676
    oddtoevenharmonicenergyratio:
        dmean: 4.79918861389
        dmean2: 9.23475933075
        dvar: 521.147521973
        dvar2: 1632.12243652
        max: 248.86706543
        mean: 2.72027039528
        min: 5.126846645e-06
        var: 284.960601807
    pitch_after_max_to_before_max_energy_ratio: 0.285832792521
    pitch_centroid: 215.632354736
    pitch_max_to_total: 0.861809074879
    pitch_min_to_total: 0.407035171986
    tristimulus:
        dmean: [0.258234679699, 0.26293990016, 0.00896183867007]
        dmean2: [0.455609291792, 0.464333087206, 0.0159427784383]
        dvar: [0.0476369783282, 0.0504625737667, 0.00013654436043]
        dvar2: [0.119463190436, 0.127976372838, 0.000383324513678]
        max: [0.997426688671, 0.947703540325, 0.10959404707]
        mean: [0.61518663168, 0.368339121342, 0.00878115091473]
        min: [0.0506262145936, 0, 0]
        var: [0.0744454860687, 0.0742203444242, 0.000133192283101]

tonal:
    chords_changes_rate: 0.0656565651298
    chords_number_rate: 0.0202020201832
    chords_strength:
        dmean: 0.00671998318285
        dmean2: 0.00642727082595
        dvar: 2.35997686104e-05
        dvar2: 2.83752178802e-05
        max: 0.75437527895
        mean: 0.556727230549
        min: 0.30198726058
        var: 0.019282490015
    key_strength: 0.738101959229
    tuning_diatonic_strength: 0.585253477097
    tuning_equal_tempered_deviation: 0.199375063181
    tuning_frequency: 442.548919678
    tuning_nontempered_energy_ratio: 0.877438545227
    hpcp:
        dmean: [0.162912547588, 0.135433450341, 0.112887077034, 0.0981744378805, 0.0555220283568, 0.0601095072925, 0.0540742576122, 0.0696071237326, 0.0588667802513, 0.0356850959361, 0.0541869625449, 0.119174093008, 0.10082051158, 0.0457258336246, 0.00761199370027, 0.015063832514, 0.022111421451, 0.0140203526244, 0.0107520949095, 0.0417516455054, 0.111569680274, 0.133440315723, 0.115079566836, 0.0612344779074, 0.0157053209841, 0.0123928226531, 0.00970458518714, 0.0117888255045, 0.0297154244035, 0.0328174643219, 0.0162602551281, 0.00689335586503, 0.0117978313938, 0.0355512350798, 0.0982946977019, 0.11505420506]
        dmean2: [0.262025564909, 0.227650940418, 0.2057082057, 0.177718400955, 0.099485591054, 0.0915799662471, 0.0802771821618, 0.11295209825, 0.103102549911, 0.0537209175527, 0.0898613408208, 0.188138380647, 0.153257653117, 0.0768227353692, 0.0135041726753, 0.0245453417301, 0.0344180949032, 0.0226732734591, 0.0192452818155, 0.0658988431096, 0.172791779041, 0.219569474459, 0.194133386016, 0.102760925889, 0.0269516017288, 0.0225194469094, 0.0177871212363, 0.018482575193, 0.0438488833606, 0.0497265793383, 0.0257022436708, 0.0122905168682, 0.0199061129242, 0.0637412294745, 0.158287525177, 0.18690918386]
        dvar: [0.0291403252631, 0.0219990741462, 0.0282592624426, 0.0284685976803, 0.0128263244405, 0.0089966552332, 0.00898992922157, 0.0133290216327, 0.0150278294459, 0.00426496425644, 0.00743697443977, 0.0209762658924, 0.0163059774786, 0.00415058201179, 0.000325857661664, 0.000694140500855, 0.00207710755058, 0.000878030899912, 0.000867686292622, 0.00370327290148, 0.0206344723701, 0.0202376171947, 0.0187175124884, 0.00586147978902, 0.00059417221928, 0.00141100492328, 0.000697274925187, 0.000382716418244, 0.00129903177731, 0.00196693278849, 0.000813134305645, 0.000133942638058, 0.000997102120891, 0.00469722785056, 0.0151444775984, 0.022734709084]
        dvar2: [0.0605261065066, 0.047352232039, 0.0869698822498, 0.093612164259, 0.0313144288957, 0.0166937652975, 0.016698827967, 0.0276907682419, 0.0331395938993, 0.00824851449579, 0.019978241995, 0.0472770631313, 0.0348208807409, 0.00999815296382, 0.000898577971384, 0.00174455938395, 0.00386447901838, 0.00183101848233, 0.00233499123715, 0.00842483062297, 0.0488956570625, 0.0469566471875, 0.0432922057807, 0.0116164414212, 0.00145788770169, 0.00302422116511, 0.00193161412608, 0.000944626983255, 0.00306601426564, 0.00376557512209, 0.00184142205399, 0.000367548957001, 0.00228519481607, 0.0113404309377, 0.0359554663301, 0.0476075448096]
        max: [1, 1, 1, 1, 1, 0.892247378826, 1, 1, 1, 0.462112635374, 0.672969162464, 1, 1, 0.463766306639, 0.126006290317, 0.272223353386, 0.535471737385, 0.279413551092, 0.275147944689, 0.407399564981, 1, 1, 1, 0.739144146442, 0.263592541218, 0.362865209579, 0.247952267528, 0.185237929225, 0.284215241671, 0.397396087646, 0.249406382442, 0.066073320806, 0.319120943546, 0.422376543283, 1, 1]
        mean: [0.554185390472, 0.263736486435, 0.150070175529, 0.148010075092, 0.102766700089, 0.144233956933, 0.254780650139, 0.206026077271, 0.108619064093, 0.045676227659, 0.0674448087811, 0.225263282657, 0.222414389253, 0.0624673552811, 0.00679466826841, 0.0189934615046, 0.030971750617, 0.0172061081976, 0.00819523818791, 0.0495438277721, 0.184214696288, 0.328811168671, 0.369037240744, 0.193838357925, 0.0205027479678, 0.0155464299023, 0.0125069338828, 0.0155552988872, 0.0474988073111, 0.0539267472923, 0.0208271946758, 0.0064051700756, 0.0110534420237, 0.0312900170684, 0.20313449204, 0.548488557339]
        min: [0.0534977428615, 0.00371701247059, 0.000394359289203, 0.000126881917822, 0.000111876797746, 9.58003074629e-05, 0.000138769974001, 0.000155427143909, 8.52329103509e-05, 6.7432585638e-05, 0.000322665902786, 0.00908064842224, 0.00507321581244, 0.000355204654625, 4.11408291257e-05, 0.000351223920006, 0.000240596360527, 0.000177721987711, 5.49150827283e-05, 0.000641371880192, 0.00213766959496, 0.00179297733121, 0.000204753319849, 0.00024396457593, 0.000484246993437, 0.000331257295329, 0.000323742075125, 0.000179817594471, 0.000281342159724, 0.000532887177542, 0.000672945054248, 0.000282560416963, 0.000238795619225, 0.000688517582603, 0.000437531823991, 0.00341934571043]
        var: [0.0999081134796, 0.0445501059294, 0.0515585877001, 0.0633708611131, 0.0399923622608, 0.0513442270458, 0.138989895582, 0.077086083591, 0.043027471751, 0.00846556294709, 0.0104319965467, 0.046247780323, 0.0397063158453, 0.00551597541198, 0.000240228837356, 0.00115018000361, 0.00417219754308, 0.00144413660746, 0.000635895528831, 0.00507852295414, 0.0489981733263, 0.0669519603252, 0.128670990467, 0.0619185864925, 0.000902327767108, 0.00211299816146, 0.000746727222577, 0.000451904197689, 0.00288588670082, 0.00443226844072, 0.00110026379116, 0.000104927712528, 0.000947561464272, 0.00452019041404, 0.0487301945686, 0.137133479118]
    chords_histogram: [25.2525253296, 0, 16.6666660309, 0, 0, 0, 0, 0, 0, 0, 42.424243927, 0, 0, 0, 0, 0, 0, 15.6565656662, 0, 0, 0, 0, 0, 0]
    thpcp: [1, 0.475899398327, 0.270794183016, 0.267076820135, 0.18543741107, 0.260262995958, 0.459739029408, 0.371763825417, 0.195997700095, 0.0824204832315, 0.121700808406, 0.406476408243, 0.401335716248, 0.112719237804, 0.0122606409714, 0.0342727564275, 0.0558869838715, 0.0310475677252, 0.0147879002616, 0.0893993750215, 0.332406252623, 0.593323409557, 0.665909349918, 0.349771678448, 0.0369961895049, 0.0280527602881, 0.0225681401789, 0.0280687641352, 0.0857092365623, 0.0973081365228, 0.0375816375017, 0.0115578109398, 0.0199453867972, 0.0564612820745, 0.366546094418, 0.989720344543]
    chords_key: "G#"
    chords_scale: "major"
    key_key: "A"
    key_scale: "major"
    chords_progression: ["G#", "G#", "G#", "G#", "G#", "G#", "G#", "G#", "G#", "G#", "G#", "G#", "G#", "G#", "G#", "G#", "G#", "G#", "G#", "G#", "G#", "G#", "G#", "G#", "G#", "G#", "G#", "G#", "G#", "G#", "G#", "G#", "G#", "G#", "G#", "G#", "G#", "G#", "G#", "G#", "G#", "G#", "G#", "G#", "G#", "A", "A", "A", "A", "G#", "G#", "G#", "G#", "G#", "G#", "G#", "G#", "G#", "G#", "G#", "G#", "G#", "G#", "G#", "G#", "G#", "G#", "G#", "G#", "G#", "G#", "G#", "G#", "G#", "G#", "G#", "G#", "G#", "G#", "G#", "G#", "G#", "G#", "G#", "G#", "G#", "G#", "G#", "A", "A", "A", "A", "A", "A", "A", "A", "A", "A", "A", "A", "A", "A", "A", "A", "A", "A", "A", "A", "A", "A", "A", "A", "A", "A", "A", "A", "A", "A", "A", "A", "A", "A", "A", "A", "A", "A", "A", "A", "A", "A", "A", "A", "A", "A", "Am", "E", "E", "E", "E", "E", "E", "E", "E", "Am", "Am", "Am", "Am", "Am", "Am", "Am", "E", "E", "E", "E", "E", "E", "E", "E", "E", "E", "E", "E", "E", "E", "E", "E", "E", "E", "E", "E", "E", "E", "Am", "Am", "Am", "Am", "Am", "Am", "Am", "Am", "Am", "Am", "Am", "Am", "Am", "Am", "Am", "Am", "Am", "E", "Am", "Am", "E", "Am", "Am", "Am", "Am", "E"]
