
metadata:
    version:
        essentia: "1.2.2"
    audio_properties:
        analysis_sample_rate: 44100
        bitrate: 128
        channels: 2
        equal_loudness: 1
        length: 10.0310201645
        replay_gain: -5.89053916931
        downmix: "mix"
    tags:
        track: 21
        year: 0
        album: "Splitted by Mp3Splt v. 2.1"
        artist: "From 003.20 To 003.30"
        comment: "http://mp3splt.sf.net"
        genre: ""
        title: "02 Inefficient Machine.mp3"

highlevel:
    ballroom:
        all:
            ChaChaCha: 0.133069142699
            Jive: 0.0742644742131
            Quickstep: 0.00411269860342
            Rumba-American: 0.000478694157209
            Rumba-International: 0.00220279302448
            Rumba-Misc: 0.00113233271986
            Samba: 0.783600568771
            Tango: 0.000384456536267
            VienneseWaltz: 0.000481796945678
            Waltz: 0.000273044686764
        probability: 0.783600568771
        value: "Samba"
    culture:
        all:
            non_western: 0.322193443775
            western: 0.677806556225
        probability: 0.677806556225
        value: "western"
    gender:
        all:
            female: 0.364144712687
            male: 0.635855317116
        probability: 0.635855317116
        value: "male"
    genre_dortmund:
        all:
            alternative: 0.056897290051
            blues: 0.00244093197398
            electronic: 0.575552463531
            folkcountry: 0.0109874513
            funksoulrnb: 0.0122685441747
            jazz: 0.00871580839157
            pop: 0.0345954410732
            raphiphop: 0.235753268003
            rock: 0.0627887845039
        probability: 0.575552463531
        value: "electronic"
    genre_electronica:
        all:
            ambient: 0.0466072112322
            dnb: 0.366358160973
            house: 0.145033732057
            techno: 0.298962503672
            trance: 0.143038377166
        probability: 0.366358160973
        value: "dnb"
    genre_rosamerica:
        all:
            cla: 0.00242545315996
            dan: 0.833730638027
            hip: 0.102624982595
            jaz: 0.0012646431569
            pop: 0.00660837814212
            rhy: 0.00323151168413
            roc: 0.0482866205275
            spe: 0.00182778108865
        probability: 0.833730638027
        value: "dan"
    genre_tzanetakis:
        all:
            blu: 0.00142092059832
            cla: 0.00104866793845
            cou: 0.00202888716012
            dis: 0.0660729408264
            hip: 0.041783772409
            jaz: 0.0015304973349
            met: 0.0151892118156
            pop: 0.788862228394
            reg: 0.0633257851005
            roc: 0.0187370814383
        probability: 0.788862228394
        value: "pop"
    live_studio:
        all:
            live: 0.0313630700111
            studio: 0.968636929989
        probability: 0.968636929989
        value: "studio"
    mood:
        all:
            Cluster1: 0.416381597519
            Cluster2: 0.0585941821337
            Cluster3: 0.0610018521547
            Cluster4: 0.0638634562492
            Cluster5: 0.400158911943
        probability: 0.416381597519
        value: "Cluster1"
    mood_acoustic:
        all:
            acoustic: 0.00420011393726
            not_acoustic: 0.995799899101
        probability: 0.995799899101
        value: "not_acoustic"
    mood_aggressive:
        all:
            aggressive: 0.52715331316
            not_aggressive: 0.472846716642
        probability: 0.52715331316
        value: "aggressive"
    mood_electronic:
        all:
            electronic: 0.985406398773
            not_electronic: 0.0145936077461
        probability: 0.985406398773
        value: "electronic"
    mood_happy:
        all:
            happy: 0.666405618191
            not_happy: 0.333594381809
        probability: 0.666405618191
        value: "happy"
    mood_party:
        all:
            not_party: 0.136913970113
            party: 0.863086044788
        probability: 0.863086044788
        value: "party"
    mood_relaxed:
        all:
            not_relaxed: 0.972271263599
            relaxed: 0.0277287364006
        probability: 0.972271263599
        value: "not_relaxed"
    mood_sad:
        all:
            not_sad: 0.930811285973
            sad: 0.0691887140274
        probability: 0.930811285973
        value: "not_sad"
    rhythm:
        all:
            fast: 0.849190354347
            medium: 0.131985098124
            slow: 0.0188245829195
        probability: 0.849190354347
        value: "fast"
    speech_music:
        all:
            music: 0.996001064777
            speech: 0.00399892777205
        probability: 0.996001064777
        value: "music"
    timbre:
        all:
            bright: 0.0208051223308
            dark: 0.979194879532
        probability: 0.979194879532
        value: "dark"
    voice_instrumental:
        all:
            instrumental: 0.0312313903123
            voice: 0.968768596649
        probability: 0.968768596649
        value: "voice"

lowlevel:
    average_loudness: 0.978284835815
    barkbands_kurtosis:
        dmean: 1.23855042458
        dmean2: 1.96658861637
        dvar: 3.76022028923
        dvar2: 8.55126571655
        max: 23.7528514862
        mean: -0.0269533041865
        min: -1.76420366764
        var: 5.64590787888
    barkbands_skewness:
        dmean: 0.528149366379
        dmean2: 0.790937483311
        dvar: 0.215598806739
        dvar2: 0.436462581158
        max: 3.90256333351
        mean: 0.531319916248
        min: -1.37240576744
        var: 0.724478900433
    barkbands_spread:
        dmean: 7.91542625427
        dmean2: 12.5006370544
        dvar: 44.6181373596
        dvar2: 96.2065048218
        max: 59.8614196777
        mean: 33.6321640015
        min: 4.8124756813
        var: 145.639877319
    dissonance:
        dmean: 0.0231613498181
        dmean2: 0.0398032777011
        dvar: 0.000588855065871
        dvar2: 0.00173150480259
        max: 0.49994006753
        mean: 0.468714982271
        min: 0.306204140186
        var: 0.000853569770698
    hfc:
        dmean: 3.05029034615
        dmean2: 4.91448402405
        dvar: 24.9374504089
        dvar2: 61.0933685303
        max: 41.4961204529
        mean: 5.09672260284
        min: 0.141820341349
        var: 34.0768547058
    pitch:
        dmean: 1124.33422852
        dmean2: 2154.05493164
        dvar: 2123825
        dvar2: 4757391.5
        max: 4410
        mean: 1366.9498291
        min: 64.8529434204
        var: 2432059.25
    pitch_instantaneous_confidence:
        dmean: 0.0989207699895
        dmean2: 0.164181128144
        dvar: 0.00836550351232
        dvar2: 0.0230312049389
        max: 0.869901716709
        mean: 0.32679694891
        min: 0.134125053883
        var: 0.0179197378457
    pitch_salience:
        dmean: 0.077881783247
        dmean2: 0.13192024827
        dvar: 0.00423370068893
        dvar2: 0.0114945461974
        max: 0.876354455948
        mean: 0.659356415272
        min: 0.3470877707
        var: 0.00738330092281
    silence_rate_20dB:
        dmean: 0
        dmean2: 0
        dvar: 0
        dvar2: 0
        max: 1
        mean: 1
        min: 1
        var: 0
    silence_rate_30dB:
        dmean: 0
        dmean2: 0
        dvar: 0
        dvar2: 0
        max: 1
        mean: 1
        min: 1
        var: 0
    silence_rate_60dB:
        dmean: 0.199535965919
        dmean2: 0.397674411535
        dvar: 0.159721180797
        dvar2: 0.27673766017
        max: 1
        mean: 0.541666686535
        min: 0
        var: 0.248263642192
    spectral_centroid:
        dmean: 359.17956543
        dmean2: 544.797729492
        dvar: 98839.3359375
        dvar2: 212962.21875
        max: 3275.87182617
        mean: 1318.38330078
        min: 189.580810547
        var: 409537.5
    spectral_complexity:
        dmean: 5.0349650383
        dmean2: 8.05373859406
        dvar: 41.241191864
        dvar2: 91.340637207
        max: 44
        mean: 10.3534879684
        min: 0
        var: 73.4983673096
    spectral_crest:
        dmean: 2.26234173775
        dmean2: 3.68255066872
        dvar: 4.17001199722
        dvar2: 11.315615654
        max: 18.5881080627
        mean: 6.87681627274
        min: 2.456782341
        var: 8.09253501892
    spectral_decrease:
        dmean: 4.98317609399e-10
        dmean2: 7.76192443652e-10
        dvar: 4.56503660974e-19
        dvar2: 1.04271068956e-18
        max: -6.38800470854e-11
        mean: -8.9621216004e-10
        min: -5.31897326184e-09
        var: 6.32898530734e-19
    spectral_energy:
        dmean: 0.00211340957321
        dmean2: 0.00331461825408
        dvar: 8.47905448609e-06
        dvar2: 1.94976346393e-05
        max: 0.023838840425
        mean: 0.00384479761124
        min: 0.000256094179349
        var: 1.15986167657e-05
    spectral_energyband_high:
        dmean: 0.000191835511941
        dmean2: 0.000303735490888
        dvar: 1.16130244976e-07
        dvar2: 2.3563363527e-07
        max: 0.00394890317693
        mean: 0.000314924982376
        min: 1.69539964645e-06
        var: 2.72800008361e-07
    spectral_energyband_low:
        dmean: 0.000568898627535
        dmean2: 0.000913275755011
        dvar: 8.72485372838e-07
        dvar2: 2.02218006962e-06
        max: 0.00843116827309
        mean: 0.00082531676162
        min: 9.2503214546e-06
        var: 1.15213128993e-06
    spectral_energyband_middle_high:
        dmean: 0.000790185120422
        dmean2: 0.00134302745573
        dvar: 1.60694287388e-06
        dvar2: 4.19525167672e-06
        max: 0.00883338507265
        mean: 0.00126768683549
        min: 2.78942134173e-05
        var: 1.59735861871e-06
    spectral_energyband_middle_low:
        dmean: 0.00103973888326
        dmean2: 0.00162322667893
        dvar: 1.9934550437e-06
        dvar2: 4.7284320317e-06
        max: 0.00982110481709
        mean: 0.00143661827315
        min: 7.96374297352e-05
        var: 2.43680665335e-06
    spectral_flatness_db:
        dmean: 0.020326923579
        dmean2: 0.0328228995204
        dvar: 0.00035664459574
        dvar2: 0.00082500273129
        max: 0.24695508182
        mean: 0.143722966313
        min: 0.0711196288466
        var: 0.00115435780026
    spectral_flux:
        dmean: 0.0118835624307
        dmean2: 0.0180098693818
        dvar: 0.000198609384825
        dvar2: 0.000383228616556
        max: 0.112733408809
        mean: 0.0417799837887
        min: 0.00802056677639
        var: 0.000405255996156
    spectral_kurtosis:
        dmean: 1.7593421936
        dmean2: 2.9368891716
        dvar: 4.09488916397
        dvar2: 11.4377727509
        max: 22.4273891449
        mean: 3.55402517319
        min: -0.162062168121
        var: 6.54001808167
    spectral_rms:
        dmean: 0.0004812500556
        dmean2: 0.000728597457055
        dvar: 2.92859908768e-07
        dvar2: 6.21391677669e-07
        max: 0.00482259318233
        mean: 0.00177994149271
        min: 0.000499847927131
        var: 5.82830921303e-07
    spectral_rolloff:
        dmean: 692.475097656
        dmean2: 1147.54846191
        dvar: 611166.375
        dvar2: 1292125.25
        max: 5254.1015625
        mean: 2700.91430664
        min: 215.33203125
        var: 1720523.125
    spectral_skewness:
        dmean: 0.302563518286
        dmean2: 0.487284511328
        dvar: 0.0972980037332
        dvar2: 0.236587539315
        max: 3.49524760246
        mean: 1.32274341583
        min: 0.214646503329
        var: 0.231788277626
    spectral_spread:
        dmean: 686425.6875
        dmean2: 1015189.6875
        dvar: 878689845248
        dvar2: 2.2033769431e+12
        max: 13358287
        mean: 4420621.5
        min: 2142993.75
        var: 2.32375110861e+12
    spectral_strongpeak:
        dmean: 0.213803544641
        dmean2: 0.380047380924
        dvar: 0.0699866339564
        dvar2: 0.178283631802
        max: 1.96919465065
        mean: 0.23629359901
        min: 0.0094724483788
        var: 0.075285255909
    zerocrossingrate:
        dmean: 0.0125849088654
        dmean2: 0.0140996910632
        dvar: 9.60982797551e-05
        dvar2: 0.00011199562141
        max: 0.16552734375
        mean: 0.0814668908715
        min: 0.01416015625
        var: 0.000991944922134
    barkbands:
        dmean: [3.18222282658e-06, 0.000233169543208, 0.000467211357318, 0.000287695234874, 0.000408290681662, 0.000175266206497, 0.000122581230244, 0.000108220308903, 0.00013834508718, 0.000280092441244, 6.9019588409e-05, 5.85857960687e-05, 4.7030080168e-05, 4.48643149866e-05, 3.52891220246e-05, 7.44138524169e-05, 0.000113978676382, 0.000132786706672, 0.000217353648623, 0.000154921304784, 9.33508854359e-05, 3.08147900796e-05, 6.65090465191e-06, 3.29943986799e-06, 2.17498450183e-06, 2.29512082228e-07, 9.63539248389e-10]
        dmean2: [5.15996498507e-06, 0.000373289221898, 0.000793195562437, 0.000458792521385, 0.000689127307851, 0.000288856739644, 0.000216592277866, 0.000185312252142, 0.000246649229666, 0.000461100251414, 0.000119094176625, 9.51580441324e-05, 8.39773128973e-05, 7.94168299763e-05, 6.01260289841e-05, 0.00012684072135, 0.000206627242733, 0.000233306884184, 0.000376022246201, 0.000259478838416, 0.000146436519572, 4.77254507132e-05, 9.90126227407e-06, 5.08557741341e-06, 3.25355858877e-06, 3.7372103634e-07, 1.62484659061e-09]
        dvar: [2.04337345655e-11, 1.19615066296e-07, 7.86200700986e-07, 2.73852720056e-07, 4.65729442567e-07, 8.03858668519e-08, 6.16913027329e-08, 2.80464185209e-08, 6.78392453324e-08, 1.15054533012e-07, 8.98084540069e-09, 6.78961598055e-09, 1.40755105349e-08, 1.36224889147e-08, 3.53478557535e-09, 2.21499103503e-08, 4.97894205864e-08, 5.47239622506e-08, 1.21592151459e-07, 8.62849844907e-08, 2.39830555415e-08, 4.40277103664e-09, 2.4429860912e-10, 7.47627099118e-11, 3.91044557846e-11, 8.29038064327e-13, 1.68346491321e-17]
        dvar2: [4.62229976517e-11, 3.02875719171e-07, 1.94260474018e-06, 5.59310649351e-07, 1.24110215438e-06, 2.20431985554e-07, 1.71997385223e-07, 7.41066301657e-08, 1.89010265217e-07, 2.94812821267e-07, 2.50499283538e-08, 1.79446750792e-08, 4.02456201698e-08, 3.8164934324e-08, 9.43295486167e-09, 5.69919187399e-08, 1.41653018204e-07, 1.47563440578e-07, 3.26827802155e-07, 2.25850598667e-07, 4.83221853642e-08, 8.36344948851e-09, 4.20366741416e-10, 1.56100563031e-10, 7.99163929477e-11, 2.14467939935e-12, 4.56260087303e-17]
        max: [4.72675674246e-05, 0.00305262394249, 0.00800732057542, 0.00572099070996, 0.00508318701759, 0.0024595009163, 0.00206712610088, 0.00176272680983, 0.00190294161439, 0.00237499526702, 0.000614124466665, 0.000686218845658, 0.000913258525543, 0.000859691295773, 0.000451183179393, 0.00127814768348, 0.0018578908639, 0.00187526864465, 0.00221952795982, 0.00223063398153, 0.00207747519016, 0.00100854528137, 0.000225945128477, 7.00421514921e-05, 5.87857903156e-05, 7.90164904174e-06, 4.42434924253e-08]
        mean: [3.71094142793e-06, 0.000318689650157, 0.000503172341269, 0.0002907285525, 0.000482043076772, 0.000180621806066, 0.000122769270092, 0.000118968331662, 0.00013259719708, 0.000286017369945, 8.87380665517e-05, 7.29388266336e-05, 5.16427280672e-05, 4.80710805277e-05, 4.77518988191e-05, 8.22650908958e-05, 0.000132081841002, 0.000178368572961, 0.000284266658127, 0.000199731526664, 0.000149559447891, 5.24926872458e-05, 1.02457470348e-05, 4.42231339548e-06, 2.69285078502e-06, 2.13671114579e-07, 7.89065979223e-10]
        min: [5.21215515192e-10, 2.10722100746e-06, 6.14440125446e-07, 1.16227749913e-06, 3.93827667722e-06, 1.18758453027e-06, 1.25193537315e-06, 1.29328816456e-06, 1.61661523634e-06, 2.59358648691e-06, 1.00429951999e-06, 5.14172938892e-07, 5.56989618872e-07, 6.93733966273e-07, 3.95690989308e-07, 4.0119121536e-07, 5.55361964416e-07, 1.02298099591e-06, 1.24245173083e-06, 7.33211379611e-07, 5.60730654797e-07, 1.84973004025e-07, 7.50101092351e-10, 5.58103696591e-09, 1.26842147896e-09, 3.13354203696e-11, 1.27599157369e-13]
        var: [2.77226245432e-11, 1.64973272376e-07, 7.76936303737e-07, 3.48589395571e-07, 4.2400731104e-07, 7.04408193997e-08, 4.24368025165e-08, 2.35405046567e-08, 4.53583943738e-08, 1.10555603783e-07, 1.16490515012e-08, 7.77701369969e-09, 1.00404493608e-08, 9.18041198616e-09, 3.9185246159e-09, 1.99079259744e-08, 4.3592205401e-08, 5.42904246004e-08, 1.1705706271e-07, 9.42148972172e-08, 6.38540100795e-08, 1.30277246768e-08, 6.12382033971e-10, 1.21592846902e-10, 6.04286620742e-11, 7.24636821901e-13, 1.191742435e-17]
    mfcc:
        mean: [-732.263427734, 130.288330078, -40.5924911499, 62.6616249084, -22.5567111969, 0.947293996811, 9.72783756256, 7.22564458847, 4.01062870026, -3.12877488136, -1.75464463234, -3.97595262527, -6.22931289673]
        cov: [[3697.17358398, -1264.17248535, 241.072174072, -109.953308105, 160.31427002, -133.220123291, -287.495544434, -222.286560059, -58.513420105, -121.534584045, -130.210266113, -72.0238952637, -5.9750084877], [-1264.17248535, 1195.16320801, -212.698043823, 137.684890747, -28.563873291, 73.7746276855, 144.951812744, 42.6772003174, -11.2331218719, 27.5450305939, 40.6108589172, 48.8251533508, 13.8441200256], [241.072174072, -212.698043823, 470.700683594, -112.262687683, 47.200969696, -25.7871665955, -43.5878295898, -7.42099809647, -17.4560146332, 3.2197291851, -13.2019491196, -54.2634086609, -14.5220336914], [-109.953308105, 137.684890747, -112.262687683, 370.619232178, -53.6777114868, 29.1947669983, 37.1149559021, -58.2683143616, 9.75501918793, -7.0115070343, 16.8806724548, 32.3122901917, 9.76660633087], [160.31427002, -28.563873291, 47.200969696, -53.6777114868, 217.127639771, 14.869512558, -6.83832502365, -25.6033859253, -36.2117042542, -13.9147872925, -7.28887462616, 16.5360889435, 13.4109373093], [-133.220123291, 73.7746276855, -25.7871665955, 29.1947669983, 14.869512558, 149.0599823, 21.4612903595, 3.59476161003, -16.6998615265, -0.0862879008055, 20.305519104, 26.8502082825, 17.2405166626], [-287.495544434, 144.951812744, -43.5878295898, 37.1149559021, -6.83832502365, 21.4612903595, 110.173957825, 19.8232860565, 10.2030258179, 11.5411396027, 15.0894594193, 9.67002391815, -0.853784382343], [-222.286560059, 42.6772003174, -7.42099809647, -58.2683143616, -25.6033859253, 3.59476161003, 19.8232860565, 96.1274642944, 17.2749233246, 21.8081912994, 16.3368797302, 2.36578917503, 3.61785840988], [-58.513420105, -11.2331218719, -17.4560146332, 9.75501918793, -36.2117042542, -16.6998615265, 10.2030258179, 17.2749233246, 81.474029541, 15.7082605362, -2.06913685799, -2.50767874718, -7.64089202881], [-121.534584045, 27.5450305939, 3.2197291851, -7.0115070343, -13.9147872925, -0.0862879008055, 11.5411396027, 21.8081912994, 15.7082605362, 46.8790016174, 20.4421138763, 3.45745205879, -2.13260936737], [-130.210266113, 40.6108589172, -13.2019491196, 16.8806724548, -7.28887462616, 20.305519104, 15.0894594193, 16.3368797302, -2.06913685799, 20.4421138763, 62.1795501709, 17.8842353821, -1.28600466251], [-72.0238952637, 48.8251533508, -54.2634086609, 32.3122901917, 16.5360889435, 26.8502082825, 9.67002391815, 2.36578917503, -2.50767874718, 3.45745205879, 17.8842353821, 66.4800033569, 24.924156189], [-5.9750084877, 13.8441200256, -14.5220336914, 9.76660633087, 13.4109373093, 17.2405166626, -0.853784382343, 3.61785840988, -7.64089202881, -2.13260936737, -1.28600466251, 24.924156189, 45.0227775574]]
        icov: [[0.000560414337087, 0.000463982985821, 3.83780025004e-05, 8.87830628926e-06, -0.000210653233808, 0.000161514122738, 0.000578296836466, 0.000751372484956, 9.14133270271e-05, 0.000459313596366, 0.00027474394301, 0.000124059122754, -0.000129916879814], [0.000463982985821, 0.00148984056432, 0.000354494259227, -0.000246180017712, -0.000157268776093, -6.49861540296e-05, -0.000651435519103, 0.000242757290835, 0.000604330853093, -6.19930506218e-05, 0.000297222548397, -6.89845910529e-05, -4.26185506512e-05], [3.83780025004e-05, 0.000354494259227, 0.00270998617634, 0.000443780882051, -0.000541411282029, -2.64002355834e-05, 0.000366696098354, 0.000301188323647, 0.000437870301539, -0.000829670054372, -0.00024159696477, 0.00209787394851, -0.000305195368128], [8.87830628926e-06, -0.000246180017712, 0.000443780882051, 0.00394454272464, 0.00121882092208, -0.000281500862911, -0.00103339576162, 0.00335478386842, -0.00074230338214, 0.000563816225622, -0.0011346541578, -0.000988579238765, -0.000764499010984], [-0.000210653233808, -0.000157268776093, -0.000541411282029, 0.00121882092208, 0.00587453087792, -0.00032543882844, -0.000893390679266, 0.00167712720577, 0.00167248013895, 0.000372058566427, 0.000340890983352, -0.00220587151125, -0.00066321057966], [0.000161514122738, -6.49861540296e-05, -2.64002355834e-05, -0.000281500862911, -0.00032543882844, 0.00796635728329, -0.000825658789836, -7.31472528059e-06, 0.00127850531135, 0.000952976639383, -0.00186731514987, -0.00148614449427, -0.00184321671259], [0.000578296836466, -0.000651435519103, 0.000366696098354, -0.00103339576162, -0.000893390679266, -0.000825658789836, 0.0124842021614, -0.0014373799786, -0.00112569029443, -0.000350472691935, -0.000503597315401, 0.000390335218981, 0.00111591874156], [0.000751372484956, 0.000242757290835, 0.000301188323647, 0.00335478386842, 0.00167712720577, -7.31472528059e-06, -0.0014373799786, 0.0164028070867, -0.00212103757076, -0.00286581390537, -0.00251181353815, 0.000425636739237, -0.00325069669634], [9.14133270271e-05, 0.000604330853093, 0.000437870301539, -0.00074230338214, 0.00167248013895, 0.00127850531135, -0.00112569029443, -0.00212103757076, 0.0154144242406, -0.00486389407888, 0.003232908668, -0.00128443981521, 0.00247891200706], [0.000459313596366, -6.19930506218e-05, -0.000829670054372, 0.000563816225622, 0.000372058566427, 0.000952976639383, -0.000350472691935, -0.00286581390537, -0.00486389407888, 0.0296269115061, -0.00864656735212, -5.57164530619e-05, -0.000200247741304], [0.00027474394301, 0.000297222548397, -0.00024159696477, -0.0011346541578, 0.000340890983352, -0.00186731514987, -0.000503597315401, -0.00251181353815, 0.003232908668, -0.00864656735212, 0.0230250861496, -0.00630966480821, 0.005208814051], [0.000124059122754, -6.89845910529e-05, 0.00209787394851, -0.000988579238765, -0.00220587151125, -0.00148614449427, 0.000390335218981, 0.000425636739237, -0.00128443981521, -5.57164530619e-05, -0.00630966480821, 0.0246087983251, -0.011895891279], [-0.000129916879814, -4.26185506512e-05, -0.000305195368128, -0.000764499010984, -0.00066321057966, -0.00184321671259, 0.00111591874156, -0.00325069669634, 0.00247891200706, -0.000200247741304, 0.005208814051, -0.011895891279, 0.0306054316461]]
    spectral_contrast:
        mean: [-3.81671156902e-07, -2.13420150885e-07, 7.25781816868e-08, 1.45026419318e-07, -2.16673274878e-08, 5.96046456636e-09, -2.92478603114e-06, 5.14956411735e-07, -1.20893469102e-06, 7.98563632998e-07, 8.87416149453e-07, 3.67109169019e-06]
        var: [0.00047245452879, 0.000837224186398, 0.00116580666509, 0.00144192960579, 0.00303731486201, 0.00378822837956, 0.0776533856988, 0.14806945622, 0.153674483299, 0.256287425756, 0.59922683239, 2.20288038254]

rhythm:
    beats_loudness:
        dmean: 0.0028729243204
        dmean2: 0.00386242871173
        dvar: 3.69481335838e-06
        dvar2: 1.1236868886e-05
        max: 0.0136041902006
        mean: 0.00754853524268
        min: 0.00390674732625
        var: 6.98018993717e-06
    beats_loudness_bass:
        dmean: 0.122720509768
        dmean2: 0.206939339638
        dvar: 0.0100821768865
        dvar2: 0.0250371303409
        max: 0.652545928955
        mean: 0.405087530613
        min: 0.256457239389
        var: 0.0138705829158
    bpm: 83.3639755249
    bpm_confidence: 0
    first_peak_bpm: 167
    first_peak_spread: 0
    first_peak_weight: 0.555555582047
    onset_rate: 5.2836098671
    second_peak_bpm: 83
    second_peak_spread: 0.125
    second_peak_weight: 0.388888895512
    beats_position: [0.212698295712, 0.932434260845, 1.65217030048, 2.37190628052, 3.09164214134, 3.81137824059, 4.53111410141, 5.25085020065, 5.99308013916, 6.35253047943, 6.71198034286, 7.07143068314, 7.43088006973, 7.79032993317, 8.14978027344, 8.50923061371, 8.86868000031, 9.22813034058, 9.58758068085]
    bpm_estimates: [83.3924102783, 83.3193435669, 83.372543335, 83.3174133301, 83.3244476318, 83.3057174683, 83.2725753784, 83.4642562866, 83.5070037842]
    bpm_intervals: [0.719735980034, 0.719736039639, 0.719735980034, 0.719735860825, 0.719736099243, 0.719735860825, 0.719736099243, 0.742229938507, 0.359450340271, 0.359449863434, 0.359450340271, 0.359449386597, 0.359449863434, 0.359450340271, 0.359450340271, 0.359449386597, 0.359450340271, 0.359450340271]
    onset_times: [0.0696598663926, 0.197369620204, 0.476009070873, 0.568888902664, 0.719818592072, 0.940408170223, 1.13777780533, 1.28870749474, 1.47446715832, 1.64861679077, 1.83437645435, 1.95047616959, 2.02013611794, 2.21750569344, 2.36843538284, 2.64707493782, 2.72834467888, 3.08825397491, 3.28562355042, 3.45977330208, 3.62231302261, 4.04027223587, 4.17959165573, 4.36535167694, 4.53950119019, 4.72526073456, 4.8994102478, 5.25931978226, 5.45668935776, 5.56117916107, 5.630838871, 5.89786863327, 5.99074840546, 6.18811798096, 6.33904743195, 6.45514726639, 6.52480745316, 6.71056699753, 6.94276666641, 7.07047605515, 7.25623559952, 7.4303855896, 7.80190467834, 7.97605419159, 8.16181373596, 8.52172374725, 8.6958732605, 8.88163280487, 9.24154186249, 9.4040813446, 9.61306095123, 9.83365058899, 9.9613609314]
    rubato_start: [6.35253047943]
    rubato_stop: [6.71198034286]
    perceptual_tempo: "unknown"

sfx:
    inharmonicity:
        dmean: 0.0410077162087
        dmean2: 0.0704368799925
        dvar: 0.00216538459063
        dvar2: 0.006404384505
        max: 0.346949547529
        mean: 0.049229182303
        min: 0
        var: 0.0022815617267
    oddtoevenharmonicenergyratio:
        dmean: 2.44443392754
        dmean2: 4.64825582504
        dvar: 174.449386597
        dvar2: 520.934448242
        max: 187.266784668
        mean: 1.59030151367
        min: 0
        var: 89.7373580933
    pitch_after_max_to_before_max_energy_ratio: 2.2419667244
    pitch_centroid: 217.656784058
    pitch_max_to_total: 0.360465109348
    pitch_min_to_total: 0.641860485077
    tristimulus:
        dmean: [0.198642998934, 0.23712220788, 0.133726835251]
        dmean2: [0.336458444595, 0.405889570713, 0.234440848231]
        dvar: [0.0251423101872, 0.036396112293, 0.0157793778926]
        dvar2: [0.0697082653642, 0.108249537647, 0.045584090054]
        max: [1, 0.934312224388, 0.818821191788]
        mean: [0.36600664258, 0.430658787489, 0.155295282602]
        min: [0.0149773191661, 0, 0]
        var: [0.0466623678803, 0.0485102199018, 0.020256081596]

tonal:
    chords_changes_rate: 0.0462962947786
    chords_number_rate: 0.00925925932825
    chords_strength:
        dmean: 0.00588589860126
        dmean2: 0.00759678194299
        dvar: 1.92983225134e-05
        dvar2: 3.80982928618e-05
        max: 0.685600697994
        mean: 0.628355681896
        min: 0.562821686268
        var: 0.000744172662962
    key_strength: 0.756204068661
    tuning_diatonic_strength: 0.69220161438
    tuning_equal_tempered_deviation: 0.31597200036
    tuning_frequency: 448.467559814
    tuning_nontempered_energy_ratio: 0.968871831894
    hpcp:
        dmean: [0.175954386592, 0.182373523712, 0.197988986969, 0.21879735589, 0.197190076113, 0.218513026834, 0.25597858429, 0.314486652613, 0.324993640184, 0.277786135674, 0.185285031796, 0.164972156286, 0.149985700846, 0.126120075583, 0.103139802814, 0.106182254851, 0.110715210438, 0.117916278541, 0.115065999329, 0.102921426296, 0.119077078998, 0.124436788261, 0.125289067626, 0.129897758365, 0.115013644099, 0.143336236477, 0.157198294997, 0.170975118876, 0.221044048667, 0.279600739479, 0.239630460739, 0.186102807522, 0.200899332762, 0.169433623552, 0.132578074932, 0.135180592537]
        dmean2: [0.315801948309, 0.3260178864, 0.359412640333, 0.391038328409, 0.346533209085, 0.394840598106, 0.451074272394, 0.548589348793, 0.564772069454, 0.500402212143, 0.338658601046, 0.292844086885, 0.262831032276, 0.219053506851, 0.175878852606, 0.1808116436, 0.188311114907, 0.201560899615, 0.201998561621, 0.173877701163, 0.204870253801, 0.220699071884, 0.22482560575, 0.236939758062, 0.20739556849, 0.254183769226, 0.289721190929, 0.304204791784, 0.376688122749, 0.486171394587, 0.422511816025, 0.312299162149, 0.349418312311, 0.294242829084, 0.238765075803, 0.239654704928]
        dvar: [0.0457931347191, 0.0402021594346, 0.050946816802, 0.0695580467582, 0.0550835058093, 0.0609446428716, 0.0617899410427, 0.0536675155163, 0.0725987032056, 0.0553673245013, 0.0388202145696, 0.0429569259286, 0.0394722856581, 0.0278402995318, 0.0122876409441, 0.0166247598827, 0.0149567471817, 0.0222013760358, 0.0175367128104, 0.0138716176152, 0.0233972109854, 0.0265001188964, 0.0329457968473, 0.0344202853739, 0.0184468310326, 0.0374756343663, 0.0414372831583, 0.0353414341807, 0.0325455889106, 0.0547156445682, 0.042180147022, 0.0330814570189, 0.0383502990007, 0.0289999693632, 0.0193113479763, 0.0261710546911]
        dvar2: [0.134857088327, 0.123710647225, 0.146455451846, 0.207692757249, 0.150909259915, 0.177078709006, 0.172882422805, 0.130155280232, 0.187975734472, 0.163857385516, 0.115045264363, 0.124864064157, 0.102341324091, 0.0741407647729, 0.0341327525675, 0.0447828583419, 0.0412335656583, 0.0629715621471, 0.0484159290791, 0.0350227914751, 0.0600494630635, 0.0717355683446, 0.0882570967078, 0.0977407321334, 0.05372351408, 0.116869419813, 0.12987408042, 0.0996642485261, 0.0866548791528, 0.131762295961, 0.103811480105, 0.0953470990062, 0.0970926210284, 0.0757602602243, 0.0536611862481, 0.0735565051436]
        max: [1, 1, 1, 1, 1, 1, 1, 1, 1, 1, 1, 1, 1, 1, 0.736682236195, 0.808150947094, 0.680348992348, 1, 0.789522349834, 0.735079467297, 1, 0.922268271446, 1, 1, 1, 1, 1, 1, 1, 1, 1, 1, 1, 1, 0.775542497635, 0.963483273983]
        mean: [0.184725448489, 0.204063430429, 0.2212741822, 0.213706195354, 0.20705114305, 0.23163035512, 0.32161039114, 0.516132891178, 0.57498717308, 0.377024263144, 0.211860731244, 0.180985659361, 0.173366710544, 0.157675370574, 0.145532131195, 0.141045823693, 0.15244667232, 0.165485650301, 0.144290477037, 0.133371949196, 0.145238146186, 0.135222256184, 0.131512105465, 0.134983479977, 0.144145280123, 0.160151511431, 0.158090338111, 0.182793930173, 0.366913586855, 0.539494752884, 0.39684394002, 0.244858905673, 0.259835571051, 0.218083396554, 0.16083291173, 0.163846790791]
        min: [0.00683308346197, 0.00414190860465, 0.00764939934015, 0.00684822304174, 0.00452368706465, 0.00413842499256, 0.0135097485036, 0.0103576276451, 0.0210506692529, 0.0107866590843, 0.00614899443462, 0.00281378393993, 0.00346128479578, 0.00445560505614, 0.00516005046666, 0.00497518945485, 0.00406008586287, 0.00504637509584, 0.00298395939171, 0.00626451801509, 0.00361005915329, 0.00480573903769, 0.00200304365717, 0.0024909763597, 0.00320344907232, 0.00697077438235, 0.00307626603171, 0.0031765899621, 0.00953045208007, 0.019721115008, 0.0274809170514, 0.00309870997444, 0.0103059215471, 0.0115074357018, 0.00853846687824, 0.0055223479867]
        var: [0.0376261621714, 0.0398097112775, 0.0498137548566, 0.0586945340037, 0.051369573921, 0.0529693849385, 0.0755787491798, 0.0874171257019, 0.107400275767, 0.0688716471195, 0.0405993908644, 0.0449000149965, 0.0457336865366, 0.0316712446511, 0.0172337852418, 0.0180272515863, 0.0190191008151, 0.0266687963158, 0.0200451444834, 0.0162683557719, 0.0229642298073, 0.0242430809885, 0.0282029174268, 0.0265792217106, 0.0165698807687, 0.0311698745936, 0.033000305295, 0.0357389226556, 0.0564722269773, 0.100604981184, 0.0625060424209, 0.0401611737907, 0.0545973069966, 0.040505386889, 0.0202667731792, 0.0249080155045]
    chords_histogram: [91.203704834, 0, 0, 0, 0, 0, 0, 8.79629611969, 0, 0, 0, 0, 0, 0, 0, 0, 0, 0, 0, 0, 0, 0, 0, 0]
    thpcp: [1, 0.655708968639, 0.368461668491, 0.314764678478, 0.301514059305, 0.274224162102, 0.253105014563, 0.245302557945, 0.265130549669, 0.287807554007, 0.250945568085, 0.231956392527, 0.25259372592, 0.235174387693, 0.228721812367, 0.234759122133, 0.250693023205, 0.278530567884, 0.274945855141, 0.317909568548, 0.63812482357, 0.93827265501, 0.690178751945, 0.425851076841, 0.451898038387, 0.379283934832, 0.279715657234, 0.284957289696, 0.321268826723, 0.354900836945, 0.384833246469, 0.371671229601, 0.360096991062, 0.402844399214, 0.559334874153, 0.897642433643]
    chords_key: "B"
    chords_scale: "minor"
    key_key: "B"
    key_scale: "minor"
    chords_progression: ["Bm", "Bm", "Bm", "Bm", "Bm", "Bm", "B", "B", "Bm", "Bm", "Bm", "B", "B", "B", "B", "B", "B", "Bm", "Bm", "Bm", "Bm", "Bm", "Bm", "Bm", "Bm", "Bm", "Bm", "Bm", "Bm", "Bm", "Bm", "Bm", "Bm", "Bm", "Bm", "Bm", "Bm", "Bm", "Bm", "Bm", "Bm", "Bm", "Bm", "Bm", "Bm", "Bm", "Bm", "Bm", "Bm", "Bm", "Bm", "Bm", "Bm", "Bm", "Bm", "Bm", "Bm", "Bm", "Bm", "Bm", "Bm", "Bm", "Bm", "Bm", "Bm", "Bm", "B", "B", "B", "B", "B", "B", "Bm", "Bm", "Bm", "Bm", "Bm", "Bm", "Bm", "Bm", "Bm", "Bm", "Bm", "Bm", "Bm", "Bm", "Bm", "Bm", "Bm", "Bm", "Bm", "Bm", "Bm", "Bm", "Bm", "Bm", "Bm", "Bm", "Bm", "Bm", "Bm", "Bm", "Bm", "Bm", "Bm", "Bm", "Bm", "Bm", "Bm", "Bm", "Bm", "Bm", "Bm", "Bm", "Bm", "Bm", "Bm", "Bm", "Bm", "Bm", "B", "Bm", "Bm", "Bm", "Bm", "Bm", "Bm", "Bm", "Bm", "Bm", "B", "B", "B", "B", "Bm", "Bm", "Bm", "Bm", "Bm", "Bm", "Bm", "Bm", "Bm", "Bm", "Bm", "Bm", "Bm", "Bm", "Bm", "Bm", "Bm", "Bm", "Bm", "Bm", "Bm", "Bm", "Bm", "Bm", "Bm", "Bm", "Bm", "Bm", "Bm", "Bm", "Bm", "Bm", "Bm", "Bm", "Bm", "Bm", "Bm", "Bm", "Bm", "Bm", "Bm", "Bm", "Bm", "Bm", "Bm", "Bm", "Bm", "Bm", "Bm", "Bm", "Bm", "Bm", "Bm", "Bm", "Bm", "Bm", "Bm", "Bm", "Bm", "Bm", "Bm", "Bm", "Bm", "Bm", "Bm", "Bm", "Bm", "Bm", "Bm", "Bm", "Bm", "Bm", "Bm", "Bm", "Bm", "Bm", "Bm", "Bm", "Bm", "Bm", "Bm", "Bm"]
