
metadata:
    version:
        essentia: "1.2.2"
    audio_properties:
        analysis_sample_rate: 44100
        bitrate: 128
        channels: 2
        equal_loudness: 1
        length: 10.0310201645
        replay_gain: -10.4361934662
        downmix: "mix"
    tags:
        track: 3
        year: 0
        album: "Splitted by Mp3Splt v. 2.1"
        artist: "From 000.20 To 000.30"
        comment: "http://mp3splt.sf.net"
        genre: ""
        title: "08 Every Word.mp3"

highlevel:
    ballroom:
        all:
            ChaChaCha: 0.467741549015
            Jive: 0.0398895554245
            Quickstep: 0.0348593257368
            Rumba-American: 0.0156918764114
            Rumba-International: 0.0972910225391
            Rumba-Misc: 0.100117057562
            Samba: 0.213374763727
            Tango: 0.0140885626897
            VienneseWaltz: 0.00566358817741
            Waltz: 0.0112827094272
        probability: 0.467741549015
        value: "ChaChaCha"
    culture:
        all:
            non_western: 0.792486131191
            western: 0.207513853908
        probability: 0.792486131191
        value: "non_western"
    gender:
        all:
            female: 0.942796528339
            male: 0.0572034828365
        probability: 0.942796528339
        value: "female"
    genre_dortmund:
        all:
            alternative: 0.0294062793255
            blues: 0.0343527309597
            electronic: 0.085738517344
            folkcountry: 0.0231185406446
            funksoulrnb: 0.0305038876832
            jazz: 0.47575545311
            pop: 0.076634734869
            raphiphop: 0.166509434581
            rock: 0.0779804214835
        probability: 0.47575545311
        value: "jazz"
    genre_electronica:
        all:
            ambient: 0.286193788052
            dnb: 0.12055644393
            house: 0.465390831232
            techno: 0.051104336977
            trance: 0.0767545923591
        probability: 0.465390831232
        value: "house"
    genre_rosamerica:
        all:
            cla: 0.0144050614908
            dan: 0.284885555506
            hip: 0.0517738796771
            jaz: 0.0338376872241
            pop: 0.169017851353
            rhy: 0.418195486069
            roc: 0.0229483880103
            spe: 0.00493608182296
        probability: 0.418195486069
        value: "rhy"
    genre_tzanetakis:
        all:
            blu: 0.00138137536123
            cla: 0.00332829984836
            cou: 0.0150757664815
            dis: 0.0218430291861
            hip: 0.0237797852606
            jaz: 0.00718646496534
            met: 0.0019579292275
            pop: 0.687135338783
            reg: 0.222192019224
            roc: 0.0161200016737
        probability: 0.687135338783
        value: "pop"
    live_studio:
        all:
            live: 5.22453319718e-06
            studio: 0.999994754791
        probability: 0.999994754791
        value: "studio"
    mood:
        all:
            Cluster1: 0.1095873788
            Cluster2: 0.19554553926
            Cluster3: 0.547956943512
            Cluster4: 0.0637426301837
            Cluster5: 0.0831675231457
        probability: 0.547956943512
        value: "Cluster3"
    mood_acoustic:
        all:
            acoustic: 0.419178426266
            not_acoustic: 0.580821573734
        probability: 0.580821573734
        value: "not_acoustic"
    mood_aggressive:
        all:
            aggressive: 0.00971952918917
            not_aggressive: 0.99028044939
        probability: 0.99028044939
        value: "not_aggressive"
    mood_electronic:
        all:
            electronic: 0.368754535913
            not_electronic: 0.631245493889
        probability: 0.631245493889
        value: "not_electronic"
    mood_happy:
        all:
            happy: 0.0572894848883
            not_happy: 0.942710518837
        probability: 0.942710518837
        value: "not_happy"
    mood_party:
        all:
            not_party: 0.902462720871
            party: 0.0975372716784
        probability: 0.902462720871
        value: "not_party"
    mood_relaxed:
        all:
            not_relaxed: 0.072935461998
            relaxed: 0.927064538002
        probability: 0.927064538002
        value: "relaxed"
    mood_sad:
        all:
            not_sad: 0.284220457077
            sad: 0.715779542923
        probability: 0.715779542923
        value: "sad"
    rhythm:
        all:
            fast: 0.0550458580256
            medium: 0.740715503693
            slow: 0.204238608479
        probability: 0.740715503693
        value: "medium"
    speech_music:
        all:
            music: 0.996491253376
            speech: 0.00350876175798
        probability: 0.996491253376
        value: "music"
    timbre:
        all:
            bright: 0.701945900917
            dark: 0.298054099083
        probability: 0.701945900917
        value: "bright"
    voice_instrumental:
        all:
            instrumental: 0.752474784851
            voice: 0.247525244951
        probability: 0.752474784851
        value: "instrumental"

lowlevel:
    average_loudness: 0.8881046772
    barkbands_kurtosis:
        dmean: 4.14016437531
        dmean2: 6.53121328354
        dvar: 51.6455574036
        dvar2: 128.960449219
        max: 68.9514007568
        mean: 6.85918951035
        min: -1.91937172413
        var: 118.161354065
    barkbands_skewness:
        dmean: 0.630451142788
        dmean2: 0.960189402103
        dvar: 0.669269263744
        dvar2: 1.61042809486
        max: 6.95099925995
        mean: 1.93209385872
        min: -1.99533390999
        var: 2.06444954872
    barkbands_spread:
        dmean: 6.26394605637
        dmean2: 9.57098293304
        dvar: 76.8799362183
        dvar2: 166.151382446
        max: 77.5913925171
        mean: 19.1176319122
        min: 1.2346893549
        var: 202.727539062
    dissonance:
        dmean: 0.0267993491143
        dmean2: 0.0437833070755
        dvar: 0.00059303099988
        dvar2: 0.00147322646808
        max: 0.498285859823
        mean: 0.429434478283
        min: 0.285664021969
        var: 0.00186202791519
    hfc:
        dmean: 1.33301007748
        dmean2: 2.26441907883
        dvar: 21.2654800415
        dvar2: 60.1191635132
        max: 40.295665741
        mean: 1.83591246605
        min: 0.0107998875901
        var: 17.365655899
    pitch:
        dmean: 450.512481689
        dmean2: 875.387207031
        dvar: 1367783.875
        dvar2: 3509893.75
        max: 5512.5
        mean: 546.500671387
        min: 55.2631568909
        var: 1191239.625
    pitch_instantaneous_confidence:
        dmean: 0.0825096070766
        dmean2: 0.13070820272
        dvar: 0.00856980495155
        dvar2: 0.0186277087778
        max: 0.922633588314
        mean: 0.508008360863
        min: 0.165052235126
        var: 0.0309512801468
    pitch_salience:
        dmean: 0.0577676855028
        dmean2: 0.0932840108871
        dvar: 0.00393065670505
        dvar2: 0.00978253502399
        max: 0.830955386162
        mean: 0.537375986576
        min: 0.25073415041
        var: 0.0125757483765
    silence_rate_20dB:
        dmean: 0
        dmean2: 0
        dvar: 0
        dvar2: 0
        max: 1
        mean: 1
        min: 1
        var: 0
    silence_rate_30dB:
        dmean: 0
        dmean2: 0
        dvar: 0
        dvar2: 0
        max: 1
        mean: 1
        min: 1
        var: 0
    silence_rate_60dB:
        dmean: 0.102088168263
        dmean2: 0.204651162028
        dvar: 0.0916660428047
        dvar2: 0.172071352601
        max: 1
        mean: 0.733796298504
        min: 0
        var: 0.195339590311
    spectral_centroid:
        dmean: 224.452529907
        dmean2: 330.459838867
        dvar: 145225.859375
        dvar2: 286973.03125
        max: 4626.32275391
        mean: 722.128112793
        min: 133.879776001
        var: 386946.8125
    spectral_complexity:
        dmean: 1.71328675747
        dmean2: 2.7897195816
        dvar: 17.9154911041
        dvar2: 47.6660614014
        max: 37
        mean: 3.77906966209
        min: 0
        var: 21.3907184601
    spectral_crest:
        dmean: 1.99474406242
        dmean2: 3.32662129402
        dvar: 4.61411714554
        dvar2: 12.0051345825
        max: 21.0390701294
        mean: 10.5396776199
        min: 3.48680257797
        var: 15.6197557449
    spectral_decrease:
        dmean: 3.56196822038e-10
        dmean2: 6.09117034589e-10
        dvar: 8.87589612688e-19
        dvar2: 2.49721029282e-18
        max: -6.0671029832e-12
        mean: -5.59337853812e-10
        min: -7.24710069733e-09
        var: 8.69023026851e-19
    spectral_energy:
        dmean: 0.00145737687126
        dmean2: 0.00249656359665
        dvar: 1.43030574691e-05
        dvar2: 4.00956123485e-05
        max: 0.0278817284852
        mean: 0.00227759196423
        min: 2.43917220359e-05
        var: 1.42685585161e-05
    spectral_energyband_high:
        dmean: 8.81472806213e-05
        dmean2: 0.000151466025272
        dvar: 1.17377162212e-07
        dvar2: 3.23306380778e-07
        max: 0.00267527299002
        mean: 7.69847101765e-05
        min: 3.31864802305e-09
        var: 8.20615397856e-08
    spectral_energyband_low:
        dmean: 0.000408580934163
        dmean2: 0.000751081679482
        dvar: 2.42273722506e-06
        dvar2: 6.98622261552e-06
        max: 0.0124294105917
        mean: 0.00036371301394
        min: 1.85970748134e-06
        var: 1.4335423657e-06
    spectral_energyband_middle_high:
        dmean: 0.000357882090611
        dmean2: 0.000595849531237
        dvar: 1.90388675492e-06
        dvar2: 5.37991400051e-06
        max: 0.0118216304109
        mean: 0.000459226605017
        min: 4.43562242936e-07
        var: 1.68706003478e-06
    spectral_energyband_middle_low:
        dmean: 0.000708416744601
        dmean2: 0.00120895472355
        dvar: 3.79856214749e-06
        dvar2: 1.06165844045e-05
        max: 0.0172439422458
        mean: 0.0013776535634
        min: 9.58309919952e-06
        var: 5.18368824487e-06
    spectral_flatness_db:
        dmean: 0.0263338685036
        dmean2: 0.0376574508846
        dvar: 0.000778843881562
        dvar2: 0.00155216781422
        max: 0.4477391541
        mean: 0.217178657651
        min: 0.082513615489
        var: 0.00525533454493
    spectral_flux:
        dmean: 0.0111732492223
        dmean2: 0.017523990944
        dvar: 0.000446340331109
        dvar2: 0.000831686425954
        max: 0.153481557965
        mean: 0.0206643994898
        min: 0.000323401880451
        var: 0.000750188424718
    spectral_kurtosis:
        dmean: 5.9052438736
        dmean2: 9.42453479767
        dvar: 120.96118927
        dvar2: 279.460510254
        max: 134.142166138
        mean: 12.4617795944
        min: -1.04233026505
        var: 372.10458374
    spectral_rms:
        dmean: 0.000340671103913
        dmean2: 0.000538768013939
        dvar: 4.5925051495e-07
        dvar2: 1.19265769172e-06
        max: 0.00521552376449
        mean: 0.00115073716734
        min: 0.000154262117576
        var: 8.9784668944e-07
    spectral_rolloff:
        dmean: 525.881652832
        dmean2: 900.36932373
        dvar: 869177.9375
        dvar2: 1818568.25
        max: 8656.34765625
        mean: 1320.58642578
        min: 150.732421875
        var: 1896422.125
    spectral_skewness:
        dmean: 0.540752112865
        dmean2: 0.79793971777
        dvar: 0.420957386494
        dvar2: 0.877050936222
        max: 9.0126581192
        mean: 2.40348720551
        min: 0.00383436051197
        var: 1.72189486027
    spectral_spread:
        dmean: 1092206
        dmean2: 1459672.5
        dvar: 2.45798823526e+12
        dvar2: 4.51906686157e+12
        max: 21733916
        mean: 4763437
        min: 631626
        var: 7.50383792128e+12
    spectral_strongpeak:
        dmean: 0.123984523118
        dmean2: 0.213261947036
        dvar: 0.0683084130287
        dvar2: 0.173495709896
        max: 2.48880791664
        mean: 0.263297498226
        min: 0.00866869743913
        var: 0.191794991493
    zerocrossingrate:
        dmean: 0.0107205621898
        dmean2: 0.0120689887553
        dvar: 0.000169470629771
        dvar2: 0.000192430961761
        max: 0.2421875
        mean: 0.0475790351629
        min: 0.005859375
        var: 0.00107102398761
    barkbands:
        dmean: [5.59530690225e-07, 0.000115687580546, 0.000307009730022, 0.000310623814585, 0.000243939401116, 0.000123501275084, 2.38768698182e-05, 5.58081628697e-05, 7.75004737079e-05, 4.6369874326e-05, 4.48395512649e-05, 9.16944845812e-05, 2.57801330008e-05, 1.71291412698e-05, 1.82838557521e-05, 2.35009047174e-05, 1.77241327037e-05, 5.18614069733e-05, 6.1508071667e-05, 8.80242005223e-05, 3.58070719813e-05, 8.30304361443e-06, 1.86277952707e-06, 1.57213605689e-06, 1.05260869532e-06, 5.26068610895e-08, 2.31011557106e-10]
        dmean2: [9.03939792352e-07, 0.000204629774089, 0.000575334008317, 0.000581263971981, 0.000426072743721, 0.00017882672546, 3.93929549318e-05, 8.88181966729e-05, 0.000116976501886, 8.25569295557e-05, 6.39399295324e-05, 0.000169380684383, 4.05545033573e-05, 2.55527629633e-05, 3.18576167047e-05, 4.1029354179e-05, 3.113641651e-05, 8.87708301889e-05, 0.000107837840915, 0.000160611016327, 5.92135547777e-05, 1.28881511046e-05, 2.74956391877e-06, 2.36542723542e-06, 1.52717916535e-06, 8.36871052456e-08, 3.38785943743e-10]
        dvar: [3.13501872032e-12, 1.45056915812e-07, 1.57763520292e-06, 1.66523363987e-06, 3.59871307865e-07, 1.30357847183e-07, 2.73261768768e-09, 2.65979522851e-08, 6.53796803363e-08, 3.24925046868e-08, 3.78822235803e-08, 2.1589040955e-07, 6.71149447129e-09, 6.63049082306e-09, 3.6469467446e-09, 1.33179378636e-08, 4.48220793814e-09, 3.47843993609e-08, 4.62017446523e-08, 1.69696519947e-07, 1.7962017651e-08, 6.47663422892e-10, 3.10762665601e-11, 2.64158781654e-11, 1.07428970234e-11, 2.06704143683e-14, 2.47376882144e-18]
        dvar2: [7.83326615378e-12, 4.09188089634e-07, 4.61754552816e-06, 4.9376417337e-06, 9.77342438091e-07, 2.24761507184e-07, 7.06042557752e-09, 5.89043906984e-08, 9.97524196578e-08, 8.30444548683e-08, 5.58256338934e-08, 6.24227936896e-07, 1.59668260835e-08, 1.19589849135e-08, 9.79159242576e-09, 3.78117519517e-08, 1.11837836769e-08, 9.81718883963e-08, 1.3440732971e-07, 4.90667048325e-07, 4.37285727628e-08, 1.47696754826e-09, 6.61765503507e-11, 5.11304713846e-11, 1.52255898861e-11, 4.99794263864e-14, 2.63379021966e-18]
        max: [1.78577502083e-05, 0.00323400949128, 0.0102013386786, 0.0123823173344, 0.00419501261786, 0.00444396585226, 0.000394073489588, 0.00223728851415, 0.00706687243655, 0.0018835789524, 0.00408382574096, 0.00376789900474, 0.00123446143698, 0.00153495324776, 0.000427993596531, 0.00181539019104, 0.000806263415143, 0.00149501254782, 0.00200485251844, 0.0033757800702, 0.00176276336424, 0.000388772663428, 6.33165400359e-05, 8.43872185214e-05, 7.31930267648e-05, 2.27070154324e-06, 3.20857580505e-08]
        mean: [1.16166597763e-06, 0.000124965517898, 0.000237601663684, 0.000277231971268, 0.000431652646512, 0.000282230204903, 3.35984441335e-05, 8.54429381434e-05, 0.000261074193986, 4.74128755741e-05, 7.75476146373e-05, 6.33490853943e-05, 3.19008722727e-05, 2.32572856476e-05, 2.05776414077e-05, 2.58675736404e-05, 2.05163978535e-05, 5.63601024623e-05, 6.33860181551e-05, 6.43066086923e-05, 3.15631805279e-05, 9.88715328276e-06, 2.46712602348e-06, 2.40810345531e-06, 1.76644732619e-06, 6.05870624781e-08, 2.38118441631e-10]
        min: [1.42788341914e-12, 1.13211832797e-07, 3.69357223917e-07, 1.00048062279e-07, 3.04115769723e-06, 5.21489766925e-08, 1.38097135505e-07, 1.33379822742e-08, 3.92930772364e-08, 2.44429294582e-08, 1.4424301753e-08, 2.38749713333e-08, 3.75230202465e-09, 4.08961264853e-09, 1.89305318088e-08, 1.08884821159e-08, 4.4442094449e-09, 2.00044585341e-08, 8.44610514861e-09, 2.25065566184e-09, 1.038491515e-09, 2.71341143998e-10, 3.02764237292e-11, 1.84731605013e-11, 1.95950252552e-11, 1.27784480046e-12, 1.19724740138e-15]
        var: [3.41588996672e-12, 9.67259978779e-08, 8.8392471298e-07, 9.30359931317e-07, 6.55004157579e-07, 5.0985318012e-07, 3.87080589803e-09, 6.22439344511e-08, 1.02116780454e-06, 3.51971287671e-08, 1.18134764193e-07, 1.23487964743e-07, 1.17659606502e-08, 1.36495090786e-08, 3.03189229278e-09, 1.10104743101e-08, 4.89203255682e-09, 2.9568326454e-08, 3.57431488851e-08, 9.8320889208e-08, 1.60925992532e-08, 1.30063382286e-09, 6.65870206196e-11, 8.3012569041e-11, 5.31394477032e-11, 3.91339453789e-14, 2.47341458135e-18]
    mfcc:
        mean: [-871.264404297, 164.997772217, -28.9861183167, 54.9617424011, 4.66025257111, -4.56514120102, 10.5141429901, -4.89948606491, 4.35764026642, -3.82709670067, -1.79448020458, -8.56582832336, -6.07535839081]
        cov: [[14213.7998047, -5903.68017578, 2052.63574219, -781.769836426, -1377.80957031, -633.112121582, -55.5385398865, -397.848602295, -543.182861328, -101.548675537, -157.680969238, -227.774459839, -358.596374512], [-5903.68017578, 3727.95996094, -1512.26416016, 340.196746826, 555.947631836, 136.615890503, 96.7826766968, 172.373718262, 217.204376221, -12.7434740067, 121.213912964, 97.9253768921, 116.156967163], [2052.63574219, -1512.26416016, 1675.70947266, -214.803649902, -24.8859443665, -23.2733764648, -77.2227172852, -103.140029907, -85.2246627808, 66.1671676636, -103.812957764, -52.4277267456, -118.428436279], [-781.769836426, 340.196746826, -214.803649902, 466.577697754, 47.1341514587, 61.1092834473, -0.694376468658, 38.5876045227, 80.1826171875, 31.0548400879, 46.7120361328, 43.1274185181, 62.3552589417], [-1377.80957031, 555.947631836, -24.8859443665, 47.1341514587, 487.960266113, 124.523002625, -30.5796985626, 74.5957183838, 106.236717224, 1.68718504906, -101.445465088, -3.17613530159, 51.9444923401], [-633.112121582, 136.615890503, -23.2733764648, 61.1092834473, 124.523002625, 195.632049561, 27.5333328247, 62.2972831726, 67.5510101318, 15.6171188354, -7.45635652542, 8.04048538208, 56.4821205139], [-55.5385398865, 96.7826766968, -77.2227172852, -0.694376468658, -30.5796985626, 27.5333328247, 160.901748657, 41.0567817688, 4.28253364563, 7.41352796555, 54.1376342773, -3.39745688438, -20.7030944824], [-397.848602295, 172.373718262, -103.140029907, 38.5876045227, 74.5957183838, 62.2972831726, 41.0567817688, 124.315086365, 52.0377349854, -10.9581727982, 8.77279281616, 19.9267253876, 47.686340332], [-543.182861328, 217.204376221, -85.2246627808, 80.1826171875, 106.236717224, 67.5510101318, 4.28253364563, 52.0377349854, 129.286117554, 11.5850915909, -3.81815004349, 16.8872375488, 30.1067676544], [-101.548675537, -12.7434740067, 66.1671676636, 31.0548400879, 1.68718504906, 15.6171188354, 7.41352796555, -10.9581727982, 11.5850915909, 69.9597625732, 37.5652389526, 8.10690975189, -6.18600273132], [-157.680969238, 121.213912964, -103.812957764, 46.7120361328, -101.445465088, -7.45635652542, 54.1376342773, 8.77279281616, -3.81815004349, 37.5652389526, 155.728790283, 38.9320411682, -36.4420394897], [-227.774459839, 97.9253768921, -52.4277267456, 43.1274185181, -3.17613530159, 8.04048538208, -3.39745688438, 19.9267253876, 16.8872375488, 8.10690975189, 38.9320411682, 92.9908370972, 14.5208272934], [-358.596374512, 116.156967163, -118.428436279, 62.3552589417, 51.9444923401, 56.4821205139, -20.7030944824, 47.686340332, 30.1067676544, -6.18600273132, -36.4420394897, 14.5208272934, 104.23462677]]
        icov: [[0.000292984419502, 0.000412813242292, 4.69383194286e-05, 4.19629250246e-05, 0.000249733857345, 0.00042597137508, -0.000191341809114, -4.47791899205e-05, 4.96615793963e-05, 0.000230059711612, 0.000230995414313, 9.62829653872e-05, 0.000270006188657], [0.000412813242292, 0.00121113355272, 0.000556994229555, -2.54288424912e-05, -0.000528486212716, 0.000804192619398, -0.000461514107883, 0.00014618098794, -6.75073533785e-05, 0.000425028643804, -0.000325341563439, -1.28099991343e-05, 0.000320399267366], [4.69383194286e-05, 0.000556994229555, 0.00128118926659, 0.000110280227091, -0.000396477262257, -0.000269435084192, 0.000284605514025, -0.000240994777414, 0.000418393494328, -0.00145966431592, 0.000885300687514, -0.000295321631711, 0.00158400146756], [4.19629250246e-05, -2.54288424912e-05, 0.000110280227091, 0.00282801012509, 7.62530253269e-05, -2.02763658308e-05, 0.000151311207446, 0.000488066900289, -0.00128293805756, -0.000642227067146, -0.000909500115085, -0.000301577325445, -0.00155753688887], [0.000249733857345, -0.000528486212716, -0.000396477262257, 7.62530253269e-05, 0.00497897854075, -0.00146218831651, 0.000920123246033, -0.00216323346831, -0.0010898852488, -0.00150349072646, 0.00420478917658, -6.25500906608e-05, 0.0021398535464], [0.00042597137508, 0.000804192619398, -0.000269435084192, -2.02763658308e-05, -0.00146218831651, 0.00920320674777, -0.0021992418915, -0.000553274352569, -0.00220490735956, -0.000272377539659, -0.00123779813293, 0.000828226213343, -0.0040941615589], [-0.000191341809114, -0.000461514107883, 0.000284605514025, 0.000151311207446, 0.000920123246033, -0.0021992418915, 0.00919646862894, -0.00425929063931, 0.000895221135579, -0.00112481112592, -0.00141367770266, 0.00154904904775, 0.00356187508442], [-4.47791899205e-05, 0.00014618098794, -0.000240994777414, 0.000488066900289, -0.00216323346831, -0.000553274352569, -0.00425929063931, 0.0156831983477, -0.00373556441627, 0.00537925027311, -0.00417229672894, -0.00105022161733, -0.00743997981772], [4.96615793963e-05, -6.75073533785e-05, 0.000418393494328, -0.00128293805756, -0.0010898852488, -0.00220490735956, 0.000895221135579, -0.00373556441627, 0.0125856837258, -0.00251493719406, 0.00147501379251, -0.000983091886155, 0.00198182044551], [0.000230059711612, 0.000425028643804, -0.00145966431592, -0.000642227067146, -0.00150349072646, -0.000272377539659, -0.00112481112592, 0.00537925027311, -0.00251493719406, 0.0218187700957, -0.00821608304977, 0.000945544394199, -0.00372683838941], [0.000230995414313, -0.000325341563439, 0.000885300687514, -0.000909500115085, 0.00420478917658, -0.00123779813293, -0.00141367770266, -0.00417229672894, 0.00147501379251, -0.00821608304977, 0.016353154555, -0.00478434516117, 0.00838066916913], [9.62829653872e-05, -1.28099991343e-05, -0.000295321631711, -0.000301577325445, -6.25500906608e-05, 0.000828226213343, 0.00154904904775, -0.00105022161733, -0.000983091886155, 0.000945544394199, -0.00478434516117, 0.0137020470574, -0.00268052821048], [0.000270006188657, 0.000320399267366, 0.00158400146756, -0.00155753688887, 0.0021398535464, -0.0040941615589, 0.00356187508442, -0.00743997981772, 0.00198182044551, -0.00372683838941, 0.00838066916913, -0.00268052821048, 0.0206701979041]]
    spectral_contrast:
        mean: [1.28007044964e-07, -1.16004351014e-07, -1.41779779028e-07, 2.4417113309e-07, 1.70306407199e-07, 1.03095246118e-07, 3.83063792242e-07, -5.83709663715e-07, -2.31972961728e-07, -3.08391668113e-06, -5.28623877472e-06, 1.25613325963e-06]
        var: [0.000487139914185, 0.00118122831918, 0.00176769669633, 0.00233014812693, 0.00391737464815, 0.0132168279961, 0.0680610388517, 0.131865039468, 0.217051878572, 0.647743821144, 0.700649261475, 8.98647594452]

rhythm:
    beats_loudness:
        dmean: 0.00214565382339
        dmean2: 0.00346792233177
        dvar: 5.32876856596e-06
        dvar2: 1.11362642201e-05
        max: 0.0103144003078
        mean: 0.00363054871559
        min: 0.000114076028694
        var: 7.65275945014e-06
    beats_loudness_bass:
        dmean: 0.215245530009
        dmean2: 0.43775331974
        dvar: 0.029883172363
        dvar2: 0.0457133278251
        max: 0.691612839699
        mean: 0.363488018513
        min: 0.0113528529182
        var: 0.0551563873887
    bpm: 88.4160308838
    bpm_confidence: 0
    first_peak_bpm: 88
    first_peak_spread: 0.0714285969734
    first_peak_weight: 0.928571403027
    onset_rate: 3.5888671875
    second_peak_bpm: 0
    second_peak_spread: 0
    second_peak_weight: 0
    beats_position: [0.234337091446, 0.912789821625, 1.5912425518, 2.26969528198, 2.94814801216, 3.62660074234, 4.3050532341, 4.9835062027, 5.66195869446, 6.36502885818, 7.04376840591, 7.72250747681, 8.40124702454, 9.07998657227, 9.75872612]
    bpm_estimates: [88.3828735352, 88.5037078857, 88.4125366211, 88.4424514771, 88.4096450806, 88.374168396, 88.4078445435, 88.395980835, 88.6000366211, 88.5053634644, 88.359413147, 88.3799514771, 88.3733673096, 88.3059082031, 88.4006729126, 88.4217300415, 88.4398269653, 88.4580001831, 88.3729858398, 88.3741149902]
    bpm_intervals: [0.678452730179, 0.678452730179, 0.678452730179, 0.678452730179, 0.678452730179, 0.67845249176, 0.678452968597, 0.67845249176, 0.703070163727, 0.678739547729, 0.678739070892, 0.678739547729, 0.678739547729, 0.678739547729]
    onset_times: [0.615328788757, 0.905578255653, 1.59056687355, 2.26394557953, 2.46131515503, 2.61224484444, 2.92571425438, 3.28562355042, 3.45977330208, 3.5758728981, 3.63392281532, 3.85451245308, 4.3073015213, 4.6439909935, 4.82975053787, 4.99229001999, 5.34058952332, 5.67727899551, 6.01396846771, 6.18811798096, 6.35065746307, 6.6989569664, 6.88471651077, 7.0356464386, 7.22140598297, 7.38394546509, 7.52326536179, 7.72063493729, 7.92961454391, 8.06893444061, 8.39401340485, 8.74231338501, 8.91646289825, 9.06739234924, 9.42730140686, 9.71755123138]
    rubato_start: []
    rubato_stop: []
    perceptual_tempo: "unknown"

sfx:
    inharmonicity:
        dmean: 0.024839932099
        dmean2: 0.0449594296515
        dvar: 0.00154146994464
        dvar2: 0.00389590696432
        max: 0.368451565504
        mean: 0.0225801188499
        min: 6.26228029432e-06
        var: 0.00147424289025
    oddtoevenharmonicenergyratio:
        dmean: 1.10924017429
        dmean2: 2.01818752289
        dvar: 15.0510158539
        dvar2: 44.689540863
        max: 46.9594993591
        mean: 1.07354009151
        min: 6.54073301121e-06
        var: 11.5477752686
    pitch_after_max_to_before_max_energy_ratio: 3.76472520828
    pitch_centroid: 236.65397644
    pitch_max_to_total: 0.379069775343
    pitch_min_to_total: 0.279069781303
    tristimulus:
        dmean: [0.183085858822, 0.17604893446, 0.0637674182653]
        dmean2: [0.328297495842, 0.309590905905, 0.109795488417]
        dvar: [0.0432167649269, 0.0381129421294, 0.00860864669085]
        dvar2: [0.11433275044, 0.105897814035, 0.0234966296703]
        max: [0.99404925108, 0.972961306572, 0.668420433998]
        mean: [0.561788916588, 0.358118742704, 0.0639807134867]
        min: [0.00050802732585, 0, 0]
        var: [0.0810515731573, 0.071737319231, 0.00907902978361]

tonal:
    chords_changes_rate: 0.037037037313
    chords_number_rate: 0.0277777779847
    chords_strength:
        dmean: 0.0098403096199
        dmean2: 0.0084327571094
        dvar: 6.16828692728e-05
        dvar2: 6.64837789373e-05
        max: 0.665673613548
        mean: 0.559789836407
        min: 0.326698809862
        var: 0.00550465285778
    key_strength: 0.776855289936
    tuning_diatonic_strength: 0.536772608757
    tuning_equal_tempered_deviation: 0.0795602351427
    tuning_frequency: 439.238189697
    tuning_nontempered_energy_ratio: 0.686952829361
    hpcp:
        dmean: [0.136544972658, 0.109947435558, 0.0754284635186, 0.0693224817514, 0.0789718702435, 0.101580731571, 0.121876314282, 0.101951412857, 0.105651572347, 0.123300440609, 0.122754231095, 0.0991228744388, 0.106989018619, 0.1090843454, 0.114627376199, 0.114347912371, 0.104700960219, 0.118672959507, 0.0808371901512, 0.0608959048986, 0.0881657004356, 0.0993659347296, 0.121064819396, 0.129882097244, 0.112290762365, 0.0761937573552, 0.0587620846927, 0.0511520281434, 0.0405384786427, 0.0765892490745, 0.10565405339, 0.0855095386505, 0.0567835047841, 0.0536010526121, 0.0875426605344, 0.110872238874]
        dmean2: [0.226849094033, 0.191674515605, 0.137198880315, 0.129485175014, 0.145806312561, 0.173591092229, 0.195302039385, 0.181925922632, 0.17698661983, 0.208074271679, 0.20034198463, 0.167116224766, 0.188934952021, 0.185296520591, 0.200024843216, 0.208801805973, 0.181054532528, 0.222362533212, 0.15038138628, 0.11157631129, 0.148357197642, 0.151559442282, 0.209501281381, 0.221984058619, 0.184983819723, 0.124402210116, 0.10007262975, 0.0913972407579, 0.0697472244501, 0.127805650234, 0.164155498147, 0.137883931398, 0.100699089468, 0.0934817269444, 0.150996863842, 0.185315355659]
        dvar: [0.0455194786191, 0.033580571413, 0.0345219001174, 0.028438013047, 0.0273405313492, 0.0281547587365, 0.0406047590077, 0.025131450966, 0.030212238431, 0.0469402633607, 0.0432962402701, 0.039964761585, 0.0445396900177, 0.0416130498052, 0.042655043304, 0.0543077327311, 0.0319867543876, 0.0536513142288, 0.0329591631889, 0.021980157122, 0.0327387824655, 0.0332613363862, 0.0418153479695, 0.0398897975683, 0.0445358268917, 0.0149186588824, 0.0147507721558, 0.0117917945608, 0.00405157310888, 0.0174439325929, 0.0344881266356, 0.0231485329568, 0.0137895913795, 0.0153487613425, 0.0289115309715, 0.0272164624184]
        dvar2: [0.117459841073, 0.0865291506052, 0.0954207926989, 0.0781154632568, 0.06919015944, 0.0755465850234, 0.0955933704972, 0.0616235695779, 0.0807670876384, 0.120964795351, 0.115888856351, 0.105450436473, 0.122886843979, 0.111378908157, 0.116849444807, 0.150269895792, 0.0808500871062, 0.14675655961, 0.0967013910413, 0.0633153542876, 0.0808554068208, 0.0740382894874, 0.121862225235, 0.110012583435, 0.0901920795441, 0.0308272074908, 0.0417726673186, 0.0346003286541, 0.0105118164793, 0.0411824323237, 0.0812199115753, 0.0582229569554, 0.0388131439686, 0.0391739830375, 0.0633946433663, 0.0621813498437]
        max: [1, 1, 1, 1, 0.851002156734, 1, 1, 0.839442908764, 1, 1, 1, 1, 1, 1, 1, 1, 1, 1, 1, 0.946979641914, 1, 1, 1, 1, 1, 1, 0.746986985207, 0.87185305357, 0.444060146809, 0.945113122463, 1, 1, 0.710336506367, 0.979652702808, 1, 1]
        mean: [0.217015400529, 0.126078099012, 0.0555462539196, 0.0493891574442, 0.060180619359, 0.132543832064, 0.207984268665, 0.14721801877, 0.171589255333, 0.312217563391, 0.231140255928, 0.108967408538, 0.105325035751, 0.0909299403429, 0.13384103775, 0.221061617136, 0.182883903384, 0.0882169380784, 0.05138425529, 0.0417862012982, 0.1173729375, 0.219545096159, 0.180158257484, 0.233213678002, 0.324420541525, 0.173936501145, 0.0603051260114, 0.0513187795877, 0.0425577238202, 0.102953828871, 0.177607268095, 0.125249102712, 0.047411672771, 0.0510016046464, 0.0912536606193, 0.182350248098]
        min: [0.00478242710233, 0.000216822372749, 1.30277758217e-05, 3.25888177031e-05, 5.73387624172e-05, 0.000400663935579, 0.000491058162879, 0.000203732546652, 0.000216761836782, 0.000160432216944, 0.000224270726903, 0.000280563399429, 7.09887535777e-05, 0.000183853902854, 2.29666220548e-05, 4.80199014419e-05, 8.61054140842e-05, 9.13861658773e-05, 1.11082053991e-05, 6.35902324575e-05, 7.43569180486e-05, 0.000242312147748, 0.000258356012637, 0.000104984937934, 8.05080126156e-05, 0.000152406049892, 6.6060158133e-05, 5.55960759812e-05, 4.8529018386e-05, 0.000161607953487, 0.000437296286691, 6.02347463428e-05, 0.000112224333861, 2.38528191403e-05, 0.00033691842691, 0.00115593534429]
        var: [0.0754828006029, 0.0333437807858, 0.0232630167156, 0.0195434708148, 0.0217875875533, 0.0371692478657, 0.0878881812096, 0.0396991968155, 0.0445994846523, 0.147126510739, 0.0793099924922, 0.039229247719, 0.0395899675786, 0.0338134840131, 0.0557714737952, 0.124734193087, 0.0819748267531, 0.0394245460629, 0.0201447382569, 0.0147505346686, 0.0400623418391, 0.110275298357, 0.0732154473662, 0.069842197001, 0.163256004453, 0.0452298782766, 0.0115118166432, 0.00792103819549, 0.00489637302235, 0.0272364486009, 0.0711811631918, 0.0359817221761, 0.0101971514523, 0.0163743272424, 0.0336360298097, 0.0545499287546]
    chords_histogram: [40.2777786255, 13.8888893127, 3.24074077606, 0, 24.0740737915, 0, 0, 0, 14.8148145676, 0, 3.70370364189, 0, 0, 0, 0, 0, 0, 0, 0, 0, 0, 0, 0, 0]
    thpcp: [1, 0.536145150661, 0.1858856529, 0.158185973763, 0.131180733442, 0.317346811295, 0.547460019588, 0.38607019186, 0.146142631769, 0.157208308578, 0.281282007694, 0.562079846859, 0.668932378292, 0.388625502586, 0.17121681571, 0.152238070965, 0.185501873493, 0.408555597067, 0.641094624996, 0.453787595034, 0.528909981251, 0.962385296822, 0.712471067905, 0.335883200169, 0.324655890465, 0.280284166336, 0.412554144859, 0.681404471397, 0.563724815845, 0.271921545267, 0.158387795091, 0.128802582622, 0.361792564392, 0.676729977131, 0.555323183537, 0.718862235546]
    chords_key: "F"
    chords_scale: "major"
    key_key: "F"
    key_scale: "major"
    chords_progression: ["F", "F", "F", "F", "F", "F", "F", "F", "F", "F", "F", "F", "F", "F", "F", "F", "F", "F", "F", "F", "F", "F", "F", "F", "F", "F", "F", "F", "F", "F", "F", "F", "F", "F", "Am", "Am", "Am", "Am", "Am", "Am", "Am", "Am", "Am", "Am", "Am", "Am", "Am", "Am", "Am", "A", "A", "A", "A", "A", "A", "A", "A", "A", "A", "A", "A", "A", "A", "A", "A", "A", "A", "A", "A", "A", "A", "A", "A", "A", "A", "A", "A", "A", "A", "E", "E", "E", "E", "E", "E", "E", "E", "A", "A", "Am", "Am", "Am", "Am", "Am", "Am", "Am", "Am", "Am", "Am", "Am", "Am", "Am", "Am", "Am", "F", "F", "F", "F", "F", "F", "F", "F", "F", "F", "F", "F", "F", "F", "F", "F", "F", "F", "F", "F", "F", "F", "F", "F", "F", "F", "F", "F", "F", "F", "F", "F", "F", "F", "F", "F", "F", "F", "F", "F", "F", "F", "F", "F", "F", "F", "F", "F", "F", "F", "F", "F", "F", "C", "C", "C", "C", "C", "C", "C", "G", "G", "G", "G", "G", "G", "G", "G", "G", "G", "G", "G", "G", "G", "G", "G", "G", "G", "G", "G", "G", "G", "G", "G", "G", "G", "G", "G", "G", "G", "G", "G", "G", "G", "G", "G", "G", "G", "G", "G", "G", "G", "G", "G", "G", "G", "G", "G", "G", "G", "G", "G"]
