
metadata:
    version:
        essentia: "1.2.2"
    audio_properties:
        analysis_sample_rate: 44100
        bitrate: 128
        channels: 2
        equal_loudness: 1
        length: 10.0310201645
        replay_gain: -14.7257099152
        downmix: "mix"
    tags:
        track: 11
        year: 0
        album: "Splitted by Mp3Splt v. 2.1"
        artist: "From 001.40 To 001.50"
        comment: "http://mp3splt.sf.net"
        genre: ""
        title: "04 Down in the Past.mp3"

highlevel:
    ballroom:
        all:
            ChaChaCha: 0.129070684314
            Jive: 0.487916976213
            Quickstep: 0.0938670560718
            Rumba-American: 0.00487866997719
            Rumba-International: 0.014573212713
            Rumba-Misc: 0.0040193554014
            Samba: 0.253807783127
            Tango: 0.00264872750267
            VienneseWaltz: 0.00625775381923
            Waltz: 0.00295978225768
        probability: 0.487916976213
        value: "Jive"
    culture:
        all:
            non_western: 0.00473943026736
            western: 0.995260596275
        probability: 0.995260596275
        value: "western"
    gender:
        all:
            female: 0.0147425727919
            male: 0.985257446766
        probability: 0.985257446766
        value: "male"
    genre_dortmund:
        all:
            alternative: 0.0347219519317
            blues: 0.0913418680429
            electronic: 0.00900922436267
            folkcountry: 0.0508266575634
            funksoulrnb: 0.0185318943113
            jazz: 0.0202726460993
            pop: 0.0587396025658
            raphiphop: 0.00701773026958
            rock: 0.709538400173
        probability: 0.709538400173
        value: "rock"
    genre_electronica:
        all:
            ambient: 0.126407951117
            dnb: 0.750340223312
            house: 0.0130691202357
            techno: 0.0144042987376
            trance: 0.0957784205675
        probability: 0.750340223312
        value: "dnb"
    genre_rosamerica:
        all:
            cla: 0.00831284746528
            dan: 0.0441262237728
            hip: 0.0316291488707
            jaz: 0.0113905258477
            pop: 0.247807666659
            rhy: 0.12085006386
            roc: 0.531070590019
            spe: 0.00481293490157
        probability: 0.531070590019
        value: "roc"
    genre_tzanetakis:
        all:
            blu: 0.00473535666242
            cla: 0.0032637284603
            cou: 0.0848115831614
            dis: 0.113350659609
            hip: 0.0128541188315
            jaz: 0.0230684168637
            met: 0.0159752313048
            pop: 0.526404976845
            reg: 0.0673571750522
            roc: 0.148178756237
        probability: 0.526404976845
        value: "pop"
    live_studio:
        all:
            live: 0.0113952467218
            studio: 0.988604724407
        probability: 0.988604724407
        value: "studio"
    mood:
        all:
            Cluster1: 0.18968346715
            Cluster2: 0.203791067004
            Cluster3: 0.245511725545
            Cluster4: 0.129768788815
            Cluster5: 0.231244951487
        probability: 0.245511725545
        value: "Cluster3"
    mood_acoustic:
        all:
            acoustic: 0.0219216216356
            not_acoustic: 0.978078365326
        probability: 0.978078365326
        value: "not_acoustic"
    mood_aggressive:
        all:
            aggressive: 0.838117718697
            not_aggressive: 0.161882281303
        probability: 0.838117718697
        value: "aggressive"
    mood_electronic:
        all:
            electronic: 0.205687999725
            not_electronic: 0.794312000275
        probability: 0.794312000275
        value: "not_electronic"
    mood_happy:
        all:
            happy: 0.772289574146
            not_happy: 0.227710455656
        probability: 0.772289574146
        value: "happy"
    mood_party:
        all:
            not_party: 0.45613861084
            party: 0.54386138916
        probability: 0.54386138916
        value: "party"
    mood_relaxed:
        all:
            not_relaxed: 0.25962254405
            relaxed: 0.740377485752
        probability: 0.740377485752
        value: "relaxed"
    mood_sad:
        all:
            not_sad: 0.541445374489
            sad: 0.458554655313
        probability: 0.541445374489
        value: "not_sad"
    rhythm:
        all:
            fast: 0.9627379179
            medium: 0.0277961567044
            slow: 0.00946591421962
        probability: 0.9627379179
        value: "fast"
    speech_music:
        all:
            music: 0.99610888958
            speech: 0.00389113090932
        probability: 0.99610888958
        value: "music"
    timbre:
        all:
            bright: 0.453327417374
            dark: 0.546672582626
        probability: 0.546672582626
        value: "dark"
    voice_instrumental:
        all:
            instrumental: 0.0513838380575
            voice: 0.948616147041
        probability: 0.948616147041
        value: "voice"

lowlevel:
    average_loudness: 0.949447512627
    barkbands_kurtosis:
        dmean: 1.01411104202
        dmean2: 1.63897407055
        dvar: 2.87010264397
        dvar2: 6.90350675583
        max: 19.4966144562
        mean: 0.265540599823
        min: -1.82642376423
        var: 9.6467218399
    barkbands_skewness:
        dmean: 0.409650802612
        dmean2: 0.620890200138
        dvar: 0.179931148887
        dvar2: 0.416086763144
        max: 3.89296340942
        mean: 0.603250801563
        min: -2.20326828957
        var: 1.10708677769
    barkbands_spread:
        dmean: 5.24773216248
        dmean2: 7.71100711823
        dvar: 28.0746192932
        dvar2: 59.9101524353
        max: 66.0551452637
        mean: 30.5645179749
        min: 6.18358755112
        var: 110.366012573
    dissonance:
        dmean: 0.0152287073433
        dmean2: 0.0248639620841
        dvar: 0.000204236333957
        dvar2: 0.000514905084856
        max: 0.499073803425
        mean: 0.466670036316
        min: 0.295559346676
        var: 0.000574405014049
    hfc:
        dmean: 1.53066074848
        dmean2: 2.24835109711
        dvar: 4.32726955414
        dvar2: 8.86816501617
        max: 23.2657966614
        mean: 6.2475066185
        min: 0.0128959929571
        var: 26.1060009003
    pitch:
        dmean: 476.814300537
        dmean2: 911.910461426
        dvar: 1053056.125
        dvar2: 2300849
        max: 4900
        mean: 711.772216797
        min: 54.6468391418
        var: 1271665.625
    pitch_instantaneous_confidence:
        dmean: 0.0824644938111
        dmean2: 0.124562740326
        dvar: 0.00680033909157
        dvar2: 0.0150980185717
        max: 0.837735295296
        mean: 0.418702572584
        min: 0.0949212312698
        var: 0.0328384637833
    pitch_salience:
        dmean: 0.0599652715027
        dmean2: 0.0944018065929
        dvar: 0.00351856020279
        dvar2: 0.00794893875718
        max: 0.820831596851
        mean: 0.60303157568
        min: 0.33332875371
        var: 0.00926894787699
    silence_rate_20dB:
        dmean: 0
        dmean2: 0
        dvar: 0
        dvar2: 0
        max: 1
        mean: 1
        min: 1
        var: 0
    silence_rate_30dB:
        dmean: 0
        dmean2: 0
        dvar: 0
        dvar2: 0
        max: 1
        mean: 1
        min: 1
        var: 0
    silence_rate_60dB:
        dmean: 0.118055552244
        dmean2: 0.236658930779
        dvar: 0.104118913412
        dvar2: 0.208493635058
        max: 1
        mean: 0.44341802597
        min: 0
        var: 0.246797978878
    spectral_centroid:
        dmean: 247.565048218
        dmean2: 366.918823242
        dvar: 74483.5859375
        dvar2: 150706.09375
        max: 3720.93701172
        mean: 1369.67370605
        min: 210.77633667
        var: 412962.53125
    spectral_complexity:
        dmean: 2.41299295425
        dmean2: 3.80232548714
        dvar: 7.09626293182
        dvar2: 13.7725572586
        max: 33
        mean: 11.4004631042
        min: 0
        var: 47.6660232544
    spectral_crest:
        dmean: 2.06684732437
        dmean2: 3.2048728466
        dvar: 3.73942685127
        dvar2: 9.1556854248
        max: 18.4453430176
        mean: 8.07169628143
        min: 3.00755524635
        var: 10.6608562469
    spectral_decrease:
        dmean: 2.58565530098e-10
        dmean2: 3.88158061249e-10
        dvar: 9.09742931209e-20
        dvar2: 1.82364089403e-19
        max: -3.10393919768e-12
        mean: -9.51399181659e-10
        min: -3.18354165252e-09
        var: 4.3347541801e-19
    spectral_energy:
        dmean: 0.00108386424836
        dmean2: 0.001628746395
        dvar: 1.59713783887e-06
        dvar2: 3.14211911245e-06
        max: 0.0130653930828
        mean: 0.00415746634826
        min: 1.28846704683e-05
        var: 8.29186956253e-06
    spectral_energyband_high:
        dmean: 8.69408395374e-05
        dmean2: 0.000128347848658
        dvar: 1.91432505403e-08
        dvar2: 3.72476947064e-08
        max: 0.00179362145718
        mean: 0.000226789154112
        min: 3.55363255267e-07
        var: 6.29281089459e-08
    spectral_energyband_low:
        dmean: 0.000173262596945
        dmean2: 0.000300697080093
        dvar: 1.20492444466e-07
        dvar2: 3.34532131774e-07
        max: 0.00263316556811
        mean: 0.000251015444519
        min: 2.50143943958e-06
        var: 9.02501966493e-08
    spectral_energyband_middle_high:
        dmean: 0.000444856472313
        dmean2: 0.00067358504748
        dvar: 4.23150311235e-07
        dvar2: 8.2483990127e-07
        max: 0.00767330871895
        mean: 0.00174842169508
        min: 4.88676505483e-06
        var: 2.6822081054e-06
    spectral_energyband_middle_low:
        dmean: 0.000748446793295
        dmean2: 0.00110322795808
        dvar: 8.81449409462e-07
        dvar2: 1.78931065875e-06
        max: 0.0108205480501
        mean: 0.00193118886091
        min: 5.1396186791e-06
        var: 3.0960420645e-06
    spectral_flatness_db:
        dmean: 0.0145395807922
        dmean2: 0.0224422961473
        dvar: 0.000192927444004
        dvar2: 0.000424380879849
        max: 0.221937939525
        mean: 0.145555093884
        min: 0.0738124400377
        var: 0.000640560581814
    spectral_flux:
        dmean: 0.00939065031707
        dmean2: 0.0133584709838
        dvar: 8.20212299004e-05
        dvar2: 0.000145705940668
        max: 0.101896740496
        mean: 0.0353220291436
        min: 0.00358952232637
        var: 0.000320991821354
    spectral_kurtosis:
        dmean: 1.0741314888
        dmean2: 1.66181135178
        dvar: 1.1680277586
        dvar2: 2.6467320919
        max: 10.4185810089
        mean: 3.75595712662
        min: -0.716693878174
        var: 3.64211750031
    spectral_rms:
        dmean: 0.000274338177405
        dmean2: 0.000408126215916
        dvar: 9.29838535058e-08
        dvar2: 1.80051202392e-07
        max: 0.0035702555906
        mean: 0.0018728277646
        min: 0.000112117842946
        var: 5.48580317172e-07
    spectral_rolloff:
        dmean: 455.944091797
        dmean2: 711.346496582
        dvar: 325386.15625
        dvar2: 704777.125
        max: 6395.36132812
        mean: 2718.1171875
        min: 172.265625
        var: 1498270.5
    spectral_skewness:
        dmean: 0.171868428588
        dmean2: 0.253945440054
        dvar: 0.0315571203828
        dvar2: 0.0531577542424
        max: 2.73729205132
        mean: 1.48773467541
        min: 0.293224692345
        var: 0.140036731958
    spectral_spread:
        dmean: 586804.125
        dmean2: 833817.0625
        dvar: 563938066432
        dvar2: 887040901120
        max: 12990537
        mean: 5439356
        min: 2858218.75
        var: 2.590113792e+12
    spectral_strongpeak:
        dmean: 0.352096140385
        dmean2: 0.590480804443
        dvar: 0.457930773497
        dvar2: 1.24193286896
        max: 6.08585691452
        mean: 0.665999472141
        min: 0.00269601610489
        var: 0.851845562458
    zerocrossingrate:
        dmean: 0.00969878397882
        dmean2: 0.0106274979189
        dvar: 8.26559771667e-05
        dvar2: 9.80094991974e-05
        max: 0.20654296875
        mean: 0.0825749114156
        min: 0.02197265625
        var: 0.00092151411809
    barkbands:
        dmean: [7.70936082972e-07, 7.13624613127e-05, 0.000121363227663, 0.000268499861704, 0.000227433847613, 0.000113587717351, 8.91989766387e-05, 0.000284611596726, 0.0001391635451, 5.44913382328e-05, 3.23937165376e-05, 2.4863953513e-05, 3.18648490065e-05, 6.02048748988e-05, 8.56820115587e-05, 9.36923315749e-05, 0.000166620244272, 8.4266452177e-05, 0.000142142394907, 0.000104432314401, 3.79234152206e-05, 2.23829356401e-05, 8.70086751092e-06, 2.39742803387e-06, 1.22804169678e-06, 6.74862832284e-08, 2.1807131656e-09]
        dmean2: [1.09387849534e-06, 0.000123258694657, 0.00021480563737, 0.000420623546233, 0.000378858356271, 0.000185373442946, 0.000151505169924, 0.000419629446696, 0.000193645231775, 8.31232828205e-05, 4.74273474538e-05, 4.14539135818e-05, 4.7547127906e-05, 9.61876357906e-05, 0.000130530665047, 0.000147103361087, 0.000272533041425, 0.000136128408485, 0.000225831608986, 0.000163613993209, 6.11234790995e-05, 3.31738119712e-05, 1.31448414322e-05, 3.01934505842e-06, 1.51820358951e-06, 1.05793432681e-07, 2.37011255066e-09]
        dvar: [2.46354932981e-12, 2.14072031213e-08, 5.76510146288e-08, 1.94296802647e-07, 1.09284101768e-07, 4.08667659713e-08, 9.9645049545e-08, 3.98266507773e-07, 1.49302195496e-07, 4.05804705395e-08, 6.31861896139e-09, 1.59754565132e-09, 3.73573572077e-09, 1.78224066616e-08, 1.98426377551e-08, 2.45758737805e-08, 5.31844861484e-08, 2.54018530654e-08, 5.15371958443e-08, 2.53549288232e-08, 3.93615495753e-09, 1.56013524322e-09, 1.06757735985e-09, 5.74697546496e-11, 2.01980411563e-11, 1.82542579685e-14, 1.59064571275e-15]
        dvar2: [4.96585151472e-12, 5.82882044853e-08, 1.64814792925e-07, 4.14763093204e-07, 2.82201369828e-07, 9.29571797315e-08, 2.63013390622e-07, 8.61472415181e-07, 2.70157869409e-07, 6.88444501407e-08, 8.21386247907e-09, 4.33552660439e-09, 6.47241060747e-09, 3.63472594245e-08, 4.62305642657e-08, 6.1712619015e-08, 1.19460068504e-07, 6.16999358272e-08, 1.21648568552e-07, 5.23385779161e-08, 1.0300726494e-08, 3.03707725635e-09, 2.06245220902e-09, 7.20470419435e-11, 2.9561041115e-11, 4.45487559602e-14, 1.59354193015e-15]
        max: [8.71120209922e-06, 0.000833038880955, 0.00197415356524, 0.00361651368439, 0.00334723014385, 0.00249195797369, 0.0043498123996, 0.00813578721136, 0.00596418511122, 0.00332277175039, 0.00222011632286, 0.000357857701601, 0.0010057061445, 0.0021977329161, 0.00147899985313, 0.00146182300523, 0.00301941856742, 0.00220294576138, 0.00276994309388, 0.0018063968746, 0.000809401040897, 0.00062134367181, 0.000514283310622, 0.000133172317874, 8.08599579614e-05, 9.72803263721e-07, 8.30085298276e-07]
        mean: [7.48300806208e-07, 8.66155241965e-05, 0.000163706965395, 0.000316808873322, 0.000453432905488, 0.000243300746661, 9.49934183154e-05, 0.000502777518705, 0.000309873808874, 7.39873721614e-05, 8.37921907078e-05, 4.68594480481e-05, 6.05112691119e-05, 0.000118526346341, 0.00017169037892, 0.000197917965124, 0.000347620691173, 0.00017437619681, 0.000321903295116, 0.00024359508825, 8.14095910755e-05, 4.25867583544e-05, 1.37544702739e-05, 4.46662943432e-06, 2.10194457395e-06, 1.10745318693e-07, 2.30039431948e-09]
        min: [1.12667139507e-10, 7.53641302254e-07, 1.73864395947e-06, 3.71616010852e-07, 1.11242570711e-06, 2.75719912679e-07, 6.81798894675e-07, 4.34030994256e-07, 4.74357563007e-07, 1.04766314735e-07, 2.21499263375e-07, 6.22235290848e-07, 2.32318029703e-07, 4.68085943339e-08, 1.22309728567e-07, 6.22516324711e-07, 2.96011194223e-07, 1.10709834189e-07, 5.5656761333e-07, 2.32089050201e-07, 5.95368803147e-08, 1.50241589836e-07, 7.64657759333e-09, 7.18794890275e-09, 2.89995560898e-09, 9.43565225953e-10, 1.68989876346e-12]
        var: [3.1127921421e-12, 1.63288849109e-08, 4.56285214057e-08, 2.6321237101e-07, 1.95957071014e-07, 8.74051266919e-08, 7.84558764622e-08, 9.53061658038e-07, 6.43432599645e-07, 6.66257946591e-08, 8.46783194675e-08, 2.63392663236e-09, 1.51497783207e-08, 7.46773665128e-08, 6.72940601021e-08, 6.47542108823e-08, 1.75432333549e-07, 4.96698646657e-08, 1.54485420012e-07, 8.53510613297e-08, 7.80909203968e-09, 3.46224582337e-09, 2.19706275395e-09, 1.45336867541e-10, 4.16851414498e-11, 2.29548435923e-14, 1.5900055676e-15]
    mfcc:
        mean: [-721.608520508, 107.524665833, -34.6606369019, 55.1673431396, -5.90836238861, -3.81982278824, -9.56970691681, -3.43919014931, 1.7822817564, -4.27444934845, -5.81592750549, -6.96470737457, -2.51811552048]
        cov: [[3633.69018555, -438.839385986, -1066.59216309, -54.4285049438, -357.960296631, -305.837982178, -90.5405273438, -151.055587769, -222.619293213, 294.218475342, 303.150268555, -80.8403244019, -209.70930481], [-438.839385986, 687.969909668, -116.107841492, -1.06839811802, 19.6399707794, -36.2279434204, 12.4495191574, 19.6866569519, 72.8329162598, 28.5083293915, 32.5787734985, 10.9499769211, 6.03611183167], [-1066.59216309, -116.107841492, 737.787109375, -4.70971012115, 99.2121734619, 155.66809082, -14.4609270096, 52.2216186523, 36.4951095581, -149.01751709, -134.782730103, 17.5669212341, 60.3267288208], [-54.4285049438, -1.06839811802, -4.70971012115, 132.536376953, 39.1227302551, -7.31167411804, 1.73267304897, -5.34962129593, 19.5975151062, -15.4792938232, -35.3450965881, 0.203295916319, 20.3203868866], [-357.960296631, 19.6399707794, 99.2121734619, 39.1227302551, 148.711380005, 36.3258781433, -19.3081684113, 16.0168533325, 31.7790393829, -37.551738739, -59.7865447998, 9.8210773468, 43.2720489502], [-305.837982178, -36.2279434204, 155.66809082, -7.31167411804, 36.3258781433, 117.926811218, 41.8646278381, 23.5922412872, -4.14081001282, -57.9199752808, -34.3281211853, 14.3202524185, 21.8144760132], [-90.5405273438, 12.4495191574, -14.4609270096, 1.73267304897, -19.3081684113, 41.8646278381, 108.581954956, 28.31914711, -8.7874288559, -13.6454582214, 7.13495922089, 9.04229640961, 2.79127836227], [-151.055587769, 19.6866569519, 52.2216186523, -5.34962129593, 16.0168533325, 23.5922412872, 28.31914711, 70.9919586182, 28.3208141327, -19.5257263184, -16.2483043671, 10.2156381607, 18.9941310883], [-222.619293213, 72.8329162598, 36.4951095581, 19.5975151062, 31.7790393829, -4.14081001282, -8.7874288559, 28.3208141327, 89.4805831909, 14.776391983, -25.6516284943, 10.2107381821, 22.6160373688], [294.218475342, 28.5083293915, -149.01751709, -15.4792938232, -37.551738739, -57.9199752808, -13.6454582214, -19.5257263184, 14.776391983, 116.42477417, 68.1122970581, -3.5404856205, -30.4159603119], [303.150268555, 32.5787734985, -134.782730103, -35.3450965881, -59.7865447998, -34.3281211853, 7.13495922089, -16.2483043671, -25.6516284943, 68.1122970581, 107.762939453, 5.22073125839, -41.1778106689], [-80.8403244019, 10.9499769211, 17.5669212341, 0.203295916319, 9.8210773468, 14.3202524185, 9.04229640961, 10.2156381607, 10.2107381821, -3.5404856205, 5.22073125839, 41.8543319702, 21.9066524506], [-209.70930481, 6.03611183167, 60.3267288208, 20.3203868866, 43.2720489502, 21.8144760132, 2.79127836227, 18.9941310883, 22.6160373688, -30.4159603119, -41.1778106689, 21.9066524506, 65.1181106567]]
        icov: [[0.001036205329, 0.000718408147804, 0.00118237570859, -0.000357234239345, 0.00113666243851, 0.000140290678246, 0.00129037536681, -0.000717495917343, 0.00140915159136, -0.000709631014615, -0.000313939613989, 0.00025733813527, 0.000532230187673], [0.000718408147804, 0.00229427497834, 0.00111844099592, 8.58928106027e-05, 0.000236534484429, 0.000632027280517, 0.000379293313017, -0.000179663475137, -0.00120663223788, 0.000659924815409, -0.0016350694932, 0.000428671424743, 0.000254375016084], [0.00118237570859, 0.00111844099592, 0.00398304825649, 0.000109007552965, 0.00135815900285, -0.00255944347009, 0.00303681171499, -0.0013497939799, 0.000334568409016, 0.00090532755712, 0.000798171502538, -0.000101936049759, 0.00104423798621], [-0.000357234239345, 8.58928106027e-05, 0.000109007552965, 0.00978245493025, -0.0025674412027, 0.00221630441956, -0.00270938314497, 0.00311904936098, -0.00274576782249, 0.0015875074314, 0.00220997002907, -7.25319987396e-05, -0.00102503888775], [0.00113666243851, 0.000236534484429, 0.00135815900285, -0.0025674412027, 0.0122073376551, -0.00345696229488, 0.00489309197292, -0.00182463927194, 0.000950727961026, -0.00152368354611, 0.00281528709456, -1.2450345821e-05, -0.00270726671442], [0.000140290678246, 0.000632027280517, -0.00255944347009, 0.00221630441956, -0.00345696229488, 0.0181246511638, -0.00728578073904, 0.000698342802934, 0.000919115846045, 0.00391763960943, -0.000503501330968, -0.00295853684656, 0.000594379322138], [0.00129037536681, 0.000379293313017, 0.00303681171499, -0.00270938314497, 0.00489309197292, -0.00728578073904, 0.0165120046586, -0.00718378415331, 0.00396517058834, -0.00108019285835, -0.000736956484616, -0.000611905532423, 0.000587510352489], [-0.000717495917343, -0.000179663475137, -0.0013497939799, 0.00311904936098, -0.00182463927194, 0.000698342802934, -0.00718378415331, 0.0223098061979, -0.00945062097162, 0.00475950771943, -0.00192959955893, 3.36356424668e-06, -0.00295377220027], [0.00140915159136, -0.00120663223788, 0.000334568409016, -0.00274576782249, 0.000950727961026, 0.000919115846045, 0.00396517058834, -0.00945062097162, 0.0239946618676, -0.0115674454719, 0.00804256368428, -0.00372223556042, -0.000554785481654], [-0.000709631014615, 0.000659924815409, 0.00090532755712, 0.0015875074314, -0.00152368354611, 0.00391763960943, -0.00108019285835, 0.00475950771943, -0.0115674454719, 0.022580916062, -0.0121197234839, 0.00191236007959, 0.00093496509362], [-0.000313939613989, -0.0016350694932, 0.000798171502538, 0.00220997002907, 0.00281528709456, -0.000503501330968, -0.000736956484616, -0.00192959955893, 0.00804256368428, -0.0121197234839, 0.0272193737328, -0.0116168931127, 0.00926993880421], [0.00025733813527, 0.000428671424743, -0.000101936049759, -7.25319987396e-05, -1.2450345821e-05, -0.00295853684656, -0.000611905532423, 3.36356424668e-06, -0.00372223556042, 0.00191236007959, -0.0116168931127, 0.036018140614, -0.0153463110328], [0.000532230187673, 0.000254375016084, 0.00104423798621, -0.00102503888775, -0.00270726671442, 0.000594379322138, 0.000587510352489, -0.00295377220027, -0.000554785481654, 0.00093496509362, 0.00926993880421, -0.0153463110328, 0.0304899234325]]
    spectral_contrast:
        mean: [6.68611974675e-08, 2.0319215821e-07, 1.9102461124e-07, -7.03924669665e-08, 7.7196290249e-08, -3.65496674704e-07, 2.75885349765e-06, -4.11065093431e-06, 2.33692972529e-07, -5.95218580202e-07, 5.20009143656e-06, 1.76744322289e-07]
        var: [0.00034155373578, 0.000511236430611, 0.00154336704873, 0.00245383940637, 0.00313827488571, 0.00775491632521, 0.0464068502188, 0.0812400877476, 0.151411220431, 0.204842269421, 0.371386736631, 1.70565485954]

rhythm:
    beats_loudness:
        dmean: 0.00278782937676
        dmean2: 0.00458153616637
        dvar: 3.44621730619e-06
        dvar2: 9.75007151283e-06
        max: 0.0109125720337
        mean: 0.00597028620541
        min: 0.00251420354471
        var: 6.82994232193e-06
    beats_loudness_bass:
        dmean: 0.137590453029
        dmean2: 0.256381958723
        dvar: 0.0153354424983
        dvar2: 0.0253435224295
        max: 0.523106634617
        mean: 0.225089341402
        min: 0.0203441381454
        var: 0.0243446826935
    bpm: 107.002319336
    bpm_confidence: 0
    first_peak_bpm: 107
    first_peak_spread: 0
    first_peak_weight: 0.941176474094
    onset_rate: 3.68855810165
    second_peak_bpm: 102
    second_peak_spread: 0
    second_peak_weight: 0.0588235296309
    beats_position: [0.346186578274, 0.907482504845, 1.46877849102, 2.03007435799, 2.59137034416, 3.15266656876, 3.71396255493, 4.27525854111, 4.83655452728, 5.39785051346, 5.98386907578, 6.54370307922, 7.10353660583, 7.66337013245, 8.22320461273, 8.78303813934, 9.34287071228, 9.90270519257]
    bpm_estimates: [107.216926575, 106.707695007, 107.212852478, 106.481277466, 107.110488892, 107.718284607, 106.84651947, 106.657218933, 106.531570435, 106.485839844, 107.130302429, 107.157493591, 107.766433716, 105.942756653, 107.680526733, 107.391021729]
    bpm_intervals: [0.561295926571, 0.561295986176, 0.561295866966, 0.561295986176, 0.561296224594, 0.561295986176, 0.561295986176, 0.561295986176, 0.561295986176, 0.586018562317, 0.559834003448, 0.559833526611, 0.559833526611, 0.559834480286, 0.559833526611, 0.559832572937, 0.559834480286]
    onset_times: [0.0464399084449, 0.197369620204, 0.290249437094, 0.603718817234, 0.870748281479, 1.06811785698, 1.32353746891, 1.46285712719, 1.74149656296, 2.21750569344, 2.5890250206, 2.84444451332, 3.15791392326, 3.34367346764, 3.44816327095, 3.70358276367, 4.17959165573, 4.841360569, 5.11999988556, 5.41024923325, 5.58439922333, 5.83981847763, 5.95591831207, 6.19972801208, 6.53641700745, 6.7570066452, 7.05886602402, 7.37233543396, 7.6858048439, 7.87156438828, 8.24308395386, 8.39401340485, 8.51011371613, 8.77714252472, 9.21832180023, 9.36925125122, 9.92653083801]
    rubato_start: []
    rubato_stop: []
    perceptual_tempo: "unknown"

sfx:
    inharmonicity:
        dmean: 0.0469011217356
        dmean2: 0.0839222744107
        dvar: 0.00303339166567
        dvar2: 0.00826291739941
        max: 0.401434838772
        mean: 0.0508523657918
        min: 0.000316108198604
        var: 0.00347983557731
    oddtoevenharmonicenergyratio:
        dmean: 3.44826388359
        dmean2: 6.56957435608
        dvar: 197.209381104
        dvar2: 596.354187012
        max: 190.099029541
        mean: 2.14195847511
        min: 0.000259815569734
        var: 105.335945129
    pitch_after_max_to_before_max_energy_ratio: 3.04450964928
    pitch_centroid: 206.644943237
    pitch_max_to_total: 0.159722223878
    pitch_min_to_total: 0.0439814813435
    tristimulus:
        dmean: [0.203425109386, 0.229971766472, 0.1242723912]
        dmean2: [0.356151610613, 0.402483165264, 0.219608575106]
        dvar: [0.0287561398, 0.0376351624727, 0.014694259502]
        dvar2: [0.07718347013, 0.106098555028, 0.0366966836154]
        max: [0.951416134834, 0.959822595119, 0.708707690239]
        mean: [0.388331353664, 0.43428966403, 0.14311774075]
        min: [0.0401773937047, 0, 0]
        var: [0.0507904328406, 0.0506019033492, 0.0200427398086]

tonal:
    chords_changes_rate: 0.0599078349769
    chords_number_rate: 0.0414746552706
    chords_strength:
        dmean: 0.00983893778175
        dmean2: 0.00981973856688
        dvar: 6.75432893331e-05
        dvar2: 8.68290226208e-05
        max: 0.694649338722
        mean: 0.494112104177
        min: 0.323964715004
        var: 0.00995290651917
    key_strength: 0.570611357689
    tuning_diatonic_strength: 0.537533462048
    tuning_equal_tempered_deviation: 0.222971305251
    tuning_frequency: 433.942382812
    tuning_nontempered_energy_ratio: 0.924157142639
    hpcp:
        dmean: [0.124043993652, 0.126619398594, 0.122399672866, 0.12848956883, 0.14593821764, 0.139296993613, 0.203903689981, 0.199249088764, 0.178349390626, 0.125513166189, 0.109371833503, 0.102118290961, 0.117898710072, 0.137008175254, 0.150949373841, 0.188042923808, 0.190785571933, 0.184285372496, 0.144326746464, 0.137577220798, 0.192396000028, 0.209970191121, 0.168696790934, 0.145750105381, 0.109901875257, 0.0903780087829, 0.106134183705, 0.157090082765, 0.155830964446, 0.114708229899, 0.113495238125, 0.0882556065917, 0.072565972805, 0.0839602649212, 0.0821821168065, 0.106114529073]
        dmean2: [0.199368998408, 0.206855431199, 0.206925407052, 0.227189958096, 0.258103936911, 0.234932139516, 0.339191108942, 0.323681712151, 0.303870737553, 0.217115908861, 0.193433895707, 0.180450707674, 0.205468058586, 0.232453674078, 0.250809550285, 0.320483088493, 0.318856477737, 0.310208439827, 0.250935405493, 0.246961802244, 0.346851319075, 0.367175370455, 0.288513332605, 0.267431646585, 0.198629423976, 0.163310199976, 0.188598379493, 0.2735029459, 0.263648927212, 0.19424252212, 0.204814985394, 0.150696054101, 0.121176227927, 0.148901388049, 0.143689081073, 0.183624625206]
        dvar: [0.0302924364805, 0.0346810892224, 0.0296397060156, 0.0303762760013, 0.0488502793014, 0.0263879206032, 0.0613157935441, 0.0599334686995, 0.0452912971377, 0.0348391272128, 0.0376328378916, 0.0294266492128, 0.03006798774, 0.0322081372142, 0.0365502350032, 0.0546303801239, 0.0418075881898, 0.0480903089046, 0.039683137089, 0.0420381724834, 0.0648465454578, 0.0647277608514, 0.0396639369428, 0.0497533120215, 0.0391827151179, 0.0233022663742, 0.0245771445334, 0.0346916206181, 0.0328663997352, 0.0236318595707, 0.0404220409691, 0.025387827307, 0.0115579478443, 0.0156307574362, 0.0144750941545, 0.0321567542851]
        dvar2: [0.0650412812829, 0.0805123001337, 0.088580109179, 0.0817085802555, 0.141476407647, 0.0722593814135, 0.15887413919, 0.140859305859, 0.124332278967, 0.0990200638771, 0.0965400710702, 0.0827262178063, 0.0800407975912, 0.0851319804788, 0.0916339606047, 0.139254853129, 0.0901075601578, 0.107704475522, 0.105787202716, 0.119484126568, 0.164164677262, 0.153745979071, 0.101319804788, 0.145492821932, 0.111129201949, 0.0647095665336, 0.0686446353793, 0.0960532799363, 0.0855454877019, 0.0644674599171, 0.112556561828, 0.0706326439977, 0.0293332096189, 0.0412661097944, 0.0377964489162, 0.088387876749]
        max: [1, 1, 1, 1, 1, 1, 1, 1, 1, 1, 1, 1, 1, 1, 1, 1, 1, 1, 1, 1, 1, 1, 1, 1, 1, 0.795440375805, 0.871286928654, 0.990679860115, 1, 0.919185221195, 1, 1, 0.948506236076, 1, 0.851991653442, 1]
        mean: [0.201816126704, 0.232832476497, 0.165607139468, 0.145139366388, 0.153177201748, 0.164075285196, 0.319879353046, 0.374191254377, 0.233922988176, 0.157456427813, 0.128830119967, 0.110093645751, 0.155390202999, 0.182562038302, 0.205415904522, 0.350064605474, 0.379190951586, 0.241818681359, 0.151061594486, 0.135969132185, 0.216214179993, 0.326233178377, 0.281887680292, 0.151360541582, 0.0952208042145, 0.0842100828886, 0.109471827745, 0.21994432807, 0.243559032679, 0.14117257297, 0.0988066717982, 0.0883586406708, 0.100009098649, 0.126417860389, 0.111301183701, 0.118862114847]
        min: [0.0025220233947, 0.00297060376033, 0.000748614082113, 0.000958423304837, 0.00211937748827, 0.00215175841004, 0.00642171362415, 0.00591963762417, 0.00892872083932, 0.00252016843297, 0.00249891751446, 0.00318248290569, 0.00315477489494, 0.00306653487496, 0.00509927608073, 0.0084836371243, 0.0106381578371, 0.0043452270329, 0.00209443061613, 0.00176401739009, 0.00120263092685, 0.0010765256593, 0.00067748175934, 0.000677942472976, 0.000944152241573, 0.000722833909094, 0.0020409473218, 0.0125517947599, 0.00952554307878, 0.00494705652818, 0.000641156744678, 0.000933005765546, 0.000929822737817, 0.000759421673138, 0.000595885619987, 0.00189701269846]
        var: [0.0615377612412, 0.0821900069714, 0.0363846495748, 0.0285388100892, 0.038879327476, 0.028514822945, 0.107020437717, 0.134228661656, 0.055242266506, 0.0365158542991, 0.0368822216988, 0.0257837604731, 0.0414848066866, 0.0545266903937, 0.0529993660748, 0.107879169285, 0.105857767165, 0.0755898579955, 0.0379175767303, 0.0333252586424, 0.0678623244166, 0.103542365134, 0.0806011930108, 0.0425592362881, 0.0285597592592, 0.0186313930899, 0.0209695994854, 0.040101248771, 0.0509577058256, 0.0275979675353, 0.0302166249603, 0.0209589451551, 0.018006272614, 0.0306314732879, 0.020067749545, 0.0332043208182]
    chords_histogram: [11.9815664291, 2.7649769783, 3.68663597107, 0, 15.2073736191, 0, 4.14746522903, 0, 10.5990781784, 0, 0, 0, 0, 0, 0, 0, 0, 9.21658992767, 0, 4.14746522903, 0, 0, 0, 38.2488479614]
    thpcp: [1, 0.637722730637, 0.398378700018, 0.358576953411, 0.570198655128, 0.860340118408, 0.743392407894, 0.399167060852, 0.251115709543, 0.222078308463, 0.288698405027, 0.580035805702, 0.642312347889, 0.372299432755, 0.260572344065, 0.233018860221, 0.263743370771, 0.333388388157, 0.293522775173, 0.313462436199, 0.53222823143, 0.614024341106, 0.436738103628, 0.382760614157, 0.40395796299, 0.432698309422, 0.84358382225, 0.986814856529, 0.616900265217, 0.415243119001, 0.339749991894, 0.290338277817, 0.409794062376, 0.481451451778, 0.541721522808, 0.923188209534]
    chords_key: "B"
    chords_scale: "minor"
    key_key: "D"
    key_scale: "major"
    chords_progression: ["Bm", "Bm", "Bm", "Bm", "Bm", "Bm", "Bm", "Bm", "Bm", "B", "B", "B", "B", "B", "B", "B", "B", "B", "Bm", "Bm", "Bm", "Bm", "Bm", "Am", "Am", "Am", "Am", "Am", "Am", "Am", "Am", "Am", "Bm", "E", "E", "E", "E", "E", "E", "E", "E", "E", "E", "E", "E", "E", "E", "E", "E", "E", "E", "E", "E", "E", "E", "E", "E", "E", "E", "E", "E", "E", "E", "E", "E", "E", "Bm", "Bm", "Bm", "Bm", "Bm", "Bm", "Bm", "Bm", "Bm", "Bm", "Bm", "Bm", "Bm", "Bm", "Bm", "Bm", "Bm", "Bm", "Bm", "Bm", "Bm", "Bm", "Bm", "Bm", "Bm", "Bm", "Bm", "Bm", "Bm", "Bm", "Bm", "Bm", "Bm", "Bm", "Bm", "Bm", "Bm", "Bm", "Bm", "Bm", "Bm", "Bm", "Bm", "Bm", "Bm", "Bm", "Bm", "Bm", "Bm", "Bm", "Bm", "Bm", "Bm", "Bm", "Bm", "Bm", "Bm", "Bm", "Bm", "Bm", "Bm", "Bm", "Bm", "Bm", "Bm", "Bm", "Bm", "Bm", "D", "D", "D", "D", "D", "D", "D", "D", "D", "D", "D", "D", "Dm", "Dm", "Dm", "Dm", "Dm", "Dm", "Dm", "Dm", "Dm", "Dm", "Dm", "Dm", "Dm", "Dm", "Dm", "Dm", "Dm", "Dm", "Dm", "Dm", "D", "D", "D", "D", "D", "D", "D", "D", "D", "D", "D", "A", "A", "A", "A", "A", "A", "A", "A", "D", "D", "D", "F#m", "F#m", "F#m", "F#m", "F#m", "F#m", "F#", "F#", "F#", "F#", "F#", "F#", "F#", "F#", "F#", "F#", "F#", "F#", "F#", "F#", "F#", "F#", "F#", "F#", "F#", "F#", "F#", "F#", "F#"]
