
metadata:
    version:
        essentia: "1.2.2"
    audio_properties:
        analysis_sample_rate: 44100
        bitrate: 128
        channels: 2
        equal_loudness: 1
        length: 10.0310201645
        replay_gain: -9.53084754944
        downmix: "mix"
    tags:
        track: 3
        year: 0
        album: "Splitted by Mp3Splt v. 2.1"
        artist: "From 000.20 To 000.30"
        comment: "http://mp3splt.sf.net"
        genre: ""
        title: "03 Into Your Hideout.mp3"

highlevel:
    ballroom:
        all:
            ChaChaCha: 0.0537568740547
            Jive: 0.309400826693
            Quickstep: 0.0315277948976
            Rumba-American: 0.00937305670232
            Rumba-International: 0.0911234021187
            Rumba-Misc: 0.0241828206927
            Samba: 0.473018288612
            Tango: 0.00227269623429
            VienneseWaltz: 0.00332458340563
            Waltz: 0.00201965100132
        probability: 0.473018288612
        value: "Samba"
    culture:
        all:
            non_western: 8.76908998748e-08
            western: 0.999999940395
        probability: 0.999999940395
        value: "western"
    gender:
        all:
            female: 0.450070917606
            male: 0.549929082394
        probability: 0.549929082394
        value: "male"
    genre_dortmund:
        all:
            alternative: 0.0612336844206
            blues: 0.0527176596224
            electronic: 0.00801865197718
            folkcountry: 0.0885878503323
            funksoulrnb: 0.00334028876387
            jazz: 0.0222217384726
            pop: 0.0734798163176
            raphiphop: 0.00200722226873
            rock: 0.688393115997
        probability: 0.688393115997
        value: "rock"
    genre_electronica:
        all:
            ambient: 0.153122633696
            dnb: 0.154135525227
            house: 0.0154449520633
            techno: 0.0170407928526
            trance: 0.66025608778
        probability: 0.66025608778
        value: "trance"
    genre_rosamerica:
        all:
            cla: 0.00432895962149
            dan: 0.069383867085
            hip: 0.00945228245109
            jaz: 0.0385758280754
            pop: 0.330510050058
            rhy: 0.09133092314
            roc: 0.453265309334
            spe: 0.00315276486799
        probability: 0.453265309334
        value: "roc"
    genre_tzanetakis:
        all:
            blu: 0.00428014853969
            cla: 0.00386676029302
            cou: 0.190484046936
            dis: 0.040079459548
            hip: 0.00373071897775
            jaz: 0.176030561328
            met: 0.00612999731675
            pop: 0.337027817965
            reg: 0.0444868095219
            roc: 0.193883687258
        probability: 0.337027817965
        value: "pop"
    live_studio:
        all:
            live: 0.505461096764
            studio: 0.494538903236
        probability: 0.505461096764
        value: "live"
    mood:
        all:
            Cluster1: 0.290021598339
            Cluster2: 0.239807710052
            Cluster3: 0.162003472447
            Cluster4: 0.171983718872
            Cluster5: 0.13618350029
        probability: 0.290021598339
        value: "Cluster1"
    mood_acoustic:
        all:
            acoustic: 0.120803661644
            not_acoustic: 0.879196345806
        probability: 0.879196345806
        value: "not_acoustic"
    mood_aggressive:
        all:
            aggressive: 0.0801924541593
            not_aggressive: 0.919807553291
        probability: 0.919807553291
        value: "not_aggressive"
    mood_electronic:
        all:
            electronic: 0.130046233535
            not_electronic: 0.869953751564
        probability: 0.869953751564
        value: "not_electronic"
    mood_happy:
        all:
            happy: 0.469340801239
            not_happy: 0.530659198761
        probability: 0.530659198761
        value: "not_happy"
    mood_party:
        all:
            not_party: 0.857702851295
            party: 0.142297133803
        probability: 0.857702851295
        value: "not_party"
    mood_relaxed:
        all:
            not_relaxed: 0.259623497725
            relaxed: 0.740376472473
        probability: 0.740376472473
        value: "relaxed"
    mood_sad:
        all:
            not_sad: 0.126259222627
            sad: 0.873740792274
        probability: 0.873740792274
        value: "sad"
    rhythm:
        all:
            fast: 0.806100726128
            medium: 0.0575295425951
            slow: 0.136369720101
        probability: 0.806100726128
        value: "fast"
    speech_music:
        all:
            music: 0.999759852886
            speech: 0.000240130000748
        probability: 0.999759852886
        value: "music"
    timbre:
        all:
            bright: 0.955402851105
            dark: 0.0445971786976
        probability: 0.955402851105
        value: "bright"
    voice_instrumental:
        all:
            instrumental: 0.465521216393
            voice: 0.534478783607
        probability: 0.534478783607
        value: "voice"

lowlevel:
    average_loudness: 0.965446650982
    barkbands_kurtosis:
        dmean: 1.53779089451
        dmean2: 2.4195792675
        dvar: 6.06347465515
        dvar2: 15.1759738922
        max: 23.9907131195
        mean: 1.29557096958
        min: -1.80242168903
        var: 14.5741357803
    barkbands_skewness:
        dmean: 0.438559830189
        dmean2: 0.677585124969
        dvar: 0.209987223148
        dvar2: 0.454607337713
        max: 4.42736625671
        mean: 1.1453063488
        min: -1.35567140579
        var: 0.99806022644
    barkbands_spread:
        dmean: 6.0997209549
        dmean2: 8.85194969177
        dvar: 43.1547241211
        dvar2: 83.8980712891
        max: 81.3003692627
        mean: 30.6427536011
        min: 5.34020996094
        var: 223.094741821
    dissonance:
        dmean: 0.0183266345412
        dmean2: 0.0297468658537
        dvar: 0.000337179691996
        dvar2: 0.000727085978724
        max: 0.497225016356
        mean: 0.455065995455
        min: 0.297975957394
        var: 0.00108603667468
    hfc:
        dmean: 1.79347264767
        dmean2: 2.71272397041
        dvar: 10.6185979843
        dvar2: 25.9803886414
        max: 34.212272644
        mean: 5.33566331863
        min: 0.494888722897
        var: 21.8603382111
    pitch:
        dmean: 419.838134766
        dmean2: 800.845336914
        dvar: 1108189.5
        dvar2: 2682623.5
        max: 5512.5
        mean: 788.647155762
        min: 55.964466095
        var: 1761572
    pitch_instantaneous_confidence:
        dmean: 0.0869485512376
        dmean2: 0.130061581731
        dvar: 0.0099782012403
        dvar2: 0.017386412248
        max: 0.901774168015
        mean: 0.462622106075
        min: 0.124734044075
        var: 0.054555028677
    pitch_salience:
        dmean: 0.0627906396985
        dmean2: 0.0985573232174
        dvar: 0.00367315672338
        dvar2: 0.00800860673189
        max: 0.801440477371
        mean: 0.568056344986
        min: 0.280729502439
        var: 0.0105370935053
    silence_rate_20dB:
        dmean: 0
        dmean2: 0
        dvar: 0
        dvar2: 0
        max: 1
        mean: 1
        min: 1
        var: 0
    silence_rate_30dB:
        dmean: 0
        dmean2: 0
        dvar: 0
        dvar2: 0
        max: 1
        mean: 1
        min: 1
        var: 0
    silence_rate_60dB:
        dmean: 0.116009280086
        dmean2: 0.230232551694
        dvar: 0.102551221848
        dvar2: 0.205132737756
        max: 1
        mean: 0.363425940275
        min: 0
        var: 0.231348305941
    spectral_centroid:
        dmean: 217.843734741
        dmean2: 315.657958984
        dvar: 51349.359375
        dvar2: 99336.921875
        max: 3818.44262695
        mean: 1036.35534668
        min: 217.816314697
        var: 288196.21875
    spectral_complexity:
        dmean: 3.18648028374
        dmean2: 4.98831796646
        dvar: 24.7251377106
        dvar2: 55.7357330322
        max: 50
        mean: 9.66046524048
        min: 1
        var: 56.3916931152
    spectral_crest:
        dmean: 1.97371196747
        dmean2: 3.06010770798
        dvar: 3.2896168232
        dvar2: 6.76354122162
        max: 18.1048679352
        mean: 8.71924877167
        min: 2.97576165199
        var: 10.8337583542
    spectral_decrease:
        dmean: 3.36638217302e-10
        dmean2: 5.376296075e-10
        dvar: 2.19113630218e-19
        dvar2: 5.23693215686e-19
        max: -2.37004887937e-10
        mean: -1.16311316134e-09
        min: -4.59129489983e-09
        var: 4.9189510047e-19
    spectral_energy:
        dmean: 0.00140507123433
        dmean2: 0.00223653111607
        dvar: 4.09358335673e-06
        dvar2: 9.77434319793e-06
        max: 0.0195302143693
        mean: 0.00487381638959
        min: 0.000948621483985
        var: 9.05283650354e-06
    spectral_energyband_high:
        dmean: 0.000106354309537
        dmean2: 0.000159989169333
        dvar: 4.35010640842e-08
        dvar2: 1.10967768308e-07
        max: 0.00214014854282
        mean: 0.000216777261812
        min: 3.08459175358e-06
        var: 6.656213003e-08
    spectral_energyband_low:
        dmean: 0.000244256516453
        dmean2: 0.000420862372266
        dvar: 1.13254003509e-07
        dvar2: 3.36146399604e-07
        max: 0.00323888100684
        mean: 0.00076186680235
        min: 8.61806693138e-05
        var: 1.94800847453e-07
    spectral_energyband_middle_high:
        dmean: 0.000529768876731
        dmean2: 0.000815814302769
        dvar: 8.40259133383e-07
        dvar2: 1.94369181372e-06
        max: 0.00894850119948
        mean: 0.00142344390042
        min: 6.09459675616e-05
        var: 2.59546095549e-06
    spectral_energyband_middle_low:
        dmean: 0.000954530900344
        dmean2: 0.00148262071889
        dvar: 1.41535554121e-06
        dvar2: 3.28636724589e-06
        max: 0.0106043033302
        mean: 0.00247167050838
        min: 0.00014088122407
        var: 3.63027220374e-06
    spectral_flatness_db:
        dmean: 0.017609924078
        dmean2: 0.0251045804471
        dvar: 0.000290194584522
        dvar2: 0.00054454873316
        max: 0.251833856106
        mean: 0.156258523464
        min: 0.0674380809069
        var: 0.00135281751864
    spectral_flux:
        dmean: 0.0102840326726
        dmean2: 0.0151767851785
        dvar: 0.000137772658491
        dvar2: 0.000287210539682
        max: 0.10372775048
        mean: 0.0350286588073
        min: 0.0095069874078
        var: 0.000321022933349
    spectral_kurtosis:
        dmean: 1.0811226368
        dmean2: 1.58040654659
        dvar: 1.37139165401
        dvar2: 2.98413538933
        max: 13.7964324951
        mean: 3.58928227425
        min: -0.989781856537
        var: 6.26101493835
    spectral_rms:
        dmean: 0.000295763631584
        dmean2: 0.000458078662632
        dvar: 1.28474326289e-07
        dvar2: 2.97588968579e-07
        max: 0.00436507351696
        mean: 0.00208728760481
        min: 0.000962021003943
        var: 3.98174478278e-07
    spectral_rolloff:
        dmean: 574.469116211
        dmean2: 926.984130859
        dvar: 547013.1875
        dvar2: 1026650.0625
        max: 6007.76367188
        mean: 2173.00170898
        min: 193.798828125
        var: 1904702.125
    spectral_skewness:
        dmean: 0.189046487212
        dmean2: 0.270746648312
        dvar: 0.0380280986428
        dvar2: 0.062072865665
        max: 3.09461069107
        mean: 1.5402712822
        min: 0.254007816315
        var: 0.248948156834
    spectral_spread:
        dmean: 693887.625
        dmean2: 895204.625
        dvar: 1.02690278605e+12
        dvar2: 1.6115293225e+12
        max: 16551701
        mean: 6046824
        min: 3030356.5
        var: 4.92221077914e+12
    spectral_strongpeak:
        dmean: 0.259938746691
        dmean2: 0.429751783609
        dvar: 0.322013795376
        dvar2: 0.803502857685
        max: 5.46307611465
        mean: 0.52434438467
        min: 0.0345265306532
        var: 0.51426756382
    zerocrossingrate:
        dmean: 0.00958920642734
        dmean2: 0.00982380844653
        dvar: 8.02048161859e-05
        dvar2: 8.00144043751e-05
        max: 0.19140625
        mean: 0.0684025287628
        min: 0.01611328125
        var: 0.000915673736017
    barkbands:
        dmean: [4.95441270232e-07, 8.19928463898e-05, 0.00019137331401, 0.000228234552196, 0.000406652834499, 0.000263432884822, 0.000200027236133, 0.000225665673497, 7.87638200563e-05, 6.01555911999e-05, 1.99779424293e-05, 3.5229302739e-05, 5.61132874282e-05, 7.09354062565e-05, 9.69693210209e-05, 8.4888546553e-05, 0.000138244678965, 0.000139676951221, 8.60466243466e-05, 9.87152743619e-05, 3.85081257264e-05, 2.23737260967e-05, 6.91864852342e-06, 2.53362895819e-06, 1.79650737664e-06, 9.01885357507e-08, 2.49225484694e-09]
        dmean2: [6.39729421437e-07, 0.000140033007483, 0.000329126371071, 0.000347043242073, 0.000680348777678, 0.000463940610643, 0.000264135946054, 0.000310227624141, 0.000108402673504, 9.06552013475e-05, 3.22433988913e-05, 5.5874184909e-05, 9.0718123829e-05, 0.000110350942123, 0.000158497015946, 0.000134157307912, 0.000215316787944, 0.000209024365176, 0.000135566282552, 0.000161997682881, 6.0387137637e-05, 3.28916648868e-05, 9.63992715697e-06, 3.72101726498e-06, 2.60048977907e-06, 1.28965794488e-07, 2.76208811378e-09]
        dvar: [3.92242358385e-12, 9.19319464998e-09, 7.85162157513e-08, 1.39173053526e-07, 2.75464401511e-07, 3.00697564626e-07, 1.93413285388e-07, 2.5964999395e-07, 3.84890768146e-08, 1.91115283599e-08, 2.34870700666e-09, 4.51727277806e-09, 2.00882794843e-08, 1.93997227171e-08, 6.06159389349e-08, 2.23432188307e-08, 6.08655383871e-08, 5.16571923015e-08, 3.2638894254e-08, 4.36178559937e-08, 6.63144250623e-09, 1.54456913926e-09, 8.87951726036e-11, 2.70377574496e-11, 1.18021434639e-11, 3.3856736994e-14, 1.93312569728e-15]
        dvar2: [4.58407964365e-12, 2.74181655158e-08, 2.32765472674e-07, 3.15549442576e-07, 7.19793206372e-07, 8.62674369273e-07, 2.56280429767e-07, 4.59970237898e-07, 8.26980084412e-08, 4.16899013089e-08, 6.02312688613e-09, 8.78018191486e-09, 5.05036084064e-08, 4.09995912776e-08, 1.41493288197e-07, 5.42552953675e-08, 1.38069580657e-07, 1.17607683592e-07, 8.61368434357e-08, 1.19378114505e-07, 1.612812639e-08, 3.35691674458e-09, 1.7219332904e-10, 4.5204076593e-11, 2.11443380166e-11, 6.29257591671e-14, 1.93922242867e-15]
        max: [3.40196856996e-05, 0.000670013600029, 0.00265680672601, 0.00413933349773, 0.00584982987493, 0.00337690627202, 0.00719732604921, 0.00841113366187, 0.00258575752378, 0.003609968815, 0.000705195299815, 0.0010365418857, 0.00138114392757, 0.00152163498569, 0.00350502505898, 0.00160395307466, 0.00310701946728, 0.0022103539668, 0.00182193901855, 0.00229378324002, 0.000896546873264, 0.000432441069279, 0.000120844524645, 8.72200689628e-05, 5.48874486412e-05, 2.45672663368e-06, 9.12319364943e-07]
        mean: [6.98056339843e-07, 0.000233142622164, 0.000528084929101, 0.000381332851248, 0.000690529355779, 0.000314705772325, 0.00045939226402, 0.00046139373444, 0.000152132066432, 0.000127984880237, 2.54049718933e-05, 6.55063558952e-05, 8.31344004837e-05, 0.000107735431811, 0.000141428783536, 0.000136931514135, 0.000287272909191, 0.000233382801525, 0.000152641761815, 0.00015589222312, 6.44011452096e-05, 4.30364998465e-05, 1.6471833078e-05, 6.64313529342e-06, 4.34084131484e-06, 1.95768393496e-07, 2.54808907307e-09]
        min: [5.57679680213e-10, 7.05103138898e-06, 3.56641612598e-05, 1.88529736533e-06, 1.5169272956e-05, 7.45987381379e-06, 2.28324688578e-06, 3.13308078148e-07, 5.84985173191e-07, 7.12455005214e-07, 3.84044085422e-07, 8.79393439845e-07, 4.49638093869e-07, 9.70067731032e-07, 1.06049867554e-06, 2.51071310231e-06, 2.21404934564e-06, 6.94952223057e-06, 4.8844963203e-06, 5.22504842593e-06, 8.41491271331e-07, 3.47231576825e-07, 5.93006568295e-08, 8.04658242259e-08, 2.98612263805e-08, 6.92468138386e-10, 3.91875134366e-15]
        var: [4.80062821093e-12, 1.75098691102e-08, 1.50176205693e-07, 2.79025016425e-07, 4.07867503327e-07, 2.50566955629e-07, 9.7298163837e-07, 9.81230755315e-07, 1.13858170891e-07, 1.35039542215e-07, 2.47121323405e-09, 1.58534767536e-08, 3.59876430878e-08, 4.82644963995e-08, 9.35380271017e-08, 4.02906827901e-08, 1.89503850834e-07, 1.13540863822e-07, 6.07607333336e-08, 4.4500108487e-08, 9.32402421938e-09, 4.69915972801e-09, 4.3652220727e-10, 1.34147290498e-10, 6.83934159307e-11, 1.44085657576e-13, 1.92970262538e-15]
    mfcc:
        mean: [-717.376220703, 113.264068604, -18.5784187317, 56.5002479553, 4.66973209381, -1.45420873165, -4.92120456696, -0.899860322475, -2.00804448128, -2.19124555588, -0.628140568733, -1.64497733116, -1.32047104836]
        cov: [[2058.16650391, -475.809295654, -499.4425354, -295.258331299, -107.295875549, -31.9444255829, -188.80368042, -69.0831451416, -14.9534187317, 66.2334060669, -41.8366127014, -45.3968200684, -104.169456482], [-475.809295654, 1053.28942871, -416.579986572, -108.761734009, -19.5761375427, -209.667892456, 7.5360250473, -11.6238069534, -45.5973701477, 105.09148407, 54.6660652161, 79.6482925415, -29.2426433563], [-499.4425354, -416.579986572, 605.927978516, 133.160720825, -1.40833091736, 128.728210449, 71.8234939575, 16.1005249023, 14.8029460907, -102.975921631, 6.8092751503, -44.3561325073, 59.2044181824], [-295.258331299, -108.761734009, 133.160720825, 300.40625, 47.679271698, 21.9587287903, 1.63181185722, -18.5504970551, 6.62817144394, -74.4786911011, -47.5515899658, -34.930431366, 60.8546409607], [-107.295875549, -19.5761375427, -1.40833091736, 47.679271698, 134.409240723, -31.3714256287, -36.6582794189, 4.67411136627, -0.463746547699, 17.3846340179, -19.5006599426, 10.9081735611, 21.3840026855], [-31.9444255829, -209.667892456, 128.728210449, 21.9587287903, -31.3714256287, 194.80557251, 64.2760848999, -12.2370615005, 6.05465221405, -53.8768348694, -10.8080358505, -34.5952568054, -10.6800928116], [-188.80368042, 7.5360250473, 71.8234939575, 1.63181185722, -36.6582794189, 64.2760848999, 163.958267212, 6.22754573822, 9.89897632599, -51.6389961243, 6.3685965538, -23.1630306244, -38.5184440613], [-69.0831451416, -11.6238069534, 16.1005249023, -18.5504970551, 4.67411136627, -12.2370615005, 6.22754573822, 106.306755066, 6.4547328949, 15.5188264847, -22.94231987, 16.1448364258, 20.8104572296], [-14.9534187317, -45.5973701477, 14.8029460907, 6.62817144394, -0.463746547699, 6.05465221405, 9.89897632599, 6.4547328949, 61.2905654907, 1.74780106544, -5.63542079926, -15.7514944077, -9.62262153625], [66.2334060669, 105.09148407, -102.975921631, -74.4786911011, 17.3846340179, -53.8768348694, -51.6389961243, 15.5188264847, 1.74780106544, 102.071769714, 18.1727142334, 22.452835083, -5.05792284012], [-41.8366127014, 54.6660652161, 6.8092751503, -47.5515899658, -19.5006599426, -10.8080358505, 6.3685965538, -22.94231987, -5.63542079926, 18.1727142334, 83.890045166, 16.4491195679, -13.672703743], [-45.3968200684, 79.6482925415, -44.3561325073, -34.930431366, 10.9081735611, -34.5952568054, -23.1630306244, 16.1448364258, -15.7514944077, 22.452835083, 16.4491195679, 70.8031921387, 20.1494293213], [-104.169456482, -29.2426433563, 59.2044181824, 60.8546409607, 21.3840026855, -10.6800928116, -38.5184440613, 20.8104572296, -9.62262153625, -5.05792284012, -13.672703743, 20.1494293213, 80.5846633911]]
        icov: [[0.00308813434094, 0.00339470314793, 0.00381539645605, 0.00265611382201, 0.00284289871342, 0.00192233547568, 0.00197758106515, 0.00186813028995, 0.0021612199489, 0.000738055212423, 0.00135143357329, 0.00243035913445, 0.000304103508824], [0.00339470314793, 0.00558659760281, 0.00519306631759, 0.00265426305123, 0.00359869678505, 0.00360354827717, 0.000558047497179, 0.00250246073119, 0.00331821409054, -0.000246794108534, 0.000943727907725, 0.00192786054686, -0.000202225666726], [0.00381539645605, 0.00519306631759, 0.00802158657461, 0.00287687615491, 0.00323864608072, 0.00195527682081, 0.00108839513268, 0.00156414241064, 0.00261837430298, 0.00218137446791, -0.00068448955426, 0.00425590155646, -0.0024640141055], [0.00265611382201, 0.00265426305123, 0.00287687615491, 0.00853209104389, 0.000501095841173, 0.00212004361674, 0.00152675388381, 0.00328295328654, 0.000912773015443, 0.00414573727176, 0.0028235882055, 0.00495738303289, -0.00452136294916], [0.00284289871342, 0.00359869678505, 0.00323864608072, 0.000501095841173, 0.0120282322168, 0.00303630135022, 0.00229662237689, 0.00231458852068, 0.00221760384738, -0.00219987914898, 0.00344152213074, 0.000121360797493, 0.000613953685388], [0.00192233547568, 0.00360354827717, 0.00195527682081, 0.00212004361674, 0.00303630135022, 0.00972844380885, -0.0016380288871, 0.0025826189667, 0.00223258160986, 0.00105520477518, 0.00187211635057, 0.00238214503042, -0.000156339083333], [0.00197758106515, 0.000558047497179, 0.00108839513268, 0.00152675388381, 0.00229662237689, -0.0016380288871, 0.0127158407122, -0.00209078099579, 0.000137724477099, 0.00579229090363, -0.000414234877098, 0.00202626711689, 0.00640077283606], [0.00186813028995, 0.00250246073119, 0.00156414241064, 0.00328295328654, 0.00231458852068, 0.0025826189667, -0.00209078099579, 0.0143795022741, -0.000173090651515, -0.00309180119075, 0.00626930315048, -0.00142760726158, -0.00408410839736], [0.0021612199489, 0.00331821409054, 0.00261837430298, 0.000912773015443, 0.00221760384738, 0.00223258160986, 0.000137724477099, -0.000173090651515, 0.0201553497463, -0.00209723855369, 0.0012579363538, 0.00471941987053, 0.00251134671271], [0.000738055212423, -0.000246794108534, 0.00218137446791, 0.00414573727176, -0.00219987914898, 0.00105520477518, 0.00579229090363, -0.00309180119075, -0.00209723855369, 0.0194448735565, -0.00359145598486, 0.00171821890399, 0.000352908158675], [0.00135143357329, 0.000943727907725, -0.00068448955426, 0.0028235882055, 0.00344152213074, 0.00187211635057, -0.000414234877098, 0.00626930315048, 0.0012579363538, -0.00359145598486, 0.0183551069349, -0.00381810939871, 0.00197166157886], [0.00243035913445, 0.00192786054686, 0.00425590155646, 0.00495738303289, 0.000121360797493, 0.00238214503042, 0.00202626711689, -0.00142760726158, 0.00471941987053, 0.00171821890399, -0.00381810939871, 0.024272121489, -0.00745387887582], [0.000304103508824, -0.000202225666726, -0.0024640141055, -0.00452136294916, 0.000613953685388, -0.000156339083333, 0.00640077283606, -0.00408410839736, 0.00251134671271, 0.000352908158675, 0.00197166157886, -0.00745387887582, 0.0244045518339]]
    spectral_contrast:
        mean: [-6.32692902514e-08, -1.30623405425e-07, 4.33398554378e-07, -1.6730885477e-07, -1.29479829525e-07, 2.71647309091e-07, -4.09567064708e-06, -2.34142294175e-06, 2.1538069177e-06, 6.80740470216e-07, -3.69333952221e-06, 5.23481276105e-07]
        var: [0.000472904503113, 0.000724486599211, 0.0013865667861, 0.00184528925456, 0.00291666272096, 0.0125287165865, 0.0463120266795, 0.0730731934309, 0.113064281642, 0.132122203708, 0.459262430668, 1.32886791229]

rhythm:
    beats_loudness:
        dmean: 0.00227363430895
        dmean2: 0.00358077674173
        dvar: 3.66528524864e-06
        dvar2: 6.49136836728e-06
        max: 0.0184825733304
        mean: 0.00715132011101
        min: 0.00399640994146
        var: 9.42979750107e-06
    beats_loudness_bass:
        dmean: 0.103892512619
        dmean2: 0.202556475997
        dvar: 0.00585144897923
        dvar2: 0.0187174845487
        max: 0.337976723909
        mean: 0.160034030676
        min: 0.049765650183
        var: 0.00633286731318
    bpm: 140.598571777
    bpm_confidence: 0
    first_peak_bpm: 141
    first_peak_spread: 0
    first_peak_weight: 0.95454543829
    onset_rate: 3.88793945312
    second_peak_bpm: 132
    second_peak_spread: 0
    second_peak_weight: 0.0454545468092
    beats_position: [0.271536976099, 0.697326123714, 1.12311518192, 1.54890441895, 1.97469353676, 2.40048241615, 2.82627153397, 3.25206065178, 3.67784953117, 4.10363864899, 4.52942752838, 4.95521688461, 5.38100576401, 5.8067946434, 6.26239585876, 6.69010877609, 7.11782217026, 7.54553556442, 7.97324895859, 8.40096187592, 8.82867527008, 9.25638866425, 9.68410205841]
    bpm_estimates: [140.670959473, 141.039474487, 141.157424927, 141.093688965, 140.918212891, 140.975265503, 141.043670654, 140.732192993, 140.60484314, 140.448974609, 140.454452515, 140.487350464, 139.687423706, 139.492507935, 140.776550293, 140.351272583, 140.601028442, 140.238769531]
    bpm_intervals: [0.425789147615, 0.425789058208, 0.425789237022, 0.425789117813, 0.425788879395, 0.425789117813, 0.425789117813, 0.425788879395, 0.425789117813, 0.425788879395, 0.425789356232, 0.425788879395, 0.425788879395, 0.455601215363, 0.427712917328, 0.427713394165, 0.427713394165, 0.427713394165, 0.427712917328, 0.427713394165, 0.427713394165, 0.427713394165]
    onset_times: [0.0580498874187, 0.243809521198, 0.673378705978, 1.42802715302, 1.54412698746, 1.97369611263, 2.31038546562, 2.40326523781, 3.13469386101, 3.26240372658, 3.61070299149, 3.69197273254, 4.1099319458, 4.37696123123, 4.56272125244, 4.72526073456, 4.96907043457, 5.25931978226, 5.3754196167, 5.59600925446, 5.81659841537, 6.03718805313, 6.24616765976, 6.45514726639, 6.67573690414, 7.10530614853, 7.36072540283, 7.52326536179, 7.97605419159, 8.2198638916, 8.27791404724, 8.32435417175, 8.75392246246, 8.83519268036, 9.13705253601, 9.25315189362, 9.50857162476, 9.69433116913, 9.91492080688]
    rubato_start: []
    rubato_stop: []
    perceptual_tempo: "unknown"

sfx:
    inharmonicity:
        dmean: 0.0229741651565
        dmean2: 0.0404200591147
        dvar: 0.000896622950677
        dvar2: 0.00247193803079
        max: 0.205526202917
        mean: 0.0262000020593
        min: 0.000518407556228
        var: 0.000982104451396
    oddtoevenharmonicenergyratio:
        dmean: 2.65600633621
        dmean2: 4.81429862976
        dvar: 239.430053711
        dvar2: 696.38067627
        max: 220.508880615
        mean: 2.13926172256
        min: 0.000254887359915
        var: 141.889511108
    pitch_after_max_to_before_max_energy_ratio: 1.73847067356
    pitch_centroid: 216.320892334
    pitch_max_to_total: 0.337209314108
    pitch_min_to_total: 0.602325558662
    tristimulus:
        dmean: [0.188205987215, 0.189918249846, 0.0885046198964]
        dmean2: [0.322392076254, 0.326850146055, 0.154625087976]
        dvar: [0.0305913295597, 0.0346175096929, 0.00960177462548]
        dvar2: [0.0843933820724, 0.0966269746423, 0.0251749325544]
        max: [0.95540368557, 0.935128509998, 0.674094855785]
        mean: [0.449423372746, 0.405120611191, 0.103091299534]
        min: [0.0138239515945, 0, 0]
        var: [0.0593905262649, 0.0566047877073, 0.0123335709795]

tonal:
    chords_changes_rate: 0.0555555559695
    chords_number_rate: 0.0277777779847
    chords_strength:
        dmean: 0.00907852780074
        dmean2: 0.0100814001635
        dvar: 5.66263115616e-05
        dvar2: 7.34801215003e-05
        max: 0.647978544235
        mean: 0.514669001102
        min: 0.406676769257
        var: 0.00357851176523
    key_strength: 0.797908067703
    tuning_diatonic_strength: 0.64588701725
    tuning_equal_tempered_deviation: 0.0952256396413
    tuning_frequency: 439.238189697
    tuning_nontempered_energy_ratio: 0.718333959579
    hpcp:
        dmean: [0.146507024765, 0.159456849098, 0.114637635648, 0.069700114429, 0.0762610509992, 0.0803052410483, 0.0858685746789, 0.08735127002, 0.0748142153025, 0.0666727721691, 0.0485763177276, 0.0512049160898, 0.0588943511248, 0.072144664824, 0.138751044869, 0.183973193169, 0.187212750316, 0.130214348435, 0.0620642639697, 0.0538019053638, 0.0793790891767, 0.109280332923, 0.115924865007, 0.10575941205, 0.0922891050577, 0.0871388092637, 0.10404304415, 0.109662547708, 0.125625401735, 0.176964014769, 0.21358461678, 0.161104828119, 0.0853885188699, 0.0829202011228, 0.0979063808918, 0.15247091651]
        dmean2: [0.242032825947, 0.271031677723, 0.206439167261, 0.120919592679, 0.136101454496, 0.133614823222, 0.133182913065, 0.139374673367, 0.125810682774, 0.120662882924, 0.079503595829, 0.0856203213334, 0.0953322649002, 0.116758055985, 0.226018160582, 0.306365758181, 0.302707672119, 0.222266241908, 0.111424274743, 0.093931555748, 0.131675601006, 0.17871928215, 0.185713365674, 0.180095523596, 0.157501503825, 0.144038662314, 0.180414527655, 0.200981855392, 0.221712291241, 0.291471600533, 0.372812718153, 0.273092478514, 0.154342636466, 0.150312334299, 0.174482494593, 0.243511840701]
        dvar: [0.0506910644472, 0.0404569841921, 0.0437604412436, 0.0203476771712, 0.0261440649629, 0.024998024106, 0.0253209490329, 0.0252166539431, 0.0209522452205, 0.0264521427453, 0.0122833000496, 0.0116879651323, 0.0150044076145, 0.0206572879106, 0.0335608646274, 0.0509704425931, 0.0454397648573, 0.0362695045769, 0.0195392053574, 0.00767841842026, 0.0113014131784, 0.0255587436259, 0.0216789320111, 0.0300916936249, 0.0311368312687, 0.0205642897636, 0.0333338491619, 0.0386949442327, 0.0358062982559, 0.03553096205, 0.0633119866252, 0.0348456725478, 0.0225860830396, 0.0376497209072, 0.0299695525318, 0.0390953272581]
        dvar2: [0.102184347808, 0.111623585224, 0.125378444791, 0.0539972037077, 0.0704371482134, 0.0659058243036, 0.0501056313515, 0.0492254532874, 0.0516606494784, 0.0720569416881, 0.0338044986129, 0.0325063243508, 0.0387934595346, 0.0541338510811, 0.0813319757581, 0.116600312293, 0.104523256421, 0.0923349931836, 0.0549812838435, 0.0218331925571, 0.0265924017876, 0.0655841752887, 0.0509144291282, 0.0791114792228, 0.0837875828147, 0.0460142455995, 0.0949096381664, 0.108868546784, 0.100720331073, 0.094024464488, 0.156538084149, 0.0948086157441, 0.0625085383654, 0.10699173063, 0.0788715407252, 0.100979708135]
        max: [1, 1, 1, 1, 0.863102376461, 1, 1, 1, 1, 1, 0.839385211468, 1, 1, 1, 1, 1, 1, 1, 1, 0.675570189953, 0.831718921661, 1, 1, 1, 1, 1, 1, 1, 1, 1, 1, 1, 1, 1, 1, 1]
        mean: [0.375543653965, 0.239085644484, 0.0951134264469, 0.0597327984869, 0.0615398734808, 0.0999362841249, 0.155277535319, 0.12961819768, 0.0776309072971, 0.0626351833344, 0.0473621226847, 0.0574356168509, 0.0718468949199, 0.0758977234364, 0.184499278665, 0.368293374777, 0.315690994263, 0.128688305616, 0.0571635961533, 0.049598172307, 0.105313807726, 0.173520028591, 0.150884851813, 0.0957928076386, 0.0793109536171, 0.0812097415328, 0.10165156424, 0.106438621879, 0.114714369178, 0.25028270483, 0.373221755028, 0.231645226479, 0.072953350842, 0.0640088543296, 0.088922701776, 0.25482237339]
        min: [0.00259857601486, 0.000705740007106, 0.00075703690527, 0.000517792766914, 0.000672071182635, 0.00116275355686, 0.00240670586936, 0.00187154917512, 0.000708370935172, 0.00036580170854, 0.000228221048019, 0.000639634090476, 0.000962737889495, 0.00137404422276, 0.00284005212598, 0.0013074495364, 0.00136752834078, 0.000701818440575, 0.000692124129273, 0.000653573777527, 0.000722898286767, 0.00226296694018, 0.00156289641745, 0.00165457860567, 0.000537425163202, 0.000664330320433, 0.00173141877167, 0.0017300642794, 0.00145924987737, 0.00325220520608, 0.000500370224472, 0.000731172389351, 0.00103317911271, 0.000320036080666, 0.000418029725552, 0.00133003550582]
        var: [0.16453319788, 0.071389913559, 0.0330797284842, 0.0156350918114, 0.0199999921024, 0.0320300422609, 0.0645613819361, 0.0407520234585, 0.0196319725364, 0.0180446393788, 0.00886056851596, 0.0098708095029, 0.0160700231791, 0.0176185201854, 0.0541464872658, 0.128201171756, 0.0973581820726, 0.0355179458857, 0.0128006031737, 0.00592304393649, 0.0189598053694, 0.0541152060032, 0.0391183793545, 0.0292893890291, 0.0239107720554, 0.02218497172, 0.0308990236372, 0.0333797745407, 0.030617620796, 0.0537089295685, 0.120062977076, 0.0542389303446, 0.0156265627593, 0.0234491676092, 0.0276300404221, 0.0922631844878]
    chords_histogram: [57.4074058533, 0, 21.7592601776, 6.01851844788, 1.85185182095, 0, 0, 0, 0, 0, 0, 0, 0, 0, 0, 0, 0, 8.33333301544, 0, 4.62962961197, 0, 0, 0, 0]
    thpcp: [1, 0.636638760567, 0.253268629313, 0.159056872129, 0.163868755102, 0.266110956669, 0.41347399354, 0.345148146152, 0.206716060638, 0.166785359383, 0.126116156578, 0.152939915657, 0.19131436944, 0.202100932598, 0.491285830736, 0.980693936348, 0.8406239748, 0.342672020197, 0.152215585113, 0.132070317864, 0.28043025732, 0.462050229311, 0.401777118444, 0.255077689886, 0.211189702153, 0.216245815158, 0.270678430796, 0.283425420523, 0.305462151766, 0.66645437479, 0.993817210197, 0.616826355457, 0.194260641932, 0.170443177223, 0.236783921719, 0.678542613983]
    chords_key: "G"
    chords_scale: "major"
    key_key: "G"
    key_scale: "major"
    chords_progression: ["D", "D", "D", "D", "D", "D", "D", "D", "D", "D", "D", "G", "G", "G", "G", "G", "G", "G", "G", "G", "G", "G", "G", "G", "G", "G", "G", "G", "G", "G", "G", "G", "G", "G", "G", "G", "G", "G", "G", "G", "G", "G", "G", "G", "G", "G", "G", "G", "G", "G", "G", "G", "G", "G", "G", "G", "G", "G", "G", "G", "G", "G", "G", "G", "G", "G", "G", "G", "G", "G", "G", "G", "G", "G", "G", "G", "G", "G", "G", "G", "G", "G", "G", "G", "G", "G", "G", "G", "G", "G", "G", "G", "G", "D", "D", "D", "D", "D", "D", "D", "D", "G", "G", "G", "G", "G", "D", "D", "D", "D", "D", "D", "D", "D", "D", "D", "D", "D", "D", "D", "D", "D", "D", "D", "D", "D", "D", "D", "D", "D", "D", "D", "F#m", "A", "F#m", "F#m", "F#m", "F#m", "F#m", "F#m", "F#m", "F#m", "F#m", "F#m", "F#m", "F#m", "A", "A", "A", "D", "D", "Dm", "Dm", "Dm", "Dm", "Dm", "Dm", "Dm", "Dm", "Dm", "Dm", "G", "G", "G", "G", "G", "G", "G", "G", "G", "G", "G", "G", "G", "G", "G", "G", "G", "G", "G", "G", "G", "G", "G", "G", "G", "G", "G", "G", "G", "G", "G", "G", "G", "G", "G", "G", "G", "Gm", "Gm", "Gm", "Gm", "Gm", "Gm", "Gm", "Gm", "Gm", "Gm", "Gm", "Gm", "Gm", "Gm", "Gm", "Gm", "Gm", "Gm"]
