
metadata:
    version:
        essentia: "1.2.2"
    audio_properties:
        analysis_sample_rate: 44100
        bitrate: 128
        channels: 2
        equal_loudness: 1
        length: 10.0832653046
        replay_gain: -4.13138771057
        downmix: "mix"
    tags:
        track: 38
        year: 0
        album: "Splitted by Mp3Splt v. 2.1"
        artist: "From 006.10 To 006.20"
        comment: "http://mp3splt.sf.net"
        genre: ""
        title: "03 Phantom.mp3"

highlevel:
    ballroom:
        all:
            ChaChaCha: 0.210068315268
            Jive: 0.0909088104963
            Quickstep: 0.0227412432432
            Rumba-American: 0.00597102660686
            Rumba-International: 0.0609772093594
            Rumba-Misc: 0.00628278683871
            Samba: 0.546901583672
            Tango: 0.0273938123137
            VienneseWaltz: 0.0137914922088
            Waltz: 0.0149636892602
        probability: 0.546901583672
        value: "Samba"
    culture:
        all:
            non_western: 0.773486852646
            western: 0.226513147354
        probability: 0.773486852646
        value: "non_western"
    gender:
        all:
            female: 0.754442632198
            male: 0.245557367802
        probability: 0.754442632198
        value: "female"
    genre_dortmund:
        all:
            alternative: 0.0685295164585
            blues: 0.145252794027
            electronic: 0.287331074476
            folkcountry: 0.0849635452032
            funksoulrnb: 0.0073777823709
            jazz: 0.175186693668
            pop: 0.0385695099831
            raphiphop: 0.0173410046846
            rock: 0.175448089838
        probability: 0.287331074476
        value: "electronic"
    genre_electronica:
        all:
            ambient: 0.168477892876
            dnb: 0.0190823208541
            house: 0.632409274578
            techno: 0.155041992664
            trance: 0.0249885320663
        probability: 0.632409274578
        value: "house"
    genre_rosamerica:
        all:
            cla: 0.0544252842665
            dan: 0.396398812532
            hip: 0.0257432237267
            jaz: 0.0633748993278
            pop: 0.049422968179
            rhy: 0.132825866342
            roc: 0.266804367304
            spe: 0.0110045578331
        probability: 0.396398812532
        value: "dan"
    genre_tzanetakis:
        all:
            blu: 0.0546039119363
            cla: 0.0209558214992
            cou: 0.0460978858173
            dis: 0.099128164351
            hip: 0.0866631045938
            jaz: 0.0501516237855
            met: 0.0876940265298
            pop: 0.0715352296829
            reg: 0.362786829472
            roc: 0.120383396745
        probability: 0.362786829472
        value: "reg"
    live_studio:
        all:
            live: 0.0347925275564
            studio: 0.965207457542
        probability: 0.965207457542
        value: "studio"
    mood:
        all:
            Cluster1: 0.488287359476
            Cluster2: 0.109020881355
            Cluster3: 0.055519040674
            Cluster4: 0.0564890839159
            Cluster5: 0.290683627129
        probability: 0.488287359476
        value: "Cluster1"
    mood_acoustic:
        all:
            acoustic: 0.184210479259
            not_acoustic: 0.815789520741
        probability: 0.815789520741
        value: "not_acoustic"
    mood_aggressive:
        all:
            aggressive: 0.080763168633
            not_aggressive: 0.919236838818
        probability: 0.919236838818
        value: "not_aggressive"
    mood_electronic:
        all:
            electronic: 0.778315722942
            not_electronic: 0.221684291959
        probability: 0.778315722942
        value: "electronic"
    mood_happy:
        all:
            happy: 0.203593894839
            not_happy: 0.79640609026
        probability: 0.79640609026
        value: "not_happy"
    mood_party:
        all:
            not_party: 0.574037611485
            party: 0.425962388515
        probability: 0.574037611485
        value: "not_party"
    mood_relaxed:
        all:
            not_relaxed: 0.537951767445
            relaxed: 0.462048262358
        probability: 0.537951767445
        value: "not_relaxed"
    mood_sad:
        all:
            not_sad: 0.410417020321
            sad: 0.589582979679
        probability: 0.589582979679
        value: "sad"
    rhythm:
        all:
            fast: 0.961604893208
            medium: 0.0155552765355
            slow: 0.0228398218751
        probability: 0.961604893208
        value: "fast"
    speech_music:
        all:
            music: 0.997124254704
            speech: 0.00287574785762
        probability: 0.997124254704
        value: "music"
    timbre:
        all:
            bright: 0.946833610535
            dark: 0.05316638574
        probability: 0.946833610535
        value: "bright"
    voice_instrumental:
        all:
            instrumental: 0.98866713047
            voice: 0.011332847178
        probability: 0.98866713047
        value: "instrumental"

lowlevel:
    average_loudness: 0.953469514847
    barkbands_kurtosis:
        dmean: 3.36688113213
        dmean2: 5.70479059219
        dvar: 19.2062015533
        dvar2: 51.9336433411
        max: 30.0263061523
        mean: 2.06649255753
        min: -1.89966988564
        var: 22.009469986
    barkbands_skewness:
        dmean: 1.00458991528
        dmean2: 1.6487839222
        dvar: 0.956985354424
        dvar2: 2.70971536636
        max: 5.40204906464
        mean: 0.670605778694
        min: -5.08482170105
        var: 3.03855323792
    barkbands_spread:
        dmean: 9.57282447815
        dmean2: 15.5063123703
        dvar: 69.5090332031
        dvar2: 165.846084595
        max: 60.7760467529
        mean: 28.610578537
        min: 4.55532884598
        var: 146.938278198
    dissonance:
        dmean: 0.00917374249548
        dmean2: 0.0152021534741
        dvar: 0.000153736109496
        dvar2: 0.000268105999567
        max: 0.496600866318
        mean: 0.477387279272
        min: 0.254458069801
        var: 0.000281087995972
    hfc:
        dmean: 2.6504175663
        dmean2: 4.50012207031
        dvar: 15.3722753525
        dvar2: 42.2588233948
        max: 27.2630519867
        mean: 4.32003164291
        min: 0.000153336615767
        var: 25.7472724915
    pitch:
        dmean: 1081.88842773
        dmean2: 2080.58056641
        dvar: 1800685
        dvar2: 4208094
        max: 4009.09082031
        mean: 1513.3190918
        min: 72.1767578125
        var: 2109620.75
    pitch_instantaneous_confidence:
        dmean: 0.110139615834
        dmean2: 0.181500434875
        dvar: 0.00842709373683
        dvar2: 0.0202749110758
        max: 0.856226146221
        mean: 0.519716441631
        min: 0.16873896122
        var: 0.0252225715667
    pitch_salience:
        dmean: 0.101901479065
        dmean2: 0.17328505218
        dvar: 0.00983920507133
        dvar2: 0.0299381818622
        max: 0.896138429642
        mean: 0.576365053654
        min: 0.220595002174
        var: 0.0114149143919
    silence_rate_20dB:
        dmean: 0
        dmean2: 0
        dvar: 0
        dvar2: 0
        max: 1
        mean: 1
        min: 1
        var: 0
    silence_rate_30dB:
        dmean: 0
        dmean2: 0
        dvar: 0
        dvar2: 0
        max: 1
        mean: 1
        min: 1
        var: 0
    silence_rate_60dB:
        dmean: 0.156321838498
        dmean2: 0.313364058733
        dvar: 0.131885558367
        dvar2: 0.24742539227
        max: 1
        mean: 0.699541270733
        min: 0
        var: 0.210183933377
    spectral_centroid:
        dmean: 410.838531494
        dmean2: 670.129211426
        dvar: 158250.578125
        dvar2: 386272.40625
        max: 3182.05151367
        mean: 1310.31311035
        min: 186.11126709
        var: 688769.8125
    spectral_complexity:
        dmean: 2.67741942406
        dmean2: 4.58660507202
        dvar: 10.8544569016
        dvar2: 27.6420059204
        max: 28
        mean: 6.52643680573
        min: 0
        var: 25.1136283875
    spectral_crest:
        dmean: 3.31975841522
        dmean2: 5.55059909821
        dvar: 7.56211185455
        dvar2: 18.8700141907
        max: 22.2694225311
        mean: 11.1809577942
        min: 4.32643985748
        var: 15.7856292725
    spectral_decrease:
        dmean: 4.51385928635e-10
        dmean2: 7.18675730038e-10
        dvar: 5.52259587948e-19
        dvar2: 1.21338317554e-18
        max: -6.2132665278e-14
        mean: -7.09272862665e-10
        min: -4.40616876318e-09
        var: 6.02153571533e-19
    spectral_energy:
        dmean: 0.00186499312986
        dmean2: 0.00297988625243
        dvar: 8.79122308106e-06
        dvar2: 1.88159829122e-05
        max: 0.0175918061286
        mean: 0.00306879798882
        min: 2.48411140547e-07
        var: 1.03635411506e-05
    spectral_energyband_high:
        dmean: 6.06964567851e-05
        dmean2: 0.000101058169093
        dvar: 6.46657127845e-09
        dvar2: 1.73875740472e-08
        max: 0.000628642505035
        mean: 7.5188203482e-05
        min: 7.08722724951e-09
        var: 1.05875734846e-08
    spectral_energyband_low:
        dmean: 0.000993578694761
        dmean2: 0.00179633323569
        dvar: 6.07930269325e-06
        dvar2: 1.69397408172e-05
        max: 0.013485130854
        mean: 0.000707570870873
        min: 6.69066935188e-08
        var: 3.87014233638e-06
    spectral_energyband_middle_high:
        dmean: 0.000881035462953
        dmean2: 0.0015555282589
        dvar: 2.24272321248e-06
        dvar2: 6.36307186141e-06
        max: 0.010316693224
        mean: 0.00130340503529
        min: 2.6664423558e-08
        var: 2.84182829091e-06
    spectral_energyband_middle_low:
        dmean: 0.000670875189826
        dmean2: 0.00114852993283
        dvar: 1.34337039981e-06
        dvar2: 3.65567279914e-06
        max: 0.0115694208071
        mean: 0.000982634956017
        min: 1.44104319588e-07
        var: 1.05655931293e-06
    spectral_flatness_db:
        dmean: 0.0350568927824
        dmean2: 0.0545459389687
        dvar: 0.000734918285161
        dvar2: 0.00187597726472
        max: 0.314749330282
        mean: 0.219316065311
        min: 0.12646022439
        var: 0.00156663311645
    spectral_flux:
        dmean: 0.0156785007566
        dmean2: 0.0225511100143
        dvar: 0.000328156398609
        dvar2: 0.000470290484373
        max: 0.122230887413
        mean: 0.0352986603975
        min: 0.00451230909675
        var: 0.000655188865494
    spectral_kurtosis:
        dmean: 2.46445822716
        dmean2: 4.07392263412
        dvar: 6.3799071312
        dvar2: 16.6599254608
        max: 34.9746055603
        mean: 7.19177675247
        min: 1.65622806549
        var: 8.88760852814
    spectral_rms:
        dmean: 0.000464184035081
        dmean2: 0.000709803367499
        dvar: 3.49047326154e-07
        dvar2: 6.73724116496e-07
        max: 0.0041427933611
        mean: 0.00156175298616
        min: 1.55676698341e-05
        var: 5.54878283765e-07
    spectral_rolloff:
        dmean: 809.429992676
        dmean2: 1410.6484375
        dvar: 943807.6875
        dvar2: 2315791
        max: 4242.04101562
        mean: 2246.92529297
        min: 129.19921875
        var: 1743053.375
    spectral_skewness:
        dmean: 0.317311614752
        dmean2: 0.493730187416
        dvar: 0.0912520587444
        dvar2: 0.201457366347
        max: 4.3583521843
        mean: 1.72950422764
        min: 0.0856828838587
        var: 0.23187918961
    spectral_spread:
        dmean: 832729
        dmean2: 1128178.75
        dvar: 545668825088
        dvar2: 1.06602699162e+12
        max: 13214559
        mean: 4121379.25
        min: 1705222.625
        var: 2.5582698496e+12
    spectral_strongpeak:
        dmean: 0.538398623466
        dmean2: 0.92765969038
        dvar: 0.926326692104
        dvar2: 2.32420921326
        max: 8.7648897171
        mean: 0.867391765118
        min: 0.000233944534557
        var: 2.04992341995
    zerocrossingrate:
        dmean: 0.010391164571
        dmean2: 0.0126885464415
        dvar: 8.52778830449e-05
        dvar2: 0.000123454548884
        max: 0.14697265625
        mean: 0.0729503408074
        min: 0.0048828125
        var: 0.00127962045372
    barkbands:
        dmean: [7.27444202653e-08, 0.000281279528281, 0.000750909617636, 0.00029899677611, 0.000318637263263, 8.20728091639e-05, 9.85502047115e-05, 8.6250829554e-06, 6.87528881826e-06, 5.51202583665e-06, 3.66412496078e-06, 9.33838236961e-06, 1.33246903715e-05, 2.6852289011e-05, 4.79565678688e-05, 0.000119240670756, 0.000361196260201, 0.000201977600227, 0.000204918978852, 7.58380410844e-05, 3.0166360375e-05, 2.38704137701e-06, 7.02148099663e-07, 3.21141669701e-07, 3.69547592527e-07, 5.02046937356e-08, 1.52978116286e-10]
        dmean2: [1.2267688021e-07, 0.000516873435117, 0.0013657247182, 0.000525654410012, 0.000569057941902, 0.000150868901983, 0.000171854524524, 1.44321693369e-05, 1.18990556075e-05, 9.45681040321e-06, 6.2393423832e-06, 1.51489539348e-05, 2.22158760153e-05, 4.35431029473e-05, 8.16512474557e-05, 0.000224047063966, 0.000683744961862, 0.000343940337189, 0.000333302217769, 0.00011930528126, 5.20347894053e-05, 3.90639024772e-06, 1.14963324904e-06, 4.95998904171e-07, 5.62999503018e-07, 7.54054312324e-08, 2.72443734239e-10]
        dvar: [3.55791649398e-14, 6.42147767849e-07, 3.18917432196e-06, 2.51488330605e-07, 2.91660938956e-07, 8.2396219625e-08, 9.3388827338e-08, 2.98082197814e-10, 1.19261489573e-10, 9.12573558387e-11, 2.50635033561e-11, 2.27751512094e-10, 5.46152234548e-10, 1.21883425575e-09, 3.7336187475e-09, 1.09551002936e-07, 8.1470909663e-07, 8.71034373517e-08, 1.25330174683e-07, 1.13949658598e-08, 1.96900384886e-09, 5.56783265326e-11, 3.15082725535e-12, 2.96902612088e-13, 3.47483245519e-13, 6.21821836711e-15, 5.43014539208e-20]
        dvar2: [9.67450742456e-14, 1.80781285053e-06, 9.03843647393e-06, 6.94797279266e-07, 7.68479424096e-07, 2.43908090169e-07, 2.62180662958e-07, 7.34576066641e-10, 3.26781601778e-10, 2.47911441376e-10, 6.47891254535e-11, 5.46126976975e-10, 1.51944246074e-09, 3.16695580871e-09, 9.17010112289e-09, 3.15240868076e-07, 2.38377288042e-06, 2.25852701874e-07, 3.63920889868e-07, 2.63776964715e-08, 5.16872766809e-09, 1.44943168578e-10, 8.36988811592e-12, 7.45195192445e-13, 8.68370913371e-13, 1.5516315446e-14, 1.65027986426e-19]
        max: [1.1845586414e-06, 0.00478519871831, 0.00898510869592, 0.00301939621568, 0.00425182469189, 0.0039462223649, 0.00327661936171, 0.00016565072292, 7.17166549293e-05, 0.000112840316433, 3.97270632675e-05, 0.000141429365613, 0.000297371763736, 0.000309780938551, 0.00040140200872, 0.00218452955596, 0.00558478478342, 0.00307353306562, 0.00348991644569, 0.00171058462001, 0.000241089161136, 9.69226384768e-05, 2.05374126381e-05, 5.5170989981e-06, 5.30573879587e-06, 7.8178777585e-07, 2.06389039192e-09]
        mean: [5.53142669446e-08, 0.000180849805474, 0.000526668445673, 0.000251136574661, 0.000532281701453, 0.000112659450679, 7.1267313615e-05, 8.58788280311e-06, 6.19176307737e-06, 5.20228195455e-06, 4.57540909338e-06, 1.10956707431e-05, 1.62128835655e-05, 3.81167919841e-05, 6.17805344518e-05, 9.04087355593e-05, 0.000287873583147, 0.000384901562938, 0.0003164994705, 0.000129329229821, 2.90736807074e-05, 2.59687317339e-06, 6.58241731344e-07, 3.30855243647e-07, 3.91154287627e-07, 5.58431310083e-08, 1.49479664757e-10]
        min: [6.13029210728e-11, 2.65436970182e-08, 3.61714960206e-08, 4.39730314383e-08, 8.50274304298e-08, 7.46277439845e-09, 8.43609071488e-10, 1.76654602058e-09, 1.22123355872e-09, 7.97409249742e-10, 3.59777097003e-10, 2.41496267428e-10, 6.58417986799e-10, 8.49010362014e-10, 2.77773443136e-10, 8.64417981639e-10, 5.83501691409e-09, 1.50490397921e-09, 5.18271336958e-09, 1.42740708142e-08, 2.81684475745e-09, 1.14564226161e-10, 4.97295121749e-11, 4.14784109837e-11, 7.19142037586e-11, 4.12659281745e-11, 1.23852371501e-13]
        var: [2.68541970345e-14, 3.8811936065e-07, 1.97540452973e-06, 1.85509364314e-07, 2.78132745279e-07, 4.58899300781e-08, 5.95456519648e-08, 3.06481118262e-10, 9.73967642648e-11, 7.19129061855e-11, 3.84358170291e-11, 3.21918158797e-10, 7.04737324053e-10, 2.30822760905e-09, 4.82662132484e-09, 6.2079763552e-08, 4.77064475035e-07, 3.07116692966e-07, 3.11347463366e-07, 4.55540209998e-08, 1.89771642845e-09, 4.72275378527e-11, 2.38262274493e-12, 2.92319418454e-13, 3.60247367961e-13, 6.71163919932e-15, 4.70085869697e-20]
    mfcc:
        mean: [-805.687438965, 127.878746033, -61.9444961548, 90.5147628784, 28.0384941101, -6.14520454407, 7.02001714706, -17.9458503723, -15.0931110382, -13.2309341431, -9.4344625473, -8.79560756683, -10.661403656]
        cov: [[4104.36425781, -711.896362305, -191.286941528, -304.355621338, -379.717163086, -180.216461182, -50.0706863403, 103.116386414, 105.159286499, 109.814910889, 119.514427185, 133.703262329, 30.5531673431], [-711.896362305, 635.670532227, -171.334594727, 163.500030518, 66.7406768799, 3.77710795403, 49.6468544006, 16.7735042572, 19.2405948639, -10.0479698181, 6.21202325821, -20.2932796478, -11.8834590912], [-191.286941528, -171.334594727, 920.654602051, -351.94909668, 240.706512451, 85.4047012329, -57.5390701294, 85.3482589722, 80.4596328735, 35.7073402405, -88.1055755615, 51.5191574097, 64.4423446655], [-304.355621338, 163.500030518, -351.94909668, 381.296905518, -3.04712843895, 87.829788208, 75.2393035889, -7.57525110245, 2.00810480118, -3.41570520401, 74.1803741455, -19.3613700867, -11.5085439682], [-379.717163086, 66.7406768799, 240.706512451, -3.04712843895, 274.1512146, 86.8353500366, 24.4326457977, 87.4197158813, 23.0151157379, 19.0874652863, -18.3476047516, -2.56522655487, 6.74528980255], [-180.216461182, 3.77710795403, 85.4047012329, 87.829788208, 86.8353500366, 171.726348877, 26.3584728241, 49.6410102844, 53.1966819763, 12.1277618408, 27.5990180969, -6.98061990738, 15.2755260468], [-50.0706863403, 49.6468544006, -57.5390701294, 75.2393035889, 24.4326457977, 26.3584728241, 153.577987671, 50.3867263794, -3.805757761, 31.6242980957, 54.5364151001, -1.92509794235, -4.54239654541], [103.116386414, 16.7735042572, 85.3482589722, -7.57525110245, 87.4197158813, 49.6410102844, 50.3867263794, 162.690963745, 58.4877586365, 40.3071403503, 33.9321975708, -11.6141033173, 5.96320152283], [105.159286499, 19.2405948639, 80.4596328735, 2.00810480118, 23.0151157379, 53.1966819763, -3.805757761, 58.4877586365, 115.4713974, 43.0967102051, 10.8217782974, 30.5228271484, 10.821472168], [109.814910889, -10.0479698181, 35.7073402405, -3.41570520401, 19.0874652863, 12.1277618408, 31.6242980957, 40.3071403503, 43.0967102051, 78.410118103, 43.700176239, 21.6649017334, 12.7073936462], [119.514427185, 6.21202325821, -88.1055755615, 74.1803741455, -18.3476047516, 27.5990180969, 54.5364151001, 33.9321975708, 10.8217782974, 43.700176239, 111.055458069, 16.3203334808, 9.82792568207], [133.703262329, -20.2932796478, 51.5191574097, -19.3613700867, -2.56522655487, -6.98061990738, -1.92509794235, -11.6141033173, 30.5228271484, 21.6649017334, 16.3203334808, 72.258102417, 24.3154525757], [30.5531673431, -11.8834590912, 64.4423446655, -11.5085439682, 6.74528980255, 15.2755260468, -4.54239654541, 5.96320152283, 10.821472168, 12.7073936462, 9.82792568207, 24.3154525757, 43.5995903015]]
        icov: [[0.00048275696463, 0.000478389119962, 0.0003718661319, 0.000443857861683, 0.000402257574024, 0.000188023303053, 0.000123005011119, -0.000713100307621, -0.000342599290889, -5.47884555999e-05, -0.000197443150682, -0.000745722209103, -9.67515370576e-05], [0.000478389119962, 0.00258057983592, 0.000741360534448, -0.000229090786888, -0.000902329280507, 0.00155980396084, -0.000577153987251, -9.32220864343e-05, -0.00225770683028, 0.00104580807965, -0.000295466074022, 0.000436281814473, -0.00116354459897], [0.0003718661319, 0.000741360534448, 0.00403723772615, 0.00382419815287, -0.00230726366863, -0.00180326076224, -0.000331925955834, 5.51311313757e-05, -0.00159431714565, -2.85773166979e-05, 0.00103114079684, -0.00102042092476, -0.00332900881767], [0.000443857861683, -0.000229090786888, 0.00382419815287, 0.00822595134377, -0.00176267407369, -0.00392046710476, -0.00162075262051, 0.00166154769249, -0.0020596596878, 0.00146506284364, -0.00214683637023, -3.04088989651e-05, -0.00201925658621], [0.000402257574024, -0.000902329280507, -0.00230726366863, -0.00176267407369, 0.0090080909431, -0.00325541617349, 0.00107262644451, -0.00557961314917, 0.00572439841926, -0.00359237915836, 0.00354594411328, -0.0042564929463, 0.00423971703276], [0.000188023303053, 0.00155980396084, -0.00180326076224, -0.00392046710476, -0.00325541617349, 0.0139935258776, -0.00134200917091, 0.00186414888594, -0.0086803836748, 0.00517434813082, -0.00476530240849, 0.00665244041011, -0.00485957181081], [0.000123005011119, -0.000577153987251, -0.000331925955834, -0.00162075262051, 0.00107262644451, -0.00134200917091, 0.0103866457939, -0.00423318240792, 0.00525105278939, -0.00413522077724, -0.00134635565337, -0.00298696849495, 0.00365586555563], [-0.000713100307621, -9.32220864343e-05, 5.51311313757e-05, 0.00166154769249, -0.00557961314917, 0.00186414888594, -0.00423318240792, 0.0152957430109, -0.00956655852497, 0.00202750298195, -0.00524853635579, 0.0100318426266, -0.00411971425638], [-0.000342599290889, -0.00225770683028, -0.00159431714565, -0.0020596596878, 0.00572439841926, -0.0086803836748, 0.00525105278939, -0.00956655852497, 0.0247616171837, -0.0120329903439, 0.00752315949649, -0.0127710793167, 0.00823651533574], [-5.47884555999e-05, 0.00104580807965, -2.85773166979e-05, 0.00146506284364, -0.00359237915836, 0.00517434813082, -0.00413522077724, 0.00202750298195, -0.0120329903439, 0.0263434611261, -0.0106111653149, 0.00265789916739, -0.00499462708831], [-0.000197443150682, -0.000295466074022, 0.00103114079684, -0.00214683637023, 0.00354594411328, -0.00476530240849, -0.00134635565337, -0.00524853635579, 0.00752315949649, -0.0106111653149, 0.0199463684112, -0.0068080322817, 0.000191728991922], [-0.000745722209103, 0.000436281814473, -0.00102042092476, -3.04088989651e-05, -0.0042564929463, 0.00665244041011, -0.00298696849495, 0.0100318426266, -0.0127710793167, 0.00265789916739, -0.0068080322817, 0.0286915190518, -0.0132852755487], [-9.67515370576e-05, -0.00116354459897, -0.00332900881767, -0.00201925658621, 0.00423971703276, -0.00485957181081, 0.00365586555563, -0.00411971425638, 0.00823651533574, -0.00499462708831, 0.000191728991922, -0.0132852755487, 0.0358424857259]]
    spectral_contrast:
        mean: [-1.76895625259e-07, -2.79371079159e-07, -5.70782976439e-09, -2.05276336374e-07, -1.24518905409e-07, 2.47462054404e-07, 2.83553686131e-06, -1.58260604621e-07, 1.16838805297e-06, 1.03561353626e-06, 1.72154659595e-06, -3.35430286214e-06]
        var: [0.000457590242149, 0.000602551328484, 0.000945433857851, 0.00236055417918, 0.00338064366952, 0.0037976175081, 0.0391760654747, 0.0754663124681, 0.200902104378, 0.408957481384, 0.505612492561, 2.74946141243]

rhythm:
    beats_loudness:
        dmean: 0.00304809212685
        dmean2: 0.00604068813846
        dvar: 8.69443010743e-06
        dvar2: 2.01352941076e-05
        max: 0.0164732225239
        mean: 0.00799572560936
        min: 0.00164986087475
        var: 1.74236192834e-05
    beats_loudness_bass:
        dmean: 0.23187302053
        dmean2: 0.439895927906
        dvar: 0.0517461523414
        dvar2: 0.142651736736
        max: 0.922939538956
        mean: 0.552458107471
        min: 0.0595057867467
        var: 0.10530360043
    bpm: 104.862510681
    bpm_confidence: 0
    first_peak_bpm: 105
    first_peak_spread: 0
    first_peak_weight: 0.9375
    onset_rate: 6.54549884796
    second_peak_bpm: 68
    second_peak_spread: 0
    second_peak_weight: 0.0625
    beats_position: [0.203438222408, 0.77603572607, 1.34863328934, 1.92123067379, 2.49382805824, 3.0664255619, 3.63902306557, 4.21162033081, 4.78421783447, 5.35681533813, 6.24434280396, 6.81614303589, 7.38794326782, 7.95974349976, 8.53154373169, 9.1033449173, 9.67514419556]
    bpm_estimates: [105.066459656, 104.775810242, 104.856422424, 105.030174255, 104.568145752, 104.6977005, 104.650016785, 104.56615448, 104.771102905, 104.877166748, 105.134887695, 104.854721069, 104.912887573, 105.122596741, 104.6587677, 104.724906921, 104.717277527, 104.680488586, 105.082359314, 105.268211365, 105.096542358]
    bpm_intervals: [0.572597503662, 0.572597563267, 0.572597384453, 0.572597384453, 0.572597503662, 0.572597503662, 0.572597265244, 0.572597503662, 0.572597503662, 0.88752746582, 0.571800231934, 0.571800231934, 0.571800231934, 0.571800231934, 0.571801185608, 0.571799278259]
    onset_times: [0.0348299331963, 0.208979591727, 0.487619042397, 0.638548731804, 0.777868509293, 0.917188227177, 1.05650794506, 1.20743763447, 1.32353746891, 1.49768710136, 1.62539684772, 1.77632653713, 1.92725622654, 2.20589566231, 2.35682535172, 2.50775504112, 2.65868473053, 2.7863945961, 3.06503391266, 3.35528349876, 3.5178232193, 3.64553284645, 3.78485250473, 3.92417240143, 4.07510185242, 4.21442174911, 4.36535167694, 4.5046710968, 4.65560102463, 4.79492044449, 4.94585037231, 5.07356023788, 5.22448968887, 5.36380958557, 5.51473903656, 5.65405893326, 5.80498886108, 5.94430828094, 6.08362817764, 6.22294807434, 6.37387752533, 6.54802703857, 6.66412687302, 6.80344676971, 6.9543762207, 7.0936961174, 7.2330160141, 7.37233543396, 7.52326536179, 7.66258525848, 7.81351470947, 7.95283460617, 8.103764534, 8.24308395386, 8.38240337372, 8.52172374725, 8.67265319824, 8.8119726181, 8.96290206909, 9.0906124115, 9.25315189362, 9.39247131348, 9.53179168701, 9.67111110687, 9.82204055786, 9.94975090027]
    rubato_start: []
    rubato_stop: []
    perceptual_tempo: "unknown"

sfx:
    inharmonicity:
        dmean: 0.050329901278
        dmean2: 0.0909089148045
        dvar: 0.00415191240609
        dvar2: 0.011542965658
        max: 0.398074835539
        mean: 0.0464169830084
        min: 0
        var: 0.00389323569834
    oddtoevenharmonicenergyratio:
        dmean: 7.711353302
        dmean2: 14.8352680206
        dvar: 676.246459961
        dvar2: 1961.22229004
        max: 241.766281128
        mean: 4.39020061493
        min: 0
        var: 377.135101318
    pitch_after_max_to_before_max_energy_ratio: 4.08923768997
    pitch_centroid: 184.05619812
    pitch_max_to_total: 0.131034478545
    pitch_min_to_total: 0.91724139452
    tristimulus:
        dmean: [0.246886268258, 0.284269362688, 0.154342934489]
        dmean2: [0.430119723082, 0.506985485554, 0.276966869831]
        dvar: [0.0480456799269, 0.0590020529926, 0.0258278977126]
        dvar2: [0.133034303784, 0.155510157347, 0.0663466826081]
        max: [1, 0.979209899902, 0.873079001904]
        mean: [0.422695398331, 0.344487398863, 0.129112586379]
        min: [0.00207393127494, 0, 0]
        var: [0.0812302678823, 0.0855455324054, 0.0278809312731]

tonal:
    chords_changes_rate: 0.0547945201397
    chords_number_rate: 0.0273972600698
    chords_strength:
        dmean: 0.00803518109024
        dmean2: 0.00971984770149
        dvar: 5.79516054131e-05
        dvar2: 8.46081093187e-05
        max: 0.572813332081
        mean: 0.477413326502
        min: 0.355660587549
        var: 0.00264751282521
    key_strength: 0.58096820116
    tuning_diatonic_strength: 0.535244524479
    tuning_equal_tempered_deviation: 0.193591579795
    tuning_frequency: 431.941772461
    tuning_nontempered_energy_ratio: 0.822964906693
    hpcp:
        dmean: [0.200538977981, 0.169181749225, 0.133717760444, 0.0816710740328, 0.0983568355441, 0.126172974706, 0.15350317955, 0.0923792645335, 0.0888421609998, 0.0959523916245, 0.106294177473, 0.0933321714401, 0.117296181619, 0.213054716587, 0.243698298931, 0.165858700871, 0.0986336022615, 0.0702924281359, 0.0653988197446, 0.0824265554547, 0.127200886607, 0.134929209948, 0.0833140537143, 0.0635899677873, 0.0437515079975, 0.0329209975898, 0.0573694854975, 0.0797206684947, 0.108812630177, 0.189909249544, 0.236922040582, 0.181682556868, 0.133412286639, 0.12531760335, 0.139959603548, 0.214396715164]
        dmean2: [0.346282571554, 0.296553194523, 0.248435273767, 0.15415610373, 0.184962525964, 0.234404936433, 0.27099826932, 0.170308366418, 0.156161546707, 0.175379604101, 0.194268479943, 0.16713629663, 0.214782774448, 0.402618080378, 0.461741477251, 0.31633028388, 0.185332581401, 0.130579739809, 0.121892429888, 0.152461796999, 0.216148197651, 0.219872102141, 0.143151327968, 0.112390309572, 0.079237408936, 0.060112118721, 0.10215048492, 0.140711724758, 0.197819620371, 0.342696934938, 0.444445997477, 0.326789110899, 0.241930142045, 0.220870420337, 0.247815355659, 0.376451939344]
        dvar: [0.0636811926961, 0.0362046770751, 0.0392585285008, 0.023207841441, 0.0273926407099, 0.0513704940677, 0.0413711220026, 0.0241740755737, 0.0220536701381, 0.0154425827786, 0.0194592308253, 0.0138162774965, 0.0274938624352, 0.0744127333164, 0.0823661834002, 0.0526906810701, 0.0218637399375, 0.0113322250545, 0.0117697147653, 0.0148344729096, 0.0167768113315, 0.0257294084877, 0.00872294139117, 0.00979440007359, 0.00386667391285, 0.0014801195357, 0.00601468002424, 0.0208744034171, 0.0172781459987, 0.0626246333122, 0.0962265953422, 0.0590093322098, 0.0368101894855, 0.0227981712669, 0.0259171519428, 0.0569439679384]
        dvar2: [0.151376575232, 0.0997764766216, 0.114792831242, 0.0680399760604, 0.0798382312059, 0.138650685549, 0.117989055812, 0.0667921453714, 0.0627379864454, 0.0412894450128, 0.0545830838382, 0.0372661650181, 0.0768658146262, 0.193247541785, 0.212453499436, 0.146629408002, 0.0635697245598, 0.0313902832568, 0.032764505595, 0.0427408255637, 0.0461258776486, 0.0679452195764, 0.0228458661586, 0.0207867212594, 0.00936277583241, 0.00417723692954, 0.0163379348814, 0.060575697571, 0.0428504161537, 0.16775611043, 0.250994950533, 0.157281011343, 0.0914181917906, 0.0594905726612, 0.0697134062648, 0.149720445275]
        max: [1, 1, 1, 1, 1, 1, 1, 1, 1, 0.815565943718, 1, 0.649213552475, 1, 1, 1, 1, 0.833788335323, 0.685939788818, 0.956080317497, 0.973310828209, 0.897820770741, 1, 0.614249169827, 1, 0.537887513638, 0.263241142035, 0.659193575382, 1, 0.735370516777, 1, 1, 1, 1, 1, 1, 1]
        mean: [0.423403680325, 0.238943681121, 0.10449834168, 0.0656409263611, 0.152473554015, 0.311441719532, 0.238076984882, 0.0818816721439, 0.0736223012209, 0.0896479785442, 0.0945211499929, 0.0853297114372, 0.0945544019341, 0.148882508278, 0.165989935398, 0.120975993574, 0.0836144089699, 0.0628389492631, 0.0562182813883, 0.0751645714045, 0.192709058523, 0.238029643893, 0.130609497428, 0.0763878300786, 0.0536271445453, 0.0345611721277, 0.0800226405263, 0.114634163678, 0.14441742003, 0.247958108783, 0.266743868589, 0.186005786061, 0.167499884963, 0.154331102967, 0.161788642406, 0.351735860109]
        min: [0, 0, 0, 0, 0, 0, 0, 0, 0, 0, 0, 0, 0, 0, 0, 0, 0, 0, 0, 0, 0, 0, 0, 0, 0, 0, 0, 0.00183302245568, 0.00187802664004, 0.0016846540384, 0.00370039814152, 0, 0, 0, 0, 0]
        var: [0.156835094094, 0.045108538121, 0.027964124456, 0.0138239488006, 0.038327626884, 0.148773133755, 0.0697417631745, 0.0171913430095, 0.0191546529531, 0.0156533550471, 0.0167293213308, 0.0128612723202, 0.0208470206708, 0.0569082908332, 0.0660297721624, 0.0428950861096, 0.0161107107997, 0.00801425054669, 0.00771847413853, 0.00993119738996, 0.0368480160832, 0.0687624290586, 0.0160316731781, 0.019648252055, 0.00691844522953, 0.00129927403759, 0.017903726548, 0.0533477589488, 0.0283285975456, 0.104328021407, 0.115321926773, 0.0607609190047, 0.0577598810196, 0.0356557294726, 0.043291721493, 0.113626562059]
    chords_histogram: [0, 0, 26.9406394958, 0, 0, 0, 0, 6.39269399643, 0, 0, 0, 0, 0, 0, 30.5936069489, 0, 0, 0, 0, 24.6575336456, 10.0456619263, 1.36986303329, 0, 0]
    thpcp: [1, 0.564340114594, 0.246805459261, 0.15503154695, 0.360113918781, 0.735566854477, 0.562293112278, 0.193389132619, 0.173882052302, 0.211731687188, 0.223241209984, 0.201532751322, 0.223319739103, 0.351632535458, 0.392037063837, 0.285722583532, 0.197481542826, 0.148413807154, 0.132777020335, 0.177524611354, 0.455142617226, 0.562181353569, 0.308475106955, 0.180413708091, 0.126657247543, 0.081626996398, 0.188998445868, 0.270744383335, 0.341086834669, 0.585630476475, 0.629998922348, 0.439310759306, 0.395603269339, 0.364501088858, 0.3821144104, 0.830734074116]
    chords_key: "D#"
    chords_scale: "major"
    key_key: "D"
    key_scale: "major"
    chords_progression: ["A", "A", "A", "A", "Am", "A", "A", "A", "Am", "Am", "Am", "Am", "Am", "Am", "Am", "Am", "Am", "Am", "Am", "Am", "Am", "Am", "Am", "Am", "Am", "Am", "Am", "Am", "Am", "Am", "C", "C", "C", "C", "C", "C", "C", "C", "C", "C", "C", "C", "C", "C", "C", "C", "C", "C", "C", "C", "C", "Em", "Em", "Em", "D#", "D#", "D#", "D#", "D#", "D#", "D#", "D#", "D#", "D#", "D#", "D#", "D#", "D#", "D#", "D#", "D#", "D#", "D#", "D#", "D#", "D#", "D#", "D#", "D#", "D#", "D#", "D#", "D#", "D#", "D#", "D#", "D#", "D#", "D#", "D#", "D#", "D#", "D#", "D#", "D#", "D#", "D#", "D#", "D#", "D#", "D#", "D#", "D#", "D#", "D#", "D#", "D#", "D#", "D#", "D#", "D#", "D#", "D#", "D#", "D#", "D#", "D#", "D#", "D#", "D#", "D#", "D#m", "D#m", "D#m", "D#m", "D#m", "D#m", "D#m", "D#m", "D#m", "D#m", "D#m", "D#m", "D#m", "D#m", "Am", "Am", "Am", "Am", "Am", "Am", "Am", "C", "Am", "Am", "Am", "Am", "Am", "Am", "Am", "Am", "Am", "Am", "Am", "Am", "Am", "Am", "Am", "A", "A", "A", "A", "A", "A", "A", "A", "A", "A", "A", "A", "A", "A", "A", "A", "A", "A", "A", "A", "A", "A", "A", "A", "A", "A", "A", "A", "A", "A", "A", "A", "A", "A", "A", "A", "A", "A", "A", "A", "A", "A", "A", "A", "A", "A", "A", "A", "A", "A", "A", "A", "Am", "Am", "Am", "Am", "Am", "Am", "Am", "Am", "Am"]
