
metadata:
    version:
        essentia: "1.2.2"
    audio_properties:
        analysis_sample_rate: 44100
        bitrate: 128
        channels: 2
        equal_loudness: 1
        length: 10.0310201645
        replay_gain: -11.5030860901
        downmix: "mix"
    tags:
        track: 2
        year: 0
        album: "Splitted by Mp3Splt v. 2.1"
        artist: "From 000.10 To 000.20"
        comment: "http://mp3splt.sf.net"
        genre: ""
        title: "10 Ireland.mp3"

highlevel:
    ballroom:
        all:
            ChaChaCha: 0.126141875982
            Jive: 0.0195011664182
            Quickstep: 0.200835481286
            Rumba-American: 0.0113558163866
            Rumba-International: 0.00812341924757
            Rumba-Misc: 0.0182817522436
            Samba: 0.0301954094321
            Tango: 0.485405266285
            VienneseWaltz: 0.0292392894626
            Waltz: 0.0709205120802
        probability: 0.485405266285
        value: "Tango"
    culture:
        all:
            non_western: 0.03214398399
            western: 0.967855989933
        probability: 0.967855989933
        value: "western"
    gender:
        all:
            female: 0.0910023599863
            male: 0.908997654915
        probability: 0.908997654915
        value: "male"
    genre_dortmund:
        all:
            alternative: 0.077624373138
            blues: 0.459272474051
            electronic: 0.00465016625822
            folkcountry: 0.171760961413
            funksoulrnb: 0.0130790881813
            jazz: 0.0738817676902
            pop: 0.0557205975056
            raphiphop: 0.00712568312883
            rock: 0.136884868145
        probability: 0.459272474051
        value: "blues"
    genre_electronica:
        all:
            ambient: 0.952806711197
            dnb: 0.0198218468577
            house: 0.0144612742588
            techno: 0.00551030458882
            trance: 0.00739987799898
        probability: 0.952806711197
        value: "ambient"
    genre_rosamerica:
        all:
            cla: 0.377335578203
            dan: 0.0130165731534
            hip: 0.0897048562765
            jaz: 0.147069826722
            pop: 0.106630057096
            rhy: 0.19428126514
            roc: 0.0346050746739
            spe: 0.0373567789793
        probability: 0.377335578203
        value: "cla"
    genre_tzanetakis:
        all:
            blu: 0.0258651617914
            cla: 0.046519510448
            cou: 0.657248139381
            dis: 0.0201058927923
            hip: 0.00340611441061
            jaz: 0.0350941121578
            met: 0.00437734508887
            pop: 0.0593792013824
            reg: 0.0974593311548
            roc: 0.0505451932549
        probability: 0.657248139381
        value: "cou"
    live_studio:
        all:
            live: 0.14168843627
            studio: 0.858311533928
        probability: 0.858311533928
        value: "studio"
    mood:
        all:
            Cluster1: 0.0496143139899
            Cluster2: 0.209133163095
            Cluster3: 0.545928359032
            Cluster4: 0.105367712677
            Cluster5: 0.0899564549327
        probability: 0.545928359032
        value: "Cluster3"
    mood_acoustic:
        all:
            acoustic: 0.894995093346
            not_acoustic: 0.105004921556
        probability: 0.894995093346
        value: "acoustic"
    mood_aggressive:
        all:
            aggressive: 5.31216073796e-06
            not_aggressive: 0.999994695187
        probability: 0.999994695187
        value: "not_aggressive"
    mood_electronic:
        all:
            electronic: 0.0254827477038
            not_electronic: 0.974517226219
        probability: 0.974517226219
        value: "not_electronic"
    mood_happy:
        all:
            happy: 0.582384347916
            not_happy: 0.417615681887
        probability: 0.582384347916
        value: "happy"
    mood_party:
        all:
            not_party: 0.811199367046
            party: 0.188800647855
        probability: 0.811199367046
        value: "not_party"
    mood_relaxed:
        all:
            not_relaxed: 0.516558587551
            relaxed: 0.483441442251
        probability: 0.516558587551
        value: "not_relaxed"
    mood_sad:
        all:
            not_sad: 0.229943275452
            sad: 0.770056724548
        probability: 0.770056724548
        value: "sad"
    rhythm:
        all:
            fast: 0.598186552525
            medium: 0.382028639317
            slow: 0.0197848193347
        probability: 0.598186552525
        value: "fast"
    speech_music:
        all:
            music: 0.5
            speech: 0.5
        probability: 0.5
        value: "music"
    timbre:
        all:
            bright: 0.993888914585
            dark: 0.00611111102626
        probability: 0.993888914585
        value: "bright"
    voice_instrumental:
        all:
            instrumental: 0.0035553437192
            voice: 0.996444642544
        probability: 0.996444642544
        value: "voice"

lowlevel:
    average_loudness: 0.781542062759
    barkbands_kurtosis:
        dmean: 0.735310852528
        dmean2: 1.10961341858
        dvar: 1.07931792736
        dvar2: 2.22366094589
        max: 10.0136976242
        mean: -0.24219687283
        min: -1.90237116814
        var: 3.27582192421
    barkbands_skewness:
        dmean: 0.360209941864
        dmean2: 0.515839397907
        dvar: 0.154474064708
        dvar2: 0.30803501606
        max: 2.95302176476
        mean: 0.296352237463
        min: -2.73016285896
        var: 0.972092032433
    barkbands_spread:
        dmean: 3.50563693047
        dmean2: 5.20335960388
        dvar: 16.4927787781
        dvar2: 36.3841209412
        max: 60.0942230225
        mean: 25.650970459
        min: 5.30649280548
        var: 87.4855957031
    dissonance:
        dmean: 0.019427895546
        dmean2: 0.031702298671
        dvar: 0.000354592921212
        dvar2: 0.000853685778566
        max: 0.497308164835
        mean: 0.439252704382
        min: 0.26299020648
        var: 0.00146709335968
    hfc:
        dmean: 1.04427349567
        dmean2: 1.3006708622
        dvar: 4.60551929474
        dvar2: 6.33381605148
        max: 26.2289218903
        mean: 3.57411885262
        min: 0.0493787452579
        var: 29.1822624207
    pitch:
        dmean: 264.611877441
        dmean2: 506.039611816
        dvar: 704769.6875
        dvar2: 1631487.25
        max: 5512.5
        mean: 532.700927734
        min: 110.25
        var: 1059082
    pitch_instantaneous_confidence:
        dmean: 0.0738453119993
        dmean2: 0.114805549383
        dvar: 0.00792666431516
        dvar2: 0.0156404320151
        max: 0.961386680603
        mean: 0.652978718281
        min: 0.195176959038
        var: 0.0314269140363
    pitch_salience:
        dmean: 0.0559139512479
        dmean2: 0.0863398984075
        dvar: 0.00315970671363
        dvar2: 0.00679357396439
        max: 0.846482813358
        mean: 0.553941190243
        min: 0.159903466702
        var: 0.0160299018025
    silence_rate_20dB:
        dmean: 0
        dmean2: 0
        dvar: 0
        dvar2: 0
        max: 1
        mean: 1
        min: 1
        var: 0
    silence_rate_30dB:
        dmean: 0
        dmean2: 0
        dvar: 0
        dvar2: 0
        max: 1
        mean: 1
        min: 1
        var: 0
    silence_rate_60dB:
        dmean: 0.0556844547391
        dmean2: 0.109302327037
        dvar: 0.0525835715234
        dvar2: 0.106658153236
        max: 1
        mean: 0.775462985039
        min: 0
        var: 0.174119725823
    spectral_centroid:
        dmean: 239.045654297
        dmean2: 335.61618042
        dvar: 118612.976562
        dvar2: 204206.671875
        max: 5406.85742188
        mean: 1556.10009766
        min: 477.184570312
        var: 597394.1875
    spectral_complexity:
        dmean: 1.24242424965
        dmean2: 1.8060747385
        dvar: 4.09041643143
        dvar2: 6.62362289429
        max: 30
        mean: 4.21860456467
        min: 0
        var: 20.8312244415
    spectral_crest:
        dmean: 1.82501602173
        dmean2: 2.90406274796
        dvar: 4.24366807938
        dvar2: 9.84825992584
        max: 23.0220108032
        mean: 10.0730600357
        min: 3.42875885963
        var: 21.3985328674
    spectral_decrease:
        dmean: 1.36150854479e-10
        dmean2: 1.84107520895e-10
        dvar: 7.89434874862e-20
        dvar2: 1.15441894975e-19
        max: -5.12577133516e-12
        mean: -5.47734801959e-10
        min: -4.73963179815e-09
        var: 6.80077345657e-19
    spectral_energy:
        dmean: 0.000596993428189
        dmean2: 0.000799146830104
        dvar: 1.50442315316e-06
        dvar2: 2.14289252654e-06
        max: 0.0198399201035
        mean: 0.00239145895466
        min: 2.38246338995e-05
        var: 1.26664826894e-05
    spectral_energyband_high:
        dmean: 4.80040325783e-05
        dmean2: 7.01717945049e-05
        dvar: 1.87508994998e-08
        dvar2: 4.04301125911e-08
        max: 0.00175737973768
        mean: 8.44539608806e-05
        min: 7.96578262907e-07
        var: 3.64140078091e-08
    spectral_energyband_low:
        dmean: 2.49454865298e-06
        dmean2: 3.6480887502e-06
        dvar: 5.18661572024e-11
        dvar2: 1.45714204591e-10
        max: 9.47071093833e-05
        mean: 5.49791457161e-06
        min: 1.37202320616e-07
        var: 6.64164764852e-11
    spectral_energyband_middle_high:
        dmean: 0.000313677504892
        dmean2: 0.000393955415348
        dvar: 4.5227821488e-07
        dvar2: 6.48079492294e-07
        max: 0.00758330291137
        mean: 0.000978608615696
        min: 2.01361035579e-05
        var: 2.39669657276e-06
    spectral_energyband_middle_low:
        dmean: 0.000385240127798
        dmean2: 0.000539055792615
        dvar: 6.90753836352e-07
        dvar2: 1.24533096368e-06
        max: 0.0155004216358
        mean: 0.00132289947942
        min: 1.22673009173e-06
        var: 5.70302245251e-06
    spectral_flatness_db:
        dmean: 0.0152438394725
        dmean2: 0.022239824757
        dvar: 0.000343429419445
        dvar2: 0.000520142843015
        max: 0.386589944363
        mean: 0.221568018198
        min: 0.104679845273
        var: 0.00264601339586
    spectral_flux:
        dmean: 0.0072571951896
        dmean2: 0.0110304802656
        dvar: 0.000118690390082
        dvar2: 0.000261601177044
        max: 0.102114319801
        mean: 0.0206705164164
        min: 0.00157592981122
        var: 0.000438918359578
    spectral_kurtosis:
        dmean: 2.52538156509
        dmean2: 4.37449026108
        dvar: 5.21790409088
        dvar2: 16.1901321411
        max: 19.7281455994
        mean: 6.73367881775
        min: -0.720836639404
        var: 11.2584266663
    spectral_rms:
        dmean: 0.000169904422364
        dmean2: 0.00021822785493
        dvar: 8.39367118033e-08
        dvar2: 1.02629059029e-07
        max: 0.00439954781905
        mean: 0.00118450715672
        min: 0.000152458334924
        var: 9.30074577354e-07
    spectral_rolloff:
        dmean: 408.779510498
        dmean2: 653.190551758
        dvar: 332926.78125
        dvar2: 663217.875
        max: 8893.21289062
        mean: 2889.75585938
        min: 279.931640625
        var: 1216959.5
    spectral_skewness:
        dmean: 0.281799197197
        dmean2: 0.462125837803
        dvar: 0.0587295331061
        dvar2: 0.161036893725
        max: 3.29986166954
        mean: 1.58626866341
        min: 0.055572565645
        var: 0.223399490118
    spectral_spread:
        dmean: 391746.75
        dmean2: 539709.1875
        dvar: 647441940480
        dvar2: 854186459136
        max: 13813378
        mean: 3340397.75
        min: 1965320.375
        var: 2.47698502451e+12
    spectral_strongpeak:
        dmean: 0.281756520271
        dmean2: 0.456407606602
        dvar: 0.38837146759
        dvar2: 0.899944782257
        max: 7.05707931519
        mean: 0.606949746609
        min: 0.015455391258
        var: 0.75558245182
    zerocrossingrate:
        dmean: 0.00915214326233
        dmean2: 0.00982494931668
        dvar: 0.000126852974063
        dvar2: 0.000116993142001
        max: 0.267578125
        mean: 0.0829022079706
        min: 0.01513671875
        var: 0.00126476644073
    barkbands:
        dmean: [3.00150393429e-09, 1.75087777166e-07, 2.3979218895e-06, 1.27463254103e-05, 5.67497445445e-05, 6.20532300672e-05, 8.17336258478e-05, 0.000155390589498, 0.00012905888434, 4.03128724429e-05, 7.14658608558e-06, 1.30467578856e-05, 2.43073864112e-05, 3.48474241036e-05, 3.43569990946e-05, 3.91980393033e-05, 8.03043440101e-05, 6.78615033394e-05, 6.23710875516e-05, 9.89203181234e-05, 6.68326583764e-06, 5.23334620084e-06, 1.44297860061e-06, 2.01310331249e-06, 6.93965489518e-07, 1.25152945785e-08, 8.36650859704e-10]
        dmean2: [3.50257622905e-09, 2.37051054341e-07, 3.51463540937e-06, 1.72507952811e-05, 7.77401219239e-05, 8.66194313858e-05, 0.000117069626867, 0.000234125778661, 0.000187300596735, 4.97381406603e-05, 9.05030810827e-06, 1.8871642169e-05, 3.17744961649e-05, 4.70851991849e-05, 5.59466716368e-05, 5.37049381819e-05, 0.000125357095385, 9.50642570388e-05, 8.65135880304e-05, 0.000131959779537, 1.02128651633e-05, 7.16307931725e-06, 2.22204994316e-06, 2.62135699813e-06, 9.68833319348e-07, 1.74933791897e-08, 9.71383640191e-10]
        dvar: [2.45714178306e-15, 1.1925428364e-13, 5.10371502005e-11, 6.8835670497e-10, 1.53410546488e-08, 1.1199955452e-07, 7.37618108815e-08, 3.81000006655e-07, 2.91808106567e-07, 3.67685899505e-08, 6.51082243674e-10, 3.367805812e-09, 6.9011121262e-09, 2.4149374056e-08, 1.40923752667e-08, 1.27153549911e-08, 3.07863103899e-08, 3.18719308723e-08, 2.5853303498e-08, 5.72505243213e-08, 5.55790247159e-10, 5.65238966743e-10, 5.36587128896e-11, 1.15165980918e-10, 1.42078085408e-11, 3.13873183154e-15, 1.95322806552e-16]
        dvar2: [2.4671846292e-15, 2.37360017709e-13, 1.42601874753e-10, 1.58949775564e-09, 2.60547583508e-08, 2.37816436766e-07, 1.3289547951e-07, 6.6659595177e-07, 5.70690133372e-07, 4.9781174738e-08, 8.12486355972e-10, 8.08476485759e-09, 9.78616743197e-09, 5.00790804381e-08, 3.4151806716e-08, 2.23034479774e-08, 6.86682852802e-08, 5.5108845487e-08, 4.88670366394e-08, 7.98189390139e-08, 1.25694898934e-09, 1.05743946932e-09, 1.10033156198e-10, 2.10522405064e-10, 2.64100130654e-11, 6.00625895997e-15, 1.95398007196e-16]
        max: [1.02842977867e-06, 4.49600884167e-06, 9.34214403969e-05, 0.000374776544049, 0.00248322356492, 0.00630956282839, 0.00419846130535, 0.0153069738299, 0.00927438866347, 0.00378383300267, 0.000630682508927, 0.00088159146253, 0.00125562015455, 0.00245736422949, 0.00149814458564, 0.00147813826334, 0.00180143176112, 0.00220881355926, 0.0020480058156, 0.00301132816821, 0.000389307271689, 0.000380366574973, 0.000115722868941, 0.000172833912075, 7.83665091149e-05, 8.67668859428e-07, 2.90233202804e-07]
        mean: [3.23440585426e-09, 5.63343746762e-07, 4.93276183988e-06, 4.41275769845e-05, 0.000146451915498, 8.69385548867e-05, 0.000136288799695, 0.000389021122828, 0.000508197408635, 9.35960633797e-05, 1.87188907148e-05, 2.55345839832e-05, 6.15032622591e-05, 5.22396076121e-05, 5.0267084589e-05, 7.9863879364e-05, 0.000184941731277, 0.000140340009239, 0.000115851886221, 0.000226321135415, 1.05898407128e-05, 8.62887645781e-06, 2.52915970123e-06, 3.02599210045e-06, 9.6432609098e-07, 2.04953636285e-08, 8.5402301897e-10]
        min: [9.78130076934e-12, 1.54789123741e-08, 1.08127579779e-07, 4.88532592158e-09, 4.19139789543e-09, 2.27406733444e-08, 9.87212374071e-08, 5.80072736511e-08, 1.26692199842e-07, 7.33096385375e-07, 1.82892598843e-08, 2.50521964063e-07, 1.28995552018e-07, 5.86183546147e-07, 8.16513420432e-07, 5.45475586478e-07, 5.88050681927e-07, 4.2328539962e-07, 4.14911255575e-07, 1.55966944249e-07, 3.22315997892e-07, 4.43737597777e-08, 3.24021320885e-09, 9.94805002263e-11, 1.39848216341e-10, 3.15202833452e-12, 1.68033430459e-14]
        var: [2.45100820573e-15, 4.51185936485e-13, 6.13142245309e-11, 6.50324594176e-09, 8.04806248311e-08, 1.31084817667e-07, 1.58030090347e-07, 3.26335566569e-06, 2.5738468139e-06, 1.57689882485e-07, 4.73178740634e-09, 9.36174604504e-09, 3.43613315579e-08, 3.27699325453e-08, 1.93782501157e-08, 4.39196519153e-08, 9.94282842726e-08, 9.26056884509e-08, 5.82336667776e-08, 2.43864661797e-07, 1.31345312404e-09, 1.55293522486e-09, 1.41315667501e-10, 2.50631598808e-10, 3.2241737058e-11, 6.35169847762e-15, 1.95567506429e-16]
    mfcc:
        mean: [-846.605529785, 124.861328125, -85.5712661743, 50.1039199829, -18.5674057007, -20.4091281891, -12.6194963455, -9.63147258759, -8.49805736542, -3.93704390526, -10.2472324371, -8.26298618317, -8.15302085876]
        cov: [[5569.3046875, -1531.2623291, 604.36529541, -687.827514648, 51.6881637573, -1540.06274414, -287.75302124, -252.582077026, -638.316345215, 479.1824646, -119.83556366, -17.825466156, 50.3703155518], [-1531.2623291, 1417.11132812, -511.719451904, 361.532714844, 94.7481994629, 215.935562134, -11.778014183, 27.511516571, 47.8642196655, -150.954772949, -54.9294509888, -36.2551460266, -31.5050258636], [604.36529541, -511.719451904, 822.747619629, 66.6752548218, 217.666168213, -89.8880004883, -81.2470626831, -71.2464523315, -89.8272705078, -129.747940063, -105.259628296, -30.0845050812, -61.6852722168], [-687.827514648, 361.532714844, 66.6752548218, 592.559936523, 256.739990234, 34.7033119202, -113.023338318, -19.078371048, 13.1135568619, -185.213882446, -148.833740234, -8.7200088501, 41.7122840881], [51.6881637573, 94.7481994629, 217.666168213, 256.739990234, 318.875213623, -91.1627426147, -90.1396713257, -50.8162460327, -69.6844482422, -122.762710571, -113.026321411, -19.0463657379, -9.95234203339], [-1540.06274414, 215.935562134, -89.8880004883, 34.7033119202, -91.1627426147, 699.58392334, 152.758499146, 105.709381104, 213.789642334, -100.934616089, 91.6405487061, 2.31047201157, -66.1859283447], [-287.75302124, -11.778014183, -81.2470626831, -113.023338318, -90.1396713257, 152.758499146, 225.136474609, 88.1849899292, 56.2574501038, -27.9365463257, 65.9085693359, 18.265586853, -31.0894203186], [-252.582077026, 27.511516571, -71.2464523315, -19.078371048, -50.8162460327, 105.709381104, 88.1849899292, 128.21434021, 66.0820999146, -29.6511192322, 24.5676383972, 12.3295793533, -16.5779838562], [-638.316345215, 47.8642196655, -89.8272705078, 13.1135568619, -69.6844482422, 213.789642334, 56.2574501038, 66.0820999146, 215.804611206, -8.36980628967, 56.7361221313, 27.4445209503, -16.2387485504], [479.1824646, -150.954772949, -129.747940063, -185.213882446, -122.762710571, -100.934616089, -27.9365463257, -29.6511192322, -8.36980628967, 218.801696777, 63.8108253479, 6.96706390381, 37.0324554443], [-119.83556366, -54.9294509888, -105.259628296, -148.833740234, -113.026321411, 91.6405487061, 65.9085693359, 24.5676383972, 56.7361221313, 63.8108253479, 137.96673584, 30.7538146973, -0.847044467926], [-17.825466156, -36.2551460266, -30.0845050812, -8.7200088501, -19.0463657379, 2.31047201157, 18.265586853, 12.3295793533, 27.4445209503, 6.96706390381, 30.7538146973, 69.3174057007, 16.7021942139], [50.3703155518, -31.5050258636, -61.6852722168, 41.7122840881, -9.95234203339, -66.1859283447, -31.0894203186, -16.5779838562, -16.2387485504, 37.0324554443, -0.847044467926, 16.7021942139, 110.335403442]]
        icov: [[0.00142989458982, 0.000776527740527, -0.00024948301143, 0.000788773002569, -0.000397223833716, 0.00206849584356, 0.000189734637388, -0.000607857597061, 0.00176066381391, -0.00173876923509, 0.000727899896447, -0.000494784500916, 0.00122159754392], [0.000776527740527, 0.00203469069675, 0.00134876661468, -0.000233734070207, -0.000580057152547, 0.000815003644675, 0.00043310286128, 7.56201843615e-05, 0.00126662233379, 4.13930793002e-05, 0.000406817678595, 0.000396872172132, 0.00175443664193], [-0.00024948301143, 0.00134876661468, 0.0031964937225, 2.54906317423e-05, -0.00126945052762, -0.0006638210034, 0.000687454477884, 0.00109908170998, -3.64289043375e-08, 0.00222443556413, 0.000516839849297, 0.000563675712328, 0.00129462103359], [0.000788773002569, -0.000233734070207, 2.54906317423e-05, 0.00539237074554, -0.00253475713544, 0.000633477640804, 0.00157627626322, -0.00046609758283, -0.000452198495623, 0.0011755611049, 0.00313031719998, -0.00107798248064, -0.00219958415255], [-0.000397223833716, -0.000580057152547, -0.00126945052762, -0.00253475713544, 0.00759560521692, 0.000137859853567, 0.000320783932693, 0.00113619503099, 0.000496274849866, 0.00183572911192, 0.00051044736756, -0.000278850959148, 0.000796227366664], [0.00206849584356, 0.000815003644675, -0.0006638210034, 0.000633477640804, 0.000137859853567, 0.00583807798102, -0.000610312272329, -0.00096335937269, 0.000561391643714, -0.00146266072989, -0.00067307514837, 0.000580928404815, 0.00235599162988], [0.000189734637388, 0.00043310286128, 0.000687454477884, 0.00157627626322, 0.000320783932693, -0.000610312272329, 0.00841181632131, -0.0037255724892, 0.000951750262175, 0.00246007810347, -0.00146620231681, -0.000822023604997, 0.000726315251086], [-0.000607857597061, 7.56201843615e-05, 0.00109908170998, -0.00046609758283, 0.00113619503099, -0.00096335937269, -0.0037255724892, 0.0130352126434, -0.0031346345786, 0.00270112860017, 0.000950184068643, -0.000188983103726, 0.00019112166774], [0.00176066381391, 0.00126662233379, -3.64289043375e-08, -0.000452198495623, 0.000496274849866, 0.000561391643714, 0.000951750262175, -0.0031346345786, 0.0105318231508, -0.00293287052773, -0.000651654787362, -0.00279218167998, 0.00285961828195], [-0.00173876923509, 4.13930793002e-05, 0.00222443556413, 0.0011755611049, 0.00183572911192, -0.00146266072989, 0.00246007810347, 0.00270112860017, -0.00293287052773, 0.0129777900875, -0.00298066576943, 0.00204518809915, -0.00312791275792], [0.000727899896447, 0.000406817678595, 0.000516839849297, 0.00313031719998, 0.00051044736756, -0.00067307514837, -0.00146620231681, 0.000950184068643, -0.000651654787362, -0.00298066576943, 0.0160079672933, -0.00516345817596, 7.03457917552e-05], [-0.000494784500916, 0.000396872172132, 0.000563675712328, -0.00107798248064, -0.000278850959148, 0.000580928404815, -0.000822023604997, -0.000188983103726, -0.00279218167998, 0.00204518809915, -0.00516345817596, 0.0186436660588, -0.00283406116068], [0.00122159754392, 0.00175443664193, 0.00129462103359, -0.00219958415255, 0.000796227366664, 0.00235599162988, 0.000726315251086, 0.00019112166774, 0.00285961828195, -0.00312791275792, 7.03457917552e-05, -0.00283406116068, 0.0141806025058]]
    spectral_contrast:
        mean: [3.50896357304e-07, 2.94189646866e-07, 4.70356894766e-07, -6.96022866009e-08, 1.11724055785e-07, 7.57637394599e-07, -6.19472473318e-07, -4.22363882535e-06, -1.63898914707e-06, -2.23697611546e-06, 2.64478285317e-06, -2.59100011135e-06]
        var: [0.000708845560439, 0.00109666737262, 0.00136448175181, 0.00396434450522, 0.00822861120105, 0.0115251988173, 0.0785944312811, 0.11012853682, 0.124603837729, 0.211683675647, 0.450649231672, 3.82577347755]

rhythm:
    beats_loudness:
        dmean: 0.00310441059992
        dmean2: 0.00516030332074
        dvar: 1.97558365471e-05
        dvar2: 5.311406494e-05
        max: 0.0199453178793
        mean: 0.00312074483372
        min: 5.470432734e-05
        var: 2.11280130316e-05
    beats_loudness_bass:
        dmean: 0.0513461381197
        dmean2: 0.0890103951097
        dvar: 0.00456790206954
        dvar2: 0.0101828817278
        max: 0.374440789223
        mean: 0.0670067742467
        min: 0.000159130897373
        var: 0.0103979120031
    bpm: 99.728843689
    bpm_confidence: 0
    first_peak_bpm: 148
    first_peak_spread: 0
    first_peak_weight: 0.666666686535
    onset_rate: 2.99072289467
    second_peak_bpm: 100
    second_peak_spread: 0
    second_peak_weight: 0.285714298487
    beats_position: [0.0578566864133, 0.46310788393, 0.868359088898, 1.27361023426, 1.67886161804, 2.08411288261, 2.48936390877, 2.89461517334, 3.29986643791, 3.70511746407, 4.11036872864, 4.51561975479, 4.92087125778, 5.32612228394, 5.73137331009, 5.99217271805, 6.59381008148, 7.19544792175, 7.79708480835, 8.39872264862, 9.00035953522, 9.60199642181]
    bpm_estimates: [100.168060303, 99.4448776245, 99.5735931396]
    bpm_intervals: [0.405251204967, 0.405251204967, 0.405251145363, 0.405251383781, 0.405251264572, 0.405251026154, 0.405251264572, 0.405251264572, 0.405251026154, 0.405251264572, 0.405251026154, 0.405251502991, 0.405251026154, 0.405251026154, 0.260799407959, 0.601637363434, 0.601637840271, 0.601636886597, 0.601637840271, 0.601636886597, 0.601636886597]
    onset_times: [0.0812698379159, 0.255419492722, 0.580498874187, 0.789478480816, 1.11455786228, 1.32353746891, 1.52090704441, 1.97369611263, 2.28716564178, 2.50775504112, 2.61224484444, 3.21596360207, 4.04027223587, 4.17959165573, 4.31891155243, 5.65405893326, 6.48997735977, 6.94276666641, 7.04725646973, 7.2910656929, 7.53487539291, 7.66258525848, 7.77868461609, 8.09215450287, 8.37079334259, 8.62621307373, 8.74231338501, 8.893242836, 9.43891143799, 9.70594120026]
    rubato_start: [6.59381008148]
    rubato_stop: [9.60199642181]
    perceptual_tempo: "unknown"

sfx:
    inharmonicity:
        dmean: 0.0470397807658
        dmean2: 0.0825323238969
        dvar: 0.00367059907876
        dvar2: 0.0109980935231
        max: 0.392220914364
        mean: 0.0520370341837
        min: 0
        var: 0.0045637008734
    oddtoevenharmonicenergyratio:
        dmean: 5.40474510193
        dmean2: 9.28242588043
        dvar: 280.634735107
        dvar2: 792.602050781
        max: 164.531280518
        mean: 5.52434921265
        min: 0
        var: 347.092010498
    pitch_after_max_to_before_max_energy_ratio: 3.54472136497
    pitch_centroid: 220.115371704
    pitch_max_to_total: 0.0627906993032
    pitch_min_to_total: 0.230232551694
    tristimulus:
        dmean: [0.142436504364, 0.189166873693, 0.0918471366167]
        dmean2: [0.242075175047, 0.331315159798, 0.15999186039]
        dvar: [0.0288678053766, 0.0453144535422, 0.0112931411713]
        dvar2: [0.0753965079784, 0.123382732272, 0.0281221512705]
        max: [1, 0.998602390289, 0.686575889587]
        mean: [0.309343159199, 0.541807711124, 0.116648107767]
        min: [0.000550126889721, 0, 0]
        var: [0.0512781180441, 0.0683087036014, 0.0164758451283]

tonal:
    chords_changes_rate: 0.074074074626
    chords_number_rate: 0.0324074067175
    chords_strength:
        dmean: 0.0095594432205
        dmean2: 0.0102283656597
        dvar: 8.8440698164e-05
        dvar2: 0.000111926266982
        max: 0.772645771503
        mean: 0.501145720482
        min: 0.308723956347
        var: 0.0101513583213
    key_strength: 0.819999992847
    tuning_diatonic_strength: 0.677070200443
    tuning_equal_tempered_deviation: 0.134910359979
    tuning_frequency: 441.782684326
    tuning_nontempered_energy_ratio: 0.700284123421
    hpcp:
        dmean: [0.139033332467, 0.120188221335, 0.0995476394892, 0.0688536986709, 0.0724074244499, 0.109683603048, 0.162242770195, 0.144225880504, 0.0883137881756, 0.0932400524616, 0.0802638232708, 0.0930576324463, 0.0839411243796, 0.097550958395, 0.124283291399, 0.0874996259809, 0.0519090294838, 0.0593087896705, 0.0710437223315, 0.1259188205, 0.177432015538, 0.202802419662, 0.200815349817, 0.11544636637, 0.0686326771975, 0.0602562539279, 0.0904201492667, 0.0966721475124, 0.104689747095, 0.121695250273, 0.0970702469349, 0.0686482861638, 0.111572533846, 0.145514667034, 0.138137832284, 0.122928835452]
        dmean2: [0.231086269021, 0.196626380086, 0.173716112971, 0.11500442028, 0.12268806994, 0.188107997179, 0.280760973692, 0.253279656172, 0.148674920201, 0.172986224294, 0.144688233733, 0.163294002414, 0.140960082412, 0.161461800337, 0.210530534387, 0.145799428225, 0.0874911174178, 0.10206592083, 0.124871134758, 0.210487693548, 0.32398968935, 0.345915913582, 0.343999564648, 0.212931707501, 0.121517181396, 0.108500115573, 0.163401201367, 0.173691794276, 0.175027012825, 0.219865873456, 0.175511240959, 0.12495726347, 0.176459282637, 0.252178221941, 0.243377387524, 0.213915020227]
        dvar: [0.0346427857876, 0.0336378030479, 0.0361735150218, 0.0173389837146, 0.0203212518245, 0.0219718031585, 0.0440701320767, 0.043839354068, 0.0322523787618, 0.0443220883608, 0.028599422425, 0.0340952537954, 0.0243580713868, 0.029135003686, 0.0313025191426, 0.0181149765849, 0.0160497557372, 0.0137451486662, 0.0211852025241, 0.0527771785855, 0.0573849268258, 0.0457276217639, 0.056822501123, 0.0361520461738, 0.0174067225307, 0.0132153555751, 0.0289671681821, 0.0324360504746, 0.0301006361842, 0.041514698416, 0.0301078334451, 0.0256396252662, 0.0352941900492, 0.057751506567, 0.0544318594038, 0.0375729575753]
        dvar2: [0.0857069864869, 0.0852857008576, 0.10476846993, 0.0419764257967, 0.0499622933567, 0.0598678290844, 0.119267597795, 0.10701175034, 0.0766350850463, 0.125223204494, 0.0826094374061, 0.0957545861602, 0.0665806233883, 0.0718410685658, 0.0810962766409, 0.0561896041036, 0.0415207855403, 0.0373546741903, 0.0574366413057, 0.147147268057, 0.168601870537, 0.123385205865, 0.151299014688, 0.100708149374, 0.0501870289445, 0.0376441217959, 0.0758824124932, 0.0770668312907, 0.079047113657, 0.110253281891, 0.0850924625993, 0.0712264627218, 0.0879485681653, 0.143686547875, 0.151116073132, 0.103733032942]
        max: [1, 1, 1, 1, 1, 1, 1, 1, 1, 1, 1, 1, 1, 1, 1, 0.855472505093, 1, 1, 1, 1, 1, 1, 1, 1, 1, 0.794466793537, 1, 1, 1, 1, 1, 1, 1, 1, 1, 1]
        mean: [0.243325248361, 0.214827924967, 0.116732060909, 0.0808521583676, 0.085548132658, 0.16154743731, 0.277482300997, 0.224281147122, 0.110919289291, 0.0776232406497, 0.0655440613627, 0.10188729316, 0.122038416564, 0.135907739401, 0.183709546924, 0.131350696087, 0.0635201781988, 0.0681992247701, 0.0714351534843, 0.121416077018, 0.276095598936, 0.431163817644, 0.302598416805, 0.111119836569, 0.0722437500954, 0.0575233399868, 0.110971644521, 0.153560459614, 0.143085166812, 0.170384943485, 0.125157237053, 0.0569471307099, 0.12287158519, 0.194421350956, 0.160853296518, 0.161117389798]
        min: [0.000684613245539, 0.00145113246981, 0.00189199356828, 0.000613141921349, 0.000103746213426, 0.000502823211718, 0.00201530149207, 0.00170204881579, 0.000175113702426, 0.000220599846216, 0.000165294142789, 0.00047474988969, 0.000183783224202, 0.000400912511395, 0.000430227752076, 0.000292503944365, 4.83320400235e-05, 0.000101286248537, 6.96962088114e-05, 0.000140541073051, 0.00211654929444, 0.000387276522815, 0.000513608451001, 0.000253054749919, 5.87041613471e-05, 5.40515720786e-05, 0.000161191725056, 0.00040720513789, 0.000878751918208, 0.000502825248986, 0.000320220628055, 0.000217827007873, 0.00029384859954, 0.00173808063846, 0.000975213712081, 0.000291050586384]
        var: [0.078147508204, 0.0688701048493, 0.0408668108284, 0.027017198503, 0.0299415420741, 0.0323556400836, 0.0881357192993, 0.0721073076129, 0.0471954867244, 0.0355723910034, 0.0229812115431, 0.0377289243042, 0.0478798374534, 0.0430287085474, 0.059314109385, 0.0302916523069, 0.0195419862866, 0.0138075491413, 0.0170574393123, 0.050890173763, 0.0879518985748, 0.136357620358, 0.085297934711, 0.0291691049933, 0.0167185422033, 0.0114243170246, 0.0452983565629, 0.0669193714857, 0.0360995568335, 0.0564883463085, 0.0326108112931, 0.0177092626691, 0.0409806892276, 0.0863275676966, 0.0750514194369, 0.0443408749998]
    chords_histogram: [34.7222213745, 7.87037038803, 26.851852417, 0, 0, 6.48148155212, 0, 0, 0, 0, 0, 0, 0, 0, 0, 0, 0, 15.7407407761, 0, 6.94444465637, 0, 0, 1.38888883591, 0]
    thpcp: [1, 0.701817750931, 0.257720679045, 0.167555227876, 0.133414119482, 0.257376998663, 0.356153398752, 0.3318580091, 0.395174503326, 0.290277689695, 0.13207770884, 0.284976571798, 0.450922220945, 0.373067706823, 0.373680204153, 0.564345240593, 0.498251289129, 0.270737141371, 0.187520742416, 0.198412135243, 0.374677628279, 0.643565833569, 0.520176172256, 0.257255554199, 0.180031895638, 0.152016609907, 0.236307621002, 0.283044189215, 0.315211385489, 0.426078289747, 0.30464220047, 0.147322610021, 0.158174738288, 0.165679842234, 0.281600803137, 0.640349626541]
    chords_key: "A"
    chords_scale: "major"
    key_key: "A"
    key_scale: "major"
    chords_progression: ["Am", "Am", "Am", "Am", "Am", "Am", "Am", "Am", "Am", "E", "Am", "Am", "Am", "Am", "Am", "Am", "Am", "Am", "Am", "Am", "Am", "Am", "Am", "Am", "Am", "Am", "Am", "Am", "Am", "E", "E", "E", "E", "E", "E", "E", "E", "E", "E", "E", "E", "E", "E", "E", "A", "E", "E", "E", "E", "E", "D", "D", "E", "D", "E", "E", "E", "E", "E", "E", "E", "E", "E", "E", "E", "E", "E", "E", "D#m", "D#m", "D#m", "D#m", "D#m", "D#m", "D#m", "D#m", "D#m", "D#m", "D#m", "D#m", "D#m", "D#m", "Em", "Em", "Em", "Em", "Em", "Em", "Em", "Em", "Em", "Em", "Em", "Em", "Em", "Em", "Em", "A", "A", "A", "A", "A", "A", "A", "A", "A", "A", "A", "A", "A", "A", "A", "A", "A", "A", "A", "A", "A", "A", "A", "A", "A", "A", "A", "A", "A", "A", "A", "A", "A", "A", "A", "A", "A", "A", "A", "A", "A", "A", "A", "A", "A", "A", "A", "E", "E", "E", "E", "E", "E", "E", "E", "E", "E", "E", "E", "E", "E", "E", "E", "E", "E", "E", "E", "E", "E", "C#m", "C#m", "C#m", "C#m", "C#m", "C#m", "C#m", "C#m", "C#m", "C#m", "C#m", "C#m", "C#m", "C#m", "C#m", "C#m", "C#m", "A", "A", "A", "A", "A", "A", "A", "A", "A", "A", "A", "A", "A", "A", "A", "A", "A", "A", "A", "A", "A", "A", "A", "A", "A", "A", "A", "Am", "Am", "Am", "Am", "Am", "Am"]
