
metadata:
    version:
        essentia: "1.2.2"
    audio_properties:
        analysis_sample_rate: 44100
        bitrate: 128
        channels: 2
        equal_loudness: 1
        length: 10.0310201645
        replay_gain: -10.0366802216
        downmix: "mix"
    tags:
        track: 9
        year: 0
        album: "Splitted by Mp3Splt v. 2.1"
        artist: "From 001.20 To 001.30"
        comment: "http://mp3splt.sf.net"
        genre: ""
        title: "10 Pretty Vacant.mp3"

highlevel:
    ballroom:
        all:
            ChaChaCha: 0.0937431380153
            Jive: 0.379836946726
            Quickstep: 0.0831066444516
            Rumba-American: 0.0274886023253
            Rumba-International: 0.0541977062821
            Rumba-Misc: 0.0232436098158
            Samba: 0.147766903043
            Tango: 0.0247893407941
            VienneseWaltz: 0.133642852306
            Waltz: 0.0321842730045
        probability: 0.379836946726
        value: "Jive"
    culture:
        all:
            non_western: 0.00694713136181
            western: 0.993052840233
        probability: 0.993052840233
        value: "western"
    gender:
        all:
            female: 0.410752236843
            male: 0.589247763157
        probability: 0.589247763157
        value: "male"
    genre_dortmund:
        all:
            alternative: 0.114063173532
            blues: 0.0105134518817
            electronic: 0.0726286396384
            folkcountry: 0.0948835238814
            funksoulrnb: 0.0161524601281
            jazz: 0.024826284498
            pop: 0.060097631067
            raphiphop: 0.00202117906883
            rock: 0.604813635349
        probability: 0.604813635349
        value: "rock"
    genre_electronica:
        all:
            ambient: 0.2933986485
            dnb: 0.1113961339
            house: 0.00699701206759
            techno: 0.00748102553189
            trance: 0.580727159977
        probability: 0.580727159977
        value: "trance"
    genre_rosamerica:
        all:
            cla: 0.021422361955
            dan: 0.00738435378298
            hip: 0.00263297441415
            jaz: 0.00303871743381
            pop: 0.0218294784427
            rhy: 0.00398501520976
            roc: 0.938621163368
            spe: 0.00108591106255
        probability: 0.938621163368
        value: "roc"
    genre_tzanetakis:
        all:
            blu: 0.0128898583353
            cla: 0.0366292186081
            cou: 0.15434063971
            dis: 0.027815727517
            hip: 0.00369540345855
            jaz: 0.0355126075447
            met: 0.0253002326936
            pop: 0.0503184720874
            reg: 0.00967182870954
            roc: 0.643826007843
        probability: 0.643826007843
        value: "roc"
    live_studio:
        all:
            live: 0.5
            studio: 0.5
        probability: 0.5
        value: "live"
    mood:
        all:
            Cluster1: 0.245784163475
            Cluster2: 0.163523897529
            Cluster3: 0.301722198725
            Cluster4: 0.100350886583
            Cluster5: 0.188618838787
        probability: 0.301722198725
        value: "Cluster3"
    mood_acoustic:
        all:
            acoustic: 0.0464906133711
            not_acoustic: 0.953509390354
        probability: 0.953509390354
        value: "not_acoustic"
    mood_aggressive:
        all:
            aggressive: 0.801292896271
            not_aggressive: 0.198707088828
        probability: 0.801292896271
        value: "aggressive"
    mood_electronic:
        all:
            electronic: 0.1354265064
            not_electronic: 0.864573478699
        probability: 0.864573478699
        value: "not_electronic"
    mood_happy:
        all:
            happy: 0.874692857265
            not_happy: 0.125307142735
        probability: 0.874692857265
        value: "happy"
    mood_party:
        all:
            not_party: 0.637285113335
            party: 0.362714886665
        probability: 0.637285113335
        value: "not_party"
    mood_relaxed:
        all:
            not_relaxed: 0.259623497725
            relaxed: 0.740376472473
        probability: 0.740376472473
        value: "relaxed"
    mood_sad:
        all:
            not_sad: 3.00000096379e-14
            sad: 1
        probability: 1
        value: "sad"
    rhythm:
        all:
            fast: 0.895820915699
            medium: 0.0896285921335
            slow: 0.0145504940301
        probability: 0.895820915699
        value: "fast"
    speech_music:
        all:
            music: 3.00000096379e-14
            speech: 1
        probability: 1
        value: "speech"
    timbre:
        all:
            bright: 0.268167883158
            dark: 0.731832146645
        probability: 0.731832146645
        value: "dark"
    voice_instrumental:
        all:
            instrumental: 0.125190526247
            voice: 0.874809503555
        probability: 0.874809503555
        value: "voice"

lowlevel:
    average_loudness: 0.976009011269
    barkbands_kurtosis:
        dmean: 0.57842361927
        dmean2: 0.948249518871
        dvar: 0.538360893726
        dvar2: 1.24616932869
        max: 5.40585231781
        mean: -0.483718067408
        min: -1.50774669647
        var: 1.04841852188
    barkbands_skewness:
        dmean: 0.325350284576
        dmean2: 0.516079902649
        dvar: 0.0947347432375
        dvar2: 0.241350263357
        max: 2.38734650612
        mean: 0.471351951361
        min: -0.796568512917
        var: 0.215563759208
    barkbands_spread:
        dmean: 4.18454456329
        dmean2: 6.67629671097
        dvar: 13.9945278168
        dvar2: 32.5563659668
        max: 45.7188034058
        mean: 25.8618278503
        min: 9.16132736206
        var: 54.9461517334
    dissonance:
        dmean: 0.0191465765238
        dmean2: 0.0325214229524
        dvar: 0.000260987173533
        dvar2: 0.000721760792658
        max: 0.499451816082
        mean: 0.468039691448
        min: 0.384917408228
        var: 0.000448760169093
    hfc:
        dmean: 1.49282085896
        dmean2: 2.31590628624
        dvar: 2.23813533783
        dvar2: 5.37705087662
        max: 15.2267951965
        mean: 6.33864068985
        min: 2.07269144058
        var: 8.56667423248
    pitch:
        dmean: 117.214241028
        dmean2: 219.001693726
        dvar: 109583.695312
        dvar2: 319267.65625
        max: 4410
        mean: 268.419952393
        min: 54.6468391418
        var: 61085.8242188
    pitch_instantaneous_confidence:
        dmean: 0.085203319788
        dmean2: 0.139995604753
        dvar: 0.0054668597877
        dvar2: 0.0133010549471
        max: 0.734691381454
        mean: 0.359844982624
        min: 0.128406107426
        var: 0.0186835024506
    pitch_salience:
        dmean: 0.0635340064764
        dmean2: 0.109994076192
        dvar: 0.00291944039054
        dvar2: 0.00754805468023
        max: 0.800983846188
        mean: 0.649023354053
        min: 0.37452968955
        var: 0.00641466630623
    silence_rate_20dB:
        dmean: 0
        dmean2: 0
        dvar: 0
        dvar2: 0
        max: 1
        mean: 1
        min: 1
        var: 0
    silence_rate_30dB:
        dmean: 0
        dmean2: 0
        dvar: 0
        dvar2: 0
        max: 1
        mean: 1
        min: 1
        var: 0
    silence_rate_60dB:
        dmean: 0.127610206604
        dmean2: 0.255813956261
        dvar: 0.111326210201
        dvar2: 0.213628068566
        max: 1
        mean: 0.3125
        min: 0
        var: 0.21484375
    spectral_centroid:
        dmean: 195.329360962
        dmean2: 301.997833252
        dvar: 33174.421875
        dvar2: 82053.765625
        max: 2475.06811523
        mean: 1290.47888184
        min: 628.168945312
        var: 84587.1796875
    spectral_complexity:
        dmean: 2.81585073471
        dmean2: 4.55841112137
        dvar: 5.44628000259
        dvar2: 13.1531267166
        max: 28
        mean: 15.3720932007
        min: 6
        var: 19.3080711365
    spectral_crest:
        dmean: 2.23286223412
        dmean2: 3.82141304016
        dvar: 5.32359838486
        dvar2: 12.8107213974
        max: 18.3199100494
        mean: 6.40440797806
        min: 2.41903805733
        var: 10.8699350357
    spectral_decrease:
        dmean: 3.98095834075e-10
        dmean2: 6.30709318106e-10
        dvar: 2.48114660042e-19
        dvar2: 5.75606864135e-19
        max: -3.31276478471e-10
        mean: -1.21516208207e-09
        min: -3.98949273617e-09
        var: 4.36781607219e-19
    spectral_energy:
        dmean: 0.00161537341774
        dmean2: 0.00256160600111
        dvar: 3.96094537791e-06
        dvar2: 9.13906751521e-06
        max: 0.0161709729582
        mean: 0.00516123417765
        min: 0.00148472678848
        var: 7.36011133995e-06
    spectral_energyband_high:
        dmean: 7.7663193224e-05
        dmean2: 0.000133932742756
        dvar: 6.89521284514e-09
        dvar2: 1.74471317393e-08
        max: 0.000928983150516
        mean: 0.000243575530476
        min: 8.31697470858e-05
        var: 1.62269842008e-08
    spectral_energyband_low:
        dmean: 0.000149962026626
        dmean2: 0.000258482032223
        dvar: 6.66363249024e-08
        dvar2: 1.8514283795e-07
        max: 0.00189256598242
        mean: 0.000237472049776
        min: 4.55628014606e-06
        var: 5.30874366689e-08
    spectral_energyband_middle_high:
        dmean: 0.000592060911004
        dmean2: 0.000906474539079
        dvar: 4.98172198604e-07
        dvar2: 1.2600626178e-06
        max: 0.00821176264435
        mean: 0.00217930297367
        min: 0.000537690008059
        var: 1.85083695214e-06
    spectral_energyband_middle_low:
        dmean: 0.00130123761483
        dmean2: 0.002090689959
        dvar: 3.1832573768e-06
        dvar2: 7.55271548769e-06
        max: 0.0139343161136
        mean: 0.00250088004395
        min: 0.000325028900988
        var: 4.50184188594e-06
    spectral_flatness_db:
        dmean: 0.014759933576
        dmean2: 0.0233719162643
        dvar: 0.000181808703928
        dvar2: 0.000424616329838
        max: 0.229332715273
        mean: 0.148368895054
        min: 0.0685115084052
        var: 0.000586349400692
    spectral_flux:
        dmean: 0.0100115537643
        dmean2: 0.0146422889084
        dvar: 0.000122574012494
        dvar2: 0.00022655192879
        max: 0.120876953006
        mean: 0.0438574589789
        min: 0.0185765028
        var: 0.000308206683258
    spectral_kurtosis:
        dmean: 1.2114392519
        dmean2: 2.10832071304
        dvar: 1.11048698425
        dvar2: 3.24239730835
        max: 9.72899532318
        mean: 4.44352579117
        min: 0.371388435364
        var: 2.55819010735
    spectral_rms:
        dmean: 0.00032775074942
        dmean2: 0.000508569239173
        dvar: 1.31218683919e-07
        dvar2: 2.96371894137e-07
        max: 0.00397197157145
        mean: 0.002173590241
        min: 0.00120354222599
        var: 3.10858894181e-07
    spectral_rolloff:
        dmean: 521.565307617
        dmean2: 844.523925781
        dvar: 240462.296875
        dvar2: 543387.6875
        max: 4844.97070312
        mean: 2628.35327148
        min: 559.86328125
        var: 621332.125
    spectral_skewness:
        dmean: 0.171217292547
        dmean2: 0.278424263
        dvar: 0.0223500132561
        dvar2: 0.0531204082072
        max: 2.62088346481
        mean: 1.55888855457
        min: 0.684894561768
        var: 0.0704759433866
    spectral_spread:
        dmean: 323410.53125
        dmean2: 450532.59375
        dvar: 371670089728
        dvar2: 429918289920
        max: 14189907
        mean: 3874505.25
        min: 2661118.75
        var: 957060939776
    spectral_strongpeak:
        dmean: 0.363284349442
        dmean2: 0.597617685795
        dvar: 0.196804001927
        dvar2: 0.467221826315
        max: 5.02720117569
        mean: 0.616327464581
        min: 0.0145265990868
        var: 0.434189200401
    zerocrossingrate:
        dmean: 0.007303731516
        dmean2: 0.00900582317263
        dvar: 4.11409564549e-05
        dvar2: 6.07007277722e-05
        max: 0.1357421875
        mean: 0.0782147049904
        min: 0.0400390625
        var: 0.000228772347327
    barkbands:
        dmean: [7.56437188443e-08, 2.13541061385e-05, 0.000139656229294, 0.000278384599369, 0.000379118981073, 0.00012432722724, 0.000176783898496, 0.000412769819377, 0.000431459513493, 0.000309547147481, 0.000100719073089, 0.000130398140755, 0.000132070301333, 0.000142312201206, 0.000130979533424, 7.4616902566e-05, 6.31310176686e-05, 5.75698650209e-05, 0.000104621984065, 7.6200994954e-05, 3.4660250094e-05, 9.46112504607e-06, 1.96294354282e-06, 6.70735005315e-07, 2.46012518801e-07, 2.30375682975e-08, 5.53968915185e-09]
        dmean2: [1.10412273102e-07, 3.49186120729e-05, 0.000242217574851, 0.000487008772325, 0.000655554467812, 0.00021051967633, 0.00030281409272, 0.000695007154718, 0.000670436013024, 0.000462422060082, 0.00016430382675, 0.000216404587263, 0.000217106309719, 0.000223412687774, 0.000219397450564, 0.000119719443319, 0.000104006256151, 9.21614191611e-05, 0.000167921374668, 0.00012773378694, 5.77527316636e-05, 1.59171431733e-05, 2.98108011521e-06, 9.73858732323e-07, 3.45410910541e-07, 3.11484207316e-08, 5.71704106278e-09]
        dvar: [1.07020607112e-13, 9.00710284135e-10, 5.98569727117e-08, 2.31579178944e-07, 7.49964556235e-07, 2.87448944647e-08, 1.8416936598e-07, 6.47304943868e-07, 8.2189370687e-07, 2.92516460831e-07, 2.3318476039e-08, 3.02795051255e-08, 5.07563875374e-08, 5.08944637545e-08, 7.47966950598e-08, 7.77022624021e-09, 5.04551511682e-09, 5.0315183131e-09, 1.36072610957e-08, 6.90720192154e-09, 1.65674229891e-09, 3.40295347456e-10, 4.0866164619e-11, 2.74871596838e-12, 1.69328337159e-13, 1.15912969056e-14, 1.22099079369e-14]
        dvar2: [1.1823240954e-13, 2.05486250238e-09, 1.68867941852e-07, 6.11360462699e-07, 2.05292371902e-06, 7.92101175762e-08, 5.20840046647e-07, 1.59220201112e-06, 2.01259695132e-06, 5.96295649302e-07, 6.09272774454e-08, 8.3913363369e-08, 1.15279654267e-07, 1.19016299038e-07, 2.08447119121e-07, 1.77316223926e-08, 1.27698829289e-08, 1.14698757159e-08, 3.13007824104e-08, 1.59219037954e-08, 4.34026858898e-09, 7.23803295077e-10, 9.79280406765e-11, 4.0075581742e-12, 3.48692483308e-13, 1.26402633545e-14, 1.22282766934e-14]
        max: [6.51609661872e-06, 0.000246421666816, 0.00166712154169, 0.00327866431326, 0.00680864369497, 0.00124178209808, 0.00493470905349, 0.00801681727171, 0.00804125610739, 0.00647231284529, 0.00157283316366, 0.00151018798351, 0.00354465399869, 0.00230107805692, 0.00321869109757, 0.00110312656034, 0.000895309553016, 0.000913448981009, 0.00197579222731, 0.000954811985139, 0.000518454005942, 0.00023702569888, 0.000118849318824, 2.82664968836e-05, 5.56434679311e-06, 2.15632121581e-06, 2.29237480198e-06]
        mean: [8.25924431069e-08, 3.51256639988e-05, 0.00020227173809, 0.00029980976251, 0.000497379282024, 0.000177317037014, 0.000266697665211, 0.000513981038239, 0.000628581794444, 0.000469553604489, 0.00015906165936, 0.000213357619941, 0.000229965182371, 0.000241305475356, 0.000229158744332, 0.000158681024914, 0.000138324452564, 0.000134290050482, 0.000242469948716, 0.000200240290724, 9.79710748652e-05, 1.91555009224e-05, 3.95156166633e-06, 1.82370297352e-06, 6.36101219698e-07, 3.99598754086e-08, 5.5048023917e-09]
        min: [5.894391919e-11, 9.13618578124e-07, 2.42759529101e-06, 4.48764808425e-07, 7.62311492508e-06, 4.90465708936e-06, 1.18839689094e-05, 1.16192932182e-05, 1.28097090055e-05, 4.21854610977e-06, 9.03406998987e-06, 1.83808115253e-05, 1.32814584504e-05, 1.28324209072e-05, 1.9280356355e-05, 2.44975963142e-05, 2.51712335739e-05, 2.26440679398e-05, 4.34129979112e-05, 5.41467125004e-05, 2.06369149964e-05, 1.43240595207e-06, 2.7386607826e-07, 1.79427956937e-07, 3.757201128e-08, 1.07836228835e-09, 4.62165316461e-15]
        var: [1.08041234379e-13, 1.10392051056e-09, 4.61392559714e-08, 1.82212730238e-07, 5.61380545605e-07, 3.28387628201e-08, 1.35237584686e-07, 7.5343325534e-07, 1.23455629364e-06, 5.87778004046e-07, 4.21097823278e-08, 3.77448579059e-08, 1.08391020603e-07, 9.15343250085e-08, 1.28896886054e-07, 2.09067767543e-08, 8.79183748026e-09, 1.1509710518e-08, 3.66627901371e-08, 1.31830164563e-08, 2.90306090278e-09, 9.4280516727e-10, 1.17664780697e-10, 1.41597974665e-11, 7.48069954506e-13, 1.32392223744e-14, 1.21906726657e-14]
    mfcc:
        mean: [-696.575317383, 133.887557983, -62.3848838806, 38.7975273132, -25.466594696, -3.68852806091, 5.02210092545, -11.3598823547, 1.45059895515, 0.772429525852, -6.96647357941, -2.58355474472, -8.38325405121]
        cov: [[466.829315186, -148.869552612, 67.4873962402, -95.4926147461, -25.877910614, 8.30324172974, -48.633266449, -0.659778416157, -54.3901596069, 1.91178381443, 74.0062942505, -41.2290039062, -17.8687019348], [-148.869552612, 317.091003418, -121.418937683, 60.6807937622, 1.91875970364, -41.1415634155, 25.2428016663, -18.2667770386, 36.3751068115, 10.7139225006, -14.9024505615, 15.5619134903, -8.36312389374], [67.4873962402, -121.418937683, 222.090209961, 10.7385520935, 14.8890075684, 7.98498153687, -37.8384552002, 7.42703533173, -34.630645752, -33.6556854248, -8.73508262634, 3.2499423027, 13.4257240295], [-95.4926147461, 60.6807937622, 10.7385520935, 86.3482971191, 36.6301651001, 6.25315999985, 4.87637853622, -10.5626001358, 7.02523851395, -8.92420291901, -26.539264679, 6.67922687531, 7.48920583725], [-25.877910614, 1.91875970364, 14.8890075684, 36.6301651001, 94.2718887329, 7.44631576538, -12.2857141495, -18.1482582092, 13.3713817596, 8.37539196014, -5.82484579086, -0.748871088028, 9.45717525482], [8.30324172974, -41.1415634155, 7.98498153687, 6.25315999985, 7.44631576538, 72.4447631836, 38.5216445923, 13.3890953064, -8.92670917511, -5.65050649643, 3.13982772827, 3.2309346199, 3.42028713226], [-48.633266449, 25.2428016663, -37.8384552002, 4.87637853622, -12.2857141495, 38.5216445923, 92.7224121094, 27.5261669159, 5.93575906754, -5.94519758224, -1.20642435551, 8.66219234467, -0.0578745678067], [-0.659778416157, -18.2667770386, 7.42703533173, -10.5626001358, -18.1482582092, 13.3890953064, 27.5261669159, 53.6393547058, 25.7359733582, 6.4608836174, -3.61178684235, -3.04096961021, -3.49151706696], [-54.3901596069, 36.3751068115, -34.630645752, 7.02523851395, 13.3713817596, -8.92670917511, 5.93575906754, 25.7359733582, 76.15965271, 36.0816802979, -3.37537121773, -1.48334097862, 0.721071779728], [1.91178381443, 10.7139225006, -33.6556854248, -8.92420291901, 8.37539196014, -5.65050649643, -5.94519758224, 6.4608836174, 36.0816802979, 62.9577064514, 26.3568706512, -2.15975093842, -3.78921484947], [74.0062942505, -14.9024505615, -8.73508262634, -26.539264679, -5.82484579086, 3.13982772827, -1.20642435551, -3.61178684235, -3.37537121773, 26.3568706512, 62.7975769043, 11.4312343597, 3.64521861076], [-41.2290039062, 15.5619134903, 3.2499423027, 6.67922687531, -0.748871088028, 3.2309346199, 8.66219234467, -3.04096961021, -1.48334097862, -2.15975093842, 11.4312343597, 45.2334518433, 20.0113105774], [-17.8687019348, -8.36312389374, 13.4257240295, 7.48920583725, 9.45717525482, 3.42028713226, -0.0578745678067, -3.49151706696, 0.721071779728, -3.78921484947, 3.64521861076, 20.0113105774, 41.4230575562]]
        icov: [[0.00476824957877, 0.000157471687999, -0.000735004898161, 0.00296563305892, -0.000412697991123, -0.00111068668775, 0.0022905934602, -0.00153055274859, 0.00202633300796, 0.00170933699701, -0.00599362142384, 0.00508068781346, 4.49101498816e-05], [0.000157471687999, 0.00639473786578, 0.00274558132514, -0.00507979141548, 0.00116482120939, 0.00422113342211, -0.00210388284177, 0.00204483186826, -0.00202847761102, 0.001002430683, -0.000745369587094, -0.00200688862242, 0.00210460065864], [-0.000735004898161, 0.00274558132514, 0.00818959902972, -0.00382212200202, -0.00126775389072, 0.000918955774978, 0.0036577808205, -0.00529657397419, 0.00268410076387, 0.00285906228237, 4.10296961491e-05, -0.00228495639749, -0.000638777506538], [0.00296563305892, -0.00507979141548, -0.00382212200202, 0.0235836450011, -0.006367941387, -0.00502636330202, 0.000636168115307, 0.00223334762268, 0.000555883452762, 7.15710048098e-05, 0.00442016543821, 0.00116818433162, -0.00166981865186], [-0.000412697991123, 0.00116482120939, -0.00126775389072, -0.006367941387, 0.0162843521684, -0.00282103684731, 0.000186845049029, 0.00851641967893, -0.00602595787495, -0.00175096851308, 0.00023570790654, 0.00186044350266, -0.00212223432027], [-0.00111068668775, 0.00422113342211, 0.000918955774978, -0.00502636330202, -0.00282103684731, 0.0235277973115, -0.0105669386685, -0.0027654687874, 0.00343362684362, -0.000864225439727, -0.00067569874227, -0.00146508670878, 6.59506840748e-05], [0.0022905934602, -0.00210388284177, 0.0036577808205, 0.000636168115307, 0.000186845049029, -0.0105669386685, 0.0220905076712, -0.0119527839124, 0.00295451958664, 0.00455155735835, -0.0037876511924, -0.00059464253718, 0.000101513964182], [-0.00153055274859, 0.00204483186826, -0.00529657397419, 0.00223334762268, 0.00851641967893, -0.0027654687874, -0.0119527839124, 0.0396400429308, -0.0185642186552, -0.000462265277747, 0.00445252936333, 0.00045105846948, 0.00234516453929], [0.00202633300796, -0.00202847761102, 0.00268410076387, 0.000555883452762, -0.00602595787495, 0.00343362684362, 0.00295451958664, -0.0185642186552, 0.0314295962453, -0.0147357098758, 0.00388610688969, 0.00111503549851, -0.00374999199994], [0.00170933699701, 0.001002430683, 0.00285906228237, 7.15710048098e-05, -0.00175096851308, -0.000864225439727, 0.00455155735835, -0.000462265277747, -0.0147357098758, 0.0338963866234, -0.0173809137195, 0.00419558258727, 0.00329852383584], [-0.00599362142384, -0.000745369587094, 4.10296961491e-05, 0.00442016543821, 0.00023570790654, -0.00067569874227, -0.0037876511924, 0.00445252936333, 0.00388610688969, -0.0173809137195, 0.0350084267557, -0.0137782562524, -0.0012585259974], [0.00508068781346, -0.00200688862242, -0.00228495639749, 0.00116818433162, 0.00186044350266, -0.00146508670878, -0.00059464253718, 0.00045105846948, 0.00111503549851, 0.00419558258727, -0.0137782562524, 0.0379189997911, -0.0146923810244], [4.49101498816e-05, 0.00210460065864, -0.000638777506538, -0.00166981865186, -0.00212223432027, 6.59506840748e-05, 0.000101513964182, 0.00234516453929, -0.00374999199994, 0.00329852383584, -0.0012585259974, -0.0146923810244, 0.0333468429744]]
    spectral_contrast:
        mean: [6.93464983215e-07, -5.88465915996e-08, 6.9775552447e-08, 4.22352627538e-07, 5.9781376649e-07, 8.65523531957e-07, -4.20115702582e-06, -3.2388886666e-06, -5.25352561453e-07, -1.28635144847e-06, 1.62221670053e-06, -4.09747286767e-07]
        var: [0.000214212472201, 0.000390851695556, 0.00140863680281, 0.00232191430405, 0.00300805759616, 0.00431750807911, 0.0201216749847, 0.0531098172069, 0.0932839736342, 0.157736629248, 0.222260847688, 0.281116694212]

rhythm:
    beats_loudness:
        dmean: 0.00154601561371
        dmean2: 0.00255749956705
        dvar: 2.09132258533e-06
        dvar2: 3.63553067473e-06
        max: 0.00909840036184
        mean: 0.00487543502823
        min: 0.00216305372305
        var: 3.85784233004e-06
    beats_loudness_bass:
        dmean: 0.0649804621935
        dmean2: 0.0955551937222
        dvar: 0.00233168597333
        dvar2: 0.00384852360003
        max: 0.289695888758
        mean: 0.111653290689
        min: 0.0103742070496
        var: 0.00534076755866
    bpm: 145.241378784
    bpm_confidence: 0
    first_peak_bpm: 147
    first_peak_spread: 0.363636374474
    first_peak_weight: 0.608695626259
    onset_rate: 3.5888671875
    second_peak_bpm: 92
    second_peak_spread: 0
    second_peak_weight: 0.0434782616794
    beats_position: [0.0988820642233, 0.507023334503, 0.915164649487, 1.32330596447, 1.73144733906, 2.13958859444, 2.54772996902, 2.95587110519, 3.36401247978, 3.77215385437, 4.18029499054, 4.58843612671, 4.99657773972, 5.40471887589, 5.81286001205, 6.46492099762, 6.88231611252, 7.29971122742, 7.71710634232, 8.13450241089, 8.55189704895, 8.96929264069, 9.38668727875, 9.80408287048]
    bpm_estimates: [147.000244141, 144.88243103, 147.293243408, 147.661682129, 148.246994019, 144.414718628, 144.834625244, 144.077835083, 140.979309082, 143.261734009, 145.002365112]
    bpm_intervals: [0.408141255379, 0.408141314983, 0.408141314983, 0.408141374588, 0.408141255379, 0.408141374588, 0.408141136169, 0.408141374588, 0.408141374588, 0.408141136169, 0.408141136169, 0.408141613007, 0.408141136169, 0.408141136169, 0.652060985565, 0.417395114899, 0.417395114899, 0.417395114899, 0.417396068573, 0.417394638062, 0.417395591736, 0.417394638062, 0.417395591736]
    onset_times: [0.0580498874187, 0.162539675832, 0.801088452339, 0.99845802784, 1.40480720997, 1.62539684772, 1.81115651131, 1.91564631462, 2.02013611794, 2.22911572456, 2.32199549675, 3.07664394379, 3.27401351929, 3.49460315704, 4.33052158356, 4.74848079681, 4.93424034119, 5.61922883987, 5.80498886108, 6.03718805313, 6.47836732864, 6.67573690414, 6.87310647964, 7.07047605515, 7.30267572403, 7.46521520615, 7.69741487503, 7.9644446373, 7.99927425385, 8.31274414062, 8.55655288696, 8.75392246246, 8.96290206909, 9.39247131348, 9.79882049561, 9.94975090027]
    rubato_start: []
    rubato_stop: []
    perceptual_tempo: "unknown"

sfx:
    inharmonicity:
        dmean: 0.0503144413233
        dmean2: 0.0901047363877
        dvar: 0.00266408035532
        dvar2: 0.00775785325095
        max: 0.332823246717
        mean: 0.0598410665989
        min: 0.000122741650557
        var: 0.00290455669165
    oddtoevenharmonicenergyratio:
        dmean: 2.69082427025
        dmean2: 4.92389154434
        dvar: 47.7779693604
        dvar2: 139.778762817
        max: 75.9485092163
        mean: 2.09173250198
        min: 0.0055502364412
        var: 33.4778175354
    pitch_after_max_to_before_max_energy_ratio: 1.85998594761
    pitch_centroid: 216.178817749
    pitch_max_to_total: 0.251162797213
    pitch_min_to_total: 0
    tristimulus:
        dmean: [0.169293880463, 0.179096013308, 0.114948153496]
        dmean2: [0.293156296015, 0.31417953968, 0.203736111522]
        dvar: [0.0200676098466, 0.0241895858198, 0.00980868749321]
        dvar2: [0.0565757825971, 0.0667909756303, 0.0290977843106]
        max: [0.914949595928, 0.913884997368, 0.625074505806]
        mean: [0.304294258356, 0.502080321312, 0.174210041761]
        min: [0.00966792088002, 0, 0]
        var: [0.0344720184803, 0.0340059511364, 0.0147715779021]

tonal:
    chords_changes_rate: 0.050925925374
    chords_number_rate: 0.0185185186565
    chords_strength:
        dmean: 0.0095095038414
        dmean2: 0.00917313061655
        dvar: 7.38254238968e-05
        dvar2: 8.6089297838e-05
        max: 0.734449565411
        mean: 0.589089512825
        min: 0.391088575125
        var: 0.00458170287311
    key_strength: 0.726771056652
    tuning_diatonic_strength: 0.583936333656
    tuning_equal_tempered_deviation: 0.0561006739736
    tuning_frequency: 437.465789795
    tuning_nontempered_energy_ratio: 0.684475183487
    hpcp:
        dmean: [0.182310730219, 0.193916395307, 0.147820055485, 0.115894235671, 0.0880418941379, 0.102589733899, 0.115200974047, 0.123120389879, 0.120040670037, 0.147541105747, 0.137037143111, 0.147394567728, 0.172171711922, 0.148318707943, 0.137850657105, 0.15182608366, 0.153008311987, 0.125117823482, 0.130329191685, 0.158884942532, 0.196387857199, 0.225135952234, 0.179299980402, 0.140211850405, 0.112891852856, 0.106931604445, 0.109194114804, 0.11664326489, 0.126158341765, 0.14664670825, 0.138218924403, 0.112164154649, 0.105009019375, 0.112574294209, 0.10733743012, 0.19165430963]
        dmean2: [0.301212280989, 0.321960240602, 0.243608668447, 0.198713108897, 0.151508271694, 0.174393236637, 0.191616430879, 0.209456205368, 0.205036878586, 0.262843668461, 0.241534337401, 0.250324487686, 0.288662016392, 0.245739877224, 0.224918946624, 0.258513063192, 0.274199455976, 0.213797345757, 0.223558947444, 0.282106637955, 0.346648216248, 0.38310828805, 0.309235841036, 0.252802580595, 0.19920873642, 0.194751992822, 0.19562703371, 0.195095688105, 0.215359851718, 0.260519772768, 0.248902931809, 0.194369286299, 0.191956624389, 0.196276679635, 0.186881348491, 0.31485208869]
        dvar: [0.0479443185031, 0.0311338976026, 0.0297239106148, 0.0335575267673, 0.0145732592791, 0.0215395987034, 0.018332451582, 0.0245995633304, 0.019492033869, 0.0390791483223, 0.0337079241872, 0.0288474261761, 0.0315774269402, 0.0293367765844, 0.0250967405736, 0.0380947440863, 0.0401554591954, 0.0272419266403, 0.0373662151396, 0.0516690947115, 0.048835363239, 0.0531548000872, 0.0413109324872, 0.0444515421987, 0.0377500019968, 0.0309096034616, 0.0276665668935, 0.0244304258376, 0.0271465294063, 0.0336769223213, 0.0320028886199, 0.0253338012844, 0.0257401503623, 0.0314162820578, 0.0187124274671, 0.0376377180219]
        dvar2: [0.109096691012, 0.0788306370378, 0.0689115747809, 0.0860126614571, 0.0390338748693, 0.0578713603318, 0.0425463430583, 0.0677900388837, 0.0542363971472, 0.11582980305, 0.098718367517, 0.0792569965124, 0.08356898278, 0.0801144912839, 0.0587110966444, 0.0970755591989, 0.115425236523, 0.0663998797536, 0.104117840528, 0.131028115749, 0.130786553025, 0.140934631228, 0.120971411467, 0.13229174912, 0.109002321959, 0.078261770308, 0.0750899016857, 0.0620503723621, 0.0716278553009, 0.0844214707613, 0.0702680051327, 0.0702462568879, 0.0696374699473, 0.0882875993848, 0.0487026646733, 0.101325809956]
        max: [1, 1, 1, 1, 0.746975123882, 1, 1, 1, 1, 1, 1, 1, 1, 1, 1, 1, 1, 1, 1, 1, 1, 1, 1, 1, 1, 1, 1, 1, 1, 1, 1, 1, 1, 1, 0.911674618721, 1]
        mean: [0.591361343861, 0.430928498507, 0.198859602213, 0.132866293192, 0.106609918177, 0.159717783332, 0.213518485427, 0.178531348705, 0.187437400222, 0.245655119419, 0.210181593895, 0.217298805714, 0.248056918383, 0.188706561923, 0.199904665351, 0.27633318305, 0.25625795126, 0.178934574127, 0.140815496445, 0.148613274097, 0.270016223192, 0.362542182207, 0.24231749773, 0.131478667259, 0.118400774896, 0.10723400861, 0.135937720537, 0.170246437192, 0.172577768564, 0.214644506574, 0.232413232327, 0.16276191175, 0.132818087935, 0.140350714326, 0.14031355083, 0.3509542346]
        min: [0.036005128175, 0.0232452042401, 0.00334071228281, 0.00605735136196, 0.00746361585334, 0.0105110844597, 0.00998657103628, 0.00817764084786, 0.00861128792167, 0.00991987250745, 0.0104093775153, 0.0265017971396, 0.0230168234557, 0.0117653822526, 0.0101041635498, 0.00791124906391, 0.00979787576944, 0.00908323936164, 0.00504128215834, 0.00530485762283, 0.0148635199293, 0.0213105864823, 0.0164887215942, 0.00154520152137, 0.00196667271666, 0.0021520962473, 0.00326654338278, 0.00359813193791, 0.0091235274449, 0.0106948195025, 0.00749171245843, 0.00380961853079, 0.00570937665179, 0.00560266524553, 0.00579329160973, 0.030191399157]
        var: [0.136045753956, 0.0759717524052, 0.0410918071866, 0.0301194917411, 0.0143499616534, 0.0287601239979, 0.0454223826528, 0.0285542830825, 0.0292751267552, 0.0687496289611, 0.0546725727618, 0.0363973304629, 0.041922070086, 0.0310641806573, 0.0365735031664, 0.0846605375409, 0.0726283639669, 0.0385636799037, 0.0344398654997, 0.0434721149504, 0.0592943280935, 0.090261310339, 0.0461672507226, 0.0340188741684, 0.0297029092908, 0.0255248937756, 0.0247830525041, 0.037310551852, 0.0299153570086, 0.0433054827154, 0.0653193220496, 0.0411551557481, 0.0243747401983, 0.029015481472, 0.0219562780112, 0.0688574612141]
    chords_histogram: [33.796295166, 0, 32.4074058533, 0, 0, 0, 0, 0, 0, 0, 0, 0, 0, 0, 0, 0, 0, 0, 0, 19.4444446564, 14.3518514633, 0, 0, 0]
    thpcp: [1, 0.728705883026, 0.336274266243, 0.224678695202, 0.180278807878, 0.270084917545, 0.361062645912, 0.301898926497, 0.316959172487, 0.415406107903, 0.355419903994, 0.367455214262, 0.4194675982, 0.319105327129, 0.338041484356, 0.467283129692, 0.433335661888, 0.30258077383, 0.238120898604, 0.251307040453, 0.456601083279, 0.613063693047, 0.409762144089, 0.222332194448, 0.200217306614, 0.181334152818, 0.229872509837, 0.287889033556, 0.291831344366, 0.362966746092, 0.393013894558, 0.275232583284, 0.224597170949, 0.237334951758, 0.23727209866, 0.593468368053]
    chords_key: "D"
    chords_scale: "major"
    key_key: "D"
    key_scale: "major"
    chords_progression: ["A", "A", "A", "A", "Am", "Am", "Am", "Am", "Am", "A", "A", "A", "A", "A", "A", "A", "A", "A", "Am", "Am", "Am", "Am", "Am", "Am", "Am", "Am", "Am", "Am", "Am", "Am", "Am", "Am", "Am", "Am", "Am", "Am", "D", "D", "D", "D", "D", "D", "D", "D", "D", "D", "D", "D", "D", "D", "D", "D", "D", "D", "D", "D", "D", "D", "D", "D", "D", "D", "D", "D", "D", "D", "D", "D", "D", "D", "D", "D", "D", "D", "D", "Am", "Am", "Am", "Am", "Am", "Am", "Am", "Am", "C", "C", "C", "C", "C", "C", "C", "C", "C", "C", "C", "C", "C", "C", "C", "C", "C", "C", "C", "C", "C", "C", "C", "C", "C", "C", "C", "C", "C", "C", "C", "Am", "Am", "Am", "Am", "Am", "Am", "Am", "Am", "Am", "Am", "Am", "A", "A", "A", "A", "A", "A", "A", "A", "A", "A", "A", "A", "A", "A", "A", "A", "A", "A", "A", "A", "A", "A", "A", "A", "A", "A", "A", "A", "A", "A", "A", "A", "A", "A", "A", "A", "A", "A", "A", "A", "A", "A", "A", "A", "A", "A", "A", "A", "A", "A", "A", "A", "A", "A", "A", "D", "A", "A", "D", "D", "D", "D", "D", "D", "D", "D", "D", "D", "D", "D", "D", "D", "D", "D", "D", "D", "D", "D", "D", "D", "D", "D", "D", "D", "D", "D", "D", "D", "D", "D", "D"]
