
metadata:
    version:
        essentia: "1.2.2"
    audio_properties:
        analysis_sample_rate: 44100
        bitrate: 128
        channels: 2
        equal_loudness: 1
        length: 10.0310201645
        replay_gain: 4.65574836731
        downmix: "mix"
    tags:
        track: 3
        year: 0
        album: "Splitted by Mp3Splt v. 2.1"
        artist: "From 000.20 To 000.30"
        comment: "http://mp3splt.sf.net"
        genre: ""
        title: "04 Southern Belles in London S"

highlevel:
    ballroom:
        all:
            ChaChaCha: 0.000791338388808
            Jive: 0.000691405613907
            Quickstep: 0.00389047898352
            Rumba-American: 0.00916499271989
            Rumba-International: 0.0147499041632
            Rumba-Misc: 0.0217772927135
            Samba: 0.000621155952103
            Tango: 0.0354549773037
            VienneseWaltz: 0.534995675087
            Waltz: 0.377862811089
        probability: 0.534995675087
        value: "VienneseWaltz"
    culture:
        all:
            non_western: 0.274893283844
            western: 0.725106716156
        probability: 0.725106716156
        value: "western"
    gender:
        all:
            female: 0.832417726517
            male: 0.167582288384
        probability: 0.832417726517
        value: "female"
    genre_dortmund:
        all:
            alternative: 0.107856430113
            blues: 0.0113359503448
            electronic: 0.306917250156
            folkcountry: 0.0648209750652
            funksoulrnb: 0.0175424236804
            jazz: 0.0188609603792
            pop: 0.044904910028
            raphiphop: 0.00124126346782
            rock: 0.426519840956
        probability: 0.426519840956
        value: "rock"
    genre_electronica:
        all:
            ambient: 0.971671462059
            dnb: 0.00492714019492
            house: 0.00922079011798
            techno: 0.00130979414098
            trance: 0.0128708127886
        probability: 0.971671462059
        value: "ambient"
    genre_rosamerica:
        all:
            cla: 0.605715930462
            dan: 0.00408533029258
            hip: 0.00349012715742
            jaz: 0.0292940028012
            pop: 0.0243412014097
            rhy: 0.0357299409807
            roc: 0.289329558611
            spe: 0.00801392551512
        probability: 0.605715930462
        value: "cla"
    genre_tzanetakis:
        all:
            blu: 0.001850719098
            cla: 0.953656852245
            cou: 0.0153089296073
            dis: 0.00412820838392
            hip: 0.00103428121656
            jaz: 0.00520917214453
            met: 0.00137973204255
            pop: 0.00633578887209
            reg: 0.00482025370002
            roc: 0.0062760473229
        probability: 0.953656852245
        value: "cla"
    live_studio:
        all:
            live: 0.616897940636
            studio: 0.383102089167
        probability: 0.616897940636
        value: "live"
    mood:
        all:
            Cluster1: 0.102527670562
            Cluster2: 0.260611265898
            Cluster3: 0.456488013268
            Cluster4: 0.160837173462
            Cluster5: 0.0195359047502
        probability: 0.456488013268
        value: "Cluster3"
    mood_acoustic:
        all:
            acoustic: 0.626797437668
            not_acoustic: 0.373202592134
        probability: 0.626797437668
        value: "acoustic"
    mood_aggressive:
        all:
            aggressive: 0.00357355456799
            not_aggressive: 0.996426463127
        probability: 0.996426463127
        value: "not_aggressive"
    mood_electronic:
        all:
            electronic: 0.48173931241
            not_electronic: 0.518260657787
        probability: 0.518260657787
        value: "not_electronic"
    mood_happy:
        all:
            happy: 0.160250380635
            not_happy: 0.839749634266
        probability: 0.839749634266
        value: "not_happy"
    mood_party:
        all:
            not_party: 0.977700769901
            party: 0.0222992263734
        probability: 0.977700769901
        value: "not_party"
    mood_relaxed:
        all:
            not_relaxed: 0.176444083452
            relaxed: 0.82355594635
        probability: 0.82355594635
        value: "relaxed"
    mood_sad:
        all:
            not_sad: 0.126223057508
            sad: 0.873776912689
        probability: 0.873776912689
        value: "sad"
    rhythm:
        all:
            fast: 0.231056630611
            medium: 0.0256660003215
            slow: 0.74327737093
        probability: 0.74327737093
        value: "slow"
    speech_music:
        all:
            music: 0.640660703182
            speech: 0.35933932662
        probability: 0.640660703182
        value: "music"
    timbre:
        all:
            bright: 0.98302924633
            dark: 0.0169707387686
        probability: 0.98302924633
        value: "bright"
    voice_instrumental:
        all:
            instrumental: 0.978610754013
            voice: 0.0213892310858
        probability: 0.978610754013
        value: "instrumental"

lowlevel:
    average_loudness: 0.9572686553
    barkbands_kurtosis:
        dmean: 0.928000450134
        dmean2: 1.56449377537
        dvar: 1.48502659798
        dvar2: 4.17772912979
        max: 10.92370224
        mean: 0.209266588092
        min: -1.57787561417
        var: 2.67741417885
    barkbands_skewness:
        dmean: 0.364213913679
        dmean2: 0.580287158489
        dvar: 0.0925045236945
        dvar2: 0.258510619402
        max: 1.90613245964
        mean: 0.219376713037
        min: -1.28350710869
        var: 0.274300068617
    barkbands_spread:
        dmean: 2.31612420082
        dmean2: 3.85440897942
        dvar: 3.87543725967
        dvar2: 10.3087978363
        max: 22.3360652924
        mean: 10.037405014
        min: 2.56706905365
        var: 12.3397550583
    dissonance:
        dmean: 0.0477261841297
        dmean2: 0.0820929780602
        dvar: 0.00152829778381
        dvar2: 0.00411431398243
        max: 0.49935734272
        mean: 0.405002981424
        min: 0.18034940958
        var: 0.00315533345565
    hfc:
        dmean: 1.35867273808
        dmean2: 2.12425231934
        dvar: 2.38851618767
        dvar2: 5.58989810944
        max: 28.4138793945
        mean: 4.42337083817
        min: 0.638411939144
        var: 8.51171779633
    pitch:
        dmean: 93.4498443604
        dmean2: 180.66204834
        dvar: 24118.3613281
        dvar2: 63158.0859375
        max: 801.81817627
        mean: 432.660614014
        min: 82.4299087524
        var: 65460.0976562
    pitch_instantaneous_confidence:
        dmean: 0.0837958604097
        dmean2: 0.136482298374
        dvar: 0.00421296712011
        dvar2: 0.0111700743437
        max: 0.963576674461
        mean: 0.621614336967
        min: 0.281397461891
        var: 0.0216312073171
    pitch_salience:
        dmean: 0.0645193681121
        dmean2: 0.111356571317
        dvar: 0.00341677642427
        dvar2: 0.00997278187424
        max: 0.789864361286
        mean: 0.536846339703
        min: 0.196016460657
        var: 0.00688519701362
    silence_rate_20dB:
        dmean: 0
        dmean2: 0
        dvar: 0
        dvar2: 0
        max: 1
        mean: 1
        min: 1
        var: 0
    silence_rate_30dB:
        dmean: 0
        dmean2: 0
        dvar: 0
        dvar2: 0
        max: 1
        mean: 1
        min: 1
        var: 0
    silence_rate_60dB:
        dmean: 0.127610206604
        dmean2: 0.255813956261
        dvar: 0.111326098442
        dvar2: 0.264790117741
        max: 1
        mean: 0.305555552244
        min: 0
        var: 0.212190166116
    spectral_centroid:
        dmean: 98.0886764526
        dmean2: 160.242492676
        dvar: 8179.07568359
        dvar2: 21832.453125
        max: 1735.98876953
        mean: 894.273010254
        min: 433.2421875
        var: 55647.6289062
    spectral_complexity:
        dmean: 1.37762236595
        dmean2: 2.28037381172
        dvar: 1.23735642433
        dvar2: 3.48681330681
        max: 21
        mean: 10.7302322388
        min: 3
        var: 12.024892807
    spectral_crest:
        dmean: 2.8075633049
        dmean2: 4.61536169052
        dvar: 5.06522369385
        dvar2: 14.0303564072
        max: 22.4100494385
        mean: 10.1655168533
        min: 3.81993675232
        var: 16.1946773529
    spectral_decrease:
        dmean: 3.2692248908e-10
        dmean2: 5.20017029437e-10
        dvar: 9.16587398413e-20
        dvar2: 2.44096862861e-19
        max: -2.14590192837e-10
        mean: -1.17746701278e-09
        min: -4.1245393767e-09
        var: 3.68813727249e-19
    spectral_energy:
        dmean: 0.00135139666963
        dmean2: 0.00214194017462
        dvar: 1.57769159159e-06
        dvar2: 4.17660567109e-06
        max: 0.0165833719075
        mean: 0.00484524294734
        min: 0.000870802032296
        var: 6.33311310594e-06
    spectral_energyband_high:
        dmean: 2.72258404266e-07
        dmean2: 4.2809159595e-07
        dvar: 2.64950794594e-13
        dvar2: 5.83999157627e-13
        max: 5.52254232389e-06
        mean: 7.13916335826e-07
        min: 3.85392020519e-08
        var: 9.22053123957e-13
    spectral_energyband_low:
        dmean: 1.38356945172e-05
        dmean2: 1.64708053489e-05
        dvar: 3.78307357662e-10
        dvar2: 5.99673088963e-10
        max: 0.000461532588815
        mean: 0.000111087232654
        min: 5.37040740767e-08
        var: 9.91562743025e-09
    spectral_energyband_middle_high:
        dmean: 0.00068331026705
        dmean2: 0.00106444116682
        dvar: 6.21717788363e-07
        dvar2: 1.3659682736e-06
        max: 0.01239713002
        mean: 0.00200234935619
        min: 0.000163682954735
        var: 2.42961846197e-06
    spectral_energyband_middle_low:
        dmean: 0.000951891881414
        dmean2: 0.00157726160251
        dvar: 1.10934900022e-06
        dvar2: 2.9708544389e-06
        max: 0.0126762883738
        mean: 0.00273109762929
        min: 0.000267366296612
        var: 3.28273972627e-06
    spectral_flatness_db:
        dmean: 0.0208929274231
        dmean2: 0.0348182693124
        dvar: 0.000341122591635
        dvar2: 0.000920695543755
        max: 0.424534529448
        mean: 0.30359646678
        min: 0.181480556726
        var: 0.001158059109
    spectral_flux:
        dmean: 0.00709538767114
        dmean2: 0.011959460564
        dvar: 4.22667908424e-05
        dvar2: 0.000111445799121
        max: 0.0807235464454
        mean: 0.0326535664499
        min: 0.0111801074818
        var: 0.000126524624648
    spectral_kurtosis:
        dmean: 21.3156280518
        dmean2: 37.9354972839
        dvar: 281.469665527
        dvar2: 877.408752441
        max: 125.553237915
        mean: 58.9678878784
        min: 10.7585201263
        var: 652.337524414
    spectral_rms:
        dmean: 0.000300216604955
        dmean2: 0.000475024833577
        dvar: 6.03187828574e-08
        dvar2: 1.68437125581e-07
        max: 0.00402230024338
        mean: 0.00210444279946
        min: 0.000921717379242
        var: 2.983840659e-07
    spectral_rolloff:
        dmean: 221.957351685
        dmean2: 416.224334717
        dvar: 78772.953125
        dvar2: 188470.890625
        max: 2368.65234375
        mean: 1379.43066406
        min: 667.529296875
        var: 213547.140625
    spectral_skewness:
        dmean: 1.24361348152
        dmean2: 2.2004699707
        dvar: 0.865707993507
        dvar2: 2.83614635468
        max: 8.783411026
        mean: 4.95860815048
        min: 1.85928118229
        var: 2.36337161064
    spectral_spread:
        dmean: 215279.5
        dmean2: 363385.03125
        dvar: 306424381440
        dvar2: 352185778176
        max: 12358031
        mean: 1083890.625
        min: 585049.5625
        var: 333884522496
    spectral_strongpeak:
        dmean: 0.537353217602
        dmean2: 0.908980309963
        dvar: 0.316064983606
        dvar2: 0.683467924595
        max: 5.73604202271
        mean: 1.13456857204
        min: 0.0805380865932
        var: 0.620751023293
    zerocrossingrate:
        dmean: 0.00389486807398
        dmean2: 0.0050231362693
        dvar: 1.28600213429e-05
        dvar2: 1.93183932424e-05
        max: 0.0888671875
        mean: 0.0464298687875
        min: 0.0185546875
        var: 0.000151162123075
    barkbands:
        dmean: [5.4911875047e-09, 2.51037613452e-06, 1.2114745914e-05, 2.37074964389e-05, 6.74664988765e-05, 0.000105889070255, 0.000143489509355, 0.000190124512301, 0.000707277387846, 0.000290542258881, 0.000253666163189, 8.96269557416e-05, 0.000101831748907, 0.000303676933981, 5.74920450163e-05, 7.0195281296e-05, 0.000120461372717, 8.93194646778e-06, 7.9503897723e-06, 9.44049759255e-07, 1.86962239468e-07, 3.16413135693e-08, 2.19436779858e-09, 1.60712032571e-09, 1.60719026976e-09, 1.09479969534e-09, 1.1469184491e-09]
        dmean2: [7.38437133663e-09, 3.32753256771e-06, 1.43464048961e-05, 3.46283741237e-05, 0.0001052186999, 0.000187245430425, 0.000187253128388, 0.000321755476762, 0.00117131415755, 0.000483975134557, 0.000400576012908, 0.000135641588713, 0.000165479068528, 0.000504477880895, 0.00010193190974, 0.000125266087707, 0.000183560274309, 1.4099996406e-05, 1.23450899991e-05, 1.31474041609e-06, 2.92722688755e-07, 5.07305770725e-08, 2.92425128556e-09, 2.0182895355e-09, 2.10783768217e-09, 1.27229127234e-09, 1.33156208282e-09]
        dvar: [2.65764591662e-15, 3.9110971406e-11, 2.8851390721e-10, 1.22117604917e-09, 1.00157286909e-08, 3.16441202131e-08, 4.78011585869e-08, 6.07408736641e-08, 9.45104034145e-07, 3.47329631722e-07, 1.554806488e-07, 2.61859085526e-08, 1.53839234684e-08, 3.40497308571e-07, 1.4059840403e-08, 2.98919111685e-08, 1.82474366284e-07, 3.38660738342e-10, 4.67386795933e-10, 4.3945975331e-12, 1.69688956354e-13, 1.21978970097e-14, 5.52398148145e-16, 4.286311762e-16, 3.83419786789e-16, 3.33137052303e-16, 3.69078407261e-16]
        dvar2: [2.66772370287e-15, 3.76138113711e-11, 5.12896780602e-10, 2.65130428723e-09, 3.26073212875e-08, 1.11219819132e-07, 9.43640117157e-08, 1.88750021834e-07, 2.51979463428e-06, 9.74890667749e-07, 3.85452040064e-07, 5.43292131283e-08, 3.27004592293e-08, 8.02227361874e-07, 4.51048904893e-08, 8.82690045501e-08, 3.65483941778e-07, 9.17667053457e-10, 1.15711429327e-09, 7.95164715323e-12, 3.77850745484e-13, 3.12675266809e-14, 5.54355694226e-16, 4.2986824135e-16, 3.84743884574e-16, 3.3374278674e-16, 3.69790364923e-16]
        max: [1.09106929358e-06, 0.000156114416313, 0.000461462623207, 0.00128281407524, 0.000919159559999, 0.00143486284651, 0.00467438437045, 0.00185383087955, 0.00870854593813, 0.00640360172838, 0.00342109194025, 0.00208052876405, 0.00169491907582, 0.00594243500382, 0.00124610506464, 0.0025452573318, 0.00868089869618, 0.000222362607019, 0.000266206974629, 2.70111977443e-05, 4.72006377095e-06, 1.51766380441e-06, 4.90194452141e-07, 4.31741625562e-07, 4.08800190144e-07, 3.79097002678e-07, 3.98875272367e-07]
        mean: [1.45488590064e-08, 8.67979815666e-06, 0.000102394194982, 0.000159052826348, 0.000237935470068, 0.000208705867408, 0.000468373706099, 0.000307276495732, 0.00115508877207, 0.000477915309602, 0.000389677239582, 0.000173668944626, 0.000198258392629, 0.000508212484419, 8.531545609e-05, 0.000134261208586, 0.000196633962332, 1.61956722877e-05, 1.49417774082e-05, 2.20490096581e-06, 3.70949152284e-07, 5.64312756524e-08, 4.80633488564e-09, 3.43882744502e-09, 3.3062494964e-09, 1.16089882152e-09, 1.10578868284e-09]
        min: [1.09005738463e-11, 4.3746624101e-09, 4.78818806826e-09, 6.76031230995e-09, 4.88172474888e-07, 9.58643340709e-06, 4.49282924819e-06, 4.87137981509e-07, 2.07807406696e-05, 3.19067703458e-06, 2.19901585297e-06, 9.66551169768e-07, 6.25193115411e-06, 9.88782721834e-06, 2.01771655384e-07, 8.64013600221e-07, 7.54668576519e-07, 1.98121867356e-07, 5.24172669714e-08, 3.02642746419e-08, 1.46521434985e-08, 2.30710939242e-09, 1.18812282235e-09, 9.45300393518e-10, 9.98610083514e-10, 4.30736904478e-11, 5.06604781454e-14]
        var: [2.98045800788e-15, 3.70172170694e-10, 1.0179073584e-08, 7.03734031049e-08, 3.87296168469e-08, 4.5997001763e-08, 5.19069089933e-07, 1.23573087762e-07, 1.99688088287e-06, 6.96056702054e-07, 2.83815950297e-07, 8.85325306399e-08, 4.69472496434e-08, 6.69237635975e-07, 2.01865866245e-08, 8.41641210059e-08, 3.62462998282e-07, 6.16078799087e-10, 1.11849796092e-09, 1.7991804227e-11, 4.23728679097e-13, 1.89964875292e-14, 5.54112384012e-16, 4.28929596495e-16, 3.83633847896e-16, 3.3300173879e-16, 3.6886834309e-16]
    mfcc:
        mean: [-848.454528809, 265.117248535, -99.5283584595, -4.50125741959, -8.65073680878, -20.5051879883, -11.3451509476, -12.0486307144, 0.586355507374, -7.30174970627, -5.64230108261, -7.83842658997, -16.7175636292]
        cov: [[1224.29772949, -71.5485916138, -482.50958252, 469.397033691, -17.4967689514, -7.11752080917, 169.1771698, 86.2865066528, 95.7800445557, 66.5793151855, 88.7158889771, 178.410675049, 83.2986755371], [-71.5485916138, 380.550323486, 158.620681763, -122.634124756, 70.3786239624, -0.380829662085, -1.44127309322, 4.42753171921, -65.496131897, -80.1841659546, -60.4328575134, -55.7596435547, 30.4131164551], [-482.50958252, 158.620681763, 393.688964844, -172.16116333, 10.0363206863, 10.4682130814, -50.7010765076, -20.4955997467, -54.1247329712, -39.3292694092, -38.0058822632, -75.6068496704, -27.9744911194], [469.397033691, -122.634124756, -172.16116333, 351.404205322, -3.48948979378, -17.0932865143, 100.498725891, 48.1051368713, 90.3856658936, 123.493270874, 102.972793579, 114.844604492, 14.6442890167], [-17.4967689514, 70.3786239624, 10.0363206863, -3.48948979378, 112.19443512, 35.3352584839, -6.31610059738, 17.0135765076, 4.15763473511, 4.01331138611, -5.62099027634, -10.1481180191, 12.6930074692], [-7.11752080917, -0.380829662085, 10.4682130814, -17.0932865143, 35.3352584839, 81.7461853027, 7.79109811783, 1.46876549721, 0.433409541845, -25.6610832214, -23.2196006775, -10.4889755249, 4.60288667679], [169.1771698, -1.44127309322, -50.7010765076, 100.498725891, -6.31610059738, 7.79109811783, 100.381454468, 42.1060600281, 23.4390697479, 38.731048584, 27.1325416565, 39.6591110229, 6.62739181519], [86.2865066528, 4.42753171921, -20.4955997467, 48.1051368713, 17.0135765076, 1.46876549721, 42.1060600281, 75.7591323853, 31.623260498, 11.5935106277, 17.6964569092, 20.9074821472, 10.1935052872], [95.7800445557, -65.496131897, -54.1247329712, 90.3856658936, 4.15763473511, 0.433409541845, 23.4390697479, 31.623260498, 99.258430481, 97.2003936768, 43.2532081604, 27.2347183228, -21.6920490265], [66.5793151855, -80.1841659546, -39.3292694092, 123.493270874, 4.01331138611, -25.6610832214, 38.731048584, 11.5935106277, 97.2003936768, 197.150939941, 97.1650314331, 32.6545372009, -44.5493240356], [88.7158889771, -60.4328575134, -38.0058822632, 102.972793579, -5.62099027634, -23.2196006775, 27.1325416565, 17.6964569092, 43.2532081604, 97.1650314331, 105.659561157, 45.7404747009, -31.9070396423], [178.410675049, -55.7596435547, -75.6068496704, 114.844604492, -10.1481180191, -10.4889755249, 39.6591110229, 20.9074821472, 27.2347183228, 32.6545372009, 45.7404747009, 93.2476348877, 25.7315635681], [83.2986755371, 30.4131164551, -27.9744911194, 14.6442890167, 12.6930074692, 4.60288667679, 6.62739181519, 10.1935052872, -21.6920490265, -44.5493240356, -31.9070396423, 25.7315635681, 106.697555542]]
        icov: [[0.00424282997847, -0.00287760561332, 0.00422279629856, -0.00476441392675, 0.00284835114144, -0.00225757388398, 0.000618386897258, -0.00144555175211, 0.000255667138845, 0.000658923294395, 0.000223326394917, -0.000763167452533, -0.000294901488815], [-0.00287760561332, 0.00712492084131, -0.00461160345003, 0.00428599724546, -0.0064613642171, 0.00531723257154, -0.00480345496908, 0.00263320980594, -0.000945199339185, 0.00193419249263, -0.000348441797541, 0.00214171269909, -0.00100090762135], [0.00422279629856, -0.00461160345003, 0.00829956121743, -0.00387802650221, 0.00454662740231, -0.00419302750379, 0.00288963504136, -0.00336712738499, 0.00279065035284, -0.00159577152226, 0.000424912577728, -0.000423166464316, 0.000638434547], [-0.00476441392675, 0.00428599724546, -0.00387802650221, 0.0134428050369, -0.00511915516108, 0.00434256298468, -0.00640127062798, 0.00385005236603, -0.00437025306746, 7.25297359168e-05, -0.0038224379532, -0.00276096374728, -0.00124789448455], [0.00284835114144, -0.0064613642171, 0.00454662740231, -0.00511915516108, 0.0185765195638, -0.0117677962407, 0.00933946110308, -0.00893573276699, 0.00543748354539, -0.00621978845447, 0.00149797380436, -0.000506599666551, -0.000837313127704], [-0.00225757388398, 0.00531723257154, -0.00419302750379, 0.00434256298468, -0.0117677962407, 0.0223209206015, -0.0105006629601, 0.0082741016522, -0.00890928786248, 0.00809682626277, -0.000168216443853, 0.00250585074537, -0.000234997060033], [0.000618386897258, -0.00480345496908, 0.00288963504136, -0.00640127062798, 0.00933946110308, -0.0105006629601, 0.0263936761767, -0.0159797519445, 0.0122531503439, -0.0110563691705, 0.00635769497603, -0.00523127149791, 0.00278935651295], [-0.00144555175211, 0.00263320980594, -0.00336712738499, 0.00385005236603, -0.00893573276699, 0.0082741016522, -0.0159797519445, 0.0292709283531, -0.0179714355618, 0.0129567086697, -0.00871075876057, 0.00307117425837, -0.00372046534903], [0.000255667138845, -0.000945199339185, 0.00279065035284, -0.00437025306746, 0.00543748354539, -0.00890928786248, 0.0122531503439, -0.0179714355618, 0.0351353622973, -0.0204853247851, 0.0107335327193, -0.0047452156432, 0.00503872428089], [0.000658923294395, 0.00193419249263, -0.00159577152226, 7.25297359168e-05, -0.00621978845447, 0.00809682626277, -0.0110563691705, 0.0129567086697, -0.0204853247851, 0.0237425155938, -0.0143603496253, 0.00569069525227, -0.00157283840235], [0.000223326394917, -0.000348441797541, 0.000424912577728, -0.0038224379532, 0.00149797380436, -0.000168216443853, 0.00635769497603, -0.00871075876057, 0.0107335327193, -0.0143603496253, 0.0287004932761, -0.0106260469183, 0.00815892871469], [-0.000763167452533, 0.00214171269909, -0.000423166464316, -0.00276096374728, -0.000506599666551, 0.00250585074537, -0.00523127149791, 0.00307117425837, -0.0047452156432, 0.00569069525227, -0.0106260469183, 0.0249748658389, -0.00755233690143], [-0.000294901488815, -0.00100090762135, 0.000638434547, -0.00124789448455, -0.000837313127704, -0.000234997060033, 0.00278935651295, -0.00372046534903, 0.00503872428089, -0.00157283840235, 0.00815892871469, -0.00755233690143, 0.0151473032311]]
    spectral_contrast:
        mean: [1.71571272745e-07, 3.01488611854e-08, -1.29977976826e-07, -4.56755230971e-07, 7.14302785809e-08, 2.72916508948e-07, 4.09081940234e-06, 2.1718269636e-06, -1.61625621331e-07, 1.68875203599e-06, -2.26220421951e-07, 1.26944030399e-06]
        var: [0.000354759686161, 0.000871019728947, 0.00157578114886, 0.00197039544582, 0.00267162546515, 0.00709171360359, 0.0662789195776, 0.0922105535865, 0.105781026185, 0.137866944075, 0.393011063337, 1.90608453751]

rhythm:
    beats_loudness:
        dmean: 0.0024200740736
        dmean2: 0.00354031962343
        dvar: 4.21928416472e-06
        dvar2: 8.52495759318e-06
        max: 0.0120878312737
        mean: 0.00521545531228
        min: 0.00182380713522
        var: 8.49708339956e-06
    beats_loudness_bass:
        dmean: 0.024843333289
        dmean2: 0.044897582382
        dvar: 0.000701499695424
        dvar2: 0.00173855107278
        max: 0.137696906924
        mean: 0.0519054234028
        min: 0.00281943427399
        var: 0.002414427232
    bpm: 110.128929138
    bpm_confidence: 0
    first_peak_bpm: 110
    first_peak_spread: 0
    first_peak_weight: 0.555555582047
    onset_rate: 3.28979492188
    second_peak_bpm: 120
    second_peak_spread: 0
    second_peak_weight: 0.388888895512
    beats_position: [0.0942189916968, 0.639055252075, 1.18389153481, 1.72872781754, 2.27356410027, 2.818400383, 3.36323642731, 3.90807294846, 4.45290899277, 4.99774551392, 5.54258155823, 5.96171331406, 6.46101331711, 6.96031284332, 7.45961284637, 7.95891284943, 8.45821285248, 8.95751285553, 9.45681285858]
    bpm_estimates: [109.479156494, 109.851799011, 111.055831909]
    bpm_intervals: [0.54483628273, 0.54483628273, 0.54483628273, 0.54483628273, 0.54483628273, 0.544836044312, 0.544836521149, 0.544836044312, 0.544836521149, 0.544836044312, 0.419131755829, 0.499300003052, 0.499299526215, 0.499300003052, 0.499300003052, 0.499300003052, 0.499300003052, 0.499300003052]
    onset_times: [0.0580498874187, 0.394739240408, 0.557278931141, 0.719818592072, 1.43963718414, 1.72988665104, 1.8575963974, 2.29877543449, 3.48299312592, 3.64553284645, 3.79646253586, 4.38857126236, 4.82975053787, 5.22448968887, 5.34058952332, 6.21133804321, 6.33904743195, 6.67573690414, 6.8382768631, 6.97759628296, 7.12852621078, 7.47682523727, 7.66258525848, 7.85995483398, 8.16181373596, 8.35918331146, 8.80036258698, 8.893242836, 9.03256225586, 9.35764217377, 9.52018165588, 9.62467098236, 10.0310201645]
    rubato_start: [6.46101331711]
    rubato_stop: [9.45681285858]
    perceptual_tempo: "unknown"

sfx:
    inharmonicity:
        dmean: 0.0347520299256
        dmean2: 0.0629479661584
        dvar: 0.00195184897166
        dvar2: 0.00550494063646
        max: 0.323417067528
        mean: 0.0330391339958
        min: 3.6166488826e-07
        var: 0.00180080800783
    oddtoevenharmonicenergyratio:
        dmean: 8.34913921356
        dmean2: 15.9590482712
        dvar: 1925.37512207
        dvar2: 5805.23535156
        max: 496.131622314
        mean: 5.56017398834
        min: 3.11640042128e-06
        var: 988.186340332
    pitch_after_max_to_before_max_energy_ratio: 1.98515415192
    pitch_centroid: 266.262634277
    pitch_max_to_total: 0.676744163036
    pitch_min_to_total: 0.404651165009
    tristimulus:
        dmean: [0.204027533531, 0.241831615567, 0.0350937284529]
        dmean2: [0.364172548056, 0.438708126545, 0.0627047047019]
        dvar: [0.0452711433172, 0.0671743005514, 0.002530553611]
        dvar2: [0.12064859271, 0.185174450278, 0.0065676914528]
        max: [0.998237729073, 0.985576152802, 0.369250714779]
        mean: [0.310431629419, 0.620787918568, 0.0334683023393]
        min: [0.00148716184776, 0, 0]
        var: [0.054940007627, 0.0749916434288, 0.00279632327147]

tonal:
    chords_changes_rate: 0.037037037313
    chords_number_rate: 0.037037037313
    chords_strength:
        dmean: 0.00607464415953
        dmean2: 0.00451928842813
        dvar: 2.18762925215e-05
        dvar2: 1.81798077392e-05
        max: 0.66261023283
        mean: 0.507171630859
        min: 0.308090388775
        var: 0.00748868007213
    key_strength: 0.752231299877
    tuning_diatonic_strength: 0.481959462166
    tuning_equal_tempered_deviation: 0.072306483984
    tuning_frequency: 441.782684326
    tuning_nontempered_energy_ratio: 0.684211969376
    hpcp:
        dmean: [0.0651373565197, 0.0423059090972, 0.00999489985406, 0.0113363768905, 0.0278750192374, 0.128123596311, 0.173395782709, 0.109346807003, 0.0328689068556, 0.0471159629524, 0.0517999567091, 0.0802831277251, 0.101577140391, 0.0647144690156, 0.119300730526, 0.19035191834, 0.132269069552, 0.0459615960717, 0.0300694350153, 0.0526140481234, 0.14958012104, 0.183481633663, 0.0907327085733, 0.0258077438921, 0.0221103876829, 0.103360190988, 0.153019636869, 0.125261679292, 0.122813805938, 0.105904452503, 0.131976887584, 0.0958861038089, 0.0201282929629, 0.0207932181656, 0.0296916812658, 0.0618697069585]
        dmean2: [0.105830751359, 0.0714626610279, 0.0172459892929, 0.0200856290758, 0.0493899509311, 0.201805755496, 0.297197043896, 0.1840865165, 0.0552331395447, 0.0737172141671, 0.0837661102414, 0.128239810467, 0.164745047688, 0.112860813737, 0.211109057069, 0.324706435204, 0.216530501842, 0.0814932584763, 0.0562563240528, 0.0887090042233, 0.257429659367, 0.314768999815, 0.154678821564, 0.0467692352831, 0.0406779535115, 0.184279024601, 0.265118449926, 0.204703614116, 0.211704239249, 0.174210265279, 0.219373717904, 0.157332807779, 0.0328002683818, 0.0352584719658, 0.0521965436637, 0.0991066172719]
        dvar: [0.0161448288709, 0.00468671415001, 0.000382838072255, 0.000353097217157, 0.00145945849363, 0.0207304712385, 0.045545861125, 0.01585508883, 0.00452784216031, 0.0122807165608, 0.00995862204581, 0.013342696242, 0.0260728020221, 0.00936782453209, 0.01514271833, 0.0418578870595, 0.0166713148355, 0.00758534297347, 0.00635893363506, 0.00627116346732, 0.0271084755659, 0.0304772015661, 0.0106162922457, 0.00207476085052, 0.00216558901593, 0.0226347018033, 0.0352945774794, 0.0200541000813, 0.0208881665021, 0.0164019111544, 0.0343503803015, 0.0151295475662, 0.000740175310057, 0.00367979309522, 0.00550560746342, 0.00814956147224]
        dvar2: [0.0312346369028, 0.0100544923916, 0.0010673860088, 0.000965215731412, 0.00367694091983, 0.0469987913966, 0.109494119883, 0.0422093011439, 0.0110779590905, 0.0313035994768, 0.0259998887777, 0.0339044556022, 0.0651147291064, 0.0282497629523, 0.044915292412, 0.111790217459, 0.0470934137702, 0.0248442348093, 0.0206945538521, 0.0196271892637, 0.0817915126681, 0.0904755070806, 0.0305550638586, 0.00629196921363, 0.00699046719819, 0.0702804476023, 0.100110277534, 0.0433994159102, 0.0610022246838, 0.045937128365, 0.081086397171, 0.0367855802178, 0.00211383099668, 0.00990611780435, 0.0154498210177, 0.0179638992995]
        max: [1, 0.734652757645, 0.200139790773, 0.174837499857, 0.295513898134, 1, 1, 1, 0.746846914291, 1, 1, 0.95361495018, 1, 0.666628777981, 0.895449399948, 1, 0.877138078213, 0.874501168728, 0.7169880867, 0.468103915453, 1, 1, 0.733848750591, 0.335544794798, 0.288697093725, 0.949909865856, 1, 1, 0.847091853619, 1, 1, 0.872764229774, 0.217096805573, 0.675882458687, 0.759457051754, 1]
        mean: [0.300356447697, 0.132768690586, 0.0129761639982, 0.0133346039802, 0.0371892154217, 0.255410045385, 0.376828968525, 0.167728990316, 0.0548323094845, 0.111111260951, 0.106230922043, 0.130414262414, 0.158998548985, 0.0887009203434, 0.179916605353, 0.370249778032, 0.251432955265, 0.0572191774845, 0.0301092937589, 0.0713553279638, 0.241081118584, 0.311915636063, 0.14932577312, 0.0259435605258, 0.0230333730578, 0.125229299068, 0.334575712681, 0.351222485304, 0.184808179736, 0.265031158924, 0.416254729033, 0.225982308388, 0.0284091345966, 0.0235140547156, 0.0389467254281, 0.198174923658]
        min: [0.000420021358877, 0.000104297803773, 4.74359148939e-05, 6.3705505454e-05, 0.000448782549938, 0.000766042328905, 0.000462038617115, 0.000612494826782, 0.000116006252938, 7.99915505922e-05, 9.68070307863e-05, 8.28859992907e-05, 8.42052977532e-05, 0.000446759950137, 0.00285129551776, 0.0022637359798, 0.00388385169208, 0.00176889856812, 0.000163289689226, 0.000108471191197, 0.00248793931678, 0.00132423627656, 0.000560568820219, 0.000114958318591, 0.000177546055056, 0.000473853870062, 0.00123270694166, 0.00243204389699, 0.00308521231636, 0.00200902903453, 0.00255838851444, 0.000954797375016, 1.50880514411e-05, 1.18328298413e-05, 0.000133319364977, 0.000370879715774]
        var: [0.156439080834, 0.0328432023525, 0.000588623748627, 0.000533159589395, 0.00237639574334, 0.0681942403316, 0.12764762342, 0.036950558424, 0.0132857458666, 0.0618030540645, 0.0439211055636, 0.0326220132411, 0.0572794526815, 0.0137569783255, 0.0322630554438, 0.102700799704, 0.0415354706347, 0.00825093034655, 0.00531851081178, 0.00775090791285, 0.0505405701697, 0.069527566433, 0.0196351390332, 0.00178802583832, 0.00184901279863, 0.0315254479647, 0.11175070703, 0.105763733387, 0.0342091284692, 0.069409199059, 0.158609926701, 0.0564778968692, 0.00142837141175, 0.00276208715513, 0.00480425124988, 0.0591687001288]
    chords_histogram: [12.5, 5.55555534363, 17.1296291351, 0, 3.70370364189, 0, 0, 0, 10.1851854324, 0, 0, 0, 0, 0, 0, 0, 0, 0, 0, 0, 0, 5.09259271622, 8.79629611969, 37.0370368958]
    thpcp: [1, 0.542894244194, 0.0682493969798, 0.0564895793796, 0.0935646444559, 0.476090490818, 0.721568882465, 0.318960189819, 0.0311736129224, 0.0320347212255, 0.0893424451351, 0.613590717316, 0.905284523964, 0.402947962284, 0.131727769971, 0.266930937767, 0.255206525326, 0.313303977251, 0.381974160671, 0.213092878461, 0.432227164507, 0.889478862286, 0.604036271572, 0.137461930513, 0.0723338201642, 0.171422258019, 0.579167306423, 0.749338388443, 0.358736515045, 0.0623261630535, 0.055334802717, 0.300847738981, 0.8037763834, 0.843768179417, 0.443978577852, 0.636704266071]
    chords_key: "E"
    chords_scale: "minor"
    key_key: "G"
    key_scale: "major"
    chords_progression: ["D", "D", "D", "D", "D", "D", "D", "D", "D", "D", "D", "D", "D", "D", "D", "D", "D", "D", "D", "D", "D", "D", "D", "D", "D", "D", "D", "D", "D", "D", "D", "D", "D", "D", "D", "D", "D", "A", "A", "A", "A", "A", "A", "A", "A", "Am", "Am", "Am", "Am", "Am", "Am", "Am", "Am", "Am", "Am", "Am", "C", "C", "C", "C", "C", "C", "C", "C", "C", "C", "C", "C", "C", "C", "C", "C", "C", "C", "C", "Em", "G", "G", "G", "G", "G", "G", "G", "G", "G", "G", "G", "G", "G", "G", "G", "G", "G", "G", "G", "G", "G", "G", "G", "G", "G", "G", "G", "Em", "Em", "Em", "Em", "Em", "Em", "Em", "Em", "Em", "Em", "Em", "Em", "Em", "Em", "Em", "Em", "Em", "Em", "Em", "Em", "Em", "Em", "Em", "Em", "Em", "Em", "Em", "Em", "Em", "Em", "Em", "Em", "Em", "Em", "Em", "Em", "Em", "Em", "Em", "Em", "Em", "Em", "Em", "Em", "Em", "Em", "Em", "Em", "Em", "Em", "Em", "Em", "Em", "Em", "Em", "Em", "Em", "Em", "Em", "Em", "Em", "Em", "Em", "Em", "Em", "Em", "Em", "Em", "Em", "Em", "Em", "Em", "Em", "Em", "Em", "Em", "Em", "Em", "Em", "Bm", "Bm", "Bm", "Bm", "Bm", "Bm", "Bm", "Bm", "Bm", "Bm", "Bm", "Bm", "B", "B", "B", "B", "B", "B", "B", "B", "B", "B", "B", "B", "B", "B", "B", "B", "B", "B", "B", "B", "B", "B"]
