
metadata:
    version:
        essentia: "1.2.2"
    audio_properties:
        analysis_sample_rate: 44100
        bitrate: 128
        channels: 2
        equal_loudness: 1
        length: 10.0832653046
        replay_gain: -9.53731155396
        downmix: "mix"
    tags:
        track: 9
        year: 0
        album: "Splitted by Mp3Splt v. 2.1"
        artist: "From 001.20 To 001.30"
        comment: "http://mp3splt.sf.net"
        genre: ""
        title: "02 O.U.mp3"

highlevel:
    ballroom:
        all:
            ChaChaCha: 0.100737430155
            Jive: 0.757461369038
            Quickstep: 0.0124352443963
            Rumba-American: 0.000695152557455
            Rumba-International: 0.00237571727484
            Rumba-Misc: 0.00441228179261
            Samba: 0.106705389917
            Tango: 0.00102454097942
            VienneseWaltz: 0.0127887213603
            Waltz: 0.0013641443802
        probability: 0.757461369038
        value: "Jive"
    culture:
        all:
            non_western: 0.211254373193
            western: 0.788745641708
        probability: 0.788745641708
        value: "western"
    gender:
        all:
            female: 0.640417098999
            male: 0.359582930803
        probability: 0.640417098999
        value: "female"
    genre_dortmund:
        all:
            alternative: 0.187834784389
            blues: 0.00129393441603
            electronic: 0.010913092643
            folkcountry: 0.0421044975519
            funksoulrnb: 0.00261214515194
            jazz: 0.00503226229921
            pop: 0.0849777311087
            raphiphop: 0.0011173072271
            rock: 0.664114236832
        probability: 0.664114236832
        value: "rock"
    genre_electronica:
        all:
            ambient: 0.192713677883
            dnb: 0.0508331842721
            house: 0.0106380162761
            techno: 0.0120837809518
            trance: 0.733731329441
        probability: 0.733731329441
        value: "trance"
    genre_rosamerica:
        all:
            cla: 0.00770957535133
            dan: 0.0439087823033
            hip: 0.00404445454478
            jaz: 0.00577247655019
            pop: 0.0847290158272
            rhy: 0.0260431636125
            roc: 0.825564622879
            spe: 0.00222791195847
        probability: 0.825564622879
        value: "roc"
    genre_tzanetakis:
        all:
            blu: 0.0412926487625
            cla: 0.11099948734
            cou: 0.207500696182
            dis: 0.047584284097
            hip: 0.0156483408064
            jaz: 0.117926314473
            met: 0.0581863261759
            pop: 0.0353087298572
            reg: 0.0273579061031
            roc: 0.338195264339
        probability: 0.338195264339
        value: "roc"
    live_studio:
        all:
            live: 0.410529434681
            studio: 0.589470565319
        probability: 0.589470565319
        value: "studio"
    mood:
        all:
            Cluster1: 0.748367369175
            Cluster2: 0.0390589572489
            Cluster3: 0.0328292474151
            Cluster4: 0.0425882972777
            Cluster5: 0.137156113982
        probability: 0.748367369175
        value: "Cluster1"
    mood_acoustic:
        all:
            acoustic: 0.0197149906307
            not_acoustic: 0.98028498888
        probability: 0.98028498888
        value: "not_acoustic"
    mood_aggressive:
        all:
            aggressive: 0.293776094913
            not_aggressive: 0.706223905087
        probability: 0.706223905087
        value: "not_aggressive"
    mood_electronic:
        all:
            electronic: 0.639347732067
            not_electronic: 0.360652297735
        probability: 0.639347732067
        value: "electronic"
    mood_happy:
        all:
            happy: 0.742177009583
            not_happy: 0.257822990417
        probability: 0.742177009583
        value: "happy"
    mood_party:
        all:
            not_party: 0.694994330406
            party: 0.305005669594
        probability: 0.694994330406
        value: "not_party"
    mood_relaxed:
        all:
            not_relaxed: 0.689445912838
            relaxed: 0.310554116964
        probability: 0.689445912838
        value: "not_relaxed"
    mood_sad:
        all:
            not_sad: 0.757026731968
            sad: 0.242973268032
        probability: 0.757026731968
        value: "not_sad"
    rhythm:
        all:
            fast: 0.611512422562
            medium: 0.176280379295
            slow: 0.212207213044
        probability: 0.611512422562
        value: "fast"
    speech_music:
        all:
            music: 0.999999761581
            speech: 2.30748341323e-07
        probability: 0.999999761581
        value: "music"
    timbre:
        all:
            bright: 0.350094377995
            dark: 0.649905622005
        probability: 0.649905622005
        value: "dark"
    voice_instrumental:
        all:
            instrumental: 0.288674324751
            voice: 0.711325645447
        probability: 0.711325645447
        value: "voice"

lowlevel:
    average_loudness: 0.980493724346
    barkbands_kurtosis:
        dmean: 0.227849960327
        dmean2: 0.372337311506
        dvar: 0.0640212669969
        dvar2: 0.163025334477
        max: 0.835642814636
        mean: -1.35033762455
        min: -1.75832152367
        var: 0.0943136736751
    barkbands_skewness:
        dmean: 0.298333376646
        dmean2: 0.476480364799
        dvar: 0.0565334707499
        dvar2: 0.145466327667
        max: 1.17517232895
        mean: -0.0298841670156
        min: -1.42068827152
        var: 0.151560813189
    barkbands_spread:
        dmean: 4.12260770798
        dmean2: 6.63191699982
        dvar: 10.610127449
        dvar2: 28.4270000458
        max: 54.8966751099
        mean: 39.8799629211
        min: 22.6817779541
        var: 35.1235046387
    dissonance:
        dmean: 0.0177262481302
        dmean2: 0.0300979297608
        dvar: 0.000432198110502
        dvar2: 0.000752999738324
        max: 0.497455447912
        mean: 0.462905943394
        min: 0.140820473433
        var: 0.00058880681172
    hfc:
        dmean: 2.65073299408
        dmean2: 4.05919027328
        dvar: 4.76794481277
        dvar2: 11.5353374481
        max: 28.0509967804
        mean: 11.7246723175
        min: 0.00483152456582
        var: 17.4898662567
    pitch:
        dmean: 763.586486816
        dmean2: 1470.83227539
        dvar: 1681588.5
        dvar2: 4210771.5
        max: 4009.09082031
        mean: 856.95513916
        min: 102.083335876
        var: 1603820
    pitch_instantaneous_confidence:
        dmean: 0.0765032321215
        dmean2: 0.124263003469
        dvar: 0.00336151616648
        dvar2: 0.00969256274402
        max: 0.671943724155
        mean: 0.410455614328
        min: 0.212454915047
        var: 0.00749428849667
    pitch_salience:
        dmean: 0.0467681549489
        dmean2: 0.0756198167801
        dvar: 0.00142085412517
        dvar2: 0.00332669587806
        max: 0.867150127888
        mean: 0.554072320461
        min: 0.379814326763
        var: 0.00344494194724
    silence_rate_20dB:
        dmean: 0
        dmean2: 0
        dvar: 0
        dvar2: 0
        max: 1
        mean: 1
        min: 1
        var: 0
    silence_rate_30dB:
        dmean: 0
        dmean2: 0
        dvar: 0
        dvar2: 0
        max: 1
        mean: 1
        min: 1
        var: 0
    silence_rate_60dB:
        dmean: 0.0276497695595
        dmean2: 0.0554272532463
        dvar: 0.0268854964525
        dvar2: 0.0615933053195
        max: 1
        mean: 0.0321839079261
        min: 0
        var: 0.0311480052769
    spectral_centroid:
        dmean: 274.808105469
        dmean2: 418.343017578
        dvar: 44521.171875
        dvar2: 112097.03125
        max: 3242.98950195
        mean: 1905.07458496
        min: 966.753356934
        var: 153280.671875
    spectral_complexity:
        dmean: 2.81944441795
        dmean2: 4.33410692215
        dvar: 5.14796161652
        dvar2: 11.1598148346
        max: 28
        mean: 18.8383369446
        min: 0
        var: 17.3133659363
    spectral_crest:
        dmean: 1.52404797077
        dmean2: 2.47995615005
        dvar: 1.43657743931
        dvar2: 3.58756494522
        max: 12.5029325485
        mean: 5.77283191681
        min: 2.77308297157
        var: 3.00694584846
    spectral_decrease:
        dmean: 3.07188968707e-10
        dmean2: 4.76791217618e-10
        dvar: 7.85413032251e-20
        dvar2: 1.94455001342e-19
        max: -4.88571477112e-13
        mean: -1.36903177683e-09
        min: -3.40556072231e-09
        var: 2.16904360049e-19
    spectral_energy:
        dmean: 0.00133494206239
        dmean2: 0.00207048747689
        dvar: 1.39443272928e-06
        dvar2: 3.38734230354e-06
        max: 0.0146626550704
        mean: 0.006230505649
        min: 2.28221597354e-06
        var: 4.15717886426e-06
    spectral_energyband_high:
        dmean: 0.000356926728273
        dmean2: 0.000544699374586
        dvar: 1.11786420121e-07
        dvar2: 3.0444655863e-07
        max: 0.00326497689821
        mean: 0.000933601113502
        min: 4.4922245479e-07
        var: 3.05391978372e-07
    spectral_energyband_low:
        dmean: 0.000230223973631
        dmean2: 0.000400601973524
        dvar: 1.09697914752e-07
        dvar2: 3.20643749774e-07
        max: 0.00239741336554
        mean: 0.000336597644491
        min: 3.77911021587e-07
        var: 8.44634016062e-08
    spectral_energyband_middle_high:
        dmean: 0.000589242263231
        dmean2: 0.0009334772476
        dvar: 2.95917402582e-07
        dvar2: 6.98269388977e-07
        max: 0.00586346536875
        mean: 0.00245549948886
        min: 1.0552466847e-06
        var: 8.01791486538e-07
    spectral_energyband_middle_low:
        dmean: 0.000804295879789
        dmean2: 0.00127337058075
        dvar: 7.2483879876e-07
        dvar2: 1.85218766546e-06
        max: 0.00811268948019
        mean: 0.00250479090028
        min: 3.40316688607e-07
        var: 1.53236396727e-06
    spectral_flatness_db:
        dmean: 0.0120254140347
        dmean2: 0.0205377601087
        dvar: 9.0159890533e-05
        dvar2: 0.0002199949231
        max: 0.179230287671
        mean: 0.124100804329
        min: 0.0608882308006
        var: 0.000234722130699
    spectral_flux:
        dmean: 0.00735433213413
        dmean2: 0.0108876219019
        dvar: 3.86500578315e-05
        dvar2: 7.90738122305e-05
        max: 0.0839108154178
        mean: 0.0447740703821
        min: 0.0250162575394
        var: 0.000105092862213
    spectral_kurtosis:
        dmean: 0.55373942852
        dmean2: 0.873444855213
        dvar: 0.297268927097
        dvar2: 0.718419492245
        max: 7.60405635834
        mean: 1.65690267086
        min: -0.326919317245
        var: 0.746389746666
    spectral_rms:
        dmean: 0.000262103771092
        dmean2: 0.000400978169637
        dvar: 4.89549307758e-08
        dvar2: 1.053046077e-07
        max: 0.00378219899721
        mean: 0.00243060081266
        min: 4.71863568237e-05
        var: 1.70722827875e-07
    spectral_rolloff:
        dmean: 294.486236572
        dmean2: 470.432922363
        dvar: 96581.0703125
        dvar2: 222649.65625
        max: 6029.296875
        mean: 3875.43237305
        min: 2045.65429688
        var: 210018.5
    spectral_skewness:
        dmean: 0.115455016494
        dmean2: 0.17561507225
        dvar: 0.0104874921963
        dvar2: 0.0202666614205
        max: 2.03472542763
        mean: 1.07195627689
        min: 0.464343219995
        var: 0.0409340374172
    spectral_spread:
        dmean: 504739.34375
        dmean2: 762677.1875
        dvar: 341377941504
        dvar2: 591482978304
        max: 13424453
        mean: 5841508
        min: 4387483
        var: 1.01007903949e+12
    spectral_strongpeak:
        dmean: 0.727816462517
        dmean2: 1.31757926941
        dvar: 1.4935529232
        dvar2: 4.21143722534
        max: 6.62927150726
        mean: 0.828212201595
        min: 0
        var: 1.30652618408
    zerocrossingrate:
        dmean: 0.00901059713215
        dmean2: 0.0105722518638
        dvar: 5.67497154407e-05
        dvar2: 6.29026253591e-05
        max: 0.17236328125
        mean: 0.112009234726
        min: 0.01708984375
        var: 0.000325895176502
    barkbands:
        dmean: [2.15553484395e-07, 8.7818611064e-05, 0.000178352216608, 0.000287620408926, 0.000317445257679, 5.61818451388e-05, 0.000216560059926, 0.000346729939338, 0.000136348768137, 8.9166307589e-05, 4.15340218751e-05, 0.000114870737889, 5.71751734242e-05, 0.000154674125952, 0.000122711076983, 0.000127130100736, 0.000104259248474, 0.000190866470803, 0.000238062406424, 0.000374437455321, 8.78454156918e-05, 5.60141779715e-05, 2.23507613555e-05, 8.54930476635e-06, 2.2597471343e-06, 1.08063517246e-07, 5.26400090184e-10]
        dmean2: [3.53882171567e-07, 0.000154884750373, 0.000317867379636, 0.000486990873469, 0.00050306157209, 8.81223022589e-05, 0.000325101224007, 0.000542482943274, 0.000209093574085, 0.000136341404868, 6.73176764394e-05, 0.000197232497158, 9.50208341237e-05, 0.00026121980045, 0.000201878836378, 0.000210232494283, 0.000168379105162, 0.000335180578986, 0.000385085528251, 0.000610026763752, 0.000141387907206, 8.03922739578e-05, 3.30736147589e-05, 1.28881029013e-05, 3.36515063282e-06, 1.58344121814e-07, 8.64458615801e-10]
        dvar: [1.15817056466e-12, 1.22080985321e-08, 6.40117221451e-08, 1.49549236994e-07, 1.53447160756e-07, 4.24561941159e-09, 1.91071592326e-07, 2.10571243997e-07, 3.42797612518e-08, 4.77926676012e-08, 5.12042008793e-09, 2.22126335103e-08, 5.3292691149e-08, 2.94614164176e-08, 1.9648185301e-08, 3.42811432574e-08, 1.53046890716e-08, 3.4109966407e-08, 8.43106988668e-08, 1.20894299016e-07, 1.85677020426e-08, 6.61581989192e-09, 1.2417274986e-09, 9.37290176029e-11, 7.9661763297e-12, 3.89177419132e-14, 1.09678110806e-17]
        dvar2: [2.90419034307e-12, 3.4574874519e-08, 1.84599684872e-07, 4.15128965869e-07, 3.28970514829e-07, 1.10818376697e-08, 4.53656639365e-07, 5.34670903107e-07, 8.65881517598e-08, 8.82420110315e-08, 1.27618209333e-08, 6.00097109782e-08, 1.45140248264e-07, 8.02205875061e-08, 4.80813859838e-08, 9.3713524052e-08, 3.73725903557e-08, 1.0288737684e-07, 2.20722853328e-07, 2.93885307201e-07, 4.82531312684e-08, 1.09653948144e-08, 2.32414443246e-09, 1.90203658379e-10, 1.3921226151e-11, 8.29643564135e-14, 2.75610922187e-17]
        max: [1.58953353093e-05, 0.000859134132043, 0.00176013202872, 0.00337851699442, 0.0048216637224, 0.000502740032971, 0.00473923701793, 0.00534067070112, 0.00204723840579, 0.00270930235274, 0.00092612428125, 0.00141196628101, 0.00381300970912, 0.00165396917146, 0.00146674818825, 0.00246169068851, 0.00105717347469, 0.00190963433124, 0.00236236071214, 0.00418260740116, 0.00167279643938, 0.00132564560045, 0.000428764644312, 0.000103387785202, 3.1107065297e-05, 2.57024430539e-06, 4.91213150156e-08]
        mean: [1.99569171855e-07, 0.000122571029351, 0.000213847131818, 0.00055029662326, 0.000528991862666, 0.000119827753224, 0.000322359323036, 0.000677576288581, 0.0002452392946, 0.000143683151691, 6.3106926973e-05, 0.000157636401127, 8.43675879878e-05, 0.000232970982324, 0.000211100123124, 0.000211860009586, 0.000195752189029, 0.000410375883803, 0.000497966597322, 0.000837888452224, 0.000191565079149, 0.000139251642395, 4.86473836645e-05, 1.79877042683e-05, 5.23527887708e-06, 2.04052213348e-07, 4.30041086075e-10]
        min: [1.99401301026e-10, 1.88602086837e-07, 1.29570665308e-07, 1.18062914112e-07, 1.67155832287e-07, 2.63639154952e-08, 4.31669455736e-09, 3.07469827376e-09, 1.67356741798e-08, 3.21043422957e-08, 3.2433908892e-09, 4.64529783528e-08, 1.26491585206e-07, 5.17554177293e-08, 1.16536313044e-07, 1.21246330309e-07, 1.67466581047e-07, 1.86369433663e-07, 1.40088332046e-07, 3.69725427163e-07, 6.35310186681e-08, 2.87347958761e-08, 1.94312121948e-08, 2.48306353257e-08, 9.43297084888e-09, 9.30093446705e-10, 1.01846374216e-13]
        var: [6.05029318746e-13, 1.03557127318e-08, 5.08408248834e-08, 1.75760987986e-07, 3.43786439316e-07, 7.14357506482e-09, 3.48860567101e-07, 3.6390795799e-07, 6.31382306437e-08, 8.87578934794e-08, 7.4351929058e-09, 3.45780897248e-08, 5.17631448815e-08, 4.3686345208e-08, 3.57279681396e-08, 4.92478697822e-08, 2.31512959914e-08, 5.17858005367e-08, 1.81046203807e-07, 2.27749296755e-07, 3.67880623742e-08, 2.08528856405e-08, 3.61602081611e-09, 2.45461734272e-10, 2.36878711091e-11, 7.99682653538e-14, 5.72482065294e-18]
    mfcc:
        mean: [-659.330810547, 82.1716918945, -31.0793437958, 50.6751403809, -11.9125843048, 1.58855342865, -4.40046072006, -6.07642316818, -7.12852525711, 12.0592432022, 3.65661716461, -1.69718539715, -3.40407562256]
        cov: [[730.016479492, -16.1327514648, 14.6440496445, -40.263168335, -106.493797302, -36.9199714661, -36.6872520447, 24.0722560883, 24.9269695282, -12.1483697891, -29.0238437653, -45.3907661438, -18.0099449158], [-16.1327514648, 286.533569336, -119.323158264, 4.77430152893, -36.6740226746, -32.1058158875, 4.5775642395, -21.8093891144, -11.1687145233, 2.20216941833, 21.9647121429, 11.2397212982, -5.8558754921], [14.6440496445, -119.323158264, 133.09954834, 0.186981230974, 14.0664653778, 12.9374809265, -4.43496179581, 15.1394062042, -5.31893634796, 3.68029642105, 1.91667616367, 3.97216892242, -2.06304335594], [-40.263168335, 4.77430152893, 0.186981230974, 90.9944839478, 38.6492767334, -2.40408205986, -22.2718372345, -27.066160202, -10.5980978012, -6.36340522766, -4.53026247025, -5.88522624969, 8.88199043274], [-106.493797302, -36.6740226746, 14.0664653778, 38.6492767334, 99.8927764893, 27.6733436584, -6.02358961105, -21.0567359924, -8.7898273468, -2.01026821136, -3.97305488586, 7.11908626556, 5.48993301392], [-36.9199714661, -32.1058158875, 12.9374809265, -2.40408205986, 27.6733436584, 57.2889328003, 21.0976028442, -0.151915833354, -10.4116754532, -7.04218053818, 6.36508798599, 2.77665400505, 3.31149244308], [-36.6872520447, 4.5775642395, -4.43496179581, -22.2718372345, -6.02358961105, 21.0976028442, 86.595741272, 37.7716445923, 5.77365684509, -14.9230308533, -27.9538116455, -5.41169929504, 2.58113646507], [24.0722560883, -21.8093891144, 15.1394062042, -27.066160202, -21.0567359924, -0.151915833354, 37.7716445923, 83.5181350708, 31.5424594879, 1.57383394241, -31.4029579163, -15.1841506958, -1.40127038956], [24.9269695282, -11.1687145233, -5.31893634796, -10.5980978012, -8.7898273468, -10.4116754532, 5.77365684509, 31.5424594879, 66.5118560791, 19.4572181702, -22.7037696838, -17.8937587738, -13.1551828384], [-12.1483697891, 2.20216941833, 3.68029642105, -6.36340522766, -2.01026821136, -7.04218053818, -14.9230308533, 1.57383394241, 19.4572181702, 67.0446243286, 29.3166351318, 12.1347818375, -9.43594646454], [-29.0238437653, 21.9647121429, 1.91667616367, -4.53026247025, -3.97305488586, 6.36508798599, -27.9538116455, -31.4029579163, -22.7037696838, 29.3166351318, 100.735046387, 36.9375038147, -7.75705862045], [-45.3907661438, 11.2397212982, 3.97216892242, -5.88522624969, 7.11908626556, 2.77665400505, -5.41169929504, -15.1841506958, -17.8937587738, 12.1347818375, 36.9375038147, 66.6663818359, 25.5990924835], [-18.0099449158, -5.8558754921, -2.06304335594, 8.88199043274, 5.48993301392, 3.31149244308, 2.58113646507, -1.40127038956, -13.1551828384, -9.43594646454, -7.75705862045, 25.5990924835, 61.047504425]]
        icov: [[0.00182778004091, 8.83453831193e-05, -0.000311649520881, 0.000349515641574, 0.00198993459344, -0.000244362250669, 0.00136396859307, -2.14133979171e-05, -0.000257915758993, 0.000426419719588, 0.000555533100851, 0.000710413616616, 4.54780711152e-05], [8.83453831193e-05, 0.00661042705178, 0.00558795314282, -0.00141603196971, 0.00161309132818, 0.00259473570623, -0.00156456348486, 0.000117048592074, 0.00165866350289, -0.000223513139645, -0.000958779302891, -0.00151953171007, 0.00167628063355], [-0.000311649520881, 0.00558795314282, 0.0132347205654, -0.00140305690002, -4.1587598389e-05, 0.000212971397559, 0.000586484791711, -0.00342709594406, 0.00345737207681, -0.000883428845555, -0.000395621842472, -0.00248918891884, 0.00258619547822], [0.000349515641574, -0.00141603196971, -0.00140305690002, 0.0162676852196, -0.00624852534384, 0.00266402587295, 0.00248824199662, 0.00308230984956, 0.000454118504422, 0.000649697496556, 0.000266801333055, 0.00478666834533, -0.0038390243426], [0.00198993459344, 0.00161309132818, -4.1587598389e-05, -0.00624852534384, 0.0184121523052, -0.00844740495086, 0.0022899734322, 0.00267210928723, -0.000628385227174, -0.000912951189093, 0.00421788729727, -0.00343876564875, 0.00211786641739], [-0.000244362250669, 0.00259473570623, 0.000212971397559, 0.00266402587295, -0.00844740495086, 0.0273925736547, -0.00866916030645, 0.000730176107027, 0.00240399269387, 0.00191313144751, -0.00611034641042, 0.00324258371256, -0.00186891318299], [0.00136396859307, -0.00156456348486, 0.000586484791711, 0.00248824199662, 0.0022899734322, -0.00866916030645, 0.0203025639057, -0.00764803402126, 0.00130359525792, 0.0022540318314, 0.00520772300661, -0.00204016291536, 0.00128701096401], [-2.14133979171e-05, 0.000117048592074, -0.00342709594406, 0.00308230984956, 0.00267210928723, 0.000730176107027, -0.00764803402126, 0.0220405180007, -0.00772584881634, -0.00122579699382, 0.00261456216685, 0.00216276803985, -0.00243900157511], [-0.000257915758993, 0.00165866350289, 0.00345737207681, 0.000454118504422, -0.000628385227174, 0.00240399269387, 0.00130359525792, -0.00772584881634, 0.0252230614424, -0.0089266654104, 0.00524706440046, 0.00170758052263, 0.00383368763141], [0.000426419719588, -0.000223513139645, -0.000883428845555, 0.000649697496556, -0.000912951189093, 0.00191313144751, 0.0022540318314, -0.00122579699382, -0.0089266654104, 0.0222120489925, -0.00701038818806, -0.00282424548641, 0.00163801584858], [0.000555533100851, -0.000958779302891, -0.000395621842472, 0.000266801333055, 0.00421788729727, -0.00611034641042, 0.00520772300661, 0.00261456216685, 0.00524706440046, -0.00701038818806, 0.0204222686589, -0.0097305458039, 0.00653411401436], [0.000710413616616, -0.00151953171007, -0.00248918891884, 0.00478666834533, -0.00343876564875, 0.00324258371256, -0.00204016291536, 0.00216276803985, 0.00170758052263, -0.00282424548641, -0.0097305458039, 0.028494829312, -0.0137012125924], [4.54780711152e-05, 0.00167628063355, 0.00258619547822, -0.0038390243426, 0.00211786641739, -0.00186891318299, 0.00128701096401, -0.00243900157511, 0.00383368763141, 0.00163801584858, 0.00653411401436, -0.0137012125924, 0.0246562790126]]
    spectral_contrast:
        mean: [4.54003625805e-08, 3.72757028799e-07, 1.10812329979e-07, 1.15320531791e-07, -4.22575254788e-07, 3.06695483232e-07, 2.14315173253e-06, -4.31996028283e-07, -3.69541908185e-06, 2.18486115955e-06, -8.48505862905e-07, 2.2729605007e-06]
        var: [0.000298551749438, 0.000549367745407, 0.00108890538104, 0.0020875625778, 0.00246210489422, 0.00375589705072, 0.0279225707054, 0.0701969414949, 0.109718665481, 0.125134661794, 0.197269618511, 0.391682565212]

rhythm:
    beats_loudness:
        dmean: 0.00204007793218
        dmean2: 0.00384493707679
        dvar: 2.73576688414e-06
        dvar2: 7.95122650743e-06
        max: 0.0103981141001
        mean: 0.00637822505087
        min: 0.00330401887186
        var: 3.02161379295e-06
    beats_loudness_bass:
        dmean: 0.056121148169
        dmean2: 0.113074503839
        dvar: 0.00244092079811
        dvar2: 0.00607721833512
        max: 0.262746989727
        mean: 0.141090229154
        min: 0.0449809134007
        var: 0.00294480705634
    bpm: 108.723251343
    bpm_confidence: 0
    first_peak_bpm: 109
    first_peak_spread: 0
    first_peak_weight: 0.526315808296
    onset_rate: 3.47109794617
    second_peak_bpm: 122
    second_peak_spread: 0
    second_peak_weight: 0.421052634716
    beats_position: [0.0444383770227, 0.596298336983, 1.14815831184, 1.7000181675, 2.25187826157, 2.80373811722, 3.35559797287, 3.90745806694, 4.45931816101, 5.0111784935, 5.56303834915, 6.03048372269, 6.52205705643, 7.01362943649, 7.5052022934, 7.99677562714, 8.48834896088, 8.97992229462, 9.47149467468, 9.96306705475]
    bpm_estimates: [108.760360718, 108.686141968]
    bpm_intervals: [0.551859974861, 0.551859974861, 0.551859855652, 0.55186009407, 0.551859855652, 0.551859855652, 0.55186009407, 0.55186009407, 0.551860332489, 0.551859855652, 0.467445373535, 0.49157333374, 0.491572380066, 0.491572856903, 0.49157333374, 0.49157333374, 0.49157333374, 0.491572380066, 0.491572380066]
    onset_times: [0.0580498874187, 0.150929704309, 0.406349211931, 0.615328788757, 0.835918366909, 1.68344676495, 1.8575963974, 2.02013611794, 2.46131515503, 2.49614500999, 2.67029476166, 3.49460315704, 3.66875290871, 3.86612248421, 4.07510185242, 4.88780021667, 5.0967798233, 5.25931978226, 5.45668935776, 5.70049905777, 6.29260778427, 6.52480745316, 6.61768722534, 6.82666683197, 7.20979595184, 7.32589578629, 8.15020370483, 8.32435417175, 8.45206356049, 8.80036258698, 8.91646289825, 9.0906124115, 9.33442211151, 9.7639913559, 9.94975090027]
    rubato_start: [6.03048372269]
    rubato_stop: [6.52205705643]
    perceptual_tempo: "unknown"

sfx:
    inharmonicity:
        dmean: 0.0505175888538
        dmean2: 0.0893291980028
        dvar: 0.00308053637855
        dvar2: 0.00902170222253
        max: 0.34572905302
        mean: 0.0592965073884
        min: 0.000675278832205
        var: 0.00284949876368
    oddtoevenharmonicenergyratio:
        dmean: 3.15760993958
        dmean2: 5.76392269135
        dvar: 60.903377533
        dvar2: 163.532226562
        max: 81.8404998779
        mean: 2.21817231178
        min: 0.00401775725186
        var: 39.6903648376
    pitch_after_max_to_before_max_energy_ratio: 18.898891449
    pitch_centroid: 210.888092041
    pitch_max_to_total: 0.0646651238203
    pitch_min_to_total: 0.602771341801
    tristimulus:
        dmean: [0.176113307476, 0.228790462017, 0.161988735199]
        dmean2: [0.305020749569, 0.397518754005, 0.28374761343]
        dvar: [0.0213166009635, 0.0361863896251, 0.0177604872733]
        dvar2: [0.0593641288579, 0.110381610692, 0.0529402196407]
        max: [0.884050786495, 0.978714287281, 0.62332624197]
        mean: [0.302420824766, 0.465904384851, 0.192031145096]
        min: [0.0212857145816, 0, 0]
        var: [0.0304476320744, 0.0437315478921, 0.0213803555816]

tonal:
    chords_changes_rate: 0.0183486230671
    chords_number_rate: 0.0229357797652
    chords_strength:
        dmean: 0.00572669459507
        dmean2: 0.00652359845117
        dvar: 2.11653932638e-05
        dvar2: 2.57802439592e-05
        max: 0.730258882046
        mean: 0.593393981457
        min: 0.504160940647
        var: 0.00350329768844
    key_strength: 0.588755309582
    tuning_diatonic_strength: 0.466723382473
    tuning_equal_tempered_deviation: 0.0452105663717
    tuning_frequency: 453.416503906
    tuning_nontempered_energy_ratio: 0.654814720154
    hpcp:
        dmean: [0.133805960417, 0.127221331, 0.146005272865, 0.136059701443, 0.133471891284, 0.207254424691, 0.190002113581, 0.166067868471, 0.131868928671, 0.0848246887326, 0.056132234633, 0.0693793445826, 0.0723558887839, 0.0849904119968, 0.216201260686, 0.202178180218, 0.188549399376, 0.0810251384974, 0.0557483807206, 0.0436139889061, 0.0496627576649, 0.0767157450318, 0.069393441081, 0.0420178845525, 0.0427334196866, 0.0538177154958, 0.108244627714, 0.15556229651, 0.121150240302, 0.0714662522078, 0.0569091252983, 0.0382236130536, 0.0448219515383, 0.0611724071205, 0.0718912184238, 0.101969234645]
        dmean2: [0.224072560668, 0.212305918336, 0.242704287171, 0.229873269796, 0.235035777092, 0.344436705112, 0.336441874504, 0.272376477718, 0.212773770094, 0.138931319118, 0.0987467467785, 0.120479859412, 0.122137255967, 0.147090211511, 0.353261709213, 0.33270418644, 0.323873341084, 0.142305910587, 0.0991008877754, 0.076344050467, 0.085081897676, 0.127713263035, 0.118172831833, 0.0742284879088, 0.072373047471, 0.0925814956427, 0.172905534506, 0.259365230799, 0.198158442974, 0.113648921251, 0.0948367491364, 0.0682587325573, 0.0774127393961, 0.107314050198, 0.124153509736, 0.17538434267]
        dvar: [0.0287055987865, 0.0253216642886, 0.0296437721699, 0.037058185786, 0.0331544838846, 0.0413292609155, 0.037926401943, 0.0334968045354, 0.0238756816834, 0.0155883198604, 0.00959119666368, 0.0123310573399, 0.0146942818537, 0.00927823875099, 0.0290665980428, 0.0506978258491, 0.0240824446082, 0.0120391435921, 0.013573858887, 0.00525971222669, 0.00620927335694, 0.0182549767196, 0.0170355048031, 0.00582389254123, 0.00406441371888, 0.00647498294711, 0.012662502937, 0.0250244140625, 0.0199082810432, 0.00899305660278, 0.00884619075805, 0.00291364942677, 0.00535275181755, 0.0101585797966, 0.0108480071649, 0.0206299033016]
        dvar2: [0.0641056448221, 0.0616969913244, 0.0823794305325, 0.0876146256924, 0.0778966620564, 0.0956427678466, 0.0959062129259, 0.0790065452456, 0.0637205913663, 0.0389487333596, 0.0257096961141, 0.0303413011134, 0.0292613636702, 0.0226262006909, 0.0730658173561, 0.110761843622, 0.0706768333912, 0.0330163687468, 0.0382722429931, 0.0146747184917, 0.016849828884, 0.0464906953275, 0.0492797680199, 0.0164178926498, 0.0108298053965, 0.0172364693135, 0.0319841653109, 0.0615757890046, 0.051797144115, 0.0201542004943, 0.0237798560411, 0.008130797185, 0.0143002616242, 0.0264567229897, 0.0308112632483, 0.0535263977945]
        max: [1, 0.988261163235, 1, 1, 1, 1, 1, 1, 1, 1, 0.704244494438, 0.590389668941, 1, 0.696246027946, 1, 1, 1, 0.688045799732, 1, 0.542897522449, 0.726845324039, 1, 1, 0.56971424818, 0.495841920376, 0.583631873131, 0.874651789665, 1, 1, 0.66445094347, 0.963707327843, 0.42340028286, 0.504505813122, 0.867721736431, 0.801271557808, 1]
        mean: [0.25029617548, 0.204601287842, 0.217584609985, 0.244866147637, 0.230263486505, 0.357180178165, 0.423081874847, 0.313677579165, 0.215906649828, 0.133838742971, 0.0729474127293, 0.0840164273977, 0.0912709385157, 0.102277137339, 0.502081096172, 0.799312829971, 0.417412251234, 0.0808996260166, 0.0504868850112, 0.0432278290391, 0.0616070441902, 0.0994193404913, 0.08184710145, 0.0496836565435, 0.0573310032487, 0.0726606100798, 0.205417320132, 0.317130982876, 0.203670442104, 0.101666092873, 0.0887344405055, 0.0570584945381, 0.055284101516, 0.0778268203139, 0.0914649665356, 0.177343800664]
        min: [0.0027856414672, 0.034413125366, 0.0179702788591, 0.0145843736827, 0.0063652060926, 0.0257197152823, 0.0187034159899, 0.020238680765, 0.0218459423631, 0.0151317911223, 0.00563211832196, 0.00704803131521, 0.00818205624819, 0.0143362255767, 0.0221421476454, 0.0580243468285, 0.057525716722, 0.00360790221021, 0.00254913931713, 0, 0, 0, 0, 0, 0.00391918607056, 0.00582736451179, 0.015908703208, 0.0236808229238, 0.0228480398655, 0.00558194797486, 0.00146353663877, 0.00303162983619, 0.00257814698853, 0.00270946929231, 0, 0]
        var: [0.0579193495214, 0.0332262329757, 0.0414724685252, 0.0691524893045, 0.0730568096042, 0.0733469501138, 0.096841558814, 0.0821391642094, 0.0387184806168, 0.0251983180642, 0.0112723559141, 0.0129543589428, 0.0163588766009, 0.0094594527036, 0.0436185114086, 0.0681339129806, 0.0339942015707, 0.00916586443782, 0.00872868858278, 0.00384578085504, 0.00633711135015, 0.024079201743, 0.0163026601076, 0.00407426385209, 0.00400907360017, 0.00709620630369, 0.0263991225511, 0.0531557910144, 0.0267075318843, 0.0144335515797, 0.0148031096905, 0.00392163079232, 0.00603227829561, 0.013649199158, 0.0104594035074, 0.032317828387]
    chords_histogram: [25.6880741119, 42.6605491638, 10.0917434692, 0, 0, 0, 0, 0, 0, 0, 0, 0, 0, 0, 0, 0, 0, 11.4678897858, 10.0917434692, 0, 0, 0, 0, 0]
    thpcp: [1, 0.522213876247, 0.101211465895, 0.0631628632545, 0.0540812388062, 0.0770750120282, 0.124381013215, 0.102396830916, 0.0621579624712, 0.0717253610492, 0.0909038484097, 0.256992399693, 0.396754533052, 0.254806935787, 0.127191871405, 0.111013405025, 0.0713844373822, 0.0691645368934, 0.0973671600223, 0.114429496229, 0.221870332956, 0.313139200211, 0.255971491337, 0.272214591503, 0.306345820427, 0.288076817989, 0.446859061718, 0.52930700779, 0.392434060574, 0.270115345716, 0.167442262173, 0.09126265347, 0.105110824108, 0.114186756313, 0.127956330776, 0.628140926361]
    chords_key: "B"
    chords_scale: "minor"
    key_key: "G"
    key_scale: "major"
    chords_progression: ["D", "D", "D", "D", "D", "D", "D", "D", "D", "D", "D", "D", "D", "D", "D", "D", "D", "D", "D", "D", "D", "D", "Gm", "Gm", "Gm", "Gm", "Gm", "Gm", "Gm", "Gm", "Gm", "Gm", "Gm", "Gm", "Gm", "Gm", "Gm", "Gm", "Gm", "Gm", "Gm", "Gm", "Gm", "Gm", "Gm", "Gm", "Gm", "A#", "A#", "A#", "A#", "A#", "A#", "A#", "A#", "A#", "A#", "A#", "A#", "A#", "A#", "A#", "A#", "A#", "A#", "A#", "A#", "A#", "A#", "Bm", "Bm", "Bm", "Bm", "Bm", "Bm", "Bm", "Bm", "Bm", "Bm", "Bm", "Bm", "Bm", "Bm", "Bm", "Bm", "Bm", "Bm", "Bm", "Bm", "Bm", "Bm", "Bm", "Bm", "Bm", "Bm", "Bm", "Bm", "Bm", "Bm", "Bm", "Bm", "Bm", "Bm", "Bm", "Bm", "Bm", "Bm", "Bm", "Bm", "Bm", "Bm", "Bm", "Bm", "Bm", "Bm", "Bm", "Bm", "Bm", "Bm", "Bm", "Bm", "Bm", "Bm", "Bm", "Bm", "Bm", "Bm", "Bm", "Bm", "Bm", "Bm", "Bm", "Bm", "Bm", "Bm", "Bm", "Bm", "Bm", "Bm", "Bm", "Bm", "Bm", "Bm", "Bm", "Bm", "Bm", "Bm", "Bm", "Bm", "Bm", "Bm", "Bm", "Bm", "Bm", "Bm", "Bm", "Bm", "Bm", "Bm", "Bm", "Bm", "Bm", "G", "G", "G", "G", "G", "G", "G", "G", "G", "G", "G", "G", "G", "G", "G", "G", "G", "G", "G", "G", "G", "G", "G", "G", "G", "G", "G", "G", "G", "G", "G", "G", "G", "G", "G", "G", "G", "G", "G", "G", "G", "G", "G", "G", "G", "G", "G", "G", "G", "G", "G", "G", "G", "G", "G", "G"]
