
metadata:
    version:
        essentia: "1.2.2"
    audio_properties:
        analysis_sample_rate: 44100
        bitrate: 128
        channels: 2
        equal_loudness: 1
        length: 10.0048980713
        replay_gain: -13.4599380493
        downmix: "mix"
    tags:
        track: 23
        year: 0
        album: "Splitted by Mp3Splt v. 2.1"
        artist: "From 003.40 To 003.50"
        comment: "http://mp3splt.sf.net"
        genre: ""
        title: "07 Track 7.mp3"

highlevel:
    ballroom:
        all:
            ChaChaCha: 0.369923710823
            Jive: 0.111675232649
            Quickstep: 0.038754299283
            Rumba-American: 0.00639110943303
            Rumba-International: 0.0148345790803
            Rumba-Misc: 0.0226006396115
            Samba: 0.418511897326
            Tango: 0.00542529299855
            VienneseWaltz: 0.00694967992604
            Waltz: 0.00493356306106
        probability: 0.418511897326
        value: "Samba"
    culture:
        all:
            non_western: 0.884104967117
            western: 0.115895047784
        probability: 0.884104967117
        value: "non_western"
    gender:
        all:
            female: 0.0281543210149
            male: 0.971845686436
        probability: 0.971845686436
        value: "male"
    genre_dortmund:
        all:
            alternative: 0.000316874095006
            blues: 0.000723059929442
            electronic: 0.00617766426876
            folkcountry: 0.000176160610863
            funksoulrnb: 0.00330079696141
            jazz: 0.002969131805
            pop: 0.000796185049694
            raphiphop: 0.982085168362
            rock: 0.00345495715737
        probability: 0.982085168362
        value: "raphiphop"
    genre_electronica:
        all:
            ambient: 0.0570234470069
            dnb: 0.0618093684316
            house: 0.835490226746
            techno: 0.0315704569221
            trance: 0.0141064962372
        probability: 0.835490226746
        value: "house"
    genre_rosamerica:
        all:
            cla: 0.00602408824489
            dan: 0.00433453125879
            hip: 0.957161068916
            jaz: 0.00438080681488
            pop: 0.00473784375936
            rhy: 0.00664230901748
            roc: 0.00980813335627
            spe: 0.00691123213619
        probability: 0.957161068916
        value: "hip"
    genre_tzanetakis:
        all:
            blu: 0.000235823448747
            cla: 0.00061285297852
            cou: 0.000378029391868
            dis: 0.00826105009764
            hip: 0.904762208462
            jaz: 0.000257944542682
            met: 0.00111414666753
            pop: 0.0199207607657
            reg: 0.0640502423048
            roc: 0.000406948995078
        probability: 0.904762208462
        value: "hip"
    live_studio:
        all:
            live: 0.195307120681
            studio: 0.804692864418
        probability: 0.804692864418
        value: "studio"
    mood:
        all:
            Cluster1: 0.381098538637
            Cluster2: 0.212626993656
            Cluster3: 0.144616320729
            Cluster4: 0.103810042143
            Cluster5: 0.157848119736
        probability: 0.381098538637
        value: "Cluster1"
    mood_acoustic:
        all:
            acoustic: 0.00831090472639
            not_acoustic: 0.99168908596
        probability: 0.99168908596
        value: "not_acoustic"
    mood_aggressive:
        all:
            aggressive: 0.527781486511
            not_aggressive: 0.472218543291
        probability: 0.527781486511
        value: "aggressive"
    mood_electronic:
        all:
            electronic: 0.890097677708
            not_electronic: 0.109902329743
        probability: 0.890097677708
        value: "electronic"
    mood_happy:
        all:
            happy: 0.23795324564
            not_happy: 0.76204675436
        probability: 0.76204675436
        value: "not_happy"
    mood_party:
        all:
            not_party: 0.200638651848
            party: 0.799361348152
        probability: 0.799361348152
        value: "party"
    mood_relaxed:
        all:
            not_relaxed: 0.872189223766
            relaxed: 0.127810761333
        probability: 0.872189223766
        value: "not_relaxed"
    mood_sad:
        all:
            not_sad: 0.875001788139
            sad: 0.124998189509
        probability: 0.875001788139
        value: "not_sad"
    rhythm:
        all:
            fast: 0.586623311043
            medium: 0.281269282103
            slow: 0.132107377052
        probability: 0.586623311043
        value: "fast"
    speech_music:
        all:
            music: 0.971290588379
            speech: 0.0287094358355
        probability: 0.971290588379
        value: "music"
    timbre:
        all:
            bright: 0.0018137099687
            dark: 0.998186290264
        probability: 0.998186290264
        value: "dark"
    voice_instrumental:
        all:
            instrumental: 0.211090818048
            voice: 0.788909196854
        probability: 0.788909196854
        value: "voice"

lowlevel:
    average_loudness: 0.977613925934
    barkbands_kurtosis:
        dmean: 3.40746617317
        dmean2: 5.4342045784
        dvar: 33.0113372803
        dvar2: 69.2221069336
        max: 58.4058685303
        mean: 2.62886142731
        min: -1.92955970764
        var: 61.8583908081
    barkbands_skewness:
        dmean: 0.789401113987
        dmean2: 1.17611515522
        dvar: 0.688887357712
        dvar2: 1.40561842918
        max: 7.15681648254
        mean: 0.759724199772
        min: -2.54073858261
        var: 2.78633356094
    barkbands_spread:
        dmean: 6.96390008926
        dmean2: 10.539317131
        dvar: 59.6509284973
        dvar2: 122.565917969
        max: 65.5665588379
        mean: 23.702911377
        min: 1.71535372734
        var: 161.898468018
    dissonance:
        dmean: 0.0250025633723
        dmean2: 0.0386189557612
        dvar: 0.000933637376875
        dvar2: 0.00206430000253
        max: 0.498580813408
        mean: 0.456604957581
        min: 0.239035457373
        var: 0.00188235787209
    hfc:
        dmean: 2.04399132729
        dmean2: 2.96915912628
        dvar: 24.415309906
        dvar2: 59.3530387878
        max: 46.0102729797
        mean: 3.18308115005
        min: 0.00705208163708
        var: 28.5074672699
    pitch:
        dmean: 780.959838867
        dmean2: 1467.82226562
        dvar: 1329316.875
        dvar2: 3056024.25
        max: 4410
        mean: 1127.99682617
        min: 58.4880638123
        var: 1633387.125
    pitch_instantaneous_confidence:
        dmean: 0.113952033222
        dmean2: 0.18264323473
        dvar: 0.00955918151885
        dvar2: 0.0214735697955
        max: 0.908535480499
        mean: 0.442400336266
        min: 0.14678388834
        var: 0.0261645242572
    pitch_salience:
        dmean: 0.0766516849399
        dmean2: 0.12253908813
        dvar: 0.00486813718453
        dvar2: 0.012637777254
        max: 0.86176687479
        mean: 0.581560194492
        min: 0.221717908978
        var: 0.0139004895464
    silence_rate_20dB:
        dmean: 0
        dmean2: 0
        dvar: 0
        dvar2: 0
        max: 1
        mean: 1
        min: 1
        var: 0
    silence_rate_30dB:
        dmean: 0
        dmean2: 0
        dvar: 0
        dvar2: 0
        max: 1
        mean: 1
        min: 1
        var: 0
    silence_rate_60dB:
        dmean: 0.139211133122
        dmean2: 0.279069781303
        dvar: 0.119831353426
        dvar2: 0.224445983768
        max: 1
        mean: 0.729166686535
        min: 0
        var: 0.197482317686
    spectral_centroid:
        dmean: 294.893493652
        dmean2: 440.677337646
        dvar: 107600.40625
        dvar2: 210377.265625
        max: 3773.30615234
        mean: 1205.51916504
        min: 161.522293091
        var: 482194.15625
    spectral_complexity:
        dmean: 2.92325592041
        dmean2: 4.26806545258
        dvar: 26.3034267426
        dvar2: 49.7021446228
        max: 46
        mean: 6.92111349106
        min: 0
        var: 53.0703392029
    spectral_crest:
        dmean: 2.33830523491
        dmean2: 3.85319471359
        dvar: 4.53574514389
        dvar2: 11.0807743073
        max: 20.5701007843
        mean: 9.06252670288
        min: 3.55054306984
        var: 11.6729564667
    spectral_decrease:
        dmean: 4.4859865822e-10
        dmean2: 7.59322049682e-10
        dvar: 9.45156006647e-19
        dvar2: 2.57043976527e-18
        max: -3.86197454225e-12
        mean: -6.29640117822e-10
        min: -4.88720219849e-09
        var: 7.24521604873e-19
    spectral_energy:
        dmean: 0.00186809175648
        dmean2: 0.00312017626129
        dvar: 1.57103258971e-05
        dvar2: 4.23323326686e-05
        max: 0.0220981612802
        mean: 0.00266512087546
        min: 1.52156053446e-05
        var: 1.26248705783e-05
    spectral_energyband_high:
        dmean: 7.35279099899e-05
        dmean2: 9.99457697617e-05
        dvar: 4.67411069849e-08
        dvar2: 8.24997457016e-08
        max: 0.00204700347967
        mean: 0.000100507561001
        min: 3.04777714177e-08
        var: 7.88088954096e-08
    spectral_energyband_low:
        dmean: 0.000440455769422
        dmean2: 0.000803548609838
        dvar: 1.81853488357e-06
        dvar2: 5.17387024956e-06
        max: 0.00936083588749
        mean: 0.000589795061387
        min: 1.02611501518e-08
        var: 1.25952544749e-06
    spectral_energyband_middle_high:
        dmean: 0.000611305702478
        dmean2: 0.000912494084332
        dvar: 1.89537070128e-06
        dvar2: 4.80696917293e-06
        max: 0.0123881762847
        mean: 0.0010027383687
        min: 2.39621272158e-06
        var: 2.23900769925e-06
    spectral_energyband_middle_low:
        dmean: 0.000956315721851
        dmean2: 0.00167461356614
        dvar: 5.0088478929e-06
        dvar2: 1.38523673741e-05
        max: 0.0138854878023
        mean: 0.000972067122348
        min: 7.68039717514e-06
        var: 3.36805919687e-06
    spectral_flatness_db:
        dmean: 0.0268489420414
        dmean2: 0.0403941944242
        dvar: 0.000638296711259
        dvar2: 0.0014601306757
        max: 0.348688393831
        mean: 0.206823736429
        min: 0.0777692198753
        var: 0.00203300616704
    spectral_flux:
        dmean: 0.0129724349827
        dmean2: 0.0197953637689
        dvar: 0.000377700693207
        dvar2: 0.0007712719962
        max: 0.134043157101
        mean: 0.0323768220842
        min: 0.0039007186424
        var: 0.000576083490159
    spectral_kurtosis:
        dmean: 3.38381099701
        dmean2: 5.33464956284
        dvar: 21.4609565735
        dvar2: 51.6312789917
        max: 52.4941825867
        mean: 7.55733585358
        min: -0.939704418182
        var: 46.9748268127
    spectral_rms:
        dmean: 0.000443873956101
        dmean2: 0.000674753682688
        dvar: 4.97740643368e-07
        dvar2: 1.25622034375e-06
        max: 0.00464318646118
        mean: 0.00140624365304
        min: 0.000121837976621
        var: 6.22597326583e-07
    spectral_rolloff:
        dmean: 555.606262207
        dmean2: 900.679870605
        dvar: 589498.4375
        dvar2: 1168890.875
        max: 5383.30078125
        mean: 2110.30322266
        min: 150.732421875
        var: 1510386.625
    spectral_skewness:
        dmean: 0.378141701221
        dmean2: 0.564694225788
        dvar: 0.186677455902
        dvar2: 0.367870509624
        max: 6.01811742783
        mean: 1.86096358299
        min: 0.451984763145
        var: 0.626446008682
    spectral_spread:
        dmean: 789302
        dmean2: 992780.25
        dvar: 1.15477721907e+12
        dvar2: 1.51658089677e+12
        max: 14742488
        mean: 4169012
        min: 1286478.875
        var: 5.51420847718e+12
    spectral_strongpeak:
        dmean: 0.181251093745
        dmean2: 0.31333476305
        dvar: 0.107508294284
        dvar2: 0.278802216053
        max: 3.373524189
        mean: 0.264331877232
        min: 0.0055025909096
        var: 0.120869480073
    zerocrossingrate:
        dmean: 0.0117550874129
        dmean2: 0.0130845718086
        dvar: 0.000115372240543
        dvar2: 0.00013418548042
        max: 0.18115234375
        mean: 0.0694333687425
        min: 0.0068359375
        var: 0.000936343625654
    barkbands:
        dmean: [1.67906648585e-07, 6.03041044087e-05, 0.000402060570195, 0.000296022946713, 0.000355848314939, 0.00011909679597, 4.35076835856e-05, 8.26504692668e-05, 0.00016409176169, 4.2899777327e-05, 3.6357287172e-05, 3.72870708816e-05, 3.36676566803e-05, 5.57769089937e-05, 5.91805801378e-05, 0.000103770355054, 0.000138778836117, 0.000144297606312, 8.85486660991e-05, 4.73445943499e-05, 3.8575653889e-05, 1.18810112326e-05, 2.50194966611e-06, 8.24424319035e-07, 5.99469842655e-07, 1.34737101476e-08, 5.99210625563e-10]
        dmean2: [2.49187792178e-07, 0.000108611428004, 0.000725932826754, 0.000546604511328, 0.000642248662189, 0.000204418640351, 7.01787357684e-05, 0.000132327579195, 0.000284551380901, 7.08486913936e-05, 6.07177389611e-05, 6.25966131338e-05, 5.4359126807e-05, 8.99471851881e-05, 9.09502778086e-05, 0.00015746736608, 0.000225511190365, 0.000228327451623, 0.000131066321046, 6.62534075673e-05, 5.5031348893e-05, 1.67362850334e-05, 3.61336901733e-06, 1.11173142159e-06, 8.46356954298e-07, 1.75155374649e-08, 7.18713810688e-10]
        dvar: [4.32221614185e-13, 2.5927411329e-08, 1.50025584844e-06, 8.29862131013e-07, 1.3311780549e-06, 1.01366431693e-07, 9.16183928723e-09, 2.12733244354e-08, 2.94164721026e-07, 2.60775738781e-08, 1.23481758152e-08, 8.23225931867e-09, 5.17996934235e-09, 1.23976642286e-08, 1.3707077251e-08, 3.04863760903e-08, 8.28208968073e-08, 2.32146859958e-07, 6.71022633014e-08, 1.39245512898e-08, 1.62671440762e-08, 1.09638875756e-09, 5.56203173796e-11, 2.90890770673e-12, 1.57541276032e-12, 7.62082424787e-16, 9.22365212082e-17]
        dvar2: [5.46269193075e-13, 7.36662286727e-08, 4.28980729339e-06, 2.3368145321e-06, 3.72069962395e-06, 2.77446559949e-07, 1.95981222362e-08, 5.26462713424e-08, 8.44808198508e-07, 7.03619207343e-08, 2.7253040713e-08, 2.22951115347e-08, 1.13886482467e-08, 3.07687599843e-08, 2.95175368592e-08, 7.09358403128e-08, 2.18672781216e-07, 5.83896223816e-07, 1.52700607714e-07, 2.98913143126e-08, 2.96865660943e-08, 2.44202569277e-09, 1.17115733778e-10, 4.94503700141e-12, 2.59651653477e-12, 1.41892439401e-15, 9.22031825208e-17]
        max: [1.21533448691e-05, 0.0011621476151, 0.00883583817631, 0.00595670752227, 0.00909252464771, 0.0028731378261, 0.000718752853572, 0.00131774134934, 0.00438738567755, 0.00154370092787, 0.00175597961061, 0.000861420761794, 0.000977540272288, 0.00121937831864, 0.00141991360579, 0.00198664912023, 0.00229167286307, 0.00460572913289, 0.00229782564566, 0.00116515357513, 0.00116612052079, 0.000295601843391, 7.65094737289e-05, 1.31203196361e-05, 8.86929501576e-06, 2.60913907368e-07, 1.99747390184e-07]
        mean: [2.55305138808e-07, 6.91275708959e-05, 0.00052042742027, 0.000267041294137, 0.000288346665911, 0.000107362677227, 4.82417199237e-05, 0.000106528095785, 0.000148627150338, 4.26837141276e-05, 4.52091298939e-05, 3.53254217771e-05, 4.41801566922e-05, 7.79475230956e-05, 9.80523909675e-05, 0.000173852473381, 0.0001932666637, 0.000161589312484, 0.000106896615762, 6.2668666942e-05, 4.76614695799e-05, 1.43668767123e-05, 3.5564303289e-06, 1.08755318706e-06, 8.0210793385e-07, 1.80430124175e-08, 5.62677349158e-10]
        min: [4.85223146385e-12, 2.28078089748e-09, 2.54324428184e-09, 1.52206180992e-09, 2.64995151156e-07, 4.7924743285e-07, 2.86331527377e-08, 6.55265566252e-08, 6.27305567491e-08, 7.20395405551e-08, 3.80708407022e-08, 7.48401518536e-08, 1.0613421253e-08, 4.76060577626e-08, 3.59128478067e-08, 7.49367146113e-08, 4.84047042448e-08, 9.63980966162e-08, 4.60918201384e-08, 1.92236875307e-08, 1.85743331826e-08, 4.47673675907e-09, 3.37444489018e-10, 4.35818187094e-10, 1.98667957085e-10, 8.25137614485e-12, 1.2751569413e-14]
        var: [4.74388974284e-13, 1.9603174195e-08, 1.01794182683e-06, 5.28305179159e-07, 8.20013269731e-07, 7.59170006859e-08, 1.24006849234e-08, 3.45955903924e-08, 1.924820765e-07, 2.18805489283e-08, 2.35099584245e-08, 6.86546686168e-09, 9.33161903305e-09, 2.08694590498e-08, 3.37676304696e-08, 8.32203852497e-08, 9.56057135681e-08, 2.21369447218e-07, 8.54687840501e-08, 2.22877094558e-08, 2.38389681328e-08, 1.46983580862e-09, 9.64165136619e-11, 5.31296577913e-12, 2.81734206277e-12, 1.29292263151e-15, 9.23033706366e-17]
    mfcc:
        mean: [-806.756835938, 125.06162262, -53.6546783447, 51.1669044495, -2.44505906105, -1.92797648907, -14.0078306198, -0.0499955788255, 4.6886973381, -7.95728826523, -1.51857447624, -5.37752962112, -6.30731296539]
        cov: [[5177.73193359, -1076.08483887, -235.110534668, 284.904846191, -106.193229675, 5.1015048027, 160.92956543, -114.744636536, -6.97673749924, 109.91569519, 152.857315063, 28.6954669952, -4.57795095444], [-1076.08483887, 2187.54711914, -212.905975342, 65.5428619385, 387.383392334, 321.347747803, 52.7764358521, 314.115966797, 267.942596436, 17.1969242096, 141.566970825, 36.8524055481, -5.82482719421], [-235.110534668, -212.905975342, 1992.92150879, 727.997436523, 252.246383667, 336.692016602, 682.500366211, 309.879211426, 98.8285064697, -16.3580055237, -71.7329864502, 39.9241294861, 34.6513633728], [284.904846191, 65.5428619385, 727.997436523, 880.83013916, 352.565338135, 284.721160889, 393.56854248, 172.336166382, 102.942459106, 158.957809448, 38.3982849121, 27.1226634979, -6.85240888596], [-106.193229675, 387.383392334, 252.246383667, 352.565338135, 732.932128906, 397.012145996, 111.908660889, -21.5144844055, 202.315811157, 157.044204712, 96.352973938, 4.56609630585, -0.128689527512], [5.1015048027, 321.347747803, 336.692016602, 284.721160889, 397.012145996, 406.530090332, 210.205215454, 121.705307007, 146.907501221, 52.9554023743, 80.2493972778, 19.8892040253, 4.98698091507], [160.92956543, 52.7764358521, 682.500366211, 393.56854248, 111.908660889, 210.205215454, 548.507873535, 260.47052002, 40.1460342407, 5.04615831375, -5.04218244553, 13.7051115036, 8.95032024384], [-114.744636536, 314.115966797, 309.879211426, 172.336166382, -21.5144844055, 121.705307007, 260.47052002, 380.930419922, 124.410202026, -40.3046836853, 22.6292533875, 24.2451839447, 8.52596187592], [-6.97673749924, 267.942596436, 98.8285064697, 102.942459106, 202.315811157, 146.907501221, 40.1460342407, 124.410202026, 234.816040039, 45.0082511902, 53.0852432251, 12.131529808, 7.03561162949], [109.91569519, 17.1969242096, -16.3580055237, 158.957809448, 157.044204712, 52.9554023743, 5.04615831375, -40.3046836853, 45.0082511902, 241.03112793, 78.904914856, 7.03624391556, -21.162776947], [152.857315063, 141.566970825, -71.7329864502, 38.3982849121, 96.352973938, 80.2493972778, -5.04218244553, 22.6292533875, 53.0852432251, 78.904914856, 142.458129883, 48.3697509766, -13.3537998199], [28.6954669952, 36.8524055481, 39.9241294861, 27.1226634979, 4.56609630585, 19.8892040253, 13.7051115036, 24.2451839447, 12.131529808, 7.03624391556, 48.3697509766, 88.9276885986, 13.5294857025], [-4.57795095444, -5.82482719421, 34.6513633728, -6.85240888596, -0.128689527512, 4.98698091507, 8.95032024384, 8.52596187592, 7.03561162949, -21.162776947, -13.3537998199, 13.5294857025, 57.5513343811]]
        icov: [[0.000274146033917, 0.000166506011738, 0.000160473602591, -0.000184140124475, 0.000197101253434, -8.37715779198e-05, -0.000282514811261, 0.000264286674792, -0.000297000282444, 0.000134901682031, -0.000482581235701, 0.000117506002425, -0.000121087039588], [0.000166506011738, 0.000808294746093, 0.00029278502916, -1.74809174496e-05, -0.000347414606949, -0.000211668972042, 1.28549227156e-05, -0.000697363168001, -0.000186464152648, 0.00022565665131, -0.000398526084609, -4.62181087642e-05, 5.97317848587e-05], [0.000160473602591, 0.00029278502916, 0.00121207640041, -0.000537691114005, 4.37022463302e-05, -0.000342029758031, -0.00106884818524, 9.7170821391e-05, -0.000456696579931, 0.000329716131091, 0.000584073248319, -0.000604765722528, -0.000115071554319], [-0.000184140124475, -1.74809174496e-05, -0.000537691114005, 0.00266682659276, -0.000930862501264, -0.000127269915538, -0.000579315237701, -0.000804347451776, 0.000574673642404, -0.00155046861619, 0.000969326822087, -0.000693280075211, 0.000590558338445], [0.000197101253434, -0.000347414606949, 4.37022463302e-05, -0.000930862501264, 0.00530264293775, -0.00395312346518, -0.000360021134838, 0.00333210965618, -0.00279992306605, -0.000933220842853, -0.000237575368374, 0.000760802766308, -0.000474725209642], [-8.37715779198e-05, -0.000211668972042, -0.000342029758031, -0.000127269915538, -0.00395312346518, 0.008245754987, -0.00129457435105, -0.00111764122266, -0.000212240222027, 0.00160100089852, -0.00272465799935, 0.000608296541031, -0.000354304298526], [-0.000282514811261, 1.28549227156e-05, -0.00106884818524, -0.000579315237701, -0.000360021134838, -0.00129457435105, 0.00563959078863, -0.00336803332902, 0.00251353462227, -0.000478502654005, 0.000810094818007, 0.00036833822378, -9.51868860284e-05], [0.000264286674792, -0.000697363168001, 9.7170821391e-05, -0.000804347451776, 0.00333210965618, -0.00111764122266, -0.00336803332902, 0.00818391982466, -0.0047651831992, 0.00130101619288, -0.00133589096367, 5.3407260566e-05, -4.97294531669e-05], [-0.000297000282444, -0.000186464152648, -0.000456696579931, 0.000574673642404, -0.00279992306605, -0.000212240222027, 0.00251353462227, -0.0047651831992, 0.00927904061973, -0.00103177537676, -0.000114428454253, 0.000334695243509, -0.000990924658254], [0.000134901682031, 0.00022565665131, 0.000329716131091, -0.00155046861619, -0.000933220842853, 0.00160100089852, -0.000478502654005, 0.00130101619288, -0.00103177537676, 0.00723017053679, -0.00428147288039, 0.00136298348662, 0.000862252200022], [-0.000482581235701, -0.000398526084609, 0.000584073248319, 0.000969326822087, -0.000237575368374, -0.00272465799935, 0.000810094818007, -0.00133589096367, -0.000114428454253, -0.00428147288039, 0.01539122127, -0.00798362772912, 0.00388022256084], [0.000117506002425, -4.62181087642e-05, -0.000604765722528, -0.000693280075211, 0.000760802766308, 0.000608296541031, 0.00036833822378, 5.3407260566e-05, 0.000334695243509, 0.00136298348662, -0.00798362772912, 0.0164252147079, -0.00508346967399], [-0.000121087039588, 5.97317848587e-05, -0.000115071554319, 0.000590558338445, -0.000474725209642, -0.000354304298526, -9.51868860284e-05, -4.97294531669e-05, -0.000990924658254, 0.000862252200022, 0.00388022256084, -0.00508346967399, 0.0200972110033]]
    spectral_contrast:
        mean: [5.74783776131e-08, -1.97155163306e-08, -2.87279533495e-07, 1.17945198497e-07, -2.197489124e-07, -2.80667336483e-07, -9.22834772155e-07, 3.80930373467e-07, -1.66367485122e-07, 6.05727024094e-08, -6.63672153678e-07, -5.18325293797e-07]
        var: [0.000675710674841, 0.00138517201412, 0.00312432670034, 0.00367485103197, 0.0049764146097, 0.00785086024553, 0.160400032997, 0.239932239056, 0.405423372984, 1.03828692436, 1.96427714825, 2.97900128365]

rhythm:
    beats_loudness:
        dmean: 0.0047228387557
        dmean2: 0.00908234529197
        dvar: 1.10924729597e-05
        dvar2: 3.09544120682e-05
        max: 0.0110368803144
        mean: 0.00497062364593
        min: 0.00107413856313
        var: 1.20647237054e-05
    beats_loudness_bass:
        dmean: 0.360848993063
        dmean2: 0.705538034439
        dvar: 0.0593378469348
        dvar2: 0.166939511895
        max: 0.765678465366
        mean: 0.231154516339
        min: 2.21946484089e-05
        var: 0.0679429545999
    bpm: 84.4848327637
    bpm_confidence: 0
    first_peak_bpm: 170
    first_peak_spread: 0
    first_peak_weight: 0.555555582047
    onset_rate: 4.59774827957
    second_peak_bpm: 84
    second_peak_spread: 0.125
    second_peak_weight: 0.388888895512
    beats_position: [0.521900832653, 1.23208773136, 1.94227457047, 2.65246152878, 3.36264848709, 4.0728354454, 4.78302240372, 5.49320936203, 6.2440533638, 6.59718084335, 6.95030832291, 7.30343532562, 7.65656232834, 8.00968933105, 8.36281776428, 8.71594429016, 9.06907176971, 9.42219829559, 9.77532577515]
    bpm_estimates: [84.5333404541, 84.4310913086, 84.5466690063, 84.4921722412, 84.3723297119, 84.4875564575, 84.4893722534, 84.490852356, 84.4384460449, 84.5664825439]
    bpm_intervals: [0.710186898708, 0.710186839104, 0.710186958313, 0.710186958313, 0.710186958313, 0.710186958313, 0.710186958313, 0.75084400177, 0.353127479553, 0.353127479553, 0.353127002716, 0.353127002716, 0.353127002716, 0.353128433228, 0.353126525879, 0.353127479553, 0.353126525879, 0.353127479553]
    onset_times: [0.0580498874187, 0.162539675832, 0.510838985443, 0.743038535118, 0.882358253002, 1.07972788811, 1.24226760864, 1.59056687355, 1.79954648018, 1.93886625767, 2.18267583847, 2.31038546562, 2.50775504112, 2.67029476166, 2.91410422325, 3.01859402657, 3.3785033226, 3.73841261864, 3.93578219414, 4.1099319458, 4.33052158356, 4.446621418, 4.7020406723, 4.79492044449, 5.0387301445, 5.16644001007, 5.3754196167, 5.59600925446, 5.74693870544, 5.92108821869, 6.25777769089, 6.44353723526, 6.61768722534, 6.78022670746, 7.0356464386, 7.65097522736, 7.90639448166, 8.25469398499, 8.37079334259, 8.59138298035, 8.71909332275, 8.91646289825, 9.06739234924, 9.4040813446, 9.64789104462, 9.78721046448]
    rubato_start: [6.59718084335]
    rubato_stop: [6.95030832291]
    perceptual_tempo: "unknown"

sfx:
    inharmonicity:
        dmean: 0.0512500181794
        dmean2: 0.0889089554548
        dvar: 0.00369746657088
        dvar2: 0.0100934570655
        max: 0.346310317516
        mean: 0.0499372556806
        min: 0
        var: 0.00389674678445
    oddtoevenharmonicenergyratio:
        dmean: 16.3015766144
        dmean2: 32.1481895447
        dvar: 20956.4316406
        dvar2: 62824.4960938
        max: 2113.11157227
        mean: 8.83580112457
        min: 0
        var: 10563.7958984
    pitch_after_max_to_before_max_energy_ratio: 7.85133314133
    pitch_centroid: 194.067169189
    pitch_max_to_total: 0.122969835997
    pitch_min_to_total: 0.28770300746
    tristimulus:
        dmean: [0.254132300615, 0.29419746995, 0.123757056892]
        dmean2: [0.4392555058, 0.522464990616, 0.226059690118]
        dvar: [0.0480156205595, 0.0594787895679, 0.0201776903123]
        dvar2: [0.12632521987, 0.158312380314, 0.0535100921988]
        max: [1, 0.99360114336, 0.768434345722]
        mean: [0.379105240107, 0.466583937407, 0.105948634446]
        min: [0.000665503263008, 0, 0]
        var: [0.0822217836976, 0.0885424166918, 0.0196876972914]

tonal:
    chords_changes_rate: 0.115207374096
    chords_number_rate: 0.0368663594127
    chords_strength:
        dmean: 0.0152463726699
        dmean2: 0.0194143559784
        dvar: 0.000120871794934
        dvar2: 0.000207643955946
        max: 0.646966457367
        mean: 0.475257813931
        min: 0.33830922842
        var: 0.00506910029799
    key_strength: 0.591406941414
    tuning_diatonic_strength: 0.476822882891
    tuning_equal_tempered_deviation: 0.161314487457
    tuning_frequency: 434.946166992
    tuning_nontempered_energy_ratio: 0.781904995441
    hpcp:
        dmean: [0.11516340822, 0.118250995874, 0.159071758389, 0.171258702874, 0.159362122416, 0.165397942066, 0.173839151859, 0.181598737836, 0.21753552556, 0.193658336997, 0.24233879149, 0.156623080373, 0.146294653416, 0.163067445159, 0.144537106156, 0.13483093679, 0.145984277129, 0.148681089282, 0.155459418893, 0.131814077497, 0.143027380109, 0.134392097592, 0.147548660636, 0.157860338688, 0.143489137292, 0.136929512024, 0.130327701569, 0.133117601275, 0.114782579243, 0.111977107823, 0.118517972529, 0.110945142806, 0.0940284430981, 0.0985414981842, 0.147285044193, 0.147318080068]
        dmean2: [0.192665532231, 0.211979016662, 0.280083030462, 0.290752530098, 0.257982462645, 0.288118809462, 0.295776218176, 0.300236880779, 0.366756588221, 0.32830363512, 0.41999438405, 0.269071191549, 0.250044047832, 0.286498934031, 0.250865668058, 0.240754693747, 0.241594612598, 0.24590280652, 0.259775996208, 0.228363528848, 0.239716678858, 0.212682500482, 0.25035533309, 0.270447611809, 0.24100677669, 0.231854498386, 0.222215116024, 0.225433900952, 0.192817687988, 0.192722380161, 0.208969965577, 0.199674025178, 0.164741709828, 0.16780424118, 0.256884485483, 0.251891225576]
        dvar: [0.0334143936634, 0.0285998117179, 0.0440594144166, 0.058077223599, 0.0435575172305, 0.0563657358289, 0.0542361289263, 0.0512823984027, 0.0409763380885, 0.0677308738232, 0.0521813184023, 0.0401181206107, 0.035799510777, 0.0557042621076, 0.0390429161489, 0.027444312349, 0.0308718457818, 0.0348736867309, 0.03005974181, 0.0341117158532, 0.0335027836263, 0.0275955460966, 0.0322190411389, 0.0349205769598, 0.0344746187329, 0.0410406365991, 0.0458492040634, 0.0471021570265, 0.0306603442878, 0.0188293680549, 0.0202555693686, 0.0223190449178, 0.0191335342824, 0.0224439017475, 0.0436153076589, 0.0444498024881]
        dvar2: [0.0693341046572, 0.0766761749983, 0.124509945512, 0.127088561654, 0.0910103619099, 0.16298687458, 0.144499972463, 0.127189561725, 0.119726367295, 0.148677274585, 0.137589395046, 0.102544263005, 0.0881855487823, 0.149820804596, 0.114776618779, 0.077718578279, 0.0871023163199, 0.0806262344122, 0.0814970061183, 0.0866221413016, 0.0774203166366, 0.0589703433216, 0.084917075932, 0.0849830657244, 0.0808951184154, 0.100914172828, 0.118081308901, 0.117307342589, 0.0752147734165, 0.050358094275, 0.053336661309, 0.0668929219246, 0.054331317544, 0.0590458586812, 0.111767701805, 0.0936479046941]
        max: [1, 1, 1, 1, 1, 1, 1, 1, 1, 1, 1, 1, 1, 1, 1, 1, 1, 1, 1, 1, 1, 1, 1, 1, 1, 1, 1, 1, 1, 1, 0.81350851059, 1, 1, 1, 1, 1]
        mean: [0.184192404151, 0.142520472407, 0.161160424352, 0.227438792586, 0.210268110037, 0.163000836968, 0.183120235801, 0.205822601914, 0.346420556307, 0.499602526426, 0.361328452826, 0.187682390213, 0.179555818439, 0.182324126363, 0.16265784204, 0.174584180117, 0.198041558266, 0.201146766543, 0.184865936637, 0.165667772293, 0.181954115629, 0.185848653316, 0.173211038113, 0.183396950364, 0.183388143778, 0.151219010353, 0.130738258362, 0.139434710145, 0.127520516515, 0.145647227764, 0.185117125511, 0.140737518668, 0.0898244306445, 0.105363518, 0.15041013062, 0.192337334156]
        min: [6.36396871414e-05, 7.7091557614e-05, 0.000532816920895, 0.00140755809844, 0.000140813412145, 0.000594247772824, 0, 0, 0, 0, 0, 0.000700074306224, 0.00037532983697, 0.000321467232425, 0.000402053672587, 0.00173452473246, 0.000644693674985, 0.000659484067, 0.000687039573677, 0.000509721110575, 0.000104651873698, 8.90347655513e-05, 0, 0.000632373674307, 0.000230899444432, 0.000203437055461, 6.34837051621e-05, 0.000374407914933, 0.000489417696372, 0.000962085148785, 0.000819912354928, 0.00145705370232, 0.000498334935401, 0.000244178954745, 0.00015520285524, 0.00028112513246]
        var: [0.0771387591958, 0.0356366038322, 0.0423824675381, 0.0930432602763, 0.0741922929883, 0.0517636053264, 0.0673986971378, 0.0771377757192, 0.0695507004857, 0.1605283916, 0.0798224061728, 0.0582251213491, 0.0616359300911, 0.0662883967161, 0.0439299792051, 0.0412484891713, 0.058363750577, 0.0641121342778, 0.0537448823452, 0.0477804616094, 0.0545239746571, 0.0519445203245, 0.0407218150795, 0.0484468899667, 0.0530129484832, 0.0504456050694, 0.0519858151674, 0.0583723112941, 0.0411059968174, 0.0207383781672, 0.0219805166125, 0.0193996783346, 0.0183688495308, 0.0239542424679, 0.0479048974812, 0.071076259017]
    chords_histogram: [7.37327194214, 21.1981563568, 3.68663597107, 0, 0, 9.21658992767, 0, 0, 0, 0, 5.0691242218, 0, 0, 0, 0, 0, 0, 1.84331798553, 22.1198158264, 29.4930877686, 0, 0, 0, 0]
    thpcp: [1, 0.723231852055, 0.375663399696, 0.359397351742, 0.364938348532, 0.325574487448, 0.34944614768, 0.396398246288, 0.402613580227, 0.370026022196, 0.331599146128, 0.36419776082, 0.371993035078, 0.346697688103, 0.367085725069, 0.367068082094, 0.302678644657, 0.261684536934, 0.279091268778, 0.25524392724, 0.291526198387, 0.370528787374, 0.281698971987, 0.179791793227, 0.210894688964, 0.301059573889, 0.384980708361, 0.36867788434, 0.285267710686, 0.322577267885, 0.455239474773, 0.420870780945, 0.326261043549, 0.366531848907, 0.41197270155, 0.693392336369]
    chords_key: "C"
    chords_scale: "minor"
    key_key: "F"
    key_scale: "major"
    chords_progression: ["Cm", "Cm", "Cm", "Cm", "Cm", "Cm", "Cm", "Cm", "Cm", "Cm", "Cm", "Cm", "Cm", "Cm", "Cm", "Cm", "Cm", "Cm", "Cm", "Am", "Am", "Am", "Am", "Am", "Am", "Am", "Am", "Am", "Am", "Am", "Am", "Am", "Am", "Am", "Am", "Am", "Am", "Am", "Am", "Am", "Am", "Am", "Am", "Am", "Am", "Am", "Am", "Am", "Am", "Am", "Am", "Am", "Am", "Am", "Am", "Am", "Am", "Am", "Am", "Bm", "Bm", "Bm", "Bm", "Bm", "Bm", "Bm", "Bm", "Cm", "Cm", "Cm", "Cm", "Bm", "Bm", "Cm", "Cm", "Cm", "Cm", "Cm", "Bm", "Cm", "Cm", "Bm", "Cm", "Bm", "Bm", "Bm", "Bm", "Bm", "Bm", "Bm", "Bm", "G#", "G#", "G#", "G#", "G#", "G#", "G#", "G#", "G#", "G#", "G#", "F", "F", "F", "F", "G#", "G#", "G#", "Fm", "Fm", "G#", "G#", "G#", "G#", "G#", "G#", "G#", "G#", "G#", "G#", "G#", "G#", "G#", "G#", "G#", "G#", "G#", "G#", "G#", "G#", "G#", "G#", "G#", "Cm", "Cm", "G#", "G#", "G#", "G#", "G#", "G#", "G#", "G#", "G#", "G#", "G#", "Am", "Am", "Am", "Am", "Am", "Am", "Cm", "C", "C", "C", "C", "C", "C", "C", "C", "Cm", "Cm", "Cm", "Cm", "Cm", "Cm", "Cm", "Cm", "Cm", "Cm", "Cm", "Cm", "Cm", "Cm", "Cm", "Cm", "Cm", "Cm", "Cm", "Cm", "Cm", "Cm", "Cm", "Cm", "Cm", "Cm", "Cm", "Cm", "Cm", "Cm", "F", "Fm", "Fm", "F", "F", "F", "F", "F", "F", "F", "F", "F", "F", "F", "E", "E", "E", "E", "E", "E", "E", "E", "E", "E", "E"]
