
metadata:
    version:
        essentia: "1.2.2"
    audio_properties:
        analysis_sample_rate: 44100
        bitrate: 128
        channels: 2
        equal_loudness: 1
        length: 9.92653083801
        replay_gain: -12.0336914062
        downmix: "mix"
    tags:
        track: 20
        year: 0
        album: "Splitted by Mp3Splt v. 2.1"
        artist: "From 003.10 To 003.20"
        comment: "http://mp3splt.sf.net"
        genre: ""
        title: "01 Home.mp3"

highlevel:
    ballroom:
        all:
            ChaChaCha: 0.157145798206
            Jive: 0.0858413428068
            Quickstep: 0.0195369832218
            Rumba-American: 0.0383453816175
            Rumba-International: 0.181198343635
            Rumba-Misc: 0.0350164696574
            Samba: 0.23401555419
            Tango: 0.165818318725
            VienneseWaltz: 0.0442874282598
            Waltz: 0.0387943647802
        probability: 0.23401555419
        value: "Samba"
    culture:
        all:
            non_western: 0.0859146341681
            western: 0.914085388184
        probability: 0.914085388184
        value: "western"
    gender:
        all:
            female: 0.982465922832
            male: 0.0175340939313
        probability: 0.982465922832
        value: "female"
    genre_dortmund:
        all:
            alternative: 0.0858287960291
            blues: 0.0627014860511
            electronic: 0.0594679825008
            folkcountry: 0.0189887415618
            funksoulrnb: 0.0275397729129
            jazz: 0.586645662785
            pop: 0.053164858371
            raphiphop: 0.00993163138628
            rock: 0.095731087029
        probability: 0.586645662785
        value: "jazz"
    genre_electronica:
        all:
            ambient: 0.274267584085
            dnb: 0.0687410309911
            house: 0.334417968988
            techno: 0.0660533905029
            trance: 0.25652000308
        probability: 0.334417968988
        value: "house"
    genre_rosamerica:
        all:
            cla: 0.0301450248808
            dan: 0.402800858021
            hip: 0.0395459011197
            jaz: 0.0955373495817
            pop: 0.143715873361
            rhy: 0.171482145786
            roc: 0.107570491731
            spe: 0.00920235924423
        probability: 0.402800858021
        value: "dan"
    genre_tzanetakis:
        all:
            blu: 0.011661067605
            cla: 0.0200845170766
            cou: 0.0175360962749
            dis: 0.0770040526986
            hip: 0.0449748933315
            jaz: 0.145771950483
            met: 0.00898399110883
            pop: 0.455182760954
            reg: 0.184462219477
            roc: 0.0343384556472
        probability: 0.455182760954
        value: "pop"
    live_studio:
        all:
            live: 0.206296563148
            studio: 0.793703436852
        probability: 0.793703436852
        value: "studio"
    mood:
        all:
            Cluster1: 0.342624306679
            Cluster2: 0.26892465353
            Cluster3: 0.276255816221
            Cluster4: 0.0656520053744
            Cluster5: 0.0465432032943
        probability: 0.342624306679
        value: "Cluster1"
    mood_acoustic:
        all:
            acoustic: 0.213914722204
            not_acoustic: 0.786085307598
        probability: 0.786085307598
        value: "not_acoustic"
    mood_aggressive:
        all:
            aggressive: 0.0708272978663
            not_aggressive: 0.929172694683
        probability: 0.929172694683
        value: "not_aggressive"
    mood_electronic:
        all:
            electronic: 0.822981595993
            not_electronic: 0.177018418908
        probability: 0.822981595993
        value: "electronic"
    mood_happy:
        all:
            happy: 0.119305238128
            not_happy: 0.880694746971
        probability: 0.880694746971
        value: "not_happy"
    mood_party:
        all:
            not_party: 0.736527502537
            party: 0.263472467661
        probability: 0.736527502537
        value: "not_party"
    mood_relaxed:
        all:
            not_relaxed: 0.418281644583
            relaxed: 0.58171838522
        probability: 0.58171838522
        value: "relaxed"
    mood_sad:
        all:
            not_sad: 0.40538546443
            sad: 0.594614565372
        probability: 0.594614565372
        value: "sad"
    rhythm:
        all:
            fast: 0.174873560667
            medium: 0.420968472958
            slow: 0.404157966375
        probability: 0.420968472958
        value: "medium"
    speech_music:
        all:
            music: 0.999998688698
            speech: 1.29467571242e-06
        probability: 0.999998688698
        value: "music"
    timbre:
        all:
            bright: 0.87845569849
            dark: 0.121544323862
        probability: 0.87845569849
        value: "bright"
    voice_instrumental:
        all:
            instrumental: 0.999999940395
            voice: 3.48599940025e-08
        probability: 0.999999940395
        value: "instrumental"

lowlevel:
    average_loudness: 0.976059675217
    barkbands_kurtosis:
        dmean: 1.56300389767
        dmean2: 2.41780209541
        dvar: 7.77605676651
        dvar2: 18.3073329926
        max: 21.6182727814
        mean: 0.777477860451
        min: -1.8357874155
        var: 14.1319847107
    barkbands_skewness:
        dmean: 0.500002205372
        dmean2: 0.726059913635
        dvar: 0.370074421167
        dvar2: 0.682090461254
        max: 4.5883936882
        mean: 0.436553806067
        min: -1.69823181629
        var: 1.55994772911
    barkbands_spread:
        dmean: 5.60377931595
        dmean2: 8.66438865662
        dvar: 39.8232727051
        dvar2: 91.0349960327
        max: 53.0751152039
        mean: 25.2694854736
        min: 2.87485575676
        var: 133.559509277
    dissonance:
        dmean: 0.0241156686097
        dmean2: 0.0403272248805
        dvar: 0.000686510058586
        dvar2: 0.00153670704458
        max: 0.499055564404
        mean: 0.455920934677
        min: 0.17793160677
        var: 0.00102448544931
    hfc:
        dmean: 1.33328473568
        dmean2: 2.15811061859
        dvar: 4.74881410599
        dvar2: 12.1994037628
        max: 16.8621940613
        mean: 3.43367195129
        min: 0.103704839945
        var: 6.08591079712
    pitch:
        dmean: 182.245925903
        dmean2: 346.579315186
        dvar: 208299.390625
        dvar2: 568777.3125
        max: 4009.09082031
        mean: 468.653198242
        min: 83.0508499146
        var: 182815.84375
    pitch_instantaneous_confidence:
        dmean: 0.108399309218
        dmean2: 0.16075527668
        dvar: 0.0164833702147
        dvar2: 0.0288671012968
        max: 0.958358347416
        mean: 0.641676902771
        min: 0.126509189606
        var: 0.0487829558551
    pitch_salience:
        dmean: 0.0726830214262
        dmean2: 0.115873031318
        dvar: 0.00668771844357
        dvar2: 0.0145997144282
        max: 0.803555607796
        mean: 0.476008027792
        min: 0.148652389646
        var: 0.0141413733363
    silence_rate_20dB:
        dmean: 0
        dmean2: 0
        dvar: 0
        dvar2: 0
        max: 1
        mean: 1
        min: 1
        var: 0
    silence_rate_30dB:
        dmean: 0
        dmean2: 0
        dvar: 0
        dvar2: 0
        max: 1
        mean: 1
        min: 1
        var: 0
    silence_rate_60dB:
        dmean: 0.135831385851
        dmean2: 0.272300481796
        dvar: 0.117381520569
        dvar2: 0.202847972512
        max: 1
        mean: 0.67990654707
        min: 0
        var: 0.217633903027
    spectral_centroid:
        dmean: 208.298690796
        dmean2: 318.962585449
        dvar: 60967.0585938
        dvar2: 104799.46875
        max: 2496.78149414
        mean: 1224.7175293
        min: 173.92010498
        var: 351595.75
    spectral_complexity:
        dmean: 2.33647060394
        dmean2: 3.87028312683
        dvar: 12.943239212
        dvar2: 34.1034851074
        max: 26
        mean: 6.01408433914
        min: 0
        var: 13.427022934
    spectral_crest:
        dmean: 2.23145651817
        dmean2: 3.59036827087
        dvar: 5.57733154297
        dvar2: 12.592871666
        max: 22.511384964
        mean: 10.4888448715
        min: 2.58979892731
        var: 14.1007032394
    spectral_decrease:
        dmean: 3.50258683168e-10
        dmean2: 5.35787969547e-10
        dvar: 4.54319025277e-19
        dvar2: 1.05485235679e-18
        max: -1.51451646363e-11
        mean: -7.86836484856e-10
        min: -5.51955325889e-09
        var: 5.6972261145e-19
    spectral_energy:
        dmean: 0.00142997782677
        dmean2: 0.00219508539885
        dvar: 7.21096103007e-06
        dvar2: 1.6865620637e-05
        max: 0.0216319989413
        mean: 0.00328114582226
        min: 6.65677362122e-05
        var: 8.98518192116e-06
    spectral_energyband_high:
        dmean: 6.63725659251e-05
        dmean2: 0.000109867120045
        dvar: 1.83689348177e-08
        dvar2: 4.85329998412e-08
        max: 0.00114507996477
        mean: 9.08140355023e-05
        min: 7.66932657825e-07
        var: 2.23295053559e-08
    spectral_energyband_low:
        dmean: 0.0004020735214
        dmean2: 0.00061217934126
        dvar: 6.15632927747e-07
        dvar2: 1.33136268232e-06
        max: 0.00621300097555
        mean: 0.000853663659655
        min: 1.09752967603e-07
        var: 1.2536520444e-06
    spectral_energyband_middle_high:
        dmean: 0.000396270130295
        dmean2: 0.000638478493784
        dvar: 4.76955904105e-07
        dvar2: 1.20297431749e-06
        max: 0.00724611757323
        mean: 0.00135712092742
        min: 5.53148165636e-05
        var: 7.80820585078e-07
    spectral_energyband_middle_low:
        dmean: 0.000958762597293
        dmean2: 0.00165357347578
        dvar: 6.62805496177e-06
        dvar2: 1.69083905348e-05
        max: 0.0192579738796
        mean: 0.000979531439953
        min: 5.61647266295e-06
        var: 5.24534971191e-06
    spectral_flatness_db:
        dmean: 0.031134352088
        dmean2: 0.0451275259256
        dvar: 0.00108883343637
        dvar2: 0.00189476448577
        max: 0.332905203104
        mean: 0.216004893184
        min: 0.0806606635451
        var: 0.00314771197736
    spectral_flux:
        dmean: 0.0129420990124
        dmean2: 0.0197030752897
        dvar: 0.000306838745018
        dvar2: 0.000564529909752
        max: 0.133088499308
        mean: 0.0266318693757
        min: 0.0048382403329
        var: 0.000569882278796
    spectral_kurtosis:
        dmean: 3.82738852501
        dmean2: 6.46456289291
        dvar: 12.826043129
        dvar2: 34.1542243958
        max: 28.3561267853
        mean: 7.7883014679
        min: 0.622545957565
        var: 22.7532749176
    spectral_rms:
        dmean: 0.000337311736075
        dmean2: 0.000497018336318
        dvar: 2.48121978075e-07
        dvar2: 5.4541328609e-07
        max: 0.00459395162761
        mean: 0.00166068656836
        min: 0.000254841375863
        var: 4.43240452341e-07
    spectral_rolloff:
        dmean: 364.138977051
        dmean2: 610.852050781
        dvar: 321619.71875
        dvar2: 638840.625
        max: 4155.90820312
        mean: 2158.17358398
        min: 107.666015625
        var: 1123292.875
    spectral_skewness:
        dmean: 0.386338472366
        dmean2: 0.644890487194
        dvar: 0.108088843524
        dvar2: 0.300493150949
        max: 4.07448720932
        mean: 1.83619892597
        min: 0.751462817192
        var: 0.248594760895
    spectral_spread:
        dmean: 919288.125
        dmean2: 1287011.375
        dvar: 1.65378890138e+12
        dvar2: 3.10873738445e+12
        max: 11072800
        mean: 3582484.75
        min: 1614063.125
        var: 2.90041705267e+12
    spectral_strongpeak:
        dmean: 0.446583479643
        dmean2: 0.771507620811
        dvar: 0.505487680435
        dvar2: 1.10345828533
        max: 4.47681617737
        mean: 1.05117321014
        min: 0.018471095711
        var: 1.23841190338
    zerocrossingrate:
        dmean: 0.00861328095198
        dmean2: 0.00983356963843
        dvar: 8.21528374217e-05
        dvar2: 9.65070576058e-05
        max: 0.1337890625
        mean: 0.0722232162952
        min: 0.01318359375
        var: 0.000773540639784
    barkbands:
        dmean: [2.85705510805e-07, 0.000206727680052, 0.000253789796261, 0.000380347279133, 0.000394601083826, 0.000151930333232, 4.8254882131e-05, 5.47923118575e-05, 3.25412111124e-05, 4.97566652484e-05, 4.13268935517e-05, 4.07554434787e-05, 5.22033878951e-05, 7.41621697671e-05, 4.26834594691e-05, 8.20736386231e-05, 6.67939311825e-05, 5.45281945961e-05, 5.32926824235e-05, 4.87182078359e-05, 2.87932398351e-05, 1.28238089019e-05, 3.57394401362e-06, 1.52893676386e-06, 1.4290458239e-06, 8.93482621223e-08, 5.02308361572e-10]
        dmean2: [4.6504931106e-07, 0.000322788604535, 0.000416078459239, 0.0006946704234, 0.000689966313075, 0.000254593498539, 8.56883270899e-05, 0.00010051659774, 5.44713038835e-05, 7.86210657679e-05, 6.28443740425e-05, 5.92820215388e-05, 7.51834595576e-05, 0.000120222772239, 7.3379240348e-05, 0.00012974801939, 0.000103411359305, 8.80280858837e-05, 8.51482109283e-05, 7.58053793106e-05, 4.77406538266e-05, 2.19628018385e-05, 6.15017688688e-06, 2.56774319496e-06, 2.52029690273e-06, 1.52912420504e-07, 8.90305607015e-10]
        dvar: [2.97036321321e-13, 2.65858261628e-07, 2.85093136654e-07, 1.58358147928e-06, 1.57771410159e-06, 2.13291428963e-07, 1.58756492397e-08, 5.50971250846e-08, 6.96090873831e-09, 1.24688046554e-08, 1.00582644436e-08, 5.583720597e-09, 1.34543034491e-08, 3.0584267563e-08, 1.00244523793e-08, 4.6106727325e-08, 1.54957895404e-08, 1.03342276958e-08, 6.43913278253e-09, 5.15895415276e-09, 4.22469348393e-09, 1.2046337261e-09, 7.22009257936e-11, 1.02992423617e-11, 1.41964001318e-11, 4.05697780329e-14, 1.22958175008e-18]
        dvar2: [7.51920119051e-13, 6.43144630885e-07, 6.77806667682e-07, 4.40434541815e-06, 4.28706562161e-06, 5.34392086138e-07, 4.2650402321e-08, 1.61946516641e-07, 1.81745907213e-08, 3.21399902248e-08, 2.31347581092e-08, 9.78221592618e-09, 2.70863367291e-08, 7.43963823879e-08, 2.35525785541e-08, 9.32854078428e-08, 3.13086232495e-08, 2.19241567123e-08, 1.58894124525e-08, 1.20781145085e-08, 1.13654747835e-08, 3.33152683218e-09, 1.94168958689e-10, 2.65823162093e-11, 3.9062929974e-11, 1.03968300169e-13, 2.99477494091e-18]
        max: [5.87015802012e-06, 0.00400874577463, 0.00448284717277, 0.0104646794498, 0.0112700741738, 0.00415374012664, 0.00103415432386, 0.0028801697772, 0.000760980765335, 0.00109772046562, 0.00107640668284, 0.00142320129089, 0.00163168518338, 0.00154358393047, 0.00109638413414, 0.00292982952669, 0.00129102368373, 0.00131859001704, 0.00073296634946, 0.000889690185431, 0.000549830903765, 0.000310849864036, 7.3914648965e-05, 1.78949121619e-05, 2.89918480121e-05, 1.28113993014e-06, 1.1456585014e-08]
        mean: [4.73330288742e-07, 0.00028115263558, 0.000572056334931, 0.000382890488254, 0.000310391187668, 0.000141743134009, 4.539863221e-05, 4.35721085523e-05, 5.15484389325e-05, 0.000121722987387, 8.25313327368e-05, 0.000138818373671, 0.000132787565235, 0.000176370464033, 7.65484728618e-05, 0.000226678370382, 0.000150437947013, 0.000117478375614, 8.07921169326e-05, 0.000103270460386, 2.96266098303e-05, 1.00523238871e-05, 2.6297234399e-06, 1.11391898372e-06, 1.00227543953e-06, 6.09447852185e-08, 4.14392936632e-10]
        min: [2.82110529382e-10, 9.06385455579e-09, 1.92706224311e-08, 1.87861139977e-08, 1.215203838e-06, 1.17619187279e-07, 1.36037186849e-07, 1.45902054882e-08, 5.39576028302e-08, 2.17181764128e-07, 7.97547983211e-08, 5.06115156895e-07, 1.5127982067e-07, 2.2233747643e-07, 8.64683613599e-07, 1.10650182705e-06, 6.34574575997e-07, 1.0808356592e-06, 1.18580044273e-06, 1.07472897071e-06, 2.23686498657e-07, 3.65188768114e-08, 3.89506693566e-09, 2.90986168494e-09, 8.6907214758e-10, 3.00333889702e-11, 3.00218639011e-12]
        var: [5.47776721985e-13, 2.63866581918e-07, 7.54614859488e-07, 1.08839037694e-06, 1.0655121514e-06, 1.84082011856e-07, 1.16709690801e-08, 3.05075893436e-08, 1.23047927403e-08, 3.16395727396e-08, 2.75406026873e-08, 5.95129527881e-08, 7.2012902308e-08, 9.49829228603e-08, 2.55970480367e-08, 2.13092945955e-07, 7.68829622189e-08, 5.34784767581e-08, 8.97807517219e-09, 2.03017815892e-08, 3.61182639352e-09, 8.53407788881e-10, 5.31745272814e-11, 8.06547970772e-12, 9.64985209795e-12, 3.05301709478e-14, 1.29205022315e-18]
    mfcc:
        mean: [-793.981872559, 142.164993286, -69.4617538452, 57.7781410217, 0.947446346283, 13.4974679947, 15.2382564545, 3.708288908, 2.0158765316, -5.10296726227, -8.65904521942, -10.380355835, -1.26086640358]
        cov: [[3818.68774414, -980.498474121, 1160.34936523, -309.156585693, -134.992721558, -131.136108398, -322.263671875, -266.080444336, -159.225692749, 5.74766778946, 164.394851685, 178.589096069, -29.2895889282], [-980.498474121, 1152.54211426, -143.36277771, 323.766662598, 209.156768799, 230.472259521, 130.238113403, 46.6999359131, -8.6059627533, 48.3971290588, 163.923782349, 113.995872498, 131.743286133], [1160.34936523, -143.36277771, 1194.38598633, 117.498565674, 238.298461914, 92.6783981323, -71.4864730835, -40.3187217712, -80.4050064087, 1.50626778603, 124.576721191, 81.5318832397, 2.0632994175], [-309.156585693, 323.766662598, 117.498565674, 408.208404541, 156.477676392, 78.2102737427, 146.788238525, 125.285575867, 48.0718650818, 1.65174806118, -40.8186798096, -55.0168647766, 27.3350582123], [-134.992721558, 209.156768799, 238.298461914, 156.477676392, 227.850631714, 128.016845703, 61.7163238525, 77.3673171997, 26.9430942535, 23.7091655731, 51.2381668091, 12.1509637833, 5.48567247391], [-131.136108398, 230.472259521, 92.6783981323, 78.2102737427, 128.016845703, 184.143295288, 76.6942901611, 26.0091381073, -3.75284743309, 23.9112243652, 84.4730682373, 63.0534591675, 40.491191864], [-322.263671875, 130.238113403, -71.4864730835, 146.788238525, 61.7163238525, 76.6942901611, 207.66947937, 102.541786194, 16.1310253143, 20.5726242065, -29.9767837524, -28.1764335632, 42.2857589722], [-266.080444336, 46.6999359131, -40.3187217712, 125.285575867, 77.3673171997, 26.0091381073, 102.541786194, 154.286102295, 71.4127960205, -8.69020748138, -53.5149154663, -54.236289978, -6.04853057861], [-159.225692749, -8.6059627533, -80.4050064087, 48.0718650818, 26.9430942535, -3.75284743309, 16.1310253143, 71.4127960205, 120.381660461, 49.6792526245, -25.5788669586, -45.6844558716, -40.110496521], [5.74766778946, 48.3971290588, 1.50626778603, 1.65174806118, 23.7091655731, 23.9112243652, 20.5726242065, -8.69020748138, 49.6792526245, 146.67741394, 95.8678970337, 18.5975399017, -13.8431310654], [164.394851685, 163.923782349, 124.576721191, -40.8186798096, 51.2381668091, 84.4730682373, -29.9767837524, -53.5149154663, -25.5788669586, 95.8678970337, 227.449478149, 131.07749939, 31.5651569366], [178.589096069, 113.995872498, 81.5318832397, -55.0168647766, 12.1509637833, 63.0534591675, -28.1764335632, -54.236289978, -45.6844558716, 18.5975399017, 131.07749939, 160.75440979, 87.4108657837], [-29.2895889282, 131.743286133, 2.0632994175, 27.3350582123, 5.48567247391, 40.491191864, 42.2857589722, -6.04853057861, -40.110496521, -13.8431310654, 31.5651569366, 87.4108657837, 142.951187134]]
        icov: [[0.000641171180177, 0.00046514623682, -0.000591949210502, -0.000249032571446, 0.000747539161239, -0.000107453714008, 0.000329624308506, 7.95019150246e-05, 0.000171609921381, -0.00019600513042, -0.000127899678773, -0.000645746826194, 0.000118736781587], [0.00046514623682, 0.00259753945284, 0.000699352298398, -0.0022024102509, -0.00100807391573, -0.00105532922316, 0.000907368899789, 0.000959297409281, 0.000748138176277, 0.000170413375599, -0.00157670490444, -0.000541753543075, -0.000871892203577], [-0.000591949210502, 0.000699352298398, 0.00250107282773, -0.00114959303755, -0.00342211918905, 0.000212767947232, 0.000765853154007, 0.000628278532531, 0.00149625551421, 4.29668034485e-05, -0.000492673076224, -8.98281505215e-05, -0.000123277772218], [-0.000249032571446, -0.0022024102509, -0.00114959303755, 0.00671360595152, -0.00139787246007, 0.001512562274, -0.00315680680797, -0.00068770366488, -0.00231693522073, 0.000909445399884, 0.000734296743758, 0.00270045292564, -0.00113399489783], [0.000747539161239, -0.00100807391573, -0.00342211918905, -0.00139787246007, 0.0164210442454, -0.00803289469332, 0.00351100228727, -0.00758881866932, 0.00109767983668, -0.00250841188245, 0.000331439863658, 0.000788898963947, 0.00119391945191], [-0.000107453714008, -0.00105532922316, 0.000212767947232, 0.001512562274, -0.00803289469332, 0.0159515552223, -0.00812122132629, 0.00550159998238, -0.00419753370807, 0.00481837661937, -0.00357921631075, -0.00346934958361, 0.00128387100995], [0.000329624308506, 0.000907368899789, 0.000765853154007, -0.00315680680797, 0.00351100228727, -0.00812122132629, 0.016778530553, -0.0118004521355, 0.0103630600497, -0.00956941861659, 0.00447749486193, 0.00172462803312, -0.00353513495065], [7.95019150246e-05, 0.000959297409281, 0.000628278532531, -0.00068770366488, -0.00758881866932, 0.00550159998238, -0.0118004521355, 0.0245373360813, -0.0153721384704, 0.0111280558631, -0.00482518505305, 0.00208761147223, -0.000930318725295], [0.000171609921381, 0.000748138176277, 0.00149625551421, -0.00231693522073, 0.00109767983668, -0.00419753370807, 0.0103630600497, -0.0153721384704, 0.0256618969142, -0.0152046270669, 0.00778510188684, -0.00304408371449, 0.00306848273613], [-0.00019600513042, 0.000170413375599, 4.29668034485e-05, 0.000909445399884, -0.00250841188245, 0.00481837661937, -0.00956941861659, 0.0111280558631, -0.0152046270669, 0.0216201413423, -0.0135632725433, 0.00546795409173, -0.00085994094843], [-0.000127899678773, -0.00157670490444, -0.000492673076224, 0.000734296743758, 0.000331439863658, -0.00357921631075, 0.00447749486193, -0.00482518505305, 0.00778510188684, -0.0135632725433, 0.0202903114259, -0.0133628966287, 0.00532775791362], [-0.000645746826194, -0.000541753543075, -8.98281505215e-05, 0.00270045292564, 0.000788898963947, -0.00346934958361, 0.00172462803312, 0.00208761147223, -0.00304408371449, 0.00546795409173, -0.0133628966287, 0.0275085195899, -0.0138122001663], [0.000118736781587, -0.000871892203577, -0.000123277772218, -0.00113399489783, 0.00119391945191, 0.00128387100995, -0.00353513495065, -0.000930318725295, 0.00306848273613, -0.00085994094843, 0.00532775791362, -0.0138122001663, 0.0166858267039]]
    spectral_contrast:
        mean: [4.02628671736e-07, -2.30626952202e-07, -1.79880800033e-07, -1.52334635573e-07, 3.74907614287e-07, 1.3680384825e-07, 2.35964785134e-06, -1.57266711653e-07, -9.44439761952e-08, 4.48252103524e-06, -1.28905537622e-06, 3.41005738846e-06]
        var: [0.000354894233169, 0.000706908584107, 0.00261185737327, 0.00401582568884, 0.00544570013881, 0.0102075422183, 0.0536489672959, 0.0827395096421, 0.149069219828, 0.374761343002, 0.775200903416, 3.40597629547]

rhythm:
    beats_loudness:
        dmean: 0.00438489718363
        dmean2: 0.00830745045096
        dvar: 9.19560625334e-06
        dvar2: 2.83889094135e-05
        max: 0.0133114540949
        mean: 0.00661620590836
        min: 0.00124907516874
        var: 1.01850491774e-05
    beats_loudness_bass:
        dmean: 0.367416471243
        dmean2: 0.663553059101
        dvar: 0.0564667247236
        dvar2: 0.143401771784
        max: 0.88315308094
        mean: 0.514194369316
        min: 0.0489650517702
        var: 0.0727019906044
    bpm: 85.4971542358
    bpm_confidence: 0
    first_peak_bpm: 172
    first_peak_spread: 0
    first_peak_weight: 0.555555582047
    onset_rate: 4.43256568909
    second_peak_bpm: 85
    second_peak_spread: 0.125
    second_peak_weight: 0.388888895512
    beats_position: [0.497875064611, 1.19965362549, 1.90143203735, 2.60321068764, 3.30498933792, 4.00676774979, 4.70854663849, 5.41032505035, 6.14956855774, 6.49874687195, 6.84792518616, 7.1971039772, 7.54628181458, 7.89546060562, 8.24463844299, 8.5938167572, 8.94299507141, 9.29217433929, 9.64135169983]
    bpm_estimates: [85.5790710449, 85.581451416, 85.4787826538, 85.3511505127, 85.4060745239, 85.3989257812, 85.5176925659, 85.467086792, 85.5510940552, 85.6401748657]
    bpm_intervals: [0.701778531075, 0.701778411865, 0.701778650284, 0.701778650284, 0.701778411865, 0.701778888702, 0.701778411865, 0.739243507385, 0.349178314209, 0.349178314209, 0.349178791046, 0.349177837372, 0.349178791046, 0.349177837372, 0.349178314209, 0.349178314209, 0.349179267883, 0.349177360535]
    onset_times: [0.0580498874187, 0.31346938014, 0.476009070873, 0.835918366909, 1.18421769142, 1.4164172411, 1.53251695633, 1.71827661991, 1.89242625237, 2.24072551727, 2.5890250206, 2.77478456497, 2.87927436829, 3.12308382988, 3.29723358154, 3.65714287758, 3.86612248421, 4.00544214249, 4.36535167694, 4.5046710968, 4.71365070343, 5.05034017563, 5.28253984451, 5.41024923325, 5.64244890213, 5.75854873657, 5.94430828094, 6.11845827103, 6.3042178154, 6.47836732864, 6.64090681076, 6.8382768631, 7.18657588959, 7.36072540283, 7.54648542404, 7.8831744194, 8.23147392273, 8.45206356049, 8.59138298035, 8.76553249359, 8.93968296051, 9.17188167572, 9.29959201813, 9.64789104462]
    rubato_start: [6.49874687195]
    rubato_stop: [6.84792518616]
    perceptual_tempo: "unknown"

sfx:
    inharmonicity:
        dmean: 0.0402528643608
        dmean2: 0.072231695056
        dvar: 0.00281641422771
        dvar2: 0.00799117516726
        max: 0.464126139879
        mean: 0.0373746491969
        min: 3.73730472347e-05
        var: 0.00292071746662
    oddtoevenharmonicenergyratio:
        dmean: 2.27389955521
        dmean2: 4.22853183746
        dvar: 79.666847229
        dvar2: 229.489074707
        max: 119.788230896
        mean: 1.59970283508
        min: 0.000100076285889
        var: 46.0622138977
    pitch_after_max_to_before_max_energy_ratio: 2.47323656082
    pitch_centroid: 196.104125977
    pitch_max_to_total: 0.312206566334
    pitch_min_to_total: 0.687793433666
    tristimulus:
        dmean: [0.208561167121, 0.250046312809, 0.0957216843963]
        dmean2: [0.381279826164, 0.449720233679, 0.171638175845]
        dvar: [0.042033251375, 0.0532545484602, 0.0118347406387]
        dvar2: [0.107687994838, 0.133635759354, 0.0344407036901]
        max: [0.974783301353, 0.994647502899, 0.761361181736]
        mean: [0.426581084728, 0.431462854147, 0.094979442656]
        min: [0.00438745040447, 0, 0]
        var: [0.0691908374429, 0.077872261405, 0.0132392849773]

tonal:
    chords_changes_rate: 0.116822429001
    chords_number_rate: 0.0327102802694
    chords_strength:
        dmean: 0.0110707636923
        dmean2: 0.0102247362956
        dvar: 6.92900939612e-05
        dvar2: 0.000102333549876
        max: 0.576138079166
        mean: 0.407304674387
        min: 0.284683018923
        var: 0.00337554747239
    key_strength: 0.663813710213
    tuning_diatonic_strength: 0.431976675987
    tuning_equal_tempered_deviation: 0.0530629195273
    tuning_frequency: 441.272583008
    tuning_nontempered_energy_ratio: 0.643269360065
    hpcp:
        dmean: [0.111485823989, 0.0678901523352, 0.0578346215189, 0.0633028522134, 0.0501997880638, 0.0799299255013, 0.106951251626, 0.0718460232019, 0.0913842394948, 0.106465451419, 0.0698031336069, 0.099370919168, 0.12493237108, 0.115025803447, 0.0610942021012, 0.0559402927756, 0.0946197509766, 0.112223133445, 0.121210731566, 0.0943062826991, 0.0816465467215, 0.112782157958, 0.110604278743, 0.087862983346, 0.0716696307063, 0.0785037130117, 0.11931373179, 0.149865999818, 0.114244110882, 0.0678901299834, 0.0494823753834, 0.0556683838367, 0.0952268913388, 0.128088459373, 0.10910179466, 0.104444131255]
        dmean2: [0.194517567754, 0.11728143692, 0.102024875581, 0.117492981255, 0.0894898921251, 0.134503856301, 0.179179951549, 0.121812865138, 0.139853060246, 0.16387078166, 0.120966859162, 0.174259185791, 0.223369836807, 0.20222401619, 0.107012353837, 0.104167297482, 0.167462363839, 0.189034044743, 0.217689350247, 0.166043624282, 0.142685964704, 0.196057483554, 0.204396158457, 0.165914684534, 0.130838289857, 0.149148121476, 0.205171182752, 0.242906048894, 0.198084309697, 0.12876573205, 0.088829010725, 0.0992141216993, 0.15753313899, 0.202030614018, 0.179634064436, 0.18824505806]
        dvar: [0.0463617146015, 0.0149026094005, 0.0170878767967, 0.0299612674862, 0.0103641506284, 0.0214835647494, 0.0376649610698, 0.0136933894828, 0.0236602593213, 0.0353680923581, 0.0196930188686, 0.0241199526936, 0.0458615906537, 0.0284633990377, 0.0103750377893, 0.0091892266646, 0.0321787856519, 0.030256556347, 0.0493322126567, 0.0293520763516, 0.0264153014868, 0.0454827547073, 0.0461033657193, 0.0396117568016, 0.0255740433931, 0.0313103534281, 0.0346601754427, 0.0484142005444, 0.0363494567573, 0.0206629820168, 0.0125072244555, 0.0174872819334, 0.0191466547549, 0.0365873463452, 0.0246070586145, 0.0446302741766]
        dvar2: [0.0974052026868, 0.0369455143809, 0.0413031727076, 0.0683100819588, 0.0267745237797, 0.0519720390439, 0.0802033990622, 0.0364025086164, 0.0516461916268, 0.0774499177933, 0.0531465783715, 0.0646980553865, 0.113448522985, 0.0706904456019, 0.0290493890643, 0.0249888319522, 0.0818867757916, 0.0698611363769, 0.116863980889, 0.0796774551272, 0.0662477761507, 0.108119882643, 0.125805661082, 0.112150944769, 0.0721969529986, 0.0912608206272, 0.0978777706623, 0.105977006257, 0.10128967464, 0.057780880481, 0.0331510044634, 0.0465994477272, 0.0508489981294, 0.0729600787163, 0.0636529698968, 0.113473251462]
        max: [1, 0.767044603825, 1, 1, 0.684647321701, 1, 1, 0.670744240284, 1, 1, 1, 1, 1, 1, 0.530157506466, 0.621065497398, 1, 1, 1, 1, 1, 1, 1, 1, 1, 0.991918742657, 1, 1, 1, 0.876708805561, 0.752609193325, 1, 1, 1, 1, 1]
        mean: [0.146792367101, 0.0792090073228, 0.0653410106897, 0.0781461298466, 0.0488398782909, 0.115003980696, 0.177270725369, 0.114282332361, 0.169783994555, 0.190503165126, 0.0781760439277, 0.141091451049, 0.261856138706, 0.177218317986, 0.0475955940783, 0.0433019958436, 0.0852216109633, 0.191314846277, 0.269279420376, 0.15577660501, 0.0932222232223, 0.144062235951, 0.102655909956, 0.0673845484853, 0.0643885806203, 0.0548836477101, 0.165191173553, 0.280730783939, 0.171503305435, 0.047502245754, 0.0361979790032, 0.0424100719392, 0.189630478621, 0.31544098258, 0.184321939945, 0.119006171823]
        min: [0.000609396840446, 0.0007315663388, 0.00032945262501, 0.000298246945022, 0.000324023276335, 0.000236329229665, 0.000291876116535, 0.000502155569848, 0.000538127904292, 0.00020057221991, 0.000145097481436, 0.00080402783351, 0.00172346190084, 0.00157834007405, 0.000239142871578, 9.02868414414e-05, 0.000339024612913, 0.000630984548479, 0.000677632982843, 0.000312905263854, 0.000171852603671, 0.000202948562219, 0.000441837124527, 0.000643627659883, 0.00038465927355, 0.000432862376329, 0.00104708864819, 0.0015271960292, 0.000921070983168, 0.000217555192648, 0.000265462673269, 0.00037977314787, 0.000862113491166, 0.00123372802045, 0.00109165417962, 0.000507995893713]
        var: [0.0758999139071, 0.01758643426, 0.0212264358997, 0.0408976338804, 0.0104258107021, 0.0376497879624, 0.0903138816357, 0.0233713965863, 0.0571785606444, 0.0755307972431, 0.0162592288107, 0.0415332727134, 0.129647046328, 0.0629106089473, 0.00795591343194, 0.00710744038224, 0.0342481397092, 0.060836724937, 0.146581143141, 0.0494034402072, 0.0335021615028, 0.0779287144542, 0.0393734611571, 0.0254618804902, 0.0189953502268, 0.0184411723167, 0.0458106920123, 0.128566980362, 0.0500959120691, 0.0131654376164, 0.00885709095746, 0.0122406119481, 0.0529555380344, 0.13053047657, 0.0431070253253, 0.0522980540991]
    chords_histogram: [19.6261672974, 9.34579467773, 13.0841121674, 15.4205608368, 0.934579432011, 0, 0, 0.934579432011, 0, 24.2990646362, 0, 0, 0, 0, 0, 0, 0, 0, 0, 0, 2.33644866943, 0, 14.0186920166, 0]
    thpcp: [1, 0.584330976009, 0.377269208431, 0.465356051922, 0.251105636358, 0.207141786814, 0.247736141086, 0.154830485582, 0.364581614733, 0.561977446079, 0.362293869257, 0.538243293762, 0.603926479816, 0.247830972075, 0.44728320837, 0.830127179623, 0.561811327934, 0.150885894895, 0.137274473906, 0.270166575909, 0.606499671936, 0.853660225868, 0.493837565184, 0.295529842377, 0.45670107007, 0.32543617487, 0.213620141149, 0.204122439027, 0.173990219831, 0.523683309555, 0.889962911606, 0.543693780899, 0.150589957833, 0.114753566682, 0.134446933866, 0.601159930229]
    chords_key: "G#"
    chords_scale: "major"
    key_key: "C#"
    key_scale: "minor"
    chords_progression: ["G#", "G#", "G#", "G#", "G#", "G#", "G#", "G#", "G#", "G#", "G#", "G#", "G#", "G#", "G#", "G#", "G#", "G#", "G#", "G#", "G#", "G#", "G#", "G#", "G#", "G#", "G#", "G#", "G#", "G#", "G#", "G#", "F#m", "F#m", "F#m", "F#m", "F#m", "F#m", "F#m", "F#m", "F#m", "F#m", "F#m", "F#m", "F#m", "F#m", "F#m", "F#m", "F#m", "F#m", "F#m", "F#m", "F#m", "D#m", "D#m", "F#m", "F#m", "B", "B", "B", "B", "B", "B", "B", "B", "B", "B", "B", "B", "B", "B", "B", "B", "B", "B", "B", "B", "B", "B", "B", "B", "B", "B", "Bm", "B", "Bm", "B", "B", "B", "B", "B", "Bm", "Bm", "B", "Bm", "E", "E", "E", "E", "E", "E", "E", "E", "E", "E", "E", "E", "E", "E", "E", "E", "E", "E", "E", "E", "G#m", "G#m", "G#m", "G#m", "G#m", "G#m", "G#m", "G#m", "G#m", "G#m", "G#m", "G#m", "G#m", "G#m", "G#m", "G#m", "G#m", "G#m", "G#m", "C#m", "C#m", "C#m", "C#m", "C#m", "C#", "G#m", "G#m", "C#", "F#m", "F#m", "F#m", "F#m", "C#m", "C#m", "C#m", "C#m", "C#m", "C#m", "C#m", "C#m", "C#m", "C#m", "C#m", "C#m", "C#m", "C#m", "C#m", "C#m", "C#m", "C#m", "C#m", "C#m", "C#m", "C#m", "C#m", "C#m", "C#m", "C#m", "C#m", "C#m", "C#m", "F#m", "F#m", "F#m", "C#m", "C#m", "C#m", "C#m", "C#m", "C#m", "C#m", "C#m", "G#m", "G#m", "G#m", "G#m", "G#m", "G#m", "G#", "G#", "G#", "G#", "G#", "G#", "G#", "G#", "G#", "G#m", "G#", "G#", "G#", "G#", "G#", "G#", "G#", "G#", "G#", "G#", "G#"]
