
metadata:
    version:
        essentia: "1.2.2"
    audio_properties:
        analysis_sample_rate: 44100
        bitrate: 128
        channels: 2
        equal_loudness: 1
        length: 10.0571432114
        replay_gain: -5.77427864075
        downmix: "mix"
    tags:
        track: 25
        year: 0
        album: "Splitted by Mp3Splt v. 2.1"
        artist: "From 004.00 To 004.10"
        comment: "http://mp3splt.sf.net"
        genre: ""
        title: "05 The Only Mistake.mp3"

highlevel:
    ballroom:
        all:
            ChaChaCha: 0.235812425613
            Jive: 0.563624620438
            Quickstep: 0.0701826512814
            Rumba-American: 0.00301851099357
            Rumba-International: 0.00177881214768
            Rumba-Misc: 0.00191007449757
            Samba: 0.101332426071
            Tango: 0.00903068482876
            VienneseWaltz: 0.00883674249053
            Waltz: 0.00447304314002
        probability: 0.563624620438
        value: "Jive"
    culture:
        all:
            non_western: 0.138576686382
            western: 0.861423313618
        probability: 0.861423313618
        value: "western"
    gender:
        all:
            female: 0.615313708782
            male: 0.384686261415
        probability: 0.615313708782
        value: "female"
    genre_dortmund:
        all:
            alternative: 0.0734364166856
            blues: 0.00639101443812
            electronic: 0.610142350197
            folkcountry: 0.0153365870938
            funksoulrnb: 0.00634631514549
            jazz: 0.0179357547313
            pop: 0.0732492059469
            raphiphop: 0.00405938411132
            rock: 0.193102955818
        probability: 0.610142350197
        value: "electronic"
    genre_electronica:
        all:
            ambient: 0.495250284672
            dnb: 0.236426874995
            house: 0.100425601006
            techno: 0.0730766355991
            trance: 0.0948205962777
        probability: 0.495250284672
        value: "ambient"
    genre_rosamerica:
        all:
            cla: 0.064501337707
            dan: 0.0409190580249
            hip: 0.0142386788502
            jaz: 0.0125946737826
            pop: 0.0659337639809
            rhy: 0.0103037524968
            roc: 0.789280235767
            spe: 0.00222847284749
        probability: 0.789280235767
        value: "roc"
    genre_tzanetakis:
        all:
            blu: 0.0121434275061
            cla: 0.0966209024191
            cou: 0.0512140728533
            dis: 0.336348831654
            hip: 0.019887490198
            jaz: 0.126955881715
            met: 0.0183360669762
            pop: 0.0966315940022
            reg: 0.101271420717
            roc: 0.140590310097
        probability: 0.336348831654
        value: "dis"
    live_studio:
        all:
            live: 0.0805294290185
            studio: 0.91947054863
        probability: 0.91947054863
        value: "studio"
    mood:
        all:
            Cluster1: 0.656183123589
            Cluster2: 0.0638227313757
            Cluster3: 0.0930854305625
            Cluster4: 0.0607223026454
            Cluster5: 0.126186430454
        probability: 0.656183123589
        value: "Cluster1"
    mood_acoustic:
        all:
            acoustic: 0.0729726478457
            not_acoustic: 0.927027344704
        probability: 0.927027344704
        value: "not_acoustic"
    mood_aggressive:
        all:
            aggressive: 0.537926912308
            not_aggressive: 0.46207305789
        probability: 0.537926912308
        value: "aggressive"
    mood_electronic:
        all:
            electronic: 0.827258050442
            not_electronic: 0.172741949558
        probability: 0.827258050442
        value: "electronic"
    mood_happy:
        all:
            happy: 0.110337927938
            not_happy: 0.889662086964
        probability: 0.889662086964
        value: "not_happy"
    mood_party:
        all:
            not_party: 0.492208451033
            party: 0.507791519165
        probability: 0.507791519165
        value: "party"
    mood_relaxed:
        all:
            not_relaxed: 0.855377018452
            relaxed: 0.144622981548
        probability: 0.855377018452
        value: "not_relaxed"
    mood_sad:
        all:
            not_sad: 0.717462837696
            sad: 0.282537192106
        probability: 0.717462837696
        value: "not_sad"
    rhythm:
        all:
            fast: 0.646819531918
            medium: 0.215408116579
            slow: 0.137772351503
        probability: 0.646819531918
        value: "fast"
    speech_music:
        all:
            music: 0.999997913837
            speech: 2.10310918192e-06
        probability: 0.999997913837
        value: "music"
    timbre:
        all:
            bright: 0.283831834793
            dark: 0.716168165207
        probability: 0.716168165207
        value: "dark"
    voice_instrumental:
        all:
            instrumental: 0.97008728981
            voice: 0.0299127064645
        probability: 0.97008728981
        value: "instrumental"

lowlevel:
    average_loudness: 0.822808802128
    barkbands_kurtosis:
        dmean: 0.691399812698
        dmean2: 1.13653922081
        dvar: 0.611936092377
        dvar2: 1.52888226509
        max: 3.84998893738
        mean: -0.104678146541
        min: -1.76550579071
        var: 1.35951900482
    barkbands_skewness:
        dmean: 0.333910763264
        dmean2: 0.488562732935
        dvar: 0.126647830009
        dvar2: 0.263722419739
        max: 2.18440103531
        mean: -0.294119626284
        min: -1.49556112289
        var: 0.50802719593
    barkbands_spread:
        dmean: 4.87506437302
        dmean2: 7.26404953003
        dvar: 26.0448875427
        dvar2: 56.0006561279
        max: 66.3193359375
        mean: 24.9465065002
        min: 6.78526735306
        var: 131.043899536
    dissonance:
        dmean: 0.0167391542345
        dmean2: 0.0281482450664
        dvar: 0.000253946753219
        dvar2: 0.000660819699988
        max: 0.499243438244
        mean: 0.469580024481
        min: 0.367826879025
        var: 0.000514003273565
    hfc:
        dmean: 1.40630054474
        dmean2: 2.26427531242
        dvar: 3.72414684296
        dvar2: 9.19198131561
        max: 30.2022838593
        mean: 6.22743177414
        min: 0.0254085864872
        var: 33.9052314758
    pitch:
        dmean: 455.765441895
        dmean2: 867.990722656
        dvar: 515125.125
        dvar2: 1291344.5
        max: 4900
        mean: 691.302124023
        min: 92.8421020508
        var: 525459.625
    pitch_instantaneous_confidence:
        dmean: 0.0775584802032
        dmean2: 0.123494401574
        dvar: 0.00385121465661
        dvar2: 0.00944369286299
        max: 0.702351570129
        mean: 0.408641338348
        min: 0.118468344212
        var: 0.0129499398172
    pitch_salience:
        dmean: 0.0542777143419
        dmean2: 0.0889046043158
        dvar: 0.00233739707619
        dvar2: 0.00580419925973
        max: 0.776220321655
        mean: 0.58548283577
        min: 0.374475300312
        var: 0.00648421468213
    silence_rate_20dB:
        dmean: 0
        dmean2: 0
        dvar: 0
        dvar2: 0
        max: 1
        mean: 1
        min: 1
        var: 0
    silence_rate_30dB:
        dmean: 0
        dmean2: 0
        dvar: 0
        dvar2: 0
        max: 1
        mean: 1
        min: 1
        var: 0
    silence_rate_60dB:
        dmean: 0.050808314234
        dmean2: 0.101851850748
        dvar: 0.0482265166938
        dvar2: 0.100736685097
        max: 1
        mean: 0.518433153629
        min: 0
        var: 0.249659508467
    spectral_centroid:
        dmean: 212.218719482
        dmean2: 310.380096436
        dvar: 52190.3476562
        dvar2: 94857.265625
        max: 3218.54907227
        mean: 1659.63098145
        min: 369.303924561
        var: 166682.796875
    spectral_complexity:
        dmean: 2.37441849709
        dmean2: 3.93706297874
        dvar: 8.44818305969
        dvar2: 23.3968734741
        max: 40
        mean: 12.5939674377
        min: 0
        var: 85.7121887207
    spectral_crest:
        dmean: 1.8622251749
        dmean2: 2.97815728188
        dvar: 3.24348378181
        dvar2: 7.94044923782
        max: 16.9833869934
        mean: 6.72273492813
        min: 2.58196878433
        var: 6.81537914276
    spectral_decrease:
        dmean: 2.20649054583e-10
        dmean2: 3.52172735418e-10
        dvar: 1.33594399366e-19
        dvar2: 3.09778880907e-19
        max: -4.99632496834e-12
        mean: -8.2051326844e-10
        min: -3.91768795183e-09
        var: 5.19309520331e-19
    spectral_energy:
        dmean: 0.000939897785429
        dmean2: 0.00150117836893
        dvar: 2.20444985644e-06
        dvar2: 5.17179341841e-06
        max: 0.0165276750922
        mean: 0.00366165139712
        min: 2.11619808397e-05
        var: 1.01572923086e-05
    spectral_energyband_high:
        dmean: 3.13047567033e-05
        dmean2: 5.19832647115e-05
        dvar: 3.09214631677e-09
        dvar2: 8.52286330399e-09
        max: 0.000696445989888
        mean: 8.75932091731e-05
        min: 1.99443866222e-06
        var: 9.20146980832e-09
    spectral_energyband_low:
        dmean: 0.000240781970206
        dmean2: 0.000338722282322
        dvar: 4.64114151555e-07
        dvar2: 9.84213215816e-07
        max: 0.00523091107607
        mean: 0.000285112677375
        min: 2.24490645451e-06
        var: 5.72160331558e-07
    spectral_energyband_middle_high:
        dmean: 0.000626259483397
        dmean2: 0.00101699132938
        dvar: 5.94045502567e-07
        dvar2: 1.54487258897e-06
        max: 0.0121660800651
        mean: 0.00263768527657
        min: 3.70597649635e-06
        var: 5.73276747673e-06
    spectral_energyband_middle_low:
        dmean: 0.000317135825753
        dmean2: 0.000526704126969
        dvar: 6.43632631636e-07
        dvar2: 1.50909613694e-06
        max: 0.00889875832945
        mean: 0.00065126363188
        min: 1.31194992719e-05
        var: 9.50116600507e-07
    spectral_flatness_db:
        dmean: 0.014027739875
        dmean2: 0.0217963866889
        dvar: 0.000124007841805
        dvar2: 0.000290434691124
        max: 0.224776521325
        mean: 0.146584197879
        min: 0.0786273628473
        var: 0.000857313105371
    spectral_flux:
        dmean: 0.00579959480092
        dmean2: 0.00933594722301
        dvar: 7.54629218136e-05
        dvar2: 0.000155747577082
        max: 0.0907958447933
        mean: 0.030684703961
        min: 0.0026015592739
        var: 0.000373281101929
    spectral_kurtosis:
        dmean: 1.20186114311
        dmean2: 1.90138339996
        dvar: 1.17249727249
        dvar2: 2.90797042847
        max: 13.4181594849
        mean: 6.20575714111
        min: -0.387286186218
        var: 9.3979511261
    spectral_rms:
        dmean: 0.000208213023143
        dmean2: 0.000328328053001
        dvar: 7.75879556159e-08
        dvar2: 1.81246434749e-07
        max: 0.00401553977281
        mean: 0.00166568078566
        min: 0.000143686585943
        var: 7.97849168066e-07
    spectral_rolloff:
        dmean: 436.122375488
        dmean2: 713.757995605
        dvar: 332896.90625
        dvar2: 734082.25
        max: 5749.36523438
        mean: 2930.71313477
        min: 279.931640625
        var: 552614.5
    spectral_skewness:
        dmean: 0.163344189525
        dmean2: 0.264064818621
        dvar: 0.0202391352504
        dvar2: 0.0487896353006
        max: 2.59677886963
        mean: 1.92207288742
        min: 0.516721904278
        var: 0.189716503024
    spectral_spread:
        dmean: 592157.625
        dmean2: 893863.3125
        dvar: 375403085824
        dvar2: 857710067712
        max: 13192405
        mean: 5130872.5
        min: 2100706.25
        var: 6.88911024128e+12
    spectral_strongpeak:
        dmean: 0.546025276184
        dmean2: 0.91357421875
        dvar: 0.495628982782
        dvar2: 1.26712584496
        max: 5.7959189415
        mean: 0.9594591856
        min: 0.00577567750588
        var: 0.995464622974
    zerocrossingrate:
        dmean: 0.00803733617067
        dmean2: 0.00956075172871
        dvar: 7.66980811022e-05
        dvar2: 9.47197113419e-05
        max: 0.18505859375
        mean: 0.0923384055495
        min: 0.02490234375
        var: 0.000326566048898
    barkbands:
        dmean: [7.50968283114e-08, 0.000153032742674, 0.000146186823258, 0.00017389896675, 0.000112342029752, 2.89982945105e-05, 3.79385455744e-05, 2.86685171886e-05, 4.52933745692e-05, 7.89090627222e-05, 4.54939508927e-05, 6.77517818986e-05, 0.000111617468065, 0.00029960332904, 0.00017308765382, 0.000158697977895, 7.19173040125e-05, 0.000146040125401, 0.000152089982294, 5.35871877219e-05, 1.63385575433e-05, 2.66685538008e-06, 8.58775479173e-07, 5.51867287868e-07, 4.64681448875e-07, 2.63325734551e-08, 2.66953154027e-10]
        dmean2: [9.92970612401e-08, 0.000222242058953, 0.000266556598945, 0.000288030598313, 0.000184438133147, 4.99720263178e-05, 6.48286077194e-05, 4.76439636259e-05, 6.95480630384e-05, 0.000122062250739, 7.31258041924e-05, 0.00011220471788, 0.000184869204531, 0.000481996772578, 0.00029148143949, 0.000270782620646, 0.000119200267363, 0.000244299910264, 0.000247357413173, 8.63851892063e-05, 2.81367738353e-05, 4.22339007855e-06, 1.36078267587e-06, 7.87026863236e-07, 6.50161666726e-07, 3.71959814061e-08, 4.50430331922e-10]
        dvar: [5.5330977159e-14, 2.16290629851e-07, 2.55445883113e-07, 2.28311236583e-07, 8.03455151299e-08, 3.83456200126e-09, 9.48953804425e-09, 2.68193778297e-09, 2.60568810972e-09, 1.20595053943e-08, 3.57218876701e-09, 7.98760790843e-09, 2.13218847023e-08, 1.85107026596e-07, 9.05869299572e-08, 5.3062308325e-08, 8.61099547222e-09, 8.42382021915e-08, 6.44185291776e-08, 8.11273270784e-09, 6.81053602403e-10, 1.34965311496e-11, 9.65470108374e-13, 2.1711770565e-13, 1.9408712376e-13, 6.10040434272e-16, 7.37685744882e-20]
        dvar2: [1.10770713348e-13, 4.26046000257e-07, 7.38256915156e-07, 5.71670511818e-07, 1.77198430151e-07, 1.16467484546e-08, 2.45141915656e-08, 7.88566456578e-09, 6.70473765396e-09, 2.86292625162e-08, 8.99870933324e-09, 2.10203427997e-08, 5.68100837484e-08, 4.84822805902e-07, 2.47342057946e-07, 1.51593411601e-07, 2.19285958281e-08, 2.14985632851e-07, 1.45866636103e-07, 2.12152695411e-08, 1.95559812788e-09, 3.56395538081e-11, 2.25707278388e-12, 4.2051350466e-13, 4.06942329226e-13, 1.36198503935e-15, 1.85087684968e-19]
        max: [2.23251208809e-06, 0.00307921273634, 0.00399069022387, 0.00520727410913, 0.00326529424638, 0.000555262551643, 0.00101778947283, 0.000465048535261, 0.00052038411377, 0.000923569255974, 0.000587862916291, 0.000911160197575, 0.0015430112835, 0.00371380825527, 0.00316654308699, 0.00173918320797, 0.000777486828156, 0.0040260469541, 0.00336743844673, 0.00102988316212, 0.000257139879977, 5.43122914678e-05, 9.96391918306e-06, 4.5529941417e-06, 4.58043086837e-06, 2.41847516236e-07, 2.52365373044e-09]
        mean: [7.14314509764e-08, 0.000147771745105, 0.000137270137202, 0.000245660019573, 0.00017506662698, 4.7908641136e-05, 4.19704556407e-05, 4.85137061332e-05, 8.967804024e-05, 0.000109920976683, 7.5368101534e-05, 0.000133038964123, 0.000193880216102, 0.000620079634245, 0.000329700123984, 0.000298551429296, 0.000160200565006, 0.000259372231085, 0.000366514432244, 0.000132494984427, 3.90469904232e-05, 5.66543576497e-06, 1.673365432e-06, 1.19629726214e-06, 9.86575059869e-07, 5.4196164001e-08, 3.9018258069e-10]
        min: [2.50369776994e-12, 1.40496382528e-07, 7.94865854914e-07, 2.56272119259e-06, 1.22142137116e-06, 3.58741687023e-07, 1.35732975082e-07, 5.18902140811e-07, 1.38048804388e-07, 3.65599419183e-07, 4.86948330547e-08, 9.96418094701e-08, 4.6852505875e-08, 7.70439498865e-08, 1.89025044506e-08, 8.8679676935e-09, 9.21253331398e-08, 3.64361511629e-07, 9.85716113178e-08, 4.13455040871e-07, 1.03429260889e-06, 2.45504821805e-07, 1.23468765878e-07, 7.50328297272e-08, 4.9847148631e-08, 3.84795839636e-09, 2.49890993315e-12]
        var: [6.95211371652e-14, 2.588238317e-07, 1.57078019924e-07, 2.97326380405e-07, 9.72843494651e-08, 5.10968556355e-09, 9.33931953995e-09, 2.9757516451e-09, 6.19986373351e-09, 2.00996339572e-08, 7.62816654287e-09, 2.34731345472e-08, 4.51592860884e-08, 4.27156493288e-07, 2.41246681298e-07, 1.26175976334e-07, 2.15264499559e-08, 1.7483063175e-07, 2.149096332e-07, 3.33318830315e-08, 1.75617420606e-09, 2.27652861839e-11, 1.65850677376e-12, 5.40922233221e-13, 4.22747015345e-13, 1.21186073143e-15, 1.13099280706e-19]
    mfcc:
        mean: [-749.080566406, 107.461090088, -66.0628890991, 27.3253898621, 2.92451786995, 1.79287970066, 12.5235357285, -5.3670668602, 0.331528276205, 2.93964552879, -1.02840161324, -12.3817033768, -12.4555253983]
        cov: [[4995.18994141, 831.375366211, -2242.87231445, 148.619125366, 455.067443848, 131.366317749, 314.957061768, -391.677642822, -286.291748047, 112.041099548, -126.455787659, -141.095596313, 148.923309326], [831.375366211, 462.446228027, -314.059448242, 45.7124328613, 116.399589539, 22.807806015, 36.7077102661, -57.9499816895, -68.4428939819, -11.392583847, -16.8574943542, -19.7319087982, 27.8934307098], [-2242.87231445, -314.059448242, 1507.00842285, 72.4978713989, -161.82800293, 2.73981356621, -162.783554077, 198.547515869, 123.028572083, -75.3211975098, 72.7844543457, 115.665794373, -27.8134613037], [148.619125366, 45.7124328613, 72.4978713989, 159.483551025, 16.2108745575, 20.2133083344, 16.4158477783, -39.9064216614, -13.2124195099, -4.24371337891, -11.9956970215, 22.6620845795, 36.795135498], [455.067443848, 116.399589539, -161.82800293, 16.2108745575, 168.3621521, 42.844078064, 11.9272527695, 9.82101631165, -10.2049894333, 10.7471160889, 7.26024484634, -8.28207206726, 21.1601104736], [131.366317749, 22.807806015, 2.73981356621, 20.2133083344, 42.844078064, 58.6075325012, 16.1617794037, -0.300850093365, -3.93424868584, 5.82074403763, 6.03448390961, 1.79169666767, 10.6435489655], [314.957061768, 36.7077102661, -162.783554077, 16.4158477783, 11.9272527695, 16.1617794037, 82.0799179077, -7.97302770615, -12.9373912811, 19.019826889, -7.68853378296, -11.0482139587, 14.9987297058], [-391.677642822, -57.9499816895, 198.547515869, -39.9064216614, 9.82101631165, -0.300850093365, -7.97302770615, 132.980117798, 62.3402099609, 4.58376741409, 29.5717735291, 10.5880050659, -8.34703922272], [-286.291748047, -68.4428939819, 123.028572083, -13.2124195099, -10.2049894333, -3.93424868584, -12.9373912811, 62.3402099609, 76.4128112793, 24.3519763947, 20.1524677277, 13.4303894043, -6.00827407837], [112.041099548, -11.392583847, -75.3211975098, -4.24371337891, 10.7471160889, 5.82074403763, 19.019826889, 4.58376741409, 24.3519763947, 59.3447647095, 26.3345298767, 1.40025019646, 1.49341475964], [-126.455787659, -16.8574943542, 72.7844543457, -11.9956970215, 7.26024484634, 6.03448390961, -7.68853378296, 29.5717735291, 20.1524677277, 26.3345298767, 56.3697776794, 21.3077392578, -9.6581363678], [-141.095596313, -19.7319087982, 115.665794373, 22.6620845795, -8.28207206726, 1.79169666767, -11.0482139587, 10.5880050659, 13.4303894043, 1.40025019646, 21.3077392578, 47.8890533447, 11.3464460373], [148.923309326, 27.8934307098, -27.8134613037, 36.795135498, 21.1601104736, 10.6435489655, 14.9987297058, -8.34703922272, -6.00827407837, 1.49341475964, -9.6581363678, 11.3464460373, 48.2762451172]]
        icov: [[0.00134593667462, -0.000635068397969, 0.00143595715053, -0.000906398519874, -0.00119590980466, -0.00116570154205, -0.000689153675921, 0.00044862399227, 0.00151932227891, -0.00135226920247, 0.000826525327284, -0.000341134757036, -0.000717575545423], [-0.000635068397969, 0.0035488603171, -0.000195513450308, -0.000480881892145, -0.00111256865785, 0.000992897432297, 0.00010660879343, -0.000264683942078, 0.000829414697364, 0.0019688163884, -0.00142526905984, 0.000489803496748, -5.61916249353e-06], [0.00143595715053, -0.000195513450308, 0.00388399674557, -0.00329457153566, 0.00117050169501, -0.00370741542429, 0.00284001440741, -0.00296388706192, 0.00140155118424, 0.00117683887947, -0.000635892327409, -0.0021297573112, -0.000147059632582], [-0.000906398519874, -0.000480881892145, -0.00329457153566, 0.0121125327423, -0.00173986528534, 0.00119263562374, -0.00439191004261, 0.00641176942736, -0.00301118078642, -9.53295530053e-05, 0.00206164526753, -0.00243017938919, -0.00447152135894], [-0.00119590980466, -0.00111256865785, 0.00117050169501, -0.00173986528534, 0.0134378783405, -0.00750555144623, 0.00662572961301, -0.00659953895956, 0.000219439098146, 0.001369038946, -0.00303104682826, 0.00133674417157, -0.00203799200244], [-0.00116570154205, 0.000992897432297, -0.00370741542429, 0.00119263562374, -0.00750555144623, 0.026931559667, -0.00751438690349, 0.00418667774647, -0.00145224563312, 0.000607499910984, -0.00331325642765, 0.0025160331279, -0.00106577377301], [-0.000689153675921, 0.00010660879343, 0.00284001440741, -0.00439191004261, 0.00662572961301, -0.00751438690349, 0.0238728411496, -0.00994275603443, 0.00597017258406, -0.00638988194987, 0.00281928060576, 6.04868437222e-05, -0.0018450380303], [0.00044862399227, -0.000264683942078, -0.00296388706192, 0.00641176942736, -0.00659953895956, 0.00418667774647, -0.00994275603443, 0.0229205787182, -0.0153179792687, 0.00751893641427, -0.00734388642013, 0.00486370967701, -0.00355515512638], [0.00151932227891, 0.000829414697364, 0.00140155118424, -0.00301118078642, 0.000219439098146, -0.00145224563312, 0.00597017258406, -0.0153179792687, 0.0355030819774, -0.0207175482064, 0.0100847361609, -0.00666913855821, 0.00230160588399], [-0.00135226920247, 0.0019688163884, 0.00117683887947, -9.53295530053e-05, 0.001369038946, 0.000607499910984, -0.00638988194987, 0.00751893641427, -0.0207175482064, 0.0419106930494, -0.0249139498919, 0.00780991557986, -0.00435889046639], [0.000826525327284, -0.00142526905984, -0.000635892327409, 0.00206164526753, -0.00303104682826, -0.00331325642765, 0.00281928060576, -0.00734388642013, 0.0100847361609, -0.0249139498919, 0.042801771313, -0.0195720046759, 0.0114382421598], [-0.000341134757036, 0.000489803496748, -0.0021297573112, -0.00243017938919, 0.00133674417157, 0.0025160331279, 6.04868437222e-05, 0.00486370967701, -0.00666913855821, 0.00780991557986, -0.0195720046759, 0.0388906784356, -0.0130516551435], [-0.000717575545423, -5.61916249353e-06, -0.000147059632582, -0.00447152135894, -0.00203799200244, -0.00106577377301, -0.0018450380303, -0.00355515512638, 0.00230160588399, -0.00435889046639, 0.0114382421598, -0.0130516551435, 0.0331182926893]]
    spectral_contrast:
        mean: [1.9192160039e-07, -1.79946212597e-07, -2.48842468409e-07, -1.04100685405e-07, 4.40327596607e-07, 2.57122820813e-07, -1.52759378125e-06, 7.44712338019e-07, 3.32762647304e-06, -3.42664475284e-06, -9.94332708615e-07, -4.27051389806e-07]
        var: [0.000285624555545, 0.000613681680989, 0.00109509250615, 0.00140200590249, 0.00159547524527, 0.00301295681857, 0.0561761558056, 0.0717119351029, 0.101162195206, 0.132042467594, 0.531530678272, 4.48486423492]

rhythm:
    beats_loudness:
        dmean: 0.00219501229003
        dmean2: 0.0037252639886
        dvar: 7.2291777542e-06
        dvar2: 2.11677088373e-05
        max: 0.0136456433684
        mean: 0.00527595542371
        min: 6.77747666487e-05
        var: 1.48507970152e-05
    beats_loudness_bass:
        dmean: 0.111742548645
        dmean2: 0.165390074253
        dvar: 0.0229268670082
        dvar2: 0.0405116006732
        max: 0.687802433968
        mean: 0.369174003601
        min: 0.00379229267128
        var: 0.0672340318561
    bpm: 87.9568634033
    bpm_confidence: 0
    first_peak_bpm: 88
    first_peak_spread: 0
    first_peak_weight: 0.928571403027
    onset_rate: 2.98295450211
    second_peak_bpm: 136
    second_peak_spread: 0
    second_peak_weight: 0.0714285746217
    beats_position: [0.216802611947, 0.897922158241, 1.57904160023, 2.26016116142, 2.94128084183, 3.62240028381, 4.30352020264, 4.98463964462, 5.66575908661, 6.10843372345, 6.79302215576, 7.4776096344, 8.16219806671, 8.84678554535, 9.53137397766]
    bpm_estimates: [88.1743774414, 87.8224945068, 87.7095947266, 88.3155441284, 88.3667373657, 88.1268234253, 88.1202926636, 87.4294967651, 87.7681274414, 87.7350845337]
    bpm_intervals: [0.681119561195, 0.681119441986, 0.681119561195, 0.681119680405, 0.681119441986, 0.681119918823, 0.681119441986, 0.681119441986, 0.442674636841, 0.684588432312, 0.684587478638, 0.684588432312, 0.684587478638, 0.684588432312]
    onset_times: [0.0464399084449, 0.208979591727, 0.510838985443, 0.708208620548, 0.905578255653, 1.16099774837, 1.59056687355, 2.06657600403, 2.27555561066, 2.75156474113, 2.96054410934, 3.63392281532, 4.31891155243, 4.79492044449, 5.01551008224, 5.46829938889, 5.71210861206, 5.94430828094, 6.18811798096, 6.40870761871, 7.80190467834, 8.498503685, 8.83519268036, 8.96290206909, 9.06739234924, 9.17188167572, 9.50857162476, 9.64789104462, 9.74077129364, 9.85687065125]
    rubato_start: []
    rubato_stop: []
    perceptual_tempo: "unknown"

sfx:
    inharmonicity:
        dmean: 0.0616045631468
        dmean2: 0.10817437619
        dvar: 0.00418201135471
        dvar2: 0.0127338776365
        max: 0.445045411587
        mean: 0.0640285760164
        min: 0.000227664873819
        var: 0.00457594776526
    oddtoevenharmonicenergyratio:
        dmean: 2.17021203041
        dmean2: 4.01493453979
        dvar: 26.887090683
        dvar2: 73.8620910645
        max: 61.4296264648
        mean: 1.50641465187
        min: 5.66238013562e-05
        var: 17.789106369
    pitch_after_max_to_before_max_energy_ratio: 0.16010338068
    pitch_centroid: 191.907913208
    pitch_max_to_total: 0.983758687973
    pitch_min_to_total: 0.34338748455
    tristimulus:
        dmean: [0.19484013319, 0.283567339182, 0.142311364412]
        dmean2: [0.33597189188, 0.499033510685, 0.252791821957]
        dvar: [0.0274758059531, 0.0489135831594, 0.0182555112988]
        dvar2: [0.0741768553853, 0.126759842038, 0.0491864942014]
        max: [0.962766170502, 0.981508433819, 0.733604490757]
        mean: [0.331680715084, 0.462129026651, 0.129768297076]
        min: [0.00686029763892, 0, 0]
        var: [0.0461898818612, 0.0689689666033, 0.0216277707368]

tonal:
    chords_changes_rate: 0.0322580635548
    chords_number_rate: 0.0138248847798
    chords_strength:
        dmean: 0.00625858828425
        dmean2: 0.00480820145458
        dvar: 1.77008259925e-05
        dvar2: 1.79948401637e-05
        max: 0.590084791183
        mean: 0.451141625643
        min: 0.313821434975
        var: 0.00465079955757
    key_strength: 0.706226408482
    tuning_diatonic_strength: 0.596919357777
    tuning_equal_tempered_deviation: 0.0886297672987
    tuning_frequency: 440
    tuning_nontempered_energy_ratio: 0.732037305832
    hpcp:
        dmean: [0.167445451021, 0.156313538551, 0.0969312340021, 0.0715511739254, 0.0463142320514, 0.0457618758082, 0.0403009951115, 0.0587079338729, 0.126005887985, 0.127785369754, 0.0525691099465, 0.0394935645163, 0.0748504027724, 0.0852337777615, 0.122277624905, 0.182996585965, 0.168377265334, 0.103515431285, 0.0978419184685, 0.0724007487297, 0.0409998446703, 0.0398430563509, 0.0772370323539, 0.0676449760795, 0.045274425298, 0.053801972419, 0.122461356223, 0.163160055876, 0.123999752104, 0.125022515655, 0.186020091176, 0.142371535301, 0.108012162149, 0.133690550923, 0.120611563325, 0.105751812458]
        dmean2: [0.283029824495, 0.266281664371, 0.16169834137, 0.115811958909, 0.0806504040956, 0.0804302245378, 0.0721394196153, 0.104848712683, 0.21678006649, 0.21752935648, 0.0893002673984, 0.068695306778, 0.132645606995, 0.150114953518, 0.216644763947, 0.310897499323, 0.291165024042, 0.173846662045, 0.168856099248, 0.126294821501, 0.0726888403296, 0.069672703743, 0.136405467987, 0.119649991393, 0.0813560038805, 0.0984100326896, 0.207975834608, 0.272515237331, 0.213944703341, 0.220711678267, 0.31917732954, 0.242611691356, 0.180975213647, 0.226290926337, 0.19833047688, 0.185815036297]
        dvar: [0.0297520384192, 0.02950630337, 0.0149984573945, 0.0100547391921, 0.00390367326327, 0.00981905218214, 0.00541635137051, 0.00496210204437, 0.0204646121711, 0.02118630521, 0.00334031903185, 0.00211030710489, 0.0120525201783, 0.014734451659, 0.03538518399, 0.0346024855971, 0.0419079400599, 0.0179854519665, 0.030623877421, 0.0195032507181, 0.00936132017523, 0.00487392023206, 0.019418368116, 0.0160295926034, 0.015044040978, 0.00892794504762, 0.0195881444961, 0.0342779196799, 0.0214601382613, 0.0198677182198, 0.0378646701574, 0.0197599995881, 0.0179336704314, 0.0345201902092, 0.0183982923627, 0.0172340963036]
        dvar2: [0.0826822146773, 0.0771874412894, 0.0400124490261, 0.0229822341353, 0.0104537541047, 0.0288249850273, 0.016261247918, 0.0139538673684, 0.0568173490465, 0.0607750788331, 0.00985881127417, 0.0063684717752, 0.0354950465262, 0.0416604168713, 0.0972884073853, 0.0913110598922, 0.097337089479, 0.0490966849029, 0.0821708291769, 0.049036540091, 0.0260247383267, 0.0137454317883, 0.0555480159819, 0.045572925359, 0.0439847633243, 0.0250548943877, 0.053740568459, 0.0900858864188, 0.0618485026062, 0.0584919378161, 0.0969747155905, 0.0566961430013, 0.0499455071986, 0.0792143419385, 0.0505576245487, 0.0436868444085]
        max: [1, 1, 1, 1, 0.54028737545, 0.960796535015, 0.645833313465, 0.456515550613, 1, 0.983497202396, 0.358959704638, 0.403304755688, 1, 0.957877755165, 1, 1, 1, 1, 1, 1, 1, 0.6757183671, 1, 0.960350692272, 1, 0.562277853489, 1, 1, 1, 1, 1, 1, 0.989048242569, 1, 0.978428959846, 1]
        mean: [0.326174616814, 0.331397473812, 0.205824181437, 0.14066362381, 0.0829531252384, 0.0720994696021, 0.0661522075534, 0.0936676040292, 0.214088320732, 0.217888072133, 0.0906185358763, 0.0652338638902, 0.12126712501, 0.125443190336, 0.197744429111, 0.508833289146, 0.507924437523, 0.202843099833, 0.119905181229, 0.0952510908246, 0.0461424477398, 0.0641387701035, 0.11103078723, 0.0938143581152, 0.0553940162063, 0.0775124803185, 0.298889666796, 0.457510381937, 0.267445504665, 0.298964619637, 0.495067954063, 0.352050840855, 0.285805016756, 0.369369268417, 0.256359070539, 0.182104483247]
        min: [0.0193177647889, 0.0180983915925, 0.00648622727022, 0.00628938339651, 0.0057520288974, 0.00238405703567, 0.000191012892174, 0.00474394997582, 0.0132855093107, 0.0106567442417, 0.00466831959784, 0.0066742808558, 0.00996140670031, 0.00685781566426, 0.00911610294133, 0.0339824929833, 0.0371722504497, 0.00774846319109, 0.00117619091179, 0.00175167515408, 0.00095685973065, 0.00285240355879, 0.00555656431243, 0.00257423776202, 0.000826171191875, 0.00234813126735, 0.0106826853007, 0.018893731758, 0.0142727326602, 0.0165450721979, 0.0291034784168, 0.0269228965044, 0.000642526196316, 0.00197560526431, 0.00248961686157, 0.0213098153472]
        var: [0.0589411593974, 0.0745401009917, 0.0512687712908, 0.0369891785085, 0.00628790166229, 0.00716787017882, 0.00454108184204, 0.00575812906027, 0.031110772863, 0.035520337522, 0.00605212990195, 0.00242507341318, 0.0129961520433, 0.0183687321842, 0.0331336669624, 0.0999053493142, 0.108304083347, 0.0390198975801, 0.0281901564449, 0.018200468272, 0.00659193797037, 0.00442940276116, 0.0172384958714, 0.0150423822924, 0.0100536663085, 0.00812076963484, 0.0677356421947, 0.11730479449, 0.0394818745553, 0.035902056843, 0.0929120406508, 0.0402822270989, 0.0557222627103, 0.131371513009, 0.0497488118708, 0.0259038768709]
    chords_histogram: [17.5115203857, 0, 0, 0, 0, 0, 0, 48.387096405, 0, 34.1013832092, 0, 0, 0, 0, 0, 0, 0, 0, 0, 0, 0, 0, 0, 0]
    thpcp: [1, 0.99821382761, 0.398643523455, 0.235647276044, 0.18719509244, 0.0906828418374, 0.126050651073, 0.218206614256, 0.184371501207, 0.108864761889, 0.152333751321, 0.587401926517, 0.899136126041, 0.525605380535, 0.587549269199, 0.972947239876, 0.691878557205, 0.561686933041, 0.725914120674, 0.503817439079, 0.357886344194, 0.641024529934, 0.651288926601, 0.404502183199, 0.276443451643, 0.16302613914, 0.141695663333, 0.130007624626, 0.184083089232, 0.420743554831, 0.428211122751, 0.178090810776, 0.128202825785, 0.238323882222, 0.246531024575, 0.388623207808]
    chords_key: "G"
    chords_scale: "major"
    key_key: "G"
    key_scale: "minor"
    chords_progression: ["D", "D", "D", "D", "D", "D", "D", "D", "D", "D", "D", "D", "D", "D", "D", "D", "D", "D", "D", "D", "D", "D", "D", "D", "D", "D", "D", "D", "D", "D", "D", "D", "D", "D", "D", "D", "D", "D", "D", "G", "G", "G", "G", "G", "G", "G", "G", "G", "G", "G", "G", "G", "G", "G", "G", "G", "G", "G", "G", "G", "G", "G", "G", "G", "G", "G", "G", "G", "G", "G", "G", "G", "G", "G", "G", "G", "G", "G", "G", "G", "G", "G", "G", "G", "G", "G", "G", "G", "G", "G", "G", "G", "G", "G", "G", "G", "G", "G", "G", "G", "G", "G", "G", "Gm", "Gm", "Gm", "Gm", "Gm", "Gm", "Gm", "Gm", "Gm", "Gm", "Gm", "Gm", "Gm", "Gm", "Gm", "Gm", "Gm", "Gm", "Gm", "Gm", "Gm", "Gm", "Gm", "Gm", "Gm", "Gm", "Gm", "D", "D", "D", "D", "D", "D", "D", "D", "D", "D", "D", "D", "D", "D", "D", "D", "D", "D", "D", "D", "D", "D", "D", "D", "D", "D", "D", "D", "Gm", "Gm", "Gm", "Gm", "Gm", "Gm", "Gm", "D", "D", "D", "D", "D", "D", "D", "Gm", "Gm", "Gm", "Gm", "G", "G", "G", "G", "G", "G", "G", "G", "G", "G", "G", "G", "G", "G", "G", "G", "G", "G", "G", "G", "G", "G", "G", "G", "G", "G", "G", "G", "G", "G", "G", "G", "G", "G", "G", "G", "G", "G", "G", "G", "G"]
