
metadata:
    version:
        essentia: "1.2.2"
    audio_properties:
        analysis_sample_rate: 44100
        bitrate: 128
        channels: 2
        equal_loudness: 1
        length: 10.0310201645
        replay_gain: -11.247800827
        downmix: "mix"
    tags:
        track: 15
        year: 0
        album: "Splitted by Mp3Splt v. 2.1"
        artist: "From 002.20 To 002.30"
        comment: "http://mp3splt.sf.net"
        genre: ""
        title: "09 Boys Better - Dandy Warhols"

highlevel:
    ballroom:
        all:
            ChaChaCha: 0.0381382293999
            Jive: 0.168029114604
            Quickstep: 0.0463214404881
            Rumba-American: 0.0439441725612
            Rumba-International: 0.0873039439321
            Rumba-Misc: 0.119859941304
            Samba: 0.0893084928393
            Tango: 0.0270197950304
            VienneseWaltz: 0.126702040434
            Waltz: 0.253372818232
        probability: 0.253372818232
        value: "Waltz"
    culture:
        all:
            non_western: 0.129545018077
            western: 0.870454967022
        probability: 0.870454967022
        value: "western"
    gender:
        all:
            female: 0.292449742556
            male: 0.707550287247
        probability: 0.707550287247
        value: "male"
    genre_dortmund:
        all:
            alternative: 0.198920801282
            blues: 0.000622441468295
            electronic: 0.0435438416898
            folkcountry: 0.0169851221144
            funksoulrnb: 0.00757639668882
            jazz: 0.00166075630113
            pop: 0.038235090673
            raphiphop: 0.000330579379806
            rock: 0.692124962807
        probability: 0.692124962807
        value: "rock"
    genre_electronica:
        all:
            ambient: 0.39836025238
            dnb: 0.165894284844
            house: 0.00755858188495
            techno: 0.0172123834491
            trance: 0.410974502563
        probability: 0.410974502563
        value: "trance"
    genre_rosamerica:
        all:
            cla: 0.0160362292081
            dan: 0.00616029510275
            hip: 0.00206616683863
            jaz: 0.000673645059578
            pop: 0.00753581430763
            rhy: 0.00106614548713
            roc: 0.96573138237
            spe: 0.000730298692361
        probability: 0.96573138237
        value: "roc"
    genre_tzanetakis:
        all:
            blu: 0.0222700834274
            cla: 0.1889770329
            cou: 0.0919130221009
            dis: 0.0255368556827
            hip: 0.0170382596552
            jaz: 0.036659669131
            met: 0.160035297275
            pop: 0.0378730669618
            reg: 0.017256340012
            roc: 0.402440369129
        probability: 0.402440369129
        value: "roc"
    live_studio:
        all:
            live: 0.255060583353
            studio: 0.744939446449
        probability: 0.744939446449
        value: "studio"
    mood:
        all:
            Cluster1: 0.381735950708
            Cluster2: 0.0399193875492
            Cluster3: 0.0423968322575
            Cluster4: 0.0521188266575
            Cluster5: 0.483828991652
        probability: 0.483828991652
        value: "Cluster5"
    mood_acoustic:
        all:
            acoustic: 0.0211880765855
            not_acoustic: 0.978811919689
        probability: 0.978811919689
        value: "not_acoustic"
    mood_aggressive:
        all:
            aggressive: 0.996239960194
            not_aggressive: 0.00376002094708
        probability: 0.996239960194
        value: "aggressive"
    mood_electronic:
        all:
            electronic: 0.188988298178
            not_electronic: 0.81101167202
        probability: 0.81101167202
        value: "not_electronic"
    mood_happy:
        all:
            happy: 0.307463020086
            not_happy: 0.692537009716
        probability: 0.692537009716
        value: "not_happy"
    mood_party:
        all:
            not_party: 0.557043910027
            party: 0.442956089973
        probability: 0.557043910027
        value: "not_party"
    mood_relaxed:
        all:
            not_relaxed: 0.259623497725
            relaxed: 0.740376472473
        probability: 0.740376472473
        value: "relaxed"
    mood_sad:
        all:
            not_sad: 3.00000096379e-14
            sad: 1
        probability: 1
        value: "sad"
    rhythm:
        all:
            fast: 0.220526114106
            medium: 0.578926086426
            slow: 0.200547784567
        probability: 0.578926086426
        value: "medium"
    speech_music:
        all:
            music: 3.00000096379e-14
            speech: 1
        probability: 1
        value: "speech"
    timbre:
        all:
            bright: 0.267708957195
            dark: 0.732291042805
        probability: 0.732291042805
        value: "dark"
    voice_instrumental:
        all:
            instrumental: 0.915653347969
            voice: 0.0843466669321
        probability: 0.915653347969
        value: "instrumental"

lowlevel:
    average_loudness: 0.981320858002
    barkbands_kurtosis:
        dmean: 0.251778423786
        dmean2: 0.415350288153
        dvar: 0.0624586604536
        dvar2: 0.166955336928
        max: 0.955441474915
        mean: -0.978641033173
        min: -1.5343490839
        var: 0.123499415815
    barkbands_skewness:
        dmean: 0.238604724407
        dmean2: 0.386007398367
        dvar: 0.0341778062284
        dvar2: 0.0889857560396
        max: 1.15528106689
        mean: 0.080804862082
        min: -0.906239926815
        var: 0.130187913775
    barkbands_spread:
        dmean: 2.93876004219
        dmean2: 4.74350070953
        dvar: 7.05257177353
        dvar2: 19.6040840149
        max: 42.0790138245
        mean: 25.8337574005
        min: 15.0006113052
        var: 14.9820537567
    dissonance:
        dmean: 0.0139988660812
        dmean2: 0.0244913510978
        dvar: 0.00012644114031
        dvar2: 0.000332557741785
        max: 0.499963462353
        mean: 0.478213399649
        min: 0.421767711639
        var: 0.000184202508535
    hfc:
        dmean: 1.58528733253
        dmean2: 2.55685448647
        dvar: 1.82302772999
        dvar2: 4.60303878784
        max: 19.3333034515
        mean: 10.1864147186
        min: 3.69483733177
        var: 9.26563167572
    pitch:
        dmean: 191.720352173
        dmean2: 360.712493896
        dvar: 103674.226562
        dvar2: 299415.6875
        max: 3392.30761719
        mean: 286.276123047
        min: 82.1229019165
        var: 68726.3984375
    pitch_instantaneous_confidence:
        dmean: 0.052209880203
        dmean2: 0.0889543816447
        dvar: 0.00212082103826
        dvar2: 0.00541197741404
        max: 0.527423858643
        mean: 0.255909651518
        min: 0.13093572855
        var: 0.00381391681731
    pitch_salience:
        dmean: 0.0398520641029
        dmean2: 0.068540558219
        dvar: 0.00120678776875
        dvar2: 0.00339932530187
        max: 0.828436613083
        mean: 0.721223175526
        min: 0.575855970383
        var: 0.0017856961349
    silence_rate_20dB:
        dmean: 0
        dmean2: 0
        dvar: 0
        dvar2: 0
        max: 1
        mean: 1
        min: 1
        var: 0
    silence_rate_30dB:
        dmean: 0
        dmean2: 0
        dvar: 0
        dvar2: 0
        max: 1
        mean: 1
        min: 1
        var: 0
    silence_rate_60dB:
        dmean: 0.00232018553652
        dmean2: 0.00465116277337
        dvar: 0.00231478363276
        dvar2: 0.00462947320193
        max: 1
        mean: 0.00462962966412
        min: 0
        var: 0.00460822042078
    spectral_centroid:
        dmean: 152.044036865
        dmean2: 244.369827271
        dvar: 15624.1884766
        dvar2: 37671.0976562
        max: 2225.08129883
        mean: 1486.61877441
        min: 749.866699219
        var: 66678.5625
    spectral_complexity:
        dmean: 3.69230771065
        dmean2: 5.98130846024
        dvar: 8.8284072876
        dvar2: 22.8220787048
        max: 40
        mean: 27.3720932007
        min: 12
        var: 27.517375946
    spectral_crest:
        dmean: 1.21244764328
        dmean2: 2.03062820435
        dvar: 1.24082124233
        dvar2: 3.09270977974
        max: 14.823135376
        mean: 4.45800161362
        min: 2.31649923325
        var: 2.0588555336
    spectral_decrease:
        dmean: 2.60629073878e-10
        dmean2: 4.2937639555e-10
        dvar: 5.58295990167e-20
        dvar2: 1.43454844632e-19
        max: -7.75840447442e-10
        mean: -1.56630508563e-09
        min: -3.29325344772e-09
        var: 1.44458188866e-19
    spectral_energy:
        dmean: 0.00109423918184
        dmean2: 0.00180429581087
        dvar: 9.48562274061e-07
        dvar2: 2.42685564444e-06
        max: 0.0138472281396
        mean: 0.00683554029092
        min: 0.00343812233768
        var: 2.69061820291e-06
    spectral_energyband_high:
        dmean: 6.8919340265e-05
        dmean2: 0.000112989342597
        dvar: 4.10362721581e-09
        dvar2: 1.06442268333e-08
        max: 0.000674076902214
        mean: 0.000259235384874
        min: 5.37454579899e-05
        var: 1.72694729628e-08
    spectral_energyband_low:
        dmean: 0.000109863380203
        dmean2: 0.000188846053788
        dvar: 5.46455680706e-08
        dvar2: 1.54678872377e-07
        max: 0.00186237785965
        mean: 0.00019494733715
        min: 2.39300570684e-05
        var: 4.30450590727e-08
    spectral_energyband_middle_high:
        dmean: 0.000674450129736
        dmean2: 0.001083209645
        dvar: 2.65814151135e-07
        dvar2: 7.51659797515e-07
        max: 0.00706622609869
        mean: 0.00368058937602
        min: 0.00118085963186
        var: 1.14024032882e-06
    spectral_energyband_middle_low:
        dmean: 0.000772990111727
        dmean2: 0.00124159886036
        dvar: 6.02763748248e-07
        dvar2: 1.59827220614e-06
        max: 0.00831649359316
        mean: 0.00270074070431
        min: 0.000457428453956
        var: 1.56106148097e-06
    spectral_flatness_db:
        dmean: 0.00913162250072
        dmean2: 0.0134175606072
        dvar: 5.83506152907e-05
        dvar2: 0.000116270930448
        max: 0.164327591658
        mean: 0.118879146874
        min: 0.0651047825813
        var: 0.000191914805328
    spectral_flux:
        dmean: 0.00584374787286
        dmean2: 0.00896113645285
        dvar: 2.30935474974e-05
        dvar2: 5.52285164304e-05
        max: 0.0779553204775
        mean: 0.0476236864924
        min: 0.0270630251616
        var: 7.05040147295e-05
    spectral_kurtosis:
        dmean: 0.824024021626
        dmean2: 1.31816709042
        dvar: 0.505110442638
        dvar2: 1.19388926029
        max: 11.7843341827
        mean: 5.5840139389
        min: 2.15434741974
        var: 2.53031396866
    spectral_rms:
        dmean: 0.000204168871278
        dmean2: 0.000334716838552
        dvar: 2.89238819562e-08
        dvar2: 7.19590644849e-08
        max: 0.00367552600801
        mean: 0.00256376201287
        min: 0.00183146551717
        var: 9.59426884606e-08
    spectral_rolloff:
        dmean: 263.317169189
        dmean2: 421.758605957
        dvar: 53235.0859375
        dvar2: 130534.085938
        max: 3789.84375
        mean: 2882.39428711
        min: 1636.5234375
        var: 184561.828125
    spectral_skewness:
        dmean: 0.110225521028
        dmean2: 0.169688716531
        dvar: 0.00812322553247
        dvar2: 0.0197569299489
        max: 2.59597301483
        mean: 1.8677175045
        min: 1.28188955784
        var: 0.0548426955938
    spectral_spread:
        dmean: 366915.84375
        dmean2: 499050.46875
        dvar: 397555761152
        dvar2: 439407411200
        max: 16009501
        mean: 4394006.5
        min: 2462325.5
        var: 750035730432
    spectral_strongpeak:
        dmean: 0.407370299101
        dmean2: 0.709833681583
        dvar: 0.276135414839
        dvar2: 0.786136865616
        max: 3.9597594738
        mean: 0.569675445557
        min: 0.0326793082058
        var: 0.264709234238
    zerocrossingrate:
        dmean: 0.00580246560276
        dmean2: 0.00735045829788
        dvar: 2.41131492658e-05
        dvar2: 3.63642720913e-05
        max: 0.11865234375
        mean: 0.0851676017046
        min: 0.05126953125
        var: 0.000146021367982
    barkbands:
        dmean: [5.74920989038e-07, 5.76168058615e-05, 6.31961011095e-05, 0.000184059303137, 0.000198933077627, 0.000188274701941, 0.000264477916062, 0.000316675344948, 0.000320667080814, 0.000173167311004, 0.0001217037061, 0.000167321806657, 0.000242197667831, 0.000116906623589, 0.000199745729333, 0.000161911098985, 0.000187548110262, 0.000134945541504, 0.000151913583977, 0.000117253664939, 3.22144551319e-05, 1.04178625406e-05, 2.98971531265e-06, 1.258945872e-06, 8.98047346709e-07, 7.30521350079e-08, 1.00365022959e-08]
        dmean2: [9.08368974706e-07, 0.000100705059594, 0.000109308304673, 0.000295564648695, 0.000316917692544, 0.000306397705572, 0.000407477898989, 0.000508084427565, 0.000529091921635, 0.000291088741506, 0.00019842722395, 0.000282940396573, 0.000408216845244, 0.000194211126654, 0.000339343270753, 0.000280189356999, 0.000325411965605, 0.000226971969823, 0.000253406877164, 0.000192798877833, 5.1932180213e-05, 1.64825760294e-05, 4.66309347757e-06, 1.91617073142e-06, 1.23788618112e-06, 1.02802189872e-07, 1.03550643615e-08]
        dvar: [8.24617121548e-13, 1.764343871e-08, 1.55720005779e-08, 5.22859124885e-08, 7.00229065842e-08, 5.09203950116e-08, 8.84724329353e-08, 1.58884375878e-07, 1.23884163372e-07, 3.28960432228e-08, 1.61169069202e-08, 2.61564281345e-08, 7.7230090767e-08, 1.03837454191e-08, 4.49336923225e-08, 2.54744225714e-08, 3.16521635568e-08, 1.45849323729e-08, 2.07611758896e-08, 1.48025369739e-08, 1.08692432832e-09, 1.04472215601e-10, 1.30189982059e-11, 1.76862257478e-12, 8.96847646061e-13, 4.01949998351e-14, 3.94040133639e-14]
        dvar2: [1.89526194218e-12, 4.93477614327e-08, 4.49397603575e-08, 1.44714391581e-07, 1.94678804633e-07, 1.3229210083e-07, 1.98698799636e-07, 3.94672753146e-07, 3.43268112601e-07, 8.40777474309e-08, 3.84178946433e-08, 6.93027573107e-08, 2.30250250866e-07, 3.12705026317e-08, 1.26762557784e-07, 7.91563152802e-08, 9.28590537796e-08, 4.12126972549e-08, 5.42697407013e-08, 3.7909003936e-08, 2.8973805577e-09, 2.61944743674e-10, 3.31457430947e-11, 4.23661973559e-12, 1.87988361856e-12, 4.75621976428e-14, 3.94647320736e-14]
        max: [8.36296294437e-06, 0.00100106850732, 0.00114227482118, 0.00210084207356, 0.00251253205352, 0.00209094770253, 0.00321068614721, 0.0057781888172, 0.00347104901448, 0.00146019400563, 0.00168905186001, 0.00118666444905, 0.0029500471428, 0.000790896476246, 0.00189215969294, 0.0014390317956, 0.00135264149867, 0.00130041048396, 0.0018683380913, 0.00174420198891, 0.000410874781664, 9.62086342042e-05, 5.11829748575e-05, 1.4889799786e-05, 9.80577442533e-06, 3.99378723159e-06, 4.1181965571e-06]
        mean: [6.96781683018e-07, 8.36350664031e-05, 0.000110643137305, 0.000315561541356, 0.000393089227146, 0.000356331467628, 0.000493525993079, 0.00049789872719, 0.000593974080402, 0.000316633755574, 0.000221627982683, 0.000318900856655, 0.000424739992013, 0.000257517851423, 0.00038615235826, 0.000353751762304, 0.000446317455499, 0.000345444685081, 0.00044768844964, 0.000328443013132, 9.92799250525e-05, 2.92279091809e-05, 7.75741864345e-06, 3.81733207178e-06, 2.70446662398e-06, 1.69201058497e-07, 1.02344213104e-08]
        min: [1.17747478434e-10, 4.52434915132e-06, 3.83455017072e-06, 2.62410537744e-07, 2.89282615995e-05, 1.96396922547e-05, 2.57122719631e-05, 2.62198154815e-05, 4.27103004768e-05, 3.77949145332e-05, 1.18086154544e-05, 1.93249579752e-05, 2.71031203738e-05, 4.50227271358e-05, 4.86143762828e-05, 6.94543341524e-05, 6.57924756524e-05, 7.46600562707e-05, 8.76540580066e-05, 4.71583080071e-05, 1.99902151508e-05, 3.08107610181e-06, 3.81742751188e-07, 1.38195844102e-07, 1.08041746216e-07, 7.01051483532e-09, 2.70174182505e-12]
        var: [1.08662016017e-12, 1.22772485511e-08, 1.50793848519e-08, 1.17847925196e-07, 1.2820683537e-07, 8.18970562477e-08, 2.16507729078e-07, 2.83577890059e-07, 2.05160461064e-07, 4.93215637221e-08, 3.18716146808e-08, 4.36947615867e-08, 1.09499332268e-07, 1.82184454189e-08, 6.65583428372e-08, 3.25750697527e-08, 4.7053045904e-08, 2.68448783203e-08, 5.57128672085e-08, 5.80665719951e-08, 3.68976360576e-09, 3.99381860916e-10, 4.51770218457e-11, 7.6984529862e-12, 2.92774203318e-12, 4.88310021758e-14, 3.93368368749e-14]
    mfcc:
        mean: [-659.257263184, 122.49822998, -62.6859092712, 30.8902339935, -13.9899663925, -10.3358078003, 0.130471035838, -7.95489454269, -0.974584758282, -2.15162277222, -0.62811923027, -2.68783521652, -2.6298801899]
        cov: [[354.141052246, -250.965393066, 77.4847335815, -24.2780284882, -25.4159584045, 9.6580696106, -62.2662773132, -12.8668651581, -45.1434020996, 11.7471237183, -9.76024150848, -12.5893211365, -6.47042942047], [-250.965393066, 293.197601318, -55.8207397461, 22.9550189972, 9.19947814941, -20.2303199768, 34.5141601562, -6.19699859619, 21.3870105743, -29.9815235138, -1.82945239544, 9.5180015564, 3.04291701317], [77.4847335815, -55.8207397461, 105.50340271, 2.15073084831, -8.95951652527, -17.5059604645, -23.6563186646, 1.5563287735, -2.16477012634, -0.395971566439, -11.5615406036, -11.2699508667, -7.40742444992], [-24.2780284882, 22.9550189972, 2.15073084831, 46.7965240479, 7.73433065414, 0.720027625561, -0.776001632214, 0.116440936923, -1.41049575806, -1.77061593533, -3.57397699356, -1.26290690899, -0.822920203209], [-25.4159584045, 9.19947814941, -8.95951652527, 7.73433065414, 47.4034042358, 18.2396717072, 13.6385364532, 3.02613687515, -0.629870653152, -0.826597034931, 2.44782996178, 4.60493803024, 2.7610616684], [9.6580696106, -20.2303199768, -17.5059604645, 0.720027625561, 18.2396717072, 54.0680046082, 19.1329288483, 5.74692678452, -10.5535326004, 2.17164611816, 6.88710355759, 7.75425100327, 8.14754104614], [-62.2662773132, 34.5141601562, -23.6563186646, -0.776001632214, 13.6385364532, 19.1329288483, 52.2196426392, 15.8889818192, 10.3665561676, -1.60589528084, 5.5338640213, 6.70116662979, 4.51810073853], [-12.8668651581, -6.19699859619, 1.5563287735, 0.116440936923, 3.02613687515, 5.74692678452, 15.8889818192, 36.8418273926, 18.2612533569, 4.14671278, -0.439264118671, -2.05110907555, -2.16494679451], [-45.1434020996, 21.3870105743, -2.16477012634, -1.41049575806, -0.629870653152, -10.5535326004, 10.3665561676, 18.2612533569, 49.493637085, 13.8794765472, 2.45105314255, -3.11205124855, -4.40319442749], [11.7471237183, -29.9815235138, -0.395971566439, -1.77061593533, -0.826597034931, 2.17164611816, -1.60589528084, 4.14671278, 13.8794765472, 42.3926315308, 16.3750572205, 1.60472404957, 2.55569434166], [-9.76024150848, -1.82945239544, -11.5615406036, -3.57397699356, 2.44782996178, 6.88710355759, 5.5338640213, -0.439264118671, 2.45105314255, 16.3750572205, 30.0955715179, 14.9599504471, 4.90947055817], [-12.5893211365, 9.5180015564, -11.2699508667, -1.26290690899, 4.60493803024, 7.75425100327, 6.70116662979, -2.05110907555, -3.11205124855, 1.60472404957, 14.9599504471, 34.3677940369, 18.3713245392], [-6.47042942047, 3.04291701317, -7.40742444992, -0.822920203209, 2.7610616684, 8.14754104614, 4.51810073853, -2.16494679451, -4.40319442749, 2.55569434166, 4.90947055817, 18.3713245392, 30.8491764069]]
        icov: [[0.010427297093, 0.00711153727025, -0.00256088771857, 0.00203377823345, 0.00268790940754, -0.00248007057235, 0.00554185919464, 0.000554848753382, 0.00442931381986, 0.000145421174238, 0.00231343624182, -0.00119308300782, 0.00152915297076], [0.00711153727025, 0.0104639502242, 0.000692660745699, -0.00155668368097, 0.0013733713422, 0.00182733056135, 0.000109112130303, 0.00335189257748, -0.000356412812835, 0.00498150847852, 0.000356197910151, -0.00115622056182, 0.000366267224308], [-0.00256088771857, 0.000692660745699, 0.0130864912644, -0.0019839538727, -0.000880086096004, 0.00433536106721, 0.00158605200704, -0.00212434493005, -0.0010232210625, 0.000784112082329, 0.00203672680072, 0.000745991652366, 5.69127769268e-05], [0.00203377823345, -0.00155668368097, -0.0019839538727, 0.0242547169328, -0.00348229683004, -0.00174268998671, 0.00379865779541, -0.001839884324, 0.00332884886302, -0.0030632908456, 0.0041293608956, -0.00060553883668, 0.00126957905013], [0.00268790940754, 0.0013733713422, -0.000880086096004, -0.00348229683004, 0.0266283378005, -0.00854288414121, -0.00233673653565, 0.00125816778746, 0.000110547553049, 0.000343903229805, 0.00110797944944, -0.00225605675951, 0.00158206978813], [-0.00248007057235, 0.00182733056135, 0.00433536106721, -0.00174268998671, -0.00854288414121, 0.0306206587702, -0.0107921101153, -0.00392675586045, 0.00719478679821, -0.000580847845413, -0.0034733756911, 0.000628973706625, -0.00447023054585], [0.00554185919464, 0.000109112130303, 0.00158605200704, 0.00379865779541, -0.00233673653565, -0.0107921101153, 0.0351917035878, -0.0112833790481, -0.00119475682732, 0.00285134138539, -0.00185482250527, -0.00122095143888, -0.000637197343167], [0.000554848753382, 0.00335189257748, -0.00212434493005, -0.001839884324, 0.00125816778746, -0.00392675586045, -0.0112833790481, 0.04078033939, -0.0150233954191, 0.00169833481777, 0.00266975024715, 0.000315183802741, 0.0017678932054], [0.00442931381986, -0.000356412812835, -0.0010232210625, 0.00332884886302, 0.000110547553049, 0.00719478679821, -0.00119475682732, -0.0150233954191, 0.0357591882348, -0.0138238035142, 0.00416445592418, -0.000953145092353, 0.00417195959017], [0.000145421174238, 0.00498150847852, 0.000784112082329, -0.0030632908456, 0.000343903229805, -0.000580847845413, 0.00285134138539, 0.00169833481777, -0.0138238035142, 0.0414115302265, -0.0255376305431, 0.0108249336481, -0.00831623841077], [0.00231343624182, 0.000356197910151, 0.00203672680072, 0.0041293608956, 0.00110797944944, -0.0034733756911, -0.00185482250527, 0.00266975024715, 0.00416445592418, -0.0255376305431, 0.0626511797309, -0.0298384279013, 0.0128353871405], [-0.00119308300782, -0.00115622056182, 0.000745991652366, -0.00060553883668, -0.00225605675951, 0.000628973706625, -0.00122095143888, 0.000315183802741, -0.000953145092353, 0.0108249336481, -0.0298384279013, 0.0585175044835, -0.030869089067], [0.00152915297076, 0.000366267224308, 5.69127769268e-05, 0.00126957905013, 0.00158206978813, -0.00447023054585, -0.000637197343167, 0.0017678932054, 0.00417195959017, -0.00831623841077, 0.0128353871405, -0.030869089067, 0.051629267633]]
    spectral_contrast:
        mean: [-6.1185727418e-07, 8.48889669669e-08, -6.29799330909e-07, -2.24673442517e-07, -1.1055124105e-07, -8.74576869592e-07, 3.59201158062e-06, -2.98300449231e-07, -9.91169827103e-07, -1.70323744442e-07, 2.95708355225e-06, -1.18543937333e-06]
        var: [0.000211728387512, 0.000438007991761, 0.000643130217213, 0.000902251456864, 0.00166106387042, 0.00243724999018, 0.0203306172043, 0.0565614961088, 0.0714559853077, 0.0984069630504, 0.127907842398, 0.259500801563]

rhythm:
    beats_loudness:
        dmean: 0.00225741858594
        dmean2: 0.00434037530795
        dvar: 3.5062751067e-06
        dvar2: 1.10507389763e-05
        max: 0.0122663415968
        mean: 0.0073952274397
        min: 0.00512635195628
        var: 2.76664968624e-06
    beats_loudness_bass:
        dmean: 0.0460992753506
        dmean2: 0.0831593126059
        dvar: 0.00183579919394
        dvar2: 0.00461056409404
        max: 0.20275990665
        mean: 0.0643550083041
        min: 0.0237200986594
        var: 0.00202562427148
    bpm: 121.582885742
    bpm_confidence: 0
    first_peak_bpm: 121
    first_peak_spread: 0.421052634716
    first_peak_weight: 0.578947365284
    onset_rate: 2.29288744926
    second_peak_bpm: 0
    second_peak_spread: 0
    second_peak_weight: 0
    beats_position: [0.0830231308937, 0.57950425148, 1.07598531246, 1.57246625423, 2.06894731522, 2.56542825699, 3.06190919876, 3.55839037895, 4.05487108231, 4.55135250092, 5.04783344269, 5.54431438446, 6.05237007141, 6.53863382339, 7.02489709854, 7.51116037369, 7.997423172, 8.48368740082, 8.96995067596, 9.45621395111]
    bpm_estimates: [119.49823761, 120.614555359, 119.675666809, 121.955062866, 122.869125366, 120.246879578, 121.369590759, 120.413406372, 120.89566803, 121.044593811, 123.628585815, 124.507568359, 122.605575562, 122.835960388]
    bpm_intervals: [0.496481120586, 0.496481060982, 0.496480941772, 0.496481060982, 0.496480941772, 0.496480941772, 0.496481180191, 0.496480703354, 0.49648141861, 0.496480941772, 0.496480941772, 0.508055686951, 0.486263751984, 0.486263275146, 0.486263275146, 0.486262798309, 0.486264228821, 0.486263275146, 0.486263275146]
    onset_times: [0.0464399084449, 0.371519267559, 0.615328788757, 0.847528338432, 1.09133791924, 1.33514738083, 1.57895696163, 1.83437645435, 2.57741498947, 3.08825397491, 3.58748292923, 4.58594083786, 4.82975053787, 5.56117916107, 5.8282084465, 6.11845827103, 6.82666683197, 7.56970500946, 8.05732440948, 8.37079334259, 8.55655288696, 8.87002277374, 9.35764217377]
    rubato_start: []
    rubato_stop: []
    perceptual_tempo: "unknown"

sfx:
    inharmonicity:
        dmean: 0.0568308793008
        dmean2: 0.100415214896
        dvar: 0.00303048663773
        dvar2: 0.00860671512783
        max: 0.344406723976
        mean: 0.0716586112976
        min: 0.000467519508675
        var: 0.00312916561961
    oddtoevenharmonicenergyratio:
        dmean: 1.51036930084
        dmean2: 2.749335289
        dvar: 4.58259391785
        dvar2: 12.7802553177
        max: 15.3366708755
        mean: 1.34562504292
        min: 0.00259110028856
        var: 3.49487471581
    pitch_after_max_to_before_max_energy_ratio: 0.612133860588
    pitch_centroid: 210.719055176
    pitch_max_to_total: 0.574418604374
    pitch_min_to_total: 0.0186046510935
    tristimulus:
        dmean: [0.165402725339, 0.207784816623, 0.129939213395]
        dmean2: [0.287548184395, 0.365073680878, 0.221437901258]
        dvar: [0.0223600622267, 0.0349606499076, 0.0097753284499]
        dvar2: [0.0630134940147, 0.108044475317, 0.0310400146991]
        max: [0.894177258015, 0.884140908718, 0.578675568104]
        mean: [0.273237884045, 0.524364709854, 0.16456091404]
        min: [0.00528658693656, 0, 0]
        var: [0.0271646995097, 0.0392514877021, 0.0139768486843]

tonal:
    chords_changes_rate: 0.0601851865649
    chords_number_rate: 0.0277777779847
    chords_strength:
        dmean: 0.0104108667001
        dmean2: 0.00786075834185
        dvar: 5.49861797481e-05
        dvar2: 5.92771539232e-05
        max: 0.703451871872
        mean: 0.496415585279
        min: 0.325852662325
        var: 0.00992652773857
    key_strength: 0.732532441616
    tuning_diatonic_strength: 0.599952161312
    tuning_equal_tempered_deviation: 0.0285984482616
    tuning_frequency: 440.763122559
    tuning_nontempered_energy_ratio: 0.70960688591
    hpcp:
        dmean: [0.157995089889, 0.15260592103, 0.115919582546, 0.10210032016, 0.094121940434, 0.123933017254, 0.203533470631, 0.159386128187, 0.0875621512532, 0.0719047635794, 0.0685763731599, 0.0871762633324, 0.121139243245, 0.131040602922, 0.214404791594, 0.207687735558, 0.141553044319, 0.133799523115, 0.134540721774, 0.134545251727, 0.15540446341, 0.200403913856, 0.227979958057, 0.159554824233, 0.121064707637, 0.104568138719, 0.128243163228, 0.16278193891, 0.143575280905, 0.137178704143, 0.130425080657, 0.101145401597, 0.147096917033, 0.169941544533, 0.130493685603, 0.12633125484]
        dmean2: [0.267838478088, 0.253117859364, 0.192357674241, 0.167299196124, 0.156541526318, 0.205788120627, 0.326513707638, 0.251473844051, 0.146604955196, 0.119265824556, 0.114861734211, 0.150278553367, 0.204645425081, 0.227137893438, 0.374775826931, 0.348212361336, 0.233796104789, 0.228355437517, 0.228236213326, 0.229548946023, 0.262830615044, 0.353505343199, 0.393985509872, 0.2745192945, 0.203203231096, 0.184869334102, 0.223236292601, 0.271789044142, 0.24351772666, 0.23281750083, 0.217811703682, 0.171812593937, 0.248173370957, 0.288918018341, 0.209485024214, 0.221398562193]
        dvar: [0.0306734461337, 0.0267641860992, 0.0172636322677, 0.015535350889, 0.011463179253, 0.0108817135915, 0.031112767756, 0.0186457037926, 0.0095020448789, 0.00532485777512, 0.00524421688169, 0.00807780399919, 0.0151015501469, 0.0173318721354, 0.0351778529584, 0.0392939224839, 0.0183563530445, 0.0215405672789, 0.0204050336033, 0.0219263453037, 0.0238453280181, 0.037688113749, 0.039718914777, 0.0218803398311, 0.0193723123521, 0.0182865019888, 0.0227880235761, 0.0285844951868, 0.0234275050461, 0.0202882606536, 0.0209729429334, 0.0116713708267, 0.0228066947311, 0.0277570188046, 0.0172645151615, 0.0209405384958]
        dvar2: [0.0849557295442, 0.0695093050599, 0.040518052876, 0.0325099751353, 0.0299546271563, 0.0322139114141, 0.0807449221611, 0.0466115064919, 0.0228163097054, 0.0138290217146, 0.0148434937, 0.0217936169356, 0.0412032268941, 0.0484797023237, 0.0906270742416, 0.0979336202145, 0.0426616854966, 0.0654138922691, 0.0595701485872, 0.0626459792256, 0.0611609518528, 0.0839251279831, 0.111989930272, 0.0578148625791, 0.0495816655457, 0.047408990562, 0.0639139935374, 0.0819094702601, 0.067474745214, 0.0606646575034, 0.0567888729274, 0.0303474161774, 0.0650539845228, 0.0745593607426, 0.0434885285795, 0.0567760169506]
        max: [1, 1, 1, 1, 0.824038863182, 0.76922917366, 1, 1, 0.732631981373, 0.495744436979, 0.451382368803, 0.625145077705, 1, 1, 1, 1, 1, 1, 0.959266960621, 1, 1, 1, 1, 0.969877839088, 1, 0.99636054039, 1, 1, 1, 1, 1, 0.807353198528, 1, 1, 1, 1]
        mean: [0.38101169467, 0.329891562462, 0.238623335958, 0.215573951602, 0.168445661664, 0.264289826155, 0.445166736841, 0.335658341646, 0.167197823524, 0.141515567899, 0.1275742203, 0.172521024942, 0.239901289344, 0.272395282984, 0.407363265753, 0.490476936102, 0.324574649334, 0.227119907737, 0.223102077842, 0.205189824104, 0.406072616577, 0.628574669361, 0.486146211624, 0.280743271112, 0.229833498597, 0.182191386819, 0.205162838101, 0.271199792624, 0.234672293067, 0.221134364605, 0.237134337425, 0.203063756227, 0.317870378494, 0.392352610826, 0.286142796278, 0.29210370779]
        min: [0.0276335570961, 0.024769147858, 0.0337109826505, 0.0192945115268, 0.0136883975938, 0.0450892411172, 0.062585324049, 0.0557241030037, 0.0322238504887, 0.023526404053, 0.0259820967913, 0.0265423953533, 0.0218726415187, 0.0307003557682, 0.0541159920394, 0.0372430495918, 0.0226449891925, 0.0143147744238, 0.0177171248943, 0.0233855936676, 0.0297140348703, 0.0669598057866, 0.0557551532984, 0.0227596499026, 0.0116326343268, 0.0188981220126, 0.0236292202026, 0.0357460975647, 0.02492415905, 0.0110094053671, 0.0132417995483, 0.0120567921549, 0.0267124436796, 0.0443812869489, 0.0463824234903, 0.0272367876023]
        var: [0.0903071016073, 0.0634837821126, 0.0329380072653, 0.0464968644083, 0.0206461809576, 0.0188225358725, 0.0683709457517, 0.037810832262, 0.012913457118, 0.00900165271014, 0.00676484126598, 0.0138892810792, 0.0353532470763, 0.0262631140649, 0.0537371374667, 0.0960239842534, 0.0574407353997, 0.026390504092, 0.0266517885029, 0.0245017427951, 0.057731769979, 0.100718200207, 0.0690780580044, 0.0405480451882, 0.0445041209459, 0.0292149651796, 0.0223699174821, 0.0364922322333, 0.0300160516053, 0.034750264138, 0.0478007979691, 0.0211532544345, 0.0515836700797, 0.0740862935781, 0.0415394641459, 0.0446332059801]
    chords_histogram: [16.2037029266, 6.48148155212, 49.0740737915, 0, 0, 0, 0, 0, 0, 0, 0, 0, 0, 0, 0.925925910473, 7.87037038803, 0, 0, 0, 5.09259271622, 0.925925910473, 0, 13.4259262085, 0]
    thpcp: [1, 0.773410439491, 0.446634709835, 0.365642309189, 0.289848446846, 0.32639375329, 0.431451976299, 0.373340368271, 0.35180285573, 0.377257227898, 0.32305431366, 0.505700290203, 0.624194145203, 0.455224841833, 0.464708060026, 0.606151819229, 0.524824798107, 0.379626065493, 0.342956781387, 0.267980366945, 0.420458912849, 0.708216130733, 0.533999145031, 0.265995174646, 0.225137248635, 0.202957943082, 0.274463862181, 0.381659179926, 0.433353900909, 0.648074567318, 0.780300199986, 0.516366124153, 0.361325263977, 0.354933291674, 0.326436668634, 0.646021306515]
    chords_key: "E"
    chords_scale: "major"
    key_key: "A"
    key_scale: "major"
    chords_progression: ["A#", "A#", "A", "A", "A", "A", "A", "A", "A", "A", "A", "A", "Dm", "Dm", "Dm", "Dm", "Dm", "Dm", "Dm", "Dm", "Dm", "Dm", "Dm", "Dm", "Dm", "Dm", "Dm", "Dm", "Dm", "C#m", "C#m", "Em", "Em", "Em", "E", "E", "E", "E", "E", "E", "E", "E", "E", "E", "E", "E", "E", "E", "E", "E", "E", "E", "E", "E", "E", "E", "E", "E", "E", "E", "E", "E", "E", "E", "E", "E", "E", "E", "E", "E", "E", "E", "E", "E", "E", "E", "E", "E", "E", "E", "E", "E", "E", "E", "E", "E", "E", "E", "E", "E", "E", "E", "E", "A", "A", "A", "A", "A", "A", "A", "A", "A", "A", "A", "A", "A", "A", "C#m", "C#m", "C#m", "C#m", "C#m", "C#m", "C#m", "C#m", "C#m", "C#m", "C#m", "C#m", "E", "E", "E", "E", "E", "E", "E", "E", "E", "E", "E", "E", "E", "E", "E", "E", "E", "E", "E", "E", "E", "E", "E", "E", "E", "E", "E", "E", "E", "E", "E", "E", "E", "E", "E", "E", "E", "E", "E", "E", "E", "E", "E", "E", "E", "E", "E", "Em", "Em", "Em", "Em", "Em", "Em", "Em", "Em", "A", "G", "G", "D", "D", "D", "D", "D", "D", "D", "D", "D", "D", "D", "D", "D", "D", "D", "D", "D", "D", "D", "D", "D", "D", "D", "D", "D", "D", "D", "D", "D", "A", "A", "A", "A", "A", "A", "A", "A", "A", "A"]
