
metadata:
    version:
        essentia: "1.2.2"
    audio_properties:
        analysis_sample_rate: 44100
        bitrate: 128
        channels: 2
        equal_loudness: 1
        length: 10.0310201645
        replay_gain: 9.03058052063
        downmix: "mix"
    tags:
        track: 26
        year: 0
        album: "Splitted by Mp3Splt v. 2.1"
        artist: "From 004.10 To 004.20"
        comment: "http://mp3splt.sf.net"
        genre: ""
        title: "03 Solitude.mp3"

highlevel:
    ballroom:
        all:
            ChaChaCha: 0.0332161560655
            Jive: 0.0184357892722
            Quickstep: 0.00680365832523
            Rumba-American: 0.0168321635574
            Rumba-International: 0.82713508606
            Rumba-Misc: 0.0343785956502
            Samba: 0.0454074628651
            Tango: 0.00172056246083
            VienneseWaltz: 0.00520951440558
            Waltz: 0.0108610074967
        probability: 0.82713508606
        value: "Rumba-International"
    culture:
        all:
            non_western: 0.782761275768
            western: 0.217238709331
        probability: 0.782761275768
        value: "non_western"
    gender:
        all:
            female: 0.653739631176
            male: 0.346260368824
        probability: 0.653739631176
        value: "female"
    genre_dortmund:
        all:
            alternative: 0.023427657783
            blues: 0.00220113992691
            electronic: 0.213929086924
            folkcountry: 0.00854829140007
            funksoulrnb: 0.00136166415177
            jazz: 0.741830468178
            pop: 0.00309624010697
            raphiphop: 0.000516662024893
            rock: 0.00508876191452
        probability: 0.741830468178
        value: "jazz"
    genre_electronica:
        all:
            ambient: 0.578395903111
            dnb: 0.0205780044198
            house: 0.0410098023713
            techno: 0.351077735424
            trance: 0.00893854442984
        probability: 0.578395903111
        value: "ambient"
    genre_rosamerica:
        all:
            cla: 0.0264571495354
            dan: 0.193539783359
            hip: 0.0471375621855
            jaz: 0.618627429008
            pop: 0.00941982027143
            rhy: 0.0572969093919
            roc: 0.0290203969926
            spe: 0.0185009650886
        probability: 0.618627429008
        value: "jaz"
    genre_tzanetakis:
        all:
            blu: 0.168776899576
            cla: 0.119536802173
            cou: 0.0202725995332
            dis: 0.0342386774719
            hip: 0.220257878304
            jaz: 0.0911356583238
            met: 0.0323698557913
            pop: 0.10039870441
            reg: 0.16342766583
            roc: 0.049585249275
        probability: 0.220257878304
        value: "hip"
    live_studio:
        all:
            live: 0.772681474686
            studio: 0.227318540215
        probability: 0.772681474686
        value: "live"
    mood:
        all:
            Cluster1: 0.325338929892
            Cluster2: 0.0435794182122
            Cluster3: 0.370353996754
            Cluster4: 0.0324876494706
            Cluster5: 0.228239998221
        probability: 0.370353996754
        value: "Cluster3"
    mood_acoustic:
        all:
            acoustic: 0.436881899834
            not_acoustic: 0.563118100166
        probability: 0.563118100166
        value: "not_acoustic"
    mood_aggressive:
        all:
            aggressive: 0.0254146419466
            not_aggressive: 0.974585354328
        probability: 0.974585354328
        value: "not_aggressive"
    mood_electronic:
        all:
            electronic: 0.690849304199
            not_electronic: 0.309150695801
        probability: 0.690849304199
        value: "electronic"
    mood_happy:
        all:
            happy: 0.00735563226044
            not_happy: 0.992644369602
        probability: 0.992644369602
        value: "not_happy"
    mood_party:
        all:
            not_party: 0.78711950779
            party: 0.212880507112
        probability: 0.78711950779
        value: "not_party"
    mood_relaxed:
        all:
            not_relaxed: 0.223008021712
            relaxed: 0.776991963387
        probability: 0.776991963387
        value: "relaxed"
    mood_sad:
        all:
            not_sad: 0.277226448059
            sad: 0.722773551941
        probability: 0.722773551941
        value: "sad"
    rhythm:
        all:
            fast: 0.233157292008
            medium: 0.44689565897
            slow: 0.319947063923
        probability: 0.44689565897
        value: "medium"
    speech_music:
        all:
            music: 0.735398292542
            speech: 0.264601707458
        probability: 0.735398292542
        value: "music"
    timbre:
        all:
            bright: 0.0194470528513
            dark: 0.980552971363
        probability: 0.980552971363
        value: "dark"
    voice_instrumental:
        all:
            instrumental: 0.999981045723
            voice: 1.89727925317e-05
        probability: 0.999981045723
        value: "instrumental"

lowlevel:
    average_loudness: 0.973518192768
    barkbands_kurtosis:
        dmean: 20.6834564209
        dmean2: 30.7436542511
        dvar: 787.232543945
        dvar2: 1897.03552246
        max: 370.491119385
        mean: 36.1238136292
        min: -1.85524141788
        var: 1867.47229004
    barkbands_skewness:
        dmean: 1.48081827164
        dmean2: 2.11055636406
        dvar: 1.83047580719
        dvar2: 4.23166131973
        max: 14.9447555542
        mean: 3.86732172966
        min: -2.20363092422
        var: 9.49264240265
    barkbands_spread:
        dmean: 7.00681018829
        dmean2: 10.7164154053
        dvar: 96.4864654541
        dvar2: 197.983688354
        max: 77.5333328247
        mean: 15.7781381607
        min: 0.42471536994
        var: 360.426452637
    dissonance:
        dmean: 0.0237775743008
        dmean2: 0.0367317348719
        dvar: 0.000728704209905
        dvar2: 0.00150925887283
        max: 0.499935597181
        mean: 0.439437359571
        min: 0.22607293725
        var: 0.00293918442912
    hfc:
        dmean: 0.233090564609
        dmean2: 0.331301420927
        dvar: 0.232348710299
        dvar2: 0.456874370575
        max: 7.53667545319
        mean: 0.448316633701
        min: 0.000333372241585
        var: 0.453698188066
    pitch:
        dmean: 624.19543457
        dmean2: 1234.76391602
        dvar: 1828025.125
        dvar2: 4592979
        max: 4410
        mean: 1097.96960449
        min: 50.0567550659
        var: 2721279.75
    pitch_instantaneous_confidence:
        dmean: 0.0976971164346
        dmean2: 0.143944114447
        dvar: 0.00842166878283
        dvar2: 0.0170348957181
        max: 0.901480436325
        mean: 0.513396978378
        min: 0.147876679897
        var: 0.0381440483034
    pitch_salience:
        dmean: 0.0950187295675
        dmean2: 0.148270785809
        dvar: 0.0071064857766
        dvar2: 0.0147859575227
        max: 0.806289970875
        mean: 0.471578150988
        min: 0.0811881199479
        var: 0.0308868233114
    silence_rate_20dB:
        dmean: 0
        dmean2: 0
        dvar: 0
        dvar2: 0
        max: 1
        mean: 1
        min: 1
        var: 0
    silence_rate_30dB:
        dmean: 0
        dmean2: 0
        dvar: 0
        dvar2: 0
        max: 1
        mean: 1
        min: 1
        var: 0
    silence_rate_60dB:
        dmean: 0.102088168263
        dmean2: 0.204651162028
        dvar: 0.0916660279036
        dvar2: 0.167420461774
        max: 1
        mean: 0.763888895512
        min: 0
        var: 0.180362418294
    spectral_centroid:
        dmean: 225.855438232
        dmean2: 332.511871338
        dvar: 140889.078125
        dvar2: 306849.1875
        max: 3705.48828125
        mean: 707.184143066
        min: 119.808906555
        var: 836598.625
    spectral_complexity:
        dmean: 0.571095585823
        dmean2: 0.925233662128
        dvar: 0.706484436989
        dvar2: 1.32618761063
        max: 6
        mean: 1.68372094631
        min: 0
        var: 2.02089834213
    spectral_crest:
        dmean: 2.95607805252
        dmean2: 4.50511217117
        dvar: 7.32786035538
        dvar2: 17.3095664978
        max: 24.4411182404
        mean: 13.2175006866
        min: 3.1793217659
        var: 29.5429000854
    spectral_decrease:
        dmean: 3.08356423728e-10
        dmean2: 4.2416226087e-10
        dvar: 5.13892521295e-19
        dvar2: 1.05936038773e-18
        max: -3.4026958768e-13
        mean: -5.57305479543e-10
        min: -1.05324220456e-08
        var: 9.03751067496e-19
    spectral_energy:
        dmean: 0.00118251214735
        dmean2: 0.00162686244585
        dvar: 7.53773520046e-06
        dvar2: 1.55199468281e-05
        max: 0.040435411036
        mean: 0.00214406033047
        min: 1.31449257879e-06
        var: 1.32916666189e-05
    spectral_energyband_high:
        dmean: 7.26122743799e-06
        dmean2: 1.1757689208e-05
        dvar: 4.81061745994e-10
        dvar2: 1.1485482565e-09
        max: 0.000183230542461
        mean: 9.01415387489e-06
        min: 1.93233269385e-08
        var: 4.29890095743e-10
    spectral_energyband_low:
        dmean: 0.000523760158103
        dmean2: 0.000761448580306
        dvar: 1.59069668371e-06
        dvar2: 4.14280475525e-06
        max: 0.0141863152385
        mean: 0.000774852989707
        min: 2.24385729553e-07
        var: 2.08545475289e-06
    spectral_energyband_middle_high:
        dmean: 1.98447487492e-05
        dmean2: 3.05972862407e-05
        dvar: 2.00322869404e-09
        dvar2: 4.60130156199e-09
        max: 0.000536751700565
        mean: 2.72791439784e-05
        min: 3.30337357468e-08
        var: 3.27020055479e-09
    spectral_energyband_middle_low:
        dmean: 0.000745910627302
        dmean2: 0.00104816665407
        dvar: 4.56498628409e-06
        dvar2: 8.29851433082e-06
        max: 0.0339229628444
        mean: 0.00133291445673
        min: 2.23413891831e-07
        var: 8.56150563777e-06
    spectral_flatness_db:
        dmean: 0.041296120733
        dmean2: 0.0587261132896
        dvar: 0.00171276333276
        dvar2: 0.00324802310206
        max: 0.428432166576
        mean: 0.247600391507
        min: 0.0741613060236
        var: 0.00836382992566
    spectral_flux:
        dmean: 0.0105173382908
        dmean2: 0.0172971282154
        dvar: 0.000291796721285
        dvar2: 0.000760613474995
        max: 0.186354666948
        mean: 0.0174001101404
        min: 0.00114651327021
        var: 0.000330458802637
    spectral_kurtosis:
        dmean: 2.79635906219
        dmean2: 4.14988040924
        dvar: 13.6174125671
        dvar2: 28.9176063538
        max: 35.2187194824
        mean: 6.77306222916
        min: -0.0441844463348
        var: 45.4476928711
    spectral_rms:
        dmean: 0.000362172577297
        dmean2: 0.000478221016238
        dvar: 2.74056077387e-07
        dvar2: 5.1614961194e-07
        max: 0.00628085806966
        mean: 0.00110501353629
        min: 3.5811055568e-05
        var: 8.70710437084e-07
    spectral_rolloff:
        dmean: 384.334777832
        dmean2: 657.566894531
        dvar: 769302
        dvar2: 1668407.625
        max: 6416.89453125
        mean: 1184.42736816
        min: 107.666015625
        var: 2983410.25
    spectral_skewness:
        dmean: 0.406133115292
        dmean2: 0.544439613819
        dvar: 0.185716375709
        dvar2: 0.321392357349
        max: 5.05206489563
        mean: 2.08040618896
        min: 0.335434049368
        var: 0.981535375118
    spectral_spread:
        dmean: 864429.1875
        dmean2: 1272626.5
        dvar: 913105354752
        dvar2: 1.65448410726e+12
        max: 11700473
        mean: 5780438.5
        min: 2275230.75
        var: 2.64651459789e+12
    spectral_strongpeak:
        dmean: 0.0742235258222
        dmean2: 0.107216306031
        dvar: 0.0101428367198
        dvar2: 0.0189076066017
        max: 1.12489521503
        mean: 0.17032597959
        min: 0.000961050915066
        var: 0.0320992209017
    zerocrossingrate:
        dmean: 0.011271443218
        dmean2: 0.0124671440572
        dvar: 0.000170510553289
        dvar2: 0.000161844072863
        max: 0.1884765625
        mean: 0.0461153239012
        min: 0.00439453125
        var: 0.00230071065016
    barkbands:
        dmean: [7.08336855837e-08, 0.000156575770234, 0.000390896719182, 0.00051658047596, 0.00021796868532, 3.59381192538e-05, 2.35919087572e-05, 5.93032564211e-06, 6.05670265941e-06, 5.00915939483e-06, 1.36198025302e-06, 1.41942655318e-06, 2.07553443943e-06, 1.59020362389e-06, 1.35517541366e-06, 1.05576327769e-06, 1.61768809903e-06, 2.09847689803e-06, 3.47151444657e-06, 5.20087633049e-06, 3.07323512061e-06, 1.25021449549e-06, 3.01891020626e-07, 1.46699662196e-07, 2.04334014597e-07, 7.12535408454e-09, 2.31161950692e-10]
        dmean2: [9.08251394094e-08, 0.000214694940951, 0.000586024427321, 0.000757778703701, 0.000309416704113, 5.44580652786e-05, 3.39867146977e-05, 9.12736413738e-06, 9.39456458582e-06, 7.42017618904e-06, 2.25232201956e-06, 2.29522902373e-06, 3.59636442226e-06, 2.49893491855e-06, 2.28641715694e-06, 1.7260349523e-06, 2.69615929938e-06, 3.38896393259e-06, 5.76868023927e-06, 8.47275987326e-06, 4.99201678394e-06, 2.05059336622e-06, 4.86947214995e-07, 2.45891868644e-07, 3.42813279985e-07, 1.2089626189e-08, 3.3879951622e-10]
        dvar: [2.73968927379e-14, 1.3917494357e-07, 9.31225372369e-07, 3.35099775839e-06, 2.04044738439e-07, 7.53052997737e-09, 1.13430704829e-08, 1.65929867069e-10, 6.21101947651e-10, 4.17108930728e-10, 8.85449612936e-12, 1.14146444033e-11, 6.83103781873e-11, 1.43191916657e-11, 1.64186320789e-11, 7.09380774608e-12, 1.79493867686e-11, 2.88161265682e-11, 9.79095207687e-11, 2.25062884995e-10, 6.9756304899e-11, 1.48362953867e-11, 9.68152207709e-13, 2.39423742334e-13, 5.65478924536e-13, 6.70247218525e-16, 5.17949149435e-18]
        dvar2: [3.52639704276e-14, 2.73777061466e-07, 2.54736073657e-06, 5.86676651437e-06, 3.99823278485e-07, 1.74895937732e-08, 1.842677122e-08, 3.01271924075e-10, 1.43101708261e-09, 9.29553989337e-10, 2.0583651103e-11, 2.40044321226e-11, 1.888030704e-10, 2.79483849258e-11, 4.21377342741e-11, 1.55846429511e-11, 4.52573881149e-11, 6.77868802756e-11, 2.47541043219e-10, 5.45246847672e-10, 1.69019243046e-10, 3.3218348211e-11, 2.39512858331e-12, 5.54908495456e-13, 1.30929186763e-12, 1.61892930753e-15, 5.48354323519e-18]
        max: [2.35549168792e-06, 0.00406581209973, 0.011184848845, 0.0296377968043, 0.00448665535077, 0.000985925667919, 0.00196283427067, 0.000218006724026, 0.000440644100308, 0.000370842637494, 3.38810204994e-05, 4.78579568153e-05, 0.000113302296086, 5.3050214774e-05, 4.00135868404e-05, 2.27184282267e-05, 3.8112688344e-05, 4.65297307528e-05, 8.91277595656e-05, 0.000120012293337, 6.3766092353e-05, 3.49852343788e-05, 9.94340189209e-06, 4.48877290182e-06, 6.26469000053e-06, 2.68302329687e-07, 4.67572398577e-08]
        mean: [1.41334538739e-07, 0.00021009525517, 0.000564619665965, 0.000867532624397, 0.000345669104718, 5.55200822419e-05, 4.79812879348e-05, 7.54299480832e-06, 8.30675617181e-06, 7.35280218578e-06, 1.52654672547e-06, 1.56973874255e-06, 1.94175891011e-06, 1.64681819115e-06, 1.2864790051e-06, 1.24115535982e-06, 1.68686801771e-06, 2.58514023699e-06, 3.93731579607e-06, 5.8423511291e-06, 3.75608556169e-06, 1.54937652042e-06, 3.5125142972e-07, 1.66038475413e-07, 2.07653329198e-07, 7.55014095688e-09, 1.97512839417e-10]
        min: [5.33318311388e-12, 9.29306054331e-09, 7.95166599232e-09, 1.69090554891e-08, 5.25886356684e-08, 2.09746602309e-08, 2.76944489563e-09, 1.4105324686e-09, 9.19787968012e-10, 1.32270500108e-10, 1.72949476962e-09, 9.55091672417e-10, 2.88720436448e-10, 1.70341252215e-09, 2.27979080059e-09, 7.62445218072e-09, 2.51165310772e-09, 1.64237656808e-09, 1.29494557299e-08, 4.65695615404e-09, 1.10079918514e-08, 2.93984769861e-09, 1.03726693901e-09, 5.57601742557e-10, 3.36601274631e-10, 1.27889001472e-11, 7.38423062388e-14]
        var: [8.30795461181e-14, 2.83930376099e-07, 1.12798477403e-06, 6.14653981756e-06, 4.73536857726e-07, 1.51638435142e-08, 4.05643980628e-08, 4.48449194446e-10, 9.95824867012e-10, 1.22858445639e-09, 1.13206137173e-11, 1.54499642246e-11, 4.88389120812e-11, 1.83725899078e-11, 1.3072286309e-11, 7.52234125684e-12, 1.50919571978e-11, 2.69612908388e-11, 7.95638346873e-11, 1.98400088025e-10, 6.15472603438e-11, 1.44367131097e-11, 8.15078690306e-13, 2.16517586195e-13, 5.03612451221e-13, 5.58870115137e-16, 5.12680422524e-18]
    mfcc:
        mean: [-908.643554688, 120.368614197, 14.0558080673, 73.5295028687, 0.792511582375, 11.3331270218, 8.5302028656, -5.97087812424, -0.859318673611, -6.45988416672, -1.30436098576, -8.29762458801, -5.34795093536]
        cov: [[3369.24731445, 1307.6036377, 298.075744629, -292.330932617, -209.342178345, -82.5401306152, 13.1174182892, -57.4319000244, -27.1682949066, -23.5042610168, 12.2817659378, -39.322227478, -40.9882774353], [1307.6036377, 2268.80615234, 798.236938477, -65.9387664795, -154.625274658, -43.4521903992, 28.2966651917, 14.6191940308, -43.720905304, 11.9271936417, 17.9312210083, -66.1435470581, -93.6757888794], [298.075744629, 798.236938477, 577.05657959, 217.658065796, 52.7775611877, 36.1836128235, 26.2402362823, 38.0060539246, 6.26797008514, 8.1945104599, 11.1731157303, -4.44490146637, -7.91913890839], [-292.330932617, -65.9387664795, 217.658065796, 296.152252197, 164.310348511, 82.1085205078, 41.2560005188, 37.6771011353, 30.7171154022, 6.80680608749, 9.95490932465, 22.2021217346, 28.6615772247], [-209.342178345, -154.625274658, 52.7775611877, 164.310348511, 174.507507324, 107.323196411, 58.5851783752, 27.1586933136, 20.4818878174, 14.0825500488, 17.1620292664, 22.0435085297, 21.1536006927], [-82.5401306152, -43.4521903992, 36.1836128235, 82.1085205078, 107.323196411, 134.025665283, 78.8920440674, 34.4283027649, 11.4382400513, 21.5800189972, 19.3328113556, 18.8792572021, 16.0063076019], [13.1174182892, 28.2966651917, 26.2402362823, 41.2560005188, 58.5851783752, 78.8920440674, 89.1419448853, 43.2390022278, 19.7544574738, 15.8516025543, 13.3460979462, 10.6139364243, 7.29114532471], [-57.4319000244, 14.6191940308, 38.0060539246, 37.6771011353, 27.1586933136, 34.4283027649, 43.2390022278, 68.7057495117, 35.4364700317, 27.6977996826, 11.6635465622, 12.6620693207, 9.57853603363], [-27.1682949066, -43.720905304, 6.26797008514, 30.7171154022, 20.4818878174, 11.4382400513, 19.7544574738, 35.4364700317, 65.0402908325, 37.1166381836, 20.7648029327, 15.1188049316, 13.8470344543], [-23.5042610168, 11.9271936417, 8.1945104599, 6.80680608749, 14.0825500488, 21.5800189972, 15.8516025543, 27.6977996826, 37.1166381836, 61.8485069275, 32.7443275452, 19.3531589508, 11.3250255585], [12.2817659378, 17.9312210083, 11.1731157303, 9.95490932465, 17.1620292664, 19.3328113556, 13.3460979462, 11.6635465622, 20.7648029327, 32.7443275452, 52.2246704102, 31.8377723694, 18.9406356812], [-39.322227478, -66.1435470581, -4.44490146637, 22.2021217346, 22.0435085297, 18.8792572021, 10.6139364243, 12.6620693207, 15.1188049316, 19.3531589508, 31.8377723694, 53.0855827332, 37.6020889282], [-40.9882774353, -93.6757888794, -7.91913890839, 28.6615772247, 21.1536006927, 16.0063076019, 7.29114532471, 9.57853603363, 13.8470344543, 11.3250255585, 18.9406356812, 37.6020889282, 61.5940475464]]
        icov: [[0.000456281821243, -0.000149769912241, -0.000340812257491, 0.000782165850978, -0.00015058281133, 0.000138396630064, -0.000552581623197, 0.000696052680723, -0.000593339675106, 0.000425859412644, -9.07739959075e-05, 3.02191274386e-05, -0.000294453406241], [-0.000149769912241, 0.00217778468505, -0.00407876260579, 0.00318866292946, -0.000106498795503, 0.000786034273915, -0.00188160187099, 0.000465458462713, 0.000798082386609, -0.000573735742364, -0.00126137840562, 0.0011144700693, 0.000820498738904], [-0.000340812257491, -0.00407876260579, 0.0116584021598, -0.0114908590913, 0.00370800355449, -0.00221158377826, 0.00392398703843, -0.00281850062311, 0.00109621114098, -0.000136318150908, 0.000723833160009, -0.00102411827538, -0.000127738137962], [0.000782165850978, 0.00318866292946, -0.0114908590913, 0.0203585904092, -0.0132836066186, 0.00328733376227, -0.00120282405987, 0.000353415176505, -0.00402659364045, 0.00327954930253, 0.000576104677748, 0.000635215081275, -0.0020483455155], [-0.00015058281133, -0.000106498795503, 0.00370800355449, -0.0132836066186, 0.0246475916356, -0.0128262778744, -0.000718493305612, 0.00276443827897, -0.00068700092379, 0.000103487742308, -0.00216498970985, -0.00058030767832, 0.00207468424924], [0.000138396630064, 0.000786034273915, -0.00221158377826, 0.00328733376227, -0.0128262778744, 0.0276984740049, -0.0180037021637, 0.000962604710367, 0.00776932155713, -0.00696667609736, -0.000249367993092, 0.000118473246403, -0.00179929705337], [-0.000552581623197, -0.00188160187099, 0.00392398703843, -0.00120282405987, -0.000718493305612, -0.0180037021637, 0.0346344001591, -0.0146539313719, -0.00419690366834, 0.00711950380355, -0.0019165345002, 0.000484284741106, 0.000867391587235], [0.000696052680723, 0.000465458462713, -0.00281850062311, 0.000353415176505, 0.00276443827897, 0.000962604710367, -0.0146539313719, 0.0318298116326, -0.0104950163513, -0.00683173863217, 0.00636812672019, -0.00402321247384, 0.000342846644344], [-0.000593339675106, 0.000798082386609, 0.00109621114098, -0.00402659364045, -0.00068700092379, 0.00776932155713, -0.00419690366834, -0.0104950163513, 0.0329179726541, -0.0154070416465, -0.0032648157794, 0.00293762260117, -0.00217751692981], [0.000425859412644, -0.000573735742364, -0.000136318150908, 0.00327954930253, 0.000103487742308, -0.00696667609736, 0.00711950380355, -0.00683173863217, -0.0154070416465, 0.0371698103845, -0.0162204690278, 0.000662134320009, 0.00107486045454], [-9.07739959075e-05, -0.00126137840562, 0.000723833160009, 0.000576104677748, -0.00216498970985, -0.000249367993092, -0.0019165345002, 0.00636812672019, -0.0032648157794, -0.0162204690278, 0.0439037159085, -0.0229584425688, 0.00212245131843], [3.02191274386e-05, 0.0011144700693, -0.00102411827538, 0.000635215081275, -0.00058030767832, 0.000118473246403, 0.000484284741106, -0.00402321247384, 0.00293762260117, 0.000662134320009, -0.0229584425688, 0.0489256009459, -0.0215658415109], [-0.000294453406241, 0.000820498738904, -0.000127738137962, -0.0020483455155, 0.00207468424924, -0.00179929705337, 0.000867391587235, 0.000342846644344, -0.00217751692981, 0.00107486045454, 0.00212245131843, -0.0215658415109, 0.0306278504431]]
    spectral_contrast:
        mean: [4.19677775199e-07, 1.01379875161e-07, -4.92495303206e-07, 4.62607403051e-07, 1.86502759902e-07, 5.89531509831e-07, 8.89564660156e-07, 1.91012091477e-07, -3.7426173094e-07, 3.80804362976e-06, -8.31138265767e-07, -4.17731507696e-06]
        var: [9.37287768465e-05, 0.000179774666321, 0.000588224211242, 0.00129566621035, 0.00412900885567, 0.0111200856045, 0.0184601955116, 0.0483711324632, 0.0928748548031, 0.277219861746, 0.671057403088, 2.30094146729]

rhythm:
    beats_loudness:
        dmean: 0.00426250696182
        dmean2: 0.00737995561212
        dvar: 1.56106416398e-05
        dvar2: 4.2109440983e-05
        max: 0.0130805931985
        mean: 0.00344142713584
        min: 2.1164671125e-05
        var: 1.47927530634e-05
    beats_loudness_bass:
        dmean: 0.319758921862
        dmean2: 0.605002582073
        dvar: 0.0510079301894
        dvar2: 0.0935390740633
        max: 0.898870587349
        mean: 0.607507944107
        min: 0.0777862146497
        var: 0.0866306051612
    bpm: 75.5643539429
    bpm_confidence: 0
    first_peak_bpm: 75
    first_peak_spread: 0
    first_peak_weight: 0.909090936184
    onset_rate: 4.68546581268
    second_peak_bpm: 55
    second_peak_spread: 0
    second_peak_weight: 0.0909090936184
    beats_position: [0.140315815806, 0.941223919392, 1.74213218689, 2.54304027557, 3.34394836426, 4.14485645294, 4.94576454163, 6.04200267792, 6.83150482178, 7.62100744247, 8.41051006317, 9.20001220703]
    bpm_estimates: [74.9611587524, 74.8656616211, 74.9109725952, 74.9220962524, 75.9409713745, 75.9333877563, 75.9376449585, 76.0884552002, 76.0265655518, 76.0567016602]
    bpm_intervals: [0.800908088684, 0.800908267498, 0.800908088684, 0.800908088684, 0.800908088684, 0.800908088684, 1.09623813629, 0.78950214386, 0.789502620697, 0.789502620697, 0.78950214386]
    onset_times: [0.0580498874187, 0.162539675832, 0.290249437094, 0.684988677502, 0.96362811327, 1.09133791924, 1.31192743778, 1.90403628349, 2.06657600403, 2.32199549675, 2.56580495834, 2.70512461662, 2.99537420273, 3.20435380936, 3.3785033226, 3.5178232193, 3.68036270142, 3.79646253586, 4.14476203918, 4.3073015213, 4.53950119019, 4.73687076569, 4.93424034119, 4.99229001999, 5.07356023788, 5.31736946106, 5.46829938889, 5.59600925446, 5.71210861206, 5.85142850876, 6.025578022, 6.42031764984, 6.61768722534, 6.88471651077, 7.12852621078, 7.41877555847, 7.65097522736, 7.85995483398, 7.89478445053, 8.05732440948, 8.2198638916, 8.47528362274, 9.0093421936, 9.38086128235, 9.65950107574, 9.79882049561, 10.0310201645]
    rubato_start: []
    rubato_stop: []
    perceptual_tempo: "unknown"

sfx:
    inharmonicity:
        dmean: 0.0289276633412
        dmean2: 0.0531554147601
        dvar: 0.00233408715576
        dvar2: 0.00664615724236
        max: 0.271052777767
        mean: 0.024403417483
        min: 1.1337552678e-05
        var: 0.00210588402115
    oddtoevenharmonicenergyratio:
        dmean: 2.6059987545
        dmean2: 4.99676847458
        dvar: 212.370773315
        dvar2: 632.753723145
        max: 206.945373535
        mean: 1.5378767252
        min: 5.58984465897e-05
        var: 108.406898499
    pitch_after_max_to_before_max_energy_ratio: 86.5912017822
    pitch_centroid: 193.492355347
    pitch_max_to_total: 0.00465116277337
    pitch_min_to_total: 0.565116286278
    tristimulus:
        dmean: [0.229616448283, 0.228713527322, 0.0829913690686]
        dmean2: [0.407896667719, 0.407283425331, 0.14230145514]
        dvar: [0.0600026659667, 0.0530352629721, 0.0159739088267]
        dvar2: [0.151649832726, 0.142306983471, 0.0450825989246]
        max: [0.990823030472, 0.990146458149, 0.682279586792]
        mean: [0.612079501152, 0.29115074873, 0.0833535119891]
        min: [0.000983720296063, 0, 0]
        var: [0.0969451442361, 0.0637940764427, 0.0197193007916]

tonal:
    chords_changes_rate: 0.0829493105412
    chords_number_rate: 0.0368663594127
    chords_strength:
        dmean: 0.017244162038
        dmean2: 0.0198215171695
        dvar: 0.000176750239916
        dvar2: 0.000266520597506
        max: 0.751525223255
        mean: 0.460453212261
        min: 0.253795236349
        var: 0.0112810991704
    key_strength: 0.516960203648
    tuning_diatonic_strength: 0.34956496954
    tuning_equal_tempered_deviation: 0.207388311625
    tuning_frequency: 435.700531006
    tuning_nontempered_energy_ratio: 0.870640158653
    hpcp:
        dmean: [0.132452949882, 0.136030808091, 0.102956600487, 0.133778482676, 0.168560147285, 0.145956516266, 0.129713863134, 0.122360140085, 0.117723338306, 0.105220019817, 0.0971022695303, 0.0765224769711, 0.0794422626495, 0.103091813624, 0.123940557241, 0.113960802555, 0.0784028917551, 0.0863403975964, 0.112474665046, 0.115115232766, 0.145923137665, 0.126562580466, 0.115771226585, 0.119153656065, 0.100682429969, 0.123833149672, 0.144232526422, 0.187205657363, 0.162241578102, 0.12546569109, 0.113697946072, 0.124046340585, 0.104024887085, 0.0972394272685, 0.095163628459, 0.113699182868]
        dmean2: [0.23691239953, 0.246495619416, 0.182809576392, 0.231386512518, 0.308332443237, 0.262901157141, 0.229229360819, 0.219631686807, 0.197529643774, 0.175442397594, 0.168424829841, 0.136835679412, 0.148578211665, 0.185496360064, 0.21342267096, 0.189945682883, 0.136278003454, 0.152733802795, 0.200059264898, 0.207753092051, 0.26385101676, 0.225435763597, 0.206014856696, 0.227212488651, 0.185231626034, 0.230810210109, 0.260903000832, 0.319410204887, 0.283467948437, 0.222144782543, 0.183139070868, 0.215313389897, 0.188419863582, 0.180244624615, 0.179801508784, 0.202153339982]
        dvar: [0.062601082027, 0.0597452484071, 0.0321223884821, 0.0505107715726, 0.0666789114475, 0.0588327497244, 0.0508318804204, 0.0482036173344, 0.0406180173159, 0.0387018360198, 0.0311960652471, 0.022490920499, 0.0251630991697, 0.0389369726181, 0.0494946874678, 0.0359951741993, 0.0199280586094, 0.0246458090842, 0.0529843531549, 0.0507440157235, 0.0647569000721, 0.0552936531603, 0.0389507301152, 0.0527692809701, 0.0496626123786, 0.0564633049071, 0.0532455481589, 0.0784196779132, 0.0462606362998, 0.049102589488, 0.040512945503, 0.0530757158995, 0.0370712354779, 0.0341353937984, 0.0396717451513, 0.045050855726]
        dvar2: [0.161600723863, 0.161533266306, 0.0943421348929, 0.125095948577, 0.161740243435, 0.1587600559, 0.136056855321, 0.129878282547, 0.100752867758, 0.0775877609849, 0.079522266984, 0.0624182000756, 0.070263132453, 0.0969321578741, 0.116194441915, 0.0841447710991, 0.0474706478417, 0.0643799453974, 0.133517384529, 0.126672461629, 0.179091885686, 0.126474127173, 0.100605010986, 0.180118381977, 0.133745655417, 0.167088896036, 0.140753269196, 0.200953230262, 0.116833165288, 0.138010084629, 0.0871373265982, 0.138921931386, 0.103432893753, 0.0974212139845, 0.106465905905, 0.119567252696]
        max: [1, 1, 1, 1, 1, 1, 1, 1, 1, 1, 1, 1, 1, 1, 1, 1, 1, 1, 1, 1, 1, 1, 1, 1, 1, 1, 1, 1, 1, 1, 1, 1, 1, 1, 1, 1]
        mean: [0.152106001973, 0.136172860861, 0.104985952377, 0.143259108067, 0.170190781355, 0.141562312841, 0.130666419864, 0.139116704464, 0.142945691943, 0.134978502989, 0.105282358825, 0.0809710770845, 0.0769174024463, 0.106326915324, 0.159830704331, 0.148811563849, 0.0964770540595, 0.0836067721248, 0.10277274996, 0.109210327268, 0.125652641058, 0.144287660718, 0.113269083202, 0.092372611165, 0.0908761695027, 0.0929884985089, 0.141458451748, 0.181183338165, 0.138257607818, 0.116973444819, 0.145238697529, 0.12893974781, 0.0916642397642, 0.0774344727397, 0.0843755304813, 0.114771619439]
        min: [0, 0, 0, 4.44128418167e-05, 6.24681997579e-05, 2.62676985585e-05, 3.39815487678e-05, 0, 0, 0, 0, 0, 0, 0, 0, 0, 3.28515343426e-05, 2.05617889151e-05, 1.4072364138e-05, 3.14608296321e-05, 3.34012074745e-05, 2.82836590486e-05, 2.72586894425e-05, 0, 0, 0, 0, 0, 0, 0, 0, 0, 0, 0, 0, 0]
        var: [0.0819253176451, 0.0652969628572, 0.0337907783687, 0.070878110826, 0.0833423361182, 0.0669314414263, 0.0608969181776, 0.0650471374393, 0.0676120072603, 0.0706534385681, 0.0400919504464, 0.0269232634455, 0.0241653863341, 0.0408188775182, 0.081621594727, 0.0654194578528, 0.0368089713156, 0.0282012913376, 0.0517382994294, 0.0569347068667, 0.0621345713735, 0.0836992636323, 0.0488555431366, 0.0421439483762, 0.0492256693542, 0.0399959310889, 0.0581505671144, 0.0881127566099, 0.0487090311944, 0.0470111630857, 0.0728017240763, 0.064559713006, 0.0348844565451, 0.0270211603492, 0.0342886596918, 0.0501174852252]
    chords_histogram: [40.0921669006, 1.38248848915, 0, 0, 0, 0, 0, 5.99078321457, 0, 1.38248848915, 10.1382484436, 17.0506916046, 0.921658992767, 0, 0, 21.6589870453, 1.38248848915, 0, 0, 0, 0, 0, 0, 0]
    thpcp: [1, 0.763081252575, 0.645608186722, 0.80161178112, 0.711653470993, 0.50591981411, 0.427381873131, 0.465691447258, 0.633455693722, 0.839514315128, 0.751574993134, 0.579445958138, 0.790685892105, 0.939329087734, 0.781320810318, 0.721183419228, 0.767822861671, 0.788956046104, 0.74498295784, 0.581081926823, 0.446901351213, 0.424528002739, 0.586847066879, 0.882149040699, 0.821331381798, 0.532483041286, 0.461448460817, 0.567230701447, 0.60276144743, 0.693511009216, 0.796362757683, 0.625162780285, 0.509829521179, 0.501570224762, 0.513228774071, 0.780747592449]
    chords_key: "F#"
    chords_scale: "major"
    key_key: "F#"
    key_scale: "major"
    chords_progression: ["Bm", "Bm", "Bm", "Bm", "Bm", "Bm", "Bm", "Bm", "F", "F", "F", "F", "F", "F", "F", "F", "F", "F", "F", "F", "F", "F", "F", "F", "F", "F", "Am", "C", "C", "Am", "Am", "Am", "Am", "Am", "Am", "Am", "Am", "Am", "Am", "Am", "Am", "Am", "Am", "Am", "Am", "Am", "Am", "Am", "Am", "Am", "Am", "Am", "Am", "Am", "Am", "Am", "Am", "Am", "Am", "Am", "Am", "Am", "Am", "Am", "Am", "F", "F", "F", "F", "Dm", "Dm", "Dm", "F#", "F#", "F#", "F#", "F#", "F#", "F#", "D", "D", "D", "Bm", "Bm", "Bm", "Bm", "Bm", "Gm", "Gm", "F#", "F#", "F#", "F#", "Gm", "F#", "F#", "F#", "F#", "F#", "F#", "F#", "F#", "F#", "F#", "F#", "F#", "F#", "F#", "F#", "F#", "F#", "F#", "F#", "F#", "F#", "F#", "F#", "F#", "F#", "F#", "F#", "F#", "F#", "F#", "F#", "F#", "F#", "F#", "F#", "F#", "F#", "F#", "F#", "F#", "F#", "F#", "F#", "F#", "F#", "F#", "A#m", "A#m", "A#m", "Bm", "Bm", "Bm", "Bm", "Bm", "Bm", "Bm", "Bm", "Bm", "Bm", "Bm", "Bm", "Bm", "Bm", "Bm", "Bm", "Bm", "Bm", "Bm", "Bm", "Bm", "Bm", "Bm", "Bm", "Bm", "Bm", "Bm", "Bm", "Bm", "Bm", "Bm", "Bm", "Bm", "Bm", "F#", "F#", "F#", "F#", "F#", "F#", "F#", "F#", "F#", "F#", "F#", "F#", "F#", "F#", "Gm", "Gm", "Gm", "Gm", "Gm", "Gm", "Gm", "Gm", "Gm", "Gm", "F#", "F#", "F#", "F#", "F#", "F#", "F#", "F#", "F#", "F#", "F#", "F#", "F#", "F#", "F#", "F#"]
