
metadata:
    version:
        essentia: "1.2.2"
    audio_properties:
        analysis_sample_rate: 44100
        bitrate: 128
        channels: 2
        equal_loudness: 1
        length: 10.0310201645
        replay_gain: -2.63418006897
        downmix: "mix"
    tags:
        track: 28
        year: 0
        album: "Splitted by Mp3Splt v. 2.1"
        artist: "From 004.30 To 004.40"
        comment: "http://mp3splt.sf.net"
        genre: ""
        title: "13 Backward Country Boy Blues"

highlevel:
    ballroom:
        all:
            ChaChaCha: 0.022773033008
            Jive: 0.0908832624555
            Quickstep: 0.459365308285
            Rumba-American: 0.00799035467207
            Rumba-International: 0.100150242448
            Rumba-Misc: 0.0301967412233
            Samba: 0.114785447717
            Tango: 0.0190272033215
            VienneseWaltz: 0.0941009446979
            Waltz: 0.0607274547219
        probability: 0.459365308285
        value: "Quickstep"
    culture:
        all:
            non_western: 0.444561809301
            western: 0.555438160896
        probability: 0.555438160896
        value: "western"
    gender:
        all:
            female: 0.66653162241
            male: 0.33346837759
        probability: 0.66653162241
        value: "female"
    genre_dortmund:
        all:
            alternative: 0.0328607745469
            blues: 0.00763971637934
            electronic: 0.10260707885
            folkcountry: 0.0562318377197
            funksoulrnb: 0.0182181429118
            jazz: 0.682915866375
            pop: 0.0268120095134
            raphiphop: 0.00185975152999
            rock: 0.0708548054099
        probability: 0.682915866375
        value: "jazz"
    genre_electronica:
        all:
            ambient: 0.791742563248
            dnb: 0.133013904095
            house: 0.00620863959193
            techno: 0.00738124875352
            trance: 0.0616536475718
        probability: 0.791742563248
        value: "ambient"
    genre_rosamerica:
        all:
            cla: 0.0581711493433
            dan: 0.0768453702331
            hip: 0.0224344022572
            jaz: 0.652752935886
            pop: 0.109181582928
            rhy: 0.0437205061316
            roc: 0.0316974334419
            spe: 0.00519661419094
        probability: 0.652752935886
        value: "jaz"
    genre_tzanetakis:
        all:
            blu: 0.00258207065053
            cla: 0.0155472038314
            cou: 0.039684548974
            dis: 0.064307294786
            hip: 0.00773969618604
            jaz: 0.594334721565
            met: 0.00311039458029
            pop: 0.176461845636
            reg: 0.0434878617525
            roc: 0.0527443625033
        probability: 0.594334721565
        value: "jaz"
    live_studio:
        all:
            live: 0.0384406074882
            studio: 0.961559414864
        probability: 0.961559414864
        value: "studio"
    mood:
        all:
            Cluster1: 0.223465189338
            Cluster2: 0.29504519701
            Cluster3: 0.192541331053
            Cluster4: 0.161005914211
            Cluster5: 0.127942368388
        probability: 0.29504519701
        value: "Cluster2"
    mood_acoustic:
        all:
            acoustic: 0.754347026348
            not_acoustic: 0.245652973652
        probability: 0.754347026348
        value: "acoustic"
    mood_aggressive:
        all:
            aggressive: 0.0413174554706
            not_aggressive: 0.958682537079
        probability: 0.958682537079
        value: "not_aggressive"
    mood_electronic:
        all:
            electronic: 0.561896264553
            not_electronic: 0.438103765249
        probability: 0.561896264553
        value: "electronic"
    mood_happy:
        all:
            happy: 0.441642463207
            not_happy: 0.558357536793
        probability: 0.558357536793
        value: "not_happy"
    mood_party:
        all:
            not_party: 0.812434256077
            party: 0.187565743923
        probability: 0.812434256077
        value: "not_party"
    mood_relaxed:
        all:
            not_relaxed: 0.0563778057694
            relaxed: 0.943622171879
        probability: 0.943622171879
        value: "relaxed"
    mood_sad:
        all:
            not_sad: 0.411194592714
            sad: 0.588805377483
        probability: 0.588805377483
        value: "sad"
    rhythm:
        all:
            fast: 0.248648181558
            medium: 0.719785153866
            slow: 0.0315666459501
        probability: 0.719785153866
        value: "medium"
    speech_music:
        all:
            music: 0.74099779129
            speech: 0.259002178907
        probability: 0.74099779129
        value: "music"
    timbre:
        all:
            bright: 0.776102662086
            dark: 0.223897352815
        probability: 0.776102662086
        value: "bright"
    voice_instrumental:
        all:
            instrumental: 0.991394042969
            voice: 0.00860594119877
        probability: 0.991394042969
        value: "instrumental"

lowlevel:
    average_loudness: 0.850825130939
    barkbands_kurtosis:
        dmean: 1.57351970673
        dmean2: 2.38532853127
        dvar: 3.92447423935
        dvar2: 8.23094654083
        max: 17.8080024719
        mean: 1.75708973408
        min: -1.80514335632
        var: 11.5567064285
    barkbands_skewness:
        dmean: 0.462699949741
        dmean2: 0.702665150166
        dvar: 0.197191104293
        dvar2: 0.426241755486
        max: 3.82987093925
        mean: 1.23805212975
        min: -1.18125987053
        var: 0.760069549084
    barkbands_spread:
        dmean: 4.9621758461
        dmean2: 7.7357840538
        dvar: 23.2623577118
        dvar2: 52.9441146851
        max: 66.2330474854
        mean: 24.0797977448
        min: 4.86922502518
        var: 167.45539856
    dissonance:
        dmean: 0.0253594126552
        dmean2: 0.0427612252533
        dvar: 0.000518928223755
        dvar2: 0.00140324619133
        max: 0.499083340168
        mean: 0.437402099371
        min: 0.309639513493
        var: 0.00167275487911
    hfc:
        dmean: 0.826345682144
        dmean2: 1.12641298771
        dvar: 0.863972127438
        dvar2: 1.82371199131
        max: 13.1382379532
        mean: 2.71076774597
        min: 2.70950840786e-06
        var: 4.09217500687
    pitch:
        dmean: 580.833312988
        dmean2: 1136.42297363
        dvar: 1511608
        dvar2: 3790632.5
        max: 4410
        mean: 888.554992676
        min: 86.4705886841
        var: 1962465.75
    pitch_instantaneous_confidence:
        dmean: 0.0812357142568
        dmean2: 0.125433191657
        dvar: 0.00546541949734
        dvar2: 0.0114985499531
        max: 0.827558517456
        mean: 0.467523604631
        min: 0.169813930988
        var: 0.0258184894919
    pitch_salience:
        dmean: 0.0657288655639
        dmean2: 0.104236930609
        dvar: 0.00344454939477
        dvar2: 0.00732963625342
        max: 0.934396445751
        mean: 0.596754610538
        min: 0.242020368576
        var: 0.0105757890269
    silence_rate_20dB:
        dmean: 0
        dmean2: 0
        dvar: 0
        dvar2: 0
        max: 1
        mean: 1
        min: 1
        var: 0
    silence_rate_30dB:
        dmean: 0
        dmean2: 0
        dvar: 0
        dvar2: 0
        max: 1
        mean: 1
        min: 1
        var: 0
    silence_rate_60dB:
        dmean: 0.12037037313
        dmean2: 0.238979116082
        dvar: 0.105880975723
        dvar2: 0.232912793756
        max: 1
        mean: 0.600461900234
        min: 0
        var: 0.239907562733
    spectral_centroid:
        dmean: 221.687011719
        dmean2: 348.531005859
        dvar: 63441.75
        dvar2: 146846.28125
        max: 2834.21582031
        mean: 1029.19311523
        min: 355.988952637
        var: 262496.15625
    spectral_complexity:
        dmean: 1.74709975719
        dmean2: 2.65116286278
        dvar: 3.46968436241
        dvar2: 8.38992977142
        max: 24
        mean: 6.53703689575
        min: 0
        var: 15.7115926743
    spectral_crest:
        dmean: 2.59953451157
        dmean2: 4.15086889267
        dvar: 6.89974498749
        dvar2: 15.5372247696
        max: 23.1066932678
        mean: 9.36112213135
        min: 2.59134459496
        var: 17.2267627716
    spectral_decrease:
        dmean: 3.11724202007e-10
        dmean2: 4.26866236802e-10
        dvar: 1.64634364777e-19
        dvar2: 3.84696913329e-19
        max: -1.16617198601e-15
        mean: -8.57211801542e-10
        min: -6.19112716649e-09
        var: 6.56134240935e-19
    spectral_energy:
        dmean: 0.00123753154185
        dmean2: 0.0016903700307
        dvar: 2.51953042607e-06
        dvar2: 5.88680813962e-06
        max: 0.0242820009589
        mean: 0.00348118902184
        min: 4.6471622106e-09
        var: 1.03254178612e-05
    spectral_energyband_high:
        dmean: 4.72063002235e-05
        dmean2: 7.05883139744e-05
        dvar: 4.1737755474e-09
        dvar2: 8.06189870417e-09
        max: 0.000700688455254
        mean: 0.000113271133159
        min: 3.25813022395e-11
        var: 7.95448418245e-09
    spectral_energyband_low:
        dmean: 0.000107777828816
        dmean2: 0.000166144687682
        dvar: 3.84448597401e-08
        dvar2: 7.4392858096e-08
        max: 0.00304747745395
        mean: 0.000181581097422
        min: 6.4307381642e-10
        var: 1.25215876778e-07
    spectral_energyband_middle_high:
        dmean: 0.000298559520161
        dmean2: 0.000403532467317
        dvar: 2.21392753019e-07
        dvar2: 4.49032114602e-07
        max: 0.00747836660594
        mean: 0.000773399253376
        min: 6.68933353154e-10
        var: 9.16159933695e-07
    spectral_energyband_middle_low:
        dmean: 0.00102549220901
        dmean2: 0.00143605028279
        dvar: 2.26826477956e-06
        dvar2: 5.13505437993e-06
        max: 0.0220903269947
        mean: 0.00241293595172
        min: 3.18071591288e-09
        var: 6.79747518006e-06
    spectral_flatness_db:
        dmean: 0.0180289559066
        dmean2: 0.0286274887621
        dvar: 0.000314202217851
        dvar2: 0.000604153843597
        max: 0.261879116297
        mean: 0.16840107739
        min: 0.0878136977553
        var: 0.00144902919419
    spectral_flux:
        dmean: 0.00866390671581
        dmean2: 0.0143481325358
        dvar: 0.000108798521978
        dvar2: 0.000262408488197
        max: 0.0963446944952
        mean: 0.0277148652822
        min: 6.81700985297e-05
        var: 0.000207891338505
    spectral_kurtosis:
        dmean: 1.1960337162
        dmean2: 1.9724509716
        dvar: 2.40787863731
        dvar2: 6.54988145828
        max: 22.4560508728
        mean: 4.09677791595
        min: 1.06368923187
        var: 6.60239171982
    spectral_rms:
        dmean: 0.000308733666316
        dmean2: 0.000413532543462
        dvar: 8.91969875738e-08
        dvar2: 2.0504715792e-07
        max: 0.00486721238121
        mean: 0.0016736848047
        min: 2.12927625398e-06
        var: 5.95062374487e-07
    spectral_rolloff:
        dmean: 523.79095459
        dmean2: 917.664611816
        dvar: 481588.71875
        dvar2: 1055944.5
        max: 4758.83789062
        mean: 2011.81030273
        min: 344.53125
        var: 1683569.375
    spectral_skewness:
        dmean: 0.185609355569
        dmean2: 0.289037913084
        dvar: 0.0336952507496
        dvar2: 0.0767761170864
        max: 3.57388806343
        mean: 1.61597418785
        min: 0.818229913712
        var: 0.191080778837
    spectral_spread:
        dmean: 462869.28125
        dmean2: 661421.3125
        dvar: 891650113536
        dvar2: 1.02159194522e+12
        max: 20607278
        mean: 4975277
        min: 1981193.75
        var: 1.93475628237e+12
    spectral_strongpeak:
        dmean: 0.229353219271
        dmean2: 0.380950212479
        dvar: 0.109295159578
        dvar2: 0.239261657
        max: 2.69796895981
        mean: 0.455266207457
        min: 0
        var: 0.218137875199
    zerocrossingrate:
        dmean: 0.00872901827097
        dmean2: 0.0105627728626
        dvar: 5.4729211115e-05
        dvar2: 8.86684210855e-05
        max: 0.14453125
        mean: 0.0680395066738
        min: 0.0224609375
        var: 0.000747919897549
    barkbands:
        dmean: [3.27257723143e-08, 5.9759713622e-05, 5.49906872038e-05, 0.0001698344131, 0.000257772480836, 0.000645123771392, 0.000111853005365, 0.000158022987307, 8.72383898241e-05, 6.14163000137e-05, 0.000176586632733, 2.66763672698e-05, 2.00405866053e-05, 2.17240540223e-05, 1.94709446077e-05, 1.68000151461e-05, 2.00627000595e-05, 3.74791525246e-05, 3.4960994526e-05, 4.1987561417e-05, 1.54022418428e-05, 7.71898066887e-06, 9.72691054812e-07, 3.00966348732e-07, 2.58860836766e-07, 1.27612036493e-08, 4.15707801515e-10]
        dmean2: [5.25559187281e-08, 9.09218360903e-05, 8.84705004864e-05, 0.000258732790826, 0.000455093511846, 0.000940363563132, 0.000180676070158, 0.000250574026722, 0.000135781199788, 9.78915923042e-05, 0.000238505075686, 4.2047140596e-05, 2.95568097499e-05, 3.31650808221e-05, 3.03155047732e-05, 2.70888085652e-05, 3.08750240947e-05, 5.88163056818e-05, 5.36339430255e-05, 6.38155906927e-05, 2.33018545259e-05, 1.18696043501e-05, 1.50262940224e-06, 4.19961196485e-07, 3.68101666481e-07, 1.69047709164e-08, 5.30643529117e-10]
        dvar: [6.73671137456e-15, 1.20556675753e-08, 1.14326788037e-08, 1.18420899753e-07, 2.78893480754e-07, 1.20355650779e-06, 2.21883578178e-08, 4.1426314823e-08, 3.89206213924e-08, 3.26754943103e-08, 1.33784268996e-07, 2.30649588318e-09, 1.00432451244e-09, 2.32523267307e-09, 1.42913081369e-09, 6.86911805214e-10, 8.19293077825e-10, 2.02180072684e-09, 2.67136379684e-09, 3.16816595181e-09, 4.63342864077e-10, 2.21795803945e-10, 1.82495706914e-12, 2.65180157564e-13, 2.03014593526e-13, 5.65143823479e-16, 2.98290758746e-17]
        dvar2: [8.78487346344e-15, 2.46864573228e-08, 2.20672742302e-08, 2.6144132903e-07, 7.80686036705e-07, 2.6213936053e-06, 5.61724995407e-08, 9.7930666243e-08, 9.24166272398e-08, 8.58731326048e-08, 2.62516493876e-07, 5.50441381364e-09, 1.96766780647e-09, 5.53547918614e-09, 3.11528736141e-09, 1.71871494814e-09, 2.12362483154e-09, 4.82456652406e-09, 6.08596106844e-09, 6.92878820985e-09, 9.48305545201e-10, 5.28662724708e-10, 3.3793512693e-12, 4.9048677446e-13, 3.7534095298e-13, 9.92826587476e-16, 3.02803062074e-17]
        max: [1.54668396135e-06, 0.00135996064637, 0.00173501984682, 0.00282720359974, 0.00433179177344, 0.0148329567164, 0.00167842884548, 0.00176125718281, 0.00243485555984, 0.00252308067866, 0.00461254315451, 0.000515356485266, 0.000459206406958, 0.00076649634866, 0.000422395620262, 0.000277725572232, 0.000576294609345, 0.000420921336627, 0.000501981354319, 0.000597719568759, 0.000201365735848, 0.00016572723689, 1.33618113978e-05, 6.5894423642e-06, 5.08889661432e-06, 2.83552338942e-07, 1.13958932957e-07]
        mean: [4.27441619877e-08, 9.19994781725e-05, 8.95440243767e-05, 0.000298157741781, 0.000311279552989, 0.00114929699339, 0.0002035403013, 0.000279199273791, 0.00015442201402, 9.83679274214e-05, 0.000302809494315, 4.73069121654e-05, 4.93828156323e-05, 4.14291462221e-05, 2.91834221571e-05, 2.57634401351e-05, 3.75847266696e-05, 6.69151631882e-05, 6.31705697742e-05, 9.11705501494e-05, 3.35426811944e-05, 1.34210613396e-05, 2.21317145588e-06, 8.00582427019e-07, 6.19835702764e-07, 2.84497811975e-08, 4.0838768478e-10]
        min: [1.46296141867e-10, 3.32954885884e-10, 1.90161469904e-10, 1.68675823309e-10, 3.91222887419e-10, 4.2593453764e-10, 4.93430407644e-10, 6.49034326283e-10, 9.62259161241e-10, 4.06376043927e-10, 1.54701335076e-10, 6.58539334175e-11, 1.8595906065e-11, 2.73066361189e-11, 5.01236552264e-12, 1.44098760702e-11, 1.37244902942e-11, 2.60850282346e-11, 1.86676316766e-11, 1.16146632242e-11, 6.46094549389e-12, 8.418615631e-12, 3.76419555248e-12, 2.73601085364e-12, 3.18365190981e-12, 2.51012838987e-12, 1.02078752623e-13]
        var: [8.54014108102e-15, 3.44143167297e-08, 3.51636302298e-08, 2.90700455707e-07, 2.31388540328e-07, 2.95113727589e-06, 5.33104795863e-08, 1.04058067052e-07, 6.92661927815e-08, 5.53082522003e-08, 3.33342796921e-07, 4.82922368761e-09, 5.75789504964e-09, 6.8728125413e-09, 2.31053154387e-09, 1.00571850847e-09, 3.30299054774e-09, 3.42339379067e-09, 4.15505807538e-09, 5.31422816863e-09, 7.98984989281e-10, 2.72991101946e-10, 4.30195939635e-12, 5.90904658104e-13, 4.55584571804e-13, 1.44427937237e-15, 2.99676716406e-17]
    mfcc:
        mean: [-753.501220703, 127.489532471, -25.2059059143, 50.2427444458, -28.7970409393, -11.6083726883, -2.05098199844, -14.3450021744, -7.91069364548, -6.82182645798, 0.324512213469, -4.09306621552, -1.58666312695]
        cov: [[2624.1394043, 263.923095703, -194.689880371, -199.995773315, -70.7373352051, 63.6082420349, -46.3702354431, -97.5819244385, -104.06968689, -159.547103882, -126.224327087, -65.5096282959, -19.8048877716], [263.923095703, 792.135925293, -104.320739746, -232.753097534, -107.883613586, 34.3356399536, 20.2727241516, -77.5641098022, -122.566207886, -77.6319580078, -65.7455062866, -23.0596580505, -22.2548332214], [-194.689880371, -104.320739746, 397.8878479, 169.293731689, 59.6995658875, -6.96935367584, 63.690410614, 76.9531173706, 63.7874565125, 84.3387451172, 68.3441543579, 22.901222229, -22.721036911], [-199.995773315, -232.753097534, 169.293731689, 269.242736816, 98.226600647, -21.3431339264, -9.24850654602, 48.1089820862, 86.3836669922, 76.9466629028, 43.450592041, 5.89083719254, -15.8773088455], [-70.7373352051, -107.883613586, 59.6995658875, 98.226600647, 84.526725769, 18.7217979431, -1.80986821651, 21.8282241821, 36.5111312866, 27.9678649902, 15.0324430466, 2.13465476036, 3.42495346069], [63.6082420349, 34.3356399536, -6.96935367584, -21.3431339264, 18.7217979431, 64.0931854248, 25.8758392334, -10.3648347855, -11.2003364563, -7.17737483978, -2.10129904747, 6.35655117035, 21.4313545227], [-46.3702354431, 20.2727241516, 63.690410614, -9.24850654602, -1.80986821651, 25.8758392334, 80.4436340332, 36.5359992981, 9.72083091736, 18.2916870117, 23.2477741241, 19.4448623657, 11.3578681946], [-97.5819244385, -77.5641098022, 76.9531173706, 48.1089820862, 21.8282241821, -10.3648347855, 36.5359992981, 93.1331787109, 68.9986190796, 36.9623031616, 19.6816978455, 5.27158260345, -6.96663093567], [-104.06968689, -122.566207886, 63.7874565125, 86.3836669922, 36.5111312866, -11.2003364563, 9.72083091736, 68.9986190796, 102.897460938, 56.6437530518, 16.8781299591, -1.13296508789, -8.87115287781], [-159.547103882, -77.6319580078, 84.3387451172, 76.9466629028, 27.9678649902, -7.17737483978, 18.2916870117, 36.9623031616, 56.6437530518, 78.381652832, 39.5100784302, 8.81879234314, -7.66230916977], [-126.224327087, -65.7455062866, 68.3441543579, 43.450592041, 15.0324430466, -2.10129904747, 23.2477741241, 19.6816978455, 16.8781299591, 39.5100784302, 59.5822257996, 27.0719642639, 7.47822332382], [-65.5096282959, -23.0596580505, 22.901222229, 5.89083719254, 2.13465476036, 6.35655117035, 19.4448623657, 5.27158260345, -1.13296508789, 8.81879234314, 27.0719642639, 47.6998214722, 36.3566436768], [-19.8048877716, -22.2548332214, -22.721036911, -15.8773088455, 3.42495346069, 21.4313545227, 11.3578681946, -6.96663093567, -8.87115287781, -7.66230916977, 7.47822332382, 36.3566436768, 73.6571655273]]
        icov: [[0.000466008699732, -9.65719482338e-06, -6.50912406854e-05, 3.44157815562e-05, 0.000283468514681, -0.000610734568909, 0.000167439167853, 0.000146565667819, -0.000245475122938, 0.000739504816011, 0.000281376938801, 0.000208562443731, 0.000178135800525], [-9.65719482338e-06, 0.00207774783485, -0.000307483162032, 0.00097301293863, 0.00117470801342, -0.00106380612124, -0.000487470853841, 0.000242741894908, 0.00154281395953, -0.0010836943984, 0.00210882397369, -0.000650533998851, 0.00127317255829], [-6.50912406854e-05, -0.000307483162032, 0.00492470292374, -0.00274181575514, -0.000474129192298, 0.000493157596793, -0.00290924543515, -0.00191317347344, 0.00182444730308, -0.00155788112897, -0.00144355394877, -0.00104308023583, 0.00168299954385], [3.44157815562e-05, 0.00097301293863, -0.00274181575514, 0.0118008200079, -0.0099733453244, 0.0049650981091, 0.000997606082819, 0.00363455829211, -0.00412909779698, -0.00221031694673, -0.000286773371045, -0.00090423389338, 0.000958455202635], [0.000283468514681, 0.00117470801342, -0.000474129192298, -0.0099733453244, 0.0307436473668, -0.0172075275332, 0.00790408812463, -0.00621983641759, 0.00118991313502, -0.000282025575871, -0.000553352350835, 0.00182134285569, -0.000823685200885], [-0.000610734568909, -0.00106380612124, 0.000493157596793, 0.0049650981091, -0.0172075275332, 0.0331531912088, -0.0159408915788, 0.0109058162197, -0.00386936962605, 0.00134171359241, 0.000727844773792, 0.00403246935457, -0.0070105814375], [0.000167439167853, -0.000487470853841, -0.00290924543515, 0.000997606082819, 0.00790408812463, -0.0159408915788, 0.0299133900553, -0.0160559080541, 0.00689762784168, -0.00434306869283, -0.00344487070106, -0.00480720866472, 0.000456290144939], [0.000146565667819, 0.000242741894908, -0.00191317347344, 0.00363455829211, -0.00621983641759, 0.0109058162197, -0.0160559080541, 0.0346016101539, -0.0235423147678, 0.00770340720192, -0.00198393245228, 0.000733114196919, 0.000976110284682], [-0.000245475122938, 0.00154281395953, 0.00182444730308, -0.00412909779698, 0.00118991313502, -0.00386936962605, 0.00689762784168, -0.0235423147678, 0.0373329818249, -0.0200248342007, 0.00953694153577, 1.02153817352e-05, -0.000706996477675], [0.000739504816011, -0.0010836943984, -0.00155788112897, -0.00221031694673, -0.000282025575871, 0.00134171359241, -0.00434306869283, 0.00770340720192, -0.0200248342007, 0.0382082760334, -0.0188212580979, 0.00450386060402, 0.00118614896201], [0.000281376938801, 0.00210882397369, -0.00144355394877, -0.000286773371045, -0.000553352350835, 0.000727844773792, -0.00344487070106, -0.00198393245228, 0.00953694153577, -0.0188212580979, 0.0422849692404, -0.0208319444209, 0.0055433306843], [0.000208562443731, -0.000650533998851, -0.00104308023583, -0.00090423389338, 0.00182134285569, 0.00403246935457, -0.00480720866472, 0.000733114196919, 1.02153817352e-05, 0.00450386060402, -0.0208319444209, 0.0523755177855, -0.024371933192], [0.000178135800525, 0.00127317255829, 0.00168299954385, 0.000958455202635, -0.000823685200885, -0.0070105814375, 0.000456290144939, 0.000976110284682, -0.000706996477675, 0.00118614896201, 0.0055433306843, -0.024371933192, 0.0283400621265]]
    spectral_contrast:
        mean: [-3.52287855776e-07, 4.76871662158e-08, -1.63800663699e-07, -1.14763949455e-07, 1.52374724394e-07, 2.48628623467e-07, 2.11472320188e-06, -1.7702027435e-06, -2.04566731554e-06, 2.78499942397e-06, -2.60501269622e-06, -4.74629580083e-08]
        var: [0.000144874240505, 0.000484261137899, 0.000868840899784, 0.00213743047789, 0.00434154784307, 0.00993918906897, 0.0349728725851, 0.0770232826471, 0.117088355124, 0.253015130758, 0.301920622587, 1.36054217815]

rhythm:
    beats_loudness:
        dmean: 0.0027832579799
        dmean2: 0.00530400127172
        dvar: 7.27823226043e-06
        dvar2: 2.24844297918e-05
        max: 0.0119675546885
        mean: 0.00428570713848
        min: 0.000695558672305
        var: 1.09084166979e-05
    beats_loudness_bass:
        dmean: 0.0419544242322
        dmean2: 0.0649224743247
        dvar: 0.00170103029814
        dvar2: 0.00271469797008
        max: 0.175733447075
        mean: 0.0569853894413
        min: 0.00312191015109
        var: 0.00305351964198
    bpm: 123.547164917
    bpm_confidence: 0
    first_peak_bpm: 127
    first_peak_spread: 0
    first_peak_weight: 0.600000023842
    onset_rate: 4.58577489853
    second_peak_bpm: 122
    second_peak_spread: 0
    second_peak_weight: 0.34999999404
    beats_position: [0.213781043887, 0.686544179916, 1.15930736065, 1.63207042217, 2.10483336449, 2.57759642601, 3.05035948753, 3.52312278748, 3.99588608742, 4.46864938736, 4.94141244888, 5.41417598724, 5.88693904877, 6.45036745071, 6.94050931931, 7.4306511879, 7.92079257965, 8.41093444824, 8.90107631683, 9.39121818542, 9.88136005402]
    bpm_estimates: [125.845054626, 126.875274658, 126.937744141, 122.713317871, 122.491226196, 123.0104599, 124.193817139, 121.178695679, 122.525123596, 121.695724487, 121.552314758]
    bpm_intervals: [0.472763121128, 0.472763180733, 0.472763061523, 0.472762942314, 0.472763061523, 0.472763061523, 0.472763299942, 0.472763299942, 0.472763299942, 0.472763061523, 0.472763538361, 0.472763061523, 0.563428401947, 0.490141868591, 0.490141868591, 0.490141391754, 0.490141868591, 0.490141868591, 0.490141868591, 0.490141868591]
    onset_times: [0.0580498874187, 0.220589563251, 0.394739240408, 0.696598649025, 1.20743763447, 1.34675741196, 1.66022670269, 1.82276642323, 2.15945577621, 2.29877543449, 2.62385487556, 2.79800462723, 2.94893431664, 3.08825397491, 3.23918366432, 3.44816327095, 3.5758728981, 3.88934230804, 4.051882267, 4.19120168686, 4.36535167694, 4.5046710968, 4.67882108688, 5.0387301445, 5.1780500412, 5.3754196167, 5.5727891922, 5.67727899551, 6.14167785645, 6.35065746307, 6.52480745316, 6.93115663528, 6.98920631409, 7.16335582733, 7.37233543396, 7.50004529953, 8.01088428497, 8.23147392273, 8.26630401611, 8.45206356049, 8.66104316711, 9.0093421936, 9.33442211151, 9.4853515625, 9.62467098236, 9.9613609314]
    rubato_start: []
    rubato_stop: []
    perceptual_tempo: "unknown"

sfx:
    inharmonicity:
        dmean: 0.0338685028255
        dmean2: 0.0598599649966
        dvar: 0.00201247865334
        dvar2: 0.00595192192122
        max: 0.385395795107
        mean: 0.0346236228943
        min: 0.00014896907669
        var: 0.00193693069741
    oddtoevenharmonicenergyratio:
        dmean: 2.67268466949
        dmean2: 4.9061627388
        dvar: 47.0748710632
        dvar2: 130.0418396
        max: 71.06665802
        mean: 1.79199767113
        min: 0.000656794174574
        var: 31.4980869293
    pitch_after_max_to_before_max_energy_ratio: 10.7313346863
    pitch_centroid: 161.045440674
    pitch_max_to_total: 0.0972222238779
    pitch_min_to_total: 0.0949074104428
    tristimulus:
        dmean: [0.231407508254, 0.253252387047, 0.0987889990211]
        dmean2: [0.395598381758, 0.437764286995, 0.178746417165]
        dvar: [0.0362989231944, 0.0454428829253, 0.0151222264394]
        dvar2: [0.0969099253416, 0.128457948565, 0.041519228369]
        max: [0.961899697781, 0.999179661274, 0.685560107231]
        mean: [0.420482009649, 0.450334817171, 0.0909389108419]
        min: [0.000820332032163, 0, 0]
        var: [0.0536131821573, 0.0595846623182, 0.0146870724857]

tonal:
    chords_changes_rate: 0.055299539119
    chords_number_rate: 0.0184331797063
    chords_strength:
        dmean: 0.00665414333344
        dmean2: 0.00662771845236
        dvar: 4.25386388088e-05
        dvar2: 4.50543702755e-05
        max: 0.639977872372
        mean: 0.531638562679
        min: 0.300425648689
        var: 0.00901912618428
    key_strength: 0.766519665718
    tuning_diatonic_strength: 0.611824035645
    tuning_equal_tempered_deviation: 0.15360674262
    tuning_frequency: 438.984558105
    tuning_nontempered_energy_ratio: 0.734545350075
    hpcp:
        dmean: [0.0988145694137, 0.0871029272676, 0.142439097166, 0.162260591984, 0.0874828994274, 0.0578034333885, 0.0827788636088, 0.0970468595624, 0.163543328643, 0.268177509308, 0.195582792163, 0.0677620172501, 0.0570433624089, 0.0735093429685, 0.0804795101285, 0.0695319473743, 0.059393517673, 0.0841805264354, 0.11191496253, 0.113942533731, 0.114704936743, 0.117609977722, 0.119049139321, 0.251067638397, 0.25571924448, 0.275036394596, 0.129759252071, 0.0765868201852, 0.12694825232, 0.129968330264, 0.113356344402, 0.119846820831, 0.122999534011, 0.112500920892, 0.104340858757, 0.11546997726]
        dmean2: [0.161282137036, 0.142947539687, 0.24540784955, 0.287931770086, 0.149259328842, 0.0969092398882, 0.13963124156, 0.160090640187, 0.256263017654, 0.427086442709, 0.29518610239, 0.113133862615, 0.0983621999621, 0.126566573977, 0.137293502688, 0.117144607008, 0.0973964780569, 0.142120093107, 0.200034558773, 0.203074097633, 0.199785128236, 0.199229329824, 0.204224079847, 0.424962550402, 0.433593183756, 0.475086927414, 0.234708353877, 0.132446870208, 0.218248471618, 0.220254018903, 0.190695151687, 0.200784564018, 0.206319466233, 0.191865965724, 0.180878549814, 0.196484997869]
        dvar: [0.02085811086, 0.0233847387135, 0.0528431460261, 0.0642126947641, 0.0234366096556, 0.012391387485, 0.0208366904408, 0.0198837760836, 0.0246369726956, 0.0662203282118, 0.0303262732923, 0.01009070687, 0.0118988258764, 0.0158927999437, 0.022514892742, 0.013540148735, 0.00812735594809, 0.0171500109136, 0.0335720479488, 0.0322056934237, 0.0288900937885, 0.0274836141616, 0.0230219680816, 0.05189954862, 0.0785727798939, 0.0612652823329, 0.0282740872353, 0.0127830812708, 0.0424646474421, 0.0329917781055, 0.0290383864194, 0.0354211293161, 0.0430673882365, 0.0294666532427, 0.0213216226548, 0.0296597611159]
        dvar2: [0.0512478910387, 0.0622519291937, 0.133561119437, 0.176196783781, 0.0608325898647, 0.0342431180179, 0.0574459135532, 0.0522487834096, 0.0579781830311, 0.116959676147, 0.067611657083, 0.0273024402559, 0.0344407372177, 0.0440097860992, 0.0622006431222, 0.0351417995989, 0.020806863904, 0.0431019440293, 0.070364639163, 0.0795701816678, 0.0771982744336, 0.0728408694267, 0.0644113868475, 0.140716060996, 0.165452107787, 0.190431922674, 0.0741433128715, 0.0315483622253, 0.111876733601, 0.0935607254505, 0.0704002380371, 0.0917942672968, 0.107984229922, 0.0717617347836, 0.0564499422908, 0.0713862106204]
        max: [1, 1, 1, 1, 1, 0.898962795734, 1, 0.990023553371, 1, 1, 1, 0.63337212801, 0.792429149151, 0.900520324707, 1, 0.742289662361, 0.74771052599, 0.95119202137, 1, 1, 0.936202049255, 1, 1, 1, 1, 1, 1, 0.652586698532, 1, 1, 1, 1, 1, 1, 1, 1]
        mean: [0.148972511292, 0.107352122664, 0.134360432625, 0.141275420785, 0.0910703316331, 0.0662566572428, 0.104161664844, 0.130862385035, 0.259477049112, 0.455007761717, 0.310301184654, 0.0846145898104, 0.0694452226162, 0.086119517684, 0.0978385210037, 0.0911159813404, 0.0803048014641, 0.114219814539, 0.165529206395, 0.144078373909, 0.127729892731, 0.137260600924, 0.14361076057, 0.3290604949, 0.549290835857, 0.379331678152, 0.107741191983, 0.090422898531, 0.158889755607, 0.17974999547, 0.169826984406, 0.141367867589, 0.125218212605, 0.135013192892, 0.13705098629, 0.1677108109]
        min: [0, 0, 0, 0, 0, 0, 0, 0, 0, 0, 0, 0, 0, 0, 0, 0, 0, 0, 0, 0, 0, 0, 0, 0, 0, 0, 0, 0, 0, 0, 0, 0, 0, 0, 0, 0]
        var: [0.0439858771861, 0.0265622958541, 0.0513192899525, 0.0548565723002, 0.0271690711379, 0.0125129139051, 0.025886317715, 0.033998221159, 0.045945674181, 0.124042198062, 0.0590343810618, 0.012775445357, 0.0131031544879, 0.0234030950814, 0.029609631747, 0.0217521712184, 0.0148473232985, 0.0276329740882, 0.0720761418343, 0.0573130659759, 0.0380097813904, 0.0405805744231, 0.0364747755229, 0.0843182131648, 0.156498923898, 0.0986113771796, 0.023992549628, 0.0160911530256, 0.0588250048459, 0.0543975271285, 0.0680721327662, 0.0471096746624, 0.0439961999655, 0.0404576286674, 0.0322763100266, 0.0642647370696]
    chords_histogram: [52.9953918457, 0, 9.21658992767, 0, 0, 0, 0, 0, 0, 0, 9.67741966248, 0, 0, 0, 0, 0, 0, 28.1105995178, 0, 0, 0, 0, 0, 0]
    thpcp: [1, 0.690584421158, 0.19614598155, 0.164617523551, 0.289263427258, 0.327240109444, 0.309174984694, 0.257364332676, 0.227963417768, 0.245795458555, 0.249505326152, 0.305322438478, 0.271208792925, 0.195437669754, 0.24460709095, 0.257196038961, 0.1657961905, 0.120622180402, 0.189629346132, 0.238238796592, 0.472385555506, 0.828354895115, 0.564912378788, 0.154043331742, 0.126427054405, 0.156783089042, 0.178117886186, 0.165879309177, 0.146197229624, 0.207940503955, 0.301350742579, 0.262298882008, 0.232536002994, 0.249886929989, 0.261447578669, 0.599064230919]
    chords_key: "F"
    chords_scale: "major"
    key_key: "F"
    key_scale: "major"
    chords_progression: ["C", "C", "C", "C", "C", "C", "C", "C", "C", "C", "C", "C", "C", "C", "C", "C", "F", "C", "F", "C", "C", "C", "F", "F", "F", "F", "F", "F", "F", "F", "F", "F", "F", "F", "F", "F", "F", "F", "F", "Fm", "F", "F", "F", "F", "F", "F", "F", "F", "E", "E", "E", "E", "E", "E", "E", "E", "E", "E", "E", "E", "E", "E", "E", "E", "E", "E", "E", "E", "E", "F", "F", "F", "F", "F", "F", "F", "F", "F", "F", "F", "F", "F", "F", "F", "F", "F", "F", "F", "F", "F", "F", "F", "F", "F", "F", "F", "F", "F", "F", "F", "F", "F", "F", "F", "F", "F", "F", "F", "F", "F", "F", "F", "F", "F", "F", "F", "F", "F", "F", "F", "F", "F", "F", "F", "F", "F", "F", "F", "Fm", "Fm", "Fm", "Fm", "Fm", "Fm", "Fm", "Fm", "Fm", "Fm", "Fm", "Fm", "Fm", "Fm", "Fm", "Fm", "Fm", "Fm", "Fm", "Fm", "Fm", "Fm", "Fm", "Fm", "Fm", "Fm", "Fm", "Fm", "Fm", "Fm", "Fm", "Fm", "Fm", "Fm", "Fm", "Fm", "Fm", "Fm", "Fm", "Fm", "Fm", "Fm", "Fm", "Fm", "Fm", "Fm", "Fm", "Fm", "Fm", "Fm", "Fm", "Fm", "Fm", "Fm", "Fm", "Fm", "Fm", "Fm", "F", "F", "F", "F", "F", "F", "F", "F", "F", "F", "F", "F", "F", "F", "F", "F", "F", "F", "F", "F", "F", "F", "F", "F", "F", "F", "F", "F", "F", "Fm", "Fm"]
