
metadata:
    version:
        essentia: "1.2.2"
    audio_properties:
        analysis_sample_rate: 44100
        bitrate: 128
        channels: 2
        equal_loudness: 1
        length: 10.0832653046
        replay_gain: -5.06146430969
        downmix: "mix"
    tags:
        track: 23
        year: 0
        album: "Splitted by Mp3Splt v. 2.1"
        artist: "From 003.40 To 003.50"
        comment: "http://mp3splt.sf.net"
        genre: ""
        title: "05 On the Sunny Side of the St"

highlevel:
    ballroom:
        all:
            ChaChaCha: 0.00194692157675
            Jive: 0.00152631232049
            Quickstep: 0.00353902159259
            Rumba-American: 0.0420508682728
            Rumba-International: 0.385512322187
            Rumba-Misc: 0.270063489676
            Samba: 0.00227134674788
            Tango: 0.00232989969663
            VienneseWaltz: 0.046336248517
            Waltz: 0.244423553348
        probability: 0.385512322187
        value: "Rumba-International"
    culture:
        all:
            non_western: 0.0576636604965
            western: 0.942336320877
        probability: 0.942336320877
        value: "western"
    gender:
        all:
            female: 0.878872036934
            male: 0.121127933264
        probability: 0.878872036934
        value: "female"
    genre_dortmund:
        all:
            alternative: 0.0147418919951
            blues: 0.0526294820011
            electronic: 0.00711717410013
            folkcountry: 0.143918707967
            funksoulrnb: 0.00919950101525
            jazz: 0.718401968479
            pop: 0.0456706210971
            raphiphop: 0.000242099427851
            rock: 0.00807852111757
        probability: 0.718401968479
        value: "jazz"
    genre_electronica:
        all:
            ambient: 0.945065259933
            dnb: 0.00377241848037
            house: 0.0389981418848
            techno: 0.00731426803395
            trance: 0.00484992749989
        probability: 0.945065259933
        value: "ambient"
    genre_rosamerica:
        all:
            cla: 0.0379555895925
            dan: 0.00339526310563
            hip: 0.00108950829599
            jaz: 0.893979012966
            pop: 0.00901078712195
            rhy: 0.0476128607988
            roc: 0.00552702043205
            spe: 0.00142994220369
        probability: 0.893979012966
        value: "jaz"
    genre_tzanetakis:
        all:
            blu: 0.212591424584
            cla: 0.138081118464
            cou: 0.0294709578156
            dis: 0.0122420210391
            hip: 0.00980668514967
            jaz: 0.463461488485
            met: 0.00595784327015
            pop: 0.0532220155001
            reg: 0.0248262193054
            roc: 0.0503402203321
        probability: 0.463461488485
        value: "jaz"
    live_studio:
        all:
            live: 0.0260873008519
            studio: 0.973912715912
        probability: 0.973912715912
        value: "studio"
    mood:
        all:
            Cluster1: 0.163233041763
            Cluster2: 0.195691794157
            Cluster3: 0.462516844273
            Cluster4: 0.164623111486
            Cluster5: 0.0139351999387
        probability: 0.462516844273
        value: "Cluster3"
    mood_acoustic:
        all:
            acoustic: 0.975590467453
            not_acoustic: 0.0244095157832
        probability: 0.975590467453
        value: "acoustic"
    mood_aggressive:
        all:
            aggressive: 2.06000947856e-07
            not_aggressive: 0.999999821186
        probability: 0.999999821186
        value: "not_aggressive"
    mood_electronic:
        all:
            electronic: 0.290759801865
            not_electronic: 0.709240198135
        probability: 0.709240198135
        value: "not_electronic"
    mood_happy:
        all:
            happy: 0.0138292126358
            not_happy: 0.986170768738
        probability: 0.986170768738
        value: "not_happy"
    mood_party:
        all:
            not_party: 0.979903578758
            party: 0.0200964361429
        probability: 0.979903578758
        value: "not_party"
    mood_relaxed:
        all:
            not_relaxed: 0.0900448039174
            relaxed: 0.909955203533
        probability: 0.909955203533
        value: "relaxed"
    mood_sad:
        all:
            not_sad: 0.0736555084586
            sad: 0.926344513893
        probability: 0.926344513893
        value: "sad"
    rhythm:
        all:
            fast: 0.0186012554914
            medium: 0.970578372478
            slow: 0.0108203794807
        probability: 0.970578372478
        value: "medium"
    speech_music:
        all:
            music: 0.999593555927
            speech: 0.00040644290857
        probability: 0.999593555927
        value: "music"
    timbre:
        all:
            bright: 0.982622683048
            dark: 0.0173773169518
        probability: 0.982622683048
        value: "bright"
    voice_instrumental:
        all:
            instrumental: 0.811081469059
            voice: 0.188918545842
        probability: 0.811081469059
        value: "instrumental"

lowlevel:
    average_loudness: 0.962954461575
    barkbands_kurtosis:
        dmean: 19.0827960968
        dmean2: 30.5824108124
        dvar: 851.750732422
        dvar2: 2077.35839844
        max: 244.834518433
        mean: 41.9426956177
        min: -1.50698649883
        var: 3095.52587891
    barkbands_skewness:
        dmean: 1.27319014072
        dmean2: 1.99374961853
        dvar: 2.3871524334
        dvar2: 5.96142530441
        max: 13.6042442322
        mean: 4.27815580368
        min: -3.0598051548
        var: 10.6994638443
    barkbands_spread:
        dmean: 3.83419895172
        dmean2: 6.1340136528
        dvar: 27.4045581818
        dvar2: 66.8998641968
        max: 41.0543327332
        mean: 7.23270130157
        min: 0.457681983709
        var: 47.529914856
    dissonance:
        dmean: 0.0473229140043
        dmean2: 0.0805202126503
        dvar: 0.00227986881509
        dvar2: 0.00617402791977
        max: 0.49434363842
        mean: 0.398106396198
        min: 0.156231507659
        var: 0.0038661910221
    hfc:
        dmean: 0.616450548172
        dmean2: 0.947392821312
        dvar: 0.839696526527
        dvar2: 1.95705235004
        max: 7.28510332108
        mean: 1.29271125793
        min: 0.000631394272204
        var: 2.15109992027
    pitch:
        dmean: 66.96900177
        dmean2: 126.994125366
        dvar: 87149.046875
        dvar2: 255279.296875
        max: 4009.09082031
        mean: 250.418914795
        min: 43.06640625
        var: 56875.6914062
    pitch_instantaneous_confidence:
        dmean: 0.116062782705
        dmean2: 0.18784096837
        dvar: 0.0153431119397
        dvar2: 0.0339254289865
        max: 0.97622936964
        mean: 0.670681715012
        min: 0.142658114433
        var: 0.0373431816697
    pitch_salience:
        dmean: 0.0848735049367
        dmean2: 0.137066975236
        dvar: 0.00720691028982
        dvar2: 0.0169778708369
        max: 0.906477451324
        mean: 0.401735752821
        min: 0.154296040535
        var: 0.0174093283713
    silence_rate_20dB:
        dmean: 0
        dmean2: 0
        dvar: 0
        dvar2: 0
        max: 1
        mean: 1
        min: 1
        var: 0
    silence_rate_30dB:
        dmean: 0
        dmean2: 0
        dvar: 0
        dvar2: 0
        max: 1
        mean: 1
        min: 1
        var: 0
    silence_rate_60dB:
        dmean: 0.147126436234
        dmean2: 0.294930875301
        dvar: 0.125479787588
        dvar2: 0.244812488556
        max: 1
        mean: 0.651376128197
        min: 0
        var: 0.227085277438
    spectral_centroid:
        dmean: 98.2748794556
        dmean2: 154.055496216
        dvar: 23487.3769531
        dvar2: 50896.6367188
        max: 1711.3717041
        mean: 402.98538208
        min: 163.743209839
        var: 82212.7578125
    spectral_complexity:
        dmean: 0.930875599384
        dmean2: 1.53810620308
        dvar: 1.1933786869
        dvar2: 2.74739265442
        max: 11
        mean: 3.21379303932
        min: 0
        var: 3.41865801811
    spectral_crest:
        dmean: 3.05579137802
        dmean2: 4.95896482468
        dvar: 9.65533638
        dvar2: 23.1469764709
        max: 25.4622306824
        mean: 15.9897222519
        min: 4.95631742477
        var: 22.9935913086
    spectral_decrease:
        dmean: 3.6510297563e-10
        dmean2: 5.4903243063e-10
        dvar: 2.24378531419e-19
        dvar2: 4.91623836928e-19
        max: -2.06441715936e-13
        mean: -7.91332221972e-10
        min: -3.95342336645e-09
        var: 6.02052862294e-19
    spectral_energy:
        dmean: 0.00142821203917
        dmean2: 0.00214839400724
        dvar: 3.39278471984e-06
        dvar2: 7.45568149796e-06
        max: 0.0152033558115
        mean: 0.00310392165557
        min: 8.36428455386e-07
        var: 9.18408477446e-06
    spectral_energyband_high:
        dmean: 6.7508713073e-06
        dmean2: 1.11417730295e-05
        dvar: 3.50851042663e-10
        dvar2: 8.17781342644e-10
        max: 0.000148640348925
        mean: 7.61908586355e-06
        min: 1.03826387488e-08
        var: 3.67373631516e-10
    spectral_energyband_low:
        dmean: 6.82010067976e-05
        dmean2: 0.000110876746476
        dvar: 8.67963034779e-09
        dvar2: 2.2043254333e-08
        max: 0.000795399711933
        mean: 0.000174736458575
        min: 5.69994398347e-08
        var: 1.7675601427e-08
    spectral_energyband_middle_high:
        dmean: 0.000235740226344
        dmean2: 0.000370686961105
        dvar: 2.10710695114e-07
        dvar2: 5.24528445567e-07
        max: 0.00405528303236
        mean: 0.000350838556187
        min: 7.32147498184e-08
        var: 4.01852958021e-07
    spectral_energyband_middle_low:
        dmean: 0.00128389988095
        dmean2: 0.00190663477406
        dvar: 3.02965781884e-06
        dvar2: 6.55647954773e-06
        max: 0.0148778604344
        mean: 0.0025707280729
        min: 4.64439693815e-07
        var: 7.81046219345e-06
    spectral_flatness_db:
        dmean: 0.0396820940077
        dmean2: 0.0601794272661
        dvar: 0.00166446517687
        dvar2: 0.00395848276094
        max: 0.456511616707
        mean: 0.285425156355
        min: 0.102498859167
        var: 0.00463409582153
    spectral_flux:
        dmean: 0.0126898968592
        dmean2: 0.0216480605304
        dvar: 0.00021823302086
        dvar2: 0.000597354082856
        max: 0.0969320684671
        mean: 0.024199038744
        min: 0.00243976828642
        var: 0.000336438271916
    spectral_kurtosis:
        dmean: 3.72028851509
        dmean2: 5.55122613907
        dvar: 18.6605548859
        dvar2: 40.8829917908
        max: 37.5033416748
        mean: 10.6822929382
        min: 1.34441995621
        var: 39.9634284973
    spectral_rms:
        dmean: 0.000394692033296
        dmean2: 0.000576059508603
        dvar: 1.86138919389e-07
        dvar2: 3.85074287124e-07
        max: 0.00385130406357
        mean: 0.00155209819786
        min: 2.85661990347e-05
        var: 6.19205309249e-07
    spectral_rolloff:
        dmean: 207.790267944
        dmean2: 383.469726562
        dvar: 199814.03125
        dvar2: 478790.46875
        max: 3445.3125
        mean: 552.684631348
        min: 150.732421875
        var: 308625.625
    spectral_skewness:
        dmean: 0.447636067867
        dmean2: 0.644434630871
        dvar: 0.210016161203
        dvar2: 0.452355653048
        max: 5.10311937332
        mean: 2.80681848526
        min: 1.22891020775
        var: 0.543776810169
    spectral_spread:
        dmean: 1010825.5625
        dmean2: 1552869
        dvar: 1.41050668646e+12
        dvar2: 2.63605557658e+12
        max: 17183848
        mean: 5406238.5
        min: 1990349.5
        var: 3.82466444493e+12
    spectral_strongpeak:
        dmean: 0.20028796792
        dmean2: 0.298865914345
        dvar: 0.0829579085112
        dvar2: 0.175597041845
        max: 3.42075681686
        mean: 0.403592318296
        min: 0.000283149711322
        var: 0.17712379992
    zerocrossingrate:
        dmean: 0.00590550294146
        dmean2: 0.00710319541395
        dvar: 4.63911419502e-05
        dvar2: 7.02301258571e-05
        max: 0.0908203125
        mean: 0.0250651035458
        min: 0.00634765625
        var: 0.000263934751274
    barkbands:
        dmean: [1.27739472333e-08, 9.89756972558e-06, 6.26982437097e-05, 0.000236003746977, 0.000785366515629, 0.000406840146752, 8.0340920249e-05, 2.67989144049e-05, 7.78688990977e-06, 1.02137091744e-05, 2.85434398393e-05, 5.4333879234e-05, 3.68425862689e-05, 5.37054802408e-05, 8.06421230664e-05, 6.54312407278e-06, 4.33518243881e-06, 8.96400160855e-06, 8.6182517407e-06, 4.02976911573e-06, 2.68893109023e-06, 1.275692739e-06, 4.80110145418e-07, 2.26206566367e-07, 1.01828831589e-07, 2.55044660946e-08, 6.37222830058e-10]
        dmean2: [1.96469667202e-08, 1.56248297571e-05, 0.000102059086203, 0.000382677302696, 0.001213951502, 0.000599465100095, 0.000109206564957, 4.03176454711e-05, 1.31584865812e-05, 1.70877865457e-05, 4.64650038339e-05, 9.06126806512e-05, 5.82593456784e-05, 9.43197155721e-05, 0.000125798833324, 9.72921588982e-06, 6.80680022924e-06, 1.43773495438e-05, 1.2577459529e-05, 6.45715908831e-06, 4.40209441877e-06, 2.1912946977e-06, 7.81574215125e-07, 3.67550939018e-07, 1.62734011155e-07, 4.44572201275e-08, 1.13491205322e-09]
        dvar: [1.86907865622e-14, 3.004461957e-10, 7.43354711119e-09, 1.50839454705e-07, 2.18252375817e-06, 5.69058727251e-07, 1.82557648998e-08, 8.69345928578e-09, 3.48839068742e-10, 5.15064380036e-10, 5.91343196632e-09, 1.60466626653e-08, 3.02537834784e-08, 4.83680189234e-08, 9.35680972702e-08, 3.75557890342e-10, 1.26202798212e-10, 1.21263554753e-09, 5.4633841895e-10, 1.28234090013e-10, 5.29140654904e-11, 1.42071961834e-11, 1.65413624638e-12, 3.20338319672e-13, 5.70457445387e-14, 6.74080381425e-15, 7.09393981074e-18]
        dvar2: [4.69690611274e-14, 6.90693668925e-10, 1.95786000745e-08, 3.44572470112e-07, 4.63206606582e-06, 1.21484424653e-06, 3.49279183354e-08, 1.87189659329e-08, 1.04122455102e-09, 1.51246293267e-09, 1.58465933708e-08, 4.21830961272e-08, 6.98567106383e-08, 1.41219686611e-07, 2.05069994763e-07, 8.10796207951e-10, 2.56658611031e-10, 2.58735544101e-09, 1.04186237415e-09, 2.75227896029e-10, 1.28660429533e-10, 3.67627976672e-11, 4.13310705105e-12, 7.91556273652e-13, 1.42323666416e-13, 1.83246091369e-14, 2.06750088338e-17]
        max: [2.02427554541e-06, 0.000172784028109, 0.000684422790073, 0.00315290573053, 0.0128770750016, 0.00601546000689, 0.00109971989878, 0.00125994218979, 0.000204667172511, 0.000191542101675, 0.000568173476495, 0.00117328960914, 0.0020273856353, 0.00261281640269, 0.00309176067822, 0.000227183278184, 0.000116366121802, 0.000391283741919, 0.00034328608308, 0.000122303987155, 6.45075706416e-05, 3.40339356626e-05, 9.62651665759e-06, 4.00331828132e-06, 1.85412307019e-06, 5.73429986161e-07, 2.81112946254e-08]
        mean: [8.63477733759e-09, 2.53437665378e-05, 0.000149386978592, 0.00054439966334, 0.00129234045744, 0.000589807168581, 0.0001020486161, 2.87949387712e-05, 9.08146921574e-06, 1.19521719171e-05, 2.76611153822e-05, 6.19486236246e-05, 4.28537823609e-05, 5.32026897417e-05, 0.000116802555567, 7.3138571679e-06, 6.29817850495e-06, 1.2004630662e-05, 1.26554241433e-05, 4.68382359031e-06, 3.09067127091e-06, 1.28301405766e-06, 5.00379996993e-07, 2.81156843585e-07, 1.5383113805e-07, 2.76823968193e-08, 5.70060831873e-10]
        min: [9.82341725325e-12, 2.55677026217e-08, 2.84208603318e-08, 3.08158476514e-08, 1.32856868618e-07, 1.99736462037e-07, 1.54237760341e-08, 2.51923371053e-09, 1.78322978606e-09, 1.03485586767e-09, 6.31430907561e-10, 3.17643555903e-09, 2.15527684588e-09, 9.98590543588e-10, 9.11568154294e-10, 2.63497690334e-09, 4.00206312534e-09, 3.14690895564e-09, 8.51970582971e-09, 8.93922535994e-09, 2.28965646443e-09, 8.65266136518e-10, 8.25292556517e-10, 6.96925184229e-10, 4.2759445984e-10, 2.97700336604e-10, 1.67952093205e-11]
        var: [9.39676582937e-15, 7.56112672473e-10, 1.66747753383e-08, 4.41668703388e-07, 5.25923360328e-06, 1.17462820981e-06, 3.8375450373e-08, 1.03086952308e-08, 3.80644266107e-10, 5.45303469046e-10, 6.69655619845e-09, 2.18329514468e-08, 4.54187869536e-08, 4.85518683035e-08, 1.6443929951e-07, 4.93703022908e-10, 1.95066074404e-10, 2.25249596753e-09, 1.3887236916e-09, 1.49953674478e-10, 5.54159600152e-11, 1.17388650883e-11, 1.49776599543e-12, 3.17973837365e-13, 6.05062671515e-14, 4.70452390355e-15, 3.92840439252e-18]
    mfcc:
        mean: [-872.183898926, 148.64956665, 9.49016857147, 52.5446586609, 6.05393838882, 6.26732635498, 1.3091827631, -11.9660291672, -16.1354084015, -12.7109060287, -9.19850158691, -9.03754138947, -6.2829709053]
        cov: [[3917.12548828, 347.897247314, -1153.79309082, -773.154724121, -345.186737061, -37.5904045105, -295.648986816, -319.026275635, -213.646392822, -1.58309102058, -88.2713317871, -70.0882949829, 106.40650177], [347.897247314, 680.058105469, -236.657958984, -313.823394775, -14.5413827896, 13.478937149, -33.5096664429, -111.3123703, -127.033958435, -72.3152389526, -33.1799697876, -42.0039100647, 24.9727287292], [-1153.79309082, -236.657958984, 759.630981445, 400.098937988, 60.8231201172, -50.7529983521, 44.5165557861, 92.6127243042, 60.033870697, -102.346755981, -23.9014873505, 63.1700515747, -52.8400726318], [-773.154724121, -313.823394775, 400.098937988, 422.245391846, 119.396896362, 20.1746788025, 69.9867935181, 115.506439209, 99.4273223877, 41.2288742065, 31.8423461914, -1.07745277882, -98.4763565063], [-345.186737061, -14.5413827896, 60.8231201172, 119.396896362, 153.69190979, 59.4460716248, 30.0145931244, 8.15625095367, 31.315202713, 40.7351112366, 23.5734786987, -46.7804794312, -64.8127365112], [-37.5904045105, 13.478937149, -50.7529983521, 20.1746788025, 59.4460716248, 110.388755798, 71.9916610718, 0.901014387608, -4.91012191772, 54.2218589783, 45.162689209, -21.6728134155, -35.610496521], [-295.648986816, -33.5096664429, 44.5165557861, 69.9867935181, 30.0145931244, 71.9916610718, 176.520767212, 98.6279907227, -20.1515254974, 4.56484889984, 84.8164520264, 59.7547416687, 6.71662521362], [-319.026275635, -111.3123703, 92.6127243042, 115.506439209, 8.15625095367, 0.901014387608, 98.6279907227, 167.40562439, 60.4879798889, -27.4665622711, 3.02722501755, 64.305557251, 48.3902168274], [-213.646392822, -127.033958435, 60.033870697, 99.4273223877, 31.315202713, -4.91012191772, -20.1515254974, 60.4879798889, 152.448654175, 64.3153686523, -47.2315444946, -33.6879768372, 8.10279464722], [-1.58309102058, -72.3152389526, -102.346755981, 41.2288742065, 40.7351112366, 54.2218589783, 4.56484889984, -27.4665622711, 64.3153686523, 200.988494873, 84.220451355, -80.4644241333, -71.5916595459], [-88.2713317871, -33.1799697876, -23.9014873505, 31.8423461914, 23.5734786987, 45.162689209, 84.8164520264, 3.02722501755, -47.2315444946, 84.220451355, 190.828353882, 52.6872024536, -67.7241744995], [-70.0882949829, -42.0039100647, 63.1700515747, -1.07745277882, -46.7804794312, -21.6728134155, 59.7547416687, 64.305557251, -33.6879768372, -80.4644241333, 52.6872024536, 174.356033325, 87.2791061401], [106.40650177, 24.9727287292, -52.8400726318, -98.4763565063, -64.8127365112, -35.610496521, 6.71662521362, 48.3902168274, 8.10279464722, -71.5916595459, -67.7241744995, 87.2791061401, 202.366882324]]
        icov: [[0.000777880311944, 0.000115529139293, 0.0012517569121, -0.000522221496794, 0.0015808462631, -0.000945266918279, 0.001098019653, 0.0005085185403, 0.000272159813903, 0.000767069112044, -0.000120809469081, 5.60206353839e-05, 2.72497272817e-05], [0.000115529139293, 0.0029538476374, -0.00051385560073, 0.00325156399049, -0.0016864038771, -0.000131076347316, -9.5258365036e-05, -0.000523808703292, 0.00138466758654, 0.000312462070724, 0.000383262871765, 0.000804914219771, 0.000424299534643], [0.0012517569121, -0.00051385560073, 0.00664071179926, -0.00684364465997, 0.00420357938856, 0.000408675929066, -0.000573818339035, 0.00511188153177, -0.00240240222774, 0.00543850893155, -0.00104780530091, -8.0484081991e-05, -0.00027195957955], [-0.000522221496794, 0.00325156399049, -0.00684364465997, 0.0157219339162, -0.00821047835052, 0.00086141389329, 0.000261430366663, -0.00847863219678, 0.00282757915556, -0.00680438894778, 0.0036674644798, -0.00204702676274, 0.00486757513136], [0.0015808462631, -0.0016864038771, 0.00420357938856, -0.00821047835052, 0.0176853984594, -0.00864894688129, 0.00321417418309, 0.0040361112915, -0.00440235994756, 0.00766954943538, -0.00570913311094, 0.00495455414057, -0.0016084543895], [-0.000945266918279, -0.000131076347316, 0.000408675929066, 0.00086141389329, -0.00864894688129, 0.0250825341791, -0.0166471060365, 0.00675980467349, -0.000615636934526, -0.00633178278804, 0.00626754993573, -0.00284570152871, 0.00272842682898], [0.001098019653, -9.5258365036e-05, -0.000573818339035, 0.000261430366663, 0.00321417418309, -0.0166471060365, 0.0270472802222, -0.016343049705, 0.00790890026838, 0.00142867187969, -0.0082923322916, 0.00243037333712, -0.00311248493381], [0.0005085185403, -0.000523808703292, 0.00511188153177, -0.00847863219678, 0.0040361112915, 0.00675980467349, -0.016343049705, 0.0266387462616, -0.0138498665765, 0.00915827043355, -0.00115028151777, -0.000972127949353, -0.00251034880057], [0.000272159813903, 0.00138466758654, -0.00240240222774, 0.00282757915556, -0.00440235994756, -0.000615636934526, 0.00790890026838, -0.0138498665765, 0.0242460984737, -0.0166002884507, 0.0120557788759, -0.00475252931938, 0.00120649056043], [0.000767069112044, 0.000312462070724, 0.00543850893155, -0.00680438894778, 0.00766954943538, -0.00633178278804, 0.00142867187969, 0.00915827043355, -0.0166002884507, 0.0287846196443, -0.0211915224791, 0.0152921434492, -0.00606769230217], [-0.000120809469081, 0.000383262871765, -0.00104780530091, 0.0036674644798, -0.00570913311094, 0.00626754993573, -0.0082923322916, -0.00115028151777, 0.0120557788759, -0.0211915224791, 0.0289359558374, -0.0188299510628, 0.0111772464588], [5.60206353839e-05, 0.000804914219771, -8.0484081991e-05, -0.00204702676274, 0.00495455414057, -0.00284570152871, 0.00243037333712, -0.000972127949353, -0.00475252931938, 0.0152921434492, -0.0188299510628, 0.0237260628492, -0.0108423540369], [2.72497272817e-05, 0.000424299534643, -0.00027195957955, 0.00486757513136, -0.0016084543895, 0.00272842682898, -0.00311248493381, -0.00251034880057, 0.00120649056043, -0.00606769230217, 0.0111772464588, -0.0108423540369, 0.0140629624948]]
    spectral_contrast:
        mean: [-4.51372443422e-07, 3.18405284361e-08, -4.00310284476e-07, 2.69248570106e-08, 1.52711209012e-07, -1.46476708096e-07, -2.79525238511e-07, 1.53218195464e-06, -2.16988314605e-06, -1.56205274493e-07, 1.80375991476e-06, 7.05938248302e-07]
        var: [0.000163133343449, 0.000843228772283, 0.0024054730311, 0.00531310169026, 0.00741191022098, 0.0138139156625, 0.0592256113887, 0.103908926249, 0.168603569269, 0.218287706375, 0.30274271965, 2.33370804787]

rhythm:
    beats_loudness:
        dmean: 0.00498662889004
        dmean2: 0.00901069864631
        dvar: 9.9621620393e-06
        dvar2: 2.34768067457e-05
        max: 0.0128750102594
        mean: 0.00461386237293
        min: 6.66528212605e-05
        var: 1.54645567818e-05
    beats_loudness_bass:
        dmean: 0.152038961649
        dmean2: 0.289876401424
        dvar: 0.0152776353061
        dvar2: 0.0268069077283
        max: 0.466187506914
        mean: 0.186067476869
        min: 0.000509347941261
        var: 0.0265554990619
    bpm: 119.791473389
    bpm_confidence: 0
    first_peak_bpm: 119
    first_peak_spread: 0.388888895512
    first_peak_weight: 0.578947365284
    onset_rate: 5.75210523605
    second_peak_bpm: 101
    second_peak_spread: 0
    second_peak_weight: 0.0526315793395
    beats_position: [0.371948778629, 0.874931454659, 1.37791407108, 1.88089668751, 2.38387918472, 2.88686180115, 3.38984441757, 3.892827034, 4.39580965042, 4.89879226685, 5.40177440643, 5.90475702286, 6.49833726883, 6.9960899353, 7.49384212494, 7.9915933609, 8.48934555054, 8.98709774017, 9.48484992981, 9.98260211945]
    bpm_estimates: [118.68888092, 119.507217407, 119.630935669, 120.545021057, 119.230537415, 118.697990417, 119.207344055, 119.076393127, 119.032867432, 120.937904358, 120.106033325, 120.438873291, 120.689216614, 120.400566101, 120.682395935]
    bpm_intervals: [0.502982676029, 0.502982616425, 0.502982616425, 0.502982497215, 0.502982616425, 0.502982616425, 0.502982616425, 0.502982616425, 0.502982616425, 0.502982139587, 0.502982616425, 0.593580245972, 0.497752666473, 0.497752189636, 0.497751235962, 0.497752189636, 0.497752189636, 0.497752189636, 0.497752189636]
    onset_times: [0.0464399084449, 0.162539675832, 0.27863946557, 0.626938760281, 0.9287981987, 1.17260766029, 1.31192743778, 1.47446715832, 1.62539684772, 1.764716506, 1.90403628349, 2.31038546562, 2.75156474113, 2.86766433716, 2.97215414047, 3.29723358154, 3.36689352989, 3.41333341599, 3.55265307426, 3.72680282593, 3.87773251534, 4.02866220474, 4.37696123123, 4.49306106567, 4.71365070343, 4.86458063126, 4.99229001999, 5.07356023788, 5.28253984451, 5.47990942001, 5.52634906769, 5.73532867432, 5.97913837433, 6.03718805313, 6.1648979187, 6.29260778427, 6.39709758759, 6.48997735977, 6.64090681076, 6.7570066452, 7.00081634521, 7.38394546509, 7.51165533066, 7.75546503067, 7.89478445053, 7.97605419159, 8.103764534, 8.24308395386, 8.38240337372, 8.52172374725, 8.91646289825, 9.0093421936, 9.24154186249, 9.38086128235, 9.6014509201, 9.71755123138, 9.83365058899, 9.92653083801]
    rubato_start: []
    rubato_stop: []
    perceptual_tempo: "unknown"

sfx:
    inharmonicity:
        dmean: 0.0166271850467
        dmean2: 0.0299025066197
        dvar: 0.000863753084559
        dvar2: 0.0023298736196
        max: 0.32661563158
        mean: 0.0128578720614
        min: 0
        var: 0.000843595422339
    oddtoevenharmonicenergyratio:
        dmean: 13.8265275955
        dmean2: 25.7118473053
        dvar: 1062.49047852
        dvar2: 3147.48876953
        max: 247.472686768
        mean: 13.2899885178
        min: 0
        var: 930.406982422
    pitch_after_max_to_before_max_energy_ratio: 1.53191542625
    pitch_centroid: 227.006134033
    pitch_max_to_total: 0.395402312279
    pitch_min_to_total: 0.836781620979
    tristimulus:
        dmean: [0.237745881081, 0.236413255334, 0.0254029408097]
        dmean2: [0.43307954073, 0.430629730225, 0.0452448986471]
        dvar: [0.0883669257164, 0.0861150845885, 0.00160864635836]
        dvar2: [0.209560021758, 0.208168327808, 0.00433165021241]
        max: [1, 0.968400895596, 0.405371427536]
        mean: [0.594451546669, 0.375699132681, 0.0259694550186]
        min: [0.00673671672121, 0, 0]
        var: [0.121241688728, 0.118516400456, 0.00147259724326]

tonal:
    chords_changes_rate: 0.0410958901048
    chords_number_rate: 0.0273972600698
    chords_strength:
        dmean: 0.012073405087
        dmean2: 0.0124196019024
        dvar: 0.000100868754089
        dvar2: 0.00015190243721
        max: 0.583651483059
        mean: 0.473188430071
        min: 0.315672308207
        var: 0.00408471468836
    key_strength: 0.633821308613
    tuning_diatonic_strength: 0.431621968746
    tuning_equal_tempered_deviation: 0.117918275297
    tuning_frequency: 437.971466064
    tuning_nontempered_energy_ratio: 0.710189044476
    hpcp:
        dmean: [0.0911257714033, 0.0610422119498, 0.0672975704074, 0.0666503831744, 0.0531981550157, 0.0589363463223, 0.0659445077181, 0.0629325658083, 0.0640064477921, 0.0688324570656, 0.0422510392964, 0.045632570982, 0.064711406827, 0.0825786441565, 0.1418967098, 0.122479133308, 0.0998441949487, 0.0661448836327, 0.0583976991475, 0.0565582849085, 0.0581400506198, 0.0643099918962, 0.0860871300101, 0.0678168162704, 0.0691476985812, 0.0647016838193, 0.0719027519226, 0.0761449560523, 0.0812322348356, 0.164057359099, 0.163536041975, 0.180140763521, 0.148529827595, 0.0968248620629, 0.0516011826694, 0.0772266685963]
        dmean2: [0.15832041204, 0.107760131359, 0.114546015859, 0.117747224867, 0.0995024740696, 0.0980510115623, 0.115992195904, 0.109853588045, 0.106181316078, 0.112505100667, 0.0663183107972, 0.0817195102572, 0.114574082196, 0.145194217563, 0.248674243689, 0.216075837612, 0.178957924247, 0.116904526949, 0.100230261683, 0.102990031242, 0.0970464348793, 0.106500715017, 0.146593526006, 0.119924969971, 0.127736181021, 0.115545324981, 0.136148795485, 0.134056061506, 0.142010733485, 0.29197114706, 0.293970197439, 0.317500948906, 0.268416136503, 0.177181214094, 0.0919286906719, 0.138896510005]
        dvar: [0.0416627787054, 0.0214020349085, 0.0286290869117, 0.0326185040176, 0.0208785776049, 0.020671704784, 0.0286013316363, 0.0203148312867, 0.0190157555044, 0.0281659886241, 0.00747678661719, 0.0157676972449, 0.0286370050162, 0.020584018901, 0.0606804192066, 0.0493556037545, 0.0258563198149, 0.0291089490056, 0.0225904490799, 0.0139767164364, 0.0242094621062, 0.0336788967252, 0.0363120809197, 0.0276157259941, 0.0408587381244, 0.025918006897, 0.0363410674036, 0.038441516459, 0.0259164087474, 0.0564711466432, 0.0798504129052, 0.0583124421537, 0.0677913352847, 0.043918531388, 0.0118613140658, 0.022376941517]
        dvar2: [0.0968860760331, 0.0518139153719, 0.0699372515082, 0.0816557332873, 0.0628820359707, 0.0525381192565, 0.0664768889546, 0.0541487634182, 0.0405941270292, 0.0485019385815, 0.0158582311124, 0.0427546650171, 0.071438215673, 0.0570313893259, 0.148246929049, 0.112329527736, 0.0706634521484, 0.0744421035051, 0.0519714169204, 0.0407718829811, 0.0523023270071, 0.0655808895826, 0.0936289429665, 0.0798399969935, 0.100277379155, 0.0722301676869, 0.102068714797, 0.101990938187, 0.0671489089727, 0.144591987133, 0.16973349452, 0.13691881299, 0.170386523008, 0.11744441092, 0.0385610871017, 0.0564238876104]
        max: [1, 1, 1, 1, 1, 1, 1, 0.941219270229, 1, 1, 0.791106879711, 0.931025743484, 1, 1, 1, 1, 1, 1, 1, 0.6834217906, 1, 1, 1, 1, 1, 1, 1, 1, 1, 1, 1, 1, 1, 1, 0.848337709904, 0.855755090714]
        mean: [0.0815767943859, 0.0506908930838, 0.052479300648, 0.0593928433955, 0.0382312349975, 0.0556832700968, 0.074747569859, 0.0492219366133, 0.0803678184748, 0.102620095015, 0.0454625338316, 0.036610879004, 0.0648704022169, 0.0649325326085, 0.139685541391, 0.177326127887, 0.090144097805, 0.0783798545599, 0.0852591395378, 0.0444611422718, 0.0983271896839, 0.141401484609, 0.0803280025721, 0.0700651705265, 0.0845890566707, 0.0493789426982, 0.0447816364467, 0.0531374625862, 0.0601664297283, 0.231154367328, 0.337981551886, 0.205037400126, 0.123909838498, 0.0936677902937, 0.0430727154016, 0.0628186538815]
        min: [6.0569964262e-05, 6.60828663968e-05, 0, 0, 0, 0, 0, 1.71260344359e-05, 4.46196681878e-05, 0, 0, 0, 0, 0, 0, 0, 0, 0, 0, 0, 0, 0, 0, 3.75481722585e-05, 1.76052581082e-05, 0, 0, 2.3189239073e-05, 3.02397820633e-05, 3.25054425048e-05, 7.53362546675e-05, 0, 0, 0, 1.74404667632e-05, 9.51310066739e-05]
        var: [0.0434580557048, 0.0178270060569, 0.024692568928, 0.0348601900041, 0.0148970419541, 0.0267236921936, 0.0442417412996, 0.0170422513038, 0.0350419804454, 0.0647437945008, 0.0123301604763, 0.0145461661741, 0.0385802425444, 0.0210437644273, 0.0735428631306, 0.10350561142, 0.0297089107335, 0.0465758144855, 0.0533277876675, 0.0117212822661, 0.0639616176486, 0.102603375912, 0.0340943858027, 0.0391350649297, 0.0623427256942, 0.019892083481, 0.0226059220731, 0.0281800348312, 0.022273182869, 0.102357521653, 0.183833062649, 0.069361500442, 0.0669015273452, 0.0561783537269, 0.0118751227856, 0.0222543664277]
    chords_histogram: [0.45662099123, 6.84931516647, 16.4383563995, 0, 0, 0, 0, 1.82648396492, 0, 0, 0, 0, 0, 0, 0, 0, 0, 4.10958909988, 17.8082199097, 52.5114173889, 0, 0, 0, 0]
    thpcp: [1, 0.606652617455, 0.366617172956, 0.277138769627, 0.12744101882, 0.185864150524, 0.241364642978, 0.149981245399, 0.155272677541, 0.175728067756, 0.113116338849, 0.164752393961, 0.221158728004, 0.14563497901, 0.237787589431, 0.303626328707, 0.134511873126, 0.108322121203, 0.191934749484, 0.192118570209, 0.413293391466, 0.524662137032, 0.26671308279, 0.231905713677, 0.252259731293, 0.131549015641, 0.290924727917, 0.418370425701, 0.23766978085, 0.20730471611, 0.250277131796, 0.14609952271, 0.132497280836, 0.157220005989, 0.178016901016, 0.68392598629]
    chords_key: "G"
    chords_scale: "minor"
    key_key: "C"
    key_scale: "major"
    chords_progression: ["C#m", "C#m", "C#m", "C#m", "Em", "Em", "Gm", "Gm", "Gm", "Gm", "Gm", "Gm", "Gm", "Gm", "Gm", "Gm", "Gm", "Gm", "Gm", "Gm", "Gm", "Gm", "Gm", "Gm", "Gm", "Gm", "Gm", "Gm", "Gm", "Gm", "Gm", "Gm", "Gm", "Gm", "Gm", "Gm", "Gm", "Gm", "Gm", "Gm", "Gm", "Gm", "Gm", "Gm", "Gm", "Gm", "Gm", "Gm", "Gm", "Gm", "Gm", "Gm", "Gm", "Gm", "Gm", "Gm", "Gm", "Gm", "Gm", "Gm", "Gm", "Gm", "Gm", "Gm", "Gm", "Gm", "Gm", "Gm", "Gm", "Gm", "Gm", "Gm", "Gm", "Gm", "Gm", "Gm", "Gm", "Gm", "Gm", "Gm", "G", "G", "G", "G", "G", "G", "G", "G", "G", "G", "G", "G", "G", "G", "G", "G", "G", "G", "G", "G", "G", "G", "G", "G", "G", "G", "G", "G", "G", "G", "G", "G", "G", "G", "G", "G", "Em", "Em", "Em", "Em", "Em", "Em", "Em", "Em", "Em", "Em", "Em", "Em", "Em", "D#", "D#", "D#", "D#", "D#", "D#", "D#", "D#", "D#", "D#", "D#", "D#", "D#", "D#", "D#", "D#", "D#", "D#", "D#", "D#", "D#", "D#", "D#", "D#", "D#", "D#", "D#", "D#", "D#", "D#", "D#", "D#", "D#", "D#", "D#", "D#", "D#", "D#", "D#", "Gm", "Gm", "Gm", "Gm", "Gm", "Gm", "Gm", "Gm", "Gm", "Gm", "Gm", "Gm", "Gm", "Gm", "Gm", "Gm", "Gm", "Gm", "Gm", "Gm", "Gm", "Gm", "Gm", "Gm", "Gm", "Gm", "Gm", "Gm", "Gm", "Gm", "Gm", "Gm", "Gm", "Gm", "Gm", "Gm", "Gm", "Gm", "Gm", "Gm", "Gm", "Cm", "Cm", "Cm", "Cm", "Cm", "C", "Cm", "Cm", "Cm", "Cm"]
