
metadata:
    version:
        essentia: "1.2.2"
    audio_properties:
        analysis_sample_rate: 44100
        bitrate: 128
        channels: 2
        equal_loudness: 1
        length: 10.0310201645
        replay_gain: 3.09177207947
        downmix: "mix"
    tags:
        track: 70
        year: 0
        album: "Splitted by Mp3Splt v. 2.1"
        artist: "From 011.30 To 011.40"
        comment: "http://mp3splt.sf.net"
        genre: ""
        title: "08 Sensorium.mp3"

highlevel:
    ballroom:
        all:
            ChaChaCha: 0.00610125949606
            Jive: 0.00245072878897
            Quickstep: 0.00397797115147
            Rumba-American: 0.00908112246543
            Rumba-International: 0.306240350008
            Rumba-Misc: 0.126470312476
            Samba: 0.00330752553418
            Tango: 0.0490078255534
            VienneseWaltz: 0.120328702033
            Waltz: 0.373034209013
        probability: 0.373034209013
        value: "Waltz"
    culture:
        all:
            non_western: 0.970775723457
            western: 0.0292242635041
        probability: 0.970775723457
        value: "non_western"
    gender:
        all:
            female: 0.741650283337
            male: 0.258349746466
        probability: 0.741650283337
        value: "female"
    genre_dortmund:
        all:
            alternative: 0.0572260431945
            blues: 0.0176547281444
            electronic: 0.256604671478
            folkcountry: 0.133647233248
            funksoulrnb: 0.0500062853098
            jazz: 0.336203336716
            pop: 0.0463972128928
            raphiphop: 0.0114827500656
            rock: 0.0907777249813
        probability: 0.336203336716
        value: "jazz"
    genre_electronica:
        all:
            ambient: 0.94241642952
            dnb: 0.00593727454543
            house: 0.0300247706473
            techno: 0.0121221868321
            trance: 0.00949933566153
        probability: 0.94241642952
        value: "ambient"
    genre_rosamerica:
        all:
            cla: 0.327842921019
            dan: 0.0695909708738
            hip: 0.0574806183577
            jaz: 0.197245314717
            pop: 0.0419165045023
            rhy: 0.0799257084727
            roc: 0.20201779902
            spe: 0.0239801630378
        probability: 0.327842921019
        value: "cla"
    genre_tzanetakis:
        all:
            blu: 0.180100664496
            cla: 0.253187030554
            cou: 0.0639886632562
            dis: 0.0247291326523
            hip: 0.0258857812732
            jaz: 0.226439267397
            met: 0.0209924429655
            pop: 0.0403675623238
            reg: 0.0921195372939
            roc: 0.0721899271011
        probability: 0.253187030554
        value: "cla"
    live_studio:
        all:
            live: 0.215608105063
            studio: 0.784391880035
        probability: 0.784391880035
        value: "studio"
    mood:
        all:
            Cluster1: 0.0727751031518
            Cluster2: 0.0416082702577
            Cluster3: 0.714199066162
            Cluster4: 0.126541242003
            Cluster5: 0.0448763035238
        probability: 0.714199066162
        value: "Cluster3"
    mood_acoustic:
        all:
            acoustic: 0.250333726406
            not_acoustic: 0.749666273594
        probability: 0.749666273594
        value: "not_acoustic"
    mood_aggressive:
        all:
            aggressive: 0.0420400202274
            not_aggressive: 0.957960009575
        probability: 0.957960009575
        value: "not_aggressive"
    mood_electronic:
        all:
            electronic: 0.946831643581
            not_electronic: 0.0531683415174
        probability: 0.946831643581
        value: "electronic"
    mood_happy:
        all:
            happy: 0.0760305672884
            not_happy: 0.923969447613
        probability: 0.923969447613
        value: "not_happy"
    mood_party:
        all:
            not_party: 0.953402280807
            party: 0.0465977452695
        probability: 0.953402280807
        value: "not_party"
    mood_relaxed:
        all:
            not_relaxed: 0.0986798852682
            relaxed: 0.901320099831
        probability: 0.901320099831
        value: "relaxed"
    mood_sad:
        all:
            not_sad: 0.164278194308
            sad: 0.835721790791
        probability: 0.835721790791
        value: "sad"
    rhythm:
        all:
            fast: 0.0288126077503
            medium: 0.41195088625
            slow: 0.559236526489
        probability: 0.559236526489
        value: "slow"
    speech_music:
        all:
            music: 0.646505892277
            speech: 0.353494107723
        probability: 0.646505892277
        value: "music"
    timbre:
        all:
            bright: 0.00499931257218
            dark: 0.995000660419
        probability: 0.995000660419
        value: "dark"
    voice_instrumental:
        all:
            instrumental: 0.999996125698
            voice: 3.85708881367e-06
        probability: 0.999996125698
        value: "instrumental"

lowlevel:
    average_loudness: 0.957138359547
    barkbands_kurtosis:
        dmean: 3.3013317585
        dmean2: 5.24990367889
        dvar: 14.2243967056
        dvar2: 37.8352279663
        max: 32.3884086609
        mean: 5.13371133804
        min: -1.37242972851
        var: 22.6459827423
    barkbands_skewness:
        dmean: 0.549418568611
        dmean2: 0.856770575047
        dvar: 0.214472606778
        dvar2: 0.57216745615
        max: 3.46078443527
        mean: 1.21715688705
        min: -2.35728740692
        var: 0.728444516659
    barkbands_spread:
        dmean: 1.49082016945
        dmean2: 2.32567739487
        dvar: 2.99469995499
        dvar2: 7.0882062912
        max: 23.2158050537
        mean: 4.58631372452
        min: 0.696638762951
        var: 8.66746711731
    dissonance:
        dmean: 0.0546524822712
        dmean2: 0.0919711813331
        dvar: 0.0019767023623
        dvar2: 0.0053457422182
        max: 0.499999940395
        mean: 0.390764564276
        min: 0.0529240965843
        var: 0.00585403852165
    hfc:
        dmean: 0.56082379818
        dmean2: 0.860504984856
        dvar: 0.647456467152
        dvar2: 1.37487590313
        max: 8.41277599335
        mean: 1.3682795763
        min: 0.0525337085128
        var: 1.08833110332
    pitch:
        dmean: 96.5568084717
        dmean2: 177.949569702
        dvar: 52732.03125
        dvar2: 110712.078125
        max: 3392.30761719
        mean: 212.085632324
        min: 64.2857131958
        var: 54331.5546875
    pitch_instantaneous_confidence:
        dmean: 0.0903324335814
        dmean2: 0.146567672491
        dvar: 0.0053258179687
        dvar2: 0.0141036557034
        max: 0.959978401661
        mean: 0.452431470156
        min: 0.215930223465
        var: 0.0266423113644
    pitch_salience:
        dmean: 0.0669782087207
        dmean2: 0.108972497284
        dvar: 0.00289115891792
        dvar2: 0.00754517503083
        max: 0.824277222157
        mean: 0.611260294914
        min: 0.175551235676
        var: 0.0133512998
    silence_rate_20dB:
        dmean: 0
        dmean2: 0
        dvar: 0
        dvar2: 0
        max: 1
        mean: 1
        min: 1
        var: 0
    silence_rate_30dB:
        dmean: 0
        dmean2: 0
        dvar: 0
        dvar2: 0
        max: 1
        mean: 1
        min: 1
        var: 0
    silence_rate_60dB:
        dmean: 0.174013927579
        dmean2: 0.348837196827
        dvar: 0.143733382225
        dvar2: 0.269010663033
        max: 1
        mean: 0.407407402992
        min: 0
        var: 0.24142600596
    spectral_centroid:
        dmean: 48.6895484924
        dmean2: 73.3702087402
        dvar: 2325.33349609
        dvar2: 5536.27050781
        max: 966.803955078
        mean: 334.566558838
        min: 150.604614258
        var: 9993.18359375
    spectral_complexity:
        dmean: 1.28205132484
        dmean2: 2.15420556068
        dvar: 1.31205534935
        dvar2: 3.55099105835
        max: 15
        mean: 6.21395349503
        min: 0
        var: 4.08445549011
    spectral_crest:
        dmean: 2.81013226509
        dmean2: 4.43977069855
        dvar: 5.41131639481
        dvar2: 13.9733181
        max: 21.4091815948
        mean: 10.7331943512
        min: 4.87030792236
        var: 12.454536438
    spectral_decrease:
        dmean: 4.7083914545e-10
        dmean2: 7.24399984442e-10
        dvar: 3.76533881454e-19
        dvar2: 8.59712902262e-19
        max: -3.28803720362e-11
        mean: -1.1026224378e-09
        min: -4.98267205273e-09
        var: 6.57223224212e-19
    spectral_energy:
        dmean: 0.00182510307059
        dmean2: 0.00280771637335
        dvar: 5.66450216866e-06
        dvar2: 1.29132731672e-05
        max: 0.0192106887698
        mean: 0.00428565591574
        min: 0.000128862870042
        var: 9.85275619314e-06
    spectral_energyband_high:
        dmean: 2.21823015067e-07
        dmean2: 3.66259911289e-07
        dvar: 9.33251739776e-13
        dvar2: 2.39035917796e-12
        max: 1.26214899865e-05
        mean: 3.7286494603e-07
        min: 1.3290883949e-08
        var: 1.77282450872e-12
    spectral_energyband_low:
        dmean: 0.000387331121601
        dmean2: 0.000577863538638
        dvar: 2.99728014852e-07
        dvar2: 6.67145343414e-07
        max: 0.00895077735186
        mean: 0.000808080425486
        min: 1.30955795612e-05
        var: 1.23560971588e-06
    spectral_energyband_middle_high:
        dmean: 5.84078225074e-05
        dmean2: 0.00010069659038
        dvar: 2.72237290488e-08
        dvar2: 7.3999594008e-08
        max: 0.00283177825622
        mean: 0.000136248447234
        min: 1.82850840247e-06
        var: 3.72501709478e-08
    spectral_energyband_middle_low:
        dmean: 0.00166668230668
        dmean2: 0.00261867861263
        dvar: 5.77221317144e-06
        dvar2: 1.38128843901e-05
        max: 0.0184818375856
        mean: 0.00334085640498
        min: 0.000102769721707
        var: 7.52961159378e-06
    spectral_flatness_db:
        dmean: 0.0318001136184
        dmean2: 0.0498533062637
        dvar: 0.00071950268466
        dvar2: 0.00174799852539
        max: 0.518651902676
        mean: 0.350017160177
        min: 0.222881421447
        var: 0.00257174065337
    spectral_flux:
        dmean: 0.0105603011325
        dmean2: 0.0161462817341
        dvar: 0.000115552284115
        dvar2: 0.000211780075915
        max: 0.100969359279
        mean: 0.0337037779391
        min: 0.0065205427818
        var: 0.000279377854895
    spectral_kurtosis:
        dmean: 34.0325622559
        dmean2: 59.0497055054
        dvar: 787.928527832
        dvar2: 2012.52392578
        max: 230.27204895
        mean: 90.5192337036
        min: 6.96866035461
        var: 1834.94213867
    spectral_rms:
        dmean: 0.000407853425713
        dmean2: 0.000599373015575
        dvar: 1.67425781683e-07
        dvar2: 3.70626850099e-07
        max: 0.00432921899483
        mean: 0.00193246104755
        min: 0.000354569987394
        var: 4.46723618097e-07
    spectral_rolloff:
        dmean: 91.4532852173
        dmean2: 151.939788818
        dvar: 19910.96875
        dvar2: 49898.234375
        max: 2045.65429688
        mean: 483.545959473
        min: 193.798828125
        var: 32775.2578125
    spectral_skewness:
        dmean: 1.61949920654
        dmean2: 2.81540465355
        dvar: 1.63005721569
        dvar2: 4.31343364716
        max: 12.8028945923
        mean: 6.75835466385
        min: 2.05936717987
        var: 4.52867078781
    spectral_spread:
        dmean: 293125.9375
        dmean2: 493323.09375
        dvar: 589354500096
        dvar2: 661973696512
        max: 16250264
        mean: 951807.625
        min: 394789.4375
        var: 621277675520
    spectral_strongpeak:
        dmean: 0.173444509506
        dmean2: 0.288325965405
        dvar: 0.0354642421007
        dvar2: 0.0863363444805
        max: 2.24302124977
        mean: 0.311900496483
        min: 0.0216717422009
        var: 0.0732909664512
    zerocrossingrate:
        dmean: 0.00246530817822
        dmean2: 0.0031464479398
        dvar: 5.2218510973e-06
        dvar2: 7.91998081695e-06
        max: 0.0478515625
        mean: 0.0183820854872
        min: 0.005859375
        var: 4.13042216678e-05
    barkbands:
        dmean: [6.07569745625e-07, 8.68703064043e-05, 0.000339946040185, 0.000323099317029, 0.000931924732868, 0.000502428913023, 0.000265169917839, 0.000198553374503, 0.000178201458766, 3.1659124943e-05, 1.08447311504e-05, 2.75816219073e-05, 6.33727495369e-06, 8.90458886715e-06, 3.76553794013e-06, 8.47418323247e-06, 3.30061266141e-06, 3.0040960155e-06, 2.21518962462e-06, 2.07954727216e-07, 1.03880793745e-07, 6.63635013609e-09, 1.96454608137e-09, 8.52033166243e-10, 7.20675685795e-10, 6.6442273905e-10, 7.07552350043e-10]
        dmean2: [8.9238506007e-07, 0.000129048785311, 0.000501131347846, 0.000534953724127, 0.00146534456871, 0.000821982568596, 0.000454026157968, 0.000312138523441, 0.000252148369327, 5.24374299857e-05, 1.82833009603e-05, 4.57419155282e-05, 1.10345026769e-05, 1.50867836055e-05, 6.8546842158e-06, 1.50576770466e-05, 5.25607720192e-06, 4.03473131882e-06, 3.21513880408e-06, 3.67719650285e-07, 1.38766168334e-07, 1.03597503909e-08, 2.94849900051e-09, 1.03484298908e-09, 8.35953806178e-10, 7.66152752352e-10, 8.16508305412e-10]
        dvar: [6.87342760833e-13, 1.83946706755e-08, 2.42680215479e-07, 2.68732890163e-07, 2.35277434513e-06, 6.23170137715e-07, 3.31617940219e-07, 2.46017464178e-07, 2.95936757766e-07, 1.63467706038e-09, 2.4010571309e-10, 5.0629869186e-09, 1.7680377995e-10, 1.04590769379e-09, 1.06180154946e-10, 4.68030014744e-09, 1.70566893942e-10, 2.07304326483e-10, 2.80004519571e-10, 5.38654570167e-13, 2.66890730436e-13, 5.87044125028e-16, 1.81217219821e-16, 1.46178100536e-16, 1.27997650054e-16, 1.23681898074e-16, 1.40024247355e-16]
        dvar2: [1.3882594076e-12, 4.61652582828e-08, 4.97075461681e-07, 7.08102334102e-07, 5.94933499087e-06, 1.7658486513e-06, 9.5596533356e-07, 6.64996207433e-07, 3.93836614876e-07, 4.39188463375e-09, 5.8309718165e-10, 1.23107968264e-08, 5.23405763175e-10, 2.76205303074e-09, 3.270114457e-10, 1.33917348322e-08, 4.13903716856e-10, 3.13011616626e-10, 5.71612701616e-10, 1.58606515508e-12, 4.24327131592e-13, 1.08871039947e-15, 2.06796238399e-16, 1.47000701877e-16, 1.28024252182e-16, 1.23796300461e-16, 1.40162750477e-16]
        max: [6.95272956364e-06, 0.00190537853632, 0.00866232812405, 0.00540310004726, 0.0146264163777, 0.00659305229783, 0.0061323302798, 0.00613707164302, 0.00905135180801, 0.000367506261682, 0.000157897971803, 0.000761380884796, 0.000151958331116, 0.000410141714383, 0.000119694748719, 0.0011078719981, 0.000156774534844, 0.000239715081989, 0.000355395750375, 9.82039091468e-06, 8.5757992565e-06, 3.12961191185e-07, 2.74051359384e-07, 2.52002621437e-07, 2.35264437265e-07, 2.30960822023e-07, 2.45715540359e-07]
        mean: [1.07909045255e-06, 0.000201353468583, 0.000605752458796, 0.000417015369749, 0.00138576177415, 0.000677119940519, 0.000327806861605, 0.000262206682237, 0.000258730113273, 4.62100470031e-05, 1.59897335834e-05, 3.85776002076e-05, 8.85222834768e-06, 1.22635865409e-05, 5.30200850335e-06, 8.99282440514e-06, 4.56023599327e-06, 4.37801782027e-06, 3.15956458508e-06, 3.72335136944e-07, 1.59757220786e-07, 1.18366969559e-08, 3.09665937337e-09, 1.16297294017e-09, 9.18071008105e-10, 6.5019961637e-10, 6.86302514818e-10]
        min: [2.81809908742e-10, 2.36720580915e-07, 5.75912599743e-06, 1.93134906112e-06, 1.40919373735e-05, 1.05303047349e-06, 4.95907670484e-07, 2.21998902816e-06, 9.91282604446e-07, 5.84477845678e-07, 2.17228368626e-08, 7.18278130307e-08, 2.06982253559e-08, 2.71556146458e-08, 5.69826807961e-09, 2.31647909743e-08, 1.33391981905e-08, 5.12960118826e-09, 4.66145477773e-09, 1.27983028619e-08, 2.98194269277e-09, 1.54515700235e-09, 3.44379413875e-10, 4.70969027666e-11, 9.44789177448e-11, 4.74220218215e-13, 2.51574680684e-14]
        var: [1.91120708669e-12, 6.41972022208e-08, 1.04840012227e-06, 3.38048693038e-07, 2.70096461463e-06, 6.07737547398e-07, 2.46272151117e-07, 2.42160695052e-07, 5.59971113034e-07, 2.57878252086e-09, 3.96052246554e-10, 7.30286586759e-09, 1.97692306969e-10, 1.31358779409e-09, 8.57060256099e-11, 3.11559711363e-09, 1.69120578652e-10, 4.18242829259e-10, 5.4144905226e-10, 8.35897811472e-13, 6.30859784984e-13, 7.6065416842e-16, 1.85720642538e-16, 1.46961738361e-16, 1.28099664584e-16, 1.23667591158e-16, 1.39979526663e-16]
    mfcc:
        mean: [-916.642150879, 297.132720947, -33.215297699, 42.2128410339, -6.21063947678, -10.5394916534, -7.23423862457, -5.0156416893, -5.8454656601, -2.3345117569, -3.7310655117, -2.90383958817, -2.70015692711]
        cov: [[2021.47094727, 97.2806243896, -849.679443359, 215.396942139, 122.858230591, -35.7613983154, 78.3890686035, 106.906707764, -80.7099990845, -128.147338867, -13.2685976028, 32.6350746155, 49.9704360962], [97.2806243896, 223.872283936, -10.8345327377, 21.7757434845, 37.2214889526, 3.3394305706, 13.5426750183, 16.1991348267, -3.13615441322, -28.405330658, -25.1875801086, -9.91835594177, 5.94966554642], [-849.679443359, -10.8345327377, 574.687927246, -64.4635009766, -44.2382202148, -9.13118076324, -31.4233570099, -17.7367134094, 36.8363189697, 52.6345100403, -6.55316209793, -38.9254798889, -34.6342811584], [215.396942139, 21.7757434845, -64.4635009766, 138.868804932, 54.4939804077, -6.06420707703, 19.2446098328, 22.7173709869, -29.7048587799, -33.0431900024, -20.8574619293, -18.9298171997, 0.883658528328], [122.858230591, 37.2214889526, -44.2382202148, 54.4939804077, 140.299285889, 51.4800300598, 43.001033783, 29.2518825531, -15.6764335632, -15.5908374786, -8.56324768066, 8.63702583313, -0.404092997313], [-35.7613983154, 3.3394305706, -9.13118076324, -6.06420707703, 51.4800300598, 128.37600708, 30.3671245575, -8.58837032318, 29.3483867645, 24.8774795532, 4.58996582031, 18.1302318573, 4.4159450531], [78.3890686035, 13.5426750183, -31.4233570099, 19.2446098328, 43.001033783, 30.3671245575, 90.2013778687, 35.7077941895, 0.612407207489, -0.282238811255, 0.513172984123, -2.47343587875, 5.29812431335], [106.906707764, 16.1991348267, -17.7367134094, 22.7173709869, 29.2518825531, -8.58837032318, 35.7077941895, 95.4517593384, 8.52425289154, -6.53941869736, 8.59863471985, 0.156414180994, 2.34761333466], [-80.7099990845, -3.13615441322, 36.8363189697, -29.7048587799, -15.6764335632, 29.3483867645, 0.612407207489, 8.52425289154, 80.9106826782, 50.0975532532, 15.1145772934, 8.41295146942, -1.24458801746], [-128.147338867, -28.405330658, 52.6345100403, -33.0431900024, -15.5908374786, 24.8774795532, -0.282238811255, -6.53941869736, 50.0975532532, 85.5622711182, 34.3132667542, 6.32733440399, -1.61294686794], [-13.2685976028, -25.1875801086, -6.55316209793, -20.8574619293, -8.56324768066, 4.58996582031, 0.513172984123, 8.59863471985, 15.1145772934, 34.3132667542, 71.9051818848, 26.5897274017, 3.76173400879], [32.6350746155, -9.91835594177, -38.9254798889, -18.9298171997, 8.63702583313, 18.1302318573, -2.47343587875, 0.156414180994, 8.41295146942, 6.32733440399, 26.5897274017, 67.8256607056, 18.6234073639], [49.9704360962, 5.94966554642, -34.6342811584, 0.883658528328, -0.404092997313, 4.4159450531, 5.29812431335, 2.34761333466, -1.24458801746, -1.61294686794, 3.76173400879, 18.6234073639, 45.7366752625]]
        icov: [[0.00170850323047, -0.000377143442165, 0.00231839204207, -0.00121222308371, -0.000162306576385, 0.00059374544071, -0.000110073349788, -0.000936881348025, -0.000194751293748, 0.000397447060095, -4.35068504885e-05, -1.59033261298e-05, -1.77131951205e-05], [-0.000377143442165, 0.0051657455042, -0.000593386706896, 0.000434033951024, -0.00142835674342, 0.000195917367819, -3.54272524419e-05, 1.12982215796e-05, -0.00148229137994, 0.00182338198647, 0.000813746242784, 0.000852232333273, -0.00113565451466], [0.00231839204207, -0.000593386706896, 0.00527183106169, -0.000791914993897, -0.000220498724957, 0.000927240820602, 0.000403928774176, -0.00142519234214, -0.000355709315045, -0.000765334523749, 0.000562251603696, 0.00102473190054, 0.000986320897937], [-0.00121222308371, 0.000434033951024, -0.000791914993897, 0.0113043552265, -0.00379304005764, 0.00059297104599, 0.000269521144219, -0.000549693009816, 0.0013515696628, 0.000896213634405, 0.000793195620645, 0.00340240541846, -0.00102615414653], [-0.000162306576385, -0.00142835674342, -0.000220498724957, -0.00379304005764, 0.0130400238559, -0.00548221962526, -0.00242046406493, -0.00288431579247, 0.00400139950216, -0.000854594516568, 0.00123218318913, -0.00321405660361, 0.00262853992172], [0.00059374544071, 0.000195917367819, 0.000927240820602, 0.00059297104599, -0.00548221962526, 0.0129882115871, -0.00362625485286, 0.00384166860022, -0.00499989418313, -0.00117019040044, 0.000875097408425, -0.00194504915271, -0.000520385219716], [-0.000110073349788, -3.54272524419e-05, 0.000403928774176, 0.000269521144219, -0.00242046406493, -0.00362625485286, 0.0160425193608, -0.00562149425969, 0.0015769576421, -0.00121708808001, -6.52788585285e-05, 0.00269799795933, -0.00190877227578], [-0.000936881348025, 1.12982215796e-05, -0.00142519234214, -0.000549693009816, -0.00288431579247, 0.00384166860022, -0.00562149425969, 0.0157881136984, -0.00559975719079, 0.00345311965793, -0.00351420976222, 0.00047800358152, -0.000538276741281], [-0.000194751293748, -0.00148229137994, -0.000355709315045, 0.0013515696628, 0.00400139950216, -0.00499989418313, 0.0015769576421, -0.00559975719079, 0.0239157378674, -0.0134817920625, 0.00354278972372, -0.00261163874529, 0.00168037205003], [0.000397447060095, 0.00182338198647, -0.000765334523749, 0.000896213634405, -0.000854594516568, -0.00117019040044, -0.00121708808001, 0.00345311965793, -0.0134817920625, 0.0259190443903, -0.0104703828692, 0.00400491897017, -0.00142152211629], [-4.35068504885e-05, 0.000813746242784, 0.000562251603696, 0.000793195620645, 0.00123218318913, 0.000875097408425, -6.52788585285e-05, -0.00351420976222, 0.00354278972372, -0.0104703828692, 0.0222294498235, -0.0083647845313, 0.00177133234683], [-1.59033261298e-05, 0.000852232333273, 0.00102473190054, 0.00340240541846, -0.00321405660361, -0.00194504915271, 0.00269799795933, 0.00047800358152, -0.00261163874529, 0.00400491897017, -0.0083647845313, 0.0229014828801, -0.0081279585138], [-1.77131951205e-05, -0.00113565451466, 0.000986320897937, -0.00102615414653, 0.00262853992172, -0.000520385219716, -0.00190877227578, -0.000538276741281, 0.00168037205003, -0.00142152211629, 0.00177133234683, -0.0081279585138, 0.026279816404]]
    spectral_contrast:
        mean: [-8.11879374396e-07, 5.07453819409e-07, 2.09517253325e-07, -2.85617147711e-07, 3.7362062244e-07, -4.70426186894e-07, -1.77817639724e-06, -1.02592764506e-06, -3.37833580488e-06, 6.61195690554e-06, -3.21310608342e-07, 1.20276627058e-06]
        var: [0.000238221517066, 0.00111315469258, 0.00137187237851, 0.00209298031405, 0.00359985721298, 0.00464188773185, 0.0436365306377, 0.102757297456, 0.144558534026, 0.169656485319, 0.250014722347, 1.81792616844]

rhythm:
    beats_loudness:
        dmean: 0.00320033123717
        dmean2: 0.00546860927716
        dvar: 7.84020085121e-06
        dvar2: 2.14954507101e-05
        max: 0.0143180945888
        mean: 0.00537251494825
        min: 0.0014900531387
        var: 9.25541189645e-06
    beats_loudness_bass:
        dmean: 0.215350791812
        dmean2: 0.398503273726
        dvar: 0.0269528683275
        dvar2: 0.0850918218493
        max: 0.813696444035
        mean: 0.286322027445
        min: 0.0252150371671
        var: 0.037819262594
    bpm: 120.582359314
    bpm_confidence: 0
    first_peak_bpm: 121
    first_peak_spread: 0
    first_peak_weight: 0.523809552193
    onset_rate: 4.78515625
    second_peak_bpm: 145
    second_peak_spread: 0.0999999642372
    second_peak_weight: 0.428571432829
    beats_position: [0.214496970177, 0.712093055248, 1.20968914032, 1.707285285, 2.20488119125, 2.70247721672, 3.20007324219, 3.69766926765, 4.19526529312, 4.69286108017, 5.19045734406, 5.6880531311, 6.09363460541, 6.50881671906, 6.9239988327, 7.33918142319, 7.75436353683, 8.16954612732, 8.58472824097, 8.99991035461, 9.41509342194, 9.83027648926]
    bpm_estimates: [119.726158142, 120.761779785, 120.523406982, 120.424476624, 121.475982666]
    bpm_intervals: [0.497596085072, 0.497596085072, 0.497596144676, 0.497595906258, 0.497596025467, 0.497596025467, 0.497596025467, 0.497596025467, 0.497595787048, 0.497596263885, 0.497595787048, 0.405581474304, 0.415182113647, 0.415182113647, 0.415182590485, 0.415182113647, 0.415182590485, 0.415182113647, 0.415182113647, 0.415183067322, 0.415183067322]
    onset_times: [0.0580498874187, 0.197369620204, 0.684988677502, 0.812698423862, 0.952018141747, 1.06811785698, 1.17260766029, 1.30031740665, 1.48607707024, 1.68344676495, 1.99691605568, 2.20589566231, 2.49614500999, 2.60063481331, 2.69351482391, 2.80961441994, 2.9837641716, 3.1811337471, 3.32045340538, 3.42494320869, 3.70358276367, 3.9125623703, 3.99383211136, 4.20281171799, 4.3073015213, 4.69043064117, 4.80653047562, 5.06195020676, 5.18966007233, 5.52634906769, 5.70049905777, 6.03718805313, 6.51319742203, 6.6989569664, 6.82666683197, 7.38394546509, 7.56970500946, 7.75546503067, 8.16181373596, 8.60299301147, 8.68426322937, 8.87002277374, 9.03256225586, 9.287981987, 9.35764217377, 9.7639913559, 9.86848068237, 9.97297096252]
    rubato_start: [6.09363460541]
    rubato_stop: [6.50881671906]
    perceptual_tempo: "unknown"

sfx:
    inharmonicity:
        dmean: 0.0177094954997
        dmean2: 0.0320601649582
        dvar: 0.00116544181947
        dvar2: 0.00324295763858
        max: 0.415610790253
        mean: 0.0129601359367
        min: 3.15460084721e-07
        var: 0.000783009571023
    oddtoevenharmonicenergyratio:
        dmean: 2.73405146599
        dmean2: 5.26620292664
        dvar: 50.2180595398
        dvar2: 147.427047729
        max: 56.2224349976
        mean: 1.65531051159
        min: 4.81637925986e-07
        var: 29.4657478333
    pitch_after_max_to_before_max_energy_ratio: 0.626018583775
    pitch_centroid: 227.480438232
    pitch_max_to_total: 0.686046540737
    pitch_min_to_total: 0.479069769382
    tristimulus:
        dmean: [0.272674381733, 0.26435020566, 0.0127678215504]
        dmean2: [0.479612290859, 0.463800042868, 0.02292631194]
        dvar: [0.0559969246387, 0.0550658144057, 0.000526309479028]
        dvar2: [0.155701756477, 0.152249932289, 0.00149977335241]
        max: [0.998602807522, 0.940860152245, 0.244944468141]
        mean: [0.67061060667, 0.312443584204, 0.0111839361489]
        min: [0.0401895530522, 0, 0]
        var: [0.0753163024783, 0.0734418407083, 0.000363328261301]

tonal:
    chords_changes_rate: 0.0185185186565
    chords_number_rate: 0.0138888889924
    chords_strength:
        dmean: 0.00746895093471
        dmean2: 0.00836832728237
        dvar: 4.81611023133e-05
        dvar2: 4.97174623888e-05
        max: 0.7935962677
        mean: 0.667286157608
        min: 0.284208238125
        var: 0.00762741779909
    key_strength: 0.749541938305
    tuning_diatonic_strength: 0.622158110142
    tuning_equal_tempered_deviation: 0.127647295594
    tuning_frequency: 442.804626465
    tuning_nontempered_energy_ratio: 0.803193211555
    hpcp:
        dmean: [0.0585954710841, 0.0994811356068, 0.146890461445, 0.138381272554, 0.0795236825943, 0.0510721169412, 0.0717088505626, 0.15022289753, 0.267539083958, 0.248835712671, 0.223369330168, 0.141489669681, 0.097388535738, 0.0906510278583, 0.108945272863, 0.134808942676, 0.115008436143, 0.0993256047368, 0.097456663847, 0.113881491125, 0.169831693172, 0.182029053569, 0.103111959994, 0.0359413474798, 0.0215484853834, 0.0175506267697, 0.0239630490541, 0.0485403239727, 0.123896129429, 0.225331440568, 0.249045670033, 0.196063920856, 0.115583568811, 0.0606166534126, 0.0507758632302, 0.0507004931569]
        dmean2: [0.102017983794, 0.161032110453, 0.243283346295, 0.240514084697, 0.143829882145, 0.0878088921309, 0.133560076356, 0.260067939758, 0.446526914835, 0.42451697588, 0.37190580368, 0.248379960656, 0.180830970407, 0.158265277743, 0.18152590096, 0.221452146769, 0.198551058769, 0.172684133053, 0.171599164605, 0.192076846957, 0.276486605406, 0.311724513769, 0.177402570844, 0.0660551860929, 0.0403424464166, 0.0296417605132, 0.0421085953712, 0.0922859758139, 0.21937546134, 0.367093205452, 0.414272069931, 0.290097028017, 0.183082520962, 0.106816567481, 0.0945445969701, 0.0909242033958]
        dvar: [0.0118490094319, 0.023796306923, 0.0412925444543, 0.0348044894636, 0.0165504552424, 0.0081187505275, 0.0230209995061, 0.0448895059526, 0.0617378056049, 0.0679146498442, 0.0500908307731, 0.0416023917496, 0.0374951399863, 0.020046165213, 0.0324112549424, 0.0251663122326, 0.0234034396708, 0.0298748090863, 0.0346413329244, 0.0287927538157, 0.0375920981169, 0.0430359654129, 0.0197733752429, 0.00382780190557, 0.0040334626101, 0.00253383861855, 0.00204007420689, 0.0146844722331, 0.0358707644045, 0.0526775941253, 0.0547073483467, 0.0359706357121, 0.0298056416214, 0.0138346236199, 0.0175240412354, 0.0141063090414]
        dvar2: [0.0321201533079, 0.0610940381885, 0.104946382344, 0.0905854701996, 0.0464942120016, 0.02050210163, 0.062356762588, 0.125023812056, 0.17073071003, 0.160117521882, 0.148414313793, 0.105912871659, 0.103849686682, 0.0522081963718, 0.0691179707646, 0.0665799081326, 0.0595751479268, 0.0703307986259, 0.0882681757212, 0.07305572927, 0.09540938586, 0.110557720065, 0.0494645126164, 0.0104329828173, 0.0113928169012, 0.00369308702648, 0.00423913029954, 0.0422249063849, 0.0945928320289, 0.11616744101, 0.133222311735, 0.0819219499826, 0.0650597661734, 0.0375463925302, 0.0424613468349, 0.0364892855287]
        max: [0.839226007462, 1, 1, 1, 1, 0.747116804123, 1, 1, 1, 1, 1, 1, 1, 0.788151502609, 1, 1, 1, 1, 1, 1, 1, 1, 0.975639104843, 0.376990586519, 0.552022457123, 0.663126468658, 0.457873821259, 0.846602678299, 1, 1, 1, 1, 1, 0.795291364193, 1, 0.988965570927]
        mean: [0.0465413741767, 0.112790979445, 0.178181961179, 0.132541164756, 0.0607481859624, 0.0409172214568, 0.047404166311, 0.128461763263, 0.382320553064, 0.516278505325, 0.310980021954, 0.117825478315, 0.0661103278399, 0.0911341309547, 0.161740019917, 0.15682336688, 0.122935771942, 0.133212029934, 0.113689154387, 0.123676858842, 0.216869994998, 0.220257550478, 0.102787151933, 0.0257630962878, 0.0141027644277, 0.0151963410899, 0.018961885944, 0.0316085256636, 0.108406767249, 0.335398286581, 0.450064331293, 0.286239594221, 0.116559870541, 0.0517075248063, 0.040768828243, 0.0393408052623]
        min: [1.76683843165e-05, 3.71595342585e-05, 7.43761193007e-05, 6.39367863187e-05, 4.08004707424e-05, 5.93412914895e-05, 3.67624743376e-05, 3.53800282937e-06, 5.40488872502e-06, 7.53208587412e-06, 0.000211979422602, 7.75391617935e-06, 1.11363406177e-05, 0.000158342867508, 7.88804754848e-05, 0.000118516385555, 0.00088794506155, 8.26632385724e-05, 7.00639357092e-05, 5.3293883866e-06, 6.13040265307e-06, 3.59314503839e-06, 3.4029278595e-06, 1.72601012309e-05, 3.62641185347e-06, 2.64959862761e-06, 4.16053126173e-06, 7.46372461435e-06, 2.83124754787e-05, 0.00159926968627, 0.00285371253267, 0.00016471518029, 3.67761663256e-06, 1.35485936426e-06, 3.06879046548e-05, 2.47663083428e-05]
        var: [0.00924788601696, 0.027808252722, 0.0579231753945, 0.0380899608135, 0.0137294288725, 0.00920811668038, 0.0155582660809, 0.0388290807605, 0.106361933053, 0.140586957335, 0.0883359238505, 0.0415566675365, 0.0262094456702, 0.0272786729038, 0.0785087421536, 0.0382486507297, 0.0280977636576, 0.0575830750167, 0.053992304951, 0.0333522297442, 0.0603782497346, 0.0640923827887, 0.0250023081899, 0.00303170853294, 0.00230170297436, 0.00240336661227, 0.00182202970609, 0.00878154300153, 0.0323509126902, 0.0996625423431, 0.121107921004, 0.087129406631, 0.0427214428782, 0.0143921263516, 0.0144211687148, 0.0113211106509]
    chords_histogram: [76.851852417, 0, 0, 11.1111106873, 0, 0.462962955236, 0, 0, 0, 0, 0, 0, 0.462962955236, 0, 0, 0, 0, 11.1111106873, 0, 0, 0, 0, 0, 0]
    thpcp: [1, 0.602349340916, 0.228220775723, 0.128051683307, 0.176521256566, 0.313280552626, 0.303757309914, 0.238119095564, 0.258023589849, 0.220208957791, 0.239554539323, 0.420063972473, 0.426625460386, 0.199092447758, 0.0499015487731, 0.0273161958903, 0.0294343866408, 0.0367280170321, 0.0612237863243, 0.209977298975, 0.649646043777, 0.871747195721, 0.554428637028, 0.225769370794, 0.100154325366, 0.0789667367935, 0.0762007385492, 0.0901478081942, 0.218469247222, 0.345127612352, 0.256724148989, 0.117665536702, 0.0792541652918, 0.0918189808726, 0.248822599649, 0.740531623363]
    chords_key: "C"
    chords_scale: "major"
    key_key: "C"
    key_scale: "major"
    chords_progression: ["C", "C", "C", "C", "C", "C", "C", "C", "C", "C", "C", "C", "C", "C", "C", "C", "C", "C", "C", "C", "C", "C", "C", "C", "C", "C", "C", "C", "C", "C", "C", "C", "C", "C", "C", "C", "C", "C", "C", "C", "C", "C", "C", "C", "C", "C", "C", "C", "C", "C", "C", "C", "C", "C", "C", "C", "C", "C", "C", "C", "C", "C", "C", "C", "C", "C", "C", "C", "C", "C", "C", "C", "C", "C", "C", "C", "C", "C", "C", "C", "C", "C", "C", "C", "C", "C", "C", "C", "C", "C", "C", "C", "C", "C", "C", "C", "C", "C", "C", "C", "C", "C", "C", "C", "C", "C", "C", "C", "C", "C", "C", "C", "C", "C", "C", "C", "C", "C", "C", "C", "C", "C", "C", "C", "C", "C", "C", "C", "C", "C", "C", "C", "C", "C", "C", "C", "C", "C", "C", "C", "C", "C", "C", "C", "C", "C", "C", "C", "C", "C", "C", "C", "C", "C", "C", "C", "C", "C", "C", "C", "C", "C", "C", "C", "C", "C", "Cm", "Cm", "Cm", "Cm", "Cm", "Cm", "Cm", "Cm", "Cm", "Cm", "Cm", "Cm", "Cm", "Cm", "Cm", "Cm", "Cm", "Cm", "Cm", "Cm", "Cm", "Cm", "Cm", "Cm", "Bm", "Bm", "Bm", "Bm", "Bm", "Bm", "Bm", "Bm", "Bm", "Bm", "Bm", "Bm", "Bm", "Bm", "Bm", "Bm", "Bm", "Bm", "Bm", "Bm", "Bm", "Bm", "Bm", "Bm", "F#", "F#m"]
