
metadata:
    version:
        essentia: "1.2.2"
    audio_properties:
        analysis_sample_rate: 44100
        bitrate: 128
        channels: 2
        equal_loudness: 1
        length: 9.87428569794
        replay_gain: -11.1857700348
        downmix: "mix"
    tags:
        track: 17
        year: 0
        album: "Splitted by Mp3Splt v. 2.1"
        artist: "From 002.40 To 002.50"
        comment: "http://mp3splt.sf.net"
        genre: ""
        title: "06 Everything I Said.mp3"

highlevel:
    ballroom:
        all:
            ChaChaCha: 0.00485711358488
            Jive: 0.0066839242354
            Quickstep: 0.0478851646185
            Rumba-American: 0.0136173879728
            Rumba-International: 0.166942670941
            Rumba-Misc: 0.0900128409266
            Samba: 0.0151938935742
            Tango: 0.0469357334077
            VienneseWaltz: 0.244248747826
            Waltz: 0.363622516394
        probability: 0.363622516394
        value: "Waltz"
    culture:
        all:
            non_western: 0.163679793477
            western: 0.836320221424
        probability: 0.836320221424
        value: "western"
    gender:
        all:
            female: 0.950119495392
            male: 0.0498805120587
        probability: 0.950119495392
        value: "female"
    genre_dortmund:
        all:
            alternative: 0.15981297195
            blues: 0.0576553754508
            electronic: 0.0467869974673
            folkcountry: 0.335015445948
            funksoulrnb: 0.00538259837776
            jazz: 0.105493448675
            pop: 0.16840685904
            raphiphop: 0.00339892017655
            rock: 0.118047393858
        probability: 0.335015445948
        value: "folkcountry"
    genre_electronica:
        all:
            ambient: 0.965374171734
            dnb: 0.0090991538018
            house: 0.00176535942592
            techno: 0.000993581023067
            trance: 0.022767752409
        probability: 0.965374171734
        value: "ambient"
    genre_rosamerica:
        all:
            cla: 0.0478636585176
            dan: 0.0133066251874
            hip: 0.00764011172578
            jaz: 0.512699246407
            pop: 0.340025246143
            rhy: 0.0160080101341
            roc: 0.0585170388222
            spe: 0.00394003652036
        probability: 0.512699246407
        value: "jaz"
    genre_tzanetakis:
        all:
            blu: 0.00336483563296
            cla: 0.0293412487954
            cou: 0.0406174771488
            dis: 0.00605039531365
            hip: 0.00173657317646
            jaz: 0.573614358902
            met: 0.00258218008094
            pop: 0.26763728261
            reg: 0.0307571217418
            roc: 0.044298492372
        probability: 0.573614358902
        value: "jaz"
    live_studio:
        all:
            live: 0.456949353218
            studio: 0.543050646782
        probability: 0.543050646782
        value: "studio"
    mood:
        all:
            Cluster1: 0.180596292019
            Cluster2: 0.249235793948
            Cluster3: 0.426365882158
            Cluster4: 0.110441759229
            Cluster5: 0.0333602912724
        probability: 0.426365882158
        value: "Cluster3"
    mood_acoustic:
        all:
            acoustic: 0.98003077507
            not_acoustic: 0.0199692286551
        probability: 0.98003077507
        value: "acoustic"
    mood_aggressive:
        all:
            aggressive: 3.09165500312e-07
            not_aggressive: 0.999999701977
        probability: 0.999999701977
        value: "not_aggressive"
    mood_electronic:
        all:
            electronic: 0.271411657333
            not_electronic: 0.728588342667
        probability: 0.728588342667
        value: "not_electronic"
    mood_happy:
        all:
            happy: 0.0748444870114
            not_happy: 0.925155520439
        probability: 0.925155520439
        value: "not_happy"
    mood_party:
        all:
            not_party: 0.961142241955
            party: 0.0388577617705
        probability: 0.961142241955
        value: "not_party"
    mood_relaxed:
        all:
            not_relaxed: 0.03367530182
            relaxed: 0.966324687004
        probability: 0.966324687004
        value: "relaxed"
    mood_sad:
        all:
            not_sad: 0.0783602297306
            sad: 0.921639800072
        probability: 0.921639800072
        value: "sad"
    rhythm:
        all:
            fast: 0.26520884037
            medium: 0.566179633141
            slow: 0.168611511588
        probability: 0.566179633141
        value: "medium"
    speech_music:
        all:
            music: 0.999564290047
            speech: 0.000435699592344
        probability: 0.999564290047
        value: "music"
    timbre:
        all:
            bright: 0.0916522443295
            dark: 0.908347725868
        probability: 0.908347725868
        value: "dark"
    voice_instrumental:
        all:
            instrumental: 0.943318784237
            voice: 0.0566812194884
        probability: 0.943318784237
        value: "instrumental"

lowlevel:
    average_loudness: 0.938429355621
    barkbands_kurtosis:
        dmean: 1.55270349979
        dmean2: 2.54176926613
        dvar: 7.50882482529
        dvar2: 17.1807632446
        max: 53.5182914734
        mean: 2.47536492348
        min: -1.82596993446
        var: 32.7556724548
    barkbands_skewness:
        dmean: 0.37833788991
        dmean2: 0.626528143883
        dvar: 0.143890529871
        dvar2: 0.330807030201
        max: 6.98042297363
        mean: 1.30206346512
        min: -0.851162791252
        var: 1.00192308426
    barkbands_spread:
        dmean: 3.85162854195
        dmean2: 6.11738300323
        dvar: 14.3730697632
        dvar2: 33.9795417786
        max: 50.0971946716
        mean: 21.3038425446
        min: 1.86460232735
        var: 130.126876831
    dissonance:
        dmean: 0.0238589625806
        dmean2: 0.0395989455283
        dvar: 0.000634783995338
        dvar2: 0.00138882710598
        max: 0.493365466595
        mean: 0.427247107029
        min: 0.123248204589
        var: 0.00201766239479
    hfc:
        dmean: 0.676979959011
        dmean2: 0.99065965414
        dvar: 1.0193464756
        dvar2: 1.95441257954
        max: 11.063627243
        mean: 2.98043704033
        min: 0.00200591073371
        var: 3.84924721718
    pitch:
        dmean: 205.347091675
        dmean2: 398.254150391
        dvar: 373263.40625
        dvar2: 979513
        max: 4009.09082031
        mean: 375.91796875
        min: 96.0784301758
        var: 249626.671875
    pitch_instantaneous_confidence:
        dmean: 0.0654196441174
        dmean2: 0.100275427103
        dvar: 0.00473310332745
        dvar2: 0.0117271011695
        max: 0.934747099876
        mean: 0.614861190319
        min: 0.218244433403
        var: 0.0286379158497
    pitch_salience:
        dmean: 0.0484724082053
        dmean2: 0.0724894478917
        dvar: 0.00222488841973
        dvar2: 0.00491331890225
        max: 0.936658501625
        mean: 0.492546766996
        min: 0.112664707005
        var: 0.0173415336758
    silence_rate_20dB:
        dmean: 0
        dmean2: 0
        dvar: 0
        dvar2: 0
        max: 1
        mean: 1
        min: 1
        var: 0
    silence_rate_30dB:
        dmean: 0
        dmean2: 0
        dvar: 0
        dvar2: 0
        max: 1
        mean: 1
        min: 1
        var: 0
    silence_rate_60dB:
        dmean: 0.089411765337
        dmean2: 0.179245278239
        dvar: 0.0814171209931
        dvar2: 0.170700788498
        max: 1
        mean: 0.563380300999
        min: 0
        var: 0.245983064175
    spectral_centroid:
        dmean: 147.257919312
        dmean2: 241.285125732
        dvar: 27876.2050781
        dvar2: 73034.5
        max: 2142.30932617
        mean: 942.767333984
        min: 433.138244629
        var: 129669.695312
    spectral_complexity:
        dmean: 1.58392429352
        dmean2: 2.60900473595
        dvar: 3.30677390099
        dvar2: 6.65042257309
        max: 21
        mean: 6.85613203049
        min: 0
        var: 7.38731765747
    spectral_crest:
        dmean: 1.74858927727
        dmean2: 2.76084399223
        dvar: 3.17027139664
        dvar2: 7.35540628433
        max: 25.9168395996
        mean: 11.5856561661
        min: 3.74706268311
        var: 23.9359664917
    spectral_decrease:
        dmean: 1.57451857108e-10
        dmean2: 2.34069014171e-10
        dvar: 4.7609427056e-20
        dvar2: 9.43003928263e-20
        max: -4.06347319074e-13
        mean: -8.59131210618e-10
        min: -3.0143338936e-09
        var: 3.94051188684e-19
    spectral_energy:
        dmean: 0.000643884879537
        dmean2: 0.000953723676503
        dvar: 8.04037142643e-07
        dvar2: 1.57660485911e-06
        max: 0.0120976315811
        mean: 0.00351289636455
        min: 1.71559088358e-06
        var: 6.29184887657e-06
    spectral_energyband_high:
        dmean: 3.33805473929e-05
        dmean2: 5.11062571604e-05
        dvar: 6.23658902299e-09
        dvar2: 1.31370354595e-08
        max: 0.000908580608666
        mean: 6.58094650134e-05
        min: 1.25289716379e-08
        var: 8.92617091353e-09
    spectral_energyband_low:
        dmean: 3.97557123506e-05
        dmean2: 6.65686529828e-05
        dvar: 5.31196846509e-08
        dvar2: 1.55783851596e-07
        max: 0.00323277246207
        mean: 0.000137183989864
        min: 6.67130795051e-09
        var: 3.56982603478e-08
    spectral_energyband_middle_high:
        dmean: 0.000225839510676
        dmean2: 0.000324353226461
        dvar: 7.89387968325e-08
        dvar2: 1.37979981218e-07
        max: 0.00568117992952
        mean: 0.000857219682075
        min: 5.8304368622e-07
        var: 8.56403744365e-07
    spectral_energyband_middle_low:
        dmean: 0.000501106027514
        dmean2: 0.000760214868933
        dvar: 4.94153994168e-07
        dvar2: 9.66960669757e-07
        max: 0.0114210611209
        mean: 0.00245268340223
        min: 1.11299561922e-06
        var: 5.48083562535e-06
    spectral_flatness_db:
        dmean: 0.01312114764
        dmean2: 0.0197374988347
        dvar: 0.000166175886989
        dvar2: 0.000331274117343
        max: 0.331463038921
        mean: 0.196490004659
        min: 0.106539644301
        var: 0.00158742186613
    spectral_flux:
        dmean: 0.00571237830445
        dmean2: 0.00890395883471
        dvar: 5.4560310673e-05
        dvar2: 0.000116844355944
        max: 0.0816889554262
        mean: 0.0212659612298
        min: 0.00681179342791
        var: 0.000120185599371
    spectral_kurtosis:
        dmean: 1.01083827019
        dmean2: 1.65200412273
        dvar: 1.28188169003
        dvar2: 3.57418322563
        max: 16.150472641
        mean: 4.86410617828
        min: 0.69197845459
        var: 5.24435043335
    spectral_rms:
        dmean: 0.000174381508259
        dmean2: 0.000249488191912
        dvar: 4.90063278846e-08
        dvar2: 8.90437306111e-08
        max: 0.00343548646197
        mean: 0.00174198369496
        min: 4.09114545619e-05
        var: 3.92711683617e-07
    spectral_rolloff:
        dmean: 406.432556152
        dmean2: 723.352111816
        dvar: 292125.6875
        dvar2: 755777.1875
        max: 3983.64257812
        mean: 1783.75024414
        min: 366.064453125
        var: 1003711.1875
    spectral_skewness:
        dmean: 0.149920761585
        dmean2: 0.233899250627
        dvar: 0.0232633668929
        dvar2: 0.0564738623798
        max: 3.33985924721
        mean: 1.90601599216
        min: 1.01800251007
        var: 0.16057536006
    spectral_spread:
        dmean: 469366.8125
        dmean2: 663200.0625
        dvar: 340761772032
        dvar2: 395522244608
        max: 14410548
        mean: 5444375
        min: 2782864.25
        var: 2.11369577677e+12
    spectral_strongpeak:
        dmean: 0.195711269975
        dmean2: 0.326108783484
        dvar: 0.0737321898341
        dvar2: 0.190998330712
        max: 2.21190738678
        mean: 0.747610211372
        min: 0.000508922908921
        var: 0.357130020857
    zerocrossingrate:
        dmean: 0.00582243641838
        dmean2: 0.00701991096139
        dvar: 3.40772639902e-05
        dvar2: 4.54266919405e-05
        max: 0.12060546875
        mean: 0.058119289577
        min: 0.009765625
        var: 0.000462318188511
    barkbands:
        dmean: [4.05089011224e-08, 1.68038986885e-05, 2.80595559161e-05, 3.6452893255e-05, 0.000138988471008, 0.000147619837662, 0.000241994028329, 6.79127842886e-05, 5.08235243615e-05, 0.000131267806864, 2.10215439438e-05, 2.52822064795e-05, 7.79073161539e-06, 1.51690837811e-05, 1.11132912934e-05, 4.41066986241e-05, 7.39938914194e-05, 6.64085673634e-05, 3.96201539843e-05, 3.57507960871e-05, 1.2094585145e-05, 3.09761594508e-06, 8.65510571657e-07, 9.86036752693e-07, 8.37135701204e-07, 2.42275266515e-08, 2.93724516931e-10]
        dmean2: [7.24874595903e-08, 2.84362995444e-05, 4.66427009087e-05, 6.09571325185e-05, 0.00024119054433, 0.000212930739508, 0.000341881706845, 9.94030706352e-05, 6.35100586805e-05, 0.00017692844267, 2.26729971473e-05, 3.11524854624e-05, 1.24853140733e-05, 2.22855996981e-05, 1.7545386072e-05, 7.68353274907e-05, 0.000127179242554, 0.000115516784717, 6.63348764647e-05, 5.78008184675e-05, 1.90073969861e-05, 4.25812959293e-06, 1.28003421196e-06, 1.46373656662e-06, 1.23037887079e-06, 3.52443727536e-08, 4.83583506572e-10]
        dvar: [5.06722519034e-14, 1.20639702672e-08, 1.92569427071e-08, 8.87107454162e-09, 8.24453181281e-08, 5.87477764213e-08, 3.51959641876e-07, 7.96448702545e-08, 1.38614462131e-08, 8.5468450095e-08, 6.91358614802e-09, 2.75973244257e-09, 9.64199053932e-10, 4.51442022653e-10, 2.50665738166e-10, 2.36942354626e-09, 6.4919301046e-09, 1.25156649489e-08, 6.27314600266e-09, 4.46267600651e-09, 1.6385983681e-09, 9.47144793151e-11, 7.95708117451e-12, 2.07249213451e-12, 1.72410566726e-12, 7.19212287382e-15, 4.49688302772e-18]
        dvar2: [1.51143962797e-13, 3.61243799318e-08, 5.71961855655e-08, 2.8244594219e-08, 2.26708877449e-07, 1.17785496911e-07, 5.13926181611e-07, 1.35542123303e-07, 1.82807191607e-08, 1.5362280692e-07, 5.81939874067e-09, 5.37510924659e-09, 1.86344184527e-09, 9.04510688571e-10, 6.41565467419e-10, 6.29781160555e-09, 1.65875650993e-08, 3.78071369767e-08, 1.60037085806e-08, 1.05056487953e-08, 3.84738729764e-09, 1.8353203679e-10, 1.5421016894e-11, 4.55749674111e-12, 4.13464922022e-12, 1.46066020607e-14, 1.13326225462e-17]
        max: [3.25810833601e-06, 0.00157955940813, 0.00165205518715, 0.0012139622122, 0.00304576708004, 0.00397530011833, 0.0112220644951, 0.00827754288912, 0.00168121070601, 0.00433605676517, 0.00249729724601, 0.00116033549421, 0.000460334355012, 0.000447646394605, 0.000171365827555, 0.000404348189477, 0.000674286566209, 0.000876472156961, 0.000843889429234, 0.000758969341405, 0.000487343670102, 0.000108134736365, 2.80414333247e-05, 1.65564724739e-05, 1.38722707561e-05, 1.35194079576e-06, 3.1118499777e-08]
        mean: [1.26654242649e-07, 5.6899683841e-05, 8.01596252131e-05, 9.58502787398e-05, 0.000339532038197, 0.000523655326106, 0.000844421971124, 0.00034188729478, 0.000142307791975, 0.000413795089116, 6.82064928696e-05, 6.53582173982e-05, 1.45696267282e-05, 3.97873045586e-05, 1.96737146325e-05, 5.92438009335e-05, 0.000154666486196, 9.78371754172e-05, 6.05211353104e-05, 6.52430826449e-05, 1.87024816114e-05, 4.7108878789e-06, 1.40102747537e-06, 2.29707234212e-06, 1.99071041607e-06, 5.34635269389e-08, 2.23792595566e-10]
        min: [3.26820792651e-11, 1.54476631486e-09, 4.94967311582e-09, 1.34956668063e-08, 1.02746071207e-07, 1.80696702046e-07, 1.48200072658e-07, 2.22333113697e-07, 4.20259283374e-07, 8.78779786717e-08, 3.32502771982e-08, 1.08948254862e-08, 1.95686808979e-08, 5.82160275542e-09, 9.05029740039e-09, 6.64379751214e-09, 3.05621540519e-07, 8.64467111228e-08, 3.87849077299e-08, 6.51023590592e-09, 4.67259386738e-09, 1.63337376957e-09, 1.26655153032e-09, 9.3384655564e-10, 9.10439390545e-10, 3.53316377891e-12, 1.12495064059e-14]
        var: [4.94373456289e-14, 7.54585727236e-09, 1.29735822085e-08, 1.57411665924e-08, 9.42718614283e-08, 5.39973825653e-07, 3.61978800356e-06, 1.86245915756e-06, 9.62623758483e-08, 7.10104075097e-07, 7.46600363755e-08, 2.52820182567e-08, 1.68105052101e-09, 3.84910725515e-09, 4.00907751441e-10, 3.11214520821e-09, 1.10578763923e-08, 2.01911980469e-08, 7.60671969857e-09, 6.87948453759e-09, 1.65856828271e-09, 1.39937103572e-10, 1.20355080069e-11, 5.4853235669e-12, 4.73606570628e-12, 2.74873761854e-14, 2.33823548487e-18]
    mfcc:
        mean: [-763.828063965, 129.123916626, -30.2223014832, 44.9299125671, 11.3526620865, -29.1357822418, 3.32993245125, -12.1234312057, 6.89895057678, -12.1280422211, -14.6493864059, -2.56563353539, -6.21495246887]
        cov: [[1372.34350586, -313.351348877, -3.47682404518, -178.370025635, -322.865997314, 77.1561965942, 16.4962348938, 18.7339401245, -73.5337677002, -19.3649234772, 15.7503929138, -9.13317394257, 37.4231872559], [-313.351348877, 439.550720215, -78.7930221558, -93.2246017456, 88.6204910278, -115.732978821, 41.9800338745, -69.452911377, 43.4775772095, -1.29297840595, 31.4588508606, 50.7961463928, -21.7001171112], [-3.47682404518, -78.7930221558, 321.730987549, 63.6778450012, 98.6144332886, 48.4645996094, -105.789024353, -68.7709655762, 11.8411693573, 65.0577697754, 26.9889621735, 11.003745079, -2.0269305706], [-178.370025635, -93.2246017456, 63.6778450012, 314.323150635, 145.656539917, 38.3153114319, -6.82336091995, 18.0761528015, -5.07086038589, -3.8353869915, -21.7118682861, -35.5260238647, -5.49642467499], [-322.865997314, 88.6204910278, 98.6144332886, 145.656539917, 276.356170654, -42.5003051758, 27.0766563416, -50.1193161011, 41.2229423523, 4.16776275635, -54.0354614258, 6.48644828796, -36.2166824341], [77.1561965942, -115.732978821, 48.4645996094, 38.3153114319, -42.5003051758, 169.947692871, -35.3834762573, 37.5075492859, -18.1323890686, 21.5422325134, 10.9906082153, -35.6456604004, 10.6545591354], [16.4962348938, 41.9800338745, -105.789024353, -6.82336091995, 27.0766563416, -35.3834762573, 219.832839966, 29.4043426514, -6.58184242249, -75.9430007935, -97.4638519287, -13.8281984329, -71.6493835449], [18.7339401245, -69.452911377, -68.7709655762, 18.0761528015, -50.1193161011, 37.5075492859, 29.4043426514, 93.4738998413, -7.28106641769, -23.8100967407, -19.1037807465, -27.5213184357, 10.9612064362], [-73.5337677002, 43.4775772095, 11.8411693573, -5.07086038589, 41.2229423523, -18.1323890686, -6.58184242249, -7.28106641769, 65.8318710327, 19.9803771973, -6.71964693069, -1.93308448792, -1.91236019135], [-19.3649234772, -1.29297840595, 65.0577697754, -3.8353869915, 4.16776275635, 21.5422325134, -75.9430007935, -23.8100967407, 19.9803771973, 93.5679702759, 51.6391983032, 4.72459840775, 15.3979225159], [15.7503929138, 31.4588508606, 26.9889621735, -21.7118682861, -54.0354614258, 10.9906082153, -97.4638519287, -19.1037807465, -6.71964693069, 51.6391983032, 133.760513306, 29.0345973969, 45.5222740173], [-9.13317394257, 50.7961463928, 11.003745079, -35.5260238647, 6.48644828796, -35.6456604004, -13.8281984329, -27.5213184357, -1.93308448792, 4.72459840775, 29.0345973969, 62.3643722534, 17.6107063293], [37.4231872559, -21.7001171112, -2.0269305706, -5.49642467499, -36.2166824341, 10.6545591354, -71.6493835449, 10.9612064362, -1.91236019135, 15.3979225159, 45.5222740173, 17.6107063293, 98.3230895996]]
        icov: [[0.00133805407677, 0.000930753943976, -0.000312415359076, 0.000348498986568, 0.001419260283, -5.6746059272e-05, -0.000934311072342, 0.00133333774284, 4.49657381978e-05, 0.000159310657182, -3.57707685907e-05, 7.13899353286e-05, -0.000611684867181], [0.000930753943976, 0.00530026014894, 0.00179090641905, 0.00204163813032, -0.00186403410044, 0.000587136717513, -0.00134885823354, 0.00314505002461, -0.00164983863942, 0.000802672235295, -0.00309710786678, -0.000453318323707, 0.000240117573412], [-0.000312415359076, 0.00179090641905, 0.0065690651536, 0.000395552197006, -0.00314815319143, -0.00192688498646, 0.00232642912306, 0.0035255337134, -0.000308122689603, -0.0011350652203, -0.000398725591367, -0.00133548502345, 0.00161873805337], [0.000348498986568, 0.00204163813032, 0.000395552197006, 0.00660521630198, -0.00509596755728, -0.000447063735919, 4.1778319428e-05, -0.0012305281125, 0.00191712647211, 0.00104766152799, -0.00251391064376, 0.00310924462974, -0.000485422904603], [0.001419260283, -0.00186403410044, -0.00314815319143, -0.00509596755728, 0.012144911103, 0.000972989597358, -0.00168661447242, 0.0035275274422, -0.00345406797715, -0.000809246499557, 0.00496430648491, -0.00239966157824, -0.000364659295883], [-5.6746059272e-05, 0.000587136717513, -0.00192688498646, -0.000447063735919, 0.000972989597358, 0.00930966436863, 0.000131743116071, -0.00342539371923, 0.00211131735705, -0.00198512966745, -0.000469963852083, 0.00382802891545, -0.000202195733436], [-0.000934311072342, -0.00134885823354, 0.00232642912306, 4.1778319428e-05, -0.00168661447242, 0.000131743116071, 0.0116754034534, -0.00324245216325, 0.000894844415598, 0.00332428026013, 0.00442606536672, -0.00203899922781, 0.00615498283878], [0.00133333774284, 0.00314505002461, 0.0035255337134, -0.0012305281125, 0.0035275274422, -0.00342539371923, -0.00324245216325, 0.0218837037683, -0.00311430962756, 0.00245953164995, 0.00014830197324, 0.00373709364794, -0.00412516156211], [4.49657381978e-05, -0.00164983863942, -0.000308122689603, 0.00191712647211, -0.00345406797715, 0.00211131735705, 0.000894844415598, -0.00311430962756, 0.0211435053498, -0.00596346566454, 0.00245972163975, 0.00317200180143, -0.00114402815234], [0.000159310657182, 0.000802672235295, -0.0011350652203, 0.00104766152799, -0.000809246499557, -0.00198512966745, 0.00332428026013, 0.00245953164995, -0.00596346566454, 0.0195939112455, -0.00591612840071, 0.00160463375505, 0.00148415367585], [-3.57707685907e-05, -0.00309710786678, -0.000398725591367, -0.00251391064376, 0.00496430648491, -0.000469963852083, 0.00442606536672, 0.00014830197324, 0.00245972163975, -0.00591612840071, 0.0174227915704, -0.00565857021138, -0.00180904695299], [7.13899353286e-05, -0.000453318323707, -0.00133548502345, 0.00310924462974, -0.00239966157824, 0.00382802891545, -0.00203899922781, 0.00373709364794, 0.00317200180143, 0.00160463375505, -0.00565857021138, 0.0262048356235, -0.00544543936849], [-0.000611684867181, 0.000240117573412, 0.00161873805337, -0.000485422904603, -0.000364659295883, -0.000202195733436, 0.00615498283878, -0.00412516156211, -0.00114402815234, 0.00148415367585, -0.00180904695299, -0.00544543936849, 0.0168535094708]]
    spectral_contrast:
        mean: [1.96913219952e-07, 1.84841169926e-07, -6.01792521593e-07, 6.34705088487e-08, 1.45321465084e-07, -3.28458156673e-07, 3.17041531162e-06, -2.13761381929e-06, 6.34733214611e-06, -4.08910364058e-06, -3.94908875023e-06, -6.88827276463e-06]
        var: [0.000302987871692, 0.000833324738778, 0.00102589628659, 0.00275311246514, 0.00495989760384, 0.00838753115386, 0.0542480573058, 0.105133041739, 0.132598295808, 0.180023312569, 0.269939988852, 0.84935683012]

rhythm:
    beats_loudness:
        dmean: 0.0017064854037
        dmean2: 0.00253279041499
        dvar: 2.78926950159e-06
        dvar2: 5.75917874812e-06
        max: 0.0100279049948
        mean: 0.00397590734065
        min: 0.00120651011821
        var: 6.68957000016e-06
    beats_loudness_bass:
        dmean: 0.038511864841
        dmean2: 0.0464498624206
        dvar: 0.0018131909892
        dvar2: 0.00317110144533
        max: 0.260457366705
        mean: 0.0673584640026
        min: 0.00777453137562
        var: 0.00449249567464
    bpm: 130.396118164
    bpm_confidence: 0
    first_peak_bpm: 130
    first_peak_spread: 0.368421077728
    first_peak_weight: 0.600000023842
    onset_rate: 2.83564805984
    second_peak_bpm: 89
    second_peak_spread: 0
    second_peak_weight: 0.0500000007451
    beats_position: [0.141983225942, 0.60430431366, 1.06662535667, 1.52894639969, 1.9912674427, 2.45358848572, 2.91590952873, 3.37823057175, 3.84055161476, 4.30287265778, 4.76519393921, 5.2275147438, 5.68983602524, 6.36170816422, 6.81696081161, 7.27221345901, 7.72746562958, 8.18271923065, 8.63797092438, 9.09322357178, 9.54847621918]
    bpm_estimates: [128.762802124, 130.53288269, 130.863372803, 129.105072021, 129.660522461, 130.651870728, 131.208755493, 130.776824951, 131.171661377, 131.22744751]
    bpm_intervals: [0.462321102619, 0.462321043015, 0.462321043015, 0.462321043015, 0.462321043015, 0.462321043015, 0.462321043015, 0.462321043015, 0.462321043015, 0.462321281433, 0.462320804596, 0.462321281433, 0.671872138977, 0.4552526474, 0.4552526474, 0.455252170563, 0.455253601074, 0.455251693726, 0.4552526474, 0.4552526474]
    onset_times: [0.0696598663926, 0.452789127827, 0.719818592072, 0.952018141747, 2.28716564178, 3.22757363319, 3.50621318817, 3.63392281532, 4.051882267, 4.15637207031, 4.45823144913, 4.7833108902, 4.93424034119, 5.07356023788, 5.39863967896, 5.68888902664, 6.14167785645, 6.24616765976, 6.3622674942, 6.52480745316, 6.9543762207, 7.27945566177, 7.85995483398, 8.17342376709, 8.52172374725, 8.60299301147, 9.11383247375, 9.75238132477]
    rubato_start: []
    rubato_stop: []
    perceptual_tempo: "unknown"

sfx:
    inharmonicity:
        dmean: 0.0387655682862
        dmean2: 0.0699808076024
        dvar: 0.00261485227384
        dvar2: 0.00728318234906
        max: 0.425007760525
        mean: 0.0407133065164
        min: 3.63707695215e-05
        var: 0.00240307603963
    oddtoevenharmonicenergyratio:
        dmean: 23.3604049683
        dmean2: 41.5863075256
        dvar: 40351.5742188
        dvar2: 106332.9375
        max: 3088.5480957
        mean: 15.1250276566
        min: 0.000282229768345
        var: 27670.1894531
    pitch_after_max_to_before_max_energy_ratio: 2.43120884895
    pitch_centroid: 207.163650513
    pitch_max_to_total: 0.226415097713
    pitch_min_to_total: 0.558962285519
    tristimulus:
        dmean: [0.182741641998, 0.194505602121, 0.0703141018748]
        dmean2: [0.322230577469, 0.339277148247, 0.124427057803]
        dvar: [0.047308281064, 0.0505194030702, 0.00586677109823]
        dvar2: [0.128883928061, 0.138716697693, 0.0161783788353]
        max: [0.933697342873, 0.957043945789, 0.511882722378]
        mean: [0.325438737869, 0.565440714359, 0.0861290618777]
        min: [0.000548162788618, 0, 0]
        var: [0.0656700134277, 0.0693816021085, 0.00695875659585]

tonal:
    chords_changes_rate: 0.0375586859882
    chords_number_rate: 0.0328638479114
    chords_strength:
        dmean: 0.00966846849769
        dmean2: 0.00712821586058
        dvar: 5.91515090491e-05
        dvar2: 5.40562941751e-05
        max: 0.707375586033
        mean: 0.494367718697
        min: 0.300304085016
        var: 0.00709052244201
    key_strength: 0.685009717941
    tuning_diatonic_strength: 0.490020006895
    tuning_equal_tempered_deviation: 0.0628996863961
    tuning_frequency: 438.731048584
    tuning_nontempered_energy_ratio: 0.666118502617
    hpcp:
        dmean: [0.0299997441471, 0.0347076915205, 0.0488804616034, 0.0605671219528, 0.0525602400303, 0.0597532689571, 0.0574327632785, 0.0347332805395, 0.062619946897, 0.0650590211153, 0.0468553416431, 0.0281928423792, 0.0220695585012, 0.0218910761178, 0.0467740185559, 0.0751182585955, 0.0589578561485, 0.0381429344416, 0.0316225551069, 0.034188542515, 0.0413837581873, 0.0493590570986, 0.0407390408218, 0.0530891567469, 0.0460809580982, 0.0440798737109, 0.0209302380681, 0.026283448562, 0.0652579888701, 0.12274236232, 0.104452095926, 0.132200777531, 0.0944946110249, 0.0631448850036, 0.0752418860793, 0.0406777821481]
        dmean2: [0.0531655810773, 0.0628466457129, 0.0877445265651, 0.0986437052488, 0.085622690618, 0.103953652084, 0.104126729071, 0.0603465884924, 0.109843470156, 0.116986364126, 0.0775112137198, 0.0473703853786, 0.0377783700824, 0.0361784696579, 0.062267895788, 0.104885175824, 0.0840795338154, 0.066438138485, 0.0502472557127, 0.0566464141011, 0.0676145255566, 0.0772043839097, 0.0672727972269, 0.0913146138191, 0.0682237371802, 0.0721162855625, 0.0352073311806, 0.0499588511884, 0.124105595052, 0.200939401984, 0.170969888568, 0.224079102278, 0.160811901093, 0.113805256784, 0.133534774184, 0.0742239803076]
        dvar: [0.0103609459475, 0.00872431043535, 0.0236964132637, 0.0214958749712, 0.0131052481011, 0.0190127231181, 0.0252161063254, 0.00682425731793, 0.0178056266159, 0.0232430193573, 0.0152833256871, 0.0106523465365, 0.00784044340253, 0.00481957010925, 0.00768087478355, 0.0148384310305, 0.00973686482757, 0.00940461177379, 0.00743994629011, 0.00719401985407, 0.00767103163525, 0.0121575919911, 0.00567918969318, 0.0141263473779, 0.0146267153323, 0.0145794861019, 0.00591162592173, 0.00989304017276, 0.0288120489568, 0.0317139662802, 0.0365357138216, 0.0364300794899, 0.0338216982782, 0.0248207077384, 0.0313142500818, 0.0123856663704]
        dvar2: [0.0300349257886, 0.0221897549927, 0.0608491115272, 0.0416908971965, 0.0266991630197, 0.0499372892082, 0.0723441019654, 0.0187779888511, 0.0518952943385, 0.0523763932288, 0.0380594730377, 0.0274400059134, 0.0200764294714, 0.0102122090757, 0.0147872390226, 0.0248351208866, 0.0192820839584, 0.0251805204898, 0.0130785945803, 0.0172168742865, 0.0183516833931, 0.0285536088049, 0.0142468204722, 0.0361335091293, 0.0262645855546, 0.0346411950886, 0.0150897493586, 0.029050655663, 0.0863307416439, 0.0816019400954, 0.0807147398591, 0.0962549448013, 0.100587449968, 0.0789553150535, 0.093314319849, 0.0358370952308]
        max: [1, 0.668637156487, 1, 1, 1, 1, 1, 0.548085570335, 1, 1, 1, 1, 1, 0.744404673576, 1, 1, 0.823070645332, 1, 1, 0.950594365597, 0.951163470745, 1, 0.556278467178, 1, 1, 1, 0.850480020046, 0.843449413776, 1, 1, 1, 1, 1, 1, 1, 1]
        mean: [0.0366744473577, 0.037120398134, 0.061152163893, 0.0950000286102, 0.0838814303279, 0.0626689270139, 0.0468631796539, 0.0356797911227, 0.0935873836279, 0.143037319183, 0.0843312069774, 0.0304274335504, 0.0225529037416, 0.0211224574596, 0.0778756514192, 0.150314345956, 0.108945719898, 0.0523126497865, 0.0687062293291, 0.0557390451431, 0.068016640842, 0.0863139554858, 0.0587096810341, 0.10007430613, 0.135590404272, 0.0724257677794, 0.0216303393245, 0.0186181403697, 0.0548442341387, 0.332198917866, 0.538375914097, 0.306660294533, 0.143769919872, 0.18537452817, 0.119925789535, 0.0403449945152]
        min: [0.00011512565834, 0.000146394886542, 0.000593560573179, 0.000930704234634, 0.00142991461325, 0.00118409085553, 0.000180469607585, 0.0003046268248, 0.00324435275979, 0.00377535866573, 0.00134994741529, 0.000263775815256, 0.000206895012525, 0.000185874174349, 0.000652580754831, 0.000900787010323, 0.000595942838117, 0.000870181364007, 0.000201312199351, 0.000311678013531, 0.000829220633022, 0.00121923827101, 0.000328574213199, 0.000813957303762, 0.000341838458553, 0.000581929925829, 0.000265332782874, 8.37581101223e-05, 0.000171173160197, 0.000445034325821, 0.000474523054436, 0.000640398880932, 0.00147913093679, 0.000961705925874, 0.000367238826584, 0.000621643615887]
        var: [0.00644155219197, 0.00762977451086, 0.0349734351039, 0.0490472875535, 0.0352780893445, 0.0209369454533, 0.0159673783928, 0.00518608605489, 0.0228481218219, 0.0670979097486, 0.033443979919, 0.00903523154557, 0.00597577542067, 0.00444234162569, 0.0151707716286, 0.0414671786129, 0.0219411291182, 0.0128545863554, 0.032167840749, 0.0175165906549, 0.0143602304161, 0.0197402667254, 0.0076853861101, 0.0410949513316, 0.0837808102369, 0.0313893184066, 0.00547613156959, 0.00545422593132, 0.0196614917368, 0.100134663284, 0.189569815993, 0.0750924050808, 0.0658745989203, 0.111710220575, 0.0557682700455, 0.00794396549463]
    chords_histogram: [6.57277011871, 5.63380289078, 10.798122406, 0, 0, 3.28638505936, 0, 45.0704231262, 0, 0, 0, 0, 0, 0, 0, 0, 0, 0, 0, 0, 0, 0, 19.2488269806, 9.38967132568]
    thpcp: [1, 0.569602549076, 0.267043739557, 0.344321727753, 0.222754746675, 0.0749383345246, 0.0681205168366, 0.0689488425851, 0.113586366177, 0.176456689835, 0.15580457449, 0.116403661668, 0.0870454609394, 0.0662730112672, 0.173832789063, 0.265682995319, 0.156640008092, 0.0565170794725, 0.0418906249106, 0.0392336584628, 0.144649207592, 0.27919960022, 0.202359944582, 0.0971675142646, 0.127617582679, 0.103531830013, 0.126336708665, 0.160322844982, 0.109049603343, 0.185881838202, 0.251850813627, 0.134526386857, 0.0401770174503, 0.0345820449293, 0.101869776845, 0.617038965225]
    chords_key: "C"
    chords_scale: "major"
    key_key: "C"
    key_scale: "minor"
    chords_progression: ["F", "F", "F", "F", "F", "F", "F", "Cm", "Cm", "Cm", "Cm", "Cm", "Cm", "Cm", "C", "C", "C", "C", "C", "C", "C", "C", "C", "C", "C", "C", "C", "C", "C", "C", "C", "C", "C", "C", "C", "C", "C", "C", "C", "C", "C", "C", "C", "C", "C", "C", "C", "C", "C", "C", "C", "C", "C", "C", "C", "C", "C", "C", "C", "C", "C", "C", "C", "C", "C", "C", "C", "C", "C", "C", "C", "C", "C", "C", "C", "C", "C", "C", "C", "C", "C", "C", "C", "C", "C", "C", "C", "C", "C", "C", "C", "C", "C", "C", "C", "C", "C", "Gm", "Gm", "Gm", "Gm", "Gm", "Gm", "Gm", "Gm", "Gm", "Gm", "Gm", "Gm", "Gm", "Gm", "Gm", "Gm", "Gm", "Gm", "Gm", "Gm", "Gm", "Gm", "Gm", "D#", "D#", "D#", "D#", "D#", "D#", "D#", "D#", "D#", "D#", "D#", "D#", "Cm", "Cm", "Cm", "Cm", "Cm", "Cm", "Cm", "G#", "G#", "G#", "G#", "G#", "G#", "G#", "G#", "G#", "G#", "G#", "G#", "G#", "G#", "G#", "G#", "G#", "G#", "G#", "G#", "Fm", "Fm", "Fm", "Fm", "Fm", "Fm", "Fm", "Fm", "Fm", "Fm", "Fm", "Fm", "Fm", "Fm", "Fm", "Fm", "Fm", "Fm", "Fm", "Fm", "Fm", "Fm", "Fm", "Fm", "Fm", "Fm", "Fm", "Fm", "Fm", "Fm", "Fm", "Fm", "Fm", "Fm", "Fm", "Fm", "Fm", "Fm", "Fm", "Fm", "Fm", "C", "C", "C", "C", "C", "C", "C", "C", "C", "C", "C", "C", "C"]
