
metadata:
    version:
        essentia: "1.2.2"
    audio_properties:
        analysis_sample_rate: 44100
        bitrate: 128
        channels: 2
        equal_loudness: 1
        length: 10.0310201645
        replay_gain: -13.0943508148
        downmix: "mix"
    tags:
        track: 39
        year: 0
        album: "Splitted by Mp3Splt v. 2.1"
        artist: "From 006.20 To 006.30"
        comment: "http://mp3splt.sf.net"
        genre: ""
        title: "04 A04 Extremis [Quattara Remi"

highlevel:
    ballroom:
        all:
            ChaChaCha: 0.0295428726822
            Jive: 0.270176172256
            Quickstep: 0.00630885362625
            Rumba-American: 0.000501815986354
            Rumba-International: 0.00155085534789
            Rumba-Misc: 0.000340904167388
            Samba: 0.690710067749
            Tango: 0.000147299651871
            VienneseWaltz: 0.000550933473278
            Waltz: 0.000170203842572
        probability: 0.690710067749
        value: "Samba"
    culture:
        all:
            non_western: 0.280422091484
            western: 0.719577908516
        probability: 0.719577908516
        value: "western"
    gender:
        all:
            female: 0.842625975609
            male: 0.157374039292
        probability: 0.842625975609
        value: "female"
    genre_dortmund:
        all:
            alternative: 0.104033514857
            blues: 0.0257626827806
            electronic: 0.204836592078
            folkcountry: 0.0505274534225
            funksoulrnb: 0.0122726978734
            jazz: 0.161793828011
            pop: 0.0500029474497
            raphiphop: 0.085067294538
            rock: 0.305702984333
        probability: 0.305702984333
        value: "rock"
    genre_electronica:
        all:
            ambient: 0.0423838570714
            dnb: 0.460708469152
            house: 0.106395602226
            techno: 0.0665883123875
            trance: 0.323923736811
        probability: 0.460708469152
        value: "dnb"
    genre_rosamerica:
        all:
            cla: 0.00487324176356
            dan: 0.62028336525
            hip: 0.0982692912221
            jaz: 0.00602644169703
            pop: 0.0198201369494
            rhy: 0.0202606823295
            roc: 0.228396296501
            spe: 0.00207057502121
        probability: 0.62028336525
        value: "dan"
    genre_tzanetakis:
        all:
            blu: 0.00955197680742
            cla: 0.00372918439098
            cou: 0.0264115780592
            dis: 0.399515718222
            hip: 0.0905551835895
            jaz: 0.0147019261494
            met: 0.0755903795362
            pop: 0.297264516354
            reg: 0.0333061404526
            roc: 0.0493734143674
        probability: 0.399515718222
        value: "dis"
    live_studio:
        all:
            live: 0.156943410635
            studio: 0.843056559563
        probability: 0.843056559563
        value: "studio"
    mood:
        all:
            Cluster1: 0.50254535675
            Cluster2: 0.219332411885
            Cluster3: 0.0403879061341
            Cluster4: 0.0721538066864
            Cluster5: 0.165580481291
        probability: 0.50254535675
        value: "Cluster1"
    mood_acoustic:
        all:
            acoustic: 0.00260023935698
            not_acoustic: 0.997399747372
        probability: 0.997399747372
        value: "not_acoustic"
    mood_aggressive:
        all:
            aggressive: 0.965648293495
            not_aggressive: 0.0343517027795
        probability: 0.965648293495
        value: "aggressive"
    mood_electronic:
        all:
            electronic: 0.921845734119
            not_electronic: 0.0781542658806
        probability: 0.921845734119
        value: "electronic"
    mood_happy:
        all:
            happy: 0.479420185089
            not_happy: 0.520579814911
        probability: 0.520579814911
        value: "not_happy"
    mood_party:
        all:
            not_party: 0.157622754574
            party: 0.842377245426
        probability: 0.842377245426
        value: "party"
    mood_relaxed:
        all:
            not_relaxed: 0.973261773586
            relaxed: 0.0267382506281
        probability: 0.973261773586
        value: "not_relaxed"
    mood_sad:
        all:
            not_sad: 0.973422765732
            sad: 0.0265772081912
        probability: 0.973422765732
        value: "not_sad"
    rhythm:
        all:
            fast: 0.913261711597
            medium: 0.0367321148515
            slow: 0.0500061996281
        probability: 0.913261711597
        value: "fast"
    speech_music:
        all:
            music: 0.999793767929
            speech: 0.000206205964787
        probability: 0.999793767929
        value: "music"
    timbre:
        all:
            bright: 0.0488269068301
            dark: 0.951173067093
        probability: 0.951173067093
        value: "dark"
    voice_instrumental:
        all:
            instrumental: 0.644152224064
            voice: 0.355847746134
        probability: 0.644152224064
        value: "instrumental"

lowlevel:
    average_loudness: 0.982044816017
    barkbands_kurtosis:
        dmean: 1.20189666748
        dmean2: 2.26037573814
        dvar: 5.20310688019
        dvar2: 15.0826759338
        max: 13.9777469635
        mean: -0.816553294659
        min: -1.8686324358
        var: 3.19358682632
    barkbands_skewness:
        dmean: 0.655994474888
        dmean2: 1.12188971043
        dvar: 0.512246072292
        dvar2: 1.35648357868
        max: 3.537784338
        mean: 0.268055170774
        min: -1.46126174927
        var: 0.681026279926
    barkbands_spread:
        dmean: 10.1974821091
        dmean2: 18.0777206421
        dvar: 111.153030396
        dvar2: 317.163513184
        max: 72.2502059937
        mean: 43.655040741
        min: 10.3446054459
        var: 127.001647949
    dissonance:
        dmean: 0.010521969758
        dmean2: 0.0177832935005
        dvar: 9.44077110034e-05
        dvar2: 0.000226608244702
        max: 0.499657601118
        mean: 0.485289990902
        min: 0.440881490707
        var: 0.000133186447783
    hfc:
        dmean: 4.5240316391
        dmean2: 6.49853754044
        dvar: 11.9363603592
        dvar2: 23.5054912567
        max: 21.0880851746
        mean: 7.43038511276
        min: 0.210683703423
        var: 23.101348877
    pitch:
        dmean: 1204.78381348
        dmean2: 2352.60546875
        dvar: 2744646
        dvar2: 6832230.5
        max: 5512.5
        mean: 2630.04736328
        min: 65.5274887085
        var: 3298580.5
    pitch_instantaneous_confidence:
        dmean: 0.15001180768
        dmean2: 0.24642547965
        dvar: 0.0162741802633
        dvar2: 0.0433562062681
        max: 0.835780143738
        mean: 0.464675754309
        min: 0.117119669914
        var: 0.0323324687779
    pitch_salience:
        dmean: 0.0687636807561
        dmean2: 0.108439564705
        dvar: 0.00364979216829
        dvar2: 0.00911376718432
        max: 0.837063074112
        mean: 0.675672709942
        min: 0.347073376179
        var: 0.00662894314155
    silence_rate_20dB:
        dmean: 0
        dmean2: 0
        dvar: 0
        dvar2: 0
        max: 1
        mean: 1
        min: 1
        var: 0
    silence_rate_30dB:
        dmean: 0
        dmean2: 0
        dvar: 0
        dvar2: 0
        max: 1
        mean: 1
        min: 1
        var: 0
    silence_rate_60dB:
        dmean: 0.380510449409
        dmean2: 0.762790679932
        dvar: 0.235722273588
        dvar2: 0.329777657986
        max: 1
        mean: 0.368055552244
        min: 0
        var: 0.232590675354
    spectral_centroid:
        dmean: 523.604248047
        dmean2: 898.543640137
        dvar: 266873.1875
        dvar2: 660552.5
        max: 3191.05493164
        mean: 1701.67773438
        min: 287.164459229
        var: 408205.03125
    spectral_complexity:
        dmean: 5.87179470062
        dmean2: 8.07009315491
        dvar: 18.5360126495
        dvar2: 38.8876037598
        max: 34
        mean: 12.7534885406
        min: 2
        var: 41.4834403992
    spectral_crest:
        dmean: 2.03106641769
        dmean2: 3.41897153854
        dvar: 2.92731761932
        dvar2: 7.51654052734
        max: 15.4091720581
        mean: 7.50115871429
        min: 2.62073945999
        var: 5.7105050087
    spectral_decrease:
        dmean: 5.04488062436e-10
        dmean2: 6.90948909199e-10
        dvar: 2.03085312714e-19
        dvar2: 3.69776513784e-19
        max: -1.44740913699e-10
        mean: -9.4860541644e-10
        min: -3.26311133669e-09
        var: 3.97544605055e-19
    spectral_energy:
        dmean: 0.00229802029207
        dmean2: 0.00315007707104
        dvar: 3.71607143279e-06
        dvar2: 6.85993973093e-06
        max: 0.0138140683994
        mean: 0.00425421027467
        min: 0.000565656111576
        var: 7.39308279663e-06
    spectral_energyband_high:
        dmean: 0.000403814105084
        dmean2: 0.000604229688179
        dvar: 2.26105825618e-07
        dvar2: 4.68945387411e-07
        max: 0.00337647087872
        mean: 0.000619050231762
        min: 4.26933775088e-06
        var: 4.34498787172e-07
    spectral_energyband_low:
        dmean: 0.000528419681359
        dmean2: 0.000761251489166
        dvar: 6.47837907763e-07
        dvar2: 1.32060824853e-06
        max: 0.00552241224796
        mean: 0.000737580819987
        min: 4.27273371315e-05
        var: 8.56802898852e-07
    spectral_energyband_middle_high:
        dmean: 0.000877330370713
        dmean2: 0.00124443357345
        dvar: 6.51749076042e-07
        dvar2: 1.31292767946e-06
        max: 0.0062637636438
        mean: 0.00145674613304
        min: 2.47857769864e-05
        var: 1.4130054069e-06
    spectral_energyband_middle_low:
        dmean: 0.000914831703994
        dmean2: 0.00130412785802
        dvar: 1.4340114376e-06
        dvar2: 3.47002378476e-06
        max: 0.00954113528132
        mean: 0.00144082226325
        min: 0.000239682733081
        var: 1.72088607542e-06
    spectral_flatness_db:
        dmean: 0.0183146279305
        dmean2: 0.0270187146962
        dvar: 0.000254774466157
        dvar2: 0.000503967807163
        max: 0.216302335262
        mean: 0.138812854886
        min: 0.0841198638082
        var: 0.000719274044968
    spectral_flux:
        dmean: 0.0117367794737
        dmean2: 0.0187031812966
        dvar: 0.000104648395791
        dvar2: 0.000230142846704
        max: 0.086859472096
        mean: 0.0426272787154
        min: 0.0179532784969
        var: 0.000213687904761
    spectral_kurtosis:
        dmean: 1.15340542793
        dmean2: 2.0217769146
        dvar: 1.56436610222
        dvar2: 4.29877185822
        max: 10.8334827423
        mean: 2.81091403961
        min: -0.494605779648
        var: 3.55630517006
    spectral_rms:
        dmean: 0.000584923138376
        dmean2: 0.000809075136203
        dvar: 1.88391950928e-07
        dvar2: 3.67468544482e-07
        max: 0.00367112248205
        mean: 0.001936331857
        min: 0.000742872536648
        var: 4.01068945166e-07
    spectral_rolloff:
        dmean: 841.049926758
        dmean2: 1568.95556641
        dvar: 1415556.375
        dvar2: 3840747
        max: 5727.83203125
        mean: 3528.640625
        min: 258.3984375
        var: 1405213.125
    spectral_skewness:
        dmean: 0.306021153927
        dmean2: 0.528224229813
        dvar: 0.103575661778
        dvar2: 0.303023785353
        max: 2.46905684471
        mean: 1.17933952808
        min: 0.160861775279
        var: 0.188115730882
    spectral_spread:
        dmean: 638340.6875
        dmean2: 934001.4375
        dvar: 357976211456
        dvar2: 796785508352
        max: 8696979
        mean: 5202796.5
        min: 3183056.75
        var: 1.14229261107e+12
    spectral_strongpeak:
        dmean: 0.704595685005
        dmean2: 1.16037118435
        dvar: 1.35319042206
        dvar2: 2.59676814079
        max: 6.39738368988
        mean: 0.748778104782
        min: 0.0287749078125
        var: 1.7323346138
    zerocrossingrate:
        dmean: 0.0172867495567
        dmean2: 0.0210177693516
        dvar: 0.000167466045241
        dvar2: 0.00024208961986
        max: 0.181640625
        mean: 0.0981070548296
        min: 0.03271484375
        var: 0.000739305221941
    barkbands:
        dmean: [4.13867894622e-07, 0.000169559338246, 0.000465520599391, 0.000218706612941, 0.000550540222321, 0.000167144651641, 8.73013632372e-05, 7.92735154391e-05, 8.83716566022e-05, 6.99621086824e-05, 6.61591620883e-05, 4.02444311476e-05, 3.00646188407e-05, 2.65798771579e-05, 3.87939580833e-05, 5.02325965499e-05, 0.000116837982205, 0.000171742969542, 0.000297503429465, 0.00027371867327, 0.000219534078497, 7.04056001268e-05, 7.78750563768e-06, 2.08092410503e-06, 1.46960508118e-06, 2.26417213867e-07, 2.73474576318e-10]
        dmean2: [7.23050675333e-07, 0.000266627088422, 0.000701734737959, 0.000347565539414, 0.000985321821645, 0.000266616145382, 0.000133678113343, 0.000124190148199, 0.000140334159369, 0.00011641549645, 0.000102745398181, 6.13202137174e-05, 4.66260789835e-05, 4.28679522884e-05, 6.12554067629e-05, 7.68583995523e-05, 0.000184284348506, 0.000271683500614, 0.000430564687122, 0.0003988785611, 0.000331497605657, 0.000107179665065, 1.16491137305e-05, 3.19860919262e-06, 2.21724712901e-06, 3.83074649335e-07, 4.34109970193e-10]
        dvar: [2.58873380631e-13, 5.6775245838e-08, 6.42702559617e-07, 1.69165076613e-07, 1.20875415632e-06, 3.95629129457e-08, 8.15811862509e-09, 1.01496544502e-08, 1.56538515483e-08, 1.06378168496e-08, 1.14707532362e-08, 2.57357801736e-09, 1.96252480933e-09, 2.10434825121e-09, 3.01021141347e-09, 9.36641875171e-09, 5.03022690168e-08, 7.31403702048e-08, 1.91101065639e-07, 1.42434089412e-07, 1.05832064889e-07, 1.44456526741e-08, 1.51395271319e-10, 1.43339212028e-11, 5.79383763188e-12, 9.75766911932e-14, 1.10453750312e-19]
        dvar2: [6.4711186713e-13, 1.41317514135e-07, 1.476256557e-06, 4.10550541119e-07, 3.37607593792e-06, 9.48267881995e-08, 1.71299454621e-08, 2.20815170593e-08, 3.83234173285e-08, 2.49424694232e-08, 2.79135790038e-08, 6.46976383578e-09, 4.51215642627e-09, 5.61843860325e-09, 7.72629693557e-09, 2.01348928641e-08, 1.09989997554e-07, 1.81089433227e-07, 3.68282798036e-07, 3.26429386632e-07, 2.26106976697e-07, 3.05721030713e-08, 3.41825429073e-10, 2.89854529267e-11, 1.16108043319e-11, 2.49180260843e-13, 2.2436614956e-19]
        max: [3.52231882061e-06, 0.00143988907803, 0.00514976168051, 0.00269411271438, 0.00643872702494, 0.00171765405685, 0.000861434673425, 0.00104749423917, 0.00110664323438, 0.000876890611835, 0.000967121857684, 0.000474291678984, 0.000480184593471, 0.000528722070158, 0.000629483663943, 0.00150335114449, 0.00216751149856, 0.00229920865968, 0.00335147604346, 0.00286596920341, 0.00263526244089, 0.000826678995509, 0.000100682380435, 3.31401824951e-05, 1.66148365679e-05, 2.1377277335e-06, 2.19700391213e-09]
        mean: [5.50351614947e-07, 0.000226681935601, 0.000510363548528, 0.000256508908933, 0.000597065547481, 0.000223212846322, 0.000122808050946, 0.000112514855573, 0.000105635750515, 9.60643956205e-05, 8.90695882845e-05, 6.06920257269e-05, 4.02512487199e-05, 3.28534661094e-05, 6.43304956611e-05, 7.49991886551e-05, 0.000161063493579, 0.000238943379372, 0.000416357564973, 0.000398148840759, 0.000306201953208, 0.000105035229353, 9.9444132502e-06, 2.82104429061e-06, 1.91925937543e-06, 1.77261640033e-07, 3.13478659697e-10]
        min: [1.55362833709e-10, 1.241721111e-05, 8.3379482021e-06, 8.47610226629e-06, 8.70665280672e-06, 8.78084028955e-06, 1.13598400731e-06, 2.86545196104e-06, 1.17351873996e-06, 1.85225178484e-06, 1.46627235154e-06, 1.16367891678e-06, 5.83872463267e-07, 4.69599740427e-07, 9.53726953412e-07, 7.52155528971e-07, 1.46988929828e-06, 2.1406885935e-06, 2.58586987911e-06, 2.02035039365e-06, 1.51437598106e-06, 6.50564345506e-07, 1.67019294395e-07, 7.29582296799e-08, 4.74384904692e-08, 3.37981376219e-09, 1.4137995245e-12]
        var: [2.70933828758e-13, 6.73472513313e-08, 6.73545969221e-07, 1.63332416037e-07, 8.12766415947e-07, 6.18786089035e-08, 1.45068632662e-08, 1.8139752811e-08, 1.78559318442e-08, 1.50998964443e-08, 1.48332199856e-08, 4.08300060428e-09, 2.31145458329e-09, 1.92802951382e-09, 7.58231610831e-09, 1.76328889268e-08, 8.38560296756e-08, 1.07355361934e-07, 3.62246197483e-07, 2.62801393092e-07, 1.91035482544e-07, 2.70831108651e-08, 2.29222724135e-10, 2.10948758461e-11, 8.27871972364e-12, 8.1293377249e-14, 1.63721454649e-19]
    mfcc:
        mean: [-712.099609375, 110.363723755, -27.1626739502, 67.4454803467, -20.0330104828, 3.14695334435, 6.41668176651, -1.4211833477, 2.50458717346, -7.09710264206, -3.53955721855, -4.62582206726, -2.31700658798]
        cov: [[1990.0880127, -449.2293396, -115.09412384, -183.541107178, -176.895233154, -76.8732757568, -33.5413169861, -39.8478775024, -81.8975753784, 7.29260444641, 28.7527503967, 10.764872551, 10.4384584427], [-449.2293396, 377.054595947, -140.017364502, 46.1239013672, 110.7137146, -55.1149368286, 35.1225090027, 52.8358726501, -4.68115472794, 10.8769874573, -7.05093812943, 9.83271884918, -2.8132417202], [-115.09412384, -140.017364502, 371.978424072, -30.728515625, -179.909622192, 129.242370605, -74.822013855, -24.7375392914, 44.3654441833, -47.8842086792, 5.78248357773, -1.41624712944, 2.49666190147], [-183.541107178, 46.1239013672, -30.728515625, 280.138305664, 3.43627524376, 3.16088914871, 78.3666992188, -36.9318084717, 8.54838848114, 25.7678470612, -7.76845550537, -9.47936916351, -19.7472324371], [-176.895233154, 110.7137146, -179.909622192, 3.43627524376, 391.639831543, -120.012641907, -18.4995632172, 58.3643188477, -37.481136322, 28.2751750946, -0.68378251791, -7.22425079346, -3.6068572998], [-76.8732757568, -55.1149368286, 129.242370605, 3.16088914871, -120.012641907, 247.421340942, -12.6326560974, -21.9920063019, 81.282661438, -44.7126159668, -7.30028629303, -8.91482543945, 1.94004166126], [-33.5413169861, 35.1225090027, -74.822013855, 78.3666992188, -18.4995632172, -12.6326560974, 175.791061401, -16.6192512512, -13.6167621613, 39.639541626, -17.8984928131, -6.76889944077, 2.59668564796], [-39.8478775024, 52.8358726501, -24.7375392914, -36.9318084717, 58.3643188477, -21.9920063019, -16.6192512512, 148.936813354, -3.73902583122, -32.7524871826, 40.1429710388, -1.8568546772, -3.41577553749], [-81.8975753784, -4.68115472794, 44.3654441833, 8.54838848114, -37.481136322, 81.282661438, -13.6167621613, -3.73902583122, 112.309524536, -10.9745254517, -14.2571754456, 8.33130645752, -9.91059398651], [7.29260444641, 10.8769874573, -47.8842086792, 25.7678470612, 28.2751750946, -44.7126159668, 39.639541626, -32.7524871826, -10.9745254517, 87.2868881226, 1.66196167469, -16.1137561798, 7.75938796997], [28.7527503967, -7.05093812943, 5.78248357773, -7.76845550537, -0.68378251791, -7.30028629303, -17.8984928131, 40.1429710388, -14.2571754456, 1.66196167469, 64.2882461548, 7.51216888428, -5.13787174225], [10.764872551, 9.83271884918, -1.41624712944, -9.47936916351, -7.22425079346, -8.91482543945, -6.76889944077, -1.8568546772, 8.33130645752, -16.1137561798, 7.51216888428, 69.3830795288, 9.68096351624], [10.4384584427, -2.8132417202, 2.49666190147, -19.7472324371, -3.6068572998, 1.94004166126, 2.59668564796, -3.41577553749, -9.91059398651, 7.75938796997, -5.13787174225, 9.68096351624, 42.6917304993]]
        icov: [[0.00102890480775, 0.00142557860818, 0.00116585427895, 0.000438184186351, 0.000749242026359, 0.00019248740864, 0.000346326036379, -0.000181142502697, 0.00049295311328, -0.000128825486172, 4.35524525528e-05, -0.000268011615844, 0.000199731264729], [0.00142557860818, 0.00541063398123, 0.00254765711725, 1.02268131741e-05, 0.000726977363229, 0.000219652356463, 0.000461693271063, -0.00180549873039, 0.000577983271796, -0.000632764771581, 0.00134296785109, -0.00125685299281, 0.000438431015937], [0.00116585427895, 0.00254765711725, 0.00597661640495, 0.000251608842518, 0.00239208596759, -0.00096381950425, 0.00222236732952, -0.00024844307336, 0.000348560628481, 0.000500797934365, -2.58351010416e-05, 6.72576788929e-05, -0.000287936563836], [0.000438184186351, 1.02268131741e-05, 0.000251608842518, 0.00475499592721, -4.23143756052e-05, 3.85736602766e-05, -0.00195031403564, 0.00146854447667, -0.000346593413269, 2.04354400921e-05, -0.00105076923501, 0.000312145304633, 0.00202764431015], [0.000749242026359, 0.000726977363229, 0.00239208596759, -4.23143756052e-05, 0.00460066786036, 0.000772962055635, 0.0019681956619, -0.00190114311408, 0.000912052288186, -0.00152680079918, 0.00170029571746, -0.000177657842869, 0.000521129928529], [0.00019248740864, 0.000219652356463, -0.00096381950425, 3.85736602766e-05, 0.000772962055635, 0.00790505576879, -0.00120227318257, 0.00221493304707, -0.00543342344463, 0.00490339891985, -0.00278762192465, 0.00351441977546, -0.00328693771735], [0.000346326036379, 0.000461693271063, 0.00222236732952, -0.00195031403564, 0.0019681956619, -0.00120227318257, 0.00893227290362, -0.00214514415711, 0.00229372666217, -0.00448202015832, 0.00399062270299, -0.00129979650956, 0.000541750865523], [-0.000181142502697, -0.00180549873039, -0.00024844307336, 0.00146854447667, -0.00190114311408, 0.00221493304707, -0.00214514415711, 0.0128387911245, -0.00336640048772, 0.0080682951957, -0.0100139100105, 0.00447467109188, -0.0029522201512], [0.00049295311328, 0.000577983271796, 0.000348560628481, -0.000346593413269, 0.000912052288186, -0.00543342344463, 0.00229372666217, -0.00336640048772, 0.0148081360385, -0.00493142753839, 0.0063838721253, -0.00510765705258, 0.00591239659116], [-0.000128825486172, -0.000632764771581, 0.000500797934365, 2.04354400921e-05, -0.00152680079918, 0.00490339891985, -0.00448202015832, 0.0080682951957, -0.00493142753839, 0.0215675849468, -0.0089762462303, 0.00798042491078, -0.00741843134165], [4.35524525528e-05, 0.00134296785109, -2.58351010416e-05, -0.00105076923501, 0.00170029571746, -0.00278762192465, 0.00399062270299, -0.0100139100105, 0.0063838721253, -0.0089762462303, 0.0256095100194, -0.00694446451962, 0.00658996403217], [-0.000268011615844, -0.00125685299281, 6.72576788929e-05, 0.000312145304633, -0.000177657842869, 0.00351441977546, -0.00129979650956, 0.00447467109188, -0.00510765705258, 0.00798042491078, -0.00694446451962, 0.0193643942475, -0.00747756706551], [0.000199731264729, 0.000438431015937, -0.000287936563836, 0.00202764431015, 0.000521129928529, -0.00328693771735, 0.000541750865523, -0.0029522201512, 0.00591239659116, -0.00741843134165, 0.00658996403217, -0.00747756706551, 0.0294923540205]]
    spectral_contrast:
        mean: [-1.1522409693e-08, -8.0875184949e-07, -5.45365175242e-08, 4.37799570818e-07, 1.37922375743e-08, -4.70282174092e-07, -1.28253944354e-07, -8.45103784286e-07, 1.87844727861e-06, -3.21903212352e-06, -3.83438054996e-06, 5.11629650646e-06]
        var: [0.000950141693465, 0.00128978176508, 0.00142700760625, 0.00209673936479, 0.00247277272865, 0.00331388390623, 0.0586663223803, 0.101845383644, 0.15548966825, 0.171593263745, 0.174241393805, 1.04497349262]

rhythm:
    beats_loudness:
        dmean: 0.00198087003082
        dmean2: 0.00303836981766
        dvar: 1.09137420168e-06
        dvar2: 4.85829286845e-06
        max: 0.0122877918184
        mean: 0.00972929410636
        min: 0.00554035184905
        var: 2.37461154029e-06
    beats_loudness_bass:
        dmean: 0.114511281252
        dmean2: 0.212098628283
        dvar: 0.0118631180376
        dvar2: 0.033516805619
        max: 0.633112728596
        mean: 0.461058646441
        min: 0.239515423775
        var: 0.0097407726571
    bpm: 136.666275024
    bpm_confidence: 0
    first_peak_bpm: 137
    first_peak_spread: 0
    first_peak_weight: 0.95454543829
    onset_rate: 9.07185840607
    second_peak_bpm: 129
    second_peak_spread: 0
    second_peak_weight: 0.0454545468092
    beats_position: [0.176386892796, 0.615375638008, 1.05436432362, 1.49335312843, 1.93234193325, 2.37133073807, 2.81031942368, 3.2493083477, 3.68829703331, 4.12728595734, 4.56627464294, 5.00526332855, 5.444252491, 5.88324117661, 6.34820365906, 6.78725624084, 7.22630786896, 7.66535997391, 8.10441207886, 8.54346370697, 8.98251628876, 9.42156887054, 9.86062049866]
    bpm_estimates: [137.063552856, 136.498062134, 136.519821167, 136.40184021, 136.741485596, 136.787246704, 136.734512329, 137.163711548, 136.643493652, 137.15423584, 136.407516479, 136.39982605, 136.207565308, 136.327560425, 136.480895996, 136.929580688, 136.676025391, 136.856063843]
    bpm_intervals: [0.438988745213, 0.438988685608, 0.438988804817, 0.438988804817, 0.438988804817, 0.438988685608, 0.438988924026, 0.438988685608, 0.438988924026, 0.438988685608, 0.438988685608, 0.438989162445, 0.438988685608, 0.464962482452, 0.439052581787, 0.439051628113, 0.43905210495, 0.43905210495, 0.439051628113, 0.439052581787, 0.439052581787, 0.439051628113]
    onset_times: [0.0580498874187, 0.18575963378, 0.31346938014, 0.394739240408, 0.53405892849, 0.626938760281, 0.754648506641, 0.847528338432, 0.96362811327, 1.06811785698, 1.19582772255, 1.28870749474, 1.4164172411, 1.50929701328, 1.64861679077, 1.72988665104, 1.8575963974, 1.95047616959, 2.07818603516, 2.17106580734, 2.28716564178, 2.3916554451, 2.51936507225, 2.61224484444, 2.72834467888, 2.83283448219, 2.96054410934, 3.05342411995, 3.1811337471, 3.27401351929, 3.40172338486, 3.50621318817, 3.61070299149, 3.7151927948, 3.84290242195, 3.93578219414, 4.06349229813, 4.15637207031, 4.28408145905, 4.37696123123, 4.49306106567, 4.59755086899, 4.72526073456, 4.81814050674, 4.94585037231, 5.0387301445, 5.16644001007, 5.25931978226, 5.3754196167, 5.47990942001, 5.60761928558, 5.70049905777, 5.81659841537, 5.92108821869, 6.04879808426, 6.14167785645, 6.25777769089, 6.3622674942, 6.48997735977, 6.58285713196, 6.71056699753, 6.80344676971, 6.93115663528, 7.0356464386, 7.1517457962, 7.24462604523, 7.37233543396, 7.45360565186, 7.59292507172, 7.6858048439, 7.8251247406, 7.90639448166, 8.03410434723, 8.12698459625, 8.25469398499, 8.34757328033, 8.47528362274, 8.56816291809, 8.6958732605, 8.78875255585, 8.91646289825, 9.0093421936, 9.13705253601, 9.22993183136, 9.34603214264, 9.43891143799, 9.57823085785, 9.67111110687, 9.78721046448, 9.89170074463, 10.0194101334]
    rubato_start: []
    rubato_stop: []
    perceptual_tempo: "unknown"

sfx:
    inharmonicity:
        dmean: 0.0577951595187
        dmean2: 0.100907474756
        dvar: 0.00304838665761
        dvar2: 0.00878756679595
        max: 0.3241302073
        mean: 0.0653179138899
        min: 0
        var: 0.00351548753679
    oddtoevenharmonicenergyratio:
        dmean: 4.2664232254
        dmean2: 8.19620990753
        dvar: 229.458999634
        dvar2: 683.337768555
        max: 188.901748657
        mean: 2.61081004143
        min: 0
        var: 128.396240234
    pitch_after_max_to_before_max_energy_ratio: 0.0792839825153
    pitch_centroid: 221.557403564
    pitch_max_to_total: 0.865116298199
    pitch_min_to_total: 0.162790700793
    tristimulus:
        dmean: [0.184908330441, 0.285499036312, 0.194928765297]
        dmean2: [0.32457357645, 0.496073186398, 0.346126258373]
        dvar: [0.0280347950757, 0.0473648272455, 0.0289554912597]
        dvar2: [0.0802972018719, 0.145371615887, 0.0809327811003]
        max: [1, 0.981817960739, 0.808650970459]
        mean: [0.291506528854, 0.403979569674, 0.206251189113]
        min: [0.0181820113212, 0, 0]
        var: [0.0389064252377, 0.0666944757104, 0.0428730547428]

tonal:
    chords_changes_rate: 0.037037037313
    chords_number_rate: 0.0138888889924
    chords_strength:
        dmean: 0.00944143161178
        dmean2: 0.0111212776974
        dvar: 5.9827692894e-05
        dvar2: 8.31974684843e-05
        max: 0.643354654312
        mean: 0.49984946847
        min: 0.367274075747
        var: 0.00435879128054
    key_strength: 0.638810217381
    tuning_diatonic_strength: 0.540370225906
    tuning_equal_tempered_deviation: 0.106738962233
    tuning_frequency: 441.782684326
    tuning_nontempered_energy_ratio: 0.746967256069
    hpcp:
        dmean: [0.142415463924, 0.144986778498, 0.167980775237, 0.169888600707, 0.128243207932, 0.127692222595, 0.142832145095, 0.240470170975, 0.316252321005, 0.286913990974, 0.207823947072, 0.139362767339, 0.119923196733, 0.143261656165, 0.115233637393, 0.117106564343, 0.139816254377, 0.143363565207, 0.203741043806, 0.220047622919, 0.19679223001, 0.153165280819, 0.117067560554, 0.0789755657315, 0.100888930261, 0.108869403601, 0.0806731358171, 0.0760562866926, 0.103274479508, 0.172393515706, 0.257726669312, 0.187073245645, 0.142710283399, 0.145519942045, 0.152470260859, 0.143764972687]
        dmean2: [0.257993042469, 0.26622441411, 0.294653177261, 0.297043353319, 0.213943392038, 0.226584538817, 0.259337157011, 0.433293491602, 0.566249251366, 0.500831127167, 0.354611426592, 0.250944525003, 0.214320644736, 0.253222763538, 0.20104496181, 0.198237940669, 0.25281059742, 0.256115198135, 0.363002717495, 0.41084638238, 0.35986033082, 0.272862821817, 0.209874361753, 0.1365878582, 0.187032148242, 0.19685664773, 0.139837488532, 0.129462659359, 0.18090377748, 0.298300385475, 0.449081271887, 0.325444251299, 0.257124513388, 0.270912498236, 0.273883759975, 0.255517750978]
        dvar: [0.0419141687453, 0.0301431678236, 0.0335115082562, 0.0389720015228, 0.0268365610391, 0.030817983672, 0.0342907495797, 0.0574485771358, 0.0704552605748, 0.066247344017, 0.0289432499558, 0.0232467278838, 0.024345824495, 0.0326460823417, 0.0203797370195, 0.0144734950736, 0.0281719043851, 0.0349643081427, 0.0517568178475, 0.0555401369929, 0.0498260259628, 0.0403585582972, 0.0290422234684, 0.014280455187, 0.022568827495, 0.0244926791638, 0.013329654932, 0.0141909662634, 0.0214868877083, 0.0312528312206, 0.0458308979869, 0.0355258621275, 0.0355565957725, 0.0402550511062, 0.0439888052642, 0.0400564447045]
        dvar2: [0.119097925723, 0.0818749964237, 0.103169746697, 0.0818199962378, 0.0569472163916, 0.0867583081126, 0.101650297642, 0.133752524853, 0.185765296221, 0.14580950141, 0.0820333659649, 0.0616679824889, 0.0655371621251, 0.087934076786, 0.0509202182293, 0.0411844290793, 0.0923655107617, 0.0943621769547, 0.11876000464, 0.157169431448, 0.136434853077, 0.0993760749698, 0.0803287923336, 0.040424503386, 0.062865652144, 0.0699747502804, 0.0376360155642, 0.0368557609618, 0.0643361285329, 0.0871226787567, 0.128523334861, 0.0996484160423, 0.0984982475638, 0.101588144898, 0.120896071196, 0.110014989972]
        max: [1, 1, 1, 1, 1, 1, 1, 1, 1, 1, 1, 0.796995103359, 1, 1, 0.87268024683, 0.842330276966, 0.847181081772, 1, 1, 1, 1, 1, 1, 1, 0.904948592186, 0.897459685802, 1, 1, 0.920467853546, 1, 1, 1, 1, 1, 1, 1]
        mean: [0.167757898569, 0.182327091694, 0.247040271759, 0.279065191746, 0.211163446307, 0.172639504075, 0.182407766581, 0.283976763487, 0.53507912159, 0.622162103653, 0.379749029875, 0.178068935871, 0.163092821836, 0.16492202878, 0.156204670668, 0.175818473101, 0.16859729588, 0.182103514671, 0.23431456089, 0.223827823997, 0.215133160353, 0.207085952163, 0.137767150998, 0.102904558182, 0.126743048429, 0.129457637668, 0.110559463501, 0.0985922962427, 0.116376467049, 0.264472544193, 0.401113241911, 0.290504485369, 0.173635289073, 0.168122425675, 0.182973250747, 0.183656707406]
        min: [0.0032597524114, 0.00737961800769, 0.00825607590377, 0.0086009092629, 0.00794495455921, 0.00591764738783, 0.0123102553189, 0.0158973038197, 0.0333479046822, 0.0428992323577, 0.0419419892132, 0.0119505273178, 0.0124718816951, 0.0109030641615, 0.0150148430839, 0.0152023872361, 0.00778119964525, 0.00691517908126, 0.00794652849436, 0.00845736544579, 0.0108150541782, 0.013526530005, 0.00290317856707, 0.00277780927718, 0.00202555349097, 0.00516578741372, 0.00318151735701, 0.0025600316003, 0.00555913243443, 0.0216499716043, 0.0243745651096, 0.0165744815022, 0.00583504186943, 0.00680476380512, 0.0106234122068, 0.0101215923205]
        var: [0.0510577522218, 0.0377988964319, 0.0465286076069, 0.0785019546747, 0.0587966367602, 0.036934286356, 0.0305708870292, 0.0663515031338, 0.0970930159092, 0.113049976528, 0.0510144270957, 0.0274339057505, 0.0300797540694, 0.0351980850101, 0.0250074341893, 0.019540367648, 0.0266672261059, 0.0445182882249, 0.0808513760567, 0.0610428079963, 0.0490865372121, 0.0487965159118, 0.0281446017325, 0.016051037237, 0.0242115370929, 0.024365067482, 0.0167855285108, 0.0196275226772, 0.0202883407474, 0.0400910302997, 0.0768395960331, 0.0497773550451, 0.0424989275634, 0.0431333072484, 0.0417099073529, 0.0493183806539]
    chords_histogram: [73.148147583, 0, 0, 0, 0, 0, 0, 24.0740737915, 0, 0, 0.925925910473, 0, 0, 0, 0, 0, 0, 0, 0, 0, 0, 0, 1.85185182095, 0]
    thpcp: [1, 0.610369920731, 0.286209881306, 0.262138783932, 0.265078872442, 0.251067489386, 0.282592713833, 0.270986109972, 0.292694628239, 0.376613348722, 0.35975804925, 0.345783144236, 0.332848876715, 0.221432894468, 0.165398299694, 0.203713864088, 0.208077028394, 0.177702024579, 0.15846721828, 0.187051683664, 0.42508623004, 0.644708573818, 0.466927319765, 0.279083669186, 0.270222872496, 0.294092565775, 0.295191079378, 0.269636958838, 0.293053984642, 0.397067368031, 0.448540955782, 0.339402616024, 0.277483165264, 0.293183654547, 0.456435322762, 0.860031664371]
    chords_key: "C"
    chords_scale: "minor"
    key_key: "C"
    key_scale: "minor"
    chords_progression: ["Cm", "Cm", "Cm", "Cm", "Cm", "Cm", "Cm", "Cm", "Cm", "Cm", "Cm", "Cm", "C", "Cm", "Cm", "C", "C", "C", "C", "C", "C", "C", "C", "C", "C", "C", "C", "C", "C", "C", "C", "C", "C", "C", "C", "C", "C", "C", "C", "C", "C", "C", "C", "C", "C", "C", "C", "C", "C", "C", "C", "C", "C", "C", "C", "C", "C", "C", "C", "C", "Fm", "Fm", "Fm", "Fm", "Cm", "Cm", "Cm", "Cm", "Cm", "Cm", "Cm", "Cm", "Cm", "C", "C", "C", "C", "C", "C", "Cm", "Cm", "Cm", "Cm", "Cm", "Cm", "Cm", "Cm", "Cm", "Cm", "Cm", "Cm", "Cm", "Cm", "Cm", "Cm", "Cm", "Cm", "Cm", "Cm", "Cm", "Cm", "Cm", "Cm", "Cm", "Cm", "Cm", "Cm", "Cm", "Cm", "Cm", "Cm", "Cm", "Cm", "Cm", "Cm", "Cm", "Cm", "Cm", "Cm", "Cm", "Cm", "Cm", "Cm", "Cm", "Cm", "Cm", "Cm", "Cm", "Cm", "Cm", "Cm", "Cm", "Cm", "Cm", "Cm", "Cm", "Cm", "Cm", "Cm", "Cm", "Cm", "Cm", "Cm", "Cm", "Cm", "Cm", "Cm", "Cm", "Cm", "Cm", "Cm", "Cm", "Cm", "Cm", "Cm", "Cm", "Cm", "Cm", "Cm", "Cm", "Cm", "Cm", "Cm", "Cm", "Cm", "Cm", "Cm", "Cm", "Cm", "Cm", "Cm", "Cm", "Cm", "Cm", "Cm", "Cm", "Cm", "Cm", "Cm", "Cm", "Cm", "Cm", "Cm", "Cm", "Cm", "Cm", "Cm", "Cm", "Cm", "Cm", "Cm", "Cm", "Cm", "Cm", "Cm", "Cm", "Cm", "Cm", "Cm", "Cm", "Cm", "Cm", "Cm", "Cm", "Cm", "Cm", "Cm", "Cm", "Cm", "Cm", "Cm", "Cm", "Cm", "Cm", "Bm", "Bm"]
