
metadata:
    version:
        essentia: "1.2.2"
    audio_properties:
        analysis_sample_rate: 44100
        bitrate: 128
        channels: 2
        equal_loudness: 1
        length: 9.92653083801
        replay_gain: -12.9552993774
        downmix: "mix"
    tags:
        track: 11
        year: 0
        album: "Splitted by Mp3Splt v. 2.1"
        artist: "From 001.40 To 001.50"
        comment: "http://mp3splt.sf.net"
        genre: ""
        title: "05 Ownage.mp3"

highlevel:
    ballroom:
        all:
            ChaChaCha: 0.206264212728
            Jive: 0.175923988223
            Quickstep: 0.110706835985
            Rumba-American: 0.000959766097367
            Rumba-International: 0.00453636748716
            Rumba-Misc: 0.00148771621753
            Samba: 0.497145920992
            Tango: 0.000991608132608
            VienneseWaltz: 0.00105076353066
            Waltz: 0.000932831957471
        probability: 0.497145920992
        value: "Samba"
    culture:
        all:
            non_western: 0.601633429527
            western: 0.398366570473
        probability: 0.601633429527
        value: "non_western"
    gender:
        all:
            female: 0.27041208744
            male: 0.72958791256
        probability: 0.72958791256
        value: "male"
    genre_dortmund:
        all:
            alternative: 0.00659221410751
            blues: 0.00455115782097
            electronic: 0.163774222136
            folkcountry: 0.00184528972022
            funksoulrnb: 0.0293069519103
            jazz: 0.0496602989733
            pop: 0.0179115924984
            raphiphop: 0.684239208698
            rock: 0.0421190671623
        probability: 0.684239208698
        value: "raphiphop"
    genre_electronica:
        all:
            ambient: 0.0713429003954
            dnb: 0.833892166615
            house: 0.0335222631693
            techno: 0.0365818142891
            trance: 0.02466083318
        probability: 0.833892166615
        value: "dnb"
    genre_rosamerica:
        all:
            cla: 0.00154256669339
            dan: 0.0526983439922
            hip: 0.923384010792
            jaz: 0.00166058784816
            pop: 0.00361548853107
            rhy: 0.00405742740259
            roc: 0.01134790387
            spe: 0.00169366458431
        probability: 0.923384010792
        value: "hip"
    genre_tzanetakis:
        all:
            blu: 0.000332563999109
            cla: 0.000780957110692
            cou: 0.00154033803847
            dis: 0.0330970026553
            hip: 0.410424947739
            jaz: 0.00299143325537
            met: 0.00787503924221
            pop: 0.505233585835
            reg: 0.0322939865291
            roc: 0.00543015822768
        probability: 0.505233585835
        value: "pop"
    live_studio:
        all:
            live: 0.148493856192
            studio: 0.851506173611
        probability: 0.851506173611
        value: "studio"
    mood:
        all:
            Cluster1: 0.306760877371
            Cluster2: 0.0660843923688
            Cluster3: 0.0496278591454
            Cluster4: 0.0288069900125
            Cluster5: 0.548719882965
        probability: 0.548719882965
        value: "Cluster5"
    mood_acoustic:
        all:
            acoustic: 0.00917540024966
            not_acoustic: 0.990824580193
        probability: 0.990824580193
        value: "not_acoustic"
    mood_aggressive:
        all:
            aggressive: 0.697999358177
            not_aggressive: 0.302000671625
        probability: 0.697999358177
        value: "aggressive"
    mood_electronic:
        all:
            electronic: 0.965125977993
            not_electronic: 0.0348740443587
        probability: 0.965125977993
        value: "electronic"
    mood_happy:
        all:
            happy: 0.0467688627541
            not_happy: 0.953231155872
        probability: 0.953231155872
        value: "not_happy"
    mood_party:
        all:
            not_party: 0.106474161148
            party: 0.893525838852
        probability: 0.893525838852
        value: "party"
    mood_relaxed:
        all:
            not_relaxed: 0.791375100613
            relaxed: 0.208624914289
        probability: 0.791375100613
        value: "not_relaxed"
    mood_sad:
        all:
            not_sad: 0.967707753181
            sad: 0.032292265445
        probability: 0.967707753181
        value: "not_sad"
    rhythm:
        all:
            fast: 0.770497560501
            medium: 0.220146089792
            slow: 0.00935636460781
        probability: 0.770497560501
        value: "fast"
    speech_music:
        all:
            music: 0.975995123386
            speech: 0.024004869163
        probability: 0.975995123386
        value: "music"
    timbre:
        all:
            bright: 0.000649599416647
            dark: 0.999350428581
        probability: 0.999350428581
        value: "dark"
    voice_instrumental:
        all:
            instrumental: 0.0259787067771
            voice: 0.974021315575
        probability: 0.974021315575
        value: "voice"

lowlevel:
    average_loudness: 0.938660204411
    barkbands_kurtosis:
        dmean: 2.86481642723
        dmean2: 4.56360197067
        dvar: 19.0757408142
        dvar2: 49.6681022644
        max: 35.0509872437
        mean: 1.93922364712
        min: -1.89113295078
        var: 29.2108364105
    barkbands_skewness:
        dmean: 0.774935603142
        dmean2: 1.10156297684
        dvar: 0.564841151237
        dvar2: 1.05164968967
        max: 5.45600223541
        mean: 0.330721318722
        min: -3.35580062866
        var: 2.7139570713
    barkbands_spread:
        dmean: 10.168800354
        dmean2: 15.7755775452
        dvar: 91.9232254028
        dvar2: 189.183074951
        max: 71.9136199951
        mean: 32.2422065735
        min: 4.14674901962
        var: 247.421707153
    dissonance:
        dmean: 0.0165514405817
        dmean2: 0.0275318939239
        dvar: 0.00030594645068
        dvar2: 0.000780423579272
        max: 0.499885827303
        mean: 0.470934361219
        min: 0.338312953711
        var: 0.000532788457349
    hfc:
        dmean: 3.10706973076
        dmean2: 4.60102653503
        dvar: 33.4851760864
        dvar2: 74.3643798828
        max: 47.9523162842
        mean: 4.71447563171
        min: 0.0176591407508
        var: 47.6744842529
    pitch:
        dmean: 1158.48962402
        dmean2: 2230.11938477
        dvar: 2337279.25
        dvar2: 5227419
        max: 4900
        mean: 1618.12585449
        min: 73.3777008057
        var: 2899718
    pitch_instantaneous_confidence:
        dmean: 0.105452105403
        dmean2: 0.172049552202
        dvar: 0.00665495591238
        dvar2: 0.0163973513991
        max: 0.825958251953
        mean: 0.414499431849
        min: 0.148144543171
        var: 0.0158665813506
    pitch_salience:
        dmean: 0.0777655318379
        dmean2: 0.125542387366
        dvar: 0.00499555934221
        dvar2: 0.0117561221123
        max: 0.87495303154
        mean: 0.608097493649
        min: 0.21411588788
        var: 0.0145050063729
    silence_rate_20dB:
        dmean: 0
        dmean2: 0
        dvar: 0
        dvar2: 0
        max: 1
        mean: 1
        min: 1
        var: 0
    silence_rate_30dB:
        dmean: 0
        dmean2: 0
        dvar: 0
        dvar2: 0
        max: 1
        mean: 1
        min: 1
        var: 0
    silence_rate_60dB:
        dmean: 0.130841121078
        dmean2: 0.26229506731
        dvar: 0.11372178793
        dvar2: 0.216916263103
        max: 1
        mean: 0.682983696461
        min: 0
        var: 0.21651750803
    spectral_centroid:
        dmean: 460.372314453
        dmean2: 660.971557617
        dvar: 243727.65625
        dvar2: 376233.65625
        max: 4553.44042969
        mean: 1825.546875
        min: 198.680587769
        var: 1159409.375
    spectral_complexity:
        dmean: 3.66276335716
        dmean2: 5.6619720459
        dvar: 34.022064209
        dvar2: 68.284866333
        max: 51
        mean: 7.3948597908
        min: 0
        var: 71.8510818481
    spectral_crest:
        dmean: 2.65657186508
        dmean2: 4.29986572266
        dvar: 5.51227664948
        dvar2: 13.4425344467
        max: 20.8411865234
        mean: 8.267162323
        min: 2.91942715645
        var: 12.1351537704
    spectral_decrease:
        dmean: 3.22865761904e-10
        dmean2: 4.9791165635e-10
        dvar: 2.43979067172e-19
        dvar2: 6.02691962715e-19
        max: -2.04229775452e-12
        mean: -6.44900299829e-10
        min: -4.00704713854e-09
        var: 4.68985816417e-19
    spectral_energy:
        dmean: 0.00146820070222
        dmean2: 0.00222855503671
        dvar: 5.22179652762e-06
        dvar2: 1.27066823552e-05
        max: 0.0187930148095
        mean: 0.00286162062548
        min: 1.24709131342e-05
        var: 9.26512893784e-06
    spectral_energyband_high:
        dmean: 0.000306895672111
        dmean2: 0.000444957840955
        dvar: 3.1204632478e-07
        dvar2: 6.34686841749e-07
        max: 0.00426363199949
        mean: 0.000388160464354
        min: 9.98708287625e-07
        var: 4.33996774518e-07
    spectral_energyband_low:
        dmean: 0.000263418187387
        dmean2: 0.000428202183684
        dvar: 2.28777494726e-07
        dvar2: 5.98423469e-07
        max: 0.00401116302237
        mean: 0.00040650885785
        min: 3.99063040391e-08
        var: 4.22208984219e-07
    spectral_energyband_middle_high:
        dmean: 0.000663527462166
        dmean2: 0.00104093702976
        dvar: 2.61410423263e-06
        dvar2: 6.7894775384e-06
        max: 0.0174714643508
        mean: 0.000928506022319
        min: 3.63825893146e-06
        var: 2.88906790047e-06
    spectral_energyband_middle_low:
        dmean: 0.000553345191292
        dmean2: 0.000869640673045
        dvar: 9.01202156456e-07
        dvar2: 2.02506407732e-06
        max: 0.00884478539228
        mean: 0.00113843881991
        min: 6.39419113213e-07
        var: 2.6924476515e-06
    spectral_flatness_db:
        dmean: 0.0236587896943
        dmean2: 0.0377843528986
        dvar: 0.000484777032398
        dvar2: 0.00118422089145
        max: 0.295566111803
        mean: 0.149072080851
        min: 0.0801066756248
        var: 0.00157167494763
    spectral_flux:
        dmean: 0.0109729506075
        dmean2: 0.0168399251997
        dvar: 0.000170108745806
        dvar2: 0.000337047182256
        max: 0.12652900815
        mean: 0.0324415229261
        min: 0.00518640736118
        var: 0.000377430435037
    spectral_kurtosis:
        dmean: 0.911573588848
        dmean2: 1.39980888367
        dvar: 0.917138457298
        dvar2: 1.94937419891
        max: 9.62272167206
        mean: 2.36930584908
        min: -0.870558023453
        var: 2.73577165604
    spectral_rms:
        dmean: 0.000391676323488
        dmean2: 0.000563996261917
        dvar: 2.14197285686e-07
        dvar2: 4.95937115375e-07
        max: 0.00428189802915
        mean: 0.00147428514902
        min: 0.000110302971734
        var: 6.18307410605e-07
    spectral_rolloff:
        dmean: 703.182434082
        dmean2: 1166.88708496
        dvar: 942332.1875
        dvar2: 1719807.5
        max: 6029.296875
        mean: 3178.71411133
        min: 129.19921875
        var: 2506764
    spectral_skewness:
        dmean: 0.211150869727
        dmean2: 0.305830657482
        dvar: 0.0453785769641
        dvar2: 0.0885187536478
        max: 2.34268379211
        mean: 1.22701656818
        min: 0.426300883293
        var: 0.149271845818
    spectral_spread:
        dmean: 813870.375
        dmean2: 1221235.125
        dvar: 874608918528
        dvar2: 1.47867448115e+12
        max: 17371674
        mean: 6307665.5
        min: 2467172.75
        var: 3.04821436416e+12
    spectral_strongpeak:
        dmean: 0.412569075823
        dmean2: 0.715908706188
        dvar: 0.406231373549
        dvar2: 0.927189052105
        max: 5.72888374329
        mean: 0.518884181976
        min: 0.00548658939078
        var: 0.470090180635
    zerocrossingrate:
        dmean: 0.0168234053999
        dmean2: 0.0168411191553
        dvar: 0.00024908760679
        dvar2: 0.000184752294444
        max: 0.21337890625
        mean: 0.103797413409
        min: 0.01806640625
        var: 0.00199462939054
    barkbands:
        dmean: [2.47762045547e-07, 0.000103441278043, 0.000214762883843, 0.000222361166379, 0.000178078771569, 0.00021952415409, 9.65805738815e-05, 4.72902829642e-05, 4.22567427449e-05, 5.16269537911e-05, 5.29823482793e-05, 5.75668636884e-05, 3.54461226379e-05, 2.29298821068e-05, 7.69566031522e-05, 7.00876116753e-05, 9.52861373662e-05, 0.00012889689242, 0.00014077036758, 0.000191368366359, 0.0001262176811, 4.71276871394e-05, 1.42489188875e-05, 6.49202684144e-06, 4.29706142313e-06, 2.70968911309e-07, 2.47370623985e-10]
        dmean2: [3.97643987071e-07, 0.0001663833973, 0.000370711582946, 0.000381751626264, 0.000280638807453, 0.000339480437106, 0.000161904201377, 7.432680286e-05, 7.22549229977e-05, 8.82572931005e-05, 8.89815128176e-05, 9.7562049632e-05, 6.19229176664e-05, 3.87066174881e-05, 0.000135927635711, 0.000123825389892, 0.000166178841027, 0.000217977794819, 0.000231018129853, 0.000284805166302, 0.000191549319425, 6.84966071276e-05, 2.03412564588e-05, 9.07082721824e-06, 6.5539006755e-06, 4.18117451773e-07, 4.44831310675e-10]
        dvar: [2.01184080788e-13, 4.69428513838e-08, 1.98041632871e-07, 2.82430420384e-07, 1.78257437256e-07, 2.40702235033e-07, 4.54011477302e-08, 8.6574996061e-09, 4.96898788782e-09, 1.09504707524e-08, 2.06983017392e-08, 2.82853669376e-08, 1.1322825344e-08, 3.90421961427e-09, 1.84482672694e-07, 2.79690492988e-08, 1.21320198332e-07, 1.15750658836e-07, 5.85592694335e-08, 1.40559080819e-07, 5.69852325327e-08, 6.44387698756e-09, 6.59431453887e-10, 1.47627091107e-10, 6.50899473209e-11, 3.12968753561e-13, 1.34945293874e-18]
        dvar2: [4.77918160775e-13, 1.24458082951e-07, 5.34697846888e-07, 7.7108751384e-07, 4.10753642655e-07, 4.95586277793e-07, 1.20580054386e-07, 1.92264870691e-08, 1.32305180145e-08, 2.97377198422e-08, 5.34015391906e-08, 7.56076090624e-08, 2.96767677099e-08, 1.02863566553e-08, 5.47695151454e-07, 8.64737046413e-08, 3.49680703948e-07, 2.78219260963e-07, 1.33110404477e-07, 2.57592944308e-07, 1.20671174386e-07, 1.39044038505e-08, 1.33981670203e-09, 3.0164321041e-10, 1.57515694932e-10, 6.49376006526e-13, 2.72803007967e-18]
        max: [6.86421253704e-06, 0.00204911874607, 0.00389251857996, 0.00375638110563, 0.00616652751341, 0.00564341107383, 0.00249725254253, 0.00112719344907, 0.000651390582789, 0.000823624315672, 0.00127640238497, 0.00145556102507, 0.000783328141551, 0.000707804341801, 0.00621002679691, 0.00184404244646, 0.00466027064249, 0.00248229713179, 0.00199334183708, 0.00312334042974, 0.00230732327327, 0.000650605070405, 0.000199052825337, 8.83592365426e-05, 5.19232198712e-05, 3.60326339433e-06, 2.36812063292e-08]
        mean: [4.90435297706e-07, 0.000123883481137, 0.00028214341728, 0.00024666704121, 0.000297003192827, 0.000294461031444, 0.000152738357428, 7.92762657511e-05, 5.87162248848e-05, 6.55810144963e-05, 4.57450623799e-05, 5.24736715306e-05, 3.21907609759e-05, 2.55724189628e-05, 7.38059970899e-05, 6.58152857795e-05, 9.56237781793e-05, 0.00012925673218, 0.000240581081016, 0.000254665967077, 0.000153904300532, 5.89263800066e-05, 1.91749368241e-05, 7.9214823927e-06, 4.72376223115e-06, 2.8045462841e-07, 3.46919465377e-10]
        min: [6.38796515684e-11, 2.17513171918e-08, 1.45777825367e-08, 2.40445485744e-09, 1.4582623109e-08, 3.62648329144e-08, 2.03981826985e-07, 1.82969230877e-08, 9.25175882571e-08, 6.34005701272e-08, 1.9393917583e-08, 2.57816701321e-08, 5.91898015045e-08, 3.89796710465e-08, 1.54938703645e-07, 3.2599647426e-08, 2.0790724875e-07, 1.96332280211e-07, 1.11305496375e-06, 5.97970085892e-07, 2.8126333973e-07, 9.19582703318e-08, 4.15672545273e-08, 4.30739710566e-08, 1.2597324961e-08, 1.89403914774e-09, 1.16817948544e-12]
        var: [4.09110272786e-13, 5.03333588142e-08, 3.08355367906e-07, 3.01352656606e-07, 4.36191783137e-07, 5.00837188611e-07, 6.65201440597e-08, 2.22362750435e-08, 8.00841437609e-09, 1.45057814649e-08, 1.88561966041e-08, 2.53229703873e-08, 9.73183311714e-09, 3.8862943974e-09, 1.0172268361e-07, 2.07765804561e-08, 7.69256587319e-08, 1.06943772948e-07, 1.02797706347e-07, 2.40404773422e-07, 7.2899872805e-08, 8.90327278569e-09, 9.9769037476e-10, 2.04680009053e-10, 7.62917229391e-11, 3.6503539449e-13, 2.6228106378e-18]
    mfcc:
        mean: [-755.891845703, 78.3142318726, -17.3828907013, 62.1729011536, -16.0413837433, -9.01908397675, -5.64316892624, -0.714484751225, 3.08766794205, -0.798822820187, 4.9241361618, -4.57246589661, -0.502337753773]
        cov: [[4128.73925781, 8.86933708191, -406.098052979, -523.998779297, -162.791519165, 289.223022461, 104.954086304, -175.211425781, -285.712554932, -116.044288635, -462.487854004, -159.044418335, -86.8969116211], [8.86933708191, 1868.30224609, 145.987960815, 92.5483398438, -76.3055648804, 4.84550857544, 58.6881599426, -23.4421977997, -162.350006104, -201.050018311, -67.8369064331, -122.24646759, -115.800971985], [-406.098052979, 145.987960815, 992.125244141, 454.779632568, 98.8345031738, -11.4669189453, -4.70153713226, 52.2540016174, 15.6655664444, 3.96879601479, 0.361995071173, -32.1246910095, -72.7018280029], [-523.998779297, 92.5483398438, 454.779632568, 457.472869873, 146.996627808, -19.091047287, 29.3705215454, 73.1594924927, 46.5754623413, 18.5383071899, 21.2779407501, -12.3555212021, -28.2733192444], [-162.791519165, -76.3055648804, 98.8345031738, 146.996627808, 240.370193481, 59.7621612549, 21.9794368744, 9.38185691833, 70.1644897461, 52.3929481506, 46.4599227905, -2.33364844322, 12.7948856354], [289.223022461, 4.84550857544, -11.4669189453, -19.091047287, 59.7621612549, 140.5521698, 65.6944503784, 19.4698944092, 5.1995010376, 13.8376817703, -23.1989536285, 0.793267011642, -3.83117246628], [104.954086304, 58.6881599426, -4.70153713226, 29.3705215454, 21.9794368744, 65.6944503784, 110.670967102, 67.5578918457, 8.72334861755, -3.01860117912, -16.1171951294, -4.5750617981, 0.329263776541], [-175.211425781, -23.4421977997, 52.2540016174, 73.1594924927, 9.38185691833, 19.4698944092, 67.5578918457, 127.156188965, 64.2892379761, 27.8430633545, 30.2260990143, 23.6955509186, 9.92744827271], [-285.712554932, -162.350006104, 15.6655664444, 46.5754623413, 70.1644897461, 5.1995010376, 8.72334861755, 64.2892379761, 137.719085693, 90.9199371338, 89.8535919189, 38.326084137, 31.0240478516], [-116.044288635, -201.050018311, 3.96879601479, 18.5383071899, 52.3929481506, 13.8376817703, -3.01860117912, 27.8430633545, 90.9199371338, 131.391738892, 73.5644607544, 27.0091075897, 27.7589359283], [-462.487854004, -67.8369064331, 0.361995071173, 21.2779407501, 46.4599227905, -23.1989536285, -16.1171951294, 30.2260990143, 89.8535919189, 73.5644607544, 149.73223877, 54.5912284851, 30.9683952332], [-159.044418335, -122.24646759, -32.1246910095, -12.3555212021, -2.33364844322, 0.793267011642, -4.5750617981, 23.6955509186, 38.326084137, 27.0091075897, 54.5912284851, 73.4908447266, 38.0824890137], [-86.8969116211, -115.800971985, -72.7018280029, -28.2733192444, 12.7948856354, -3.83117246628, 0.329263776541, 9.92744827271, 31.0240478516, 27.7589359283, 30.9683952332, 38.0824890137, 69.0758209229]]
        icov: [[0.000558919331525, 6.70266399538e-06, -4.12512963521e-05, 0.000566771312151, -1.10598821266e-05, -0.00061987695517, -0.000369316752767, 0.000413432251662, 0.000185611716006, -0.00068923085928, 0.00161708856467, -5.96244863118e-05, 0.000314434582833], [6.70266399538e-06, 0.000807334494311, 2.56391213043e-05, -0.00031511936686, 0.000446934223874, -0.000463894888526, -0.000338979967637, 9.09433292691e-05, 0.000400439806981, 0.00119673344307, -0.00123249972239, 0.00142334750853, 0.000246985960985], [-4.12512963521e-05, 2.56391213043e-05, 0.00208895769902, -0.00234683603048, 0.000658002973069, -0.000957667594776, 0.00129843410105, -0.00029928344884, 0.00018480392464, 1.25782717078e-05, -0.000391657929868, 0.000363661762094, 0.000977990566753], [0.000566771312151, -0.00031511936686, -0.00234683603048, 0.00715975090861, -0.00443469546735, 0.00337550207041, -0.00172749371268, -0.00246597453952, 0.00110344076529, -0.0015939384466, 0.00327154714614, -0.00194498430938, 0.00176706560887], [-1.10598821266e-05, 0.000446934223874, 0.000658002973069, -0.00443469546735, 0.00994726642966, -0.00600899616256, -0.000204391180887, 0.00478445366025, -0.00478319870308, 0.00175502838101, -0.00341047230177, 0.00505900662392, -0.00306682102382], [-0.00061987695517, -0.000463894888526, -0.000957667594776, 0.00337550207041, -0.00600899616256, 0.0165867581964, -0.00918120425195, 0.000850669224747, 0.000602319312748, -0.00333984335884, 0.00370860099792, -0.00716017652303, 0.00412718718871], [-0.000369316752767, -0.000338979967637, 0.00129843410105, -0.00172749371268, -0.000204391180887, -0.00918120425195, 0.0240027867258, -0.0141845215112, 0.00393527140841, 0.00166813109536, -0.00131296680775, 0.00529632624239, -0.00368967466056], [0.000413432251662, 9.09433292691e-05, -0.00029928344884, -0.00246597453952, 0.00478445366025, 0.000850669224747, -0.0141845215112, 0.0228338148445, -0.01150297001, 0.00127022748347, 0.00162934197579, -0.00402671843767, 0.00144054624252], [0.000185611716006, 0.000400439806981, 0.00018480392464, 0.00110344076529, -0.00478319870308, 0.000602319312748, 0.00393527140841, -0.01150297001, 0.0250203218311, -0.0090691940859, -0.00541369291022, -2.01933544304e-05, -0.00104981276672], [-0.00068923085928, 0.00119673344307, 1.25782717078e-05, -0.0015939384466, 0.00175502838101, -0.00333984335884, 0.00166813109536, 0.00127022748347, -0.0090691940859, 0.0184653196484, -0.00731460656971, 0.00495412759483, -0.00300002656877], [0.00161708856467, -0.00123249972239, -0.000391657929868, 0.00327154714614, -0.00341047230177, 0.00370860099792, -0.00131296680775, 0.00162934197579, -0.00541369291022, -0.00731460656971, 0.0222112126648, -0.0116440281272, 0.00333704170771], [-5.96244863118e-05, 0.00142334750853, 0.000363661762094, -0.00194498430938, 0.00505900662392, -0.00716017652303, 0.00529632624239, -0.00402671843767, -2.01933544304e-05, 0.00495412759483, -0.0116440281272, 0.0309752430767, -0.0127215413377], [0.000314434582833, 0.000246985960985, 0.000977990566753, 0.00176706560887, -0.00306682102382, 0.00412718718871, -0.00368967466056, 0.00144054624252, -0.00104981276672, -0.00300002656877, 0.00333704170771, -0.0127215413377, 0.0248411782086]]
    spectral_contrast:
        mean: [7.37877314805e-08, -1.30228485773e-07, 8.72745005154e-08, -5.27285237695e-07, 3.46260520701e-07, 5.43126432717e-08, -1.92052630155e-06, 3.07326013171e-06, -4.67478685096e-06, 2.46509762292e-06, 2.4443475013e-06, -5.14716759881e-07]
        var: [0.00034742281423, 0.000750231032725, 0.00133011129219, 0.0018745836569, 0.00304947141558, 0.00638509821147, 0.104773893952, 0.11179125309, 0.241362854838, 0.584212064743, 0.966631114483, 2.72449707985]

rhythm:
    beats_loudness:
        dmean: 0.00247343350202
        dmean2: 0.00387552077882
        dvar: 5.72084536543e-06
        dvar2: 1.9299421183e-05
        max: 0.010734507814
        mean: 0.00295347697102
        min: 0.000337695149938
        var: 6.82032714394e-06
    beats_loudness_bass:
        dmean: 0.323244184256
        dmean2: 0.607235789299
        dvar: 0.0517500899732
        dvar2: 0.146244093776
        max: 0.816789567471
        mean: 0.200886696577
        min: 0.00166347285267
        var: 0.0541159287095
    bpm: 148.309112549
    bpm_confidence: 0
    first_peak_bpm: 98
    first_peak_spread: 0
    first_peak_weight: 0.5
    onset_rate: 5.43996715546
    second_peak_bpm: 148
    second_peak_spread: 0
    second_peak_weight: 0.444444447756
    beats_position: [0.266419947147, 0.878552258015, 1.49068450928, 2.10281682014, 2.71494889259, 3.32708120346, 3.93921327591, 4.55134534836, 5.16347789764, 5.77560997009, 6.22993326187, 6.63449525833, 7.03905677795, 7.44361829758, 7.84818029404, 8.25274181366, 8.65730381012, 9.06186485291, 9.46642684937]
    bpm_estimates: [148.32635498, 148.417282104, 148.058288574, 148.714019775, 148.029525757]
    bpm_intervals: [0.612132310867, 0.612132251263, 0.612132310867, 0.612132072449, 0.612132310867, 0.612132072449, 0.612132072449, 0.612132549286, 0.612132072449, 0.454323291779, 0.40456199646, 0.404561519623, 0.404561519623, 0.40456199646, 0.404561519623, 0.40456199646, 0.404561042786, 0.40456199646]
    onset_times: [0.0464399084449, 0.267029464245, 0.476009070873, 0.568888902664, 0.766258478165, 0.905578255653, 1.16099774837, 1.28870749474, 1.49768710136, 1.63700675964, 1.67183673382, 1.86920630932, 2.10140585899, 2.20589566231, 2.31038546562, 2.48453521729, 2.70512461662, 2.90249443054, 3.11147403717, 3.32045340538, 3.64553284645, 3.73841261864, 4.14476203918, 4.3073015213, 4.43501138687, 4.65560102463, 4.73687076569, 4.95746040344, 5.16644001007, 5.35219955444, 5.64244890213, 5.79337882996, 5.97913837433, 6.18811798096, 6.29260778427, 6.39709758759, 6.59446716309, 6.80344676971, 7.02403640747, 7.27945566177, 7.38394546509, 7.61614513397, 7.69741487503, 7.99927425385, 8.2198638916, 8.42884349823, 8.6146030426, 8.92807292938, 9.05578231812, 9.24154186249, 9.45052146912, 9.55501174927, 9.64789104462, 9.85687065125]
    rubato_start: [6.63449525833]
    rubato_stop: [9.46642684937]
    perceptual_tempo: "unknown"

sfx:
    inharmonicity:
        dmean: 0.0676073133945
        dmean2: 0.117012679577
        dvar: 0.00584376929328
        dvar2: 0.0168267469853
        max: 0.455504477024
        mean: 0.0669440627098
        min: 0
        var: 0.00612264126539
    oddtoevenharmonicenergyratio:
        dmean: 7.79868745804
        dmean2: 15.2537603378
        dvar: 2052.6184082
        dvar2: 6249.50488281
        max: 631.827270508
        mean: 4.31236219406
        min: 0
        var: 1050.29418945
    pitch_after_max_to_before_max_energy_ratio: 4.42330551147
    pitch_centroid: 225.970245361
    pitch_max_to_total: 0.147196263075
    pitch_min_to_total: 0.84112149477
    tristimulus:
        dmean: [0.221235230565, 0.300306111574, 0.165570929646]
        dmean2: [0.375786751509, 0.532500267029, 0.296359539032]
        dvar: [0.0368451625109, 0.0514436401427, 0.0270559098572]
        dvar2: [0.099228926003, 0.152380093932, 0.0705753043294]
        max: [1, 0.983717978001, 0.870739400387]
        mean: [0.357233524323, 0.420706450939, 0.154393911362]
        min: [0.0082098338753, 0, 0]
        var: [0.0652375146747, 0.0739805027843, 0.0301477313042]

tonal:
    chords_changes_rate: 0.0790697708726
    chords_number_rate: 0.0279069766402
    chords_strength:
        dmean: 0.011919063516
        dmean2: 0.0131736453623
        dvar: 7.68688259996e-05
        dvar2: 0.000103319311165
        max: 0.653236627579
        mean: 0.486465603113
        min: 0.285633444786
        var: 0.00817258097231
    key_strength: 0.406396269798
    tuning_diatonic_strength: 0.325461417437
    tuning_equal_tempered_deviation: 0.24852219224
    tuning_frequency: 432.940917969
    tuning_nontempered_energy_ratio: 0.906799614429
    hpcp:
        dmean: [0.181283786893, 0.201615959406, 0.186665669084, 0.154263034463, 0.147098690271, 0.134645044804, 0.122631795704, 0.168199211359, 0.256062537432, 0.213455319405, 0.179948568344, 0.174104720354, 0.180892199278, 0.173938781023, 0.187941521406, 0.238596051931, 0.218170374632, 0.224687993526, 0.188706889749, 0.142085969448, 0.137775093317, 0.15091714263, 0.163026452065, 0.139718160033, 0.141505494714, 0.162584781647, 0.13091763854, 0.0972879901528, 0.0860106945038, 0.099793843925, 0.118653602898, 0.165364831686, 0.165238663554, 0.192151919007, 0.193291947246, 0.160493656993]
        dmean2: [0.315936625004, 0.35400852561, 0.31908890605, 0.257799595594, 0.248458787799, 0.213065549731, 0.185680672526, 0.272174209356, 0.430632710457, 0.348330140114, 0.295906662941, 0.298170030117, 0.317715704441, 0.312765091658, 0.327920824289, 0.42418012023, 0.39811655879, 0.40479055047, 0.337354898453, 0.24793754518, 0.244832009077, 0.255504637957, 0.271546751261, 0.243598341942, 0.257072538137, 0.293020606041, 0.230838760734, 0.173731595278, 0.156230553985, 0.177921324968, 0.190746024251, 0.270035356283, 0.270157873631, 0.308146119118, 0.315120995045, 0.278630495071]
        dvar: [0.0400596521795, 0.0454233624041, 0.0401840917766, 0.0345187671483, 0.033683847636, 0.027161763981, 0.0225804373622, 0.0403268262744, 0.0661453083158, 0.050485573709, 0.0384180694818, 0.0363759435713, 0.0429241284728, 0.0454654730856, 0.0494467392564, 0.0598546043038, 0.0539178103209, 0.0484116151929, 0.0420725643635, 0.0281494557858, 0.0287257973105, 0.0313974842429, 0.0363158099353, 0.027074335143, 0.0472995527089, 0.0580996274948, 0.0373644977808, 0.0247704070061, 0.0163541696966, 0.0204891040921, 0.0178031437099, 0.0360841490328, 0.0282208919525, 0.0381415225565, 0.0424883775413, 0.0317739397287]
        dvar2: [0.105951614678, 0.114125020802, 0.113076537848, 0.0845519974828, 0.0754557326436, 0.0640425980091, 0.0451154410839, 0.0876565948129, 0.158549427986, 0.111197665334, 0.113448396325, 0.0956698283553, 0.114188998938, 0.119867451489, 0.142324760556, 0.167811125517, 0.138543441892, 0.143078014255, 0.124693378806, 0.0740543007851, 0.0821006670594, 0.0791393667459, 0.081751100719, 0.065987072885, 0.129456162453, 0.16141924262, 0.107544973493, 0.0708798840642, 0.0473562665284, 0.0582340657711, 0.0472203567624, 0.0855483189225, 0.0589292868972, 0.0883777365088, 0.104078277946, 0.0909176394343]
        max: [1, 1, 1, 1, 1, 1, 0.955583691597, 1, 1, 1, 1, 1, 1, 1, 1, 1, 1, 1, 1, 1, 1, 1, 1, 1, 1, 1, 1, 1, 0.975087344646, 1, 1, 1, 1, 1, 1, 1]
        mean: [0.307161659002, 0.365111798048, 0.272247731686, 0.207130551338, 0.214471578598, 0.184440389276, 0.160578161478, 0.210459604859, 0.3094214499, 0.350319474936, 0.280510991812, 0.214797630906, 0.187235981226, 0.167844265699, 0.1882083565, 0.282375991344, 0.338082551956, 0.277459710836, 0.21432633698, 0.185782387853, 0.163791924715, 0.203599497676, 0.243960022926, 0.178571894765, 0.12677398324, 0.134398341179, 0.122357949615, 0.101249665022, 0.0957554206252, 0.110357873142, 0.159031912684, 0.231149688363, 0.273787677288, 0.388572901487, 0.375758498907, 0.239840269089]
        min: [0.00296940328553, 0.00224135257304, 0.00202785921283, 0.00109501637053, 0.000681594538037, 0.0010748381028, 0.000863082997967, 0.000700259697624, 0.00116626103409, 0.00138959428295, 0.00239773187786, 0.0018901511794, 0.00107361888513, 0.000676637922879, 0.00085971923545, 0.00139768153895, 0.00166665355209, 0.00251119397581, 0.00145767373033, 0.000703137251548, 0.000522380345501, 0.00304713612422, 0.00251294765621, 0.00112313521095, 0.000374960072804, 0.000313990371069, 0.000316399178701, 0.000747868209146, 0.00092622032389, 0.000727065547835, 0.000762398180086, 0.0015231189318, 0.00701451348141, 0.0162690225989, 0.0106113553047, 0]
        var: [0.0836468338966, 0.102724336088, 0.0658585056663, 0.0595302060246, 0.0668694227934, 0.0498146153986, 0.0401162132621, 0.0599257461727, 0.102551102638, 0.118546821177, 0.0800833329558, 0.0523648522794, 0.0439249426126, 0.0443147420883, 0.0499762110412, 0.0794163644314, 0.101654872298, 0.0685453116894, 0.0488690473139, 0.0504699498415, 0.0349504835904, 0.0385331176221, 0.056196372956, 0.0422529503703, 0.0388392992318, 0.045847337693, 0.0301188696176, 0.0194256585091, 0.0154174240306, 0.0214357022196, 0.0253064185381, 0.0549506135285, 0.0534041970968, 0.103713087738, 0.107597522438, 0.0477083064616]
    chords_histogram: [0, 0, 0.930232584476, 0, 0, 5.11627912521, 12.0930233002, 0, 0, 0, 0, 0, 0, 1.86046516895, 52.558139801, 0, 0, 0, 0, 13.4883718491, 0, 13.9534883499, 0, 0]
    thpcp: [1, 0.967021882534, 0.617233633995, 0.790486574173, 0.939622402191, 0.700634896755, 0.533054530621, 0.551946818829, 0.47466096282, 0.413251042366, 0.541621923447, 0.796302199364, 0.901554048061, 0.721900522709, 0.552785933018, 0.481855481863, 0.431950509548, 0.484357893467, 0.726700186729, 0.870062112808, 0.714048027992, 0.551573038101, 0.478114634752, 0.42152172327, 0.523967325687, 0.627835929394, 0.459558278322, 0.326255351305, 0.345876783133, 0.31489059329, 0.260567992926, 0.246428459883, 0.284008145332, 0.409271746874, 0.594868242741, 0.704597949982]
    chords_key: "G#"
    chords_scale: "major"
    key_key: "G"
    key_scale: "major"
    chords_progression: ["G#", "G#", "G#", "G#", "G#", "G#", "G#", "G#", "G#", "G#", "G#", "G#", "G#", "G#", "G#", "G#", "G#", "G#", "G#", "G#", "G#", "G#", "G#", "G#", "G#", "G#", "G#", "G#", "G#", "G#", "G#", "G#", "G#", "G#", "G#", "G#", "G#", "G#", "G#", "G#", "G#", "G#", "G#", "G#", "G#", "G#", "G#", "G#", "E", "G#", "G#", "G#", "G#", "G#", "G#", "G#", "E", "E", "E", "E", "E", "E", "E", "E", "E", "E", "E", "E", "E", "E", "E", "E", "E", "E", "C#m", "C#m", "C#m", "E", "C#m", "E", "E", "E", "E", "E", "E", "C#m", "C#m", "C#m", "C#m", "C#m", "C#m", "C#m", "G#", "G#", "G#", "G#", "G#", "Am", "Am", "Am", "Am", "Am", "Am", "Am", "Am", "Am", "Am", "Am", "Am", "Am", "Am", "Dm", "Dm", "Dm", "Dm", "Dm", "Dm", "Dm", "Dm", "Dm", "Dm", "Dm", "Dm", "Dm", "Dm", "Dm", "Dm", "Dm", "Dm", "Dm", "Dm", "Dm", "Dm", "Dm", "Dm", "Dm", "Dm", "Dm", "D", "D", "Dm", "Dm", "Am", "Am", "Am", "Am", "Am", "Am", "Am", "Am", "Am", "Am", "Am", "Am", "Am", "Am", "Am", "Am", "G#", "G#", "G#", "G#", "G#", "G#", "G#", "G#", "G#", "G#", "G#", "G#", "G#", "G#", "G#", "G#", "G#", "G#", "G#", "G#", "G#", "G#", "G#", "G#", "G#", "G#", "G#", "G#", "G#", "G#", "G#", "G#", "G#", "G#", "G#", "G#", "G#", "G#", "G#", "G#", "G#", "G#", "G#", "G#", "G#", "G#", "G#", "G#", "G#", "G#", "Fm", "Fm", "Fm", "Fm", "G#", "G#", "G#"]
