
metadata:
    version:
        essentia: "1.2.2"
    audio_properties:
        analysis_sample_rate: 44100
        bitrate: 128
        channels: 2
        equal_loudness: 1
        length: 9.97877597809
        replay_gain: -7.54907608032
        downmix: "mix"
    tags:
        track: 14
        year: 0
        album: "Splitted by Mp3Splt v. 2.1"
        artist: "From 002.10 To 002.20"
        comment: "http://mp3splt.sf.net"
        genre: ""
        title: "02 Track 2.mp3"

highlevel:
    ballroom:
        all:
            ChaChaCha: 0.0361445657909
            Jive: 0.0635099411011
            Quickstep: 0.0584782212973
            Rumba-American: 0.0138708269224
            Rumba-International: 0.146774426103
            Rumba-Misc: 0.0336511135101
            Samba: 0.0487231314182
            Tango: 0.14139072597
            VienneseWaltz: 0.346932590008
            Waltz: 0.110524475574
        probability: 0.346932590008
        value: "VienneseWaltz"
    culture:
        all:
            non_western: 0.658593475819
            western: 0.341406494379
        probability: 0.658593475819
        value: "non_western"
    gender:
        all:
            female: 0.858361363411
            male: 0.141638636589
        probability: 0.858361363411
        value: "female"
    genre_dortmund:
        all:
            alternative: 0.119051843882
            blues: 0.0527271814644
            electronic: 0.0482955016196
            folkcountry: 0.241485252976
            funksoulrnb: 0.0369809418917
            jazz: 0.146721035242
            pop: 0.0889651328325
            raphiphop: 0.00473480019718
            rock: 0.261038303375
        probability: 0.261038303375
        value: "rock"
    genre_electronica:
        all:
            ambient: 0.717281579971
            dnb: 0.0910339355469
            house: 0.0577555708587
            techno: 0.0164139792323
            trance: 0.117514953017
        probability: 0.717281579971
        value: "ambient"
    genre_rosamerica:
        all:
            cla: 0.0913311168551
            dan: 0.0143499383703
            hip: 0.00887478049845
            jaz: 0.0202922709286
            pop: 0.409363538027
            rhy: 0.177205815911
            roc: 0.276350557804
            spe: 0.00223198672757
        probability: 0.409363538027
        value: "pop"
    genre_tzanetakis:
        all:
            blu: 0.0179019551724
            cla: 0.131821706891
            cou: 0.350620925426
            dis: 0.0457317791879
            hip: 0.00519532291219
            jaz: 0.0237407870591
            met: 0.0104144057259
            pop: 0.0567130036652
            reg: 0.0192633718252
            roc: 0.338596761227
        probability: 0.350620925426
        value: "cou"
    live_studio:
        all:
            live: 0.205376908183
            studio: 0.794623076916
        probability: 0.794623076916
        value: "studio"
    mood:
        all:
            Cluster1: 0.178179726005
            Cluster2: 0.154269516468
            Cluster3: 0.446164667606
            Cluster4: 0.101625859737
            Cluster5: 0.119760237634
        probability: 0.446164667606
        value: "Cluster3"
    mood_acoustic:
        all:
            acoustic: 0.0596956275403
            not_acoustic: 0.940304398537
        probability: 0.940304398537
        value: "not_acoustic"
    mood_aggressive:
        all:
            aggressive: 0.133627235889
            not_aggressive: 0.866372764111
        probability: 0.866372764111
        value: "not_aggressive"
    mood_electronic:
        all:
            electronic: 0.243401959538
            not_electronic: 0.756598055363
        probability: 0.756598055363
        value: "not_electronic"
    mood_happy:
        all:
            happy: 0.39811861515
            not_happy: 0.60188138485
        probability: 0.60188138485
        value: "not_happy"
    mood_party:
        all:
            not_party: 0.924508392811
            party: 0.0754915773869
        probability: 0.924508392811
        value: "not_party"
    mood_relaxed:
        all:
            not_relaxed: 0.259623497725
            relaxed: 0.740376472473
        probability: 0.740376472473
        value: "relaxed"
    mood_sad:
        all:
            not_sad: 0.0435644127429
            sad: 0.95643556118
        probability: 0.95643556118
        value: "sad"
    rhythm:
        all:
            fast: 0.407257825136
            medium: 0.0600618608296
            slow: 0.532680273056
        probability: 0.532680273056
        value: "slow"
    speech_music:
        all:
            music: 0.561879634857
            speech: 0.438120394945
        probability: 0.561879634857
        value: "music"
    timbre:
        all:
            bright: 0.770774543285
            dark: 0.229225486517
        probability: 0.770774543285
        value: "bright"
    voice_instrumental:
        all:
            instrumental: 0.985179841518
            voice: 0.0148201584816
        probability: 0.985179841518
        value: "instrumental"

lowlevel:
    average_loudness: 0.973402798176
    barkbands_kurtosis:
        dmean: 0.887668371201
        dmean2: 1.37729799747
        dvar: 1.4460824728
        dvar2: 3.53725600243
        max: 10.6792831421
        mean: 0.351338416338
        min: -1.7256834507
        var: 3.72714090347
    barkbands_skewness:
        dmean: 0.341474324465
        dmean2: 0.534361481667
        dvar: 0.129897519946
        dvar2: 0.340671956539
        max: 2.84991049767
        mean: 0.810224473476
        min: -1.06804764271
        var: 0.483558684587
    barkbands_spread:
        dmean: 4.23601961136
        dmean2: 6.59910726547
        dvar: 17.3204536438
        dvar2: 41.91173172
        max: 47.7129135132
        mean: 22.8198795319
        min: 5.95573139191
        var: 63.2252922058
    dissonance:
        dmean: 0.0231387037784
        dmean2: 0.038878403604
        dvar: 0.000534824735951
        dvar2: 0.00126454792917
        max: 0.494717508554
        mean: 0.439500659704
        min: 0.210092753172
        var: 0.00103786413092
    hfc:
        dmean: 1.61468064785
        dmean2: 2.6073205471
        dvar: 11.4095239639
        dvar2: 27.7451190948
        max: 35.7111206055
        mean: 4.89042425156
        min: 0.850534200668
        var: 19.0507926941
    pitch:
        dmean: 237.008010864
        dmean2: 465.295776367
        dvar: 573291.75
        dvar2: 1479524
        max: 4009.09082031
        mean: 468.441741943
        min: 81.9702606201
        var: 600231.5625
    pitch_instantaneous_confidence:
        dmean: 0.0795344114304
        dmean2: 0.123497575521
        dvar: 0.0056125568226
        dvar2: 0.0139848254621
        max: 0.861810326576
        mean: 0.568531095982
        min: 0.194682538509
        var: 0.0266906283796
    pitch_salience:
        dmean: 0.0533591471612
        dmean2: 0.0884237512946
        dvar: 0.00231612846255
        dvar2: 0.00551513349637
        max: 0.765313327312
        mean: 0.602754116058
        min: 0.282921642065
        var: 0.00728487316519
    silence_rate_20dB:
        dmean: 0
        dmean2: 0
        dvar: 0
        dvar2: 0
        max: 1
        mean: 1
        min: 1
        var: 0
    silence_rate_30dB:
        dmean: 0
        dmean2: 0
        dvar: 0
        dvar2: 0
        max: 1
        mean: 1
        min: 1
        var: 0
    silence_rate_60dB:
        dmean: 0.116550117731
        dmean2: 0.231308415532
        dvar: 0.102966301143
        dvar2: 0.224534615874
        max: 1
        mean: 0.37209302187
        min: 0
        var: 0.233638867736
    spectral_centroid:
        dmean: 186.486312866
        dmean2: 293.260467529
        dvar: 54938.1640625
        dvar2: 137666.578125
        max: 2589.79370117
        mean: 1043.21630859
        min: 319.730682373
        var: 167482.96875
    spectral_complexity:
        dmean: 2.2740046978
        dmean2: 3.86854457855
        dvar: 9.84295940399
        dvar2: 21.5414009094
        max: 36
        mean: 10.9322433472
        min: 3
        var: 24.7313556671
    spectral_crest:
        dmean: 1.658156991
        dmean2: 2.60655975342
        dvar: 2.48145246506
        dvar2: 6.26242780685
        max: 18.6114177704
        mean: 7.27854156494
        min: 3.47546863556
        var: 5.98234510422
    spectral_decrease:
        dmean: 2.53766563318e-10
        dmean2: 3.95513566342e-10
        dvar: 1.66402411638e-19
        dvar2: 3.9477879743e-19
        max: -2.43597808591e-10
        mean: -1.05796249539e-09
        min: -4.70461403168e-09
        var: 3.73081798264e-19
    spectral_energy:
        dmean: 0.00108819245361
        dmean2: 0.00168552668765
        dvar: 3.00636816064e-06
        dvar2: 7.14896441423e-06
        max: 0.0182865858078
        mean: 0.00443657115102
        min: 0.000997206545435
        var: 6.76592344462e-06
    spectral_energyband_high:
        dmean: 5.76848069613e-05
        dmean2: 8.87477217475e-05
        dvar: 1.61428808099e-08
        dvar2: 3.70691672913e-08
        max: 0.0019781482406
        mean: 0.000111487766844
        min: 6.13034762864e-06
        var: 2.53747920453e-08
    spectral_energyband_low:
        dmean: 0.000233275059145
        dmean2: 0.000398706150008
        dvar: 6.71114889883e-07
        dvar2: 1.78810330453e-06
        max: 0.00923134200275
        mean: 0.000325249944581
        min: 4.41559313913e-06
        var: 6.62893341996e-07
    spectral_energyband_middle_high:
        dmean: 0.000564996385947
        dmean2: 0.000905150547624
        dvar: 1.0882757806e-06
        dvar2: 2.65507196673e-06
        max: 0.0101626357064
        mean: 0.00183597404975
        min: 0.000197832763661
        var: 2.69629822469e-06
    spectral_energyband_middle_low:
        dmean: 0.000550150871277
        dmean2: 0.000810815952718
        dvar: 6.57039834095e-07
        dvar2: 1.46678610236e-06
        max: 0.0127875013277
        mean: 0.00216383114457
        min: 0.000376920186682
        var: 1.5914922642e-06
    spectral_flatness_db:
        dmean: 0.0138589339331
        dmean2: 0.0209909584373
        dvar: 0.000166960511706
        dvar2: 0.000364742765669
        max: 0.244291841984
        mean: 0.182001933455
        min: 0.0750831142068
        var: 0.000471705308883
    spectral_flux:
        dmean: 0.00828842725605
        dmean2: 0.0134851951152
        dvar: 0.000122628960526
        dvar2: 0.000271726254141
        max: 0.102214895189
        mean: 0.0308647397906
        min: 0.012780604884
        var: 0.000227135577006
    spectral_kurtosis:
        dmean: 1.99582111835
        dmean2: 3.29284119606
        dvar: 3.00866889954
        dvar2: 8.64574050903
        max: 19.8387546539
        mean: 7.07518768311
        min: 1.08280038834
        var: 7.27766990662
    spectral_rms:
        dmean: 0.000237318003201
        dmean2: 0.000363132479833
        dvar: 9.76533769403e-08
        dvar2: 2.24312003638e-07
        max: 0.00422381004319
        mean: 0.002005900722
        min: 0.000986349070445
        var: 3.04724068201e-07
    spectral_rolloff:
        dmean: 440.497497559
        dmean2: 753.763061523
        dvar: 327900.03125
        dvar2: 749797.125
        max: 4091.30859375
        mean: 1991.56982422
        min: 366.064453125
        var: 880506.9375
    spectral_skewness:
        dmean: 0.237954318523
        dmean2: 0.385734707117
        dvar: 0.0391178876162
        dvar2: 0.100201927125
        max: 3.40459537506
        mean: 1.8845154047
        min: 0.554393351078
        var: 0.155795305967
    spectral_spread:
        dmean: 424064.71875
        dmean2: 644222
        dvar: 1.01669050778e+12
        dvar2: 1.48729154765e+12
        max: 21369650
        mean: 3528812.75
        min: 2187270.5
        var: 1.69523242598e+12
    spectral_strongpeak:
        dmean: 0.324105143547
        dmean2: 0.57827693224
        dvar: 0.357432454824
        dvar2: 0.936746060848
        max: 5.29008865356
        mean: 0.64867401123
        min: 0.0289415568113
        var: 0.429970443249
    zerocrossingrate:
        dmean: 0.00676160911098
        dmean2: 0.00823086313903
        dvar: 3.83217739e-05
        dvar2: 4.91031605634e-05
        max: 0.12255859375
        mean: 0.0611081719398
        min: 0.02099609375
        var: 0.000312965858029
    barkbands:
        dmean: [2.52367499343e-07, 3.94187518395e-05, 0.000207332457649, 0.000209655510844, 0.000206104901736, 0.000130706786877, 0.000111931913125, 0.000215530380956, 3.96045397792e-05, 0.000150468578795, 4.70961131214e-05, 5.38639651495e-05, 7.82844799687e-05, 6.50680740364e-05, 4.19952048105e-05, 4.58559588878e-05, 9.85718070297e-05, 0.00013706793834, 0.000166077152244, 6.89572843839e-05, 2.03084109671e-05, 4.86191584059e-06, 7.86258397056e-07, 3.53747765303e-07, 3.85186325502e-07, 1.95467766417e-08, 2.99377478363e-09]
        dmean2: [2.74729586636e-07, 6.34877287666e-05, 0.000351505703293, 0.000306693080347, 0.000324387860019, 0.000195482192794, 0.00015383058053, 0.000353850744432, 5.92403048358e-05, 0.000242319845711, 7.6671858551e-05, 8.69427894941e-05, 0.000121742064948, 0.000102562407847, 6.61715603201e-05, 7.75256703491e-05, 0.000172974148882, 0.000234156657825, 0.000279315921944, 0.000109692242404, 3.05074718199e-05, 8.16102692625e-06, 1.38367181535e-06, 5.97874986852e-07, 6.28076236353e-07, 3.28787592707e-08, 3.08196801413e-09]
        dvar: [7.23414492372e-13, 1.75898495769e-08, 5.08999562499e-07, 3.70433582475e-07, 7.68223955561e-08, 2.87655410602e-08, 5.50541052746e-08, 4.51964012882e-08, 4.0682905933e-09, 7.56106643962e-08, 1.31454624963e-08, 4.79318984503e-09, 1.25254269179e-08, 1.3691296985e-08, 1.25538388573e-08, 9.23051413082e-09, 4.2595335259e-08, 6.59779004764e-08, 2.27832757105e-07, 3.79533204864e-08, 2.17434115157e-09, 1.93148191885e-10, 8.17718549123e-12, 9.49498834592e-13, 1.36071535983e-12, 7.43005358167e-15, 3.31004128051e-15]
        dvar2: [9.39393419823e-13, 4.68385152885e-08, 1.35764844345e-06, 9.06750074137e-07, 2.09867920375e-07, 6.81648657519e-08, 1.03134453866e-07, 1.15468651529e-07, 8.89914808511e-09, 1.98746832325e-07, 2.73711560084e-08, 1.28592674287e-08, 2.75118665627e-08, 3.01662446134e-08, 2.10333315209e-08, 2.3779078262e-08, 9.7739196292e-08, 1.68287755287e-07, 6.18280694198e-07, 8.2964810133e-08, 3.70790953497e-09, 5.02776154043e-10, 2.36658279779e-11, 2.70974583917e-12, 2.98285029489e-12, 1.5332780347e-14, 3.2125700229e-15]
        max: [1.44388823173e-05, 0.00148391199764, 0.00774099538103, 0.00888353120536, 0.00274055055343, 0.00230966927484, 0.00309073366225, 0.00187066546641, 0.00103891361505, 0.00269335834309, 0.00217359769158, 0.000591310032178, 0.00138112716377, 0.00143065338489, 0.00252839783207, 0.00131637603045, 0.00305865402333, 0.00248561892658, 0.00526532065123, 0.00278423423879, 0.000683032034431, 0.000134353118483, 3.17913509207e-05, 8.44289115776e-06, 1.35933069032e-05, 1.12567556698e-06, 1.20938716464e-06]
        mean: [8.03052330411e-07, 7.51013139961e-05, 0.000249376957072, 0.000540239270777, 0.00045524945017, 0.000330074486556, 0.000265289592789, 0.000474536296679, 8.05720919743e-05, 0.000451866333606, 7.90100821177e-05, 0.000131626104121, 0.00017224343901, 0.00013289997878, 9.26428547245e-05, 7.85954543971e-05, 0.0001713540114, 0.000221375361434, 0.000262418878265, 0.000129387626657, 3.23958010995e-05, 7.56759709475e-06, 9.5197117389e-07, 4.62349390773e-07, 5.06891865371e-07, 2.33040591269e-08, 3.0243969551e-09]
        min: [1.14819802971e-11, 1.93137310589e-07, 8.11520578736e-07, 2.90349680654e-06, 3.59581972589e-05, 9.22215349419e-06, 4.81103143102e-06, 4.42141163148e-06, 2.57501824308e-06, 2.49490130955e-06, 7.10249537406e-07, 1.21860102809e-06, 1.47746186485e-06, 2.49193658419e-06, 2.61579793914e-06, 1.94882750293e-06, 3.53176665158e-06, 4.55637928098e-06, 9.89166710497e-06, 8.93466221896e-06, 1.60968897944e-06, 2.3469273458e-07, 4.30910205296e-08, 3.13044772327e-08, 1.20678400606e-08, 6.50367260047e-10, 1.90786744584e-13]
        var: [3.46488159345e-12, 2.41691271441e-08, 4.8563697419e-07, 5.91904836256e-07, 1.36106677928e-07, 6.09587686995e-08, 2.26178698881e-07, 1.23844444033e-07, 1.46416034852e-08, 2.61381956079e-07, 4.3511800385e-08, 1.40138300964e-08, 5.2600849898e-08, 4.36761169453e-08, 5.06995263549e-08, 1.75052772278e-08, 1.13693126025e-07, 1.04419918046e-07, 2.12753363371e-07, 4.9603837482e-08, 4.35668567889e-09, 1.84609563747e-10, 5.54692316385e-12, 7.21563596633e-13, 2.04630453207e-12, 8.09732157356e-15, 3.40909606622e-15]
    mfcc:
        mean: [-738.974304199, 155.618423462, -60.6905899048, 46.7509307861, -19.5796833038, -15.9633169174, 5.63239955902, -11.0147972107, -9.77537536621, -9.85315704346, -2.70029115677, -6.89792013168, -10.418217659]
        cov: [[1069.23852539, -370.979003906, -174.981140137, 169.144561768, 13.6511325836, 69.2190628052, -83.3545532227, 63.1718482971, 24.0118560791, 4.14327049255, 38.5701560974, -108.925537109, 3.08639073372], [-370.979003906, 479.839019775, -10.9997596741, -96.6385040283, -45.8023757935, 4.23135328293, 107.72026062, 35.8484039307, -57.0499992371, 8.77165699005, 32.9913864136, 74.6265029907, -37.529083252], [-174.981140137, -10.9997596741, 536.484924316, 57.8042106628, 76.3141555786, -7.16366147995, 18.2655887604, 45.6298675537, 61.777973175, 75.6077880859, 52.0912284851, 115.114295959, 130.966751099], [169.144561768, -96.6385040283, 57.8042106628, 237.113693237, 86.1774749756, 44.7113571167, -66.0686035156, 46.261428833, 73.9390487671, 18.8602790833, 31.3651885986, 3.12207865715, 67.8848953247], [13.6511325836, -45.8023757935, 76.3141555786, 86.1774749756, 130.665039062, 3.17048025131, -38.8124046326, 30.3734874725, 45.8227996826, -0.75701212883, 21.9637050629, 6.17509078979, 28.3440170288], [69.2190628052, 4.23135328293, -7.16366147995, 44.7113571167, 3.17048025131, 126.720397949, 14.7656650543, 16.0338611603, -7.19636964798, 18.8323631287, 13.9854269028, -21.2219104767, 12.3163490295], [-83.3545532227, 107.72026062, 18.2655887604, -66.0686035156, -38.8124046326, 14.7656650543, 149.810302734, 19.939283371, -35.7785301208, 31.9058246613, 11.632185936, 52.2424163818, -16.9810848236], [63.1718482971, 35.8484039307, 45.6298675537, 46.261428833, 30.3734874725, 16.0338611603, 19.939283371, 118.104957581, 23.4550800323, 7.33467626572, 35.2088317871, 33.0394363403, 17.4097423553], [24.0118560791, -57.0499992371, 61.777973175, 73.9390487671, 45.8227996826, -7.19636964798, -35.7785301208, 23.4550800323, 95.092010498, 1.45469367504, 8.14883232117, -7.65089941025, 48.0698852539], [4.14327049255, 8.77165699005, 75.6077880859, 18.8602790833, -0.75701212883, 18.8323631287, 31.9058246613, 7.33467626572, 1.45469367504, 70.7373657227, 24.4674510956, 30.0063533783, 24.2609615326], [38.5701560974, 32.9913864136, 52.0912284851, 31.3651885986, 21.9637050629, 13.9854269028, 11.632185936, 35.2088317871, 8.14883232117, 24.4674510956, 72.6290817261, 38.7528419495, 24.1993999481], [-108.925537109, 74.6265029907, 115.114295959, 3.12207865715, 6.17509078979, -21.2219104767, 52.2424163818, 33.0394363403, -7.65089941025, 30.0063533783, 38.7528419495, 118.566268921, 21.9659233093], [3.08639073372, -37.529083252, 130.966751099, 67.8848953247, 28.3440170288, 12.3163490295, -16.9810848236, 17.4097423553, 48.0698852539, 24.2609615326, 24.1993999481, 21.9659233093, 100.397369385]]
        icov: [[0.00211392366327, 0.00173292960972, 0.000561904569622, -0.00116935116239, 0.00100537994877, 7.48191378079e-05, -0.000203177551157, -0.00168809143361, 0.00105686753523, -0.000463087984826, -0.00228307000361, 0.00171757477801, 0.000386211846489], [0.00173292960972, 0.00432177539915, 0.000635774049442, -0.000110768349259, 0.00105999119114, -0.000383930368116, -0.0011548504699, -0.00197800528258, 0.00120188179426, 0.000259357737377, -0.00287050427869, 3.65233086086e-06, 0.000756253139116], [0.000561904569622, 0.000635774049442, 0.0041246926412, 0.00123987800907, -0.00168931053486, -0.000188412202988, 0.000462528463686, -0.000739591778256, -0.000447396188974, -0.00260375719517, 0.000404940656153, -0.00263132457621, -0.00397054199129], [-0.00116935116239, -0.000110768349259, 0.00123987800907, 0.0101936683059, -0.00397335598245, -0.00344325229526, 0.00355234439485, -0.000870249699801, -0.00404233811423, -0.00229919468984, 0.00140630383976, -0.0037457367871, -0.00324791297317], [0.00100537994877, 0.00105999119114, -0.00168931053486, -0.00397335598245, 0.0127576645464, 0.000429381936556, 0.000961180659942, -0.00166477856692, -0.0019082208164, 0.00208873162046, -0.00363611220382, 0.00143032858614, 0.00302489823662], [7.48191378079e-05, -0.000383930368116, -0.000188412202988, -0.00344325229526, 0.000429381936556, 0.011344996281, -0.00275092408992, -0.00115345255472, 0.00390594638884, -0.00180576008279, -0.00193536526058, 0.00575962010771, -0.00157753378153], [-0.000203177551157, -0.0011548504699, 0.000462528463686, 0.00355234439485, 0.000961180659942, -0.00275092408992, 0.0123935295269, -0.00207380042411, -0.000197829067474, -0.00480217393488, 0.00205321912654, -0.00507445679978, 0.00096169061726], [-0.00168809143361, -0.00197800528258, -0.000739591778256, -0.000870249699801, -0.00166477856692, -0.00115345255472, -0.00207380042411, 0.0133519507945, -0.00354918092489, 0.00291777448729, -0.00202781078406, -0.00297109712847, 0.000944197643548], [0.00105686753523, 0.00120188179426, -0.000447396188974, -0.00404233811423, -0.0019082208164, 0.00390594638884, -0.000197829067474, -0.00354918092489, 0.0200896598399, 0.000507648510393, -0.000511708320118, 0.0051449444145, -0.00636861473322], [-0.000463087984826, 0.000259357737377, -0.00260375719517, -0.00229919468984, 0.00208873162046, -0.00180576008279, -0.00480217393488, 0.00291777448729, 0.000507648510393, 0.0222364608198, -0.00463360594586, -0.00104375532828, -0.000895248318557], [-0.00228307000361, -0.00287050427869, 0.000404940656153, 0.00140630383976, -0.00363611220382, -0.00193536526058, 0.00205321912654, -0.00202781078406, -0.000511708320118, -0.00463360594586, 0.024181233719, -0.00735647324473, -0.00337338959798], [0.00171757477801, 3.65233086086e-06, -0.00263132457621, -0.0037457367871, 0.00143032858614, 0.00575962010771, -0.00507445679978, -0.00297109712847, 0.0051449444145, -0.00104375532828, -0.00735647324473, 0.0197387542576, -0.000296259036986], [0.000386211846489, 0.000756253139116, -0.00397054199129, -0.00324791297317, 0.00302489823662, -0.00157753378153, 0.00096169061726, 0.000944197643548, -0.00636861473322, -0.000895248318557, -0.00337338959798, -0.000296259036986, 0.0210888646543]]
    spectral_contrast:
        mean: [3.84784186735e-07, 5.64742720144e-07, 3.0128720141e-07, 1.81181405878e-07, -1.28922891918e-07, 1.73382673552e-07, 5.39282791578e-06, -1.29695808937e-06, 1.73354817434e-06, 4.3555260163e-06, -2.26274823945e-06, -1.8622273501e-06]
        var: [0.000474400818348, 0.000898102996871, 0.00119793775957, 0.00211495440453, 0.0030147715006, 0.00554770603776, 0.0417111478746, 0.0967057719827, 0.107600048184, 0.1547088027, 0.647885739803, 0.726449847221]

rhythm:
    beats_loudness:
        dmean: 0.00268735876307
        dmean2: 0.00426255399361
        dvar: 6.25217762718e-06
        dvar2: 1.11159843073e-05
        max: 0.0142038371414
        mean: 0.004986891523
        min: 0.0019034986617
        var: 9.71232111624e-06
    beats_loudness_bass:
        dmean: 0.142224133015
        dmean2: 0.238541290164
        dvar: 0.0224439464509
        dvar2: 0.0433611236513
        max: 0.511252343655
        mean: 0.156677141786
        min: 0.00358577514999
        var: 0.0258810017258
    bpm: 94.9211730957
    bpm_confidence: 0
    first_peak_bpm: 95
    first_peak_spread: 0
    first_peak_weight: 0.5625
    onset_rate: 3.20680642128
    second_peak_bpm: 106
    second_peak_spread: 0
    second_peak_weight: 0.375
    beats_position: [0.0727309212089, 0.704834401608, 1.33693790436, 1.9690413475, 2.60114479065, 3.2332482338, 3.86535167694, 4.49745512009, 5.12955856323, 5.76166248322, 6.15459299088, 6.7230424881, 7.29149150848, 7.85994100571, 8.42838954926, 8.99683952332, 9.5652885437]
    bpm_estimates: [94.9315261841, 94.9224243164, 94.8723526001, 94.9583892822]
    bpm_intervals: [0.63210350275, 0.63210350275, 0.632103443146, 0.632103443146, 0.632103443146, 0.632103443146, 0.632103443146, 0.632103443146, 0.632103919983, 0.39293050766, 0.568449497223, 0.568449020386, 0.568449497223, 0.568448543549, 0.56844997406, 0.568449020386]
    onset_times: [0.0580498874187, 1.2190476656, 1.57895696163, 2.04335594177, 2.15945577621, 2.35682535172, 2.75156474113, 2.83283448219, 3.08825397491, 3.19274377823, 3.47138333321, 3.77324271202, 4.40018129349, 5.15482997894, 5.45668935776, 5.74693870544, 6.01396846771, 6.15328788757, 6.33904743195, 6.72217702866, 6.8963265419, 7.31428575516, 7.39555549622, 7.67419481277, 8.04571437836, 8.16181373596, 8.3011341095, 8.83519268036, 8.97451210022, 9.16027164459, 9.52018165588, 9.91492080688]
    rubato_start: [6.7230424881]
    rubato_stop: [9.5652885437]
    perceptual_tempo: "unknown"

sfx:
    inharmonicity:
        dmean: 0.0302950907499
        dmean2: 0.054160233587
        dvar: 0.00252972170711
        dvar2: 0.0072682229802
        max: 0.433108985424
        mean: 0.027686547488
        min: 0.000217325956328
        var: 0.00178743898869
    oddtoevenharmonicenergyratio:
        dmean: 2.28587293625
        dmean2: 4.3110165596
        dvar: 162.653961182
        dvar2: 479.164031982
        max: 176.671203613
        mean: 1.59190225601
        min: 0.000209608479054
        var: 85.213218689
    pitch_after_max_to_before_max_energy_ratio: 0.230021491647
    pitch_centroid: 179.743881226
    pitch_max_to_total: 0.616822421551
    pitch_min_to_total: 0.191588789225
    tristimulus:
        dmean: [0.195846706629, 0.204869821668, 0.0650943890214]
        dmean2: [0.346587777138, 0.359939724207, 0.116291798651]
        dvar: [0.0360312461853, 0.0365336313844, 0.00621255673468]
        dvar2: [0.0941010415554, 0.0994748026133, 0.0197478700429]
        max: [0.959886133671, 0.915594398975, 0.654714047909]
        mean: [0.441922932863, 0.455002397299, 0.0798176079988]
        min: [0.00910242646933, 0, 0]
        var: [0.0527929961681, 0.0537585243583, 0.00584184378386]

tonal:
    chords_changes_rate: 0.0418604649603
    chords_number_rate: 0.0279069766402
    chords_strength:
        dmean: 0.00815925188363
        dmean2: 0.00669591361657
        dvar: 3.58175966539e-05
        dvar2: 3.49246802216e-05
        max: 0.626867771149
        mean: 0.493001759052
        min: 0.347876816988
        var: 0.00595786841586
    key_strength: 0.709373772144
    tuning_diatonic_strength: 0.611957848072
    tuning_equal_tempered_deviation: 0.0539180003107
    tuning_frequency: 438.984558105
    tuning_nontempered_energy_ratio: 0.737886667252
    hpcp:
        dmean: [0.132131949067, 0.145011752844, 0.107468940318, 0.105655312538, 0.0775935649872, 0.0771111398935, 0.135362789035, 0.123318895698, 0.0937969014049, 0.0753821358085, 0.0632087439299, 0.0578892603517, 0.0681887865067, 0.158669278026, 0.243650197983, 0.190066501498, 0.216818749905, 0.0795489326119, 0.0483635291457, 0.0754769220948, 0.126156166196, 0.139641404152, 0.0987253040075, 0.0402135550976, 0.033719830215, 0.0564854703844, 0.0925065129995, 0.107061110437, 0.0818937122822, 0.0676374360919, 0.0936810895801, 0.0843941643834, 0.0627269148827, 0.0568160042167, 0.0717100799084, 0.108002908528]
        dmean2: [0.210567444563, 0.233582377434, 0.186685711145, 0.179627090693, 0.137532755733, 0.118352785707, 0.224857866764, 0.202394023538, 0.157236248255, 0.126330241561, 0.1019776389, 0.0983625128865, 0.113914094865, 0.269206881523, 0.417471885681, 0.336555808783, 0.367055177689, 0.142379283905, 0.085635304451, 0.13477781415, 0.198050901294, 0.222544834018, 0.157672941685, 0.0695235878229, 0.0580824948847, 0.0990481302142, 0.160552591085, 0.164451092482, 0.133729040623, 0.11174312979, 0.151791527867, 0.133589193225, 0.102098926902, 0.10341771692, 0.128384187818, 0.187428936362]
        dvar: [0.0203836970031, 0.024733806029, 0.0289103519171, 0.0385960564017, 0.026110181585, 0.0110213598236, 0.0351120904088, 0.0302344020456, 0.0215860884637, 0.0185058210045, 0.0143952593207, 0.0199804771692, 0.0217278096825, 0.0467281863093, 0.0533295758069, 0.0533903576434, 0.0520154498518, 0.0180376637727, 0.0143803860992, 0.0218382123858, 0.0199600923806, 0.0278369896114, 0.010955167003, 0.00254751299508, 0.00407131575048, 0.00805853307247, 0.0163434110582, 0.0147432563826, 0.0113915018737, 0.0092977322638, 0.017386700958, 0.0104609830305, 0.00613749632612, 0.0120745804161, 0.0170905571431, 0.0167108699679]
        dvar2: [0.0567161291838, 0.0604641065001, 0.0707620307803, 0.0983427762985, 0.0657776966691, 0.0250015500933, 0.0882908925414, 0.0777863934636, 0.0559470318258, 0.0519186072052, 0.0380493663251, 0.0539862476289, 0.0485896617174, 0.118282034993, 0.142847940326, 0.136620670557, 0.144317612052, 0.0495442524552, 0.0454900860786, 0.0648070499301, 0.0512225553393, 0.0516650155187, 0.0247229598463, 0.00690982444212, 0.010997002013, 0.0229000896215, 0.0481083393097, 0.0375830382109, 0.0256210584193, 0.0225945878774, 0.0394125953317, 0.0236868094653, 0.01659700647, 0.0282182041556, 0.0436008162796, 0.0447087809443]
        max: [1, 1, 1, 1, 1, 0.986974239349, 1, 1, 1, 1, 1, 1, 1, 1, 1, 1, 1, 0.894234478474, 1, 1, 1, 1, 0.730898022652, 0.368044674397, 0.458183974028, 0.738147675991, 1, 1, 1, 0.621460139751, 1, 0.726792931557, 0.523921787739, 1, 1, 0.853259325027]
        mean: [0.299188703299, 0.261749505997, 0.127613142133, 0.098491281271, 0.0780029818416, 0.130448997021, 0.304060012102, 0.274535983801, 0.134234935045, 0.129341900349, 0.0931407958269, 0.0618904419243, 0.0715437456965, 0.142095297575, 0.387324482203, 0.526760697365, 0.297509938478, 0.0807533562183, 0.0490561686456, 0.0737015902996, 0.291235744953, 0.434888392687, 0.228073805571, 0.0574210770428, 0.0432441048324, 0.0639372840524, 0.17474424839, 0.252910405397, 0.152801215649, 0.0970530584455, 0.166949778795, 0.162791639566, 0.101200208068, 0.0669908076525, 0.0620302557945, 0.146192342043]
        min: [0.002793247113, 0.00178472197149, 0.00159876851831, 0.000871945696417, 0.00137725833338, 0.00436605419964, 0.00425233785063, 0.00518293213099, 0.00850125681609, 0.00116080255248, 0.00119565811474, 0.00182296696585, 0.00148746697232, 0.00291491206735, 0.00357402674854, 0.00373009452596, 0.000561303750146, 0.00105034466833, 0.000976412906311, 0.000895228469744, 0.00649163732305, 0.0047300090082, 0.00309923943132, 0.00152052938938, 0.00074966129614, 0.000650896923617, 0.00204308331013, 0.00480059627444, 0.00182142027188, 0.00358232948929, 0.00288894260302, 0.0050602578558, 0.00271207583137, 0.00194779306185, 0.00119765975978, 0.00263727083802]
        var: [0.0841792374849, 0.0886924490333, 0.0423856526613, 0.0435106083751, 0.0268029924482, 0.0227563902736, 0.110316485167, 0.0910700410604, 0.0269335210323, 0.0376960001886, 0.0257580000907, 0.0221227705479, 0.0283790826797, 0.0475498959422, 0.116445928812, 0.148132905364, 0.080375008285, 0.0157159715891, 0.0111796697602, 0.0159213934094, 0.0602936260402, 0.124785430729, 0.0316407941282, 0.00340765179135, 0.0039722956717, 0.00821486208588, 0.0401170104742, 0.0703650712967, 0.0292421672493, 0.0124839246273, 0.0352878645062, 0.0230719912797, 0.0121768591926, 0.0126854041591, 0.0142652820796, 0.0211545545608]
    chords_histogram: [20.4651165009, 0, 0, 0, 0, 0, 0, 0, 0, 0, 0, 0, 0, 0, 0, 4.65116262436, 0, 0, 0, 0, 6.04651165009, 25.1162796021, 35.3488388062, 8.37209320068]
    thpcp: [1, 0.564791440964, 0.153301790357, 0.0931279957294, 0.139914751053, 0.552880525589, 0.825590074062, 0.432974219322, 0.109007902443, 0.0820944011211, 0.121378235519, 0.331733644009, 0.480123907328, 0.290077090263, 0.184245064855, 0.316936671734, 0.309042870998, 0.192117989063, 0.127175033092, 0.117757938802, 0.27753084898, 0.567978382111, 0.496904015541, 0.242260187864, 0.186975374818, 0.148080483079, 0.247643753886, 0.577226102352, 0.521177828312, 0.254830956459, 0.245542049408, 0.176818042994, 0.117492519319, 0.135818302631, 0.269753038883, 0.735294938087]
    chords_key: "G"
    chords_scale: "major"
    key_key: "D"
    key_scale: "major"
    chords_progression: ["D", "D", "D", "D", "D", "D", "D", "D", "D", "D", "D", "D", "D", "D", "Bm", "Bm", "Bm", "Bm", "Bm", "Bm", "Bm", "Bm", "Bm", "Bm", "Em", "Em", "Em", "Em", "Em", "Em", "Em", "Em", "Em", "Em", "Em", "Em", "Em", "Em", "Em", "Em", "Em", "Em", "Em", "Em", "Em", "Em", "Em", "C", "C", "C", "C", "C", "C", "C", "C", "C", "C", "C", "C", "C", "G", "G", "G", "G", "G", "G", "G", "G", "G", "G", "G", "G", "G", "G", "G", "G", "G", "G", "G", "G", "G", "G", "G", "G", "G", "G", "G", "G", "G", "G", "G", "G", "G", "G", "G", "G", "G", "G", "G", "G", "G", "G", "G", "G", "G", "G", "G", "G", "G", "G", "G", "G", "G", "G", "G", "G", "G", "G", "G", "G", "Gm", "Gm", "Gm", "Gm", "Gm", "Gm", "Gm", "Gm", "Gm", "Gm", "G", "G", "G", "G", "G", "G", "G", "G", "G", "G", "G", "G", "G", "G", "G", "G", "Em", "Em", "Em", "Em", "Em", "Em", "Em", "Em", "Em", "Em", "Em", "Em", "Em", "Em", "Em", "Em", "Em", "Em", "Em", "Em", "Em", "Em", "Em", "Em", "Em", "Em", "Em", "Em", "Em", "Em", "Em", "Bm", "Bm", "Bm", "Bm", "Bm", "Bm", "Bm", "Bm", "D", "D", "D", "D", "D", "D", "D", "D", "D", "D", "D", "D", "D", "D", "D", "D", "D", "D", "D", "D", "D", "D", "D", "D", "D", "D", "D", "D", "D", "D"]
