
metadata:
    version:
        essentia: "1.2.2"
    audio_properties:
        analysis_sample_rate: 44100
        bitrate: 128
        channels: 2
        equal_loudness: 1
        length: 10.0048980713
        replay_gain: -13.3807315826
        downmix: "mix"
    tags:
        track: 10
        year: 0
        album: "Splitted by Mp3Splt v. 2.1"
        artist: "From 001.30 To 001.40"
        comment: "http://mp3splt.sf.net"
        genre: ""
        title: "10 Last Trumpet feat Lateef th"

highlevel:
    ballroom:
        all:
            ChaChaCha: 0.045882280916
            Jive: 0.458113878965
            Quickstep: 0.069046035409
            Rumba-American: 0.00774363381788
            Rumba-International: 0.0879795253277
            Rumba-Misc: 0.0415096767247
            Samba: 0.249094486237
            Tango: 0.00261301198043
            VienneseWaltz: 0.0317615792155
            Waltz: 0.00625590234995
        probability: 0.458113878965
        value: "Jive"
    culture:
        all:
            non_western: 0.151907116175
            western: 0.848092913628
        probability: 0.848092913628
        value: "western"
    gender:
        all:
            female: 0.112051732838
            male: 0.887948274612
        probability: 0.887948274612
        value: "male"
    genre_dortmund:
        all:
            alternative: 0.0383315049112
            blues: 0.0178969148546
            electronic: 0.0317353382707
            folkcountry: 0.0977364778519
            funksoulrnb: 0.0240186434239
            jazz: 0.00664936378598
            pop: 0.0813183486462
            raphiphop: 0.518930256367
            rock: 0.183383122087
        probability: 0.518930256367
        value: "raphiphop"
    genre_electronica:
        all:
            ambient: 0.165283575654
            dnb: 0.647201895714
            house: 0.0364739447832
            techno: 0.0397543907166
            trance: 0.111286193132
        probability: 0.647201895714
        value: "dnb"
    genre_rosamerica:
        all:
            cla: 0.00523297814652
            dan: 0.253166228533
            hip: 0.428936839104
            jaz: 0.00646229228005
            pop: 0.133656919003
            rhy: 0.105655707419
            roc: 0.05209806934
            spe: 0.0147909354419
        probability: 0.428936839104
        value: "hip"
    genre_tzanetakis:
        all:
            blu: 0.00337533955462
            cla: 0.00294917193241
            cou: 0.0882971212268
            dis: 0.183350548148
            hip: 0.129627540708
            jaz: 0.00575476465747
            met: 0.00747683178633
            pop: 0.408292621374
            reg: 0.107948750257
            roc: 0.062927313149
        probability: 0.408292621374
        value: "pop"
    live_studio:
        all:
            live: 0.114016577601
            studio: 0.885983407497
        probability: 0.885983407497
        value: "studio"
    mood:
        all:
            Cluster1: 0.185155510902
            Cluster2: 0.345048695803
            Cluster3: 0.125274121761
            Cluster4: 0.103950537741
            Cluster5: 0.240571141243
        probability: 0.345048695803
        value: "Cluster2"
    mood_acoustic:
        all:
            acoustic: 0.161205694079
            not_acoustic: 0.838794291019
        probability: 0.838794291019
        value: "not_acoustic"
    mood_aggressive:
        all:
            aggressive: 0.374562323093
            not_aggressive: 0.625437676907
        probability: 0.625437676907
        value: "not_aggressive"
    mood_electronic:
        all:
            electronic: 0.405967801809
            not_electronic: 0.594032227993
        probability: 0.594032227993
        value: "not_electronic"
    mood_happy:
        all:
            happy: 0.755319774151
            not_happy: 0.244680196047
        probability: 0.755319774151
        value: "happy"
    mood_party:
        all:
            not_party: 0.570841491222
            party: 0.429158478975
        probability: 0.570841491222
        value: "not_party"
    mood_relaxed:
        all:
            not_relaxed: 0.689624667168
            relaxed: 0.310375362635
        probability: 0.689624667168
        value: "not_relaxed"
    mood_sad:
        all:
            not_sad: 0.761295497417
            sad: 0.23870447278
        probability: 0.761295497417
        value: "not_sad"
    rhythm:
        all:
            fast: 0.560121893883
            medium: 0.428132563829
            slow: 0.0117455627769
        probability: 0.560121893883
        value: "fast"
    speech_music:
        all:
            music: 0.999350070953
            speech: 0.000649929279462
        probability: 0.999350070953
        value: "music"
    timbre:
        all:
            bright: 0.0196801852435
            dark: 0.980319797993
        probability: 0.980319797993
        value: "dark"
    voice_instrumental:
        all:
            instrumental: 3.413599552e-05
            voice: 0.999965846539
        probability: 0.999965846539
        value: "voice"

lowlevel:
    average_loudness: 0.981460034847
    barkbands_kurtosis:
        dmean: 2.0172264576
        dmean2: 3.12265014648
        dvar: 8.27669239044
        dvar2: 20.2205047607
        max: 25.1314754486
        mean: 1.20943665504
        min: -1.91062712669
        var: 13.1866903305
    barkbands_skewness:
        dmean: 0.63595700264
        dmean2: 0.917710363865
        dvar: 0.326152890921
        dvar2: 0.731766939163
        max: 4.44957447052
        mean: 1.02427411079
        min: -2.46808815002
        var: 0.853211820126
    barkbands_spread:
        dmean: 8.23822879791
        dmean2: 11.8749837875
        dvar: 63.8654098511
        dvar2: 122.152267456
        max: 69.7919921875
        mean: 26.8781967163
        min: 2.0536210537
        var: 202.797286987
    dissonance:
        dmean: 0.0312437936664
        dmean2: 0.0497963316739
        dvar: 0.000941577949561
        dvar2: 0.00239496771246
        max: 0.499999254942
        mean: 0.442428082228
        min: 0.234841421247
        var: 0.00194550363813
    hfc:
        dmean: 2.13109397888
        dmean2: 2.99987459183
        dvar: 4.28120326996
        dvar2: 9.14271736145
        max: 18.789812088
        mean: 5.1933016777
        min: 0.0908589363098
        var: 12.4669284821
    pitch:
        dmean: 670.165100098
        dmean2: 1302.14050293
        dvar: 1823080.125
        dvar2: 4039476.25
        max: 5512.5
        mean: 926.224487305
        min: 84.9710998535
        var: 2136271.25
    pitch_instantaneous_confidence:
        dmean: 0.108602695167
        dmean2: 0.163093447685
        dvar: 0.00753440335393
        dvar2: 0.0145025430247
        max: 0.871291279793
        mean: 0.469222992659
        min: 0.141246914864
        var: 0.0272972323
    pitch_salience:
        dmean: 0.0798814073205
        dmean2: 0.132283136249
        dvar: 0.00462602451444
        dvar2: 0.0115257808939
        max: 0.845428109169
        mean: 0.637097239494
        min: 0.194188177586
        var: 0.00796496681869
    silence_rate_20dB:
        dmean: 0
        dmean2: 0
        dvar: 0
        dvar2: 0
        max: 1
        mean: 1
        min: 1
        var: 0
    silence_rate_30dB:
        dmean: 0
        dmean2: 0
        dvar: 0
        dvar2: 0
        max: 1
        mean: 1
        min: 1
        var: 0
    silence_rate_60dB:
        dmean: 0.190255224705
        dmean2: 0.379069775343
        dvar: 0.154058411717
        dvar2: 0.291188538074
        max: 1
        mean: 0.293981492519
        min: 0
        var: 0.207556560636
    spectral_centroid:
        dmean: 371.996337891
        dmean2: 533.228759766
        dvar: 196135.828125
        dvar2: 367945.90625
        max: 4350.13085938
        mean: 1120.25476074
        min: 246.436737061
        var: 462692.125
    spectral_complexity:
        dmean: 3.55116271973
        dmean2: 5.32867145538
        dvar: 12.126458168
        dvar2: 22.6448822021
        max: 30
        mean: 10.6774940491
        min: 0
        var: 34.9702758789
    spectral_crest:
        dmean: 2.5369887352
        dmean2: 4.22330904007
        dvar: 4.63927650452
        dvar2: 11.3750200272
        max: 21.3478355408
        mean: 8.10193443298
        min: 3.24733972549
        var: 9.07710456848
    spectral_decrease:
        dmean: 4.06687405974e-10
        dmean2: 5.99329030848e-10
        dvar: 1.45853461614e-19
        dvar2: 3.06783272168e-19
        max: -1.42521055721e-11
        mean: -1.16061882327e-09
        min: -3.64774765949e-09
        var: 4.56024568303e-19
    spectral_energy:
        dmean: 0.00165608793031
        dmean2: 0.00244894856587
        dvar: 2.39915812017e-06
        dvar2: 4.90719821755e-06
        max: 0.0148810334504
        mean: 0.00485149072483
        min: 6.20319988229e-05
        var: 7.61616047384e-06
    spectral_energyband_high:
        dmean: 0.000148973660544
        dmean2: 0.000213751394767
        dvar: 7.76665487479e-08
        dvar2: 1.60529282311e-07
        max: 0.00283859856427
        mean: 0.000218234607019
        min: 1.56509975113e-06
        var: 1.36105299475e-07
    spectral_energyband_low:
        dmean: 0.000337968638632
        dmean2: 0.000571444456
        dvar: 3.18566634405e-07
        dvar2: 7.96661311142e-07
        max: 0.00356685277075
        mean: 0.000364716077456
        min: 1.80769666258e-06
        var: 3.23502916899e-07
    spectral_energyband_middle_high:
        dmean: 0.00061066885246
        dmean2: 0.000874753517564
        dvar: 4.34935401472e-07
        dvar2: 8.37237905671e-07
        max: 0.00633226381615
        mean: 0.00137943017762
        min: 2.56081057159e-05
        var: 1.25382553051e-06
    spectral_energyband_middle_low:
        dmean: 0.00123732024804
        dmean2: 0.00186806393322
        dvar: 1.51166727846e-06
        dvar2: 3.57439398613e-06
        max: 0.0102572338656
        mean: 0.00288901850581
        min: 1.84017044376e-05
        var: 3.94563767259e-06
    spectral_flatness_db:
        dmean: 0.023177601397
        dmean2: 0.0331153050065
        dvar: 0.000358099932782
        dvar2: 0.000729744380806
        max: 0.284999996424
        mean: 0.163552060723
        min: 0.0600921176374
        var: 0.00146222987678
    spectral_flux:
        dmean: 0.0112633183599
        dmean2: 0.0177641920745
        dvar: 9.38079392654e-05
        dvar2: 0.000200338836294
        max: 0.0924039185047
        mean: 0.04488626495
        min: 0.00787603948265
        var: 0.000244409282459
    spectral_kurtosis:
        dmean: 2.24383664131
        dmean2: 3.29745006561
        dvar: 5.34857225418
        dvar2: 12.303071022
        max: 19.4486598969
        mean: 4.58375263214
        min: -0.856643676758
        var: 15.5161590576
    spectral_rms:
        dmean: 0.000382329133572
        dmean2: 0.000551864213776
        dvar: 1.13469397434e-07
        dvar2: 2.11886131751e-07
        max: 0.00381025997922
        mean: 0.00208320235834
        min: 0.000246006151428
        var: 3.93428479128e-07
    spectral_rolloff:
        dmean: 801.836914062
        dmean2: 1233.51574707
        dvar: 823345.0625
        dvar2: 1431671.25
        max: 7321.2890625
        mean: 2253.29223633
        min: 193.798828125
        var: 2030783.25
    spectral_skewness:
        dmean: 0.349030286074
        dmean2: 0.479599863291
        dvar: 0.0947036743164
        dvar2: 0.174725785851
        max: 3.80567240715
        mean: 1.58466637135
        min: 0.018623707816
        var: 0.432077258825
    spectral_spread:
        dmean: 833364.8125
        dmean2: 1124315.5
        dvar: 856641437696
        dvar2: 1.46220279398e+12
        max: 11819232
        mean: 4599175.5
        min: 2112126
        var: 2.9373914153e+12
    spectral_strongpeak:
        dmean: 0.257684499025
        dmean2: 0.391185730696
        dvar: 0.0810343399644
        dvar2: 0.17084556818
        max: 2.39887952805
        mean: 0.431270331144
        min: 0.00406684726477
        var: 0.162865266204
    zerocrossingrate:
        dmean: 0.0152775254101
        dmean2: 0.0161690525711
        dvar: 0.000227240801905
        dvar2: 0.000270745251328
        max: 0.21142578125
        mean: 0.0685961544514
        min: 0.0146484375
        var: 0.00116177403834
    barkbands:
        dmean: [1.43034083067e-06, 0.00016379954468, 0.000193413696252, 0.000356681761332, 0.000346240121871, 0.000445482379291, 0.000334525771905, 0.000294225203106, 0.000258568470599, 0.000117442381452, 0.000111727946205, 0.000134286252433, 8.56976985233e-05, 7.2291775723e-05, 5.95613964833e-05, 6.95880007697e-05, 6.72348614899e-05, 8.02589638624e-05, 0.000180274466402, 0.000119807591545, 5.79123334319e-05, 3.4778011468e-05, 1.29686804939e-05, 5.04773242938e-06, 1.53345104081e-06, 3.25797486767e-08, 4.54478760181e-10]
        dmean2: [2.13231578527e-06, 0.000280337786535, 0.000334255601047, 0.000560485466849, 0.000587889517192, 0.000679588178173, 0.000523556955159, 0.000475185835967, 0.000356166856363, 0.000191905986867, 0.000178508125828, 0.000209489036934, 0.000134752001031, 0.00011293697753, 8.85575136635e-05, 0.000112143294245, 0.000102778278233, 0.000120376127597, 0.000277871062281, 0.000182887553819, 8.56244951137e-05, 4.98064982821e-05, 1.86708475667e-05, 7.13924328011e-06, 2.22609764933e-06, 4.37745981685e-08, 6.21290296987e-10]
        dvar: [2.77720966883e-12, 8.40570848482e-08, 1.32037101253e-07, 1.43777484141e-07, 2.06563527172e-07, 3.75280194476e-07, 3.21405536852e-07, 1.88847664617e-07, 2.179765346e-07, 6.04762675493e-08, 6.06807972758e-08, 9.58856318789e-08, 2.19381650624e-08, 2.3227014978e-08, 1.50416692435e-08, 1.43098723981e-08, 7.3925217059e-09, 1.5443339052e-08, 5.64232465194e-08, 4.23641886016e-08, 1.39236417951e-08, 4.87392970427e-09, 9.5558849722e-10, 9.3666546741e-11, 1.22638331781e-11, 1.86244859053e-14, 2.51929502256e-17]
        dvar2: [6.27000491457e-12, 2.06541173497e-07, 3.51736616722e-07, 3.1661826938e-07, 5.79183108584e-07, 7.76515889811e-07, 6.83799783019e-07, 4.56108011804e-07, 3.56792867251e-07, 1.31304290107e-07, 1.55455907702e-07, 2.08086106568e-07, 4.95529839384e-08, 5.11559612448e-08, 3.09277048416e-08, 3.31064491377e-08, 1.5222399341e-08, 3.41436887652e-08, 1.3552394762e-07, 1.04861626937e-07, 2.88328685372e-08, 9.29009402739e-09, 1.54304113931e-09, 1.83900270012e-10, 2.46379167068e-11, 3.81797525995e-14, 2.5366267725e-17]
        max: [1.33680678118e-05, 0.00172453257255, 0.00254159094766, 0.00358260283247, 0.00319513981231, 0.00571428332478, 0.00575750228018, 0.00353598664515, 0.00482466351241, 0.003641290823, 0.00200753868558, 0.00342818163335, 0.00115373451263, 0.00167804525699, 0.00156254298054, 0.00106370635331, 0.000853455101606, 0.00119626219384, 0.00212043942884, 0.00172592070885, 0.00112023157999, 0.000778319081292, 0.000458044291008, 9.10507660592e-05, 4.18520976382e-05, 2.16444141188e-06, 1.04440296411e-07]
        mean: [2.72700344794e-06, 0.000167591337231, 0.000194491978618, 0.000557824736461, 0.000470472557936, 0.000657149008475, 0.000440244766651, 0.000405155326007, 0.000332939787768, 0.000165044504683, 0.000127107356093, 0.000160806521308, 9.50663888943e-05, 8.52533776197e-05, 7.71641280153e-05, 9.6565723652e-05, 0.000106621228042, 0.000131994849653, 0.000272268167464, 0.000154345936608, 7.93831932242e-05, 4.54895925941e-05, 1.75536533789e-05, 6.21244498689e-06, 1.97459394258e-06, 4.51104789079e-08, 4.30120078443e-10]
        min: [3.13524511908e-10, 2.52733684647e-07, 1.55195334628e-06, 1.72486875272e-06, 2.34951494349e-06, 2.54305950875e-06, 1.60554714057e-06, 1.17259048693e-06, 8.54372729009e-07, 3.8289300619e-07, 5.48110449472e-07, 5.17849798598e-07, 4.12992989141e-07, 4.36951211213e-07, 5.16972420428e-07, 1.19279286537e-06, 1.33167395688e-06, 2.35766515289e-06, 1.08911751795e-06, 9.87547309705e-07, 2.36746728888e-07, 2.07535350683e-07, 8.54012327522e-08, 1.63921693996e-08, 5.91682125517e-09, 5.63308948098e-11, 7.89851745207e-13]
        var: [9.75369784939e-12, 8.13307465819e-08, 1.16963057906e-07, 3.03179660932e-07, 2.04081970878e-07, 8.02029205715e-07, 5.32329579528e-07, 2.91070989533e-07, 4.58416707261e-07, 9.11309996354e-08, 6.68614532628e-08, 1.20821354699e-07, 2.79664895686e-08, 3.62957699451e-08, 2.72481734953e-08, 1.86970172678e-08, 1.45340317559e-08, 2.6702585032e-08, 1.05885433754e-07, 5.76515866157e-08, 2.31146639607e-08, 8.7123535053e-09, 2.19201523599e-09, 1.62980864915e-10, 2.10220955227e-11, 3.44186959207e-14, 2.52432758941e-17]
    mfcc:
        mean: [-722.92175293, 130.506851196, -28.1705284119, 48.0924987793, -16.2783756256, -10.3349838257, -4.90460395813, -0.4081415236, -9.57176113129, -4.79176950455, -2.01684379578, -4.50193834305, 1.1462136507]
        cov: [[2356.16259766, -843.051452637, -3.80224776268, -51.393611908, -11.9289503098, 83.8550491333, 66.9259719849, -98.90599823, 25.631477356, 107.933418274, 81.6819458008, 84.7852554321, 11.5485219955], [-843.051452637, 1684.34533691, -633.028198242, -239.855560303, -63.9465522766, -176.572952271, 35.6188468933, 52.3608894348, -66.9309310913, -81.0208587646, 22.284204483, -24.5040054321, 12.0966091156], [-3.80224776268, -633.028198242, 660.399719238, 156.112289429, 53.9168891907, 58.2760009766, -5.13294267654, 63.6625213623, 11.2776346207, -2.49674534798, -26.4044685364, 28.1617298126, 21.2875423431], [-51.393611908, -239.855560303, 156.112289429, 276.675231934, 86.6202774048, 9.3099822998, -48.8921737671, 8.8626832962, 10.3264255524, 19.8352489471, -31.8294868469, -19.512090683, 13.7859077454], [-11.9289503098, -63.9465522766, 53.9168891907, 86.6202774048, 354.158660889, 5.36108875275, -4.16360664368, -2.99923753738, -37.6036567688, 57.1004905701, -36.5663337708, 17.4659729004, 11.3275346756], [83.8550491333, -176.572952271, 58.2760009766, 9.3099822998, 5.36108875275, 156.46762085, 2.5001513958, -45.9603042603, 17.9483337402, 18.4938030243, 22.753786087, 12.8117341995, -22.8482017517], [66.9259719849, 35.6188468933, -5.13294267654, -48.8921737671, -4.16360664368, 2.5001513958, 156.404998779, 31.0504684448, -0.00699541857466, -1.2268935442, 15.9815406799, 24.0932044983, 1.59553289413], [-98.90599823, 52.3608894348, 63.6625213623, 8.8626832962, -2.99923753738, -45.9603042603, 31.0504684448, 157.731613159, 2.89195728302, -28.9346542358, -4.21548175812, 0.630190849304, 24.7423877716], [25.631477356, -66.9309310913, 11.2776346207, 10.3264255524, -37.6036567688, 17.9483337402, -0.00699541857466, 2.89195728302, 131.845046997, 33.3750648499, -10.3767566681, -7.33522510529, -32.9648857117], [107.933418274, -81.0208587646, -2.49674534798, 19.8352489471, 57.1004905701, 18.4938030243, -1.2268935442, -28.9346542358, 33.3750648499, 111.761398315, 18.072883606, -2.8389172554, -14.0450210571], [81.6819458008, 22.284204483, -26.4044685364, -31.8294868469, -36.5663337708, 22.753786087, 15.9815406799, -4.21548175812, -10.3767566681, 18.072883606, 134.401733398, 12.3860139847, -1.10159850121], [84.7852554321, -24.5040054321, 28.1617298126, -19.512090683, 17.4659729004, 12.8117341995, 24.0932044983, 0.630190849304, -7.33522510529, -2.8389172554, 12.3860139847, 76.6017227173, 8.3306427002], [11.5485219955, 12.0966091156, 21.2875423431, 13.7859077454, 11.3275346756, -22.8482017517, 1.59553289413, 24.7423877716, -32.9648857117, -14.0450210571, -1.10159850121, 8.3306427002, 81.8249053955]]
        icov: [[0.000682163517922, 0.000556854298338, 0.00046932240366, 0.000243029193371, 6.3760096964e-05, 0.000184850810911, -0.000236403764575, 0.00012249291467, 3.84423110518e-05, -0.000350149348378, -0.000236775580561, -0.000596035737544, -0.000318405742291], [0.000556854298338, 0.00159946165513, 0.00137245212682, 0.000612382369582, -0.000101813806396, 0.000831691198982, -0.000201129209017, -0.000412018445786, 0.000225802126806, 0.000297985854559, -0.000334862212185, -0.000391450535972, -0.000222978575039], [0.00046932240366, 0.00137245212682, 0.00318988668732, -0.000566119153518, -3.12967786158e-05, -0.000278330786387, -0.000124634374515, -0.00135774572846, 0.000203753603273, 0.000265881622909, 8.08664335636e-05, -0.00123244896531, -0.000409744330682], [0.000243029193371, 0.000612382369582, -0.000566119153518, 0.00526980031282, -0.00110472750384, 0.000219323512283, 0.00116304319818, -0.000173954453203, -0.000544910901226, -0.000215446314542, 0.000261651439359, 0.00133558886591, -0.00101027509663], [6.3760096964e-05, -0.000101813806396, -3.12967786158e-05, -0.00110472750384, 0.00398207688704, -0.000294392433716, -0.00013332234812, -0.0003825405729, 0.00202598888427, -0.00289103598334, 0.00151961401571, -0.00136339524761, 0.000164365628734], [0.000184850810911, 0.000831691198982, -0.000278330786387, 0.000219323512283, -0.000294392433716, 0.00861682463437, -0.000517211214174, 0.00236836727709, -0.000842068751808, 0.000388554675737, -0.00167293159757, -0.000962478981819, 0.00143012183253], [-0.000236403764575, -0.000201129209017, -0.000124634374515, 0.00116304319818, -0.00013332234812, -0.000517211214174, 0.00755594111979, -0.00184121797793, -2.69855245278e-05, -0.000321276980685, -0.000276254402706, -0.00170612696093, 0.000286988273729], [0.00012249291467, -0.000412018445786, -0.00135774572846, -0.000173954453203, -0.0003825405729, 0.00236836727709, -0.00184121797793, 0.00885117053986, -0.00176989892498, 0.00209235912189, -0.00081484898692, 0.000634536787402, -0.00192955462262], [3.84423110518e-05, 0.000225802126806, 0.000203753603273, -0.000544910901226, 0.00202598888427, -0.000842068751808, -2.69855245278e-05, -0.00176989892498, 0.0105314776301, -0.00413651624694, 0.00192103534937, -0.000330394075718, 0.00361240585335], [-0.000350149348378, 0.000297985854559, 0.000265881622909, -0.000215446314542, -0.00289103598334, 0.000388554675737, -0.000321276980685, 0.00209235912189, -0.00413651624694, 0.0132620511577, -0.00282548833638, 0.00153110036626, 0.000270777847618], [-0.000236775580561, -0.000334862212185, 8.08664335636e-05, 0.000261651439359, 0.00151961401571, -0.00167293159757, -0.000276254402706, -0.00081484898692, 0.00192103534937, -0.00282548833638, 0.00905964057893, -0.00118026370183, 0.000123150661238], [-0.000596035737544, -0.000391450535972, -0.00123244896531, 0.00133558886591, -0.00136339524761, -0.000962478981819, -0.00170612696093, 0.000634536787402, -0.000330394075718, 0.00153110036626, -0.00118026370183, 0.0157637894154, -0.00149211857934], [-0.000318405742291, -0.000222978575039, -0.000409744330682, -0.00101027509663, 0.000164365628734, 0.00143012183253, 0.000286988273729, -0.00192955462262, 0.00361240585335, 0.000270777847618, 0.000123150661238, -0.00149211857934, 0.0151857649907]]
    spectral_contrast:
        mean: [-2.98671466226e-07, -1.06624547414e-07, -7.52268761062e-07, -1.33107818101e-07, -3.36296039904e-07, 4.04129167464e-07, 1.21781556572e-06, 9.93710386865e-07, 2.93058474199e-06, 1.03623574432e-06, -1.23385768802e-06, 4.28157733268e-07]
        var: [0.00111159565859, 0.00170276884455, 0.00201451475732, 0.00280073657632, 0.00351000693627, 0.00683336751536, 0.0624472759664, 0.131288200617, 0.142503798008, 0.286930590868, 0.687953531742, 1.34163856506]

rhythm:
    beats_loudness:
        dmean: 0.00342540629208
        dmean2: 0.00627217954025
        dvar: 5.37380037713e-06
        dvar2: 1.54922036018e-05
        max: 0.01198178716
        mean: 0.00604233471677
        min: 0.000896701414604
        var: 7.83838004281e-06
    beats_loudness_bass:
        dmean: 0.148133158684
        dmean2: 0.269074082375
        dvar: 0.0139276916161
        dvar2: 0.0402726829052
        max: 0.513009011745
        mean: 0.174381047487
        min: 0.0379585102201
        var: 0.0168024022132
    bpm: 117.31603241
    bpm_confidence: 0
    first_peak_bpm: 131
    first_peak_spread: 0
    first_peak_weight: 0.631578922272
    onset_rate: 5.29740524292
    second_peak_bpm: 117
    second_peak_spread: 0
    second_peak_weight: 0.315789461136
    beats_position: [0.322390407324, 0.779115974903, 1.23584163189, 1.69256722927, 2.14929294586, 2.60601854324, 3.06274414062, 3.51946949959, 3.97619509697, 4.43292045593, 4.88964605331, 5.3463716507, 5.80309677124, 6.46083974838, 6.97227859497, 7.48371887207, 7.99515771866, 8.50659751892, 9.01803684235, 9.52947616577]
    bpm_estimates: [117.224021912, 117.272583008, 117.45148468]
    bpm_intervals: [0.456725567579, 0.456725656986, 0.456725597382, 0.456725716591, 0.456725597382, 0.456725597382, 0.456725358963, 0.456725597382, 0.456725358963, 0.456725597382, 0.456725597382, 0.456725120544, 0.657742977142, 0.511438846588, 0.5114402771, 0.511438846588, 0.511439800262, 0.511439323425, 0.511439323425]
    onset_times: [0.0348299331963, 0.162539675832, 0.31346938014, 0.49922901392, 0.661768734455, 0.766258478165, 0.882358253002, 0.986848056316, 1.13777780533, 1.25387752056, 1.32353746891, 1.6137868166, 1.83437645435, 1.97369611263, 2.14784574509, 2.33360552788, 2.49614500999, 2.62385487556, 2.83283448219, 3.08825397491, 3.26240372658, 3.39011335373, 3.64553284645, 3.84290242195, 3.99383211136, 4.3073015213, 4.52789115906, 4.7833108902, 5.14321994781, 5.28253984451, 5.45668935776, 5.64244890213, 5.78176879883, 5.99074840546, 6.19972801208, 6.3042178154, 6.5015873909, 6.54802703857, 6.82666683197, 6.8963265419, 7.11691617966, 7.32589578629, 7.45360565186, 7.70902490616, 7.87156438828, 8.34757328033, 8.46367359161, 8.893242836, 9.0906124115, 9.26476192474, 9.6014509201, 9.7639913559, 9.9613609314]
    rubato_start: [6.97227859497]
    rubato_stop: [9.52947616577]
    perceptual_tempo: "unknown"

sfx:
    inharmonicity:
        dmean: 0.0395768247545
        dmean2: 0.0686905160546
        dvar: 0.00216142111458
        dvar2: 0.00607659202069
        max: 0.391344249249
        mean: 0.0394855961204
        min: 3.03978267766e-05
        var: 0.00208085030317
    oddtoevenharmonicenergyratio:
        dmean: 3.87821507454
        dmean2: 7.35217475891
        dvar: 667.655456543
        dvar2: 1992.7454834
        max: 376.379669189
        mean: 2.44275021553
        min: 0.000266032206127
        var: 340.882324219
    pitch_after_max_to_before_max_energy_ratio: 1.35414159298
    pitch_centroid: 214.479248047
    pitch_max_to_total: 0.452436208725
    pitch_min_to_total: 0.315545231104
    tristimulus:
        dmean: [0.241969496012, 0.261116951704, 0.107445456088]
        dmean2: [0.424101352692, 0.456984192133, 0.189657106996]
        dvar: [0.0401245877147, 0.0442810542881, 0.0149937132373]
        dvar2: [0.109443664551, 0.114394985139, 0.0372717455029]
        max: [0.975113928318, 0.972944021225, 0.728388667107]
        mean: [0.400186181068, 0.44929087162, 0.102865561843]
        min: [0.00381838995963, 0, 0]
        var: [0.0630375221372, 0.0689206644893, 0.0176894385368]

tonal:
    chords_changes_rate: 0.0967741906643
    chords_number_rate: 0.0230414755642
    chords_strength:
        dmean: 0.0152080161497
        dmean2: 0.0179164428264
        dvar: 0.000136270231451
        dvar2: 0.000243072543526
        max: 0.725862145424
        mean: 0.570049464703
        min: 0.356646388769
        var: 0.00892994739115
    key_strength: 0.568724870682
    tuning_diatonic_strength: 0.58230060339
    tuning_equal_tempered_deviation: 0.231191366911
    tuning_frequency: 432.690917969
    tuning_nontempered_energy_ratio: 0.894769012928
    hpcp:
        dmean: [0.207016289234, 0.157753646374, 0.129069507122, 0.111509934068, 0.103662148118, 0.126409694552, 0.120777398348, 0.121123977005, 0.149239242077, 0.18581263721, 0.188592642546, 0.169638812542, 0.140383571386, 0.127235993743, 0.109178610146, 0.103202693164, 0.131602197886, 0.17371994257, 0.190351888537, 0.16385409236, 0.167537778616, 0.184995874763, 0.193403884768, 0.260770410299, 0.294690310955, 0.341107428074, 0.277426570654, 0.186666592956, 0.168886467814, 0.183572307229, 0.168575301766, 0.166923686862, 0.179773420095, 0.182251229882, 0.179073035717, 0.197423473001]
        dmean2: [0.36222872138, 0.271961271763, 0.219136923552, 0.190986350179, 0.175198331475, 0.215687632561, 0.209212914109, 0.207057565451, 0.24859033525, 0.317303240299, 0.317612946033, 0.293080627918, 0.240872070193, 0.217188954353, 0.18941681087, 0.180107325315, 0.235708281398, 0.314746916294, 0.336439222097, 0.286926627159, 0.305089920759, 0.333620429039, 0.349730461836, 0.447491645813, 0.502537786961, 0.609799385071, 0.515023231506, 0.332690238953, 0.308120697737, 0.333670139313, 0.294990032911, 0.289799124002, 0.32034304738, 0.332328557968, 0.325856119394, 0.353660970926]
        dvar: [0.0581176690757, 0.0451954603195, 0.0358305051923, 0.0278444252908, 0.0213348735124, 0.0309725720435, 0.0286417268217, 0.0258496254683, 0.0377215594053, 0.0401310175657, 0.043535977602, 0.0458910502493, 0.040889646858, 0.0285427905619, 0.0252637304366, 0.0206527113914, 0.0306676533073, 0.0517634190619, 0.0576608330011, 0.048252388835, 0.0558734498918, 0.0743136107922, 0.0499692223966, 0.0690154358745, 0.0736019909382, 0.0936700478196, 0.0771763250232, 0.0555894933641, 0.0593846850097, 0.0593305043876, 0.0411096736789, 0.0437764599919, 0.0502083748579, 0.0606764294207, 0.0448466949165, 0.0506288222969]
        dvar2: [0.160863295197, 0.128645658493, 0.102557070553, 0.0769559442997, 0.0543233975768, 0.0749195441604, 0.0821244269609, 0.0669893547893, 0.100736670196, 0.104786589742, 0.108645707369, 0.12558940053, 0.104560822248, 0.0821974873543, 0.0769848078489, 0.053803589195, 0.0817768126726, 0.144117102027, 0.155466750264, 0.128512322903, 0.151813596487, 0.206157937646, 0.126661762595, 0.194361627102, 0.155998259783, 0.24033254385, 0.209151700139, 0.144917786121, 0.155095666647, 0.161899626255, 0.0948972776532, 0.104069747031, 0.136362269521, 0.176802396774, 0.124640412629, 0.133896633983]
        max: [1, 1, 1, 1, 1, 1, 1, 1, 1, 1, 1, 1, 1, 1, 1, 1, 1, 1, 1, 1, 1, 1, 1, 1, 1, 1, 1, 1, 1, 1, 1, 1, 1, 1, 1, 1]
        mean: [0.23621250689, 0.175612419844, 0.128157421947, 0.116860575974, 0.118161097169, 0.125406652689, 0.114298000932, 0.112604737282, 0.142658919096, 0.200533807278, 0.211748853326, 0.167699843645, 0.135113760829, 0.119050182402, 0.108965702355, 0.106140755117, 0.122864715755, 0.159263446927, 0.18008415401, 0.175289183855, 0.169905021787, 0.153281360865, 0.153627380729, 0.23926076293, 0.412206441164, 0.432064473629, 0.281221032143, 0.180455833673, 0.149111434817, 0.151209592819, 0.167698279023, 0.179317206144, 0.172843083739, 0.162087142467, 0.177308008075, 0.2260479182]
        min: [0.00166202406399, 0.000659536686726, 0.00107477454003, 0.00137508462649, 0.000891761214007, 0.00130625488237, 0.00217377417721, 0.00188815756701, 0.000305592868244, 0.00294732977636, 0.00520499190316, 0.00193763861898, 0.000838552427012, 0.000935220450629, 0.000836518185679, 0.00192407716531, 0.0010461647762, 0.00133430759888, 0.00178754329681, 0.00141870509833, 0.000819724635221, 0.000311910262099, 0.000706658989657, 0.00121727085207, 0.00209705531597, 0.00123333942611, 0.000581324915402, 0.00048063241411, 0.000813773076516, 0.0015075361589, 0.00245166826062, 0.00267608882859, 0.00127380352933, 0.000958638964221, 0.00121544639114, 0.00614168867469]
        var: [0.0712474659085, 0.048659183085, 0.0363051779568, 0.0276729725301, 0.0272632539272, 0.0340163111687, 0.0259575471282, 0.026120647788, 0.0373139679432, 0.0439951568842, 0.0486497618258, 0.0429525226355, 0.0402742289007, 0.0292040258646, 0.022971380502, 0.0199831798673, 0.0271565765142, 0.0434570498765, 0.0544650554657, 0.0593984536827, 0.0676351860166, 0.0628677532077, 0.0475752800703, 0.0781249925494, 0.127657786012, 0.132738724351, 0.086856931448, 0.0593975819647, 0.0562270879745, 0.049833342433, 0.0455950461328, 0.0471363775432, 0.0496981032193, 0.0478284582496, 0.0459258295596, 0.0657264664769]
    chords_histogram: [45.1612892151, 0, 0, 0, 0.460829496384, 0, 0, 0, 0, 0, 1.84331798553, 5.0691242218, 0, 0, 0, 0, 0, 43.3179740906, 0, 0, 0, 0, 0, 4.14746522903]
    thpcp: [1, 0.650877475739, 0.417659491301, 0.345113843679, 0.349969983101, 0.388132542372, 0.415024191141, 0.400040030479, 0.375145733356, 0.410373955965, 0.523180961609, 0.546706616879, 0.406449556351, 0.296616435051, 0.270470231771, 0.27348023653, 0.290249854326, 0.264539211988, 0.260620206594, 0.330179691315, 0.46412935853, 0.490086227655, 0.388136148453, 0.312716662884, 0.275537997484, 0.252197772264, 0.245659530163, 0.284366637468, 0.36861038208, 0.416799277067, 0.405701458454, 0.393239974976, 0.354765027761, 0.355565875769, 0.553761720657, 0.954039216042]
    chords_key: "F"
    chords_scale: "major"
    key_key: "F"
    key_scale: "major"
    chords_progression: ["Fm", "F", "F", "F", "F", "F", "F", "F", "F", "F", "F", "F", "F", "F", "F", "F", "F", "F", "F", "F", "F", "F", "F", "F", "F", "F", "F", "F", "F", "F", "F", "F", "F", "F", "F", "F", "F", "F", "Dm", "Dm", "F", "Dm", "Dm", "Dm", "Dm", "Dm", "Fm", "G", "Fm", "Fm", "Fm", "Fm", "Fm", "Fm", "Fm", "Fm", "Fm", "Fm", "Fm", "Fm", "Fm", "Fm", "Fm", "Fm", "Fm", "Fm", "Fm", "Fm", "Fm", "Fm", "Fm", "Fm", "Fm", "Fm", "Fm", "Fm", "Fm", "Fm", "Fm", "Fm", "Fm", "Fm", "Fm", "Fm", "Fm", "F", "F", "F", "F", "F", "F", "F", "F", "F", "F", "F", "F", "F", "F", "F", "F", "F", "F", "F", "F", "F", "F", "F", "F", "F", "F", "F", "F", "F", "F", "F", "F", "F", "F", "F", "F", "F", "F", "F", "F", "F", "F", "F", "F", "F", "F", "Fm", "Fm", "F", "F", "F", "F", "F", "F", "F", "E", "G#m", "G#m", "G#m", "G#m", "E", "E", "E", "G#m", "G#m", "G#m", "G#m", "G#m", "G#m", "G#m", "F", "F", "F", "Dm", "Dm", "F", "Fm", "Fm", "F", "Fm", "Fm", "Fm", "Fm", "Fm", "Fm", "Fm", "Fm", "Fm", "Fm", "Fm", "Fm", "Fm", "Fm", "Fm", "Fm", "Fm", "Fm", "Fm", "Fm", "Fm", "Fm", "Fm", "Fm", "Fm", "Fm", "Fm", "Fm", "Fm", "Fm", "Fm", "Fm", "Fm", "Fm", "Fm", "Fm", "Fm", "Fm", "Fm", "Fm", "Fm", "Fm", "Fm", "Fm", "Fm", "Fm", "Fm", "Fm", "Fm", "Fm", "Fm", "F", "F"]
