
metadata:
    version:
        essentia: "1.2.2"
    audio_properties:
        analysis_sample_rate: 44100
        bitrate: 128
        channels: 2
        equal_loudness: 1
        length: 0.208979591727
        replay_gain: -16.518655777
        downmix: "mix"
    tags:
        track: 0
        year: 0
        album: ""
        artist: ""
        comment: ""
        genre: ""
        title: ""

highlevel:
    ballroom:
        all:
            ChaChaCha: 0.0370567142963
            Jive: 0.158940538764
            Quickstep: 0.045263633132
            Rumba-American: 0.0448932871222
            Rumba-International: 0.0863158330321
            Rumba-Misc: 0.124054893851
            Samba: 0.0881551280618
            Tango: 0.0268294569105
            VienneseWaltz: 0.121309965849
            Waltz: 0.267180562019
        probability: 0.267180562019
        value: "Waltz"
    culture:
        all:
            non_western: 0.991720795631
            western: 0.00827920436859
        probability: 0.991720795631
        value: "non_western"
    gender:
        all:
            female: 0.729118406773
            male: 0.270881593227
        probability: 0.729118406773
        value: "female"
    genre_dortmund:
        all:
            alternative: 0.00941016245633
            blues: 2.07821576623e-05
            electronic: 0.976297736168
            folkcountry: 0.000739145791158
            funksoulrnb: 0.000336101831635
            jazz: 0.00140780257061
            pop: 0.00276332511567
            raphiphop: 8.22826477815e-05
            rock: 0.00894265901297
        probability: 0.976297736168
        value: "electronic"
    genre_electronica:
        all:
            ambient: 0.864850521088
            dnb: 0.0359138660133
            house: 0.00372808496468
            techno: 0.0205575637519
            trance: 0.0749499946833
        probability: 0.864850521088
        value: "ambient"
    genre_rosamerica:
        all:
            cla: 0.173633053899
            dan: 0.127180829644
            hip: 0.0479970388114
            jaz: 0.0579107217491
            pop: 0.0759860426188
            rhy: 0.0742019563913
            roc: 0.430599063635
            spe: 0.0124912997708
        probability: 0.430599063635
        value: "roc"
    genre_tzanetakis:
        all:
            blu: 0.135911926627
            cla: 0.32447335124
            cou: 0.0333453193307
            dis: 0.045644171536
            hip: 0.0511966869235
            jaz: 0.0926917493343
            met: 0.0448206141591
            pop: 0.0646592974663
            reg: 0.145653262734
            roc: 0.0616036169231
        probability: 0.32447335124
        value: "cla"
    live_studio:
        all:
            live: 0.201193004847
            studio: 0.798806965351
        probability: 0.798806965351
        value: "studio"
    mood:
        all:
            Cluster1: 0.0553147755563
            Cluster2: 0.0198037736118
            Cluster3: 0.116242028773
            Cluster4: 0.018187917769
            Cluster5: 0.790451526642
        probability: 0.790451526642
        value: "Cluster5"
    mood_acoustic:
        all:
            acoustic: 0.146431207657
            not_acoustic: 0.853568792343
        probability: 0.853568792343
        value: "not_acoustic"
    mood_aggressive:
        all:
            aggressive: 0.39225640893
            not_aggressive: 0.607743620872
        probability: 0.607743620872
        value: "not_aggressive"
    mood_electronic:
        all:
            electronic: 0.890488266945
            not_electronic: 0.109511755407
        probability: 0.890488266945
        value: "electronic"
    mood_happy:
        all:
            happy: 0.0831083208323
            not_happy: 0.916891694069
        probability: 0.916891694069
        value: "not_happy"
    mood_party:
        all:
            not_party: 0.505211472511
            party: 0.494788527489
        probability: 0.505211472511
        value: "not_party"
    mood_relaxed:
        all:
            not_relaxed: 0.259623497725
            relaxed: 0.740376472473
        probability: 0.740376472473
        value: "relaxed"
    mood_sad:
        all:
            not_sad: 3.00000096379e-14
            sad: 1
        probability: 1
        value: "sad"
    rhythm:
        all:
            fast: 0.101687520742
            medium: 0.448287308216
            slow: 0.450025171041
        probability: 0.450025171041
        value: "slow"
    speech_music:
        all:
            music: 3.00000096379e-14
            speech: 1
        probability: 1
        value: "speech"
    timbre:
        all:
            bright: 0.267708957195
            dark: 0.732291042805
        probability: 0.732291042805
        value: "dark"
    voice_instrumental:
        all:
            instrumental: 0.992597520351
            voice: 0.00740245077759
        probability: 0.992597520351
        value: "instrumental"

lowlevel:
    average_loudness: 0.99068403244
    barkbands_kurtosis:
        dmean: 0.383609652519
        dmean2: 0.767219305038
        dvar: 0.0665638819337
        dvar2: 0
        max: -0.0123493671417
        mean: -0.268089145422
        min: -0.653958797455
        var: 0.0770773366094
    barkbands_skewness:
        dmean: 0.366908073425
        dmean2: 0.733816146851
        dvar: 0.0152809070423
        dvar2: 0
        max: -0.0711673274636
        mean: -0.317085981369
        min: -0.561691343784
        var: 0.0401031635702
    barkbands_spread:
        dmean: 2.91602516174
        dmean2: 5.83205032349
        dvar: 0.980688750744
        dvar2: 0
        max: 21.4546337128
        mean: 19.4923267365
        min: 17.5483112335
        var: 2.54339289665
    dissonance:
        dmean: 0.187967762351
        dmean2: 0.375935524702
        dvar: 0.0208492130041
        dvar2: 0
        max: 0.495592206717
        mean: 0.370280355215
        min: 0.163231879473
        var: 0.0217510033399
    hfc:
        dmean: 47.3830566406
        dmean2: 94.7661132812
        dvar: 105.537757874
        dvar2: 0
        max: 57.6788482666
        mean: 26.0901432037
        min: 0.0226367991418
        var: 569.281555176
    pitch:
        dmean: 435.354858398
        dmean2: 870.709716797
        dvar: 8281.00292969
        dvar2: 0
        max: 882
        mean: 645.881713867
        min: 355.645172119
        var: 47639.2929688
    pitch_instantaneous_confidence:
        dmean: 0.10113760829
        dmean2: 0.202275216579
        dvar: 0.00640417030081
        dvar2: 0
        max: 0.435185551643
        mean: 0.321446955204
        min: 0.254021883011
        var: 0.00654251687229
    pitch_salience:
        dmean: 0.0740865767002
        dmean2: 0.1481731534
        dvar: 0.00333372200839
        dvar2: 0
        max: 0.902600944042
        mean: 0.820167064667
        min: 0.770775973797
        var: 0.00344221922569
    silence_rate_20dB:
        dmean: 0
        dmean2: 0
        dvar: 0
        dvar2: 0
        max: 1
        mean: 1
        min: 1
        var: 0
    silence_rate_30dB:
        dmean: 0
        dmean2: 0
        dvar: 0
        dvar2: 0
        max: 1
        mean: 1
        min: 1
        var: 0
    silence_rate_60dB:
        dmean: 0.333333343267
        dmean2: 0.800000011921
        dvar: 0.222222223878
        dvar2: 0.159999996424
        max: 1
        mean: 0.714285731316
        min: 0
        var: 0.204081609845
    spectral_centroid:
        dmean: 390.108276367
        dmean2: 780.216552734
        dvar: 4449.0625
        dvar2: 0
        max: 4030.60375977
        mean: 3770.53149414
        min: 3573.79418945
        var: 36784.8125
    spectral_complexity:
        dmean: 25.5
        dmean2: 51
        dvar: 56.25
        dvar2: 0
        max: 33
        mean: 16
        min: 0
        var: 182
    spectral_crest:
        dmean: 1.31236338615
        dmean2: 1.35286951065
        dvar: 0.457563966513
        dvar2: 0
        max: 6.75032949448
        mean: 5.2124876976
        min: 4.12560272217
        var: 1.24987924099
    spectral_decrease:
        dmean: 1.88955917579e-09
        dmean2: 3.77911835159e-09
        dvar: 2.64996382369e-19
        dvar2: 0
        max: -1.07384739122e-12
        mean: -1.14570486431e-09
        min: -2.40541098151e-09
        var: 9.70093951152e-19
    spectral_energy:
        dmean: 0.011429422535
        dmean2: 0.02285884507
        dvar: 8.2638589447e-06
        dvar2: 0
        max: 0.0143102211878
        mean: 0.00669060647488
        min: 6.10617598795e-06
        var: 3.45385051332e-05
    spectral_energyband_high:
        dmean: 0.00429527461529
        dmean2: 0.00859054923058
        dvar: 6.12338340034e-07
        dvar2: 0
        max: 0.00507980678231
        mean: 0.00221629044972
        min: 2.01151351575e-06
        var: 4.50808920505e-06
    spectral_energyband_low:
        dmean: 5.27886822965e-06
        dmean2: 5.14566090715e-06
        dvar: 6.61945671887e-12
        dvar2: 0
        max: 1.05614744825e-05
        mean: 4.4249959501e-06
        min: 3.73793174191e-09
        var: 2.00486224844e-11
    spectral_energyband_middle_high:
        dmean: 0.00680373515934
        dmean2: 0.0136074703187
        dvar: 3.5805785501e-06
        dvar2: 0
        max: 0.00869962200522
        mean: 0.00416379841045
        min: 3.6448316223e-06
        var: 1.26739005282e-05
    spectral_energyband_middle_low:
        dmean: 0.000332944560796
        dmean2: 0.000665889121592
        dvar: 3.78895563813e-08
        dvar2: 0
        max: 0.000528041971847
        mean: 0.000306078931317
        min: 4.4499068963e-07
        var: 4.98935008864e-08
    spectral_flatness_db:
        dmean: 0.00630719959736
        dmean2: 0.0126143991947
        dvar: 2.72408925639e-07
        dvar2: 0
        max: 0.107403121889
        mean: 0.103198319674
        min: 0.100573994219
        var: 9.02177634998e-06
    spectral_flux:
        dmean: 0.0756945386529
        dmean2: 0.151389077306
        dvar: 0.00156447768677
        dvar2: 0
        max: 0.117719084024
        mean: 0.0672560557723
        min: 0.00247106770985
        var: 0.00231624348089
    spectral_kurtosis:
        dmean: 0.552243590355
        dmean2: 0.351480722427
        dvar: 0.0308846738189
        dvar2: 0
        max: 0.903373479843
        mean: 0.29254975915
        min: -0.201113700867
        var: 0.210178598762
    spectral_rms:
        dmean: 0.0025130645372
        dmean2: 0.00502612907439
        dvar: 1.31382034851e-06
        dvar2: 0
        max: 0.00373646779917
        mean: 0.00206109136343
        min: 7.71831910242e-05
        var: 2.27932332564e-06
    spectral_rolloff:
        dmean: 742.895507812
        dmean2: 581.396484375
        dvar: 84505.46875
        dvar2: 0
        max: 7881.15234375
        mean: 7041.35742188
        min: 6395.36132812
        var: 386708.15625
    spectral_skewness:
        dmean: 0.101967900991
        dmean2: 0.150557816029
        dvar: 0.00566691393033
        dvar2: 0
        max: 1.00294816494
        mean: 0.875887334347
        min: 0.799012362957
        var: 0.00819094944745
    spectral_spread:
        dmean: 1962031
        dmean2: 3924062
        dvar: 246455648256
        dvar2: 0
        max: 14648022
        mean: 13497568
        min: 12189548
        var: 1.01976276992e+12
    spectral_strongpeak:
        dmean: 0.424310863018
        dmean2: 0.513077616692
        dvar: 0.0658121630549
        dvar2: 0
        max: 0.854822158813
        mean: 0.516024231911
        min: 0.00620045792311
        var: 0.134651392698
    zerocrossingrate:
        dmean: 0.0595703125
        dmean2: 0.119140625
        dvar: 0.00206208229065
        dvar2: 0
        max: 0.181640625
        mean: 0.141927078366
        min: 0.07666015625
        var: 0.00216330424882
    barkbands:
        dmean: [1.56427432785e-07, 9.83685822575e-07, 4.2924666559e-06, 4.50969127996e-06, 2.23988135986e-05, 1.65252968145e-05, 8.31926008686e-05, 1.84859381989e-05, 0.000238083186559, 0.000213809020352, 0.000215560168726, 0.000710778171197, 0.000571853131987, 0.000144890684169, 0.000377681688406, 0.000880584993865, 0.000439682276919, 0.000731458887458, 0.00148636149243, 0.00231885863468, 0.000781192909926, 0.000769471051171, 0.000328169873683, 0.000702059012838, 0.000858862418681, 3.12544252665e-05, 1.65482617831e-06]
        dmean2: [3.1285486557e-07, 1.57184979344e-06, 6.98243957231e-06, 9.01938255993e-06, 4.47976271971e-05, 3.3050593629e-05, 0.000166385201737, 3.00302781397e-05, 0.000476166373119, 0.000229335390031, 0.000431120337453, 0.00142155634239, 0.00114370626397, 0.000289781368338, 0.000755363376811, 0.00176116998773, 0.000512402155437, 0.00146291777492, 0.00297272298485, 0.00463771726936, 0.00156238581985, 0.00153894210234, 0.000656339747366, 0.00140411802568, 0.00171772483736, 6.2508850533e-05, 3.30965235662e-06]
        dvar: [8.22203714961e-18, 6.17677946551e-13, 1.21886155682e-11, 1.18479523067e-11, 6.24822589501e-12, 1.46496009767e-11, 5.59639140585e-11, 2.25454405145e-10, 1.10357181171e-08, 1.31486812549e-08, 2.75782369163e-10, 9.53071621623e-10, 4.58032589634e-09, 3.98179356154e-09, 4.2282252366e-08, 5.49436798281e-08, 6.56389929077e-08, 1.55077032105e-07, 3.50075310962e-08, 4.18333598873e-08, 2.83973804471e-08, 5.0726383094e-09, 5.50328405069e-09, 3.24925615303e-08, 2.39195614427e-08, 4.96203134137e-10, 9.42715076466e-14]
        dvar2: [0, 0, 0, 0, 0, 0, 0, 0, 0, 0, 0, 0, 0, 0, 0, 0, 0, 0, 0, 0, 0, 0, 0, 0, 0, 0, 0]
        max: [1.60833366181e-07, 1.96904397853e-06, 8.58625116962e-06, 7.95421055955e-06, 2.49056029133e-05, 2.03538311325e-05, 9.0682246082e-05, 3.70299894712e-05, 0.000343467516359, 0.000427731167292, 0.000232269667322, 0.000741778581869, 0.00064002093859, 0.000208097626455, 0.000583626388106, 0.00111651222687, 0.000879440805875, 0.00112574826926, 0.00167376676109, 0.0025236478541, 0.000949998386204, 0.000841035624035, 0.000402530306019, 0.000882781750988, 0.00101400760468, 5.35469043825e-05, 1.9643205178e-06]
        mean: [5.65484121751e-08, 1.24733321627e-06, 3.13004420605e-06, 4.94774985782e-06, 9.97306142381e-06, 9.33696719585e-06, 3.52205133822e-05, 2.35490970226e-05, 0.000184745396837, 0.000175699591637, 8.85628978722e-05, 0.000267926458037, 0.000258785526967, 0.000111503839435, 0.000331838615239, 0.000529455544893, 0.000525158888195, 0.000638108991552, 0.000682859041262, 0.000977742020041, 0.000429203122621, 0.000328054913552, 0.000183750395081, 0.000414742389694, 0.000441432668595, 3.27106208715e-05, 8.61103046645e-07]
        min: [1.53853108031e-09, 1.67246372307e-09, 1.31693078664e-09, 2.43378628362e-09, 7.14475900665e-09, 1.05457098609e-09, 8.74667627215e-09, 5.81122918675e-08, 3.33290188337e-07, 1.1313714765e-07, 1.02814112779e-07, 1.28551178591e-07, 4.89694343742e-07, 1.05492759417e-07, 3.1824515645e-07, 1.52655957208e-06, 7.62292842182e-08, 4.91161415539e-07, 3.02196212942e-07, 2.57010810856e-07, 2.90269014158e-07, 3.42107597362e-07, 1.76319176148e-07, 4.6579017976e-07, 4.85733949063e-07, 1.68603655482e-08, 2.45768339013e-09]
        var: [5.44315696235e-15, 7.82353619822e-13, 1.49920978409e-11, 1.24180388195e-11, 1.15655894584e-10, 7.0452053913e-11, 1.57531110379e-09, 2.77920908509e-10, 1.99535037382e-08, 3.3398123378e-08, 1.05096722436e-08, 1.12903300931e-07, 7.57237756943e-08, 7.31970883905e-09, 5.98867089252e-08, 2.08946900671e-07, 1.43466778013e-07, 2.22280718276e-07, 5.14287364695e-07, 1.22280130199e-06, 1.54545418241e-07, 1.34956366082e-07, 2.76011800082e-08, 1.31192123831e-07, 1.79867370775e-07, 5.47877465618e-10, 6.71392032681e-13]
    mfcc:
        mean: [-761.136047363, -10.9125318527, -53.3432006836, -17.5662460327, -7.67514419556, -14.3135786057, 2.4447696209, -0.250258773565, 12.6113977432, 3.12182712555, -3.00897789001, -0.319850921631, -9.51099681854]
        cov: [[56409.796875, -167.849517822, -174.469192505, 2240.06616211, -356.480865479, -1325.88391113, -29.8029327393, -1137.34423828, -1667.38061523, -956.070556641, -1047.42431641, -567.338012695, 1149.3536377], [-167.849517822, 59.2451324463, 9.20043754578, 15.6001157761, 51.9479751587, -11.6597175598, -20.6456947327, 49.0942230225, 81.179359436, 51.4859542847, 7.49170780182, -3.58190846443, -67.9492645264], [-174.469192505, 9.20043754578, 1.82251489162, -3.63792943954, 8.62255096436, 1.79475021362, -2.97189903259, 10.2725934982, 16.4203357697, 10.1450881958, 3.88610172272, 0.975918233395, -13.0908107758], [2240.06616211, 15.6001157761, -3.63792943954, 97.3933334351, 5.13098716736, -58.5661468506, -9.04214000702, -27.8398113251, -37.3248672485, -19.5303878784, -39.9356269836, -24.5267543793, 21.1838989258], [-356.480865479, 51.9479751587, 8.62255096436, 5.13098716736, 46.3328170776, -5.13855457306, -17.7723884583, 46.782787323, 76.5592727661, 48.1762542725, 10.4089851379, -0.979784488678, -63.1605300903], [-1325.88391113, -11.6597175598, 1.79475021362, -58.5661468506, -5.13855457306, 35.3094596863, 6.20828819275, 14.5905056, 18.9447383881, 9.55115032196, 23.4570140839, 14.7349052429, -9.87370014191], [-29.8029327393, -20.6456947327, -2.97189903259, -9.04214000702, -17.7723884583, 6.20828819275, 7.33397340775, -15.5325202942, -26.0203285217, -16.6628360748, -0.990797281265, 2.1598110199, 22.1684799194], [-1137.34423828, 49.0942230225, 10.2725934982, -27.8398113251, 46.782787323, 14.5905056, -15.5325202942, 58.4982833862, 92.9232330322, 57.1241188049, 24.5225868225, 7.33814811707, -73.3837203979], [-1667.38061523, 81.179359436, 16.4203357697, -37.3248672485, 76.5592727661, 18.9447383881, -26.0203285217, 92.9232330322, 148.17199707, 91.367980957, 36.6364364624, 9.93209838867, -117.694816589], [-956.070556641, 51.4859542847, 10.1450881958, -19.5303878784, 48.1762542725, 9.55115032196, -16.6628360748, 57.1241188049, 91.367980957, 56.4787216187, 21.3749675751, 5.25204992294, -72.9099578857], [-1047.42431641, 7.49170780182, 3.88610172272, -39.9356269836, 10.4089851379, 23.4570140839, -0.990797281265, 24.5225868225, 36.6364364624, 21.3749675751, 19.7745418549, 10.1419210434, -26.1471366882], [-567.338012695, -3.58190846443, 0.975918233395, -24.5267543793, -0.979784488678, 14.7349052429, 2.1598110199, 7.33814811707, 9.93209838867, 5.25204992294, 10.1419210434, 6.17873859406, -5.77066040039], [1149.3536377, -67.9492645264, -13.0908107758, 21.1838989258, -63.1605300903, -9.87370014191, 22.1684799194, -73.3837203979, -117.694816589, -72.9099578857, -26.1471366882, -5.77066040039, 94.30052948]]
        icov: [[78.533821106, -3456.00561523, -11810.6484375, 1525.87329102, 3223.4206543, -1921.30651855, -2694.62524414, 1084.05407715, 3970.22631836, -5310.7734375, 15747.0947266, -7244.14404297, 2777.11987305], [-3456.00561523, 323418.34375, 662001.5, -333209.46875, -179340.625, 161784.265625, 175151.0625, -63962.5078125, -417579.90625, 571808.1875, -1217989.875, 74223.5703125, -164458.921875], [-11810.6484375, 662001.5, 4391548.5, -703210.75, -1053188.125, -692579.1875, 1499564.625, -348424.4375, -448920.90625, 573767.5625, -1609793.25, -501910.78125, -606755.0625], [1525.87329102, -333209.4375, -703210.75, 261770.0625, 193113.890625, -327695.8125, 64540.078125, 235270.90625, 421350.875, -563814, 1000625.125, -34195.671875, 213139.828125], [3223.4206543, -179340.625, -1053188.125, 193113.890625, 331168.96875, -6036.49511719, 62260.5898438, 52653.9804688, 265170.5, -370894.5, 668479, 11040.7617188, 119637.046875], [-1921.30664062, 161784.28125, -692579.1875, -327695.8125, -6036.49853516, -151043.6875, -359332.59375, 38337.1875, -230599.453125, 284942.90625, -698087.1875, 417577.6875, -23595.5898438], [-2694.62524414, 175151.046875, 1499564.625, 64540.0898438, 62260.59375, -359332.59375, 1417029.875, 33034.2226562, -96650.2734375, -123821.453125, 208427.984375, 23559.703125, -107743.71875], [1084.05407715, -63962.5078125, -348424.4375, 235270.90625, 52653.9804688, 38337.1914062, 33034.21875, 11290.2226562, 189141.25, -171637.71875, 579859.4375, -34094.6523438, 141832.34375], [3970.22631836, -417579.90625, -448920.9375, 421350.875, 265170.5, -230599.4375, -96650.28125, 189141.25, 529809.4375, -782974, 1517464.25, -143695.703125, 284953.15625], [-5310.7734375, 571808.1875, 573767.5625, -563814, -370894.5, 284942.90625, -123821.4375, -171637.71875, -782974, 958678.8125, -1956752.5, 306087.71875, -399807.5625], [15747.0947266, -1217989.875, -1609793.25, 1000625.125, 668479, -698087.1875, 208427.953125, 579859.4375, 1517464.25, -1956752.5, 3833303, -462587, 674659.625], [-7244.14404297, 74223.5703125, -501910.78125, -34195.671875, 11040.7607422, 417577.6875, 23559.7070312, -34094.6523438, -143695.703125, 306087.71875, -462587, -937883.125, -29515.4863281], [2777.11987305, -164458.921875, -606755.0625, 213139.828125, 119637.046875, -23595.5878906, -107743.726562, 141832.34375, 284953.15625, -399807.5625, 674659.625, -29515.484375, 160687.453125]]
    spectral_contrast:
        mean: [1.09275184457e-07, -4.17232513428e-07, 2.88089125888e-07, -3.27825546265e-07, 1.24176346983e-09, -4.57900277695e-08, 8.07146260939e-09, 2.4835267709e-07, 6.75519288507e-07, 2.53319740295e-07, -2.08616256714e-07, -6.35782896552e-07]
        var: [7.06003127054e-13, 1.34707056707e-12, 8.58177678226e-13, 6.09882492273e-14, 8.40377187348e-17, 5.25235742092e-18, 4.40234283498e-16, 8.48703804446e-15, 3.15796786507e-13, 3.78808096002e-13, 0.0263640079647, 17.3054065704]

rhythm:
    beats_loudness:
        dmean: 0
        dmean2: 0
        dvar: 0
        dvar2: 0
        max: 0
        mean: 0
        min: 0
        var: 0
    beats_loudness_bass:
        dmean: 0
        dmean2: 0
        dvar: 0
        dvar2: 0
        max: 0
        mean: 0
        min: 0
        var: 0
    bpm: 0
    bpm_confidence: 0
    first_peak_bpm: 0
    first_peak_spread: 0
    first_peak_weight: 0
    onset_rate: 4.78515625
    second_peak_bpm: 0
    second_peak_spread: 0
    second_peak_weight: 0
    beats_position: []
    bpm_estimates: []
    bpm_intervals: []
    onset_times: [0.0232199542224]
    rubato_start: []
    rubato_stop: []
    perceptual_tempo: "unknown"

sfx:
    inharmonicity:
        dmean: 0.111947901547
        dmean2: 0.104701027274
        dvar: 0.00274057593197
        dvar2: 0
        max: 0.223895803094
        mean: 0.0944977328181
        min: 0
        var: 0.00896390620619
    oddtoevenharmonicenergyratio:
        dmean: 1.78509199619
        dmean2: 3.57018399239
        dvar: 0.470726519823
        dvar2: 0
        max: 2.47118711472
        mean: 1.28112578392
        min: 0
        var: 1.02194058895
    pitch_after_max_to_before_max_energy_ratio: 0.557888567448
    pitch_centroid: 1.09392845631
    pitch_max_to_total: 0.666666686535
    pitch_min_to_total: 0.333333343267
    tristimulus:
        dmean: [0.481912046671, 0.481912016869, 0]
        dmean2: [0.901922166348, 0.901922106743, 0]
        dvar: [0.203365892172, 0.203365877271, 0]
        dvar2: [0, 0, 0]
        max: [1, 0.963824033737, 0]
        mean: [0.367767602205, 0.632232367992, 0]
        min: [0.0361759103835, 0, 0]
        var: [0.200018569827, 0.200018540025, 0]

tonal:
    chords_changes_rate: 0
    chords_number_rate: 0.5
    chords_strength:
        dmean: 0
        dmean2: 0
        dvar: 0
        dvar2: 0
        max: 0.328075230122
        mean: 0.328075230122
        min: 0.328075230122
        var: 0
    key_strength: 0.262623757124
    tuning_diatonic_strength: 0.326419651508
    tuning_equal_tempered_deviation: 0.155904516578
    tuning_frequency: 445.627075195
    tuning_nontempered_energy_ratio: 0.727237462997
    hpcp:
        dmean: [0.334214687347, 0.295124828815, 0.0751333534718, 0.401300817728, 0.100767493248, 0.0252646207809, 0.509891748428, 0.0783252418041, 0.205542191863, 0.024453163147, 0.0267635732889, 0.00890569388866, 0.0426308065653, 0.0486526563764, 0.186241418123, 0.163067251444, 0.0743155777454, 0.0453885421157, 0.00991717725992, 0.00396414846182, 0.0217815414071, 0.0520191937685, 0.0555469915271, 0.1955960989, 0.499072849751, 0.207220137119, 0.0150569453835, 0.0774597674608, 0.278259843588, 0.613143920898, 0.24197755754, 0.00560155510902, 0.324986696243, 0.520411372185, 0.00716608762741, 0.010354757309]
        dmean2: [0, 0, 0, 0, 0, 0, 0, 0, 0, 0, 0, 0, 0, 0, 0, 0, 0, 0, 0, 0, 0, 0, 0, 0, 0, 0, 0, 0, 0, 0, 0, 0, 0, 0, 0, 0]
        dvar: [0, 0, 0, 0, 0, 0, 0, 0, 0, 0, 0, 0, 0, 0, 0, 0, 0, 0, 0, 0, 0, 0, 0, 0, 0, 0, 0, 0, 0, 0, 0, 0, 0, 0, 0, 0]
        dvar2: [0, 0, 0, 0, 0, 0, 0, 0, 0, 0, 0, 0, 0, 0, 0, 0, 0, 0, 0, 0, 0, 0, 0, 0, 0, 0, 0, 0, 0, 0, 0, 0, 0, 0, 0, 0]
        max: [0.463058888912, 0.463034391403, 0.513602674007, 0.736931800842, 0.505369961262, 0.630786657333, 0.85842615366, 0.402445405722, 0.431992143393, 0.34491866827, 0.227918162942, 0.19443666935, 0.213514566422, 0.160081773996, 0.372156977654, 0.405111461878, 0.213426500559, 0.154838383198, 0.128288581967, 0.0925435200334, 0.0573397129774, 0.0719641447067, 0.152665153146, 0.55836802721, 0.826000392437, 0.329737365246, 0.0372799597681, 0.134096428752, 0.651323437691, 1, 0.453932285309, 0.170243933797, 0.574658215046, 1, 0.685521245003, 0.400429964066]
        mean: [0.295951545238, 0.315471976995, 0.476036012173, 0.536281406879, 0.454986214638, 0.618154346943, 0.603480279446, 0.363282799721, 0.32922104001, 0.332692086697, 0.214536368847, 0.189983814955, 0.192199170589, 0.135755449533, 0.279036283493, 0.323577821255, 0.176268711686, 0.132144108415, 0.123329997063, 0.0905614495277, 0.0464489422739, 0.0459545478225, 0.124891653657, 0.46056997776, 0.576463937759, 0.226127296686, 0.0297514870763, 0.0953665450215, 0.512193500996, 0.693428039551, 0.332943499088, 0.167443156242, 0.412164866924, 0.739794313908, 0.681938171387, 0.395252585411]
        min: [0.128844201565, 0.167909547687, 0.438469320536, 0.335630983114, 0.404602468014, 0.605522036552, 0.348534375429, 0.324120163918, 0.22644995153, 0.320465505123, 0.201154589653, 0.185530975461, 0.170883759856, 0.11142911762, 0.18591555953, 0.242044210434, 0.139110922813, 0.109449841082, 0.118371404707, 0.0885793715715, 0.0355581715703, 0.0199449490756, 0.0971181616187, 0.36277192831, 0.326927542686, 0.122517235577, 0.0222230143845, 0.0566366575658, 0.373063594103, 0.386856108904, 0.211954727769, 0.164642378688, 0.249671503901, 0.479588627815, 0.678355157375, 0.390075206757]
        var: [0.0279248636216, 0.0217746682465, 0.00141125521623, 0.0402605868876, 0.00253852200694, 0.000159575269208, 0.0649974048138, 0.00153371086344, 0.0105618983507, 0.000149489293108, 0.00017907221627, 1.98278466996e-05, 0.000454346416518, 0.000591770221945, 0.00867146626115, 0.00664773210883, 0.00138070131652, 0.000515029940289, 2.45875999099e-05, 3.92861784348e-06, 0.000118608884804, 0.000676499214023, 0.000771367107518, 0.00956445839256, 0.0622684285045, 0.0107350461185, 5.6677901739e-05, 0.00150000397116, 0.0193571355194, 0.0939863622189, 0.0146382842213, 7.84435451351e-06, 0.0264040902257, 0.0677070021629, 1.28382034745e-05, 2.6805249945e-05]
    chords_histogram: [0, 0, 0, 0, 0, 0, 0, 0, 0, 0, 0, 0, 0, 0, 0, 0, 0, 0, 100, 0, 0, 0, 0, 0]
    thpcp: [1, 0.921794295311, 0.53427362442, 0.400045722723, 0.426432013512, 0.64347076416, 0.724906086922, 0.615017175674, 0.835575938225, 0.815740644932, 0.491059184074, 0.445016980171, 0.449708908796, 0.289994627237, 0.256806254387, 0.259800821543, 0.183504313231, 0.37718090415, 0.437388896942, 0.238267183304, 0.178622767329, 0.166708499193, 0.122414365411, 0.06278629601, 0.0621180050075, 0.16881942749, 0.622564911842, 0.779221892357, 0.30566239357, 0.0402158908546, 0.128909543157, 0.692345798016, 0.9373254776, 0.450048744678, 0.226337447762, 0.557134389877]
    chords_key: "D"
    chords_scale: "minor"
    key_key: "B"
    key_scale: "minor"
    chords_progression: ["Dm", "Dm"]
