
metadata:
    version:
        essentia: "1.2.2"
    audio_properties:
        analysis_sample_rate: 44100
        bitrate: 128
        channels: 2
        equal_loudness: 1
        length: 9.69142818451
        replay_gain: 7.60908699036
        downmix: "mix"
    tags:
        track: 6
        year: 0
        album: "Splitted by Mp3Splt v. 2.1"
        artist: "From 000.50 To 001.00"
        comment: "http://mp3splt.sf.net"
        genre: ""
        title: "13 Leo Crow... the Confrontati"

highlevel:
    ballroom:
        all:
            ChaChaCha: 0.0370567142963
            Jive: 0.158940538764
            Quickstep: 0.045263633132
            Rumba-American: 0.0448932871222
            Rumba-International: 0.0863158330321
            Rumba-Misc: 0.124054893851
            Samba: 0.0881551280618
            Tango: 0.0268294569105
            VienneseWaltz: 0.121309965849
            Waltz: 0.267180562019
        probability: 0.267180562019
        value: "Waltz"
    culture:
        all:
            non_western: 0.329278558493
            western: 0.670721411705
        probability: 0.670721411705
        value: "western"
    gender:
        all:
            female: 0.686369597912
            male: 0.313630402088
        probability: 0.686369597912
        value: "female"
    genre_dortmund:
        all:
            alternative: 0.00498002348468
            blues: 0.000523790367879
            electronic: 0.927199363708
            folkcountry: 0.000957028591074
            funksoulrnb: 0.00111413071863
            jazz: 0.0540686957538
            pop: 0.000757059897296
            raphiphop: 0.00538184214383
            rock: 0.00501803867519
        probability: 0.927199363708
        value: "electronic"
    genre_electronica:
        all:
            ambient: 0.706004500389
            dnb: 0.0150649799034
            house: 0.0321400463581
            techno: 0.240395143628
            trance: 0.00639534601942
        probability: 0.706004500389
        value: "ambient"
    genre_rosamerica:
        all:
            cla: 0.1249691993
            dan: 0.0892639458179
            hip: 0.150183856487
            jaz: 0.386350721121
            pop: 0.0303223971277
            rhy: 0.10770086199
            roc: 0.0890956968069
            spe: 0.0221133325249
        probability: 0.386350721121
        value: "jaz"
    genre_tzanetakis:
        all:
            blu: 0.237736076117
            cla: 0.280887007713
            cou: 0.0214634742588
            dis: 0.0278968252242
            hip: 0.0933845564723
            jaz: 0.113842651248
            met: 0.0259714778513
            pop: 0.0479100458324
            reg: 0.117090329528
            roc: 0.0338175743818
        probability: 0.280887007713
        value: "cla"
    live_studio:
        all:
            live: 0.524034261703
            studio: 0.475965738297
        probability: 0.524034261703
        value: "live"
    mood:
        all:
            Cluster1: 0.0553147755563
            Cluster2: 0.0198037736118
            Cluster3: 0.116242028773
            Cluster4: 0.018187917769
            Cluster5: 0.790451526642
        probability: 0.790451526642
        value: "Cluster5"
    mood_acoustic:
        all:
            acoustic: 0.186829000711
            not_acoustic: 0.813170969486
        probability: 0.813170969486
        value: "not_acoustic"
    mood_aggressive:
        all:
            aggressive: 0.285683572292
            not_aggressive: 0.714316427708
        probability: 0.714316427708
        value: "not_aggressive"
    mood_electronic:
        all:
            electronic: 0.876403570175
            not_electronic: 0.123596414924
        probability: 0.876403570175
        value: "electronic"
    mood_happy:
        all:
            happy: 0.014292714186
            not_happy: 0.98570728302
        probability: 0.98570728302
        value: "not_happy"
    mood_party:
        all:
            not_party: 0.889334738255
            party: 0.110665284097
        probability: 0.889334738255
        value: "not_party"
    mood_relaxed:
        all:
            not_relaxed: 0.249109342694
            relaxed: 0.750890672207
        probability: 0.750890672207
        value: "relaxed"
    mood_sad:
        all:
            not_sad: 0.534649193287
            sad: 0.465350806713
        probability: 0.534649193287
        value: "not_sad"
    rhythm:
        all:
            fast: 0.0309620629996
            medium: 0.77107167244
            slow: 0.197966277599
        probability: 0.77107167244
        value: "medium"
    speech_music:
        all:
            music: 0.999999880791
            speech: 1.00000008274e-07
        probability: 0.999999880791
        value: "music"
    timbre:
        all:
            bright: 0.243118643761
            dark: 0.756881356239
        probability: 0.756881356239
        value: "dark"
    voice_instrumental:
        all:
            instrumental: 0.997261822224
            voice: 0.00273815658875
        probability: 0.997261822224
        value: "instrumental"

lowlevel:
    average_loudness: 0.230632409453
    barkbands_kurtosis:
        dmean: 5.12348890305
        dmean2: 9.14703464508
        dvar: 123.143302917
        dvar2: 401.036468506
        max: 192.805389404
        mean: 8.19030761719
        min: -1.76645541191
        var: 448.443267822
    barkbands_skewness:
        dmean: 0.678235054016
        dmean2: 1.17303776741
        dvar: 0.421832859516
        dvar2: 1.34110510349
        max: 8.38657093048
        mean: 1.62331330776
        min: -1.9534419775
        var: 2.23805475235
    barkbands_spread:
        dmean: 3.29205822945
        dmean2: 5.58994817734
        dvar: 15.6860361099
        dvar2: 42.6057128906
        max: 48.6960487366
        mean: 13.720993042
        min: 0.438678950071
        var: 148.792358398
    dissonance:
        dmean: 0.0338027998805
        dmean2: 0.057011924684
        dvar: 0.000929388857912
        dvar2: 0.00233877520077
        max: 0.499676734209
        mean: 0.4296477139
        min: 0.165907263756
        var: 0.00187355000526
    hfc:
        dmean: 0.104538328946
        dmean2: 0.189492806792
        dvar: 0.0377461202443
        dvar2: 0.125290811062
        max: 2.20884823799
        mean: 0.331811249256
        min: 0.000752558466047
        var: 0.200389161706
    pitch:
        dmean: 126.861625671
        dmean2: 238.131698608
        dvar: 52598.0664062
        dvar2: 150688.8125
        max: 3150
        mean: 235.890533447
        min: 43.06640625
        var: 47590.6132812
    pitch_instantaneous_confidence:
        dmean: 0.0895991921425
        dmean2: 0.152550652623
        dvar: 0.00454765744507
        dvar2: 0.0132607035339
        max: 0.946627557278
        mean: 0.411172896624
        min: 0.112071752548
        var: 0.0292869638652
    pitch_salience:
        dmean: 0.0852090194821
        dmean2: 0.147276416421
        dvar: 0.0054444745183
        dvar2: 0.0170741099864
        max: 0.813040316105
        mean: 0.512840569019
        min: 0.110120177269
        var: 0.0151639692485
    silence_rate_20dB:
        dmean: 0
        dmean2: 0
        dvar: 0
        dvar2: 0
        max: 1
        mean: 1
        min: 1
        var: 0
    silence_rate_30dB:
        dmean: 0
        dmean2: 0
        dvar: 0
        dvar2: 0
        max: 1
        mean: 1
        min: 1
        var: 0
    silence_rate_60dB:
        dmean: 0.023923445493
        dmean2: 0.0479616299272
        dvar: 0.0233511142433
        dvar2: 0.0504574663937
        max: 1
        mean: 0.840095460415
        min: 0
        var: 0.134335190058
    spectral_centroid:
        dmean: 128.009109497
        dmean2: 208.232009888
        dvar: 28453.109375
        dvar2: 77423.828125
        max: 2556.86010742
        mean: 459.261932373
        min: 43.218006134
        var: 198261.46875
    spectral_complexity:
        dmean: 0.628297388554
        dmean2: 1.10096156597
        dvar: 0.76591283083
        dvar2: 2.1484606266
        max: 9
        mean: 2.42822957039
        min: 0
        var: 6.99604654312
    spectral_crest:
        dmean: 2.97468686104
        dmean2: 5.072245121
        dvar: 5.63279438019
        dvar2: 17.2839488983
        max: 20.9000968933
        mean: 10.036605835
        min: 3.99967718124
        var: 13.12849617
    spectral_decrease:
        dmean: 2.03061317761e-10
        dmean2: 3.69217378893e-10
        dvar: 2.04067537993e-19
        dvar2: 6.97513692584e-19
        max: -6.07995031816e-14
        mean: -4.30803254181e-10
        min: -4.12969480834e-09
        var: 5.07673105365e-19
    spectral_energy:
        dmean: 0.000774369051214
        dmean2: 0.00140728068072
        dvar: 2.95999757327e-06
        dvar2: 1.01199730125e-05
        max: 0.0157867539674
        mean: 0.00165604532231
        min: 2.9773030974e-07
        var: 7.4415202107e-06
    spectral_energyband_high:
        dmean: 1.00642239431e-07
        dmean2: 1.76939138896e-07
        dvar: 2.5232938704e-14
        dvar2: 7.55985511279e-14
        max: 2.03466152016e-06
        mean: 2.63945992174e-07
        min: 6.03748473438e-09
        var: 7.40210505195e-14
    spectral_energyband_low:
        dmean: 0.000609943817835
        dmean2: 0.00110078521539
        dvar: 1.74344199877e-06
        dvar2: 5.74118348595e-06
        max: 0.0105410255492
        mean: 0.000994101166725
        min: 6.85480383567e-09
        var: 3.30462603415e-06
    spectral_energyband_middle_high:
        dmean: 1.41154614539e-05
        dmean2: 2.48657961492e-05
        dvar: 7.84958653632e-10
        dvar2: 2.42581865706e-09
        max: 0.000321781437378
        mean: 4.56809320895e-05
        min: 1.95881639797e-07
        var: 4.08523348483e-09
    spectral_energyband_middle_low:
        dmean: 0.000272094388492
        dmean2: 0.000494694686495
        dvar: 4.03836025953e-07
        dvar2: 1.33169237415e-06
        max: 0.00624361168593
        mean: 0.000606832560152
        min: 2.18397637752e-08
        var: 9.390595892e-07
    spectral_flatness_db:
        dmean: 0.0245357751846
        dmean2: 0.0414949245751
        dvar: 0.00039613651461
        dvar2: 0.00124594336376
        max: 0.442109644413
        mean: 0.251546919346
        min: 0.125270143151
        var: 0.00438492838293
    spectral_flux:
        dmean: 0.003873586189
        dmean2: 0.00615271274
        dvar: 3.72319336748e-05
        dvar2: 9.42320766626e-05
        max: 0.0822341144085
        mean: 0.0170931369066
        min: 0.000545646704268
        var: 0.000304485292872
    spectral_kurtosis:
        dmean: 9.23358154297
        dmean2: 15.5505809784
        dvar: 114.250694275
        dvar2: 331.758850098
        max: 102.697631836
        mean: 36.2238578796
        min: 5.74471473694
        var: 645.586364746
    spectral_rms:
        dmean: 0.000205156189622
        dmean2: 0.000363010040019
        dvar: 1.0236554715e-07
        dvar2: 3.41104879453e-07
        max: 0.00392450112849
        mean: 0.000926389009692
        min: 1.70431394508e-05
        var: 7.57457428335e-07
    spectral_rolloff:
        dmean: 296.507232666
        dmean2: 521.713989258
        dvar: 227525.296875
        dvar2: 573661.75
        max: 3186.9140625
        mean: 955.391601562
        min: 43.06640625
        var: 972017.3125
    spectral_skewness:
        dmean: 0.573312759399
        dmean2: 0.958621382713
        dvar: 0.319434374571
        dvar2: 0.939466893673
        max: 8.39348220825
        mean: 4.35212421417
        min: 1.64055943489
        var: 3.19758605957
    spectral_spread:
        dmean: 314453.4375
        dmean2: 528662.5625
        dvar: 245751218176
        dvar2: 340403191808
        max: 11834044
        mean: 2405605
        min: 880155.0625
        var: 1.39799284941e+12
    spectral_strongpeak:
        dmean: 0.0559325739741
        dmean2: 0.10118920356
        dvar: 0.00837462767959
        dvar2: 0.021117022261
        max: 0.621576488018
        mean: 0.0755427479744
        min: 0
        var: 0.0112837115303
    zerocrossingrate:
        dmean: 0.00457602646202
        dmean2: 0.00636291503906
        dvar: 3.05698667944e-05
        dvar2: 5.46782066522e-05
        max: 0.12255859375
        mean: 0.0306472405791
        min: 0.00146484375
        var: 0.000669228553306
    barkbands:
        dmean: [3.79466546292e-05, 0.000316012883559, 0.000317300175084, 0.000159767805599, 9.91550186882e-05, 0.000102961152152, 7.33420092729e-05, 1.46510328705e-05, 9.88638930721e-06, 7.15242504157e-06, 6.32773299003e-06, 6.2551521296e-06, 2.85680357592e-06, 1.46465038142e-06, 1.33670539526e-06, 7.81345306677e-07, 8.27647568258e-07, 4.61662978068e-07, 1.00477564047e-06, 1.25044138599e-07, 6.9694415572e-08, 9.672663559e-09, 1.47042966692e-09, 7.07956360202e-10, 4.6909071072e-10, 9.16454204192e-11, 2.61185933992e-10]
        dmean2: [7.0818066888e-05, 0.000550259312149, 0.000578547245823, 0.000299913255731, 0.000182210671483, 0.000189193815459, 0.000126717932289, 2.47769330599e-05, 1.70262246684e-05, 1.20562026495e-05, 1.0997753634e-05, 1.13167179734e-05, 5.10753716298e-06, 2.48120909419e-06, 2.31792864724e-06, 1.36663288686e-06, 1.42724195484e-06, 8.1034431787e-07, 1.65316691891e-06, 2.20823295649e-07, 1.18555625761e-07, 1.69450036225e-08, 2.47394682518e-09, 1.18547849315e-09, 8.03187072407e-10, 1.6420707849e-10, 4.39834973998e-10]
        dvar: [4.45561543216e-09, 3.74219524701e-07, 8.70432131705e-07, 2.26092822686e-07, 7.62851470881e-08, 3.57206992874e-08, 1.56611807967e-08, 7.72112818126e-10, 3.50094286894e-10, 2.00399599692e-10, 2.36690222977e-10, 2.28305582772e-10, 3.42344451398e-11, 5.26235175227e-12, 7.06816593102e-12, 2.86920075372e-12, 2.09985913206e-12, 5.39193906537e-13, 7.13298864419e-12, 3.33199484984e-14, 1.83281310999e-14, 1.77759353397e-16, 2.7816681929e-18, 5.78416796676e-19, 5.44003291459e-19, 6.29813573564e-20, 9.25899578029e-20]
        dvar2: [1.61704676316e-08, 1.06934942323e-06, 2.9519067084e-06, 7.5309856129e-07, 2.53358507507e-07, 1.13929175427e-07, 4.55436719449e-08, 2.1177206655e-09, 9.7064822846e-10, 5.86994064466e-10, 6.9068423203e-10, 7.19889647893e-10, 1.04143110802e-10, 1.5081467325e-11, 2.21920433419e-11, 8.63634944809e-12, 6.08405209893e-12, 1.64233047734e-12, 1.71230894047e-11, 1.0259455503e-13, 5.06423651929e-14, 5.34287524942e-16, 7.3700833049e-18, 1.63014468549e-18, 1.52486516963e-18, 1.74477620196e-19, 2.51924834889e-19]
        max: [0.000603267806582, 0.00626565003768, 0.00769302900881, 0.00410468271002, 0.00267301313579, 0.00163632642943, 0.000829161377624, 0.000233461003518, 0.000191113358596, 0.000148134102346, 0.000177789333975, 0.000149293919094, 5.3807234508e-05, 2.02039391297e-05, 2.1596055376e-05, 1.63470995176e-05, 1.49590559886e-05, 6.08157097304e-06, 2.45734827331e-05, 1.89603736089e-06, 1.91800313587e-06, 1.61539261967e-07, 1.99443270787e-08, 7.4895982749e-09, 1.13016769276e-08, 3.13135473107e-09, 3.80394959976e-09]
        mean: [9.80319600785e-05, 0.000507834309246, 0.000397405092372, 0.000160811483511, 0.000136929404107, 0.000147714119521, 0.000115228292998, 2.41704819928e-05, 1.74026972672e-05, 1.24671432786e-05, 1.07008727355e-05, 1.04647051558e-05, 5.92623655393e-06, 2.54575775216e-06, 2.49237405114e-06, 1.54430370003e-06, 1.72333170667e-06, 7.56563053983e-07, 1.46357456288e-06, 2.43559355795e-07, 1.57385514399e-07, 2.49820271137e-08, 4.92819340892e-09, 2.30274266322e-09, 1.44224221454e-09, 1.10689693522e-10, 1.18797649495e-09]
        min: [2.22765764168e-10, 4.2570977854e-09, 2.24453966524e-09, 1.97452809658e-09, 1.72985081814e-09, 3.92315263609e-10, 3.98180016736e-10, 2.00532901395e-09, 1.18014522599e-08, 1.04821848979e-08, 2.70165306793e-10, 7.7265738252e-10, 2.9083815356e-09, 6.40013553266e-09, 2.93160518083e-09, 1.93356508582e-09, 3.97838917365e-09, 6.41682618152e-09, 1.1575534975e-09, 8.24310175673e-10, 2.38342301451e-09, 7.007899816e-10, 6.92284077286e-11, 3.49203027605e-11, 2.04802268894e-11, 3.08482406286e-13, 1.29138774327e-11]
        var: [2.43628885954e-08, 6.82802692609e-07, 1.19044568692e-06, 2.04150907734e-07, 1.02116231915e-07, 5.01298380584e-08, 3.01554479165e-08, 1.55722468254e-09, 8.64113336441e-10, 4.44291159418e-10, 5.14802200868e-10, 3.98667848733e-10, 7.56183379802e-11, 1.28002426367e-11, 1.53044295986e-11, 7.78647892691e-12, 4.25142993726e-12, 7.86346573793e-13, 1.24998830731e-11, 6.28988438482e-14, 5.43459015582e-14, 3.57505872559e-16, 1.04589419755e-17, 1.58314304232e-18, 1.03843571676e-18, 5.17614633718e-20, 1.70893976515e-19]
    mfcc:
        mean: [-972.498718262, 212.65776062, -19.5780963898, 53.9519042969, 5.28896570206, 2.04826807976, -2.4113779068, -1.59978151321, 4.77161598206, 2.24764347076, 8.46838092804, 4.9677491188, -0.351207852364]
        cov: [[5792.61865234, 3196.9921875, 81.7037124634, -960.474304199, -345.67791748, 401.739257812, 148.739242554, -81.668296814, -200.325439453, -319.694549561, -223.359970093, 228.045410156, 508.689819336], [3196.9921875, 2445.98828125, 592.84362793, -788.211730957, -168.163757324, 399.985351562, 168.950088501, -81.1941604614, -170.75843811, -285.971923828, -158.974899292, 234.701171875, 554.848937988], [81.7037124634, 592.84362793, 747.553527832, -91.928855896, 14.8735189438, 194.383728027, 109.643180847, -43.2254562378, -68.1800842285, -120.908622742, -45.7792549133, 133.067993164, 289.218719482], [-960.474304199, -788.211730957, -91.928855896, 468.363220215, 99.1770553589, -125.099311829, -45.7478027344, 9.15611171722, 50.9655036926, 91.7011184692, 55.7288208008, -72.9731445312, -195.923492432], [-345.67791748, -168.163757324, 14.8735189438, 99.1770553589, 96.8800964355, 9.37788391113, 1.85777509212, 17.56757164, 35.8118553162, 18.7576980591, 3.36737370491, -18.8820438385, -25.3378391266], [401.739257812, 399.985351562, 194.383728027, -125.099311829, 9.37788391113, 155.612533569, 80.5534133911, 3.37699699402, -8.91407775879, -47.7565612793, -35.6390151978, 42.8500823975, 119.2448349], [148.739242554, 168.950088501, 109.643180847, -45.7478027344, 1.85777509212, 80.5534133911, 86.0061645508, 20.9207859039, -0.740742683411, -17.2924442291, -15.2066221237, 18.152141571, 51.4014167786], [-81.668296814, -81.1941604614, -43.2254562378, 9.15611171722, 17.56757164, 3.37699699402, 20.9207859039, 71.3926010132, 50.5599632263, 21.9691925049, -5.74807500839, -21.7636585236, -22.7361507416], [-200.325439453, -170.75843811, -68.1800842285, 50.9655036926, 35.8118553162, -8.91407775879, -0.740742683411, 50.5599632263, 86.5498428345, 47.7889671326, -2.60981369019, -35.7150726318, -43.2636871338], [-319.694549561, -285.971923828, -120.908622742, 91.7011184692, 18.7576980591, -47.7565612793, -17.2924442291, 21.9691925049, 47.7889671326, 77.1497116089, 28.5432701111, -44.9607582092, -84.5760574341], [-223.359970093, -158.974899292, -45.7792549133, 55.7288208008, 3.36737370491, -35.6390151978, -15.2066221237, -5.74807500839, -2.60981369019, 28.5432701111, 57.9679718018, 5.04669809341, -42.5307769775], [228.045410156, 234.701171875, 133.067993164, -72.9731445312, -18.8820438385, 42.8500823975, 18.152141571, -21.7636585236, -35.7150726318, -44.9607582092, 5.04669809341, 85.0666656494, 91.4078369141], [508.689819336, 554.848937988, 289.218719482, -195.923492432, -25.3378391266, 119.2448349, 51.4014167786, -22.7361507416, -43.2636871338, -84.5760574341, -42.5307769775, 91.4078369141, 214.037475586]]
        icov: [[0.00226238626055, -0.00398116232827, 0.00303643965162, -0.00301260594279, 0.00382757070474, -0.00167972838972, 0.000689455075189, -0.000897253514268, -0.000154491615831, 9.34998897719e-05, 0.00230246852152, -0.00165924010798, 0.000382712722057], [-0.00398116232827, 0.00883446447551, -0.00493724597618, 0.00629861745983, -0.00555723300204, 0.000728517828975, -0.00119969202206, 0.00225945981219, 0.000557986611966, 0.00142981740646, -0.00325067015365, 0.00269773579203, -0.00265863444656], [0.00303643965162, -0.00493724597618, 0.0087862899527, -0.00668681925163, 0.00545321265236, -0.00415850291029, -0.00100121379364, -0.000233347294852, 0.000169396356796, 0.00212392676622, 0.00224541849457, -0.00180283002555, -0.0071435123682], [-0.00301260594279, 0.00629861745983, -0.00668681925163, 0.0115738306195, -0.00962985493243, 0.00529245985672, -0.00251854001544, 0.00355649832636, -0.000208680547075, -0.00149012147449, -0.00199860101566, 0.000322056643199, 0.00619032466784], [0.00382757070474, -0.00555723300204, 0.00545321265236, -0.00962985493243, 0.025468531996, -0.0112137505785, 0.0052389036864, -0.00242685806006, -0.00601450679824, 0.00479022366926, 0.0016047504032, 8.44040114316e-05, -0.00216788123362], [-0.00167972838972, 0.000728517828975, -0.00415850291029, 0.00529245985672, -0.0112137505785, 0.028391616419, -0.0177495069802, 0.00581361213699, -0.00499201286584, 0.000186194185517, -0.000187324199942, 0.00139769224916, -0.0012672158191], [0.000689455075189, -0.00119969202206, -0.00100121379364, -0.00251854001544, 0.0052389036864, -0.0177495069802, 0.0305282454938, -0.0136063303798, 0.00750399706885, -0.00449455156922, 0.00113431550562, -0.00129182147793, 0.00276882201433], [-0.000897253514268, 0.00225945981219, -0.000233347294852, 0.00355649832636, -0.00242685806006, 0.00581361213699, -0.0136063303798, 0.0317114815116, -0.0194852929562, 0.00638477038592, -0.00147848948836, 0.0019935190212, 0.000395212962758], [-0.000154491615831, 0.000557986611966, 0.000169396356796, -0.000208680547075, -0.00601450679824, -0.00499201286584, 0.00750399706885, -0.0194852929562, 0.0366870425642, -0.0217989832163, 0.00978294014931, -0.00171569315717, -0.00182350771502], [9.34998897719e-05, 0.00142981740646, 0.00212392676622, -0.00149012147449, 0.00479022366926, 0.000186194185517, -0.00449455156922, 0.00638477038592, -0.0217989832163, 0.0465423539281, -0.0191287640482, 0.0125475646928, -0.00111664715223], [0.00230246852152, -0.00325067015365, 0.00224541849457, -0.00199860101566, 0.0016047504032, -0.000187324199942, 0.00113431550562, -0.00147848948836, 0.00978294014931, -0.0191287640482, 0.0389580205083, -0.0204011145979, 0.00882847048342], [-0.00165924010798, 0.00269773579203, -0.00180283002555, 0.000322056643199, 8.44040114316e-05, 0.00139769224916, -0.00129182147793, 0.0019935190212, -0.00171569315717, 0.0125475646928, -0.0204011145979, 0.0352760776877, -0.0150734260678], [0.000382712722057, -0.00265863444656, -0.0071435123682, 0.00619032466784, -0.00216788123362, -0.0012672158191, 0.00276882201433, 0.000395212962758, -0.00182350771502, -0.00111664715223, 0.00882847048342, -0.0150734260678, 0.0331817939878]]
    spectral_contrast:
        mean: [1.89985343013e-07, -7.67694956494e-08, -1.70772921138e-07, 2.60627729176e-07, 2.14159626921e-07, 1.75177760298e-07, 3.32007130055e-06, 4.63404740003e-06, 2.66794950221e-06, 1.37746624773e-07, -6.74473596973e-07, -2.06420304494e-06]
        var: [0.0001588948071, 0.000529190700036, 0.000913527619559, 0.00201511336491, 0.00229506404139, 0.00468376511708, 0.0394054949284, 0.0688730478287, 0.0950930640101, 0.17192825675, 0.279126554728, 7.51767206192]

rhythm:
    beats_loudness:
        dmean: 0.000697445706464
        dmean2: 0.00130407011602
        dvar: 9.74287786448e-07
        dvar2: 2.65487074103e-06
        max: 0.00680099800229
        mean: 0.00140413455665
        min: 8.41850942379e-06
        var: 2.97780934488e-06
    beats_loudness_bass:
        dmean: 0.192777112126
        dmean2: 0.342336177826
        dvar: 0.0219002794474
        dvar2: 0.0516911000013
        max: 0.952803909779
        mean: 0.55100518465
        min: 0.0106198647991
        var: 0.0469585843384
    bpm: 148.770065308
    bpm_confidence: 0
    first_peak_bpm: 149
    first_peak_spread: 0
    first_peak_weight: 0.560000002384
    onset_rate: 0.722287714481
    second_peak_bpm: 185
    second_peak_spread: 0
    second_peak_weight: 0.40000000596
    beats_position: [0.208898469806, 0.612214922905, 1.01553142071, 1.41884791851, 1.82216441631, 2.22548103333, 2.62879753113, 3.03211379051, 3.4354300499, 3.83874630928, 4.24206256866, 4.64537906647, 5.04869556427, 5.45201158524, 5.85532808304, 6.29752111435, 6.62201738358, 6.94651412964, 7.27101039886, 7.59550714493, 7.92000341415, 8.24450016022, 8.56899642944, 8.89349365234, 9.21798992157, 9.5424861908]
    bpm_estimates: [149.093612671, 149.449905396, 147.766693115]
    bpm_intervals: [0.403316438198, 0.403316497803, 0.403316497803, 0.403316497803, 0.403316617012, 0.403316497803, 0.403316259384, 0.403316259384, 0.403316259384, 0.403316259384, 0.403316497803, 0.403316497803, 0.403316020966, 0.403316497803, 0.442193031311, 0.324496269226, 0.324496746063, 0.324496269226, 0.324496746063, 0.324496269226, 0.324496746063, 0.324496269226, 0.3244972229, 0.324496269226, 0.324496269226]
    onset_times: [0.0464399084449, 4.33052158356, 4.58594083786, 6.11845827103, 7.0356464386, 7.2910656929, 7.70902490616]
    rubato_start: [6.62201738358]
    rubato_stop: [9.5424861908]
    perceptual_tempo: "unknown"

sfx:
    inharmonicity:
        dmean: 0.019721435383
        dmean2: 0.0352899208665
        dvar: 0.0014916829532
        dvar2: 0.00397731224075
        max: 0.333046406507
        mean: 0.0145414117724
        min: 4.72719557365e-06
        var: 0.00118975283112
    oddtoevenharmonicenergyratio:
        dmean: 1.23172819614
        dmean2: 2.33435463905
        dvar: 26.7925376892
        dvar2: 78.0904693604
        max: 59.3273544312
        mean: 0.737902581692
        min: 1.26366558106e-05
        var: 14.8364458084
    pitch_after_max_to_before_max_energy_ratio: 1.49322378635
    pitch_centroid: 176.315322876
    pitch_max_to_total: 0.0956937819719
    pitch_min_to_total: 0.43301436305
    tristimulus:
        dmean: [0.218842297792, 0.211912721395, 0.0425272881985]
        dmean2: [0.377977669239, 0.359848380089, 0.0760062262416]
        dvar: [0.0335808135569, 0.028592640534, 0.00586608843878]
        dvar2: [0.0930325984955, 0.0833046138287, 0.0166545081884]
        max: [0.993353247643, 0.981078505516, 0.457033932209]
        mean: [0.706682622433, 0.249218314886, 0.0317689999938]
        min: [0.0133218001574, 0, 0]
        var: [0.0609958283603, 0.0505852811038, 0.00451563717797]

tonal:
    chords_changes_rate: 0.057416267693
    chords_number_rate: 0.0334928222001
    chords_strength:
        dmean: 0.00999326631427
        dmean2: 0.0109958639368
        dvar: 7.01059325365e-05
        dvar2: 7.00544187566e-05
        max: 0.636221706867
        mean: 0.462828874588
        min: 0.27710095048
        var: 0.0100720748305
    key_strength: 0.533788621426
    tuning_diatonic_strength: 0.363243758678
    tuning_equal_tempered_deviation: 0.257678508759
    tuning_frequency: 434.695007324
    tuning_nontempered_energy_ratio: 0.933720946312
    hpcp:
        dmean: [0.165327861905, 0.1599624753, 0.154610767961, 0.23283919692, 0.290877848864, 0.240830734372, 0.179496869445, 0.171180337667, 0.155461147428, 0.184462383389, 0.188846766949, 0.144438460469, 0.106926321983, 0.107299856842, 0.108862407506, 0.124249890447, 0.177344158292, 0.166148558259, 0.13506475091, 0.122378155589, 0.115397259593, 0.165196403861, 0.180490493774, 0.209801137447, 0.246269524097, 0.214779794216, 0.198892116547, 0.184886276722, 0.174383938313, 0.168845906854, 0.182030886412, 0.177923902869, 0.135749831796, 0.119037434459, 0.121660046279, 0.121279388666]
        dmean2: [0.304626852274, 0.288913279772, 0.285126626492, 0.427881717682, 0.530871808529, 0.43401107192, 0.327909320593, 0.313560843468, 0.281077980995, 0.334136366844, 0.337939888239, 0.272074997425, 0.195820704103, 0.195842370391, 0.192794635892, 0.224035874009, 0.316951334476, 0.290855199099, 0.242678582668, 0.216277271509, 0.214750647545, 0.296702921391, 0.314053803682, 0.383783429861, 0.441426932812, 0.384502440691, 0.363884955645, 0.337611287832, 0.31298956275, 0.288255572319, 0.315774530172, 0.318447083235, 0.242165029049, 0.225149050355, 0.231454282999, 0.22238907218]
        dvar: [0.0633642673492, 0.0581191144884, 0.0493606179953, 0.0769560039043, 0.0910903662443, 0.0735711306334, 0.0594442412257, 0.0625478029251, 0.0513821691275, 0.0801910832524, 0.0836814567447, 0.0680261179805, 0.0352756343782, 0.0301347393543, 0.0316153429449, 0.0330736786127, 0.0562605932355, 0.0604987554252, 0.0433060787618, 0.0413677357137, 0.0325445868075, 0.0447320565581, 0.0395909138024, 0.0556439124048, 0.068579852581, 0.0528018660843, 0.0630054846406, 0.0581814497709, 0.0540306046605, 0.0364749468863, 0.0484788268805, 0.0549749471247, 0.0421038717031, 0.0458768047392, 0.043552774936, 0.0384181886911]
        dvar2: [0.185259833932, 0.151406079531, 0.125138953328, 0.212396129966, 0.254452198744, 0.201619416475, 0.159530624747, 0.165867879987, 0.139091387391, 0.227863714099, 0.237986966968, 0.197902664542, 0.101450927556, 0.0822844281793, 0.0929368883371, 0.0954822748899, 0.154097229242, 0.160756349564, 0.109948240221, 0.118309013546, 0.0981001704931, 0.128067180514, 0.110689230263, 0.16255839169, 0.203089118004, 0.14378926158, 0.172711521387, 0.162087365985, 0.152974382043, 0.0978074520826, 0.121959254146, 0.152285963297, 0.122078113258, 0.132452651858, 0.119936063886, 0.103623785079]
        max: [1, 1, 1, 1, 1, 1, 1, 1, 1, 1, 1, 1, 1, 1, 1, 1, 1, 1, 1, 1, 1, 1, 1, 1, 1, 1, 1, 1, 1, 1, 1, 1, 1, 1, 1, 1]
        mean: [0.138570353389, 0.132298842072, 0.110782049596, 0.215481191874, 0.332693904638, 0.245324864984, 0.1514903754, 0.153538137674, 0.133259534836, 0.141346231103, 0.134179830551, 0.0915838852525, 0.0835549086332, 0.106597527862, 0.102202787995, 0.123241141438, 0.162145748734, 0.134884253144, 0.148285597563, 0.162593126297, 0.127563357353, 0.158222734928, 0.1886151582, 0.196314796805, 0.235400229692, 0.220985263586, 0.171024873853, 0.153794616461, 0.169805243611, 0.197522729635, 0.258476138115, 0.260336458683, 0.144908905029, 0.081917271018, 0.0898478329182, 0.106823787093]
        min: [0.000260470958892, 0.00019859499298, 0.000633174611721, 0.000329751579557, 0.000479665381135, 0.000364633830031, 0.00025232261396, 0.000209530509892, 7.12790642865e-05, 5.58312531211e-05, 6.78039286868e-05, 0.000100813114841, 0.000385214138078, 0.00039646026562, 0.000387649954064, 0.000414949841797, 0.000354981370037, 0.000377342134016, 0.000137918206747, 0.000382743193768, 0.00117379846051, 0.000263933470706, 0.000247239047894, 0.000159491901286, 0.000466028432129, 0.000272009463515, 0.000467795820441, 0.000200459879125, 0.000224981165957, 0.000678014243022, 0.000767151766922, 0.00033445097506, 0.000164802971995, 0.00017323406064, 0.000249121920206, 0.000260694912868]
        var: [0.0516457594931, 0.0547131039202, 0.0396946631372, 0.0723131075501, 0.121539019048, 0.0836344659328, 0.0487962029874, 0.0552994012833, 0.0509666614234, 0.0752483084798, 0.0670244470239, 0.0455915555358, 0.0247478652745, 0.0284142009914, 0.0259180273861, 0.0330110229552, 0.0563348866999, 0.0496808476746, 0.0569922737777, 0.0795124024153, 0.0367948971689, 0.0429594106972, 0.0530535951257, 0.0581148900092, 0.080906778574, 0.0693150237203, 0.0638354346156, 0.0548017956316, 0.0532865524292, 0.050647418946, 0.0741232559085, 0.0991084724665, 0.0405303612351, 0.0283627230674, 0.0350458025932, 0.0383965149522]
    chords_histogram: [26.7942581177, 0, 0.478468894958, 0, 15.3110046387, 0, 0, 2.87081336975, 0, 0.478468894958, 0.478468894958, 0, 0, 0, 0, 13.8755979538, 0, 0, 0, 0, 0, 7.65550231934, 15.7894735336, 16.2679424286]
    thpcp: [1, 0.737389147282, 0.455344617367, 0.46149969101, 0.400546967983, 0.424853682518, 0.403313159943, 0.275279730558, 0.251146495342, 0.320407211781, 0.307197660208, 0.370434015989, 0.487372159958, 0.405430495739, 0.445711791515, 0.488716870546, 0.383425593376, 0.475580513477, 0.566933035851, 0.590076327324, 0.707557976246, 0.664229989052, 0.514060735703, 0.462270617485, 0.51039481163, 0.593707084656, 0.776918768883, 0.782510459423, 0.435562252998, 0.24622413516, 0.270061552525, 0.321087300777, 0.416510045528, 0.397659361362, 0.332984894514, 0.647686004639]
    chords_key: "A#"
    chords_scale: "major"
    key_key: "A#"
    key_scale: "major"
    chords_progression: ["Gm", "Gm", "Gm", "Gm", "Gm", "Gm", "Gm", "Gm", "Gm", "Gm", "Gm", "Gm", "Gm", "Gm", "Gm", "Gm", "Gm", "Gm", "Gm", "Gm", "Gm", "Gm", "Gm", "Gm", "Gm", "Gm", "Gm", "Gm", "Gm", "Gm", "Gm", "Gm", "D#", "D#", "D#", "D#", "D#", "D#", "D#", "D#", "D#", "D#", "D#", "D#", "D#", "D#", "D#", "D#", "D#", "D#", "D#", "D#", "D#", "D#", "D#", "D#", "D#", "D#", "D#", "D#", "D#", "D#", "D#", "D#", "D#", "D#m", "D#m", "D#m", "D#m", "D#m", "D#m", "D#m", "D#m", "D#m", "D#m", "D#m", "D#m", "D#m", "D#m", "D#m", "D#m", "D#m", "D#m", "D#m", "D#m", "D#m", "D#m", "D#m", "D#m", "D#m", "D#m", "D#m", "D#m", "D#m", "A#", "A#", "A#", "A#", "A#", "A#", "A#", "A#", "A#", "A#", "A#", "A#", "A#", "A#", "A#", "A#", "A#", "A#", "A#", "A#", "A#", "A#", "A#", "A#", "A#", "A#", "A#", "A#", "A#", "A#", "A#", "A#", "A#", "A#", "A#", "A#", "A#", "A#", "A#", "A#", "A#", "A#", "A#", "A#", "A#", "A#", "A#", "A#", "A#", "A#", "A#", "A#", "A#", "A#", "A#", "A#", "Gm", "Gm", "Bm", "Bm", "Bm", "Bm", "Bm", "Bm", "F", "Cm", "Cm", "Cm", "Cm", "Cm", "Cm", "Cm", "Cm", "F#m", "A", "Cm", "Cm", "Cm", "Cm", "Cm", "Cm", "C", "C", "C", "C", "C", "C", "C", "C", "C", "C", "C", "C", "C", "C", "C", "C", "C", "C", "C", "C", "C", "C", "C", "C", "C", "C", "C", "C", "C", "C", "C", "C", "Cm", "Cm"]
