
metadata:
    version:
        essentia: "1.2.2"
    audio_properties:
        analysis_sample_rate: 44100
        bitrate: 128
        channels: 2
        equal_loudness: 1
        length: 10.0310201645
        replay_gain: -13.6863479614
        downmix: "mix"
    tags:
        track: 6
        year: 0
        album: "Splitted by Mp3Splt v. 2.1"
        artist: "From 000.50 To 001.00"
        comment: "http://mp3splt.sf.net"
        genre: ""
        title: "03 If You Want To.mp3"

highlevel:
    ballroom:
        all:
            ChaChaCha: 0.175642773509
            Jive: 0.357345938683
            Quickstep: 0.0618148744106
            Rumba-American: 0.00596681144089
            Rumba-International: 0.0333809517324
            Rumba-Misc: 0.00918695703149
            Samba: 0.332227677107
            Tango: 0.00234892498702
            VienneseWaltz: 0.0168165583163
            Waltz: 0.00526851415634
        probability: 0.357345938683
        value: "Jive"
    culture:
        all:
            non_western: 0.408577263355
            western: 0.591422736645
        probability: 0.591422736645
        value: "western"
    gender:
        all:
            female: 0.553776800632
            male: 0.446223199368
        probability: 0.553776800632
        value: "female"
    genre_dortmund:
        all:
            alternative: 0.0401978269219
            blues: 0.038439642638
            electronic: 0.0105263059959
            folkcountry: 0.135082155466
            funksoulrnb: 0.0637279450893
            jazz: 0.230588421226
            pop: 0.0919948592782
            raphiphop: 0.00265307398513
            rock: 0.386789768934
        probability: 0.386789768934
        value: "rock"
    genre_electronica:
        all:
            ambient: 0.231803074479
            dnb: 0.277760475874
            house: 0.0617997124791
            techno: 0.0107562113553
            trance: 0.417880535126
        probability: 0.417880535126
        value: "trance"
    genre_rosamerica:
        all:
            cla: 0.00973312463611
            dan: 0.0647080615163
            hip: 0.00718971947208
            jaz: 0.049884878099
            pop: 0.473550885916
            rhy: 0.041707765311
            roc: 0.349815428257
            spe: 0.00341013120487
        probability: 0.473550885916
        value: "pop"
    genre_tzanetakis:
        all:
            blu: 0.0035421771463
            cla: 0.00381584931165
            cou: 0.0475466512144
            dis: 0.0411949828267
            hip: 0.00329509028234
            jaz: 0.179329872131
            met: 0.0069690127857
            pop: 0.440076380968
            reg: 0.0367067307234
            roc: 0.237523257732
        probability: 0.440076380968
        value: "pop"
    live_studio:
        all:
            live: 0.782020032406
            studio: 0.217979937792
        probability: 0.782020032406
        value: "live"
    mood:
        all:
            Cluster1: 0.494828015566
            Cluster2: 0.229978263378
            Cluster3: 0.090663164854
            Cluster4: 0.0966165214777
            Cluster5: 0.0879140421748
        probability: 0.494828015566
        value: "Cluster1"
    mood_acoustic:
        all:
            acoustic: 0.215065822005
            not_acoustic: 0.784934163094
        probability: 0.784934163094
        value: "not_acoustic"
    mood_aggressive:
        all:
            aggressive: 0.049548573792
            not_aggressive: 0.950451433659
        probability: 0.950451433659
        value: "not_aggressive"
    mood_electronic:
        all:
            electronic: 0.242237001657
            not_electronic: 0.75776296854
        probability: 0.75776296854
        value: "not_electronic"
    mood_happy:
        all:
            happy: 0.719981491566
            not_happy: 0.280018508434
        probability: 0.719981491566
        value: "happy"
    mood_party:
        all:
            not_party: 0.699469387531
            party: 0.300530612469
        probability: 0.699469387531
        value: "not_party"
    mood_relaxed:
        all:
            not_relaxed: 0.733390390873
            relaxed: 0.266609609127
        probability: 0.733390390873
        value: "not_relaxed"
    mood_sad:
        all:
            not_sad: 0.417182892561
            sad: 0.582817137241
        probability: 0.582817137241
        value: "sad"
    rhythm:
        all:
            fast: 0.637547016144
            medium: 0.211954116821
            slow: 0.150498896837
        probability: 0.637547016144
        value: "fast"
    speech_music:
        all:
            music: 0.999603509903
            speech: 0.000396480987547
        probability: 0.999603509903
        value: "music"
    timbre:
        all:
            bright: 0.999995827675
            dark: 4.18320860263e-06
        probability: 0.999995827675
        value: "bright"
    voice_instrumental:
        all:
            instrumental: 0.0159795563668
            voice: 0.984020471573
        probability: 0.984020471573
        value: "voice"

lowlevel:
    average_loudness: 0.955490648746
    barkbands_kurtosis:
        dmean: 1.56489682198
        dmean2: 2.43349599838
        dvar: 37.8748092651
        dvar2: 68.2588882446
        max: 99.7871932983
        mean: 0.947912335396
        min: -1.77909946442
        var: 56.6103248596
    barkbands_skewness:
        dmean: 0.416561365128
        dmean2: 0.637579321861
        dvar: 0.321124345064
        dvar2: 0.571266651154
        max: 9.63056755066
        mean: 0.928658425808
        min: -0.997357070446
        var: 1.19388246536
    barkbands_spread:
        dmean: 4.90879583359
        dmean2: 7.59641456604
        dvar: 23.5699195862
        dvar2: 57.6869812012
        max: 55.6615333557
        mean: 31.4535598755
        min: 1.85516512394
        var: 120.511390686
    dissonance:
        dmean: 0.0215598959476
        dmean2: 0.0354394353926
        dvar: 0.000428623287007
        dvar2: 0.0012573429849
        max: 0.497366577387
        mean: 0.450160861015
        min: 0.267367511988
        var: 0.00143500871491
    hfc:
        dmean: 1.73008680344
        dmean2: 2.93851661682
        dvar: 9.16624546051
        dvar2: 25.0923461914
        max: 23.1771793365
        mean: 5.17635536194
        min: 5.79392235522e-06
        var: 13.1171503067
    pitch:
        dmean: 674.737365723
        dmean2: 1321.58996582
        dvar: 1774548.75
        dvar2: 4395005.5
        max: 4410
        mean: 859.632568359
        min: 98.4375
        var: 1865239.375
    pitch_instantaneous_confidence:
        dmean: 0.0749297067523
        dmean2: 0.118582837284
        dvar: 0.00479410076514
        dvar2: 0.011276865378
        max: 0.945814847946
        mean: 0.458449959755
        min: 0.181052744389
        var: 0.0255522932857
    pitch_salience:
        dmean: 0.0639861747622
        dmean2: 0.102436818182
        dvar: 0.00416277628392
        dvar2: 0.00996113475412
        max: 0.949366748333
        mean: 0.589310407639
        min: 0.167160898447
        var: 0.0103575726971
    silence_rate_20dB:
        dmean: 0
        dmean2: 0
        dvar: 0
        dvar2: 0
        max: 1
        mean: 1
        min: 1
        var: 0
    silence_rate_30dB:
        dmean: 0
        dmean2: 0
        dvar: 0
        dvar2: 0
        max: 1
        mean: 1
        min: 1
        var: 0
    silence_rate_60dB:
        dmean: 0.157407402992
        dmean2: 0.315545231104
        dvar: 0.132629871368
        dvar2: 0.234537914395
        max: 1
        mean: 0.498845279217
        min: 0
        var: 0.25
    spectral_centroid:
        dmean: 225.659835815
        dmean2: 352.405334473
        dvar: 49473.3867188
        dvar2: 118308.390625
        max: 2861.90087891
        mean: 1297.43701172
        min: 282.576049805
        var: 234907.46875
    spectral_complexity:
        dmean: 2.77262187004
        dmean2: 4.57441854477
        dvar: 11.3311214447
        dvar2: 28.8491134644
        max: 31
        mean: 11.2430553436
        min: 0
        var: 26.1654415131
    spectral_crest:
        dmean: 2.2385289669
        dmean2: 3.707218647
        dvar: 6.10075092316
        dvar2: 15.9339551926
        max: 25.8820514679
        mean: 8.59218978882
        min: 3.37718701363
        var: 16.5703430176
    spectral_decrease:
        dmean: 3.74717062934e-10
        dmean2: 6.25436424873e-10
        dvar: 4.53386534233e-19
        dvar2: 1.24945062839e-18
        max: -4.87683719244e-16
        mean: -9.72547042899e-10
        min: -5.12803177699e-09
        var: 4.80206004439e-19
    spectral_energy:
        dmean: 0.00155078026
        dmean2: 0.00258413585834
        dvar: 7.71856957726e-06
        dvar2: 2.13217972487e-05
        max: 0.0214566197246
        mean: 0.00414012605324
        min: 2.36615793625e-09
        var: 8.24355356599e-06
    spectral_energyband_high:
        dmean: 0.00015891023213
        dmean2: 0.000268756004516
        dvar: 7.89367220477e-08
        dvar2: 2.15925140878e-07
        max: 0.00227881735191
        mean: 0.000341143429978
        min: 4.09296319059e-10
        var: 9.15572755389e-08
    spectral_energyband_low:
        dmean: 0.00013998929353
        dmean2: 0.000245847913902
        dvar: 7.42460670722e-08
        dvar2: 2.0818556834e-07
        max: 0.00225390540436
        mean: 0.000240892259171
        min: 9.23175494383e-11
        var: 6.77070204347e-08
    spectral_energyband_middle_high:
        dmean: 0.000373187329387
        dmean2: 0.000603502383456
        dvar: 2.70535110758e-07
        dvar2: 6.97844939168e-07
        max: 0.00528983864933
        mean: 0.00116092024837
        min: 1.50103673935e-09
        var: 1.05552089735e-06
    spectral_energyband_middle_low:
        dmean: 0.00117631943431
        dmean2: 0.00199434696697
        dvar: 5.07987533638e-06
        dvar2: 1.39649946505e-05
        max: 0.0156454406679
        mean: 0.00239716446958
        min: 3.38435751646e-10
        var: 5.58400961381e-06
    spectral_flatness_db:
        dmean: 0.0161336231977
        dmean2: 0.0257443767041
        dvar: 0.00027780624805
        dvar2: 0.00061640056083
        max: 0.359296351671
        mean: 0.149127572775
        min: 0.0358743481338
        var: 0.0017223325558
    spectral_flux:
        dmean: 0.010314415209
        dmean2: 0.016047552228
        dvar: 0.00024397346715
        dvar2: 0.000440708972747
        max: 0.12463901937
        mean: 0.0336257405579
        min: 4.8643170885e-05
        var: 0.00039448949974
    spectral_kurtosis:
        dmean: 0.655498862267
        dmean2: 1.08743572235
        dvar: 0.429962873459
        dvar2: 0.915808081627
        max: 9.38901996613
        mean: 2.49421906471
        min: -0.470274209976
        var: 1.287555933
    spectral_rms:
        dmean: 0.000321954139508
        dmean2: 0.000512762751896
        dvar: 2.31788831684e-07
        dvar2: 6.16157421973e-07
        max: 0.00457529118285
        mean: 0.00192152906675
        min: 1.51935739723e-06
        var: 3.4688051187e-07
    spectral_rolloff:
        dmean: 554.117553711
        dmean2: 936.143554688
        dvar: 432332
        dvar2: 997034.1875
        max: 4909.5703125
        mean: 2769.85498047
        min: 258.3984375
        var: 1495985.75
    spectral_skewness:
        dmean: 0.137221515179
        dmean2: 0.224401682615
        dvar: 0.0223004128784
        dvar2: 0.0468167774379
        max: 2.41401076317
        mean: 1.30229616165
        min: 0.734306514263
        var: 0.0585099421442
    spectral_spread:
        dmean: 483016.4375
        dmean2: 708782.6875
        dvar: 1.22022028902e+12
        dvar2: 1.36178211226e+12
        max: 26811438
        mean: 5921865.5
        min: 3626804
        var: 2.3926383575e+12
    spectral_strongpeak:
        dmean: 0.262915551662
        dmean2: 0.453784435987
        dvar: 0.145447030663
        dvar2: 0.390535742044
        max: 2.89498353004
        mean: 0.557545900345
        min: 6.17718178546e-05
        var: 0.306630253792
    zerocrossingrate:
        dmean: 0.00872222147882
        dmean2: 0.010719477199
        dvar: 6.83265534462e-05
        dvar2: 8.15663152025e-05
        max: 0.15087890625
        mean: 0.0818639695644
        min: 0.01416015625
        var: 0.000586382346228
    barkbands:
        dmean: [4.28740804637e-07, 6.84136393829e-05, 8.93044125405e-05, 0.000145461934153, 0.00071473029675, 0.00029627486947, 8.51110016811e-05, 0.000142032862641, 0.000190452672541, 0.000102430945844, 2.90695206786e-05, 3.46440756402e-05, 7.14186826372e-05, 1.80481620191e-05, 2.13089624594e-05, 4.10142201872e-05, 6.67585773044e-05, 5.39910543012e-05, 0.000159594215802, 0.00012240439537, 7.79916153988e-05, 2.19868106797e-05, 4.31773560194e-06, 1.29087140976e-06, 1.08836673007e-06, 3.8680877168e-08, 3.57308155285e-10]
        dmean2: [6.66689913942e-07, 0.000121036311612, 0.000156971014803, 0.000250544428127, 0.00126156618353, 0.000467364880024, 0.000137886425364, 0.000221909474931, 0.000319521932397, 0.00014747059322, 4.64275035483e-05, 4.95690801472e-05, 0.000132089218823, 3.0231241908e-05, 3.50899099431e-05, 6.49389112368e-05, 0.00010869702237, 8.92921016202e-05, 0.000277335377177, 0.000200854628929, 0.000137294409797, 3.8504920667e-05, 6.86087469148e-06, 2.16306170842e-06, 1.73716944118e-06, 6.07494214933e-08, 5.65185231949e-10]
        dvar: [1.01859222012e-12, 2.64321133869e-08, 2.34613999339e-08, 5.49864473953e-08, 2.77682784144e-06, 4.29251116429e-07, 1.42954545979e-08, 7.37508614179e-08, 4.677777099e-07, 5.28184287418e-08, 2.95503688186e-09, 4.45771686231e-09, 8.19620922243e-08, 9.76653091733e-10, 1.20340326593e-09, 2.43089837149e-09, 7.69789654242e-09, 6.27433260902e-09, 6.02547416406e-08, 2.52719267735e-08, 2.75767533253e-08, 1.65777702676e-09, 8.73094860299e-11, 1.01807355948e-11, 3.87015636552e-12, 9.15379951065e-15, 4.37163133937e-18]
        dvar2: [2.2758945336e-12, 7.30871150267e-08, 6.81910634626e-08, 1.51400641357e-07, 7.78705998528e-06, 9.76643377726e-07, 3.05097387354e-08, 2.07247452977e-07, 1.37014080792e-06, 1.14529107975e-07, 6.61674759428e-09, 7.74275576987e-09, 2.73060152267e-07, 2.47619857952e-09, 3.03393155043e-09, 5.31392174707e-09, 1.79250516652e-08, 1.69566813923e-08, 1.64115647294e-07, 6.69238460205e-08, 7.82203741778e-08, 4.24854862402e-09, 1.81598028282e-10, 2.18592314388e-11, 9.06905540249e-12, 2.10922808218e-14, 4.49864823115e-18]
        max: [6.21725257588e-06, 0.000977901974693, 0.00144135626033, 0.00179945549462, 0.0107389669865, 0.00730187771842, 0.00217813532799, 0.00357600976713, 0.00770865846425, 0.00308522069827, 0.0006232446176, 0.00122921331786, 0.00340482615866, 0.000414168287534, 0.000459346745629, 0.000568964576814, 0.00110130012035, 0.000643307866994, 0.00187335035298, 0.00136516580824, 0.00133146473672, 0.000279344676528, 0.00014259168529, 5.11606158398e-05, 3.11748226522e-05, 1.78959885488e-06, 4.33011067003e-08]
        mean: [4.3467400701e-07, 7.52669293433e-05, 0.000165202247445, 0.000215124207898, 0.000868424249347, 0.000488751451485, 0.000179535069037, 0.000308344518999, 0.000314449367579, 0.000192746549146, 4.62797470391e-05, 6.93918700563e-05, 0.000132416345878, 2.82540368062e-05, 3.90031673305e-05, 8.08097611298e-05, 0.000129470208776, 8.54659665492e-05, 0.000279865897028, 0.000254791899351, 0.00013176057837, 3.88783009839e-05, 9.47593343881e-06, 3.29965541823e-06, 2.61697323367e-06, 7.25657542944e-08, 3.48608308887e-10]
        min: [6.22293362673e-12, 4.96943666772e-11, 2.29300016474e-11, 1.67960020891e-11, 3.52344438348e-11, 4.83088118119e-11, 7.13125322682e-11, 8.95801627321e-11, 7.58814538981e-11, 9.66550277315e-12, 3.53961443489e-11, 8.46503908636e-11, 4.95476770723e-10, 3.36679850665e-10, 6.3412511353e-11, 1.07416249506e-10, 1.33998548368e-10, 8.17760859029e-11, 1.39999359328e-10, 2.43116377724e-11, 8.48562539679e-11, 1.81632833773e-10, 7.00651411889e-11, 2.62085891184e-11, 1.23221328974e-11, 1.18738300442e-11, 4.27023528842e-14]
        var: [1.05259865494e-12, 1.89446396348e-08, 2.69994426816e-08, 6.42072208734e-08, 1.97551662495e-06, 1.05320111743e-06, 4.92344227609e-08, 1.05929991889e-07, 1.13556438919e-06, 1.41546237842e-07, 4.85333329081e-09, 1.71053127218e-08, 2.03980675906e-07, 1.4571716056e-09, 2.0760884123e-09, 5.92334359339e-09, 2.38516371098e-08, 8.91253115753e-09, 7.15768777582e-08, 4.78883279698e-08, 2.33394050753e-08, 1.94617744143e-09, 1.45582129685e-10, 1.5957134919e-11, 1.00197706035e-11, 1.16102526559e-14, 4.38361222336e-18]
    mfcc:
        mean: [-713.516845703, 103.544563293, -23.2175731659, 50.5830535889, -25.5353374481, -9.67459487915, -0.865037620068, -9.18773365021, -1.63333117962, -5.69049072266, -8.24992752075, -7.54632043839, -0.558388113976]
        cov: [[2519.02001953, -9.42449951172, -204.964233398, 376.65045166, 155.077850342, 124.443061829, 87.4860534668, 79.3498916626, 92.0072631836, 83.6840896606, 46.2110786438, 59.4110984802, -34.3641548157], [-9.42449951172, 447.670288086, 50.2367401123, 231.514175415, 62.1196784973, -2.85601854324, 35.1835975647, 33.1575927734, 116.252990723, 56.6629257202, -18.051235199, 47.2775764465, 63.0570678711], [-204.964233398, 50.2367401123, 244.422363281, 3.77015566826, -61.5357017517, -21.5776081085, -49.8936691284, -31.5769195557, -0.0236376523972, -42.452960968, -25.1844062805, -1.80481243134, 14.1246013641], [376.65045166, 231.514175415, 3.77015566826, 450.477233887, 198.50088501, 67.6720581055, -17.4100494385, 43.0064849854, 139.229293823, 59.2109375, 6.96449232101, 94.1070556641, 42.6064834595], [155.077850342, 62.1196784973, -61.5357017517, 198.50088501, 168.578201294, 45.5234222412, -17.7798309326, 25.2559776306, 78.2602615356, 44.7534408569, 22.9537086487, 49.0114974976, 10.4900588989], [124.443061829, -2.85601854324, -21.5776081085, 67.6720581055, 45.5234222412, 102.941223145, 42.7875938416, 26.240436554, 10.6385612488, 12.8278436661, 18.8016700745, 29.2551383972, 18.3066062927], [87.4860534668, 35.1835975647, -49.8936691284, -17.4100494385, -17.7798309326, 42.7875938416, 151.670211792, 49.6928253174, -7.81433963776, 23.5290145874, 8.38335609436, 3.28380870819, 22.1273784637], [79.3498916626, 33.1575927734, -31.5769195557, 43.0064849854, 25.2559776306, 26.240436554, 49.6928253174, 88.762260437, 49.8390693665, 20.8200435638, 7.28349781036, 17.3537521362, 19.7037410736], [92.0072631836, 116.252990723, -0.0236376523972, 139.229293823, 78.2602615356, 10.6385612488, -7.81433963776, 49.8390693665, 152.67137146, 71.2265014648, 12.1005859375, 47.3711090088, 28.9996814728], [83.6840896606, 56.6629257202, -42.452960968, 59.2109375, 44.7534408569, 12.8278436661, 23.5290145874, 20.8200435638, 71.2265014648, 105.006942749, 33.7034721375, 26.1193828583, 8.94900226593], [46.2110786438, -18.051235199, -25.1844062805, 6.96449232101, 22.9537086487, 18.8016700745, 8.38335609436, 7.28349781036, 12.1005859375, 33.7034721375, 61.6750335693, 14.3337574005, -16.3360347748], [59.4110984802, 47.2775764465, -1.80481243134, 94.1070556641, 49.0114974976, 29.2551383972, 3.28380870819, 17.3537521362, 47.3711090088, 26.1193828583, 14.3337574005, 88.7516021729, 40.3801574707], [-34.3641548157, 63.0570678711, 14.1246013641, 42.6064834595, 10.4900588989, 18.3066062927, 22.1273784637, 19.7037410736, 28.9996814728, 8.94900226593, -16.3360347748, 40.3801574707, 83.625]]
        icov: [[0.000570028088987, 0.000356188771548, 0.00050067785196, -0.000950323825236, 0.000747433747165, -0.000232461083215, -0.000287381495582, 3.9907223254e-05, -0.000223184921197, -3.49849797203e-05, -1.184978737e-05, 4.06114450016e-05, 0.000448262115242], [0.000356188771548, 0.00448945211247, -0.000343128340319, -0.00310921249911, 0.00145874719601, 0.00189885706641, -0.00222112704068, 0.000954866758548, -0.00184514163993, -0.000619505881332, 0.000428209285019, 0.000892487936653, -0.00147389154881], [0.00050067785196, -0.000343128340319, 0.00698276935145, -0.00227759662084, 0.00564701063558, -0.00127330690157, 0.00175964762457, 0.00196340354159, -0.00251600588672, 0.00282966392115, -0.000791996833868, 0.000155406087288, -0.000572429853491], [-0.000950323825236, -0.00310921249911, -0.00227759662084, 0.00932806823403, -0.00850491877645, -0.00182227429468, 0.00109466246795, -0.00064469256904, -0.000299277715385, 6.55137409922e-05, 0.002401413396, -0.00291259493679, 0.000886405003257], [0.000747433747165, 0.00145874719601, 0.00564701063558, -0.00850491877645, 0.0201209131628, -0.00363426748663, 0.00301157007925, 0.000864429282956, -0.00401986017823, 0.000367909262422, -0.00295002991334, -0.000146038073581, 0.000706510210875], [-0.000232461083215, 0.00189885706641, -0.00127330690157, -0.00182227429468, -0.00363426748663, 0.016171997413, -0.00492904428393, -0.00125023117289, 0.00202954374254, 0.000979708391242, -0.00367940287106, -0.00138203112874, -0.00272947619669], [-0.000287381495582, -0.00222112704068, 0.00175964762457, 0.00109466246795, 0.00301157007925, -0.00492904428393, 0.0130524151027, -0.00688492739573, 0.00451781274751, -0.00382681842893, 0.000155376386829, 0.000606089131907, -0.00184790359344], [3.9907223254e-05, 0.000954866758548, 0.00196340354159, -0.00064469256904, 0.000864429282956, -0.00125023117289, -0.00688492739573, 0.0204592831433, -0.00975689198822, 0.00491070048884, -0.00174699467607, 0.00113752193283, -0.00157291209325], [-0.000223184921197, -0.00184514163993, -0.00251600588672, -0.000299277715385, -0.00401986017823, 0.00202954374254, 0.00451781274751, -0.00975689198822, 0.0193391107023, -0.0104452306405, 0.00232245144434, -0.00253795669414, -0.00086897588335], [-3.49849797203e-05, -0.000619505881332, 0.00282966392115, 6.55137409922e-05, 0.000367909262422, 0.000979708391242, -0.00382681842893, 0.00491070048884, -0.0104452306405, 0.0205728467554, -0.00907511077821, 0.000453964981716, -0.00103502592538], [-1.184978737e-05, 0.000428209285019, -0.000791996833868, 0.002401413396, -0.00295002991334, -0.00367940287106, 0.000155376386829, -0.00174699467607, 0.00232245144434, -0.00907511077821, 0.026372063905, -0.00629330379888, 0.00848492700607], [4.06114450016e-05, 0.000892487936653, 0.000155406087288, -0.00291259493679, -0.000146038073581, -0.00138203112874, 0.000606089131907, 0.00113752193283, -0.00253795669414, 0.000453964981716, -0.00629330379888, 0.0208257455379, -0.00976013299078], [0.000448262115242, -0.00147389154881, -0.000572429853491, 0.000886405003257, 0.000706510210875, -0.00272947619669, -0.00184790359344, -0.00157291209325, -0.00086897588335, -0.00103502592538, 0.00848492700607, -0.00976013299078, 0.0210497826338]]
    spectral_contrast:
        mean: [2.24491856216e-07, 2.80048908508e-07, -2.51301884191e-07, -1.47342987589e-07, 5.82637142088e-07, -4.32789050819e-07, -1.00737190678e-06, -2.97389397019e-06, 2.8598847166e-06, -1.85505655281e-07, 5.91569187236e-06, 1.26142469981e-06]
        var: [0.000310963019729, 0.000611333933193, 0.00145588396117, 0.00219492707402, 0.00497451098636, 0.00598387001082, 0.0456303693354, 0.0988600924611, 0.136105537415, 0.171586632729, 0.42034471035, 2.15257549286]

rhythm:
    beats_loudness:
        dmean: 0.00135262589902
        dmean2: 0.00240285578184
        dvar: 1.58201555678e-06
        dvar2: 4.36556729255e-06
        max: 0.0094743706286
        mean: 0.00533362105489
        min: 0.00331121985801
        var: 1.74856484136e-06
    beats_loudness_bass:
        dmean: 0.0865456014872
        dmean2: 0.174005329609
        dvar: 0.00249704974703
        dvar2: 0.00627548154444
        max: 0.19143871963
        mean: 0.0813730508089
        min: 0.000395368260797
        var: 0.00333667872474
    bpm: 125.717674255
    bpm_confidence: 0
    first_peak_bpm: 126
    first_peak_spread: 0
    first_peak_weight: 0.947368443012
    onset_rate: 3.68855810165
    second_peak_bpm: 120
    second_peak_spread: 0
    second_peak_weight: 0.0526315793395
    beats_position: [0.493347704411, 0.971263289452, 1.44917881489, 1.92709445953, 2.40500998497, 2.88292574883, 3.36084103584, 3.83875656128, 4.31667232513, 4.79458808899, 5.27250337601, 5.75041913986, 6.25006437302, 6.72697210312, 7.20387935638, 7.68078708649, 8.15769481659, 8.63460254669, 9.11151027679, 9.58841705322]
    bpm_estimates: [125.305877686, 125.651397705, 125.64225769, 125.281806946, 125.631797791, 125.759513855, 125.966911316, 125.741539001, 126.044425964, 126.179107666, 126.478248596, 126.032325745, 125.38168335, 125.506019592, 125.777374268, 125.745796204, 125.074386597]
    bpm_intervals: [0.477915585041, 0.477915525436, 0.477915644646, 0.477915525436, 0.477915763855, 0.477915287018, 0.477915525436, 0.477915763855, 0.477915763855, 0.477915287018, 0.477915763855, 0.499645233154, 0.476907730103, 0.476907253265, 0.476907730103, 0.476907730103, 0.476907730103, 0.476907730103, 0.476906776428]
    onset_times: [0.0580498874187, 0.476009070873, 0.731428563595, 0.882358253002, 1.43963718414, 1.70666670799, 2.17106580734, 2.41487526894, 2.63546490669, 2.87927436829, 3.13469386101, 3.3785033226, 3.83129262924, 4.09832191467, 4.26086187363, 4.33052158356, 4.81814050674, 5.05034017563, 5.28253984451, 5.53795909882, 5.7701587677, 6.03718805313, 6.24616765976, 6.72217702866, 6.96598625183, 7.19818592072, 7.44199562073, 7.67419481277, 7.94122457504, 8.16181373596, 8.44045352936, 8.63782310486, 8.88163280487, 9.11383247375, 9.35764217377, 9.6014509201, 9.84526062012]
    rubato_start: []
    rubato_stop: []
    perceptual_tempo: "unknown"

sfx:
    inharmonicity:
        dmean: 0.047704976052
        dmean2: 0.0863703787327
        dvar: 0.00307349674404
        dvar2: 0.00918478518724
        max: 0.347084343433
        mean: 0.048922970891
        min: 0.000216997039388
        var: 0.00258838688023
    oddtoevenharmonicenergyratio:
        dmean: 2.73966145515
        dmean2: 5.15170669556
        dvar: 35.9542236328
        dvar2: 106.517669678
        max: 36.7437973022
        mean: 1.85393762589
        min: 0.00033823758713
        var: 21.4581661224
    pitch_after_max_to_before_max_energy_ratio: 0.0827407762408
    pitch_centroid: 219.026641846
    pitch_max_to_total: 0.958333313465
    pitch_min_to_total: 0.675925910473
    tristimulus:
        dmean: [0.210492745042, 0.238085076213, 0.134799987078]
        dmean2: [0.373922199011, 0.424105226994, 0.241719573736]
        dvar: [0.0321781300008, 0.0411227121949, 0.0165497735143]
        dvar2: [0.0935235321522, 0.120727568865, 0.0478364415467]
        max: [0.925689637661, 0.979807674885, 0.666280686855]
        mean: [0.341377407312, 0.46241492033, 0.155751124024]
        min: [0.0122245838866, 0, 0]
        var: [0.0424784645438, 0.0530370548368, 0.0191188380122]

tonal:
    chords_changes_rate: 0.074074074626
    chords_number_rate: 0.0231481473893
    chords_strength:
        dmean: 0.00825995299965
        dmean2: 0.00651621166617
        dvar: 4.11381479353e-05
        dvar2: 5.27317533852e-05
        max: 0.676358640194
        mean: 0.478169471025
        min: 0.318528622389
        var: 0.00748019199818
    key_strength: 0.852988183498
    tuning_diatonic_strength: 0.647250831127
    tuning_equal_tempered_deviation: 0.0427152477205
    tuning_frequency: 443.060424805
    tuning_nontempered_energy_ratio: 0.642945051193
    hpcp:
        dmean: [0.150970160961, 0.108397781849, 0.0692148432136, 0.0511084459722, 0.0607332587242, 0.092634446919, 0.11035797745, 0.127403095365, 0.135947182775, 0.125965476036, 0.0957275554538, 0.0679821148515, 0.0680573731661, 0.0832473188639, 0.167498424649, 0.214421451092, 0.166873678565, 0.0963997915387, 0.0702394843102, 0.0858485028148, 0.0992096662521, 0.105672612786, 0.0806879326701, 0.0499497540295, 0.04931178689, 0.065597243607, 0.103863827884, 0.114102013409, 0.13874386251, 0.171229958534, 0.141379714012, 0.109268136322, 0.0928676947951, 0.0759535059333, 0.0994742512703, 0.134267315269]
        dmean2: [0.25079742074, 0.190596804023, 0.118418872356, 0.0855781286955, 0.0990868508816, 0.152065709233, 0.177562192082, 0.210699275136, 0.234860911965, 0.212125688791, 0.159115314484, 0.11655832082, 0.116152592003, 0.145955145359, 0.281056046486, 0.358899444342, 0.283473461866, 0.165340512991, 0.120836518705, 0.150724172592, 0.167327135801, 0.171702891588, 0.140089049935, 0.0922598913312, 0.0861702486873, 0.117272876203, 0.17949013412, 0.189147666097, 0.245702072978, 0.308020144701, 0.23345823586, 0.183990761638, 0.16349157691, 0.127458497882, 0.164450973272, 0.215895459056]
        dvar: [0.037609025836, 0.0297192446887, 0.0209472905844, 0.00586412195116, 0.0100684789941, 0.0224438309669, 0.0330087319016, 0.0220668464899, 0.0299866739661, 0.0384968966246, 0.0169835370034, 0.0123210260645, 0.0148166557774, 0.0215872433037, 0.0373969338834, 0.0543702244759, 0.0397327654064, 0.0275701824576, 0.0192258749157, 0.035317402333, 0.0299766082317, 0.0343195721507, 0.0219329819083, 0.0155476881191, 0.0214023850858, 0.0236648507416, 0.0294266939163, 0.0305630378425, 0.0333527140319, 0.0498635433614, 0.0389845855534, 0.0165129043162, 0.0259215347469, 0.0180294178426, 0.0238399486989, 0.0361096523702]
        dvar2: [0.0835350975394, 0.0716506242752, 0.0539981462061, 0.0159810502082, 0.0256630647928, 0.057299438864, 0.0658240020275, 0.0536885783076, 0.0858906060457, 0.0904643312097, 0.0423754565418, 0.0304591301829, 0.0384178459644, 0.0599964931607, 0.0913997963071, 0.14467702806, 0.105191901326, 0.0706349685788, 0.0523011572659, 0.0890971943736, 0.0775237008929, 0.0828414708376, 0.0625651553273, 0.0370908789337, 0.0574878975749, 0.0617635138333, 0.0699022337794, 0.0765774920583, 0.092575237155, 0.152763858438, 0.10214728862, 0.0451963543892, 0.0704918652773, 0.0438580662012, 0.0603254474699, 0.0914082229137]
        max: [1, 1, 1, 0.578686177731, 0.958251535892, 1, 1, 1, 1, 1, 0.858507990837, 0.967965900898, 0.965483009815, 1, 1, 1, 1, 1, 1, 1, 1, 1, 1, 1, 1, 1, 1, 1, 1, 1, 1, 0.926342368126, 1, 1, 1, 1]
        mean: [0.283884733915, 0.17032045126, 0.0763831213117, 0.0664024502039, 0.0819087699056, 0.181193828583, 0.264090031385, 0.211254820228, 0.231480672956, 0.276966929436, 0.173893794417, 0.0961555093527, 0.0896930545568, 0.0930939018726, 0.33583509922, 0.573787152767, 0.353033781052, 0.107918068767, 0.0735897421837, 0.0776238888502, 0.142133593559, 0.167422950268, 0.0963228642941, 0.0456464067101, 0.0433248691261, 0.0561420060694, 0.143289387226, 0.194446563721, 0.158819943666, 0.237262710929, 0.277425140142, 0.178063035011, 0.121233850718, 0.108217656612, 0.122208483517, 0.226632386446]
        min: [0.000500929425471, 0.00117046351079, 0.00109413499013, 0.000812238664366, 0.000477852678159, 0.000845156027935, 0.000681863981299, 0.000258544663666, 0.000104766862933, 0.000113565554784, 0.000134755464387, 0.000167203499586, 0.000142213408253, 0.000313726661261, 9.37001677812e-05, 0.000212764265598, 0.000529298151378, 0.000526944524609, 0.000388324027881, 0.000248366006417, 0.000203985327971, 0.000549315591343, 0.00073010061169, 5.96880636294e-05, 2.07087759918e-05, 5.89562914683e-05, 8.22202055133e-05, 0.000266555784037, 0.000482580158859, 0.000480922491988, 0.000288871640805, 0.000384465878597, 0.00058755063219, 0.000773878709879, 0.000561038206797, 0.000267253635684]
        var: [0.0817653760314, 0.035964731127, 0.0175286922604, 0.00646930141374, 0.0118892975152, 0.0450903959572, 0.104211561382, 0.0441865175962, 0.0530770309269, 0.104038633406, 0.0385480932891, 0.0149575788528, 0.0171997677535, 0.0207220353186, 0.0579862445593, 0.11875038594, 0.056880928576, 0.0262663476169, 0.0144269894809, 0.0334696918726, 0.0614230595529, 0.068432316184, 0.0229124799371, 0.0139545416459, 0.0163750499487, 0.0190644003451, 0.0453014150262, 0.0663979649544, 0.0388609655201, 0.075168132782, 0.091368816793, 0.0294729154557, 0.0298234224319, 0.028020940721, 0.0341386981308, 0.0624014921486]
    chords_histogram: [66.203704834, 10.6481485367, 8.33333301544, 0, 0, 0, 11.1111106873, 0, 0, 0, 0, 0, 0, 0, 0, 0, 0, 3.70370364189, 0, 0, 0, 0, 0, 0]
    thpcp: [1, 0.615269601345, 0.188080310822, 0.12825268507, 0.13528342545, 0.247711360455, 0.291785806417, 0.16787211597, 0.0795528590679, 0.0755068659782, 0.0978446528316, 0.249725684524, 0.338882744312, 0.276792436838, 0.413502991199, 0.483498334885, 0.310329407454, 0.211287140846, 0.188602432609, 0.212985739112, 0.39497640729, 0.494756162167, 0.29683560133, 0.13312099874, 0.115726627409, 0.142751142383, 0.31578579545, 0.460257828236, 0.368176281452, 0.403426021338, 0.482699781656, 0.303063243628, 0.167580455542, 0.156317636371, 0.162244662642, 0.58529561758]
    chords_key: "G"
    chords_scale: "major"
    key_key: "G"
    key_scale: "major"
    chords_progression: ["E", "E", "E", "E", "E", "E", "E", "E", "E", "E", "E", "E", "E", "E", "E", "E", "E", "E", "E", "E", "E", "E", "E", "E", "D", "D", "D", "D", "D", "D", "G", "D", "G", "G", "G", "G", "G", "G", "G", "G", "G", "G", "G", "G", "G", "G", "G", "G", "G", "G", "G", "G", "G", "G", "G", "G", "G", "G", "G", "G", "G", "G", "Bm", "Bm", "Bm", "Bm", "G", "G", "G", "G", "G", "G", "G", "G", "G", "G", "G", "D", "D", "G", "G", "D", "G", "G", "D", "D", "D", "D", "D", "D", "D", "Gm", "Gm", "Gm", "Gm", "Gm", "Gm", "Gm", "Gm", "G", "G", "G", "G", "G", "G", "G", "G", "G", "G", "G", "G", "G", "G", "G", "G", "G", "G", "G", "G", "G", "G", "G", "G", "G", "G", "G", "G", "G", "G", "G", "G", "G", "G", "G", "G", "G", "G", "G", "G", "G", "G", "G", "G", "G", "G", "G", "G", "G", "G", "G", "G", "G", "G", "G", "G", "G", "G", "G", "G", "G", "G", "G", "G", "G", "G", "G", "G", "G", "G", "G", "G", "G", "G", "G", "G", "G", "G", "G", "G", "G", "G", "G", "G", "G", "G", "G", "G", "D", "G", "G", "G", "G", "G", "G", "G", "G", "G", "Bm", "Bm", "Bm", "Bm", "Bm", "Bm", "Bm", "Bm", "Bm", "Bm", "Bm", "Bm", "Bm", "Bm", "Bm", "Bm", "Bm", "Bm", "Bm"]
