
metadata:
    version:
        essentia: "1.2.2"
    audio_properties:
        analysis_sample_rate: 44100
        bitrate: 128
        channels: 2
        equal_loudness: 1
        length: 10.0832653046
        replay_gain: -10.5967884064
        downmix: "mix"
    tags:
        track: 13
        year: 0
        album: "Splitted by Mp3Splt v. 2.1"
        artist: "From 002.00 To 002.10"
        comment: "http://mp3splt.sf.net"
        genre: ""
        title: "04 I Can't Stop.mp3"

highlevel:
    ballroom:
        all:
            ChaChaCha: 0.0675572454929
            Jive: 0.812889695168
            Quickstep: 0.0361290834844
            Rumba-American: 0.000866094778758
            Rumba-International: 0.00134840549435
            Rumba-Misc: 0.000737530994229
            Samba: 0.0660808011889
            Tango: 0.0011701406911
            VienneseWaltz: 0.012097527273
            Waltz: 0.00112349039409
        probability: 0.812889695168
        value: "Jive"
    culture:
        all:
            non_western: 0.17770844698
            western: 0.82229155302
        probability: 0.82229155302
        value: "western"
    gender:
        all:
            female: 1.10735927592e-05
            male: 0.999988913536
        probability: 0.999988913536
        value: "male"
    genre_dortmund:
        all:
            alternative: 0.0792131349444
            blues: 0.0603974461555
            electronic: 0.0284403506666
            folkcountry: 0.220775350928
            funksoulrnb: 0.0362586192787
            jazz: 0.0207506008446
            pop: 0.0926856845617
            raphiphop: 0.00694277510047
            rock: 0.454536020756
        probability: 0.454536020756
        value: "rock"
    genre_electronica:
        all:
            ambient: 0.163109794259
            dnb: 0.0858869180083
            house: 0.0207672901452
            techno: 0.0230589397252
            trance: 0.707177042961
        probability: 0.707177042961
        value: "trance"
    genre_rosamerica:
        all:
            cla: 0.0133626656607
            dan: 0.0593048892915
            hip: 0.00865617208183
            jaz: 0.00205520121381
            pop: 0.194630160928
            rhy: 0.0136229172349
            roc: 0.70680552721
            spe: 0.00156248884741
        probability: 0.70680552721
        value: "roc"
    genre_tzanetakis:
        all:
            blu: 0.0027067665942
            cla: 0.00456904945895
            cou: 0.275756150484
            dis: 0.132928982377
            hip: 0.006330891978
            jaz: 0.00740430084988
            met: 0.0430331081152
            pop: 0.051256403327
            reg: 0.00496563035995
            roc: 0.471048742533
        probability: 0.471048742533
        value: "roc"
    live_studio:
        all:
            live: 0.279764264822
            studio: 0.72023576498
        probability: 0.72023576498
        value: "studio"
    mood:
        all:
            Cluster1: 0.418002843857
            Cluster2: 0.183837205172
            Cluster3: 0.0601114816964
            Cluster4: 0.113633923233
            Cluster5: 0.224414557219
        probability: 0.418002843857
        value: "Cluster1"
    mood_acoustic:
        all:
            acoustic: 0.00787493772805
            not_acoustic: 0.992125034332
        probability: 0.992125034332
        value: "not_acoustic"
    mood_aggressive:
        all:
            aggressive: 0.708420038223
            not_aggressive: 0.291579931974
        probability: 0.708420038223
        value: "aggressive"
    mood_electronic:
        all:
            electronic: 0.142425939441
            not_electronic: 0.857574045658
        probability: 0.857574045658
        value: "not_electronic"
    mood_happy:
        all:
            happy: 0.913003325462
            not_happy: 0.0869966670871
        probability: 0.913003325462
        value: "happy"
    mood_party:
        all:
            not_party: 0.235167324543
            party: 0.764832675457
        probability: 0.764832675457
        value: "party"
    mood_relaxed:
        all:
            not_relaxed: 0.994116961956
            relaxed: 0.00588304968551
        probability: 0.994116961956
        value: "not_relaxed"
    mood_sad:
        all:
            not_sad: 0.968430876732
            sad: 0.0315691120923
        probability: 0.968430876732
        value: "not_sad"
    rhythm:
        all:
            fast: 0.993666470051
            medium: 0.00559139018878
            slow: 0.000742155592889
        probability: 0.993666470051
        value: "fast"
    speech_music:
        all:
            music: 0.999917566776
            speech: 8.24254893814e-05
        probability: 0.999917566776
        value: "music"
    timbre:
        all:
            bright: 0.914715528488
            dark: 0.085284486413
        probability: 0.914715528488
        value: "bright"
    voice_instrumental:
        all:
            instrumental: 0.0171673744917
            voice: 0.982832610607
        probability: 0.982832610607
        value: "voice"

lowlevel:
    average_loudness: 0.945254385471
    barkbands_kurtosis:
        dmean: 0.551500856876
        dmean2: 0.8698528409
        dvar: 0.625951766968
        dvar2: 1.28763139248
        max: 7.78361701965
        mean: -0.772546589375
        min: -1.83487677574
        var: 1.44378983974
    barkbands_skewness:
        dmean: 0.360284358263
        dmean2: 0.563660085201
        dvar: 0.0963176563382
        dvar2: 0.246286258101
        max: 2.42747616768
        mean: -0.1564232409
        min: -2.53213953972
        var: 0.415862411261
    barkbands_spread:
        dmean: 5.61756372452
        dmean2: 8.64237499237
        dvar: 26.1654014587
        dvar2: 54.2609329224
        max: 58.3979606628
        mean: 30.7484054565
        min: 8.00993156433
        var: 89.3242263794
    dissonance:
        dmean: 0.0156475361437
        dmean2: 0.0261702053249
        dvar: 0.000431449472671
        dvar2: 0.00078736199066
        max: 0.498838216066
        mean: 0.472870260477
        min: 0.160445168614
        var: 0.000618945108727
    hfc:
        dmean: 3.31090760231
        dmean2: 4.84188318253
        dvar: 14.8592453003
        dvar2: 36.0669174194
        max: 42.3991317749
        mean: 10.0343112946
        min: 0.00333711714484
        var: 43.9836540222
    pitch:
        dmean: 758.114135742
        dmean2: 1459.09020996
        dvar: 1509033.125
        dvar2: 3877954.75
        max: 4410
        mean: 834.023498535
        min: 73.8693466187
        var: 1389556.5
    pitch_instantaneous_confidence:
        dmean: 0.0879936814308
        dmean2: 0.140880063176
        dvar: 0.00515152607113
        dvar2: 0.0131282405928
        max: 0.837827563286
        mean: 0.378238558769
        min: 0.152246534824
        var: 0.0207578912377
    pitch_salience:
        dmean: 0.0613981038332
        dmean2: 0.0991967916489
        dvar: 0.00252740830183
        dvar2: 0.00687079550698
        max: 0.926423966885
        mean: 0.641898572445
        min: 0.409087687731
        var: 0.00580883678049
    silence_rate_20dB:
        dmean: 0
        dmean2: 0
        dvar: 0
        dvar2: 0
        max: 1
        mean: 1
        min: 1
        var: 0
    silence_rate_30dB:
        dmean: 0
        dmean2: 0
        dvar: 0
        dvar2: 0
        max: 1
        mean: 1
        min: 1
        var: 0
    silence_rate_60dB:
        dmean: 0.147465437651
        dmean2: 0.29561200738
        dvar: 0.125719621778
        dvar2: 0.231320604682
        max: 1
        mean: 0.298850566149
        min: 0
        var: 0.209538981318
    spectral_centroid:
        dmean: 278.882904053
        dmean2: 438.503356934
        dvar: 56534.1445312
        dvar2: 139614.4375
        max: 3042.78710938
        mean: 1877.42163086
        min: 546.353210449
        var: 209827.359375
    spectral_complexity:
        dmean: 4.4976849556
        dmean2: 6.34570789337
        dvar: 20.6851921082
        dvar2: 38.7226066589
        max: 40
        mean: 17.3833713531
        min: 0
        var: 60.6013298035
    spectral_crest:
        dmean: 1.86249089241
        dmean2: 3.04430556297
        dvar: 2.94020962715
        dvar2: 7.1471414566
        max: 17.479888916
        mean: 6.1096072197
        min: 2.71054434776
        var: 7.99373626709
    spectral_decrease:
        dmean: 3.20018039845e-10
        dmean2: 4.70246619422e-10
        dvar: 1.07835911081e-19
        dvar2: 2.25733841004e-19
        max: -4.57510602753e-13
        mean: -1.10948183973e-09
        min: -3.378866964e-09
        var: 3.15415703191e-19
    spectral_energy:
        dmean: 0.00147185905371
        dmean2: 0.00214951322414
        dvar: 2.38718325818e-06
        dvar2: 5.09632445755e-06
        max: 0.0158723704517
        mean: 0.00509758014232
        min: 2.02944011107e-06
        var: 7.13631015969e-06
    spectral_energyband_high:
        dmean: 0.000217382170376
        dmean2: 0.000340946135111
        dvar: 1.34256168849e-07
        dvar2: 3.49821931422e-07
        max: 0.00249055726454
        mean: 0.000432453147369
        min: 7.72925972115e-08
        var: 1.81499842711e-07
    spectral_energyband_low:
        dmean: 7.02170436853e-05
        dmean2: 0.000114447168016
        dvar: 1.31663382419e-08
        dvar2: 3.37577539256e-08
        max: 0.00108789443038
        mean: 0.000116155788419
        min: 2.1764375191e-08
        var: 1.54977541911e-08
    spectral_energyband_middle_high:
        dmean: 0.000967121799476
        dmean2: 0.00140290369745
        dvar: 1.06773779862e-06
        dvar2: 2.43163822233e-06
        max: 0.0107996985316
        mean: 0.00296916533262
        min: 1.47515686422e-06
        var: 3.99695454689e-06
    spectral_energyband_middle_low:
        dmean: 0.000652189308312
        dmean2: 0.00104174204171
        dvar: 6.28863290331e-07
        dvar2: 1.50338155436e-06
        max: 0.00625370070338
        mean: 0.00157980527729
        min: 4.53644219078e-07
        var: 1.19736557735e-06
    spectral_flatness_db:
        dmean: 0.0141447773203
        dmean2: 0.020305544138
        dvar: 0.000146061182022
        dvar2: 0.000309039780404
        max: 0.235375419259
        mean: 0.130096554756
        min: 0.0742198675871
        var: 0.000892611395102
    spectral_flux:
        dmean: 0.00920281652361
        dmean2: 0.0127343153581
        dvar: 7.43948548916e-05
        dvar2: 0.000151647560415
        max: 0.103365913033
        mean: 0.0451679863036
        min: 0.0171215441078
        var: 0.0002461936092
    spectral_kurtosis:
        dmean: 0.819046258926
        dmean2: 1.28475618362
        dvar: 0.880759000778
        dvar2: 1.96932637691
        max: 11.6447839737
        mean: 3.14779114723
        min: -0.591019153595
        var: 2.75983190536
    spectral_rms:
        dmean: 0.000319380371366
        dmean2: 0.00045010636677
        dvar: 9.54539132181e-08
        dvar2: 1.78924835836e-07
        max: 0.00393512891605
        mean: 0.00215061451308
        min: 4.44965335191e-05
        var: 3.48108841308e-07
    spectral_rolloff:
        dmean: 384.905853271
        dmean2: 628.159790039
        dvar: 221019.515625
        dvar2: 483085.8125
        max: 6589.16015625
        mean: 3437.55541992
        min: 559.86328125
        var: 535368
    spectral_skewness:
        dmean: 0.151110172272
        dmean2: 0.238768488169
        dvar: 0.0274325404316
        dvar2: 0.0594199076295
        max: 2.70745944977
        mean: 1.3907803297
        min: 0.541407287121
        var: 0.0931973159313
    spectral_spread:
        dmean: 592755.875
        dmean2: 769018.8125
        dvar: 375952605184
        dvar2: 514107899904
        max: 13364334
        mean: 5352117
        min: 2330716.5
        var: 1.61564052685e+12
    spectral_strongpeak:
        dmean: 0.727852761745
        dmean2: 1.27503442764
        dvar: 1.22921609879
        dvar2: 3.63852572441
        max: 8.51990032196
        mean: 0.936356782913
        min: 0.00169844832271
        var: 1.56864762306
    zerocrossingrate:
        dmean: 0.0088715730235
        dmean2: 0.00955943670124
        dvar: 5.69658768654e-05
        dvar2: 6.61791782477e-05
        max: 0.15576171875
        mean: 0.104526020586
        min: 0.01318359375
        var: 0.000456097623101
    barkbands:
        dmean: [1.10434996259e-07, 2.0670284357e-05, 5.91060597799e-05, 0.000241046058363, 0.000240549838054, 0.000152606764459, 0.000181238734513, 0.000171224397491, 0.000105132894532, 7.1239504905e-05, 8.76106132637e-05, 0.000134731759317, 0.000209965655813, 0.000120176438941, 0.000150900072185, 9.9121920357e-05, 0.000178630725713, 0.000252685422311, 0.000372636626707, 0.000187907120562, 0.000103511105408, 4.652403004e-05, 9.06461536943e-06, 4.53047459814e-06, 1.96514906747e-06, 1.6624659338e-07, 6.65468846694e-10]
        dmean2: [1.7537000474e-07, 3.20822946378e-05, 0.000100536526588, 0.000411861808971, 0.000403659971198, 0.000252652913332, 0.000296528276522, 0.000254701735685, 0.000171674284502, 0.00011614705727, 0.000145568628795, 0.000225915500778, 0.000332261348376, 0.00017758118338, 0.000244040988036, 0.00016527621483, 0.000291424250463, 0.000415095943026, 0.000563121051528, 0.000309231487336, 0.000168355225469, 6.72990208841e-05, 1.32927407321e-05, 6.30834210824e-06, 2.70313353212e-06, 2.43781158815e-07, 1.09311881769e-09]
        dvar: [3.22226545847e-14, 1.27124499816e-09, 1.0552599683e-08, 1.57917128263e-07, 1.07260042626e-07, 8.92386111673e-08, 1.16489928814e-07, 1.52498898842e-07, 2.99778157853e-08, 9.01969965383e-09, 3.2022494878e-08, 5.05557729014e-08, 8.35439948332e-08, 4.08143314701e-08, 3.07597147753e-08, 1.84951023385e-08, 5.22640419831e-08, 1.92690535528e-07, 2.55520120618e-07, 1.37991463589e-07, 3.21624433752e-08, 5.29851451603e-09, 2.05630457106e-10, 4.23879195632e-11, 6.94594165171e-12, 8.20054541308e-14, 9.47623817287e-18]
        dvar2: [8.18127575235e-14, 2.56506371699e-09, 2.84749663848e-08, 4.13977886637e-07, 2.6887582294e-07, 2.31789670124e-07, 2.97188591958e-07, 3.5547321886e-07, 7.27496995978e-08, 2.10669064415e-08, 8.70352749871e-08, 1.40718341868e-07, 2.21411781354e-07, 9.32229013983e-08, 6.93147299557e-08, 4.95567711312e-08, 1.41910220464e-07, 5.0119979278e-07, 6.24145286565e-07, 3.75821571197e-07, 8.18605911945e-08, 1.20201644194e-08, 4.95551488733e-10, 8.53859552508e-11, 1.29737913121e-11, 1.80933867606e-13, 2.40517453827e-17]
        max: [1.55728002937e-06, 0.000267899420578, 0.00104954070412, 0.00271112378687, 0.00313306902535, 0.00346716702916, 0.00337195862085, 0.0049087703228, 0.00223738281056, 0.000868866918609, 0.00204292102717, 0.00200622715056, 0.00234980904497, 0.00189878779929, 0.00268360506743, 0.00162735488266, 0.00256050238386, 0.00601799879223, 0.00585581222549, 0.00518867513165, 0.00188922963571, 0.000519274617545, 0.000173654581886, 5.92762808083e-05, 2.32985385082e-05, 2.0224617856e-06, 4.48332215797e-08]
        mean: [1.44524889834e-07, 2.84179313894e-05, 8.75966798048e-05, 0.000249497563345, 0.000389655237086, 0.000225777286687, 0.000281978369458, 0.000258269923506, 0.000161091229529, 0.000114376991405, 0.000115579205158, 0.000181802286534, 0.000295440433547, 0.000188931575394, 0.000231584243011, 0.000169501625351, 0.000309542170726, 0.000413222325733, 0.000775001710281, 0.000311316311127, 0.00017834706523, 9.80348413577e-05, 1.95383472601e-05, 8.78248738445e-06, 3.93507161789e-06, 2.17378470779e-07, 5.74603142844e-10]
        min: [1.36498035097e-10, 8.46932124432e-09, 1.1850397108e-08, 1.7199766944e-08, 3.92579089237e-08, 4.37405027753e-08, 1.02163483007e-07, 1.41103143392e-07, 1.06525952503e-07, 3.40337500404e-08, 8.30374489169e-08, 3.23482964859e-07, 2.7095197197e-07, 3.61239038682e-08, 1.53439202677e-07, 2.53121243077e-07, 1.93345684352e-07, 1.34636133353e-08, 7.76970665584e-08, 4.88390163866e-08, 4.42191989691e-08, 1.27231967184e-08, 5.39362687846e-09, 2.51230836135e-09, 2.27246843565e-09, 7.30338789445e-10, 1.24662692346e-14]
        var: [4.95755204195e-14, 1.74914549511e-09, 1.13810019187e-08, 1.46065715967e-07, 2.14972601498e-07, 1.12085153603e-07, 1.48581975168e-07, 2.75860969623e-07, 4.99420274025e-08, 1.74565446542e-08, 3.87229768251e-08, 6.13934574289e-08, 1.25420683617e-07, 7.06125860006e-08, 6.97937565519e-08, 3.59254777038e-08, 9.61579047498e-08, 2.15742403498e-07, 9.74971612777e-07, 1.48664469179e-07, 3.62850549607e-08, 1.17128857724e-08, 3.85965426286e-10, 9.06660649336e-11, 1.56917916161e-11, 1.07511032412e-13, 5.0639463569e-18]
    mfcc:
        mean: [-680.522644043, 88.7711639404, -49.1151847839, 37.4937858582, -15.9842090607, -5.40168142319, -5.37284040451, -7.8505449295, -13.4294872284, -8.3394536972, -0.217576503754, -5.70420360565, -5.20976829529]
        cov: [[1424.4630127, -401.667510986, 41.9284934998, 184.556838989, 17.2144947052, 21.6593475342, 57.9298973083, 24.6178245544, 39.0129127502, -15.4002695084, 3.0902056694, -12.3774776459, -28.9090442657], [-401.667510986, 430.513031006, -117.738739014, -69.877571106, -25.8214511871, -31.9754371643, 17.6727199554, 14.6182842255, -47.3534164429, 18.9202537537, 27.2008914948, -8.24723720551, -9.64965248108], [41.9284934998, -117.738739014, 453.700775146, 68.4086914062, 8.68748855591, 82.9188995361, -28.1477184296, 55.0459976196, 53.8964080811, -28.0873031616, 22.9216136932, 16.0736923218, -10.2252006531], [184.556838989, -69.877571106, 68.4086914062, 187.218383789, 81.7370300293, 1.5314759016, -34.5182952881, 7.6913394928, 14.139954567, -11.8801803589, -16.0626449585, -22.5180053711, 7.06169557571], [17.2144947052, -25.8214511871, 8.68748855591, 81.7370300293, 140.942504883, 40.1364402771, -19.3072414398, -17.9898414612, -6.07886838913, 12.916724205, -17.9432277679, -18.974861145, 4.88599634171], [21.6593475342, -31.9754371643, 82.9188995361, 1.5314759016, 40.1364402771, 154.741516113, 64.8478546143, -1.47827208042, 17.2748966217, 9.78961277008, 0.637838900089, 12.1287050247, 0.0754578188062], [57.9298973083, 17.6727199554, -28.1477184296, -34.5182952881, -19.3072414398, 64.8478546143, 131.15776062, 41.5656585693, 2.80936145782, 18.4407863617, 11.9117431641, 14.1981954575, -1.98024666309], [24.6178245544, 14.6182842255, 55.0459976196, 7.6913394928, -17.9898414612, -1.47827208042, 41.5656585693, 101.661308289, 24.8509731293, 10.983215332, 28.3139381409, 9.07851314545, 11.825469017], [39.0129127502, -47.3534164429, 53.8964080811, 14.139954567, -6.07886838913, 17.2748966217, 2.80936145782, 24.8509731293, 80.5901794434, 22.6377944946, 0.140860542655, 18.6648273468, 6.81154537201], [-15.4002695084, 18.9202537537, -28.0873031616, -11.8801803589, 12.916724205, 9.78961277008, 18.4407863617, 10.983215332, 22.6377944946, 63.8074226379, 18.4120025635, 3.15304303169, 8.48906898499], [3.0902056694, 27.2008914948, 22.9216136932, -16.0626449585, -17.9432277679, 0.637838900089, 11.9117431641, 28.3139381409, 0.140860542655, 18.4120025635, 64.5269622803, 17.8657779694, 2.42784333229], [-12.3774776459, -8.24723720551, 16.0736923218, -22.5180053711, -18.974861145, 12.1287050247, 14.1981954575, 9.07851314545, 18.6648273468, 3.15304303169, 17.8657779694, 57.1567344666, 13.5269117355], [-28.9090442657, -9.64965248108, -10.2252006531, 7.06169557571, 4.88599634171, 0.0754578188062, -1.98024666309, 11.825469017, 6.81154537201, 8.48906898499, 2.42784333229, 13.5269117355, 53.1349601746]]
        icov: [[0.00128430977929, 0.00123089796398, 0.000414746231399, -0.00148913206067, 0.000633990392089, 6.1279606598e-05, -0.000895534642041, -3.78027398256e-05, 1.30868374981e-05, 6.33105591987e-05, -0.000848939933348, 0.000175877328729, 0.00109888764564], [0.00123089796398, 0.00410487595946, 0.00106423848774, -0.000731534906663, 0.000763186020777, -0.000169888007804, -0.000212641607504, -0.00138730660547, 0.0017979334807, -0.000916563614737, -0.00138004217297, 0.000290169205982, 0.00185321492609], [0.000414746231399, 0.00106423848774, 0.00438759382814, -0.00144971569534, 0.00132929638494, -0.00399421853945, 0.00349585246295, -0.00352426292375, -0.000963101512752, 0.00190799485426, -0.00159206055105, -0.00040674614138, 0.00224892422557], [-0.00148913206067, -0.000731534906663, -0.00144971569534, 0.0110880518332, -0.00674722529948, 0.00198291614652, 0.000846156966873, -0.000800107838586, -0.00278198160231, 0.00336781120859, 0.000302781409118, 0.00289505324326, -0.00280068349093], [0.000633990392089, 0.000763186020777, 0.00132929638494, -0.00674722529948, 0.0143422139809, -0.00622508814558, 0.0042333221063, -0.0012078381842, 0.00478540780023, -0.00642945617437, 0.00307227997109, 2.84922098217e-05, 0.00101875222754], [6.1279606598e-05, -0.000169888007804, -0.00399421853945, 0.00198291614652, -0.00622508814558, 0.0151305068284, -0.0110307540745, 0.00697445869446, -0.00359718431719, 0.00155345036183, -0.00135523732752, 0.000291293195914, -0.00224133091979], [-0.000895534642041, -0.000212641607504, 0.00349585246295, 0.000846156966873, 0.0042333221063, -0.0110307540745, 0.0191345326602, -0.0107951965183, 0.00491064833477, -0.00439850753173, 0.00367759959772, -0.00352422147989, 0.00357882189564], [-3.78027398256e-05, -0.00138730660547, -0.00352426292375, -0.000800107838586, -0.0012078381842, 0.00697445869446, -0.0107951965183, 0.0200033467263, -0.0067698401399, 0.00258401525207, -0.00709126889706, 0.00374140776694, -0.00577083230019], [1.30868374981e-05, 0.0017979334807, -0.000963101512752, -0.00278198160231, 0.00478540780023, -0.00359718431719, 0.00491064833477, -0.0067698401399, 0.0228230226785, -0.0124888662249, 0.00801824126393, -0.00823457259685, 0.00257224682719], [6.33105591987e-05, -0.000916563614737, 0.00190799485426, 0.00336781120859, -0.00642945617437, 0.00155345036183, -0.00439850753173, 0.00258401525207, -0.0124888662249, 0.0271009244025, -0.0107376882806, 0.00579396449029, -0.00407557468861], [-0.000848939933348, -0.00138004217297, -0.00159206055105, 0.000302781409118, 0.00307227997109, -0.00135523732752, 0.00367759959772, -0.00709126889706, 0.00801824126393, -0.0107376882806, 0.0254595410079, -0.00878533255309, 0.00213640858419], [0.000175877328729, 0.000290169205982, -0.00040674614138, 0.00289505324326, 2.84922098217e-05, 0.000291293195914, -0.00352422147989, 0.00374140776694, -0.00823457259685, 0.00579396449029, -0.00878533255309, 0.0259138289839, -0.00734737282619], [0.00109888764564, 0.00185321492609, 0.00224892422557, -0.00280068349093, 0.00101875222754, -0.00224133091979, 0.00357882189564, -0.00577083230019, 0.00257224682719, -0.00407557468861, 0.00213640858419, -0.00734737282619, 0.0239808671176]]
    spectral_contrast:
        mean: [3.28961192508e-07, 2.03316531611e-07, 1.86264514923e-07, 1.4674030524e-07, -2.02628257284e-07, 5.73058059672e-07, 3.53291738975e-06, -3.95827157718e-07, -2.76686677125e-07, 3.01822501569e-06, -2.09455947697e-06, 4.01732540922e-06]
        var: [0.000469390797662, 0.00112686271314, 0.00156569329556, 0.0023707433138, 0.00371200405061, 0.0048952717334, 0.0419530272484, 0.0946280583739, 0.133232235909, 0.210517659783, 0.390919715166, 0.791812539101]

rhythm:
    beats_loudness:
        dmean: 0.00169324839953
        dmean2: 0.0024787390139
        dvar: 1.19783567243e-06
        dvar2: 2.85427449853e-06
        max: 0.0120131839067
        mean: 0.00726787885651
        min: 0.00507896393538
        var: 3.12159340865e-06
    beats_loudness_bass:
        dmean: 0.0714930966496
        dmean2: 0.125492110848
        dvar: 0.00364144938067
        dvar2: 0.0121465697885
        max: 0.299020498991
        mean: 0.163255482912
        min: 0.0528039187193
        var: 0.00436585908756
    bpm: 129.758071899
    bpm_confidence: 0
    first_peak_bpm: 130
    first_peak_spread: 0.0500000119209
    first_peak_weight: 0.949999988079
    onset_rate: 4.46284008026
    second_peak_bpm: 0
    second_peak_spread: 0
    second_peak_weight: 0
    beats_position: [0.439181894064, 0.901187419891, 1.36319303513, 1.82519853115, 2.28720402718, 2.74920964241, 3.21121525764, 3.67322087288, 4.13522672653, 4.59723234177, 5.059237957, 5.52124404907, 5.9935593605, 6.45629882812, 6.91903734207, 7.38177728653, 7.84451580048, 8.30725479126, 8.76999378204, 9.2327337265, 9.69547271729]
    bpm_estimates: [129.45916748, 129.949905396, 130.006591797, 129.991714478, 129.686065674, 129.23324585, 130.338653564, 129.907699585, 130.251785278, 129.546051025, 129.569976807, 129.819641113, 130.127456665, 130.995986938, 127.773834229, 130.203887939, 129.333618164, 129.514175415, 129.593948364, 129.858016968]
    bpm_intervals: [0.462005525827, 0.462005615234, 0.462005496025, 0.462005496025, 0.462005615234, 0.462005615234, 0.462005615234, 0.462005853653, 0.462005615234, 0.462005615234, 0.462006092072, 0.472315311432, 0.462739467621, 0.462738513947, 0.462739944458, 0.462738513947, 0.462738990784, 0.462738990784, 0.462739944458, 0.462738990784]
    onset_times: [0.0580498874187, 0.162539675832, 0.290249437094, 0.406349211931, 0.835918366909, 1.1261677742, 1.34675741196, 1.59056687355, 1.82276642323, 2.0549659729, 2.12462592125, 2.28716564178, 2.51936507225, 2.73995471001, 2.94893431664, 3.20435380936, 3.41333341599, 3.56426310539, 3.68036270142, 4.13315200806, 4.38857126236, 4.52789115906, 4.60916090012, 4.85297060013, 5.07356023788, 5.30575942993, 5.52634906769, 5.7701587677, 6.00235843658, 6.23455762863, 6.45514726639, 6.68734693527, 6.91954660416, 7.12852621078, 7.38394546509, 7.84834480286, 8.24308395386, 8.31274414062, 8.55655288696, 8.78875255585, 9.0093421936, 9.25315189362, 9.46213150024, 9.71755123138, 9.93814086914]
    rubato_start: []
    rubato_stop: []
    perceptual_tempo: "unknown"

sfx:
    inharmonicity:
        dmean: 0.0601115077734
        dmean2: 0.105069726706
        dvar: 0.00408135959879
        dvar2: 0.0113181592897
        max: 0.386920332909
        mean: 0.0711085796356
        min: 0
        var: 0.0041110701859
    oddtoevenharmonicenergyratio:
        dmean: 13.498254776
        dmean2: 26.6185207367
        dvar: 25193.984375
        dvar2: 75545.046875
        max: 2341.83422852
        mean: 7.33114814758
        min: 0
        var: 12642.2871094
    pitch_after_max_to_before_max_energy_ratio: 4.6179394722
    pitch_centroid: 208.100799561
    pitch_max_to_total: 0.265588909388
    pitch_min_to_total: 0.646651268005
    tristimulus:
        dmean: [0.175847634673, 0.232220679522, 0.157565280795]
        dmean2: [0.307291865349, 0.398168057203, 0.275746703148]
        dvar: [0.025774911046, 0.039752624929, 0.0193505212665]
        dvar2: [0.0754176899791, 0.109287463129, 0.0502371042967]
        max: [1, 0.984210371971, 0.878423392773]
        mean: [0.280482470989, 0.500835716724, 0.161190673709]
        min: [0.00139796163421, 0, 0]
        var: [0.0324912779033, 0.0555961541831, 0.0250772871077]

tonal:
    chords_changes_rate: 0.0275229364634
    chords_number_rate: 0.0229357797652
    chords_strength:
        dmean: 0.00920692365617
        dmean2: 0.00874261092395
        dvar: 5.8134435676e-05
        dvar2: 6.0086738813e-05
        max: 0.785366594791
        mean: 0.59918653965
        min: 0.378888189793
        var: 0.0081987855956
    key_strength: 0.813062489033
    tuning_diatonic_strength: 0.628531754017
    tuning_equal_tempered_deviation: 0.10141826421
    tuning_frequency: 441.017791748
    tuning_nontempered_energy_ratio: 0.721631169319
    hpcp:
        dmean: [0.168794095516, 0.145234376192, 0.130614429712, 0.114697031677, 0.138741061091, 0.187609925866, 0.207115724683, 0.185903146863, 0.139241874218, 0.117079697549, 0.131362497807, 0.16715811193, 0.165100395679, 0.13401414454, 0.123897708952, 0.119799412787, 0.120373263955, 0.122843541205, 0.131267815828, 0.149388596416, 0.192952170968, 0.204263374209, 0.179200902581, 0.137266397476, 0.107836417854, 0.117727071047, 0.166458040476, 0.187521338463, 0.164990127087, 0.147540390491, 0.16497272253, 0.180723026395, 0.184252783656, 0.175875484943, 0.174444556236, 0.17844389379]
        dmean2: [0.28308352828, 0.254424780607, 0.234730035067, 0.198796957731, 0.2432256639, 0.309780269861, 0.33665522933, 0.31715118885, 0.245802223682, 0.209527075291, 0.222795829177, 0.283960908651, 0.279519289732, 0.224231511354, 0.210943475366, 0.207860007882, 0.218620792031, 0.201935216784, 0.222263261676, 0.25532373786, 0.321357548237, 0.341302126646, 0.301134109497, 0.225041180849, 0.184265270829, 0.197734862566, 0.272807866335, 0.325353831053, 0.284826427698, 0.244026824832, 0.290859818459, 0.309705793858, 0.311868876219, 0.286778926849, 0.290424883366, 0.313085496426]
        dvar: [0.0270620528609, 0.0222080536187, 0.0262113828212, 0.0320170000196, 0.0250067971647, 0.0326892249286, 0.039564717561, 0.04114414379, 0.0300992894918, 0.0282616335899, 0.0358490236104, 0.0441031008959, 0.0345810204744, 0.0232873912901, 0.0278731491417, 0.0224748589098, 0.0277673732489, 0.0211709439754, 0.0231007318944, 0.0332470647991, 0.0328882485628, 0.0429716371, 0.0338091552258, 0.0333790145814, 0.0256412141025, 0.0225590486079, 0.0275553204119, 0.0349141210318, 0.0289912428707, 0.0277579389513, 0.0287163089961, 0.0360638201237, 0.0297484938055, 0.0268295370042, 0.026738177985, 0.0293143000454]
        dvar2: [0.0629537254572, 0.0543921068311, 0.0705925002694, 0.0805365368724, 0.0683230012655, 0.082055978477, 0.0752314403653, 0.103699631989, 0.0839178413153, 0.0782764256001, 0.0917915180326, 0.104383818805, 0.0950904712081, 0.0548623465002, 0.0676965042949, 0.0582965537906, 0.0728962123394, 0.0459589995444, 0.0594975650311, 0.0936639755964, 0.0858169645071, 0.0998326018453, 0.0815920829773, 0.0860205367208, 0.063293017447, 0.0618483684957, 0.0740539431572, 0.0835731178522, 0.0798801779747, 0.0704940110445, 0.0754343867302, 0.0927241370082, 0.0774558186531, 0.0644094720483, 0.07068259269, 0.0768220499158]
        max: [1, 1, 1, 1, 1, 1, 1, 1, 1, 0.984377086163, 1, 1, 1, 1, 1, 1, 1, 1, 1, 1, 1, 1, 1, 1, 0.864638328552, 1, 1, 1, 1, 1, 1, 1, 1, 1, 1, 1]
        mean: [0.295371890068, 0.213482066989, 0.151140883565, 0.147020056844, 0.168421074748, 0.357557415962, 0.486886322498, 0.30940502882, 0.154565706849, 0.135823920369, 0.156472861767, 0.21351352334, 0.225968644023, 0.187669381499, 0.187087476254, 0.18392381072, 0.164016351104, 0.175881624222, 0.183935344219, 0.202486842871, 0.403125345707, 0.530233383179, 0.329067647457, 0.149920836091, 0.117379911244, 0.134016007185, 0.243222400546, 0.311060100794, 0.234743505716, 0.185851708055, 0.213554173708, 0.275212705135, 0.372761189938, 0.362758308649, 0.265725344419, 0.277629196644]
        min: [0.0119678340852, 0.00794001668692, 0.00214853999205, 0.00179983011913, 0.00345510058105, 0.00386012042873, 0.00368898408487, 0.00451793894172, 0.00300543080084, 0.00274685304612, 0.00476768473163, 0.00334394630045, 0.00763228116557, 0.00534264370799, 0.0016524437815, 0.00641517341137, 0.00509091466665, 0.00572891579941, 0.00338275078684, 0.00393176451325, 0.011940789409, 0.00843883678317, 0, 0, 0.00399245368317, 0.0045467983, 0.00814733188599, 0.0121028749272, 0.00954587478191, 0.00722769740969, 0.00894288625568, 0.0157147534192, 0.00906922109425, 0.00689143780619, 0.00690798694268, 0.0170620437711]
        var: [0.0791255906224, 0.0366010926664, 0.0253800880164, 0.0374688394368, 0.0353781320155, 0.0589495114982, 0.106435768306, 0.0587832964957, 0.0274134334177, 0.0231957659125, 0.0370048470795, 0.051883045584, 0.0479514077306, 0.0324259735644, 0.0353872850537, 0.042161565274, 0.0344688668847, 0.0328796803951, 0.0337496958673, 0.046941395849, 0.0813522413373, 0.123208530247, 0.0585866309702, 0.034030366689, 0.024854015559, 0.024110045284, 0.0448096469045, 0.0656024441123, 0.0414359420538, 0.0394463501871, 0.0464865267277, 0.0593766905367, 0.0632187053561, 0.0704103335738, 0.0465361103415, 0.0565212741494]
    chords_histogram: [54.5871543884, 0, 0, 0, 0, 0, 0, 0, 0, 0, 0, 0, 0, 0, 0, 0, 0, 10.5504589081, 0, 5.04587173462, 11.0091743469, 0, 18.8073387146, 0]
    thpcp: [1, 0.620609045029, 0.2827450037, 0.221374049783, 0.252749085426, 0.458708196878, 0.586647510529, 0.442717313766, 0.350509256124, 0.402755051851, 0.519040703773, 0.703013420105, 0.68414837122, 0.501147925854, 0.523598134518, 0.557060182095, 0.402619063854, 0.285045951605, 0.277274250984, 0.31763574481, 0.674339711666, 0.918249070644, 0.583526134491, 0.291505038738, 0.256158739328, 0.295101881027, 0.402678400278, 0.426168262959, 0.353937327862, 0.35283985734, 0.346873313189, 0.309328615665, 0.331706047058, 0.346895068884, 0.381882488728, 0.76027905941]
    chords_key: "E"
    chords_scale: "major"
    key_key: "E"
    key_scale: "major"
    chords_progression: ["Em", "Em", "Em", "Em", "Em", "Em", "Em", "Em", "Em", "Em", "Em", "Em", "Em", "Em", "Em", "Em", "Em", "Em", "Em", "E", "E", "E", "E", "E", "E", "E", "E", "E", "E", "E", "E", "E", "E", "E", "E", "E", "E", "E", "E", "E", "E", "E", "E", "E", "E", "E", "E", "E", "E", "E", "E", "E", "E", "E", "E", "E", "E", "E", "E", "E", "E", "E", "E", "E", "E", "E", "E", "E", "E", "E", "E", "E", "E", "E", "E", "E", "E", "E", "E", "E", "E", "E", "E", "E", "E", "E", "E", "E", "E", "E", "E", "E", "E", "E", "E", "E", "A", "A", "A", "A", "A", "A", "A", "A", "A", "A", "A", "A", "A", "A", "A", "A", "A", "A", "A", "A", "A", "A", "A", "A", "A", "A", "A", "A", "A", "A", "A", "A", "A", "A", "A", "A", "A", "A", "A", "A", "A", "D", "D", "D", "D", "D", "D", "D", "D", "D", "D", "D", "D", "D", "D", "D", "D", "D", "D", "D", "D", "D", "D", "D", "D", "Bm", "Bm", "Bm", "Bm", "Bm", "Bm", "Bm", "Bm", "Bm", "Bm", "Bm", "Em", "Em", "Em", "Em", "E", "E", "E", "E", "E", "E", "E", "E", "E", "E", "E", "E", "E", "E", "E", "E", "E", "E", "E", "E", "E", "E", "E", "E", "E", "E", "E", "E", "E", "E", "E", "E", "E", "E", "E", "E", "E", "E", "E", "E", "E", "E"]
