
metadata:
    version:
        essentia: "1.2.2"
    audio_properties:
        analysis_sample_rate: 44100
        bitrate: 128
        channels: 2
        equal_loudness: 1
        length: 9.95265293121
        replay_gain: -13.1244449615
        downmix: "mix"
    tags:
        track: 35
        year: 0
        album: "Splitted by Mp3Splt v. 2.1"
        artist: "From 005.40 To 005.50"
        comment: "http://mp3splt.sf.net"
        genre: ""
        title: "10 Content.mp3"

highlevel:
    ballroom:
        all:
            ChaChaCha: 0.166841164231
            Jive: 0.198219433427
            Quickstep: 0.00771838799119
            Rumba-American: 0.000733860943001
            Rumba-International: 0.000927924644202
            Rumba-Misc: 0.000585836300161
            Samba: 0.623166739941
            Tango: 0.000788109609857
            VienneseWaltz: 0.000572648656089
            Waltz: 0.000445908954134
        probability: 0.623166739941
        value: "Samba"
    culture:
        all:
            non_western: 0.555706381798
            western: 0.444293618202
        probability: 0.555706381798
        value: "non_western"
    gender:
        all:
            female: 0.259520322084
            male: 0.740479648113
        probability: 0.740479648113
        value: "male"
    genre_dortmund:
        all:
            alternative: 0.00632852548733
            blues: 0.00234706629999
            electronic: 0.389967978001
            folkcountry: 0.00202249502763
            funksoulrnb: 0.0133237037808
            jazz: 0.00784961879253
            pop: 0.00555085623637
            raphiphop: 0.548521280289
            rock: 0.0240884628147
        probability: 0.548521280289
        value: "raphiphop"
    genre_electronica:
        all:
            ambient: 0.0818749889731
            dnb: 0.320035636425
            house: 0.0678226798773
            techno: 0.345553934574
            trance: 0.184712767601
        probability: 0.345553934574
        value: "techno"
    genre_rosamerica:
        all:
            cla: 0.00178755680099
            dan: 0.174653276801
            hip: 0.774194896221
            jaz: 0.00245608738624
            pop: 0.0157995801419
            rhy: 0.0149205904454
            roc: 0.0149511201307
            spe: 0.00123690254986
        probability: 0.774194896221
        value: "hip"
    genre_tzanetakis:
        all:
            blu: 0.00563207454979
            cla: 0.00429403269663
            cou: 0.00614228146151
            dis: 0.0485762916505
            hip: 0.173505246639
            jaz: 0.00607873732224
            met: 0.0351778157055
            pop: 0.546043455601
            reg: 0.14671190083
            roc: 0.027838177979
        probability: 0.546043455601
        value: "pop"
    live_studio:
        all:
            live: 0.0244917627424
            studio: 0.975508213043
        probability: 0.975508213043
        value: "studio"
    mood:
        all:
            Cluster1: 0.112159386277
            Cluster2: 0.169624939561
            Cluster3: 0.0114381341264
            Cluster4: 0.0843725576997
            Cluster5: 0.62240499258
        probability: 0.62240499258
        value: "Cluster5"
    mood_acoustic:
        all:
            acoustic: 0.00557183008641
            not_acoustic: 0.994428157806
        probability: 0.994428157806
        value: "not_acoustic"
    mood_aggressive:
        all:
            aggressive: 0.996025145054
            not_aggressive: 0.00397482980043
        probability: 0.996025145054
        value: "aggressive"
    mood_electronic:
        all:
            electronic: 0.956884264946
            not_electronic: 0.0431157387793
        probability: 0.956884264946
        value: "electronic"
    mood_happy:
        all:
            happy: 0.225317195058
            not_happy: 0.774682819843
        probability: 0.774682819843
        value: "not_happy"
    mood_party:
        all:
            not_party: 0.0308400224894
            party: 0.969159960747
        probability: 0.969159960747
        value: "party"
    mood_relaxed:
        all:
            not_relaxed: 0.880629956722
            relaxed: 0.11937007308
        probability: 0.880629956722
        value: "not_relaxed"
    mood_sad:
        all:
            not_sad: 0.999118745327
            sad: 0.000881269399542
        probability: 0.999118745327
        value: "not_sad"
    rhythm:
        all:
            fast: 0.876909852028
            medium: 0.121575467288
            slow: 0.00151466636453
        probability: 0.876909852028
        value: "fast"
    speech_music:
        all:
            music: 0.893221259117
            speech: 0.106778763235
        probability: 0.893221259117
        value: "music"
    timbre:
        all:
            bright: 0.0547105930746
            dark: 0.945289433002
        probability: 0.945289433002
        value: "dark"
    voice_instrumental:
        all:
            instrumental: 0.520948886871
            voice: 0.479051113129
        probability: 0.520948886871
        value: "instrumental"

lowlevel:
    average_loudness: 0.975705206394
    barkbands_kurtosis:
        dmean: 2.20148658752
        dmean2: 3.39961457253
        dvar: 9.94080734253
        dvar2: 18.8593845367
        max: 24.1112804413
        mean: 1.34103929996
        min: -1.94799363613
        var: 20.82421875
    barkbands_skewness:
        dmean: 0.773219287395
        dmean2: 1.15780985355
        dvar: 0.555056750774
        dvar2: 1.1384717226
        max: 2.83685135841
        mean: -0.939193665981
        min: -4.8029384613
        var: 1.7148951292
    barkbands_spread:
        dmean: 10.5140047073
        dmean2: 15.8078718185
        dvar: 98.3132324219
        dvar2: 213.808074951
        max: 76.0867767334
        mean: 34.6326065063
        min: 5.53169965744
        var: 247.392700195
    dissonance:
        dmean: 0.0116350557655
        dmean2: 0.0187711957842
        dvar: 0.000174915214302
        dvar2: 0.000367635802832
        max: 0.499970257282
        mean: 0.483885198832
        min: 0.319632917643
        var: 0.000239858927671
    hfc:
        dmean: 5.68552875519
        dmean2: 7.88799571991
        dvar: 46.7964401245
        dvar2: 80.5764694214
        max: 46.5705490112
        mean: 8.69160270691
        min: 0.00273551279679
        var: 88.1866912842
    pitch:
        dmean: 1124.22473145
        dmean2: 2026.7388916
        dvar: 1776416
        dvar2: 4030313.5
        max: 5512.5
        mean: 2781.36474609
        min: 109.429283142
        var: 2507277.25
    pitch_instantaneous_confidence:
        dmean: 0.124114245176
        dmean2: 0.189775779843
        dvar: 0.0150734111667
        dvar2: 0.0271462351084
        max: 0.974357247353
        mean: 0.48327550292
        min: 0.147588670254
        var: 0.0488371625543
    pitch_salience:
        dmean: 0.0811769738793
        dmean2: 0.131568685174
        dvar: 0.00592338014394
        dvar2: 0.0144859421998
        max: 0.920605123043
        mean: 0.677611470222
        min: 0.25072234869
        var: 0.0138626629487
    silence_rate_20dB:
        dmean: 0
        dmean2: 0
        dvar: 0
        dvar2: 0
        max: 1
        mean: 1
        min: 1
        var: 0
    silence_rate_30dB:
        dmean: 0
        dmean2: 0
        dvar: 0
        dvar2: 0
        max: 1
        mean: 1
        min: 1
        var: 0
    silence_rate_60dB:
        dmean: 0.209790214896
        dmean2: 0.420560747385
        dvar: 0.165778040886
        dvar2: 0.271726846695
        max: 1
        mean: 0.637209296227
        min: 0
        var: 0.231173455715
    spectral_centroid:
        dmean: 535.095275879
        dmean2: 805.046020508
        dvar: 267810.90625
        dvar2: 556521.6875
        max: 5302.1953125
        mean: 2605.43188477
        min: 427.225524902
        var: 871127.1875
    spectral_complexity:
        dmean: 6.2102804184
        dmean2: 9.06791591644
        dvar: 63.1006774902
        dvar2: 109.679275513
        max: 48
        mean: 8.08391571045
        min: 0
        var: 105.536338806
    spectral_crest:
        dmean: 3.37740635872
        dmean2: 5.31678724289
        dvar: 9.79298210144
        dvar2: 19.0857143402
        max: 24.3194332123
        mean: 9.89589214325
        min: 3.33797001839
        var: 27.5310001373
    spectral_decrease:
        dmean: 4.39300762434e-10
        dmean2: 6.20419160491e-10
        dvar: 3.07444887411e-19
        dvar2: 6.03249637544e-19
        max: -3.31251952951e-13
        mean: -6.33855856691e-10
        min: -3.18043480441e-09
        var: 4.72804754209e-19
    spectral_energy:
        dmean: 0.00215594610199
        dmean2: 0.00300230504945
        dvar: 6.96002553013e-06
        dvar2: 1.33743196784e-05
        max: 0.0148983960971
        mean: 0.00318067101762
        min: 1.49833567775e-06
        var: 1.1334642295e-05
    spectral_energyband_high:
        dmean: 0.000527155818418
        dmean2: 0.000754652661271
        dvar: 6.50132562896e-07
        dvar2: 1.15668274248e-06
        max: 0.00650480017066
        mean: 0.000774345884565
        min: 4.10248475191e-07
        var: 1.28171734559e-06
    spectral_energyband_low:
        dmean: 0.000294341269182
        dmean2: 0.000512422935572
        dvar: 5.85561053867e-07
        dvar2: 1.5692252191e-06
        max: 0.00582639034837
        mean: 0.000284190900857
        min: 2.13942058735e-07
        var: 4.58013062143e-07
    spectral_energyband_middle_high:
        dmean: 0.00128246587701
        dmean2: 0.0018747075228
        dvar: 3.09573147206e-06
        dvar2: 6.0884440245e-06
        max: 0.0114360135049
        mean: 0.00165126402862
        min: 2.58346972259e-07
        var: 4.55554709333e-06
    spectral_energyband_middle_low:
        dmean: 0.000516445317771
        dmean2: 0.00089397438569
        dvar: 1.30262083076e-06
        dvar2: 3.56233658749e-06
        max: 0.00763025134802
        mean: 0.000470836472232
        min: 6.15340525201e-07
        var: 8.88023862444e-07
    spectral_flatness_db:
        dmean: 0.0245911031961
        dmean2: 0.0349724404514
        dvar: 0.000520463916473
        dvar2: 0.00100121204741
        max: 0.264401465654
        mean: 0.13570971787
        min: 0.0612973980606
        var: 0.0016679255059
    spectral_flux:
        dmean: 0.0157540924847
        dmean2: 0.0222280863672
        dvar: 0.000272719946224
        dvar2: 0.000628818583209
        max: 0.116464115679
        mean: 0.0447424091399
        min: 0.00122406519949
        var: 0.00059609930031
    spectral_kurtosis:
        dmean: 1.06126189232
        dmean2: 1.67524456978
        dvar: 1.15640687943
        dvar2: 2.3160905838
        max: 11.4088125229
        mean: 2.63713908195
        min: -0.930002689362
        var: 2.7038333416
    spectral_rms:
        dmean: 0.000587790913414
        dmean2: 0.000786945398431
        dvar: 3.58093842578e-07
        dvar2: 6.4910477704e-07
        max: 0.00381248211488
        mean: 0.00154368288349
        min: 3.82333746529e-05
        var: 7.20135290067e-07
    spectral_rolloff:
        dmean: 562.680847168
        dmean2: 809.789489746
        dvar: 421952.75
        dvar2: 852456.3125
        max: 9173.14453125
        mean: 4094.26928711
        min: 129.19921875
        var: 1389461.125
    spectral_skewness:
        dmean: 0.21530367434
        dmean2: 0.327920943499
        dvar: 0.0415514148772
        dvar2: 0.08293094486
        max: 2.21757769585
        mean: 1.12332642078
        min: -0.261514902115
        var: 0.140339791775
    spectral_spread:
        dmean: 998975.6875
        dmean2: 1449410.25
        dvar: 846366769152
        dvar2: 1.61410777088e+12
        max: 14995956
        mean: 6078016.5
        min: 2319482
        var: 3.04454382387e+12
    spectral_strongpeak:
        dmean: 0.751226425171
        dmean2: 1.28842198849
        dvar: 1.42466831207
        dvar2: 3.28974723816
        max: 9.60664558411
        mean: 0.858848571777
        min: 0.000575859914534
        var: 1.96646106243
    zerocrossingrate:
        dmean: 0.0180903635919
        dmean2: 0.0189823620021
        dvar: 0.00023881062225
        dvar2: 0.000316126359394
        max: 0.27587890625
        mean: 0.138797074556
        min: 0.03564453125
        var: 0.00162741495296
    barkbands:
        dmean: [6.52507253562e-07, 8.91047166078e-05, 0.000231618483667, 0.000109986882308, 0.000201256945729, 7.33424167265e-05, 7.16560971341e-05, 6.31574002909e-05, 6.15953540546e-05, 9.92054046947e-05, 4.69026927021e-05, 4.2009025492e-05, 4.09238746215e-05, 2.36498381128e-05, 5.21286165167e-05, 7.47094891267e-05, 0.000193680869415, 0.000343089428497, 0.00044967996655, 0.000493098807056, 0.000355012394721, 8.90164010343e-05, 1.85076842172e-05, 6.81445953887e-06, 3.18044726555e-06, 2.68583278284e-07, 1.3749474892e-09]
        dmean2: [9.8606631127e-07, 0.000141418495332, 0.000421966396971, 0.000198948851903, 0.000381379621103, 0.000118735959404, 0.000126190541778, 0.000108219028334, 0.000106219216832, 0.000164637764101, 7.39139286452e-05, 7.07589133526e-05, 6.63346800138e-05, 3.86579376936e-05, 8.84146356839e-05, 0.000132028348162, 0.000321477476973, 0.000545182207134, 0.000705065845978, 0.000773467123508, 0.000541915651411, 0.00014121174172, 2.78011211776e-05, 1.01770347101e-05, 4.5169981604e-06, 3.52827157712e-07, 2.13071360555e-09]
        dvar: [1.07122123671e-12, 4.25124078163e-08, 4.22007303769e-07, 1.22415627857e-07, 6.02484419687e-07, 1.35246862598e-08, 1.79940293776e-08, 2.05977084278e-08, 1.81175252578e-08, 4.89930975789e-08, 6.54007337175e-09, 4.92317120404e-09, 4.51384574163e-09, 1.19670506837e-09, 8.11618239283e-09, 1.55533097512e-08, 1.06791901544e-07, 3.62659875464e-07, 5.41903204976e-07, 7.75465650804e-07, 4.1778588411e-07, 4.51331416684e-08, 3.35909056126e-09, 4.04973554691e-10, 8.34790847559e-11, 3.05761492514e-13, 1.13883207527e-17]
        dvar2: [2.50600668689e-12, 9.53379810653e-08, 1.17654212772e-06, 3.39389686133e-07, 1.76134165031e-06, 3.26929452399e-08, 4.83596984679e-08, 5.34396420449e-08, 4.91620397725e-08, 1.24810696889e-07, 1.58524162686e-08, 1.30550423805e-08, 9.99510252342e-09, 2.87775248076e-09, 2.0897163111e-08, 4.0023586223e-08, 2.63140606194e-07, 7.93131334831e-07, 1.04949901925e-06, 1.61870434567e-06, 8.63639797899e-07, 1.02106454847e-07, 7.48577377863e-09, 7.28513027681e-10, 1.24759466646e-10, 5.03832761102e-13, 2.63497590035e-17]
        max: [1.50497917275e-05, 0.00176062248647, 0.00451733684167, 0.00283522158861, 0.0063891177997, 0.000855004589539, 0.000771120365243, 0.000880261592101, 0.000866886926815, 0.00138809473719, 0.000788010715041, 0.00053980993107, 0.000467066536658, 0.000224720715778, 0.000477757537737, 0.000724233221263, 0.00212641712278, 0.00522694643587, 0.00484126200899, 0.00579951517284, 0.00574080273509, 0.00172004743945, 0.000527552561834, 0.000219556328375, 0.000162315889611, 9.22179333429e-06, 3.86042948719e-08]
        mean: [1.21671337183e-06, 0.000129106949316, 0.000153902714374, 7.4957140896e-05, 0.000134337722557, 7.85073352745e-05, 7.23949924577e-05, 5.32022786501e-05, 5.24298920936e-05, 7.86502569099e-05, 5.20941466675e-05, 4.18103554694e-05, 4.17530463892e-05, 2.59849239228e-05, 4.98457920912e-05, 6.8831956014e-05, 0.000177485591848, 0.000321181258187, 0.00046837629634, 0.000565397844184, 0.000408640305977, 9.75237417151e-05, 2.03823019547e-05, 8.1430962382e-06, 4.14428677686e-06, 3.70987095266e-07, 1.49689194373e-09]
        min: [5.2501891723e-11, 7.04433418264e-08, 1.41246886187e-07, 1.69843247022e-07, 2.03599185511e-07, 5.50748140427e-08, 1.44145346326e-07, 3.61166740959e-08, 6.5602629995e-09, 1.04654973576e-09, 4.416930377e-09, 3.98229040854e-08, 1.58157433816e-08, 1.59269024635e-08, 1.09723563568e-08, 4.02860820259e-08, 2.12444852821e-08, 6.02060694632e-08, 4.27933031233e-08, 8.21054300104e-08, 2.90832758765e-07, 3.76831899018e-08, 2.32308638992e-09, 2.27682117604e-09, 6.9847061468e-10, 1.45405701368e-10, 7.15583787971e-13]
        var: [3.71892360657e-12, 6.30930188095e-08, 2.60882700331e-07, 7.63677547866e-08, 3.26707095155e-07, 1.43275622477e-08, 1.65224527393e-08, 1.59018931356e-08, 1.34910491667e-08, 4.02355944118e-08, 7.86190845758e-09, 4.05856992458e-09, 5.13350029152e-09, 1.36022926256e-09, 7.88678811148e-09, 1.42299807493e-08, 1.01241695916e-07, 4.00252929467e-07, 6.72317696626e-07, 1.17653303278e-06, 5.4569409258e-07, 4.51409327695e-08, 3.72653108371e-09, 5.38836197883e-10, 1.46150744285e-10, 8.52278751046e-13, 1.33624154087e-17]
    mfcc:
        mean: [-742.020935059, 68.3974151611, -32.1222076416, 55.6619186401, -19.828327179, 0.835624158382, 6.92596578598, 0.74237036705, 1.55284714699, -6.94323635101, -1.56556248665, 2.05854487419, 0.848704814911]
        cov: [[3578.96606445, -431.729614258, -459.518951416, -175.408096313, -221.368133545, -315.436157227, -98.0175018311, -140.943756104, -140.552124023, -9.22436618805, -107.016616821, -156.722091675, -168.114181519], [-431.729614258, 419.809692383, 7.18537139893, 21.133808136, 101.292999268, 39.9713363647, -0.570118546486, 17.0935840607, 18.1590042114, 13.3848762512, 24.7509689331, 17.3651580811, 33.2948036194], [-459.518951416, 7.18537139893, 403.256896973, 104.236053467, 47.5096511841, 132.686035156, 36.8587036133, 56.8114929199, 41.4603614807, 26.0331897736, 34.5149002075, 51.9127807617, 49.7194976807], [-175.408096313, 21.133808136, 104.236053467, 344.371429443, 65.4718322754, 53.4234809875, 90.5087738037, 42.9378509521, 25.9286022186, 55.8532180786, 35.5424995422, 30.3399505615, 28.9566478729], [-221.368133545, 101.292999268, 47.5096511841, 65.4718322754, 274.615631104, 82.370010376, 11.4905853271, 53.4910697937, 25.5780162811, 37.5446853638, 20.4209518433, -10.0134820938, 17.0700874329], [-315.436157227, 39.9713363647, 132.686035156, 53.4234809875, 82.370010376, 274.207336426, 50.2205200195, 21.6917324066, 76.2795791626, 24.2718410492, 5.07066679001, 21.0378856659, 14.682975769], [-98.0175018311, -0.570118546486, 36.8587036133, 90.5087738037, 11.4905853271, 50.2205200195, 174.245910645, 19.3215007782, 0.946179807186, 38.5312652588, 8.40061664581, 7.99966812134, 11.7534656525], [-140.943756104, 17.0935840607, 56.8114929199, 42.9378509521, 53.4910697937, 21.6917324066, 19.3215007782, 160.409912109, 19.4436779022, 4.24589967728, 27.458398819, 18.100440979, 33.0669021606], [-140.552124023, 18.1590042114, 41.4603614807, 25.9286022186, 25.5780162811, 76.2795791626, 0.946179807186, 19.4436779022, 128.525009155, 11.8982572556, -2.7819480896, 35.1911811829, 15.5577096939], [-9.22436618805, 13.3848762512, 26.0331897736, 55.8532180786, 37.5446853638, 24.2718410492, 38.5312652588, 4.24589967728, 11.8982572556, 128.560928345, 25.3775424957, -4.91951036453, 36.7693862915], [-107.016616821, 24.7509689331, 34.5149002075, 35.5424995422, 20.4209518433, 5.07066679001, 8.40061664581, 27.458398819, -2.7819480896, 25.3775424957, 100.263504028, 18.8380222321, 1.91621744633], [-156.722091675, 17.3651580811, 51.9127807617, 30.3399505615, -10.0134820938, 21.0378856659, 7.99966812134, 18.100440979, 35.1911811829, -4.91951036453, 18.8380222321, 101.964324951, 12.9685153961], [-168.114181519, 33.2948036194, 49.7194976807, 28.9566478729, 17.0700874329, 14.682975769, 11.7534656525, 33.0669021606, 15.5577096939, 36.7693862915, 1.91621744633, 12.9685153961, 91.3639907837]]
        icov: [[0.000432729924796, 0.000331122661009, 0.0002909853647, -2.22023445531e-05, 0.000116624236398, 0.000203641902772, 0.000153586021042, -3.29557551595e-05, 0.000102697769762, -0.000387681735447, 0.000293066434097, 0.000251073099207, 0.00055866438197], [0.000331122661009, 0.00302623072639, 0.000537500716746, 3.93609552702e-05, -0.000955922645517, -5.71778255107e-05, 0.000169090330019, 0.000326897628838, 7.78103567427e-05, 9.77705276455e-05, -0.000452822394436, -0.000287888309686, -0.000753024884034], [0.0002909853647, 0.000537500716746, 0.00371776055545, -0.000634956581052, 8.88248396222e-05, -0.00145454611629, 0.000311933486955, -0.000461987685412, 0.000452056643553, -1.00203351394e-05, -0.000515026389621, -0.000906855450012, -0.00107156252488], [-2.22023445531e-05, 3.93609552702e-05, -0.000634956581052, 0.00390950776637, -0.000660146819428, 0.000268552685156, -0.00168440386187, -0.000203231014893, -0.000355398515239, -0.000768034835346, -0.000578733102884, -0.000626648019534, -0.000107603882498], [0.000116624236398, -0.000955922645517, 8.88248396222e-05, -0.000660146819428, 0.00501763029024, -0.00118238537107, 0.000716999114957, -0.00151034048758, -4.34626927017e-05, -0.00118363741785, -6.03734315519e-06, 0.00130812916905, 0.000728976854589], [0.000203641902772, -5.71778255107e-05, -0.00145454611629, 0.000268552685156, -0.00118238537107, 0.00583882210776, -0.00141193484887, 0.000437558133854, -0.00284836580977, -0.000215707535972, 0.0004509636492, 0.00047009246191, 0.000903476728126], [0.000153586021042, 0.000169090330019, 0.000311933486955, -0.00168440386187, 0.000716999114957, -0.00141193484887, 0.00744301592931, -0.000808085023891, 0.00134875311051, -0.00192732363939, 0.000703914673068, -0.000292133743642, 0.000585681060329], [-3.29557551595e-05, 0.000326897628838, -0.000461987685412, -0.000203231014893, -0.00151034048758, 0.000437558133854, -0.000808085023891, 0.0079766754061, -0.000835566665046, 0.00180194654968, -0.00208908086643, -0.000267113675363, -0.00293626147322], [0.000102697769762, 7.78103567427e-05, 0.000452056643553, -0.000355398515239, -4.34626927017e-05, -0.00284836580977, 0.00134875311051, -0.000835566665046, 0.0107135511935, -0.00109668099321, 0.0015395298833, -0.00334836635739, -0.000317957892548], [-0.000387681735447, 9.77705276455e-05, -1.00203351394e-05, -0.000768034835346, -0.00118363741785, -0.000215707535972, -0.00192732363939, 0.00180194654968, -0.00109668099321, 0.0112714972347, -0.00332249049097, 0.00157205376308, -0.00515144923702], [0.000293066434097, -0.000452822394436, -0.000515026389621, -0.000578733102884, -6.03734315519e-06, 0.0004509636492, 0.000703914673068, -0.00208908086643, 0.0015395298833, -0.00332249049097, 0.012511594221, -0.00218614004552, 0.00288503454067], [0.000251073099207, -0.000287888309686, -0.000906855450012, -0.000626648019534, 0.00130812916905, 0.00047009246191, -0.000292133743642, -0.000267113675363, -0.00334836635739, 0.00157205376308, -0.00218614004552, 0.012722930871, -0.000749275670387], [0.00055866438197, -0.000753024884034, -0.00107156252488, -0.000107603882498, 0.000728976854589, 0.000903476728126, 0.000585681060329, -0.00293626147322, -0.000317957892548, -0.00515144923702, 0.00288503454067, -0.000749275670387, 0.0157440081239]]
    spectral_contrast:
        mean: [3.09390145503e-07, -1.14719838962e-07, 3.41788854996e-08, -1.71380719394e-07, -2.35062884713e-07, -4.4469025795e-08, -2.64441769104e-06, -1.38118832638e-06, 1.60765819146e-06, 1.72436659795e-06, -7.0038930744e-07, 1.2626736634e-06]
        var: [0.00105622271076, 0.00168866280001, 0.00195772782899, 0.00242259213701, 0.00294646248221, 0.00537627609447, 0.0827768146992, 0.097689807415, 0.152424022555, 0.192077815533, 0.359498858452, 1.91949892044]

rhythm:
    beats_loudness:
        dmean: 0.00278216530569
        dmean2: 0.00485180690885
        dvar: 2.21875416173e-06
        dvar2: 5.72702265345e-06
        max: 0.00909592211246
        mean: 0.00376083678566
        min: 0.00035805880907
        var: 5.71632290303e-06
    beats_loudness_bass:
        dmean: 0.360364407301
        dmean2: 0.699971675873
        dvar: 0.0974347814918
        dvar2: 0.315741240978
        max: 0.840110778809
        mean: 0.238589137793
        min: 0.00447991490364
        var: 0.0896473154426
    bpm: 132.621459961
    bpm_confidence: 0
    first_peak_bpm: 132
    first_peak_spread: 0
    first_peak_weight: 0.952381014824
    onset_rate: 7.33472776413
    second_peak_bpm: 120
    second_peak_spread: 0
    second_peak_weight: 0.047619048506
    beats_position: [0.174079582095, 0.628251552582, 1.08242356777, 1.53659546375, 1.99076735973, 2.44493937492, 2.8991112709, 3.3532834053, 3.80745530128, 4.26162719727, 4.71579933167, 5.16997098923, 5.62414312363, 6.1227478981, 6.57412672043, 7.02550506592, 7.47688341141, 7.92826223373, 8.3796415329, 8.83101940155, 9.28239822388, 9.7337770462]
    bpm_estimates: [132.158584595, 132.074905396, 132.040420532, 132.005081177, 132.22076416, 132.151733398, 132.790527344, 132.558135986, 133.587890625, 132.846343994, 133.257369995, 133.544754028, 133.913772583, 132.855560303, 132.273849487, 131.663757324]
    bpm_intervals: [0.454171955585, 0.45417201519, 0.454171895981, 0.454171895981, 0.45417201519, 0.454171895981, 0.454172134399, 0.454171895981, 0.454171895981, 0.454172134399, 0.454171657562, 0.454172134399, 0.498604774475, 0.451378822327, 0.45137834549, 0.45137834549, 0.451378822327, 0.451379299164, 0.451377868652, 0.451378822327, 0.451378822327]
    onset_times: [0.0464399084449, 0.174149662256, 0.290249437094, 0.383129239082, 0.53405892849, 0.626938760281, 0.743038535118, 0.870748281479, 0.975238084793, 1.09133791924, 1.2190476656, 1.31192743778, 1.54412698746, 1.764716506, 1.89242625237, 2.11301589012, 2.20589566231, 2.35682535172, 2.46131515503, 2.67029476166, 2.83283448219, 2.91410422325, 3.04181408882, 3.13469386101, 3.26240372658, 3.3785033226, 3.49460315704, 3.59909296036, 3.73841261864, 3.83129262924, 3.94739222527, 4.051882267, 4.19120168686, 4.29569149017, 4.51628112793, 4.65560102463, 4.74848079681, 4.86458063126, 5.0967798233, 5.21287965775, 5.32897949219, 5.4334692955, 5.56117916107, 5.78176879883, 5.87464857101, 6.03718805313, 6.11845827103, 6.33904743195, 6.47836732864, 6.58285713196, 6.6989569664, 6.80344676971, 6.93115663528, 7.04725646973, 7.16335582733, 7.25623559952, 7.39555549622, 7.4884352684, 7.61614513397, 7.70902490616, 7.94122457504, 8.06893444061, 8.16181373596, 8.31274414062, 8.39401340485, 8.55655288696, 8.6146030426, 8.84680271149, 9.10222244263, 9.21832180023, 9.32281208038, 9.45052146912, 9.79882049561]
    rubato_start: []
    rubato_stop: []
    perceptual_tempo: "unknown"

sfx:
    inharmonicity:
        dmean: 0.0758693888783
        dmean2: 0.133534684777
        dvar: 0.00511827180162
        dvar2: 0.0136568667367
        max: 0.376439154148
        mean: 0.0850868672132
        min: 0
        var: 0.0062220422551
    oddtoevenharmonicenergyratio:
        dmean: 141.1224823
        dmean2: 281.674987793
        dvar: 3194569
        dvar2: 9585368
        max: 26187
        mean: 71.2800674438
        min: 0
        var: 1599231.5
    pitch_after_max_to_before_max_energy_ratio: 2.05866956711
    pitch_centroid: 224.813827515
    pitch_max_to_total: 0.417249411345
    pitch_min_to_total: 0.340326339006
    tristimulus:
        dmean: [0.161140292883, 0.303391069174, 0.219446480274]
        dmean2: [0.277477711439, 0.528975844383, 0.369703352451]
        dvar: [0.0265355352312, 0.0602926239371, 0.0337108075619]
        dvar2: [0.0713485628366, 0.185325503349, 0.0895300209522]
        max: [1, 0.983007371426, 0.905178964138]
        mean: [0.221620470285, 0.432877510786, 0.234244093299]
        min: [0.00524144712836, 0, 0]
        var: [0.0351374819875, 0.0786104798317, 0.052566383034]

tonal:
    chords_changes_rate: 0.087962962687
    chords_number_rate: 0.0324074067175
    chords_strength:
        dmean: 0.0122507615015
        dmean2: 0.017838485539
        dvar: 9.61284531513e-05
        dvar2: 0.000187153375009
        max: 0.52249366045
        mean: 0.410015851259
        min: 0.280697464943
        var: 0.00475441105664
    key_strength: 0.294469594955
    tuning_diatonic_strength: 0.358639478683
    tuning_equal_tempered_deviation: 0.162637084723
    tuning_frequency: 439.745910645
    tuning_nontempered_energy_ratio: 0.820866942406
    hpcp:
        dmean: [0.275819212198, 0.29634514451, 0.271360397339, 0.241206005216, 0.226485475898, 0.239775344729, 0.302353024483, 0.284326672554, 0.238957390189, 0.235268011689, 0.211385503411, 0.174449428916, 0.227683708072, 0.251770943403, 0.217319890857, 0.207776412368, 0.198792278767, 0.210263118148, 0.203300327063, 0.170620813966, 0.204867273569, 0.193740323186, 0.151393175125, 0.17666362226, 0.228996634483, 0.236717939377, 0.191285833716, 0.188019663095, 0.192775636911, 0.183913514018, 0.163612961769, 0.168340489268, 0.180326849222, 0.195563048124, 0.197514429688, 0.243514835835]
        dmean2: [0.453961521387, 0.48742210865, 0.450778245926, 0.411976575851, 0.376807451248, 0.4077655375, 0.539048194885, 0.501016616821, 0.413189232349, 0.422993123531, 0.376481205225, 0.294695407152, 0.378932267427, 0.424739092588, 0.368423461914, 0.354228585958, 0.336355149746, 0.347998470068, 0.341069221497, 0.284997552633, 0.349344402552, 0.339823693037, 0.269212067127, 0.296873062849, 0.383420467377, 0.410159885883, 0.338526934385, 0.326400399208, 0.338655054569, 0.322132050991, 0.283710539341, 0.299662679434, 0.311044096947, 0.339196830988, 0.334110736847, 0.419383525848]
        dvar: [0.0605711601675, 0.0691038966179, 0.0544068440795, 0.0533567927778, 0.0390768051147, 0.0432957597077, 0.0621918030083, 0.0653183832765, 0.0510459430516, 0.0569248013198, 0.0457337088883, 0.0293751228601, 0.0418196134269, 0.0547419823706, 0.0416705496609, 0.0377989523113, 0.044680789113, 0.0454985164106, 0.0450264587998, 0.027188681066, 0.0425539091229, 0.0348210074008, 0.0324397049844, 0.0454357601702, 0.0639738962054, 0.0637131780386, 0.0307953692973, 0.0370477177203, 0.0400294736028, 0.0459895394742, 0.0358516648412, 0.0407689064741, 0.0366793870926, 0.0416760854423, 0.0400321371853, 0.0501226484776]
        dvar2: [0.165303826332, 0.152499139309, 0.125852435827, 0.124635405838, 0.0935705304146, 0.110754780471, 0.145751073956, 0.165674030781, 0.129381999373, 0.151507258415, 0.120230808854, 0.0738345012069, 0.104187704623, 0.142896279693, 0.107342690229, 0.0945603623986, 0.104102499783, 0.122628673911, 0.112055003643, 0.0628287494183, 0.106352113187, 0.0966342389584, 0.0920250639319, 0.116848364472, 0.13920982182, 0.14447106421, 0.0751519054174, 0.0942172184587, 0.104429081082, 0.129025444388, 0.103783011436, 0.116729006171, 0.109522916377, 0.110324271023, 0.110541924834, 0.14236138761]
        max: [1, 1, 1, 1, 1, 1, 1, 1, 1, 1, 1, 1, 1, 1, 1, 1, 1, 1, 1, 1, 1, 1, 0.964429497719, 1, 1, 1, 0.926018238068, 1, 1, 1, 1, 1, 1, 1, 1, 1]
        mean: [0.402015805244, 0.400378495455, 0.35677549243, 0.33803370595, 0.347072839737, 0.400282919407, 0.489068806171, 0.417101025581, 0.283559560776, 0.250704705715, 0.231919705868, 0.239467203617, 0.32690602541, 0.357320457697, 0.293068915606, 0.2720939219, 0.278452247381, 0.294851064682, 0.284921050072, 0.22206504643, 0.22933600843, 0.212343916297, 0.164140224457, 0.189790904522, 0.246360242367, 0.257074773312, 0.236217573285, 0.249918341637, 0.239537551999, 0.19829455018, 0.183392599225, 0.203247234225, 0.217762678862, 0.216716572642, 0.240043371916, 0.330866008997]
        min: [0.00701926834881, 0.00656189769506, 2.90451353067e-05, 0, 0, 0, 0.000134688030812, 0.0181023273617, 0.00630520051345, 0.0077922269702, 0.00381267722696, 0.00403730245307, 0.00606425665319, 0.00538752926514, 0.00262892385945, 0.00367213203572, 0.00679277209565, 0.0059952144511, 0.0059354826808, 0.00346872350201, 0.003595397342, 0.00238044653088, 0, 0, 0, 0, 0.00503829633817, 0.006292110309, 0.00563381426036, 0.00407368736342, 0.00447859382257, 0, 0, 0, 0, 0.0058401832357]
        var: [0.0893711000681, 0.109226770699, 0.0879040881991, 0.0757751166821, 0.0676680505276, 0.0775319710374, 0.100095257163, 0.0816893205047, 0.0603333301842, 0.0610564500093, 0.0521897301078, 0.0424741208553, 0.0703637003899, 0.0815265700221, 0.0603807158768, 0.0533631742001, 0.0581661649048, 0.0642671957612, 0.0672255158424, 0.0387334637344, 0.0520750507712, 0.040757805109, 0.0285007078201, 0.0442782565951, 0.0829647630453, 0.0826090350747, 0.0417632386088, 0.0445809178054, 0.0422926954925, 0.0405493788421, 0.0324764698744, 0.0370379500091, 0.0387058928609, 0.0461569540203, 0.046879902482, 0.0630882680416]
    chords_histogram: [17.5925922394, 0, 0, 33.3333320618, 2.31481480598, 0, 0, 0, 0, 0, 1.85185182095, 4.16666650772, 0, 0, 0, 0, 0, 21.2962970734, 0, 0, 0, 0, 0, 19.4444446564]
    thpcp: [1, 0.852847337723, 0.579794824123, 0.512616455555, 0.474206715822, 0.48963907361, 0.668425440788, 0.73061388731, 0.599238634109, 0.556351006031, 0.569351911545, 0.602882564068, 0.582578659058, 0.454056859016, 0.468923807144, 0.434180051088, 0.335617870092, 0.388065844774, 0.503733277321, 0.525641322136, 0.482994556427, 0.511008560658, 0.48978292942, 0.405453264713, 0.374983221292, 0.415580034256, 0.445259809494, 0.443120837212, 0.490817189217, 0.676522433758, 0.822002530098, 0.818654716015, 0.729499578476, 0.691178202629, 0.70966053009, 0.818459331989]
    chords_key: "A#"
    chords_scale: "minor"
    key_key: "B"
    key_scale: "major"
    chords_progression: ["A#m", "A#m", "A#m", "A#m", "A#m", "A#m", "A#m", "A#m", "A#m", "A#m", "A#m", "A#m", "A#m", "A#m", "A#m", "A#m", "A#m", "A#m", "A#m", "A#m", "A#m", "A#m", "A#m", "A#m", "A#m", "A#m", "A#m", "A#m", "A#m", "A#m", "A#m", "A#m", "A#m", "A#m", "A#m", "A#m", "A#m", "A#m", "A#m", "A#m", "A#m", "A#m", "A#m", "A#m", "A#m", "A#m", "A#m", "A#m", "A#m", "A#m", "A#m", "A#m", "A#m", "A#m", "A#m", "Dm", "A#m", "A#m", "A#m", "A#m", "A#m", "A#m", "A#m", "A#m", "A#m", "A#m", "A#m", "A#m", "A#m", "A#m", "G#m", "G#m", "G#m", "B", "G#m", "Bm", "Bm", "A#", "Dm", "Dm", "A#", "G#m", "A#", "A#", "C#", "C#", "C#", "C#", "C#", "G#m", "G#m", "G#m", "G#m", "G#m", "G#m", "G#m", "G#m", "G#m", "G#m", "G#m", "G#m", "G#m", "G#m", "G#m", "G#m", "G#m", "G#m", "G#m", "G#m", "G#m", "G#m", "G#m", "G#m", "G#m", "G#m", "G#m", "G#m", "G#m", "G#m", "G#m", "G#m", "G#m", "G#m", "G#m", "G#m", "G#m", "B", "B", "B", "B", "B", "B", "B", "B", "Bm", "Bm", "Bm", "Bm", "Bm", "Bm", "Bm", "Bm", "Bm", "Bm", "Bm", "Bm", "Bm", "Bm", "Bm", "Bm", "Bm", "Bm", "Bm", "Bm", "Bm", "Bm", "Bm", "Bm", "Bm", "Bm", "Bm", "Bm", "Bm", "Bm", "Bm", "Bm", "Bm", "Bm", "Bm", "Bm", "Bm", "Bm", "Bm", "Bm", "Bm", "Bm", "Bm", "Bm", "B", "B", "B", "B", "B", "B", "B", "B", "B", "B", "B", "B", "B", "B", "B", "B", "B", "A#m", "A#m", "A#m", "B", "B", "B", "B", "B", "B", "B", "B", "B", "B", "B", "B", "Dm", "Dm", "Dm", "Dm", "Dm", "Dm"]
