
metadata:
    version:
        essentia: "1.2.2"
    audio_properties:
        analysis_sample_rate: 44100
        bitrate: 128
        channels: 2
        equal_loudness: 1
        length: 10.0571432114
        replay_gain: -11.9223480225
        downmix: "mix"
    tags:
        track: 22
        year: 0
        album: "Splitted by Mp3Splt v. 2.1"
        artist: "From 003.30 To 003.40"
        comment: "http://mp3splt.sf.net"
        genre: ""
        title: "03 Funktion.mp3"

highlevel:
    ballroom:
        all:
            ChaChaCha: 0.169480204582
            Jive: 0.319158017635
            Quickstep: 0.0517163723707
            Rumba-American: 0.000730674306396
            Rumba-International: 0.00287977745757
            Rumba-Misc: 0.000615344091784
            Samba: 0.454741150141
            Tango: 0.000190550112166
            VienneseWaltz: 0.000244144292083
            Waltz: 0.000243793212576
        probability: 0.454741150141
        value: "Samba"
    culture:
        all:
            non_western: 0.0457856208086
            western: 0.954214394093
        probability: 0.954214394093
        value: "western"
    gender:
        all:
            female: 0.899708926678
            male: 0.100291073322
        probability: 0.899708926678
        value: "female"
    genre_dortmund:
        all:
            alternative: 0.0122152417898
            blues: 0.0124783944339
            electronic: 0.584039151669
            folkcountry: 0.00403045210987
            funksoulrnb: 0.0303414240479
            jazz: 0.233296081424
            pop: 0.020271487534
            raphiphop: 0.0286106076092
            rock: 0.0747171416879
        probability: 0.584039151669
        value: "electronic"
    genre_electronica:
        all:
            ambient: 0.0443500354886
            dnb: 0.715777635574
            house: 0.0371094420552
            techno: 0.0569641925395
            trance: 0.145798712969
        probability: 0.715777635574
        value: "dnb"
    genre_rosamerica:
        all:
            cla: 0.0221415944397
            dan: 0.243929341435
            hip: 0.112361863256
            jaz: 0.0352073833346
            pop: 0.290612131357
            rhy: 0.131000041962
            roc: 0.144747287035
            spe: 0.0200003385544
        probability: 0.290612131357
        value: "pop"
    genre_tzanetakis:
        all:
            blu: 0.00105748139322
            cla: 0.00172048341483
            cou: 0.00132273440249
            dis: 0.0639027357101
            hip: 0.434980869293
            jaz: 0.00525873620063
            met: 0.0144452881068
            pop: 0.360090225935
            reg: 0.0778720602393
            roc: 0.0393493808806
        probability: 0.434980869293
        value: "hip"
    live_studio:
        all:
            live: 0.0392857864499
            studio: 0.960714221001
        probability: 0.960714221001
        value: "studio"
    mood:
        all:
            Cluster1: 0.318913161755
            Cluster2: 0.250920653343
            Cluster3: 0.0121720489115
            Cluster4: 0.112560994923
            Cluster5: 0.305433124304
        probability: 0.318913161755
        value: "Cluster1"
    mood_acoustic:
        all:
            acoustic: 0.0247763358057
            not_acoustic: 0.975223660469
        probability: 0.975223660469
        value: "not_acoustic"
    mood_aggressive:
        all:
            aggressive: 0.746755540371
            not_aggressive: 0.253244489431
        probability: 0.746755540371
        value: "aggressive"
    mood_electronic:
        all:
            electronic: 0.973446249962
            not_electronic: 0.0265537537634
        probability: 0.973446249962
        value: "electronic"
    mood_happy:
        all:
            happy: 0.285933017731
            not_happy: 0.714066982269
        probability: 0.714066982269
        value: "not_happy"
    mood_party:
        all:
            not_party: 0.0568413063884
            party: 0.943158686161
        probability: 0.943158686161
        value: "party"
    mood_relaxed:
        all:
            not_relaxed: 0.520533442497
            relaxed: 0.479466557503
        probability: 0.520533442497
        value: "not_relaxed"
    mood_sad:
        all:
            not_sad: 0.951229631901
            sad: 0.048770390451
        probability: 0.951229631901
        value: "not_sad"
    rhythm:
        all:
            fast: 0.0894414633512
            medium: 0.791071355343
            slow: 0.119487181306
        probability: 0.791071355343
        value: "medium"
    speech_music:
        all:
            music: 0.889997959137
            speech: 0.110002018511
        probability: 0.889997959137
        value: "music"
    timbre:
        all:
            bright: 0.167698487639
            dark: 0.832301497459
        probability: 0.832301497459
        value: "dark"
    voice_instrumental:
        all:
            instrumental: 0.273514002562
            voice: 0.726486027241
        probability: 0.726486027241
        value: "voice"

lowlevel:
    average_loudness: 0.981519162655
    barkbands_kurtosis:
        dmean: 4.74423217773
        dmean2: 7.21932649612
        dvar: 82.4443283081
        dvar2: 177.875564575
        max: 93.23853302
        mean: 4.53119421005
        min: -1.89094603062
        var: 143.450958252
    barkbands_skewness:
        dmean: 0.899315357208
        dmean2: 1.16141271591
        dvar: 0.775566160679
        dvar2: 1.4188387394
        max: 7.73742294312
        mean: 0.953323423862
        min: -2.93926024437
        var: 3.63867139816
    barkbands_spread:
        dmean: 10.2197980881
        dmean2: 15.0422534943
        dvar: 118.568244934
        dvar2: 239.125564575
        max: 78.9762496948
        mean: 28.9644069672
        min: 1.16098475456
        var: 273.749237061
    dissonance:
        dmean: 0.0177719891071
        dmean2: 0.0294709596783
        dvar: 0.000601250678301
        dvar2: 0.0011049201712
        max: 0.499985218048
        mean: 0.47317185998
        min: 0.0619740411639
        var: 0.00100958172698
    hfc:
        dmean: 2.98528790474
        dmean2: 3.90765976906
        dvar: 27.0233154297
        dvar2: 44.105255127
        max: 35.694229126
        mean: 4.30994462967
        min: 0.000294865691103
        var: 46.483833313
    pitch:
        dmean: 995.490112305
        dmean2: 1879.7166748
        dvar: 2066252.125
        dvar2: 4063082.25
        max: 4410
        mean: 1716.78674316
        min: 72.4137954712
        var: 3013759.75
    pitch_instantaneous_confidence:
        dmean: 0.0983208566904
        dmean2: 0.150916755199
        dvar: 0.00628253305331
        dvar2: 0.0133356470615
        max: 0.794559299946
        mean: 0.380794763565
        min: 0.146894395351
        var: 0.0183296389878
    pitch_salience:
        dmean: 0.0701154395938
        dmean2: 0.113142684102
        dvar: 0.00413981871679
        dvar2: 0.00996302906424
        max: 0.955485105515
        mean: 0.647319793701
        min: 0.280983775854
        var: 0.0121856573969
    silence_rate_20dB:
        dmean: 0
        dmean2: 0
        dvar: 0
        dvar2: 0
        max: 1
        mean: 1
        min: 1
        var: 0
    silence_rate_30dB:
        dmean: 0
        dmean2: 0
        dvar: 0
        dvar2: 0
        max: 1
        mean: 1
        min: 1
        var: 0
    silence_rate_60dB:
        dmean: 0.152424946427
        dmean2: 0.305555552244
        dvar: 0.129190951586
        dvar2: 0.216820582747
        max: 1
        mean: 0.728110611439
        min: 0
        var: 0.197965174913
    spectral_centroid:
        dmean: 476.952514648
        dmean2: 594.553405762
        dvar: 221246.015625
        dvar2: 333907.28125
        max: 4024.95532227
        mean: 1488.16467285
        min: 151.217559814
        var: 885339.3125
    spectral_complexity:
        dmean: 4.41995382309
        dmean2: 5.86279058456
        dvar: 45.7841720581
        dvar2: 67.2811965942
        max: 47
        mean: 7.41435194016
        min: 0
        var: 91.7658309937
    spectral_crest:
        dmean: 2.71736168861
        dmean2: 4.19938373566
        dvar: 6.56805849075
        dvar2: 14.5678710938
        max: 23.1310253143
        mean: 9.22767448425
        min: 2.90889596939
        var: 19.6277141571
    spectral_decrease:
        dmean: 4.04136779597e-10
        dmean2: 5.98101845828e-10
        dvar: 4.42271553246e-19
        dvar2: 1.11425509171e-18
        max: -3.95196367493e-14
        mean: -6.1238103477e-10
        min: -3.80749298756e-09
        var: 5.14828941447e-19
    spectral_energy:
        dmean: 0.00176267407369
        dmean2: 0.00254601822235
        dvar: 7.91768343333e-06
        dvar2: 1.87914502021e-05
        max: 0.0152109609917
        mean: 0.00270219170488
        min: 1.75901732291e-07
        var: 9.99283474812e-06
    spectral_energyband_high:
        dmean: 0.000281240529148
        dmean2: 0.000357050157618
        dvar: 2.1743417733e-07
        dvar2: 3.82714290481e-07
        max: 0.00384226161987
        mean: 0.000333913922077
        min: 3.26496589764e-08
        var: 3.49049940951e-07
    spectral_energyband_low:
        dmean: 0.000130219297716
        dmean2: 0.000188691759831
        dvar: 7.01542930415e-08
        dvar2: 1.5423400157e-07
        max: 0.00244264863431
        mean: 0.000205643096706
        min: 5.34289235077e-09
        var: 9.87106574257e-08
    spectral_energyband_middle_high:
        dmean: 0.000584920984693
        dmean2: 0.000775595777668
        dvar: 1.10914152174e-06
        dvar2: 1.90979494619e-06
        max: 0.00700108427554
        mean: 0.000951207184698
        min: 3.61619818534e-08
        var: 2.00814383788e-06
    spectral_energyband_middle_low:
        dmean: 0.00108967360575
        dmean2: 0.00186632177792
        dvar: 4.9233772188e-06
        dvar2: 1.34957790578e-05
        max: 0.0134371910244
        mean: 0.00121138372924
        min: 1.01531810515e-07
        var: 4.32702699982e-06
    spectral_flatness_db:
        dmean: 0.0289785992354
        dmean2: 0.0427012518048
        dvar: 0.000883345142938
        dvar2: 0.00196135020815
        max: 0.346088826656
        mean: 0.154499351978
        min: 0.0524674914777
        var: 0.00289564975537
    spectral_flux:
        dmean: 0.0137541461736
        dmean2: 0.0187499243766
        dvar: 0.000291227712296
        dvar2: 0.000577906495892
        max: 0.112820163369
        mean: 0.0327291972935
        min: 0.00494442973286
        var: 0.000559028121643
    spectral_kurtosis:
        dmean: 1.97058689594
        dmean2: 3.03598690033
        dvar: 14.485496521
        dvar2: 36.6559295654
        max: 36.9481620789
        mean: 2.91704964638
        min: -0.229135036469
        var: 15.8612279892
    spectral_rms:
        dmean: 0.000469191756565
        dmean2: 0.000628438428976
        dvar: 3.45896864928e-07
        dvar2: 7.5485496609e-07
        max: 0.00385226705112
        mean: 0.00141204148531
        min: 1.31000551846e-05
        var: 6.42424197395e-07
    spectral_rolloff:
        dmean: 817.51171875
        dmean2: 1296.44897461
        dvar: 1233232.75
        dvar2: 2041821.625
        max: 5577.09960938
        mean: 2645.04467773
        min: 150.732421875
        var: 2935786
    spectral_skewness:
        dmean: 0.336513608694
        dmean2: 0.464481502771
        dvar: 0.191565185785
        dvar2: 0.437315642834
        max: 4.97565174103
        mean: 1.33650898933
        min: 0.394067704678
        var: 0.381133496761
    spectral_spread:
        dmean: 1013300.1875
        dmean2: 1319407.625
        dvar: 1.25370761216e+12
        dvar2: 1.67404044288e+12
        max: 25947042
        mean: 6201479
        min: 2122797.75
        var: 3.90381279642e+12
    spectral_strongpeak:
        dmean: 0.257315427065
        dmean2: 0.449203073978
        dvar: 0.21593490243
        dvar2: 0.533598959446
        max: 3.13316512108
        mean: 0.325676947832
        min: 0.00012295707711
        var: 0.207575574517
    zerocrossingrate:
        dmean: 0.0210108216852
        dmean2: 0.0201217290014
        dvar: 0.000265111797489
        dvar2: 0.000301532418234
        max: 0.1953125
        mean: 0.087574146688
        min: 0.00537109375
        var: 0.00186699116603
    barkbands:
        dmean: [1.89637844983e-07, 3.77748365281e-05, 0.000116433067888, 0.00023472441535, 0.000646226573735, 0.000185738390428, 7.89761397755e-05, 2.70968648692e-05, 5.45894981769e-05, 4.55724002677e-05, 4.49626968475e-05, 4.72247847938e-05, 6.48339264444e-05, 2.38935444941e-05, 3.19726423186e-05, 6.9786568929e-05, 4.64654331154e-05, 0.000117935640446, 0.000164004188264, 0.000208548706723, 9.65140206972e-05, 4.86865101266e-05, 1.40001166073e-05, 6.61212561681e-06, 3.2300181374e-06, 7.73089041672e-08, 2.30293228931e-09]
        dmean2: [2.6858785418e-07, 5.97863727307e-05, 0.00018180605548, 0.000407764106058, 0.00114148820285, 0.000345661741449, 0.000142463948578, 4.53828579339e-05, 9.2906273494e-05, 7.52059931983e-05, 6.81701494614e-05, 7.93467261246e-05, 0.000102265221358, 3.7106419768e-05, 5.02984657942e-05, 0.000102333491668, 7.16325594112e-05, 0.00017841362569, 0.000230544421356, 0.000283491710434, 0.000130380663904, 6.36323966319e-05, 1.84970431292e-05, 8.46607053973e-06, 4.55665849586e-06, 1.05037614162e-07, 3.48267570338e-09]
        dvar: [4.90748697376e-14, 4.83089301895e-09, 7.2091296488e-08, 3.58410829904e-07, 2.56650218944e-06, 2.51856079103e-07, 5.74269698461e-08, 2.771084473e-09, 2.05249381935e-08, 8.38167402151e-09, 8.39835134769e-09, 4.64231719732e-09, 1.14362439518e-08, 1.04758623998e-09, 3.66331298629e-09, 1.89790778649e-08, 9.22328169395e-09, 7.47232036247e-08, 8.61794333673e-08, 1.55394715762e-07, 3.78997313533e-08, 4.78803485748e-09, 5.91050597354e-10, 6.96002352973e-11, 1.84590797508e-11, 9.90888872555e-15, 8.64404587151e-16]
        dvar2: [1.0164137869e-13, 1.29387380809e-08, 1.77186691985e-07, 1.07086020762e-06, 7.31405134502e-06, 7.23344101061e-07, 1.60314215236e-07, 7.03581770622e-09, 5.3896098251e-08, 2.15367652601e-08, 1.9209277724e-08, 1.15572298398e-08, 2.22945679695e-08, 2.46836195927e-09, 6.86507206638e-09, 3.33517036211e-08, 1.67692011388e-08, 1.56034715815e-07, 1.61506434893e-07, 2.96452725479e-07, 6.7789393654e-08, 7.50945527983e-09, 1.03579600452e-09, 1.21429172273e-10, 3.87588468265e-11, 1.91442185455e-14, 2.16750839587e-15]
        max: [2.40193435275e-06, 0.00075657403795, 0.00226632785052, 0.00492180045694, 0.012208503671, 0.00312219304033, 0.00153171166312, 0.000379184493795, 0.00103334360756, 0.000680871191435, 0.000636535813101, 0.000511272868607, 0.000789976736996, 0.000271802506177, 0.000612685806118, 0.0014085379662, 0.000642343366053, 0.00197275588289, 0.00235460908152, 0.00329569191672, 0.00174377020448, 0.000569202529732, 0.000186108023627, 7.39958268241e-05, 2.84342713712e-05, 6.12044345871e-07, 4.33191331695e-07]
        mean: [6.66344419642e-07, 7.14396883268e-05, 0.00013358295837, 0.000253025296843, 0.000678005744703, 0.000128953310195, 6.1615202867e-05, 2.8766471587e-05, 4.99766101711e-05, 5.45961520402e-05, 5.28756754647e-05, 6.95972630638e-05, 0.000116640192573, 3.29541544488e-05, 4.18399176851e-05, 8.57632912812e-05, 5.52264937141e-05, 0.000124232523376, 0.000209390549571, 0.00025049620308, 0.000111462250061, 6.32979499642e-05, 1.66443969647e-05, 7.74950694904e-06, 3.31113574248e-06, 8.33927487065e-08, 1.30222443939e-09]
        min: [7.79935491191e-11, 1.77482795127e-09, 3.49791084986e-09, 5.97264016022e-09, 2.54309888703e-08, 3.15386436966e-08, 2.28263612456e-08, 9.55986045881e-09, 5.36608002477e-09, 5.27543830842e-09, 1.98739624757e-09, 4.33151203794e-09, 5.24801002655e-09, 3.2802591754e-09, 1.00085340016e-09, 8.20342904717e-10, 2.74836287062e-09, 2.49754461557e-09, 8.07312794393e-09, 1.40898404055e-08, 9.04315999861e-09, 7.06730407529e-09, 1.00357899768e-09, 1.05084085877e-09, 1.11059561547e-09, 5.29414394268e-11, 1.80313351598e-13]
        var: [4.08637343798e-13, 6.6484950878e-09, 7.2559380726e-08, 2.82629628146e-07, 2.09373411053e-06, 1.48529181843e-07, 3.61737733101e-08, 2.70528910384e-09, 1.61233462137e-08, 9.2327621104e-09, 1.06500923636e-08, 8.23460677424e-09, 3.51954163591e-08, 1.59535062938e-09, 6.24374330016e-09, 3.66888706083e-08, 1.3672191379e-08, 8.79701147483e-08, 1.40847163266e-07, 2.28683646242e-07, 5.48949152801e-08, 9.43277278509e-09, 9.19921472331e-10, 1.23009824549e-10, 2.63359438424e-11, 1.65710442601e-14, 4.33022909683e-16]
    mfcc:
        mean: [-767.945556641, 87.6665420532, -16.9901161194, 47.1871910095, -8.99715518951, 16.2294940948, 11.1048297882, -1.67376983166, -10.0964918137, -3.4582798481, -6.57769107819, -8.36838054657, -3.38212037086]
        cov: [[6889.59472656, -1466.52282715, -1182.21594238, -592.673217773, -715.492553711, -590.488891602, -81.8867950439, 21.2907543182, -147.501342773, -312.610107422, -178.514144897, -119.128555298, -5.95054912567], [-1466.52282715, 1688.74743652, 52.6219863892, -23.7588291168, 303.951599121, 202.171188354, -169.003982544, -189.858673096, -74.9492874146, 51.4637145996, 27.2715930939, -12.4433345795, -51.1021232605], [-1182.21594238, 52.6219863892, 1298.86779785, 531.655578613, 237.080322266, 75.9109344482, -13.0579805374, -57.4100608826, 33.3197860718, 28.6906871796, 14.7036476135, -32.7270050049, -123.797821045], [-592.673217773, -23.7588291168, 531.655578613, 359.467285156, 188.584121704, 56.2564430237, -8.41757965088, -2.49032759666, 36.5637207031, 26.2180271149, -4.71503257751, -17.433795929, -42.4167098999], [-715.492553711, 303.951599121, 237.080322266, 188.584121704, 362.349884033, 185.688491821, -62.3927268982, -41.6921081543, 58.5062866211, 48.1411514282, -15.8182125092, -21.2367115021, -28.2488155365], [-590.488891602, 202.171188354, 75.9109344482, 56.2564430237, 185.688491821, 216.205566406, 72.5369110107, -0.623424530029, 24.3542060852, 55.2898178101, 9.8280582428, 0.748722374439, -5.68174219131], [-81.8867950439, -169.003982544, -13.0579805374, -8.41757965088, -62.3927268982, 72.5369110107, 212.612350464, 90.0290603638, -2.98187828064, 27.0043983459, 21.127576828, 13.0327196121, 17.7781352997], [21.2907543182, -189.858673096, -57.4100608826, -2.49032759666, -41.6921081543, -0.623424530029, 90.0290603638, 145.270629883, 69.8305587769, -13.9762296677, -15.5204229355, 2.5531642437, 20.7999286652], [-147.501342773, -74.9492874146, 33.3197860718, 36.5637207031, 58.5062866211, 24.3542060852, -2.98187828064, 69.8305587769, 93.8277206421, 11.760846138, -18.6570053101, -8.48986530304, -1.98000597954], [-312.610107422, 51.4637145996, 28.6906871796, 26.2180271149, 48.1411514282, 55.2898178101, 27.0043983459, -13.9762296677, 11.760846138, 73.2103805542, 34.208782196, 10.5431776047, 6.46602296829], [-178.514144897, 27.2715930939, 14.7036476135, -4.71503257751, -15.8182125092, 9.8280582428, 21.127576828, -15.5204229355, -18.6570053101, 34.208782196, 55.5278244019, 30.229675293, 8.90850543976], [-119.128555298, -12.4433345795, -32.7270050049, -17.433795929, -21.2367115021, 0.748722374439, 13.0327196121, 2.5531642437, -8.48986530304, 10.5431776047, 30.229675293, 50.5316429138, 29.6986808777], [-5.95054912567, -51.1021232605, -123.797821045, -42.4167098999, -28.2488155365, -5.68174219131, 17.7781352997, 20.7999286652, -1.98000597954, 6.46602296829, 8.90850543976, 29.6986808777, 53.4991340637]]
        icov: [[0.000356138742063, 0.000311682757456, 0.000286228721961, 0.000201748931431, -0.000127656458062, 0.000476485962281, -8.22460351628e-05, 0.00024922657758, 0.00045976342517, 0.000538969645277, 0.000387292762753, 0.000427094841143, 0.000723549863324], [0.000311682757456, 0.00133985211141, 4.78028414364e-05, 0.00106308516115, -0.000832398771308, -0.000715051020961, 0.00172492570709, -0.00132189667784, 0.0030729570426, -0.000642706989311, 0.000341278355336, 0.000173819309566, 0.00173132808413], [0.000286228721961, 4.78028414364e-05, 0.00294608832337, -0.00394496554509, 0.000890470284503, 0.000250229582889, -0.00148908700794, 0.00314503046684, -0.00260362587869, 0.00264360220172, -0.0014106441522, -0.000426931743277, 0.00359189766459], [0.000201748931431, 0.00106308516115, -0.00394496554509, 0.0117865921929, -0.00696231843904, 0.0039873784408, 0.000664131250232, -0.00599675718695, 0.00699915038422, -0.00502949161455, 0.00337037909776, -0.000951454858296, 0.000946014828514], [-0.000127656458062, -0.000832398771308, 0.000890470284503, -0.00696231843904, 0.0152030242607, -0.0128263989463, 0.00639603799209, 0.00315338256769, -0.00655563361943, 0.000732629443519, 0.000725840625819, 0.00234146369621, -0.00270673306659], [0.000476485962281, -0.000715051020961, 0.000250229582889, 0.0039873784408, -0.0128263989463, 0.0218839440495, -0.0141499312595, 0.00600140588358, -0.00370121188462, -0.000984417856671, 0.00235374760814, -0.00307678175159, 0.00232878280804], [-8.22460351628e-05, 0.00172492570709, -0.00148908700794, 0.000664131250232, 0.00639603799209, -0.0141499312595, 0.0237563066185, -0.0229194536805, 0.0212467629462, -0.0128762768582, 0.0027402874548, -2.04942061828e-05, 0.00350792007521], [0.00024922657758, -0.00132189667784, 0.00314503046684, -0.00599675718695, 0.00315338256769, 0.00600140588358, -0.0229194536805, 0.0441390909255, -0.0410582013428, 0.0241151973605, -0.00869986508042, 0.00545626087114, -0.0119683500379], [0.00045976342517, 0.0030729570426, -0.00260362587869, 0.00699915038422, -0.00655563361943, -0.00370121188462, 0.0212467629462, -0.0410582013428, 0.0548902451992, -0.027483722195, 0.0176246520132, -0.00740263331681, 0.0140866274014], [0.000538969645277, -0.000642706989311, 0.00264360220172, -0.00502949161455, 0.000732629443519, -0.000984417856671, -0.0128762768582, 0.0241151973605, -0.027483722195, 0.0439494214952, -0.0294256750494, 0.0149519816041, -0.0129681639373], [0.000387292762753, 0.000341278355336, -0.0014106441522, 0.00337037909776, 0.000725840625819, 0.00235374760814, 0.0027402874548, -0.00869986508042, 0.0176246520132, -0.0294256750494, 0.0547869727015, -0.031512286514, 0.0154610825703], [0.000427094841143, 0.000173819309566, -0.000426931743277, -0.000951454858296, 0.00234146369621, -0.00307678175159, -2.04942061828e-05, 0.00545626087114, -0.00740263331681, 0.0149519816041, -0.031512286514, 0.0522869713604, -0.028593249619], [0.000723549863324, 0.00173132808413, 0.00359189766459, 0.000946014828514, -0.00270673306659, 0.00232878280804, 0.00350792007521, -0.0119683500379, 0.0140866274014, -0.0129681639373, 0.0154610825703, -0.028593249619, 0.0471804402769]]
    spectral_contrast:
        mean: [1.3932758236e-07, -6.63998500627e-09, -2.85411573486e-07, -1.57910918119e-07, 1.74191816527e-09, 6.04704325724e-07, -4.36183199781e-06, -9.83338622973e-07, -5.1740141771e-07, 4.2776682676e-06, 1.98682141672e-06, -2.28374096878e-06]
        var: [0.000187246783753, 0.00058791966876, 0.000761034025345, 0.00204635085538, 0.00333584123291, 0.00557744735852, 0.0429959967732, 0.131964892149, 0.21198374033, 0.588012993336, 0.616255581379, 3.53051424026]

rhythm:
    beats_loudness:
        dmean: 0.000780856527854
        dmean2: 0.00128971540835
        dvar: 3.42219948379e-07
        dvar2: 6.56316217373e-07
        max: 0.0102351102978
        mean: 0.00903951004148
        min: 0.00744840828702
        var: 6.17255579982e-07
    beats_loudness_bass:
        dmean: 0.0109033389017
        dmean2: 0.0195672977716
        dvar: 3.1382402085e-05
        dvar2: 0.0001194905999
        max: 0.0303505659103
        mean: 0.0134689472616
        min: 0.00346054323018
        var: 5.5002499721e-05
    bpm: 89.0455551147
    bpm_confidence: 0
    first_peak_bpm: 89
    first_peak_spread: 0.0714285969734
    first_peak_weight: 0.928571403027
    onset_rate: 5.86647748947
    second_peak_bpm: 0
    second_peak_spread: 0
    second_peak_weight: 0
    beats_position: [0.240443527699, 0.914162456989, 1.58788132668, 2.26160025597, 2.93531942368, 3.60903835297, 4.28275728226, 4.95647573471, 5.630194664, 6.32873058319, 7.00263643265, 7.67654323578, 8.35044956207, 9.02435588837, 9.69826221466]
    bpm_estimates: [89.136756897, 89.0540313721, 89.0955200195, 89.0729293823, 89.0842285156, 88.9621429443, 88.999130249, 89.0487823486, 89.0522918701, 89.0592041016, 89.0721588135, 89.1167602539, 89.0096893311, 89.1349258423, 89.0645904541, 89.0317459106, 88.9971618652, 88.9317321777, 88.9886016846, 89.0270767212, 89.0358505249, 89.0268554688]
    bpm_intervals: [0.673718929291, 0.673718869686, 0.673718929291, 0.673719167709, 0.673718929291, 0.673718929291, 0.673718452454, 0.673718929291, 0.698535919189, 0.673905849457, 0.673906803131, 0.673906326294, 0.673906326294, 0.673906326294]
    onset_times: [0.0580498874187, 0.232199549675, 0.406349211931, 0.568888902664, 0.743038535118, 0.905578255653, 1.07972788811, 1.24226760864, 1.4164172411, 1.59056687355, 1.764716506, 1.93886625767, 2.08979582787, 2.26394557953, 2.43809533119, 2.61224484444, 2.77478456497, 2.93732428551, 3.11147403717, 3.28562355042, 3.44816327095, 3.62231302261, 3.79646253586, 3.95900225639, 4.12154197693, 4.29569149017, 4.46984148026, 4.6439909935, 4.79492044449, 4.96907043457, 5.14321994781, 5.32897949219, 5.49151945114, 5.64244890213, 5.81659841537, 5.99074840546, 6.15328788757, 6.32743787766, 6.5015873909, 6.66412687302, 6.8382768631, 7.00081634521, 7.17496585846, 7.34911584854, 7.51165533066, 7.67419481277, 7.85995483398, 8.0224943161, 8.18503379822, 8.34757328033, 8.53333377838, 8.6958732605, 8.85841274261, 9.03256225586, 9.2067117691, 9.36925125122, 9.54340171814, 9.70594120026, 9.8800907135]
    rubato_start: []
    rubato_stop: []
    perceptual_tempo: "unknown"

sfx:
    inharmonicity:
        dmean: 0.049620706588
        dmean2: 0.0840936228633
        dvar: 0.00318478210829
        dvar2: 0.00858740042895
        max: 0.321289360523
        mean: 0.0515375360847
        min: 0
        var: 0.00376497744583
    oddtoevenharmonicenergyratio:
        dmean: 8.64614486694
        dmean2: 17.0332603455
        dvar: 4633.54589844
        dvar2: 13863.109375
        max: 987.041015625
        mean: 4.70511341095
        min: 0
        var: 2338.95068359
    pitch_after_max_to_before_max_energy_ratio: 132.414199829
    pitch_centroid: 215.503677368
    pitch_max_to_total: 0
    pitch_min_to_total: 0.717592597008
    tristimulus:
        dmean: [0.245974898338, 0.262392789125, 0.165794655681]
        dmean2: [0.409532576799, 0.442311942577, 0.287946045399]
        dvar: [0.0454710833728, 0.0472597628832, 0.0263839922845]
        dvar2: [0.117223739624, 0.127718240023, 0.0705913007259]
        max: [1, 0.983127772808, 0.829577505589]
        mean: [0.41431888938, 0.387716442347, 0.168799176812]
        min: [0.0168722048402, 0, 0]
        var: [0.0821832492948, 0.0706673935056, 0.034499052912]

tonal:
    chords_changes_rate: 0.119815669954
    chords_number_rate: 0.0276497695595
    chords_strength:
        dmean: 0.0137534923851
        dmean2: 0.016469720751
        dvar: 0.00011650138913
        dvar2: 0.000154068358825
        max: 0.559190273285
        mean: 0.387122273445
        min: 0.226524278522
        var: 0.00602640258148
    key_strength: 0.519687354565
    tuning_diatonic_strength: 0.335983276367
    tuning_equal_tempered_deviation: 0.161408409476
    tuning_frequency: 431.692352295
    tuning_nontempered_energy_ratio: 0.821977436543
    hpcp:
        dmean: [0.246316939592, 0.21215647459, 0.206328764558, 0.244230687618, 0.23110191524, 0.170127272606, 0.185232177377, 0.16700553894, 0.18079033494, 0.18831756711, 0.188887611032, 0.20901863277, 0.218025237322, 0.234748527408, 0.207749575377, 0.191549286246, 0.18482349813, 0.201725840569, 0.142126619816, 0.113940998912, 0.147815451026, 0.180352985859, 0.143414273858, 0.134796693921, 0.168509468436, 0.113692678511, 0.0813621133566, 0.119359865785, 0.169193848968, 0.180630013347, 0.154630452394, 0.141079857945, 0.145802244544, 0.161681100726, 0.192240819335, 0.226948752999]
        dmean2: [0.417010039091, 0.358552694321, 0.331320732832, 0.418349772692, 0.378973603249, 0.275748550892, 0.306386679411, 0.284880667925, 0.301583975554, 0.319709211588, 0.311150759459, 0.349794268608, 0.334285706282, 0.37618458271, 0.357422083616, 0.312914729118, 0.31695279479, 0.360636025667, 0.235493645072, 0.18775112927, 0.254369705915, 0.300861239433, 0.25396373868, 0.22777056694, 0.272871553898, 0.19301892817, 0.132800549269, 0.202110186219, 0.284598320723, 0.301463246346, 0.254810631275, 0.243562027812, 0.251051157713, 0.273508250713, 0.324518471956, 0.383926093578]
        dvar: [0.0472977384925, 0.04270426929, 0.0492010600865, 0.0740127414465, 0.059898853302, 0.037930008024, 0.0455239601433, 0.0401427559555, 0.0351006910205, 0.0397262424231, 0.0300086718053, 0.0437395609915, 0.044073048979, 0.0430095978081, 0.0372299104929, 0.0474285557866, 0.0517307668924, 0.0604284033179, 0.0290575101972, 0.0272345580161, 0.0426888652146, 0.0491685532033, 0.0424598418176, 0.0348909795284, 0.0526520758867, 0.0251861736178, 0.00886823888868, 0.0249612312764, 0.0454271063209, 0.0495926328003, 0.0251871980727, 0.0326862707734, 0.0383837856352, 0.0460558012128, 0.050375316292, 0.0487001724541]
        dvar2: [0.115638807416, 0.103509582579, 0.107508316636, 0.174437701702, 0.158631652594, 0.0958830565214, 0.124140106142, 0.0986079201102, 0.0920656397939, 0.088421985507, 0.0731927901506, 0.110119722784, 0.0924943462014, 0.108887329698, 0.105685301125, 0.109021008015, 0.136176854372, 0.170701831579, 0.0763177797198, 0.0755979940295, 0.122258715332, 0.108101695776, 0.117129012942, 0.0964083001018, 0.129188746214, 0.0693336725235, 0.0227672606707, 0.0642360150814, 0.110968433321, 0.115945674479, 0.063636213541, 0.0867863968015, 0.0922859758139, 0.127115517855, 0.139761820436, 0.125179603696]
        max: [1, 1, 1, 1, 1, 1, 1, 1, 1, 1, 1, 1, 1, 1, 1, 1, 1, 1, 1, 0.989838242531, 1, 1, 1, 1, 1, 1, 0.528924107552, 1, 1, 1, 1, 1, 1, 1, 1, 1]
        mean: [0.320974677801, 0.269339114428, 0.278136759996, 0.336243987083, 0.306323826313, 0.233834862709, 0.219214633107, 0.203393667936, 0.233597204089, 0.269131064415, 0.243485093117, 0.278867423534, 0.357871472836, 0.337449729443, 0.263060569763, 0.277610242367, 0.27623385191, 0.20423027873, 0.146356955171, 0.121439725161, 0.179435014725, 0.246347114444, 0.180631116033, 0.176265791059, 0.243475288153, 0.166542559862, 0.108316905797, 0.149811297655, 0.200270533562, 0.213708996773, 0.183269679546, 0.177441224456, 0.182317569852, 0.190874353051, 0.221986889839, 0.292426496744]
        min: [0.000710907450411, 0.000581918051466, 0.000395887967898, 0.000914973206818, 0.00134796509519, 0.000727681035642, 0.00036734630703, 0.000431646069046, 0.000376816751668, 0.000365591578884, 0.000542946858332, 0.00147299352102, 0.00166364200413, 0.00116227613762, 0.0015219328925, 0.000570357253309, 9.84470389085e-05, 0.000809993653093, 0.000504377007019, 0.000190058170119, 0.000297584570944, 0.000409512140322, 0.000553206773475, 0.000473745894851, 0.000309053779347, 0.000511269026902, 0.000694259651937, 0.000488346500788, 0.000128144340124, 0.000692165747751, 0.000481657800265, 0.000836375111248, 0.000725709425751, 0.00100604677573, 0.00153115589637, 0.000999778043479]
        var: [0.0695518925786, 0.0659883394837, 0.0876267403364, 0.117051154375, 0.090880304575, 0.0583569519222, 0.0635414198041, 0.0535985901952, 0.0515607707202, 0.0747704580426, 0.0526108630002, 0.0680729150772, 0.109295032918, 0.0827970430255, 0.0453878715634, 0.0850228965282, 0.0784923359752, 0.0558206625283, 0.0322003848851, 0.0270249992609, 0.0482671149075, 0.0927135124803, 0.0494196377695, 0.0431596152484, 0.0978111475706, 0.0405026301742, 0.0144783314317, 0.0324591621757, 0.0599387250841, 0.0701455771923, 0.0389458164573, 0.036647439003, 0.0435957536101, 0.0467572771013, 0.0550795160234, 0.06053077057]
    chords_histogram: [0, 2.30414748192, 25.3456230164, 0, 0, 0, 0, 3.68663597107, 18.8940086365, 37.3271903992, 0, 0, 0, 0, 0, 0, 0, 0, 0, 12.4423961639, 0, 0, 0, 0]
    thpcp: [1, 0.942935526371, 0.735069990158, 0.775726079941, 0.771880030632, 0.570680499077, 0.408965140581, 0.339338928461, 0.501395106316, 0.688367545605, 0.504737377167, 0.49253937602, 0.680342793465, 0.46536976099, 0.302669852972, 0.418617606163, 0.559615790844, 0.597166895866, 0.512110352516, 0.495823889971, 0.509449839592, 0.53336006403, 0.620297789574, 0.817127168179, 0.896899282932, 0.752614080906, 0.777197360992, 0.93956631422, 0.855960428715, 0.653404593468, 0.612551271915, 0.568342804909, 0.652740478516, 0.752032756805, 0.680370211601, 0.779239058495]
    chords_key: "A"
    chords_scale: "major"
    key_key: "D"
    key_scale: "minor"
    chords_progression: ["G#", "G#", "G#", "G#", "A", "A", "A", "A", "A", "A", "A", "A", "A", "A", "A", "A", "A", "A", "A", "A", "A", "A", "A", "A", "A", "A", "A", "F#m", "F#m", "F#m", "F#m", "F#m", "F#m", "F#m", "F#m", "F#m", "F#m", "F#m", "F#m", "F#m", "F#m", "F#m", "F#m", "F#m", "F#m", "F#m", "F#m", "F#m", "F#m", "F#m", "F#m", "F#m", "A", "F#m", "F#m", "F#m", "F#m", "F#m", "Am", "Am", "Am", "F#m", "F#m", "F#m", "Am", "Am", "Am", "Am", "Am", "Am", "Am", "A", "A", "A", "A", "A", "A", "A", "A", "A", "A", "A", "A", "Am", "Am", "A", "Am", "Am", "Am", "Am", "Am", "D", "D", "D", "D", "D", "D", "D", "D", "A", "A", "A", "A", "A", "A", "A", "A", "A", "A", "A", "G#", "G#", "G#", "G#", "G#", "G#", "G#", "G#", "G#", "G#", "G#", "G#", "G#", "G#", "G#", "G#", "G#", "G#", "G#", "G#", "G#", "G#", "G#", "A", "A", "A", "A", "A", "A", "A", "A", "A", "F#m", "A", "F#m", "F#m", "F#m", "F#m", "F#m", "F", "F", "F", "F", "F", "F#m", "A", "A", "A", "A", "A", "A", "A", "A", "A", "A", "A", "A", "A", "A", "A", "A", "A", "A", "A", "Am", "Am", "Am", "Am", "Am", "Am", "Am", "Am", "Am", "Am", "Am", "Am", "Am", "Am", "Am", "Am", "A", "A", "A", "A", "Am", "Am", "Am", "Am", "Am", "Am", "Am", "Am", "Am", "Am", "Am", "Am", "Am", "Am", "Am", "Am", "Am", "Am", "Am", "Am", "F#m", "Am", "Am"]
