
metadata:
    version:
        essentia: "1.2.2"
    audio_properties:
        analysis_sample_rate: 44100
        bitrate: 128
        channels: 2
        equal_loudness: 1
        length: 10.0310201645
        replay_gain: -8.10270500183
        downmix: "mix"
    tags:
        track: 15
        year: 0
        album: "Splitted by Mp3Splt v. 2.1"
        artist: "From 002.20 To 002.30"
        comment: "http://mp3splt.sf.net"
        genre: ""
        title: "08 Deep Down.mp3"

highlevel:
    ballroom:
        all:
            ChaChaCha: 0.279276490211
            Jive: 0.247667506337
            Quickstep: 0.0536101087928
            Rumba-American: 0.00088008766761
            Rumba-International: 0.000775862659793
            Rumba-Misc: 0.00137835589703
            Samba: 0.414802402258
            Tango: 0.000539312837645
            VienneseWaltz: 0.000637137505691
            Waltz: 0.000432735920185
        probability: 0.414802402258
        value: "Samba"
    culture:
        all:
            non_western: 0.555519461632
            western: 0.444480538368
        probability: 0.555519461632
        value: "non_western"
    gender:
        all:
            female: 0.214691355824
            male: 0.785308659077
        probability: 0.785308659077
        value: "male"
    genre_dortmund:
        all:
            alternative: 0.045083027333
            blues: 0.0234440602362
            electronic: 0.109416045249
            folkcountry: 0.02261271514
            funksoulrnb: 0.133777111769
            jazz: 0.0941179767251
            pop: 0.0468533188105
            raphiphop: 0.431470006704
            rock: 0.0932257398963
        probability: 0.431470006704
        value: "raphiphop"
    genre_electronica:
        all:
            ambient: 0.158362969756
            dnb: 0.543578505516
            house: 0.0484784767032
            techno: 0.040032222867
            trance: 0.209547847509
        probability: 0.543578505516
        value: "dnb"
    genre_rosamerica:
        all:
            cla: 0.0144025823101
            dan: 0.177046537399
            hip: 0.346642643213
            jaz: 0.0213213562965
            pop: 0.366358488798
            rhy: 0.0311588272452
            roc: 0.0372490100563
            spe: 0.00582056678832
        probability: 0.366358488798
        value: "pop"
    genre_tzanetakis:
        all:
            blu: 0.00110442203004
            cla: 0.00253780675121
            cou: 0.00658111693338
            dis: 0.0389858596027
            hip: 0.0327198803425
            jaz: 0.0453013256192
            met: 0.0070827472955
            pop: 0.806551575661
            reg: 0.0391855984926
            roc: 0.0199496373534
        probability: 0.806551575661
        value: "pop"
    live_studio:
        all:
            live: 0.31876963377
            studio: 0.68123036623
        probability: 0.68123036623
        value: "studio"
    mood:
        all:
            Cluster1: 0.205290004611
            Cluster2: 0.265835404396
            Cluster3: 0.0348128676414
            Cluster4: 0.252064734697
            Cluster5: 0.241996988654
        probability: 0.265835404396
        value: "Cluster2"
    mood_acoustic:
        all:
            acoustic: 0.00434507243335
            not_acoustic: 0.995654940605
        probability: 0.995654940605
        value: "not_acoustic"
    mood_aggressive:
        all:
            aggressive: 0.5
            not_aggressive: 0.5
        probability: 0.5
        value: "aggressive"
    mood_electronic:
        all:
            electronic: 0.90422642231
            not_electronic: 0.0957736000419
        probability: 0.90422642231
        value: "electronic"
    mood_happy:
        all:
            happy: 0.868376195431
            not_happy: 0.131623804569
        probability: 0.868376195431
        value: "happy"
    mood_party:
        all:
            not_party: 0.0730685070157
            party: 0.926931500435
        probability: 0.926931500435
        value: "party"
    mood_relaxed:
        all:
            not_relaxed: 0.984877049923
            relaxed: 0.0151229733601
        probability: 0.984877049923
        value: "not_relaxed"
    mood_sad:
        all:
            not_sad: 0.968359351158
            sad: 0.0316406488419
        probability: 0.968359351158
        value: "not_sad"
    rhythm:
        all:
            fast: 0.541034579277
            medium: 0.448670595884
            slow: 0.0102948090062
        probability: 0.541034579277
        value: "fast"
    speech_music:
        all:
            music: 0.999430298805
            speech: 0.000569686992094
        probability: 0.999430298805
        value: "music"
    timbre:
        all:
            bright: 0.290515124798
            dark: 0.709484875202
        probability: 0.709484875202
        value: "dark"
    voice_instrumental:
        all:
            instrumental: 0.0654729828238
            voice: 0.934527039528
        probability: 0.934527039528
        value: "voice"

lowlevel:
    average_loudness: 0.903109312057
    barkbands_kurtosis:
        dmean: 0.961804926395
        dmean2: 1.50736486912
        dvar: 1.80526006222
        dvar2: 4.18380212784
        max: 17.6588573456
        mean: -0.0839314684272
        min: -1.84825825691
        var: 4.43229961395
    barkbands_skewness:
        dmean: 0.426454484463
        dmean2: 0.658717811108
        dvar: 0.167465552688
        dvar2: 0.42765006423
        max: 3.18696212769
        mean: -0.416367560625
        min: -3.58135557175
        var: 0.698576033115
    barkbands_spread:
        dmean: 5.81501960754
        dmean2: 9.33856964111
        dvar: 45.3677749634
        dvar2: 113.645690918
        max: 63.4189338684
        mean: 25.4470901489
        min: 5.72821140289
        var: 146.692077637
    dissonance:
        dmean: 0.0162628665566
        dmean2: 0.0271933674812
        dvar: 0.000265860377112
        dvar2: 0.000681772362441
        max: 0.499998420477
        mean: 0.471310824156
        min: 0.31532099843
        var: 0.000600126571953
    hfc:
        dmean: 3.9413022995
        dmean2: 5.79242229462
        dvar: 48.3259887695
        dvar2: 105.407150269
        max: 86.7723999023
        mean: 7.98934364319
        min: 0.0656547620893
        var: 80.398399353
    pitch:
        dmean: 784.194274902
        dmean2: 1510.18469238
        dvar: 1680366
        dvar2: 4266791.5
        max: 4410
        mean: 1086.10534668
        min: 84.9710998535
        var: 1768067.25
    pitch_instantaneous_confidence:
        dmean: 0.095357440412
        dmean2: 0.142080590129
        dvar: 0.0079757515341
        dvar2: 0.0181142855436
        max: 0.951218962669
        mean: 0.47157895565
        min: 0.159404456615
        var: 0.0289863161743
    pitch_salience:
        dmean: 0.0660077854991
        dmean2: 0.106515571475
        dvar: 0.00352619076148
        dvar2: 0.00900335982442
        max: 0.844771265984
        mean: 0.617197275162
        min: 0.196970492601
        var: 0.00944502931088
    silence_rate_20dB:
        dmean: 0
        dmean2: 0
        dvar: 0
        dvar2: 0
        max: 1
        mean: 1
        min: 1
        var: 0
    silence_rate_30dB:
        dmean: 0
        dmean2: 0
        dvar: 0
        dvar2: 0
        max: 1
        mean: 1
        min: 1
        var: 0
    silence_rate_60dB:
        dmean: 0.146171689034
        dmean2: 0.293023258448
        dvar: 0.124805510044
        dvar2: 0.272276312113
        max: 1
        mean: 0.548611104488
        min: 0
        var: 0.247636377811
    spectral_centroid:
        dmean: 325.078155518
        dmean2: 510.595855713
        dvar: 117622.203125
        dvar2: 267653.5
        max: 4703.47558594
        mean: 2236.76855469
        min: 315.041442871
        var: 477470.59375
    spectral_complexity:
        dmean: 4.47785568237
        dmean2: 6.70560741425
        dvar: 29.582857132
        dvar2: 58.3198280334
        max: 53
        mean: 11.7093019485
        min: 0
        var: 81.0248260498
    spectral_crest:
        dmean: 1.91159510612
        dmean2: 3.0723669529
        dvar: 3.23325133324
        dvar2: 7.64445304871
        max: 21.8051662445
        mean: 7.06503152847
        min: 2.96417856216
        var: 9.59255504608
    spectral_decrease:
        dmean: 3.23585741535e-10
        dmean2: 4.67739014187e-10
        dvar: 2.25501739294e-19
        dvar2: 5.0915468924e-19
        max: -2.55545983679e-11
        mean: -7.64862562175e-10
        min: -5.7830353839e-09
        var: 6.24665757193e-19
    spectral_energy:
        dmean: 0.00154725299217
        dmean2: 0.00225908751599
        dvar: 5.54651933271e-06
        dvar2: 1.22972505778e-05
        max: 0.0268174093217
        mean: 0.00361142470501
        min: 0.000121718650917
        var: 1.33286130222e-05
    spectral_energyband_high:
        dmean: 0.00032817691681
        dmean2: 0.000475114764413
        dvar: 5.40844780517e-07
        dvar2: 1.21754965221e-06
        max: 0.00818509981036
        mean: 0.000524256785866
        min: 4.35018409917e-06
        var: 7.83902237345e-07
    spectral_energyband_low:
        dmean: 7.29250168661e-05
        dmean2: 0.000125472492073
        dvar: 1.41256506936e-07
        dvar2: 3.94884182242e-07
        max: 0.0051788603887
        mean: 0.000117846204375
        min: 5.99427423253e-08
        var: 1.24316471783e-07
    spectral_energyband_middle_high:
        dmean: 0.000987014034763
        dmean2: 0.00149780255742
        dvar: 2.00499334824e-06
        dvar2: 4.71306066174e-06
        max: 0.0168570335954
        mean: 0.00207633292302
        min: 1.24031066662e-05
        var: 3.53103018824e-06
    spectral_energyband_middle_low:
        dmean: 0.00040321945562
        dmean2: 0.000569183088373
        dvar: 6.28040254469e-07
        dvar2: 1.21084769944e-06
        max: 0.0178809352219
        mean: 0.000892943062354
        min: 2.63218998953e-06
        var: 3.77220089831e-06
    spectral_flatness_db:
        dmean: 0.016827872023
        dmean2: 0.0257125198841
        dvar: 0.000251924298937
        dvar2: 0.000563687644899
        max: 0.251222789288
        mean: 0.151179164648
        min: 0.0709506422281
        var: 0.00136244366877
    spectral_flux:
        dmean: 0.00977941323072
        dmean2: 0.0146426847205
        dvar: 0.000131397682708
        dvar2: 0.000218229877646
        max: 0.115452490747
        mean: 0.0339677073061
        min: 0.00367111922242
        var: 0.000375569623429
    spectral_kurtosis:
        dmean: 0.817187607288
        dmean2: 1.35977745056
        dvar: 0.740570127964
        dvar2: 1.49524915218
        max: 14.4068050385
        mean: 3.21473050117
        min: -0.963274240494
        var: 2.0030567646
    spectral_rms:
        dmean: 0.000373786868295
        dmean2: 0.000525267911144
        dvar: 1.96592992552e-07
        dvar2: 4.40038888883e-07
        max: 0.0051150098443
        mean: 0.00168280990329
        min: 0.000344601081451
        var: 6.91494449256e-07
    spectral_rolloff:
        dmean: 395.226989746
        dmean2: 648.209594727
        dvar: 282226
        dvar2: 511008.0625
        max: 9000.87890625
        mean: 3736.46337891
        min: 64.599609375
        var: 822970.9375
    spectral_skewness:
        dmean: 0.153575822711
        dmean2: 0.249586567283
        dvar: 0.0250293184072
        dvar2: 0.0529138334095
        max: 2.82922816277
        mean: 1.29656326771
        min: 0.156275451183
        var: 0.107414789498
    spectral_spread:
        dmean: 474514.53125
        dmean2: 710431.6875
        dvar: 297045196800
        dvar2: 598652026880
        max: 12180096
        mean: 4999620
        min: 2856018
        var: 1.5549530112e+12
    spectral_strongpeak:
        dmean: 0.658282101154
        dmean2: 1.13477504253
        dvar: 0.921037495136
        dvar2: 2.36836767197
        max: 7.85260057449
        mean: 1.01091110706
        min: 0.00482402741909
        var: 1.23309707642
    zerocrossingrate:
        dmean: 0.0100103346631
        dmean2: 0.0113993138075
        dvar: 0.000117084826343
        dvar2: 0.000122016150272
        max: 0.25732421875
        mean: 0.118019849062
        min: 0.02783203125
        var: 0.00091566570336
    barkbands:
        dmean: [6.33624779312e-07, 4.45895057055e-05, 3.54223993781e-05, 3.34951255354e-05, 4.29422907473e-05, 8.83709290065e-05, 0.000113718422654, 0.000114397917059, 0.000139440613566, 0.00010221033881, 0.000126968807308, 8.9794928499e-05, 9.11298120627e-05, 6.82482859702e-05, 7.6560099842e-05, 0.00010170735186, 0.000156214096933, 0.000216832777369, 0.000236550607951, 0.000250467535807, 0.000177770620212, 5.9469613916e-05, 1.01642372101e-05, 5.19257764608e-06, 3.7673235056e-06, 1.13634285981e-07, 7.2743527868e-10]
        dmean2: [7.88465683854e-07, 7.55162836867e-05, 6.43202947685e-05, 5.73741017433e-05, 7.22711120034e-05, 0.000139874013257, 0.000173100299435, 0.000182897114428, 0.000192286854144, 0.000162267955602, 0.000204670111998, 0.000147973827552, 0.000151618412929, 0.00010896682943, 0.000129177395138, 0.000170946412254, 0.000254074489931, 0.000360295322025, 0.000358034507371, 0.000382452970371, 0.000272903562291, 8.5909581685e-05, 1.46471529661e-05, 6.93327046974e-06, 5.98512724537e-06, 1.58258984584e-07, 1.12291242971e-09]
        dvar: [5.4902289312e-12, 7.68516983385e-08, 1.8895637055e-08, 6.96256918786e-09, 2.4084933159e-08, 1.11137111958e-07, 6.22370848191e-08, 8.84203359419e-08, 1.88841411841e-07, 1.95252436441e-08, 4.17895975602e-08, 2.09610355739e-08, 4.44480825479e-08, 1.15146230328e-08, 1.18563434626e-08, 3.24527462681e-08, 5.4166385155e-08, 1.38484324452e-07, 1.68591185457e-07, 2.72576158977e-07, 1.66100235788e-07, 1.4916315294e-08, 6.0259980339e-10, 3.39335032296e-10, 6.09716666045e-10, 1.165407831e-13, 7.87389254622e-18]
        dvar2: [8.7701053017e-12, 2.12654271081e-07, 5.52547767541e-08, 1.84105406476e-08, 5.35757962439e-08, 2.61697124415e-07, 1.61612248917e-07, 2.16114273144e-07, 2.57348631294e-07, 4.67734722065e-08, 1.01116718554e-07, 5.43970664069e-08, 1.14097538528e-07, 2.85759753638e-08, 3.42938584197e-08, 8.47554488814e-08, 1.37690420843e-07, 3.11280473397e-07, 3.73002876586e-07, 6.50271374525e-07, 3.99489579195e-07, 3.06602814248e-08, 1.29346722222e-09, 4.22996443428e-10, 1.54144241815e-09, 2.16147019445e-13, 1.46242587536e-17]
        max: [4.11425826314e-05, 0.00383453234099, 0.00133107206784, 0.00096944370307, 0.00247504375875, 0.00472380453721, 0.00231941160746, 0.00429403642192, 0.0111083369702, 0.000977894756943, 0.00172742037103, 0.00117263372522, 0.00187792896759, 0.000916987017263, 0.000756913330406, 0.0018164133653, 0.00239204103127, 0.0040467819199, 0.00476624444127, 0.00568934669718, 0.00403539603576, 0.00117089168634, 0.000303503620671, 0.000359294877853, 0.000477390945889, 5.76963338972e-06, 3.99163475606e-08]
        mean: [2.275699444e-06, 7.16975628166e-05, 4.39209179603e-05, 4.02156401833e-05, 5.48559364688e-05, 0.000116257280752, 0.000204035546631, 0.00017930463946, 0.000262666493654, 0.00014987308532, 0.000190224032849, 0.000134457048262, 0.000133492838359, 0.000120756114484, 0.000107037252747, 0.000157521688379, 0.000211887876503, 0.000306398462271, 0.000376143230824, 0.000359136931365, 0.000279745436274, 8.25483439257e-05, 1.44162067954e-05, 7.46458499634e-06, 4.94474670631e-06, 1.49087412638e-07, 7.4161116137e-10]
        min: [4.24040707062e-12, 1.64731162045e-08, 3.62864960302e-09, 4.54221993351e-09, 2.57522998481e-08, 6.31036911614e-08, 1.66139457747e-07, 1.64568035643e-07, 4.80965489658e-08, 1.03633226445e-07, 3.5967769918e-07, 1.03681834673e-07, 1.09836278739e-07, 4.3011803541e-07, 1.77242867494e-07, 2.35081097344e-06, 5.75399212721e-07, 1.00018189642e-06, 3.70295174434e-06, 3.06413198814e-06, 2.08749202102e-06, 5.91616469592e-07, 2.12419763557e-07, 5.82967913942e-08, 1.86861353058e-08, 2.71688782583e-10, 5.19225450395e-13]
        var: [3.0344195906e-11, 6.46097007007e-08, 1.70094960339e-08, 7.88823406594e-09, 3.26322755484e-08, 1.4885718258e-07, 1.62899198131e-07, 2.79350587107e-07, 1.0884217545e-06, 3.73879309734e-08, 7.87083038745e-08, 3.88920859962e-08, 6.23386640086e-08, 2.56238994467e-08, 1.67346065894e-08, 4.59881555059e-08, 7.67427579262e-08, 2.08593519346e-07, 2.81837031935e-07, 3.4747174027e-07, 2.33132794847e-07, 2.37997372921e-08, 9.40398203753e-10, 9.86437709294e-10, 8.00325195005e-10, 2.15812448207e-13, 7.39193741668e-18]
    mfcc:
        mean: [-732.604797363, 65.9310379028, -66.4695587158, 34.2570838928, -30.1463565826, -4.66759395599, 2.79231786728, 0.962564826012, 4.58428287506, -1.20930027962, 2.68771338463, 0.37761425972, 2.07185816765]
        cov: [[3839.95825195, 162.434234619, -129.428771973, -461.856018066, -354.6668396, -248.918273926, -236.465072632, -90.9011306763, -138.910675049, -30.2045001984, 28.9179649353, -19.3196620941, -78.2922210693], [162.434234619, 677.351501465, 182.252929688, 56.7932357788, 210.225250244, 73.4709396362, 65.5730361938, 30.2932529449, -20.9192581177, 2.58615612984, 5.02398490906, -12.5342035294, 4.9796257019], [-129.428771973, 182.252929688, 857.52545166, 407.763305664, 279.066131592, 120.605422974, 46.1161804199, 34.6924972534, 29.0632514954, -53.7875747681, -85.2269515991, -58.3755607605, -6.86805725098], [-461.856018066, 56.7932357788, 407.763305664, 480.462341309, 185.003448486, 84.0411300659, 15.0150947571, 20.0233688354, 79.366897583, 0.224142387509, -23.9835586548, -10.0338830948, 12.1638278961], [-354.6668396, 210.225250244, 279.066131592, 185.003448486, 271.36328125, 113.272773743, 83.8258361816, 42.9729347229, 7.71858167648, -22.1268558502, -32.5992889404, -23.9401836395, -4.27922582626], [-248.918273926, 73.4709396362, 120.605422974, 84.0411300659, 113.272773743, 159.985992432, 125.933891296, 71.3121566772, 43.8622932434, 16.8119373322, 13.8227796555, 4.16645860672, -4.21250009537], [-236.465072632, 65.5730361938, 46.1161804199, 15.0150947571, 83.8258361816, 125.933891296, 208.311721802, 132.376739502, 48.5281639099, 42.9754180908, 44.9622077942, 11.7941474915, -28.2988739014], [-90.9011306763, 30.2932529449, 34.6924972534, 20.0233688354, 42.9729347229, 71.3121566772, 132.376739502, 146.394744873, 77.6498565674, 57.4814796448, 46.2420196533, 14.4343976974, -20.31965065], [-138.910675049, -20.9192581177, 29.0632514954, 79.366897583, 7.71858167648, 43.8622932434, 48.5281639099, 77.6498565674, 132.452880859, 87.8788299561, 46.5231285095, 32.2875213623, 10.5512733459], [-30.2045001984, 2.58615612984, -53.7875747681, 0.224142387509, -22.1268558502, 16.8119373322, 42.9754180908, 57.4814796448, 87.8788299561, 123.598648071, 88.1238708496, 52.5235481262, 13.0576581955], [28.9179649353, 5.02398490906, -85.2269515991, -23.9835586548, -32.5992889404, 13.8227796555, 44.9622077942, 46.2420196533, 46.5231285095, 88.1238708496, 119.351081848, 77.6473922729, 21.3239116669], [-19.3196620941, -12.5342035294, -58.3755607605, -10.0338830948, -23.9401836395, 4.16645860672, 11.7941474915, 14.4343976974, 32.2875213623, 52.5235481262, 77.6473922729, 125.518920898, 71.8980712891], [-78.2922210693, 4.9796257019, -6.86805725098, 12.1638278961, -4.27922582626, -4.21250009537, -28.2988739014, -20.31965065, 10.5512733459, 13.0576581955, 21.3239116669, 71.8980712891, 103.906005859]]
        icov: [[0.000431286811363, -0.000307903275825, -0.00034354426316, 0.000401167897508, 0.000702241086401, -7.15490823495e-05, 0.00080205820268, -0.000530718301889, 0.000273780984571, 0.000123161298689, -0.000288803421427, -0.000261447887169, 0.000607630820014], [-0.000307903275825, 0.00235995464027, 8.09914054116e-05, 0.000226807693252, -0.00256789126433, 0.000203396819416, -0.000408043328207, 0.000284727517283, 0.000570247881114, -0.000783775292803, -0.000652229704428, 0.00088697503088, -0.000958562246524], [-0.00034354426316, 8.09914054116e-05, 0.0027482805308, -0.00195151101798, -0.00154461211059, -0.000430135609349, -0.000104879494756, -0.000566211645491, 0.000411028799135, -0.000167258098372, 0.00140729756095, 0.000306124100462, -0.000594321230892], [0.000401167897508, 0.000226807693252, -0.00195151101798, 0.00529818888754, -0.00180534739047, -0.000117495867016, 0.00143786647823, 0.00138932990376, -0.00432494515553, 0.00231085065752, -0.00218772655353, 8.13938095234e-05, 0.000667796120979], [0.000702241086401, -0.00256789126433, -0.00154461211059, -0.00180534739047, 0.0113982819021, -0.00387805257924, 0.000128958519781, -0.0021201595664, 0.00344306300394, -0.000954116752837, 0.00268829613924, -0.000954260816798, 0.0005730271223], [-7.15490823495e-05, 0.000203396819416, -0.000430135609349, -0.000117495867016, -0.00387805257924, 0.0172773320228, -0.0114183211699, 0.00504589080811, -0.00611330661923, 0.00372611777857, -0.00191895104945, 0.00135514687281, -0.00205197813921], [0.00080205820268, -0.000408043328207, -0.000104879494756, 0.00143786647823, 0.000128958519781, -0.0114183211699, 0.0227896701545, -0.0162855871022, 0.007013106253, -0.0021604669746, -0.00124563381542, -0.00242757354863, 0.0045077893883], [-0.000530718301889, 0.000284727517283, -0.000566211645491, 0.00138932990376, -0.0021201595664, 0.00504589080811, -0.0162855871022, 0.0262891426682, -0.0138246295974, 0.00375048909336, -0.00378056336194, 0.00158476573415, 0.000821106834337], [0.000273780984571, 0.000570247881114, 0.000411028799135, -0.00432494515553, 0.00344306300394, -0.00611330661923, 0.007013106253, -0.0138246295974, 0.0284341778606, -0.0198032725602, 0.00890472717583, -0.00235027563758, -0.000787027587648], [0.000123161298689, -0.000783775292803, -0.000167258098372, 0.00231085065752, -0.000954116752837, 0.00372611777857, -0.0021604669746, 0.00375048909336, -0.0198032725602, 0.0333196893334, -0.0197407007217, 0.00288643781096, -1.67128255271e-05], [-0.000288803421427, -0.000652229704428, 0.00140729756095, -0.00218772655353, 0.00268829613924, -0.00191895104945, -0.00124563381542, -0.00378056336194, 0.00890472717583, -0.0197407007217, 0.0318292342126, -0.0147063620389, 0.00433767214417], [-0.000261447887169, 0.00088697503088, 0.000306124100462, 8.13938095234e-05, -0.000954260816798, 0.00135514687281, -0.00242757354863, 0.00158476573415, -0.00235027563758, 0.00288643781096, -0.0147063620389, 0.0250856745988, -0.0150284916162], [0.000607630820014, -0.000958562246524, -0.000594321230892, 0.000667796120979, 0.0005730271223, -0.00205197813921, 0.0045077893883, 0.000821106834337, -0.000787027587648, -1.67128255271e-05, 0.00433767214417, -0.0150284916162, 0.0209299270064]]
    spectral_contrast:
        mean: [8.46507219876e-08, -5.83679344857e-08, 3.1660636779e-08, 4.17059254687e-07, 4.83871872348e-07, -1.30263870801e-07, -3.03644083033e-06, 9.30040357616e-07, -2.76302171187e-06, 1.1089236196e-08, 1.33458956952e-06, -2.10889561458e-06]
        var: [0.000362911814591, 0.000840542197693, 0.00169362977613, 0.00299887801521, 0.00409014942124, 0.0112560736015, 0.0403808429837, 0.0853743329644, 0.175794348121, 0.197199761868, 0.880877315998, 2.61043524742]

rhythm:
    beats_loudness:
        dmean: 0.00324886501767
        dmean2: 0.00555561063811
        dvar: 1.31947763293e-05
        dvar2: 1.99924616027e-05
        max: 0.0146127035841
        mean: 0.0049587758258
        min: 0.000588570837863
        var: 1.72484487848e-05
    beats_loudness_bass:
        dmean: 0.162622705102
        dmean2: 0.314486145973
        dvar: 0.0506660230458
        dvar2: 0.139449268579
        max: 0.742184460163
        mean: 0.0978360921144
        min: 0.000182312243851
        var: 0.0334047265351
    bpm: 100.591026306
    bpm_confidence: 0
    first_peak_bpm: 101
    first_peak_spread: 0
    first_peak_weight: 0.470588237047
    onset_rate: 4.2867026329
    second_peak_bpm: 134
    second_peak_spread: 0
    second_peak_weight: 0.470588237047
    beats_position: [0.617738008499, 1.21421301365, 1.81068825722, 2.40716338158, 3.00363826752, 3.60011339188, 4.19658851624, 4.79306316376, 5.38953828812, 6.17437124252, 6.62203550339, 7.06970024109, 7.51736450195, 7.96502828598, 8.41269302368, 8.86035728455, 9.30802154541, 9.75568580627]
    bpm_estimates: [100.69846344, 100.51902771, 100.69556427, 100.563842773, 100.473731995, 100.577667236, 100.580787659, 100.557472229, 100.652587891]
    bpm_intervals: [0.59647500515, 0.596475243568, 0.596475124359, 0.596474885941, 0.596475124359, 0.596475124359, 0.596474647522, 0.596475124359, 0.784832954407, 0.447664260864, 0.447664737701, 0.447664260864, 0.447663784027, 0.447664737701, 0.447664260864, 0.447664260864, 0.447664260864]
    onset_times: [0.0580498874187, 0.31346938014, 0.626938760281, 0.777868509293, 0.9287981987, 1.05650794506, 1.35836732388, 1.66022670269, 1.82276642323, 2.07818603516, 2.26394557953, 2.42648530006, 2.71673464775, 3.03020405769, 3.19274377823, 3.32045340538, 3.47138333321, 3.76163268089, 4.06349229813, 4.21442174911, 4.53950119019, 4.66721105576, 4.841360569, 5.10838985443, 5.44507932663, 5.60761928558, 5.85142850876, 6.1648979187, 6.45514726639, 6.86149644852, 7.17496585846, 7.47682523727, 7.51165533066, 7.81351470947, 7.9644446373, 8.13859367371, 8.26630401611, 8.85841274261, 9.02095222473, 9.16027164459, 9.46213150024, 9.62467098236, 9.89170074463]
    rubato_start: [6.62203550339]
    rubato_stop: [9.75568580627]
    perceptual_tempo: "unknown"

sfx:
    inharmonicity:
        dmean: 0.07700958848
        dmean2: 0.134392648935
        dvar: 0.00600593397394
        dvar2: 0.016729876399
        max: 0.41391146183
        mean: 0.0923487320542
        min: 0
        var: 0.00774943828583
    oddtoevenharmonicenergyratio:
        dmean: 3.20231175423
        dmean2: 5.93986320496
        dvar: 74.1591339111
        dvar2: 229.180648804
        max: 101.205032349
        mean: 2.33579063416
        min: 0
        var: 43.5148010254
    pitch_after_max_to_before_max_energy_ratio: 14.1980295181
    pitch_centroid: 217.167007446
    pitch_max_to_total: 0.0511627905071
    pitch_min_to_total: 0.611627936363
    tristimulus:
        dmean: [0.156408503652, 0.28198826313, 0.184117570519]
        dmean2: [0.277326077223, 0.502281069756, 0.321469604969]
        dvar: [0.0237551238388, 0.0594889372587, 0.0258558318019]
        dvar2: [0.0637653321028, 0.171095073223, 0.0766546279192]
        max: [1, 0.988895833492, 0.793215870857]
        mean: [0.21169218421, 0.525198638439, 0.194053247571]
        min: [0.00486039137468, 0, 0]
        var: [0.0314568914473, 0.0677027404308, 0.0349577441812]

tonal:
    chords_changes_rate: 0.12037037313
    chords_number_rate: 0.050925925374
    chords_strength:
        dmean: 0.0141173116863
        dmean2: 0.0144262807444
        dvar: 0.000129060281324
        dvar2: 0.000133330060635
        max: 0.708122849464
        mean: 0.455091893673
        min: 0.307592630386
        var: 0.00925429537892
    key_strength: 0.390325069427
    tuning_diatonic_strength: 0.332124680281
    tuning_equal_tempered_deviation: 0.134361758828
    tuning_frequency: 443.316436768
    tuning_nontempered_energy_ratio: 0.783626794815
    hpcp:
        dmean: [0.162582978606, 0.147688359022, 0.156976744533, 0.181165352464, 0.182175457478, 0.171860426664, 0.18512648344, 0.171801060438, 0.161970943213, 0.163516789675, 0.152584850788, 0.156305357814, 0.164297223091, 0.120840035379, 0.132372811437, 0.147646337748, 0.100289106369, 0.0952706113458, 0.0816382467747, 0.10339653492, 0.165448755026, 0.183174982667, 0.119071230292, 0.0949862450361, 0.119431786239, 0.108610510826, 0.133496329188, 0.176319509745, 0.140957176685, 0.129078760743, 0.16612906754, 0.122350178659, 0.149993896484, 0.136849865317, 0.0984251052141, 0.149700015783]
        dmean2: [0.269550919533, 0.242935270071, 0.259744524956, 0.296999514103, 0.310620486736, 0.285238146782, 0.31053519249, 0.291200309992, 0.271667778492, 0.270940393209, 0.261113643646, 0.270969569683, 0.289735794067, 0.200473025441, 0.223255351186, 0.238978639245, 0.166928306222, 0.162386417389, 0.138656809926, 0.180172875524, 0.286900430918, 0.296562254429, 0.197573453188, 0.168898046017, 0.199867174029, 0.184128776193, 0.221712440252, 0.290023624897, 0.237553179264, 0.220104113221, 0.27004519105, 0.202066510916, 0.241661012173, 0.214017391205, 0.159154742956, 0.230515167117]
        dvar: [0.0367949418724, 0.026975594461, 0.0315414331853, 0.0422910414636, 0.0429835915565, 0.0291316304356, 0.0352205298841, 0.0297883469611, 0.0369780361652, 0.0321045219898, 0.0353099182248, 0.0409363508224, 0.0424334965646, 0.0231126714498, 0.0268869046122, 0.0266164317727, 0.0128567516804, 0.0191658772528, 0.0104456283152, 0.0191571377218, 0.0375037491322, 0.0351682938635, 0.0172214005142, 0.0206424575299, 0.0299048088491, 0.0179037805647, 0.0221454910934, 0.0402248650789, 0.0255878157914, 0.0237539988011, 0.0328032635152, 0.0180781893432, 0.0314071439207, 0.0234264377505, 0.014364650473, 0.028358431533]
        dvar2: [0.0817758515477, 0.072873622179, 0.0768138766289, 0.107464976609, 0.117188856006, 0.0847370326519, 0.0836202800274, 0.0857867375016, 0.111382693052, 0.082550175488, 0.0982414931059, 0.109361894429, 0.0990462228656, 0.0579710863531, 0.067111775279, 0.0610142052174, 0.0333031192422, 0.048869676888, 0.0223418846726, 0.0543968565762, 0.0983746126294, 0.0891648381948, 0.0491378419101, 0.049672588706, 0.0716565027833, 0.0445934683084, 0.0517060644925, 0.0903395861387, 0.0679100304842, 0.0588606148958, 0.0780373215675, 0.0428251586854, 0.0717905536294, 0.0513930991292, 0.0355430729687, 0.063661031425]
        max: [1, 1, 1, 1, 1, 1, 1, 1, 1, 1, 1, 1, 1, 1, 1, 1, 0.979377865791, 1, 1, 0.787517607212, 1, 1, 1, 1, 1, 1, 1, 1, 0.922293305397, 1, 1, 1, 1, 1, 0.93083101511, 1]
        mean: [0.323691725731, 0.250313341618, 0.268751859665, 0.28915220499, 0.246057569981, 0.288913071156, 0.325958877802, 0.264654427767, 0.288560181856, 0.301122546196, 0.227064579725, 0.229788422585, 0.259444564581, 0.201267629862, 0.240846037865, 0.287410676479, 0.189186558127, 0.143318727612, 0.116262704134, 0.120474345982, 0.289975494146, 0.347723335028, 0.195416077971, 0.143412694335, 0.170536249876, 0.16023235023, 0.214218452573, 0.254027217627, 0.206998422742, 0.267770439386, 0.289182960987, 0.193053409457, 0.241864338517, 0.234955579042, 0.154771462083, 0.271196842194]
        min: [0.00447766156867, 0.00523003702983, 0.00281181163155, 0.00290579674765, 0.00320282997563, 0.00316144688986, 0.00285792117938, 0.00958463922143, 0.00723412213847, 0.00595138408244, 0.00469996547326, 0.00205601844937, 0.00318318908103, 0.00325170112774, 0.00230614794418, 0.00235757557675, 0.00317094777711, 0.00359859573655, 0.0019293713849, 0.00142035016324, 0.00232038204558, 0.0036082030274, 0.00649609463289, 0.0020150009077, 0.0015556034632, 0.00124923838302, 0.000992266228423, 0.000882956723217, 0.00152297993191, 0.00273115793243, 0.00369738438167, 0.00663790898398, 0.00288158026524, 0.00301438290626, 0.00377220264636, 0.0055272965692]
        var: [0.0999524071813, 0.0517932362854, 0.0681429281831, 0.0880613774061, 0.0635486096144, 0.051829200238, 0.0723700076342, 0.0482506267726, 0.0724213048816, 0.0786909535527, 0.0469554029405, 0.0497693791986, 0.0676482543349, 0.0403868481517, 0.0493311919272, 0.071078158915, 0.0257918164134, 0.0283358488232, 0.0204828735441, 0.0211400315166, 0.0684272572398, 0.0821075588465, 0.0243804529309, 0.0441870465875, 0.0549401752651, 0.0407696478069, 0.0462767928839, 0.0765199139714, 0.0359018146992, 0.0849893912673, 0.0870365276933, 0.0319744348526, 0.0694986954331, 0.0517937429249, 0.0228602364659, 0.0752041861415]
    chords_histogram: [2.31481480598, 0.462962955236, 0.925925910473, 11.1111106873, 12.5, 0, 5.55555534363, 0, 5.09259271622, 2.77777767181, 12.9629631042, 7.87037038803, 0, 0, 0, 0, 0, 0, 0, 0, 4.62962961197, 31.9444446564, 0, 1.85185182095]
    thpcp: [1, 0.561987221241, 0.412433326244, 0.49043661356, 0.460804134607, 0.616060018539, 0.730544090271, 0.595296323299, 0.770067512989, 0.831646680832, 0.55519258976, 0.695565462112, 0.675696909428, 0.445099443197, 0.779921293259, 0.930888712406, 0.719863533974, 0.772889912128, 0.831558227539, 0.707624554634, 0.830870509148, 0.937408685684, 0.761106312275, 0.829855680466, 0.865983128548, 0.653003573418, 0.660836935043, 0.746123552322, 0.5788154006, 0.692636966705, 0.826549887657, 0.544072091579, 0.412163108587, 0.334354043007, 0.346466094255, 0.833925902843]
    chords_key: "A"
    chords_scale: "minor"
    key_key: "G"
    key_scale: "major"
    chords_progression: ["Am", "Am", "A", "Am", "Am", "Am", "Am", "Am", "Am", "Am", "Am", "Am", "Am", "Am", "Am", "Am", "Am", "Am", "Am", "F#m", "F#m", "F#m", "F#m", "F#m", "F#m", "A", "A", "A", "A", "A", "A", "A", "A", "F#m", "F#m", "F#m", "F#m", "F#m", "F#m", "F#m", "F#m", "F#m", "F#m", "F#m", "F#m", "F#m", "F#m", "F#m", "F#m", "F#m", "F#m", "G", "D", "D", "A", "A", "A", "A", "A", "A", "A", "A", "A", "A", "A", "A", "A", "A", "G", "F#", "F#", "F#", "F#", "G", "F#", "F#", "G", "G", "Em", "Em", "A", "A", "A", "A", "Am", "Am", "Am", "Am", "Am", "Am", "Am", "Am", "Am", "Am", "Am", "Am", "Am", "Am", "Am", "Am", "Am", "Am", "Am", "Am", "Am", "Am", "Am", "Am", "Am", "Am", "Am", "Am", "Am", "Am", "Am", "Am", "Am", "Am", "Am", "Am", "Am", "Am", "Am", "Am", "Am", "Am", "Am", "Am", "Am", "Am", "B", "B", "B", "B", "B", "B", "B", "B", "B", "Bm", "B", "B", "Em", "Em", "D#m", "D#m", "D#m", "D#m", "D#m", "D#m", "F#", "F#", "F#", "F#", "F#", "F#", "F#", "F#", "F#", "F#", "F#", "F#", "F#", "F#", "F#", "F#", "F#", "F#", "F#", "F#", "F#", "F#", "A#m", "A#m", "A#m", "A#m", "A#m", "A#m", "A#m", "A#m", "A#m", "A#m", "A#m", "A#m", "A#m", "A#m", "A#m", "A#m", "A#m", "F", "F", "F", "F", "F", "F", "F", "F", "F", "F", "E", "E", "E", "E", "E", "E", "E", "E", "E", "E", "E", "E", "Am", "Am", "Am", "Am", "Am"]
