
metadata:
    version:
        essentia: "1.2.2"
    audio_properties:
        analysis_sample_rate: 44100
        bitrate: 128
        channels: 2
        equal_loudness: 1
        length: 10.0048980713
        replay_gain: -4.42363739014
        downmix: "mix"
    tags:
        track: 21
        year: 0
        album: "Splitted by Mp3Splt v. 2.1"
        artist: "From 003.20 To 003.30"
        comment: "http://mp3splt.sf.net"
        genre: ""
        title: "02 Track 2.mp3"

highlevel:
    ballroom:
        all:
            ChaChaCha: 0.0579868070781
            Jive: 0.114864803851
            Quickstep: 0.520054101944
            Rumba-American: 0.0268787033856
            Rumba-International: 0.0845662653446
            Rumba-Misc: 0.0314992405474
            Samba: 0.0460264645517
            Tango: 0.0199252963066
            VienneseWaltz: 0.02005340904
            Waltz: 0.0781449079514
        probability: 0.520054101944
        value: "Quickstep"
    culture:
        all:
            non_western: 0.917434334755
            western: 0.0825656950474
        probability: 0.917434334755
        value: "non_western"
    gender:
        all:
            female: 0.509624838829
            male: 0.490375161171
        probability: 0.509624838829
        value: "female"
    genre_dortmund:
        all:
            alternative: 0.0568169280887
            blues: 0.0730560868979
            electronic: 0.519719481468
            folkcountry: 0.062470510602
            funksoulrnb: 0.0156613271683
            jazz: 0.106371290982
            pop: 0.0546133182943
            raphiphop: 0.0352483205497
            rock: 0.0760427415371
        probability: 0.519719481468
        value: "electronic"
    genre_electronica:
        all:
            ambient: 0.53314691782
            dnb: 0.0690989494324
            house: 0.220470577478
            techno: 0.0910860076547
            trance: 0.0861975550652
        probability: 0.53314691782
        value: "ambient"
    genre_rosamerica:
        all:
            cla: 0.053517524153
            dan: 0.0516187921166
            hip: 0.0816927477717
            jaz: 0.0409769080579
            pop: 0.0601512119174
            rhy: 0.569537460804
            roc: 0.0291016958654
            spe: 0.113403655589
        probability: 0.569537460804
        value: "rhy"
    genre_tzanetakis:
        all:
            blu: 0.0274760946631
            cla: 0.0351025797427
            cou: 0.022481540218
            dis: 0.0282944720238
            hip: 0.0571529753506
            jaz: 0.0124174905941
            met: 0.0176012255251
            pop: 0.0904772430658
            reg: 0.612678229809
            roc: 0.0963181629777
        probability: 0.612678229809
        value: "reg"
    live_studio:
        all:
            live: 0.539744794369
            studio: 0.460255205631
        probability: 0.539744794369
        value: "live"
    mood:
        all:
            Cluster1: 0.0240796227008
            Cluster2: 0.0991433262825
            Cluster3: 0.756149172783
            Cluster4: 0.0424520000815
            Cluster5: 0.0781758502126
        probability: 0.756149172783
        value: "Cluster3"
    mood_acoustic:
        all:
            acoustic: 0.145044609904
            not_acoustic: 0.854955375195
        probability: 0.854955375195
        value: "not_acoustic"
    mood_aggressive:
        all:
            aggressive: 0.00780047150329
            not_aggressive: 0.992199540138
        probability: 0.992199540138
        value: "not_aggressive"
    mood_electronic:
        all:
            electronic: 0.841210484505
            not_electronic: 0.158789530396
        probability: 0.841210484505
        value: "electronic"
    mood_happy:
        all:
            happy: 0.436722606421
            not_happy: 0.563277423382
        probability: 0.563277423382
        value: "not_happy"
    mood_party:
        all:
            not_party: 0.292268663645
            party: 0.707731306553
        probability: 0.707731306553
        value: "party"
    mood_relaxed:
        all:
            not_relaxed: 0.712131142616
            relaxed: 0.287868827581
        probability: 0.712131142616
        value: "not_relaxed"
    mood_sad:
        all:
            not_sad: 0.826404452324
            sad: 0.173595562577
        probability: 0.826404452324
        value: "not_sad"
    rhythm:
        all:
            fast: 0.161804497242
            medium: 0.627713382244
            slow: 0.210482105613
        probability: 0.627713382244
        value: "medium"
    speech_music:
        all:
            music: 0.60073941946
            speech: 0.39926058054
        probability: 0.60073941946
        value: "music"
    timbre:
        all:
            bright: 0.259299099445
            dark: 0.740700900555
        probability: 0.740700900555
        value: "dark"
    voice_instrumental:
        all:
            instrumental: 0.321502923965
            voice: 0.678497076035
        probability: 0.678497076035
        value: "voice"

lowlevel:
    average_loudness: 0.784259259701
    barkbands_kurtosis:
        dmean: 3.85015249252
        dmean2: 6.08092498779
        dvar: 38.0672836304
        dvar2: 87.3529968262
        max: 86.0118637085
        mean: 7.12096166611
        min: -1.91176152229
        var: 192.553970337
    barkbands_skewness:
        dmean: 0.658147275448
        dmean2: 0.905749380589
        dvar: 0.472758501768
        dvar2: 0.725854456425
        max: 5.48569154739
        mean: -0.658983409405
        min: -8.9683008194
        var: 6.90801239014
    barkbands_spread:
        dmean: 5.5222401619
        dmean2: 8.49887180328
        dvar: 38.5932998657
        dvar2: 78.394493103
        max: 58.5117721558
        mean: 21.0151100159
        min: 2.1262550354
        var: 187.202453613
    dissonance:
        dmean: 0.0190359260887
        dmean2: 0.0303622744977
        dvar: 0.000498212117236
        dvar2: 0.00126381055452
        max: 0.499460816383
        mean: 0.461418777704
        min: 0.272334367037
        var: 0.00136120477691
    hfc:
        dmean: 2.80834412575
        dmean2: 3.86904096603
        dvar: 51.2811508179
        dvar2: 84.5229263306
        max: 131.685440063
        mean: 6.95728397369
        min: 0.0167397409678
        var: 130.756637573
    pitch:
        dmean: 368.914001465
        dmean2: 700.227722168
        dvar: 810474
        dvar2: 1987168.375
        max: 4900
        mean: 2327.99609375
        min: 109.158416748
        var: 3518246
    pitch_instantaneous_confidence:
        dmean: 0.0795651003718
        dmean2: 0.126453787088
        dvar: 0.00618601776659
        dvar2: 0.0146601963788
        max: 0.941110372543
        mean: 0.655045747757
        min: 0.154852747917
        var: 0.0312150605023
    pitch_salience:
        dmean: 0.061861757189
        dmean2: 0.0991642549634
        dvar: 0.00312625383958
        dvar2: 0.00689239799976
        max: 0.894657433033
        mean: 0.589382231236
        min: 0.250490874052
        var: 0.0164030864835
    silence_rate_20dB:
        dmean: 0
        dmean2: 0
        dvar: 0
        dvar2: 0
        max: 1
        mean: 1
        min: 1
        var: 0
    silence_rate_30dB:
        dmean: 0
        dmean2: 0
        dvar: 0
        dvar2: 0
        max: 1
        mean: 1
        min: 1
        var: 0
    silence_rate_60dB:
        dmean: 0.0930232554674
        dmean2: 0.186480179429
        dvar: 0.0843697860837
        dvar2: 0.175015315413
        max: 1
        mean: 0.654292345047
        min: 0
        var: 0.226194232702
    spectral_centroid:
        dmean: 280.799285889
        dmean2: 388.913665771
        dvar: 186645.5625
        dvar2: 245920.765625
        max: 4889.42480469
        mean: 2232.81005859
        min: 298.521850586
        var: 1711284.375
    spectral_complexity:
        dmean: 1.68691587448
        dmean2: 2.59953165054
        dvar: 5.36459445953
        dvar2: 8.68038272858
        max: 42
        mean: 6.4149184227
        min: 0
        var: 37.3337059021
    spectral_crest:
        dmean: 2.64612102509
        dmean2: 4.33213233948
        dvar: 5.06086683273
        dvar2: 12.386592865
        max: 24.2053966522
        mean: 13.2727537155
        min: 3.82783699036
        var: 27.245672226
    spectral_decrease:
        dmean: 2.01852784487e-10
        dmean2: 2.90784174517e-10
        dvar: 1.23487854943e-19
        dvar2: 2.1890362974e-19
        max: -1.85845219422e-12
        mean: -6.10387740352e-10
        min: -4.82167683558e-09
        var: 5.75614774049e-19
    spectral_energy:
        dmean: 0.000987839186564
        dmean2: 0.00140542490408
        dvar: 3.04088553094e-06
        dvar2: 5.38298354513e-06
        max: 0.0301423966885
        mean: 0.00293478718959
        min: 8.53255278344e-06
        var: 1.26743871078e-05
    spectral_energyband_high:
        dmean: 0.000515912252013
        dmean2: 0.000712914974429
        dvar: 1.51544736582e-06
        dvar2: 2.82404494101e-06
        max: 0.0199941638857
        mean: 0.00102130288724
        min: 3.51765550022e-07
        var: 3.47576701643e-06
    spectral_energyband_low:
        dmean: 1.02747872006e-05
        dmean2: 1.69436480064e-05
        dvar: 2.12652095932e-09
        dvar2: 5.13886666553e-09
        max: 0.000713353627361
        mean: 2.48616906902e-05
        min: 2.46939890758e-08
        var: 2.56966603551e-09
    spectral_energyband_middle_high:
        dmean: 0.000257095583947
        dmean2: 0.000391500652768
        dvar: 3.4657375636e-07
        dvar2: 6.01057365657e-07
        max: 0.0111327925697
        mean: 0.000600743107498
        min: 4.51224377684e-06
        var: 9.24642847622e-07
    spectral_energyband_middle_low:
        dmean: 0.000518075190485
        dmean2: 0.00072306941729
        dvar: 1.55788484335e-06
        dvar2: 2.7205223887e-06
        max: 0.0150934532285
        mean: 0.00128788186703
        min: 1.33315938911e-06
        var: 5.76513048145e-06
    spectral_flatness_db:
        dmean: 0.0215917695314
        dmean2: 0.0334901995957
        dvar: 0.000355711614247
        dvar2: 0.000787742203102
        max: 0.39525744319
        mean: 0.230304792523
        min: 0.0959569439292
        var: 0.00302578485571
    spectral_flux:
        dmean: 0.00657269824296
        dmean2: 0.0098556894809
        dvar: 7.2179856943e-05
        dvar2: 0.000142525954288
        max: 0.139800772071
        mean: 0.0270185954869
        min: 0.0020536640659
        var: 0.000407207320677
    spectral_kurtosis:
        dmean: 2.21666884422
        dmean2: 3.84478878975
        dvar: 4.91337680817
        dvar2: 13.2431402206
        max: 22.726184845
        mean: 5.14876317978
        min: 0.0271015167236
        var: 18.3288822174
    spectral_rms:
        dmean: 0.000241938003455
        dmean2: 0.000341192702763
        dvar: 1.00872959763e-07
        dvar2: 1.61617435879e-07
        max: 0.0054228422232
        mean: 0.00141007441562
        min: 9.12383766263e-05
        var: 8.74901900261e-07
    spectral_rolloff:
        dmean: 359.724884033
        dmean2: 566.671203613
        dvar: 417380.9375
        dvar2: 715603.625
        max: 6761.42578125
        mean: 3186.61401367
        min: 236.865234375
        var: 2482540.5
    spectral_skewness:
        dmean: 0.291562616825
        dmean2: 0.497691899538
        dvar: 0.0719911307096
        dvar2: 0.189161032438
        max: 3.25582098961
        mean: 0.932066321373
        min: -1.11265158653
        var: 0.83724373579
    spectral_spread:
        dmean: 370860.125
        dmean2: 555041.9375
        dvar: 585614032896
        dvar2: 892802826240
        max: 14971292
        mean: 3507020.75
        min: 1337694.875
        var: 2.20728577229e+12
    spectral_strongpeak:
        dmean: 0.590815186501
        dmean2: 0.924223780632
        dvar: 0.76259803772
        dvar2: 1.90240168571
        max: 7.60996818542
        mean: 1.07723712921
        min: 0.0153864491731
        var: 1.63678431511
    zerocrossingrate:
        dmean: 0.0103303426877
        dmean2: 0.0107421875
        dvar: 0.000202888812055
        dvar2: 0.00013649938046
        max: 0.23876953125
        mean: 0.114756338298
        min: 0.0126953125
        var: 0.0031830498483
    barkbands:
        dmean: [1.51587435937e-08, 2.20688752961e-06, 9.11046026886e-06, 3.04503264488e-05, 0.000273666053545, 0.000108011212433, 0.000102655234514, 0.000183985146577, 2.16377193283e-05, 1.3553341887e-05, 1.05750477815e-05, 8.76565354702e-06, 6.32226283415e-06, 9.900501027e-06, 1.1743955838e-05, 1.89278671314e-05, 2.21993068408e-05, 3.67886204913e-05, 8.3115970483e-05, 0.000364738254575, 0.000218542016228, 5.71433411096e-05, 1.9452369088e-05, 2.93756374958e-06, 2.02302931029e-06, 6.80187284274e-08, 1.54687179732e-10]
        dmean2: [2.62099337789e-08, 3.36299535775e-06, 1.60147192219e-05, 5.00515234307e-05, 0.000408983876696, 0.000142579781823, 0.000144713267218, 0.00027810561005, 3.52881252184e-05, 2.15114632738e-05, 1.77369402081e-05, 1.17525742098e-05, 9.52195478021e-06, 1.65608653333e-05, 1.90813680092e-05, 3.28917303705e-05, 3.16524419759e-05, 5.86394926358e-05, 0.000126958359033, 0.000546179653611, 0.00032531292527, 7.61532573961e-05, 2.34824638028e-05, 3.89388060285e-06, 2.84913403448e-06, 1.14324983258e-07, 2.54855359039e-10]
        dvar: [1.312506605e-14, 1.50740309124e-10, 1.66611668906e-09, 6.18338180658e-09, 5.96170821154e-07, 1.51593027908e-07, 8.71610623676e-08, 4.08837905752e-07, 6.8782002316e-09, 1.32793409602e-09, 9.82214753975e-10, 4.93093066378e-10, 2.59825438942e-10, 1.01896546756e-09, 1.41956502109e-09, 2.72977418447e-09, 1.19229470741e-08, 4.6190407943e-08, 7.44470298741e-08, 4.75723993532e-07, 4.02566996627e-07, 7.43310906159e-08, 9.90639037468e-09, 1.77565726012e-10, 1.19191143066e-10, 2.45107238542e-13, 4.75695853848e-19]
        dvar2: [3.79102809258e-14, 2.8230431881e-10, 4.54254012183e-09, 1.76262133778e-08, 1.36644530357e-06, 2.62959133579e-07, 1.71033050833e-07, 8.26958569178e-07, 1.6462122332e-08, 2.94192736838e-09, 2.6211806059e-09, 8.4957335611e-10, 5.75210656883e-10, 2.51971776777e-09, 4.14129708304e-09, 7.14920123102e-09, 1.85797741636e-08, 1.21003012055e-07, 1.65191622159e-07, 1.09453799269e-06, 8.30951648823e-07, 1.40493412459e-07, 1.51237884438e-08, 3.46404127605e-10, 2.32687924484e-10, 6.29429126008e-13, 5.71051322008e-19]
        max: [1.86406236935e-06, 0.000236750944168, 0.000555934559088, 0.000977217569016, 0.0107141509652, 0.00749965757132, 0.00344198476523, 0.0106281945482, 0.00117430568207, 0.000451408675872, 0.00049396767281, 0.000409891625168, 0.000230459176237, 0.00037569302367, 0.000460457755253, 0.000842565554194, 0.00234442506917, 0.00390306650661, 0.00473125046119, 0.00701479893178, 0.00968190468848, 0.00478262128308, 0.00180299824569, 0.000170721265022, 0.000163846605574, 7.4563954513e-06, 1.36995526034e-08]
        mean: [2.3199431709e-08, 8.2941578512e-06, 1.65453293448e-05, 8.35451646708e-05, 0.000562093569897, 0.000188384699868, 0.000140200834721, 0.000284336711047, 2.56533930951e-05, 2.17133165279e-05, 1.47410191857e-05, 1.75371060323e-05, 1.05342360257e-05, 1.37161814564e-05, 1.76219000423e-05, 3.58894940291e-05, 3.86006468034e-05, 5.76260936214e-05, 0.000139938070788, 0.000830848061014, 0.000311654555844, 7.91738275439e-05, 2.89773906843e-05, 4.42568443759e-06, 2.64129403149e-06, 7.56382760869e-08, 1.37497346842e-10]
        min: [1.89563685929e-12, 4.34865837784e-10, 1.72740772797e-08, 8.8491049155e-08, 5.19948315514e-08, 3.21137960668e-08, 8.63048938982e-08, 3.8207382147e-08, 2.62980478283e-07, 5.40452305131e-08, 1.0048060517e-07, 1.30942623855e-07, 9.72749774064e-08, 1.82072980692e-07, 2.44401746841e-07, 1.77404729129e-07, 2.99240070945e-07, 1.85715848033e-07, 2.57967826656e-07, 5.48548200641e-07, 7.45891952647e-08, 1.21245511409e-08, 1.8895980336e-09, 4.75943506828e-10, 7.35928817885e-10, 4.94933538597e-11, 3.69326829319e-13]
        var: [9.67901330102e-15, 2.50205023367e-10, 1.57759616481e-09, 2.23349125861e-08, 1.68182918969e-06, 4.18015218884e-07, 1.77043190774e-07, 8.05729371223e-07, 6.82304346356e-09, 2.68344413357e-09, 1.13433107352e-09, 2.67037392199e-09, 7.07739200578e-10, 1.00716246454e-09, 1.86942417102e-09, 7.30925586723e-09, 2.30816485924e-08, 4.68559626654e-08, 1.23898715287e-07, 1.60015622441e-06, 6.56095778595e-07, 1.26674223111e-07, 2.62575969856e-08, 4.26012003452e-10, 1.83196888215e-10, 2.12280239502e-13, 4.75011516987e-19]
    mfcc:
        mean: [-833.95098877, 116.361228943, -64.6850128174, 79.043006897, -36.3002281189, -6.33899307251, 0.0258069969714, -21.0805568695, 1.38853216171, -4.06341218948, -14.873547554, -4.32251358032, -4.66937494278]
        cov: [[8206.85546875, -1636.51586914, 2441.75268555, 1062.46032715, -330.633666992, 32.6504058838, -912.83996582, -204.688186646, -329.436828613, -50.0153388977, 316.5496521, -353.055969238, -126.690681458], [-1636.51586914, 1924.86071777, -601.321350098, -151.093383789, 49.4433174133, -113.356079102, 39.4803009033, -51.0379180908, 119.19594574, 7.47657489777, 21.5925178528, 59.9117355347, -7.44993591309], [2441.75268555, -601.321350098, 1532.49194336, -136.993972778, 94.8489990234, -24.1788578033, -521.01385498, 57.5722427368, -190.60168457, -32.1241798401, 122.88381958, -174.350662231, -88.6329879761], [1062.46032715, -151.093383789, -136.993972778, 1604.71154785, -343.755249023, 87.7236175537, 303.909790039, -284.996063232, 264.579376221, 101.338188171, 33.2324829102, 46.7079124451, 53.7313766479], [-330.633666992, 49.4433174133, 94.8489990234, -343.755249023, 262.279724121, -35.9474220276, -101.414123535, 87.2782821655, -53.3287086487, -24.1912689209, -27.9995155334, -19.5931072235, -15.5450601578], [32.6504058838, -113.356079102, -24.1788578033, 87.7236175537, -35.9474220276, 115.484649658, 67.4953155518, -21.8185501099, 0.256873577833, -6.78137731552, 17.9084720612, -1.78261756897, 3.40649747849], [-912.83996582, 39.4803009033, -521.01385498, 303.909790039, -101.414123535, 67.4953155518, 444.472961426, -16.2733230591, 101.471092224, 46.5457382202, -51.5634689331, 92.5194396973, 46.9868392944], [-204.688186646, -51.0379180908, 57.5722427368, -284.996063232, 87.2782821655, -21.8185501099, -16.2733230591, 140.881820679, -48.6081237793, -25.8391799927, -23.307346344, -16.8508529663, -5.20651960373], [-329.436828613, 119.19594574, -190.60168457, 264.579376221, -53.3287086487, 0.256873577833, 101.471092224, -48.6081237793, 158.643661499, 43.3531723022, -8.39442825317, 35.6148872375, 7.08853769302], [-50.0153388977, 7.47657489777, -32.1241798401, 101.338188171, -24.1912689209, -6.78137731552, 46.5457382202, -25.8391799927, 43.3531723022, 116.84021759, 17.0676631927, 33.3327445984, -3.84723973274], [316.5496521, 21.5925178528, 122.88381958, 33.2324829102, -27.9995155334, 17.9084720612, -51.5634689331, -23.307346344, -8.39442825317, 17.0676631927, 117.333015442, -4.66187810898, -10.4655647278], [-353.055969238, 59.9117355347, -174.350662231, 46.7079124451, -19.5931072235, -1.78261756897, 92.5194396973, -16.8508529663, 35.6148872375, 33.3327445984, -4.66187810898, 99.2225112915, 19.9405765533], [-126.690681458, -7.44993591309, -88.6329879761, 53.7313766479, -15.5450601578, 3.40649747849, 46.9868392944, -5.20651960373, 7.08853769302, -3.84723973274, -10.4655647278, 19.9405765533, 78.2009506226]]
        icov: [[0.000527151452843, 0.000191201645066, -0.00037776469253, -0.000603761640377, 0.000535814382602, 0.000188828955288, 0.000739571696613, -8.81583764567e-05, 0.00107592111453, 1.36170110636e-05, -0.000371596077457, 0.000321115279803, 0.000278494408121], [0.000191201645066, 0.000808935146779, 0.000215040607145, -6.53625684208e-05, -3.17305602948e-05, 0.000858778890688, 0.000316424004268, 0.000465313962195, -9.56539806793e-05, 0.000258947809925, -0.000784328149166, 0.000238175824052, 0.000328313093632], [-0.00037776469253, 0.000215040607145, 0.00200296891853, -0.000150039311848, -0.000596062629484, -0.000195221597096, 0.00122750271112, -0.00111943203956, 0.000337989069521, -0.000534447142854, -0.000696068338584, 0.000572520366404, 0.000563611625694], [-0.000603761640377, -6.53625684208e-05, -0.000150039311848, 0.0025030458346, 0.000157788934303, -3.46749538949e-06, -0.00214733742177, 0.00282424176112, -0.00329673639499, 6.89247535774e-05, 0.000415103597334, 0.000362810387742, -0.00109920499381], [0.000535814382602, -3.17305602948e-05, -0.000596062629484, 0.000157788934303, 0.00653258850798, 3.89324995922e-05, 0.00165491481312, -0.00210782256909, 0.000770715123508, -0.000280604173895, 0.00112501857802, 1.88456601791e-06, 0.000309639115585], [0.000188828955288, 0.000858778890688, -0.000195221597096, -3.46749538949e-06, 3.89324995922e-05, 0.0122724557295, -0.0029609457124, 0.00264814728871, 0.00103646295611, 0.00201815459877, -0.00318303657696, 0.00191274832468, 0.000688993255608], [0.000739571696613, 0.000316424004268, 0.00122750271112, -0.00214733742177, 0.00165491481312, -0.0029609457124, 0.00759763084352, -0.00401921616867, 0.00170981581323, -0.00144382508006, 0.000920779013541, -0.00199592090212, 0.000126464976347], [-8.81583764567e-05, 0.000465313962195, -0.00111943203956, 0.00282424176112, -0.00210782256909, 0.00264814728871, -0.00401921616867, 0.0147879039869, -0.000992735498585, 0.00144983665086, 0.00052259810036, 0.00204015779309, -0.000731607258786], [0.00107592111453, -9.56539806793e-05, 0.000337989069521, -0.00329673639499, 0.000770715123508, 0.00103646295611, 0.00170981581323, -0.000992735498585, 0.0139406984672, -0.00227077538148, -0.000223890689085, -0.000223375813221, 0.00204844074324], [1.36170110636e-05, 0.000258947809925, -0.000534447142854, 6.89247535774e-05, -0.000280604173895, 0.00201815459877, -0.00144382508006, 0.00144983665086, -0.00227077538148, 0.0113065978512, -0.00205918215215, -0.0028741764836, 0.00143337983172], [-0.000371596077457, -0.000784328149166, -0.000696068338584, 0.000415103597334, 0.00112501857802, -0.00318303657696, 0.000920779013541, 0.00052259810036, -0.000223890689085, -0.00205918215215, 0.0117641929537, -0.0015430978965, -2.01746624953e-05], [0.000321115279803, 0.000238175824052, 0.000572520366404, 0.000362810387742, 1.88456601791e-06, 0.00191274832468, -0.00199592090212, 0.00204015779309, -0.000223375813221, -0.0028741764836, -0.0015430978965, 0.0155495284125, -0.00209800410084], [0.000278494408121, 0.000328313093632, 0.000563611625694, -0.00109920499381, 0.000309639115585, 0.000688993255608, 0.000126464976347, -0.000731607258786, 0.00204844074324, 0.00143337983172, -2.01746624953e-05, -0.00209800410084, 0.0149880312383]]
    spectral_contrast:
        mean: [7.41497743206e-08, -2.54361765428e-07, 3.51948763466e-08, -6.80290952459e-07, 2.85095410391e-07, 7.03029172655e-08, 2.61114200839e-06, -5.78540209517e-07, -2.35163952311e-06, -6.25709844826e-07, -4.93009611091e-06, 2.85046371573e-06]
        var: [0.000708317849785, 0.00143317691982, 0.00199401727878, 0.00212212465703, 0.00268859509379, 0.00924463383853, 0.0735721513629, 0.131521731615, 0.342661708593, 0.396527141333, 1.17412388325, 4.17633390427]

rhythm:
    beats_loudness:
        dmean: 0.0017285796348
        dmean2: 0.00238243420608
        dvar: 1.80399661076e-06
        dvar2: 4.46734611614e-06
        max: 0.00770928850397
        mean: 0.00252159335651
        min: 4.84672709717e-05
        var: 4.83871781398e-06
    beats_loudness_bass:
        dmean: 0.0383715964854
        dmean2: 0.0705022066832
        dvar: 0.00216537062079
        dvar2: 0.0052058766596
        max: 0.199800461531
        mean: 0.0369002372026
        min: 0.00256720557809
        var: 0.00195700023323
    bpm: 127.689361572
    bpm_confidence: 0
    first_peak_bpm: 128
    first_peak_spread: 0
    first_peak_weight: 0.571428596973
    onset_rate: 3.09848237038
    second_peak_bpm: 136
    second_peak_spread: 0
    second_peak_weight: 0.380952388048
    beats_position: [0.104949019849, 0.574839472771, 1.04472982883, 1.5146201849, 1.98451066017, 2.45440125465, 2.92429161072, 3.3941822052, 3.86407279968, 4.33396339417, 4.80385351181, 5.27374410629, 5.74363470078, 6.32781505585, 6.77022504807, 7.21263456345, 7.65504455566, 8.09745407104, 8.5398645401, 8.98227405548, 9.42468357086, 9.86709308624]
    bpm_estimates: [127.63167572, 127.747055054]
    bpm_intervals: [0.469890445471, 0.469890356064, 0.469890356064, 0.469890475273, 0.469890594482, 0.469890356064, 0.469890594482, 0.469890594482, 0.469890594482, 0.469890117645, 0.469890594482, 0.469890594482, 0.584180355072, 0.442409992218, 0.442409515381, 0.442409992218, 0.442409515381, 0.442410469055, 0.442409515381, 0.442409515381, 0.442409515381]
    onset_times: [0.0580498874187, 0.255419492722, 0.348299324512, 0.49922901392, 0.766258478165, 1.30031740665, 1.50929701328, 1.62539684772, 2.00852608681, 2.11301589012, 2.29877543449, 3.75002264977, 3.92417240143, 4.20281171799, 4.43501138687, 4.94585037231, 5.11999988556, 5.34058952332, 5.7701587677, 5.92108821869, 6.11845827103, 6.29260778427, 6.66412687302, 6.79183673859, 6.93115663528, 7.05886602402, 7.24462604523, 7.4303855896, 7.59292507172, 7.92961454391, 8.16181373596]
    rubato_start: []
    rubato_stop: []
    perceptual_tempo: "unknown"

sfx:
    inharmonicity:
        dmean: 0.0508585870266
        dmean2: 0.089432515204
        dvar: 0.00328001216985
        dvar2: 0.00904440134764
        max: 0.384100645781
        mean: 0.0677796304226
        min: 0.000153333428898
        var: 0.00546289747581
    oddtoevenharmonicenergyratio:
        dmean: 13.2251653671
        dmean2: 25.9575252533
        dvar: 6389.02734375
        dvar2: 19025.2207031
        max: 1078.07189941
        mean: 7.32728052139
        min: 0.000333886797307
        var: 3272.75488281
    pitch_after_max_to_before_max_energy_ratio: 87.7828292847
    pitch_centroid: 224.884536743
    pitch_max_to_total: 0.00233100238256
    pitch_min_to_total: 0.0839160829782
    tristimulus:
        dmean: [0.147690162063, 0.284036070108, 0.194885879755]
        dmean2: [0.260162383318, 0.500947535038, 0.340017348528]
        dvar: [0.0322117842734, 0.0663903728127, 0.0461881011724]
        dvar2: [0.0873953327537, 0.181202173233, 0.120566003025]
        max: [0.942278563976, 0.995154500008, 0.956497728825]
        mean: [0.242898017168, 0.467883974314, 0.252635389566]
        min: [0.00484554842114, 0, 0]
        var: [0.0590889230371, 0.0838740393519, 0.0734282061458]

tonal:
    chords_changes_rate: 0.050925925374
    chords_number_rate: 0.0231481473893
    chords_strength:
        dmean: 0.0080389091745
        dmean2: 0.00770655320957
        dvar: 6.27375702607e-05
        dvar2: 6.05556997471e-05
        max: 0.695041537285
        mean: 0.541059672832
        min: 0.30547568202
        var: 0.00979245454073
    key_strength: 0.41953381896
    tuning_diatonic_strength: 0.545513451099
    tuning_equal_tempered_deviation: 0.329257905483
    tuning_frequency: 453.678466797
    tuning_nontempered_energy_ratio: 0.956708908081
    hpcp:
        dmean: [0.0938994660974, 0.0819415301085, 0.0966958627105, 0.15168325603, 0.182073026896, 0.207567453384, 0.182289645076, 0.235810354352, 0.207472637296, 0.144888788462, 0.164443507791, 0.135618850589, 0.108044371009, 0.126248523593, 0.117010757327, 0.10535787791, 0.0761890858412, 0.056395933032, 0.0748102515936, 0.122082285583, 0.115042366087, 0.0765795707703, 0.0377933159471, 0.0259713009, 0.034582067281, 0.0397474691272, 0.0350565426052, 0.0347793549299, 0.036587510258, 0.0371631123126, 0.0399791449308, 0.0551313273609, 0.0701606273651, 0.084402769804, 0.0889208912849, 0.1011723876]
        dmean2: [0.16158464551, 0.134064018726, 0.164634555578, 0.24948258698, 0.309544146061, 0.337270468473, 0.298021614552, 0.405527859926, 0.349766254425, 0.235484063625, 0.279662758112, 0.218672528863, 0.180354610085, 0.213063016534, 0.201330274343, 0.171100616455, 0.118254341185, 0.0948030725121, 0.119964286685, 0.201838240027, 0.179839968681, 0.125101223588, 0.0583991408348, 0.0423847474158, 0.0607719868422, 0.0711170211434, 0.0579021573067, 0.0581056252122, 0.061520434916, 0.0664175152779, 0.0716835334897, 0.0959763675928, 0.118809863925, 0.145775869489, 0.154894769192, 0.175669446588]
        dvar: [0.0305312182754, 0.0213583353907, 0.0213750973344, 0.033120341599, 0.0455478802323, 0.0439902693033, 0.0403292626143, 0.058450050652, 0.0449548065662, 0.0321215167642, 0.0478893667459, 0.0327257141471, 0.0271698459983, 0.0392120555043, 0.0352612696588, 0.0386609807611, 0.0178823545575, 0.0122473081574, 0.0129603752866, 0.0273316893727, 0.0237620063126, 0.0144260022789, 0.0061631645076, 0.00397413503379, 0.00764501374215, 0.0112710278481, 0.00496619427577, 0.00367071293294, 0.00521468278021, 0.011089798063, 0.0068028527312, 0.018043840304, 0.0183997061104, 0.0166068002582, 0.0237245187163, 0.0242865234613]
        dvar2: [0.0675390809774, 0.0458657331765, 0.0534220002592, 0.0834456533194, 0.111646063626, 0.11662619561, 0.0960520505905, 0.142544791102, 0.136445626616, 0.0756371095777, 0.11038774997, 0.0790967643261, 0.0651951208711, 0.0894780382514, 0.0844185575843, 0.0950369462371, 0.0391748435795, 0.0343986600637, 0.0322297662497, 0.0664913132787, 0.0487095117569, 0.0373825579882, 0.0133446510881, 0.0111607611179, 0.0229401551187, 0.0317271240056, 0.0116617102176, 0.00966463703662, 0.0144279478118, 0.0320618413389, 0.0163333229721, 0.0511292517185, 0.0514440536499, 0.0437841638923, 0.0630314797163, 0.0657968372107]
        max: [1, 1, 1, 1, 1, 1, 1, 1, 1, 1, 1, 1, 1, 1, 1, 1, 1, 1, 1, 1, 1, 0.878460049629, 0.887681126595, 0.627499878407, 0.725676357746, 0.980661332607, 0.764849483967, 0.529218673706, 0.568327188492, 1, 0.473101943731, 0.994436621666, 1, 1, 1, 1]
        mean: [0.117575414479, 0.096526093781, 0.136065885425, 0.232914566994, 0.332274407148, 0.4070700109, 0.471593797207, 0.467641800642, 0.336889714003, 0.282076150179, 0.311382800341, 0.218254730105, 0.1567710042, 0.18982899189, 0.164419144392, 0.118953354657, 0.100407443941, 0.0834452807903, 0.106086969376, 0.229228422046, 0.232685014606, 0.0990218147635, 0.0417004339397, 0.031779486686, 0.0367330797017, 0.043090313673, 0.0441038645804, 0.042577650398, 0.0416620820761, 0.0414988994598, 0.0475169867277, 0.0638960823417, 0.0882448628545, 0.117058753967, 0.154229447246, 0.155480071902]
        min: [0.00164925819263, 0.00158654130064, 0.00247931852937, 0.00181713397615, 0.00168260722421, 0.00177566998173, 0.00246866978705, 0.000956807925832, 0.00114703248255, 0.00132662686519, 0.0012882258743, 0.00172047154047, 0.00073407148011, 0.00084398733452, 0.000958463409916, 0.00098240817897, 0.000637403631117, 0.000486570963403, 0.00147374765947, 0.00318237533793, 0.00386959942989, 0.00187496794388, 0.000385869119782, 0.000337319099344, 0.000279984960798, 0.000532782752998, 0.000758236972615, 0.000513724633493, 0.000578925828449, 0.00079922756413, 0.000911623705178, 0.0015213242732, 0.00158114847727, 0.00128096120898, 0.00244572455995, 0.00202456861734]
        var: [0.0409807823598, 0.0304043199867, 0.0312982946634, 0.0604778118432, 0.10667232424, 0.124690726399, 0.148145750165, 0.143944278359, 0.0798595771194, 0.0799850448966, 0.113257400692, 0.0578776150942, 0.0452438406646, 0.067127905786, 0.056738872081, 0.0463622808456, 0.0369566418231, 0.0294784400612, 0.0234718285501, 0.0696562454104, 0.0808831974864, 0.0191480312496, 0.00795438140631, 0.00426159519702, 0.00587350362912, 0.00869979709387, 0.00805421546102, 0.00589322438464, 0.00514408666641, 0.00783967599273, 0.00692263199016, 0.0128382407129, 0.0174374561757, 0.0202288608998, 0.0354168713093, 0.0388030037284]
    chords_histogram: [0, 0, 11.5740737915, 0, 0, 18.0555553436, 0, 17.1296291351, 0.462962955236, 0, 0, 0, 0, 0, 0, 9.72222232819, 0, 0, 0, 0, 0, 0, 43.055557251, 0]
    thpcp: [1, 0.991619884968, 0.714364171028, 0.598133742809, 0.660277545452, 0.462802380323, 0.33242803812, 0.402526468039, 0.348645687103, 0.252236902714, 0.212910860777, 0.176943123341, 0.224954128265, 0.48607173562, 0.493401348591, 0.209972679615, 0.0884244740009, 0.0673874169588, 0.0778913572431, 0.0913716703653, 0.0935208722949, 0.0902845859528, 0.0883431509137, 0.0879971310496, 0.100758291781, 0.135489657521, 0.187120497227, 0.248219445348, 0.327038764954, 0.329690665007, 0.249315008521, 0.204680576921, 0.288523495197, 0.493888109922, 0.704577565193, 0.863179326057]
    chords_key: "G#"
    chords_scale: "minor"
    key_key: "D#"
    key_scale: "minor"
    chords_progression: ["G#m", "G#m", "G#m", "G#m", "G#m", "G#", "G#", "G#", "G#", "G#", "G#", "G#", "G#", "G#", "G#", "G#", "G#", "G#", "G#", "G#", "G#", "G#", "G#", "G#", "G#", "G#", "G#", "G#", "G#", "G#", "G#", "G#", "G#", "G#", "G#", "G#", "G#m", "G#m", "G#", "G#", "G#", "G#", "G#", "G#", "G#", "G#", "G#m", "G#m", "G#m", "G#m", "G#m", "G#m", "G#m", "G#m", "G#m", "G#m", "G#m", "G#m", "G#m", "G#m", "G#m", "G#m", "G#m", "G#m", "G#m", "G#m", "G#m", "G#m", "G#m", "G#m", "G#m", "G#m", "G#m", "G#m", "G#m", "G#m", "G#m", "G#m", "G#m", "G#m", "G#m", "G#m", "G#m", "G#m", "G#m", "G#m", "G#m", "G#m", "G#m", "G#m", "G#m", "G#m", "G#m", "G#m", "G#m", "G#m", "G#m", "G#m", "G#m", "G#m", "G#m", "G#m", "G#m", "G#m", "G#m", "G#m", "G#m", "G#m", "G#m", "A#m", "A#m", "A#m", "A#m", "A#m", "A#m", "A#m", "A#m", "A#m", "A#m", "A#m", "A#m", "A#m", "A#m", "A#m", "A#m", "A#m", "A#m", "A#m", "A#m", "A#m", "A#m", "A#m", "A#m", "A#m", "D#", "D#", "D#", "D#", "D#", "D#", "D#", "D#", "D#", "D#", "D#", "D#", "D#", "D#", "D#", "D#", "D#", "D#", "D#", "D#", "D#", "D#", "D#", "D#", "D#", "D#", "D#", "D#", "D#", "D#", "D#", "D#", "D#", "G#m", "G#m", "G#m", "G#m", "G#m", "G#m", "G#m", "G#m", "D#", "D#", "D#", "D#", "G#m", "G#m", "G#m", "G#m", "G#m", "G#m", "G#m", "G#m", "G#m", "G#m", "G#m", "G#m", "G#m", "G#m", "G#m", "G", "G", "G", "G", "G", "G", "G", "G", "G", "G", "G", "G", "G", "G", "G", "G", "G", "G", "G", "G", "G", "Gm"]
