
metadata:
    version:
        essentia: "1.2.2"
    audio_properties:
        analysis_sample_rate: 44100
        bitrate: 128
        channels: 2
        equal_loudness: 1
        length: 10.0310201645
        replay_gain: -14.0545864105
        downmix: "mix"
    tags:
        track: 9
        year: 0
        album: "Splitted by Mp3Splt v. 2.1"
        artist: "From 001.20 To 001.30"
        comment: "http://mp3splt.sf.net"
        genre: ""
        title: "05 Ear Cricket.mp3"

highlevel:
    ballroom:
        all:
            ChaChaCha: 0.0871430262923
            Jive: 0.389044910669
            Quickstep: 0.0731653645635
            Rumba-American: 0.0129792485386
            Rumba-International: 0.112908639014
            Rumba-Misc: 0.0703371018171
            Samba: 0.0857115462422
            Tango: 0.00921961199492
            VienneseWaltz: 0.132142022252
            Waltz: 0.0273485258222
        probability: 0.389044910669
        value: "Jive"
    culture:
        all:
            non_western: 0.0595513209701
            western: 0.940448701382
        probability: 0.940448701382
        value: "western"
    gender:
        all:
            female: 0.240912482142
            male: 0.759087502956
        probability: 0.759087502956
        value: "male"
    genre_dortmund:
        all:
            alternative: 0.191135779023
            blues: 0.00976912304759
            electronic: 0.016999790445
            folkcountry: 0.121813066304
            funksoulrnb: 0.00621575443074
            jazz: 0.0030141135212
            pop: 0.181278079748
            raphiphop: 0.000777893757913
            rock: 0.468996405602
        probability: 0.468996405602
        value: "rock"
    genre_electronica:
        all:
            ambient: 0.449087560177
            dnb: 0.108028031886
            house: 0.00809389911592
            techno: 0.012165620923
            trance: 0.422624886036
        probability: 0.449087560177
        value: "ambient"
    genre_rosamerica:
        all:
            cla: 0.0117374518886
            dan: 0.0707034915686
            hip: 0.00119828188326
            jaz: 0.0080033512786
            pop: 0.179499804974
            rhy: 0.00340879918076
            roc: 0.724484980106
            spe: 0.000963823404163
        probability: 0.724484980106
        value: "roc"
    genre_tzanetakis:
        all:
            blu: 0.0035730781965
            cla: 0.0312619246542
            cou: 0.0884808674455
            dis: 0.043105378747
            hip: 0.00315969670191
            jaz: 0.158883780241
            met: 0.0104382392019
            pop: 0.280011415482
            reg: 0.0132932495326
            roc: 0.367792367935
        probability: 0.367792367935
        value: "roc"
    live_studio:
        all:
            live: 0.360607892275
            studio: 0.639392077923
        probability: 0.639392077923
        value: "studio"
    mood:
        all:
            Cluster1: 0.216207757592
            Cluster2: 0.145780548453
            Cluster3: 0.400855273008
            Cluster4: 0.201506406069
            Cluster5: 0.0356500297785
        probability: 0.400855273008
        value: "Cluster3"
    mood_acoustic:
        all:
            acoustic: 0.163193553686
            not_acoustic: 0.836806416512
        probability: 0.836806416512
        value: "not_acoustic"
    mood_aggressive:
        all:
            aggressive: 0.0433987379074
            not_aggressive: 0.956601262093
        probability: 0.956601262093
        value: "not_aggressive"
    mood_electronic:
        all:
            electronic: 0.192755579948
            not_electronic: 0.807244420052
        probability: 0.807244420052
        value: "not_electronic"
    mood_happy:
        all:
            happy: 0.605431973934
            not_happy: 0.394568055868
        probability: 0.605431973934
        value: "happy"
    mood_party:
        all:
            not_party: 0.824063003063
            party: 0.175936996937
        probability: 0.824063003063
        value: "not_party"
    mood_relaxed:
        all:
            not_relaxed: 0.259623497725
            relaxed: 0.740376472473
        probability: 0.740376472473
        value: "relaxed"
    mood_sad:
        all:
            not_sad: 0.12588173151
            sad: 0.87411826849
        probability: 0.87411826849
        value: "sad"
    rhythm:
        all:
            fast: 0.972213327885
            medium: 0.024642046541
            slow: 0.00314464699477
        probability: 0.972213327885
        value: "fast"
    speech_music:
        all:
            music: 0.998016655445
            speech: 0.00198333500884
        probability: 0.998016655445
        value: "music"
    timbre:
        all:
            bright: 0.900839328766
            dark: 0.0991606488824
        probability: 0.900839328766
        value: "bright"
    voice_instrumental:
        all:
            instrumental: 0.00550601864234
            voice: 0.994493961334
        probability: 0.994493961334
        value: "voice"

lowlevel:
    average_loudness: 0.972852289677
    barkbands_kurtosis:
        dmean: 0.69223600626
        dmean2: 1.1326636076
        dvar: 0.982573270798
        dvar2: 2.29577064514
        max: 13.4303760529
        mean: -0.488112509251
        min: -1.76762938499
        var: 2.29601788521
    barkbands_skewness:
        dmean: 0.366692245007
        dmean2: 0.577361762524
        dvar: 0.108185485005
        dvar2: 0.264418900013
        max: 3.36333584785
        mean: 0.660382866859
        min: -0.847905516624
        var: 0.3631490767
    barkbands_spread:
        dmean: 4.17608785629
        dmean2: 6.45648908615
        dvar: 15.6391963959
        dvar2: 39.7008171082
        max: 50.3896102905
        mean: 28.0417728424
        min: 6.92639303207
        var: 52.0532035828
    dissonance:
        dmean: 0.0164988655597
        dmean2: 0.0276302862912
        dvar: 0.000203374278499
        dvar2: 0.000576587568503
        max: 0.499876499176
        mean: 0.462521672249
        min: 0.371912777424
        var: 0.000358613207936
    hfc:
        dmean: 1.14783322811
        dmean2: 1.68891441822
        dvar: 2.1529943943
        dvar2: 4.37394857407
        max: 23.6556282043
        mean: 5.32512140274
        min: 0.0471401549876
        var: 9.36278247833
    pitch:
        dmean: 150.690368652
        dmean2: 291.347412109
        dvar: 342084.5
        dvar2: 890502.5
        max: 4009.09082031
        mean: 262.533416748
        min: 78.1914901733
        var: 239279.828125
    pitch_instantaneous_confidence:
        dmean: 0.0775300934911
        dmean2: 0.118978187442
        dvar: 0.00434531597421
        dvar2: 0.00997929833829
        max: 0.780364632607
        mean: 0.413718670607
        min: 0.141269683838
        var: 0.0146338501945
    pitch_salience:
        dmean: 0.0578841231763
        dmean2: 0.0935287028551
        dvar: 0.00248004798777
        dvar2: 0.00625733239576
        max: 0.804024577141
        mean: 0.624019742012
        min: 0.206230506301
        var: 0.00634908583015
    silence_rate_20dB:
        dmean: 0
        dmean2: 0
        dvar: 0
        dvar2: 0
        max: 1
        mean: 1
        min: 1
        var: 0
    silence_rate_30dB:
        dmean: 0
        dmean2: 0
        dvar: 0
        dvar2: 0
        max: 1
        mean: 1
        min: 1
        var: 0
    silence_rate_60dB:
        dmean: 0.145833328366
        dmean2: 0.292343378067
        dvar: 0.124565638602
        dvar2: 0.253282397985
        max: 1
        mean: 0.334872990847
        min: 0
        var: 0.22273235023
    spectral_centroid:
        dmean: 203.914520264
        dmean2: 315.715393066
        dvar: 38892.1210938
        dvar2: 86230.859375
        max: 3637.07128906
        mean: 1136.09326172
        min: 264.129455566
        var: 149463.3125
    spectral_complexity:
        dmean: 2.54060316086
        dmean2: 4.07674407959
        dvar: 5.61725711823
        dvar2: 13.6475811005
        max: 26
        mean: 14.6157407761
        min: 0
        var: 17.3384532928
    spectral_crest:
        dmean: 2.19118118286
        dmean2: 3.56090140343
        dvar: 4.03475141525
        dvar2: 10.2597408295
        max: 22.4045276642
        mean: 7.00124788284
        min: 2.66751050949
        var: 9.82071399689
    spectral_decrease:
        dmean: 3.31406763143e-10
        dmean2: 5.32222377281e-10
        dvar: 2.28555018031e-19
        dvar2: 5.72457684145e-19
        max: -1.8433546356e-11
        mean: -1.15470466522e-09
        min: -3.74778208467e-09
        var: 4.11097649199e-19
    spectral_energy:
        dmean: 0.00132516119629
        dmean2: 0.00211234530434
        dvar: 3.57562771569e-06
        dvar2: 8.88928843779e-06
        max: 0.0152939623222
        mean: 0.00484112463892
        min: 7.38482849556e-05
        var: 6.85793747834e-06
    spectral_energyband_high:
        dmean: 6.79545701132e-05
        dmean2: 0.000106379811768
        dvar: 1.66049805017e-08
        dvar2: 3.49259607901e-08
        max: 0.00214894558303
        mean: 0.000130750093376
        min: 1.95652114598e-06
        var: 3.76691815518e-08
    spectral_energyband_low:
        dmean: 0.000132288332679
        dmean2: 0.000234854305745
        dvar: 3.51028646151e-08
        dvar2: 9.63195603276e-08
        max: 0.00148705521133
        mean: 0.000230090896366
        min: 1.78827099262e-06
        var: 4.09846308003e-08
    spectral_energyband_middle_high:
        dmean: 0.000348354020389
        dmean2: 0.000526755989995
        dvar: 1.84624738608e-07
        dvar2: 4.01221484481e-07
        max: 0.00713451718912
        mean: 0.00169600185473
        min: 5.15258352607e-06
        var: 8.99938243037e-07
    spectral_energyband_middle_low:
        dmean: 0.00117485108785
        dmean2: 0.00190112355631
        dvar: 2.91584137813e-06
        dvar2: 7.59157092034e-06
        max: 0.0120224906132
        mean: 0.00278425379656
        min: 6.39342906652e-05
        var: 4.31417265645e-06
    spectral_flatness_db:
        dmean: 0.0164622943848
        dmean2: 0.0244812816381
        dvar: 0.000185581971891
        dvar2: 0.000414974550949
        max: 0.287463337183
        mean: 0.13696116209
        min: 0.0583337917924
        var: 0.000906616740394
    spectral_flux:
        dmean: 0.00889694783837
        dmean2: 0.013224421069
        dvar: 0.000109907625301
        dvar2: 0.000211098595173
        max: 0.0975235924125
        mean: 0.0369876474142
        min: 0.00859350245446
        var: 0.000256719038589
    spectral_kurtosis:
        dmean: 1.5585924387
        dmean2: 2.41309356689
        dvar: 2.50560450554
        dvar2: 6.00947475433
        max: 19.751745224
        mean: 5.35335111618
        min: -1.13172006607
        var: 7.10795545578
    spectral_rms:
        dmean: 0.000278240942862
        dmean2: 0.00043211542652
        dvar: 1.20389330505e-07
        dvar2: 2.7151094173e-07
        max: 0.00386276305653
        mean: 0.00210306583904
        min: 0.000268415926257
        var: 3.00167073419e-07
    spectral_rolloff:
        dmean: 444.652770996
        dmean2: 717.856750488
        dvar: 230387.234375
        dvar2: 469825.59375
        max: 8634.81445312
        mean: 2420.04248047
        min: 236.865234375
        var: 686412.3125
    spectral_skewness:
        dmean: 0.204886898398
        dmean2: 0.311269074678
        dvar: 0.0438548289239
        dvar2: 0.0927475094795
        max: 3.20722007751
        mean: 1.82346558571
        min: 0.336833000183
        var: 0.135245218873
    spectral_spread:
        dmean: 768370.5625
        dmean2: 922870.5
        dvar: 991069405184
        dvar2: 1.43923229491e+12
        max: 14110759
        mean: 4771750
        min: 2329822
        var: 3.2660937769e+12
    spectral_strongpeak:
        dmean: 0.225583106279
        dmean2: 0.391422241926
        dvar: 0.116923421621
        dvar2: 0.319665074348
        max: 4.31855916977
        mean: 0.387117177248
        min: 0.0136864017695
        var: 0.157104209065
    zerocrossingrate:
        dmean: 0.00770827289671
        dmean2: 0.0091206394136
        dvar: 5.741759378e-05
        dvar2: 5.33967431693e-05
        max: 0.2158203125
        mean: 0.0716089308262
        min: 0.01904296875
        var: 0.000421336124418
    barkbands:
        dmean: [4.8017369636e-07, 5.89849878452e-05, 0.000102001191408, 0.000271887955023, 0.000683694088366, 0.000348422996467, 0.000161097457749, 0.000168657992617, 0.000118451476737, 6.44211395411e-05, 4.88354999106e-05, 7.92341597844e-05, 5.2576600865e-05, 8.92327225301e-05, 8.06153911981e-05, 8.85066619958e-05, 0.000111438712338, 8.62820015755e-05, 8.68829738465e-05, 5.98892838752e-05, 2.59290063696e-05, 1.26838549477e-05, 4.55740746474e-06, 5.00954774907e-06, 4.58987733509e-06, 1.0597199207e-07, 2.55740140176e-09]
        dmean2: [7.10330880338e-07, 9.99757685349e-05, 0.00018455152167, 0.000459068251075, 0.00112592149526, 0.000597080856096, 0.000253186968621, 0.000283146015136, 0.000175806329935, 9.82756173471e-05, 7.52962514525e-05, 0.000120779121062, 8.11758291093e-05, 0.000145394369611, 0.000131933295052, 0.000144708465086, 0.000192218474695, 0.000142326025525, 0.000138418006827, 9.21971586649e-05, 4.3231419113e-05, 1.95226311916e-05, 7.20051866665e-06, 6.72433361615e-06, 6.3079892243e-06, 1.51453406261e-07, 2.77349054834e-09]
        dvar: [6.24836825076e-13, 8.52120951578e-09, 1.89215736413e-08, 1.32785800133e-07, 1.28553074319e-06, 3.92779014646e-07, 7.39887084933e-08, 1.85630725014e-07, 6.6522559905e-08, 1.17215099849e-08, 4.68156713396e-09, 1.10802664821e-08, 7.25040871785e-09, 1.84730506447e-08, 1.39884228645e-08, 4.02261939314e-08, 2.35801120851e-08, 1.7675123587e-08, 7.73010988553e-09, 7.86870035796e-09, 2.6361903771e-09, 8.68978389246e-10, 2.06983125084e-10, 5.1809273538e-10, 5.73268266191e-10, 9.53284421345e-14, 2.10415837823e-15]
        dvar2: [1.0456220308e-12, 2.40175452859e-08, 5.42722702335e-08, 3.51794369635e-07, 3.24537813867e-06, 1.1051229194e-06, 1.50435312207e-07, 5.38544441042e-07, 1.26194635186e-07, 1.7171799982e-08, 1.10366835671e-08, 2.52913263665e-08, 1.90339175532e-08, 4.7271193182e-08, 3.64591521418e-08, 1.02177125427e-07, 5.86718087447e-08, 4.7758014432e-08, 1.80785999504e-08, 1.6160374372e-08, 6.85190526539e-09, 2.18257900642e-09, 3.41048966845e-10, 8.06957167754e-10, 9.54802459319e-10, 1.76651201262e-13, 2.10914041427e-15]
        max: [1.1769539924e-05, 0.000927930464968, 0.000959550787229, 0.00239958055317, 0.00981749780476, 0.00581353576854, 0.00391004467383, 0.00510013196617, 0.00357050681487, 0.00235338741913, 0.000828140764497, 0.00162264110986, 0.00140771688893, 0.00148412177805, 0.00128484610468, 0.00318916025572, 0.00319186830893, 0.00190031481907, 0.000980730284937, 0.00134812656324, 0.000491457758471, 0.000298278202536, 0.000276761391433, 0.000485268072225, 0.000431021442637, 5.22030632055e-06, 9.53602011577e-07]
        mean: [1.01653006368e-06, 9.10790258786e-05, 0.000138027069625, 0.000352598872269, 0.00106019282248, 0.000510446086992, 0.00033228402026, 0.000268995034276, 0.000229993340326, 0.000126706552692, 8.83350949152e-05, 0.000153104308993, 0.000108674699732, 0.000178446265636, 0.000169309874764, 0.000174736022018, 0.000230050718528, 0.000196445063921, 0.000223823662964, 0.000125969163491, 4.04339443776e-05, 1.8356824512e-05, 7.09372670826e-06, 7.92094579083e-06, 6.93626043358e-06, 1.51115642666e-07, 2.54802157151e-09]
        min: [2.21776441656e-09, 2.7808670211e-07, 1.0503492831e-06, 2.11713995668e-06, 3.92430083593e-05, 1.2669931948e-06, 1.24757448816e-07, 3.1808605172e-07, 4.82372752231e-06, 1.86265185675e-06, 1.06370876551e-07, 3.29095598772e-07, 2.43511237841e-07, 2.97683044437e-07, 7.11907773621e-07, 1.49425613927e-06, 2.59212526998e-07, 4.05906888545e-07, 5.59257841815e-07, 1.08065819404e-06, 2.16814925125e-07, 1.50202410509e-07, 2.38482460446e-08, 6.93863322354e-09, 4.70396477326e-09, 1.14473472368e-10, 2.93692546953e-14]
        var: [1.27782669428e-12, 9.58110479843e-09, 1.94392661967e-08, 1.46181392324e-07, 1.74087711002e-06, 4.37008310428e-07, 2.6676062248e-07, 2.18910827243e-07, 2.06404934033e-07, 3.19713500119e-08, 8.63568327958e-09, 1.99913188226e-08, 1.42493670197e-08, 3.63167345085e-08, 2.67569379986e-08, 8.88831124257e-08, 7.81850033604e-08, 3.19903641355e-08, 2.23502301111e-08, 2.08433110771e-08, 3.09402481413e-09, 1.07818953765e-09, 5.14018216879e-10, 1.4716979857e-09, 1.34857225387e-09, 1.97802169609e-13, 2.10045451491e-15]
    mfcc:
        mean: [-700.863525391, 131.588760376, -46.7098922729, 37.8062858582, 0.307738542557, -10.7070121765, 0.23560577631, -9.20852470398, -7.4979634285, -5.2763428688, -2.46291399002, -7.10140180588, -4.13202667236]
        cov: [[1194.20715332, -572.570922852, 186.165496826, -89.3894805908, -52.9903373718, -13.6445150375, -66.7863464355, -43.0632019043, -53.1393241882, -29.1302700043, 26.7839393616, 8.15432548523, 15.7688550949], [-572.570922852, 640.045654297, -255.82119751, 66.145072937, -27.7407627106, -40.0384750366, 2.85592961311, 6.74936342239, 19.5069160461, 27.233373642, 0.927116513252, -1.73274147511, -9.57042789459], [186.165496826, -255.82119751, 278.45715332, 34.3571548462, 30.0140800476, 54.5469055176, 12.0287446976, -7.78119754791, 1.48487782478, -34.115020752, 0.810715615749, 1.83506798744, 6.29094314575], [-89.3894805908, 66.145072937, 34.3571548462, 162.436813354, 12.3032827377, 25.3085746765, -2.44428157806, 17.1631946564, 18.0239295959, -6.57765769958, -4.00771331787, 7.72570371628, 12.1472682953], [-52.9903373718, -27.7407627106, 30.0140800476, 12.3032827377, 98.9972839355, 4.80985403061, 9.39454269409, 6.13271284103, -4.40274572372, -8.62156677246, -0.308223634958, -4.87526845932, -4.06150054932], [-13.6445150375, -40.0384750366, 54.5469055176, 25.3085746765, 4.80985403061, 86.9423370361, 40.5287475586, 8.90034389496, 9.89499950409, -1.49632763863, 1.65542638302, 5.62737703323, -2.46271491051], [-66.7863464355, 2.85592961311, 12.0287446976, -2.44428157806, 9.39454269409, 40.5287475586, 104.700195312, 20.7732601166, 5.49253177643, 3.26355147362, 8.4976272583, 11.7166137695, -7.26375818253], [-43.0632019043, 6.74936342239, -7.78119754791, 17.1631946564, 6.13271284103, 8.90034389496, 20.7732601166, 57.3830757141, 21.7520942688, 9.74359321594, -1.02749323845, 1.94692230225, -2.9937942028], [-53.1393241882, 19.5069160461, 1.48487782478, 18.0239295959, -4.40274572372, 9.89499950409, 5.49253177643, 21.7520942688, 58.863155365, 31.8832912445, 2.75814366341, -2.14861941338, -1.87709569931], [-29.1302700043, 27.233373642, -34.115020752, -6.57765769958, -8.62156677246, -1.49632763863, 3.26355147362, 9.74359321594, 31.8832912445, 78.8708648682, 22.0104408264, 5.80621862411, -9.15910339355], [26.7839393616, 0.927116513252, 0.810715615749, -4.00771331787, -0.308223634958, 1.65542638302, 8.4976272583, -1.02749323845, 2.75814366341, 22.0104408264, 46.4785842896, 19.3658103943, 1.9229439497], [8.15432548523, -1.73274147511, 1.83506798744, 7.72570371628, -4.87526845932, 5.62737703323, 11.7166137695, 1.94692230225, -2.14861941338, 5.80621862411, 19.3658103943, 60.7445487976, 27.3188610077], [15.7688550949, -9.57042789459, 6.29094314575, 12.1472682953, -4.06150054932, -2.46271491051, -7.26375818253, -2.9937942028, -1.87709569931, -9.15910339355, 1.9229439497, 27.3188610077, 57.6421890259]]
        icov: [[0.00186969095375, 0.00179983244743, 0.000176477144123, -7.80208065407e-05, 0.00141390634235, 0.000477160821902, 0.000803705712315, 0.000315105251502, 0.000858068058733, 0.000309407390887, -0.00154185190331, 0.000169842896867, 7.02322577126e-05], [0.00179983244743, 0.00478873122483, 0.00326842651702, -0.0020989284385, 0.0015430918429, 0.000935164454859, -4.44655997853e-05, 0.001553975977, -0.000452687731013, 0.0010371132521, -0.00194706756156, 0.000245024799369, 0.000710987427738], [0.000176477144123, 0.00326842651702, 0.00782555527985, -0.00238090311177, -0.000888083945028, -0.00239323987626, -0.000225144060096, 0.00249130907468, -0.00263529107906, 0.00330323562957, -0.00185111095197, 0.000216977583477, 0.000476230692584], [-7.80208065407e-05, -0.0020989284385, -0.00238090311177, 0.00857544504106, -0.000986690982245, -0.00243438431062, 0.00201917835511, -0.00259503209963, -0.00132791302167, 0.000702220306266, 0.000709563435521, -0.00091663072817, -0.00144922174513], [0.00141390634235, 0.0015430918429, -0.000888083945028, -0.000986690982245, 0.0119729842991, 0.00118771044072, -0.000448909064289, -0.001189157716, 0.00205748062581, 0.000667363463435, -0.00183609034866, 0.0013264650479, 0.000555929436814], [0.000477160821902, 0.000935164454859, -0.00239323987626, -0.00243438431062, 0.00118771044072, 0.0172175467014, -0.00623473897576, 0.000805656658486, -0.00155639578588, -9.03940963326e-05, 0.000459517323179, -0.000671575020533, 0.00111231440678], [0.000803705712315, -4.44655997853e-05, -0.000225144060096, 0.00201917835511, -0.000448909064289, -0.00623473897576, 0.01401639916, -0.00448744697496, 0.00114959769417, 0.000760671508033, -0.00212652957998, -0.00267837755382, 0.00210564164445], [0.000315105251502, 0.001553975977, 0.00249130907468, -0.00259503209963, -0.001189157716, 0.000805656658486, -0.00448744697496, 0.0234460104257, -0.00855452846736, 0.000965466781054, 0.00135130388662, -0.00129674957134, 0.0014939882094], [0.000858068058733, -0.000452687731013, -0.00263529107906, -0.00132791302167, 0.00205748062581, -0.00155639578588, 0.00114959769417, -0.00855452846736, 0.0283565446734, -0.012107161805, 0.00195703166537, 0.00315345032141, -0.00252359453589], [0.000309407390887, 0.0010371132521, 0.00330323562957, 0.000702220306266, 0.000667363463435, -9.03940963326e-05, 0.000760671508033, 0.000965466781054, -0.012107161805, 0.021958405152, -0.00948752276599, -0.0015875446843, 0.00393195683137], [-0.00154185190331, -0.00194706756156, -0.00185111095197, 0.000709563435521, -0.00183609034866, 0.000459517323179, -0.00212652957998, 0.00135130388662, 0.00195703166537, -0.00948752276599, 0.0311896186322, -0.00951345823705, 0.00186799885705], [0.000169842896867, 0.000245024799369, 0.000216977583477, -0.00091663072817, 0.0013264650479, -0.000671575020533, -0.00267837755382, -0.00129674957134, 0.00315345032141, -0.0015875446843, -0.00951345823705, 0.0261593107134, -0.0124064916745], [7.02322577126e-05, 0.000710987427738, 0.000476230692584, -0.00144922174513, 0.000555929436814, 0.00111231440678, 0.00210564164445, 0.0014939882094, -0.00252359453589, 0.00393195683137, 0.00186799885705, -0.0124064916745, 0.0244904868305]]
    spectral_contrast:
        mean: [-3.89598966422e-07, 3.6097372913e-07, 1.92464710835e-07, -4.21682173624e-08, 1.16760254798e-07, 6.27337385595e-07, -1.76199330326e-06, 1.24479890928e-06, 2.71594353762e-06, -4.16991071006e-07, -4.19991977196e-07, -6.9469074333e-06]
        var: [0.00035878943163, 0.000563407433219, 0.00110352842603, 0.00175288552418, 0.00377524551004, 0.00424439460039, 0.0343877337873, 0.0523301512003, 0.087071210146, 0.168566435575, 0.285756319761, 0.935932278633]

rhythm:
    beats_loudness:
        dmean: 0.00207051634789
        dmean2: 0.00360553339124
        dvar: 2.82985070044e-06
        dvar2: 5.6471994867e-06
        max: 0.0108051300049
        mean: 0.00448655243963
        min: 0.00223613041453
        var: 6.01026749791e-06
    beats_loudness_bass:
        dmean: 0.0771185159683
        dmean2: 0.153705433011
        dvar: 0.00567060289904
        dvar2: 0.0137896668166
        max: 0.301597654819
        mean: 0.0859774947166
        min: 0.00815701112151
        var: 0.0050383140333
    bpm: 83.866104126
    bpm_confidence: 0
    first_peak_bpm: 84
    first_peak_spread: 0
    first_peak_weight: 0.466666668653
    onset_rate: 3.88793945312
    second_peak_bpm: 113
    second_peak_spread: 0
    second_peak_weight: 0.466666668653
    beats_position: [0.225144132972, 0.940570414066, 1.65599668026, 2.37142276764, 3.08684897423, 3.80227518082, 4.51770162582, 5.23312759399, 6.15338850021, 6.68457698822, 7.21576499939, 7.7469534874, 8.2781419754, 8.80932998657, 9.34051895142, 9.87170696259]
    bpm_estimates: [83.7884063721, 83.8867950439, 83.8667755127, 83.9224472046]
    bpm_intervals: [0.715426266193, 0.715426266193, 0.715426087379, 0.715426206589, 0.715426206589, 0.715426445007, 0.71542596817, 0.920260906219, 0.531188488007, 0.531188011169, 0.531188488007, 0.531188488007, 0.531188011169, 0.531188964844, 0.531188011169]
    onset_times: [0.0348299331963, 0.348299324512, 0.406349211931, 0.731428563595, 1.1261677742, 1.32353746891, 1.66022670269, 1.82276642323, 2.03174614906, 2.19428563118, 2.36843538284, 2.53097510338, 2.72834467888, 3.26240372658, 3.81968259811, 3.98222231865, 4.19120168686, 4.53950119019, 4.71365070343, 5.06195020676, 5.42185926437, 5.61922883987, 5.95591831207, 6.15328788757, 6.48997735977, 6.87310647964, 7.07047605515, 7.39555549622, 7.56970500946, 7.92961454391, 8.12698459625, 8.47528362274, 8.893242836, 8.99773216248, 9.11383247375, 9.34603214264, 9.50857162476, 9.72916126251, 9.93814086914]
    rubato_start: [6.68457698822]
    rubato_stop: [9.87170696259]
    perceptual_tempo: "unknown"

sfx:
    inharmonicity:
        dmean: 0.0402154661715
        dmean2: 0.0704350546002
        dvar: 0.00154436344747
        dvar2: 0.00431483518332
        max: 0.310645550489
        mean: 0.04484840855
        min: 0.000971609901171
        var: 0.00197048089467
    oddtoevenharmonicenergyratio:
        dmean: 1.38668739796
        dmean2: 2.5834543705
        dvar: 10.8820762634
        dvar2: 31.4176940918
        max: 31.2070560455
        mean: 1.0375957489
        min: 0.00141922885086
        var: 6.60780715942
    pitch_after_max_to_before_max_energy_ratio: 0.306355208158
    pitch_centroid: 230.715072632
    pitch_max_to_total: 0.905092597008
    pitch_min_to_total: 0.83564811945
    tristimulus:
        dmean: [0.202777147293, 0.205512240529, 0.102317750454]
        dmean2: [0.353292703629, 0.346525371075, 0.179488226771]
        dvar: [0.0296728704125, 0.0276137031615, 0.00873057451099]
        dvar2: [0.0779887810349, 0.0774625763297, 0.024774864316]
        max: [0.912780821323, 0.910208106041, 0.5521479249]
        mean: [0.430022656918, 0.440588921309, 0.105842202902]
        min: [0.0144770452753, 0, 0]
        var: [0.0429115742445, 0.0418855473399, 0.0107852714136]

tonal:
    chords_changes_rate: 0.0184331797063
    chords_number_rate: 0.0138248847798
    chords_strength:
        dmean: 0.00580512266606
        dmean2: 0.00582776032388
        dvar: 2.14398532989e-05
        dvar2: 2.94064775517e-05
        max: 0.715382695198
        mean: 0.563313245773
        min: 0.398212701082
        var: 0.00666203349829
    key_strength: 0.818885087967
    tuning_diatonic_strength: 0.646496593952
    tuning_equal_tempered_deviation: 0.0534146949649
    tuning_frequency: 440.763122559
    tuning_nontempered_energy_ratio: 0.625183165073
    hpcp:
        dmean: [0.117182530463, 0.0776571258903, 0.0370126925409, 0.0344889983535, 0.0424072742462, 0.11132825911, 0.162600204349, 0.10266482085, 0.0873102843761, 0.0803807899356, 0.0771214067936, 0.0845620259643, 0.0838883221149, 0.0758860185742, 0.127611532807, 0.206772118807, 0.155806794763, 0.10503859818, 0.0822085738182, 0.0756865814328, 0.102853477001, 0.103416286409, 0.109979808331, 0.110739909112, 0.0832100883126, 0.0714122503996, 0.148295462132, 0.207318782806, 0.209294125438, 0.250855058432, 0.223686233163, 0.180470332503, 0.16920773685, 0.121161788702, 0.0846882387996, 0.0938315540552]
        dmean2: [0.202061086893, 0.133460178971, 0.064272493124, 0.0571019947529, 0.0734224095941, 0.177003875375, 0.253799855709, 0.169385805726, 0.153182029724, 0.141473650932, 0.134294301271, 0.147177428007, 0.150854498148, 0.137981653214, 0.223746329546, 0.363417983055, 0.255429267883, 0.193698495626, 0.140508905053, 0.136597916484, 0.175751879811, 0.1729298383, 0.193980425596, 0.198168411851, 0.147487327456, 0.124922551215, 0.260332673788, 0.347943156958, 0.371117353439, 0.444188892841, 0.386703670025, 0.313885599375, 0.30165708065, 0.214476972818, 0.146891161799, 0.162776663899]
        dvar: [0.0258552543819, 0.0129861710593, 0.00326102878898, 0.00220162025653, 0.00500694010407, 0.0115792285651, 0.026468610391, 0.0154606830329, 0.0239745508879, 0.0255137588829, 0.0251375157386, 0.0221960321069, 0.0228007305413, 0.0229857228696, 0.0206514094025, 0.053319785744, 0.0269966628402, 0.0376065894961, 0.0199666954577, 0.0199879519641, 0.0300778746605, 0.0293403510004, 0.0301704388112, 0.0326214022934, 0.0233621150255, 0.0187610462308, 0.0384226515889, 0.0540932230651, 0.0469855479896, 0.0594490990043, 0.0631633996964, 0.0363055616617, 0.0660673677921, 0.0405166223645, 0.0181913282722, 0.0239547155797]
        dvar2: [0.0602998323739, 0.0303059592843, 0.00845828000456, 0.00576875871047, 0.0142353298143, 0.0288239959627, 0.0622286982834, 0.0390894077718, 0.064611800015, 0.0679534226656, 0.0636689215899, 0.0625120177865, 0.0650106593966, 0.0650739967823, 0.0527690947056, 0.120318882167, 0.0654080510139, 0.0976571366191, 0.0539385378361, 0.0555028915405, 0.0801014304161, 0.0724008977413, 0.0866435840726, 0.0850865915418, 0.059938877821, 0.0453333035111, 0.0989775657654, 0.140951991081, 0.124921940267, 0.169405832887, 0.15906457603, 0.101100452244, 0.180126622319, 0.103426508605, 0.0475661382079, 0.0541482940316]
        max: [1, 1, 0.346685916185, 0.300355434418, 0.604680359364, 0.895504891872, 1, 1, 1, 1, 1, 0.926876366138, 1, 1, 0.857241809368, 1, 1, 1, 1, 0.957442343235, 1, 1, 1, 1, 1, 0.786935448647, 1, 1, 1, 1, 1, 1, 1, 1, 1, 1]
        mean: [0.18965254724, 0.114917606115, 0.0479880794883, 0.0441117137671, 0.0559344515204, 0.205097854137, 0.310062050819, 0.181913807988, 0.0942457690835, 0.0922878757119, 0.0909160524607, 0.100601047277, 0.0973870381713, 0.0777254253626, 0.19607912004, 0.361540585756, 0.253427863121, 0.118890613317, 0.0931904092431, 0.081753693521, 0.141787528992, 0.174198225141, 0.144038721919, 0.122215799987, 0.0885995179415, 0.0678415670991, 0.213690951467, 0.350977212191, 0.294182389975, 0.442199707031, 0.555762708187, 0.314134895802, 0.158968061209, 0.121507458389, 0.101957306266, 0.155955031514]
        min: [0.00114127597772, 0.00332116801292, 0.00096099160146, 0.0016810791567, 0.00248237443157, 0.00233338424005, 0.00633223028854, 0.0027334431652, 0.00231366278604, 0.00224360148422, 0.00393499666825, 0.00685081910342, 0.00270004943013, 0.000876203353982, 0.00469075562432, 0.0131983943284, 0.00907715596259, 0.00200775940903, 0.000736352521926, 0.000360459642252, 0.000963088008575, 0.000968230015133, 0.000579154700972, 0.00137393560726, 0.00148392724805, 0.000379780423827, 0.00155674933922, 0.00271916412748, 0.00313980947249, 0.0065239709802, 0.00410887831822, 0.00602083699778, 0.00221357913688, 0.00152469391469, 0.00206955010071, 0.00464638695121]
        var: [0.0396662391722, 0.0159382857382, 0.00296920817345, 0.00231582252309, 0.00399260455742, 0.0251775681973, 0.0675198361278, 0.0304606240243, 0.0221251081675, 0.0250784512609, 0.025394493714, 0.0194004662335, 0.0173114910722, 0.0149279357865, 0.0270681008697, 0.0920916944742, 0.0480752438307, 0.0334578454494, 0.0175811480731, 0.0172496773303, 0.0468328259885, 0.0642174258828, 0.0359296686947, 0.0283887404948, 0.0196062140167, 0.0158388707787, 0.0499626994133, 0.0980935767293, 0.0619960352778, 0.106477119029, 0.150499179959, 0.0673769935966, 0.0554183870554, 0.0314123854041, 0.0224664434791, 0.045684158802]
    chords_histogram: [78.3410110474, 0, 9.67741966248, 0.460829496384, 0, 0, 0, 0, 11.520737648, 0, 0, 0, 0, 0, 0, 0, 0, 0, 0, 0, 0, 0, 0, 0]
    thpcp: [1, 0.565232038498, 0.286035865545, 0.218631908298, 0.183454751968, 0.280614435673, 0.341247349977, 0.2067745924, 0.0863463431597, 0.0793714895844, 0.100644484162, 0.369038522243, 0.557903647423, 0.327322810888, 0.169579148293, 0.166056260467, 0.163587898016, 0.1810143888, 0.175231322646, 0.139853611588, 0.35281085968, 0.650530517101, 0.456000119448, 0.213923335075, 0.167680218816, 0.147101804614, 0.255122423172, 0.313439935446, 0.259173065424, 0.219906449318, 0.159419685602, 0.122069306672, 0.384500354528, 0.631523489952, 0.529330909252, 0.795662760735]
    chords_key: "G"
    chords_scale: "major"
    key_key: "G"
    key_scale: "major"
    chords_progression: ["B", "B", "B", "B", "B", "B", "B", "B", "B", "B", "B", "B", "B", "B", "B", "B", "B", "B", "B", "B", "B", "B", "B", "B", "B", "D", "F#m", "D", "D", "D", "D", "D", "D", "D", "D", "D", "D", "D", "D", "D", "D", "D", "D", "D", "D", "D", "D", "G", "G", "G", "G", "G", "G", "G", "G", "G", "G", "G", "G", "G", "G", "G", "G", "G", "G", "G", "G", "G", "G", "G", "G", "G", "G", "G", "G", "G", "G", "G", "G", "G", "G", "G", "G", "G", "G", "G", "G", "G", "G", "G", "G", "G", "G", "G", "G", "G", "G", "G", "G", "G", "G", "G", "G", "G", "G", "G", "G", "G", "G", "G", "G", "G", "G", "G", "G", "G", "G", "G", "G", "G", "G", "G", "G", "G", "G", "G", "G", "G", "G", "G", "G", "G", "G", "G", "G", "G", "G", "G", "G", "G", "G", "G", "G", "G", "G", "G", "G", "G", "G", "G", "G", "G", "G", "G", "G", "G", "G", "G", "G", "G", "G", "G", "G", "G", "G", "G", "G", "G", "G", "G", "G", "G", "G", "G", "G", "G", "G", "G", "G", "G", "G", "G", "G", "G", "G", "G", "G", "G", "G", "G", "G", "G", "G", "G", "G", "G", "G", "G", "G", "G", "G", "G", "G", "G", "G", "G", "G", "G", "G", "G", "G", "G", "G", "G", "G", "G", "G"]
