
metadata:
    version:
        essentia: "1.2.2"
    audio_properties:
        analysis_sample_rate: 44100
        bitrate: 128
        channels: 2
        equal_loudness: 1
        length: 10.0048980713
        replay_gain: -8.32837486267
        downmix: "mix"
    tags:
        track: 9
        year: 0
        album: "Splitted by Mp3Splt v. 2.1"
        artist: "From 001.20 To 001.30"
        comment: "http://mp3splt.sf.net"
        genre: ""
        title: "04 I Have Garlic Hanging on My"

highlevel:
    ballroom:
        all:
            ChaChaCha: 0.0966645926237
            Jive: 0.0175474639982
            Quickstep: 0.00443856464699
            Rumba-American: 0.00621200632304
            Rumba-International: 0.688159763813
            Rumba-Misc: 0.0623895265162
            Samba: 0.113487653434
            Tango: 0.00238019274548
            VienneseWaltz: 0.00417464738712
            Waltz: 0.0045456062071
        probability: 0.688159763813
        value: "Rumba-International"
    culture:
        all:
            non_western: 0.658038079739
            western: 0.341961920261
        probability: 0.658038079739
        value: "non_western"
    gender:
        all:
            female: 0.787444531918
            male: 0.212555468082
        probability: 0.787444531918
        value: "female"
    genre_dortmund:
        all:
            alternative: 0.0178552754223
            blues: 0.0377758443356
            electronic: 0.127085223794
            folkcountry: 0.0294787045568
            funksoulrnb: 0.00865560770035
            jazz: 0.5810546875
            pop: 0.0391141213477
            raphiphop: 0.0100104333833
            rock: 0.148970097303
        probability: 0.5810546875
        value: "jazz"
    genre_electronica:
        all:
            ambient: 0.456414878368
            dnb: 0.38096177578
            house: 0.0310103204101
            techno: 0.0601010359824
            trance: 0.0715119838715
        probability: 0.456414878368
        value: "ambient"
    genre_rosamerica:
        all:
            cla: 0.0421599186957
            dan: 0.197485744953
            hip: 0.0722221881151
            jaz: 0.166441038251
            pop: 0.0823422670364
            rhy: 0.369812309742
            roc: 0.0612465552986
            spe: 0.00828997790813
        probability: 0.369812309742
        value: "rhy"
    genre_tzanetakis:
        all:
            blu: 0.0416514500976
            cla: 0.0192193500698
            cou: 0.104908265173
            dis: 0.0409410819411
            hip: 0.120535619557
            jaz: 0.126202762127
            met: 0.0519532300532
            pop: 0.250671267509
            reg: 0.0931154713035
            roc: 0.150801509619
        probability: 0.250671267509
        value: "pop"
    live_studio:
        all:
            live: 0.428371608257
            studio: 0.571628391743
        probability: 0.571628391743
        value: "studio"
    mood:
        all:
            Cluster1: 0.183382198215
            Cluster2: 0.150031015277
            Cluster3: 0.102925598621
            Cluster4: 0.0343252085149
            Cluster5: 0.529335975647
        probability: 0.529335975647
        value: "Cluster5"
    mood_acoustic:
        all:
            acoustic: 0.114912644029
            not_acoustic: 0.885087370872
        probability: 0.885087370872
        value: "not_acoustic"
    mood_aggressive:
        all:
            aggressive: 0.084623940289
            not_aggressive: 0.915376067162
        probability: 0.915376067162
        value: "not_aggressive"
    mood_electronic:
        all:
            electronic: 0.73039484024
            not_electronic: 0.26960515976
        probability: 0.73039484024
        value: "electronic"
    mood_happy:
        all:
            happy: 0.102730304003
            not_happy: 0.8972697258
        probability: 0.8972697258
        value: "not_happy"
    mood_party:
        all:
            not_party: 0.785224020481
            party: 0.214775979519
        probability: 0.785224020481
        value: "not_party"
    mood_relaxed:
        all:
            not_relaxed: 0.24630536139
            relaxed: 0.753694653511
        probability: 0.753694653511
        value: "relaxed"
    mood_sad:
        all:
            not_sad: 0.227682486176
            sad: 0.772317528725
        probability: 0.772317528725
        value: "sad"
    rhythm:
        all:
            fast: 0.574305415154
            medium: 0.276215165854
            slow: 0.149479448795
        probability: 0.574305415154
        value: "fast"
    speech_music:
        all:
            music: 0.998451054096
            speech: 0.00154893833678
        probability: 0.998451054096
        value: "music"
    timbre:
        all:
            bright: 0.110126532614
            dark: 0.889873445034
        probability: 0.889873445034
        value: "dark"
    voice_instrumental:
        all:
            instrumental: 0.997006356716
            voice: 0.00299363094382
        probability: 0.997006356716
        value: "instrumental"

lowlevel:
    average_loudness: 0.840191066265
    barkbands_kurtosis:
        dmean: 2.87468719482
        dmean2: 4.62577915192
        dvar: 18.4617271423
        dvar2: 44.3605995178
        max: 35.2139625549
        mean: 2.74644827843
        min: -1.78925144672
        var: 34.9649085999
    barkbands_skewness:
        dmean: 0.662114083767
        dmean2: 1.03030145168
        dvar: 0.392964094877
        dvar2: 0.933848440647
        max: 5.64250707626
        mean: 1.4666634798
        min: -1.51864123344
        var: 1.54163706303
    barkbands_spread:
        dmean: 7.73393249512
        dmean2: 12.3517532349
        dvar: 58.8449745178
        dvar2: 142.108352661
        max: 61.9059867859
        mean: 28.3648853302
        min: 3.54618000984
        var: 167.364807129
    dissonance:
        dmean: 0.0186931081116
        dmean2: 0.0312861427665
        dvar: 0.000301848980598
        dvar2: 0.000815131119452
        max: 0.498191386461
        mean: 0.458187490702
        min: 0.307254344225
        var: 0.000702706922311
    hfc:
        dmean: 0.918775618076
        dmean2: 1.38229823112
        dvar: 1.24286735058
        dvar2: 2.98679494858
        max: 18.8793716431
        mean: 2.63256049156
        min: 0.303059011698
        var: 4.99830389023
    pitch:
        dmean: 844.46295166
        dmean2: 1639.61022949
        dvar: 1690430
        dvar2: 4068850
        max: 4900
        mean: 952.512512207
        min: 73.5
        var: 1537702.5
    pitch_instantaneous_confidence:
        dmean: 0.0943344309926
        dmean2: 0.150557607412
        dvar: 0.00772564392537
        dvar2: 0.0200913939625
        max: 0.940355956554
        mean: 0.478057235479
        min: 0.163765132427
        var: 0.0341236107051
    pitch_salience:
        dmean: 0.0805692821741
        dmean2: 0.129598721862
        dvar: 0.00482166092843
        dvar2: 0.0118568697944
        max: 0.814794123173
        mean: 0.544445812702
        min: 0.160021856427
        var: 0.0187344644219
    silence_rate_20dB:
        dmean: 0
        dmean2: 0
        dvar: 0
        dvar2: 0
        max: 1
        mean: 1
        min: 1
        var: 0
    silence_rate_30dB:
        dmean: 0
        dmean2: 0
        dvar: 0
        dvar2: 0
        max: 1
        mean: 1
        min: 1
        var: 0
    silence_rate_60dB:
        dmean: 0.125581398606
        dmean2: 0.249417245388
        dvar: 0.109810337424
        dvar2: 0.210518747568
        max: 1
        mean: 0.628770291805
        min: 0
        var: 0.233417659998
    spectral_centroid:
        dmean: 279.480529785
        dmean2: 456.439910889
        dvar: 82057.9921875
        dvar2: 194408.453125
        max: 2501.19750977
        mean: 981.72076416
        min: 214.387817383
        var: 235885.703125
    spectral_complexity:
        dmean: 1.24766349792
        dmean2: 2.1756439209
        dvar: 1.28913247585
        dvar2: 3.33916354179
        max: 13
        mean: 4.73426580429
        min: 1
        var: 3.64966416359
    spectral_crest:
        dmean: 2.90654778481
        dmean2: 4.43464422226
        dvar: 6.05072212219
        dvar2: 14.19572258
        max: 24.9727287292
        mean: 10.6466684341
        min: 3.24385881424
        var: 22.4500026703
    spectral_decrease:
        dmean: 3.87139598157e-10
        dmean2: 5.73851077768e-10
        dvar: 3.61589674617e-19
        dvar2: 8.83017992237e-19
        max: -6.48681247606e-11
        mean: -8.553254216e-10
        min: -6.89190216008e-09
        var: 9.20837000036e-19
    spectral_energy:
        dmean: 0.00152796937618
        dmean2: 0.00225865235552
        dvar: 5.39314169146e-06
        dvar2: 1.31507749757e-05
        max: 0.0270151477307
        mean: 0.00346697540954
        min: 0.000296642625472
        var: 1.41171894938e-05
    spectral_energyband_high:
        dmean: 5.05468087795e-05
        dmean2: 7.76069500716e-05
        dvar: 3.68059782652e-09
        dvar2: 9.16677223017e-09
        max: 0.000504741445184
        mean: 8.6342675786e-05
        min: 9.04978969629e-06
        var: 5.17465181815e-09
    spectral_energyband_low:
        dmean: 0.00023046102433
        dmean2: 0.000395670736907
        dvar: 5.11555924732e-07
        dvar2: 1.39031817525e-06
        max: 0.00562818348408
        mean: 0.000336446479196
        min: 4.75822525914e-05
        var: 5.14403950547e-07
    spectral_energyband_middle_high:
        dmean: 0.000205004645977
        dmean2: 0.000329625967424
        dvar: 1.28029114421e-07
        dvar2: 3.29625038376e-07
        max: 0.00659302482381
        mean: 0.000537393731065
        min: 4.77681824123e-05
        var: 4.22736803785e-07
    spectral_energyband_middle_low:
        dmean: 0.00126076163724
        dmean2: 0.00184541684575
        dvar: 3.56375880983e-06
        dvar2: 8.3126278696e-06
        max: 0.0253338441253
        mean: 0.00250632595271
        min: 0.000104994054709
        var: 1.12560883281e-05
    spectral_flatness_db:
        dmean: 0.0239698123187
        dmean2: 0.037240087986
        dvar: 0.000425068574259
        dvar2: 0.0010255756788
        max: 0.303493469954
        mean: 0.15090225637
        min: 0.0649696364999
        var: 0.00175906240474
    spectral_flux:
        dmean: 0.0114241782576
        dmean2: 0.0179257020354
        dvar: 0.000201829287107
        dvar2: 0.000423212739406
        max: 0.114825002849
        mean: 0.0312599875033
        min: 0.00821077637374
        var: 0.00040579342749
    spectral_kurtosis:
        dmean: 1.00104963779
        dmean2: 1.5662497282
        dvar: 0.839511990547
        dvar2: 2.09284424782
        max: 8.05251502991
        mean: 2.29265761375
        min: -0.659645795822
        var: 2.79691171646
    spectral_rms:
        dmean: 0.000371449365048
        dmean2: 0.000539564643987
        dvar: 1.8612280428e-07
        dvar2: 4.34849454223e-07
        max: 0.00513383280486
        mean: 0.00164951663464
        min: 0.000537966028787
        var: 6.61510171085e-07
    spectral_rolloff:
        dmean: 666.975585938
        dmean2: 1140.50280762
        dvar: 761546.375
        dvar2: 1769284.75
        max: 4844.97070312
        mean: 1932.46606445
        min: 193.798828125
        var: 1532619.875
    spectral_skewness:
        dmean: 0.22565984726
        dmean2: 0.362557023764
        dvar: 0.0393355600536
        dvar2: 0.101022087038
        max: 2.39918994904
        mean: 1.42713916302
        min: 0.583679795265
        var: 0.115240573883
    spectral_spread:
        dmean: 1115281.625
        dmean2: 1612682.625
        dvar: 1.1875689431e+12
        dvar2: 2.32067458662e+12
        max: 17352598
        mean: 7599406
        min: 3351385.75
        var: 3.72374346138e+12
    spectral_strongpeak:
        dmean: 0.30996593833
        dmean2: 0.524053037167
        dvar: 0.404350847006
        dvar2: 1.00949573517
        max: 8.11643218994
        mean: 0.542790532112
        min: 0.00708853034303
        var: 0.767793297768
    zerocrossingrate:
        dmean: 0.010907609947
        dmean2: 0.0137439165264
        dvar: 8.90682276804e-05
        dvar2: 0.000140038115205
        max: 0.13427734375
        mean: 0.067267857492
        min: 0.013671875
        var: 0.0006868118071
    barkbands:
        dmean: [2.70602390628e-06, 7.96180756879e-05, 0.000201350689167, 0.000394502421841, 0.000693355978001, 0.000365113286534, 6.15244134679e-05, 6.73840477248e-05, 5.06844007759e-05, 1.18130265037e-05, 8.18937860458e-06, 4.08024607168e-06, 8.4986213551e-06, 1.29944755827e-05, 2.64883510681e-05, 3.24270149576e-05, 0.000127871375298, 4.47248239652e-05, 4.7066652769e-05, 2.47863172262e-05, 2.41505495069e-05, 9.10267044674e-06, 3.47567606696e-06, 4.49509570899e-06, 3.38960671797e-06, 9.48908862597e-08, 1.62327384867e-09]
        dmean2: [3.63518461199e-06, 0.000130193322548, 0.000363106402801, 0.000694753427524, 0.00107147137169, 0.000524557312019, 0.000108939813799, 0.000123876016005, 8.4398285253e-05, 1.88094854821e-05, 1.2904896721e-05, 7.13259396434e-06, 1.36866174216e-05, 2.10328871617e-05, 4.26892838732e-05, 4.92873732583e-05, 0.000201883463887, 6.90963061061e-05, 7.91957209003e-05, 3.88637163269e-05, 3.95701390516e-05, 1.43910028783e-05, 5.28665987076e-06, 7.36240417609e-06, 5.15002966495e-06, 1.36348276669e-07, 2.03734695781e-09]
        dvar: [3.84494137917e-11, 7.51930357978e-08, 4.29828759252e-07, 7.03782802702e-07, 1.29673799165e-06, 5.31058844899e-07, 1.61928184639e-07, 1.54357110205e-07, 1.49585002163e-08, 7.02532976238e-10, 3.76612019348e-10, 7.00895175232e-11, 1.4915889357e-10, 9.58376822346e-10, 1.94249132335e-08, 2.11001989214e-08, 1.09270651194e-07, 8.48711678714e-09, 5.76797543062e-09, 1.43927292307e-09, 1.14504994375e-09, 1.31076108301e-10, 1.53298641142e-11, 4.56554551109e-11, 1.92957507611e-11, 1.41023091371e-14, 4.69021730532e-16]
        dvar2: [5.91013557538e-11, 1.96438421085e-07, 1.28134797706e-06, 1.98161546905e-06, 2.74832063951e-06, 8.68236384122e-07, 4.62545614255e-07, 4.52476029977e-07, 3.36058860739e-08, 1.38721134579e-09, 8.42594105599e-10, 1.97012614556e-10, 3.47298412251e-10, 2.31108487903e-09, 5.11520141799e-08, 4.30654232275e-08, 2.75638740277e-07, 1.34776003691e-08, 1.3096128626e-08, 3.45593398343e-09, 2.89738966153e-09, 3.45236839117e-10, 3.73140546239e-11, 1.24749210961e-10, 4.73621003527e-11, 3.27244097976e-14, 4.67453025513e-16]
        max: [7.96258318587e-05, 0.00196423381567, 0.00484541757032, 0.00617816578597, 0.00931030884385, 0.0166069865227, 0.00629881257191, 0.00559685751796, 0.00176130433101, 0.000310494069709, 0.00019092153525, 8.97676000022e-05, 0.00017672519607, 0.000400531687774, 0.00178289075848, 0.00246502668597, 0.00639136368409, 0.00165222014766, 0.00113749341108, 0.00055443769088, 0.000263822934357, 8.12249927549e-05, 2.81580923911e-05, 4.50536972494e-05, 3.69948575099e-05, 9.109083976e-07, 4.50439586075e-07]
        mean: [1.26178165374e-05, 0.000107420208224, 0.000216877524508, 0.000419888645411, 0.000844799156766, 0.000916772638448, 6.98367293808e-05, 0.000127865729155, 0.000125831560581, 1.6402311303e-05, 9.62512240221e-06, 4.67927930003e-06, 1.62358046509e-05, 1.8254866518e-05, 2.97249243886e-05, 4.3251671741e-05, 0.00022355504916, 7.84845469752e-05, 7.93647850514e-05, 3.89231208828e-05, 3.71366477339e-05, 1.33773482958e-05, 5.64702395423e-06, 5.60273747396e-06, 4.67412337457e-06, 1.28013169842e-07, 1.53384871471e-09]
        min: [2.63104482201e-07, 9.3792386906e-06, 1.64608297837e-06, 2.39405153479e-06, 1.2710757801e-05, 7.44587623558e-06, 1.757757218e-06, 1.53027997385e-07, 1.80253834969e-06, 2.61695788595e-07, 5.32627737471e-08, 1.23149888509e-07, 3.87232091725e-07, 3.45727499962e-07, 1.52697822386e-07, 1.22336223285e-06, 9.4770399528e-07, 4.39978293798e-06, 8.73894259712e-06, 3.06844958686e-06, 2.83022222902e-06, 6.52264589007e-07, 1.44554576309e-07, 1.01611689729e-07, 5.70707747727e-08, 9.47927625283e-10, 1.26082710895e-13]
        var: [1.26134935829e-10, 7.04935629869e-08, 3.0388258665e-07, 5.25544407992e-07, 1.94532549358e-06, 5.41796862308e-06, 9.55879357889e-08, 2.00075106704e-07, 7.10503442747e-08, 1.15375720089e-09, 4.59428384225e-10, 5.16460277322e-11, 6.00630767345e-10, 1.6241525902e-09, 1.54844581601e-08, 2.34411086097e-08, 2.5119811653e-07, 3.18374056008e-08, 1.08582769442e-08, 1.73502412437e-09, 1.23903509675e-09, 1.74132777642e-10, 2.74858798915e-11, 4.15849021884e-11, 2.6812028292e-11, 2.11472363194e-14, 4.71608092696e-16]
    mfcc:
        mean: [-754.000427246, 98.6439819336, 0.733752071857, 58.9803314209, 8.00717067719, -14.1264190674, -5.52351379395, -7.15105581284, -2.0997979641, -7.76344299316, -0.473752319813, -3.11480164528, -12.1308660507]
        cov: [[1111.16870117, -195.319641113, 69.7902374268, -93.6392440796, -29.4858417511, 5.69851636887, -58.1466407776, -29.9538249969, -50.6276893616, -112.772193909, -122.348442078, -83.1327285767, -27.234161377], [-195.319641113, 461.33404541, -120.684165955, 38.3311653137, -3.68397545815, -18.8476333618, -23.0177211761, -27.111749649, 10.7377710342, 40.5950431824, 35.9831848145, 14.924536705, -4.56484746933], [69.7902374268, -120.684165955, 314.348266602, 7.04047203064, 22.304643631, 28.9276199341, 39.1484451294, -12.8550138474, -10.3442335129, -14.766204834, -22.4509658813, -27.1019592285, 17.0462875366], [-93.6392440796, 38.3311653137, 7.04047203064, 88.8413848877, 40.9265060425, -5.92485713959, 9.36306285858, 8.42569065094, 23.2330799103, 17.7592868805, 21.4082450867, 23.5511302948, -3.70160055161], [-29.4858417511, -3.68397545815, 22.304643631, 40.9265060425, 119.073600769, 5.60114622116, -5.35573673248, -2.99168491364, 20.2605552673, 2.63119649887, -4.94851160049, 6.49681186676, 8.15908432007], [5.69851636887, -18.8476333618, 28.9276199341, -5.92485713959, 5.60114622116, 61.089138031, 21.0137348175, -12.0149326324, -8.83713912964, -3.59152340889, -30.3315048218, -24.5436859131, 12.4488897324], [-58.1466407776, -23.0177211761, 39.1484451294, 9.36306285858, -5.35573673248, 21.0137348175, 76.3340377808, 12.8607473373, -25.5878772736, -13.0290355682, 7.69803571701, -4.2366437912, -2.49552679062], [-29.9538249969, -27.111749649, -12.8550138474, 8.42569065094, -2.99168491364, -12.0149326324, 12.8607473373, 80.9628829956, 23.897726059, -13.8979845047, 26.0441226959, 29.972454071, -34.1942672729], [-50.6276893616, 10.7377710342, -10.3442335129, 23.2330799103, 20.2605552673, -8.83713912964, -25.5878772736, 23.897726059, 100.793357849, 55.5576210022, 11.9277114868, 26.9963474274, 8.96393299103], [-112.772193909, 40.5950431824, -14.766204834, 17.7592868805, 2.63119649887, -3.59152340889, -13.0290355682, -13.8979845047, 55.5576210022, 126.978004456, 53.8382110596, -1.83424162865, -3.54333877563], [-122.348442078, 35.9831848145, -22.4509658813, 21.4082450867, -4.94851160049, -30.3315048218, 7.69803571701, 26.0441226959, 11.9277114868, 53.8382110596, 139.171188354, 50.8106536865, -57.731552124], [-83.1327285767, 14.924536705, -27.1019592285, 23.5511302948, 6.49681186676, -24.5436859131, -4.2366437912, 29.972454071, 26.9963474274, -1.83424162865, 50.8106536865, 84.0621109009, -9.80617618561], [-27.234161377, -4.56484746933, 17.0462875366, -3.70160055161, 8.15908432007, 12.4488897324, -2.49552679062, -34.1942672729, 8.96393299103, -3.54333877563, -57.731552124, -9.80617618561, 89.3868713379]]
        icov: [[0.00140203826595, 0.000447879341664, -0.000211377831874, 0.000620359205641, 0.00019516145403, 0.000366362422938, 0.00101278780494, 0.000946208892856, -0.000568773248233, 0.0011739670299, 0.000786518794484, 0.000782542279921, 0.00153485056944], [0.000447879341664, 0.00284603307955, 0.000950606539845, -0.00124839553609, 0.000479952112073, 0.000238909153268, 0.000569884781726, 0.00166046468075, -0.000284782028757, 0.000270139513304, -0.000271515978966, 0.000386407569749, 0.000529143319], [-0.000211377831874, 0.000950606539845, 0.00408073421568, -0.000732474611141, -0.000482300529256, -0.000622755324002, -0.00199004961178, 0.00114833295811, -0.000970971537754, 0.000781719805673, -0.000839288346469, 0.00125660886988, -0.000585761212278], [0.000620359205641, -0.00124839553609, -0.000732474611141, 0.0169257055968, -0.00530240219086, 0.00189594901167, -0.00380348460749, 0.000790518824942, -0.00221479265019, -0.00113041361328, 0.00108580419328, -0.00340269808657, 0.00188729865476], [0.00019516145403, 0.000479952112073, -0.000482300529256, -0.00530240219086, 0.0108369765803, -0.0016063998919, 0.00185765174683, 0.00131764146499, -0.00207579904236, 0.00183563376777, -0.000356659060344, 0.000662198464852, -0.000129946682137], [0.000366362422938, 0.000238909153268, -0.000622755324002, 0.00189594901167, -0.0016063998919, 0.0231418758631, -0.00748280389234, 0.00269985571504, -0.00112423545215, -0.00155127153266, 0.00532200699672, 0.00245247525163, 0.00182624172885], [0.00101278780494, 0.000569884781726, -0.00199004961178, -0.00380348460749, 0.00185765174683, -0.00748280389234, 0.0216739475727, -0.00686357077211, 0.00717193214223, 0.000408433144912, -0.00322725437582, 0.00182151666377, -0.00317582371645], [0.000946208892856, 0.00166046468075, 0.00114833295811, 0.000790518824942, 0.00131764146499, 0.00269985571504, -0.00686357077211, 0.0252135079354, -0.012211794965, 0.00808600429446, -0.000125801117974, -0.00247967685573, 0.0103360470384], [-0.000568773248233, -0.000284782028757, -0.000970971537754, -0.00221479265019, -0.00207579904236, -0.00112423545215, 0.00717193214223, -0.012211794965, 0.0249335896224, -0.0144686503336, 0.00593068450689, -0.00807180721313, -0.00434869993478], [0.0011739670299, 0.000270139513304, 0.000781719805673, -0.00113041361328, 0.00183563376777, -0.00155127153266, 0.000408433144912, 0.00808600429446, -0.0144686503336, 0.0213032644242, -0.0116027621552, 0.0102623095736, -0.000743807235267], [0.000786518794484, -0.000271515978966, -0.000839288346469, 0.00108580419328, -0.000356659060344, 0.00532200699672, -0.00322725437582, -0.000125801117974, 0.00593068450689, -0.0116027621552, 0.0224019773304, -0.0126289865002, 0.0116123575717], [0.000782542279921, 0.000386407569749, 0.00125660886988, -0.00340269808657, 0.000662198464852, 0.00245247525163, 0.00182151666377, -0.00247967685573, -0.00807180721313, 0.0102623095736, -0.0126289865002, 0.0253997035325, -0.00557596236467], [0.00153485056944, 0.000529143319, -0.000585761212278, 0.00188729865476, -0.000129946682137, 0.00182624172885, -0.00317582371645, 0.0103360470384, -0.00434869993478, -0.000743807235267, 0.0116123575717, -0.00557596236467, 0.0227895565331]]
    spectral_contrast:
        mean: [-2.54678724332e-07, 1.98647413185e-07, -8.22689969482e-08, -2.80951155673e-07, 3.00606615156e-08, -4.61258679252e-07, 1.5546704617e-06, 5.82743098221e-07, 3.86207511838e-06, 4.18708737016e-07, 4.52783433502e-06, -9.83685026767e-08]
        var: [0.000276788050542, 0.000777037290391, 0.00109611812513, 0.00315601797774, 0.0037838073913, 0.00829092878848, 0.0604657642543, 0.0816206857562, 0.107219561934, 0.192232638597, 0.224561825395, 0.803564846516]

rhythm:
    beats_loudness:
        dmean: 0.00420399662107
        dmean2: 0.00767486030236
        dvar: 5.34988885192e-06
        dvar2: 1.65970905073e-05
        max: 0.0119618587196
        mean: 0.00461615761742
        min: 0.000676284253132
        var: 8.74258876138e-06
    beats_loudness_bass:
        dmean: 0.21349413693
        dmean2: 0.402881026268
        dvar: 0.0219821743667
        dvar2: 0.0671236291528
        max: 0.570344269276
        mean: 0.173114463687
        min: 0.0110317924991
        var: 0.02473827824
    bpm: 122.413398743
    bpm_confidence: 0
    first_peak_bpm: 123
    first_peak_spread: 0.0499999523163
    first_peak_weight: 0.950000047684
    onset_rate: 5.09750318527
    second_peak_bpm: 0
    second_peak_spread: 0
    second_peak_weight: 0
    beats_position: [0.10881665349, 0.598100960255, 1.08738517761, 1.57666945457, 2.06595373154, 2.5552380085, 3.04452228546, 3.53380656242, 4.02309083939, 4.51237535477, 5.00165939331, 5.49094390869, 5.96170043945, 6.45274209976, 6.94378376007, 7.43482542038, 7.92586708069, 8.41690921783, 8.90795040131, 9.39899253845, 9.89003372192]
    bpm_estimates: [122.077697754, 122.419075012, 121.715431213, 125.089355469, 122.425819397, 121.98941803, 122.741691589, 122.392028809, 122.022392273, 122.529541016, 121.739753723, 121.922668457, 122.260314941, 122.462387085]
    bpm_intervals: [0.489284306765, 0.489284217358, 0.489284276962, 0.489284276962, 0.489284276962, 0.489284276962, 0.489284276962, 0.489284276962, 0.489284515381, 0.489284038544, 0.489284515381, 0.470756530762, 0.491041660309, 0.491041660309, 0.491041660309, 0.491041660309, 0.491042137146, 0.491041183472, 0.491042137146, 0.491041183472]
    onset_times: [0.0580498874187, 0.325079351664, 0.696598649025, 0.743038535118, 0.9287981987, 1.1261677742, 1.24226760864, 1.47446715832, 1.84598636627, 2.08979582787, 2.33360552788, 2.47292518616, 2.70512461662, 2.84444451332, 2.9837641716, 3.09986400604, 3.33206343651, 3.44816327095, 3.81968259811, 4.06349229813, 4.3073015213, 4.67882108688, 4.94585037231, 5.05034017563, 5.29414987564, 5.42185926437, 5.53795909882, 5.79337882996, 6.04879808426, 6.29260778427, 6.44353723526, 6.58285713196, 6.67573690414, 6.80344676971, 7.08208608627, 7.27945566177, 7.41877555847, 7.79029464722, 8.03410434723, 8.27791404724, 8.40562343597, 8.54494285583, 8.64943313599, 8.77714252472, 8.90485286713, 9.02095222473, 9.27637195587, 9.38086128235, 9.71755123138, 9.90331077576, 9.98458003998]
    rubato_start: []
    rubato_stop: []
    perceptual_tempo: "unknown"

sfx:
    inharmonicity:
        dmean: 0.0453148931265
        dmean2: 0.0820084065199
        dvar: 0.00383570091799
        dvar2: 0.0104684140533
        max: 0.440165251493
        mean: 0.03898556903
        min: 1.20156373669e-05
        var: 0.00366934691556
    oddtoevenharmonicenergyratio:
        dmean: 10.1412477493
        dmean2: 19.8725891113
        dvar: 1147.73266602
        dvar2: 3457.74536133
        max: 381.212463379
        mean: 5.45292234421
        min: 0.000181063340278
        var: 615.215087891
    pitch_after_max_to_before_max_energy_ratio: 1.40359091759
    pitch_centroid: 232.366363525
    pitch_max_to_total: 0.489510476589
    pitch_min_to_total: 0.146853148937
    tristimulus:
        dmean: [0.274270921946, 0.276511579752, 0.0989077463746]
        dmean2: [0.497099339962, 0.498667687178, 0.177714511752]
        dvar: [0.0588834173977, 0.0654218867421, 0.0132778985426]
        dvar2: [0.149732112885, 0.173469349742, 0.0365265160799]
        max: [0.978430688381, 0.98351764679, 0.614590466022]
        mean: [0.509215474129, 0.326911300421, 0.0861430242658]
        min: [0.016482334584, 0, 0]
        var: [0.0839697867632, 0.081390991807, 0.0132699739188]

tonal:
    chords_changes_rate: 0.0138888889924
    chords_number_rate: 0.00925925932825
    chords_strength:
        dmean: 0.00559176458046
        dmean2: 0.00635983934626
        dvar: 2.0770376068e-05
        dvar2: 2.70317359536e-05
        max: 0.561133027077
        mean: 0.473741978407
        min: 0.3065058887
        var: 0.00346422474831
    key_strength: 0.589491963387
    tuning_diatonic_strength: 0.50921279192
    tuning_equal_tempered_deviation: 0.102979719639
    tuning_frequency: 441.272583008
    tuning_nontempered_energy_ratio: 0.669263780117
    hpcp:
        dmean: [0.105064995587, 0.0785495787859, 0.0686603784561, 0.0712170898914, 0.0729777142406, 0.0785945728421, 0.0748860836029, 0.0724736228585, 0.0948413312435, 0.0939652100205, 0.0814079940319, 0.0748181119561, 0.0991948395967, 0.121414572001, 0.134842276573, 0.176925882697, 0.172979831696, 0.12826564908, 0.147423833609, 0.179656222463, 0.264901340008, 0.295041501522, 0.254283577204, 0.172233656049, 0.111891426146, 0.109991870821, 0.113174267113, 0.0941202118993, 0.106504544616, 0.130489051342, 0.139775559306, 0.18530139327, 0.228988528252, 0.198831632733, 0.165211305022, 0.116229064763]
        dmean2: [0.17417293787, 0.134478792548, 0.117673240602, 0.124140016735, 0.130164086819, 0.141338080168, 0.133202433586, 0.124399848282, 0.167472735047, 0.172270357609, 0.1490470469, 0.131733089685, 0.173395946622, 0.214054733515, 0.237039297819, 0.316435813904, 0.313788115978, 0.228944033384, 0.270988494158, 0.325079262257, 0.439116120338, 0.517867207527, 0.424336701632, 0.314804136753, 0.206308692694, 0.199364125729, 0.209441050887, 0.174384787679, 0.19593718648, 0.233360767365, 0.249634459615, 0.337864845991, 0.414228498936, 0.366667658091, 0.299396932125, 0.212370857596]
        dvar: [0.026270467788, 0.0128759862855, 0.0161193367094, 0.0159390978515, 0.0121999476105, 0.0142445862293, 0.0104543808848, 0.00710611511022, 0.0282273069024, 0.038558870554, 0.0329244732857, 0.0273025352508, 0.0402596406639, 0.0560704171658, 0.0434553399682, 0.0693377479911, 0.0644407719374, 0.0439667142928, 0.0616171620786, 0.0616104975343, 0.0603537224233, 0.0926823318005, 0.0479920059443, 0.0495313629508, 0.0335429795086, 0.0395556613803, 0.0366905555129, 0.0288518108428, 0.040196210146, 0.0449692346156, 0.0394445210695, 0.0517053417861, 0.0761083289981, 0.0851860865951, 0.0542087070644, 0.0279457960278]
        dvar2: [0.0725971609354, 0.0331090576947, 0.0423791669309, 0.0432381145656, 0.0328874103725, 0.0412954241037, 0.0300464015454, 0.0174278263003, 0.0743316635489, 0.0911908447742, 0.0932927802205, 0.0695585310459, 0.0973927602172, 0.157863005996, 0.100895553827, 0.14781999588, 0.170223399997, 0.113489888608, 0.157791301608, 0.158329546452, 0.136556074023, 0.175264343619, 0.131353363395, 0.148617744446, 0.0868407338858, 0.108386546373, 0.106854684651, 0.0827435180545, 0.114553511143, 0.12632663548, 0.108286388218, 0.144838124514, 0.196220830083, 0.187761560082, 0.139700144529, 0.0787689983845]
        max: [0.996914923191, 0.717071056366, 1, 0.986010968685, 0.728753089905, 0.849640130997, 0.57883810997, 0.507835805416, 1, 1, 1, 1, 1, 1, 1, 1, 1, 1, 1, 1, 1, 1, 1, 1, 1, 1, 1, 1, 1, 1, 1, 1, 1, 1, 1, 1]
        mean: [0.11021476984, 0.0919828787446, 0.0719417631626, 0.0619828030467, 0.0577319450676, 0.0655729621649, 0.0792082026601, 0.0776385143399, 0.0763190612197, 0.0780461505055, 0.0648285970092, 0.0678192749619, 0.0970714241266, 0.104413412511, 0.152874395251, 0.222979441285, 0.166691035032, 0.0977936387062, 0.103415168822, 0.135814204812, 0.394992679358, 0.612153530121, 0.383154481649, 0.133075982332, 0.087190926075, 0.0824577212334, 0.0833933800459, 0.075666539371, 0.080319032073, 0.105667702854, 0.115215368569, 0.145248055458, 0.201608091593, 0.207296162844, 0.149269670248, 0.109831109643]
        min: [0.00303337210789, 0.00196551089175, 0.000398059200961, 0.000349696259946, 0.000327858608216, 0.000905350665562, 0.00126047199592, 0.00200415821746, 0.000684829370584, 0.000541667686775, 0.000838478503283, 0.000686497311108, 0.000728962186258, 0.00185903720558, 0.00215354468673, 0.00211130222306, 0.000946759711951, 0.00075875694165, 0.000593731238041, 0.00092181249056, 0.00515205040574, 0.0115905618295, 0.00614780886099, 0.000255335849943, 0.000231134457863, 0.000293703225907, 0.000538988329936, 0.000738565344363, 0.000419949239586, 0.000261838140432, 0.00020895228954, 0.000884107605089, 0.00124419282656, 0.000928131863475, 0.000439224968432, 0.00113840552513]
        var: [0.0304583664984, 0.0168085824698, 0.0158792119473, 0.0131244650111, 0.00994611438364, 0.0105564519763, 0.00994709134102, 0.00856887549162, 0.0214711222798, 0.0324462838471, 0.0237568002194, 0.0245912224054, 0.0433499291539, 0.0468830652535, 0.0533210039139, 0.103588469326, 0.0582413226366, 0.0366764590144, 0.045444663614, 0.0513321235776, 0.0848873779178, 0.141466274858, 0.0718267410994, 0.0382821746171, 0.0273957848549, 0.029596446082, 0.0249239653349, 0.0187008474022, 0.0271086264402, 0.0342016741633, 0.0318051911891, 0.0416245162487, 0.0692830383778, 0.0933390334249, 0.0535151660442, 0.0252652987838]
    chords_histogram: [13.8888893127, 85.648147583, 0, 0, 0, 0, 0, 0, 0, 0, 0, 0, 0, 0, 0, 0, 0, 0.462962955236, 0, 0, 0, 0, 0, 0]
    thpcp: [1, 0.625912368298, 0.217389881611, 0.142433106899, 0.134701043367, 0.136229515076, 0.123607128859, 0.131207332015, 0.172616347671, 0.188213184476, 0.237273901701, 0.329342365265, 0.338634282351, 0.243843510747, 0.179417580366, 0.180044323206, 0.150261119008, 0.117522418499, 0.101253688335, 0.0943095833063, 0.107118487358, 0.129392713308, 0.126828506589, 0.124673068523, 0.12749440968, 0.105902515352, 0.110788017511, 0.158573657274, 0.170567363501, 0.249732106924, 0.364254117012, 0.272302657366, 0.159753456712, 0.168936654925, 0.221862971783, 0.645250976086]
    chords_key: "C#"
    chords_scale: "minor"
    key_key: "A"
    key_scale: "major"
    chords_progression: ["A", "A", "A", "A", "A", "A", "A", "Am", "A", "A", "A", "A", "A", "A", "A", "A", "A", "A", "A", "A", "A", "A", "A", "A", "A", "A", "A", "A", "A", "A", "A", "C#m", "C#m", "C#m", "C#m", "C#m", "C#m", "C#m", "C#m", "C#m", "C#m", "C#m", "C#m", "C#m", "C#m", "C#m", "C#m", "C#m", "C#m", "C#m", "C#m", "C#m", "C#m", "C#m", "C#m", "C#m", "C#m", "C#m", "C#m", "C#m", "C#m", "C#m", "C#m", "C#m", "C#m", "C#m", "C#m", "C#m", "C#m", "C#m", "C#m", "C#m", "C#m", "C#m", "C#m", "C#m", "C#m", "C#m", "C#m", "C#m", "C#m", "C#m", "C#m", "C#m", "C#m", "C#m", "C#m", "C#m", "C#m", "C#m", "C#m", "C#m", "C#m", "C#m", "C#m", "C#m", "C#m", "C#m", "C#m", "C#m", "C#m", "C#m", "C#m", "C#m", "C#m", "C#m", "C#m", "C#m", "C#m", "C#m", "C#m", "C#m", "C#m", "C#m", "C#m", "C#m", "C#m", "C#m", "C#m", "C#m", "C#m", "C#m", "C#m", "C#m", "C#m", "C#m", "C#m", "C#m", "C#m", "C#m", "C#m", "C#m", "C#m", "C#m", "C#m", "C#m", "C#m", "C#m", "C#m", "C#m", "C#m", "C#m", "C#m", "C#m", "C#m", "C#m", "C#m", "C#m", "C#m", "C#m", "C#m", "C#m", "C#m", "C#m", "C#m", "C#m", "C#m", "C#m", "C#m", "C#m", "C#m", "C#m", "C#m", "C#m", "C#m", "C#m", "C#m", "C#m", "C#m", "C#m", "C#m", "C#m", "C#m", "C#m", "C#m", "C#m", "C#m", "C#m", "C#m", "C#m", "C#m", "C#m", "C#m", "C#m", "C#m", "C#m", "C#m", "C#m", "C#m", "C#m", "C#m", "C#m", "C#m", "C#m", "C#m", "C#m", "C#m", "C#m", "C#m", "C#m", "C#m", "C#m", "C#m", "C#m", "C#m", "C#m", "C#m", "C#m", "C#m", "C#m", "C#m", "C#m", "C#m", "C#m", "C#m", "C#m"]
