
metadata:
    version:
        essentia: "1.2.2"
    audio_properties:
        analysis_sample_rate: 44100
        bitrate: 128
        channels: 2
        equal_loudness: 1
        length: 10.0310201645
        replay_gain: -11.8683300018
        downmix: "mix"
    tags:
        track: 42
        year: 0
        album: "Splitted by Mp3Splt v. 2.1"
        artist: "From 006.50 To 007.00"
        comment: "http://mp3splt.sf.net"
        genre: ""
        title: "03 What Do You Want from Me- ["

highlevel:
    ballroom:
        all:
            ChaChaCha: 0.191368639469
            Jive: 0.106866672635
            Quickstep: 0.0337701365352
            Rumba-American: 0.00369964633137
            Rumba-International: 0.00124571332708
            Rumba-Misc: 0.00221501290798
            Samba: 0.658306896687
            Tango: 0.000843521207571
            VienneseWaltz: 0.000916065648198
            Waltz: 0.00076771696331
        probability: 0.658306896687
        value: "Samba"
    culture:
        all:
            non_western: 0.969890594482
            western: 0.0301094260067
        probability: 0.969890594482
        value: "non_western"
    gender:
        all:
            female: 0.803045988083
            male: 0.196954026818
        probability: 0.803045988083
        value: "female"
    genre_dortmund:
        all:
            alternative: 0.0150035945699
            blues: 0.000662635255139
            electronic: 0.920989871025
            folkcountry: 0.00346375559457
            funksoulrnb: 0.00365700991824
            jazz: 0.00289108604193
            pop: 0.0108171636239
            raphiphop: 0.0306274462491
            rock: 0.0118874218315
        probability: 0.920989871025
        value: "electronic"
    genre_electronica:
        all:
            ambient: 0.0676012039185
            dnb: 0.0880697444081
            house: 0.0571485087276
            techno: 0.0452109873295
            trance: 0.741969525814
        probability: 0.741969525814
        value: "trance"
    genre_rosamerica:
        all:
            cla: 0.0122262565419
            dan: 0.779632985592
            hip: 0.118774622679
            jaz: 0.00654600467533
            pop: 0.0425445400178
            rhy: 0.0198360513896
            roc: 0.0156060792506
            spe: 0.0048334589228
        probability: 0.779632985592
        value: "dan"
    genre_tzanetakis:
        all:
            blu: 0.00805004686117
            cla: 0.0513200648129
            cou: 0.0204691104591
            dis: 0.13001665473
            hip: 0.0336084924638
            jaz: 0.0693955570459
            met: 0.00930168572813
            pop: 0.197717353702
            reg: 0.457015454769
            roc: 0.0231055784971
        probability: 0.457015454769
        value: "reg"
    live_studio:
        all:
            live: 0.102850019932
            studio: 0.897149980068
        probability: 0.897149980068
        value: "studio"
    mood:
        all:
            Cluster1: 0.349304318428
            Cluster2: 0.187460482121
            Cluster3: 0.023425117135
            Cluster4: 0.205663621426
            Cluster5: 0.234146460891
        probability: 0.349304318428
        value: "Cluster1"
    mood_acoustic:
        all:
            acoustic: 0.0556123629212
            not_acoustic: 0.944387614727
        probability: 0.944387614727
        value: "not_acoustic"
    mood_aggressive:
        all:
            aggressive: 0.352955490351
            not_aggressive: 0.647044479847
        probability: 0.647044479847
        value: "not_aggressive"
    mood_electronic:
        all:
            electronic: 0.876004338264
            not_electronic: 0.123995646834
        probability: 0.876004338264
        value: "electronic"
    mood_happy:
        all:
            happy: 0.343663603067
            not_happy: 0.656336426735
        probability: 0.656336426735
        value: "not_happy"
    mood_party:
        all:
            not_party: 0.146237105131
            party: 0.853762865067
        probability: 0.853762865067
        value: "party"
    mood_relaxed:
        all:
            not_relaxed: 0.93228495121
            relaxed: 0.0677150264382
        probability: 0.93228495121
        value: "not_relaxed"
    mood_sad:
        all:
            not_sad: 0.872850239277
            sad: 0.127149745822
        probability: 0.872850239277
        value: "not_sad"
    rhythm:
        all:
            fast: 0.881356358528
            medium: 0.108229368925
            slow: 0.0104142911732
        probability: 0.881356358528
        value: "fast"
    speech_music:
        all:
            music: 0.999197602272
            speech: 0.000802416587248
        probability: 0.999197602272
        value: "music"
    timbre:
        all:
            bright: 0.471918433905
            dark: 0.528081536293
        probability: 0.528081536293
        value: "dark"
    voice_instrumental:
        all:
            instrumental: 0.523125767708
            voice: 0.47687420249
        probability: 0.523125767708
        value: "instrumental"

lowlevel:
    average_loudness: 0.982442677021
    barkbands_kurtosis:
        dmean: 1.17016613483
        dmean2: 1.92792236805
        dvar: 1.98623716831
        dvar2: 4.91795349121
        max: 9.12508773804
        mean: 0.217006087303
        min: -1.70269870758
        var: 2.72800922394
    barkbands_skewness:
        dmean: 0.519213855267
        dmean2: 0.842463433743
        dvar: 0.215635925531
        dvar2: 0.546678006649
        max: 2.7699213028
        mean: 0.43547052145
        min: -1.65375089645
        var: 0.431350558996
    barkbands_spread:
        dmean: 6.49155521393
        dmean2: 9.8857421875
        dvar: 38.0505714417
        dvar2: 69.6376800537
        max: 69.8481445312
        mean: 22.6905765533
        min: 4.90756559372
        var: 113.956459045
    dissonance:
        dmean: 0.0358784608543
        dmean2: 0.0614221952856
        dvar: 0.00102458195761
        dvar2: 0.00256561720744
        max: 0.499537914991
        mean: 0.449090540409
        min: 0.232597187161
        var: 0.00156023725867
    hfc:
        dmean: 3.75436687469
        dmean2: 5.27200651169
        dvar: 14.395532608
        dvar2: 32.0025596619
        max: 26.017124176
        mean: 5.0553188324
        min: 0.212593123317
        var: 23.0707302094
    pitch:
        dmean: 511.675262451
        dmean2: 951.26184082
        dvar: 934315.9375
        dvar2: 2288572.5
        max: 4410
        mean: 600.006958008
        min: 81.8181838989
        var: 804342.875
    pitch_instantaneous_confidence:
        dmean: 0.107648335397
        dmean2: 0.179296076298
        dvar: 0.00832866411656
        dvar2: 0.0201348252594
        max: 0.841811656952
        mean: 0.415499836206
        min: 0.11393237114
        var: 0.0185417030007
    pitch_salience:
        dmean: 0.0859607160091
        dmean2: 0.141925856471
        dvar: 0.00528516015038
        dvar2: 0.014188057743
        max: 0.842256307602
        mean: 0.582162499428
        min: 0.240893110633
        var: 0.0100718382746
    silence_rate_20dB:
        dmean: 0
        dmean2: 0
        dvar: 0
        dvar2: 0
        max: 1
        mean: 1
        min: 1
        var: 0
    silence_rate_30dB:
        dmean: 0
        dmean2: 0
        dvar: 0
        dvar2: 0
        max: 1
        mean: 1
        min: 1
        var: 0
    silence_rate_60dB:
        dmean: 0.36194896698
        dmean2: 0.725581407547
        dvar: 0.230941772461
        dvar2: 0.268879413605
        max: 1
        mean: 0.541666686535
        min: 0
        var: 0.248263642192
    spectral_centroid:
        dmean: 357.443206787
        dmean2: 541.638061523
        dvar: 134536.3125
        dvar2: 263280.65625
        max: 3735.33227539
        mean: 1538.56738281
        min: 407.121826172
        var: 434602.375
    spectral_complexity:
        dmean: 5.1398601532
        dmean2: 7.10046720505
        dvar: 21.1925792694
        dvar2: 42.7492752075
        max: 36
        mean: 8.72790718079
        min: 0
        var: 39.7655296326
    spectral_crest:
        dmean: 2.52848649025
        dmean2: 4.24411535263
        dvar: 5.58119678497
        dvar2: 14.9608078003
        max: 22.6972198486
        mean: 7.84730863571
        min: 3.24902462959
        var: 9.97272109985
    spectral_decrease:
        dmean: 7.1891015363e-10
        dmean2: 1.06226261121e-09
        dvar: 5.42355599377e-19
        dvar2: 1.30684786392e-18
        max: -4.36053484987e-11
        mean: -8.29429802618e-10
        min: -3.87552612224e-09
        var: 6.62588627858e-19
    spectral_energy:
        dmean: 0.00304828514345
        dmean2: 0.00446740537882
        dvar: 9.17610759643e-06
        dvar2: 2.20328056457e-05
        max: 0.0160974003375
        mean: 0.00358899217099
        min: 0.00018385903968
        var: 1.16623950817e-05
    spectral_energyband_high:
        dmean: 0.000156007823534
        dmean2: 0.000224161383812
        dvar: 5.29176702457e-08
        dvar2: 1.15775861786e-07
        max: 0.00150395079982
        mean: 0.000235041195992
        min: 4.65256425741e-06
        var: 8.1076962033e-08
    spectral_energyband_low:
        dmean: 0.000438722432591
        dmean2: 0.000702770834323
        dvar: 1.05119590899e-06
        dvar2: 2.67058931058e-06
        max: 0.00536142848432
        mean: 0.000393437163439
        min: 1.01555244214e-08
        var: 9.19044794045e-07
    spectral_energyband_middle_high:
        dmean: 0.00143882085104
        dmean2: 0.00212528044358
        dvar: 1.95914753931e-06
        dvar2: 4.29773672295e-06
        max: 0.00825040973723
        mean: 0.00175718800165
        min: 8.52847879287e-05
        var: 2.85511578113e-06
    spectral_energyband_middle_low:
        dmean: 0.00125531631056
        dmean2: 0.00206852261908
        dvar: 3.58928377864e-06
        dvar2: 9.55489485932e-06
        max: 0.0124009251595
        mean: 0.00120332604274
        min: 3.55068441422e-05
        var: 2.95017866847e-06
    spectral_flatness_db:
        dmean: 0.0205235276371
        dmean2: 0.0314962752163
        dvar: 0.00034681885154
        dvar2: 0.000748929218389
        max: 0.264916747808
        mean: 0.143061950803
        min: 0.087579831481
        var: 0.0010862153722
    spectral_flux:
        dmean: 0.0195859465748
        dmean2: 0.0313862375915
        dvar: 0.000375737028662
        dvar2: 0.00088121870067
        max: 0.117679655552
        mean: 0.0434965230525
        min: 0.0118329934776
        var: 0.0004886512761
    spectral_kurtosis:
        dmean: 1.26882874966
        dmean2: 1.94563567638
        dvar: 1.44940400124
        dvar2: 2.99581336975
        max: 9.92091464996
        mean: 2.61363196373
        min: 0.10358953476
        var: 3.23527741432
    spectral_rms:
        dmean: 0.00079286028631
        dmean2: 0.0010738944402
        dvar: 4.03125852699e-07
        dvar2: 1.00536635728e-06
        max: 0.00396292610094
        mean: 0.00167943502311
        min: 0.000423526478698
        var: 6.80954087784e-07
    spectral_rolloff:
        dmean: 691.120117188
        dmean2: 1103.62658691
        dvar: 594967.1875
        dvar2: 1051418.5
        max: 5964.69726562
        mean: 2618.38842773
        min: 516.796875
        var: 1527736.375
    spectral_skewness:
        dmean: 0.290340542793
        dmean2: 0.430976808071
        dvar: 0.0630898028612
        dvar2: 0.127823606133
        max: 2.80920410156
        mean: 1.45797431469
        min: 0.513893127441
        var: 0.17013733089
    spectral_spread:
        dmean: 639670.125
        dmean2: 1036681.375
        dvar: 315960852480
        dvar2: 742700154880
        max: 8954169
        mean: 6519377.5
        min: 3869178
        var: 984278630400
    spectral_strongpeak:
        dmean: 0.442697107792
        dmean2: 0.686558663845
        dvar: 0.220114082098
        dvar2: 0.558072388172
        max: 4.03571653366
        mean: 0.627031028271
        min: 0.0257775522768
        var: 0.341745644808
    zerocrossingrate:
        dmean: 0.0138949593529
        dmean2: 0.0161885768175
        dvar: 0.000142365606735
        dvar2: 0.000167691716342
        max: 0.1767578125
        mean: 0.0896336734295
        min: 0.03857421875
        var: 0.000913118943572
    barkbands:
        dmean: [7.84818396937e-08, 0.000135938564199, 0.000335091172019, 0.000228073127801, 0.000286070309812, 5.23283670191e-05, 8.70274161571e-05, 0.000468728481792, 0.000215639738599, 4.75797205581e-05, 0.00028946105158, 0.000264473812422, 0.000265148264589, 0.000347150373273, 4.87393226649e-05, 0.000145088633872, 5.20419962413e-05, 0.000101844510937, 7.0883819717e-05, 0.000146735779708, 5.87921203987e-05, 3.61897873518e-05, 1.89392976608e-05, 5.20727235198e-06, 4.09250787925e-06, 2.38117564777e-07, 1.10889997185e-09]
        dmean2: [1.13293985748e-07, 0.000179021983058, 0.000579888757784, 0.000416883587604, 0.000537840824109, 9.0558656666e-05, 0.000126545550302, 0.000741224910598, 0.000363871105947, 7.93596336734e-05, 0.000468680489575, 0.00043559432379, 0.000422051962232, 0.000568135990761, 7.59162721806e-05, 0.000229028708418, 7.88496690802e-05, 0.000170507948496, 0.00011597253615, 0.000225760246394, 8.97726567928e-05, 4.88997393404e-05, 2.75006368611e-05, 7.34931109037e-06, 6.11614950685e-06, 3.76632726784e-07, 1.63434044076e-09]
        dvar: [8.94597913001e-15, 6.62044925548e-08, 7.40957887047e-07, 4.38027143446e-07, 6.40171833766e-07, 1.21472831793e-08, 1.70992375814e-08, 1.20207346299e-06, 9.52735206283e-08, 8.17136225351e-09, 3.32623301347e-07, 1.5774550377e-07, 1.18458252985e-07, 2.67859917358e-07, 3.96122690205e-09, 5.44097034094e-08, 6.19018880599e-09, 4.38132943259e-08, 1.36129543193e-08, 5.53593615393e-08, 7.86327802871e-09, 3.99016331087e-09, 6.98604896154e-10, 9.18114403947e-11, 5.72279862388e-11, 7.74927200859e-14, 3.42336409964e-18]
        dvar2: [1.8597792509e-14, 1.51644968582e-07, 1.92326911019e-06, 1.2158957361e-06, 1.82527992365e-06, 3.3287516743e-08, 3.16923944865e-08, 3.0156354569e-06, 2.39158907789e-07, 2.11861355126e-08, 7.35513765449e-07, 3.70396435301e-07, 3.03227636778e-07, 7.03625403276e-07, 9.8343813093e-09, 1.31831853878e-07, 1.31401289849e-08, 1.11439860007e-07, 3.34218732689e-08, 1.14910314153e-07, 1.84796213887e-08, 8.77649064535e-09, 1.50547230238e-09, 1.50097850815e-10, 1.29596444687e-10, 1.55780946411e-13, 4.37648482161e-18]
        max: [7.04288083853e-07, 0.00185265997425, 0.00394093617797, 0.00358727667481, 0.00442830799147, 0.000789720041212, 0.00145227881148, 0.0120650827885, 0.00241828826256, 0.00110193504952, 0.00554141355678, 0.00257320771925, 0.00249874871224, 0.00477908039466, 0.000462737574708, 0.00236845342442, 0.000597902748268, 0.00141634140164, 0.000783793104347, 0.00145340675954, 0.000665005878545, 0.000537280808203, 0.000185634606169, 5.86255737289e-05, 4.45215082436e-05, 1.66339782481e-06, 3.41528547665e-08]
        mean: [1.0539429951e-07, 0.000163275573868, 0.000230057688896, 0.000139451542054, 0.000183525859029, 4.53498178103e-05, 0.000136801012559, 0.000446748832474, 0.000225556956138, 4.9627127737e-05, 0.000290185620543, 0.000269678013865, 0.000266672606813, 0.000320214923704, 5.06653159391e-05, 0.000141801472637, 5.89212140767e-05, 9.87781168078e-05, 9.34796480578e-05, 0.00020259503799, 8.31589422887e-05, 5.39133870916e-05, 2.45474457188e-05, 8.44164333103e-06, 5.20167577633e-06, 2.3788501835e-07, 1.12757525539e-09]
        min: [3.171413002e-12, 2.48465292785e-09, 7.66895080773e-09, 6.08200867447e-09, 5.95832938544e-09, 1.57445807503e-08, 1.71342037447e-07, 2.70590703622e-06, 5.36623247172e-06, 8.45516581194e-07, 2.32057277572e-06, 2.2686176635e-06, 3.46017804986e-06, 3.05024104819e-06, 6.29520059192e-07, 2.68889630206e-06, 4.58834222172e-07, 1.25298709008e-06, 9.13833332561e-07, 1.67649614013e-06, 9.08642675768e-07, 6.01761144026e-07, 9.06812715584e-07, 1.28265966737e-07, 6.24718552444e-08, 2.25573049129e-09, 5.24873287194e-12]
        var: [1.78507060614e-14, 9.27872747525e-08, 5.31740738552e-07, 2.68555993443e-07, 3.6488609112e-07, 9.09148223371e-09, 4.4509427255e-08, 1.10407245302e-06, 9.93264421822e-08, 8.02106203679e-09, 3.69799266764e-07, 1.64653343404e-07, 1.17853566906e-07, 2.45689079748e-07, 4.39919167761e-09, 5.23549488207e-08, 7.89998910733e-09, 3.8046621853e-08, 1.73177632234e-08, 8.10042664057e-08, 1.07499458224e-08, 6.31863628087e-09, 9.60268975447e-10, 1.69205705003e-10, 7.41810432525e-11, 1.04089534301e-13, 3.72322348234e-18]
    mfcc:
        mean: [-729.77142334, 79.9560623169, -45.0101890564, 3.64773726463, -29.8081855774, 7.46269321442, 3.53342890739, 4.46448707581, 1.7974230051, 10.8342533112, 8.10045051575, 8.15353965759, 6.60522985458]
        cov: [[2956.74755859, -48.9939613342, 20.8647251129, 397.755981445, 148.898681641, -168.641281128, -41.7377662659, -225.575866699, -56.025138855, -219.222427368, -30.5253887177, -39.7323265076, -81.0450515747], [-48.9939613342, 1527.48266602, 512.069213867, 442.775970459, 454.77432251, 244.11706543, -2.47472953796, 41.6133232117, -49.726234436, -142.432449341, -97.7569503784, -21.7077465057, -1.73781991005], [20.8647251129, 512.069213867, 524.544921875, 424.797851562, 222.666595459, 112.092201233, 25.6101055145, 24.0761737823, -35.0151519775, -69.4810028076, -19.0486717224, 10.2966909409, 14.9109764099], [397.755981445, 442.775970459, 424.797851562, 632.39263916, 271.795928955, 78.7108459473, 62.8178443909, 31.17927742, -31.5867462158, -114.237678528, -19.5257835388, -12.9815216064, -35.7884941101], [148.898681641, 454.77432251, 222.666595459, 271.795928955, 269.120697021, 143.383743286, 44.5140342712, 62.2911338806, 11.3949785233, -22.1441383362, 10.2893896103, 12.4004030228, -2.08086752892], [-168.641281128, 244.11706543, 112.092201233, 78.7108459473, 143.383743286, 218.255737305, 117.582611084, 91.6255950928, 53.2738380432, 37.3774642944, 15.7582826614, 6.55007600784, -3.3322198391], [-41.7377662659, -2.47472953796, 25.6101055145, 62.8178443909, 44.5140342712, 117.582611084, 151.967178345, 86.9969711304, 70.0734939575, 25.6760635376, 22.3934459686, 0.664037585258, -14.6182126999], [-225.575866699, 41.6133232117, 24.0761737823, 31.17927742, 62.2911338806, 91.6255950928, 86.9969711304, 168.010665894, 78.5462265015, 70.6957626343, 38.4038925171, 22.8987541199, 16.9099254608], [-56.025138855, -49.726234436, -35.0151519775, -31.5867462158, 11.3949785233, 53.2738380432, 70.0734939575, 78.5462265015, 115.521217346, 68.0065612793, 29.3080730438, 6.80291604996, 8.39347362518], [-219.222427368, -142.432449341, -69.4810028076, -114.237678528, -22.1441383362, 37.3774642944, 25.6760635376, 70.6957626343, 68.0065612793, 133.021636963, 70.2940368652, 28.3609390259, 20.1360683441], [-30.5253887177, -97.7569503784, -19.0486717224, -19.5257835388, 10.2893896103, 15.7582826614, 22.3934459686, 38.4038925171, 29.3080730438, 70.2940368652, 89.0341339111, 43.9623680115, 11.450594902], [-39.7323265076, -21.7077465057, 10.2966909409, -12.9815216064, 12.4004030228, 6.55007600784, 0.664037585258, 22.8987541199, 6.80291604996, 28.3609390259, 43.9623680115, 59.5051498413, 36.4238548279], [-81.0450515747, -1.73781991005, 14.9109764099, -35.7884941101, -2.08086752892, -3.3322198391, -14.6182126999, 16.9099254608, 8.39347362518, 20.1360683441, 11.450594902, 36.4238548279, 67.546295166]]
        icov: [[0.000586829613894, 0.00022562063532, 0.00029490806628, -0.000206332595553, -0.00119823764544, 0.000738709117286, -0.000360678415745, 0.00098328362219, -0.000662056030706, 0.000805087271146, -0.000306940986775, 3.96114337491e-05, 8.37348270579e-05], [0.00022562063532, 0.00211614207365, -0.000973449437879, 0.000851040647831, -0.00351909617893, -0.00056503561791, 0.0012167916866, -0.000115503564302, -0.000477954978123, 0.00171970401425, 0.00132192973979, 0.000110602668428, 0.000409918895457], [0.00029490806628, -0.000973449437879, 0.00645864196122, -0.00484933936968, 0.00205188430846, -0.00301211327314, 0.00172779068816, 0.00108897977043, 0.000404739344958, -0.000494374835398, -0.000389818364056, -0.000382387632271, -0.00328103033826], [-0.000206332595553, 0.000851040647831, -0.00484933936968, 0.00793368928134, -0.00702427700162, 0.00542256701738, -0.00450553698465, -0.0012422055006, 0.000965030980296, 0.00264546903782, -0.000274066609563, 0.00116706721019, 0.00294398143888], [-0.00119823764544, -0.00351909617893, 0.00205188430846, -0.00702427700162, 0.0225702021271, -0.013091661036, 0.0093007395044, -0.00394706102088, -0.00178217538632, 0.00181723269634, -0.00662781205028, -0.00067532400135, -0.00148502096999], [0.000738709117286, -0.00056503561791, -0.00301211327314, 0.00542256701738, -0.013091661036, 0.0225484464318, -0.0175612326711, 0.00235724565573, 0.00363021320663, -0.008146812208, 0.00672746170312, -0.00139445217792, 0.00231719715521], [-0.000360678415745, 0.0012167916866, 0.00172779068816, -0.00450553698465, 0.0093007395044, -0.0175612326711, 0.0266152136028, -0.0066458680667, -0.0095212161541, 0.0108999107033, -0.00763836409897, 0.00139791006222, 0.00214873207733], [0.00098328362219, -0.000115503564302, 0.00108897977043, -0.0012422055006, -0.00394706102088, 0.00235724565573, -0.0066458680667, 0.0149644240737, -0.00337966554798, -0.00587512971833, 0.0027696560137, -0.00277845491655, -0.00171148311347], [-0.000662056030706, -0.000477954978123, 0.000404739344958, 0.000965030980296, -0.00178217538632, 0.00363021320663, -0.0095212161541, -0.00337966554798, 0.020616132766, -0.0109852589667, 0.00391731923446, 0.00262757297605, -0.00284298486076], [0.000805087271146, 0.00171970401425, -0.000494374835398, 0.00264546903782, 0.00181723269634, -0.008146812208, 0.0108999107033, -0.00587512971833, -0.0109852589667, 0.032155431807, -0.0218966957182, 0.00847346335649, -0.00307315168902], [-0.000306940986775, 0.00132192973979, -0.000389818364056, -0.000274066609563, -0.00662781205028, 0.00672746170312, -0.00763836409897, 0.0027696560137, 0.00391731923446, -0.0218966957182, 0.0405115261674, -0.0267066732049, 0.0109624015167], [3.96114337491e-05, 0.000110602668428, -0.000382387632271, 0.00116706721019, -0.00067532400135, -0.00139445217792, 0.00139791006222, -0.00277845491655, 0.00262757297605, 0.00847346335649, -0.0267066732049, 0.0476029030979, -0.0223330110312], [8.37348270579e-05, 0.000409918895457, -0.00328103033826, 0.00294398143888, -0.00148502096999, 0.00231719715521, 0.00214873207733, -0.00171148311347, -0.00284298486076, -0.00307315168902, 0.0109624015167, -0.0223330110312, 0.0296158026904]]
    spectral_contrast:
        mean: [-3.37693222718e-07, -2.00977240183e-07, -2.726999071e-07, -3.70473628664e-07, -1.18923395576e-07, -2.65587203785e-07, 7.14077486919e-07, 4.06694289268e-06, -2.73737805401e-06, -1.8092089249e-06, 6.32017133739e-07, 3.78420196512e-07]
        var: [0.000210931466427, 0.000709288287908, 0.00116754113697, 0.00274802325293, 0.0052152723074, 0.00768464663997, 0.0646932125092, 0.0832650139928, 0.167695701122, 0.297953426838, 0.977067291737, 2.08016371727]

rhythm:
    beats_loudness:
        dmean: 0.00184364919551
        dmean2: 0.00299939140677
        dvar: 3.19366176882e-06
        dvar2: 9.80602817435e-06
        max: 0.00810466241091
        mean: 0.00627016229555
        min: 0.00193903991021
        var: 2.76313676295e-06
    beats_loudness_bass:
        dmean: 0.15830680728
        dmean2: 0.235118895769
        dvar: 0.0152293657884
        dvar2: 0.0270425230265
        max: 0.732781648636
        mean: 0.500850856304
        min: 0.125191882253
        var: 0.029084963724
    bpm: 131.820449829
    bpm_confidence: 0
    first_peak_bpm: 132
    first_peak_spread: 0
    first_peak_weight: 0.952380955219
    onset_rate: 6.87866210938
    second_peak_bpm: 121
    second_peak_spread: 0
    second_peak_weight: 0.047619048506
    beats_position: [0.0837048217654, 0.538862347603, 0.99401986599, 1.44917750359, 1.90433490276, 2.35949230194, 2.81464982033, 3.26980757713, 3.72496509552, 4.18012285233, 4.63528060913, 5.09043836594, 5.5455956459, 6.04001569748, 6.4951877594, 6.95035982132, 7.40553283691, 7.86070585251, 8.31587791443, 8.77105045319, 9.22622299194, 9.6813955307]
    bpm_estimates: [132.018859863, 131.829071045, 132.027313232, 131.544036865, 131.832733154, 131.698120117, 131.762054443, 131.89163208, 131.799972534, 132.037597656, 131.875015259, 131.926330566, 131.536178589, 131.822784424, 131.797363281, 131.764160156, 131.852005005, 131.753005981]
    bpm_intervals: [0.455157518387, 0.455157518387, 0.455157637596, 0.455157399178, 0.455157399178, 0.455157518387, 0.455157756805, 0.455157518387, 0.455157756805, 0.455157756805, 0.455157756805, 0.455157279968, 0.494420051575, 0.45517206192, 0.45517206192, 0.455173015594, 0.455173015594, 0.45517206192, 0.455172538757, 0.455172538757, 0.455172538757]
    onset_times: [0.0580498874187, 0.31346938014, 0.53405892849, 0.661768734455, 0.766258478165, 0.99845802784, 1.11455786228, 1.23065757751, 1.35836732388, 1.46285712719, 1.57895696163, 1.68344676495, 1.91564631462, 2.13623571396, 2.36843538284, 2.50775504112, 2.60063481331, 2.83283448219, 2.94893431664, 3.06503391266, 3.19274377823, 3.28562355042, 3.41333341599, 3.5178232193, 3.75002264977, 3.97061228752, 4.12154197693, 4.20281171799, 4.34213161469, 4.43501138687, 4.65560102463, 4.7833108902, 4.8994102478, 5.02712011337, 5.11999988556, 5.24770975113, 5.35219955444, 5.5727891922, 5.71210861206, 5.80498886108, 5.94430828094, 6.03718805313, 6.1648979187, 6.25777769089, 6.48997735977, 6.61768722534, 6.72217702866, 6.86149644852, 6.9543762207, 7.17496585846, 7.40716552734, 7.63936519623, 7.77868461609, 7.87156438828, 7.98766422272, 8.09215450287, 8.33596324921, 8.45206356049, 8.55655288696, 8.68426322937, 8.78875255585, 8.90485286713, 9.0093421936, 9.24154186249, 9.46213150024, 9.6014509201, 9.70594120026, 9.83365058899, 9.92653083801]
    rubato_start: []
    rubato_stop: []
    perceptual_tempo: "unknown"

sfx:
    inharmonicity:
        dmean: 0.0661749020219
        dmean2: 0.112623505294
        dvar: 0.00385989923961
        dvar2: 0.0108945313841
        max: 0.401017189026
        mean: 0.0715008080006
        min: 0.000128079162096
        var: 0.00507435156032
    oddtoevenharmonicenergyratio:
        dmean: 4.3844370842
        dmean2: 8.42499637604
        dvar: 777.467895508
        dvar2: 2341.71923828
        max: 406.801147461
        mean: 2.79298043251
        min: 0.00068779848516
        var: 394.992340088
    pitch_after_max_to_before_max_energy_ratio: 0.43015101552
    pitch_centroid: 211.26109314
    pitch_max_to_total: 0.695348858833
    pitch_min_to_total: 0.0209302324802
    tristimulus:
        dmean: [0.213275372982, 0.275203377008, 0.144157260656]
        dmean2: [0.371633052826, 0.483250051737, 0.251404941082]
        dvar: [0.0352101400495, 0.0457823909819, 0.0195021610707]
        dvar2: [0.0991054773331, 0.129052698612, 0.0563618429005]
        max: [0.945351719856, 0.994307100773, 0.667039275169]
        mean: [0.302333116531, 0.514200806618, 0.13903132081]
        min: [0.00146677321754, 0, 0]
        var: [0.0568003766239, 0.0667564123869, 0.0221988633275]

tonal:
    chords_changes_rate: 0.074074074626
    chords_number_rate: 0.0231481473893
    chords_strength:
        dmean: 0.00637792609632
        dmean2: 0.00849697273225
        dvar: 2.65790858975e-05
        dvar2: 4.02850964747e-05
        max: 0.630436122417
        mean: 0.530299663544
        min: 0.440063863993
        var: 0.00212735123932
    key_strength: 0.819228172302
    tuning_diatonic_strength: 0.693926274776
    tuning_equal_tempered_deviation: 0.400222837925
    tuning_frequency: 453.416503906
    tuning_nontempered_energy_ratio: 0.987944066525
    hpcp:
        dmean: [0.15185777843, 0.173013702035, 0.132420435548, 0.175881639123, 0.251742184162, 0.227602705359, 0.129008695483, 0.0656826347113, 0.074263677001, 0.120114944875, 0.237331598997, 0.246149584651, 0.239941447973, 0.20040383935, 0.128312647343, 0.102401912212, 0.0904899761081, 0.0754203870893, 0.0926093608141, 0.162326782942, 0.185156553984, 0.132358372211, 0.0950093492866, 0.127217873931, 0.186652705073, 0.256749421358, 0.262122750282, 0.154420644045, 0.0673508271575, 0.0497772209346, 0.0663311034441, 0.0933098345995, 0.0665192976594, 0.032515194267, 0.035900156945, 0.0722864493728]
        dmean2: [0.275199234486, 0.310044288635, 0.217466965318, 0.29992261529, 0.444386184216, 0.390651881695, 0.222361043096, 0.122220009565, 0.133077770472, 0.214279994369, 0.411169856787, 0.410835087299, 0.397204458714, 0.354230582714, 0.242515906692, 0.19511885941, 0.165158957243, 0.137324273586, 0.165076091886, 0.285044133663, 0.325662374496, 0.235912248492, 0.176478132606, 0.235998049378, 0.333545565605, 0.435961157084, 0.473263323307, 0.258616536856, 0.123303063214, 0.0866375267506, 0.117134310305, 0.156206578016, 0.1108584553, 0.0587090961635, 0.0635346397758, 0.125328466296]
        dvar: [0.0651331543922, 0.0588388703763, 0.0230698101223, 0.0261112879962, 0.0549878776073, 0.0557281710207, 0.0157807245851, 0.00684045208618, 0.00736203184351, 0.012864831835, 0.0422424077988, 0.041152574122, 0.0577153265476, 0.0618052147329, 0.0427244156599, 0.0428495630622, 0.0285877138376, 0.0272364486009, 0.0264193173498, 0.0465680621564, 0.0506491363049, 0.0315880775452, 0.032546620816, 0.0358449444175, 0.0464548096061, 0.045086145401, 0.0561824440956, 0.0190631430596, 0.0108050536364, 0.00273986230604, 0.00441968394443, 0.014459961094, 0.00853218417615, 0.00147325301077, 0.00210438808426, 0.014386035502]
        dvar2: [0.178753271699, 0.158105000854, 0.056324776262, 0.0715989246964, 0.134106576443, 0.137878254056, 0.0452986843884, 0.0190948639065, 0.0233285799623, 0.0347310677171, 0.102331221104, 0.103402324021, 0.119411751628, 0.142175644636, 0.120691269636, 0.124816864729, 0.0847509354353, 0.0787983760238, 0.074837192893, 0.124819487333, 0.125227123499, 0.0885782837868, 0.0939011275768, 0.0981384962797, 0.125458881259, 0.118835866451, 0.138830795884, 0.0498176254332, 0.0292334649712, 0.0070452853106, 0.0118378289044, 0.0369874946773, 0.021233452484, 0.00390790076926, 0.0057107959874, 0.0384150147438]
        max: [1, 1, 0.919106006622, 0.883175551891, 1, 1, 0.843696832657, 0.702300608158, 0.550859570503, 0.851599693298, 1, 1, 1, 1, 1, 1, 1, 1, 1, 1, 1, 1, 1, 1, 1, 1, 1, 0.799527168274, 0.906127750874, 0.317265868187, 0.449459940195, 1, 0.756153762341, 0.191051661968, 0.233974337578, 0.965377688408]
        mean: [0.123233638704, 0.150210499763, 0.136344701052, 0.221971347928, 0.499147564173, 0.48778000474, 0.190466240048, 0.0735279172659, 0.0851837098598, 0.172787874937, 0.37750440836, 0.454636067152, 0.353494465351, 0.220097005367, 0.106775805354, 0.0884940326214, 0.0861876904964, 0.0696071237326, 0.0940076261759, 0.195170655847, 0.233483880758, 0.144635781646, 0.0816205143929, 0.100081063807, 0.204811647534, 0.461798220873, 0.517228841782, 0.242655292153, 0.0725156962872, 0.0586124174297, 0.0845807865262, 0.12090998888, 0.087294280529, 0.0400065481663, 0.0392526127398, 0.0701523348689]
        min: [0.00291578471661, 0.00359600479715, 0.0040121646598, 0.0131269777194, 0.0274793170393, 0.0178264584392, 0.00689336936921, 0.0028983601369, 0.00498090032488, 0.0132453572005, 0.0332455672324, 0.0235873851925, 0.0171155873686, 0.00274751312099, 0.00210257875733, 0.00180275843013, 0.00116277264897, 0.000608012080193, 0.00252798222937, 0.00510786194354, 0.00732393283397, 0.00340937380679, 0.0025151616428, 0.00196127733216, 0.00623216433451, 0.0227959826589, 0.0252316892147, 0.00841731764376, 0.00304592121392, 0.00140034023207, 0.00339192454703, 0.0048557408154, 0.00526820402592, 0.0034363202285, 0.00170203729067, 0.00165970646776]
        var: [0.0469002686441, 0.0440100133419, 0.0237052682787, 0.0331327095628, 0.112372405827, 0.116604954004, 0.0276805665344, 0.00686584506184, 0.00638814596459, 0.0153381284326, 0.0740619301796, 0.0849775373936, 0.0929389372468, 0.0770538449287, 0.0289855264127, 0.0252312328666, 0.0194015130401, 0.0183722209185, 0.0199046004564, 0.048134278506, 0.0594165101647, 0.0273454282433, 0.0207585673779, 0.0250000245869, 0.0395853593946, 0.0844569280744, 0.103592403233, 0.0298533439636, 0.00802108179778, 0.00351029657759, 0.00595244439319, 0.0194635633379, 0.0102018881589, 0.00146237586159, 0.00207303883508, 0.0121143655851]
    chords_histogram: [76.851852417, 0, 6.01851844788, 0, 0, 7.40740728378, 0, 3.24074077606, 0, 6.48148155212, 0, 0, 0, 0, 0, 0, 0, 0, 0, 0, 0, 0, 0, 0]
    thpcp: [1, 0.469144940376, 0.140200406313, 0.113320089877, 0.163526818156, 0.233764976263, 0.168773040175, 0.0773478671908, 0.0758902207017, 0.135631129146, 0.238257482648, 0.290414005518, 0.263606131077, 0.429155021906, 0.965041995049, 0.943064212799, 0.368243664503, 0.142157420516, 0.164692491293, 0.334064662457, 0.729859530926, 0.878984391689, 0.683439195156, 0.425531178713, 0.206438228488, 0.171092614532, 0.166633576155, 0.134577035904, 0.181752488017, 0.377339094877, 0.4514131248, 0.279635965824, 0.157803490758, 0.193494752049, 0.395978778601, 0.89283156395]
    chords_key: "A#"
    chords_scale: "minor"
    key_key: "A#"
    key_scale: "minor"
    chords_progression: ["D#", "D#", "D#", "D#", "D#", "D#", "D#", "D#", "D#", "D#", "D#", "D#", "A#", "A#m", "A#", "A#", "A#m", "A#m", "A#", "A#", "A#", "A#m", "A#m", "A#m", "A#m", "A#m", "A#m", "A#m", "A#m", "A#m", "A#m", "A#m", "A#m", "A#m", "A#m", "A#m", "A#m", "A#m", "A#m", "A#m", "A#m", "A#m", "A#m", "A#m", "A#m", "A#m", "A#m", "A#m", "A#m", "A#m", "A#m", "A#m", "A#m", "A#m", "A#m", "A#m", "A#m", "A#m", "A#m", "A#m", "A#m", "A#m", "A#m", "A#m", "A#m", "A#m", "A#m", "A#m", "A#m", "A#m", "A#m", "A#m", "A#m", "A#m", "A#m", "A#m", "A#m", "A#m", "A#m", "A#m", "A#m", "A#m", "A#m", "A#m", "D#", "A#m", "A#m", "D#", "D#", "D#", "A#m", "A#m", "A#m", "A#m", "A#m", "A#m", "A#m", "A#m", "A#m", "A#m", "A#m", "A#m", "A#m", "A#m", "A#m", "A#m", "A#m", "A#m", "A#m", "A#m", "A#m", "A#m", "A#m", "A#m", "A#m", "A#m", "A#m", "A#m", "A#m", "A#m", "A#m", "A#m", "A#m", "A#m", "A#m", "A#m", "A#m", "A#m", "A#m", "A#m", "A#m", "A#m", "A#m", "A#m", "A#m", "A#m", "A#m", "A#m", "A#m", "A#m", "A#m", "A#m", "A#m", "A#m", "A#m", "A#m", "A#m", "A#m", "A#m", "A#m", "A#m", "A#m", "A#m", "A#m", "A#m", "A#m", "A#m", "A#m", "A#m", "A#m", "A#m", "A#m", "A#m", "A#m", "A#m", "A#m", "A#m", "A#m", "A#m", "A#m", "A#m", "A#", "A#m", "A#m", "A#m", "A#m", "A#m", "A#m", "A#m", "A#m", "A#m", "A#m", "A#m", "A#m", "A#m", "A#m", "A#m", "A#m", "A#m", "F", "F", "F", "F", "F", "F", "F", "F", "F", "F", "F", "F", "Fm", "Fm", "Fm", "Fm", "Fm", "Fm", "Fm", "F", "F", "Fm", "Fm", "Fm", "Fm", "Fm", "Fm"]
