
metadata:
    version:
        essentia: "1.2.2"
    audio_properties:
        analysis_sample_rate: 44100
        bitrate: 128
        channels: 2
        equal_loudness: 1
        length: 2.06367349625
        replay_gain: 19.3007259369
        downmix: "mix"
    tags:
        track: 74
        year: 0
        album: "Splitted by Mp3Splt v. 2.1"
        artist: "From 012.10 To 012.20"
        comment: "http://mp3splt.sf.net"
        genre: ""
        title: "03 Pakard.mp3"

highlevel:
    ballroom:
        all:
            ChaChaCha: 0.0272097084671
            Jive: 0.013418039307
            Quickstep: 0.0598108842969
            Rumba-American: 0.047466725111
            Rumba-International: 0.0256914477795
            Rumba-Misc: 0.0500236824155
            Samba: 0.0158271212131
            Tango: 0.0604194812477
            VienneseWaltz: 0.197764739394
            Waltz: 0.502368152142
        probability: 0.502368152142
        value: "Waltz"
    culture:
        all:
            non_western: 0.855751991272
            western: 0.144248023629
        probability: 0.855751991272
        value: "non_western"
    gender:
        all:
            female: 0.732694983482
            male: 0.267305016518
        probability: 0.732694983482
        value: "female"
    genre_dortmund:
        all:
            alternative: 0.133082419634
            blues: 0.00125942274462
            electronic: 0.769033074379
            folkcountry: 0.002640417777
            funksoulrnb: 0.00139865162782
            jazz: 0.0658536329865
            pop: 0.00799636542797
            raphiphop: 0.000421375676524
            rock: 0.0183146372437
        probability: 0.769033074379
        value: "electronic"
    genre_electronica:
        all:
            ambient: 0.997084975243
            dnb: 0.000871714961249
            house: 0.000321756786434
            techno: 0.000975190487225
            trance: 0.000746352539863
        probability: 0.997084975243
        value: "ambient"
    genre_rosamerica:
        all:
            cla: 0.788106501102
            dan: 0.00779129052535
            hip: 0.00736646307632
            jaz: 0.148938938975
            pop: 0.00493801664561
            rhy: 0.0151179311797
            roc: 0.0235131327063
            spe: 0.00422774953768
        probability: 0.788106501102
        value: "cla"
    genre_tzanetakis:
        all:
            blu: 0.0827831849456
            cla: 0.635929882526
            cou: 0.0192296467721
            dis: 0.0251096468419
            hip: 0.0235852599144
            jaz: 0.0742536485195
            met: 0.0227355770767
            pop: 0.0250288862735
            reg: 0.0608724579215
            roc: 0.030471784994
        probability: 0.635929882526
        value: "cla"
    live_studio:
        all:
            live: 0.414807021618
            studio: 0.585192978382
        probability: 0.585192978382
        value: "studio"
    mood:
        all:
            Cluster1: 0.210569709539
            Cluster2: 0.134376809001
            Cluster3: 0.466288775206
            Cluster4: 0.0847753956914
            Cluster5: 0.103989288211
        probability: 0.466288775206
        value: "Cluster3"
    mood_acoustic:
        all:
            acoustic: 0.241779044271
            not_acoustic: 0.758220970631
        probability: 0.758220970631
        value: "not_acoustic"
    mood_aggressive:
        all:
            aggressive: 0.00611400045455
            not_aggressive: 0.993885993958
        probability: 0.993885993958
        value: "not_aggressive"
    mood_electronic:
        all:
            electronic: 0.816875815392
            not_electronic: 0.18312419951
        probability: 0.816875815392
        value: "electronic"
    mood_happy:
        all:
            happy: 0.0517384596169
            not_happy: 0.94826155901
        probability: 0.94826155901
        value: "not_happy"
    mood_party:
        all:
            not_party: 0.966455936432
            party: 0.0335440896451
        probability: 0.966455936432
        value: "not_party"
    mood_relaxed:
        all:
            not_relaxed: 0.340498447418
            relaxed: 0.659501552582
        probability: 0.659501552582
        value: "relaxed"
    mood_sad:
        all:
            not_sad: 0.2038051337
            sad: 0.796194851398
        probability: 0.796194851398
        value: "sad"
    rhythm:
        all:
            fast: 0.0403663218021
            medium: 0.889393866062
            slow: 0.0702398344874
        probability: 0.889393866062
        value: "medium"
    speech_music:
        all:
            music: 0.992024064064
            speech: 0.0079759657383
        probability: 0.992024064064
        value: "music"
    timbre:
        all:
            bright: 0.273529976606
            dark: 0.726470053196
        probability: 0.726470053196
        value: "dark"
    voice_instrumental:
        all:
            instrumental: 0.99553412199
            voice: 0.00446589011699
        probability: 0.99553412199
        value: "instrumental"

lowlevel:
    average_loudness: 0.80618339777
    barkbands_kurtosis:
        dmean: 9.30831241608
        dmean2: 17.0649681091
        dvar: 180.513916016
        dvar2: 411.907012939
        max: 87.9277420044
        mean: 12.0348472595
        min: -1.04820752144
        var: 268.351470947
    barkbands_skewness:
        dmean: 1.07240521908
        dmean2: 1.74361920357
        dvar: 0.80090212822
        dvar2: 1.61638951302
        max: 3.07120871544
        mean: -1.30598270893
        min: -6.37662935257
        var: 4.06210899353
    barkbands_spread:
        dmean: 1.32093381882
        dmean2: 2.15779590607
        dvar: 2.34844279289
        dvar2: 4.68474197388
        max: 10.7965764999
        mean: 3.95404458046
        min: 0.336938112974
        var: 8.31658554077
    dissonance:
        dmean: 0.0416408441961
        dmean2: 0.0725449174643
        dvar: 0.00110585917719
        dvar2: 0.00328916311264
        max: 0.499682128429
        mean: 0.458838164806
        min: 0.334630668163
        var: 0.00164790148847
    hfc:
        dmean: 1.43020260334
        dmean2: 2.40172171593
        dvar: 7.51127195358
        dvar2: 23.5043754578
        max: 21.8798828125
        mean: 2.3378264904
        min: 1.38529057949e-05
        var: 15.7142076492
    pitch:
        dmean: 267.916595459
        dmean2: 504.313049316
        dvar: 174034.109375
        dvar2: 459728.46875
        max: 1696.15380859
        mean: 1025.73852539
        min: 209.004745483
        var: 348273.09375
    pitch_instantaneous_confidence:
        dmean: 0.110396787524
        dmean2: 0.173932284117
        dvar: 0.00729486066848
        dvar2: 0.0151462052017
        max: 0.952977180481
        mean: 0.713629066944
        min: 0.30981773138
        var: 0.0215622112155
    pitch_salience:
        dmean: 0.130855336785
        dmean2: 0.231231972575
        dvar: 0.0115399621427
        dvar2: 0.0309414379299
        max: 0.922037601471
        mean: 0.542373776436
        min: 0.214690729976
        var: 0.0153137566522
    silence_rate_20dB:
        dmean: 0
        dmean2: 0
        dvar: 0
        dvar2: 0
        max: 1
        mean: 1
        min: 1
        var: 0
    silence_rate_30dB:
        dmean: 0
        dmean2: 0
        dvar: 0
        dvar2: 0
        max: 1
        mean: 1
        min: 1
        var: 0
    silence_rate_60dB:
        dmean: 0.0674157291651
        dmean2: 0.136363640428
        dvar: 0.0628707483411
        dvar2: 0.140495657921
        max: 1
        mean: 0.811111092567
        min: 0
        var: 0.153209745884
    spectral_centroid:
        dmean: 118.026519775
        dmean2: 176.391906738
        dvar: 13552.9228516
        dvar2: 20067.2382812
        max: 2145.89892578
        mean: 1346.57299805
        min: 750.631225586
        var: 74911.9453125
    spectral_complexity:
        dmean: 0.931818187237
        dmean2: 1.66666662693
        dvar: 1.49535107613
        dvar2: 4.22222328186
        max: 8
        mean: 2.15730333328
        min: 0
        var: 5.61570882797
    spectral_crest:
        dmean: 4.09905481339
        dmean2: 6.68135595322
        dvar: 8.74677658081
        dvar2: 17.8687820435
        max: 25.5630187988
        mean: 17.1930828094
        min: 7.30544805527
        var: 24.0518760681
    spectral_decrease:
        dmean: 1.9872037349e-10
        dmean2: 3.31163707568e-10
        dvar: 1.38976256152e-19
        dvar2: 4.36775041473e-19
        max: -1.37750670635e-15
        mean: -3.40190486892e-10
        min: -3.02457392465e-09
        var: 3.11686643743e-19
    spectral_energy:
        dmean: 0.000879614090081
        dmean2: 0.00146741268691
        dvar: 2.74067429018e-06
        dvar2: 8.6086902229e-06
        max: 0.0133999912068
        mean: 0.00149600254372
        min: 6.45552500345e-09
        var: 6.08358413956e-06
    spectral_energyband_high:
        dmean: 1.3840846691e-07
        dmean2: 2.28654812418e-07
        dvar: 8.15348968355e-14
        dvar2: 1.73215188395e-13
        max: 2.76282298728e-06
        mean: 5.21786091667e-07
        min: 8.0480977438e-10
        var: 1.64410599393e-13
    spectral_energyband_low:
        dmean: 7.13272072517e-08
        dmean2: 1.25005030327e-07
        dvar: 2.78963715497e-15
        dvar2: 6.78949846784e-15
        max: 3.9190004486e-07
        mean: 1.68838326431e-07
        min: 3.57880045043e-12
        var: 5.62118126501e-15
    spectral_energyband_middle_high:
        dmean: 0.000875041121617
        dmean2: 0.00146131508518
        dvar: 2.75461115962e-06
        dvar2: 8.65681522555e-06
        max: 0.0133547093719
        mean: 0.00145354296546
        min: 5.55650903067e-09
        var: 6.06152298133e-06
    spectral_energyband_middle_low:
        dmean: 2.04806638067e-05
        dmean2: 3.39960315614e-05
        dvar: 2.6791044383e-10
        dvar2: 7.22854387458e-10
        max: 0.00010512299923
        mean: 4.17723895225e-05
        min: 8.77838635116e-11
        var: 4.09943745616e-10
    spectral_flatness_db:
        dmean: 0.0353847071528
        dmean2: 0.054944280535
        dvar: 0.00105514645111
        dvar2: 0.0020932876505
        max: 0.43189150095
        mean: 0.286730289459
        min: 0.127135649323
        var: 0.00551286013797
    spectral_flux:
        dmean: 0.00643711490557
        dmean2: 0.0105335162953
        dvar: 7.87735334598e-05
        dvar2: 0.000215933134314
        max: 0.0810519233346
        mean: 0.0198819171637
        min: 8.03462826298e-05
        var: 0.000300099753076
    spectral_kurtosis:
        dmean: 6.94968128204
        dmean2: 10.7417879105
        dvar: 67.7724456787
        dvar2: 179.770553589
        max: 86.3415298462
        mean: 26.5758781433
        min: 4.06434202194
        var: 411.241210938
    spectral_rms:
        dmean: 0.000264294387307
        dmean2: 0.000398484320613
        dvar: 1.19809030252e-07
        dvar2: 3.31728728042e-07
        max: 0.00361568294466
        mean: 0.000900820654351
        min: 2.50959624282e-06
        var: 6.48038451345e-07
    spectral_rolloff:
        dmean: 105.953147888
        dmean2: 162.860321045
        dvar: 82347.34375
        dvar2: 125126.117188
        max: 3875.9765625
        mean: 1646.20117188
        min: 732.12890625
        var: 85150.3671875
    spectral_skewness:
        dmean: 0.481740385294
        dmean2: 0.759043395519
        dvar: 0.24048243463
        dvar2: 0.614111721516
        max: 6.9451789856
        mean: 3.94292759895
        min: 2.02556347847
        var: 1.7141109705
    spectral_spread:
        dmean: 702230.375
        dmean2: 1030480
        dvar: 4.39557449318e+12
        dvar2: 4.508418048e+12
        max: 18183570
        mean: 3027502
        min: 886826
        var: 5.94964486554e+12
    spectral_strongpeak:
        dmean: 0.471943765879
        dmean2: 0.75678807497
        dvar: 0.290905117989
        dvar2: 0.709163963795
        max: 4.34404182434
        mean: 0.724964082241
        min: 0.000151562417159
        var: 0.748466074467
    zerocrossingrate:
        dmean: 0.00431130127981
        dmean2: 0.00509047228843
        dvar: 3.45610642398e-05
        dvar2: 7.19895178918e-05
        max: 0.1015625
        mean: 0.064815223217
        min: 0.0234375
        var: 0.000132633198518
    barkbands:
        dmean: [1.00266517311e-09, 5.51297176798e-08, 3.61965284412e-08, 1.43878253311e-07, 4.82233417642e-07, 7.01274302628e-07, 9.27215069169e-07, 3.30383136316e-06, 1.95410266315e-05, 3.42752082361e-06, 1.19790774988e-06, 4.91056671308e-05, 9.02143583517e-05, 0.000828526506666, 1.99575024453e-05, 9.80490881375e-07, 1.10671498987e-06, 1.41004386478e-06, 7.36606125429e-07, 3.21927217328e-07, 4.78517101499e-08, 1.74367702499e-08, 4.10709999343e-09, 2.85681722723e-09, 2.92533797186e-09, 4.19110079974e-10, 1.52296522615e-10]
        dmean2: [1.73338943199e-09, 9.55069481279e-08, 6.50236984256e-08, 2.58489023963e-07, 7.65419201798e-07, 1.18813522931e-06, 1.68825715718e-06, 5.88520879319e-06, 3.29903050442e-05, 6.12497251495e-06, 1.92828019863e-06, 8.2498510892e-05, 0.000138535833685, 0.00142576941289, 3.63507861039e-05, 1.30948319566e-06, 1.59491060003e-06, 1.99431633519e-06, 9.59013732427e-07, 5.23307846834e-07, 8.09434581583e-08, 2.97005637862e-08, 7.01855507046e-09, 4.91937646174e-09, 5.00284658145e-09, 7.07442215919e-10, 2.50329951212e-10]
        dvar: [6.43313458429e-19, 2.0119249606e-15, 1.04591501272e-15, 2.32803346371e-14, 1.5168062932e-13, 6.42897898546e-13, 2.69092929363e-12, 1.49714563663e-11, 2.78290668287e-10, 3.058883008e-11, 1.71030930304e-12, 8.4740099382e-09, 2.8628390325e-08, 2.5646161248e-06, 1.11223996679e-09, 4.84091022476e-12, 6.51232713589e-12, 1.41223499908e-11, 2.86037383015e-12, 7.35968360907e-13, 1.64441525836e-15, 1.52748415994e-16, 9.48502283098e-18, 4.57347002628e-18, 4.18354866605e-18, 2.05414343127e-19, 2.3483675685e-19]
        dvar2: [2.04016012396e-18, 5.56454906567e-15, 3.05149887292e-15, 7.02063326094e-14, 3.70854768336e-13, 1.59928244692e-12, 8.87968865104e-12, 4.87577686559e-11, 7.35999872159e-10, 8.43502212522e-11, 3.67496441264e-12, 2.30317329653e-08, 6.35584243014e-08, 8.05342642707e-06, 3.29355964723e-09, 6.4977710712e-12, 1.44467007801e-11, 3.3009258521e-11, 3.30002496683e-12, 1.68792378078e-12, 3.23636317839e-15, 3.81562164126e-16, 1.96421332184e-17, 1.12019404171e-17, 1.120857606e-17, 3.59896384204e-19, 3.69697052746e-19]
        max: [4.85835416342e-09, 3.16830323754e-07, 1.79777813969e-07, 1.17465651783e-06, 3.3603250813e-06, 6.48214154353e-06, 9.56326766755e-06, 2.74840240309e-05, 0.000100322955404, 5.88584807701e-05, 1.38170344144e-05, 0.000591482152231, 0.0014747150708, 0.0119381453842, 0.000198632478714, 2.61368404608e-05, 2.84402703983e-05, 4.06939034292e-05, 2.08407946047e-05, 8.83050324774e-06, 4.31114699495e-07, 1.11619101517e-07, 3.06813952022e-08, 2.44845033137e-08, 1.80222077262e-08, 4.18331635998e-09, 4.05822442318e-09]
        mean: [1.38392231008e-09, 1.29448110897e-07, 3.80558624613e-08, 3.08465217813e-07, 1.03825368569e-06, 1.64330458574e-06, 1.28620308715e-06, 4.77391085951e-06, 3.19235186907e-05, 7.73005467636e-06, 2.59829243987e-06, 7.82109491411e-05, 0.000169214137713, 0.00116128358059, 2.53112648352e-05, 2.3421359856e-06, 2.08608707908e-06, 2.98125087284e-06, 2.06418940252e-06, 7.52231017032e-07, 1.79995936378e-07, 6.40224158133e-08, 1.83491479788e-08, 1.35568170023e-08, 1.24693793069e-08, 7.355804299e-10, 1.2555885498e-10]
        min: [1.0896191718e-12, 1.94424272688e-12, 1.01336701617e-12, 3.16719285347e-12, 8.56968489227e-12, 9.30592148479e-12, 1.16426052826e-11, 1.33467074198e-11, 3.65790453483e-11, 4.58312485185e-11, 1.25356613978e-10, 4.43925923799e-10, 2.42127584649e-09, 1.45101297644e-09, 2.42643211079e-10, 9.02752525511e-11, 1.17800061372e-10, 1.09638367829e-10, 2.39082947884e-10, 4.40058406381e-10, 4.59063870251e-10, 7.97729868274e-11, 3.22853618839e-11, 2.64878275563e-11, 2.66292318057e-11, 9.49157679536e-12, 6.79697509214e-13]
        var: [7.91030906929e-19, 3.74573046462e-15, 1.07801142043e-15, 9.46389234341e-14, 3.6245279781e-13, 1.33491037235e-12, 3.69453209345e-12, 2.02218554402e-11, 3.71559200074e-10, 1.42914263757e-10, 7.52908065754e-12, 1.71382694703e-08, 9.15361937359e-08, 4.36850814367e-06, 1.85118342877e-09, 2.40482321556e-11, 1.93198824994e-11, 4.39761629889e-11, 1.41262609249e-11, 1.67675498052e-12, 4.5692070021e-15, 3.20259504527e-16, 2.26983885651e-17, 1.24259832624e-17, 8.6338093129e-18, 2.58513948854e-19, 2.1893948285e-19]
    mfcc:
        mean: [-951.172119141, 141.442565918, -83.804107666, -28.8248023987, -24.7331771851, 8.24339008331, 8.71621704102, -23.1989517212, -14.0130338669, 12.2632865906, 21.2006378174, -8.13082885742, -23.2104988098]
        cov: [[4560.28076172, 937.710754395, -1494.32897949, -334.264953613, 492.953643799, 84.8527603149, 43.4612159729, -186.893661499, -365.786987305, 92.7970809937, 215.078384399, 29.6238708496, 9.41886806488], [937.710754395, 227.521194458, -217.589309692, -74.0882644653, 77.2053756714, 23.5766677856, 1.91824924946, -32.5771636963, -56.528793335, 22.4385299683, 42.7612266541, -5.51288843155, -19.8075828552], [-1494.32897949, -217.589309692, 1267.69616699, 198.204345703, -446.839355469, -124.961303711, -78.311050415, 167.562988281, 329.310821533, -7.38156890869, -113.211036682, -89.6433639526, -104.681297302], [-334.264953613, -74.0882644653, 198.204345703, 83.8645935059, -68.5028991699, -50.7354011536, -12.8517847061, 38.1909065247, 46.8135375977, -13.007604599, -31.3843631744, -6.35446643829, 7.95549583435], [492.953643799, 77.2053756714, -446.839355469, -68.5028991699, 211.985214233, 91.8296737671, 34.8782920837, -82.9111785889, -130.471969604, 4.83158540726, 42.150806427, 14.3802585602, 10.5820140839], [84.8527603149, 23.5766677856, -124.961303711, -50.7354011536, 91.8296737671, 103.444015503, 25.036365509, -55.2268333435, -47.5784454346, 12.5080595016, 23.8852977753, -12.864859581, -35.7590026855], [43.4612159729, 1.91824924946, -78.311050415, -12.8517847061, 34.8782920837, 25.036365509, 38.9969940186, -2.29672622681, -32.2983016968, -8.54646396637, 2.18428254128, 6.26839494705, 1.32572519779], [-186.893661499, -32.5771636963, 167.562988281, 38.1909065247, -82.9111785889, -55.2268333435, -2.29672622681, 66.6340789795, 51.9842300415, -19.7674789429, -27.1135883331, 5.62324714661, 7.38976430893], [-365.786987305, -56.528793335, 329.310821533, 46.8135375977, -130.471969604, -47.5784454346, -32.2983016968, 51.9842300415, 112.354728699, 5.75675010681, -30.8590106964, -21.3003349304, -25.1383190155], [92.7970809937, 22.4385299683, -7.38156890869, -13.007604599, 4.83158540726, 12.5080595016, -8.54646396637, -19.7674789429, 5.75675010681, 34.7981376648, 15.5933065414, -15.9998407364, -18.6490516663], [215.078384399, 42.7612266541, -113.211036682, -31.3843631744, 42.150806427, 23.8852977753, 2.18428254128, -27.1135883331, -30.8590106964, 15.5933065414, 36.520740509, 4.81204032898, -6.90544700623], [29.6238708496, -5.51288843155, -89.6433639526, -6.35446643829, 14.3802585602, -12.864859581, 6.26839494705, 5.62324714661, -21.3003349304, -15.9998407364, 4.81204032898, 39.5226287842, 34.7467689514], [9.41886806488, -19.8075828552, -104.681297302, 7.95549583435, 10.5820140839, -35.7590026855, 1.32572519779, 7.38976430893, -25.1383190155, -18.6490516663, -6.90544700623, 34.7467689514, 66.3486328125]]
        icov: [[0.00393179943785, -0.0145107377321, 0.00407800031826, -0.00377578823827, 0.00137333292514, 0.00241313339211, -0.00294233812019, 0.00142355484422, -0.0040217502974, 0.000312431104248, -0.00257699284703, 0.00254598795436, -5.90989911871e-05], [-0.0145107377321, 0.0626763030887, -0.0161100681871, 0.0229404252023, -0.00907085184008, -0.00137504131999, 0.0140778496861, -0.0095630325377, 0.0212185196579, -0.00346480612643, 0.00658630626276, -0.00674919690937, 0.00537788541988], [0.00407800031826, -0.0161100681871, 0.0168568212539, -0.0184907987714, 0.0210641287267, -0.0109921675175, 0.000169534963788, 0.000983330304734, -0.014890932478, 0.0079756649211, -0.00118657038547, 0.00863853376359, 0.00598015729338], [-0.00377578823827, 0.0229404252023, -0.0184907987714, 0.0501389466226, -0.0264493264258, 0.0275644809008, 0.000740315706935, -0.00287116551772, 0.016735997051, -0.00553908478469, 0.00770630640909, -0.00116690737195, -0.00222436827607], [0.00137333292514, -0.00907085184008, 0.0210641287267, -0.0264493264258, 0.0557595156133, -0.0323847830296, 0.00748501205817, 0.00440364144742, 0.00411703484133, 0.00992512051016, 0.00426022382453, 0.00808542128652, 0.0070737907663], [0.00241313339211, -0.00137504131999, -0.0109921675175, 0.0275644809008, -0.0323847830296, 0.0644739940763, -0.0263163894415, 0.0293099693954, -0.00115438387729, 0.00269426754676, -0.00232760421932, -0.005395649001, 0.018677437678], [-0.00294233812019, 0.0140778496861, 0.000169534963788, 0.000740315706935, 0.00748501205817, -0.0263163894415, 0.0627142265439, -0.0360245741904, 0.0336445569992, -0.00721772061661, 0.0130675556138, -0.00289796572179, 0.00577754713595], [0.00142355484422, -0.0095630325377, 0.000983330304734, -0.00287116551772, 0.00440364144742, 0.0293099693954, -0.0360245741904, 0.0744855031371, -0.0299412049353, 0.0273909196258, 0.00253887008876, -0.0102883130312, 0.00836391095072], [-0.0040217502974, 0.0212185196579, -0.014890932478, 0.016735997051, 0.00411703484133, -0.00115438387729, 0.0336445569992, -0.0299412049353, 0.0795729607344, -0.0308727286756, 0.0232310760766, -0.0118087343872, 0.0128616224974], [0.000312431104248, -0.00346480612643, 0.0079756649211, -0.00553908478469, 0.00992512051016, 0.00269426754676, -0.00721772061661, 0.0273909196258, -0.0308727286756, 0.0730101242661, -0.0310537330806, 0.0273349713534, 0.000408584455727], [-0.00257699284703, 0.00658630626276, -0.00118657038547, 0.00770630640909, 0.00426022382453, -0.00232760421932, 0.0130675556138, 0.00253887008876, 0.0232310760766, -0.0310537330806, 0.0767272412777, -0.0319420918822, 0.0218452066183], [0.00254598795436, -0.00674919690937, 0.00863853376359, -0.00116690737195, 0.00808542128652, -0.005395649001, -0.00289796572179, -0.0102883130312, -0.0118087343872, 0.0273349713534, -0.0319420918822, 0.0748565271497, -0.0309184901416], [-5.90989911871e-05, 0.00537788541988, 0.00598015729338, -0.00222436827607, 0.0070737907663, 0.018677437678, 0.00577754713595, 0.00836391095072, 0.0128616224974, 0.000408584455727, 0.0218452066183, -0.0309184901416, 0.0577322915196]]
    spectral_contrast:
        mean: [5.31167785311e-08, 2.02086539502e-07, 6.32645367205e-08, 7.13874470648e-08, -1.19418572808e-07, -1.3419416689e-07, -5.85414738907e-07, -8.41329608647e-07, -1.98905382831e-07, 1.9863750822e-06, -1.75599302565e-06, 3.83210999644e-06]
        var: [6.03817243245e-05, 0.000176951522008, 0.000593931938056, 0.00084451911971, 0.00158491078764, 0.00280171004124, 0.0179424118251, 0.0225596316159, 0.0678248107433, 0.116150557995, 0.387291908264, 2.31628847122]

rhythm:
    beats_loudness:
        dmean: 0.00127377500758
        dmean2: 0.000678320007864
        dvar: 1.17302397484e-06
        dvar2: 1.46831837355e-07
        max: 0.00642166798934
        mean: 0.00199020165019
        min: 5.27926385985e-05
        var: 5.48526213606e-06
    beats_loudness_bass:
        dmean: 0.000628875393886
        dmean2: 0.000501854345202
        dvar: 4.21894128522e-07
        dvar2: 1.20935538916e-07
        max: 0.00318505452015
        mean: 0.000928046356421
        min: 4.06776052841e-05
        var: 1.26501458908e-06
    bpm: 180.201934814
    bpm_confidence: 0
    first_peak_bpm: 183
    first_peak_spread: 0
    first_peak_weight: 1
    onset_rate: 3.87658214569
    second_peak_bpm: 0
    second_peak_spread: 0
    second_peak_weight: 0
    beats_position: [0.232947200537, 0.561259269714, 0.889571428299, 1.21788346767, 1.54619562626, 1.87450766563]
    bpm_estimates: [178.382644653, 182.021240234]
    bpm_intervals: [0.328312069178, 0.328312158585, 0.328312039375, 0.328312158585, 0.328312039375]
    onset_times: [0.0464399084449, 0.197369620204, 0.557278931141, 0.731428563595, 0.882358253002, 1.03328800201, 1.20743763447, 1.369977355]
    rubato_start: []
    rubato_stop: []
    perceptual_tempo: "unknown"

sfx:
    inharmonicity:
        dmean: 0.0473566055298
        dmean2: 0.0808234885335
        dvar: 0.00418428657576
        dvar2: 0.0115207582712
        max: 0.443424373865
        mean: 0.0431817993522
        min: 2.25926191888e-06
        var: 0.0034742357675
    oddtoevenharmonicenergyratio:
        dmean: 258.663299561
        dmean2: 487.116027832
        dvar: 340831.5625
        dvar2: 940738.9375
        max: 2768.86132812
        mean: 152.167404175
        min: 1.31747310661e-05
        var: 220628.265625
    pitch_after_max_to_before_max_energy_ratio: 2.31980633736
    pitch_centroid: 33.1677627563
    pitch_max_to_total: 0.168539330363
    pitch_min_to_total: 0.370786517859
    tristimulus:
        dmean: [0.324193567038, 0.417074799538, 0.0446517951787]
        dmean2: [0.571922421455, 0.752330541611, 0.0750253796577]
        dvar: [0.102991983294, 0.123360224068, 0.00245080981404]
        dvar2: [0.223597273231, 0.299044877291, 0.00633438350633]
        max: [0.988796889782, 0.978247404099, 0.220434591174]
        mean: [0.326709777117, 0.548591673374, 0.0442406386137]
        min: [0.00474286265671, 0, 0]
        var: [0.110424138606, 0.148226320744, 0.00304959807545]

tonal:
    chords_changes_rate: 0.0217391308397
    chords_number_rate: 0.0434782616794
    chords_strength:
        dmean: 0.00612184219062
        dmean2: 0.00576533377171
        dvar: 2.7248133847e-05
        dvar2: 3.51537346432e-05
        max: 0.516425728798
        mean: 0.395687520504
        min: 0.292997300625
        var: 0.00612415652722
    key_strength: 0.547795951366
    tuning_diatonic_strength: 0.357860475779
    tuning_equal_tempered_deviation: 0.222576588392
    tuning_frequency: 442.03793335
    tuning_nontempered_energy_ratio: 0.902124047279
    hpcp:
        dmean: [0.0221610162407, 0.0177773013711, 0.0124692562968, 0.0101912887767, 0.0138335973024, 0.021305706352, 0.010952655226, 0.00427531683818, 0.00554445153102, 0.00837946683168, 0.0169077701867, 0.0217571742833, 0.008863854222, 0.00966020580381, 0.0291460454464, 0.0732200890779, 0.127054765821, 0.141071781516, 0.187871724367, 0.27255821228, 0.231355115771, 0.196906656027, 0.253355562687, 0.0905031189322, 0.107926949859, 0.0977586731315, 0.0915615409613, 0.078176908195, 0.0583170428872, 0.119924299419, 0.215636089444, 0.251325488091, 0.260742396116, 0.172298789024, 0.224927768111, 0.0853938385844]
        dmean2: [0.0346322916448, 0.0266760643572, 0.0211839005351, 0.0181630477309, 0.0234181005508, 0.0351371392608, 0.0178836472332, 0.00666809501126, 0.00925213377923, 0.013477939181, 0.0279523860663, 0.0371591486037, 0.0160955432802, 0.0152486404404, 0.0485851317644, 0.129834204912, 0.228322833776, 0.240373000503, 0.301450699568, 0.41974145174, 0.387819647789, 0.379825562239, 0.435618013144, 0.153874769807, 0.186320111156, 0.177430301905, 0.146986618638, 0.128548905253, 0.0938053429127, 0.20195518434, 0.343778610229, 0.394555002451, 0.45235440135, 0.283412486315, 0.379398852587, 0.13656257093]
        dvar: [0.000738327624276, 0.000450400606496, 0.000297499529552, 0.000122758880025, 0.000486114702653, 0.000990332104266, 0.000230799734709, 2.16420885408e-05, 3.0808889278e-05, 9.07490466489e-05, 0.000622250372544, 0.0009947179351, 0.00021190555708, 5.17827465956e-05, 0.000880225270521, 0.00780501915142, 0.0202504657209, 0.014712206088, 0.0339233763516, 0.0609610751271, 0.0472078584135, 0.0666451379657, 0.0620692037046, 0.00717527652159, 0.0221269465983, 0.0166177544743, 0.0102509856224, 0.00556894019246, 0.00219145207666, 0.00903588347137, 0.0313062667847, 0.0408151261508, 0.0412355661392, 0.0491089187562, 0.0305806901306, 0.00349351996556]
        dvar2: [0.00141302635893, 0.000840525550302, 0.000756886787713, 0.000348244589986, 0.0012219150085, 0.00247260928154, 0.000449901883258, 3.93364935007e-05, 7.58110836614e-05, 0.00025004131021, 0.00139544589911, 0.00260698981583, 0.00072348251706, 0.00015373781207, 0.00254256953485, 0.0203057918698, 0.0501890145242, 0.0327075645328, 0.0657736957073, 0.137725174427, 0.128665283322, 0.182713806629, 0.191511869431, 0.019085323438, 0.0580514632165, 0.0478077270091, 0.0245850905776, 0.0141431130469, 0.00604885118082, 0.0273192804307, 0.085914388299, 0.0920673534274, 0.0881411358714, 0.107745461166, 0.0900351554155, 0.00771178351715]
        max: [0.192818641663, 0.121690504253, 0.0914995148778, 0.0686875283718, 0.124189838767, 0.142746180296, 0.0685429275036, 0.0377209000289, 0.036778729409, 0.0498564578593, 0.150237977505, 0.207641929388, 0.0848835855722, 0.0334974303842, 0.166152715683, 0.44776558876, 0.49627122283, 0.451733201742, 0.707033336163, 1, 0.963802993298, 1, 1, 0.487337172031, 0.726755201817, 0.674757599831, 0.757556915283, 0.562819242477, 0.224942013621, 0.477031290531, 0.830874323845, 1, 1, 1, 0.894115030766, 0.235527411103]
        mean: [0.0285238102078, 0.0211644824594, 0.0154448319227, 0.0121136363596, 0.0192976016551, 0.0246531423181, 0.0141540709883, 0.00833118613809, 0.00789587758482, 0.0121631529182, 0.0298394691199, 0.030041096732, 0.0117722759023, 0.0119799319655, 0.0271183103323, 0.0688574761152, 0.12027862668, 0.14668494463, 0.195801377296, 0.232681423426, 0.249407440424, 0.41226130724, 0.359511911869, 0.124016918242, 0.0876521617174, 0.0913558974862, 0.103566691279, 0.0877590700984, 0.0639644339681, 0.125467270613, 0.241774663329, 0.362619191408, 0.60779440403, 0.768292546272, 0.461171716452, 0.104527108371]
        min: [0, 0, 0, 0, 0, 0, 0, 0, 0, 0, 0, 0, 0, 0, 0, 0, 0, 0, 0, 0, 0, 0, 0, 0, 0, 0, 0, 0, 0, 0, 0, 0, 0, 0, 0, 0]
        var: [0.00126712094061, 0.000809037010185, 0.000405128230341, 0.000231441998039, 0.00082756212214, 0.00136745686177, 0.000355479336577, 9.56982257776e-05, 6.3641811721e-05, 0.000171313833562, 0.00142865185626, 0.00192176352721, 0.000284140493022, 9.60444449447e-05, 0.000901464838535, 0.00663412408903, 0.0162391252816, 0.0176820009947, 0.0372186303139, 0.0651073232293, 0.0520265102386, 0.160587280989, 0.115951746702, 0.0155663844198, 0.0210905838758, 0.0140572749078, 0.0151881240308, 0.00952583737671, 0.00263704755343, 0.0106013827026, 0.0422813333571, 0.0654001310468, 0.0789256095886, 0.10499959439, 0.0559213683009, 0.00498404353857]
    chords_histogram: [0, 0, 0, 0, 0, 0, 0, 0, 0, 0, 82.6086959839, 0, 0, 0, 0, 0, 0, 0, 0, 0, 0, 0, 0, 17.3913040161]
    thpcp: [1, 0.60025537014, 0.136051177979, 0.0371262356639, 0.0275474265218, 0.0201028008014, 0.0157669577748, 0.0251175183803, 0.0320882238448, 0.018422761932, 0.0108437677845, 0.0102771762758, 0.0158314090222, 0.0388386808336, 0.0391011163592, 0.0153226479888, 0.0155929299071, 0.0352968536317, 0.0896240323782, 0.156553164124, 0.190923288465, 0.254852622747, 0.30285525322, 0.324625611305, 0.536594152451, 0.467936217785, 0.161418870091, 0.114086963236, 0.118907697499, 0.134801119566, 0.11422611028, 0.0832553133368, 0.163306638598, 0.314690887928, 0.471980631351, 0.791097640991]
    chords_key: "G"
    chords_scale: "minor"
    key_key: "G#"
    key_scale: "minor"
    chords_progression: ["Gm", "Gm", "Gm", "Gm", "Gm", "Gm", "Gm", "Gm", "Gm", "Gm", "Gm", "Gm", "Gm", "Gm", "Gm", "Gm", "Gm", "Gm", "Gm", "Gm", "Gm", "Gm", "Gm", "Gm", "Gm", "Gm", "Gm", "Gm", "Gm", "Gm", "Gm", "Gm", "Gm", "Gm", "Gm", "Gm", "Gm", "Gm", "E", "E", "E", "E", "E", "E", "E", "E"]
