
metadata:
    version:
        essentia: "1.2.2"
    audio_properties:
        analysis_sample_rate: 44100
        bitrate: 128
        channels: 2
        equal_loudness: 1
        length: 9.97877597809
        replay_gain: -13.6180305481
        downmix: "mix"
    tags:
        track: 9
        year: 0
        album: "Splitted by Mp3Splt v. 2.1"
        artist: "From 001.20 To 001.30"
        comment: "http://mp3splt.sf.net"
        genre: ""
        title: "07 Will You Still Love Me.mp3"

highlevel:
    ballroom:
        all:
            ChaChaCha: 0.0666061490774
            Jive: 0.12112864852
            Quickstep: 0.113573424518
            Rumba-American: 0.0093996655196
            Rumba-International: 0.268170833588
            Rumba-Misc: 0.0589320324361
            Samba: 0.0593778975308
            Tango: 0.0653647333384
            VienneseWaltz: 0.157651886344
            Waltz: 0.0797947198153
        probability: 0.268170833588
        value: "Rumba-International"
    culture:
        all:
            non_western: 0.178662359715
            western: 0.821337640285
        probability: 0.821337640285
        value: "western"
    gender:
        all:
            female: 0.385572522879
            male: 0.614427447319
        probability: 0.614427447319
        value: "male"
    genre_dortmund:
        all:
            alternative: 0.0703104585409
            blues: 0.0892178043723
            electronic: 0.0255251806229
            folkcountry: 0.258084565401
            funksoulrnb: 0.00923390220851
            jazz: 0.183587878942
            pop: 0.0947122946382
            raphiphop: 0.00403616204858
            rock: 0.265291750431
        probability: 0.265291750431
        value: "rock"
    genre_electronica:
        all:
            ambient: 0.530659377575
            dnb: 0.18123652041
            house: 0.092709004879
            techno: 0.0168693698943
            trance: 0.178525701165
        probability: 0.530659377575
        value: "ambient"
    genre_rosamerica:
        all:
            cla: 0.0311586391181
            dan: 0.0382920354605
            hip: 0.00852607190609
            jaz: 0.0539044067264
            pop: 0.234273865819
            rhy: 0.0285173952579
            roc: 0.601459026337
            spe: 0.00386856985278
        probability: 0.601459026337
        value: "roc"
    genre_tzanetakis:
        all:
            blu: 0.00456189317629
            cla: 0.00930237211287
            cou: 0.145466372371
            dis: 0.0300171710551
            hip: 0.00218406738713
            jaz: 0.14516107738
            met: 0.00464724749327
            pop: 0.183903247118
            reg: 0.03253980726
            roc: 0.44221675396
        probability: 0.44221675396
        value: "roc"
    live_studio:
        all:
            live: 0.429534673691
            studio: 0.570465326309
        probability: 0.570465326309
        value: "studio"
    mood:
        all:
            Cluster1: 0.419071555138
            Cluster2: 0.218531474471
            Cluster3: 0.150125682354
            Cluster4: 0.133137613535
            Cluster5: 0.079133681953
        probability: 0.419071555138
        value: "Cluster1"
    mood_acoustic:
        all:
            acoustic: 0.777938604355
            not_acoustic: 0.222061410546
        probability: 0.777938604355
        value: "acoustic"
    mood_aggressive:
        all:
            aggressive: 0.0165115538985
            not_aggressive: 0.983488440514
        probability: 0.983488440514
        value: "not_aggressive"
    mood_electronic:
        all:
            electronic: 0.145229145885
            not_electronic: 0.854770839214
        probability: 0.854770839214
        value: "not_electronic"
    mood_happy:
        all:
            happy: 0.477029085159
            not_happy: 0.522970914841
        probability: 0.522970914841
        value: "not_happy"
    mood_party:
        all:
            not_party: 0.926776409149
            party: 0.0732235908508
        probability: 0.926776409149
        value: "not_party"
    mood_relaxed:
        all:
            not_relaxed: 0.160486668348
            relaxed: 0.839513301849
        probability: 0.839513301849
        value: "relaxed"
    mood_sad:
        all:
            not_sad: 0.197945460677
            sad: 0.802054524422
        probability: 0.802054524422
        value: "sad"
    rhythm:
        all:
            fast: 0.538098752499
            medium: 0.347794026136
            slow: 0.114107221365
        probability: 0.538098752499
        value: "fast"
    speech_music:
        all:
            music: 0.999764382839
            speech: 0.000235601284658
        probability: 0.999764382839
        value: "music"
    timbre:
        all:
            bright: 0.99408608675
            dark: 0.00591391464695
        probability: 0.99408608675
        value: "bright"
    voice_instrumental:
        all:
            instrumental: 0.239713683724
            voice: 0.760286331177
        probability: 0.760286331177
        value: "voice"

lowlevel:
    average_loudness: 0.928283929825
    barkbands_kurtosis:
        dmean: 1.34332537651
        dmean2: 2.08256626129
        dvar: 5.94968652725
        dvar2: 11.7455787659
        max: 38.5018119812
        mean: 1.40648591518
        min: -1.75969290733
        var: 17.2496547699
    barkbands_skewness:
        dmean: 0.364600211382
        dmean2: 0.552901148796
        dvar: 0.159279212356
        dvar2: 0.302913725376
        max: 5.60846042633
        mean: 1.29127860069
        min: -0.313251286745
        var: 0.730249643326
    barkbands_spread:
        dmean: 4.55559444427
        dmean2: 6.6771979332
        dvar: 25.4134960175
        dvar2: 48.3525848389
        max: 57.7525634766
        mean: 24.7486076355
        min: 3.48402357101
        var: 101.363273621
    dissonance:
        dmean: 0.0185372233391
        dmean2: 0.0306982621551
        dvar: 0.000286058784695
        dvar2: 0.000692181347404
        max: 0.497420966625
        mean: 0.446045815945
        min: 0.31211528182
        var: 0.000780067872256
    hfc:
        dmean: 1.19293880463
        dmean2: 1.68366909027
        dvar: 6.00225830078
        dvar2: 12.2607307434
        max: 22.2765522003
        mean: 3.36307907104
        min: 0.444400072098
        var: 12.4112567902
    pitch:
        dmean: 240.83291626
        dmean2: 466.12097168
        dvar: 646486.3125
        dvar2: 1654226.875
        max: 4410
        mean: 332.451263428
        min: 82.8947372437
        var: 505918.65625
    pitch_instantaneous_confidence:
        dmean: 0.0709042623639
        dmean2: 0.107279472053
        dvar: 0.00435006804764
        dvar2: 0.00982645526528
        max: 0.837551236153
        mean: 0.466318786144
        min: 0.147514998913
        var: 0.0214802082628
    pitch_salience:
        dmean: 0.0528564043343
        dmean2: 0.0837389603257
        dvar: 0.00228331214748
        dvar2: 0.00542498799041
        max: 0.783733665943
        mean: 0.582926571369
        min: 0.287538021803
        var: 0.00851715914905
    silence_rate_20dB:
        dmean: 0
        dmean2: 0
        dvar: 0
        dvar2: 0
        max: 1
        mean: 1
        min: 1
        var: 0
    silence_rate_30dB:
        dmean: 0
        dmean2: 0
        dvar: 0
        dvar2: 0
        max: 1
        mean: 1
        min: 1
        var: 0
    silence_rate_60dB:
        dmean: 0.109557107091
        dmean2: 0.219626173377
        dvar: 0.0975538417697
        dvar2: 0.19942741096
        max: 1
        mean: 0.58837211132
        min: 0
        var: 0.24219109118
    spectral_centroid:
        dmean: 164.541259766
        dmean2: 247.212783813
        dvar: 33164.5625
        dvar2: 63027.6210938
        max: 2030.95910645
        mean: 860.597167969
        min: 281.401245117
        var: 123633.765625
    spectral_complexity:
        dmean: 2.39578461647
        dmean2: 3.45774650574
        dvar: 13.3773336411
        dvar2: 25.8866882324
        max: 44
        mean: 9.19392490387
        min: 0
        var: 32.072227478
    spectral_crest:
        dmean: 1.87961184978
        dmean2: 2.94356179237
        dvar: 3.64333963394
        dvar2: 8.19231987
        max: 23.6564693451
        mean: 8.5820016861
        min: 3.31707191467
        var: 13.9905900955
    spectral_decrease:
        dmean: 2.65836769264e-10
        dmean2: 4.20181445193e-10
        dvar: 1.61700872132e-19
        dvar2: 4.02492721932e-19
        max: -8.09944958324e-11
        mean: -9.06979491511e-10
        min: -3.98515664912e-09
        var: 4.24763008961e-19
    spectral_energy:
        dmean: 0.00109890010208
        dmean2: 0.00171654473525
        dvar: 2.88178512164e-06
        dvar2: 7.02360648575e-06
        max: 0.0167703926563
        mean: 0.0037281899713
        min: 0.000354600342689
        var: 7.37528807804e-06
    spectral_energyband_high:
        dmean: 7.94033767306e-05
        dmean2: 0.000116953277029
        dvar: 4.31990230254e-08
        dvar2: 9.46278433389e-08
        max: 0.00225033750758
        mean: 0.000112034365884
        min: 9.36346623348e-07
        var: 5.49354020052e-08
    spectral_energyband_low:
        dmean: 0.000185353739653
        dmean2: 0.000305262452457
        dvar: 9.67133289009e-08
        dvar2: 2.71687241593e-07
        max: 0.00239952979609
        mean: 0.000385669089155
        min: 1.66093252574e-06
        var: 1.38236075031e-07
    spectral_energyband_middle_high:
        dmean: 0.000324295309838
        dmean2: 0.000457395624835
        dvar: 4.30752209013e-07
        dvar2: 9.20881063848e-07
        max: 0.0082941185683
        mean: 0.000956533418503
        min: 8.99651131476e-05
        var: 1.3229803244e-06
    spectral_energyband_middle_low:
        dmean: 0.000760333670769
        dmean2: 0.00121387699619
        dvar: 1.42254862112e-06
        dvar2: 3.76863363272e-06
        max: 0.0112170763314
        mean: 0.00227391952649
        min: 0.000125936276163
        var: 4.00964518121e-06
    spectral_flatness_db:
        dmean: 0.0195162966847
        dmean2: 0.0280193276703
        dvar: 0.000375998875825
        dvar2: 0.000678253301885
        max: 0.326221078634
        mean: 0.177672758698
        min: 0.0904483273625
        var: 0.0016095956089
    spectral_flux:
        dmean: 0.00861931592226
        dmean2: 0.0137838860974
        dvar: 0.000146198115544
        dvar2: 0.000315510667861
        max: 0.101758591831
        mean: 0.0268997456878
        min: 0.00710178213194
        var: 0.000303260283545
    spectral_kurtosis:
        dmean: 2.48740410805
        dmean2: 4.12643480301
        dvar: 8.17532444
        dvar2: 21.3741855621
        max: 24.8416023254
        mean: 6.52623653412
        min: 0.843225955963
        var: 12.7743377686
    spectral_rms:
        dmean: 0.000260274071479
        dmean2: 0.000398250995204
        dvar: 1.17029429703e-07
        dvar2: 2.72155858738e-07
        max: 0.0040449174121
        mean: 0.00180000066757
        min: 0.00058817648096
        var: 3.97257650775e-07
    spectral_rolloff:
        dmean: 466.871734619
        dmean2: 754.268310547
        dvar: 307299.46875
        dvar2: 565060.875
        max: 4392.7734375
        mean: 1890.19299316
        min: 236.865234375
        var: 1062931.25
    spectral_skewness:
        dmean: 0.273518174887
        dmean2: 0.434500217438
        dvar: 0.078926756978
        dvar2: 0.202564388514
        max: 3.53491425514
        mean: 1.84773230553
        min: 0.888570845127
        var: 0.16947132349
    spectral_spread:
        dmean: 582008.8125
        dmean2: 744194.25
        dvar: 392674934784
        dvar2: 711836172288
        max: 8188941.5
        mean: 3903112.75
        min: 1678900.5
        var: 1.37784144691e+12
    spectral_strongpeak:
        dmean: 0.14632037282
        dmean2: 0.256444871426
        dvar: 0.0548807233572
        dvar2: 0.128957718611
        max: 2.58036780357
        mean: 0.329674750566
        min: 0.0294258184731
        var: 0.123374268413
    zerocrossingrate:
        dmean: 0.00759751908481
        dmean2: 0.00859420839697
        dvar: 5.29977114638e-05
        dvar2: 6.24042004347e-05
        max: 0.12841796875
        mean: 0.0565641894937
        min: 0.01123046875
        var: 0.00036895845551
    barkbands:
        dmean: [7.94245181623e-07, 6.3154817326e-05, 0.000136863032822, 0.000138706440339, 0.000477911060443, 0.000146382779349, 0.000134803296532, 8.97708305274e-05, 5.81284075452e-05, 6.70484660077e-05, 2.76124992524e-05, 4.5207056246e-05, 2.59601056314e-05, 4.250992788e-05, 4.10422035202e-05, 3.75271629309e-05, 5.35108192707e-05, 5.3546988056e-05, 7.95774758444e-05, 7.80963018769e-05, 2.84500511043e-05, 8.37783682073e-06, 1.3190227719e-06, 4.90973434353e-07, 3.95507186113e-07, 3.18080282113e-08, 2.92383339762e-10]
        dmean2: [1.10905000383e-06, 0.000108012456622, 0.000224159040954, 0.000237606902374, 0.000756132882088, 0.000215507228859, 0.000184439108125, 0.000135864174808, 9.16878561839e-05, 9.47913213167e-05, 4.2354924517e-05, 6.78911892464e-05, 4.01267243433e-05, 6.9321533374e-05, 6.32255760138e-05, 5.48069438082e-05, 7.99108383944e-05, 7.85055526649e-05, 0.000128061132273, 0.00011642332538, 4.17609371652e-05, 1.1729630387e-05, 1.70795578924e-06, 6.41777603505e-07, 5.50818299416e-07, 4.45681962447e-08, 4.697706113e-10]
        dvar: [6.30652387951e-12, 1.9664557982e-08, 4.24584669645e-08, 4.59593820779e-08, 6.95752760294e-07, 7.37787644312e-08, 1.05607178114e-07, 2.86696621998e-08, 3.12395123103e-08, 2.57208245813e-08, 1.43837581845e-08, 1.96212379677e-08, 4.12943856887e-09, 2.57083350164e-08, 6.8215268989e-09, 3.04335534551e-09, 5.33039345996e-09, 8.64009397361e-09, 2.30651426847e-08, 3.92589143416e-08, 5.44575140538e-09, 3.9780936878e-10, 5.96387349228e-12, 8.88889818956e-13, 6.7418591326e-13, 5.95327239044e-15, 4.7108230568e-19]
        dvar2: [1.32307272777e-11, 5.58297266195e-08, 1.14216241798e-07, 1.5165988998e-07, 1.74208560111e-06, 1.72775401097e-07, 1.71403954141e-07, 7.58067386641e-08, 8.41842648924e-08, 5.74458418612e-08, 3.6087389077e-08, 3.66674690611e-08, 9.5610790396e-09, 7.19281629813e-08, 1.52290979827e-08, 6.84100154302e-09, 1.0544211726e-08, 1.60264193028e-08, 4.91120211166e-08, 8.95721399274e-08, 1.16260245875e-08, 8.45978787023e-10, 1.00325529134e-11, 1.74842616513e-12, 1.51302462312e-12, 1.36685689758e-14, 7.46934580558e-19]
        max: [2.32904621953e-05, 0.0010752924718, 0.00162910134532, 0.00169475050643, 0.00873571261764, 0.00508443731815, 0.00664874957874, 0.00162727478892, 0.00188544183038, 0.00189483282156, 0.00145619479008, 0.00215203710832, 0.000951412424911, 0.00222729425877, 0.00127141608391, 0.00059056218015, 0.000897056073882, 0.00103712081909, 0.00156070862431, 0.00197046785615, 0.000789151235949, 0.000178227739525, 2.38773245655e-05, 1.07257992568e-05, 9.19702233659e-06, 7.70770213876e-07, 1.12202194202e-08]
        mean: [1.07520997972e-06, 0.00013378605945, 0.000250845041592, 0.000268139992841, 0.000951957830694, 0.00039808411384, 0.000339987163898, 0.000189312529983, 9.89026011666e-05, 0.000125564110931, 4.56224624941e-05, 9.66301158769e-05, 4.81280731037e-05, 8.03828152129e-05, 7.42240736145e-05, 9.43670238485e-05, 0.000116296505439, 0.000100215809653, 0.000155575369718, 0.00010308304627, 4.18420459027e-05, 1.06660154415e-05, 2.10005805457e-06, 7.82075630923e-07, 5.83935843679e-07, 3.89880163709e-08, 3.03667063717e-10]
        min: [9.77822753323e-11, 8.08701230426e-08, 3.30134952264e-07, 5.77103492105e-06, 5.35849858352e-06, 1.41443906614e-05, 1.76895571258e-06, 1.69472400557e-06, 8.48153661082e-07, 2.19092612497e-06, 1.2792949633e-07, 5.12944495767e-07, 1.46109073285e-07, 9.7214899597e-07, 1.57330703132e-06, 5.16820909979e-06, 8.84866585693e-06, 2.50429184234e-06, 4.19821526521e-06, 1.07213111278e-06, 1.82688168593e-07, 4.24608792571e-08, 8.70576943868e-09, 1.20940113479e-09, 2.85721696303e-10, 9.87577901401e-12, 1.11225868197e-13]
        var: [8.61326027862e-12, 1.8559042303e-08, 9.45765208371e-08, 1.02203472352e-07, 1.77149979663e-06, 1.62822416883e-07, 6.9148802595e-07, 5.99819216518e-08, 5.60600348365e-08, 5.85382586848e-08, 2.60431143317e-08, 6.68135911042e-08, 8.45857783816e-09, 3.25237969889e-08, 1.8652599465e-08, 7.35121519213e-09, 1.19121272846e-08, 1.76819927589e-08, 5.77268579605e-08, 4.92660738871e-08, 7.60918528186e-09, 5.39124744847e-10, 1.49147326434e-11, 1.81862218427e-12, 1.0824116126e-12, 7.35616520361e-15, 5.37892184491e-19]
    mfcc:
        mean: [-752.57635498, 152.80140686, -46.2917976379, 61.8793029785, -3.23630475998, -6.84806060791, -6.96975755692, -10.8005504608, -3.51163315773, -6.57871294022, -4.35842418671, -4.10259962082, -4.26482391357]
        cov: [[2563.32788086, -1051.18139648, 233.126968384, -359.75769043, -235.061004639, 30.4400348663, 180.137832642, -6.47118806839, -77.7491455078, 21.2243480682, 26.4722690582, -167.047973633, -12.2261734009], [-1051.18139648, 923.542724609, -256.313568115, 204.03477478, 110.97807312, -9.70060253143, -46.7537918091, 40.8165130615, 14.3941965103, -6.27113676071, 10.0087394714, 104.771957397, -7.16110467911], [233.126968384, -256.313568115, 306.471832275, -19.265422821, 52.2282791138, 4.44110965729, 15.5083398819, -9.74746513367, 23.5083847046, 5.28522062302, -12.6573982239, -14.9548387527, 6.50717496872], [-359.75769043, 204.03477478, -19.265422821, 281.348144531, 95.341583252, 59.9915962219, -45.3330154419, 9.87853145599, 75.6869430542, 25.879907608, 5.43945789337, 60.7074661255, 1.12566721439], [-235.061004639, 110.97807312, 52.2282791138, 95.341583252, 162.367553711, 46.7810134888, 4.84306716919, 1.6291424036, 31.1234226227, 0.415418356657, -16.4710178375, 10.7742357254, 5.09992551804], [30.4400348663, -9.70060253143, 4.44110965729, 59.9915962219, 46.7810134888, 113.207260132, 28.5450515747, 8.76151657104, 31.0273933411, -1.59619140625, 1.37207841873, 11.6053285599, 4.223508358], [180.137832642, -46.7537918091, 15.5083398819, -45.3330154419, 4.84306716919, 28.5450515747, 146.584579468, 45.1655654907, -3.14694523811, 34.2352294922, 7.72423410416, -25.2082824707, 39.5031967163], [-6.47118806839, 40.8165130615, -9.74746513367, 9.87853145599, 1.6291424036, 8.76151657104, 45.1655654907, 82.6798706055, 33.0742835999, 16.9778404236, -5.84796714783, -11.3486022949, 17.3152751923], [-77.7491455078, 14.3941965103, 23.5083847046, 75.6869430542, 31.1234226227, 31.0273933411, -3.14694523811, 33.0742835999, 87.9254989624, 21.917552948, -0.107000410557, 11.7536373138, 3.96984148026], [21.2243480682, -6.27113676071, 5.28522062302, 25.879907608, 0.415418356657, -1.59619140625, 34.2352294922, 16.9778404236, 21.917552948, 83.2575073242, 14.0895576477, -19.0664787292, 15.485250473], [26.4722690582, 10.0087394714, -12.6573982239, 5.43945789337, -16.4710178375, 1.37207841873, 7.72423410416, -5.84796714783, -0.107000410557, 14.0895576477, 58.9435043335, 35.7315864563, 8.44299602509], [-167.047973633, 104.771957397, -14.9548387527, 60.7074661255, 10.7742357254, 11.6053285599, -25.2082824707, -11.3486022949, 11.7536373138, -19.0664787292, 35.7315864563, 102.896408081, 11.4561367035], [-12.2261734009, -7.16110467911, 6.50717496872, 1.12566721439, 5.09992551804, 4.223508358, 39.5031967163, 17.3152751923, 3.96984148026, 15.485250473, 8.44299602509, 11.4561367035, 62.7135391235]]
        icov: [[0.000955881085247, 0.000851740827784, -0.000167304839124, 7.2984075814e-05, 0.000745583267417, -0.000520580972079, -0.000802922411822, -0.000296717043966, 0.000549627700821, 0.000140418400406, -0.000778749410529, 0.000512608559802, 0.00080350774806], [0.000851740827784, 0.00329342507757, 0.00203311024234, -0.000875577679835, -0.00169978151098, 0.00115706119686, -0.000687246094458, -0.00217554392293, 0.0016549929278, -0.000262724701315, -6.91275272402e-05, -0.00192941760179, 0.00176261737943], [-0.000167304839124, 0.00203311024234, 0.00579129066318, 0.00027265024255, -0.00373404868878, 0.00202108733356, -0.000396330782678, 6.56250704196e-05, -0.00134982692543, -0.000402152218157, 0.00113418023102, -0.00194425520021, 0.000380030716769], [7.2984075814e-05, -0.000875577679835, 0.00027265024255, 0.00824480038136, -0.00239581195638, -0.00303264055401, 0.00307416217402, 0.000102496233012, -0.00352866807953, -0.0040051615797, 0.00137279683258, -0.00325013301335, -0.000206452663406], [0.000745583267417, -0.00169978151098, -0.00373404868878, -0.00239581195638, 0.0122717656195, -0.00368240522221, -0.00212012906559, 0.00271347281523, -0.000850620155688, 0.00156913034152, 0.00156362343114, 0.00265749986283, -0.00081154180225], [-0.000520580972079, 0.00115706119686, 0.00202108733356, -0.00303264055401, -0.00368240522221, 0.0143834399059, -0.00475604506209, 0.0014908334706, -0.00385655509308, 0.00348669337109, -0.000161478033988, -0.00119240547065, 0.00141310482286], [-0.000802922411822, -0.000687246094458, -0.000396330782678, 0.00307416217402, -0.00212012906559, -0.00475604506209, 0.014868747443, -0.00687347212806, 0.00376140093431, -0.00488343508914, -0.00159070233349, 0.00108049192932, -0.00623989338055], [-0.000296717043966, -0.00217554392293, 6.56250704196e-05, 0.000102496233012, 0.00271347281523, 0.0014908334706, -0.00687347212806, 0.0217736586928, -0.0106825213879, 0.00193144846708, 0.00240682857111, 0.00302364188246, -0.00299518066458], [0.000549627700821, 0.0016549929278, -0.00134982692543, -0.00352866807953, -0.000850620155688, -0.00385655509308, 0.00376140093431, -0.0106825213879, 0.0223063025624, -0.00504482025281, 0.000273377780104, -0.00240060058422, 0.00164395291358], [0.000140418400406, -0.000262724701315, -0.000402152218157, -0.0040051615797, 0.00156913034152, 0.00348669337109, -0.00488343508914, 0.00193144846708, -0.00504482025281, 0.0201669614762, -0.00828090589494, 0.00876577664167, -0.00285535864532], [-0.000778749410529, -6.91275272402e-05, 0.00113418023102, 0.00137279683258, 0.00156362343114, -0.000161478033988, -0.00159070233349, 0.00240682857111, 0.000273377780104, -0.00828090589494, 0.0284910425544, -0.0136351175606, 0.000601647479925], [0.000512608559802, -0.00192941760179, -0.00194425520021, -0.00325013301335, 0.00265749986283, -0.00119240547065, 0.00108049192932, 0.00302364188246, -0.00240060058422, 0.00876577664167, -0.0136351175606, 0.021870855242, -0.0056836027652], [0.00080350774806, 0.00176261737943, 0.000380030716769, -0.000206452663406, -0.00081154180225, 0.00141310482286, -0.00623989338055, -0.00299518066458, 0.00164395291358, -0.00285535864532, 0.000601647479925, -0.0056836027652, 0.0225542429835]]
    spectral_contrast:
        mean: [-1.69291816121e-08, 5.22672166881e-07, -1.04891292096e-07, -1.71572253294e-07, -1.39855060866e-07, -1.29271057858e-07, -8.91980747042e-08, 2.5688138976e-06, 1.26444012949e-06, -2.40981012212e-06, -1.79778328402e-06, 4.70932400276e-06]
        var: [0.000443236611318, 0.000623564759735, 0.00112321181223, 0.00233685877174, 0.00383626879193, 0.00581041071564, 0.0383527912199, 0.0901450291276, 0.137353360653, 0.307756572962, 0.527191638947, 2.12127566338]

rhythm:
    beats_loudness:
        dmean: 0.00590900331736
        dmean2: 0.0118050677702
        dvar: 4.81390134155e-06
        dvar2: 8.81813684828e-06
        max: 0.013406782411
        mean: 0.00650946656242
        min: 0.00214344309643
        var: 1.14014683277e-05
    beats_loudness_bass:
        dmean: 0.0992718264461
        dmean2: 0.187826797366
        dvar: 0.010411510244
        dvar2: 0.0271242130548
        max: 0.328602612019
        mean: 0.10743393749
        min: 0.0226448271424
        var: 0.00854180101305
    bpm: 89.3593978882
    bpm_confidence: 0
    first_peak_bpm: 89
    first_peak_spread: 0
    first_peak_weight: 0.923076927662
    onset_rate: 3.70786976814
    second_peak_bpm: 82
    second_peak_spread: 0
    second_peak_weight: 0.0769230797887
    beats_position: [0.521462440491, 1.19341146946, 1.86536026001, 2.53730940819, 3.20925831795, 3.88120746613, 4.55315637589, 5.22510528564, 5.89705467224, 6.62571620941, 7.29617977142, 7.96664333344, 8.63710594177, 9.30756950378]
    bpm_estimates: [89.6186523438, 89.3059310913, 89.4735565186, 88.46434021, 89.0129013062, 89.3088607788, 89.5196609497, 89.4622650146, 89.4677658081, 89.3024368286, 89.4257583618, 89.3059616089, 89.331741333, 89.4671783447, 89.9240036011]
    bpm_intervals: [0.671949028969, 0.67194879055, 0.671949148178, 0.67194890976, 0.671949148178, 0.67194890976, 0.67194890976, 0.671949386597, 0.72866153717, 0.670463562012, 0.670463562012, 0.670462608337, 0.670463562012]
    onset_times: [0.0580498874187, 0.174149662256, 0.510838985443, 0.847528338432, 1.20743763447, 1.40480720997, 1.53251695633, 1.71827661991, 1.8575963974, 2.21750569344, 2.73995471001, 2.87927436829, 3.20435380936, 3.55265307426, 3.88934230804, 4.22603178024, 4.56272125244, 4.91102027893, 5.08517026901, 5.25931978226, 5.4334692955, 5.56117916107, 5.92108821869, 6.25777769089, 6.59446716309, 7.26784563065, 7.61614513397, 7.81351470947, 8.15020370483, 8.27791404724, 8.31274414062, 8.52172374725, 8.6146030426, 8.96290206909, 9.6014509201, 9.70594120026, 9.9613609314]
    rubato_start: []
    rubato_stop: []
    perceptual_tempo: "unknown"

sfx:
    inharmonicity:
        dmean: 0.0319294780493
        dmean2: 0.0563209019601
        dvar: 0.00141445512418
        dvar2: 0.00387681485154
        max: 0.306406706572
        mean: 0.0339256487787
        min: 0.000100902507256
        var: 0.00169406353962
    oddtoevenharmonicenergyratio:
        dmean: 1.82635354996
        dmean2: 3.47836518288
        dvar: 24.9997959137
        dvar2: 73.5496063232
        max: 50.9932441711
        mean: 1.23204302788
        min: 0.000486108358018
        var: 13.9559059143
    pitch_after_max_to_before_max_energy_ratio: 0.301298052073
    pitch_centroid: 248.956008911
    pitch_max_to_total: 0.960280358791
    pitch_min_to_total: 0.313084125519
    tristimulus:
        dmean: [0.228012546897, 0.247791662812, 0.0804518461227]
        dmean2: [0.410266190767, 0.443372547626, 0.146210044622]
        dvar: [0.041357062757, 0.0444012358785, 0.00815001316369]
        dvar2: [0.124136783183, 0.133899539709, 0.0237294472754]
        max: [0.942481219769, 0.886658668518, 0.544655680656]
        mean: [0.477579593658, 0.405859231949, 0.0816982015967]
        min: [0.00644909776747, 0, 0]
        var: [0.0507496893406, 0.0558343343437, 0.00778096867725]

tonal:
    chords_changes_rate: 0.0465116277337
    chords_number_rate: 0.00930232554674
    chords_strength:
        dmean: 0.00642677769065
        dmean2: 0.00523611903191
        dvar: 2.49580989475e-05
        dvar2: 2.41779689532e-05
        max: 0.612137973309
        mean: 0.460999399424
        min: 0.319398015738
        var: 0.00577001273632
    key_strength: 0.837287247181
    tuning_diatonic_strength: 0.634823560715
    tuning_equal_tempered_deviation: 0.0507793836296
    tuning_frequency: 439.491973877
    tuning_nontempered_energy_ratio: 0.610300302505
    hpcp:
        dmean: [0.16691274941, 0.169228941202, 0.096368804574, 0.097977668047, 0.108782820404, 0.0770148858428, 0.0773861929774, 0.0730782747269, 0.10378959775, 0.0758122131228, 0.0633921548724, 0.0435662902892, 0.0387593507767, 0.0454228110611, 0.114468976855, 0.159563407302, 0.107565797865, 0.0521906912327, 0.0395562499762, 0.0446221418679, 0.0667406618595, 0.0855443254113, 0.0597630031407, 0.0455744862556, 0.0504401810467, 0.047038372606, 0.0492922849953, 0.0805450901389, 0.116250447929, 0.186829775572, 0.174715012312, 0.164469942451, 0.0999452918768, 0.0626197010279, 0.0854236334562, 0.13347452879]
        dmean2: [0.288183987141, 0.307096660137, 0.170333832502, 0.174563750625, 0.196738108993, 0.12809112668, 0.134131625295, 0.121849358082, 0.17318560183, 0.123610414565, 0.101567827165, 0.0740520879626, 0.0662183836102, 0.0763570591807, 0.192829400301, 0.264884740114, 0.165645211935, 0.0897921174765, 0.0678888037801, 0.0762428939342, 0.107066236436, 0.142569556832, 0.101900406182, 0.0723425447941, 0.0855991020799, 0.0788651481271, 0.0811189934611, 0.139427006245, 0.21645745635, 0.312599688768, 0.285424798727, 0.28648853302, 0.181015476584, 0.10931353271, 0.149101898074, 0.226676702499]
        dvar: [0.0447650775313, 0.0629319176078, 0.0336762107909, 0.0406290069222, 0.0481084324419, 0.0213798750192, 0.0386799350381, 0.0158756449819, 0.0242302436382, 0.0230631381273, 0.0129967825487, 0.00498567055911, 0.00639860797673, 0.0108738439158, 0.0179410595447, 0.0377562344074, 0.0133750671521, 0.0135093890131, 0.00748664187267, 0.0074799512513, 0.00846318341792, 0.01868291758, 0.00565779767931, 0.0101191140711, 0.0180164426565, 0.0158673524857, 0.0119691919535, 0.0279048215598, 0.0372485481203, 0.046120531857, 0.040012601763, 0.0470803156495, 0.0337130911648, 0.0154009042308, 0.0296151880175, 0.045490168035]
        dvar2: [0.108797162771, 0.161522746086, 0.0897358432412, 0.114675745368, 0.132151439786, 0.0457272864878, 0.0836955606937, 0.0304764900357, 0.0669977515936, 0.0510933175683, 0.0317243002355, 0.0113194342703, 0.014994148165, 0.0297296792269, 0.047873776406, 0.078452758491, 0.0290530435741, 0.0340906977654, 0.0184633880854, 0.0197108257562, 0.0215652231127, 0.0417033284903, 0.0141920875758, 0.0235379505903, 0.0405704677105, 0.0426169186831, 0.0293209869415, 0.0858269259334, 0.121463865042, 0.118167892098, 0.0849336460233, 0.141376614571, 0.0943541303277, 0.0425029285252, 0.0733820945024, 0.0950046628714]
        max: [1, 1, 1, 1, 1, 1, 1, 1, 1, 1, 0.956933498383, 0.501094579697, 0.619047641754, 0.650429964066, 1, 1, 1, 0.802584469318, 0.650188028812, 0.602580547333, 0.883807837963, 1, 0.522413313389, 1, 1, 0.951452612877, 0.819321155548, 1, 1, 1, 1, 1, 1, 0.787554442883, 1, 1]
        mean: [0.294783324003, 0.202092319727, 0.0793414339423, 0.0716526657343, 0.0787495747209, 0.0973891168833, 0.122750766575, 0.10907740891, 0.161496505141, 0.194227814674, 0.11224848032, 0.0599385052919, 0.0456369742751, 0.0430733524263, 0.234377905726, 0.467386007309, 0.287258684635, 0.050214741379, 0.0414431802928, 0.0526016056538, 0.157320469618, 0.236594110727, 0.133848458529, 0.0849264264107, 0.101308293641, 0.0573941208422, 0.0525964088738, 0.0774347409606, 0.120556928217, 0.350366413593, 0.461768358946, 0.247373193502, 0.0875359624624, 0.0611890666187, 0.0863644629717, 0.196454569697]
        min: [0.00692240335047, 0.0032547977753, 0.0008769131382, 0.000315442041028, 0.000242033653194, 0.000214663887164, 0.000193355313968, 0.00100882188417, 0.00247184094042, 0.00256446399726, 0.00159067136701, 0.00177821516991, 0.000705268699676, 0.000338253943482, 0.00517091760412, 0.0160109121352, 0.00836732890457, 0.000782979361247, 0.000325546745444, 0.000243874252192, 0.000344963511452, 0.0018117853906, 0.00183297600597, 0.00154067471158, 0.000283340952592, 0.000186121586012, 0.000530997174792, 0.000542937777936, 0.00025355888647, 0.0031613286119, 0.0189971271902, 0.00858995039016, 0.001262809732, 0.00112919951789, 0.00133026274852, 0.00213573384099]
        var: [0.0915324911475, 0.0656198635697, 0.0281787123531, 0.0287312306464, 0.0331928096712, 0.0319758653641, 0.0624770484865, 0.0308465454727, 0.0461030267179, 0.0949253067374, 0.0283696204424, 0.00635081389919, 0.00612660497427, 0.008355778642, 0.0331976339221, 0.119933277369, 0.0449326969683, 0.0104293068871, 0.00613785767928, 0.0065524415113, 0.0409653559327, 0.0879451557994, 0.0173412095755, 0.0245024766773, 0.0535746701062, 0.0205009356141, 0.0100778732449, 0.0211194176227, 0.0380540713668, 0.0877384096384, 0.104877516627, 0.0484006367624, 0.0264951232821, 0.0116302799433, 0.0308524854481, 0.0722445547581]
    chords_histogram: [65.1162796021, 0, 0, 0, 0, 0, 0, 0, 0, 0, 0, 0, 0, 0, 0, 0, 0, 34.4186058044, 0, 0.465116292238, 0, 0, 0, 0]
    thpcp: [1, 0.614606916904, 0.107437409461, 0.0886701345444, 0.112544246018, 0.33659645915, 0.506207108498, 0.286376684904, 0.181705117226, 0.216755092144, 0.122798115015, 0.112533129752, 0.16567620635, 0.257938683033, 0.749629676342, 0.987980723381, 0.529269576073, 0.187288373709, 0.130917623639, 0.184781879187, 0.420326173306, 0.630706369877, 0.432388454676, 0.169755682349, 0.153305113316, 0.16848936677, 0.208369776607, 0.262632519007, 0.233377560973, 0.345531314611, 0.415561884642, 0.240162268281, 0.128241971135, 0.0976430028677, 0.0921579822898, 0.501465380192]
    chords_key: "G"
    chords_scale: "major"
    key_key: "G"
    key_scale: "major"
    chords_progression: ["G", "G", "G", "G", "G", "G", "G", "G", "G", "G", "G", "G", "G", "G", "G", "G", "G", "G", "G", "G", "G", "G", "G", "G", "G", "G", "G", "G", "G", "G", "G", "G", "G", "G", "G", "G", "G", "G", "G", "G", "G", "G", "G", "G", "G", "G", "G", "G", "G", "G", "G", "G", "G", "Gm", "Gm", "Gm", "Gm", "Gm", "Gm", "Gm", "Gm", "Gm", "Gm", "Gm", "Gm", "Gm", "Gm", "Gm", "Gm", "Gm", "Gm", "Gm", "Gm", "Gm", "Gm", "Gm", "Gm", "Gm", "Gm", "Gm", "Gm", "Gm", "Gm", "Gm", "Gm", "Gm", "Gm", "Gm", "Gm", "Gm", "Gm", "Gm", "Gm", "Gm", "Gm", "Gm", "Gm", "Gm", "Gm", "Gm", "Gm", "G", "G", "G", "G", "G", "G", "G", "G", "G", "G", "G", "G", "G", "G", "G", "G", "G", "G", "G", "G", "G", "G", "G", "G", "G", "G", "G", "G", "G", "G", "G", "G", "G", "G", "G", "G", "G", "G", "G", "G", "G", "G", "G", "G", "G", "G", "G", "G", "G", "G", "G", "G", "G", "G", "G", "G", "G", "G", "G", "G", "G", "G", "G", "G", "G", "G", "G", "G", "G", "G", "G", "G", "G", "G", "G", "G", "Gm", "Gm", "Gm", "Gm", "Gm", "Gm", "Gm", "Gm", "Gm", "Gm", "Gm", "G", "Gm", "Gm", "Gm", "Gm", "Gm", "Gm", "Gm", "Gm", "Gm", "Gm", "Gm", "Gm", "Gm", "Gm", "G", "G", "G", "G", "G", "Gm", "G", "G", "G", "G", "Dm", "G"]
