
metadata:
    version:
        essentia: "1.2.2"
    audio_properties:
        analysis_sample_rate: 44100
        bitrate: 128
        channels: 2
        equal_loudness: 1
        length: 10.0310201645
        replay_gain: -9.84457969666
        downmix: "mix"
    tags:
        track: 18
        year: 0
        album: "Splitted by Mp3Splt v. 2.1"
        artist: "From 002.50 To 003.00"
        comment: "http://mp3splt.sf.net"
        genre: ""
        title: "03 A Tribute to Monk & Canatel"

highlevel:
    ballroom:
        all:
            ChaChaCha: 0.0403499267995
            Jive: 0.00852525047958
            Quickstep: 0.00448591448367
            Rumba-American: 0.0165209323168
            Rumba-International: 0.560842216015
            Rumba-Misc: 0.276056110859
            Samba: 0.0532566830516
            Tango: 0.0243199113756
            VienneseWaltz: 0.00465684849769
            Waltz: 0.0109862228855
        probability: 0.560842216015
        value: "Rumba-International"
    culture:
        all:
            non_western: 0.932472646236
            western: 0.0675273686647
        probability: 0.932472646236
        value: "non_western"
    gender:
        all:
            female: 0.695209801197
            male: 0.304790169001
        probability: 0.695209801197
        value: "female"
    genre_dortmund:
        all:
            alternative: 0.0177856776863
            blues: 0.00406838487834
            electronic: 0.317949324846
            folkcountry: 0.00346012483351
            funksoulrnb: 0.00426897453144
            jazz: 0.601808905602
            pop: 0.00910152308643
            raphiphop: 0.0357900820673
            rock: 0.00576702458784
        probability: 0.601808905602
        value: "jazz"
    genre_electronica:
        all:
            ambient: 0.60638910532
            dnb: 0.00864357687533
            house: 0.219224125147
            techno: 0.154054448009
            trance: 0.0116887204349
        probability: 0.60638910532
        value: "ambient"
    genre_rosamerica:
        all:
            cla: 0.038346324116
            dan: 0.102236181498
            hip: 0.0781944468617
            jaz: 0.563636004925
            pop: 0.018215501681
            rhy: 0.156090378761
            roc: 0.0342999920249
            spe: 0.00898116640747
        probability: 0.563636004925
        value: "jaz"
    genre_tzanetakis:
        all:
            blu: 0.329837322235
            cla: 0.0935522168875
            cou: 0.0245121475309
            dis: 0.0311700571328
            hip: 0.101739160717
            jaz: 0.12569449842
            met: 0.0198342185467
            pop: 0.0962056741118
            reg: 0.119657479227
            roc: 0.0577972196043
        probability: 0.329837322235
        value: "blu"
    live_studio:
        all:
            live: 0.599572777748
            studio: 0.400427252054
        probability: 0.599572777748
        value: "live"
    mood:
        all:
            Cluster1: 0.36435559392
            Cluster2: 0.126899570227
            Cluster3: 0.18459674716
            Cluster4: 0.0829940214753
            Cluster5: 0.241154059768
        probability: 0.36435559392
        value: "Cluster1"
    mood_acoustic:
        all:
            acoustic: 0.295725047588
            not_acoustic: 0.704274952412
        probability: 0.704274952412
        value: "not_acoustic"
    mood_aggressive:
        all:
            aggressive: 0.00259839463979
            not_aggressive: 0.997401595116
        probability: 0.997401595116
        value: "not_aggressive"
    mood_electronic:
        all:
            electronic: 0.723412036896
            not_electronic: 0.276587963104
        probability: 0.723412036896
        value: "electronic"
    mood_happy:
        all:
            happy: 0.0126882661134
            not_happy: 0.987311720848
        probability: 0.987311720848
        value: "not_happy"
    mood_party:
        all:
            not_party: 0.937267184258
            party: 0.0627328008413
        probability: 0.937267184258
        value: "not_party"
    mood_relaxed:
        all:
            not_relaxed: 0.122703783214
            relaxed: 0.877296209335
        probability: 0.877296209335
        value: "relaxed"
    mood_sad:
        all:
            not_sad: 0.106133647263
            sad: 0.893866360188
        probability: 0.893866360188
        value: "sad"
    rhythm:
        all:
            fast: 0.396531969309
            medium: 0.499727606773
            slow: 0.103740423918
        probability: 0.499727606773
        value: "medium"
    speech_music:
        all:
            music: 0.832776486874
            speech: 0.167223513126
        probability: 0.832776486874
        value: "music"
    timbre:
        all:
            bright: 0.0763551592827
            dark: 0.923644840717
        probability: 0.923644840717
        value: "dark"
    voice_instrumental:
        all:
            instrumental: 0.975865900517
            voice: 0.0241341087967
        probability: 0.975865900517
        value: "instrumental"

lowlevel:
    average_loudness: 0.918298602104
    barkbands_kurtosis:
        dmean: 20.2510528564
        dmean2: 30.5438575745
        dvar: 1266.97631836
        dvar2: 2875.94970703
        max: 427.527923584
        mean: 34.4845695496
        min: -1.80812191963
        var: 3048.8894043
    barkbands_skewness:
        dmean: 1.2809407711
        dmean2: 1.93479275703
        dvar: 2.30811882019
        dvar2: 4.66221284866
        max: 17.0453872681
        mean: 3.60357642174
        min: -0.363476186991
        var: 9.42439460754
    barkbands_spread:
        dmean: 4.47771501541
        dmean2: 6.77299976349
        dvar: 64.4285202026
        dvar2: 116.060722351
        max: 72.2663269043
        mean: 9.48321437836
        min: 0.494284123182
        var: 154.316986084
    dissonance:
        dmean: 0.0487435124815
        dmean2: 0.0801262408495
        dvar: 0.0022866926156
        dvar2: 0.005976814311
        max: 0.490606755018
        mean: 0.381197869778
        min: 0.114389367402
        var: 0.00682759238407
    hfc:
        dmean: 0.320753365755
        dmean2: 0.46673181653
        dvar: 0.412672311068
        dvar2: 0.884447693825
        max: 5.13711595535
        mean: 0.565118610859
        min: 0.0116513669491
        var: 0.69592165947
    pitch:
        dmean: 293.110961914
        dmean2: 557.187927246
        dvar: 998625.1875
        dvar2: 2917188.25
        max: 5512.5
        mean: 405.579284668
        min: 54.3773117065
        var: 653983.625
    pitch_instantaneous_confidence:
        dmean: 0.107069693506
        dmean2: 0.163023993373
        dvar: 0.0114427385852
        dvar2: 0.0259848143905
        max: 0.974212765694
        mean: 0.54642021656
        min: 0.147879183292
        var: 0.0496789775789
    pitch_salience:
        dmean: 0.0825153067708
        dmean2: 0.13001100719
        dvar: 0.00655950419605
        dvar2: 0.0140650020912
        max: 0.765850305557
        mean: 0.442617595196
        min: 0.108451209962
        var: 0.0207068454474
    silence_rate_20dB:
        dmean: 0
        dmean2: 0
        dvar: 0
        dvar2: 0
        max: 1
        mean: 1
        min: 1
        var: 0
    silence_rate_30dB:
        dmean: 0
        dmean2: 0
        dvar: 0
        dvar2: 0
        max: 1
        mean: 1
        min: 1
        var: 0
    silence_rate_60dB:
        dmean: 0.074074074626
        dmean2: 0.148491874337
        dvar: 0.0685873776674
        dvar2: 0.131081938744
        max: 1
        mean: 0.863741338253
        min: 0
        var: 0.117692038417
    spectral_centroid:
        dmean: 134.298828125
        dmean2: 189.378082275
        dvar: 56156.0703125
        dvar2: 111094.640625
        max: 2662.6262207
        mean: 424.213806152
        min: 67.612197876
        var: 142317.859375
    spectral_complexity:
        dmean: 0.654292345047
        dmean2: 1.12325584888
        dvar: 0.73199403286
        dvar2: 1.59178841114
        max: 7
        mean: 2.0925924778
        min: 0
        var: 1.71827673912
    spectral_crest:
        dmean: 2.60022521019
        dmean2: 4.1486620903
        dvar: 7.44622945786
        dvar2: 14.9998464584
        max: 25.6009941101
        mean: 15.8538427353
        min: 3.10032773018
        var: 24.826789856
    spectral_decrease:
        dmean: 3.22220111704e-10
        dmean2: 4.56191862064e-10
        dvar: 7.32837613463e-19
        dvar2: 1.51344325294e-18
        max: -3.2445829877e-12
        mean: -4.99596752856e-10
        min: -6.43363495811e-09
        var: 9.62925707362e-19
    spectral_energy:
        dmean: 0.00124204985332
        dmean2: 0.00175983598456
        dvar: 1.07850464701e-05
        dvar2: 2.22995604418e-05
        max: 0.0246823448688
        mean: 0.00193684920669
        min: 1.33025596369e-05
        var: 1.41823466038e-05
    spectral_energyband_high:
        dmean: 6.28292991678e-06
        dmean2: 9.10098151508e-06
        dvar: 1.42765466116e-10
        dvar2: 3.28234522895e-10
        max: 9.60801480687e-05
        mean: 7.63083153288e-06
        min: 1.27489236945e-08
        var: 1.94456686864e-10
    spectral_energyband_low:
        dmean: 0.00054774270393
        dmean2: 0.000776823319029
        dvar: 2.70296732197e-06
        dvar2: 4.58535259895e-06
        max: 0.0116995545104
        mean: 0.000794591673184
        min: 3.66449739886e-07
        var: 4.02823252443e-06
    spectral_energyband_middle_high:
        dmean: 3.9956306864e-05
        dmean2: 5.3547337302e-05
        dvar: 1.10689715171e-08
        dvar2: 1.90882403217e-08
        max: 0.0013523621019
        mean: 8.42910594656e-05
        min: 6.62051320433e-07
        var: 3.51843780777e-08
    spectral_energyband_middle_low:
        dmean: 0.000857210427057
        dmean2: 0.00141591881402
        dvar: 6.48829336569e-06
        dvar2: 1.64083594427e-05
        max: 0.0210385303944
        mean: 0.00105033710133
        min: 9.04112221178e-06
        var: 5.57386920264e-06
    spectral_flatness_db:
        dmean: 0.0364301390946
        dmean2: 0.0508527010679
        dvar: 0.00152815610636
        dvar2: 0.00245470879599
        max: 0.483308374882
        mean: 0.284906715155
        min: 0.0731775462627
        var: 0.00814781617373
    spectral_flux:
        dmean: 0.0107363248244
        dmean2: 0.0164435710758
        dvar: 0.000348613713868
        dvar2: 0.000752976804506
        max: 0.1385846138
        mean: 0.018574224785
        min: 0.00214706850238
        var: 0.000699726340827
    spectral_kurtosis:
        dmean: 5.13908720016
        dmean2: 7.06545972824
        dvar: 43.8827819824
        dvar2: 75.3862686157
        max: 83.5372772217
        mean: 13.2857484818
        min: -0.737621307373
        var: 183.54637146
    spectral_rms:
        dmean: 0.000305840891087
        dmean2: 0.000418404262746
        dvar: 3.59656894489e-07
        dvar2: 6.53361553304e-07
        max: 0.00490717217326
        mean: 0.00107512832619
        min: 0.000113921494631
        var: 7.33708702683e-07
    spectral_rolloff:
        dmean: 338.635559082
        dmean2: 565.471435547
        dvar: 709647.75
        dvar2: 1684587.875
        max: 6395.36132812
        mean: 685.373413086
        min: 64.599609375
        var: 944547.625
    spectral_skewness:
        dmean: 0.544084429741
        dmean2: 0.725814163685
        dvar: 0.34310233593
        dvar2: 0.505585134029
        max: 7.79424905777
        mean: 2.96015667915
        min: 0.448689579964
        var: 2.00105381012
    spectral_spread:
        dmean: 1234047.375
        dmean2: 1442674.75
        dvar: 1.68243101696e+12
        dvar2: 2.1990136873e+12
        max: 14867691
        mean: 5996969
        min: 1240553.75
        var: 1.10239154176e+13
    spectral_strongpeak:
        dmean: 0.0795247629285
        dmean2: 0.125621959567
        dvar: 0.0218261200935
        dvar2: 0.0406268239021
        max: 1.31736147404
        mean: 0.204563394189
        min: 0.00712960446253
        var: 0.0752801597118
    zerocrossingrate:
        dmean: 0.00853869132698
        dmean2: 0.00930346082896
        dvar: 0.000139773852425
        dvar2: 0.000148900522618
        max: 0.15576171875
        mean: 0.0293748639524
        min: 0.00244140625
        var: 0.000704755599145
    barkbands:
        dmean: [8.48471813697e-07, 0.000195574495592, 0.000506799668074, 0.000296460784739, 0.000452143780421, 5.10418576596e-05, 8.44234600663e-05, 4.08645428251e-05, 1.26575687318e-05, 5.92737933403e-06, 1.8495878976e-05, 2.26533484238e-06, 1.78283801233e-06, 2.70992563856e-06, 1.87061982615e-06, 2.06754998544e-06, 3.8140747165e-06, 2.9930497476e-06, 2.01555326385e-06, 1.76958849352e-06, 3.08167068397e-06, 6.51531252061e-07, 1.33236983402e-06, 7.78805429036e-08, 5.61459387427e-07, 2.17157936078e-08, 8.49419978799e-11]
        dmean2: [9.62367494139e-07, 0.00032856274629, 0.000786119955592, 0.000489358499181, 0.000820050248876, 8.14604718471e-05, 0.000129415857373, 6.33981835563e-05, 1.92235693248e-05, 8.44211990625e-06, 2.61264485744e-05, 3.4494639749e-06, 2.29913212024e-06, 3.09042547997e-06, 2.24285236072e-06, 2.9110944979e-06, 5.44186150364e-06, 4.06184108215e-06, 2.88140472549e-06, 2.48196283792e-06, 4.93789957545e-06, 1.00371119061e-06, 2.01014677259e-06, 1.05733938938e-07, 8.20196703444e-07, 2.67414268507e-08, 1.54540616415e-10]
        dvar: [3.25291356351e-12, 3.37508254233e-07, 3.15782017424e-06, 1.10930989194e-06, 2.59504668065e-06, 3.12407344438e-08, 7.68802976836e-08, 2.18983231548e-08, 3.15970916098e-09, 7.13009928877e-10, 6.7532681669e-09, 1.10365584727e-10, 7.07195205174e-11, 1.48182563442e-10, 6.96891988561e-11, 6.3048288812e-11, 2.48683906801e-10, 1.28671767685e-10, 4.84163785452e-11, 4.45634674995e-11, 3.81067954969e-11, 1.4826316173e-12, 5.07982631653e-12, 2.01354825689e-14, 1.07296799483e-12, 1.35632071827e-15, 2.1509405266e-20]
        dvar2: [3.2230938838e-12, 8.70968051458e-07, 6.43596740701e-06, 2.44860075327e-06, 7.3838168646e-06, 7.4096575986e-08, 1.19509394381e-07, 3.31425589195e-08, 4.9723922757e-09, 1.12183939915e-09, 1.17604352923e-08, 1.9755372338e-10, 9.82523021276e-11, 1.89600612988e-10, 8.68408817079e-11, 1.1745868167e-10, 5.05493036318e-10, 2.43997599902e-10, 8.82950657033e-11, 9.67199098589e-11, 9.2880939051e-11, 3.3372310991e-12, 1.0593280593e-11, 4.06166189549e-14, 2.39876369636e-12, 2.52495185269e-15, 6.58807546503e-20]
        max: [1.60807194334e-05, 0.00394468987361, 0.011577386409, 0.00885093025863, 0.011446479708, 0.00183442921843, 0.00498368032277, 0.00228891195729, 0.000708348059561, 0.000577764410991, 0.00131157122087, 0.000243044749368, 0.000147651619045, 0.000299190025544, 0.000191638173419, 9.23430197872e-05, 0.000166564801475, 0.000131419394165, 6.89820662956e-05, 7.43569471524e-05, 4.06085273426e-05, 8.02798240329e-06, 1.42851295095e-05, 1.13784199129e-06, 7.01887483956e-06, 2.4092781814e-07, 1.14800779993e-09]
        mean: [3.48208322976e-06, 0.00034149250132, 0.00044961849926, 0.000296043610433, 0.000329086382408, 6.14995224169e-05, 0.000211663995287, 0.000116137176519, 2.89387735393e-05, 1.72631534952e-05, 4.47814491054e-05, 4.97196469951e-06, 2.84436509901e-06, 5.17738817507e-06, 2.92121808343e-06, 2.41582279159e-06, 3.98763631893e-06, 3.4415686514e-06, 2.44248099079e-06, 1.83120585007e-06, 3.28207102029e-06, 7.48113222926e-07, 1.94569906853e-06, 9.73121885295e-08, 7.07842559677e-07, 3.04012424124e-08, 7.01002311754e-11]
        min: [3.33872179903e-10, 1.00566381889e-07, 1.51166361206e-07, 3.1489975072e-07, 2.99241776247e-07, 6.29889118642e-09, 2.25295693213e-09, 1.72805414422e-08, 2.56445726876e-08, 3.0144782226e-09, 1.08673239296e-08, 1.22298686733e-08, 1.38367504121e-08, 7.81175657494e-09, 1.46511922594e-08, 3.30585834263e-08, 1.17928316001e-08, 4.0451766381e-09, 8.58666560077e-09, 1.99011918056e-09, 2.12174589009e-09, 1.82675785609e-09, 4.90047957769e-09, 2.38726038937e-10, 9.65179269841e-10, 3.65035085492e-11, 1.07990458142e-14]
        var: [3.21993508245e-11, 3.94683752347e-07, 3.29657336806e-06, 1.00905697309e-06, 1.59856813298e-06, 4.30786855077e-08, 3.6566902395e-07, 1.10926080765e-07, 1.21236567452e-08, 6.08402617175e-09, 2.5399780057e-08, 4.62223981312e-10, 1.44978570815e-10, 6.77589651055e-10, 2.13438128283e-10, 8.74836730835e-11, 2.97358387913e-10, 1.85863435753e-10, 7.35095456728e-11, 5.43587987123e-11, 4.12905508396e-11, 1.92446536137e-12, 9.08397055494e-12, 2.99379288992e-14, 1.53804898505e-12, 2.70213251053e-15, 1.67224496688e-20]
    mfcc:
        mean: [-931.86920166, 152.582809448, 25.1392250061, 48.6969032288, -1.46222698689, 11.5676374435, -8.0257434845, 3.39668917656, 4.30962896347, -15.2839946747, 5.39865112305, -6.46773958206, 4.26467370987]
        cov: [[4431.06689453, -1107.91784668, -263.717224121, -817.032409668, -704.813171387, -456.226593018, -193.391708374, -295.356109619, -188.048034668, -17.1728305817, -102.746063232, -37.6610488892, -104.660346985], [-1107.91784668, 1885.83825684, 8.85969352722, -134.952865601, -190.057907104, -93.4552841187, -7.76763772964, 93.6622467041, 99.0632400513, 144.494338989, 268.141815186, 239.100631714, 206.075027466], [-263.717224121, 8.85969352722, 899.463623047, 174.411682129, 88.6866607666, 189.673233032, -3.68713116646, 80.5097732544, 125.451576233, -48.3598251343, 54.5056228638, 52.0665817261, 94.3491897583], [-817.032409668, -134.952865601, 174.411682129, 602.055297852, 381.848205566, 146.624176025, 31.214050293, 54.2874183655, 28.6793289185, -24.043176651, -79.9497146606, -30.8876152039, 2.34872245789], [-704.813171387, -190.057907104, 88.6866607666, 381.848205566, 403.297241211, 231.148025513, 98.4668502808, 99.5510101318, 88.2741546631, 33.6701660156, -33.8696556091, -66.528717041, -52.4744110107], [-456.226593018, -93.4552841187, 189.673233032, 146.624176025, 231.148025513, 266.259185791, 126.808982849, 114.89956665, 121.896697998, 48.5111160278, 35.7725028992, -23.7812862396, -42.3584289551], [-193.391708374, -7.76763772964, -3.68713116646, 31.214050293, 98.4668502808, 126.808982849, 127.978607178, 89.0997238159, 74.7817230225, 59.8314819336, 50.4693756104, 32.3754196167, 11.7532892227], [-295.356109619, 93.6622467041, 80.5097732544, 54.2874183655, 99.5510101318, 114.89956665, 89.0997238159, 119.407104492, 102.641242981, 66.4958572388, 58.68983078, 30.7587451935, 18.227312088], [-188.048034668, 99.0632400513, 125.451576233, 28.6793289185, 88.2741546631, 121.896697998, 74.7817230225, 102.641242981, 156.624771118, 107.510864258, 84.7038574219, 20.1457824707, -15.1708850861], [-17.1728305817, 144.494338989, -48.3598251343, -24.043176651, 33.6701660156, 48.5111160278, 59.8314819336, 66.4958572388, 107.510864258, 164.180053711, 112.448410034, 48.797164917, -6.34735393524], [-102.746063232, 268.141815186, 54.5056228638, -79.9497146606, -33.8696556091, 35.7725028992, 50.4693756104, 58.68983078, 84.7038574219, 112.448410034, 170.912094116, 128.200775146, 70.2212905884], [-37.6610488892, 239.100631714, 52.0665817261, -30.8876152039, -66.528717041, -23.7812862396, 32.3754196167, 30.7587451935, 20.1457824707, 48.797164917, 128.200775146, 202.795837402, 178.879135132], [-104.660346985, 206.075027466, 94.3491897583, 2.34872245789, -52.4744110107, -42.3584289551, 11.7532892227, 18.227312088, -15.1708850861, -6.34735393524, 70.2212905884, 178.879135132, 238.638824463]]
        icov: [[0.000647546316031, 0.000452109845355, -0.000357108248863, 0.000687344407197, 0.00039995345287, 0.000746525533032, -0.000366307882359, 0.000739829440136, -0.000125453239889, -0.00136793556157, 0.00152355385944, -0.00125013850629, 0.000654391944408], [0.000452109845355, 0.00118763314094, 0.000132866261993, -0.000129516076413, 0.00123291136697, 0.000383426289773, 0.000805377203505, -0.000749575847294, -0.000368377339328, -0.000495962623972, -0.00101264414843, 0.000266307441052, -0.000460046459921], [-0.000357108248863, 0.000132866261993, 0.0034665260464, -0.00235058087856, 0.00313806463964, -0.00507083162665, 0.00478900549933, -0.00103334279265, -0.00376998749562, 0.00402100523934, -0.00364064518362, 0.00291644386016, -0.00323327886872], [0.000687344407197, -0.000129516076413, -0.00235058087856, 0.00882161222398, -0.0100017059594, 0.00462716026232, 0.000428189057857, 0.000913728261366, 0.00135457224678, -0.00287460489199, 0.00860629975796, -0.00940999668092, 0.00431770645082], [0.00039995345287, 0.00123291136697, 0.00313806463964, -0.0100017059594, 0.0204736292362, -0.0121631789953, 0.00221956940368, -0.00234303646721, -0.00110017310362, -0.00196589599364, -0.00360425608233, 0.00968001876026, -0.00593647640198], [0.000746525533032, 0.000383426289773, -0.00507083162665, 0.00462716026232, -0.0121631789953, 0.0258490778506, -0.0168079640716, 0.00176432984881, -0.00283270166256, 0.00288767460734, -0.00152963970322, -0.00184948905371, 0.00629546074197], [-0.000366307882359, 0.000805377203505, 0.00478900549933, 0.000428189057857, 0.00221956940368, -0.0168079640716, 0.0337157398462, -0.0154692763463, 0.00159499398433, -0.00131111324299, 0.0015550168464, -0.00557693233714, -0.00193878554273], [0.000739829440136, -0.000749575847294, -0.00103334279265, 0.000913728261366, -0.00234303646721, 0.00176432984881, -0.0154692763463, 0.0351684615016, -0.0154057405889, 0.000130121436086, 0.00243924115784, 0.000343460473232, -0.00270616333], [-0.000125453239889, -0.000368377339328, -0.00376998749562, 0.00135457224678, -0.00110017310362, -0.00283270166256, 0.00159499398433, -0.0154057405889, 0.0318941958249, -0.0142639763653, -0.000878681545146, 0.000781632261351, 0.0034145549871], [-0.00136793556157, -0.000495962623972, 0.00402100523934, -0.00287460489199, -0.00196589599364, 0.00288767460734, -0.00131111324299, 0.000130121436086, -0.0142639763653, 0.0271142013371, -0.0180955957621, 0.00576289463788, -0.000778804474976], [0.00152355385944, -0.00101264414843, -0.00364064518362, 0.00860629975796, -0.00360425608233, -0.00152963970322, 0.0015550168464, 0.00243924115784, -0.000878681545146, -0.0180955957621, 0.0429852232337, -0.0317108519375, 0.0121543304995], [-0.00125013850629, 0.000266307441052, 0.00291644386016, -0.00940999668092, 0.00968001876026, -0.00184948905371, -0.00557693233714, 0.000343460473232, 0.000781632261351, 0.00576289463788, -0.0317108519375, 0.0471846088767, -0.0256245434284], [0.000654391944408, -0.000460046459921, -0.00323327886872, 0.00431770645082, -0.00593647640198, 0.00629546074197, -0.00193878554273, -0.00270616333, 0.0034145549871, -0.000778804474976, 0.0121543304995, -0.0256245434284, 0.0220523085445]]
    spectral_contrast:
        mean: [1.57698565317e-07, -3.44205602687e-07, -6.89006229848e-09, 3.12941637048e-07, 2.65357954277e-07, 4.4912169983e-07, -4.08209052694e-06, -1.30178193558e-07, -1.8022126369e-06, -7.82310962677e-07, 9.91479168988e-07, 2.89786203211e-06]
        var: [0.00011162130977, 0.000334988348186, 0.000522700604051, 0.00429154885933, 0.0060599707067, 0.0134153701365, 0.0592168644071, 0.138572603464, 0.236429154873, 0.44187015295, 0.800405621529, 2.86236429214]

rhythm:
    beats_loudness:
        dmean: 0.00573711190373
        dmean2: 0.00995218101889
        dvar: 2.47660773312e-05
        dvar2: 4.82401846966e-05
        max: 0.0151141537353
        mean: 0.004349488765
        min: 0.000137316703331
        var: 2.5845150958e-05
    beats_loudness_bass:
        dmean: 0.612967312336
        dmean2: 1.20096361637
        dvar: 0.0810080915689
        dvar2: 0.202483341098
        max: 0.993834912777
        mean: 0.434098780155
        min: 0.0396757088602
        var: 0.137265473604
    bpm: 89.2963638306
    bpm_confidence: 0
    first_peak_bpm: 89
    first_peak_spread: 0
    first_peak_weight: 0.923076927662
    onset_rate: 3.88793945312
    second_peak_bpm: 55
    second_peak_spread: 0
    second_peak_weight: 0.0769230797887
    beats_position: [0.420361995697, 1.09215581417, 1.76394939423, 2.43574309349, 3.10753679276, 3.77933073044, 4.45112466812, 5.12291812897, 6.20761346817, 6.87969589233, 7.55177927017, 8.22386169434, 8.89594554901, 9.56802845001]
    bpm_estimates: [89.3794708252, 89.2607421875, 89.4915237427, 89.3943405151, 89.3157653809, 89.2184677124, 89.2358093262, 89.252822876, 89.2699813843, 89.3874130249, 89.2401504517, 89.313911438, 89.2553253174, 89.2438201904, 89.2234344482, 89.2589645386]
    bpm_intervals: [0.671793818474, 0.671793580055, 0.671793699265, 0.671793699265, 0.671793937683, 0.671793937683, 0.671793460846, 1.0846953392, 0.672082424164, 0.672083377838, 0.672082424164, 0.672083854675, 0.672082901001]
    onset_times: [0.0464399084449, 0.394739240408, 0.731428563595, 1.05650794506, 1.40480720997, 1.72988665104, 1.91564631462, 2.06657600403, 2.41487526894, 2.63546490669, 2.76317453384, 3.09986400604, 3.43655323982, 3.76163268089, 4.09832191467, 4.43501138687, 4.60916090012, 4.77170085907, 5.10838985443, 5.45668935776, 5.79337882996, 6.13006782532, 6.45514726639, 6.80344676971, 7.08208608627, 7.39555549622, 7.4884352684, 7.65097522736, 7.81351470947, 8.16181373596, 8.48689365387, 8.71909332275, 8.83519268036, 9.07900238037, 9.16027164459, 9.50857162476, 9.74077129364, 9.84526062012, 10.0078001022]
    rubato_start: []
    rubato_stop: []
    perceptual_tempo: "unknown"

sfx:
    inharmonicity:
        dmean: 0.0126747637987
        dmean2: 0.0233134962618
        dvar: 0.000899161794223
        dvar2: 0.00255348207429
        max: 0.321014463902
        mean: 0.0091259945184
        min: 4.84692286307e-09
        var: 0.000606770743616
    oddtoevenharmonicenergyratio:
        dmean: 6.415184021
        dmean2: 12.6971979141
        dvar: 1846.31311035
        dvar2: 5702.45361328
        max: 585.027282715
        mean: 3.53265047073
        min: 2.44823098683e-07
        var: 935.874938965
    pitch_after_max_to_before_max_energy_ratio: 5.32771015167
    pitch_centroid: 217.728607178
    pitch_max_to_total: 0.407407402992
    pitch_min_to_total: 0.349537044764
    tristimulus:
        dmean: [0.200652077794, 0.193924233317, 0.0283598583192]
        dmean2: [0.361191958189, 0.354187339544, 0.0505406148732]
        dvar: [0.0627045482397, 0.0626447796822, 0.00368023407646]
        dvar2: [0.162905499339, 0.163334086537, 0.010144867003]
        max: [0.999197602272, 0.990418851376, 0.476216733456]
        mean: [0.724439620972, 0.238371878862, 0.0231206323951]
        min: [0.00355536933057, 0, 0]
        var: [0.0769942328334, 0.0719297304749, 0.0030192877166]

tonal:
    chords_changes_rate: 0.0967741906643
    chords_number_rate: 0.0368663594127
    chords_strength:
        dmean: 0.00881857704371
        dmean2: 0.00850948970765
        dvar: 4.09336498706e-05
        dvar2: 4.97982073284e-05
        max: 0.559117615223
        mean: 0.369224518538
        min: 0.230163440108
        var: 0.00382007658482
    key_strength: 0.705814003944
    tuning_diatonic_strength: 0.480085968971
    tuning_equal_tempered_deviation: 0.0669503062963
    tuning_frequency: 431.443084717
    tuning_nontempered_energy_ratio: 0.670558214188
    hpcp:
        dmean: [0.0713896974921, 0.0595581792295, 0.108476452529, 0.118308290839, 0.148524478078, 0.186413481832, 0.221600830555, 0.163070932031, 0.0739249363542, 0.0639836490154, 0.0727475956082, 0.0668178349733, 0.0658478066325, 0.0452307984233, 0.0450603440404, 0.0624104440212, 0.0461023338139, 0.0267104245722, 0.0201586261392, 0.0364143326879, 0.147755458951, 0.164322257042, 0.107080191374, 0.034882299602, 0.0274035893381, 0.0273035056889, 0.0489206276834, 0.0563146285713, 0.0446332991123, 0.0772878080606, 0.137320712209, 0.127559125423, 0.0666848123074, 0.041670486331, 0.024194650352, 0.0515570640564]
        dmean2: [0.132989689708, 0.100540287793, 0.172884240746, 0.197155371308, 0.250088870525, 0.311724275351, 0.38248103857, 0.284012913704, 0.129805788398, 0.109531857073, 0.132888942957, 0.130218580365, 0.129457056522, 0.0876473784447, 0.0762993469834, 0.104749567807, 0.076795078814, 0.048822093755, 0.0369596332312, 0.0661072134972, 0.244123056531, 0.290360927582, 0.177314355969, 0.0627286732197, 0.0538973659277, 0.0523298569024, 0.0916324406862, 0.106106363237, 0.0835596546531, 0.138800144196, 0.246845781803, 0.238922014832, 0.126105770469, 0.0770504698157, 0.0448230728507, 0.0948792099953]
        dvar: [0.0361020341516, 0.0121649028733, 0.0488742627203, 0.0640680119395, 0.0541881136596, 0.05491983518, 0.0785587504506, 0.057974871248, 0.0182583201677, 0.0282028559595, 0.0382079668343, 0.0393253341317, 0.045461487025, 0.0230653751642, 0.012840594165, 0.0275499783456, 0.00798937212676, 0.00305396062322, 0.00173901836388, 0.00475627090782, 0.0384704917669, 0.0673162415624, 0.0164375249296, 0.0104734478518, 0.0183086562902, 0.00778265297413, 0.0239040702581, 0.0236999131739, 0.00921569019556, 0.0208341721445, 0.0420427136123, 0.0360553227365, 0.0177152771503, 0.0151957701892, 0.00481079425663, 0.0153917809948]
        dvar2: [0.0820240080357, 0.0281232371926, 0.0792997404933, 0.102514036, 0.140662565827, 0.135754451156, 0.173880249262, 0.152312844992, 0.0469782315195, 0.0606407038867, 0.105059988797, 0.114481262863, 0.13300229609, 0.067732334137, 0.0299628544599, 0.0547727942467, 0.0173480436206, 0.00833674892783, 0.00478893471882, 0.0132241155952, 0.0901421755552, 0.137226894498, 0.0388564132154, 0.02914105542, 0.0543525256217, 0.0228459630162, 0.0685011744499, 0.064132630825, 0.0252532102168, 0.0570885725319, 0.106671452522, 0.102103479207, 0.0521365366876, 0.0453243218362, 0.0138404406607, 0.038921199739]
        max: [1, 0.529008626938, 1, 1, 1, 1, 1, 1, 0.629740178585, 1, 1, 1, 1, 1, 0.645583629608, 1, 0.62304019928, 0.294421225786, 0.257285237312, 0.449706196785, 1, 1, 1, 0.795424342155, 1, 0.545104563236, 1, 1, 0.646932482719, 1, 1, 1, 0.787726402283, 1, 0.616351366043, 0.723899006844]
        mean: [0.0680120289326, 0.0544142872095, 0.134476616979, 0.19676579535, 0.149868667126, 0.250036746264, 0.349134087563, 0.196350231767, 0.0725282430649, 0.0899243056774, 0.0688400566578, 0.0374431945384, 0.0365654453635, 0.0271120723337, 0.0629974380136, 0.0997112393379, 0.0572744980454, 0.0211285296828, 0.0168553609401, 0.0327666625381, 0.271348953247, 0.439877957106, 0.213047161698, 0.0284276381135, 0.0153984781355, 0.0153265101835, 0.0375292077661, 0.0579321980476, 0.0417261272669, 0.0759879276156, 0.149612694979, 0.10990832001, 0.0410346202552, 0.0263844039291, 0.0159930903465, 0.0427449271083]
        min: [0, 6.64458639221e-06, 1.38945451909e-05, 1.51622271005e-05, 1.19071146401e-05, 0, 0, 0, 0, 0, 5.33693264515e-06, 9.01936527953e-06, 3.90447094105e-05, 3.8145812141e-05, 0, 7.67424353398e-06, 9.45369993133e-06, 3.79994417017e-05, 6.67285130476e-05, 4.39936229668e-05, 1.49428087752e-05, 1.90654845937e-05, 4.24550271418e-05, 2.66996266873e-06, 0, 0, 6.83176995153e-06, 4.65591110697e-05, 7.61114715715e-05, 2.85103033093e-05, 0, 0, 0, 0, 0, 0]
        var: [0.0371667221189, 0.0127735696733, 0.0808736756444, 0.131202846766, 0.0604167208076, 0.0711328759789, 0.137018874288, 0.0687748789787, 0.0210301298648, 0.0533058494329, 0.0305051915348, 0.0208532232791, 0.023744314909, 0.0120510421693, 0.0227448549122, 0.0607757084072, 0.0136032355949, 0.00231481879018, 0.00127478747163, 0.00389724876732, 0.0838260054588, 0.176693707705, 0.0509814061224, 0.00826341379434, 0.0093792071566, 0.00416956888512, 0.0165645070374, 0.0287594478577, 0.0100577613339, 0.0223164595664, 0.0631871968508, 0.0330558717251, 0.0113488715142, 0.00997578911483, 0.00318184914067, 0.0137256374583]
    chords_histogram: [23.9631328583, 0, 6.45161294937, 0, 0, 0, 14.7465438843, 18.4331798553, 0, 0.460829496384, 0, 1.38248848915, 0, 0, 0, 0, 0, 0, 6.91244220734, 0, 0, 0, 23.5023040771, 4.14746522903]
    thpcp: [1, 0.484332442284, 0.0646261945367, 0.0350062511861, 0.0348426401615, 0.0853173211217, 0.131700620055, 0.0948584154248, 0.17274774611, 0.340123206377, 0.249860942364, 0.0932863727212, 0.0599811896682, 0.0363580174744, 0.0971745178103, 0.154615685344, 0.123703144491, 0.305713474751, 0.447319060564, 0.340705096722, 0.568422973156, 0.793706715107, 0.446374326944, 0.164882645011, 0.204430118203, 0.156498089433, 0.0851217806339, 0.0831263437867, 0.0616354420781, 0.143215715885, 0.226679325104, 0.13020542264, 0.0480327084661, 0.0383182652295, 0.0744903460145, 0.616873264313]
    chords_key: "E"
    chords_scale: "minor"
    key_key: "E"
    key_scale: "minor"
    chords_progression: ["Gm", "Gm", "Gm", "Gm", "Gm", "Gm", "Gm", "Gm", "Gm", "Gm", "Gm", "Gm", "Gm", "Gm", "Gm", "Bm", "Bm", "Bm", "Bm", "Bm", "Bm", "Bm", "Em", "Em", "Em", "Em", "Em", "Em", "Bm", "Bm", "Bm", "Bm", "Bm", "Bm", "Bm", "Em", "Em", "Em", "Em", "Em", "Em", "Em", "Em", "Em", "Em", "Am", "Am", "Am", "Am", "Am", "Em", "Em", "Em", "Em", "Em", "Am", "Am", "Am", "Am", "Am", "Am", "Am", "Am", "Am", "Am", "Am", "Am", "Am", "Am", "Am", "Am", "Am", "E", "E", "E", "E", "E", "E", "E", "E", "E", "E", "Em", "Em", "Em", "Em", "Em", "Em", "Em", "E", "E", "E", "E", "C#m", "C#m", "C#m", "C#m", "C#m", "C#m", "C#m", "C#m", "C#m", "C#m", "C#m", "C#m", "C#m", "C#m", "C#m", "C#m", "C#m", "C#m", "C#m", "C#m", "C#m", "C#m", "C#m", "C#m", "B", "F#", "F#", "F#", "C#m", "C#m", "C#m", "C#m", "C#m", "C#m", "C#m", "C#m", "E", "E", "E", "E", "E", "E", "E", "E", "E", "E", "E", "E", "E", "E", "E", "E", "E", "E", "E", "E", "E", "E", "E", "E", "E", "E", "Am", "Am", "Am", "Am", "Am", "Am", "Am", "Am", "C", "C", "Am", "Am", "Am", "Am", "Am", "Am", "Am", "Am", "Am", "Am", "Am", "Am", "Am", "Am", "Am", "Am", "Am", "Am", "Am", "Am", "C", "C", "C", "C", "C", "C", "C", "Am", "Em", "Em", "Em", "Em", "Em", "Em", "Em", "Em", "Em", "Em", "Em", "Em", "Em", "Em", "Em", "Em", "Em", "Em", "Em", "Em", "Em", "Em", "Em", "Em"]
