
metadata:
    version:
        essentia: "1.2.2"
    audio_properties:
        analysis_sample_rate: 44100
        bitrate: 128
        channels: 2
        equal_loudness: 1
        length: 10.0310201645
        replay_gain: -14.838136673
        downmix: "mix"
    tags:
        track: 2
        year: 0
        album: "Splitted by Mp3Splt v. 2.1"
        artist: "From 000.10 To 000.20"
        comment: "http://mp3splt.sf.net"
        genre: ""
        title: "10 Your Fire Your Soul.mp3"

highlevel:
    ballroom:
        all:
            ChaChaCha: 0.0771488919854
            Jive: 0.340826481581
            Quickstep: 0.2977386415
            Rumba-American: 0.00831177644432
            Rumba-International: 0.0522166155279
            Rumba-Misc: 0.0293229743838
            Samba: 0.177174165845
            Tango: 0.00470389612019
            VienneseWaltz: 0.0083473129198
            Waltz: 0.00420924788341
        probability: 0.340826481581
        value: "Jive"
    culture:
        all:
            non_western: 0.027071448043
            western: 0.972928524017
        probability: 0.972928524017
        value: "western"
    gender:
        all:
            female: 0.897002875805
            male: 0.102997139096
        probability: 0.897002875805
        value: "female"
    genre_dortmund:
        all:
            alternative: 0.0503700710833
            blues: 0.0744321346283
            electronic: 0.00403733784333
            folkcountry: 0.382957220078
            funksoulrnb: 0.031883046031
            jazz: 0.131635993719
            pop: 0.218684881926
            raphiphop: 0.00312370667234
            rock: 0.102875612676
        probability: 0.382957220078
        value: "folkcountry"
    genre_electronica:
        all:
            ambient: 0.218985944986
            dnb: 0.315763354301
            house: 0.126493558288
            techno: 0.0125768017024
            trance: 0.32618033886
        probability: 0.32618033886
        value: "trance"
    genre_rosamerica:
        all:
            cla: 0.00407285103574
            dan: 0.0192586481571
            hip: 0.0102722700685
            jaz: 0.0559234730899
            pop: 0.648290932178
            rhy: 0.198285028338
            roc: 0.060137078166
            spe: 0.00375973968767
        probability: 0.648290932178
        value: "pop"
    genre_tzanetakis:
        all:
            blu: 0.000847285904456
            cla: 0.000479447335238
            cou: 0.034026991576
            dis: 0.0324103496969
            hip: 0.000642588711344
            jaz: 0.00610237382352
            met: 0.00109173392411
            pop: 0.878141224384
            reg: 0.0196014922112
            roc: 0.0266564898193
        probability: 0.878141224384
        value: "pop"
    live_studio:
        all:
            live: 0.256887853146
            studio: 0.743112146854
        probability: 0.743112146854
        value: "studio"
    mood:
        all:
            Cluster1: 0.0937130302191
            Cluster2: 0.427752166986
            Cluster3: 0.252183049917
            Cluster4: 0.202469065785
            Cluster5: 0.0238826889545
        probability: 0.427752166986
        value: "Cluster2"
    mood_acoustic:
        all:
            acoustic: 0.862520158291
            not_acoustic: 0.13747985661
        probability: 0.862520158291
        value: "acoustic"
    mood_aggressive:
        all:
            aggressive: 0.00273326598108
            not_aggressive: 0.997266709805
        probability: 0.997266709805
        value: "not_aggressive"
    mood_electronic:
        all:
            electronic: 0.0231682807207
            not_electronic: 0.97683173418
        probability: 0.97683173418
        value: "not_electronic"
    mood_happy:
        all:
            happy: 0.708035826683
            not_happy: 0.291964143515
        probability: 0.708035826683
        value: "happy"
    mood_party:
        all:
            not_party: 0.720702052116
            party: 0.279297918081
        probability: 0.720702052116
        value: "not_party"
    mood_relaxed:
        all:
            not_relaxed: 0.843002378941
            relaxed: 0.156997621059
        probability: 0.843002378941
        value: "not_relaxed"
    mood_sad:
        all:
            not_sad: 0.340705126524
            sad: 0.659294843674
        probability: 0.659294843674
        value: "sad"
    rhythm:
        all:
            fast: 0.857559144497
            medium: 0.134240955114
            slow: 0.0081998705864
        probability: 0.857559144497
        value: "fast"
    speech_music:
        all:
            music: 0.999472737312
            speech: 0.000527250464074
        probability: 0.999472737312
        value: "music"
    timbre:
        all:
            bright: 0.999996125698
            dark: 3.84677014154e-06
        probability: 0.999996125698
        value: "bright"
    voice_instrumental:
        all:
            instrumental: 0.171316415071
            voice: 0.828683555126
        probability: 0.828683555126
        value: "voice"

lowlevel:
    average_loudness: 0.973368287086
    barkbands_kurtosis:
        dmean: 1.78580677509
        dmean2: 2.79800438881
        dvar: 8.22983360291
        dvar2: 16.7526550293
        max: 26.9225673676
        mean: 1.35361075401
        min: -1.89889550209
        var: 14.0882301331
    barkbands_skewness:
        dmean: 0.511615633965
        dmean2: 0.72516977787
        dvar: 0.300661027431
        dvar2: 0.505060076714
        max: 4.61764097214
        mean: 0.961067974567
        min: -4.06174564362
        var: 1.45715045929
    barkbands_spread:
        dmean: 6.45060491562
        dmean2: 9.39137649536
        dvar: 42.7623672485
        dvar2: 82.7237548828
        max: 66.7278671265
        mean: 28.1498336792
        min: 4.29230690002
        var: 152.865402222
    dissonance:
        dmean: 0.0209718048573
        dmean2: 0.0347368605435
        dvar: 0.000487394689117
        dvar2: 0.00126522406936
        max: 0.497125864029
        mean: 0.446719616652
        min: 0.335674017668
        var: 0.00108338100836
    hfc:
        dmean: 2.10530424118
        dmean2: 2.78333234787
        dvar: 13.4345016479
        dvar2: 24.2656478882
        max: 43.114074707
        mean: 5.14185142517
        min: 0.204207673669
        var: 42.9823951721
    pitch:
        dmean: 455.231842041
        dmean2: 881.923156738
        dvar: 1289519.25
        dvar2: 3037129.75
        max: 4900
        mean: 810.370361328
        min: 64.6627578735
        var: 1753329
    pitch_instantaneous_confidence:
        dmean: 0.0964410677552
        dmean2: 0.142126902938
        dvar: 0.00991316419095
        dvar2: 0.0210287030786
        max: 0.923190951347
        mean: 0.534331023693
        min: 0.158978164196
        var: 0.0480848588049
    pitch_salience:
        dmean: 0.0662055462599
        dmean2: 0.108662642539
        dvar: 0.00452447030693
        dvar2: 0.0119802188128
        max: 0.805318892002
        mean: 0.596793830395
        min: 0.325281441212
        var: 0.00863871816546
    silence_rate_20dB:
        dmean: 0
        dmean2: 0
        dvar: 0
        dvar2: 0
        max: 1
        mean: 1
        min: 1
        var: 0
    silence_rate_30dB:
        dmean: 0
        dmean2: 0
        dvar: 0
        dvar2: 0
        max: 1
        mean: 1
        min: 1
        var: 0
    silence_rate_60dB:
        dmean: 0.152777776122
        dmean2: 0.306264489889
        dvar: 0.129436790943
        dvar2: 0.240308895707
        max: 1
        mean: 0.535796761513
        min: 0
        var: 0.248718842864
    spectral_centroid:
        dmean: 274.26361084
        dmean2: 394.585296631
        dvar: 125155.0625
        dvar2: 228548.5625
        max: 4805.41552734
        mean: 1224.77478027
        min: 295.186523438
        var: 625641.3125
    spectral_complexity:
        dmean: 2.20649647713
        dmean2: 3.24883723259
        dvar: 7.27291107178
        dvar2: 12.8427391052
        max: 30
        mean: 8.32175922394
        min: 0
        var: 23.8108348846
    spectral_crest:
        dmean: 2.5097630024
        dmean2: 3.98007774353
        dvar: 5.48645830154
        dvar2: 14.3897848129
        max: 21.5653858185
        mean: 9.25847053528
        min: 3.4335064888
        var: 11.1725025177
    spectral_decrease:
        dmean: 3.20847820534e-10
        dmean2: 4.63390742445e-10
        dvar: 2.24298579243e-19
        dvar2: 5.26392771314e-19
        max: -1.00555622856e-11
        mean: -8.42108938137e-10
        min: -4.10832479147e-09
        var: 4.51624329336e-19
    spectral_energy:
        dmean: 0.00138489482924
        dmean2: 0.00197211909108
        dvar: 4.04583988711e-06
        dvar2: 9.17481793294e-06
        max: 0.0176000222564
        mean: 0.00364469434135
        min: 5.7337594626e-05
        var: 9.04183070816e-06
    spectral_energyband_high:
        dmean: 0.000182395728189
        dmean2: 0.000252609432209
        dvar: 2.32550377177e-07
        dvar2: 4.81524750739e-07
        max: 0.0070067984052
        mean: 0.000335788034135
        min: 1.68208862306e-06
        var: 5.35197273166e-07
    spectral_energyband_low:
        dmean: 0.000117979958304
        dmean2: 0.000194021806237
        dvar: 7.65212107012e-08
        dvar2: 1.91942532979e-07
        max: 0.00237095076591
        mean: 0.000242070353124
        min: 1.21234802464e-06
        var: 7.01989719687e-08
    spectral_energyband_middle_high:
        dmean: 0.000509968900587
        dmean2: 0.000707101309672
        dvar: 8.08226900517e-07
        dvar2: 1.57200338435e-06
        max: 0.00953979883343
        mean: 0.00116972997785
        min: 1.42727567436e-05
        var: 2.7139087706e-06
    spectral_energyband_middle_low:
        dmean: 0.000881615327671
        dmean2: 0.00135960651096
        dvar: 2.30783871302e-06
        dvar2: 5.83526752962e-06
        max: 0.0109619051218
        mean: 0.00189710769337
        min: 7.91645015852e-06
        var: 2.92023059956e-06
    spectral_flatness_db:
        dmean: 0.019679479301
        dmean2: 0.0283681321889
        dvar: 0.000334862095769
        dvar2: 0.000673869333696
        max: 0.297656536102
        mean: 0.180028364062
        min: 0.0883444473147
        var: 0.00166991748847
    spectral_flux:
        dmean: 0.0115115838125
        dmean2: 0.017054611817
        dvar: 0.000154058929184
        dvar2: 0.000304392742692
        max: 0.111430644989
        mean: 0.0341845788062
        min: 0.00541298417374
        var: 0.000471766892588
    spectral_kurtosis:
        dmean: 1.39863359928
        dmean2: 2.11967086792
        dvar: 2.01761341095
        dvar2: 4.81025505066
        max: 15.3290119171
        mean: 4.00709295273
        min: -1.25849437714
        var: 6.43157625198
    spectral_rms:
        dmean: 0.000331907358486
        dmean2: 0.000454184715636
        dvar: 1.70700886315e-07
        dvar2: 3.4548571648e-07
        max: 0.00414376100525
        mean: 0.00174405355938
        min: 0.000236514519202
        var: 5.14081079928e-07
    spectral_rolloff:
        dmean: 647.394775391
        dmean2: 1003.09637451
        dvar: 696144.875
        dvar2: 1219354.625
        max: 9388.4765625
        mean: 2425.12695312
        min: 193.798828125
        var: 2348904.5
    spectral_skewness:
        dmean: 0.227686151862
        dmean2: 0.333224445581
        dvar: 0.0553652867675
        dvar2: 0.112733051181
        max: 3.1233420372
        mean: 1.48633718491
        min: 0.0569676123559
        var: 0.211471945047
    spectral_spread:
        dmean: 754598.75
        dmean2: 1012114
        dvar: 1.10827706778e+12
        dvar2: 1.47604465254e+12
        max: 15348603
        mean: 5420205
        min: 2141590.75
        var: 5.01871542272e+12
    spectral_strongpeak:
        dmean: 0.368780463934
        dmean2: 0.625666975975
        dvar: 0.72409170866
        dvar2: 2.02606248856
        max: 7.78172874451
        mean: 0.59572905302
        min: 0.0231107082218
        var: 0.857126891613
    zerocrossingrate:
        dmean: 0.0115363523364
        dmean2: 0.0120719019324
        dvar: 0.000161269839737
        dvar2: 0.000139984971611
        max: 0.25048828125
        mean: 0.0743340402842
        min: 0.0166015625
        var: 0.00136700714938
    barkbands:
        dmean: [2.50354368347e-08, 5.21738547832e-05, 7.55462606321e-05, 8.76218764461e-05, 0.000507101533003, 0.00017453066539, 0.000134888687171, 0.000124273836263, 0.000153623303049, 8.68174174684e-05, 6.30978684057e-05, 2.30922996707e-05, 3.13919117616e-05, 3.76133393729e-05, 6.50894362479e-05, 0.000101885823824, 8.22129222797e-05, 0.000125793449115, 0.000133794805151, 0.000155780013301, 7.60849579819e-05, 1.29246745928e-05, 3.25448263538e-06, 3.63014169125e-06, 1.8653739744e-06, 7.60994254279e-08, 8.37323599345e-10]
        dmean2: [3.75922795115e-08, 9.00670784176e-05, 0.000132359360578, 0.00015089790395, 0.000862744112965, 0.000269593438134, 0.00022533047013, 0.000182390402188, 0.000224641204113, 0.000116482377052, 8.74337129062e-05, 3.34177348122e-05, 4.53870488855e-05, 6.0555888922e-05, 9.61447440204e-05, 0.000161419375218, 0.000123484554933, 0.000186428267625, 0.00021195676527, 0.000207782941288, 0.000112478475785, 1.80490951607e-05, 4.50055858892e-06, 4.7856715355e-06, 2.80774588646e-06, 1.1733822447e-07, 1.09096798262e-09]
        dvar: [6.15234673238e-15, 2.33823360674e-08, 3.04297245179e-08, 1.67853038135e-08, 1.59449234616e-06, 1.13204407626e-07, 9.21125788977e-08, 5.66117748235e-08, 2.33790615312e-07, 1.11788018842e-07, 5.58926771532e-08, 6.97889834811e-09, 8.8969134282e-09, 2.70740372343e-08, 2.10506847509e-08, 8.40174507744e-08, 5.37592690364e-08, 7.52434701212e-08, 1.15649847032e-07, 1.84292261451e-07, 3.32055059005e-08, 9.32775523488e-10, 7.40829272927e-11, 1.44328410334e-10, 3.95591441549e-11, 4.32658093651e-14, 1.0606219002e-16]
        dvar2: [1.29991130978e-14, 5.86742068265e-08, 8.23859025445e-08, 4.58626381317e-08, 4.24013978773e-06, 2.28767092381e-07, 2.26021498406e-07, 1.319562557e-07, 5.29237865976e-07, 2.00737304112e-07, 1.22241146983e-07, 1.46394105727e-08, 2.02164986973e-08, 7.18725843285e-08, 4.02690112367e-08, 1.98192239509e-07, 1.07724069665e-07, 1.38389083304e-07, 2.34371626107e-07, 3.93508855723e-07, 4.92283156461e-08, 1.54797374918e-09, 1.37212657902e-10, 2.50833770421e-10, 8.67555680073e-11, 1.15297148998e-13, 1.06719037601e-16]
        max: [6.57127884551e-07, 0.00144211261068, 0.00160068250261, 0.000990681350231, 0.00959847029299, 0.00359311839566, 0.00372438319027, 0.00218654586934, 0.00657622190192, 0.00594149669632, 0.00356100685894, 0.00100174499676, 0.00126826774795, 0.0021721269004, 0.00166411185637, 0.00278199790046, 0.00362722040154, 0.00325440289453, 0.0044544111006, 0.00623862165958, 0.00291084405035, 0.000449661485618, 0.000136332571856, 0.000148984632688, 8.60869840835e-05, 2.06833306038e-06, 2.14120177588e-07]
        mean: [2.19646487665e-08, 7.82193601481e-05, 0.000163829885423, 0.00014203817409, 0.000656609947328, 0.000421098462539, 0.000184500517207, 0.000184233867913, 0.00025839288719, 0.000122734461911, 0.000105877130409, 2.70818582067e-05, 4.56589732494e-05, 4.24048957939e-05, 0.00010011230188, 0.000120499869809, 0.0001310097432, 0.00019566755509, 0.000221106689423, 0.000272541423328, 0.000135682101245, 2.1549194571e-05, 5.44423755855e-06, 5.49687456441e-06, 2.7813421184e-06, 1.03109293548e-07, 8.86096473973e-10]
        min: [2.08278498615e-11, 4.38962004523e-08, 8.62935905843e-07, 1.36795881645e-06, 4.27869736086e-06, 1.21867898883e-07, 2.05082756111e-07, 8.55134345557e-08, 2.13920898773e-07, 4.07956157744e-09, 4.18368486521e-08, 1.11794209445e-08, 2.14323421233e-08, 3.52902063128e-08, 2.18108535677e-08, 2.47038343559e-07, 2.69762807648e-07, 4.00257391675e-07, 1.2587152014e-06, 1.5209287767e-06, 5.75763749566e-07, 7.00481024296e-08, 2.38775914596e-08, 1.04114956656e-08, 2.50573894967e-09, 5.64347631127e-11, 8.10053657182e-14]
        var: [5.79767879077e-15, 1.94214866411e-08, 2.89450667879e-08, 2.10607780105e-08, 1.19638491469e-06, 4.15226224959e-07, 1.36180076993e-07, 1.03974585386e-07, 4.22746410322e-07, 2.17492342358e-07, 1.37749452733e-07, 8.04213495798e-09, 1.5904289441e-08, 2.29395968887e-08, 5.56853407829e-08, 1.00939949732e-07, 1.30905846163e-07, 1.36136677042e-07, 2.38297914734e-07, 4.21496451963e-07, 7.47065911355e-08, 2.38205366543e-09, 1.98324884293e-10, 3.19027804174e-10, 7.03678920688e-11, 4.28764147667e-14, 1.05906944763e-16]
    mfcc:
        mean: [-750.823486328, 118.086395264, -29.6855964661, 61.5444755554, -10.1338090897, -13.0808544159, 1.2115187645, -11.602850914, 1.74162471294, -5.05132198334, -10.0937175751, -4.79876327515, -10.1901988983]
        cov: [[2193.34545898, -604.305175781, -330.627197266, -46.001750946, -245.342559814, -101.151679993, -22.6361293793, -56.8231124878, -40.0743293762, 32.5701637268, -59.0082969666, -26.6395874023, -5.77541971207], [-604.305175781, 1674.57263184, -622.064331055, -127.628097534, -89.0461044312, -167.266479492, 55.3978843689, -103.245674133, 45.3071899414, 74.6552200317, -19.1781425476, 51.9797706604, -94.1688919067], [-330.627197266, -622.064331055, 855.134033203, -60.7643013, 121.302864075, 176.252914429, -78.9241409302, 52.5367736816, -16.4211730957, -83.9807739258, 115.591667175, 9.1556968689, 80.8865814209], [-46.001750946, -127.628097534, -60.7643013, 326.215637207, 77.0302505493, 0.0517086721957, 16.5164775848, 51.7691459656, 24.4823532104, -20.4812984467, -31.1492938995, 22.8943958282, 39.3753204346], [-245.342559814, -89.0461044312, 121.302864075, 77.0302505493, 226.581817627, 42.1174354553, -29.461101532, 63.7268562317, 48.1094779968, -44.3455619812, 9.62769985199, 7.02343082428, 44.3901748657], [-101.151679993, -167.266479492, 176.252914429, 0.0517086721957, 42.1174354553, 228.99621582, 35.8583679199, 50.4250335693, -49.1978607178, 8.99866199493, 55.2341423035, -29.3425712585, 45.0423469543], [-22.6361293793, 55.3978843689, -78.9241409302, 16.5164775848, -29.461101532, 35.8583679199, 179.135604858, 35.5385055542, 6.37151670456, 72.7990570068, 5.4932346344, -3.25835227966, -21.6774559021], [-56.8231124878, -103.245674133, 52.5367736816, 51.7691459656, 63.7268562317, 50.4250335693, 35.5385055542, 139.522323608, 37.3640441895, 15.5489416122, 19.5016059875, -3.71286916733, 40.4989852905], [-40.0743293762, 45.3071899414, -16.4211730957, 24.4823532104, 48.1094779968, -49.1978607178, 6.37151670456, 37.3640441895, 127.705497742, 31.0941638947, 0.738019347191, 4.8163394928, -7.89507675171], [32.5701637268, 74.6552200317, -83.9807739258, -20.4812984467, -44.3455619812, 8.99866199493, 72.7990570068, 15.5489416122, 31.0941638947, 168.830169678, 37.8003501892, -27.0458717346, -18.9515304565], [-59.0082969666, -19.1781425476, 115.591667175, -31.1492938995, 9.62769985199, 55.2341423035, 5.4932346344, 19.5016059875, 0.738019347191, 37.8003501892, 103.744377136, 28.246553421, 20.5050048828], [-26.6395874023, 51.9797706604, 9.1556968689, 22.8943958282, 7.02343082428, -29.3425712585, -3.25835227966, -3.71286916733, 4.8163394928, -27.0458717346, 28.246553421, 93.0698928833, 10.8526773453], [-5.77541971207, -94.1688919067, 80.8865814209, 39.3753204346, 44.3901748657, 45.0423469543, -21.6774559021, 40.4989852905, -7.89507675171, -18.9515304565, 20.5050048828, 10.8526773453, 102.150749207]]
        icov: [[0.0008509264444, 0.000670079840347, 0.00080854143016, 0.00038061698433, 0.000774766958784, 9.01674575289e-05, 0.000200551774469, 0.000199633897864, -0.000318216654705, 0.000125075661344, -0.000261433626292, -0.000132050743559, -0.00046902266331], [0.000670079840347, 0.00151481910143, 0.00145892298315, 0.000839725253172, 0.000330065027811, 8.87471760507e-05, 4.29800320489e-06, 0.000665451749228, -0.000624294159934, 0.000201256712899, -0.000759590941016, -0.00062027038075, -0.000282588298433], [0.00080854143016, 0.00145892298315, 0.00338325183839, 0.00118172937073, 9.33846749831e-05, -0.00086676684441, 0.000520728412084, 0.000533114885911, -0.00101020140573, 0.00153995433357, -0.00276168226264, -2.36438590946e-05, -0.000738601840567], [0.00038061698433, 0.000839725253172, 0.00118172937073, 0.00445401947945, -0.000916631193832, -0.000262022105744, -0.000305853260215, -0.000453981687315, -0.000487740180688, -9.25056301639e-05, 0.00155472336337, -0.00192556891125, -0.00139038625639], [0.000774766958784, 0.000330065027811, 9.33846749831e-05, -0.000916631193832, 0.00774360867217, -0.00121077417862, 0.0011147884652, -0.00146008655429, -0.00325422058813, 0.00193593278527, -0.000228437565966, 0.000215369451325, -0.00125762505922], [9.01674575289e-05, 8.87471760507e-05, -0.00086676684441, -0.000262022105744, -0.00121077417862, 0.00878605805337, -0.0024313449394, -0.00141173868906, 0.00391864683479, 0.000637087679934, -0.00434010615572, 0.00433181133121, -0.00159793870989], [0.000200551774469, 4.29800320489e-06, 0.000520728412084, -0.000305853260215, 0.0011147884652, -0.0024313449394, 0.00865568500012, -0.0025557547342, 0.000245915638516, -0.00357576040551, 0.00219052075408, -0.00256085745059, 0.00234656711109], [0.000199633897864, 0.000665451749228, 0.000533114885911, -0.000453981687315, -0.00146008655429, -0.00141173868906, -0.0025557547342, 0.0117320977151, -0.00363328354433, 0.000275666883681, -0.00127008848358, 0.000864756875671, -0.00362571631558], [-0.000318216654705, -0.000624294159934, -0.00101020140573, -0.000487740180688, -0.00325422058813, 0.00391864683479, 0.000245915638516, -0.00363328354433, 0.0126134930179, -0.00325617962517, 0.000316996767651, -9.39944802667e-05, 0.00189044349827], [0.000125075661344, 0.000201256712899, 0.00153995433357, -9.25056301639e-05, 0.00193593278527, 0.000637087679934, -0.00357576040551, 0.000275666883681, -0.00325617962517, 0.0118216872215, -0.00784604717046, 0.00572893489152, -7.35621215426e-05], [-0.000261433626292, -0.000759590941016, -0.00276168226264, 0.00155472336337, -0.000228437565966, -0.00434010615572, 0.00219052075408, -0.00127008848358, 0.000316996767651, -0.00784604717046, 0.0209869481623, -0.00966336484998, -0.000763374206144], [-0.000132050743559, -0.00062027038075, -2.36438590946e-05, -0.00192556891125, 0.000215369451325, 0.00433181133121, -0.00256085745059, 0.000864756875671, -9.39944802667e-05, 0.00572893489152, -0.00966336484998, 0.017610726878, -0.00158389960416], [-0.00046902266331, -0.000282588298433, -0.000738601840567, -0.00139038625639, -0.00125762505922, -0.00159793870989, 0.00234656711109, -0.00362571631558, 0.00189044349827, -7.35621215426e-05, -0.000763374206144, -0.00158389960416, 0.0142637249082]]
    spectral_contrast:
        mean: [-2.77857509445e-07, 3.30654017944e-07, -4.53950775636e-07, -3.46883155089e-07, 5.69917659732e-08, -1.21205601999e-07, -3.90879540646e-06, -5.76040264377e-08, -5.5686189171e-07, -2.45531123255e-06, -1.34786523631e-06, -3.4662446069e-07]
        var: [0.000653496419545, 0.00125325040426, 0.00165732880123, 0.00216953665949, 0.00424353266135, 0.0127247348428, 0.0586895607412, 0.109662137926, 0.21073371172, 0.293055653572, 0.667839705944, 1.21997559071]

rhythm:
    beats_loudness:
        dmean: 0.00246818899177
        dmean2: 0.00444300379604
        dvar: 4.07074549003e-06
        dvar2: 7.88282159192e-06
        max: 0.0103107923642
        mean: 0.00571249937639
        min: 0.00231758225709
        var: 5.80643063586e-06
    beats_loudness_bass:
        dmean: 0.12323281914
        dmean2: 0.227261394262
        dvar: 0.0181090533733
        dvar2: 0.0532364957035
        max: 0.455514878035
        mean: 0.110780440271
        min: 0.0192721039057
        var: 0.0153065137565
    bpm: 76.3696517944
    bpm_confidence: 0
    first_peak_bpm: 77
    first_peak_spread: 0
    first_peak_weight: 0.909090936184
    onset_rate: 4.38639307022
    second_peak_bpm: 51
    second_peak_spread: 0
    second_peak_weight: 0.0909090936184
    beats_position: [0.437659174204, 1.21863651276, 1.9996137619, 2.78059101105, 3.56156849861, 4.34254598618, 5.12352323532, 6.31162834167, 7.10441684723, 7.89720487595, 8.68999290466, 9.48278141022]
    bpm_estimates: [76.8318557739, 76.8510284424, 76.6138458252, 76.8537216187, 76.8568954468, 76.9543991089, 75.8725585938, 75.9205093384, 75.8201065063, 75.1215133667]
    bpm_intervals: [0.780977368355, 0.780977249146, 0.780977249146, 0.780977487564, 0.780977487564, 0.780977249146, 1.18810510635, 0.792788505554, 0.792788028717, 0.792788028717, 0.792788505554]
    onset_times: [0.0348299331963, 0.255419492722, 0.417959183455, 0.53405892849, 0.824308395386, 1.19582772255, 1.43963718414, 1.79954648018, 1.99691605568, 2.24072551727, 2.40326523781, 2.5890250206, 2.7863945961, 2.97215414047, 3.35528349876, 3.56426310539, 3.75002264977, 3.85451245308, 3.95900225639, 4.34213161469, 4.73687076569, 4.94585037231, 5.13160991669, 5.50312948227, 5.73532867432, 5.89786863327, 6.08362817764, 6.29260778427, 6.5015873909, 6.64090681076, 6.6989569664, 6.9543762207, 7.30267572403, 7.4884352684, 8.09215450287, 8.26630401611, 8.47528362274, 8.76553249359, 8.90485286713, 9.05578231812, 9.26476192474, 9.47374153137, 9.72916126251, 9.86848068237]
    rubato_start: []
    rubato_stop: []
    perceptual_tempo: "unknown"

sfx:
    inharmonicity:
        dmean: 0.0332624278963
        dmean2: 0.0582056827843
        dvar: 0.0022672729101
        dvar2: 0.00637336401269
        max: 0.350012272596
        mean: 0.0336460024118
        min: 0
        var: 0.00233725295402
    oddtoevenharmonicenergyratio:
        dmean: 1.79503488541
        dmean2: 3.26330423355
        dvar: 21.6437072754
        dvar2: 60.965297699
        max: 50.8249816895
        mean: 1.72569262981
        min: 0
        var: 14.1066675186
    pitch_after_max_to_before_max_energy_ratio: 0.204779461026
    pitch_centroid: 169.076446533
    pitch_max_to_total: 0.643518507481
    pitch_min_to_total: 0.935185194016
    tristimulus:
        dmean: [0.182741329074, 0.182948514819, 0.103745877743]
        dmean2: [0.315250307322, 0.300842344761, 0.183715745807]
        dvar: [0.0366474427283, 0.0302739199251, 0.0140502443537]
        dvar2: [0.100849926472, 0.0802598074079, 0.0369307734072]
        max: [1, 0.950985133648, 0.946874141693]
        mean: [0.378419369459, 0.467493057251, 0.122628323734]
        min: [0.00208995793946, 0, 0]
        var: [0.0527532361448, 0.0555978566408, 0.0199462547898]

tonal:
    chords_changes_rate: 0.0414746552706
    chords_number_rate: 0.0184331797063
    chords_strength:
        dmean: 0.0104690892622
        dmean2: 0.0101832598448
        dvar: 9.06757632038e-05
        dvar2: 8.5300525825e-05
        max: 0.680111646652
        mean: 0.555208146572
        min: 0.416245371103
        var: 0.00321161700413
    key_strength: 0.883350491524
    tuning_diatonic_strength: 0.698553621769
    tuning_equal_tempered_deviation: 0.0615044757724
    tuning_frequency: 438.731048584
    tuning_nontempered_energy_ratio: 0.681303024292
    hpcp:
        dmean: [0.0982613041997, 0.0854030027986, 0.0716648921371, 0.0567914694548, 0.056444812566, 0.101843878627, 0.120872765779, 0.141559898853, 0.145328998566, 0.153801620007, 0.134411230683, 0.0711230635643, 0.0579328499734, 0.0725486204028, 0.103356026113, 0.12481149286, 0.112243071198, 0.0732112526894, 0.0648905858397, 0.0777143761516, 0.106979757547, 0.113909974694, 0.112290523946, 0.118561111391, 0.089244350791, 0.0626876428723, 0.0841507464647, 0.106484845281, 0.105781286955, 0.173387244344, 0.180872544646, 0.1828571558, 0.124105639756, 0.119474977255, 0.134127214551, 0.126318231225]
        dmean2: [0.162273809314, 0.139713257551, 0.124089188874, 0.101966306567, 0.100525543094, 0.174016386271, 0.193038567901, 0.233778759837, 0.232116177678, 0.256388425827, 0.221896961331, 0.118036687374, 0.0987410768867, 0.130495280027, 0.175485670567, 0.206331014633, 0.188650354743, 0.127067744732, 0.118060015142, 0.137175619602, 0.176916226745, 0.181357875466, 0.195402339101, 0.218834742904, 0.159030884504, 0.105343878269, 0.150948673487, 0.184289574623, 0.186338841915, 0.281325668097, 0.280947744846, 0.308014839888, 0.213958069682, 0.209079951048, 0.238487794995, 0.224904507399]
        dvar: [0.0283994171768, 0.0247346889228, 0.0220633782446, 0.0149118592963, 0.0100776152685, 0.02695097588, 0.0310466960073, 0.0405079983175, 0.0388694740832, 0.0484467744827, 0.0380434989929, 0.0172819402069, 0.013726583682, 0.0295223817229, 0.027240248397, 0.0389490872622, 0.0321043916047, 0.0209160000086, 0.024102345109, 0.0310468673706, 0.0355762168765, 0.034565679729, 0.0395684987307, 0.0449461229146, 0.0371032319963, 0.0143125001341, 0.0267793219537, 0.0392921641469, 0.0296186897904, 0.0370522737503, 0.0444887876511, 0.041010517627, 0.0385921262205, 0.0534305162728, 0.0552521720529, 0.0558600686491]
        dvar2: [0.0603922083974, 0.0676338598132, 0.0578405074775, 0.0399362035096, 0.0242239478976, 0.0728098228574, 0.0658718273044, 0.102282263339, 0.104558199644, 0.102057151496, 0.0934075191617, 0.0453522056341, 0.0372888147831, 0.0852301940322, 0.0741221308708, 0.0835625305772, 0.0711119771004, 0.0592876002192, 0.0690145418048, 0.0811153948307, 0.092393219471, 0.0670719742775, 0.095211327076, 0.124693334103, 0.0835295468569, 0.0296849124134, 0.0747259184718, 0.100830577314, 0.0750584080815, 0.092102624476, 0.0789783000946, 0.103785358369, 0.101942896843, 0.130068451166, 0.138190716505, 0.152203753591]
        max: [1, 1, 1, 1, 0.683971047401, 1, 1, 1, 1, 1, 1, 1, 1, 1, 0.912847161293, 1, 1, 1, 1, 1, 1, 1, 1, 1, 1, 1, 1, 1, 1, 1, 1, 1, 1, 1, 1, 1]
        mean: [0.138131976128, 0.106037795544, 0.0701429247856, 0.0573504045606, 0.0666604042053, 0.133508399129, 0.202390387654, 0.171909540892, 0.20351998508, 0.300867885351, 0.203388929367, 0.0768125504255, 0.0667093247175, 0.0752020776272, 0.133674189448, 0.210687100887, 0.16760763526, 0.0765193477273, 0.0554250739515, 0.0629322454333, 0.1333796978, 0.211266666651, 0.162666022778, 0.102898024023, 0.093610599637, 0.0642461106181, 0.0729206055403, 0.105230286717, 0.103050529957, 0.258267074823, 0.480656534433, 0.341304451227, 0.124497458339, 0.107910096645, 0.110611535609, 0.126093670726]
        min: [0.000326981884427, 0.000799830071628, 0.00068679638207, 0.000755890330765, 0.000993344234303, 0.00152898789383, 0.00275706173852, 0.00195463513955, 0.00657062139362, 0.00136779295281, 0.00182243587915, 0.00137314654421, 0.000566510367207, 0.000793359940872, 0.00347873033024, 0.00507426587865, 0.00310924137011, 0.000660126970615, 0.00064812815981, 0.000571781944018, 0.000244207883952, 0.000528261123691, 0.000264846923528, 0, 3.34234246111e-05, 0.000291022297461, 0.00090882537188, 0.000540748995263, 0.00148962577805, 0.00523203983903, 0.00321997469291, 0.0018836108502, 0.00109604082536, 0.000169686129084, 0.000396574323531, 0.000382111960789]
        var: [0.0564124248922, 0.0344418138266, 0.0214061774313, 0.0136812394485, 0.012739226222, 0.0348154939711, 0.0777630582452, 0.0586728043854, 0.0539861917496, 0.121671564877, 0.0621413290501, 0.020252071321, 0.0195293650031, 0.0255575925112, 0.0309677366167, 0.0711841732264, 0.0563197061419, 0.0177487544715, 0.0146846231073, 0.0220932606608, 0.049196600914, 0.0964737385511, 0.0637612342834, 0.0377267301083, 0.046826262027, 0.0183447729796, 0.0201922561973, 0.0408810526133, 0.0316190384328, 0.0572503916919, 0.1462610811, 0.0842611044645, 0.0365222580731, 0.0517313703895, 0.0480970442295, 0.0515140220523]
    chords_histogram: [44.2396316528, 2.30414748192, 40.5529937744, 0, 0, 0, 0, 0, 0, 0, 0, 0, 0, 0, 0, 0, 0, 0, 0, 0, 0, 0, 0, 12.9032258987]
    thpcp: [1, 0.710079729557, 0.259015440941, 0.224505633116, 0.230125933886, 0.262336343527, 0.287381887436, 0.220610320568, 0.145931497216, 0.119316808879, 0.138686150312, 0.277762591839, 0.421070694923, 0.357655674219, 0.42342081666, 0.625951945782, 0.423148155212, 0.159807562828, 0.138787925243, 0.15645699203, 0.278107494116, 0.438331931829, 0.348705619574, 0.159197553992, 0.115311183035, 0.130929768085, 0.277494817972, 0.439537703991, 0.338424652815, 0.214078068733, 0.194755703211, 0.133663237095, 0.151710420847, 0.218930318952, 0.214395359159, 0.537321448326]
    chords_key: "C"
    chords_scale: "major"
    key_key: "C"
    key_scale: "major"
    chords_progression: ["C", "C", "C", "G", "G", "G", "G", "G", "G", "G", "G", "G", "G", "G", "G", "G", "G", "G", "G", "G", "G", "G", "G", "G", "G", "G", "G", "G", "G", "G", "G", "G", "G", "G", "G", "G", "G", "G", "G", "G", "G", "G", "G", "Em", "Em", "Em", "Em", "Em", "C", "C", "Am", "Am", "Am", "Am", "Am", "Am", "Am", "Am", "Am", "Am", "Am", "Am", "Am", "Am", "Am", "Am", "Am", "Am", "Am", "Am", "Am", "Am", "Am", "Am", "Am", "Am", "Am", "Am", "C", "C", "C", "C", "C", "C", "C", "C", "C", "C", "G", "G", "G", "G", "G", "G", "G", "G", "G", "G", "G", "G", "G", "G", "G", "G", "G", "G", "G", "G", "G", "G", "G", "G", "G", "G", "C", "C", "C", "C", "C", "C", "C", "C", "C", "C", "C", "C", "C", "C", "C", "C", "C", "C", "C", "C", "C", "C", "C", "C", "C", "C", "C", "C", "C", "C", "C", "C", "C", "C", "C", "C", "G", "G", "G", "G", "G", "G", "G", "G", "G", "G", "G", "G", "G", "G", "G", "G", "G", "G", "G", "G", "G", "G", "C", "C", "C", "C", "C", "C", "C", "C", "C", "C", "C", "C", "C", "C", "C", "C", "C", "C", "C", "C", "C", "C", "C", "C", "C", "C", "C", "C", "C", "C", "C", "C", "C", "C", "C", "C", "C", "C", "C", "C", "C", "C", "C", "C", "C"]
