
metadata:
    version:
        essentia: "1.2.2"
    audio_properties:
        analysis_sample_rate: 44100
        bitrate: 128
        channels: 2
        equal_loudness: 1
        length: 10.0048980713
        replay_gain: -17.5362663269
        downmix: "mix"
    tags:
        track: 11
        year: 0
        album: "Splitted by Mp3Splt v. 2.1"
        artist: "From 001.40 To 001.50"
        comment: "http://mp3splt.sf.net"
        genre: ""
        title: "02 Hotel Yorba.mp3"

highlevel:
    ballroom:
        all:
            ChaChaCha: 0.0789467394352
            Jive: 0.737830817699
            Quickstep: 0.0327769853175
            Rumba-American: 0.00244490848854
            Rumba-International: 0.0116106308997
            Rumba-Misc: 0.00635710731149
            Samba: 0.0699974671006
            Tango: 0.00392075022683
            VienneseWaltz: 0.0498808175325
            Waltz: 0.00623377226293
        probability: 0.737830817699
        value: "Jive"
    culture:
        all:
            non_western: 0.00720354355872
            western: 0.992796480656
        probability: 0.992796480656
        value: "western"
    gender:
        all:
            female: 0.114679031074
            male: 0.885320961475
        probability: 0.885320961475
        value: "male"
    genre_dortmund:
        all:
            alternative: 0.079057700932
            blues: 0.103097677231
            electronic: 0.0235886983573
            folkcountry: 0.25220939517
            funksoulrnb: 0.0566518418491
            jazz: 0.0351464524865
            pop: 0.126294538379
            raphiphop: 0.00128120963927
            rock: 0.322672486305
        probability: 0.322672486305
        value: "rock"
    genre_electronica:
        all:
            ambient: 0.179355233908
            dnb: 0.0892640426755
            house: 0.0871428176761
            techno: 0.0182879585773
            trance: 0.625949978828
        probability: 0.625949978828
        value: "trance"
    genre_rosamerica:
        all:
            cla: 0.0187818594277
            dan: 0.0659496337175
            hip: 0.00534817390144
            jaz: 0.0155243091285
            pop: 0.296937912703
            rhy: 0.0351759530604
            roc: 0.558802962303
            spe: 0.00347919855267
        probability: 0.558802962303
        value: "roc"
    genre_tzanetakis:
        all:
            blu: 0.0128406397998
            cla: 0.00264606741257
            cou: 0.0970758646727
            dis: 0.0473603047431
            hip: 0.00325198168866
            jaz: 0.0128129627556
            met: 0.0245688911527
            pop: 0.067425198853
            reg: 0.00403478648514
            roc: 0.727983295918
        probability: 0.727983295918
        value: "roc"
    live_studio:
        all:
            live: 0.0798303559422
            studio: 0.920169651508
        probability: 0.920169651508
        value: "studio"
    mood:
        all:
            Cluster1: 0.360481917858
            Cluster2: 0.300742596388
            Cluster3: 0.0315500795841
            Cluster4: 0.25352537632
            Cluster5: 0.0537000373006
        probability: 0.360481917858
        value: "Cluster1"
    mood_acoustic:
        all:
            acoustic: 0.0629555806518
            not_acoustic: 0.9370444417
        probability: 0.9370444417
        value: "not_acoustic"
    mood_aggressive:
        all:
            aggressive: 0.056431800127
            not_aggressive: 0.943568170071
        probability: 0.943568170071
        value: "not_aggressive"
    mood_electronic:
        all:
            electronic: 0.134499251842
            not_electronic: 0.865500748158
        probability: 0.865500748158
        value: "not_electronic"
    mood_happy:
        all:
            happy: 0.859026014805
            not_happy: 0.140974000096
        probability: 0.859026014805
        value: "happy"
    mood_party:
        all:
            not_party: 0.529073238373
            party: 0.470926761627
        probability: 0.529073238373
        value: "not_party"
    mood_relaxed:
        all:
            not_relaxed: 0.979699611664
            relaxed: 0.0203003715724
        probability: 0.979699611664
        value: "not_relaxed"
    mood_sad:
        all:
            not_sad: 0.83707845211
            sad: 0.162921562791
        probability: 0.83707845211
        value: "not_sad"
    rhythm:
        all:
            fast: 0.944544017315
            medium: 0.0490324646235
            slow: 0.00642353482544
        probability: 0.944544017315
        value: "fast"
    speech_music:
        all:
            music: 0.99998742342
            speech: 1.25650967675e-05
        probability: 0.99998742342
        value: "music"
    timbre:
        all:
            bright: 0.769670784473
            dark: 0.230329200625
        probability: 0.769670784473
        value: "bright"
    voice_instrumental:
        all:
            instrumental: 0.00479441694915
            voice: 0.995205581188
        probability: 0.995205581188
        value: "voice"

lowlevel:
    average_loudness: 0.978334963322
    barkbands_kurtosis:
        dmean: 0.727696895599
        dmean2: 1.203145504
        dvar: 1.77397418022
        dvar2: 4.46512794495
        max: 16.2149410248
        mean: -0.91882276535
        min: -1.92173683643
        var: 2.43348026276
    barkbands_skewness:
        dmean: 0.482645899057
        dmean2: 0.767601907253
        dvar: 0.207176283002
        dvar2: 0.48582598567
        max: 4.12998485565
        mean: 0.0219913888723
        min: -2.99778914452
        var: 0.649986982346
    barkbands_spread:
        dmean: 5.87701272964
        dmean2: 9.28771114349
        dvar: 29.5431308746
        dvar2: 68.8032073975
        max: 61.6925506592
        mean: 36.7371902466
        min: 7.30717754364
        var: 90.7720947266
    dissonance:
        dmean: 0.0170563049614
        dmean2: 0.0275130420923
        dvar: 0.000324842170812
        dvar2: 0.000763561401982
        max: 0.499804466963
        mean: 0.464705705643
        min: 0.309488207102
        var: 0.000565254827961
    hfc:
        dmean: 2.75653815269
        dmean2: 4.22339820862
        dvar: 8.49381160736
        dvar2: 18.2056121826
        max: 29.7658081055
        mean: 9.88049030304
        min: 0.0558951534331
        var: 22.097858429
    pitch:
        dmean: 761.62121582
        dmean2: 1439.1348877
        dvar: 1768577
        dvar2: 4369310
        max: 4410
        mean: 1346.16455078
        min: 97.7827072144
        var: 2690468.75
    pitch_instantaneous_confidence:
        dmean: 0.0928268954158
        dmean2: 0.148462980986
        dvar: 0.00670825596899
        dvar2: 0.0140840411186
        max: 0.912738084793
        mean: 0.479286044836
        min: 0.174829781055
        var: 0.0283859297633
    pitch_salience:
        dmean: 0.0670614913106
        dmean2: 0.110899083316
        dvar: 0.00394449941814
        dvar2: 0.0101619651541
        max: 0.810482800007
        mean: 0.555400788784
        min: 0.229203402996
        var: 0.00737512949854
    silence_rate_20dB:
        dmean: 0
        dmean2: 0
        dvar: 0
        dvar2: 0
        max: 1
        mean: 1
        min: 1
        var: 0
    silence_rate_30dB:
        dmean: 0
        dmean2: 0
        dvar: 0
        dvar2: 0
        max: 1
        mean: 1
        min: 1
        var: 0
    silence_rate_60dB:
        dmean: 0.0974477976561
        dmean2: 0.195348843932
        dvar: 0.087951771915
        dvar2: 0.194397449493
        max: 1
        mean: 0.157407402992
        min: 0
        var: 0.132629841566
    spectral_centroid:
        dmean: 362.71875
        dmean2: 567.665893555
        dvar: 102966.890625
        dvar2: 237087.296875
        max: 4091.50415039
        mean: 1878.26293945
        min: 366.088348389
        var: 357894.53125
    spectral_complexity:
        dmean: 3.42093014717
        dmean2: 5.2750582695
        dvar: 8.73676872253
        dvar2: 19.5793533325
        max: 35
        mean: 14.5730857849
        min: 0
        var: 32.8757629395
    spectral_crest:
        dmean: 2.63284635544
        dmean2: 4.48740339279
        dvar: 5.71862220764
        dvar2: 15.8744869232
        max: 22.1775283813
        mean: 8.45390319824
        min: 3.41705465317
        var: 11.0120153427
    spectral_decrease:
        dmean: 3.24112958694e-10
        dmean2: 4.8885517856e-10
        dvar: 1.24986512343e-19
        dvar2: 2.61228057691e-19
        max: -9.13113595152e-12
        mean: -1.18714682529e-09
        min: -3.41858186204e-09
        var: 2.98228647821e-19
    spectral_energy:
        dmean: 0.00138175871689
        dmean2: 0.00206470233388
        dvar: 2.06554409488e-06
        dvar2: 4.20125070377e-06
        max: 0.0137792760506
        mean: 0.00537675758824
        min: 3.95328643208e-05
        var: 5.46730416318e-06
    spectral_energyband_high:
        dmean: 0.000289225223241
        dmean2: 0.000463381176814
        dvar: 1.88624156294e-07
        dvar2: 4.691473805e-07
        max: 0.00533635029569
        mean: 0.000697274575941
        min: 1.14049589683e-06
        var: 2.72387467248e-07
    spectral_energyband_low:
        dmean: 2.96184389299e-05
        dmean2: 5.19518143847e-05
        dvar: 1.24901911036e-09
        dvar2: 3.46381723304e-09
        max: 0.000245644361712
        mean: 4.44348661404e-05
        min: 4.21999317268e-07
        var: 1.93723881381e-09
    spectral_energyband_middle_high:
        dmean: 0.000744639022741
        dmean2: 0.00109842629172
        dvar: 6.05276682109e-07
        dvar2: 1.20793743008e-06
        max: 0.00675964029506
        mean: 0.00223893858492
        min: 2.38078428083e-05
        var: 1.72657155417e-06
    spectral_energyband_middle_low:
        dmean: 0.00103328342084
        dmean2: 0.0016521171201
        dvar: 1.86128124824e-06
        dvar2: 4.36722166341e-06
        max: 0.011303383857
        mean: 0.00239609763958
        min: 1.41614700624e-05
        var: 2.86182739728e-06
    spectral_flatness_db:
        dmean: 0.0181854981929
        dmean2: 0.0298142191023
        dvar: 0.000245156232268
        dvar2: 0.000634519848973
        max: 0.278244644403
        mean: 0.165580317378
        min: 0.0884138271213
        var: 0.000644561194349
    spectral_flux:
        dmean: 0.0105630988255
        dmean2: 0.0163016952574
        dvar: 0.000108345528133
        dvar2: 0.000255758059211
        max: 0.103336885571
        mean: 0.0461515188217
        min: 0.00628751656041
        var: 0.000253279140452
    spectral_kurtosis:
        dmean: 0.897334814072
        dmean2: 1.50962877274
        dvar: 1.19365310669
        dvar2: 3.15053319931
        max: 12.8455715179
        mean: 2.51724457741
        min: -0.568334817886
        var: 2.34890508652
    spectral_rms:
        dmean: 0.000299895735225
        dmean2: 0.000435272231698
        dvar: 9.26512839783e-08
        dvar2: 1.77368633558e-07
        max: 0.00366649636999
        mean: 0.00222993362695
        min: 0.000196389024495
        var: 2.73013938568e-07
    spectral_rolloff:
        dmean: 486.900360107
        dmean2: 798.133666992
        dvar: 324344.8125
        dvar2: 792478.6875
        max: 5857.03125
        mean: 3628.72119141
        min: 301.46484375
        var: 793419.5
    spectral_skewness:
        dmean: 0.165403485298
        dmean2: 0.259697556496
        dvar: 0.0320524051785
        dvar2: 0.0753130167723
        max: 2.4882004261
        mean: 1.06919491291
        min: 0.401656717062
        var: 0.0954682901502
    spectral_spread:
        dmean: 453596.28125
        dmean2: 687652.625
        dvar: 302037336064
        dvar2: 483392061440
        max: 10420517
        mean: 4840469
        min: 2341006.75
        var: 1.25301660058e+12
    spectral_strongpeak:
        dmean: 0.758344292641
        dmean2: 1.36630058289
        dvar: 1.31147825718
        dvar2: 3.59690904617
        max: 7.34852790833
        mean: 0.883411228657
        min: 0.0437030792236
        var: 1.43878638744
    zerocrossingrate:
        dmean: 0.0111850472167
        dmean2: 0.0129878260195
        dvar: 0.000108897562313
        dvar2: 0.000129456835566
        max: 0.18701171875
        mean: 0.107715293765
        min: 0.0302734375
        var: 0.000704719685018
    barkbands:
        dmean: [1.08410276312e-07, 1.06202387542e-05, 2.40055123868e-05, 0.000182738294825, 0.000843693502247, 0.000136415445013, 8.03424263722e-05, 7.66635203036e-05, 0.000168494516402, 7.29344465071e-05, 2.99836283375e-05, 5.87886243011e-05, 6.77885618643e-05, 8.68439965416e-05, 0.000155389527208, 0.000122672194266, 0.000111440109322, 0.000314809265547, 0.000207782824873, 0.000280499254586, 0.000175062057679, 4.03778467444e-05, 6.386316727e-06, 2.62227968051e-06, 1.45715796407e-06, 4.97178405112e-08, 4.11476130946e-10]
        dmean2: [1.53928695568e-07, 1.68737096828e-05, 4.25576909038e-05, 0.000316193065373, 0.00137430557515, 0.000212122497032, 0.000130767453811, 0.000123158242786, 0.00026407832047, 0.000109684529889, 4.88639161631e-05, 8.67894268595e-05, 0.000101557918242, 0.000132956367452, 0.000249933218583, 0.000204763287911, 0.000178785558091, 0.000502668321133, 0.000328653928591, 0.000441844691522, 0.000287893199129, 6.85253544361e-05, 1.08665153675e-05, 4.07746892961e-06, 2.2744038688e-06, 7.89458525219e-08, 6.34610641814e-10]
        dvar: [3.61288283362e-13, 3.08392339443e-10, 9.48991552008e-10, 1.28404579414e-07, 1.41209739013e-06, 3.79543507734e-08, 1.7641950123e-08, 1.2278233541e-08, 8.22179657689e-08, 1.73337788567e-08, 4.55579218794e-09, 2.70349289622e-08, 2.00646859128e-08, 2.48286280424e-08, 6.97040789532e-08, 1.27241719383e-07, 4.27403676895e-08, 1.75548620973e-07, 6.84797853978e-08, 1.24774544474e-07, 1.06051153637e-07, 3.53095663819e-09, 1.09289327588e-10, 3.54415177761e-11, 1.48493162211e-11, 1.48848286669e-14, 7.297845622e-18]
        dvar2: [4.10290887636e-13, 7.49434792002e-10, 2.68511612944e-09, 3.43813525205e-07, 3.54318490281e-06, 8.52833750287e-08, 4.19109831284e-08, 2.83116534661e-08, 1.88115933497e-07, 3.48743860457e-08, 1.00318562346e-08, 6.65477841721e-08, 3.8787810297e-08, 5.45087210924e-08, 1.47454457533e-07, 3.41128867376e-07, 1.06871702599e-07, 4.06936550235e-07, 1.53971640771e-07, 2.90107664114e-07, 2.83330365392e-07, 8.86554563095e-09, 2.77995765297e-10, 7.98197272167e-11, 3.12957194881e-11, 4.14441803087e-14, 7.46043458884e-18]
        max: [1.18098596431e-05, 0.000145799625898, 0.000202695620828, 0.00243276800029, 0.0080620534718, 0.00209589954466, 0.00118275568821, 0.00102085759863, 0.00249390001409, 0.00141822779551, 0.00104303634726, 0.00242323055863, 0.00185790937394, 0.0014339343179, 0.00204343558289, 0.0042396443896, 0.00202412856743, 0.00414393935353, 0.00231894524768, 0.00415098108351, 0.00461248029023, 0.000541602552403, 0.000105388098746, 8.56453771121e-05, 6.30583599559e-05, 1.73471175913e-06, 5.60441613118e-08]
        mean: [1.09274516547e-07, 1.32699833557e-05, 3.10707582685e-05, 0.000213013598113, 0.00139961834066, 0.000272927863989, 0.000117934418085, 0.000118306008517, 0.000218931701966, 0.000120937584143, 4.69532133138e-05, 9.06592104002e-05, 9.55849318416e-05, 0.000129020525492, 0.000253403937677, 0.000151085463585, 0.000195297267055, 0.000547618139535, 0.00036492390791, 0.000547870760784, 0.000347799359588, 8.14160739537e-05, 1.16682085718e-05, 4.63222067992e-06, 2.63797846856e-06, 7.11956431587e-08, 3.82835319002e-10]
        min: [2.78667672271e-10, 8.33739264294e-08, 1.94010240762e-07, 1.63508366313e-06, 5.24478627995e-06, 5.45716875422e-06, 2.63774296627e-07, 1.66711330962e-07, 1.34643767069e-06, 3.06563066488e-07, 1.40499423651e-06, 5.34730645541e-07, 8.49578952966e-07, 5.00675469084e-07, 1.38101847824e-06, 5.81193887683e-07, 1.27235330183e-06, 4.55113149656e-06, 1.61298009971e-06, 1.01075818293e-06, 2.05928643027e-07, 3.97387651674e-07, 1.55134927127e-08, 1.03139159435e-08, 2.24928609072e-09, 1.55822452164e-10, 4.21511648285e-13]
        var: [3.65866652296e-13, 4.51699455617e-10, 1.08425846079e-09, 9.97404399072e-08, 1.86476836461e-06, 8.35945286326e-08, 2.45905997787e-08, 2.22173142106e-08, 1.35089479159e-07, 4.06210354242e-08, 8.19567880228e-09, 3.91728427473e-08, 4.13311873615e-08, 4.40738752161e-08, 1.28273626387e-07, 1.15939009504e-07, 6.7735406617e-08, 2.73520242899e-07, 1.19484866445e-07, 2.17289127136e-07, 1.1207504258e-07, 5.7983702284e-09, 1.45890952097e-10, 6.01907967912e-11, 2.74617724394e-11, 1.95534167742e-14, 7.30512315703e-18]
    mfcc:
        mean: [-696.911682129, 86.9614486694, -45.5824890137, 59.9622650146, -22.4975013733, -7.98203611374, -9.33221721649, -15.6173439026, -10.4567489624, -11.679977417, -10.912776947, -14.9061632156, -16.5730762482]
        cov: [[1247.57714844, -332.758575439, -52.820098877, -137.990371704, -87.3352737427, 20.6185359955, -61.4388198853, -31.3807601929, 8.24884700775, -2.36431527138, 70.7270050049, -69.0501098633, -62.0537033081], [-332.758575439, 605.942016602, -272.185150146, -35.085849762, 62.2562675476, -16.2975330353, 22.6080379486, 47.1037063599, 7.57257413864, 55.9322166443, -29.3766231537, 26.2421512604, -41.2069206238], [-52.820098877, -272.185150146, 420.023101807, 42.8942680359, -22.119430542, -5.52442598343, 7.5917840004, 8.63283157349, 4.27633619308, -40.1056022644, 38.077331543, -12.8328952789, 42.0705795288], [-137.990371704, -35.085849762, 42.8942680359, 209.443954468, 58.9637336731, 0.310035586357, -20.4356651306, -10.8021869659, 36.9789619446, 10.171374321, -42.7906417847, 22.437210083, 34.1852912903], [-87.3352737427, 62.2562675476, -22.119430542, 58.9637336731, 179.050964355, 13.6490192413, -52.5822219849, 22.0870437622, 33.7903175354, -10.0653896332, -33.7640647888, 2.86185479164, 5.12602519989], [20.6185359955, -16.2975330353, -5.52442598343, 0.310035586357, 13.6490192413, 119.1353302, 54.5548591614, 11.4883670807, -1.21825408936, 4.65614652634, 8.68828105927, 2.99265050888, -14.4444208145], [-61.4388198853, 22.6080379486, 7.5917840004, -20.4356651306, -52.5822219849, 54.5548591614, 148.328903198, 30.8414039612, -25.7462558746, 29.2951602936, 28.2047595978, 24.6238231659, -4.88566398621], [-31.3807601929, 47.1037063599, 8.63283157349, -10.8021869659, 22.0870437622, 11.4883670807, 30.8414039612, 94.9648590088, 24.9165439606, 5.81084823608, 9.42918205261, -6.43715667725, -0.231039717793], [8.24884700775, 7.57257413864, 4.27633619308, 36.9789619446, 33.7903175354, -1.21825408936, -25.7462558746, 24.9165439606, 100.45450592, 35.9414482117, -15.8602676392, -6.42493867874, -4.01613998413], [-2.36431527138, 55.9322166443, -40.1056022644, 10.171374321, -10.0653896332, 4.65614652634, 29.2951602936, 5.81084823608, 35.9414482117, 94.1507415771, 19.0675830841, 2.25118088722, -3.59286975861], [70.7270050049, -29.3766231537, 38.077331543, -42.7906417847, -33.7640647888, 8.68828105927, 28.2047595978, 9.42918205261, -15.8602676392, 19.0675830841, 94.7702484131, 12.4253978729, -9.10782718658], [-69.0501098633, 26.2421512604, -12.8328952789, 22.437210083, 2.86185479164, 2.99265050888, 24.6238231659, -6.43715667725, -6.42493867874, 2.25118088722, 12.4253978729, 77.2086105347, 24.5093097687], [-62.0537033081, -41.2069206238, 42.0705795288, 34.1852912903, 5.12602519989, -14.4444208145, -4.88566398621, -0.231039717793, -4.01613998413, -3.59286975861, -9.10782718658, 24.5093097687, 84.3776779175]]
        icov: [[0.00137339986395, 0.00112359132618, 0.000842407403979, 0.000657413329463, 0.00032135337824, -0.000304534332827, 0.000800245965365, -0.000192669947864, -0.000324672524584, -0.000233971193666, -0.000801555521321, 0.000440153497038, 0.000606749788858], [0.00112359132618, 0.00385369826108, 0.00209494982846, 0.00100055080839, -0.000779156223871, 0.000819370034151, 0.000351040944224, -0.00184309529141, 0.000737477734219, -0.00188683019951, 0.000502553128172, -0.00104346335866, 0.00177339685615], [0.000842407403979, 0.00209494982846, 0.00459902454168, -0.000586853944696, 7.31433055989e-06, 0.000760152994189, -0.000989477965049, -0.000338902813382, -0.00152721581981, 0.00216788169928, -0.00288283033296, 0.00188191828784, -0.00117941654753], [0.000657413329463, 0.00100055080839, -0.000586853944696, 0.00740133738145, -0.00175044313073, -0.000298099796055, 0.00041026994586, 0.000954017799813, -0.00134480604902, -0.00205593230203, 0.00298704393208, -0.00224482570775, -0.00082929834025], [0.00032135337824, -0.000779156223871, 7.31433055989e-06, -0.00175044313073, 0.00895081553608, -0.0031355842948, 0.00481970002875, -0.0030819515232, -0.000429170351708, 0.000445727695478, 0.00109703536145, -0.00124002282973, 0.000228607255849], [-0.000304534332827, 0.000819370034151, 0.000760152994189, -0.000298099796055, -0.0031355842948, 0.0120047796518, -0.00665226019919, 0.00125585799105, -0.00138834840618, 0.001663581701, -0.000898592348676, 0.00108347646892, 0.00137480860576], [0.000800245965365, 0.000351040944224, -0.000989477965049, 0.00041026994586, 0.00481970002875, -0.00665226019919, 0.0158895775676, -0.0070647825487, 0.00642174854875, -0.00691408244893, 0.00182180653792, -0.00557892024517, 0.00238461908884], [-0.000192669947864, -0.00184309529141, -0.000338902813382, 0.000954017799813, -0.0030819515232, 0.00125585799105, -0.0070647825487, 0.0166614744812, -0.00724896835163, 0.00491562485695, -0.00374357472174, 0.00467410730198, -0.00311806099489], [-0.000324672524584, 0.000737477734219, -0.00152721581981, -0.00134480604902, -0.000429170351708, -0.00138834840618, 0.00642174854875, -0.00724896835163, 0.0185413900763, -0.0104037951678, 0.00519380345941, -0.00307516939938, 0.00346147385426], [-0.000233971193666, -0.00188683019951, 0.00216788169928, -0.00205593230203, 0.000445727695478, 0.001663581701, -0.00691408244893, 0.00491562485695, -0.0104037951678, 0.0199104677886, -0.00731120212004, 0.00469217356294, -0.00327016157098], [-0.000801555521321, 0.000502553128172, -0.00288283033296, 0.00298704393208, 0.00109703536145, -0.000898592348676, 0.00182180653792, -0.00374357472174, 0.00519380345941, -0.00731120212004, 0.0176318027079, -0.00642542820424, 0.00346338469535], [0.000440153497038, -0.00104346335866, 0.00188191828784, -0.00224482570775, -0.00124002282973, 0.00108347646892, -0.00557892024517, 0.00467410730198, -0.00307516939938, 0.00469217356294, -0.00642542820424, 0.0195713508874, -0.00658921105787], [0.000606749788858, 0.00177339685615, -0.00117941654753, -0.00082929834025, 0.000228607255849, 0.00137480860576, 0.00238461908884, -0.00311806099489, 0.00346147385426, -0.00327016157098, 0.00346338469535, -0.00658921105787, 0.0167521294206]]
    spectral_contrast:
        mean: [-6.43671356215e-08, -3.17643667813e-07, -3.36587220318e-07, 1.24416914105e-07, 6.05104673923e-07, 9.73372564772e-08, 3.8373946154e-07, 2.19928688239e-06, -6.87320380166e-07, 4.00906947107e-06, -2.12695923096e-07, -3.25875612361e-06]
        var: [0.000545426213648, 0.00115364138037, 0.00224524643272, 0.00257961847819, 0.00377022870816, 0.00662077404559, 0.04701558128, 0.0680936947465, 0.110432766378, 0.277981936932, 0.430868238211, 0.990495800972]

rhythm:
    beats_loudness:
        dmean: 0.00186233816203
        dmean2: 0.00317765772343
        dvar: 8.53556855418e-07
        dvar2: 2.72235729426e-06
        max: 0.0120000950992
        mean: 0.00780517607927
        min: 0.00327991391532
        var: 4.89608510179e-06
    beats_loudness_bass:
        dmean: 0.0280357338488
        dmean2: 0.0511594042182
        dvar: 0.00133273110259
        dvar2: 0.00376137648709
        max: 0.137842923403
        mean: 0.035457868129
        min: 0.00545479124412
        var: 0.000990884844214
    bpm: 98.6369934082
    bpm_confidence: 0
    first_peak_bpm: 99
    first_peak_spread: 0
    first_peak_weight: 0.933333396912
    onset_rate: 3.69818854332
    second_peak_bpm: 62
    second_peak_spread: 0
    second_peak_weight: 0.0666666701436
    beats_position: [0.2424480021, 0.849170207977, 1.45589244366, 2.06261467934, 2.66933703423, 3.27605938911, 3.88278150558, 4.48950386047, 5.09622621536, 6.06279039383, 6.67332172394, 7.28385400772, 7.8943862915, 8.50491809845, 9.11544895172, 9.72598171234]
    bpm_estimates: [98.1090240479, 98.7106781006, 99.0097732544, 99.5425033569, 98.9601821899, 99.52734375, 98.4022521973, 98.1418991089, 98.4401092529, 98.5138244629, 97.6002502441, 98.6861801147]
    bpm_intervals: [0.60672223568, 0.60672223568, 0.60672223568, 0.606722354889, 0.606722354889, 0.60672211647, 0.606722354889, 0.606722354889, 0.966564178467, 0.610531330109, 0.610532283783, 0.610532283783, 0.610531806946, 0.610530853271, 0.61053276062]
    onset_times: [0.0348299331963, 0.162539675832, 0.232199549675, 0.406349211931, 0.557278931141, 0.696598649025, 0.789478480816, 1.05650794506, 1.10294783115, 1.43963718414, 1.75310659409, 1.92725622654, 2.06657600403, 2.2523355484, 2.64707493782, 2.94893431664, 3.25079369545, 3.47138333321, 3.55265307426, 3.88934230804, 4.19120168686, 4.5046710968, 4.76009082794, 5.10838985443, 5.42185926437, 5.51473903656, 5.72371864319, 6.00235843658, 6.25777769089, 6.96598625183, 7.54648542404, 7.83673477173, 8.19664382935, 8.48689365387, 8.78875255585, 9.42730140686, 9.71755123138]
    rubato_start: []
    rubato_stop: []
    perceptual_tempo: "unknown"

sfx:
    inharmonicity:
        dmean: 0.057516451925
        dmean2: 0.101934917271
        dvar: 0.00368378241546
        dvar2: 0.011008261703
        max: 0.370767354965
        mean: 0.0568195655942
        min: 0
        var: 0.00399141851813
    oddtoevenharmonicenergyratio:
        dmean: 5.69142532349
        dmean2: 10.9517126083
        dvar: 425.866882324
        dvar2: 1250.89453125
        max: 212.66734314
        mean: 3.30959033966
        min: 0
        var: 227.781799316
    pitch_after_max_to_before_max_energy_ratio: 34.6668548584
    pitch_centroid: 260.374908447
    pitch_max_to_total: 0.0765661224723
    pitch_min_to_total: 0.672853827477
    tristimulus:
        dmean: [0.243849873543, 0.276595979929, 0.166602730751]
        dmean2: [0.433148622513, 0.483573585749, 0.298086464405]
        dvar: [0.0402822457254, 0.0479843243957, 0.0253190342337]
        dvar2: [0.106654718518, 0.1360912323, 0.0629213154316]
        max: [1, 0.986099779606, 0.864616036415]
        mean: [0.36251732707, 0.426430642605, 0.168301329017]
        min: [0.00387444812804, 0, 0]
        var: [0.0592432208359, 0.066026866436, 0.0335290171206]

tonal:
    chords_changes_rate: 0.0322580635548
    chords_number_rate: 0.0230414755642
    chords_strength:
        dmean: 0.0103992605582
        dmean2: 0.0120768547058
        dvar: 6.7974855483e-05
        dvar2: 9.30971436901e-05
        max: 0.69361191988
        mean: 0.57925516367
        min: 0.36957487464
        var: 0.00640764692798
    key_strength: 0.728823065758
    tuning_diatonic_strength: 0.600584745407
    tuning_equal_tempered_deviation: 0.186117142439
    tuning_frequency: 437.971466064
    tuning_nontempered_energy_ratio: 0.799818873405
    hpcp:
        dmean: [0.171651139855, 0.16351339221, 0.133244752884, 0.121032863855, 0.130215138197, 0.157986104488, 0.171744704247, 0.154782667756, 0.088493347168, 0.0955834686756, 0.11050003022, 0.127242460847, 0.113263100386, 0.0859162658453, 0.104664199054, 0.183800876141, 0.166808739305, 0.0930485725403, 0.0522792898118, 0.0494676679373, 0.0679255202413, 0.0840708389878, 0.0933505669236, 0.0823025554419, 0.0964019745588, 0.114480540156, 0.1509077847, 0.189496099949, 0.175721719861, 0.212193980813, 0.229922637343, 0.203003689647, 0.144936412573, 0.108485490084, 0.125674262643, 0.169259801507]
        dmean2: [0.287785351276, 0.275734931231, 0.220808640122, 0.212654590607, 0.216794997454, 0.271250009537, 0.297540843487, 0.2595243752, 0.144339337945, 0.159961313009, 0.183874547482, 0.213535413146, 0.194255977869, 0.151735752821, 0.175825595856, 0.304443359375, 0.264099895954, 0.156147927046, 0.0902281850576, 0.0836632698774, 0.114887580276, 0.132412999868, 0.162405326962, 0.144963026047, 0.172913819551, 0.199523538351, 0.264695942402, 0.327738851309, 0.305532485247, 0.367678761482, 0.407361328602, 0.34673383832, 0.262945920229, 0.197559550405, 0.228377997875, 0.287500500679]
        dvar: [0.0459523424506, 0.0474417209625, 0.0301171522588, 0.0308520048857, 0.0238358937204, 0.0280588157475, 0.0374672599137, 0.0303808227181, 0.01072966028, 0.0170818306506, 0.0241900291294, 0.0272367354482, 0.0231118556112, 0.0138844167814, 0.0175376906991, 0.0423294790089, 0.0298510994762, 0.00870599597692, 0.00290521723218, 0.00378801394254, 0.0129918474704, 0.0180636029691, 0.0234265886247, 0.0225996803492, 0.0238411445171, 0.0281948931515, 0.048421215266, 0.052321691066, 0.045105163008, 0.0458409152925, 0.072943367064, 0.0397286824882, 0.0485345572233, 0.0366494953632, 0.0478122569621, 0.0498536601663]
        dvar2: [0.115123331547, 0.101967707276, 0.0786664634943, 0.0801236778498, 0.0604011304677, 0.074614867568, 0.109310410917, 0.080404125154, 0.0260178185999, 0.0463572740555, 0.0619262754917, 0.0750262513757, 0.0664834007621, 0.0396796278656, 0.0506295710802, 0.108245559037, 0.070392690599, 0.0220023915172, 0.00729369837791, 0.0098676411435, 0.0311298388988, 0.0375620760024, 0.0593581087887, 0.06409740448, 0.0678193345666, 0.0717118382454, 0.130096182227, 0.141754359007, 0.118097111583, 0.118050135672, 0.172975555062, 0.103392362595, 0.130635008216, 0.100835092366, 0.131800189614, 0.129262700677]
        max: [1, 1, 1, 1, 1, 1, 1, 1, 0.832219064236, 0.931090056896, 1, 1, 1, 0.93134111166, 1, 1, 1, 0.669279515743, 0.403573691845, 0.413145661354, 0.935728669167, 1, 1, 1, 1, 1, 1, 1, 1, 1, 1, 1, 1, 1, 1, 1]
        mean: [0.24652826786, 0.229579418898, 0.16678622365, 0.148138910532, 0.195407152176, 0.218320399523, 0.239863857627, 0.214252904058, 0.128972932696, 0.150696381927, 0.203913554549, 0.1937790066, 0.152936562896, 0.117896109819, 0.145639657974, 0.285357087851, 0.295846551657, 0.149168029428, 0.0843128859997, 0.0660210624337, 0.0758705660701, 0.117404252291, 0.11795553565, 0.0875336974859, 0.0906378030777, 0.124079465866, 0.182615444064, 0.228432059288, 0.214873328805, 0.373056530952, 0.566191613674, 0.379724889994, 0.154471725225, 0.103959992528, 0.126744315028, 0.202167481184]
        min: [0.00740276277065, 0.00486812088639, 0.00327011290938, 0.00318543706089, 0.00789805594832, 0.0115676745772, 0.0112933842465, 0.0082148136571, 0.00302960257977, 0.00426223734394, 0.00438492931426, 0.00419148197398, 0.00614493247122, 0.00210756063461, 0.00955279637128, 0.0162969864905, 0.0140904057771, 0.0122193917632, 0.00376255856827, 0.00476334430277, 0.00120218016673, 0.00160504551604, 0.00485486071557, 0.00435358425602, 0.00367818959057, 0.00173663825262, 0.00348310731351, 0.00622089207172, 0.00664057396352, 0.00602866662666, 0.00738340476528, 0.0109715946019, 0.00297482428141, 0.00259592640214, 0.00107416755054, 0.00516320858151]
        var: [0.0759545043111, 0.0871427282691, 0.0426595695317, 0.0316688083112, 0.0398151502013, 0.0402492955327, 0.048530112952, 0.0466605611145, 0.0157204195857, 0.0362514518201, 0.0702852383256, 0.039893630892, 0.0247839130461, 0.0135938441381, 0.0198816284537, 0.071824029088, 0.0628930702806, 0.0130482129753, 0.00458857323974, 0.00431390013546, 0.0167082026601, 0.036319386214, 0.0274314880371, 0.0171119198203, 0.0187751371413, 0.0305423010141, 0.0573050491512, 0.0627352148294, 0.055089559406, 0.0776246935129, 0.152941599488, 0.070685736835, 0.0465400889516, 0.0268769785762, 0.0367260351777, 0.0641414374113]
    chords_histogram: [43.7788009644, 0, 17.0506916046, 0, 0, 0, 0, 0, 0, 0, 0, 0, 0, 0, 0, 0, 0, 6.45161294937, 0, 7.37327194214, 0, 0, 24.8847923279, 0.460829496384]
    thpcp: [1, 0.670664966106, 0.272825866938, 0.183612734079, 0.223854094744, 0.357065469027, 0.435414910316, 0.405480086803, 0.294575572014, 0.261640936136, 0.345125466585, 0.385594546795, 0.423644304276, 0.378410577774, 0.227790251374, 0.266157925129, 0.360149383545, 0.3422498703, 0.270114511251, 0.208226516843, 0.257226794958, 0.503993868828, 0.522520184517, 0.263458549976, 0.148912280798, 0.116605512798, 0.13400156796, 0.207357808948, 0.208331480622, 0.154600843787, 0.160083264112, 0.219147473574, 0.322532951832, 0.403453618288, 0.379506379366, 0.658887445927]
    chords_key: "G"
    chords_scale: "major"
    key_key: "G"
    key_scale: "major"
    chords_progression: ["Dm", "Dm", "Dm", "Dm", "Dm", "Dm", "Dm", "Dm", "Dm", "Dm", "Dm", "Dm", "Dm", "Dm", "Dm", "Dm", "D", "D", "D", "D", "D", "D", "D", "D", "D", "D", "D", "D", "D", "D", "D", "D", "D", "D", "D", "D", "D", "D", "D", "D", "D", "D", "D", "D", "D", "D", "D", "D", "D", "D", "D", "D", "D", "G", "G", "G", "G", "G", "G", "G", "G", "G", "G", "G", "G", "G", "G", "G", "G", "G", "G", "Gm", "Gm", "Gm", "G", "G", "G", "G", "G", "G", "G", "G", "G", "G", "G", "G", "G", "G", "G", "G", "G", "G", "G", "G", "G", "G", "G", "G", "G", "G", "G", "G", "G", "G", "G", "G", "G", "G", "G", "G", "G", "G", "G", "G", "G", "G", "G", "G", "G", "G", "G", "G", "G", "G", "G", "G", "G", "G", "G", "G", "G", "G", "G", "G", "G", "G", "G", "G", "G", "G", "G", "G", "G", "G", "G", "G", "G", "G", "G", "G", "G", "Em", "C", "C", "C", "C", "C", "C", "C", "C", "C", "C", "C", "C", "C", "C", "C", "C", "C", "C", "C", "C", "C", "C", "C", "C", "C", "C", "C", "C", "C", "C", "C", "C", "C", "C", "C", "C", "C", "C", "C", "C", "C", "C", "C", "C", "C", "C", "C", "C", "C", "C", "C", "C", "C", "C", "Gm", "Gm", "Gm", "Gm", "Gm", "Gm", "Gm", "Gm", "Gm", "Gm", "Gm"]
