
metadata:
    version:
        essentia: "1.2.2"
    audio_properties:
        analysis_sample_rate: 44100
        bitrate: 128
        channels: 2
        equal_loudness: 1
        length: 9.97877597809
        replay_gain: 13.3817081451
        downmix: "mix"
    tags:
        track: 10
        year: 0
        album: "Splitted by Mp3Splt v. 2.1"
        artist: "From 001.30 To 001.40"
        comment: "http://mp3splt.sf.net"
        genre: ""
        title: "14 Birdiym.mp3"

highlevel:
    ballroom:
        all:
            ChaChaCha: 0.0370567142963
            Jive: 0.158940538764
            Quickstep: 0.045263633132
            Rumba-American: 0.0448932871222
            Rumba-International: 0.0863158330321
            Rumba-Misc: 0.124054893851
            Samba: 0.0881551280618
            Tango: 0.0268294569105
            VienneseWaltz: 0.121309965849
            Waltz: 0.267180562019
        probability: 0.267180562019
        value: "Waltz"
    culture:
        all:
            non_western: 0.81550526619
            western: 0.18449473381
        probability: 0.81550526619
        value: "non_western"
    gender:
        all:
            female: 0.71339392662
            male: 0.286606103182
        probability: 0.71339392662
        value: "female"
    genre_dortmund:
        all:
            alternative: 0.00963650643826
            blues: 0.00239816564135
            electronic: 0.679633617401
            folkcountry: 0.00401354813948
            funksoulrnb: 0.0138644985855
            jazz: 0.0134065095335
            pop: 0.00976796634495
            raphiphop: 0.214944660664
            rock: 0.0523345544934
        probability: 0.679633617401
        value: "electronic"
    genre_electronica:
        all:
            ambient: 0.157143950462
            dnb: 0.245544821024
            house: 0.0411647036672
            techno: 0.497199565172
            trance: 0.0589469559491
        probability: 0.497199565172
        value: "techno"
    genre_rosamerica:
        all:
            cla: 0.0034963733051
            dan: 0.294449716806
            hip: 0.600334703922
            jaz: 0.00443980749696
            pop: 0.0575134344399
            rhy: 0.0282142348588
            roc: 0.010167947039
            spe: 0.00138377258554
        probability: 0.600334703922
        value: "hip"
    genre_tzanetakis:
        all:
            blu: 0.0109832407907
            cla: 0.0186267085373
            cou: 0.0202641710639
            dis: 0.0630523040891
            hip: 0.12406950444
            jaz: 0.0372297652066
            met: 0.0238127596676
            pop: 0.579109013081
            reg: 0.0761582255363
            roc: 0.0466943159699
        probability: 0.579109013081
        value: "pop"
    live_studio:
        all:
            live: 0.125326618552
            studio: 0.874673366547
        probability: 0.874673366547
        value: "studio"
    mood:
        all:
            Cluster1: 0.0553147755563
            Cluster2: 0.0198037736118
            Cluster3: 0.116242028773
            Cluster4: 0.018187917769
            Cluster5: 0.790451526642
        probability: 0.790451526642
        value: "Cluster5"
    mood_acoustic:
        all:
            acoustic: 0.0129773840308
            not_acoustic: 0.987022638321
        probability: 0.987022638321
        value: "not_acoustic"
    mood_aggressive:
        all:
            aggressive: 0.0288782827556
            not_aggressive: 0.97112172842
        probability: 0.97112172842
        value: "not_aggressive"
    mood_electronic:
        all:
            electronic: 0.870093762875
            not_electronic: 0.129906207323
        probability: 0.870093762875
        value: "electronic"
    mood_happy:
        all:
            happy: 0.110156275332
            not_happy: 0.889843702316
        probability: 0.889843702316
        value: "not_happy"
    mood_party:
        all:
            not_party: 0.136821210384
            party: 0.863178789616
        probability: 0.863178789616
        value: "party"
    mood_relaxed:
        all:
            not_relaxed: 0.259623497725
            relaxed: 0.740376472473
        probability: 0.740376472473
        value: "relaxed"
    mood_sad:
        all:
            not_sad: 0.999999880791
            sad: 1.00000008274e-07
        probability: 0.999999880791
        value: "not_sad"
    rhythm:
        all:
            fast: 0.430874049664
            medium: 0.512465953827
            slow: 0.0566599965096
        probability: 0.512465953827
        value: "medium"
    speech_music:
        all:
            music: 0.999999880791
            speech: 1.00000008274e-07
        probability: 0.999999880791
        value: "music"
    timbre:
        all:
            bright: 0.267708957195
            dark: 0.732291042805
        probability: 0.732291042805
        value: "dark"
    voice_instrumental:
        all:
            instrumental: 0.943230867386
            voice: 0.0567691512406
        probability: 0.943230867386
        value: "instrumental"

lowlevel:
    average_loudness: 0.940984904766
    barkbands_kurtosis:
        dmean: 1.94762647152
        dmean2: 3.40059113503
        dvar: 10.0019187927
        dvar2: 29.4189300537
        max: 27.4959316254
        mean: 0.415555864573
        min: -1.84028697014
        var: 10.1762714386
    barkbands_skewness:
        dmean: 0.666953921318
        dmean2: 1.1026597023
        dvar: 0.341348528862
        dvar2: 0.942960560322
        max: 3.32312750816
        mean: -0.473129123449
        min: -4.35532951355
        var: 1.0349342823
    barkbands_spread:
        dmean: 13.5909109116
        dmean2: 22.8261795044
        dvar: 129.839111328
        dvar2: 336.087677002
        max: 99.379196167
        mean: 42.0617523193
        min: 2.94411826134
        var: 319.613800049
    dissonance:
        dmean: 0.0168265048414
        dmean2: 0.0287618078291
        dvar: 0.000361875019735
        dvar2: 0.00089520169422
        max: 0.499973863363
        mean: 0.478332847357
        min: 0.231513187289
        var: 0.000460320734419
    hfc:
        dmean: 6.23356962204
        dmean2: 10.4257106781
        dvar: 103.383392334
        dvar2: 290.086730957
        max: 87.0107574463
        mean: 11.7491893768
        min: 0.240058392286
        var: 109.38974762
    pitch:
        dmean: 1099.92443848
        dmean2: 2029.37573242
        dvar: 1508685.875
        dvar2: 3804120.75
        max: 5512.5
        mean: 1474.09277344
        min: 103.278686523
        var: 1890828.375
    pitch_instantaneous_confidence:
        dmean: 0.1319129318
        dmean2: 0.225884199142
        dvar: 0.0135583812371
        dvar2: 0.0361731536686
        max: 0.949247539043
        mean: 0.386286407709
        min: 0.13025778532
        var: 0.0337706468999
    pitch_salience:
        dmean: 0.0712461918592
        dmean2: 0.121074594557
        dvar: 0.00339329731651
        dvar2: 0.00942989625037
        max: 0.908421337605
        mean: 0.656663000584
        min: 0.380798906088
        var: 0.00690425280482
    silence_rate_20dB:
        dmean: 0
        dmean2: 0
        dvar: 0
        dvar2: 0
        max: 1
        mean: 1
        min: 1
        var: 0
    silence_rate_30dB:
        dmean: 0
        dmean2: 0
        dvar: 0
        dvar2: 0
        max: 1
        mean: 1
        min: 1
        var: 0
    silence_rate_60dB:
        dmean: 0.123255811632
        dmean2: 0.244755238295
        dvar: 0.108063481748
        dvar2: 0.217484727502
        max: 1
        mean: 0.740139186382
        min: 0
        var: 0.192333191633
    spectral_centroid:
        dmean: 1147.18212891
        dmean2: 1836.78637695
        dvar: 1108564.5
        dvar2: 2836562.5
        max: 8909.2421875
        mean: 4621.34960938
        min: 428.788116455
        var: 3369132.25
    spectral_complexity:
        dmean: 3.42191147804
        dmean2: 5.64018678665
        dvar: 17.5259742737
        dvar2: 44.3284912109
        max: 43
        mean: 5.4813952446
        min: 0
        var: 27.5426826477
    spectral_crest:
        dmean: 3.7725508213
        dmean2: 6.22869539261
        dvar: 10.3844709396
        dvar2: 28.8387298584
        max: 24.1861400604
        mean: 10.2511825562
        min: 2.66513037682
        var: 19.5958194733
    spectral_decrease:
        dmean: 3.84325210545e-10
        dmean2: 6.64976407272e-10
        dvar: 5.61548205841e-19
        dvar2: 1.45520249999e-18
        max: -6.97616339695e-11
        mean: -5.84058412745e-10
        min: -7.17826820207e-09
        var: 8.21832683098e-19
    spectral_energy:
        dmean: 0.0019022814231
        dmean2: 0.00328859640285
        dvar: 1.26606746562e-05
        dvar2: 3.36981756845e-05
        max: 0.028374793008
        mean: 0.00327005796134
        min: 0.000531181576662
        var: 1.59890350915e-05
    spectral_energyband_high:
        dmean: 0.000498508801684
        dmean2: 0.000793152314145
        dvar: 6.64877688905e-07
        dvar2: 1.6586932361e-06
        max: 0.0106029044837
        mean: 0.000939030433074
        min: 4.14882697441e-06
        var: 9.92268610389e-07
    spectral_energyband_low:
        dmean: 0.000190848775674
        dmean2: 0.000298384693451
        dvar: 8.34302227304e-07
        dvar2: 1.92558218259e-06
        max: 0.0112970676273
        mean: 0.000256928498857
        min: 4.03726829745e-09
        var: 1.51164863382e-06
    spectral_energyband_middle_high:
        dmean: 0.00123503280338
        dmean2: 0.00222562230192
        dvar: 8.39709446154e-06
        dvar2: 2.40364970523e-05
        max: 0.0202016420662
        mean: 0.00134974520188
        min: 6.56510819681e-05
        var: 7.19671470506e-06
    spectral_energyband_middle_low:
        dmean: 0.00050202885177
        dmean2: 0.000864232482854
        dvar: 2.41383077082e-06
        dvar2: 6.66266714688e-06
        max: 0.0200201831758
        mean: 0.000724319717847
        min: 4.74203989143e-05
        var: 2.84619136437e-06
    spectral_flatness_db:
        dmean: 0.0257823448628
        dmean2: 0.0415371060371
        dvar: 0.000567944487557
        dvar2: 0.00168564892374
        max: 0.272509694099
        mean: 0.141185596585
        min: 0.0627006962895
        var: 0.00136369874235
    spectral_flux:
        dmean: 0.0108865946531
        dmean2: 0.0176559630781
        dvar: 0.000258461834164
        dvar2: 0.000500789668877
        max: 0.149443015456
        mean: 0.0435050018132
        min: 0.0183830112219
        var: 0.000478395464597
    spectral_kurtosis:
        dmean: 0.366961240768
        dmean2: 0.606128871441
        dvar: 0.295673847198
        dvar2: 0.741936862469
        max: 5.56636619568
        mean: -0.993345439434
        min: -1.6152228117
        var: 0.656753480434
    spectral_rms:
        dmean: 0.000430689629866
        dmean2: 0.000725009653252
        dvar: 3.41642703461e-07
        dvar2: 8.67962967277e-07
        max: 0.00526143750176
        mean: 0.00161027605645
        min: 0.000719879113603
        var: 5.97314112838e-07
    spectral_rolloff:
        dmean: 1711.76501465
        dmean2: 3101.9375
        dvar: 5798193.5
        dvar2: 14674111
        max: 11907.8613281
        mean: 8644.37304688
        min: 215.33203125
        var: 10857778
    spectral_skewness:
        dmean: 0.265999794006
        dmean2: 0.432405531406
        dvar: 0.0572968684137
        dvar2: 0.149109363556
        max: 2.06729912758
        mean: 0.478553444147
        min: -0.371543258429
        var: 0.183004334569
    spectral_spread:
        dmean: 1548630.375
        dmean2: 2528042.75
        dvar: 2.5175696343e+12
        dvar2: 6.6870223831e+12
        max: 21900650
        mean: 16688886
        min: 7220556
        var: 6.38722506752e+12
    spectral_strongpeak:
        dmean: 2.23534560204
        dmean2: 3.85293745995
        dvar: 6.50919532776
        dvar2: 16.790353775
        max: 13.9688682556
        mean: 2.10251498222
        min: 0.0208801776171
        var: 7.16561889648
    zerocrossingrate:
        dmean: 0.0295267887414
        dmean2: 0.0357426442206
        dvar: 0.000620015780441
        dvar2: 0.0008818184142
        max: 0.421875
        mean: 0.262353509665
        min: 0.01904296875
        var: 0.00600459426641
    barkbands:
        dmean: [1.15591626582e-06, 8.05300587672e-05, 0.000151835542056, 0.000128729399876, 0.000205188975087, 0.00010996216588, 0.000112258130684, 4.65910161438e-05, 7.65150107327e-05, 7.06277423888e-05, 2.61395871348e-05, 2.87874408968e-05, 4.13895722886e-05, 5.65595728403e-05, 0.000119983065815, 0.000151636922965, 0.000234453909798, 0.000241117333644, 0.000414859678131, 0.000259925553109, 0.000150044550537, 4.26996521128e-05, 5.51847733732e-06, 2.41578231908e-06, 0.000284769223072, 2.88903011096e-05, 1.32593280799e-09]
        dmean2: [1.83844656476e-06, 0.000110175147711, 0.000261262641288, 0.000215203705011, 0.000347287103068, 0.000183220894542, 0.000196673296159, 8.2411665062e-05, 0.000140933407238, 0.000129751424538, 4.61566305603e-05, 4.93161096529e-05, 7.28442173568e-05, 9.93761277641e-05, 0.000198054578505, 0.000255621504039, 0.000422303564847, 0.00043104426004, 0.000784902309533, 0.000455731933471, 0.000250966288149, 7.17771763448e-05, 9.1217989393e-06, 3.87876616514e-06, 0.000444648845587, 4.65819866804e-05, 1.86009707637e-09]
        dvar: [1.07940635596e-10, 1.35737394658e-07, 6.07144045262e-07, 4.02422841717e-07, 9.43411919252e-07, 6.81407357206e-08, 7.24890156789e-08, 7.29564275659e-09, 6.10175519e-08, 5.80556189789e-08, 1.61317359471e-09, 2.19755924569e-09, 9.90939952317e-09, 8.45547720729e-09, 6.78732519077e-08, 2.55292235352e-07, 1.29721456688e-06, 5.89829653563e-07, 2.80100357486e-06, 1.19608819205e-06, 3.56469371354e-07, 9.16990714472e-08, 3.72366443235e-10, 8.01692913444e-12, 9.14238853511e-08, 7.75089326055e-10, 1.41005177683e-16]
        dvar2: [1.98154104236e-10, 2.34981968106e-07, 1.70206669736e-06, 1.03689683328e-06, 2.645176437e-06, 1.52395401187e-07, 1.99385524979e-07, 2.00594048039e-08, 1.79240103648e-07, 1.73735855924e-07, 4.38613945164e-09, 5.42683853411e-09, 2.75232299174e-08, 2.35823449657e-08, 1.72689553324e-07, 6.27585507118e-07, 3.52349024979e-06, 1.63961192357e-06, 8.08472395875e-06, 3.11989992952e-06, 8.68848132995e-07, 2.48862988883e-07, 9.84775927471e-10, 1.72251587993e-11, 2.2198167926e-07, 1.86197390839e-09, 1.3810087376e-16]
        max: [0.000183977448614, 0.00476103136316, 0.0104265166447, 0.00776238087565, 0.0133535722271, 0.00456934282556, 0.00432065688074, 0.000801420130301, 0.0027966001071, 0.00251325778663, 0.000289651652565, 0.000553083780687, 0.00129996507894, 0.000677933450788, 0.00287300068885, 0.00741196516901, 0.0196507535875, 0.00925253331661, 0.0133443018422, 0.0149072185159, 0.00978634227067, 0.00501726847142, 0.000302383152302, 5.43727619515e-05, 0.00277982186526, 0.000183835378266, 2.50169392757e-07]
        mean: [1.20148536098e-06, 9.3018366897e-05, 0.000162742158864, 0.000129312829813, 0.000214218584006, 0.000125756152556, 0.000135557158501, 4.23675373895e-05, 6.63310129312e-05, 6.07313850196e-05, 2.85914811684e-05, 3.20435574395e-05, 3.88320149796e-05, 5.46208684682e-05, 0.000143287223182, 0.000133654612, 0.000210762475035, 0.000206431999686, 0.000303435634123, 0.000257133011473, 0.000176989575266, 5.23004200659e-05, 1.0127173482e-05, 6.96133429301e-06, 0.000536184583325, 4.74637854495e-05, 1.18515597336e-09]
        min: [1.02899411214e-10, 2.39769093469e-09, 7.3024691849e-10, 5.31560739869e-10, 3.46738033841e-08, 5.31536034032e-06, 1.99025180336e-06, 3.54217490894e-08, 2.01669422495e-07, 7.03940315816e-07, 9.86092459243e-07, 1.01231762528e-06, 3.88654001426e-07, 1.54319252488e-06, 3.37480537382e-06, 9.30956446155e-07, 2.32963373037e-07, 3.68470932699e-06, 1.31725823849e-06, 1.54095368998e-06, 6.74337115925e-07, 3.23687373793e-07, 3.90601755385e-08, 3.98295334492e-08, 1.53854477958e-06, 1.39879517747e-07, 5.05148494648e-13]
        var: [1.30401217602e-10, 2.15811567728e-07, 7.97130212504e-07, 3.67401440826e-07, 1.15429224934e-06, 7.24464754853e-08, 5.36598143697e-08, 6.21051343686e-09, 3.51666287202e-08, 3.32443903517e-08, 1.57293000846e-09, 2.40037323351e-09, 7.72063746268e-09, 7.03949076808e-09, 1.30469828719e-07, 2.25452794211e-07, 1.31885769861e-06, 4.74696747688e-07, 1.74383626472e-06, 1.15859245398e-06, 4.62524042177e-07, 6.24747116262e-08, 3.07533443156e-10, 1.41837271095e-11, 1.53749780907e-07, 1.29607624633e-09, 1.45428476378e-16]
    mfcc:
        mean: [-734.775878906, 41.830871582, -26.9309864044, 4.70715808868, -6.73729085922, -30.192647934, -2.40697813034, -28.8897094727, 8.74778842926, -18.2862281799, 11.0363101959, -12.1885766983, 11.644575119]
        cov: [[980.18939209, 467.805297852, -116.316490173, 208.394134521, 187.296203613, 144.707000732, 114.552841187, 88.2353286743, 26.9718208313, 42.3286094666, -67.1160583496, -119.334655762, -115.736022949], [467.805297852, 733.513977051, 339.136413574, 253.415603638, 344.097167969, 352.336181641, 128.970550537, 111.060745239, 38.8935127258, 77.3165130615, -64.4984512329, -199.332611084, -153.373046875], [-116.316490173, 339.136413574, 753.719604492, 305.851287842, 248.908218384, 316.230743408, 118.506103516, 44.8180770874, 56.224029541, 52.9238243103, 14.5861024857, -87.5747528076, -55.4491958618], [208.394134521, 253.415603638, 305.851287842, 465.780700684, 245.852416992, 192.878631592, 132.255386353, 56.5004844666, 5.36460113525, 46.1684532166, -44.8505821228, -70.4463195801, -67.5387268066], [187.296203613, 344.097167969, 248.908218384, 245.852416992, 404.760223389, 242.960586548, 77.0948791504, 78.2651138306, 36.9441299438, 42.0973358154, -22.1017169952, -110.970489502, -57.9661598206], [144.707000732, 352.336181641, 316.230743408, 192.878631592, 242.960586548, 375.264556885, 111.851135254, 34.7197418213, 68.1655578613, 96.4634399414, -25.2759342194, -93.7434692383, -76.839050293], [114.552841187, 128.970550537, 118.506103516, 132.255386353, 77.0948791504, 111.851135254, 164.523345947, 32.4720573425, 21.6934509277, 55.114025116, -12.9548482895, -39.6488075256, -23.1555862427], [88.2353286743, 111.060745239, 44.8180770874, 56.5004844666, 78.2651138306, 34.7197418213, 32.4720573425, 140.286361694, 32.304649353, 3.3714902401, 13.627702713, -17.740688324, -19.7732639313], [26.9718208313, 38.8935127258, 56.224029541, 5.36460113525, 36.9441299438, 68.1655578613, 21.6934509277, 32.304649353, 129.459564209, 23.2693805695, -3.91779398918, 27.1626110077, -3.83944416046], [42.3286094666, 77.3165130615, 52.9238243103, 46.1684532166, 42.0973358154, 96.4634399414, 55.114025116, 3.3714902401, 23.2693805695, 161.641815186, 16.7521438599, -46.7281837463, 13.8866071701], [-67.1160583496, -64.4984512329, 14.5861024857, -44.8505821228, -22.1017169952, -25.2759342194, -12.9548482895, 13.627702713, -3.91779398918, 16.7521438599, 119.031478882, 35.3864746094, 15.7439956665], [-119.334655762, -199.332611084, -87.5747528076, -70.4463195801, -110.970489502, -93.7434692383, -39.6488075256, -17.740688324, 27.1626110077, -46.7281837463, 35.3864746094, 169.355895996, 61.4674377441], [-115.736022949, -153.373046875, -55.4491958618, -67.5387268066, -57.9661598206, -76.839050293, -23.1555862427, -19.7732639313, -3.83944416046, 13.8866071701, 15.7439956665, 61.4674377441, 123.287841797]]
        icov: [[0.00254427292384, -0.00228116032667, 0.00194329477381, -0.00143058656249, 0.000464447366539, 0.000147814716911, -0.000686723855324, 0.000320989609463, -0.00101708446164, 0.000573124620132, -0.000755130953621, 0.000367993925465, -0.000309351627948], [-0.00228116032667, 0.00634446227923, -0.00223103072494, 0.00180088414345, -0.00177661306225, -0.00188382540364, 0.000300294486806, -0.0022370822262, 0.00158797646873, -0.00107494555414, 0.00218052021228, 0.00106786412653, 0.00278224749491], [0.00194329477381, -0.00223103072494, 0.00422257184982, -0.00259986170568, 0.000942404440138, -0.00179216975812, -0.000465688644908, 0.000773533014581, -0.00167092680931, 0.00193869799841, -0.0024660716299, 0.0014030468883, -0.00176859460771], [-0.00143058656249, 0.00180088414345, -0.00259986170568, 0.00583381438628, -0.00283085205592, 0.000687047664542, -0.00185641634744, -0.000977703253739, 0.00263631693088, -0.00189405586571, 0.00291417143308, -0.00231293053366, 0.00259212683886], [0.000464447366539, -0.00177661306225, 0.000942404440138, -0.00283085205592, 0.00668951496482, -0.00276129413396, 0.00118022528477, -0.000973280810285, -0.00139573134948, 0.00220599188469, -0.00180395890493, 0.0028315926902, -0.00288459495641], [0.000147814716911, -0.00188382540364, -0.00179216975812, 0.000687047664542, -0.00276129413396, 0.00910389702767, -0.00167496001814, 0.00195742025971, -0.0018572328845, -0.00347019475885, 0.00109416805208, -0.00158888823353, 0.00272611877881], [-0.000686723855324, 0.000300294486806, -0.000465688644908, -0.00185641634744, 0.00118022528477, -0.00167496001814, 0.00966662354767, -0.00133989704773, -0.000219698646106, -0.00167023320682, 0.00034464977216, 0.00051045534201, -0.000503073679283], [0.000320989609463, -0.0022370822262, 0.000773533014581, -0.000977703253739, -0.000973280810285, 0.00195742025971, -0.00133989704773, 0.010176403448, -0.00320833036676, 0.00131043058354, -0.0029252555687, 0.000509418779984, -0.000654473435134], [-0.00101708446164, 0.00158797646873, -0.00167092680931, 0.00263631693088, -0.00139573134948, -0.0018572328845, -0.000219698646106, -0.00320833036676, 0.0120271109045, -0.00281096971594, 0.00319709861651, -0.00510630197823, 0.0021725599654], [0.000573124620132, -0.00107494555414, 0.00193869799841, -0.00189405586571, 0.00220599188469, -0.00347019475885, -0.00167023320682, 0.00131043058354, -0.00281096971594, 0.011305777356, -0.00433999113739, 0.00511620426551, -0.00555155565962], [-0.000755130953621, 0.00218052021228, -0.0024660716299, 0.00291417143308, -0.00180395890493, 0.00109416805208, 0.00034464977216, -0.0029252555687, 0.00319709861651, -0.00433999113739, 0.0124000757933, -0.00423397077248, 0.00303620635532], [0.000367993925465, 0.00106786412653, 0.0014030468883, -0.00231293053366, 0.0028315926902, -0.00158888823353, 0.00051045534201, 0.000509418779984, -0.00510630197823, 0.00511620426551, -0.00423397077248, 0.0133742522448, -0.00530608417466], [-0.000309351627948, 0.00278224749491, -0.00176859460771, 0.00259212683886, -0.00288459495641, 0.00272611877881, -0.000503073679283, -0.000654473435134, 0.0021725599654, -0.00555155565962, 0.00303620635532, -0.00530608417466, 0.0150004811585]]
    spectral_contrast:
        mean: [4.59683491272e-08, 1.85510799611e-07, 5.87348324643e-07, -1.36700833764e-07, -5.62042316687e-07, 1.47348231394e-07, 9.82783561199e-08, -1.74438014255e-06, -3.52963456862e-06, 1.00690260751e-06, 2.60305955635e-06, 2.52418749369e-06]
        var: [0.00109710753895, 0.00142705999315, 0.00227966415696, 0.00244620069861, 0.00366188306361, 0.00656811799854, 0.0413350425661, 0.0860160216689, 0.147810801864, 0.186955526471, 0.58265209198, 1.46466195583]

rhythm:
    beats_loudness:
        dmean: 0.00194411538541
        dmean2: 0.00327284284867
        dvar: 7.0988180596e-06
        dvar2: 1.06886654976e-05
        max: 0.0118572944775
        mean: 0.00278095761314
        min: 0.000770368147641
        var: 6.39459540253e-06
    beats_loudness_bass:
        dmean: 0.0899775326252
        dmean2: 0.153626278043
        dvar: 0.0145000787452
        dvar2: 0.0316081978381
        max: 0.451094567776
        mean: 0.0783251598477
        min: 0.000110408342152
        var: 0.0180785153061
    bpm: 108.55569458
    bpm_confidence: 0
    first_peak_bpm: 142
    first_peak_spread: 0
    first_peak_weight: 0.649999976158
    onset_rate: 3.40723156929
    second_peak_bpm: 109
    second_peak_spread: 0
    second_peak_weight: 0.300000011921
    beats_position: [0.228026673198, 0.650361299515, 1.07269597054, 1.49503040314, 1.91736495495, 2.33969950676, 2.76203393936, 3.18436861038, 3.60670304298, 4.02903747559, 4.45137214661, 4.87370681763, 5.29604101181, 5.71837568283, 6.37127256393, 6.92398643494, 7.47670030594, 8.02941417694, 8.58212852478, 9.13484287262, 9.68755626678]
    bpm_estimates: [108.338569641, 108.772827148]
    bpm_intervals: [0.422334611416, 0.422334671021, 0.422334432602, 0.422334551811, 0.422334551811, 0.422334432602, 0.422334671021, 0.422334432602, 0.422334432602, 0.422334671021, 0.422334671021, 0.422334194183, 0.422334671021, 0.652896881104, 0.552713871002, 0.552713871002, 0.552713871002, 0.552714347839, 0.552714347839, 0.552713394165]
    onset_times: [0.0348299331963, 0.139319732785, 1.38158726692, 1.78793644905, 1.97369611263, 2.42648530006, 2.5890250206, 3.22757363319, 3.59909296036, 4.051882267, 4.28408145905, 4.40018129349, 4.7020406723, 4.8994102478, 5.10838985443, 5.38702964783, 5.66566896439, 5.80498886108, 6.025578022, 6.3622674942, 6.57124710083, 6.76861667633, 7.0356464386, 7.4303855896, 7.81351470947, 7.98766422272, 8.20825386047, 8.42884349823, 8.60299301147, 8.78875255585, 9.0906124115, 9.287981987, 9.35764217377, 9.89170074463]
    rubato_start: [6.92398643494]
    rubato_stop: [9.68755626678]
    perceptual_tempo: "unknown"

sfx:
    inharmonicity:
        dmean: 0.066008746624
        dmean2: 0.117110066116
        dvar: 0.00502776168287
        dvar2: 0.0145765123889
        max: 0.38448292017
        mean: 0.0623364113271
        min: 0
        var: 0.00517382379621
    oddtoevenharmonicenergyratio:
        dmean: 8.06052017212
        dmean2: 15.7504224777
        dvar: 1274.66247559
        dvar2: 3793.81542969
        max: 462.911407471
        mean: 4.55216312408
        min: 0
        var: 658.182556152
    pitch_after_max_to_before_max_energy_ratio: 3.08817005157
    pitch_centroid: 214.097839355
    pitch_max_to_total: 0.197674423456
    pitch_min_to_total: 0.0209302324802
    tristimulus:
        dmean: [0.23500919342, 0.320164442062, 0.169446438551]
        dmean2: [0.410462021828, 0.560174286366, 0.305039346218]
        dvar: [0.0379707887769, 0.0566805899143, 0.0287626087666]
        dvar2: [0.106123782694, 0.167896807194, 0.0792677477002]
        max: [1, 0.996504545212, 0.854696512222]
        mean: [0.321293652058, 0.454817026854, 0.140643134713]
        min: [0.00349553255364, 0, 0]
        var: [0.0632453933358, 0.0818665996194, 0.0326029025018]

tonal:
    chords_changes_rate: 0.175925925374
    chords_number_rate: 0.0277777779847
    chords_strength:
        dmean: 0.0179394260049
        dmean2: 0.0252666287124
        dvar: 0.000195774788153
        dvar2: 0.000401939963922
        max: 0.604158222675
        mean: 0.432210534811
        min: 0.286696434021
        var: 0.00569245778024
    key_strength: 0.371677160263
    tuning_diatonic_strength: 0.375324457884
    tuning_equal_tempered_deviation: 0.291251152754
    tuning_frequency: 450.024475098
    tuning_nontempered_energy_ratio: 0.915311634541
    hpcp:
        dmean: [0.255821496248, 0.251540273428, 0.244376376271, 0.182898744941, 0.172312870622, 0.183338850737, 0.195367619395, 0.195871129632, 0.164206683636, 0.176703870296, 0.186817288399, 0.169512152672, 0.162032589316, 0.177366450429, 0.192672550678, 0.178213968873, 0.176670253277, 0.187452793121, 0.18305131793, 0.156579658389, 0.141659453511, 0.163562148809, 0.202230006456, 0.236714959145, 0.247327297926, 0.28535181284, 0.282886326313, 0.255546569824, 0.251095592976, 0.273485988379, 0.262159228325, 0.242408230901, 0.253167629242, 0.263286679983, 0.314622074366, 0.30706012249]
        dmean2: [0.444840431213, 0.423463970423, 0.412948042154, 0.309775620699, 0.295661836863, 0.316134512424, 0.330852210522, 0.335323214531, 0.272048830986, 0.302064955235, 0.330616742373, 0.299703210592, 0.289287656546, 0.311750739813, 0.328879773617, 0.310234844685, 0.300491273403, 0.326369524002, 0.320900917053, 0.265963256359, 0.243807956576, 0.275888442993, 0.34636887908, 0.407216519117, 0.430271476507, 0.483760088682, 0.496926933527, 0.439966976643, 0.432009667158, 0.468399345875, 0.448964446783, 0.419358819723, 0.42902353406, 0.46010351181, 0.558820545673, 0.538515627384]
        dvar: [0.0431343577802, 0.0478244833648, 0.0496733561158, 0.0287950169295, 0.0308318231255, 0.0341841802001, 0.0433365665376, 0.0429695546627, 0.0316853895783, 0.0300137661397, 0.0467919073999, 0.0357091762125, 0.0326812304556, 0.0360398925841, 0.044072933495, 0.0401292443275, 0.0358852669597, 0.0319139249623, 0.0447523370385, 0.0242331046611, 0.0214708447456, 0.0294409450144, 0.0501668974757, 0.0496822223067, 0.0504060909152, 0.0607363246381, 0.0663588047028, 0.0598986148834, 0.0507536940277, 0.0478151068091, 0.0555132962763, 0.0489105321467, 0.0522935837507, 0.0509827062488, 0.0597626976669, 0.059780549258]
        dvar2: [0.124447628856, 0.124425694346, 0.133784294128, 0.0780916139483, 0.0875979289412, 0.100325599313, 0.115291595459, 0.111069604754, 0.0822786539793, 0.0813349783421, 0.135189324617, 0.100717350841, 0.0828662142158, 0.0895077362657, 0.116839937866, 0.0971729308367, 0.0839634686708, 0.0735363215208, 0.113142885268, 0.0661933422089, 0.0592867061496, 0.0812430456281, 0.135038912296, 0.138107329607, 0.126892775297, 0.16023235023, 0.174629226327, 0.167434066534, 0.150308266282, 0.132534116507, 0.159425631166, 0.137662395835, 0.140342459083, 0.123821355402, 0.144429787993, 0.165050894022]
        max: [1, 1, 1, 1, 1, 1, 1, 1, 1, 0.998742699623, 1, 1, 0.991670489311, 1, 1, 1, 1, 1, 1, 0.944831848145, 1, 1, 1, 1, 1, 1, 1, 1, 1, 1, 1, 1, 1, 1, 1, 1]
        mean: [0.358856588602, 0.350847661495, 0.32903522253, 0.279855966568, 0.253181904554, 0.254255026579, 0.27311950922, 0.281994283199, 0.262111932039, 0.253907561302, 0.256199687719, 0.244499385357, 0.241077721119, 0.251314371824, 0.260415375233, 0.266886085272, 0.268938571215, 0.254283875227, 0.232347473502, 0.207031801343, 0.197347089648, 0.221100836992, 0.260930001736, 0.294460177422, 0.32010987401, 0.36676543951, 0.388962358236, 0.355031937361, 0.343493282795, 0.350461006165, 0.34088152647, 0.336835831404, 0.353977203369, 0.40333840251, 0.446399331093, 0.414514660835]
        min: [0.00623767962679, 0.0015302314423, 0.001808144385, 0.00408895965666, 0.00348252872936, 0.000508645025548, 0.00142344878986, 0.00261429022066, 0.00264984043315, 0.00213091960177, 0.0014037565561, 0.00150667096023, 0.000814591068774, 8.72461896506e-06, 8.3744605945e-05, 0.000167224585311, 8.3480066678e-05, 0, 0, 0, 0.000509583333042, 0.00158794748131, 0.00167271576356, 0.00168196135201, 0.0033477076795, 0.00427477806807, 0.00476999534294, 0.0064201275818, 0.00461098644882, 0.000238365508267, 0.00053137174109, 0.00320486049168, 0.00397535227239, 0.00400407239795, 0.00210963748395, 0.00583987403661]
        var: [0.068891517818, 0.0700543224812, 0.0643784627318, 0.0429051592946, 0.0398392826319, 0.0399585701525, 0.0508873052895, 0.0553838871419, 0.0456501506269, 0.0461533106863, 0.0579359941185, 0.0500381141901, 0.0467016063631, 0.0484277755022, 0.0565610602498, 0.0560086704791, 0.0542853921652, 0.0448600314558, 0.0477323234081, 0.0318640954792, 0.030125759542, 0.0429370217025, 0.0662691220641, 0.0720509961247, 0.0741691067815, 0.0838270559907, 0.0936092287302, 0.0811064243317, 0.069672934711, 0.0758182406425, 0.0747739896178, 0.0701210647821, 0.0765331164002, 0.0793432816863, 0.0945602804422, 0.0870425328612]
    chords_histogram: [0.462962955236, 0, 0, 6.94444465637, 0, 0, 0, 0, 0, 35.1851844788, 32.8703689575, 0, 0, 0, 3.70370364189, 0, 4.16666650772, 0, 0, 0, 0, 0, 0, 16.6666660309]
    thpcp: [1, 0.928573668003, 0.803891420364, 0.785950243473, 0.737087190151, 0.626918435097, 0.567164599895, 0.569568574429, 0.611827790737, 0.631708562374, 0.58716917038, 0.568790197372, 0.573924899101, 0.547714471817, 0.540049493313, 0.562981069088, 0.583368659019, 0.597863972187, 0.602461874485, 0.569633185863, 0.520492434502, 0.463781625032, 0.442086428404, 0.495298326015, 0.584521472454, 0.659633994102, 0.717093110085, 0.821608424187, 0.871332764626, 0.795323610306, 0.769475340843, 0.785084068775, 0.763624608517, 0.754561662674, 0.792960882187, 0.903537213802]
    chords_key: "C#"
    chords_scale: "major"
    key_key: "F#"
    key_scale: "minor"
    chords_progression: ["E", "E", "E", "E", "E", "E", "E", "E", "E", "E", "E", "E", "E", "C#", "C#", "C#", "C#", "C#", "C#", "C#", "C#", "C#", "E", "C#", "C#", "C#", "C#", "C#", "C#", "C#", "D", "C#", "C#", "C#", "D", "Dm", "Dm", "Dm", "Dm", "D", "D", "D", "D", "D", "C#", "D", "D", "D", "C#", "D", "D", "D", "D", "D", "D", "D", "D", "C#", "D", "D", "Dm", "Dm", "Dm", "Dm", "D", "Dm", "D", "D", "D", "D", "D", "D", "D", "D", "D", "D", "D", "D", "D", "D", "Fm", "Fm", "Fm", "E", "Fm", "Fm", "Fm", "Fm", "Fm", "Fm", "F#m", "Fm", "Fm", "Fm", "Fm", "Fm", "Fm", "Fm", "Fm", "Fm", "Fm", "Fm", "Fm", "Fm", "Fm", "Fm", "Fm", "Fm", "Fm", "Fm", "Fm", "Fm", "Fm", "Fm", "Fm", "C#", "C#", "C#", "C#", "C#", "C#", "C#", "C#", "C#", "C#", "C#", "D", "C#", "C#", "C#", "C#", "C#", "C#", "C#", "C#", "C#", "C#", "C#", "C#", "C#", "C#", "C#", "C#", "C#", "C#", "C#", "C#", "C#", "C#", "C#", "C#", "C#", "C#", "C#", "C#", "C#", "C#", "C#", "C#", "C#", "C#", "C#", "Fm", "Fm", "Fm", "C#", "C#", "Fm", "C#", "C#", "C#", "Fm", "Fm", "Fm", "Fm", "Fm", "Fm", "Fm", "Fm", "Fm", "Fm", "Fm", "Fm", "Fm", "Fm", "Fm", "Fm", "Fm", "Fm", "Fm", "Fm", "Fm", "Gm", "Gm", "Gm", "Fm", "Fm", "Fm", "Fm", "Fm", "Fm", "Fm", "Fm", "Fm", "Fm", "Fm", "C#", "C#", "C#", "Fm", "Gm", "Fm", "Gm", "Gm", "Gm", "Gm"]
