
metadata:
    version:
        essentia: "1.2.2"
    audio_properties:
        analysis_sample_rate: 44100
        bitrate: 128
        channels: 2
        equal_loudness: 1
        length: 10.0310201645
        replay_gain: -9.02087020874
        downmix: "mix"
    tags:
        track: 11
        year: 0
        album: "Splitted by Mp3Splt v. 2.1"
        artist: "From 001.40 To 001.50"
        comment: "http://mp3splt.sf.net"
        genre: ""
        title: "03 The Rain (Supa Dupa Fly).mp"

highlevel:
    ballroom:
        all:
            ChaChaCha: 0.288975983858
            Jive: 0.125082090497
            Quickstep: 0.0378059782088
            Rumba-American: 0.00257523031905
            Rumba-International: 0.00996342580765
            Rumba-Misc: 0.00467196339741
            Samba: 0.528047025204
            Tango: 0.000998831004836
            VienneseWaltz: 0.000915520417038
            Waltz: 0.000963940925431
        probability: 0.528047025204
        value: "Samba"
    culture:
        all:
            non_western: 0.167259588838
            western: 0.832740426064
        probability: 0.832740426064
        value: "western"
    gender:
        all:
            female: 0.659909844398
            male: 0.340090155602
        probability: 0.659909844398
        value: "female"
    genre_dortmund:
        all:
            alternative: 0.00253505795263
            blues: 0.00177047483157
            electronic: 0.0345643535256
            folkcountry: 0.00194086914416
            funksoulrnb: 0.0145768085495
            jazz: 0.0142068499699
            pop: 0.0140862558037
            raphiphop: 0.892080366611
            rock: 0.0242389924824
        probability: 0.892080366611
        value: "raphiphop"
    genre_electronica:
        all:
            ambient: 0.117793597281
            dnb: 0.101827219129
            house: 0.724783420563
            techno: 0.0378877483308
            trance: 0.0177079904824
        probability: 0.724783420563
        value: "house"
    genre_rosamerica:
        all:
            cla: 0.00150728120934
            dan: 0.0487118177116
            hip: 0.822700798512
            jaz: 0.00208041560836
            pop: 0.0198970511556
            rhy: 0.0839454308152
            roc: 0.00417451467365
            spe: 0.0169827062637
        probability: 0.822700798512
        value: "hip"
    genre_tzanetakis:
        all:
            blu: 0.00220672343858
            cla: 0.00178553571459
            cou: 0.00305500463583
            dis: 0.00833310373127
            hip: 0.317899376154
            jaz: 0.00197936152108
            met: 0.00280360295437
            pop: 0.393945753574
            reg: 0.261849880219
            roc: 0.00614163652062
        probability: 0.393945753574
        value: "pop"
    live_studio:
        all:
            live: 0.125458702445
            studio: 0.874541282654
        probability: 0.874541282654
        value: "studio"
    mood:
        all:
            Cluster1: 0.260141551495
            Cluster2: 0.27433386445
            Cluster3: 0.132741779089
            Cluster4: 0.096134275198
            Cluster5: 0.236648544669
        probability: 0.27433386445
        value: "Cluster2"
    mood_acoustic:
        all:
            acoustic: 0.0965747386217
            not_acoustic: 0.903425276279
        probability: 0.903425276279
        value: "not_acoustic"
    mood_aggressive:
        all:
            aggressive: 0.0258600078523
            not_aggressive: 0.974139988422
        probability: 0.974139988422
        value: "not_aggressive"
    mood_electronic:
        all:
            electronic: 0.923788249493
            not_electronic: 0.0762117281556
        probability: 0.923788249493
        value: "electronic"
    mood_happy:
        all:
            happy: 0.440569281578
            not_happy: 0.559430718422
        probability: 0.559430718422
        value: "not_happy"
    mood_party:
        all:
            not_party: 0.157903492451
            party: 0.842096507549
        probability: 0.842096507549
        value: "party"
    mood_relaxed:
        all:
            not_relaxed: 0.687658309937
            relaxed: 0.312341690063
        probability: 0.687658309937
        value: "not_relaxed"
    mood_sad:
        all:
            not_sad: 0.830569148064
            sad: 0.169430822134
        probability: 0.830569148064
        value: "not_sad"
    rhythm:
        all:
            fast: 0.261637896299
            medium: 0.64390206337
            slow: 0.094460055232
        probability: 0.64390206337
        value: "medium"
    speech_music:
        all:
            music: 0.632168710232
            speech: 0.367831319571
        probability: 0.632168710232
        value: "music"
    timbre:
        all:
            bright: 0.00751787703484
            dark: 0.992482125759
        probability: 0.992482125759
        value: "dark"
    voice_instrumental:
        all:
            instrumental: 0.00425115320832
            voice: 0.995748817921
        probability: 0.995748817921
        value: "voice"

lowlevel:
    average_loudness: 0.909440755844
    barkbands_kurtosis:
        dmean: 3.2136490345
        dmean2: 5.00751972198
        dvar: 35.6780548096
        dvar2: 93.6878433228
        max: 85.4794464111
        mean: 3.65150237083
        min: -1.89791023731
        var: 75.7418136597
    barkbands_skewness:
        dmean: 0.741139888763
        dmean2: 1.10616075993
        dvar: 0.578894674778
        dvar2: 1.15965509415
        max: 7.15981006622
        mean: 0.959611356258
        min: -5.98121452332
        var: 2.40614914894
    barkbands_spread:
        dmean: 8.7877702713
        dmean2: 13.4972486496
        dvar: 78.9106674194
        dvar2: 184.561752319
        max: 63.7369422913
        mean: 24.4638710022
        min: 1.35825836658
        var: 226.620223999
    dissonance:
        dmean: 0.0285235270858
        dmean2: 0.0469093061984
        dvar: 0.000882921740413
        dvar2: 0.00223364541307
        max: 0.499962180853
        mean: 0.452144294977
        min: 0.258731752634
        var: 0.00192489253823
    hfc:
        dmean: 2.09958982468
        dmean2: 3.01771616936
        dvar: 21.5142021179
        dvar2: 48.0061340332
        max: 32.0125389099
        mean: 2.61620354652
        min: 0.0130393262953
        var: 24.4381885529
    pitch:
        dmean: 779.629638672
        dmean2: 1495.54919434
        dvar: 1838577.875
        dvar2: 4624556.5
        max: 4900
        mean: 1490.54785156
        min: 50.9237861633
        var: 3054115.25
    pitch_instantaneous_confidence:
        dmean: 0.136853843927
        dmean2: 0.225981205702
        dvar: 0.017254371196
        dvar2: 0.0436069406569
        max: 0.916907429695
        mean: 0.486025899649
        min: 0.12480199337
        var: 0.0387339554727
    pitch_salience:
        dmean: 0.0865980386734
        dmean2: 0.137678131461
        dvar: 0.0056866556406
        dvar2: 0.0147840790451
        max: 0.885626316071
        mean: 0.624370574951
        min: 0.14864385128
        var: 0.014378612861
    silence_rate_20dB:
        dmean: 0
        dmean2: 0
        dvar: 0
        dvar2: 0
        max: 1
        mean: 1
        min: 1
        var: 0
    silence_rate_30dB:
        dmean: 0
        dmean2: 0
        dvar: 0
        dvar2: 0
        max: 1
        mean: 1
        min: 1
        var: 0
    silence_rate_60dB:
        dmean: 0.116009280086
        dmean2: 0.232558146119
        dvar: 0.102551214397
        dvar2: 0.187777712941
        max: 1
        mean: 0.752314805984
        min: 0
        var: 0.186337396502
    spectral_centroid:
        dmean: 422.081726074
        dmean2: 624.18762207
        dvar: 291020.875
        dvar2: 558307.0625
        max: 5508.7578125
        mean: 1313.92456055
        min: 167.704086304
        var: 1123820.25
    spectral_complexity:
        dmean: 3.15384626389
        dmean2: 4.85046720505
        dvar: 47.5007019043
        dvar2: 104.398124695
        max: 52
        mean: 5.54418611526
        min: 0
        var: 61.6062355042
    spectral_crest:
        dmean: 3.06162285805
        dmean2: 5.15179920197
        dvar: 8.08854007721
        dvar2: 21.3702793121
        max: 24.5264434814
        mean: 9.61366653442
        min: 2.56541800499
        var: 15.4604082108
    spectral_decrease:
        dmean: 4.17521545115e-10
        dmean2: 6.38821828769e-10
        dvar: 6.97463493061e-19
        dvar2: 1.66031485756e-18
        max: -1.63628518287e-12
        mean: -6.09327033274e-10
        min: -6.6107253005e-09
        var: 8.37744898047e-19
    spectral_energy:
        dmean: 0.00175120693166
        dmean2: 0.0026596551761
        dvar: 1.23138506751e-05
        dvar2: 2.90516309178e-05
        max: 0.0257225241512
        mean: 0.00253704073839
        min: 7.4730119195e-06
        var: 1.47362989082e-05
    spectral_energyband_high:
        dmean: 0.000171938329004
        dmean2: 0.000245159113547
        dvar: 1.23955942399e-07
        dvar2: 2.63096922026e-07
        max: 0.00235562724993
        mean: 0.000172954416485
        min: 2.98097830864e-08
        var: 1.47961983998e-07
    spectral_energyband_low:
        dmean: 0.00034125437378
        dmean2: 0.000563587760553
        dvar: 1.09474387955e-06
        dvar2: 3.01681211567e-06
        max: 0.0135206114501
        mean: 0.000380918587325
        min: 2.88272712368e-08
        var: 1.0122587355e-06
    spectral_energyband_middle_high:
        dmean: 0.000418956333306
        dmean2: 0.00063074589707
        dvar: 1.10409882836e-06
        dvar2: 2.52703807746e-06
        max: 0.00730125186965
        mean: 0.000565703958273
        min: 2.62527305495e-06
        var: 1.29747127176e-06
    spectral_energyband_middle_low:
        dmean: 0.00101321260445
        dmean2: 0.00161651219241
        dvar: 4.08377582062e-06
        dvar2: 9.885396139e-06
        max: 0.0121839437634
        mean: 0.00141745235305
        min: 2.4919131647e-06
        var: 4.78404490423e-06
    spectral_flatness_db:
        dmean: 0.0322665162385
        dmean2: 0.0471619181335
        dvar: 0.00115171226207
        dvar2: 0.00245595513843
        max: 0.415227323771
        mean: 0.180104702711
        min: 0.0681259185076
        var: 0.00365301617421
    spectral_flux:
        dmean: 0.0118415150791
        dmean2: 0.017763601616
        dvar: 0.000330865586875
        dvar2: 0.00061024579918
        max: 0.133252054453
        mean: 0.0293321162462
        min: 0.00236463290639
        var: 0.000692557659931
    spectral_kurtosis:
        dmean: 3.20956802368
        dmean2: 4.96981048584
        dvar: 24.2772388458
        dvar2: 59.2373275757
        max: 43.592212677
        mean: 5.95402145386
        min: -0.189500331879
        var: 45.4402084351
    spectral_rms:
        dmean: 0.000426405458711
        dmean2: 0.000610037706792
        dvar: 4.24496249707e-07
        dvar2: 8.93123569767e-07
        max: 0.0050095054321
        mean: 0.00125051254872
        min: 8.53858509799e-05
        var: 9.1138042535e-07
    spectral_rolloff:
        dmean: 726.406555176
        dmean2: 1196.09912109
        dvar: 1030770.9375
        dvar2: 2015777.5
        max: 6912.15820312
        mean: 2321.78100586
        min: 172.265625
        var: 3020217.5
    spectral_skewness:
        dmean: 0.437459737062
        dmean2: 0.634714782238
        dvar: 0.251118659973
        dvar2: 0.531990766525
        max: 5.10437583923
        mean: 1.73768424988
        min: -0.534982085228
        var: 0.837258040905
    spectral_spread:
        dmean: 1097084.5
        dmean2: 1589012.875
        dvar: 1.68088200806e+12
        dvar2: 2.4806186025e+12
        max: 16221505
        mean: 5135082
        min: 1126494.625
        var: 4.3181319127e+12
    spectral_strongpeak:
        dmean: 0.200911730528
        dmean2: 0.324042886496
        dvar: 0.0676493421197
        dvar2: 0.162664592266
        max: 1.9713101387
        mean: 0.293086409569
        min: 0.00247176946141
        var: 0.1085582003
    zerocrossingrate:
        dmean: 0.0158628802747
        dmean2: 0.0175815466791
        dvar: 0.000262771325652
        dvar2: 0.000336629804224
        max: 0.24658203125
        mean: 0.0785156264901
        min: 0.0126953125
        var: 0.00203751097433
    barkbands:
        dmean: [8.25091206025e-07, 0.000131736829644, 0.000274357822491, 0.000182631149073, 0.000363750063116, 0.000207926161238, 0.000170940475073, 0.000121072051115, 0.000207842997042, 6.86954372213e-05, 4.18992785853e-05, 5.08175580762e-05, 3.93820446334e-05, 4.04744860134e-05, 3.90983295802e-05, 3.33460811817e-05, 3.37360761478e-05, 5.20909052284e-05, 6.99202573742e-05, 9.53143899096e-05, 7.97914835857e-05, 2.79717387457e-05, 1.25698652482e-05, 4.02203386329e-06, 2.76898504126e-06, 1.54279788944e-07, 6.79854061936e-10]
        dmean2: [1.27752673507e-06, 0.000225222873269, 0.000492169521749, 0.000310844363412, 0.000602965534199, 0.000334012613166, 0.00027823887649, 0.0002027877199, 0.000334895390552, 0.000105824816274, 5.88065740885e-05, 7.51105108066e-05, 6.35720934952e-05, 6.61879894324e-05, 6.82261597831e-05, 5.59395739401e-05, 5.56517043151e-05, 8.00712732598e-05, 0.000112881651148, 0.000146922044223, 0.000115331233246, 4.13968155044e-05, 1.88929789147e-05, 5.97303369432e-06, 4.23289839091e-06, 2.49316769896e-07, 1.07972308871e-09]
        dvar: [6.38001066908e-12, 1.55860334417e-07, 8.54296558828e-07, 2.65474767502e-07, 7.7829673728e-07, 2.94134338219e-07, 1.30096779571e-07, 8.01485171564e-08, 4.56027748896e-07, 1.86718320805e-08, 1.295965113e-08, 1.70791469856e-08, 1.47117908966e-08, 1.8393492951e-08, 1.60979674035e-08, 1.08692335132e-08, 8.53716475291e-09, 1.94364062622e-08, 3.26883444757e-08, 4.68559484545e-08, 3.04668255069e-08, 3.14650239197e-09, 6.42862207911e-10, 6.68956348648e-11, 3.35870602164e-11, 1.27543795295e-13, 2.42247059537e-18]
        dvar2: [1.2736187105e-11, 3.99367309001e-07, 2.60786941908e-06, 7.07721312665e-07, 2.05853962143e-06, 7.14232669452e-07, 3.21889075394e-07, 1.98305130539e-07, 1.1537855471e-06, 4.35372804475e-08, 1.96869684999e-08, 4.07198363916e-08, 3.72983102181e-08, 4.69204373132e-08, 4.12997458454e-08, 2.92951494174e-08, 2.18120881357e-08, 4.47809149762e-08, 7.6787728176e-08, 9.93410012029e-08, 6.49212097414e-08, 6.62277166441e-09, 1.3334058302e-09, 1.51694781736e-10, 7.43629532951e-11, 2.97387548615e-13, 4.6419175676e-18]
        max: [2.83667195617e-05, 0.00392156746238, 0.0107428878546, 0.00528264511377, 0.00717893522233, 0.00706759514287, 0.00310641853139, 0.00262162997387, 0.00576557498425, 0.00106492685154, 0.00185951264575, 0.00239279773086, 0.000997974188067, 0.00197898410261, 0.00135664560366, 0.000844260735903, 0.000783602357842, 0.00122778234072, 0.00172064302024, 0.00191172468476, 0.00138725223951, 0.000435097725131, 0.000156909576617, 4.62951720692e-05, 3.49945985363e-05, 2.36603318626e-06, 1.35646454069e-08]
        mean: [1.02248441181e-06, 0.000143627912621, 0.000236281237449, 0.000197317247512, 0.000406607985497, 0.000241697460297, 0.000216962842387, 0.00015140461619, 0.00019415152201, 8.87845526449e-05, 5.6890934502e-05, 6.18554622633e-05, 3.58551915269e-05, 3.97954790969e-05, 3.55108968506e-05, 3.60446101695e-05, 3.03870692733e-05, 5.88634975429e-05, 7.64735377743e-05, 0.000100623001345, 8.04784503998e-05, 2.85534206341e-05, 1.16640030683e-05, 3.65475216313e-06, 2.40954841502e-06, 1.22623603716e-07, 6.16413919907e-10]
        min: [6.86298448627e-11, 8.91794282865e-09, 7.67535635049e-09, 6.24241014435e-09, 2.75858091925e-08, 7.59316662879e-08, 1.28116099063e-07, 1.52612869897e-07, 3.36655489264e-07, 8.31923898659e-08, 6.52479892338e-09, 3.38550627532e-08, 1.87617832381e-08, 9.21174159174e-09, 3.67154839864e-08, 5.26731014361e-09, 9.147715474e-09, 9.09250807979e-09, 1.20653126601e-07, 2.85069745587e-07, 1.6129042546e-09, 1.57985546867e-09, 5.46552303415e-10, 3.87933601909e-10, 3.3916575104e-10, 2.99716913614e-12, 4.27563215884e-15]
        var: [7.93798013432e-12, 1.4382801794e-07, 5.6228344647e-07, 2.3162417051e-07, 6.3727060251e-07, 3.42151082577e-07, 1.67290096442e-07, 1.50882684125e-07, 4.07477926956e-07, 2.98760802764e-08, 3.57930503014e-08, 2.63679016399e-08, 1.31226984834e-08, 2.39190196538e-08, 1.28721238113e-08, 1.17807523736e-08, 6.93120050244e-09, 2.21230518349e-08, 3.17532524718e-08, 5.21514991192e-08, 3.58922740418e-08, 3.91501631114e-09, 7.49464545979e-10, 7.04855063205e-11, 3.39431052709e-11, 1.15829153452e-13, 2.59002409345e-18]
    mfcc:
        mean: [-828.020141602, 124.958747864, -16.8193855286, 48.563873291, -26.1856632233, -5.65693283081, 6.21166276932, -5.64794445038, -3.96793174744, 1.23713076115, -6.36418628693, -7.25875520706, 3.6713206768]
        cov: [[12534.3994141, -1536.64135742, 142.603179932, -315.522888184, 380.38873291, 351.10055542, -753.078308105, 161.987792969, 131.025100708, -663.625610352, 217.115524292, 173.035095215, -643.657836914], [-1536.64135742, 3204.51025391, -87.0618972778, 56.9959068298, 262.278503418, 86.5434036255, 394.605682373, 5.81290817261, -98.5212249756, 19.9180145264, -189.81022644, -16.8871269226, 207.829727173], [142.603179932, -87.0618972778, 932.073852539, 288.367218018, 68.1380767822, 79.6024932861, 69.0858612061, 35.2187461853, -20.677230835, 7.34517335892, -8.20298099518, 7.82440519333, 54.8428039551], [-315.522888184, 56.9959068298, 288.367218018, 525.741943359, 84.2794647217, -5.94435739517, 40.3629798889, -2.55127358437, 51.014503479, 24.1016559601, -16.9965553284, 46.1674499512, 8.76972770691], [380.38873291, 262.278503418, 68.1380767822, 84.2794647217, 303.47946167, 78.2586135864, 17.212392807, 65.9265975952, 23.8293628693, -29.2098712921, 3.77500844002, 18.9678649902, 16.0645904541], [351.10055542, 86.5434036255, 79.6024932861, -5.94435739517, 78.2586135864, 247.996017456, 116.349075317, 35.2446136475, -16.8582954407, -58.601940155, -6.5612654686, 14.7807865143, 22.9006576538], [-753.078308105, 394.605682373, 69.0858612061, 40.3629798889, 17.212392807, 116.349075317, 281.06552124, 45.6503448486, -45.4213600159, 15.2831792831, -44.6934509277, -7.35672187805, 97.5584411621], [161.987792969, 5.81290817261, 35.2187461853, -2.55127358437, 65.9265975952, 35.2446136475, 45.6503448486, 103.609580994, 21.6905250549, -13.1732749939, 13.1437530518, 12.5136070251, 15.2788505554], [131.025100708, -98.5212249756, -20.677230835, 51.014503479, 23.8293628693, -16.8582954407, -45.4213600159, 21.6905250549, 97.3868789673, 37.7504997253, 24.4439373016, 13.8362264633, -24.3962154388], [-663.625610352, 19.9180145264, 7.34517335892, 24.1016559601, -29.2098712921, -58.601940155, 15.2831792831, -13.1732749939, 37.7504997253, 178.26083374, 27.921043396, -29.5543022156, 32.3043441772], [217.115524292, -189.81022644, -8.20298099518, -16.9965553284, 3.77500844002, -6.5612654686, -44.6934509277, 13.1437530518, 24.4439373016, 27.921043396, 77.8805618286, 21.7758922577, -21.7642116547], [173.035095215, -16.8871269226, 7.82440519333, 46.1674499512, 18.9678649902, 14.7807865143, -7.35672187805, 12.5136070251, 13.8362264633, -29.5543022156, 21.7758922577, 81.3466796875, 17.9502696991], [-643.657836914, 207.829727173, 54.8428039551, 8.76972770691, 16.0645904541, 22.9006576538, 97.5584411621, 15.2788505554, -24.3962154388, 32.3043441772, -21.7642116547, 17.9502696991, 133.923370361]]
        icov: [[0.000179291309905, -3.48269613148e-09, -9.83080244623e-05, 0.000146608130308, -0.000117247080198, -0.000292164244456, 0.000379610050004, -0.000231114565395, -4.28364910476e-05, 0.000347043212969, -9.25052518141e-05, -0.000287514645606, 0.00063821306685], [-3.48269613148e-09, 0.000506766606122, 8.93420074135e-05, 0.000117145427794, -0.000633385032415, 0.000267551426077, -0.000691626162734, 0.000431936001405, 0.00013158757065, -0.000229123426834, 0.000976195384283, -0.00035334189306, -6.06871763011e-05], [-9.83080244623e-05, 8.93420074135e-05, 0.00155842315871, -0.00111877243035, 0.000135811395012, -0.000445012730779, 0.000230648234719, -0.000639083620626, 0.00106055720244, -0.000349444686435, -0.000134918052936, 0.000845765403938, -0.00106915959623], [0.000146608130308, 0.000117145427794, -0.00111877243035, 0.00339800841175, -0.00125654193107, 0.000806208117865, -0.00126481836196, 0.0015590415569, -0.00202286383137, -0.000270092772553, 0.00172366050538, -0.00294794654474, 0.00188673683442], [-0.000117247080198, -0.000633385032415, 0.000135811395012, -0.00125654193107, 0.00542426668108, -0.00174385134596, 0.00195868359879, -0.00329795177095, -0.000217318141949, 0.000397552998038, -0.0010577152716, 0.00133761379402, -0.00144362624269], [-0.000292164244456, 0.000267551426077, -0.000445012730779, 0.000806208117865, -0.00174385134596, 0.00747871445492, -0.00492920167744, 0.00217261584476, -0.0015349353198, 0.00215824064799, -0.00130303180777, 1.91669078049e-05, -0.000431270251283], [0.000379610050004, -0.000691626162734, 0.000230648234719, -0.00126481836196, 0.00195868359879, -0.00492920167744, 0.0102575654164, -0.0057718558237, 0.00373875489458, -0.00156722951215, 0.00197464274243, 0.000714298570529, -0.00203542993404], [-0.000231114565395, 0.000431936001405, -0.000639083620626, 0.0015590415569, -0.00329795177095, 0.00217261584476, -0.0057718558237, 0.0165099948645, -0.00624695885926, 0.00313504086807, -0.00365056609735, 0.000657867931295, -0.0018519833684], [-4.28364910476e-05, 0.00013158757065, 0.00106055720244, -0.00202286383137, -0.000217318141949, -0.0015349353198, 0.00373875489458, -0.00624695885926, 0.0181723926216, -0.00668000942096, 0.00192579394206, -0.00397578533739, 0.0033333117608], [0.000347043212969, -0.000229123426834, -0.000349444686435, -0.000270092772553, 0.000397552998038, 0.00215824064799, -0.00156722951215, 0.00313504086807, -0.00668000942096, 0.0128415245563, -0.00859491806477, 0.00730813201517, -0.00413919286802], [-9.25052518141e-05, 0.000976195384283, -0.000134918052936, 0.00172366050538, -0.0010577152716, -0.00130303180777, 0.00197464274243, -0.00365056609735, 0.00192579394206, -0.00859491806477, 0.024346338585, -0.0104329204187, 0.00508957030252], [-0.000287514645606, -0.00035334189306, 0.000845765403938, -0.00294794654474, 0.00133761379402, 1.91669078049e-05, 0.000714298570529, 0.000657867931295, -0.00397578533739, 0.00730813201517, -0.0104329204187, 0.0221588164568, -0.00889853388071], [0.00063821306685, -6.06871763011e-05, -0.00106915959623, 0.00188673683442, -0.00144362624269, -0.000431270251283, -0.00203542993404, -0.0018519833684, 0.0033333117608, -0.00413919286802, 0.00508957030252, -0.00889853388071, 0.0165091864765]]
    spectral_contrast:
        mean: [1.64501884115e-07, -2.18871633706e-07, -3.15350145996e-09, -2.02274605954e-07, 2.0347015095e-07, -3.33300846478e-07, 6.14724854131e-07, -3.4478514408e-06, 1.91400226868e-06, 2.8493791433e-06, 1.63053357483e-06, 2.4085820769e-06]
        var: [0.00073708005948, 0.00100381905213, 0.00185002957005, 0.00338953407481, 0.00469031650573, 0.00986431352794, 0.098377674818, 0.180903345346, 0.251109212637, 0.581338882446, 1.58771824837, 6.14510250092]

rhythm:
    beats_loudness:
        dmean: 0.00184034253471
        dmean2: 0.00333643425256
        dvar: 5.11266034664e-06
        dvar2: 9.77022227744e-06
        max: 0.0109640676528
        mean: 0.00239148875698
        min: 1.73541993718e-05
        var: 7.79223319114e-06
    beats_loudness_bass:
        dmean: 0.1854750067
        dmean2: 0.330161362886
        dvar: 0.0356199294329
        dvar2: 0.0982916131616
        max: 0.695578038692
        mean: 0.206043839455
        min: 3.63447652489e-05
        var: 0.0384830161929
    bpm: 161.325210571
    bpm_confidence: 0
    first_peak_bpm: 161
    first_peak_spread: 0
    first_peak_weight: 0.961538434029
    onset_rate: 4.88484716415
    second_peak_bpm: 145
    second_peak_spread: 0
    second_peak_weight: 0.0384615398943
    beats_position: [0.150940969586, 0.52275633812, 0.894571602345, 1.26638686657, 1.6382021904, 2.01001739502, 2.38183283806, 2.75364804268, 3.12546348572, 3.49727892876, 3.8690943718, 4.24090957642, 4.61272525787, 4.98454093933, 5.35635614395, 5.72817182541, 6.14153671265, 6.51353502274, 6.88553333282, 7.25753164291, 7.629529953, 8.00152873993, 8.37352657318, 8.74552536011, 9.11752319336, 9.48952198029, 9.86151981354]
    bpm_estimates: [161.608535767, 161.37286377, 161.217544556, 161.416687012, 161.261428833, 161.34614563, 161.527496338, 161.203826904, 161.411514282, 161.462661743, 161.163040161, 161.162368774, 161.129684448, 161.269195557]
    bpm_intervals: [0.371815383434, 0.371815264225, 0.371815264225, 0.37181532383, 0.37181520462, 0.371815443039, 0.37181520462, 0.371815443039, 0.371815443039, 0.371815443039, 0.37181520462, 0.371815681458, 0.371815681458, 0.37181520462, 0.371815681458, 0.413364887238, 0.371998310089, 0.371998310089, 0.371998310089, 0.371998310089, 0.371998786926, 0.371997833252, 0.371998786926, 0.371997833252, 0.371998786926, 0.371997833252]
    onset_times: [0.0928798168898, 0.162539675832, 0.301859408617, 0.53405892849, 0.684988677502, 0.893968224525, 1.07972788811, 1.25387752056, 1.43963718414, 1.62539684772, 1.81115651131, 2.06657600403, 2.15945577621, 2.38004541397, 2.55419492722, 2.75156474113, 2.92571425438, 3.1811337471, 3.30884361267, 3.49460315704, 3.68036270142, 3.87773251534, 4.051882267, 4.42340135574, 4.62077093124, 4.80653047562, 5.02712011337, 5.1780500412, 5.38702964783, 5.54956912994, 5.74693870544, 5.93269824982, 6.3042178154, 6.44353723526, 6.67573690414, 6.97759628296, 7.05886602402, 7.24462604523, 7.4303855896, 7.61614513397, 7.81351470947, 8.0224943161, 8.18503379822, 8.38240337372, 8.55655288696, 8.75392246246, 8.92807292938, 9.29959201813, 9.682721138]
    rubato_start: []
    rubato_stop: []
    perceptual_tempo: "unknown"

sfx:
    inharmonicity:
        dmean: 0.0487554818392
        dmean2: 0.0861828178167
        dvar: 0.00417718943208
        dvar2: 0.0120852058753
        max: 0.38792347908
        mean: 0.0463795997202
        min: 7.97917550699e-07
        var: 0.00421152776107
    oddtoevenharmonicenergyratio:
        dmean: 3.4697291851
        dmean2: 6.33841991425
        dvar: 129.448120117
        dvar2: 358.87689209
        max: 90.8554916382
        mean: 2.33307123184
        min: 3.65003179468e-05
        var: 82.2334213257
    pitch_after_max_to_before_max_energy_ratio: 8.88129043579
    pitch_centroid: 222.781158447
    pitch_max_to_total: 0.0906976759434
    pitch_min_to_total: 0.267441868782
    tristimulus:
        dmean: [0.208204045892, 0.251395851374, 0.140054270625]
        dmean2: [0.358299434185, 0.435904502869, 0.241534084082]
        dvar: [0.0414027646184, 0.0474480725825, 0.0303144641221]
        dvar2: [0.1068604514, 0.124253302813, 0.0797764584422]
        max: [0.987961828709, 0.968850255013, 0.90286308527]
        mean: [0.423697710037, 0.393582582474, 0.130996644497]
        min: [0.0125210275874, 0, 0]
        var: [0.0802801325917, 0.0706231147051, 0.0353168845177]

tonal:
    chords_changes_rate: 0.0694444477558
    chords_number_rate: 0.0277777779847
    chords_strength:
        dmean: 0.0142912231386
        dmean2: 0.0160638093948
        dvar: 0.000138990639243
        dvar2: 0.000215721840505
        max: 0.727699637413
        mean: 0.549252927303
        min: 0.385451495647
        var: 0.00893683265895
    key_strength: 0.635204911232
    tuning_diatonic_strength: 0.567682564259
    tuning_equal_tempered_deviation: 0.185176029801
    tuning_frequency: 435.448913574
    tuning_nontempered_energy_ratio: 0.839165866375
    hpcp:
        dmean: [0.211492657661, 0.216543152928, 0.19392439723, 0.166794940829, 0.198861822486, 0.21699590981, 0.205598443747, 0.210318252444, 0.171169549227, 0.186452671885, 0.179004654288, 0.191914945841, 0.189703717828, 0.19003406167, 0.166779980063, 0.151577889919, 0.145447790623, 0.13649828732, 0.161204352975, 0.161654293537, 0.111295670271, 0.100044474006, 0.0905659869313, 0.123161353171, 0.13832500577, 0.136173889041, 0.166940629482, 0.190111756325, 0.150666370988, 0.101908765733, 0.102154493332, 0.147396847606, 0.184071853757, 0.195305466652, 0.194061383605, 0.215133115649]
        dmean2: [0.344342797995, 0.382222920656, 0.336962878704, 0.275640249252, 0.341222673655, 0.38228854537, 0.370977133512, 0.383766502142, 0.294953614473, 0.321486890316, 0.300702571869, 0.336031079292, 0.31793358922, 0.321673035622, 0.288201361895, 0.258796364069, 0.251574456692, 0.229149192572, 0.271758824587, 0.262144744396, 0.187765583396, 0.173820123076, 0.154654964805, 0.201521337032, 0.248703122139, 0.241228550673, 0.273856341839, 0.303048491478, 0.254948884249, 0.182439342141, 0.182552784681, 0.269784241915, 0.32223880291, 0.326236784458, 0.329887807369, 0.374953627586]
        dvar: [0.0588377192616, 0.0676996782422, 0.0602842606604, 0.037256449461, 0.0578485317528, 0.0687009990215, 0.0567868351936, 0.0591779574752, 0.0439526811242, 0.054593347013, 0.0441510230303, 0.0549807846546, 0.0517950356007, 0.0549385510385, 0.0524450913072, 0.0429419577122, 0.0324995927513, 0.0296815466136, 0.0460376441479, 0.0414534285665, 0.0226220581681, 0.017325013876, 0.0132891302928, 0.0348505489528, 0.0462613292038, 0.0313963592052, 0.0258622616529, 0.046296775341, 0.0356542766094, 0.0183344483376, 0.0247937515378, 0.0473389700055, 0.0480875112116, 0.0424273610115, 0.0385830961168, 0.0570781230927]
        dvar2: [0.14746299386, 0.176337495446, 0.162464946508, 0.0929730162024, 0.148620977998, 0.180341184139, 0.152696788311, 0.164968058467, 0.111919127405, 0.14295861125, 0.101044639945, 0.137400269508, 0.131712123752, 0.145093426108, 0.141982242465, 0.116025619209, 0.0863556116819, 0.0836556479335, 0.10988548398, 0.0973359644413, 0.0591247677803, 0.0457941889763, 0.0342611894011, 0.0840430855751, 0.113151304424, 0.0881172791123, 0.057870067656, 0.0932065248489, 0.0926559567451, 0.0510926246643, 0.0713189840317, 0.124471828341, 0.127129659057, 0.0931117460132, 0.0958277285099, 0.148768991232]
        max: [1, 1, 1, 1, 1, 1, 1, 1, 1, 1, 1, 1, 1, 1, 1, 1, 1, 1, 1, 1, 1, 0.808169424534, 0.699445962906, 1, 1, 0.990539073944, 1, 1, 1, 0.787644088268, 1, 1, 1, 1, 1, 1]
        mean: [0.20441198349, 0.201527968049, 0.198119282722, 0.204878896475, 0.245642438531, 0.26891592145, 0.25339320302, 0.220823734999, 0.195198565722, 0.184047833085, 0.180036321282, 0.221364945173, 0.272718578577, 0.230103775859, 0.160593017936, 0.143720984459, 0.13490255177, 0.150640770793, 0.204345822334, 0.178937926888, 0.111812211573, 0.0940832197666, 0.0982097238302, 0.14255784452, 0.153900116682, 0.128612399101, 0.246194943786, 0.329246729612, 0.205327913165, 0.10373801738, 0.0945144295692, 0.128551587462, 0.189768135548, 0.272454202175, 0.273867964745, 0.218750283122]
        min: [0.000247235700954, 0.000415964284912, 0.000491481332574, 0.00158163125161, 0.00175296899397, 0.00121506722644, 0.00149120448623, 0.00227417144924, 0.00150369736366, 0.00106062868144, 0.000615855620708, 0.000164380748174, 8.9692104666e-05, 0.000143105906318, 0.00011961285054, 3.84651175409e-05, 1.70887251443e-05, 0.00108343292959, 0.00204702094197, 0.00251618120819, 0.00106375175528, 0.000498345179949, 7.26201978978e-05, 7.53224812797e-05, 0.000227658849326, 0.00047390468535, 0.000488313613459, 0.000858808169141, 0.000316166348057, 0.000152691238327, 0.00041561195394, 0.000204762414796, 0.000837389205117, 0.00147186254617, 0.00350300595164, 0.00182175077498]
        var: [0.0672888830304, 0.0673840716481, 0.0614768266678, 0.0487832389772, 0.0734028294683, 0.102582365274, 0.0961175784469, 0.0720691755414, 0.0508593358099, 0.0514479316771, 0.0530745498836, 0.0718064382672, 0.101691044867, 0.0765831023455, 0.0483178645372, 0.0407257825136, 0.0330845750868, 0.0362211763859, 0.0724836364388, 0.053360722959, 0.0221765283495, 0.0171349402517, 0.0187705755234, 0.0518611334264, 0.060611564666, 0.029525782913, 0.0613945908844, 0.121142618358, 0.0555083677173, 0.018401928246, 0.0200247317553, 0.0418233647943, 0.0562188439071, 0.0796438604593, 0.0672811418772, 0.0605483390391]
    chords_histogram: [32.8703689575, 12.0370368958, 0, 0, 0, 0, 0, 0, 0, 0, 0, 0, 0, 0, 0, 1.85185182095, 0, 18.9814815521, 0, 0, 0.925925910473, 29.1666660309, 4.16666650772, 0]
    thpcp: [1, 0.623629331589, 0.315076828003, 0.287062615156, 0.390441507101, 0.576370596886, 0.827507674694, 0.831801652908, 0.664396226406, 0.620847404003, 0.612087965012, 0.601734995842, 0.622265577316, 0.746074020863, 0.81676107645, 0.769614934921, 0.67069375515, 0.592864096165, 0.558996677399, 0.546812772751, 0.672337591648, 0.828310668468, 0.698879480362, 0.487758874893, 0.436514526606, 0.409730881453, 0.457531571388, 0.620646476746, 0.543476700783, 0.33960005641, 0.285752922297, 0.298286110163, 0.432981818914, 0.467430979013, 0.390626192093, 0.747752130032]
    chords_key: "F#"
    chords_scale: "major"
    key_key: "F#"
    key_scale: "major"
    chords_progression: ["F#", "F#", "F#", "F#", "F#", "F#", "F#", "F#", "F#", "F#", "F#", "F#", "F#", "F#", "F#", "F#", "F#", "F#", "F#", "F#", "F#", "F#", "F#", "F#m", "F#m", "F#m", "F#m", "F#m", "F#m", "F#m", "F#m", "F#m", "F#m", "F#m", "F#m", "F#m", "F#m", "F#m", "F#m", "F#m", "F#m", "F#m", "F#m", "F#m", "F#m", "F#m", "F#m", "F#m", "F#m", "F#m", "F#m", "F#m", "F#m", "F#m", "F#m", "F#m", "G#m", "G#m", "G#m", "G#m", "G#m", "G#m", "G#m", "G#m", "G#m", "G#m", "G#m", "G#m", "A#m", "G#m", "G#m", "G#m", "G#m", "G#m", "G#m", "G#m", "G#m", "G#m", "G#m", "G#m", "G#m", "G#m", "G#m", "G#m", "G#m", "G#m", "G#m", "G#m", "G#m", "G#m", "G#m", "G#m", "G#m", "G#m", "G#m", "G#m", "G#m", "G#m", "G#m", "G#m", "E", "E", "G#m", "G#m", "G#m", "G#m", "G#m", "G#m", "G#m", "G#m", "G#m", "G#m", "G#m", "G#m", "G#m", "G#m", "G#m", "G#m", "G#m", "G#m", "G#m", "G#m", "B", "B", "B", "B", "B", "B", "B", "B", "B", "F#", "F#", "F#", "F#", "F#", "F#", "F#", "F#", "F#", "F#", "F#", "F#", "F#", "F#", "F#", "F#", "F#", "F#", "F#", "F#", "F#", "F#", "F#", "F#", "F#", "F#", "F#", "F#", "F#", "F#", "F#", "F#", "F#", "F#", "F#", "F#", "F#", "F#", "F#", "F#", "F#m", "F#m", "F#m", "F#m", "F#m", "F#m", "F#m", "F#m", "Bm", "Bm", "Bm", "Bm", "F#", "F#", "F#", "A#m", "A#m", "A#m", "A#m", "A#m", "F#", "A#m", "A#m", "A#m", "A#m", "A#m", "A#m", "A#m", "A#m", "A#m", "A#m", "A#m", "A#m", "A#m", "A#m", "A#m", "A#m", "A#m", "A#m", "A#m", "A#m", "F#", "F#", "F#", "F#"]
