
metadata:
    version:
        essentia: "1.2.2"
    audio_properties:
        analysis_sample_rate: 44100
        bitrate: 128
        channels: 2
        equal_loudness: 1
        length: 10.0048980713
        replay_gain: -12.051902771
        downmix: "mix"
    tags:
        track: 10
        year: 0
        album: "Splitted by Mp3Splt v. 2.1"
        artist: "From 001.30 To 001.40"
        comment: "http://mp3splt.sf.net"
        genre: ""
        title: "01 Are You Blue or Are You Bli"

highlevel:
    ballroom:
        all:
            ChaChaCha: 0.0692013725638
            Jive: 0.831118404865
            Quickstep: 0.0238462723792
            Rumba-American: 0.000533184618689
            Rumba-International: 0.00123078352772
            Rumba-Misc: 0.000841763801873
            Samba: 0.0499929971993
            Tango: 0.00143092696089
            VienneseWaltz: 0.0200781431049
            Waltz: 0.00172612909228
        probability: 0.831118404865
        value: "Jive"
    culture:
        all:
            non_western: 0.354004651308
            western: 0.645995378494
        probability: 0.645995378494
        value: "western"
    gender:
        all:
            female: 0.00374607066624
            male: 0.996253907681
        probability: 0.996253907681
        value: "male"
    genre_dortmund:
        all:
            alternative: 0.106298923492
            blues: 0.0402183756232
            electronic: 0.0261593218893
            folkcountry: 0.0342330001295
            funksoulrnb: 0.0194818954915
            jazz: 0.0260326601565
            pop: 0.0392786227167
            raphiphop: 0.00241001904942
            rock: 0.705887198448
        probability: 0.705887198448
        value: "rock"
    genre_electronica:
        all:
            ambient: 0.0926687419415
            dnb: 0.744230747223
            house: 0.0079590678215
            techno: 0.0232220180333
            trance: 0.131919428706
        probability: 0.744230747223
        value: "dnb"
    genre_rosamerica:
        all:
            cla: 0.0145708760247
            dan: 0.0107712959871
            hip: 0.00724438019097
            jaz: 0.0018934737891
            pop: 0.0185605436563
            rhy: 0.00310020381585
            roc: 0.942840456963
            spe: 0.00101876806002
        probability: 0.942840456963
        value: "roc"
    genre_tzanetakis:
        all:
            blu: 0.00140355201438
            cla: 0.00402721017599
            cou: 0.0312119573355
            dis: 0.043604709208
            hip: 0.00744791282341
            jaz: 0.0172645691782
            met: 0.376717597246
            pop: 0.0178913660347
            reg: 0.0023409971036
            roc: 0.498090147972
        probability: 0.498090147972
        value: "roc"
    live_studio:
        all:
            live: 0.21779730916
            studio: 0.782202720642
        probability: 0.782202720642
        value: "studio"
    mood:
        all:
            Cluster1: 0.378580778837
            Cluster2: 0.0908440649509
            Cluster3: 0.0142661333084
            Cluster4: 0.0495156645775
            Cluster5: 0.466793328524
        probability: 0.466793328524
        value: "Cluster5"
    mood_acoustic:
        all:
            acoustic: 0.0135601004586
            not_acoustic: 0.986439883709
        probability: 0.986439883709
        value: "not_acoustic"
    mood_aggressive:
        all:
            aggressive: 0.988572239876
            not_aggressive: 0.0114277694374
        probability: 0.988572239876
        value: "aggressive"
    mood_electronic:
        all:
            electronic: 0.0625282377005
            not_electronic: 0.937471747398
        probability: 0.937471747398
        value: "not_electronic"
    mood_happy:
        all:
            happy: 0.531404256821
            not_happy: 0.468595772982
        probability: 0.531404256821
        value: "happy"
    mood_party:
        all:
            not_party: 0.239498347044
            party: 0.760501682758
        probability: 0.760501682758
        value: "party"
    mood_relaxed:
        all:
            not_relaxed: 0.99286788702
            relaxed: 0.00713212182745
        probability: 0.99286788702
        value: "not_relaxed"
    mood_sad:
        all:
            not_sad: 0.980368494987
            sad: 0.0196314994246
        probability: 0.980368494987
        value: "not_sad"
    rhythm:
        all:
            fast: 0.947900891304
            medium: 0.0412168614566
            slow: 0.0108822379261
        probability: 0.947900891304
        value: "fast"
    speech_music:
        all:
            music: 0.999682486057
            speech: 0.000317534635542
        probability: 0.999682486057
        value: "music"
    timbre:
        all:
            bright: 0.444189190865
            dark: 0.555810809135
        probability: 0.555810809135
        value: "dark"
    voice_instrumental:
        all:
            instrumental: 0.285883307457
            voice: 0.714116692543
        probability: 0.714116692543
        value: "voice"

lowlevel:
    average_loudness: 0.976944625378
    barkbands_kurtosis:
        dmean: 0.551572680473
        dmean2: 0.921887457371
        dvar: 0.521099209785
        dvar2: 1.2963373661
        max: 4.31745100021
        mean: -0.718477487564
        min: -1.84816467762
        var: 0.946263670921
    barkbands_skewness:
        dmean: 0.355402976274
        dmean2: 0.569891750813
        dvar: 0.130570575595
        dvar2: 0.345072895288
        max: 2.20501875877
        mean: -0.230241686106
        min: -2.1109058857
        var: 0.531462609768
    barkbands_spread:
        dmean: 4.75327777863
        dmean2: 7.62182426453
        dvar: 21.6580295563
        dvar2: 51.973991394
        max: 48.8195075989
        mean: 31.1311206818
        min: 11.6710519791
        var: 68.8641204834
    dissonance:
        dmean: 0.0136067690328
        dmean2: 0.0221008975059
        dvar: 0.000178136135219
        dvar2: 0.000452025793493
        max: 0.498935043812
        mean: 0.474707663059
        min: 0.381214529276
        var: 0.000327727844706
    hfc:
        dmean: 2.24508857727
        dmean2: 3.32400774956
        dvar: 8.65665912628
        dvar2: 15.0244731903
        max: 31.9373912811
        mean: 9.67119693756
        min: 1.15762555599
        var: 34.5973014832
    pitch:
        dmean: 760.532958984
        dmean2: 1473.796875
        dvar: 1483880.25
        dvar2: 3504287
        max: 4009.09082031
        mean: 1220.63122559
        min: 73.6227035522
        var: 1992365.375
    pitch_instantaneous_confidence:
        dmean: 0.0797023624182
        dmean2: 0.132645174861
        dvar: 0.0052592670545
        dvar2: 0.0135058779269
        max: 0.755342245102
        mean: 0.370342284441
        min: 0.168618559837
        var: 0.0109896473587
    pitch_salience:
        dmean: 0.0563783273101
        dmean2: 0.0928691476583
        dvar: 0.00311144324951
        dvar2: 0.00875348038971
        max: 0.837554335594
        mean: 0.664857804775
        min: 0.309603273869
        var: 0.0054881661199
    silence_rate_20dB:
        dmean: 0
        dmean2: 0
        dvar: 0
        dvar2: 0
        max: 1
        mean: 1
        min: 1
        var: 0
    silence_rate_30dB:
        dmean: 0
        dmean2: 0
        dvar: 0
        dvar2: 0
        max: 1
        mean: 1
        min: 1
        var: 0
    silence_rate_60dB:
        dmean: 0.113953486085
        dmean2: 0.228438228369
        dvar: 0.100967973471
        dvar2: 0.222874671221
        max: 1
        mean: 0.215777263045
        min: 0
        var: 0.169217839837
    spectral_centroid:
        dmean: 244.94430542
        dmean2: 393.04498291
        dvar: 59613.7773438
        dvar2: 168016.90625
        max: 3093.14746094
        mean: 1843.33874512
        min: 458.912994385
        var: 270279.25
    spectral_complexity:
        dmean: 3.43224310875
        dmean2: 5.26229524612
        dvar: 13.6239185333
        dvar2: 26.2122173309
        max: 42
        mean: 19.3776226044
        min: 1
        var: 63.311958313
    spectral_crest:
        dmean: 1.61455965042
        dmean2: 2.70176076889
        dvar: 2.65711903572
        dvar2: 7.04830312729
        max: 18.4256305695
        mean: 5.82717084885
        min: 2.9577524662
        var: 4.38060808182
    spectral_decrease:
        dmean: 3.3121663745e-10
        dmean2: 5.11593156727e-10
        dvar: 1.72846083986e-19
        dvar2: 3.72348037362e-19
        max: -1.03644301475e-10
        mean: -1.13038234328e-09
        min: -3.29839866531e-09
        var: 3.35601831119e-19
    spectral_energy:
        dmean: 0.00142194959335
        dmean2: 0.00217317440547
        dvar: 3.06590141008e-06
        dvar2: 6.25086931905e-06
        max: 0.0147039499134
        mean: 0.00514353066683
        min: 0.000527673575561
        var: 6.97168798069e-06
    spectral_energyband_high:
        dmean: 0.00015145240468
        dmean2: 0.000226419579121
        dvar: 3.98605131124e-08
        dvar2: 8.88826221512e-08
        max: 0.00206871679984
        mean: 0.000417992821895
        min: 7.75049647928e-06
        var: 1.19506211149e-07
    spectral_energyband_low:
        dmean: 0.000130459447973
        dmean2: 0.000221866808715
        dvar: 8.45286507456e-08
        dvar2: 2.34913656527e-07
        max: 0.00267817243002
        mean: 0.000245643896051
        min: 4.7534246761e-08
        var: 7.19983930253e-08
    spectral_energyband_middle_high:
        dmean: 0.000671502028126
        dmean2: 0.000999790732749
        dvar: 8.10880408153e-07
        dvar2: 1.33858736717e-06
        max: 0.0105438828468
        mean: 0.00296019669622
        min: 0.00023508274171
        var: 3.70552538698e-06
    spectral_energyband_middle_low:
        dmean: 0.000826552568469
        dmean2: 0.00136301049497
        dvar: 1.59698583957e-06
        dvar2: 3.92827632822e-06
        max: 0.00792292226106
        mean: 0.00151969492435
        min: 4.77561297885e-05
        var: 1.78645700544e-06
    spectral_flatness_db:
        dmean: 0.0142198689282
        dmean2: 0.0224526263773
        dvar: 0.00015568404342
        dvar2: 0.00036077722325
        max: 0.273006021976
        mean: 0.147995501757
        min: 0.0860522612929
        var: 0.000637775228824
    spectral_flux:
        dmean: 0.00922749377787
        dmean2: 0.0142737720162
        dvar: 0.000106070459879
        dvar2: 0.000193557949387
        max: 0.0967950746417
        mean: 0.0423665642738
        min: 0.0103965643793
        var: 0.000270158663625
    spectral_kurtosis:
        dmean: 0.947212278843
        dmean2: 1.61288058758
        dvar: 0.948197841644
        dvar2: 2.74838042259
        max: 9.0244512558
        mean: 3.63786101341
        min: 0.668122291565
        var: 2.156935215
    spectral_rms:
        dmean: 0.000300531013636
        dmean2: 0.000450262799859
        dvar: 1.20239548096e-07
        dvar2: 2.35024018025e-07
        max: 0.0037875212729
        mean: 0.00216289027594
        min: 0.000717498071026
        var: 3.39978839747e-07
    spectral_rolloff:
        dmean: 283.403076172
        dmean2: 493.902313232
        dvar: 125550.46875
        dvar2: 369634.84375
        max: 4801.90429688
        mean: 3331.57226562
        min: 452.197265625
        var: 319411.96875
    spectral_skewness:
        dmean: 0.138623282313
        dmean2: 0.232917875051
        dvar: 0.0167816262692
        dvar2: 0.0470578894019
        max: 2.08249020576
        mean: 1.3085873127
        min: 0.740040540695
        var: 0.0484342463315
    spectral_spread:
        dmean: 374967.09375
        dmean2: 526203.1875
        dvar: 164965285888
        dvar2: 316486811648
        max: 9009232
        mean: 4241462
        min: 2126640
        var: 1.25058888499e+12
    spectral_strongpeak:
        dmean: 0.533446609974
        dmean2: 0.928756952286
        dvar: 0.486823558807
        dvar2: 1.26134479046
        max: 4.49266672134
        mean: 0.703611671925
        min: 0.0296659637243
        var: 0.619044721127
    zerocrossingrate:
        dmean: 0.00694203609601
        dmean2: 0.00898117292672
        dvar: 4.37926028098e-05
        dvar2: 6.3614686951e-05
        max: 0.15283203125
        mean: 0.102595970035
        min: 0.0458984375
        var: 0.000404970283853
    barkbands:
        dmean: [1.05473183964e-07, 3.7943591451e-05, 0.000105860250187, 0.000333077186951, 0.000404306832934, 0.000115142131108, 7.85834345152e-05, 6.4267347625e-05, 0.000126055645524, 0.0001052469961, 9.12341783987e-05, 8.83798056748e-05, 9.26349821384e-05, 9.41595499171e-05, 6.57890268485e-05, 9.02652318473e-05, 0.000197957488126, 0.000253156700637, 0.000213179941056, 0.000162252748851, 6.69818473398e-05, 2.56397870544e-05, 3.60177136827e-06, 1.06996947125e-06, 5.76440299938e-07, 6.57064092024e-08, 3.3738042915e-10]
        dmean2: [1.34860187018e-07, 6.52329617878e-05, 0.000182548435987, 0.000582762411796, 0.000689291919116, 0.000179038659553, 0.000130238535348, 0.000100582808955, 0.000193967280211, 0.000164364639204, 0.000139904863317, 0.000140351286973, 0.00014939068933, 0.000145192476339, 0.000107249346911, 0.00015164972865, 0.000326478417264, 0.000397781579522, 0.000342540064594, 0.000256535451626, 0.000106965453597, 4.19420612161e-05, 5.400086593e-06, 1.54235510763e-06, 8.03357181667e-07, 1.02798310309e-07, 5.52074330695e-10]
        dvar: [8.16851943616e-14, 8.10940559148e-09, 5.64221842581e-08, 3.25440481674e-07, 6.12067992734e-07, 2.72470632723e-08, 2.15037427864e-08, 1.46724730143e-08, 6.02690022333e-08, 6.25669898113e-08, 3.61419409955e-08, 1.35071562823e-08, 2.84255676775e-08, 3.36928849265e-08, 9.0529148622e-09, 1.00018633375e-08, 3.98619661723e-08, 1.49261950355e-07, 6.49422418064e-08, 5.10959026201e-08, 8.75357120123e-09, 1.05937414396e-09, 2.56187952796e-11, 2.12440503557e-12, 7.45127050339e-13, 3.02137262149e-14, 6.08241931035e-19]
        dvar2: [1.46022842255e-13, 2.22629505942e-08, 1.60440961849e-07, 8.66607763328e-07, 1.62504716172e-06, 5.98123008899e-08, 5.73561251827e-08, 3.44174537759e-08, 1.56957099762e-07, 1.46456727634e-07, 8.66630003316e-08, 3.27523572707e-08, 6.37634016698e-08, 7.3411001722e-08, 1.9453898048e-08, 2.7203812536e-08, 1.00926143887e-07, 3.11540873099e-07, 1.51052717001e-07, 1.1311070125e-07, 2.27301342193e-08, 2.72262101753e-09, 5.7846640672e-11, 4.36406553256e-12, 1.42886353791e-12, 7.10622492382e-14, 9.55457093611e-19]
        max: [2.82700466414e-06, 0.000936151947826, 0.00237756734714, 0.00393360760063, 0.00487624341622, 0.00309412344359, 0.00154650525656, 0.00117540545762, 0.00276053510606, 0.0023053730838, 0.00234447279945, 0.00154057680629, 0.0014426948037, 0.00190178805497, 0.00127019849606, 0.000850082142279, 0.00163003243506, 0.00596195319667, 0.00269361468963, 0.00223169475794, 0.00102039414924, 0.000356024858775, 4.58544964204e-05, 1.55911711772e-05, 8.58538169268e-06, 1.74554554633e-06, 1.61655062669e-08]
        mean: [1.18480024014e-07, 6.15406170255e-05, 0.000183991025551, 0.000387435866287, 0.000407528743381, 0.000266845978331, 0.000129400374135, 0.000105269449705, 0.000199184607482, 0.000160800249432, 0.00016213094932, 0.000189589991351, 0.000177028341568, 0.00016532150039, 0.000137002527481, 0.000193381682038, 0.000482263043523, 0.000560373475309, 0.000565216934774, 0.000373925082386, 0.000165708872373, 5.72988501517e-05, 7.75544776843e-06, 2.90523689728e-06, 1.41640089169e-06, 9.90917428112e-08, 3.3373581676e-10]
        min: [2.41944268439e-12, 1.03697423981e-08, 3.71131640975e-08, 2.48340228381e-07, 8.42608528728e-07, 8.21047819954e-07, 3.11588223667e-07, 3.24391749018e-07, 2.32024694924e-06, 1.49116272041e-06, 1.38997222621e-06, 3.34215633302e-06, 3.10634300149e-06, 2.80149924947e-06, 2.64928758043e-06, 2.42879605139e-06, 1.30645812533e-05, 2.11994665733e-05, 1.8315453417e-05, 4.01117313231e-06, 2.22883682e-06, 7.00302109635e-07, 9.90885169472e-08, 1.78304375709e-08, 5.01193087032e-09, 1.54385962348e-10, 9.00506899544e-15]
        var: [1.30252078112e-13, 6.65428290247e-09, 5.03048340761e-08, 3.03435029991e-07, 4.77225910345e-07, 1.40376172908e-07, 2.47936391418e-08, 2.00958343299e-08, 6.25047817948e-08, 9.81315366744e-08, 1.06384838716e-07, 4.5934278603e-08, 7.23469568698e-08, 5.63792390551e-08, 2.43089068874e-08, 1.97583034378e-08, 1.0603898204e-07, 3.2004746231e-07, 1.86833275961e-07, 1.36415863494e-07, 1.84932336111e-08, 2.65137800604e-09, 6.14536824206e-11, 8.34281775608e-12, 2.22509467449e-12, 3.4358082243e-14, 8.37527039354e-19]
    mfcc:
        mean: [-690.990844727, 104.310714722, -60.7005844116, 53.8383216858, -15.6737565994, -4.84779500961, 0.70092445612, -0.0451492033899, -3.55025053024, -11.1684150696, -3.73294448853, -1.67477250099, -8.09812068939]
        cov: [[1354.84033203, -323.26171875, 99.0484848022, 107.290916443, 53.8710784912, 92.5325622559, 41.3224220276, -55.7356719971, -58.8594398499, -0.6288164258, 39.9377822876, -51.7799949646, -27.5666770935], [-323.26171875, 626.907043457, -59.98777771, 90.2719650269, -13.577466011, -59.957408905, -9.14327430725, 45.011341095, 8.23167228699, -29.7547054291, -8.36435604095, 54.4432106018, 51.9962730408], [99.0484848022, -59.98777771, 675.11907959, 128.974578857, 144.529449463, 42.6471862793, -181.655303955, 51.6855735779, 15.1926040649, -89.3285140991, -54.8371505737, 35.868938446, 98.2172546387], [107.290916443, 90.2719650269, 128.974578857, 179.33380127, 74.251121521, 11.1116371155, -54.4397850037, 24.8345813751, 32.7508544922, -16.7882194519, 19.4579162598, 11.530708313, 27.9936218262], [53.8710784912, -13.577466011, 144.529449463, 74.251121521, 129.73059082, 35.8638000488, -38.7567024231, 25.9466362, 17.5674247742, -18.8381595612, -0.348365724087, 15.7754154205, 29.4008197784], [92.5325622559, -59.957408905, 42.6471862793, 11.1116371155, 35.8638000488, 102.736930847, 52.4277572632, 15.0139217377, 8.2900762558, 0.137374848127, 6.25120019913, 2.22448587418, 10.4838886261], [41.3224220276, -9.14327430725, -181.655303955, -54.4397850037, -38.7567024231, 52.4277572632, 153.968505859, 5.38877248764, -8.21998596191, 34.2073516846, 19.9858169556, -8.7483959198, -27.380695343], [-55.7356719971, 45.011341095, 51.6855735779, 24.8345813751, 25.9466362, 15.0139217377, 5.38877248764, 58.8119621277, 22.0973110199, -3.15746235847, 4.9400935173, 15.001704216, 12.3350791931], [-58.8594398499, 8.23167228699, 15.1926040649, 32.7508544922, 17.5674247742, 8.2900762558, -8.21998596191, 22.0973110199, 61.7286491394, 20.3204212189, 15.4233322144, 6.5628247261, 3.71701431274], [-0.6288164258, -29.7547054291, -89.3285140991, -16.7882194519, -18.8381595612, 0.137374848127, 34.2073516846, -3.15746235847, 20.3204212189, 83.0885391235, 42.251537323, -9.60587406158, -23.2174663544], [39.9377822876, -8.36435604095, -54.8371505737, 19.4579162598, -0.348365724087, 6.25120019913, 19.9858169556, 4.9400935173, 15.4233322144, 42.251537323, 64.3129043579, 9.14019584656, -8.40277004242], [-51.7799949646, 54.4432106018, 35.868938446, 11.530708313, 15.7754154205, 2.22448587418, -8.7483959198, 15.001704216, 6.5628247261, -9.60587406158, 9.14019584656, 49.5537948608, 32.7662277222], [-27.5666770935, 51.9962730408, 98.2172546387, 27.9936218262, 29.4008197784, 10.4838886261, -27.380695343, 12.3350791931, 3.71701431274, -23.2174663544, -8.40277004242, 32.7662277222, 63.8805732727]]
        icov: [[0.00122747546993, 0.000633774790913, -0.000250759039773, -0.00151135365013, 5.18063789059e-05, -0.000309254537569, -0.000834669277538, 0.000977908377536, 0.00159011152573, 0.000152971828356, -0.000766852346715, 0.000554936006665, 0.000119560056191], [0.000633774790913, 0.00303044798784, 0.000779972819146, -0.00307806627825, 0.000998679548502, 0.00157319987193, -0.000907054694835, -0.00174309546128, 0.00158177071717, -4.78056317661e-05, 0.00155604316387, -0.00188382470515, -0.00175201636739], [-0.000250759039773, 0.000779972819146, 0.00431510899216, -0.000971785513684, -0.000515036284924, -0.00280086696148, 0.00501417694613, -0.00369260902517, 0.00121896690689, -0.000146984253661, 0.00272002886049, -0.000493381521665, -0.00290632038377], [-0.00151135365013, -0.00307806627825, -0.000971785513684, 0.0134974634275, -0.00438995426521, -0.000435751338955, 0.00272544263862, 5.93277320604e-07, -0.0062420964241, 0.00384399527684, -0.00701780756935, 0.00471830554307, -0.000890384777449], [5.18063789059e-05, 0.000998679548502, -0.000515036284924, -0.00438995426521, 0.0139215076342, -0.00457500480115, 0.00277427537367, -0.00328499823809, 0.000704128469806, -0.000490026781335, 0.0012747971341, -0.00229838397354, -0.000780427420978], [-0.000309254537569, 0.00157319987193, -0.00280086696148, -0.000435751338955, -0.00457500480115, 0.0207887347788, -0.0126476259902, 0.000913931056857, -0.00344620645046, 0.00239883945324, -0.00157872785348, 0.00190341565758, -0.00393194472417], [-0.000834669277538, -0.000907054694835, 0.00501417694613, 0.00272544263862, 0.00277427537367, -0.0126476259902, 0.0197678375989, -0.00709805218503, 0.00356710492633, -0.00335639505647, 0.00118445022963, -0.00108398636803, 0.00140117830597], [0.000977908377536, -0.00174309546128, -0.00369260902517, 5.93277320604e-07, -0.00328499823809, 0.000913931056857, -0.00709805218503, 0.027912305668, -0.00803512521088, 0.00265701813623, -0.00304274936207, -0.00291666504927, 0.00297680404037], [0.00159011152573, 0.00158177071717, 0.00121896690689, -0.0062420964241, 0.000704128469806, -0.00344620645046, 0.00356710492633, -0.00803512521088, 0.0267580188811, -0.00844479631633, 0.00145584717393, -0.00211663590744, 0.0002328598639], [0.000152971828356, -4.78056317661e-05, -0.000146984253661, 0.00384399527684, -0.000490026781335, 0.00239883945324, -0.00335639505647, 0.00265701813623, -0.00844479631633, 0.0252745654434, -0.0162250250578, 0.00665090512484, 0.000658342672978], [-0.000766852346715, 0.00155604316387, 0.00272002886049, -0.00701780756935, 0.0012747971341, -0.00157872785348, 0.00118445022963, -0.00304274936207, 0.00145584717393, -0.0162250250578, 0.0334706492722, -0.0139799350873, 0.00365506042726], [0.000554936006665, -0.00188382470515, -0.000493381521665, 0.00471830554307, -0.00229838397354, 0.00190341565758, -0.00108398636803, -0.00291666504927, -0.00211663590744, 0.00665090512484, -0.0139799350873, 0.0397166907787, -0.0183625426143], [0.000119560056191, -0.00175201636739, -0.00290632038377, -0.000890384777449, -0.000780427420978, -0.00393194472417, 0.00140117830597, 0.00297680404037, 0.0002328598639, 0.000658342672978, 0.00365506042726, -0.0183625426143, 0.0331460237503]]
    spectral_contrast:
        mean: [7.60688667611e-09, 6.93954689268e-08, -3.87907789445e-07, -1.51674242943e-07, -5.1855130323e-07, 1.78536055273e-07, 2.10802795664e-06, 2.25393091569e-06, 1.00994441254e-06, -1.3866069537e-07, -6.64821016017e-07, -2.20026595343e-06]
        var: [0.000370789552107, 0.000497603963595, 0.000866662885528, 0.00199679913931, 0.00302475015633, 0.00378358922899, 0.0284634679556, 0.0463551171124, 0.146024376154, 0.339730709791, 0.566988945007, 0.926863729954]

rhythm:
    beats_loudness:
        dmean: 0.00223888270557
        dmean2: 0.00409081811085
        dvar: 3.42868042935e-06
        dvar2: 8.63949662744e-06
        max: 0.012338841334
        mean: 0.00719042029232
        min: 0.00144646561239
        var: 8.80416246218e-06
    beats_loudness_bass:
        dmean: 0.0664378106594
        dmean2: 0.109835900366
        dvar: 0.00508814724162
        dvar2: 0.0129191856831
        max: 0.323768764734
        mean: 0.10881651938
        min: 0.000557431019843
        var: 0.00856494996697
    bpm: 127.879180908
    bpm_confidence: 0
    first_peak_bpm: 129
    first_peak_spread: 0.421052634716
    first_peak_weight: 0.550000011921
    onset_rate: 3.39833545685
    second_peak_bpm: 121
    second_peak_spread: 0
    second_peak_weight: 0.0500000007451
    beats_position: [0.510322391987, 0.976938247681, 1.44355416298, 1.91017007828, 2.37678599358, 2.84340190887, 3.31001806259, 3.77663397789, 4.24324989319, 4.70986604691, 5.17648220062, 5.6430978775, 6.13712215424, 6.60788869858, 7.07865619659, 7.54942321777, 8.02019023895, 8.49095821381, 8.96172428131, 9.43249130249, 9.90325832367]
    bpm_estimates: [128.997543335, 128.09034729, 127.252754211, 129.299377441, 128.837295532, 129.058578491, 127.512733459, 127.443862915, 127.457633972, 127.945503235, 127.387252808, 127.937454224, 127.315223694, 127.829559326, 127.389892578, 126.311706543]
    bpm_intervals: [0.466615855694, 0.466615915298, 0.466615915298, 0.466615915298, 0.466615915298, 0.466616153717, 0.466615915298, 0.466615915298, 0.466616153717, 0.466616153717, 0.46661567688, 0.494024276733, 0.470766544342, 0.470767498016, 0.470767021179, 0.470767021179, 0.470767974854, 0.470766067505, 0.470767021179, 0.470767021179]
    onset_times: [0.0464399084449, 0.510838985443, 0.731428563595, 0.940408170223, 1.23065757751, 1.91564631462, 2.3916554451, 2.61224484444, 2.97215414047, 3.06503391266, 3.32045340538, 3.52943301201, 3.78485250473, 4.01705217361, 4.37696123123, 4.48145103455, 4.72526073456, 4.95746040344, 5.18966007233, 5.65405893326, 6.13006782532, 6.60607719421, 7.0936961174, 7.34911584854, 7.58131504059, 7.81351470947, 7.95283460617, 8.08054447174, 8.28952407837, 8.75392246246, 9.0093421936, 9.35764217377, 9.49696159363, 9.92653083801]
    rubato_start: []
    rubato_stop: []
    perceptual_tempo: "unknown"

sfx:
    inharmonicity:
        dmean: 0.0603929497302
        dmean2: 0.106713585556
        dvar: 0.00341008650139
        dvar2: 0.00934297498316
        max: 0.387776941061
        mean: 0.0720062404871
        min: 8.01728965598e-05
        var: 0.00412635225803
    oddtoevenharmonicenergyratio:
        dmean: 2.77861571312
        dmean2: 5.18807840347
        dvar: 68.4840087891
        dvar2: 201.317642212
        max: 105.138092041
        mean: 1.89319443703
        min: 0.000509678910021
        var: 37.2083206177
    pitch_after_max_to_before_max_energy_ratio: 4.01707696915
    pitch_centroid: 219.934753418
    pitch_max_to_total: 0.256410270929
    pitch_min_to_total: 0.967365980148
    tristimulus:
        dmean: [0.169361323118, 0.277060776949, 0.162726163864]
        dmean2: [0.295149028301, 0.488403469324, 0.287955731153]
        dvar: [0.0233156234026, 0.0550921969116, 0.0206844396889]
        dvar2: [0.0654902234674, 0.16548936069, 0.0583818294108]
        max: [0.904409646988, 0.992781817913, 0.799424827099]
        mean: [0.296731621027, 0.440066814423, 0.169913709164]
        min: [0.000821727153379, 0, 0]
        var: [0.0388472005725, 0.0660028532147, 0.0267083700746]

tonal:
    chords_changes_rate: 0.0416666679084
    chords_number_rate: 0.0324074067175
    chords_strength:
        dmean: 0.0117825362831
        dmean2: 0.0115242125466
        dvar: 7.5069918239e-05
        dvar2: 0.000105007653474
        max: 0.703462719917
        mean: 0.475673705339
        min: 0.298751920462
        var: 0.013291801326
    key_strength: 0.734217703342
    tuning_diatonic_strength: 0.609884977341
    tuning_equal_tempered_deviation: 0.124893590808
    tuning_frequency: 442.293365479
    tuning_nontempered_energy_ratio: 0.776516079903
    hpcp:
        dmean: [0.150593712926, 0.140693068504, 0.10876968503, 0.0960456728935, 0.098629668355, 0.137805983424, 0.154882997274, 0.146036222577, 0.125741958618, 0.0977117195725, 0.0975818708539, 0.128543883562, 0.13761433959, 0.11376363039, 0.139262348413, 0.154729902744, 0.143671765924, 0.137578099966, 0.108666069806, 0.153895422816, 0.205227047205, 0.227717354894, 0.210423514247, 0.186131462455, 0.169517353177, 0.196131452918, 0.246367827058, 0.212597891688, 0.166436836123, 0.155636489391, 0.121489070356, 0.129521459341, 0.153188735247, 0.163544252515, 0.143330186605, 0.163298815489]
        dmean2: [0.244997650385, 0.22929507494, 0.187437996268, 0.160190925002, 0.168143734336, 0.226024866104, 0.265564590693, 0.252015113831, 0.218758538365, 0.173473656178, 0.163662418723, 0.217069208622, 0.234191417694, 0.191615030169, 0.226394891739, 0.267554372549, 0.247756779194, 0.229615136981, 0.179148957133, 0.258855134249, 0.355277836323, 0.397351801395, 0.366200089455, 0.317316263914, 0.289387583733, 0.348147749901, 0.442559957504, 0.354603558779, 0.284477829933, 0.26654112339, 0.206924647093, 0.228301629424, 0.256250709295, 0.283375650644, 0.247922986746, 0.282247424126]
        dvar: [0.0311811603606, 0.0255717895925, 0.0184703413397, 0.0201138723642, 0.0221201777458, 0.0253315772861, 0.0332834869623, 0.0265139918774, 0.0214953813702, 0.0163720864803, 0.0193120781332, 0.0211006179452, 0.0270041450858, 0.0160499066114, 0.0249151717871, 0.0414406098425, 0.0304426178336, 0.0194410085678, 0.0147145921364, 0.0319601669908, 0.0364344343543, 0.0500830970705, 0.0407650955021, 0.0406480878592, 0.037879101932, 0.0520356893539, 0.0689428523183, 0.0488718599081, 0.039245210588, 0.0367908403277, 0.0218107942492, 0.028142252937, 0.0243879258633, 0.0342096686363, 0.0281138345599, 0.0343190468848]
        dvar2: [0.0674559548497, 0.0698313042521, 0.0505905523896, 0.0544968508184, 0.0547024160624, 0.0692261829972, 0.0837186276913, 0.0770711526275, 0.0610139556229, 0.0462183654308, 0.0472490750253, 0.0570942014456, 0.0734393745661, 0.0438258610666, 0.0693893507123, 0.11300624162, 0.0732587650418, 0.0520888827741, 0.0398636050522, 0.0865757241845, 0.0856475755572, 0.134342998266, 0.121680639684, 0.111955039203, 0.100491188467, 0.138419136405, 0.203093186021, 0.135728254914, 0.0986538305879, 0.0982856452465, 0.064641661942, 0.0812827199697, 0.0692346692085, 0.0935932919383, 0.0762165337801, 0.0898474156857]
        max: [1, 1, 1, 1, 1, 1, 1, 1, 1, 0.935439050198, 1, 0.912312924862, 1, 0.971213459969, 1, 1, 1, 0.898239016533, 1, 1, 1, 1, 1, 1, 1, 1, 1, 1, 1, 1, 1, 1, 1, 1, 1, 1]
        mean: [0.33418276906, 0.25384581089, 0.178596913815, 0.155835717916, 0.154948592186, 0.228544548154, 0.289669573307, 0.249484121799, 0.190371438861, 0.172159284353, 0.167097643018, 0.216911792755, 0.235108986497, 0.197169005871, 0.235752299428, 0.304167121649, 0.289233237505, 0.237798318267, 0.18443711102, 0.199537575245, 0.403520137072, 0.531925916672, 0.382515192032, 0.230471804738, 0.214241191745, 0.262108445168, 0.360452979803, 0.349360197783, 0.248940944672, 0.212348535657, 0.196812286973, 0.197061255574, 0.252509534359, 0.273846417665, 0.232748344541, 0.27856361866]
        min: [0.00493917940184, 0.00401932606474, 0.00393489049748, 0.00271078874357, 0.00680399499834, 0.00816106703132, 0.00901983305812, 0.00975130591542, 0.00380607461557, 0.00493601663038, 0.00683452561498, 0.0176646672189, 0.00534843886271, 0.00507762050256, 0.00332823279314, 0.00197211303748, 0.00167861068621, 0.00573304947466, 0.00584476161748, 0.0125806136057, 0.0176683664322, 0.0156125864014, 0.0191579218954, 0.0131103135645, 0.00421951571479, 0.00807020254433, 0.0103229247034, 0.0124680427834, 0.00885163340718, 0.00382802519016, 0.00541843241081, 0.00851662456989, 0.0071927132085, 0.0115989893675, 0.00990833435208, 0.00900726858526]
        var: [0.0942107215524, 0.0462705381215, 0.0279986932874, 0.0276535786688, 0.0301950313151, 0.0366853736341, 0.0555724389851, 0.0418219007552, 0.0282271467149, 0.0335249044001, 0.0397352166474, 0.0346607342362, 0.0382021330297, 0.0231623779982, 0.0435011684895, 0.0983563885093, 0.0724839046597, 0.0289663169533, 0.0212197229266, 0.0369229130447, 0.0726902857423, 0.102122202516, 0.058835234493, 0.0460651442409, 0.045392472297, 0.0647707358003, 0.0948332175612, 0.0854680910707, 0.0548283159733, 0.0521095320582, 0.0389255546033, 0.0397049039602, 0.0371582470834, 0.0509462617338, 0.0460782088339, 0.0661363527179]
    chords_histogram: [6.01851844788, 0, 30.5555553436, 0, 0, 0, 0, 0, 0, 10.1851854324, 0, 0, 0, 0, 0, 0, 0, 0, 16.6666660309, 3.24074077606, 0, 0, 21.2962970734, 12.0370368958]
    thpcp: [1, 0.719113647938, 0.433278024197, 0.402765095234, 0.492753654718, 0.677637577057, 0.65678358078, 0.467999279499, 0.399206966162, 0.369999438524, 0.370467483997, 0.474708080292, 0.514820575714, 0.437557816505, 0.523688733578, 0.628250598907, 0.477220237255, 0.335755228996, 0.292965084314, 0.291297316551, 0.429654836655, 0.544567525387, 0.469020426273, 0.357890874147, 0.323652744293, 0.314137071371, 0.407785713673, 0.441995739937, 0.370670050383, 0.443205147982, 0.571822345257, 0.543747246265, 0.447051584721, 0.346734583378, 0.375122874975, 0.758602142334]
    chords_key: "E"
    chords_scale: "major"
    key_key: "A"
    key_scale: "major"
    chords_progression: ["C", "C", "C", "C", "C", "C", "C", "C", "C", "C", "C", "C", "C", "C", "C", "C", "C", "C", "C", "C", "C", "C", "C", "C", "C", "C", "C", "C", "C", "C", "C", "C", "C", "C", "C", "C", "Em", "Em", "Em", "Em", "Em", "Em", "Em", "E", "E", "E", "E", "E", "E", "E", "E", "E", "E", "E", "E", "E", "E", "E", "E", "E", "E", "E", "E", "E", "E", "E", "E", "E", "E", "E", "E", "E", "E", "E", "E", "E", "E", "E", "E", "E", "E", "E", "E", "E", "E", "E", "E", "E", "E", "E", "E", "E", "E", "D", "D", "D", "D", "D", "D", "D", "D", "E", "E", "E", "E", "E", "E", "E", "E", "E", "E", "E", "E", "E", "E", "E", "E", "Fm", "Fm", "Fm", "Fm", "Fm", "Fm", "Fm", "Fm", "Fm", "Fm", "Fm", "Fm", "Fm", "Fm", "Fm", "Fm", "Fm", "Fm", "Fm", "Fm", "Fm", "Fm", "F#m", "F#m", "F#m", "F#m", "F#m", "F#m", "F#m", "F#m", "F#m", "F#m", "F#m", "F#m", "F#m", "F#m", "F#m", "F#m", "F#m", "F#m", "F#m", "F#m", "A", "A", "A", "A", "A", "A", "A", "A", "A", "A", "A", "A", "A", "F#m", "F#m", "F#m", "F#m", "F#m", "F#m", "D", "D", "D", "D", "D", "D", "D", "D", "D", "D", "D", "D", "D", "D", "D", "D", "D", "D", "D", "D", "D", "D", "D", "D", "D", "D", "D", "D", "D", "D", "D", "D", "D", "D", "D", "D", "D", "D"]
