
metadata:
    version:
        essentia: "1.2.2"
    audio_properties:
        analysis_sample_rate: 44100
        bitrate: 128
        channels: 2
        equal_loudness: 1
        length: 10.0310201645
        replay_gain: -12.5414199829
        downmix: "mix"
    tags:
        track: 22
        year: 0
        album: "Splitted by Mp3Splt v. 2.1"
        artist: "From 003.30 To 003.40"
        comment: "http://mp3splt.sf.net"
        genre: ""
        title: "19 Eine Kleine Lift Musik.mp3"

highlevel:
    ballroom:
        all:
            ChaChaCha: 0.0101710008457
            Jive: 0.0398022159934
            Quickstep: 0.0501511991024
            Rumba-American: 0.0125751979649
            Rumba-International: 0.0990164130926
            Rumba-Misc: 0.154714375734
            Samba: 0.0155893573537
            Tango: 0.023640582338
            VienneseWaltz: 0.416087061167
            Waltz: 0.178252577782
        probability: 0.416087061167
        value: "VienneseWaltz"
    culture:
        all:
            non_western: 0.0691195130348
            western: 0.930880486965
        probability: 0.930880486965
        value: "western"
    gender:
        all:
            female: 0.67927223444
            male: 0.32072776556
        probability: 0.67927223444
        value: "female"
    genre_dortmund:
        all:
            alternative: 0.211903825402
            blues: 0.0302497204393
            electronic: 0.0702994316816
            folkcountry: 0.13467413187
            funksoulrnb: 0.042478967458
            jazz: 0.157168805599
            pop: 0.151482865214
            raphiphop: 0.00540677970275
            rock: 0.196335479617
        probability: 0.211903825402
        value: "alternative"
    genre_electronica:
        all:
            ambient: 0.63471698761
            dnb: 0.0287647452205
            house: 0.00225700368173
            techno: 0.0013568411814
            trance: 0.332904428244
        probability: 0.63471698761
        value: "ambient"
    genre_rosamerica:
        all:
            cla: 0.190553024411
            dan: 0.0527068376541
            hip: 0.00601656083018
            jaz: 0.0706325620413
            pop: 0.212361171842
            rhy: 0.0248587206006
            roc: 0.43821695447
            spe: 0.00465417932719
        probability: 0.43821695447
        value: "roc"
    genre_tzanetakis:
        all:
            blu: 0.0130440602079
            cla: 0.168836951256
            cou: 0.129412874579
            dis: 0.0164679866284
            hip: 0.00427210982889
            jaz: 0.330368071795
            met: 0.0120025025681
            pop: 0.13612164557
            reg: 0.0192346349359
            roc: 0.170239165425
        probability: 0.330368071795
        value: "jaz"
    live_studio:
        all:
            live: 0.412656545639
            studio: 0.587343454361
        probability: 0.587343454361
        value: "studio"
    mood:
        all:
            Cluster1: 0.417821645737
            Cluster2: 0.169554755092
            Cluster3: 0.150565087795
            Cluster4: 0.108030617237
            Cluster5: 0.154027879238
        probability: 0.417821645737
        value: "Cluster1"
    mood_acoustic:
        all:
            acoustic: 0.154627889395
            not_acoustic: 0.845372140408
        probability: 0.845372140408
        value: "not_acoustic"
    mood_aggressive:
        all:
            aggressive: 0.145076915622
            not_aggressive: 0.854923069477
        probability: 0.854923069477
        value: "not_aggressive"
    mood_electronic:
        all:
            electronic: 0.682715952396
            not_electronic: 0.317284047604
        probability: 0.682715952396
        value: "electronic"
    mood_happy:
        all:
            happy: 0.607262670994
            not_happy: 0.392737299204
        probability: 0.607262670994
        value: "happy"
    mood_party:
        all:
            not_party: 0.88679766655
            party: 0.113202348351
        probability: 0.88679766655
        value: "not_party"
    mood_relaxed:
        all:
            not_relaxed: 0.0854074954987
            relaxed: 0.914592504501
        probability: 0.914592504501
        value: "relaxed"
    mood_sad:
        all:
            not_sad: 0.295937508345
            sad: 0.704062461853
        probability: 0.704062461853
        value: "sad"
    rhythm:
        all:
            fast: 0.0859536081553
            medium: 0.529151260853
            slow: 0.384895145893
        probability: 0.529151260853
        value: "medium"
    speech_music:
        all:
            music: 0.997874736786
            speech: 0.0021252790466
        probability: 0.997874736786
        value: "music"
    timbre:
        all:
            bright: 0.461427569389
            dark: 0.538572430611
        probability: 0.538572430611
        value: "dark"
    voice_instrumental:
        all:
            instrumental: 0.406534194946
            voice: 0.593465805054
        probability: 0.593465805054
        value: "voice"

lowlevel:
    average_loudness: 0.983691871166
    barkbands_kurtosis:
        dmean: 0.859824180603
        dmean2: 1.35514342785
        dvar: 1.10539841652
        dvar2: 2.81688594818
        max: 12.9429178238
        mean: 0.321577996016
        min: -1.70790529251
        var: 4.64991617203
    barkbands_skewness:
        dmean: 0.339366883039
        dmean2: 0.533954977989
        dvar: 0.0720001906157
        dvar2: 0.186634376645
        max: 3.47916078568
        mean: 0.933004498482
        min: -0.89233225584
        var: 0.520446538925
    barkbands_spread:
        dmean: 3.24761867523
        dmean2: 5.19394207001
        dvar: 7.39082145691
        dvar2: 16.646648407
        max: 36.6926193237
        mean: 22.0017948151
        min: 7.18153429031
        var: 29.5585174561
    dissonance:
        dmean: 0.0236660409719
        dmean2: 0.0398576259613
        dvar: 0.000369849818526
        dvar2: 0.000953279901296
        max: 0.498436957598
        mean: 0.437469631433
        min: 0.315394699574
        var: 0.000824437942356
    hfc:
        dmean: 1.4792381525
        dmean2: 2.34921073914
        dvar: 3.00561571121
        dvar2: 6.58265972137
        max: 17.1153774261
        mean: 6.56168842316
        min: 2.68828284788e-06
        var: 8.95487785339
    pitch:
        dmean: 91.3953475952
        dmean2: 175.638259888
        dvar: 58605.1054688
        dvar2: 166706.59375
        max: 3392.30761719
        mean: 260.02835083
        min: 94.8387069702
        var: 44088.015625
    pitch_instantaneous_confidence:
        dmean: 0.0718524754047
        dmean2: 0.111800394952
        dvar: 0.00343169434927
        dvar2: 0.0089183403179
        max: 0.781975507736
        mean: 0.458088904619
        min: 0.0670291781425
        var: 0.0115971583873
    pitch_salience:
        dmean: 0.0537143796682
        dmean2: 0.0848904624581
        dvar: 0.00206740293652
        dvar2: 0.00459887878969
        max: 0.961714863777
        mean: 0.57044917345
        min: 0.343981683254
        var: 0.00602284772322
    silence_rate_20dB:
        dmean: 0
        dmean2: 0
        dvar: 0
        dvar2: 0
        max: 1
        mean: 1
        min: 1
        var: 0
    silence_rate_30dB:
        dmean: 0
        dmean2: 0
        dvar: 0
        dvar2: 0
        max: 1
        mean: 1
        min: 1
        var: 0
    silence_rate_60dB:
        dmean: 0.00462962966412
        dmean2: 0.00696055684239
        dvar: 0.00460822042078
        dvar2: 0.00691205775365
        max: 1
        mean: 0.00923787523061
        min: 0
        var: 0.00915255211294
    spectral_centroid:
        dmean: 150.146102905
        dmean2: 239.016921997
        dvar: 18264.9667969
        dvar2: 45690.4335938
        max: 2027.45678711
        mean: 994.973205566
        min: 352.897857666
        var: 98561.78125
    spectral_complexity:
        dmean: 2.36426925659
        dmean2: 3.75348830223
        dvar: 5.67472982407
        dvar2: 14.4462041855
        max: 33
        mean: 16.023147583
        min: 0
        var: 15.5133609772
    spectral_crest:
        dmean: 1.88956272602
        dmean2: 2.95481586456
        dvar: 2.86414313316
        dvar2: 7.28643941879
        max: 18.9044857025
        mean: 8.2109336853
        min: 3.00649929047
        var: 11.2946557999
    spectral_decrease:
        dmean: 3.25576260396e-10
        dmean2: 5.33424859839e-10
        dvar: 1.14869834958e-19
        dvar2: 2.97791353621e-19
        max: -8.05984142444e-16
        mean: -1.58335311529e-09
        min: -4.03503230828e-09
        var: 2.17697677955e-19
    spectral_energy:
        dmean: 0.00133166299202
        dmean2: 0.00217449967749
        dvar: 1.92734319171e-06
        dvar2: 4.91011314807e-06
        max: 0.0162658635527
        mean: 0.006571107544
        min: 3.28581029052e-09
        var: 3.7219715523e-06
    spectral_energyband_high:
        dmean: 5.71225282329e-05
        dmean2: 9.49711102294e-05
        dvar: 8.6923144238e-09
        dvar2: 2.14753121952e-08
        max: 0.00096758879954
        mean: 0.000134641551995
        min: 2.57745630394e-11
        var: 1.19001164478e-08
    spectral_energyband_low:
        dmean: 9.03043764993e-05
        dmean2: 0.000145704674651
        dvar: 1.47312988474e-08
        dvar2: 3.79758446911e-08
        max: 0.00127945526037
        mean: 0.000208180790651
        min: 2.59237159517e-10
        var: 3.05033864834e-08
    spectral_energyband_middle_high:
        dmean: 0.000596746685915
        dmean2: 0.000951937341597
        dvar: 3.92365109292e-07
        dvar2: 8.70935252806e-07
        max: 0.00667951628566
        mean: 0.00229582609609
        min: 1.01528774277e-09
        var: 1.47946389006e-06
    spectral_energyband_middle_low:
        dmean: 0.00107565638609
        dmean2: 0.00172866694629
        dvar: 1.28843248604e-06
        dvar2: 3.80683627554e-06
        max: 0.0132172247395
        mean: 0.00393240293488
        min: 1.96957961052e-09
        var: 2.90115258395e-06
    spectral_flatness_db:
        dmean: 0.016600780189
        dmean2: 0.0253582373261
        dvar: 0.000215193911572
        dvar2: 0.000511489517521
        max: 0.248022481799
        mean: 0.175522729754
        min: 0.0842105448246
        var: 0.000587606162298
    spectral_flux:
        dmean: 0.00724215526134
        dmean2: 0.0111934458837
        dvar: 5.91822135902e-05
        dvar2: 0.000118330724945
        max: 0.0850307568908
        mean: 0.0368233956397
        min: 5.73219876969e-05
        var: 0.000123614096083
    spectral_kurtosis:
        dmean: 1.81711602211
        dmean2: 3.16669917107
        dvar: 3.19555473328
        dvar2: 8.54294776917
        max: 19.0530261993
        mean: 5.93474817276
        min: 1.68176031113
        var: 4.88183927536
    spectral_rms:
        dmean: 0.000256130879279
        dmean2: 0.000412377296016
        dvar: 6.37709334228e-08
        dvar2: 1.52640254214e-07
        max: 0.00398360844702
        mean: 0.00250391219743
        min: 1.79043809112e-06
        var: 1.41257416431e-07
    spectral_rolloff:
        dmean: 337.636566162
        dmean2: 572.782958984
        dvar: 137093.828125
        dvar2: 297909.78125
        max: 3682.17773438
        mean: 1960.22009277
        min: 258.3984375
        var: 516058.53125
    spectral_skewness:
        dmean: 0.220657348633
        dmean2: 0.367084473372
        dvar: 0.0393534302711
        dvar2: 0.0994888916612
        max: 3.332218647
        mean: 1.87711632252
        min: 1.03357470036
        var: 0.0928977206349
    spectral_spread:
        dmean: 538414.625
        dmean2: 843930.625
        dvar: 718850752512
        dvar2: 1.31550098227e+12
        max: 15656211
        mean: 3835672
        min: 2308928.5
        var: 987955003392
    spectral_strongpeak:
        dmean: 0.34681519866
        dmean2: 0.593626916409
        dvar: 0.385003507137
        dvar2: 1.00703048706
        max: 4.48325777054
        mean: 0.725816726685
        min: 8.02993235993e-06
        var: 0.555476665497
    zerocrossingrate:
        dmean: 0.00606556329876
        dmean2: 0.00781590677798
        dvar: 2.93377415801e-05
        dvar2: 4.51658925158e-05
        max: 0.1005859375
        mean: 0.0621213577688
        min: 0.01611328125
        var: 0.00023243126634
    barkbands:
        dmean: [1.32888601456e-07, 1.92779370991e-05, 7.88736579125e-05, 0.000118105454021, 0.000540724548046, 0.000453106913483, 0.000354585587047, 0.000175398163265, 0.000113797956146, 0.000125281789224, 0.000121193406812, 0.000133625318995, 0.000106606479676, 0.000115652874229, 6.67529093334e-05, 0.000155252841068, 0.000129136489704, 0.000118548225146, 0.000130119355163, 5.81980748393e-05, 3.1819789001e-05, 7.95672804088e-06, 2.75947536466e-06, 5.53506140477e-07, 6.46094008516e-07, 1.07077795519e-07, 3.31300042955e-10]
        dmean2: [1.41677617194e-07, 3.26196095557e-05, 0.000126347280457, 0.000188995792996, 0.000887622125447, 0.00072278524749, 0.00058218149934, 0.000256176746916, 0.000173051565071, 0.000188273537788, 0.000196332344785, 0.000204190524528, 0.000186686651432, 0.000201194998226, 0.000112802183139, 0.000213737177546, 0.000200204391149, 0.000198866910068, 0.00021765755082, 9.52669870458e-05, 5.33606689714e-05, 1.30480839289e-05, 5.01788599649e-06, 9.51469303345e-07, 1.06711445369e-06, 1.88458500361e-07, 5.74170988532e-10]
        dvar: [5.94048638405e-12, 8.98622842804e-10, 1.12679341413e-08, 5.95192126696e-08, 5.17847297488e-07, 3.03042668293e-07, 2.1980012832e-07, 7.86698848287e-08, 2.12154471768e-08, 2.40960176257e-08, 2.92134991753e-08, 2.73540905482e-08, 2.00544469919e-08, 2.21940830158e-08, 1.35545130675e-08, 3.99020194664e-08, 4.18009875602e-08, 2.80949166154e-08, 3.69776422815e-08, 7.25157045522e-09, 2.47658937802e-09, 1.45079018243e-10, 5.17769507824e-11, 1.41833680217e-12, 2.69352031998e-12, 1.14534846451e-13, 4.68697543974e-19]
        dvar2: [5.95497045772e-12, 2.69979327783e-09, 2.76891860551e-08, 1.29650018721e-07, 1.37428014568e-06, 7.11150050847e-07, 5.93622985434e-07, 1.64233924238e-07, 5.35386703859e-08, 4.12353990953e-08, 7.80170950065e-08, 6.00964895625e-08, 5.59900072972e-08, 6.18682776121e-08, 3.81060303312e-08, 6.46090470013e-08, 1.04023008873e-07, 7.41814076832e-08, 9.40618463119e-08, 1.65124625084e-08, 6.63043175919e-09, 3.64266089514e-10, 1.47390585847e-10, 3.97222315804e-12, 7.15630462875e-12, 2.9915959575e-13, 7.22762501903e-19]
        max: [5.06713913637e-05, 0.000316466932418, 0.00118587363977, 0.00258419313468, 0.00746870413423, 0.00848771352321, 0.00597760872915, 0.00487158307806, 0.0017202423187, 0.00248962710612, 0.00195622514002, 0.00215293187648, 0.00142217171378, 0.00117581512313, 0.0019822018221, 0.00310075189918, 0.00258456892334, 0.00208877120167, 0.00198747217655, 0.000965382205322, 0.000494512380101, 0.000111486653623, 8.00724810688e-05, 1.40726078826e-05, 2.36445303017e-05, 4.24143672717e-06, 1.24518697575e-08]
        mean: [1.35863245987e-07, 4.84898991999e-05, 0.000159614137374, 0.000289102317765, 0.00127906876151, 0.00095235806657, 0.000753291707952, 0.000381281861337, 0.00021404545987, 0.000258701125858, 0.000241640242166, 0.000281461630948, 0.000166064215591, 0.000182934556506, 0.00012511688692, 0.00035681706504, 0.000225822630455, 0.000209465797525, 0.000243539427174, 0.0001155519858, 6.46029147902e-05, 1.67797934409e-05, 3.14289491143e-06, 9.95642267299e-07, 1.01240846107e-06, 7.16749681828e-08, 2.95410584883e-10]
        min: [3.04199512802e-11, 1.11554786242e-10, 1.29465882459e-10, 1.57311969007e-10, 4.47083620125e-10, 4.83281303865e-10, 4.00957267388e-10, 2.59284899107e-10, 1.99466665407e-10, 1.17983706138e-10, 3.68127195394e-11, 5.46323264405e-11, 2.90823060078e-10, 1.5397924602e-10, 5.8368643252e-11, 2.06181349771e-10, 5.30407141819e-11, 4.6338211046e-11, 6.10292068617e-12, 1.99669013962e-11, 5.07006676226e-12, 4.62982733748e-12, 3.69316990184e-12, 1.89488897663e-12, 1.36676087115e-12, 1.20032065884e-12, 4.10942791297e-13]
        var: [5.92762210844e-12, 1.54009294207e-09, 2.74835461056e-08, 2.72286996505e-07, 1.38782922932e-06, 9.48847684867e-07, 6.69183862101e-07, 3.29597668269e-07, 4.75594319482e-08, 9.9915595797e-08, 6.93373252147e-08, 1.00435514128e-07, 2.50169733818e-08, 3.57447937915e-08, 3.28720020093e-08, 2.26950021442e-07, 1.02110043088e-07, 4.60192524088e-08, 6.42217017344e-08, 1.111551029e-08, 3.28847371556e-09, 1.91326524068e-10, 3.28511176595e-11, 1.24828825662e-12, 3.05454923508e-12, 8.23507657465e-14, 4.6423914387e-19]
    mfcc:
        mean: [-698.480041504, 146.446563721, -52.5583953857, 40.3321723938, -17.2389221191, -8.02456378937, -5.34661960602, -13.5115118027, -8.01141548157, -15.6669435501, -6.9116268158, -6.21216773987, -3.20911884308]
        cov: [[1871.57897949, -259.638671875, -142.356246948, 27.50157547, -100.540847778, -86.4815368652, -28.7209033966, -28.6166801453, -1.4299248457, -32.1413421631, 9.27994632721, -22.0390224457, 49.1229743958], [-259.638671875, 257.402893066, 13.5320291519, 10.3874130249, 14.5363779068, 48.564250946, 36.4353561401, 18.3908729553, 4.22191667557, -0.799288988113, -9.82998752594, -0.266166090965, -42.0795478821], [-142.356246948, 13.5320291519, 210.051818848, 2.63606119156, 35.1666221619, 29.1328849792, 18.2993869781, -11.1977739334, -17.0133247375, 4.16471385956, -5.32802343369, -6.41365528107, -14.8160219193], [27.50157547, 10.3874130249, 2.63606119156, 86.263999939, 8.12365722656, -0.854908525944, 2.35484337807, 1.422098279, 1.25377416611, -7.88813352585, -4.77168416977, 1.88447630405, -1.21746051311], [-100.540847778, 14.5363779068, 35.1666221619, 8.12365722656, 76.9579086304, 14.0653505325, 3.55705475807, 1.34670603275, 1.36397147179, -10.6105194092, -9.06433773041, 7.02412557602, 3.35668706894], [-86.4815368652, 48.564250946, 29.1328849792, -0.854908525944, 14.0653505325, 92.0296936035, 37.2578811646, 12.8040809631, -2.65080976486, 1.65629804134, -26.6653213501, -13.1011428833, -16.6474056244], [-28.7209033966, 36.4353561401, 18.2993869781, 2.35484337807, 3.55705475807, 37.2578811646, 73.7149581909, 18.0218086243, 0.864490747452, -0.428584039211, -13.3896017075, -22.9395847321, -25.2663021088], [-28.6166801453, 18.3908729553, -11.1977739334, 1.422098279, 1.34670603275, 12.8040809631, 18.0218086243, 56.0623092651, 14.4006729126, -8.99759483337, -15.2683401108, 0.51261818409, 0.194480106235], [-1.4299248457, 4.22191667557, -17.0133247375, 1.25377416611, 1.36397147179, -2.65080976486, 0.864490747452, 14.4006729126, 52.0385360718, 18.4815196991, -6.98320531845, -10.3970146179, -0.701242029667], [-32.1413421631, -0.799288988113, 4.16471385956, -7.88813352585, -10.6105194092, 1.65629804134, -0.428584039211, -8.99759483337, 18.4815196991, 59.2917900085, 18.2971744537, -15.9792528152, -14.8576517105], [9.27994632721, -9.82998752594, -5.32802343369, -4.77168416977, -9.06433773041, -26.6653213501, -13.3896017075, -15.2683401108, -6.98320531845, 18.2971744537, 62.9319229126, 21.6114234924, -0.415145277977], [-22.0390224457, -0.266166090965, -6.41365528107, 1.88447630405, 7.02412557602, -13.1011428833, -22.9395847321, 0.51261818409, -10.3970146179, -15.9792528152, 21.6114234924, 67.7597808838, 37.2081604004], [49.1229743958, -42.0795478821, -14.8160219193, -1.21746051311, 3.35668706894, -16.6474056244, -25.2663021088, 0.194480106235, -0.701242029667, -14.8576517105, -0.415145277977, 37.2081604004, 80.2867507935]]
        icov: [[0.000723252596799, 0.000631085131317, 0.000313797179842, -0.000339781458024, 0.000748187710997, 0.00012617977336, -0.000256644590991, 0.000386062223697, -0.000230821824516, 0.000720526848454, -0.000200623529963, 0.000457291782368, -0.00022746209288], [0.000631085131317, 0.005535421893, 0.000439441035269, -0.000703644996975, 0.000237128842855, -0.00172695424408, -0.00128562259488, -0.00017229974037, -0.000922327337321, 0.000737856142223, 0.000180180781172, -0.00214084913023, 0.00293491245247], [0.000313797179842, 0.000439441035269, 0.00584453716874, -0.000217350578168, -0.00229528150521, -0.000888347160071, -0.00105083093513, 0.00118849787395, 0.00205214042217, -0.00111425481737, 0.000409628322814, 1.11323170131e-05, 0.000500441179611], [-0.000339781458024, -0.000703644996975, -0.000217350578168, 0.0121151264757, -0.00130143656861, 0.000730374071281, -0.000351855735062, 0.000293549906928, -0.000772495521232, 0.00117041578051, 0.000801435497124, -0.000769918842707, 0.000647921289783], [0.000748187710997, 0.000237128842855, -0.00229528150521, -0.00130143656861, 0.0162152089179, -0.00167369341943, 5.73688703298e-05, 0.00150326162111, -0.00323702767491, 0.00386892654933, 0.000670614070259, -0.00151505018584, -0.00039405451389], [0.00012617977336, -0.00172695424408, -0.000888347160071, 0.000730374071281, -0.00167369341943, 0.0174217652529, -0.00649064453319, -0.000911900948267, 0.00336701842025, -0.00457380199805, 0.0076648038812, -0.00211486779153, 0.000709521060344], [-0.000256644590991, -0.00128562259488, -0.00105083093513, -0.000351855735062, 5.73688703298e-05, -0.00649064453319, 0.0212784036994, -0.00591354770586, 0.000915989046916, 0.00194510002621, -0.00241933274083, 0.00594697799534, 0.00224575470202], [0.000386062223697, -0.00017229974037, 0.00118849787395, 0.000293549906928, 0.00150326162111, -0.000911900948267, -0.00591354770586, 0.0242310743779, -0.00819623842835, 0.00462415022776, 0.00351222627796, -0.00371183850802, 0.000248159311013], [-0.000230821824516, -0.000922327337321, 0.00205214042217, -0.000772495521232, -0.00323702767491, 0.00336701842025, 0.000915989046916, -0.00819623842835, 0.0280322078615, -0.0124793853611, 0.0051142941229, 0.0022823556792, -0.0019294465892], [0.000720526848454, 0.000737856142223, -0.00111425481737, 0.00117041578051, 0.00386892654933, -0.00457380199805, 0.00194510002621, 0.00462415022776, -0.0124793853611, 0.0290741380304, -0.0123834703118, 0.00788917858154, 0.000799974834081], [-0.000200623529963, 0.000180180781172, 0.000409628322814, 0.000801435497124, 0.000670614070259, 0.0076648038812, -0.00241933274083, 0.00351222627796, 0.0051142941229, -0.0123834703118, 0.0286247227341, -0.0136762121692, 0.00533545715734], [0.000457291782368, -0.00214084913023, 1.11323170131e-05, -0.000769918842707, -0.00151505018584, -0.00211486779153, 0.00594697799534, -0.00371183850802, 0.0022823556792, 0.00788917858154, -0.0136762121692, 0.0301235131919, -0.0124574275687], [-0.00022746209288, 0.00293491245247, 0.000500441179611, 0.000647921289783, -0.00039405451389, 0.000709521060344, 0.00224575470202, 0.000248159311013, -0.0019294465892, 0.000799974834081, 0.00533545715734, -0.0124574275687, 0.0210367273539]]
    spectral_contrast:
        mean: [-6.07601720048e-08, -2.17532814872e-07, -2.32563323266e-07, -1.01768549143e-07, -5.63889955174e-07, -1.94025531641e-07, -1.11344786546e-06, 2.5249880764e-06, 2.98040481539e-06, 2.26939164349e-06, 6.26676637694e-07, 1.28501824292e-06]
        var: [0.000272705801763, 0.00062008574605, 0.00135852233507, 0.00218877894804, 0.0036446985323, 0.00395127013326, 0.0442495681345, 0.102245427668, 0.107227280736, 0.269349455833, 0.293128550053, 1.02726697922]

rhythm:
    beats_loudness:
        dmean: 0.00132339994889
        dmean2: 0.00208455929533
        dvar: 1.35586083161e-06
        dvar2: 1.97063536689e-06
        max: 0.0108539015055
        mean: 0.00686505623162
        min: 0.00427461322397
        var: 3.19846049024e-06
    beats_loudness_bass:
        dmean: 0.0538456104696
        dmean2: 0.0928063839674
        dvar: 0.00551293464378
        dvar2: 0.0184981003404
        max: 0.281474769115
        mean: 0.0554268322885
        min: 0.00638241833076
        var: 0.00571739394218
    bpm: 92.7921600342
    bpm_confidence: 0
    first_peak_bpm: 93
    first_peak_spread: 0
    first_peak_weight: 0.470588237047
    onset_rate: 4.08732128143
    second_peak_bpm: 140
    second_peak_spread: 0
    second_peak_weight: 0.470588237047
    beats_position: [0.544779419899, 1.19140625, 1.8380330801, 2.4846599102, 3.13128685951, 3.77791380882, 4.42454051971, 5.07116746902, 5.71779489517, 6.13058853149, 6.55944013596, 6.98829126358, 7.41714286804, 7.84599399567, 8.27484512329, 8.70369625092, 9.13254833221, 9.56139850616]
    bpm_estimates: [93.1112442017, 92.4646453857, 93.0371551514, 93.5804138184, 92.5255737305, 93.3473358154, 91.7690124512, 92.419708252, 92.4620513916, 93.2045669556]
    bpm_intervals: [0.646626830101, 0.646626830101, 0.646626830101, 0.64662694931, 0.64662694931, 0.646626710892, 0.64662694931, 0.646627426147, 0.412793636322, 0.428851604462, 0.428851127625, 0.428851604462, 0.428851127625, 0.428851127625, 0.428851127625, 0.428852081299, 0.42885017395]
    onset_times: [0.0580498874187, 0.267029464245, 0.53405892849, 1.18421769142, 1.6137868166, 1.79954648018, 1.86920630932, 2.04335594177, 2.21750569344, 2.47292518616, 2.91410422325, 3.11147403717, 3.14630389214, 3.1811337471, 3.55265307426, 3.78485250473, 3.90095233917, 4.22603178024, 4.43501138687, 4.6439909935, 4.86458063126, 5.08517026901, 5.54956912994, 5.71210861206, 5.74693870544, 5.9675283432, 6.08362817764, 6.37387752533, 6.86149644852, 7.07047605515, 7.51165533066, 7.73224496841, 7.95283460617, 8.13859367371, 8.37079334259, 8.57977294922, 8.80036258698, 9.0093421936, 9.18349170685, 9.47374153137, 9.67111110687]
    rubato_start: [6.13058853149]
    rubato_stop: [6.55944013596]
    perceptual_tempo: "unknown"

sfx:
    inharmonicity:
        dmean: 0.0402312427759
        dmean2: 0.0709803849459
        dvar: 0.00225890264846
        dvar2: 0.00652787461877
        max: 0.321266204119
        mean: 0.0444478094578
        min: 0.000253120990237
        var: 0.00233876006678
    oddtoevenharmonicenergyratio:
        dmean: 2.08085870743
        dmean2: 3.7772974968
        dvar: 14.3601827621
        dvar2: 40.1462554932
        max: 28.4598121643
        mean: 1.57856655121
        min: 0.000731760112103
        var: 10.9981088638
    pitch_after_max_to_before_max_energy_ratio: 3.38514971733
    pitch_centroid: 200.652175903
    pitch_max_to_total: 0.050925925374
    pitch_min_to_total: 0.819444417953
    tristimulus:
        dmean: [0.212783172727, 0.217633575201, 0.0963092520833]
        dmean2: [0.371822267771, 0.378288418055, 0.169910922647]
        dvar: [0.0308695323765, 0.0338667929173, 0.00823216326535]
        dvar2: [0.0745378732681, 0.0941742509604, 0.0230439882725]
        max: [0.942070007324, 0.869487226009, 0.60513061285]
        mean: [0.380041956902, 0.475184381008, 0.123044259846]
        min: [0.00125899771228, 0, 0]
        var: [0.0497789606452, 0.0470427460968, 0.0104683618993]

tonal:
    chords_changes_rate: 0.037037037313
    chords_number_rate: 0.0324074067175
    chords_strength:
        dmean: 0.00778865860775
        dmean2: 0.00520791905001
        dvar: 5.23943454027e-05
        dvar2: 2.47596126428e-05
        max: 0.703295707703
        mean: 0.563797831535
        min: 0.375218510628
        var: 0.00850711110979
    key_strength: 0.764821648598
    tuning_diatonic_strength: 0.531580269337
    tuning_equal_tempered_deviation: 0.0205248035491
    tuning_frequency: 438.224517822
    tuning_nontempered_energy_ratio: 0.635796427727
    hpcp:
        dmean: [0.0354075469077, 0.062018994242, 0.106109164655, 0.106631353498, 0.0952275618911, 0.026796059683, 0.0130829950795, 0.015921652317, 0.0628645271063, 0.10614900291, 0.0746810659766, 0.083538338542, 0.0986998304725, 0.0564623549581, 0.0648443698883, 0.0935354158282, 0.111525334418, 0.115932971239, 0.122624449432, 0.093472070992, 0.0282992850989, 0.0203784164041, 0.0230765938759, 0.0831577926874, 0.108122691512, 0.0849889144301, 0.0331802926958, 0.0319241918623, 0.0315072163939, 0.0877476632595, 0.120045825839, 0.123816661537, 0.111130073667, 0.0704790651798, 0.0905942395329, 0.0500113330781]
        dmean2: [0.0590247511864, 0.1069778651, 0.168502688408, 0.163427054882, 0.154128730297, 0.0466295666993, 0.022124292329, 0.0259558595717, 0.0978581011295, 0.160901099443, 0.118969269097, 0.131394103169, 0.148477941751, 0.0853850021958, 0.103470467031, 0.142225414515, 0.196309372783, 0.196169883013, 0.18439398706, 0.148788958788, 0.047428548336, 0.0356077961624, 0.0406962558627, 0.139523029327, 0.17174488306, 0.131271019578, 0.0587057694793, 0.0549539849162, 0.0556062571704, 0.149973526597, 0.202917158604, 0.215614810586, 0.189131394029, 0.11428976804, 0.143889024854, 0.0847906693816]
        dvar: [0.0041035739705, 0.00931096449494, 0.0213259495795, 0.0253287870437, 0.0177712514997, 0.00207277853042, 0.000775184715167, 0.000503974559251, 0.00811761338264, 0.0186776965857, 0.00951989553869, 0.0185182280838, 0.0252174176276, 0.00897249206901, 0.0119891110808, 0.024411784485, 0.0231067147106, 0.021934196353, 0.0242534428835, 0.0136131523177, 0.00218462478369, 0.00208166078664, 0.00183445645962, 0.0126712014899, 0.026858555153, 0.0121436296031, 0.00622737919912, 0.00483568012714, 0.00302950013429, 0.0209627766162, 0.0380401350558, 0.032400842756, 0.0231811013073, 0.0166727043688, 0.0148819992319, 0.00705061620101]
        dvar2: [0.0113634457812, 0.0250731855631, 0.0540702044964, 0.0494101308286, 0.0493495725095, 0.00566767156124, 0.00228586769663, 0.00130139407702, 0.0180116929114, 0.0366951711476, 0.0221964418888, 0.0348900295794, 0.0462782308459, 0.0180793385953, 0.0284417886287, 0.0506288595498, 0.058772649616, 0.0594240538776, 0.050043746829, 0.0302451793104, 0.00533116934821, 0.00561845954508, 0.00427411682904, 0.0341761037707, 0.0511423051357, 0.0272056646645, 0.0179316699505, 0.0133105190471, 0.00856507476419, 0.0611006915569, 0.0805496424437, 0.100716300309, 0.0724094212055, 0.0320401862264, 0.0339217819273, 0.0198795180768]
        max: [0.48676866293, 0.577426850796, 1, 1, 0.960298478603, 0.443266570568, 0.282121628523, 0.252836436033, 0.818256020546, 1, 0.878727734089, 1, 1, 0.853457212448, 1, 1, 1, 1, 1, 0.764414131641, 0.317504346371, 0.377357542515, 0.413067370653, 0.867332935333, 1, 0.957214474678, 0.78347837925, 0.600436449051, 0.416029185057, 0.971935987473, 1, 1, 1, 1, 1, 0.731842398643]
        mean: [0.053128734231, 0.078069768846, 0.263933628798, 0.397891432047, 0.208793863654, 0.0342887975276, 0.0174375381321, 0.0201259888709, 0.113502629101, 0.204510346055, 0.137575432658, 0.139312729239, 0.204060167074, 0.121420241892, 0.105466932058, 0.200220406055, 0.167239129543, 0.205117195845, 0.307607680559, 0.175573006272, 0.0359491184354, 0.0235604438931, 0.0246775485575, 0.142864763737, 0.291191220284, 0.183712348342, 0.0388958863914, 0.0369545146823, 0.0341321751475, 0.162544041872, 0.317233771086, 0.226854339242, 0.216011017561, 0.338405966759, 0.218523666263, 0.0639333799481]
        min: [0.00187491194811, 0.00154618232045, 0.00186962203588, 0.00147446792107, 0.00160721130669, 0.00131794577464, 0.000318819540553, 0.000229727083934, 0.00132196187042, 0.00256771640852, 0.00145297672134, 0.000773147097789, 0.000137203518534, 0.000965314509813, 0.00210407096893, 0.00156397791579, 0.00163343094755, 0.00695894658566, 0.000756784109399, 0.000853494275361, 0.000973965390585, 0.000251936056884, 0.000674762995914, 0.00307115516625, 0.00176522694528, 0.000896716490388, 0.000681873061694, 0.00065163418185, 0.000732195796445, 0.000866817601491, 0.000698752468452, 0.00325994263403, 0.00112442008685, 0.000833973754197, 0.000796403444838, 0.00131272058934]
        var: [0.00575536256656, 0.0104384850711, 0.0771373808384, 0.158843263984, 0.054019715637, 0.00217598886229, 0.000720282492694, 0.000793454004452, 0.0231911931187, 0.0600982904434, 0.0251405332237, 0.0430072136223, 0.0836699903011, 0.0348107777536, 0.020280931145, 0.0779458060861, 0.0415920242667, 0.0514453165233, 0.110781185329, 0.0345545560122, 0.00211259303614, 0.00176329701208, 0.00209327763878, 0.0231852103025, 0.100728996098, 0.0433026067913, 0.00410071806982, 0.0041558239609, 0.00239957170561, 0.0435840412974, 0.147894993424, 0.067384518683, 0.052455034107, 0.161738216877, 0.0662101358175, 0.0071165971458]
    chords_histogram: [2.31481480598, 24.0740737915, 2.77777767181, 8.33333301544, 31.4814815521, 0, 0, 0, 0, 0, 0, 0, 0, 0, 0, 0, 0, 0, 0, 0, 0, 5.09259271622, 25.9259262085, 0]
    thpcp: [1, 0.524750828743, 0.0861762687564, 0.0438248664141, 0.0505816079676, 0.285260289907, 0.513985276222, 0.345761239529, 0.350127488375, 0.512853860855, 0.305159240961, 0.26506459713, 0.503203630447, 0.420313477516, 0.515510439873, 0.773094534874, 0.441258579493, 0.0903490632772, 0.0592132471502, 0.0620208084583, 0.359054625034, 0.731835842133, 0.46171477437, 0.097755022347, 0.0928758755326, 0.0857826322317, 0.40851354599, 0.797287285328, 0.57014131546, 0.542889356613, 0.850498259068, 0.549204230309, 0.16068045795, 0.133525699377, 0.196208715439, 0.663330793381]
    chords_key: "A#"
    chords_scale: "major"
    key_key: "G#"
    key_scale: "major"
    chords_progression: ["A#", "A#", "A#", "A#", "A#", "A#", "A#", "A#", "A#", "A#", "A#", "A#m", "A#m", "A#m", "A#m", "A#m", "A#m", "A#m", "A#m", "A#m", "A#m", "A#m", "C#", "C#", "C#", "C#", "C#", "C#", "C#", "C#", "C#", "C#", "C#", "C#", "C#", "C#", "C#", "C#", "C#", "C#", "C#", "C#", "C#", "C#", "C#", "C#", "C#", "C#", "C#", "C#", "C#", "C#", "C#", "C#", "C#", "C#", "C#", "C#", "C#", "C#", "C#", "C#", "C#", "C#", "C#", "C#", "C#", "C#", "C#", "C#", "C#", "C#", "C#", "C#", "C#", "C#", "C#", "C#", "G#", "G#", "G#", "G#", "G#", "Cm", "Cm", "Cm", "Cm", "Cm", "Cm", "Cm", "Cm", "Cm", "Cm", "Cm", "Cm", "Cm", "Cm", "Cm", "Cm", "Cm", "Cm", "Cm", "Cm", "Cm", "Cm", "Cm", "Cm", "Cm", "Cm", "Cm", "Cm", "Cm", "Cm", "Cm", "Cm", "Cm", "Cm", "Cm", "Cm", "Cm", "Cm", "Cm", "Cm", "Cm", "Cm", "Cm", "Cm", "Cm", "Cm", "Cm", "Cm", "Cm", "Cm", "Cm", "Cm", "D#", "D#", "D#", "D#", "D#", "D#", "A#", "A#", "A#", "A#", "A#", "A#", "Gm", "Gm", "Gm", "Gm", "Gm", "Gm", "Gm", "Gm", "Gm", "Gm", "Gm", "Gm", "Gm", "Gm", "Gm", "Gm", "Gm", "Gm", "A#", "A#", "A#", "A#", "A#", "A#", "A#", "A#", "A#", "A#", "A#", "A#", "A#", "A#", "A#", "A#", "A#", "A#", "A#", "A#", "A#", "A#", "A#", "A#", "A#", "A#", "A#", "A#", "A#", "A#", "A#", "A#", "A#", "A#", "A#", "A#", "A#", "A#", "A#", "A#", "A#", "A#", "A#", "A#", "A#", "A#", "A#", "A#", "A#", "A#", "A#"]
