
metadata:
    version:
        essentia: "1.2.2"
    audio_properties:
        analysis_sample_rate: 44100
        bitrate: 128
        channels: 2
        equal_loudness: 1
        length: 10.0310201645
        replay_gain: -8.95980834961
        downmix: "mix"
    tags:
        track: 18
        year: 0
        album: "Splitted by Mp3Splt v. 2.1"
        artist: "From 002.50 To 003.00"
        comment: "http://mp3splt.sf.net"
        genre: ""
        title: "16 Diamonds and Pearls.mp3"

highlevel:
    ballroom:
        all:
            ChaChaCha: 0.476607620716
            Jive: 0.188736766577
            Quickstep: 0.129837080836
            Rumba-American: 0.00134796963539
            Rumba-International: 0.029157621786
            Rumba-Misc: 0.00285079982132
            Samba: 0.164259493351
            Tango: 0.00226662470959
            VienneseWaltz: 0.0031378690619
            Waltz: 0.00179815676529
        probability: 0.476607620716
        value: "ChaChaCha"
    culture:
        all:
            non_western: 0.0814811512828
            western: 0.918518841267
        probability: 0.918518841267
        value: "western"
    gender:
        all:
            female: 0.0480363406241
            male: 0.951963663101
        probability: 0.951963663101
        value: "male"
    genre_dortmund:
        all:
            alternative: 0.0487961620092
            blues: 0.0292418319732
            electronic: 0.162367835641
            folkcountry: 0.162911623716
            funksoulrnb: 0.101531729102
            jazz: 0.138565063477
            pop: 0.138374581933
            raphiphop: 0.0221620406955
            rock: 0.196049153805
        probability: 0.196049153805
        value: "rock"
    genre_electronica:
        all:
            ambient: 0.118465133011
            dnb: 0.175503283739
            house: 0.355339705944
            techno: 0.0541306808591
            trance: 0.296561211348
        probability: 0.355339705944
        value: "house"
    genre_rosamerica:
        all:
            cla: 0.0161146391183
            dan: 0.309968262911
            hip: 0.0129762832075
            jaz: 0.0201927684247
            pop: 0.362826347351
            rhy: 0.164581671357
            roc: 0.105484209955
            spe: 0.00785584468395
        probability: 0.362826347351
        value: "pop"
    genre_tzanetakis:
        all:
            blu: 0.00285444199108
            cla: 0.00199247850105
            cou: 0.0105923274532
            dis: 0.173284396529
            hip: 0.00492657534778
            jaz: 0.00363472243771
            met: 0.0153190400451
            pop: 0.509524285793
            reg: 0.126529335976
            roc: 0.151342391968
        probability: 0.509524285793
        value: "pop"
    live_studio:
        all:
            live: 0.545724213123
            studio: 0.454275816679
        probability: 0.545724213123
        value: "live"
    mood:
        all:
            Cluster1: 0.207048371434
            Cluster2: 0.350136816502
            Cluster3: 0.151419684291
            Cluster4: 0.181155368686
            Cluster5: 0.110239744186
        probability: 0.350136816502
        value: "Cluster2"
    mood_acoustic:
        all:
            acoustic: 0.100906960666
            not_acoustic: 0.899093031883
        probability: 0.899093031883
        value: "not_acoustic"
    mood_aggressive:
        all:
            aggressive: 0.00508535606787
            not_aggressive: 0.994914650917
        probability: 0.994914650917
        value: "not_aggressive"
    mood_electronic:
        all:
            electronic: 0.758850395679
            not_electronic: 0.241149619222
        probability: 0.758850395679
        value: "electronic"
    mood_happy:
        all:
            happy: 0.835552215576
            not_happy: 0.164447799325
        probability: 0.835552215576
        value: "happy"
    mood_party:
        all:
            not_party: 0.365419924259
            party: 0.634580075741
        probability: 0.634580075741
        value: "party"
    mood_relaxed:
        all:
            not_relaxed: 0.982394337654
            relaxed: 0.0176056362689
        probability: 0.982394337654
        value: "not_relaxed"
    mood_sad:
        all:
            not_sad: 0.808246135712
            sad: 0.191753849387
        probability: 0.808246135712
        value: "not_sad"
    rhythm:
        all:
            fast: 0.94498115778
            medium: 0.0440262034535
            slow: 0.0109926331788
        probability: 0.94498115778
        value: "fast"
    speech_music:
        all:
            music: 0.999958992004
            speech: 4.1033646994e-05
        probability: 0.999958992004
        value: "music"
    timbre:
        all:
            bright: 0.988338410854
            dark: 0.0116615910083
        probability: 0.988338410854
        value: "bright"
    voice_instrumental:
        all:
            instrumental: 0.0556696206331
            voice: 0.944330394268
        probability: 0.944330394268
        value: "voice"

lowlevel:
    average_loudness: 0.905833125114
    barkbands_kurtosis:
        dmean: 1.60844862461
        dmean2: 2.55113124847
        dvar: 7.07230567932
        dvar2: 16.7367954254
        max: 26.2524776459
        mean: 1.76117002964
        min: -1.86588573456
        var: 28.1547889709
    barkbands_skewness:
        dmean: 0.504249155521
        dmean2: 0.781248986721
        dvar: 0.32792147994
        dvar2: 0.774318039417
        max: 5.10690879822
        mean: 0.491249203682
        min: -2.62510848045
        var: 2.2745449543
    barkbands_spread:
        dmean: 6.16916418076
        dmean2: 10.0162391663
        dvar: 44.6124191284
        dvar2: 115.567108154
        max: 66.6703643799
        mean: 30.6033000946
        min: 3.47659516335
        var: 189.733200073
    dissonance:
        dmean: 0.0165054816753
        dmean2: 0.0273027382791
        dvar: 0.000341069739079
        dvar2: 0.000992344226688
        max: 0.497966915369
        mean: 0.459287494421
        min: 0.297638654709
        var: 0.000860646425281
    hfc:
        dmean: 2.8278837204
        dmean2: 4.54508066177
        dvar: 35.1166267395
        dvar2: 89.9849319458
        max: 71.6090240479
        mean: 7.96952962875
        min: 0.0854242444038
        var: 83.8048324585
    pitch:
        dmean: 618.984863281
        dmean2: 1184.0847168
        dvar: 1597756.75
        dvar2: 3734872.75
        max: 4900
        mean: 1402.62121582
        min: 81.9702606201
        var: 2988041.25
    pitch_instantaneous_confidence:
        dmean: 0.0843319147825
        dmean2: 0.134547382593
        dvar: 0.00483623286709
        dvar2: 0.0109898429364
        max: 0.895000219345
        mean: 0.478603571653
        min: 0.225905895233
        var: 0.0175472944975
    pitch_salience:
        dmean: 0.0665973052382
        dmean2: 0.105972841382
        dvar: 0.00445236451924
        dvar2: 0.0113625805825
        max: 0.815582096577
        mean: 0.569134354591
        min: 0.222436904907
        var: 0.0114768734202
    silence_rate_20dB:
        dmean: 0
        dmean2: 0
        dvar: 0
        dvar2: 0
        max: 1
        mean: 1
        min: 1
        var: 0
    silence_rate_30dB:
        dmean: 0
        dmean2: 0
        dvar: 0
        dvar2: 0
        max: 1
        mean: 1
        min: 1
        var: 0
    silence_rate_60dB:
        dmean: 0.0928074270487
        dmean2: 0.186046510935
        dvar: 0.0841944515705
        dvar2: 0.188643038273
        max: 1
        mean: 0.548611104488
        min: 0
        var: 0.247636094689
    spectral_centroid:
        dmean: 307.424957275
        dmean2: 484.960021973
        dvar: 149493.015625
        dvar2: 333798.78125
        max: 4655.41113281
        mean: 1709.61608887
        min: 201.803451538
        var: 966541.8125
    spectral_complexity:
        dmean: 2.76689982414
        dmean2: 4.23831796646
        dvar: 13.3769340515
        dvar2: 27.3823318481
        max: 41
        mean: 11.6023254395
        min: 0
        var: 80.2023544312
    spectral_crest:
        dmean: 2.09902501106
        dmean2: 3.28203415871
        dvar: 4.05504465103
        dvar2: 9.495844841
        max: 21.6332397461
        mean: 9.29815101624
        min: 3.32186818123
        var: 17.6347064972
    spectral_decrease:
        dmean: 2.62999205747e-10
        dmean2: 4.03828054329e-10
        dvar: 1.91274310941e-19
        dvar2: 4.48739433552e-19
        max: -2.28557103799e-11
        mean: -7.97187149626e-10
        min: -5.89818460739e-09
        var: 4.14524477531e-19
    spectral_energy:
        dmean: 0.00121356779709
        dmean2: 0.001864901511
        dvar: 4.34423236584e-06
        dvar2: 1.02624308056e-05
        max: 0.028756255284
        mean: 0.00373162585311
        min: 9.94587389869e-05
        var: 1.01051145975e-05
    spectral_energyband_high:
        dmean: 0.000370710971765
        dmean2: 0.000631396542303
        dvar: 6.58735416437e-07
        dvar2: 1.79117421339e-06
        max: 0.00814449973404
        mean: 0.000782960851211
        min: 6.23181222181e-07
        var: 1.29860507059e-06
    spectral_energyband_low:
        dmean: 0.000196802124265
        dmean2: 0.000336145429173
        dvar: 3.98200910467e-07
        dvar2: 1.11322242446e-06
        max: 0.00566103123128
        mean: 0.000246322742896
        min: 5.48013403545e-08
        var: 2.99560866779e-07
    spectral_energyband_middle_high:
        dmean: 0.000512489059474
        dmean2: 0.000823406677227
        dvar: 1.07163225493e-06
        dvar2: 2.71202429758e-06
        max: 0.0116008277982
        mean: 0.00146697286982
        min: 1.61361731443e-05
        var: 2.59065450336e-06
    spectral_energyband_middle_low:
        dmean: 0.000499483547173
        dmean2: 0.000766504381318
        dvar: 6.25083657724e-07
        dvar2: 1.60376077929e-06
        max: 0.00915728881955
        mean: 0.0012353573693
        min: 2.37565309362e-05
        var: 1.14383260552e-06
    spectral_flatness_db:
        dmean: 0.0175957195461
        dmean2: 0.027188481763
        dvar: 0.000358435907401
        dvar2: 0.000878133461811
        max: 0.31495603919
        mean: 0.169781252742
        min: 0.0946525558829
        var: 0.00180759758223
    spectral_flux:
        dmean: 0.00785224884748
        dmean2: 0.0120463417843
        dvar: 0.000127539227833
        dvar2: 0.000241687856033
        max: 0.126540064812
        mean: 0.0324761904776
        min: 0.00556392967701
        var: 0.00041827413952
    spectral_kurtosis:
        dmean: 1.16633176804
        dmean2: 1.92549800873
        dvar: 3.57002449036
        dvar2: 8.72532367706
        max: 29.2589187622
        mean: 3.50525999069
        min: 0.240949392319
        var: 15.3950471878
    spectral_rms:
        dmean: 0.000279767904431
        dmean2: 0.000417357718106
        dvar: 1.31517523982e-07
        dvar2: 2.83388629896e-07
        max: 0.00529668619856
        mean: 0.00175217573997
        min: 0.000311501062242
        var: 5.70490385599e-07
    spectral_rolloff:
        dmean: 424.138793945
        dmean2: 704.205993652
        dvar: 441758.125
        dvar2: 978833.8125
        max: 6007.76367188
        mean: 3073.58789062
        min: 129.19921875
        var: 2532903
    spectral_skewness:
        dmean: 0.170621186495
        dmean2: 0.270719498396
        dvar: 0.0412018075585
        dvar2: 0.0833251476288
        max: 3.92982029915
        mean: 1.27264487743
        min: 0.168063819408
        var: 0.352825075388
    spectral_spread:
        dmean: 496189.53125
        dmean2: 687234.25
        dvar: 399149105152
        dvar2: 676827365376
        max: 9097794
        mean: 4982143
        min: 2178632.25
        var: 1.33497919898e+12
    spectral_strongpeak:
        dmean: 0.592061758041
        dmean2: 1.03047072887
        dvar: 1.0856345892
        dvar2: 2.87401628494
        max: 9.62782382965
        mean: 0.779179394245
        min: 0.0149321155623
        var: 1.50836765766
    zerocrossingrate:
        dmean: 0.0100809019059
        dmean2: 0.0121408626437
        dvar: 0.000121515746287
        dvar2: 0.000165531673701
        max: 0.1875
        mean: 0.097141854465
        min: 0.0146484375
        var: 0.00202303472906
    barkbands:
        dmean: [2.73484516811e-07, 8.87356000021e-05, 0.000128095533, 0.000182320887689, 0.000271013792371, 9.9522578239e-05, 5.17126645718e-05, 5.39249049325e-05, 2.99344992527e-05, 2.55965260294e-05, 5.03155424667e-05, 3.98704214604e-05, 3.76103271265e-05, 4.39290633949e-05, 9.86729646684e-05, 4.22333614551e-05, 9.66043808148e-05, 0.000115904782433, 0.000173839696799, 0.000301264488371, 0.000165853401995, 5.06902033521e-05, 1.00865599961e-05, 2.86012686956e-06, 1.27957036966e-06, 8.36527078718e-08, 6.11981243459e-10]
        dmean2: [4.11508267462e-07, 0.000157903734362, 0.000217233988224, 0.000300508923829, 0.000404564721975, 0.000161913470947, 7.84051735536e-05, 7.60674738558e-05, 4.27521990787e-05, 4.00981443818e-05, 7.83039649832e-05, 6.94766931701e-05, 6.4690837462e-05, 6.70664594509e-05, 0.00014365350944, 6.86884013703e-05, 0.000145759215229, 0.000192482402781, 0.00029747170629, 0.000507137621753, 0.000273943005595, 8.68169445312e-05, 1.65568562807e-05, 4.5527367547e-06, 2.01493162422e-06, 1.29976086782e-07, 8.98236263147e-10]
        dvar: [7.3416316429e-13, 1.1000430078e-07, 1.50816205746e-07, 2.03094657536e-07, 2.00798012884e-07, 3.13096784055e-08, 1.28631860719e-08, 1.50502756924e-08, 2.25601115567e-09, 2.9657791778e-09, 1.37686537727e-08, 1.4783635649e-08, 1.66147628988e-08, 5.63666846531e-09, 5.08420932022e-08, 1.76281531594e-08, 1.40598046983e-07, 5.30807540144e-08, 1.29538378246e-07, 3.31659208541e-07, 1.11547301174e-07, 3.16698738345e-08, 1.57381985222e-09, 1.23533169805e-10, 1.42889337515e-11, 9.1355166433e-14, 2.13947800439e-17]
        dvar2: [1.56610000576e-12, 3.09342595983e-07, 4.31337980444e-07, 4.9349296205e-07, 5.20522291936e-07, 8.07848721252e-08, 3.28189564414e-08, 2.42340405521e-08, 4.53731185956e-09, 6.81943124192e-09, 3.28284919249e-08, 4.23220107848e-08, 4.71927101842e-08, 1.29686270611e-08, 1.0651624649e-07, 4.32913580539e-08, 3.52307012008e-07, 1.36903466341e-07, 3.58473840834e-07, 9.73222313405e-07, 2.87387621256e-07, 8.95917224852e-08, 4.32956648311e-09, 3.46892764513e-10, 3.70881762801e-11, 2.39622747642e-13, 2.27024400957e-17]
        max: [8.91596573638e-06, 0.00233719404787, 0.00360045675188, 0.00685982173309, 0.00471352925524, 0.00221429020166, 0.00145811808761, 0.00219943211414, 0.000566989299841, 0.000690558576025, 0.00161852501333, 0.000927148328628, 0.00138530007098, 0.000721335585695, 0.00318184867501, 0.001682848786, 0.00645666988567, 0.0022273529321, 0.00490705575794, 0.0061622406356, 0.00353458989412, 0.00221524760127, 0.000610369083006, 0.000183411379112, 5.91457865085e-05, 3.58048487215e-06, 9.47053635514e-08]
        mean: [6.10791232702e-07, 9.06849600142e-05, 0.000155041590915, 0.000232285659877, 0.00057584035676, 0.000181089722901, 7.90175545262e-05, 9.4274233561e-05, 5.99882623646e-05, 4.8310332204e-05, 8.38271007524e-05, 4.52828207926e-05, 4.51333471574e-05, 7.02964243828e-05, 0.000179482289241, 6.69637229294e-05, 0.000159370334586, 0.000166309197084, 0.000393227790482, 0.000565600581467, 0.000335868186085, 8.05118470453e-05, 1.48669578266e-05, 5.27818065166e-06, 2.34841468227e-06, 1.17964994217e-07, 6.4099558994e-10]
        min: [1.16742787312e-11, 1.55654742429e-08, 1.96096969773e-08, 1.96750590931e-07, 4.31269597811e-07, 1.88771537069e-06, 5.74171508561e-07, 1.87306241628e-07, 1.09752484434e-07, 4.65591853072e-07, 2.931992924e-07, 3.57137139417e-07, 7.7808955723e-08, 2.20699647002e-07, 8.65654783411e-07, 2.78273262211e-07, 7.11784366558e-07, 1.1924186083e-06, 1.35021718961e-06, 5.13381849032e-07, 1.79127297883e-07, 7.60809157896e-08, 1.58190562871e-08, 8.51050341311e-09, 1.74460904057e-10, 3.02231920046e-11, 4.81335674443e-13]
        var: [1.21179043362e-12, 7.31940161813e-08, 1.16929044225e-07, 2.18045926204e-07, 4.34286533846e-07, 5.72358800355e-08, 1.56515582717e-08, 3.36584697891e-08, 7.88320519973e-09, 7.42455741332e-09, 3.248478464e-08, 1.07569722019e-08, 1.23768346683e-08, 1.22789032275e-08, 1.3852518066e-07, 2.57419010552e-08, 1.77873232587e-07, 6.79227767364e-08, 2.34778852359e-07, 6.01541330525e-07, 2.37149379245e-07, 2.83992598327e-08, 1.34206135094e-09, 1.18676554695e-10, 2.1594032118e-11, 1.13617550427e-13, 2.14549822488e-17]
    mfcc:
        mean: [-742.539123535, 94.5697097778, -37.817817688, 56.5837745667, -21.6793041229, -2.12263512611, -2.10180449486, -14.424074173, -10.9417076111, -4.66617870331, -13.3085622787, -10.6081962585, -9.67835235596]
        cov: [[5497.15917969, -2306.75390625, -533.288269043, 17.439704895, -219.086532593, 213.146743774, 195.199203491, -135.130264282, 397.46661377, 136.217559814, 184.727142334, -68.095664978, 38.1315155029], [-2306.75390625, 1981.27758789, 342.433380127, 230.879776001, 142.001281738, 97.4578781128, -2.08324289322, 265.544189453, -53.8556900024, 162.381286621, 33.3505592346, 149.067245483, -65.6700057983], [-533.288269043, 342.433380127, 455.200897217, 67.8031539917, 118.931442261, 50.5918998718, 64.39012146, 87.6954956055, 45.9401283264, 45.8252639771, 69.6671676636, 49.6058044434, -2.53005599976], [17.439704895, 230.879776001, 67.8031539917, 240.77973938, 28.9062976837, 72.2324676514, 38.6605758667, 86.9072875977, 50.2955322266, 83.5902786255, 39.0435028076, 30.7962970734, -3.06001615524], [-219.086532593, 142.001281738, 118.931442261, 28.9062976837, 190.816894531, 59.9621582031, 5.70424795151, 54.8697090149, 25.7766895294, 25.1071166992, 14.0210819244, 0.369310349226, -0.0483533591032], [213.146743774, 97.4578781128, 50.5918998718, 72.2324676514, 59.9621582031, 231.050918579, 103.367004395, 130.669540405, 110.899276733, 72.3665466309, 58.6873207092, 47.0838737488, 28.9917564392], [195.199203491, -2.08324289322, 64.39012146, 38.6605758667, 5.70424795151, 103.367004395, 208.690979004, 99.2587432861, 109.679115295, 40.4855308533, 41.6771469116, 29.6039943695, 41.4451522827], [-135.130264282, 265.544189453, 87.6954956055, 86.9072875977, 54.8697090149, 130.669540405, 99.2587432861, 195.018829346, 97.5363464355, 71.8894958496, 53.275592804, 59.553401947, 24.9367866516], [397.46661377, -53.8556900024, 45.9401283264, 50.2955322266, 25.7766895294, 110.899276733, 109.679115295, 97.5363464355, 187.688308716, 95.8246383667, 74.2139129639, 40.2941932678, 38.3568878174], [136.217559814, 162.381286621, 45.8252639771, 83.5902786255, 25.1071166992, 72.3665466309, 40.4855308533, 71.8894958496, 95.8246383667, 166.085906982, 81.5823898315, 29.2173099518, -10.2595081329], [184.727142334, 33.3505592346, 69.6671676636, 39.0435028076, 14.0210819244, 58.6873207092, 41.6771469116, 53.275592804, 74.2139129639, 81.5823898315, 125.630897522, 60.4609451294, 2.86026310921], [-68.095664978, 149.067245483, 49.6058044434, 30.7962970734, 0.369310349226, 47.0838737488, 29.6039943695, 59.553401947, 40.2941932678, 29.2173099518, 60.4609451294, 110.574981689, 30.6245574951], [38.1315155029, -65.6700057983, -2.53005599976, -3.06001615524, -0.0483533591032, 28.9917564392, 41.4451522827, 24.9367866516, 38.3568878174, -10.2595081329, 2.86026310921, 30.6245574951, 91.1532211304]]
        icov: [[0.000666348496452, 0.000789281097241, 0.000401635188609, -0.000499400310218, 0.000247792864684, -0.000598719227128, -0.000155985442689, 0.000436825881479, -0.000717816525139, -0.000442659889814, -0.000293266726658, -0.000315035838867, 0.000793513376266], [0.000789281097241, 0.00207338202745, -8.01158530521e-05, -0.000829270633403, 9.44755811361e-05, -0.000541667221114, -5.11964790348e-05, -0.00100365909748, 0.000718350755051, -0.0020804151427, 0.00116848398466, -0.00208830670454, 0.00173218396958], [0.000401635188609, -8.01158530521e-05, 0.00365397962742, -0.00062062300276, -0.0017290568212, 0.000381114397896, -0.0011716944864, 0.000510331708938, -0.000838481006213, 0.000858668005094, -0.00223737582564, -0.000116284260002, 0.000684598984662], [-0.000499400310218, -0.000829270633403, -0.00062062300276, 0.00606382545084, 8.78537393874e-05, -0.000140974501846, 0.000184848919162, -0.00160211476032, 0.000877186423168, -0.00188150524627, 0.000709710759111, 0.000192996434635, -0.000471054343507], [0.000247792864684, 9.44755811361e-05, -0.0017290568212, 8.78537393874e-05, 0.00752907712013, -0.00208525592461, 0.00179494381882, -0.00106343161315, -0.000773707870394, -6.53486222291e-06, -1.73962325789e-05, 0.00211419933476, -0.000323530228343], [-0.000598719227128, -0.000541667221114, 0.000381114397896, -0.000140974501846, -0.00208525592461, 0.00907718390226, -0.00145477452315, -0.00379858445376, -0.000794611463789, 5.26103758602e-06, -0.000333043572027, -0.00049888167996, -0.00080843467731], [-0.000155985442689, -5.11964790348e-05, -0.0011716944864, 0.000184848919162, 0.00179494381882, -0.00145477452315, 0.00879018008709, -0.00271261739545, -0.00311126187444, 0.00128524482716, -0.000157529590069, 0.00156219617929, -0.00185492867604], [0.000436825881479, -0.00100365909748, 0.000510331708938, -0.00160211476032, -0.00106343161315, -0.00379858445376, -0.00271261739545, 0.0139219583943, -0.0038545683492, 0.000503476127051, -0.000464630516944, -0.00177977606654, -2.19170942728e-05], [-0.000717816525139, 0.000718350755051, -0.000838481006213, 0.000877186423168, -0.000773707870394, -0.000794611463789, -0.00311126187444, -0.0038545683492, 0.0157619863749, -0.00633479608223, -0.000533418089617, -0.000837003637571, -0.00350222014822], [-0.000442659889814, -0.0020804151427, 0.000858668005094, -0.00188150524627, -6.53486222291e-06, 5.26103758602e-06, 0.00128524482716, 0.000503476127051, -0.00633479608223, 0.0152959758416, -0.00752654625103, 0.00411292072386, 0.00116487534251], [-0.000293266726658, 0.00116848398466, -0.00223737582564, 0.000709710759111, -1.73962325789e-05, -0.000333043572027, -0.000157529590069, -0.000464630516944, -0.000533418089617, -0.00752654625103, 0.019370675087, -0.0098396781832, 0.00330619304441], [-0.000315035838867, -0.00208830670454, -0.000116284260002, 0.000192996434635, 0.00211419933476, -0.00049888167996, 0.00156219617929, -0.00177977606654, -0.000837003637571, 0.00411292072386, -0.0098396781832, 0.0188467353582, -0.00664107408375], [0.000793513376266, 0.00173218396958, 0.000684598984662, -0.000471054343507, -0.000323530228343, -0.00080843467731, -0.00185492867604, -2.19170942728e-05, -0.00350222014822, 0.00116487534251, 0.00330619304441, -0.00664107408375, 0.0167283248156]]
    spectral_contrast:
        mean: [1.47296248088e-07, -2.38150008158e-07, -4.58643896195e-08, 1.11758713395e-09, 2.11908375292e-08, 6.62755113012e-08, 1.67031615206e-07, 4.92874960401e-06, 5.01476051795e-07, 2.48190963248e-06, -1.28912375885e-07, -4.63148893459e-07]
        var: [0.000482590141473, 0.00101997202728, 0.0015061176382, 0.00251111807302, 0.00489380536601, 0.0060082343407, 0.0565346032381, 0.0976169407368, 0.172389298677, 0.306922405958, 1.69349873066, 2.85153436661]

rhythm:
    beats_loudness:
        dmean: 0.00275498372503
        dmean2: 0.00485345907509
        dvar: 4.54696282759e-06
        dvar2: 1.07839196062e-05
        max: 0.0116512784734
        mean: 0.00443490967155
        min: 0.000127471401356
        var: 1.0006498087e-05
    beats_loudness_bass:
        dmean: 0.148440018296
        dmean2: 0.279031127691
        dvar: 0.0217785462737
        dvar2: 0.0613875836134
        max: 0.444307893515
        mean: 0.127151563764
        min: 0.00501236179844
        var: 0.0195230729878
    bpm: 110.38470459
    bpm_confidence: 0
    first_peak_bpm: 163
    first_peak_spread: 0
    first_peak_weight: 0.5
    onset_rate: 3.38948559761
    second_peak_bpm: 110
    second_peak_spread: 0
    second_peak_weight: 0.449999988079
    beats_position: [0.511239111423, 1.05479824543, 1.59835720062, 2.14191627502, 2.68547534943, 3.22903418541, 3.77259302139, 4.31615209579, 4.8597111702, 5.4032702446, 6.02978992462, 6.39765787125, 6.76552581787, 7.13339424133, 7.50126171112, 7.86912965775, 8.23699855804, 8.60486602783, 8.97273349762, 9.34060192108, 9.70846939087]
    bpm_estimates: [110.509529114, 110.209213257, 110.429756165, 110.144805908, 109.961532593, 111.053405762]
    bpm_intervals: [0.543559134007, 0.543558955193, 0.543559074402, 0.543559074402, 0.543558835983, 0.543558835983, 0.543559074402, 0.543559074402, 0.543559074402, 0.626519680023, 0.367867946625, 0.367867946625, 0.367868423462, 0.367867469788, 0.367867946625, 0.367868900299, 0.367867469788, 0.367867469788, 0.367868423462, 0.367867469788]
    onset_times: [0.0580498874187, 0.150929704309, 0.49922901392, 0.684988677502, 1.03328800201, 1.2190476656, 1.59056687355, 1.95047616959, 2.13623571396, 2.32199549675, 2.49614500999, 2.68190479279, 3.78485250473, 4.15637207031, 5.61922883987, 5.97913837433, 6.3622674942, 6.59446716309, 6.94276666641, 7.07047605515, 7.12852621078, 7.33750581741, 7.46521520615, 7.6858048439, 7.83673477173, 8.12698459625, 8.33596324921, 8.53333377838, 8.97451210022, 9.12544250488, 9.33442211151, 9.5666217804, 9.67111110687, 9.89170074463]
    rubato_start: [6.39765787125]
    rubato_stop: [9.70846939087]
    perceptual_tempo: "unknown"

sfx:
    inharmonicity:
        dmean: 0.0472996942699
        dmean2: 0.0826497450471
        dvar: 0.00394415436313
        dvar2: 0.0120610585436
        max: 0.399660348892
        mean: 0.0495417527854
        min: 4.22506564064e-05
        var: 0.00427788402885
    oddtoevenharmonicenergyratio:
        dmean: 13.2741804123
        dmean2: 26.3690280914
        dvar: 23822.3945312
        dvar2: 71467.1171875
        max: 2265.38232422
        mean: 7.05569458008
        min: 0.000226682139328
        var: 11925.7919922
    pitch_after_max_to_before_max_energy_ratio: 0.0446327924728
    pitch_centroid: 163.765869141
    pitch_max_to_total: 0.962790668011
    pitch_min_to_total: 0.693023264408
    tristimulus:
        dmean: [0.194707721472, 0.238470986485, 0.131293714046]
        dmean2: [0.341011583805, 0.424240618944, 0.234615847468]
        dvar: [0.0409571416676, 0.0488576069474, 0.0206747502089]
        dvar2: [0.107914090157, 0.129155784845, 0.0563307963312]
        max: [0.957771778107, 0.997652411461, 0.784418523312]
        mean: [0.385916024446, 0.427891761065, 0.159250468016]
        min: [0.00234756688587, 0, 0]
        var: [0.0786717236042, 0.0632486641407, 0.0307509489357]

tonal:
    chords_changes_rate: 0.00925925932825
    chords_number_rate: 0.00925925932825
    chords_strength:
        dmean: 0.00829076673836
        dmean2: 0.00711935805157
        dvar: 6.72290843795e-05
        dvar2: 4.73120780953e-05
        max: 0.772590279579
        mean: 0.600716471672
        min: 0.408081114292
        var: 0.0126976659521
    key_strength: 0.756218612194
    tuning_diatonic_strength: 0.664505064487
    tuning_equal_tempered_deviation: 0.0787588953972
    tuning_frequency: 439.745910645
    tuning_nontempered_energy_ratio: 0.677755117416
    hpcp:
        dmean: [0.117586798966, 0.0972552448511, 0.0698369443417, 0.0678013861179, 0.0948156192899, 0.179431989789, 0.171196877956, 0.166388690472, 0.0969502404332, 0.0940252915025, 0.0934715792537, 0.0788322463632, 0.0987414494157, 0.110162131488, 0.132400974631, 0.168805286288, 0.127730593085, 0.076761238277, 0.0574579164386, 0.0470679067075, 0.0843246728182, 0.101567715406, 0.0691400021315, 0.0642220452428, 0.0564591661096, 0.0617938861251, 0.0912942737341, 0.151780605316, 0.202667981386, 0.252334833145, 0.213647738099, 0.187733963132, 0.134956285357, 0.0782091021538, 0.0765371695161, 0.0988671705127]
        dmean2: [0.183712005615, 0.150491684675, 0.121492929757, 0.117191322148, 0.168016448617, 0.294483959675, 0.289239376783, 0.279026836157, 0.162334680557, 0.148699969053, 0.14769859612, 0.136109560728, 0.177959188819, 0.192306861281, 0.214834228158, 0.275395303965, 0.207536876202, 0.130185753107, 0.0999960228801, 0.0783743187785, 0.14142383635, 0.173833295703, 0.107446573675, 0.111696474254, 0.100483492017, 0.114580988884, 0.164206892252, 0.267129302025, 0.371124953032, 0.454629421234, 0.36096149683, 0.328346550465, 0.23304477334, 0.134250625968, 0.135830849409, 0.158844962716]
        dvar: [0.0263017695397, 0.0160781610757, 0.00930521544069, 0.0114087080583, 0.0247055161744, 0.031927485019, 0.0399546138942, 0.0289021283388, 0.015120415017, 0.0165647752583, 0.0177875310183, 0.0118935871869, 0.0295987781137, 0.026945322752, 0.0201392062008, 0.033737398684, 0.030101403594, 0.0163815747947, 0.0104443039745, 0.0119782714173, 0.0255772359669, 0.0421987883747, 0.0189887117594, 0.0256047267467, 0.0187739655375, 0.0234654489905, 0.0278716795146, 0.0481947660446, 0.0543075799942, 0.0641286298633, 0.0594646260142, 0.0524664707482, 0.0431466065347, 0.0143686374649, 0.0206580366939, 0.0174367297441]
        dvar2: [0.0560250990093, 0.0391969941556, 0.0240995436907, 0.031553003937, 0.0709086954594, 0.0849477648735, 0.0775341242552, 0.0673953071237, 0.0402876324952, 0.04110911116, 0.0395298749208, 0.0310053452849, 0.0835186466575, 0.0710574761033, 0.0471116863191, 0.0847702920437, 0.0880754143, 0.0452242083848, 0.0278287120163, 0.0319175943732, 0.06218553707, 0.111881546676, 0.0466272868216, 0.0669882595539, 0.0448719002306, 0.0668359324336, 0.0766155421734, 0.131404578686, 0.156192451715, 0.185668304563, 0.149471491575, 0.152726456523, 0.115160606802, 0.0398975498974, 0.0585810206831, 0.0467178560793]
        max: [1, 1, 0.890307545662, 0.671681702137, 1, 1, 1, 1, 1, 1, 1, 0.792172729969, 1, 1, 1, 1, 1, 1, 0.742899417877, 1, 1, 1, 1, 1, 1, 1, 1, 1, 1, 1, 1, 1, 1, 0.821025848389, 1, 1]
        mean: [0.222905948758, 0.186582759023, 0.109520047903, 0.0855835005641, 0.11560908705, 0.329472094774, 0.522567927837, 0.332524061203, 0.142340883613, 0.186547204852, 0.188659057021, 0.141310602427, 0.140472382307, 0.154958799481, 0.240171328187, 0.325926184654, 0.224729940295, 0.10623485595, 0.0744517222047, 0.0578399896622, 0.131757244468, 0.166783317924, 0.100273139775, 0.0720065236092, 0.0663429796696, 0.0536893419921, 0.101678691804, 0.175206020474, 0.216419324279, 0.386914253235, 0.459680020809, 0.276373147964, 0.144044801593, 0.101176708937, 0.0993394479156, 0.16183462739]
        min: [0.00390234380029, 0.00187840778381, 0.000685339386109, 0.0010253750952, 0.000972964859102, 0.00617836276069, 0.00439032400027, 0.00389807973988, 0.00224598823115, 0.000514072715305, 0.000500047288369, 0.000680373690557, 0.000515659456141, 0.000929712434299, 0.00592026254162, 0.00342083256692, 0.00530138704926, 0.00192922947463, 0.000919607235119, 0.000582442735322, 0.000913629424758, 0.00132225325797, 0.00077199091902, 0.000802359601948, 0.000572815421037, 0.000495958141983, 0.000688385975081, 0.00118516851217, 0.00105039111804, 0.00276726786979, 0.00888950750232, 0.00811004824936, 0.00104894582182, 0.00049042457249, 0.000481672846945, 0.00234100199305]
        var: [0.0717137232423, 0.0444386564195, 0.0159888584167, 0.0146993100643, 0.0282824356109, 0.0641400888562, 0.139357596636, 0.0672562867403, 0.0278468988836, 0.0568598173559, 0.0636150240898, 0.0309727825224, 0.0355990454555, 0.0397544838488, 0.0471974313259, 0.0830017104745, 0.0482862330973, 0.0232556425035, 0.0147621175274, 0.0115914270282, 0.0480300486088, 0.0761004462838, 0.0257270671427, 0.0246014110744, 0.0229707099497, 0.0153508000076, 0.0223858784884, 0.0513030327857, 0.0537501014769, 0.1052114591, 0.119805492461, 0.0686390325427, 0.0443053469062, 0.0174423269928, 0.020088693127, 0.0371525064111]
    chords_histogram: [87.5, 0, 0, 0, 0, 0, 0, 0, 0, 0, 0, 0, 0, 0, 0, 0, 0, 0, 0, 0, 0, 0, 0, 12.5]
    thpcp: [1, 0.63632696867, 0.272387325764, 0.356981724501, 0.361023038626, 0.270415753126, 0.268811732531, 0.296533316374, 0.459598302841, 0.623701095581, 0.430049240589, 0.20329387486, 0.142472818494, 0.110684156418, 0.252134203911, 0.31916102767, 0.191885367036, 0.13779361546, 0.126955702901, 0.102741368115, 0.194575071335, 0.33527892828, 0.414145827293, 0.740409493446, 0.879656016827, 0.528875052929, 0.275647997856, 0.193614467978, 0.190098628402, 0.30969107151, 0.426558792591, 0.357049763203, 0.209580495954, 0.163774877787, 0.221232652664, 0.630486607552]
    chords_key: "G"
    chords_scale: "major"
    key_key: "G"
    key_scale: "major"
    chords_progression: ["G", "G", "G", "G", "G", "G", "G", "G", "G", "G", "G", "G", "G", "G", "G", "G", "G", "G", "G", "G", "G", "G", "G", "G", "G", "G", "G", "G", "G", "G", "G", "G", "G", "G", "G", "G", "G", "G", "G", "G", "G", "G", "G", "G", "G", "G", "G", "G", "G", "G", "G", "G", "G", "G", "G", "G", "G", "Em", "Em", "Em", "Em", "Em", "Em", "Em", "Em", "Em", "Em", "Em", "Em", "Em", "Em", "Em", "Em", "Em", "Em", "Em", "Em", "Em", "Em", "Em", "Em", "Em", "Em", "Em", "G", "G", "G", "G", "G", "G", "G", "G", "G", "G", "G", "G", "G", "G", "G", "G", "G", "G", "G", "G", "G", "G", "G", "G", "G", "G", "G", "G", "G", "G", "G", "G", "G", "G", "G", "G", "G", "G", "G", "G", "G", "G", "G", "G", "G", "G", "G", "G", "G", "G", "G", "G", "G", "G", "G", "G", "G", "G", "G", "G", "G", "G", "G", "G", "G", "G", "G", "G", "G", "G", "G", "G", "G", "G", "G", "G", "G", "G", "G", "G", "G", "G", "G", "G", "G", "G", "G", "G", "G", "G", "G", "G", "G", "G", "G", "G", "G", "G", "G", "G", "G", "G", "G", "G", "G", "G", "G", "G", "G", "G", "G", "G", "G", "G", "G", "G", "G", "G", "G", "G", "G", "G", "G", "G", "G", "G", "G", "G", "G", "G", "G", "G"]
