
metadata:
    version:
        essentia: "1.2.2"
    audio_properties:
        analysis_sample_rate: 44100
        bitrate: 128
        channels: 2
        equal_loudness: 1
        length: 9.97877597809
        replay_gain: -13.9665031433
        downmix: "mix"
    tags:
        track: 18
        year: 0
        album: "Splitted by Mp3Splt v. 2.1"
        artist: "From 002.50 To 003.00"
        comment: "http://mp3splt.sf.net"
        genre: ""
        title: "08 The Only One.mp3"

highlevel:
    ballroom:
        all:
            ChaChaCha: 0.0316036343575
            Jive: 0.165069922805
            Quickstep: 0.164699196815
            Rumba-American: 0.0115595469251
            Rumba-International: 0.181732162833
            Rumba-Misc: 0.0414357483387
            Samba: 0.0221698116511
            Tango: 0.0546311363578
            VienneseWaltz: 0.258650273085
            Waltz: 0.0684485808015
        probability: 0.258650273085
        value: "VienneseWaltz"
    culture:
        all:
            non_western: 0.743294537067
            western: 0.256705492735
        probability: 0.743294537067
        value: "non_western"
    gender:
        all:
            female: 0.0998008996248
            male: 0.900199115276
        probability: 0.900199115276
        value: "male"
    genre_dortmund:
        all:
            alternative: 0.044134542346
            blues: 0.0890807881951
            electronic: 0.0228559616953
            folkcountry: 0.219845145941
            funksoulrnb: 0.0195845607668
            jazz: 0.385147750378
            pop: 0.0820650979877
            raphiphop: 0.00352684501559
            rock: 0.133759319782
        probability: 0.385147750378
        value: "jazz"
    genre_electronica:
        all:
            ambient: 0.487585216761
            dnb: 0.224824011326
            house: 0.0505160950124
            techno: 0.0060053197667
            trance: 0.231069386005
        probability: 0.487585216761
        value: "ambient"
    genre_rosamerica:
        all:
            cla: 0.0988400354981
            dan: 0.0200658086687
            hip: 0.00974525418133
            jaz: 0.10879112035
            pop: 0.505733132362
            rhy: 0.181681007147
            roc: 0.0707187727094
            spe: 0.00442486070096
        probability: 0.505733132362
        value: "pop"
    genre_tzanetakis:
        all:
            blu: 0.0108981328085
            cla: 0.00652091158554
            cou: 0.297354578972
            dis: 0.0409644730389
            hip: 0.00192221289035
            jaz: 0.0578548945487
            met: 0.0030602379702
            pop: 0.210986211896
            reg: 0.012910220772
            roc: 0.357528120279
        probability: 0.357528120279
        value: "roc"
    live_studio:
        all:
            live: 0.286210387945
            studio: 0.713789582253
        probability: 0.713789582253
        value: "studio"
    mood:
        all:
            Cluster1: 0.109288133681
            Cluster2: 0.197314873338
            Cluster3: 0.448908478022
            Cluster4: 0.16910366714
            Cluster5: 0.0753848552704
        probability: 0.448908478022
        value: "Cluster3"
    mood_acoustic:
        all:
            acoustic: 0.195476844907
            not_acoustic: 0.804523169994
        probability: 0.804523169994
        value: "not_acoustic"
    mood_aggressive:
        all:
            aggressive: 0.0378356948495
            not_aggressive: 0.962164282799
        probability: 0.962164282799
        value: "not_aggressive"
    mood_electronic:
        all:
            electronic: 0.329148977995
            not_electronic: 0.670850992203
        probability: 0.670850992203
        value: "not_electronic"
    mood_happy:
        all:
            happy: 0.870669424534
            not_happy: 0.129330575466
        probability: 0.870669424534
        value: "happy"
    mood_party:
        all:
            not_party: 0.853654980659
            party: 0.146345004439
        probability: 0.853654980659
        value: "not_party"
    mood_relaxed:
        all:
            not_relaxed: 0.0775736570358
            relaxed: 0.922426342964
        probability: 0.922426342964
        value: "relaxed"
    mood_sad:
        all:
            not_sad: 0.351741462946
            sad: 0.648258566856
        probability: 0.648258566856
        value: "sad"
    rhythm:
        all:
            fast: 0.601688683033
            medium: 0.237014517188
            slow: 0.161296784878
        probability: 0.601688683033
        value: "fast"
    speech_music:
        all:
            music: 0.998489618301
            speech: 0.00151040323544
        probability: 0.998489618301
        value: "music"
    timbre:
        all:
            bright: 0.994695961475
            dark: 0.00530402222648
        probability: 0.994695961475
        value: "bright"
    voice_instrumental:
        all:
            instrumental: 0.804561138153
            voice: 0.195438861847
        probability: 0.804561138153
        value: "instrumental"

lowlevel:
    average_loudness: 0.970825076103
    barkbands_kurtosis:
        dmean: 1.07366013527
        dmean2: 1.66854286194
        dvar: 3.23489713669
        dvar2: 6.85793876648
        max: 24.0724010468
        mean: 0.44540899992
        min: -1.87008571625
        var: 9.62236118317
    barkbands_skewness:
        dmean: 0.381565898657
        dmean2: 0.562686979771
        dvar: 0.161232635379
        dvar2: 0.290533542633
        max: 3.61346459389
        mean: 0.835216224194
        min: -4.28054475784
        var: 0.860338926315
    barkbands_spread:
        dmean: 3.98066568375
        dmean2: 5.87031364441
        dvar: 12.3199081421
        dvar2: 27.7483501434
        max: 43.8962135315
        mean: 25.580789566
        min: 5.05891036987
        var: 66.1327285767
    dissonance:
        dmean: 0.0218892879784
        dmean2: 0.0374798104167
        dvar: 0.000322278385283
        dvar2: 0.000826862291433
        max: 0.497461527586
        mean: 0.453012287617
        min: 0.349304646254
        var: 0.000702229444869
    hfc:
        dmean: 1.75587415695
        dmean2: 2.49674797058
        dvar: 24.3558807373
        dvar2: 31.4821147919
        max: 112.158988953
        mean: 6.63457775116
        min: 0.0573084875941
        var: 127.712280273
    pitch:
        dmean: 280.227050781
        dmean2: 532.900512695
        dvar: 677108.875
        dvar2: 1685143
        max: 3675
        mean: 484.835388184
        min: 65.430267334
        var: 727434
    pitch_instantaneous_confidence:
        dmean: 0.0807961076498
        dmean2: 0.125148132443
        dvar: 0.00524071790278
        dvar2: 0.0112265804783
        max: 0.873617053032
        mean: 0.477179586887
        min: 0.18907135725
        var: 0.0243917573243
    pitch_salience:
        dmean: 0.0600570291281
        dmean2: 0.0954109430313
        dvar: 0.00267441826873
        dvar2: 0.00627947924659
        max: 0.8358117342
        mean: 0.611069500446
        min: 0.366555243731
        var: 0.00788344815373
    silence_rate_20dB:
        dmean: 0
        dmean2: 0
        dvar: 0
        dvar2: 0
        max: 1
        mean: 1
        min: 1
        var: 0
    silence_rate_30dB:
        dmean: 0
        dmean2: 0
        dvar: 0
        dvar2: 0
        max: 1
        mean: 1
        min: 1
        var: 0
    silence_rate_60dB:
        dmean: 0.0883720964193
        dmean2: 0.177156180143
        dvar: 0.0805619433522
        dvar2: 0.183067902923
        max: 1
        mean: 0.199535965919
        min: 0
        var: 0.159720987082
    spectral_centroid:
        dmean: 187.658966064
        dmean2: 277.168670654
        dvar: 58116.6992188
        dvar2: 110095.171875
        max: 3886.30786133
        mean: 1119.46484375
        min: 397.30871582
        var: 258330.703125
    spectral_complexity:
        dmean: 2.64801859856
        dmean2: 4.10280370712
        dvar: 8.00431060791
        dvar2: 17.2745056152
        max: 37
        mean: 12.4046506882
        min: 0
        var: 23.5246257782
    spectral_crest:
        dmean: 2.0282125473
        dmean2: 3.20621156693
        dvar: 3.41099357605
        dvar2: 8.5201883316
        max: 20.6170558929
        mean: 8.75133514404
        min: 2.63209891319
        var: 12.43064785
    spectral_decrease:
        dmean: 2.90381829693e-10
        dmean2: 4.45096876023e-10
        dvar: 1.16778618844e-19
        dvar2: 2.36435671124e-19
        max: -5.24233998225e-12
        mean: -1.22916254952e-09
        min: -5.14007236774e-09
        var: 4.10355306298e-19
    spectral_energy:
        dmean: 0.00122523936443
        dmean2: 0.00186631816905
        dvar: 2.6158743367e-06
        dvar2: 4.7253925004e-06
        max: 0.0295100361109
        mean: 0.00524091348052
        min: 2.49837812589e-05
        var: 1.06964280349e-05
    spectral_energyband_high:
        dmean: 9.40858153626e-05
        dmean2: 0.000129078543978
        dvar: 1.25428343267e-07
        dvar2: 1.71977916352e-07
        max: 0.00773476716131
        mean: 0.000214315208723
        min: 1.94455560631e-06
        var: 4.87890872591e-07
    spectral_energyband_low:
        dmean: 0.000108623054984
        dmean2: 0.000178523201612
        dvar: 4.6538939813e-08
        dvar2: 1.2239921432e-07
        max: 0.00199856003746
        mean: 0.000180256203748
        min: 3.60356978035e-07
        var: 4.55133282173e-08
    spectral_energyband_middle_high:
        dmean: 0.000551422941498
        dmean2: 0.000793369137682
        dvar: 1.21083917293e-06
        dvar2: 1.82800204129e-06
        max: 0.0227029398084
        mean: 0.00182423822116
        min: 1.7632421077e-05
        var: 6.14757527728e-06
    spectral_energyband_middle_low:
        dmean: 0.000905520864762
        dmean2: 0.00139313016552
        dvar: 9.50621824813e-07
        dvar2: 2.4494115678e-06
        max: 0.0113422749564
        mean: 0.00302209402435
        min: 5.04474928675e-06
        var: 2.4138776098e-06
    spectral_flatness_db:
        dmean: 0.017213255167
        dmean2: 0.0243087112904
        dvar: 0.000210779602639
        dvar2: 0.0004379573802
        max: 0.260261327028
        mean: 0.164762020111
        min: 0.0862860307097
        var: 0.000977136893198
    spectral_flux:
        dmean: 0.00791757833213
        dmean2: 0.0122633725405
        dvar: 8.52769662743e-05
        dvar2: 0.000165028584888
        max: 0.112393155694
        mean: 0.0360489152372
        min: 0.00499837798998
        var: 0.000245800270932
    spectral_kurtosis:
        dmean: 1.44450998306
        dmean2: 2.42960166931
        dvar: 1.71743178368
        dvar2: 4.96704769135
        max: 12.5523052216
        mean: 4.76814079285
        min: 0.468087911606
        var: 3.53913450241
    spectral_rms:
        dmean: 0.000258710875642
        dmean2: 0.000389415130485
        dvar: 8.04425113188e-08
        dvar2: 1.48403557887e-07
        max: 0.00536565715447
        mean: 0.00218530907296
        min: 0.000156123089255
        var: 3.37515331239e-07
    spectral_rolloff:
        dmean: 405.165405273
        dmean2: 626.726867676
        dvar: 222892.84375
        dvar2: 468057.65625
        max: 5792.43164062
        mean: 2302.80053711
        min: 430.6640625
        var: 916777.3125
    spectral_skewness:
        dmean: 0.205989450216
        dmean2: 0.322225183249
        dvar: 0.0328463539481
        dvar2: 0.0736896917224
        max: 3.11800289154
        mean: 1.5997505188
        min: 0.116490550339
        var: 0.121638193727
    spectral_spread:
        dmean: 535969.75
        dmean2: 723835.75
        dvar: 556501630976
        dvar2: 952302698496
        max: 10574234
        mean: 4114067
        min: 2604717.25
        var: 1.5996813312e+12
    spectral_strongpeak:
        dmean: 0.272444814444
        dmean2: 0.471716940403
        dvar: 0.346207231283
        dvar2: 1.02293276787
        max: 7.21472454071
        mean: 0.555913329124
        min: 0.00618735607713
        var: 0.530774414539
    zerocrossingrate:
        dmean: 0.00720357103273
        dmean2: 0.00819696485996
        dvar: 6.43418752588e-05
        dvar2: 6.70967929182e-05
        max: 0.17919921875
        mean: 0.0687806606293
        min: 0.0263671875
        var: 0.000488102057716
    barkbands:
        dmean: [2.76557187817e-07, 2.9892053135e-05, 9.52711197897e-05, 0.000183204247151, 0.000487564015202, 0.000217307504499, 0.00014640550944, 0.000231708458159, 0.000119322568935, 0.000119907592307, 5.75785270485e-05, 5.72515673412e-05, 4.95264175697e-05, 5.6319990108e-05, 7.79630281613e-05, 6.82207682985e-05, 0.00011013681069, 0.000178408008651, 0.000177907946636, 0.000104038379504, 3.23868553096e-05, 2.82792880171e-05, 2.26972110795e-06, 6.93261370088e-07, 8.4403177425e-07, 1.22482816778e-07, 8.02403699041e-10]
        dmean2: [3.37196865985e-07, 4.52979329566e-05, 0.000166373967659, 0.000314957840601, 0.00079393904889, 0.000300810555927, 0.000235005325521, 0.000351300725015, 0.000183395401109, 0.0001798607409, 9.39814926824e-05, 8.63361856318e-05, 8.07009273558e-05, 8.63720924826e-05, 0.000126659215312, 0.00011439134687, 0.000185872631846, 0.000249375356361, 0.000278314459138, 0.000158313923748, 4.8305348173e-05, 3.81563295377e-05, 3.65518076251e-06, 9.90046487459e-07, 1.22625226595e-06, 1.9957573727e-07, 1.1684260226e-09]
        dvar: [1.85291208375e-13, 2.91230839444e-09, 4.31788933497e-08, 1.06787624077e-07, 4.41860322553e-07, 9.40754034673e-08, 6.29967900068e-08, 1.35017089065e-07, 2.79781691148e-08, 4.60096103438e-08, 5.89016968533e-09, 4.3991114751e-08, 1.76469292512e-08, 8.79627481964e-09, 1.40804568005e-08, 1.12381881578e-08, 2.80310210599e-08, 2.20503793003e-07, 3.52960512373e-07, 1.72274752686e-07, 1.48186591886e-08, 2.41038868865e-08, 6.872458852e-11, 2.37446499095e-12, 3.44363404979e-12, 1.00667114618e-13, 1.66496088291e-17]
        dvar2: [2.41601199767e-13, 6.67103572383e-09, 1.20967030171e-07, 3.00719705137e-07, 1.16082651402e-06, 1.71988062903e-07, 2.01707493375e-07, 2.97853290476e-07, 6.52907132803e-08, 8.41519920414e-08, 1.57258917e-08, 9.186371841e-08, 5.02501684707e-08, 1.84610406961e-08, 3.66788128758e-08, 2.92564052984e-08, 6.31200194334e-08, 3.94629125822e-07, 6.63364346565e-07, 2.5189575581e-07, 2.44617197609e-08, 4.97297776292e-08, 1.70986669268e-10, 5.77842851693e-12, 7.01788020058e-12, 2.64507301695e-13, 1.73731536371e-17]
        max: [4.12098734159e-06, 0.000450123858172, 0.00187055533752, 0.00280124833807, 0.00771632557735, 0.00350084435195, 0.00277287699282, 0.00561639387161, 0.00189905613661, 0.00366892246529, 0.000865721725859, 0.00454510888085, 0.00143991643563, 0.00127120269462, 0.00111374258995, 0.000935022253543, 0.00237076403573, 0.0100757516921, 0.0108708376065, 0.00938680768013, 0.0027204263024, 0.00285010528751, 0.000117463387141, 1.52364391397e-05, 2.31653357332e-05, 2.70691202786e-06, 8.37881373172e-08]
        mean: [5.98583710598e-07, 4.31794469478e-05, 0.000136495917104, 0.000263324473053, 0.00119668093976, 0.000517786829732, 0.000277874642052, 0.000452278094599, 0.000245912262471, 0.000219931884203, 9.66400257312e-05, 8.62016604515e-05, 6.95031412761e-05, 7.76530432631e-05, 0.000114994254545, 0.000101723955595, 0.000239839588176, 0.000364144187188, 0.000373623101041, 0.000242162073846, 6.94623522577e-05, 4.49725594081e-05, 3.51261064679e-06, 1.16806245387e-06, 1.14470401513e-06, 1.12607331459e-07, 7.71070818306e-10]
        min: [1.13654108347e-09, 3.60411824829e-08, 3.22452990531e-07, 9.70004066403e-07, 7.15460771517e-07, 2.16976303591e-07, 2.38253596763e-06, 2.2642159081e-07, 3.5782136365e-07, 1.64999721619e-06, 4.4196784188e-07, 1.97501989874e-07, 1.90489583929e-06, 1.68989754457e-06, 1.05232322767e-06, 1.13671103463e-06, 3.49947356426e-07, 1.12258101126e-06, 2.11636211134e-06, 6.33387344351e-06, 8.93879700925e-07, 3.04647613802e-07, 3.74571449413e-08, 2.20359055447e-08, 5.92619375794e-09, 3.51547041477e-10, 8.61537268393e-14]
        var: [9.05542351173e-13, 3.79439724085e-09, 3.39913839298e-08, 1.10049214186e-07, 1.4079828361e-06, 3.58773235121e-07, 1.0985991139e-07, 3.26650535953e-07, 9.02875711972e-08, 1.5538935827e-07, 1.43624054871e-08, 8.82968151927e-08, 1.54973047728e-08, 1.73936367531e-08, 1.79718551152e-08, 1.43624907523e-08, 1.16529619731e-07, 6.37497464595e-07, 1.24617440633e-06, 6.963953183e-07, 5.27997414679e-08, 5.43860068092e-08, 7.70538216566e-11, 3.73849996099e-12, 7.50224101592e-12, 8.71878930815e-14, 1.7380975457e-17]
    mfcc:
        mean: [-713.805664062, 135.977600098, -50.5503311157, 55.5722732544, -19.6997623444, -14.4552049637, -9.35455322266, -7.89168977737, -6.32065868378, -6.07769346237, -4.85005044937, -9.15672016144, -5.82686042786]
        cov: [[824.22442627, -373.558319092, 27.653169632, -41.7174377441, 27.3108596802, -41.4170341492, -1.09736084938, -6.05520439148, -23.1943912506, -33.2629013062, 28.9823036194, 1.03759133816, -24.0389328003], [-373.558319092, 666.27545166, -70.3479232788, -82.9858627319, -44.4992675781, 63.6069297791, 21.7403640747, 27.7648124695, 41.3740081787, 56.7256126404, -58.6955566406, -14.0485868454, -43.9113883972], [27.653169632, -70.3479232788, 213.291061401, 19.223941803, 41.7616462708, 5.22820043564, -13.5426750183, -28.8586292267, -4.29205608368, -21.3721923828, 11.3106403351, -1.67470049858, 5.90440034866], [-41.7174377441, -82.9858627319, 19.223941803, 233.546813965, -0.900796890259, -28.0082378387, -58.6992607117, 21.7726764679, -15.6260538101, -13.7639122009, -2.00767278671, 21.9710597992, 27.2157249451], [27.3108596802, -44.4992675781, 41.7616462708, -0.900796890259, 166.751144409, -15.2365989685, -25.3703269958, -15.6901025772, -6.99571466446, -22.155582428, -9.14788532257, 23.8177433014, -4.69989061356], [-41.4170341492, 63.6069297791, 5.22820043564, -28.0082378387, -15.2365989685, 140.846176147, 57.3432579041, -9.17816162109, 4.80909919739, 21.6269321442, 17.9430046082, -21.5143795013, 10.5776720047], [-1.09736084938, 21.7403640747, -13.5426750183, -58.6992607117, -25.3703269958, 57.3432579041, 103.966995239, 23.3170642853, 7.48786115646, 9.03416347504, 7.69585561752, -13.9107141495, 0.276869863272], [-6.05520439148, 27.7648124695, -28.8586292267, 21.7726764679, -15.6901025772, -9.17816162109, 23.3170642853, 74.3010025024, 9.14873600006, -3.45826244354, -19.7522354126, 4.7613325119, -10.1073579788], [-23.1943912506, 41.3740081787, -4.29205608368, -15.6260538101, -6.99571466446, 4.80909919739, 7.48786115646, 9.14873600006, 65.0967788696, 31.3549423218, 6.07443904877, -4.50389528275, 6.51741218567], [-33.2629013062, 56.7256126404, -21.3721923828, -13.7639122009, -22.155582428, 21.6269321442, 9.03416347504, -3.45826244354, 31.3549423218, 77.598815918, 20.5996952057, 2.7722029686, 3.81033539772], [28.9823036194, -58.6955566406, 11.3106403351, -2.00767278671, -9.14788532257, 17.9430046082, 7.69585561752, -19.7522354126, 6.07443904877, 20.5996952057, 61.854801178, 15.8261165619, 16.9021472931], [1.03759133816, -14.0485868454, -1.67470049858, 21.9710597992, 23.8177433014, -21.5143795013, -13.9107141495, 4.7613325119, -4.50389528275, 2.7722029686, 15.8261165619, 59.258441925, 13.5625762939], [-24.0389328003, -43.9113883972, 5.90440034866, 27.2157249451, -4.69989061356, 10.5776720047, 0.276869863272, -10.1073579788, 6.51741218567, 3.81033539772, 16.9021472931, 13.5625762939, 59.9938659668]]
        icov: [[0.00183554366231, 0.00122914952226, 1.47297905642e-05, 0.000745734898373, 0.000101494923001, -0.000175029126694, 0.000375959760277, -0.000455266097561, -6.55429685139e-05, 3.52481365553e-05, -0.00010057847976, -0.000285896618152, 0.00135361542925], [0.00122914952226, 0.00314957625233, 0.000275661819614, 0.00117255444638, 0.000811510311905, -0.00180486508179, 0.0010316822445, -0.000334356416715, -0.00112425524276, -0.00133581552655, 0.00320718204603, -0.0018138915766, 0.00227290368639], [1.47297905642e-05, 0.000275661819614, 0.00552940834314, -0.00072424224345, -0.00111744808964, -0.000470101513201, -0.000150800886331, 0.00202329037711, -0.00110589282122, 0.00175877579022, -0.000884989334736, 0.000533736427315, 0.000466042634798], [0.000745734898373, 0.00117255444638, -0.00072424224345, 0.00702930195257, 0.000726724218111, -0.00128297670744, 0.00541537441313, -0.00490239076316, 0.00177452201024, -0.000396442686906, 0.000225350115215, -0.000769576989114, -0.00258535542525], [0.000101494923001, 0.000811510311905, -0.00111744808964, 0.000726724218111, 0.00784390885383, -0.00124158419203, 0.00132523453794, 0.00184640928637, -0.0014600479044, 0.00158932898194, 0.00330042699352, -0.00503427814692, 0.00181920651812], [-0.000175029126694, -0.00180486508179, -0.000470101513201, -0.00128297670744, -0.00124158419203, 0.0121259847656, -0.00691827619448, 0.00219861976802, 0.00205119885504, -0.001790419803, -0.00386683619581, 0.00504132546484, -0.00275516626425], [0.000375959760277, 0.0010316822445, -0.000150800886331, 0.00541537441313, 0.00132523453794, -0.00691827619448, 0.0190191473812, -0.00959225744009, 0.000952441303525, 0.000249833072303, -0.00230731326155, 0.00148791121319, -0.00172190845478], [-0.000455266097561, -0.000334356416715, 0.00202329037711, -0.00490239076316, 0.00184640928637, 0.00219861976802, -0.00959225744009, 0.0233622360975, -0.00576808676124, 0.00206380477175, 0.00770123163238, -0.00600972445682, 0.00501929270104], [-6.55429685139e-05, -0.00112425524276, -0.00110589282122, 0.00177452201024, -0.0014600479044, 0.00205119885504, 0.000952441303525, -0.00576808676124, 0.0221140421927, -0.00869831070304, -0.002688605804, 0.00506803207099, -0.00523564312607], [3.52481365553e-05, -0.00133581552655, 0.00175877579022, -0.000396442686906, 0.00158932898194, -0.001790419803, 0.000249833072303, 0.00206380477175, -0.00869831070304, 0.0204445272684, -0.00616033142433, -0.00186265818775, 0.00163297704421], [-0.00010057847976, 0.00320718204603, -0.000884989334736, 0.000225350115215, 0.00330042699352, -0.00386683619581, -0.00230731326155, 0.00770123163238, -0.002688605804, -0.00616033142433, 0.0289955288172, -0.0107810329646, -0.000507959281094], [-0.000285896618152, -0.0018138915766, 0.000533736427315, -0.000769576989114, -0.00503427814692, 0.00504132546484, 0.00148791121319, -0.00600972445682, 0.00506803207099, -0.00186265818775, -0.0107810329646, 0.0263441428542, -0.00679861707613], [0.00135361542925, 0.00227290368639, 0.000466042634798, -0.00258535542525, 0.00181920651812, -0.00275516626425, -0.00172190845478, 0.00501929270104, -0.00523564312607, 0.00163297704421, -0.000507959281094, -0.00679861707613, 0.0236282702535]]
    spectral_contrast:
        mean: [-2.06433057315e-07, 2.48442205475e-07, -3.63800580772e-07, -6.08495838605e-07, -1.10337900594e-07, -1.94893331695e-07, -1.34838188615e-07, -6.69096777983e-07, 4.01690249419e-06, 4.4918337494e-07, -1.42635303746e-06, -4.43430820951e-07]
        var: [0.000495601270813, 0.00100344279781, 0.00146768242121, 0.00268487958238, 0.00445447675884, 0.00472948327661, 0.0704958736897, 0.0843126252294, 0.151279181242, 0.19280423224, 0.301890879869, 0.693060576916]

rhythm:
    beats_loudness:
        dmean: 0.00399061245844
        dmean2: 0.00647975737229
        dvar: 4.31261687481e-05
        dvar2: 0.000115468617878
        max: 0.0300773810595
        mean: 0.00669862749055
        min: 0.00145447417162
        var: 2.95320296573e-05
    beats_loudness_bass:
        dmean: 0.0458392687142
        dmean2: 0.0764396339655
        dvar: 0.00157718942501
        dvar2: 0.00467122811824
        max: 0.213291555643
        mean: 0.0694910213351
        min: 0.00168400804978
        var: 0.00359004060738
    bpm: 140.721115112
    bpm_confidence: 0
    first_peak_bpm: 141
    first_peak_spread: 0
    first_peak_weight: 0.952380955219
    onset_rate: 4.00850772858
    second_peak_bpm: 112
    second_peak_spread: 0
    second_peak_weight: 0.047619048506
    beats_position: [0.556212902069, 0.982927799225, 1.40964269638, 1.83635771275, 2.26307249069, 2.68978738785, 3.116502285, 3.54321694374, 3.9699318409, 4.39664697647, 4.82336139679, 5.25007629395, 5.6767911911, 6.21170759201, 6.63804388046, 7.06437969208, 7.49071550369, 7.91705179214, 8.34338855743, 8.76972389221, 9.19606018066, 9.62239646912]
    bpm_estimates: [140.833618164, 140.385284424, 140.482147217, 140.74041748, 138.439193726, 143.368728638, 141.30406189, 141.085800171, 140.995178223, 140.256713867, 140.40965271, 140.352523804]
    bpm_intervals: [0.426714897156, 0.426714897156, 0.426715016365, 0.426714777946, 0.426714897156, 0.426714897156, 0.426714658737, 0.426714897156, 0.426715135574, 0.426714420319, 0.426714897156, 0.426714897156, 0.534916400909, 0.426336288452, 0.426335811615, 0.426335811615, 0.426336288452, 0.426336765289, 0.426335334778, 0.426336288452, 0.426336288452]
    onset_times: [0.0464399084449, 0.336689352989, 0.417959183455, 0.568888902664, 0.789478480816, 1.02167797089, 1.45124721527, 1.69505667686, 2.13623571396, 2.22911572456, 2.71673464775, 2.77478456497, 2.94893431664, 3.14630389214, 3.34367346764, 3.41333341599, 3.84290242195, 4.051882267, 4.21442174911, 4.28408145905, 4.49306106567, 4.67882108688, 4.71365070343, 5.11999988556, 5.56117916107, 5.78176879883, 6.00235843658, 6.19972801208, 6.43192720413, 6.84988641739, 7.07047605515, 7.27945566177, 7.70902490616, 7.87156438828, 8.13859367371, 8.55655288696, 8.77714252472, 9.2067117691, 9.63628101349, 9.85687065125]
    rubato_start: []
    rubato_stop: []
    perceptual_tempo: "unknown"

sfx:
    inharmonicity:
        dmean: 0.033064596355
        dmean2: 0.0596963204443
        dvar: 0.00190260901581
        dvar2: 0.00563291879371
        max: 0.340971171856
        mean: 0.0338833108544
        min: 0
        var: 0.00168751482852
    oddtoevenharmonicenergyratio:
        dmean: 5.00697469711
        dmean2: 9.83798980713
        dvar: 2271.34790039
        dvar2: 6822.18554688
        max: 696.803466797
        mean: 2.91969394684
        min: 0
        var: 1143.71899414
    pitch_after_max_to_before_max_energy_ratio: 23.778881073
    pitch_centroid: 154.00958252
    pitch_max_to_total: 0.00697674416006
    pitch_min_to_total: 0.665116250515
    tristimulus:
        dmean: [0.178033292294, 0.18862183392, 0.0882372409105]
        dmean2: [0.314529895782, 0.327371567488, 0.158503726125]
        dvar: [0.0315363630652, 0.0331073887646, 0.00949688907713]
        dvar2: [0.0821311101317, 0.0945402383804, 0.0294665396214]
        max: [1, 0.973184168339, 0.830160856247]
        mean: [0.392921239138, 0.464840143919, 0.115543417633]
        min: [0.00322308135219, 0, 0]
        var: [0.0465106293559, 0.0451492033899, 0.00965289957821]

tonal:
    chords_changes_rate: 0.0555555559695
    chords_number_rate: 0.050925925374
    chords_strength:
        dmean: 0.00903345830739
        dmean2: 0.00835456047207
        dvar: 5.4494386859e-05
        dvar2: 6.44989559078e-05
        max: 0.660948216915
        mean: 0.482597351074
        min: 0.340225845575
        var: 0.00588931981474
    key_strength: 0.769049227238
    tuning_diatonic_strength: 0.624209403992
    tuning_equal_tempered_deviation: 0.026551483199
    tuning_frequency: 439.745910645
    tuning_nontempered_energy_ratio: 0.672106981277
    hpcp:
        dmean: [0.112064450979, 0.125884279609, 0.145990073681, 0.0935645774007, 0.0915422812104, 0.0737204030156, 0.0895693674684, 0.0789177194238, 0.127402678132, 0.125755578279, 0.108041524887, 0.0487313903868, 0.0339531674981, 0.0443570688367, 0.0860479846597, 0.118869177997, 0.120108820498, 0.0767307281494, 0.0468406975269, 0.0392388664186, 0.0712418854237, 0.0927134230733, 0.0715680867434, 0.0737858191133, 0.0728306025267, 0.0946657583117, 0.0871969237924, 0.102546095848, 0.0980477333069, 0.135514482856, 0.110632695258, 0.106031611562, 0.073101490736, 0.0513076521456, 0.0497365631163, 0.0884942635894]
        dmean2: [0.177109286189, 0.210083380342, 0.24888561666, 0.156041666865, 0.15134203434, 0.132730647922, 0.153911590576, 0.136927947402, 0.211242422462, 0.198651626706, 0.178538575768, 0.0818021222949, 0.0592387318611, 0.0802968218923, 0.13963188231, 0.202300101519, 0.202322468162, 0.12875624001, 0.0757862329483, 0.0691015347838, 0.117028176785, 0.152010589838, 0.118540294468, 0.120905131102, 0.121985271573, 0.161192506552, 0.146805286407, 0.169551223516, 0.173899278045, 0.224483966827, 0.187850624323, 0.171615317464, 0.132166355848, 0.0883882194757, 0.0879888609052, 0.144864752889]
        dvar: [0.0304733961821, 0.0345884226263, 0.0466155149043, 0.0256282016635, 0.0257469061762, 0.0151138035581, 0.0313427373767, 0.0149910990149, 0.0201451480389, 0.023604279384, 0.0152495484799, 0.0059201088734, 0.00456125568599, 0.0127075957134, 0.0186610370874, 0.0326679944992, 0.0338698662817, 0.0199297200888, 0.0100023150444, 0.00584648782387, 0.0135824847966, 0.024287186563, 0.0128796733916, 0.0118150124326, 0.0187750868499, 0.0218329075724, 0.0216645468026, 0.0307752564549, 0.0323036201298, 0.0343050099909, 0.0293179955333, 0.0171747244895, 0.0214530248195, 0.006185809616, 0.0119825275615, 0.0236294660717]
        dvar2: [0.0722857117653, 0.0947963893414, 0.130141720176, 0.0584160722792, 0.0711924955249, 0.0392967574298, 0.0802007988095, 0.0406266376376, 0.0457984656096, 0.0417323559523, 0.0390453636646, 0.0141872772947, 0.0126548046246, 0.0354408286512, 0.0439073294401, 0.0797390192747, 0.0777639225125, 0.0431467145681, 0.0206766203046, 0.0136622432619, 0.0308031737804, 0.0587068833411, 0.0329382270575, 0.0291089937091, 0.0404263623059, 0.0514045879245, 0.0628383904696, 0.0851175636053, 0.0852996781468, 0.0950821638107, 0.0681294873357, 0.0472771860659, 0.0612710975111, 0.0170853417367, 0.0342082381248, 0.0618289671838]
        max: [1, 1, 1, 1, 1, 0.790506601334, 1, 0.895934224129, 1, 1, 1, 0.758010149002, 0.602215826511, 1, 1, 1, 1, 1, 1, 0.557267010212, 1, 1, 0.744046032429, 0.925532698631, 1, 1, 1, 1, 1, 1, 1, 1, 1, 0.452155351639, 1, 0.849347531796]
        mean: [0.196312218904, 0.184480950236, 0.201194450259, 0.199647545815, 0.115837663412, 0.111247062683, 0.155188694596, 0.127772212029, 0.247450888157, 0.37966504693, 0.220593616366, 0.0611366815865, 0.0420818328857, 0.0455469787121, 0.133080050349, 0.241363510489, 0.18812058866, 0.0973592847586, 0.0654440522194, 0.046760763973, 0.105435602367, 0.155227258801, 0.107544071972, 0.162557944655, 0.249219864607, 0.160526439548, 0.11167473346, 0.140299245715, 0.122977241874, 0.214328601956, 0.305638045073, 0.185427114367, 0.0702034085989, 0.0535353384912, 0.0583236142993, 0.129438504577]
        min: [0.00426035560668, 0.00614549731836, 0.00524291815236, 0.00490867439657, 0.00403360743076, 0.00371527648531, 0.00266736536287, 0.00264814705588, 0.00405566953123, 0.0135881910101, 0.00713620800525, 0.00285919615999, 0.00155559042469, 0.00220078928396, 0.00236576143652, 0.0048284670338, 0.00503131793812, 0.00117123965174, 0.000571669486817, 0.000633397838101, 0.00098733138293, 0.00289905746467, 0.00222675572149, 0.00124858890194, 0.000723789446056, 0.00368085410446, 0.00347037264146, 0.0016846182989, 0.00325769907795, 0.00225421600044, 0.00274536991492, 0.00283415289596, 0.00212366878986, 0.00113661366049, 0.00112783978693, 0.00264657707885]
        var: [0.0652645677328, 0.0552581399679, 0.0709519088268, 0.0879637524486, 0.0327386185527, 0.0239143148065, 0.0638296231627, 0.0281429812312, 0.0521789751947, 0.114948064089, 0.0487800650299, 0.00719992164522, 0.00462949322537, 0.00906298402697, 0.0337025821209, 0.0875609442592, 0.0567945204675, 0.0293978210539, 0.0180986765772, 0.00691973092034, 0.0197530481964, 0.0517639815807, 0.0219135023654, 0.0507337898016, 0.13096986711, 0.0428478382528, 0.0271808058023, 0.0515500791371, 0.0341945551336, 0.065893702209, 0.123964637518, 0.0423084273934, 0.0153374485672, 0.00604606186971, 0.00908322446048, 0.0291911624372]
    chords_histogram: [11.1111106873, 3.70370364189, 28.2407398224, 0, 0, 15.2777776718, 4.62962961197, 0, 0, 0, 0, 0, 6.94444465637, 0, 0, 0, 0, 5.09259271622, 0, 2.77777767181, 0, 9.72222232819, 5.55555534363, 6.94444465637]
    thpcp: [1, 0.581021666527, 0.161027938128, 0.110839366913, 0.119966216385, 0.350519627333, 0.635727524757, 0.495490938425, 0.256434679031, 0.172373130918, 0.123163208365, 0.277706891298, 0.408853173256, 0.283260405064, 0.428161472082, 0.656420350075, 0.422810673714, 0.294140160084, 0.369534283876, 0.323909819126, 0.56452023983, 0.805020213127, 0.488396584988, 0.184908807278, 0.14100676775, 0.153618603945, 0.340928167105, 0.517066895962, 0.485904484987, 0.52992618084, 0.525851786137, 0.305104881525, 0.293013691902, 0.408751606941, 0.336539298296, 0.651761054993]
    chords_key: "C"
    chords_scale: "major"
    key_key: "F"
    key_scale: "major"
    chords_progression: ["B", "B", "B", "B", "B", "B", "B", "B", "B", "B", "B", "B", "B", "B", "B", "Bm", "Bm", "Bm", "Bm", "Bm", "Bm", "Bm", "Bm", "Bm", "Bm", "Bm", "Bm", "Bm", "Bm", "Bm", "Bm", "Bm", "Bm", "Bm", "Bm", "Cm", "Cm", "Cm", "Cm", "Cm", "Cm", "Bm", "Bm", "Bm", "Bm", "Bm", "Bm", "Bm", "Bm", "Bm", "Bm", "Bm", "Bm", "Bm", "Gm", "Gm", "Gm", "Gm", "Gm", "Gm", "Gm", "Gm", "Gm", "D", "D", "D", "D", "D", "D", "D", "D", "D", "D", "A#", "A#", "A#", "A#", "A#", "A#", "A#", "A#", "A#", "A#", "A#", "A#", "Gm", "Gm", "Gm", "Gm", "Gm", "Gm", "Gm", "Gm", "Gm", "Gm", "Gm", "Gm", "Am", "Am", "Am", "Am", "Am", "Am", "Am", "Am", "C", "C", "C", "C", "C", "C", "C", "C", "C", "C", "C", "C", "C", "C", "C", "C", "C", "C", "C", "C", "C", "C", "C", "C", "C", "C", "C", "C", "C", "C", "C", "C", "C", "C", "C", "C", "C", "C", "C", "C", "C", "C", "C", "C", "C", "C", "C", "C", "C", "C", "C", "C", "C", "C", "C", "C", "C", "C", "C", "C", "C", "Fm", "Fm", "Fm", "Fm", "Fm", "Fm", "Fm", "Fm", "Fm", "Fm", "Fm", "F", "F", "F", "F", "F", "F", "F", "F", "F", "F", "F", "F", "F", "F", "F", "F", "F", "F", "F", "F", "F", "F", "F", "F", "Dm", "Dm", "Dm", "Dm", "Dm", "Dm", "Dm", "Dm", "Dm", "Dm", "Dm", "Dm", "Dm", "Dm", "Dm"]
