
metadata:
    version:
        essentia: "1.2.2"
    audio_properties:
        analysis_sample_rate: 44100
        bitrate: 128
        channels: 2
        equal_loudness: 1
        length: 10.0310201645
        replay_gain: -13.302116394
        downmix: "mix"
    tags:
        track: 11
        year: 0
        album: "Splitted by Mp3Splt v. 2.1"
        artist: "From 001.40 To 001.50"
        comment: "http://mp3splt.sf.net"
        genre: ""
        title: "08 Espinita.mp3"

highlevel:
    ballroom:
        all:
            ChaChaCha: 0.00176645314787
            Jive: 0.00139797932934
            Quickstep: 0.00865933019668
            Rumba-American: 0.0253146924078
            Rumba-International: 0.0309511348605
            Rumba-Misc: 0.106630891562
            Samba: 0.00140414549969
            Tango: 0.0474146828055
            VienneseWaltz: 0.087745398283
            Waltz: 0.688715279102
        probability: 0.688715279102
        value: "Waltz"
    culture:
        all:
            non_western: 0.00597581267357
            western: 0.994024157524
        probability: 0.994024157524
        value: "western"
    gender:
        all:
            female: 0.583136796951
            male: 0.416863203049
        probability: 0.583136796951
        value: "female"
    genre_dortmund:
        all:
            alternative: 0.071627497673
            blues: 0.124988764524
            electronic: 0.0141151705757
            folkcountry: 0.213038548827
            funksoulrnb: 0.035187792033
            jazz: 0.467824488878
            pop: 0.0462122894824
            raphiphop: 0.00141242879909
            rock: 0.0255930274725
        probability: 0.467824488878
        value: "jazz"
    genre_electronica:
        all:
            ambient: 0.981916368008
            dnb: 0.00246351747774
            house: 0.0125037711114
            techno: 0.00196890579537
            trance: 0.00114743714221
        probability: 0.981916368008
        value: "ambient"
    genre_rosamerica:
        all:
            cla: 0.330858111382
            dan: 0.00652434537187
            hip: 0.00827626232058
            jaz: 0.415635764599
            pop: 0.0164612606168
            rhy: 0.207750976086
            roc: 0.00752751296386
            spe: 0.00696575036272
        probability: 0.415635764599
        value: "jaz"
    genre_tzanetakis:
        all:
            blu: 0.111254118383
            cla: 0.13723129034
            cou: 0.376114547253
            dis: 0.0135707268491
            hip: 0.00892250053585
            jaz: 0.0817050337791
            met: 0.0060199056752
            pop: 0.0410688780248
            reg: 0.186069279909
            roc: 0.038043718785
        probability: 0.376114547253
        value: "cou"
    live_studio:
        all:
            live: 0.151864543557
            studio: 0.848135471344
        probability: 0.848135471344
        value: "studio"
    mood:
        all:
            Cluster1: 0.00312376325019
            Cluster2: 0.0432554297149
            Cluster3: 0.934994161129
            Cluster4: 0.0162509549409
            Cluster5: 0.0023756637238
        probability: 0.934994161129
        value: "Cluster3"
    mood_acoustic:
        all:
            acoustic: 0.644387245178
            not_acoustic: 0.355612784624
        probability: 0.644387245178
        value: "acoustic"
    mood_aggressive:
        all:
            aggressive: 3.95508570339e-10
            not_aggressive: 1
        probability: 1
        value: "not_aggressive"
    mood_electronic:
        all:
            electronic: 0.27383929491
            not_electronic: 0.72616070509
        probability: 0.72616070509
        value: "not_electronic"
    mood_happy:
        all:
            happy: 0.0679906606674
            not_happy: 0.932009339333
        probability: 0.932009339333
        value: "not_happy"
    mood_party:
        all:
            not_party: 0.968035459518
            party: 0.031964533031
        probability: 0.968035459518
        value: "not_party"
    mood_relaxed:
        all:
            not_relaxed: 0.204405874014
            relaxed: 0.795594096184
        probability: 0.795594096184
        value: "relaxed"
    mood_sad:
        all:
            not_sad: 0.102841839194
            sad: 0.897158145905
        probability: 0.897158145905
        value: "sad"
    rhythm:
        all:
            fast: 0.00888953264803
            medium: 0.202044487
            slow: 0.789065957069
        probability: 0.789065957069
        value: "slow"
    speech_music:
        all:
            music: 0.999320745468
            speech: 0.000679240620229
        probability: 0.999320745468
        value: "music"
    timbre:
        all:
            bright: 0.367841750383
            dark: 0.632158219814
        probability: 0.632158219814
        value: "dark"
    voice_instrumental:
        all:
            instrumental: 0.813078582287
            voice: 0.186921402812
        probability: 0.813078582287
        value: "instrumental"

lowlevel:
    average_loudness: 0.88732790947
    barkbands_kurtosis:
        dmean: 7.01966953278
        dmean2: 11.5804672241
        dvar: 387.367675781
        dvar2: 1208.57995605
        max: 264.744110107
        mean: 11.7129135132
        min: -1.78933942318
        var: 492.905670166
    barkbands_skewness:
        dmean: 0.707436382771
        dmean2: 1.05939185619
        dvar: 1.02696156502
        dvar2: 2.66714572906
        max: 13.1098995209
        mean: 1.93389749527
        min: -2.35468173027
        var: 5.09025859833
    barkbands_spread:
        dmean: 3.23174667358
        dmean2: 4.52262735367
        dvar: 17.2571983337
        dvar2: 29.1795501709
        max: 37.7110939026
        mean: 14.1460638046
        min: 0.35765504837
        var: 114.590454102
    dissonance:
        dmean: 0.0362448319793
        dmean2: 0.0607501938939
        dvar: 0.00108767591882
        dvar2: 0.0029074777849
        max: 0.495769292116
        mean: 0.384678959846
        min: 0.21957436204
        var: 0.00303930742666
    hfc:
        dmean: 0.75001257658
        dmean2: 0.855204284191
        dvar: 3.57600665092
        dvar2: 3.60740685463
        max: 37.6278839111
        mean: 3.07885313034
        min: 0.00507775135338
        var: 46.3419914246
    pitch:
        dmean: 48.985080719
        dmean2: 91.9554214478
        dvar: 13880.1337891
        dvar2: 29674.8476562
        max: 882
        mean: 338.164520264
        min: 67.9506912231
        var: 51943.1484375
    pitch_instantaneous_confidence:
        dmean: 0.0686114728451
        dmean2: 0.105846330523
        dvar: 0.00680481176823
        dvar2: 0.0144559312612
        max: 0.992479085922
        mean: 0.730489134789
        min: 0.250497579575
        var: 0.0294012669474
    pitch_salience:
        dmean: 0.059311427176
        dmean2: 0.0939876958728
        dvar: 0.00386341614649
        dvar2: 0.00959946215153
        max: 0.823464334011
        mean: 0.457804918289
        min: 0.10479015857
        var: 0.01611501351
    silence_rate_20dB:
        dmean: 0
        dmean2: 0
        dvar: 0
        dvar2: 0
        max: 1
        mean: 1
        min: 1
        var: 0
    silence_rate_30dB:
        dmean: 0
        dmean2: 0
        dvar: 0
        dvar2: 0
        max: 1
        mean: 1
        min: 1
        var: 0
    silence_rate_60dB:
        dmean: 0.0556844547391
        dmean2: 0.111627906561
        dvar: 0.0525838658214
        dvar2: 0.11312147975
        max: 1
        mean: 0.833333313465
        min: 0
        var: 0.138889402151
    spectral_centroid:
        dmean: 130.650344849
        dmean2: 173.448181152
        dvar: 39690.2148438
        dvar2: 54903.3828125
        max: 2810.50073242
        mean: 881.599914551
        min: 217.55859375
        var: 494361.875
    spectral_complexity:
        dmean: 0.815850794315
        dmean2: 1.31074762344
        dvar: 1.14324688911
        dvar2: 1.89642822742
        max: 13
        mean: 4.06279087067
        min: 0
        var: 5.70071411133
    spectral_crest:
        dmean: 2.02474236488
        dmean2: 3.02451276779
        dvar: 4.34904527664
        dvar2: 8.74517631531
        max: 25.6943435669
        mean: 14.067908287
        min: 3.71242332458
        var: 23.089679718
    spectral_decrease:
        dmean: 1.3769038687e-10
        dmean2: 1.76502062965e-10
        dvar: 4.55260822104e-20
        dvar2: 6.65163137041e-20
        max: -3.59233563035e-12
        mean: -5.11429953942e-10
        min: -3.71263908505e-09
        var: 3.694280898e-19
    spectral_energy:
        dmean: 0.000579963845666
        dmean2: 0.000735568930395
        dvar: 8.70498695349e-07
        dvar2: 1.17520505682e-06
        max: 0.0153488423675
        mean: 0.00220951554365
        min: 1.40188685691e-05
        var: 7.99480130809e-06
    spectral_energyband_high:
        dmean: 8.93849664863e-06
        dmean2: 1.20400791275e-05
        dvar: 5.93371463076e-10
        dvar2: 9.76741354464e-10
        max: 0.00043173469021
        mean: 2.4166318326e-05
        min: 4.09700851023e-09
        var: 2.94781243859e-09
    spectral_energyband_low:
        dmean: 1.67083835549e-05
        dmean2: 2.6642686862e-05
        dvar: 8.19527778972e-10
        dvar2: 2.3161483842e-09
        max: 0.000311360170599
        mean: 4.0294307837e-05
        min: 1.6226845645e-08
        var: 1.27828347907e-09
    spectral_energyband_middle_high:
        dmean: 0.000246709212661
        dmean2: 0.000278244260699
        dvar: 4.25236663659e-07
        dvar2: 4.35922089537e-07
        max: 0.0128461420536
        mean: 0.00102452957071
        min: 5.20137234616e-07
        var: 5.63482853977e-06
    spectral_energyband_middle_low:
        dmean: 0.000387116422644
        dmean2: 0.000534560065717
        dvar: 3.92611241296e-07
        dvar2: 7.28947270545e-07
        max: 0.0104791847989
        mean: 0.00112052646
        min: 9.43004761211e-06
        var: 1.94173071577e-06
    spectral_flatness_db:
        dmean: 0.0257406476885
        dmean2: 0.0383023843169
        dvar: 0.000913090771064
        dvar2: 0.00201543280855
        max: 0.471291333437
        mean: 0.286146640778
        min: 0.106157928705
        var: 0.00435394700617
    spectral_flux:
        dmean: 0.00679626408964
        dmean2: 0.0104614337906
        dvar: 5.87675021961e-05
        dvar2: 0.000133735418785
        max: 0.0604952126741
        mean: 0.0141881685704
        min: 0.00140374409966
        var: 0.000131088934722
    spectral_kurtosis:
        dmean: 8.80776691437
        dmean2: 13.561542511
        dvar: 163.608139038
        dvar2: 262.957000732
        max: 161.709609985
        mean: 23.3325862885
        min: 2.25967502594
        var: 814.076171875
    spectral_rms:
        dmean: 0.000192582781892
        dmean2: 0.000249148753937
        dvar: 5.56964039333e-08
        dvar2: 9.69697282471e-08
        max: 0.00386968743987
        mean: 0.00126907567028
        min: 0.000116948467621
        var: 5.45071998204e-07
    spectral_rolloff:
        dmean: 237.367111206
        dmean2: 401.181671143
        dvar: 273153.3125
        dvar2: 518547.3125
        max: 3725.24414062
        mean: 1444.1270752
        min: 236.865234375
        var: 1494538.125
    spectral_skewness:
        dmean: 0.638699352741
        dmean2: 0.99831956625
        dvar: 0.559914886951
        dvar2: 0.955385446548
        max: 11.0749435425
        mean: 3.2891869545
        min: 1.29453778267
        var: 3.59727120399
    spectral_spread:
        dmean: 586090.625
        dmean2: 915493.375
        dvar: 1.06882878669e+12
        dvar2: 1.83675112653e+12
        max: 17283594
        mean: 2984401.5
        min: 736180.625
        var: 1.77594433536e+12
    spectral_strongpeak:
        dmean: 0.301475048065
        dmean2: 0.432389646769
        dvar: 0.599822044373
        dvar2: 0.790563821793
        max: 10.5209350586
        mean: 1.18042314053
        min: 0.0126454494894
        var: 5.69195127487
    zerocrossingrate:
        dmean: 0.00714438548312
        dmean2: 0.00728086661547
        dvar: 6.95458584232e-05
        dvar2: 5.47497475054e-05
        max: 0.1513671875
        mean: 0.0519894622266
        min: 0.01025390625
        var: 0.00156903197058
    barkbands:
        dmean: [3.0591500888e-08, 5.31552586835e-06, 1.35066338771e-05, 2.81107586488e-05, 0.000253647187492, 7.64038704801e-05, 9.54464758252e-06, 1.0491096873e-05, 8.26403556857e-05, 3.12632218993e-05, 6.85398390488e-06, 4.83336407342e-06, 3.13335949613e-05, 1.37514834933e-05, 1.85134631465e-05, 6.16532906861e-06, 7.07532162778e-05, 2.13898347283e-05, 0.000106598919956, 1.64084394783e-05, 2.14826764022e-06, 1.36405458306e-06, 4.75629718721e-07, 1.11220202825e-07, 5.74429890321e-08, 4.51266801704e-09, 4.75954942125e-10]
        dmean2: [5.02715842288e-08, 8.28409520182e-06, 2.27684631682e-05, 4.13175330323e-05, 0.000364186475053, 0.000114234513603, 1.44689238368e-05, 1.34598785735e-05, 9.61683836067e-05, 4.04814054491e-05, 7.58752412366e-06, 7.4732261055e-06, 4.16611328546e-05, 1.73482058017e-05, 2.59681328316e-05, 8.69659652381e-06, 7.02805264154e-05, 2.88932715193e-05, 0.000126900718897, 2.27853506658e-05, 2.75257070825e-06, 1.82446456165e-06, 6.64471883738e-07, 1.71004458593e-07, 8.62069882146e-08, 7.33538296771e-09, 5.72688285683e-10]
        dvar: [5.39529282457e-15, 1.2713709252e-10, 6.43639530562e-10, 3.73659281294e-09, 1.96746128722e-07, 4.83266937579e-08, 3.44799327978e-10, 2.55931342785e-09, 1.45069449786e-07, 9.38237487702e-09, 1.66626334952e-09, 7.01771085687e-10, 2.35824053618e-08, 1.69819125428e-09, 6.15154771566e-09, 3.78991060757e-10, 4.91843508144e-08, 3.09788039665e-09, 1.62168831253e-07, 3.44882078451e-09, 1.82770777679e-11, 1.56286476816e-11, 1.26355534109e-12, 3.17699290269e-13, 2.35474007372e-14, 2.94089124603e-16, 5.63247263771e-17]
        dvar2: [1.33042457056e-14, 2.84940127049e-10, 1.9522554684e-09, 8.28716473222e-09, 4.08525806961e-07, 1.1431686886e-07, 7.35368765881e-10, 2.78878964366e-09, 1.49323184928e-07, 1.75318515261e-08, 1.38520284132e-09, 1.79031189873e-09, 3.77310982458e-08, 2.98690561173e-09, 1.36794326977e-08, 7.47312767224e-10, 5.31074135779e-08, 5.29788346526e-09, 1.81554284495e-07, 7.74149366833e-09, 3.27168292458e-11, 2.47520667157e-11, 2.70090156837e-12, 7.21064375743e-13, 5.53196438581e-14, 7.38372596165e-16, 5.64689932934e-17]
        max: [8.21779849502e-07, 9.60478500929e-05, 0.000255177088547, 0.00112197373528, 0.00647380156443, 0.00442666420713, 0.000329505273839, 0.00116542819887, 0.00924324523658, 0.00125829887111, 0.000998859293759, 0.000390813336708, 0.00307196285576, 0.000559449079446, 0.00102920096833, 0.000278231163975, 0.00448306603357, 0.000643267005216, 0.00695845577866, 0.000984961749054, 5.26948024344e-05, 6.38150013401e-05, 1.3323398889e-05, 1.03142665466e-05, 2.13294993046e-06, 1.81160444868e-07, 1.55692887915e-07]
        mean: [4.72830734566e-08, 1.22117253341e-05, 2.80362819467e-05, 6.20392675046e-05, 0.000620345759671, 0.000194132953766, 4.01265242544e-05, 1.82506100828e-05, 0.000184512027772, 0.000147268539877, 1.35715345095e-05, 5.67282449992e-06, 6.23606174486e-05, 2.81519660348e-05, 2.99126713799e-05, 1.00367824416e-05, 0.000233427272178, 3.83879814763e-05, 0.000441477866843, 2.96968009934e-05, 4.69000133307e-06, 3.53877408088e-06, 1.32249374474e-06, 1.84013330795e-07, 1.09348697208e-07, 5.53955237237e-09, 4.51782611322e-10]
        min: [8.55133741595e-11, 2.81471712604e-09, 8.97314667014e-09, 3.38405463651e-08, 4.82347445541e-07, 2.55567101703e-07, 5.89566440112e-08, 1.16265823635e-08, 2.91517039841e-07, 1.8193157203e-08, 1.78264247808e-08, 1.07769242419e-08, 1.83584791813e-08, 5.66057956064e-09, 3.64549501697e-09, 2.84038836895e-09, 6.74083944219e-09, 8.08590883139e-09, 4.22358326091e-09, 3.21733373276e-09, 1.22043719575e-09, 4.40076697306e-10, 1.37956757129e-10, 1.15503946685e-10, 1.12090142723e-10, 1.4896266512e-11, 1.45519921525e-13]
        var: [1.48443726793e-14, 2.80741624392e-10, 8.78335071341e-10, 9.42229139156e-09, 6.61969181692e-07, 2.03006223387e-07, 2.94341373497e-09, 8.04520627895e-09, 7.90033084286e-07, 1.00989332452e-07, 6.40509068006e-09, 8.11527789413e-10, 9.07468091782e-08, 6.27167606737e-09, 1.02808748181e-08, 7.57809204277e-10, 4.71682795933e-07, 7.42572225931e-09, 1.97209965336e-06, 7.92811860606e-09, 8.22776707876e-11, 9.98762392235e-11, 5.70666083832e-12, 5.34781962637e-13, 5.35083011699e-14, 2.61256142334e-16, 5.62117732101e-17]
    mfcc:
        mean: [-892.105895996, 167.118881226, -22.4408149719, 58.5052337646, -9.33985137939, -18.1021785736, -11.1468639374, 3.52215981483, -17.586730957, -11.9581375122, -5.00544452667, -21.7004318237, -15.9359025955]
        cov: [[6889.97607422, -3672.91821289, -806.258056641, 49.86277771, -273.198181152, 42.0071144104, -51.321849823, 566.160827637, -111.15171814, 231.875656128, 77.9811172485, -484.419799805, -422.695404053], [-3672.91821289, 2964.92944336, 479.108886719, -41.1650657654, 88.5929107666, -112.457756042, 41.5347061157, -501.09197998, -98.8681182861, -169.0572052, -129.38734436, 359.913391113, 299.436859131], [-806.258056641, 479.108886719, 511.523712158, -30.0010967255, 6.97032880783, -2.08088803291, 9.59801483154, -15.9981889725, 41.981918335, -78.1654434204, -107.999191284, 42.6525268555, 42.385597229], [49.86277771, -41.1650657654, -30.0010967255, 316.27557373, 72.9900360107, 19.8145256042, 11.2911567688, 22.6101036072, 35.4293365479, -13.0217008591, 69.9906234741, 8.06331348419, 21.9696598053], [-273.198181152, 88.5929107666, 6.97032880783, 72.9900360107, 196.678817749, 89.4711685181, -19.9131793976, -1.66138410568, 50.579788208, 13.0833120346, 70.0319137573, 75.2125549316, 58.471408844], [42.0071144104, -112.457756042, -2.08088803291, 19.8145256042, 89.4711685181, 438.010498047, -42.179977417, 28.3020324707, 204.707275391, 1.36348617077, 232.415222168, 82.3039398193, 52.0257263184], [-51.321849823, 41.5347061157, 9.59801483154, 11.2911567688, -19.9131793976, -42.179977417, 252.901428223, 47.0916290283, -29.8367652893, 60.4171218872, 43.4710617065, -0.923901438713, -44.9624900818], [566.160827637, -501.09197998, -15.9981889725, 22.6101036072, -1.66138410568, 28.3020324707, 47.0916290283, 314.942993164, 89.4110183716, 10.7056722641, -22.1078357697, -142.321044922, -62.5680770874], [-111.15171814, -98.8681182861, 41.981918335, 35.4293365479, 50.579788208, 204.707275391, -29.8367652893, 89.4110183716, 338.449523926, -44.9953384399, 83.336517334, -47.4962654114, 24.1237392426], [231.875656128, -169.0572052, -78.1654434204, -13.0217008591, 13.0833120346, 1.36348617077, 60.4171218872, 10.7056722641, -44.9953384399, 144.313537598, 62.3833274841, 11.0982551575, -20.980047226], [77.9811172485, -129.38734436, -107.999191284, 69.9906234741, 70.0319137573, 232.415222168, 43.4710617065, -22.1078357697, 83.336517334, 62.3833274841, 367.621948242, 72.6359405518, 0.64389872551], [-484.419799805, 359.913391113, 42.6525268555, 8.06331348419, 75.2125549316, 82.3039398193, -0.923901438713, -142.321044922, -47.4962654114, 11.0982551575, 72.6359405518, 296.320617676, 66.8429870605], [-422.695404053, 299.436859131, 42.385597229, 21.9696598053, 58.471408844, 52.0257263184, -44.9624900818, -62.5680770874, 24.1237392426, -20.980047226, 0.64389872551, 66.8429870605, 199.192077637]]
        icov: [[0.000516664993484, 0.000572433171328, 0.000249568343861, -0.000158793714945, 0.000423165387474, -0.0002865777642, 3.38087847922e-05, -1.52289931066e-05, 0.000392856891267, -4.41232223238e-05, 0.00019285234157, 8.3648468717e-05, 7.28447266738e-05], [0.000572433171328, 0.00137172057293, -0.000148583480041, -4.89094527438e-05, 0.0001940515358, -8.27933181426e-05, -0.00054418441141, 0.000928729306906, 0.000364726089174, 0.000654526753351, 0.000309214432491, -0.000199094618438, -0.000586179143284], [0.000249568343861, -0.000148583480041, 0.00281211244874, 6.46420012345e-05, 0.000171317980858, -0.000526024901774, -0.000346231478034, -0.000442455406301, -0.000138909628731, 0.00069931615144, 0.000987306702882, -0.000263043621089, 0.000192968233023], [-0.000158793714945, -4.89094527438e-05, 6.46420012345e-05, 0.00387028418481, -0.00156080769375, 0.000886010064278, -0.000348602479789, -0.000223796596401, -0.000301516178297, 0.00117784400936, -0.00106718169991, 1.31079332277e-07, -0.000462321273517], [0.000423165387474, 0.0001940515358, 0.000171317980858, -0.00156080769375, 0.00775457220152, -0.000544476613868, 0.00104497827124, -0.00121015380137, -0.000339747202815, -0.00154307030607, -0.000350809219526, -0.00157750933431, -0.00112725200597], [-0.0002865777642, -8.27933181426e-05, -0.000526024901774, 0.000886010064278, -0.000544476613868, 0.0058395578526, 0.000995781621896, -0.00079126568744, -0.00262920791283, 0.000337531790137, -0.0031854310073, -0.00161544745788, -0.000952242116909], [3.38087847922e-05, -0.00054418441141, -0.000346231478034, -0.000348602479789, 0.00104497827124, 0.000995781621896, 0.00568412151188, -0.00187434058171, 3.59848309017e-05, -0.0024789061863, -0.00134796858765, -0.00044963604887, 0.00101917539723], [-1.52289931066e-05, 0.000928729306906, -0.000442455406301, -0.000223796596401, -0.00121015380137, -0.00079126568744, -0.00187434058171, 0.00625969935209, -0.000849520030897, 0.000346901622834, 0.00132863642648, 0.00190378457773, 0.000291712553008], [0.000392856891267, 0.000364726089174, -0.000138909628731, -0.000301516178297, -0.000339747202815, -0.00262920791283, 3.59848309017e-05, -0.000849520030897, 0.00553440954536, 0.00140939559788, -6.06667417742e-05, 0.0015203775838, -0.000155897476361], [-4.41232223238e-05, 0.000654526753351, 0.00069931615144, 0.00117784400936, -0.00154307030607, 0.000337531790137, -0.0024789061863, 0.000346901622834, 0.00140939559788, 0.0104120448232, -0.00141795712989, -0.000264128990239, -0.000422868557507], [0.00019285234157, 0.000309214432491, 0.000987306702882, -0.00106718169991, -0.000350809219526, -0.0031854310073, -0.00134796858765, 0.00132863642648, -6.06667417742e-05, -0.00141795712989, 0.00588229997084, -0.000141588097904, 0.00078655622201], [8.3648468717e-05, -0.000199094618438, -0.000263043621089, 1.31079332277e-07, -0.00157750933431, -0.00161544745788, -0.00044963604887, 0.00190378457773, 0.0015203775838, -0.000264128990239, -0.000141588097904, 0.00590436113998, -0.000278568972135], [7.28447266738e-05, -0.000586179143284, 0.000192968233023, -0.000462321273517, -0.00112725200597, -0.000952242116909, 0.00101917539723, 0.000291712553008, -0.000155897476361, -0.000422868557507, 0.00078655622201, -0.000278568972135, 0.00703253550455]]
    spectral_contrast:
        mean: [-2.30794725553e-07, 1.32412409926e-07, -6.21070853413e-07, -5.59347995477e-07, -5.76224465476e-07, 4.61468175672e-07, 4.35474294136e-06, 2.82983455691e-06, 1.87435819043e-06, -4.8234019232e-06, -4.0059865114e-07, 1.91289313989e-06]
        var: [0.00107310700696, 0.00182150793262, 0.00404771557078, 0.00497180595994, 0.00596808223054, 0.0188911631703, 0.0817339718342, 0.126157969236, 0.262470573187, 0.349421620369, 0.901984751225, 2.2058172226]

rhythm:
    beats_loudness:
        dmean: 0.00323500949889
        dmean2: 0.00576603459194
        dvar: 1.04864511741e-05
        dvar2: 2.84723337245e-05
        max: 0.0115972217172
        mean: 0.00316285341978
        min: 0.000676072610077
        var: 8.84113069333e-06
    beats_loudness_bass:
        dmean: 0.0311503335834
        dmean2: 0.0545500516891
        dvar: 0.00129189167637
        dvar2: 0.00205419375561
        max: 0.15010368824
        mean: 0.0432231873274
        min: 0.000809742254205
        var: 0.00208387034945
    bpm: 108.432235718
    bpm_confidence: 0
    first_peak_bpm: 107
    first_peak_spread: 0.375
    first_peak_weight: 0.588235318661
    onset_rate: 3.28979492188
    second_peak_bpm: 114
    second_peak_spread: 0
    second_peak_weight: 0.0588235296309
    beats_position: [0.167066633701, 0.725718796253, 1.2843708992, 1.84302306175, 2.4016752243, 2.96032738686, 3.51897954941, 4.07763195038, 4.63628387451, 5.19493627548, 5.75358819962, 6.28028774261, 6.82847833633, 7.37666988373, 7.92486095428, 8.47305297852, 9.02124404907, 9.56943511963]
    bpm_estimates: [106.454772949, 107.673210144, 108.079421997, 108.92540741, 105.929122925, 109.510360718, 109.458114624, 109.722915649, 109.807151794, 108.761878967]
    bpm_intervals: [0.558652162552, 0.558652102947, 0.558652162552, 0.558652162552, 0.558652162552, 0.558652162552, 0.55865240097, 0.558651924133, 0.55865240097, 0.558651924133, 0.526699542999, 0.548190593719, 0.548191547394, 0.548191070557, 0.548192024231, 0.548191070557, 0.548191070557]
    onset_times: [0.0580498874187, 0.348299324512, 0.46439909935, 0.708208620548, 0.917188227177, 1.26548755169, 1.81115651131, 2.06657600403, 2.35682535172, 2.63546490669, 2.7863945961, 2.91410422325, 3.48299312592, 3.75002264977, 4.00544214249, 4.26086187363, 4.60916090012, 4.91102027893, 5.45668935776, 5.70049905777, 5.97913837433, 6.25777769089, 6.5015873909, 6.96598625183, 7.65097522736, 7.91800451279, 8.20825386047, 8.45206356049, 8.62621307373, 9.03256225586, 9.14866256714, 9.8800907135, 10.0194101334]
    rubato_start: []
    rubato_stop: []
    perceptual_tempo: "unknown"

sfx:
    inharmonicity:
        dmean: 0.031705185771
        dmean2: 0.0575803890824
        dvar: 0.00261672702618
        dvar2: 0.00834571383893
        max: 0.397031605244
        mean: 0.0290891136974
        min: 6.76872389249e-08
        var: 0.00265142531134
    oddtoevenharmonicenergyratio:
        dmean: 10.9485416412
        dmean2: 21.4481449127
        dvar: 5606.17431641
        dvar2: 18539.8730469
        max: 1032.29248047
        mean: 7.61603307724
        min: 5.70559173241e-08
        var: 3360.68505859
    pitch_after_max_to_before_max_energy_ratio: 2.70272397995
    pitch_centroid: 212.623214722
    pitch_max_to_total: 0.425581395626
    pitch_min_to_total: 0.567441880703
    tristimulus:
        dmean: [0.213120415807, 0.230286166072, 0.0414732098579]
        dmean2: [0.386953681707, 0.425088226795, 0.074477955699]
        dvar: [0.0650352612138, 0.0701393783092, 0.00697573972866]
        dvar2: [0.167868718505, 0.175250574946, 0.0184998139739]
        max: [0.99920809269, 0.988116025925, 0.66882109642]
        mean: [0.464503765106, 0.430096626282, 0.0612993091345]
        min: [0.00324461958371, 0, 0]
        var: [0.105939827859, 0.103775195777, 0.0170352999121]

tonal:
    chords_changes_rate: 0.0277777779847
    chords_number_rate: 0.0185185186565
    chords_strength:
        dmean: 0.0107776373625
        dmean2: 0.00822368450463
        dvar: 7.93083600001e-05
        dvar2: 9.82604760793e-05
        max: 0.735587954521
        mean: 0.564748466015
        min: 0.323351413012
        var: 0.0146867176518
    key_strength: 0.877130150795
    tuning_diatonic_strength: 0.585259377956
    tuning_equal_tempered_deviation: 0.0769047662616
    tuning_frequency: 440.763122559
    tuning_nontempered_energy_ratio: 0.707298398018
    hpcp:
        dmean: [0.0467612147331, 0.0279494840652, 0.0289100650698, 0.0326978377998, 0.0173238907009, 0.0160128008574, 0.0305793322623, 0.0246812757105, 0.0562739856541, 0.108213156462, 0.132329404354, 0.132848218083, 0.154147207737, 0.149415358901, 0.0714648813009, 0.0356502942741, 0.0370642878115, 0.0674379691482, 0.0832342281938, 0.0612460374832, 0.0638665258884, 0.0966485142708, 0.0716456472874, 0.0185467526317, 0.0179379899055, 0.0247261077166, 0.0623394995928, 0.0778244584799, 0.0580440312624, 0.0380119308829, 0.0441600009799, 0.036711409688, 0.0958797484636, 0.117528542876, 0.117613494396, 0.0814680829644]
        dmean2: [0.078011199832, 0.0451439656317, 0.0444063395262, 0.0516496114433, 0.0271237827837, 0.0262049864978, 0.0505049340427, 0.040724799037, 0.10545168072, 0.203161880374, 0.227331340313, 0.23452205956, 0.262324720621, 0.242747351527, 0.128831103444, 0.0611962340772, 0.0665762126446, 0.11000533402, 0.108831807971, 0.096550732851, 0.100893810391, 0.147069528699, 0.111026354134, 0.031064864248, 0.0326366610825, 0.0453170612454, 0.10685030371, 0.128906354308, 0.0879776254296, 0.0611838437617, 0.0752831697464, 0.0627591237426, 0.147493898869, 0.182338222861, 0.20386980474, 0.141652807593]
        dvar: [0.0210040453821, 0.00930282752961, 0.00694372272119, 0.0182904712856, 0.00460051279515, 0.00302099133842, 0.0103343185037, 0.00516392616555, 0.0201615206897, 0.0502884350717, 0.0572680421174, 0.0432861223817, 0.0561285018921, 0.0498856008053, 0.0308415163308, 0.0152450781316, 0.0192675255239, 0.0249689538032, 0.0263599883765, 0.0153891984373, 0.0189135093242, 0.0338355228305, 0.0199082195759, 0.00450543034822, 0.00915205106139, 0.00555146904662, 0.0224114619195, 0.0430036447942, 0.013820537366, 0.0101994033903, 0.0176080521196, 0.0125514818355, 0.021953875199, 0.0446708798409, 0.0379016250372, 0.0355335399508]
        dvar2: [0.0426806546748, 0.0158309228718, 0.0122709292918, 0.0290787890553, 0.0086090574041, 0.00683968421072, 0.0226235836744, 0.0134019609541, 0.0554782524705, 0.124840952456, 0.142511129379, 0.126596227288, 0.144553348422, 0.121100999415, 0.0876294150949, 0.0388706475496, 0.0509325154126, 0.0668593719602, 0.0503704473376, 0.0370363965631, 0.0449028164148, 0.0690892636776, 0.039232481271, 0.0108296247199, 0.0182147026062, 0.0134795717895, 0.0521413274109, 0.0783859714866, 0.0272380970418, 0.0254645328969, 0.0427876040339, 0.0343601740897, 0.0402653962374, 0.0701922848821, 0.0927951782942, 0.0943898409605]
        max: [1, 1, 0.666838943958, 1, 0.573429226875, 0.498275965452, 1, 0.660327792168, 0.917589068413, 1, 1, 1, 1, 1, 1, 0.825915753841, 1, 1, 1, 1, 1, 1, 1, 0.804483652115, 1, 0.70875531435, 0.990583240986, 1, 1, 0.741048812866, 1, 1, 1, 1, 1, 1]
        mean: [0.0953321456909, 0.0696971863508, 0.0365394763649, 0.0403942428529, 0.0188623461872, 0.0191240329295, 0.0389464870095, 0.0294050741941, 0.0421881750226, 0.133606940508, 0.165576428175, 0.157200545073, 0.267679750919, 0.223905339837, 0.059136800468, 0.0262366980314, 0.0352851301432, 0.0817343294621, 0.132456049323, 0.0959834903479, 0.0975083857775, 0.184042096138, 0.128553569317, 0.0276997927576, 0.0229391567409, 0.0217480100691, 0.107078209519, 0.194528445601, 0.107770636678, 0.0353879854083, 0.0454989187419, 0.0348218940198, 0.209173664451, 0.416203916073, 0.257927507162, 0.0767330676317]
        min: [7.65263303038e-06, 4.86293356516e-06, 1.41444625115e-05, 1.5137774426e-05, 4.55636154584e-06, 1.0173181181e-05, 2.02879755307e-06, 4.84426573166e-06, 1.34878619065e-05, 1.03666052382e-05, 5.24499364474e-06, 6.37828361505e-06, 7.45247143641e-06, 2.28174376389e-05, 1.46151214722e-05, 4.58834028905e-06, 3.26838289766e-06, 2.69224201475e-05, 3.88140542782e-05, 6.07647634752e-05, 0.000134017042001, 2.00974063773e-05, 9.37028471526e-06, 1.66045647347e-05, 6.05359991823e-06, 1.14290414786e-05, 1.21211542137e-05, 2.70924101642e-05, 1.39324702104e-05, 1.16526953207e-05, 1.22555393318e-05, 1.12156158139e-05, 6.06936700933e-05, 4.46969643235e-05, 3.11244875775e-05, 3.7521309423e-05]
        var: [0.0695137679577, 0.0406549982727, 0.00899722985923, 0.0222360026091, 0.00507864542305, 0.00363229983486, 0.0143934860826, 0.00617708778009, 0.014570562169, 0.0667495131493, 0.0946310609579, 0.0475340746343, 0.109760865569, 0.0865430757403, 0.0195703078061, 0.012376002036, 0.0222466439009, 0.0329291783273, 0.054336540401, 0.0247658323497, 0.0387849472463, 0.0867060646415, 0.0517984703183, 0.00685031013563, 0.0169672612101, 0.0071116941981, 0.042191144079, 0.128358945251, 0.0380277708173, 0.00979433022439, 0.0216700341552, 0.0112916650251, 0.0590523816645, 0.190153852105, 0.0816440433264, 0.0295806210488]
    chords_histogram: [48.6111106873, 0, 0, 0, 0, 0, 0, 0, 0, 20.3703708649, 10.6481485367, 0, 0, 0, 0, 0, 0, 0, 0, 0, 0, 0, 19.4444446564, 0.925925910473]
    thpcp: [1, 0.619714260101, 0.184364110231, 0.229051530361, 0.167459234595, 0.0877922475338, 0.0970539674163, 0.0453199632466, 0.0459487102926, 0.0935754925013, 0.0706506446004, 0.101364195347, 0.321013182402, 0.397825241089, 0.377700775862, 0.643145680428, 0.537970304489, 0.14208611846, 0.0630380883813, 0.0847784653306, 0.196380496025, 0.318247973919, 0.230616495013, 0.234280318022, 0.442192137241, 0.308871597052, 0.066553413868, 0.055115185678, 0.0522532574832, 0.257273435593, 0.467387348413, 0.258937090635, 0.0850255936384, 0.109318815172, 0.0836654677987, 0.502574980259]
    chords_key: "C#"
    chords_scale: "minor"
    key_key: "C#"
    key_scale: "minor"
    chords_progression: ["Cm", "Cm", "Cm", "Cm", "Cm", "Cm", "Cm", "Cm", "Cm", "Cm", "Cm", "Cm", "Cm", "Cm", "Cm", "Cm", "Cm", "Cm", "Cm", "Cm", "Cm", "Cm", "Cm", "C#m", "C#m", "C#m", "C#m", "C#m", "C#m", "C#m", "C#m", "C#m", "C#m", "C#m", "C#m", "C#m", "C#m", "C#m", "C#m", "C#m", "C#m", "C#m", "C#m", "C#m", "C#m", "C#m", "C#m", "C#m", "C#m", "C#m", "C#m", "C#m", "C#m", "C#m", "C#m", "C#m", "C#m", "C#m", "C#m", "C#m", "C#m", "C#m", "C#m", "C#m", "C#m", "C#m", "C#m", "F#m", "F#m", "F#m", "F#m", "F#m", "F#m", "F#m", "F#m", "F#m", "F#m", "F#m", "F#m", "F#m", "F#m", "F#m", "F#m", "F#m", "F#m", "F#m", "F#m", "F#m", "F#m", "F#m", "F#m", "F#m", "F#m", "F#m", "F#m", "F#m", "F#m", "F#m", "F#m", "F#m", "F#m", "F#m", "F#m", "F#m", "F#m", "F#m", "F#m", "F#m", "F#m", "A", "A", "C#m", "C#m", "C#m", "C#m", "C#m", "C#m", "C#m", "C#m", "C#m", "C#m", "C#m", "C#m", "C#m", "C#m", "C#m", "C#m", "C#m", "C#m", "C#m", "C#m", "C#m", "C#m", "C#m", "C#m", "C#m", "C#m", "C#m", "C#m", "C#m", "C#m", "C#m", "C#m", "C#m", "C#m", "C#m", "C#m", "C#m", "C#m", "C#m", "C#m", "C#m", "C#m", "C#m", "C#m", "C#m", "C#m", "C#m", "C#m", "C#m", "C#m", "C#m", "C#m", "C#m", "C#m", "G#", "G#", "G#", "G#", "G#", "G#", "G#", "G#", "G#", "G#", "G#", "G#", "G#", "G#", "G#", "G#", "G#", "G#", "G#", "G#", "G#", "G#", "G#", "G#", "G#", "G#", "G#", "G#", "G#", "G#", "G#", "G#", "G#", "G#", "G#", "G#", "G#", "G#", "G#", "G#", "G#", "G#", "G#", "G#", "C#m", "C#m", "C#m", "C#m", "C#m", "C#m", "C#m"]
