
metadata:
    version:
        essentia: "1.2.2"
    audio_properties:
        analysis_sample_rate: 44100
        bitrate: 128
        channels: 2
        equal_loudness: 1
        length: 10.0048980713
        replay_gain: -7.5884513855
        downmix: "mix"
    tags:
        track: 14
        year: 0
        album: "Splitted by Mp3Splt v. 2.1"
        artist: "From 002.10 To 002.20"
        comment: "http://mp3splt.sf.net"
        genre: ""
        title: "16 [Untitled Track].mp3"

highlevel:
    ballroom:
        all:
            ChaChaCha: 0.521447956562
            Jive: 0.0723695009947
            Quickstep: 0.0749529525638
            Rumba-American: 0.0322294868529
            Rumba-International: 0.0301509127021
            Rumba-Misc: 0.143519699574
            Samba: 0.112545378506
            Tango: 0.00335888424888
            VienneseWaltz: 0.0059623834677
            Waltz: 0.00346286455169
        probability: 0.521447956562
        value: "ChaChaCha"
    culture:
        all:
            non_western: 0.722545683384
            western: 0.277454346418
        probability: 0.722545683384
        value: "non_western"
    gender:
        all:
            female: 0.173368483782
            male: 0.826631546021
        probability: 0.826631546021
        value: "male"
    genre_dortmund:
        all:
            alternative: 0.000930612615775
            blues: 0.00349825271405
            electronic: 0.00297083053738
            folkcountry: 0.000852044438943
            funksoulrnb: 0.0385844819248
            jazz: 0.00326246395707
            pop: 0.00553903542459
            raphiphop: 0.9295104146
            rock: 0.0148518588394
        probability: 0.9295104146
        value: "raphiphop"
    genre_electronica:
        all:
            ambient: 0.339540243149
            dnb: 0.0899728089571
            house: 0.464664638042
            techno: 0.0662579610944
            trance: 0.039564345032
        probability: 0.464664638042
        value: "house"
    genre_rosamerica:
        all:
            cla: 0.00763720786199
            dan: 0.0189477540553
            hip: 0.622520506382
            jaz: 0.0230770539492
            pop: 0.0517756566405
            rhy: 0.195798873901
            roc: 0.00688857026398
            spe: 0.0733543783426
        probability: 0.622520506382
        value: "hip"
    genre_tzanetakis:
        all:
            blu: 0.00147083099
            cla: 0.00344667164609
            cou: 0.00217240490019
            dis: 0.0112257609144
            hip: 0.548842251301
            jaz: 0.0011660461314
            met: 0.000699377735145
            pop: 0.0519213825464
            reg: 0.375187903643
            roc: 0.00386733538471
        probability: 0.548842251301
        value: "hip"
    live_studio:
        all:
            live: 0.243986442685
            studio: 0.756013572216
        probability: 0.756013572216
        value: "studio"
    mood:
        all:
            Cluster1: 0.0286909844726
            Cluster2: 0.511722564697
            Cluster3: 0.0262820385396
            Cluster4: 0.379577279091
            Cluster5: 0.0537271536887
        probability: 0.511722564697
        value: "Cluster2"
    mood_acoustic:
        all:
            acoustic: 0.0782120898366
            not_acoustic: 0.921787917614
        probability: 0.921787917614
        value: "not_acoustic"
    mood_aggressive:
        all:
            aggressive: 1.37875340442e-05
            not_aggressive: 0.999986231327
        probability: 0.999986231327
        value: "not_aggressive"
    mood_electronic:
        all:
            electronic: 0.388446360826
            not_electronic: 0.611553668976
        probability: 0.611553668976
        value: "not_electronic"
    mood_happy:
        all:
            happy: 0.356217086315
            not_happy: 0.643782913685
        probability: 0.643782913685
        value: "not_happy"
    mood_party:
        all:
            not_party: 0.275030821562
            party: 0.724969148636
        probability: 0.724969148636
        value: "party"
    mood_relaxed:
        all:
            not_relaxed: 0.301155477762
            relaxed: 0.698844492435
        probability: 0.698844492435
        value: "relaxed"
    mood_sad:
        all:
            not_sad: 0.930126428604
            sad: 0.0698736011982
        probability: 0.930126428604
        value: "not_sad"
    rhythm:
        all:
            fast: 0.413389384747
            medium: 0.0763244628906
            slow: 0.510286152363
        probability: 0.510286152363
        value: "slow"
    speech_music:
        all:
            music: 0.990276396275
            speech: 0.00972359161824
        probability: 0.990276396275
        value: "music"
    timbre:
        all:
            bright: 0.271335780621
            dark: 0.728664219379
        probability: 0.728664219379
        value: "dark"
    voice_instrumental:
        all:
            instrumental: 0.00236129900441
            voice: 0.997638702393
        probability: 0.997638702393
        value: "voice"

lowlevel:
    average_loudness: 0.982507228851
    barkbands_kurtosis:
        dmean: 8.51936340332
        dmean2: 13.8633556366
        dvar: 511.820922852
        dvar2: 1407.39355469
        max: 190.740783691
        mean: 6.72577857971
        min: -1.94610548019
        var: 496.424835205
    barkbands_skewness:
        dmean: 1.1368367672
        dmean2: 1.76141059399
        dvar: 2.13812208176
        dvar2: 5.27618551254
        max: 12.4205732346
        mean: 0.975968956947
        min: -5.34529447556
        var: 4.04352521896
    barkbands_spread:
        dmean: 8.15798950195
        dmean2: 12.8049287796
        dvar: 100.880569458
        dvar2: 210.135986328
        max: 96.2906494141
        mean: 19.3329792023
        min: 0.481611073017
        var: 198.455322266
    dissonance:
        dmean: 0.0485910773277
        dmean2: 0.0790517404675
        dvar: 0.00243300874718
        dvar2: 0.00634104013443
        max: 0.500000119209
        mean: 0.415272027254
        min: 0.149485185742
        var: 0.00456505594775
    hfc:
        dmean: 2.95876002312
        dmean2: 4.34855937958
        dvar: 18.6977138519
        dvar2: 42.8702850342
        max: 57.9624214172
        mean: 5.58601236343
        min: 0.000191355356947
        var: 43.6431159973
    pitch:
        dmean: 427.961120605
        dmean2: 827.291687012
        dvar: 1083896.5
        dvar2: 2367702.5
        max: 6300
        mean: 798.061584473
        min: 76.9633483887
        var: 1751971.25
    pitch_instantaneous_confidence:
        dmean: 0.131980553269
        dmean2: 0.20388482511
        dvar: 0.0128365596756
        dvar2: 0.0316184610128
        max: 0.941271185875
        mean: 0.62277764082
        min: 0.145939588547
        var: 0.0326557867229
    pitch_salience:
        dmean: 0.102367557585
        dmean2: 0.155134573579
        dvar: 0.0104095488787
        dvar2: 0.0255801193416
        max: 0.974749147892
        mean: 0.579009592533
        min: 0.145830452442
        var: 0.0273478012532
    silence_rate_20dB:
        dmean: 0
        dmean2: 0
        dvar: 0
        dvar2: 0
        max: 1
        mean: 1
        min: 1
        var: 0
    silence_rate_30dB:
        dmean: 0
        dmean2: 0
        dvar: 0
        dvar2: 0
        max: 1
        mean: 1
        min: 1
        var: 0
    silence_rate_60dB:
        dmean: 0.167053371668
        dmean2: 0.334883719683
        dvar: 0.139147087932
        dvar2: 0.255294412374
        max: 1
        mean: 0.541666686535
        min: 0
        var: 0.248263567686
    spectral_centroid:
        dmean: 417.330932617
        dmean2: 610.393920898
        dvar: 332673.5625
        dvar2: 745032.25
        max: 6486.16796875
        mean: 1350.58959961
        min: 90.2317199707
        var: 838976.0625
    spectral_complexity:
        dmean: 3.23023247719
        dmean2: 4.71561765671
        dvar: 21.237701416
        dvar2: 53.9098091125
        max: 40
        mean: 8.00696086884
        min: 0
        var: 48.9164657593
    spectral_crest:
        dmean: 3.03962039948
        dmean2: 4.68136024475
        dvar: 8.91223335266
        dvar2: 19.6285514832
        max: 23.82462883
        mean: 10.4680490494
        min: 3.75760054588
        var: 21.2583942413
    spectral_decrease:
        dmean: 4.28800744912e-10
        dmean2: 6.63724908367e-10
        dvar: 3.0762156802e-19
        dvar2: 7.56415931535e-19
        max: -2.72876915562e-14
        mean: -8.66475835526e-10
        min: -4.53956960911e-09
        var: 5.8279454667e-19
    spectral_energy:
        dmean: 0.00186740118079
        dmean2: 0.00287783145905
        dvar: 5.91641082792e-06
        dvar2: 1.43933420986e-05
        max: 0.0223907344043
        mean: 0.00377694610506
        min: 1.2034618635e-07
        var: 1.15609436762e-05
    spectral_energyband_high:
        dmean: 0.00010372219549
        dmean2: 0.000152540305862
        dvar: 7.8136231707e-08
        dvar2: 1.36689692454e-07
        max: 0.00593367265537
        mean: 0.000153598011821
        min: 1.26262766909e-09
        var: 2.79626391375e-07
    spectral_energyband_low:
        dmean: 0.000161898133229
        dmean2: 0.000267214112682
        dvar: 1.1640631925e-07
        dvar2: 2.48387038937e-07
        max: 0.00188326463103
        mean: 0.000369837944163
        min: 1.18067125521e-10
        var: 3.35414028996e-07
    spectral_energyband_middle_high:
        dmean: 0.00116102502216
        dmean2: 0.0016724653542
        dvar: 3.56045507033e-06
        dvar2: 8.61410990183e-06
        max: 0.0164015460759
        mean: 0.00212470185943
        min: 3.4318969e-08
        var: 7.46069963498e-06
    spectral_energyband_middle_low:
        dmean: 0.000788731849752
        dmean2: 0.00127210840583
        dvar: 1.72257534814e-06
        dvar2: 4.27404029324e-06
        max: 0.0107924565673
        mean: 0.00112880091183
        min: 2.92272250846e-08
        var: 2.13605198951e-06
    spectral_flatness_db:
        dmean: 0.0481009110808
        dmean2: 0.0719328224659
        dvar: 0.00277442042716
        dvar2: 0.00538647500798
        max: 0.675664305687
        mean: 0.259694248438
        min: 0.0825046375394
        var: 0.00582994474098
    spectral_flux:
        dmean: 0.0160657390952
        dmean2: 0.0250945985317
        dvar: 0.000225841460633
        dvar2: 0.000461270683445
        max: 0.131499513984
        mean: 0.0420282371342
        min: 0.000676457770169
        var: 0.000613362470176
    spectral_kurtosis:
        dmean: 5.09806776047
        dmean2: 8.29382705688
        dvar: 231.843673706
        dvar2: 417.944610596
        max: 224.419052124
        mean: 8.25580883026
        min: -1.01263844967
        var: 319.775268555
    spectral_rms:
        dmean: 0.000499534711707
        dmean2: 0.000722534605302
        dvar: 2.72919862709e-07
        dvar2: 5.82992754516e-07
        max: 0.00467382278293
        mean: 0.00170592684299
        min: 1.08356316559e-05
        var: 7.74638181156e-07
    spectral_rolloff:
        dmean: 706.53918457
        dmean2: 1134.73413086
        dvar: 997154
        dvar2: 1844872.5
        max: 8548.68164062
        mean: 2327.88476562
        min: 107.666015625
        var: 2114630.5
    spectral_skewness:
        dmean: 0.533674299717
        dmean2: 0.838104724884
        dvar: 0.85552573204
        dvar2: 1.55926048756
        max: 12.5127630234
        mean: 1.94997143745
        min: -0.377040535212
        var: 1.48902642727
    spectral_spread:
        dmean: 931373.5625
        dmean2: 1452989
        dvar: 1.59944369766e+12
        dvar2: 3.19500189696e+12
        max: 20143694
        mean: 4242743
        min: 356655.46875
        var: 3.78115588096e+12
    spectral_strongpeak:
        dmean: 0.37776055932
        dmean2: 0.603458285332
        dvar: 0.244414910674
        dvar2: 0.576243579388
        max: 3.61218571663
        mean: 0.63112193346
        min: 0.000502023845911
        var: 0.463950067759
    zerocrossingrate:
        dmean: 0.0153456572443
        dmean2: 0.0174187794328
        dvar: 0.000261939625489
        dvar2: 0.000296360405628
        max: 0.2568359375
        mean: 0.071344576776
        min: 0.005859375
        var: 0.00171392923221
    barkbands:
        dmean: [2.71383498784e-07, 4.60625524283e-05, 0.000142867298564, 7.46120276744e-05, 0.000123676130897, 3.28339920088e-05, 0.00017346907407, 0.00040476655704, 0.000186553021194, 0.000178525646334, 9.18428195291e-05, 8.94009426702e-05, 0.000183936455869, 0.00033554591937, 0.000171677849721, 0.000131809763843, 0.000154727400513, 0.000118703843327, 0.000175273846253, 6.16010001977e-05, 4.47302736575e-05, 2.93831362796e-05, 6.36301956547e-06, 4.38927554569e-06, 1.01607656688e-06, 1.70379337305e-08, 8.10695843789e-10]
        dmean2: [4.30013159303e-07, 7.39807146601e-05, 0.000241910413024, 0.000120103359222, 0.00018826701853, 5.77259306738e-05, 0.000285118963802, 0.000687395688146, 0.000294969970128, 0.000270982563961, 0.000123916906887, 0.000143792189192, 0.000286802853225, 0.000530853285454, 0.000296463083941, 0.000200886483071, 0.000231646205066, 0.000179227936314, 0.000258795509581, 0.000100658973679, 6.41877122689e-05, 4.28877247032e-05, 8.59014107846e-06, 7.09131245458e-06, 1.55243958488e-06, 2.45112481423e-08, 9.46493217135e-10]
        dvar: [2.9027371869e-13, 7.39894767676e-09, 9.58897885539e-08, 3.18414130618e-08, 3.59769032343e-08, 3.63982977092e-08, 1.4719370256e-07, 1.30719683966e-06, 1.93595127485e-07, 3.15951126595e-07, 3.44749366832e-08, 4.02578734793e-08, 1.39715524483e-07, 4.64371481712e-07, 2.43875405204e-07, 1.03336127211e-07, 4.82484487918e-08, 4.53782860177e-08, 6.26061833486e-08, 1.91118711967e-08, 2.71294879894e-08, 5.25816634678e-09, 4.54860482613e-10, 2.81830586646e-10, 1.64552729082e-11, 3.7631937429e-15, 1.78558568688e-16]
        dvar2: [7.16055036445e-13, 1.84002306725e-08, 2.05456373692e-07, 8.14879044242e-08, 8.62986766492e-08, 1.00857306506e-07, 3.17021431329e-07, 3.46745559909e-06, 4.03318978215e-07, 6.69839323564e-07, 6.1547900998e-08, 1.07470732758e-07, 3.53801368647e-07, 1.15787952382e-06, 6.96615586548e-07, 2.42227116587e-07, 1.08733743787e-07, 9.28475003548e-08, 1.19899965512e-07, 4.33462901128e-08, 5.28272572353e-08, 1.18906582358e-08, 6.82221612536e-10, 6.32496000019e-10, 3.22199211755e-11, 8.37397608666e-15, 1.78766899088e-16]
        max: [3.89995511796e-06, 0.000562413828447, 0.00164262403268, 0.00176557013765, 0.00155963422731, 0.00309941195883, 0.00344118149951, 0.0101785864681, 0.00598334008828, 0.00586054101586, 0.00186719046906, 0.00161346723326, 0.00274125812575, 0.00531102903187, 0.00391482515261, 0.00399150745943, 0.00227899407037, 0.00264848629013, 0.00282101682387, 0.00240498199128, 0.00374041032046, 0.00132656737696, 0.000350960501237, 0.000213175924728, 6.50316578685e-05, 8.16759438749e-07, 2.77917990843e-07]
        mean: [3.31470914716e-07, 8.27935655252e-05, 0.000286725524347, 0.000162484924658, 0.000166236262885, 2.56333860307e-05, 0.000183205702342, 0.000334377138643, 0.000207110133488, 0.000196523193154, 0.000164005003171, 0.000106847866846, 0.000261869019596, 0.000397884577978, 0.000147798156831, 0.000151435480802, 0.00024509881041, 0.000208523968467, 0.000249597098446, 8.15812891233e-05, 5.60078296985e-05, 4.53566535725e-05, 9.56510029937e-06, 4.69571341455e-06, 1.24244456856e-06, 1.8798401058e-08, 7.91218202068e-10]
        min: [3.58862570736e-13, 1.26663046371e-11, 8.54789988791e-11, 2.33322083876e-10, 6.20088114189e-09, 2.21389906407e-09, 2.73129563411e-09, 2.61136279267e-10, 5.95517579693e-10, 6.6034633317e-10, 7.34708294203e-10, 1.10679942988e-09, 1.3293746659e-10, 6.56558557521e-11, 2.70752142928e-10, 5.85935300279e-10, 2.78238632134e-09, 1.70408087641e-09, 1.65626434789e-09, 1.06262776356e-09, 2.03146999223e-10, 1.64491434362e-10, 4.37910471773e-11, 2.03109022656e-11, 1.91089071649e-11, 6.29066514591e-13, 6.24598571648e-14]
        var: [4.81785835185e-13, 1.49174717023e-08, 2.48568085226e-07, 1.41257032737e-07, 5.17274827416e-08, 2.44961846363e-08, 1.61715774993e-07, 1.15005980206e-06, 2.74070941941e-07, 4.13056881143e-07, 1.22369669953e-07, 4.68168366297e-08, 2.3638065727e-07, 5.99550844527e-07, 1.68610881701e-07, 1.19539024013e-07, 1.1247117726e-07, 1.36007528795e-07, 1.40864628406e-07, 4.29912461186e-08, 8.29562338822e-08, 1.50659253961e-08, 1.1605229e-09, 3.49588247239e-10, 2.50596488005e-11, 5.09685050648e-15, 1.78682685484e-16]
    mfcc:
        mean: [-817.661315918, 91.0988235474, -68.2789459229, 27.789100647, -12.0251483917, -12.5040798187, -18.5610904694, -8.23817920685, -15.8187646866, -14.5366382599, 3.80515480042, -15.1514081955, -9.4021692276]
        cov: [[11583.8095703, -1360.41333008, -3246.07788086, -2276.71923828, -1090.85046387, -297.784088135, -234.897583008, 711.827453613, -89.3823776245, 347.646392822, 549.240722656, -436.451141357, -190.952850342], [-1360.41333008, 3537.00366211, 659.008300781, 826.78338623, 788.090393066, -2.9909055233, 226.466293335, 198.929519653, 314.910461426, 108.550445557, 298.965148926, 254.286209106, 172.413986206], [-3246.07788086, 659.008300781, 3682.41821289, 2413.56494141, 1613.96130371, 1112.30432129, 804.11730957, 225.493301392, 654.578735352, 502.237182617, 43.8244972229, 619.658996582, 327.707122803], [-2276.71923828, 826.78338623, 2413.56494141, 2165.55151367, 1363.92358398, 912.202331543, 581.200561523, 196.878601074, 646.712524414, 419.272216797, 113.203155518, 447.286651611, 257.920135498], [-1090.85046387, 788.090393066, 1613.96130371, 1363.92358398, 1388.27124023, 763.457763672, 426.940887451, 202.890075684, 501.122833252, 436.554046631, 200.002822876, 272.061706543, 178.617797852], [-297.784088135, -2.9909055233, 1112.30432129, 912.202331543, 763.457763672, 952.528686523, 568.020080566, 296.037750244, 433.89239502, 281.783294678, 94.7201309204, 232.357574463, 59.7785186768], [-234.897583008, 226.466293335, 804.11730957, 581.200561523, 426.940887451, 568.020080566, 731.922668457, 359.706512451, 314.550140381, 214.566299438, 66.6282348633, 222.936569214, 81.2495040894], [711.827453613, 198.929519653, 225.493301392, 196.878601074, 202.890075684, 296.037750244, 359.706512451, 519.497131348, 244.407043457, 160.435974121, 163.047073364, 49.0437393188, 56.6912574768], [-89.3823776245, 314.910461426, 654.578735352, 646.712524414, 501.122833252, 433.89239502, 314.550140381, 244.407043457, 450.637756348, 236.746002197, 95.5545425415, 150.463195801, 97.9117355347], [347.646392822, 108.550445557, 502.237182617, 419.272216797, 436.554046631, 281.783294678, 214.566299438, 160.435974121, 236.746002197, 399.430297852, 118.894714355, 114.676841736, 111.586128235], [549.240722656, 298.965148926, 43.8244972229, 113.203155518, 200.002822876, 94.7201309204, 66.6282348633, 163.047073364, 95.5545425415, 118.894714355, 233.107009888, 24.2777404785, 39.3247833252], [-436.451141357, 254.286209106, 619.658996582, 447.286651611, 272.061706543, 232.357574463, 222.936569214, 49.0437393188, 150.463195801, 114.676841736, 24.2777404785, 254.379135132, 63.3590621948], [-190.952850342, 172.413986206, 327.707122803, 257.920135498, 178.617797852, 59.7785186768, 81.2495040894, 56.6912574768, 97.9117355347, 111.586128235, 39.3247833252, 63.3590621948, 166.661392212]]
        icov: [[0.000203342176974, 5.96429090365e-05, 0.000139071504236, 0.000154957946506, 7.42310876376e-05, -0.000108303094748, 0.000118861476949, -0.000206993543543, -8.78882055986e-05, -0.000328731897753, -0.000353949406417, -0.000142505232361, 3.91913272324e-05], [5.96429090365e-05, 0.000511766993441, 0.000190243983525, -0.000105963030364, -0.000472194195027, 0.000611161463894, -0.000195914137294, -0.000146391234011, -0.00022516696481, 0.000373067654436, -0.000503206276335, -0.00051630375674, -4.15081558458e-05], [0.000139071504236, 0.000190243983525, 0.00149624305777, -0.0010540431831, -0.0005676219007, -2.2930536943e-05, -0.000133419220219, -0.000468199024908, 0.00070394796785, -0.00014213231043, 0.000511919206474, -0.00118538737297, -0.000496004824527], [0.000154957946506, -0.000105963030364, -0.0010540431831, 0.00294480775483, -0.000648198649287, -0.000490942038596, 0.000326071545715, 0.000384849961847, -0.00158663431648, 0.000182348536327, -0.00037217195495, -0.000426402082667, -0.000556680781301], [7.42310876376e-05, -0.000472194195027, -0.0005676219007, -0.000648198649287, 0.00351236015558, -0.00155925378203, 0.000451070809504, 0.000720128824469, -0.000327627552906, -0.00161810079589, -0.0013561892556, 0.00127472321037, 0.000134122761665], [-0.000108303094748, 0.000611161463894, -2.2930536943e-05, -0.000490942038596, -0.00155925378203, 0.00433436734602, -0.00185552844778, -0.000163752323715, -0.00129588251002, 0.000642877887003, -9.30516398512e-05, -0.000435204798123, 0.00164355128072], [0.000118861476949, -0.000195914137294, -0.000133419220219, 0.000326071545715, 0.000451070809504, -0.00185552844778, 0.00415986310691, -0.00217443308793, 0.000193450949155, -0.000601469830144, 0.000994508736767, -0.00172627682332, -0.000298963743262], [-0.000206993543543, -0.000146391234011, -0.000468199024908, 0.000384849961847, 0.000720128824469, -0.000163752323715, -0.00217443308793, 0.00503952708095, -0.0018338020891, 0.00023760239128, -0.00238153804094, 0.00186185876373, -0.000355532392859], [-8.78882055986e-05, -0.00022516696481, 0.00070394796785, -0.00158663431648, -0.000327627552906, -0.00129588251002, 0.000193450949155, -0.0018338020891, 0.00680784927681, -0.00120325700846, 0.00116954615805, -0.000551319913939, -0.000711371481884], [-0.000328731897753, 0.000373067654436, -0.00014213231043, 0.000182348536327, -0.00161810079589, 0.000642877887003, -0.000601469830144, 0.00023760239128, -0.00120325700846, 0.00586411217228, -0.000750128296204, -0.000691478897352, -0.00182878575288], [-0.000353949406417, -0.000503206276335, 0.000511919206474, -0.00037217195495, -0.0013561892556, -9.30516398512e-05, 0.000994508736767, -0.00238153804094, 0.00116954615805, -0.000750128296204, 0.00848110485822, -0.00062426464865, -0.000452167616459], [-0.000142505232361, -0.00051630375674, -0.00118538737297, -0.000426402082667, 0.00127472321037, -0.000435204798123, -0.00172627682332, 0.00186185876373, -0.000551319913939, -0.000691478897352, -0.00062426464865, 0.00873202178627, -2.57050396613e-05], [3.91913272324e-05, -4.15081558458e-05, -0.000496004824527, -0.000556680781301, 0.000134122761665, 0.00164355128072, -0.000298963743262, -0.000355532392859, -0.000711371481884, -0.00182878575288, -0.000452167616459, -2.57050396613e-05, 0.00921708997339]]
    spectral_contrast:
        mean: [1.04152553249e-09, -2.02427603568e-08, -1.07566677343e-07, -1.94683153154e-07, -3.30885285393e-07, -7.70296679775e-08, -8.29763013854e-09, 2.42567398345e-06, 1.9361137138e-09, 8.93793071555e-07, -1.45485114444e-06, -8.02657439181e-07]
        var: [0.000921014230698, 0.00189318310004, 0.00251046242192, 0.00596562819555, 0.010154186748, 0.0428580828011, 0.147791460156, 0.232554093003, 0.42696672678, 1.13097834587, 4.82121562958, 5.08899641037]

rhythm:
    beats_loudness:
        dmean: 0.00326262437738
        dmean2: 0.00613577011973
        dvar: 9.16131102713e-06
        dvar2: 2.64815716946e-05
        max: 0.0130182318389
        mean: 0.00480410922319
        min: 0.00134805031121
        var: 8.04501360108e-06
    beats_loudness_bass:
        dmean: 0.178996443748
        dmean2: 0.335080295801
        dvar: 0.0593718402088
        dvar2: 0.166030004621
        max: 0.807142734528
        mean: 0.119568608701
        min: 4.06649490969e-07
        var: 0.0409045182168
    bpm: 124.471130371
    bpm_confidence: 0
    first_peak_bpm: 126
    first_peak_spread: 0.388888895512
    first_peak_weight: 0.578947365284
    onset_rate: 5.39735603333
    second_peak_bpm: 75
    second_peak_spread: 0
    second_peak_weight: 0.0526315793395
    beats_position: [0.14960680902, 0.624041259289, 1.09847569466, 1.57291007042, 2.04734444618, 2.52177882195, 2.99621343613, 3.47064805031, 3.94508242607, 4.41951704025, 4.89395141602, 5.36838579178, 6.17079019547, 6.6580414772, 7.14529275894, 7.63254356384, 8.11979484558, 8.60704612732, 9.09429740906, 9.5815486908]
    bpm_estimates: [125.991577148, 126.944763184, 123.137542725, 123.062789917, 123.218986511]
    bpm_intervals: [0.474434435368, 0.474434435368, 0.474434375763, 0.474434375763, 0.474434375763, 0.474434614182, 0.474434614182, 0.474434375763, 0.474434614182, 0.474434375763, 0.474434375763, 0.802404403687, 0.487251281738, 0.487251281738, 0.487250804901, 0.487251281738, 0.487251281738, 0.487251281738, 0.487251281738]
    onset_times: [0.0464399084449, 0.255419492722, 0.383129239082, 0.522448956966, 0.626938760281, 0.847528338432, 0.96362811327, 1.17260766029, 1.35836732388, 1.47446715832, 1.98530614376, 2.17106580734, 2.29877543449, 2.83283448219, 3.08825397491, 3.27401351929, 3.61070299149, 3.75002264977, 4.12154197693, 4.2492518425, 4.37696123123, 4.43501138687, 4.73687076569, 4.8994102478, 5.05034017563, 5.13160991669, 5.24770975113, 5.3754196167, 5.51473903656, 5.73532867432, 5.85142850876, 5.99074840546, 6.1648979187, 6.48997735977, 6.65251684189, 6.81505680084, 6.9543762207, 7.11691617966, 7.32589578629, 7.45360565186, 7.60453510284, 7.7670750618, 7.9644446373, 8.103764534, 8.25469398499, 8.59138298035, 8.70748329163, 8.893242836, 8.98612213135, 9.27637195587, 9.41569137573, 9.5666217804, 9.79882049561, 9.90331077576]
    rubato_start: []
    rubato_stop: []
    perceptual_tempo: "unknown"

sfx:
    inharmonicity:
        dmean: 0.0481385961175
        dmean2: 0.0839156657457
        dvar: 0.00408591330051
        dvar2: 0.0118317529559
        max: 0.482642889023
        mean: 0.0444516055286
        min: 0
        var: 0.00384500715882
    oddtoevenharmonicenergyratio:
        dmean: 4.46548175812
        dmean2: 7.92588424683
        dvar: 169.047851562
        dvar2: 405.163787842
        max: 179.690917969
        mean: 3.48306798935
        min: 0
        var: 153.182479858
    pitch_after_max_to_before_max_energy_ratio: 0.126724645495
    pitch_centroid: 198.021255493
    pitch_max_to_total: 0.886310875416
    pitch_min_to_total: 0.932714641094
    tristimulus:
        dmean: [0.228484734893, 0.257943987846, 0.121583603323]
        dmean2: [0.395723968744, 0.442992538214, 0.216848939657]
        dvar: [0.052656006068, 0.0533991567791, 0.0279460903257]
        dvar2: [0.129980251193, 0.138107508421, 0.0844096392393]
        max: [1, 0.975825607777, 0.958243131638]
        mean: [0.351433575153, 0.502229094505, 0.110517062247]
        min: [0.000111190900498, 0, 0]
        var: [0.0839469209313, 0.0848098620772, 0.0263604391366]

tonal:
    chords_changes_rate: 0.119815669954
    chords_number_rate: 0.0506912432611
    chords_strength:
        dmean: 0.0192979779094
        dmean2: 0.0221631135792
        dvar: 0.000285758200334
        dvar2: 0.000355267926352
        max: 0.66336452961
        mean: 0.44683432579
        min: 0.224916830659
        var: 0.0110041964799
    key_strength: 0.408259510994
    tuning_diatonic_strength: 0.307479500771
    tuning_equal_tempered_deviation: 0.219882562757
    tuning_frequency: 436.960693359
    tuning_nontempered_energy_ratio: 0.868754923344
    hpcp:
        dmean: [0.149013876915, 0.166313380003, 0.234950572252, 0.264391511679, 0.233621150255, 0.205226689577, 0.218948543072, 0.251159071922, 0.201398193836, 0.165238931775, 0.160335361958, 0.154126346111, 0.158789366484, 0.172775879502, 0.157818615437, 0.143857061863, 0.13183093071, 0.133359715343, 0.13001909852, 0.130163386464, 0.119920954108, 0.101589977741, 0.106417529285, 0.123808175325, 0.13526250422, 0.134313672781, 0.153255835176, 0.165398016572, 0.18328808248, 0.216536223888, 0.195539399981, 0.170050606132, 0.187670961022, 0.171385958791, 0.133173957467, 0.140085667372]
        dmean2: [0.274678856134, 0.30412453413, 0.418557673693, 0.469980597496, 0.419498741627, 0.354550987482, 0.374047487974, 0.450786978006, 0.355659604073, 0.293882727623, 0.28567135334, 0.265916675329, 0.271252125502, 0.304978787899, 0.27845788002, 0.257030904293, 0.227818369865, 0.234773591161, 0.217256948352, 0.234798625112, 0.213086843491, 0.179722577333, 0.179374396801, 0.213270768523, 0.23047144711, 0.227618157864, 0.250690311193, 0.281817704439, 0.31287047267, 0.392212897539, 0.349781423807, 0.294405728579, 0.322820693254, 0.304101705551, 0.231417030096, 0.247832283378]
        dvar: [0.0416646935046, 0.0490873157978, 0.0712558925152, 0.0863673388958, 0.0739631652832, 0.0604022555053, 0.0727641880512, 0.0760320797563, 0.0633286610246, 0.0526885837317, 0.0502235032618, 0.0523225106299, 0.0538849532604, 0.046841789037, 0.0518831424415, 0.0442393608391, 0.0359879173338, 0.0388833023608, 0.0279565621167, 0.027686515823, 0.0269163455814, 0.0243872385472, 0.0227563474327, 0.0301861893386, 0.0395730398595, 0.0396354869008, 0.044447299093, 0.0561341568828, 0.0552670098841, 0.0755550041795, 0.065001539886, 0.0475256741047, 0.0604721494019, 0.0467837080359, 0.0329887159169, 0.0368864387274]
        dvar2: [0.11008387804, 0.128320857882, 0.181165218353, 0.211486384273, 0.19921143353, 0.142934843898, 0.183579429984, 0.227169513702, 0.185546040535, 0.134582057595, 0.128869354725, 0.133517816663, 0.140076622367, 0.117026492953, 0.127136573195, 0.108277261257, 0.0902968719602, 0.0847254022956, 0.0589620172977, 0.0770537853241, 0.0715437978506, 0.0646023452282, 0.056342381984, 0.0764403790236, 0.0959045290947, 0.0879825055599, 0.107129082084, 0.141176477075, 0.13483518362, 0.205953329802, 0.173106431961, 0.118608094752, 0.169396996498, 0.128869667649, 0.0875435620546, 0.0971618741751]
        max: [0.911615014076, 1, 1, 1, 1, 1, 1, 1, 1, 1, 1, 1, 1, 1, 1, 1, 1, 1, 1, 1, 1, 0.887964248657, 1, 1, 1, 1, 1, 1, 1, 1, 1, 1, 1, 1, 1, 1]
        mean: [0.127709835768, 0.153018593788, 0.240087598562, 0.283483594656, 0.228242903948, 0.195555850863, 0.213698193431, 0.215096279979, 0.179167792201, 0.148426175117, 0.149787738919, 0.185754403472, 0.208387583494, 0.177410647273, 0.141407817602, 0.125170767307, 0.130955919623, 0.182875782251, 0.182241916656, 0.122960761189, 0.099952109158, 0.0934854745865, 0.102798588574, 0.122761160135, 0.132020488381, 0.134206950665, 0.140285715461, 0.152803167701, 0.17321562767, 0.179453238845, 0.167237088084, 0.170292705297, 0.17901109159, 0.153937131166, 0.118942499161, 0.118457980454]
        min: [3.37068813678e-05, 7.27928272681e-05, 0.000224863077165, 0.000178469097591, 9.99561234494e-05, 0.00011382993398, 2.18087734538e-05, 2.33609243878e-05, 2.05429914786e-05, 2.92509939754e-05, 4.44362849521e-05, 3.42378662026e-05, 2.10121961572e-05, 1.78476293513e-05, 1.53927558131e-05, 1.11261642814e-05, 9.82087440207e-05, 0.000118743468192, 3.41085506079e-05, 2.73493606073e-05, 9.47341686697e-06, 8.99100086826e-06, 9.27730434341e-06, 7.96720814833e-06, 1.27468611026e-05, 1.60815179697e-05, 1.36085755003e-05, 2.00350732484e-05, 3.27691523125e-05, 0.000117747331387, 0.000155985617312, 9.03815453057e-05, 0.000102580874227, 0.000117861563922, 1.9049992261e-05, 2.05751421163e-05]
        var: [0.0377975553274, 0.0541141666472, 0.0952575281262, 0.123763822019, 0.0785935074091, 0.074576549232, 0.0816694423556, 0.0825892686844, 0.0667960718274, 0.055668130517, 0.0544047541916, 0.0753409937024, 0.0959059000015, 0.0621211566031, 0.0547827295959, 0.0472076907754, 0.0422460883856, 0.0766623690724, 0.0691499784589, 0.0268071480095, 0.0238611102104, 0.0229744333774, 0.0273209940642, 0.0379248410463, 0.0482513792813, 0.0538204535842, 0.0543088912964, 0.0599017776549, 0.0659627988935, 0.0724612623453, 0.0650613456964, 0.0615290552378, 0.069855928421, 0.0469876490533, 0.0320803746581, 0.0332543738186]
    chords_histogram: [7.8341012001, 21.1981563568, 0, 0, 0, 1.38248848915, 0, 6.45161294937, 12.4423961639, 0, 0, 0, 3.68663597107, 0, 5.99078321457, 22.1198158264, 1.84331798553, 0, 0, 0, 0, 0, 11.9815664291, 5.0691242218]
    thpcp: [1, 0.805136203766, 0.689831256866, 0.75382912159, 0.758760929108, 0.632021725178, 0.523579418659, 0.528382360935, 0.655256271362, 0.735095739365, 0.625823318958, 0.498821884394, 0.441545009613, 0.461952388287, 0.645101845264, 0.64286583662, 0.433749139309, 0.352585166693, 0.329773843288, 0.362626224756, 0.43304502964, 0.465707689524, 0.473420530558, 0.494863599539, 0.539019465446, 0.611025214195, 0.633028626442, 0.589935660362, 0.600714504719, 0.631468951702, 0.543019533157, 0.419574528933, 0.417865395546, 0.450501680374, 0.539779365063, 0.846918821335]
    chords_key: "G"
    chords_scale: "major"
    key_key: "D#"
    key_scale: "minor"
    chords_progression: ["F#", "F#", "F#", "F#", "F#", "F#", "F#", "F#", "F#", "F#", "F#", "F#", "F#", "F#", "F#", "F#", "F#", "F#", "F#", "F#", "F#", "F#", "F#", "F#", "F#", "F#", "F#", "F#", "F#", "F#", "F#", "Gm", "Gm", "Gm", "Gm", "D#", "Gm", "Gm", "Gm", "Gm", "Gm", "Gm", "Gm", "Gm", "Gm", "Gm", "Gm", "Gm", "Gm", "Gm", "Gm", "Gm", "Gm", "G", "Gm", "Gm", "G", "Gm", "Gm", "Gm", "Gm", "G", "G", "G", "G", "G", "G", "G", "G", "G", "G", "G", "Bm", "Bm", "Em", "Em", "Em", "Em", "Em", "Em", "Em", "Em", "Em", "Em", "Em", "Em", "Em", "Am", "Am", "Am", "Am", "Am", "Am", "Am", "Am", "G#m", "G#m", "G#m", "G#m", "G#m", "G#m", "G#m", "G#m", "G#m", "G#m", "G#m", "G#m", "G#m", "G#m", "G#m", "G", "G", "G", "G", "G#m", "G#m", "G#m", "G#m", "G#m", "G#m", "G#m", "G#m", "G#m", "G#m", "G#m", "G", "G", "G", "G", "G", "G", "G", "G", "G", "G", "G", "G", "G", "G", "G", "G", "G", "G", "G", "G", "G", "G", "G#", "G#", "G", "G#", "G", "G", "G", "G", "G", "G", "G", "G", "Bm", "Bm", "B", "B", "B", "B", "B", "B", "B", "B", "F#", "F#", "F#", "F#", "F#", "F#", "F#", "F#", "F#", "F#", "F#", "F#", "F#", "F#", "F#", "D#m", "D#m", "D#m", "B", "B", "B", "D#m", "D#m", "D#m", "D#m", "D#m", "D#m", "D#m", "D#m", "D#m", "D#m", "D#m", "D#m", "D#m", "D#m", "D#", "D#", "D#", "D#", "D#", "D#", "D#", "D#", "D#", "D#", "D#", "D#", "D#"]
