
metadata:
    version:
        essentia: "1.2.2"
    audio_properties:
        analysis_sample_rate: 44100
        bitrate: 128
        channels: 2
        equal_loudness: 1
        length: 10.0048980713
        replay_gain: -11.9161815643
        downmix: "mix"
    tags:
        track: 23
        year: 0
        album: "Splitted by Mp3Splt v. 2.1"
        artist: "From 003.40 To 003.50"
        comment: "http://mp3splt.sf.net"
        genre: ""
        title: "12 Easy-Lucky-Free.mp3"

highlevel:
    ballroom:
        all:
            ChaChaCha: 0.042750492692
            Jive: 0.10307726264
            Quickstep: 0.147799164057
            Rumba-American: 0.0151411928236
            Rumba-International: 0.176352545619
            Rumba-Misc: 0.10244230181
            Samba: 0.0678591504693
            Tango: 0.0390172041953
            VienneseWaltz: 0.2443113029
            Waltz: 0.0612493827939
        probability: 0.2443113029
        value: "VienneseWaltz"
    culture:
        all:
            non_western: 0.0673050358891
            western: 0.932694971561
        probability: 0.932694971561
        value: "western"
    gender:
        all:
            female: 0.589149177074
            male: 0.410850852728
        probability: 0.589149177074
        value: "female"
    genre_dortmund:
        all:
            alternative: 0.145658910275
            blues: 0.0131119005382
            electronic: 0.0347479395568
            folkcountry: 0.0840300768614
            funksoulrnb: 0.0956352800131
            jazz: 0.00852426793426
            pop: 0.0667311400175
            raphiphop: 0.0130563471466
            rock: 0.538504123688
        probability: 0.538504123688
        value: "rock"
    genre_electronica:
        all:
            ambient: 0.252642452717
            dnb: 0.0875320509076
            house: 0.0380119159818
            techno: 0.00611987104639
            trance: 0.615693688393
        probability: 0.615693688393
        value: "trance"
    genre_rosamerica:
        all:
            cla: 0.0281985159963
            dan: 0.066012263298
            hip: 0.00771204940975
            jaz: 0.0106094395742
            pop: 0.193090558052
            rhy: 0.07644328475
            roc: 0.613082528114
            spe: 0.00485135009512
        probability: 0.613082528114
        value: "roc"
    genre_tzanetakis:
        all:
            blu: 0.0129838939756
            cla: 0.0233282055706
            cou: 0.152503952384
            dis: 0.0428350418806
            hip: 0.00574186909944
            jaz: 0.0226003117859
            met: 0.0116159180179
            pop: 0.530509054661
            reg: 0.0964442491531
            roc: 0.10143751651
        probability: 0.530509054661
        value: "pop"
    live_studio:
        all:
            live: 0.911065161228
            studio: 0.0889348611236
        probability: 0.911065161228
        value: "live"
    mood:
        all:
            Cluster1: 0.181454047561
            Cluster2: 0.246397972107
            Cluster3: 0.415682315826
            Cluster4: 0.0591653101146
            Cluster5: 0.0973003432155
        probability: 0.415682315826
        value: "Cluster3"
    mood_acoustic:
        all:
            acoustic: 0.121793963015
            not_acoustic: 0.878206014633
        probability: 0.878206014633
        value: "not_acoustic"
    mood_aggressive:
        all:
            aggressive: 0.0946142971516
            not_aggressive: 0.905385732651
        probability: 0.905385732651
        value: "not_aggressive"
    mood_electronic:
        all:
            electronic: 0.374393612146
            not_electronic: 0.625606358051
        probability: 0.625606358051
        value: "not_electronic"
    mood_happy:
        all:
            happy: 0.842354416847
            not_happy: 0.157645598054
        probability: 0.842354416847
        value: "happy"
    mood_party:
        all:
            not_party: 0.717189729214
            party: 0.282810270786
        probability: 0.717189729214
        value: "not_party"
    mood_relaxed:
        all:
            not_relaxed: 0.5
            relaxed: 0.5
        probability: 0.5
        value: "not_relaxed"
    mood_sad:
        all:
            not_sad: 0.367534905672
            sad: 0.63246512413
        probability: 0.63246512413
        value: "sad"
    rhythm:
        all:
            fast: 0.172458589077
            medium: 0.662916839123
            slow: 0.164624556899
        probability: 0.662916839123
        value: "medium"
    speech_music:
        all:
            music: 0.999845027924
            speech: 0.000154976980411
        probability: 0.999845027924
        value: "music"
    timbre:
        all:
            bright: 0.82243257761
            dark: 0.177567407489
        probability: 0.82243257761
        value: "bright"
    voice_instrumental:
        all:
            instrumental: 0.00489639816806
            voice: 0.995103597641
        probability: 0.995103597641
        value: "voice"

lowlevel:
    average_loudness: 0.970946311951
    barkbands_kurtosis:
        dmean: 0.943633198738
        dmean2: 1.53648424149
        dvar: 1.30522048473
        dvar2: 3.09612083435
        max: 9.91657352448
        mean: 0.5152785182
        min: -1.69558918476
        var: 3.24381995201
    barkbands_skewness:
        dmean: 0.36285585165
        dmean2: 0.565422236919
        dvar: 0.0925489887595
        dvar2: 0.221330866218
        max: 3.12663030624
        mean: 0.993027329445
        min: -1.08853650093
        var: 0.422124803066
    barkbands_spread:
        dmean: 3.80251598358
        dmean2: 5.79220867157
        dvar: 16.2286567688
        dvar2: 34.7286567688
        max: 46.0617637634
        mean: 21.357000351
        min: 6.67261743546
        var: 52.8046455383
    dissonance:
        dmean: 0.0239739846438
        dmean2: 0.0409744530916
        dvar: 0.000427732447861
        dvar2: 0.00111273105722
        max: 0.499992579222
        mean: 0.452312886715
        min: 0.310182750225
        var: 0.00085497245891
    hfc:
        dmean: 1.14924299717
        dmean2: 1.68397068977
        dvar: 2.47592496872
        dvar2: 4.66148042679
        max: 17.7931594849
        mean: 4.35899686813
        min: 8.41140206376e-07
        var: 11.2154445648
    pitch:
        dmean: 188.565765381
        dmean2: 364.0496521
        dvar: 378908.125
        dvar2: 1058299.5
        max: 4410
        mean: 322.87890625
        min: 77.5043945312
        var: 259480.21875
    pitch_instantaneous_confidence:
        dmean: 0.081046551466
        dmean2: 0.127451434731
        dvar: 0.00521559547633
        dvar2: 0.0122752487659
        max: 0.785201191902
        mean: 0.409875065088
        min: 0.00968492031097
        var: 0.0152340009809
    pitch_salience:
        dmean: 0.0658074840903
        dmean2: 0.107736922801
        dvar: 0.00284428079613
        dvar2: 0.00731509923935
        max: 0.835596263409
        mean: 0.593340754509
        min: 0.331529140472
        var: 0.00678534898907
    silence_rate_20dB:
        dmean: 0
        dmean2: 0
        dvar: 0
        dvar2: 0
        max: 1
        mean: 1
        min: 1
        var: 0
    silence_rate_30dB:
        dmean: 0
        dmean2: 0
        dvar: 0
        dvar2: 0
        max: 1
        mean: 1
        min: 1
        var: 0
    silence_rate_60dB:
        dmean: 0.106728538871
        dmean2: 0.213953495026
        dvar: 0.0953373908997
        dvar2: 0.182131037116
        max: 1
        mean: 0.342592597008
        min: 0
        var: 0.225223377347
    spectral_centroid:
        dmean: 160.583999634
        dmean2: 242.05480957
        dvar: 27970.1210938
        dvar2: 59494.640625
        max: 2441.91894531
        mean: 890.129333496
        min: 325.319061279
        var: 129305.242188
    spectral_complexity:
        dmean: 2.55813956261
        dmean2: 4.15384626389
        dvar: 7.16754961014
        dvar2: 15.6686439514
        max: 29
        mean: 11.1624126434
        min: 0
        var: 23.3193340302
    spectral_crest:
        dmean: 2.38041996956
        dmean2: 3.86650371552
        dvar: 4.44706439972
        dvar2: 11.5719442368
        max: 21.4015884399
        mean: 8.63837146759
        min: 3.31783032417
        var: 9.75522708893
    spectral_decrease:
        dmean: 2.9028981996e-10
        dmean2: 4.4298115176e-10
        dvar: 1.29067485443e-19
        dvar2: 3.09396180627e-19
        max: -6.64846801151e-16
        mean: -1.13504172727e-09
        min: -4.45663506099e-09
        var: 4.28082122868e-19
    spectral_energy:
        dmean: 0.00117564585526
        dmean2: 0.00177583470941
        dvar: 2.10293251257e-06
        dvar2: 4.94775440529e-06
        max: 0.018138974905
        mean: 0.0046792817302
        min: 2.58557930621e-09
        var: 7.35900857762e-06
    spectral_energyband_high:
        dmean: 4.6693465265e-05
        dmean2: 6.81138990331e-05
        dvar: 7.20386372777e-09
        dvar2: 1.55983155281e-08
        max: 0.000889335875399
        mean: 8.93854958122e-05
        min: 7.01244270984e-12
        var: 1.51388892533e-08
    spectral_energyband_low:
        dmean: 0.000194870503037
        dmean2: 0.000305238965666
        dvar: 8.60353068788e-08
        dvar2: 2.23736449811e-07
        max: 0.00306800799444
        mean: 0.000350595510099
        min: 9.80919567795e-10
        var: 1.88208844065e-07
    spectral_energyband_middle_high:
        dmean: 0.000432553642895
        dmean2: 0.000686037295964
        dvar: 3.33775687977e-07
        dvar2: 8.15833459455e-07
        max: 0.00661975285038
        mean: 0.00138661509845
        min: 1.89495766301e-10
        var: 1.45634282944e-06
    spectral_energyband_middle_low:
        dmean: 0.00098045670893
        dmean2: 0.00155368633568
        dvar: 1.83644397111e-06
        dvar2: 4.77838784718e-06
        max: 0.0143461627886
        mean: 0.00285263359547
        min: 1.20728005371e-09
        var: 3.76263915314e-06
    spectral_flatness_db:
        dmean: 0.0188161320984
        dmean2: 0.0272667333484
        dvar: 0.000347243214492
        dvar2: 0.000730292871594
        max: 0.270621627569
        mean: 0.164886787534
        min: 0.0837102606893
        var: 0.00118670321535
    spectral_flux:
        dmean: 0.00851134490222
        dmean2: 0.013219172135
        dvar: 9.33664050535e-05
        dvar2: 0.00017663964536
        max: 0.0972494781017
        mean: 0.0357579514384
        min: 5.08485936734e-05
        var: 0.000287797680357
    spectral_kurtosis:
        dmean: 2.59608268738
        dmean2: 3.99018764496
        dvar: 12.8456916809
        dvar2: 31.2691745758
        max: 34.1827316284
        mean: 7.76100683212
        min: 0.368898630142
        var: 29.5414485931
    spectral_rms:
        dmean: 0.000258008949459
        dmean2: 0.000382326019462
        dvar: 7.72636710167e-08
        dvar2: 1.63369008988e-07
        max: 0.00420672819018
        mean: 0.00204691593535
        min: 1.58824320806e-06
        var: 3.75290113652e-07
    spectral_rolloff:
        dmean: 398.815093994
        dmean2: 653.725524902
        dvar: 195896.09375
        dvar2: 409013.34375
        max: 4931.10351562
        mean: 1727.45214844
        min: 366.064453125
        var: 671524.0625
    spectral_skewness:
        dmean: 0.284605592489
        dmean2: 0.424816966057
        dvar: 0.0960551798344
        dvar2: 0.226536601782
        max: 4.09727859497
        mean: 2.10518026352
        min: 0.936559200287
        var: 0.316128790379
    spectral_spread:
        dmean: 653792.875
        dmean2: 805140.875
        dvar: 746721116160
        dvar2: 1.19028894925e+12
        max: 12377728
        mean: 4148372.5
        min: 1511860.5
        var: 2.31506051072e+12
    spectral_strongpeak:
        dmean: 0.259623676538
        dmean2: 0.446268647909
        dvar: 0.24933116138
        dvar2: 0.606913805008
        max: 5.62944030762
        mean: 0.48536375165
        min: 0
        var: 0.43449819088
    zerocrossingrate:
        dmean: 0.00688022328541
        dmean2: 0.00806972943246
        dvar: 3.84837658203e-05
        dvar2: 4.36461086792e-05
        max: 0.1142578125
        mean: 0.0576987564564
        min: 0.0263671875
        var: 0.000339336809702
    barkbands:
        dmean: [6.36261574982e-07, 7.80848858994e-05, 0.000134936257382, 0.000144872770761, 0.000559686217457, 0.000285080604954, 0.000168697690242, 0.000160786425113, 0.000280652951915, 5.48943280592e-05, 7.43472919567e-05, 9.56006260822e-05, 9.06368950382e-05, 8.66775735631e-05, 5.57880011911e-05, 0.000101065634226, 9.40361933317e-05, 7.79650581535e-05, 8.07835021988e-05, 5.14151797688e-05, 1.96085238713e-05, 7.82672395871e-06, 2.64767641056e-06, 1.55766883836e-06, 6.80229504724e-07, 3.54871296793e-08, 4.06001343656e-10]
        dmean2: [8.31977388316e-07, 0.000120340526337, 0.00021878129337, 0.000258931831922, 0.000921014812775, 0.000431806198321, 0.000287136383122, 0.000249638367677, 0.000444701756351, 8.23636655696e-05, 0.000123563659145, 0.000147361904965, 0.000154229259351, 0.000148720515426, 9.64063947322e-05, 0.000161376941833, 0.000153309883899, 0.000129876498249, 0.000128152401885, 7.62170457165e-05, 2.94963811029e-05, 1.10885321192e-05, 3.51048311131e-06, 2.19140247282e-06, 9.19065939797e-07, 4.95904721731e-08, 6.73101130388e-10]
        dvar: [4.51886011249e-12, 1.24202852447e-08, 6.02747292078e-08, 6.31055527833e-08, 4.94246592098e-07, 1.59223688456e-07, 1.96692980126e-07, 7.97262700303e-08, 4.77877733829e-07, 1.62769033807e-08, 1.74032397382e-08, 3.06080494283e-08, 6.04006729077e-08, 2.32948664802e-08, 1.11295843652e-08, 4.62745326502e-08, 2.81815211167e-08, 2.82162204712e-08, 2.26049259311e-08, 1.1353131768e-08, 1.64036373373e-09, 1.75959774529e-10, 2.52764528058e-11, 1.32360259905e-11, 2.88585366541e-12, 5.39181914245e-15, 3.93504267203e-19]
        dvar2: [5.23304056338e-12, 3.33511138706e-08, 1.66531577861e-07, 1.81476323746e-07, 1.31887941279e-06, 3.5841509316e-07, 5.53880909138e-07, 1.87584973332e-07, 1.264953994e-06, 2.97331972376e-08, 5.30283443823e-08, 6.03780776487e-08, 1.81345725991e-07, 6.69054642799e-08, 3.11624397398e-08, 9.98285543119e-08, 8.20406995672e-08, 7.65413190607e-08, 4.94537779616e-08, 2.25683844945e-08, 4.04847488866e-09, 3.47960715796e-10, 4.49463209706e-11, 2.66790287778e-11, 5.5686410344e-12, 1.18497859501e-14, 9.62202751506e-19]
        max: [4.11076980527e-05, 0.00067887728801, 0.00267640152015, 0.0025659087114, 0.00669554434717, 0.00506695499644, 0.00530143268406, 0.00365628907457, 0.00768722593784, 0.00169290276244, 0.00152905005962, 0.00264877313748, 0.0037927867379, 0.00142617535312, 0.00111768313218, 0.00323740718886, 0.00243043992668, 0.00193920708261, 0.00152890372556, 0.00139843998477, 0.00044439456542, 0.000145262150909, 7.65579388826e-05, 4.45595869678e-05, 2.57005794992e-05, 9.97248776002e-07, 5.81783643483e-09]
        mean: [1.06137042621e-06, 0.000135852285894, 0.000213741324842, 0.000148481412907, 0.00111453118734, 0.000614048854914, 0.000258717424003, 0.000262111774646, 0.000443856290076, 8.49079078762e-05, 0.000121756740555, 0.000157719943672, 0.000136910064612, 0.000123812584206, 9.56964504439e-05, 0.000191077313502, 0.000172762782313, 0.000122843601275, 0.000139485302498, 8.21152789285e-05, 3.56765376637e-05, 1.35136442623e-05, 4.76327295473e-06, 2.68342614618e-06, 1.11004760583e-06, 5.07361441748e-08, 4.3882708578e-10]
        min: [4.57689094957e-11, 5.21656717822e-10, 2.61544175206e-10, 1.96764146643e-10, 3.31202426596e-10, 2.33493974156e-10, 1.65731095514e-10, 1.18179105391e-10, 1.44027109683e-10, 9.28412485779e-11, 2.70123021173e-11, 8.07164231287e-12, 4.79040852125e-12, 5.77523532469e-12, 1.07382826589e-11, 3.11876253989e-11, 6.75774063444e-12, 3.61087483698e-12, 1.21457965213e-11, 6.80349960397e-12, 2.02959567555e-12, 1.32676107514e-12, 2.3235496101e-13, 1.87163096978e-13, 3.57028615656e-13, 2.72412951571e-13, 2.75471458795e-13]
        var: [6.05763182671e-12, 2.34368826568e-08, 1.13559551096e-07, 4.85889088964e-08, 9.88775127553e-07, 4.99009843224e-07, 2.09021337128e-07, 1.41051643254e-07, 5.47256433947e-07, 3.61939100912e-08, 2.60602579516e-08, 7.80999158678e-08, 1.00561649674e-07, 2.61003396673e-08, 1.2902483526e-08, 1.13170571581e-07, 6.17346458398e-08, 2.84154122454e-08, 4.61704594557e-08, 2.17818101333e-08, 2.84640910841e-09, 3.77682579655e-10, 7.50792275572e-11, 3.33691720089e-11, 5.88949418748e-12, 9.80829255163e-15, 5.07015134887e-19]
    mfcc:
        mean: [-728.562561035, 150.473052979, -44.0591049194, 36.5687484741, -7.74983024597, -8.72204017639, -8.60748100281, -4.23209428787, -4.79233646393, -6.38471078873, -7.13517618179, -5.88745975494, -6.59879779816]
        cov: [[4091.87060547, -1457.79797363, 228.125198364, -28.1256713867, -251.509628296, 40.6299209595, -74.0152130127, -80.466003418, -227.863174438, 0.455768465996, -13.1629419327, 2.33012080193, -53.3772392273], [-1457.79797363, 1155.95275879, -294.369476318, 23.8123817444, 138.687164307, -13.2495660782, 34.9407691956, 76.8999938965, 126.612701416, -27.5850048065, 10.3259162903, 12.6113853455, 16.255651474], [228.125198364, -294.369476318, 350.643798828, 39.8743171692, 5.04072713852, 63.916519165, 23.9894981384, -1.47733306885, 11.8942737579, 70.7311019897, 25.3218135834, 10.5248737335, 6.64879989624], [-28.1256713867, 23.8123817444, 39.8743171692, 169.172134399, 53.5558013916, 24.1035709381, 10.4614963531, 10.7081108093, 31.0409469604, 6.53793525696, 0.931081354618, 1.37923824787, 32.617816925], [-251.509628296, 138.687164307, 5.04072713852, 53.5558013916, 147.027267456, 35.0811347961, 17.8024921417, 30.1742305756, 59.235042572, -9.59338283539, -15.2276468277, 14.5719671249, 20.8460845947], [40.6299209595, -13.2495660782, 63.916519165, 24.1035709381, 35.0811347961, 121.117630005, 49.7352409363, 19.034538269, 36.1765327454, 18.0657138824, 17.9372310638, 18.8672637939, 11.5705709457], [-74.0152130127, 34.9407691956, 23.9894981384, 10.4614963531, 17.8024921417, 49.7352409363, 114.90447998, 22.2038497925, 11.3392486572, 12.1368598938, 18.7768478394, 12.6357126236, 14.6686592102], [-80.466003418, 76.8999938965, -1.47733306885, 10.7081108093, 30.1742305756, 19.034538269, 22.2038497925, 81.862411499, 51.4592208862, 8.08430957794, 2.19645261765, 12.8150434494, 15.1646156311], [-227.863174438, 126.612701416, 11.8942737579, 31.0409469604, 59.235042572, 36.1765327454, 11.3392486572, 51.4592208862, 131.947952271, 32.8099937439, 23.7491989136, 26.042383194, 14.0526628494], [0.455768465996, -27.5850048065, 70.7311019897, 6.53793525696, -9.59338283539, 18.0657138824, 12.1368598938, 8.08430957794, 32.8099937439, 115.462142944, 45.0841178894, 8.14271736145, 3.67751717567], [-13.1629419327, 10.3259162903, 25.3218135834, 0.931081354618, -15.2276468277, 17.9372310638, 18.7768478394, 2.19645261765, 23.7491989136, 45.0841178894, 82.3749389648, 17.6928157806, -2.22504806519], [2.33012080193, 12.6113853455, 10.5248737335, 1.37923824787, 14.5719671249, 18.8672637939, 12.6357126236, 12.8150434494, 26.042383194, 8.14271736145, 17.6928157806, 51.1840858459, 19.9341011047], [-53.3772392273, 16.255651474, 6.64879989624, 32.617816925, 20.8460845947, 11.5705709457, 14.6686592102, 15.1646156311, 14.0526628494, 3.67751717567, -2.22504806519, 19.9341011047, 56.9550933838]]
        icov: [[0.000512334750965, 0.000651684473269, 0.000298576691421, -0.000288597948384, 0.00030032810173, -0.000436542468378, 0.000274694146356, -0.000475357403047, 0.00051126483595, -4.90449783683e-05, 3.21580810123e-05, -0.000585577101447, 0.000542384397704], [0.000651684473269, 0.00229651131667, 0.00166482571512, -0.000360259175068, -0.000741605996154, -0.000197524146643, -0.000142674747622, -0.00098181667272, -0.000252659723628, -0.000139044612297, -0.00048565203906, -0.000335425371304, 0.000746729667298], [0.000298576691421, 0.00166482571512, 0.00497818738222, -0.000956116360612, -0.000694683694746, -0.00174918759149, -0.000149660976604, -0.000333722215146, 0.000243029062403, -0.00239644525573, -1.54830468091e-05, -0.000498144479934, 0.000776608998422], [-0.000288597948384, -0.000360259175068, -0.000956116360612, 0.00801336299628, -0.00240859854966, -0.000130121930852, 0.000121758312162, 0.00109334464651, -0.0013504383387, 0.000474270345876, -0.00101067055948, 0.003417997621, -0.00499289575964], [0.00030032810173, -0.000741605996154, -0.000694683694746, -0.00240859854966, 0.0114257792011, -0.00196897448041, -0.000263286055997, -0.000289723131573, -0.00319943251088, 0.00134456763044, 0.00354231498204, -0.00173115276266, -0.000236507868976], [-0.000436542468378, -0.000197524146643, -0.00174918759149, -0.000130121930852, -0.00196897448041, 0.0127329053357, -0.00469062523916, 0.000503464019857, -0.00251057115383, 0.000463665695861, -0.000852234545164, -0.00121624732856, 0.000115812646982], [0.000274694146356, -0.000142674747622, -0.000149660976604, 0.000121758312162, -0.000263286055997, -0.00469062523916, 0.0119513832033, -0.00301992730238, 0.00283305486664, -0.000118401425425, -0.00228986702859, -0.000331080285832, -0.00164374406449], [-0.000475357403047, -0.00098181667272, -0.000333722215146, 0.00109334464651, -0.000289723131573, 0.000503464019857, -0.00301992730238, 0.0182506088167, -0.00713344104588, 0.000184545409866, 0.00192530651111, 0.000557342777029, -0.0032019764185], [0.00051126483595, -0.000252659723628, 0.000243029062403, -0.0013504383387, -0.00319943251088, -0.00251057115383, 0.00283305486664, -0.00713344104588, 0.0154979331419, -0.00309716910124, -0.00220776372589, -0.00445909192786, 0.00199755560607], [-4.90449783683e-05, -0.000139044612297, -0.00239644525573, 0.000474270345876, 0.00134456763044, 0.000463665695861, -0.000118401425425, 0.000184545409866, -0.00309716910124, 0.0132041433826, -0.00592265510932, 0.00211619865149, -0.00166354083922], [3.21580810123e-05, -0.00048565203906, -1.54830468091e-05, -0.00101067055948, 0.00354231498204, -0.000852234545164, -0.00228986702859, 0.00192530651111, -0.00220776372589, -0.00592265510932, 0.0188626497984, -0.00630972860381, 0.00357553269714], [-0.000585577101447, -0.000335425371304, -0.000498144479934, 0.003417997621, -0.00173115276266, -0.00121624732856, -0.000331080285832, 0.000557342777029, -0.00445909192786, 0.00211619865149, -0.00630972860381, 0.0289131402969, -0.0109372409061], [0.000542384397704, 0.000746729667298, 0.000776608998422, -0.00499289575964, -0.000236507868976, 0.000115812646982, -0.00164374406449, -0.0032019764185, 0.00199755560607, -0.00166354083922, 0.00357553269714, -0.0109372409061, 0.0255427770317]]
    spectral_contrast:
        mean: [-2.80961216959e-07, 2.13214519817e-07, 3.38033373737e-07, 2.45800009679e-07, 2.88593298592e-07, -5.0000136298e-07, 1.73676323811e-06, 2.33256764659e-06, -7.60339503358e-07, 1.42000112646e-06, -2.83944905277e-06, -5.3652479437e-06]
        var: [0.000475425214972, 0.0010864790529, 0.00136196950916, 0.00240149023011, 0.00388591643423, 0.00465731881559, 0.0505492798984, 0.0851456522942, 0.113871365786, 0.296585083008, 0.555751800537, 2.02378225327]

rhythm:
    beats_loudness:
        dmean: 0.00221554911695
        dmean2: 0.00323692592792
        dvar: 2.9294074011e-06
        dvar2: 6.14654618403e-06
        max: 0.0102359158918
        mean: 0.00527305575088
        min: 0.00118479516823
        var: 6.44168812869e-06
    beats_loudness_bass:
        dmean: 0.106059722602
        dmean2: 0.163345739245
        dvar: 0.00998780876398
        dvar2: 0.0250602085143
        max: 0.536232829094
        mean: 0.155444607139
        min: 0.00396008789539
        var: 0.0179186854511
    bpm: 142.897216797
    bpm_confidence: 0
    first_peak_bpm: 142
    first_peak_spread: 0
    first_peak_weight: 0.95454543829
    onset_rate: 3.99804162979
    second_peak_bpm: 89
    second_peak_spread: 0
    second_peak_weight: 0.0454545468092
    beats_position: [0.073025174439, 0.494700342417, 0.916375517845, 1.33805060387, 1.75972568989, 2.18140101433, 2.60307598114, 3.02475118637, 3.4464263916, 3.86810159683, 4.28977680206, 4.71145200729, 5.13312721252, 5.55480241776, 6.22522115707, 6.64442586899, 7.06363105774, 7.48283576965, 7.90204048157, 8.32124519348, 8.74045085907, 9.15965557098, 9.5788602829]
    bpm_estimates: [141.879882812, 142.465454102, 142.525314331, 141.782409668, 142.110641479, 144.707702637, 146.879196167, 139.976928711, 143.142730713, 143.501800537]
    bpm_intervals: [0.421675175428, 0.421675175428, 0.421675086021, 0.421675086021, 0.42167532444, 0.421674966812, 0.421675205231, 0.421675205231, 0.421675205231, 0.421675205231, 0.421675205231, 0.421675205231, 0.421675205231, 0.670418739319, 0.419204711914, 0.419205188751, 0.419204711914, 0.419204711914, 0.419204711914, 0.419205665588, 0.419204711914, 0.419204711914]
    onset_times: [0.0580498874187, 0.27863946557, 0.49922901392, 0.673378705978, 0.952018141747, 1.09133791924, 1.26548755169, 1.35836732388, 1.54412698746, 2.3916554451, 2.80961441994, 3.01859402657, 3.21596360207, 3.44816327095, 3.63392281532, 3.86612248421, 4.04027223587, 4.42340135574, 4.49306106567, 4.71365070343, 5.14321994781, 5.32897949219, 5.5727891922, 5.78176879883, 6.11845827103, 6.40870761871, 6.60607719421, 6.82666683197, 7.04725646973, 7.26784563065, 7.44199562073, 7.70902490616, 7.85995483398, 8.26630401611, 8.75392246246, 8.93968296051, 9.14866256714, 9.39247131348, 9.50857162476, 9.79882049561]
    rubato_start: []
    rubato_stop: []
    perceptual_tempo: "unknown"

sfx:
    inharmonicity:
        dmean: 0.0310893915594
        dmean2: 0.0560596510768
        dvar: 0.00159060838632
        dvar2: 0.00430053286254
        max: 0.227321922779
        mean: 0.0293087791651
        min: 0.000145991594763
        var: 0.00145446765237
    oddtoevenharmonicenergyratio:
        dmean: 1.87850785255
        dmean2: 3.57543969154
        dvar: 31.9795856476
        dvar2: 92.7434539795
        max: 64.760093689
        mean: 1.20871853828
        min: 0.000416961906012
        var: 18.0140972137
    pitch_after_max_to_before_max_energy_ratio: 1.60260522366
    pitch_centroid: 219.708511353
    pitch_max_to_total: 0.401392102242
    pitch_min_to_total: 0.589327156544
    tristimulus:
        dmean: [0.208201825619, 0.20692832768, 0.0724148228765]
        dmean2: [0.364181011915, 0.354832351208, 0.129552781582]
        dvar: [0.0288192983717, 0.0317362993956, 0.00477569829673]
        dvar2: [0.0875762924552, 0.0948853194714, 0.0133225535974]
        max: [0.958602547646, 0.945265471935, 0.347170740366]
        mean: [0.479063600302, 0.416382610798, 0.0780896618962]
        min: [0.00438008923084, 0, 0]
        var: [0.043018437922, 0.0432278849185, 0.00514519354329]

tonal:
    chords_changes_rate: 0.0277777779847
    chords_number_rate: 0.0185185186565
    chords_strength:
        dmean: 0.00558211747557
        dmean2: 0.0065110353753
        dvar: 2.87424772978e-05
        dvar2: 3.23008462146e-05
        max: 0.727619230747
        mean: 0.622918963432
        min: 0.45061057806
        var: 0.00474950298667
    key_strength: 0.795574069023
    tuning_diatonic_strength: 0.575182378292
    tuning_equal_tempered_deviation: 0.0558635145426
    tuning_frequency: 441.017791748
    tuning_nontempered_energy_ratio: 0.660718560219
    hpcp:
        dmean: [0.0838767662644, 0.067259028554, 0.0984363630414, 0.138388365507, 0.141990199685, 0.181353241205, 0.196409761906, 0.15044093132, 0.0700751841068, 0.070956684649, 0.109501227736, 0.146582067013, 0.145804420114, 0.102704070508, 0.0706694275141, 0.0526535436511, 0.0807987377048, 0.163127869368, 0.18000292778, 0.163339942694, 0.113915599883, 0.102514542639, 0.086446762085, 0.0673847645521, 0.0612586587667, 0.0882937088609, 0.159958198667, 0.165552809834, 0.112727366388, 0.0713368728757, 0.0593207664788, 0.0602216161788, 0.0905425548553, 0.0987422689795, 0.11418119818, 0.102484807372]
        dmean2: [0.149094462395, 0.119751535356, 0.164213642478, 0.226774141192, 0.243326753378, 0.309813410044, 0.338217198849, 0.262594997883, 0.122957490385, 0.125290289521, 0.190240338445, 0.252218395472, 0.253505736589, 0.170320019126, 0.120034053922, 0.0818541944027, 0.140599876642, 0.270620971918, 0.28990405798, 0.273556053638, 0.193452835083, 0.17499794066, 0.15024729073, 0.11439166218, 0.103925965726, 0.156234890223, 0.252263486385, 0.26221755147, 0.186253398657, 0.123825125396, 0.103377968073, 0.104465812445, 0.146492823958, 0.165112614632, 0.19348487258, 0.178327292204]
        dvar: [0.0274040661752, 0.00985368806869, 0.0211434680969, 0.0300251543522, 0.0367262512445, 0.0392072424293, 0.060325242579, 0.0316347368062, 0.0143024222925, 0.0103262830526, 0.031400103122, 0.0321873873472, 0.0314572528005, 0.0221889987588, 0.0149712581187, 0.00845462363213, 0.0186803434044, 0.0296810381114, 0.0464970581234, 0.0350133292377, 0.0319010652602, 0.0293922703713, 0.0328531600535, 0.0163309723139, 0.00897949654609, 0.0170789565891, 0.0367440767586, 0.034263536334, 0.016706911847, 0.0147288944572, 0.0126074999571, 0.0109769543633, 0.0190834961832, 0.024290157482, 0.0342981368303, 0.0322912856936]
        dvar2: [0.0753474757075, 0.0266489870846, 0.0551191605628, 0.0781389996409, 0.0965867340565, 0.104594953358, 0.148312181234, 0.0885852277279, 0.0412235967815, 0.0293452162296, 0.0729177445173, 0.0704336464405, 0.0865732207894, 0.0652820393443, 0.0360539294779, 0.0168279502541, 0.0510474778712, 0.0821916610003, 0.100380569696, 0.0978725552559, 0.08471711725, 0.070926181972, 0.0838472247124, 0.0460667684674, 0.022924548015, 0.0499234870076, 0.0955056250095, 0.0824071317911, 0.0487016774714, 0.0413050577044, 0.0350520685315, 0.0287466291338, 0.0450875647366, 0.0515068210661, 0.0915167033672, 0.0743434131145]
        max: [1, 0.588038861752, 1, 1, 1, 1, 1, 1, 0.962895810604, 0.583438038826, 1, 1, 1, 1, 1, 1, 1, 1, 1, 1, 1, 1, 1, 1, 0.715501248837, 1, 1, 1, 1, 0.79428845644, 0.69536203146, 0.721823334694, 1, 1, 1, 1]
        mean: [0.081907235086, 0.0731939375401, 0.131480291486, 0.187493056059, 0.176790878177, 0.325192421675, 0.418807417154, 0.213280364871, 0.0706194117665, 0.0730908513069, 0.132867753506, 0.279031872749, 0.3133867383, 0.167882159352, 0.088191665709, 0.085248850286, 0.0947721451521, 0.29405272007, 0.442222416401, 0.266746610403, 0.126962035894, 0.116536207497, 0.0956269204617, 0.0908527076244, 0.0874451249838, 0.107001028955, 0.269344091415, 0.351559966803, 0.189395323396, 0.0829054713249, 0.0683427453041, 0.0605564974248, 0.138103872538, 0.203599184752, 0.15504783392, 0.103090189397]
        min: [0.000704660604242, 0.000813155143987, 0.00477265939116, 0.00658016325906, 0.00445473287255, 0.00333358929493, 0.00196043611504, 0.00358281703666, 0.000945505220443, 0.000824804592412, 0.00112001248635, 0.00312997214496, 0.00654388777912, 0.00487484876066, 0.000886628171429, 0.00153838377446, 0.00327555998228, 0.00594846764579, 0.00230951816775, 0.0046766018495, 0.00307430955581, 0.0014643734321, 0.000645160966087, 0.00229514506646, 0.00147581635974, 0.00276209553704, 0.0179129634053, 0.0268823206425, 0.0109063042328, 0.00122771167662, 0.000930386595428, 0.00301259080879, 0.002410199726, 0.00133839645423, 0.00304618943483, 0.00103406526614]
        var: [0.022160410881, 0.0100321248174, 0.0241405591369, 0.0416662767529, 0.0448199175298, 0.0895124003291, 0.137817442417, 0.041834551841, 0.0106118489057, 0.00981562957168, 0.0424411557615, 0.085109166801, 0.100820213556, 0.0378014780581, 0.0238076485693, 0.0207784771919, 0.0202541276813, 0.0683446973562, 0.153367400169, 0.0580716654658, 0.0334953740239, 0.0366534329951, 0.0359991639853, 0.0202440861613, 0.0136276064441, 0.0176675263792, 0.0651635751128, 0.0924649089575, 0.0308164320886, 0.0140132391825, 0.0107371313497, 0.00895420089364, 0.0370216704905, 0.0866414010525, 0.0562085136771, 0.0314428135753]
    chords_histogram: [37.9629631042, 0, 31.9444446564, 0, 0, 0, 0, 0, 0, 0, 0, 0, 0, 0, 0, 0, 0, 0, 0, 6.01851844788, 0, 0, 0, 24.0740737915]
    thpcp: [1, 0.603195607662, 0.287099957466, 0.263523966074, 0.216241687536, 0.205445736647, 0.197740152478, 0.241962015629, 0.609069287777, 0.794984519482, 0.428280681372, 0.187474608421, 0.154543831944, 0.136936739087, 0.312295049429, 0.460399955511, 0.350610524416, 0.233118414879, 0.185217291117, 0.165513858199, 0.297317117453, 0.423979073763, 0.399778187275, 0.735359430313, 0.947051525116, 0.482292056084, 0.159692063928, 0.165280744433, 0.300454586744, 0.630976319313, 0.708663165569, 0.379632860422, 0.19942830503, 0.19277369976, 0.214308783412, 0.664943039417]
    chords_key: "B"
    chords_scale: "major"
    key_key: "B"
    key_scale: "major"
    chords_progression: ["F#", "F#", "F#", "F#", "F#", "F#", "F#", "F#", "F#", "F#", "F#", "F#", "F#", "F#", "F#", "F#", "F#", "F#", "F#", "F#", "F#", "F#", "F#", "F#", "F#", "F#", "F#", "F#", "F#", "F#", "F#", "F#", "F#", "F#", "F#", "F#", "F#", "F#", "F#", "F#", "F#", "F#", "F#", "F#", "F#m", "F#m", "F#m", "F#m", "F#m", "F#m", "F#m", "F#", "F#", "F#", "F#", "F#m", "F#m", "F#m", "F#m", "F#m", "F#m", "F#", "F#", "F#", "F#", "F#", "F#", "F#", "F#", "F#", "F#", "F#", "F#", "F#", "F#", "F#", "F#", "F#", "F#", "F#", "F#", "F#", "B", "B", "B", "B", "B", "B", "B", "B", "B", "B", "B", "B", "B", "B", "B", "B", "B", "B", "B", "B", "B", "B", "B", "B", "B", "B", "B", "B", "B", "B", "B", "B", "B", "B", "B", "B", "B", "B", "B", "B", "B", "B", "B", "B", "B", "B", "B", "B", "B", "B", "B", "B", "B", "B", "B", "B", "B", "B", "B", "B", "B", "B", "B", "B", "B", "B", "B", "B", "B", "B", "B", "B", "B", "B", "B", "B", "B", "B", "B", "B", "B", "B", "G#m", "G#m", "G#m", "G#m", "G#m", "G#m", "G#m", "G#m", "G#m", "G#m", "G#m", "G#m", "G#m", "G#m", "G#m", "G#m", "G#m", "G#m", "G#m", "G#m", "G#m", "G#m", "G#m", "G#m", "G#m", "G#m", "G#m", "G#m", "G#m", "G#m", "G#m", "G#m", "G#m", "G#m", "G#m", "G#m", "G#m", "G#m", "G#m", "G#m", "G#m", "G#m", "G#m", "G#m", "G#m", "G#m", "G#m", "G#m", "G#m", "G#m", "G#m", "G#m"]
