
metadata:
    version:
        essentia: "1.2.2"
    audio_properties:
        analysis_sample_rate: 44100
        bitrate: 128
        channels: 2
        equal_loudness: 1
        length: 10.0310201645
        replay_gain: -9.89265060425
        downmix: "mix"
    tags:
        track: 16
        year: 0
        album: "Splitted by Mp3Splt v. 2.1"
        artist: "From 002.30 To 002.40"
        comment: "http://mp3splt.sf.net"
        genre: ""
        title: "09 Last Night.mp3"

highlevel:
    ballroom:
        all:
            ChaChaCha: 0.0703012868762
            Jive: 0.209765255451
            Quickstep: 0.0296198185533
            Rumba-American: 0.00838706549257
            Rumba-International: 0.266551524401
            Rumba-Misc: 0.0388777889311
            Samba: 0.356555819511
            Tango: 0.00373594695702
            VienneseWaltz: 0.00988465826958
            Waltz: 0.00632083090022
        probability: 0.356555819511
        value: "Samba"
    culture:
        all:
            non_western: 0.0166487190872
            western: 0.983351290226
        probability: 0.983351290226
        value: "western"
    gender:
        all:
            female: 0.563581824303
            male: 0.436418175697
        probability: 0.563581824303
        value: "female"
    genre_dortmund:
        all:
            alternative: 0.330291539431
            blues: 0.00174210441764
            electronic: 0.0734493434429
            folkcountry: 0.0357069447637
            funksoulrnb: 0.00213154661469
            jazz: 0.0194658655673
            pop: 0.103866286576
            raphiphop: 0.00159337639343
            rock: 0.431753009558
        probability: 0.431753009558
        value: "rock"
    genre_electronica:
        all:
            ambient: 0.0863120555878
            dnb: 0.0251125525683
            house: 0.00996153522283
            techno: 0.00492181070149
            trance: 0.873692035675
        probability: 0.873692035675
        value: "trance"
    genre_rosamerica:
        all:
            cla: 0.00817733816803
            dan: 0.0637949109077
            hip: 0.00592766143382
            jaz: 0.0193224865943
            pop: 0.32532864809
            rhy: 0.0891676843166
            roc: 0.484418690205
            spe: 0.00386257492937
        probability: 0.484418690205
        value: "roc"
    genre_tzanetakis:
        all:
            blu: 0.0121998889372
            cla: 0.0137224858627
            cou: 0.0485469102859
            dis: 0.0252315849066
            hip: 0.0116541320458
            jaz: 0.135189697146
            met: 0.0278256945312
            pop: 0.27049985528
            reg: 0.0305250361562
            roc: 0.424604713917
        probability: 0.424604713917
        value: "roc"
    live_studio:
        all:
            live: 0.440423309803
            studio: 0.559576690197
        probability: 0.559576690197
        value: "studio"
    mood:
        all:
            Cluster1: 0.442729204893
            Cluster2: 0.138220503926
            Cluster3: 0.114839345217
            Cluster4: 0.0303104612976
            Cluster5: 0.273900508881
        probability: 0.442729204893
        value: "Cluster1"
    mood_acoustic:
        all:
            acoustic: 0.100036680698
            not_acoustic: 0.899963319302
        probability: 0.899963319302
        value: "not_acoustic"
    mood_aggressive:
        all:
            aggressive: 0.0627564564347
            not_aggressive: 0.937243521214
        probability: 0.937243521214
        value: "not_aggressive"
    mood_electronic:
        all:
            electronic: 0.728853940964
            not_electronic: 0.271146029234
        probability: 0.728853940964
        value: "electronic"
    mood_happy:
        all:
            happy: 0.715259432793
            not_happy: 0.284740567207
        probability: 0.715259432793
        value: "happy"
    mood_party:
        all:
            not_party: 0.843112945557
            party: 0.156887054443
        probability: 0.843112945557
        value: "not_party"
    mood_relaxed:
        all:
            not_relaxed: 0.259623497725
            relaxed: 0.740376472473
        probability: 0.740376472473
        value: "relaxed"
    mood_sad:
        all:
            not_sad: 0.133123770356
            sad: 0.866876244545
        probability: 0.866876244545
        value: "sad"
    rhythm:
        all:
            fast: 0.208127602935
            medium: 0.228790163994
            slow: 0.56308221817
        probability: 0.56308221817
        value: "slow"
    speech_music:
        all:
            music: 0.956108510494
            speech: 0.0438914746046
        probability: 0.956108510494
        value: "music"
    timbre:
        all:
            bright: 0.268203467131
            dark: 0.731796562672
        probability: 0.731796562672
        value: "dark"
    voice_instrumental:
        all:
            instrumental: 0.265038132668
            voice: 0.734961867332
        probability: 0.734961867332
        value: "voice"

lowlevel:
    average_loudness: 0.986651480198
    barkbands_kurtosis:
        dmean: 1.43457913399
        dmean2: 2.21999597549
        dvar: 3.24810767174
        dvar2: 7.78607082367
        max: 14.3903980255
        mean: 0.929744839668
        min: -1.88424694538
        var: 6.6209321022
    barkbands_skewness:
        dmean: 0.444792896509
        dmean2: 0.663338005543
        dvar: 0.180479958653
        dvar2: 0.431687682867
        max: 3.77994990349
        mean: 1.22594666481
        min: -0.87889701128
        var: 0.665302038193
    barkbands_spread:
        dmean: 6.42581176758
        dmean2: 9.42601108551
        dvar: 40.5567321777
        dvar2: 84.6249847412
        max: 71.983291626
        mean: 31.7686386108
        min: 8.67708683014
        var: 153.828689575
    dissonance:
        dmean: 0.0182207990438
        dmean2: 0.0310314632952
        dvar: 0.00022947396792
        dvar2: 0.000663308193907
        max: 0.497757613659
        mean: 0.460798293352
        min: 0.372625917196
        var: 0.000595685909502
    hfc:
        dmean: 2.13767504692
        dmean2: 3.00093698502
        dvar: 9.16167926788
        dvar2: 18.5957622528
        max: 28.9315013885
        mean: 6.16995239258
        min: 0.675773620605
        var: 23.0803909302
    pitch:
        dmean: 603.919006348
        dmean2: 1186.36010742
        dvar: 1759589.875
        dvar2: 4327182
        max: 4900
        mean: 910.281738281
        min: 114.84375
        var: 2204491.5
    pitch_instantaneous_confidence:
        dmean: 0.0715464279056
        dmean2: 0.107901975513
        dvar: 0.00347017147578
        dvar2: 0.00837669894099
        max: 0.712834477425
        mean: 0.428206264973
        min: 0.158980369568
        var: 0.0139153590426
    pitch_salience:
        dmean: 0.0589495934546
        dmean2: 0.0946360602975
        dvar: 0.00358957820572
        dvar2: 0.00943838432431
        max: 0.785781443119
        mean: 0.552893817425
        min: 0.213859960437
        var: 0.00718683796003
    silence_rate_20dB:
        dmean: 0
        dmean2: 0
        dvar: 0
        dvar2: 0
        max: 1
        mean: 1
        min: 1
        var: 0
    silence_rate_30dB:
        dmean: 0
        dmean2: 0
        dvar: 0
        dvar2: 0
        max: 1
        mean: 1
        min: 1
        var: 0
    silence_rate_60dB:
        dmean: 0.0371229685843
        dmean2: 0.0720930248499
        dvar: 0.0357448160648
        dvar2: 0.0715468749404
        max: 1
        mean: 0.0578703694046
        min: 0
        var: 0.0545215420425
    spectral_centroid:
        dmean: 251.131103516
        dmean2: 359.349121094
        dvar: 78660.7265625
        dvar2: 176144.828125
        max: 3293.88378906
        mean: 1021.43432617
        min: 312.343200684
        var: 277437.40625
    spectral_complexity:
        dmean: 3.47785544395
        dmean2: 5.12149524689
        dvar: 18.948797226
        dvar2: 36.1955337524
        max: 50
        mean: 12.0441856384
        min: 2
        var: 51.7212982178
    spectral_crest:
        dmean: 1.93268978596
        dmean2: 3.18608355522
        dvar: 4.06823205948
        dvar2: 9.99118709564
        max: 19.976234436
        mean: 8.31092739105
        min: 3.34529852867
        var: 8.64178085327
    spectral_decrease:
        dmean: 3.25426185999e-10
        dmean2: 4.92725027446e-10
        dvar: 1.28118618808e-19
        dvar2: 2.89392652819e-19
        max: -2.54295889901e-10
        mean: -1.37773004116e-09
        min: -3.34464855811e-09
        var: 2.25065168876e-19
    spectral_energy:
        dmean: 0.0013528651325
        dmean2: 0.00203369860537
        dvar: 2.32858792515e-06
        dvar2: 5.06236165165e-06
        max: 0.0150667103007
        mean: 0.00575950881466
        min: 0.00104737293441
        var: 4.2946717258e-06
    spectral_energyband_high:
        dmean: 0.000217131222598
        dmean2: 0.000312232004944
        dvar: 1.03631208503e-07
        dvar2: 2.2025052715e-07
        max: 0.00228160014376
        mean: 0.000400304270443
        min: 1.33098683364e-05
        var: 2.12821561263e-07
    spectral_energyband_low:
        dmean: 0.000435622496298
        dmean2: 0.000734417350031
        dvar: 4.94222319958e-07
        dvar2: 1.31202239118e-06
        max: 0.0057787373662
        mean: 0.00110376358498
        min: 4.01615834562e-05
        var: 6.10835343196e-07
    spectral_energyband_middle_high:
        dmean: 0.000431140972069
        dmean2: 0.000629465968814
        dvar: 3.36087367714e-07
        dvar2: 6.62050126721e-07
        max: 0.00652410415933
        mean: 0.00132336164825
        min: 0.000127032675664
        var: 1.0747108945e-06
    spectral_energyband_middle_low:
        dmean: 0.00086388195632
        dmean2: 0.0013116938062
        dvar: 7.63482148614e-07
        dvar2: 1.83813915555e-06
        max: 0.00864981021732
        mean: 0.00293201394379
        min: 0.000416475813836
        var: 1.83462452696e-06
    spectral_flatness_db:
        dmean: 0.0176858548075
        dmean2: 0.0258993748575
        dvar: 0.000240350404056
        dvar2: 0.000543886097148
        max: 0.250144928694
        mean: 0.149697303772
        min: 0.0630123987794
        var: 0.000810755067505
    spectral_flux:
        dmean: 0.00766507070512
        dmean2: 0.0114462887868
        dvar: 7.47326412238e-05
        dvar2: 0.000139945565024
        max: 0.087641492486
        mean: 0.034819804132
        min: 0.0148653918877
        var: 0.000189513593796
    spectral_kurtosis:
        dmean: 0.803003907204
        dmean2: 1.29347968102
        dvar: 0.701960682869
        dvar2: 1.67981886864
        max: 9.63613510132
        mean: 2.56821298599
        min: -0.406893730164
        var: 1.94848275185
    spectral_rms:
        dmean: 0.000272469798801
        dmean2: 0.000405894126743
        dvar: 8.1674649266e-08
        dvar2: 1.71193590859e-07
        max: 0.00383395748213
        mean: 0.00233328645118
        min: 0.00101085472852
        var: 1.74802408992e-07
    spectral_rolloff:
        dmean: 711.699523926
        dmean2: 1109.31225586
        dvar: 629787.3125
        dvar2: 1289990.875
        max: 5684.765625
        mean: 2162.73461914
        min: 150.732421875
        var: 1832292.875
    spectral_skewness:
        dmean: 0.161919400096
        dmean2: 0.235105440021
        dvar: 0.025924898684
        dvar2: 0.0558401755989
        max: 2.44894075394
        mean: 1.38289034367
        min: 0.232010826468
        var: 0.0998917967081
    spectral_spread:
        dmean: 622288.875
        dmean2: 859323.4375
        dvar: 600833720320
        dvar2: 890892255232
        max: 17242314
        mean: 6333658.5
        min: 3331091.75
        var: 1.76385176371e+12
    spectral_strongpeak:
        dmean: 0.121588006616
        dmean2: 0.203168392181
        dvar: 0.0332455523312
        dvar2: 0.074948772788
        max: 1.45615851879
        mean: 0.345347642899
        min: 0.0646760761738
        var: 0.0590718910098
    zerocrossingrate:
        dmean: 0.010752431117
        dmean2: 0.0121671017259
        dvar: 9.2393529485e-05
        dvar2: 0.000117783318274
        max: 0.16943359375
        mean: 0.0708416625857
        min: 0.0224609375
        var: 0.00068624567939
    barkbands:
        dmean: [6.39618008336e-07, 3.10660689138e-05, 0.000427900522482, 0.00038189443876, 0.000460802490124, 0.000186304008821, 0.000110780696559, 0.000135122259962, 8.01156347734e-05, 7.46017612983e-05, 2.39911132667e-05, 6.76506169839e-05, 3.92504734918e-05, 3.47014211002e-05, 4.96352258779e-05, 5.23710878042e-05, 5.96830250288e-05, 0.000109998167318, 0.000110984576168, 0.000156125199283, 9.28374138311e-05, 4.17464107159e-05, 1.5398434698e-05, 5.16666159456e-06, 3.41984582519e-06, 2.16890057914e-07, 2.77494005552e-09]
        dmean2: [1.02849696759e-06, 4.97732035001e-05, 0.000724923447706, 0.000622117077, 0.000712625624146, 0.000268764153589, 0.000162244352396, 0.000191921441001, 0.000127733394038, 0.00010292645311, 3.98228803533e-05, 0.000103787795524, 6.29843125353e-05, 5.48312418687e-05, 7.96128806542e-05, 8.39276108309e-05, 9.484054317e-05, 0.000175561479409, 0.000176855945028, 0.000236483290792, 0.000142563570989, 6.06487301411e-05, 2.44972507062e-05, 7.86503187555e-06, 5.3594540077e-06, 3.29556883116e-07, 3.09991809999e-09]
        dvar: [2.68573769995e-12, 3.13189718604e-09, 4.82083805764e-07, 2.7120918844e-07, 3.45775788446e-07, 6.6068459148e-08, 2.78462071179e-08, 5.84445238871e-08, 1.90107520837e-08, 2.41302551274e-08, 1.44692369197e-09, 1.44617589015e-08, 4.6196118042e-09, 2.2360588936e-09, 4.02129440857e-09, 4.20653867295e-09, 1.09304476581e-08, 1.84121820013e-08, 3.18713837544e-08, 5.58228201442e-08, 2.34407551147e-08, 5.02523267443e-09, 9.03628283311e-10, 7.03551591985e-11, 3.43951186976e-11, 1.79418125864e-13, 2.29552408508e-15]
        dvar2: [3.97880643363e-12, 7.37332417344e-09, 1.2980323163e-06, 7.44595411106e-07, 7.17551472462e-07, 1.35570189741e-07, 5.75218770393e-08, 1.2818122741e-07, 4.4443861924e-08, 4.59354652094e-08, 3.23256732493e-09, 3.40114389985e-08, 1.15216423069e-08, 5.46343992269e-09, 9.72815605849e-09, 1.00967101346e-08, 2.44268232308e-08, 4.2216552032e-08, 7.87738443364e-08, 1.3337781013e-07, 5.4119333015e-08, 9.90610349305e-09, 2.2938224653e-09, 1.53611151577e-10, 8.54692011609e-11, 4.20122324516e-13, 2.29880591423e-15]
        max: [2.71280041488e-05, 0.000494040548801, 0.00560456840321, 0.00489433435723, 0.00743400212377, 0.00438060425222, 0.00178804888856, 0.00291597866453, 0.0020142479334, 0.00182316312566, 0.000382769067073, 0.00113349489402, 0.00085892516654, 0.000383787439205, 0.000624227395747, 0.000633442716207, 0.00107828376349, 0.00169781781733, 0.00186349777505, 0.00224481942132, 0.00121403334197, 0.000731830194127, 0.000237791420659, 9.93048815872e-05, 5.39356551599e-05, 3.43675378645e-06, 9.94652168629e-07]
        mean: [8.01366240921e-07, 5.22274021932e-05, 0.00105079868808, 0.000791964819655, 0.00103752838913, 0.000446183810709, 0.000248853728408, 0.000252495141467, 0.000147215934703, 0.000156442416483, 4.00680000894e-05, 0.000110183485958, 6.74250841257e-05, 6.34762618574e-05, 8.56291735545e-05, 8.7738095317e-05, 0.000109981345304, 0.000230250720051, 0.000209449601243, 0.000311297044391, 0.000165362434927, 5.93299737375e-05, 2.02217179321e-05, 9.07843332243e-06, 5.24540291735e-06, 2.58667824937e-07, 2.83927237277e-09]
        min: [3.74920183788e-09, 2.13990483644e-06, 2.10163707379e-05, 3.01709296764e-05, 1.45487438203e-05, 5.51206994714e-06, 5.33309321327e-06, 4.99969064549e-06, 1.96615644654e-07, 9.78920752459e-07, 6.1768167825e-07, 1.74040815182e-06, 9.27594157929e-07, 2.25207213589e-06, 5.34572473043e-06, 4.24807103627e-06, 6.20054561296e-06, 9.61112255027e-06, 1.4339286281e-05, 9.4194065241e-06, 4.35775564256e-06, 8.01355838576e-07, 1.96368873162e-07, 8.23891710411e-08, 2.54363268226e-08, 1.02327546436e-09, 4.1566251309e-13]
        var: [3.27296696689e-12, 3.93309296243e-09, 5.8583992768e-07, 3.54920985046e-07, 9.35282173486e-07, 2.70914142675e-07, 9.20430807128e-08, 1.77511893185e-07, 6.86467629407e-08, 9.85083801197e-08, 3.25286553249e-09, 3.92338321831e-08, 1.14958371711e-08, 5.07749753353e-09, 6.95511648274e-09, 6.99202029608e-09, 2.15724416108e-08, 4.62725147088e-08, 5.92314322034e-08, 1.44079479014e-07, 4.46978987156e-08, 8.85110917892e-09, 8.85120698957e-10, 1.08771915086e-10, 4.08993776346e-11, 1.86447726832e-13, 2.29335356315e-15]
    mfcc:
        mean: [-693.616577148, 104.59803772, -14.6317481995, 56.4159851074, -4.84745168686, -5.6802740097, -1.32134389877, -8.78519058228, -6.3427529335, -3.34829688072, -8.87526607513, -6.36808443069, -6.84226512909]
        cov: [[1186.58300781, -594.624938965, -56.6495628357, -144.898269653, -180.925796509, 49.4417419434, -23.5599632263, 48.9429779053, -8.7254781723, -40.3502922058, 40.6771774292, -26.7007732391, -30.9644165039], [-594.624938965, 678.751953125, -126.422920227, -80.5482788086, 3.32316422462, -27.1536998749, 75.4552841187, -14.5039129257, 0.00805821269751, 0.725158452988, -70.8367385864, 3.8522772789, -8.5674200058], [-56.6495628357, -126.422920227, 217.893081665, 46.328956604, 79.2616577148, -60.417427063, -56.9655914307, -1.61499238014, -4.9291100502, 6.81293058395, 0.462244033813, 8.22343730927, 4.07951116562], [-144.898269653, -80.5482788086, 46.328956604, 220.703582764, 68.7701568604, -45.944519043, -68.0163879395, -46.5453262329, 13.2791948318, 7.44549369812, 16.3698196411, 18.0973644257, 42.1466293335], [-180.925796509, 3.32316422462, 79.2616577148, 68.7701568604, 153.458526611, -47.1794281006, -61.3219604492, -33.8686332703, -9.44139289856, 9.72151470184, -5.62633609772, 9.97950363159, 20.2216300964], [49.4417419434, -27.1536998749, -60.417427063, -45.944519043, -47.1794281006, 134.990890503, 70.5620880127, 19.5106506348, 0.0256682001054, -10.5798587799, 12.0411081314, -23.1622962952, -16.5275650024], [-23.5599632263, 75.4552841187, -56.9655914307, -68.0163879395, -61.3219604492, 70.5620880127, 125.576248169, 40.950920105, -6.6909737587, -18.1045570374, -11.666806221, -14.5483856201, -20.7805690765], [48.9429779053, -14.5039129257, -1.61499238014, -46.5453262329, -33.8686332703, 19.5106506348, 40.950920105, 72.7533874512, 13.3793773651, 1.79781234264, -6.04228401184, -8.42683887482, -12.227856636], [-8.7254781723, 0.00805821269751, -4.9291100502, 13.2791948318, -9.44139289856, 0.0256682001054, -6.6909737587, 13.3793773651, 65.5895690918, 34.8003845215, 3.77447009087, -2.76933002472, -2.19411921501], [-40.3502922058, 0.725158452988, 6.81293058395, 7.44549369812, 9.72151470184, -10.5798587799, -18.1045570374, 1.79781234264, 34.8003845215, 104.702949524, 20.5483493805, 5.63378000259, -2.0617992878], [40.6771774292, -70.8367385864, 0.462244033813, 16.3698196411, -5.62633609772, 12.0411081314, -11.666806221, -6.04228401184, 3.77447009087, 20.5483493805, 61.1715126038, 11.1941785812, 0.594472110271], [-26.7007732391, 3.8522772789, 8.22343730927, 18.0973644257, 9.97950363159, -23.1622962952, -14.5483856201, -8.42683887482, -2.76933002472, 5.63378000259, 11.1941785812, 41.6728477478, 20.4387702942], [-30.9644165039, -8.5674200058, 4.07951116562, 42.1466293335, 20.2216300964, -16.5275650024, -20.7805690765, -12.227856636, -2.19411921501, -2.0617992878, 0.594472110271, 20.4387702942, 60.9553871155]]
        icov: [[0.00419546291232, 0.0046898634173, 0.00286828377284, 0.0038549634628, 0.003087912919, 0.00211595767178, 0.00181406305637, 0.000690916029271, -0.000150375984958, 0.00109441753011, 0.00138655211776, 0.000679129501805, 2.97192018479e-05], [0.0046898634173, 0.00773359742016, 0.00481066992506, 0.00514365267009, 0.00223202793859, 0.00408141128719, -0.000336810277076, 0.00241764076054, -0.000867573893629, 0.000730835017748, 0.00382992834784, -0.000134040543344, 0.000328324909788], [0.00286828377284, 0.00481066992506, 0.00953528191894, 0.0026192071382, -0.00146098586265, 0.00412933435291, 0.00129740883131, -0.00128552410752, 0.000363548082532, 0.000618254998699, 0.00183430453762, -8.42530280352e-05, 0.00151712156367], [0.0038549634628, 0.00514365267009, 0.0026192071382, 0.010858271271, 0.000838237232529, 0.00324197113514, 0.00159954861738, 0.00412748195231, -0.00311847613193, 0.00187328387983, 4.13938068959e-05, 0.000950166897383, -0.00339549547061], [0.003087912919, 0.00223202793859, -0.00146098586265, 0.000838237232529, 0.01335603185, 0.000641145277768, 0.00475470768288, 0.001961507136, 0.00225768587552, -0.000469390215585, 0.00235695415176, 0.00105737708509, -0.00115413940512], [0.00211595767178, 0.00408141128719, 0.00412933435291, 0.00324197113514, 0.000641145277768, 0.0153201660141, -0.00708675663918, 0.00226100720465, -0.00141708250158, 0.00124530214816, -0.00310731050558, 0.00612534862012, -0.000923066108953], [0.00181406305637, -0.000336810277076, 0.00129740883131, 0.00159954861738, 0.00475470768288, -0.00708675663918, 0.0194241497666, -0.00732452748343, 0.00334303802811, 0.00136085995473, 0.0022810481023, -0.000999086420052, 0.00181426457129], [0.000690916029271, 0.00241764076054, -0.00128552410752, 0.00412748195231, 0.001961507136, 0.00226100720465, -0.00732452748343, 0.0220271348953, -0.00587604846805, -5.45668553968e-05, 0.0020043249242, 0.0007802422042, -0.000687576364726], [-0.000150375984958, -0.000867573893629, 0.000363548082532, -0.00311847613193, 0.00225768587552, -0.00141708250158, 0.00334303802811, -0.00587604846805, 0.021472029388, -0.00696861092001, 0.00118696771096, 0.00159888132475, 0.000750782841351], [0.00109441753011, 0.000730835017748, 0.000618254998699, 0.00187328387983, -0.000469390215585, 0.00124530214816, 0.00136085995473, -5.45668553968e-05, -0.00696861092001, 0.0134214702994, -0.00442442297935, -0.000448490580311, 0.000665070838295], [0.00138655211776, 0.00382992834784, 0.00183430453762, 4.13938068959e-05, 0.00235695415176, -0.00310731050558, 0.0022810481023, 0.0020043249242, 0.00118696771096, -0.00442442297935, 0.0241926722229, -0.00826529227197, 0.00307509605773], [0.000679129501805, -0.000134040543344, -8.42530280352e-05, 0.000950166897383, 0.00105737708509, 0.00612534862012, -0.000999086420052, 0.0007802422042, 0.00159888132475, -0.000448490580311, -0.00826529227197, 0.0346388034523, -0.0106908595189], [2.97192018479e-05, 0.000328324909788, 0.00151712156367, -0.00339549547061, -0.00115413940512, -0.000923066108953, 0.00181426457129, -0.000687576364726, 0.000750782841351, 0.000665070838295, 0.00307509605773, -0.0106908595189, 0.0229303389788]]
    spectral_contrast:
        mean: [1.8721316053e-07, -1.00115009616e-07, 3.56800512691e-07, 1.60932543736e-07, 2.03418181854e-07, 4.5050021491e-09, 1.35174320803e-06, 2.30344221563e-06, -1.37624351737e-06, 1.02312060335e-06, -1.88184344552e-06, -1.20553863781e-06]
        var: [0.000326792302076, 0.00079610478133, 0.000961286714301, 0.00178860814776, 0.00272776489146, 0.00573346577585, 0.0443222932518, 0.0680572316051, 0.113558277488, 0.14293435216, 0.207208126783, 0.827722012997]

rhythm:
    beats_loudness:
        dmean: 0.00297588505782
        dmean2: 0.00488836225122
        dvar: 3.08516086989e-06
        dvar2: 1.07590449261e-05
        max: 0.0103211859241
        mean: 0.00669951271266
        min: 0.00282225362025
        var: 4.97593828186e-06
    beats_loudness_bass:
        dmean: 0.245756879449
        dmean2: 0.378153264523
        dvar: 0.0166891254485
        dvar2: 0.0493220090866
        max: 0.67732834816
        mean: 0.27852717042
        min: 0.0268335286528
        var: 0.0385051369667
    bpm: 138.52482605
    bpm_confidence: 0
    first_peak_bpm: 138
    first_peak_spread: 0
    first_peak_weight: 0.95454543829
    onset_rate: 4.98453760147
    second_peak_bpm: 133
    second_peak_spread: 0
    second_peak_weight: 0.0454545468092
    beats_position: [0.103264808655, 0.536588609219, 0.969912469387, 1.40323626995, 1.83656001091, 2.26988363266, 2.70320749283, 3.136531353, 3.56985497475, 4.0031785965, 4.43650245667, 4.86982631683, 5.303150177, 5.73647403717, 6.18870019913, 6.6217083931, 7.05471658707, 7.4877243042, 7.92073249817, 8.35373973846, 8.78674793243, 9.2197561264, 9.65276432037]
    bpm_estimates: [138.235687256, 138.401519775, 139.040939331, 138.390777588, 138.205123901, 138.579483032, 138.401901245, 138.271713257, 138.344467163, 139.079925537, 139.446578979, 138.479095459, 138.580215454, 138.603408813, 138.319610596, 138.442642212, 138.098968506]
    bpm_intervals: [0.433323800564, 0.433323860168, 0.433323800564, 0.433323740959, 0.43332362175, 0.433323860168, 0.433323860168, 0.43332362175, 0.43332362175, 0.433323860168, 0.433323860168, 0.433323860168, 0.433323860168, 0.452226161957, 0.43300819397, 0.43300819397, 0.433007717133, 0.43300819397, 0.433007240295, 0.43300819397, 0.43300819397, 0.43300819397]
    onset_times: [0.0580498874187, 0.510838985443, 0.743038535118, 0.917188227177, 1.38158726692, 1.54412698746, 1.62539684772, 1.74149656296, 1.83437645435, 1.97369611263, 2.03174614906, 2.2523355484, 2.42648530006, 2.68190479279, 3.11147403717, 3.36689352989, 3.5758728981, 3.73841261864, 3.81968259811, 4.00544214249, 4.2492518425, 4.43501138687, 4.66721105576, 4.87619066238, 5.02712011337, 5.11999988556, 5.29414987564, 5.53795909882, 5.7701587677, 5.87464857101, 6.17650794983, 6.3622674942, 6.61768722534, 6.8382768631, 7.0356464386, 7.2330160141, 7.4884352684, 7.6858048439, 7.72063493729, 7.91800451279, 8.35918331146, 8.59138298035, 8.80036258698, 8.91646289825, 8.96290206909, 9.02095222473, 9.24154186249, 9.47374153137, 9.67111110687, 9.89170074463]
    rubato_start: []
    rubato_stop: []
    perceptual_tempo: "unknown"

sfx:
    inharmonicity:
        dmean: 0.0344550646842
        dmean2: 0.0607190355659
        dvar: 0.00234954874031
        dvar2: 0.0067079863511
        max: 0.391342580318
        mean: 0.0369638204575
        min: 3.7015433918e-06
        var: 0.0023868617136
    oddtoevenharmonicenergyratio:
        dmean: 2.2045609951
        dmean2: 4.12261962891
        dvar: 61.8848686218
        dvar2: 182.111495972
        max: 81.6591873169
        mean: 1.52178680897
        min: 3.41554114129e-05
        var: 33.5894012451
    pitch_after_max_to_before_max_energy_ratio: 1.34854757786
    pitch_centroid: 281.243041992
    pitch_max_to_total: 0.630232572556
    pitch_min_to_total: 0.258139520884
    tristimulus:
        dmean: [0.199352949858, 0.20805478096, 0.116479158401]
        dmean2: [0.358549177647, 0.366588056087, 0.204145669937]
        dvar: [0.0332902222872, 0.035940323025, 0.0178675539792]
        dvar2: [0.0912235304713, 0.111876562238, 0.0538105964661]
        max: [0.994189679623, 0.976608872414, 0.756320059299]
        mean: [0.392871260643, 0.429714888334, 0.154600784183]
        min: [0.0233910698444, 0, 0]
        var: [0.0523859485984, 0.0474699921906, 0.0174718387425]

tonal:
    chords_changes_rate: 0.0277777779847
    chords_number_rate: 0.0231481473893
    chords_strength:
        dmean: 0.00581181515008
        dmean2: 0.0053645032458
        dvar: 2.58640975517e-05
        dvar2: 2.78393508779e-05
        max: 0.687098860741
        mean: 0.529854536057
        min: 0.409340649843
        var: 0.00309379282407
    key_strength: 0.703920483589
    tuning_diatonic_strength: 0.581346988678
    tuning_equal_tempered_deviation: 0.0247113853693
    tuning_frequency: 439.491973877
    tuning_nontempered_energy_ratio: 0.649760425091
    hpcp:
        dmean: [0.0433473065495, 0.0431794002652, 0.0618925467134, 0.0824329704046, 0.103506885469, 0.128424137831, 0.0952604040504, 0.0914107561111, 0.0606675259769, 0.0582744628191, 0.0755543038249, 0.120155334473, 0.0965750813484, 0.137973815203, 0.102520041168, 0.0705072879791, 0.0701110363007, 0.0469470694661, 0.0470142178237, 0.0498432479799, 0.037755113095, 0.0302743799984, 0.0514375157654, 0.0641709566116, 0.0694797560573, 0.0509278178215, 0.0915091335773, 0.109356671572, 0.0966689437628, 0.0419906675816, 0.021623775363, 0.0265322439373, 0.056942678988, 0.0721514597535, 0.0673967376351, 0.0516809597611]
        dmean2: [0.0760281309485, 0.0694336593151, 0.107565440238, 0.146927937865, 0.186255037785, 0.219416126609, 0.155606687069, 0.154670059681, 0.111067220569, 0.106718435884, 0.135613784194, 0.207548752427, 0.159607127309, 0.228193104267, 0.181263387203, 0.128123447299, 0.127350687981, 0.0813784971833, 0.0814306214452, 0.0900840461254, 0.0709128007293, 0.0542297847569, 0.0929297953844, 0.109754800797, 0.117515981197, 0.0868671908975, 0.151384621859, 0.181711643934, 0.16110226512, 0.0683948919177, 0.0369429066777, 0.0464822091162, 0.0959928929806, 0.118523187935, 0.11873652786, 0.0924576073885]
        dvar: [0.00884151365608, 0.00701328832656, 0.0159554742277, 0.0209231767803, 0.0306001994759, 0.0304146781564, 0.0337765142322, 0.0179159976542, 0.018380638212, 0.021421181038, 0.0240595396608, 0.0265807770193, 0.0335982814431, 0.0305464174598, 0.0266705267131, 0.0281906686723, 0.0216072779149, 0.00750676123425, 0.0108189852908, 0.0173179544508, 0.00878960732371, 0.00639838771895, 0.0184225458652, 0.0178293269128, 0.019883390516, 0.0108523126692, 0.0228749047965, 0.0326005741954, 0.0235904976726, 0.00375231308863, 0.00125321431551, 0.00185051711742, 0.00694710854441, 0.0101795541123, 0.0147699713707, 0.0145522383973]
        dvar2: [0.0239918548614, 0.0163516011089, 0.0398348793387, 0.059782255441, 0.0791338160634, 0.0838292315602, 0.0784595906734, 0.0474975667894, 0.0524564087391, 0.0612802021205, 0.0650498867035, 0.0718580782413, 0.0877799987793, 0.0844631195068, 0.0681595429778, 0.0765268057585, 0.0657744705677, 0.0214171074331, 0.0306276604533, 0.0500288382173, 0.0252787955105, 0.0163774620742, 0.0523842200637, 0.0450171269476, 0.0585991479456, 0.0262022931129, 0.0637339428067, 0.0736268758774, 0.0612115859985, 0.00923324003816, 0.00319627090357, 0.00506801484153, 0.0187618359923, 0.0274582523853, 0.0406564995646, 0.0374791286886]
        max: [0.82353079319, 0.76671731472, 1, 1, 1, 1, 1, 1, 1, 1, 1, 1, 1, 1, 0.954188406467, 1, 1, 0.554687917233, 0.776483118534, 1, 0.678463995457, 0.626733899117, 1, 1, 1, 1, 1, 1, 1, 0.483044177294, 0.232960984111, 0.289827525616, 0.649717390537, 0.862727224827, 1, 0.947080552578]
        mean: [0.0495994240046, 0.0506557188928, 0.0869216397405, 0.118653781712, 0.114656768739, 0.218013197184, 0.318485885859, 0.186643794179, 0.0565330535173, 0.0503374300897, 0.068718791008, 0.305053949356, 0.527639210224, 0.313132733107, 0.117807924747, 0.14568297565, 0.0988571345806, 0.0462054274976, 0.0477958023548, 0.0419468693435, 0.0304762925953, 0.0319215841591, 0.0484483800828, 0.0837723687291, 0.0905075371265, 0.0649915039539, 0.153575032949, 0.248944818974, 0.163732469082, 0.0559672527015, 0.0256269238889, 0.0286074765027, 0.0870333686471, 0.132064908743, 0.0899919420481, 0.0538116656244]
        min: [0.0024214729201, 0.000940774683841, 0.00206204433925, 0.00277867564, 0.00412372592837, 0.00363490916789, 0.00351160694845, 0.00193628214765, 0.00308781932108, 0.00233390950598, 0.00186467089225, 0.00186306983232, 0.00382692459971, 0.00268648681231, 0.000778218731284, 0.00122492574155, 0.00159799156245, 0.00180206424557, 0.00300108012743, 0.00210158899426, 0.000837968371343, 0.000569674826693, 0.00120834133122, 0.000827534124255, 0.000896194076631, 0.00143779348582, 0.00116900668945, 0.00263769295998, 0.00634615309536, 0.000696203904226, 0.00102271325886, 0.00198675366119, 0.00184041575994, 0.00121259153821, 0.00479007000104, 0.00141730590258]
        var: [0.00765641732141, 0.0100974850357, 0.0310824271291, 0.0453321188688, 0.035671658814, 0.0580848790705, 0.154455527663, 0.0558296851814, 0.0114944986999, 0.0122504634783, 0.0163936801255, 0.0793543532491, 0.197843551636, 0.0763275697827, 0.0381121337414, 0.0923550128937, 0.0420318208635, 0.00570628698915, 0.00753879221156, 0.0107772992924, 0.00573380663991, 0.00702481903136, 0.0148117281497, 0.018218640238, 0.0181447956711, 0.0104547720402, 0.044939905405, 0.0955045223236, 0.0421551465988, 0.00612622871995, 0.00122300582007, 0.0015314159682, 0.0122181307524, 0.0246364995837, 0.0137493954971, 0.0112512074411]
    chords_histogram: [32.4074058533, 4.62962961197, 18.5185184479, 0, 0, 0, 0, 0, 0, 0, 0, 0, 0, 0, 0, 30.0925922394, 0, 0, 0, 0, 0, 0, 14.3518514633, 0]
    thpcp: [1, 0.593459963799, 0.223273634911, 0.276103377342, 0.187357440591, 0.0875701159239, 0.0905842483044, 0.0794991478324, 0.0577597208321, 0.0604988858104, 0.0918210372329, 0.158768281341, 0.171533003449, 0.123174138367, 0.291060686111, 0.471808791161, 0.310311406851, 0.106071062386, 0.0485690273345, 0.0542178750038, 0.164948642254, 0.250293970108, 0.170555830002, 0.10198572278, 0.0940025374293, 0.0960044637322, 0.164736881852, 0.224876731634, 0.21730145812, 0.413186132908, 0.603605389595, 0.353733748198, 0.107143387198, 0.0954012274742, 0.130238220096, 0.578148722649]
    chords_key: "F#"
    chords_scale: "major"
    key_key: "F#"
    key_scale: "major"
    chords_progression: ["C#", "C#", "C#", "C#", "C#", "C#", "C#", "C#", "C#", "C#", "C#", "C#", "C#", "C#", "C#", "C#", "C#", "C#", "C#", "C#", "C#", "C#", "C#", "C#", "C#", "C#", "C#", "C#", "C#", "C#", "C#", "C#", "C#", "C#", "C#", "C#", "C#", "C#", "C#", "C#", "A#m", "A#m", "A#m", "A#m", "A#m", "A#m", "A#m", "A#m", "A#m", "A#m", "F#", "F#", "F#", "F#", "F#", "F#", "F#", "F#", "F#", "F#", "F#", "F#", "F#", "F#", "F#", "F#", "F#", "F#", "F#", "F#", "F#", "F#", "F#", "F#", "F#", "F#", "B", "B", "B", "B", "B", "B", "B", "B", "B", "B", "B", "B", "B", "B", "B", "B", "B", "B", "B", "B", "B", "B", "B", "B", "B", "B", "B", "B", "B", "B", "B", "Bm", "Bm", "Bm", "Bm", "Bm", "Bm", "Bm", "Bm", "Bm", "Bm", "Bm", "Bm", "Bm", "Bm", "Bm", "Bm", "Bm", "Bm", "Bm", "Bm", "Bm", "Bm", "Bm", "Bm", "Bm", "Bm", "Bm", "Bm", "Bm", "Bm", "Bm", "Bm", "Bm", "Bm", "Bm", "Bm", "Bm", "Bm", "Bm", "Bm", "F#", "F#", "F#", "F#", "F#", "F#", "F#", "F#", "F#", "F#", "F#", "F#", "F#", "F#", "F#", "F#", "F#", "F#", "F#", "F#", "F#", "F#", "F#", "F#", "F#", "F#", "F#", "F#", "F#", "F#", "F#", "F#", "F#", "F#", "F#", "F#", "F#", "F#", "F#", "F#", "F#", "F#", "F#", "F#", "Bm", "Bm", "Bm", "Bm", "Bm", "Bm", "Bm", "Bm", "Bm", "Bm", "Bm", "Bm", "Bm", "Bm", "Bm", "Bm", "Bm", "Bm", "Bm", "Bm", "Bm", "Bm", "Bm", "Bm", "Bm"]
