
metadata:
    version:
        essentia: "1.2.2"
    audio_properties:
        analysis_sample_rate: 44100
        bitrate: 128
        channels: 2
        equal_loudness: 1
        length: 10.2138776779
        replay_gain: -15.601351738
        downmix: "mix"
    tags:
        track: 3
        year: 0
        album: "Splitted by Mp3Splt v. 2.1"
        artist: "From 000.20 To 000.30"
        comment: "http://mp3splt.sf.net"
        genre: ""
        title: "02 Amateur.mp3"

highlevel:
    ballroom:
        all:
            ChaChaCha: 0.23604169488
            Jive: 0.0441519729793
            Quickstep: 0.0223812330514
            Rumba-American: 0.0194658152759
            Rumba-International: 0.50174176693
            Rumba-Misc: 0.0927341133356
            Samba: 0.0728575140238
            Tango: 0.00119484122843
            VienneseWaltz: 0.00353312608786
            Waltz: 0.00589794106781
        probability: 0.50174176693
        value: "Rumba-International"
    culture:
        all:
            non_western: 0.122991815209
            western: 0.877008199692
        probability: 0.877008199692
        value: "western"
    gender:
        all:
            female: 0.529966413975
            male: 0.470033586025
        probability: 0.529966413975
        value: "female"
    genre_dortmund:
        all:
            alternative: 0.016690865159
            blues: 0.109526000917
            electronic: 0.0326854772866
            folkcountry: 0.0429056994617
            funksoulrnb: 0.114174872637
            jazz: 0.377880692482
            pop: 0.0798650234938
            raphiphop: 0.10788962245
            rock: 0.118381738663
        probability: 0.377880692482
        value: "jazz"
    genre_electronica:
        all:
            ambient: 0.204333081841
            dnb: 0.255894690752
            house: 0.263052672148
            techno: 0.221395611763
            trance: 0.0553239248693
        probability: 0.263052672148
        value: "house"
    genre_rosamerica:
        all:
            cla: 0.0112117314711
            dan: 0.265116631985
            hip: 0.0457657426596
            jaz: 0.04731220752
            pop: 0.117470122874
            rhy: 0.39158847928
            roc: 0.0274539906532
            spe: 0.0940810963511
        probability: 0.39158847928
        value: "rhy"
    genre_tzanetakis:
        all:
            blu: 0.00753069063649
            cla: 0.00561169302091
            cou: 0.0128398900852
            dis: 0.0296532586217
            hip: 0.309815466404
            jaz: 0.0065757590346
            met: 0.00491619715467
            pop: 0.280872881413
            reg: 0.257355958223
            roc: 0.0848282054067
        probability: 0.309815466404
        value: "hip"
    live_studio:
        all:
            live: 0.186184123158
            studio: 0.813815891743
        probability: 0.813815891743
        value: "studio"
    mood:
        all:
            Cluster1: 0.13522221148
            Cluster2: 0.404392212629
            Cluster3: 0.0771706178784
            Cluster4: 0.235929593444
            Cluster5: 0.147285357118
        probability: 0.404392212629
        value: "Cluster2"
    mood_acoustic:
        all:
            acoustic: 0.634791851044
            not_acoustic: 0.365208148956
        probability: 0.634791851044
        value: "acoustic"
    mood_aggressive:
        all:
            aggressive: 0.397918850183
            not_aggressive: 0.602081179619
        probability: 0.602081179619
        value: "not_aggressive"
    mood_electronic:
        all:
            electronic: 0.925187051296
            not_electronic: 0.0748129487038
        probability: 0.925187051296
        value: "electronic"
    mood_happy:
        all:
            happy: 0.176384627819
            not_happy: 0.823615372181
        probability: 0.823615372181
        value: "not_happy"
    mood_party:
        all:
            not_party: 0.313672810793
            party: 0.686327219009
        probability: 0.686327219009
        value: "party"
    mood_relaxed:
        all:
            not_relaxed: 0.24558006227
            relaxed: 0.754419922829
        probability: 0.754419922829
        value: "relaxed"
    mood_sad:
        all:
            not_sad: 0.825636446476
            sad: 0.174363538623
        probability: 0.825636446476
        value: "not_sad"
    rhythm:
        all:
            fast: 0.0671444386244
            medium: 0.805436730385
            slow: 0.127418845892
        probability: 0.805436730385
        value: "medium"
    speech_music:
        all:
            music: 0.785772323608
            speech: 0.214227706194
        probability: 0.785772323608
        value: "music"
    timbre:
        all:
            bright: 0.311990857124
            dark: 0.688009142876
        probability: 0.688009142876
        value: "dark"
    voice_instrumental:
        all:
            instrumental: 0.0595389790833
            voice: 0.940461039543
        probability: 0.940461039543
        value: "voice"

lowlevel:
    average_loudness: 0.970622122288
    barkbands_kurtosis:
        dmean: 15.4751653671
        dmean2: 26.1420669556
        dvar: 1703.29980469
        dvar2: 4306.33886719
        max: 382.472869873
        mean: 16.0215682983
        min: -1.9326082468
        var: 1613.57849121
    barkbands_skewness:
        dmean: 1.46778178215
        dmean2: 2.34946346283
        dvar: 3.47633290291
        dvar2: 8.5702829361
        max: 16.1110897064
        mean: 1.97979128361
        min: -6.44156837463
        var: 6.56852865219
    barkbands_spread:
        dmean: 8.33367156982
        dmean2: 13.4226865768
        dvar: 120.439537048
        dvar2: 285.433776855
        max: 83.0096817017
        mean: 15.5404176712
        min: 0.309566527605
        var: 198.550216675
    dissonance:
        dmean: 0.0333914496005
        dmean2: 0.0518438704312
        dvar: 0.00122982764151
        dvar2: 0.00276874843985
        max: 0.499999970198
        mean: 0.442796260118
        min: 0.175971060991
        var: 0.00292796222493
    hfc:
        dmean: 1.88839828968
        dmean2: 2.99450564384
        dvar: 7.6334028244
        dvar2: 17.3502044678
        max: 26.541229248
        mean: 3.14845347404
        min: 0.00208868691698
        var: 11.8611011505
    pitch:
        dmean: 663.535583496
        dmean2: 1265.67089844
        dvar: 1538826
        dvar2: 3560277.5
        max: 7350
        mean: 1024.32873535
        min: 57.9500656128
        var: 2091193.125
    pitch_instantaneous_confidence:
        dmean: 0.121205307543
        dmean2: 0.185121119022
        dvar: 0.0178232379258
        dvar2: 0.0331283025444
        max: 0.950581252575
        mean: 0.52414304018
        min: 0.0981994271278
        var: 0.0565473437309
    pitch_salience:
        dmean: 0.110088802874
        dmean2: 0.172350659966
        dvar: 0.0144739961252
        dvar2: 0.0309597719461
        max: 0.958665072918
        mean: 0.565426886082
        min: 0.0290030799806
        var: 0.0432137735188
    silence_rate_20dB:
        dmean: 0
        dmean2: 0
        dvar: 0
        dvar2: 0
        max: 1
        mean: 1
        min: 1
        var: 0
    silence_rate_30dB:
        dmean: 0
        dmean2: 0
        dvar: 0
        dvar2: 0
        max: 1
        mean: 1
        min: 1
        var: 0
    silence_rate_60dB:
        dmean: 0.168564915657
        dmean2: 0.337899535894
        dvar: 0.140151232481
        dvar2: 0.255686640739
        max: 1
        mean: 0.461363643408
        min: 0
        var: 0.248508363962
    spectral_centroid:
        dmean: 354.166656494
        dmean2: 521.990478516
        dvar: 312280.96875
        dvar2: 480601.125
        max: 7394.59912109
        mean: 949.821960449
        min: 134.088088989
        var: 1166172.25
    spectral_complexity:
        dmean: 3.22196793556
        dmean2: 5.16743135452
        dvar: 16.744764328
        dvar2: 36.4329605103
        max: 31
        mean: 6.26255702972
        min: 0
        var: 26.4082050323
    spectral_crest:
        dmean: 2.94268488884
        dmean2: 4.60562896729
        dvar: 7.92330408096
        dvar2: 15.8359975815
        max: 26.257686615
        mean: 11.7446489334
        min: 3.94592928886
        var: 24.718126297
    spectral_decrease:
        dmean: 4.8711013001e-10
        dmean2: 7.31130211928e-10
        dvar: 4.52186191767e-19
        dvar2: 1.06035062632e-18
        max: -9.57378707561e-13
        mean: -9.88256920742e-10
        min: -4.27358060051e-09
        var: 7.11167549365e-19
    spectral_energy:
        dmean: 0.00197715102695
        dmean2: 0.00297765340656
        dvar: 7.15462829248e-06
        dvar2: 1.67341713677e-05
        max: 0.0169192291796
        mean: 0.00401548389345
        min: 3.80279993806e-06
        var: 1.11431372716e-05
    spectral_energyband_high:
        dmean: 9.14618212846e-05
        dmean2: 0.000146786216646
        dvar: 4.12044016684e-08
        dvar2: 1.00302301576e-07
        max: 0.00218602898531
        mean: 0.000117389528896
        min: 4.74232564329e-09
        var: 5.52704939594e-08
    spectral_energyband_low:
        dmean: 0.000247065036092
        dmean2: 0.000399161654059
        dvar: 2.18267047103e-07
        dvar2: 5.61674823985e-07
        max: 0.0025089038536
        mean: 0.000256009720033
        min: 2.97610455391e-07
        var: 1.89428561725e-07
    spectral_energyband_middle_high:
        dmean: 0.000583362299949
        dmean2: 0.000983891426586
        dvar: 8.51770096233e-07
        dvar2: 2.18987111111e-06
        max: 0.00588470092043
        mean: 0.000679358083289
        min: 3.05053546867e-08
        var: 8.92095840754e-07
    spectral_energyband_middle_low:
        dmean: 0.00157452654094
        dmean2: 0.00256232079118
        dvar: 6.16681336396e-06
        dvar2: 1.56525165949e-05
        max: 0.0147181134671
        mean: 0.00296271941625
        min: 7.84275471233e-07
        var: 8.59010651766e-06
    spectral_flatness_db:
        dmean: 0.0515350922942
        dmean2: 0.0769416615367
        dvar: 0.00381339457817
        dvar2: 0.00654216250405
        max: 0.556075394154
        mean: 0.248188853264
        min: 0.101013220847
        var: 0.00875306222588
    spectral_flux:
        dmean: 0.0166982803494
        dmean2: 0.0236995797604
        dvar: 0.00033651443664
        dvar2: 0.000550477765501
        max: 0.112363599241
        mean: 0.0362747646868
        min: 0.00128126575146
        var: 0.00065742188599
    spectral_kurtosis:
        dmean: 8.69672393799
        dmean2: 13.4355173111
        dvar: 414.829101562
        dvar2: 906.383911133
        max: 209.21182251
        mean: 11.3170413971
        min: -1.30572390556
        var: 470.721954346
    spectral_rms:
        dmean: 0.000485378550366
        dmean2: 0.000677343166899
        dvar: 3.33305791855e-07
        dvar2: 6.86772580138e-07
        max: 0.00406282721087
        mean: 0.0017778929323
        min: 6.09101698501e-05
        var: 7.56642009492e-07
    spectral_rolloff:
        dmean: 661.270874023
        dmean2: 1075.17822266
        dvar: 1001672.375
        dvar2: 1780823.5
        max: 9366.94335938
        mean: 1511.50366211
        min: 193.798828125
        var: 2997252.75
    spectral_skewness:
        dmean: 0.817455410957
        dmean2: 1.22995710373
        dvar: 1.65170133114
        dvar2: 3.11486124992
        max: 11.8520402908
        mean: 2.25368475914
        min: -0.568399965763
        var: 2.80945014954
    spectral_spread:
        dmean: 1078877.125
        dmean2: 1629044.25
        dvar: 1.45886347264e+12
        dvar2: 3.34993712742e+12
        max: 13458718
        mean: 4499123.5
        min: 489689.03125
        var: 3.35480225792e+12
    spectral_strongpeak:
        dmean: 0.169849947095
        dmean2: 0.276632964611
        dvar: 0.0487318225205
        dvar2: 0.119858086109
        max: 1.6257481575
        mean: 0.424711942673
        min: 0.00182497338392
        var: 0.111483804882
    zerocrossingrate:
        dmean: 0.0155110303313
        dmean2: 0.0167314726859
        dvar: 0.000389108143281
        dvar2: 0.000416261784267
        max: 0.333984375
        mean: 0.0528246723115
        min: 0.005859375
        var: 0.00239392649382
    barkbands:
        dmean: [3.37259081107e-07, 8.71236916282e-05, 0.000203014584258, 0.000231826197705, 0.00064723554533, 0.000637507473584, 0.000206493452424, 0.000163580465596, 0.000135004811455, 9.80132172117e-05, 0.000112877190986, 9.1255424195e-05, 3.62166028935e-05, 2.07443736144e-05, 1.92040934053e-05, 3.25069049723e-05, 5.68889081478e-05, 9.95876180241e-05, 8.75386613188e-05, 5.67305396544e-05, 3.9292335714e-05, 1.68925562321e-05, 1.0656746781e-05, 4.35153742728e-06, 1.09598272502e-06, 4.53792807775e-08, 1.73164663164e-10]
        dmean2: [5.32963440492e-07, 0.000135190333822, 0.00036518095294, 0.000410442618886, 0.00104796502274, 0.00104543822818, 0.000370239984477, 0.000288140436169, 0.000248344789725, 0.000181880153832, 0.000214582003537, 0.000176069006557, 6.81564997649e-05, 3.7728859752e-05, 3.17632802762e-05, 5.47079907847e-05, 8.79716462805e-05, 0.000160570736625, 0.00013477903849, 8.17355758045e-05, 6.51615118841e-05, 2.75783258985e-05, 1.67372018041e-05, 6.67814219923e-06, 1.64440461958e-06, 7.02332911828e-08, 3.17914777836e-10]
        dvar: [2.03189407574e-13, 2.20063913758e-08, 1.91893121837e-07, 2.17119563217e-07, 9.07104947601e-07, 1.03338265944e-06, 2.74368971986e-07, 1.11296841965e-07, 9.01760159877e-08, 4.58015918525e-08, 6.7855417285e-08, 4.66570462265e-08, 6.40230890525e-09, 1.14862708234e-09, 8.93068008434e-10, 3.16442250181e-09, 8.29759105869e-09, 4.64097276165e-08, 2.55973890972e-08, 1.71743046451e-08, 6.24278762018e-09, 2.98587976566e-09, 1.94753080329e-09, 3.82205711524e-10, 1.3495126891e-11, 5.88255030624e-14, 5.56295570178e-20]
        dvar2: [5.31972740598e-13, 5.3784734888e-08, 5.38302401765e-07, 5.96478514581e-07, 2.23032725444e-06, 2.55046256825e-06, 7.73734370796e-07, 3.07145626266e-07, 2.53454686572e-07, 1.28007457079e-07, 1.90945371514e-07, 1.31778449486e-07, 1.79577792636e-08, 3.16027959357e-09, 2.12918016551e-09, 8.10909384086e-09, 1.92503648577e-08, 1.12804727337e-07, 5.73028877682e-08, 3.57242875282e-08, 1.61585287373e-08, 7.41914085722e-09, 5.04991426453e-09, 7.90211174273e-10, 2.80273443343e-11, 1.42757143997e-13, 1.63036458629e-19]
        max: [3.1446165849e-06, 0.00086060835747, 0.00221647671424, 0.00281848851591, 0.00734146125615, 0.0093308519572, 0.00423110742122, 0.0022300304845, 0.0014046622673, 0.00104814919177, 0.00107305950951, 0.000944401137531, 0.000365237268852, 0.000165413715877, 0.00027871131897, 0.000550807686523, 0.000746760400943, 0.0023351884447, 0.0012773743365, 0.00130263692699, 0.000501108006574, 0.000704757403582, 0.000472614105092, 0.000253732228884, 4.25007674494e-05, 3.82070220439e-06, 1.80674208927e-09]
        mean: [4.61724226852e-07, 8.89704606379e-05, 0.000166588462889, 0.000206064694794, 0.00120227260049, 0.00115887227003, 0.000137655762956, 0.000158500959515, 9.11519309739e-05, 7.13271947461e-05, 6.66902051307e-05, 5.3837618907e-05, 2.4306049454e-05, 1.76127432496e-05, 2.48720389209e-05, 4.00980097766e-05, 7.68203535699e-05, 0.00012546160724, 0.000141298471135, 7.91318161646e-05, 4.56498019048e-05, 2.05455326068e-05, 1.09342627184e-05, 4.9964965001e-06, 1.32038303491e-06, 4.58515394541e-08, 1.3529416476e-10]
        min: [4.71752525932e-10, 1.12289129106e-07, 2.97300339902e-09, 7.27882749629e-08, 1.90053029314e-07, 1.72936669429e-08, 1.40895684009e-09, 5.15856246608e-09, 6.04987948627e-10, 6.38437414047e-10, 1.75886388787e-10, 2.47063036696e-10, 3.51359302764e-10, 6.3368610359e-10, 9.20512943647e-10, 1.39023614842e-09, 3.59749985357e-09, 7.33588079171e-09, 7.26953341967e-09, 2.81943846048e-09, 2.2480171058e-09, 3.31975474888e-10, 8.88771695129e-11, 5.6798048903e-11, 4.3706829822e-11, 1.17626665786e-12, 8.1552958966e-15]
        var: [3.05370583421e-13, 2.18969375965e-08, 1.2496965951e-07, 1.54428718702e-07, 2.08655478673e-06, 2.30355863096e-06, 1.6924133206e-07, 9.47423473008e-08, 5.70521123677e-08, 2.88315096242e-08, 3.93685652966e-08, 2.62976840304e-08, 3.76666564605e-09, 9.72228630935e-10, 1.50708012736e-09, 4.30687929764e-09, 1.62000510784e-08, 5.64443318751e-08, 4.74180765764e-08, 2.83565988468e-08, 7.95007526477e-09, 2.89531176811e-09, 1.59117885534e-09, 4.94150664831e-10, 2.00522411176e-11, 5.25812676548e-14, 4.67395690937e-20]
    mfcc:
        mean: [-820.939147949, 121.541610718, -6.93544387817, 72.4402008057, -0.269729167223, -8.19180583954, -11.7108955383, -2.56453037262, -14.0552930832, -13.1914978027, -8.28221511841, -8.3682384491, -7.82525539398]
        cov: [[14934.8535156, -2724.41870117, -3262.58666992, -2488.32666016, -1794.54382324, -588.193481445, -172.335739136, 441.517059326, 38.7600479126, 14.9481163025, 85.7572860718, -65.1439819336, -126.054222107], [-2724.41870117, 3298.65869141, 787.380126953, 312.902557373, 75.5052566528, -73.4319229126, 28.3739452362, -205.869644165, -113.321235657, -58.0869560242, -26.3542613983, -5.29670953751, -53.7066993713], [-3262.58666992, 787.380126953, 1724.00317383, 859.372741699, 554.118041992, 58.8487968445, -116.786888123, -26.652671814, -90.2701873779, -95.2289733887, -69.4620666504, 4.45506811142, -18.4911174774], [-2488.32666016, 312.902557373, 859.372741699, 1037.31066895, 481.687164307, 64.2848358154, -0.212378323078, -56.2348861694, -2.79970932007, -62.5749702454, 5.20008563995, 43.0386657715, 14.0747528076], [-1794.54382324, 75.5052566528, 554.118041992, 481.687164307, 477.355224609, 114.577720642, -5.58475351334, 2.76353406906, -0.0772670805454, -4.26586341858, -16.8229541779, 1.70048129559, 2.32119584084], [-588.193481445, -73.4319229126, 58.8487968445, 64.2848358154, 114.577720642, 204.97795105, 56.7271652222, -28.5182781219, 33.5771827698, 46.6064796448, -10.7197761536, -14.5399589539, 36.0245132446], [-172.335739136, 28.3739452362, -116.786888123, -0.212378323078, -5.58475351334, 56.7271652222, 151.235870361, -2.7932062149, 37.4542922974, 11.9177818298, 4.95453453064, 19.098400116, 21.6865215302], [441.517059326, -205.869644165, -26.652671814, -56.2348861694, 2.76353406906, -28.5182781219, -2.7932062149, 185.622375488, 24.8068752289, -7.70800256729, 16.9783763885, 16.2700748444, -10.5461120605], [38.7600479126, -113.321235657, -90.2701873779, -2.79970932007, -0.0772670805454, 33.5771827698, 37.4542922974, 24.8068752289, 142.177276611, 63.0700035095, 33.0431861877, 35.33776474, 43.9067153931], [14.9481163025, -58.0869560242, -95.2289733887, -62.5749702454, -4.26586341858, 46.6064796448, 11.9177818298, -7.70800256729, 63.0700035095, 140.686584473, 64.566368103, 11.1259002686, 19.9486083984], [85.7572860718, -26.3542613983, -69.4620666504, 5.20008563995, -16.8229541779, -10.7197761536, 4.95453453064, 16.9783763885, 33.0431861877, 64.566368103, 118.747344971, 31.9905605316, 15.3954153061], [-65.1439819336, -5.29670953751, 4.45506811142, 43.0386657715, 1.70048129559, -14.5399589539, 19.098400116, 16.2700748444, 35.33776474, 11.1259002686, 31.9905605316, 93.5902557373, 24.3716659546], [-126.054222107, -53.7066993713, -18.4911174774, 14.0747528076, 2.32119584084, 36.0245132446, 21.6865215302, -10.5461120605, 43.9067153931, 19.9486083984, 15.3954153061, 24.3716659546, 73.4657897949]]
        icov: [[0.000218242770643, 0.000101892466773, 0.000182882344234, 0.000104022452433, 0.00045669687097, 0.000144402190926, 0.00029016242479, -0.000307773472741, -4.87058532599e-05, 0.000101336918306, -1.13588039312e-05, 5.58803149033e-05, 0.000245417264523], [0.000101892466773, 0.000456307141576, -0.000206482625799, 0.000107530606329, 0.000350122805685, 0.000333233329002, -0.000302431173623, 0.000332865107339, 4.96286156704e-05, 1.07482092062e-05, -0.000130844884552, 3.1393898098e-05, 0.00038285649498], [0.000182882344234, -0.000206482625799, 0.00164286966901, -0.00068609463051, -0.00041779485764, -0.000121902281535, 0.00142585020512, -0.000744536810089, 0.00050804723287, 5.94279772486e-05, 0.0006934570265, -0.00021963128529, -0.000139237788972], [0.000104022452433, 0.000107530606329, -0.00068609463051, 0.00271405815147, -0.00174992892426, 0.00055592978606, -0.000516461208463, 0.00107638991904, -0.000853194738738, 0.0017197849229, -0.00148165796418, -0.000523543276358, 0.000181200768566], [0.00045669687097, 0.000350122805685, -0.00041779485764, -0.00174992892426, 0.00653083855286, -0.00206048856489, 0.000880779291037, -0.00174142303877, 0.000102110701846, -0.000855064310599, 0.000698395015206, 0.000281578017166, 0.0014950997429], [0.000144402190926, 0.000333233329002, -0.000121902281535, 0.00055592978606, -0.00206048856489, 0.00889466889203, -0.00304900971241, 0.000839442713186, 5.84317858738e-05, -0.00298565416597, 0.00179588387255, 0.0023433456663, -0.00329967029393], [0.00029016242479, -0.000302431173623, 0.00142585020512, -0.000516461208463, 0.000880779291037, -0.00304900971241, 0.00967607926577, -0.000932558556087, -0.00138263578992, 0.00136444333475, 0.000240787587245, -0.00171885651071, 0.00018729986914], [-0.000307773472741, 0.000332865107339, -0.000744536810089, 0.00107638991904, -0.00174142303877, 0.000839442713186, -0.000932558556087, 0.00755683658645, -0.00212408858351, 0.00192928640172, -0.00185001152568, -0.000865842506755, 0.00174562155735], [-4.87058532599e-05, 4.96286156704e-05, 0.00050804723287, -0.000853194738738, 0.000102110701846, 5.84317858738e-05, -0.00138263578992, -0.00212408858351, 0.0122482357547, -0.00529475556687, 0.00148430932313, -0.00216306792572, -0.00516050308943], [0.000101336918306, 1.07482092062e-05, 5.94279772486e-05, 0.0017197849229, -0.000855064310599, -0.00298565416597, 0.00136444333475, 0.00192928640172, -0.00529475556687, 0.0144094238058, -0.00760434381664, 0.00061268103309, 0.00187447550707], [-1.13588039312e-05, -0.000130844884552, 0.0006934570265, -0.00148165796418, 0.000698395015206, 0.00179588387255, 0.000240787587245, -0.00185001152568, 0.00148430932313, -0.00760434381664, 0.0141010852531, -0.00285506970249, -0.00172618939541], [5.58803149033e-05, 3.1393898098e-05, -0.00021963128529, -0.000523543276358, 0.000281578017166, 0.0023433456663, -0.00171885651071, -0.000865842506755, -0.00216306792572, 0.00061268103309, -0.00285506970249, 0.0145212328061, -0.0037036256399], [0.000245417264523, 0.00038285649498, -0.000139237788972, 0.000181200768566, 0.0014950997429, -0.00329967029393, 0.00018729986914, 0.00174562155735, -0.00516050308943, 0.00187447550707, -0.00172618939541, -0.0037036256399, 0.0201746355742]]
    spectral_contrast:
        mean: [-2.21680295454e-07, 2.65573646629e-07, 1.50104540353e-07, 5.60579636044e-08, 3.24219335823e-08, -3.07889280293e-07, -2.35152569417e-07, -1.63531740327e-06, 1.16052149224e-06, 3.43747342413e-06, 8.82094298049e-07, 2.9587311019e-06]
        var: [0.000495737011079, 0.00105954054743, 0.00115490343887, 0.00359464180656, 0.00537411542609, 0.0174611955881, 0.0979539006948, 0.196131363511, 0.314213305712, 0.800040602684, 1.82414638996, 8.92014217377]

rhythm:
    beats_loudness:
        dmean: 0.00249636801891
        dmean2: 0.00429616309702
        dvar: 3.26360736835e-06
        dvar2: 7.99877943791e-06
        max: 0.00991712231189
        mean: 0.00586086139083
        min: 0.00203728466295
        var: 5.94115590502e-06
    beats_loudness_bass:
        dmean: 0.164848938584
        dmean2: 0.247696772218
        dvar: 0.0114211281762
        dvar2: 0.0310865845531
        max: 0.589315533638
        mean: 0.335371792316
        min: 0.0201994050294
        var: 0.0296264588833
    bpm: 75.443649292
    bpm_confidence: 0
    first_peak_bpm: 151
    first_peak_spread: 0
    first_peak_weight: 0.529411792755
    onset_rate: 5.18901872635
    second_peak_bpm: 75
    second_peak_spread: 0
    second_peak_weight: 0.411764711142
    beats_position: [0.187725380063, 0.983038902283, 1.7783523798, 2.57366609573, 3.36897945404, 4.16429328918, 4.95960664749, 5.7549200058, 6.3746099472, 6.77239370346, 7.17017650604, 7.56795978546, 7.96574258804, 8.3635263443, 8.76130962372, 9.15909194946, 9.55687522888, 9.9546585083]
    bpm_estimates: [75.3221893311, 75.2286682129, 75.102394104, 75.1280441284, 75.9190826416, 75.9615097046]
    bpm_intervals: [0.795313537121, 0.795313477516, 0.795313715935, 0.795313358307, 0.795313835144, 0.795313358307, 0.795313358307, 0.619689941406, 0.397783756256, 0.397782802582, 0.397783279419, 0.397782802582, 0.397783756256, 0.397783279419, 0.397782325745, 0.397783279419, 0.397783279419]
    onset_times: [0.0464399084449, 0.150929704309, 0.371519267559, 0.53405892849, 0.766258478165, 0.96362811327, 1.17260766029, 1.33514738083, 1.53251695633, 1.77632653713, 1.97369611263, 2.17106580734, 2.36843538284, 2.56580495834, 2.77478456497, 2.97215414047, 3.15791392326, 3.36689352989, 3.56426310539, 3.7151927948, 3.97061228752, 4.1679816246, 4.35374164581, 4.57433128357, 4.76009082794, 4.95746040344, 5.16644001007, 5.30575942993, 5.3754196167, 5.5727891922, 5.7701587677, 5.9675283432, 6.1648979187, 6.3622674942, 6.5596370697, 6.76861667633, 6.94276666641, 7.17496585846, 7.34911584854, 7.55809545517, 7.7670750618, 7.95283460617, 8.37079334259, 8.56816291809, 8.76553249359, 8.93968296051, 9.17188167572, 9.36925125122, 9.54340171814, 9.77560043335, 9.8800907135, 9.97297096252, 10.0890703201]
    rubato_start: [6.77239370346]
    rubato_stop: [9.9546585083]
    perceptual_tempo: "unknown"

sfx:
    inharmonicity:
        dmean: 0.030126426369
        dmean2: 0.0519810318947
        dvar: 0.0024222091306
        dvar2: 0.00672406191006
        max: 0.320086926222
        mean: 0.0261407122016
        min: 4.68309679036e-07
        var: 0.00235638092272
    oddtoevenharmonicenergyratio:
        dmean: 6.59276676178
        dmean2: 12.4403848648
        dvar: 1435.32971191
        dvar2: 4035.07739258
        max: 515.229614258
        mean: 3.99135494232
        min: 2.33195373767e-06
        var: 853.273681641
    pitch_after_max_to_before_max_energy_ratio: 1.29950356483
    pitch_centroid: 242.693328857
    pitch_max_to_total: 0.538812756538
    pitch_min_to_total: 0.7100456357
    tristimulus:
        dmean: [0.210828080773, 0.234214514494, 0.0867812782526]
        dmean2: [0.357135891914, 0.410821348429, 0.152805522084]
        dvar: [0.0512272305787, 0.0595766603947, 0.0192666035146]
        dvar2: [0.123878523707, 0.173174440861, 0.0520966649055]
        max: [0.995385408401, 0.964638948441, 0.732281029224]
        mean: [0.565149188042, 0.300955235958, 0.0821241810918]
        min: [0.00489509571344, 0, 0]
        var: [0.0960084423423, 0.0685937553644, 0.0176242627203]

tonal:
    chords_changes_rate: 0.135746613145
    chords_number_rate: 0.0407239831984
    chords_strength:
        dmean: 0.0146220270544
        dmean2: 0.0165921840817
        dvar: 0.000133866051328
        dvar2: 0.000211821607081
        max: 0.757928550243
        mean: 0.518176734447
        min: 0.362090438604
        var: 0.00927267596126
    key_strength: 0.561734616756
    tuning_diatonic_strength: 0.558344185352
    tuning_equal_tempered_deviation: 0.189758747816
    tuning_frequency: 441.272583008
    tuning_nontempered_energy_ratio: 0.858712792397
    hpcp:
        dmean: [0.120933234692, 0.122597955167, 0.153344109654, 0.162077903748, 0.136059224606, 0.128204673529, 0.125559523702, 0.127632021904, 0.187588781118, 0.184065461159, 0.15958853066, 0.184707224369, 0.217075631022, 0.2369479388, 0.258005410433, 0.275926232338, 0.220435842872, 0.234653249383, 0.200869873166, 0.167220652103, 0.13979794085, 0.107389174402, 0.129104465246, 0.16953150928, 0.170184522867, 0.142708972096, 0.132748782635, 0.133260041475, 0.129957824945, 0.138875722885, 0.144516766071, 0.150052577257, 0.139624133706, 0.124116830528, 0.111084088683, 0.118036054075]
        dmean2: [0.201770290732, 0.196819379926, 0.247407123446, 0.269033908844, 0.230402365327, 0.208783939481, 0.213197439909, 0.212727934122, 0.310052186251, 0.300302535295, 0.277938783169, 0.335465222597, 0.384752482176, 0.417562514544, 0.434953510761, 0.484393537045, 0.372493237257, 0.39117243886, 0.341186106205, 0.285606861115, 0.242088094354, 0.189424455166, 0.217206269503, 0.282900452614, 0.276260614395, 0.22409157455, 0.23157684505, 0.237630173564, 0.223584845662, 0.228457331657, 0.235338658094, 0.255651980639, 0.244517654181, 0.218701347709, 0.192998930812, 0.194656983018]
        dvar: [0.0279091019183, 0.0235147494823, 0.0409576520324, 0.0471162572503, 0.0305122118443, 0.0324814170599, 0.0376545898616, 0.0299584083259, 0.0572902150452, 0.0519605912268, 0.0496249683201, 0.0572981461883, 0.0850974842906, 0.0739036351442, 0.0803988650441, 0.0741711035371, 0.0573780275881, 0.0778397768736, 0.0712128505111, 0.0506489500403, 0.0450631007552, 0.0233463477343, 0.0351170748472, 0.0483929030597, 0.052602045238, 0.0327203348279, 0.0399125516415, 0.0504459477961, 0.0366188138723, 0.0436445176601, 0.040941350162, 0.0443017370999, 0.046581633389, 0.040257114917, 0.0281744543463, 0.0290294624865]
        dvar2: [0.062414418906, 0.0568685680628, 0.103634260595, 0.124520808458, 0.0789515152574, 0.0746683254838, 0.0904331505299, 0.0684089958668, 0.145545274019, 0.11900960654, 0.12852178514, 0.139273047447, 0.220160230994, 0.195936739445, 0.199390754104, 0.173897504807, 0.128846168518, 0.199777886271, 0.189165994525, 0.123367957771, 0.123378619552, 0.0587186776102, 0.0965798199177, 0.116365283728, 0.119975171983, 0.0720930695534, 0.0915205180645, 0.129632711411, 0.0950386673212, 0.0977165326476, 0.0835147127509, 0.109235242009, 0.104875192046, 0.0892595350742, 0.061797760427, 0.0564188547432]
        max: [0.861633718014, 1, 1, 1, 0.993511259556, 0.930635929108, 1, 0.943897902966, 1, 1, 1, 1, 1, 1, 1, 1, 1, 1, 1, 1, 1, 0.794026792049, 1, 1, 1, 1, 1, 1, 1, 1, 1, 1, 1, 1, 0.856257557869, 1]
        mean: [0.118434198201, 0.128495126963, 0.175536066294, 0.183512449265, 0.14385317266, 0.121727176011, 0.118163481355, 0.133072972298, 0.201965942979, 0.227930486202, 0.174580201507, 0.155891761184, 0.181450694799, 0.233711615205, 0.319889992476, 0.309518843889, 0.222560018301, 0.222695767879, 0.21098433435, 0.153170630336, 0.121479436755, 0.104496203363, 0.119842194021, 0.192854225636, 0.216726765037, 0.153614714742, 0.118431575596, 0.11277730763, 0.119109354913, 0.185804501176, 0.225812986493, 0.180987536907, 0.14824898541, 0.132577121258, 0.11791665107, 0.122147686779]
        min: [3.35168479069e-05, 0.000207615521504, 0.00037829685607, 9.29666639422e-05, 2.50162029261e-05, 1.60748004419e-05, 1.47806877067e-05, 2.05954384001e-05, 2.86881258944e-05, 2.38158700085e-05, 1.13645301099e-05, 9.43605664361e-06, 1.06087800305e-05, 1.86594916158e-05, 8.68227507453e-05, 1.43158404171e-05, 1.13840651466e-05, 1.1253442608e-05, 6.35463493381e-06, 1.4425039808e-05, 2.39972105192e-05, 2.17183733184e-05, 1.41650789374e-05, 1.03176962511e-05, 2.06918866752e-05, 2.55727136391e-05, 1.17496556413e-05, 1.10321325337e-05, 9.18824480323e-06, 8.50228570926e-06, 1.71772298927e-05, 6.59930301481e-05, 2.15112777369e-05, 3.18676575262e-05, 2.21442860493e-05, 1.56133883138e-05]
        var: [0.0385000780225, 0.0340704545379, 0.0553889758885, 0.0630685538054, 0.0403410866857, 0.0444728285074, 0.0475877933204, 0.0400906801224, 0.0773500576615, 0.0931725203991, 0.0649065971375, 0.0605464279652, 0.0801963433623, 0.0848658308387, 0.130112871528, 0.112114332616, 0.0836338549852, 0.102403692901, 0.102782614529, 0.0578101724386, 0.0402642376721, 0.0280010513961, 0.03986235708, 0.0747758075595, 0.0935630872846, 0.0536881797016, 0.0455694533885, 0.0459990464151, 0.0412143096328, 0.077108182013, 0.0980313792825, 0.0725614950061, 0.0664742514491, 0.0586018636823, 0.0430458411574, 0.0453623272479]
    chords_histogram: [14.0271492004, 9.04977416992, 0, 0, 0, 0, 0, 5.42986440659, 0.452488690615, 0, 0.904977381229, 15.3846149445, 4.97737550735, 0, 0, 0, 0, 0, 8.59728527069, 3.16742086411, 11.764705658, 0, 26.2443447113, 0]
    thpcp: [1, 0.967579007149, 0.695739209652, 0.696163594723, 0.659552752972, 0.478822827339, 0.379753798246, 0.326662927866, 0.374635636806, 0.602876722813, 0.677504062653, 0.480211079121, 0.370225936174, 0.352550297976, 0.372344732285, 0.580838739872, 0.705908238888, 0.565780580044, 0.463437408209, 0.414445966482, 0.368616253138, 0.381842792034, 0.370234131813, 0.401685357094, 0.548738837242, 0.573673605919, 0.449695765972, 0.380528241396, 0.369387865067, 0.415996044874, 0.631360590458, 0.712527692318, 0.54575073719, 0.487329274416, 0.56722843647, 0.730599939823]
    chords_key: "C"
    chords_scale: "minor"
    key_key: "G"
    key_scale: "minor"
    chords_progression: ["A#", "A#", "A#", "A", "A", "A", "A", "A", "A", "A", "A", "A", "A", "A#m", "A#m", "A", "A", "A", "A", "A", "A", "A", "A", "A", "A", "A", "A", "A", "A", "A", "A", "A", "A", "C#m", "C#m", "C#m", "C#m", "C#m", "C#m", "C#m", "C#m", "C#m", "C#m", "C#m", "C#", "C#", "C#", "C#", "Gm", "Gm", "Gm", "Gm", "Gm", "Gm", "Gm", "Gm", "C#", "Gm", "F#m", "F#m", "Gm", "Gm", "Gm", "Gm", "Gm", "Gm", "Cm", "G", "Gm", "G", "G", "G", "G", "Cm", "Cm", "Cm", "Cm", "Cm", "Cm", "Cm", "Cm", "Cm", "Cm", "Cm", "Cm", "Cm", "Cm", "Cm", "Cm", "Cm", "Cm", "Cm", "Cm", "Cm", "Cm", "Bm", "Cm", "Cm", "Cm", "Cm", "Cm", "Cm", "G", "G", "G", "G", "G", "G", "G", "Cm", "Cm", "Cm", "Cm", "Cm", "Cm", "Cm", "Cm", "Cm", "Cm", "Cm", "Cm", "Cm", "Cm", "Cm", "Cm", "Cm", "Cm", "Cm", "Cm", "Cm", "Cm", "Cm", "Fm", "Fm", "Fm", "Fm", "Fm", "Fm", "Fm", "Fm", "Fm", "Fm", "Fm", "Fm", "Fm", "Fm", "Fm", "Fm", "Fm", "Fm", "Fm", "Fm", "Fm", "Fm", "Fm", "Fm", "Fm", "Fm", "A#m", "A#m", "A#m", "A#m", "A#m", "A#m", "A#m", "A#m", "A#m", "A#m", "A#m", "A#m", "C#", "C#", "A#m", "A#m", "A#m", "A#m", "A#m", "A#", "A", "A", "A", "A", "A", "A#", "A", "A#", "A#", "A#", "A#", "A#", "A#", "A#", "A#", "A#", "A#", "A#", "A#", "A#", "A#", "A#", "Gm", "Gm", "Gm", "Gm", "Gm", "Gm", "Gm", "Gm", "Gm", "Gm", "Gm", "Gm", "Gm", "Gm", "Gm", "Cm", "Cm", "Cm", "Cm", "Cm", "Cm"]
