
metadata:
    version:
        essentia: "1.2.2"
    audio_properties:
        analysis_sample_rate: 44100
        bitrate: 128
        channels: 2
        equal_loudness: 1
        length: 3.26530623436
        replay_gain: -9.42366600037
        downmix: "mix"
    tags:
        track: 20
        year: 0
        album: "Splitted by Mp3Splt v. 2.1"
        artist: "From 003.10 To 003.20"
        comment: "http://mp3splt.sf.net"
        genre: ""
        title: "02 In Love With Love.mp3"

highlevel:
    ballroom:
        all:
            ChaChaCha: 0.546998560429
            Jive: 0.173799827695
            Quickstep: 0.0248220209032
            Rumba-American: 0.000356874224963
            Rumba-International: 0.000876878271811
            Rumba-Misc: 0.000396753457608
            Samba: 0.243528619409
            Tango: 0.0064740255475
            VienneseWaltz: 0.00122085167095
            Waltz: 0.00152562337462
        probability: 0.546998560429
        value: "ChaChaCha"
    culture:
        all:
            non_western: 0.329032510519
            western: 0.670967519283
        probability: 0.670967519283
        value: "western"
    gender:
        all:
            female: 0.66523951292
            male: 0.33476048708
        probability: 0.66523951292
        value: "female"
    genre_dortmund:
        all:
            alternative: 0.139028638601
            blues: 0.00887859612703
            electronic: 0.440823018551
            folkcountry: 0.014185462147
            funksoulrnb: 0.00159423670266
            jazz: 0.0389168970287
            pop: 0.0133020961657
            raphiphop: 0.00805672351271
            rock: 0.335214346647
        probability: 0.440823018551
        value: "electronic"
    genre_electronica:
        all:
            ambient: 0.294935315847
            dnb: 0.377548694611
            house: 0.0762295052409
            techno: 0.17644251883
            trance: 0.0748439580202
        probability: 0.377548694611
        value: "dnb"
    genre_rosamerica:
        all:
            cla: 0.0418045595288
            dan: 0.193691179156
            hip: 0.0508679375052
            jaz: 0.0036736803595
            pop: 0.0152159612626
            rhy: 0.0145374266431
            roc: 0.67613607645
            spe: 0.00407318584621
        probability: 0.67613607645
        value: "roc"
    genre_tzanetakis:
        all:
            blu: 0.00982234347612
            cla: 0.0606438815594
            cou: 0.0270438287407
            dis: 0.196858346462
            hip: 0.0587274506688
            jaz: 0.0355763062835
            met: 0.193859875202
            pop: 0.10639192909
            reg: 0.137852460146
            roc: 0.17322358489
        probability: 0.196858346462
        value: "dis"
    live_studio:
        all:
            live: 0.628206253052
            studio: 0.371793717146
        probability: 0.628206253052
        value: "live"
    mood:
        all:
            Cluster1: 0.208735018969
            Cluster2: 0.0350607857108
            Cluster3: 0.00990775600076
            Cluster4: 0.0112302321941
            Cluster5: 0.735066175461
        probability: 0.735066175461
        value: "Cluster5"
    mood_acoustic:
        all:
            acoustic: 0.0245620422065
            not_acoustic: 0.975437939167
        probability: 0.975437939167
        value: "not_acoustic"
    mood_aggressive:
        all:
            aggressive: 0.981198430061
            not_aggressive: 0.0188015643507
        probability: 0.981198430061
        value: "aggressive"
    mood_electronic:
        all:
            electronic: 0.924438774586
            not_electronic: 0.0755612030625
        probability: 0.924438774586
        value: "electronic"
    mood_happy:
        all:
            happy: 0.187101826072
            not_happy: 0.812898159027
        probability: 0.812898159027
        value: "not_happy"
    mood_party:
        all:
            not_party: 0.175858616829
            party: 0.824141383171
        probability: 0.824141383171
        value: "party"
    mood_relaxed:
        all:
            not_relaxed: 0.684051334858
            relaxed: 0.315948665142
        probability: 0.684051334858
        value: "not_relaxed"
    mood_sad:
        all:
            not_sad: 0.976355493069
            sad: 0.0236445050687
        probability: 0.976355493069
        value: "not_sad"
    rhythm:
        all:
            fast: 0.648428618908
            medium: 0.257867634296
            slow: 0.0937037840486
        probability: 0.648428618908
        value: "fast"
    speech_music:
        all:
            music: 0.996604263783
            speech: 0.00339571665972
        probability: 0.996604263783
        value: "music"
    timbre:
        all:
            bright: 0.253933608532
            dark: 0.746066391468
        probability: 0.746066391468
        value: "dark"
    voice_instrumental:
        all:
            instrumental: 0.611535131931
            voice: 0.388464868069
        probability: 0.611535131931
        value: "instrumental"

lowlevel:
    average_loudness: 0.501575052738
    barkbands_kurtosis:
        dmean: 0.527011930943
        dmean2: 0.796873569489
        dvar: 0.478161752224
        dvar2: 0.989330291748
        max: 3.10021114349
        mean: -0.738371670246
        min: -1.89696526527
        var: 0.862078011036
    barkbands_skewness:
        dmean: 0.317354857922
        dmean2: 0.451915591955
        dvar: 0.0883406177163
        dvar2: 0.229040622711
        max: 1.79696142673
        mean: -0.145554050803
        min: -1.76751053333
        var: 0.718262851238
    barkbands_spread:
        dmean: 4.58153057098
        dmean2: 6.98561954498
        dvar: 27.1412029266
        dvar2: 69.3761901855
        max: 61.7969017029
        mean: 36.1887931824
        min: 10.8600902557
        var: 114.81930542
    dissonance:
        dmean: 0.00932034570724
        dmean2: 0.0144435269758
        dvar: 0.000122919591377
        dvar2: 0.000203198171221
        max: 0.498132973909
        mean: 0.481212288141
        min: 0.392901301384
        var: 0.000202144976356
    hfc:
        dmean: 1.42069458961
        dmean2: 1.80422532558
        dvar: 5.79554605484
        dvar2: 9.94186115265
        max: 25.2887992859
        mean: 5.60186481476
        min: 0.00632817298174
        var: 40.7861976624
    pitch:
        dmean: 1135.98791504
        dmean2: 2155.53808594
        dvar: 2197281
        dvar2: 5525508
        max: 4009.09082031
        mean: 1640.74731445
        min: 73.8693466187
        var: 2841476
    pitch_instantaneous_confidence:
        dmean: 0.0711520686746
        dmean2: 0.119748309255
        dvar: 0.00523413624614
        dvar2: 0.0149286827073
        max: 0.692851066589
        mean: 0.366663485765
        min: 0.211082577705
        var: 0.0102136647329
    pitch_salience:
        dmean: 0.0390305370092
        dmean2: 0.0606018640101
        dvar: 0.00142156775109
        dvar2: 0.00294655514881
        max: 0.781791210175
        mean: 0.597639739513
        min: 0.299231946468
        var: 0.0126286186278
    silence_rate_20dB:
        dmean: 0
        dmean2: 0
        dvar: 0
        dvar2: 0
        max: 1
        mean: 1
        min: 1
        var: 0
    silence_rate_30dB:
        dmean: 0
        dmean2: 0
        dvar: 0
        dvar2: 0
        max: 1
        mean: 1
        min: 1
        var: 0
    silence_rate_60dB:
        dmean: 0.0377358496189
        dmean2: 0.0761904790998
        dvar: 0.0363119058311
        dvar2: 0.0703855156898
        max: 1
        mean: 0.813084125519
        min: 0
        var: 0.151978477836
    spectral_centroid:
        dmean: 215.314056396
        dmean2: 298.267822266
        dvar: 40757.40625
        dvar2: 97499.234375
        max: 2771.40014648
        mean: 1809.67919922
        min: 622.283325195
        var: 401762.15625
    spectral_complexity:
        dmean: 2.98550724983
        dmean2: 4.33823537827
        dvar: 15.4345760345
        dvar2: 25.4297161102
        max: 38
        mean: 11.6000003815
        min: 0
        var: 124.354240417
    spectral_crest:
        dmean: 1.54401826859
        dmean2: 2.38353991508
        dvar: 2.31490254402
        dvar2: 5.21662521362
        max: 15.1261405945
        mean: 6.64087772369
        min: 3.76591134071
        var: 7.14457941055
    spectral_decrease:
        dmean: 1.71960570783e-10
        dmean2: 2.33803476579e-10
        dvar: 1.75700399937e-19
        dvar2: 3.57073423568e-19
        max: -7.74570349266e-13
        mean: -5.83707970847e-10
        min: -4.17297130184e-09
        var: 4.55641635378e-19
    spectral_energy:
        dmean: 0.000758983020205
        dmean2: 0.00102262501605
        dvar: 3.11922940455e-06
        dvar2: 6.18904869043e-06
        max: 0.0178373865783
        mean: 0.00271115335636
        min: 3.61314505426e-06
        var: 9.47372336668e-06
    spectral_energyband_high:
        dmean: 0.000116610899568
        dmean2: 0.000190487699001
        dvar: 5.1986820182e-08
        dvar2: 1.14698558207e-07
        max: 0.00203936570324
        mean: 0.000366436317563
        min: 5.34430668608e-08
        var: 2.48092590027e-07
    spectral_energyband_low:
        dmean: 0.00016880473413
        dmean2: 0.000241030254983
        dvar: 1.95985833784e-07
        dvar2: 3.3339549077e-07
        max: 0.00385406264104
        mean: 0.000346246990375
        min: 5.58460255817e-09
        var: 4.35049400949e-07
    spectral_energyband_middle_high:
        dmean: 0.000381379126338
        dmean2: 0.000582347332966
        dvar: 3.37793125027e-07
        dvar2: 6.90303465944e-07
        max: 0.00546328537166
        mean: 0.0013858663151
        min: 2.28400176638e-06
        var: 1.99891246666e-06
    spectral_energyband_middle_low:
        dmean: 0.00028653134359
        dmean2: 0.000442621763796
        dvar: 8.48789909469e-07
        dvar2: 2.14067267734e-06
        max: 0.00761547125876
        mean: 0.000612605828792
        min: 4.30380453054e-07
        var: 1.00764759736e-06
    spectral_flatness_db:
        dmean: 0.0135368546471
        dmean2: 0.0205982606858
        dvar: 0.000107900195871
        dvar2: 0.000268177915132
        max: 0.231817603111
        mean: 0.17605741322
        min: 0.111635632813
        var: 0.00111658440437
    spectral_flux:
        dmean: 0.00455288868397
        dmean2: 0.00690486654639
        dvar: 8.10865749372e-05
        dvar2: 0.000125774982735
        max: 0.082092769444
        mean: 0.0244672596455
        min: 0.000822036119644
        var: 0.000352894188836
    spectral_kurtosis:
        dmean: 2.15705442429
        dmean2: 3.60974574089
        dvar: 9.88948917389
        dvar2: 16.2306060791
        max: 26.2385787964
        mean: 4.01419258118
        min: 0.215581417084
        var: 13.2813673019
    spectral_rms:
        dmean: 0.000197328612558
        dmean2: 0.000241175570409
        dvar: 1.20064669318e-07
        dvar2: 1.61618359584e-07
        max: 0.00417160987854
        mean: 0.00133745127823
        min: 5.93718759774e-05
        var: 8.56252256654e-07
    spectral_rolloff:
        dmean: 260.895050049
        dmean2: 435.414031982
        dvar: 171057.703125
        dvar2: 402034.78125
        max: 4349.70703125
        mean: 3458.84863281
        min: 1248.92578125
        var: 533392
    spectral_skewness:
        dmean: 0.230794817209
        dmean2: 0.388343930244
        dvar: 0.106454238296
        dvar2: 0.152676537633
        max: 3.00395154953
        mean: 1.00827825069
        min: 0.287246376276
        var: 0.183881476521
    spectral_spread:
        dmean: 218545.1875
        dmean2: 334473.71875
        dvar: 30753001472
        dvar2: 59582087168
        max: 5345776
        mean: 3384712.25
        min: 2182969
        var: 921341526016
    spectral_strongpeak:
        dmean: 0.437430799007
        dmean2: 0.770577728748
        dvar: 0.460271447897
        dvar2: 1.31503736973
        max: 2.41568398476
        mean: 0.458240360022
        min: 0.00249966490082
        var: 0.488432586193
    zerocrossingrate:
        dmean: 0.00831493455917
        dmean2: 0.0076760686934
        dvar: 8.23198788567e-05
        dvar2: 8.82348103914e-05
        max: 0.15087890625
        mean: 0.102253071964
        min: 0.04638671875
        var: 0.000687684165314
    barkbands:
        dmean: [7.4208038825e-08, 4.62236966996e-05, 0.000135773079819, 0.000180241448106, 8.78414939507e-05, 4.56253437733e-05, 3.66815365851e-05, 1.67971720657e-05, 2.22566577577e-05, 3.97502299165e-05, 3.01451327687e-05, 5.46967967239e-05, 1.39349085657e-05, 2.27072359849e-05, 4.69218575745e-05, 4.38333299826e-05, 8.96075507626e-05, 5.51084995095e-05, 0.000164249941008, 0.000137690149131, 3.91008907172e-05, 1.66226855072e-05, 1.88681121926e-06, 7.15678936558e-07, 1.11577413975e-07, 4.21905532733e-09, 1.16865586652e-10]
        dmean2: [1.37703992209e-07, 6.76825802657e-05, 0.000207213321119, 0.000291064730845, 0.000142088232678, 7.62061827118e-05, 5.83118198847e-05, 3.07335576508e-05, 3.62473729183e-05, 6.12883814028e-05, 5.41991466889e-05, 9.92090863292e-05, 2.20965066546e-05, 3.41313352692e-05, 6.86907442287e-05, 7.25939389667e-05, 0.000129318927065, 9.30753813009e-05, 0.000259070977336, 0.000202825161978, 6.25337343081e-05, 2.3855618565e-05, 3.00423653243e-06, 1.03353454506e-06, 1.76101934812e-07, 6.87482337725e-09, 2.18524823237e-10]
        dvar: [1.39415781979e-13, 1.14592957345e-08, 1.41467907611e-07, 3.70730987242e-07, 3.36472680829e-08, 1.03717292532e-08, 3.99422406261e-09, 5.10362585526e-10, 6.99396096593e-10, 2.71706723787e-09, 1.46994993955e-09, 5.68143665447e-09, 2.80338002812e-10, 9.11502651135e-10, 3.72933106618e-09, 3.44138251229e-09, 1.34079805036e-08, 9.38533428751e-09, 9.37372988119e-08, 6.28539993386e-08, 6.00636651527e-09, 1.03173714017e-09, 1.11720329168e-11, 2.64373115413e-12, 5.94886146637e-14, 8.61644993513e-17, 4.66646769365e-20]
        dvar2: [3.98604787415e-13, 1.92019165013e-08, 2.35695338802e-07, 9.35286152526e-07, 8.59327329295e-08, 3.09302485846e-08, 7.26617210844e-09, 1.14987208644e-09, 1.91098648017e-09, 6.21194828909e-09, 4.22119050825e-09, 1.59634936381e-08, 6.5604421895e-10, 2.62468291545e-09, 9.05979558041e-09, 1.06156683444e-08, 2.99530995562e-08, 2.23238654229e-08, 2.36561930933e-07, 1.04088314856e-07, 1.29853301445e-08, 1.56798707351e-09, 2.86292101137e-11, 6.57288373035e-12, 1.35046447224e-13, 1.66955024639e-16, 1.56891333858e-19]
        max: [2.41938960244e-06, 0.000986741739325, 0.00288735632785, 0.00474301446229, 0.00145533995237, 0.000734923523851, 0.000475878739962, 0.00011515240476, 0.000190606820979, 0.000420339027187, 0.00018433688092, 0.000372994225472, 0.000105539038486, 0.000207931749173, 0.000511256104801, 0.00043243393884, 0.00101902731694, 0.000788413744885, 0.00288511044346, 0.00224405690096, 0.000828354270197, 0.000373337301426, 3.48570938513e-05, 1.50869836943e-05, 2.2245526452e-06, 8.57801438769e-08, 1.18914200709e-09]
        mean: [5.32040580481e-08, 0.000116308961879, 0.000229885481531, 0.000221928959945, 0.000172038548044, 6.90428933012e-05, 8.34185484564e-05, 2.34762665059e-05, 4.11092732975e-05, 6.28541311016e-05, 4.18477720814e-05, 0.000101689955045, 2.97353108181e-05, 4.68481630378e-05, 8.59877909534e-05, 0.000110509245133, 0.000183191921678, 0.000111784960609, 0.000390096392948, 0.000417898379965, 0.000122847690363, 4.10917309637e-05, 5.37827099834e-06, 1.72049828961e-06, 3.99284203922e-07, 1.28527402055e-08, 8.45850819942e-11]
        min: [3.78260530537e-12, 2.10009609702e-09, 3.44843886779e-09, 3.60963126056e-09, 5.75982639361e-08, 9.62592849874e-08, 3.7439082945e-08, 1.16850493725e-08, 6.3886673729e-09, 3.7275903253e-08, 1.59289346158e-08, 1.41913014673e-08, 7.83438558472e-09, 7.14083512321e-08, 9.68573843352e-08, 1.92512800368e-07, 1.69819259099e-07, 8.48935599151e-07, 6.5724258036e-08, 3.26905592374e-07, 1.97454514961e-08, 1.03970765331e-09, 2.17985837714e-10, 7.43912986767e-11, 2.55609960281e-11, 8.97438200143e-12, 9.09442538096e-14]
        var: [8.24550931006e-14, 4.49811494718e-08, 2.50012419656e-07, 3.56952767788e-07, 5.31126218561e-08, 1.03437836074e-08, 1.24843744231e-08, 8.46903436269e-10, 2.01619076989e-09, 6.22541262985e-09, 2.3729591625e-09, 1.1984290893e-08, 9.95230120537e-10, 2.71429567711e-09, 1.23039702871e-08, 1.29978090513e-08, 5.12766824556e-08, 2.15755733279e-08, 2.89034176149e-07, 2.45570106472e-07, 3.48440849507e-08, 5.63118307539e-09, 8.50067169433e-11, 1.03108121e-11, 4.87918895824e-13, 5.66919045718e-16, 2.98985627942e-20]
    mfcc:
        mean: [-815.53527832, 133.861816406, -81.8132476807, 78.3872756958, -21.3676643372, 6.14056587219, 7.9914560318, -7.33865022659, 1.73351240158, -10.6704969406, -9.24666213989, -7.12891960144, 2.14771699905]
        cov: [[19369.9804688, -2583.03637695, 1384.76367188, -312.123809814, -932.819274902, 521.286254883, -254.143035889, -391.7109375, -30.3432044983, -14.0235929489, -72.6610031128, -379.64755249, 239.851165771], [-2583.03637695, 1534.43200684, -1262.74682617, 166.243392944, -409.697265625, -121.677024841, 6.8918504715, -402.061584473, 46.5491294861, -356.831604004, 79.2495498657, -167.186248779, 0.966857552528], [1384.76367188, -1262.74682617, 1829.60876465, -78.0589065552, 788.837524414, 224.745574951, 162.510482788, 586.978637695, -21.9991130829, 431.602203369, -92.2974395752, 271.743255615, -29.8135147095], [-312.123809814, 166.243392944, -78.0589065552, 135.689819336, -7.70626592636, 9.63478469849, 13.5837850571, -1.8414939642, 21.0963935852, -31.5221214294, 33.3414459229, 5.0983338356, 7.6897611618], [-932.819274902, -409.697265625, 788.837524414, -7.70626592636, 538.57220459, 76.2363739014, 99.5456848145, 311.717407227, -5.34405374527, 215.025985718, -49.0884552002, 175.818191528, -32.9115104675], [521.286254883, -121.677024841, 224.745574951, 9.63478469849, 76.2363739014, 95.356590271, 30.2130737305, 61.4211196899, 13.3143644333, 37.1596794128, -6.05151557922, 12.4972219467, -0.892783880234], [-254.143035889, 6.8918504715, 162.510482788, 13.5837850571, 99.5456848145, 30.2130737305, 78.0552902222, 71.1992797852, 8.83902549744, 31.3107242584, -3.28932237625, 24.7608680725, -16.1928405762], [-391.7109375, -402.061584473, 586.978637695, -1.8414939642, 311.717407227, 61.4211196899, 71.1992797852, 296.309204102, 2.33113861084, 184.18447876, -21.6843948364, 117.198181152, -18.7595424652], [-30.3432044983, 46.5491294861, -21.9991130829, 21.0963935852, -5.34405374527, 13.3143644333, 8.83902549744, 2.33113861084, 49.6768379211, -5.15567445755, 16.5372447968, -10.6994047165, -0.635944604874], [-14.0235929489, -356.831604004, 431.602203369, -31.5221214294, 215.025985718, 37.1596794128, 31.3107242584, 184.18447876, -5.15567445755, 155.799102783, -13.3380270004, 80.0888366699, -9.15836715698], [-72.6610031128, 79.2495498657, -92.2974395752, 33.3414459229, -49.0884552002, -6.05151557922, -3.28932237625, -21.6843948364, 16.5372447968, -13.3380270004, 45.8851699829, -19.5926361084, 7.54973936081], [-379.64755249, -167.186248779, 271.743255615, 5.0983338356, 175.818191528, 12.4972219467, 24.7608680725, 117.198181152, -10.6994047165, 80.0888366699, -19.5926361084, 101.037330627, -2.38050699234], [239.851165771, 0.966857552528, -29.8135147095, 7.6897611618, -32.9115104675, -0.892783880234, -16.1928405762, -18.7595424652, -0.635944604874, -9.15836715698, 7.54973936081, -2.38050699234, 35.0858802795]]
        icov: [[0.000402710866183, 0.000770773564, -0.00106405746192, -0.000491273822263, 0.00166955031455, -0.00111587787978, -0.000333078758558, 0.00185882032383, -0.000356900214683, -1.84050732059e-05, 0.000749119615648, 0.000924835156184, -0.00130259559955], [0.000770773564, 0.0047908583656, 0.000503736024257, -0.002073608106, 0.000957861309871, -0.00240240735002, -0.00523020327091, 0.00437635090202, -0.000886036257725, 0.00332370074466, 0.000340904982295, 0.00167941208929, -0.00286305160262], [-0.00106405746192, 0.000503736024257, 0.00800112821162, 0.00118553184438, -0.00769442692399, -0.00121339526959, -0.00365633354522, -0.00528011051938, 0.00191591109615, -0.0013038048055, -0.00117011170369, -0.00313242967241, 0.00177368358709], [-0.000491273822263, -0.002073608106, 0.00118553184438, 0.0141842141747, -0.00262125837617, -0.00147020630538, 0.00197585881688, -0.0070744920522, -0.000396723451559, 0.00880283117294, -0.0111744496971, -0.00589729752392, 0.000242274487391], [0.00166955031455, 0.000957861309871, -0.00769442692399, -0.00262125837617, 0.0174009054899, -0.00386782665737, -0.00146566028707, 0.00676918402314, -0.00290500093251, -0.00565442768857, 0.00692628556862, -0.00312620587647, -0.00146744400263], [-0.00111587787978, -0.00240240735002, -0.00121339526959, -0.00147020630538, -0.00386782665737, 0.0225932020694, -0.000938988639973, -0.00514162844047, -0.00359295797534, 0.00182887434494, 0.000503666582517, 0.00359770446084, 0.00129793211818], [-0.000333078758558, -0.00523020327091, -0.00365633354522, 0.00197585881688, -0.00146566028707, -0.000938988639973, 0.0288861915469, -0.00857338216156, -0.000470158236567, 0.00469477754086, -0.00328853237443, 0.00114549929276, 0.00823229923844], [0.00185882032383, 0.00437635090202, -0.00528011051938, -0.0070744920522, 0.00676918402314, -0.00514162844047, -0.00857338216156, 0.0291110947728, -0.00406425632536, -0.0175709575415, 0.00694186333567, 0.000722828379367, -0.00404169363901], [-0.000356900214683, -0.000886036257725, 0.00191591109615, -0.000396723451559, -0.00290500093251, -0.00359295797534, -0.000470158236567, -0.00406425632536, 0.0263003408909, 0.00124160829, -0.00876644253731, 0.0025331042707, 0.00183176167775], [-1.84050732059e-05, 0.00332370074466, -0.0013038048055, 0.00880283117294, -0.00565442768857, 0.00182887434494, 0.00469477754086, -0.0175709575415, 0.00124160829, 0.046643871814, -0.0166342984885, -0.00272759748623, 0.000103654776467], [0.000749119615648, 0.000340904982295, -0.00117011170369, -0.0111744496971, 0.00692628556862, 0.000503666582517, -0.00328853237443, 0.00694186333567, -0.00876644253731, -0.0166342984885, 0.0416671857238, 0.00787935499102, -0.00790406111628], [0.000924835156184, 0.00167941208929, -0.00313242967241, -0.00589729752392, -0.00312620587647, 0.00359770446084, 0.00114549929276, 0.000722828379367, 0.0025331042707, -0.00272759748623, 0.00787935499102, 0.0324763506651, -0.00982161983848], [-0.00130259559955, -0.00286305160262, 0.00177368358709, 0.000242274487391, -0.00146744400263, 0.00129793211818, 0.00823229923844, -0.00404169363901, 0.00183176167775, 0.000103654776467, -0.00790406111628, -0.00982161983848, 0.0403287112713]]
    spectral_contrast:
        mean: [1.3251390385e-07, -2.95761442004e-08, 1.39911264796e-07, 6.74809754742e-08, 2.78066303316e-09, -8.25950081662e-08, 2.44166159291e-07, 7.13127008112e-07, -2.60983199496e-07, -1.14951816954e-07, 4.0871757534e-08, 1.34195602186e-06]
        var: [0.000148056380567, 0.000451341213193, 0.000610565999523, 0.000790904043242, 0.00119807675947, 0.00344715896063, 0.0322760157287, 0.039031162858, 0.0690260902047, 0.262509703636, 2.0240316391, 10.3010835648]

rhythm:
    beats_loudness:
        dmean: 0.00799979362637
        dmean2: 0.0165746491402
        dvar: 3.32232630171e-05
        dvar2: 6.40305515844e-05
        max: 0.0172799900174
        mean: 0.00564999785274
        min: 0.000534382183105
        var: 3.59754994861e-05
    beats_loudness_bass:
        dmean: 0.301445126534
        dmean2: 0.615824282169
        dvar: 0.0405305810273
        dvar2: 0.0378687269986
        max: 0.669309675694
        mean: 0.241039633751
        min: 0.0197656285018
        var: 0.0639218986034
    bpm: 191.048660278
    bpm_confidence: 0
    first_peak_bpm: 191
    first_peak_spread: 0
    first_peak_weight: 1
    onset_rate: 0.918749988079
    second_peak_bpm: 0
    second_peak_spread: 0
    second_peak_weight: 0
    beats_position: [0.0457580201328, 0.35981413722, 0.673870265484, 0.987926363945, 1.30198252201]
    bpm_estimates: [191.048660278]
    bpm_intervals: [0.314056128263, 0.314056128263, 0.314056098461, 0.314056158066]
    onset_times: [0.0464399084449, 0.220589563251, 0.708208620548]
    rubato_start: []
    rubato_stop: []
    perceptual_tempo: "unknown"

sfx:
    inharmonicity:
        dmean: 0.0593051090837
        dmean2: 0.103931739926
        dvar: 0.00407089246437
        dvar2: 0.0131480498239
        max: 0.261651128531
        mean: 0.0706089660525
        min: 0.000429279956734
        var: 0.00382657651789
    oddtoevenharmonicenergyratio:
        dmean: 3.99326395988
        dmean2: 6.96576690674
        dvar: 48.2955665588
        dvar2: 119.551559448
        max: 43.7722549438
        mean: 2.83576393127
        min: 0.00377957103774
        var: 40.0326499939
    pitch_after_max_to_before_max_energy_ratio: 1.42713391781
    pitch_centroid: 33.3654518127
    pitch_max_to_total: 0.471428573132
    pitch_min_to_total: 0.0285714287311
    tristimulus:
        dmean: [0.243754982948, 0.312775284052, 0.188535794616]
        dmean2: [0.446764826775, 0.557819664478, 0.331595152617]
        dvar: [0.0509572848678, 0.063109382987, 0.0268709696829]
        dvar2: [0.164850443602, 0.17539191246, 0.0731041654944]
        max: [0.90491437912, 0.970487952232, 0.63609546423]
        mean: [0.272154778242, 0.48698502779, 0.174983039498]
        min: [0.0295119062066, 0, 0]
        var: [0.0479359962046, 0.078267686069, 0.0298558920622]

tonal:
    chords_changes_rate: 0
    chords_number_rate: 0.0277777779847
    chords_strength:
        dmean: 0.00533610768616
        dmean2: 0.00559664471075
        dvar: 2.59897260548e-05
        dvar2: 1.80978531716e-05
        max: 0.739034354687
        mean: 0.679429769516
        min: 0.603639662266
        var: 0.00130027660634
    key_strength: 0.725135087967
    tuning_diatonic_strength: 0.660556435585
    tuning_equal_tempered_deviation: 0.375630497932
    tuning_frequency: 456.306610107
    tuning_nontempered_energy_ratio: 0.974157452583
    hpcp:
        dmean: [0.212010607123, 0.165320888162, 0.135046333075, 0.126781120896, 0.168856590986, 0.133597046137, 0.0969046503305, 0.121591292322, 0.123056918383, 0.137125566602, 0.183366596699, 0.16689479351, 0.139852851629, 0.221401244402, 0.222068533301, 0.150095254183, 0.179873794317, 0.131765812635, 0.138840317726, 0.136550158262, 0.13750615716, 0.154789432883, 0.154718831182, 0.126802548766, 0.0848825871944, 0.0972857549787, 0.0961099788547, 0.0857062190771, 0.127155303955, 0.107740916312, 0.0581039488316, 0.0827046409249, 0.167199119925, 0.275066226721, 0.303786337376, 0.227409154177]
        dmean2: [0.387171387672, 0.288321107626, 0.229875698686, 0.192575499415, 0.285609185696, 0.231522589922, 0.156046390533, 0.192673623562, 0.203262880445, 0.228591501713, 0.280730962753, 0.283733487129, 0.220413774252, 0.361260920763, 0.366647213697, 0.249597325921, 0.338910639286, 0.246383160353, 0.265399485826, 0.237863376737, 0.239370122552, 0.286687076092, 0.248882263899, 0.226976409554, 0.126725256443, 0.172181874514, 0.163132980466, 0.145193010569, 0.238015621901, 0.190049603581, 0.0806603804231, 0.128884345293, 0.279608726501, 0.506759643555, 0.50236004591, 0.380902767181]
        dvar: [0.0398896746337, 0.0458664558828, 0.0187415350229, 0.0161131750792, 0.0566053241491, 0.0408040434122, 0.0113639878109, 0.018039599061, 0.0325703918934, 0.0317794419825, 0.0557813420892, 0.0276569295675, 0.0205416437238, 0.0418437309563, 0.0443569794297, 0.0395603962243, 0.0616346895695, 0.053508836776, 0.0604431293905, 0.0342543907464, 0.0239363387227, 0.060281291604, 0.0426020026207, 0.0492641143501, 0.00965352728963, 0.0231122709811, 0.0175711996853, 0.0101067377254, 0.056807525456, 0.0279313679785, 0.00417142082006, 0.0125597687438, 0.0289774965495, 0.0636886358261, 0.0582289844751, 0.0425657071173]
        dvar2: [0.0956903025508, 0.127775371075, 0.0444557070732, 0.0420148968697, 0.154057666659, 0.110688641667, 0.0199858080596, 0.0393148139119, 0.0883385762572, 0.0837071537971, 0.157120734453, 0.0825073421001, 0.0629076659679, 0.119653046131, 0.140252918005, 0.0927307009697, 0.211567148566, 0.156202346087, 0.169172853231, 0.106335155666, 0.0810491070151, 0.126077517867, 0.0918298587203, 0.159339562058, 0.0250516533852, 0.0611212588847, 0.0481359139085, 0.0229174345732, 0.165777310729, 0.0799581035972, 0.00750387087464, 0.0329259075224, 0.0767115727067, 0.174421280622, 0.151409983635, 0.053818590939]
        max: [0.901243269444, 1, 0.914979219437, 0.93103569746, 1, 0.907871723175, 0.920604765415, 0.931822121143, 0.893659234047, 0.689185917377, 1, 0.868245780468, 1, 1, 1, 1, 0.919566333294, 1, 1, 1, 0.771830201149, 1, 1, 1, 1, 0.664528369904, 0.567229688168, 0.440883517265, 1, 0.604413509369, 0.41942769289, 0.733605444431, 0.732649087906, 0.982035160065, 1, 1]
        mean: [0.307092010975, 0.253686249256, 0.261222422123, 0.263195872307, 0.232365071774, 0.208286896348, 0.285840630531, 0.307750701904, 0.207125961781, 0.205184265971, 0.287752300501, 0.299794435501, 0.294700801373, 0.520196437836, 0.521880149841, 0.256363391876, 0.146035090089, 0.0977899134159, 0.108810953796, 0.175949692726, 0.224742010236, 0.239082306623, 0.210145413876, 0.200231134892, 0.209745809436, 0.172425806522, 0.149760067463, 0.142710924149, 0.149653956294, 0.127895802259, 0.127495780587, 0.156729996204, 0.221562951803, 0.401364088058, 0.611186087132, 0.52847969532]
        min: [0.0242985356599, 0.018825493753, 0.00688293576241, 0.0102620478719, 0.00719478726387, 0.00415360508487, 0.00426692981273, 0.00636999774724, 0.0107875056565, 0.00774054555222, 0.00873770471662, 0.023985190317, 0.0196751654148, 0.0374325178564, 0.031556610018, 0.0123380282894, 0.00411900505424, 0.000781304028351, 0.00117762200534, 0.00648156739771, 0.00819785147905, 0.0040178517811, 0.0054663377814, 0.00987439975142, 0.0105460071936, 0.00705372728407, 0.00501163303852, 0.00484135327861, 0.00400239787996, 0.00260071596131, 0.00377361476421, 0.00304299616255, 0.00763514731079, 0.0203917715698, 0.0251192841679, 0.0254811868072]
        var: [0.051048874855, 0.0356900058687, 0.0309612713754, 0.045864969492, 0.0550042018294, 0.0424209050834, 0.0605851262808, 0.0742983818054, 0.0417484343052, 0.0360836200416, 0.0592143982649, 0.0453959852457, 0.0564880035818, 0.103578954935, 0.0993496254086, 0.0573922246695, 0.0416730046272, 0.0335144661367, 0.0383287258446, 0.0388823784888, 0.0418279245496, 0.0818488523364, 0.0553793460131, 0.0726221203804, 0.0738827139139, 0.0252698753029, 0.0174278058112, 0.0117983436212, 0.0349402204156, 0.0216795857996, 0.0141337774694, 0.022545998916, 0.03418719396, 0.0561719685793, 0.0990835353732, 0.0996340066195]
    chords_histogram: [100, 0, 0, 0, 0, 0, 0, 0, 0, 0, 0, 0, 0, 0, 0, 0, 0, 0, 0, 0, 0, 0, 0, 0]
    thpcp: [1, 0.864678859711, 0.502452552319, 0.415072023869, 0.427402436733, 0.430631309748, 0.380187124014, 0.340791285038, 0.467681825161, 0.503530263901, 0.338891804218, 0.335714876652, 0.4708096385, 0.490512520075, 0.482178509235, 0.851126134396, 0.853880941868, 0.419452279806, 0.238937199116, 0.160000234842, 0.178032442927, 0.287882357836, 0.367714524269, 0.391177594662, 0.343832135201, 0.327610760927, 0.34317830205, 0.28211671114, 0.245031863451, 0.233498319983, 0.244858250022, 0.209258362651, 0.208603858948, 0.25643581152, 0.36251309514, 0.656697034836]
    chords_key: "C#"
    chords_scale: "minor"
    key_key: "C#"
    key_scale: "minor"
    chords_progression: ["C#m", "C#m", "C#m", "C#m", "C#m", "C#m", "C#m", "C#m", "C#m", "C#m", "C#m", "C#m", "C#m", "C#m", "C#m", "C#m", "C#m", "C#m", "C#m", "C#m", "C#m", "C#m", "C#m", "C#m", "C#m", "C#m", "C#m", "C#m", "C#m", "C#m", "C#m", "C#m", "C#m", "C#m", "C#m", "C#m"]
