
metadata:
    version:
        essentia: "1.2.2"
    audio_properties:
        analysis_sample_rate: 44100
        bitrate: 128
        channels: 2
        equal_loudness: 1
        length: 10.0310201645
        replay_gain: -4.59865379333
        downmix: "mix"
    tags:
        track: 21
        year: 0
        album: "Splitted by Mp3Splt v. 2.1"
        artist: "From 003.20 To 003.30"
        comment: "http://mp3splt.sf.net"
        genre: ""
        title: "12 Were.mp3"

highlevel:
    ballroom:
        all:
            ChaChaCha: 0.003223256208
            Jive: 0.00523217441514
            Quickstep: 0.0156016433612
            Rumba-American: 0.00405556429178
            Rumba-International: 0.0403651408851
            Rumba-Misc: 0.0253126211464
            Samba: 0.00382343726233
            Tango: 0.050121486187
            VienneseWaltz: 0.329886853695
            Waltz: 0.522377848625
        probability: 0.522377848625
        value: "Waltz"
    culture:
        all:
            non_western: 0.0291064474732
            western: 0.97089356184
        probability: 0.97089356184
        value: "western"
    gender:
        all:
            female: 0.709049761295
            male: 0.290950238705
        probability: 0.709049761295
        value: "female"
    genre_dortmund:
        all:
            alternative: 0.127366140485
            blues: 0.00449560862035
            electronic: 0.562237739563
            folkcountry: 0.10453774035
            funksoulrnb: 0.0109401671216
            jazz: 0.0318827033043
            pop: 0.0393949560821
            raphiphop: 0.00236273603514
            rock: 0.116782195866
        probability: 0.562237739563
        value: "electronic"
    genre_electronica:
        all:
            ambient: 0.923421621323
            dnb: 0.0353375338018
            house: 0.0074443500489
            techno: 0.00177790422458
            trance: 0.0320186130702
        probability: 0.923421621323
        value: "ambient"
    genre_rosamerica:
        all:
            cla: 0.398895025253
            dan: 0.0225670821965
            hip: 0.00798470433801
            jaz: 0.0295177213848
            pop: 0.0832006260753
            rhy: 0.0115455221385
            roc: 0.441402375698
            spe: 0.00488694524392
        probability: 0.441402375698
        value: "roc"
    genre_tzanetakis:
        all:
            blu: 0.0172357391566
            cla: 0.175537899137
            cou: 0.286667197943
            dis: 0.0275153871626
            hip: 0.00757268117741
            jaz: 0.0576064102352
            met: 0.00928247533739
            pop: 0.0977430343628
            reg: 0.0286884456873
            roc: 0.292150735855
        probability: 0.292150735855
        value: "roc"
    live_studio:
        all:
            live: 0.287593752146
            studio: 0.712406218052
        probability: 0.712406218052
        value: "studio"
    mood:
        all:
            Cluster1: 0.24887509644
            Cluster2: 0.10817334801
            Cluster3: 0.460955411196
            Cluster4: 0.0965498015285
            Cluster5: 0.0854463353753
        probability: 0.460955411196
        value: "Cluster3"
    mood_acoustic:
        all:
            acoustic: 0.196246668696
            not_acoustic: 0.803753316402
        probability: 0.803753316402
        value: "not_acoustic"
    mood_aggressive:
        all:
            aggressive: 0.0575414896011
            not_aggressive: 0.942458510399
        probability: 0.942458510399
        value: "not_aggressive"
    mood_electronic:
        all:
            electronic: 0.44706839323
            not_electronic: 0.55293160677
        probability: 0.55293160677
        value: "not_electronic"
    mood_happy:
        all:
            happy: 0.532248556614
            not_happy: 0.467751443386
        probability: 0.532248556614
        value: "happy"
    mood_party:
        all:
            not_party: 0.964351594448
            party: 0.0356484092772
        probability: 0.964351594448
        value: "not_party"
    mood_relaxed:
        all:
            not_relaxed: 0.0629175230861
            relaxed: 0.937082469463
        probability: 0.937082469463
        value: "relaxed"
    mood_sad:
        all:
            not_sad: 0.22161501646
            sad: 0.77838498354
        probability: 0.77838498354
        value: "sad"
    rhythm:
        all:
            fast: 0.357659339905
            medium: 0.12729229033
            slow: 0.515048384666
        probability: 0.515048384666
        value: "slow"
    speech_music:
        all:
            music: 0.951756119728
            speech: 0.0482438877225
        probability: 0.951756119728
        value: "music"
    timbre:
        all:
            bright: 0.197978839278
            dark: 0.802021145821
        probability: 0.802021145821
        value: "dark"
    voice_instrumental:
        all:
            instrumental: 0.92708081007
            voice: 0.0729192197323
        probability: 0.92708081007
        value: "instrumental"

lowlevel:
    average_loudness: 0.970389246941
    barkbands_kurtosis:
        dmean: 0.663962125778
        dmean2: 1.09585464001
        dvar: 0.507414460182
        dvar2: 1.3003821373
        max: 6.42204761505
        mean: 0.136684015393
        min: -1.63219821453
        var: 1.64859998226
    barkbands_skewness:
        dmean: 0.282354205847
        dmean2: 0.452135384083
        dvar: 0.0515917874873
        dvar2: 0.14287006855
        max: 2.55059742928
        mean: 0.746354222298
        min: -0.830602169037
        var: 0.263676255941
    barkbands_spread:
        dmean: 2.27593946457
        dmean2: 3.70348477364
        dvar: 2.9959461689
        dvar2: 7.57884073257
        max: 28.1556377411
        mean: 15.1619691849
        min: 6.6503944397
        var: 20.1716899872
    dissonance:
        dmean: 0.0257407557219
        dmean2: 0.0432799942791
        dvar: 0.000448800768936
        dvar2: 0.00121848948766
        max: 0.499999970198
        mean: 0.448859900236
        min: 0.328705877066
        var: 0.000899368431419
    hfc:
        dmean: 0.637252628803
        dmean2: 0.971520781517
        dvar: 0.700540363789
        dvar2: 1.39674556255
        max: 19.6567974091
        mean: 3.37012171745
        min: 4.20005426349e-06
        var: 4.99914169312
    pitch:
        dmean: 76.3386764526
        dmean2: 141.490737915
        dvar: 10165.8144531
        dvar2: 24322.1171875
        max: 832.075500488
        mean: 235.683456421
        min: 60.0817451477
        var: 14945.8105469
    pitch_instantaneous_confidence:
        dmean: 0.0681605264544
        dmean2: 0.107881218195
        dvar: 0.00286017567851
        dvar2: 0.00700992532074
        max: 0.753497064114
        mean: 0.418010175228
        min: 0.14734172821
        var: 0.0144811458886
    pitch_salience:
        dmean: 0.0537012927234
        dmean2: 0.0896071866155
        dvar: 0.00182031106669
        dvar2: 0.00494176195934
        max: 0.971541464329
        mean: 0.635352194309
        min: 0.352057993412
        var: 0.00607921602204
    silence_rate_20dB:
        dmean: 0
        dmean2: 0
        dvar: 0
        dvar2: 0
        max: 1
        mean: 1
        min: 1
        var: 0
    silence_rate_30dB:
        dmean: 0
        dmean2: 0
        dvar: 0
        dvar2: 0
        max: 1
        mean: 1
        min: 1
        var: 0
    silence_rate_60dB:
        dmean: 0.141203701496
        dmean2: 0.283062636852
        dvar: 0.121265806258
        dvar2: 0.291105002165
        max: 1
        mean: 0.452655881643
        min: 0
        var: 0.247758090496
    spectral_centroid:
        dmean: 94.3240661621
        dmean2: 152.107452393
        dvar: 6038.21044922
        dvar2: 14800.0410156
        max: 1793.9934082
        mean: 820.579589844
        min: 366.340301514
        var: 53883.1679688
    spectral_complexity:
        dmean: 2.05104398727
        dmean2: 3.44186043739
        dvar: 2.95795154572
        dvar2: 7.86522197723
        max: 22
        mean: 12.2916669846
        min: 0
        var: 10.1093635559
    spectral_crest:
        dmean: 2.00871562958
        dmean2: 3.38187170029
        dvar: 3.40578579903
        dvar2: 11.110411644
        max: 20.576215744
        mean: 7.92623233795
        min: 3.5273630619
        var: 9.68586349487
    spectral_decrease:
        dmean: 1.79953191237e-10
        dmean2: 2.91544399733e-10
        dvar: 2.89643172223e-20
        dvar2: 6.66013452862e-20
        max: -5.7753925069e-16
        mean: -9.88202075725e-10
        min: -3.32824678928e-09
        var: 2.73339894714e-19
    spectral_energy:
        dmean: 0.000725638237782
        dmean2: 0.00116633705329
        dvar: 4.79938364606e-07
        dvar2: 1.0863341231e-06
        max: 0.0143444947898
        mean: 0.00403538160026
        min: 2.5607294063e-09
        var: 4.62983916805e-06
    spectral_energyband_high:
        dmean: 5.41108556718e-06
        dmean2: 8.42332246975e-06
        dvar: 1.39889447248e-10
        dvar2: 2.95243329784e-10
        max: 0.000162762051332
        mean: 1.1546042515e-05
        min: 9.30377441755e-11
        var: 2.934667509e-10
    spectral_energyband_low:
        dmean: 8.17482141429e-05
        dmean2: 0.000139571086038
        dvar: 7.88429588283e-09
        dvar2: 2.16204991688e-08
        max: 0.00101799145341
        mean: 0.000176692483365
        min: 4.1558343572e-11
        var: 2.36151365129e-08
    spectral_energyband_middle_high:
        dmean: 0.00037706879084
        dmean2: 0.000585095782299
        dvar: 1.88852894212e-07
        dvar2: 3.99008342811e-07
        max: 0.00871241558343
        mean: 0.00148783635814
        min: 2.04012340355e-09
        var: 9.18515354442e-07
    spectral_energyband_middle_low:
        dmean: 0.00057844328694
        dmean2: 0.000948328408413
        dvar: 3.17878573242e-07
        dvar2: 8.10591473055e-07
        max: 0.00980810914189
        mean: 0.00235924264416
        min: 3.71582209446e-10
        var: 2.62647790805e-06
    spectral_flatness_db:
        dmean: 0.0144595932215
        dmean2: 0.0241658315063
        dvar: 0.000156132504344
        dvar2: 0.000384906423278
        max: 0.296904325485
        mean: 0.212943211198
        min: 0.0687496289611
        var: 0.000837327446789
    spectral_flux:
        dmean: 0.00453560659662
        dmean2: 0.00766034284607
        dvar: 1.89182337635e-05
        dvar2: 4.62582247565e-05
        max: 0.0640873387456
        mean: 0.0278446339071
        min: 5.06036485604e-05
        var: 4.72891333629e-05
    spectral_kurtosis:
        dmean: 7.98036623001
        dmean2: 14.4899806976
        dvar: 55.6325683594
        dvar2: 185.826538086
        max: 65.3556060791
        mean: 19.9691047668
        min: 1.60558462143
        var: 106.164833069
    spectral_rms:
        dmean: 0.00018046569312
        dmean2: 0.000290514028165
        dvar: 2.57899124279e-08
        dvar2: 5.70198395167e-08
        max: 0.00374093954451
        mean: 0.00192433525808
        min: 1.58059253863e-06
        var: 2.33889210222e-07
    spectral_rolloff:
        dmean: 222.726089478
        dmean2: 388.448577881
        dvar: 62960.3476562
        dvar2: 137173.84375
        max: 3079.24804688
        mean: 1469.79125977
        min: 495.263671875
        var: 251840.21875
    spectral_skewness:
        dmean: 0.558295547962
        dmean2: 1.00646078587
        dvar: 0.243116691709
        dvar2: 0.809737920761
        max: 5.9522061348
        mean: 2.88117337227
        min: 1.59424602985
        var: 0.457221835852
    spectral_spread:
        dmean: 243245.546875
        dmean2: 357674.15625
        dvar: 1.81789969613e+12
        dvar2: 1.8653422551e+12
        max: 29317620
        mean: 1867403.375
        min: 979579.5
        var: 2.00624649011e+12
    spectral_strongpeak:
        dmean: 0.265334576368
        dmean2: 0.438898473978
        dvar: 0.144112706184
        dvar2: 0.36151984334
        max: 3.93782520294
        mean: 0.556313455105
        min: 1.63825170603e-05
        var: 0.271791279316
    zerocrossingrate:
        dmean: 0.00410790694878
        dmean2: 0.00539039773867
        dvar: 1.47368755279e-05
        dvar2: 2.73373680102e-05
        max: 0.095703125
        mean: 0.0471824370325
        min: 0.02197265625
        var: 0.000167202451848
    barkbands:
        dmean: [4.34717662756e-07, 1.50562627823e-05, 7.54216380301e-05, 5.84417393839e-05, 0.000268665578915, 0.00021027647017, 0.000230442747124, 9.81756675174e-05, 0.000126626298879, 0.000212702696444, 7.87702083471e-05, 7.54742868594e-05, 3.14374519803e-05, 4.15920912928e-05, 0.000127469102154, 7.05183774699e-05, 3.17047270073e-05, 5.85749730817e-05, 2.04748539545e-05, 6.86097018843e-06, 1.17611148198e-06, 1.0962593251e-06, 6.85698395841e-08, 3.36302541371e-08, 1.17713820913e-08, 1.02855068906e-09, 5.37171418458e-10]
        dmean2: [7.04006879459e-07, 2.47833831963e-05, 0.00012964711641, 0.000100794350146, 0.000469146267278, 0.000363057712093, 0.000343101972248, 0.00015353182971, 0.000186430406757, 0.000338136043865, 0.000126207451103, 0.000120789532957, 5.28264245077e-05, 6.24657186563e-05, 0.000201525850571, 0.000113587091619, 5.09942765348e-05, 9.31427057367e-05, 3.38877580361e-05, 1.08273115984e-05, 1.83337112958e-06, 1.61318678238e-06, 1.08165579604e-07, 5.21582208535e-08, 1.94416003296e-08, 1.39921252362e-09, 6.95659252425e-10]
        dvar: [1.04510031271e-12, 3.80598969008e-10, 6.72548949865e-09, 5.28457455573e-09, 1.16837270525e-07, 7.02399560737e-08, 1.3618119965e-07, 1.69721143806e-08, 2.48473472908e-08, 4.26630535344e-08, 6.01454352989e-09, 8.75089067875e-09, 1.07206254985e-09, 4.90269602693e-09, 6.65071624439e-08, 1.25010171104e-08, 2.86675838623e-09, 2.47937990139e-08, 1.29485988598e-09, 1.64963570581e-10, 3.12622519018e-12, 2.01819342488e-11, 3.24435607774e-14, 1.6905408822e-14, 7.75005130008e-16, 5.47255447163e-17, 5.61162636278e-17]
        dvar2: [2.46650031129e-12, 9.40759803392e-10, 1.92448759151e-08, 1.44764511489e-08, 4.10792296179e-07, 2.00520588578e-07, 2.55369315028e-07, 2.81897030163e-08, 4.40587406558e-08, 1.05413683116e-07, 1.47044705301e-08, 2.2425034274e-08, 2.90527779612e-09, 6.92008672587e-09, 1.36732396072e-07, 2.8876156577e-08, 6.89660240027e-09, 5.66991609219e-08, 3.01796077018e-09, 3.62641583429e-10, 7.46385765693e-12, 3.39541450511e-11, 7.96007750274e-14, 3.99117011955e-14, 2.05330590821e-15, 5.76712573003e-17, 5.62007286946e-17]
        max: [1.30494008772e-05, 0.00017867553106, 0.000922693870962, 0.000659570912831, 0.00327972252853, 0.00405642576516, 0.00814346503466, 0.00241218111478, 0.00253147305921, 0.00178959523328, 0.000789468933363, 0.000979410368018, 0.000302133354126, 0.00151469488628, 0.00395912583917, 0.00135799497366, 0.000758315203711, 0.00259874667972, 0.000461921998067, 0.000179694558028, 1.63859513123e-05, 8.81901578396e-05, 3.28204873767e-06, 2.42451869781e-06, 4.70158283861e-07, 1.55580039518e-07, 1.56279952535e-07]
        mean: [1.26428869862e-06, 3.01887321257e-05, 0.000145308338688, 8.44773458084e-05, 0.000640445214231, 0.000548921059817, 0.00054661440663, 0.000217870619963, 0.000301162450342, 0.000368730601622, 0.000170750747202, 0.000189125261386, 6.59811412334e-05, 8.62968736328e-05, 0.000249692908255, 0.000163388045621, 6.07286965533e-05, 0.000108232685307, 3.84411687264e-05, 1.30390817503e-05, 2.48863193519e-06, 1.98001544049e-06, 1.56675042717e-07, 6.8673685405e-08, 3.11528793873e-08, 1.82279280558e-09, 5.10832653955e-10]
        min: [2.03264280407e-11, 2.32816960155e-11, 8.28898408245e-12, 4.02490324056e-12, 4.190411039e-12, 1.28042923486e-11, 2.3852558817e-11, 3.3772137864e-11, 2.38294106669e-10, 3.75649372719e-10, 3.1887231744e-10, 2.38325581492e-10, 3.1031682779e-10, 3.54953205717e-10, 1.57800647549e-10, 7.9282955201e-11, 1.01702812838e-10, 8.77968739377e-11, 6.68432947881e-11, 1.07653113854e-11, 1.48999961674e-11, 1.42500594658e-11, 1.36006110887e-11, 1.17817439832e-11, 1.08331633594e-11, 1.02772027e-11, 1.12459268447e-14]
        var: [4.6765386702e-12, 9.40914568481e-10, 1.94205664883e-08, 9.56570200827e-09, 3.09495732154e-07, 4.74236145465e-07, 1.00621082311e-06, 8.84735058548e-08, 1.429840637e-07, 8.43374792225e-08, 1.56040957933e-08, 2.93228286097e-08, 2.46793274705e-09, 1.52770400774e-08, 1.70870663396e-07, 4.45978400876e-08, 6.35074037802e-09, 4.79489230543e-08, 2.676262989e-09, 3.43436779016e-10, 8.09523715423e-12, 4.23412867268e-11, 1.03071163529e-13, 2.97556507971e-14, 2.66254070827e-15, 6.21021462044e-17, 5.63492770977e-17]
    mfcc:
        mean: [-782.510620117, 217.723648071, -85.1457061768, 31.4771690369, -15.2970380783, -11.9545230865, -6.52872848511, -6.28820419312, -3.72734260559, -8.52823925018, -5.99138259888, -13.761302948, -2.81722974777]
        cov: [[2519.1184082, -828.83416748, 173.521591187, -72.32396698, 56.7205848694, -195.716308594, -331.704406738, -48.5133857727, -139.144317627, -15.0228004456, -48.1316108704, -160.503479004, -38.4527359009], [-828.83416748, 1017.94274902, -175.708908081, 131.528442383, -55.9904937744, 137.69543457, 220.929077148, -2.94991779327, 45.6792373657, -62.0931282043, 26.1302928925, 80.4574813843, 8.2566242218], [173.521591187, -175.708908081, 191.170394897, 2.65960645676, 5.76032924652, 1.90729963779, -37.3113212585, 12.0215187073, 1.34547793865, -1.05586540699, 2.86731743813, -25.4313831329, -15.0024366379], [-72.32396698, 131.528442383, 2.65960645676, 166.923843384, -30.6922092438, 50.1945495605, 77.4298019409, 0.666006147861, 59.4560508728, 18.0660762787, -7.85397148132, -2.80234122276, -13.3419790268], [56.7205848694, -55.9904937744, 5.76032924652, -30.6922092438, 80.1006622314, -0.826166927814, -11.4483757019, 18.5758056641, -20.8997402191, 4.84726476669, 9.20182704926, -12.8795375824, -1.27164363861], [-195.716308594, 137.69543457, 1.90729963779, 50.1945495605, -0.826166927814, 103.559257507, 69.7050247192, 20.6580562592, 18.6451396942, -8.09049987793, 16.6153049469, 10.4706811905, -4.2714214325], [-331.704406738, 220.929077148, -37.3113212585, 77.4298019409, -11.4483757019, 69.7050247192, 153.123962402, 22.4447803497, 37.7921333313, 13.162853241, 7.12323379517, 24.3721523285, 1.33811581135], [-48.5133857727, -2.94991779327, 12.0215187073, 0.666006147861, 18.5758056641, 20.6580562592, 22.4447803497, 61.9700050354, 6.99350786209, 7.24319028854, 6.64646100998, 1.09381866455, 0.339988976717], [-139.144317627, 45.6792373657, 1.34547793865, 59.4560508728, -20.8997402191, 18.6451396942, 37.7921333313, 6.99350786209, 111.976615906, 36.8392066956, -12.5906381607, 3.23374295235, 9.50232028961], [-15.0228004456, -62.0931282043, -1.05586540699, 18.0660762787, 4.84726476669, -8.09049987793, 13.162853241, 7.24319028854, 36.8392066956, 63.3699150085, -5.84647989273, -4.78545856476, 12.1915197372], [-48.1316108704, 26.1302928925, 2.86731743813, -7.85397148132, 9.20182704926, 16.6153049469, 7.12323379517, 6.64646100998, -12.5906381607, -5.84647989273, 50.1830329895, 3.0866663456, -1.70354008675], [-160.503479004, 80.4574813843, -25.4313831329, -2.80234122276, -12.8795375824, 10.4706811905, 24.3721523285, 1.09381866455, 3.23374295235, -4.78545856476, 3.0866663456, 61.8982505798, 19.4033889771], [-38.4527359009, 8.2566242218, -15.0024366379, -13.3419790268, -1.27164363861, -4.2714214325, 1.33811581135, 0.339988976717, 9.50232028961, 12.1915197372, -1.70354008675, 19.4033889771, 46.3497314453]]
        icov: [[0.000771403720137, 0.000340635830071, -8.33838421386e-05, -0.000866952468641, -0.000193461761228, 0.000503137067426, 0.000951465684921, 1.00531751741e-05, 0.000747121695895, 0.00039216899313, 0.000318004400469, 0.00107828772161, -0.000379774864996], [0.000340635830071, 0.0023558314424, 0.00143702025525, -0.00101562100463, 0.000236348438193, -0.000587575661484, -0.00168847222812, 0.000591329357121, -0.000378652912332, 0.00314807635732, -0.000554824015126, -0.00035596176167, -0.000589332077652], [-8.33838421386e-05, 0.00143702025525, 0.00711465533823, -0.00092578236945, 0.000512015889399, -0.001699050772, 0.000935585820116, -0.00132124789525, -0.00093936099438, 0.00182140560355, -0.000911067065317, 0.000800362788141, 0.000896310899407], [-0.000866952468641, -0.00101562100463, -0.00092578236945, 0.0119091169909, 0.00266990577802, -0.00311845541, -0.00430116662756, 0.00171265704557, -0.00388046680018, -0.00280966050923, 0.00132387748454, 0.000714422843885, 0.00377175305039], [-0.000193461761228, 0.000236348438193, 0.000512015889399, 0.00266990577802, 0.0162637010217, -0.001570351189, -0.000208718149224, -0.00437372317538, 0.00255059427582, -0.00286273565143, -0.00165763974655, 0.003074250184, -4.65406374133e-05], [0.000503137067426, -0.000587575661484, -0.001699050772, -0.00311845541, -0.001570351189, 0.0177176631987, -0.00473542138934, -0.00300897541456, -0.000746072037145, 0.00433917948976, -0.00384440086782, 0.000558612286113, -0.00054057437228], [0.000951465684921, -0.00168847222812, 0.000935585820116, -0.00430116662756, -0.000208718149224, -0.00473542138934, 0.0163917690516, -0.00339730852284, 0.00115924468264, -0.00469939829782, 0.000663702317979, -0.00153318885714, 0.000929090427235], [1.00531751741e-05, 0.000591329357121, -0.00132124789525, 0.00171265704557, -0.00437372317538, -0.00300897541456, -0.00339730852284, 0.0203146785498, -0.00131895765662, -0.00101302261464, -0.000759528600611, -0.000703172816429, 0.000323427579133], [0.000747121695895, -0.000378652912332, -0.00093936099438, -0.00388046680018, 0.00255059427582, -0.000746072037145, 0.00115924468264, -0.00131895765662, 0.0153707079589, -0.00759887509048, 0.00296218530275, 0.00128649035469, -0.00233848788776], [0.00039216899313, 0.00314807635732, 0.00182140560355, -0.00280966050923, -0.00286273565143, 0.00433917948976, -0.00469939829782, -0.00101302261464, -0.00759887509048, 0.0275150574744, -0.00102551898453, 0.0028190696612, -0.00688755931333], [0.000318004400469, -0.000554824015126, -0.000911067065317, 0.00132387748454, -0.00165763974655, -0.00384440086782, 0.000663702317979, -0.000759528600611, 0.00296218530275, -0.00102551898453, 0.0230286251754, -0.00030405682628, 0.000671634799801], [0.00107828772161, -0.00035596176167, 0.000800362788141, 0.000714422843885, 0.003074250184, 0.000558612286113, -0.00153318885714, -0.000703172816429, 0.00128649035469, 0.0028190696612, -0.00030405682628, 0.0240767840296, -0.00948776025325], [-0.000379774864996, -0.000589332077652, 0.000896310899407, 0.00377175305039, -4.65406374133e-05, -0.00054057437228, 0.000929090427235, 0.000323427579133, -0.00233848788776, -0.00688755931333, 0.000671634799801, -0.00948776025325, 0.0289481803775]]
    spectral_contrast:
        mean: [2.59994226148e-09, -2.84061997036e-07, 1.48149283064e-07, 2.82742632862e-07, 3.38070094585e-07, 4.88668376875e-07, 4.09850918004e-06, 2.71021758635e-06, -2.9569837352e-06, 5.94390769493e-07, 2.02159094442e-06, -2.29974580179e-06]
        var: [0.00038247226621, 0.000616869365331, 0.00125235330779, 0.0015293948818, 0.00317417294718, 0.00394215201959, 0.0482330024242, 0.0654700770974, 0.0979691073298, 0.215349063277, 0.506603658199, 0.78303360939]

rhythm:
    beats_loudness:
        dmean: 0.00192591967061
        dmean2: 0.00287934578955
        dvar: 2.26021893468e-06
        dvar2: 5.33058710062e-06
        max: 0.0105503583327
        mean: 0.00443148147315
        min: 0.00160325819161
        var: 5.67550705455e-06
    beats_loudness_bass:
        dmean: 0.0509861558676
        dmean2: 0.0727472454309
        dvar: 0.00230322498828
        dvar2: 0.00397515948862
        max: 0.231767803431
        mean: 0.0746364817023
        min: 0.00469425087795
        var: 0.00502689601853
    bpm: 115.450843811
    bpm_confidence: 0
    first_peak_bpm: 115
    first_peak_spread: 0
    first_peak_weight: 0.555555582047
    onset_rate: 1.39567053318
    second_peak_bpm: 124
    second_peak_spread: 0
    second_peak_weight: 0.388888895512
    beats_position: [0.554412484169, 1.0741404295, 1.59386825562, 2.11359620094, 2.63332414627, 3.15305185318, 3.67277979851, 4.19250774384, 4.71223545074, 5.23196363449, 5.7516913414, 6.32267904282, 6.80501413345, 7.28734827042, 7.76968288422, 8.25201797485, 8.73435306549, 9.21668815613, 9.69902229309]
    bpm_estimates: [114.336288452, 115.739707947, 116.276535034]
    bpm_intervals: [0.519727945328, 0.519727826118, 0.519727945328, 0.519727945328, 0.519727706909, 0.519727945328, 0.519727945328, 0.519727706909, 0.519728183746, 0.519727706909, 0.570987701416, 0.482335090637, 0.482334136963, 0.4823346138, 0.482335090637, 0.482335090637, 0.482335090637, 0.482334136963]
    onset_times: [0.0464399084449, 1.09133791924, 2.13623571396, 3.13469386101, 3.7151927948, 3.75002264977, 3.86612248421, 4.12154197693, 4.15637207031, 4.21442174911, 4.7020406723, 5.45668935776, 6.14167785645, 9.39247131348]
    rubato_start: []
    rubato_stop: []
    perceptual_tempo: "unknown"

sfx:
    inharmonicity:
        dmean: 0.0473151728511
        dmean2: 0.0867412239313
        dvar: 0.0037012193352
        dvar2: 0.0110345073044
        max: 0.410064637661
        mean: 0.0453613214195
        min: 0.000105739098217
        var: 0.00331761687994
    oddtoevenharmonicenergyratio:
        dmean: 2.57246994972
        dmean2: 4.7013297081
        dvar: 34.8471946716
        dvar2: 100.612747192
        max: 57.3913803101
        mean: 1.88770854473
        min: 0.000197707282496
        var: 21.496181488
    pitch_after_max_to_before_max_energy_ratio: 43.9846763611
    pitch_centroid: 198.012237549
    pitch_max_to_total: 0
    pitch_min_to_total: 0.731481492519
    tristimulus:
        dmean: [0.205370649695, 0.213062241673, 0.0544071495533]
        dmean2: [0.35925090313, 0.365469366312, 0.0948790386319]
        dvar: [0.0291082430631, 0.0368873178959, 0.00367120862938]
        dvar2: [0.081227466464, 0.108159221709, 0.0102546745911]
        max: [0.964961051941, 0.937269806862, 0.450922042131]
        mean: [0.409625172615, 0.516436696053, 0.0529043674469]
        min: [0.0200102515519, 0, 0]
        var: [0.0471851304173, 0.0516195446253, 0.0039833849296]

tonal:
    chords_changes_rate: 0.0138888889924
    chords_number_rate: 0.0138888889924
    chords_strength:
        dmean: 0.00470783561468
        dmean2: 0.00455077784136
        dvar: 1.28257406686e-05
        dvar2: 1.31850665639e-05
        max: 0.677537083626
        mean: 0.589744865894
        min: 0.516394019127
        var: 0.000920677906834
    key_strength: 0.658149600029
    tuning_diatonic_strength: 0.560089826584
    tuning_equal_tempered_deviation: 0.0761856436729
    tuning_frequency: 448.726654053
    tuning_nontempered_energy_ratio: 0.708158731461
    hpcp:
        dmean: [0.184854701161, 0.138428777456, 0.109752200544, 0.096312917769, 0.0805998668075, 0.0592151880264, 0.0786861330271, 0.0490483827889, 0.0919322893023, 0.142885029316, 0.114613458514, 0.0777087509632, 0.0603253208101, 0.0238289814442, 0.0395884774625, 0.0775670781732, 0.0705200210214, 0.0347016341984, 0.0190224610269, 0.0215274672955, 0.0584924295545, 0.0843812599778, 0.0536848120391, 0.107354879379, 0.145957142115, 0.102961145341, 0.0271947924048, 0.0271712429821, 0.0394187122583, 0.0781837254763, 0.128558412194, 0.110184408724, 0.0810879692435, 0.0545929782093, 0.0592319816351, 0.165262848139]
        dmean2: [0.307033747435, 0.2328119874, 0.19082210958, 0.157236799598, 0.130342632532, 0.0923365652561, 0.128561988473, 0.0814117714763, 0.158670440316, 0.223160535097, 0.176009565592, 0.127982720733, 0.096373051405, 0.0406186245382, 0.0658207461238, 0.125920623541, 0.111354753375, 0.0600366294384, 0.0316853187978, 0.0373853705823, 0.0991159603, 0.136744350195, 0.0908556729555, 0.171135157347, 0.230005085468, 0.168178021908, 0.0475526824594, 0.0427582152188, 0.0651641786098, 0.125150203705, 0.206707388163, 0.173326134682, 0.133621245623, 0.0840582251549, 0.10085760802, 0.283526837826]
        dvar: [0.0249326210469, 0.0246658939868, 0.017654016614, 0.018246145919, 0.0158394537866, 0.00623689265922, 0.0115466751158, 0.00320506864227, 0.0121262772009, 0.0288593042642, 0.0151879694313, 0.015991313383, 0.00782193429768, 0.000841727829538, 0.0026376741007, 0.010298605077, 0.00788631103933, 0.00314707006328, 0.000646307191346, 0.00111212139018, 0.00658099586144, 0.0128252869472, 0.00476401858032, 0.0131147429347, 0.0344821922481, 0.0113901123405, 0.00137730699498, 0.00365196168423, 0.00557058304548, 0.00777916889638, 0.0212951283902, 0.0236496236175, 0.0170343518257, 0.00815272144973, 0.00681824143976, 0.0259080827236]
        dvar2: [0.0598429441452, 0.0617391094565, 0.0494616813958, 0.0407561399043, 0.0333678238094, 0.0157511699945, 0.0307761412114, 0.00838289503008, 0.0313351564109, 0.0659163743258, 0.0370142310858, 0.0379812754691, 0.0192962512374, 0.00228771124966, 0.00721459789202, 0.022698527202, 0.0189972817898, 0.00790130905807, 0.00167129107285, 0.00275309756398, 0.0142413266003, 0.0314239151776, 0.0115897152573, 0.0276155360043, 0.0632738247514, 0.0258797314018, 0.00354148703627, 0.00843496620655, 0.0142122246325, 0.0216762255877, 0.0514234825969, 0.0450668856502, 0.043027613312, 0.0161270331591, 0.0184371788055, 0.0717004984617]
        max: [1, 1, 0.859552025795, 1, 1, 0.630424439907, 0.852417588234, 0.433246463537, 0.833327949047, 1, 1, 1, 0.700656652451, 0.212807655334, 0.580073654652, 1, 0.883572101593, 0.551050543785, 0.195226997137, 0.335826188326, 0.747853577137, 1, 0.500461697578, 1, 1, 0.771165132523, 0.264953941107, 0.662168323994, 0.878780603409, 0.575346648693, 1, 1, 1, 1, 0.636381447315, 1]
        mean: [0.667742192745, 0.509360730648, 0.181838139892, 0.176325634122, 0.150640875101, 0.10008239001, 0.120323359966, 0.0842543765903, 0.201430290937, 0.401524394751, 0.27663949132, 0.108029901981, 0.0802483707666, 0.0353745557368, 0.0700692534447, 0.174685865641, 0.15471804142, 0.0625782236457, 0.0333412364125, 0.0333141125739, 0.0992139950395, 0.131904542446, 0.0790544822812, 0.270439594984, 0.497853338718, 0.281819701195, 0.0475491136312, 0.0392946079373, 0.0579078495502, 0.127865701914, 0.261502474546, 0.264522880316, 0.147494852543, 0.0811201632023, 0.0924112126231, 0.33748164773]
        min: [0.0614213608205, 0.0247594881803, 0.0100296186283, 0.0035958327353, 0.00239805248566, 0.00702198361978, 0.0112219704315, 0.00662337057292, 0.00415968708694, 0.00517517933622, 0.00606592698023, 0.0058221090585, 0.00239225500263, 0.000446013873443, 0.00321808853187, 0.00642574578524, 0.00564852636307, 0.00229242187925, 0.000663776532747, 0.000896668178029, 0.00333882286213, 0.00431401701644, 0.00626343861222, 0.00831188447773, 0.0113850217313, 0.00943696312606, 0.00103867216967, 0.00111679360271, 0.00376851367764, 0.00844299886376, 0.00647093122825, 0.00576995126903, 0.00232396298088, 0.00192721595522, 0.00176545872819, 0.0158663038164]
        var: [0.0870170667768, 0.110293090343, 0.0270353723317, 0.0514793880284, 0.0476904436946, 0.0106426142156, 0.016282800585, 0.00477099185809, 0.0327068567276, 0.108600698411, 0.0464292429388, 0.0179028920829, 0.00883625075221, 0.00136586977169, 0.00550004746765, 0.0338126160204, 0.0261484012008, 0.00493890279904, 0.00112065835856, 0.001496908837, 0.014027627185, 0.0229494925588, 0.00583635317162, 0.050781622529, 0.143886581063, 0.0390363894403, 0.00226952275261, 0.00469082500786, 0.00664752628654, 0.011932737194, 0.0512244030833, 0.0857397168875, 0.0357522778213, 0.0168908461928, 0.013695561327, 0.0595359392464]
    chords_histogram: [69.444442749, 5.09259271622, 0, 0, 0, 0, 0, 0, 0, 0, 0, 0, 0, 0, 0, 0, 0, 0, 0, 0, 0, 0, 0, 25.4629631042]
    thpcp: [1, 0.762810468674, 0.272317886353, 0.264062434435, 0.225597351789, 0.149881780148, 0.180194333196, 0.126177996397, 0.301658779383, 0.601316511631, 0.414290875196, 0.161783844233, 0.120178669691, 0.0529763661325, 0.104934588075, 0.261606752872, 0.2317032516, 0.0937161445618, 0.0499313026667, 0.0498906821012, 0.148581281304, 0.197538122535, 0.118390724063, 0.405005991459, 0.745577156544, 0.422048658133, 0.0712087899446, 0.0588469728827, 0.0867218673229, 0.191489621997, 0.391621917486, 0.396145224571, 0.220885932446, 0.121484257281, 0.138393551111, 0.505407094955]
    chords_key: "F"
    chords_scale: "major"
    key_key: "F"
    key_scale: "major"
    chords_progression: ["Am", "Am", "Am", "Am", "Am", "Am", "Am", "Am", "Am", "Am", "Am", "F", "F", "F", "F", "F", "F", "F", "F", "F", "F", "F", "F", "F", "F", "F", "F", "F", "F", "F", "F", "F", "F", "F", "F", "F", "F", "F", "F", "F", "F", "F", "F", "F", "F", "F", "F", "F", "F", "F", "F", "F", "F", "F", "F", "F", "F", "F", "F", "F", "F", "F", "F", "F", "F", "F", "F", "F", "F", "F", "F", "F", "F", "F", "F", "F", "F", "F", "F", "F", "F", "F", "F", "F", "F", "F", "F", "F", "F", "F", "F", "F", "F", "F", "F", "F", "F", "F", "F", "F", "F", "F", "F", "F", "F", "F", "F", "F", "F", "F", "F", "F", "F", "F", "F", "F", "Dm", "Dm", "Dm", "Dm", "Dm", "Dm", "Dm", "Dm", "Dm", "Dm", "Dm", "Dm", "Dm", "Dm", "Dm", "Dm", "Dm", "Dm", "Dm", "Dm", "Dm", "Dm", "Dm", "Dm", "Dm", "Dm", "Dm", "Dm", "Dm", "Dm", "Dm", "Dm", "Dm", "Dm", "Dm", "Dm", "Dm", "Dm", "Dm", "Dm", "Dm", "Dm", "Dm", "Dm", "Dm", "Dm", "Dm", "Dm", "Dm", "Dm", "Dm", "Dm", "Dm", "Dm", "Dm", "F", "F", "F", "F", "F", "F", "F", "F", "F", "F", "F", "F", "F", "F", "F", "F", "F", "F", "F", "F", "F", "F", "F", "F", "F", "F", "F", "F", "F", "F", "F", "F", "F", "F", "F", "F", "F", "F", "F", "F", "F", "F", "F", "F", "F"]
