
metadata:
    version:
        essentia: "1.2.2"
    audio_properties:
        analysis_sample_rate: 44100
        bitrate: 128
        channels: 2
        equal_loudness: 1
        length: 10.0048980713
        replay_gain: -8.8989200592
        downmix: "mix"
    tags:
        track: 8
        year: 0
        album: "Splitted by Mp3Splt v. 2.1"
        artist: "From 001.10 To 001.20"
        comment: "http://mp3splt.sf.net"
        genre: ""
        title: "05 Ambulance.mp3"

highlevel:
    ballroom:
        all:
            ChaChaCha: 0.000463346310426
            Jive: 0.000387910142308
            Quickstep: 0.00300330109894
            Rumba-American: 0.00473814364523
            Rumba-International: 0.313945502043
            Rumba-Misc: 0.117617078125
            Samba: 0.000886216177605
            Tango: 0.00256679509766
            VienneseWaltz: 0.0717311799526
            Waltz: 0.484660536051
        probability: 0.484660536051
        value: "Waltz"
    culture:
        all:
            non_western: 0.859053194523
            western: 0.140946790576
        probability: 0.859053194523
        value: "non_western"
    gender:
        all:
            female: 0.38954731822
            male: 0.610452711582
        probability: 0.610452711582
        value: "male"
    genre_dortmund:
        all:
            alternative: 0.123490914702
            blues: 0.0551447160542
            electronic: 0.0246044062078
            folkcountry: 0.310679942369
            funksoulrnb: 0.0624460913241
            jazz: 0.0771469250321
            pop: 0.249933227897
            raphiphop: 0.012250280939
            rock: 0.0843035057187
        probability: 0.310679942369
        value: "folkcountry"
    genre_electronica:
        all:
            ambient: 0.961081624031
            dnb: 0.00877285655588
            house: 0.0148232821375
            techno: 0.00804436951876
            trance: 0.00727788964286
        probability: 0.961081624031
        value: "ambient"
    genre_rosamerica:
        all:
            cla: 0.095538713038
            dan: 0.040513984859
            hip: 0.0388399921358
            jaz: 0.277176499367
            pop: 0.151896044612
            rhy: 0.237032771111
            roc: 0.0812959820032
            spe: 0.0777060240507
        probability: 0.277176499367
        value: "jaz"
    genre_tzanetakis:
        all:
            blu: 0.0899758413434
            cla: 0.0374185331166
            cou: 0.143740400672
            dis: 0.0205565709621
            hip: 0.0175335332751
            jaz: 0.03583785519
            met: 0.0110017508268
            pop: 0.0715220198035
            reg: 0.0885337516665
            roc: 0.483879745007
        probability: 0.483879745007
        value: "roc"
    live_studio:
        all:
            live: 0.0849722921848
            studio: 0.915027737617
        probability: 0.915027737617
        value: "studio"
    mood:
        all:
            Cluster1: 0.0209553260356
            Cluster2: 0.0500726252794
            Cluster3: 0.805803537369
            Cluster4: 0.0856623128057
            Cluster5: 0.037506211549
        probability: 0.805803537369
        value: "Cluster3"
    mood_acoustic:
        all:
            acoustic: 0.971713244915
            not_acoustic: 0.0282867718488
        probability: 0.971713244915
        value: "acoustic"
    mood_aggressive:
        all:
            aggressive: 0.0153048597276
            not_aggressive: 0.984695136547
        probability: 0.984695136547
        value: "not_aggressive"
    mood_electronic:
        all:
            electronic: 0.273744374514
            not_electronic: 0.726255655289
        probability: 0.726255655289
        value: "not_electronic"
    mood_happy:
        all:
            happy: 0.132765263319
            not_happy: 0.867234766483
        probability: 0.867234766483
        value: "not_happy"
    mood_party:
        all:
            not_party: 0.976771235466
            party: 0.0232287775725
        probability: 0.976771235466
        value: "not_party"
    mood_relaxed:
        all:
            not_relaxed: 0.0211217794567
            relaxed: 0.978878200054
        probability: 0.978878200054
        value: "relaxed"
    mood_sad:
        all:
            not_sad: 0.145648270845
            sad: 0.854351699352
        probability: 0.854351699352
        value: "sad"
    rhythm:
        all:
            fast: 0.105864629149
            medium: 0.792391240597
            slow: 0.101744137704
        probability: 0.792391240597
        value: "medium"
    speech_music:
        all:
            music: 0.885319650173
            speech: 0.114680364728
        probability: 0.885319650173
        value: "music"
    timbre:
        all:
            bright: 0.271122276783
            dark: 0.728877723217
        probability: 0.728877723217
        value: "dark"
    voice_instrumental:
        all:
            instrumental: 0.00043582051876
            voice: 0.999564170837
        probability: 0.999564170837
        value: "voice"

lowlevel:
    average_loudness: 0.934680521488
    barkbands_kurtosis:
        dmean: 14.3931570053
        dmean2: 19.7804222107
        dvar: 558.28692627
        dvar2: 1319.81542969
        max: 371.500915527
        mean: 29.4294147491
        min: -1.76038551331
        var: 1286.35803223
    barkbands_skewness:
        dmean: 1.02947843075
        dmean2: 1.51944279671
        dvar: 1.15513551235
        dvar2: 2.6020181179
        max: 14.7279558182
        mean: 3.10291409492
        min: -0.445552259684
        var: 3.08567047119
    barkbands_spread:
        dmean: 1.95748126507
        dmean2: 2.75765395164
        dvar: 11.448307991
        dvar2: 22.3896827698
        max: 68.8252410889
        mean: 5.63465213776
        min: 0.244713827968
        var: 76.5440673828
    dissonance:
        dmean: 0.0484079271555
        dmean2: 0.081068187952
        dvar: 0.00168008217588
        dvar2: 0.00475369812921
        max: 0.497950315475
        mean: 0.355897337198
        min: 0.188438564539
        var: 0.00446815788746
    hfc:
        dmean: 0.561369419098
        dmean2: 0.839686453342
        dvar: 0.434162765741
        dvar2: 0.977564752102
        max: 9.55245494843
        mean: 1.8284586668
        min: 0.00586390681565
        var: 3.39346575737
    pitch:
        dmean: 109.184829712
        dmean2: 210.034912109
        dvar: 256785.5625
        dvar2: 760051.6875
        max: 5512.5
        mean: 270.341033936
        min: 70
        var: 397080.09375
    pitch_instantaneous_confidence:
        dmean: 0.0922209024429
        dmean2: 0.151171281934
        dvar: 0.00719708949327
        dvar2: 0.0195197258145
        max: 0.924714624882
        mean: 0.607932329178
        min: 0.253199279308
        var: 0.0214786771685
    pitch_salience:
        dmean: 0.0893378555775
        dmean2: 0.146521061659
        dvar: 0.0058683459647
        dvar2: 0.0153463790193
        max: 0.826009511948
        mean: 0.569091558456
        min: 0.155376195908
        var: 0.0126503231004
    silence_rate_20dB:
        dmean: 0
        dmean2: 0
        dvar: 0
        dvar2: 0
        max: 1
        mean: 1
        min: 1
        var: 0
    silence_rate_30dB:
        dmean: 0
        dmean2: 0
        dvar: 0
        dvar2: 0
        max: 1
        mean: 1
        min: 1
        var: 0
    silence_rate_60dB:
        dmean: 0.134570762515
        dmean2: 0.267441868782
        dvar: 0.11646091938
        dvar2: 0.247079968452
        max: 1
        mean: 0.44675925374
        min: 0
        var: 0.247165217996
    spectral_centroid:
        dmean: 63.4249038696
        dmean2: 93.0332870483
        dvar: 32035.9042969
        dvar2: 85462.0546875
        max: 3779.8762207
        mean: 403.570037842
        min: 170.515350342
        var: 82368.7890625
    spectral_complexity:
        dmean: 0.830232560635
        dmean2: 1.39160835743
        dvar: 0.852574765682
        dvar2: 1.62753129005
        max: 13
        mean: 5.01856136322
        min: 0
        var: 5.93469381332
    spectral_crest:
        dmean: 2.9526655674
        dmean2: 4.56702280045
        dvar: 5.92921447754
        dvar2: 15.5151720047
        max: 25.6597328186
        mean: 13.620639801
        min: 5.39384889603
        var: 17.8475494385
    spectral_decrease:
        dmean: 3.54862694785e-10
        dmean2: 5.53815882043e-10
        dvar: 1.44239464218e-19
        dvar2: 3.7523916285e-19
        max: -5.54895452504e-12
        mean: -1.03291564191e-09
        min: -3.8114547074e-09
        var: 4.35160333219e-19
    spectral_energy:
        dmean: 0.00138454162516
        dmean2: 0.00215831934474
        dvar: 2.20009724217e-06
        dvar2: 5.71979671804e-06
        max: 0.0150586841628
        mean: 0.00406430615112
        min: 2.14747178688e-05
        var: 6.87655710863e-06
    spectral_energyband_high:
        dmean: 1.97947047127e-05
        dmean2: 2.38130924117e-05
        dvar: 3.37097549874e-09
        dvar2: 5.16801001993e-09
        max: 0.00147005869076
        mean: 5.74844889343e-05
        min: 6.3816956164e-09
        var: 2.97007130001e-08
    spectral_energyband_low:
        dmean: 9.33105256991e-05
        dmean2: 0.000113777496153
        dvar: 1.64605360453e-08
        dvar2: 2.62894506164e-08
        max: 0.00125305145048
        mean: 0.000233175393078
        min: 5.41884617178e-08
        var: 5.64789708335e-08
    spectral_energyband_middle_high:
        dmean: 4.48809187219e-05
        dmean2: 6.42512895865e-05
        dvar: 1.02064499075e-08
        dvar2: 2.06073114128e-08
        max: 0.00159084855113
        mean: 0.000146685444633
        min: 1.62812199278e-07
        var: 6.77458871223e-08
    spectral_energyband_middle_low:
        dmean: 0.00137693341821
        dmean2: 0.00214584427886
        dvar: 2.19932348955e-06
        dvar2: 5.7346178437e-06
        max: 0.0142056914046
        mean: 0.00362695986405
        min: 1.96089367819e-05
        var: 5.8762811932e-06
    spectral_flatness_db:
        dmean: 0.026539100334
        dmean2: 0.03969193995
        dvar: 0.000477708148537
        dvar2: 0.00114377518184
        max: 0.491403102875
        mean: 0.327584594488
        min: 0.165391728282
        var: 0.00520581286401
    spectral_flux:
        dmean: 0.00984712969512
        dmean2: 0.0161156076938
        dvar: 6.61230878904e-05
        dvar2: 0.00018261076184
        max: 0.078004360199
        mean: 0.029540034011
        min: 0.00463408231735
        var: 0.00020217479323
    spectral_kurtosis:
        dmean: 6.44251441956
        dmean2: 10.4219293594
        dvar: 54.7255477905
        dvar2: 144.494232178
        max: 73.636505127
        mean: 21.7085037231
        min: -0.709600448608
        var: 245.649307251
    spectral_rms:
        dmean: 0.000333771517035
        dmean2: 0.000519480265211
        dvar: 8.89861979658e-08
        dvar2: 2.21937625611e-07
        max: 0.0038329360541
        mean: 0.00189446983859
        min: 0.000144744408317
        var: 3.76158226345e-07
    spectral_rolloff:
        dmean: 123.690589905
        dmean2: 202.482269287
        dvar: 140660.765625
        dvar2: 270113.4375
        max: 6696.82617188
        mean: 565.958251953
        min: 150.732421875
        var: 559870.5625
    spectral_skewness:
        dmean: 0.513672947884
        dmean2: 0.808167159557
        dvar: 0.258329510689
        dvar2: 0.653793752193
        max: 7.19807672501
        mean: 3.58216571808
        min: 0.029405137524
        var: 1.88940596581
    spectral_spread:
        dmean: 460163.75
        dmean2: 710712.3125
        dvar: 413604806656
        dvar2: 651975327744
        max: 11839388
        mean: 3072363.5
        min: 1167045.5
        var: 2.85463360307e+12
    spectral_strongpeak:
        dmean: 0.203512445092
        dmean2: 0.326638609171
        dvar: 0.053786970675
        dvar2: 0.124657832086
        max: 2.66941905022
        mean: 0.459268301725
        min: 0.00963902380317
        var: 0.101146176457
    zerocrossingrate:
        dmean: 0.0038449310232
        dmean2: 0.00457094982266
        dvar: 3.64887127944e-05
        dvar2: 4.68818179797e-05
        max: 0.16943359375
        mean: 0.0240016859025
        min: 0.00634765625
        var: 0.000355062977178
    barkbands:
        dmean: [9.62199031562e-09, 6.6406996666e-06, 8.83791581145e-05, 0.000148541017552, 0.000596801692154, 0.000760985829402, 0.00043867493514, 7.94031511759e-05, 0.0001229190093, 9.88245483313e-06, 5.00860278407e-06, 5.92381002207e-06, 1.04280297819e-05, 1.19156429719e-05, 5.40184464626e-06, 9.61273599387e-06, 5.09711662744e-06, 3.24420352626e-06, 9.38852190302e-06, 1.52579586938e-05, 7.57668385631e-06, 5.18272827321e-06, 2.59698026639e-06, 5.60471505651e-07, 2.20786688487e-07, 1.26228938413e-08, 5.21043819202e-10]
        dmean2: [1.14884555202e-08, 7.87567569205e-06, 0.000108080239443, 0.000190120044863, 0.000898931000847, 0.00120421661995, 0.000701277749613, 0.000129304811708, 0.000169566774275, 1.59339615493e-05, 7.92876471678e-06, 8.69013274496e-06, 1.64786051755e-05, 1.73204753082e-05, 8.48082527227e-06, 1.338031052e-05, 7.53764015826e-06, 5.30717443326e-06, 1.43442193803e-05, 2.27280706895e-05, 1.04604932858e-05, 5.38387166671e-06, 4.10369375459e-06, 8.07679214176e-07, 3.37211474744e-07, 1.82753421285e-08, 6.60812238262e-10]
        dvar: [2.31236504825e-14, 1.30775917873e-10, 1.66079825448e-08, 4.44993197846e-08, 5.62026968964e-07, 1.3646606476e-06, 4.75462229588e-07, 5.45566294363e-08, 2.81662750012e-07, 2.04134953385e-09, 1.98520186401e-10, 2.47870751702e-10, 7.46317674327e-10, 3.40290862155e-09, 4.4839082447e-10, 1.47531276085e-09, 2.36332231562e-10, 5.19883754102e-11, 7.365635879e-10, 1.69315073073e-09, 5.56473367386e-10, 6.87092160945e-10, 2.5643290269e-10, 2.25733130105e-11, 2.3277100733e-12, 4.33168879929e-15, 5.26344552888e-17]
        dvar2: [2.31670710854e-14, 2.0639709386e-10, 2.62047876731e-08, 6.76317881698e-08, 1.57318902438e-06, 3.32334457198e-06, 1.29543036564e-06, 1.51455864739e-07, 6.49865398827e-07, 5.94758864381e-09, 4.98316166109e-10, 5.78394998563e-10, 1.95230742683e-09, 7.47774731025e-09, 1.00064945219e-09, 3.2645988135e-09, 3.96019161908e-10, 1.325977661e-10, 1.57981305815e-09, 3.31414629073e-09, 1.10598297187e-09, 9.5567820324e-10, 6.94658885969e-10, 4.08530050067e-11, 4.65247285142e-12, 7.80540352675e-15, 5.25405471282e-17]
        max: [3.15971055898e-06, 0.000118188676424, 0.00125248008408, 0.00255107064731, 0.00800679065287, 0.0131963416934, 0.00451368559152, 0.003335876856, 0.00880581699312, 0.000678338401485, 0.000215728068724, 0.000253158272244, 0.000404507911298, 0.00115978135727, 0.000277679908322, 0.000598899263423, 0.000327363115503, 7.41862022551e-05, 0.000362415245036, 0.000600597355515, 0.000449700484751, 0.000723867851775, 0.000297136226436, 9.0479006758e-05, 2.7888945624e-05, 1.51525512138e-06, 1.51105439272e-07]
        mean: [9.39155064827e-09, 1.7673955881e-05, 0.000215496518649, 0.000330077629769, 0.00110910809599, 0.00128857011441, 0.00060578197008, 0.000126686092699, 0.000164778335602, 1.5018299564e-05, 8.30330282042e-06, 1.14579715955e-05, 2.01143575396e-05, 1.98141315195e-05, 1.03600732473e-05, 1.61122516147e-05, 8.60505770106e-06, 5.19414015798e-06, 1.86486722669e-05, 3.91414323531e-05, 1.59015125973e-05, 1.06621728264e-05, 4.63873493572e-06, 1.59788146448e-06, 5.27660404259e-07, 3.09558387812e-08, 5.22917598111e-10]
        min: [1.56472198479e-12, 9.61566493096e-10, 3.93830816847e-08, 2.18395143747e-07, 1.29371837829e-05, 5.07824051965e-06, 7.78540822921e-07, 2.67404818288e-08, 3.3921379039e-09, 1.32696582611e-08, 1.81522601395e-08, 1.59264175181e-08, 8.68242988616e-09, 2.40718045497e-09, 1.52729651148e-09, 8.28676718356e-08, 1.36710864851e-08, 3.10812575677e-09, 1.2855072562e-09, 6.94180046779e-10, 4.9851798245e-09, 3.5812447452e-10, 1.35568140047e-10, 1.66256772238e-10, 1.08382310071e-10, 1.64174576711e-11, 9.3746559994e-13]
        var: [2.30868858644e-14, 7.00070612591e-10, 5.98471530111e-08, 1.76372211058e-07, 1.11384281354e-06, 3.04293985209e-06, 7.38707569781e-07, 7.9030400002e-08, 4.82956806991e-07, 2.04099270817e-09, 5.07452191378e-10, 9.7550389988e-10, 2.34301222868e-09, 7.73040031987e-09, 1.29691701822e-09, 3.66159502718e-09, 4.83223849823e-10, 1.00838989936e-10, 2.12589745807e-09, 9.58162704734e-09, 2.44847941921e-09, 3.70021147056e-09, 8.13355383045e-10, 1.00880526155e-10, 9.11851236879e-12, 2.22806697408e-14, 5.27922085578e-17]
    mfcc:
        mean: [-868.464599609, 182.475769043, 3.04201459885, 60.7425079346, -18.1240501404, -17.360704422, -18.8804283142, -29.1198978424, -17.6248626709, -20.0049095154, -19.746969223, -0.0678529590368, -4.30713367462]
        cov: [[6892.31445312, -2368.13305664, -854.30871582, -777.055114746, -1093.8001709, -19.0865688324, -105.509239197, -366.16003418, -383.714630127, 650.190185547, 590.903503418, -291.528259277, 11.6285133362], [-2368.13305664, 1349.26696777, 83.4412918091, 220.787612915, 372.054077148, -11.1810560226, 110.766212463, 120.496818542, 144.689804077, -157.620697021, -85.8665847778, 164.466873169, 8.35198307037], [-854.30871582, 83.4412918091, 415.67855835, 108.15838623, 85.6391296387, 79.718460083, 53.6624641418, 92.3003082275, 32.1992111206, -108.864486694, -99.720085144, 44.2485389709, 12.0817537308], [-777.055114746, 220.787612915, 108.15838623, 304.813720703, 233.050460815, 18.3508472443, 11.0547065735, 48.0326156616, 63.9585723877, -3.88371253014, -75.754776001, 35.2018966675, 60.8256645203], [-1093.8001709, 372.054077148, 85.6391296387, 233.050460815, 398.73538208, 24.4226474762, 13.8047237396, 61.2291526794, 84.9471740723, -29.313249588, -82.735748291, 44.614200592, 36.3661956787], [-19.0865688324, -11.1810560226, 79.718460083, 18.3508472443, 24.4226474762, 159.481719971, 109.747840881, 49.9519195557, 42.4547920227, 28.0204334259, 27.1858539581, 20.4732723236, -7.70234537125], [-105.509239197, 110.766212463, 53.6624641418, 11.0547065735, 13.8047237396, 109.747840881, 178.039916992, 68.2331237793, 41.6661911011, 61.0847167969, 61.2987060547, 30.1891670227, 7.19230318069], [-366.16003418, 120.496818542, 92.3003082275, 48.0326156616, 61.2291526794, 49.9519195557, 68.2331237793, 109.510620117, 54.4764137268, -32.7685241699, -24.9893722534, 7.04797029495, -11.4844455719], [-383.714630127, 144.689804077, 32.1992111206, 63.9585723877, 84.9471740723, 42.4547920227, 41.6661911011, 54.4764137268, 139.281524658, -7.50310564041, -66.8852081299, -0.193704470992, -0.156844839454], [650.190185547, -157.620697021, -108.864486694, -3.88371253014, -29.313249588, 28.0204334259, 61.0847167969, -32.7685241699, -7.50310564041, 260.398925781, 148.709152222, 6.79413223267, 86.3368301392], [590.903503418, -85.8665847778, -99.720085144, -75.754776001, -82.735748291, 27.1858539581, 61.2987060547, -24.9893722534, -66.8852081299, 148.709152222, 230.75, 43.5867462158, 16.2288799286], [-291.528259277, 164.466873169, 44.2485389709, 35.2018966675, 44.614200592, 20.4732723236, 30.1891670227, 7.04797029495, -0.193704470992, 6.79413223267, 43.5867462158, 112.974639893, 51.2358322144], [11.6285133362, 8.35198307037, 12.0817537308, 60.8256645203, 36.3661956787, -7.70234537125, 7.19230318069, -11.4844455719, -0.156844839454, 86.3368301392, 16.2288799286, 51.2358322144, 150.862197876]]
        icov: [[0.00136397627648, 0.00152883271221, 0.00171964720357, 0.000488964025863, 0.00133412634023, -0.000893732300028, 0.000149641462485, -3.53181821993e-05, 0.000518578686751, -0.000885282468516, -0.000852316326927, 0.000692440429702, -0.000537989835721], [0.00152883271221, 0.00356178754009, 0.00247826939449, 0.000324901688145, 0.000309159921017, 0.00100695667788, -0.00207763537765, -0.00015446121688, -0.00046362253488, 0.000398265197873, -0.000955263210926, -0.00164041901007, -0.000148843028001], [0.00171964720357, 0.00247826939449, 0.00662115495652, -0.000370021618437, 0.00179042236414, -0.0025002611801, -0.000688001397066, -0.00266272667795, 0.00217902450822, 0.000195599874132, 0.000941266072914, -0.00142082723323, -0.00110835081432], [0.000488964025863, 0.000324901688145, -0.000370021618437, 0.00715810945258, -0.00274476362392, -0.000412071472965, 0.000774172483943, -0.000798760564066, 9.90513581201e-05, -0.00170807912946, 0.0010498292977, 0.000100511075289, -0.00153866317123], [0.00133412634023, 0.000309159921017, 0.00179042236414, -0.00274476362392, 0.00710250949487, -0.00240036263131, 0.00214357487857, -0.00119108310901, 0.000292252836516, -0.00191285856999, -6.33548261249e-05, 0.000538572377991, -0.0002652835974], [-0.000893732300028, 0.00100695667788, -0.0025002611801, -0.000412071472965, -0.00240036263131, 0.0150529863313, -0.00887969974428, 0.000790831807535, -0.00351699744351, 0.00127533450723, -0.000136770308018, -0.00334207946435, 0.00262644817121], [0.000149641462485, -0.00207763537765, -0.000688001397066, 0.000774172483943, 0.00214357487857, -0.00887969974428, 0.0169504005462, -0.00658026942983, 0.000110198321636, -0.0044055650942, -0.0019373256946, 0.00113536417484, -8.84731998667e-05], [-3.53181821993e-05, -0.00015446121688, -0.00266272667795, -0.000798760564066, -0.00119108310901, 0.000790831807535, -0.00658026942983, 0.0190349239856, -0.00511207710952, 0.00423363503069, -0.00291247409768, 0.00348358391784, -0.000661152997054], [0.000518578686751, -0.00046362253488, 0.00217902450822, 9.90513581201e-05, 0.000292252836516, -0.00351699744351, 0.000110198321636, -0.00511207710952, 0.0144345201552, -0.00493050739169, 0.00686949724331, -0.00111610081512, 0.00160358147696], [-0.000885282468516, 0.000398265197873, 0.000195599874132, -0.00170807912946, -0.00191285856999, 0.00127533450723, -0.0044055650942, 0.00423363503069, -0.00493050739169, 0.014481652528, -0.00840341858566, 0.00465294113383, -0.00719132367522], [-0.000852316326927, -0.000955263210926, 0.000941266072914, 0.0010498292977, -6.33548261249e-05, -0.000136770308018, -0.0019373256946, -0.00291247409768, 0.00686949724331, -0.00840341858566, 0.0157941654325, -0.00888697337359, 0.0056343395263], [0.000692440429702, -0.00164041901007, -0.00142082723323, 0.000100511075289, 0.000538572377991, -0.00334207946435, 0.00113536417484, 0.00348358391784, -0.00111610081512, 0.00465294113383, -0.00888697337359, 0.0204920191318, -0.00864617340267], [-0.000537989835721, -0.000148843028001, -0.00110835081432, -0.00153866317123, -0.0002652835974, 0.00262644817121, -8.84731998667e-05, -0.000661152997054, 0.00160358147696, -0.00719132367522, 0.0056343395263, -0.00864617340267, 0.0139868250117]]
    spectral_contrast:
        mean: [-1.60336583122e-07, -4.63971502995e-07, 2.58229164274e-07, 3.73566223288e-07, -4.4621373263e-08, 5.07408742578e-07, 1.79000630851e-06, -1.54529539032e-06, -3.76290631721e-06, -1.98728244527e-07, 2.15738396037e-07, -1.34421611619e-07]
        var: [0.000451162399258, 0.000694368442055, 0.00136763521004, 0.00307316798717, 0.0032380274497, 0.00397496670485, 0.0467664673924, 0.126525357366, 0.159962952137, 0.284518748522, 1.05347383022, 2.83677554131]

rhythm:
    beats_loudness:
        dmean: 0.00343454885297
        dmean2: 0.00582909490913
        dvar: 6.59989427731e-06
        dvar2: 2.56821822404e-05
        max: 0.0113379247487
        mean: 0.00517794396728
        min: 0.000904827727936
        var: 9.07867433853e-06
    beats_loudness_bass:
        dmean: 0.124159060419
        dmean2: 0.239763736725
        dvar: 0.0131146041676
        dvar2: 0.0334949195385
        max: 0.431625306606
        mean: 0.107001394033
        min: 0.00332482322119
        var: 0.0121436538175
    bpm: 62.5036659241
    bpm_confidence: 0
    first_peak_bpm: 120
    first_peak_spread: 0
    first_peak_weight: 0.666666686535
    onset_rate: 5.09750318527
    second_peak_bpm: 63
    second_peak_spread: 0
    second_peak_weight: 0.266666680574
    beats_position: [0.504949390888, 1.00332427025, 1.50169920921, 2.00007390976, 2.49844884872, 2.99682354927, 3.49519824982, 3.99357318878, 4.49194812775, 4.99032258987, 5.48869752884, 6.02417087555, 6.98411464691, 7.94405889511, 8.90400314331, 9.86394691467]
    bpm_estimates: [62.4780197144, 62.5511703491, 62.4818115234]
    bpm_intervals: [0.49837487936, 0.498374938965, 0.498374700546, 0.498374938965, 0.498374700546, 0.498374700546, 0.498374938965, 0.498374938965, 0.498374462128, 0.498374938965, 0.53547334671, 0.959943771362, 0.959944248199, 0.959944248199, 0.959943771362]
    onset_times: [0.0696598663926, 0.150929704309, 0.243809521198, 0.580498874187, 0.882358253002, 1.13777780533, 1.19582772255, 1.52090704441, 1.68344676495, 1.8575963974, 2.14784574509, 2.22911572456, 2.29877543449, 2.43809533119, 2.53097510338, 2.62385487556, 2.67029476166, 2.85605430603, 3.33206343651, 3.47138333321, 3.69197273254, 3.79646253586, 4.09832191467, 4.3073015213, 4.41179132462, 4.6439909935, 4.71365070343, 5.07356023788, 5.34058952332, 5.44507932663, 5.71210861206, 6.3622674942, 6.68734693527, 6.94276666641, 7.22140598297, 7.2910656929, 7.45360565186, 7.61614513397, 7.70902490616, 7.8251247406, 7.95283460617, 8.27791404724, 8.57977294922, 8.80036258698, 8.91646289825, 9.0093421936, 9.13705253601, 9.24154186249, 9.38086128235, 9.5666217804, 9.84526062012]
    rubato_start: [6.98411464691]
    rubato_stop: [7.94405889511]
    perceptual_tempo: "unknown"

sfx:
    inharmonicity:
        dmean: 0.0239616055042
        dmean2: 0.0434201620519
        dvar: 0.00210571358912
        dvar2: 0.00561536103487
        max: 0.410796135664
        mean: 0.0197652056813
        min: 7.01334374753e-06
        var: 0.00160875264555
    oddtoevenharmonicenergyratio:
        dmean: 13.5370740891
        dmean2: 25.4980869293
        dvar: 15720.6181641
        dvar2: 47112.2929688
        max: 1837.80212402
        mean: 8.4537115097
        min: 2.8434824344e-05
        var: 7978.83300781
    pitch_after_max_to_before_max_energy_ratio: 4.36681365967
    pitch_centroid: 223.919067383
    pitch_max_to_total: 0.577726244926
    pitch_min_to_total: 0.18097448349
    tristimulus:
        dmean: [0.267456382513, 0.268580764532, 0.029557807371]
        dmean2: [0.48174777627, 0.480199426413, 0.0502517223358]
        dvar: [0.0653287321329, 0.0651542618871, 0.00259991246276]
        dvar2: [0.153104379773, 0.158959880471, 0.00783548131585]
        max: [0.992699623108, 0.993767857552, 0.623480021954]
        mean: [0.533908426762, 0.425193756819, 0.0335741601884]
        min: [0.000165464894962, 0, 0]
        var: [0.0918137803674, 0.0914844349027, 0.00369424046949]

tonal:
    chords_changes_rate: 0.0414746552706
    chords_number_rate: 0.0276497695595
    chords_strength:
        dmean: 0.0138235725462
        dmean2: 0.0173383317888
        dvar: 0.000139346986543
        dvar2: 0.000234946666751
        max: 0.769311487675
        mean: 0.604424476624
        min: 0.457369923592
        var: 0.00406767055392
    key_strength: 0.727380514145
    tuning_diatonic_strength: 0.561860620975
    tuning_equal_tempered_deviation: 0.27063664794
    tuning_frequency: 448.985931396
    tuning_nontempered_energy_ratio: 0.912245929241
    hpcp:
        dmean: [0.109115712345, 0.103729739785, 0.0620912052691, 0.0364180915058, 0.0383073799312, 0.0482305809855, 0.0877949222922, 0.128458693624, 0.165922567248, 0.170196607709, 0.16325199604, 0.17493326962, 0.144906267524, 0.111303463578, 0.0934401527047, 0.0979518443346, 0.119629636407, 0.137580662966, 0.116181880236, 0.13099963963, 0.101276315749, 0.103603094816, 0.175621449947, 0.167026862502, 0.167385488749, 0.0932846218348, 0.0803029388189, 0.0799064338207, 0.0633684247732, 0.103020556271, 0.159992814064, 0.209194868803, 0.191891163588, 0.197393536568, 0.161248087883, 0.116928070784]
        dmean2: [0.188879400492, 0.175632655621, 0.112128950655, 0.0684917792678, 0.0676723718643, 0.0891836285591, 0.160636559129, 0.209791436791, 0.289566099644, 0.289342224598, 0.292656838894, 0.309774816036, 0.26240888238, 0.208428382874, 0.176145762205, 0.164559647441, 0.20628850162, 0.235933691263, 0.205528095365, 0.226447626948, 0.18481092155, 0.177947074175, 0.315776288509, 0.281415909529, 0.300182878971, 0.160880565643, 0.153086602688, 0.149227485061, 0.109935060143, 0.178399324417, 0.288673818111, 0.371585994959, 0.339115649462, 0.355567365885, 0.284258544445, 0.210045039654]
        dvar: [0.0430427342653, 0.0382127538323, 0.0156176509336, 0.00970124546438, 0.0151412207633, 0.0137435877696, 0.027700683102, 0.0410534590483, 0.0578847378492, 0.0532495900989, 0.055733922869, 0.074415333569, 0.0571014583111, 0.0530528835952, 0.0401714257896, 0.0302882753313, 0.0435281917453, 0.0509230867028, 0.0432080216706, 0.0527911745012, 0.0392261557281, 0.0271814092994, 0.0658754110336, 0.0616148002446, 0.069565653801, 0.0364612527192, 0.027871016413, 0.0468824803829, 0.0184400714934, 0.0350028835237, 0.0661658719182, 0.0862262696028, 0.0835511535406, 0.0834290161729, 0.0664085969329, 0.0378007218242]
        dvar2: [0.1149244681, 0.0974906906486, 0.043374914676, 0.0252136364579, 0.0408307313919, 0.038796544075, 0.0771146714687, 0.103317677975, 0.127229735255, 0.122202195227, 0.157767191529, 0.204993575811, 0.155244380236, 0.155459910631, 0.113276489079, 0.0759884342551, 0.103977747262, 0.13312150538, 0.106610618532, 0.140007376671, 0.103923559189, 0.0621587857604, 0.168014526367, 0.142268866301, 0.174902677536, 0.096301920712, 0.0789680406451, 0.131769567728, 0.0479680970311, 0.0861447453499, 0.173742443323, 0.283434003592, 0.193132594228, 0.214092284441, 0.183470457792, 0.0952974334359]
        max: [1, 1, 0.855140209198, 1, 1, 0.688052773476, 0.896298706532, 1, 1, 1, 1, 1, 1, 1, 1, 1, 1, 1, 1, 1, 1, 1, 1, 1, 1, 1, 0.760041117668, 1, 1, 1, 1, 1, 1, 1, 1, 1]
        mean: [0.105722561479, 0.0925605073571, 0.0572483167052, 0.0328218154609, 0.0269811972976, 0.0352397561073, 0.0865410193801, 0.157361969352, 0.181328132749, 0.178710579872, 0.184216484427, 0.19454240799, 0.141953036189, 0.0700193867087, 0.0566545911133, 0.0831840187311, 0.136281639338, 0.133164867759, 0.108567848802, 0.0977922677994, 0.0774578228593, 0.0988681614399, 0.180220201612, 0.228325515985, 0.160727843642, 0.0737601444125, 0.048118185252, 0.049493830651, 0.0512426383793, 0.0887628868222, 0.136188730597, 0.170844867826, 0.203258648515, 0.177148148417, 0.135976538062, 0.116084203124]
        min: [1.72477011802e-05, 0, 0, 4.10752545577e-06, 1.72381623997e-05, 1.93319847313e-05, 1.39040621434e-05, 0, 2.94590590784e-05, 3.1650539313e-05, 3.76618481823e-05, 8.17670297693e-05, 0.000141347845783, 0.00012066680938, 0.00010584465781, 9.27337823668e-05, 0.000117501396744, 0, 0, 0, 0, 0, 0, 0, 0, 0, 0, 0, 0, 0, 6.09463813817e-06, 1.63024651556e-05, 1.64235698321e-05, 1.05447206806e-05, 1.44363020809e-05, 9.35910520639e-06]
        var: [0.0445220209658, 0.0417274087667, 0.0183503646404, 0.0117307603359, 0.0111099854112, 0.0106184091419, 0.0321712195873, 0.0762470886111, 0.0819691494107, 0.0801785737276, 0.077648229897, 0.103880546987, 0.0715185627341, 0.0338511690497, 0.0245644338429, 0.0324173569679, 0.0699786096811, 0.0601222924888, 0.0499332398176, 0.0467003583908, 0.033769890666, 0.0380307547748, 0.0833893343806, 0.112779580057, 0.0844162553549, 0.031191399321, 0.0172443017364, 0.0286953784525, 0.0185860805213, 0.0407862141728, 0.0650954395533, 0.0788111016154, 0.108589164913, 0.0890940651298, 0.0619696825743, 0.0513672456145]
    chords_histogram: [44.2396316528, 0, 25.8064517975, 0, 0, 0, 0, 0, 14.2857141495, 5.5299539566, 0, 0, 0, 0, 0, 0, 0, 0, 0, 0, 0, 0, 2.7649769783, 7.37327194214]
    thpcp: [1, 0.703941643238, 0.323048174381, 0.210743799806, 0.216768726707, 0.224427998066, 0.388755887747, 0.59646743536, 0.748251318932, 0.890214323997, 0.77585786581, 0.595538079739, 0.508415400982, 0.463034361601, 0.405388355255, 0.250731140375, 0.143750101328, 0.118169873953, 0.154339984059, 0.379024744034, 0.689200103283, 0.794165015221, 0.782700896263, 0.8068151474, 0.852039694786, 0.621713399887, 0.306664735079, 0.24813079834, 0.364322036505, 0.59687435627, 0.583223760128, 0.475495904684, 0.42830196023, 0.339242964983, 0.433014065027, 0.789312601089]
    chords_key: "C"
    chords_scale: "major"
    key_key: "C"
    key_scale: "major"
    chords_progression: ["C", "C", "C", "C", "C", "C", "C", "C", "C", "C", "C", "C", "C", "C", "C", "C", "C", "C", "C", "C", "C", "C", "C", "C", "C", "G", "G", "G", "G", "G", "G", "G", "G", "G", "G", "G", "G", "G", "G", "G", "G", "G", "G", "G", "G", "G", "G", "G", "G", "G#m", "G#m", "G", "G", "G", "G", "G", "G", "G#m", "G#m", "G#m", "G#m", "G#m", "G#m", "G#m", "G#m", "G#m", "G#m", "E", "E", "E", "E", "E", "E", "E", "E", "E", "E", "E", "E", "E", "E", "E", "E", "E", "E", "E", "E", "E", "E", "E", "E", "E", "E", "E", "E", "E", "E", "E", "F", "F", "F", "F", "F", "F", "Am", "Am", "Am", "Am", "Am", "Am", "Am", "Am", "Am", "Am", "Am", "Am", "Am", "Am", "Am", "Am", "C", "C", "C", "C", "C", "C", "C", "C", "C", "C", "C", "C", "C", "C", "C", "C", "C", "C", "C", "C", "C", "C", "C", "C", "C", "C", "C", "C", "C", "C", "C", "C", "C", "C", "C", "C", "C", "C", "C", "C", "C", "C", "C", "C", "C", "C", "C", "C", "C", "C", "C", "C", "C", "C", "C", "C", "C", "C", "C", "C", "C", "C", "C", "C", "C", "C", "C", "C", "C", "C", "C", "G", "G", "G", "G", "G", "G", "G", "G", "G", "G", "G", "G", "G", "G", "G", "G", "G", "G", "G", "G", "G", "G", "G", "G", "G", "G"]
