
metadata:
    version:
        essentia: "1.2.2"
    audio_properties:
        analysis_sample_rate: 44100
        bitrate: 128
        channels: 2
        equal_loudness: 1
        length: 10.0048980713
        replay_gain: -9.92523193359
        downmix: "mix"
    tags:
        track: 33
        year: 0
        album: "Splitted by Mp3Splt v. 2.1"
        artist: "From 005.20 To 005.30"
        comment: "http://mp3splt.sf.net"
        genre: ""
        title: "03 Wabash.mp3"

highlevel:
    ballroom:
        all:
            ChaChaCha: 0.0678397864103
            Jive: 0.143133848906
            Quickstep: 0.549030423164
            Rumba-American: 0.00642625521868
            Rumba-International: 0.00546177243814
            Rumba-Misc: 0.00465390598401
            Samba: 0.1575768888
            Tango: 0.0580538734794
            VienneseWaltz: 0.00366884772666
            Waltz: 0.00415439624339
        probability: 0.549030423164
        value: "Quickstep"
    culture:
        all:
            non_western: 0.0415115505457
            western: 0.958488464355
        probability: 0.958488464355
        value: "western"
    gender:
        all:
            female: 0.0912999361753
            male: 0.908700048923
        probability: 0.908700048923
        value: "male"
    genre_dortmund:
        all:
            alternative: 0.0088754426688
            blues: 0.039069801569
            electronic: 0.00173126137815
            folkcountry: 0.00883871689439
            funksoulrnb: 0.0062265181914
            jazz: 0.91289806366
            pop: 0.00915722921491
            raphiphop: 0.000348857982317
            rock: 0.0128540992737
        probability: 0.91289806366
        value: "jazz"
    genre_electronica:
        all:
            ambient: 0.32946407795
            dnb: 0.420618087053
            house: 0.0358573980629
            techno: 0.011460849084
            trance: 0.202599585056
        probability: 0.420618087053
        value: "dnb"
    genre_rosamerica:
        all:
            cla: 0.00794585701078
            dan: 0.0118835521862
            hip: 0.0127017004415
            jaz: 0.876634061337
            pop: 0.023346811533
            rhy: 0.0277901981026
            roc: 0.0376011058688
            spe: 0.00209671398625
        probability: 0.876634061337
        value: "jaz"
    genre_tzanetakis:
        all:
            blu: 0.00610664766282
            cla: 0.0015100206947
            cou: 0.0151226427406
            dis: 0.0141352396458
            hip: 0.000954676419497
            jaz: 0.888730704784
            met: 0.00081358308671
            pop: 0.0419041104615
            reg: 0.0201200395823
            roc: 0.0106023354456
        probability: 0.888730704784
        value: "jaz"
    live_studio:
        all:
            live: 0.72170317173
            studio: 0.27829682827
        probability: 0.72170317173
        value: "live"
    mood:
        all:
            Cluster1: 0.0858539268374
            Cluster2: 0.469809383154
            Cluster3: 0.0928034260869
            Cluster4: 0.260385870934
            Cluster5: 0.0911473855376
        probability: 0.469809383154
        value: "Cluster2"
    mood_acoustic:
        all:
            acoustic: 0.791933357716
            not_acoustic: 0.208066672087
        probability: 0.791933357716
        value: "acoustic"
    mood_aggressive:
        all:
            aggressive: 0.00583284813911
            not_aggressive: 0.994167149067
        probability: 0.994167149067
        value: "not_aggressive"
    mood_electronic:
        all:
            electronic: 0.114984571934
            not_electronic: 0.885015428066
        probability: 0.885015428066
        value: "not_electronic"
    mood_happy:
        all:
            happy: 0.30243819952
            not_happy: 0.69756180048
        probability: 0.69756180048
        value: "not_happy"
    mood_party:
        all:
            not_party: 0.779364347458
            party: 0.220635637641
        probability: 0.779364347458
        value: "not_party"
    mood_relaxed:
        all:
            not_relaxed: 0.478651463985
            relaxed: 0.521348536015
        probability: 0.521348536015
        value: "relaxed"
    mood_sad:
        all:
            not_sad: 0.310126006603
            sad: 0.689873993397
        probability: 0.689873993397
        value: "sad"
    rhythm:
        all:
            fast: 0.704497396946
            medium: 0.268265396357
            slow: 0.027237214148
        probability: 0.704497396946
        value: "fast"
    speech_music:
        all:
            music: 0.977402091026
            speech: 0.0225978903472
        probability: 0.977402091026
        value: "music"
    timbre:
        all:
            bright: 0.969858109951
            dark: 0.0301418937743
        probability: 0.969858109951
        value: "bright"
    voice_instrumental:
        all:
            instrumental: 0.999987840652
            voice: 1.21700559248e-05
        probability: 0.999987840652
        value: "instrumental"

lowlevel:
    average_loudness: 0.968270480633
    barkbands_kurtosis:
        dmean: 1.13884413242
        dmean2: 1.70587849617
        dvar: 3.49878025055
        dvar2: 7.32637548447
        max: 20.4408817291
        mean: 0.371154487133
        min: -1.79225337505
        var: 11.7407007217
    barkbands_skewness:
        dmean: 0.479742616415
        dmean2: 0.667898893356
        dvar: 0.243696346879
        dvar2: 0.483554750681
        max: 4.23577260971
        mean: 0.638382911682
        min: -1.45058500767
        var: 1.12402176857
    barkbands_spread:
        dmean: 5.71977710724
        dmean2: 8.64452171326
        dvar: 39.3634719849
        dvar2: 88.3832321167
        max: 65.6471252441
        mean: 30.820230484
        min: 5.15459060669
        var: 111.97278595
    dissonance:
        dmean: 0.0218535512686
        dmean2: 0.0349245108664
        dvar: 0.000435852532974
        dvar2: 0.000889721035492
        max: 0.497400760651
        mean: 0.447039991617
        min: 0.232698336244
        var: 0.000973645597696
    hfc:
        dmean: 2.02427101135
        dmean2: 2.42118787766
        dvar: 10.697265625
        dvar2: 14.411699295
        max: 36.9740104675
        mean: 5.1078619957
        min: 0.0222731623799
        var: 45.0113563538
    pitch:
        dmean: 486.109191895
        dmean2: 951.439697266
        dvar: 1477722.75
        dvar2: 3587093.25
        max: 4410
        mean: 737.074951172
        min: 73.8693466187
        var: 1524340.125
    pitch_instantaneous_confidence:
        dmean: 0.0994193777442
        dmean2: 0.149232879281
        dvar: 0.0129873557016
        dvar2: 0.0230896379799
        max: 0.953852653503
        mean: 0.594727814198
        min: 0.179269373417
        var: 0.0617911480367
    pitch_salience:
        dmean: 0.0738873109221
        dmean2: 0.112084828317
        dvar: 0.00467422185466
        dvar2: 0.009326425381
        max: 0.859552919865
        mean: 0.608694195747
        min: 0.181397810578
        var: 0.0151723353192
    silence_rate_20dB:
        dmean: 0
        dmean2: 0
        dvar: 0
        dvar2: 0
        max: 1
        mean: 1
        min: 1
        var: 0
    silence_rate_30dB:
        dmean: 0
        dmean2: 0
        dvar: 0
        dvar2: 0
        max: 1
        mean: 1
        min: 1
        var: 0
    silence_rate_60dB:
        dmean: 0.106728538871
        dmean2: 0.213953495026
        dvar: 0.0953373759985
        dvar2: 0.177479892969
        max: 1
        mean: 0.652777791023
        min: 0
        var: 0.226657673717
    spectral_centroid:
        dmean: 309.931152344
        dmean2: 447.357940674
        dvar: 118565.296875
        dvar2: 224157.21875
        max: 3287.86645508
        mean: 1495.77319336
        min: 194.058456421
        var: 487942.46875
    spectral_complexity:
        dmean: 2.26744174957
        dmean2: 3.2797203064
        dvar: 10.5168561935
        dvar2: 14.6490182877
        max: 25
        mean: 7.05336427689
        min: 0
        var: 42.2221946716
    spectral_crest:
        dmean: 2.49326992035
        dmean2: 3.93819713593
        dvar: 5.35276317596
        dvar2: 11.6483650208
        max: 23.1122303009
        mean: 8.58103370667
        min: 3.13764405251
        var: 13.4042730331
    spectral_decrease:
        dmean: 2.05494038452e-10
        dmean2: 2.47298181932e-10
        dvar: 8.9358596127e-20
        dvar2: 1.12411803144e-19
        max: -4.85600969158e-12
        mean: -6.05422489919e-10
        min: -2.88465651366e-09
        var: 4.36256916217e-19
    spectral_energy:
        dmean: 0.000940958154388
        dmean2: 0.00111997977365
        dvar: 1.96610653802e-06
        dvar2: 2.49188678936e-06
        max: 0.0142410164699
        mean: 0.00274830264971
        min: 2.03479503398e-05
        var: 9.46713589656e-06
    spectral_energyband_high:
        dmean: 0.000187194527825
        dmean2: 0.00023586115276
        dvar: 9.05644839122e-08
        dvar2: 1.29926277737e-07
        max: 0.00396985653788
        mean: 0.000393367168726
        min: 1.37256176913e-06
        var: 3.41506535051e-07
    spectral_energyband_low:
        dmean: 6.02342843194e-05
        dmean2: 8.77480488271e-05
        dvar: 1.19956400368e-08
        dvar2: 2.07339709846e-08
        max: 0.00161543197464
        mean: 0.000131694338052
        min: 6.16203905679e-08
        var: 3.94104446855e-08
    spectral_energyband_middle_high:
        dmean: 0.000484019488795
        dmean2: 0.000595626770519
        dvar: 6.9536497449e-07
        dvar2: 1.02961246284e-06
        max: 0.0112294945866
        mean: 0.00123787939083
        min: 3.3420606087e-06
        var: 3.29381055053e-06
    spectral_energyband_middle_low:
        dmean: 0.000400353921577
        dmean2: 0.000514866493177
        dvar: 3.6031465811e-07
        dvar2: 5.18606555033e-07
        max: 0.00637430464849
        mean: 0.000985361635685
        min: 9.78104253591e-06
        var: 1.3590765775e-06
    spectral_flatness_db:
        dmean: 0.0203889198601
        dmean2: 0.0298142880201
        dvar: 0.000340036349371
        dvar2: 0.000702924735378
        max: 0.269146263599
        mean: 0.173574373126
        min: 0.0912004113197
        var: 0.00131752388552
    spectral_flux:
        dmean: 0.00941426772624
        dmean2: 0.0138032985851
        dvar: 0.000114177179057
        dvar2: 0.000233507016674
        max: 0.093985170126
        mean: 0.0253667812794
        min: 0.00311698927544
        var: 0.000336256838636
    spectral_kurtosis:
        dmean: 0.999560415745
        dmean2: 1.6687527895
        dvar: 1.01201808453
        dvar2: 2.92853784561
        max: 9.68265342712
        mean: 2.73728680611
        min: 0.678036212921
        var: 1.9208997488
    spectral_rms:
        dmean: 0.000291865260806
        dmean2: 0.000329161790432
        dvar: 1.24247037547e-07
        dvar2: 1.27159395902e-07
        max: 0.00372742209584
        mean: 0.00137140799779
        min: 0.000140895906952
        var: 8.0051012219e-07
    spectral_rolloff:
        dmean: 568.526062012
        dmean2: 902.989196777
        dvar: 528422.5625
        dvar2: 947949.625
        max: 4780.37109375
        mean: 3002.81030273
        min: 86.1328125
        var: 1953559.75
    spectral_skewness:
        dmean: 0.168290272355
        dmean2: 0.254086256027
        dvar: 0.0205835755914
        dvar2: 0.0483186468482
        max: 2.56470632553
        mean: 1.17545700073
        min: 0.623947203159
        var: 0.0891371965408
    spectral_spread:
        dmean: 582798.1875
        dmean2: 904309.875
        dvar: 893686185984
        dvar2: 1.43591695974e+12
        max: 18383554
        mean: 4899128.5
        min: 3032109.25
        var: 1.47022020608e+12
    spectral_strongpeak:
        dmean: 0.334834545851
        dmean2: 0.557395398617
        dvar: 0.468529433012
        dvar2: 1.15149319172
        max: 6.70137262344
        mean: 0.544345498085
        min: 0.00273386295885
        var: 0.649562478065
    zerocrossingrate:
        dmean: 0.0123921241611
        dmean2: 0.0135387070477
        dvar: 0.000121326898807
        dvar2: 0.000122886747704
        max: 0.14599609375
        mean: 0.0861516222358
        min: 0.01220703125
        var: 0.000931356509682
    barkbands:
        dmean: [1.05716946308e-08, 3.01506461255e-05, 3.54448093276e-05, 1.30626049213e-05, 0.000143145749462, 7.39677343518e-05, 4.28928251495e-05, 8.54887621244e-05, 0.000138143397635, 0.000119654541777, 2.14685678657e-05, 2.54643146036e-05, 4.77619723824e-05, 5.99299492023e-05, 3.2743660995e-05, 6.46822809358e-05, 0.00011290499242, 0.000126055441797, 0.000121397955809, 8.91888121259e-05, 0.000128634332214, 1.9327744667e-05, 2.77918638858e-06, 7.06878665824e-07, 2.69962640687e-07, 1.73077658872e-08, 9.31589583253e-10]
        dmean2: [1.7860196877e-08, 4.59052716906e-05, 5.04228228237e-05, 2.1342690161e-05, 0.000189868413145, 0.000106757070171, 5.84478657402e-05, 0.000107073581603, 0.000190016187844, 0.000158639901201, 3.2658001146e-05, 3.72338254238e-05, 6.80057855789e-05, 8.78399587236e-05, 4.61267773062e-05, 9.53221097006e-05, 0.00015809739125, 0.000174750952283, 0.00018309855659, 0.000125500620925, 0.000164211844094, 2.57979154412e-05, 3.77297260457e-06, 1.01605235159e-06, 4.15846585611e-07, 2.76791105591e-08, 1.01668962138e-09]
        dvar: [1.76041716164e-16, 2.77387046665e-09, 5.3609134909e-09, 6.59899968003e-10, 7.5321644033e-08, 2.00042649112e-08, 7.19204074073e-09, 4.67287151196e-08, 1.88345353536e-07, 1.55232129373e-07, 3.92859123011e-09, 4.40753922248e-09, 1.55412482883e-08, 3.6124898628e-08, 4.64405713885e-09, 1.66049431982e-08, 4.41321894584e-08, 7.35207450475e-08, 3.57212428526e-08, 1.81856343318e-08, 4.73899319786e-08, 1.19926080178e-09, 1.71717189079e-11, 1.26202726655e-12, 2.36546351083e-13, 1.37764784322e-15, 2.87850409309e-16]
        dvar2: [4.49752260377e-16, 6.16497697337e-09, 9.01842334144e-09, 1.67586033939e-09, 1.22169510064e-07, 3.81862363952e-08, 1.46819356672e-08, 5.98418878894e-08, 2.64269061745e-07, 2.43980707637e-07, 7.70407382333e-09, 9.53995282771e-09, 2.78945861965e-08, 7.27104847442e-08, 9.27234999892e-09, 3.82837264112e-08, 8.644101257e-08, 1.20661809433e-07, 7.50726840693e-08, 3.38825643098e-08, 6.72773978749e-08, 2.21872631379e-09, 2.97035243624e-11, 2.60521573932e-12, 5.16488382011e-13, 3.16355222624e-15, 2.8788868461e-16]
        max: [1.55960222514e-07, 0.000436263740994, 0.00117916753516, 0.000214453408262, 0.00261102849618, 0.00131134141702, 0.00128933147062, 0.0026662577875, 0.00587494159117, 0.00712162116542, 0.000810890225694, 0.000782280985732, 0.00179652427323, 0.00286192214116, 0.000785978802014, 0.00127852510195, 0.00206545414403, 0.00376371224411, 0.00139217940159, 0.00138851162046, 0.00313547044061, 0.000375876261387, 5.15611463925e-05, 9.35117986955e-06, 3.39719167641e-06, 3.3633287444e-07, 3.52775771262e-07]
        mean: [1.53432662131e-08, 6.72919195495e-05, 6.43877428956e-05, 1.68887327163e-05, 0.000233887374634, 0.000147460028529, 8.88467620825e-05, 0.000172995773028, 0.000292670185445, 0.000237742991885, 3.407215263e-05, 3.70341658709e-05, 7.35091016395e-05, 9.22462713788e-05, 4.62086100015e-05, 8.6078667664e-05, 0.000177653957508, 0.000206554628676, 0.000210097801755, 0.000170620100107, 0.000252808938967, 3.26577028318e-05, 5.02930288349e-06, 1.15402167467e-06, 3.72642091406e-07, 1.85671780173e-08, 9.19599452143e-10]
        min: [5.04069633256e-11, 2.77111631419e-08, 3.33941088115e-08, 4.96124599181e-08, 1.55535389013e-07, 1.47347620327e-07, 5.74085170513e-08, 6.7950303162e-08, 1.53932148805e-07, 1.59912929121e-07, 4.15669951792e-08, 4.33331415195e-08, 3.05595833083e-08, 6.74320190797e-08, 7.99071813162e-08, 1.32618282578e-07, 1.03682666008e-07, 4.19273732177e-07, 6.49580329082e-07, 8.94956144748e-07, 5.48056505068e-07, 1.92668665022e-07, 1.90622824192e-08, 1.28671411304e-08, 6.26743812404e-09, 2.67536826026e-10, 2.83728966157e-14]
        var: [4.13295247643e-16, 8.31938251622e-09, 1.67974594234e-08, 8.2369328025e-10, 1.72537497178e-07, 6.50684341963e-08, 3.20353059635e-08, 1.80305619324e-07, 6.40470432245e-07, 5.55895212528e-07, 1.01086561344e-08, 8.60045012985e-09, 3.44100250516e-08, 9.08232138386e-08, 8.95106211374e-09, 2.48144811366e-08, 9.40922291193e-08, 1.73291681449e-07, 7.80368907272e-08, 5.24421288617e-08, 1.72175020907e-07, 3.09898240403e-09, 5.22608935294e-11, 2.59656944383e-12, 3.40364428265e-13, 1.3218658532e-15, 2.87940035982e-16]
    mfcc:
        mean: [-783.769226074, 98.9553756714, -44.2762565613, 62.948841095, -24.2870140076, -1.23046290874, -3.53470754623, -2.22079801559, 2.48981237411, -0.64747595787, -2.51992297173, 0.30582228303, -9.33205604553]
        cov: [[7032.62011719, -1112.1027832, -1510.25170898, -321.510620117, -657.193359375, -110.660453796, -489.675994873, -252.181289673, -286.193878174, -73.5961227417, -132.72467041, 199.912719727, -303.348815918], [-1112.1027832, 768.210876465, 447.034881592, 180.133636475, 151.202758789, 52.6953582764, 168.389709473, 63.6555099487, 33.9337654114, 52.2530059814, 57.877494812, 4.96229696274, 95.2733230591], [-1510.25170898, 447.034881592, 1019.54168701, 232.722503662, 324.110565186, 68.0974273682, 189.330108643, 54.4442024231, 85.1328125, 16.438457489, 66.9315338135, -45.5703582764, 154.577514648], [-321.510620117, 180.133636475, 232.722503662, 181.341262817, 125.307647705, 49.9268264771, 64.8647918701, 35.9539909363, 26.0656833649, 39.9110946655, 38.0894737244, 17.3453426361, 25.981595993], [-657.193359375, 151.202758789, 324.110565186, 125.307647705, 225.309906006, 63.2531242371, 87.6877441406, 38.1762733459, 49.2519950867, 13.7825231552, 27.8419399261, -21.0132637024, 48.208278656], [-110.660453796, 52.6953582764, 68.0974273682, 49.9268264771, 63.2531242371, 95.9550247192, 53.9715766907, 35.7967300415, 22.6468505859, 17.1316814423, 17.9725761414, 20.1837272644, 29.2555904388], [-489.675994873, 168.389709473, 189.330108643, 64.8647918701, 87.6877441406, 53.9715766907, 125.334663391, 65.5945510864, 37.2817649841, 20.2492656708, 23.5102443695, 1.75716519356, 51.5568618774], [-252.181289673, 63.6555099487, 54.4442024231, 35.9539909363, 38.1762733459, 35.7967300415, 65.5945510864, 109.095748901, 67.6254425049, 17.3434658051, 7.79575300217, 11.870177269, 30.9511013031], [-286.193878174, 33.9337654114, 85.1328125, 26.0656833649, 49.2519950867, 22.6468505859, 37.2817649841, 67.6254425049, 104.74143219, 41.5951042175, 11.0070905685, -7.62492227554, 20.3878288269], [-73.5961227417, 52.2530059814, 16.438457489, 39.9110946655, 13.7825231552, 17.1316814423, 20.2492656708, 17.3434658051, 41.5951042175, 88.987991333, 42.9206428528, 14.8425130844, -5.35312175751], [-132.72467041, 57.877494812, 66.9315338135, 38.0894737244, 27.8419399261, 17.9725761414, 23.5102443695, 7.79575300217, 11.0070905685, 42.9206428528, 72.1883010864, 28.2764263153, -3.96398806572], [199.912719727, 4.96229696274, -45.5703582764, 17.3453426361, -21.0132637024, 20.1837272644, 1.75716519356, 11.870177269, -7.62492227554, 14.8425130844, 28.2764263153, 72.668838501, 14.581946373], [-303.348815918, 95.2733230591, 154.577514648, 25.981595993, 48.208278656, 29.2555904388, 51.5568618774, 30.9511013031, 20.3878288269, -5.35312175751, -3.96398806572, 14.581946373, 96.1475601196]]
        icov: [[0.000310919916956, 0.000209434962017, 4.34855428466e-05, -0.000190866398043, 0.000400198390707, -0.000343192776199, 0.000370858062524, 0.000143616853165, 0.000288302224362, -0.000194011663552, 0.000723965000361, -0.000933003611863, 0.000513181730639], [0.000209434962017, 0.00248753419146, -0.000343547406374, -0.00161699007731, 0.000905809167307, 0.000564060814213, -0.00204238668084, 0.00020087500161, 0.000930019479711, -0.00080582103692, 5.10540157848e-05, -8.34448655951e-05, -0.00063746154774], [4.34855428466e-05, -0.000343547406374, 0.00338349654339, -0.00240405299701, -0.00149335036986, 0.00137495691888, -0.0016124965623, 0.002460709773, -0.00223297486082, 0.00259171565995, -0.00353314075619, 0.00280914106406, -0.00386341265403], [-0.000190866398043, -0.00161699007731, -0.00240405299701, 0.0147074498236, -0.00642975559458, -0.00133530795574, 0.00203786347993, -0.00444736424834, 0.00460268557072, -0.00637583062053, 0.00362742948346, -0.00573266902938, 0.0045478772372], [0.000400198390707, 0.000905809167307, -0.00149335036986, -0.00642975559458, 0.013710190542, -0.00463055539876, -0.00207963306457, 0.00284276437014, -0.00382471666671, 0.00383376330137, -0.00229304330423, 0.00407003983855, -0.000449172715889], [-0.000343192776199, 0.000564060814213, 0.00137495691888, -0.00133530795574, -0.00463055539876, 0.0179931372404, -0.00636966526508, -0.000164022334502, -0.000719018455129, -0.000453665677924, -0.000748141610529, -0.00324151129462, -0.00258821528405], [0.000370858062524, -0.00204238668084, -0.0016124965623, 0.00203786347993, -0.00207963306457, -0.00636966526508, 0.0244465693831, -0.0126428911462, 0.00672403490171, -0.00369446212426, -0.00161558832042, 0.00294774654321, -0.00296766241081], [0.000143616853165, 0.00020087500161, 0.002460709773, -0.00444736424834, 0.00284276437014, -0.000164022334502, -0.0126428911462, 0.0269083678722, -0.0180118698627, 0.00782051216811, 9.10647504497e-05, -0.004381315317, -0.000835368351545], [0.000288302224362, 0.000930019479711, -0.00223297486082, 0.00460268557072, -0.00382471666671, -0.000719018455129, 0.00672403490171, -0.0180118698627, 0.0275046341121, -0.0146248973906, 0.00423126854002, 0.00279098073952, -0.000231995538343], [-0.000194011663552, -0.00080582103692, 0.00259171565995, -0.00637583062053, 0.00383376330137, -0.000453665677924, -0.00369446212426, 0.00782051216811, -0.0146248973906, 0.0258089769632, -0.0139480829239, 0.00260646431707, -0.00101033225656], [0.000723965000361, 5.10540157848e-05, -0.00353314075619, 0.00362742948346, -0.00229304330423, -0.000748141610529, -0.00161558832042, 9.10647504497e-05, 0.00423126854002, -0.0139480829239, 0.0332012958825, -0.0174390580505, 0.0114878360182], [-0.000933003611863, -8.34448655951e-05, 0.00280914106406, -0.00573266902938, 0.00407003983855, -0.00324151129462, 0.00294774654321, -0.004381315317, 0.00279098073952, 0.00260646431707, -0.0174390580505, 0.0313340127468, -0.0129706608132], [0.000513181730639, -0.00063746154774, -0.00386341265403, 0.0045478772372, -0.000449172715889, -0.00258821528405, -0.00296766241081, -0.000835368351545, -0.000231995538343, -0.00101033225656, 0.0114878360182, -0.0129706608132, 0.0229404773563]]
    spectral_contrast:
        mean: [1.75045428819e-07, 2.78221278904e-07, -1.87535093232e-07, 5.16352486102e-07, 2.25004072263e-07, 5.04703393744e-07, 6.91469215219e-10, -2.60877504843e-06, 4.16886791754e-07, 8.72737871305e-07, -1.90430611724e-07, -1.06818163204e-06]
        var: [0.000297753693303, 0.000638678437099, 0.00199891254306, 0.00303324637935, 0.00692502688617, 0.0172097012401, 0.0376544371247, 0.0774741098285, 0.151872113347, 0.175187855959, 0.534943044186, 2.11142277718]

rhythm:
    beats_loudness:
        dmean: 0.00315318931825
        dmean2: 0.00472037587315
        dvar: 5.9978679019e-06
        dvar2: 1.18356492749e-05
        max: 0.00995747838169
        mean: 0.00316634494811
        min: 9.49045570451e-05
        var: 9.22410617932e-06
    beats_loudness_bass:
        dmean: 0.161631673574
        dmean2: 0.314993321896
        dvar: 0.0459380820394
        dvar2: 0.141501873732
        max: 0.679198741913
        mean: 0.105499967933
        min: 0.000334593292791
        var: 0.0285598244518
    bpm: 89.6215744019
    bpm_confidence: 0
    first_peak_bpm: 90
    first_peak_spread: 0
    first_peak_weight: 0.928571462631
    onset_rate: 3.59823775291
    second_peak_bpm: 73
    second_peak_spread: 0
    second_peak_weight: 0.0714285746217
    beats_position: [0.0424312315881, 0.710653841496, 1.37887644768, 2.04709911346, 2.71532177925, 3.38354444504, 4.05176734924, 4.71998977661, 5.38821268082, 6.21477174759, 6.88935422897, 7.56393671036, 8.23851966858, 8.91310214996, 9.58768463135]
    bpm_estimates: [89.6410446167, 89.8973464966, 89.505821228, 89.6844100952, 89.9434814453, 89.6992416382, 89.907699585, 90.0470733643, 88.6569061279, 89.2327423096]
    bpm_intervals: [0.668222606182, 0.668222606182, 0.668222665787, 0.668222665787, 0.668222665787, 0.668222904205, 0.668222427368, 0.668222904205, 0.826559066772, 0.674582481384, 0.674582481384, 0.674582958221, 0.674582481384, 0.674582481384]
    onset_times: [0.0348299331963, 0.510838985443, 0.743038535118, 1.05650794506, 1.34675741196, 1.72988665104, 1.81115651131, 2.07818603516, 2.17106580734, 2.49614500999, 2.83283448219, 3.13469386101, 3.41333341599, 3.72680282593, 4.051882267, 4.42340135574, 4.76009082794, 4.841360569, 5.1780500412, 5.51473903656, 5.85142850876, 6.08362817764, 6.42031764984, 6.73378705978, 7.10530614853, 7.4303855896, 7.52326536179, 7.85995483398, 8.20825386047, 8.46367359161, 8.77714252472, 9.12544250488, 9.26476192474, 9.46213150024, 9.5666217804, 9.79882049561]
    rubato_start: []
    rubato_stop: []
    perceptual_tempo: "unknown"

sfx:
    inharmonicity:
        dmean: 0.0345702506602
        dmean2: 0.0582557432353
        dvar: 0.00217570527457
        dvar2: 0.00596362818033
        max: 0.388875842094
        mean: 0.0385387465358
        min: 0.000375600619009
        var: 0.00240885047242
    oddtoevenharmonicenergyratio:
        dmean: 1.5266610384
        dmean2: 2.6655561924
        dvar: 21.2978305817
        dvar2: 61.443977356
        max: 60.3851928711
        mean: 1.468536973
        min: 0.000649832829367
        var: 13.3746995926
    pitch_after_max_to_before_max_energy_ratio: 1.99434614182
    pitch_centroid: 215.057952881
    pitch_max_to_total: 0.373549878597
    pitch_min_to_total: 0.870069622993
    tristimulus:
        dmean: [0.151229128242, 0.167901277542, 0.107955686748]
        dmean2: [0.248400002718, 0.281319022179, 0.192236855626]
        dvar: [0.0198707971722, 0.0261371321976, 0.0131269237027]
        dvar2: [0.0527085848153, 0.0729896351695, 0.0342039130628]
        max: [0.936351358891, 0.985160946846, 0.645816802979]
        mean: [0.366178661585, 0.470750540495, 0.138917580247]
        min: [0.000931842951104, 0, 0]
        var: [0.0436511598527, 0.0487059354782, 0.0167402550578]

tonal:
    chords_changes_rate: 0.0506912432611
    chords_number_rate: 0.0276497695595
    chords_strength:
        dmean: 0.0145295634866
        dmean2: 0.0114449169487
        dvar: 0.000107065716293
        dvar2: 0.000119108219224
        max: 0.657700061798
        mean: 0.496462762356
        min: 0.289335638285
        var: 0.00445326277986
    key_strength: 0.785791635513
    tuning_diatonic_strength: 0.693870544434
    tuning_equal_tempered_deviation: 0.0539447553456
    tuning_frequency: 443.316436768
    tuning_nontempered_energy_ratio: 0.701121628284
    hpcp:
        dmean: [0.082101047039, 0.0818044170737, 0.0664752200246, 0.0581379421055, 0.0721230879426, 0.0932741761208, 0.112182237208, 0.102039568126, 0.137603536248, 0.146123692393, 0.126786679029, 0.095288105309, 0.0852818563581, 0.0841266065836, 0.12610296905, 0.141733452678, 0.137127041817, 0.106840804219, 0.0566067509353, 0.0344400368631, 0.0892874374986, 0.131873786449, 0.119891494513, 0.0986869484186, 0.118704847991, 0.107285879552, 0.0899699851871, 0.0674450024962, 0.076682753861, 0.147536367178, 0.173179730773, 0.179511487484, 0.150927856565, 0.126732036471, 0.0940361917019, 0.0872727483511]
        dmean2: [0.130914330482, 0.128328919411, 0.110346995294, 0.0962615758181, 0.122882977128, 0.152025640011, 0.185543715954, 0.175727307796, 0.233535006642, 0.224105685949, 0.210841357708, 0.164325088263, 0.138602614403, 0.137632325292, 0.202302858233, 0.226012423635, 0.220680907369, 0.1758107692, 0.0940401926637, 0.0591884143651, 0.150404304266, 0.21294362843, 0.185401797295, 0.163649857044, 0.197506815195, 0.173246651888, 0.158323511481, 0.117788001895, 0.13446624577, 0.252780973911, 0.296010524035, 0.289145737886, 0.251044273376, 0.204107806087, 0.154940500855, 0.141805380583]
        dvar: [0.0177663862705, 0.019975354895, 0.0143897691742, 0.0122604230419, 0.0210861917585, 0.0240661110729, 0.0333474874496, 0.028312029317, 0.0373302847147, 0.0427355989814, 0.0330423898995, 0.0175250060856, 0.0187934525311, 0.0127994576469, 0.0312531925738, 0.0417882427573, 0.0331083461642, 0.0245653167367, 0.0113020064309, 0.00397398415953, 0.0191474463791, 0.0464636720717, 0.0286133456975, 0.0276459567249, 0.0418686941266, 0.0222514346242, 0.019974283874, 0.0154059045017, 0.0161835327744, 0.0372814238071, 0.0528172962368, 0.0404244810343, 0.0480337068439, 0.0385165475309, 0.0252415109426, 0.0171129014343]
        dvar2: [0.0298395827413, 0.0423822253942, 0.0369750149548, 0.0342278033495, 0.0546077638865, 0.0513157062232, 0.0839546397328, 0.0719321221113, 0.0901670604944, 0.0778608247638, 0.069584697485, 0.0476585291326, 0.0494925007224, 0.0337791033089, 0.0745272785425, 0.0746386498213, 0.0758848786354, 0.0601499117911, 0.021145766601, 0.00836205855012, 0.0479294061661, 0.0881556123495, 0.0608659796417, 0.0671778619289, 0.100011669099, 0.0507873035967, 0.0587167777121, 0.046024478972, 0.0453351736069, 0.0941564887762, 0.105417765677, 0.0889963135123, 0.102277114987, 0.0899078547955, 0.0649594962597, 0.043195400387]
        max: [1, 1, 0.885750770569, 0.934166371822, 1, 1, 1, 1, 1, 1, 1, 0.893085002899, 1, 0.77918857336, 1, 1, 1, 1, 1, 0.672240972519, 0.912643551826, 1, 1, 1, 1, 1, 1, 1, 0.96577912569, 1, 1, 1, 1, 1, 1, 1]
        mean: [0.162475839257, 0.126661524177, 0.0753514692187, 0.0683128610253, 0.0756155028939, 0.104399897158, 0.130203306675, 0.120823040605, 0.164433225989, 0.235965505242, 0.17863561213, 0.104179143906, 0.0933219790459, 0.0912837386131, 0.173367857933, 0.260109901428, 0.205028817058, 0.123155675828, 0.0785369575024, 0.0409312844276, 0.12854808569, 0.241523861885, 0.179503574967, 0.116333097219, 0.140785828233, 0.126889720559, 0.0903102681041, 0.0641761347651, 0.0693736076355, 0.198053792119, 0.335669636726, 0.272745639086, 0.186217948794, 0.156157180667, 0.101579286158, 0.117256902158]
        min: [0.000399541924708, 0.000800314825028, 0.000563813257031, 0.000587561051361, 0.000710213615093, 0.00057836191263, 0.00076341786189, 0.00180560629815, 0.000924619787838, 0.00163316493854, 0.0016124030808, 0.00124344381038, 0.000567663693801, 0.000948999717366, 0.000669489905704, 0.00207020668313, 0.00338952965103, 0.00112613325473, 0.000813669583295, 0.000420757598476, 0.00017005072732, 0.000132761706482, 0.00024227196991, 0.000748926366214, 0.000281986576738, 0.000375553994672, 0.00037428541691, 0.000413368223235, 0.000323638319969, 0.000663605227601, 0.000811987207271, 0.000933774455916, 0.000834480044432, 0.000795575673692, 0.000466601894004, 0.000315338227665]
        var: [0.0684406161308, 0.0419272817671, 0.0150777567178, 0.0117862103507, 0.0194763876498, 0.0267666764557, 0.0383215583861, 0.0331495441496, 0.0475975349545, 0.0965139120817, 0.0597769729793, 0.0170611087233, 0.0189851932228, 0.0136824473739, 0.049032241106, 0.109041027725, 0.0676396861672, 0.0358724035323, 0.0273270271719, 0.00622803485021, 0.034214951098, 0.114926256239, 0.059874240309, 0.0456805750728, 0.0664016380906, 0.0380053669214, 0.0180776622146, 0.0114547004923, 0.0134964613244, 0.0593644268811, 0.129278510809, 0.0828751698136, 0.0716749578714, 0.0643429607153, 0.0317230075598, 0.028863504529]
    chords_histogram: [30.8755760193, 5.99078321457, 33.1797218323, 0, 0, 0, 0, 0, 0, 0, 0, 0, 0, 0, 0, 1.38248848915, 0, 16.5898609161, 0, 0, 0, 0, 0, 11.9815664291]
    thpcp: [1, 0.812541902065, 0.55476552248, 0.465210914612, 0.302616834641, 0.349322348833, 0.484034955502, 0.377339839935, 0.2244810462, 0.203512191772, 0.225267633796, 0.311019778252, 0.387891232967, 0.359946280718, 0.489866256714, 0.702969491482, 0.532176852226, 0.310362130404, 0.278017342091, 0.271945178509, 0.516483604908, 0.774898529053, 0.610805392265, 0.366895496845, 0.233970984817, 0.121939189732, 0.382960110903, 0.719528496265, 0.534762620926, 0.34657022357, 0.419417828321, 0.378019660711, 0.269045084715, 0.191188380122, 0.206672281027, 0.590025961399]
    chords_key: "G"
    chords_scale: "major"
    key_key: "C"
    key_scale: "major"
    chords_progression: ["G", "G", "G", "G", "G", "G", "G", "G", "G", "G", "G", "G", "G", "G", "G", "G", "G", "G", "G", "G", "G", "G", "G", "G", "G", "G", "G", "G", "G", "G", "G", "G", "G", "G", "G", "G", "G", "G", "G", "G", "G", "G", "G", "G", "G", "G", "G", "G", "G", "G", "G", "G", "G", "G", "G", "G", "G", "G", "G", "G", "Cm", "Cm", "Cm", "Cm", "Cm", "Cm", "Cm", "Cm", "Cm", "Cm", "Cm", "Cm", "Cm", "Cm", "Cm", "Cm", "Cm", "Cm", "Cm", "Cm", "Cm", "Cm", "Cm", "Cm", "Cm", "Cm", "Cm", "Cm", "Cm", "Cm", "C", "C", "C", "C", "C", "C", "C", "C", "C", "C", "C", "C", "C", "C", "C", "Fm", "Fm", "Fm", "Cm", "Cm", "Cm", "Cm", "Cm", "Cm", "C", "C", "C", "C", "C", "C", "Em", "Em", "Em", "Em", "Em", "Em", "Em", "Em", "Em", "Em", "Em", "Em", "G", "G", "G", "G", "G", "G", "Em", "G", "G", "G", "G", "G", "G", "C", "C", "C", "C", "C", "C", "C", "C", "C", "C", "C", "C", "C", "C", "C", "C", "C", "C", "C", "C", "C", "C", "C", "C", "C", "C", "C", "C", "C", "C", "C", "C", "C", "C", "C", "C", "C", "C", "C", "C", "C", "C", "C", "C", "C", "C", "Am", "Am", "Am", "Am", "Am", "Am", "Am", "Am", "Am", "Am", "Am", "Am", "Am", "Am", "Am", "Am", "Am", "Am", "Am", "Am", "Am", "Am", "Am", "Am", "Am", "Am"]
