
metadata:
    version:
        essentia: "1.2.2"
    audio_properties:
        analysis_sample_rate: 44100
        bitrate: 128
        channels: 2
        equal_loudness: 1
        length: 10.0048980713
        replay_gain: -10.7446632385
        downmix: "mix"
    tags:
        track: 20
        year: 0
        album: "Splitted by Mp3Splt v. 2.1"
        artist: "From 003.10 To 003.20"
        comment: "http://mp3splt.sf.net"
        genre: ""
        title: "10 As the End Draws Near [Exte"

highlevel:
    ballroom:
        all:
            ChaChaCha: 0.561132371426
            Jive: 0.24325747788
            Quickstep: 0.0635224655271
            Rumba-American: 0.000992157612927
            Rumba-International: 0.00172217190266
            Rumba-Misc: 0.0014184419997
            Samba: 0.122331731021
            Tango: 0.00279749277979
            VienneseWaltz: 0.0014964567963
            Waltz: 0.00132924318314
        probability: 0.561132371426
        value: "ChaChaCha"
    culture:
        all:
            non_western: 0.147437766194
            western: 0.852562248707
        probability: 0.852562248707
        value: "western"
    gender:
        all:
            female: 0.406759649515
            male: 0.593240320683
        probability: 0.593240320683
        value: "male"
    genre_dortmund:
        all:
            alternative: 0.0134627027437
            blues: 0.00322110555135
            electronic: 0.794368624687
            folkcountry: 0.00218434678391
            funksoulrnb: 0.00633159279823
            jazz: 0.0121987164021
            pop: 0.00596944754943
            raphiphop: 0.104845270514
            rock: 0.057418178767
        probability: 0.794368624687
        value: "electronic"
    genre_electronica:
        all:
            ambient: 0.0993130505085
            dnb: 0.195162698627
            house: 0.0426004454494
            techno: 0.65238147974
            trance: 0.0105423191562
        probability: 0.65238147974
        value: "techno"
    genre_rosamerica:
        all:
            cla: 0.0102859837934
            dan: 0.0185426864773
            hip: 0.949442148209
            jaz: 0.00149639660958
            pop: 0.00229248567484
            rhy: 0.00260656280443
            roc: 0.0129472371191
            spe: 0.00238650268875
        probability: 0.949442148209
        value: "hip"
    genre_tzanetakis:
        all:
            blu: 0.0083266608417
            cla: 0.0231815576553
            cou: 0.00716949254274
            dis: 0.276070386171
            hip: 0.110780932009
            jaz: 0.00895480252802
            met: 0.0478948131204
            pop: 0.161522686481
            reg: 0.334770739079
            roc: 0.0213279407471
        probability: 0.334770739079
        value: "reg"
    live_studio:
        all:
            live: 0.0515965782106
            studio: 0.948403418064
        probability: 0.948403418064
        value: "studio"
    mood:
        all:
            Cluster1: 0.144146367908
            Cluster2: 0.0717700347304
            Cluster3: 0.00215965532698
            Cluster4: 0.033990021795
            Cluster5: 0.747933924198
        probability: 0.747933924198
        value: "Cluster5"
    mood_acoustic:
        all:
            acoustic: 0.0255676619709
            not_acoustic: 0.974432349205
        probability: 0.974432349205
        value: "not_acoustic"
    mood_aggressive:
        all:
            aggressive: 0.999903142452
            not_aggressive: 9.68769672909e-05
        probability: 0.999903142452
        value: "aggressive"
    mood_electronic:
        all:
            electronic: 0.955162763596
            not_electronic: 0.0448372401297
        probability: 0.955162763596
        value: "electronic"
    mood_happy:
        all:
            happy: 0.0213975291699
            not_happy: 0.978602468967
        probability: 0.978602468967
        value: "not_happy"
    mood_party:
        all:
            not_party: 0.0223970301449
            party: 0.977602958679
        probability: 0.977602958679
        value: "party"
    mood_relaxed:
        all:
            not_relaxed: 0.789861559868
            relaxed: 0.210138455033
        probability: 0.789861559868
        value: "not_relaxed"
    mood_sad:
        all:
            not_sad: 0.999766111374
            sad: 0.000233887971262
        probability: 0.999766111374
        value: "not_sad"
    rhythm:
        all:
            fast: 0.177020743489
            medium: 0.727791845798
            slow: 0.0951873734593
        probability: 0.727791845798
        value: "medium"
    speech_music:
        all:
            music: 0.545525848866
            speech: 0.454474151134
        probability: 0.545525848866
        value: "music"
    timbre:
        all:
            bright: 0.0754963606596
            dark: 0.924503624439
        probability: 0.924503624439
        value: "dark"
    voice_instrumental:
        all:
            instrumental: 0.689065337181
            voice: 0.310934633017
        probability: 0.689065337181
        value: "instrumental"

lowlevel:
    average_loudness: 0.976291418076
    barkbands_kurtosis:
        dmean: 1.99905884266
        dmean2: 3.35238265991
        dvar: 19.7009181976
        dvar2: 52.6977157593
        max: 34.7174034119
        mean: 1.10213339329
        min: -1.81693863869
        var: 14.7526884079
    barkbands_skewness:
        dmean: 0.630223572254
        dmean2: 0.976200580597
        dvar: 0.924047291279
        dvar2: 2.17082214355
        max: 5.81414890289
        mean: -0.586275517941
        min: -4.32441759109
        var: 1.56334137917
    barkbands_spread:
        dmean: 8.18843078613
        dmean2: 12.1489810944
        dvar: 87.2494354248
        dvar2: 228.510604858
        max: 71.7201538086
        mean: 27.8560962677
        min: 5.12213087082
        var: 223.847610474
    dissonance:
        dmean: 0.00858140923083
        dmean2: 0.0149723086506
        dvar: 6.96587085258e-05
        dvar2: 0.000186232151464
        max: 0.499983876944
        mean: 0.488780796528
        min: 0.43572896719
        var: 8.80228762981e-05
    hfc:
        dmean: 4.99405431747
        dmean2: 7.96394395828
        dvar: 141.889633179
        dvar2: 343.690551758
        max: 88.19921875
        mean: 5.43666553497
        min: 0.0111725181341
        var: 154.93119812
    pitch:
        dmean: 1022.6784668
        dmean2: 1928.71972656
        dvar: 1582771.875
        dvar2: 3791550
        max: 4410
        mean: 2173.28686523
        min: 65.3333358765
        var: 2155840.5
    pitch_instantaneous_confidence:
        dmean: 0.0883825942874
        dmean2: 0.142760887742
        dvar: 0.00536534562707
        dvar2: 0.0130632407963
        max: 0.877556085587
        mean: 0.334135353565
        min: 0.136771738529
        var: 0.0134736681357
    pitch_salience:
        dmean: 0.0687433481216
        dmean2: 0.110471107066
        dvar: 0.00897114817053
        dvar2: 0.0202800631523
        max: 0.950479924679
        mean: 0.692606627941
        min: 0.138615295291
        var: 0.0177264083177
    silence_rate_20dB:
        dmean: 0
        dmean2: 0
        dvar: 0
        dvar2: 0
        max: 1
        mean: 1
        min: 1
        var: 0
    silence_rate_30dB:
        dmean: 0
        dmean2: 0
        dvar: 0
        dvar2: 0
        max: 1
        mean: 1
        min: 1
        var: 0
    silence_rate_60dB:
        dmean: 0.0883720964193
        dmean2: 0.177156180143
        dvar: 0.0805620476604
        dvar2: 0.155095636845
        max: 1
        mean: 0.842227399349
        min: 0
        var: 0.132880181074
    spectral_centroid:
        dmean: 407.787963867
        dmean2: 653.250366211
        dvar: 308829.46875
        dvar2: 702603.25
        max: 3966.0715332
        mean: 2100.10742188
        min: 142.777450562
        var: 649244.375
    spectral_complexity:
        dmean: 4.41588783264
        dmean2: 6.25058555603
        dvar: 55.2522239685
        dvar2: 109.639862061
        max: 57
        mean: 6.01631689072
        min: 0
        var: 124.813072205
    spectral_crest:
        dmean: 2.15564823151
        dmean2: 3.36458230019
        dvar: 5.73027515411
        dvar2: 11.3498401642
        max: 21.9336872101
        mean: 7.37932348251
        min: 2.84394550323
        var: 12.9922990799
    spectral_decrease:
        dmean: 3.13587739109e-10
        dmean2: 4.73462602457e-10
        dvar: 5.00428916054e-19
        dvar2: 1.16298605935e-18
        max: -3.28695686121e-12
        mean: -3.8688080517e-10
        min: -5.32688737565e-09
        var: 5.89768403017e-19
    spectral_energy:
        dmean: 0.00162886432372
        dmean2: 0.00247517530806
        dvar: 1.39399417094e-05
        dvar2: 3.28459282173e-05
        max: 0.0279019642621
        mean: 0.00195329915732
        min: 1.51829390234e-05
        var: 1.61274256243e-05
    spectral_energyband_high:
        dmean: 0.000468192156404
        dmean2: 0.000776893692091
        dvar: 1.38897598845e-06
        dvar2: 3.47571722159e-06
        max: 0.00865992251784
        mean: 0.000455963978311
        min: 2.29324825796e-07
        var: 1.37663153055e-06
    spectral_energyband_low:
        dmean: 0.000179342605406
        dmean2: 0.000310114381136
        dvar: 2.34878243077e-07
        dvar2: 6.41332974283e-07
        max: 0.0030411966145
        mean: 0.000165472883964
        min: 9.64744728549e-09
        var: 1.61658718412e-07
    spectral_energyband_middle_high:
        dmean: 0.000994918984361
        dmean2: 0.00157167308498
        dvar: 5.28614464201e-06
        dvar2: 1.24300813695e-05
        max: 0.016123695299
        mean: 0.00117788487114
        min: 3.67338429896e-06
        var: 6.15683666183e-06
    spectral_energyband_middle_low:
        dmean: 0.00015404059377
        dmean2: 0.000261388311628
        dvar: 1.55897524223e-07
        dvar2: 4.08389013273e-07
        max: 0.00296974461526
        mean: 0.000153976783622
        min: 1.02559454263e-06
        var: 1.18351245249e-07
    spectral_flatness_db:
        dmean: 0.022657237947
        dmean2: 0.0353387705982
        dvar: 0.000661280879285
        dvar2: 0.00159533729311
        max: 0.292934149504
        mean: 0.168415546417
        min: 0.100057758391
        var: 0.00170874292962
    spectral_flux:
        dmean: 0.012008484453
        dmean2: 0.0172697920352
        dvar: 0.000399881857447
        dvar2: 0.000752459454816
        max: 0.145816504955
        mean: 0.0267320014536
        min: 0.00164450379089
        var: 0.000741963216569
    spectral_kurtosis:
        dmean: 3.09465384483
        dmean2: 5.43951559067
        dvar: 22.5964355469
        dvar2: 64.4430007935
        max: 36.9981307983
        mean: 5.37980365753
        min: 0.978789806366
        var: 24.1477832794
    spectral_rms:
        dmean: 0.000420833035605
        dmean2: 0.000591015443206
        dvar: 4.82019459014e-07
        dvar2: 1.0162431181e-06
        max: 0.0052174157463
        mean: 0.00101770309266
        min: 0.000121707118524
        var: 8.6993691184e-07
    spectral_rolloff:
        dmean: 489.678955078
        dmean2: 824.110961914
        dvar: 711953.25
        dvar2: 1653489.875
        max: 5103.36914062
        mean: 3280.12304688
        min: 107.666015625
        var: 1121354.75
    spectral_skewness:
        dmean: 0.379660874605
        dmean2: 0.639225721359
        dvar: 0.211346238852
        dvar2: 0.573897004128
        max: 3.74351644516
        mean: 1.38665056229
        min: 0.647584497929
        var: 0.343652874231
    spectral_spread:
        dmean: 652140.5625
        dmean2: 921019.8125
        dvar: 833448050688
        dvar2: 1.46854156698e+12
        max: 13063156
        mean: 3671924
        min: 1405077.25
        var: 3.35435608883e+12
    spectral_strongpeak:
        dmean: 0.395249098539
        dmean2: 0.686720609665
        dvar: 0.556920588017
        dvar2: 1.4207341671
        max: 6.62432718277
        mean: 0.417391747236
        min: 0.00281700468622
        var: 0.625406742096
    zerocrossingrate:
        dmean: 0.0123735945672
        dmean2: 0.0137050366029
        dvar: 0.000183805299457
        dvar2: 0.000214292464079
        max: 0.17626953125
        mean: 0.108892410994
        min: 0.005859375
        var: 0.00104624999221
    barkbands:
        dmean: [4.78998288145e-07, 0.000119716241898, 7.2923998232e-05, 4.47623533546e-05, 6.07671099715e-05, 1.93744617718e-05, 1.66445879586e-05, 1.44316991282e-05, 1.49068955579e-05, 1.90622431546e-05, 3.730759272e-05, 3.41638587997e-05, 3.96518116759e-05, 5.23108610651e-05, 4.21047079726e-05, 7.28338636691e-05, 0.000140316493344, 0.000188118894584, 0.000285106245428, 0.000370507332264, 0.000208972793189, 4.59569127997e-05, 1.22544097394e-05, 4.26625592809e-06, 1.55152963544e-06, 6.62350814196e-08, 1.07764477897e-10]
        dmean2: [6.27715280643e-07, 0.00020034366753, 0.000133271023515, 7.92646242189e-05, 0.00010452560673, 3.22818887071e-05, 2.91470205411e-05, 2.50815683103e-05, 2.59212301899e-05, 3.31885130436e-05, 6.55144467601e-05, 5.80434170843e-05, 6.71293528285e-05, 8.26746108942e-05, 6.72337628203e-05, 0.000123782709124, 0.000239107001107, 0.00031979783671, 0.000454347289633, 0.000617891841102, 0.00034288407187, 7.32442931621e-05, 1.9635697754e-05, 6.89366879669e-06, 2.28291355597e-06, 9.1312287509e-08, 1.78857054167e-10]
        dvar: [9.30990636146e-13, 9.12289337407e-08, 4.62360887354e-08, 1.95583940155e-08, 2.61049244443e-08, 2.17835682825e-09, 1.08568487533e-09, 1.36211353308e-09, 1.07408426597e-09, 2.22633400604e-09, 1.04198969453e-08, 7.17864701016e-09, 7.96570720496e-09, 1.23711325628e-08, 7.26956228547e-09, 1.87795894391e-08, 1.13533204171e-07, 2.3559854867e-07, 4.87658383008e-07, 7.72992109432e-07, 3.72071013999e-07, 1.39050317927e-08, 9.94243798402e-10, 1.0622065727e-10, 1.29835708157e-11, 8.39232925775e-14, 9.25904747908e-20]
        dvar2: [1.82962716158e-12, 2.46786072466e-07, 1.31461888486e-07, 5.30002992605e-08, 6.89597001724e-08, 5.58675861129e-09, 3.02880454051e-09, 3.58441409887e-09, 2.97631763679e-09, 5.96210192327e-09, 2.74194125183e-08, 1.75859309337e-08, 1.82322370534e-08, 2.75564051577e-08, 1.64035292016e-08, 4.39563372368e-08, 2.58157626831e-07, 5.90404397371e-07, 1.18363743695e-06, 1.95638131117e-06, 9.43005318277e-07, 3.32477405607e-08, 2.46077203059e-09, 2.58405186138e-10, 2.73329414657e-11, 1.34537251673e-13, 1.87970396478e-19]
        max: [6.46702937956e-06, 0.00200804765336, 0.00129001773894, 0.00122609734535, 0.0011247692164, 0.00029283342883, 0.000224238319788, 0.00037447118666, 0.000370880909031, 0.00051939371042, 0.000855996855535, 0.000851082790177, 0.000738150498364, 0.000795866595581, 0.000822068541311, 0.00110960262828, 0.00230655120686, 0.00380380102433, 0.00555018894374, 0.00605660723522, 0.0051159625873, 0.00103704212233, 0.000259428808931, 7.16296708561e-05, 3.18929014611e-05, 3.76504317501e-06, 3.83402332105e-09]
        mean: [5.32209867288e-07, 0.000113735310151, 5.12067344971e-05, 3.38179743267e-05, 5.15908941452e-05, 1.75918157765e-05, 1.73887674464e-05, 1.54652552737e-05, 1.63638633239e-05, 2.02860137506e-05, 3.62909668183e-05, 3.80775745725e-05, 4.1163937567e-05, 6.05190107308e-05, 5.55385267944e-05, 8.50238284329e-05, 0.000156300971867, 0.000213456602069, 0.000304924265947, 0.000354136660462, 0.000211848397157, 4.18587005697e-05, 1.06929746835e-05, 3.62755849892e-06, 1.76536354957e-06, 9.58923322969e-08, 1.03835495757e-10]
        min: [2.89192823334e-12, 2.50397547141e-09, 2.84127166239e-09, 8.50119707962e-09, 6.22670555117e-08, 4.52369874893e-08, 9.02929642166e-08, 6.70268960334e-08, 3.00107188878e-07, 2.07178274536e-07, 1.30096907469e-07, 3.03439605887e-07, 2.11008753581e-07, 1.79905455866e-07, 1.3443059288e-07, 2.18946283326e-07, 1.81925841503e-07, 1.35650552124e-07, 3.34610312791e-08, 1.72557264477e-07, 4.99547105903e-08, 1.52983903323e-09, 1.88120338751e-10, 3.203702581e-11, 5.8878699442e-13, 2.59862471168e-13, 7.69810054596e-15]
        var: [1.29596507137e-12, 6.55868888089e-08, 2.77143072935e-08, 1.28851027625e-08, 1.85952355736e-08, 1.84666548719e-09, 1.00217556476e-09, 1.01488362159e-09, 9.0633284211e-10, 1.78165437958e-09, 8.45305248021e-09, 6.78420875033e-09, 8.44176462067e-09, 1.4352418809e-08, 9.59777590737e-09, 2.13648529979e-08, 1.24221529063e-07, 2.38733150582e-07, 5.43081625892e-07, 7.3269677614e-07, 3.64851331369e-07, 1.45819818442e-08, 9.57150469993e-10, 1.02176642147e-10, 2.17835402494e-11, 2.07270290341e-13, 9.74861884827e-20]
    mfcc:
        mean: [-828.121459961, 112.433227539, -83.1970672607, 54.0948753357, -11.1843986511, 10.9578542709, 3.00060844421, 2.67303109169, 3.76046252251, 4.80848789215, -7.17058038712, 9.00089168549, -2.99542427063]
        cov: [[12301.9482422, -4399.34277344, 1688.55407715, 397.36831665, -380.203369141, -119.67893219, 320.880340576, -68.0703735352, -633.770935059, -230.845169067, 258.464904785, -511.609680176, 167.831298828], [-4399.34277344, 2445.1796875, -502.010009766, 17.4518966675, 405.142120361, 234.53302002, -63.2601776123, 71.7828445435, 334.952972412, 156.48538208, -175.798858643, 289.479034424, -61.4128761292], [1688.55407715, -502.010009766, 1329.33166504, 201.142410278, 254.285736084, 115.777061462, 254.873413086, 117.150192261, -22.7837944031, 168.421417236, 67.7067108154, 46.2782440186, 39.2774543762], [397.36831665, 17.4518966675, 201.142410278, 285.99899292, -11.4793386459, 89.6377029419, 80.7451629639, 5.4416217804, 40.7329292297, 0.661974310875, 94.1318740845, -48.2570953369, 67.3866882324], [-380.203369141, 405.142120361, 254.285736084, -11.4793386459, 392.53894043, 139.714782715, 52.7535552979, 68.4692077637, 95.6755447388, 130.655349731, -118.509155273, 209.490524292, -80.5227508545], [-119.67893219, 234.53302002, 115.777061462, 89.6377029419, 139.714782715, 133.919677734, 60.6963539124, 50.8311767578, 69.0879058838, 68.1445617676, -9.28504180908, 66.241104126, 5.0782084465], [320.880340576, -63.2601776123, 254.873413086, 80.7451629639, 52.7535552979, 60.6963539124, 168.995635986, 22.3406925201, 75.0227890015, 31.0823345184, 80.0177230835, -34.9849014282, 73.9393310547], [-68.0703735352, 71.7828445435, 117.150192261, 5.4416217804, 68.4692077637, 50.8311767578, 22.3406925201, 101.625091553, 8.24559020996, 62.6589851379, -27.4283866882, 70.8029098511, -36.0709953308], [-633.770935059, 334.952972412, -22.7837944031, 40.7329292297, 95.6755447388, 69.0879058838, 75.0227890015, 8.24559020996, 164.38671875, 29.8118095398, 48.869178772, 11.2386255264, 60.0082931519], [-230.845169067, 156.48538208, 168.421417236, 0.661974310875, 130.655349731, 68.1445617676, 31.0823345184, 62.6589851379, 29.8118095398, 130.919342041, -42.3672027588, 102.541534424, -26.6239032745], [258.464904785, -175.798858643, 67.7067108154, 94.1318740845, -118.509155273, -9.28504180908, 80.0177230835, -27.4283866882, 48.869178772, -42.3672027588, 192.864471436, -123.390357971, 125.22504425], [-511.609680176, 289.479034424, 46.2782440186, -48.2570953369, 209.490524292, 66.241104126, -34.9849014282, 70.8029098511, 11.2386255264, 102.541534424, -123.390357971, 233.828430176, -124.630104065], [167.831298828, -61.4128761292, 39.2774543762, 67.3866882324, -80.5227508545, 5.0782084465, 73.9393310547, -36.0709953308, 60.0082931519, -26.6239032745, 125.22504425, -124.630104065, 165.479141235]]
        icov: [[0.000379097298719, 0.000661743048113, -2.91069281957e-05, -0.00041230165516, -0.000538387219422, -0.000600847415626, -0.000230830934015, -4.6957127779e-05, 0.000803478586022, 0.000452393869637, 0.000388706452213, 0.000328793888912, -0.000379833451007], [0.000661743048113, 0.00212359777652, 0.000285935675493, -0.00112295139115, -0.00114644598216, -0.0014434014447, 0.000504540512338, -0.000242518683081, -0.000587824149989, 0.000376495299861, 0.00148977444042, 0.000263305875706, -0.000940815312788], [-2.91069281957e-05, 0.000285935675493, 0.00263264612295, -0.00187573430594, -0.0034798020497, 0.00294317863882, -0.00255490094423, -0.00175330042839, 0.00307498802431, -0.0024668390397, -0.00112544582225, 0.00116154632997, -0.000535099883564], [-0.00041230165516, -0.00112295139115, -0.00187573430594, 0.00853258464485, 0.00429243361577, -0.008764276281, 0.00112027546857, 0.00268126581796, -0.00128164677881, 0.00207877228968, -0.00258258357644, -0.000742731092032, 0.00160772993695], [-0.000538387219422, -0.00114644598216, -0.0034798020497, 0.00429243361577, 0.0152532914653, -0.00855608657002, 0.000399940239731, 0.00527922809124, -0.00889743305743, 0.00138309365138, 0.00477226404473, -0.00755926035345, 0.00199991115369], [-0.000600847415626, -0.0014434014447, 0.00294317863882, -0.008764276281, -0.00855608657002, 0.0295954011381, -0.00437056738883, -0.00794572662562, 0.000153167638928, -0.00583985587582, 0.000372069858713, 0.000280300009763, -0.00297222868539], [-0.000230830934015, 0.000504540512338, -0.00255490094423, 0.00112027546857, 0.000399940239731, -0.00437056738883, 0.0166716631502, -0.00105561513919, -0.00775258941576, -0.000114833252155, -0.00205755536444, 0.00224454607815, -0.000738628790714], [-4.6957127779e-05, -0.000242518683081, -0.00175330042839, 0.00268126581796, 0.00527922809124, -0.00794572662562, -0.00105561513919, 0.0186295565218, -0.0013048335677, -0.00353979831561, -0.000240427732933, -0.00353145459667, 0.0040530571714], [0.000803478586022, -0.000587824149989, 0.00307498802431, -0.00128164677881, -0.00889743305743, 0.000153167638928, -0.00775258941576, -0.0013048335677, 0.0233030859381, -0.000480495509692, -0.00607186602429, 0.00215379823931, -0.00470647122711], [0.000452393869637, 0.000376495299861, -0.0024668390397, 0.00207877228968, 0.00138309365138, -0.00583985587582, -0.000114833252155, -0.00353979831561, -0.000480495509692, 0.0197139382362, 0.00256133452058, -0.00642894254997, -0.00388235482387], [0.000388706452213, 0.00148977444042, -0.00112544582225, -0.00258258357644, 0.00477226404473, 0.000372069858713, -0.00205755536444, -0.000240427732933, -0.00607186602429, 0.00256133452058, 0.0169779304415, -0.0012793301139, -0.00654228311032], [0.000328793888912, 0.000263305875706, 0.00116154632997, -0.000742731092032, -0.00755926035345, 0.000280300009763, 0.00224454607815, -0.00353145459667, 0.00215379823931, -0.00642894254997, -0.0012793301139, 0.0182981528342, 0.00726528093219], [-0.000379833451007, -0.000940815312788, -0.000535099883564, 0.00160772993695, 0.00199991115369, -0.00297222868539, -0.000738628790714, 0.0040530571714, -0.00470647122711, -0.00388235482387, -0.00654228311032, 0.00726528093219, 0.0193340703845]]
    spectral_contrast:
        mean: [2.79926467783e-07, -2.04595721698e-07, 3.99574275889e-07, 1.28887222672e-07, -1.3279921518e-07, -1.83398910281e-07, -6.90622357524e-07, -1.70922226062e-06, -4.08941332353e-06, 2.14243277696e-06, 1.89220429547e-06, 3.74467231268e-06]
        var: [0.00035826471867, 0.000525893992744, 0.00092443212634, 0.00122231035493, 0.00162707688287, 0.00396750867367, 0.073702737689, 0.0928003117442, 0.124865368009, 0.540247321129, 0.853246808052, 7.10682535172]

rhythm:
    beats_loudness:
        dmean: 0.00901117641479
        dmean2: 0.0180254708976
        dvar: 4.14712076235e-06
        dvar2: 1.46503089127e-05
        max: 0.013121008873
        mean: 0.00626523373649
        min: 0.0013282172149
        var: 2.19305657083e-05
    beats_loudness_bass:
        dmean: 0.63883382082
        dmean2: 1.26359057426
        dvar: 0.0185809191316
        dvar2: 0.0473110713065
        max: 0.952198326588
        mean: 0.50359159708
        min: 0.0902667120099
        var: 0.116044461727
    bpm: 126.763572693
    bpm_confidence: 0
    first_peak_bpm: 127
    first_peak_spread: 0
    first_peak_weight: 0.949999988079
    onset_rate: 3.89809083939
    second_peak_bpm: 114
    second_peak_spread: 0
    second_peak_weight: 0.0500000007451
    beats_position: [0.0845189839602, 0.556784689426, 1.0290504694, 1.50131618977, 1.97358202934, 2.44584774971, 2.9181137085, 3.39037942886, 3.86264514923, 4.3349108696, 4.80717658997, 5.27944278717, 5.75170850754, 6.27814054489, 6.75241994858, 7.2266998291, 7.70097970963, 8.17525959015, 8.64953899384, 9.1238193512, 9.59809970856]
    bpm_estimates: [127.019180298, 126.989021301, 127.10017395, 127.118652344, 127.16015625, 127.157020569, 127.162513733, 126.795135498, 126.923301697, 126.788749695, 126.459335327, 126.653694153, 126.836853027, 126.940544128, 126.454597473, 126.382972717, 125.941558838, 126.2862854, 126.337768555]
    bpm_intervals: [0.472265720367, 0.472265779972, 0.472265720367, 0.472265839577, 0.472265720367, 0.472265958786, 0.472265720367, 0.472265720367, 0.472265720367, 0.472265720367, 0.472266197205, 0.472265720367, 0.526432037354, 0.474279403687, 0.474279880524, 0.474279880524, 0.474279880524, 0.474279403687, 0.474280357361, 0.474280357361]
    onset_times: [0.0580498874187, 0.290249437094, 0.53405892849, 0.777868509293, 1.02167797089, 1.24226760864, 1.48607707024, 1.97369611263, 2.20589566231, 2.43809533119, 2.92571425438, 3.04181408882, 3.15791392326, 3.39011335373, 3.64553284645, 3.86612248421, 4.09832191467, 4.34213161469, 4.58594083786, 4.81814050674, 5.05034017563, 5.29414987564, 5.78176879883, 6.01396846771, 6.24616765976, 6.73378705978, 6.84988641739, 6.96598625183, 7.19818592072, 7.45360565186, 7.67419481277, 7.91800451279, 8.15020370483, 8.39401340485, 8.62621307373, 8.85841274261, 9.10222244263, 9.58984088898, 9.82204055786]
    rubato_start: []
    rubato_stop: []
    perceptual_tempo: "unknown"

sfx:
    inharmonicity:
        dmean: 0.0742221176624
        dmean2: 0.129733860493
        dvar: 0.00528323836625
        dvar2: 0.014868227765
        max: 0.354570239782
        mean: 0.0833062380552
        min: 6.36244221823e-05
        var: 0.0058421655558
    oddtoevenharmonicenergyratio:
        dmean: 3.44840168953
        dmean2: 6.53608608246
        dvar: 108.040031433
        dvar2: 316.303344727
        max: 101.126205444
        mean: 2.32272791862
        min: 0.000620281498414
        var: 59.2544746399
    pitch_after_max_to_before_max_energy_ratio: 86.1511535645
    pitch_centroid: 214.226196289
    pitch_max_to_total: 0.0209790207446
    pitch_min_to_total: 0.303030312061
    tristimulus:
        dmean: [0.144908830523, 0.263057559729, 0.173515498638]
        dmean2: [0.250571906567, 0.459970593452, 0.310617119074]
        dvar: [0.0213976483792, 0.0451476536691, 0.0225816909224]
        dvar2: [0.0582829415798, 0.127573117614, 0.0593983903527]
        max: [0.955959439278, 0.963659107685, 0.678380191326]
        mean: [0.239360362291, 0.524980485439, 0.168544277549]
        min: [0.0153993694112, 0, 0]
        var: [0.0316896513104, 0.0623570866883, 0.030051779002]

tonal:
    chords_changes_rate: 0.13425925374
    chords_number_rate: 0.0324074067175
    chords_strength:
        dmean: 0.0141046140343
        dmean2: 0.0178027842194
        dvar: 0.000122265773825
        dvar2: 0.000204872325412
        max: 0.533410787582
        mean: 0.399958401918
        min: 0.266953587532
        var: 0.00443172687665
    key_strength: 0.490550279617
    tuning_diatonic_strength: 0.469533592463
    tuning_equal_tempered_deviation: 0.272906392813
    tuning_frequency: 446.657836914
    tuning_nontempered_energy_ratio: 0.924141228199
    hpcp:
        dmean: [0.181201308966, 0.180410161614, 0.185044229031, 0.189061224461, 0.183385044336, 0.172254443169, 0.190338477492, 0.20685094595, 0.198496341705, 0.191909849644, 0.237826853991, 0.206379681826, 0.18288294971, 0.179013192654, 0.176873072982, 0.182049438357, 0.1644577384, 0.155639261007, 0.144539281726, 0.179863154888, 0.183932811022, 0.159664958715, 0.172078296542, 0.150098025799, 0.176212623715, 0.157762482762, 0.145823851228, 0.164151668549, 0.16724820435, 0.165626704693, 0.165347456932, 0.148164913058, 0.155239328742, 0.167726069689, 0.188227668405, 0.187393829226]
        dmean2: [0.295918643475, 0.304909646511, 0.307633697987, 0.30177000165, 0.286398410797, 0.27400547266, 0.317205190659, 0.350872755051, 0.321279674768, 0.317583203316, 0.397406250238, 0.330520659685, 0.290096789598, 0.294958859682, 0.280829936266, 0.29595091939, 0.257816165686, 0.240370899439, 0.226412832737, 0.280645549297, 0.29537025094, 0.259472370148, 0.265077888966, 0.250468045473, 0.30932828784, 0.261134594679, 0.224915966392, 0.266097545624, 0.274725019932, 0.270129948854, 0.266380280256, 0.246729269624, 0.261455267668, 0.288840681314, 0.316260576248, 0.307405173779]
        dvar: [0.0263041388243, 0.0278940089047, 0.0326003432274, 0.0284675750881, 0.0249518398196, 0.0245209429413, 0.0396357476711, 0.0374468453228, 0.0391953252256, 0.0347685851157, 0.0475751683116, 0.0452128574252, 0.0306355804205, 0.0291009489447, 0.0328610613942, 0.0360464192927, 0.0314773209393, 0.0242668837309, 0.0281789153814, 0.0350116975605, 0.0388085134327, 0.0296349767596, 0.0322386436164, 0.0296540576965, 0.0463103242218, 0.0286945961416, 0.0228548776358, 0.0318383201957, 0.027246683836, 0.0264175459743, 0.0260635353625, 0.0215896777809, 0.0255946386606, 0.0306771062315, 0.0372858047485, 0.0361836105585]
        dvar2: [0.0544354170561, 0.0568273663521, 0.0794547274709, 0.0702792182565, 0.061930142343, 0.0623978041112, 0.103581115603, 0.100076369941, 0.0700891166925, 0.0849898830056, 0.122295059264, 0.103370033205, 0.0614523477852, 0.0631409138441, 0.0812306627631, 0.0882910490036, 0.0640958100557, 0.0547799542546, 0.065909743309, 0.0821686089039, 0.0842245668173, 0.0653028190136, 0.0713683366776, 0.0689134299755, 0.121995598078, 0.0730396136642, 0.0526634715497, 0.0780571848154, 0.0646431148052, 0.0502171441913, 0.0623597726226, 0.052758384496, 0.068434394896, 0.084853976965, 0.110902935266, 0.0950212553144]
        max: [1, 1, 1, 1, 1, 1, 1, 1, 1, 1, 1, 1, 1, 0.955692410469, 1, 1, 1, 1, 1, 1, 1, 1, 1, 1, 1, 1, 1, 1, 1, 1, 0.983676970005, 1, 0.950757563114, 1, 1, 1]
        mean: [0.332075625658, 0.333512246609, 0.349382758141, 0.368604451418, 0.368028104305, 0.364336133003, 0.372144252062, 0.473987698555, 0.609345912933, 0.525418043137, 0.401891440153, 0.384659528732, 0.353344351053, 0.34080567956, 0.34298363328, 0.328722387552, 0.331316262484, 0.309055477381, 0.266719013453, 0.295460492373, 0.317762643099, 0.320031404495, 0.329177081585, 0.301443368196, 0.291322529316, 0.285495728254, 0.285045951605, 0.312188744545, 0.329085856676, 0.314863204956, 0.276332616806, 0.253986239433, 0.272351562977, 0.296233803034, 0.33044397831, 0.349948883057]
        min: [0.0022472217679, 0.00738141592592, 0.00637203734368, 0.00172504456714, 0.000935202697292, 0.000766080454923, 0.00134470453486, 0.0366717576981, 0.0290437340736, 0.0158872157335, 0.0050495271571, 0.0021828354802, 0.00340169551782, 0.00248942500912, 0.00330790434964, 0.00395003519952, 0.00198428262956, 0.000901943538338, 0.000802520720754, 0.00361901032738, 0.00626815157011, 0.00333058671094, 0.000699335127138, 0.000641361926682, 0.00259778136387, 0.00429405923933, 0.00337692606263, 0.000667249434628, 0.00151451968122, 0.00238601607271, 0.00269027613103, 0.00291985459626, 0.00214327452704, 0.00494679342955, 0.0044145770371, 0.00193133123685]
        var: [0.0771716460586, 0.066661387682, 0.0677322223783, 0.0782187506557, 0.0795434117317, 0.0736827924848, 0.0689745023847, 0.062152557075, 0.0992481559515, 0.0710574686527, 0.0676451697946, 0.089811719954, 0.0781478062272, 0.0651566386223, 0.0673029944301, 0.0654904991388, 0.0676696449518, 0.0569800809026, 0.0483763739467, 0.0699428096414, 0.0790267139673, 0.0681249424815, 0.0909407660365, 0.083043821156, 0.0817517787218, 0.067435324192, 0.0673103183508, 0.0794911533594, 0.0740036144853, 0.0716920495033, 0.0552809536457, 0.0456964410841, 0.0465749725699, 0.0517950616777, 0.0648950636387, 0.0848798751831]
    chords_histogram: [19.4444446564, 55.0925941467, 14.3518514633, 1.85185182095, 0, 0, 0, 0, 0, 0, 0, 0, 0, 0, 2.31481480598, 4.16666650772, 0, 0, 0, 1.85185182095, 0, 0.925925910473, 0, 0]
    thpcp: [1, 0.862265646458, 0.659545660019, 0.63126629591, 0.579874813557, 0.559297561646, 0.562871813774, 0.539467632771, 0.543724417686, 0.507192194462, 0.437713623047, 0.484881401062, 0.521481513977, 0.525204837322, 0.540213823318, 0.494699895382, 0.478090554476, 0.468528181314, 0.467790037394, 0.512334167957, 0.540064096451, 0.516723275185, 0.453490555286, 0.416817814112, 0.446957230568, 0.486150473356, 0.542292952538, 0.574302494526, 0.544970631599, 0.547328293324, 0.573373436928, 0.604918241501, 0.603972375393, 0.597913503647, 0.61072742939, 0.77786308527]
    chords_key: "G#"
    chords_scale: "minor"
    key_key: "E"
    key_scale: "major"
    chords_progression: ["G#m", "G#m", "G#m", "G#m", "G#m", "G#m", "G#m", "G#m", "G#m", "G#m", "G#m", "G#m", "G#m", "G#m", "G#m", "G#m", "G#m", "G#m", "G#m", "G#m", "G#m", "G#m", "G#m", "G#m", "G#m", "G#m", "G#m", "G#m", "G#m", "G#m", "G#m", "G#m", "G#m", "G#m", "G#m", "G#m", "G#m", "G#m", "G#m", "G#m", "G#m", "G#m", "G#m", "G#m", "G#m", "G#m", "G#m", "G#m", "G#m", "G#m", "F", "F", "F", "F", "F", "Am", "F#m", "Am", "F#m", "B", "B", "B", "B", "B", "G#m", "B", "B", "B", "G#m", "G#m", "G#m", "G#m", "E", "E", "E", "E", "E", "E", "E", "E", "E", "G#m", "G#m", "G#m", "G#m", "G#m", "G#m", "G#m", "G#m", "G#m", "G#m", "G#m", "G#m", "G#m", "G#m", "G#m", "G#m", "G#m", "G#m", "G#m", "G#m", "G#m", "G#m", "G#m", "G#m", "G#m", "G#m", "G#m", "G#m", "G#m", "G#m", "B", "B", "B", "G#m", "G#m", "G#m", "G#m", "G#m", "G#m", "G#m", "B", "Am", "Am", "Am", "Am", "Am", "Am", "Am", "E", "E", "E", "E", "E", "E", "E", "E", "E", "E", "E", "E", "E", "E", "B", "E", "E", "E", "B", "B", "E", "E", "E", "E", "E", "E", "E", "E", "E", "E", "E", "E", "E", "E", "E", "E", "B", "B", "B", "B", "Bm", "Bm", "Bm", "Bm", "G#m", "G#m", "G#m", "G#m", "G#m", "G#m", "G#m", "G#m", "G#m", "G#m", "G#m", "G#m", "G#m", "G#m", "G#m", "G#m", "G#m", "G#m", "G#m", "G#m", "B", "B", "G#m", "G#m", "G#m", "G#m", "B", "B", "B", "B", "B", "B", "B", "B", "G#m", "G#m", "G#m", "B", "B", "D#m", "D#m", "D#m", "D#m"]
