
metadata:
    version:
        essentia: "1.2.2"
    audio_properties:
        analysis_sample_rate: 44100
        bitrate: 128
        channels: 2
        equal_loudness: 1
        length: 10.0310201645
        replay_gain: -10.6379680634
        downmix: "mix"
    tags:
        track: 19
        year: 0
        album: "Splitted by Mp3Splt v. 2.1"
        artist: "From 003.00 To 003.10"
        comment: "http://mp3splt.sf.net"
        genre: ""
        title: "06 Rooster.mp3"

highlevel:
    ballroom:
        all:
            ChaChaCha: 0.036909930408
            Jive: 0.791416883469
            Quickstep: 0.022572575137
            Rumba-American: 0.00135101634078
            Rumba-International: 0.0105612631887
            Rumba-Misc: 0.00708494102582
            Samba: 0.0295077711344
            Tango: 0.00282136071473
            VienneseWaltz: 0.0901093035936
            Waltz: 0.0076649421826
        probability: 0.791416883469
        value: "Jive"
    culture:
        all:
            non_western: 0.162538304925
            western: 0.837461709976
        probability: 0.837461709976
        value: "western"
    gender:
        all:
            female: 0.402596622705
            male: 0.597403407097
        probability: 0.597403407097
        value: "male"
    genre_dortmund:
        all:
            alternative: 0.154611244798
            blues: 0.00486096926033
            electronic: 0.0527839809656
            folkcountry: 0.00889525655657
            funksoulrnb: 0.0140898805112
            jazz: 0.0441504530609
            pop: 0.0175890848041
            raphiphop: 0.00180097261909
            rock: 0.701218128204
        probability: 0.701218128204
        value: "rock"
    genre_electronica:
        all:
            ambient: 0.0951090604067
            dnb: 0.363241702318
            house: 0.00210165395401
            techno: 0.00526358280331
            trance: 0.534283995628
        probability: 0.534283995628
        value: "trance"
    genre_rosamerica:
        all:
            cla: 0.00935766007751
            dan: 0.0196168329567
            hip: 0.00436761928722
            jaz: 0.00275674671866
            pop: 0.0031801816076
            rhy: 0.00125810422469
            roc: 0.958677172661
            spe: 0.000785667973105
        probability: 0.958677172661
        value: "roc"
    genre_tzanetakis:
        all:
            blu: 0.0106254788116
            cla: 0.0205393191427
            cou: 0.0527895279229
            dis: 0.0715363621712
            hip: 0.0252188425511
            jaz: 0.0838956013322
            met: 0.507531166077
            pop: 0.0527529120445
            reg: 0.0108509352431
            roc: 0.164259821177
        probability: 0.507531166077
        value: "met"
    live_studio:
        all:
            live: 0.689496457577
            studio: 0.310503542423
        probability: 0.689496457577
        value: "live"
    mood:
        all:
            Cluster1: 0.613225638866
            Cluster2: 0.07581846416
            Cluster3: 0.0144548816606
            Cluster4: 0.0240462962538
            Cluster5: 0.272454738617
        probability: 0.613225638866
        value: "Cluster1"
    mood_acoustic:
        all:
            acoustic: 0.0068459357135
            not_acoustic: 0.99315404892
        probability: 0.99315404892
        value: "not_acoustic"
    mood_aggressive:
        all:
            aggressive: 0.995419204235
            not_aggressive: 0.00458079902455
        probability: 0.995419204235
        value: "aggressive"
    mood_electronic:
        all:
            electronic: 0.85861736536
            not_electronic: 0.141382604837
        probability: 0.85861736536
        value: "electronic"
    mood_happy:
        all:
            happy: 0.188095510006
            not_happy: 0.811904489994
        probability: 0.811904489994
        value: "not_happy"
    mood_party:
        all:
            not_party: 0.5
            party: 0.5
        probability: 0.5
        value: "not_party"
    mood_relaxed:
        all:
            not_relaxed: 0.802143037319
            relaxed: 0.19785694778
        probability: 0.802143037319
        value: "not_relaxed"
    mood_sad:
        all:
            not_sad: 0.959283053875
            sad: 0.0407169349492
        probability: 0.959283053875
        value: "not_sad"
    rhythm:
        all:
            fast: 0.1714887321
            medium: 0.74759966135
            slow: 0.080911628902
        probability: 0.74759966135
        value: "medium"
    speech_music:
        all:
            music: 0.997609853745
            speech: 0.00239015510306
        probability: 0.997609853745
        value: "music"
    timbre:
        all:
            bright: 0.0376644842327
            dark: 0.962335526943
        probability: 0.962335526943
        value: "dark"
    voice_instrumental:
        all:
            instrumental: 0.662695586681
            voice: 0.337304443121
        probability: 0.662695586681
        value: "instrumental"

lowlevel:
    average_loudness: 0.985520362854
    barkbands_kurtosis:
        dmean: 0.426252365112
        dmean2: 0.726287901402
        dvar: 0.187617182732
        dvar2: 0.512825667858
        max: 1.7161822319
        mean: -1.13590574265
        min: -1.79956018925
        var: 0.404865443707
    barkbands_skewness:
        dmean: 0.334202200174
        dmean2: 0.541087687016
        dvar: 0.0644753202796
        dvar2: 0.182881176472
        max: 1.75203156471
        mean: 0.368977695704
        min: -1.25635695457
        var: 0.355728954077
    barkbands_spread:
        dmean: 3.9944062233
        dmean2: 6.46964931488
        dvar: 10.5214824677
        dvar2: 28.3649139404
        max: 54.8359527588
        mean: 36.8024215698
        min: 20.9921302795
        var: 34.5958747864
    dissonance:
        dmean: 0.0113206356764
        dmean2: 0.0190929658711
        dvar: 9.4474562502e-05
        dvar2: 0.000251911144005
        max: 0.500000059605
        mean: 0.475309163332
        min: 0.41788482666
        var: 0.000211996142752
    hfc:
        dmean: 2.15748929977
        dmean2: 3.53282666206
        dvar: 11.8379669189
        dvar2: 28.8519554138
        max: 33.5099143982
        mean: 9.41595554352
        min: 2.83460258288e-06
        var: 22.7647018433
    pitch:
        dmean: 1092.60131836
        dmean2: 2149.81591797
        dvar: 2253387.25
        dvar2: 5420492
        max: 4009.09082031
        mean: 1692.68615723
        min: 77.7777786255
        var: 2829038.75
    pitch_instantaneous_confidence:
        dmean: 0.0652218982577
        dmean2: 0.108021043241
        dvar: 0.00266694603488
        dvar2: 0.00721950316802
        max: 0.543718338013
        mean: 0.345087021589
        min: 0.166913807392
        var: 0.00614189170301
    pitch_salience:
        dmean: 0.045493721962
        dmean2: 0.077000901103
        dvar: 0.00148196285591
        dvar2: 0.00407803570852
        max: 0.953653275967
        mean: 0.689874410629
        min: 0.502181887627
        var: 0.00322101614438
    silence_rate_20dB:
        dmean: 0
        dmean2: 0
        dvar: 0
        dvar2: 0
        max: 1
        mean: 1
        min: 1
        var: 0
    silence_rate_30dB:
        dmean: 0
        dmean2: 0
        dvar: 0
        dvar2: 0
        max: 1
        mean: 1
        min: 1
        var: 0
    silence_rate_60dB:
        dmean: 0.00462962966412
        dmean2: 0.00696055684239
        dvar: 0.00460822042078
        dvar2: 0.00691205775365
        max: 1
        mean: 0.00923787523061
        min: 0
        var: 0.00915255211294
    spectral_centroid:
        dmean: 236.610946655
        dmean2: 388.634399414
        dvar: 41121.09375
        dvar2: 117413.984375
        max: 2728.27124023
        mean: 1478.81469727
        min: 690.495544434
        var: 202146.015625
    spectral_complexity:
        dmean: 3.5591647625
        dmean2: 5.75813961029
        dvar: 14.1954507828
        dvar2: 28.6438407898
        max: 45
        mean: 21.6111106873
        min: 0
        var: 48.8812026978
    spectral_crest:
        dmean: 1.73896408081
        dmean2: 2.85745930672
        dvar: 2.51719212532
        dvar2: 6.53394174576
        max: 15.9991903305
        mean: 6.83811759949
        min: 2.57574224472
        var: 7.37374782562
    spectral_decrease:
        dmean: 3.26924737282e-10
        dmean2: 5.39337463579e-10
        dvar: 2.0874833336e-19
        dvar2: 5.28795782692e-19
        max: -5.55792156225e-16
        mean: -1.43306477796e-09
        min: -5.25579091359e-09
        var: 2.68381205435e-19
    spectral_energy:
        dmean: 0.00137189950328
        dmean2: 0.00227129925042
        dvar: 3.89330580219e-06
        dvar2: 9.62741069088e-06
        max: 0.0226292796433
        mean: 0.00626277038828
        min: 2.35481278921e-09
        var: 5.17051103088e-06
    spectral_energyband_high:
        dmean: 0.000151653177454
        dmean2: 0.000247457617661
        dvar: 7.08339484845e-08
        dvar2: 1.7914935313e-07
        max: 0.00283547095023
        mean: 0.000421125936555
        min: 1.47870646283e-10
        var: 1.3541388455e-07
    spectral_energyband_low:
        dmean: 0.000254108337685
        dmean2: 0.000426922808401
        dvar: 2.31448183285e-07
        dvar2: 5.95513142798e-07
        max: 0.00426108390093
        mean: 0.000371727568563
        min: 2.19853135697e-10
        var: 2.24635940071e-07
    spectral_energyband_middle_high:
        dmean: 0.000575712008867
        dmean2: 0.000935945892707
        dvar: 5.14555267728e-07
        dvar2: 1.25296651277e-06
        max: 0.00687712710351
        mean: 0.00237562973052
        min: 7.27468085771e-10
        var: 1.18643424685e-06
    spectral_energyband_middle_low:
        dmean: 0.000969978165813
        dmean2: 0.00159416766837
        dvar: 1.54501981342e-06
        dvar2: 4.17885348725e-06
        max: 0.0145928114653
        mean: 0.00309427967295
        min: 1.22509713485e-09
        var: 2.40819099417e-06
    spectral_flatness_db:
        dmean: 0.0126337716356
        dmean2: 0.0201862826943
        dvar: 0.000144160076161
        dvar2: 0.000320445047691
        max: 0.250678837299
        mean: 0.157135948539
        min: 0.0802544429898
        var: 0.00073172384873
    spectral_flux:
        dmean: 0.00656799087301
        dmean2: 0.00945458374918
        dvar: 6.50379806757e-05
        dvar2: 0.000111478475446
        max: 0.110302351415
        mean: 0.0434103757143
        min: 4.85264135932e-05
        var: 0.000169764578459
    spectral_kurtosis:
        dmean: 1.30367016792
        dmean2: 2.25471115112
        dvar: 1.96125161648
        dvar2: 4.70186424255
        max: 17.8893795013
        mean: 2.75197458267
        min: -0.0304038524628
        var: 2.34615683556
    spectral_rms:
        dmean: 0.000256844738033
        dmean2: 0.000416200142354
        dvar: 9.44020470683e-08
        dvar2: 2.16104467654e-07
        max: 0.00469865370542
        mean: 0.00243784976192
        min: 1.51571055085e-06
        var: 1.66903021181e-07
    spectral_rolloff:
        dmean: 283.029144287
        dmean2: 482.04309082
        dvar: 78966.421875
        dvar2: 206701.5625
        max: 4328.17382812
        mean: 3254.35424805
        min: 1184.32617188
        var: 249555.21875
    spectral_skewness:
        dmean: 0.176545336843
        dmean2: 0.283159255981
        dvar: 0.0344288386405
        dvar2: 0.0698139965534
        max: 3.27341413498
        mean: 1.03283798695
        min: 0.457392394543
        var: 0.0614694058895
    spectral_spread:
        dmean: 313096.4375
        dmean2: 457244.53125
        dvar: 191340609536
        dvar2: 333462077440
        max: 7519988.5
        mean: 3685571
        min: 2555404.5
        var: 669153230848
    spectral_strongpeak:
        dmean: 0.199264928699
        dmean2: 0.352614730597
        dvar: 0.144977837801
        dvar2: 0.417039126158
        max: 3.16891050339
        mean: 0.339235335588
        min: 0
        var: 0.130956724286
    zerocrossingrate:
        dmean: 0.00685066543519
        dmean2: 0.00818495638669
        dvar: 3.45107218891e-05
        dvar2: 5.09061101184e-05
        max: 0.14794921875
        mean: 0.0908090099692
        min: 0.03564453125
        var: 0.000377374555683
    barkbands:
        dmean: [2.55115992331e-07, 0.000107364925498, 0.000173446693225, 0.000255262362771, 0.000609802140389, 0.000371626083506, 0.000141057404107, 8.32935184008e-05, 0.00015800705296, 8.08003387647e-05, 5.36438346899e-05, 4.52492931799e-05, 3.22707564919e-05, 3.75128911401e-05, 3.90611166949e-05, 8.44729438541e-05, 0.000171016668901, 0.000162973170518, 0.00028258090606, 0.000184728865861, 8.50846699905e-05, 2.27612108574e-05, 3.63554931937e-06, 8.84404073531e-07, 7.69438145198e-07, 5.44704690242e-08, 3.2106603487e-10]
        dmean2: [4.07252059631e-07, 0.00018522645405, 0.000303543522023, 0.000453793123597, 0.00104031898081, 0.000570912961848, 0.000226974094403, 0.000129379128339, 0.000253067119047, 0.000136522692628, 8.9019369625e-05, 7.01514945831e-05, 5.20978283021e-05, 6.00095372647e-05, 6.53169845464e-05, 0.000140395990456, 0.000284103676677, 0.00027984083863, 0.00047629736946, 0.000311385607347, 0.000142006247188, 3.83583974326e-05, 5.92564219914e-06, 1.32865079649e-06, 1.18375146485e-06, 9.5239563791e-08, 4.97983376757e-10]
        dvar: [2.81528435547e-13, 8.41574703259e-08, 9.37004287493e-08, 1.24586975403e-07, 1.23499671645e-06, 1.85894492688e-07, 2.81274221692e-08, 8.41144576214e-09, 2.58282533139e-08, 1.3568558721e-08, 3.64405283726e-09, 2.09707606835e-09, 1.50429102508e-09, 1.16192711008e-09, 1.36831879161e-09, 6.78198652793e-09, 2.26371703604e-08, 3.45227313403e-08, 9.07412811557e-08, 7.77762991788e-08, 2.00868566225e-08, 2.53181986487e-09, 8.87603740507e-11, 4.70433631286e-12, 5.56713009026e-12, 5.44143214916e-14, 4.30169363217e-18]
        dvar2: [6.17069600712e-13, 2.21430198621e-07, 2.67398746701e-07, 3.99158750497e-07, 3.36561220138e-06, 3.88069992141e-07, 6.40510933181e-08, 1.81998274229e-08, 6.89757655437e-08, 3.92679488925e-08, 1.00635810796e-08, 5.5719167058e-09, 4.16882217635e-09, 3.1869151762e-09, 3.299596818e-09, 1.75834138361e-08, 6.19872793095e-08, 9.3790838207e-08, 2.3394986215e-07, 2.13954706396e-07, 5.28418198087e-08, 6.42056630085e-09, 2.28721000473e-10, 1.06579580231e-11, 1.40011830255e-11, 1.54864863338e-13, 4.4189038842e-18]
        max: [6.69311657475e-06, 0.00208067474887, 0.00259482767433, 0.00275243306533, 0.0109128020704, 0.00460432190448, 0.00168650026899, 0.00106830883306, 0.00118982116692, 0.00107358151581, 0.000511737947818, 0.00044656911632, 0.000405002443586, 0.000301073712762, 0.000257939944277, 0.000696995994076, 0.00125810981262, 0.00176231004298, 0.00257112202235, 0.0026947890874, 0.00147677119821, 0.000560498039704, 0.000109867592982, 2.34421804635e-05, 2.61518543994e-05, 2.96139705824e-06, 4.30241620109e-08]
        mean: [3.62643504559e-07, 0.000118942800327, 0.000252435565926, 0.000454891065601, 0.00106354290619, 0.00085273955483, 0.000273480662145, 0.000150399646373, 0.000265928945737, 0.000120105003589, 9.38339799177e-05, 8.83624961716e-05, 6.42503800918e-05, 7.79335387051e-05, 8.63954774104e-05, 0.00016983434034, 0.000386833184166, 0.000396902993089, 0.000677025178447, 0.000414527894463, 0.00019487379177, 4.88242221763e-05, 6.98820986145e-06, 2.18623085857e-06, 1.12898908355e-06, 4.72706211951e-08, 3.18043369418e-10]
        min: [6.91406376596e-11, 1.08634184981e-10, 7.6551438799e-11, 7.80954190205e-11, 2.02722949538e-10, 2.04243302826e-10, 1.82615117472e-10, 1.8928116019e-10, 3.2533803429e-10, 2.11110101622e-10, 6.07557823495e-11, 2.65144121936e-11, 8.45469094041e-12, 1.69988606524e-11, 5.8640259315e-11, 2.56815367583e-11, 1.38351288759e-10, 1.05136357953e-10, 9.10543238031e-11, 4.07537510683e-11, 1.07107871183e-10, 2.09182046684e-11, 5.29628901499e-12, 8.80515875056e-13, 2.97354100978e-13, 1.04972359472e-13, 9.15621202989e-14]
        var: [3.18651246882e-13, 7.06484541979e-08, 8.61528306473e-08, 1.28105355657e-07, 1.26172540149e-06, 7.48739466871e-07, 6.70813022907e-08, 1.94008862309e-08, 4.14573619878e-08, 1.7829313137e-08, 4.979990198e-09, 4.59694726729e-09, 2.5744080201e-09, 2.11477657608e-09, 2.14155115863e-09, 1.11268798619e-08, 4.37395328845e-08, 5.12788780327e-08, 1.71698445683e-07, 1.23410117681e-07, 3.34979013417e-08, 3.6444935958e-09, 1.34567537668e-10, 1.27131959474e-11, 6.0536059672e-12, 3.45578871509e-14, 4.29848830729e-18]
    mfcc:
        mean: [-688.692138672, 129.449584961, -58.117061615, 74.1119766235, -22.2643451691, -9.62974643707, -4.98887205124, -7.70480871201, -5.02340459824, -12.2896509171, -5.22081422806, -8.19389820099, -6.27903223038]
        cov: [[2409.27905273, -761.955505371, 321.51083374, -192.414505005, 93.8651199341, 12.9119634628, 107.869255066, 56.675743103, -0.000736316258553, 65.3654403687, -0.784830987453, 23.087978363, -2.76587319374], [-761.955505371, 742.299682617, -344.474853516, 223.753845215, -66.0129165649, -9.26791095734, -55.4412918091, -77.1327209473, -10.1042575836, -91.540473938, -0.0432455688715, -33.5301322937, -3.5279135704], [321.51083374, -344.474853516, 285.30960083, -110.189315796, 59.092124939, -9.79646587372, -8.00824928284, 36.6991157532, -18.2052974701, 60.4392051697, -9.06029415131, 26.7831306458, -2.01608157158], [-192.414505005, 223.753845215, -110.189315796, 112.982437134, -16.2898864746, 10.711722374, -19.094707489, -26.6156539917, -1.40712165833, -30.0626411438, 0.566973686218, -11.1311302185, 4.43471622467], [93.8651199341, -66.0129165649, 59.092124939, -16.2898864746, 68.1201248169, 12.8194675446, 20.9502277374, 11.5032186508, 4.1659784317, 18.9910583496, 6.21401166916, 10.5224914551, -1.55062294006], [12.9119634628, -9.26791095734, -9.79646587372, 10.711722374, 12.8194675446, 48.9334449768, 24.5224323273, 15.6662969589, 3.50716471672, 5.51606321335, 3.2656917572, 8.45443439484, 0.302643805742], [107.869255066, -55.4412918091, -8.00824928284, -19.094707489, 20.9502277374, 24.5224323273, 81.7219009399, 30.2307872772, 36.5127868652, 9.26902675629, 17.6984920502, -0.105191141367, 0.948778808117], [56.675743103, -77.1327209473, 36.6991157532, -26.6156539917, 11.5032186508, 15.6662969589, 30.2307872772, 68.1282653809, 25.1983852386, 34.3320236206, -1.57194399834, 9.80516910553, -5.51127052307], [-0.000736316258553, -10.1042575836, -18.2052974701, -1.40712165833, 4.1659784317, 3.50716471672, 36.5127868652, 25.1983852386, 67.4675064087, 12.5530920029, 15.3030252457, -10.5855770111, -2.73986268044], [65.3654403687, -91.540473938, 60.4392051697, -30.0626411438, 18.9910583496, 5.51606321335, 9.26902675629, 34.3320236206, 12.5530920029, 62.9196624756, 11.3819389343, 16.4036693573, -4.38928556442], [-0.784830987453, -0.0432455688715, -9.06029415131, 0.566973686218, 6.21401166916, 3.2656917572, 17.6984920502, -1.57194399834, 15.3030252457, 11.3819389343, 39.5450515747, 13.4325695038, 8.39107322693], [23.087978363, -33.5301322937, 26.7831306458, -11.1311302185, 10.5224914551, 8.45443439484, -0.105191141367, 9.80516910553, -10.5855770111, 16.4036693573, 13.4325695038, 42.5599212646, 16.9225845337], [-2.76587319374, -3.5279135704, -2.01608157158, 4.43471622467, -1.55062294006, 0.302643805742, 0.948778808117, -5.51127052307, -2.73986268044, -4.38928556442, 8.39107322693, 16.9225845337, 38.8780136108]]
        icov: [[0.000674474227708, 0.000940053083468, 0.000105456885649, -0.000776043976657, -0.000222365837544, 0.000581199652515, -0.000908857677132, 0.000284663081402, 0.000429271458415, 0.0001325031335, 0.000237914486206, -0.000181127004907, 0.000349119101884], [0.000940053083468, 0.00703782774508, 0.0048171505332, -0.00813651364297, -0.00161346618552, 0.00407535256818, 0.000542626541574, -0.000207884775591, 0.00147821672726, 0.00124753569253, -2.80824642687e-05, -0.00167372927535, 0.00272424891591], [0.000105456885649, 0.0048171505332, 0.012551127933, 0.00101698888466, -0.00729442201555, 0.00343827856705, 0.00508182775229, -0.0020199699793, 0.00238260207698, -0.00284707546234, 0.00163261895068, -0.00123390613589, 0.000282613182208], [-0.000776043976657, -0.00813651364297, 0.00101698888466, 0.0277001168579, -0.00207963259891, -0.0112546328455, 0.00735022965819, 0.00121736037545, -0.00327372108586, 0.000283114466583, -0.00142007798422, 0.00500260852277, -0.00597237981856], [-0.000222365837544, -0.00161346618552, -0.00729442201555, -0.00207963259891, 0.0229924600571, -0.00388184632175, -0.00775479385629, 0.00435815285891, -0.000900635612197, -0.00282221124507, 0.000469936261652, -0.00327722728252, 0.0023940007668], [0.000581199652515, 0.00407535256818, 0.00343827856705, -0.0112546328455, -0.00388184632175, 0.0327977724373, -0.010620332323, -0.00468918401748, 0.00562000274658, -0.000285448011709, 0.00312257441692, -0.00784607790411, 0.0041626333259], [-0.000908857677132, 0.000542626541574, 0.00508182775229, 0.00735022965819, -0.00775479385629, -0.010620332323, 0.0299583151937, -0.00970510672778, -0.00774011434987, 0.0061428938061, -0.0109271248803, 0.00641387794167, -0.00320914387703], [0.000284663081402, -0.000207884775591, -0.0020199699793, 0.00121736037545, 0.00435815285891, -0.00468918401748, -0.00970510672778, 0.0330297350883, -0.0100783724338, -0.0134107330814, 0.0152979930863, -0.0101826461032, 0.0037933238782], [0.000429271458415, 0.00147821672726, 0.00238260207698, -0.00327372108586, -0.000900635612197, 0.00562000274658, -0.00774011434987, -0.0100783724338, 0.0280126668513, -0.00272900122218, -0.0103886667639, 0.0120817814022, -0.00200845953077], [0.0001325031335, 0.00124753569253, -0.00284707546234, 0.000283114466583, -0.00282221124507, -0.000285448011709, 0.0061428938061, -0.0134107330814, -0.00272900122218, 0.0320589542389, -0.0111101455986, -0.00523207662627, 0.00588376540691], [0.000237914486206, -2.80824642687e-05, 0.00163261895068, -0.00142007798422, 0.000469936261652, 0.00312257441692, -0.0109271248803, 0.0152979930863, -0.0103886667639, -0.0111101455986, 0.0443195924163, -0.0176608525217, -0.00117393385153], [-0.000181127004907, -0.00167372927535, -0.00123390613589, 0.00500260852277, -0.00327722728252, -0.00784607790411, 0.00641387794167, -0.0101826461032, 0.0120817814022, -0.00523207662627, -0.0176608525217, 0.0472224019468, -0.0189511906356], [0.000349119101884, 0.00272424891591, 0.000282613182208, -0.00597237981856, 0.0023940007668, 0.0041626333259, -0.00320914387703, 0.0037933238782, -0.00200845953077, 0.00588376540691, -0.00117393385153, -0.0189511906356, 0.0363936200738]]
    spectral_contrast:
        mean: [2.15911612145e-07, -4.16309802631e-07, -2.90139325898e-07, 1.26720234306e-08, 3.22349706039e-07, -5.16314912602e-07, -2.23213874051e-06, 6.9159327154e-08, -1.05191156763e-06, -8.96139269457e-08, -3.27966972691e-06, 5.20464436704e-06]
        var: [0.000209821329918, 0.000362632592442, 0.000596466939896, 0.00151846720837, 0.00281220208853, 0.00407483382151, 0.0309314206243, 0.0467699691653, 0.109390310943, 0.181947171688, 0.479296714067, 1.89493250847]

rhythm:
    beats_loudness:
        dmean: 0.00271393917501
        dmean2: 0.00457271188498
        dvar: 7.99412646302e-06
        dvar2: 2.0129387849e-05
        max: 0.0141835110262
        mean: 0.0069744004868
        min: 0.00340508320369
        var: 7.43078771848e-06
    beats_loudness_bass:
        dmean: 0.0944840833545
        dmean2: 0.173719659448
        dvar: 0.0124951526523
        dvar2: 0.0448823422194
        max: 0.381798088551
        mean: 0.126850858331
        min: 0.036987490952
        var: 0.0101737976074
    bpm: 146.009963989
    bpm_confidence: 0
    first_peak_bpm: 146
    first_peak_spread: 0
    first_peak_weight: 0.956521749496
    onset_rate: 2.392578125
    second_peak_bpm: 84
    second_peak_spread: 0
    second_peak_weight: 0.0434782616794
    beats_position: [0.172418341041, 0.583472073078, 0.994525849819, 1.40557956696, 1.8166333437, 2.22768712044, 2.63874077797, 3.0497944355, 3.46084809303, 3.87190175056, 4.28295564651, 4.69400930405, 5.10506296158, 5.51611661911, 6.231965065, 6.64280223846, 7.05363941193, 7.46447706223, 7.87531471252, 8.28615093231, 8.69698810577, 9.10782623291, 9.51866340637, 9.92950057983]
    bpm_estimates: [146.05229187, 144.936553955, 146.785766602, 145.853622437, 146.254684448, 145.92755127, 145.680389404, 145.787063599, 145.88130188, 146.19303894, 147.419647217, 145.614028931, 145.743545532]
    bpm_intervals: [0.411053717136, 0.411053776741, 0.411053717136, 0.411053776741, 0.411053776741, 0.411053657532, 0.411053657532, 0.411053657532, 0.411053657532, 0.41105389595, 0.411053657532, 0.411053657532, 0.411053657532, 0.715848445892, 0.410837173462, 0.410837173462, 0.410837650299, 0.410837650299, 0.410836219788, 0.410837173462, 0.410838127136, 0.410837173462, 0.410837173462]
    onset_times: [0.0580498874187, 0.27863946557, 0.476009070873, 1.25387752056, 1.67183673382, 2.31038546562, 2.50775504112, 2.91410422325, 3.1811337471, 3.73841261864, 4.15637207031, 4.56272125244, 4.96907043457, 5.75854873657, 6.15328788757, 6.19972801208, 6.64090681076, 7.05886602402, 7.46521520615, 7.79029464722, 7.85995483398, 8.27791404724, 9.11383247375, 9.52018165588]
    rubato_start: []
    rubato_stop: []
    perceptual_tempo: "unknown"

sfx:
    inharmonicity:
        dmean: 0.0543974973261
        dmean2: 0.0953084155917
        dvar: 0.0032519986853
        dvar2: 0.00920042209327
        max: 0.43962097168
        mean: 0.0645616650581
        min: 0
        var: 0.00357268424705
    oddtoevenharmonicenergyratio:
        dmean: 1.98200273514
        dmean2: 3.65167999268
        dvar: 19.1534328461
        dvar2: 54.0752906799
        max: 38.4220848083
        mean: 1.5001860857
        min: 0
        var: 12.4280309677
    pitch_after_max_to_before_max_energy_ratio: 1.94219386578
    pitch_centroid: 207.755233765
    pitch_max_to_total: 0.289351850748
    pitch_min_to_total: 0.0347222238779
    tristimulus:
        dmean: [0.189548358321, 0.263855993748, 0.159600928426]
        dmean2: [0.333426088095, 0.462052822113, 0.286291211843]
        dvar: [0.0257230084389, 0.044110044837, 0.0183043982834]
        dvar2: [0.0681068971753, 0.118824787438, 0.0466148406267]
        max: [1, 0.957283437252, 0.647319674492]
        mean: [0.336112588644, 0.431264162064, 0.147171765566]
        min: [0.00206800107844, 0, 0]
        var: [0.0383357852697, 0.0646706670523, 0.022921808064]

tonal:
    chords_changes_rate: 0.0648148134351
    chords_number_rate: 0.0277777779847
    chords_strength:
        dmean: 0.00932668615133
        dmean2: 0.00816459674388
        dvar: 5.45559450984e-05
        dvar2: 4.59863149445e-05
        max: 0.722275614738
        mean: 0.470741003752
        min: 0.263360917568
        var: 0.0092762792483
    key_strength: 0.600950777531
    tuning_diatonic_strength: 0.543024420738
    tuning_equal_tempered_deviation: 0.104283876717
    tuning_frequency: 439.745910645
    tuning_nontempered_energy_ratio: 0.719739675522
    hpcp:
        dmean: [0.111979536712, 0.107971221209, 0.122897818685, 0.159494102001, 0.133404076099, 0.116478450596, 0.107920214534, 0.107512064278, 0.149839997292, 0.164851203561, 0.160615041852, 0.103976279497, 0.084531314671, 0.0637834444642, 0.0658137723804, 0.0826399847865, 0.0715642273426, 0.105554655194, 0.135037779808, 0.138782158494, 0.149619713426, 0.127311706543, 0.112896181643, 0.145967036486, 0.167145267129, 0.156004548073, 0.104585275054, 0.0765211209655, 0.0704405978322, 0.102423287928, 0.140312418342, 0.140508696437, 0.149480804801, 0.148930445313, 0.133966341615, 0.131083354354]
        dmean2: [0.181990653276, 0.185354441404, 0.205206409097, 0.259148389101, 0.200782284141, 0.194169536233, 0.178609058261, 0.182167768478, 0.252751380205, 0.256121873856, 0.254856646061, 0.169405952096, 0.141025483608, 0.102721437812, 0.107163190842, 0.133510768414, 0.114340856671, 0.170574069023, 0.206110477448, 0.238839372993, 0.246974289417, 0.207932010293, 0.193589970469, 0.25763297081, 0.271675497293, 0.262319624424, 0.183170974255, 0.131263747811, 0.118988364935, 0.172024026513, 0.223382383585, 0.234665185213, 0.23797160387, 0.238478645682, 0.232785359025, 0.223722830415]
        dvar: [0.0200049076229, 0.0215471535921, 0.0222508870065, 0.0282515585423, 0.0177875719965, 0.0279603693634, 0.0257002413273, 0.021576648578, 0.026378761977, 0.0257790852338, 0.0213676672429, 0.0115206744522, 0.012007612735, 0.0050569283776, 0.00555763486773, 0.0101788463071, 0.00961547158659, 0.0145936142653, 0.027530554682, 0.0261845719069, 0.0409837439656, 0.0313971452415, 0.0267271623015, 0.0198977235705, 0.0377180576324, 0.0280742887408, 0.0180416349322, 0.0134949693456, 0.00750745460391, 0.0168816298246, 0.024763289839, 0.0291712023318, 0.0309102982283, 0.0360790267587, 0.0247908178717, 0.0251218508929]
        dvar2: [0.0492867715657, 0.0572930797935, 0.0662562251091, 0.069788493216, 0.0431965701282, 0.080087788403, 0.0682412907481, 0.0658423453569, 0.0723377540708, 0.0554019622505, 0.0538606159389, 0.0313768051565, 0.033166911453, 0.0127810565755, 0.0161508303136, 0.0295961219817, 0.0283328350633, 0.0376504436135, 0.0581957213581, 0.0679835900664, 0.103715084493, 0.0790250748396, 0.0780043974519, 0.0511810667813, 0.0848215222359, 0.06360848248, 0.0433080345392, 0.0374348722398, 0.0206234417856, 0.0542099140584, 0.0652089864016, 0.0799082443118, 0.0784141942859, 0.092531748116, 0.0641381293535, 0.0728219971061]
        max: [1, 1, 1, 1, 1, 1, 1, 1, 1, 1, 1, 0.76644808054, 0.83152115345, 0.487899631262, 0.533545792103, 0.926697909832, 0.909235537052, 0.972473442554, 1, 1, 1, 1, 1, 1, 1, 1, 1, 0.960245370865, 0.806272864342, 0.885180950165, 1, 1, 1, 1, 1, 1]
        mean: [0.217722430825, 0.185423776507, 0.196297720075, 0.291635006666, 0.260312497616, 0.16822566092, 0.160332620144, 0.15674187243, 0.27461078763, 0.451588571072, 0.352731913328, 0.171639367938, 0.137321978807, 0.110569961369, 0.123307660222, 0.147431999445, 0.125976771116, 0.250348687172, 0.480734229088, 0.400403738022, 0.215773865581, 0.186607182026, 0.164948657155, 0.294607937336, 0.500883877277, 0.383951574564, 0.149196639657, 0.104671731591, 0.111577101052, 0.180030748248, 0.25828897953, 0.231787860394, 0.232081055641, 0.271021157503, 0.251058250666, 0.226470217109]
        min: [0.0182367172092, 0.0103878015652, 0.0267748925835, 0.0288020949811, 0.0220869909972, 0.00761405471712, 0.0097798621282, 0.00994150433689, 0.0129721825942, 0.0176383703947, 0.0199416913092, 0.0128687396646, 0.00832413882017, 0.00809371005744, 0.0113119687885, 0.0162717327476, 0.0107654975727, 0.0127415638417, 0.0119752697647, 0.0117093669251, 0.0121143460274, 0.010250098072, 0.00823053903878, 0.021623428911, 0.025125388056, 0.0227015279233, 0.00788833200932, 0.00541444541886, 0.00944536458701, 0.011218668893, 0.0143265789375, 0.0171225015074, 0.0162516571581, 0.0141550060362, 0.0159581564367, 0.0223888549954]
        var: [0.0425749011338, 0.0343159176409, 0.0239593293518, 0.0525694675744, 0.0447424836457, 0.032035369426, 0.0342853628099, 0.0259090941399, 0.0429455190897, 0.102945551276, 0.0655399262905, 0.0218991898, 0.0153467739001, 0.00793534424156, 0.00833467300981, 0.0129750538617, 0.0116617791355, 0.0356480814517, 0.142960861325, 0.0973790064454, 0.0508388616145, 0.0363405607641, 0.0278414450586, 0.0464374385774, 0.134453684092, 0.0889481380582, 0.0249146092683, 0.0156207093969, 0.0130514912307, 0.0224521420896, 0.0484788827598, 0.0366356112063, 0.0504575259984, 0.0780085623264, 0.0546650029719, 0.0310763753951]
    chords_histogram: [25.9259262085, 2.31481480598, 18.5185184479, 0, 6.01851844788, 0, 12.9629631042, 0, 0, 0, 0, 0, 0, 0, 0, 0, 0, 0, 0, 0, 0, 0.925925910473, 0, 33.3333320618]
    thpcp: [1, 0.766548097134, 0.297866731882, 0.208974048495, 0.222760409117, 0.359426110983, 0.515666365623, 0.46275767684, 0.463343024254, 0.541085779667, 0.501230478287, 0.452141165733, 0.434676468372, 0.37019315362, 0.391902655363, 0.582240760326, 0.519706308842, 0.335857599974, 0.320099383593, 0.312930554152, 0.548252403736, 0.901583373547, 0.704218924046, 0.342672973871, 0.274159312248, 0.220749691129, 0.246180132031, 0.294343680143, 0.251508921385, 0.499813824892, 0.959771811962, 0.799394369125, 0.430786192417, 0.372555762529, 0.329315155745, 0.588176131248]
    chords_key: "F"
    chords_scale: "minor"
    key_key: "G#"
    key_scale: "major"
    chords_progression: ["D#", "D#", "D#", "D#", "G#", "G#", "G#", "G#", "G#", "G#", "Fm", "A#m", "A#m", "A#", "A#", "A#", "A#", "A#", "A#", "A#", "A#", "A#", "A#", "A#", "A#", "A#", "Fm", "F", "F", "F", "F", "F", "F", "F", "F", "F", "F", "F", "F", "F", "F", "F", "F", "F", "F", "F", "F", "F", "Fm", "F", "F", "F", "F", "F", "F", "F", "Fm", "Fm", "Fm", "Fm", "Fm", "Fm", "Fm", "Fm", "Fm", "Fm", "Fm", "Fm", "Cm", "Cm", "Cm", "Cm", "Cm", "G#", "G#", "G#", "G#", "G#", "G#", "G#", "G#", "G#", "G#", "G#", "G#", "G#", "G#", "G#", "G#", "G#", "G#", "G#", "G#", "G#", "G#", "G#", "G#", "G#", "G#", "G#", "G#", "G#", "G#", "G#", "G#", "G#", "G#", "G#", "Fm", "Fm", "Fm", "Fm", "Fm", "Fm", "Fm", "Fm", "Fm", "Fm", "Fm", "Fm", "Fm", "Fm", "Fm", "Fm", "Fm", "Fm", "Fm", "Fm", "Fm", "Fm", "Fm", "Fm", "Fm", "Fm", "Fm", "Fm", "Fm", "Fm", "Fm", "Fm", "Fm", "Fm", "Fm", "Fm", "Fm", "Fm", "Fm", "Fm", "Fm", "Fm", "Fm", "Fm", "Fm", "Fm", "Fm", "Fm", "Fm", "Fm", "Fm", "Fm", "Fm", "Fm", "Fm", "Fm", "Fm", "G#", "G#", "G#", "G#", "G#", "G#", "G#", "G#", "G#", "G#", "G#", "G#", "G#", "G#", "G#", "D#", "D#", "D#", "D#", "D#", "D#", "D#", "D#", "D#", "D#", "D#", "D#", "D#", "D#", "D#", "D#", "D#", "D#", "D#", "D#", "D#", "D#", "D#", "D#", "D#", "D#", "D#", "D#", "D#", "D#", "D#", "D#", "D#", "D#", "D#", "D#"]
