
metadata:
    version:
        essentia: "1.2.2"
    audio_properties:
        analysis_sample_rate: 44100
        bitrate: 128
        channels: 2
        equal_loudness: 1
        length: 10.0310201645
        replay_gain: -9.26677513123
        downmix: "mix"
    tags:
        track: 12
        year: 0
        album: "Splitted by Mp3Splt v. 2.1"
        artist: "From 001.50 To 002.00"
        comment: "http://mp3splt.sf.net"
        genre: ""
        title: "01 We Are the Beautiful [US Ed"

highlevel:
    ballroom:
        all:
            ChaChaCha: 0.0375280566514
            Jive: 0.77846044302
            Quickstep: 0.0390945933759
            Rumba-American: 0.00100488052703
            Rumba-International: 0.00948733929545
            Rumba-Misc: 0.0047822506167
            Samba: 0.0618541501462
            Tango: 0.00283610913903
            VienneseWaltz: 0.0590775460005
            Waltz: 0.00587466033176
        probability: 0.77846044302
        value: "Jive"
    culture:
        all:
            non_western: 0.0306730903685
            western: 0.969326913357
        probability: 0.969326913357
        value: "western"
    gender:
        all:
            female: 0.227024227381
            male: 0.772975802422
        probability: 0.772975802422
        value: "male"
    genre_dortmund:
        all:
            alternative: 0.107951648533
            blues: 0.01139413286
            electronic: 0.0191506166011
            folkcountry: 0.0231581218541
            funksoulrnb: 0.0155073394999
            jazz: 0.0109081771225
            pop: 0.0421349592507
            raphiphop: 0.00199014809914
            rock: 0.767804861069
        probability: 0.767804861069
        value: "rock"
    genre_electronica:
        all:
            ambient: 0.0879159495234
            dnb: 0.761735975742
            house: 0.0026438664645
            techno: 0.00798661634326
            trance: 0.139717578888
        probability: 0.761735975742
        value: "dnb"
    genre_rosamerica:
        all:
            cla: 0.00353696662933
            dan: 0.00340850302018
            hip: 0.00110010977369
            jaz: 0.00078731769463
            pop: 0.00363619369455
            rhy: 0.000492590887006
            roc: 0.986598849297
            spe: 0.00043946725782
        probability: 0.986598849297
        value: "roc"
    genre_tzanetakis:
        all:
            blu: 0.00397637300193
            cla: 0.00623384816572
            cou: 0.0307194180787
            dis: 0.0351528711617
            hip: 0.0089175067842
            jaz: 0.0186834074557
            met: 0.503995001316
            pop: 0.0826585665345
            reg: 0.00448081782088
            roc: 0.305182188749
        probability: 0.503995001316
        value: "met"
    live_studio:
        all:
            live: 0.351866394281
            studio: 0.648133635521
        probability: 0.648133635521
        value: "studio"
    mood:
        all:
            Cluster1: 0.433590769768
            Cluster2: 0.0521769747138
            Cluster3: 0.0533710904419
            Cluster4: 0.044310297817
            Cluster5: 0.41655087471
        probability: 0.433590769768
        value: "Cluster1"
    mood_acoustic:
        all:
            acoustic: 0.00291520426981
            not_acoustic: 0.997084796429
        probability: 0.997084796429
        value: "not_acoustic"
    mood_aggressive:
        all:
            aggressive: 0.990330159664
            not_aggressive: 0.00966983474791
        probability: 0.990330159664
        value: "aggressive"
    mood_electronic:
        all:
            electronic: 0.156767085195
            not_electronic: 0.843232929707
        probability: 0.843232929707
        value: "not_electronic"
    mood_happy:
        all:
            happy: 0.446737855673
            not_happy: 0.553262114525
        probability: 0.553262114525
        value: "not_happy"
    mood_party:
        all:
            not_party: 0.445112735033
            party: 0.554887294769
        probability: 0.554887294769
        value: "party"
    mood_relaxed:
        all:
            not_relaxed: 0.721421897411
            relaxed: 0.278578072786
        probability: 0.721421897411
        value: "not_relaxed"
    mood_sad:
        all:
            not_sad: 0.919507682323
            sad: 0.080492310226
        probability: 0.919507682323
        value: "not_sad"
    rhythm:
        all:
            fast: 0.60026293993
            medium: 0.289047002792
            slow: 0.110690079629
        probability: 0.60026293993
        value: "fast"
    speech_music:
        all:
            music: 0.998564302921
            speech: 0.00143572187517
        probability: 0.998564302921
        value: "music"
    timbre:
        all:
            bright: 0.249834910035
            dark: 0.750165104866
        probability: 0.750165104866
        value: "dark"
    voice_instrumental:
        all:
            instrumental: 0.199002742767
            voice: 0.800997257233
        probability: 0.800997257233
        value: "voice"

lowlevel:
    average_loudness: 0.982437193394
    barkbands_kurtosis:
        dmean: 0.511131465435
        dmean2: 0.882949888706
        dvar: 1.47650396824
        dvar2: 4.11880493164
        max: 14.2653522491
        mean: -0.874961495399
        min: -1.76669061184
        var: 2.67910218239
    barkbands_skewness:
        dmean: 0.382581621408
        dmean2: 0.620804429054
        dvar: 0.106423705816
        dvar2: 0.279784977436
        max: 3.42870163918
        mean: 0.317791521549
        min: -1.56217396259
        var: 0.499855190516
    barkbands_spread:
        dmean: 4.00421285629
        dmean2: 6.69876098633
        dvar: 11.6247520447
        dvar2: 29.5094661713
        max: 49.4196968079
        mean: 35.0599708557
        min: 6.96867656708
        var: 50.2813301086
    dissonance:
        dmean: 0.0138408029452
        dmean2: 0.0229812674224
        dvar: 0.000160316863912
        dvar2: 0.000452477077488
        max: 0.499435126781
        mean: 0.474796295166
        min: 0.351451158524
        var: 0.000276196136838
    hfc:
        dmean: 1.54137432575
        dmean2: 2.31144762039
        dvar: 3.23482394218
        dvar2: 6.76079463959
        max: 25.2594985962
        mean: 7.80105638504
        min: 2.82348628389e-06
        var: 14.5701789856
    pitch:
        dmean: 865.225585938
        dmean2: 1672.51281738
        dvar: 1500451.5
        dvar2: 3730493.25
        max: 4009.09082031
        mean: 1035.77819824
        min: 65.820892334
        var: 1616575.75
    pitch_instantaneous_confidence:
        dmean: 0.0689051225781
        dmean2: 0.115605279803
        dvar: 0.00299460976385
        dvar2: 0.00824281852692
        max: 0.575559616089
        mean: 0.307031601667
        min: 0.0396677851677
        var: 0.00661006988958
    pitch_salience:
        dmean: 0.0533871985972
        dmean2: 0.0889299586415
        dvar: 0.0020245439373
        dvar2: 0.00575378164649
        max: 0.956716775894
        mean: 0.660356462002
        min: 0.459280192852
        var: 0.00349410716444
    silence_rate_20dB:
        dmean: 0
        dmean2: 0
        dvar: 0
        dvar2: 0
        max: 1
        mean: 1
        min: 1
        var: 0
    silence_rate_30dB:
        dmean: 0
        dmean2: 0
        dvar: 0
        dvar2: 0
        max: 1
        mean: 1
        min: 1
        var: 0
    silence_rate_60dB:
        dmean: 0.076388888061
        dmean2: 0.153132244945
        dvar: 0.0705532506108
        dvar2: 0.162165224552
        max: 1
        mean: 0.117782913148
        min: 0
        var: 0.103910170496
    spectral_centroid:
        dmean: 245.712646484
        dmean2: 401.206756592
        dvar: 38950.8945312
        dvar2: 100298.054688
        max: 2939.16552734
        mean: 1459.49755859
        min: 340.292633057
        var: 167468.703125
    spectral_complexity:
        dmean: 3.46867752075
        dmean2: 5.45813941956
        dvar: 10.3603973389
        dvar2: 24.2296237946
        max: 45
        mean: 17.789352417
        min: 0
        var: 46.5875473022
    spectral_crest:
        dmean: 1.83734679222
        dmean2: 3.01409626007
        dvar: 2.51422357559
        dvar2: 6.13822507858
        max: 15.5523900986
        mean: 6.28111791611
        min: 2.6652328968
        var: 5.47899246216
    spectral_decrease:
        dmean: 3.15162007603e-10
        dmean2: 5.01243768714e-10
        dvar: 1.4644260808e-19
        dvar2: 3.64904032235e-19
        max: -9.42155700143e-16
        mean: -1.21464416303e-09
        min: -4.75861305915e-09
        var: 2.60123694025e-19
    spectral_energy:
        dmean: 0.00128834310453
        dmean2: 0.00203119870275
        dvar: 2.46999070441e-06
        dvar2: 6.06643834544e-06
        max: 0.0199350677431
        mean: 0.00529192574322
        min: 3.81201115118e-09
        var: 4.8574520406e-06
    spectral_energyband_high:
        dmean: 0.000108066036773
        dmean2: 0.000165480843862
        dvar: 1.62230779921e-08
        dvar2: 3.49560629331e-08
        max: 0.00130825547967
        mean: 0.000326355919242
        min: 1.07476257061e-10
        var: 4.84887152652e-08
    spectral_energyband_low:
        dmean: 0.000246782961767
        dmean2: 0.000408645020798
        dvar: 9.10386361852e-08
        dvar2: 2.61654122369e-07
        max: 0.00285555887967
        mean: 0.000345498265233
        min: 4.70453287438e-10
        var: 9.46202263208e-08
    spectral_energyband_middle_high:
        dmean: 0.000498930166941
        dmean2: 0.000784709060099
        dvar: 2.29033972232e-07
        dvar2: 5.11189170993e-07
        max: 0.00766683276743
        mean: 0.00225470797159
        min: 5.79878312035e-10
        var: 1.20514891933e-06
    spectral_energyband_middle_low:
        dmean: 0.001010704902
        dmean2: 0.00166816369165
        dvar: 1.49832544594e-06
        dvar2: 3.90868854083e-06
        max: 0.0137301953509
        mean: 0.00236532394774
        min: 2.59544741255e-09
        var: 1.94918629859e-06
    spectral_flatness_db:
        dmean: 0.012516617775
        dmean2: 0.0197103582323
        dvar: 0.000133361289045
        dvar2: 0.000294062629109
        max: 0.23085565865
        mean: 0.134575843811
        min: 0.0749817043543
        var: 0.000365952058928
    spectral_flux:
        dmean: 0.00654113152996
        dmean2: 0.00993149634451
        dvar: 4.65417324449e-05
        dvar2: 9.25217027543e-05
        max: 0.107723727822
        mean: 0.0433574579656
        min: 6.17414843873e-05
        var: 0.00012965327187
    spectral_kurtosis:
        dmean: 0.771569490433
        dmean2: 1.29887366295
        dvar: 0.620198309422
        dvar2: 1.57606565952
        max: 10.5958719254
        mean: 3.65466618538
        min: 0.602124929428
        var: 1.37645792961
    spectral_rms:
        dmean: 0.00026818169863
        dmean2: 0.000413721252698
        dvar: 7.28497653313e-08
        dvar2: 1.68064332229e-07
        max: 0.004410084337
        mean: 0.00222731241956
        min: 1.92848006009e-06
        var: 2.01933445965e-07
    spectral_rolloff:
        dmean: 322.09854126
        dmean2: 526.711975098
        dvar: 136256.109375
        dvar2: 327569.8125
        max: 4392.7734375
        mean: 2908.02856445
        min: 344.53125
        var: 539819.3125
    spectral_skewness:
        dmean: 0.129999861121
        dmean2: 0.213067993522
        dvar: 0.0183009319007
        dvar2: 0.0398295819759
        max: 2.79095768929
        mean: 1.44059038162
        min: 0.927964091301
        var: 0.0398497059941
    spectral_spread:
        dmean: 494140.65625
        dmean2: 635493.3125
        dvar: 757216641024
        dvar2: 886988144640
        max: 21011322
        mean: 4872502
        min: 3067393.5
        var: 1.58989274317e+12
    spectral_strongpeak:
        dmean: 0.296284973621
        dmean2: 0.542673647404
        dvar: 0.314066618681
        dvar2: 0.89451700449
        max: 3.88425469398
        mean: 0.340446740389
        min: 0
        var: 0.223952800035
    zerocrossingrate:
        dmean: 0.0068302731961
        dmean2: 0.00868913531303
        dvar: 3.68464352505e-05
        dvar2: 5.52255260118e-05
        max: 0.1533203125
        mean: 0.0899658203125
        min: 0.0302734375
        var: 0.000321200059261
    barkbands:
        dmean: [1.47624405145e-07, 2.82006385532e-05, 0.000234290622757, 0.000346134504071, 0.000609016977251, 0.00028025751817, 0.00011667705985, 0.000119507021736, 7.94962979853e-05, 0.000113345624413, 5.75759549974e-05, 7.60372640798e-05, 3.69407316612e-05, 4.48836835858e-05, 6.00997918809e-05, 0.000137674709549, 0.000228284901823, 0.000170325816725, 0.000122721205116, 0.000100951219792, 6.41038859612e-05, 1.82972453331e-05, 4.04096454076e-06, 2.22272910833e-06, 1.06450079329e-06, 9.27553571728e-08, 1.41287292976e-09]
        dmean2: [1.84867900543e-07, 4.86861608806e-05, 0.000391553214286, 0.000628840178251, 0.00101895467378, 0.000451925356174, 0.000180395814823, 0.000190467762877, 0.000125397826196, 0.000186332283192, 9.38185694395e-05, 0.000122644676594, 6.24812382739e-05, 7.53381245886e-05, 9.36721844482e-05, 0.000234293329413, 0.000373899558326, 0.000274658435956, 0.000204458119697, 0.00016583132674, 0.000102435660665, 2.92520253424e-05, 5.49961123397e-06, 3.26818462781e-06, 1.46831314396e-06, 1.33379629119e-07, 1.72662628639e-09]
        dvar: [3.22760655008e-12, 1.21472143455e-09, 8.18248437895e-08, 2.03123619258e-07, 8.35546529743e-07, 1.13603803698e-07, 3.38534285049e-08, 3.73396353837e-08, 8.32019164676e-09, 1.39119435971e-08, 4.94801843942e-09, 1.14258691397e-08, 1.98259630935e-09, 3.48039019826e-09, 6.36142960531e-09, 2.67406559118e-08, 5.56687531628e-08, 4.00387634159e-08, 1.28745130112e-08, 1.7099788252e-08, 5.86820192439e-09, 6.85498879882e-10, 6.48279832594e-11, 3.16851996029e-11, 3.2518404202e-12, 2.33627780479e-14, 3.76767931175e-16]
        dvar2: [3.24036695913e-12, 3.05080694041e-09, 2.3689973716e-07, 6.56964573409e-07, 2.128199867e-06, 2.81700096139e-07, 7.92586334342e-08, 1.01397567676e-07, 1.95090734678e-08, 3.71298369828e-08, 1.4381475566e-08, 2.69310458378e-08, 5.10489561734e-09, 9.6068868416e-09, 1.5685868604e-08, 7.49611288597e-08, 1.46520136468e-07, 1.00428749761e-07, 3.12579224726e-08, 4.81943693842e-08, 1.39271767452e-08, 1.5781327356e-09, 9.63047488978e-11, 6.93736318391e-11, 6.42661878575e-12, 5.13438304459e-14, 3.77647998407e-16]
        max: [3.75120544049e-05, 0.000287649279926, 0.00256749452092, 0.00396604929119, 0.0100311180577, 0.00273382547311, 0.0020432153251, 0.00218767090701, 0.000930111855268, 0.000951802707277, 0.000751926796511, 0.00116447976325, 0.000524967093952, 0.000847745861392, 0.00107425823808, 0.00163925206289, 0.00206700526178, 0.00225281598978, 0.00132577470504, 0.0017571686767, 0.000804707466159, 0.000277817074675, 0.000137538387207, 8.85494664544e-05, 2.55664363067e-05, 1.71163128471e-06, 4.03947154837e-07]
        mean: [2.1618437529e-07, 3.67427892343e-05, 0.000308585091261, 0.000432166125393, 0.000899458071217, 0.000512092432473, 0.00017101263802, 0.000181813826202, 0.000135820475407, 0.000175717083039, 9.01965031517e-05, 0.000128104758915, 6.52018425171e-05, 7.71103150328e-05, 0.000112226654892, 0.000255670660408, 0.000509193341713, 0.000416889233747, 0.000320133200148, 0.000248443306191, 0.000155946108862, 4.23598794441e-05, 9.80902859737e-06, 4.59196417069e-06, 2.28425960813e-06, 1.42089106703e-07, 1.41537670473e-09]
        min: [1.17142587297e-10, 2.22532298144e-10, 1.88241505716e-10, 2.0582954785e-10, 5.48991130334e-10, 5.70061498006e-10, 4.86233886487e-10, 3.76347952802e-10, 3.7007169551e-10, 1.79318809801e-10, 5.8567664607e-11, 2.85513401116e-11, 1.81946176875e-11, 8.85590732691e-12, 5.76112872686e-11, 1.03266242779e-10, 3.48062516309e-11, 6.95442661791e-11, 4.69336097764e-11, 3.85932327762e-11, 5.07354228074e-11, 1.38570353109e-11, 3.80446108644e-12, 3.20942664805e-12, 2.92691283536e-12, 3.43567839109e-12, 7.37533027272e-13]
        var: [3.24180461121e-12, 1.60060820154e-09, 8.31931359357e-08, 1.88300475656e-07, 8.64156618263e-07, 2.42240673742e-07, 5.72041471969e-08, 6.32316243809e-08, 1.74085492688e-08, 2.48671163661e-08, 9.58704227116e-09, 2.29741683455e-08, 4.55529214349e-09, 5.27275778595e-09, 1.26693713298e-08, 5.30381356612e-08, 1.30610416704e-07, 1.15073937934e-07, 3.41022818873e-08, 3.30595248954e-08, 1.1665308719e-08, 1.67076208424e-09, 2.11538855877e-10, 6.30785354505e-11, 9.49475307405e-12, 3.6079642827e-14, 3.76389916252e-16]
    mfcc:
        mean: [-685.409606934, 109.083145142, -45.1334266663, 55.8460731506, -11.3496837616, -9.33779335022, -5.56566953659, -4.10198545456, -2.79149365425, -15.213807106, -11.5483436584, -6.28610467911, -9.94960784912]
        cov: [[2231.7722168, -347.58026123, -109.322303772, -31.5869522095, 22.5616455078, 13.5083913803, -41.7956352234, 4.05919694901, -50.7293395996, -17.8653774261, 3.50485253334, -2.71010708809, 2.5859041214], [-347.58026123, 293.21685791, -32.6244850159, 21.2937412262, -44.5890388489, 2.42923045158, 32.0690803528, -2.64882659912, -0.526857972145, -26.2677192688, 2.94611787796, 0.839818418026, 3.78357672691], [-109.322303772, -32.6244850159, 253.823745728, -40.6069221497, -13.1423988342, 9.74954986572, 5.1377363205, -11.6468448639, -2.50946831703, 23.2470779419, -7.33754014969, -16.4980316162, 6.08325719833], [-31.5869522095, 21.2937412262, -40.6069221497, 116.217933655, 64.93724823, -3.60789966583, -15.7064657211, -3.93676280975, 17.5414962769, -3.03155493736, -2.68643021584, 3.69893097878, -11.0885009766], [22.5616455078, -44.5890388489, -13.1423988342, 64.93724823, 100.372291565, 13.1300134659, -7.94295310974, -5.4594669342, 14.990655899, 0.955168783665, -7.50424671173, 1.10967433453, -8.72277545929], [13.5083913803, 2.42923045158, 9.74954986572, -3.60789966583, 13.1300134659, 58.6546020508, 30.9522190094, 1.05175423622, -6.73152446747, -3.30907177925, 3.71289563179, 1.72440135479, -0.234471276402], [-41.7956352234, 32.0690803528, 5.1377363205, -15.7064657211, -7.94295310974, 30.9522190094, 98.4589614868, 30.0658683777, 12.8693523407, -12.8112478256, 1.67060923576, 6.46237421036, -4.92095565796], [4.05919694901, -2.64882659912, -11.6468448639, -3.93676280975, -5.4594669342, 1.05175423622, 30.0658683777, 52.1311187744, 16.8568058014, 0.481183856726, 1.03299915791, 2.02587151527, 0.363337606192], [-50.7293395996, -0.526857972145, -2.50946831703, 17.5414962769, 14.990655899, -6.73152446747, 12.8693523407, 16.8568058014, 51.633895874, 13.4026126862, -3.53329825401, -1.36580550671, -9.41620922089], [-17.8653774261, -26.2677192688, 23.2470779419, -3.03155493736, 0.955168783665, -3.30907177925, -12.8112478256, 0.481183856726, 13.4026126862, 44.6503982544, 15.1083250046, 3.561460495, -3.95061421394], [3.50485253334, 2.94611787796, -7.33754014969, -2.68643021584, -7.50424671173, 3.71289563179, 1.67060923576, 1.03299915791, -3.53329825401, 15.1083250046, 42.1847572327, 21.5398311615, 2.93056058884], [-2.71010708809, 0.839818418026, -16.4980316162, 3.69893097878, 1.10967433453, 1.72440135479, 6.46237421036, 2.02587151527, -1.36580550671, 3.561460495, 21.5398311615, 39.9218597412, 11.165514946], [2.5859041214, 3.78357672691, 6.08325719833, -11.0885009766, -8.72277545929, -0.234471276402, -4.92095565796, 0.363337606192, -9.41620922089, -3.95061421394, 2.93056058884, 11.165514946, 39.8323402405]]
        icov: [[0.000611398485489, 0.000859623018187, 0.000348253845004, -0.000108046922833, 0.000302234751871, -0.000261322100414, 6.95769485901e-05, -7.67185047152e-05, 0.000397564435843, 0.000503539224155, -0.000282143446384, 0.000308447313728, -5.24459755979e-05], [0.000859623018187, 0.00598177546635, 0.000782268645708, -0.00343053997494, 0.00468386802822, -0.000785720883869, -0.00176423846278, 0.00179580820259, -0.000517761684023, 0.00296527706087, -0.00141329749022, 0.00144318456296, -0.00104057788849], [0.000348253845004, 0.000782268645708, 0.00502382544801, 0.00114816462155, 0.00011184172763, -0.000518912507687, -0.00128258776385, 0.00174317869823, 0.000528859847691, -0.00321344099939, 0.00107414636295, 0.00229161907919, -0.00161254173145], [-0.000108046922833, -0.00343053997494, 0.00114816462155, 0.0176966264844, -0.0122154252604, 0.00193007953931, 0.00334854261018, -0.000855639460497, -0.00281080370769, 0.00146356446203, -0.000859865045641, -0.00192364060786, 0.00292490562424], [0.000302234751871, 0.00468386802822, 0.00011184172763, -0.0122154252604, 0.02178331092, -0.00669238623232, 0.000405268947361, 0.00270291487686, -0.00378403393552, 0.00130204635207, 0.00322682294063, -0.0014863651013, 0.000288002367597], [-0.000261322100414, -0.000785720883869, -0.000518912507687, 0.00193007953931, -0.00669238623232, 0.0246597789228, -0.00982627365738, 0.00249708350748, 0.00609798030928, -0.00222474336624, -0.00276270206086, 0.00239454908296, -0.00109605700709], [6.95769485901e-05, -0.00176423846278, -0.00128258776385, 0.00334854261018, 0.000405268947361, -0.00982627365738, 0.0196048878133, -0.0092560313642, -0.00568108353764, 0.00754187628627, -0.000440538307885, -0.00502607878298, 0.00467477785423], [-7.67185047152e-05, 0.00179580820259, 0.00174317869823, -0.000855639460497, 0.00270291487686, 0.00249708350748, -0.0092560313642, 0.0275240167975, -0.00735155679286, -0.000685117673129, -0.00112098618411, 0.00214787665755, -0.00378341390751], [0.000397564435843, -0.000517761684023, 0.000528859847691, -0.00281080370769, -0.00378403393552, 0.00609798030928, -0.00568108353764, -0.00735155679286, 0.030757566914, -0.0126238418743, 0.00621757749468, -0.000484143762151, 0.00342977256514], [0.000503539224155, 0.00296527706087, -0.00321344099939, 0.00146356446203, 0.00130204635207, -0.00222474336624, 0.00754187628627, -0.000685117673129, -0.0126238418743, 0.0374648720026, -0.0159218087792, 0.00126361299772, 0.00334263336845], [-0.000282143446384, -0.00141329749022, 0.00107414636295, -0.000859865045641, 0.00322682294063, -0.00276270206086, -0.000440538307885, -0.00112098618411, 0.00621757749468, -0.0159218087792, 0.0415250584483, -0.0209475308657, 0.00310275121592], [0.000308447313728, 0.00144318456296, 0.00229161907919, -0.00192364060786, -0.0014863651013, 0.00239454908296, -0.00502607878298, 0.00214787665755, -0.000484143762151, 0.00126361299772, -0.0209475308657, 0.0413454025984, -0.0120321214199], [-5.24459755979e-05, -0.00104057788849, -0.00161254173145, 0.00292490562424, 0.000288002367597, -0.00109605700709, 0.00467477785423, -0.00378341390751, 0.00342977256514, 0.00334263336845, 0.00310275121592, -0.0120321214199, 0.0312234275043]]
    spectral_contrast:
        mean: [1.17492163554e-07, -2.3958057227e-07, 2.80739868685e-07, 2.77327174558e-08, 1.0665799266e-07, 2.75533494687e-07, 2.32468460126e-06, 1.29729784248e-07, -5.10295762979e-07, 2.08533469959e-06, 1.65099345395e-06, -2.35051152231e-06]
        var: [0.000250099838013, 0.000423213408794, 0.000880638428498, 0.00166336656548, 0.00224534398876, 0.00326798856258, 0.0338248722255, 0.0883228927851, 0.113600321114, 0.179778233171, 0.208796754479, 1.00261092186]

rhythm:
    beats_loudness:
        dmean: 0.00209547672421
        dmean2: 0.0033832648769
        dvar: 2.58557315647e-06
        dvar2: 4.98953795613e-06
        max: 0.0103680687025
        mean: 0.00643362756819
        min: 0.0033831782639
        var: 4.02005025535e-06
    beats_loudness_bass:
        dmean: 0.0971483960748
        dmean2: 0.179464370012
        dvar: 0.00843783374876
        dvar2: 0.0236856751144
        max: 0.357492059469
        mean: 0.144656822085
        min: 0.0278624873608
        var: 0.00832047592849
    bpm: 98.1611709595
    bpm_confidence: 0
    first_peak_bpm: 98
    first_peak_spread: 0
    first_peak_weight: 0.473684221506
    onset_rate: 3.48917627335
    second_peak_bpm: 147
    second_peak_spread: 0
    second_peak_weight: 0.473684221506
    beats_position: [0.183562487364, 0.794807255268, 1.40605187416, 2.01729655266, 2.62854123116, 3.23978590965, 3.85103058815, 4.46227550507, 5.07352018356, 5.68476486206, 6.12906217575, 6.5370054245, 6.94494724274, 7.35289049149, 7.7608332634, 8.16877555847, 8.57671737671, 8.98466014862, 9.39260292053, 9.80054569244]
    bpm_estimates: [98.4023284912, 98.1621017456, 98.3800201416, 97.7002258301]
    bpm_intervals: [0.611244797707, 0.611244618893, 0.611244678497, 0.611244678497, 0.611244678497, 0.611244678497, 0.611244916916, 0.611244678497, 0.611244678497, 0.44429731369, 0.407943248749, 0.407941818237, 0.407943248749, 0.407942771912, 0.407942295074, 0.407941818237, 0.407942771912, 0.407942771912, 0.407942771912]
    onset_times: [0.0580498874187, 0.18575963378, 0.394739240408, 0.592108845711, 0.801088452339, 1.11455786228, 1.4164172411, 1.63700675964, 1.82276642323, 2.02013611794, 2.84444451332, 3.27401351929, 3.47138333321, 3.87773251534, 4.07510185242, 4.43501138687, 4.8994102478, 5.13160991669, 5.30575942993, 5.49151945114, 5.73532867432, 5.93269824982, 6.11845827103, 6.5596370697, 6.73378705978, 7.16335582733, 7.34911584854, 7.6858048439, 7.99927425385, 8.19664382935, 8.59138298035, 9.0093421936, 9.39247131348, 9.82204055786, 10.0194101334]
    rubato_start: [6.5370054245]
    rubato_stop: [9.80054569244]
    perceptual_tempo: "unknown"

sfx:
    inharmonicity:
        dmean: 0.036955755204
        dmean2: 0.0659954026341
        dvar: 0.00197903555818
        dvar2: 0.00552194844931
        max: 0.375624030828
        mean: 0.0433833375573
        min: 0
        var: 0.00186056399252
    oddtoevenharmonicenergyratio:
        dmean: 2.91951966286
        dmean2: 5.69036769867
        dvar: 304.297576904
        dvar2: 907.800964355
        max: 230.16293335
        mean: 1.70889723301
        min: 0
        var: 155.302764893
    pitch_after_max_to_before_max_energy_ratio: 68.1547393799
    pitch_centroid: 233.843673706
    pitch_max_to_total: 0.037037037313
    pitch_min_to_total: 0.340277791023
    tristimulus:
        dmean: [0.195012316108, 0.240512549877, 0.120055153966]
        dmean2: [0.332928180695, 0.421514540911, 0.215205460787]
        dvar: [0.0274377521127, 0.0408445671201, 0.0124976411462]
        dvar2: [0.082227550447, 0.113359980285, 0.0320996046066]
        max: [1, 0.961811721325, 0.675243079662]
        mean: [0.398240208626, 0.387594759464, 0.131242781878]
        min: [0.00913307163864, 0, 0]
        var: [0.0407404340804, 0.0510199591517, 0.0161956418306]

tonal:
    chords_changes_rate: 0.0322580635548
    chords_number_rate: 0.0138248847798
    chords_strength:
        dmean: 0.0108171161264
        dmean2: 0.0103602316231
        dvar: 8.4288592916e-05
        dvar2: 7.89347541286e-05
        max: 0.710952460766
        mean: 0.537367641926
        min: 0.345259785652
        var: 0.0113937612623
    key_strength: 0.670694887638
    tuning_diatonic_strength: 0.525119364262
    tuning_equal_tempered_deviation: 0.0705675408244
    tuning_frequency: 443.316436768
    tuning_nontempered_energy_ratio: 0.715708911419
    hpcp:
        dmean: [0.163670524955, 0.152283683419, 0.123228833079, 0.10747423768, 0.124702133238, 0.16373513639, 0.192793473601, 0.224949866533, 0.22608807683, 0.210201352835, 0.189477995038, 0.16093839705, 0.171018779278, 0.183014452457, 0.222443938255, 0.237133845687, 0.20263184607, 0.148076459765, 0.163424029946, 0.191224873066, 0.226159542799, 0.238416597247, 0.208613097668, 0.160131826997, 0.115844614804, 0.123874887824, 0.145682260394, 0.135635793209, 0.161150753498, 0.195113375783, 0.195364743471, 0.16789111495, 0.123231902719, 0.0988220795989, 0.118104249239, 0.144918903708]
        dmean2: [0.277222275734, 0.275917887688, 0.21725460887, 0.182051599026, 0.214960858226, 0.269078105688, 0.332839399576, 0.388203918934, 0.392921566963, 0.367430269718, 0.318970113993, 0.28219512105, 0.294834792614, 0.315121382475, 0.390928655863, 0.381239801645, 0.342799246311, 0.252434104681, 0.279939472675, 0.323282033205, 0.378579258919, 0.391388475895, 0.347440838814, 0.28434574604, 0.195616215467, 0.220539659262, 0.256364822388, 0.230507254601, 0.29292756319, 0.332331269979, 0.320007562637, 0.292509615421, 0.214126750827, 0.16535243392, 0.20424990356, 0.256525427103]
        dvar: [0.0324522666633, 0.0428367070854, 0.027454873547, 0.0192878395319, 0.0200905874372, 0.0317451618612, 0.0386107675731, 0.0510295704007, 0.0433560162783, 0.0518116205931, 0.0415498055518, 0.0336813256145, 0.0388333834708, 0.044336155057, 0.0459379479289, 0.0407396405935, 0.0429730191827, 0.0309503320605, 0.0347534604371, 0.0393293760717, 0.0394135937095, 0.0466954894364, 0.0421484783292, 0.0404937490821, 0.0253301821649, 0.0276301894337, 0.0286451596767, 0.0264461208135, 0.0385349802673, 0.0391290932894, 0.0393001958728, 0.0280393250287, 0.0152455046773, 0.00981447659433, 0.0234544612467, 0.0260026678443]
        dvar2: [0.09288995713, 0.122612006962, 0.0769310891628, 0.0516693964601, 0.0551060959697, 0.0906717628241, 0.0934130474925, 0.128960564733, 0.122746735811, 0.128841280937, 0.113968141377, 0.0915389358997, 0.0943693369627, 0.117640979588, 0.113371424377, 0.119553178549, 0.109611399472, 0.0748480707407, 0.0850026980042, 0.0953566804528, 0.103664293885, 0.105537727475, 0.114008583128, 0.102049797773, 0.0652418062091, 0.0765021070838, 0.0721655860543, 0.0651033520699, 0.102908544242, 0.107828684151, 0.0963829159737, 0.0698974728584, 0.0419217757881, 0.0251290705055, 0.0632088705897, 0.0745450407267]
        max: [1, 1, 1, 0.825772285461, 0.832089662552, 1, 1, 1, 1, 1, 1, 1, 1, 1, 1, 1, 1, 1, 1, 1, 1, 1, 1, 1, 1, 1, 1, 1, 1, 1, 1, 1, 0.935811817646, 0.597588658333, 1, 1]
        mean: [0.262308299541, 0.208630472422, 0.147414758801, 0.139888241887, 0.151381775737, 0.217863023281, 0.278181761503, 0.284086078405, 0.332719922066, 0.368490427732, 0.285428911448, 0.205381184816, 0.205940425396, 0.234111875296, 0.324959784746, 0.393175184727, 0.306608766317, 0.203403934836, 0.19860380888, 0.244412466884, 0.410192042589, 0.500070512295, 0.339147001505, 0.194235756993, 0.143522679806, 0.148300096393, 0.201926514506, 0.214190170169, 0.202699422836, 0.298424750566, 0.362124472857, 0.264622151852, 0.177127510309, 0.149826228619, 0.149296090007, 0.210471585393]
        min: [0, 0, 0, 0, 0, 0, 0, 0, 0, 0, 0, 0, 0, 0, 0, 0, 0, 0, 0, 0, 0, 0, 0, 0, 0, 0, 0, 0, 0, 0, 0, 0, 0, 0, 0, 0]
        var: [0.0610052794218, 0.05216409266, 0.0271216537803, 0.0195564739406, 0.0208564382046, 0.0379266291857, 0.0549598932266, 0.0649162605405, 0.077548854053, 0.100772216916, 0.0689811632037, 0.0388450212777, 0.0436545722187, 0.0485058054328, 0.0677681639791, 0.0740570947528, 0.0638261958957, 0.0440168716013, 0.0451356060803, 0.0536609850824, 0.0636724382639, 0.0959887206554, 0.0617046356201, 0.0446025207639, 0.0254548415542, 0.0264291986823, 0.0394422784448, 0.0462481826544, 0.0386954173446, 0.0542853884399, 0.0771161541343, 0.0486255511642, 0.0208634007722, 0.0124168200418, 0.0207259021699, 0.0359456688166]
    chords_histogram: [67.74193573, 0, 0, 0, 0.460829496384, 0, 12.4423961639, 0, 0, 0, 0, 0, 0, 0, 0, 0, 0, 0, 0, 0, 0, 0, 0, 19.354839325]
    thpcp: [1, 0.678198337555, 0.388416737318, 0.287004888058, 0.296558380127, 0.403796076775, 0.42831993103, 0.405341684818, 0.596765339375, 0.724146842957, 0.529169678688, 0.354205071926, 0.299610197544, 0.298550069332, 0.42088380456, 0.524542629719, 0.417202115059, 0.294787943363, 0.279737025499, 0.302720874548, 0.435664594173, 0.556285083294, 0.568092048168, 0.665346026421, 0.736876964569, 0.570777356625, 0.41070446372, 0.411822766066, 0.468157738447, 0.649827957153, 0.786239504814, 0.613131046295, 0.406750500202, 0.397151619196, 0.488756000996, 0.820268392563]
    chords_key: "C"
    chords_scale: "major"
    key_key: "C"
    key_scale: "major"
    chords_progression: ["Am", "Am", "Am", "Am", "Am", "Am", "Am", "Am", "A", "A", "A", "A", "A", "A", "A", "A", "Am", "Am", "Am", "Am", "Am", "Am", "Am", "Am", "Am", "Am", "Am", "Am", "Am", "Am", "Am", "Am", "Am", "Am", "Am", "Am", "Am", "Am", "Am", "C", "C", "C", "C", "C", "C", "C", "C", "C", "C", "C", "C", "C", "C", "C", "C", "C", "C", "C", "C", "C", "C", "C", "C", "C", "C", "C", "C", "C", "C", "C", "C", "C", "C", "C", "C", "C", "C", "C", "C", "C", "C", "C", "C", "C", "C", "C", "C", "C", "C", "C", "C", "C", "C", "C", "C", "C", "C", "C", "C", "C", "C", "C", "C", "C", "C", "C", "C", "C", "C", "C", "C", "C", "C", "C", "C", "C", "C", "C", "C", "C", "C", "C", "C", "C", "C", "C", "C", "C", "C", "C", "C", "C", "C", "C", "C", "C", "C", "C", "C", "C", "C", "C", "C", "C", "C", "C", "C", "C", "C", "C", "C", "C", "C", "C", "C", "C", "C", "C", "C", "C", "C", "C", "C", "C", "C", "C", "C", "C", "C", "C", "C", "C", "C", "C", "C", "C", "C", "C", "C", "C", "C", "C", "C", "C", "C", "C", "Am", "Am", "D", "Am", "Am", "Am", "Am", "Am", "Am", "Am", "Am", "Am", "A", "A", "A", "A", "A", "A", "A", "A", "A", "A", "A", "A", "A", "A", "A", "A", "A", "A", "A"]
