
metadata:
    version:
        essentia: "1.2.2"
    audio_properties:
        analysis_sample_rate: 44100
        bitrate: 128
        channels: 2
        equal_loudness: 1
        length: 10.0310201645
        replay_gain: -10.2124214172
        downmix: "mix"
    tags:
        track: 28
        year: 0
        album: "Splitted by Mp3Splt v. 2.1"
        artist: "From 004.30 To 004.40"
        comment: "http://mp3splt.sf.net"
        genre: ""
        title: "06 You and Your Friend.mp3"

highlevel:
    ballroom:
        all:
            ChaChaCha: 0.0054550440982
            Jive: 0.0178719833493
            Quickstep: 0.0317672416568
            Rumba-American: 0.0241991523653
            Rumba-International: 0.0903739929199
            Rumba-Misc: 0.05518553406
            Samba: 0.00757942069322
            Tango: 0.0531941093504
            VienneseWaltz: 0.549041152
            Waltz: 0.165332391858
        probability: 0.549041152
        value: "VienneseWaltz"
    culture:
        all:
            non_western: 0.00264971260913
            western: 0.997350275517
        probability: 0.997350275517
        value: "western"
    gender:
        all:
            female: 0.603053331375
            male: 0.396946638823
        probability: 0.603053331375
        value: "female"
    genre_dortmund:
        all:
            alternative: 0.122818976641
            blues: 0.0937930867076
            electronic: 0.148508027196
            folkcountry: 0.148317947984
            funksoulrnb: 0.0486916787922
            jazz: 0.0714592337608
            pop: 0.114650130272
            raphiphop: 0.00232719327323
            rock: 0.249433726072
        probability: 0.249433726072
        value: "rock"
    genre_electronica:
        all:
            ambient: 0.698063790798
            dnb: 0.0628275498748
            house: 0.00744763109833
            techno: 0.00251509505324
            trance: 0.22914595902
        probability: 0.698063790798
        value: "ambient"
    genre_rosamerica:
        all:
            cla: 0.114014588296
            dan: 0.0147683415562
            hip: 0.00555468024686
            jaz: 0.0886450186372
            pop: 0.340910047293
            rhy: 0.0372980311513
            roc: 0.393886566162
            spe: 0.00492275413126
        probability: 0.393886566162
        value: "roc"
    genre_tzanetakis:
        all:
            blu: 0.00923011731356
            cla: 0.18434356153
            cou: 0.126967385411
            dis: 0.0204034503549
            hip: 0.0042830449529
            jaz: 0.223852694035
            met: 0.00655804900452
            pop: 0.27544683218
            reg: 0.0176406595856
            roc: 0.131274193525
        probability: 0.27544683218
        value: "pop"
    live_studio:
        all:
            live: 0.344748705626
            studio: 0.655251264572
        probability: 0.655251264572
        value: "studio"
    mood:
        all:
            Cluster1: 0.224547415972
            Cluster2: 0.287870168686
            Cluster3: 0.217394530773
            Cluster4: 0.239305779338
            Cluster5: 0.030882133171
        probability: 0.287870168686
        value: "Cluster2"
    mood_acoustic:
        all:
            acoustic: 0.326215445995
            not_acoustic: 0.673784554005
        probability: 0.673784554005
        value: "not_acoustic"
    mood_aggressive:
        all:
            aggressive: 0.0474749468267
            not_aggressive: 0.95252507925
        probability: 0.95252507925
        value: "not_aggressive"
    mood_electronic:
        all:
            electronic: 0.605778813362
            not_electronic: 0.394221186638
        probability: 0.605778813362
        value: "electronic"
    mood_happy:
        all:
            happy: 0.614904284477
            not_happy: 0.385095715523
        probability: 0.614904284477
        value: "happy"
    mood_party:
        all:
            not_party: 0.925940573215
            party: 0.0740594193339
        probability: 0.925940573215
        value: "not_party"
    mood_relaxed:
        all:
            not_relaxed: 0.259623497725
            relaxed: 0.740376472473
        probability: 0.740376472473
        value: "relaxed"
    mood_sad:
        all:
            not_sad: 0.0320503227413
            sad: 0.967949688435
        probability: 0.967949688435
        value: "sad"
    rhythm:
        all:
            fast: 0.232452079654
            medium: 0.473569214344
            slow: 0.293978691101
        probability: 0.473569214344
        value: "medium"
    speech_music:
        all:
            music: 0.314505159855
            speech: 0.685494840145
        probability: 0.685494840145
        value: "speech"
    timbre:
        all:
            bright: 0.367540508509
            dark: 0.632459461689
        probability: 0.632459461689
        value: "dark"
    voice_instrumental:
        all:
            instrumental: 0.655410468578
            voice: 0.344589531422
        probability: 0.655410468578
        value: "instrumental"

lowlevel:
    average_loudness: 0.979610860348
    barkbands_kurtosis:
        dmean: 0.787456154823
        dmean2: 1.31799900532
        dvar: 1.10672545433
        dvar2: 2.80143475533
        max: 12.009771347
        mean: 0.311455965042
        min: -1.80147850513
        var: 4.21653461456
    barkbands_skewness:
        dmean: 0.329317003489
        dmean2: 0.518136918545
        dvar: 0.0862642303109
        dvar2: 0.184079319239
        max: 2.75482678413
        mean: 0.546501100063
        min: -1.72993755341
        var: 0.637512862682
    barkbands_spread:
        dmean: 2.99542570114
        dmean2: 4.77631425858
        dvar: 7.03067588806
        dvar2: 15.9437742233
        max: 36.6235427856
        mean: 19.4401168823
        min: 4.35743713379
        var: 39.0484657288
    dissonance:
        dmean: 0.0248651430011
        dmean2: 0.0436135306954
        dvar: 0.00048543093726
        dvar2: 0.00140499917325
        max: 0.497832298279
        mean: 0.443242460489
        min: 0.335820019245
        var: 0.00103536585812
    hfc:
        dmean: 1.59784376621
        dmean2: 2.50899839401
        dvar: 4.54287528992
        dvar2: 9.57124328613
        max: 23.3878517151
        mean: 6.34037351608
        min: 0.995637476444
        var: 16.7704086304
    pitch:
        dmean: 59.5367469788
        dmean2: 113.853561401
        dvar: 11307.2109375
        dvar2: 29537.265625
        max: 882
        mean: 287.837768555
        min: 77.9151916504
        var: 13037.5566406
    pitch_instantaneous_confidence:
        dmean: 0.0872071459889
        dmean2: 0.13680306077
        dvar: 0.00679176161066
        dvar2: 0.0163662917912
        max: 0.903966724873
        mean: 0.578632891178
        min: 0.198328197002
        var: 0.0243054758757
    pitch_salience:
        dmean: 0.0552442148328
        dmean2: 0.0877487957478
        dvar: 0.00185605825391
        dvar2: 0.00465162703767
        max: 0.790753781796
        mean: 0.573900043964
        min: 0.357237458229
        var: 0.00676583033055
    silence_rate_20dB:
        dmean: 0
        dmean2: 0
        dvar: 0
        dvar2: 0
        max: 1
        mean: 1
        min: 1
        var: 0
    silence_rate_30dB:
        dmean: 0
        dmean2: 0
        dvar: 0
        dvar2: 0
        max: 1
        mean: 1
        min: 1
        var: 0
    silence_rate_60dB:
        dmean: 0.0556844547391
        dmean2: 0.109302327037
        dvar: 0.052583720535
        dvar2: 0.111309297383
        max: 1
        mean: 0.0949074104428
        min: 0
        var: 0.0858993008733
    spectral_centroid:
        dmean: 133.948318481
        dmean2: 214.795547485
        dvar: 24680.5761719
        dvar2: 47015
        max: 2121.35986328
        mean: 1016.4619751
        min: 316.74118042
        var: 160051.421875
    spectral_complexity:
        dmean: 2.14219117165
        dmean2: 3.49299073219
        dvar: 4.51358413696
        dvar2: 10.9134969711
        max: 28
        mean: 14.1395349503
        min: 4
        var: 18.7293643951
    spectral_crest:
        dmean: 1.80981898308
        dmean2: 2.86935448647
        dvar: 2.68261909485
        dvar2: 6.71957492828
        max: 18.7018699646
        mean: 7.63492393494
        min: 2.6708920002
        var: 7.58644771576
    spectral_decrease:
        dmean: 2.93604862645e-10
        dmean2: 4.65093019653e-10
        dvar: 7.46056877305e-20
        dvar2: 1.7147932312e-19
        max: -4.01420174878e-10
        mean: -1.42002110071e-09
        min: -3.22445226075e-09
        var: 2.5413531998e-19
    spectral_energy:
        dmean: 0.00123357423581
        dmean2: 0.00195263302885
        dvar: 1.37641438869e-06
        dvar2: 3.11483177029e-06
        max: 0.0129648996517
        mean: 0.00593457277864
        min: 0.00160535692703
        var: 4.69441283713e-06
    spectral_energyband_high:
        dmean: 4.4298623834e-05
        dmean2: 7.27744554752e-05
        dvar: 1.05447579557e-08
        dvar2: 2.61051393835e-08
        max: 0.00109582778532
        mean: 7.62928466429e-05
        min: 3.34493415721e-06
        var: 1.52655346142e-08
    spectral_energyband_low:
        dmean: 0.000100190081866
        dmean2: 0.000165934572578
        dvar: 4.48940831177e-08
        dvar2: 1.24472805396e-07
        max: 0.00263412948698
        mean: 0.000292294251267
        min: 5.04893569087e-06
        var: 6.40171649025e-08
    spectral_energyband_middle_high:
        dmean: 0.000755248009227
        dmean2: 0.00118920265231
        dvar: 8.0316885942e-07
        dvar2: 1.69046313658e-06
        max: 0.0098542701453
        mean: 0.00268464582041
        min: 0.000376205192879
        var: 3.26993085764e-06
    spectral_energyband_middle_low:
        dmean: 0.000799331348389
        dmean2: 0.00126597215421
        dvar: 5.36841241683e-07
        dvar2: 1.33467483465e-06
        max: 0.0109827676788
        mean: 0.00288132904097
        min: 0.000520253262948
        var: 2.40128360929e-06
    spectral_flatness_db:
        dmean: 0.016853088513
        dmean2: 0.0268623940647
        dvar: 0.00025054521393
        dvar2: 0.00058909895597
        max: 0.260949939489
        mean: 0.188105076551
        min: 0.0976139232516
        var: 0.00101497024298
    spectral_flux:
        dmean: 0.00774190155789
        dmean2: 0.0123911807314
        dvar: 7.11764587322e-05
        dvar2: 0.000166639845702
        max: 0.086328163743
        mean: 0.0340033955872
        min: 0.0150376297534
        var: 0.000123516409076
    spectral_kurtosis:
        dmean: 3.81392860413
        dmean2: 6.49696016312
        dvar: 13.9836931229
        dvar2: 39.1352081299
        max: 32.3381080627
        mean: 9.85967159271
        min: 2.06268930435
        var: 25.9070453644
    spectral_rms:
        dmean: 0.00024855195079
        dmean2: 0.000393199065002
        dvar: 5.06794322064e-08
        dvar2: 1.1460816296e-07
        max: 0.00355649879202
        mean: 0.00236480287276
        min: 0.00125147984363
        var: 1.97536934365e-07
    spectral_rolloff:
        dmean: 261.961975098
        dmean2: 449.127929688
        dvar: 141573.421875
        dvar2: 285903.96875
        max: 3854.44335938
        mean: 1834.63024902
        min: 409.130859375
        var: 638613.9375
    spectral_skewness:
        dmean: 0.34228605032
        dmean2: 0.582560777664
        dvar: 0.0951834917068
        dvar2: 0.259625315666
        max: 4.02558040619
        mean: 2.19962525368
        min: 1.08001029491
        var: 0.255728632212
    spectral_spread:
        dmean: 425129.0625
        dmean2: 630086.0625
        dvar: 812058935296
        dvar2: 1.08820168704e+12
        max: 18984246
        mean: 2999354.25
        min: 1564372.375
        var: 1.70139765965e+12
    spectral_strongpeak:
        dmean: 0.574914872646
        dmean2: 0.99336874485
        dvar: 0.757692992687
        dvar2: 1.63124978542
        max: 8.23554801941
        mean: 1.24293279648
        min: 0.0303667411208
        var: 2.28873610497
    zerocrossingrate:
        dmean: 0.00602099718526
        dmean2: 0.00722154276446
        dvar: 2.75704151136e-05
        dvar2: 3.54436524503e-05
        max: 0.10693359375
        mean: 0.0598791800439
        min: 0.0185546875
        var: 0.000392592337448
    barkbands:
        dmean: [1.89455775512e-07, 4.37322123616e-05, 6.54688483337e-05, 0.000120237884403, 0.000433655368397, 0.000258817046415, 0.000207791046705, 0.000107362691779, 0.000134676680318, 0.000267608877039, 0.000130956759676, 0.000163135220646, 0.000121921832033, 0.000113236274046, 0.000120448501548, 0.000105885759695, 0.000135084395879, 0.000144299177919, 7.82986899139e-05, 3.71327769244e-05, 1.97024055524e-05, 7.4962463259e-06, 9.91939032247e-07, 4.55209971051e-07, 3.62645579344e-07, 3.1769989306e-08, 3.39214123457e-09]
        dmean2: [2.74468419548e-07, 7.38080998417e-05, 0.000108599117084, 0.000198357694899, 0.000719728181139, 0.000367385247955, 0.000330722366925, 0.000168800892425, 0.00021559324523, 0.000434497604147, 0.00019911005802, 0.000262294721324, 0.000182232513907, 0.00017051587929, 0.000181989817065, 0.000156442838488, 0.000201565606403, 0.000221006237553, 0.000125584250782, 6.12415315118e-05, 3.27133020619e-05, 1.29389954964e-05, 1.72668842424e-06, 7.82797428656e-07, 5.75208048303e-07, 4.86465090432e-08, 3.65443209027e-09]
        dvar: [1.21625626237e-12, 6.94906576726e-09, 2.23739942129e-08, 2.12431867652e-08, 2.63948493284e-07, 9.22979168649e-08, 5.93599374099e-08, 4.99684560396e-08, 3.92261938487e-08, 1.48781765574e-07, 5.97126756929e-08, 4.98308168062e-08, 4.66795597731e-08, 4.22137027556e-08, 6.24770137847e-08, 1.66064893392e-07, 9.43410825016e-08, 5.93256572756e-08, 1.49971963737e-08, 6.42823705377e-09, 2.68766409128e-09, 4.47255454894e-10, 8.62130245666e-12, 1.60440562745e-12, 9.40122979465e-13, 9.23572538434e-15, 4.06421569982e-15]
        dvar2: [1.5535680381e-12, 1.89344060431e-08, 6.42627426828e-08, 6.04751448918e-08, 7.0238098715e-07, 1.91993748899e-07, 1.33006011538e-07, 1.18893005663e-07, 8.78842456586e-08, 3.71382611775e-07, 1.47128730532e-07, 1.4335898868e-07, 9.25093246451e-08, 1.0709535303e-07, 1.39694620316e-07, 2.66433488605e-07, 1.62855400276e-07, 1.23735517832e-07, 3.52741693632e-08, 1.39130422738e-08, 7.39038297226e-09, 1.15102871678e-09, 2.23063355981e-11, 4.23408617195e-12, 2.26691733961e-12, 1.70164565354e-14, 4.0673103347e-15]
        max: [2.03945019166e-05, 0.000738909933716, 0.00189466716256, 0.00181038945448, 0.00467629637569, 0.00391356833279, 0.00247369869612, 0.0027695284225, 0.00232683145441, 0.00384339946322, 0.00315243657678, 0.00207319506444, 0.00276006804779, 0.00234683626331, 0.00316593353637, 0.00645512249321, 0.0073613608256, 0.00288238469511, 0.00123478996102, 0.00101546035148, 0.00055669649737, 0.000241278481553, 2.42041078309e-05, 1.21734437926e-05, 1.0209058928e-05, 1.25830274555e-06, 1.32318302803e-06]
        mean: [3.17505339353e-07, 0.000111943627417, 0.000180050672498, 0.000296495796647, 0.000950926623773, 0.000670885492582, 0.000388372980524, 0.000210191705264, 0.000242626250838, 0.000461936695501, 0.000268720788881, 0.000275242869975, 0.000277093058685, 0.000236363848671, 0.000283156405203, 0.000193488973309, 0.000317768397508, 0.000313162396196, 0.000148926934344, 6.51423470117e-05, 2.93213543046e-05, 1.00639736047e-05, 1.2680728787e-06, 5.82561540341e-07, 4.92690503506e-07, 3.64821239884e-08, 3.34014793602e-09]
        min: [7.36577049354e-11, 3.04365215698e-07, 2.26736278819e-06, 2.87431703327e-06, 2.70707896561e-05, 3.31346091116e-05, 1.99483401957e-05, 6.27861390967e-06, 5.44531667401e-06, 1.20029990285e-05, 3.45262287738e-06, 1.14714803203e-05, 2.83490771835e-06, 4.69212682219e-06, 3.09809001919e-06, 2.65929634224e-06, 4.17848013967e-06, 3.73445664081e-06, 3.94758626499e-06, 2.44846592068e-06, 1.72814657162e-06, 1.60509742386e-07, 2.64416541995e-08, 1.40027607287e-08, 6.3061396105e-09, 5.36148972441e-11, 5.00392858659e-13]
        var: [1.26195928707e-12, 1.14215170655e-08, 2.70318238904e-08, 1.04824216862e-07, 8.79145090948e-07, 4.13774159824e-07, 1.51014333483e-07, 1.00963234217e-07, 1.18167235996e-07, 3.03982233163e-07, 1.39022105827e-07, 1.11862028973e-07, 1.83147975008e-07, 1.29010189198e-07, 2.50832187021e-07, 3.68895513247e-07, 5.44168528904e-07, 2.10147589996e-07, 3.48125297478e-08, 1.13263078916e-08, 2.39575359551e-09, 5.18207143863e-10, 9.84685076533e-12, 1.56461887717e-12, 1.39240669775e-12, 1.14246465614e-14, 4.0607314298e-15]
    mfcc:
        mean: [-727.769165039, 174.105194092, -63.8009796143, 40.6154289246, -14.3046569824, -5.11472415924, 3.27930235863, -6.77158737183, -4.7090344429, -10.9089841843, -3.52326869965, -6.64123868942, -6.69546079636]
        cov: [[910.650512695, -592.744384766, -55.3766059875, -4.24061489105, 4.68560934067, 21.1539554596, 31.2184677124, -48.0441169739, -21.8769645691, -29.3123893738, -3.06238818169, -35.3892250061, -27.7653999329], [-592.744384766, 745.94543457, -332.45022583, 121.029708862, 106.041893005, -77.0718688965, -30.8058433533, 37.2964477539, -5.45024299622, -48.0888595581, -31.4569568634, 101.214126587, 1.40431141853], [-55.3766059875, -332.45022583, 960.676940918, -233.644699097, -215.949569702, 133.921844482, 73.8115539551, 39.1128540039, -26.3068218231, 71.9394378662, 54.6039619446, -122.828582764, 11.9258708954], [-4.24061489105, 121.029708862, -233.644699097, 180.357284546, 74.5637130737, -38.5851593018, -27.3558235168, 3.54496788979, 34.4340591431, -21.9257068634, -30.7145805359, 29.7857131958, 2.46726465225], [4.68560934067, 106.041893005, -215.949569702, 74.5637130737, 207.717712402, -32.2478675842, -68.2287521362, -12.2830314636, 23.2870140076, -16.423871994, -38.7933273315, 37.3297309875, 11.6910820007], [21.1539554596, -77.0718688965, 133.921844482, -38.5851593018, -32.2478675842, 86.8592147827, 31.182674408, 7.8303527832, 0.00612819986418, 15.2896614075, 14.2027721405, -14.9927759171, 1.94629919529], [31.2184677124, -30.8058433533, 73.8115539551, -27.3558235168, -68.2287521362, 31.182674408, 123.83984375, 33.0991821289, -29.0681877136, -5.69909906387, 14.1317663193, 9.68667984009, -15.8024377823], [-48.0441169739, 37.2964477539, 39.1128540039, 3.54496788979, -12.2830314636, 7.8303527832, 33.0991821289, 75.0849685669, 18.9074707031, -15.2824211121, -3.46048426628, 14.8203821182, -1.50369954109], [-21.8769645691, -5.45024299622, -26.3068218231, 34.4340591431, 23.2870140076, 0.00612819986418, -29.0681877136, 18.9074707031, 94.4429168701, 26.600189209, -16.9945812225, 12.340007782, 16.651714325], [-29.3123893738, -48.0888595581, 71.9394378662, -21.9257068634, -16.423871994, 15.2896614075, -5.69909906387, -15.2824211121, 26.600189209, 99.1508483887, 22.205821991, -31.5607452393, 2.2374689579], [-3.06238818169, -31.4569568634, 54.6039619446, -30.7145805359, -38.7933273315, 14.2027721405, 14.1317663193, -3.46048426628, -16.9945812225, 22.205821991, 86.327835083, -6.3786854744, -20.4309978485], [-35.3892250061, 101.214126587, -122.828582764, 29.7857131958, 37.3297309875, -14.9927759171, 9.68667984009, 14.8203821182, 12.340007782, -31.5607452393, -6.3786854744, 96.23853302, 10.9376964569], [-27.7653999329, 1.40431141853, 11.9258708954, 2.46726465225, 11.6910820007, 1.94629919529, -15.8024377823, -1.50369954109, 16.651714325, 2.2374689579, -20.4309978485, 10.9376964569, 62.0581245422]]
        icov: [[0.00387144344859, 0.00394376600161, 0.0010272434447, -0.000876014702953, -0.000881244777702, 0.000106662540929, -0.000949628592934, 0.000441751821199, 0.00112453859765, 0.00133580202237, 0.00052386772586, -0.00057915301295, 0.00133650260977], [0.00394376600161, 0.0059941438958, 0.00133872707374, -0.00157559325453, -0.000958723074291, 0.000718407332897, -8.43659436214e-05, -0.00131760188378, 0.00269652879797, 0.000615378899965, 0.000886812165845, -0.00221525062807, 0.00147554907016], [0.0010272434447, 0.00133872707374, 0.00265721720643, 0.0015109591186, 0.000898217840586, -0.00178086559754, 0.000166397847352, -0.00170995481312, 0.000683586869854, -0.000210304147913, 0.000124957645312, 0.00143892806955, -0.000642146915197], [-0.000876014702953, -0.00157559325453, 0.0015109591186, 0.00960502959788, -0.000843556132168, 0.000683606544044, -0.000608665810432, -9.86762679531e-05, -0.00375707098283, 0.00115836341865, 0.000497739238199, 0.00172054301947, -0.000221449314267], [-0.000881244777702, -0.000958723074291, 0.000898217840586, -0.000843556132168, 0.00837982445955, -0.0013237982057, 0.0045031234622, -0.000948085915297, 0.000836586812511, -0.00124633032829, 0.00229665869847, -0.00203717546538, 1.05145800262e-05], [0.000106662540929, 0.000718407332897, -0.00178086559754, 0.000683606544044, -0.0013237982057, 0.0164599176496, -0.00417839409783, 0.000827744253911, -0.00195340719074, -1.82593757927e-05, -0.0015405935701, 0.000428570841905, -0.00102217134554], [-0.000949628592934, -8.43659436214e-05, 0.000166397847352, -0.000608665810432, 0.0045031234622, -0.00417839409783, 0.0154784936458, -0.00753516284749, 0.00663181673735, -0.00319890258834, 0.00183282408398, -0.00470324512571, 0.00237902300432], [0.000441751821199, -0.00131760188378, -0.00170995481312, -9.86762679531e-05, -0.000948085915297, 0.000827744253911, -0.00753516284749, 0.0216213837266, -0.00889554619789, 0.00595162576064, -0.000870023795869, 0.000224263130804, 0.00116413878277], [0.00112453859765, 0.00269652879797, 0.000683586869854, -0.00375707098283, 0.000836586812511, -0.00195340719074, 0.00663181673735, -0.00889554619789, 0.0200246144086, -0.00810232106596, 0.00390516337939, -0.00516028283164, -0.00104885047767], [0.00133580202237, 0.000615378899965, -0.000210304147913, 0.00115836341865, -0.00124633032829, -1.82593757927e-05, -0.00319890258834, 0.00595162576064, -0.00810232106596, 0.0166619978845, -0.00464112218469, 0.00538505893201, -0.000760667724535], [0.00052386772586, 0.000886812165845, 0.000124957645312, 0.000497739238199, 0.00229665869847, -0.0015405935701, 0.00183282408398, -0.000870023795869, 0.00390516337939, -0.00464112218469, 0.0159111153334, -0.00347533635795, 0.00520211458206], [-0.00057915301295, -0.00221525062807, 0.00143892806955, 0.00172054301947, -0.00203717546538, 0.000428570841905, -0.00470324512571, 0.000224263130804, -0.00516028283164, 0.00538505893201, -0.00347533635795, 0.017812686041, -0.00446893228218], [0.00133650260977, 0.00147554907016, -0.000642146915197, -0.000221449314267, 1.05145800262e-05, -0.00102217134554, 0.00237902300432, 0.00116413878277, -0.00104885047767, -0.000760667724535, 0.00520211458206, -0.00446893228218, 0.0202839467674]]
    spectral_contrast:
        mean: [-4.64794958077e-08, 5.25006038643e-09, -3.76046386918e-07, -3.97306543221e-08, 2.66210975042e-07, 4.42859033001e-07, 3.09514439323e-06, -2.70501118393e-06, -2.13393286685e-06, 1.48179924508e-06, -4.87403121952e-06, -5.54517237106e-06]
        var: [0.00066581228748, 0.000986523926258, 0.00206744926982, 0.00272428523749, 0.00304883904755, 0.00440646521747, 0.0377149544656, 0.0902367383242, 0.110826581717, 0.158823117614, 0.357371985912, 0.743517279625]

rhythm:
    beats_loudness:
        dmean: 0.00233499635942
        dmean2: 0.0033468210604
        dvar: 1.77840070137e-06
        dvar2: 5.73815714233e-06
        max: 0.00943126901984
        mean: 0.00658354908228
        min: 0.00335126952268
        var: 3.26042186316e-06
    beats_loudness_bass:
        dmean: 0.0765618979931
        dmean2: 0.129827663302
        dvar: 0.00226580863819
        dvar2: 0.00567209580913
        max: 0.218621537089
        mean: 0.101062968373
        min: 0.0197238046676
        var: 0.00373759376816
    bpm: 87.0483016968
    bpm_confidence: 0
    first_peak_bpm: 87
    first_peak_spread: 0
    first_peak_weight: 0.923076927662
    onset_rate: 3.88793945312
    second_peak_bpm: 58
    second_peak_spread: 0
    second_peak_weight: 0.0769230797887
    beats_position: [0.359672576189, 1.04724228382, 1.73481202126, 2.4223818779, 3.10995149612, 3.79752111435, 4.48509120941, 5.17266082764, 6.2140622139, 6.90481996536, 7.59557819366, 8.28633594513, 8.97709465027, 9.66785240173]
    bpm_estimates: [87.162727356, 88.0938339233, 87.66746521, 87.1870346069, 86.8827667236, 86.6059570312, 86.8148651123, 86.9434127808, 86.9538345337, 86.8837203979, 86.8578643799, 86.8489456177, 86.7255020142]
    bpm_intervals: [0.687569737434, 0.687569737434, 0.687569856644, 0.687569618225, 0.687569618225, 0.687570095062, 0.687569618225, 1.04140138626, 0.690757751465, 0.690758228302, 0.690757751465, 0.690758705139, 0.690757751465]
    onset_times: [0.0580498874187, 0.359909296036, 0.719818592072, 1.04489791393, 1.23065757751, 1.74149656296, 2.03174614906, 2.06657600403, 2.42648530006, 2.83283448219, 3.00698423386, 3.48299312592, 3.63392281532, 3.83129262924, 4.02866220474, 4.51628112793, 4.85297060013, 5.06195020676, 5.20126962662, 5.41024923325, 5.52634906769, 5.73532867432, 6.09523820877, 6.25777769089, 6.5596370697, 7.1517457962, 7.26784563065, 7.75546503067, 7.79029464722, 7.90639448166, 7.94122457504, 8.11537456512, 8.28952407837, 8.52172374725, 8.63782310486, 9.32281208038, 9.65950107574, 9.8800907135, 10.0310201645]
    rubato_start: []
    rubato_stop: []
    perceptual_tempo: "unknown"

sfx:
    inharmonicity:
        dmean: 0.036213811487
        dmean2: 0.063663482666
        dvar: 0.00187547144014
        dvar2: 0.0054167821072
        max: 0.341092258692
        mean: 0.0375164598227
        min: 1.94841559278e-05
        var: 0.00211421074346
    oddtoevenharmonicenergyratio:
        dmean: 1.52196502686
        dmean2: 2.75392079353
        dvar: 8.9551858902
        dvar2: 25.7282047272
        max: 37.6900939941
        mean: 1.27660894394
        min: 0.000640911282972
        var: 6.53058862686
    pitch_after_max_to_before_max_energy_ratio: 12.8899822235
    pitch_centroid: 205.353179932
    pitch_max_to_total: 0.0674418583512
    pitch_min_to_total: 0.0720930248499
    tristimulus:
        dmean: [0.215550810099, 0.211961701512, 0.0796583741903]
        dmean2: [0.373904883862, 0.367322534323, 0.142919063568]
        dvar: [0.0341892652214, 0.0338541083038, 0.00856574624777]
        dvar2: [0.100335031748, 0.0980324819684, 0.0240161642432]
        max: [0.973279297352, 0.923147141933, 0.566386699677]
        mean: [0.408951342106, 0.490969359875, 0.0852987840772]
        min: [0.0225790329278, 0, 0]
        var: [0.0538862235844, 0.0514045767486, 0.00817553699017]

tonal:
    chords_changes_rate: 0.0231481473893
    chords_number_rate: 0.0185185186565
    chords_strength:
        dmean: 0.00561926933005
        dmean2: 0.00451098755002
        dvar: 1.89542624867e-05
        dvar2: 1.61572261277e-05
        max: 0.621759474277
        mean: 0.514432668686
        min: 0.38833963871
        var: 0.00335726537742
    key_strength: 0.664178371429
    tuning_diatonic_strength: 0.537925064564
    tuning_equal_tempered_deviation: 0.0499363653362
    tuning_frequency: 438.477722168
    tuning_nontempered_energy_ratio: 0.661035001278
    hpcp:
        dmean: [0.0980114340782, 0.111965067685, 0.0932456851006, 0.0919725447893, 0.0689111500978, 0.0591993331909, 0.0538865961134, 0.0368221998215, 0.0746921151876, 0.108916856349, 0.0850761756301, 0.0669132098556, 0.0502106659114, 0.0450481846929, 0.101880282164, 0.14151519537, 0.120158277452, 0.0556495040655, 0.0379440449178, 0.0402209535241, 0.0433214493096, 0.0467168018222, 0.0303501710296, 0.0493271611631, 0.100472949445, 0.0847228467464, 0.056561909616, 0.0621922202408, 0.071037530899, 0.156791225076, 0.143389046192, 0.176184877753, 0.12690924108, 0.0540895760059, 0.0255307313055, 0.0420434065163]
        dmean2: [0.166873514652, 0.200935214758, 0.166497856379, 0.137072324753, 0.109242200851, 0.102564908564, 0.0904149413109, 0.0574460290372, 0.112834826112, 0.169244304299, 0.126943662763, 0.115870639682, 0.086239784956, 0.0754122883081, 0.15955170989, 0.220605120063, 0.199328139424, 0.0972318649292, 0.0590404011309, 0.0610681287944, 0.0627884343266, 0.072961717844, 0.0496063865721, 0.0748139694333, 0.159887120128, 0.136995792389, 0.0902256146073, 0.0985198244452, 0.118753790855, 0.262077361345, 0.239950105548, 0.293315798044, 0.212642341852, 0.0885844826698, 0.0435622930527, 0.0668540522456]
        dvar: [0.0166047513485, 0.0265909191221, 0.0151917291805, 0.0145144006237, 0.0104850456119, 0.0156344231218, 0.0126558225602, 0.00758920237422, 0.0176514256746, 0.0262741148472, 0.0175628494471, 0.0249554775655, 0.0205275937915, 0.00900785345584, 0.0189474895597, 0.0313000977039, 0.0214566234499, 0.00596595136449, 0.00785710848868, 0.00717913033441, 0.0104872938246, 0.00773318437859, 0.00276660569943, 0.00415143044665, 0.028077268973, 0.0183086972684, 0.00940180197358, 0.0185318365693, 0.0140003385022, 0.0292115919292, 0.0343527793884, 0.0302815120667, 0.0284809321165, 0.00773879373446, 0.00313359335996, 0.00326644256711]
        dvar2: [0.0387111343443, 0.0749017298222, 0.0453121289611, 0.0320480503142, 0.0218314696103, 0.0385245829821, 0.030734455213, 0.0177528485656, 0.0375925228, 0.052407193929, 0.0373841561377, 0.0579825378954, 0.0355237647891, 0.0196674857289, 0.0504480525851, 0.0636003240943, 0.0531890466809, 0.0164910312742, 0.0115895830095, 0.010564962402, 0.0163234397769, 0.0170715805143, 0.00749536277726, 0.00815676618367, 0.058525044471, 0.0333122983575, 0.0206494424492, 0.0390099361539, 0.0325116477907, 0.0781843960285, 0.0785155370831, 0.0759735703468, 0.0744829773903, 0.0214602127671, 0.00769412470981, 0.00787720642984]
        max: [0.954531490803, 1, 1, 1, 1, 1, 1, 0.979271352291, 1, 1, 1, 1, 1, 0.827634096146, 1, 1, 1, 0.760555922985, 1, 1, 1, 0.71731108427, 0.459472060204, 0.63523453474, 1, 1, 0.780246317387, 1, 0.771234452724, 1, 1, 1, 1, 1, 0.559571743011, 0.350358247757]
        mean: [0.154765591025, 0.155089095235, 0.136977165937, 0.167610302567, 0.122862301767, 0.102390296757, 0.0900439545512, 0.0462106801569, 0.124004803598, 0.221772879362, 0.15555678308, 0.0923513770103, 0.0919222906232, 0.0593277700245, 0.180932804942, 0.376516968012, 0.261988133192, 0.105582170188, 0.133806288242, 0.100074350834, 0.0711339637637, 0.0724931582808, 0.0411620810628, 0.112560600042, 0.253386616707, 0.196506127715, 0.0831021443009, 0.0861861333251, 0.0919819176197, 0.318634808064, 0.624462902546, 0.449149847031, 0.14722160995, 0.0919216945767, 0.053834207356, 0.064767472446]
        min: [0.00316121219657, 0.00488290470093, 0.00124309537932, 0.00261711841449, 0.00162942428142, 0.00206385343336, 0.00201404420659, 0.00134718418121, 0.00100259471219, 0.000372804846847, 0.000379637436708, 0.000613079755567, 0.000546226918232, 0.000422122626333, 0.00135218270589, 0.00559008214623, 0.0055570974946, 0.00088952673832, 0.000161822303198, 0.00014831853332, 0.000319134036545, 0.000454415567219, 0.00041270640213, 0.00205072341487, 0.00284586683847, 0.00300713675097, 0.00151813891716, 0.000570670701563, 0.000427552004112, 0.00369669729844, 0.0368208810687, 0.0159097705036, 0.00241000461392, 0.000488043006044, 0.000249368895311, 0.001153954654]
        var: [0.0297937132418, 0.029661860317, 0.0293359663337, 0.0419664904475, 0.0269742868841, 0.0306837391108, 0.0281651690602, 0.00838386733085, 0.033023301512, 0.0795421078801, 0.0444207265973, 0.0387109927833, 0.0574712529778, 0.0161718986928, 0.0351934470236, 0.113380841911, 0.0561425834894, 0.0208305642009, 0.0796478912234, 0.0337078869343, 0.0199955832213, 0.0159444864839, 0.00454570865259, 0.0191343575716, 0.0970230773091, 0.0572102032602, 0.0168363191187, 0.0345617122948, 0.0212985146791, 0.0510584339499, 0.134589225054, 0.0900679975748, 0.0378781072795, 0.0318656675518, 0.0129490783438, 0.00522252218798]
    chords_histogram: [20.8333339691, 0, 66.203704834, 0, 0, 0, 0, 0, 0, 2.77777767181, 0, 0, 0, 0, 0, 0, 0, 0, 0, 0, 0, 0, 0, 10.1851854324]
    thpcp: [1, 0.719257831573, 0.235757172108, 0.14720121026, 0.0862088128924, 0.103717088699, 0.247837930918, 0.248355984688, 0.219351962209, 0.268407136202, 0.196748763323, 0.163965374231, 0.144194245338, 0.0740006789565, 0.198578327894, 0.355141788721, 0.249104917049, 0.14788928628, 0.147202163935, 0.0950060784817, 0.289741486311, 0.602945268154, 0.419541537762, 0.169076770544, 0.214274197817, 0.160256683826, 0.11391223222, 0.116088815033, 0.0659159719944, 0.180251866579, 0.405767291784, 0.314680218697, 0.133077785373, 0.138016417623, 0.147297650576, 0.510254204273]
    chords_key: "G"
    chords_scale: "minor"
    key_key: "C"
    key_scale: "minor"
    chords_progression: ["G#", "G#", "G#", "G#", "G#", "G#", "G#", "G#", "G#", "G#", "G#", "G#", "G#", "G#", "G#", "G#", "G#", "G#", "G#", "G#", "G#", "G#", "Cm", "Cm", "Cm", "Cm", "Cm", "Cm", "Cm", "Cm", "Cm", "Cm", "Cm", "Cm", "Cm", "Cm", "Cm", "Cm", "Cm", "Cm", "Cm", "Cm", "Cm", "Cm", "Cm", "Cm", "Gm", "Gm", "Gm", "Gm", "Gm", "Gm", "Gm", "Gm", "Gm", "Gm", "Gm", "Gm", "Gm", "Gm", "Gm", "Gm", "Gm", "Gm", "Gm", "Gm", "Gm", "Gm", "Gm", "Gm", "Gm", "Gm", "Gm", "Gm", "Gm", "Gm", "Gm", "Gm", "Gm", "Gm", "Gm", "Gm", "Gm", "Gm", "Gm", "Gm", "Gm", "Gm", "Gm", "Gm", "Gm", "Gm", "Gm", "Gm", "Gm", "Gm", "Gm", "Gm", "Gm", "Gm", "Gm", "Gm", "Gm", "Gm", "Gm", "Gm", "Gm", "Gm", "Gm", "Gm", "Gm", "Gm", "Gm", "Gm", "Gm", "Gm", "Gm", "Gm", "Gm", "Gm", "Gm", "Gm", "Gm", "Gm", "Gm", "Gm", "Gm", "Gm", "Gm", "Gm", "Gm", "Gm", "Gm", "Gm", "Gm", "Gm", "Gm", "Gm", "Gm", "Gm", "Gm", "Gm", "Gm", "Gm", "Gm", "Gm", "Gm", "Gm", "Gm", "Gm", "Gm", "Gm", "Gm", "Gm", "Gm", "Gm", "Gm", "Gm", "Gm", "Gm", "Gm", "Gm", "Gm", "Gm", "Gm", "Gm", "Gm", "Gm", "Gm", "Gm", "Gm", "Gm", "Gm", "Gm", "G", "G", "G", "G", "G", "G", "Gm", "Gm", "Gm", "Gm", "Gm", "Gm", "Gm", "Gm", "Gm", "Gm", "Gm", "Gm", "Gm", "Gm", "Gm", "Cm", "Cm", "Cm", "Cm", "Cm", "Cm", "Cm", "Cm", "Cm", "Cm", "Cm", "Cm", "Cm", "Cm", "Cm", "Cm", "Cm", "Cm", "Cm", "Cm", "Cm"]
