
metadata:
    version:
        essentia: "1.2.2"
    audio_properties:
        analysis_sample_rate: 44100
        bitrate: 128
        channels: 2
        equal_loudness: 1
        length: 10.0310201645
        replay_gain: -13.1583309174
        downmix: "mix"
    tags:
        track: 19
        year: 0
        album: "Splitted by Mp3Splt v. 2.1"
        artist: "From 003.00 To 003.10"
        comment: "http://mp3splt.sf.net"
        genre: ""
        title: "04 Make You Happy.mp3"

highlevel:
    ballroom:
        all:
            ChaChaCha: 0.140642434359
            Jive: 0.465146303177
            Quickstep: 0.0226393863559
            Rumba-American: 0.00113348371815
            Rumba-International: 0.0103815700859
            Rumba-Misc: 0.00184707948938
            Samba: 0.350247561932
            Tango: 0.000697597395629
            VienneseWaltz: 0.00566945597529
            Waltz: 0.001595144975
        probability: 0.465146303177
        value: "Jive"
    culture:
        all:
            non_western: 0.976304888725
            western: 0.0236950926483
        probability: 0.976304888725
        value: "non_western"
    gender:
        all:
            female: 0.225790545344
            male: 0.774209439754
        probability: 0.774209439754
        value: "male"
    genre_dortmund:
        all:
            alternative: 0.101241700351
            blues: 0.032051358372
            electronic: 0.0598233006895
            folkcountry: 0.0272896885872
            funksoulrnb: 0.0116715924814
            jazz: 0.16421957314
            pop: 0.0718335956335
            raphiphop: 0.298711419106
            rock: 0.233157783747
        probability: 0.298711419106
        value: "raphiphop"
    genre_electronica:
        all:
            ambient: 0.0534377321601
            dnb: 0.860280275345
            house: 0.0258357785642
            techno: 0.0204426590353
            trance: 0.0400035455823
        probability: 0.860280275345
        value: "dnb"
    genre_rosamerica:
        all:
            cla: 0.0130187990144
            dan: 0.368044435978
            hip: 0.245914191008
            jaz: 0.0137803088874
            pop: 0.0767861902714
            rhy: 0.0739151611924
            roc: 0.198874562979
            spe: 0.00966635718942
        probability: 0.368044435978
        value: "dan"
    genre_tzanetakis:
        all:
            blu: 0.00729752052575
            cla: 0.00177497765981
            cou: 0.0269148405641
            dis: 0.0669056400657
            hip: 0.210481822491
            jaz: 0.026378268376
            met: 0.0488721653819
            pop: 0.370357811451
            reg: 0.0191107112914
            roc: 0.221906244755
        probability: 0.370357811451
        value: "pop"
    live_studio:
        all:
            live: 0.772420346737
            studio: 0.227579653263
        probability: 0.772420346737
        value: "live"
    mood:
        all:
            Cluster1: 0.296727776527
            Cluster2: 0.0867369621992
            Cluster3: 0.08210067451
            Cluster4: 0.0502227470279
            Cluster5: 0.484211832285
        probability: 0.484211832285
        value: "Cluster5"
    mood_acoustic:
        all:
            acoustic: 0.0172341223806
            not_acoustic: 0.982765853405
        probability: 0.982765853405
        value: "not_acoustic"
    mood_aggressive:
        all:
            aggressive: 0.743437588215
            not_aggressive: 0.256562411785
        probability: 0.743437588215
        value: "aggressive"
    mood_electronic:
        all:
            electronic: 0.701584637165
            not_electronic: 0.298415333033
        probability: 0.701584637165
        value: "electronic"
    mood_happy:
        all:
            happy: 0.637304902077
            not_happy: 0.362695127726
        probability: 0.637304902077
        value: "happy"
    mood_party:
        all:
            not_party: 0.308989822865
            party: 0.691010177135
        probability: 0.691010177135
        value: "party"
    mood_relaxed:
        all:
            not_relaxed: 0.850192785263
            relaxed: 0.149807214737
        probability: 0.850192785263
        value: "not_relaxed"
    mood_sad:
        all:
            not_sad: 0.86455988884
            sad: 0.135440126061
        probability: 0.86455988884
        value: "not_sad"
    rhythm:
        all:
            fast: 0.800623357296
            medium: 0.159819200635
            slow: 0.0395574681461
        probability: 0.800623357296
        value: "fast"
    speech_music:
        all:
            music: 0.999862909317
            speech: 0.000137087175972
        probability: 0.999862909317
        value: "music"
    timbre:
        all:
            bright: 0.0697616413236
            dark: 0.930238366127
        probability: 0.930238366127
        value: "dark"
    voice_instrumental:
        all:
            instrumental: 0.0100238919258
            voice: 0.989976108074
        probability: 0.989976108074
        value: "voice"

lowlevel:
    average_loudness: 0.974042594433
    barkbands_kurtosis:
        dmean: 0.792931497097
        dmean2: 1.32802128792
        dvar: 1.32284832001
        dvar2: 3.25840210915
        max: 11.0227069855
        mean: -0.695161044598
        min: -1.85151493549
        var: 2.46088886261
    barkbands_skewness:
        dmean: 0.458939164877
        dmean2: 0.739264428616
        dvar: 0.181784421206
        dvar2: 0.436335623264
        max: 2.6624546051
        mean: 0.501210033894
        min: -3.24327349663
        var: 0.602498590946
    barkbands_spread:
        dmean: 5.17085504532
        dmean2: 8.11318683624
        dvar: 21.7240409851
        dvar2: 54.9719581604
        max: 65.5539016724
        mean: 37.2206993103
        min: 10.2538480759
        var: 84.5079879761
    dissonance:
        dmean: 0.0146032525226
        dmean2: 0.023885415867
        dvar: 0.000136317277793
        dvar2: 0.000379640201572
        max: 0.499933570623
        mean: 0.467612594366
        min: 0.392600625753
        var: 0.000346623972291
    hfc:
        dmean: 2.21460795403
        dmean2: 3.43103289604
        dvar: 18.4224815369
        dvar2: 48.0519523621
        max: 49.2437782288
        mean: 6.34826469421
        min: 1.09930610657
        var: 26.4702987671
    pitch:
        dmean: 1043.14709473
        dmean2: 2008.12036133
        dvar: 2081306.125
        dvar2: 4613881.5
        max: 5512.5
        mean: 1735.8840332
        min: 86.8110198975
        var: 2867426.5
    pitch_instantaneous_confidence:
        dmean: 0.083466924727
        dmean2: 0.135215878487
        dvar: 0.00495134666562
        dvar2: 0.0124663775787
        max: 0.747908353806
        mean: 0.405692875385
        min: 0.135533988476
        var: 0.0165644232184
    pitch_salience:
        dmean: 0.074886970222
        dmean2: 0.123322121799
        dvar: 0.00410698121414
        dvar2: 0.0119908386841
        max: 0.826667606831
        mean: 0.61957013607
        min: 0.307980239391
        var: 0.00826987437904
    silence_rate_20dB:
        dmean: 0
        dmean2: 0
        dvar: 0
        dvar2: 0
        max: 1
        mean: 1
        min: 1
        var: 0
    silence_rate_30dB:
        dmean: 0
        dmean2: 0
        dvar: 0
        dvar2: 0
        max: 1
        mean: 1
        min: 1
        var: 0
    silence_rate_60dB:
        dmean: 0.162412986159
        dmean2: 0.325581401587
        dvar: 0.136035457253
        dvar2: 0.252136200666
        max: 1
        mean: 0.375
        min: 0
        var: 0.234375
    spectral_centroid:
        dmean: 310.469299316
        dmean2: 496.845916748
        dvar: 100438.46875
        dvar2: 225146.171875
        max: 4843.46826172
        mean: 1493.08093262
        min: 421.114532471
        var: 416692.15625
    spectral_complexity:
        dmean: 3.69696974754
        dmean2: 5.55607461929
        dvar: 18.0386981964
        dvar2: 40.863658905
        max: 43
        mean: 12.1372089386
        min: 1
        var: 42.7276268005
    spectral_crest:
        dmean: 2.63108325005
        dmean2: 4.36255741119
        dvar: 5.17456388474
        dvar2: 13.9571294785
        max: 20.6693458557
        mean: 8.35102176666
        min: 2.83396077156
        var: 10.5089063644
    spectral_decrease:
        dmean: 3.71505881613e-10
        dmean2: 5.87038917477e-10
        dvar: 3.84370745674e-19
        dvar2: 1.00972200295e-18
        max: -1.8637993926e-10
        mean: -9.85629466932e-10
        min: -6.12821926538e-09
        var: 4.32654828993e-19
    spectral_energy:
        dmean: 0.00156921055168
        dmean2: 0.0024577176664
        dvar: 6.95192693456e-06
        dvar2: 1.83071606443e-05
        max: 0.0269191544503
        mean: 0.00429579988122
        min: 0.000832128571346
        var: 8.03278635431e-06
    spectral_energyband_high:
        dmean: 0.000183592812391
        dmean2: 0.000280345440842
        dvar: 1.50048194314e-07
        dvar2: 3.64312342072e-07
        max: 0.00439919997007
        mean: 0.000410054490203
        min: 2.47311927524e-05
        var: 3.24366141058e-07
    spectral_energyband_low:
        dmean: 0.000277326238574
        dmean2: 0.000454280670965
        dvar: 5.75775572997e-07
        dvar2: 1.55523719059e-06
        max: 0.00542972143739
        mean: 0.00036310555879
        min: 1.01575487577e-07
        var: 4.49694226745e-07
    spectral_energyband_middle_high:
        dmean: 0.000496984168421
        dmean2: 0.000791137979832
        dvar: 8.35094169815e-07
        dvar2: 2.216112307e-06
        max: 0.0103130703792
        mean: 0.00131285481621
        min: 0.000203539384529
        var: 1.1147224086e-06
    spectral_energyband_middle_low:
        dmean: 0.00101696513593
        dmean2: 0.00167487049475
        dvar: 2.50049333772e-06
        dvar2: 6.7501673584e-06
        max: 0.0151158729568
        mean: 0.00220975163393
        min: 0.000117552735901
        var: 2.7889195735e-06
    spectral_flatness_db:
        dmean: 0.0169263593853
        dmean2: 0.0279069151729
        dvar: 0.000206667667953
        dvar2: 0.000525680487044
        max: 0.244744107127
        mean: 0.154870182276
        min: 0.0956979542971
        var: 0.000669579545502
    spectral_flux:
        dmean: 0.00943091325462
        dmean2: 0.0138962781057
        dvar: 0.000138867253554
        dvar2: 0.000236133797443
        max: 0.120858892798
        mean: 0.0389786399901
        min: 0.0157696548849
        var: 0.000270857883152
    spectral_kurtosis:
        dmean: 0.649035215378
        dmean2: 1.02193570137
        dvar: 0.285021096468
        dvar2: 0.753526329994
        max: 7.99536514282
        mean: 2.51934933662
        min: 0.316458702087
        var: 1.14272177219
    spectral_rms:
        dmean: 0.000336540018907
        dmean2: 0.000501846545376
        dvar: 1.76997431822e-07
        dvar2: 4.38195087327e-07
        max: 0.00512470398098
        mean: 0.00196848530322
        min: 0.000901017629076
        var: 3.16089085572e-07
    spectral_rolloff:
        dmean: 501.136230469
        dmean2: 825.808105469
        dvar: 356514.90625
        dvar2: 881521.375
        max: 6007.76367188
        mean: 3181.45678711
        min: 366.064453125
        var: 939235.4375
    spectral_skewness:
        dmean: 0.124228470027
        dmean2: 0.188722699881
        dvar: 0.00963331852108
        dvar2: 0.0190323982388
        max: 2.15214490891
        mean: 1.20777487755
        min: 0.354182124138
        var: 0.0692414268851
    spectral_spread:
        dmean: 412489.0625
        dmean2: 597488.6875
        dvar: 169274392576
        dvar2: 333051330560
        max: 8307763.5
        mean: 5287970.5
        min: 3382040.5
        var: 634652917760
    spectral_strongpeak:
        dmean: 0.234029307961
        dmean2: 0.412900835276
        dvar: 0.168063297868
        dvar2: 0.465111732483
        max: 3.68253469467
        mean: 0.379569113255
        min: 0.0325491093099
        var: 0.181792527437
    zerocrossingrate:
        dmean: 0.0103176450357
        dmean2: 0.0127842985094
        dvar: 8.42049703351e-05
        dvar2: 0.000112091118353
        max: 0.22802734375
        mean: 0.0910553708673
        min: 0.03515625
        var: 0.000801455171313
    barkbands:
        dmean: [3.47506755816e-07, 6.98273652233e-05, 0.000227819095016, 0.000234777922742, 0.000583896879107, 0.000184815944522, 0.000129078165628, 0.000184572578291, 7.47972371755e-05, 7.01117605786e-05, 1.54846584337e-05, 1.97458120965e-05, 1.09987113319e-05, 1.79692433449e-05, 3.09847928293e-05, 7.91429338278e-05, 0.000116699084174, 0.000132982560899, 0.000188953563338, 0.000128145693452, 0.000119183961942, 2.90778443741e-05, 5.1596330195e-06, 2.24144218919e-06, 1.43179613588e-06, 7.9408351894e-08, 1.50827017542e-10]
        dmean2: [5.18159708918e-07, 0.000117142153613, 0.000378150638426, 0.000412858527852, 0.000970841792878, 0.000312167336233, 0.000221313282964, 0.000274015474133, 0.000116806710139, 0.000102529418655, 2.4924895115e-05, 3.33335265168e-05, 1.91782801267e-05, 3.02567641484e-05, 5.35920262337e-05, 0.000131475564558, 0.000188114368939, 0.000216121625272, 0.000304016750306, 0.000205935546546, 0.000195444430574, 4.30142936239e-05, 7.9314213508e-06, 3.28829264618e-06, 2.21833056457e-06, 1.09773154122e-07, 2.73657985161e-10]
        dvar: [2.94711710548e-13, 2.62196468981e-08, 4.92878882596e-07, 4.08342685887e-07, 1.02189937934e-06, 1.28543405253e-07, 5.40001892091e-08, 8.37822256017e-08, 9.87519399587e-09, 9.43291400546e-09, 1.18742471411e-09, 2.32771801834e-09, 6.74548528146e-10, 1.71675085259e-09, 5.23417975629e-09, 3.83365517109e-08, 2.90642194756e-08, 7.80037154868e-08, 5.28365582397e-08, 6.52618012964e-08, 6.2491899655e-08, 4.83326045853e-09, 1.18170362384e-10, 1.69788436782e-11, 7.76897903648e-12, 2.71925934732e-14, 3.25169416309e-20]
        dvar2: [7.23121432525e-13, 7.63966880868e-08, 1.32224715799e-06, 1.15325269689e-06, 2.61330660578e-06, 3.38633356023e-07, 1.4457387465e-07, 1.68481193441e-07, 1.94309031087e-08, 1.79738588457e-08, 2.41459297001e-09, 6.46943609794e-09, 1.91165661079e-09, 4.70387906404e-09, 1.34996529511e-08, 1.04505588183e-07, 8.14265064264e-08, 2.04751259503e-07, 1.27403097849e-07, 1.70465284555e-07, 1.63401239206e-07, 8.93819862569e-09, 2.55253818082e-10, 3.81909052993e-11, 1.74836568834e-11, 5.54116451887e-14, 8.87050782067e-20]
        max: [5.71928376303e-06, 0.00193781871349, 0.00529005751014, 0.00530221918598, 0.0123262945563, 0.00326038594358, 0.00206029089168, 0.00353716453537, 0.00125662982464, 0.00172452803236, 0.000537824060302, 0.000393750116928, 0.000212351762457, 0.000389512628317, 0.00077965069795, 0.00191866769455, 0.00175476458389, 0.00455056549981, 0.00217200722545, 0.00257168454118, 0.00228409515694, 0.00154319603462, 0.000173567168531, 4.23983619839e-05, 2.83398258034e-05, 1.8093220433e-06, 1.37792954824e-09]
        mean: [8.29869463814e-07, 0.000132022309117, 0.000230289966566, 0.000233969389228, 0.000992574146949, 0.000306442874717, 0.000158701761393, 0.000345483364072, 0.000128711777506, 0.00014778287732, 1.98730504053e-05, 2.38392567553e-05, 1.24392154248e-05, 2.24794384849e-05, 4.15589784097e-05, 0.000114467271487, 0.000232204067288, 0.000237652377109, 0.000390675122617, 0.00023077375954, 0.000213631792576, 6.12045114394e-05, 1.07432333607e-05, 4.41626116299e-06, 2.92452477879e-06, 1.11566144767e-07, 1.29005375826e-10]
        min: [4.58826893146e-10, 2.91696249377e-08, 2.94508595289e-08, 9.06512298116e-07, 1.38850264193e-05, 6.54670020594e-06, 2.41858538175e-06, 2.2515762339e-06, 1.47872128764e-06, 2.65303947344e-06, 6.38681925125e-08, 5.8365986888e-07, 1.02438711735e-07, 4.43795443061e-07, 7.6348391076e-07, 3.4218790006e-06, 1.84776199603e-05, 1.75654568011e-05, 2.15792060771e-05, 1.88573631021e-05, 1.18259467854e-05, 1.40387885494e-06, 3.21940632375e-07, 2.68235623935e-07, 1.61447800906e-07, 1.27919763671e-09, 1.52794660604e-13]
        var: [5.03385852967e-13, 2.70107616274e-08, 3.55432092647e-07, 2.74933029232e-07, 1.21141340514e-06, 2.41465784256e-07, 5.26704191373e-08, 2.55124064097e-07, 2.7099602562e-08, 4.4281204481e-08, 1.60762214652e-09, 2.5074535781e-09, 5.77267234014e-10, 1.49224244073e-09, 6.26703400286e-09, 3.85083609444e-08, 3.83883289601e-08, 9.31969736939e-08, 1.09437600315e-07, 7.28608782197e-08, 8.76066081901e-08, 2.69586184487e-08, 3.83209575183e-10, 3.46602781198e-11, 1.73797590902e-11, 6.11938478405e-14, 3.05173585159e-20]
    mfcc:
        mean: [-712.187072754, 98.0699157715, -22.9445457458, 72.0368041992, -15.1344280243, -23.5034446716, -6.49140834808, -3.14488816261, 8.5689201355, -6.66905069351, -5.23081922531, -7.64214992523, -9.61180305481]
        cov: [[1067.2175293, -237.090087891, -72.2003631592, -93.5505981445, -21.850730896, 75.9673080444, -46.2488479614, -31.1890144348, -81.454864502, 20.4782962799, -32.0122680664, -15.8871002197, 14.3619680405], [-237.090087891, 623.294067383, -88.9068527222, -4.48535346985, 78.9665298462, -81.4463500977, 97.1550598145, 22.1876907349, 58.8707923889, 38.724395752, -20.1425590515, 1.83113431931, -35.0420227051], [-72.2003631592, -88.9068527222, 263.146453857, 135.887969971, 54.861579895, 39.9044647217, -6.5353808403, 61.5089492798, 19.0149345398, 13.6539306641, 33.8074264526, 40.1443710327, 12.3365497589], [-93.5505981445, -4.48535346985, 135.887969971, 221.219573975, 50.5106735229, -2.40342855453, 12.2922449112, 53.2101554871, 24.1213130951, -10.6020879745, 33.3246688843, 33.7377357483, 5.11024808884], [-21.850730896, 78.9665298462, 54.861579895, 50.5106735229, 132.382705688, 50.6414718628, 37.3024177551, 40.7486381531, 26.420627594, 34.3948402405, -10.4623422623, 1.88301551342, -4.37242603302], [75.9673080444, -81.4463500977, 39.9044647217, -2.40342855453, 50.6414718628, 175.761169434, 37.7974815369, 21.5885772705, 4.7906088829, 21.7153778076, 1.77563011646, -5.73608112335, 34.1785469055], [-46.2488479614, 97.1550598145, -6.5353808403, 12.2922449112, 37.3024177551, 37.7974815369, 104.457878113, 48.2110404968, 15.8878116608, 7.53495359421, -14.0474700928, -7.90813875198, -3.47904157639], [-31.1890144348, 22.1876907349, 61.5089492798, 53.2101554871, 40.7486381531, 21.5885772705, 48.2110404968, 115.853126526, 39.6345748901, 21.6291751862, -1.75234293938, 5.07550144196, 15.6240568161], [-81.454864502, 58.8707923889, 19.0149345398, 24.1213130951, 26.420627594, 4.7906088829, 15.8878116608, 39.6345748901, 75.7066268921, 30.0723266602, 0.272754788399, 1.97798669338, 5.76907348633], [20.4782962799, 38.724395752, 13.6539306641, -10.6020879745, 34.3948402405, 21.7153778076, 7.53495359421, 21.6291751862, 30.0723266602, 74.5486984253, 7.19500398636, -2.04567694664, 3.53459715843], [-32.0122680664, -20.1425590515, 33.8074264526, 33.3246688843, -10.4623422623, 1.77563011646, -14.0474700928, -1.75234293938, 0.272754788399, 7.19500398636, 62.378036499, 24.60978508, 5.52465057373], [-15.8871002197, 1.83113431931, 40.1443710327, 33.7377357483, 1.88301551342, -5.73608112335, -7.90813875198, 5.07550144196, 1.97798669338, -2.04567694664, 24.60978508, 53.4540596008, 19.1315422058], [14.3619680405, -35.0420227051, 12.3365497589, 5.11024808884, -4.37242603302, 34.1785469055, -3.47904157639, 15.6240568161, 5.76907348633, 3.53459715843, 5.52465057373, 19.1315422058, 60.4124221802]]
        icov: [[0.00127396336757, 0.000396886927774, 0.000640328857116, -4.56048037449e-05, 3.73105867766e-05, -0.000591568998061, 0.000625809188932, -0.000524836825207, 0.00154288869817, -0.00118890323211, 0.000980225508101, -0.000692730478477, 0.00036156407441], [0.000396886927774, 0.00312191713601, 0.00117713119835, 0.000200093258172, -0.00211628479883, 0.00224095955491, -0.00303628784604, 0.00103812932502, -0.00119026645552, -0.00115684664343, 3.4656310163e-05, -0.00131618778687, 0.000189856800716], [0.000640328857116, 0.00117713119835, 0.0079295411706, -0.0032882518135, -0.00131959922146, -0.00173640705179, 0.00234071211889, -0.00315684196539, 0.00112844037358, -0.00160007190425, 6.02227592026e-05, -0.00418992014602, 0.00233478285372], [-4.56048037449e-05, 0.000200093258172, -0.0032882518135, 0.00873890705407, -0.00322419102304, 0.001925626304, -0.00102682411671, -0.00121641880833, -0.0019517976325, 0.00431507220492, -0.0039345449768, -0.000539342698175, -0.000543626607396], [3.73105867766e-05, -0.00211628479883, -0.00131959922146, -0.00322419102304, 0.014658360742, -0.00522369751707, 0.00062369031366, -0.00150894664694, 0.000632306735497, -0.00502228550613, 0.00545096956193, -0.00192139938008, 0.00409164559096], [-0.000591568998061, 0.00224095955491, -0.00173640705179, 0.001925626304, -0.00522369751707, 0.0116433622316, -0.00662460178137, 0.00308248330839, -0.0010622786358, -0.000412737659644, -0.0032089240849, 0.00414853636175, -0.00740657933056], [0.000625809188932, -0.00303628784604, 0.00234071211889, -0.00102682411671, 0.00062369031366, -0.00662460178137, 0.0190474838018, -0.00862105377018, 0.00255509419367, 0.00152309820987, 0.00269185123034, -0.000799549045041, 0.00449238112196], [-0.000524836825207, 0.00103812932502, -0.00315684196539, -0.00121641880833, -0.00150894664694, 0.00308248330839, -0.00862105377018, 0.0170470643789, -0.00600782642141, -0.00155827123672, 0.000376944808522, 0.00235889619216, -0.00540050584823], [0.00154288869817, -0.00119026645552, 0.00112844037358, -0.0019517976325, 0.000632306735497, -0.0010622786358, 0.00255509419367, -0.00600782642141, 0.0217070877552, -0.00775389652699, 0.0023446935229, -0.00029967338196, -0.000513647450134], [-0.00118890323211, -0.00115684664343, -0.00160007190425, 0.00431507220492, -0.00502228550613, -0.000412737659644, 0.00152309820987, -0.00155827123672, -0.00775389652699, 0.0218866094947, -0.0066184848547, 0.00320559227839, -0.00101590016857], [0.000980225508101, 3.4656310163e-05, 6.02227592026e-05, -0.0039345449768, 0.00545096956193, -0.0032089240849, 0.00269185123034, 0.000376944808522, 0.0023446935229, -0.0066184848547, 0.0248128883541, -0.0104953460395, 0.00359301245771], [-0.000692730478477, -0.00131618778687, -0.00418992014602, -0.000539342698175, -0.00192139938008, 0.00414853636175, -0.000799549045041, 0.00235889619216, -0.00029967338196, 0.00320559227839, -0.0104953460395, 0.0314664766192, -0.0120037831366], [0.00036156407441, 0.000189856800716, 0.00233478285372, -0.000543626607396, 0.00409164559096, -0.00740657933056, 0.00449238112196, -0.00540050584823, -0.000513647450134, -0.00101590016857, 0.00359301245771, -0.0120037831366, 0.0258694048971]]
    spectral_contrast:
        mean: [1.68612700691e-07, 4.67350673716e-08, 6.62289494358e-07, 3.05367677811e-07, 3.859747153e-07, 2.66834749851e-08, -1.5100767996e-06, -2.57145529758e-06, 4.86519456899e-06, -4.11674045608e-06, 4.35252513853e-06, 1.9783544758e-06]
        var: [0.000433308887295, 0.000601940671913, 0.00128894089721, 0.00271599856205, 0.00413386290893, 0.00548665085807, 0.0510236918926, 0.0798530578613, 0.176266819239, 0.22172704339, 0.397520661354, 0.764799833298]

rhythm:
    beats_loudness:
        dmean: 0.00247016083449
        dmean2: 0.00466427253559
        dvar: 1.82723283615e-06
        dvar2: 5.41993722436e-06
        max: 0.0116038247943
        mean: 0.00690846098587
        min: 0.00349409971386
        var: 4.99379893881e-06
    beats_loudness_bass:
        dmean: 0.548820137978
        dmean2: 1.11264264584
        dvar: 0.0237818676978
        dvar2: 0.0620288252831
        max: 0.724254846573
        mean: 0.293555229902
        min: 0.00707963481545
        var: 0.0836125686765
    bpm: 88.2368240356
    bpm_confidence: 0
    first_peak_bpm: 88
    first_peak_spread: 0
    first_peak_weight: 1
    onset_rate: 4.2867026329
    second_peak_bpm: 0
    second_peak_spread: 0
    second_peak_weight: 0
    beats_position: [0.699508845806, 1.37991428375, 2.06031966209, 2.74072527885, 3.42113041878, 4.10153579712, 4.78194093704, 5.4623465538, 6.15569353104, 6.83537483215, 7.5150551796, 8.19473648071, 8.87441635132, 9.55409812927]
    bpm_estimates: [88.1599807739, 87.6338500977, 88.5373001099, 88.283744812, 88.2872543335, 88.1992416382, 88.2651290894, 88.3917999268, 88.2653121948, 88.2716369629, 88.2764511108, 88.2855377197, 88.2538604736, 88.2043304443]
    bpm_intervals: [0.680405437946, 0.680405378342, 0.68040561676, 0.680405139923, 0.680405378342, 0.680405139923, 0.68040561676, 0.693346977234, 0.679681301117, 0.679680347443, 0.679681301117, 0.679679870605, 0.679681777954]
    onset_times: [0.0580498874187, 0.348299324512, 0.592108845711, 1.02167797089, 1.39319729805, 1.42802715302, 1.71827661991, 2.22911572456, 2.3916554451, 2.5890250206, 2.76317453384, 3.05342411995, 3.41333341599, 3.68036270142, 3.85451245308, 3.92417240143, 4.42340135574, 4.7833108902, 4.99229001999, 5.11999988556, 5.34058952332, 5.45668935776, 5.79337882996, 5.97913837433, 6.01396846771, 6.14167785645, 6.3622674942, 6.45514726639, 6.6989569664, 6.81505680084, 7.14013624191, 7.37233543396, 7.51165533066, 7.70902490616, 7.84834480286, 8.08054447174, 8.19664382935, 8.52172374725, 8.75392246246, 8.88163280487, 9.2067117691, 9.55501174927, 9.8800907135]
    rubato_start: []
    rubato_stop: []
    perceptual_tempo: "unknown"

sfx:
    inharmonicity:
        dmean: 0.0459312684834
        dmean2: 0.0824929475784
        dvar: 0.00293260300532
        dvar2: 0.00804317370057
        max: 0.324049144983
        mean: 0.0449174940586
        min: 0
        var: 0.00275779981166
    oddtoevenharmonicenergyratio:
        dmean: 5.60653924942
        dmean2: 10.9675130844
        dvar: 1053.94665527
        dvar2: 3147.4152832
        max: 365.685333252
        mean: 3.24746203423
        min: 0
        var: 538.532836914
    pitch_after_max_to_before_max_energy_ratio: 2.63220381737
    pitch_centroid: 219.751708984
    pitch_max_to_total: 0.379069775343
    pitch_min_to_total: 0.620930254459
    tristimulus:
        dmean: [0.216343447566, 0.24863268435, 0.152625650167]
        dmean2: [0.378300249577, 0.422982424498, 0.276587337255]
        dvar: [0.0332108922303, 0.0397790819407, 0.0206750724465]
        dvar2: [0.0899229198694, 0.112008169293, 0.060656607151]
        max: [1, 0.982445478439, 0.7174025774]
        mean: [0.382290482521, 0.405912965536, 0.150129362941]
        min: [0.00380949908867, 0, 0]
        var: [0.0525279380381, 0.0575870983303, 0.022186499089]

tonal:
    chords_changes_rate: 0.0601851865649
    chords_number_rate: 0.0277777779847
    chords_strength:
        dmean: 0.0127028059214
        dmean2: 0.0139619130641
        dvar: 0.000116588904348
        dvar2: 0.000146992751979
        max: 0.670619308949
        mean: 0.494813412428
        min: 0.363417088985
        var: 0.00666063977405
    key_strength: 0.62819737196
    tuning_diatonic_strength: 0.629269301891
    tuning_equal_tempered_deviation: 0.378941655159
    tuning_frequency: 453.940612793
    tuning_nontempered_energy_ratio: 0.969506561756
    hpcp:
        dmean: [0.168859690428, 0.165842592716, 0.183436065912, 0.138090118766, 0.119129307568, 0.131517767906, 0.180053815246, 0.22644482553, 0.225507572293, 0.181085750461, 0.141844511032, 0.135679498315, 0.158921986818, 0.188215985894, 0.1879927665, 0.139126509428, 0.0909125804901, 0.0574060939252, 0.0632085129619, 0.0795053914189, 0.102782800794, 0.165056541562, 0.185394063592, 0.174169868231, 0.134200781584, 0.115692809224, 0.123848512769, 0.166339382529, 0.205191925168, 0.191820070148, 0.142241835594, 0.125653609633, 0.129551276565, 0.157728359103, 0.154523342848, 0.161282137036]
        dmean2: [0.288536757231, 0.296837210655, 0.326956212521, 0.246343046427, 0.215973898768, 0.23601667583, 0.324846863747, 0.39086702466, 0.377695828676, 0.317299455404, 0.253112226725, 0.23660723865, 0.261693447828, 0.32286709547, 0.305120766163, 0.243796974421, 0.159526929259, 0.0984684228897, 0.10955465585, 0.134600833058, 0.177398562431, 0.294489711523, 0.313335746527, 0.295981675386, 0.240759879351, 0.210329800844, 0.225326389074, 0.278977274895, 0.33587884903, 0.313194453716, 0.248681992292, 0.221492663026, 0.225956305861, 0.283032804728, 0.263060122728, 0.261861234903]
        dvar: [0.0398993827403, 0.0518252588809, 0.0587175823748, 0.0320936217904, 0.0457789748907, 0.0435892902315, 0.0537168718874, 0.068840071559, 0.0644837319851, 0.063585460186, 0.0448546372354, 0.0433511063457, 0.0358640477061, 0.0455342307687, 0.0329301804304, 0.0266224332154, 0.0166421942413, 0.004792900756, 0.0121300695464, 0.0167958606035, 0.0197381824255, 0.0469516403973, 0.0481665804982, 0.0465059280396, 0.0444324277341, 0.0374681353569, 0.0405620001256, 0.0306246187538, 0.0424861051142, 0.0379957519472, 0.0331388302147, 0.0356840007007, 0.0282384622842, 0.0469138659537, 0.0336251929402, 0.0401825383306]
        dvar2: [0.0871201306581, 0.122366756201, 0.152697637677, 0.0813799202442, 0.121544867754, 0.112708896399, 0.155936002731, 0.184036701918, 0.162307471037, 0.17887224257, 0.119096547365, 0.11529827863, 0.0922273471951, 0.104779869318, 0.0807291790843, 0.0655243545771, 0.045961111784, 0.0130070922896, 0.034528169781, 0.0461935847998, 0.0484953336418, 0.128285944462, 0.117448069155, 0.11270993948, 0.132746353745, 0.119312390685, 0.116570807993, 0.0780163705349, 0.0920273736119, 0.0822941362858, 0.087864972651, 0.0802605003119, 0.0709373354912, 0.130846276879, 0.0756088867784, 0.101334862411]
        max: [1, 1, 1, 0.926455020905, 1, 1, 1, 1, 1, 1, 1, 1, 1, 1, 1, 1, 0.946089863777, 0.384620219469, 0.906804561615, 1, 1, 1, 1, 1, 1, 1, 1, 1, 1, 1, 1, 1, 1, 1, 1, 1]
        mean: [0.207538872957, 0.234291285276, 0.205859914422, 0.139058217406, 0.118582628667, 0.123520456254, 0.192011937499, 0.291378229856, 0.27362293005, 0.18750192225, 0.138288170099, 0.136243149638, 0.213927999139, 0.316386640072, 0.277366161346, 0.164065152407, 0.102842956781, 0.0724420174956, 0.0806572362781, 0.106321491301, 0.120060682297, 0.178138762712, 0.242559358478, 0.195597395301, 0.126966163516, 0.10718344897, 0.106601200998, 0.223589360714, 0.393644720316, 0.325265705585, 0.16992636025, 0.147159487009, 0.156331986189, 0.187718421221, 0.234246179461, 0.225174307823]
        min: [0.00516405142844, 0.00341349071823, 0.00247035361826, 0.00272565172054, 0.00190833187662, 0.00205610622652, 0.00248169200495, 0.00422616535798, 0.00521826837212, 0.00366938603111, 0.00252819503658, 0.00538262864575, 0.015634438023, 0.0203873571008, 0.0180747322738, 0.00968610867858, 0.00487879989669, 0.00435462966561, 0.00402266858146, 0.00287461350672, 0.00149493315257, 0.00569360563532, 0.00996871013194, 0.00718493014574, 0.00405208626762, 0.00448732171208, 0.00180701923091, 0.00952475890517, 0.0185909252614, 0.022638535127, 0.0023851308506, 0.00451053492725, 0.00620572315529, 0.00890533439815, 0.00795241165906, 0.0135530969128]
        var: [0.0545547679067, 0.0799147710204, 0.0701558664441, 0.0335138998926, 0.0367392487824, 0.0374906994402, 0.055576518178, 0.103555873036, 0.0930439531803, 0.0654121339321, 0.0419764220715, 0.0405021607876, 0.0535351186991, 0.0758998394012, 0.0574469231069, 0.033519949764, 0.0171497985721, 0.00596806313843, 0.00921352114528, 0.0153548410162, 0.0227940529585, 0.0428164042532, 0.0680227279663, 0.0581231638789, 0.034060716629, 0.0258469097316, 0.0269088540226, 0.0485787689686, 0.103833854198, 0.0713052600622, 0.0371943004429, 0.0437342077494, 0.0384576246142, 0.0467350706458, 0.0588656030595, 0.0566022135317]
    chords_histogram: [50.4629631042, 0, 13.4259262085, 1.85185182095, 0, 6.01851844788, 0, 0.925925910473, 0, 0, 0, 0, 0, 0, 0, 0, 0, 0, 0, 0, 6.94444465637, 0, 20.3703708649, 0]
    thpcp: [1, 0.826292574406, 0.431674420834, 0.373838335276, 0.397139787674, 0.476872712374, 0.595070064068, 0.572024226189, 0.527223825455, 0.595184624195, 0.522958636284, 0.353258192539, 0.301242768764, 0.313786655664, 0.487779796124, 0.740206122398, 0.695101261139, 0.476322710514, 0.351301968098, 0.346106886864, 0.543454527855, 0.803736507893, 0.704610407352, 0.416784852743, 0.261258304119, 0.184028938413, 0.204898566008, 0.270095050335, 0.304997563362, 0.452536910772, 0.616188526154, 0.496888160706, 0.32253998518, 0.27228474617, 0.270805627108, 0.567997872829]
    chords_key: "F#"
    chords_scale: "minor"
    key_key: "F#"
    key_scale: "minor"
    chords_progression: ["C#m", "C#m", "C#m", "C#m", "C#m", "C#m", "C#m", "C#m", "C#m", "C#m", "C#m", "C#m", "C#m", "C#m", "C#m", "C#m", "C#m", "C#m", "C#m", "C#m", "C#m", "C#m", "C#m", "F#m", "F#m", "C#m", "C#m", "C#m", "C#m", "C#m", "C#m", "F#m", "F#m", "F#m", "F#m", "F#m", "F#m", "F#m", "F#m", "F#m", "F#m", "F#m", "F#m", "F#m", "F#m", "F#m", "F#m", "F#m", "F#m", "F#m", "F#m", "F#m", "F#m", "F#m", "F#m", "F#m", "F#m", "F#m", "F#m", "F#m", "F#m", "F#m", "F#m", "F#m", "F#m", "F#m", "F#m", "F#m", "F#m", "F#m", "F#m", "F#m", "F#m", "F#m", "F#m", "F#m", "F#m", "F#m", "F#m", "F#m", "F#m", "F#m", "F#m", "F#m", "F#m", "F#m", "Bm", "Bm", "Bm", "Bm", "Bm", "Bm", "Bm", "Bm", "Bm", "Bm", "Bm", "Bm", "Bm", "Bm", "B", "B", "B", "B", "B", "B", "B", "B", "F#m", "F#m", "F#m", "F#m", "F#m", "F#m", "F#m", "F#m", "F#m", "F#m", "F#m", "F#m", "F#m", "F#m", "F#m", "F#m", "F#m", "F#m", "F#m", "F#m", "F#m", "F#m", "F#m", "F#m", "F#m", "F#m", "F#m", "F#m", "F#m", "F#m", "F#m", "F#m", "F#m", "F#m", "F#m", "F#m", "E", "E", "E", "E", "Em", "Em", "Em", "Em", "Em", "Em", "Em", "Em", "Em", "Em", "Em", "Em", "Em", "Em", "Em", "B", "F#", "F#", "F#m", "F#m", "F#m", "F#m", "F#m", "F#m", "F#m", "F#m", "F#m", "F#m", "F#m", "F#m", "F#m", "F#m", "F#m", "F#m", "B", "B", "B", "B", "Bm", "Bm", "Bm", "Bm", "Bm", "Bm", "Bm", "Bm", "Bm", "Bm", "Bm", "Bm", "Bm", "Bm", "Bm", "Bm", "Bm", "Bm", "Bm", "Bm", "Bm", "Bm", "Bm", "Bm", "Bm", "Bm", "Bm", "Bm", "Bm", "Bm"]
