
metadata:
    version:
        essentia: "1.2.2"
    audio_properties:
        analysis_sample_rate: 44100
        bitrate: 128
        channels: 2
        equal_loudness: 1
        length: 10.0832653046
        replay_gain: -4.27704620361
        downmix: "mix"
    tags:
        track: 39
        year: 0
        album: "Splitted by Mp3Splt v. 2.1"
        artist: "From 006.20 To 006.30"
        comment: "http://mp3splt.sf.net"
        genre: ""
        title: "08 Sensorium.mp3"

highlevel:
    ballroom:
        all:
            ChaChaCha: 0.584195971489
            Jive: 0.0842562913895
            Quickstep: 0.112917013466
            Rumba-American: 0.00402409397066
            Rumba-International: 0.0220443084836
            Rumba-Misc: 0.00521620782092
            Samba: 0.14004714787
            Tango: 0.0367777869105
            VienneseWaltz: 0.00691958796233
            Waltz: 0.00360161717981
        probability: 0.584195971489
        value: "ChaChaCha"
    culture:
        all:
            non_western: 0.998145997524
            western: 0.00185402459465
        probability: 0.998145997524
        value: "non_western"
    gender:
        all:
            female: 0.860761106014
            male: 0.139238908887
        probability: 0.860761106014
        value: "female"
    genre_dortmund:
        all:
            alternative: 0.0122170317918
            blues: 0.0068688755855
            electronic: 0.703800678253
            folkcountry: 0.0259919241071
            funksoulrnb: 0.0132262930274
            jazz: 0.0603325776756
            pop: 0.0271918345243
            raphiphop: 0.106486923993
            rock: 0.043883882463
        probability: 0.703800678253
        value: "electronic"
    genre_electronica:
        all:
            ambient: 0.230847164989
            dnb: 0.303942501545
            house: 0.249364927411
            techno: 0.0422920063138
            trance: 0.173553407192
        probability: 0.303942501545
        value: "dnb"
    genre_rosamerica:
        all:
            cla: 0.0337806381285
            dan: 0.0712909623981
            hip: 0.110680297017
            jaz: 0.0311713796109
            pop: 0.362378716469
            rhy: 0.35159137845
            roc: 0.034759439528
            spe: 0.0043471599929
        probability: 0.362378716469
        value: "pop"
    genre_tzanetakis:
        all:
            blu: 0.00612563593313
            cla: 0.00937407650054
            cou: 0.0172853134573
            dis: 0.0717024877667
            hip: 0.0198560878634
            jaz: 0.00276925461367
            met: 0.0040374440141
            pop: 0.285141259432
            reg: 0.573783457279
            roc: 0.00992495752871
        probability: 0.573783457279
        value: "reg"
    live_studio:
        all:
            live: 0.114156961441
            studio: 0.885843038559
        probability: 0.885843038559
        value: "studio"
    mood:
        all:
            Cluster1: 0.133176729083
            Cluster2: 0.214421629906
            Cluster3: 0.450340867043
            Cluster4: 0.165013030171
            Cluster5: 0.0370477363467
        probability: 0.450340867043
        value: "Cluster3"
    mood_acoustic:
        all:
            acoustic: 0.0203981939703
            not_acoustic: 0.979601800442
        probability: 0.979601800442
        value: "not_acoustic"
    mood_aggressive:
        all:
            aggressive: 0.0328491777182
            not_aggressive: 0.967150807381
        probability: 0.967150807381
        value: "not_aggressive"
    mood_electronic:
        all:
            electronic: 0.790109872818
            not_electronic: 0.20989009738
        probability: 0.790109872818
        value: "electronic"
    mood_happy:
        all:
            happy: 0.090547002852
            not_happy: 0.909452974796
        probability: 0.909452974796
        value: "not_happy"
    mood_party:
        all:
            not_party: 0.291113525629
            party: 0.708886444569
        probability: 0.708886444569
        value: "party"
    mood_relaxed:
        all:
            not_relaxed: 0.81099063158
            relaxed: 0.189009338617
        probability: 0.81099063158
        value: "not_relaxed"
    mood_sad:
        all:
            not_sad: 0.738249182701
            sad: 0.261750817299
        probability: 0.738249182701
        value: "not_sad"
    rhythm:
        all:
            fast: 0.206938356161
            medium: 0.741439700127
            slow: 0.0516219511628
        probability: 0.741439700127
        value: "medium"
    speech_music:
        all:
            music: 0.999948561192
            speech: 5.14260282216e-05
        probability: 0.999948561192
        value: "music"
    timbre:
        all:
            bright: 0.487964004278
            dark: 0.512035965919
        probability: 0.512035965919
        value: "dark"
    voice_instrumental:
        all:
            instrumental: 0.410602807999
            voice: 0.589397192001
        probability: 0.589397192001
        value: "voice"

lowlevel:
    average_loudness: 0.964233756065
    barkbands_kurtosis:
        dmean: 1.60894083977
        dmean2: 2.53378272057
        dvar: 4.2796087265
        dvar2: 10.5300502777
        max: 29.3301200867
        mean: 0.946429729462
        min: -1.86082327366
        var: 12.3414049149
    barkbands_skewness:
        dmean: 0.59516364336
        dmean2: 0.961080610752
        dvar: 0.339915901423
        dvar2: 0.795918166637
        max: 4.48770332336
        mean: 0.481984943151
        min: -2.82741189003
        var: 1.43220305443
    barkbands_spread:
        dmean: 7.10410404205
        dmean2: 10.6558828354
        dvar: 48.7551803589
        dvar2: 106.987503052
        max: 63.9735603333
        mean: 26.0125961304
        min: 4.45154190063
        var: 141.644119263
    dissonance:
        dmean: 0.0297171380371
        dmean2: 0.0488914065063
        dvar: 0.00072744092904
        dvar2: 0.00171979353763
        max: 0.499363571405
        mean: 0.438370645046
        min: 0.0998937487602
        var: 0.00173027254641
    hfc:
        dmean: 5.31640911102
        dmean2: 9.09810161591
        dvar: 206.201263428
        dvar2: 576.911132812
        max: 152.810333252
        mean: 5.22743606567
        min: 0.00101158604957
        var: 141.986740112
    pitch:
        dmean: 347.117767334
        dmean2: 631.284179688
        dvar: 642756.5625
        dvar2: 1786726
        max: 4900
        mean: 495.833099365
        min: 58.3333320618
        var: 519200.96875
    pitch_instantaneous_confidence:
        dmean: 0.0976481437683
        dmean2: 0.145897552371
        dvar: 0.00626150658354
        dvar2: 0.0163626037538
        max: 0.877738893032
        mean: 0.488405019045
        min: 0.168202936649
        var: 0.0199286863208
    pitch_salience:
        dmean: 0.0813594758511
        dmean2: 0.121503196657
        dvar: 0.00511642172933
        dvar2: 0.0118412431329
        max: 0.925526797771
        mean: 0.515588700771
        min: 0.195189386606
        var: 0.0122011601925
    silence_rate_20dB:
        dmean: 0
        dmean2: 0
        dvar: 0
        dvar2: 0
        max: 1
        mean: 1
        min: 1
        var: 0
    silence_rate_30dB:
        dmean: 0
        dmean2: 0
        dvar: 0
        dvar2: 0
        max: 1
        mean: 1
        min: 1
        var: 0
    silence_rate_60dB:
        dmean: 0.147465437651
        dmean2: 0.29561200738
        dvar: 0.125719726086
        dvar2: 0.21284481883
        max: 1
        mean: 0.72413790226
        min: 0
        var: 0.199762687087
    spectral_centroid:
        dmean: 357.93157959
        dmean2: 556.971679688
        dvar: 150309.0625
        dvar2: 346449.8125
        max: 3182.72705078
        mean: 1346.24389648
        min: 182.549713135
        var: 439189.03125
    spectral_complexity:
        dmean: 4.16435194016
        dmean2: 6.40371227264
        dvar: 40.864151001
        dvar2: 95.6791915894
        max: 51
        mean: 7.51039266586
        min: 0
        var: 48.9288520813
    spectral_crest:
        dmean: 2.83149695396
        dmean2: 4.39800739288
        dvar: 6.01328754425
        dvar2: 14.7685585022
        max: 21.6616477966
        mean: 8.72620296478
        min: 3.25742936134
        var: 14.4436273575
    spectral_decrease:
        dmean: 4.79402018083e-10
        dmean2: 7.5359213314e-10
        dvar: 1.10061963969e-18
        dvar2: 2.85415340959e-18
        max: -1.65111563202e-13
        mean: -7.01524172086e-10
        min: -1.18691749762e-08
        var: 1.05476994892e-18
    spectral_energy:
        dmean: 0.00226550572552
        dmean2: 0.00361538678408
        dvar: 2.71330445685e-05
        dvar2: 7.18725132174e-05
        max: 0.05865740031
        mean: 0.00312185753137
        min: 7.14923430678e-07
        var: 2.39260807575e-05
    spectral_energyband_high:
        dmean: 0.000352745701093
        dmean2: 0.000611566414591
        dvar: 7.77161687893e-07
        dvar2: 2.15049044527e-06
        max: 0.00557964853942
        mean: 0.000337075442076
        min: 5.09328330622e-08
        var: 5.79331242534e-07
    spectral_energyband_low:
        dmean: 0.000204825933906
        dmean2: 0.000335553369951
        dvar: 4.14799870896e-07
        dvar2: 1.0712084304e-06
        max: 0.00756576750427
        mean: 0.0003520695318
        min: 5.64821149851e-08
        var: 6.25937104815e-07
    spectral_energyband_middle_high:
        dmean: 0.00142841727939
        dmean2: 0.00244903075509
        dvar: 1.6270989363e-05
        dvar2: 4.5143879106e-05
        max: 0.0466304719448
        mean: 0.00141543534119
        min: 5.27956729002e-07
        var: 1.11261770144e-05
    spectral_energyband_middle_low:
        dmean: 0.000572859949898
        dmean2: 0.000844816502649
        dvar: 9.27247072013e-07
        dvar2: 1.9768222046e-06
        max: 0.0090645859018
        mean: 0.00101727328729
        min: 6.69767104e-08
        var: 1.64594325724e-06
    spectral_flatness_db:
        dmean: 0.0220110863447
        dmean2: 0.0317420959473
        dvar: 0.000302061060211
        dvar2: 0.000646759639494
        max: 0.286575734615
        mean: 0.164098992944
        min: 0.0785715058446
        var: 0.00137120741419
    spectral_flux:
        dmean: 0.0140036959201
        dmean2: 0.0216858461499
        dvar: 0.000438216025941
        dvar2: 0.000674019625876
        max: 0.2184664011
        mean: 0.0329394936562
        min: 0.00796454865485
        var: 0.000772536965087
    spectral_kurtosis:
        dmean: 2.17998337746
        dmean2: 3.38782525063
        dvar: 6.36407899857
        dvar2: 15.0739850998
        max: 36.8180541992
        mean: 5.06402254105
        min: -0.212790250778
        var: 21.8623085022
    spectral_rms:
        dmean: 0.000497038417961
        dmean2: 0.000705395184923
        dvar: 4.77778769437e-07
        dvar2: 1.14968486287e-06
        max: 0.00756483525038
        mean: 0.00151417544112
        min: 2.64099653577e-05
        var: 7.529853292e-07
    spectral_rolloff:
        dmean: 764.378540039
        dmean2: 1265.06311035
        dvar: 746842.5
        dvar2: 1472405.125
        max: 5900.09765625
        mean: 2458.76391602
        min: 129.19921875
        var: 1678693.75
    spectral_skewness:
        dmean: 0.326768934727
        dmean2: 0.485254198313
        dvar: 0.0923893600702
        dvar2: 0.189017310739
        max: 4.42391729355
        mean: 1.71759939194
        min: 0.451276957989
        var: 0.325825482607
    spectral_spread:
        dmean: 1059338.625
        dmean2: 1437448.75
        dvar: 1.26833983488e+12
        dvar2: 1.76141946061e+12
        max: 17331044
        mean: 5413742
        min: 1442843.75
        var: 4.38756206182e+12
    spectral_strongpeak:
        dmean: 0.408692866564
        dmean2: 0.661525070667
        dvar: 0.534159421921
        dvar2: 1.23225438595
        max: 9.13363647461
        mean: 0.64303201437
        min: 0.000889265909791
        var: 0.866669535637
    zerocrossingrate:
        dmean: 0.0127167878672
        dmean2: 0.0142145352438
        dvar: 0.000124625687022
        dvar2: 0.000147387210745
        max: 0.15869140625
        mean: 0.0786493644118
        min: 0.0078125
        var: 0.000828842923511
    barkbands:
        dmean: [3.17538528805e-08, 4.99110501551e-05, 0.00016771677474, 0.000151461426867, 0.000275114201941, 7.50959079596e-05, 7.09963351255e-05, 7.55966539145e-05, 0.000105523671664, 3.94909257011e-05, 6.14422315266e-05, 7.4172821769e-05, 3.99219134124e-05, 6.86838757247e-05, 9.76711671683e-05, 0.000226769159781, 0.000415996328229, 0.000260223227087, 0.00027352583129, 0.000210016412893, 0.00015620936756, 5.32777121407e-05, 6.95086191627e-06, 4.97762903251e-06, 1.73825026195e-06, 4.87971078655e-07, 8.5675122552e-10]
        dmean2: [5.11783646573e-08, 7.3145100032e-05, 0.000279247731669, 0.000225941621466, 0.000449174520327, 0.000112191148219, 0.000112260713649, 0.000116890951176, 0.000176681161975, 6.41451915726e-05, 9.79964243015e-05, 0.000107173276774, 5.74139194214e-05, 0.000109953958599, 0.000162389842444, 0.000403710757382, 0.000740104122087, 0.000477362424135, 0.000498171721119, 0.000371159345377, 0.000283030763967, 8.4172206698e-05, 9.81923403742e-06, 7.11472875992e-06, 2.38232564698e-06, 7.173904919e-07, 1.39688205447e-09]
        dvar: [5.76164414573e-14, 1.05070165901e-08, 3.32049978624e-07, 2.40126155404e-07, 2.39356069187e-07, 2.20547491381e-08, 2.28818706205e-08, 1.9740532764e-08, 1.31009130655e-07, 1.21130518949e-08, 1.09794049408e-08, 1.72414758026e-08, 6.43385167365e-09, 2.60941117602e-08, 3.58595606542e-08, 4.80384414914e-07, 1.99450164473e-06, 8.09167261195e-07, 7.96461506525e-07, 2.26548635851e-07, 2.47269582587e-07, 1.8489394904e-08, 2.08633735288e-10, 1.22718654683e-10, 1.18308913014e-11, 2.65771064011e-12, 6.73666851006e-18]
        dvar2: [1.45317514532e-13, 2.35270807281e-08, 8.38656376345e-07, 4.99320378822e-07, 6.59721933971e-07, 4.70787391293e-08, 5.22523606605e-08, 5.09149593597e-08, 3.75528401264e-07, 2.89132753295e-08, 2.59939394454e-08, 2.7483174847e-08, 1.24146772862e-08, 5.04582899907e-08, 9.1266365132e-08, 1.36295318498e-06, 5.66676499147e-06, 2.31662852457e-06, 2.27175883083e-06, 6.15963074324e-07, 7.0360420068e-07, 4.93291096859e-08, 3.7454350732e-10, 2.72054240247e-10, 2.46259783399e-11, 6.14192030568e-12, 1.67355115357e-17]
        max: [3.48816547557e-06, 0.00170947378501, 0.00660801446065, 0.00518722692505, 0.00457025505602, 0.00164704478811, 0.00128137646243, 0.00145509128924, 0.00395487993956, 0.00115787563846, 0.000903216714505, 0.00144413718954, 0.000849192496389, 0.00232196669094, 0.00156718306243, 0.00615329109132, 0.0172181464732, 0.00903175584972, 0.00921376142651, 0.00310679408722, 0.00354013824835, 0.00131907686591, 0.000187163357623, 0.000118685376947, 2.78474944935e-05, 2.00386075448e-05, 3.07808605271e-08]
        mean: [2.2312963921e-08, 0.000134132540552, 0.000217919980059, 0.000177004025318, 0.000427990336902, 0.000100584664324, 9.06991044758e-05, 0.000107604915684, 0.000102883852378, 4.74065891467e-05, 8.79873114172e-05, 0.000121238706924, 4.86821918457e-05, 8.48237104947e-05, 9.61660116445e-05, 0.000182841598871, 0.000338325131452, 0.000165759658557, 0.000204182200832, 0.000214151164982, 0.000106796134787, 4.78655711049e-05, 8.79388790054e-06, 5.60499302082e-06, 1.87348041436e-06, 5.19278330557e-07, 7.21683546256e-10]
        min: [4.57373765597e-12, 3.03894935882e-08, 1.39851223935e-08, 1.00916714985e-08, 1.42193377073e-08, 6.81802969638e-09, 8.7723686093e-09, 5.6180660124e-09, 1.56646784433e-08, 4.15033518664e-08, 6.71613520353e-08, 1.72677047772e-07, 9.46495362086e-08, 5.00071060117e-08, 6.98034554603e-08, 1.96150473641e-08, 4.95752860985e-09, 3.64389207697e-09, 4.82964557236e-09, 4.18546441949e-08, 1.02784891709e-08, 7.10764225254e-10, 7.56641416189e-10, 7.27762905495e-10, 6.03064209681e-10, 7.80540007628e-11, 7.74633178782e-14]
        var: [2.96128444303e-14, 7.94707375462e-08, 3.47454090388e-07, 3.68361043002e-07, 3.67854028127e-07, 3.18821875567e-08, 3.04496694525e-08, 2.29256809092e-08, 8.38357578914e-08, 1.17374474584e-08, 1.55713273386e-08, 4.41007586005e-08, 1.16565752606e-08, 4.54751862833e-08, 3.61213992051e-08, 2.99557598282e-07, 1.26136205836e-06, 4.72034457744e-07, 4.87364559376e-07, 1.97727487716e-07, 1.52094770556e-07, 1.4417108396e-08, 3.49629242224e-10, 1.64363189725e-10, 1.53116911511e-11, 3.0951964082e-12, 4.82905973657e-18]
    mfcc:
        mean: [-763.022216797, 117.664543152, -38.8553962708, 39.6104431152, -11.7609100342, 4.84818887711, -7.63976573944, -3.96158432961, 1.41475868225, -5.64154338837, -12.1994981766, 2.69376373291, 0.902474045753]
        cov: [[4537.06152344, -1902.34472656, 247.859054565, 253.90296936, 246.999481201, -70.0419311523, 69.6798858643, 322.008178711, -95.0826950073, -85.3135375977, 164.845092773, -59.2146530151, -139.507858276], [-1902.34472656, 1586.43371582, -125.978263855, -8.68742752075, -201.879196167, -19.1555633545, -7.23940610886, -241.383865356, 47.0668296814, 33.7802658081, -87.7063903809, -67.9883499146, -31.1681728363], [247.859054565, -125.978263855, 685.901794434, 83.7533187866, -42.6721839905, 60.4015350342, -67.7534790039, 66.5352935791, -28.5276412964, 11.6477193832, 47.0059623718, -50.9952354431, -59.0527648926], [253.90296936, -8.68742752075, 83.7533187866, 300.913787842, 35.9765777588, 4.02651977539, 52.3746757507, 62.4562225342, 47.7886810303, 51.9441375732, 33.5254173279, 23.0222854614, -31.7693500519], [246.999481201, -201.879196167, -42.6721839905, 35.9765777588, 217.987380981, 56.6204299927, 65.6206359863, 105.147659302, 46.2291908264, 20.6344356537, 1.39095449448, 34.8327865601, 34.3514671326], [-70.0419311523, -19.1555633545, 60.4015350342, 4.02651977539, 56.6204299927, 192.638092041, 60.3659744263, 50.8000068665, 22.6603431702, 19.7241287231, 0.849085748196, 51.6478919983, 50.1894721985], [69.6798858643, -7.23940610886, -67.7534790039, 52.3746757507, 65.6206359863, 60.3659744263, 186.353652954, 68.1499176025, 42.3313484192, 21.2779369354, 6.75612163544, 40.7623977661, 19.1498203278], [322.008178711, -241.383865356, 66.5352935791, 62.4562225342, 105.147659302, 50.8000068665, 68.1499176025, 194.63053894, 40.0046424866, 36.9562301636, 16.8491134644, 31.7475013733, 12.4392433167], [-95.0826950073, 47.0668296814, -28.5276412964, 47.7886810303, 46.2291908264, 22.6603431702, 42.3313484192, 40.0046424866, 121.878242493, 48.9458656311, 24.2850418091, 30.1572914124, 29.1591873169], [-85.3135375977, 33.7802658081, 11.6477193832, 51.9441375732, 20.6344356537, 19.7241287231, 21.2779369354, 36.9562301636, 48.9458656311, 104.18837738, 29.6829090118, 19.0364818573, 4.59567022324], [164.845092773, -87.7063903809, 47.0059623718, 33.5254173279, 1.39095449448, 0.849085748196, 6.75612163544, 16.8491134644, 24.2850418091, 29.6829090118, 110.624900818, 8.27844905853, 14.5190954208], [-59.2146530151, -67.9883499146, -50.9952354431, 23.0222854614, 34.8327865601, 51.6478919983, 40.7623977661, 31.7475013733, 30.1572914124, 19.0364818573, 8.27844905853, 151.334106445, 84.9526443481], [-139.507858276, -31.1681728363, -59.0527648926, -31.7693500519, 34.3514671326, 50.1894721985, 19.1498203278, 12.4392433167, 29.1591873169, 4.59567022324, 14.5190954208, 84.9526443481, 140.653152466]]
        icov: [[0.000587691436522, 0.000655163312331, 2.9384969821e-05, -0.000466039404273, -0.00010708776972, 0.000127529361635, -0.000230944977375, -0.000102869307739, 0.000218766348553, 0.000528210599441, -0.000469949765829, 0.000340634695021, 0.000436509057181], [0.000655163312331, 0.0017674039118, 8.95440243767e-05, -0.000710593769327, 0.000644152052701, -0.000140525604365, -0.000655176700093, 0.00114929059055, -0.000602887652349, -0.000120065204101, 0.000514264742378, 0.000967956555542, 0.000290145078907], [2.9384969821e-05, 8.95440243767e-05, 0.00212220684625, -0.000660297111608, 0.000814408238512, -0.00135271972977, 0.00123613572214, -0.00117226818111, 0.000403509882744, 0.000255426304648, -0.000857623177581, 0.00064122263575, 0.000619256170467], [-0.000466039404273, -0.000710593769327, -0.000660297111608, 0.0049010021612, -0.000419267191319, 0.000666430511046, -0.00074099691119, -0.00044099605293, -0.0010185133433, -0.00139281398151, -0.000439564842964, -0.00180995138362, 0.00160975882318], [-0.00010708776972, 0.000644152052701, 0.000814408238512, -0.000419267191319, 0.00771675957367, -0.00137138017453, -0.00056030752603, -0.00258865603246, -0.00179634173401, -4.75160704809e-05, 0.0012783438433, 0.000881070503965, -0.00109647889622], [0.000127529361635, -0.000140525604365, -0.00135271972977, 0.000666430511046, -0.00137138017453, 0.0076164775528, -0.00219042622484, -0.000308492686599, 0.000435465190094, -0.000725418212824, 0.000634082534816, -0.00124041177332, -0.00176225556061], [-0.000230944977375, -0.000655176700093, 0.00123613572214, -0.00074099691119, -0.00056030752603, -0.00219042622484, 0.00814074929804, -0.00237665046006, -0.000880826381035, 0.000699584314134, -0.000615205033682, -0.00102262967266, 0.000838565989397], [-0.000102869307739, 0.00114929059055, -0.00117226818111, -0.00044099605293, -0.00258865603246, -0.000308492686599, -0.00237665046006, 0.0102387694642, -0.00139819551259, -0.00235070614144, 0.00125918223057, -0.00019585051632, 7.62202980695e-05], [0.000218766348553, -0.000602887652349, 0.000403509882744, -0.0010185133433, -0.00179634173401, 0.000435465190094, -0.000880826381035, -0.00139819551259, 0.0127148004249, -0.00351878092624, -0.00199676840566, -0.000136026268592, -0.00168303423561], [0.000528210599441, -0.000120065204101, 0.000255426304648, -0.00139281398151, -4.75160704809e-05, -0.000725418212824, 0.000699584314134, -0.00235070614144, -0.00351878092624, 0.0143094006926, -0.00348843913525, -0.000939645105973, 0.00186262920033], [-0.000469949765829, 0.000514264742378, -0.000857623177581, -0.000439564842964, 0.0012783438433, 0.000634082534816, -0.000615205033682, 0.00125918223057, -0.00199676840566, -0.00348843913525, 0.012123990804, 0.000860812549945, -0.00262108584866], [0.000340634695021, 0.000967956555542, 0.00064122263575, -0.00180995138362, 0.000881070503965, -0.00124041177332, -0.00102262967266, -0.00019585051632, -0.000136026268592, -0.000939645105973, 0.000860812549945, 0.0119106499478, -0.00642708735541], [0.000436509057181, 0.000290145078907, 0.000619256170467, 0.00160975882318, -0.00109647889622, -0.00176225556061, 0.000838565989397, 7.62202980695e-05, -0.00168303423561, 0.00186262920033, -0.00262108584866, -0.00642708735541, 0.0134467305616]]
    spectral_contrast:
        mean: [2.13776175428e-07, -3.65822643289e-07, 8.96994833965e-08, -8.61720721446e-08, 2.55418967754e-07, -3.77037224553e-07, 2.9186660413e-06, 9.79415858637e-07, 6.51108450711e-07, -7.75135674758e-07, 5.76609545533e-06, 3.90940385842e-06]
        var: [0.000804332143161, 0.00155141134746, 0.0018203582149, 0.0033749025315, 0.00414830259979, 0.00537115056068, 0.0716076642275, 0.200657516718, 0.226446315646, 0.415515363216, 0.66392159462, 3.23477983475]

rhythm:
    beats_loudness:
        dmean: 0.00427497504279
        dmean2: 0.00833753403276
        dvar: 1.31226815938e-05
        dvar2: 3.46442138834e-05
        max: 0.0129698775709
        mean: 0.00466149207205
        min: 0.000590439769439
        var: 1.2149590475e-05
    beats_loudness_bass:
        dmean: 0.18501791358
        dmean2: 0.321391582489
        dvar: 0.0218545794487
        dvar2: 0.0490766987205
        max: 0.527038156986
        mean: 0.142575860023
        min: 0.00833698920906
        var: 0.0248364806175
    bpm: 94.1536560059
    bpm_confidence: 0
    first_peak_bpm: 94
    first_peak_spread: 0.066666662693
    first_peak_weight: 0.933333337307
    onset_rate: 6.04962778091
    second_peak_bpm: 0
    second_peak_spread: 0
    second_peak_weight: 0
    beats_position: [0.212988138199, 0.850080251694, 1.48717224598, 2.12426424026, 2.76135635376, 3.39844846725, 4.03554058075, 4.67263269424, 5.30972480774, 5.97685146332, 6.6142950058, 7.25173807144, 7.88918161392, 8.52662467957, 9.16406822205, 9.80151176453]
    bpm_estimates: [94.2843170166, 94.266204834, 94.0872650146, 94.3504714966, 94.2410812378, 94.1259613037, 94.281791687, 94.0102310181, 93.9554367065, 94.2664337158, 94.2086486816, 94.187171936, 94.1742706299, 94.1958999634, 94.1059570312, 94.0059432983, 93.8649597168]
    bpm_intervals: [0.637092113495, 0.637091994286, 0.637091994286, 0.637092113495, 0.637092113495, 0.637092113495, 0.637092113495, 0.637092113495, 0.667126655579, 0.63744354248, 0.637443065643, 0.63744354248, 0.637443065643, 0.63744354248, 0.63744354248]
    onset_times: [0.0928798168898, 0.348299324512, 0.53405892849, 0.696598649025, 0.835918366909, 1.02167797089, 1.16099774837, 1.31192743778, 1.47446715832, 1.67183673382, 1.79954648018, 1.97369611263, 2.11301589012, 2.27555561066, 2.43809533119, 2.60063481331, 2.75156474113, 2.92571425438, 3.07664394379, 3.26240372658, 3.39011335373, 3.58748292923, 3.7151927948, 3.87773251534, 4.04027223587, 4.35374164581, 4.53950119019, 4.67882108688, 4.85297060013, 4.99229001999, 5.16644001007, 5.31736946106, 5.51473903656, 5.64244890213, 5.78176879883, 5.9675283432, 6.15328788757, 6.29260778427, 6.44353723526, 6.59446716309, 6.79183673859, 6.91954660416, 7.0936961174, 7.2330160141, 7.39555549622, 7.55809545517, 7.72063493729, 7.87156438828, 8.05732440948, 8.19664382935, 8.39401340485, 8.52172374725, 8.70748329163, 8.84680271149, 8.99773216248, 9.16027164459, 9.34603214264, 9.4853515625, 9.64789104462, 9.79882049561, 9.97297096252]
    rubato_start: []
    rubato_stop: []
    perceptual_tempo: "unknown"

sfx:
    inharmonicity:
        dmean: 0.0417283512652
        dmean2: 0.0729225054383
        dvar: 0.00295888003893
        dvar2: 0.00813163537532
        max: 0.365817159414
        mean: 0.0410037562251
        min: 0
        var: 0.00312051805668
    oddtoevenharmonicenergyratio:
        dmean: 1.9151674509
        dmean2: 3.61422204971
        dvar: 16.9363136292
        dvar2: 48.7917060852
        max: 30.2982673645
        mean: 1.2972741127
        min: 0
        var: 10.8325634003
    pitch_after_max_to_before_max_energy_ratio: 5.98176670074
    pitch_centroid: 213.246139526
    pitch_max_to_total: 0.0808314085007
    pitch_min_to_total: 0.55658197403
    tristimulus:
        dmean: [0.226700425148, 0.232858940959, 0.129013061523]
        dmean2: [0.385153383017, 0.403949946165, 0.230013906956]
        dvar: [0.0317381471395, 0.0353004001081, 0.0166792441159]
        dvar2: [0.0915954560041, 0.0982846841216, 0.0448186732829]
        max: [1, 0.95762616396, 0.750534296036]
        mean: [0.455783367157, 0.378985196352, 0.114820234478]
        min: [0.006217924878, 0, 0]
        var: [0.0710453167558, 0.0622669011354, 0.0184221826494]

tonal:
    chords_changes_rate: 0
    chords_number_rate: 0.00458715576679
    chords_strength:
        dmean: 0.00605515576899
        dmean2: 0.00619481131434
        dvar: 1.89752463484e-05
        dvar2: 2.45205501415e-05
        max: 0.709113359451
        mean: 0.629320979118
        min: 0.540693044662
        var: 0.00207181135193
    key_strength: 0.590493738651
    tuning_diatonic_strength: 0.471008986235
    tuning_equal_tempered_deviation: 0.339040637016
    tuning_frequency: 435.448913574
    tuning_nontempered_energy_ratio: 0.977641403675
    hpcp:
        dmean: [0.0523282550275, 0.0516393892467, 0.0687586888671, 0.189409539104, 0.211721837521, 0.138194710016, 0.0600364841521, 0.0886159837246, 0.130381643772, 0.190501004457, 0.226368024945, 0.211326673627, 0.101419776678, 0.0787654221058, 0.0726923570037, 0.068342320621, 0.0711678564548, 0.0941512957215, 0.20079934597, 0.231616854668, 0.141058459878, 0.0732609555125, 0.0807174146175, 0.0936058834195, 0.117828756571, 0.117439858615, 0.104259803891, 0.0886950045824, 0.0955951064825, 0.120503142476, 0.15292827785, 0.216229170561, 0.164697170258, 0.0807964503765, 0.0566223412752, 0.0465939640999]
        dmean2: [0.0971544608474, 0.0951484292746, 0.121646501124, 0.318657666445, 0.34992223978, 0.219184473157, 0.101316407323, 0.163588628173, 0.236181080341, 0.319512337446, 0.382130682468, 0.349372923374, 0.174966260791, 0.141274243593, 0.132264569402, 0.120884232223, 0.123841717839, 0.166457384825, 0.331980764866, 0.384386658669, 0.233974531293, 0.135512635112, 0.148520112038, 0.16913625598, 0.204147726297, 0.194058075547, 0.19341994822, 0.16735984385, 0.181081220508, 0.214040875435, 0.264860808849, 0.359012961388, 0.269630104303, 0.132282212377, 0.101049728692, 0.0839393958449]
        dvar: [0.0151401422918, 0.0143892019987, 0.00921014510095, 0.0422977544367, 0.0549440570176, 0.0356581285596, 0.0118544483557, 0.036090478301, 0.0316154919565, 0.0417308844626, 0.0419431142509, 0.0370324999094, 0.0190064758062, 0.0171968843788, 0.0107209850103, 0.00866906344891, 0.00999162346125, 0.0143776731566, 0.0328166745603, 0.0514238066971, 0.0185567270964, 0.0238388124853, 0.0288839228451, 0.0309830196202, 0.0306232925504, 0.0249534398317, 0.0336981117725, 0.0289865266532, 0.0328146666288, 0.0432901717722, 0.0324527323246, 0.0462959893048, 0.0346425697207, 0.0127750216052, 0.00875049736351, 0.0111787710339]
        dvar2: [0.0429359264672, 0.0402274653316, 0.0238098111004, 0.10594239831, 0.102806270123, 0.0652628540993, 0.0283988956362, 0.102619461715, 0.0817233547568, 0.0846816971898, 0.0979011133313, 0.0951279178262, 0.0516922473907, 0.0474141798913, 0.0280422251672, 0.0225524511188, 0.0264422632754, 0.0400279685855, 0.075608856976, 0.0971798300743, 0.0497193969786, 0.0732948258519, 0.0828147009015, 0.089585788548, 0.0851473286748, 0.057769395411, 0.0997392758727, 0.0835943594575, 0.0928819105029, 0.117227829993, 0.0849004164338, 0.105674706399, 0.0823944956064, 0.0294809620827, 0.0230633094907, 0.0315659977496]
        max: [0.850822210312, 1, 0.635188877583, 1, 1, 1, 0.857862234116, 1, 1, 1, 1, 1, 1, 0.946199953556, 0.60382193327, 0.574691772461, 0.584208965302, 0.728734195232, 1, 1, 1, 0.940125286579, 1, 1, 1, 1, 1, 0.9717233181, 1, 1, 1, 1, 1, 0.688322663307, 0.57613658905, 0.966873049736]
        mean: [0.0385676026344, 0.0377911068499, 0.0671988502145, 0.253379553556, 0.355846136808, 0.186762079597, 0.0579574257135, 0.0640607699752, 0.163521841168, 0.411238670349, 0.613459467888, 0.402990311384, 0.109120324254, 0.0596577525139, 0.0561526492238, 0.0583597682416, 0.0634282827377, 0.0933822318912, 0.354739904404, 0.500216722488, 0.23528406024, 0.0576377250254, 0.057758115232, 0.0699981823564, 0.109553806484, 0.122915476561, 0.0884651914239, 0.0644748657942, 0.0668055862188, 0.11875346303, 0.243138149381, 0.334652751684, 0.2257181108, 0.0791498795152, 0.0466633886099, 0.0379576273263]
        min: [0, 0, 0.000608621165156, 0.00209749559872, 0.00323745212518, 0.00126372009981, 0, 0, 0, 0.00758828688413, 0.0303636938334, 0.0126801868901, 0.000843420682941, 0.000385232124245, 0, 0, 0, 0, 0.00720996409655, 0.010532040149, 0.00525180762634, 0.000599804217927, 0, 0, 0, 0, 0, 0, 0.000310000468744, 0.00059482071083, 0.0099247964099, 0.0147470561787, 0.00368055468425, 0.000892475014552, 0.000178687143489, 0]
        var: [0.00911556277424, 0.00889587029815, 0.00788187701255, 0.0573335550725, 0.108913637698, 0.0574272796512, 0.0139088481665, 0.0219500139356, 0.0506091080606, 0.0917876958847, 0.0870144814253, 0.0737127512693, 0.018322031945, 0.0126037644222, 0.00823907274753, 0.00743593694642, 0.00901139248163, 0.0129371741787, 0.0669253394008, 0.124350681901, 0.0382207259536, 0.0153182409704, 0.0183957964182, 0.0211993250996, 0.0286192279309, 0.028331656009, 0.0217934884131, 0.0191359911114, 0.021902108565, 0.0523295588791, 0.069928355515, 0.0812137797475, 0.0517349913716, 0.013248052448, 0.00669888965786, 0.00722164614126]
    chords_histogram: [100, 0, 0, 0, 0, 0, 0, 0, 0, 0, 0, 0, 0, 0, 0, 0, 0, 0, 0, 0, 0, 0, 0, 0]
    thpcp: [1, 0.656914353371, 0.177876994014, 0.0972480773926, 0.0915344059467, 0.0951322317123, 0.103394411504, 0.152222335339, 0.578261375427, 0.815403044224, 0.383536428213, 0.0939552262425, 0.0941514745355, 0.114104002714, 0.178583607078, 0.200364455581, 0.144207075238, 0.1051004529, 0.108899757266, 0.19357997179, 0.396339386702, 0.545517325401, 0.367942988873, 0.129022181034, 0.0760659649968, 0.0618747100234, 0.0628690347075, 0.0616032667458, 0.109540812671, 0.413033902645, 0.58006465435, 0.304440766573, 0.0944763720036, 0.104425430298, 0.266556888819, 0.670359969139]
    chords_key: "C"
    chords_scale: "minor"
    key_key: "C"
    key_scale: "minor"
    chords_progression: ["Cm", "Cm", "Cm", "Cm", "Cm", "Cm", "Cm", "Cm", "Cm", "Cm", "Cm", "Cm", "Cm", "Cm", "Cm", "Cm", "Cm", "Cm", "Cm", "Cm", "Cm", "Cm", "Cm", "Cm", "Cm", "Cm", "Cm", "Cm", "Cm", "Cm", "Cm", "Cm", "Cm", "Cm", "Cm", "Cm", "Cm", "Cm", "Cm", "Cm", "Cm", "Cm", "Cm", "Cm", "Cm", "Cm", "Cm", "Cm", "Cm", "Cm", "Cm", "Cm", "Cm", "Cm", "Cm", "Cm", "Cm", "Cm", "Cm", "Cm", "Cm", "Cm", "Cm", "Cm", "Cm", "Cm", "Cm", "Cm", "Cm", "Cm", "Cm", "Cm", "Cm", "Cm", "Cm", "Cm", "Cm", "Cm", "Cm", "Cm", "Cm", "Cm", "Cm", "Cm", "Cm", "Cm", "Cm", "Cm", "Cm", "Cm", "Cm", "Cm", "Cm", "Cm", "Cm", "Cm", "Cm", "Cm", "Cm", "Cm", "Cm", "Cm", "Cm", "Cm", "Cm", "Cm", "Cm", "Cm", "Cm", "Cm", "Cm", "Cm", "Cm", "Cm", "Cm", "Cm", "Cm", "Cm", "Cm", "Cm", "Cm", "Cm", "Cm", "Cm", "Cm", "Cm", "Cm", "Cm", "Cm", "Cm", "Cm", "Cm", "Cm", "Cm", "Cm", "Cm", "Cm", "Cm", "Cm", "Cm", "Cm", "Cm", "Cm", "Cm", "Cm", "Cm", "Cm", "Cm", "Cm", "Cm", "Cm", "Cm", "Cm", "Cm", "Cm", "Cm", "Cm", "Cm", "Cm", "Cm", "Cm", "Cm", "Cm", "Cm", "Cm", "Cm", "Cm", "Cm", "Cm", "Cm", "Cm", "Cm", "Cm", "Cm", "Cm", "Cm", "Cm", "Cm", "Cm", "Cm", "Cm", "Cm", "Cm", "Cm", "Cm", "Cm", "Cm", "Cm", "Cm", "Cm", "Cm", "Cm", "Cm", "Cm", "Cm", "Cm", "Cm", "Cm", "Cm", "Cm", "Cm", "Cm", "Cm", "Cm", "Cm", "Cm", "Cm", "Cm", "Cm", "Cm", "Cm", "Cm", "Cm", "Cm", "Cm", "Cm", "Cm", "Cm"]
