
metadata:
    version:
        essentia: "1.2.2"
    audio_properties:
        analysis_sample_rate: 44100
        bitrate: 128
        channels: 2
        equal_loudness: 1
        length: 9.97877597809
        replay_gain: -14.0968360901
        downmix: "mix"
    tags:
        track: 10
        year: 0
        album: "Splitted by Mp3Splt v. 2.1"
        artist: "From 001.30 To 001.40"
        comment: "http://mp3splt.sf.net"
        genre: ""
        title: "08 Queen of the Night [CJ Mack"

highlevel:
    ballroom:
        all:
            ChaChaCha: 0.173122644424
            Jive: 0.0816297307611
            Quickstep: 0.00497873267159
            Rumba-American: 0.000846966984682
            Rumba-International: 0.00112964806613
            Rumba-Misc: 0.000818726955913
            Samba: 0.737094759941
            Tango: 9.35452844715e-05
            VienneseWaltz: 0.000122143072076
            Waltz: 0.000163128992426
        probability: 0.737094759941
        value: "Samba"
    culture:
        all:
            non_western: 0.769619464874
            western: 0.230380550027
        probability: 0.769619464874
        value: "non_western"
    gender:
        all:
            female: 0.943682670593
            male: 0.056317333132
        probability: 0.943682670593
        value: "female"
    genre_dortmund:
        all:
            alternative: 0.00543916411698
            blues: 0.0231100190431
            electronic: 0.0368139185011
            folkcountry: 0.01217528712
            funksoulrnb: 0.0194165892899
            jazz: 0.0558243468404
            pop: 0.0342971347272
            raphiphop: 0.795494139194
            rock: 0.0174293834716
        probability: 0.795494139194
        value: "raphiphop"
    genre_electronica:
        all:
            ambient: 0.0676963403821
            dnb: 0.176419794559
            house: 0.573734402657
            techno: 0.0893910229206
            trance: 0.0927584171295
        probability: 0.573734402657
        value: "house"
    genre_rosamerica:
        all:
            cla: 0.00257849646732
            dan: 0.839425981045
            hip: 0.105092987418
            jaz: 0.00701227365062
            pop: 0.00554769858718
            rhy: 0.0357773192227
            roc: 0.00202325847931
            spe: 0.00254198885523
        probability: 0.839425981045
        value: "dan"
    genre_tzanetakis:
        all:
            blu: 0.00165320478845
            cla: 0.000989315565675
            cou: 0.00141711707693
            dis: 0.0417812131345
            hip: 0.0317965857685
            jaz: 0.00224152300507
            met: 0.00446786684915
            pop: 0.839046120644
            reg: 0.0729788392782
            roc: 0.00362818990834
        probability: 0.839046120644
        value: "pop"
    live_studio:
        all:
            live: 0.00400193873793
            studio: 0.995998084545
        probability: 0.995998084545
        value: "studio"
    mood:
        all:
            Cluster1: 0.46885740757
            Cluster2: 0.172898024321
            Cluster3: 0.0260421615094
            Cluster4: 0.214669764042
            Cluster5: 0.117532648146
        probability: 0.46885740757
        value: "Cluster1"
    mood_acoustic:
        all:
            acoustic: 0.0125133655965
            not_acoustic: 0.98748666048
        probability: 0.98748666048
        value: "not_acoustic"
    mood_aggressive:
        all:
            aggressive: 0.0322972871363
            not_aggressive: 0.967702686787
        probability: 0.967702686787
        value: "not_aggressive"
    mood_electronic:
        all:
            electronic: 0.950563430786
            not_electronic: 0.049436558038
        probability: 0.950563430786
        value: "electronic"
    mood_happy:
        all:
            happy: 0.277498215437
            not_happy: 0.722501814365
        probability: 0.722501814365
        value: "not_happy"
    mood_party:
        all:
            not_party: 0.0802660733461
            party: 0.919733941555
        probability: 0.919733941555
        value: "party"
    mood_relaxed:
        all:
            not_relaxed: 0.794090211391
            relaxed: 0.20590980351
        probability: 0.794090211391
        value: "not_relaxed"
    mood_sad:
        all:
            not_sad: 0.896009683609
            sad: 0.103990331292
        probability: 0.896009683609
        value: "not_sad"
    rhythm:
        all:
            fast: 0.894435226917
            medium: 0.0912196412683
            slow: 0.014345115982
        probability: 0.894435226917
        value: "fast"
    speech_music:
        all:
            music: 0.992559492588
            speech: 0.00744049670175
        probability: 0.992559492588
        value: "music"
    timbre:
        all:
            bright: 0.988211333752
            dark: 0.0117886951193
        probability: 0.988211333752
        value: "bright"
    voice_instrumental:
        all:
            instrumental: 0.21616999805
            voice: 0.783829987049
        probability: 0.783829987049
        value: "voice"

lowlevel:
    average_loudness: 0.933744728565
    barkbands_kurtosis:
        dmean: 3.05839395523
        dmean2: 4.91152191162
        dvar: 41.5341300964
        dvar2: 107.155082703
        max: 64.2431716919
        mean: 1.58332264423
        min: -1.87691092491
        var: 42.0684776306
    barkbands_skewness:
        dmean: 0.822338700294
        dmean2: 1.18668746948
        dvar: 0.787691056728
        dvar2: 1.71354162693
        max: 7.29011917114
        mean: 0.370402961969
        min: -3.98787307739
        var: 2.57307863235
    barkbands_spread:
        dmean: 9.5710105896
        dmean2: 15.0955266953
        dvar: 90.9007720947
        dvar2: 213.804321289
        max: 74.8753128052
        mean: 35.2379684448
        min: 3.08583855629
        var: 221.898132324
    dissonance:
        dmean: 0.0172732193023
        dmean2: 0.0281679928303
        dvar: 0.000251650169957
        dvar2: 0.000577419181354
        max: 0.498567163944
        mean: 0.463410943747
        min: 0.303653180599
        var: 0.000776455446612
    hfc:
        dmean: 1.93366038799
        dmean2: 2.7384865284
        dvar: 7.47998857498
        dvar2: 12.0135536194
        max: 26.7022533417
        mean: 3.81558585167
        min: 0.0245969202369
        var: 25.7084331512
    pitch:
        dmean: 1058.28125
        dmean2: 2028.44848633
        dvar: 2213935.75
        dvar2: 5023911
        max: 4410
        mean: 1712.90881348
        min: 79.8913040161
        var: 2945901
    pitch_instantaneous_confidence:
        dmean: 0.103559888899
        dmean2: 0.164142847061
        dvar: 0.00765142962337
        dvar2: 0.0188627541065
        max: 0.925022959709
        mean: 0.49672472477
        min: 0.167737305164
        var: 0.0255417563021
    pitch_salience:
        dmean: 0.0877768620849
        dmean2: 0.143852725625
        dvar: 0.00566129479557
        dvar2: 0.0146973002702
        max: 0.810023963451
        mean: 0.567964375019
        min: 0.185870662332
        var: 0.0116265183315
    silence_rate_20dB:
        dmean: 0
        dmean2: 0
        dvar: 0
        dvar2: 0
        max: 1
        mean: 1
        min: 1
        var: 0
    silence_rate_30dB:
        dmean: 0
        dmean2: 0
        dvar: 0
        dvar2: 0
        max: 1
        mean: 1
        min: 1
        var: 0
    silence_rate_60dB:
        dmean: 0.134883716702
        dmean2: 0.270396262407
        dvar: 0.116689644754
        dvar2: 0.211267188191
        max: 1
        mean: 0.772621810436
        min: 0
        var: 0.175677761436
    spectral_centroid:
        dmean: 467.161376953
        dmean2: 693.344238281
        dvar: 303374.40625
        dvar2: 565153.125
        max: 4365.08154297
        mean: 1817.75463867
        min: 203.496582031
        var: 1034980.3125
    spectral_complexity:
        dmean: 2.47552442551
        dmean2: 3.71962618828
        dvar: 14.4871749878
        dvar2: 23.6784038544
        max: 34
        mean: 5.24418592453
        min: 0
        var: 36.4915046692
    spectral_crest:
        dmean: 2.45093011856
        dmean2: 4.08285045624
        dvar: 5.07505083084
        dvar2: 11.3098258972
        max: 23.6464138031
        mean: 9.44633579254
        min: 3.02545213699
        var: 12.1165485382
    spectral_decrease:
        dmean: 4.66101934826e-10
        dmean2: 7.43793970859e-10
        dvar: 8.33849807941e-19
        dvar2: 2.09338630124e-18
        max: -5.21838561945e-12
        mean: -5.68147418001e-10
        min: -5.03253616557e-09
        var: 7.86181612287e-19
    spectral_energy:
        dmean: 0.00192335760221
        dmean2: 0.00302714505233
        dvar: 1.28241881612e-05
        dvar2: 3.16442783515e-05
        max: 0.0206925068051
        mean: 0.00249040313065
        min: 2.19264074985e-05
        var: 1.32696623041e-05
    spectral_energyband_high:
        dmean: 0.000132410728838
        dmean2: 0.000186454431969
        dvar: 3.59369352054e-08
        dvar2: 7.50758530899e-08
        max: 0.00144922477193
        mean: 0.000231008787523
        min: 2.36492542172e-06
        var: 7.59228910852e-08
    spectral_energyband_low:
        dmean: 0.000307149079163
        dmean2: 0.000516718486324
        dvar: 5.42572422546e-07
        dvar2: 1.4299043869e-06
        max: 0.00434991903603
        mean: 0.000265252339887
        min: 3.69016419199e-07
        var: 4.14140629346e-07
    spectral_energyband_middle_high:
        dmean: 0.000419173127739
        dmean2: 0.000587088754401
        dvar: 5.19041236657e-07
        dvar2: 7.81277663009e-07
        max: 0.00719915190712
        mean: 0.000823576294351
        min: 1.67089979186e-06
        var: 1.89742695511e-06
    spectral_energyband_middle_low:
        dmean: 0.00138719042297
        dmean2: 0.0025499779731
        dvar: 1.15794400699e-05
        dvar2: 3.22455925925e-05
        max: 0.0162526350468
        mean: 0.00117054826114
        min: 1.62525486758e-06
        var: 7.25781592337e-06
    spectral_flatness_db:
        dmean: 0.0246858336031
        dmean2: 0.0383485592902
        dvar: 0.000651085923892
        dvar2: 0.0015311264433
        max: 0.298363119364
        mean: 0.155053779483
        min: 0.0381430387497
        var: 0.00199927994981
    spectral_flux:
        dmean: 0.0141408760101
        dmean2: 0.0213775765151
        dvar: 0.000417710602051
        dvar2: 0.00062539242208
        max: 0.131183087826
        mean: 0.0338551923633
        min: 0.00461175758392
        var: 0.000896600249689
    spectral_kurtosis:
        dmean: 0.681903898716
        dmean2: 1.05755341053
        dvar: 0.59799516201
        dvar2: 1.18526625633
        max: 7.86041069031
        mean: 1.88937532902
        min: -0.499596595764
        var: 2.13492393494
    spectral_rms:
        dmean: 0.000477761816001
        dmean2: 0.000685373379383
        dvar: 4.3990399945e-07
        dvar2: 9.72619886852e-07
        max: 0.00449308473617
        mean: 0.00130141305272
        min: 0.000146258738823
        var: 7.35985224765e-07
    spectral_rolloff:
        dmean: 767.665893555
        dmean2: 1276.94836426
        dvar: 1021813.625
        dvar2: 2290229
        max: 7041.35742188
        mean: 3257.67333984
        min: 150.732421875
        var: 2468475.5
    spectral_skewness:
        dmean: 0.172595024109
        dmean2: 0.267200082541
        dvar: 0.0462483018637
        dvar2: 0.0886435434222
        max: 2.123503685
        mean: 1.16902470589
        min: 0.312631070614
        var: 0.14272646606
    spectral_spread:
        dmean: 757065.9375
        dmean2: 1156313.375
        dvar: 743082819584
        dvar2: 1.33195838259e+12
        max: 16136985
        mean: 7145247
        min: 3317918
        var: 2.71332225843e+12
    spectral_strongpeak:
        dmean: 0.408552199602
        dmean2: 0.703813016415
        dvar: 0.561964452267
        dvar2: 1.44958055019
        max: 5.808614254
        mean: 0.525884449482
        min: 0.00144233857282
        var: 0.779885292053
    zerocrossingrate:
        dmean: 0.0164035186172
        dmean2: 0.0184086598456
        dvar: 0.000283739995211
        dvar2: 0.000322564766975
        max: 0.2099609375
        mean: 0.106145530939
        min: 0.02392578125
        var: 0.00182726350613
    barkbands:
        dmean: [6.32923843114e-07, 6.49790090392e-05, 0.000266837509116, 0.000611891446169, 0.000642600818537, 0.000126667218865, 7.42910706322e-05, 2.00840295292e-05, 4.5958411647e-05, 2.44969814958e-05, 2.02965147764e-05, 1.98053530767e-05, 1.60470335686e-05, 3.36465236614e-05, 2.89565705316e-05, 4.87003744638e-05, 6.71076559229e-05, 6.46303451504e-05, 0.0001624255965, 0.000151908112457, 2.78547267953e-05, 2.44283219217e-05, 7.15007536201e-06, 5.2533946473e-06, 2.7629273518e-06, 1.13176014338e-07, 2.82708578769e-10]
        dmean2: [7.74291549988e-07, 9.78554380708e-05, 0.000481384864543, 0.00115839659702, 0.00122719060164, 0.00021627714159, 0.000124574275105, 3.34754877258e-05, 7.17921866453e-05, 3.86146493838e-05, 3.13037344313e-05, 2.91048763756e-05, 2.45609917329e-05, 5.22850314155e-05, 4.58898466604e-05, 7.90722551756e-05, 0.000108058804472, 9.43374834605e-05, 0.000249488715781, 0.000221752590733, 4.18242743763e-05, 3.18406964652e-05, 9.85199767456e-06, 7.16467093298e-06, 3.82852203984e-06, 1.58646514592e-07, 4.16341738863e-10]
        dvar: [6.36712633572e-13, 1.54390207285e-08, 5.03147475683e-07, 3.09148049382e-06, 3.3120925309e-06, 4.64463241201e-08, 1.59900164221e-08, 3.67551233893e-09, 1.88302582416e-08, 4.51358017628e-09, 2.56768450946e-09, 3.08244274549e-09, 2.1250194937e-09, 4.53419168878e-09, 7.28072935274e-09, 1.53012376103e-08, 2.49714595668e-08, 1.62786335522e-08, 1.47393521388e-07, 5.85124055874e-08, 2.02041872122e-09, 1.4005798743e-09, 1.63981897505e-10, 7.97970856059e-11, 1.80923158399e-11, 4.50705756896e-14, 7.42453277891e-19]
        dvar2: [1.10495358523e-12, 3.45151072167e-08, 1.37975109737e-06, 8.77785987541e-06, 9.54290771915e-06, 1.16578469544e-07, 4.31921343136e-08, 1.01017532117e-08, 4.01626785163e-08, 9.41977695845e-09, 6.01284000368e-09, 6.76742750727e-09, 4.1802907802e-09, 9.95209514798e-09, 1.42978135997e-08, 3.84473253234e-08, 5.40601945431e-08, 3.55299683008e-08, 3.13232760618e-07, 1.02938820135e-07, 4.5881187738e-09, 2.97874458433e-09, 3.4350594591e-10, 1.57034843462e-10, 2.94182733729e-11, 9.64279518864e-14, 8.30843420004e-19]
        max: [9.72693123913e-06, 0.000865033478476, 0.0039608227089, 0.00855126604438, 0.00955468416214, 0.00291275512427, 0.00126263510901, 0.000701590324752, 0.00141454092227, 0.000985564780422, 0.000417005358031, 0.000481010065414, 0.000383486563805, 0.00102940096986, 0.00130165764131, 0.0015517155407, 0.00244601001032, 0.00132076442242, 0.00432639475912, 0.0029420889914, 0.000394137663534, 0.000250945915468, 8.76189369592e-05, 8.17199907033e-05, 4.24804347858e-05, 3.11339158543e-06, 1.67643214866e-08]
        mean: [1.50208518335e-06, 8.475893992e-05, 0.000179011476575, 0.000366843567463, 0.000406722479966, 0.000203618896194, 0.000115610811918, 2.04122079595e-05, 5.27208831045e-05, 3.47807035723e-05, 2.21236605285e-05, 2.02505543712e-05, 1.93932410184e-05, 3.78911317966e-05, 3.30035072693e-05, 6.57948694425e-05, 8.87938513188e-05, 9.01391831576e-05, 0.000268482690444, 0.000275978993159, 4.41432093794e-05, 3.61738711945e-05, 1.0138673133e-05, 7.70043698139e-06, 4.26546012022e-06, 1.50415459643e-07, 3.54816037662e-10]
        min: [2.31230742886e-10, 1.62658807312e-07, 3.89623622254e-08, 1.49912118275e-08, 1.57767502174e-07, 3.66625019232e-09, 7.60298775049e-08, 1.47626231239e-08, 3.35509469096e-08, 4.28282191933e-08, 6.5963781104e-09, 1.21812577802e-08, 3.49160034219e-09, 2.27855167623e-07, 7.81651243731e-10, 6.01382055265e-09, 1.13008917779e-08, 6.33626768831e-08, 1.70682483258e-07, 1.21956315979e-06, 5.41300380519e-07, 8.78026256146e-08, 3.27247597909e-08, 3.76595323814e-08, 3.5559583722e-08, 4.33901442554e-10, 3.48899884407e-14]
        var: [2.95400162664e-12, 1.87277091612e-08, 3.20823374977e-07, 1.77105994226e-06, 1.84397936209e-06, 1.06454351112e-07, 4.50788668616e-08, 3.42020323174e-09, 2.52659582145e-08, 1.0241079984e-08, 2.90723112251e-09, 3.40626016282e-09, 3.18650861253e-09, 5.92511595343e-09, 1.01225143823e-08, 2.7426246163e-08, 4.27196980013e-08, 2.94034290249e-08, 3.67479742636e-07, 1.99078215246e-07, 2.77626743816e-09, 2.46933384851e-09, 2.44939957206e-10, 1.3621778705e-10, 3.3627274576e-11, 6.77489612804e-14, 8.72382310716e-19]
    mfcc:
        mean: [-779.652038574, 67.0215377808, -9.35485458374, 61.069984436, 0.869189858437, -5.44569301605, 1.6975069046, -5.14186477661, -4.43047380447, 1.0830603838, -4.94026994705, -9.88158035278, -1.33751928806]
        cov: [[3880.8059082, -11.4290752411, -565.137939453, -146.026275635, -63.7395362854, -264.426605225, -84.8584671021, 0.989953219891, -48.8918190002, -72.1332244873, -213.885665894, -99.816734314, 153.244857788], [-11.4290752411, 1281.01611328, -255.131225586, -175.927108765, 133.805282593, -25.8292293549, 120.676757812, 55.7077522278, -114.183036804, -118.79498291, 17.1692523956, 25.3402061462, 52.0549163818], [-565.137939453, -255.131225586, 798.034240723, 246.571655273, 20.3285827637, 126.532569885, -232.307052612, -142.129104614, -51.4442596436, -72.9944839478, 39.6124763489, 13.5115470886, -139.283920288], [-146.026275635, -175.927108765, 246.571655273, 294.676116943, 107.732437134, -52.0567970276, -137.539321899, -82.7250518799, -9.04770469666, 1.68177461624, -14.786986351, 8.54140281677, -6.94974517822], [-63.7395362854, 133.805282593, 20.3285827637, 107.732437134, 242.833297729, 96.7420272827, -18.3884868622, 15.7191228867, -13.3269710541, -35.7730293274, 20.0268001556, 38.7086105347, 19.5634174347], [-264.426605225, -25.8292293549, 126.532569885, -52.0567970276, 96.7420272827, 452.872772217, 158.516387939, 115.144752502, -3.13604545593, -65.8179397583, 82.3455429077, 53.7493667603, -68.2381820679], [-84.8584671021, 120.676757812, -232.307052612, -137.539321899, -18.3884868622, 158.516387939, 372.648986816, 209.442565918, 52.5260925293, 54.8344230652, 42.2073364258, 4.3850402832, 33.6613731384], [0.989953219891, 55.7077522278, -142.129104614, -82.7250518799, 15.7191228867, 115.144752502, 209.442565918, 213.336959839, 87.9751663208, 38.4498634338, 29.9273300171, 6.72509002686, 15.2851037979], [-48.8918190002, -114.183036804, -51.4442596436, -9.04770469666, -13.3269710541, -3.13604545593, 52.5260925293, 87.9751663208, 162.895217896, 121.498680115, -5.66777515411, -15.4198083878, 8.33941364288], [-72.1332244873, -118.79498291, -72.9944839478, 1.68177461624, -35.7730293274, -65.8179397583, 54.8344230652, 38.4498634338, 121.498680115, 182.835479736, 12.2777147293, -43.3860626221, 9.02958106995], [-213.885665894, 17.1692523956, 39.6124763489, -14.786986351, 20.0268001556, 82.3455429077, 42.2073364258, 29.9273300171, -5.66777515411, 12.2777147293, 101.109992981, 48.883972168, -28.0256290436], [-99.816734314, 25.3402061462, 13.5115470886, 8.54140281677, 38.7086105347, 53.7493667603, 4.3850402832, 6.72509002686, -15.4198083878, -43.3860626221, 48.883972168, 136.216247559, 38.3539199829], [153.244857788, 52.0549163818, -139.283920288, -6.94974517822, 19.5634174347, -68.2381820679, 33.6613731384, 15.2851037979, 8.33941364288, 9.02958106995, -28.0256290436, 38.3539199829, 134.249572754]]
        icov: [[0.0003494953271, 7.54194479669e-05, 0.000253398757195, 8.74752149684e-05, 2.81478642137e-05, -2.25529402087e-05, 0.000387025123928, -0.000406279636081, 0.000367201078916, 1.56678634085e-05, 0.000516054686159, 0.00013228795433, -0.000181037015864], [7.54194479669e-05, 0.00133203447331, -0.0002001888206, 0.00149618077558, -0.00173954712227, 0.00111844809726, -0.000724926998373, -2.12430368265e-05, 0.000536839768756, 0.000755979737733, -0.000105347724457, 0.00011221596651, 0.000135106791276], [0.000253398757195, -0.0002001888206, 0.00349075254053, -0.00320948846638, 0.00226196483709, -0.00198765541427, 0.00181543210056, 0.000387163541745, -0.00061169359833, 0.00105190230533, -0.00111198134255, 0.000528316944838, 0.000988842803054], [8.74752149684e-05, 0.00149618077558, -0.00320948846638, 0.00982543174177, -0.00650067068636, 0.00332272192463, -0.000989812309854, 0.000270399847068, 0.00155854248442, -0.00174075819086, 0.00256621697918, -0.00133807933889, 0.000290682597551], [2.81478642137e-05, -0.00173954712227, 0.00226196483709, -0.00650067068636, 0.0101496474817, -0.00445678643882, 0.00337698450312, -0.00176840950735, -0.000203662231797, 9.98804098344e-05, -0.00171400525142, 0.000644350482617, -0.00227312091738], [-2.25529402087e-05, 0.00111844809726, -0.00198765541427, 0.00332272192463, -0.00445678643882, 0.00663452642038, -0.00400297949091, 0.000453491666121, -0.00162854709197, 0.00338020850904, -0.00138726481237, -0.000790511548985, 0.00248574838042], [0.000387025123928, -0.000724926998373, 0.00181543210056, -0.000989812309854, 0.00337698450312, -0.00400297949091, 0.0110138524324, -0.00955076795071, 0.00658082636073, -0.00601329561323, 0.00138067512307, 4.09060839957e-06, -0.00224667857401], [-0.000406279636081, -2.12430368265e-05, 0.000387163541745, 0.000270399847068, -0.00176840950735, 0.000453491666121, -0.00955076795071, 0.0193429775536, -0.0142946951091, 0.00921039935201, -0.00613562902436, 0.00292284530587, -0.000279099826002], [0.000367201078916, 0.000536839768756, -0.00061169359833, 0.00155854248442, -0.000203662231797, -0.00162854709197, 0.00658082636073, -0.0142946951091, 0.0258735436946, -0.0189124979079, 0.0113347657025, -0.00635551987216, 0.00184486131184], [1.56678634085e-05, 0.000755979737733, 0.00105190230533, -0.00174075819086, 9.98804098344e-05, 0.00338020850904, -0.00601329561323, 0.00921039935201, -0.0189124979079, 0.0231211669743, -0.0125748384744, 0.00873396452516, -0.00264770979993], [0.000516054686159, -0.000105347724457, -0.00111198134255, 0.00256621697918, -0.00171400525142, -0.00138726481237, 0.00138067512307, -0.00613562902436, 0.0113347657025, -0.0125748384744, 0.0242596156895, -0.0117264138535, 0.00688415905461], [0.00013228795433, 0.00011221596651, 0.000528316944838, -0.00133807933889, 0.000644350482617, -0.000790511548985, 4.09060839957e-06, 0.00292284530587, -0.00635551987216, 0.00873396452516, -0.0117264138535, 0.0158781409264, -0.0077220457606], [-0.000181037015864, 0.000135106791276, 0.000988842803054, 0.000290682597551, -0.00227312091738, 0.00248574838042, -0.00224667857401, -0.000279099826002, 0.00184486131184, -0.00264770979993, 0.00688415905461, -0.0077220457606, 0.0145406173542]]
    spectral_contrast:
        mean: [-2.39761419607e-07, -4.24882358629e-07, -3.53599347136e-07, 2.02274605954e-07, -4.55698305757e-08, -3.79113274107e-08, -1.19819196698e-06, 6.81294977767e-07, 1.01743739833e-06, 2.36394794229e-06, -1.10337900594e-07, -2.89151830657e-06]
        var: [0.000383624952519, 0.000906512432266, 0.00180344539694, 0.00638661207631, 0.00793289672583, 0.0110930409282, 0.0895805060863, 0.128468751907, 0.285394281149, 0.464414596558, 0.736118137836, 2.9552423954]

rhythm:
    beats_loudness:
        dmean: 0.00363729940727
        dmean2: 0.00670885667205
        dvar: 4.96362736158e-06
        dvar2: 1.71839001268e-05
        max: 0.0129210520536
        mean: 0.00627297814935
        min: 0.00209737033583
        var: 7.39806046113e-06
    beats_loudness_bass:
        dmean: 0.330878973007
        dmean2: 0.648314714432
        dvar: 0.0232314504683
        dvar2: 0.049164712429
        max: 0.903160572052
        mean: 0.609732031822
        min: 0.210729390383
        var: 0.0504774861038
    bpm: 122.108680725
    bpm_confidence: 0
    first_peak_bpm: 122
    first_peak_spread: 0
    first_peak_weight: 0.947368443012
    onset_rate: 4.70999670029
    second_peak_bpm: 115
    second_peak_spread: 0
    second_peak_weight: 0.0526315793395
    beats_position: [0.144107535481, 0.635349750519, 1.12659204006, 1.6178342104, 2.10907649994, 2.60031867027, 3.09156107903, 3.58280324936, 4.07404518127, 4.56528759003, 5.05652999878, 5.54777193069, 6.0678153038, 6.55928325653, 7.05075120926, 7.54221916199, 8.03368759155, 8.52515602112, 9.01662445068, 9.50809192657]
    bpm_estimates: [122.399559021, 122.139389038, 122.208755493, 121.963134766, 122.27784729, 122.293777466, 122.014640808, 122.053359985, 121.905357361, 122.438034058, 122.09197998, 122.212341309, 121.877319336, 121.954673767, 122.051872253, 122.254646301, 122.198356628, 121.886817932, 122.020652771, 121.931053162]
    bpm_intervals: [0.491242229939, 0.491242289543, 0.491242170334, 0.491242289543, 0.491242170334, 0.491242408752, 0.491242170334, 0.491241931915, 0.491242408752, 0.491242408752, 0.491241931915, 0.520043373108, 0.491467952728, 0.491467952728, 0.491467952728, 0.491468429565, 0.491468429565, 0.491468429565, 0.491467475891]
    onset_times: [0.0464399084449, 0.139319732785, 0.371519267559, 0.638548731804, 0.870748281479, 1.11455786228, 1.369977355, 1.6137868166, 1.8575963974, 2.12462592125, 2.34521532059, 2.60063481331, 2.84444451332, 3.09986400604, 3.34367346764, 3.59909296036, 3.83129262924, 4.07510185242, 4.21442174911, 4.34213161469, 4.45823144913, 4.58594083786, 4.81814050674, 4.96907043457, 5.08517026901, 5.29414987564, 5.56117916107, 5.81659841537, 6.09523820877, 6.29260778427, 6.45514726639, 6.54802703857, 6.80344676971, 6.94276666641, 7.05886602402, 7.2910656929, 7.54648542404, 7.77868461609, 8.04571437836, 8.27791404724, 8.53333377838, 8.76553249359, 9.03256225586, 9.26476192474, 9.42730140686, 9.52018165588, 9.75238132477]
    rubato_start: []
    rubato_stop: []
    perceptual_tempo: "unknown"

sfx:
    inharmonicity:
        dmean: 0.0555594749749
        dmean2: 0.0991010814905
        dvar: 0.00448513776064
        dvar2: 0.0122120724991
        max: 0.388461649418
        mean: 0.0542085692286
        min: 0
        var: 0.00441347062588
    oddtoevenharmonicenergyratio:
        dmean: 14.9451436996
        dmean2: 29.5750522614
        dvar: 17921.4492188
        dvar2: 53684.0742188
        max: 1944.33532715
        mean: 7.9690990448
        min: 0
        var: 9003.45507812
    pitch_after_max_to_before_max_energy_ratio: 52.4099845886
    pitch_centroid: 208.8828125
    pitch_max_to_total: 0.0348837226629
    pitch_min_to_total: 0.0162790697068
    tristimulus:
        dmean: [0.241692885756, 0.297328203917, 0.186347424984]
        dmean2: [0.415764331818, 0.519638955593, 0.336313724518]
        dvar: [0.0480648912489, 0.0545279309154, 0.038516972214]
        dvar2: [0.123309917748, 0.143027991056, 0.108727544546]
        max: [1, 0.995145022869, 0.954456090927]
        mean: [0.370671659708, 0.393509060144, 0.15820337832]
        min: [0.00272113829851, 0, 0]
        var: [0.0802103951573, 0.0820615515113, 0.0396935045719]

tonal:
    chords_changes_rate: 0.111111111939
    chords_number_rate: 0.0231481473893
    chords_strength:
        dmean: 0.00962210446596
        dmean2: 0.0112833241001
        dvar: 5.2553597925e-05
        dvar2: 8.64522517077e-05
        max: 0.734850585461
        mean: 0.544692933559
        min: 0.34269079566
        var: 0.0084094684571
    key_strength: 0.816550791264
    tuning_diatonic_strength: 0.698066592216
    tuning_equal_tempered_deviation: 0.240705862641
    tuning_frequency: 452.37008667
    tuning_nontempered_energy_ratio: 0.847732484341
    hpcp:
        dmean: [0.106601051986, 0.0972686931491, 0.134220778942, 0.155628800392, 0.170515462756, 0.178021237254, 0.202211871743, 0.237362504005, 0.223717913032, 0.189708650112, 0.129023373127, 0.101007983088, 0.101008862257, 0.10492644459, 0.165430977941, 0.177676141262, 0.161608606577, 0.184802725911, 0.202620685101, 0.171524509788, 0.12376908958, 0.116304524243, 0.124294050038, 0.123364381492, 0.145995154977, 0.168341994286, 0.143004626036, 0.144739359617, 0.163552835584, 0.218679741025, 0.27411916852, 0.20888119936, 0.148717284203, 0.149800017476, 0.126408264041, 0.115493439138]
        dmean2: [0.18986466527, 0.169251829386, 0.216805756092, 0.264711290598, 0.296975195408, 0.3115029037, 0.357986062765, 0.415912985802, 0.364870995283, 0.31179445982, 0.227648407221, 0.184918701649, 0.185922160745, 0.185828641057, 0.267457276583, 0.302235066891, 0.271573096514, 0.321900993586, 0.355017334223, 0.303216665983, 0.222290843725, 0.213832482696, 0.224699556828, 0.221764594316, 0.255272328854, 0.307636320591, 0.257509499788, 0.256090551615, 0.283085852861, 0.375179082155, 0.500412523746, 0.369314700365, 0.251465260983, 0.272627294064, 0.219006285071, 0.200718984008]
        dvar: [0.0281539168209, 0.0228795930743, 0.0354760475457, 0.0378062129021, 0.0396892353892, 0.0352039411664, 0.04426831007, 0.0709829702973, 0.0505693182349, 0.0437516011298, 0.0345824919641, 0.0305031426251, 0.0328116677701, 0.0266581159085, 0.0482082143426, 0.0607481263578, 0.0372002497315, 0.0496475249529, 0.0595443025231, 0.0517683550715, 0.0473532266915, 0.0487833507359, 0.0447287149727, 0.03868156299, 0.0495845302939, 0.0620005503297, 0.0415391661227, 0.0472037121654, 0.0376805849373, 0.0411088727415, 0.0737807005644, 0.0481347516179, 0.0375801920891, 0.0396076515317, 0.0343437939882, 0.0322595871985]
        dvar2: [0.0775520801544, 0.0649310648441, 0.093069344759, 0.0929653719068, 0.107936866581, 0.0865400359035, 0.113717474043, 0.148413598537, 0.110524855554, 0.108697995543, 0.0973042473197, 0.0856535211205, 0.0957483947277, 0.0743060037494, 0.126297488809, 0.155176222324, 0.101066045463, 0.117534682155, 0.156257078052, 0.153358727694, 0.139028847218, 0.13574051857, 0.131590560079, 0.0940468236804, 0.133310079575, 0.167219221592, 0.107637353241, 0.116689927876, 0.10602748394, 0.100060105324, 0.203281581402, 0.136924833059, 0.0935707092285, 0.112734518945, 0.0975513011217, 0.0852251127362]
        max: [1, 1, 1, 1, 1, 1, 1, 1, 1, 1, 1, 1, 1, 1, 1, 1, 1, 1, 1, 1, 1, 1, 1, 1, 1, 1, 1, 1, 1, 1, 1, 1, 1, 1, 1, 1]
        mean: [0.112155541778, 0.112641990185, 0.158839449286, 0.194875985384, 0.21159696579, 0.213319435716, 0.255875229836, 0.356482744217, 0.35765209794, 0.244932562113, 0.133290395141, 0.0904485136271, 0.0845344513655, 0.0978592708707, 0.170867323875, 0.191287219524, 0.162960976362, 0.207188725471, 0.222260609269, 0.161006942391, 0.103616856039, 0.0875097364187, 0.108622662723, 0.145963415504, 0.15453967452, 0.142891943455, 0.134661227465, 0.135328233242, 0.16479536891, 0.333262890577, 0.424042135477, 0.270876526833, 0.175217539072, 0.162479907274, 0.135246008635, 0.122418701649]
        min: [0.000870666524861, 0.000720241863746, 0.00180035515223, 0.00178665143903, 0.00131378159858, 0.00146140297875, 0.00197687116452, 0.00116280245129, 0.00349197606556, 0.0043633878231, 0.00264812656678, 0.000718355877325, 0.000249752105447, 0.00043144938536, 0.00140970596112, 0.00198077363893, 0.00142798223533, 0.00315125193447, 0.00145118625369, 0, 0, 0, 0, 0.000298479164485, 0.00016885282821, 0.000339522171998, 0.000404875900131, 0.000235845538555, 0.00106256105937, 0.00517985317856, 0.00628093490377, 0.00338735734113, 0.000396705407184, 0.000165199104231, 0.000558843079489, 0.000548199750483]
        var: [0.0289424061775, 0.0250936876982, 0.0446407832205, 0.0566905103624, 0.0551823563874, 0.0478583164513, 0.0601636655629, 0.12462323159, 0.10996183753, 0.0631518140435, 0.0289536677301, 0.0214692130685, 0.0213780310005, 0.0222536399961, 0.0587069913745, 0.072063781321, 0.0397793501616, 0.0616980716586, 0.0666021183133, 0.0505069680512, 0.0358485877514, 0.0344527885318, 0.034028403461, 0.0521256476641, 0.0527024120092, 0.0518349707127, 0.0391460210085, 0.0481577701867, 0.0399784259498, 0.0735349282622, 0.116568416357, 0.0742989033461, 0.0589098073542, 0.0513201542199, 0.0426423102617, 0.0348631590605]
    chords_histogram: [29.1666660309, 0, 0, 0, 0, 0, 0, 0.925925910473, 0, 0, 0, 0, 0, 0, 21.7592601776, 0, 0, 0, 0, 0, 0, 3.70370364189, 12.0370368958, 32.4074058533]
    thpcp: [1, 0.638796269894, 0.413207858801, 0.383169263601, 0.318944752216, 0.288694649935, 0.26449149847, 0.265638679266, 0.374584108591, 0.459567517042, 0.498999863863, 0.503061890602, 0.603419363499, 0.84067761898, 0.843435287476, 0.577613711357, 0.314332902431, 0.213300764561, 0.199353888631, 0.230777233839, 0.402948915958, 0.451104283333, 0.384303748608, 0.488604098558, 0.524147450924, 0.379695624113, 0.244355097413, 0.206370383501, 0.256160080433, 0.344219118357, 0.36444413662, 0.336975812912, 0.31756567955, 0.319138646126, 0.388629704714, 0.785919308662]
    chords_key: "G"
    chords_scale: "major"
    key_key: "B"
    key_scale: "minor"
    chords_progression: ["Em", "Em", "Em", "Em", "Em", "Em", "Em", "Bm", "Bm", "Em", "Em", "B", "Em", "Em", "Em", "Em", "Em", "Em", "Em", "G", "G", "G", "Em", "Em", "Em", "Em", "Em", "Em", "Em", "Em", "G", "G", "G", "G", "G", "G", "G", "Bm", "Bm", "Bm", "Bm", "Bm", "Bm", "Bm", "Bm", "G", "Bm", "Bm", "Cm", "Cm", "Cm", "Cm", "Cm", "Cm", "Cm", "Cm", "Cm", "Cm", "Cm", "Cm", "Cm", "Cm", "Cm", "Cm", "Cm", "Cm", "Cm", "Cm", "Cm", "Cm", "Cm", "Cm", "Cm", "Cm", "Cm", "Cm", "Cm", "Cm", "Cm", "Cm", "Cm", "Cm", "Cm", "Cm", "Cm", "Cm", "Cm", "Cm", "Cm", "Cm", "Cm", "G", "G", "G", "G", "G", "G", "G", "G", "G", "G", "G", "G", "G", "G", "G", "G", "G", "G", "G", "G", "G", "G", "G", "G", "G", "G", "G", "G", "G", "G", "G", "G", "G", "G", "G", "G", "G", "G", "G", "G", "G", "G", "G", "G", "G", "G", "G", "Cm", "G", "G", "G", "G", "G", "Cm", "Cm", "Cm", "C", "C", "C", "C", "Em", "C", "C", "Em", "C", "C", "Bm", "Bm", "Bm", "Bm", "Bm", "Bm", "Bm", "B", "Bm", "Bm", "Bm", "Bm", "Bm", "Bm", "Bm", "Bm", "Bm", "Bm", "Bm", "Bm", "Bm", "Bm", "Bm", "Bm", "Bm", "Bm", "Bm", "Bm", "Bm", "Bm", "Bm", "Bm", "Bm", "Bm", "Bm", "Bm", "Bm", "Bm", "Bm", "Bm", "Bm", "Bm", "Bm", "Bm", "Bm", "Bm", "Bm", "Bm", "Bm", "Bm", "Bm", "Bm", "G", "G", "G", "G", "G", "G", "G"]
