
metadata:
    version:
        essentia: "1.2.2"
    audio_properties:
        analysis_sample_rate: 44100
        bitrate: 128
        channels: 2
        equal_loudness: 1
        length: 9.97877597809
        replay_gain: -11.6051807404
        downmix: "mix"
    tags:
        track: 19
        year: 0
        album: "Splitted by Mp3Splt v. 2.1"
        artist: "From 003.00 To 003.10"
        comment: "http://mp3splt.sf.net"
        genre: ""
        title: "04 Moritat.mp3"

highlevel:
    ballroom:
        all:
            ChaChaCha: 0.0291459076107
            Jive: 0.556925535202
            Quickstep: 0.170323476195
            Rumba-American: 0.00641277292743
            Rumba-International: 0.0035838871263
            Rumba-Misc: 0.00197574985214
            Samba: 0.211364433169
            Tango: 0.0117911677808
            VienneseWaltz: 0.00446879258379
            Waltz: 0.00400828523561
        probability: 0.556925535202
        value: "Jive"
    culture:
        all:
            non_western: 0.0314746238291
            western: 0.968525350094
        probability: 0.968525350094
        value: "western"
    gender:
        all:
            female: 0.0604025349021
            male: 0.93959748745
        probability: 0.93959748745
        value: "male"
    genre_dortmund:
        all:
            alternative: 0.0167837720364
            blues: 0.11292399466
            electronic: 0.00526240700856
            folkcountry: 0.183146834373
            funksoulrnb: 0.0150882359594
            jazz: 0.592900753021
            pop: 0.0272687338293
            raphiphop: 0.00139180361293
            rock: 0.0452334731817
        probability: 0.592900753021
        value: "jazz"
    genre_electronica:
        all:
            ambient: 0.526397526264
            dnb: 0.2996096313
            house: 0.0261863786727
            techno: 0.0138194719329
            trance: 0.133986979723
        probability: 0.526397526264
        value: "ambient"
    genre_rosamerica:
        all:
            cla: 0.0066093755886
            dan: 0.00727987289429
            hip: 0.00447760801762
            jaz: 0.959206998348
            pop: 0.00487866811454
            rhy: 0.00514975003898
            roc: 0.00983028393239
            spe: 0.0025674640201
        probability: 0.959206998348
        value: "jaz"
    genre_tzanetakis:
        all:
            blu: 0.000518738059327
            cla: 0.000492492166813
            cou: 0.00213023019023
            dis: 0.00448573566973
            hip: 0.000194367239601
            jaz: 0.983310520649
            met: 0.00034020721796
            pop: 0.00277269654907
            reg: 0.00187210633885
            roc: 0.00388292456046
        probability: 0.983310520649
        value: "jaz"
    live_studio:
        all:
            live: 0.119002349675
            studio: 0.880997657776
        probability: 0.880997657776
        value: "studio"
    mood:
        all:
            Cluster1: 0.0652392357588
            Cluster2: 0.461622476578
            Cluster3: 0.0176712609828
            Cluster4: 0.27632817626
            Cluster5: 0.179138839245
        probability: 0.461622476578
        value: "Cluster2"
    mood_acoustic:
        all:
            acoustic: 0.172180578113
            not_acoustic: 0.827819406986
        probability: 0.827819406986
        value: "not_acoustic"
    mood_aggressive:
        all:
            aggressive: 0.141499146819
            not_aggressive: 0.85850083828
        probability: 0.85850083828
        value: "not_aggressive"
    mood_electronic:
        all:
            electronic: 0.356645822525
            not_electronic: 0.643354177475
        probability: 0.643354177475
        value: "not_electronic"
    mood_happy:
        all:
            happy: 0.769781351089
            not_happy: 0.230218663812
        probability: 0.769781351089
        value: "happy"
    mood_party:
        all:
            not_party: 0.522040426731
            party: 0.477959573269
        probability: 0.522040426731
        value: "not_party"
    mood_relaxed:
        all:
            not_relaxed: 0.145003840327
            relaxed: 0.854996144772
        probability: 0.854996144772
        value: "relaxed"
    mood_sad:
        all:
            not_sad: 0.779217898846
            sad: 0.220782101154
        probability: 0.779217898846
        value: "not_sad"
    rhythm:
        all:
            fast: 0.831490218639
            medium: 0.146901592612
            slow: 0.0216081980616
        probability: 0.831490218639
        value: "fast"
    speech_music:
        all:
            music: 0.993602573872
            speech: 0.00639741169289
        probability: 0.993602573872
        value: "music"
    timbre:
        all:
            bright: 0.979908287525
            dark: 0.0200917143375
        probability: 0.979908287525
        value: "bright"
    voice_instrumental:
        all:
            instrumental: 0.966377317905
            voice: 0.0336226820946
        probability: 0.966377317905
        value: "instrumental"

lowlevel:
    average_loudness: 0.924272656441
    barkbands_kurtosis:
        dmean: 0.798414707184
        dmean2: 1.24304544926
        dvar: 1.23699080944
        dvar2: 2.77253365517
        max: 12.6202373505
        mean: -0.462719768286
        min: -1.85587489605
        var: 3.32429528236
    barkbands_skewness:
        dmean: 0.436979949474
        dmean2: 0.652808189392
        dvar: 0.188054546714
        dvar2: 0.406854391098
        max: 3.38286185265
        mean: -0.227321058512
        min: -3.05528879166
        var: 0.887736618519
    barkbands_spread:
        dmean: 6.22036170959
        dmean2: 9.39296531677
        dvar: 50.5789527893
        dvar2: 100.654708862
        max: 73.0826950073
        mean: 33.2467918396
        min: 6.91067743301
        var: 186.230819702
    dissonance:
        dmean: 0.0188477765769
        dmean2: 0.0322672538459
        dvar: 0.000313933705911
        dvar2: 0.000734620727599
        max: 0.497639447451
        mean: 0.460847079754
        min: 0.2702267766
        var: 0.000652365561109
    hfc:
        dmean: 2.55782103539
        dmean2: 3.66930031776
        dvar: 13.3341846466
        dvar2: 22.108505249
        max: 34.0198631287
        mean: 7.68983411789
        min: 0.00747508136556
        var: 58.5439071655
    pitch:
        dmean: 615.462097168
        dmean2: 1195.82519531
        dvar: 1601942.25
        dvar2: 4259383.5
        max: 4900
        mean: 1048.19140625
        min: 83.2075500488
        var: 2023979.25
    pitch_instantaneous_confidence:
        dmean: 0.105199053884
        dmean2: 0.160969853401
        dvar: 0.0141235683113
        dvar2: 0.0261197425425
        max: 0.973591566086
        mean: 0.617397725582
        min: 0.216615915298
        var: 0.0631968379021
    pitch_salience:
        dmean: 0.0615044496953
        dmean2: 0.0937999486923
        dvar: 0.00352139840834
        dvar2: 0.00725928554311
        max: 0.887742340565
        mean: 0.673634290695
        min: 0.271505475044
        var: 0.0108679365367
    silence_rate_20dB:
        dmean: 0
        dmean2: 0
        dvar: 0
        dvar2: 0
        max: 1
        mean: 1
        min: 1
        var: 0
    silence_rate_30dB:
        dmean: 0
        dmean2: 0
        dvar: 0
        dvar2: 0
        max: 1
        mean: 1
        min: 1
        var: 0
    silence_rate_60dB:
        dmean: 0.130232557654
        dmean2: 0.26107224822
        dvar: 0.113271817565
        dvar2: 0.211561247706
        max: 1
        mean: 0.510440826416
        min: 0
        var: 0.249892070889
    spectral_centroid:
        dmean: 311.198760986
        dmean2: 476.526947021
        dvar: 112875.617188
        dvar2: 261103.6875
        max: 4773.63378906
        mean: 2104.64379883
        min: 647.369812012
        var: 388109.53125
    spectral_complexity:
        dmean: 2.36596727371
        dmean2: 3.67523360252
        dvar: 8.22273921967
        dvar2: 16.9202346802
        max: 27
        mean: 7.60930252075
        min: 0
        var: 28.7729282379
    spectral_crest:
        dmean: 1.75476050377
        dmean2: 2.86174654961
        dvar: 2.90924739838
        dvar2: 7.4548997879
        max: 16.179725647
        mean: 7.139939785
        min: 3.02675199509
        var: 5.45949983597
    spectral_decrease:
        dmean: 2.37697028727e-10
        dmean2: 3.40572403612e-10
        dvar: 1.00681671199e-19
        dvar2: 1.67583250736e-19
        max: -4.79651257948e-13
        mean: -7.68728469769e-10
        min: -2.67780797536e-09
        var: 4.50787584447e-19
    spectral_energy:
        dmean: 0.00111605157144
        dmean2: 0.00159466546029
        dvar: 2.28026374316e-06
        dvar2: 3.77084074898e-06
        max: 0.0128696020693
        mean: 0.00359884998761
        min: 2.48830360761e-06
        var: 1.02258127299e-05
    spectral_energyband_high:
        dmean: 0.000135445210617
        dmean2: 0.000197064407985
        dvar: 4.76698680529e-08
        dvar2: 8.88504416707e-08
        max: 0.00269504054449
        mean: 0.000279903440969
        min: 7.96963490757e-07
        var: 8.95782079624e-08
    spectral_energyband_low:
        dmean: 2.26920310524e-05
        dmean2: 3.08106973534e-05
        dvar: 1.57666302236e-09
        dvar2: 2.26417573579e-09
        max: 0.000460543757072
        mean: 4.57443093183e-05
        min: 2.79637415446e-08
        var: 5.46722400685e-09
    spectral_energyband_middle_high:
        dmean: 0.000756236899178
        dmean2: 0.00110125483479
        dvar: 1.52979316681e-06
        dvar2: 2.43276144829e-06
        max: 0.0114984419197
        mean: 0.00222331518307
        min: 9.78823322839e-07
        var: 6.7325049713e-06
    spectral_energyband_middle_low:
        dmean: 0.000404706312111
        dmean2: 0.000608489324804
        dvar: 3.04012473862e-07
        dvar2: 6.0349003661e-07
        max: 0.0057257739827
        mean: 0.00104988762178
        min: 6.84568135512e-07
        var: 1.13818623504e-06
    spectral_flatness_db:
        dmean: 0.0177509319037
        dmean2: 0.0258286893368
        dvar: 0.000283322879113
        dvar2: 0.000579357380047
        max: 0.261562824249
        mean: 0.176465585828
        min: 0.106885522604
        var: 0.0011012791656
    spectral_flux:
        dmean: 0.0116470819339
        dmean2: 0.0184297151864
        dvar: 0.000164511744515
        dvar2: 0.000415404589148
        max: 0.102965697646
        mean: 0.0287049245089
        min: 0.00157743575983
        var: 0.000337495701388
    spectral_kurtosis:
        dmean: 0.928168952465
        dmean2: 1.53162395954
        dvar: 0.842367887497
        dvar2: 2.09300136566
        max: 11.5478515625
        mean: 1.99983251095
        min: -0.292990922928
        var: 2.89376044273
    spectral_rms:
        dmean: 0.000302747270325
        dmean2: 0.000415374699514
        dvar: 1.40561340345e-07
        dvar2: 2.2893500784e-07
        max: 0.00354340369813
        mean: 0.00165774452034
        min: 4.92708168167e-05
        var: 7.62954528e-07
    spectral_rolloff:
        dmean: 407.172821045
        dmean2: 647.85723877
        dvar: 275502.6875
        dvar2: 548991.1875
        max: 5813.96484375
        mean: 3778.93041992
        min: 602.9296875
        var: 878607.6875
    spectral_skewness:
        dmean: 0.166082024574
        dmean2: 0.264809221029
        dvar: 0.0236754119396
        dvar2: 0.0478989779949
        max: 3.11155176163
        mean: 0.985973000526
        min: 0.320089489222
        var: 0.115037098527
    spectral_spread:
        dmean: 589289.875
        dmean2: 867033.25
        dvar: 541895327744
        dvar2: 879016148992
        max: 11021908
        mean: 5318609
        min: 2967279.5
        var: 1.96539056128e+12
    spectral_strongpeak:
        dmean: 0.770588755608
        dmean2: 1.23887395859
        dvar: 1.30008113384
        dvar2: 2.80804419518
        max: 8.97427272797
        mean: 1.26492536068
        min: 0.0101699559018
        var: 2.83255434036
    zerocrossingrate:
        dmean: 0.010422357358
        dmean2: 0.012631425634
        dvar: 0.000100046301668
        dvar2: 0.000118105541333
        max: 0.22021484375
        mean: 0.111725561321
        min: 0.0390625
        var: 0.000805382209364
    barkbands:
        dmean: [2.04181715979e-09, 6.78226933815e-06, 1.7124313672e-05, 4.01031247748e-05, 4.97345718031e-05, 0.000139198513352, 0.000115304574138, 8.96517085494e-05, 0.000104111866676, 3.34664291586e-05, 2.031049371e-05, 5.44522335986e-05, 4.114317926e-05, 3.80949568353e-05, 6.01487590757e-05, 9.44940911722e-05, 0.000160748400958, 0.000311185023747, 0.000168736718479, 0.000112099085527, 5.50728145754e-05, 3.88720509363e-05, 8.46718558023e-06, 2.73479827229e-06, 9.78840148491e-07, 3.28041309672e-08, 4.75933570332e-10]
        dmean2: [3.27962657032e-09, 9.2131922429e-06, 2.39852397499e-05, 7.02837278368e-05, 7.73729552748e-05, 0.000224563234951, 0.000175911569386, 0.000131707827677, 0.000157530972501, 4.68590660603e-05, 2.64097070612e-05, 6.65974221192e-05, 5.74248660996e-05, 5.87318900216e-05, 8.63207678776e-05, 0.000147568338434, 0.000212520593777, 0.000492280756589, 0.000237857893808, 0.000168134240084, 8.1620994024e-05, 6.12196527072e-05, 1.2442276784e-05, 4.0671284296e-06, 1.45872672874e-06, 4.88920335329e-08, 6.10866746076e-10]
        dvar: [1.08958141073e-17, 1.4341146326e-10, 9.76666192365e-10, 1.06943298661e-08, 1.09201812037e-08, 3.82403015919e-08, 4.30633839699e-08, 5.33255146706e-08, 1.13899638166e-07, 7.35315541789e-09, 2.63369126507e-09, 1.60746420619e-08, 1.16112905957e-08, 1.11317497442e-08, 1.04685646818e-08, 6.77773144275e-08, 8.85919106963e-08, 2.41901773279e-07, 8.03969371077e-08, 2.22711271647e-08, 1.0838557607e-08, 4.15984358071e-09, 2.24095908496e-10, 4.10510479776e-11, 5.55580755013e-12, 9.00675543804e-15, 3.9789316449e-17]
        dvar2: [2.26697350287e-17, 2.00442440423e-10, 1.63234081807e-09, 2.77547371752e-08, 2.43097773023e-08, 9.77508278766e-08, 9.44592386531e-08, 1.05261335648e-07, 2.02642141289e-07, 1.23157040122e-08, 2.98907054663e-09, 2.2596836402e-08, 1.872920663e-08, 2.11571400399e-08, 1.92846805191e-08, 1.50858113557e-07, 1.19947429766e-07, 4.99661553022e-07, 1.38481240697e-07, 4.2908528286e-08, 2.06392201108e-08, 9.60767643221e-09, 4.28482666015e-10, 8.82835263227e-11, 1.13611958383e-11, 2.03893891652e-14, 3.86911680114e-17]
        max: [4.71127137303e-08, 0.00012261851225, 0.000380878569558, 0.00102784868795, 0.00142573169433, 0.00152386701666, 0.00296189030632, 0.00274739135057, 0.00435545248911, 0.00121443637181, 0.00103017396759, 0.0016197108198, 0.00143532524817, 0.00108898326289, 0.000917294993997, 0.00378403300419, 0.0036586727947, 0.0046633509919, 0.00417111534625, 0.0014086359879, 0.00136449921411, 0.000625240965746, 0.000144390476635, 5.16435611644e-05, 2.05026626645e-05, 8.92039054179e-07, 1.3297379553e-07]
        mean: [2.72003641832e-09, 1.46395550473e-05, 3.11022740789e-05, 3.98025294999e-05, 7.23772900528e-05, 0.00031178331119, 0.000259883498074, 0.000160871364642, 0.000192962193978, 6.51316076983e-05, 3.76437710656e-05, 0.000119464850286, 8.1657046394e-05, 6.56512420392e-05, 0.000119161093608, 0.00015953349066, 0.000357414857717, 0.000698560499586, 0.000383105740184, 0.000244250230026, 9.63518978097e-05, 6.61238955217e-05, 1.61602765729e-05, 3.79584525945e-06, 1.38354550927e-06, 3.7208675252e-08, 4.49829590243e-10]
        min: [5.0254214852e-12, 2.96926350174e-09, 2.49937830432e-08, 3.73715103308e-08, 1.55272246616e-07, 2.23373799457e-08, 5.75326559726e-08, 8.38427354211e-08, 2.23364139629e-07, 4.29765663057e-08, 3.58706415682e-08, 1.35869857587e-08, 1.38230564772e-08, 7.50328243981e-09, 6.13965944751e-09, 1.23599273039e-08, 4.77674184651e-08, 4.76623768009e-07, 1.50842424773e-07, 3.46432585729e-07, 3.41455859143e-07, 1.7176954259e-07, 1.04012357838e-07, 1.77373831178e-08, 4.87712581432e-09, 1.17752252393e-10, 3.33641771708e-14]
        var: [1.92586456689e-17, 4.976281609e-10, 3.07039904612e-09, 8.89698625883e-09, 1.74744503312e-08, 1.11754452803e-07, 2.02499407465e-07, 1.36794497507e-07, 3.47698716041e-07, 2.03901429074e-08, 1.00484394139e-08, 6.97465409871e-08, 4.22577421944e-08, 2.41595667916e-08, 3.30544231986e-08, 1.52037713974e-07, 3.75418323983e-07, 7.38503274533e-07, 3.0228545711e-07, 7.50290212181e-08, 1.70284923939e-08, 5.51836087936e-09, 3.39214101253e-10, 4.82319080508e-11, 7.07541794251e-12, 9.47716280859e-15, 4.09899360209e-17]
    mfcc:
        mean: [-744.202453613, 69.1577835083, -38.2234382629, 59.4336853027, -24.1166877747, -14.8564872742, -18.562461853, -3.86314558983, -12.2508535385, -7.70490455627, 2.80874109268, -0.200790792704, -0.773185312748]
        cov: [[3491.60644531, 257.044281006, -1558.99035645, -376.428771973, 255.452209473, -116.168640137, -106.539810181, -125.995422363, -60.0904960632, -94.332611084, -62.4027404785, -28.1493358612, 117.568237305], [257.044281006, 466.682067871, -285.451080322, -66.8705978394, -4.08878850937, -63.4604988098, -37.2457389832, 17.8972377777, -13.6616735458, 13.8145866394, -1.02577221394, -15.5260133743, 25.062582016], [-1558.99035645, -285.451080322, 1617.13549805, 196.702850342, -261.055114746, 89.6238174438, 30.7598705292, 9.58098888397, 76.1896438599, 81.0379867554, 26.6953754425, 32.4119300842, -123.549385071], [-376.428771973, -66.8705978394, 196.702850342, 167.293167114, 37.8018913269, 66.3531112671, 63.2111930847, 57.3377075195, 25.9210319519, 16.7696819305, 15.6335515976, 15.7950992584, 11.8977603912], [255.452209473, -4.08878850937, -261.055114746, 37.8018913269, 185.195632935, 76.9306869507, 63.2181777954, 36.4295349121, -0.763002276421, -0.0820178166032, 11.7658405304, 9.24680900574, 50.2285957336], [-116.168640137, -63.4604988098, 89.6238174438, 66.3531112671, 76.9306869507, 122.752456665, 68.8977813721, 31.832611084, 21.530122757, 11.7002754211, 10.4341888428, 10.2377891541, 5.9230799675], [-106.539810181, -37.2457389832, 30.7598705292, 63.2111930847, 63.2181777954, 68.8977813721, 84.8954620361, 44.7353134155, 19.0422115326, 7.12340593338, 8.5080165863, 12.4449968338, 17.5963516235], [-125.995422363, 17.8972377777, 9.58098888397, 57.3377075195, 36.4295349121, 31.832611084, 44.7353134155, 94.1103591919, 37.1778717041, 10.1471881866, 19.0416355133, 12.7894868851, 18.7660808563], [-60.0904960632, -13.6616735458, 76.1896438599, 25.9210319519, -0.763002276421, 21.530122757, 19.0422115326, 37.1778717041, 71.3083190918, 32.1090126038, 13.9466247559, 5.96080112457, -0.0552712082863], [-94.332611084, 13.8145866394, 81.0379867554, 16.7696819305, -0.0820178166032, 11.7002754211, 7.12340593338, 10.1471881866, 32.1090126038, 67.7995986938, 25.6903133392, 0.572241187096, 4.15935993195], [-62.4027404785, -1.02577221394, 26.6953754425, 15.6335515976, 11.7658405304, 10.4341888428, 8.5080165863, 19.0416355133, 13.9466247559, 25.6903133392, 57.6610527039, 30.1915149689, 21.8264389038], [-28.1493358612, -15.5260133743, 32.4119300842, 15.7950992584, 9.24680900574, 10.2377891541, 12.4449968338, 12.7894868851, 5.96080112457, 0.572241187096, 30.1915149689, 58.9820404053, 38.6666755676], [117.568237305, 25.062582016, -123.549385071, 11.8977603912, 50.2285957336, 5.9230799675, 17.5963516235, 18.7660808563, -0.0552712082863, 4.15935993195, 21.8264389038, 38.6666755676, 85.6476364136]]
        icov: [[0.000667007465381, -3.10823670588e-05, 0.000376648531528, 0.000900582817849, -0.000833909260109, 7.66409866628e-05, 0.000408141582739, 0.000747525074985, -0.000951539957896, 0.000404889899073, 0.000415736169089, -0.000200673908694, -0.000287797913188], [-3.10823670588e-05, 0.00288766622543, 0.000504092837218, 0.000584268127568, 0.000864596338943, 0.000272443896392, 0.000749999016989, -0.00217017391697, 0.00139889435377, -0.00202814419754, 0.000580821186304, 0.000412919907831, -0.000595840625465], [0.000376648531528, 0.000504092837218, 0.0020548584871, -0.00123158062343, 0.00297985039651, -0.00206826813519, 0.000151147760334, 0.000506523181684, -0.000165201388882, -0.00171778630465, 0.000674722541589, -0.00208154390566, 0.00157530151773], [0.000900582817849, 0.000584268127568, -0.00123158062343, 0.0129213351756, -0.0032058081124, -0.000390480097849, -0.00285168318078, -0.00376071385108, -1.19266496768e-05, 0.000188445716049, 0.000750863924623, 0.000885659013875, -0.00226215994917], [-0.000833909260109, 0.000864596338943, 0.00297985039651, -0.0032058081124, 0.0181441158056, -0.00965968705714, -0.00404414441437, -0.0020840477664, 0.00417563924566, -0.0029409523122, -0.00139182666317, 0.00167359469924, -0.00330498698168], [7.66409866628e-05, 0.000272443896392, -0.00206826813519, -0.000390480097849, -0.00965968705714, 0.0216867383569, -0.0103645287454, 0.00253392383456, -0.00304472865537, 0.00110250385478, -0.000699363707099, -0.000581605767366, 0.00301046879031], [0.000408141582739, 0.000749999016989, 0.000151147760334, -0.00285168318078, -0.00404414441437, -0.0103645287454, 0.030287053436, -0.00721796136349, -0.000161934905918, -0.000650246394798, 0.00388175412081, -0.00217266008258, -0.00169491395354], [0.000747525074985, -0.00217017391697, 0.000506523181684, -0.00376071385108, -0.0020840477664, 0.00253392383456, -0.00721796136349, 0.0226493552327, -0.0115631511435, 0.00627640914172, -0.00527648627758, 0.00166812480893, -0.00129144173115], [-0.000951539957896, 0.00139889435377, -0.000165201388882, -1.19266496768e-05, 0.00417563924566, -0.00304472865537, -0.000161934905918, -0.0115631511435, 0.026115398854, -0.0125839449465, 0.00256186700426, -0.00289327790961, 0.00227006967179], [0.000404889899073, -0.00202814419754, -0.00171778630465, 0.000188445716049, -0.0029409523122, 0.00110250385478, -0.000650246394798, 0.00627640914172, -0.0125839449465, 0.0280131679028, -0.013677441515, 0.0107412943617, -0.00479184044525], [0.000415736169089, 0.000580821186304, 0.000674722541589, 0.000750863924623, -0.00139182666317, -0.000699363707099, 0.00388175412081, -0.00527648627758, 0.00256186700426, -0.013677441515, 0.0329522080719, -0.0175657905638, 0.00155021483079], [-0.000200673908694, 0.000412919907831, -0.00208154390566, 0.000885659013875, 0.00167359469924, -0.000581605767366, -0.00217266008258, 0.00166812480893, -0.00289327790961, 0.0107412943617, -0.0175657905638, 0.0382214225829, -0.0171340499073], [-0.000287797913188, -0.000595840625465, 0.00157530151773, -0.00226215994917, -0.00330498698168, 0.00301046879031, -0.00169491395354, -0.00129144173115, 0.00227006967179, -0.00479184044525, 0.00155021483079, -0.0171340499073, 0.0247675497085]]
    spectral_contrast:
        mean: [-1.50397774235e-08, 3.40136324439e-07, -3.53469395975e-08, -2.89706292733e-07, 6.39190531615e-08, 3.27964158942e-07, -7.23641960576e-07, -8.71891217002e-08, 2.64173331743e-06, -5.57774728804e-06, 1.91705169073e-07, -2.390562031e-06]
        var: [0.000266703398665, 0.00063933985075, 0.00182016962208, 0.00262611219659, 0.00350817688741, 0.0186711940914, 0.0316562391818, 0.0638008415699, 0.23796017468, 0.26647233963, 0.309115171432, 1.21868729591]

rhythm:
    beats_loudness:
        dmean: 0.00265540112741
        dmean2: 0.00415935972705
        dvar: 5.50228651264e-06
        dvar2: 1.08154572445e-05
        max: 0.0111289238557
        mean: 0.00349895469844
        min: 0.000630433380138
        var: 8.94903769222e-06
    beats_loudness_bass:
        dmean: 0.0348617769778
        dmean2: 0.0648513436317
        dvar: 0.00126949697733
        dvar2: 0.00353781669401
        max: 0.130511283875
        mean: 0.0279007907957
        min: 0.000578034028877
        var: 0.00104839156847
    bpm: 83.5697860718
    bpm_confidence: 0
    first_peak_bpm: 163
    first_peak_spread: 0
    first_peak_weight: 0.5
    onset_rate: 4.60978412628
    second_peak_bpm: 84
    second_peak_spread: 0
    second_peak_weight: 0.444444447756
    beats_position: [0.167197421193, 0.885162949562, 1.60312855244, 2.3210940361, 3.03905963898, 3.75702524185, 4.47499084473, 5.1929564476, 5.91092157364, 6.39059925079, 6.75759887695, 7.12459897995, 7.49159860611, 7.85859727859, 8.22559738159, 8.59259700775, 8.95959568024, 9.3265953064, 9.69359493256]
    bpm_estimates: [83.5820541382, 83.8099746704, 83.5387496948, 83.3483581543]
    bpm_intervals: [0.71796554327, 0.717965602875, 0.717965483665, 0.717965602875, 0.717965602875, 0.717965602875, 0.717965602875, 0.717965126038, 0.479677677155, 0.36699962616, 0.367000102997, 0.36699962616, 0.366998672485, 0.367000102997, 0.36699962616, 0.366998672485, 0.36699962616, 0.36699962616]
    onset_times: [0.0464399084449, 0.127709746361, 0.580498874187, 0.847528338432, 1.02167797089, 1.23065757751, 1.74149656296, 2.04335594177, 2.35682535172, 2.68190479279, 2.75156474113, 2.86766433716, 3.00698423386, 3.21596360207, 3.47138333321, 3.72680282593, 4.08671188354, 4.17959165573, 4.43501138687, 4.60916090012, 4.91102027893, 5.1780500412, 5.29414987564, 5.65405893326, 5.92108821869, 6.03718805313, 6.1648979187, 6.37387752533, 6.65251684189, 7.10530614853, 7.36072540283, 7.59292507172, 7.80190467834, 7.87156438828, 8.17342376709, 8.34757328033, 8.54494285583, 8.6146030426, 8.71909332275, 8.90485286713, 9.10222244263, 9.21832180023, 9.33442211151, 9.45052146912, 9.82204055786, 9.97297096252]
    rubato_start: [6.75759887695]
    rubato_stop: [9.69359493256]
    perceptual_tempo: "unknown"

sfx:
    inharmonicity:
        dmean: 0.0493147261441
        dmean2: 0.0897881761193
        dvar: 0.00410538632423
        dvar2: 0.0116448253393
        max: 0.418814003468
        mean: 0.0528154522181
        min: 0
        var: 0.00418577017263
    oddtoevenharmonicenergyratio:
        dmean: 3.10887980461
        dmean2: 5.88889169693
        dvar: 283.236724854
        dvar2: 867.454650879
        max: 240.432113647
        mean: 2.1102411747
        min: 0
        var: 144.378143311
    pitch_after_max_to_before_max_energy_ratio: 6.67672252655
    pitch_centroid: 191.312271118
    pitch_max_to_total: 0.0581395365298
    pitch_min_to_total: 0.732558131218
    tristimulus:
        dmean: [0.163403049111, 0.216579377651, 0.164935022593]
        dmean2: [0.277208119631, 0.359412252903, 0.291567713022]
        dvar: [0.0264082979411, 0.0398118086159, 0.0257035363466]
        dvar2: [0.06044132635, 0.115704089403, 0.0681398138404]
        max: [1, 0.956978917122, 0.768881201744]
        mean: [0.297907561064, 0.504839301109, 0.168262034655]
        min: [0.000940985511988, 0, 0]
        var: [0.0423134975135, 0.0567073523998, 0.0308503061533]

tonal:
    chords_changes_rate: 0.0648148134351
    chords_number_rate: 0.0138888889924
    chords_strength:
        dmean: 0.0127349793911
        dmean2: 0.0130086950958
        dvar: 9.06481218408e-05
        dvar2: 0.000122197481687
        max: 0.624324440956
        mean: 0.443909585476
        min: 0.279410541058
        var: 0.00766880298033
    key_strength: 0.508087813854
    tuning_diatonic_strength: 0.50835621357
    tuning_equal_tempered_deviation: 0.142361730337
    tuning_frequency: 441.527557373
    tuning_nontempered_energy_ratio: 0.817091226578
    hpcp:
        dmean: [0.133203580976, 0.125607162714, 0.111315876245, 0.0833659619093, 0.06854467839, 0.0783654302359, 0.0928473100066, 0.0898577347398, 0.0986927896738, 0.117762446404, 0.0964287668467, 0.0747529864311, 0.0687620267272, 0.0779774338007, 0.129201412201, 0.174834862351, 0.152546137571, 0.138363078237, 0.104994043708, 0.0814312174916, 0.0866774916649, 0.0951568484306, 0.127155199647, 0.173603057861, 0.185467764735, 0.170317292213, 0.167001485825, 0.14915175736, 0.140251457691, 0.170931652188, 0.169681534171, 0.117767699063, 0.103419996798, 0.104491390288, 0.0808004885912, 0.111260421574]
        dmean2: [0.216880604625, 0.203849449754, 0.178939282894, 0.130972251296, 0.113318115473, 0.120653741062, 0.146297708154, 0.144902393222, 0.156219512224, 0.189639791846, 0.153748393059, 0.12303379178, 0.112294636667, 0.129607915878, 0.20451952517, 0.282997012138, 0.250555604696, 0.223092287779, 0.166277423501, 0.126788884401, 0.140535846353, 0.154028937221, 0.208572089672, 0.282179653645, 0.293569743633, 0.283140480518, 0.288291692734, 0.257829219103, 0.229050666094, 0.268063336611, 0.268200904131, 0.194839090109, 0.17731128633, 0.176544636488, 0.132006958127, 0.178391620517]
        dvar: [0.031964212656, 0.01778293401, 0.0211955178529, 0.0166364237666, 0.0125173162669, 0.00644043786451, 0.0145365493372, 0.0119358506054, 0.0186055134982, 0.0227201711386, 0.0150288948789, 0.0113496612757, 0.0108932843432, 0.0167268030345, 0.0268015768379, 0.0556070692837, 0.0417806878686, 0.0363499931991, 0.0312124360353, 0.0152020528913, 0.0230948645622, 0.0217324011028, 0.0303556155413, 0.0367693714797, 0.0489137396216, 0.0522680319846, 0.0562150962651, 0.0379640311003, 0.0353423580527, 0.0352024957538, 0.0467015057802, 0.0209877509624, 0.0295951217413, 0.0344241708517, 0.0172824207693, 0.0206117592752]
        dvar2: [0.0625345930457, 0.0411419160664, 0.0492776446044, 0.0386704094708, 0.0319198593497, 0.0127641372383, 0.0295151267201, 0.0286864507943, 0.0402297489345, 0.0525671504438, 0.0355936773121, 0.0282121412456, 0.0223356559873, 0.0395463481545, 0.0557414703071, 0.106518365443, 0.0913661494851, 0.0894666090608, 0.0533274300396, 0.0311739854515, 0.03921283409, 0.0355822257698, 0.0713920742273, 0.0748579204082, 0.0833824425936, 0.106184534729, 0.133576005697, 0.0984862372279, 0.093988083303, 0.0756983906031, 0.097828142345, 0.0470609143376, 0.078935354948, 0.086275935173, 0.0374601744115, 0.0389788784087]
        max: [1, 0.834131419659, 1, 1, 0.94277960062, 0.703538537025, 1, 0.861105084419, 1, 1, 1, 1, 1, 1, 1, 1, 1, 1, 1, 0.881745696068, 1, 1, 1, 1, 1, 1, 1, 1, 1, 1, 1, 1, 1, 1, 1, 1]
        mean: [0.256793141365, 0.197648644447, 0.150060653687, 0.106670029461, 0.0968700125813, 0.151055753231, 0.181249439716, 0.15205681324, 0.168445423245, 0.1847358495, 0.134603917599, 0.100036479533, 0.087827205658, 0.097294986248, 0.208231344819, 0.283527910709, 0.209568917751, 0.194853842258, 0.185816153884, 0.104904070497, 0.113230258226, 0.137910917401, 0.172420531511, 0.31064888835, 0.37143227458, 0.283234596252, 0.212071448565, 0.168570786715, 0.173752680421, 0.31092852354, 0.351978629827, 0.186060965061, 0.105621255934, 0.12523034215, 0.11615511775, 0.20075905323]
        min: [0.00164752756245, 0.00221161008812, 0.00156800053082, 0.000819188659079, 0.00101734674536, 0.001312844106, 0.00510607426986, 0.00472093373537, 0.000820151297376, 0.00105983146932, 0.00138345710002, 0.00150249246508, 0.00202943664044, 0.000626298598945, 0.00154052278958, 0.00220772647299, 0.00114285119344, 0.00211565662175, 0.000942398211919, 0.000360317935701, 0, 0.000503690680489, 0.000892019714229, 0.0021350060124, 0.00283963698894, 0.0029751455877, 0.00149816123303, 0.000371729547624, 0.00149344478268, 0.00138300016988, 0.000999532057904, 0.000492640421726, 0.000302691041725, 0.000298902828945, 0.000521612004377, 0.00119975802954]
        var: [0.0800687149167, 0.0349134840071, 0.0420432835817, 0.0276616588235, 0.0152618698776, 0.0194062367082, 0.0409386642277, 0.027936860919, 0.0452693551779, 0.0511436015368, 0.0265745669603, 0.0157333184034, 0.0169769916683, 0.0208239089698, 0.0527816042304, 0.104886189103, 0.0535720251501, 0.061215184629, 0.0829350873828, 0.0274099446833, 0.0463112108409, 0.0517018251121, 0.0397662818432, 0.0842318534851, 0.118066988885, 0.103776313365, 0.0812871307135, 0.0440602302551, 0.0453265346587, 0.0826862826943, 0.112654492259, 0.0472498349845, 0.0325305461884, 0.0491372644901, 0.0368781611323, 0.0551049932837]
    chords_histogram: [0.925925910473, 0, 0, 0, 11.5740737915, 0, 0, 0, 0, 0, 0, 0, 0, 0, 0, 0, 0, 0, 0, 8.79629611969, 0, 0, 0, 78.703704834]
    thpcp: [1, 0.762547075748, 0.570955872536, 0.453839898109, 0.46779102087, 0.837106883526, 0.947625339031, 0.500928401947, 0.284362077713, 0.337155252695, 0.312722206116, 0.540499746799, 0.69135928154, 0.532125651836, 0.404005438089, 0.287185668945, 0.260801285505, 0.40668451786, 0.487974405289, 0.409379661083, 0.453502386808, 0.497360795736, 0.36239156127, 0.269326299429, 0.236455500126, 0.261945426464, 0.560617268085, 0.763336777687, 0.564218401909, 0.524601280689, 0.500269293785, 0.282431215048, 0.304847657681, 0.371294915676, 0.464204490185, 0.836354076862]
    chords_key: "D"
    chords_scale: "minor"
    key_key: "F"
    key_scale: "major"
    chords_progression: ["Dm", "Dm", "Dm", "Dm", "Dm", "Dm", "Dm", "Dm", "Dm", "Dm", "Dm", "Dm", "Dm", "Dm", "Dm", "Dm", "Dm", "Dm", "Dm", "Dm", "Dm", "Dm", "Dm", "Dm", "Dm", "Dm", "Dm", "Dm", "Dm", "Dm", "Dm", "Dm", "Dm", "Dm", "Dm", "Dm", "Dm", "Dm", "Dm", "Dm", "Dm", "Dm", "Dm", "Dm", "Dm", "Dm", "Dm", "Dm", "Dm", "Dm", "Dm", "Dm", "Dm", "Dm", "Dm", "Dm", "Dm", "Dm", "Dm", "Dm", "Dm", "Dm", "Dm", "Dm", "Dm", "Dm", "Dm", "Dm", "Dm", "Dm", "Dm", "Dm", "Dm", "Dm", "Dm", "Dm", "Dm", "Dm", "Dm", "Dm", "Dm", "Dm", "Dm", "Dm", "Dm", "Dm", "Dm", "Dm", "Dm", "Dm", "Dm", "Dm", "Dm", "Dm", "Dm", "Dm", "Dm", "Dm", "Dm", "Dm", "Dm", "Dm", "Dm", "Dm", "Dm", "Dm", "Dm", "Dm", "Dm", "Dm", "Dm", "Dm", "Dm", "Dm", "Dm", "Dm", "Dm", "Dm", "Dm", "Dm", "Dm", "Dm", "Dm", "Dm", "Dm", "Dm", "Dm", "Dm", "Dm", "Dm", "Dm", "F", "F", "Dm", "Dm", "G", "G", "G", "G", "G", "G", "G", "Dm", "G", "Dm", "Dm", "Dm", "Dm", "Dm", "Dm", "G", "G", "Dm", "Dm", "Dm", "Dm", "Dm", "Dm", "Dm", "G", "G", "G", "G", "Dm", "Dm", "Dm", "Dm", "Dm", "Dm", "Dm", "Dm", "G", "G", "G", "G", "G", "G", "G", "G", "G", "G", "G", "Dm", "Dm", "Dm", "Dm", "Dm", "Dm", "Dm", "Dm", "Dm", "Dm", "Dm", "Cm", "Cm", "Cm", "Cm", "Cm", "Cm", "Cm", "Cm", "Cm", "Cm", "Cm", "Cm", "Cm", "Cm", "Cm", "Cm", "Cm", "Cm", "Cm", "Dm", "Dm", "Dm", "Dm"]
