
metadata:
    version:
        essentia: "1.2.2"
    audio_properties:
        analysis_sample_rate: 44100
        bitrate: 128
        channels: 2
        equal_loudness: 1
        length: 9.95265293121
        replay_gain: -6.90560340881
        downmix: "mix"
    tags:
        track: 10
        year: 0
        album: "Splitted by Mp3Splt v. 2.1"
        artist: "From 001.30 To 001.40"
        comment: "http://mp3splt.sf.net"
        genre: ""
        title: "02 You Made Me Forget My Dream"

highlevel:
    ballroom:
        all:
            ChaChaCha: 0.000106492887426
            Jive: 6.31096918369e-05
            Quickstep: 0.00087517616339
            Rumba-American: 0.000691239722073
            Rumba-International: 0.00914888270199
            Rumba-Misc: 0.0239089559764
            Samba: 0.000123333302327
            Tango: 0.00587728014216
            VienneseWaltz: 0.128729075193
            Waltz: 0.830476462841
        probability: 0.830476462841
        value: "Waltz"
    culture:
        all:
            non_western: 0.122585549951
            western: 0.877414464951
        probability: 0.877414464951
        value: "western"
    gender:
        all:
            female: 0.825841546059
            male: 0.174158468843
        probability: 0.825841546059
        value: "female"
    genre_dortmund:
        all:
            alternative: 0.0561982579529
            blues: 0.00452513433993
            electronic: 0.318593353033
            folkcountry: 0.208596408367
            funksoulrnb: 0.0107393516228
            jazz: 0.202618688345
            pop: 0.138953194022
            raphiphop: 0.00219992478378
            rock: 0.0575756803155
        probability: 0.318593353033
        value: "electronic"
    genre_electronica:
        all:
            ambient: 0.99665504694
            dnb: 0.000299129169434
            house: 0.00131433806382
            techno: 0.000197152592591
            trance: 0.00153433985543
        probability: 0.99665504694
        value: "ambient"
    genre_rosamerica:
        all:
            cla: 0.919834971428
            dan: 0.00722685037181
            hip: 0.00528503814712
            jaz: 0.0261840373278
            pop: 0.008371014148
            rhy: 0.00936832465231
            roc: 0.0134097021073
            spe: 0.0103200599551
        probability: 0.919834971428
        value: "cla"
    genre_tzanetakis:
        all:
            blu: 0.00295617198572
            cla: 0.886227786541
            cou: 0.0362423025072
            dis: 0.0044528353028
            hip: 0.00227878428996
            jaz: 0.0403102114797
            met: 0.00271413242444
            pop: 0.00503696501255
            reg: 0.0101204086095
            roc: 0.00966041721404
        probability: 0.886227786541
        value: "cla"
    live_studio:
        all:
            live: 0.663864016533
            studio: 0.336135953665
        probability: 0.663864016533
        value: "live"
    mood:
        all:
            Cluster1: 0.0212302673608
            Cluster2: 0.141804501414
            Cluster3: 0.799208760262
            Cluster4: 0.0263639204204
            Cluster5: 0.0113925635815
        probability: 0.799208760262
        value: "Cluster3"
    mood_acoustic:
        all:
            acoustic: 0.833126544952
            not_acoustic: 0.166873469949
        probability: 0.833126544952
        value: "acoustic"
    mood_aggressive:
        all:
            aggressive: 8.0174396544e-07
            not_aggressive: 0.99999922514
        probability: 0.99999922514
        value: "not_aggressive"
    mood_electronic:
        all:
            electronic: 0.182061433792
            not_electronic: 0.817938566208
        probability: 0.817938566208
        value: "not_electronic"
    mood_happy:
        all:
            happy: 0.0733938366175
            not_happy: 0.926606178284
        probability: 0.926606178284
        value: "not_happy"
    mood_party:
        all:
            not_party: 0.98769569397
            party: 0.0123042985797
        probability: 0.98769569397
        value: "not_party"
    mood_relaxed:
        all:
            not_relaxed: 0.0188234243542
            relaxed: 0.981176555157
        probability: 0.981176555157
        value: "relaxed"
    mood_sad:
        all:
            not_sad: 0.0641587898135
            sad: 0.935841202736
        probability: 0.935841202736
        value: "sad"
    rhythm:
        all:
            fast: 0.284765154123
            medium: 0.529925942421
            slow: 0.185308918357
        probability: 0.529925942421
        value: "medium"
    speech_music:
        all:
            music: 0.816432476044
            speech: 0.183567523956
        probability: 0.816432476044
        value: "music"
    timbre:
        all:
            bright: 0.402618974447
            dark: 0.597381055355
        probability: 0.597381055355
        value: "dark"
    voice_instrumental:
        all:
            instrumental: 0.992458462715
            voice: 0.00754152191803
        probability: 0.992458462715
        value: "instrumental"

lowlevel:
    average_loudness: 0.961040854454
    barkbands_kurtosis:
        dmean: 2.29627990723
        dmean2: 3.62510919571
        dvar: 9.59924888611
        dvar2: 21.7453269958
        max: 42.9491577148
        mean: 5.2377820015
        min: -1.43967199326
        var: 33.9194488525
    barkbands_skewness:
        dmean: 0.397764265537
        dmean2: 0.615069568157
        dvar: 0.140693545341
        dvar2: 0.303286492825
        max: 5.86682701111
        mean: 1.73094177246
        min: -0.220492139459
        var: 0.82341170311
    barkbands_spread:
        dmean: 1.46143138409
        dmean2: 2.19878458977
        dvar: 1.93089520931
        dvar2: 3.9217069149
        max: 25.9940071106
        mean: 6.57068395615
        min: 1.33617639542
        var: 13.5849571228
    dissonance:
        dmean: 0.0418061539531
        dmean2: 0.0719860419631
        dvar: 0.00134875427466
        dvar2: 0.00383899919689
        max: 0.481352746487
        mean: 0.378121614456
        min: 0.15277762711
        var: 0.00274283136241
    hfc:
        dmean: 0.474655032158
        dmean2: 0.680185854435
        dvar: 0.42818108201
        dvar2: 0.842640519142
        max: 8.87950897217
        mean: 2.17326569557
        min: 0.0354219563305
        var: 2.61451435089
    pitch:
        dmean: 73.3003540039
        dmean2: 138.520217896
        dvar: 10508.4003906
        dvar2: 24320.0078125
        max: 544.444458008
        mean: 247.762069702
        min: 68.5847625732
        var: 15693.6240234
    pitch_instantaneous_confidence:
        dmean: 0.0803176090121
        dmean2: 0.134430468082
        dvar: 0.00461147725582
        dvar2: 0.0117594460025
        max: 0.867477059364
        mean: 0.550921976566
        min: 0.244135379791
        var: 0.0163613408804
    pitch_salience:
        dmean: 0.0590642131865
        dmean2: 0.094505995512
        dvar: 0.00234345137142
        dvar2: 0.00577450869605
        max: 0.849378883839
        mean: 0.557061314583
        min: 0.302751630545
        var: 0.00917188636959
    silence_rate_20dB:
        dmean: 0
        dmean2: 0
        dvar: 0
        dvar2: 0
        max: 1
        mean: 1
        min: 1
        var: 0
    silence_rate_30dB:
        dmean: 0
        dmean2: 0
        dvar: 0
        dvar2: 0
        max: 1
        mean: 1
        min: 1
        var: 0
    silence_rate_60dB:
        dmean: 0.0887850448489
        dmean2: 0.177985951304
        dvar: 0.0809022635221
        dvar2: 0.160357832909
        max: 1
        mean: 0.487179487944
        min: 0
        var: 0.249835625291
    spectral_centroid:
        dmean: 53.6052360535
        dmean2: 80.3896026611
        dvar: 3178.0402832
        dvar2: 6172.38232422
        max: 1400.97253418
        mean: 526.045654297
        min: 264.442932129
        var: 18153
    spectral_complexity:
        dmean: 1.19953048229
        dmean2: 2.0164706707
        dvar: 1.37568318844
        dvar2: 3.06090021133
        max: 14
        mean: 7.32552671432
        min: 0
        var: 5.29216051102
    spectral_crest:
        dmean: 2.22172999382
        dmean2: 3.53130555153
        dvar: 3.08180594444
        dvar2: 9.00452613831
        max: 23.6029644012
        mean: 11.2808408737
        min: 4.70568561554
        var: 11.0533084869
    spectral_decrease:
        dmean: 2.4246146757e-10
        dmean2: 3.56390306155e-10
        dvar: 9.43557169921e-20
        dvar2: 1.98204042372e-19
        max: -2.02609630462e-11
        mean: -1.02101371802e-09
        min: -4.07059852492e-09
        var: 4.75967220787e-19
    spectral_energy:
        dmean: 0.000952964532189
        dmean2: 0.00139988563024
        dvar: 1.46476781993e-06
        dvar2: 3.06355354951e-06
        max: 0.0160896908492
        mean: 0.0040506599471
        min: 7.96822932898e-05
        var: 7.50235221858e-06
    spectral_energyband_high:
        dmean: 7.40290715839e-07
        dmean2: 1.0468330629e-06
        dvar: 2.62536151673e-12
        dvar2: 5.01484834561e-12
        max: 2.30522928177e-05
        mean: 1.57458828198e-06
        min: 8.07177187312e-08
        var: 8.53164587589e-12
    spectral_energyband_low:
        dmean: 1.19174519568e-05
        dmean2: 1.72530690179e-05
        dvar: 5.4188542542e-10
        dvar2: 1.15703269188e-09
        max: 0.00030314095784
        mean: 2.93826687994e-05
        min: 8.40406499947e-08
        var: 1.87411841601e-09
    spectral_energyband_middle_high:
        dmean: 0.000126433005789
        dmean2: 0.000174076703843
        dvar: 3.51009994404e-08
        dvar2: 6.10958323932e-08
        max: 0.00348278717138
        mean: 0.000497780158184
        min: 6.61289504933e-06
        var: 2.63272568191e-07
    spectral_energyband_middle_low:
        dmean: 0.000911647162866
        dmean2: 0.00133973336779
        dvar: 1.33683886361e-06
        dvar2: 2.86398790195e-06
        max: 0.015788173303
        mean: 0.00352192856371
        min: 6.55444091535e-05
        var: 6.425499123e-06
    spectral_flatness_db:
        dmean: 0.0178391113877
        dmean2: 0.0279031507671
        dvar: 0.00025039826869
        dvar2: 0.000601676059887
        max: 0.422598481178
        mean: 0.320422887802
        min: 0.158351570368
        var: 0.00155936717056
    spectral_flux:
        dmean: 0.00688606407493
        dmean2: 0.011288523674
        dvar: 6.76901981933e-05
        dvar2: 0.000167806152604
        max: 0.091713309288
        mean: 0.022561095655
        min: 0.00559783028439
        var: 0.000108179767267
    spectral_kurtosis:
        dmean: 14.0176343918
        dmean2: 24.2752513885
        dvar: 170.088058472
        dvar2: 505.590332031
        max: 156.442001343
        mean: 42.3276176453
        min: 5.5248632431
        var: 791.606018066
    spectral_rms:
        dmean: 0.00023205857724
        dmean2: 0.000339179037837
        dvar: 6.23275369094e-08
        dvar2: 1.24493624298e-07
        max: 0.00396197661757
        mean: 0.00187935552094
        min: 0.000278816820355
        var: 4.19882866254e-07
    spectral_rolloff:
        dmean: 114.388771057
        dmean2: 195.673400879
        dvar: 48435.3867188
        dvar2: 97407.2109375
        max: 3337.64648438
        mean: 762.991394043
        min: 409.130859375
        var: 100852.617188
    spectral_skewness:
        dmean: 0.798815846443
        dmean2: 1.37914335728
        dvar: 0.420816600323
        dvar2: 1.1863604784
        max: 10.3533306122
        mean: 4.5643362999
        min: 1.62774062157
        var: 3.16188263893
    spectral_spread:
        dmean: 210008.96875
        dmean2: 329140.75
        dvar: 281622773760
        dvar2: 265222684672
        max: 13471004
        mean: 1483878.5
        min: 567386.875
        var: 456149630976
    spectral_strongpeak:
        dmean: 0.183173686266
        dmean2: 0.315033137798
        dvar: 0.0521114952862
        dvar2: 0.130971774459
        max: 2.81394004822
        mean: 0.505707085133
        min: 0.00429627671838
        var: 0.0976349338889
    zerocrossingrate:
        dmean: 0.00304774614051
        dmean2: 0.00375459552743
        dvar: 7.01717908669e-06
        dvar2: 1.02890098788e-05
        max: 0.07470703125
        mean: 0.0291001908481
        min: 0.00732421875
        var: 8.0680809333e-05
    barkbands:
        dmean: [2.87855383974e-09, 4.09706586879e-07, 1.17620729725e-05, 0.000132007990032, 0.000191021696082, 0.000556455226615, 0.000270744436421, 0.000144645367982, 0.000154557550559, 5.88890507061e-05, 3.34862088494e-05, 4.47083075414e-05, 9.48609340412e-06, 9.10250400921e-06, 9.01275325305e-06, 7.78701632953e-06, 2.37682543229e-05, 1.0962471606e-05, 1.30135322252e-05, 4.96564598507e-06, 2.64616176082e-07, 4.97985439551e-08, 6.57537002624e-09, 9.04318953054e-10, 7.33583416235e-10, 1.55207652286e-10, 1.30606483961e-10]
        dmean2: [3.5266283227e-09, 6.01047872806e-07, 1.70110652107e-05, 0.000210166326724, 0.00029128222377, 0.00089256890351, 0.000376652140403, 0.000216145796003, 0.000205025833566, 8.84669861989e-05, 4.55120389233e-05, 5.97759280936e-05, 1.41382051879e-05, 1.33513494802e-05, 1.37389242809e-05, 1.19393662317e-05, 3.86732608604e-05, 1.75358218257e-05, 1.88271096704e-05, 7.88613306213e-06, 4.11731605254e-07, 7.6907255675e-08, 1.06011430745e-08, 1.53375367962e-09, 1.2721178555e-09, 2.59639504341e-10, 2.15600287623e-10]
        dvar: [9.70632841951e-16, 5.91021209837e-13, 5.41827249734e-10, 6.25559266609e-08, 5.53756684951e-08, 6.47215699701e-07, 1.5379505669e-07, 8.57765058981e-08, 1.38553545526e-07, 6.96758606367e-09, 2.03865502257e-09, 6.50699583105e-09, 1.92001609056e-10, 1.10447850865e-09, 7.17121972915e-10, 2.44357145629e-10, 2.26314944562e-09, 1.04039643567e-09, 2.22289076035e-09, 3.8750042064e-10, 3.27163047088e-13, 3.7848945576e-14, 1.7264722104e-15, 2.05000729556e-18, 1.59458398416e-18, 1.65759252862e-19, 2.04930248598e-19]
        dvar2: [6.04613494179e-16, 1.03692239257e-12, 1.1547454104e-09, 1.72129986709e-07, 1.23039441746e-07, 1.49231050273e-06, 3.13751684189e-07, 2.10405218581e-07, 2.61670379587e-07, 1.50777168528e-08, 3.75006470321e-09, 8.85613982149e-09, 4.96989394083e-10, 2.15405759896e-09, 1.42841494188e-09, 5.80807402173e-10, 6.34328989335e-09, 2.60197152713e-09, 4.1558845254e-09, 1.05068154177e-09, 8.11820229096e-13, 7.2461364708e-14, 4.27506845842e-15, 5.04753343919e-18, 4.57675600126e-18, 1.62367734802e-19, 1.81516991832e-19]
        max: [7.70679889683e-07, 1.31744382088e-05, 0.00030187505763, 0.00264488114044, 0.00289654545486, 0.0105027481914, 0.00460036657751, 0.00455624563619, 0.00554821453989, 0.00124202854931, 0.000639593228698, 0.00138327258173, 0.000174798944499, 0.000638129771687, 0.000509293167852, 0.000244382128585, 0.000486250675749, 0.000581418105867, 0.000925496860873, 0.000294442084851, 6.82189738654e-06, 3.34156220561e-06, 6.60385921947e-07, 1.91101623415e-08, 1.90112103837e-08, 9.52376577601e-09, 1.04577146942e-08]
        mean: [2.98978020119e-09, 1.06198069716e-06, 2.83191420749e-05, 0.000206422701012, 0.00045687018428, 0.00122642389033, 0.000872078584507, 0.000319734506775, 0.000435831316281, 0.000145495141624, 7.47023295844e-05, 0.000123771242215, 1.82334297278e-05, 1.65465116879e-05, 1.59853989317e-05, 1.3670338376e-05, 4.22812408942e-05, 2.09894824366e-05, 2.24012783292e-05, 9.23984407564e-06, 5.05001366946e-07, 8.23033303732e-08, 1.04983355342e-08, 3.35963767917e-09, 3.03482150521e-09, 4.21456175514e-10, 1.15464054984e-10]
        min: [5.42001990164e-12, 7.41052996744e-10, 7.13896355364e-08, 1.07002250616e-07, 1.54556237248e-05, 1.80985625775e-05, 3.3851383705e-06, 3.01794671032e-06, 2.00084309654e-06, 1.18255070447e-06, 1.99696228265e-06, 6.88836905738e-07, 2.98525407061e-07, 1.31276820525e-07, 7.14593753059e-08, 1.16229138314e-07, 1.08221271944e-07, 4.97818106737e-08, 4.58519693325e-08, 1.03275459296e-08, 1.18806227078e-08, 6.71669475594e-09, 1.92205118488e-09, 1.58291180163e-09, 1.40738609655e-09, 1.9359255865e-10, 6.5533163748e-14]
        var: [1.43109519867e-15, 4.00758679714e-12, 1.90326310268e-09, 1.07566933139e-07, 2.16625551275e-07, 1.75924935775e-06, 1.0578932006e-06, 1.75113370915e-07, 6.5438018737e-07, 3.10747338972e-08, 8.39685210252e-09, 4.47506636192e-08, 5.09698117046e-10, 2.68885935739e-09, 1.70104652586e-09, 5.3597715155e-10, 5.47006662188e-09, 2.1206980616e-09, 5.23082022141e-09, 5.40514133451e-10, 8.32045261683e-13, 6.52789793249e-14, 1.81284723053e-15, 2.30905213927e-18, 1.24427599328e-18, 2.18387236393e-19, 2.69860281919e-19]
    mfcc:
        mean: [-868.542236328, 241.887115479, -67.3994827271, 21.1597747803, -34.2976760864, -43.5401039124, -14.4217004776, -20.0363960266, -17.8747558594, -23.7602863312, -17.700592041, -13.1750812531, -7.40167856216]
        cov: [[1583.59875488, -238.851226807, -1137.44665527, 255.299926758, -94.1615524292, -257.446990967, -77.6356658936, -140.134689331, -215.392547607, -89.8512954712, 32.6096496582, -9.42937469482, 40.6337661743], [-238.851226807, 432.138458252, 412.271392822, -234.924789429, 39.858757019, 148.630935669, 48.9147415161, 44.8889427185, 122.938766479, 85.4774551392, -30.5635643005, -39.6601791382, -20.9748134613], [-1137.44665527, 412.271392822, 1180.90759277, -295.107208252, -17.9658355713, 301.094604492, 57.0049438477, 140.148010254, 237.431411743, 88.8394851685, -18.9703922272, 7.76021528244, -23.873090744], [255.299926758, -234.924789429, -295.107208252, 273.953918457, 1.96894288063, -155.224411011, -6.44802284241, -29.0906715393, -73.7300186157, -62.82396698, 3.16258454323, 35.5889816284, 9.18942260742], [-94.1615524292, 39.858757019, -17.9658355713, 1.96894288063, 189.728012085, 46.303894043, 22.2009429932, 42.9161491394, 8.60496330261, -6.1803650856, -8.9923620224, -20.4335269928, -18.4409790039], [-257.446990967, 148.630935669, 301.094604492, -155.224411011, 46.303894043, 240.040939331, 61.0543479919, 50.4220542908, 64.6936645508, 15.5855932236, 7.85511684418, -10.7746963501, 1.40599787235], [-77.6356658936, 48.9147415161, 57.0049438477, -6.44802284241, 22.2009429932, 61.0543479919, 119.681922913, 28.5704231262, 0.635810256004, 4.48788022995, -25.7576236725, -3.31090426445, -0.986827075481], [-140.134689331, 44.8889427185, 140.148010254, -29.0906715393, 42.9161491394, 50.4220542908, 28.5704231262, 96.3528442383, 41.4749183655, -20.0056743622, -2.5114300251, -3.00675821304, -5.73915100098], [-215.392547607, 122.938766479, 237.431411743, -73.7300186157, 8.60496330261, 64.6936645508, 0.635810256004, 41.4749183655, 116.680412292, 47.7614822388, -5.59270524979, 5.14775848389, -9.02877807617], [-89.8512954712, 85.4774551392, 88.8394851685, -62.82396698, -6.1803650856, 15.5855932236, 4.48788022995, -20.0056743622, 47.7614822388, 120.573387146, 15.2915000916, -19.9269046783, 9.81180667877], [32.6096496582, -30.5635643005, -18.9703922272, 3.16258454323, -8.9923620224, 7.85511684418, -25.7576236725, -2.5114300251, -5.59270524979, 15.2915000916, 54.7773208618, 10.8179731369, 2.50240755081], [-9.42937469482, -39.6601791382, 7.76021528244, 35.5889816284, -20.4335269928, -10.7746963501, -3.31090426445, -3.00675821304, 5.14775848389, -19.9269046783, 10.8179731369, 59.0668678284, 12.7392787933], [40.6337661743, -20.9748134613, -23.873090744, 9.18942260742, -18.4409790039, 1.40599787235, -0.986827075481, -5.73915100098, -9.02877807617, 9.81180667877, 2.50240755081, 12.7392787933, 64.5562210083]]
        icov: [[0.00632917322218, -0.00762809207663, 0.00858028046787, -0.00635799858719, 0.00737224007025, -0.00610356545076, 0.00590131618083, -0.0050986930728, 0.00332636223175, -0.000939647492487, 0.000666710606311, -0.000673301925417, 0.000206706172321], [-0.00762809207663, 0.0159550458193, -0.0114870602265, 0.0124910632148, -0.0108225559816, 0.00959934480488, -0.0104906363413, 0.00889473594725, -0.00832756236196, 0.00203811237589, -0.000930581125431, 0.00309795839712, -0.000760682625696], [0.00858028046787, -0.0114870602265, 0.0140788462013, -0.00923718046397, 0.0116425650194, -0.0110379923135, 0.00967063009739, -0.0100283725187, 0.00400891760364, -0.00330097507685, 0.00332289864309, -0.0030288991984, 0.00174213002902], [-0.00635799858719, 0.0124910632148, -0.00923718046397, 0.0190581306815, -0.0111039904878, 0.0148755656555, -0.0133718773723, 0.0102268345654, -0.00870249699801, 0.00749476579949, -0.00632868893445, 0.000869682990015, -0.00314213358797], [0.00737224007025, -0.0108225559816, 0.0116425650194, -0.0111039904878, 0.0170188583434, -0.0123470975086, 0.0105636259541, -0.0126312803477, 0.00713906157762, -0.00532570201904, 0.00555650563911, -0.00160239823163, 0.00380717567168], [-0.00610356545076, 0.00959934480488, -0.0110379923135, 0.0148755656555, -0.0123470975086, 0.022458082065, -0.0174742043018, 0.0132996551692, -0.0121289640665, 0.0120906913653, -0.0141688194126, 0.00664335722104, -0.0066353646107], [0.00590131618083, -0.0104906363413, 0.00967063009739, -0.0133718773723, 0.0105636259541, -0.0174742043018, 0.0262067504227, -0.0171980708838, 0.0160445924848, -0.0138077298179, 0.0174872372299, -0.00881514232606, 0.00603082915768], [-0.0050986930728, 0.00889473594725, -0.0100283725187, 0.0102268345654, -0.0126312803477, 0.0132996551692, -0.0171980708838, 0.0314322300255, -0.0185134485364, 0.0178029406816, -0.0153946848586, 0.0110209062696, -0.00730463396758], [0.00332636223175, -0.00832756236196, 0.00400891760364, -0.00870249699801, 0.00713906157762, -0.0121289640665, 0.0160445924848, -0.0185134485364, 0.0320859923959, -0.0184895712882, 0.0156592596322, -0.0138088772073, 0.00824046880007], [-0.000939647492487, 0.00203811237589, -0.00330097507685, 0.00749476579949, -0.00532570201904, 0.0120906913653, -0.0138077298179, 0.0178029406816, -0.0184895712882, 0.027165165171, -0.0199868939817, 0.0142687475309, -0.0102026583627], [0.000666710606311, -0.000930581125431, 0.00332289864309, -0.00632868893445, 0.00555650563911, -0.0141688194126, 0.0174872372299, -0.0153946848586, 0.0156592596322, -0.0199868939817, 0.0390074513853, -0.0147640537471, 0.00883153732866], [-0.000673301925417, 0.00309795839712, -0.0030288991984, 0.000869682990015, -0.00160239823163, 0.00664335722104, -0.00881514232606, 0.0110209062696, -0.0138088772073, 0.0142687475309, -0.0147640537471, 0.0301746837795, -0.00905318465084], [0.000206706172321, -0.000760682625696, 0.00174213002902, -0.00314213358797, 0.00380717567168, -0.0066353646107, 0.00603082915768, -0.00730463396758, 0.00824046880007, -0.0102026583627, 0.00883153732866, -0.00905318465084, 0.0210268683732]]
    spectral_contrast:
        mean: [-7.28297550268e-07, 4.63109408599e-08, -1.01433457189e-07, 7.62681224842e-08, -3.34386243139e-07, -2.57018850647e-08, 1.03767915789e-05, -3.08994935949e-06, -9.46712304994e-07, -8.99792837572e-07, 1.74765844463e-07, 2.21472441808e-06]
        var: [0.0004460500204, 0.00111315620597, 0.00165468314663, 0.00220992648974, 0.0031149473507, 0.0063952547498, 0.0258134268224, 0.0808534920216, 0.100006774068, 0.190176576376, 0.572996258736, 0.809252917767]

rhythm:
    beats_loudness:
        dmean: 0.00204576971009
        dmean2: 0.00329514802434
        dvar: 2.70991949947e-06
        dvar2: 7.16193335393e-06
        max: 0.0100757731125
        mean: 0.00408159708604
        min: 0.00111493270379
        var: 5.65879008718e-06
    beats_loudness_bass:
        dmean: 0.0597740449011
        dmean2: 0.113843493164
        dvar: 0.008320229128
        dvar2: 0.0193596724421
        max: 0.339397370815
        mean: 0.0515305921435
        min: 0.000183867101441
        var: 0.00752424402162
    bpm: 204.864196777
    bpm_confidence: 0
    first_peak_bpm: 199
    first_peak_spread: 0
    first_peak_weight: 0.575757563114
    onset_rate: 2.91379594803
    second_peak_bpm: 206
    second_peak_spread: 0.0714285969734
    second_peak_weight: 0.39393940568
    beats_position: [0.0466716252267, 0.348145753145, 0.649619877338, 0.951094090939, 1.25256812572, 1.55404222012, 1.85551631451, 2.15699052811, 2.4584646225, 2.75993871689, 3.06141281128, 3.36288714409, 3.6643614769, 3.96583580971, 4.26731014252, 4.56878423691, 4.8702583313, 5.17173290253, 5.47320699692, 5.77468156815, 6.06222915649, 6.35302305222, 6.64381742477, 6.9346113205, 7.22540521622, 7.51619958878, 7.80699300766, 8.09778785706, 8.38858127594, 8.6793756485, 8.97017002106, 9.26096343994, 9.55175685883, 9.84255123138]
    bpm_estimates: [201.927124023, 205.843963623, 206.821517944]
    bpm_intervals: [0.301474124193, 0.301474124193, 0.3014742136, 0.301474034786, 0.301474094391, 0.301474094391, 0.3014742136, 0.301474094391, 0.301474094391, 0.301474094391, 0.301474332809, 0.301474332809, 0.301474332809, 0.301474332809, 0.301474094391, 0.301474094391, 0.301474571228, 0.301474094391, 0.301474571228, 0.287547588348, 0.290793895721, 0.290794372559, 0.290793895721, 0.290793895721, 0.290794372559, 0.290793418884, 0.290794849396, 0.290793418884, 0.290794372559, 0.290794372559, 0.290793418884, 0.290793418884, 0.290794372559]
    onset_times: [0.0580498874187, 0.522448956966, 0.650158703327, 1.02167797089, 1.05650794506, 1.25387752056, 1.5673469305, 1.89242625237, 3.20435380936, 3.5758728981, 3.65714287758, 3.95900225639, 4.23764181137, 4.29569149017, 4.81814050674, 5.23609972, 5.32897949219, 6.35065746307, 6.64090681076, 6.94276666641, 7.38394546509, 7.56970500946, 7.89478445053, 7.99927425385, 8.54494285583, 8.57977294922, 8.73070335388, 9.03256225586, 9.70594120026]
    rubato_start: []
    rubato_stop: []
    perceptual_tempo: "unknown"

sfx:
    inharmonicity:
        dmean: 0.0367480814457
        dmean2: 0.0649387389421
        dvar: 0.00317114545032
        dvar2: 0.00864061433822
        max: 0.41644102335
        mean: 0.033141169697
        min: 2.6853498639e-05
        var: 0.00264225620776
    oddtoevenharmonicenergyratio:
        dmean: 29.4596290588
        dmean2: 58.4557685852
        dvar: 38108.390625
        dvar2: 113852.28125
        max: 2375.97094727
        mean: 15.6401100159
        min: 0.000264512607828
        var: 19238.6738281
    pitch_after_max_to_before_max_energy_ratio: 7.74443626404
    pitch_centroid: 200.380355835
    pitch_max_to_total: 0.060889929533
    pitch_min_to_total: 0.105386413634
    tristimulus:
        dmean: [0.26078620553, 0.258872330189, 0.0290030408651]
        dmean2: [0.4775159657, 0.469950944185, 0.051820255816]
        dvar: [0.0669429153204, 0.0661168769002, 0.00156497140415]
        dvar2: [0.178349658847, 0.175563946366, 0.0041339113377]
        max: [0.977835357189, 0.992243230343, 0.269460558891]
        mean: [0.421651631594, 0.537882328033, 0.0324144996703]
        min: [0.000112323294161, 0, 0]
        var: [0.0907136797905, 0.0867758318782, 0.00175982725341]

tonal:
    chords_changes_rate: 0.0325581394136
    chords_number_rate: 0.0186046510935
    chords_strength:
        dmean: 0.00870852917433
        dmean2: 0.00507369963452
        dvar: 4.62115422124e-05
        dvar2: 2.72654888249e-05
        max: 0.697363436222
        mean: 0.498224467039
        min: 0.287850528955
        var: 0.0118841994554
    key_strength: 0.794576585293
    tuning_diatonic_strength: 0.586140394211
    tuning_equal_tempered_deviation: 0.02324071154
    tuning_frequency: 434.193115234
    tuning_nontempered_energy_ratio: 0.600903630257
    hpcp:
        dmean: [0.00857433583587, 0.0141559485346, 0.0553953535855, 0.0645380020142, 0.0412097647786, 0.0191896371543, 0.0125004751608, 0.00553152849898, 0.0203361269087, 0.0391376204789, 0.0667047873139, 0.122614055872, 0.142426639795, 0.0793770998716, 0.02073212713, 0.0114735979587, 0.0208156537265, 0.0544590950012, 0.0620317868888, 0.0458169616759, 0.0121040819213, 0.0103856883943, 0.0245956238359, 0.0854678824544, 0.13503395021, 0.107656113803, 0.116608001292, 0.0852765738964, 0.110646001995, 0.0410880669951, 0.0203324146569, 0.0221124831587, 0.102714642882, 0.117070525885, 0.0853438004851, 0.0180990248919]
        dmean2: [0.0138041321188, 0.0241668485105, 0.0886970683932, 0.106686748564, 0.0582944713533, 0.0273131970316, 0.0183514133096, 0.00910850893706, 0.0324165299535, 0.0659644380212, 0.111026972532, 0.198614045978, 0.221709698439, 0.128310963511, 0.0357022956014, 0.0175726506859, 0.0325773209333, 0.0818788260221, 0.0906585380435, 0.0700846910477, 0.0205974914134, 0.0167784821242, 0.0446580164135, 0.140603095293, 0.23212300241, 0.182913407683, 0.198168829083, 0.127421990037, 0.183133602142, 0.0746974721551, 0.0363400168717, 0.0382289141417, 0.16202147305, 0.187185227871, 0.139670297503, 0.0309561006725]
        dvar: [0.000423620076617, 0.00107461481821, 0.0157534424216, 0.0161178931594, 0.00475992495194, 0.0028099345509, 0.00137082522269, 0.00010871617269, 0.00142119615339, 0.00711336918175, 0.0136610930786, 0.0246712956578, 0.0325719565153, 0.00879300385714, 0.00212755263783, 0.00389769137837, 0.00518084596843, 0.00785593874753, 0.0108996359631, 0.00490648113191, 0.000518466171343, 0.000472375453683, 0.00571356993169, 0.0165485683829, 0.0391911715269, 0.0216449983418, 0.023614352569, 0.028575213626, 0.0282337199897, 0.00467082951218, 0.00286536081694, 0.00189197121654, 0.0185299180448, 0.0439014919102, 0.0121035678312, 0.00138980988413]
        dvar2: [0.000835196231492, 0.0025911508128, 0.042677950114, 0.0417640544474, 0.00643149157986, 0.0048666857183, 0.00240952847525, 0.000265197682893, 0.00359411677346, 0.0187059957534, 0.0356508381665, 0.0603982880712, 0.0632910057902, 0.0220603961498, 0.00387832080014, 0.00422287452966, 0.00615307549015, 0.0140748117119, 0.0160185527056, 0.00995189510286, 0.00130402145442, 0.000864736444782, 0.0161936823279, 0.0382642745972, 0.0794404968619, 0.0475651733577, 0.0645199492574, 0.0520653389394, 0.0720793530345, 0.011775820516, 0.00795481819659, 0.00505714816973, 0.0469027683139, 0.0874272882938, 0.0245071109384, 0.0035206777975]
        max: [0.22755394876, 0.264825344086, 1, 1, 0.934863984585, 0.640287637711, 0.45092818141, 0.120914854109, 0.32135078311, 0.641053676605, 0.880589425564, 1, 1, 0.732343554497, 0.541343867779, 0.898098230362, 1, 0.973975479603, 1, 0.90938359499, 0.210738003254, 0.209562718868, 0.746208310127, 1, 1, 1, 1, 1, 1, 0.382882148027, 0.422960668802, 0.358524918556, 1, 1, 0.959795534611, 0.329032242298]
        mean: [0.015877161175, 0.0164797306061, 0.0857151821256, 0.134751915932, 0.0741927474737, 0.0343443751335, 0.0231345016509, 0.00752583052963, 0.0294578410685, 0.050986353308, 0.071935236454, 0.220285221934, 0.311371535063, 0.152563259006, 0.0196672957391, 0.0101856766269, 0.0226883459836, 0.136031612754, 0.21737626195, 0.105725109577, 0.0146781047806, 0.0118640419096, 0.0190532878041, 0.136616319418, 0.280385047197, 0.194904252887, 0.185106322169, 0.351764082909, 0.228947803378, 0.0338366255164, 0.0144857214764, 0.0184078346938, 0.268627285957, 0.511324226856, 0.268338024616, 0.0234413351864]
        min: [4.95798303746e-05, 0.00019339955179, 0.000298795261187, 0.000475373613881, 0.000724836543668, 7.7285534644e-05, 4.21987933805e-05, 8.86614798219e-05, 0.000102053541923, 0.000422258279286, 3.34566211677e-05, 0.00533138541505, 0.00113921798766, 0.00070336763747, 1.80953775271e-05, 1.05260887722e-05, 0.00010904638475, 0.000698140065651, 0.00180629501119, 0.00112745701335, 4.10754291806e-05, 3.54485600838e-05, 3.13648015435e-05, 7.52661435399e-05, 0.000108882748464, 0.000529275159352, 0.000655220239423, 0.00015299860388, 4.04141683248e-05, 7.97275424702e-05, 1.47396394823e-05, 8.94525874173e-05, 2.32860384131e-05, 6.39330828562e-05, 0.000247897347435, 0.000332742551109]
        var: [0.00130911287852, 0.00107332656626, 0.0267788805068, 0.0551279075444, 0.0170469321311, 0.0082821212709, 0.00417906884104, 0.000167295802385, 0.00259667821229, 0.00955153442919, 0.0167284887284, 0.0599010586739, 0.101147599518, 0.0294357743114, 0.00224617822096, 0.00384037685581, 0.00540144043043, 0.0475649088621, 0.0987300351262, 0.0192793738097, 0.00066591182258, 0.000604143657256, 0.00353542971425, 0.0336890518665, 0.118365541101, 0.0626948475838, 0.0458821244538, 0.179533109069, 0.0864727348089, 0.00412963470444, 0.00186921702698, 0.00169221684337, 0.0538939721882, 0.193859159946, 0.0567708089948, 0.00211437651888]
    chords_histogram: [67.4418640137, 0, 0.465116292238, 0, 0, 0, 0, 0, 0, 0, 0, 0, 0, 0, 0, 0, 0, 0, 0, 0, 0.930232584476, 26.0465106964, 3.25581383705, 1.86046516895]
    thpcp: [1, 0.524790346622, 0.0458443649113, 0.0310510639101, 0.0322295129299, 0.167633712292, 0.263535171747, 0.14509922266, 0.0671675130725, 0.0452442914248, 0.0147183137015, 0.0576108843088, 0.0997143313289, 0.140684187412, 0.430813193321, 0.60895127058, 0.298368930817, 0.0384634546936, 0.0199201907963, 0.0443717390299, 0.266037881374, 0.425124108791, 0.206767261028, 0.0287060607225, 0.0232025813311, 0.0372626334429, 0.267181396484, 0.548350811005, 0.381175458431, 0.362013608217, 0.68794721365, 0.447754651308, 0.0661744996905, 0.0283298157156, 0.0360003188252, 0.525356054306]
    chords_key: "C#"
    chords_scale: "major"
    key_key: "C#"
    key_scale: "major"
    chords_progression: ["A#m", "A#m", "A#m", "A#m", "C#", "C#", "C#", "C#", "C#", "C#", "C#", "C#", "C#", "C#", "C#", "C#", "C#", "C#", "C#", "C#", "C#", "C#", "C#", "C#", "C#", "C#", "C#", "C#", "C#", "C#", "C#", "C#", "C#", "C#", "C#", "C#", "C#", "C#", "C#", "C#", "C#", "C#", "C#", "C#", "C#", "C#", "C#", "C#", "C#", "C#", "C#", "C#", "C#", "C#", "C#", "C#", "C#", "C#", "C#", "C#", "C#", "C#", "C#", "C#", "C#", "C#", "C#", "C#", "C#", "C#", "C#", "C#", "C#", "F#", "F#", "F#", "F#", "F#", "F#", "F#", "C#", "C#", "C#", "C#", "C#", "C#", "C#", "C#", "C#", "C#", "C#", "C#", "C#", "C#", "C#", "C#", "C#", "C#", "C#", "C#", "C#", "C#", "C#", "C#", "C#", "C#", "C#", "C#", "C#", "C#", "C#", "C#", "C#", "C#", "G#", "D#m", "D#m", "D#m", "D#m", "D#m", "D#m", "D#m", "D#m", "D#m", "D#m", "D#m", "D#m", "D#m", "D#m", "D#m", "D#m", "D#m", "D#m", "D#m", "D#m", "D#m", "D#m", "D#m", "D#m", "D#m", "D#m", "D#m", "D#m", "D#m", "D#m", "D#m", "D#m", "D#m", "D#m", "D#m", "D#m", "D#m", "D#m", "D#m", "D#m", "D#m", "D#m", "D#m", "D#m", "D#m", "D#m", "D#m", "D#m", "D#m", "D#m", "D#m", "D#m", "D#m", "D#m", "D#m", "D#m", "B", "B", "C#", "C#", "C#", "C#", "C#", "C#", "C#", "C#", "C#", "C#", "C#", "C#", "C#", "C#", "C#", "C#", "C#", "C#", "C#", "C#", "C#", "C#", "C#", "C#", "C#", "C#", "C#", "C#", "C#", "C#", "C#", "C#", "C#", "C#", "C#", "C#", "C#", "C#", "C#", "C#", "C#", "C#"]
