
metadata:
    version:
        essentia: "1.2.2"
    audio_properties:
        analysis_sample_rate: 44100
        bitrate: 128
        channels: 2
        equal_loudness: 1
        length: 10.0310201645
        replay_gain: -12.261756897
        downmix: "mix"
    tags:
        track: 31
        year: 0
        album: "Splitted by Mp3Splt v. 2.1"
        artist: "From 005.00 To 005.10"
        comment: "http://mp3splt.sf.net"
        genre: ""
        title: "03 Nietzsche.mp3"

highlevel:
    ballroom:
        all:
            ChaChaCha: 0.0533872544765
            Jive: 0.713306367397
            Quickstep: 0.030506817624
            Rumba-American: 0.00188737397548
            Rumba-International: 0.00704927602783
            Rumba-Misc: 0.00698513863608
            Samba: 0.0518868677318
            Tango: 0.00601831590757
            VienneseWaltz: 0.120906621218
            Waltz: 0.00806595757604
        probability: 0.713306367397
        value: "Jive"
    culture:
        all:
            non_western: 0.0483053214848
            western: 0.951694667339
        probability: 0.951694667339
        value: "western"
    gender:
        all:
            female: 0.167475312948
            male: 0.832524657249
        probability: 0.832524657249
        value: "male"
    genre_dortmund:
        all:
            alternative: 0.156924337149
            blues: 0.00310421991162
            electronic: 0.0251034721732
            folkcountry: 0.0351114273071
            funksoulrnb: 0.0139004122466
            jazz: 0.00762649113312
            pop: 0.0428288318217
            raphiphop: 0.000667078245897
            rock: 0.714733719826
        probability: 0.714733719826
        value: "rock"
    genre_electronica:
        all:
            ambient: 0.198646113276
            dnb: 0.0648016557097
            house: 0.008006519638
            techno: 0.0129572795704
            trance: 0.715588450432
        probability: 0.715588450432
        value: "trance"
    genre_rosamerica:
        all:
            cla: 0.0072551141493
            dan: 0.00676489900798
            hip: 0.000829645141494
            jaz: 0.000792592356447
            pop: 0.00376312341541
            rhy: 0.00140027317684
            roc: 0.978659451008
            spe: 0.000534903083462
        probability: 0.978659451008
        value: "roc"
    genre_tzanetakis:
        all:
            blu: 0.0147678544745
            cla: 0.0405145734549
            cou: 0.136740714312
            dis: 0.0194781422615
            hip: 0.00986862648278
            jaz: 0.022043550387
            met: 0.326362460852
            pop: 0.031814455986
            reg: 0.00746667711064
            roc: 0.390942931175
        probability: 0.390942931175
        value: "roc"
    live_studio:
        all:
            live: 0.132146850228
            studio: 0.867853164673
        probability: 0.867853164673
        value: "studio"
    mood:
        all:
            Cluster1: 0.473932534456
            Cluster2: 0.0357755161822
            Cluster3: 0.0214768126607
            Cluster4: 0.0201633255929
            Cluster5: 0.448651790619
        probability: 0.473932534456
        value: "Cluster1"
    mood_acoustic:
        all:
            acoustic: 0.0111890528351
            not_acoustic: 0.988810956478
        probability: 0.988810956478
        value: "not_acoustic"
    mood_aggressive:
        all:
            aggressive: 0.989337384701
            not_aggressive: 0.0106626152992
        probability: 0.989337384701
        value: "aggressive"
    mood_electronic:
        all:
            electronic: 0.244971290231
            not_electronic: 0.75502872467
        probability: 0.75502872467
        value: "not_electronic"
    mood_happy:
        all:
            happy: 0.357133984566
            not_happy: 0.642866015434
        probability: 0.642866015434
        value: "not_happy"
    mood_party:
        all:
            not_party: 0.426250606775
            party: 0.573749363422
        probability: 0.573749363422
        value: "party"
    mood_relaxed:
        all:
            not_relaxed: 0.259623497725
            relaxed: 0.740376472473
        probability: 0.740376472473
        value: "relaxed"
    mood_sad:
        all:
            not_sad: 0.233351111412
            sad: 0.766648888588
        probability: 0.766648888588
        value: "sad"
    rhythm:
        all:
            fast: 0.731400132179
            medium: 0.142633348703
            slow: 0.12596654892
        probability: 0.731400132179
        value: "fast"
    speech_music:
        all:
            music: 1.76675996499e-06
            speech: 0.999998211861
        probability: 0.999998211861
        value: "speech"
    timbre:
        all:
            bright: 0.367983102798
            dark: 0.632016897202
        probability: 0.632016897202
        value: "dark"
    voice_instrumental:
        all:
            instrumental: 0.869323790073
            voice: 0.130676195025
        probability: 0.869323790073
        value: "instrumental"

lowlevel:
    average_loudness: 0.981793522835
    barkbands_kurtosis:
        dmean: 0.256109952927
        dmean2: 0.427393645048
        dvar: 0.0674083158374
        dvar2: 0.184706449509
        max: 0.339846372604
        mean: -1.24700069427
        min: -1.7245528698
        var: 0.123206570745
    barkbands_skewness:
        dmean: 0.267206847668
        dmean2: 0.412086516619
        dvar: 0.0484351404011
        dvar2: 0.116010993719
        max: 1.26715755463
        mean: -0.108321771026
        min: -1.09580600262
        var: 0.172958239913
    barkbands_spread:
        dmean: 3.52799463272
        dmean2: 5.63606309891
        dvar: 9.73453998566
        dvar2: 23.9794712067
        max: 49.7149581909
        mean: 32.6371803284
        min: 15.2708501816
        var: 30.6135540009
    dissonance:
        dmean: 0.0103517118841
        dmean2: 0.0175642222166
        dvar: 7.42270494811e-05
        dvar2: 0.000205042058951
        max: 0.498726576567
        mean: 0.480488926172
        min: 0.432168185711
        var: 0.000135818860144
    hfc:
        dmean: 2.66350746155
        dmean2: 4.19578838348
        dvar: 14.0592651367
        dvar2: 32.3144798279
        max: 37.8561096191
        mean: 11.7641687393
        min: 5.14143812325e-06
        var: 28.1510486603
    pitch:
        dmean: 759.117553711
        dmean2: 1477.6583252
        dvar: 1631400.375
        dvar2: 4041506.75
        max: 4009.09082031
        mean: 794.432739258
        min: 82.4299087524
        var: 1465146.125
    pitch_instantaneous_confidence:
        dmean: 0.0583982989192
        dmean2: 0.0962604135275
        dvar: 0.00233578146435
        dvar2: 0.00600992562249
        max: 0.558134913445
        mean: 0.331887185574
        min: 0.164992034435
        var: 0.00611740397289
    pitch_salience:
        dmean: 0.0417471826077
        dmean2: 0.0673573762178
        dvar: 0.00140303128865
        dvar2: 0.0034632824827
        max: 0.977525115013
        mean: 0.677398741245
        min: 0.518193364143
        var: 0.00336490920745
    silence_rate_20dB:
        dmean: 0
        dmean2: 0
        dvar: 0
        dvar2: 0
        max: 1
        mean: 1
        min: 1
        var: 0
    silence_rate_30dB:
        dmean: 0
        dmean2: 0
        dvar: 0
        dvar2: 0
        max: 1
        mean: 1
        min: 1
        var: 0
    silence_rate_60dB:
        dmean: 0.00925925932825
        dmean2: 0.0162412989885
        dvar: 0.00917351990938
        dvar2: 0.0206178706139
        max: 1
        mean: 0.00923787523061
        min: 0
        var: 0.00915255211294
    spectral_centroid:
        dmean: 214.881591797
        dmean2: 327.003967285
        dvar: 34126.9179688
        dvar2: 75550.5234375
        max: 2778.3425293
        mean: 1796.85644531
        min: 834.917480469
        var: 124484.460938
    spectral_complexity:
        dmean: 4.15081214905
        dmean2: 6.4627904892
        dvar: 17.1628704071
        dvar2: 33.76953125
        max: 49
        mean: 24.9722213745
        min: 0
        var: 49.9297943115
    spectral_crest:
        dmean: 1.07723069191
        dmean2: 1.76425635815
        dvar: 0.854767978191
        dvar2: 2.30458498001
        max: 11.9488563538
        mean: 4.93259525299
        min: 2.55376434326
        var: 1.62728643417
    spectral_decrease:
        dmean: 2.76570460978e-10
        dmean2: 4.696780187e-10
        dvar: 1.95209338361e-19
        dvar2: 5.19657556574e-19
        max: -5.6021605049e-16
        mean: -1.41223721606e-09
        min: -4.82730699858e-09
        var: 2.29758772617e-19
    spectral_energy:
        dmean: 0.00124357757159
        dmean2: 0.00208534509875
        dvar: 3.8271464291e-06
        dvar2: 1.00028146335e-05
        max: 0.0211802255362
        mean: 0.00639715231955
        min: 2.58072252457e-09
        var: 4.97110841025e-06
    spectral_energyband_high:
        dmean: 0.000183553085662
        dmean2: 0.000288712792099
        dvar: 8.04458792913e-08
        dvar2: 1.77416225711e-07
        max: 0.00311672291718
        mean: 0.000486045668367
        min: 8.49629325228e-11
        var: 1.48778411813e-07
    spectral_energyband_low:
        dmean: 0.000115335962619
        dmean2: 0.000191965606064
        dvar: 3.25447864213e-08
        dvar2: 8.8899128059e-08
        max: 0.00137167330831
        mean: 0.000187544123037
        min: 1.95231573963e-11
        var: 3.98377970612e-08
    spectral_energyband_middle_high:
        dmean: 0.000742385280319
        dmean2: 0.00122234725859
        dvar: 7.59803185701e-07
        dvar2: 1.83683209798e-06
        max: 0.00832085777074
        mean: 0.00350523157977
        min: 2.24612684008e-09
        var: 1.95668008018e-06
    spectral_energyband_middle_low:
        dmean: 0.000717999530025
        dmean2: 0.00123107875697
        dvar: 1.19503783935e-06
        dvar2: 3.30554394168e-06
        max: 0.0107484702021
        mean: 0.00221830862574
        min: 2.27519045271e-10
        var: 1.23139852803e-06
    spectral_flatness_db:
        dmean: 0.010689035058
        dmean2: 0.0163520108908
        dvar: 8.33871454233e-05
        dvar2: 0.000168234095327
        max: 0.181820288301
        mean: 0.135161846876
        min: 0.0475422367454
        var: 0.000354952586349
    spectral_flux:
        dmean: 0.00652013951913
        dmean2: 0.00934997014701
        dvar: 7.88424149505e-05
        dvar2: 0.000148936800542
        max: 0.106909185648
        mean: 0.0431482605636
        min: 5.08008124598e-05
        var: 0.000157810543897
    spectral_kurtosis:
        dmean: 0.895648777485
        dmean2: 1.52611875534
        dvar: 0.735654711723
        dvar2: 1.72014474869
        max: 13.5641708374
        mean: 3.51602935791
        min: 1.27510261536
        var: 1.08441495895
    spectral_rms:
        dmean: 0.000231542391703
        dmean2: 0.000377616845071
        dvar: 9.93524693627e-08
        dvar2: 2.35468945675e-07
        max: 0.00454572681338
        mean: 0.00246397801675
        min: 1.58675084094e-06
        var: 1.69934935457e-07
    spectral_rolloff:
        dmean: 212.234481812
        dmean2: 344.180603027
        dvar: 51356.5507812
        dvar2: 113669.140625
        max: 4478.90625
        mean: 3487.58300781
        min: 2110.25390625
        var: 139624.640625
    spectral_skewness:
        dmean: 0.137906178832
        dmean2: 0.224391132593
        dvar: 0.0183353815228
        dvar2: 0.0337952822447
        max: 3.27129626274
        mean: 1.33947074413
        min: 0.814450144768
        var: 0.03515682742
    spectral_spread:
        dmean: 423888.96875
        dmean2: 592711.9375
        dvar: 459665080320
        dvar2: 752037462016
        max: 15261543
        mean: 4234121
        min: 2980784.5
        var: 1.12402825216e+12
    spectral_strongpeak:
        dmean: 0.585230767727
        dmean2: 1.03051364422
        dvar: 0.709253489971
        dvar2: 1.79664206505
        max: 5.82313394547
        mean: 0.847590982914
        min: 1.93250107259e-05
        var: 1.06106460094
    zerocrossingrate:
        dmean: 0.00664560962468
        dmean2: 0.0079419510439
        dvar: 4.7405163059e-05
        dvar2: 6.26984037808e-05
        max: 0.14208984375
        mean: 0.102898493409
        min: 0.05810546875
        var: 0.00020741969638
    barkbands:
        dmean: [3.24198339285e-07, 5.05265670654e-05, 7.54559005145e-05, 0.000149479630636, 0.000349595909938, 0.000247788964771, 0.000158363443916, 0.000130305081257, 0.000172191372258, 9.86482991721e-05, 0.000108695145173, 0.000127380902995, 0.000131462540594, 4.8744805099e-05, 9.52873087954e-05, 0.000116859169793, 0.000173220192664, 0.000238353517489, 0.000246997078648, 0.000262391724391, 9.11061870283e-05, 2.89760046144e-05, 4.91865375807e-06, 2.41059251493e-06, 1.74255103502e-06, 1.09355802635e-07, 4.15792689168e-09]
        dmean2: [5.74870568926e-07, 8.58745770529e-05, 0.000125267004478, 0.000254638463957, 0.000584185589105, 0.000401956145652, 0.000267688825261, 0.000220253190491, 0.000288167211693, 0.000159415692906, 0.000177333058673, 0.000213329782127, 0.000214115410927, 8.32535661175e-05, 0.000152985492605, 0.000189876212971, 0.00028464582283, 0.000400675373385, 0.000396906369133, 0.00043457801803, 0.000146481499542, 4.65913471999e-05, 7.79940273787e-06, 3.47719492311e-06, 2.46561580752e-06, 1.6114077539e-07, 4.55460691384e-09]
        dvar: [1.24809960544e-12, 1.95659115576e-08, 1.06736237626e-08, 8.06280269217e-08, 2.19375849042e-07, 9.24522680634e-08, 4.02042701353e-08, 4.10475102797e-08, 3.5046308966e-08, 1.14249223415e-08, 1.34559137166e-08, 1.55608539387e-08, 2.69293511934e-08, 2.44842768282e-09, 9.10597197645e-09, 1.41687950261e-08, 3.34859713291e-08, 8.09856643968e-08, 9.34764301519e-08, 9.04538026703e-08, 1.94715195079e-08, 2.9911875199e-09, 9.86434614547e-11, 2.70559113308e-11, 1.61431215617e-11, 8.3783681219e-14, 5.53099385546e-15]
        dvar2: [3.16350765028e-12, 5.43979510326e-08, 2.91432566968e-08, 2.26431509986e-07, 6.30493730114e-07, 2.28864209362e-07, 1.10118300256e-07, 1.15874712492e-07, 8.90858160574e-08, 3.01530889146e-08, 3.39181838171e-08, 4.66783127706e-08, 5.99551555069e-08, 6.64013510843e-09, 2.4303080437e-08, 3.84769229811e-08, 9.0982169354e-08, 1.91237560898e-07, 2.42610724399e-07, 2.3143678618e-07, 4.61737741375e-08, 7.76428255023e-09, 2.48478571052e-10, 6.03551722489e-11, 3.30318480901e-11, 2.1475438886e-13, 5.56375370173e-15]
        max: [9.23060997593e-06, 0.0011049604509, 0.000879689119756, 0.00250750919804, 0.00400531757623, 0.00355442706496, 0.0019574824255, 0.00191278848797, 0.00218473514542, 0.00104739330709, 0.00150527025107, 0.00140311673749, 0.00155092810746, 0.000483551586512, 0.000953742885031, 0.00108568230644, 0.00198845169507, 0.00209773750976, 0.00298962602392, 0.00305366842076, 0.00145105738193, 0.000712584645953, 0.000103946156742, 4.58430877188e-05, 4.55093213532e-05, 2.95689164886e-06, 1.55043312589e-06]
        mean: [3.4879454347e-07, 6.72544701956e-05, 0.000119966513012, 0.0002312688448, 0.000610906572547, 0.000531404744834, 0.000288728217129, 0.000201880073291, 0.000324901135173, 0.000178041271283, 0.000181913099368, 0.000321407220326, 0.000232165737543, 0.000103738078906, 0.000182841526112, 0.000300872110529, 0.000442244985607, 0.000527074502315, 0.000664492312353, 0.000594254233874, 0.000219657376874, 5.52408600925e-05, 9.86131362879e-06, 4.08675259678e-06, 2.47353341365e-06, 1.28028517565e-07, 4.18278522929e-09]
        min: [5.02791558388e-12, 9.38638750059e-12, 7.57421295822e-12, 7.68864312495e-12, 1.8269467536e-11, 1.69412765066e-11, 1.27633667524e-11, 2.04411695903e-11, 1.25479904245e-10, 1.81565915081e-10, 1.8227241938e-10, 2.93922691741e-10, 4.32389624105e-10, 1.04377458066e-10, 2.03220443945e-11, 1.43612968739e-11, 1.37470909656e-10, 6.15697548501e-10, 2.82999929047e-10, 2.63713668958e-11, 4.41928091344e-11, 1.7109895098e-11, 1.75293969878e-12, 7.44562181007e-13, 7.22602370735e-13, 4.21353354768e-13, 3.61339213759e-13]
        var: [1.28388619181e-12, 1.80396977356e-08, 1.76355374748e-08, 1.01922921658e-07, 2.43792584342e-07, 2.17111207235e-07, 6.56813412547e-08, 4.73483758867e-08, 7.69248700294e-08, 2.14619362282e-08, 2.41209434648e-08, 1.01245412054e-07, 5.54804948649e-08, 4.0912064847e-09, 1.5372959794e-08, 2.86085981571e-08, 6.82539820218e-08, 1.44760875287e-07, 1.45405408603e-07, 1.94101119178e-07, 3.22725490776e-08, 3.4271110394e-09, 1.31862104569e-10, 3.67504256193e-11, 2.26668059322e-11, 9.00543406664e-14, 5.54863670472e-15]
    mfcc:
        mean: [-666.936828613, 109.783729553, -60.9860267639, 49.5271224976, -22.7193393707, -9.02607250214, -1.93527388573, -5.82430505753, -7.74821043015, -11.2534856796, -8.49813938141, -3.71201181412, -3.12224459648]
        cov: [[2040.20922852, -263.177032471, 132.42779541, 22.5922908783, -2.21651792526, -44.4558944702, -46.9245414734, -53.6162757874, 13.6267166138, 14.1699514389, -56.1862792969, -21.9239139557, 20.5031738281], [-263.177032471, 328.471099854, -87.7462310791, 41.3516426086, -4.11167097092, 41.6589584351, 2.53950619698, 20.7088375092, -13.0489969254, 16.264175415, 11.2080183029, 11.1051673889, 13.3153572083], [132.42779541, -87.7462310791, 203.948883057, 20.8535671234, 60.7922019958, -10.9719171524, 4.24788093567, -0.169923856854, 29.4622478485, 1.29610705376, -0.57215321064, -23.9031486511, 6.16012239456], [22.5922908783, 41.3516426086, 20.8535671234, 71.5856018066, 34.5022583008, 15.9993495941, -1.28463697433, 0.350752323866, 1.4103924036, -2.57220101357, -1.87031292915, -5.16684770584, 1.8918132782], [-2.21651792526, -4.11167097092, 60.7922019958, 34.5022583008, 84.5694580078, 20.572435379, 12.5556297302, 1.3395922184, 9.07704544067, -0.0940658226609, 5.42975091934, -7.78761196136, 10.1507158279], [-44.4558944702, 41.6589584351, -10.9719171524, 15.9993495941, 20.572435379, 67.6362762451, 31.5583190918, 8.64533138275, 0.460862547159, 6.41166305542, 6.88723945618, 14.5276498795, 9.35612678528], [-46.9245414734, 2.53950619698, 4.24788093567, -1.28463697433, 12.5556297302, 31.5583190918, 62.1708145142, 29.0501289368, 7.9327878952, 9.78439426422, 11.5375728607, 11.9093074799, 3.86000776291], [-53.6162757874, 20.7088375092, -0.169923856854, 0.350752323866, 1.3395922184, 8.64533138275, 29.0501289368, 47.4269294739, 22.609331131, 12.750377655, 10.5103187561, 6.99814319611, 4.02024698257], [13.6267166138, -13.0489969254, 29.4622478485, 1.4103924036, 9.07704544067, 0.460862547159, 7.9327878952, 22.609331131, 48.3479995728, 19.8603420258, 4.6331577301, -0.312473505735, 9.51356220245], [14.1699514389, 16.264175415, 1.29610705376, -2.57220101357, -0.0940658226609, 6.41166305542, 9.78439426422, 12.750377655, 19.8603420258, 42.0898132324, 18.8425598145, 5.64942073822, 7.16546154022], [-56.1862792969, 11.2080183029, -0.57215321064, -1.87031292915, 5.42975091934, 6.88723945618, 11.5375728607, 10.5103187561, 4.6331577301, 18.8425598145, 42.0411834717, 17.4884357452, 2.91289019585], [-21.9239139557, 11.1051673889, -23.9031486511, -5.16684770584, -7.78761196136, 14.5276498795, 11.9093074799, 6.99814319611, -0.312473505735, 5.64942073822, 17.4884357452, 37.4338912964, 12.1126928329], [20.5031738281, 13.3153572083, 6.16012239456, 1.8918132782, 10.1507158279, 9.35612678528, 3.86000776291, 4.02024698257, 9.51356220245, 7.16546154022, 2.91289019585, 12.1126928329, 38.6841316223]]
        icov: [[0.000642437604256, 0.000567332841456, -0.000294213416055, -0.000668635417242, 0.00038466847036, 4.23858982685e-05, 0.000261179433437, 0.000270405929768, 0.000399769778596, -0.00118708552327, 0.00113890040666, -0.000336400204105, -0.000480440037791], [0.000567332841456, 0.0052084820345, 0.00155656540301, -0.0034084089566, 0.000871504831593, -0.00261567160487, 0.00277884211391, -0.00362995336764, 0.00318836746737, -0.00302284979261, 0.000276845414191, 0.00141868251376, -0.0023600240238], [-0.000294213416055, 0.00155656540301, 0.00858825258911, -0.00102805555798, -0.00472022453323, 0.00179767748341, -0.00154302944429, 0.00140321068466, -0.00435170950368, 0.00154617684893, -0.00234933872707, 0.00451817037538, -0.00133923534304], [-0.000668635417242, -0.0034084089566, -0.00102805555798, 0.0211958661675, -0.00815978087485, -0.00318610668182, 0.00350051489659, -0.00148101896048, -0.000740229326766, 0.00248283217661, 0.000739763316233, -0.000131882028654, 0.00307881087065], [0.00038466847036, 0.000871504831593, -0.00472022453323, -0.00815978087485, 0.0221105460078, -0.00521658500656, -0.00289296009578, 0.00265174871311, -0.00112285616342, 0.00308067537844, -0.00578313600272, 0.00702444557101, -0.00593870040029], [4.23858982685e-05, -0.00261567160487, 0.00179767748341, -0.00318610668182, -0.00521658500656, 0.026420077309, -0.0142774535343, 0.00686585297808, -0.0013607252622, -0.00175278249662, 0.00334843317978, -0.00763458479196, -0.000764889933635], [0.000261179433437, 0.00277884211391, -0.00154302944429, 0.00350051489659, -0.00289296009578, -0.0142774535343, 0.0344184115529, -0.021887421608, 0.00800127070397, -0.00403540348634, 0.000659613113385, -0.00330664869398, 0.00179756956641], [0.000270405929768, -0.00362995336764, 0.00140321068466, -0.00148101896048, 0.00265174871311, 0.00686585297808, -0.021887421608, 0.0452617704868, -0.0212255623192, 0.00342602864839, -0.00449498789385, -0.000670985144097, 0.0012128346134], [0.000399769778596, 0.00318836746737, -0.00435170950368, -0.000740229326766, -0.00112285616342, -0.0013607252622, 0.00800127070397, -0.0212255623192, 0.040728610009, -0.0179048795253, 0.0071376580745, -0.000329178146785, -0.00568317901343], [-0.00118708552327, -0.00302284979261, 0.00154617684893, 0.00248283217661, 0.00308067537844, -0.00175278249662, -0.00403540348634, 0.00342602864839, -0.0179048795253, 0.0428723283112, -0.0206962246448, 0.00764873391017, -0.00341025413945], [0.00113890040666, 0.000276845414191, -0.00234933872707, 0.000739763316233, -0.00578313600272, 0.00334843317978, 0.000659613113385, -0.00449498789385, 0.0071376580745, -0.0206962246448, 0.0435387864709, -0.0219170413911, 0.00641035335138], [-0.000336400204105, 0.00141868251376, 0.00451817037538, -0.000131882028654, 0.00702444557101, -0.00763458479196, -0.00330664869398, -0.000670985144097, -0.000329178146785, 0.00764873391017, -0.0219170413911, 0.0486772693694, -0.0155472969636], [-0.000480440037791, -0.0023600240238, -0.00133923534304, 0.00307881087065, -0.00593870040029, -0.000764889933635, 0.00179756956641, 0.0012128346134, -0.00568317901343, -0.00341025413945, 0.00641035335138, -0.0155472969636, 0.0348327495158]]
    spectral_contrast:
        mean: [-1.34800316687e-07, -2.06184473939e-08, -2.23263029397e-07, 9.65945332609e-08, -8.57334185866e-08, -2.00751752999e-08, 4.05504749779e-07, -2.50191192208e-06, -1.283224492e-06, 2.6332284051e-06, 2.81838902083e-06, 2.25393864639e-06]
        var: [0.00022899263422, 0.000501982867718, 0.000734104949515, 0.00176040700171, 0.00181903759949, 0.00303180981427, 0.0243233814836, 0.055342849344, 0.0769629850984, 0.183104008436, 0.3076171875, 1.00145232677]

rhythm:
    beats_loudness:
        dmean: 0.0017132461071
        dmean2: 0.00259296945296
        dvar: 1.32205127557e-06
        dvar2: 3.60797457688e-06
        max: 0.00931109394878
        mean: 0.00637129321694
        min: 0.00387881626375
        var: 2.90118191515e-06
    beats_loudness_bass:
        dmean: 0.0850761458278
        dmean2: 0.14477135241
        dvar: 0.00454947166145
        dvar2: 0.00864412356168
        max: 0.2801168859
        mean: 0.0848537757993
        min: 0.00363064161502
        var: 0.00593251828104
    bpm: 141.051940918
    bpm_confidence: 0
    first_peak_bpm: 141
    first_peak_spread: 0
    first_peak_weight: 0.95454543829
    onset_rate: 3.0904135704
    second_peak_bpm: 114
    second_peak_spread: 0
    second_peak_weight: 0.0454545468092
    beats_position: [0.0519534610212, 0.477367579937, 0.902781665325, 1.32819569111, 1.75360989571, 2.17902374268, 2.60443806648, 3.02985215187, 3.45526647568, 3.88068056107, 4.30609464645, 4.73150873184, 5.15692329407, 5.58233737946, 6.10769414902, 6.53305244446, 6.95841026306, 7.38376808167, 7.80912590027, 8.23448371887, 8.65984249115, 9.08520030975, 9.51055812836]
    bpm_estimates: [141.144714355, 140.945922852, 139.597946167, 141.142074585, 140.548690796, 141.764068604, 141.301574707, 141.893600464, 140.821868896, 141.211044312, 141.076538086, 140.420166016, 141.399139404, 141.341430664, 140.078643799, 141.232955933, 141.265289307, 141.303634644, 141.497192383]
    bpm_intervals: [0.425414115191, 0.425414085388, 0.425414025784, 0.425414204597, 0.42541384697, 0.425414323807, 0.425414085388, 0.425414323807, 0.425414085388, 0.425414085388, 0.425414085388, 0.425414562225, 0.425414085388, 0.525356769562, 0.425358295441, 0.425357818604, 0.425357818604, 0.425357818604, 0.425357818604, 0.425358772278, 0.425357818604, 0.425357818604]
    onset_times: [0.0580498874187, 0.545668959618, 0.754648506641, 0.96362811327, 1.38158726692, 1.79954648018, 2.2523355484, 3.09986400604, 3.33206343651, 3.5178232193, 3.94739222527, 4.19120168686, 4.37696123123, 4.59755086899, 4.841360569, 5.23609972, 5.66566896439, 5.88625860214, 6.1068482399, 6.52480745316, 6.79183673859, 6.9543762207, 7.38394546509, 7.59292507172, 8.0224943161, 8.23147392273, 8.66104316711, 9.0906124115, 9.53179168701, 9.81043052673, 9.9613609314]
    rubato_start: []
    rubato_stop: []
    perceptual_tempo: "unknown"

sfx:
    inharmonicity:
        dmean: 0.0571920387447
        dmean2: 0.100885979831
        dvar: 0.0034849785734
        dvar2: 0.00999581348151
        max: 0.393509626389
        mean: 0.0742231085896
        min: 0.00207285140641
        var: 0.00424216035753
    oddtoevenharmonicenergyratio:
        dmean: 1.76318275928
        dmean2: 3.23182749748
        dvar: 17.4633083344
        dvar2: 50.5247459412
        max: 45.389251709
        mean: 1.37492346764
        min: 0.0105026690289
        var: 10.4202003479
    pitch_after_max_to_before_max_energy_ratio: 45.6785621643
    pitch_centroid: 229.942504883
    pitch_max_to_total: 0.0185185186565
    pitch_min_to_total: 0.678240716457
    tristimulus:
        dmean: [0.150522023439, 0.209275349975, 0.140025019646]
        dmean2: [0.261393636465, 0.359683930874, 0.243434548378]
        dvar: [0.0163567196578, 0.0329447723925, 0.0127981929109]
        dvar2: [0.0434014573693, 0.0998134687543, 0.0357067473233]
        max: [0.788099944592, 0.992855191231, 0.581987798214]
        mean: [0.292801976204, 0.485159307718, 0.179952800274]
        min: [0.00714487722144, 0, 0]
        var: [0.0235440824181, 0.0386716835201, 0.0194260608405]

tonal:
    chords_changes_rate: 0.0231481473893
    chords_number_rate: 0.0231481473893
    chords_strength:
        dmean: 0.00624185940251
        dmean2: 0.00603912584484
        dvar: 3.31865630869e-05
        dvar2: 2.82503824565e-05
        max: 0.649452924728
        mean: 0.55367654562
        min: 0.361952424049
        var: 0.00499000540003
    key_strength: 0.69591152668
    tuning_diatonic_strength: 0.540139019489
    tuning_equal_tempered_deviation: 0.161393463612
    tuning_frequency: 444.598632812
    tuning_nontempered_energy_ratio: 0.790119946003
    hpcp:
        dmean: [0.134955868125, 0.147174194455, 0.131621196866, 0.0999199822545, 0.104921497405, 0.214467942715, 0.219473153353, 0.11807449162, 0.0850067958236, 0.0747519135475, 0.0826788917184, 0.116781376302, 0.122267402709, 0.125332742929, 0.156227663159, 0.128403931856, 0.105674043298, 0.124248534441, 0.1208961308, 0.114686064422, 0.181612640619, 0.179479703307, 0.151007696986, 0.0968510806561, 0.0885525867343, 0.0741095766425, 0.0919005721807, 0.115315333009, 0.108290649951, 0.118868619204, 0.125761002302, 0.121658496559, 0.158856481314, 0.131757125258, 0.115575969219, 0.127949073911]
        dmean2: [0.221308603883, 0.235785886645, 0.209096714854, 0.157278910279, 0.182421937585, 0.342194706202, 0.366604804993, 0.1851850003, 0.137995839119, 0.120763227344, 0.133687883615, 0.186564192176, 0.204939126968, 0.205156594515, 0.252525389194, 0.221747338772, 0.170818120241, 0.190321728587, 0.197403758764, 0.200142920017, 0.306519061327, 0.321446627378, 0.249453753233, 0.155643388629, 0.154233008623, 0.12759706378, 0.147240400314, 0.191785737872, 0.177527993917, 0.195365428925, 0.208822622895, 0.203222617507, 0.255573660135, 0.210335403681, 0.180238440633, 0.208365559578]
        dvar: [0.0211370009929, 0.018510222435, 0.0177745930851, 0.00971253961325, 0.0142593840137, 0.0339785702527, 0.0349940173328, 0.0119909672067, 0.0112318107858, 0.0124503104016, 0.00836589187384, 0.0190139524639, 0.0179085228592, 0.0155789405107, 0.0202950686216, 0.0204322300851, 0.0150929642841, 0.0194364562631, 0.0223741512746, 0.0228745769709, 0.0228313915431, 0.0296296719462, 0.0142558980733, 0.00906441919506, 0.0114320060238, 0.00912984926254, 0.00801084842533, 0.0119446655735, 0.0115001238883, 0.0207631550729, 0.0223596058786, 0.0203278809786, 0.0272040963173, 0.0186293628067, 0.0126649588346, 0.0182116143405]
        dvar2: [0.049910210073, 0.0449440181255, 0.0432707257569, 0.0239071268588, 0.0376688614488, 0.0859738811851, 0.0780984908342, 0.0281893275678, 0.02568234317, 0.0328742042184, 0.020707745105, 0.0505114346743, 0.045897193253, 0.0416837893426, 0.0549720823765, 0.0536117181182, 0.0364027395844, 0.0464577004313, 0.0553648993373, 0.0650610998273, 0.059530749917, 0.0783303156495, 0.0349129289389, 0.0207670144737, 0.0288628358394, 0.0233584474772, 0.021142968908, 0.0308933034539, 0.0315868444741, 0.0504753068089, 0.0564504563808, 0.0502682253718, 0.0676588043571, 0.0408401750028, 0.0299689788371, 0.0398111753166]
        max: [1, 1, 1, 0.78774356842, 0.835447251797, 1, 1, 0.860638082027, 0.725590705872, 1, 0.879577875137, 1, 1, 1, 1, 1, 1, 1, 1, 1, 1, 1, 1, 0.717304706573, 0.741220474243, 0.615552246571, 0.751550972462, 0.802820682526, 0.669176399708, 1, 1, 1, 1, 1, 0.814298093319, 1]
        mean: [0.31253361702, 0.312443375587, 0.294167906046, 0.198627501726, 0.190412655473, 0.505244314671, 0.57457113266, 0.262619376183, 0.126896634698, 0.117971472442, 0.148988440633, 0.205944225192, 0.204548537731, 0.27978348732, 0.400020867586, 0.342924803495, 0.246123000979, 0.256755203009, 0.20708887279, 0.183907881379, 0.551514863968, 0.777494370937, 0.488114714622, 0.198085278273, 0.116009891033, 0.11481205374, 0.185015544295, 0.228637620807, 0.205172330141, 0.251215845346, 0.237767621875, 0.224551543593, 0.342121005058, 0.308429986238, 0.224495530128, 0.28611561656]
        min: [0.0272477138788, 0.0246611852199, 0.0322711244226, 0.023962136358, 0.0204893872142, 0.0548816397786, 0.0477180704474, 0.025263523683, 0.0146161988378, 0.00989169813693, 0.022142527625, 0.0175366103649, 0.0187130309641, 0.0356167592108, 0.0353462547064, 0.0188970249146, 0.0250212308019, 0.0320763811469, 0.0282684005797, 0.0215053670108, 0.0664161592722, 0.235639870167, 0.0927935540676, 0.0209697056562, 0.0124778458849, 0.0166484825313, 0.0277255512774, 0.0248222555965, 0.0306268893182, 0.0121631044894, 0.0121766412631, 0.0256949644536, 0.0314747951925, 0.0375128462911, 0.0326828584075, 0.0361947380006]
        var: [0.064370714128, 0.0421088524163, 0.0391871519387, 0.0207311343402, 0.0167763996869, 0.0679918155074, 0.0825613662601, 0.024720845744, 0.0151933981106, 0.0134585537016, 0.0135496044531, 0.0326653756201, 0.0278748609126, 0.0244808457792, 0.0528301149607, 0.0872687399387, 0.0353691577911, 0.0362217091024, 0.0292363259941, 0.026263423264, 0.0522694513202, 0.0526332147419, 0.0524157956243, 0.0182246100157, 0.0128507213667, 0.0101148048416, 0.0161966495216, 0.025471219793, 0.0193461664021, 0.0657130628824, 0.0558982789516, 0.0282685663551, 0.0641647130251, 0.0533874258399, 0.0242855455726, 0.0604073777795]
    chords_histogram: [5.09259271622, 0, 52.3148155212, 0, 0, 0, 0, 0, 0, 0, 0, 0, 0, 0, 0, 0, 0, 0, 0, 23.148147583, 14.3518514633, 0, 5.09259271622, 0]
    thpcp: [1, 0.627804815769, 0.254773914814, 0.149209946394, 0.147669300437, 0.237963840365, 0.294069796801, 0.263889163733, 0.323109537363, 0.305812656879, 0.288814365864, 0.440030187368, 0.396697402, 0.288742333651, 0.367997020483, 0.401975393295, 0.401859343052, 0.378353744745, 0.25547131896, 0.244905516505, 0.649836599827, 0.73900359869, 0.337776571512, 0.163212284446, 0.151732891798, 0.191626384854, 0.264881938696, 0.263086855412, 0.35985276103, 0.514500021935, 0.441064029932, 0.316559195518, 0.33023416996, 0.266354173422, 0.236539185047, 0.709349036217]
    chords_key: "E"
    chords_scale: "major"
    key_key: "A"
    key_scale: "major"
    chords_progression: ["G", "G", "G", "G", "G", "G", "G", "G", "G", "G", "G", "G", "G", "G", "G", "G", "G", "G", "G", "G", "G", "G", "G", "G", "G", "G", "G", "G", "G", "G", "G", "D", "D", "D", "D", "D", "D", "D", "D", "D", "D", "D", "A", "A", "A", "A", "A", "A", "A", "A", "A", "A", "A", "E", "E", "E", "E", "E", "E", "E", "E", "E", "E", "E", "E", "E", "E", "E", "E", "E", "E", "E", "E", "E", "E", "E", "E", "E", "E", "E", "E", "E", "E", "E", "E", "E", "E", "E", "E", "E", "E", "E", "E", "E", "E", "E", "E", "E", "E", "E", "E", "E", "E", "E", "E", "E", "E", "E", "E", "E", "E", "E", "E", "E", "E", "Em", "Em", "Em", "Em", "Em", "Em", "Em", "Em", "Em", "Em", "Em", "Em", "Em", "Em", "Em", "Em", "Em", "Em", "Em", "Em", "Em", "Em", "Em", "Em", "Em", "Em", "Em", "Em", "Em", "Em", "Em", "Em", "Em", "Em", "Em", "Em", "Em", "Em", "Em", "Em", "Em", "Em", "Em", "Em", "Em", "Em", "Em", "Em", "Em", "Em", "E", "E", "E", "E", "E", "E", "E", "E", "E", "E", "E", "E", "E", "E", "E", "E", "E", "E", "E", "E", "E", "E", "E", "E", "E", "E", "E", "E", "E", "E", "E", "E", "E", "E", "E", "E", "E", "E", "E", "E", "E", "E", "E", "E", "E", "E", "E", "E", "E", "E", "E"]
