
metadata:
    version:
        essentia: "1.2.2"
    audio_properties:
        analysis_sample_rate: 44100
        bitrate: 128
        channels: 2
        equal_loudness: 1
        length: 10.0310201645
        replay_gain: -12.9683914185
        downmix: "mix"
    tags:
        track: 213
        year: 0
        album: "Splitted by Mp3Splt v. 2.1"
        artist: "From 035.20 To 035.30"
        comment: "http://mp3splt.sf.net"
        genre: ""
        title: "11 Better Man.mp3"

highlevel:
    ballroom:
        all:
            ChaChaCha: 0.0433310829103
            Jive: 0.07706579566
            Quickstep: 0.018707210198
            Rumba-American: 0.0138944257051
            Rumba-International: 0.553961694241
            Rumba-Misc: 0.0773741975427
            Samba: 0.0300831273198
            Tango: 0.0068429117091
            VienneseWaltz: 0.144095107913
            Waltz: 0.03464442119
        probability: 0.553961694241
        value: "Rumba-International"
    culture:
        all:
            non_western: 0.442970335484
            western: 0.557029664516
        probability: 0.557029664516
        value: "western"
    gender:
        all:
            female: 0.820197105408
            male: 0.179802879691
        probability: 0.820197105408
        value: "female"
    genre_dortmund:
        all:
            alternative: 0.215618997812
            blues: 0.0036868902389
            electronic: 0.150343433022
            folkcountry: 0.120650708675
            funksoulrnb: 0.00347683019936
            jazz: 0.00786265358329
            pop: 0.185671940446
            raphiphop: 0.00385575811379
            rock: 0.308832794428
        probability: 0.308832794428
        value: "rock"
    genre_electronica:
        all:
            ambient: 0.577117621899
            dnb: 0.0499166995287
            house: 0.0272040627897
            techno: 0.00917679350823
            trance: 0.336584836245
        probability: 0.577117621899
        value: "ambient"
    genre_rosamerica:
        all:
            cla: 0.00835986156017
            dan: 0.0158764850348
            hip: 0.00115893874317
            jaz: 0.00906327366829
            pop: 0.0174232050776
            rhy: 0.0054117157124
            roc: 0.941807091236
            spe: 0.000899409700651
        probability: 0.941807091236
        value: "roc"
    genre_tzanetakis:
        all:
            blu: 0.0104765323922
            cla: 0.0532473288476
            cou: 0.0500955581665
            dis: 0.0377977490425
            hip: 0.00592503789812
            jaz: 0.12669955194
            met: 0.0439218319952
            pop: 0.1085524261
            reg: 0.0267343986779
            roc: 0.536549568176
        probability: 0.536549568176
        value: "roc"
    live_studio:
        all:
            live: 0.526216089725
            studio: 0.473783880472
        probability: 0.526216089725
        value: "live"
    mood:
        all:
            Cluster1: 0.509924292564
            Cluster2: 0.0383067987859
            Cluster3: 0.167316913605
            Cluster4: 0.0362320393324
            Cluster5: 0.24821998179
        probability: 0.509924292564
        value: "Cluster1"
    mood_acoustic:
        all:
            acoustic: 0.0616681948304
            not_acoustic: 0.938331782818
        probability: 0.938331782818
        value: "not_acoustic"
    mood_aggressive:
        all:
            aggressive: 0.196874514222
            not_aggressive: 0.803125500679
        probability: 0.803125500679
        value: "not_aggressive"
    mood_electronic:
        all:
            electronic: 0.827434062958
            not_electronic: 0.172565937042
        probability: 0.827434062958
        value: "electronic"
    mood_happy:
        all:
            happy: 0.328600794077
            not_happy: 0.671399176121
        probability: 0.671399176121
        value: "not_happy"
    mood_party:
        all:
            not_party: 0.947932720184
            party: 0.0520673021674
        probability: 0.947932720184
        value: "not_party"
    mood_relaxed:
        all:
            not_relaxed: 0.0952450558543
            relaxed: 0.904754936695
        probability: 0.904754936695
        value: "relaxed"
    mood_sad:
        all:
            not_sad: 0.171197444201
            sad: 0.828802525997
        probability: 0.828802525997
        value: "sad"
    rhythm:
        all:
            fast: 0.278280198574
            medium: 0.243269592524
            slow: 0.478450208902
        probability: 0.478450208902
        value: "slow"
    speech_music:
        all:
            music: 0.999717772007
            speech: 0.000282224500552
        probability: 0.999717772007
        value: "music"
    timbre:
        all:
            bright: 0.234475597739
            dark: 0.76552438736
        probability: 0.76552438736
        value: "dark"
    voice_instrumental:
        all:
            instrumental: 0.592246949673
            voice: 0.40775308013
        probability: 0.592246949673
        value: "instrumental"

lowlevel:
    average_loudness: 0.975618898869
    barkbands_kurtosis:
        dmean: 1.07305908203
        dmean2: 1.74372005463
        dvar: 1.24534881115
        dvar2: 3.77397322655
        max: 11.7068529129
        mean: 1.00649654865
        min: -1.6603089571
        var: 5.42312335968
    barkbands_skewness:
        dmean: 0.345073521137
        dmean2: 0.554952919483
        dvar: 0.0858485400677
        dvar2: 0.254249632359
        max: 3.2264456749
        mean: 1.32731425762
        min: -0.264495581388
        var: 0.437823712826
    barkbands_spread:
        dmean: 3.81832647324
        dmean2: 6.00384759903
        dvar: 12.7664337158
        dvar2: 32.9462776184
        max: 45.8376655579
        mean: 25.4151744843
        min: 7.80933141708
        var: 52.5433807373
    dissonance:
        dmean: 0.0156771913171
        dmean2: 0.0258030854166
        dvar: 0.000213642517338
        dvar2: 0.000580461055506
        max: 0.494877338409
        mean: 0.460397273302
        min: 0.357923537493
        var: 0.000459393137135
    hfc:
        dmean: 0.783027589321
        dmean2: 1.15407443047
        dvar: 0.864327907562
        dvar2: 1.76027929783
        max: 13.1728181839
        mean: 4.52014636993
        min: 3.10762925437e-06
        var: 5.0841588974
    pitch:
        dmean: 173.16973877
        dmean2: 331.910980225
        dvar: 384882.8125
        dvar2: 1101465
        max: 4410
        mean: 232.746948242
        min: 73.3777008057
        var: 218025.28125
    pitch_instantaneous_confidence:
        dmean: 0.0508249923587
        dmean2: 0.082576200366
        dvar: 0.00177263771184
        dvar2: 0.00467974739149
        max: 0.609847307205
        mean: 0.349847733974
        min: 0.175464570522
        var: 0.00726668862626
    pitch_salience:
        dmean: 0.0545002929866
        dmean2: 0.0891341716051
        dvar: 0.00292097288184
        dvar2: 0.00748950056732
        max: 0.961732566357
        mean: 0.580480575562
        min: 0.309730052948
        var: 0.00964974332601
    silence_rate_20dB:
        dmean: 0
        dmean2: 0
        dvar: 0
        dvar2: 0
        max: 1
        mean: 1
        min: 1
        var: 0
    silence_rate_30dB:
        dmean: 0
        dmean2: 0
        dvar: 0
        dvar2: 0
        max: 1
        mean: 1
        min: 1
        var: 0
    silence_rate_60dB:
        dmean: 0.037037037313
        dmean2: 0.0719257518649
        dvar: 0.0356652587652
        dvar2: 0.07603302598
        max: 1
        mean: 0.124711319804
        min: 0
        var: 0.109158329666
    spectral_centroid:
        dmean: 159.157302856
        dmean2: 262.40814209
        dvar: 24127.0449219
        dvar2: 63955.9101562
        max: 1826.33752441
        mean: 827.770568848
        min: 297.58505249
        var: 89339.90625
    spectral_complexity:
        dmean: 2.03712296486
        dmean2: 3.37441849709
        dvar: 2.89885735512
        dvar2: 7.47608566284
        max: 27
        mean: 12.1527776718
        min: 0
        var: 23.9812717438
    spectral_crest:
        dmean: 1.61985826492
        dmean2: 2.68627882004
        dvar: 2.14398241043
        dvar2: 6.01109886169
        max: 15.4059715271
        mean: 8.0179643631
        min: 2.93135046959
        var: 7.87426662445
    spectral_decrease:
        dmean: 3.12920717116e-10
        dmean2: 5.21051257696e-10
        dvar: 1.34537281867e-19
        dvar2: 3.64624626133e-19
        max: -9.58902388543e-16
        mean: -1.39694400492e-09
        min: -4.1381049698e-09
        var: 3.29837829816e-19
    spectral_energy:
        dmean: 0.00122171721887
        dmean2: 0.00202297023498
        dvar: 2.03050240088e-06
        dvar2: 5.42261386727e-06
        max: 0.0163937266916
        mean: 0.00568238086998
        min: 3.90098398029e-09
        var: 5.23722792423e-06
    spectral_energyband_high:
        dmean: 4.80809358123e-05
        dmean2: 6.71463421895e-05
        dvar: 5.93013460559e-09
        dvar2: 1.04734843021e-08
        max: 0.00087671878282
        mean: 0.000125743390527
        min: 9.31748775357e-11
        var: 1.76874870306e-08
    spectral_energyband_low:
        dmean: 0.000398893753299
        dmean2: 0.000707647006493
        dvar: 2.80222565152e-07
        dvar2: 8.93447065664e-07
        max: 0.00361950905062
        mean: 0.000701671699062
        min: 3.01891373011e-10
        var: 3.61266074833e-07
    spectral_energyband_middle_high:
        dmean: 0.000243979855441
        dmean2: 0.00038381406921
        dvar: 7.4324823629e-08
        dvar2: 1.7573661637e-07
        max: 0.00472623948008
        mean: 0.00129962316714
        min: 5.8103150069e-10
        var: 5.0876565183e-07
    spectral_energyband_middle_low:
        dmean: 0.000917480967473
        dmean2: 0.00148285133764
        dvar: 1.24608129681e-06
        dvar2: 3.39064331456e-06
        max: 0.0120664658025
        mean: 0.00355532229878
        min: 2.88765567014e-09
        var: 2.82730343315e-06
    spectral_flatness_db:
        dmean: 0.0159799586982
        dmean2: 0.0246790647507
        dvar: 0.000215105537791
        dvar2: 0.00050951394951
        max: 0.244685992599
        mean: 0.164479076862
        min: 0.0731557458639
        var: 0.000869769311976
    spectral_flux:
        dmean: 0.00660807918757
        dmean2: 0.0104601429775
        dvar: 4.74723237858e-05
        dvar2: 9.97235110844e-05
        max: 0.0872491672635
        mean: 0.0317849703133
        min: 6.24578606221e-05
        var: 0.000149470128235
    spectral_kurtosis:
        dmean: 1.15827345848
        dmean2: 1.83078658581
        dvar: 1.11568844318
        dvar2: 2.65995407104
        max: 9.52492237091
        mean: 4.46790599823
        min: 0.599606275558
        var: 2.91947984695
    spectral_rms:
        dmean: 0.000247549294727
        dmean2: 0.000398363423301
        dvar: 6.74838886994e-08
        dvar2: 1.67981482946e-07
        max: 0.00399923464283
        mean: 0.00230344571173
        min: 1.95085567611e-06
        var: 2.37921881308e-07
    spectral_rolloff:
        dmean: 447.101013184
        dmean2: 761.57434082
        dvar: 259928.6875
        dvar2: 678489.6875
        max: 3983.64257812
        mean: 1778.78234863
        min: 236.865234375
        var: 766084.3125
    spectral_skewness:
        dmean: 0.158673688769
        dmean2: 0.254528641701
        dvar: 0.0221355184913
        dvar2: 0.0492308847606
        max: 2.52573895454
        mean: 1.73186326027
        min: 0.978159844875
        var: 0.0755401998758
    spectral_spread:
        dmean: 617043.8125
        dmean2: 799639.4375
        dvar: 939983437824
        dvar2: 1.27608147149e+12
        max: 19185746
        mean: 4945772
        min: 2984519.75
        var: 2.11913460941e+12
    spectral_strongpeak:
        dmean: 0.133767202497
        dmean2: 0.234548777342
        dvar: 0.0933067277074
        dvar2: 0.24740947783
        max: 4.01480340958
        mean: 0.323987990618
        min: 0
        var: 0.0791090801358
    zerocrossingrate:
        dmean: 0.00597833003849
        dmean2: 0.00806231796741
        dvar: 3.06621950585e-05
        dvar2: 5.17398220836e-05
        max: 0.09912109375
        mean: 0.057888455689
        min: 0.01806640625
        var: 0.000287695555016
    barkbands:
        dmean: [1.52018657218e-07, 3.01634154312e-05, 0.000385049905162, 0.000571083510295, 0.000403036625357, 0.000200212540221, 0.000188645673916, 0.000108086824184, 3.71974056179e-05, 6.78393553244e-05, 3.72560898541e-05, 9.05085107661e-05, 1.81430586963e-05, 1.64634966495e-05, 3.71277383238e-05, 6.61357335048e-05, 8.70459771249e-05, 4.97392429679e-05, 6.41043880023e-05, 5.47838571947e-05, 2.6653502573e-05, 9.21501487028e-06, 2.35875063481e-06, 2.01307329917e-06, 1.97080817088e-06, 6.82840521904e-08, 8.53127013478e-10]
        dmean2: [2.2587042281e-07, 5.08154516865e-05, 0.000687904946972, 0.000976263254415, 0.000652002170682, 0.000314896402415, 0.000279691652395, 0.000175092471181, 5.69258263567e-05, 0.000106905659777, 5.92680335103e-05, 0.00014992870274, 2.86648901238e-05, 2.73444929917e-05, 5.46475384908e-05, 0.000105498176708, 0.000135756956297, 8.43090601848e-05, 0.000103428108559, 8.70094590937e-05, 3.9801645471e-05, 1.42909057104e-05, 3.51554854205e-06, 3.0716528272e-06, 3.07143750433e-06, 9.91137341089e-08, 1.16119469595e-09]
        dvar: [7.311391618e-13, 3.0765407999e-09, 2.64203521283e-07, 6.45831335078e-07, 2.30761614262e-07, 7.25909146126e-08, 4.9031648075e-08, 1.66250657685e-08, 2.79303047357e-09, 6.22182039223e-09, 2.66584021524e-09, 1.74215646354e-08, 3.9431349852e-10, 3.04912456395e-10, 1.64382385481e-09, 1.50478420835e-08, 1.71648224523e-08, 2.60244248373e-09, 6.09428907339e-09, 7.42328909453e-09, 1.55743240526e-09, 2.53776361037e-10, 1.62927640129e-11, 2.00284320379e-11, 2.43011062662e-11, 3.0701115749e-14, 7.84034607104e-17]
        dvar2: [8.70437727972e-13, 7.62394591902e-09, 8.52083019254e-07, 1.86228078292e-06, 6.81389622059e-07, 1.89468494227e-07, 1.0534134276e-07, 3.83106595336e-08, 6.33714503095e-09, 1.62758890809e-08, 6.01402705414e-09, 4.92555045639e-08, 9.76592473556e-10, 8.40631897425e-10, 3.51451645564e-09, 2.86266992333e-08, 4.34595683885e-08, 6.36977670609e-09, 1.60791042703e-08, 1.87800157647e-08, 3.00041214096e-09, 5.23213805614e-10, 3.27530259858e-11, 4.09225153764e-11, 6.01926147814e-11, 6.96261828032e-14, 7.97757467292e-17]
        max: [1.70240091393e-05, 0.000544278183952, 0.00353072118014, 0.00755438162014, 0.0044709877111, 0.00353766209446, 0.00215517217293, 0.00113382970449, 0.000621229060926, 0.000794007559307, 0.000487145560328, 0.00114808999933, 0.000227723649004, 0.000179049733561, 0.000426359532867, 0.00225608772598, 0.00136848655529, 0.000684581231326, 0.000833051861264, 0.000952763599344, 0.000523942289874, 0.000164029857842, 5.22754235135e-05, 4.14679416281e-05, 4.57851201645e-05, 1.98765519599e-06, 1.83573220625e-07]
        mean: [1.47870537148e-07, 3.77582182409e-05, 0.000663788116071, 0.00133647420444, 0.000936826283578, 0.000509823439643, 0.000461235991679, 0.000213457184145, 8.10516212368e-05, 0.000138589428389, 7.71563500166e-05, 0.000157966365805, 4.24080026278e-05, 3.93637274101e-05, 0.000106296516606, 0.000179912589374, 0.000207172546652, 0.000128038795083, 0.000161219635629, 0.000112948102469, 6.02268919465e-05, 1.98439647647e-05, 5.01769000039e-06, 2.95475069834e-06, 2.61409104496e-06, 9.00386680769e-08, 7.96077093135e-10]
        min: [7.43222983157e-11, 1.42768838418e-10, 1.21221144234e-10, 1.314446052e-10, 3.56924600986e-10, 4.33921593102e-10, 4.96493013369e-10, 5.92845939007e-10, 8.05584432495e-10, 2.70895389454e-10, 6.62469523682e-11, 2.25991048791e-11, 5.32198937697e-12, 2.77106853089e-12, 2.26987040275e-11, 7.08119743398e-11, 1.32748629797e-11, 4.14626805112e-11, 9.05974253951e-11, 9.31723240227e-11, 1.3238849253e-11, 5.30030923665e-12, 1.1737308174e-11, 4.82922079062e-12, 5.55170189334e-12, 2.16565936191e-12, 2.86435846287e-14]
        var: [7.90044895824e-13, 3.54466589414e-09, 3.49570314029e-07, 1.38406164751e-06, 5.27784038695e-07, 1.27476951661e-07, 1.82498467893e-07, 4.46684964572e-08, 6.46091757872e-09, 1.44822944748e-08, 7.46311545896e-09, 3.03874472252e-08, 1.03633579496e-09, 7.81444242648e-10, 6.64223342994e-09, 4.35948983579e-08, 4.62010802948e-08, 1.18132224003e-08, 1.61637228047e-08, 1.15108047538e-08, 4.3792183213e-09, 6.66039889907e-10, 3.41827816053e-11, 2.50370800481e-11, 2.59667704006e-11, 3.65545233785e-14, 7.81533609979e-17]
    mfcc:
        mean: [-705.860168457, 130.324264526, -35.5778961182, 47.616985321, -7.68553256989, -7.52077722549, -6.7713971138, -9.45498752594, -6.47649526596, -14.4967184067, -12.6630182266, -9.54577827454, -1.7292470932]
        cov: [[2057.79516602, -191.607666016, 0.998184919357, -13.2124986649, -23.9793739319, -2.7431807518, 13.0654096603, -48.4157600403, 33.1104431152, -79.5517883301, 21.410036087, 84.5368728638, 67.4190139771], [-191.607666016, 324.444610596, -128.956893921, 23.0034866333, -26.42070961, 11.4568061829, -19.571313858, 21.2179660797, -1.25820803642, -2.64726209641, 11.5797176361, 1.7149643898, 15.0024795532], [0.998184919357, -128.956893921, 242.428405762, -25.0331115723, 42.3623733521, -9.99017906189, 40.0606651306, -7.07088804245, -4.92164611816, 6.27087831497, 2.75969624519, 3.29549694061, -14.0578689575], [-13.2124986649, 23.0034866333, -25.0331115723, 93.1446685791, -10.2773551941, 11.1734476089, 0.92743742466, 2.74010539055, 1.58804690838, -4.414747715, 2.54535079002, -13.8683872223, -18.8413925171], [-23.9793739319, -26.42070961, 42.3623733521, -10.2773551941, 135.459716797, 32.8292732239, 5.73722410202, -7.18043756485, 13.8542585373, 5.29584026337, -20.4542808533, -12.1754255295, -5.87975931168], [-2.7431807518, 11.4568061829, -9.99017906189, 11.1734476089, 32.8292732239, 57.5445137024, 7.88856458664, 0.0666014030576, -6.7060751915, 1.11154639721, -5.83230733871, -9.72138023376, -6.55763864517], [13.0654096603, -19.571313858, 40.0606651306, 0.92743742466, 5.73722410202, 7.88856458664, 56.0978965759, 18.3538818359, 1.48950028419, -4.12146186829, -0.289869368076, 4.17123126984, -0.976688802242], [-48.4157600403, 21.2179660797, -7.07088804245, 2.74010539055, -7.18043756485, 0.0666014030576, 18.3538818359, 55.246006012, 15.4505615234, -1.35618102551, -1.44884443283, 10.2949724197, 5.92378854752], [33.1104431152, -1.25820803642, -4.92164611816, 1.58804690838, 13.8542585373, -6.7060751915, 1.48950028419, 15.4505615234, 61.464881897, 9.13971710205, 9.7715587616, 9.99070358276, 10.0503635406], [-79.5517883301, -2.64726209641, 6.27087831497, -4.414747715, 5.29584026337, 1.11154639721, -4.12146186829, -1.35618102551, 9.13971710205, 43.5274734497, 11.7221069336, -4.93251228333, -5.65465831757], [21.410036087, 11.5797176361, 2.75969624519, 2.54535079002, -20.4542808533, -5.83230733871, -0.289869368076, -1.44884443283, 9.7715587616, 11.7221069336, 49.5645828247, 21.9208965302, 4.8981795311], [84.5368728638, 1.7149643898, 3.29549694061, -13.8683872223, -12.1754255295, -9.72138023376, 4.17123126984, 10.2949724197, 9.99070358276, -4.93251228333, 21.9208965302, 71.4633865356, 46.1585731506], [67.4190139771, 15.0024795532, -14.0578689575, -18.8413925171, -5.87975931168, -6.55763864517, -0.976688802242, 5.92378854752, 10.0503635406, -5.65465831757, 4.8981795311, 46.1585731506, 69.2024688721]]
        icov: [[0.000640829326585, 0.000446204736363, 0.000205848540645, 3.97027506551e-05, 0.000199277448701, -0.000345523061696, -0.00024547072826, 0.000840981432702, -0.00064192462014, 0.00128380954266, -0.000268642179435, -0.000490614620503, -0.000215296633542], [0.000446204736363, 0.00450877379626, 0.00213574967347, -0.000445289537311, -9.91067354335e-05, -0.000615850149188, 0.000479041802464, -0.00141028675716, 0.000601941545028, 0.00110938958824, -0.0020921442192, 0.00081000465434, -0.00142780831084], [0.000205848540645, 0.00213574967347, 0.00681825214997, 0.000918417761568, -0.00237564672716, 0.00257333600894, -0.00460724625736, 0.00101191515569, 0.00136329128873, -0.000359929603292, -0.00156366487499, -0.00101833126973, 0.00142443261575], [3.97027506551e-05, -0.000445289537311, 0.000918417761568, 0.0125882355496, 0.00141249375883, -0.00276153860614, -0.000596295460127, 7.9749901488e-05, -0.0017517778324, 0.00227671675384, -0.00122369115707, 0.00073667766992, 0.0035505334381], [0.000199277448701, -9.91067354335e-05, -0.00237564672716, 0.00141249375883, 0.0114801572636, -0.0074120904319, 0.000748240214307, 0.00272712344304, -0.00518446834758, -0.000555753300432, 0.00532483123243, -0.000626616936643, 0.000528076314367], [-0.000345523061696, -0.000615850149188, 0.00257333600894, -0.00276153860614, -0.0074120904319, 0.0241603199393, -0.00469906395301, -0.000937964941841, 0.00535910669714, -0.00209077284671, -0.00132797413971, 0.00181245722342, -0.000149427447468], [-0.00024547072826, 0.000479041802464, -0.00460724625736, -0.000596295460127, 0.000748240214307, -0.00469906395301, 0.0251378659159, -0.00936216767877, 0.000623250671197, 0.00239851255901, -0.000841505650897, 0.000170448416611, -0.00013715372188], [0.000840981432702, -0.00141028675716, 0.00101191515569, 7.9749901488e-05, 0.00272712344304, -0.000937964941841, -0.00936216767877, 0.0261652842164, -0.00784871540964, 0.000776328204665, 0.00532327732071, -0.00574380345643, 0.00214231945574], [-0.00064192462014, 0.000601941545028, 0.00136329128873, -0.0017517778324, -0.00518446834758, 0.00535910669714, 0.000623250671197, -0.00784871540964, 0.0223061591387, -0.00472751539201, -0.00521868513897, 0.00152491801418, -0.00323073193431], [0.00128380954266, 0.00110938958824, -0.000359929603292, 0.00227671675384, -0.000555753300432, -0.00209077284671, 0.00239851255901, 0.000776328204665, -0.00472751539201, 0.0299451667815, -0.00919033028185, 0.0038204966113, 1.32310588015e-05], [-0.000268642179435, -0.0020921442192, -0.00156366487499, -0.00122369115707, 0.00532483123243, -0.00132797413971, -0.000841505650897, 0.00532327732071, -0.00521868513897, -0.00919033028185, 0.03181226179, -0.0139714283869, 0.00699781579897], [-0.000490614620503, 0.00081000465434, -0.00101833126973, 0.00073667766992, -0.000626616936643, 0.00181245722342, 0.000170448416611, -0.00574380345643, 0.00152491801418, 0.0038204966113, -0.0139714283869, 0.0329480208457, -0.0199883002788], [-0.000215296633542, -0.00142780831084, 0.00142443261575, 0.0035505334381, 0.000528076314367, -0.000149427447468, -0.00013715372188, 0.00214231945574, -0.00323073193431, 1.32310588015e-05, 0.00699781579897, -0.0199883002788, 0.029378393665]]
    spectral_contrast:
        mean: [7.47395006329e-07, 4.63332980871e-08, 1.26815095314e-07, -1.91421278828e-07, 1.22408550851e-07, 9.96860105573e-09, 2.60687534137e-06, -1.56358714776e-06, -1.28674287225e-06, -8.00109592092e-06, -6.9138627623e-07, -3.2945363273e-06]
        var: [0.000276009202935, 0.0005416511558, 0.00101034506224, 0.00138452288229, 0.00209711771458, 0.00424407236278, 0.0377779789269, 0.0648626312613, 0.13951061666, 0.256462901831, 0.270797282457, 1.07264614105]

rhythm:
    beats_loudness:
        dmean: 0.00321744475514
        dmean2: 0.00573801668361
        dvar: 7.12705923434e-06
        dvar2: 1.70143503055e-05
        max: 0.0151979271322
        mean: 0.00705065298826
        min: 0.0017235474661
        var: 1.12160860226e-05
    beats_loudness_bass:
        dmean: 0.127001702785
        dmean2: 0.181581825018
        dvar: 0.00973198655993
        dvar2: 0.0150559330359
        max: 0.730135500431
        mean: 0.324406713247
        min: 0.0839911922812
        var: 0.0349002256989
    bpm: 115.038528442
    bpm_confidence: 0
    first_peak_bpm: 115
    first_peak_spread: 0
    first_peak_weight: 0.944444417953
    onset_rate: 3.38948559761
    second_peak_bpm: 87
    second_peak_spread: 0
    second_peak_weight: 0.0555555559695
    beats_position: [0.0755768567324, 0.597108721733, 1.11864054203, 1.64017236233, 2.16170430183, 2.68323612213, 3.20476794243, 3.72629952431, 4.2478313446, 4.76936340332, 5.29089546204, 5.81242752075, 6.49978017807, 7.0214176178, 7.5430560112, 8.06469345093, 8.58633232117, 9.10797023773, 9.6296081543]
    bpm_estimates: [114.881347656, 115.181549072, 115.792816162, 113.42881012, 114.355384827, 115.001808167, 115.55242157, 115.369972229, 115.888839722, 115.668052673, 115.040107727, 115.342514038, 114.956451416, 114.66456604, 114.605491638, 114.886169434]
    bpm_intervals: [0.521531879902, 0.521531820297, 0.521531820297, 0.521531939507, 0.521531820297, 0.521531820297, 0.521531581879, 0.521531820297, 0.521532058716, 0.521532058716, 0.521532058716, 0.687352657318, 0.521637439728, 0.521638393402, 0.521637439728, 0.521638870239, 0.521637916565, 0.521637916565]
    onset_times: [0.0464399084449, 0.383129239082, 0.615328788757, 1.07972788811, 1.14938771725, 1.43963718414, 1.57895696163, 1.6137868166, 1.64861679077, 1.92725622654, 2.47292518616, 2.63546490669, 2.9837641716, 3.1811337471, 3.5178232193, 3.69197273254, 4.23764181137, 5.31736946106, 5.65405893326, 5.8282084465, 6.3622674942, 6.39709758759, 6.6989569664, 6.88471651077, 7.20979595184, 7.39555549622, 7.92961454391, 8.44045352936, 8.78875255585, 8.96290206909, 9.29959201813, 9.49696159363, 9.83365058899, 10.0194101334]
    rubato_start: []
    rubato_stop: []
    perceptual_tempo: "unknown"

sfx:
    inharmonicity:
        dmean: 0.0324993655086
        dmean2: 0.0573339834809
        dvar: 0.00245859706774
        dvar2: 0.00750892050564
        max: 0.350317358971
        mean: 0.0330678448081
        min: 0.000143905053847
        var: 0.0024970441591
    oddtoevenharmonicenergyratio:
        dmean: 0.868392527103
        dmean2: 1.60230958462
        dvar: 8.11772537231
        dvar2: 23.0182189941
        max: 38.8754653931
        mean: 0.660880625248
        min: 0.000607279653195
        var: 4.92702436447
    pitch_after_max_to_before_max_energy_ratio: 0.541764736176
    pitch_centroid: 234.852844238
    pitch_max_to_total: 0.925925910473
    pitch_min_to_total: 0.798611104488
    tristimulus:
        dmean: [0.175326287746, 0.164703175426, 0.0840538293123]
        dmean2: [0.30784586072, 0.289245635271, 0.148305594921]
        dvar: [0.0253097005188, 0.0252236016095, 0.00534579250962]
        dvar2: [0.069903075695, 0.0701038986444, 0.0155395884067]
        max: [0.954922437668, 0.963657438755, 0.429657995701]
        mean: [0.494207620621, 0.386289149523, 0.108388252556]
        min: [0.0133079988882, 0, 0]
        var: [0.0421785451472, 0.0329283736646, 0.00658268667758]

tonal:
    chords_changes_rate: 0.0324074067175
    chords_number_rate: 0.0138888889924
    chords_strength:
        dmean: 0.00463359709829
        dmean2: 0.00453360006213
        dvar: 1.90778337128e-05
        dvar2: 1.66152258316e-05
        max: 0.688216388226
        mean: 0.561230003834
        min: 0.455383628607
        var: 0.00246915686876
    key_strength: 0.669873058796
    tuning_diatonic_strength: 0.591284394264
    tuning_equal_tempered_deviation: 0.0717334151268
    tuning_frequency: 439.491973877
    tuning_nontempered_energy_ratio: 0.676468372345
    hpcp:
        dmean: [0.131432726979, 0.109236165881, 0.0412535518408, 0.0258336663246, 0.0517885796726, 0.0826515108347, 0.0818336158991, 0.0672560855746, 0.0822964981198, 0.0753489807248, 0.0585002750158, 0.0515031516552, 0.0725128427148, 0.135983198881, 0.209592178464, 0.118492215872, 0.219565749168, 0.126844927669, 0.0425787456334, 0.0231948010623, 0.0335376560688, 0.0444747582078, 0.0670438557863, 0.0848596021533, 0.0713207274675, 0.0336539149284, 0.0338340960443, 0.0405515804887, 0.0400697812438, 0.068663418293, 0.0762069448829, 0.0450139530003, 0.0201597809792, 0.0183936823159, 0.0431936122477, 0.10209646821]
        dmean2: [0.223011896014, 0.182311862707, 0.0748261958361, 0.0466926246881, 0.087896309793, 0.128971517086, 0.132901027799, 0.10982067138, 0.13523812592, 0.127719417214, 0.0965610966086, 0.0880521684885, 0.127574399114, 0.235493093729, 0.349141806364, 0.191539049149, 0.363444745541, 0.217513293028, 0.0731213986874, 0.0369124412537, 0.0552573353052, 0.0746055021882, 0.120427407324, 0.160724624991, 0.132811158895, 0.0602295808494, 0.056494936347, 0.0698040500283, 0.0686204731464, 0.114628218114, 0.117906309664, 0.0703381672502, 0.0342662930489, 0.031507357955, 0.078901194036, 0.175414919853]
        dvar: [0.0210782587528, 0.0190697163343, 0.00454483181238, 0.00907381996512, 0.0120899155736, 0.0209375359118, 0.017521508038, 0.0151921138167, 0.0181670971215, 0.02314607054, 0.0167629104108, 0.0135511532426, 0.0186556465924, 0.0427711829543, 0.0368093922734, 0.0338971950114, 0.0368797667325, 0.0316989980638, 0.0101543366909, 0.00325798452832, 0.00322653958574, 0.00589035497978, 0.0283704493195, 0.0347799807787, 0.0315182581544, 0.00436108792201, 0.003093409352, 0.00676751462743, 0.00557846622542, 0.0114725790918, 0.0142865218222, 0.00468092411757, 0.000797274988145, 0.00127852126025, 0.0088327974081, 0.0193204879761]
        dvar2: [0.0526575148106, 0.0511055029929, 0.013045120053, 0.02625095658, 0.0329016111791, 0.0499917194247, 0.0401720367372, 0.0429408848286, 0.0502918623388, 0.05505759269, 0.0454226396978, 0.0332743041217, 0.0444057732821, 0.10254663974, 0.0940699279308, 0.0671053677797, 0.0928067266941, 0.0814117416739, 0.0248629711568, 0.00513793854043, 0.00825838092715, 0.0158073939383, 0.0819607153535, 0.102564007044, 0.0960724130273, 0.0132073918357, 0.00825314037502, 0.0192252863199, 0.0147510142997, 0.028393600136, 0.0308575890958, 0.00982616841793, 0.00221057608724, 0.00374756637029, 0.0274143926799, 0.0640576779842]
        max: [1, 1, 0.472685784101, 0.978174567223, 1, 1, 1, 1, 1, 1, 1, 0.915476679802, 1, 1, 1, 1, 1, 1, 0.707008838654, 0.701028823853, 0.416131049395, 0.58825981617, 1, 1, 1, 0.447212219238, 0.452483981848, 0.558235824108, 0.519767105579, 0.891567349434, 1, 0.64230710268, 0.19879090786, 0.26076605916, 0.537624001503, 0.886104285717]
        mean: [0.373086929321, 0.268942475319, 0.0535610839725, 0.0290325172246, 0.0829627886415, 0.179674088955, 0.177729740739, 0.111526615918, 0.129845067859, 0.129523649812, 0.0867198035121, 0.0842852443457, 0.0940047651529, 0.132721111178, 0.483314961195, 0.859229385853, 0.555066108704, 0.126155823469, 0.045593842864, 0.0326808765531, 0.0468308217824, 0.0703108683228, 0.0738134533167, 0.0750728696585, 0.066644705832, 0.0408435501158, 0.0494580976665, 0.0561671033502, 0.048821516335, 0.109126344323, 0.152526512742, 0.0881884172559, 0.032463606447, 0.0249621756375, 0.0414932332933, 0.175493985415]
        min: [0.0191504955292, 0.0156818516552, 0.00164028559811, 0.000899632868823, 0.00159036833793, 0.00260741729289, 0.00212463899516, 0.00358422100544, 0.00375965517014, 0.00380171323195, 0.00194560387172, 0.00202412810177, 0.00134082324803, 0.00111678021494, 0.0472446419299, 0.115881107748, 0.0692817941308, 0.00144131667912, 0.00132177770138, 0.000767911842559, 0.000741105352063, 0.0023604191374, 0.00310383783653, 0.00219027046114, 0.00280733522959, 0.00069125846494, 0.00375908333808, 0.00358301936649, 0.00175336957909, 0.00142032024451, 0.00382955907844, 0.0025840762537, 0.00211555301212, 0.00221369601786, 0.00111888872925, 0.00613722577691]
        var: [0.0824787244201, 0.0496174991131, 0.00499500893056, 0.0054177287966, 0.018527880311, 0.0773988589644, 0.0569765232503, 0.0198891125619, 0.0325499437749, 0.0482387132943, 0.0229901783168, 0.0164852403104, 0.0190924555063, 0.03991285339, 0.0556793771684, 0.0592656806111, 0.0559386573732, 0.032735735178, 0.00820288807154, 0.00356626906432, 0.00333305937238, 0.00637278798968, 0.018623303622, 0.0220667738467, 0.0197685696185, 0.00418664934114, 0.00329160853289, 0.00515290675685, 0.00618597539142, 0.0263015367091, 0.0476504862309, 0.0142791084945, 0.00111906148959, 0.00107568444218, 0.00576512236148, 0.025983069092]
    chords_histogram: [36.5740737915, 0, 24.5370368958, 0, 0, 0, 0, 0, 0, 0, 0, 0, 0, 0, 0, 0, 0, 0, 0, 38.8888893127, 0, 0, 0, 0]
    thpcp: [1, 0.64600455761, 0.146824374795, 0.0530636459589, 0.0380351021886, 0.0545032806695, 0.0818301513791, 0.0859065726399, 0.0873723253608, 0.0775633454323, 0.0475350953639, 0.0575609952211, 0.0653691589832, 0.0568201206625, 0.127004906535, 0.177515476942, 0.102636642754, 0.0377822332084, 0.0290518179536, 0.0482912175357, 0.204245790839, 0.434211105108, 0.313004285097, 0.0623361878097, 0.0337890163064, 0.0965548753738, 0.209110736847, 0.206847831607, 0.129798412323, 0.151118054986, 0.150743976235, 0.10092741996, 0.0980939939618, 0.109405897558, 0.154465287924, 0.562498152256]
    chords_key: "D"
    chords_scale: "minor"
    key_key: "G"
    key_scale: "major"
    chords_progression: ["G", "G", "G", "G", "G", "G", "G", "G", "G", "G", "G", "G", "G", "G", "G", "G", "G", "G", "G", "G", "G", "G", "G", "G", "G", "G", "G", "G", "G", "G", "G", "G", "G", "G", "G", "G", "G", "G", "G", "G", "G", "G", "G", "G", "G", "G", "G", "G", "G", "G", "G", "G", "G", "G", "G", "G", "G", "G", "G", "G", "G", "G", "G", "G", "G", "G", "G", "G", "G", "G", "G", "G", "G", "G", "G", "G", "G", "G", "G", "Dm", "Dm", "Dm", "Dm", "Dm", "Dm", "Dm", "Dm", "Dm", "D", "D", "D", "Dm", "Dm", "Dm", "Dm", "Dm", "Dm", "D", "D", "D", "D", "D", "D", "D", "D", "Dm", "Dm", "Dm", "Dm", "Dm", "Dm", "Dm", "Dm", "Dm", "Dm", "Dm", "Dm", "Dm", "Dm", "Dm", "Dm", "Dm", "Dm", "Dm", "Dm", "Dm", "Dm", "D", "D", "D", "D", "D", "D", "D", "D", "D", "D", "D", "D", "D", "D", "D", "D", "D", "D", "D", "D", "D", "D", "D", "D", "D", "D", "D", "D", "D", "D", "D", "D", "D", "D", "D", "D", "D", "D", "D", "D", "D", "D", "Dm", "Dm", "Dm", "Dm", "Dm", "Dm", "Dm", "Dm", "Dm", "Dm", "Dm", "Dm", "Dm", "Dm", "Dm", "Dm", "Dm", "Dm", "Dm", "Dm", "Dm", "Dm", "Dm", "Dm", "Dm", "Dm", "Dm", "Dm", "Dm", "Dm", "Dm", "Dm", "Dm", "Dm", "Dm", "Dm", "Dm", "Dm", "Dm", "Dm", "Dm", "Dm", "Dm", "Dm", "Dm", "Dm", "Dm"]
