
metadata:
    version:
        essentia: "1.2.2"
    audio_properties:
        analysis_sample_rate: 44100
        bitrate: 128
        channels: 2
        equal_loudness: 1
        length: 9.95265293121
        replay_gain: -12.4821376801
        downmix: "mix"
    tags:
        track: 19
        year: 0
        album: "Splitted by Mp3Splt v. 2.1"
        artist: "From 003.00 To 003.10"
        comment: "http://mp3splt.sf.net"
        genre: ""
        title: "09 Le Ballade de Saint Etienne"

highlevel:
    ballroom:
        all:
            ChaChaCha: 0.0530392415822
            Jive: 0.058596778661
            Quickstep: 0.0543706379831
            Rumba-American: 0.0118090752512
            Rumba-International: 0.409605115652
            Rumba-Misc: 0.14240899682
            Samba: 0.0808120071888
            Tango: 0.0219104029238
            VienneseWaltz: 0.0783389359713
            Waltz: 0.0891088023782
        probability: 0.409605115652
        value: "Rumba-International"
    culture:
        all:
            non_western: 0.925332784653
            western: 0.074667185545
        probability: 0.925332784653
        value: "non_western"
    gender:
        all:
            female: 0.737459540367
            male: 0.262540489435
        probability: 0.737459540367
        value: "female"
    genre_dortmund:
        all:
            alternative: 0.109516575933
            blues: 0.016843451187
            electronic: 0.164020463824
            folkcountry: 0.0431009791791
            funksoulrnb: 0.0457427576184
            jazz: 0.392778724432
            pop: 0.134634688497
            raphiphop: 0.00766362017021
            rock: 0.0856987461448
        probability: 0.392778724432
        value: "jazz"
    genre_electronica:
        all:
            ambient: 0.411982357502
            dnb: 0.160960406065
            house: 0.171252533793
            techno: 0.0352487824857
            trance: 0.220555916429
        probability: 0.411982357502
        value: "ambient"
    genre_rosamerica:
        all:
            cla: 0.0595077648759
            dan: 0.141734659672
            hip: 0.0374712869525
            jaz: 0.029499232769
            pop: 0.13107894361
            rhy: 0.233908653259
            roc: 0.355519533157
            spe: 0.0112799201161
        probability: 0.355519533157
        value: "roc"
    genre_tzanetakis:
        all:
            blu: 0.0271568056196
            cla: 0.0280885696411
            cou: 0.0863436087966
            dis: 0.0579987801611
            hip: 0.0207664966583
            jaz: 0.0344463214278
            met: 0.0325794331729
            pop: 0.230393633246
            reg: 0.0975414663553
            roc: 0.384684860706
        probability: 0.384684860706
        value: "roc"
    live_studio:
        all:
            live: 0.891290545464
            studio: 0.108709439635
        probability: 0.891290545464
        value: "live"
    mood:
        all:
            Cluster1: 0.113241411746
            Cluster2: 0.115051880479
            Cluster3: 0.668785750866
            Cluster4: 0.0537874139845
            Cluster5: 0.0491335131228
        probability: 0.668785750866
        value: "Cluster3"
    mood_acoustic:
        all:
            acoustic: 0.0857302770019
            not_acoustic: 0.91426974535
        probability: 0.91426974535
        value: "not_acoustic"
    mood_aggressive:
        all:
            aggressive: 0.00618894724175
            not_aggressive: 0.993811070919
        probability: 0.993811070919
        value: "not_aggressive"
    mood_electronic:
        all:
            electronic: 0.254302322865
            not_electronic: 0.745697677135
        probability: 0.745697677135
        value: "not_electronic"
    mood_happy:
        all:
            happy: 0.131635919213
            not_happy: 0.868364095688
        probability: 0.868364095688
        value: "not_happy"
    mood_party:
        all:
            not_party: 0.950492501259
            party: 0.0495075210929
        probability: 0.950492501259
        value: "not_party"
    mood_relaxed:
        all:
            not_relaxed: 0.13837569952
            relaxed: 0.86162430048
        probability: 0.86162430048
        value: "relaxed"
    mood_sad:
        all:
            not_sad: 0.181977987289
            sad: 0.818022012711
        probability: 0.818022012711
        value: "sad"
    rhythm:
        all:
            fast: 0.0534515380859
            medium: 0.100354745984
            slow: 0.846193730831
        probability: 0.846193730831
        value: "slow"
    speech_music:
        all:
            music: 0.999673128128
            speech: 0.000326845707605
        probability: 0.999673128128
        value: "music"
    timbre:
        all:
            bright: 0.0143952304497
            dark: 0.985604763031
        probability: 0.985604763031
        value: "dark"
    voice_instrumental:
        all:
            instrumental: 0.977238953114
            voice: 0.0227610245347
        probability: 0.977238953114
        value: "instrumental"

lowlevel:
    average_loudness: 0.928363621235
    barkbands_kurtosis:
        dmean: 1.82900726795
        dmean2: 2.92851543427
        dvar: 7.57114362717
        dvar2: 16.7047615051
        max: 39.7112464905
        mean: 2.64102482796
        min: -1.75780832767
        var: 26.6916866302
    barkbands_skewness:
        dmean: 0.440274119377
        dmean2: 0.695029556751
        dvar: 0.213009238243
        dvar2: 0.472456723452
        max: 5.77137613297
        mean: 1.46461379528
        min: -1.0055629015
        var: 1.12369143963
    barkbands_spread:
        dmean: 5.35962438583
        dmean2: 7.67978906631
        dvar: 29.7729701996
        dvar2: 51.1435699463
        max: 63.8425445557
        mean: 21.735332489
        min: 2.70874977112
        var: 123.963272095
    dissonance:
        dmean: 0.0181635189801
        dmean2: 0.0295509248972
        dvar: 0.000260251836153
        dvar2: 0.000600600615144
        max: 0.491266280413
        mean: 0.449011266232
        min: 0.335365235806
        var: 0.000634262803942
    hfc:
        dmean: 0.810772776604
        dmean2: 1.09551608562
        dvar: 1.53110718727
        dvar2: 2.5329272747
        max: 12.2873744965
        mean: 2.58459591866
        min: 0.046560280025
        var: 4.16581106186
    pitch:
        dmean: 317.112457275
        dmean2: 609.858703613
        dvar: 845099.6875
        dvar2: 1889929.125
        max: 4410
        mean: 574.08972168
        min: 74.3676223755
        var: 1071486.75
    pitch_instantaneous_confidence:
        dmean: 0.0787141397595
        dmean2: 0.116701744497
        dvar: 0.00457633845508
        dvar2: 0.00921464338899
        max: 0.830156683922
        mean: 0.467440247536
        min: 0.152342140675
        var: 0.0220311079174
    pitch_salience:
        dmean: 0.0652868077159
        dmean2: 0.106663614511
        dvar: 0.00394328357652
        dvar2: 0.00988123659045
        max: 0.831320762634
        mean: 0.542580783367
        min: 0.200157418847
        var: 0.0154930911958
    silence_rate_20dB:
        dmean: 0
        dmean2: 0
        dvar: 0
        dvar2: 0
        max: 1
        mean: 1
        min: 1
        var: 0
    silence_rate_30dB:
        dmean: 0
        dmean2: 0
        dvar: 0
        dvar2: 0
        max: 1
        mean: 1
        min: 1
        var: 0
    silence_rate_60dB:
        dmean: 0.0934579446912
        dmean2: 0.187353625894
        dvar: 0.0847237482667
        dvar2: 0.180355533957
        max: 1
        mean: 0.596736609936
        min: 0
        var: 0.240641489625
    spectral_centroid:
        dmean: 217.471221924
        dmean2: 328.211364746
        dvar: 90621.546875
        dvar2: 174701.1875
        max: 3256.89868164
        mean: 935.270996094
        min: 298.03527832
        var: 279246.375
    spectral_complexity:
        dmean: 1.72300469875
        dmean2: 2.74588227272
        dvar: 5.17679691315
        dvar2: 9.54013633728
        max: 24
        mean: 6.76346588135
        min: 0
        var: 13.1407766342
    spectral_crest:
        dmean: 2.30011963844
        dmean2: 3.65558052063
        dvar: 5.19223690033
        dvar2: 11.4372844696
        max: 24.4652519226
        mean: 10.740644455
        min: 3.07921504974
        var: 27.6719322205
    spectral_decrease:
        dmean: 2.55739485144e-10
        dmean2: 3.99757199565e-10
        dvar: 1.65495679515e-19
        dvar2: 4.10970728674e-19
        max: -2.32548581086e-11
        mean: -8.45056802312e-10
        min: -4.1447929533e-09
        var: 5.49375622742e-19
    spectral_energy:
        dmean: 0.00102315854747
        dmean2: 0.00157865823712
        dvar: 2.50502716881e-06
        dvar2: 6.19118054601e-06
        max: 0.016221197322
        mean: 0.00342386867851
        min: 9.1992529633e-05
        var: 8.47207684274e-06
    spectral_energyband_high:
        dmean: 7.41559197195e-05
        dmean2: 9.69180473476e-05
        dvar: 1.82980617325e-08
        dvar2: 2.75533533767e-08
        max: 0.00111431907862
        mean: 0.000114071008284
        min: 1.16027797503e-06
        var: 3.89662275779e-08
    spectral_energyband_low:
        dmean: 0.000226838848903
        dmean2: 0.000365204876289
        dvar: 8.08360255178e-07
        dvar2: 1.9442491066e-06
        max: 0.0096034258604
        mean: 0.000279151427094
        min: 9.01217731553e-08
        var: 6.16249678842e-07
    spectral_energyband_middle_high:
        dmean: 0.000144090270624
        dmean2: 0.000211553939153
        dvar: 4.50195862811e-08
        dvar2: 8.59465316694e-08
        max: 0.00195707473904
        mean: 0.000458018563222
        min: 8.40039683681e-06
        var: 1.06972976255e-07
    spectral_energyband_middle_low:
        dmean: 0.000760445895139
        dmean2: 0.00122606754303
        dvar: 1.34237484417e-06
        dvar2: 3.47116338162e-06
        max: 0.0120843229815
        mean: 0.00257258815691
        min: 5.42583293281e-05
        var: 6.3494439928e-06
    spectral_flatness_db:
        dmean: 0.0192692559212
        dmean2: 0.0289279799908
        dvar: 0.0002724439546
        dvar2: 0.000641723396257
        max: 0.329636275768
        mean: 0.186584532261
        min: 0.0950157865882
        var: 0.00116991635878
    spectral_flux:
        dmean: 0.00689070625231
        dmean2: 0.0109304413199
        dvar: 9.53473718255e-05
        dvar2: 0.000215838241274
        max: 0.103426530957
        mean: 0.0246937833726
        min: 0.00770686846226
        var: 0.000209400503081
    spectral_kurtosis:
        dmean: 1.8326485157
        dmean2: 2.76482415199
        dvar: 4.29380559921
        dvar2: 9.18869972229
        max: 19.2860832214
        mean: 4.40348005295
        min: -1.33165025711
        var: 9.87956142426
    spectral_rms:
        dmean: 0.000246465933742
        dmean2: 0.000367406115402
        dvar: 1.02282278647e-07
        dvar2: 2.34772969065e-07
        max: 0.00397813506424
        mean: 0.00167903013062
        min: 0.00029958106461
        var: 5.21220385963e-07
    spectral_rolloff:
        dmean: 560.216674805
        dmean2: 867.103515625
        dvar: 599926.6875
        dvar2: 1112191.375
        max: 8677.88085938
        mean: 1717.26037598
        min: 236.865234375
        var: 1861885.5
    spectral_skewness:
        dmean: 0.275938093662
        dmean2: 0.388236612082
        dvar: 0.0814955607057
        dvar2: 0.147554516792
        max: 3.46126294136
        mean: 1.55202805996
        min: 0.0736259445548
        var: 0.285365134478
    spectral_spread:
        dmean: 457891.21875
        dmean2: 610230.6875
        dvar: 313882542080
        dvar2: 478401101824
        max: 15460476
        mean: 4520941.5
        min: 2294571.25
        var: 3.57978393805e+12
    spectral_strongpeak:
        dmean: 0.133656725287
        dmean2: 0.205121561885
        dvar: 0.0207217205316
        dvar2: 0.0416769459844
        max: 1.32969844341
        mean: 0.413832426071
        min: 0.00317882117815
        var: 0.0659070461988
    zerocrossingrate:
        dmean: 0.010655076243
        dmean2: 0.0114292278886
        dvar: 0.000114648239105
        dvar2: 0.000130587533931
        max: 0.18408203125
        mean: 0.0593496151268
        min: 0.015625
        var: 0.000810312572867
    barkbands:
        dmean: [6.00105693138e-07, 4.97857581649e-05, 0.000198018038645, 9.82417550404e-05, 0.000624188804068, 0.000121122240671, 9.28808949539e-05, 5.55155711481e-05, 0.000108974221803, 2.59535190708e-05, 2.30925306823e-05, 5.06606784256e-06, 6.25043230684e-06, 9.85716815194e-06, 2.52760910371e-05, 2.34273720707e-05, 3.48710927938e-05, 3.27711459249e-05, 4.58601934952e-05, 4.58039648947e-05, 3.10280011036e-05, 1.68256410689e-05, 2.94692654279e-06, 1.7417626168e-06, 1.04106743493e-06, 2.00581293797e-08, 1.3377225716e-10]
        dmean2: [9.25159611143e-07, 8.18969638203e-05, 0.000323180051055, 0.000174258573679, 0.00100797775667, 0.000184677017387, 0.000138229137519, 7.62560812291e-05, 0.00012726028217, 3.86049614463e-05, 3.90400309698e-05, 8.43388352223e-06, 1.00909155663e-05, 1.62547185028e-05, 4.0572234866e-05, 3.80765995942e-05, 5.71466771362e-05, 5.08345692651e-05, 7.35667344998e-05, 6.58132121316e-05, 4.04776183132e-05, 2.40637946263e-05, 4.21385902882e-06, 2.61653963207e-06, 1.71232295543e-06, 3.25934088607e-08, 2.39952585579e-10]
        dvar: [1.50633357784e-12, 1.3499597884e-08, 6.72683313496e-07, 7.18559363122e-08, 1.11751012355e-06, 6.18965927401e-08, 2.39864768048e-08, 9.7717531844e-09, 1.73947949378e-08, 2.62506372195e-09, 6.74994338201e-10, 9.90371742948e-11, 7.34273614134e-11, 1.93657589964e-10, 8.80714667861e-10, 1.26565358194e-09, 2.67971778101e-09, 3.95802102204e-09, 4.65093163982e-09, 8.05029287676e-09, 2.77536771343e-09, 1.33296096383e-09, 2.7495155458e-11, 9.02940500147e-11, 4.66813011857e-11, 8.25512465867e-15, 4.45389584715e-20]
        dvar2: [4.54903649472e-12, 2.95183415489e-08, 1.68065673734e-06, 2.04463660225e-07, 2.89094941763e-06, 8.92914826522e-08, 5.80882222323e-08, 1.65720734913e-08, 2.16293170041e-08, 5.03736785618e-09, 1.91056415133e-09, 2.52894705177e-10, 1.58717303189e-10, 5.3783166809e-10, 2.46111930835e-09, 2.97919466874e-09, 6.32733376804e-09, 8.96112073434e-09, 9.33428445649e-09, 1.39781022312e-08, 4.26639612527e-09, 2.51496756754e-09, 5.01372970918e-11, 2.10566133974e-10, 1.11338376019e-10, 2.11051167591e-14, 1.31425906617e-19]
        max: [1.1987369362e-05, 0.00114940165076, 0.00845371745527, 0.0028703706339, 0.01008804515, 0.00574843166396, 0.00190197606571, 0.00129254139028, 0.00231893407181, 0.000677198870108, 0.000201511400519, 9.69102766248e-05, 0.000125612903503, 0.000153476197738, 0.000337686273269, 0.000399795739213, 0.000475192151498, 0.00115903292317, 0.000641188933514, 0.000783171271905, 0.00045702920761, 0.000404803955462, 9.15578566492e-05, 0.00019106840773, 0.000127349267132, 1.45117064676e-06, 1.50290069278e-09]
        mean: [1.09679160687e-06, 9.11351162358e-05, 0.000186961900908, 0.000135114474688, 0.00145402783528, 0.000346873071976, 0.000186404780834, 0.000118930387544, 0.000315483630402, 5.88500370213e-05, 3.24863249261e-05, 7.30344527256e-06, 1.21826069517e-05, 1.86197903531e-05, 4.41823103756e-05, 4.45686055173e-05, 6.23924279353e-05, 6.04606211709e-05, 9.75738585112e-05, 7.27189981262e-05, 4.53666289104e-05, 2.08287437999e-05, 4.9439331633e-06, 3.03600154439e-06, 2.29394481721e-06, 3.44884369952e-08, 1.2253686954e-10]
        min: [1.4471584521e-11, 3.736031573e-08, 5.19308898106e-08, 5.36853939082e-08, 7.1103963819e-06, 2.2088206606e-06, 1.6717131075e-06, 1.3733869082e-06, 7.37559275876e-06, 4.83003418594e-07, 2.39772845134e-07, 7.32429228378e-08, 2.57263792491e-07, 1.41328328596e-07, 1.28366389163e-06, 2.58742738879e-06, 4.11567356196e-07, 1.0893364788e-06, 7.65098207012e-07, 1.52726124725e-06, 5.45614398106e-07, 6.03643854902e-08, 2.5210251664e-08, 1.74169834111e-09, 1.39503530949e-09, 8.71431260485e-11, 7.55574259843e-14]
        var: [3.21705140825e-12, 1.7690441112e-08, 4.71848125017e-07, 6.74405242762e-08, 4.64432514491e-06, 5.21928427588e-07, 6.01320735427e-08, 3.34488419185e-08, 9.55240366807e-08, 8.44606873329e-09, 1.0023639696e-09, 1.02872640961e-10, 2.31305502529e-10, 4.22532009381e-10, 1.52083690086e-09, 2.07411754438e-09, 4.47446035778e-09, 1.13486393616e-08, 1.08042286229e-08, 1.4698382067e-08, 5.89637405568e-09, 1.9780008742e-09, 9.17808745671e-11, 2.42573655607e-10, 1.36519864857e-10, 2.0930988808e-14, 4.62480622511e-20]
    mfcc:
        mean: [-763.902893066, 135.139984131, -35.6946601868, 58.1985816956, -22.1647167206, -17.3076114655, -19.3814525604, -3.2032186985, 0.264818847179, 2.32021927834, -6.1903924942, -13.442199707, -6.00392723083]
        cov: [[2202.57592773, -891.936828613, 817.754455566, 116.126396179, 133.281936646, 180.395874023, 55.8407058716, -35.8334197998, -93.8798904419, -161.813613892, -57.7319908142, 56.810798645, -100.997398376], [-891.936828613, 1195.20251465, -277.068450928, 83.4669799805, 153.408798218, 39.6588554382, 122.515525818, 90.9441299438, 117.52142334, 177.814056396, 87.3770446777, 61.8272819519, 92.2153930664], [817.754455566, -277.068450928, 567.500488281, 46.8558921814, 195.356765747, 63.5332756042, 68.9630203247, 2.4805457592, -42.7963752747, -35.18516922, 9.95247364044, 54.4838905334, -25.4324626923], [116.126396179, 83.4669799805, 46.8558921814, 282.77166748, -19.7034244537, 121.029663086, 27.5495929718, 62.8924865723, 55.8301963806, 39.254901886, 53.7196044922, 46.7887306213, 20.0296077728], [133.281936646, 153.408798218, 195.356765747, -19.7034244537, 262.023132324, 17.6418514252, 84.1489868164, 5.53082752228, -15.1656637192, 21.2249088287, 20.7469367981, 38.8261680603, -0.230971455574], [180.395874023, 39.6588554382, 63.5332756042, 121.029663086, 17.6418514252, 172.675994873, 62.1082000732, 51.2109985352, 38.1023330688, 33.3795623779, 32.5386619568, 36.3638725281, 20.7230644226], [55.8407058716, 122.515525818, 68.9630203247, 27.5495929718, 84.1489868164, 62.1082000732, 124.947685242, 55.8912353516, 23.5018692017, 31.5592041016, 36.306312561, 37.6844711304, 7.42268514633], [-35.8334197998, 90.9441299438, 2.4805457592, 62.8924865723, 5.53082752228, 51.2109985352, 55.8912353516, 104.885810852, 62.5429611206, 47.2324829102, 32.3997383118, 13.3101396561, 14.3231134415], [-93.8798904419, 117.52142334, -42.7963752747, 55.8301963806, -15.1656637192, 38.1023330688, 23.5018692017, 62.5429611206, 102.65020752, 63.9972496033, 28.506855011, 11.8099155426, 25.3172779083], [-161.813613892, 177.814056396, -35.18516922, 39.254901886, 21.2249088287, 33.3795623779, 31.5592041016, 47.2324829102, 63.9972496033, 101.108573914, 55.4305076599, 19.5469322205, 25.5141849518], [-57.7319908142, 87.3770446777, 9.95247364044, 53.7196044922, 20.7469367981, 32.5386619568, 36.306312561, 32.3997383118, 28.506855011, 55.4305076599, 93.7980270386, 51.9652519226, 26.4462757111], [56.810798645, 61.8272819519, 54.4838905334, 46.7887306213, 38.8261680603, 36.3638725281, 37.6844711304, 13.3101396561, 11.8099155426, 19.5469322205, 51.9652519226, 89.4335327148, 38.314956665], [-100.997398376, 92.2153930664, -25.4324626923, 20.0296077728, -0.230971455574, 20.7230644226, 7.42268514633, 14.3231134415, 25.3172779083, 25.5141849518, 26.4462757111, 38.314956665, 73.883026123]]
        icov: [[0.0016587752616, 0.000615144672338, -0.0018401897978, -0.000147163766087, 0.000254626356764, -0.00136461947113, -0.000183585652849, 0.000574869511183, -0.000732342596166, 0.00106380158104, 0.000798427325208, -0.00100911583286, 0.0013178618392], [0.000615144672338, 0.00221907603554, 0.000934447394684, -0.000974198803306, -0.00181175617035, 0.000167688238434, -0.00136127520818, 0.000355997530278, -0.000225711730309, -0.00189882563427, 0.00133245799225, -0.000791535829194, -0.000661376281641], [-0.0018401897978, 0.000934447394684, 0.00628230441362, -0.000930335081648, -0.00402434682474, 0.00116034201346, -0.00034882070031, -0.00111442687921, 0.00127859576605, -0.00133434403688, -0.000107905594632, -0.000630096008535, -0.000965990009718], [-0.000147163766087, -0.000974198803306, -0.000930335081648, 0.00665146159008, 0.00141532102134, -0.0039579840377, 0.00293198600411, -0.00211896980181, -0.00136855966412, 0.00175156269688, -0.00246457196772, -0.00155997974798, 0.00167737330776], [0.000254626356764, -0.00181175617035, -0.00402434682474, 0.00141532102134, 0.00916090141982, 0.000331525021465, -0.00340517680161, 0.0016275952803, 0.00145632843487, -0.0014658884611, 0.000662382110022, -0.000796356063802, 0.000985687016509], [-0.00136461947113, 0.000167688238434, 0.00116034201346, -0.0039579840377, 0.000331525021465, 0.0119081307203, -0.00492673739791, -0.000400042015826, 0.000535178813152, -0.00317516969517, 0.00133639026899, 0.000473398249596, -0.00317954388447], [-0.000183585652849, -0.00136127520818, -0.00034882070031, 0.00293198600411, -0.00340517680161, -0.00492673739791, 0.0186213012785, -0.00868903100491, 0.000996524002403, 0.0020548934117, -0.00256870081648, -0.00398968998343, 0.0036554352846], [0.000574869511183, 0.000355997530278, -0.00111442687921, -0.00211896980181, 0.0016275952803, -0.000400042015826, -0.00868903100491, 0.0213789436966, -0.00935409031808, -0.000529471726622, -0.0015825976152, 0.00361438398249, -0.000541689980309], [-0.000732342596166, -0.000225711730309, 0.00127859576605, -0.00136855966412, 0.00145632843487, 0.000535178813152, 0.000996524002403, -0.00935409031808, 0.0236286260188, -0.012615933083, 0.00440426496789, -0.000867129885592, -0.0032073946204], [0.00106380158104, -0.00189882563427, -0.00133434403688, 0.00175156269688, -0.0014658884611, -0.00317516969517, 0.0020548934117, -0.000529471726622, -0.012615933083, 0.0293473228812, -0.0139276264235, 0.00488393381238, 0.000313321274007], [0.000798427325208, 0.00133245799225, -0.000107905594632, -0.00246457196772, 0.000662382110022, 0.00133639026899, -0.00256870081648, -0.0015825976152, 0.00440426496789, -0.0139276264235, 0.0258513148874, -0.0124732516706, 0.000767002406064], [-0.00100911583286, -0.000791535829194, -0.000630096008535, -0.00155997974798, -0.000796356063802, 0.000473398249596, -0.00398968998343, 0.00361438398249, -0.000867129885592, 0.00488393381238, -0.0124732516706, 0.0258529856801, -0.0109523916617], [0.0013178618392, -0.000661376281641, -0.000965990009718, 0.00167737330776, 0.000985687016509, -0.00317954388447, 0.0036554352846, -0.000541689980309, -0.0032073946204, 0.000313321274007, 0.000767002406064, -0.0109523916617, 0.0224034208804]]
    spectral_contrast:
        mean: [-4.03413160655e-08, -7.01741740272e-08, 2.39029276372e-07, -4.89435088014e-08, 2.70733522711e-07, 6.69016799293e-07, 2.96606390293e-06, -1.19858384551e-06, 2.03720151148e-06, 1.96946598408e-06, -2.19043590732e-06, 1.24457847051e-06]
        var: [0.000375930860173, 0.000740804709494, 0.000840266700834, 0.00202251877636, 0.00273491162807, 0.00479592150077, 0.0653476193547, 0.11676902324, 0.146506473422, 0.271433383226, 0.945161998272, 1.54883658886]

rhythm:
    beats_loudness:
        dmean: 0.00319137237966
        dmean2: 0.00533512840047
        dvar: 4.79687696497e-06
        dvar2: 1.52536567839e-05
        max: 0.012718536891
        mean: 0.00506353890523
        min: 0.00110502261668
        var: 1.12012385216e-05
    beats_loudness_bass:
        dmean: 0.124032579362
        dmean2: 0.183577314019
        dvar: 0.00848381221294
        dvar2: 0.0164016857743
        max: 0.479902565479
        mean: 0.135961964726
        min: 0.00138645630796
        var: 0.0153795937076
    bpm: 160.758377075
    bpm_confidence: 0
    first_peak_bpm: 161
    first_peak_spread: 0
    first_peak_weight: 0.555555582047
    onset_rate: 4.62188339233
    second_peak_bpm: 80
    second_peak_spread: 0
    second_peak_weight: 0.444444447756
    beats_position: [0.0904937684536, 0.837554991245, 1.58461630344, 2.33167767525, 3.07873892784, 3.82580041885, 4.57286167145, 5.31992292404, 6.07262516022, 6.44587659836, 6.81912755966, 7.19237947464, 7.56563043594, 7.93888187408, 8.31213283539, 8.68538379669, 9.05863571167, 9.43188762665, 9.80513858795]
    bpm_estimates: [161.032501221, 161.574523926, 161.738601685, 158.536575317, 160.819976807, 161.887191772, 161.275512695, 161.250823975, 158.709671021]
    bpm_intervals: [0.747061252594, 0.747061312199, 0.747061371803, 0.747061252594, 0.747061491013, 0.747061252594, 0.747061252594, 0.752702236176, 0.373251438141, 0.373250961304, 0.373251914978, 0.373250961304, 0.373251438141, 0.373250961304, 0.373250961304, 0.373251914978, 0.373251914978, 0.373250961304]
    onset_times: [0.0580498874187, 0.429569154978, 0.626938760281, 0.812698423862, 1.03328800201, 1.20743763447, 1.34675741196, 1.57895696163, 1.81115651131, 1.93886625767, 2.31038546562, 2.56580495834, 2.69351482391, 2.93732428551, 3.08825397491, 3.32045340538, 3.44816327095, 3.81968259811, 4.20281171799, 4.36535167694, 4.45823144913, 4.95746040344, 5.07356023788, 5.23609972, 5.31736946106, 5.64244890213, 5.74693870544, 5.80498886108, 5.9675283432, 6.08362817764, 6.35065746307, 6.46675729752, 6.81505680084, 7.20979595184, 7.44199562073, 7.56970500946, 7.81351470947, 7.94122457504, 8.31274414062, 8.56816291809, 8.6958732605, 8.93968296051, 9.0906124115, 9.31120204926, 9.45052146912, 9.82204055786]
    rubato_start: [6.44587659836]
    rubato_stop: [6.81912755966]
    perceptual_tempo: "unknown"

sfx:
    inharmonicity:
        dmean: 0.0385159142315
        dmean2: 0.0704460218549
        dvar: 0.00245589739643
        dvar2: 0.00694913091138
        max: 0.317180931568
        mean: 0.0352020077407
        min: 4.34129433415e-05
        var: 0.00235920143314
    oddtoevenharmonicenergyratio:
        dmean: 3.16951847076
        dmean2: 5.81035137177
        dvar: 42.9580955505
        dvar2: 122.088310242
        max: 51.7699241638
        mean: 2.31970405579
        min: 8.34034799482e-05
        var: 31.6114406586
    pitch_after_max_to_before_max_energy_ratio: 1.37574779987
    pitch_centroid: 229.076858521
    pitch_max_to_total: 0.341920375824
    pitch_min_to_total: 0.723653376102
    tristimulus:
        dmean: [0.223742395639, 0.232945516706, 0.0862285122275]
        dmean2: [0.404003143311, 0.41489136219, 0.149657860398]
        dvar: [0.0497216284275, 0.0491494908929, 0.0103314165026]
        dvar2: [0.139523297548, 0.134974047542, 0.028090827167]
        max: [0.97337949276, 0.959355771542, 0.755428791046]
        mean: [0.446993082762, 0.422593027353, 0.101243309677]
        min: [0.00407063774765, 0, 0]
        var: [0.0753919407725, 0.0712731704116, 0.0120470961556]

tonal:
    chords_changes_rate: 0.0232558138669
    chords_number_rate: 0.0232558138669
    chords_strength:
        dmean: 0.00644810684025
        dmean2: 0.00624368619174
        dvar: 3.70299712813e-05
        dvar2: 3.18126949423e-05
        max: 0.641391515732
        mean: 0.514113247395
        min: 0.367878586054
        var: 0.00755560630932
    key_strength: 0.632449865341
    tuning_diatonic_strength: 0.45585757494
    tuning_equal_tempered_deviation: 0.106419503689
    tuning_frequency: 438.477722168
    tuning_nontempered_energy_ratio: 0.702010631561
    hpcp:
        dmean: [0.0948187857866, 0.0884728208184, 0.047881770879, 0.0600188784301, 0.117524132133, 0.15865598619, 0.223407223821, 0.205843627453, 0.160518497229, 0.113901913166, 0.0810634121299, 0.0580250881612, 0.0448365621269, 0.0595310367644, 0.0809840559959, 0.111711256206, 0.108840607107, 0.0603520087898, 0.0303001627326, 0.0220446903259, 0.0723146647215, 0.149604603648, 0.129003658891, 0.0544722229242, 0.0330462381244, 0.0247849039733, 0.0538455955684, 0.0864015817642, 0.0648686885834, 0.0473801009357, 0.0608473010361, 0.0594225525856, 0.0384976789355, 0.0383849181235, 0.0440891347826, 0.0625379383564]
        dmean2: [0.147855341434, 0.139664411545, 0.0842717960477, 0.106371201575, 0.204069986939, 0.253136515617, 0.36015406251, 0.351595342159, 0.285638839006, 0.205897420645, 0.135358035564, 0.103571459651, 0.0794818177819, 0.108550019562, 0.139084741473, 0.186799049377, 0.183161169291, 0.102295905352, 0.0527408272028, 0.0347514227033, 0.114991240203, 0.228548839688, 0.198571205139, 0.091480486095, 0.0573105886579, 0.0398327410221, 0.0896961465478, 0.139215663075, 0.109243124723, 0.0780112072825, 0.0930643454194, 0.0927190184593, 0.0661901384592, 0.0645612776279, 0.071778178215, 0.100743614137]
        dvar: [0.025703119114, 0.0243026427925, 0.0103756152093, 0.0196806583554, 0.048582393676, 0.0331658497453, 0.0551107302308, 0.0415459498763, 0.0519523322582, 0.042622949928, 0.0258344691247, 0.0181932747364, 0.00628586299717, 0.0238714367151, 0.0219292491674, 0.0297398902476, 0.0254429560155, 0.00937331095338, 0.00284534599632, 0.00273838755675, 0.00759330764413, 0.0321536436677, 0.0201222933829, 0.0137915564701, 0.00797063484788, 0.00266748550348, 0.00663547916338, 0.0178825501353, 0.015581484884, 0.00420738989487, 0.0128026520833, 0.0109876319766, 0.00554643012583, 0.00662407791242, 0.0121127441525, 0.0127372238785]
        dvar2: [0.0467045977712, 0.0546937137842, 0.0302323289216, 0.055524263531, 0.126647427678, 0.0783431455493, 0.119247026742, 0.117975458503, 0.138366594911, 0.111787036061, 0.0646412372589, 0.0521278530359, 0.0168629381806, 0.0692713484168, 0.0644003450871, 0.0778940171003, 0.060154620558, 0.0235273409635, 0.00801037438214, 0.00444416096434, 0.0148867908865, 0.0659268498421, 0.0427718535066, 0.035406652838, 0.0216188244522, 0.0055701257661, 0.0173255000263, 0.0502408333123, 0.0458403117955, 0.0111012784764, 0.0239430498332, 0.0229099392891, 0.0157953612506, 0.0176185164601, 0.0242267753929, 0.0247610416263]
        max: [1, 1, 0.804637253284, 1, 1, 1, 1, 1, 1, 1, 1, 0.966138243675, 0.577634811401, 1, 1, 1, 1, 0.748906254768, 0.377511113882, 0.677676200867, 1, 1, 1, 1, 0.736411094666, 0.720626950264, 0.695653855801, 1, 0.868674278259, 0.469866752625, 1, 1, 0.600908279419, 0.704193234444, 1, 0.96589833498]
        mean: [0.157943442464, 0.129379525781, 0.0490515492857, 0.0566967055202, 0.110340595245, 0.286084979773, 0.471023529768, 0.335197389126, 0.168425917625, 0.161854699254, 0.0990234017372, 0.0477370023727, 0.043755877763, 0.0509305894375, 0.128691926599, 0.344753146172, 0.307879716158, 0.0865735784173, 0.0339897274971, 0.0261810887605, 0.169911012053, 0.467373162508, 0.357393234968, 0.0640525072813, 0.0366344712675, 0.033650342375, 0.0732792392373, 0.13317348063, 0.0949641093612, 0.0616752952337, 0.117894470692, 0.102543450892, 0.0489800572395, 0.0484414510429, 0.0507665090263, 0.0836503133178]
        min: [0.000678253709339, 0.000557947612833, 0.000495248590596, 0.000327730667777, 0.000473042891826, 0.00407660240307, 0.00607258593664, 0.00304623041302, 0.000232820544625, 0.000286531401798, 0.000434052897617, 0.000239346307353, 0.000299074512441, 0.000369316985598, 0.00097242416814, 0.00119381514378, 0.00104026787449, 0.00124818144832, 0.000792872451711, 0.000401228287956, 0.00300439121202, 0.00907724350691, 0.00174057204276, 0.00173095136415, 0.000108967004053, 7.33299966669e-05, 0.000493572501, 0.00108741689473, 0.00081714958651, 0.00175726274028, 0.000580153719056, 0.00137655134313, 0.00278138881549, 0.00241516460665, 0.00225235242397, 0.00076068053022]
        var: [0.0657249391079, 0.0458249785006, 0.0071239550598, 0.0140403956175, 0.0418925248086, 0.0683021321893, 0.12517490983, 0.072727330029, 0.0627537891269, 0.0868833959103, 0.040384337306, 0.0112178809941, 0.00498964684084, 0.0138037549332, 0.0240183100104, 0.150564029813, 0.125447317958, 0.013331268914, 0.00231188465841, 0.00297639123164, 0.0204064883292, 0.140029251575, 0.0875288695097, 0.0108845829964, 0.00842936616391, 0.00720146484673, 0.0099537614733, 0.0307147093117, 0.0168376527727, 0.00641128094867, 0.0384155847132, 0.0308569315821, 0.00513192592189, 0.00599107099697, 0.0120125394315, 0.0161111373454]
    chords_histogram: [41.3953475952, 0, 37.2093009949, 0, 0, 0, 0, 6.97674417496, 0, 0, 0, 0, 0, 0, 0, 0, 0, 0, 0, 0, 0, 0, 1.86046516895, 12.558139801]
    thpcp: [1, 0.711636185646, 0.357574313879, 0.343623369932, 0.210230261087, 0.101347386837, 0.0928953140974, 0.108127482235, 0.273217618465, 0.731923401356, 0.653639793396, 0.183798834682, 0.0721614211798, 0.0555833987892, 0.360727220774, 0.992250144482, 0.75875878334, 0.135985791683, 0.0777763053775, 0.071440897882, 0.155574470758, 0.282732129097, 0.201612234116, 0.130938887596, 0.250294238329, 0.217703461647, 0.103986434639, 0.102842956781, 0.10777913779, 0.177592635155, 0.335319638252, 0.274677425623, 0.104138217866, 0.120369158685, 0.23425707221, 0.607368767262]
    chords_key: "E"
    chords_scale: "minor"
    key_key: "E"
    key_scale: "minor"
    chords_progression: ["E", "E", "E", "E", "E", "E", "E", "E", "E", "E", "E", "E", "E", "E", "E", "Em", "Em", "Em", "Em", "Em", "Em", "Em", "Em", "Em", "Em", "Em", "Em", "Em", "Em", "Em", "Em", "Em", "Em", "Em", "Em", "Em", "Em", "Em", "Em", "Em", "Em", "Em", "Em", "Em", "Em", "Em", "Em", "Em", "Em", "Em", "Em", "Em", "Em", "Em", "Em", "Em", "Em", "Em", "Em", "Em", "Em", "Em", "Em", "Em", "Em", "Em", "Em", "Em", "Em", "Em", "Em", "Em", "Em", "Em", "Em", "Em", "Em", "Em", "Em", "Em", "Em", "Em", "Em", "Em", "Em", "Em", "Em", "Em", "Em", "C", "C", "C", "C", "C", "C", "C", "C", "C", "C", "C", "C", "C", "C", "C", "C", "C", "C", "C", "C", "C", "C", "C", "C", "C", "C", "C", "Am", "Am", "Am", "Am", "Em", "Em", "Em", "Em", "Em", "Em", "Em", "Em", "Em", "Em", "Em", "Em", "Em", "Em", "Em", "Bm", "Bm", "Bm", "Bm", "Bm", "Bm", "Bm", "Bm", "Bm", "Bm", "Bm", "Bm", "Bm", "Bm", "Bm", "Bm", "Bm", "Bm", "Bm", "Bm", "Bm", "Bm", "Bm", "Bm", "Bm", "Bm", "Bm", "Bm", "Bm", "Bm", "Bm", "Bm", "Bm", "Bm", "Bm", "Bm", "Bm", "Bm", "Bm", "Bm", "Bm", "Bm", "Bm", "Bm", "Bm", "Bm", "Bm", "Bm", "Bm", "Bm", "Bm", "Bm", "Bm", "Bm", "Bm", "Bm", "Bm", "Bm", "Bm", "Bm", "Bm", "Bm", "Bm", "Bm", "Bm", "Bm", "Bm", "Bm", "Bm", "Bm", "Bm", "Bm", "Bm", "Bm", "Bm", "Bm", "Bm", "Bm", "Bm", "Bm"]
