
metadata:
    version:
        essentia: "1.2.2"
    audio_properties:
        analysis_sample_rate: 44100
        bitrate: 128
        channels: 2
        equal_loudness: 1
        length: 10.0571432114
        replay_gain: -7.96241950989
        downmix: "mix"
    tags:
        track: 2
        year: 0
        album: "Splitted by Mp3Splt v. 2.1"
        artist: "From 000.10 To 000.20"
        comment: "http://mp3splt.sf.net"
        genre: ""
        title: "11 Don't Be Afraid to Sing.mp3"

highlevel:
    ballroom:
        all:
            ChaChaCha: 0.0220240391791
            Jive: 0.00926928780973
            Quickstep: 0.0127465873957
            Rumba-American: 0.0185737088323
            Rumba-International: 0.134157091379
            Rumba-Misc: 0.404564857483
            Samba: 0.0087651098147
            Tango: 0.0357515029609
            VienneseWaltz: 0.0754491686821
            Waltz: 0.27869862318
        probability: 0.404564857483
        value: "Rumba-Misc"
    culture:
        all:
            non_western: 0.38755184412
            western: 0.61244815588
        probability: 0.61244815588
        value: "western"
    gender:
        all:
            female: 0.824796378613
            male: 0.175203591585
        probability: 0.824796378613
        value: "female"
    genre_dortmund:
        all:
            alternative: 0.169078484178
            blues: 0.00390797108412
            electronic: 0.0243825707585
            folkcountry: 0.248203098774
            funksoulrnb: 0.0183126758784
            jazz: 0.389953017235
            pop: 0.0767960101366
            raphiphop: 0.00175826589111
            rock: 0.067607909441
        probability: 0.389953017235
        value: "jazz"
    genre_electronica:
        all:
            ambient: 0.909474372864
            dnb: 0.00181215221528
            house: 0.0758991762996
            techno: 0.00648342771456
            trance: 0.00633088173345
        probability: 0.909474372864
        value: "ambient"
    genre_rosamerica:
        all:
            cla: 0.142193958163
            dan: 0.031824991107
            hip: 0.0163538586348
            jaz: 0.388056725264
            pop: 0.0764919668436
            rhy: 0.0935070440173
            roc: 0.235327020288
            spe: 0.0162444375455
        probability: 0.388056725264
        value: "jaz"
    genre_tzanetakis:
        all:
            blu: 0.0606936812401
            cla: 0.125127449632
            cou: 0.251381576061
            dis: 0.0507970377803
            hip: 0.0153320524842
            jaz: 0.276132464409
            met: 0.0142638431862
            pop: 0.0523559302092
            reg: 0.054874856025
            roc: 0.0990411192179
        probability: 0.276132464409
        value: "jaz"
    live_studio:
        all:
            live: 0.0693019554019
            studio: 0.930698037148
        probability: 0.930698037148
        value: "studio"
    mood:
        all:
            Cluster1: 0.0299878958613
            Cluster2: 0.0231519192457
            Cluster3: 0.901063323021
            Cluster4: 0.0414749644697
            Cluster5: 0.00432192441076
        probability: 0.901063323021
        value: "Cluster3"
    mood_acoustic:
        all:
            acoustic: 0.723429262638
            not_acoustic: 0.276570737362
        probability: 0.723429262638
        value: "acoustic"
    mood_aggressive:
        all:
            aggressive: 9.07087269297e-07
            not_aggressive: 0.99999910593
        probability: 0.99999910593
        value: "not_aggressive"
    mood_electronic:
        all:
            electronic: 0.563432753086
            not_electronic: 0.436567246914
        probability: 0.563432753086
        value: "electronic"
    mood_happy:
        all:
            happy: 0.0375147759914
            not_happy: 0.962485194206
        probability: 0.962485194206
        value: "not_happy"
    mood_party:
        all:
            not_party: 0.977567911148
            party: 0.0224320758134
        probability: 0.977567911148
        value: "not_party"
    mood_relaxed:
        all:
            not_relaxed: 0.0218162033707
            relaxed: 0.978183805943
        probability: 0.978183805943
        value: "relaxed"
    mood_sad:
        all:
            not_sad: 0.0466197319329
            sad: 0.953380286694
        probability: 0.953380286694
        value: "sad"
    rhythm:
        all:
            fast: 0.0516712255776
            medium: 0.351276755333
            slow: 0.597051978111
        probability: 0.597051978111
        value: "slow"
    speech_music:
        all:
            music: 0.999999582767
            speech: 4.12993159671e-07
        probability: 0.999999582767
        value: "music"
    timbre:
        all:
            bright: 0.288232117891
            dark: 0.711767911911
        probability: 0.711767911911
        value: "dark"
    voice_instrumental:
        all:
            instrumental: 0.999984502792
            voice: 1.54717508849e-05
        probability: 0.999984502792
        value: "instrumental"

lowlevel:
    average_loudness: 0.944459140301
    barkbands_kurtosis:
        dmean: 1.45614159107
        dmean2: 2.29965519905
        dvar: 14.7999305725
        dvar2: 35.3415298462
        max: 57.2462768555
        mean: 2.39552354813
        min: -1.59128451347
        var: 43.5546531677
    barkbands_skewness:
        dmean: 0.258019268513
        dmean2: 0.391101628542
        dvar: 0.240353554487
        dvar2: 0.556043624878
        max: 5.81865644455
        mean: 0.600186645985
        min: -1.09456586838
        var: 0.921600759029
    barkbands_spread:
        dmean: 0.604862689972
        dmean2: 0.923224151134
        dvar: 1.54691946507
        dvar2: 3.88423132896
        max: 16.5696659088
        mean: 3.63787508011
        min: 0.704723536968
        var: 6.93023872375
    dissonance:
        dmean: 0.0570880770683
        dmean2: 0.0911863744259
        dvar: 0.0025603978429
        dvar2: 0.0068454076536
        max: 0.480989724398
        mean: 0.236561968923
        min: 0.0363619178534
        var: 0.0077155418694
    hfc:
        dmean: 0.339557826519
        dmean2: 0.448927104473
        dvar: 0.583172261715
        dvar2: 1.12926590443
        max: 14.8282489777
        mean: 1.67177677155
        min: 8.01006681286e-05
        var: 2.99617791176
    pitch:
        dmean: 20.8381576538
        dmean2: 39.9261474609
        dvar: 7229.12304688
        dvar2: 19619.3789062
        max: 1075.60974121
        mean: 175.625274658
        min: 77.232925415
        var: 8398.51953125
    pitch_instantaneous_confidence:
        dmean: 0.0490230210125
        dmean2: 0.0725978240371
        dvar: 0.00585625227541
        dvar2: 0.0139220766723
        max: 0.900231122971
        mean: 0.636388659477
        min: 0.189196765423
        var: 0.0221333224326
    pitch_salience:
        dmean: 0.0358761362731
        dmean2: 0.053442388773
        dvar: 0.00199817609973
        dvar2: 0.00423289928585
        max: 0.875382840633
        mean: 0.521368980408
        min: 0.320050865412
        var: 0.00981199834496
    silence_rate_20dB:
        dmean: 0
        dmean2: 0
        dvar: 0
        dvar2: 0
        max: 1
        mean: 1
        min: 1
        var: 0
    silence_rate_30dB:
        dmean: 0
        dmean2: 0
        dvar: 0
        dvar2: 0
        max: 1
        mean: 1
        min: 1
        var: 0
    silence_rate_60dB:
        dmean: 0.0831408798695
        dmean2: 0.166666671634
        dvar: 0.0762283653021
        dvar2: 0.171296715736
        max: 1
        mean: 0.306451618671
        min: 0
        var: 0.212538525462
    spectral_centroid:
        dmean: 23.2726917267
        dmean2: 31.047504425
        dvar: 2153.22802734
        dvar2: 3296.53686523
        max: 1122.9432373
        mean: 321.401092529
        min: 189.164916992
        var: 14994.8935547
    spectral_complexity:
        dmean: 0.668213486671
        dmean2: 1.06279075146
        dvar: 0.954880177975
        dvar2: 1.82164013386
        max: 15
        mean: 5.45138883591
        min: 0
        var: 3.9976375103
    spectral_crest:
        dmean: 1.04628574848
        dmean2: 1.58560919762
        dvar: 2.31448984146
        dvar2: 6.07954120636
        max: 22.4231815338
        mean: 10.8043680191
        min: 4.55184078217
        var: 7.99861335754
    spectral_decrease:
        dmean: 1.92963395262e-10
        dmean2: 2.76826450651e-10
        dvar: 1.17598522853e-19
        dvar2: 2.25650218214e-19
        max: -6.7298068702e-14
        mean: -1.23589083412e-09
        min: -6.057255586e-09
        var: 5.05008911709e-19
    spectral_energy:
        dmean: 0.000756663328502
        dmean2: 0.00108323874883
        dvar: 1.82742405741e-06
        dvar2: 3.49603874383e-06
        max: 0.0242064259946
        mean: 0.00481617124751
        min: 2.61263778611e-07
        var: 7.96989297669e-06
    spectral_energyband_high:
        dmean: 4.00881208407e-06
        dmean2: 6.61761305309e-06
        dvar: 7.12020720162e-10
        dvar2: 1.86864168583e-09
        max: 0.000469804683235
        mean: 4.70066515845e-06
        min: 1.8953874581e-10
        var: 6.86523227156e-10
    spectral_energyband_low:
        dmean: 0.000151336571435
        dmean2: 0.000236654756009
        dvar: 1.20455567298e-07
        dvar2: 2.752211401e-07
        max: 0.00332764349878
        mean: 0.00087771890685
        min: 7.08196026267e-08
        var: 4.3303296593e-07
    spectral_energyband_middle_high:
        dmean: 0.000103001199022
        dmean2: 0.000142093907925
        dvar: 1.89976987031e-07
        dvar2: 3.94921443103e-07
        max: 0.0065409000963
        mean: 0.000233450351516
        min: 1.81746151462e-09
        var: 8.31996032957e-07
    spectral_energyband_middle_low:
        dmean: 0.000627900008112
        dmean2: 0.000859439256601
        dvar: 1.32890920668e-06
        dvar2: 2.45453361458e-06
        max: 0.016666540876
        mean: 0.00370030314662
        min: 1.74752898374e-07
        var: 5.7317847677e-06
    spectral_flatness_db:
        dmean: 0.0248698294163
        dmean2: 0.0377558320761
        dvar: 0.000632370181847
        dvar2: 0.0013075331226
        max: 0.583060920238
        mean: 0.450023263693
        min: 0.176915064454
        var: 0.00790323037654
    spectral_flux:
        dmean: 0.00765622779727
        dmean2: 0.0113201970235
        dvar: 0.000103233272966
        dvar2: 0.000221626454731
        max: 0.080442994833
        mean: 0.0155026419088
        min: 0.00202517863363
        var: 0.000253360456554
    spectral_kurtosis:
        dmean: 47.5280380249
        dmean2: 80.5047302246
        dvar: 1772.94421387
        dvar2: 5182.90673828
        max: 382.527069092
        mean: 192.510543823
        min: 3.27550649643
        var: 9717.43652344
    spectral_rms:
        dmean: 0.000159280811204
        dmean2: 0.00022807874484
        dvar: 6.63462955686e-08
        dvar2: 1.29590958409e-07
        max: 0.00485963234678
        mean: 0.00209498615004
        min: 1.59653209266e-05
        var: 3.09734133452e-07
    spectral_rolloff:
        dmean: 30.4262657166
        dmean2: 51.9801521301
        dvar: 4551.24755859
        dvar2: 9077.68359375
        max: 1184.32617188
        mean: 480.010223389
        min: 215.33203125
        var: 24696.5332031
    spectral_skewness:
        dmean: 1.5591160059
        dmean2: 2.60286712646
        dvar: 2.17366337776
        dvar2: 5.9197769165
        max: 16.3320808411
        mean: 10.8566360474
        min: 1.72190773487
        var: 14.6723060608
    spectral_spread:
        dmean: 407272.15625
        dmean2: 655138.375
        dvar: 341862776832
        dvar2: 470632005632
        max: 12496842
        mean: 1179623
        min: 231831.03125
        var: 1.74351843328e+12
    spectral_strongpeak:
        dmean: 0.111612066627
        dmean2: 0.1869250983
        dvar: 0.0558173544705
        dvar2: 0.137985542417
        max: 2.41029787064
        mean: 0.496267318726
        min: 0
        var: 0.152979671955
    zerocrossingrate:
        dmean: 0.00162345019635
        dmean2: 0.00189748359844
        dvar: 4.97666815136e-06
        dvar2: 4.57619944427e-06
        max: 0.06298828125
        mean: 0.0169203020632
        min: 0.0009765625
        var: 5.59532272746e-05
    barkbands:
        dmean: [6.26989375974e-08, 3.22779087583e-05, 0.000132879809826, 0.000162267300766, 0.000181506664376, 0.000232120146393, 0.000129130392452, 0.000116483999591, 9.8251264717e-05, 6.87411302351e-05, 2.25863877859e-05, 2.98038885376e-05, 7.05078673491e-06, 2.17696242544e-06, 1.64495781974e-06, 8.16829526684e-07, 3.41503891832e-06, 4.59334842162e-06, 2.37535277847e-06, 3.94276730731e-06, 5.76426145926e-07, 2.64325706212e-07, 6.97708770758e-08, 5.0863995682e-08, 6.82698200194e-08, 2.04592387476e-09, 2.26713745e-10]
        dmean2: [9.47817255792e-08, 5.39777829545e-05, 0.000205462696613, 0.000255185412243, 0.000247001065873, 0.000332149968017, 0.000182046089321, 0.000153116037836, 0.000125376769574, 8.66727568791e-05, 3.62112950825e-05, 4.82461400679e-05, 8.98425514606e-06, 3.24369739246e-06, 2.57052693087e-06, 1.30490707306e-06, 5.52093933948e-06, 7.0177602538e-06, 3.82262578569e-06, 6.63835317027e-06, 8.62335753027e-07, 3.74226175381e-07, 1.11041352113e-07, 6.7021069583e-08, 1.11371711853e-07, 3.37601657741e-09, 4.06719879997e-10]
        dvar: [2.34711321966e-14, 9.00381635915e-09, 9.453774652e-08, 1.10832090172e-07, 1.49034676156e-07, 2.34816255329e-07, 1.46672775259e-07, 5.56397239393e-08, 1.2839869612e-07, 1.00703488215e-07, 2.35378205815e-08, 5.40705471508e-08, 2.9635216503e-09, 9.55967319194e-11, 5.479681639e-11, 6.76371458841e-12, 1.73852113261e-10, 3.27133403699e-10, 1.33743766062e-10, 6.23867346672e-10, 1.19315972033e-11, 3.89520143571e-12, 1.24633227458e-13, 4.49254349e-14, 1.66066054137e-13, 2.76186633276e-16, 3.92370383529e-19]
        dvar2: [5.35352300414e-14, 2.21734222094e-08, 2.15742801402e-07, 2.29714402167e-07, 2.64114333959e-07, 5.94501727846e-07, 2.63210495177e-07, 9.3173149196e-08, 2.43387233922e-07, 1.62073575893e-07, 4.02360988971e-08, 1.55192452667e-07, 6.07700334498e-09, 2.02380862069e-10, 1.41465950065e-10, 1.80518829052e-11, 4.85174900255e-10, 7.87309772932e-10, 4.06620903615e-10, 1.6379029244e-09, 2.95184120203e-11, 9.33224764826e-12, 3.36739615142e-13, 7.13577078828e-14, 4.73821286026e-13, 5.12977393599e-16, 1.00834485063e-18]
        max: [1.17861839044e-06, 0.000920116784982, 0.00287174014375, 0.00503421900794, 0.00627250038087, 0.00588476052508, 0.00631886161864, 0.00264585064724, 0.00740089453757, 0.0049631590955, 0.00285565503873, 0.00373939936981, 0.00119292992167, 0.00012981260079, 0.000103388556454, 3.37690653396e-05, 0.00019684578001, 0.000333263713401, 0.000175260283868, 0.000446471240139, 4.98688532389e-05, 3.65889209206e-05, 4.92612934977e-06, 3.68620771951e-06, 6.37755647404e-06, 3.01165698602e-07, 8.79751649308e-09]
        mean: [7.15721242273e-08, 0.000141582509968, 0.00073606823571, 0.000647230714094, 0.000910912232939, 0.00102289684583, 0.000421465258114, 0.00045022458653, 0.000233441896853, 0.000148313789396, 2.98415543512e-05, 3.33750249411e-05, 9.30818441702e-06, 3.57647809324e-06, 2.14336228055e-06, 1.03641082205e-06, 5.24312872585e-06, 1.01087343864e-05, 3.46348701896e-06, 4.4272114792e-06, 7.20837761037e-07, 4.02173640168e-07, 1.07919149173e-07, 9.03109551587e-08, 1.21313888712e-07, 2.74395439703e-09, 1.75261138935e-10]
        min: [2.17176762685e-11, 3.3371495789e-08, 2.01464196437e-08, 6.6666125953e-09, 3.04553751107e-08, 3.5602678139e-08, 4.41023360054e-08, 3.36216423591e-08, 1.45971945642e-08, 4.9159593063e-10, 4.91657381474e-10, 2.19036427884e-10, 3.75983355561e-10, 1.20162685358e-10, 6.86039766662e-11, 9.72393554566e-11, 8.70671174047e-11, 8.12597072963e-11, 3.49212117556e-11, 2.42525357436e-11, 2.56006708887e-11, 3.64969408861e-11, 2.511353972e-11, 2.45690464501e-11, 2.23951048678e-11, 2.63623346243e-12, 3.14542836222e-12]
        var: [3.17071164517e-14, 2.71206168634e-08, 3.7111070128e-07, 5.83463304338e-07, 8.17606633063e-07, 1.0661858596e-06, 3.61192945775e-07, 2.55918166658e-07, 4.09781677035e-07, 4.24785753239e-07, 4.43822223417e-08, 6.58576340129e-08, 4.90720220014e-09, 2.75233696945e-10, 7.72601843613e-11, 1.09675202947e-11, 3.87920223721e-10, 1.5733886416e-09, 2.58891075244e-10, 6.23523399579e-10, 1.38498700356e-11, 5.06381568621e-12, 1.84160778532e-13, 1.21585128575e-13, 2.28325469425e-13, 3.87823378733e-16, 2.18205541002e-19]
    mfcc:
        mean: [-981.935241699, 288.57321167, 31.2054595947, 49.1218528748, -29.656375885, -34.3302154541, -11.6166648865, -7.36100244522, -3.17497062683, -3.49695372581, -1.85193264484, -5.06516838074, -6.84668397903]
        cov: [[8445.19238281, -3453.56445312, -1923.07800293, -754.475463867, 139.678024292, -267.073547363, 265.983398438, 192.329223633, -78.8722686768, -230.786361694, -72.3693313599, -235.223571777, -27.3166599274], [-3453.56445312, 2479.91772461, 640.632446289, 237.690093994, 31.1522846222, 186.913864136, -91.2537994385, 0.0169323701411, 198.783843994, 239.122192383, 156.452362061, 160.233901978, 83.6928024292], [-1923.07800293, 640.632446289, 979.928466797, 311.559753418, -27.4652729034, 139.103851318, 47.1833610535, 69.7945327759, 84.1556625366, 37.9783363342, 29.3657054901, 133.446334839, 19.6121940613], [-754.475463867, 237.690093994, 311.559753418, 401.222076416, 129.641372681, 66.2191009521, 3.0791118145, -7.42692661285, 17.9871044159, 31.2848186493, 0.518427848816, 44.5597076416, 24.1933021545], [139.678024292, 31.1522846222, -27.4652729034, 129.641372681, 295.057128906, 58.5329399109, 16.9694652557, 21.3369159698, 47.0329284668, 39.9832839966, 24.8929653168, 18.3277282715, 20.0554943085], [-267.073547363, 186.913864136, 139.103851318, 66.2191009521, 58.5329399109, 134.716278076, 47.6759414673, 14.0986452103, 15.7665309906, 3.47958230972, 16.418390274, 48.8227920532, 31.2771987915], [265.983398438, -91.2537994385, 47.1833610535, 3.0791118145, 16.9694652557, 47.6759414673, 158.599700928, 56.8754615784, -20.7378616333, -22.7705421448, 26.2481594086, 59.3293838501, 32.2159423828], [192.329223633, 0.0169323701411, 69.7945327759, -7.42692661285, 21.3369159698, 14.0986452103, 56.8754615784, 179.143936157, 150.873260498, 42.4664039612, 62.9336242676, 72.597038269, 20.5250778198], [-78.8722686768, 198.783843994, 84.1556625366, 17.9871044159, 47.0329284668, 15.7665309906, -20.7378616333, 150.873260498, 255.839248657, 123.685958862, 57.3640441895, 62.3317184448, 20.7363967896], [-230.786361694, 239.122192383, 37.9783363342, 31.2848186493, 39.9832839966, 3.47958230972, -22.7705421448, 42.4664039612, 123.685958862, 143.253173828, 60.0412902832, 19.1449623108, 12.1278104782], [-72.3693313599, 156.452362061, 29.3657054901, 0.518427848816, 24.8929653168, 16.418390274, 26.2481594086, 62.9336242676, 57.3640441895, 60.0412902832, 113.970214844, 53.6746864319, 11.9731855392], [-235.223571777, 160.233901978, 133.446334839, 44.5597076416, 18.3277282715, 48.8227920532, 59.3293838501, 72.597038269, 62.3317184448, 19.1449623108, 53.6746864319, 156.2993927, 64.3975372314], [-27.3166599274, 83.6928024292, 19.6121940613, 24.1933021545, 20.0554943085, 31.2771987915, 32.2159423828, 20.5250778198, 20.7363967896, 12.1278104782, 11.9731855392, 64.3975372314, 106.762413025]]
        icov: [[0.000647312204819, 0.000669024710078, 0.000819622189738, 0.000253486039583, -0.000226164091146, -0.000179220340215, -0.00089161057258, -0.000256102066487, -0.000662466685753, 0.000335650052875, -0.000362787628546, 0.000549618445802, -0.00035386372474], [0.000669024710078, 0.00141715619247, 0.000502412847709, 0.000289624527795, -6.72872629366e-05, -0.000912302057259, -0.00031919736648, 0.00048591021914, -0.0009172752616, -0.000362273305655, -0.00111642084084, 0.000290351308649, -0.000645482272375], [0.000819622189738, 0.000502412847709, 0.00316613749601, -0.00127300166059, 0.00089704542188, -0.00151080533396, -0.00132871058304, -0.00121133110952, -0.000798106077127, 0.000412358553149, 0.000268969830358, -0.000295787642244, 0.000687058491167], [0.000253486039583, 0.000289624527795, -0.00127300166059, 0.00462330551818, -0.00234219594859, 0.000150996900629, 0.000225479030632, 0.000172660817043, 0.000667350017466, -0.000908946385607, 0.000727985519916, -0.000218823173782, -0.000657516648062], [-0.000226164091146, -6.72872629366e-05, 0.00089704542188, -0.00234219594859, 0.00529970927164, -0.00237527606077, -6.88794580128e-06, 0.000276426639175, -0.000754854350816, -0.000606618472375, -0.000619337661192, 0.000121962482808, 0.000221510781557], [-0.000179220340215, -0.000912302057259, -0.00151080533396, 0.000150996900629, -0.00237527606077, 0.0126362023875, -0.0038883050438, 0.00332413986325, -0.00259947939776, 0.00305644073524, -0.000703213212546, -0.000362817692803, -0.00135343335569], [-0.00089161057258, -0.00031919736648, -0.00132871058304, 0.000225479030632, -6.88794580128e-06, -0.0038883050438, 0.0141718583182, -0.00856315717101, 0.0092561589554, -0.00370758306235, 0.00126595399342, -0.00352934305556, -0.000664422346745], [-0.000256102066487, 0.00048591021914, -0.00121133110952, 0.000172660817043, 0.000276426639175, 0.00332413986325, -0.00856315717101, 0.0253930408508, -0.0187667068094, 0.00992230884731, -0.00877310615033, -0.000261896726443, 7.31016334612e-05], [-0.000662466685753, -0.0009172752616, -0.000798106077127, 0.000667350017466, -0.000754854350816, -0.00259947939776, 0.0092561589554, -0.0187667068094, 0.0230936352164, -0.0149260312319, 0.00779449101537, -0.00391590455547, 0.000961076468229], [0.000335650052875, -0.000362273305655, 0.000412358553149, -0.000908946385607, -0.000606618472375, 0.00305644073524, -0.00370758306235, 0.00992230884731, -0.0149260312319, 0.0214168336242, -0.00989250838757, 0.0042805490084, -0.00207649171352], [-0.000362787628546, -0.00111642084084, 0.000268969830358, 0.000727985519916, -0.000619337661192, -0.000703213212546, 0.00126595399342, -0.00877310615033, 0.00779449101537, -0.00989250838757, 0.0182927958667, -0.00536140333861, 0.00298721389845], [0.000549618445802, 0.000290351308649, -0.000295787642244, -0.000218823173782, 0.000121962482808, -0.000362817692803, -0.00352934305556, -0.000261896726443, -0.00391590455547, 0.0042805490084, -0.00536140333861, 0.0143977683038, -0.00659326277673], [-0.00035386372474, -0.000645482272375, 0.000687058491167, -0.000657516648062, 0.000221510781557, -0.00135343335569, -0.000664422346745, 7.31016334612e-05, 0.000961076468229, -0.00207649171352, 0.00298721389845, -0.00659326277673, 0.0140373352915]]
    spectral_contrast:
        mean: [-2.3913432301e-07, 4.35841712942e-07, -4.36755783539e-07, 3.08009077798e-07, -1.78882928026e-07, -3.90465615396e-08, 3.99599457523e-06, -3.09737197313e-06, -2.10292637348e-06, 7.24361996163e-07, -1.23734832869e-06, -7.30046531316e-06]
        var: [0.00033097396954, 0.000563073437661, 0.00178614107426, 0.00270652188919, 0.00464572571218, 0.00547931017354, 0.0623501762748, 0.124585695565, 0.197355389595, 0.510871529579, 1.00485813618, 4.06538534164]

rhythm:
    beats_loudness:
        dmean: 0.00199921731837
        dmean2: 0.00339901912957
        dvar: 2.18921536543e-06
        dvar2: 7.35732919566e-06
        max: 0.00834756344557
        mean: 0.00445466861129
        min: 0.000918730802368
        var: 2.77918206848e-06
    beats_loudness_bass:
        dmean: 0.25804579258
        dmean2: 0.478582382202
        dvar: 0.0292602665722
        dvar2: 0.0845206901431
        max: 0.714139163494
        mean: 0.299140125513
        min: 0.0187514889985
        var: 0.0365257970989
    bpm: 155.013931274
    bpm_confidence: 0
    first_peak_bpm: 134
    first_peak_spread: 0
    first_peak_weight: 0.521739125252
    onset_rate: 3.67897725105
    second_peak_bpm: 155
    second_peak_spread: 0
    second_peak_weight: 0.434782594442
    beats_position: [0.352999776602, 0.800223350525, 1.24744689465, 1.69467043877, 2.1418941021, 2.58911776543, 3.03634142876, 3.48356509209, 3.930788517, 4.37801218033, 4.82523584366, 5.27245950699, 5.71968317032, 6.01396226883, 6.40103578568, 6.78810930252, 7.17518281937, 7.56225585938, 7.94932889938, 8.33640193939, 8.72347545624, 9.11054801941, 9.49762153625, 9.8846950531]
    bpm_estimates: [156.174789429, 154.642288208, 154.224731445]
    bpm_intervals: [0.447223573923, 0.447223544121, 0.447223544121, 0.44722366333, 0.44722366333, 0.44722366333, 0.44722366333, 0.447223424911, 0.44722366333, 0.44722366333, 0.44722366333, 0.44722366333, 0.294279098511, 0.387073516846, 0.387073516846, 0.387073516846, 0.387073040009, 0.387073040009, 0.387073040009, 0.387073516846, 0.387072563171, 0.387073516846, 0.387073516846]
    onset_times: [0.0696598663926, 0.18575963378, 0.348299324512, 0.394739240408, 1.10294783115, 1.90403628349, 2.31038546562, 2.54258513451, 2.70512461662, 2.99537420273, 3.08825397491, 3.41333341599, 3.49460315704, 3.85451245308, 4.15637207031, 4.28408145905, 4.58594083786, 4.91102027893, 5.06195020676, 5.3754196167, 5.49151945114, 5.64244890213, 6.18811798096, 6.26938772202, 6.9543762207, 7.16335582733, 7.2330160141, 7.31428575516, 7.72063493729, 7.8251247406, 7.90639448166, 8.05732440948, 8.13859367371, 8.46367359161, 8.53333377838, 9.32281208038, 9.682721138]
    rubato_start: [6.40103578568]
    rubato_stop: [9.8846950531]
    perceptual_tempo: "unknown"

sfx:
    inharmonicity:
        dmean: 0.0102748852223
        dmean2: 0.0182577595115
        dvar: 0.000368868379155
        dvar2: 0.0010598951485
        max: 0.172215461731
        mean: 0.0111373644322
        min: 1.02318676909e-06
        var: 0.000336552038789
    oddtoevenharmonicenergyratio:
        dmean: 2.06608867645
        dmean2: 3.99756169319
        dvar: 228.619598389
        dvar2: 681.618591309
        max: 217.923751831
        mean: 1.49882483482
        min: 3.4250065255e-06
        var: 116.369491577
    pitch_after_max_to_before_max_energy_ratio: 1.55272305012
    pitch_centroid: 228.347503662
    pitch_max_to_total: 0.486111104488
    pitch_min_to_total: 0.52314811945
    tristimulus:
        dmean: [0.135262146592, 0.14249111712, 0.00416341144592]
        dmean2: [0.249644324183, 0.263942122459, 0.00713401054963]
        dvar: [0.0453144982457, 0.0478439368308, 7.09988671588e-05]
        dvar2: [0.104625701904, 0.113402724266, 0.000182651681826]
        max: [0.99704515934, 0.994348943233, 0.0835702493787]
        mean: [0.538246393204, 0.450825691223, 0.00558615615591]
        min: [0.00363596761599, 0, 0]
        var: [0.0483415201306, 0.0504470355809, 0.00013049923291]

tonal:
    chords_changes_rate: 0.0184331797063
    chords_number_rate: 0.0230414755642
    chords_strength:
        dmean: 0.00784055050462
        dmean2: 0.00383746461011
        dvar: 3.08270500682e-05
        dvar2: 1.72546751855e-05
        max: 0.692284464836
        mean: 0.57694196701
        min: 0.459084063768
        var: 0.00411862833425
    key_strength: 0.824071645737
    tuning_diatonic_strength: 0.554265081882
    tuning_equal_tempered_deviation: 0.0626053959131
    tuning_frequency: 442.03793335
    tuning_nontempered_energy_ratio: 0.624448299408
    hpcp:
        dmean: [0.0623603388667, 0.031541146338, 0.00910705793649, 0.00909205526114, 0.0233640316874, 0.0502251647413, 0.059256028384, 0.0278005097061, 0.00629867613316, 0.00424877507612, 0.00438889022917, 0.0201087221503, 0.0431786701083, 0.0394710972905, 0.059560418129, 0.0794586092234, 0.0593857504427, 0.020086074248, 0.0144377751276, 0.028184985742, 0.0355078242719, 0.0521029941738, 0.0366760790348, 0.020750997588, 0.0167124737054, 0.0181374866515, 0.0583074353635, 0.074792355299, 0.0602687112987, 0.0387813486159, 0.0391763262451, 0.0300539247692, 0.016514185816, 0.0270617175847, 0.0395420491695, 0.064107619226]
        dmean2: [0.0964048504829, 0.0503268167377, 0.016392249614, 0.0178981218487, 0.0440988764167, 0.0814802050591, 0.0926547124982, 0.0429104268551, 0.0111194131896, 0.00674505392089, 0.00847532786429, 0.0309733524919, 0.0706453025341, 0.0626881867647, 0.0887569636106, 0.114194869995, 0.098691791296, 0.0336889624596, 0.0286414176226, 0.0505891181529, 0.0613419413567, 0.0812577903271, 0.0635347738862, 0.038349468261, 0.0305609013885, 0.0251861326396, 0.0947322845459, 0.129216521978, 0.106261014938, 0.0626955777407, 0.0665821731091, 0.0479372739792, 0.0258660763502, 0.0441980287433, 0.0674541443586, 0.103171005845]
        dvar: [0.0202829129994, 0.00370615092106, 0.000748647435103, 0.00200998643413, 0.00565697951242, 0.0204799752682, 0.0285697504878, 0.00445486558601, 0.000503339862917, 0.000415980815887, 0.000628775800578, 0.00410094764084, 0.0220675002784, 0.0109058087692, 0.0156629066914, 0.0282558519393, 0.0219653360546, 0.00804822612554, 0.0037881641183, 0.0141704715788, 0.0105522628874, 0.0201255884022, 0.0135703850538, 0.00800674315542, 0.00423953589052, 0.00473768217489, 0.0207135006785, 0.0414484068751, 0.0224357321858, 0.0146976988763, 0.0244109779596, 0.00829385593534, 0.00458530336618, 0.0111754499376, 0.0152573343366, 0.0207851435989]
        dvar2: [0.03587462008, 0.00846812315285, 0.00180851074401, 0.0059469928965, 0.0168381854892, 0.0429490804672, 0.0545671246946, 0.0111696412787, 0.00125229009427, 0.000828367192298, 0.00136971357279, 0.00643961410969, 0.0410661026835, 0.0207393113524, 0.0315192230046, 0.0543312355876, 0.0528568141162, 0.0191176701337, 0.0133602274582, 0.0451332628727, 0.023080278188, 0.0423774681985, 0.0383092202246, 0.0235248077661, 0.0116925574839, 0.00793264340609, 0.0383147336543, 0.0867667421699, 0.0630506128073, 0.0248795617372, 0.0449692122638, 0.018105333671, 0.00710657797754, 0.0254332590848, 0.0381825082004, 0.0414721108973]
        max: [1, 0.566883981228, 0.226283967495, 0.440549463034, 0.64518892765, 1, 1, 0.552686572075, 0.155552014709, 0.211396604776, 0.270504564047, 0.530439674854, 1, 1, 1, 1, 1, 1, 0.514988601208, 1, 1, 1, 1, 0.83197760582, 0.429634362459, 0.866370081902, 1, 1, 1, 1, 1, 0.924786746502, 1, 0.851973474026, 0.821055412292, 1]
        mean: [0.352357298136, 0.112274169922, 0.00654570618644, 0.00506220338866, 0.0189314372838, 0.1232772246, 0.166150838137, 0.0607295371592, 0.00445080501959, 0.0039371768944, 0.00470868730918, 0.0679454505444, 0.145045042038, 0.0978038907051, 0.164724424481, 0.267798841, 0.133682414889, 0.014427088201, 0.00792747735977, 0.0218185856938, 0.0897490084171, 0.144885331392, 0.0785451829433, 0.013676661998, 0.0110125225037, 0.0278271567076, 0.219820722938, 0.329792916775, 0.150016114116, 0.105273157358, 0.142188742757, 0.0650127083063, 0.0211461298168, 0.0222295261919, 0.0573585741222, 0.29058945179]
        min: [5.2320996474e-05, 7.21384913049e-06, 9.55486711973e-07, 9.25601682411e-07, 6.59597162667e-07, 2.30599925999e-06, 4.20071137341e-06, 1.64056109497e-05, 8.89842624474e-07, 7.84238579854e-07, 7.51004336053e-07, 8.1077644154e-07, 9.69317056843e-07, 4.93010338687e-05, 1.85375211004e-06, 2.47002003562e-06, 1.49495701862e-06, 1.61672232935e-06, 9.29618522605e-07, 0, 3.11186387769e-09, 3.60572312275e-06, 2.0239247533e-05, 1.16320097732e-06, 7.67921847e-07, 1.20568336115e-06, 4.24928231268e-07, 6.77689286022e-07, 7.18470619177e-06, 4.19007932351e-07, 7.91993045368e-07, 1.01960006305e-06, 1.54086956172e-06, 1.8516293494e-06, 2.09577478927e-06, 2.49568674917e-05]
        var: [0.170936778188, 0.0170794706792, 0.000615262484644, 0.00104394147638, 0.00355906924233, 0.0637411102653, 0.110435515642, 0.0132963983342, 0.000355978962034, 0.000470858096378, 0.0008563597803, 0.0219541620463, 0.0977405756712, 0.0362389720976, 0.051521025598, 0.128353759646, 0.0422801300883, 0.00724265770987, 0.00198766728863, 0.0120524726808, 0.0343775041401, 0.0628527700901, 0.0204631574452, 0.00467113032937, 0.00275888526812, 0.00696402322501, 0.0909680947661, 0.187153145671, 0.0403801687062, 0.0591042153537, 0.110548458993, 0.0227435715497, 0.0115331364796, 0.00939296372235, 0.0134026864544, 0.131436899304]
    chords_histogram: [25.3456230164, 1.38248848915, 23.041475296, 0, 0, 0, 0, 0, 0, 0, 0, 0, 0, 0, 0, 0, 0, 0, 0, 0, 0, 0, 11.0599079132, 39.1705055237]
    thpcp: [1, 0.318637281656, 0.0185768995434, 0.0143666770309, 0.0537279546261, 0.349864244461, 0.471540778875, 0.172352150083, 0.0126315103844, 0.0111738191918, 0.013363388367, 0.192831113935, 0.411641955376, 0.277570217848, 0.467492580414, 0.760020673275, 0.379394471645, 0.0409444868565, 0.0224984046072, 0.0619217641652, 0.254710227251, 0.411188691854, 0.222913458943, 0.038814753294, 0.0312538519502, 0.0789742618799, 0.623857438564, 0.935961663723, 0.425749987364, 0.29876819253, 0.403535693884, 0.184507906437, 0.0600133165717, 0.0630880221725, 0.162785261869, 0.82470113039]
    chords_key: "B"
    chords_scale: "minor"
    key_key: "D"
    key_scale: "major"
    chords_progression: ["A", "A", "A", "A", "A", "A", "A", "A", "A", "A", "A", "A", "A", "A", "A", "A", "A", "A", "A", "A", "A", "A", "A", "A", "A", "A", "A", "A", "A", "A", "A", "A", "A", "A", "A", "A", "A", "A", "A", "A", "A", "A", "A", "A", "A", "A", "A", "A", "A", "A", "F#m", "F#m", "F#m", "D", "D", "D", "D", "D", "D", "D", "D", "D", "D", "D", "D", "D", "D", "D", "D", "D", "D", "D", "D", "D", "D", "D", "D", "D", "D", "D", "D", "D", "D", "D", "D", "D", "D", "D", "D", "D", "D", "D", "D", "D", "D", "D", "D", "D", "D", "D", "D", "D", "D", "D", "D", "D", "D", "D", "Bm", "Bm", "Bm", "Bm", "Bm", "Bm", "Bm", "Bm", "Bm", "Bm", "Bm", "Bm", "Bm", "Bm", "Bm", "Bm", "Bm", "Bm", "Bm", "Bm", "Bm", "Bm", "Bm", "Bm", "Bm", "Bm", "Bm", "Bm", "Bm", "Bm", "Bm", "Bm", "Bm", "Bm", "Bm", "Bm", "Bm", "Bm", "Bm", "Bm", "Bm", "Bm", "Bm", "Bm", "Bm", "Bm", "Bm", "Bm", "Bm", "Bm", "Bm", "Bm", "Bm", "Bm", "Bm", "Bm", "Bm", "Bm", "Bm", "Bm", "Bm", "Bm", "Bm", "Bm", "Bm", "Bm", "Bm", "Bm", "Bm", "Bm", "Bm", "Bm", "Bm", "Bm", "Bm", "Bm", "Bm", "Bm", "Bm", "Bm", "Bm", "Bm", "Bm", "Bm", "Bm", "G", "G", "G", "G", "G", "G", "G", "G", "G", "G", "G", "G", "G", "G", "G", "G", "G", "G", "G", "G", "G", "G", "G", "G"]
