
metadata:
    version:
        essentia: "1.2.2"
    audio_properties:
        analysis_sample_rate: 44100
        bitrate: 128
        channels: 2
        equal_loudness: 1
        length: 10.0048980713
        replay_gain: -1.43329048157
        downmix: "mix"
    tags:
        track: 7
        year: 0
        album: "Splitted by Mp3Splt v. 2.1"
        artist: "From 001.00 To 001.10"
        comment: "http://mp3splt.sf.net"
        genre: ""
        title: "03 Aria.mp3"

highlevel:
    ballroom:
        all:
            ChaChaCha: 0.000123304169392
            Jive: 0.000113543770567
            Quickstep: 0.00274320226163
            Rumba-American: 0.00171279825736
            Rumba-International: 0.0360207557678
            Rumba-Misc: 0.0322397425771
            Samba: 0.000304498214973
            Tango: 0.0114558758214
            VienneseWaltz: 0.168955996633
            Waltz: 0.74633026123
        probability: 0.74633026123
        value: "Waltz"
    culture:
        all:
            non_western: 0.0726949945092
            western: 0.927304983139
        probability: 0.927304983139
        value: "western"
    gender:
        all:
            female: 0.782818078995
            male: 0.217181891203
        probability: 0.782818078995
        value: "female"
    genre_dortmund:
        all:
            alternative: 0.0346675552428
            blues: 0.00742237782106
            electronic: 0.253690481186
            folkcountry: 0.0628750771284
            funksoulrnb: 0.0110013186932
            jazz: 0.561324238777
            pop: 0.0267144143581
            raphiphop: 0.00167387991678
            rock: 0.0406306311488
        probability: 0.561324238777
        value: "jazz"
    genre_electronica:
        all:
            ambient: 0.984938561916
            dnb: 0.00149629579391
            house: 0.0041837003082
            techno: 0.00224526645616
            trance: 0.0071361749433
        probability: 0.984938561916
        value: "ambient"
    genre_rosamerica:
        all:
            cla: 0.161688998342
            dan: 0.00747883925214
            hip: 0.0052070710808
            jaz: 0.672494888306
            pop: 0.0564511418343
            rhy: 0.0456076972187
            roc: 0.0447376035154
            spe: 0.00633378699422
        probability: 0.672494888306
        value: "jaz"
    genre_tzanetakis:
        all:
            blu: 0.0149870822206
            cla: 0.675285339355
            cou: 0.0312520004809
            dis: 0.00671838689595
            hip: 0.00429371325299
            jaz: 0.220733985305
            met: 0.00483198091388
            pop: 0.0198683515191
            reg: 0.00954569689929
            roc: 0.0124834654853
        probability: 0.675285339355
        value: "cla"
    live_studio:
        all:
            live: 0.0611068233848
            studio: 0.938893198967
        probability: 0.938893198967
        value: "studio"
    mood:
        all:
            Cluster1: 0.140052482486
            Cluster2: 0.22303815186
            Cluster3: 0.380686789751
            Cluster4: 0.198079675436
            Cluster5: 0.0581429079175
        probability: 0.380686789751
        value: "Cluster3"
    mood_acoustic:
        all:
            acoustic: 0.635735988617
            not_acoustic: 0.364264041185
        probability: 0.635735988617
        value: "acoustic"
    mood_aggressive:
        all:
            aggressive: 0.00973857101053
            not_aggressive: 0.990261435509
        probability: 0.990261435509
        value: "not_aggressive"
    mood_electronic:
        all:
            electronic: 0.731504917145
            not_electronic: 0.268495053053
        probability: 0.731504917145
        value: "electronic"
    mood_happy:
        all:
            happy: 0.0593925081193
            not_happy: 0.940607488155
        probability: 0.940607488155
        value: "not_happy"
    mood_party:
        all:
            not_party: 0.98123639822
            party: 0.0187636148185
        probability: 0.98123639822
        value: "not_party"
    mood_relaxed:
        all:
            not_relaxed: 0.0173951201141
            relaxed: 0.982604861259
        probability: 0.982604861259
        value: "relaxed"
    mood_sad:
        all:
            not_sad: 0.0760869905353
            sad: 0.923913002014
        probability: 0.923913002014
        value: "sad"
    rhythm:
        all:
            fast: 0.00815799273551
            medium: 0.163344696164
            slow: 0.828497290611
        probability: 0.828497290611
        value: "slow"
    speech_music:
        all:
            music: 0.658581733704
            speech: 0.341418266296
        probability: 0.658581733704
        value: "music"
    timbre:
        all:
            bright: 0.274884641171
            dark: 0.725115358829
        probability: 0.725115358829
        value: "dark"
    voice_instrumental:
        all:
            instrumental: 0.999983429909
            voice: 1.65569563251e-05
        probability: 0.999983429909
        value: "instrumental"

lowlevel:
    average_loudness: 0.904883146286
    barkbands_kurtosis:
        dmean: 5.85208654404
        dmean2: 9.53450393677
        dvar: 45.3315963745
        dvar2: 101.747871399
        max: 58.5238037109
        mean: 12.7771282196
        min: -1.41534817219
        var: 123.577125549
    barkbands_skewness:
        dmean: 0.618534326553
        dmean2: 0.994212329388
        dvar: 0.294056266546
        dvar2: 0.681342840195
        max: 5.37965726852
        mean: 2.36838889122
        min: -0.908021748066
        var: 0.973475456238
    barkbands_spread:
        dmean: 2.39696121216
        dmean2: 3.85186338425
        dvar: 10.4669761658
        dvar2: 26.6457901001
        max: 29.9439678192
        mean: 7.00917768478
        min: 0.830756008625
        var: 34.3697395325
    dissonance:
        dmean: 0.0391157642007
        dmean2: 0.064022064209
        dvar: 0.00146955950186
        dvar2: 0.00373335345648
        max: 0.498650252819
        mean: 0.416988283396
        min: 0.116068072617
        var: 0.00371690862812
    hfc:
        dmean: 0.58472597599
        dmean2: 0.856738626957
        dvar: 0.338591396809
        dvar2: 0.696553707123
        max: 9.6067905426
        mean: 2.32030296326
        min: 0.0636657401919
        var: 2.31733226776
    pitch:
        dmean: 70.4426803589
        dmean2: 132.037475586
        dvar: 10954.1025391
        dvar2: 27948.0800781
        max: 630
        mean: 320.329437256
        min: 66.216217041
        var: 20229.8964844
    pitch_instantaneous_confidence:
        dmean: 0.0854453593493
        dmean2: 0.133128270507
        dvar: 0.00516731478274
        dvar2: 0.0128870122135
        max: 0.880644738674
        mean: 0.581255376339
        min: 0.265337765217
        var: 0.0212963595986
    pitch_salience:
        dmean: 0.0622724927962
        dmean2: 0.0984446108341
        dvar: 0.00266413902864
        dvar2: 0.00585646554828
        max: 0.77167570591
        mean: 0.55184006691
        min: 0.228558719158
        var: 0.0100322319195
    silence_rate_20dB:
        dmean: 0
        dmean2: 0
        dvar: 0
        dvar2: 0
        max: 1
        mean: 1
        min: 1
        var: 0
    silence_rate_30dB:
        dmean: 0
        dmean2: 0
        dvar: 0
        dvar2: 0
        max: 1
        mean: 1
        min: 1
        var: 0
    silence_rate_60dB:
        dmean: 0.116009280086
        dmean2: 0.232558146119
        dvar: 0.102551214397
        dvar2: 0.22033572197
        max: 1
        mean: 0.469907402992
        min: 0
        var: 0.249094307423
    spectral_centroid:
        dmean: 67.1611633301
        dmean2: 108.931900024
        dvar: 9460.32226562
        dvar2: 23290.0917969
        max: 1742.8347168
        mean: 554.013061523
        min: 352.6015625
        var: 39191.8671875
    spectral_complexity:
        dmean: 1.0674418211
        dmean2: 1.81118881702
        dvar: 1.1001021862
        dvar2: 2.39558124542
        max: 12
        mean: 6.14617156982
        min: 0
        var: 4.5331659317
    spectral_crest:
        dmean: 2.39810681343
        dmean2: 3.74519634247
        dvar: 3.95815396309
        dvar2: 10.7685089111
        max: 23.7195835114
        mean: 13.4768104553
        min: 6.10058450699
        var: 19.1664218903
    spectral_decrease:
        dmean: 2.65387045673e-10
        dmean2: 3.73696573686e-10
        dvar: 6.18895435713e-20
        dvar2: 1.18994622781e-19
        max: -3.59280973028e-11
        mean: -1.09815578853e-09
        min: -3.81830833618e-09
        var: 5.26132623011e-19
    spectral_energy:
        dmean: 0.00104708957952
        dmean2: 0.00147670914885
        dvar: 9.5715529369e-07
        dvar2: 1.8305663616e-06
        max: 0.0150166591629
        mean: 0.00435515213758
        min: 0.000141375072417
        var: 8.16129522718e-06
    spectral_energyband_high:
        dmean: 1.38903351399e-05
        dmean2: 2.21475238504e-05
        dvar: 7.67018282222e-10
        dvar2: 1.81226067486e-09
        max: 0.00031161273364
        mean: 2.39493238041e-05
        min: 6.80162628441e-08
        var: 1.45552703223e-09
    spectral_energyband_low:
        dmean: 3.72860813513e-05
        dmean2: 6.27233384876e-05
        dvar: 2.33811836559e-09
        dvar2: 6.60894405868e-09
        max: 0.00050021475181
        mean: 7.50841791159e-05
        min: 2.74693320534e-06
        var: 4.31912638987e-09
    spectral_energyband_middle_high:
        dmean: 0.000151887972606
        dmean2: 0.000240834720898
        dvar: 5.24149790238e-08
        dvar2: 1.27092746993e-07
        max: 0.00299948616885
        mean: 0.000350193993654
        min: 5.87428348808e-06
        var: 1.77965773673e-07
    spectral_energyband_middle_low:
        dmean: 0.00100711977575
        dmean2: 0.00141600461211
        dvar: 8.88966610546e-07
        dvar2: 1.69689633367e-06
        max: 0.0144505240023
        mean: 0.00390587328002
        min: 0.00012713111937
        var: 7.37905520509e-06
    spectral_flatness_db:
        dmean: 0.0288266427815
        dmean2: 0.0447778068483
        dvar: 0.000561691063922
        dvar2: 0.0012780536199
        max: 0.396414548159
        mean: 0.279928982258
        min: 0.14086458087
        var: 0.00295754475519
    spectral_flux:
        dmean: 0.00623307609931
        dmean2: 0.0105950096622
        dvar: 4.32466658822e-05
        dvar2: 0.000118190531794
        max: 0.0773217454553
        mean: 0.0239667650312
        min: 0.00893621426076
        var: 7.09092637408e-05
    spectral_kurtosis:
        dmean: 9.67775058746
        dmean2: 16.4421043396
        dvar: 105.523788452
        dvar2: 266.958129883
        max: 100.693588257
        mean: 18.8219623566
        min: 0.709211111069
        var: 286.053985596
    spectral_rms:
        dmean: 0.000255373190157
        dmean2: 0.000359459139872
        dvar: 4.73824535163e-08
        dvar2: 9.12329554126e-08
        max: 0.00382758397609
        mean: 0.00195673760027
        min: 0.00037138510379
        var: 4.20105180865e-07
    spectral_rolloff:
        dmean: 161.649185181
        dmean2: 284.198028564
        dvar: 148616.03125
        dvar2: 384849.09375
        max: 3703.7109375
        mean: 718.739807129
        min: 387.59765625
        var: 212962.546875
    spectral_skewness:
        dmean: 0.737793684006
        dmean2: 1.21407794952
        dvar: 0.454174727201
        dvar2: 1.17816150188
        max: 8.21948719025
        mean: 3.01500272751
        min: 1.03890395164
        var: 1.73708891869
    spectral_spread:
        dmean: 566103.5625
        dmean2: 896836.9375
        dvar: 560359407616
        dvar2: 1.01110166323e+12
        max: 14397040
        mean: 2509816
        min: 886607.5625
        var: 1.06081845248e+12
    spectral_strongpeak:
        dmean: 0.17821110785
        dmean2: 0.256232351065
        dvar: 0.0316625200212
        dvar2: 0.0609208494425
        max: 3.23948597908
        mean: 0.653734862804
        min: 0.0135243795812
        var: 0.122819527984
    zerocrossingrate:
        dmean: 0.00393463857472
        dmean2: 0.00482590310276
        dvar: 1.58795373864e-05
        dvar2: 2.14555475395e-05
        max: 0.08837890625
        mean: 0.0312511324883
        min: 0.01416015625
        var: 0.000164673110703
    barkbands:
        dmean: [1.9588101452e-07, 1.63395870914e-05, 2.93851171591e-05, 1.55461275426e-05, 0.000276404985925, 0.000415674381657, 0.000547132396605, 0.000177838708623, 3.33750431309e-05, 0.000111402892799, 8.90277533472e-06, 4.49571643912e-06, 5.46582077732e-06, 3.27515908793e-06, 8.68427523528e-05, 5.26121766597e-06, 5.7508145801e-06, 1.21192515508e-05, 9.32625698624e-06, 1.46304882946e-05, 7.17302827979e-06, 1.58283751261e-06, 3.16164488368e-07, 8.05185891295e-08, 4.73925112487e-08, 1.49046774922e-09, 4.16080725429e-10]
        dmean2: [2.96487968399e-07, 2.58550953731e-05, 5.07493787154e-05, 2.69019728876e-05, 0.000443355180323, 0.000580848078243, 0.00073287205305, 0.000250428740401, 5.08722696395e-05, 0.000173190244823, 1.40280626511e-05, 7.46444356992e-06, 8.97792506294e-06, 5.45375269212e-06, 0.000141846452607, 8.75831938174e-06, 9.71154349827e-06, 2.00604717975e-05, 1.56824262376e-05, 2.47670668614e-05, 1.15721823022e-05, 2.77826734418e-06, 5.63232504192e-07, 1.42742621279e-07, 8.32362445635e-08, 2.30725483163e-09, 5.82646209057e-10]
        dvar: [4.08989858582e-14, 4.7387643809e-10, 1.59556334811e-09, 4.19498824566e-10, 1.62520677804e-07, 3.30164112938e-07, 2.48266616154e-07, 5.87990918177e-08, 6.05696293121e-09, 4.64901539488e-08, 1.53751053555e-10, 2.58739522863e-11, 1.05772259007e-10, 3.03112500377e-11, 4.00853430449e-08, 9.90940801637e-11, 1.10453049484e-10, 4.074770521e-10, 2.35862607223e-10, 1.84292892058e-09, 2.19795570633e-10, 1.21704278599e-11, 7.82530832667e-13, 4.88780497738e-14, 5.84060862283e-14, 4.57656401264e-17, 2.14731024673e-17]
        dvar2: [9.03096228442e-14, 1.42008005355e-09, 4.43229275504e-09, 1.26317767357e-09, 4.29619944953e-07, 6.08565756011e-07, 5.11793928126e-07, 1.09701112194e-07, 1.19821947919e-08, 1.08389208719e-07, 3.18414711264e-10, 7.02617131143e-11, 2.59363919231e-10, 7.65140589776e-11, 1.01282900289e-07, 2.34115199449e-10, 2.98609081906e-10, 1.02439112748e-09, 5.99312877103e-10, 4.66472238614e-09, 5.41330702486e-10, 3.31712955715e-11, 2.23262359121e-12, 1.37753754259e-13, 1.64980984603e-13, 8.48936322931e-17, 2.14776519607e-17]
        max: [1.83001452569e-06, 0.000279018073343, 0.000381022575311, 0.000203323492315, 0.00418726960197, 0.00962548330426, 0.00682294648141, 0.00347324740142, 0.00206980388612, 0.00299195596017, 0.000168484504684, 3.76331190637e-05, 9.78753450909e-05, 4.47369202448e-05, 0.00259231287055, 0.000111829853267, 0.000102871767012, 0.000170235871337, 0.000102690406493, 0.000629358750302, 0.00012096510909, 2.68022613454e-05, 1.01065634226e-05, 2.17357637666e-06, 2.83263943857e-06, 9.47017255726e-08, 9.64254169844e-08]
        mean: [4.77469768612e-07, 3.5733137338e-05, 3.89275664929e-05, 2.1933195967e-05, 0.000531590019818, 0.00130500004161, 0.00147630751599, 0.000388164509786, 9.0012435976e-05, 0.000195012791664, 1.69033191924e-05, 7.16016074875e-06, 7.15259238859e-06, 4.9319082791e-06, 0.000147106067743, 8.56189944898e-06, 9.79210562946e-06, 1.98941397684e-05, 1.42675471579e-05, 2.11387196032e-05, 1.26294535221e-05, 2.06266759051e-06, 2.87910069119e-07, 7.03459761553e-08, 3.69047796767e-08, 1.31675859105e-09, 3.76681685843e-10]
        min: [3.16043413662e-10, 4.50561657317e-07, 1.9263238471e-07, 3.73850184587e-07, 1.20707427413e-05, 1.69473350979e-05, 2.20893562073e-05, 3.98801603296e-06, 1.56416035679e-06, 1.14463284717e-06, 2.2782177922e-08, 3.3437245861e-08, 1.18197478471e-08, 8.7881479871e-09, 6.09126331597e-08, 3.51198430337e-08, 3.56511549171e-08, 4.1660840111e-08, 2.6510507567e-08, 5.7808918541e-08, 2.37564634631e-08, 1.89511095705e-09, 7.15010495256e-10, 8.6000394306e-11, 7.45539255331e-11, 1.21848486162e-11, 1.07985028661e-14]
        var: [1.61374806205e-13, 9.69045288457e-10, 2.48651543799e-09, 5.82556225481e-10, 3.69080566998e-07, 3.02260309581e-06, 1.42224257615e-06, 1.99831063696e-07, 7.14887633535e-08, 9.91839570474e-08, 4.55464332916e-10, 4.27769035471e-11, 1.48660167509e-10, 4.69663440084e-11, 9.36178636834e-08, 1.76791012385e-10, 1.92753049633e-10, 9.23547238685e-10, 3.84831055911e-10, 2.02829131268e-09, 4.66698735213e-10, 1.32946934711e-11, 5.10354074539e-13, 3.49088908279e-14, 3.79480552071e-14, 4.0979050324e-17, 2.14963660949e-17]
    mfcc:
        mean: [-829.909362793, 197.625579834, -35.7721748352, 64.3368835449, -42.2151184082, -17.4031410217, -28.6193962097, -21.4189586639, -2.8873064518, 4.08479356766, -2.4735057354, -5.28432512283, 3.42852950096]
        cov: [[2886.640625, -1258.10900879, -446.011505127, -368.82131958, 383.552764893, 176.179458618, 27.6422576904, -163.536132812, -3.41552376747, -128.081359863, -68.1811752319, -113.212303162, -196.937606812], [-1258.10900879, 1182.94226074, 152.668258667, 4.33078575134, -390.528015137, -183.77154541, 26.5328865051, 113.168441772, 12.0643920898, 19.1376457214, -54.5468711853, -46.9932594299, 8.25168991089], [-446.011505127, 152.668258667, 310.532928467, 30.8279342651, -84.8812942505, -79.7962493896, 6.48079824448, 53.8011665344, -25.0878200531, 11.1014976501, 11.9242544174, 51.3093070984, 26.2634620667], [-368.82131958, 4.33078575134, 30.8279342651, 212.073348999, 14.0224075317, 39.3811759949, -33.2387657166, 7.02479171753, 11.4127502441, 47.1069526672, 36.8761329651, 44.2684631348, 53.2841758728], [383.552764893, -390.528015137, -84.8812942505, 14.0224075317, 231.776870728, 95.3833694458, -11.3236684799, -52.5511131287, -3.15756845474, 5.98057365417, 25.5498733521, 23.9748249054, 9.33441638947], [176.179458618, -183.77154541, -79.7962493896, 39.3811759949, 95.3833694458, 129.797714233, -13.8470869064, -15.2540979385, -0.160258665681, 19.3764305115, 24.0221176147, 14.5322437286, 13.8759222031], [27.6422576904, 26.5328865051, 6.48079824448, -33.2387657166, -11.3236684799, -13.8470869064, 68.5779266357, 8.50727558136, 2.75101828575, -10.6594724655, -4.61487770081, -0.926735162735, -1.51684617996], [-163.536132812, 113.168441772, 53.8011665344, 7.02479171753, -52.5511131287, -15.2540979385, 8.50727558136, 98.3820343018, 5.12678813934, 14.2892351151, -1.58780157566, 29.9994602203, 8.50514411926], [-3.41552376747, 12.0643920898, -25.0878200531, 11.4127502441, -3.15756845474, -0.160258665681, 2.75101828575, 5.12678813934, 63.5678405762, 9.20083332062, 0.503059625626, -13.8978853226, 1.89873683453], [-128.081359863, 19.1376457214, 11.1014976501, 47.1069526672, 5.98057365417, 19.3764305115, -10.6594724655, 14.2892351151, 9.20083332062, 79.5095214844, 12.6030101776, 23.2654819489, 23.841003418], [-68.1811752319, -54.5468711853, 11.9242544174, 36.8761329651, 25.5498733521, 24.0221176147, -4.61487770081, -1.58780157566, 0.503059625626, 12.6030101776, 69.9376678467, 28.1840839386, 31.2887763977], [-113.212303162, -46.9932594299, 51.3093070984, 44.2684631348, 23.9748249054, 14.5322437286, -0.926735162735, 29.9994602203, -13.8978853226, 23.2654819489, 28.1840839386, 102.520263672, 40.0326461792], [-196.937606812, 8.25168991089, 26.2634620667, 53.2841758728, 9.33441638947, 13.8759222031, -1.51684617996, 8.50514411926, 1.89873683453, 23.841003418, 31.2887763977, 40.0326461792, 83.82837677]]
        icov: [[0.00164235173725, 0.0017017677892, 0.00109029375017, 0.00203994568437, 0.000433048524428, -0.000507844437379, -0.000321542815072, -5.14691737408e-06, -0.000188068966963, 0.000276590086287, 0.000813497055788, 0.000195152853848, 0.00161191646475], [0.0017017677892, 0.00386371626519, 0.00126890011597, 0.00175974366721, 0.00341728888452, 0.000337468605721, -0.000667190121021, -0.00080230855383, 6.78138603689e-05, -0.000481482449686, 0.00138584536035, 0.0010404556524, 0.00085573643446], [0.00109029375017, 0.00126890011597, 0.00575372902676, 0.00054866814753, 0.00105462351348, 0.0028788279742, -0.00040155465831, -0.00149138458073, 0.00188960554078, -0.000189427431906, -0.000355005293386, -0.00141089805402, 0.000652567832731], [0.00203994568437, 0.00175974366721, 0.00054866814753, 0.00975557696074, 0.000798896537162, -0.00269922870211, 0.00245866156183, 0.000887125730515, -0.00193979626056, -0.00152404257096, -0.000129042295157, -0.00122104515322, -0.000332682131557], [0.000433048524428, 0.00341728888452, 0.00105462351348, 0.000798896537162, 0.0119183538482, -0.00355754583143, -0.000406342122005, 0.00269124377519, -0.000241538160481, -0.000750697799958, 0.000345498847309, -0.0017646222841, -0.000243182876147], [-0.000507844437379, 0.000337468605721, 0.0028788279742, -0.00269922870211, -0.00355754583143, 0.0147145297378, 0.000532614067197, -0.00218034279533, 0.00204179971479, -0.00227575236931, -0.00246482598595, 0.000555462320335, -0.000965473183896], [-0.000321542815072, -0.000667190121021, -0.00040155465831, 0.00245866156183, -0.000406342122005, 0.000532614067197, 0.0166017655283, -0.00101776479278, -0.00151225773152, 0.0015186019009, -0.000176917543286, -0.000904818298295, -0.00166548334528], [-5.14691737408e-06, -0.00080230855383, -0.00149138458073, 0.000887125730515, 0.00269124377519, -0.00218034279533, -0.00101776479278, 0.0149560654536, -0.00271628028713, -0.001205987297, 0.00117372896057, -0.00557171273977, 0.00112285418436], [-0.000188068966963, 6.78138603689e-05, 0.00188960554078, -0.00193979626056, -0.000241538160481, 0.00204179971479, -0.00151225773152, -0.00271628028713, 0.0183535348624, -0.00242737168446, -0.00101087824441, 0.00402587931603, -0.00114100181963], [0.000276590086287, -0.000481482449686, -0.000189427431906, -0.00152404257096, -0.000750697799958, -0.00227575236931, 0.0015186019009, -0.001205987297, -0.00242737168446, 0.0163130555302, 0.000349107693182, -0.00183834624477, -0.00150148989633], [0.000813497055788, 0.00138584536035, -0.000355005293386, -0.000129042295157, 0.000345498847309, -0.00246482598595, -0.000176917543286, 0.00117372896057, -0.00101087824441, 0.000349107693182, 0.0197708364576, -0.00235349289142, -0.00411668047309], [0.000195152853848, 0.0010404556524, -0.00141089805402, -0.00122104515322, -0.0017646222841, 0.000555462320335, -0.000904818298295, -0.00557171273977, 0.00402587931603, -0.00183834624477, -0.00235349289142, 0.0170427039266, -0.00460104225203], [0.00161191646475, 0.00085573643446, 0.000652567832731, -0.000332682131557, -0.000243182876147, -0.000965473183896, -0.00166548334528, 0.00112285418436, -0.00114100181963, -0.00150148989633, -0.00411668047309, -0.00460104225203, 0.0198682770133]]
    spectral_contrast:
        mean: [3.61223499112e-07, 5.42345219401e-07, 1.70014985201e-07, -2.41495627051e-07, -3.65960062254e-07, 5.17478270012e-07, 2.5179849672e-06, 3.83703172702e-06, 7.00596615388e-07, -6.16513943896e-07, 2.82396030116e-07, -4.61154650111e-06]
        var: [0.00030553835677, 0.000645370862912, 0.00165258243214, 0.00185683846939, 0.00271891104057, 0.00478979479522, 0.0359389185905, 0.0704949945211, 0.111823625863, 0.188455402851, 0.344819754362, 1.89840888977]

rhythm:
    beats_loudness:
        dmean: 0.00250655575655
        dmean2: 0.00472362805158
        dvar: 3.64623952009e-06
        dvar2: 9.14615702641e-06
        max: 0.010740972124
        mean: 0.00483376765624
        min: 0.00106551568024
        var: 7.41959547668e-06
    beats_loudness_bass:
        dmean: 0.0230075549334
        dmean2: 0.040186855942
        dvar: 0.000887366652023
        dvar2: 0.00268216105178
        max: 0.0994671657681
        mean: 0.026117419824
        min: 0.00252297590487
        var: 0.000709001731593
    bpm: 134.885986328
    bpm_confidence: 0
    first_peak_bpm: 135
    first_peak_spread: 0
    first_peak_weight: 0.952380955219
    onset_rate: 4.89760112762
    second_peak_bpm: 89
    second_peak_spread: 0
    second_peak_weight: 0.047619048506
    beats_position: [0.0383534170687, 0.484141677618, 0.92992991209, 1.37571811676, 1.82150650024, 2.26729488373, 2.71308302879, 3.15887141228, 3.60465979576, 4.05044794083, 4.49623632431, 4.94202470779, 5.38781309128, 5.83360147476, 6.51045417786, 6.9546995163, 7.39894390106, 7.8431892395, 8.28743362427, 8.73167896271, 9.17592430115, 9.62016963959]
    bpm_estimates: [134.829208374, 134.571502686, 134.379196167, 135.055175781, 135.423934937, 135.500137329, 134.537231445, 134.791473389]
    bpm_intervals: [0.445788264275, 0.445788234472, 0.44578820467, 0.445788383484, 0.445788383484, 0.445788145065, 0.445788383484, 0.445788383484, 0.445788145065, 0.445788383484, 0.445788383484, 0.445788383484, 0.445788383484, 0.676852703094, 0.44424533844, 0.444244384766, 0.44424533844, 0.444244384766, 0.44424533844, 0.44424533844, 0.44424533844]
    onset_times: [0.0348299331963, 0.301859408617, 0.545668959618, 0.708208620548, 0.812698423862, 1.42802715302, 1.52090704441, 1.68344676495, 1.77632653713, 1.99691605568, 2.19428563118, 2.32199549675, 2.57741498947, 2.77478456497, 2.91410422325, 3.00698423386, 3.16952371597, 3.79646253586, 4.12154197693, 4.58594083786, 4.7833108902, 5.01551008224, 5.24770975113, 5.45668935776, 5.67727899551, 5.87464857101, 5.9094786644, 6.09523820877, 6.15328788757, 6.3622674942, 6.59446716309, 6.6989569664, 6.79183673859, 6.91954660416, 7.02403640747, 7.26784563065, 7.50004529953, 7.70902490616, 7.87156438828, 7.9644446373, 8.11537456512, 8.28952407837, 8.37079334259, 8.53333377838, 9.0093421936, 9.17188167572, 9.4853515625, 9.74077129364, 9.93814086914]
    rubato_start: []
    rubato_stop: []
    perceptual_tempo: "unknown"

sfx:
    inharmonicity:
        dmean: 0.0317805819213
        dmean2: 0.0573303066194
        dvar: 0.00228142528795
        dvar2: 0.0066836848855
        max: 0.333611518145
        mean: 0.0270298235118
        min: 4.97481369166e-06
        var: 0.00201382674277
    oddtoevenharmonicenergyratio:
        dmean: 9.40323734283
        dmean2: 18.0899925232
        dvar: 839.897399902
        dvar2: 2455.96899414
        max: 258.637023926
        mean: 5.33610010147
        min: 2.37429339904e-05
        var: 464.710266113
    pitch_after_max_to_before_max_energy_ratio: 0.200509682298
    pitch_centroid: 248.069244385
    pitch_max_to_total: 0.883990705013
    pitch_min_to_total: 0.459396749735
    tristimulus:
        dmean: [0.237119287252, 0.239352330565, 0.0524760968983]
        dmean2: [0.420053720474, 0.418651670218, 0.0914135351777]
        dvar: [0.0575449131429, 0.0574967861176, 0.00424734503031]
        dvar2: [0.150191619992, 0.149338051677, 0.0120312459767]
        max: [0.984938442707, 0.967187047005, 0.457461982965]
        mean: [0.557951509953, 0.380921900272, 0.053880635649]
        min: [0.0228990204632, 0, 0]
        var: [0.087384827435, 0.0817583724856, 0.00463643297553]

tonal:
    chords_changes_rate: 0.0138248847798
    chords_number_rate: 0.00921658985317
    chords_strength:
        dmean: 0.00554544432089
        dmean2: 0.00594557030126
        dvar: 1.84045857168e-05
        dvar2: 2.48658689088e-05
        max: 0.621551334858
        mean: 0.502650499344
        min: 0.388238698244
        var: 0.00439072307199
    key_strength: 0.697360992432
    tuning_diatonic_strength: 0.527555465698
    tuning_equal_tempered_deviation: 0.0863344445825
    tuning_frequency: 439.491973877
    tuning_nontempered_energy_ratio: 0.718800961971
    hpcp:
        dmean: [0.0508195795119, 0.053942438215, 0.130457371473, 0.144018560648, 0.122428990901, 0.016333643347, 0.0135002983734, 0.0190181881189, 0.079110942781, 0.15054294467, 0.13545563817, 0.0506058782339, 0.00734089547768, 0.0157673805952, 0.0735692903399, 0.104546181858, 0.123040676117, 0.0759299695492, 0.0508839190006, 0.0177029240876, 0.0187352206558, 0.0315099619329, 0.0377760156989, 0.0271814931184, 0.0202029589564, 0.0157939866185, 0.00829271506518, 0.0065696388483, 0.0103791607544, 0.0588479451835, 0.173584073782, 0.1763022542, 0.0879872813821, 0.0202728249133, 0.0164408795536, 0.0336751788855]
        dmean2: [0.0880969911814, 0.0932777971029, 0.21319155395, 0.237283170223, 0.213736593723, 0.0256025921553, 0.0230043102056, 0.0340632274747, 0.132725641131, 0.2505030334, 0.214040085673, 0.0847064629197, 0.0129364430904, 0.0291980542243, 0.124352492392, 0.171485230327, 0.210224956274, 0.128474101424, 0.0798571631312, 0.0343706421554, 0.0329315848649, 0.0499309413135, 0.0647682473063, 0.0428949408233, 0.0350289829075, 0.0251394733787, 0.0143566736951, 0.0110030602664, 0.0182416029274, 0.0959949344397, 0.297390282154, 0.302140146494, 0.155010282993, 0.0335227437317, 0.0286612156779, 0.061548948288]
        dvar: [0.012017281726, 0.00970400683582, 0.0122565263882, 0.039557363838, 0.0111456029117, 0.00078253535321, 0.000499815563671, 0.00078560761176, 0.011047065258, 0.0367209464312, 0.0252644214779, 0.00703800097108, 0.000443385390099, 0.00103371951263, 0.0186330005527, 0.029401788488, 0.027066776529, 0.0327881537378, 0.0161532759666, 0.00494525535032, 0.00160689337645, 0.00283299083821, 0.0122538944706, 0.00627804687247, 0.0059516876936, 0.00144307757728, 0.000164880009834, 0.000171323947143, 0.000276643986581, 0.00704444432631, 0.0292069390416, 0.0461587645113, 0.0155760981143, 0.00518381036818, 0.00209410348907, 0.00592139037326]
        dvar2: [0.0328372567892, 0.0257466137409, 0.0306758191437, 0.0926467776299, 0.0300726741552, 0.00195401720703, 0.00124263111502, 0.00227645668201, 0.0300317723304, 0.0892642736435, 0.0639094486833, 0.0192870441824, 0.00115217093844, 0.00305064441636, 0.040849968791, 0.0585384108126, 0.0738318786025, 0.0633569434285, 0.0359511487186, 0.0161087643355, 0.00451145227998, 0.00700902938843, 0.033401388675, 0.011543921195, 0.00955980177969, 0.00215040426701, 0.000373228220269, 0.000408003397752, 0.000696947681718, 0.0195663310587, 0.081205919385, 0.11978123337, 0.0454008765519, 0.00643749628216, 0.00467857299373, 0.0164235532284]
        max: [0.815762341022, 0.932859539986, 1, 1, 0.962156236172, 0.334645807743, 0.191418305039, 0.168480038643, 0.773024380207, 1, 1, 0.627764880657, 0.236878693104, 0.240937128663, 1, 1, 1, 1, 1, 0.687464177608, 0.3228341043, 0.475900381804, 1, 1, 1, 0.573221445084, 0.103157021105, 0.0998654961586, 0.113560222089, 0.611538767815, 1, 1, 0.895683586597, 1, 0.388008326292, 0.533888101578]
        mean: [0.0542367249727, 0.0561912581325, 0.39651325345, 0.663032829762, 0.309915244579, 0.0246933270246, 0.016251174733, 0.0197620801628, 0.10114736855, 0.244642406702, 0.211219623685, 0.0605270676315, 0.00671254144982, 0.0130870481953, 0.142760574818, 0.269853889942, 0.229461923242, 0.163184374571, 0.0795203596354, 0.0116462809965, 0.0203031320125, 0.0414378978312, 0.0406913273036, 0.0468173548579, 0.0532657168806, 0.0272113010287, 0.00982209201902, 0.00768220098689, 0.0099544711411, 0.0807796195149, 0.261519610882, 0.298142015934, 0.123388692737, 0.0199361946434, 0.014485757798, 0.0325423181057]
        min: [0.00018877639377, 0.000374370487407, 0.011435537599, 0.0194475539029, 0.000938107608818, 0.000108031461423, 8.79257713677e-05, 4.4429780246e-05, 0.000324380962411, 0.0101591693237, 0.00684460764751, 0.00020494745695, 6.59788784105e-05, 5.21551555721e-05, 8.51658915053e-05, 0.00110607163515, 0.00124536652584, 0.00018105864001, 2.80783024209e-05, 5.01883514517e-05, 0, 6.22198349447e-05, 0.000108456304588, 0.000117218783998, 2.97922179016e-05, 0, 0, 0, 6.88570362399e-05, 0.00313572701998, 0.00691294530407, 0.0042070467025, 0, 0, 0, 6.92015819368e-05]
        var: [0.0116137377918, 0.00920127052814, 0.0530597567558, 0.137203499675, 0.0395860038698, 0.00219409004785, 0.000770857383031, 0.000814477098174, 0.0157788973302, 0.0699875578284, 0.0556567050517, 0.00819276925176, 0.000334172043949, 0.00070257333573, 0.0549868233502, 0.128514662385, 0.0574360601604, 0.100767724216, 0.0366357117891, 0.00280071096495, 0.00170471705496, 0.00582975195721, 0.00941819790751, 0.0230302494019, 0.0368871614337, 0.00677106669173, 0.00021125630883, 0.000186811215826, 0.000236349544139, 0.00928853731602, 0.050903763622, 0.0988703891635, 0.0302917379886, 0.00542525947094, 0.00175520847552, 0.00472226925194]
    chords_histogram: [15.6682024002, 83.8709640503, 0, 0, 0, 0, 0, 0, 0, 0, 0, 0, 0, 0, 0, 0, 0, 0, 0, 0, 0, 0, 0, 0.460829496384]
    thpcp: [1, 0.46742066741, 0.0372429937124, 0.0245103612542, 0.0298055838794, 0.152552574873, 0.368974804878, 0.31856584549, 0.0912881940603, 0.0101239951327, 0.0197381600738, 0.215314492583, 0.406999289989, 0.346079289913, 0.246118098497, 0.119934268296, 0.0175651647151, 0.0306216087192, 0.0624975040555, 0.061371512711, 0.0706109181046, 0.0803364664316, 0.0410406552255, 0.0148138850927, 0.0115864565596, 0.0150135420263, 0.121833510697, 0.39442935586, 0.449664026499, 0.186097413301, 0.0300681870431, 0.0218477230519, 0.049081005156, 0.0818009674549, 0.0847488343716, 0.598029613495]
    chords_key: "G"
    chords_scale: "minor"
    key_key: "D#"
    key_scale: "major"
    chords_progression: ["Gm", "Cm", "Gm", "Gm", "Gm", "Gm", "Gm", "Gm", "Gm", "Gm", "Gm", "Gm", "Gm", "Gm", "Gm", "Gm", "Gm", "Gm", "Gm", "Gm", "Gm", "Gm", "Gm", "Gm", "Gm", "Gm", "Gm", "Gm", "Gm", "Gm", "Gm", "Gm", "Gm", "Gm", "Gm", "Gm", "Gm", "Gm", "Gm", "Gm", "Gm", "Gm", "Gm", "Gm", "Gm", "Gm", "Gm", "Gm", "Gm", "Gm", "Gm", "Gm", "Gm", "Gm", "Gm", "Gm", "Gm", "Gm", "Gm", "Gm", "Gm", "Gm", "Gm", "Gm", "Gm", "Gm", "Gm", "Gm", "Gm", "Gm", "Gm", "Gm", "Gm", "Gm", "Gm", "Gm", "Gm", "Gm", "Gm", "Gm", "Gm", "Gm", "Gm", "Gm", "Gm", "Gm", "Gm", "Gm", "Gm", "Gm", "Gm", "Gm", "Gm", "Gm", "Gm", "Gm", "Gm", "Gm", "Gm", "Gm", "Gm", "Gm", "Gm", "Gm", "Gm", "Gm", "Gm", "Gm", "Gm", "Gm", "Gm", "Gm", "Gm", "Gm", "Gm", "Gm", "Gm", "Gm", "Gm", "Gm", "Gm", "Gm", "Gm", "Gm", "Gm", "Gm", "Gm", "Gm", "Gm", "Gm", "Gm", "Gm", "Gm", "Gm", "Gm", "Gm", "Gm", "Gm", "Gm", "Gm", "Gm", "Gm", "Gm", "Gm", "Gm", "Gm", "Gm", "Gm", "Gm", "Gm", "Gm", "Gm", "Gm", "Gm", "Gm", "Gm", "Gm", "Gm", "Gm", "Gm", "Gm", "Gm", "Gm", "Gm", "Gm", "Gm", "Gm", "Gm", "Gm", "Gm", "Gm", "Gm", "Gm", "Gm", "Gm", "Gm", "Gm", "Gm", "Gm", "Gm", "Gm", "Gm", "Gm", "D#", "D#", "D#", "D#", "D#", "D#", "D#", "D#", "D#", "D#", "D#", "D#", "D#", "D#", "D#", "D#", "D#", "D#", "D#", "D#", "D#", "D#", "D#", "D#", "D#", "D#", "D#", "D#", "D#", "D#", "D#", "D#", "D#", "D#"]
