
metadata:
    version:
        essentia: "1.2.2"
    audio_properties:
        analysis_sample_rate: 44100
        bitrate: 128
        channels: 2
        equal_loudness: 1
        length: 10.0310201645
        replay_gain: -5.23769378662
        downmix: "mix"
    tags:
        track: 6
        year: 0
        album: "Splitted by Mp3Splt v. 2.1"
        artist: "From 000.50 To 001.00"
        comment: "http://mp3splt.sf.net"
        genre: ""
        title: "08 Firenze Sogna.mp3"

highlevel:
    ballroom:
        all:
            ChaChaCha: 0.00046229903819
            Jive: 0.000254231446888
            Quickstep: 0.00523221213371
            Rumba-American: 0.00288301054388
            Rumba-International: 0.0105455564335
            Rumba-Misc: 0.0429995246232
            Samba: 0.000377980468329
            Tango: 0.020502448082
            VienneseWaltz: 0.183336079121
            Waltz: 0.733406662941
        probability: 0.733406662941
        value: "Waltz"
    culture:
        all:
            non_western: 0.0176440738142
            western: 0.982355952263
        probability: 0.982355952263
        value: "western"
    gender:
        all:
            female: 0.259566664696
            male: 0.740433335304
        probability: 0.740433335304
        value: "male"
    genre_dortmund:
        all:
            alternative: 0.0377175733447
            blues: 0.0642010197043
            electronic: 0.0649223029613
            folkcountry: 0.508300840855
            funksoulrnb: 0.0331798270345
            jazz: 0.164452925324
            pop: 0.0912750065327
            raphiphop: 0.00364332366735
            rock: 0.0323071703315
        probability: 0.508300840855
        value: "folkcountry"
    genre_electronica:
        all:
            ambient: 0.98130106926
            dnb: 0.000530896475539
            house: 0.0158157218248
            techno: 0.00106361531653
            trance: 0.00128870340995
        probability: 0.98130106926
        value: "ambient"
    genre_rosamerica:
        all:
            cla: 0.908686816692
            dan: 0.00232302909717
            hip: 0.00324265495874
            jaz: 0.0156098548323
            pop: 0.0154860401526
            rhy: 0.0292645227164
            roc: 0.0049824686721
            spe: 0.0204046294093
        probability: 0.908686816692
        value: "cla"
    genre_tzanetakis:
        all:
            blu: 0.005371064879
            cla: 0.818579852581
            cou: 0.0280759297311
            dis: 0.00346671743318
            hip: 0.00138216558844
            jaz: 0.125762537122
            met: 0.00136893847957
            pop: 0.00642666267231
            reg: 0.00702501274645
            roc: 0.00254108663648
        probability: 0.818579852581
        value: "cla"
    live_studio:
        all:
            live: 0.158999353647
            studio: 0.841000676155
        probability: 0.841000676155
        value: "studio"
    mood:
        all:
            Cluster1: 0.0517942719162
            Cluster2: 0.14449557662
            Cluster3: 0.523092627525
            Cluster4: 0.261715561152
            Cluster5: 0.0189019814134
        probability: 0.523092627525
        value: "Cluster3"
    mood_acoustic:
        all:
            acoustic: 0.948971629143
            not_acoustic: 0.0510283894837
        probability: 0.948971629143
        value: "acoustic"
    mood_aggressive:
        all:
            aggressive: 1.51883874366e-08
            not_aggressive: 1
        probability: 1
        value: "not_aggressive"
    mood_electronic:
        all:
            electronic: 0.13960044086
            not_electronic: 0.860399544239
        probability: 0.860399544239
        value: "not_electronic"
    mood_happy:
        all:
            happy: 0.124406561255
            not_happy: 0.875593423843
        probability: 0.875593423843
        value: "not_happy"
    mood_party:
        all:
            not_party: 0.989631950855
            party: 0.0103680258617
        probability: 0.989631950855
        value: "not_party"
    mood_relaxed:
        all:
            not_relaxed: 0.0583639703691
            relaxed: 0.941636025906
        probability: 0.941636025906
        value: "relaxed"
    mood_sad:
        all:
            not_sad: 0.0601523891091
            sad: 0.939847588539
        probability: 0.939847588539
        value: "sad"
    rhythm:
        all:
            fast: 0.736906349659
            medium: 0.0342819690704
            slow: 0.228811711073
        probability: 0.736906349659
        value: "fast"
    speech_music:
        all:
            music: 0.30078369379
            speech: 0.69921630621
        probability: 0.69921630621
        value: "speech"
    timbre:
        all:
            bright: 0.964625835419
            dark: 0.0353741645813
        probability: 0.964625835419
        value: "bright"
    voice_instrumental:
        all:
            instrumental: 0.0319845303893
            voice: 0.968015491962
        probability: 0.968015491962
        value: "voice"

lowlevel:
    average_loudness: 0.851467549801
    barkbands_kurtosis:
        dmean: 4.70265340805
        dmean2: 7.46844530106
        dvar: 40.0130271912
        dvar2: 92.7880477905
        max: 68.379196167
        mean: 10.0706548691
        min: -1.8887462616
        var: 118.820732117
    barkbands_skewness:
        dmean: 0.607656478882
        dmean2: 0.942586839199
        dvar: 0.344516634941
        dvar2: 0.739666342735
        max: 7.18641901016
        mean: 2.41871857643
        min: -0.489190012217
        var: 1.6721009016
    barkbands_spread:
        dmean: 2.51763486862
        dmean2: 3.74626779556
        dvar: 14.7136116028
        dvar2: 28.3537406921
        max: 46.0053596497
        mean: 8.53898334503
        min: 1.02782702446
        var: 68.6649246216
    dissonance:
        dmean: 0.0468180887401
        dmean2: 0.0756468847394
        dvar: 0.0015415630769
        dvar2: 0.00412152986974
        max: 0.492835104465
        mean: 0.360140681267
        min: 0.0335410498083
        var: 0.00489692110568
    hfc:
        dmean: 0.557771146297
        dmean2: 0.746362507343
        dvar: 0.851546764374
        dvar2: 1.34556400776
        max: 13.7692012787
        mean: 1.74869096279
        min: 2.59746070697e-06
        var: 5.38272094727
    pitch:
        dmean: 130.931060791
        dmean2: 251.023254395
        dvar: 263227.4375
        dvar2: 618082.875
        max: 4009.09082031
        mean: 393.027374268
        min: 88.5542144775
        var: 530822.625
    pitch_instantaneous_confidence:
        dmean: 0.0824015140533
        dmean2: 0.13218203187
        dvar: 0.00759974867105
        dvar2: 0.0174370985478
        max: 0.947460532188
        mean: 0.657683432102
        min: 0.275655210018
        var: 0.0254664439708
    pitch_salience:
        dmean: 0.0740961283445
        dmean2: 0.119131490588
        dvar: 0.0046055293642
        dvar2: 0.0106939794496
        max: 0.969533324242
        mean: 0.582738339901
        min: 0.128620758653
        var: 0.0150596387684
    silence_rate_20dB:
        dmean: 0
        dmean2: 0
        dvar: 0
        dvar2: 0
        max: 1
        mean: 1
        min: 1
        var: 0
    silence_rate_30dB:
        dmean: 0
        dmean2: 0
        dvar: 0
        dvar2: 0
        max: 1
        mean: 1
        min: 1
        var: 0
    silence_rate_60dB:
        dmean: 0.0972222238779
        dmean2: 0.194895595312
        dvar: 0.0877702310681
        dvar2: 0.175472795963
        max: 1
        mean: 0.692840635777
        min: 0
        var: 0.212811693549
    spectral_centroid:
        dmean: 98.3770828247
        dmean2: 148.976303101
        dvar: 29133.4394531
        dvar2: 69025.21875
        max: 2236.07910156
        mean: 594.177612305
        min: 278.78729248
        var: 93359.203125
    spectral_complexity:
        dmean: 1.08816707134
        dmean2: 1.66279065609
        dvar: 1.41682088375
        dvar2: 2.69791722298
        max: 13
        mean: 4.60185194016
        min: 0
        var: 7.66555452347
    spectral_crest:
        dmean: 2.6187953949
        dmean2: 4.09564113617
        dvar: 5.07203769684
        dvar2: 12.4694252014
        max: 23.7771339417
        mean: 12.1231431961
        min: 4.58613157272
        var: 15.2503976822
    spectral_decrease:
        dmean: 2.23844942582e-10
        dmean2: 3.10091813338e-10
        dvar: 9.03150754091e-20
        dvar2: 1.63456524208e-19
        max: -8.49568063926e-16
        mean: -6.9771793898e-10
        min: -3.90132059991e-09
        var: 5.41838042808e-19
    spectral_energy:
        dmean: 0.000892526120879
        dmean2: 0.00123352557421
        dvar: 1.45852368405e-06
        dvar2: 2.61460763795e-06
        max: 0.0157579164952
        mean: 0.00279195746407
        min: 3.44206818603e-09
        var: 8.83209668245e-06
    spectral_energyband_high:
        dmean: 7.06074956724e-07
        dmean2: 9.8348073152e-07
        dvar: 8.5725176957e-12
        dvar2: 1.45414418354e-11
        max: 5.59471882298e-05
        mean: 1.39387987019e-06
        min: 1.26001960601e-11
        var: 3.17116749526e-11
    spectral_energyband_low:
        dmean: 1.08446863578e-06
        dmean2: 1.53638541178e-06
        dvar: 8.30920922346e-12
        dvar2: 1.29716203057e-11
        max: 5.15165593242e-05
        mean: 2.17021829485e-06
        min: 3.90603591138e-11
        var: 2.90828246902e-11
    spectral_energyband_middle_high:
        dmean: 0.000197827728698
        dmean2: 0.000240839086473
        dvar: 2.03955721645e-07
        dvar2: 2.42968411612e-07
        max: 0.00942458305508
        mean: 0.000545485585462
        min: 7.19865944632e-10
        var: 1.38712300668e-06
    spectral_energyband_middle_low:
        dmean: 0.00079150655074
        dmean2: 0.00114935811143
        dvar: 1.07548146389e-06
        dvar2: 2.22364951696e-06
        max: 0.0113667789847
        mean: 0.00224290811457
        min: 2.66847721697e-09
        var: 4.92392291562e-06
    spectral_flatness_db:
        dmean: 0.0245365016162
        dmean2: 0.0384670160711
        dvar: 0.000620660546701
        dvar2: 0.00115836178884
        max: 0.46801045537
        mean: 0.348669022322
        min: 0.125441983342
        var: 0.00211334461346
    spectral_flux:
        dmean: 0.00890820194036
        dmean2: 0.0150017486885
        dvar: 0.000127548410092
        dvar2: 0.00034940376645
        max: 0.0958152487874
        mean: 0.0235753059387
        min: 5.86691421631e-05
        var: 0.000260545144556
    spectral_kurtosis:
        dmean: 16.4534282684
        dmean2: 29.0085697174
        dvar: 182.088928223
        dvar2: 559.459472656
        max: 96.2512969971
        mean: 32.7045211792
        min: -0.712588071823
        var: 417.334686279
    spectral_rms:
        dmean: 0.000262813933659
        dmean2: 0.000363930303138
        dvar: 9.07791246618e-08
        dvar2: 1.48176127368e-07
        max: 0.00392091507092
        mean: 0.00143665890209
        min: 1.83251609087e-06
        var: 6.59871147946e-07
    spectral_rolloff:
        dmean: 226.773025513
        dmean2: 393.356262207
        dvar: 217511.109375
        dvar2: 476526.625
        max: 3940.57617188
        mean: 903.248291016
        min: 279.931640625
        var: 585563.9375
    spectral_skewness:
        dmean: 1.12035191059
        dmean2: 1.96078813076
        dvar: 0.770910263062
        dvar2: 2.25474953651
        max: 7.99412536621
        mean: 3.60005545616
        min: 0.0267980154604
        var: 2.41486215591
    spectral_spread:
        dmean: 319219
        dmean2: 493117.40625
        dvar: 1.18273828454e+12
        dvar2: 1.25837521715e+12
        max: 19656632
        mean: 1577883
        min: 756390.8125
        var: 1.32025378406e+12
    spectral_strongpeak:
        dmean: 0.159632012248
        dmean2: 0.247610226274
        dvar: 0.0365625321865
        dvar2: 0.0748016685247
        max: 2.76524305344
        mean: 0.456345826387
        min: 2.75241563941e-05
        var: 0.203588679433
    zerocrossingrate:
        dmean: 0.00455993507057
        dmean2: 0.0052053052932
        dvar: 3.45439002558e-05
        dvar2: 3.30495022354e-05
        max: 0.1181640625
        mean: 0.0320084169507
        min: 0.005859375
        var: 0.000314337579766
    barkbands:
        dmean: [7.29862081883e-09, 1.11416532889e-07, 1.00917770851e-06, 9.07765297598e-06, 0.000290765427053, 0.000293313205475, 0.000189375001355, 0.000260568660451, 0.000105031926068, 6.04627020948e-05, 7.55169603508e-05, 4.61413474113e-05, 1.1877421457e-05, 7.03047317074e-06, 8.50067954161e-06, 8.06480420579e-06, 4.05757782573e-05, 2.47269126703e-05, 1.33631683639e-05, 2.45602268478e-06, 2.85280776779e-07, 8.09286149206e-09, 8.24953105827e-10, 4.46404552212e-10, 2.47113912666e-10, 1.73357425637e-10, 1.84325069097e-10]
        dmean2: [8.3473743473e-09, 1.5959618338e-07, 1.44404953062e-06, 1.36850248964e-05, 0.000405241007684, 0.000426085927757, 0.000290293624857, 0.000412788300309, 0.000165816250956, 9.19846861507e-05, 0.000111426896183, 5.81233944104e-05, 1.79868657142e-05, 1.11980571091e-05, 1.28416504594e-05, 1.19282449305e-05, 5.84327535762e-05, 3.90889035771e-05, 2.05244796234e-05, 4.04010597777e-06, 4.49781737188e-07, 1.02417541115e-08, 1.18584919662e-09, 7.02964186861e-10, 3.89444032578e-10, 2.66966643236e-10, 2.83988443872e-10]
        dvar: [1.61021217383e-14, 1.53636950167e-13, 7.0136019388e-12, 3.21768361955e-10, 1.79004899792e-07, 2.39725835627e-07, 1.56168013632e-07, 3.51468685267e-07, 8.92664857588e-08, 3.91184649118e-08, 7.63691261341e-08, 2.0007220769e-08, 1.49684564743e-09, 5.33164901118e-10, 1.00271957404e-09, 6.57291943096e-10, 8.39496561156e-09, 3.80887588136e-09, 9.18454479137e-10, 1.26445534598e-10, 2.4196658132e-12, 7.73523351746e-16, 8.1494462606e-18, 2.89926225673e-18, 2.28773610847e-18, 2.24931729133e-18, 2.54031446775e-18]
        dvar2: [1.61607025369e-14, 1.90399291385e-13, 1.14581946362e-11, 7.71693875468e-10, 3.16331721706e-07, 4.72957708553e-07, 3.8471276298e-07, 8.57927318521e-07, 2.16687851662e-07, 8.33135302969e-08, 1.30331400783e-07, 2.37621922139e-08, 2.7666127167e-09, 1.36282607421e-09, 2.52608556295e-09, 1.21649479379e-09, 1.76387668915e-08, 8.23527646077e-09, 2.07065409263e-09, 3.30779958979e-10, 6.53717184551e-12, 1.23308165961e-15, 1.23806330853e-17, 3.35757180808e-18, 2.40454083521e-18, 2.33259183835e-18, 2.63450779885e-18]
        max: [2.63843207904e-06, 6.58144517729e-06, 4.49340150226e-05, 0.000211284030229, 0.00634001148865, 0.0063280086033, 0.00397278834134, 0.00776662211865, 0.00349029689096, 0.00372019805945, 0.0051875570789, 0.00291800429113, 0.000482667266624, 0.000277719489532, 0.00043005507905, 0.000506840762682, 0.00115066533908, 0.000738121278118, 0.000320638966514, 0.00013904577645, 2.53259695455e-05, 5.29542489858e-07, 3.92307697439e-08, 3.46982318433e-08, 3.1586832705e-08, 3.10278664983e-08, 3.29678080391e-08]
        mean: [7.02898361737e-09, 2.4253708375e-07, 1.92419429368e-06, 2.16545158764e-05, 0.000651704263873, 0.000606536457781, 0.000294282654068, 0.000483209936647, 0.000168367871083, 0.000142570555909, 0.000143875571666, 8.54147438076e-05, 1.50333444253e-05, 8.15514249553e-06, 1.25431397464e-05, 1.63587283168e-05, 7.32894332032e-05, 4.26116639574e-05, 2.02588980756e-05, 3.49145011569e-06, 4.08122446061e-07, 1.7552295617e-08, 1.88603221929e-09, 1.0659936267e-09, 4.9675635827e-10, 1.47824405494e-10, 1.50202489335e-10]
        min: [1.72490201376e-12, 1.46646531723e-11, 2.26771899869e-11, 3.53718894452e-11, 1.59211047124e-10, 3.19084647593e-10, 5.29268628924e-10, 7.21383619506e-10, 8.52413084562e-10, 1.82717507791e-10, 1.52477128146e-10, 1.39564124146e-10, 6.32313368332e-11, 3.52999088293e-11, 4.43271704065e-11, 4.3692965912e-11, 5.78013366337e-11, 4.87225190748e-11, 3.73122669914e-12, 7.09455877292e-13, 1.39971725616e-12, 1.71485482064e-12, 1.67939251915e-12, 1.77129968679e-12, 1.79062374737e-12, 1.80338296379e-12, 9.35632508834e-15]
        var: [1.60682370323e-14, 4.01080779916e-13, 2.47923660768e-11, 1.26277965862e-09, 7.17554542007e-07, 7.89585044458e-07, 3.05074792095e-07, 1.09049165076e-06, 1.64259859048e-07, 1.97764109089e-07, 3.27066601358e-07, 8.40156602067e-08, 2.59710009054e-09, 5.20912313284e-10, 1.32405320041e-09, 2.72729594464e-09, 2.29704237853e-08, 7.90472221013e-09, 1.70451786019e-09, 2.4701407586e-10, 3.16818403109e-12, 3.23656752508e-15, 1.8895769806e-17, 3.11768488095e-18, 2.29768523009e-18, 2.23851493292e-18, 2.52813030412e-18]
    mfcc:
        mean: [-928.071105957, 239.045059204, -91.0145874023, 31.4029426575, -29.5138645172, -59.3501396179, -20.9641609192, -21.1519126892, -26.378036499, -27.0653686523, -18.5394153595, -10.1584787369, -13.1803283691]
        cov: [[3257.52832031, 463.276947021, -1382.35009766, -97.5740356445, -138.95111084, -544.01953125, -110.358360291, 327.701324463, -69.5116882324, -346.053314209, -42.4843559265, 61.7324371338, -96.3625106812], [463.276947021, 678.930053711, -67.3882446289, -222.39364624, 232.116897583, -91.5096435547, -106.817474365, 78.4256896973, 31.8471355438, -140.764419556, -31.1510810852, 62.3768730164, -7.56913948059], [-1382.35009766, -67.3882446289, 1057.58789062, 200.062469482, 92.8056106567, 404.219177246, 102.971496582, -192.110992432, 72.548576355, 212.301391602, -37.2195892334, -24.1685123444, 96.6352844238], [-97.5740356445, -222.39364624, 200.062469482, 409.475891113, 88.2700042725, 119.637641907, 4.05673646927, -91.8254928589, 50.6044654846, 143.295394897, -20.0533828735, -39.6629981995, 45.7759780884], [-138.95111084, 232.116897583, 92.8056106567, 88.2700042725, 547.044250488, 156.393234253, -197.324493408, -92.2550125122, 76.3044586182, 21.255197525, -9.17389965057, 0.559008359909, -11.4077997208], [-544.01953125, -91.5096435547, 404.219177246, 119.637641907, 156.393234253, 373.415893555, 52.1992835999, -148.363388062, 35.7836761475, 109.315475464, -18.1251373291, -6.50474309921, 31.2036838531], [-110.358360291, -106.817474365, 102.971496582, 4.05673646927, -197.324493408, 52.1992835999, 189.623153687, 45.9560813904, -25.0512313843, 16.9068241119, 7.78197956085, 18.0426826477, 24.7956371307], [327.701324463, 78.4256896973, -192.110992432, -91.8254928589, -92.2550125122, -148.363388062, 45.9560813904, 207.974090576, 24.2235126495, -103.304534912, 16.0570755005, 51.7591590881, -11.9825296402], [-69.5116882324, 31.8471355438, 72.548576355, 50.6044654846, 76.3044586182, 35.7836761475, -25.0512313843, 24.2235126495, 105.612304688, 44.0391197205, -10.4838438034, 21.8945655823, 20.5912647247], [-346.053314209, -140.764419556, 212.301391602, 143.295394897, 21.255197525, 109.315475464, 16.9068241119, -103.304534912, 44.0391197205, 168.008758545, 18.2229442596, -31.0337142944, 40.5247192383], [-42.4843559265, -31.1510810852, -37.2195892334, -20.0533828735, -9.17389965057, -18.1251373291, 7.78197956085, 16.0570755005, -10.4838438034, 18.2229442596, 79.5258407593, 35.3017997742, -8.84412193298], [61.7324371338, 62.3768730164, -24.1685123444, -39.6629981995, 0.559008359909, -6.50474309921, 18.0426826477, 51.7591590881, 21.8945655823, -31.0337142944, 35.3017997742, 94.4372406006, 17.6202411652], [-96.3625106812, -7.56913948059, 96.6352844238, 45.7759780884, -11.4077997208, 31.2036838531, 24.7956371307, -11.9825296402, 20.5912647247, 40.5247192383, -8.84412193298, 17.6202411652, 72.9338302612]]
        icov: [[0.00153392530046, -0.00199892232195, 0.00233708159067, -0.00212334399112, 0.00166082114447, -0.00143883982673, 0.00116158404853, -0.00136345450301, 0.00132934341673, -0.000661490135826, 0.00132823584136, -0.000700079253875, 0.000634224561509], [-0.00199892232195, 0.00613276707008, -0.00372389005497, 0.00469788582996, -0.00480108568445, 0.0041854842566, -0.00278280931525, 0.00239916704595, -0.00247316504829, 0.00222822907381, 0.000260581349721, -0.000690975924954, -0.00156180304475], [0.00233708159067, -0.00372389005497, 0.00566221354529, -0.00347676756792, 0.00302996486425, -0.00409359484911, 0.00134446413722, -0.001768251881, 0.00162511330564, -0.00223001651466, 0.00220819073729, -0.000612083706073, 5.48571588297e-05], [-0.00212334399112, 0.00469788582996, -0.00347676756792, 0.00790238194168, -0.00458542676643, 0.00323285185732, -0.00262930383906, 0.00133038754575, -0.00128466100432, -0.00272958213463, 0.00163619685918, -0.000187022335012, -0.00153602240607], [0.00166082114447, -0.00480108568445, 0.00302996486425, -0.00458542676643, 0.00906910654157, -0.00702919531614, 0.00881438422948, -0.0030361157842, 0.00079722632654, 1.77128604264e-05, -0.00161636294797, 0.000633444869891, 0.000905861204956], [-0.00143883982673, 0.0041854842566, -0.00409359484911, 0.00323285185732, -0.00702919531614, 0.0126300770789, -0.010677350685, 0.00974744092673, -0.00664720358327, 0.0042874570936, -0.00055975234136, -0.0007968863938, 0.00027565160417], [0.00116158404853, -0.00278280931525, 0.00134446413722, -0.00262930383906, 0.00881438422948, -0.010677350685, 0.0227200984955, -0.0157353132963, 0.0145500469953, -0.0113813467324, 0.00629107514396, -0.00586494011804, 0.00114797090646], [-0.00136345450301, 0.00239916704595, -0.001768251881, 0.00133038754575, -0.0030361157842, 0.00974744092673, -0.0157353132963, 0.0273497104645, -0.0239696353674, 0.0231467988342, -0.0147634185851, 0.00765566108748, -0.00458048982546], [0.00132934341673, -0.00247316504829, 0.00162511330564, -0.00128466100432, 0.00079722632654, -0.00664720358327, 0.0145500469953, -0.0239696353674, 0.0382511280477, -0.0298098362982, 0.0228193476796, -0.0179858151823, 0.00711312424392], [-0.000661490135826, 0.00222822907381, -0.00223001651466, -0.00272958213463, 1.77128604264e-05, 0.0042874570936, -0.0113813467324, 0.0231467988342, -0.0298098362982, 0.0422044470906, -0.0281807184219, 0.020884828642, -0.0136312246323], [0.00132823584136, 0.000260581349721, 0.00220819073729, 0.00163619685918, -0.00161636294797, -0.00055975234136, 0.00629107514396, -0.0147634185851, 0.0228193476796, -0.0281807184219, 0.0386025495827, -0.0243396069854, 0.0130285434425], [-0.000700079253875, -0.000690975924954, -0.000612083706073, -0.000187022335012, 0.000633444869891, -0.0007968863938, -0.00586494011804, 0.00765566108748, -0.0179858151823, 0.020884828642, -0.0243396069854, 0.0307434480637, -0.0132819144055], [0.000634224561509, -0.00156180304475, 5.48571588297e-05, -0.00153602240607, 0.000905861204956, 0.00027565160417, 0.00114797090646, -0.00458048982546, 0.00711312424392, -0.0136312246323, 0.0130285434425, -0.0132819144055, 0.024513695389]]
    spectral_contrast:
        mean: [-1.17562230173e-07, 3.64785250895e-07, 1.058948218e-08, 1.90921127796e-08, 1.55910299782e-07, -2.66979128583e-07, 2.59666535385e-06, -3.41450459018e-06, 3.0216241953e-08, -4.94966889164e-06, 1.89851834875e-06, -1.56462192535e-07]
        var: [0.000400908815209, 0.00151606125291, 0.00207015522756, 0.00307864043862, 0.00396471517161, 0.0169936083257, 0.0463024787605, 0.125363767147, 0.185213476419, 0.285553127527, 0.615882873535, 0.852828085423]

rhythm:
    beats_loudness:
        dmean: 0.00314466748387
        dmean2: 0.00544565590099
        dvar: 7.4706435953e-06
        dvar2: 1.79542694241e-05
        max: 0.0114089595154
        mean: 0.00315378117375
        min: 0.000181981609785
        var: 8.6999270934e-06
    beats_loudness_bass:
        dmean: 0.0212132018059
        dmean2: 0.0390935987234
        dvar: 0.0012495231349
        dvar2: 0.00355264008977
        max: 0.112787790596
        mean: 0.0138738881797
        min: 2.21109694394e-05
        var: 0.000839975546114
    bpm: 102.96648407
    bpm_confidence: 0
    first_peak_bpm: 103
    first_peak_spread: 0
    first_peak_weight: 0.529411792755
    onset_rate: 3.88793945312
    second_peak_bpm: 115
    second_peak_spread: 0
    second_peak_weight: 0.411764711142
    beats_position: [0.0561736337841, 0.638927459717, 1.22168123722, 1.80443501472, 2.38718891144, 2.96994280815, 3.55269646645, 4.13545036316, 4.71820402145, 5.30095767975, 6.16838407516, 6.68877267838, 7.20916080475, 7.72954845428, 8.2499370575, 8.77032470703, 9.29071235657, 9.81110095978]
    bpm_estimates: [104.153930664, 102.183013916, 102.5625]
    bpm_intervals: [0.582753837109, 0.582753777504, 0.582753777504, 0.582753896713, 0.582753896713, 0.582753658295, 0.582753896713, 0.582753658295, 0.582753658295, 0.867426395416, 0.52038860321, 0.520388126373, 0.520387649536, 0.52038860321, 0.520387649536, 0.520387649536, 0.52038860321]
    onset_times: [0.0464399084449, 0.487619042397, 0.638548731804, 1.13777780533, 1.23065757751, 1.95047616959, 2.31038546562, 2.47292518616, 2.60063481331, 2.76317453384, 2.96054410934, 4.72526073456, 4.841360569, 4.93424034119, 5.27092981339, 5.34058952332, 5.78176879883, 6.00235843658, 6.11845827103, 6.32743787766, 6.5596370697, 6.74539661407, 6.86149644852, 7.02403640747, 7.20979595184, 7.52326536179, 7.69741487503, 7.83673477173, 8.12698459625, 8.20825386047, 8.4172334671, 8.51011371613, 8.57977294922, 8.74231338501, 9.0906124115, 9.41569137573, 9.53179168701, 9.75238132477, 9.92653083801]
    rubato_start: [6.68877267838]
    rubato_stop: [9.81110095978]
    perceptual_tempo: "unknown"

sfx:
    inharmonicity:
        dmean: 0.0462622009218
        dmean2: 0.0838110744953
        dvar: 0.00509146368131
        dvar2: 0.0144376456738
        max: 0.41416323185
        mean: 0.0378743745387
        min: 2.30570663007e-06
        var: 0.0042156772688
    oddtoevenharmonicenergyratio:
        dmean: 18.6379699707
        dmean2: 35.6792144775
        dvar: 14916.0820312
        dvar2: 43996.34375
        max: 1722.88635254
        mean: 10.9317207336
        min: 1.02707817859e-05
        var: 7845.49316406
    pitch_after_max_to_before_max_energy_ratio: 2.70855593681
    pitch_centroid: 209.504928589
    pitch_max_to_total: 0.025462962687
    pitch_min_to_total: 0.17824074626
    tristimulus:
        dmean: [0.254351258278, 0.258296906948, 0.0394022837281]
        dmean2: [0.453478038311, 0.457276463509, 0.0716789886355]
        dvar: [0.0638513565063, 0.0674082264304, 0.00458934344351]
        dvar2: [0.167049705982, 0.175078287721, 0.0134534379467]
        max: [0.989030182362, 0.997132778168, 0.518004119396]
        mean: [0.432437717915, 0.506185650826, 0.0374872609973]
        min: [0.000296086713206, 0, 0]
        var: [0.0883850678802, 0.0906205251813, 0.00524616893381]

tonal:
    chords_changes_rate: 0.037037037313
    chords_number_rate: 0.0324074067175
    chords_strength:
        dmean: 0.0124115496874
        dmean2: 0.0113389948383
        dvar: 9.44447892834e-05
        dvar2: 0.000100633311376
        max: 0.858603477478
        mean: 0.577204585075
        min: 0.313642948866
        var: 0.022871254012
    key_strength: 0.808554708958
    tuning_diatonic_strength: 0.699535906315
    tuning_equal_tempered_deviation: 0.113829664886
    tuning_frequency: 434.946166992
    tuning_nontempered_energy_ratio: 0.78454464674
    hpcp:
        dmean: [0.0648053511977, 0.0665242597461, 0.068614564836, 0.088668115437, 0.123138323426, 0.178046792746, 0.174625605345, 0.182007223368, 0.1263641119, 0.101179488003, 0.0832648351789, 0.0691433846951, 0.101492680609, 0.155433058739, 0.206232145429, 0.185605153441, 0.173552572727, 0.12934486568, 0.0634332820773, 0.0496516786516, 0.0736938938498, 0.0917148590088, 0.0716685801744, 0.0501712746918, 0.0498031750321, 0.0643865987659, 0.0787807479501, 0.112223491073, 0.135165199637, 0.162241145968, 0.189570993185, 0.177302211523, 0.0859791040421, 0.0379241593182, 0.0377824157476, 0.0529873929918]
        dmean2: [0.115189597011, 0.117141805589, 0.121617645025, 0.152516782284, 0.219066157937, 0.31350710988, 0.298706710339, 0.317963778973, 0.211416140199, 0.178700104356, 0.144893184304, 0.115811519325, 0.178434699774, 0.282048135996, 0.352851718664, 0.325334489346, 0.308257162571, 0.22691975534, 0.120479404926, 0.0909891054034, 0.126589566469, 0.152748346329, 0.122667826712, 0.0886716246605, 0.0946562215686, 0.122101269662, 0.144102618098, 0.206428974867, 0.242532625794, 0.273516952991, 0.320179313421, 0.297076523304, 0.158851355314, 0.0657231286168, 0.0621568523347, 0.0932840332389]
        dvar: [0.0167008135468, 0.0243394225836, 0.0274520348758, 0.0396003499627, 0.0557558685541, 0.0673568025231, 0.0596977323294, 0.0672865509987, 0.0412213131785, 0.040575414896, 0.0308419317007, 0.0181934125721, 0.0346768163145, 0.0647510886192, 0.0593330413103, 0.0597475506365, 0.0495478287339, 0.0414924845099, 0.0231640469283, 0.0155583359301, 0.0194920413196, 0.0275134462863, 0.0236433986574, 0.0218371264637, 0.0282373055816, 0.0349530428648, 0.0298830289394, 0.0442472808063, 0.0546708703041, 0.0480528101325, 0.0697817653418, 0.0654866397381, 0.0320600159466, 0.0141864186153, 0.0160194989294, 0.0209017023444]
        dvar2: [0.0494486801326, 0.0702704787254, 0.0697142630816, 0.103450402617, 0.147695332766, 0.196418479085, 0.141923487186, 0.170866474509, 0.107443392277, 0.0954445749521, 0.0733426362276, 0.0444502532482, 0.0939447283745, 0.171312212944, 0.170434385538, 0.157716289163, 0.139578655362, 0.117834195495, 0.06790150702, 0.0462846830487, 0.0515209622681, 0.0696260333061, 0.0557434745133, 0.062716819346, 0.0911732167006, 0.116431795061, 0.0817573368549, 0.122540421784, 0.140901222825, 0.131352245808, 0.177137643099, 0.172904983163, 0.0895075947046, 0.0316566303372, 0.0334422104061, 0.053658425808]
        max: [0.85421949625, 1, 1, 1, 1, 1, 1, 1, 1, 1, 1, 1, 1, 1, 1, 1, 1, 1, 1, 0.847339272499, 0.880850017071, 1, 1, 1, 1, 1, 1, 1, 1, 1, 1, 1, 1, 1, 1, 1]
        mean: [0.0557244755328, 0.0576865486801, 0.059082750231, 0.0693696141243, 0.103454776108, 0.168405979872, 0.252048581839, 0.220754057169, 0.119007639587, 0.102135308087, 0.111269243062, 0.0960776433349, 0.0887163132429, 0.114323556423, 0.261632502079, 0.373126447201, 0.245504871011, 0.0973504632711, 0.050212033093, 0.0379576534033, 0.0869259685278, 0.13199596107, 0.0922611057758, 0.0442464798689, 0.0339473411441, 0.0423827655613, 0.0723048895597, 0.105168670416, 0.113595105708, 0.168918684125, 0.237598955631, 0.16969101131, 0.0607141517103, 0.0325995124876, 0.0372253321111, 0.0490357801318]
        min: [0.000178144036909, 0.000197142886464, 3.21392144542e-05, 1.02459634945e-05, 2.74331232504e-05, 0.000199667585548, 0.000287386559648, 0.000346446526237, 2.90266780212e-05, 3.72626855096e-05, 1.77342262759e-05, 7.33844535716e-06, 7.33122305974e-06, 6.16195939074e-06, 0.000259059597738, 0.00047944142716, 0.000901235616766, 9.04462358449e-05, 2.70231612376e-05, 3.05778594338e-05, 5.04321105836e-05, 5.79359220865e-05, 0.000407249550335, 9.4084723969e-05, 1.08377744255e-05, 3.02330627164e-05, 9.29975140025e-05, 0.000107763524284, 0.00016058771871, 6.64622566546e-05, 1.79490707524e-05, 4.87020042783e-05, 3.20785875374e-05, 4.32498854934e-05, 3.61535567208e-05, 0.000205465272302]
        var: [0.0143939126283, 0.0181718505919, 0.0256579890847, 0.0346109457314, 0.0564227774739, 0.0717586576939, 0.103394024074, 0.0987290292978, 0.0472581721842, 0.0497242622077, 0.0637744665146, 0.0406915210187, 0.0314391553402, 0.0509614311159, 0.0897359773517, 0.15782520175, 0.0811580717564, 0.0343548990786, 0.0162168387324, 0.0109652159736, 0.0246728267521, 0.0520005263388, 0.0341182611883, 0.0166190750897, 0.0162967350334, 0.0208347588778, 0.0315998345613, 0.0453857518733, 0.0478717498481, 0.0585280135274, 0.104274511337, 0.068502150476, 0.0202260762453, 0.0108661605045, 0.0176005940884, 0.0209712255746]
    chords_histogram: [37.5, 26.851852417, 0, 0, 10.6481485367, 5.09259271622, 0, 0, 0, 0, 4.16666650772, 1.85185182095, 0, 0, 0, 0, 0, 0, 0, 0, 0, 0, 13.8888893127, 0]
    thpcp: [1, 0.657966971397, 0.260904759169, 0.134571090341, 0.101728662848, 0.232966512442, 0.353756636381, 0.24726498127, 0.118583068252, 0.0909807980061, 0.113588213921, 0.193781197071, 0.281857997179, 0.304441303015, 0.452711641788, 0.636778652668, 0.454781502485, 0.162717357278, 0.0873685404658, 0.0997659936547, 0.131418660283, 0.149344742298, 0.154603213072, 0.158345118165, 0.185914486647, 0.277264654636, 0.45133754611, 0.67550444603, 0.591633379459, 0.318947196007, 0.273728400469, 0.298207879066, 0.257493525743, 0.237764745951, 0.30639359355, 0.701189935207]
    chords_key: "G"
    chords_scale: "major"
    key_key: "G"
    key_scale: "major"
    chords_progression: ["A#m", "A#m", "A#m", "A#m", "A", "A", "A", "A", "A", "A", "A", "A", "A", "A", "A", "A", "A", "A", "A", "A", "A", "A", "A", "A", "A", "A", "A", "C#m", "C#m", "C#m", "C#m", "C#m", "C#m", "C#m", "C#m", "C#m", "C#m", "C#m", "C", "C", "C", "C", "C", "C", "C", "C", "F#", "F#", "F#", "F#", "F#", "F#", "F#", "F#", "F#", "G", "G", "G", "G", "G", "G", "G", "G", "G", "G", "G", "G", "G", "G", "G", "G", "G", "G", "G", "G", "G", "G", "G", "G", "G", "G", "G", "G", "G", "G", "G", "G", "G", "G", "G", "G", "G", "G", "G", "G", "G", "G", "G", "G", "G", "G", "G", "G", "G", "G", "G", "G", "G", "G", "G", "G", "G", "G", "G", "G", "G", "Bm", "Bm", "Bm", "Bm", "Bm", "Bm", "Bm", "Bm", "Bm", "Bm", "Bm", "Bm", "Bm", "Bm", "Bm", "Bm", "Bm", "Bm", "Bm", "Bm", "Bm", "Bm", "Bm", "Bm", "Bm", "Bm", "Bm", "Bm", "Bm", "Bm", "Bm", "Bm", "Bm", "Bm", "Bm", "Bm", "Bm", "Bm", "Bm", "Bm", "Bm", "Bm", "Bm", "Bm", "Bm", "Bm", "Bm", "Bm", "Bm", "Bm", "Bm", "Bm", "Bm", "Bm", "Bm", "Bm", "Bm", "Bm", "G", "G", "G", "G", "G", "G", "G", "G", "G", "G", "G", "G", "G", "G", "G", "G", "G", "G", "G", "G", "C", "C", "C", "C", "C", "C", "C", "C", "C", "C", "C", "C", "C", "C", "C", "C", "C", "C", "C", "C", "C", "C"]
