
metadata:
    version:
        essentia: "1.2.2"
    audio_properties:
        analysis_sample_rate: 44100
        bitrate: 128
        channels: 2
        equal_loudness: 1
        length: 9.92653083801
        replay_gain: -9.00733947754
        downmix: "mix"
    tags:
        track: 10
        year: 0
        album: "Splitted by Mp3Splt v. 2.1"
        artist: "From 001.30 To 001.40"
        comment: "http://mp3splt.sf.net"
        genre: ""
        title: "09 Lonesome Suzie.mp3"

highlevel:
    ballroom:
        all:
            ChaChaCha: 0.00821226928383
            Jive: 0.0124944234267
            Quickstep: 0.049005523324
            Rumba-American: 0.0118193970993
            Rumba-International: 0.0742896869779
            Rumba-Misc: 0.0878638252616
            Samba: 0.0155241563916
            Tango: 0.10609665513
            VienneseWaltz: 0.31947723031
            Waltz: 0.315216839314
        probability: 0.31947723031
        value: "VienneseWaltz"
    culture:
        all:
            non_western: 9.68693802861e-06
            western: 0.999990284443
        probability: 0.999990284443
        value: "western"
    gender:
        all:
            female: 0.584584057331
            male: 0.415415942669
        probability: 0.584584057331
        value: "female"
    genre_dortmund:
        all:
            alternative: 0.127918675542
            blues: 0.113830946386
            electronic: 0.00470309378579
            folkcountry: 0.406240463257
            funksoulrnb: 0.0688298866153
            jazz: 0.0438069403172
            pop: 0.104805596173
            raphiphop: 0.00896414555609
            rock: 0.120900250971
        probability: 0.406240463257
        value: "folkcountry"
    genre_electronica:
        all:
            ambient: 0.735179066658
            dnb: 0.0624162405729
            house: 0.0808021426201
            techno: 0.0104343984276
            trance: 0.111168168485
        probability: 0.735179066658
        value: "ambient"
    genre_rosamerica:
        all:
            cla: 0.111906014383
            dan: 0.0431846641004
            hip: 0.0253127831966
            jaz: 0.0469738915563
            pop: 0.278585553169
            rhy: 0.334118425846
            roc: 0.140671014786
            spe: 0.0192476492375
        probability: 0.334118425846
        value: "rhy"
    genre_tzanetakis:
        all:
            blu: 0.00673957029358
            cla: 0.00783588178456
            cou: 0.440693259239
            dis: 0.068634480238
            hip: 0.0019589420408
            jaz: 0.0111404256895
            met: 0.00223159231246
            pop: 0.201821491122
            reg: 0.0262169241905
            roc: 0.232727438211
        probability: 0.440693259239
        value: "cou"
    live_studio:
        all:
            live: 0.0584684126079
            studio: 0.941531598568
        probability: 0.941531598568
        value: "studio"
    mood:
        all:
            Cluster1: 0.0324733108282
            Cluster2: 0.0426452942193
            Cluster3: 0.858027219772
            Cluster4: 0.0486190542579
            Cluster5: 0.0182351469994
        probability: 0.858027219772
        value: "Cluster3"
    mood_acoustic:
        all:
            acoustic: 0.8937920928
            not_acoustic: 0.106207899749
        probability: 0.8937920928
        value: "acoustic"
    mood_aggressive:
        all:
            aggressive: 1.50367341121e-05
            not_aggressive: 0.99998497963
        probability: 0.99998497963
        value: "not_aggressive"
    mood_electronic:
        all:
            electronic: 0.0304275974631
            not_electronic: 0.969572424889
        probability: 0.969572424889
        value: "not_electronic"
    mood_happy:
        all:
            happy: 0.668690681458
            not_happy: 0.33130928874
        probability: 0.668690681458
        value: "happy"
    mood_party:
        all:
            not_party: 0.9379773736
            party: 0.0620226114988
        probability: 0.9379773736
        value: "not_party"
    mood_relaxed:
        all:
            not_relaxed: 0.0349622294307
            relaxed: 0.965037763119
        probability: 0.965037763119
        value: "relaxed"
    mood_sad:
        all:
            not_sad: 0.187740534544
            sad: 0.812259495258
        probability: 0.812259495258
        value: "sad"
    rhythm:
        all:
            fast: 0.232415378094
            medium: 0.419570922852
            slow: 0.348013699055
        probability: 0.419570922852
        value: "medium"
    speech_music:
        all:
            music: 0.999740123749
            speech: 0.000259872642346
        probability: 0.999740123749
        value: "music"
    timbre:
        all:
            bright: 0.19663913548
            dark: 0.803360879421
        probability: 0.803360879421
        value: "dark"
    voice_instrumental:
        all:
            instrumental: 9.27852015593e-05
            voice: 0.999907195568
        probability: 0.999907195568
        value: "voice"

lowlevel:
    average_loudness: 0.962689340115
    barkbands_kurtosis:
        dmean: 1.369582057
        dmean2: 2.23635816574
        dvar: 5.21384811401
        dvar2: 14.7247924805
        max: 21.3842105865
        mean: 1.33910906315
        min: -1.83916556835
        var: 8.22172832489
    barkbands_skewness:
        dmean: 0.390536636114
        dmean2: 0.632361650467
        dvar: 0.201583340764
        dvar2: 0.559831559658
        max: 4.32562494278
        mean: 1.07167756557
        min: -1.61816740036
        var: 0.68523555994
    barkbands_spread:
        dmean: 3.78239178658
        dmean2: 5.95662355423
        dvar: 19.3224658966
        dvar2: 45.0450744629
        max: 62.6207504272
        mean: 19.4236316681
        min: 4.05749845505
        var: 82.2729415894
    dissonance:
        dmean: 0.0333031006157
        dmean2: 0.0559090003371
        dvar: 0.000881729705725
        dvar2: 0.0022793894168
        max: 0.493262708187
        mean: 0.416203945875
        min: 0.164051353931
        var: 0.00194755778648
    hfc:
        dmean: 0.868151128292
        dmean2: 1.10674858093
        dvar: 1.46713101864
        dvar2: 2.13292384148
        max: 20.9946422577
        mean: 4.1462802887
        min: 0.0472204647958
        var: 19.0960826874
    pitch:
        dmean: 141.81350708
        dmean2: 263.725067139
        dvar: 302463.15625
        dvar2: 600128.5
        max: 6300
        mean: 342.671508789
        min: 86.9822463989
        var: 347853.375
    pitch_instantaneous_confidence:
        dmean: 0.0731810703874
        dmean2: 0.113849438727
        dvar: 0.0039614001289
        dvar2: 0.00960094947368
        max: 0.907235920429
        mean: 0.563559710979
        min: 0.147607088089
        var: 0.0218750610948
    pitch_salience:
        dmean: 0.0492593310773
        dmean2: 0.0790522173047
        dvar: 0.00191296520643
        dvar2: 0.00479284487665
        max: 0.786166608334
        mean: 0.52472025156
        min: 0.24269965291
        var: 0.00794619787484
    silence_rate_20dB:
        dmean: 0
        dmean2: 0
        dvar: 0
        dvar2: 0
        max: 1
        mean: 1
        min: 1
        var: 0
    silence_rate_30dB:
        dmean: 0
        dmean2: 0
        dvar: 0
        dvar2: 0
        max: 1
        mean: 1
        min: 1
        var: 0
    silence_rate_60dB:
        dmean: 0.0702576115727
        dmean2: 0.138497650623
        dvar: 0.0653215795755
        dvar2: 0.128705188632
        max: 1
        mean: 0.509345769882
        min: 0
        var: 0.2499114573
    spectral_centroid:
        dmean: 161.159576416
        dmean2: 253.2684021
        dvar: 51476.0507812
        dvar2: 109450.59375
        max: 3816.27978516
        mean: 954.210021973
        min: 238.611465454
        var: 218785.78125
    spectral_complexity:
        dmean: 1.4141176939
        dmean2: 2.27358484268
        dvar: 2.01674699783
        dvar2: 4.36855173111
        max: 25
        mean: 8.76525783539
        min: 0
        var: 17.1890354156
    spectral_crest:
        dmean: 2.11276865005
        dmean2: 3.47790503502
        dvar: 4.50921535492
        dvar2: 12.9443473816
        max: 20.5336456299
        mean: 9.67693328857
        min: 4.26744508743
        var: 11.0411157608
    spectral_decrease:
        dmean: 1.58731972011e-10
        dmean2: 2.14151682498e-10
        dvar: 4.01110412655e-20
        dvar2: 5.85377366434e-20
        max: -1.66318903094e-11
        mean: -9.56058565649e-10
        min: -3.58475404916e-09
        var: 4.47695118028e-19
    spectral_energy:
        dmean: 0.000655684096273
        dmean2: 0.000871359894518
        dvar: 6.61919500544e-07
        dvar2: 9.45769954797e-07
        max: 0.0154339736328
        mean: 0.00398446479812
        min: 7.2433045716e-05
        var: 8.10814162833e-06
    spectral_energyband_high:
        dmean: 4.76253590023e-05
        dmean2: 7.39367314964e-05
        dvar: 1.65236588856e-08
        dvar2: 2.98878610749e-08
        max: 0.00244389148429
        mean: 0.000115388713311
        min: 4.6801230269e-07
        var: 5.60092772162e-08
    spectral_energyband_low:
        dmean: 4.33711647929e-05
        dmean2: 5.96797181061e-05
        dvar: 1.68481992802e-08
        dvar2: 2.52554972491e-08
        max: 0.0019223105628
        mean: 0.000164114200743
        min: 3.14152714509e-07
        var: 8.54599306876e-08
    spectral_energyband_middle_high:
        dmean: 0.000294028228382
        dmean2: 0.000390943954699
        dvar: 1.10603622261e-07
        dvar2: 1.65915594152e-07
        max: 0.00979765877128
        mean: 0.00128933507949
        min: 1.29798800117e-05
        var: 2.47521529673e-06
    spectral_energyband_middle_low:
        dmean: 0.000541266228538
        dmean2: 0.000778052140959
        dvar: 5.19117918429e-07
        dvar2: 8.85072552137e-07
        max: 0.0102322408929
        mean: 0.00241558346897
        min: 3.35366894433e-05
        var: 3.40283509104e-06
    spectral_flatness_db:
        dmean: 0.0150261959061
        dmean2: 0.0233196150512
        dvar: 0.000207176184631
        dvar2: 0.000459530303488
        max: 0.287913352251
        mean: 0.219641298056
        min: 0.135106980801
        var: 0.000933895527851
    spectral_flux:
        dmean: 0.00699320435524
        dmean2: 0.0112762227654
        dvar: 6.41573642497e-05
        dvar2: 0.000164754033904
        max: 0.0759643763304
        mean: 0.0268094893545
        min: 0.00334671349265
        var: 0.000237425629166
    spectral_kurtosis:
        dmean: 3.12591505051
        dmean2: 5.27801990509
        dvar: 13.2039995193
        dvar2: 38.9408340454
        max: 31.6071128845
        mean: 8.19124507904
        min: -0.816526412964
        var: 44.8754272461
    spectral_rms:
        dmean: 0.000165315199411
        dmean2: 0.000221797294216
        dvar: 3.69661492527e-08
        dvar2: 5.07227646551e-08
        max: 0.00388040393591
        mean: 0.00183753517922
        min: 0.000265831506113
        var: 5.10747383942e-07
    spectral_rolloff:
        dmean: 398.338531494
        dmean2: 682.967712402
        dvar: 402229.40625
        dvar2: 907281.125
        max: 6481.49414062
        mean: 1714.11608887
        min: 215.33203125
        var: 1187619.875
    spectral_skewness:
        dmean: 0.318032562733
        dmean2: 0.523301422596
        dvar: 0.0920857042074
        dvar2: 0.243514686823
        max: 4.23046827316
        mean: 1.99591863155
        min: -0.242652252316
        var: 0.497279316187
    spectral_spread:
        dmean: 337587.5625
        dmean2: 461405.4375
        dvar: 237596999680
        dvar2: 356038017024
        max: 9181159
        mean: 3481709.25
        min: 1580487.625
        var: 1.60544915456e+12
    spectral_strongpeak:
        dmean: 0.281175971031
        dmean2: 0.476023733616
        dvar: 0.327130913734
        dvar2: 0.787998318672
        max: 5.6977558136
        mean: 0.664432346821
        min: 0
        var: 0.647842109203
    zerocrossingrate:
        dmean: 0.00665900716558
        dmean2: 0.00758333038539
        dvar: 6.00636340096e-05
        dvar2: 6.96798815625e-05
        max: 0.205078125
        mean: 0.0567174218595
        min: 0.00537109375
        var: 0.000531490019057
    barkbands:
        dmean: [8.36466682586e-08, 8.73543376656e-06, 3.72419635823e-05, 3.83748629247e-05, 0.000265506270807, 0.000172153508174, 0.000160630763276, 0.000120868287922, 0.000164642478921, 7.0293812314e-05, 0.000106040126411, 1.77009333129e-05, 4.25929574703e-05, 7.66886078054e-05, 2.60719043581e-05, 7.80046830187e-05, 3.79218290618e-05, 2.16501575778e-05, 6.29703426966e-05, 7.5905045378e-05, 9.17395482247e-06, 9.13550684345e-06, 7.59253043725e-06, 1.26754628127e-06, 1.38110749504e-07, 2.26947305393e-09, 1.55093493603e-10]
        dmean2: [1.43524516716e-07, 1.38230716402e-05, 5.00307905895e-05, 6.18917038082e-05, 0.000425757054472, 0.000254077080172, 0.000226110118092, 0.000172839238076, 0.000255662336713, 8.85113040567e-05, 0.000137228489621, 2.41756133619e-05, 5.71378513996e-05, 0.00010085721442, 3.7064350181e-05, 0.000130860396894, 6.2423372583e-05, 3.43577776221e-05, 8.93482938409e-05, 0.00010274968372, 1.48143226397e-05, 1.50031182784e-05, 9.3706203188e-06, 1.88675767276e-06, 2.1024541752e-07, 3.36111005694e-09, 2.82959544684e-10]
        dvar: [9.32463958478e-13, 3.05353270447e-10, 1.44991476603e-08, 7.70566277453e-09, 1.67240045812e-07, 1.05650514115e-07, 1.12812855946e-07, 8.33846129922e-08, 8.50213126569e-08, 4.47813235382e-08, 1.51114907254e-08, 3.08014147521e-09, 2.98056299641e-08, 6.17004189962e-08, 2.90959745186e-09, 2.09100541326e-08, 4.50564519028e-09, 4.33127222976e-09, 1.40242413238e-08, 2.2957300061e-08, 5.91753313017e-10, 5.16376630344e-09, 2.61417421044e-09, 8.0673266678e-11, 5.00611488027e-13, 7.71029739688e-17, 8.93855247334e-20]
        dvar2: [1.95237055689e-12, 8.46871683891e-10, 1.96170848454e-08, 1.99305425497e-08, 3.98572638005e-07, 2.62248676108e-07, 2.53860775956e-07, 1.46382944877e-07, 2.08331400131e-07, 3.73651758423e-08, 2.47567584211e-08, 6.81625689225e-09, 5.65340201319e-08, 8.16350080868e-08, 5.53844703433e-09, 6.50563833915e-08, 1.26644303933e-08, 9.6388284021e-09, 2.20024674036e-08, 3.85057816743e-08, 1.50009438205e-09, 1.20254899372e-08, 5.20479570554e-09, 1.62742694321e-10, 1.05692071848e-12, 1.53204675585e-16, 2.14944394361e-19]
        max: [1.98537491087e-05, 0.000230008387007, 0.00186719745398, 0.000914346892387, 0.00529215764254, 0.00433507515118, 0.00544776255265, 0.00641493685544, 0.00373135413975, 0.00590164074674, 0.00254207057878, 0.0012563506607, 0.00293708522804, 0.0072866640985, 0.000702876073774, 0.00149478891399, 0.000752178370021, 0.00120318413246, 0.00207065441646, 0.00298865418881, 0.000260784989223, 0.00133720226586, 0.00116013037041, 0.000174798435182, 1.33452585942e-05, 1.75900368049e-07, 4.84984807869e-09]
        mean: [1.3958346301e-07, 2.82157052425e-05, 0.000135804730235, 7.50826948206e-05, 0.000763853255194, 0.000412137131207, 0.000378158001695, 0.000390662578866, 0.000320251390804, 0.000168092374224, 0.000274855323369, 4.02643199777e-05, 8.02609793027e-05, 0.000211870574276, 4.96813991049e-05, 0.00014124471636, 6.06407920714e-05, 2.94006094919e-05, 0.000163162578247, 0.000211068123463, 1.87376808753e-05, 1.5782601622e-05, 1.26037039081e-05, 2.2575929961e-06, 2.35242623603e-07, 4.61835680809e-09, 1.40571179696e-10]
        min: [3.38750555384e-11, 1.45179761546e-08, 1.06781271825e-07, 1.94982916923e-07, 3.01345608023e-06, 1.71168051111e-06, 1.31697595407e-06, 6.65017580559e-07, 9.65121103036e-07, 2.21677311174e-07, 6.16226145667e-07, 4.90678253584e-08, 2.59120525925e-07, 1.79599680905e-07, 2.61806896162e-08, 4.14046439801e-07, 5.59710855441e-08, 1.44207788821e-07, 8.88027074097e-08, 5.85400300679e-07, 2.93683015684e-08, 1.35072379948e-08, 3.28849947273e-10, 7.85116027746e-10, 2.07618566783e-09, 3.03842895288e-10, 5.14725902959e-13]
        var: [1.76702630392e-12, 1.18234366742e-09, 7.38152081681e-08, 1.9735042045e-08, 5.3923622545e-07, 3.24952736719e-07, 3.06949772266e-07, 9.17376723919e-07, 1.94322865354e-07, 3.19337914334e-07, 1.00257125268e-07, 2.00032239661e-08, 1.02901189791e-07, 6.20737523604e-07, 8.01421151664e-09, 6.08347860975e-08, 9.09166697483e-09, 5.01424768373e-09, 7.966956872e-08, 2.027154693e-07, 1.13797415935e-09, 8.29995450147e-09, 4.9093111798e-09, 1.56787471894e-10, 8.58741788616e-13, 2.71891620368e-16, 1.39467678984e-19]
    mfcc:
        mean: [-776.774658203, 161.989196777, -46.8066101074, 46.6701278687, -28.6172218323, -10.9868087769, -9.61853694916, -10.0620613098, -10.2461681366, 2.70756578445, -14.87541008, -15.0033273697, 1.55082094669]
        cov: [[4829.68164062, -1869.1262207, 692.67199707, -409.984161377, -316.765594482, 116.49382019, -195.749023438, 396.239349365, -544.798706055, 366.540008545, -151.000244141, -159.114440918, 68.9038543701], [-1869.1262207, 1671.49279785, -668.71697998, 238.719528198, 218.649002075, -31.113325119, 65.3449554443, -102.957992554, 341.919036865, -315.087615967, 199.417724609, 42.1981391907, 7.03948736191], [692.67199707, -668.71697998, 702.543701172, -92.2472686768, -90.7258605957, 99.788734436, 15.9564571381, 107.067527771, -204.529266357, 190.038360596, -25.6342582703, 36.5767059326, -28.5028171539], [-409.984161377, 238.719528198, -92.2472686768, 331.833007812, 134.316757202, -87.5652694702, -48.947353363, -44.0666122437, 176.660736084, -64.069229126, -71.9167251587, 25.2046031952, 65.1136627197], [-316.765594482, 218.649002075, -90.7258605957, 134.316757202, 270.343811035, -66.1681594849, -57.8375015259, -11.4216632843, 170.337554932, -122.803443909, -6.67853403091, 61.1507110596, -6.18910884857], [116.49382019, -31.113325119, 99.788734436, -87.5652694702, -66.1681594849, 185.226898193, 63.8645896912, 35.9082527161, -79.888885498, 51.5358085632, 70.8722000122, -6.21624183655, 3.5835814476], [-195.749023438, 65.3449554443, 15.9564571381, -48.947353363, -57.8375015259, 63.8645896912, 198.980072021, 17.9965190887, -67.4219665527, 35.3725662231, 51.9354400635, 1.95964109898, 1.76959621906], [396.239349365, -102.957992554, 107.067527771, -44.0666122437, -11.4216632843, 35.9082527161, 17.9965190887, 142.763534546, -57.2750778198, 16.5431995392, 29.2746944427, 9.09975719452, 13.1684103012], [-544.798706055, 341.919036865, -204.529266357, 176.660736084, 170.337554932, -79.888885498, -67.4219665527, -57.2750778198, 253.040161133, -131.522888184, -17.3196716309, 55.3978614807, 16.1490077972], [366.540008545, -315.087615967, 190.038360596, -64.069229126, -122.803443909, 51.5358085632, 35.3725662231, 16.5431995392, -131.522888184, 214.521820068, -25.3860206604, -20.188211441, 31.5298995972], [-151.000244141, 199.417724609, -25.6342582703, -71.9167251587, -6.67853403091, 70.8722000122, 51.9354400635, 29.2746944427, -17.3196716309, -25.3860206604, 192.852279663, 47.4354515076, -25.9351902008], [-159.114440918, 42.1981391907, 36.5767059326, 25.2046031952, 61.1507110596, -6.21624183655, 1.95964109898, 9.09975719452, 55.3978614807, -20.188211441, 47.4354515076, 127.366188049, 1.35775279999], [68.9038543701, 7.03948736191, -28.5028171539, 65.1136627197, -6.18910884857, 3.5835814476, 1.76959621906, 13.1684103012, 16.1490077972, 31.5298995972, -25.9351902008, 1.35775279999, 127.92527771]]
        icov: [[0.000597477250267, 0.000541559886187, 0.000262995425146, 6.91473760526e-05, -7.11389293429e-05, -0.000130828877445, 0.000757224741392, -0.00127297197469, 0.000520100758877, -8.96397250472e-05, -9.23034604057e-05, 0.000381709600333, -0.000273757381365], [0.000541559886187, 0.00217625685036, 0.00116799317766, -0.000823037698865, -0.000113859809062, -0.000518251967151, -9.76331430138e-05, -0.000892677111551, -0.000518242246471, 0.000703038298525, -0.00181897659786, 0.00089316314552, -0.0001161507098], [0.000262995425146, 0.00116799317766, 0.00369712314568, -0.00135397200938, -0.000574752048124, -0.00157260405831, 0.000643964507617, -0.00189240160398, 0.00215583411045, -0.0013795766281, 0.000342562474543, -0.00182941008825, 0.00166587391868], [6.91473760526e-05, -0.000823037698865, -0.00135397200938, 0.00679894397035, -0.00091196061112, 0.00143125385512, -0.000203678820981, 0.00041887696716, -0.00354721932672, -0.000422502402216, 0.0017358744517, 0.000744549673982, -0.00298284133896], [-7.11389293429e-05, -0.000113859809062, -0.000574752048124, -0.00091196061112, 0.00770026678219, 0.000431924738223, 0.000317603029544, -0.00101300561801, -0.0036779535003, 0.00202638749033, 0.000242452733801, -0.00149275059812, 0.000870885327458], [-0.000130828877445, -0.000518251967151, -0.00157260405831, 0.00143125385512, 0.000431924738223, 0.00862720608711, -0.00149810453877, 0.000126121696667, -0.000516096362844, -0.00056763732573, -0.00273040891625, 0.00157238077372, -0.00155813165475], [0.000757224741392, -9.76331430138e-05, 0.000643964507617, -0.000203678820981, 0.000317603029544, -0.00149810453877, 0.00770550174639, -0.00181929639075, 0.00314790592529, -0.00078827055404, -0.00019178565708, -0.000800505105872, -0.000250802986557], [-0.00127297197469, -0.000892677111551, -0.00189240160398, 0.00041887696716, -0.00101300561801, 0.000126121696667, -0.00181929639075, 0.0121998731047, 0.000899420760106, 0.0020404602401, -0.001363354153, -0.000723051954992, -0.00206846697256], [0.000520100758877, -0.000518242246471, 0.00215583411045, -0.00354721932672, -0.0036779535003, -0.000516096362844, 0.00314790592529, 0.000899420760106, 0.0156621914357, 0.0022487975657, 0.00176015950274, -0.00457491818815, -0.0003913907276], [-8.96397250472e-05, 0.000703038298525, -0.0013795766281, -0.000422502402216, 0.00202638749033, -0.00056763732573, -0.00078827055404, 0.0020404602401, 0.0022487975657, 0.0100005995482, 0.00029402479413, -0.000471445848234, -0.00285206083208], [-9.23034604057e-05, -0.00181897659786, 0.000342562474543, 0.0017358744517, 0.000242452733801, -0.00273040891625, -0.00019178565708, -0.001363354153, 0.00176015950274, 0.00029402479413, 0.0105206724256, -0.00475667929277, 0.00146254140418], [0.000381709600333, 0.00089316314552, -0.00182941008825, 0.000744549673982, -0.00149275059812, 0.00157238077372, -0.000800505105872, -0.000723051954992, -0.00457491818815, -0.000471445848234, -0.00475667929277, 0.0129702165723, -0.00148038449697], [-0.000273757381365, -0.0001161507098, 0.00166587391868, -0.00298284133896, 0.000870885327458, -0.00155813165475, -0.000250802986557, -0.00206846697256, -0.0003913907276, -0.00285206083208, 0.00146254140418, -0.00148038449697, 0.011227096431]]
    spectral_contrast:
        mean: [3.88357150882e-08, 5.4649831327e-07, 1.230832396e-07, 1.60169989272e-07, -4.45635670587e-08, -2.42756016178e-07, 1.00040654161e-06, -8.90711646662e-07, 4.36541057525e-07, -4.64524475774e-07, 3.12854439244e-07, -2.90131902148e-06]
        var: [0.000771203427576, 0.00100933760405, 0.0019989584107, 0.00232792901807, 0.00436960346997, 0.00693465024233, 0.0601526796818, 0.124028466642, 0.169237837195, 0.335082799196, 0.920244932175, 2.63098335266]

rhythm:
    beats_loudness:
        dmean: 0.00279413885437
        dmean2: 0.00472518010065
        dvar: 6.88629188517e-06
        dvar2: 2.33956434386e-05
        max: 0.0123171946034
        mean: 0.00484123593196
        min: 0.000266398943495
        var: 8.14304257801e-06
    beats_loudness_bass:
        dmean: 0.0946829840541
        dmean2: 0.170242607594
        dvar: 0.00665814196691
        dvar2: 0.010910728015
        max: 0.400669276714
        mean: 0.0829149484634
        min: 0.00767847523093
        var: 0.00862502772361
    bpm: 131.067657471
    bpm_confidence: 0
    first_peak_bpm: 128
    first_peak_spread: 0.0769230723381
    first_peak_weight: 0.571428596973
    onset_rate: 3.02220392227
    second_peak_bpm: 133
    second_peak_spread: 0
    second_peak_weight: 0.380952388048
    beats_position: [0.0450441986322, 0.513259649277, 0.981475174427, 1.44969069958, 1.91790616512, 2.38612174988, 2.85433721542, 3.32255268097, 3.79076814651, 4.25898361206, 4.72719860077, 5.19541406631, 5.66362953186, 6.13978672028, 6.59258365631, 7.04538106918, 7.49817800522, 7.95097494125, 8.40377235413, 8.85656929016, 9.3093662262, 9.76216316223]
    bpm_estimates: [129.019683838, 128.173797607, 127.257041931, 132.656860352, 132.246551514, 131.928466797, 135.671890259, 130.973251343, 131.681289673]
    bpm_intervals: [0.468215465546, 0.46821552515, 0.46821552515, 0.468215465546, 0.468215584755, 0.468215465546, 0.468215465546, 0.468215465546, 0.468215465546, 0.468214988708, 0.468215465546, 0.468215465546, 0.476157188416, 0.452796936035, 0.452797412872, 0.452796936035, 0.452796936035, 0.452797412872, 0.452796936035, 0.452796936035, 0.452796936035]
    onset_times: [0.0580498874187, 0.882358253002, 1.02167797089, 1.19582772255, 1.8575963974, 1.96208620071, 2.43809533119, 2.67029476166, 2.7863945961, 2.91410422325, 3.40172338486, 3.48299312592, 3.62231302261, 3.76163268089, 4.1679816246, 4.3073015213, 4.73687076569, 5.630838871, 6.24616765976, 6.51319742203, 7.26784563065, 7.37233543396, 7.44199562073, 7.94122457504, 8.62621307373, 8.78875255585, 8.97451210022, 9.10222244263, 9.32281208038, 9.78721046448]
    rubato_start: []
    rubato_stop: []
    perceptual_tempo: "unknown"

sfx:
    inharmonicity:
        dmean: 0.033325728029
        dmean2: 0.0617119669914
        dvar: 0.00265348353423
        dvar2: 0.00783001817763
        max: 0.333941757679
        mean: 0.0313082449138
        min: 1.24579701151e-05
        var: 0.00200492283329
    oddtoevenharmonicenergyratio:
        dmean: 2.31606793404
        dmean2: 3.98409748077
        dvar: 22.6467990875
        dvar2: 59.7936782837
        max: 65.2956390381
        mean: 2.65995836258
        min: 6.6108223109e-05
        var: 29.2860984802
    pitch_after_max_to_before_max_energy_ratio: 1.89456474781
    pitch_centroid: 198.262664795
    pitch_max_to_total: 0.373239427805
    pitch_min_to_total: 0.793427228928
    tristimulus:
        dmean: [0.189401820302, 0.208896443248, 0.0732306614518]
        dmean2: [0.331191211939, 0.366165995598, 0.128968313336]
        dvar: [0.0361165143549, 0.0412479974329, 0.00756314443424]
        dvar2: [0.096738435328, 0.116463765502, 0.0202516783029]
        max: [0.977443993092, 0.937012255192, 0.596609711647]
        mean: [0.386832118034, 0.513630568981, 0.0863192677498]
        min: [0.0214304625988, 0, 0]
        var: [0.0500108599663, 0.0553748682141, 0.00890453532338]

tonal:
    chords_changes_rate: 0.0373831763864
    chords_number_rate: 0.0280373822898
    chords_strength:
        dmean: 0.00768650323153
        dmean2: 0.00662523508072
        dvar: 3.28175628965e-05
        dvar2: 2.84739453491e-05
        max: 0.723533272743
        mean: 0.577476799488
        min: 0.355671495199
        var: 0.0078025967814
    key_strength: 0.687286436558
    tuning_diatonic_strength: 0.489372938871
    tuning_equal_tempered_deviation: 0.105353392661
    tuning_frequency: 441.527557373
    tuning_nontempered_energy_ratio: 0.738138794899
    hpcp:
        dmean: [0.101512901485, 0.0966873988509, 0.0635146945715, 0.0588220916688, 0.0510427094996, 0.0947063788772, 0.124527670443, 0.112290948629, 0.137710824609, 0.150319099426, 0.104775242507, 0.0486666411161, 0.041910842061, 0.0382811687887, 0.0449101515114, 0.0516616515815, 0.054474003613, 0.0584242902696, 0.0657516419888, 0.0632166862488, 0.0943071097136, 0.126177340746, 0.115337230265, 0.112842701375, 0.0912880003452, 0.0456333458424, 0.0326017551124, 0.0292795114219, 0.050080537796, 0.0708477422595, 0.0606259331107, 0.0799126252532, 0.111155413091, 0.104267314076, 0.0899787172675, 0.127094045281]
        dmean2: [0.165017589927, 0.159084990621, 0.0994007885456, 0.0938574597239, 0.0762643665075, 0.148954808712, 0.194464325905, 0.185977727175, 0.228582695127, 0.24495087564, 0.180354297161, 0.0890794321895, 0.0715831294656, 0.0664296150208, 0.076527133584, 0.0854489505291, 0.0907450914383, 0.101245090365, 0.112361431122, 0.0982512459159, 0.150506481528, 0.199362754822, 0.192903205752, 0.193644717336, 0.150016576052, 0.0815422609448, 0.0594926476479, 0.0527746006846, 0.0797635763884, 0.113688394427, 0.091975055635, 0.135005921125, 0.186791911721, 0.177881777287, 0.152767419815, 0.204189196229]
        dvar: [0.0290177892894, 0.0207612570375, 0.0164686124772, 0.0148342167959, 0.00883927382529, 0.0210010074079, 0.0306849163026, 0.024501979351, 0.0337301790714, 0.0292632076889, 0.0222878940403, 0.0153184980154, 0.0144960610196, 0.0105777736753, 0.00921152438968, 0.0122492089868, 0.0127780456096, 0.0199620183557, 0.0242714807391, 0.0210952758789, 0.0211168266833, 0.0301322732121, 0.0252946037799, 0.0347638130188, 0.0222146548331, 0.0161498244852, 0.0127470484003, 0.00997392740101, 0.0113253975287, 0.0191163104028, 0.0145809538662, 0.0182842928916, 0.0315494164824, 0.0316082015634, 0.0160658899695, 0.0259922165424]
        dvar2: [0.0589319877326, 0.0532936789095, 0.0362976454198, 0.0310993939638, 0.0192803256214, 0.0540712065995, 0.0688407123089, 0.0493608154356, 0.093700222671, 0.073034144938, 0.0694727748632, 0.0447565056384, 0.0374363176525, 0.027222013101, 0.0222349688411, 0.0305791795254, 0.0358186662197, 0.0456460602582, 0.0614462085068, 0.0545981153846, 0.0518602728844, 0.0744357183576, 0.0644219070673, 0.0808993205428, 0.0488142557442, 0.0466481298208, 0.0346886329353, 0.0273906961083, 0.0256303567439, 0.0394428558648, 0.0313311107457, 0.0489480122924, 0.0697031393647, 0.0685120671988, 0.0450463816524, 0.0611534155905]
        max: [1, 1, 1, 1, 1, 1, 1, 1, 1, 1, 0.976470768452, 1, 0.920933365822, 1, 0.684817075729, 1, 0.80347597599, 1, 1, 1, 1, 1, 1, 1, 0.966549992561, 1, 0.797323405743, 0.910359382629, 1, 1, 1, 1, 1, 1, 1, 1]
        mean: [0.413968443871, 0.18795016408, 0.089127458632, 0.120617091656, 0.0948802679777, 0.159814938903, 0.211476013064, 0.166372939944, 0.300853729248, 0.347769081593, 0.155468270183, 0.0446120239794, 0.0357214696705, 0.0332168787718, 0.06443939358, 0.0905368104577, 0.0645710676908, 0.0660983175039, 0.0780749842525, 0.0704823285341, 0.144481539726, 0.204648777843, 0.17762953043, 0.224606886506, 0.179125621915, 0.0501646101475, 0.0227639228106, 0.0210430845618, 0.0555400326848, 0.173564657569, 0.197074323893, 0.113133847713, 0.185135707259, 0.216153204441, 0.142810866237, 0.322357416153]
        min: [0.000317569152685, 0.000460349896457, 0.000737742288038, 0.000316746532917, 0.00020478546503, 0.00064201495843, 0.000169661972905, 0.00308245047927, 0.00198836321943, 0.00242206337862, 0.00338674359955, 0.000176765708602, 0.000179923619726, 0.000285878108116, 0.000577612547204, 0.000415835267631, 0.000298584520351, 0.000214366300497, 0.000140321397339, 0.000303822162095, 0.000711790460628, 0.000854978978168, 0.000647201319225, 6.47286942694e-05, 0.000140953809023, 0.000139156269142, 8.99162259884e-05, 8.19069318823e-05, 0.000176780667971, 0.000685450795572, 0.000911118171643, 0.00129620137159, 0.000325896660797, 7.84130243119e-05, 0.000526943651494, 0.000249686476309]
        var: [0.182713091373, 0.0487798675895, 0.0251322630793, 0.0472009144723, 0.0242957714945, 0.0439840704203, 0.0706876963377, 0.0352249331772, 0.0857645347714, 0.0933528617024, 0.0291912425309, 0.0107171032578, 0.0116517879069, 0.00819817744195, 0.0161742866039, 0.0344484373927, 0.0137122180313, 0.0224931221455, 0.0312710292637, 0.0274781249464, 0.0418066829443, 0.0551101602614, 0.0422172360122, 0.0996469333768, 0.066439434886, 0.0118450345472, 0.00844049081206, 0.00648417975754, 0.0145307574421, 0.0831110030413, 0.103461906314, 0.0230281949043, 0.0715507939458, 0.104481227696, 0.0262830238789, 0.11269505322]
    chords_histogram: [39.2523345947, 0, 14.9532709122, 11.6822433472, 0, 0, 0, 0, 0, 20.0934581757, 2.33644866943, 0, 0, 0, 0, 0, 0.467289716005, 0, 0, 0, 0, 0, 0, 11.2149534225]
    thpcp: [1, 0.454020500183, 0.215300127864, 0.291367828846, 0.229196861386, 0.386055856943, 0.510850548744, 0.401897639036, 0.726755201817, 0.840085983276, 0.375555843115, 0.107766725123, 0.0862903222442, 0.0802401229739, 0.155662581325, 0.218704611063, 0.15598064661, 0.159669935703, 0.18860130012, 0.17026014626, 0.349015831947, 0.49435839057, 0.429089546204, 0.542570054531, 0.43270355463, 0.121179789305, 0.0549895130098, 0.050832580775, 0.134164899588, 0.419270247221, 0.476061224937, 0.273290991783, 0.447221785784, 0.522148966789, 0.344980090857, 0.778700470924]
    chords_key: "A"
    chords_scale: "minor"
    key_key: "A"
    key_scale: "minor"
    chords_progression: ["G", "G", "G", "G", "G", "G", "G", "G", "G", "G", "G", "G", "G", "G", "G", "G", "G", "G", "G", "G", "G", "G", "G", "G", "G", "Em", "Em", "Em", "Em", "Em", "Em", "Em", "E", "E", "E", "E", "E", "E", "E", "E", "E", "E", "E", "E", "E", "E", "E", "E", "E", "E", "E", "E", "E", "E", "E", "E", "E", "E", "E", "E", "E", "E", "E", "E", "G#m", "G#m", "G#m", "G#m", "G#m", "Am", "Am", "Am", "Am", "Am", "Am", "Am", "Am", "Am", "Am", "Am", "Am", "Am", "Am", "Am", "Am", "Am", "Am", "Am", "Am", "Am", "Am", "Am", "Am", "Am", "Am", "Am", "Am", "Am", "Am", "Am", "Am", "Am", "Am", "Am", "Am", "Am", "Am", "Am", "Am", "Am", "Am", "Am", "Am", "Am", "Am", "Am", "Am", "Am", "Am", "Am", "Am", "Am", "Am", "Am", "Am", "Am", "Am", "Am", "Am", "Am", "Am", "Am", "Am", "Am", "Am", "Am", "Am", "Am", "Am", "Am", "Am", "Am", "Am", "Am", "Am", "Am", "Am", "Am", "Am", "Am", "Am", "Am", "Am", "F", "F", "F", "F", "F", "F", "F", "F", "F", "F", "F", "F", "F", "F", "F", "F", "F", "F", "F", "F", "F", "F", "F", "F", "E", "E", "E", "E", "E", "E", "E", "E", "E", "E", "E", "Fm", "Em", "Em", "Em", "Em", "Em", "Em", "Em", "Em", "Em", "Em", "Em", "Em", "Em", "Em", "Em", "Em", "Em", "Em", "Em", "Em", "Em", "Em", "Em", "Em", "Em"]
