
metadata:
    version:
        essentia: "1.2.2"
    audio_properties:
        analysis_sample_rate: 44100
        bitrate: 128
        channels: 2
        equal_loudness: 1
        length: 10.0310201645
        replay_gain: -8.17225074768
        downmix: "mix"
    tags:
        track: 2
        year: 0
        album: "Splitted by Mp3Splt v. 2.1"
        artist: "From 000.10 To 000.20"
        comment: "http://mp3splt.sf.net"
        genre: ""
        title: "01 Inhaler.mp3"

highlevel:
    ballroom:
        all:
            ChaChaCha: 0.270962178707
            Jive: 0.020633822307
            Quickstep: 0.0121057331562
            Rumba-American: 0.0181101094931
            Rumba-International: 0.457780480385
            Rumba-Misc: 0.068269200623
            Samba: 0.08386220783
            Tango: 0.0358737483621
            VienneseWaltz: 0.013982350938
            Waltz: 0.018420137465
        probability: 0.457780480385
        value: "Rumba-International"
    culture:
        all:
            non_western: 0.89013838768
            western: 0.109861604869
        probability: 0.89013838768
        value: "non_western"
    gender:
        all:
            female: 0.661219477654
            male: 0.338780522346
        probability: 0.661219477654
        value: "female"
    genre_dortmund:
        all:
            alternative: 0.0045759039931
            blues: 0.000196622597286
            electronic: 0.97419410944
            folkcountry: 0.000513350707479
            funksoulrnb: 0.000218768502236
            jazz: 0.00846301298589
            pop: 0.00154387811199
            raphiphop: 0.00741440383717
            rock: 0.00287996907718
        probability: 0.97419410944
        value: "electronic"
    genre_electronica:
        all:
            ambient: 0.292057514191
            dnb: 0.0156094450504
            house: 0.0727690160275
            techno: 0.608914375305
            trance: 0.0106496689841
        probability: 0.608914375305
        value: "techno"
    genre_rosamerica:
        all:
            cla: 0.030910378322
            dan: 0.342110008001
            hip: 0.0728457644582
            jaz: 0.0851125568151
            pop: 0.0201808996499
            rhy: 0.404881983995
            roc: 0.0346118360758
            spe: 0.00934657361358
        probability: 0.404881983995
        value: "rhy"
    genre_tzanetakis:
        all:
            blu: 0.174430057406
            cla: 0.1415604949
            cou: 0.0220552496612
            dis: 0.0325353033841
            hip: 0.113698430359
            jaz: 0.0548412613571
            met: 0.0279706586152
            pop: 0.101273626089
            reg: 0.28011828661
            roc: 0.0515166372061
        probability: 0.28011828661
        value: "reg"
    live_studio:
        all:
            live: 0.112847670913
            studio: 0.887152314186
        probability: 0.887152314186
        value: "studio"
    mood:
        all:
            Cluster1: 0.470846027136
            Cluster2: 0.0476996339858
            Cluster3: 0.21038416028
            Cluster4: 0.0437985546887
            Cluster5: 0.22727163136
        probability: 0.470846027136
        value: "Cluster1"
    mood_acoustic:
        all:
            acoustic: 0.217272296548
            not_acoustic: 0.782727718353
        probability: 0.782727718353
        value: "not_acoustic"
    mood_aggressive:
        all:
            aggressive: 0.0148428967223
            not_aggressive: 0.985157132149
        probability: 0.985157132149
        value: "not_aggressive"
    mood_electronic:
        all:
            electronic: 0.881581187248
            not_electronic: 0.118418805301
        probability: 0.881581187248
        value: "electronic"
    mood_happy:
        all:
            happy: 0.0361008420587
            not_happy: 0.96389913559
        probability: 0.96389913559
        value: "not_happy"
    mood_party:
        all:
            not_party: 0.820185065269
            party: 0.179814904928
        probability: 0.820185065269
        value: "not_party"
    mood_relaxed:
        all:
            not_relaxed: 0.231872156262
            relaxed: 0.768127858639
        probability: 0.768127858639
        value: "relaxed"
    mood_sad:
        all:
            not_sad: 0.431944638491
            sad: 0.568055331707
        probability: 0.568055331707
        value: "sad"
    rhythm:
        all:
            fast: 0.175056025386
            medium: 0.736981332302
            slow: 0.0879626348615
        probability: 0.736981332302
        value: "medium"
    speech_music:
        all:
            music: 0.98349159956
            speech: 0.0165084246546
        probability: 0.98349159956
        value: "music"
    timbre:
        all:
            bright: 0.0557807013392
            dark: 0.94421929121
        probability: 0.94421929121
        value: "dark"
    voice_instrumental:
        all:
            instrumental: 0.992971122265
            voice: 0.00702888984233
        probability: 0.992971122265
        value: "instrumental"

lowlevel:
    average_loudness: 0.961899697781
    barkbands_kurtosis:
        dmean: 26.5373840332
        dmean2: 43.253490448
        dvar: 1155.45117188
        dvar2: 3127.13647461
        max: 270.307434082
        mean: 48.152130127
        min: -1.92803621292
        var: 2030.99304199
    barkbands_skewness:
        dmean: 1.46717846394
        dmean2: 2.31079626083
        dvar: 2.60080742836
        dvar2: 6.97429227829
        max: 13.3964662552
        mean: 3.74512314796
        min: -2.5422501564
        var: 5.88434076309
    barkbands_spread:
        dmean: 4.34440088272
        dmean2: 6.13545274734
        dvar: 72.6198348999
        dvar2: 118.394622803
        max: 78.3141555786
        mean: 8.89332962036
        min: 0.181502580643
        var: 287.633728027
    dissonance:
        dmean: 0.0351053923368
        dmean2: 0.0609761364758
        dvar: 0.00178757926915
        dvar2: 0.0049372180365
        max: 0.499670773745
        mean: 0.428921937943
        min: 0.144632294774
        var: 0.00258310860954
    hfc:
        dmean: 1.02827572823
        dmean2: 1.54514992237
        dvar: 9.31812095642
        dvar2: 21.9184608459
        max: 25.5975875854
        mean: 1.03697514534
        min: 0.00270988396369
        var: 10.2646760941
    pitch:
        dmean: 200.590515137
        dmean2: 372.361022949
        dvar: 605548.75
        dvar2: 1197545.125
        max: 4900
        mean: 589.817443848
        min: 43.1506843567
        var: 1616693.625
    pitch_instantaneous_confidence:
        dmean: 0.121299371123
        dmean2: 0.213723376393
        dvar: 0.0143829956651
        dvar2: 0.0405819751322
        max: 0.704108893871
        mean: 0.439759552479
        min: 0.0419781208038
        var: 0.0234519541264
    pitch_salience:
        dmean: 0.116757646203
        dmean2: 0.191866159439
        dvar: 0.0164564587176
        dvar2: 0.0422794893384
        max: 0.845878601074
        mean: 0.340560734272
        min: 0.10898270458
        var: 0.0296969860792
    silence_rate_20dB:
        dmean: 0
        dmean2: 0
        dvar: 0
        dvar2: 0
        max: 1
        mean: 1
        min: 1
        var: 0
    silence_rate_30dB:
        dmean: 0
        dmean2: 0
        dvar: 0
        dvar2: 0
        max: 1
        mean: 1
        min: 1
        var: 0
    silence_rate_60dB:
        dmean: 0.120649650693
        dmean2: 0.241860464215
        dvar: 0.106093578041
        dvar2: 0.188015267253
        max: 1
        mean: 0.819444417953
        min: 0
        var: 0.147955387831
    spectral_centroid:
        dmean: 142.434402466
        dmean2: 174.665328979
        dvar: 107853.148438
        dvar2: 120022.125
        max: 3798.00976562
        mean: 350.115020752
        min: 63.6445884705
        var: 415412.65625
    spectral_complexity:
        dmean: 1.47086250782
        dmean2: 2.27570104599
        dvar: 14.0020627975
        dvar2: 29.2323551178
        max: 33
        mean: 2.26046514511
        min: 0
        var: 16.662399292
    spectral_crest:
        dmean: 3.2416973114
        dmean2: 5.29332113266
        dvar: 8.99947452545
        dvar2: 23.748500824
        max: 24.9040298462
        mean: 15.4923419952
        min: 4.32494115829
        var: 19.5159454346
    spectral_decrease:
        dmean: 4.66107985542e-10
        dmean2: 7.95831234246e-10
        dvar: 1.10989357513e-18
        dvar2: 2.86499795422e-18
        max: -4.72060585066e-12
        mean: -5.48711687198e-10
        min: -7.12766601296e-09
        var: 9.52871637209e-19
    spectral_energy:
        dmean: 0.00184835225809
        dmean2: 0.00313212000765
        dvar: 1.66754016391e-05
        dvar2: 4.29992905993e-05
        max: 0.0272866617888
        mean: 0.00216501974501
        min: 1.82251260412e-05
        var: 1.44063524203e-05
    spectral_energyband_high:
        dmean: 6.83187754476e-05
        dmean2: 9.06066270545e-05
        dvar: 6.30852596828e-08
        dvar2: 1.33417088932e-07
        max: 0.00223305285908
        mean: 7.35469147912e-05
        min: 2.10596651229e-09
        var: 8.32154967156e-08
    spectral_energyband_low:
        dmean: 0.00106515013613
        dmean2: 0.00178920058534
        dvar: 6.38717210677e-06
        dvar2: 1.63808654179e-05
        max: 0.0222503617406
        mean: 0.00141862093005
        min: 7.38024664315e-06
        var: 5.89521141592e-06
    spectral_energyband_middle_high:
        dmean: 0.000169074570294
        dmean2: 0.000268395931926
        dvar: 2.99235296097e-07
        dvar2: 7.29039186353e-07
        max: 0.00434548826888
        mean: 0.000148298466229
        min: 5.47627454495e-09
        var: 2.97279171946e-07
    spectral_energyband_middle_low:
        dmean: 0.000794078689069
        dmean2: 0.00149591243826
        dvar: 5.36080779057e-06
        dvar2: 1.52480060933e-05
        max: 0.0138107715175
        mean: 0.000524312490597
        min: 7.0621621262e-07
        var: 3.08187327391e-06
    spectral_flatness_db:
        dmean: 0.0597308948636
        dmean2: 0.0940750688314
        dvar: 0.00571818742901
        dvar2: 0.0124599812552
        max: 0.624177217484
        mean: 0.393780082464
        min: 0.0721673518419
        var: 0.0232461262494
    spectral_flux:
        dmean: 0.0144952731207
        dmean2: 0.0234979875386
        dvar: 0.0005966447643
        dvar2: 0.00106604315806
        max: 0.142864540219
        mean: 0.0242059063166
        min: 0.00149517750833
        var: 0.000887265778147
    spectral_kurtosis:
        dmean: 22.2223300934
        dmean2: 37.7996940613
        dvar: 825.774230957
        dvar2: 2053.8894043
        max: 197.351486206
        mean: 52.8511619568
        min: 0.245677947998
        var: 2355.02490234
    spectral_rms:
        dmean: 0.000465568766231
        dmean2: 0.000730239553377
        dvar: 5.38883284662e-07
        dvar2: 1.26533973344e-06
        max: 0.00515956711024
        mean: 0.00118776853196
        min: 0.000133343957714
        var: 7.0141982178e-07
    spectral_rolloff:
        dmean: 237.969512939
        dmean2: 390.666351318
        dvar: 520170.59375
        dvar2: 824641.75
        max: 5124.90234375
        mean: 550.799438477
        min: 64.599609375
        var: 1457615.875
    spectral_skewness:
        dmean: 1.2936681509
        dmean2: 2.13952732086
        dvar: 2.4173822403
        dvar2: 5.6645488739
        max: 11.8512601852
        mean: 5.29467964172
        min: 0.719833672047
        var: 10.5550107956
    spectral_spread:
        dmean: 870694.3125
        dmean2: 1348212.5
        dvar: 1.22681806029e+12
        dvar2: 2.0827266089e+12
        max: 21233956
        mean: 3349340.5
        min: 591716.5
        var: 7.21670740378e+12
    spectral_strongpeak:
        dmean: 0.062114149332
        dmean2: 0.104471795261
        dvar: 0.0247795004398
        dvar2: 0.0701904445887
        max: 2.17333054543
        mean: 0.115307927132
        min: 0.0112499147654
        var: 0.0184412952513
    zerocrossingrate:
        dmean: 0.00721267657354
        dmean2: 0.00711202155799
        dvar: 0.000233538754401
        dvar2: 0.000178814501851
        max: 0.173828125
        mean: 0.0205736737698
        min: 0.00244140625
        var: 0.00122545845807
    barkbands:
        dmean: [3.71037322111e-06, 0.00040769809857, 0.0008169679204, 0.000515009276569, 0.000160343857715, 9.72733905655e-05, 3.18817947118e-05, 6.69373685014e-06, 6.73438853482e-06, 5.25574841959e-06, 6.06710545981e-06, 8.21373851068e-06, 6.93023275744e-06, 1.3126081285e-05, 1.96442888409e-05, 1.32515860969e-05, 1.28276114992e-05, 1.61753487191e-05, 3.72266185877e-05, 5.89922892686e-05, 3.04898312606e-05, 1.62299420481e-05, 2.74411218015e-06, 1.22945095882e-06, 5.36553898201e-07, 2.8825171583e-08, 1.17293952329e-09]
        dmean2: [5.66945709579e-06, 0.000670339097269, 0.00148113025352, 0.000978507217951, 0.000298138475046, 0.000178829039214, 6.12540461589e-05, 1.19718069982e-05, 1.13616442832e-05, 9.50918820308e-06, 1.15986931633e-05, 1.44401856232e-05, 1.30936177811e-05, 2.45754181378e-05, 3.61167221854e-05, 2.1260793801e-05, 2.09576282941e-05, 2.41464585997e-05, 5.64593174204e-05, 9.00643863133e-05, 4.1152958147e-05, 2.47508633038e-05, 3.92797574023e-06, 1.73085948063e-06, 6.86376438352e-07, 3.52858684494e-08, 1.28696475699e-09]
        dvar: [1.48485737594e-11, 6.74699379033e-07, 5.26229041498e-06, 3.00713077195e-06, 3.187294908e-07, 1.11246706069e-07, 1.49319756559e-08, 2.93551294384e-10, 2.9354749187e-10, 1.96566624089e-10, 3.41610628674e-10, 5.54224666161e-10, 4.06397776542e-10, 1.48086243268e-09, 4.2932746247e-09, 1.71809089178e-09, 2.01539207545e-09, 2.9265772028e-09, 2.20094662495e-08, 5.75118868085e-08, 1.23753043368e-08, 4.17721102153e-09, 1.06373077013e-10, 2.17274427616e-11, 3.30630748474e-12, 9.65263161285e-15, 4.37704513722e-16]
        dvar2: [3.26955580665e-11, 1.55085604092e-06, 1.45929006976e-05, 8.72677173902e-06, 9.12852613055e-07, 3.13731305823e-07, 4.29812310188e-08, 8.13886846807e-10, 7.90563947639e-10, 5.56459434087e-10, 9.72851132985e-10, 1.48460777005e-09, 1.1483322071e-09, 4.21073753643e-09, 1.19432588264e-08, 3.71111408271e-09, 4.88918372454e-09, 6.08635541965e-09, 5.17437506176e-08, 1.43241948081e-07, 2.63435975256e-08, 1.06500079866e-08, 2.04160521822e-10, 5.12908431005e-11, 6.29361189899e-12, 1.42641635808e-14, 4.38866192939e-16]
        max: [2.9731201721e-05, 0.00707494327798, 0.0192878209054, 0.0110284779221, 0.00473125930876, 0.00265039969236, 0.000836002465803, 9.89376130747e-05, 0.000129752646899, 9.49052919168e-05, 0.000119273252494, 0.000228908029385, 0.000138064133353, 0.000216801810893, 0.000485290889628, 0.000317851139698, 0.000439215509687, 0.000459734321339, 0.00120680150576, 0.0019431009423, 0.00106907228474, 0.000596070720349, 0.00010056704923, 4.65377343062e-05, 1.76494031621e-05, 9.6341761946e-07, 4.33976879322e-07]
        mean: [7.2950865615e-06, 0.000680518453009, 0.000731051201001, 0.000303008535411, 0.000103789279819, 8.60325453687e-05, 1.85623412108e-05, 5.64277343074e-06, 6.71390489515e-06, 4.40535268353e-06, 3.53072800863e-06, 6.06776757195e-06, 4.37440439782e-06, 7.98164546723e-06, 1.2415322999e-05, 1.21900193335e-05, 1.12810666906e-05, 1.73903063114e-05, 3.43225838151e-05, 5.60765220143e-05, 3.24646498484e-05, 1.47308128362e-05, 3.15722581945e-06, 1.291002377e-06, 6.8950299692e-07, 3.85281850868e-08, 1.15486875618e-09]
        min: [1.68804934475e-08, 1.3797352949e-06, 3.51474341187e-06, 2.66390401293e-07, 1.98827009967e-07, 9.88381820832e-09, 1.68061864425e-09, 1.25383414762e-09, 5.57546564472e-10, 2.73912725834e-10, 7.62144167221e-11, 5.33597020735e-11, 4.23353054002e-11, 8.81979697609e-11, 1.88860163619e-10, 3.00208108373e-10, 1.924162496e-10, 4.95151752933e-10, 7.38703986869e-10, 6.66668165117e-10, 7.28025029151e-10, 2.93344071256e-10, 8.37752645033e-11, 5.9837967914e-11, 3.98388717848e-11, 1.95893561789e-12, 1.98467591069e-15]
        var: [2.86951087891e-11, 7.44250712614e-07, 3.64716902368e-06, 1.64182654316e-06, 1.82321628017e-07, 7.50061985855e-08, 8.24282420098e-09, 2.29776170313e-10, 3.3983718617e-10, 1.43545522691e-10, 1.93250013214e-10, 4.32726215971e-10, 2.37468822384e-10, 8.82676598479e-10, 2.73866196387e-09, 2.03831618251e-09, 1.89948079488e-09, 4.02826305645e-09, 2.18090168147e-08, 5.8637944278e-08, 1.59729030003e-08, 3.99573663046e-09, 1.50112172692e-10, 2.57026639555e-11, 5.6173000279e-12, 1.89855641923e-14, 4.36797182616e-16]
    mfcc:
        mean: [-1012.86352539, 166.579879761, 19.1134357452, 92.6050567627, 27.4737167358, 28.647857666, 20.2968845367, 6.39900541306, 11.3774833679, 1.46966528893, 2.75453162193, -0.494528621435, 0.196987047791]
        cov: [[26620.9882812, -6966.17382812, -3012.7121582, -2673.45678711, -2324.52172852, -1079.61206055, -1441.53295898, -733.066162109, -675.841064453, -429.454437256, -167.09664917, 19.6587295532, 125.912590027], [-6966.17382812, 4194.10644531, 385.697692871, 187.940536499, 494.463500977, 210.693878174, 264.746459961, 64.1532287598, 147.500732422, 41.5168571472, -15.0102939606, -29.4963321686, -140.940383911], [-3012.7121582, 385.697692871, 1013.90234375, 424.905822754, 229.477218628, 76.1637496948, 117.996383667, 115.016326904, 82.1012191772, 73.3427276611, 33.581817627, -22.2110385895, -3.6451485157], [-2673.45678711, 187.940536499, 424.905822754, 525.238952637, 335.983795166, 156.935043335, 209.442550659, 112.138397217, 67.5791015625, 63.7345428467, 26.7387294769, 8.79157066345, 19.5326156616], [-2324.52172852, 494.463500977, 229.477218628, 335.983795166, 345.742401123, 171.987869263, 167.066207886, 71.0724716187, 43.590045929, 27.3447742462, 16.7583808899, 9.78668498993, -19.4727230072], [-1079.61206055, 210.693878174, 76.1637496948, 156.935043335, 171.987869263, 134.53263855, 103.556442261, 39.414440155, 23.1616859436, 9.89756202698, 12.4576129913, 3.98411726952, -13.7003164291], [-1441.53295898, 264.746459961, 117.996383667, 209.442550659, 167.066207886, 103.556442261, 151.666534424, 77.8218231201, 47.8160057068, 25.2754631042, 10.037560463, 6.65128469467, 7.07860708237], [-733.066162109, 64.1532287598, 115.016326904, 112.138397217, 71.0724716187, 39.414440155, 77.8218231201, 82.4543838501, 43.6297531128, 12.8405094147, 3.6355907917, -0.981479883194, 7.78595113754], [-675.841064453, 147.500732422, 82.1012191772, 67.5791015625, 43.590045929, 23.1616859436, 47.8160057068, 43.6297531128, 54.5074272156, 23.8433189392, 6.90617322922, -4.00012111664, 2.59753513336], [-429.454437256, 41.5168571472, 73.3427276611, 63.7345428467, 27.3447742462, 9.89756202698, 25.2754631042, 12.8405094147, 23.8433189392, 43.926109314, 15.3213405609, 2.36813592911, 7.69174718857], [-167.09664917, -15.0102939606, 33.581817627, 26.7387294769, 16.7583808899, 12.4576129913, 10.037560463, 3.6355907917, 6.90617322922, 15.3213405609, 33.4894218445, 15.8065242767, 2.63830304146], [19.6587295532, -29.4963321686, -22.2110385895, 8.79157066345, 9.78668498993, 3.98411726952, 6.65128469467, -0.981479883194, -4.00012111664, 2.36813592911, 15.8065242767, 34.8010597229, 14.6922168732], [125.912590027, -140.940383911, -3.6451485157, 19.5326156616, -19.4727230072, -13.7003164291, 7.07860708237, 7.78595113754, 2.59753513336, 7.69174718857, 2.63830304146, 14.6922168732, 42.4263420105]]
        icov: [[0.000337101198966, 0.00036540592555, 0.000324626395013, 0.0005674798158, 0.000629801535979, -0.000248686381383, 0.000765463919379, -0.000209875172004, 0.000923774496187, 0.000204564086744, 0.000476406246889, -0.000271593598882, 7.04056947143e-05], [0.00036540592555, 0.000900799408555, 3.24477805407e-05, 0.00181848881766, -0.000723176752217, 0.00082953798119, -0.00107902730815, 0.00129758904222, -0.000398397212848, 0.000190437145648, 0.00115539715625, -0.000563334790058, 0.00106453697663], [0.000324626395013, 3.24477805407e-05, 0.0024252186995, -0.00216230354272, 0.00138629495632, -0.000449130049674, 0.00414658058435, -0.00303723150864, 0.0012571781408, -0.000409947824664, -0.00122919329442, 0.0013158977963, 0.000323124579154], [0.0005674798158, 0.00181848881766, -0.00216230354272, 0.0144793046638, -0.0099911717698, 0.00455312570557, -0.00905689038336, 0.00194841984194, 0.0021122477483, -0.00453294161707, 0.000970076362137, 0.00232210871764, -0.00462891208008], [0.000629801535979, -0.000723176752217, 0.00138629495632, -0.0099911717698, 0.021962383762, -0.0142994364724, 0.00479922210798, -0.0020090828184, 0.00360574526712, 0.00228488678113, 0.00372214242816, -0.00755625637248, 0.00722831161693], [-0.000248686381383, 0.00082953798119, -0.000449130049674, 0.00455312570557, -0.0142994364724, 0.0306452717632, -0.0185628719628, 0.00718606216833, -0.00213149539195, 0.00421531125903, -0.00752951065078, 0.00456359656528, 0.00472432281822], [0.000765463919379, -0.00107902730815, 0.00414658058435, -0.00905689038336, 0.00479922210798, -0.0185628719628, 0.0444782860577, -0.0233164448291, 0.00256252125837, -0.00403974112123, 0.00330017064698, -0.00280204927549, -0.00692327972502], [-0.000209875172004, 0.00129758904222, -0.00303723150864, 0.00194841984194, -0.0020090828184, 0.00718606216833, -0.0233164448291, 0.0418043136597, -0.0239884369075, 0.0123009663075, 0.0011884047417, -0.000238875931245, 0.000639684265479], [0.000923774496187, -0.000398397212848, 0.0012571781408, 0.0021122477483, 0.00360574526712, -0.00213149539195, 0.00256252125837, -0.0239884369075, 0.0502753332257, -0.0184300411493, -0.00250702607445, 0.00639798678458, -0.00178459926974], [0.000204564086744, 0.000190437145648, -0.000409947824664, -0.00453294161707, 0.00228488678113, 0.00421531125903, -0.00403974112123, 0.0123009663075, -0.0184300411493, 0.0444675832987, -0.0163336526603, 0.00523546012118, -0.00482704956084], [0.000476406246889, 0.00115539715625, -0.00122919329442, 0.000970076362137, 0.00372214242816, -0.00752951065078, 0.00330017064698, 0.0011884047417, -0.00250702607445, -0.0163336526603, 0.0539505369961, -0.0290950778872, 0.0102157685906], [-0.000271593598882, -0.000563334790058, 0.0013158977963, 0.00232210871764, -0.00755625637248, 0.00456359656528, -0.00280204927549, -0.000238875931245, 0.00639798678458, 0.00523546012118, -0.0290950778872, 0.0534914769232, -0.0215601678938], [7.04056947143e-05, 0.00106453697663, 0.000323124579154, -0.00462891208008, 0.00722831161693, 0.00472432281822, -0.00692327972502, 0.000639684265479, -0.00178459926974, -0.00482704956084, 0.0102157685906, -0.0215601678938, 0.0427528843284]]
    spectral_contrast:
        mean: [3.16883586038e-07, -3.34842951588e-07, 1.97760940068e-07, -1.72706187129e-08, -2.01962720325e-07, 5.32543253939e-07, 4.52787389804e-06, 2.23146616918e-06, -2.17071800535e-07, -3.05550042867e-06, 1.24144003166e-06, -3.3012656786e-06]
        var: [0.000123805948533, 0.000244280672632, 0.000362718856195, 0.00098230317235, 0.00435230042785, 0.00756746996194, 0.0515784583986, 0.108968928456, 0.133407026529, 0.36700090766, 1.41167271137, 11.0219202042]

rhythm:
    beats_loudness:
        dmean: 0.00451504811645
        dmean2: 0.00729418732226
        dvar: 6.20408627583e-06
        dvar2: 1.69058203028e-05
        max: 0.0116394236684
        mean: 0.00441041495651
        min: 0.000542032532394
        var: 1.21041093735e-05
    beats_loudness_bass:
        dmean: 0.645193338394
        dmean2: 1.3291260004
        dvar: 0.0680812895298
        dvar2: 0.182833686471
        max: 0.990797519684
        mean: 0.63412463665
        min: 0.0777729228139
        var: 0.146996855736
    bpm: 87.2523880005
    bpm_confidence: 0
    first_peak_bpm: 87
    first_peak_spread: 0.0769230723381
    first_peak_weight: 0.923076927662
    onset_rate: 3.88793945312
    second_peak_bpm: 0
    second_peak_spread: 0
    second_peak_weight: 0
    beats_position: [0.693915605545, 1.38123583794, 2.06855607033, 2.7558760643, 3.44319653511, 4.13051652908, 4.81783628464, 5.50515651703, 6.21500253677, 6.9030046463, 7.59100627899, 8.27900791168, 8.96700954437, 9.65501117706]
    bpm_estimates: [87.3344116211, 87.3206939697, 87.3589782715, 87.3941802979, 87.3168411255, 87.2471694946, 87.2604522705, 87.2571411133, 87.1706390381, 87.3771820068, 87.2571105957, 87.1811294556, 87.2642440796, 87.192779541, 87.1716766357, 87.221206665, 87.1965332031, 87.0206832886]
    bpm_intervals: [0.687320232391, 0.687320232391, 0.687319993973, 0.68732047081, 0.687319993973, 0.687319755554, 0.687320232391, 0.709846019745, 0.688002109528, 0.68800163269, 0.68800163269, 0.68800163269, 0.68800163269]
    onset_times: [0.336689352989, 0.510838985443, 0.650158703327, 1.03328800201, 2.07818603516, 2.24072551727, 2.38004541397, 2.56580495834, 2.75156474113, 3.09986400604, 3.27401351929, 3.44816327095, 3.64553284645, 3.79646253586, 4.14476203918, 4.82975053787, 4.99229001999, 5.39863967896, 5.51473903656, 5.86303853989, 6.03718805313, 6.32743787766, 6.54802703857, 6.8963265419, 7.2330160141, 7.40716552734, 7.59292507172, 7.75546503067, 7.92961454391, 8.09215450287, 8.26630401611, 8.46367359161, 8.62621307373, 8.80036258698, 8.98612213135, 9.31120204926, 9.46213150024, 9.64789104462, 10.0078001022]
    rubato_start: []
    rubato_stop: []
    perceptual_tempo: "unknown"

sfx:
    inharmonicity:
        dmean: 0.0112319774926
        dmean2: 0.0197229459882
        dvar: 0.000634577125311
        dvar2: 0.00173487572465
        max: 0.172991394997
        mean: 0.0108867753297
        min: 0
        var: 0.000842309673317
    oddtoevenharmonicenergyratio:
        dmean: 0.71665763855
        dmean2: 1.36591112614
        dvar: 4.78876876831
        dvar2: 14.374912262
        max: 13.3180770874
        mean: 0.45366114378
        min: 0
        var: 2.72010660172
    pitch_after_max_to_before_max_energy_ratio: 0.298093706369
    pitch_centroid: 266.137359619
    pitch_max_to_total: 0.786046504974
    pitch_min_to_total: 0.10000000149
    tristimulus:
        dmean: [0.13264490664, 0.148878142238, 0.0499117523432]
        dmean2: [0.230396330357, 0.269709050655, 0.0895449444652]
        dvar: [0.0442150458694, 0.0557953864336, 0.0159994252026]
        dvar2: [0.108768559992, 0.167951881886, 0.0450544208288]
        max: [1, 0.991874158382, 0.879773437977]
        mean: [0.795796990395, 0.140136525035, 0.0413944348693]
        min: [0.00624432228506, 0, 0]
        var: [0.0952075570822, 0.0557789131999, 0.015431933105]

tonal:
    chords_changes_rate: 0.0601851865649
    chords_number_rate: 0.0185185186565
    chords_strength:
        dmean: 0.0110394963995
        dmean2: 0.0139026297256
        dvar: 6.62369129714e-05
        dvar2: 0.000127082850668
        max: 0.77364140749
        mean: 0.579075038433
        min: 0.382974892855
        var: 0.00859022047371
    key_strength: 0.762265741825
    tuning_diatonic_strength: 0.691863954067
    tuning_equal_tempered_deviation: 0.218068018556
    tuning_frequency: 437.213165283
    tuning_nontempered_energy_ratio: 0.88556432724
    hpcp:
        dmean: [0.0580569319427, 0.0622718222439, 0.0572521798313, 0.0663800314069, 0.119389757514, 0.153473332524, 0.148134723306, 0.198506951332, 0.164195895195, 0.156201452017, 0.156391367316, 0.113158941269, 0.0856614932418, 0.0896741822362, 0.0814241096377, 0.0793370380998, 0.0929728150368, 0.0959787145257, 0.0702245235443, 0.0358978621662, 0.033385258168, 0.042911130935, 0.0452748648822, 0.0463651791215, 0.0897523984313, 0.163419097662, 0.274506628513, 0.315352678299, 0.307650119066, 0.247675508261, 0.132933139801, 0.0712538585067, 0.0551619641483, 0.0461306609213, 0.0410943776369, 0.0507811568677]
        dmean2: [0.107941277325, 0.117739923298, 0.106245316565, 0.117522872984, 0.223865121603, 0.282663822174, 0.263796448708, 0.375461399555, 0.312437385321, 0.29141497612, 0.295112997293, 0.20137603581, 0.151837393641, 0.171348080039, 0.153567880392, 0.133989542723, 0.163582906127, 0.181039094925, 0.131291970611, 0.0631431117654, 0.0604808665812, 0.0795225724578, 0.0838739946485, 0.0881060138345, 0.170462146401, 0.30611243844, 0.483046710491, 0.536395907402, 0.574956834316, 0.459112763405, 0.253519773483, 0.134035184979, 0.0962987169623, 0.0782648995519, 0.0725522115827, 0.0894402265549]
        dvar: [0.0253341142088, 0.0271724816412, 0.0225749239326, 0.0204719547182, 0.0455268211663, 0.0661092177033, 0.0579725503922, 0.0840778425336, 0.0746598467231, 0.0661471039057, 0.0732965171337, 0.047352001071, 0.0320506393909, 0.0434192605317, 0.0408767536283, 0.0166651122272, 0.0265048872679, 0.0412863381207, 0.0262632332742, 0.0090679815039, 0.00701122963801, 0.0190504938364, 0.0180650334805, 0.0176585242152, 0.0307269934565, 0.0586594082415, 0.0761478766799, 0.0848628357053, 0.102461084723, 0.0776002779603, 0.0654541626573, 0.0316544957459, 0.0249398145825, 0.0160443987697, 0.00864461716264, 0.0192775521427]
        dvar2: [0.072524741292, 0.0835155397654, 0.0642331019044, 0.0539488270879, 0.134106203914, 0.18528495729, 0.159181624651, 0.270820736885, 0.229446262121, 0.177235797048, 0.19558173418, 0.119258694351, 0.0860557630658, 0.125976353884, 0.120026044548, 0.0401882492006, 0.0680842548609, 0.117625333369, 0.0746484622359, 0.0245659835637, 0.0197082813829, 0.0539244376123, 0.0466648675501, 0.0512305982411, 0.0861253738403, 0.154074251652, 0.188745766878, 0.204320549965, 0.277048528194, 0.227609544992, 0.187083810568, 0.0916982218623, 0.0614156424999, 0.0365342088044, 0.0238461233675, 0.0533973127604]
        max: [0.970451712608, 1, 0.956557571888, 1, 1, 1, 1, 1, 1, 1, 1, 1, 1, 1, 1, 1, 1, 1, 1, 0.984595835209, 0.541358411312, 1, 1, 1, 1, 1, 1, 1, 1, 1, 1, 1, 1, 1, 0.567071735859, 1]
        mean: [0.0428661033511, 0.0388283915818, 0.0391996540129, 0.0541049949825, 0.103007733822, 0.188615500927, 0.206104338169, 0.142590016127, 0.102865256369, 0.102625660598, 0.10540895164, 0.0830701440573, 0.0619209781289, 0.0584307052195, 0.0549820177257, 0.07536739856, 0.0941444039345, 0.0792931467295, 0.0497924312949, 0.0266280509531, 0.0225562062114, 0.0275813005865, 0.0305827539414, 0.027099840343, 0.0540411025286, 0.119704313576, 0.25593200326, 0.477335304022, 0.430839031935, 0.183005228639, 0.0775137245655, 0.0423315763474, 0.0361080281436, 0.0322158262134, 0.0276897344738, 0.0367269739509]
        min: [3.09698606316e-07, 1.88795502254e-06, 2.54874771599e-06, 8.76638569025e-06, 3.07822410832e-05, 6.0850875343e-06, 3.48791286342e-06, 1.3233733398e-06, 4.1946731244e-07, 1.2159998164e-07, 1.32174750433e-06, 1.0364670743e-05, 5.81345921091e-06, 0, 0, 1.36885307711e-06, 1.53020243943e-06, 1.00858278529e-06, 1.4754921267e-06, 0, 4.77222442896e-07, 4.76295326735e-06, 7.00166879142e-07, 0, 0, 2.2330500542e-06, 7.20773186913e-06, 6.30076738162e-06, 1.48337278461e-06, 5.05388925376e-07, 1.17127808608e-06, 1.41668249398e-06, 0, 6.77574547581e-08, 3.69686154045e-06, 1.80714562248e-06]
        var: [0.0179357882589, 0.0152883511037, 0.0137799195945, 0.016242871061, 0.0406524240971, 0.107938736677, 0.116042003036, 0.0705951079726, 0.0530575253069, 0.0474862381816, 0.0579228363931, 0.0404546111822, 0.0233914684504, 0.0259290579706, 0.0238094199449, 0.0290397442877, 0.0338715314865, 0.0267412588, 0.0169470049441, 0.00745895737782, 0.00484009180218, 0.0117348609492, 0.0132373506203, 0.00975328776985, 0.0197983589023, 0.0463249497116, 0.0800684168935, 0.15846607089, 0.166515916586, 0.0658399015665, 0.0398699901998, 0.0182829815894, 0.017500653863, 0.0130285061896, 0.00645118299872, 0.013487027958]
    chords_histogram: [59.7222213745, 9.25925922394, 2.31481480598, 0, 0, 0, 0, 0, 0, 28.7037029266, 0, 0, 0, 0, 0, 0, 0, 0, 0, 0, 0, 0, 0, 0]
    thpcp: [1, 0.902592003345, 0.383389264345, 0.162388414145, 0.0886831060052, 0.0756449997425, 0.0674909800291, 0.058008980006, 0.0769416689873, 0.0898029208183, 0.0813440605998, 0.0821218416095, 0.11334798485, 0.215797439218, 0.395142585039, 0.431781053543, 0.298720866442, 0.215498954058, 0.214997008443, 0.220827892423, 0.174028918147, 0.129722177982, 0.122410193086, 0.115185312927, 0.157891944051, 0.197229087353, 0.16611623764, 0.104313321412, 0.055784791708, 0.0472544282675, 0.0577818155289, 0.0640697479248, 0.0567731745541, 0.11321413517, 0.250776171684, 0.536168158054]
    chords_key: "B"
    chords_scale: "minor"
    key_key: "B"
    key_scale: "minor"
    chords_progression: ["F#", "F#", "F#", "Bm", "F#", "Bm", "Bm", "Bm", "F#", "F#", "F#", "F#", "F#", "F#", "F#", "F#", "F#", "F#", "F#", "F#", "F#", "F#", "F#", "F#", "F#", "F#", "F#", "F#", "F#", "F#", "F#", "F#", "F#", "F#", "F#", "F#", "F#", "F#", "F#", "F#", "F#", "F#", "F#", "F#", "F#", "F#", "F#", "F#", "F#", "F#", "F#", "F#", "F#", "F#", "F#", "F#", "F#", "F#", "F#", "F#", "F#", "F#", "F#", "F#", "F#", "Bm", "Bm", "F#", "Bm", "Bm", "Bm", "Bm", "Bm", "Bm", "Bm", "Bm", "Bm", "Bm", "Bm", "Bm", "Bm", "Bm", "Bm", "Bm", "Bm", "Bm", "Bm", "Bm", "Bm", "Bm", "Bm", "Bm", "Bm", "Bm", "Bm", "Bm", "Bm", "Bm", "Bm", "Bm", "Bm", "Bm", "Bm", "Bm", "Bm", "Bm", "Bm", "Bm", "Bm", "Bm", "Bm", "Bm", "Bm", "Bm", "Bm", "Bm", "Bm", "Bm", "Bm", "Bm", "Bm", "Bm", "Bm", "Bm", "Bm", "F#m", "F#m", "F#m", "F#m", "F#m", "Bm", "Bm", "Bm", "Bm", "Bm", "Bm", "Bm", "Bm", "Bm", "Bm", "Bm", "Bm", "Bm", "Bm", "Bm", "Bm", "Bm", "Bm", "Bm", "Bm", "Bm", "Bm", "Bm", "Bm", "Bm", "Bm", "Bm", "Bm", "Bm", "Bm", "Bm", "Bm", "Bm", "Bm", "Bm", "Bm", "Bm", "Bm", "Bm", "Bm", "Bm", "Bm", "Bm", "Bm", "Bm", "Bm", "Bm", "Bm", "Bm", "D", "D", "D", "D", "D", "D", "D", "D", "D", "D", "D", "D", "D", "D", "D", "Bm", "Bm", "Bm", "Bm", "Bm", "Bm", "D", "D", "D", "D", "D", "Bm", "Bm", "Bm", "Bm", "Bm", "Bm", "Bm", "Bm", "Bm", "Bm", "Bm"]
