
metadata:
    version:
        essentia: "1.2.2"
    audio_properties:
        analysis_sample_rate: 44100
        bitrate: 128
        channels: 2
        equal_loudness: 1
        length: 10.0310201645
        replay_gain: -14.0780639648
        downmix: "mix"
    tags:
        track: 15
        year: 0
        album: "Splitted by Mp3Splt v. 2.1"
        artist: "From 002.20 To 002.30"
        comment: "http://mp3splt.sf.net"
        genre: ""
        title: "05 Idioteque.mp3"

highlevel:
    ballroom:
        all:
            ChaChaCha: 0.0255338549614
            Jive: 0.0600202344358
            Quickstep: 0.198778226972
            Rumba-American: 0.0352051407099
            Rumba-International: 0.162060439587
            Rumba-Misc: 0.198866471648
            Samba: 0.0765346959233
            Tango: 0.0100133838132
            VienneseWaltz: 0.17474065721
            Waltz: 0.0582468956709
        probability: 0.198866471648
        value: "Rumba-Misc"
    culture:
        all:
            non_western: 0.915491521358
            western: 0.0845084637403
        probability: 0.915491521358
        value: "non_western"
    gender:
        all:
            female: 0.447174489498
            male: 0.552825510502
        probability: 0.552825510502
        value: "male"
    genre_dortmund:
        all:
            alternative: 0.0791029855609
            blues: 0.0132942348719
            electronic: 0.0867464691401
            folkcountry: 0.128156214952
            funksoulrnb: 0.0921967998147
            jazz: 0.0642706975341
            pop: 0.170436292887
            raphiphop: 0.0501027218997
            rock: 0.315693587065
        probability: 0.315693587065
        value: "rock"
    genre_electronica:
        all:
            ambient: 0.748453319073
            dnb: 0.0366089791059
            house: 0.0118514420465
            techno: 0.00697584962472
            trance: 0.196110412478
        probability: 0.748453319073
        value: "ambient"
    genre_rosamerica:
        all:
            cla: 0.0443830303848
            dan: 0.191123470664
            hip: 0.0156020745635
            jaz: 0.0579079911113
            pop: 0.130051240325
            rhy: 0.511966109276
            roc: 0.0389730073512
            spe: 0.00999308098108
        probability: 0.511966109276
        value: "rhy"
    genre_tzanetakis:
        all:
            blu: 0.00639693066478
            cla: 0.0198294520378
            cou: 0.0622306019068
            dis: 0.0737345740199
            hip: 0.0140460310504
            jaz: 0.0575697496533
            met: 0.00452567450702
            pop: 0.644297599792
            reg: 0.0438860468566
            roc: 0.073483325541
        probability: 0.644297599792
        value: "pop"
    live_studio:
        all:
            live: 0.755063414574
            studio: 0.244936570525
        probability: 0.755063414574
        value: "live"
    mood:
        all:
            Cluster1: 0.137156009674
            Cluster2: 0.281635403633
            Cluster3: 0.22987434268
            Cluster4: 0.236351907253
            Cluster5: 0.114982351661
        probability: 0.281635403633
        value: "Cluster2"
    mood_acoustic:
        all:
            acoustic: 0.267206221819
            not_acoustic: 0.732793807983
        probability: 0.732793807983
        value: "not_acoustic"
    mood_aggressive:
        all:
            aggressive: 0.114946953952
            not_aggressive: 0.885053038597
        probability: 0.885053038597
        value: "not_aggressive"
    mood_electronic:
        all:
            electronic: 0.612624287605
            not_electronic: 0.387375712395
        probability: 0.612624287605
        value: "electronic"
    mood_happy:
        all:
            happy: 0.420556306839
            not_happy: 0.579443693161
        probability: 0.579443693161
        value: "not_happy"
    mood_party:
        all:
            not_party: 0.810458779335
            party: 0.189541205764
        probability: 0.810458779335
        value: "not_party"
    mood_relaxed:
        all:
            not_relaxed: 0.257288664579
            relaxed: 0.742711365223
        probability: 0.742711365223
        value: "relaxed"
    mood_sad:
        all:
            not_sad: 0.203102141619
            sad: 0.796897828579
        probability: 0.796897828579
        value: "sad"
    rhythm:
        all:
            fast: 0.84019702673
            medium: 0.134549885988
            slow: 0.025253104046
        probability: 0.84019702673
        value: "fast"
    speech_music:
        all:
            music: 0.92953056097
            speech: 0.0704694241285
        probability: 0.92953056097
        value: "music"
    timbre:
        all:
            bright: 0.721495866776
            dark: 0.278504103422
        probability: 0.721495866776
        value: "bright"
    voice_instrumental:
        all:
            instrumental: 0.00641485676169
            voice: 0.993585169315
        probability: 0.993585169315
        value: "voice"

lowlevel:
    average_loudness: 0.977953910828
    barkbands_kurtosis:
        dmean: 2.5702188015
        dmean2: 3.95979523659
        dvar: 26.2733211517
        dvar2: 62.4233131409
        max: 58.9489822388
        mean: 3.58744335175
        min: -1.70509767532
        var: 53.0374450684
    barkbands_skewness:
        dmean: 0.489526569843
        dmean2: 0.753248989582
        dvar: 0.305642366409
        dvar2: 0.679827332497
        max: 6.97517681122
        mean: 1.36052536964
        min: -1.29023659229
        var: 1.41909730434
    barkbands_spread:
        dmean: 4.96898031235
        dmean2: 7.70560216904
        dvar: 26.7215366364
        dvar2: 63.0864601135
        max: 53.0848999023
        mean: 17.1130027771
        min: 2.29778623581
        var: 105.530433655
    dissonance:
        dmean: 0.0385516919196
        dmean2: 0.0633711740375
        dvar: 0.00105248391628
        dvar2: 0.00281555764377
        max: 0.494967222214
        mean: 0.413980513811
        min: 0.192831620574
        var: 0.00319595844485
    hfc:
        dmean: 1.53673124313
        dmean2: 2.43142175674
        dvar: 2.33768248558
        dvar2: 5.76779127121
        max: 14.1054601669
        mean: 5.51320314407
        min: 2.75074103229e-06
        var: 4.5064330101
    pitch:
        dmean: 145.76902771
        dmean2: 277.755554199
        dvar: 289360.09375
        dvar2: 839365.4375
        max: 4900
        mean: 329.910400391
        min: 114.545455933
        var: 162884.859375
    pitch_instantaneous_confidence:
        dmean: 0.0993606820703
        dmean2: 0.154799610376
        dvar: 0.00793101079762
        dvar2: 0.0188510939479
        max: 0.876937031746
        mean: 0.592508494854
        min: 0.162730693817
        var: 0.0268823485821
    pitch_salience:
        dmean: 0.0713624581695
        dmean2: 0.116049803793
        dvar: 0.00393256824464
        dvar2: 0.00925411377102
        max: 0.95116508007
        mean: 0.557073533535
        min: 0.239893421531
        var: 0.011718978174
    silence_rate_20dB:
        dmean: 0
        dmean2: 0
        dvar: 0
        dvar2: 0
        max: 1
        mean: 1
        min: 1
        var: 0
    silence_rate_30dB:
        dmean: 0
        dmean2: 0
        dvar: 0
        dvar2: 0
        max: 1
        mean: 1
        min: 1
        var: 0
    silence_rate_60dB:
        dmean: 0.076388888061
        dmean2: 0.153132244945
        dvar: 0.0705533921719
        dvar2: 0.152884304523
        max: 1
        mean: 0.106235563755
        min: 0
        var: 0.0949498564005
    spectral_centroid:
        dmean: 184.657913208
        dmean2: 284.789367676
        dvar: 86063.7109375
        dvar2: 158468.46875
        max: 4619.58886719
        mean: 1018.60424805
        min: 424.46484375
        var: 219218.984375
    spectral_complexity:
        dmean: 1.90719258785
        dmean2: 3.22325587273
        dvar: 4.61783647537
        dvar2: 11.8850336075
        max: 22
        mean: 9.45370388031
        min: 0
        var: 15.7570991516
    spectral_crest:
        dmean: 2.77019762993
        dmean2: 4.49381446838
        dvar: 6.8687376976
        dvar2: 15.1598873138
        max: 24.4726238251
        mean: 10.6239299774
        min: 3.36216282845
        var: 23.3927650452
    spectral_decrease:
        dmean: 4.62817423275e-10
        dmean2: 7.41882222322e-10
        dvar: 2.35515303446e-19
        dvar2: 5.67923597015e-19
        max: -5.85531218306e-16
        mean: -1.44308331951e-09
        min: -4.48380532703e-09
        var: 4.12854063833e-19
    spectral_energy:
        dmean: 0.00186383607797
        dmean2: 0.00298716500401
        dvar: 3.70607767763e-06
        dvar2: 8.9633576863e-06
        max: 0.0178335793316
        mean: 0.00594659382477
        min: 2.45943510002e-09
        var: 6.36462164039e-06
    spectral_energyband_high:
        dmean: 7.90134581621e-05
        dmean2: 0.000116533083201
        dvar: 1.71799854343e-08
        dvar2: 3.72813033778e-08
        max: 0.0017786542885
        mean: 0.000166962418007
        min: 3.65606087072e-11
        var: 3.64423620169e-08
    spectral_energyband_low:
        dmean: 0.000124634432723
        dmean2: 0.000209882273339
        dvar: 5.02052692752e-08
        dvar2: 1.352140373e-07
        max: 0.00177003024146
        mean: 0.000134595844429
        min: 9.61027004504e-12
        var: 4.32772289116e-08
    spectral_energyband_middle_high:
        dmean: 0.000633916293737
        dmean2: 0.00100459717214
        dvar: 4.23717153808e-07
        dvar2: 1.02616115782e-06
        max: 0.00692534213886
        mean: 0.00191969843581
        min: 1.60177748842e-09
        var: 1.9386400254e-06
    spectral_energyband_middle_low:
        dmean: 0.00156440469436
        dmean2: 0.00249192607589
        dvar: 3.30784951075e-06
        dvar2: 7.96159838501e-06
        max: 0.01685144566
        mean: 0.00372533756308
        min: 8.10355782477e-10
        var: 7.10305585017e-06
    spectral_flatness_db:
        dmean: 0.0253709033132
        dmean2: 0.037578586489
        dvar: 0.000566842732951
        dvar2: 0.00120125978719
        max: 0.311662316322
        mean: 0.171129733324
        min: 0.0719412192702
        var: 0.00230576051399
    spectral_flux:
        dmean: 0.0122268954292
        dmean2: 0.0202277712524
        dvar: 0.000132659508381
        dvar2: 0.00033590165549
        max: 0.0894808247685
        mean: 0.0409304462373
        min: 4.95926906297e-05
        var: 0.000190838371054
    spectral_kurtosis:
        dmean: 1.25585722923
        dmean2: 1.88692140579
        dvar: 2.46212363243
        dvar2: 4.72831344604
        max: 15.6209621429
        mean: 3.97959542274
        min: -0.818863153458
        var: 7.73750925064
    spectral_rms:
        dmean: 0.000376606622012
        dmean2: 0.000593054573983
        dvar: 1.27423177787e-07
        dvar2: 2.95074471524e-07
        max: 0.00417116470635
        mean: 0.00235202582553
        min: 1.54901545102e-06
        var: 2.69531483355e-07
    spectral_rolloff:
        dmean: 446.101654053
        dmean2: 742.393676758
        dvar: 501387.71875
        dvar2: 1054113.25
        max: 8118.01757812
        mean: 1626.25634766
        min: 344.53125
        var: 1247608.125
    spectral_skewness:
        dmean: 0.221867620945
        dmean2: 0.324685454369
        dvar: 0.0568852312863
        dvar2: 0.100501835346
        max: 3.33501410484
        mean: 1.7665797472
        min: 0.132675662637
        var: 0.259788453579
    spectral_spread:
        dmean: 1007971.0625
        dmean2: 1355618.5
        dvar: 2.0405756887e+12
        dvar2: 2.93154586624e+12
        max: 24082878
        mean: 6642367.5
        min: 2681722.25
        var: 4.66559592038e+12
    spectral_strongpeak:
        dmean: 0.388204544783
        dmean2: 0.623543560505
        dvar: 0.144978523254
        dvar2: 0.332117289305
        max: 2.93915700912
        mean: 0.997516334057
        min: 4.40672993136e-05
        var: 0.399994254112
    zerocrossingrate:
        dmean: 0.00840274244547
        dmean2: 0.0101891802624
        dvar: 0.000132015935378
        dvar2: 0.000165374571225
        max: 0.236328125
        mean: 0.0613358095288
        min: 0.01806640625
        var: 0.000685752311256
    barkbands:
        dmean: [2.1065875444e-07, 2.89887993858e-05, 0.00010151463357, 0.00031969480915, 0.000153063709149, 0.000395749404561, 0.000784041185398, 0.000239612403675, 0.000325970468111, 0.000133221634314, 0.000404787599109, 7.58076057537e-05, 9.19569647522e-05, 0.000120132106531, 3.87923973904e-05, 2.76310802292e-05, 3.03332762996e-05, 7.10002641426e-05, 5.32511367055e-05, 5.04632262164e-05, 3.29150352627e-05, 2.1215144443e-05, 9.06712284632e-06, 5.8800824263e-06, 4.07614334108e-06, 2.83747226604e-07, 3.71787156617e-09]
        dmean2: [3.58905310804e-07, 4.91253849759e-05, 0.000171920764842, 0.000558161293156, 0.0002572266676, 0.000609054346569, 0.00119591073599, 0.000397445226554, 0.00054721761262, 0.000221363676246, 0.000647083390504, 0.000119028671179, 0.000144357836689, 0.000203241215786, 6.28060442978e-05, 4.58805880044e-05, 5.15717401868e-05, 0.00011835112673, 8.92363823368e-05, 8.22045913083e-05, 5.07336226292e-05, 3.24479224219e-05, 1.35473401315e-05, 8.20927016321e-06, 5.95071514908e-06, 4.11253637367e-07, 5.16450215926e-09]
        dvar: [2.98596949033e-13, 2.27778262918e-09, 3.69059982575e-08, 5.07996162469e-07, 6.21518907451e-08, 3.71810273236e-07, 2.78630318462e-06, 1.59415080248e-07, 3.69573342596e-07, 4.20607975116e-08, 3.73570287593e-07, 3.27688312041e-08, 2.10405630696e-08, 5.01547638976e-08, 2.20364770875e-09, 3.5282541333e-09, 2.0323673855e-09, 8.17075207493e-09, 5.38476374601e-09, 4.22444745851e-09, 2.1717925236e-09, 2.21377494114e-09, 5.29540022942e-10, 3.2697675123e-10, 2.04417177629e-10, 4.25437788297e-13, 1.00396972941e-15]
        dvar2: [7.28212249616e-13, 6.23150109291e-09, 9.92386901544e-08, 1.33984860895e-06, 1.66601523688e-07, 7.8440461948e-07, 6.5002050178e-06, 4.49478420705e-07, 1.01226544302e-06, 1.000749279e-07, 9.12672476261e-07, 8.5722966503e-08, 5.16246245752e-08, 1.3845202318e-07, 5.56687540509e-09, 8.29943491709e-09, 5.55869350549e-09, 2.29422774112e-08, 1.35087860897e-08, 1.12132614305e-08, 5.65300339872e-09, 4.89244866841e-09, 9.2743440705e-10, 5.99983895899e-10, 4.83818429764e-10, 9.55935200789e-13, 1.06148686642e-15]
        max: [3.26487588609e-06, 0.000365353596862, 0.00142709049396, 0.00497288955376, 0.00244561070576, 0.00856084190309, 0.0152617096901, 0.00345136970282, 0.00742202205583, 0.00206447695382, 0.0060114315711, 0.00233626971021, 0.00165762018878, 0.00260564335622, 0.000479813781567, 0.000843452115078, 0.000423465797212, 0.00106528634205, 0.000635711126961, 0.00079574319534, 0.000499893270899, 0.000650920614135, 0.000380518526072, 0.000294935045531, 0.000257242791122, 7.79558467912e-06, 6.49922753837e-07]
        mean: [1.63000621001e-07, 3.46518063452e-05, 9.97850584099e-05, 0.000261078821495, 0.000251216843026, 0.00108200730756, 0.00121940253302, 0.000369736575522, 0.000503905524965, 0.000226863281569, 0.000707775587216, 0.000149003826664, 0.000159267496201, 0.000247640506132, 7.47677040636e-05, 4.02446530643e-05, 4.59115690319e-05, 0.000134954054374, 0.000102032026916, 0.00010234835645, 6.63659011479e-05, 3.60982921848e-05, 1.59169703693e-05, 9.46136515267e-06, 5.59989803151e-06, 3.94368584011e-07, 3.98842381344e-09]
        min: [2.18052518316e-13, 3.98956909176e-12, 5.42373958246e-12, 5.85390416696e-12, 1.17570155e-11, 4.89436095819e-12, 1.35307411976e-12, 6.19386347767e-11, 5.99836347259e-10, 7.91285759139e-10, 4.71051087025e-10, 1.88031590298e-10, 3.29303251334e-11, 5.89939486151e-11, 3.6506696971e-11, 7.83106132024e-12, 7.3404051934e-12, 7.60098997632e-11, 5.39622721507e-11, 8.6700013488e-12, 9.82591265297e-12, 5.18533870356e-12, 4.1720988643e-12, 2.81036327023e-12, 2.80310670508e-12, 2.95705192103e-12, 1.18479054692e-12]
        var: [2.47213816258e-13, 2.61184895933e-09, 2.94885698082e-08, 4.00602090167e-07, 1.01173291966e-07, 1.8831616444e-06, 5.4247711887e-06, 2.30145474234e-07, 5.27572922238e-07, 8.17023533273e-08, 9.49346201651e-07, 1.03915319016e-07, 5.10437700996e-08, 1.84907563039e-07, 4.52572512799e-09, 5.74141312271e-09, 2.54998955285e-09, 2.02434851104e-08, 9.20156750794e-09, 8.45708658659e-09, 5.07420461204e-09, 3.62083474315e-09, 9.51095646684e-10, 5.10737341308e-10, 2.11941075801e-10, 5.47183338136e-13, 9.992370387e-16]
    mfcc:
        mean: [-710.331481934, 110.698425293, -24.9560813904, 16.5432338715, -30.3210926056, -15.1953601837, -10.2754478455, -11.3539075851, -13.3006105423, -3.73685860634, -1.287722826, -8.6714258194, -8.23327541351]
        cov: [[2485.60229492, -428.766204834, 7.9914598465, 109.001029968, 134.703109741, 101.870529175, 52.8673591614, -14.4404306412, 22.020608902, 55.971698761, 3.225481987, -21.0246429443, -62.5626144409], [-428.766204834, 774.520568848, -204.399307251, -108.406402588, -43.2279510498, -41.4495010376, 59.877948761, 17.1382827759, -92.4489822388, -8.0106344223, 32.4818305969, 52.6949501038, 66.6019210815], [7.9914598465, -204.399307251, 588.623474121, 236.629455566, 64.8926773071, 18.4688014984, -147.033065796, -50.6374397278, 87.6862792969, -14.3817977905, 28.1241703033, 49.7657012939, 95.7672805786], [109.001029968, -108.406402588, 236.629455566, 333.269927979, 94.5555038452, 50.3116645813, -85.3005218506, -15.6508970261, 67.5183868408, 14.5339374542, 1.49157249928, 11.6305704117, 32.9851531982], [134.703109741, -43.2279510498, 64.8926773071, 94.5555038452, 146.444961548, 87.6207427979, 26.3863334656, 33.0000038147, 39.3613052368, 54.8241539001, 24.7804756165, 22.9171028137, 0.889367878437], [101.870529175, -41.4495010376, 18.4688014984, 50.3116645813, 87.6207427979, 143.780731201, 97.3207168579, 60.094367981, 40.0645637512, 40.849571228, 16.1614551544, 13.2974767685, -10.3008012772], [52.8673591614, 59.877948761, -147.033065796, -85.3005218506, 26.3863334656, 97.3207168579, 244.989959717, 137.148422241, 17.7523899078, 39.8171272278, 28.9272689819, 12.5312862396, -31.703086853], [-14.4404306412, 17.1382827759, -50.6374397278, -15.6508970261, 33.0000038147, 60.094367981, 137.148422241, 136.344833374, 44.7773513794, 34.6859779358, 32.7818374634, 13.2751235962, -11.6778621674], [22.020608902, -92.4489822388, 87.6862792969, 67.5183868408, 39.3613052368, 40.0645637512, 17.7523899078, 44.7773513794, 106.827140808, 27.7527923584, 11.5244913101, 2.16744971275, 2.94979190826], [55.971698761, -8.0106344223, -14.3817977905, 14.5339374542, 54.8241539001, 40.849571228, 39.8171272278, 34.6859779358, 27.7527923584, 96.3442840576, 41.7329216003, 28.479801178, 8.32894992828], [3.225481987, 32.4818305969, 28.1241703033, 1.49157249928, 24.7804756165, 16.1614551544, 28.9272689819, 32.7818374634, 11.5244913101, 41.7329216003, 78.9906463623, 41.281539917, 18.3890743256], [-21.0246429443, 52.6949501038, 49.7657012939, 11.6305704117, 22.9171028137, 13.2974767685, 12.5312862396, 13.2751235962, 2.16744971275, 28.479801178, 41.281539917, 91.1912918091, 50.4600296021], [-62.5626144409, 66.6019210815, 95.7672805786, 32.9851531982, 0.889367878437, -10.3008012772, -31.703086853, -11.6778621674, 2.94979190826, 8.32894992828, 18.3890743256, 50.4600296021, 97.2289199829]]
        icov: [[0.000494514242746, 0.000316701101838, 0.000136631773785, -0.000166279787663, -0.0004324807378, 9.24783453229e-05, -0.000458950555185, 0.000553020043299, 0.000153197543113, 4.56972747997e-06, -0.000186177087016, 6.11586074228e-05, -4.79498303321e-05], [0.000316701101838, 0.0021095322445, 0.000972567475401, -0.000236057894654, -0.00058040296426, 0.00051466433797, -0.00072052073665, 0.000247677817242, 0.00109668460209, 0.000851526390761, -0.00100609916262, -0.000200476628379, -0.00207635480911], [0.000136631773785, 0.000972567475401, 0.00412534270436, -0.0013220787514, -0.000771697494201, -0.000723750563338, 0.00120621407405, 0.000913061667234, -0.00214512832463, 0.00285497587174, -0.00242231576703, -0.000603576307185, -0.00316785275936], [-0.000166279787663, -0.000236057894654, -0.0013220787514, 0.00571700138971, -0.00216528913006, -0.00164894759655, 0.00278105842881, -0.00126566528343, -0.00135046243668, 0.000123353864183, 0.000984059646726, 0.000423366000177, -0.000358123652404], [-0.0004324807378, -0.00058040296426, -0.000771697494201, -0.00216528913006, 0.0156012568623, -0.00785591825843, 0.00301794684492, -0.00231727422215, 0.00062820391031, -0.00555390678346, 0.000314929086016, -0.00183269171976, 0.0026929853484], [9.24783453229e-05, 0.00051466433797, -0.000723750563338, -0.00164894759655, -0.00785591825843, 0.0177165493369, -0.00882806815207, 0.00271245604381, -0.00139704858884, -0.000467455334729, 0.00145163293928, -5.75267258682e-05, 0.000213039689697], [-0.000458950555185, -0.00072052073665, 0.00120621407405, 0.00278105842881, 0.00301794684492, -0.00882806815207, 0.0168502219021, -0.0132136484608, 0.00174895813689, -0.000612316478509, 0.000510911340825, -0.00161717936862, 0.00175308634061], [0.000553020043299, 0.000247677817242, 0.000913061667234, -0.00126566528343, -0.00231727422215, 0.00271245604381, -0.0132136484608, 0.0233485810459, -0.00742707075551, 0.00139403284993, -0.00491504650563, 0.00064947764622, -0.000780974049121], [0.000153197543113, 0.00109668460209, -0.00214512832463, -0.00135046243668, 0.00062820391031, -0.00139704858884, 0.00174895813689, -0.00742707075551, 0.0168322660029, -0.00398079352453, 0.00160043046344, 0.00170145079028, 8.74795150594e-05], [4.56972747997e-06, 0.000851526390761, 0.00285497587174, 0.000123353864183, -0.00555390678346, -0.000467455334729, -0.000612316478509, 0.00139403284993, -0.00398079352453, 0.0192904099822, -0.00808569695801, -0.00150173646398, -0.00268827844411], [-0.000186177087016, -0.00100609916262, -0.00242231576703, 0.000984059646726, 0.000314929086016, 0.00145163293928, 0.000510911340825, -0.00491504650563, 0.00160043046344, -0.00808569695801, 0.0224762074649, -0.00687686586753, 0.00231070560403], [6.11586074228e-05, -0.000200476628379, -0.000603576307185, 0.000423366000177, -0.00183269171976, -5.75267258682e-05, -0.00161717936862, 0.00064947764622, 0.00170145079028, -0.00150173646398, -0.00687686586753, 0.0205418448895, -0.00909426156431], [-4.79498303321e-05, -0.00207635480911, -0.00316785275936, -0.000358123652404, 0.0026929853484, 0.000213039689697, 0.00175308634061, -0.000780974049121, 8.74795150594e-05, -0.00268827844411, 0.00231070560403, -0.00909426156431, 0.0199043024331]]
    spectral_contrast:
        mean: [2.33572251318e-07, -2.03830296641e-07, -1.11732838093e-07, -2.38142632725e-07, -5.58276155971e-07, -4.42085024588e-07, -3.30062448484e-06, -2.92506001642e-06, -2.95456902677e-06, 1.3990535308e-07, 5.45272143881e-07, -2.98023223877e-07]
        var: [0.000328247930156, 0.000842411769554, 0.00182681845035, 0.00405188975856, 0.00635204510763, 0.00679006474093, 0.0322300903499, 0.11456284672, 0.200310453773, 0.353076428175, 0.693606436253, 1.43859755993]

rhythm:
    beats_loudness:
        dmean: 0.00170952116605
        dmean2: 0.00282343453728
        dvar: 2.0521888473e-06
        dvar2: 5.70846304981e-06
        max: 0.0103903450072
        mean: 0.0050235320814
        min: 0.00148249487393
        var: 3.03200249618e-06
    beats_loudness_bass:
        dmean: 0.148453935981
        dmean2: 0.232821926475
        dvar: 0.00876693148166
        dvar2: 0.0243990309536
        max: 0.488102525473
        mean: 0.190745830536
        min: 0.00259245582856
        var: 0.0227806735784
    bpm: 146.977767944
    bpm_confidence: 0
    first_peak_bpm: 147
    first_peak_spread: 0
    first_peak_weight: 0.956521749496
    onset_rate: 4.68546581268
    second_peak_bpm: 133
    second_peak_spread: 0
    second_peak_weight: 0.0434782616794
    beats_position: [0.316434025764, 0.725280046463, 1.13412606716, 1.54297208786, 1.95181810856, 2.36066412926, 2.76951003075, 3.17835640907, 3.58720231056, 3.99604821205, 4.40489435196, 4.81374025345, 5.22258615494, 5.63143253326, 6.08402395248, 6.49163246155, 6.89924097061, 7.30684947968, 7.71445703506, 8.12206554413, 8.52967357635, 8.93728160858, 9.34488964081, 9.75249862671]
    bpm_estimates: [147.091873169, 146.634933472, 146.537857056, 147.284744263, 146.848571777, 147.468597412]
    bpm_intervals: [0.408846020699, 0.408846020699, 0.408846020699, 0.408846020699, 0.408846020699, 0.408845901489, 0.408846378326, 0.408845901489, 0.408845901489, 0.408846139908, 0.408845901489, 0.408845901489, 0.408846378326, 0.45259141922, 0.407608509064, 0.407608509064, 0.407608509064, 0.407607555389, 0.407608509064, 0.407608032227, 0.407608032227, 0.407608032227, 0.407608985901]
    onset_times: [0.0580498874187, 0.267029464245, 0.510838985443, 0.731428563595, 0.9287981987, 1.13777780533, 1.31192743778, 1.54412698746, 1.64861679077, 1.75310659409, 1.83437645435, 1.95047616959, 2.0549659729, 2.20589566231, 2.35682535172, 2.47292518616, 2.56580495834, 2.7863945961, 2.9837641716, 3.32045340538, 3.41333341599, 3.54104304314, 3.59909296036, 3.81968259811, 4.00544214249, 4.22603178024, 4.42340135574, 4.65560102463, 4.85297060013, 5.02712011337, 5.20126962662, 5.85142850876, 5.99074840546, 6.07201814651, 6.19972801208, 6.46675729752, 6.67573690414, 6.88471651077, 7.51165533066, 7.70902490616, 7.90639448166, 8.498503685, 9.13705253601, 9.33442211151, 9.7639913559, 9.84526062012, 9.9613609314]
    rubato_start: []
    rubato_stop: []
    perceptual_tempo: "unknown"

sfx:
    inharmonicity:
        dmean: 0.0366284772754
        dmean2: 0.065090611577
        dvar: 0.00253725284711
        dvar2: 0.00708823744208
        max: 0.33201149106
        mean: 0.0375907346606
        min: 2.06190634344e-05
        var: 0.00271327327937
    oddtoevenharmonicenergyratio:
        dmean: 7.32362270355
        dmean2: 13.8093538284
        dvar: 489.566741943
        dvar2: 1491.35998535
        max: 214.854171753
        mean: 4.7402586937
        min: 0.000943434250075
        var: 271.517547607
    pitch_after_max_to_before_max_energy_ratio: 4.48390769958
    pitch_centroid: 219.223937988
    pitch_max_to_total: 0.025462962687
    pitch_min_to_total: 0.4375
    tristimulus:
        dmean: [0.256825834513, 0.259766042233, 0.0797512978315]
        dmean2: [0.454365581274, 0.455830812454, 0.136419042945]
        dvar: [0.0549410171807, 0.0551607981324, 0.00683687906712]
        dvar2: [0.145785242319, 0.149442613125, 0.0193044226617]
        max: [0.970199942589, 0.971434295177, 0.545868635178]
        mean: [0.401823312044, 0.490608036518, 0.0848906189203]
        min: [0.000422619981691, 0, 0]
        var: [0.0697317197919, 0.0748551860452, 0.00832508690655]

tonal:
    chords_changes_rate: 0.0462962947786
    chords_number_rate: 0.0185185186565
    chords_strength:
        dmean: 0.00818930380046
        dmean2: 0.00821757689118
        dvar: 4.55528133898e-05
        dvar2: 6.24331805739e-05
        max: 0.764475703239
        mean: 0.549224197865
        min: 0.383747190237
        var: 0.0156864579767
    key_strength: 0.791423082352
    tuning_diatonic_strength: 0.655892252922
    tuning_equal_tempered_deviation: 0.150071844459
    tuning_frequency: 439.745910645
    tuning_nontempered_energy_ratio: 0.72312438488
    hpcp:
        dmean: [0.0922431945801, 0.130994990468, 0.158776059747, 0.188731461763, 0.193356394768, 0.132878154516, 0.0859535336494, 0.0532921403646, 0.0505946874619, 0.0539314523339, 0.0589513629675, 0.0570042543113, 0.035629350692, 0.0444136112928, 0.107688389719, 0.180443167686, 0.191288739443, 0.163144052029, 0.175873160362, 0.172053977847, 0.151266604662, 0.111648447812, 0.088272370398, 0.105394028127, 0.104981340468, 0.103598900139, 0.0629887878895, 0.0612689219415, 0.0664993524551, 0.0895142108202, 0.0774365514517, 0.0796278938651, 0.0855556726456, 0.06926882267, 0.0772680565715, 0.0906326323748]
        dmean2: [0.1614356637, 0.223442837596, 0.273046433926, 0.334700703621, 0.335875242949, 0.228952243924, 0.147934153676, 0.0919113978744, 0.0881253033876, 0.0846614912152, 0.09551782161, 0.0937204062939, 0.0582933612168, 0.079902485013, 0.183872148395, 0.315966039896, 0.348000407219, 0.29021692276, 0.305003881454, 0.309443175793, 0.272101283073, 0.199067652225, 0.143309444189, 0.180120825768, 0.169232681394, 0.168990641832, 0.11117387563, 0.113185331225, 0.120095789433, 0.149152547121, 0.131951391697, 0.132656276226, 0.148423835635, 0.120174244046, 0.135882943869, 0.163951680064]
        dvar: [0.0280527602881, 0.0380186252296, 0.043779335916, 0.0462472289801, 0.0449768453836, 0.031077131629, 0.0319603569806, 0.0117766782641, 0.010824047029, 0.0086391242221, 0.0120797390118, 0.0103778969496, 0.00355141912587, 0.00584803009406, 0.0271432362497, 0.049292370677, 0.0462390296161, 0.0549252405763, 0.0611242465675, 0.0717139467597, 0.0508410818875, 0.0417131744325, 0.025280540809, 0.0196110028774, 0.0219730995595, 0.0164536628872, 0.0106838038191, 0.0190701931715, 0.0204639770091, 0.0225782431662, 0.0155268320814, 0.0196261648089, 0.033741466701, 0.0195864122361, 0.0248253531754, 0.0336020849645]
        dvar2: [0.0717058554292, 0.0908144265413, 0.104515194893, 0.112892203033, 0.113911189139, 0.0734765604138, 0.0724612772465, 0.029368173331, 0.023232281208, 0.0183381829411, 0.0282023027539, 0.0206596180797, 0.00869624875486, 0.0168157108128, 0.078836157918, 0.135695740581, 0.130274146795, 0.134562909603, 0.158995777369, 0.186256334186, 0.137266665697, 0.0926609858871, 0.062521904707, 0.0497695542872, 0.0492259897292, 0.0442002341151, 0.031901627779, 0.0571500919759, 0.0603959076107, 0.059879116714, 0.0402541123331, 0.0498673096299, 0.0741620361805, 0.0479172542691, 0.0669440403581, 0.0964562445879]
        max: [1, 1, 1, 1, 1, 1, 1, 1, 1, 1, 1, 1, 0.561958253384, 0.468564063311, 1, 1, 1, 1, 1, 1, 1, 1, 1, 1, 1, 0.970625400543, 0.739583969116, 1, 1, 1, 1, 1, 1, 1, 1, 1]
        mean: [0.0978573933244, 0.145962864161, 0.257162570953, 0.370783567429, 0.304496824741, 0.158041268587, 0.0970717817545, 0.0730236247182, 0.0636847689748, 0.0851149857044, 0.106074430048, 0.0801973938942, 0.0433996208012, 0.0432079583406, 0.130274191499, 0.230172649026, 0.22391487658, 0.193238377571, 0.189477309585, 0.189066037536, 0.170619934797, 0.125983074307, 0.0970835760236, 0.222953245044, 0.386479884386, 0.253069162369, 0.0753559395671, 0.0625252351165, 0.0783793479204, 0.116569377482, 0.135530382395, 0.138808995485, 0.118430703878, 0.0760326385498, 0.0679007396102, 0.078443415463]
        min: [0.000456220499473, 0.000456735637272, 0.00344557128847, 0.00211500003934, 0.00258360547014, 0.000694435671903, 0.000465488061309, 0.000201281611226, 0.000359490106348, 0.000477808294818, 0.000112339410407, 0.000172567175468, 0.00033149603405, 0.000298620201647, 0.00131183757912, 0.00114207912702, 0.00139744754415, 0.000975492352154, 0.000532480888069, 0.000425697711762, 0.000165056000696, 0.000403262209147, 0.000610481540207, 0.0010223640129, 0.0011469470337, 0.00189734925516, 0.000829239550512, 0.000709130777977, 0.000426448590588, 0.000768481113482, 0.00131905369926, 0.000786797492765, 0.000436820846517, 0.000711291795596, 0.000549457326997, 0.000267990602879]
        var: [0.0331451222301, 0.0516157411039, 0.0921932309866, 0.117510229349, 0.0884066075087, 0.0456011295319, 0.0370991453528, 0.0237867217511, 0.0214702039957, 0.0317142829299, 0.0505820475519, 0.0223465785384, 0.00496670929715, 0.00575909810141, 0.0289858356118, 0.0605714470148, 0.0587759800255, 0.0745376050472, 0.0759316310287, 0.0858830958605, 0.073685631156, 0.0570246689022, 0.0345025882125, 0.0407589040697, 0.148374900222, 0.0634464323521, 0.0105572631583, 0.0155966980383, 0.0241694543511, 0.0360160693526, 0.0365680418909, 0.0543092265725, 0.0617660433054, 0.0232375375926, 0.020916139707, 0.0264306552708]
    chords_histogram: [69.444442749, 0, 0, 0, 0, 0, 0, 0, 0, 0, 0, 0, 0, 0, 0, 0, 0, 5.55555534363, 0, 0.925925910473, 0, 0, 17.1296291351, 6.94444465637]
    thpcp: [1, 0.654805541039, 0.194980233908, 0.161781340837, 0.202803179622, 0.301618218422, 0.350679010153, 0.359162271023, 0.306434333324, 0.196731165051, 0.175690233707, 0.20296895504, 0.253201782703, 0.377672612667, 0.665397047997, 0.959386467934, 0.787872374058, 0.408924967051, 0.251169025898, 0.18894547224, 0.164781585336, 0.220231354237, 0.274462997913, 0.207507297397, 0.112294644117, 0.111798726022, 0.33707883954, 0.595561802387, 0.579370081425, 0.499995946884, 0.490264356136, 0.489200204611, 0.4414716959, 0.325975745916, 0.251199543476, 0.576881885529]
    chords_key: "A#"
    chords_scale: "major"
    key_key: "A#"
    key_scale: "major"
    chords_progression: ["D#", "D#", "D#", "D#", "D#", "D#", "D#", "D#", "D#", "D#", "D#", "D#", "D#", "D#", "D#", "D#", "D#", "D#", "D#", "D#", "D#", "D#", "D#", "D#", "D#", "D#", "D#", "D#", "D#", "D#", "D#", "D#", "D#", "D#", "D#", "D#", "D#", "Gm", "Gm", "Gm", "A#", "A#", "A#", "A#", "A#", "A#", "Gm", "Gm", "Gm", "Gm", "Gm", "Gm", "A#", "A#", "A#", "A#", "A#", "A#", "A#", "A#", "A#", "A#", "A#", "A#", "A#", "A#", "A#", "A#", "A#", "A#", "A#", "A#", "A#", "A#", "A#", "A#", "A#", "A#", "A#", "A#", "A#", "A#", "A#", "A#", "A#", "A#", "A#", "A#", "A#", "A#", "A#", "A#", "A#", "A#", "A#", "A#", "A#", "A#", "A#", "A#", "A#", "A#", "A#", "A#", "A#", "A#", "A#", "A#", "A#", "A#", "A#", "A#", "A#", "A#", "A#", "A#", "A#", "A#", "A#", "A#", "A#", "A#", "A#", "A#", "A#", "Gm", "Gm", "Gm", "Gm", "Gm", "Gm", "A#", "A#", "A#", "A#", "A#", "A#", "A#", "A#", "A#", "A#", "A#", "A#", "A#", "A#", "A#", "Fm", "Fm", "A#", "A#", "A#", "A#", "A#", "A#", "A#", "A#m", "A#m", "A#m", "A#m", "A#m", "A#m", "A#m", "A#m", "A#m", "A#m", "A#m", "A#m", "A#", "A#", "A#", "A#", "A#", "A#", "A#", "A#", "A#", "A#", "A#", "A#", "A#", "A#", "A#", "A#", "A#", "A#", "A#", "A#", "A#", "A#", "A#", "A#", "A#", "A#", "A#", "A#", "A#", "A#", "A#", "A#", "A#", "A#", "A#", "A#", "A#", "A#", "A#", "A#", "A#", "A#", "A#", "A#", "A#", "A#", "A#", "A#", "A#"]
