
metadata:
    version:
        essentia: "1.2.2"
    audio_properties:
        analysis_sample_rate: 44100
        bitrate: 128
        channels: 2
        equal_loudness: 1
        length: 10.0832653046
        replay_gain: -13.0421543121
        downmix: "mix"
    tags:
        track: 48
        year: 0
        album: "Splitted by Mp3Splt v. 2.1"
        artist: "From 007.50 To 008.00"
        comment: "http://mp3splt.sf.net"
        genre: ""
        title: "03 A Tribute to Monk & Canatel"

highlevel:
    ballroom:
        all:
            ChaChaCha: 0.0510380975902
            Jive: 0.0247220788151
            Quickstep: 0.0175694283098
            Rumba-American: 0.0129010723904
            Rumba-International: 0.629679501057
            Rumba-Misc: 0.137486755848
            Samba: 0.0834252759814
            Tango: 0.00282931909896
            VienneseWaltz: 0.0236982945353
            Waltz: 0.016650153324
        probability: 0.629679501057
        value: "Rumba-International"
    culture:
        all:
            non_western: 0.68816024065
            western: 0.31183975935
        probability: 0.68816024065
        value: "non_western"
    gender:
        all:
            female: 0.616025209427
            male: 0.383974790573
        probability: 0.616025209427
        value: "female"
    genre_dortmund:
        all:
            alternative: 0.0550453402102
            blues: 0.0413228571415
            electronic: 0.023608468473
            folkcountry: 0.0651697218418
            funksoulrnb: 0.0373664535582
            jazz: 0.64048153162
            pop: 0.049752317369
            raphiphop: 0.044923119247
            rock: 0.0423301719129
        probability: 0.64048153162
        value: "jazz"
    genre_electronica:
        all:
            ambient: 0.223859667778
            dnb: 0.123403176665
            house: 0.512556254864
            techno: 0.1055380404
            trance: 0.0346428304911
        probability: 0.512556254864
        value: "house"
    genre_rosamerica:
        all:
            cla: 0.0373309031129
            dan: 0.118731662631
            hip: 0.0697299465537
            jaz: 0.190122798085
            pop: 0.038446996361
            rhy: 0.495987057686
            roc: 0.0359655804932
            spe: 0.0136850494891
        probability: 0.495987057686
        value: "rhy"
    genre_tzanetakis:
        all:
            blu: 0.0450924001634
            cla: 0.0127112641931
            cou: 0.0191251672804
            dis: 0.0325332954526
            hip: 0.3182977736
            jaz: 0.0174163542688
            met: 0.0292415507138
            pop: 0.125844791532
            reg: 0.33589592576
            roc: 0.0638414770365
        probability: 0.33589592576
        value: "reg"
    live_studio:
        all:
            live: 0.275046795607
            studio: 0.724953234196
        probability: 0.724953234196
        value: "studio"
    mood:
        all:
            Cluster1: 0.431192278862
            Cluster2: 0.103776134551
            Cluster3: 0.351014643908
            Cluster4: 0.053052905947
            Cluster5: 0.0609640218318
        probability: 0.431192278862
        value: "Cluster1"
    mood_acoustic:
        all:
            acoustic: 0.803358972073
            not_acoustic: 0.196641042829
        probability: 0.803358972073
        value: "acoustic"
    mood_aggressive:
        all:
            aggressive: 0.119325846434
            not_aggressive: 0.880674123764
        probability: 0.880674123764
        value: "not_aggressive"
    mood_electronic:
        all:
            electronic: 0.92682403326
            not_electronic: 0.0731759518385
        probability: 0.92682403326
        value: "electronic"
    mood_happy:
        all:
            happy: 0.0551990382373
            not_happy: 0.944800972939
        probability: 0.944800972939
        value: "not_happy"
    mood_party:
        all:
            not_party: 0.727173864841
            party: 0.272826164961
        probability: 0.727173864841
        value: "not_party"
    mood_relaxed:
        all:
            not_relaxed: 0.577804863453
            relaxed: 0.422195136547
        probability: 0.577804863453
        value: "not_relaxed"
    mood_sad:
        all:
            not_sad: 0.293634355068
            sad: 0.706365644932
        probability: 0.706365644932
        value: "sad"
    rhythm:
        all:
            fast: 0.249415442348
            medium: 0.596860170364
            slow: 0.153724372387
        probability: 0.596860170364
        value: "medium"
    speech_music:
        all:
            music: 0.998425245285
            speech: 0.00157474831212
        probability: 0.998425245285
        value: "music"
    timbre:
        all:
            bright: 0.0727567970753
            dark: 0.927243232727
        probability: 0.927243232727
        value: "dark"
    voice_instrumental:
        all:
            instrumental: 0.924395263195
            voice: 0.0756047070026
        probability: 0.924395263195
        value: "instrumental"

lowlevel:
    average_loudness: 0.982970535755
    barkbands_kurtosis:
        dmean: 9.86005783081
        dmean2: 16.4880981445
        dvar: 220.227264404
        dvar2: 587.811889648
        max: 120.969802856
        mean: 15.0171842575
        min: -1.82474029064
        var: 349.94128418
    barkbands_skewness:
        dmean: 0.977840781212
        dmean2: 1.54534375668
        dvar: 1.05673635006
        dvar2: 2.4612288475
        max: 9.54464912415
        mean: 2.79323482513
        min: -2.81078100204
        var: 3.1011493206
    barkbands_spread:
        dmean: 6.19267034531
        dmean2: 9.60284423828
        dvar: 71.1356277466
        dvar2: 162.823410034
        max: 69.2498855591
        mean: 15.2731866837
        min: 0.866914510727
        var: 156.633682251
    dissonance:
        dmean: 0.0304595250636
        dmean2: 0.0475302152336
        dvar: 0.000807233562227
        dvar2: 0.00183130032383
        max: 0.497760474682
        mean: 0.428360939026
        min: 0.142582535744
        var: 0.00206280872226
    hfc:
        dmean: 0.863507449627
        dmean2: 1.27856433392
        dvar: 3.62260103226
        dvar2: 7.03014564514
        max: 30.0060691833
        mean: 1.79938817024
        min: 0.000399311946239
        var: 5.88389635086
    pitch:
        dmean: 547.54876709
        dmean2: 1067.60656738
        dvar: 1391071.875
        dvar2: 3457451
        max: 4900
        mean: 778.773254395
        min: 52.3752975464
        var: 1622866.75
    pitch_instantaneous_confidence:
        dmean: 0.100244939327
        dmean2: 0.1603641361
        dvar: 0.00648663938046
        dvar2: 0.0164504535496
        max: 0.934924542904
        mean: 0.4798566401
        min: 0.118601560593
        var: 0.0214821677655
    pitch_salience:
        dmean: 0.0920967906713
        dmean2: 0.148523569107
        dvar: 0.00767723890021
        dvar2: 0.01931091398
        max: 0.934612691402
        mean: 0.543429791927
        min: 0.0923394337296
        var: 0.0147261051461
    silence_rate_20dB:
        dmean: 0
        dmean2: 0
        dvar: 0
        dvar2: 0
        max: 1
        mean: 1
        min: 1
        var: 0
    silence_rate_30dB:
        dmean: 0
        dmean2: 0
        dvar: 0
        dvar2: 0
        max: 1
        mean: 1
        min: 1
        var: 0
    silence_rate_60dB:
        dmean: 0.147465437651
        dmean2: 0.29561200738
        dvar: 0.125719636679
        dvar2: 0.222082689404
        max: 1
        mean: 0.606896579266
        min: 0
        var: 0.238573804498
    spectral_centroid:
        dmean: 194.590194702
        dmean2: 285.109161377
        dvar: 111338.632812
        dvar2: 219135.03125
        max: 3786.72045898
        mean: 579.903747559
        min: 126.277435303
        var: 299402.6875
    spectral_complexity:
        dmean: 1.43287038803
        dmean2: 2.28306269646
        dvar: 3.21308851242
        dvar2: 6.67161512375
        max: 26
        mean: 5.25173187256
        min: 0
        var: 8.73800849915
    spectral_crest:
        dmean: 2.90832638741
        dmean2: 4.84907770157
        dvar: 6.82439899445
        dvar2: 18.0729312897
        max: 25.2685184479
        mean: 10.7494783401
        min: 4.28450489044
        var: 13.7632246017
    spectral_decrease:
        dmean: 4.17220674676e-10
        dmean2: 6.58283205723e-10
        dvar: 3.75612557348e-19
        dvar2: 8.44244728205e-19
        max: -1.0830498011e-13
        mean: -8.92429186106e-10
        min: -4.80801753966e-09
        var: 6.45200205707e-19
    spectral_energy:
        dmean: 0.00164106138982
        dmean2: 0.00257580634207
        dvar: 5.74090427108e-06
        dvar2: 1.29247155201e-05
        max: 0.0192598309368
        mean: 0.00353143969551
        min: 4.4498654006e-07
        var: 9.93099820334e-06
    spectral_energyband_high:
        dmean: 4.90609854751e-05
        dmean2: 7.25254285499e-05
        dvar: 4.03774116364e-08
        dvar2: 7.26536200091e-08
        max: 0.00369401508942
        mean: 6.0704714997e-05
        min: 1.34926532169e-08
        var: 5.18611429356e-08
    spectral_energyband_low:
        dmean: 0.000524263130501
        dmean2: 0.000870730378665
        dvar: 7.79482832058e-07
        dvar2: 1.92992729353e-06
        max: 0.00634087948129
        mean: 0.000798092689365
        min: 4.02200086569e-08
        var: 1.32552258947e-06
    spectral_energyband_middle_high:
        dmean: 0.0001369388483
        dmean2: 0.000194910579012
        dvar: 8.81656418983e-08
        dvar2: 1.70499475871e-07
        max: 0.00349229201674
        mean: 0.000289024261292
        min: 1.39888300055e-07
        var: 1.95019595139e-07
    spectral_energyband_middle_low:
        dmean: 0.00145832973067
        dmean2: 0.00238808407448
        dvar: 5.81596623306e-06
        dvar2: 1.41784039442e-05
        max: 0.0169022325426
        mean: 0.00238362024538
        min: 2.4928741027e-07
        var: 7.1883387136e-06
    spectral_flatness_db:
        dmean: 0.0323907472193
        dmean2: 0.0484915822744
        dvar: 0.000922936713323
        dvar2: 0.00192192371469
        max: 0.404032707214
        mean: 0.249818623066
        min: 0.0587281137705
        var: 0.00350653706118
    spectral_flux:
        dmean: 0.0118581661955
        dmean2: 0.0186427328736
        dvar: 0.000227477183216
        dvar2: 0.000426664424594
        max: 0.120922885835
        mean: 0.0323354713619
        min: 0.00528583256528
        var: 0.000449606915936
    spectral_kurtosis:
        dmean: 3.90846920013
        dmean2: 6.01823854446
        dvar: 19.2451457977
        dvar2: 44.1647644043
        max: 40.5113105774
        mean: 8.15763282776
        min: -1.17493057251
        var: 49.8506393433
    spectral_rms:
        dmean: 0.000390407221857
        dmean2: 0.000600333965849
        dvar: 2.133312762e-07
        dvar2: 4.54458955801e-07
        max: 0.0043347524479
        mean: 0.00170709297527
        min: 2.08358633245e-05
        var: 5.31142347882e-07
    spectral_rolloff:
        dmean: 462.564849854
        dmean2: 782.539306641
        dvar: 822878
        dvar2: 1807697.625
        max: 8204.15039062
        mean: 990.478210449
        min: 129.19921875
        var: 1433107.125
    spectral_skewness:
        dmean: 0.463632196188
        dmean2: 0.669735252857
        dvar: 0.194942116737
        dvar2: 0.399824202061
        max: 5.11123847961
        mean: 2.12400484085
        min: 0.0749653950334
        var: 0.759337961674
    spectral_spread:
        dmean: 1171092.75
        dmean2: 1567685.25
        dvar: 2.5079423959e+12
        dvar2: 3.17014461645e+12
        max: 25161684
        mean: 4767847.5
        min: 1730309.375
        var: 8.91565480346e+12
    spectral_strongpeak:
        dmean: 0.146431714296
        dmean2: 0.257678300142
        dvar: 0.0392352566123
        dvar2: 0.114686876535
        max: 1.91320288181
        mean: 0.238578215241
        min: 0.000188194040675
        var: 0.0375483855605
    zerocrossingrate:
        dmean: 0.0106811523438
        dmean2: 0.0118943499401
        dvar: 0.000170109793544
        dvar2: 0.000210442973184
        max: 0.1787109375
        mean: 0.0421895310283
        min: 0.00634765625
        var: 0.000848289113492
    barkbands:
        dmean: [3.55344269565e-08, 0.000127625578898, 0.000454494205769, 0.000472296815133, 0.0008936712984, 0.000305637018755, 0.000165784265846, 5.93846052652e-05, 4.22008961323e-05, 1.9128616259e-05, 8.08991808299e-06, 9.23867264646e-06, 4.23515029979e-06, 4.63792548544e-06, 1.41853806781e-05, 1.7966298401e-05, 2.19266385102e-05, 3.45832995663e-05, 5.07574841322e-05, 2.68742005574e-05, 2.44898492383e-05, 1.04476966953e-05, 3.14862359119e-06, 1.58649174864e-06, 9.01549697119e-07, 4.56203679278e-08, 5.78737280321e-10]
        dmean2: [5.50069074734e-08, 0.000208287892747, 0.000741760537494, 0.000803993723821, 0.00153979845345, 0.000535912055057, 0.000295220641419, 8.68513234309e-05, 6.84287442709e-05, 2.88514547719e-05, 1.35971813506e-05, 1.54475474119e-05, 6.77321213516e-06, 7.66325047152e-06, 2.18445820792e-05, 2.9021564842e-05, 3.63631115761e-05, 5.10628779011e-05, 7.28844388505e-05, 4.18466843257e-05, 3.5816210584e-05, 1.66631070897e-05, 5.16276440976e-06, 2.42346800405e-06, 1.32806746933e-06, 6.79639953205e-08, 9.5156560409e-10]
        dvar: [4.33629708204e-15, 4.02838082891e-08, 6.21373715148e-07, 3.74001075443e-07, 3.5849645883e-06, 2.90918677592e-07, 3.06941558392e-07, 1.41029312672e-08, 1.04401500778e-08, 1.74162284594e-09, 3.71810970901e-10, 6.2983579463e-10, 1.28977190039e-10, 1.25811971952e-10, 1.10895026495e-09, 3.39581496256e-09, 4.59383731055e-09, 5.48556267077e-09, 2.19906706178e-08, 6.44528519445e-09, 1.72970295864e-08, 1.61214053218e-09, 4.36536432002e-11, 1.01723456047e-11, 5.65279593967e-12, 9.91829756752e-15, 1.02635710138e-17]
        dvar2: [1.07767163317e-14, 1.10530471886e-07, 1.47225648561e-06, 1.00226247923e-06, 9.1789452199e-06, 8.05367449175e-07, 8.9700222361e-07, 3.01161406924e-08, 2.82285679276e-08, 3.83339848753e-09, 1.09673503612e-09, 1.75955983117e-09, 3.21173726503e-10, 2.97966318286e-10, 2.75964229246e-09, 8.26614510174e-09, 1.22957786175e-08, 1.24056516171e-08, 4.26382626983e-08, 1.09029896223e-08, 3.20607469462e-08, 2.97140867467e-09, 1.08904441021e-10, 1.95547189552e-11, 1.28539132463e-11, 2.15612643299e-14, 2.58887315435e-17]
        max: [7.37093500902e-07, 0.0015480380971, 0.0056052566506, 0.00504979863763, 0.0113888066262, 0.00473216874525, 0.0062052430585, 0.00125639513135, 0.00111859175377, 0.000439571042079, 0.000174017535755, 0.000230178440688, 0.000109513792268, 9.84480720945e-05, 0.000376092939405, 0.000658460718114, 0.000863059598487, 0.00115773547441, 0.00226316577755, 0.00130770506803, 0.002493431326, 0.000617638987023, 4.34106186731e-05, 3.27196139551e-05, 2.96820180665e-05, 1.20880986287e-06, 4.69380090351e-08]
        mean: [5.50652252684e-08, 0.000182061092346, 0.000615978322458, 0.000699512544088, 0.000925691216253, 0.00040821172297, 0.000186490840861, 8.90609735507e-05, 6.65543047944e-05, 2.79165451502e-05, 9.94062247628e-06, 1.19781116155e-05, 5.51134280613e-06, 5.7391239352e-06, 1.69180821104e-05, 2.09744212043e-05, 2.76477476291e-05, 6.52571761748e-05, 8.22281144792e-05, 3.91455359932e-05, 2.82544624497e-05, 1.05540029836e-05, 2.74860690297e-06, 1.9455283109e-06, 1.02177421013e-06, 4.57424498279e-08, 4.25616514255e-10]
        min: [7.72396521742e-11, 1.49552512596e-08, 2.31363515013e-08, 3.38972938607e-08, 7.65190577567e-08, 2.5630322753e-08, 2.78900067485e-08, 2.48829667981e-08, 5.11474951281e-08, 4.38488889642e-08, 2.75414073769e-08, 2.59581742768e-08, 9.4827532493e-09, 3.34209304675e-09, 6.54026699465e-09, 1.4404275106e-08, 8.03329847088e-09, 2.42714270904e-09, 3.57064044998e-09, 9.66088986587e-09, 2.62713095722e-09, 1.40388733971e-09, 9.30776899999e-10, 6.52902065745e-10, 2.65022115364e-10, 1.02200565719e-11, 5.60784938993e-14]
        var: [6.57709860356e-15, 5.43122418151e-08, 1.0730861959e-06, 5.45656178019e-07, 3.12074575959e-06, 2.62509217919e-07, 2.29902425986e-07, 2.77831304629e-08, 1.83573707346e-08, 4.43124026361e-09, 4.51050530259e-10, 6.74181599436e-10, 1.6497951616e-10, 1.7065417135e-10, 1.69672809136e-09, 3.80956910462e-09, 4.79890571725e-09, 1.38937217287e-08, 3.70167079211e-08, 1.01513117912e-08, 2.1327180022e-08, 1.93933424875e-09, 4.04634138695e-11, 2.0937886841e-11, 8.9088849145e-12, 1.24542769422e-14, 5.39603910692e-18]
    mfcc:
        mean: [-822.747558594, 149.809616089, 1.67351984978, 81.5469589233, -8.51332473755, -10.3325510025, -3.51972460747, -2.8080329895, -10.9002866745, -5.78956270218, -7.01380443573, -8.69616985321, -3.79485225677]
        cov: [[4997.42480469, -1600.68371582, -275.824432373, -458.996490479, -102.581207275, -205.669448853, -99.2708358765, -111.47504425, 31.4046039581, -21.9997196198, -59.9420661926, -20.8094158173, -134.164291382], [-1600.68371582, 1843.27209473, -422.115386963, 251.848953247, -50.6200294495, 210.136703491, 65.4892730713, 89.263130188, 9.38486862183, 117.352340698, 102.001815796, -45.196269989, 48.8590507507], [-275.824432373, -422.115386963, 1198.85449219, -20.3126945496, 42.1578788757, 86.155090332, 41.4036369324, 34.9479446411, -37.5877876282, -21.3213233948, 25.5723381042, 7.15048456192, -10.0068826675], [-458.996490479, 251.848953247, -20.3126945496, 381.308044434, 48.6714668274, 5.318359375, 67.1449203491, 56.2821846008, -32.4556007385, 14.8583116531, 64.2441940308, -14.5424585342, 23.9190139771], [-102.581207275, -50.6200294495, 42.1578788757, 48.6714668274, 233.19102478, 73.0754241943, 59.1436042786, 0.34005305171, 28.5669384003, -11.9880313873, -34.3275184631, -9.23274421692, -1.71350085735], [-205.669448853, 210.136703491, 86.155090332, 5.318359375, 73.0754241943, 259.057678223, 16.8723487854, 11.125878334, 55.8768959045, 27.9492511749, -20.5331764221, -18.642873764, -9.06348609924], [-99.2708358765, 65.4892730713, 41.4036369324, 67.1449203491, 59.1436042786, 16.8723487854, 119.560211182, 31.6967487335, 1.09211397171, 25.9810428619, 28.3628101349, 1.22488605976, 15.0267829895], [-111.47504425, 89.263130188, 34.9479446411, 56.2821846008, 0.34005305171, 11.125878334, 31.6967487335, 107.373573303, -5.27331638336, 11.1868095398, 54.8257408142, 8.74122142792, -0.719312727451], [31.4046039581, 9.38486862183, -37.5877876282, -32.4556007385, 28.5669384003, 55.8768959045, 1.09211397171, -5.27331638336, 113.590492249, 29.025680542, -38.1732749939, -1.62839984894, 3.36209702492], [-21.9997196198, 117.352340698, -21.3213233948, 14.8583116531, -11.9880313873, 27.9492511749, 25.9810428619, 11.1868095398, 29.025680542, 92.7958450317, 45.7201423645, -5.43733024597, 14.7189474106], [-59.9420661926, 102.001815796, 25.5723381042, 64.2441940308, -34.3275184631, -20.5331764221, 28.3628101349, 54.8257408142, -38.1732749939, 45.7201423645, 139.337265015, 21.1227302551, -6.26782560349], [-20.8094158173, -45.196269989, 7.15048456192, -14.5424585342, -9.23274421692, -18.642873764, 1.22488605976, 8.74122142792, -1.62839984894, -5.43733024597, 21.1227302551, 62.791519165, 11.7343406677], [-134.164291382, 48.8590507507, -10.0068826675, 23.9190139771, -1.71350085735, -9.06348609924, 15.0267829895, -0.719312727451, 3.36209702492, 14.7189474106, -6.26782560349, 11.7343406677, 78.8004074097]]
        icov: [[0.00036004174035, 0.000380905315978, 0.000226648029638, 0.00023082154803, 0.000204776937608, -0.000101088378869, -0.000160497962497, 3.15746660817e-06, 2.31450667343e-06, -0.000220468427869, -0.000178629881702, 0.00040411768714, 0.000325701461406], [0.000380905315978, 0.00130030047148, 0.000622147752438, -0.000149290994159, 0.000705143320374, -0.00109310471453, -0.00038087903522, -0.000343896361301, 0.000312424323056, -0.000605243607424, -0.000472079380415, 0.000933938310482, -0.000151190528413], [0.000226648029638, 0.000622147752438, 0.00121486734133, 0.00017769090482, 0.000281702989014, -0.00089469330851, -0.000520854489878, -0.000315365934512, 0.000530971912667, 9.42734550335e-05, -0.000448560429504, 0.00043601859943, -4.07324005209e-05], [0.00023082154803, -0.000149290994159, 0.00017769090482, 0.00382270943373, -0.000763018615544, 0.000261000008322, -0.00107068161014, -0.000753357133362, 0.000393612572225, 0.000875063589774, -0.00171687081456, 0.00177997059654, -0.00102335959673], [0.000204776937608, 0.000705143320374, 0.000281702989014, -0.000763018615544, 0.00650078197941, -0.00193981907796, -0.00355747691356, 0.00044391056872, -0.000924891792238, 0.001460537198, 0.000964882376138, 0.000427545659477, 0.00055923324544], [-0.000101088378869, -0.00109310471453, -0.00089469330851, 0.000261000008322, -0.00193981907796, 0.00619634753093, 0.000752300897148, -0.000468778976938, -0.00199736026116, -0.0013032037532, 0.001179607003, 0.000154837558512, 0.00123499589972], [-0.000160497962497, -0.00038087903522, -0.000520854489878, -0.00107068161014, -0.00355747691356, 0.000752300897148, 0.0124544799328, -0.00227767461911, 0.000639146019239, -0.00322318146937, -0.000350509828422, -0.000600569532253, -0.00152853608597], [3.15746660817e-06, -0.000343896361301, -0.000315365934512, -0.000753357133362, 0.00044391056872, -0.000468778976938, -0.00227767461911, 0.0133222630247, -0.00231578131206, 0.00328807206824, -0.00578107312322, -9.17662400752e-05, -4.26185179094e-05], [2.31450667343e-06, 0.000312424323056, 0.000530971912667, 0.000393612572225, -0.000924891792238, -0.00199736026116, 0.000639146019239, -0.00231578131206, 0.01443941053, -0.00802057236433, 0.00685365870595, -0.00302052195184, 0.00124232145026], [-0.000220468427869, -0.000605243607424, 9.42734550335e-05, 0.000875063589774, 0.001460537198, -0.0013032037532, -0.00322318146937, 0.00328807206824, -0.00802057236433, 0.021397151053, -0.0107957515866, 0.00533354422078, -0.00503466278315], [-0.000178629881702, -0.000472079380415, -0.000448560429504, -0.00171687081456, 0.000964882376138, 0.001179607003, -0.000350509828422, -0.00578107312322, 0.00685365870595, -0.0107957515866, 0.017787495628, -0.00708274543285, 0.00481710396707], [0.00040411768714, 0.000933938310482, 0.00043601859943, 0.00177997059654, 0.000427545659477, 0.000154837558512, -0.000600569532253, -9.17662400752e-05, -0.00302052195184, 0.00533354422078, -0.00708274543285, 0.0208864603192, -0.0047761388123], [0.000325701461406, -0.000151190528413, -4.07324005209e-05, -0.00102335959673, 0.00055923324544, 0.00123499589972, -0.00152853608597, -4.26185179094e-05, 0.00124232145026, -0.00503466278315, 0.00481710396707, -0.0047761388123, 0.0160711146891]]
    spectral_contrast:
        mean: [-1.3111645103e-07, -5.99616896579e-07, -1.82169273444e-07, 3.90862965105e-07, -1.08128055842e-07, -2.03041224722e-07, 4.84683482682e-07, 1.057190957e-06, -2.96398889077e-06, 9.08523460907e-08, 3.78716617888e-06, -3.35217623615e-06]
        var: [0.000533156620804, 0.000942343147472, 0.00156038242858, 0.00282149203122, 0.0049983933568, 0.00751011492684, 0.0533946454525, 0.110591493547, 0.256490796804, 0.562983393669, 0.812516450882, 2.70928287506]

rhythm:
    beats_loudness:
        dmean: 0.00665867049247
        dmean2: 0.0133339455351
        dvar: 6.60069235892e-06
        dvar2: 2.15572126763e-05
        max: 0.0146780190989
        mean: 0.00892245210707
        min: 0.0032639275305
        var: 1.30523339976e-05
    beats_loudness_bass:
        dmean: 0.493220329285
        dmean2: 1.00273311138
        dvar: 0.0541732534766
        dvar2: 0.150420859456
        max: 0.854962527752
        mean: 0.320129871368
        min: 0.0338191539049
        var: 0.0981250777841
    bpm: 84.1869888306
    bpm_confidence: 0
    first_peak_bpm: 84
    first_peak_spread: 0.0769230723381
    first_peak_weight: 0.923076927662
    onset_rate: 4.76036262512
    second_peak_bpm: 0
    second_peak_spread: 0
    second_peak_weight: 0
    beats_position: [0.629145443439, 1.341817379, 2.05448937416, 2.76716113091, 3.47983312607, 4.19250488281, 4.90517663956, 5.6178483963, 6.35549640656, 7.0682349205, 7.78097343445, 8.49371147156, 9.20644950867, 9.91918849945]
    bpm_estimates: [84.2733612061, 84.1645812988, 84.420135498, 84.1968536377, 84.1898117065, 84.1719589233, 84.2123336792, 84.0409240723, 84.1360931396, 84.1154327393, 84.1719589233, 84.2431411743, 84.2171173096, 84.2848052979, 84.1256103516, 84.1958694458, 84.1325073242, 84.2302627563, 84.030090332]
    bpm_intervals: [0.712671935558, 0.712671995163, 0.712671756744, 0.712671995163, 0.712671756744, 0.712671756744, 0.712671756744, 0.737648010254, 0.712738513947, 0.712738513947, 0.712738037109, 0.712738037109, 0.712738990784]
    onset_times: [0.0696598663926, 0.27863946557, 0.49922901392, 0.650158703327, 0.893968224525, 1.30031740665, 1.66022670269, 1.93886625767, 2.07818603516, 2.31038546562, 2.41487526894, 2.65868473053, 2.77478456497, 3.11147403717, 3.36689352989, 3.50621318817, 3.80807256699, 3.85451245308, 4.07510185242, 4.15637207031, 4.20281171799, 4.56272125244, 4.79492044449, 4.8994102478, 5.29414987564, 5.52634906769, 5.61922883987, 6.00235843658, 6.22294807434, 6.38548755646, 6.5596370697, 6.72217702866, 7.01242637634, 7.07047605515, 7.4303855896, 7.61614513397, 7.81351470947, 8.04571437836, 8.15020370483, 8.39401340485, 8.498503685, 8.73070335388, 8.88163280487, 9.06739234924, 9.2067117691, 9.42730140686, 9.5666217804, 9.93814086914]
    rubato_start: []
    rubato_stop: []
    perceptual_tempo: "unknown"

sfx:
    inharmonicity:
        dmean: 0.0215696897358
        dmean2: 0.0381984263659
        dvar: 0.00168193969876
        dvar2: 0.00448384741321
        max: 0.384843081236
        mean: 0.0173291452229
        min: 0
        var: 0.00147615594324
    oddtoevenharmonicenergyratio:
        dmean: 22.2991371155
        dmean2: 44.5322608948
        dvar: 57057.375
        dvar2: 180916.015625
        max: 3464.60620117
        mean: 11.3617172241
        min: 0
        var: 28591.4179688
    pitch_after_max_to_before_max_energy_ratio: 3.31689596176
    pitch_centroid: 213.482681274
    pitch_max_to_total: 0.166281759739
    pitch_min_to_total: 0.355658203363
    tristimulus:
        dmean: [0.239602431655, 0.2427906394, 0.0574758946896]
        dmean2: [0.422574698925, 0.441816806793, 0.0992173925042]
        dvar: [0.0489577800035, 0.0534132868052, 0.0100805722177]
        dvar2: [0.124879471958, 0.147817224264, 0.0275121275336]
        max: [1, 0.968920826912, 0.797841668129]
        mean: [0.667417824268, 0.236896216869, 0.05256222561]
        min: [0.013926781714, 0, 0]
        var: [0.0750067383051, 0.0557598397136, 0.00925148744136]

tonal:
    chords_changes_rate: 0.0642201825976
    chords_number_rate: 0.0229357797652
    chords_strength:
        dmean: 0.0139225553721
        dmean2: 0.0139857167378
        dvar: 0.000129198393552
        dvar2: 0.000170722953044
        max: 0.75756072998
        mean: 0.540496468544
        min: 0.225020512938
        var: 0.0208710599691
    key_strength: 0.710235178471
    tuning_diatonic_strength: 0.492521494627
    tuning_equal_tempered_deviation: 0.17199267447
    tuning_frequency: 442.03793335
    tuning_nontempered_energy_ratio: 0.818024873734
    hpcp:
        dmean: [0.137434870005, 0.112065665424, 0.147807255387, 0.17151376605, 0.186447843909, 0.157613247633, 0.0895021930337, 0.0481686703861, 0.0752479732037, 0.144929930568, 0.157832533121, 0.114725314081, 0.0999562814832, 0.110072508454, 0.158633694053, 0.198534727097, 0.218079850078, 0.212146535516, 0.246605306864, 0.228162974119, 0.164545342326, 0.106414936483, 0.0920904055238, 0.0780908316374, 0.0841876640916, 0.0780861005187, 0.0822258889675, 0.109419979155, 0.13591851294, 0.197877138853, 0.206894040108, 0.146589845419, 0.145644888282, 0.139863908291, 0.146081671119, 0.178387999535]
        dmean2: [0.254027843475, 0.210565730929, 0.262825638056, 0.298907786608, 0.333773106337, 0.285128414631, 0.156675353646, 0.0856436267495, 0.131156653166, 0.238855659962, 0.261487364769, 0.205024838448, 0.181489884853, 0.197840005159, 0.298014968634, 0.353783279657, 0.395356923342, 0.372647166252, 0.432107299566, 0.380742847919, 0.283253610134, 0.184469148517, 0.17032276094, 0.137169465423, 0.142306268215, 0.129694327712, 0.136025324464, 0.183603093028, 0.233928784728, 0.350741237402, 0.345179736614, 0.238483607769, 0.259638875723, 0.25333404541, 0.275178074837, 0.332174897194]
        dvar: [0.0537844784558, 0.0478368662298, 0.0519846454263, 0.0564504005015, 0.0731429755688, 0.0695123523474, 0.0315913595259, 0.0100692193955, 0.014720694162, 0.039108928293, 0.0374898761511, 0.0221000686288, 0.0290164183825, 0.0256175491959, 0.0480951443315, 0.0651888847351, 0.0820904672146, 0.0480833016336, 0.0802645161748, 0.0637494027615, 0.0471885837615, 0.0334196090698, 0.0308718178421, 0.0188666209579, 0.0221683960408, 0.0132861491293, 0.0161272007972, 0.0263514649123, 0.0415210239589, 0.0712605118752, 0.0681059136987, 0.0397037826478, 0.0475024692714, 0.0513329729438, 0.0552398003638, 0.0827504247427]
        dvar2: [0.148036882281, 0.135661005974, 0.139059796929, 0.138138443232, 0.182371780276, 0.174828082323, 0.0760857537389, 0.0236618798226, 0.0409987270832, 0.0920378193259, 0.0909910649061, 0.0578970424831, 0.0701919496059, 0.0694408938289, 0.137137085199, 0.159068882465, 0.211047157645, 0.124490834773, 0.185355529189, 0.16096766293, 0.121105499566, 0.0724844038486, 0.0833229571581, 0.0503023937345, 0.04963831231, 0.0299625303596, 0.038809273392, 0.0673240795732, 0.104097187519, 0.180992633104, 0.163198500872, 0.0917553529143, 0.12075291574, 0.1443618536, 0.150060579181, 0.227895468473]
        max: [1, 1, 1, 1, 1, 1, 1, 0.733903050423, 0.911738395691, 1, 1, 0.840850055218, 1, 1, 1, 1, 1, 1, 1, 1, 1, 1, 1, 0.909784317017, 1, 1, 1, 1, 1, 1, 1, 1, 1, 1, 1, 1]
        mean: [0.0977147370577, 0.0824419632554, 0.117077581584, 0.156168416142, 0.15873721242, 0.121575802565, 0.0739478245378, 0.045146305114, 0.0758700668812, 0.168786466122, 0.17478261888, 0.105087392032, 0.0880433768034, 0.0866676196456, 0.133167058229, 0.24645319581, 0.241289317608, 0.201357021928, 0.296527445316, 0.292980730534, 0.189148128033, 0.11461828649, 0.0661741346121, 0.0613063052297, 0.0698777735233, 0.070626616478, 0.0947775915265, 0.126053825021, 0.144191965461, 0.213020339608, 0.260913342237, 0.19623067975, 0.126977205276, 0.105072893202, 0.101943321526, 0.117567174137]
        min: [0.00035357780871, 0.000386208266718, 0.000460385374026, 0.000792714767158, 0, 0, 9.70707842498e-05, 5.28937271156e-05, 0.000207218385185, 0.000558471481781, 0, 0, 0, 0, 0, 0, 0, 0, 0, 0, 0, 0, 0, 0, 0, 0, 0.00016704571317, 0.000167391190189, 0.00020381208742, 0.000131527791382, 0.000180960501893, 0, 0, 0, 0, 0]
        var: [0.0378474406898, 0.0306048355997, 0.0395919941366, 0.0592849329114, 0.0696648359299, 0.0602063275874, 0.030354777351, 0.0103797810152, 0.0164362471551, 0.0626205578446, 0.054399959743, 0.0189569164068, 0.0262265298516, 0.0238334629685, 0.0444551333785, 0.115753695369, 0.10885066539, 0.0563328154385, 0.125122249126, 0.112704508007, 0.0826313048601, 0.0541272237897, 0.0241882558912, 0.0169814154506, 0.0249575730413, 0.0181968268007, 0.0268786549568, 0.0412401333451, 0.0576129406691, 0.0930590182543, 0.113517202437, 0.0780943706632, 0.0452700890601, 0.0369299426675, 0.0379931330681, 0.0561558678746]
    chords_histogram: [0, 0, 0, 0, 0, 0, 0, 0.458715587854, 2.75229358673, 15.5963306427, 0, 0, 0, 0, 0, 1.37614679337, 7.33944940567, 0, 0, 0, 0, 0.917431175709, 71.5596313477, 0]
    thpcp: [1, 0.988039195538, 0.63787728548, 0.386535167694, 0.223163604736, 0.206747487187, 0.23565363884, 0.238179013133, 0.319625020027, 0.425100028515, 0.486268520355, 0.718383193016, 0.879896104336, 0.661762297153, 0.428214013577, 0.354344576597, 0.343790501356, 0.396479904652, 0.329530149698, 0.278024733067, 0.394828826189, 0.526657521725, 0.535320460796, 0.409998476505, 0.249379366636, 0.152250006795, 0.255861878395, 0.569210290909, 0.589431524277, 0.354393482208, 0.296914756298, 0.292275190353, 0.449088484049, 0.831131160259, 0.813716650009, 0.679050207138]
    chords_key: "C"
    chords_scale: "minor"
    key_key: "G"
    key_scale: "minor"
    chords_progression: ["D", "D", "D", "D", "D", "D", "D", "D", "D", "D", "D", "D", "D", "D", "D", "D", "D", "D", "D", "D", "D", "D", "D", "D", "D", "D", "D", "D", "G#", "G#", "G", "Bm", "Bm", "Cm", "Cm", "Cm", "Cm", "Cm", "Cm", "Cm", "Cm", "Cm", "Cm", "Cm", "Cm", "Cm", "Cm", "Cm", "Cm", "Cm", "Cm", "Cm", "Cm", "Cm", "Cm", "Cm", "Cm", "Cm", "Cm", "Cm", "Cm", "Cm", "Cm", "Cm", "Cm", "Cm", "Cm", "Cm", "Cm", "Cm", "Cm", "Cm", "Cm", "Cm", "Cm", "Cm", "Cm", "Cm", "Cm", "Cm", "Cm", "Cm", "Cm", "Cm", "Cm", "Cm", "Cm", "Cm", "Cm", "Cm", "Cm", "Cm", "Cm", "Cm", "Cm", "Cm", "Cm", "Cm", "Cm", "Cm", "Cm", "Cm", "Cm", "Cm", "Cm", "Cm", "Cm", "Cm", "Cm", "Cm", "Cm", "Cm", "Cm", "Cm", "Cm", "Cm", "Cm", "Cm", "Cm", "Cm", "Cm", "Cm", "Cm", "D#m", "D#m", "B", "B", "B", "D#m", "D#m", "D#m", "D#m", "D#m", "D#m", "D#m", "D#m", "D#m", "D#m", "D#m", "D#m", "D#m", "D#m", "Bm", "Bm", "D", "Bm", "Bm", "D", "D", "Cm", "Cm", "Cm", "Cm", "Cm", "Cm", "D", "D", "D", "Cm", "Cm", "Cm", "Cm", "Cm", "Cm", "Cm", "Cm", "Cm", "Cm", "Cm", "Cm", "Cm", "Cm", "Cm", "Cm", "Cm", "Cm", "Cm", "Cm", "Cm", "Cm", "Cm", "Cm", "Cm", "Cm", "Cm", "Cm", "Cm", "Cm", "Cm", "Cm", "Cm", "Cm", "Cm", "Cm", "Cm", "Cm", "Cm", "Cm", "Cm", "Cm", "Cm", "Cm", "Cm", "Cm", "Cm", "Cm", "Cm", "Cm", "Cm", "Cm", "Cm", "Cm", "Cm", "Cm", "Cm", "Cm", "Cm", "Cm"]
