
metadata:
    version:
        essentia: "1.2.2"
    audio_properties:
        analysis_sample_rate: 44100
        bitrate: 128
        channels: 2
        equal_loudness: 1
        length: 9.97877597809
        replay_gain: -14.4596481323
        downmix: "mix"
    tags:
        track: 8
        year: 0
        album: "Splitted by Mp3Splt v. 2.1"
        artist: "From 001.10 To 001.20"
        comment: "http://mp3splt.sf.net"
        genre: ""
        title: "07 Imagination.mp3"

highlevel:
    ballroom:
        all:
            ChaChaCha: 0.02307347022
            Jive: 0.118347905576
            Quickstep: 0.254479110241
            Rumba-American: 0.00873102899641
            Rumba-International: 0.134472444654
            Rumba-Misc: 0.0755726993084
            Samba: 0.0741449072957
            Tango: 0.0225659683347
            VienneseWaltz: 0.227606683969
            Waltz: 0.0610057860613
        probability: 0.254479110241
        value: "Quickstep"
    culture:
        all:
            non_western: 0.0100878318772
            western: 0.98991215229
        probability: 0.98991215229
        value: "western"
    gender:
        all:
            female: 0.848694324493
            male: 0.151305660605
        probability: 0.848694324493
        value: "female"
    genre_dortmund:
        all:
            alternative: 0.0805119648576
            blues: 0.0131819890812
            electronic: 0.0232522506267
            folkcountry: 0.429905474186
            funksoulrnb: 0.0161676760763
            jazz: 0.104722104967
            pop: 0.104966185987
            raphiphop: 0.00718348892406
            rock: 0.220108881593
        probability: 0.429905474186
        value: "folkcountry"
    genre_electronica:
        all:
            ambient: 0.454722911119
            dnb: 0.203525841236
            house: 0.0241614207625
            techno: 0.00481335679069
            trance: 0.312776476145
        probability: 0.454722911119
        value: "ambient"
    genre_rosamerica:
        all:
            cla: 0.0403240099549
            dan: 0.0459697321057
            hip: 0.00880017410964
            jaz: 0.0418285988271
            pop: 0.729806482792
            rhy: 0.0623149313033
            roc: 0.0674162432551
            spe: 0.00353981135413
        probability: 0.729806482792
        value: "pop"
    genre_tzanetakis:
        all:
            blu: 0.00947906635702
            cla: 0.00695870677009
            cou: 0.358197331429
            dis: 0.0271957181394
            hip: 0.00543435197324
            jaz: 0.0391322597861
            met: 0.0053023416549
            pop: 0.42451864481
            reg: 0.029656952247
            roc: 0.0941246151924
        probability: 0.42451864481
        value: "pop"
    live_studio:
        all:
            live: 0.225969523191
            studio: 0.774030447006
        probability: 0.774030447006
        value: "studio"
    mood:
        all:
            Cluster1: 0.176191017032
            Cluster2: 0.293766349554
            Cluster3: 0.230315163732
            Cluster4: 0.157225996256
            Cluster5: 0.142501488328
        probability: 0.293766349554
        value: "Cluster2"
    mood_acoustic:
        all:
            acoustic: 0.0718725249171
            not_acoustic: 0.928127467632
        probability: 0.928127467632
        value: "not_acoustic"
    mood_aggressive:
        all:
            aggressive: 0.0534895099699
            not_aggressive: 0.946510493755
        probability: 0.946510493755
        value: "not_aggressive"
    mood_electronic:
        all:
            electronic: 0.378215551376
            not_electronic: 0.621784448624
        probability: 0.621784448624
        value: "not_electronic"
    mood_happy:
        all:
            happy: 0.84936362505
            not_happy: 0.150636404753
        probability: 0.84936362505
        value: "happy"
    mood_party:
        all:
            not_party: 0.870163738728
            party: 0.12983623147
        probability: 0.870163738728
        value: "not_party"
    mood_relaxed:
        all:
            not_relaxed: 0.259621500969
            relaxed: 0.740378499031
        probability: 0.740378499031
        value: "relaxed"
    mood_sad:
        all:
            not_sad: 0.192837893963
            sad: 0.807162106037
        probability: 0.807162106037
        value: "sad"
    rhythm:
        all:
            fast: 0.0601471886039
            medium: 0.839327394962
            slow: 0.100525438786
        probability: 0.839327394962
        value: "medium"
    speech_music:
        all:
            music: 0.991545021534
            speech: 0.00845495704561
        probability: 0.991545021534
        value: "music"
    timbre:
        all:
            bright: 0.969310820103
            dark: 0.0306891631335
        probability: 0.969310820103
        value: "bright"
    voice_instrumental:
        all:
            instrumental: 0.161627933383
            voice: 0.838372051716
        probability: 0.838372051716
        value: "voice"

lowlevel:
    average_loudness: 0.958457946777
    barkbands_kurtosis:
        dmean: 1.12628448009
        dmean2: 1.6853530407
        dvar: 1.98614478111
        dvar2: 4.47195529938
        max: 16.4552593231
        mean: 0.827523708344
        min: -1.85554218292
        var: 8.74208450317
    barkbands_skewness:
        dmean: 0.374436438084
        dmean2: 0.554028809071
        dvar: 0.112080730498
        dvar2: 0.253858208656
        max: 3.75596690178
        mean: 1.04558253288
        min: -1.3392598629
        var: 0.756013393402
    barkbands_spread:
        dmean: 4.78925514221
        dmean2: 7.07683420181
        dvar: 29.2562389374
        dvar2: 64.5644607544
        max: 62.6071624756
        mean: 26.7685966492
        min: 4.90098762512
        var: 127.220092773
    dissonance:
        dmean: 0.0195594243705
        dmean2: 0.0323578864336
        dvar: 0.000362855149433
        dvar2: 0.000783294206485
        max: 0.496105968952
        mean: 0.445747166872
        min: 0.331899642944
        var: 0.0011217383435
    hfc:
        dmean: 1.28131222725
        dmean2: 1.86438918114
        dvar: 3.05878424644
        dvar2: 6.17266941071
        max: 21.8299827576
        mean: 5.61154556274
        min: 0.630004227161
        var: 16.2494773865
    pitch:
        dmean: 276.878295898
        dmean2: 533.184997559
        dvar: 707973.3125
        dvar2: 1649136.25
        max: 4410
        mean: 483.095062256
        min: 84.9710998535
        var: 817088.8125
    pitch_instantaneous_confidence:
        dmean: 0.0750241875648
        dmean2: 0.112207055092
        dvar: 0.00500204181299
        dvar2: 0.0102693689987
        max: 0.876547992229
        mean: 0.50575453043
        min: 0.193707585335
        var: 0.0282626710832
    pitch_salience:
        dmean: 0.0577018782496
        dmean2: 0.0892902463675
        dvar: 0.00248597795144
        dvar2: 0.00588676100597
        max: 0.757277905941
        mean: 0.573863863945
        min: 0.250888139009
        var: 0.00744336284697
    silence_rate_20dB:
        dmean: 0
        dmean2: 0
        dvar: 0
        dvar2: 0
        max: 1
        mean: 1
        min: 1
        var: 0
    silence_rate_30dB:
        dmean: 0
        dmean2: 0
        dvar: 0
        dvar2: 0
        max: 1
        mean: 1
        min: 1
        var: 0
    silence_rate_60dB:
        dmean: 0.074592076242
        dmean2: 0.149532705545
        dvar: 0.0690279528499
        dvar2: 0.145865097642
        max: 1
        mean: 0.293023258448
        min: 0
        var: 0.207160115242
    spectral_centroid:
        dmean: 198.031448364
        dmean2: 295.586425781
        dvar: 56493.4804688
        dvar2: 123194.367188
        max: 3329.38330078
        mean: 1130.62512207
        min: 390.786834717
        var: 246481.65625
    spectral_complexity:
        dmean: 2.5480093956
        dmean2: 4.19483566284
        dvar: 8.21959114075
        dvar2: 21.0536289215
        max: 30
        mean: 10.9252338409
        min: 0
        var: 22.0785045624
    spectral_crest:
        dmean: 2.33852934837
        dmean2: 3.67629408836
        dvar: 4.41948080063
        dvar2: 10.1532392502
        max: 23.8233013153
        mean: 9.71221065521
        min: 2.74397993088
        var: 16.4019432068
    spectral_decrease:
        dmean: 2.64212929313e-10
        dmean2: 3.94222515743e-10
        dvar: 8.94470786032e-20
        dvar2: 2.12489942689e-19
        max: -9.80970651931e-11
        mean: -1.15976428461e-09
        min: -3.18426662815e-09
        var: 3.16852050626e-19
    spectral_energy:
        dmean: 0.00108393409755
        dmean2: 0.00162214227021
        dvar: 1.52089523908e-06
        dvar2: 3.56510940946e-06
        max: 0.0131678888574
        mean: 0.00488620111719
        min: 0.000436154281488
        var: 5.72121325604e-06
    spectral_energyband_high:
        dmean: 0.000123398451251
        dmean2: 0.000175121109351
        dvar: 4.91271876513e-08
        dvar2: 8.19343739522e-08
        max: 0.00367097975686
        mean: 0.000278694671579
        min: 7.97896518634e-06
        var: 1.64950321846e-07
    spectral_energyband_low:
        dmean: 0.00010130865121
        dmean2: 0.000174337401404
        dvar: 4.1850597654e-08
        dvar2: 1.13568169979e-07
        max: 0.00170714710839
        mean: 0.00018680539506
        min: 7.77105583438e-07
        var: 4.31702922299e-08
    spectral_energyband_middle_high:
        dmean: 0.000332609168254
        dmean2: 0.00050580163952
        dvar: 1.75647471679e-07
        dvar2: 4.50381662631e-07
        max: 0.00578010734171
        mean: 0.00131562259048
        min: 0.000162791358889
        var: 1.28072588268e-06
    spectral_energyband_middle_low:
        dmean: 0.000912144372705
        dmean2: 0.00135173439048
        dvar: 1.09616382815e-06
        dvar2: 2.54267956734e-06
        max: 0.00967372208834
        mean: 0.00310506578535
        min: 0.000163925098605
        var: 3.36736979989e-06
    spectral_flatness_db:
        dmean: 0.0171346068382
        dmean2: 0.0252043101937
        dvar: 0.00025412812829
        dvar2: 0.000487944547785
        max: 0.243505597115
        mean: 0.162908270955
        min: 0.0573257766664
        var: 0.000967275293078
    spectral_flux:
        dmean: 0.00816814322025
        dmean2: 0.0128654008731
        dvar: 7.31257314328e-05
        dvar2: 0.000169011036633
        max: 0.0877963155508
        mean: 0.0322989486158
        min: 0.0089125642553
        var: 0.000185026205145
    spectral_kurtosis:
        dmean: 1.12009298801
        dmean2: 1.6652058363
        dvar: 1.50742733479
        dvar2: 3.21943116188
        max: 13.6988048553
        mean: 3.90897893906
        min: -0.356035232544
        var: 4.38978338242
    spectral_rms:
        dmean: 0.000235455503571
        dmean2: 0.000345879059751
        dvar: 5.77417083036e-08
        dvar2: 1.30452306735e-07
        max: 0.00358423218131
        mean: 0.00211946852505
        min: 0.000652316142805
        var: 2.74878289019e-07
    spectral_rolloff:
        dmean: 450.028503418
        dmean2: 724.141845703
        dvar: 344589.34375
        dvar2: 725826.1875
        max: 4974.16992188
        mean: 2240.36035156
        min: 430.6640625
        var: 1430604.25
    spectral_skewness:
        dmean: 0.180975109339
        dmean2: 0.260712444782
        dvar: 0.0360583551228
        dvar2: 0.0644894093275
        max: 2.63777589798
        mean: 1.57461750507
        min: 0.506494700909
        var: 0.176894888282
    spectral_spread:
        dmean: 525188.5625
        dmean2: 692919.875
        dvar: 927465406464
        dvar2: 1.09718850765e+12
        max: 22602372
        mean: 5147997.5
        min: 3135026.25
        var: 1.56957566566e+12
    spectral_strongpeak:
        dmean: 0.26941344142
        dmean2: 0.453632563353
        dvar: 0.240223661065
        dvar2: 0.66772544384
        max: 4.7710776329
        mean: 0.630612075329
        min: 0.0163079798222
        var: 0.313682973385
    zerocrossingrate:
        dmean: 0.00866556260735
        dmean2: 0.00972894672304
        dvar: 5.85619309277e-05
        dvar2: 6.68778593536e-05
        max: 0.15966796875
        mean: 0.071429386735
        min: 0.02490234375
        var: 0.000664461578708
    barkbands:
        dmean: [1.70594162796e-07, 4.86527715111e-05, 6.13676529611e-05, 6.26073524472e-05, 0.000435612280853, 0.000278901832644, 0.000349299749359, 0.00012878049165, 0.000160811148817, 7.65986260376e-05, 7.28473896743e-05, 2.73448513326e-05, 3.49356232618e-05, 1.28129877339e-05, 4.54682194686e-05, 7.20529060345e-05, 0.000121487501019, 0.000116418486868, 7.61669653002e-05, 9.84851576504e-05, 5.51814264327e-05, 1.86805264093e-05, 3.76189632334e-06, 1.72438205936e-06, 9.90866737993e-07, 3.71918673636e-08, 2.16647011442e-09]
        dmean2: [2.54309213688e-07, 7.98574401415e-05, 0.000108707485197, 0.000105369363155, 0.000689799315296, 0.00039899192052, 0.000504274619743, 0.000180877570529, 0.00024526641937, 0.000119648873806, 9.96981616481e-05, 4.34764588135e-05, 5.45799630345e-05, 2.13131206692e-05, 6.51767404634e-05, 0.000106692968984, 0.000195261760382, 0.000195292392164, 0.000124966099975, 0.000154891182319, 8.56276456034e-05, 2.64945938397e-05, 5.01490239913e-06, 2.43546514866e-06, 1.51921881297e-06, 5.62191928566e-08, 2.32994468163e-09]
        dvar: [7.93015487804e-14, 8.49135961545e-09, 1.72932423936e-08, 5.25337862101e-09, 4.30553200204e-07, 2.18648679606e-07, 4.17618707615e-07, 1.42553133742e-07, 9.14059867796e-08, 2.18335429736e-08, 3.02147817877e-08, 8.67761329459e-09, 4.77907580176e-09, 3.74105080247e-10, 4.74582195764e-09, 1.52435362111e-08, 5.27236565517e-08, 4.34859153131e-08, 8.74725714084e-09, 2.68374762413e-08, 1.58010564633e-08, 1.21166632283e-09, 3.63497149047e-11, 8.69813682886e-12, 1.81506459168e-11, 1.1976451257e-14, 1.51309836412e-15]
        dvar2: [1.72949911228e-13, 2.21930225308e-08, 4.86465623339e-08, 1.42766456435e-08, 1.10785947527e-06, 4.53065695183e-07, 8.7900463086e-07, 2.68589246843e-07, 2.21407631784e-07, 5.46595231299e-08, 5.1226933806e-08, 1.96573175515e-08, 1.07083630851e-08, 8.99906260621e-10, 1.02191828333e-08, 4.31539959322e-08, 1.4107234847e-07, 1.08222302231e-07, 2.05974650669e-08, 5.08035107316e-08, 2.78523941688e-08, 2.2254402765e-09, 6.68189600872e-11, 1.96621711968e-11, 5.19352338912e-11, 3.09378682341e-14, 1.46865369834e-15]
        max: [2.34835079027e-06, 0.000756984692998, 0.00105585588608, 0.000609053531662, 0.00569751905277, 0.00570460129529, 0.0077378610149, 0.00676262937486, 0.00404725503176, 0.00199442496523, 0.00257755699567, 0.00162616337184, 0.000974785536528, 0.00019012154371, 0.00095292495098, 0.00134484958835, 0.00284169428051, 0.00304950308055, 0.000736574700568, 0.00235736044124, 0.00238729990087, 0.000320228398778, 8.74348261277e-05, 3.1933435821e-05, 6.60766963847e-05, 1.54237932293e-06, 8.17817749521e-07]
        mean: [2.87028342427e-07, 0.000100560035207, 8.59731517266e-05, 0.000142362565384, 0.000821534602437, 0.000710704771336, 0.000813190184999, 0.000216572880163, 0.00036520048161, 0.000141390642966, 0.000139135692734, 3.61945712939e-05, 6.05738059676e-05, 2.14103529288e-05, 9.19799349504e-05, 0.000135228270665, 0.00022292608628, 0.000234173014178, 0.000161898118677, 0.000232315069297, 0.000102645368315, 3.66167842003e-05, 7.88501074567e-06, 3.52088113686e-06, 1.86407100955e-06, 5.75967611383e-08, 2.20387041949e-09]
        min: [8.86381079646e-10, 1.86808279068e-07, 1.60194119303e-07, 1.63874062764e-06, 3.74259216187e-05, 3.25247037836e-06, 4.72255987916e-06, 1.09760026135e-06, 1.88804619938e-06, 3.15758734359e-06, 3.1053893963e-06, 1.3222357893e-06, 1.5433927274e-06, 1.02479998532e-06, 5.00648002344e-06, 3.894240308e-06, 7.30940610083e-06, 5.20622052136e-06, 9.75292186922e-06, 7.13307099431e-06, 2.43958811552e-06, 6.90131571446e-07, 2.16796735231e-07, 8.95546676816e-08, 2.12757527152e-08, 2.19768447884e-09, 1.40054297437e-14]
        var: [1.60627059071e-13, 1.47726879618e-08, 1.30735324788e-08, 1.53469450481e-08, 7.12411917903e-07, 9.672021406e-07, 1.86051863693e-06, 2.89133538445e-07, 4.11145833823e-07, 6.0225652021e-08, 8.1187046419e-08, 8.86180284709e-09, 1.4018208816e-08, 5.2129833783e-10, 1.03106296834e-08, 3.45071455854e-08, 1.22855382756e-07, 1.27455905385e-07, 1.98767935444e-08, 8.5041698128e-08, 3.87576442051e-08, 3.21029069994e-09, 1.34372915572e-10, 2.10918608967e-11, 1.30306859053e-11, 9.83495714881e-15, 1.55839546268e-15]
    mfcc:
        mean: [-712.602233887, 117.150489807, -32.7897186279, 50.5165023804, -14.713596344, -18.3448810577, -10.0953235626, -7.88802957535, -4.08817148209, -6.42793464661, -11.4853744507, -6.32282543182, -3.95365858078]
        cov: [[1078.15222168, -687.649169922, -39.6174926758, -80.7839202881, -261.636688232, -22.3508396149, -27.5854873657, -28.7536449432, 18.203414917, -78.4166717529, -30.7465801239, -21.5010147095, -44.8556137085], [-687.649169922, 748.137817383, -23.5913352966, 9.67460823059, 184.010635376, -42.2965164185, 53.5575828552, 23.5326519012, -11.7117757797, 69.6194763184, 6.09150600433, 8.44356536865, 23.9925098419], [-39.6174926758, -23.5913352966, 255.452758789, 39.6714630127, -24.6575737, 62.6434059143, -20.8459186554, -4.9972448349, 13.3992204666, 37.8276748657, 65.865814209, 13.0907936096, 1.9664721489], [-80.7839202881, 9.67460823059, 39.6714630127, 208.99446106, 116.195915222, 73.3003997803, -10.5591087341, 50.3200454712, 38.2420768738, -2.01068139076, 7.05770921707, 15.6982192993, 27.754825592], [-261.636688232, 184.010635376, -24.6575737, 116.195915222, 244.492996216, 26.3527965546, 20.716003418, 32.7305526733, 12.4211568832, 6.87351512909, -8.20410728455, 33.6418800354, 41.5120162964], [-22.3508396149, -42.2965164185, 62.6434059143, 73.3003997803, 26.3527965546, 199.223495483, 68.3183517456, 49.3010978699, 20.4951267242, 42.1537246704, 45.8632164001, 5.47081518173, 4.44043493271], [-27.5854873657, 53.5575828552, -20.8459186554, -10.5591087341, 20.716003418, 68.3183517456, 153.585906982, 37.1809883118, -6.5445318222, 28.9425315857, 1.52308475971, 20.725069046, -1.12730562687], [-28.7536449432, 23.5326519012, -4.9972448349, 50.3200454712, 32.7305526733, 49.3010978699, 37.1809883118, 100.916252136, 48.7052154541, 16.478427887, 3.47213983536, 4.8988032341, 23.6694641113], [18.203414917, -11.7117757797, 13.3992204666, 38.2420768738, 12.4211568832, 20.4951267242, -6.5445318222, 48.7052154541, 81.2105331421, 34.5785140991, 1.97575175762, -6.99639606476, 16.270822525], [-78.4166717529, 69.6194763184, 37.8276748657, -2.01068139076, 6.87351512909, 42.1537246704, 28.9425315857, 16.478427887, 34.5785140991, 97.9336471558, 41.4139518738, -4.12413978577, -1.10329806805], [-30.7465801239, 6.09150600433, 65.865814209, 7.05770921707, -8.20410728455, 45.8632164001, 1.52308475971, 3.47213983536, 1.97575175762, 41.4139518738, 95.3384475708, 27.8530025482, -1.71364974976], [-21.5010147095, 8.44356536865, 13.0907936096, 15.6982192993, 33.6418800354, 5.47081518173, 20.725069046, 4.8988032341, -6.99639606476, -4.12413978577, 27.8530025482, 69.3734664917, 23.8342113495], [-44.8556137085, 23.9925098419, 1.9664721489, 27.754825592, 41.5120162964, 4.44043493271, -1.12730562687, 23.6694641113, 16.270822525, -1.10329806805, -1.71364974976, 23.8342113495, 59.0234680176]]
        icov: [[0.00280361738987, 0.00225031818263, 0.000502246490214, 2.5812711101e-05, 0.0012793027563, 0.000687225372531, -0.000997039722279, 0.00040596848703, -0.00160541862715, 0.000902587489691, -0.000104485123302, -0.00017709635722, 0.000581654836424], [0.00225031818263, 0.00396631471813, 0.000183368669241, 0.000415789341787, -0.00089590594871, 0.0019134671893, -0.0013471323764, -0.000671980262268, 0.000395982235204, -0.00128798140213, -0.000338470737915, 0.000874017365277, 0.000130156811792], [0.000502246490214, 0.000183368669241, 0.00558711867779, -0.0013271040516, 0.0016013692366, -0.00123877625447, 0.000886078167241, 0.00149941386189, -0.000714437279385, -0.000763623451348, -0.00242085545324, -0.000643813749775, -0.000500018126331], [2.5812711101e-05, 0.000415789341787, -0.0013271040516, 0.00974931474775, -0.00457396963611, -0.00312823965214, 0.00242817285471, -0.00222324533388, -0.00254628923722, 0.00240576989017, 0.000554070284124, -0.000693666399457, 0.000743669108488], [0.0012793027563, -0.00089590594871, 0.0016013692366, -0.00457396963611, 0.00928115285933, -0.000349835288944, -0.000434553483501, 0.00101693021134, -0.000233434868278, -0.000393423630157, 0.00171004829463, -0.0031931581907, -0.00208739796653], [0.000687225372531, 0.0019134671893, -0.00123877625447, -0.00312823965214, -0.000349835288944, 0.010455975309, -0.00518776243553, -0.00209334632382, 0.00124174391385, -0.00146371580195, -0.00426289858297, 0.00392831163481, -0.00062317843549], [-0.000997039722279, -0.0013471323764, 0.000886078167241, 0.00242817285471, -0.000434553483501, -0.00518776243553, 0.0129193589091, -0.00555547745898, 0.00539626041427, -0.00531015498564, 0.00567396311089, -0.00683271465823, 0.00312607712112], [0.00040596848703, -0.000671980262268, 0.00149941386189, -0.00222324533388, 0.00101693021134, -0.00209334632382, -0.00555547745898, 0.0205045472831, -0.0126724550501, 0.00489280838519, -0.00280297221616, 0.00204028608277, -0.00462979497388], [-0.00160541862715, 0.000395982235204, -0.000714437279385, -0.00254628923722, -0.000233434868278, 0.00124174391385, 0.00539626041427, -0.0126724550501, 0.0279742442071, -0.0132686542347, 0.00486604683101, 0.000554257771, -0.00294629973359], [0.000902587489691, -0.00128798140213, -0.000763623451348, 0.00240576989017, -0.000393423630157, -0.00146371580195, -0.00531015498564, 0.00489280838519, -0.0132686542347, 0.0227157063782, -0.00992786232382, 0.00559462513775, -3.81083264074e-05], [-0.000104485123302, -0.000338470737915, -0.00242085545324, 0.000554070284124, 0.00171004829463, -0.00426289858297, 0.00567396311089, -0.00280297221616, 0.00486604683101, -0.00992786232382, 0.0221371930093, -0.0120893586427, 0.0042262324132], [-0.00017709635722, 0.000874017365277, -0.000643813749775, -0.000693666399457, -0.0031931581907, 0.00392831163481, -0.00683271465823, 0.00204028608277, 0.000554257771, 0.00559462513775, -0.0120893586427, 0.0264169294387, -0.0102072674781], [0.000581654836424, 0.000130156811792, -0.000500018126331, 0.000743669108488, -0.00208739796653, -0.00062317843549, 0.00312607712112, -0.00462979497388, -0.00294629973359, -3.81083264074e-05, 0.0042262324132, -0.0102072674781, 0.025485791266]]
    spectral_contrast:
        mean: [-3.84653617402e-07, 1.48471968942e-07, 9.7414599054e-08, 1.92600992932e-07, -1.71650583525e-07, -6.08301604643e-07, -2.95015138363e-06, -3.84018250088e-07, 3.69395621647e-07, 3.29085878548e-06, 1.49082984535e-06, 6.42838870135e-07]
        var: [0.000606534013059, 0.000804627081379, 0.00156450120267, 0.0030644859653, 0.00468621589243, 0.00549387931824, 0.0415901504457, 0.0626884251833, 0.107730016112, 0.194485589862, 0.408473134041, 0.759569525719]

rhythm:
    beats_loudness:
        dmean: 0.00323411216959
        dmean2: 0.00648469524458
        dvar: 2.42950750362e-06
        dvar2: 7.10331232767e-06
        max: 0.00906556937844
        mean: 0.00536347879097
        min: 0.00153084238991
        var: 4.32888964497e-06
    beats_loudness_bass:
        dmean: 0.054886162281
        dmean2: 0.0854009762406
        dvar: 0.00154450419359
        dvar2: 0.00336328544654
        max: 0.208701893687
        mean: 0.0702904686332
        min: 0.00627471599728
        var: 0.00385940494016
    bpm: 138.880767822
    bpm_confidence: 0
    first_peak_bpm: 139
    first_peak_spread: 0
    first_peak_weight: 0.95454543829
    onset_rate: 4.00850772858
    second_peak_bpm: 131
    second_peak_spread: 0
    second_peak_weight: 0.0454545468092
    beats_position: [0.116228595376, 0.548979520798, 0.981730401516, 1.41448128223, 1.84723210335, 2.27998304367, 2.71273374557, 3.1454846859, 3.5782353878, 4.01098632812, 4.44373703003, 4.87648820877, 5.30923891068, 5.74198961258, 6.20035505295, 6.63175916672, 7.06316375732, 7.49456834793, 7.92597293854, 8.35737705231, 8.78878211975, 9.22018623352, 9.65159034729]
    bpm_estimates: [138.57472229, 139.041809082, 138.203399658, 137.57635498, 139.077224731, 138.954345703, 139.121963501, 138.041244507, 139.230987549, 139.144622803, 139.01965332, 138.612045288, 139.901397705, 139.041641235, 139.670150757]
    bpm_intervals: [0.432750940323, 0.432750880718, 0.432750880718, 0.432750821114, 0.432750940323, 0.432750701904, 0.432750940323, 0.432750701904, 0.432750940323, 0.432750701904, 0.432751178741, 0.432750701904, 0.432750701904, 0.458365440369, 0.43140411377, 0.431404590607, 0.431404590607, 0.431404590607, 0.43140411377, 0.431405067444, 0.43140411377, 0.43140411377]
    onset_times: [0.0580498874187, 0.359909296036, 0.476009070873, 0.650158703327, 0.952018141747, 1.17260766029, 1.4164172411, 1.54412698746, 1.83437645435, 2.28716564178, 2.49614500999, 2.71673464775, 3.14630389214, 3.30884361267, 3.5758728981, 4.01705217361, 4.09832191467, 4.19120168686, 4.27247142792, 4.446621418, 4.71365070343, 4.82975053787, 4.9806804657, 5.34058952332, 5.78176879883, 5.92108821869, 6.18811798096, 6.64090681076, 7.07047605515, 7.73224496841, 7.81351470947, 7.91800451279, 8.28952407837, 8.38240337372, 8.62621307373, 8.71909332275, 8.8119726181, 9.24154186249, 9.47374153137, 9.67111110687]
    rubato_start: []
    rubato_stop: []
    perceptual_tempo: "unknown"

sfx:
    inharmonicity:
        dmean: 0.048763088882
        dmean2: 0.0877945646644
        dvar: 0.00357866822742
        dvar2: 0.00973511300981
        max: 0.43415132165
        mean: 0.0472198575735
        min: 0
        var: 0.00351528008468
    oddtoevenharmonicenergyratio:
        dmean: 2.00351500511
        dmean2: 3.56786084175
        dvar: 15.5114784241
        dvar2: 42.6284332275
        max: 34.2719268799
        mean: 1.64761424065
        min: 0
        var: 11.4248533249
    pitch_after_max_to_before_max_energy_ratio: 21.7929573059
    pitch_centroid: 220.961349487
    pitch_max_to_total: 0.0584112145007
    pitch_min_to_total: 0.850467264652
    tristimulus:
        dmean: [0.201893106103, 0.216481029987, 0.101475574076]
        dmean2: [0.35316953063, 0.369484424591, 0.180701702833]
        dvar: [0.0363944135606, 0.0418578498065, 0.0120849981904]
        dvar2: [0.0880622044206, 0.109941340983, 0.0323215723038]
        max: [1, 0.945534944534, 0.595655858517]
        mean: [0.36870443821, 0.486745178699, 0.118588201702]
        min: [0.00168511015363, 0, 0]
        var: [0.0573985613883, 0.0596903413534, 0.0133906053379]

tonal:
    chords_changes_rate: 0.037209302187
    chords_number_rate: 0.0186046510935
    chords_strength:
        dmean: 0.00766007788479
        dmean2: 0.00670233136043
        dvar: 3.59422592737e-05
        dvar2: 3.50558329956e-05
        max: 0.776571810246
        mean: 0.588567435741
        min: 0.452872097492
        var: 0.00415286421776
    key_strength: 0.845972537994
    tuning_diatonic_strength: 0.662897825241
    tuning_equal_tempered_deviation: 0.0836729630828
    tuning_frequency: 436.456176758
    tuning_nontempered_energy_ratio: 0.741778671741
    hpcp:
        dmean: [0.108052656054, 0.126809626818, 0.152901679277, 0.161773130298, 0.155702337623, 0.0787641331553, 0.0519408099353, 0.0658092498779, 0.118247516453, 0.140649780631, 0.129833102226, 0.0850502178073, 0.0781500115991, 0.0590640082955, 0.0651375800371, 0.0902583748102, 0.0826169997454, 0.070712774992, 0.0636795759201, 0.044475466013, 0.034188028425, 0.05807845667, 0.0777837708592, 0.16762471199, 0.210869938135, 0.198984086514, 0.0975363925099, 0.0376157127321, 0.0512170307338, 0.0719255656004, 0.0846180319786, 0.0711636021733, 0.0527240298688, 0.0657612681389, 0.0860177353024, 0.110492624342]
        dmean2: [0.173891574144, 0.207806706429, 0.259715288877, 0.280325591564, 0.262133091688, 0.130749434233, 0.0894361659884, 0.115402013063, 0.204008236527, 0.224674642086, 0.206141397357, 0.144180968404, 0.130035072565, 0.100005052984, 0.109942100942, 0.160228639841, 0.132324516773, 0.122428521514, 0.109707184136, 0.072038680315, 0.0608571581542, 0.0991736501455, 0.132239282131, 0.255456358194, 0.349044054747, 0.324696451426, 0.172152921557, 0.0656203180552, 0.0907986834645, 0.122246347368, 0.147318169475, 0.118575438857, 0.0860116034746, 0.118913732469, 0.157709002495, 0.188039541245]
        dvar: [0.0296169761568, 0.0325577817857, 0.0330232679844, 0.049568105489, 0.0410439409316, 0.0214600302279, 0.0142242191359, 0.0147855114192, 0.0375705733895, 0.0330402106047, 0.0270069632679, 0.014614796266, 0.0200232286006, 0.0138175366446, 0.0176035892218, 0.0387312583625, 0.0221420209855, 0.0211168900132, 0.0221637673676, 0.0111195296049, 0.00604431936517, 0.010100944899, 0.0173309464008, 0.0308777000755, 0.0520574860275, 0.041848320514, 0.0228083934635, 0.00433050142601, 0.0180834047496, 0.026825889945, 0.021725518629, 0.0187931414694, 0.0157180707902, 0.026150688529, 0.0385274663568, 0.0379529595375]
        dvar2: [0.0632686689496, 0.0773186087608, 0.0897703543305, 0.126842573285, 0.0984009504318, 0.0552424415946, 0.0367536917329, 0.0404187776148, 0.0984724760056, 0.0745188519359, 0.0614995248616, 0.0371114201844, 0.0499180704355, 0.0391259342432, 0.0524338409305, 0.102358467877, 0.0544291250408, 0.0653523802757, 0.0621845163405, 0.0276557225734, 0.0122747980058, 0.0264328271151, 0.0481465980411, 0.0732935369015, 0.120982863009, 0.114601805806, 0.0644286572933, 0.0113154938444, 0.0492852292955, 0.0724171847105, 0.0622587911785, 0.0455303564668, 0.0326015725732, 0.0755342766643, 0.107052654028, 0.106232412159]
        max: [1, 1, 1, 1, 1, 0.849564492702, 1, 0.911556243896, 1, 1, 1, 0.767847120762, 1, 0.968197822571, 1, 1, 1, 1, 1, 1, 0.763831973076, 0.673278152943, 1, 1, 1, 1, 0.91345757246, 0.431139588356, 0.936655700207, 1, 1, 1, 1, 1, 1, 1]
        mean: [0.203612416983, 0.178872019053, 0.22641800344, 0.356656908989, 0.251487970352, 0.0851362124085, 0.0556611157954, 0.064683765173, 0.145557209849, 0.301461309195, 0.254819601774, 0.118527762592, 0.101681403816, 0.0671738535166, 0.0716617405415, 0.129221454263, 0.113038420677, 0.0765704661608, 0.0664778053761, 0.0422700755298, 0.0457539670169, 0.0796722620726, 0.0880820155144, 0.292441129684, 0.574246346951, 0.396311312914, 0.0951041579247, 0.0316422879696, 0.0432084389031, 0.0746838599443, 0.101810723543, 0.0951769277453, 0.0672272369266, 0.0562453940511, 0.0634848326445, 0.122586399317]
        min: [0.00162550259847, 0.0011852971511, 0.00236428366043, 0.00331667019054, 0.00194864324294, 0.00133223470766, 0.00110458105337, 0.000577737344429, 0.00192003883421, 0.00553157133982, 0.00681156525388, 0.00230166804977, 0.000874167482834, 0.000989075051621, 0.00155930907931, 0.00127004319802, 0.000618343357928, 0.0012139508035, 0.000600239669438, 0.000458112539491, 0.00109184905887, 0.00176930683665, 0.000623792933766, 0.00406735856086, 0.0255240797997, 0.0152429062873, 0.00195049890317, 0.000302317785099, 0.000393028079998, 0.00135316734668, 0.00191921961959, 0.00426669791341, 0.0025046733208, 0.000853962788824, 0.0011470351601, 0.00189998722635]
        var: [0.0811185464263, 0.0595564506948, 0.0583904832602, 0.134453296661, 0.0785055458546, 0.0200481191278, 0.0106174750254, 0.0110711194575, 0.0410387776792, 0.0949127748609, 0.0708191171288, 0.0200094860047, 0.0298566818237, 0.0136022754014, 0.0192601121962, 0.0611591339111, 0.0398131199181, 0.0218381490558, 0.0202390514314, 0.00993500463665, 0.0072507453151, 0.0134620442986, 0.0176729876548, 0.0635526925325, 0.136815235019, 0.0765043273568, 0.0172926466912, 0.00350101315416, 0.0123921195045, 0.0216294042766, 0.0190595835447, 0.0227768141776, 0.0220156405121, 0.0182585008442, 0.0249708537012, 0.0471499785781]
    chords_histogram: [10.2325582504, 2.79069757462, 50.6976737976, 0, 0, 0, 0, 0, 0, 0, 0, 0, 0, 0, 0, 0, 0, 36.2790679932, 0, 0, 0, 0, 0, 0]
    thpcp: [1, 0.690141618252, 0.165615603328, 0.055102288723, 0.0752437338233, 0.130055442452, 0.177294507623, 0.165742337704, 0.117070376873, 0.0979464575648, 0.110553309321, 0.213473543525, 0.354573279619, 0.311490029097, 0.394287228584, 0.62108695507, 0.437944412231, 0.148257300258, 0.0969289839268, 0.112641140819, 0.253475189209, 0.524968624115, 0.44374614954, 0.206405773759, 0.177069306374, 0.116977415979, 0.124792680144, 0.225027903914, 0.196846559644, 0.133340790868, 0.115765310824, 0.0736096575856, 0.0796765461564, 0.138742312789, 0.153387159109, 0.509260773659]
    chords_key: "F"
    chords_scale: "major"
    key_key: "A#"
    key_scale: "major"
    chords_progression: ["A#m", "A#m", "A#m", "A#m", "A#m", "A#m", "A#m", "A#m", "A#m", "A#m", "A#m", "A#m", "A#m", "A#m", "A#m", "A#m", "A#m", "A#m", "F", "F", "F", "F", "F", "F", "F", "F", "F", "F", "F", "F", "A#m", "F", "F", "F", "F", "F", "F", "F", "F", "F", "F", "F", "F", "F", "F", "F", "F", "F", "F", "F", "F", "F", "F", "F", "F", "F", "F", "F", "F", "F", "F", "F", "F", "F", "F", "F", "F", "F", "F", "F", "F", "F", "F", "F", "F", "F", "F", "F", "F", "F", "F", "F", "F", "F", "F", "F", "F", "F", "F", "F", "F", "F", "F", "F", "F", "F", "F", "F", "F", "F", "F", "F", "F", "F", "F", "F", "F", "F", "F", "F", "F", "F", "F", "F", "F", "F", "F", "F", "F", "Dm", "Dm", "Dm", "Dm", "Dm", "Dm", "A#", "A#", "A#", "A#", "A#", "A#", "A#", "A#", "A#", "A#", "A#", "A#", "A#", "A#", "A#", "A#", "A#", "A#", "A#", "A#", "A#", "A#", "A#m", "A#m", "A#m", "A#m", "A#m", "A#m", "A#m", "A#m", "A#m", "A#m", "A#m", "A#m", "A#m", "A#m", "A#m", "A#m", "A#m", "A#m", "A#m", "A#m", "A#m", "A#m", "A#m", "A#m", "A#m", "A#m", "A#m", "A#m", "A#m", "A#m", "A#m", "A#m", "A#m", "A#m", "A#m", "A#m", "A#m", "A#m", "A#m", "A#m", "A#m", "A#m", "A#m", "A#m", "A#m", "A#m", "A#m", "A#m", "F", "F", "F", "F", "F", "F", "F", "F", "F", "A#m", "A#m", "A#m", "A#m", "A#m", "A#m", "A#m", "A#m", "A#m", "A#m", "A#m"]
