
metadata:
    version:
        essentia: "1.2.2"
    audio_properties:
        analysis_sample_rate: 44100
        bitrate: 128
        channels: 2
        equal_loudness: 1
        length: 10.0310201645
        replay_gain: -14.7530994415
        downmix: "mix"
    tags:
        track: 21
        year: 0
        album: "Splitted by Mp3Splt v. 2.1"
        artist: "From 003.20 To 003.30"
        comment: "http://mp3splt.sf.net"
        genre: ""
        title: "02 Casualty.mp3"

highlevel:
    ballroom:
        all:
            ChaChaCha: 0.324286609888
            Jive: 0.392121404409
            Quickstep: 0.0339910872281
            Rumba-American: 0.000819696171675
            Rumba-International: 0.00392209691927
            Rumba-Misc: 0.00326903769746
            Samba: 0.233666181564
            Tango: 0.00111642933916
            VienneseWaltz: 0.00584172364324
            Waltz: 0.000965734536294
        probability: 0.392121404409
        value: "Jive"
    culture:
        all:
            non_western: 0.0114598423243
            western: 0.988540172577
        probability: 0.988540172577
        value: "western"
    gender:
        all:
            female: 0.831133186817
            male: 0.168866798282
        probability: 0.831133186817
        value: "female"
    genre_dortmund:
        all:
            alternative: 0.0187018886209
            blues: 0.013995478861
            electronic: 0.0956796780229
            folkcountry: 0.0864615812898
            funksoulrnb: 0.0261509586126
            jazz: 0.00855964981019
            pop: 0.0727566555142
            raphiphop: 0.59276497364
            rock: 0.0849291458726
        probability: 0.59276497364
        value: "raphiphop"
    genre_electronica:
        all:
            ambient: 0.0603978075087
            dnb: 0.649944722652
            house: 0.0298165678978
            techno: 0.0180478319526
            trance: 0.241793051362
        probability: 0.649944722652
        value: "dnb"
    genre_rosamerica:
        all:
            cla: 0.0119238924235
            dan: 0.529701888561
            hip: 0.0378107726574
            jaz: 0.00508814910427
            pop: 0.232619121671
            rhy: 0.0972724556923
            roc: 0.0808910802007
            spe: 0.00469262572005
        probability: 0.529701888561
        value: "dan"
    genre_tzanetakis:
        all:
            blu: 0.000913621275686
            cla: 0.00104497803841
            cou: 0.0249564480036
            dis: 0.120818138123
            hip: 0.0230345875025
            jaz: 0.00253341556527
            met: 0.00912104453892
            pop: 0.73696821928
            reg: 0.047171946615
            roc: 0.0334376096725
        probability: 0.73696821928
        value: "pop"
    live_studio:
        all:
            live: 0.124658025801
            studio: 0.875341951847
        probability: 0.875341951847
        value: "studio"
    mood:
        all:
            Cluster1: 0.266709983349
            Cluster2: 0.231031626463
            Cluster3: 0.0451497510076
            Cluster4: 0.142469584942
            Cluster5: 0.314639061689
        probability: 0.314639061689
        value: "Cluster5"
    mood_acoustic:
        all:
            acoustic: 0.0151526667178
            not_acoustic: 0.984847307205
        probability: 0.984847307205
        value: "not_acoustic"
    mood_aggressive:
        all:
            aggressive: 0.931460559368
            not_aggressive: 0.0685394629836
        probability: 0.931460559368
        value: "aggressive"
    mood_electronic:
        all:
            electronic: 0.904003679752
            not_electronic: 0.0959962978959
        probability: 0.904003679752
        value: "electronic"
    mood_happy:
        all:
            happy: 0.932348489761
            not_happy: 0.0676515102386
        probability: 0.932348489761
        value: "happy"
    mood_party:
        all:
            not_party: 0.117040909827
            party: 0.882959067822
        probability: 0.882959067822
        value: "party"
    mood_relaxed:
        all:
            not_relaxed: 0.989562571049
            relaxed: 0.0104374093935
        probability: 0.989562571049
        value: "not_relaxed"
    mood_sad:
        all:
            not_sad: 0.939639925957
            sad: 0.0603601038456
        probability: 0.939639925957
        value: "not_sad"
    rhythm:
        all:
            fast: 0.47982531786
            medium: 0.505724310875
            slow: 0.0144503628835
        probability: 0.505724310875
        value: "medium"
    speech_music:
        all:
            music: 0.999673783779
            speech: 0.000326243723975
        probability: 0.999673783779
        value: "music"
    timbre:
        all:
            bright: 0.0777300298214
            dark: 0.922269999981
        probability: 0.922269999981
        value: "dark"
    voice_instrumental:
        all:
            instrumental: 0.000740120245609
            voice: 0.999259889126
        probability: 0.999259889126
        value: "voice"

lowlevel:
    average_loudness: 0.968339622021
    barkbands_kurtosis:
        dmean: 0.656855881214
        dmean2: 1.04999494553
        dvar: 0.544832229614
        dvar2: 1.44518399239
        max: 4.66384220123
        mean: -0.472442924976
        min: -1.74748635292
        var: 1.1424536705
    barkbands_skewness:
        dmean: 0.367341935635
        dmean2: 0.558205246925
        dvar: 0.0969024524093
        dvar2: 0.210599467158
        max: 2.30047488213
        mean: 0.303401887417
        min: -1.74413859844
        var: 0.541496992111
    barkbands_spread:
        dmean: 5.31181240082
        dmean2: 8.0828037262
        dvar: 22.8220672607
        dvar2: 49.6949501038
        max: 74.5305175781
        mean: 28.9844379425
        min: 10.7205162048
        var: 95.8271255493
    dissonance:
        dmean: 0.0186576191336
        dmean2: 0.0316525660455
        dvar: 0.000353284092853
        dvar2: 0.000944080005866
        max: 0.499529659748
        mean: 0.465236216784
        min: 0.371022135019
        var: 0.000669929548167
    hfc:
        dmean: 2.66807723045
        dmean2: 4.00302171707
        dvar: 21.7215461731
        dvar2: 49.1863098145
        max: 47.6283874512
        mean: 7.24915122986
        min: 0.908166766167
        var: 48.2635116577
    pitch:
        dmean: 433.409393311
        dmean2: 829.991821289
        dvar: 1021014.75
        dvar2: 2435983
        max: 4410
        mean: 657.053649902
        min: 83.2075500488
        var: 1123783.625
    pitch_instantaneous_confidence:
        dmean: 0.0843605771661
        dmean2: 0.135182216763
        dvar: 0.00515795825049
        dvar2: 0.0116104865447
        max: 0.793094038963
        mean: 0.388889104128
        min: 0.114926993847
        var: 0.0243291612715
    pitch_salience:
        dmean: 0.058454412967
        dmean2: 0.0942460000515
        dvar: 0.00229305843823
        dvar2: 0.00575728947297
        max: 0.834753215313
        mean: 0.627315163612
        min: 0.345904707909
        var: 0.00856529548764
    silence_rate_20dB:
        dmean: 0
        dmean2: 0
        dvar: 0
        dvar2: 0
        max: 1
        mean: 1
        min: 1
        var: 0
    silence_rate_30dB:
        dmean: 0
        dmean2: 0
        dvar: 0
        dvar2: 0
        max: 1
        mean: 1
        min: 1
        var: 0
    silence_rate_60dB:
        dmean: 0.148491874337
        dmean2: 0.297674417496
        dvar: 0.126441568136
        dvar2: 0.223017707467
        max: 1
        mean: 0.486111104488
        min: 0
        var: 0.249807760119
    spectral_centroid:
        dmean: 268.596893311
        dmean2: 390.828063965
        dvar: 61762.6171875
        dvar2: 108465.570312
        max: 3560.00488281
        mean: 1586.11706543
        min: 504.477355957
        var: 355451.5
    spectral_complexity:
        dmean: 4.08391618729
        dmean2: 5.99532699585
        dvar: 26.7295856476
        dvar2: 48.3878097534
        max: 52
        mean: 13.6511631012
        min: 2
        var: 100.171432495
    spectral_crest:
        dmean: 2.20327973366
        dmean2: 3.70274710655
        dvar: 3.99396729469
        dvar2: 9.94433403015
        max: 18.5053386688
        mean: 7.13666152954
        min: 2.56058502197
        var: 9.73334980011
    spectral_decrease:
        dmean: 3.49246881415e-10
        dmean2: 5.47568435039e-10
        dvar: 2.28235235176e-19
        dvar2: 5.7269131097e-19
        max: -1.79744705231e-10
        mean: -9.38449762344e-10
        min: -3.9591876444e-09
        var: 4.09025303271e-19
    spectral_energy:
        dmean: 0.00153028289787
        dmean2: 0.00239531625994
        dvar: 4.65701941721e-06
        dvar2: 1.14643416964e-05
        max: 0.019262932241
        mean: 0.00419944524765
        min: 0.000760771275964
        var: 8.70624626259e-06
    spectral_energyband_high:
        dmean: 0.000248771510087
        dmean2: 0.000344921980286
        dvar: 1.70923570408e-07
        dvar2: 3.30783393565e-07
        max: 0.00370185356587
        mean: 0.000540696375538
        min: 1.05882918433e-05
        var: 4.59926553731e-07
    spectral_energyband_low:
        dmean: 0.000140616772114
        dmean2: 0.000213729334064
        dvar: 1.53107748702e-07
        dvar2: 3.57227037284e-07
        max: 0.00362483784556
        mean: 0.000222151720664
        min: 2.48023610538e-07
        var: 2.00091861302e-07
    spectral_energyband_middle_high:
        dmean: 0.000808778509963
        dmean2: 0.00134389230516
        dvar: 1.80022288987e-06
        dvar2: 4.60837554783e-06
        max: 0.0136187076569
        mean: 0.00197136937641
        min: 0.000246771349339
        var: 3.18649927067e-06
    spectral_energyband_middle_low:
        dmean: 0.000725884165149
        dmean2: 0.00116611109115
        dvar: 9.83858399195e-07
        dvar2: 2.35638094637e-06
        max: 0.00922460388392
        mean: 0.00146514852531
        min: 0.000195436325157
        var: 1.70112036812e-06
    spectral_flatness_db:
        dmean: 0.0150648579001
        dmean2: 0.0241025779396
        dvar: 0.000153696804773
        dvar2: 0.00038565939758
        max: 0.250721216202
        mean: 0.147253498435
        min: 0.0799038633704
        var: 0.000801848073024
    spectral_flux:
        dmean: 0.0092955622822
        dmean2: 0.0144909946248
        dvar: 0.000142877281178
        dvar2: 0.000284219480818
        max: 0.114451698959
        mean: 0.0389458984137
        min: 0.0117917368189
        var: 0.000308210932417
    spectral_kurtosis:
        dmean: 0.924474418163
        dmean2: 1.44404745102
        dvar: 0.837086617947
        dvar2: 1.85633397102
        max: 8.93139362335
        mean: 3.0829179287
        min: -0.868354558945
        var: 2.82670807838
    spectral_rms:
        dmean: 0.000335372780683
        dmean2: 0.000508860743139
        dvar: 1.47544042761e-07
        dvar2: 3.43257681834e-07
        max: 0.00433510169387
        mean: 0.00191988237202
        min: 0.000861519540194
        var: 4.11070061546e-07
    spectral_rolloff:
        dmean: 554.241271973
        dmean2: 875.415893555
        dvar: 386129.21875
        dvar2: 754834.9375
        max: 7364.35546875
        mean: 3039.03466797
        min: 495.263671875
        var: 1311695.125
    spectral_skewness:
        dmean: 0.164557650685
        dmean2: 0.246571600437
        dvar: 0.0252804625779
        dvar2: 0.0471553318202
        max: 2.24178004265
        mean: 1.32300055027
        min: 0.31409829855
        var: 0.105822533369
    spectral_spread:
        dmean: 396120.5625
        dmean2: 598048.0625
        dvar: 260022075392
        dvar2: 475958575104
        max: 11570462
        mean: 4730996
        min: 2659948
        var: 1.22728821555e+12
    spectral_strongpeak:
        dmean: 0.367471665144
        dmean2: 0.630714833736
        dvar: 0.247174754739
        dvar2: 0.624373793602
        max: 5.00502586365
        mean: 0.582194328308
        min: 0.0231208615005
        var: 0.341024458408
    zerocrossingrate:
        dmean: 0.0104656089097
        dmean2: 0.011151750572
        dvar: 7.80385889811e-05
        dvar2: 7.76787201175e-05
        max: 0.20263671875
        mean: 0.0925633609295
        min: 0.0390625
        var: 0.000754221808165
    barkbands:
        dmean: [6.17568900907e-07, 8.34371821838e-05, 8.35573082441e-05, 0.000130739717861, 0.000213549152249, 0.000272503879387, 0.000204330543056, 9.05412889551e-05, 9.32527182158e-05, 0.00018722259847, 9.55425566644e-05, 0.000159065821208, 0.000103906502773, 7.87294338807e-05, 0.000102701749711, 6.54723189655e-05, 0.000124216559925, 0.000141729105962, 0.00014403903333, 0.000153588785906, 0.000126347134938, 3.24501452269e-05, 1.07886071419e-05, 3.36491984854e-06, 2.32638785747e-06, 4.82199986607e-08, 3.07406100575e-10]
        dmean2: [8.36374397295e-07, 0.000126653234474, 0.000146034930367, 0.000243660528213, 0.000371018570149, 0.000438519753516, 0.000309345574351, 0.000152592212544, 0.000153535598656, 0.000310571980663, 0.000167420163052, 0.000270110496785, 0.000183145646588, 0.000118957548693, 0.000174944041646, 0.000107823703729, 0.000202710056328, 0.00023985421285, 0.000236081294133, 0.000235390863963, 0.000186727993423, 4.81445640617e-05, 1.44039713632e-05, 4.0117242861e-06, 3.25361997966e-06, 6.06907804013e-08, 4.88159013212e-10]
        dvar: [2.5812832774e-12, 4.65270701966e-08, 9.44243225831e-08, 1.77028454118e-07, 1.45331327417e-07, 2.29332471235e-07, 2.17898289634e-07, 2.51564813425e-08, 3.30387521785e-08, 2.29391545759e-07, 5.75204559539e-08, 5.48071668049e-08, 2.66732467225e-08, 2.44324667165e-08, 5.5383040376e-08, 1.33168338579e-08, 6.30312797512e-08, 1.09415019267e-07, 7.21178352592e-08, 7.36023935133e-08, 4.21829362551e-08, 3.43503447908e-09, 3.40970307544e-10, 1.02174942118e-10, 1.79066636519e-10, 1.93385499265e-14, 2.96788991664e-18]
        dvar2: [5.5937424831e-12, 1.0638490977e-07, 2.62735454726e-07, 5.28519308318e-07, 3.82611460736e-07, 5.99800500822e-07, 4.82513314637e-07, 6.94165223081e-08, 9.05665231699e-08, 5.88557043102e-07, 1.79201833816e-07, 1.51074203814e-07, 8.19544823116e-08, 5.40913056568e-08, 1.50062106741e-07, 3.27198783623e-08, 1.56971239562e-07, 2.86270591232e-07, 1.84437027428e-07, 1.60166280239e-07, 8.41280893837e-08, 7.20391257758e-09, 6.51663334406e-10, 9.06407379708e-11, 2.99564373307e-10, 2.88371384335e-14, 3.26832439666e-18]
        max: [1.71712454176e-05, 0.00158466608264, 0.00258655799553, 0.00396844930947, 0.00333074526861, 0.00475502246991, 0.00681347586215, 0.00156040792353, 0.00194175238721, 0.00690880557522, 0.0021093278192, 0.00185608956963, 0.00145480805077, 0.00244619091973, 0.00310354167596, 0.00129388552159, 0.00208061025478, 0.00321841402911, 0.00223741983064, 0.00240982975811, 0.00191987189464, 0.00056409323588, 0.000176247558556, 0.000250089156907, 0.000310781324515, 3.33956495524e-06, 3.4951597172e-08]
        mean: [2.56315615843e-06, 0.000148085906403, 7.15864589438e-05, 0.000103754908196, 0.00029553080094, 0.000433880806668, 0.000315390818287, 0.000142136384966, 0.000143573372043, 0.000274590071058, 0.000122664918308, 0.000229166980716, 0.000133176945383, 0.000146344755194, 0.000168051410583, 0.000121424549434, 0.000208576122532, 0.000230472520343, 0.000262407033006, 0.000300331244944, 0.000260089815129, 5.46793999092e-05, 1.95623633772e-05, 7.2683678809e-06, 4.05476612286e-06, 8.45968131102e-08, 3.10273334803e-10]
        min: [3.85075339671e-11, 2.51450114064e-08, 2.12846309466e-08, 1.77151605385e-07, 3.90048717236e-06, 1.23165900732e-05, 6.37902030576e-06, 8.67228493462e-07, 4.38516599388e-06, 7.53234053263e-06, 1.54998008384e-06, 1.91868662114e-06, 2.83741019302e-06, 2.16864373215e-06, 2.51061806011e-06, 1.32347395265e-06, 8.53845995152e-06, 3.91500771002e-06, 9.15663622436e-06, 1.20224967759e-05, 4.97335440741e-06, 7.74367094891e-07, 3.64973288924e-07, 9.19329394833e-08, 4.81611479586e-08, 2.46373166313e-09, 7.75082987159e-14]
        var: [1.67203161039e-11, 7.08486993517e-08, 6.74329996286e-08, 1.06771139485e-07, 1.55730759843e-07, 3.93958003997e-07, 5.49320304799e-07, 3.69906132391e-08, 6.65384760623e-08, 3.45597328533e-07, 7.26352240576e-08, 8.37732088144e-08, 2.98656637199e-08, 6.51199698609e-08, 9.09307118491e-08, 2.72882907382e-08, 9.15461484396e-08, 1.62274886861e-07, 1.32141295239e-07, 1.51960236394e-07, 1.06721167015e-07, 7.52354978317e-09, 8.84063600104e-10, 5.39921773957e-10, 4.87492934909e-10, 5.00358624976e-14, 2.95225620306e-18]
    mfcc:
        mean: [-706.789916992, 100.073158264, -50.1447219849, 36.6856575012, -27.1521854401, -3.80288720131, -2.96428513527, -11.559252739, -8.01925373077, -7.33486938477, -11.6504917145, 1.2732424736, -3.28033924103]
        cov: [[1639.95227051, -785.088867188, 2.5390431881, -17.4537944794, 0.181209251285, 59.6492767334, -33.7548599243, -19.4632549286, -66.76121521, -61.8530883789, 2.15664052963, 38.6341247559, -69.1826782227], [-785.088867188, 791.072814941, 48.9445533752, 141.421981812, 124.264160156, 44.7807769775, 75.3847045898, 102.025878906, 109.230262756, 90.4913406372, 32.773147583, -32.5732383728, 35.3323783875], [2.5390431881, 48.9445533752, 633.057922363, 189.026245117, 81.6063766479, 93.0213012695, 134.915588379, 163.683547974, 64.1166534424, 31.8542118073, 62.3703079224, 43.4594612122, 28.031047821], [-17.4537944794, 141.421981812, 189.026245117, 226.782958984, 162.84715271, 85.3385925293, 69.4863357544, 121.708648682, 42.2257423401, 11.9217824936, 57.6304969788, 47.1318511963, 2.60714006424], [0.181209251285, 124.264160156, 81.6063766479, 162.84715271, 260.30166626, 133.505187988, 81.0970993042, 79.4116668701, 46.5838127136, 21.4687366486, 78.801361084, 68.3259124756, 35.4740715027], [59.6492767334, 44.7807769775, 93.0213012695, 85.3385925293, 133.505187988, 202.971496582, 96.2964019775, 87.0678634644, 42.8609962463, 47.1316299438, 37.304271698, 62.9046058655, 31.2996082306], [-33.7548599243, 75.3847045898, 134.915588379, 69.4863357544, 81.0970993042, 96.2964019775, 147.06388855, 70.7264099121, 50.9503974915, 44.288143158, 57.6640548706, 25.7110786438, 34.2553024292], [-19.4632549286, 102.025878906, 163.683547974, 121.708648682, 79.4116668701, 87.0678634644, 70.7264099121, 187.330322266, 48.0532684326, -4.12493610382, 16.2803535461, 27.7495174408, 7.25677013397], [-66.76121521, 109.230262756, 64.1166534424, 42.2257423401, 46.5838127136, 42.8609962463, 50.9503974915, 48.0532684326, 88.3989715576, 58.0023345947, 30.2337322235, -7.9193072319, 12.6209545135], [-61.8530883789, 90.4913406372, 31.8542118073, 11.9217824936, 21.4687366486, 47.1316299438, 44.288143158, -4.12493610382, 58.0023345947, 116.644065857, 37.9525909424, -8.62926387787, 15.3280725479], [2.15664052963, 32.773147583, 62.3703079224, 57.6304969788, 78.801361084, 37.304271698, 57.6640548706, 16.2803535461, 30.2337322235, 37.9525909424, 98.9555740356, 47.4551734924, 33.1130523682], [38.6341247559, -32.5732383728, 43.4594612122, 47.1318511963, 68.3259124756, 62.9046058655, 25.7110786438, 27.7495174408, -7.9193072319, -8.62926387787, 47.4551734924, 115.894485474, 33.9193229675], [-69.1826782227, 35.3323783875, 28.031047821, 2.60714006424, 35.4740715027, 31.2996082306, 34.2553024292, 7.25677013397, 12.6209545135, 15.3280725479, 33.1130523682, 33.9193229675, 77.9342041016]]
        icov: [[0.00140690559056, 0.00161402171943, 0.000159936986165, -0.000532966630999, -0.00024592524278, -0.000608241360169, 0.000279644795228, -0.000270114745945, -0.000196841778234, -0.000127842198708, -0.000460141920485, 0.000567614973988, 0.00074142817175], [0.00161402171943, 0.00379304494709, 0.000664577353746, -0.00192189810332, -0.000770752376411, 0.00031198238139, -6.37272314634e-05, -0.000949439709075, -0.0012879697606, -0.00146491930354, 0.000585103349295, 0.00127510365564, -0.000426498882007], [0.000159936986165, 0.000664577353746, 0.00282469857484, -0.00272220489569, 0.0014055025531, 0.000231257872656, -0.00158589566126, -0.000999214826152, -0.00049827498151, -0.000362200284144, 5.65665541217e-05, -3.29094154949e-06, -0.000897423946299], [-0.000532966630999, -0.00192189810332, -0.00272220489569, 0.0154130067676, -0.00740468129516, 0.00176215684041, 0.00086498685414, -0.0049650631845, 0.00215818686411, -0.000531618134119, -0.0024733399041, -0.00157537090126, 0.00509815337136], [-0.00024592524278, -0.000770752376411, 0.0014055025531, -0.00740468129516, 0.0123476292938, -0.00600336492062, 0.000437913520727, 0.00260775024071, -0.00272711832076, 0.00413233693689, -0.00471052527428, 0.000325171102304, -0.00228254054673], [-0.000608241360169, 0.00031198238139, 0.000231257872656, 0.00176215684041, -0.00600336492062, 0.014316230081, -0.00570787489414, -0.00373583333567, 0.00119368056767, -0.00678529823199, 0.00723328022286, -0.00586206652224, -0.000364557286957], [0.000279644795228, -6.37272314634e-05, -0.00158589566126, 0.00086498685414, 0.000437913520727, -0.00570787489414, 0.015346753411, -0.00182896619663, -0.00162379199173, 0.000456000358099, -0.00694836955518, 0.00335837271996, -0.00199971278198], [-0.000270114745945, -0.000949439709075, -0.000999214826152, -0.0049650631845, 0.00260775024071, -0.00373583333567, -0.00182896619663, 0.0128596937284, -0.00604013074189, 0.00580684980378, 0.00215860060416, -0.00080211245222, -9.5971270639e-05], [-0.000196841778234, -0.0012879697606, -0.00049827498151, 0.00215818686411, -0.00272711832076, 0.00119368056767, -0.00162379199173, -0.00604013074189, 0.0249574035406, -0.0101255681366, -0.0023362331558, 0.00372346257791, -0.0001238645782], [-0.000127842198708, -0.00146491930354, -0.000362200284144, -0.000531618134119, 0.00413233693689, -0.00678529823199, 0.000456000358099, 0.00580684980378, -0.0101255681366, 0.0192872695625, -0.00683192070574, 0.00323827192187, 0.00014145069872], [-0.000460141920485, 0.000585103349295, 5.65665541217e-05, -0.0024733399041, -0.00471052527428, 0.00723328022286, -0.00694836955518, 0.00215860060416, -0.0023362331558, -0.00683192070574, 0.0246696826071, -0.00855044648051, -0.00355742359534], [0.000567614973988, 0.00127510365564, -3.29094154949e-06, -0.00157537090126, 0.000325171102304, -0.00586206652224, 0.00335837271996, -0.00080211245222, 0.00372346257791, 0.00323827192187, -0.00855044648051, 0.0171247422695, -0.00427563628182], [0.00074142817175, -0.000426498882007, -0.000897423946299, 0.00509815337136, -0.00228254054673, -0.000364557286957, -0.00199971278198, -9.5971270639e-05, -0.0001238645782, 0.00014145069872, -0.00355742359534, -0.00427563628182, 0.0192729886621]]
    spectral_contrast:
        mean: [2.29191982726e-07, -7.10230949608e-08, -5.20137177773e-07, 8.62881179842e-08, -5.19236152741e-07, 2.67874355586e-07, 1.68348464058e-07, -3.95407505493e-06, 4.62767701492e-07, 2.31349190472e-07, -3.12855064522e-07, 3.7240426991e-06]
        var: [0.000570674950723, 0.00108247844037, 0.00192057352979, 0.00292778550647, 0.0031433745753, 0.00507709244266, 0.0517129637301, 0.094026491046, 0.184851408005, 0.313167691231, 0.933467268944, 1.04808163643]

rhythm:
    beats_loudness:
        dmean: 0.00363362883218
        dmean2: 0.00623680185527
        dvar: 6.90101660439e-06
        dvar2: 1.60056733876e-05
        max: 0.0119853597134
        mean: 0.00697819842026
        min: 0.00304069905542
        var: 9.74623344518e-06
    beats_loudness_bass:
        dmean: 0.202231347561
        dmean2: 0.391558021307
        dvar: 0.0422000922263
        dvar2: 0.0900787711143
        max: 0.477540969849
        mean: 0.115597389638
        min: 0.000442415010184
        var: 0.0320656336844
    bpm: 151.66519165
    bpm_confidence: 0
    first_peak_bpm: 151
    first_peak_spread: 0
    first_peak_weight: 0.958333313465
    onset_rate: 4.2867026329
    second_peak_bpm: 133
    second_peak_spread: 0
    second_peak_weight: 0.0416666679084
    beats_position: [0.170632198453, 0.567011058331, 0.9633898139, 1.35976862907, 1.75614738464, 2.15252614021, 2.54890489578, 2.94528365135, 3.34166264534, 3.73804163933, 4.1344203949, 4.53079938889, 4.92717838287, 5.32355737686, 5.71993637085, 6.16974782944, 6.56498432159, 6.96022176743, 7.35545825958, 7.75069570541, 8.14593219757, 8.54116916656, 8.93640613556, 9.33164405823, 9.72688007355]
    bpm_estimates: [150.310043335, 151.489974976, 151.406890869, 152.109207153, 151.546981812, 151.135864258, 151.454437256, 151.386535645, 152.464309692, 151.237625122, 153.852325439, 151.664489746, 151.615692139, 151.582214355, 151.72114563]
    bpm_intervals: [0.396378874779, 0.396378755569, 0.396378815174, 0.396378755569, 0.396378755569, 0.396378755569, 0.396378755569, 0.396378993988, 0.396378993988, 0.396378755569, 0.396378993988, 0.396378993988, 0.396378993988, 0.396378993988, 0.449811458588, 0.395236492157, 0.395237445831, 0.395236492157, 0.395237445831, 0.395236492157, 0.395236968994, 0.395236968994, 0.395237922668, 0.39523601532]
    onset_times: [0.0580498874187, 0.174149662256, 0.545668959618, 0.719818592072, 0.859138309956, 0.96362811327, 1.26548755169, 1.369977355, 1.64861679077, 1.764716506, 2.0549659729, 2.08979582787, 2.17106580734, 2.41487526894, 2.56580495834, 2.96054410934, 3.23918366432, 3.36689352989, 3.62231302261, 3.69197273254, 3.76163268089, 4.07510185242, 4.1679816246, 4.56272125244, 4.82975053787, 4.95746040344, 5.36380958557, 5.61922883987, 5.75854873657, 6.15328788757, 6.44353723526, 6.5596370697, 6.94276666641, 7.34911584854, 7.75546503067, 8.03410434723, 8.15020370483, 8.55655288696, 8.95129299164, 9.35764217377, 9.54340171814, 9.63628101349, 9.75238132477]
    rubato_start: []
    rubato_stop: []
    perceptual_tempo: "unknown"

sfx:
    inharmonicity:
        dmean: 0.0575170330703
        dmean2: 0.100160561502
        dvar: 0.00388830876909
        dvar2: 0.0106897922233
        max: 0.41046243906
        mean: 0.0614909268916
        min: 0.000314799515763
        var: 0.00482718553394
    oddtoevenharmonicenergyratio:
        dmean: 2.38286232948
        dmean2: 4.53135728836
        dvar: 25.7895374298
        dvar2: 82.0250930786
        max: 49.7208251953
        mean: 1.70292675495
        min: 0.00121025776025
        var: 16.9843959808
    pitch_after_max_to_before_max_energy_ratio: 34.2412910461
    pitch_centroid: 184.85585022
    pitch_max_to_total: 0.0116279069334
    pitch_min_to_total: 0.00465116277337
    tristimulus:
        dmean: [0.209900304675, 0.249724626541, 0.135215431452]
        dmean2: [0.369576573372, 0.443137407303, 0.235755294561]
        dvar: [0.0311532858759, 0.0402189902961, 0.0151070514694]
        dvar2: [0.0895390659571, 0.120555877686, 0.0460208319128]
        max: [0.915038108826, 0.982477366924, 0.730151295662]
        mean: [0.334133535624, 0.483252227306, 0.149406284094]
        min: [0.00200808537193, 0, 0]
        var: [0.0479470267892, 0.0528064966202, 0.0193228572607]

tonal:
    chords_changes_rate: 0.0787037014961
    chords_number_rate: 0.0416666679084
    chords_strength:
        dmean: 0.0113047463819
        dmean2: 0.00962686073035
        dvar: 9.66707739281e-05
        dvar2: 7.27785009076e-05
        max: 0.727376580238
        mean: 0.570750296116
        min: 0.338941425085
        var: 0.00704889092594
    key_strength: 0.652567267418
    tuning_diatonic_strength: 0.548583984375
    tuning_equal_tempered_deviation: 0.287719339132
    tuning_frequency: 449.504882812
    tuning_nontempered_energy_ratio: 0.944903194904
    hpcp:
        dmean: [0.143763780594, 0.157354518771, 0.122498385608, 0.0992000252008, 0.130611538887, 0.161850243807, 0.138583242893, 0.100059866905, 0.0944547504187, 0.103934839368, 0.105086967349, 0.123906567693, 0.141495659947, 0.129455402493, 0.128476947546, 0.156799092889, 0.167040944099, 0.168061450124, 0.135613963008, 0.160763680935, 0.202917248011, 0.219949200749, 0.166167408228, 0.122168578207, 0.0908128544688, 0.0938888788223, 0.111962586641, 0.145232245326, 0.187737062573, 0.204063951969, 0.16139125824, 0.109751038253, 0.105144254863, 0.102346107364, 0.127336516976, 0.135438799858]
        dmean2: [0.233982086182, 0.263637393713, 0.20778401196, 0.167474254966, 0.212859719992, 0.265613555908, 0.224361300468, 0.157294034958, 0.146845951676, 0.164982378483, 0.165278196335, 0.201278746128, 0.215552821755, 0.209295302629, 0.215026289225, 0.260769695044, 0.289865463972, 0.287838757038, 0.215553045273, 0.272641628981, 0.351800501347, 0.372218579054, 0.284810870886, 0.205216452479, 0.152528494596, 0.156325370073, 0.187885612249, 0.258192330599, 0.319818377495, 0.346376389265, 0.26830548048, 0.175790816545, 0.164712324739, 0.166003093123, 0.218611091375, 0.235003083944]
        dvar: [0.0284965168685, 0.0451695770025, 0.0361041426659, 0.0190182421356, 0.0213838573545, 0.034560136497, 0.0195548050106, 0.0144277680665, 0.0185456257313, 0.0211695674807, 0.0136610921472, 0.0260663069785, 0.0273186322302, 0.0206789895892, 0.0288572441787, 0.0283170025796, 0.0376202352345, 0.0507800318301, 0.030084695667, 0.0380864962935, 0.050127979368, 0.0626991838217, 0.0497787930071, 0.0343670807779, 0.0205250047147, 0.0176046621054, 0.0204861238599, 0.038782235235, 0.0407481454313, 0.0384368598461, 0.0249040406197, 0.0212745126337, 0.0173977389932, 0.0210535731167, 0.0287699494511, 0.0310000889003]
        dvar2: [0.0728764533997, 0.120679117739, 0.100524738431, 0.0478902831674, 0.0500408597291, 0.0808949097991, 0.0494618825614, 0.0324716567993, 0.0340978167951, 0.0469898767769, 0.0326289907098, 0.0586340688169, 0.0554410591722, 0.0475035682321, 0.0675767213106, 0.0740406438708, 0.107806421816, 0.13581995666, 0.0677016824484, 0.0894598588347, 0.137266054749, 0.17121194303, 0.143087148666, 0.0900140181184, 0.058853417635, 0.0444643124938, 0.0534214004874, 0.108553029597, 0.123471654952, 0.0906649678946, 0.0552574135363, 0.0486634634435, 0.0385862775147, 0.0419150814414, 0.0706973075867, 0.0809729620814]
        max: [1, 1, 1, 1, 1, 1, 0.996448457241, 0.686471045017, 1, 0.977234423161, 0.801400959492, 1, 1, 1, 1, 1, 1, 1, 1, 1, 1, 1, 1, 0.963180720806, 0.929577767849, 1, 1, 1, 1, 1, 1, 1, 0.965774774551, 1, 1, 1]
        mean: [0.244490340352, 0.186901390553, 0.147913053632, 0.140182390809, 0.219719901681, 0.288415282965, 0.233480527997, 0.16475020349, 0.156767874956, 0.17005752027, 0.188204392791, 0.213295146823, 0.217624053359, 0.266050577164, 0.334430843592, 0.279304087162, 0.25119420886, 0.281193554401, 0.244296386838, 0.228476032615, 0.292230457067, 0.293001979589, 0.213585361838, 0.152550414205, 0.116831749678, 0.14274585247, 0.191645085812, 0.18469800055, 0.257740020752, 0.394176989794, 0.305252075195, 0.167326509953, 0.156483352184, 0.159176230431, 0.220975860953, 0.280563443899]
        min: [0.00785736739635, 0.00378360669129, 0.00382654741406, 0.00508021144196, 0.00774299306795, 0.0140334712341, 0.0132253253832, 0.00945027638227, 0.0066169896163, 0.00556214293465, 0.00687558902428, 0.00747467204928, 0.00886644423008, 0.00679115857929, 0.0065697543323, 0.00496178166941, 0.00463639106601, 0.00311403675005, 0.00218824250624, 0.00352296466008, 0.00502004241571, 0.00403551291674, 0.00219207233749, 0.00222129817121, 0.00225096428767, 0.00189616705757, 0.00186468020547, 0.00332008791156, 0.00843148026615, 0.0052473298274, 0.00482677295804, 0.00479547772557, 0.00535250548273, 0.00608087843284, 0.00723781716079, 0.0115939341486]
        var: [0.0653046071529, 0.0528883598745, 0.0365694612265, 0.0312376599759, 0.0494365729392, 0.0741719529033, 0.0433448813856, 0.0274043884128, 0.0347243882716, 0.0342708267272, 0.0303605701774, 0.0469920411706, 0.0473918914795, 0.0639071986079, 0.121624357998, 0.0667640641332, 0.064745567739, 0.111982792616, 0.0758656188846, 0.0642377957702, 0.0745506286621, 0.0840430706739, 0.0614080429077, 0.0406470373273, 0.0225051734596, 0.043120637536, 0.0602539554238, 0.0426764152944, 0.0505793057382, 0.0971236750484, 0.0653389841318, 0.0332581847906, 0.0301489122212, 0.0413203053176, 0.0630938410759, 0.0951467677951]
    chords_histogram: [30.0925922394, 1.85185182095, 3.24074077606, 3.24074077606, 14.8148145676, 0, 6.01851844788, 0, 13.4259262085, 0, 0, 0, 0, 0, 0, 18.0555553436, 0, 0, 0, 0, 0, 0, 0, 9.25925922394]
    thpcp: [1, 0.774403572083, 0.424495875835, 0.396987527609, 0.403819173574, 0.56060063839, 0.711770236492, 0.620255231857, 0.474156022072, 0.375245273113, 0.355633109808, 0.557414352894, 0.731689810753, 0.592324078083, 0.417959958315, 0.397709339857, 0.431424260139, 0.477461636066, 0.541115164757, 0.552097320557, 0.674952089787, 0.84842813015, 0.708575308323, 0.63726246357, 0.71336877346, 0.619763195515, 0.579628050327, 0.74136865139, 0.743325948715, 0.541851401329, 0.387009948492, 0.296394139528, 0.36213645339, 0.486190438271, 0.468566179276, 0.653868734837]
    chords_key: "F#"
    chords_scale: "major"
    key_key: "F#"
    key_scale: "major"
    chords_progression: ["G#", "G#", "G#", "G#", "G#", "G#", "G#", "D#", "D#", "D#", "G#", "G#", "D#", "D#", "D#", "D#", "D#", "D#", "D#", "D#", "D#", "D#m", "D#", "D#m", "D#m", "D#m", "D#m", "D#m", "D#m", "D#m", "A#m", "A#m", "A#m", "A#m", "A#", "A#", "A#", "A#", "A#", "A#", "A#", "A#", "A#", "A#", "A#", "A#", "A#", "A#", "A#", "A#", "A#", "A#", "A#", "A#", "A#", "A#", "A#", "A#", "A#", "A#", "A#", "A#", "A#", "Bm", "Bm", "Bm", "Bm", "Bm", "Bm", "Bm", "Bm", "Bm", "Bm", "Bm", "Bm", "Bm", "Bm", "Bm", "Bm", "Bm", "Bm", "Bm", "Bm", "Bm", "Bm", "Bm", "Bm", "Bm", "Bm", "Bm", "Bm", "Bm", "Bm", "Bm", "Bm", "Bm", "Bm", "Bm", "Bm", "Bm", "Bm", "Bm", "D#m", "D#m", "D#m", "D#m", "D#m", "D#m", "D#m", "D#m", "D#m", "D#m", "D#m", "D#m", "F#", "F#", "F#", "F#", "F#", "F#", "F#", "F#", "F#", "F#", "F#", "F#", "F#", "F#", "F#", "F#", "F#", "F#", "F#", "F#", "F#", "F#", "F#", "F#", "F#", "F#", "F#", "F#", "F#", "F#", "F#", "F#", "F#", "F#", "F#", "F#", "F#", "F#", "F#", "F#", "F#", "F#", "F#", "F#", "F#", "F#", "F#", "F#", "F#", "F#", "F#", "F#", "F#", "F#", "F#", "F#", "F#", "F#", "F#", "F#", "F#", "F#", "F#", "F#", "F#", "C#", "C#", "C#", "C#", "C#", "C#", "C#", "G#", "G#", "G#", "G#", "G#", "G#", "G#", "G#", "G#", "G#", "G#", "G#", "Fm", "Fm", "Fm", "G#", "Fm", "Fm", "Fm", "Fm", "G#", "G#", "G#", "G#", "G#", "G#", "G#", "G#", "G#", "G#"]
