
metadata:
    version:
        essentia: "1.2.2"
    audio_properties:
        analysis_sample_rate: 44100
        bitrate: 128
        channels: 2
        equal_loudness: 1
        length: 10.0571432114
        replay_gain: -6.31822013855
        downmix: "mix"
    tags:
        track: 15
        year: 0
        album: "Splitted by Mp3Splt v. 2.1"
        artist: "From 002.20 To 002.30"
        comment: "http://mp3splt.sf.net"
        genre: ""
        title: "05 Walking After Midnight.mp3"

highlevel:
    ballroom:
        all:
            ChaChaCha: 0.00933905504644
            Jive: 0.00321676791646
            Quickstep: 0.00544609734789
            Rumba-American: 0.00603048224002
            Rumba-International: 0.034999743104
            Rumba-Misc: 0.108588643372
            Samba: 0.00366851105355
            Tango: 0.183641880751
            VienneseWaltz: 0.0314498282969
            Waltz: 0.613618969917
        probability: 0.613618969917
        value: "Waltz"
    culture:
        all:
            non_western: 0.0220725759864
            western: 0.977927446365
        probability: 0.977927446365
        value: "western"
    gender:
        all:
            female: 0.645868897438
            male: 0.35413107276
        probability: 0.645868897438
        value: "female"
    genre_dortmund:
        all:
            alternative: 0.154503643513
            blues: 0.0755330696702
            electronic: 0.104095585644
            folkcountry: 0.408870100975
            funksoulrnb: 0.00438900059089
            jazz: 0.0642456635833
            pop: 0.128820702434
            raphiphop: 0.00274411682039
            rock: 0.056798145175
        probability: 0.408870100975
        value: "folkcountry"
    genre_electronica:
        all:
            ambient: 0.96063297987
            dnb: 0.00168364471756
            house: 0.0256497766823
            techno: 0.00659696199
            trance: 0.0054366402328
        probability: 0.96063297987
        value: "ambient"
    genre_rosamerica:
        all:
            cla: 0.751275002956
            dan: 0.00638125371188
            hip: 0.00207064556889
            jaz: 0.178800776601
            pop: 0.0140863666311
            rhy: 0.0207667034119
            roc: 0.0249864123762
            spe: 0.00163286540192
        probability: 0.751275002956
        value: "cla"
    genre_tzanetakis:
        all:
            blu: 0.00898717623204
            cla: 0.791140377522
            cou: 0.0255038235337
            dis: 0.00511744432151
            hip: 0.00238398625515
            jaz: 0.132560804486
            met: 0.00266242981888
            pop: 0.0149838551879
            reg: 0.00834969803691
            roc: 0.00831037946045
        probability: 0.791140377522
        value: "cla"
    live_studio:
        all:
            live: 0.344815343618
            studio: 0.655184626579
        probability: 0.655184626579
        value: "studio"
    mood:
        all:
            Cluster1: 0.207387894392
            Cluster2: 0.101622320712
            Cluster3: 0.576201379299
            Cluster4: 0.0964610129595
            Cluster5: 0.0183273833245
        probability: 0.576201379299
        value: "Cluster3"
    mood_acoustic:
        all:
            acoustic: 0.856007754803
            not_acoustic: 0.143992245197
        probability: 0.856007754803
        value: "acoustic"
    mood_aggressive:
        all:
            aggressive: 1.08940787413e-06
            not_aggressive: 0.999998927116
        probability: 0.999998927116
        value: "not_aggressive"
    mood_electronic:
        all:
            electronic: 0.368835657835
            not_electronic: 0.631164312363
        probability: 0.631164312363
        value: "not_electronic"
    mood_happy:
        all:
            happy: 0.0149102117866
            not_happy: 0.9850897789
        probability: 0.9850897789
        value: "not_happy"
    mood_party:
        all:
            not_party: 0.989856243134
            party: 0.0101437801495
        probability: 0.989856243134
        value: "not_party"
    mood_relaxed:
        all:
            not_relaxed: 0.0553413890302
            relaxed: 0.944658637047
        probability: 0.944658637047
        value: "relaxed"
    mood_sad:
        all:
            not_sad: 0.0472150817513
            sad: 0.952784895897
        probability: 0.952784895897
        value: "sad"
    rhythm:
        all:
            fast: 0.0130096338689
            medium: 0.466966569424
            slow: 0.52002376318
        probability: 0.52002376318
        value: "slow"
    speech_music:
        all:
            music: 0.837449908257
            speech: 0.162550061941
        probability: 0.837449908257
        value: "music"
    timbre:
        all:
            bright: 0.0131804076955
            dark: 0.986819565296
        probability: 0.986819565296
        value: "dark"
    voice_instrumental:
        all:
            instrumental: 0.946174681187
            voice: 0.0538253262639
        probability: 0.946174681187
        value: "instrumental"

lowlevel:
    average_loudness: 0.359223484993
    barkbands_kurtosis:
        dmean: 2.74387097359
        dmean2: 4.20886278152
        dvar: 10.4237060547
        dvar2: 24.1374778748
        max: 69.656829834
        mean: 14.1804428101
        min: -1.36901247501
        var: 234.00201416
    barkbands_skewness:
        dmean: 0.34482139349
        dmean2: 0.526041269302
        dvar: 0.13838160038
        dvar2: 0.352993488312
        max: 6.03768968582
        mean: 2.76512956619
        min: 0.192572310567
        var: 1.61453735828
    barkbands_spread:
        dmean: 1.53240084648
        dmean2: 2.57775735855
        dvar: 5.8443365097
        dvar2: 15.805141449
        max: 28.3727855682
        mean: 6.75550222397
        min: 1.0198841095
        var: 26.6670188904
    dissonance:
        dmean: 0.0236800033599
        dmean2: 0.0399133376777
        dvar: 0.000617378158495
        dvar2: 0.00168402248528
        max: 0.496823817492
        mean: 0.421041280031
        min: 0.28096011281
        var: 0.00200022337958
    hfc:
        dmean: 0.339323014021
        dmean2: 0.460238903761
        dvar: 2.82555246353
        dvar2: 5.97010421753
        max: 33.3471908569
        mean: 0.879118382931
        min: 1.26437271319e-05
        var: 8.03757858276
    pitch:
        dmean: 37.3768310547
        dmean2: 70.0086364746
        dvar: 5219.16992188
        dvar2: 11929.0195312
        max: 747.457641602
        mean: 219.060089111
        min: 48.9456176758
        var: 12609
    pitch_instantaneous_confidence:
        dmean: 0.0553830042481
        dmean2: 0.0871197134256
        dvar: 0.00558133982122
        dvar2: 0.0139436097816
        max: 0.918048560619
        mean: 0.53028690815
        min: 0.196076393127
        var: 0.04169042781
    pitch_salience:
        dmean: 0.0451424270868
        dmean2: 0.0726334527135
        dvar: 0.00295372493565
        dvar2: 0.00751891871914
        max: 0.969166457653
        mean: 0.535908102989
        min: 0.267652183771
        var: 0.0113887349144
    silence_rate_20dB:
        dmean: 0
        dmean2: 0
        dvar: 0
        dvar2: 0
        max: 1
        mean: 1
        min: 1
        var: 0
    silence_rate_30dB:
        dmean: 0
        dmean2: 0
        dvar: 0
        dvar2: 0
        max: 1
        mean: 1
        min: 1
        var: 0
    silence_rate_60dB:
        dmean: 0.0184757504612
        dmean2: 0.037037037313
        dvar: 0.0181344337761
        dvar2: 0.0356650538743
        max: 1
        mean: 0.887096762657
        min: 0
        var: 0.100157171488
    spectral_centroid:
        dmean: 47.0179824829
        dmean2: 76.6628189087
        dvar: 8222.86230469
        dvar2: 22796.6835938
        max: 1814.54870605
        mean: 382.996063232
        min: 149.18649292
        var: 54970.2773438
    spectral_complexity:
        dmean: 0.575406014919
        dmean2: 0.837209284306
        dvar: 2.38818359375
        dvar2: 3.75024747849
        max: 25
        mean: 2.55092597008
        min: 0
        var: 16.5900554657
    spectral_crest:
        dmean: 1.70616161823
        dmean2: 2.74787163734
        dvar: 4.24191379547
        dvar2: 9.89618778229
        max: 22.448551178
        mean: 11.9554510117
        min: 5.2109041214
        var: 13.555932045
    spectral_decrease:
        dmean: 1.28156374402e-10
        dmean2: 1.68966104996e-10
        dvar: 2.06442153812e-19
        dvar2: 4.06827587781e-19
        max: -2.79517569165e-15
        mean: -3.96573912598e-10
        min: -7.86329756863e-09
        var: 8.49859061516e-19
    spectral_energy:
        dmean: 0.000512716709636
        dmean2: 0.000674272072501
        dvar: 3.45223043041e-06
        dvar2: 6.84802580508e-06
        max: 0.032702576369
        mean: 0.00157650047913
        min: 1.16964633534e-08
        var: 1.37758388519e-05
    spectral_energyband_high:
        dmean: 2.97953351946e-06
        dmean2: 4.19908565163e-06
        dvar: 1.68054348215e-10
        dvar2: 3.31777078033e-10
        max: 0.000172793617821
        mean: 5.75602507524e-06
        min: 1.61217691974e-10
        var: 4.19048851175e-10
    spectral_energyband_low:
        dmean: 1.64817447512e-05
        dmean2: 2.12213999475e-05
        dvar: 5.99868377194e-09
        dvar2: 9.51033030105e-09
        max: 0.00177675439045
        mean: 8.256786532e-05
        min: 2.33464386712e-10
        var: 5.30675130506e-08
    spectral_energyband_middle_high:
        dmean: 0.000112323563371
        dmean2: 0.000161592863151
        dvar: 3.9211434455e-07
        dvar2: 8.03436932983e-07
        max: 0.0129019021988
        mean: 0.000266975839622
        min: 4.94275331775e-09
        var: 1.27717089526e-06
    spectral_energyband_middle_low:
        dmean: 0.000408579217037
        dmean2: 0.000549286894966
        dvar: 1.74273168341e-06
        dvar2: 3.3528538097e-06
        max: 0.0194704700261
        mean: 0.00122120277956
        min: 6.3192810984e-09
        var: 7.4234189924e-06
    spectral_flatness_db:
        dmean: 0.0162243302912
        dmean2: 0.0265311244875
        dvar: 0.000287468894385
        dvar2: 0.000617963494733
        max: 0.414712995291
        mean: 0.290509432554
        min: 0.0808412656188
        var: 0.0023808714468
    spectral_flux:
        dmean: 0.00329805165529
        dmean2: 0.00468603521585
        dvar: 6.85210543452e-05
        dvar2: 0.00013198061788
        max: 0.122213050723
        mean: 0.00903498474509
        min: 0.000108150190499
        var: 0.000242914713454
    spectral_kurtosis:
        dmean: 9.0234413147
        dmean2: 16.1542167664
        dvar: 50.4830665588
        dvar2: 171.582763672
        max: 69.9364929199
        mean: 28.7711658478
        min: 1.18503475189
        var: 247.329986572
    spectral_rms:
        dmean: 0.000124981117551
        dmean2: 0.00016325681645
        dvar: 9.68058841977e-08
        dvar2: 1.45975590726e-07
        max: 0.00564844720066
        mean: 0.000807826814707
        min: 3.37804431183e-06
        var: 8.85465397005e-07
    spectral_rolloff:
        dmean: 136.493331909
        dmean2: 239.168426514
        dvar: 102544.0625
        dvar2: 287661
        max: 3746.77734375
        mean: 567.191467285
        min: 193.798828125
        var: 268136.46875
    spectral_skewness:
        dmean: 0.615404546261
        dmean2: 1.1003549099
        dvar: 0.21035335958
        dvar2: 0.69176530838
        max: 6.6635017395
        mean: 3.91501832008
        min: 0.830223798752
        var: 1.76460933685
    spectral_spread:
        dmean: 286137.96875
        dmean2: 466169.21875
        dvar: 735742918656
        dvar2: 846288322560
        max: 19265562
        mean: 2036281
        min: 1215180.875
        var: 989363437568
    spectral_strongpeak:
        dmean: 0.0549368299544
        dmean2: 0.0866309553385
        dvar: 0.0124558527023
        dvar2: 0.0271084327251
        max: 1.66146361828
        mean: 0.165329948068
        min: 7.33033302822e-05
        var: 0.0541187524796
    zerocrossingrate:
        dmean: 0.00288550439291
        dmean2: 0.00385628640652
        dvar: 1.61812258739e-05
        dvar2: 2.75853271887e-05
        max: 0.087890625
        mean: 0.0225276239216
        min: 0.00634765625
        var: 0.000215119303903
    barkbands:
        dmean: [3.96095645172e-09, 3.69362214769e-06, 1.40155416375e-05, 7.87887911429e-05, 0.000148249440826, 0.000129327600007, 4.38302558905e-05, 8.89519942575e-05, 1.25365268104e-05, 3.84323029721e-05, 1.30705020638e-05, 9.27006658458e-06, 1.49565439642e-05, 9.39385517995e-06, 1.10735645649e-05, 1.81324066943e-05, 2.63649762928e-05, 1.28439796754e-05, 1.50796713569e-05, 2.98334907711e-06, 1.41020893807e-06, 2.1610389922e-07, 5.86704835825e-08, 9.95178783825e-09, 3.72288289086e-09, 3.78079956231e-10, 8.92532020513e-11]
        dmean2: [6.73451916455e-09, 4.95786844112e-06, 1.80722399818e-05, 0.000115182621812, 0.000223124705371, 0.000178742033313, 5.58839456062e-05, 0.000133143257699, 1.92051993508e-05, 6.16709585302e-05, 1.98372399609e-05, 1.33692401505e-05, 1.86396118806e-05, 1.45154790516e-05, 1.82752446563e-05, 2.7354735721e-05, 4.47708334832e-05, 2.0698435037e-05, 2.20557376451e-05, 4.70332997793e-06, 1.85992166735e-06, 2.8698482879e-07, 8.47245402724e-08, 1.37874813788e-08, 5.40904343538e-09, 5.5457227699e-10, 1.72700506673e-10]
        dvar: [1.36599799029e-16, 1.54063914404e-10, 5.57170176663e-09, 6.84795509187e-08, 1.58301048714e-07, 1.72951885702e-07, 4.36748521793e-08, 5.05431330566e-07, 4.16345580234e-09, 8.27579071938e-08, 9.13575437522e-09, 1.71354253009e-09, 1.13247287103e-08, 1.65388258644e-09, 2.05775396722e-09, 9.45484668335e-09, 1.90549442891e-08, 4.57643523077e-09, 9.68054969519e-09, 1.54206022951e-10, 2.95078961265e-11, 8.55067047983e-13, 6.6060553566e-14, 2.0066598038e-15, 2.10293915371e-16, 5.9001486148e-18, 1.29482717186e-19]
        dvar2: [3.8500974704e-16, 3.14718806571e-10, 9.00781937929e-09, 1.2643195646e-07, 3.10398093006e-07, 3.07160746615e-07, 5.8807625436e-08, 1.18021330309e-06, 1.06635722474e-08, 1.69169211972e-07, 2.33394175098e-08, 3.17225112845e-09, 2.0186723404e-08, 3.61666629978e-09, 5.92280091638e-09, 2.07481019032e-08, 4.97612653305e-08, 1.27995294363e-08, 2.22499103586e-08, 3.30300092832e-10, 5.83606149518e-11, 1.69922604633e-12, 1.51962291492e-13, 4.08533265472e-15, 4.59990082913e-16, 9.84163445512e-18, 4.41011808872e-19]
        max: [1.52694127564e-07, 0.000178690999746, 0.00172056513838, 0.0046343235299, 0.00532982032746, 0.00661207363009, 0.00528583675623, 0.0119201308116, 0.00101361924317, 0.00555927818641, 0.00163421570323, 0.000801258545835, 0.00226904964074, 0.000773737265263, 0.000554986763746, 0.00149650208186, 0.00253225932829, 0.000834035978187, 0.00186087447219, 0.000152283319039, 7.69821781432e-05, 1.37383112815e-05, 3.08924336423e-06, 7.77399975505e-07, 2.18839886656e-07, 4.68260594744e-08, 3.91738419481e-09]
        mean: [1.46879708396e-08, 2.03378749575e-05, 6.22158622718e-05, 0.000230992300203, 0.00042194550042, 0.000351286522346, 9.28718000068e-05, 9.35440912144e-05, 1.97212648345e-05, 7.39902243367e-05, 2.09308436752e-05, 1.63606182468e-05, 1.86464312719e-05, 1.92477928067e-05, 1.59284336405e-05, 2.42375790549e-05, 4.74057160318e-05, 2.01938910322e-05, 1.85183835129e-05, 5.05793968841e-06, 2.58986074186e-06, 3.57357947678e-07, 8.40620941744e-08, 1.65536953034e-08, 5.92443427649e-09, 7.82934106436e-10, 5.96997659641e-11]
        min: [6.01467443559e-12, 1.14798635875e-10, 8.23753426582e-11, 8.70887806315e-11, 2.67356803363e-10, 4.19416140707e-10, 6.60893062499e-10, 1.35671229806e-09, 3.16635317965e-09, 1.58014079599e-09, 4.88539098065e-10, 3.01964786509e-10, 6.474897285e-10, 4.52809956197e-10, 2.67582900282e-10, 8.49592007857e-10, 4.91774287958e-10, 1.23960716691e-10, 7.09140107746e-11, 6.69474059523e-11, 4.7389977359e-11, 2.46316664981e-11, 1.29186271056e-11, 1.08555881298e-11, 9.86230888622e-12, 2.82483370327e-14, 1.99688250249e-15]
        var: [4.06370329783e-16, 8.93052520823e-10, 4.86601940963e-08, 4.59002620801e-07, 7.79556387442e-07, 8.45135616601e-07, 1.87586493894e-07, 4.93934749102e-07, 9.0083336346e-09, 2.61724437678e-07, 9.27667986872e-09, 3.58259466537e-09, 1.70838312386e-08, 6.04174532626e-09, 2.58151255927e-09, 1.17421121715e-08, 4.96195546873e-08, 6.88052237408e-09, 1.1332940808e-08, 3.03259806156e-10, 8.04845981528e-11, 1.71660320507e-12, 1.03264314146e-13, 4.277448621e-15, 5.3117716702e-16, 1.84547204121e-17, 8.15437103547e-20]
    mfcc:
        mean: [-1007.32098389, 221.168045044, -38.6543388367, 45.2793769836, 3.98717546463, -3.06632041931, -7.63240242004, -10.4574565887, -10.5340185165, -9.93322086334, -8.44626522064, -7.40575504303, 1.10728871822]
        cov: [[22092.1777344, -1922.83532715, -3068.2590332, 1955.20214844, -1158.66723633, -580.061828613, -880.789306641, -299.524810791, -935.930480957, -578.872192383, -637.57824707, -267.901397705, -259.384521484], [-1922.83532715, 814.160644531, 288.736297607, -117.226074219, 345.90637207, 221.036209106, 284.087463379, 196.145294189, 212.114425659, 88.9614486694, 131.351730347, 32.3062095642, 44.855091095], [-3068.2590332, 288.736297607, 947.907409668, -207.304580688, 371.749847412, 289.617950439, 138.432800293, 52.4613037109, 59.8758888245, 3.17336988449, -43.3604660034, -49.7204475403, -24.6329097748], [1955.20214844, -117.226074219, -207.304580688, 324.225860596, -62.846157074, 7.37935829163, -58.7655715942, -53.4531402588, -135.921737671, -89.3851242065, -105.98677063, -53.2665214539, -17.8327922821], [-1158.66723633, 345.90637207, 371.749847412, -62.846157074, 327.247070312, 186.790161133, 124.508872986, 108.730178833, 71.3819122314, 3.76173353195, 5.15023899078, -24.9898414612, -9.60890865326], [-580.061828613, 221.036209106, 289.617950439, 7.37935829163, 186.790161133, 268.712005615, 137.123535156, 95.5672912598, 93.1845397949, -7.95924901962, -19.8335857391, -15.909371376, -46.2875099182], [-880.789306641, 284.087463379, 138.432800293, -58.7655715942, 124.508872986, 137.123535156, 194.196884155, 116.840766907, 137.296005249, 45.9384651184, 65.206489563, 21.2013874054, 11.7203216553], [-299.524810791, 196.145294189, 52.4613037109, -53.4531402588, 108.730178833, 95.5672912598, 116.840766907, 153.026977539, 146.475524902, 34.4007377625, 52.6365242004, 23.1811199188, -14.6680374146], [-935.930480957, 212.114425659, 59.8758888245, -135.921737671, 71.3819122314, 93.1845397949, 137.296005249, 146.475524902, 255.507995605, 87.6711120605, 105.11164093, 56.1464195251, -13.2379388809], [-578.872192383, 88.9614486694, 3.17336988449, -89.3851242065, 3.76173353195, -7.95924901962, 45.9384651184, 34.4007377625, 87.6711120605, 94.7549743652, 85.6538238525, 35.1860961914, 20.0505275726], [-637.57824707, 131.351730347, -43.3604660034, -105.98677063, 5.15023899078, -19.8335857391, 65.206489563, 52.6365242004, 105.11164093, 85.6538238525, 140.888687134, 56.9524040222, 20.804567337], [-267.901397705, 32.3062095642, -49.7204475403, -53.2665214539, -24.9898414612, -15.909371376, 21.2013874054, 23.1811199188, 56.1464195251, 35.1860961914, 56.9524040222, 58.3660964966, 12.9494218826], [-259.384521484, 44.855091095, -24.6329097748, -17.8327922821, -9.60890865326, -46.2875099182, 11.7203216553, -14.6680374146, -13.2379388809, 20.0505275726, 20.804567337, 12.9494218826, 73.4114227295]]
        icov: [[0.000266815826762, 0.000241150060901, 0.00069261220051, -0.00082298059715, 3.03870347125e-05, -0.000352435396053, 0.000534297607373, -0.00110941112507, 0.000565286783967, -0.000177435431397, 0.000156010690262, 0.000430727639468, 0.000332880066708], [0.000241150060901, 0.00456794071943, 0.00129344407469, -0.00107425986789, -0.00418129144236, -0.000547409057617, -0.0029071373865, -0.000116747985885, -9.39872916206e-05, -0.000525020528585, -0.0015297915088, 0.000135584414238, -0.00168151827529], [0.00069261220051, 0.00129344407469, 0.00571460882202, 0.000989226507954, -0.00341602554545, -0.00383462500758, 0.000216937987716, 0.000258557702182, 0.00178206281271, -0.00130234006792, 0.00228076917119, 0.00225707958452, 0.000599348568358], [-0.00082298059715, -0.00107425986789, 0.000989226507954, 0.0106216939166, 0.000190417224076, -0.00304373377003, -0.0020369773265, 0.00347907864489, 0.00156487268396, 0.00179104390554, 0.00203541456722, 0.00167920463718, -0.00129324023146], [3.03870347125e-05, -0.00418129144236, -0.00341602554545, 0.000190417224076, 0.0138106029481, -0.00274344463833, 0.00435858406126, -0.00836902391165, 0.00318562216125, 0.00171660585329, -0.00172031100374, 0.00440520932898, -0.000911884824745], [-0.000352435396053, -0.000547409057617, -0.00383462500758, -0.00304373377003, -0.00274344463833, 0.0155511554331, -0.00836232025176, 0.00233301753178, -0.00368900154717, -8.25724710012e-05, 0.00420249905437, -0.00429097190499, 0.0072338799946], [0.000534297607373, -0.0029071373865, 0.000216937987716, -0.0020369773265, 0.00435858406126, -0.00836232025176, 0.021886466071, -0.0096929743886, -0.000741544063203, 0.00124116113875, -0.00515736266971, 0.00435094628483, -0.00666958605871], [-0.00110941112507, -0.000116747985885, 0.000258557702182, 0.00347907864489, -0.00836902391165, 0.00233301753178, -0.0096929743886, 0.0299187526107, -0.0132096940652, 0.0035937523935, 0.000409594067605, -0.00326169631444, 0.00208005518652], [0.000565286783967, -9.39872916206e-05, 0.00178206281271, 0.00156487268396, 0.00318562216125, -0.00368900154717, -0.000741544063203, -0.0132096940652, 0.0180576741695, -0.00735525460914, 0.000598862883635, -0.00299160508439, 0.00422599073499], [-0.000177435431397, -0.000525020528585, -0.00130234006792, 0.00179104390554, 0.00171660585329, -8.25724710012e-05, 0.00124116113875, 0.0035937523935, -0.00735525460914, 0.0292982757092, -0.0142241185531, 0.00334929605015, -0.00550371129066], [0.000156010690262, -0.0015297915088, 0.00228076917119, 0.00203541456722, -0.00172031100374, 0.00420249905437, -0.00515736266971, 0.000409594067605, 0.000598862883635, -0.0142241185531, 0.0264699663967, -0.0113610103726, 0.00457098800689], [0.000430727639468, 0.000135584414238, 0.00225707958452, 0.00167920463718, 0.00440520932898, -0.00429097190499, 0.00435094628483, -0.00326169631444, -0.00299160508439, 0.00334929605015, -0.0113610103726, 0.0360800437629, -0.00546990102157], [0.000332880066708, -0.00168151827529, 0.000599348568358, -0.00129324023146, -0.000911884824745, 0.0072338799946, -0.00666958605871, 0.00208005518652, 0.00422599073499, -0.00550371129066, 0.00457098800689, -0.00546990102157, 0.0235693119466]]
    spectral_contrast:
        mean: [1.73760650313e-09, 2.22279965101e-07, -1.46873020412e-07, -2.37395639147e-07, 3.01088817878e-07, -5.25628138348e-07, -7.1873955676e-07, -1.56841622356e-07, -2.77382355307e-06, -1.0085879012e-06, 2.53195571531e-06, -9.68023528003e-07]
        var: [0.000315618119203, 0.000375323550543, 0.000534171937034, 0.00176000129431, 0.00240028835833, 0.00790642108768, 0.0457738004625, 0.0594876930118, 0.09587816149, 0.275581389666, 0.934659123421, 9.07287979126]

rhythm:
    beats_loudness:
        dmean: 0.00158178829588
        dmean2: 0.00217936164699
        dvar: 1.31972483359e-05
        dvar2: 1.66483587236e-05
        max: 0.0162943825126
        mean: 0.00142734393012
        min: 3.77512810701e-06
        var: 1.27225439428e-05
    beats_loudness_bass:
        dmean: 0.101050540805
        dmean2: 0.151122733951
        dvar: 0.0140071557835
        dvar2: 0.0377602949739
        max: 0.768521249294
        mean: 0.294477552176
        min: 0.0017130112974
        var: 0.0782268121839
    bpm: 101.112945557
    bpm_confidence: 0
    first_peak_bpm: 161
    first_peak_spread: 0
    first_peak_weight: 0.5
    onset_rate: 0.894886374474
    second_peak_bpm: 101
    second_peak_spread: 0.100000023842
    second_peak_weight: 0.449999988079
    beats_position: [0.0553218312562, 0.64873367548, 1.24214553833, 1.83555734158, 2.42896914482, 3.02238082886, 3.61579298973, 4.20920467377, 4.80261659622, 5.39602899551, 5.97286272049, 6.34463500977, 6.71640729904, 7.08817863464, 7.45995092392, 7.8317232132, 8.20349502563, 8.57526779175, 8.94703960419, 9.31881141663, 9.69058418274]
    bpm_estimates: [100.916748047, 101.968559265, 100.537322998, 101.029159546]
    bpm_intervals: [0.59341186285, 0.59341186285, 0.593411803246, 0.593411803246, 0.593411684036, 0.593412160873, 0.593411684036, 0.593411922455, 0.593412399292, 0.576833724976, 0.371772289276, 0.371772289276, 0.371771335602, 0.371772289276, 0.371772289276, 0.371771812439, 0.371772766113, 0.371771812439, 0.371771812439, 0.371772766113]
    onset_times: [0.0464399084449, 0.371519267559, 0.986848056316, 1.59056687355, 2.17106580734, 2.54258513451, 2.72834467888, 3.14630389214, 4.52789115906]
    rubato_start: [6.34463500977]
    rubato_stop: [6.71640729904]
    perceptual_tempo: "unknown"

sfx:
    inharmonicity:
        dmean: 0.0146723091602
        dmean2: 0.0266695041209
        dvar: 0.000536158098839
        dvar2: 0.00155510939658
        max: 0.161144986749
        mean: 0.0151959201321
        min: 1.04220425783e-05
        var: 0.000510889221914
    oddtoevenharmonicenergyratio:
        dmean: 2.99047970772
        dmean2: 5.66839647293
        dvar: 221.568710327
        dvar2: 649.646606445
        max: 165.041610718
        mean: 2.20707678795
        min: 4.50564220955e-05
        var: 120.378356934
    pitch_after_max_to_before_max_energy_ratio: 46.8550605774
    pitch_centroid: 186.212615967
    pitch_max_to_total: 0
    pitch_min_to_total: 0.451388895512
    tristimulus:
        dmean: [0.161054611206, 0.16194422543, 0.026216244325]
        dmean2: [0.279365986586, 0.280769586563, 0.0460463315248]
        dvar: [0.0373491048813, 0.0393312014639, 0.00140435341746]
        dvar2: [0.0935313552618, 0.102294489741, 0.00410459795967]
        max: [0.991858184338, 0.976504504681, 0.259253531694]
        mean: [0.535319805145, 0.422746539116, 0.0353403761983]
        min: [0.00288297468796, 0, 0]
        var: [0.0806438401341, 0.0739705041051, 0.00174878630787]

tonal:
    chords_changes_rate: 0.0185185186565
    chords_number_rate: 0.0185185186565
    chords_strength:
        dmean: 0.00609234487638
        dmean2: 0.00468715419993
        dvar: 5.82513930567e-05
        dvar2: 4.38938950538e-05
        max: 0.832132101059
        mean: 0.530237913132
        min: 0.277467638254
        var: 0.0142959281802
    key_strength: 0.637366533279
    tuning_diatonic_strength: 0.567875742912
    tuning_equal_tempered_deviation: 0.0641088336706
    tuning_frequency: 441.017791748
    tuning_nontempered_energy_ratio: 0.636946797371
    hpcp:
        dmean: [0.0210412554443, 0.0226381570101, 0.0358687564731, 0.0379760414362, 0.0379964523017, 0.0385248214006, 0.0294055938721, 0.0144780138507, 0.0106529956684, 0.0239598099142, 0.0237555652857, 0.0183028969914, 0.0217807721347, 0.0255613755435, 0.059131257236, 0.07395657897, 0.0511490367353, 0.01868978329, 0.0149989845231, 0.0130683304742, 0.0116908950731, 0.0247300453484, 0.0460062995553, 0.0560608841479, 0.0560577064753, 0.0403535813093, 0.0443732738495, 0.0458066947758, 0.0705282315612, 0.123859547079, 0.0797533467412, 0.111681640148, 0.0456566289067, 0.0309995003045, 0.0201327819377, 0.0170293133706]
        dmean2: [0.0366411916912, 0.0388923063874, 0.0610559694469, 0.0618216171861, 0.0621360167861, 0.0603974349797, 0.0454366058111, 0.0230840276927, 0.016530379653, 0.0367630012333, 0.0420039184391, 0.0332522466779, 0.0356166511774, 0.0354173332453, 0.0902210101485, 0.114728465676, 0.0862359553576, 0.0343934893608, 0.028641635552, 0.0248704161495, 0.0182081293315, 0.0466304309666, 0.0871961116791, 0.0978248342872, 0.100672580302, 0.0739264115691, 0.0806360319257, 0.0846461653709, 0.12645983696, 0.21285609901, 0.12653721869, 0.187206551433, 0.0760438218713, 0.0557384900749, 0.0308148898184, 0.0302216801792]
        dvar: [0.0036339876242, 0.00471912417561, 0.0135245155543, 0.0146030792966, 0.0103623634204, 0.0117600699887, 0.00554990489036, 0.000658870849293, 0.000907252600882, 0.00694780796766, 0.0111136296764, 0.00499250600114, 0.00551072508097, 0.00785747729242, 0.0152698494494, 0.021719051525, 0.0156663134694, 0.00425738096237, 0.0093947974965, 0.00827921833843, 0.00208669551648, 0.0140775656328, 0.0253823529929, 0.0252206884325, 0.0283923819661, 0.0140949087217, 0.018849439919, 0.0251108072698, 0.0148237254471, 0.0340965129435, 0.029312774539, 0.0320593267679, 0.0151883456856, 0.0192841477692, 0.00531330751255, 0.00159275962505]
        dvar2: [0.00957083143294, 0.0135847209021, 0.0291800387204, 0.03324271366, 0.0272382646799, 0.0332970060408, 0.0141109488904, 0.00160617183428, 0.00183957477566, 0.0155095243827, 0.0315074473619, 0.0145465126261, 0.0132015161216, 0.0142082618549, 0.0392940156162, 0.0533320829272, 0.0403753891587, 0.0123026436195, 0.028163569048, 0.0249844640493, 0.0033267904073, 0.0333735868335, 0.074902318418, 0.061805061996, 0.0830851569772, 0.0471591278911, 0.0515471920371, 0.0635740980506, 0.0405153408647, 0.0832669511437, 0.0693326741457, 0.0804090872407, 0.0423882044852, 0.0486488603055, 0.0132135218009, 0.00421571265906]
        max: [0.475050956011, 0.500648498535, 1, 1, 0.802710235119, 1, 0.693441927433, 0.205876886845, 0.392402768135, 1, 1, 0.586250603199, 0.813275635242, 1, 1, 1, 1, 0.613857388496, 1, 0.944921851158, 0.576604902744, 1, 1, 1, 1, 1, 1, 1, 0.95290273428, 1, 1, 1, 0.969324409962, 1, 0.71109110117, 0.232225343585]
        mean: [0.0306849461049, 0.0272367820144, 0.0606211833656, 0.0782490223646, 0.0532447099686, 0.110115304589, 0.118025533855, 0.0338143520057, 0.0130152963102, 0.0275789536536, 0.0284317992628, 0.0227847583592, 0.0261816829443, 0.0323569141328, 0.155749112368, 0.249212652445, 0.123205862939, 0.0166242774576, 0.0107435248792, 0.00936563778669, 0.0146771417931, 0.0295442938805, 0.0393688380718, 0.0668749734759, 0.0774362236261, 0.0431004799902, 0.0521573312581, 0.0687781721354, 0.0909614413977, 0.521862268448, 0.732192695141, 0.302009910345, 0.0450606867671, 0.028728408739, 0.0174651388079, 0.0209860354662]
        min: [0, 0, 0, 0, 0, 0, 0, 0, 0, 0, 0, 0, 0, 0, 0, 0, 0, 0, 0, 0, 0, 0, 0, 0, 0, 0, 0, 0, 0, 0, 0, 0, 0, 0, 0, 0]
        var: [0.00484487507492, 0.00387011561543, 0.0334101580083, 0.0516947694123, 0.0168460384011, 0.0151530941948, 0.0139346485958, 0.00114450138062, 0.00157360360026, 0.00983787793666, 0.00821796804667, 0.00296263140626, 0.00532184867188, 0.00759413279593, 0.0308477245271, 0.0779281556606, 0.0266377162188, 0.00274446303956, 0.00483898725361, 0.00425676489249, 0.00435595586896, 0.0204592496157, 0.0189943294972, 0.0320105552673, 0.0451501943171, 0.0155345452949, 0.0263884775341, 0.0472328625619, 0.0164178982377, 0.119120590389, 0.157214865088, 0.0588060356677, 0.014910183847, 0.0171262342483, 0.00523596024141, 0.00189977267291]
    chords_histogram: [59.2592582703, 0, 0, 0, 0, 0, 0, 0, 0, 0, 3.24074077606, 0, 0, 0, 0, 0, 0, 32.4074058533, 5.09259271622, 0, 0, 0, 0, 0]
    thpcp: [1, 0.412473261356, 0.0615421161056, 0.0392361320555, 0.0238531995565, 0.0286619029939, 0.0419082939625, 0.0371989272535, 0.0827940255404, 0.1068694368, 0.0727195292711, 0.150391161442, 0.161194637418, 0.0461823120713, 0.01777577959, 0.0376662500203, 0.0388310328126, 0.0311185270548, 0.0357579141855, 0.0441918000579, 0.212716013193, 0.340364843607, 0.168269723654, 0.0227047838271, 0.0146730840206, 0.0127912200987, 0.0200454629958, 0.040350433439, 0.0537684112787, 0.0913352072239, 0.105759352446, 0.0588649399579, 0.0712344348431, 0.0939345210791, 0.124231562018, 0.712738990784]
    chords_key: "G"
    chords_scale: "major"
    key_key: "G"
    key_scale: "major"
    chords_progression: ["Gm", "Gm", "Gm", "Gm", "Gm", "Gm", "Gm", "Gm", "Gm", "Gm", "Gm", "Gm", "Gm", "Gm", "Gm", "Gm", "Gm", "Gm", "Gm", "Gm", "Gm", "Gm", "Gm", "Gm", "Gm", "Gm", "Gm", "Gm", "Gm", "Gm", "Gm", "Gm", "Gm", "Gm", "Gm", "Gm", "Gm", "Gm", "Gm", "Gm", "Gm", "Gm", "Gm", "Gm", "Gm", "A#", "A#", "A#", "A#", "A#", "A#", "A#", "A#", "A#", "A#", "A#", "F#", "F#", "F#", "F#", "F#", "F#", "F#", "Gm", "Gm", "Gm", "Gm", "Gm", "Gm", "Gm", "Gm", "Gm", "Gm", "Gm", "Gm", "Gm", "Gm", "Gm", "Gm", "Gm", "Gm", "Gm", "Gm", "Gm", "Gm", "Gm", "Gm", "Gm", "G", "G", "G", "G", "G", "G", "G", "G", "G", "G", "G", "G", "G", "G", "G", "G", "G", "G", "G", "G", "G", "G", "G", "G", "G", "G", "G", "G", "G", "G", "G", "G", "G", "G", "G", "G", "G", "G", "G", "G", "G", "G", "G", "G", "G", "G", "G", "G", "G", "G", "G", "G", "G", "G", "G", "G", "G", "G", "G", "G", "G", "G", "G", "G", "G", "G", "G", "G", "G", "G", "G", "G", "G", "G", "G", "G", "G", "G", "G", "G", "G", "G", "G", "G", "G", "G", "G", "G", "G", "G", "G", "G", "G", "G", "G", "G", "G", "G", "G", "G", "G", "G", "G", "G", "G", "G", "G", "G", "G", "G", "G", "G", "G", "G", "G", "G", "G", "G", "G", "G", "G", "G", "G", "G", "G", "G", "G", "G"]
