
metadata:
    version:
        essentia: "1.2.2"
    audio_properties:
        analysis_sample_rate: 44100
        bitrate: 128
        channels: 2
        equal_loudness: 1
        length: 10.1355104446
        replay_gain: -14.7522945404
        downmix: "mix"
    tags:
        track: 12
        year: 0
        album: "Splitted by Mp3Splt v. 2.1"
        artist: "From 001.50 To 002.00"
        comment: "http://mp3splt.sf.net"
        genre: ""
        title: "11 Ghetto Afterlife.mp3"

highlevel:
    ballroom:
        all:
            ChaChaCha: 0.342335551977
            Jive: 0.458688527346
            Quickstep: 0.057900454849
            Rumba-American: 0.00369876925834
            Rumba-International: 0.00304539571516
            Rumba-Misc: 0.00157640723046
            Samba: 0.127668201923
            Tango: 0.00168300548103
            VienneseWaltz: 0.0020004408434
            Waltz: 0.00140327459667
        probability: 0.458688527346
        value: "Jive"
    culture:
        all:
            non_western: 0.958862304688
            western: 0.0411376990378
        probability: 0.958862304688
        value: "non_western"
    gender:
        all:
            female: 0.522130489349
            male: 0.477869480848
        probability: 0.522130489349
        value: "female"
    genre_dortmund:
        all:
            alternative: 0.000664971128572
            blues: 0.00955877546221
            electronic: 0.00884026288986
            folkcountry: 0.00436120480299
            funksoulrnb: 0.00703350733966
            jazz: 0.002328021219
            pop: 0.0045553590171
            raphiphop: 0.944552183151
            rock: 0.018105737865
        probability: 0.944552183151
        value: "raphiphop"
    genre_electronica:
        all:
            ambient: 0.46607285738
            dnb: 0.332425415516
            house: 0.0879333764315
            techno: 0.0610616952181
            trance: 0.0525066442788
        probability: 0.46607285738
        value: "ambient"
    genre_rosamerica:
        all:
            cla: 0.0110600301996
            dan: 0.028248373419
            hip: 0.667532920837
            jaz: 0.00588472560048
            pop: 0.198539093137
            rhy: 0.0553187765181
            roc: 0.0144977187738
            spe: 0.0189183354378
        probability: 0.667532920837
        value: "hip"
    genre_tzanetakis:
        all:
            blu: 0.0040189451538
            cla: 0.00421861978248
            cou: 0.00883962400258
            dis: 0.0660308748484
            hip: 0.233201563358
            jaz: 0.00305088143796
            met: 0.00407082540914
            pop: 0.49212372303
            reg: 0.143556982279
            roc: 0.0408879742026
        probability: 0.49212372303
        value: "pop"
    live_studio:
        all:
            live: 0.019440729171
            studio: 0.980559289455
        probability: 0.980559289455
        value: "studio"
    mood:
        all:
            Cluster1: 0.113029450178
            Cluster2: 0.398083359003
            Cluster3: 0.0312140155584
            Cluster4: 0.240648552775
            Cluster5: 0.217024639249
        probability: 0.398083359003
        value: "Cluster2"
    mood_acoustic:
        all:
            acoustic: 0.0208049882203
            not_acoustic: 0.979194998741
        probability: 0.979194998741
        value: "not_acoustic"
    mood_aggressive:
        all:
            aggressive: 0.533415555954
            not_aggressive: 0.466584444046
        probability: 0.533415555954
        value: "aggressive"
    mood_electronic:
        all:
            electronic: 0.755417108536
            not_electronic: 0.244582921267
        probability: 0.755417108536
        value: "electronic"
    mood_happy:
        all:
            happy: 0.839912593365
            not_happy: 0.160087421536
        probability: 0.839912593365
        value: "happy"
    mood_party:
        all:
            not_party: 0.106608778238
            party: 0.893391191959
        probability: 0.893391191959
        value: "party"
    mood_relaxed:
        all:
            not_relaxed: 0.90981733799
            relaxed: 0.0901826918125
        probability: 0.90981733799
        value: "not_relaxed"
    mood_sad:
        all:
            not_sad: 0.978872776031
            sad: 0.0211272463202
        probability: 0.978872776031
        value: "not_sad"
    rhythm:
        all:
            fast: 0.694534063339
            medium: 0.296179175377
            slow: 0.00928678549826
        probability: 0.694534063339
        value: "fast"
    speech_music:
        all:
            music: 0.658613502979
            speech: 0.341386497021
        probability: 0.658613502979
        value: "music"
    timbre:
        all:
            bright: 0.0758256912231
            dark: 0.924174308777
        probability: 0.924174308777
        value: "dark"
    voice_instrumental:
        all:
            instrumental: 0.00174831331242
            voice: 0.998251676559
        probability: 0.998251676559
        value: "voice"

lowlevel:
    average_loudness: 0.970854222775
    barkbands_kurtosis:
        dmean: 2.15065121651
        dmean2: 3.51539778709
        dvar: 16.7661113739
        dvar2: 47.074092865
        max: 41.9575538635
        mean: 1.07178604603
        min: -1.78355872631
        var: 19.3809127808
    barkbands_skewness:
        dmean: 0.722698748112
        dmean2: 1.05320596695
        dvar: 0.57889688015
        dvar2: 1.27700734138
        max: 5.89284086227
        mean: 0.0518018938601
        min: -3.62705850601
        var: 1.66735851765
    barkbands_spread:
        dmean: 6.81332492828
        dmean2: 10.7292366028
        dvar: 52.8048667908
        dvar2: 133.085662842
        max: 68.5295715332
        mean: 21.7058334351
        min: 2.95425724983
        var: 137.759811401
    dissonance:
        dmean: 0.0207713656127
        dmean2: 0.033610612154
        dvar: 0.000421020784415
        dvar2: 0.000952087866608
        max: 0.499348551035
        mean: 0.463851302862
        min: 0.329102098942
        var: 0.000955632422119
    hfc:
        dmean: 5.34951639175
        dmean2: 8.5349111557
        dvar: 109.105628967
        dvar2: 273.309570312
        max: 110.344558716
        mean: 6.73290777206
        min: 0.0021527800709
        var: 112.921508789
    pitch:
        dmean: 693.170227051
        dmean2: 1269.15234375
        dvar: 1169954.375
        dvar2: 2662298.5
        max: 4900
        mean: 1129.52990723
        min: 62.7311515808
        var: 1914799.625
    pitch_instantaneous_confidence:
        dmean: 0.116109915078
        dmean2: 0.192298725247
        dvar: 0.0100754052401
        dvar2: 0.0208261739463
        max: 0.94461107254
        mean: 0.425292104483
        min: 0.132055521011
        var: 0.0244962517172
    pitch_salience:
        dmean: 0.0868841037154
        dmean2: 0.142748221755
        dvar: 0.00651491526514
        dvar2: 0.0147685678676
        max: 0.880308687687
        mean: 0.661092042923
        min: 0.238419264555
        var: 0.0138682816178
    silence_rate_20dB:
        dmean: 0
        dmean2: 0
        dvar: 0
        dvar2: 0
        max: 1
        mean: 1
        min: 1
        var: 0
    silence_rate_30dB:
        dmean: 0
        dmean2: 0
        dvar: 0
        dvar2: 0
        max: 1
        mean: 1
        min: 1
        var: 0
    silence_rate_60dB:
        dmean: 0.2151029706
        dmean2: 0.431192666292
        dvar: 0.168833911419
        dvar2: 0.341596275568
        max: 1
        mean: 0.5
        min: 0
        var: 0.25
    spectral_centroid:
        dmean: 401.09576416
        dmean2: 575.704040527
        dvar: 177148.84375
        dvar2: 380376.59375
        max: 4284.80029297
        mean: 1618.06835938
        min: 158.434417725
        var: 687028.9375
    spectral_complexity:
        dmean: 4.57339429855
        dmean2: 6.59770107269
        dvar: 31.73087883
        dvar2: 63.959941864
        max: 59
        mean: 10.0617847443
        min: 0
        var: 75.9115447998
    spectral_crest:
        dmean: 2.86700153351
        dmean2: 4.63677406311
        dvar: 6.48450994492
        dvar2: 15.5805721283
        max: 24.0820217133
        mean: 8.42735481262
        min: 3.00880074501
        var: 13.3582754135
    spectral_decrease:
        dmean: 5.8386484536e-10
        dmean2: 9.46526856893e-10
        dvar: 9.52102359239e-19
        dvar2: 2.3845822078e-18
        max: -1.8392753954e-13
        mean: -8.98730923016e-10
        min: -1.01782600126e-08
        var: 1.02376277346e-18
    spectral_energy:
        dmean: 0.00266513321549
        dmean2: 0.00431690458208
        dvar: 2.07157117984e-05
        dvar2: 5.16692707606e-05
        max: 0.0484236627817
        mean: 0.00400271173567
        min: 8.89449893293e-07
        var: 2.20424808504e-05
    spectral_energyband_high:
        dmean: 0.000210258906009
        dmean2: 0.000307479436742
        dvar: 3.37933954597e-07
        dvar2: 8.02904423836e-07
        max: 0.00687011377886
        mean: 0.000238266919041
        min: 9.84479768817e-08
        var: 4.34066947719e-07
    spectral_energyband_low:
        dmean: 0.000153054177645
        dmean2: 0.000272523611784
        dvar: 4.13483491002e-07
        dvar2: 1.15168950288e-06
        max: 0.00696614570916
        mean: 0.000200322829187
        min: 7.57444384991e-10
        var: 3.58115784138e-07
    spectral_energyband_middle_high:
        dmean: 0.00181882653851
        dmean2: 0.00297736283392
        dvar: 9.6129706435e-06
        dvar2: 2.40609770117e-05
        max: 0.0263156648725
        mean: 0.00225723534822
        min: 5.50931986254e-07
        var: 9.74347130978e-06
    spectral_energyband_middle_low:
        dmean: 0.000837770639919
        dmean2: 0.00135243462864
        dvar: 3.15497641168e-06
        dvar2: 8.11748304841e-06
        max: 0.0170489624143
        mean: 0.0013068682747
        min: 2.06759565913e-07
        var: 3.24665461449e-06
    spectral_flatness_db:
        dmean: 0.0293477699161
        dmean2: 0.0443879142404
        dvar: 0.000817254418507
        dvar2: 0.00185917399358
        max: 0.318101495504
        mean: 0.172181874514
        min: 0.0755461230874
        var: 0.00196399586275
    spectral_flux:
        dmean: 0.0166216790676
        dmean2: 0.0258026365191
        dvar: 0.000385807303246
        dvar2: 0.000834735808894
        max: 0.20015771687
        mean: 0.0431647785008
        min: 0.00150570552796
        var: 0.000782167364378
    spectral_kurtosis:
        dmean: 2.57799100876
        dmean2: 4.1148557663
        dvar: 6.49845933914
        dvar2: 16.1705513
        max: 22.6283111572
        mean: 6.50885057449
        min: -0.109455347061
        var: 14.8642911911
    spectral_rms:
        dmean: 0.000594145909417
        dmean2: 0.000892866402864
        dvar: 5.08978416747e-07
        dvar2: 1.23054564938e-06
        max: 0.0068733249791
        mean: 0.0017169683706
        min: 2.94576984743e-05
        var: 9.57109477895e-07
    spectral_rolloff:
        dmean: 573.148376465
        dmean2: 865.139648438
        dvar: 445232.5625
        dvar2: 957190.125
        max: 5534.03320312
        mean: 2656.91064453
        min: 150.732421875
        var: 1339089.375
    spectral_skewness:
        dmean: 0.342208623886
        dmean2: 0.517976105213
        dvar: 0.0934571921825
        dvar2: 0.215390190482
        max: 3.88631439209
        mean: 1.88430225849
        min: 0.619488835335
        var: 0.310887128115
    spectral_spread:
        dmean: 966018.875
        dmean2: 1377899.875
        dvar: 946981634048
        dvar2: 1.84462252442e+12
        max: 11673896
        mean: 4406066.5
        min: 1711881.75
        var: 3.0787263529e+12
    spectral_strongpeak:
        dmean: 0.530613183975
        dmean2: 0.896742522717
        dvar: 0.785405755043
        dvar2: 1.98346793652
        max: 6.95532131195
        mean: 0.707822740078
        min: 0.00159488164354
        var: 0.871074736118
    zerocrossingrate:
        dmean: 0.0137390699238
        dmean2: 0.0145496586338
        dvar: 0.00016994640464
        dvar2: 0.000201244081836
        max: 0.19677734375
        mean: 0.0851497724652
        min: 0.02197265625
        var: 0.00115364743397
    barkbands:
        dmean: [3.90768065017e-07, 4.09589229093e-05, 0.000124592857901, 9.3543480034e-05, 0.000204946234589, 0.000186140125152, 0.000211545571801, 0.000178692382178, 0.000241728135734, 0.000124413898448, 0.000127201696159, 0.000139262658195, 0.00013052491704, 0.000162748096045, 0.000285954505671, 0.000234384249779, 0.000278310006252, 0.000310303701553, 0.000300352199702, 0.000239621760556, 0.000102408732346, 3.01934924209e-05, 5.12279075338e-06, 2.12614349948e-06, 1.63587731095e-06, 7.8916791324e-08, 2.61117183431e-10]
        dmean2: [6.09250037087e-07, 6.52183953207e-05, 0.000232603764744, 0.00016846244398, 0.000343440158758, 0.000285203976091, 0.000370250141714, 0.000275106402114, 0.000410686130635, 0.00020504333952, 0.000207614226383, 0.000208969300729, 0.000222164468141, 0.000277552200714, 0.000474768050481, 0.00039515979006, 0.000477161054732, 0.000537766609341, 0.000477534660604, 0.000365843821783, 0.000152263004566, 4.49227154604e-05, 7.32221042199e-06, 3.44570571542e-06, 2.44054604082e-06, 1.19295975765e-07, 4.72010819319e-10]
        dvar: [7.50196942328e-13, 3.1222281649e-08, 3.31877856752e-07, 1.91050489207e-07, 5.73808279114e-07, 1.27861710553e-07, 2.38386476781e-07, 1.45675187468e-07, 6.35751121081e-07, 1.47691011421e-07, 1.23007112052e-07, 1.12309813005e-07, 5.42785976165e-08, 1.02546827918e-07, 3.94645098822e-07, 3.15261729611e-07, 5.00223961808e-07, 1.20627498745e-06, 5.69557982999e-07, 3.27214820572e-07, 9.98966100951e-08, 6.22190965416e-09, 2.02237601665e-10, 3.00257561869e-11, 1.3220904406e-11, 2.93066115267e-14, 9.36129605008e-19]
        dvar2: [1.53598466411e-12, 7.83426017392e-08, 9.67322421275e-07, 5.64779440992e-07, 1.53799464897e-06, 2.90174313022e-07, 6.3978734488e-07, 3.52005315563e-07, 1.62050741892e-06, 4.11517362409e-07, 2.76413686606e-07, 2.5274653126e-07, 1.32069160941e-07, 2.58169393419e-07, 9.76346768766e-07, 7.90426895492e-07, 1.20589720609e-06, 3.36872585649e-06, 1.48567130509e-06, 7.95128357822e-07, 2.4428484835e-07, 1.29521016135e-08, 3.87581883254e-10, 7.95404783704e-11, 2.77132049947e-11, 6.6729804462e-14, 2.68501503346e-18]
        max: [1.04056553027e-05, 0.00240182410926, 0.00629010889679, 0.00551503896713, 0.00861081108451, 0.00316148856655, 0.00386859988794, 0.00499770138413, 0.00673953490332, 0.00512880040333, 0.00595587911084, 0.00463698245585, 0.00121849123389, 0.00196065334603, 0.00537533173338, 0.00392239354551, 0.00480130733922, 0.0108037870377, 0.00647973408923, 0.00536917801946, 0.00389280030504, 0.000848709139973, 0.000146443606354, 5.36097359145e-05, 3.54582080035e-05, 1.72239504082e-06, 1.41462752623e-08]
        mean: [4.63207641133e-07, 4.97569199069e-05, 0.000150126375956, 0.000115513248602, 0.000194571737666, 0.000222980219405, 0.000236857522395, 0.000224622694077, 0.000296738115139, 0.000148657258251, 0.000148815306602, 0.000177461697604, 0.000147533704876, 0.000141178825288, 0.000288785377052, 0.000237854619627, 0.000262212444795, 0.000277727784123, 0.000299976149108, 0.000230857040151, 0.000105701597931, 3.34255819325e-05, 6.35733476884e-06, 2.36681376009e-06, 2.07282005249e-06, 1.0187431343e-07, 2.37761144106e-10]
        min: [1.19619472747e-12, 1.14580525623e-10, 5.90772319953e-10, 7.46186223921e-09, 1.58898423308e-08, 9.23739307268e-09, 1.61994648806e-08, 8.7766984791e-09, 4.42019665314e-09, 2.91160850985e-09, 1.98352334557e-10, 2.40861064427e-09, 8.26299695333e-10, 1.47528425032e-08, 1.51216621447e-08, 2.69111888329e-09, 4.10963849617e-08, 1.2217849843e-08, 3.69973562897e-08, 5.21562668609e-08, 2.66140549599e-08, 3.4457642073e-08, 2.90220819599e-10, 3.21460608133e-10, 1.2666131477e-09, 9.66333194019e-11, 1.88445220257e-13]
        var: [1.37063960442e-12, 3.13746930658e-08, 2.31576180454e-07, 1.3141590216e-07, 4.24942101063e-07, 1.75253433099e-07, 2.17154237703e-07, 1.82644114943e-07, 6.27266615538e-07, 1.18486639167e-07, 1.83871620152e-07, 1.84018162486e-07, 5.59662858279e-08, 8.52609360891e-08, 4.01617086254e-07, 2.77904831592e-07, 4.40925219891e-07, 8.15603129922e-07, 5.30723013981e-07, 3.45882341435e-07, 1.18954204709e-07, 9.02494701194e-09, 3.62836066747e-10, 3.1580026788e-11, 2.15565881118e-11, 5.08861073938e-14, 6.00780813608e-19]
    mfcc:
        mean: [-767.208618164, 112.312843323, -67.0773010254, 31.4575767517, -18.5645122528, -14.0777673721, -9.11686897278, -14.8143081665, -1.88684749603, -6.50780487061, -2.02777647972, -7.93990659714, -3.92730998993]
        cov: [[7651.92822266, 283.571624756, -371.342224121, -572.120483398, -176.868942261, -294.955871582, -23.5455513, 3.76003551483, -194.76260376, -121.659477234, -120.878547668, -24.672088623, 12.5164690018], [283.571624756, 2100.84423828, -217.260238647, -460.494049072, 134.506973267, 127.555778503, 247.05708313, 196.406188965, 97.5971298218, 20.7924423218, 54.0780792236, 80.640838623, -1.13279569149], [-371.342224121, -217.260238647, 930.903503418, 315.410400391, 262.031555176, 199.99180603, 141.365020752, 165.212814331, 66.6103973389, 28.746263504, 49.1400337219, 42.2670326233, 1.81538081169], [-572.120483398, -460.494049072, 315.410400391, 607.343200684, 174.315612793, 92.9700775146, 49.8410453796, 40.5406112671, 41.3178634644, 78.802482605, 14.6410179138, -11.8913726807, 6.57039403915], [-176.868942261, 134.506973267, 262.031555176, 174.315612793, 449.516601562, 154.32522583, 100.199668884, 68.3321533203, 40.3882637024, 68.3580856323, 23.5606517792, 70.4806213379, 28.3017044067], [-294.955871582, 127.555778503, 199.99180603, 92.9700775146, 154.32522583, 434.167602539, 188.020248413, 159.475616455, 113.016181946, 68.6874465942, 80.054977417, 44.623916626, 13.5141277313], [-23.5455513, 247.05708313, 141.365020752, 49.8410453796, 100.199668884, 188.020248413, 289.306915283, 137.614746094, 75.7108154297, 77.8227844238, 60.4830741882, 36.1399726868, 14.6581954956], [3.76003551483, 196.406188965, 165.212814331, 40.5406112671, 68.3321533203, 159.475616455, 137.614746094, 279.096893311, 47.4532737732, 4.52523088455, 9.36481761932, 54.0794029236, -13.5937566757], [-194.76260376, 97.5971298218, 66.6103973389, 41.3178634644, 40.3882637024, 113.016181946, 75.7108154297, 47.4532737732, 160.95475769, 69.9602127075, 52.6634483337, 18.4576091766, 0.116781286895], [-121.659477234, 20.7924423218, 28.746263504, 78.802482605, 68.3580856323, 68.6874465942, 77.8227844238, 4.52523088455, 69.9602127075, 153.870803833, 51.8000030518, 3.47551894188, 18.2871704102], [-120.878547668, 54.0780792236, 49.1400337219, 14.6410179138, 23.5606517792, 80.054977417, 60.4830741882, 9.36481761932, 52.6634483337, 51.8000030518, 106.900985718, 22.4196166992, 6.36326313019], [-24.672088623, 80.640838623, 42.2670326233, -11.8913726807, 70.4806213379, 44.623916626, 36.1399726868, 54.0794029236, 18.4576091766, 3.47551894188, 22.4196166992, 113.678153992, 9.34225177765], [12.5164690018, -1.13279569149, 1.81538081169, 6.57039403915, 28.3017044067, 13.5141277313, 14.6581954956, -13.5937566757, 0.116781286895, 18.2871704102, 6.36326313019, 9.34225177765, 67.5507659912]]
        icov: [[0.000148432372953, 2.04309744731e-05, 1.7914278942e-05, 0.000147344180732, -3.03549040837e-05, 9.36250580708e-05, -9.57380034379e-05, -8.02040303824e-05, 0.000107553096313, -9.17572833714e-06, 7.09994492354e-05, 5.0445090892e-05, -5.47181043657e-05], [2.04309744731e-05, 0.00080781057477, 0.00026485856506, 0.000708247011062, -0.000548180309124, 0.000223611161346, -0.00059345579939, -0.000488602847327, -0.000382020312827, 0.000183680720511, -0.000214792002225, 0.0001710326178, 9.66563457041e-05], [1.7914278942e-05, 0.00026485856506, 0.00173098023515, -0.000427934544859, -0.000826366827823, 1.69582017406e-05, -0.000398537493311, -0.000747339334339, -0.000297269172734, 0.000811534468085, -0.000698850140907, 0.000269898504484, 8.44665191835e-05], [0.000147344180732, 0.000708247011062, -0.000427934544859, 0.00300577725284, -0.000984869082458, 0.000171920662979, -0.000286934198812, -0.000522200076375, -0.000202996205189, -0.000948668806814, 0.000254891288932, 0.000885251967702, 0.000149860235979], [-3.03549040837e-05, -0.000548180309124, -0.000826366827823, -0.000984869082458, 0.00385716557503, -0.000962507387158, 0.000159490635269, 0.000784780771937, 0.000687504769303, -0.00127997901291, 0.0012335232459, -0.00211231643334, -0.000664464198053], [9.36250580708e-05, 0.000223611161346, 1.69582017406e-05, 0.000171920662979, -0.000962507387158, 0.00438778474927, -0.00138652522583, -0.0016186129069, -0.00148344016634, 0.000501473376062, -0.00178640463855, 0.000583698914852, -0.000575825688429], [-9.57380034379e-05, -0.00059345579939, -0.000398537493311, -0.000286934198812, 0.000159490635269, -0.00138652522583, 0.00679003354162, -0.00189940433484, 0.000104312894109, -0.00212713726796, -0.00123985111713, 7.66674347688e-05, -0.000916801742278], [-8.02040303824e-05, -0.000488602847327, -0.000747339334339, -0.000522200076375, 0.000784780771937, -0.0016186129069, -0.00189940433484, 0.00662653660402, -0.000276374135865, 0.000756636378355, 0.00227814819664, -0.00241731898859, 0.00173358956818], [0.000107553096313, -0.000382020312827, -0.000297269172734, -0.000202996205189, 0.000687504769303, -0.00148344016634, 0.000104312894109, -0.000276374135865, 0.00973562058061, -0.00335769238882, -0.00170465826523, -0.000591523712501, 0.00106641917955], [-9.17572833714e-06, 0.000183680720511, 0.000811534468085, -0.000948668806814, -0.00127997901291, 0.000501473376062, -0.00212713726796, 0.000756636378355, -0.00335769238882, 0.0109574003145, -0.00313854264095, 0.001350831124, -0.00172668986488], [7.09994492354e-05, -0.000214792002225, -0.000698850140907, 0.000254891288932, 0.0012335232459, -0.00178640463855, -0.00123985111713, 0.00227814819664, -0.00170465826523, -0.00313854264095, 0.0143164414912, -0.00278532155789, 0.000434509624029], [5.0445090892e-05, 0.0001710326178, 0.000269898504484, 0.000885251967702, -0.00211231643334, 0.000583698914852, 7.66674347688e-05, -0.00241731898859, -0.000591523712501, 0.001350831124, -0.00278532155789, 0.0116156591102, -0.00154344399925], [-5.47181043657e-05, 9.66563457041e-05, 8.44665191835e-05, 0.000149860235979, -0.000664464198053, -0.000575825688429, -0.000916801742278, 0.00173358956818, 0.00106641917955, -0.00172668986488, 0.000434509624029, -0.00154344399925, 0.0163781177253]]
    spectral_contrast:
        mean: [1.23352288384e-08, 3.33127900376e-07, 2.27340748893e-07, -3.34773176291e-07, 2.31317514476e-07, 3.40305689406e-07, -3.28943974637e-06, -1.48520587118e-06, 3.72426740114e-07, 3.76777734346e-06, -6.27580993751e-06, 1.0846135865e-06]
        var: [0.00119912601076, 0.00146379659418, 0.00203459174372, 0.00254213507287, 0.00458809733391, 0.00918519403785, 0.108824595809, 0.128163650632, 0.241624623537, 0.792338311672, 1.2329274416, 4.73153924942]

rhythm:
    beats_loudness:
        dmean: 0.00661582825705
        dmean2: 0.0129324961454
        dvar: 5.41219815204e-05
        dvar2: 0.000184077056474
        max: 0.0235883928835
        mean: 0.00732884043828
        min: 2.11130791286e-05
        var: 3.73426519218e-05
    beats_loudness_bass:
        dmean: 0.143696725368
        dmean2: 0.281335324049
        dvar: 0.0362958610058
        dvar2: 0.140528440475
        max: 0.546348512173
        mean: 0.080265134573
        min: 0.000356360222213
        var: 0.0236499682069
    bpm: 91.3876800537
    bpm_confidence: 0
    first_peak_bpm: 120
    first_peak_spread: 0
    first_peak_weight: 0.647058844566
    onset_rate: 6.11710691452
    second_peak_bpm: 91
    second_peak_spread: 0
    second_peak_weight: 0.29411765933
    beats_position: [0.385132282972, 0.886634767056, 1.38813722134, 1.88963961601, 2.3911421299, 2.89264440536, 3.39414715767, 3.89564967155, 4.39715242386, 4.89865493774, 5.40015745163, 5.90165996552, 6.32030010223, 6.97684669495, 7.63339281082, 8.28993797302, 8.94648361206, 9.60303020477]
    bpm_estimates: [91.3905563354, 91.4032592773, 90.9569396973, 91.5224533081, 91.4747467041, 91.4147491455, 91.4617004395, 91.4770431519]
    bpm_intervals: [0.501502513885, 0.501502454281, 0.501502394676, 0.501502513885, 0.501502275467, 0.501502752304, 0.501502513885, 0.501502752304, 0.501502513885, 0.501502513885, 0.501502513885, 0.418640136719, 0.656546592712, 0.656546115875, 0.656545162201, 0.656545639038, 0.656546592712]
    onset_times: [0.0580498874187, 0.139319732785, 0.417959183455, 0.580498874187, 0.754648506641, 0.859138309956, 0.99845802784, 1.19582772255, 1.42802715302, 1.59056687355, 1.72988665104, 1.764716506, 1.90403628349, 2.08979582787, 2.24072551727, 2.32199549675, 2.41487526894, 2.53097510338, 2.60063481331, 2.90249443054, 3.01859402657, 3.07664394379, 3.15791392326, 3.23918366432, 3.36689352989, 3.5178232193, 3.68036270142, 3.75002264977, 3.87773251534, 4.07510185242, 4.21442174911, 4.37696123123, 4.56272125244, 4.65560102463, 4.76009082794, 4.87619066238, 4.92263031006, 5.00390005112, 5.24770975113, 5.41024923325, 5.65405893326, 6.03718805313, 6.23455762863, 6.32743787766, 6.5596370697, 6.72217702866, 6.94276666641, 6.97759628296, 7.20979595184, 7.33750581741, 7.61614513397, 7.84834480286, 7.97605419159, 8.16181373596, 8.31274414062, 8.48689365387, 8.62621307373, 8.83519268036, 8.99773216248, 9.34603214264, 9.682721138, 10.0310201645]
    rubato_start: [6.97684669495]
    rubato_stop: [9.60303020477]
    perceptual_tempo: "unknown"

sfx:
    inharmonicity:
        dmean: 0.0552336797118
        dmean2: 0.0963908955455
        dvar: 0.0037559857592
        dvar2: 0.0103522576392
        max: 0.422746747732
        mean: 0.0574604272842
        min: 0
        var: 0.00389078096487
    oddtoevenharmonicenergyratio:
        dmean: 3.79860067368
        dmean2: 7.06122875214
        dvar: 122.11290741
        dvar2: 352.956573486
        max: 104.507469177
        mean: 2.65748238564
        min: 0
        var: 69.7236480713
    pitch_after_max_to_before_max_energy_ratio: 2.46787929535
    pitch_centroid: 264.732757568
    pitch_max_to_total: 0.553775727749
    pitch_min_to_total: 0.878718554974
    tristimulus:
        dmean: [0.205733776093, 0.246874332428, 0.12823215127]
        dmean2: [0.357044994831, 0.428038954735, 0.224051043391]
        dvar: [0.0422719120979, 0.0508241131902, 0.0186997540295]
        dvar2: [0.109784923494, 0.130349069834, 0.0537534356117]
        max: [1, 0.977739393711, 0.918262660503]
        mean: [0.29030919075, 0.51292270422, 0.134756550193]
        min: [0.00318703637458, 0, 0]
        var: [0.0568268857896, 0.0720391497016, 0.0226832162589]

tonal:
    chords_changes_rate: 0.154545456171
    chords_number_rate: 0.040909089148
    chords_strength:
        dmean: 0.0130480602384
        dmean2: 0.0167221091688
        dvar: 0.000112219371658
        dvar2: 0.00024514310644
        max: 0.709019839764
        mean: 0.466739296913
        min: 0.229364544153
        var: 0.0191324818879
    key_strength: 0.698595643044
    tuning_diatonic_strength: 0.621791243553
    tuning_equal_tempered_deviation: 0.287156999111
    tuning_frequency: 455.779724121
    tuning_nontempered_energy_ratio: 0.946940481663
    hpcp:
        dmean: [0.217200100422, 0.225091069937, 0.256659597158, 0.19722263515, 0.172941088676, 0.172461673617, 0.178814560175, 0.190443396568, 0.212047159672, 0.175768330693, 0.164460331202, 0.186650857329, 0.194860175252, 0.226780131459, 0.257029861212, 0.233898803592, 0.174643829465, 0.159850969911, 0.130192026496, 0.13919980824, 0.149008408189, 0.161238417029, 0.177553579211, 0.244854837656, 0.219184994698, 0.166534334421, 0.17765083909, 0.167659759521, 0.166938230395, 0.165684059262, 0.170585796237, 0.162385955453, 0.160637751222, 0.170410901308, 0.202210903168, 0.23908944428]
        dmean2: [0.340601414442, 0.383127093315, 0.442355960608, 0.325666159391, 0.301198244095, 0.297520965338, 0.302576631308, 0.339863836765, 0.373044461012, 0.294189274311, 0.289537101984, 0.325770527124, 0.332400351763, 0.385988652706, 0.437208622694, 0.389399200678, 0.289705842733, 0.267427116632, 0.21892003715, 0.242389410734, 0.258502930403, 0.2757358253, 0.305293112993, 0.416831940413, 0.371535778046, 0.293629646301, 0.321466267109, 0.287011831999, 0.285449355841, 0.269672811031, 0.291660159826, 0.28260165453, 0.274046212435, 0.291531264782, 0.340548664331, 0.398100346327]
        dvar: [0.0489890426397, 0.0462635979056, 0.0605824626982, 0.0360855869949, 0.0378173030913, 0.0413743630052, 0.0358614623547, 0.0536871924996, 0.0460496358573, 0.0372410081327, 0.0408395715058, 0.059220161289, 0.058758918196, 0.0608786828816, 0.0668974965811, 0.0541094392538, 0.0481976009905, 0.0364654064178, 0.0226377248764, 0.0324381440878, 0.0299632828683, 0.0433809198439, 0.0499997772276, 0.0649113953114, 0.0474685207009, 0.0367869064212, 0.0523972921073, 0.0437224209309, 0.0373344607651, 0.0315142683685, 0.0401085577905, 0.0361215025187, 0.0317330807447, 0.0404288992286, 0.0507723353803, 0.0617269799113]
        dvar2: [0.115940056741, 0.116253130138, 0.141435906291, 0.103503584862, 0.0971089228988, 0.108261711895, 0.0933632180095, 0.135863944888, 0.12813809514, 0.0986588299274, 0.0985364839435, 0.153231531382, 0.149770155549, 0.14867401123, 0.167028531432, 0.140246629715, 0.105810217559, 0.0873158201575, 0.0548048838973, 0.0910593271255, 0.0747066214681, 0.115848496556, 0.138559922576, 0.189225509763, 0.120112024248, 0.0910770818591, 0.132542803884, 0.106823861599, 0.095923691988, 0.0841075032949, 0.0991287082434, 0.0916198864579, 0.0880582258105, 0.103486396372, 0.118122756481, 0.133731231093]
        max: [1, 1, 1, 1, 1, 1, 1, 1, 1, 1, 1, 1, 1, 1, 1, 1, 1, 1, 0.737949311733, 1, 1, 1, 1, 1, 1, 1, 1, 1, 1, 1, 1, 1, 1, 1, 1, 1]
        mean: [0.322692066431, 0.300167858601, 0.333770543337, 0.255439460278, 0.186126962304, 0.178791716695, 0.225426465273, 0.306610316038, 0.300008296967, 0.230113878846, 0.198823288083, 0.192194700241, 0.190841600299, 0.246250078082, 0.344849765301, 0.317866921425, 0.220325037837, 0.174040228128, 0.142196848989, 0.149536386132, 0.167309269309, 0.171731844544, 0.203910812736, 0.287031829357, 0.271552592516, 0.189504608512, 0.176917612553, 0.172460198402, 0.175526320934, 0.193393141031, 0.197261527181, 0.179543092847, 0.175089582801, 0.196874916553, 0.256925672293, 0.3480027318]
        min: [0.0042037894018, 0.00297028268687, 0.00686047272757, 0.00444836262614, 0.00168825697619, 0.00183050974738, 0, 0, 0.00608827546239, 0.00712348753586, 0.00121815374587, 0.00202318094671, 0.000853219884448, 0, 0, 0.00445564044639, 0.00216070050374, 0.00165122363251, 0.00358412996866, 0, 0.00192076293752, 0.00299647822976, 0, 0, 0, 0, 0, 0, 0, 0, 0, 0.000894829223398, 0.000805078248959, 0.00175445142668, 0.00298189744353, 0.00257421657443]
        var: [0.0882400497794, 0.0673296824098, 0.0867659598589, 0.0491231530905, 0.0391907803714, 0.0410364530981, 0.0490174777806, 0.102624237537, 0.0623761489987, 0.0511307939887, 0.0539933517575, 0.0607209987938, 0.0592141263187, 0.072167031467, 0.10700263828, 0.0860021486878, 0.0708374902606, 0.0446264259517, 0.026051690802, 0.0316987372935, 0.039182972163, 0.0533234626055, 0.0597468726337, 0.0856173709035, 0.074615329504, 0.0438726991415, 0.0511164776981, 0.0465515740216, 0.0388233214617, 0.038617733866, 0.0477039627731, 0.0413402356207, 0.0366144217551, 0.0493379980326, 0.0679950267076, 0.107899792492]
    chords_histogram: [50.4545440674, 2.72727274895, 11.3636360168, 1.81818187237, 5.45454549789, 0, 0, 0, 0, 5.45454549789, 0, 0, 0, 0, 0, 0, 0, 0, 0, 0.909090936184, 0, 13.6363639832, 4.09090900421, 4.09090900421]
    thpcp: [1, 0.92726880312, 0.862544536591, 0.959103226662, 0.734015703201, 0.53484338522, 0.513765275478, 0.64777213335, 0.881057202816, 0.862086057663, 0.661241590977, 0.57132679224, 0.552279293537, 0.548391103745, 0.707609593868, 0.990939795971, 0.913403511047, 0.633112967014, 0.500111699104, 0.408608436584, 0.429698884487, 0.480769991875, 0.493478447199, 0.585946023464, 0.82479763031, 0.780317425728, 0.544549226761, 0.508379936218, 0.495571404696, 0.504382014275, 0.555723071098, 0.566839039326, 0.515924394131, 0.503127038479, 0.565728068352, 0.738286375999]
    chords_key: "A"
    chords_scale: "major"
    key_key: "A"
    key_scale: "major"
    chords_progression: ["A", "A", "A", "A", "A", "A", "A", "A", "A", "A", "A", "A", "A", "A", "A", "A", "A", "A", "A", "A", "A", "A", "A", "A", "A", "A", "A", "A", "A", "A", "A", "F#m", "A", "A", "A", "A", "F#m", "F#m", "F#m", "A", "A", "A", "A", "A", "A", "A", "C#m", "C#m", "C#m", "C#m", "A", "A", "A", "A", "A", "A", "A", "A", "A", "A", "A", "A", "A", "A", "A", "A", "A", "A", "A", "A", "A", "A", "A", "A", "A", "A", "A", "A", "A", "A", "A", "A", "A", "A", "A", "A", "A", "A", "A", "A", "A", "A", "A", "A", "A", "A", "A", "A", "A", "A", "A", "A", "A", "A", "A", "A", "A", "A", "A", "A", "A", "A", "A", "A", "A", "A", "A", "C#m", "A", "A", "C#m", "E", "E", "E", "E", "E", "E", "E", "E", "E", "E", "E", "E", "E", "E", "E", "E", "Bm", "Bm", "Bm", "Bm", "Bm", "E", "Bm", "B", "B", "B", "Em", "B", "Em", "E", "E", "E", "B", "B", "B", "B", "B", "B", "B", "Bm", "Bm", "Bm", "Bm", "Bm", "Bm", "B", "Bm", "Bm", "Bm", "Bm", "Bm", "Bm", "Bm", "Bm", "Bm", "Bm", "Bm", "Bm", "Bm", "Bm", "Bm", "Bm", "E", "Bm", "G#m", "G#m", "Bm", "G#m", "D", "D", "G#m", "D", "F#m", "F#m", "F#m", "F#m", "F#m", "D", "D", "D", "D", "D", "D", "E", "E", "E", "E", "Fm", "Fm", "Fm", "Fm", "Fm", "Fm", "Fm", "Fm", "Fm", "Fm", "Fm", "Fm"]
