
metadata:
    version:
        essentia: "1.2.2"
    audio_properties:
        analysis_sample_rate: 44100
        bitrate: 128
        channels: 2
        equal_loudness: 1
        length: 10.0310201645
        replay_gain: -8.71964073181
        downmix: "mix"
    tags:
        track: 11
        year: 0
        album: "Splitted by Mp3Splt v. 2.1"
        artist: "From 001.40 To 001.50"
        comment: "http://mp3splt.sf.net"
        genre: ""
        title: "02 Heartbreak Hotel.mp3"

highlevel:
    ballroom:
        all:
            ChaChaCha: 0.152284353971
            Jive: 0.0316227152944
            Quickstep: 0.018913352862
            Rumba-American: 0.0249012485147
            Rumba-International: 0.443319112062
            Rumba-Misc: 0.222778648138
            Samba: 0.0867069959641
            Tango: 0.0033525924664
            VienneseWaltz: 0.0112694585696
            Waltz: 0.00485151959583
        probability: 0.443319112062
        value: "Rumba-International"
    culture:
        all:
            non_western: 0.764846742153
            western: 0.235153257847
        probability: 0.764846742153
        value: "non_western"
    gender:
        all:
            female: 0.510411262512
            male: 0.48958876729
        probability: 0.510411262512
        value: "female"
    genre_dortmund:
        all:
            alternative: 0.0121683608741
            blues: 0.0166229549795
            electronic: 0.0254197139293
            folkcountry: 0.0497120246291
            funksoulrnb: 0.18856562674
            jazz: 0.0499486662447
            pop: 0.153804719448
            raphiphop: 0.426022320986
            rock: 0.0777356028557
        probability: 0.426022320986
        value: "raphiphop"
    genre_electronica:
        all:
            ambient: 0.205357670784
            dnb: 0.0423957593739
            house: 0.643345892429
            techno: 0.0234159510583
            trance: 0.0854847282171
        probability: 0.643345892429
        value: "house"
    genre_rosamerica:
        all:
            cla: 0.000166245255969
            dan: 0.000493636820465
            hip: 0.00101318617817
            jaz: 0.000653241528198
            pop: 0.0143141346052
            rhy: 0.98260384798
            roc: 0.000237247339101
            spe: 0.0005184324109
        probability: 0.98260384798
        value: "rhy"
    genre_tzanetakis:
        all:
            blu: 0.00100125023164
            cla: 0.000609852839261
            cou: 0.00450203474611
            dis: 0.00436449795961
            hip: 0.0278168618679
            jaz: 0.000403207872296
            met: 0.000987604726106
            pop: 0.867301106453
            reg: 0.0780377835035
            roc: 0.0149758327752
        probability: 0.867301106453
        value: "pop"
    live_studio:
        all:
            live: 0.130877301097
            studio: 0.869122684002
        probability: 0.869122684002
        value: "studio"
    mood:
        all:
            Cluster1: 0.0262327566743
            Cluster2: 0.289723843336
            Cluster3: 0.617643713951
            Cluster4: 0.0555185899138
            Cluster5: 0.0108810765669
        probability: 0.617643713951
        value: "Cluster3"
    mood_acoustic:
        all:
            acoustic: 0.297368407249
            not_acoustic: 0.702631592751
        probability: 0.702631592751
        value: "not_acoustic"
    mood_aggressive:
        all:
            aggressive: 3.30144757754e-06
            not_aggressive: 0.999996721745
        probability: 0.999996721745
        value: "not_aggressive"
    mood_electronic:
        all:
            electronic: 0.476950705051
            not_electronic: 0.523049294949
        probability: 0.523049294949
        value: "not_electronic"
    mood_happy:
        all:
            happy: 0.172232270241
            not_happy: 0.827767729759
        probability: 0.827767729759
        value: "not_happy"
    mood_party:
        all:
            not_party: 0.707634150982
            party: 0.292365819216
        probability: 0.707634150982
        value: "not_party"
    mood_relaxed:
        all:
            not_relaxed: 0.290576457977
            relaxed: 0.709423542023
        probability: 0.709423542023
        value: "relaxed"
    mood_sad:
        all:
            not_sad: 0.258340477943
            sad: 0.741659522057
        probability: 0.741659522057
        value: "sad"
    rhythm:
        all:
            fast: 0.303498953581
            medium: 0.494730114937
            slow: 0.201770946383
        probability: 0.494730114937
        value: "medium"
    speech_music:
        all:
            music: 0.999777793884
            speech: 0.000222201138968
        probability: 0.999777793884
        value: "music"
    timbre:
        all:
            bright: 0.75303965807
            dark: 0.246960371733
        probability: 0.75303965807
        value: "bright"
    voice_instrumental:
        all:
            instrumental: 0.00491492869332
            voice: 0.995085060596
        probability: 0.995085060596
        value: "voice"

lowlevel:
    average_loudness: 0.934945166111
    barkbands_kurtosis:
        dmean: 6.51347541809
        dmean2: 9.67467308044
        dvar: 209.805450439
        dvar2: 458.98449707
        max: 222.249328613
        mean: 10.9291009903
        min: -1.93231844902
        var: 471.998321533
    barkbands_skewness:
        dmean: 0.770078361034
        dmean2: 1.03300309181
        dvar: 0.961938560009
        dvar2: 1.76528799534
        max: 12.7514019012
        mean: 2.1951611042
        min: -4.63406276703
        var: 4.43635654449
    barkbands_spread:
        dmean: 6.513859272
        dmean2: 8.90744686127
        dvar: 79.1382751465
        dvar2: 160.623504639
        max: 79.841545105
        mean: 21.2049217224
        min: 0.670740604401
        var: 268.140563965
    dissonance:
        dmean: 0.0333733558655
        dmean2: 0.0528084374964
        dvar: 0.00121623545419
        dvar2: 0.00304552284069
        max: 0.499059587717
        mean: 0.404331952333
        min: 0.135319843888
        var: 0.00415427051485
    hfc:
        dmean: 2.54308772087
        dmean2: 4.05435228348
        dvar: 77.4696655273
        dvar2: 212.722763062
        max: 81.2905883789
        mean: 4.14685487747
        min: 0.0351905301213
        var: 69.2747268677
    pitch:
        dmean: 317.333740234
        dmean2: 618.748596191
        dvar: 1028149.875
        dvar2: 2456728.75
        max: 4900
        mean: 607.850524902
        min: 92.2594146729
        var: 1364092.875
    pitch_instantaneous_confidence:
        dmean: 0.0866396576166
        dmean2: 0.131461217999
        dvar: 0.00836700480431
        dvar2: 0.0192852690816
        max: 0.942195892334
        mean: 0.636818349361
        min: 0.174777269363
        var: 0.0392784327269
    pitch_salience:
        dmean: 0.062148436904
        dmean2: 0.0941904112697
        dvar: 0.00390543742105
        dvar2: 0.00920118857175
        max: 0.857685863972
        mean: 0.503468036652
        min: 0.121575430036
        var: 0.0133889913559
    silence_rate_20dB:
        dmean: 0
        dmean2: 0
        dvar: 0
        dvar2: 0
        max: 1
        mean: 1
        min: 1
        var: 0
    silence_rate_30dB:
        dmean: 0
        dmean2: 0
        dvar: 0
        dvar2: 0
        max: 1
        mean: 1
        min: 1
        var: 0
    silence_rate_60dB:
        dmean: 0.087962962687
        dmean2: 0.176334112883
        dvar: 0.0802255496383
        dvar2: 0.149880751967
        max: 1
        mean: 0.561200916767
        min: 0
        var: 0.246254131198
    spectral_centroid:
        dmean: 251.205062866
        dmean2: 336.555999756
        dvar: 178721.203125
        dvar2: 352190.84375
        max: 4237.453125
        mean: 898.798339844
        min: 139.698471069
        var: 497404.625
    spectral_complexity:
        dmean: 1.90023207664
        dmean2: 2.92325592041
        dvar: 20.8786697388
        dvar2: 47.4289703369
        max: 51
        mean: 6.1226849556
        min: 0
        var: 30.5520057678
    spectral_crest:
        dmean: 2.49575257301
        dmean2: 3.80814766884
        dvar: 5.52665996552
        dvar2: 12.3173570633
        max: 25.2900829315
        mean: 12.6286125183
        min: 2.97181963921
        var: 25.3750476837
    spectral_decrease:
        dmean: 4.00492194963e-10
        dmean2: 6.76755984585e-10
        dvar: 1.37450255263e-18
        dvar2: 3.84655693886e-18
        max: -2.3157481141e-11
        mean: -9.01975660828e-10
        min: -1.17849232595e-08
        var: 1.21993020669e-18
    spectral_energy:
        dmean: 0.00172154209577
        dmean2: 0.00288125500083
        dvar: 2.56264829659e-05
        dvar2: 7.17996590538e-05
        max: 0.0514899492264
        mean: 0.0037803966552
        min: 9.09915979719e-05
        var: 2.27041673497e-05
    spectral_energyband_high:
        dmean: 0.000202367635211
        dmean2: 0.000327189016389
        dvar: 5.80065830036e-07
        dvar2: 1.54805479724e-06
        max: 0.00701580243185
        mean: 0.000200359805604
        min: 2.20496673364e-07
        var: 4.51108491006e-07
    spectral_energyband_low:
        dmean: 0.000316370103974
        dmean2: 0.000553523772396
        dvar: 1.79598998784e-06
        dvar2: 4.84601468997e-06
        max: 0.0116269858554
        mean: 0.000399752112571
        min: 1.08093928475e-07
        var: 1.5073387658e-06
    spectral_energyband_middle_high:
        dmean: 0.000578180537559
        dmean2: 0.000930338050239
        dvar: 4.16740977016e-06
        dvar2: 1.17839435916e-05
        max: 0.0202014353126
        mean: 0.0010031593265
        min: 4.36994753272e-07
        var: 4.4520161282e-06
    spectral_energyband_middle_low:
        dmean: 0.000895861827303
        dmean2: 0.00152798683848
        dvar: 6.08023810855e-06
        dvar2: 1.74363285623e-05
        max: 0.0258749090135
        mean: 0.00217708246782
        min: 2.24325449381e-05
        var: 5.11815096615e-06
    spectral_flatness_db:
        dmean: 0.0274839773774
        dmean2: 0.0379195101559
        dvar: 0.000703455822077
        dvar2: 0.00136798014864
        max: 0.453998327255
        mean: 0.218537539244
        min: 0.0782167389989
        var: 0.0040466520004
    spectral_flux:
        dmean: 0.0131311528385
        dmean2: 0.0205403417349
        dvar: 0.000386818137486
        dvar2: 0.000710560765583
        max: 0.188703790307
        mean: 0.0308838617057
        min: 0.00214615184814
        var: 0.000814343162347
    spectral_kurtosis:
        dmean: 1.83021092415
        dmean2: 2.57031488419
        dvar: 4.04402685165
        dvar2: 8.08802223206
        max: 25.2673435211
        mean: 5.27917766571
        min: -0.880968093872
        var: 20.0749511719
    spectral_rms:
        dmean: 0.000331480259774
        dmean2: 0.000508526980411
        dvar: 3.95310905787e-07
        dvar2: 1.02689489268e-06
        max: 0.00708760134876
        mean: 0.00170945655555
        min: 0.000297946797218
        var: 7.65952393067e-07
    spectral_rolloff:
        dmean: 550.520019531
        dmean2: 923.072875977
        dvar: 1044099
        dvar2: 2088244.125
        max: 6847.55859375
        mean: 1625.30773926
        min: 172.265625
        var: 2458407.5
    spectral_skewness:
        dmean: 0.316710978746
        dmean2: 0.418931245804
        dvar: 0.111818365753
        dvar2: 0.21251784265
        max: 4.59871673584
        mean: 1.94100058079
        min: 0.159584805369
        var: 0.632706582546
    spectral_spread:
        dmean: 1358190.75
        dmean2: 2065318.75
        dvar: 3.6447018025e+12
        dvar2: 8.45846623027e+12
        max: 21986290
        mean: 6887008.5
        min: 2466390
        var: 6.80164222566e+12
    spectral_strongpeak:
        dmean: 0.248197466135
        dmean2: 0.420863837004
        dvar: 0.368477225304
        dvar2: 0.917404770851
        max: 6.97039985657
        mean: 0.484992802143
        min: 0.00921146478504
        var: 0.455470770597
    zerocrossingrate:
        dmean: 0.0123044606298
        dmean2: 0.0137911066413
        dvar: 0.000219205176109
        dvar2: 0.000234766543144
        max: 0.18408203125
        mean: 0.0567367002368
        min: 0.01025390625
        var: 0.00132265361026
    barkbands:
        dmean: [4.95504821174e-07, 0.000109692104161, 0.000263472727966, 0.000262641988229, 0.00039690718404, 0.000166453333804, 8.66836344358e-05, 0.000100060875411, 0.000153172994033, 8.58547136886e-05, 2.48192609433e-05, 8.81573796505e-05, 6.56020783936e-05, 3.97081857955e-05, 4.84611955471e-05, 4.49481412943e-05, 6.02977852395e-05, 8.9638386271e-05, 0.000136899659992, 0.000137642811751, 0.000103886683064, 3.48630637745e-05, 9.06451532501e-06, 4.41012616648e-06, 4.39892892246e-06, 5.24465121998e-07, 3.21608117915e-09]
        dmean2: [6.56511929265e-07, 0.000181016919669, 0.000486782053486, 0.000485312222736, 0.000650023575872, 0.00022620173695, 0.000123549238197, 0.000162809708854, 0.000242481270107, 0.000145229059854, 3.94469207095e-05, 0.00014044510317, 0.000104721286334, 6.06724534009e-05, 8.70095027494e-05, 7.05628699507e-05, 9.53841590672e-05, 0.000134956295369, 0.000231392754358, 0.000205525808269, 0.000170664963662, 5.58836109121e-05, 1.37859187817e-05, 6.65902234687e-06, 6.26601422482e-06, 8.06342882242e-07, 5.35401678547e-09]
        dvar: [2.73475339596e-12, 1.93067563714e-07, 1.47797675254e-06, 1.74624722149e-06, 5.87327463109e-07, 1.24465785234e-07, 5.49971090891e-08, 1.19244106145e-07, 1.81189506065e-07, 1.79126374178e-07, 4.49457182583e-09, 7.29728668603e-08, 6.30120382539e-08, 2.33199752842e-08, 6.8367526751e-08, 2.70410769332e-08, 3.64790047058e-08, 7.16717778459e-08, 3.26140281004e-07, 1.85953609844e-07, 1.8411166991e-07, 2.06859755991e-08, 5.01235053463e-10, 1.22390542145e-10, 1.18152335138e-10, 2.05580734727e-12, 3.01611723469e-17]
        dvar2: [4.13701841881e-12, 4.86894577989e-07, 4.30604131907e-06, 5.1538563639e-06, 1.55943598656e-06, 1.65478695635e-07, 1.14724194589e-07, 3.22991894564e-07, 4.90420291044e-07, 4.94978905863e-07, 1.11964109095e-08, 2.00139240292e-07, 1.55429887627e-07, 4.53412702939e-08, 1.97690539494e-07, 6.89762416073e-08, 9.39360447205e-08, 1.78546073926e-07, 9.19971000712e-07, 4.33250306742e-07, 5.07648792336e-07, 5.57481172336e-08, 1.20755272448e-09, 2.99583219343e-10, 2.62223825986e-10, 4.99665933629e-12, 8.23600376339e-17]
        max: [2.13123475987e-05, 0.00522785168141, 0.0100843124092, 0.0148802977055, 0.00835945829749, 0.00517031084746, 0.00401288550347, 0.00438953051344, 0.00393943395466, 0.00526793254539, 0.000822966569103, 0.00284818280488, 0.00332475965843, 0.00269311456941, 0.00337484525517, 0.00250493758358, 0.00212033977732, 0.00293422979303, 0.00717456964776, 0.00714688515291, 0.00438660057262, 0.0014185293112, 0.000183581854799, 9.71005792962e-05, 0.000119241987704, 1.38888008223e-05, 3.04141707375e-08]
        mean: [1.29078478039e-06, 0.000145282247104, 0.000253225909546, 0.000268735864665, 0.000903269683477, 0.000453484681202, 0.000137571521918, 0.000126930026454, 0.000267850613454, 9.56368530751e-05, 4.59418879473e-05, 0.000138269213494, 8.04434457677e-05, 5.77162463742e-05, 3.71236092178e-05, 5.38086715096e-05, 7.73898282205e-05, 0.000111133704195, 0.000186657998711, 0.00019162496028, 9.58030723268e-05, 3.10057403112e-05, 9.0421317509e-06, 4.8711499403e-06, 5.81478161621e-06, 4.7110515311e-07, 3.22032800426e-09]
        min: [4.63715047264e-12, 2.34649655262e-09, 1.02177892813e-07, 2.99137298043e-07, 2.78148104371e-06, 5.76976731281e-07, 2.75911222758e-08, 1.32475310721e-08, 1.97190331619e-07, 9.86113413148e-09, 2.13348116951e-09, 2.10211759111e-09, 1.91290761009e-09, 1.04982404991e-08, 2.4745293814e-08, 2.25821068511e-08, 1.89162303599e-08, 2.57264254344e-08, 6.55338823208e-08, 7.43657722069e-08, 9.2894464343e-10, 9.60363566449e-10, 3.97303168143e-09, 5.35044497596e-09, 2.0383101873e-09, 1.45046238909e-10, 1.11454790709e-12]
        var: [1.59302883385e-11, 1.9409883123e-07, 9.27558744479e-07, 9.63991283243e-07, 9.9094847883e-07, 7.75607361447e-07, 1.27973748931e-07, 1.27773631675e-07, 3.44834262478e-07, 1.61302736501e-07, 1.31022170891e-08, 1.2042033859e-07, 8.44388665655e-08, 6.76570337532e-08, 3.98047497185e-08, 3.81735816291e-08, 4.82433577531e-08, 9.56860759516e-08, 3.25876925444e-07, 2.93372664828e-07, 1.30421085487e-07, 1.52920005547e-08, 5.15959830416e-10, 1.29269220328e-10, 1.59461957527e-10, 2.02383509257e-12, 3.14699176597e-17]
    mfcc:
        mean: [-797.119628906, 113.307876587, -2.29509806633, 42.557926178, -3.20666766167, -20.8096160889, 5.67555761337, -12.9821996689, -14.1289834976, -14.9435997009, -14.7947282791, -14.4564476013, -8.25598621368]
        cov: [[6307.54833984, -1134.83947754, -1212.30541992, -117.854606628, -368.965240479, 426.838470459, 133.589004517, 409.426330566, 128.797866821, 342.156829834, 566.058776855, 196.239486694, 343.34753418], [-1134.83947754, 2062.78051758, -72.5301818848, -498.339477539, 103.191299438, -362.637268066, 278.43258667, 188.716247559, -103.395355225, 70.4061889648, 165.599349976, -30.1933670044, 125.545761108], [-1212.30541992, -72.5301818848, 845.69720459, 105.738296509, -18.9168224335, 177.193984985, 24.0192527771, -32.6652259827, 170.566253662, -62.3752441406, -62.3012657166, 125.883735657, -68.5838851929], [-117.854606628, -498.339477539, 105.738296509, 742.810974121, 177.926437378, 157.675949097, -134.814666748, -43.7064819336, 86.5109176636, 9.16785621643, -49.2596435547, 51.675327301, -15.2650146484], [-368.965240479, 103.191299438, -18.9168224335, 177.926437378, 535.812438965, -128.428070068, -96.4006576538, 14.8841314316, -3.86896300316, 52.3170967102, 11.8892745972, -42.8580703735, 35.4358177185], [426.838470459, -362.637268066, 177.193984985, 157.675949097, -128.428070068, 596.243713379, 115.610191345, 24.957201004, 112.420249939, 43.2183303833, 97.3616333008, 118.882537842, -6.72668027878], [133.589004517, 278.43258667, 24.0192527771, -134.814666748, -96.4006576538, 115.610191345, 395.86114502, 185.832565308, 7.28570795059, 40.9717178345, 130.224914551, 15.4855604172, 124.26461792], [409.426330566, 188.716247559, -32.6652259827, -43.7064819336, 14.8841314316, 24.957201004, 185.832565308, 399.701965332, 50.9011192322, 78.4466171265, 130.92175293, -1.51244938374, 193.86555481], [128.797866821, -103.395355225, 170.566253662, 86.5109176636, -3.86896300316, 112.420249939, 7.28570795059, 50.9011192322, 190.421035767, 19.9788856506, 16.2794933319, 79.3396224976, 26.6638126373], [342.156829834, 70.4061889648, -62.3752441406, 9.16785621643, 52.3170967102, 43.2183303833, 40.9717178345, 78.4466171265, 19.9788856506, 162.196746826, 108.920120239, 21.4712409973, 58.7522506714], [566.058776855, 165.599349976, -62.3012657166, -49.2596435547, 11.8892745972, 97.3616333008, 130.224914551, 130.92175293, 16.2794933319, 108.920120239, 245.401321411, 62.1348571777, 81.6629104614], [196.239486694, -30.1933670044, 125.883735657, 51.675327301, -42.8580703735, 118.882537842, 15.4855604172, -1.51244938374, 79.3396224976, 21.4712409973, 62.1348571777, 185.710083008, 10.2031316757], [343.34753418, 125.545761108, -68.5838851929, -15.2650146484, 35.4358177185, -6.72668027878, 124.26461792, 193.86555481, 26.6638126373, 58.7522506714, 81.6629104614, 10.2031316757, 189.480575562]]
        icov: [[0.000664936320391, 0.000512612052262, 0.00107314065099, 0.000306898902636, 0.000344763393514, -7.6937758422e-05, 0.000217737528146, -0.000185588316526, -0.000753396248911, -0.00020325872174, -0.0011022266699, -0.000582666951232, -0.000476046465337], [0.000512612052262, 0.00117322918959, 0.000713504094165, 0.000599912775215, 2.44337243203e-05, 0.000467694393592, -0.000339778256603, -0.000219562934944, -0.00037873222027, -0.000285622809315, -0.00115071784239, -0.000674271490425, -0.000266027753241], [0.00107314065099, 0.000713504094165, 0.00355504918844, 0.000462795229396, 0.000279332161881, -0.000397659576265, -0.000151598986122, -0.000578592706006, -0.00254717282951, 0.000201419010409, -0.000999198062345, -0.00185003085062, 0.000358017539838], [0.000306898902636, 0.000599912775215, 0.000462795229396, 0.00218923180364, -0.000663033802994, -0.000537321320735, 0.000466373894596, -0.000115618415293, -0.000596938829403, -0.000192106992472, -3.28440219164e-05, -0.000682940357365, -0.000497863569763], [0.000344763393514, 2.44337243203e-05, 0.000279332161881, -0.000663033802994, 0.00281821028329, 0.000477121182485, 0.000887514615897, 0.000144496312714, -0.000391749694245, -0.00078097532969, -0.00117824994959, 0.000617126643192, -0.0010613653576], [-7.6937758422e-05, 0.000467694393592, -0.000397659576265, -0.000537321320735, 0.000477121182485, 0.00304291141219, -0.00121269829106, 0.000106653395051, -0.000636030046735, -0.000456229667179, -0.00093704322353, -0.000577091239393, 0.0010131803574], [0.000217737528146, -0.000339778256603, -0.000151598986122, 0.000466373894596, 0.000887514615897, -0.00121269829106, 0.00501632364467, -0.000716068956535, 0.000475708657177, 0.00062675535446, -0.0017034165794, 0.000677164527588, -0.00251650274731], [-0.000185588316526, -0.000219562934944, -0.000578592706006, -0.000115618415293, 0.000144496312714, 0.000106653395051, -0.000716068956535, 0.00588357774541, -0.000979642965831, -7.9512137745e-05, -0.00116385647561, 0.0017350075068, -0.00473964447156], [-0.000753396248911, -0.00037873222027, -0.00254717282951, -0.000596938829403, -0.000391749694245, -0.000636030046735, 0.000475708657177, -0.000979642965831, 0.00939236022532, -0.000656132702716, 0.00203791516833, -0.00169379881117, -0.0005182606983], [-0.00020325872174, -0.000285622809315, 0.000201419010409, -0.000192106992472, -0.00078097532969, -0.000456229667179, 0.00062675535446, -7.9512137745e-05, -0.000656132702716, 0.00979119446129, -0.00347775220871, 0.00051414326299, -0.00105729466304], [-0.0011022266699, -0.00115071784239, -0.000999198062345, -3.28440219164e-05, -0.00117824994959, -0.00093704322353, -0.0017034165794, -0.00116385647561, 0.00203791516833, -0.00347775220871, 0.0105818258598, -0.00195183348842, 0.00122650456615], [-0.000582666951232, -0.000674271490425, -0.00185003085062, -0.000682940357365, 0.000617126643192, -0.000577091239393, 0.000677164527588, 0.0017350075068, -0.00169379881117, 0.00051414326299, -0.00195183348842, 0.00918490905315, -0.0011516782688], [-0.000476046465337, -0.000266027753241, 0.000358017539838, -0.000497863569763, -0.0010613653576, 0.0010131803574, -0.00251650274731, -0.00473964447156, -0.0005182606983, -0.00105729466304, 0.00122650456615, -0.0011516782688, 0.0130742806941]]
    spectral_contrast:
        mean: [6.58820169974e-07, 7.82569657076e-07, -1.69086789015e-07, -2.74153762803e-07, -3.47607539197e-07, -1.91093594282e-08, -2.86952558781e-06, -1.63326387792e-06, -4.44706529379e-07, 3.17325748256e-06, 2.76609694083e-06, -6.63170681037e-07]
        var: [0.00146399147343, 0.00215224642307, 0.00298420945182, 0.00391767639667, 0.005752525758, 0.0189410820603, 0.140375316143, 0.201684460044, 0.304457128048, 0.668833673, 1.37469637394, 3.98013114929]

rhythm:
    beats_loudness:
        dmean: 0.00382393412292
        dmean2: 0.0066785030067
        dvar: 4.97863720739e-06
        dvar2: 1.53455875989e-05
        max: 0.0115831149742
        mean: 0.0044882115908
        min: 0.000399842741899
        var: 1.0488013686e-05
    beats_loudness_bass:
        dmean: 0.221258506179
        dmean2: 0.364474743605
        dvar: 0.0577389113605
        dvar2: 0.132811680436
        max: 0.847378730774
        mean: 0.197873532772
        min: 0.00349406898022
        var: 0.0586827844381
    bpm: 134.397003174
    bpm_confidence: 0
    first_peak_bpm: 134
    first_peak_spread: 0.0476189851761
    first_peak_weight: 0.952381014824
    onset_rate: 5.18391942978
    second_peak_bpm: 0
    second_peak_spread: 0
    second_peak_weight: 0
    beats_position: [0.24525757134, 0.69347679615, 1.14169609547, 1.58991527557, 2.03813457489, 2.48635387421, 2.9345729351, 3.38279223442, 3.83101153374, 4.27923059464, 4.72744989395, 5.17566919327, 5.62388849258, 6.08390426636, 6.52877616882, 6.97364759445, 7.41851902008, 7.86338996887, 8.30826187134, 8.7531337738, 9.1980047226, 9.64287567139]
    bpm_estimates: [133.745330811, 133.830596924, 133.764282227, 133.771347046, 133.886444092, 133.949203491, 133.940155029, 134.017684937, 135.044677734, 134.723449707, 134.894393921, 134.149810791, 134.588790894, 135.453979492, 134.91015625, 135.437103271, 134.641662598]
    bpm_intervals: [0.448219239712, 0.448219299316, 0.448219180107, 0.448219299316, 0.448219299316, 0.448219060898, 0.448219299316, 0.448219299316, 0.448219060898, 0.448219299316, 0.448219299316, 0.448219299316, 0.460015773773, 0.444871902466, 0.444871425629, 0.444871425629, 0.444870948792, 0.444871902466, 0.444871902466, 0.444870948792, 0.444870948792]
    onset_times: [0.0464399084449, 0.243809521198, 0.371519267559, 0.476009070873, 0.696598649025, 0.917188227177, 1.14938771725, 1.28870749474, 1.5673469305, 1.60217690468, 1.90403628349, 2.0549659729, 2.26394557953, 2.60063481331, 2.89088439941, 2.96054410934, 3.19274377823, 3.52943301201, 3.62231302261, 3.83129262924, 4.1679816246, 4.29569149017, 4.48145103455, 4.73687076569, 4.96907043457, 5.13160991669, 5.18966007233, 5.35219955444, 5.44507932663, 5.47990942001, 5.64244890213, 5.85142850876, 6.32743787766, 6.53641700745, 6.81505680084, 6.84988641739, 7.20979595184, 7.39555549622, 7.67419481277, 7.7670750618, 7.8831744194, 8.03410434723, 8.11537456512, 8.2198638916, 8.31274414062, 8.54494285583, 8.77714252472, 9.0093421936, 9.2067117691, 9.45052146912, 9.65950107574, 9.8800907135]
    rubato_start: []
    rubato_stop: []
    perceptual_tempo: "unknown"

sfx:
    inharmonicity:
        dmean: 0.0234838780016
        dmean2: 0.0414662398398
        dvar: 0.00203003874049
        dvar2: 0.00558434100822
        max: 0.321234196424
        mean: 0.023422555998
        min: 2.90336561193e-06
        var: 0.00205266824923
    oddtoevenharmonicenergyratio:
        dmean: 17.6591339111
        dmean2: 35.0683479309
        dvar: 51436.1210938
        dvar2: 154361.625
        max: 3336.84887695
        mean: 9.54199790955
        min: 1.44882124005e-05
        var: 25742.5976562
    pitch_after_max_to_before_max_energy_ratio: 30.5712985992
    pitch_centroid: 194.081207275
    pitch_max_to_total: 0.0208333339542
    pitch_min_to_total: 0.881944417953
    tristimulus:
        dmean: [0.169051736593, 0.169027283788, 0.0618672035635]
        dmean2: [0.290010631084, 0.296240419149, 0.101445890963]
        dvar: [0.0444264151156, 0.0419787578285, 0.00985174439847]
        dvar2: [0.102733500302, 0.103149689734, 0.025152457878]
        max: [0.995367228985, 0.987985610962, 0.865484714508]
        mean: [0.525266170502, 0.381319046021, 0.0835175141692]
        min: [0.000403852260206, 0, 0]
        var: [0.0777631178498, 0.0644792020321, 0.0155931701884]

tonal:
    chords_changes_rate: 0.0599078349769
    chords_number_rate: 0.0184331797063
    chords_strength:
        dmean: 0.0127847036347
        dmean2: 0.0112984990701
        dvar: 0.000103832178866
        dvar2: 0.000144129313412
        max: 0.696353197098
        mean: 0.470574080944
        min: 0.347213894129
        var: 0.00659472448751
    key_strength: 0.70319455862
    tuning_diatonic_strength: 0.460235774517
    tuning_equal_tempered_deviation: 0.096767321229
    tuning_frequency: 438.224517822
    tuning_nontempered_energy_ratio: 0.684489905834
    hpcp:
        dmean: [0.0951725393534, 0.0959018841386, 0.0959985777736, 0.113509684801, 0.130502820015, 0.119717359543, 0.117973938584, 0.101682007313, 0.0910012349486, 0.0821765437722, 0.0992403551936, 0.114675790071, 0.141985431314, 0.14411829412, 0.116235017776, 0.10109487921, 0.123420998454, 0.181973427534, 0.176597297192, 0.143635690212, 0.0815631374717, 0.0564694628119, 0.0513152144849, 0.0426441468298, 0.0608882680535, 0.0750947296619, 0.0795716270804, 0.105153523386, 0.0791762843728, 0.0515498407185, 0.0618436038494, 0.0881527066231, 0.115817561746, 0.14203992486, 0.123635701835, 0.104358375072]
        dmean2: [0.168550357223, 0.175162002444, 0.160318702459, 0.191574364901, 0.229872599244, 0.221620172262, 0.199097275734, 0.170460522175, 0.163952693343, 0.149808838964, 0.18598537147, 0.208109021187, 0.24938480556, 0.26478266716, 0.210914522409, 0.179906114936, 0.224103599787, 0.319186508656, 0.296535640955, 0.23215906322, 0.147056058049, 0.105092577636, 0.0933391675353, 0.0658996626735, 0.107372581959, 0.137135341763, 0.135973408818, 0.172651171684, 0.129141107202, 0.0887560620904, 0.111546583474, 0.163060128689, 0.204343959689, 0.252983927727, 0.219640389085, 0.184016138315]
        dvar: [0.0430086515844, 0.043010301888, 0.0333863683045, 0.0429322868586, 0.0571909174323, 0.0469071306288, 0.047808483243, 0.0378227867186, 0.0319921784103, 0.0357424430549, 0.0469224266708, 0.0532865524292, 0.0537661984563, 0.0703098401427, 0.0496546924114, 0.0422049500048, 0.0550769641995, 0.0456980243325, 0.0552047006786, 0.0347009301186, 0.0310700498521, 0.0259695481509, 0.0260608773679, 0.0112661710009, 0.02546409145, 0.0292265992612, 0.0219708792865, 0.0376937687397, 0.023348890245, 0.0151248136535, 0.0182823501527, 0.0347038842738, 0.0427486859262, 0.0560550242662, 0.044245723635, 0.0358406044543]
        dvar2: [0.114514313638, 0.119489371777, 0.0850404947996, 0.0933156087995, 0.140648707747, 0.134280398488, 0.109723098576, 0.0887220576406, 0.0923467352986, 0.0966901257634, 0.131518825889, 0.128656029701, 0.12911516428, 0.193546026945, 0.13461175561, 0.12692053616, 0.166398122907, 0.126331478357, 0.136600345373, 0.0800624936819, 0.0874000266194, 0.069071277976, 0.0778451859951, 0.0242068748921, 0.0507328361273, 0.0818830952048, 0.0577336065471, 0.0834006890655, 0.0622841455042, 0.0424604155123, 0.051542378962, 0.0975810289383, 0.117549322546, 0.156336694956, 0.0964578911662, 0.0889682024717]
        max: [1, 1, 1, 1, 1, 1, 1, 1, 1, 1, 1, 1, 1, 1, 1, 1, 1, 1, 1, 1, 1, 1, 1, 0.890762269497, 1, 1, 0.897704720497, 1, 1, 1, 0.745907843113, 1, 1, 1, 1, 1]
        mean: [0.074208073318, 0.0731197223067, 0.106394529343, 0.149326205254, 0.131413370371, 0.122147984803, 0.154674559832, 0.126316413283, 0.0749856829643, 0.0631463527679, 0.0776034146547, 0.123641364276, 0.182355448604, 0.156195938587, 0.0891144052148, 0.0750418528914, 0.0928160697222, 0.256143659353, 0.387388586998, 0.224123805761, 0.0585805848241, 0.0413314923644, 0.0348231159151, 0.057337295264, 0.079054877162, 0.0590073056519, 0.109113633633, 0.16775290668, 0.099532097578, 0.0419574566185, 0.0453738681972, 0.0618801638484, 0.152794733644, 0.235479176044, 0.17219850421, 0.0884764716029]
        min: [6.77326261211e-06, 3.00861047435e-05, 3.1641440728e-05, 4.85203127027e-05, 6.70024601277e-05, 9.878975834e-05, 5.23560338479e-05, 5.94434714003e-05, 8.26590694487e-05, 3.59892983397e-05, 3.14820899803e-05, 0.000103232065157, 3.86900028388e-05, 6.51428081255e-06, 4.27139239036e-05, 2.43142276304e-05, 3.44637410308e-05, 0.000630702998023, 0.000359200552339, 0.000113668203994, 3.58297052117e-06, 1.35654781843e-05, 1.63652857736e-05, 0, 1.45182946198e-06, 1.54850204126e-05, 3.43293613696e-05, 9.93369612843e-05, 0.000106896084617, 2.12318900594e-05, 5.390095248e-05, 2.33378341363e-05, 4.90872116643e-05, 7.17196089681e-05, 3.68961445929e-05, 1.76671528607e-05]
        var: [0.0324497036636, 0.0317950248718, 0.0435103811324, 0.0755705088377, 0.0638453289866, 0.0461138635874, 0.0729518383741, 0.0480287820101, 0.026966964826, 0.0271812994033, 0.0405448935926, 0.0549547448754, 0.0719975307584, 0.0686721429229, 0.0382268279791, 0.0308964606375, 0.0399492792785, 0.0672609433532, 0.140739098191, 0.0596070215106, 0.0219768788666, 0.0187240745872, 0.0162751767784, 0.0250428225845, 0.0463608950377, 0.0215421263129, 0.0309895835817, 0.0800195336342, 0.0296853296459, 0.0131072318181, 0.012971307151, 0.0243554655463, 0.0626532509923, 0.120198138058, 0.0716786682606, 0.0320452004671]
    chords_histogram: [44.2396316528, 22.5806446075, 27.1889400482, 0, 0, 0, 0, 5.5299539566, 0, 0, 0, 0.460829496384, 0, 0, 0, 0, 0, 0, 0, 0, 0, 0, 0, 0]
    thpcp: [1, 0.578550338745, 0.151219174266, 0.106692589819, 0.0898919478059, 0.148009762168, 0.204071253538, 0.152320712805, 0.281664550304, 0.433035224676, 0.256930887699, 0.108308449388, 0.117127530277, 0.159736678004, 0.394422382116, 0.607862949371, 0.444511055946, 0.22839204967, 0.191559776664, 0.188750326633, 0.274645507336, 0.385468780994, 0.33922880888, 0.315311253071, 0.399274945259, 0.326071590185, 0.193567097187, 0.163005203009, 0.200324475765, 0.319166243076, 0.470730036497, 0.403202205896, 0.230038791895, 0.193712085485, 0.239594236016, 0.661206007004]
    chords_key: "G#"
    chords_scale: "minor"
    key_key: "G#"
    key_scale: "minor"
    chords_progression: ["G#m", "G#m", "G#m", "G#m", "G#m", "G#m", "G#m", "G#m", "G#m", "G#m", "G#m", "G#m", "G#m", "G#m", "G#", "G#", "G#", "G#", "G#", "G#", "G#", "G#", "G#", "G#", "G#", "G#", "D#m", "D#m", "D#m", "D#m", "D#m", "D#m", "D#m", "D#m", "D#m", "D#m", "D#m", "D#m", "D#m", "D#m", "D#m", "D#m", "D#m", "D#m", "B", "B", "B", "B", "B", "B", "B", "B", "B", "B", "B", "B", "B", "B", "B", "B", "B", "B", "B", "B", "B", "B", "B", "B", "B", "B", "B", "B", "B", "B", "B", "B", "B", "B", "B", "B", "B", "B", "B", "B", "B", "D#m", "D#m", "D#m", "G#m", "G#m", "G#m", "G#m", "G#m", "G#m", "G#m", "G#m", "G#m", "G#m", "G#m", "G#m", "G#m", "G#m", "G#m", "G#m", "G#m", "G#m", "D#m", "G#m", "G#m", "G#m", "G#m", "G#m", "G#m", "G#m", "G#m", "G#m", "G#m", "G#m", "G#m", "G#m", "G#m", "G#m", "G#m", "G#m", "G#m", "G#m", "G#m", "G#m", "G#m", "G#m", "G#m", "G#m", "G#m", "G#m", "G#m", "G#m", "G#m", "G#m", "G#m", "G#m", "G#m", "G#m", "G#m", "G#m", "G#m", "G#m", "G#m", "G#m", "G#m", "G#m", "G#m", "G#m", "G#m", "G#m", "G#m", "G#m", "G#m", "G#m", "G#m", "G#m", "G#m", "G#m", "G#m", "G#m", "G#m", "G#m", "A#", "G#m", "G#m", "G#m", "G#m", "G#m", "B", "B", "B", "B", "B", "D#m", "B", "B", "B", "D#m", "D#m", "D#m", "D#m", "D#m", "D#m", "D#m", "D#m", "D#m", "D#m", "D#m", "D#m", "D#m", "D#m", "D#m", "D#m", "D#m", "D#m", "D#m", "D#m", "D#m", "D#m", "D#m", "D#m", "D#m", "D#m", "D#m", "D#m", "D#m", "D#m", "D#m", "D#m", "D#m", "D#m", "D#m", "D#m"]
