
metadata:
    version:
        essentia: "1.2.2"
    audio_properties:
        analysis_sample_rate: 44100
        bitrate: 128
        channels: 2
        equal_loudness: 1
        length: 10.0832653046
        replay_gain: -7.93313980103
        downmix: "mix"
    tags:
        track: 10
        year: 0
        album: "Splitted by Mp3Splt v. 2.1"
        artist: "From 001.30 To 001.40"
        comment: "http://mp3splt.sf.net"
        genre: ""
        title: "02 Smell of Petroleum.mp3"

highlevel:
    ballroom:
        all:
            ChaChaCha: 0.201165467501
            Jive: 0.394031584263
            Quickstep: 0.0966739878058
            Rumba-American: 0.00280004995875
            Rumba-International: 0.00767741911113
            Rumba-Misc: 0.00959535501897
            Samba: 0.0862122178078
            Tango: 0.0292257312685
            VienneseWaltz: 0.160653024912
            Waltz: 0.0119651649147
        probability: 0.394031584263
        value: "Jive"
    culture:
        all:
            non_western: 0.0266913585365
            western: 0.973308622837
        probability: 0.973308622837
        value: "western"
    gender:
        all:
            female: 0.453301727772
            male: 0.546698272228
        probability: 0.546698272228
        value: "male"
    genre_dortmund:
        all:
            alternative: 0.0957358404994
            blues: 0.0126377614215
            electronic: 0.10650858283
            folkcountry: 0.0949239507318
            funksoulrnb: 0.0281094256788
            jazz: 0.052648793906
            pop: 0.117726482451
            raphiphop: 0.00472337706015
            rock: 0.48698580265
        probability: 0.48698580265
        value: "rock"
    genre_electronica:
        all:
            ambient: 0.202289819717
            dnb: 0.285617470741
            house: 0.0251616723835
            techno: 0.0135951060802
            trance: 0.473335921764
        probability: 0.473335921764
        value: "trance"
    genre_rosamerica:
        all:
            cla: 0.0236411951482
            dan: 0.0347378067672
            hip: 0.00412033451721
            jaz: 0.00213940092362
            pop: 0.0203383751214
            rhy: 0.00257328455336
            roc: 0.911520242691
            spe: 0.00092936278088
        probability: 0.911520242691
        value: "roc"
    genre_tzanetakis:
        all:
            blu: 0.0142404232174
            cla: 0.0296253617853
            cou: 0.0934371352196
            dis: 0.0326474830508
            hip: 0.00523073831573
            jaz: 0.0154220443219
            met: 0.0467680133879
            pop: 0.0115664172918
            reg: 0.00440745893866
            roc: 0.746654927731
        probability: 0.746654927731
        value: "roc"
    live_studio:
        all:
            live: 0.185376733541
            studio: 0.814623236656
        probability: 0.814623236656
        value: "studio"
    mood:
        all:
            Cluster1: 0.498192667961
            Cluster2: 0.165911182761
            Cluster3: 0.0655710995197
            Cluster4: 0.117940895259
            Cluster5: 0.152384147048
        probability: 0.498192667961
        value: "Cluster1"
    mood_acoustic:
        all:
            acoustic: 0.00973520521075
            not_acoustic: 0.990264773369
        probability: 0.990264773369
        value: "not_acoustic"
    mood_aggressive:
        all:
            aggressive: 0.657123923302
            not_aggressive: 0.342876106501
        probability: 0.657123923302
        value: "aggressive"
    mood_electronic:
        all:
            electronic: 0.433074682951
            not_electronic: 0.566925287247
        probability: 0.566925287247
        value: "not_electronic"
    mood_happy:
        all:
            happy: 0.881922185421
            not_happy: 0.118077799678
        probability: 0.881922185421
        value: "happy"
    mood_party:
        all:
            not_party: 0.612345635891
            party: 0.387654334307
        probability: 0.612345635891
        value: "not_party"
    mood_relaxed:
        all:
            not_relaxed: 0.886962115765
            relaxed: 0.113037869334
        probability: 0.886962115765
        value: "not_relaxed"
    mood_sad:
        all:
            not_sad: 0.840189218521
            sad: 0.15981079638
        probability: 0.840189218521
        value: "not_sad"
    rhythm:
        all:
            fast: 0.595382392406
            medium: 0.0717577636242
            slow: 0.332859873772
        probability: 0.595382392406
        value: "fast"
    speech_music:
        all:
            music: 0.999858319759
            speech: 0.000141675176565
        probability: 0.999858319759
        value: "music"
    timbre:
        all:
            bright: 0.978197097778
            dark: 0.0218029245734
        probability: 0.978197097778
        value: "bright"
    voice_instrumental:
        all:
            instrumental: 0.743159174919
            voice: 0.256840795279
        probability: 0.743159174919
        value: "instrumental"

lowlevel:
    average_loudness: 0.966621696949
    barkbands_kurtosis:
        dmean: 0.298944056034
        dmean2: 0.504408895969
        dvar: 0.166402131319
        dvar2: 0.45245796442
        max: 2.12095022202
        mean: -1.19526922703
        min: -1.71227908134
        var: 0.251423060894
    barkbands_skewness:
        dmean: 0.322212159634
        dmean2: 0.531100571156
        dvar: 0.0733704566956
        dvar2: 0.203538030386
        max: 1.24159049988
        mean: -0.0679938867688
        min: -1.70889985561
        var: 0.219344392419
    barkbands_spread:
        dmean: 3.53375339508
        dmean2: 5.96207666397
        dvar: 8.967212677
        dvar2: 24.5009555817
        max: 50.026008606
        mean: 31.4570846558
        min: 12.1853780746
        var: 40.9711990356
    dissonance:
        dmean: 0.0192732680589
        dmean2: 0.031544264406
        dvar: 0.000373711256543
        dvar2: 0.000805866089649
        max: 0.497242212296
        mean: 0.458433270454
        min: 0.189252629876
        var: 0.000612966483459
    hfc:
        dmean: 2.76910305023
        dmean2: 3.89884901047
        dvar: 7.85100078583
        dvar2: 15.4015855789
        max: 25.5438137054
        mean: 9.35846233368
        min: 0.0085591385141
        var: 19.1009025574
    pitch:
        dmean: 264.819122314
        dmean2: 504.396575928
        dvar: 738724.5
        dvar2: 1864349
        max: 4410
        mean: 413.630187988
        min: 109.158416748
        var: 638818.4375
    pitch_instantaneous_confidence:
        dmean: 0.0782124325633
        dmean2: 0.121459148824
        dvar: 0.00349752255715
        dvar2: 0.00943351536989
        max: 0.800035595894
        mean: 0.460869878531
        min: 0.178343772888
        var: 0.0164303816855
    pitch_salience:
        dmean: 0.0504545383155
        dmean2: 0.0833934172988
        dvar: 0.00175182276871
        dvar2: 0.00510233361274
        max: 0.9258056283
        mean: 0.608290553093
        min: 0.453104615211
        var: 0.0031556407921
    silence_rate_20dB:
        dmean: 0
        dmean2: 0
        dvar: 0
        dvar2: 0
        max: 1
        mean: 1
        min: 1
        var: 0
    silence_rate_30dB:
        dmean: 0
        dmean2: 0
        dvar: 0
        dvar2: 0
        max: 1
        mean: 1
        min: 1
        var: 0
    silence_rate_60dB:
        dmean: 0.0967741906643
        dmean2: 0.193995386362
        dvar: 0.087408810854
        dvar2: 0.207169890404
        max: 1
        mean: 0.20000000298
        min: 0
        var: 0.16000007093
    spectral_centroid:
        dmean: 248.37588501
        dmean2: 406.418609619
        dvar: 44439.4765625
        dvar2: 120395.492188
        max: 2924.52026367
        mean: 1826.88464355
        min: 810.804016113
        var: 135291.71875
    spectral_complexity:
        dmean: 3.81944441795
        dmean2: 5.56844568253
        dvar: 12.0646286011
        dvar2: 24.0086421967
        max: 39
        mean: 19.6073894501
        min: 0
        var: 38.2800445557
    spectral_crest:
        dmean: 1.50779128075
        dmean2: 2.50821614265
        dvar: 1.83750510216
        dvar2: 4.93494987488
        max: 14.3644294739
        mean: 5.64981174469
        min: 2.72673225403
        var: 3.20309615135
    spectral_decrease:
        dmean: 3.69567876302e-10
        dmean2: 5.51012679928e-10
        dvar: 1.86887785077e-19
        dvar2: 4.33333117095e-19
        max: -7.13466232708e-13
        mean: -1.18820897566e-09
        min: -3.78699827053e-09
        var: 3.83729732398e-19
    spectral_energy:
        dmean: 0.00161384919193
        dmean2: 0.00237805373035
        dvar: 3.34137257596e-06
        dvar2: 7.41768917578e-06
        max: 0.0161650329828
        mean: 0.00533341104165
        min: 3.46912611349e-06
        var: 7.24596293367e-06
    spectral_energyband_high:
        dmean: 0.000267440249445
        dmean2: 0.000409232190577
        dvar: 7.23456921037e-08
        dvar2: 1.50867194293e-07
        max: 0.00294251996092
        mean: 0.00061518518487
        min: 1.2284181139e-07
        var: 2.01162819735e-07
    spectral_energyband_low:
        dmean: 0.000209161284147
        dmean2: 0.00038965526619
        dvar: 3.15503314141e-07
        dvar2: 9.32979276058e-07
        max: 0.00378130702302
        mean: 0.000230483463383
        min: 1.56836810206e-09
        var: 2.00154318009e-07
    spectral_energyband_middle_high:
        dmean: 0.000804716721177
        dmean2: 0.00114625319839
        dvar: 5.68995119465e-07
        dvar2: 1.14329895951e-06
        max: 0.00692832330242
        mean: 0.00253560231067
        min: 2.89300669465e-06
        var: 1.24833763948e-06
    spectral_energyband_middle_low:
        dmean: 0.000785282347351
        dmean2: 0.00128646602388
        dvar: 1.01458260815e-06
        dvar2: 2.58223462879e-06
        max: 0.00872546248138
        mean: 0.00195213791449
        min: 4.51424057246e-07
        var: 1.92802281163e-06
    spectral_flatness_db:
        dmean: 0.0133488317952
        dmean2: 0.0201986096799
        dvar: 0.000117329596833
        dvar2: 0.000268948060693
        max: 0.24465316534
        mean: 0.152012556791
        min: 0.0948646441102
        var: 0.000700091302861
    spectral_flux:
        dmean: 0.00888866558671
        dmean2: 0.0132108302787
        dvar: 7.46705118218e-05
        dvar2: 0.000139660143759
        max: 0.0847895666957
        mean: 0.0424658581614
        min: 0.017069324851
        var: 0.000207609235076
    spectral_kurtosis:
        dmean: 1.03483438492
        dmean2: 1.79375910759
        dvar: 1.37119400501
        dvar2: 3.86546993256
        max: 20.814666748
        mean: 3.80409145355
        min: 1.3213467598
        var: 2.0959508419
    spectral_rms:
        dmean: 0.000329190603225
        dmean2: 0.000477324356325
        dvar: 1.06324257843e-07
        dvar2: 2.25098489182e-07
        max: 0.00397124188021
        mean: 0.00221464131027
        min: 5.81765707466e-05
        var: 2.98697102608e-07
    spectral_rolloff:
        dmean: 319.757965088
        dmean2: 549.27142334
        dvar: 109320.101562
        dvar2: 283581.6875
        max: 4414.30664062
        mean: 3680.93237305
        min: 2088.72070312
        var: 144335.21875
    spectral_skewness:
        dmean: 0.162377044559
        dmean2: 0.263470202684
        dvar: 0.0280268918723
        dvar2: 0.0679315701127
        max: 3.37235307693
        mean: 1.31098544598
        min: 0.637705266476
        var: 0.0680901780725
    spectral_spread:
        dmean: 363239.5625
        dmean2: 512570.53125
        dvar: 139077320704
        dvar2: 215329767424
        max: 9422890
        mean: 4087886
        min: 2496353.25
        var: 493942734848
    spectral_strongpeak:
        dmean: 0.594269454479
        dmean2: 1.06602919102
        dvar: 0.614699542522
        dvar2: 1.80203306675
        max: 5.2865524292
        mean: 0.745388448238
        min: 0.00958577357233
        var: 0.597213685513
    zerocrossingrate:
        dmean: 0.0070608635433
        dmean2: 0.00828492082655
        dvar: 3.97327639803e-05
        dvar2: 4.79722039017e-05
        max: 0.1474609375
        mean: 0.104580149055
        min: 0.0166015625
        var: 0.000180086906767
    barkbands:
        dmean: [3.01854981899e-07, 6.54670948279e-05, 0.000152918582899, 0.000161381685757, 0.000314518954838, 8.41206347104e-05, 0.000247297575697, 0.000148598832311, 0.000273628218565, 0.00024895221577, 6.01266328886e-05, 0.000104001213913, 6.29838687018e-05, 0.000129849431687, 0.000140307165566, 5.66792186873e-05, 0.000195705491933, 0.000239198212512, 0.000135019086883, 0.000296707294183, 9.64824503171e-05, 1.35493710332e-05, 3.10209702548e-06, 1.36439291509e-06, 6.54739494621e-07, 4.37729248404e-08, 5.98468608004e-10]
        dmean2: [4.75574267966e-07, 0.000122354744235, 0.000284881825792, 0.000296366488328, 0.000546921452042, 0.000136417278554, 0.000377354939701, 0.000221975366003, 0.000464142794954, 0.000375573989004, 9.32939728955e-05, 0.000160958516062, 0.000103036465589, 0.000214388375753, 0.000226897042012, 9.4220333267e-05, 0.000333950825734, 0.000411481101764, 0.000216057800571, 0.000468206999358, 0.000152836553752, 2.06264758162e-05, 4.51459300166e-06, 2.05884020943e-06, 9.50021671997e-07, 6.3568826647e-08, 9.70817537471e-10]
        dvar: [5.55615395272e-13, 4.11735676664e-08, 1.52768123485e-07, 1.04198207396e-07, 2.30310533311e-07, 1.44325191798e-08, 1.02255178547e-07, 3.76663287227e-08, 1.09518929037e-07, 1.28330711391e-07, 1.51418220184e-08, 1.39291325141e-08, 4.11714440318e-09, 2.59196362151e-08, 3.12503161126e-08, 4.78112660574e-09, 3.71776494035e-08, 6.05666485853e-08, 1.86067179442e-08, 8.17275918052e-08, 1.82917840874e-08, 5.2166382325e-10, 2.3880010816e-11, 6.7027329867e-12, 1.52335522668e-12, 4.50557449897e-15, 6.08734579128e-18]
        dvar2: [1.36171271741e-12, 1.19179134117e-07, 4.58533037317e-07, 3.07041659653e-07, 5.86552516779e-07, 3.80330504868e-08, 2.43532866762e-07, 7.73330199877e-08, 3.04550212604e-07, 2.86850792008e-07, 3.40774057861e-08, 3.30500427026e-08, 1.02750705722e-08, 6.74284237334e-08, 8.14105902691e-08, 1.16325837851e-08, 1.03778717175e-07, 1.84717606544e-07, 4.29648672196e-08, 1.86490666465e-07, 4.52014816688e-08, 1.15713538751e-09, 5.01370160666e-11, 1.61567131202e-11, 3.450526323e-12, 9.46309697947e-15, 1.53855196888e-17]
        max: [7.38016751711e-06, 0.00143086293247, 0.00234853872098, 0.00216783653013, 0.00477888854221, 0.000998375471681, 0.00320115569048, 0.00192447728477, 0.0021212277934, 0.00410047266632, 0.00117833854165, 0.000936055905186, 0.000578871346079, 0.0011328732362, 0.00133034901228, 0.000747908023186, 0.00179666921031, 0.00171675253659, 0.00133479421493, 0.00271724560298, 0.00117196282372, 0.000208653364098, 4.37722956121e-05, 2.12343911699e-05, 1.2148733731e-05, 5.27187353327e-07, 3.51734392723e-08]
        mean: [2.69949026688e-07, 5.93251570535e-05, 0.000170897852513, 0.000174896238605, 0.000569680007175, 0.000162711032317, 0.000394014583435, 0.000249879027251, 0.000371333095245, 0.000384621525882, 8.25565657578e-05, 0.000159135743161, 0.000102286903712, 0.000209355450352, 0.000182585456059, 0.000101146615634, 0.00034183691605, 0.000418132607592, 0.000303693697788, 0.000672629976179, 0.000187645287951, 2.60765682469e-05, 5.57793828193e-06, 2.02847400033e-06, 1.04319531147e-06, 5.84714534568e-08, 4.99969454726e-10]
        min: [1.02269789859e-11, 2.24953417005e-10, 1.30785682284e-09, 5.25745003088e-09, 5.06415140933e-08, 6.53984670862e-08, 4.2093958541e-08, 1.17767484653e-07, 1.52675639242e-07, 1.24421234204e-07, 2.77524119241e-08, 1.36921443072e-08, 5.81676111722e-08, 6.49216502779e-08, 1.71152365169e-07, 9.03117012285e-08, 2.86550005058e-07, 1.83333872883e-06, 2.14925876207e-07, 8.40404936753e-08, 5.09428552675e-08, 8.50722159385e-09, 2.29711671906e-09, 6.76129596755e-10, 5.89617965563e-10, 5.66280244918e-10, 1.01244953719e-13]
        var: [5.44853658718e-13, 2.43730191585e-08, 9.9490357286e-08, 7.9905348116e-08, 3.92286693796e-07, 2.39324577933e-08, 1.85896738003e-07, 8.02902846431e-08, 1.5900212702e-07, 1.91807075112e-07, 2.65416577605e-08, 2.37708164263e-08, 6.92023860438e-09, 4.62512730337e-08, 3.73839839085e-08, 6.08213435171e-09, 4.64028637737e-08, 7.31249230057e-08, 4.25709316687e-08, 1.81231854413e-07, 3.15987769284e-08, 8.24486423578e-10, 3.86107500139e-11, 8.49804168007e-12, 2.23619343528e-12, 6.7475949009e-15, 3.38015569996e-18]
    mfcc:
        mean: [-692.296325684, 114.799674988, -64.8555450439, 52.6564979553, -29.6815910339, -11.5793867111, 0.845561027527, -7.95306539536, -3.36521220207, -1.49748003483, -7.31033802032, -1.28876447678, -8.15776252747]
        cov: [[1606.61889648, 47.3959503174, 422.424285889, -160.524612427, 107.793388367, 71.9584960938, 136.694152832, -53.976650238, 42.4584274292, 66.7002716064, -9.11726665497, -83.6093063354, -78.4639663696], [47.3959503174, 223.825668335, 51.5265197754, 25.1097640991, 33.4151344299, -5.10344171524, 65.0126800537, -15.5883073807, 9.81037044525, 41.3706321716, 21.5353031158, -13.3931264877, -23.5646514893], [422.424285889, 51.5265197754, 276.127410889, -26.945224762, 81.7330856323, 14.9286565781, 64.6603393555, -9.6530714035, 7.80532884598, 20.3628425598, -2.15765285492, -46.7291526794, -50.3148422241], [-160.524612427, 25.1097640991, -26.945224762, 111.077392578, 14.6105422974, -6.23180627823, -17.7710552216, 11.1013870239, -0.770637214184, -1.8657861948, -0.327012598515, 13.6336622238, 15.079079628], [107.793388367, 33.4151344299, 81.7330856323, 14.6105422974, 85.5532531738, 27.4506320953, 28.7650127411, -1.4413523674, 1.54095315933, 18.2364902496, 0.996536016464, -15.7661676407, -19.657617569], [71.9584960938, -5.10344171524, 14.9286565781, -6.23180627823, 27.4506320953, 62.9567184448, 26.8090286255, 11.2114372253, 1.69145357609, 4.42212677002, -4.46270370483, -7.21800327301, 1.41627943516], [136.694152832, 65.0126800537, 64.6603393555, -17.7710552216, 28.7650127411, 26.8090286255, 99.2121734619, 27.4723243713, 14.4021787643, 23.0839099884, -3.73858952522, -18.2054347992, -20.0610179901], [-53.976650238, -15.5883073807, -9.6530714035, 11.1013870239, -1.4413523674, 11.2114372253, 27.4723243713, 78.9193878174, 19.77693367, -8.76649093628, -14.1202392578, -1.37807250023, 4.01997280121], [42.4584274292, 9.81037044525, 7.80532884598, -0.770637214184, 1.54095315933, 1.69145357609, 14.4021787643, 19.77693367, 44.1585197449, 19.957113266, 0.000793024373706, -7.14581108093, -3.01590323448], [66.7002716064, 41.3706321716, 20.3628425598, -1.8657861948, 18.2364902496, 4.42212677002, 23.0839099884, -8.76649093628, 19.957113266, 65.3917541504, 21.6134777069, -3.18212866783, -7.73448467255], [-9.11726665497, 21.5353031158, -2.15765285492, -0.327012598515, 0.996536016464, -4.46270370483, -3.73858952522, -14.1202392578, 0.000793024373706, 21.6134777069, 48.7166976929, 16.9528369904, 0.828234195709], [-83.6093063354, -13.3931264877, -46.7291526794, 13.6336622238, -15.7661676407, -7.21800327301, -18.2054347992, -1.37807250023, -7.14581108093, -3.18212866783, 16.9528369904, 51.1800727844, 23.1763515472], [-78.4639663696, -23.5646514893, -50.3148422241, 15.079079628, -19.657617569, 1.41627943516, -20.0610179901, 4.01997280121, -3.01590323448, -7.73448467255, 0.828234195709, 23.1763515472, 55.9797210693]]
        icov: [[0.00139252073132, 0.000232247795793, -0.00193837413099, 0.00120244012214, 0.000372252048692, -0.0010773044778, -0.000555165694095, 0.00132954737637, -0.00127484055702, -0.000432822067523, 0.000609567563515, -0.000281461892882, -0.00017395184841], [0.000232247795793, 0.00782291311771, 0.000231787867961, -0.00292265508324, -0.000827845884487, 0.00276092765853, -0.00698568625376, 0.00375052541494, -0.000755048939027, -0.00104818947148, -0.00270067597739, 0.00158330355771, 0.000679837947246], [-0.00193837413099, 0.000231787867961, 0.00948690529913, -0.00050669698976, -0.00640781084076, 0.00392504781485, -0.0025956267491, -0.000195659900783, 0.000903171428945, 0.00200864486396, -0.00194009963889, 0.00346661405638, 0.0016981078079], [0.00120244012214, -0.00292265508324, -0.00050669698976, 0.0136150997132, -0.00494286650792, 0.000663750688545, 0.00431965803728, -0.00280389888212, -0.00057068496244, -0.000463654287159, 0.00239198002964, -0.00250763632357, -0.00276292697527], [0.000372252048692, -0.000827845884487, -0.00640781084076, -0.00494286650792, 0.0232021063566, -0.00969770830125, 0.000582635693718, 0.000489387835842, 0.0023060219828, -0.00452139042318, 0.000938945275266, -0.00016243578284, 0.00386481406167], [-0.0010773044778, 0.00276092765853, 0.00392504781485, 0.000663750688545, -0.00969770830125, 0.0241459719837, -0.00702122272924, -0.00120539881755, 0.00170057010837, 0.00100599124562, -0.00110939959995, 0.00292037357576, -0.00440665939823], [-0.000555165694095, -0.00698568625376, -0.0025956267491, 0.00431965803728, 0.000582635693718, -0.00702122272924, 0.0238507781178, -0.0105882966891, 0.00219274242409, -0.00529277464375, 0.00371599243954, -0.00115589331836, 0.00228493334725], [0.00132954737637, 0.00375052541494, -0.000195659900783, -0.00280389888212, 0.000489387835842, -0.00120539881755, -0.0105882966891, 0.0224299225956, -0.0114615503699, 0.00564715638757, 0.00202389014885, -0.00111361255404, -0.00058719777735], [-0.00127484055702, -0.000755048939027, 0.000903171428945, -0.00057068496244, 0.0023060219828, 0.00170057010837, 0.00219274242409, -0.0114615503699, 0.0343062207103, -0.0122964940965, 0.00120680022519, 0.00384510075673, -0.000224093921133], [-0.000432822067523, -0.00104818947148, 0.00200864486396, -0.000463654287159, -0.00452139042318, 0.00100599124562, -0.00529277464375, 0.00564715638757, -0.0122964940965, 0.0268585402519, -0.0106169171631, 0.00170606770553, -0.000533847080078], [0.000609567563515, -0.00270067597739, -0.00194009963889, 0.00239198002964, 0.000938945275266, -0.00110939959995, 0.00371599243954, 0.00202389014885, 0.00120680022519, -0.0106169171631, 0.0315564610064, -0.0125515768304, 0.00220133317634], [-0.000281461892882, 0.00158330355771, 0.00346661405638, -0.00250763632357, -0.00016243578284, 0.00292037357576, -0.00115589331836, -0.00111361255404, 0.00384510075673, 0.00170606770553, -0.0125515768304, 0.0321638174355, -0.00908959191293], [-0.00017395184841, 0.000679837947246, 0.0016981078079, -0.00276292697527, 0.00386481406167, -0.00440665939823, 0.00228493334725, -0.00058719777735, -0.000224093921133, -0.000533847080078, 0.00220133317634, -0.00908959191293, 0.0261509306729]]
    spectral_contrast:
        mean: [-1.15346345808e-07, -4.03707900887e-07, 4.10212095403e-07, -3.25915578969e-07, 1.30152869815e-07, -1.22168870575e-07, -4.33062837146e-07, -1.84898283351e-06, -2.47930552177e-06, -1.49032257468e-06, 3.49093255636e-07, -1.54173669387e-08]
        var: [0.000327886664309, 0.000667266140226, 0.000942801707424, 0.00177215249278, 0.00263276090845, 0.00302307400852, 0.0309630166739, 0.0788114368916, 0.117467612028, 0.132941037416, 0.247527435422, 1.98033487797]

rhythm:
    beats_loudness:
        dmean: 0.00168076262344
        dmean2: 0.00247652106918
        dvar: 1.3892881725e-06
        dvar2: 2.00619911084e-06
        max: 0.0139347054064
        mean: 0.0077366521582
        min: 0.00205854745582
        var: 1.29956524688e-05
    beats_loudness_bass:
        dmean: 0.0264296364039
        dmean2: 0.0518699251115
        dvar: 0.000875431345776
        dvar2: 0.00270133186132
        max: 0.138526499271
        mean: 0.0388882830739
        min: 0.00271787447855
        var: 0.0010913813021
    bpm: 103.654014587
    bpm_confidence: 0
    first_peak_bpm: 103
    first_peak_spread: 0.466666638851
    first_peak_weight: 0.5
    onset_rate: 5.25623369217
    second_peak_bpm: 66
    second_peak_spread: 0
    second_peak_weight: 0.0625
    beats_position: [0.384144335985, 0.969453990459, 1.55476367474, 2.14007329941, 2.72538304329, 3.31069254875, 3.89600229263, 4.4813117981, 5.0666217804, 5.97314691544, 6.54214334488, 7.11113929749, 7.68013572693, 8.24913215637, 8.81812953949, 9.38712501526, 9.95612049103]
    bpm_estimates: [102.493362427, 102.459709167, 102.50428009, 102.614898682, 102.258857727, 102.403945923, 102.625968933, 102.504684448, 102.513046265, 102.757720947, 102.473243713, 105.640586853, 104.747756958, 105.473960876, 106.075294495, 106.314254761, 105.032806396, 104.877639771]
    bpm_intervals: [0.585309624672, 0.585309684277, 0.585309624672, 0.585309743881, 0.585309505463, 0.585309743881, 0.585309505463, 0.5853099823, 0.90652513504, 0.568996429443, 0.568995952606, 0.568996429443, 0.568996429443, 0.568997383118, 0.568995475769, 0.568995475769]
    onset_times: [0.0580498874187, 0.371519267559, 0.545668959618, 0.684988677502, 0.824308395386, 0.96362811327, 1.1261677742, 1.26548755169, 1.42802715302, 1.55573701859, 2.00852608681, 2.13623571396, 2.31038546562, 2.43809533119, 2.61224484444, 2.72834467888, 2.90249443054, 3.04181408882, 3.19274377823, 3.33206343651, 3.49460315704, 3.62231302261, 3.79646253586, 3.90095233917, 4.08671188354, 4.22603178024, 4.36535167694, 4.49306106567, 4.66721105576, 4.79492044449, 4.95746040344, 5.08517026901, 5.25931978226, 5.39863967896, 5.53795909882, 5.67727899551, 5.97913837433, 6.25777769089, 6.43192720413, 6.57124710083, 6.71056699753, 6.82666683197, 7.1517457962, 7.60453510284, 7.97605419159, 8.15020370483, 8.42884349823, 8.71909332275, 9.0093421936, 9.12544250488, 9.31120204926, 9.42730140686, 9.69433116913]
    rubato_start: []
    rubato_stop: []
    perceptual_tempo: "unknown"

sfx:
    inharmonicity:
        dmean: 0.0654232427478
        dmean2: 0.115447044373
        dvar: 0.00339062954299
        dvar2: 0.00959728565067
        max: 0.357855170965
        mean: 0.0887979418039
        min: 0
        var: 0.00517834024504
    oddtoevenharmonicenergyratio:
        dmean: 1.61106157303
        dmean2: 2.89766311646
        dvar: 8.22157382965
        dvar2: 23.2402248383
        max: 26.7614307404
        mean: 1.3927667141
        min: 0
        var: 5.81518125534
    pitch_after_max_to_before_max_energy_ratio: 8.29316234589
    pitch_centroid: 194.24949646
    pitch_max_to_total: 0.173210158944
    pitch_min_to_total: 0.224018469453
    tristimulus:
        dmean: [0.164365932345, 0.189380526543, 0.157481893897]
        dmean2: [0.288882553577, 0.328244864941, 0.281700253487]
        dvar: [0.0260622985661, 0.0294394586235, 0.0165122132748]
        dvar2: [0.0722580701113, 0.0857149362564, 0.0465419963002]
        max: [1, 0.969070136547, 0.679473757744]
        mean: [0.267574220896, 0.470210075378, 0.239673256874]
        min: [0.0131914829835, 0, 0]
        var: [0.0410445407033, 0.0330122336745, 0.0327315367758]

tonal:
    chords_changes_rate: 0.0688073411584
    chords_number_rate: 0.0229357797652
    chords_strength:
        dmean: 0.00701986160129
        dmean2: 0.00673732813448
        dvar: 3.79733901354e-05
        dvar2: 3.915293928e-05
        max: 0.624156057835
        mean: 0.510236799717
        min: 0.345330804586
        var: 0.00436743395403
    key_strength: 0.724497139454
    tuning_diatonic_strength: 0.613820612431
    tuning_equal_tempered_deviation: 0.101929940283
    tuning_frequency: 436.456176758
    tuning_nontempered_energy_ratio: 0.730616152287
    hpcp:
        dmean: [0.176457315683, 0.195387795568, 0.0987310856581, 0.0614797249436, 0.0759171098471, 0.0948380604386, 0.152732342482, 0.145088508725, 0.123054713011, 0.13693317771, 0.126993566751, 0.11319950968, 0.102568157017, 0.0604066587985, 0.109977662563, 0.188152477145, 0.143594264984, 0.0448722094297, 0.0259220078588, 0.0492878220975, 0.134017765522, 0.203775048256, 0.176319926977, 0.104139916599, 0.0632973760366, 0.0610714517534, 0.102232195437, 0.121331200004, 0.0955665335059, 0.10577134043, 0.126284658909, 0.124213792384, 0.0750355422497, 0.0494619719684, 0.0654553100467, 0.155895754695]
        dmean2: [0.301066249609, 0.308084458113, 0.162424206734, 0.0979718863964, 0.122634075582, 0.163395777345, 0.25158894062, 0.235106170177, 0.217250525951, 0.238628491759, 0.211257725954, 0.189458817244, 0.166452869773, 0.100501351058, 0.185307398438, 0.298785537481, 0.221481263638, 0.0739299729466, 0.0439526587725, 0.0807079747319, 0.218409240246, 0.340479701757, 0.296790927649, 0.171751007438, 0.107995927334, 0.102921202779, 0.176179423928, 0.201982036233, 0.156963065267, 0.181023702025, 0.215447157621, 0.210729986429, 0.1361669451, 0.0901445895433, 0.114628143609, 0.25725209713]
        dvar: [0.0352592431009, 0.0249178316444, 0.0133298262954, 0.00836390070617, 0.00956979673356, 0.0130347479135, 0.0248744897544, 0.0230934340507, 0.0170436166227, 0.0269038770348, 0.0227565616369, 0.0182919465005, 0.0133998692036, 0.00375797692686, 0.0129123423249, 0.0304820239544, 0.0169322937727, 0.00272569898516, 0.000961319135968, 0.00436168117449, 0.0179954133928, 0.0381828546524, 0.0291959494352, 0.0229993201792, 0.0116313342005, 0.00524779595435, 0.0166394338012, 0.0146310199052, 0.0134043088183, 0.0158584099263, 0.025086896494, 0.0252308342606, 0.016041688621, 0.0117609361187, 0.0103464080021, 0.0165046863258]
        dvar2: [0.0822643712163, 0.0600136332214, 0.0342928245664, 0.0173599999398, 0.0205343514681, 0.03082710132, 0.0600739941001, 0.0517749078572, 0.0439856089652, 0.0652350485325, 0.062252920121, 0.0468535199761, 0.0321837030351, 0.00973732024431, 0.0369425453246, 0.0805772393942, 0.0386770628393, 0.0056131510064, 0.00264305155724, 0.0116747878492, 0.0503058470786, 0.0958269536495, 0.0754251331091, 0.0578040853143, 0.0279628653079, 0.0137370722368, 0.0441203452647, 0.0385458543897, 0.0368683449924, 0.0422604866326, 0.0614806897938, 0.0681941434741, 0.0460444502532, 0.0352424196899, 0.0289199855179, 0.0443308614194]
        max: [1, 1, 0.971573412418, 1, 1, 0.763111591339, 1, 1, 1, 1, 1, 1, 0.986465990543, 0.514856100082, 0.793999135494, 1, 1, 0.386421561241, 0.260680913925, 0.379151552916, 0.842922866344, 1, 1, 1, 0.88933467865, 0.493664294481, 1, 1, 0.882459402084, 0.978869080544, 1, 1, 0.714289486408, 0.950490355492, 0.802561283112, 1]
        mean: [0.767397284508, 0.59155523777, 0.161756843328, 0.0924434512854, 0.109037004411, 0.171689108014, 0.285157233477, 0.266690343618, 0.223540246487, 0.271071642637, 0.223565980792, 0.179908439517, 0.174059525132, 0.104278430343, 0.224504545331, 0.459283173084, 0.333737999201, 0.0871289297938, 0.0411263741553, 0.0560142621398, 0.216271951795, 0.433195948601, 0.354997068644, 0.158065572381, 0.0856080129743, 0.0900256559253, 0.192166939378, 0.225113153458, 0.15787127614, 0.234796315432, 0.350736439228, 0.233546897769, 0.0803472995758, 0.0550393201411, 0.0781962200999, 0.350231915712]
        min: [0.19012477994, 0.0922123417258, 0.00549462297931, 0.00540869357064, 0.00547514809296, 0.00110745080747, 0.0111820129678, 0.0219022948295, 0.0247927140445, 0.0109379645437, 0.00327076902613, 0.0175167936832, 0.0245594102889, 0.0134707726538, 0.0128078600392, 0.0263873618096, 0.022610258311, 0.0108193829656, 0.00441852025688, 0.00199727411382, 0.0071487724781, 0.0205516442657, 0.0378539338708, 0.00120779359713, 0, 0.00813671573997, 0.0182562321424, 0.0141076864675, 0.0121056772768, 0.00433016102761, 0.00463930796832, 0.00586461741477, 0.00445211213082, 0.00187712186016, 0.00369671848603, 0.0515150800347]
        var: [0.0698020383716, 0.0603195764124, 0.0216783881187, 0.0145383495837, 0.017540898174, 0.0255137197673, 0.0586910508573, 0.0493977256119, 0.0290434453636, 0.0725988820195, 0.0508976951241, 0.0255308933556, 0.0228206310421, 0.00688776094466, 0.024705003947, 0.0796885788441, 0.0528347305954, 0.00635867891833, 0.00135248247534, 0.00473262183368, 0.0272009205073, 0.0757669582963, 0.0522773936391, 0.0369422286749, 0.016907222569, 0.00645461538807, 0.0366578958929, 0.0345400832593, 0.0187864061445, 0.0475036501884, 0.118214040995, 0.0634715557098, 0.0131830302998, 0.00755668897182, 0.00932311546057, 0.0360058583319]
    chords_histogram: [21.559633255, 0, 0, 0, 0, 0, 0, 0, 0, 0, 0, 0, 0, 0, 0, 0, 0, 33.486240387, 0, 30.2752285004, 11.9266052246, 0, 2.75229358673, 0]
    thpcp: [1, 0.770859181881, 0.210786312819, 0.120463617146, 0.142086774111, 0.223729103804, 0.371590107679, 0.347525775433, 0.291296631098, 0.353235095739, 0.29133015871, 0.234439760447, 0.226818010211, 0.135885849595, 0.292553216219, 0.598494648933, 0.434895992279, 0.113538227975, 0.0535920262337, 0.0729925185442, 0.281825274229, 0.564500212669, 0.462598800659, 0.205976188183, 0.111556313932, 0.117312975228, 0.250413894653, 0.29334628582, 0.205723002553, 0.305964499712, 0.457046747208, 0.304336369038, 0.104701049626, 0.0717220678926, 0.101897962391, 0.456389307976]
    chords_key: "D"
    chords_scale: "minor"
    key_key: "D"
    key_scale: "major"
    chords_progression: ["C", "C", "C", "C", "Am", "Am", "Am", "Am", "Am", "Am", "Am", "C", "C", "C", "Am", "Am", "Am", "Am", "Am", "Am", "Am", "Am", "Am", "Am", "Am", "Am", "Am", "Am", "Am", "C", "C", "Am", "C", "Am", "G", "Am", "Am", "Am", "Am", "Am", "Am", "Am", "Dm", "Dm", "Dm", "Dm", "Dm", "Dm", "Dm", "Dm", "Dm", "Dm", "Dm", "Dm", "Dm", "Dm", "Dm", "Dm", "Dm", "Dm", "Dm", "Dm", "Dm", "Dm", "Dm", "Dm", "Dm", "Dm", "Dm", "Dm", "Dm", "Dm", "Dm", "Dm", "Dm", "Dm", "Dm", "Dm", "Dm", "Dm", "Dm", "Dm", "Dm", "Dm", "Dm", "Am", "Am", "Am", "Am", "Am", "Am", "Am", "Am", "Am", "Am", "Am", "Am", "Am", "Am", "Am", "Am", "Am", "Am", "Am", "Am", "Am", "Am", "Am", "Am", "Am", "Am", "Am", "Am", "Am", "Am", "Am", "Am", "Am", "Am", "Am", "C", "C", "C", "C", "C", "C", "C", "C", "C", "C", "C", "C", "C", "C", "C", "C", "G", "G", "G", "G", "G", "Dm", "Dm", "Dm", "Dm", "Dm", "Dm", "Dm", "Dm", "Dm", "Dm", "Dm", "Dm", "Dm", "Dm", "Dm", "Dm", "Dm", "Dm", "Dm", "Dm", "Dm", "Dm", "Dm", "Dm", "Dm", "Dm", "Dm", "Dm", "Dm", "Dm", "D", "D", "D", "D", "D", "D", "D", "D", "D", "D", "D", "D", "D", "D", "D", "D", "D", "D", "D", "D", "D", "D", "D", "D", "D", "D", "D", "D", "D", "D", "D", "D", "D", "D", "D", "D", "D", "D", "D", "D", "D", "D", "D", "D", "D", "D", "D"]
