
metadata:
    version:
        essentia: "1.2.2"
    audio_properties:
        analysis_sample_rate: 44100
        bitrate: 128
        channels: 2
        equal_loudness: 1
        length: 10.0048980713
        replay_gain: -11.1017951965
        downmix: "mix"
    tags:
        track: 7
        year: 0
        album: "Splitted by Mp3Splt v. 2.1"
        artist: "From 001.00 To 001.10"
        comment: "http://mp3splt.sf.net"
        genre: ""
        title: "04 Deadbeat.mp3"

highlevel:
    ballroom:
        all:
            ChaChaCha: 0.0399511307478
            Jive: 0.909281253815
            Quickstep: 0.00940904393792
            Rumba-American: 0.000110844463052
            Rumba-International: 0.00027068471536
            Rumba-Misc: 0.00019759319548
            Samba: 0.0366461984813
            Tango: 0.00021512863168
            VienneseWaltz: 0.0036356956698
            Waltz: 0.00028242537519
        probability: 0.909281253815
        value: "Jive"
    culture:
        all:
            non_western: 0.0121544580907
            western: 0.987845540047
        probability: 0.987845540047
        value: "western"
    gender:
        all:
            female: 0.00889618229121
            male: 0.991103827953
        probability: 0.991103827953
        value: "male"
    genre_dortmund:
        all:
            alternative: 0.0818981975317
            blues: 0.0129957329482
            electronic: 0.0441960729659
            folkcountry: 0.0620738752186
            funksoulrnb: 0.0328745022416
            jazz: 0.00761069590226
            pop: 0.0761453360319
            raphiphop: 0.0073956027627
            rock: 0.674809992313
        probability: 0.674809992313
        value: "rock"
    genre_electronica:
        all:
            ambient: 0.104817047715
            dnb: 0.412501424551
            house: 0.00938395690173
            techno: 0.0277190599591
            trance: 0.44557851553
        probability: 0.44557851553
        value: "trance"
    genre_rosamerica:
        all:
            cla: 0.0070611028932
            dan: 0.0134541234002
            hip: 0.00632452918217
            jaz: 0.000570860342123
            pop: 0.00687085464597
            rhy: 0.00147191819269
            roc: 0.963504850864
            spe: 0.000741741154343
        probability: 0.963504850864
        value: "roc"
    genre_tzanetakis:
        all:
            blu: 0.00217177649029
            cla: 0.00466886349022
            cou: 0.0478585399687
            dis: 0.0208004377782
            hip: 0.0135700907558
            jaz: 0.0100169628859
            met: 0.42858672142
            pop: 0.0270709469914
            reg: 0.00342327775434
            roc: 0.441832363605
        probability: 0.441832363605
        value: "roc"
    live_studio:
        all:
            live: 0.0179696902633
            studio: 0.982030332088
        probability: 0.982030332088
        value: "studio"
    mood:
        all:
            Cluster1: 0.475211769342
            Cluster2: 0.0413783863187
            Cluster3: 0.00828639604151
            Cluster4: 0.0415303520858
            Cluster5: 0.433593094349
        probability: 0.475211769342
        value: "Cluster1"
    mood_acoustic:
        all:
            acoustic: 0.00445704068989
            not_acoustic: 0.995542943478
        probability: 0.995542943478
        value: "not_acoustic"
    mood_aggressive:
        all:
            aggressive: 0.994917869568
            not_aggressive: 0.00508211087435
        probability: 0.994917869568
        value: "aggressive"
    mood_electronic:
        all:
            electronic: 0.132572501898
            not_electronic: 0.8674274683
        probability: 0.8674274683
        value: "not_electronic"
    mood_happy:
        all:
            happy: 0.387194663286
            not_happy: 0.612805306911
        probability: 0.612805306911
        value: "not_happy"
    mood_party:
        all:
            not_party: 0.178063035011
            party: 0.821936964989
        probability: 0.821936964989
        value: "party"
    mood_relaxed:
        all:
            not_relaxed: 0.98040252924
            relaxed: 0.0195974744856
        probability: 0.98040252924
        value: "not_relaxed"
    mood_sad:
        all:
            not_sad: 0.997262299061
            sad: 0.00273769395426
        probability: 0.997262299061
        value: "not_sad"
    rhythm:
        all:
            fast: 0.924442946911
            medium: 0.0562637969851
            slow: 0.0192932747304
        probability: 0.924442946911
        value: "fast"
    speech_music:
        all:
            music: 0.999744355679
            speech: 0.000255653401837
        probability: 0.999744355679
        value: "music"
    timbre:
        all:
            bright: 0.064061164856
            dark: 0.935938835144
        probability: 0.935938835144
        value: "dark"
    voice_instrumental:
        all:
            instrumental: 0.595505833626
            voice: 0.404494166374
        probability: 0.595505833626
        value: "instrumental"

lowlevel:
    average_loudness: 0.981624186039
    barkbands_kurtosis:
        dmean: 0.63052290678
        dmean2: 1.02025234699
        dvar: 0.753394901752
        dvar2: 1.92983520031
        max: 8.3118057251
        mean: -0.63778346777
        min: -1.72899460793
        var: 1.16152250767
    barkbands_skewness:
        dmean: 0.355370700359
        dmean2: 0.561275303364
        dvar: 0.0985769107938
        dvar2: 0.243312627077
        max: 1.14761674404
        mean: -0.492395162582
        min: -2.50305342674
        var: 0.339372247458
    barkbands_spread:
        dmean: 4.85018634796
        dmean2: 7.70688343048
        dvar: 19.0015201569
        dvar2: 48.9417419434
        max: 50.8702850342
        mean: 30.9918727875
        min: 7.65452480316
        var: 49.5043869019
    dissonance:
        dmean: 0.0102280350402
        dmean2: 0.0170402564108
        dvar: 8.37206680444e-05
        dvar2: 0.000211474485695
        max: 0.498813360929
        mean: 0.478668779135
        min: 0.378195822239
        var: 0.000198662557523
    hfc:
        dmean: 3.96113538742
        dmean2: 6.18424701691
        dvar: 28.9662208557
        dvar2: 72.5860748291
        max: 42.7508888245
        mean: 11.3252363205
        min: 5.78061963097e-06
        var: 48.4647636414
    pitch:
        dmean: 1088.26147461
        dmean2: 2103.36914062
        dvar: 2031149
        dvar2: 5170583
        max: 4410
        mean: 1115.43200684
        min: 81.9702606201
        var: 2054374
    pitch_instantaneous_confidence:
        dmean: 0.0686463937163
        dmean2: 0.113652430475
        dvar: 0.00324032618664
        dvar2: 0.0082986112684
        max: 0.71378415823
        mean: 0.32316878438
        min: 0.144048511982
        var: 0.00908085796982
    pitch_salience:
        dmean: 0.0428513064981
        dmean2: 0.0740897729993
        dvar: 0.00115335232113
        dvar2: 0.00283036753535
        max: 0.832060456276
        mean: 0.70446062088
        min: 0.548236131668
        var: 0.00232556392439
    silence_rate_20dB:
        dmean: 0
        dmean2: 0
        dvar: 0
        dvar2: 0
        max: 1
        mean: 1
        min: 1
        var: 0
    silence_rate_30dB:
        dmean: 0
        dmean2: 0
        dvar: 0
        dvar2: 0
        max: 1
        mean: 1
        min: 1
        var: 0
    silence_rate_60dB:
        dmean: 0.0974477976561
        dmean2: 0.193023249507
        dvar: 0.0879518613219
        dvar2: 0.179020866752
        max: 1
        mean: 0.17824074626
        min: 0
        var: 0.146470919251
    spectral_centroid:
        dmean: 266.314147949
        dmean2: 424.939147949
        dvar: 60097.078125
        dvar2: 156833.953125
        max: 3083.39624023
        mean: 2084.44750977
        min: 876.484008789
        var: 191981.125
    spectral_complexity:
        dmean: 5.24186038971
        dmean2: 7.83449888229
        dvar: 24.8763847351
        dvar2: 52.203338623
        max: 51
        mean: 22.1345710754
        min: 0
        var: 73.9075927734
    spectral_crest:
        dmean: 1.29686319828
        dmean2: 2.26678133011
        dvar: 1.51442015171
        dvar2: 3.95083165169
        max: 13.1821165085
        mean: 5.16612100601
        min: 2.51381826401
        var: 2.55164313316
    spectral_decrease:
        dmean: 3.27384674925e-10
        dmean2: 4.85552820173e-10
        dvar: 1.60441773993e-19
        dvar2: 4.00016401671e-19
        max: -1.11633500261e-15
        mean: -1.11685194426e-09
        min: -3.88671494989e-09
        var: 2.843418363e-19
    spectral_energy:
        dmean: 0.00155908497982
        dmean2: 0.00233018933795
        dvar: 3.8951066017e-06
        dvar2: 9.70339897322e-06
        max: 0.0180122833699
        mean: 0.00524248695001
        min: 4.73762318265e-09
        var: 6.76606714478e-06
    spectral_energyband_high:
        dmean: 0.000283971632598
        dmean2: 0.000475441163871
        dvar: 1.83165028034e-07
        dvar2: 4.74547277918e-07
        max: 0.00373575813137
        mean: 0.000635855714791
        min: 2.43793985e-10
        var: 2.73044008736e-07
    spectral_energyband_low:
        dmean: 9.25495041884e-05
        dmean2: 0.000155551126227
        dvar: 1.23872565538e-08
        dvar2: 3.18813278e-08
        max: 0.000775851425715
        mean: 0.000155041896505
        min: 1.52963153255e-09
        var: 1.83717130398e-08
    spectral_energyband_middle_high:
        dmean: 0.00108691223431
        dmean2: 0.00167691987008
        dvar: 1.75811919689e-06
        dvar2: 4.26788028562e-06
        max: 0.0111671295017
        mean: 0.00313119357452
        min: 2.01308325565e-09
        var: 3.33132311425e-06
    spectral_energyband_middle_low:
        dmean: 0.000515030347742
        dmean2: 0.000831070472486
        dvar: 4.24759605266e-07
        dvar2: 9.62538933891e-07
        max: 0.00665532564744
        mean: 0.00132038688753
        min: 6.12240314002e-10
        var: 7.70422161622e-07
    spectral_flatness_db:
        dmean: 0.0114774527028
        dmean2: 0.0182112418115
        dvar: 0.000109666696517
        dvar2: 0.000255264894804
        max: 0.200420051813
        mean: 0.122668042779
        min: 0.077037781477
        var: 0.00030583536136
    spectral_flux:
        dmean: 0.00827331840992
        dmean2: 0.0119925988838
        dvar: 7.94705410954e-05
        dvar2: 0.00015907130728
        max: 0.0935839116573
        mean: 0.0445655062795
        min: 6.88303916832e-05
        var: 0.000193995350855
    spectral_kurtosis:
        dmean: 0.696762681007
        dmean2: 1.18253219128
        dvar: 0.471355229616
        dvar2: 1.13184845448
        max: 10.0782499313
        mean: 2.9698164463
        min: -0.327720165253
        var: 1.21086144447
    spectral_rms:
        dmean: 0.000317651458317
        dmean2: 0.000459194765426
        dvar: 1.20975073514e-07
        dvar2: 2.83065304529e-07
        max: 0.00419201143086
        mean: 0.00219886307605
        min: 2.14990041059e-06
        var: 2.79619513321e-07
    spectral_rolloff:
        dmean: 277.027130127
        dmean2: 460.679962158
        dvar: 83003.0859375
        dvar2: 188831.234375
        max: 5512.5
        mean: 3648.65283203
        min: 1291.9921875
        var: 279115.84375
    spectral_skewness:
        dmean: 0.138329699636
        dmean2: 0.228723421693
        dvar: 0.0184875912964
        dvar2: 0.038208629936
        max: 2.87018752098
        mean: 1.28614556789
        min: 0.61095893383
        var: 0.0619086287916
    spectral_spread:
        dmean: 448844.5625
        dmean2: 643480.75
        dvar: 609728790528
        dvar2: 758837673984
        max: 16772942
        mean: 4890154
        min: 2880535.25
        var: 1.33911989453e+12
    spectral_strongpeak:
        dmean: 0.602729856968
        dmean2: 1.04375362396
        dvar: 0.576370358467
        dvar2: 1.42517137527
        max: 5.14516735077
        mean: 0.864946186543
        min: 0
        var: 0.848055660725
    zerocrossingrate:
        dmean: 0.00722996890545
        dmean2: 0.00884141866118
        dvar: 4.33483837696e-05
        dvar2: 5.45056427654e-05
        max: 0.169921875
        mean: 0.112556189299
        min: 0.0419921875
        var: 0.00035704363836
    barkbands:
        dmean: [7.30119495529e-07, 5.53386016691e-05, 6.21799481451e-05, 0.00011195429397, 0.000256634259131, 0.00013847547234, 0.000162625176017, 5.6374406995e-05, 0.000115183065645, 8.38313426357e-05, 7.73042411311e-05, 5.62589048059e-05, 9.34715426411e-05, 0.00013156895875, 0.000116214047011, 0.000143554498209, 0.000213569262996, 0.000409235159168, 0.000264270202024, 0.000303343345877, 0.000112833877211, 4.39743780589e-05, 7.8961111285e-06, 2.59765170085e-06, 1.97770441446e-06, 3.97883539449e-08, 8.71877237074e-10]
        dmean2: [7.45461193219e-07, 8.98090875125e-05, 0.000112108318717, 0.000191824074136, 0.000417972914875, 0.000222422269871, 0.000277480401564, 8.91279778443e-05, 0.000185677592526, 0.000135727066663, 0.000125044360175, 9.4029273896e-05, 0.000155340574565, 0.000216963715502, 0.000196023305762, 0.000222854956519, 0.00033887985046, 0.000666664680466, 0.000442901597125, 0.000518886954524, 0.000191020983038, 7.2850532888e-05, 1.23653153423e-05, 4.16807506554e-06, 2.99084013022e-06, 6.06517360779e-08, 1.13131404245e-09]
        dvar: [1.10841468382e-12, 6.10925443567e-09, 6.87127776899e-09, 2.50445424399e-08, 1.25925268435e-07, 3.90150560747e-08, 7.39264862659e-08, 9.61466728455e-09, 2.3877195332e-08, 1.12115676743e-08, 8.99735042026e-09, 5.21720711077e-09, 2.3058717602e-08, 6.95329163136e-08, 1.84637105605e-08, 3.57133878026e-08, 5.76361038895e-08, 3.89985615357e-07, 1.18637231594e-07, 1.95949553472e-07, 2.22569287445e-08, 3.79865783273e-09, 1.4679472915e-10, 2.84855021515e-11, 1.19455764724e-11, 3.49795342228e-15, 1.36980169762e-16]
        dvar2: [1.23538202237e-12, 1.45856979827e-08, 1.99979552917e-08, 6.75890490243e-08, 2.99412704408e-07, 8.81819275378e-08, 1.937174261e-07, 2.11437605202e-08, 6.12221171536e-08, 2.72833062809e-08, 2.06101269384e-08, 1.36624498381e-08, 5.92125708465e-08, 1.85539576592e-07, 4.70100900429e-08, 7.73151072053e-08, 1.42257349012e-07, 1.01976092992e-06, 2.95817841334e-07, 5.19518380315e-07, 5.90906985565e-08, 9.75495151323e-09, 3.20731274872e-10, 6.66466812294e-11, 2.3247591352e-11, 8.09111197502e-15, 1.36861042519e-16]
        max: [7.09591449777e-06, 0.000513846578542, 0.000686206272803, 0.0016306709731, 0.00259571452625, 0.00216018711217, 0.0039157141, 0.0011471263133, 0.00159881520085, 0.00129063217901, 0.000982869183645, 0.000692240893841, 0.00204145815223, 0.00288978242315, 0.0012669126736, 0.00197043688968, 0.00201211334206, 0.006068456918, 0.00322914356366, 0.00372793409042, 0.00140917953104, 0.000542985566426, 0.000152411084855, 7.90544581832e-05, 5.14698658662e-05, 6.23948153589e-07, 2.43668893063e-07]
        mean: [1.12329166768e-06, 7.9328980064e-05, 7.46037185309e-05, 0.000145292215166, 0.000351505295839, 0.000245361297857, 0.000253735808656, 8.87524729478e-05, 0.000208374956856, 0.000155946341692, 0.000130428001285, 9.09621303435e-05, 0.000166007099324, 0.000233981161728, 0.000213634004467, 0.000261893845163, 0.000424674333772, 0.000696311180945, 0.000516388099641, 0.00054318702314, 0.00024655245943, 8.54626559885e-05, 1.84882028407e-05, 5.75723197471e-06, 4.65614357381e-06, 8.35842328684e-08, 8.73765393372e-10]
        min: [3.31444816037e-10, 8.31035851245e-10, 3.67938290946e-10, 2.35788000236e-10, 2.66788258152e-10, 7.03151703529e-11, 7.44206259118e-12, 2.72647659658e-12, 2.30492760295e-11, 5.66816212022e-11, 6.90429172168e-11, 8.25420565231e-11, 5.33562638516e-11, 1.941075356e-10, 3.57644219795e-10, 6.41895758768e-10, 1.95530980296e-10, 2.10563524949e-10, 1.56053989175e-10, 3.39487049583e-11, 1.66711658367e-10, 2.86702640795e-11, 4.39353718337e-12, 2.69435016832e-12, 3.55998910906e-12, 2.86010928482e-12, 1.235547309e-13]
        var: [3.30069023328e-12, 7.87753329234e-09, 7.03046154626e-09, 2.58855799018e-08, 1.59978611691e-07, 9.36891382253e-08, 1.01116057749e-07, 1.49079006917e-08, 5.33711776995e-08, 2.12242348141e-08, 2.2616076123e-08, 7.10675740478e-09, 2.85843828607e-08, 1.07206602706e-07, 2.92710407024e-08, 7.46631698689e-08, 1.3808758581e-07, 5.03419073539e-07, 1.98001103513e-07, 2.54891091345e-07, 3.47553452684e-08, 5.89520166017e-09, 4.95317398208e-10, 6.4446191439e-11, 3.2876659728e-11, 6.15086061308e-15, 1.37238104529e-16]
    mfcc:
        mean: [-670.977966309, 89.1318893433, -53.7781448364, 47.4378433228, -14.240530014, -2.17752575874, -1.75791490078, -5.37681627274, -1.48457682133, -5.64731264114, -1.77019906044, -6.61118984222, -4.7977771759]
        cov: [[2012.16552734, -232.882507324, -28.1434631348, 45.5151062012, -72.3325042725, -91.0623550415, -84.849571228, -54.0016136169, -81.9782104492, -17.6626415253, -15.4732446671, 7.9895234108, 8.74761199951], [-232.882507324, 308.110351562, -17.6227035522, -20.1042728424, -36.1082305908, -12.299082756, 7.97138595581, 20.9940700531, 11.4382209778, 7.58237886429, 10.1698541641, -8.4840259552, 5.6400680542], [-28.1434631348, -17.6227035522, 181.997360229, -40.2291793823, -8.03440856934, 0.31808719039, 3.75806713104, -5.28072071075, -8.00761222839, 5.41029310226, 1.80708229542, -1.76723825932, 12.7746944427], [45.5151062012, -20.1042728424, -40.2291793823, 189.527435303, 8.74256038666, 5.01313018799, -37.9592018127, 6.13166999817, 5.35713720322, -8.32245826721, -13.1234855652, 9.10213565826, 13.5405130386], [-72.3325042725, -36.1082305908, -8.03440856934, 8.74256038666, 112.292114258, 36.7515869141, 22.5402488708, 6.51407909393, 25.9513607025, 5.71801710129, 3.50713562965, 7.74488401413, 5.01075458527], [-91.0623550415, -12.299082756, 0.31808719039, 5.01313018799, 36.7515869141, 92.4632644653, 36.5446090698, 18.389799118, 8.56732559204, 11.9345264435, 6.71711158752, 5.52165317535, -0.501241981983], [-84.849571228, 7.97138595581, 3.75806713104, -37.9592018127, 22.5402488708, 36.5446090698, 87.1776733398, 31.0704059601, 21.9349040985, 14.0421352386, 9.03464889526, -1.05124676228, -6.54552984238], [-54.0016136169, 20.9940700531, -5.28072071075, 6.13166999817, 6.51407909393, 18.389799118, 31.0704059601, 64.455871582, 32.5278015137, 18.5752468109, -0.334933400154, 2.80669522285, 2.90290164948], [-81.9782104492, 11.4382209778, -8.00761222839, 5.35713720322, 25.9513607025, 8.56732559204, 21.9349040985, 32.5278015137, 67.394821167, 20.7202301025, 1.47117376328, -2.6752576828, -0.0335937179625], [-17.6626415253, 7.58237886429, 5.41029310226, -8.32245826721, 5.71801710129, 11.9345264435, 14.0421352386, 18.5752468109, 20.7202301025, 49.7261009216, 19.1094684601, 6.63062334061, 1.57046806812], [-15.4732446671, 10.1698541641, 1.80708229542, -13.1234855652, 3.50713562965, 6.71711158752, 9.03464889526, -0.334933400154, 1.47117376328, 19.1094684601, 43.4806900024, 16.4007892609, 3.68330621719], [7.9895234108, -8.4840259552, -1.76723825932, 9.10213565826, 7.74488401413, 5.52165317535, -1.05124676228, 2.80669522285, -2.6752576828, 6.63062334061, 16.4007892609, 40.4600791931, 20.6538658142], [8.74761199951, 5.6400680542, 12.7746944427, 13.5405130386, 5.01075458527, -0.501241981983, -6.54552984238, 2.90290164948, -0.0335937179625, 1.57046806812, 3.68330621719, 20.6538658142, 46.3155937195]]
        icov: [[0.00062186626019, 0.000521712237969, 0.000194345993805, -6.45975378575e-05, 0.000271554134088, 0.000512479105964, 0.000137648676173, -7.73433566792e-05, 0.000626872526482, -0.000342248997185, 5.38152125955e-05, 0.000101332370832, -0.00025264165015], [0.000521712237969, 0.0041303592734, 0.000741711060982, 0.000372236652765, 0.00152110448107, 0.000632209877949, 0.000112284018542, -0.00130965874996, 1.29042236949e-05, 5.96292447881e-05, -0.00156052049715, 0.00192516448442, -0.00171109323855], [0.000194345993805, 0.000741711060982, 0.00624211551622, 0.00140718650073, 0.000623077619821, -0.000180689108674, 5.00863934576e-05, 0.000250147131737, 0.000798957364168, -0.00113176379818, 0.000109535176307, 0.00172789942008, -0.00307836919092], [-6.45975378575e-05, 0.000372236652765, 0.00140718650073, 0.00687606167048, -0.000270336255198, -0.0016087142285, 0.00407063821331, -0.00183267670218, -0.00100198190194, 0.000909885624424, 0.00143017340451, -0.000943161838222, -0.00145423552021], [0.000271554134088, 0.00152110448107, 0.000623077619821, -0.000270336255198, 0.0124674374238, -0.0040078018792, -0.00157281185966, 0.00302198971622, -0.00547936512157, 0.00113441480789, -1.90079463209e-05, -0.00151141791139, -0.00150014902465], [0.000512479105964, 0.000632209877949, -0.000180689108674, -0.0016087142285, -0.0040078018792, 0.0157309435308, -0.00547059485689, -0.00229732366279, 0.00380664668046, -0.00248784758151, -0.000324471999193, -0.000527797383256, 0.000669356028084], [0.000137648676173, 0.000112284018542, 5.00863934576e-05, 0.00407063821331, -0.00157281185966, -0.00547059485689, 0.0194669701159, -0.00753577239811, -0.00182591646444, 0.0011960886186, -0.00291692838073, 0.00111381721217, 0.00178427854553], [-7.73433566792e-05, -0.00130965874996, 0.000250147131737, -0.00183267670218, 0.00302198971622, -0.00229732366279, -0.00753577239811, 0.0267277229577, -0.00958752352744, -0.00553683517501, 0.00583940185606, -0.00368813704699, -0.00109002715908], [0.000626872526482, 1.29042236949e-05, 0.000798957364168, -0.00100198190194, -0.00547936512157, 0.00380664668046, -0.00182591646444, -0.00958752352744, 0.0251008216292, -0.00760758807883, 0.00103713537101, 0.00414173584431, -0.00072381447535], [-0.000342248997185, 5.96292447881e-05, -0.00113176379818, 0.000909885624424, 0.00113441480789, -0.00248784758151, 0.0011960886186, -0.00553683517501, -0.00760758807883, 0.0306215658784, -0.012997505255, -0.000160375362611, 0.000531272555236], [5.38152125955e-05, -0.00156052049715, 0.000109535176307, 0.00143017340451, -1.90079463209e-05, -0.000324471999193, -0.00291692838073, 0.00583940185606, 0.00103713537101, -0.012997505255, 0.035556152463, -0.0149528058246, 0.00323370005935], [0.000101332370832, 0.00192516448442, 0.00172789942008, -0.000943161838222, -0.00151141791139, -0.000527797383256, 0.00111381721217, -0.00368813704699, 0.00414173584431, -0.000160375362611, -0.0149528058246, 0.0410900004208, -0.0170340463519], [-0.00025264165015, -0.00171109323855, -0.00307836919092, -0.00145423552021, -0.00150014902465, 0.000669356028084, 0.00178427854553, -0.00109002715908, -0.00072381447535, 0.000531272555236, 0.00323370005935, -0.0170340463519, 0.0309317465872]]
    spectral_contrast:
        mean: [-2.06507280609e-07, 3.06502357716e-07, -1.97454966155e-07, 1.3926189979e-07, -7.58973897064e-08, 5.91206150702e-09, 1.11623876364e-06, 3.33288170395e-08, -1.1872525647e-06, 2.01445732273e-06, 2.12315626413e-06, 7.63381962088e-08]
        var: [0.000381591758924, 0.000476885790704, 0.00106631335802, 0.00195158238057, 0.00202324194834, 0.00367314415053, 0.0434574149549, 0.0814759582281, 0.109355263412, 0.162269532681, 0.265220046043, 1.06112015247]

rhythm:
    beats_loudness:
        dmean: 0.00318296020851
        dmean2: 0.00611831992865
        dvar: 3.54065059582e-06
        dvar2: 9.20439106267e-06
        max: 0.01269993186
        mean: 0.00748977204785
        min: 0.00346206803806
        var: 5.41956023881e-06
    beats_loudness_bass:
        dmean: 0.0317076966166
        dmean2: 0.0559890531003
        dvar: 0.00071361096343
        dvar2: 0.00173029385041
        max: 0.124795943499
        mean: 0.0374571420252
        min: 0.00932938512415
        var: 0.000735654204618
    bpm: 147.742477417
    bpm_confidence: 0
    first_peak_bpm: 148
    first_peak_spread: 0
    first_peak_weight: 0.956521749496
    onset_rate: 4.79764986038
    second_peak_bpm: 139
    second_peak_spread: 0
    second_peak_weight: 0.0434782616794
    beats_position: [0.192929089069, 0.599507212639, 1.00608539581, 1.41266345978, 1.81924152374, 2.22581958771, 2.63239765167, 3.03897595406, 3.44555401802, 3.85213208199, 4.25871038437, 4.66528844833, 5.0718665123, 5.47844457626, 5.88502264023, 6.31727361679, 6.72313117981, 7.12898778915, 7.53484535217, 7.94070196152, 8.34655952454, 8.75241661072, 9.1582736969, 9.56413078308]
    bpm_estimates: [147.800460815, 147.802658081, 147.741577148, 147.820999146, 146.706268311, 147.877975464, 147.773910522, 148.482955933, 148.026504517, 147.803375244, 147.770294189, 147.737075806, 147.743148804, 147.307662964]
    bpm_intervals: [0.406578123569, 0.406578183174, 0.406578063965, 0.406578063965, 0.406578063965, 0.406578063965, 0.406578302383, 0.406578063965, 0.406578063965, 0.406578302383, 0.406578063965, 0.406578063965, 0.406578063965, 0.406578063965, 0.432250976562, 0.405857563019, 0.405856609344, 0.405857563019, 0.405856609344, 0.405857563019, 0.405857086182, 0.405857086182, 0.405857086182]
    onset_times: [0.0580498874187, 0.162539675832, 0.371519267559, 0.522448956966, 0.592108845711, 0.812698423862, 0.99845802784, 1.20743763447, 1.4164172411, 1.62539684772, 2.02013611794, 2.21750569344, 2.63546490669, 2.83283448219, 3.04181408882, 3.26240372658, 3.65714287758, 3.85451245308, 4.08671188354, 4.22603178024, 4.46984148026, 4.88780021667, 5.05034017563, 5.08517026901, 5.28253984451, 5.41024923325, 5.47990942001, 5.89786863327, 6.14167785645, 6.3042178154, 6.51319742203, 6.91954660416, 7.11691617966, 7.32589578629, 7.36072540283, 7.52326536179, 7.73224496841, 7.94122457504, 8.103764534, 8.13859367371, 8.33596324921, 8.74231338501, 9.05578231812, 9.16027164459, 9.36925125122, 9.4040813446, 9.5666217804, 9.77560043335]
    rubato_start: []
    rubato_stop: []
    perceptual_tempo: "unknown"

sfx:
    inharmonicity:
        dmean: 0.0700450763106
        dmean2: 0.123348377645
        dvar: 0.00407796772197
        dvar2: 0.0115540996194
        max: 0.339015781879
        mean: 0.0877548456192
        min: 0.000264111411525
        var: 0.00484934542328
    oddtoevenharmonicenergyratio:
        dmean: 1.5108935833
        dmean2: 2.79398036003
        dvar: 24.0751495361
        dvar2: 70.8984832764
        max: 69.1488571167
        mean: 1.25065016747
        min: 0.00549482321367
        var: 13.2686414719
    pitch_after_max_to_before_max_energy_ratio: 1.13140177727
    pitch_centroid: 204.814590454
    pitch_max_to_total: 0.452436208725
    pitch_min_to_total: 0.122969835997
    tristimulus:
        dmean: [0.139243483543, 0.239080548286, 0.157741099596]
        dmean2: [0.233335033059, 0.415445685387, 0.278493404388]
        dvar: [0.0127775361761, 0.0480588376522, 0.0188614875078]
        dvar2: [0.0353227965534, 0.133957207203, 0.0526363886893]
        max: [0.782030105591, 0.947309732437, 0.699756264687]
        mean: [0.276778191328, 0.490460932255, 0.161472097039]
        min: [0.0118809510022, 0, 0]
        var: [0.0209455024451, 0.0537407174706, 0.0238439682871]

tonal:
    chords_changes_rate: 0.0322580635548
    chords_number_rate: 0.0184331797063
    chords_strength:
        dmean: 0.0100416122004
        dmean2: 0.00960485450923
        dvar: 6.03729349677e-05
        dvar2: 7.54924767534e-05
        max: 0.778328835964
        mean: 0.550503790379
        min: 0.411180764437
        var: 0.00720597570762
    key_strength: 0.797054886818
    tuning_diatonic_strength: 0.663179397583
    tuning_equal_tempered_deviation: 0.128166675568
    tuning_frequency: 439.491973877
    tuning_nontempered_energy_ratio: 0.757812261581
    hpcp:
        dmean: [0.190851971507, 0.187077388167, 0.173917636275, 0.156993120909, 0.170128896832, 0.163931921124, 0.197031363845, 0.192079633474, 0.158352211118, 0.131324902177, 0.109330780804, 0.106313221157, 0.110796272755, 0.107362307608, 0.124892480671, 0.155220881104, 0.152501642704, 0.116754956543, 0.116925887764, 0.144612491131, 0.212824612856, 0.233161941171, 0.216890394688, 0.200927600265, 0.15079215169, 0.170534953475, 0.166863977909, 0.145325690508, 0.151119321585, 0.170128002763, 0.170253887773, 0.177385792136, 0.185027658939, 0.206429839134, 0.202905446291, 0.198853716254]
        dmean2: [0.311883866787, 0.317970722914, 0.29193097353, 0.256410300732, 0.294128924608, 0.282329410315, 0.327454298735, 0.32253408432, 0.268895894289, 0.217431813478, 0.171361327171, 0.17299580574, 0.181762963533, 0.176547408104, 0.209818452597, 0.256059527397, 0.249119460583, 0.191892683506, 0.201899796724, 0.252074658871, 0.37290763855, 0.382785946131, 0.34464815259, 0.330698132515, 0.25998878479, 0.289998352528, 0.288330554962, 0.247534304857, 0.252857208252, 0.269082665443, 0.278141796589, 0.284450858831, 0.299740970135, 0.344558149576, 0.348447799683, 0.344717025757]
        dvar: [0.0312794707716, 0.0293161701411, 0.0343554951251, 0.0348241068423, 0.0267262030393, 0.0283053237945, 0.0316475406289, 0.0317238643765, 0.0264696087688, 0.0204948391765, 0.0129583645612, 0.0147794792429, 0.0183934513479, 0.0150589803234, 0.0173238664865, 0.0193362813443, 0.0241849459708, 0.0146377617493, 0.0170502979308, 0.0214623119682, 0.0431053563952, 0.0334031768143, 0.0336920693517, 0.0364269092679, 0.0232071503997, 0.0388613753021, 0.0318461209536, 0.0185123421252, 0.017620831728, 0.0259500071406, 0.0325944721699, 0.0345971770585, 0.0383977666497, 0.0389535725117, 0.0377281866968, 0.0338922664523]
        dvar2: [0.071875475347, 0.0748758092523, 0.0981598645449, 0.0835751369596, 0.0700647234917, 0.0725011304021, 0.0858506038785, 0.0805800557137, 0.0683503672481, 0.0522258877754, 0.0305973477662, 0.0368326157331, 0.0467191971838, 0.035062558949, 0.0422519892454, 0.0493970960379, 0.0605097562075, 0.0352679304779, 0.045381821692, 0.0565807074308, 0.127046391368, 0.0924922823906, 0.0758923143148, 0.095349535346, 0.0586034357548, 0.108183123171, 0.0955551415682, 0.0480332784355, 0.0440362691879, 0.0658041164279, 0.0732821747661, 0.0912622660398, 0.0860302299261, 0.0999023318291, 0.100007720292, 0.0959707200527]
        max: [1, 1, 1, 1, 1, 1, 1, 1, 1, 1, 0.979752898216, 1, 0.982563197613, 1, 1, 1, 1, 1, 1, 0.854426085949, 1, 1, 1, 1, 0.977285027504, 1, 1, 1, 0.968181729317, 1, 1, 1, 1, 1, 1, 1]
        mean: [0.523063778877, 0.414467513561, 0.256874442101, 0.253938317299, 0.277699172497, 0.349219173193, 0.429722875357, 0.363548010588, 0.265315175056, 0.228794887662, 0.190578445792, 0.192388519645, 0.206271365285, 0.192231208086, 0.224839493632, 0.308102369308, 0.287284344435, 0.211272597313, 0.190292626619, 0.2064088732, 0.368439823389, 0.584572374821, 0.526838421822, 0.33294659853, 0.258633553982, 0.278054267168, 0.278138637543, 0.249061122537, 0.246963813901, 0.27731230855, 0.330396980047, 0.306333422661, 0.304247111082, 0.33218768239, 0.287994772196, 0.372755646706]
        min: [0, 0, 0, 0, 0, 0, 0, 0, 0, 0, 0, 0, 0, 0, 0, 0, 0, 0, 0, 0, 0, 0, 0, 0, 0, 0, 0, 0, 0, 0, 0, 0, 0, 0, 0, 0]
        var: [0.096637673676, 0.0563094392419, 0.0418296456337, 0.0479313470423, 0.0464555770159, 0.0588039420545, 0.0643313899636, 0.0534689761698, 0.0416441597044, 0.039836268872, 0.0231866445392, 0.0215422697365, 0.0261119175702, 0.0239931866527, 0.0259717274457, 0.0494483746588, 0.0555769763887, 0.024596080184, 0.0218201186508, 0.0310675576329, 0.0536445938051, 0.0788580179214, 0.0705823972821, 0.0620099008083, 0.0361601002514, 0.0492030233145, 0.0459595285356, 0.0347151719034, 0.0305570140481, 0.047454982996, 0.0841056630015, 0.0705689117312, 0.0548789724708, 0.0578768961132, 0.051291372627, 0.0478647388518]
    chords_histogram: [40.0921669006, 0.460829496384, 29.9539165497, 0, 0, 0, 0, 12.4423961639, 0, 17.0506916046, 0, 0, 0, 0, 0, 0, 0, 0, 0, 0, 0, 0, 0, 0]
    thpcp: [1, 0.901237308979, 0.569555819035, 0.442432045937, 0.475654125214, 0.475798457861, 0.426056951284, 0.422469168901, 0.474384903908, 0.565194308758, 0.524029910564, 0.520460963249, 0.568257570267, 0.492658883333, 0.637655258179, 0.894780158997, 0.709009766579, 0.439422816038, 0.434400141239, 0.475046694279, 0.597392559052, 0.735106348991, 0.621904194355, 0.45386198163, 0.391388475895, 0.326013445854, 0.329109847546, 0.352858543396, 0.328840732574, 0.38462215662, 0.527055978775, 0.491443574429, 0.361413925886, 0.325524508953, 0.353093773127, 0.630272388458]
    chords_key: "A"
    chords_scale: "minor"
    key_key: "A"
    key_scale: "minor"
    chords_progression: ["Am", "Am", "Am", "Am", "Am", "Am", "Am", "Am", "Am", "Am", "Am", "Am", "Am", "Am", "Am", "Am", "Am", "Am", "Am", "Am", "Am", "Am", "Am", "Am", "Am", "Am", "Am", "Am", "Am", "Am", "Am", "Am", "Am", "Am", "Am", "Am", "Am", "Am", "Am", "Am", "Am", "A", "A", "A", "A", "A", "A", "A", "A", "A", "A", "A", "A", "A", "A", "A", "A", "A", "A", "A", "A", "A", "A", "A", "A", "A", "A", "A", "Am", "Am", "Am", "Em", "Em", "Em", "Em", "Em", "Em", "Em", "Em", "Em", "Em", "Em", "Em", "Em", "Em", "Em", "Em", "Em", "Em", "Em", "Em", "Em", "Em", "Em", "Em", "Em", "Em", "Em", "Em", "Em", "Em", "Em", "Em", "Em", "Em", "Em", "Em", "Em", "E", "E", "E", "E", "E", "E", "E", "E", "E", "E", "E", "E", "E", "E", "E", "E", "E", "E", "E", "E", "E", "E", "E", "E", "E", "E", "E", "E", "E", "E", "E", "E", "E", "E", "E", "E", "E", "Em", "Em", "Em", "Em", "Em", "Em", "Em", "Em", "Em", "Em", "Em", "Em", "Em", "Em", "Em", "Em", "Em", "Em", "Em", "Em", "Em", "Em", "Em", "Em", "Em", "Em", "Em", "Em", "C", "Am", "Am", "Am", "Am", "Am", "Am", "Am", "Am", "Am", "Am", "Am", "Am", "Am", "Am", "Am", "Am", "Am", "Am", "Am", "Am", "Am", "Am", "Am", "Am", "Am", "Am", "Am", "Am", "Am", "Am", "Am", "Am", "Am", "Am", "Am", "Am", "Am", "Am", "Am", "Am", "Am", "Am", "Am"]
