
metadata:
    version:
        essentia: "1.2.2"
    audio_properties:
        analysis_sample_rate: 44100
        bitrate: 128
        channels: 2
        equal_loudness: 1
        length: 10.0310201645
        replay_gain: -11.1021766663
        downmix: "mix"
    tags:
        track: 24
        year: 0
        album: "Splitted by Mp3Splt v. 2.1"
        artist: "From 003.50 To 004.00"
        comment: "http://mp3splt.sf.net"
        genre: ""
        title: "01 Love Burns.mp3"

highlevel:
    ballroom:
        all:
            ChaChaCha: 0.239448562264
            Jive: 0.0471910499036
            Quickstep: 0.0653994455934
            Rumba-American: 0.0233950912952
            Rumba-International: 0.270609200001
            Rumba-Misc: 0.0998411104083
            Samba: 0.156697496772
            Tango: 0.0420639812946
            VienneseWaltz: 0.0166831146926
            Waltz: 0.0386709459126
        probability: 0.270609200001
        value: "Rumba-International"
    culture:
        all:
            non_western: 0.895667314529
            western: 0.104332707822
        probability: 0.895667314529
        value: "non_western"
    gender:
        all:
            female: 0.452106714249
            male: 0.547893285751
        probability: 0.547893285751
        value: "male"
    genre_dortmund:
        all:
            alternative: 0.158967629075
            blues: 0.0621691532433
            electronic: 0.0548033602536
            folkcountry: 0.0551071874797
            funksoulrnb: 0.00880285073072
            jazz: 0.327798217535
            pop: 0.0445304065943
            raphiphop: 0.031183514744
            rock: 0.256637662649
        probability: 0.327798217535
        value: "jazz"
    genre_electronica:
        all:
            ambient: 0.505375146866
            dnb: 0.0621699206531
            house: 0.252418994904
            techno: 0.107213020325
            trance: 0.0728229209781
        probability: 0.505375146866
        value: "ambient"
    genre_rosamerica:
        all:
            cla: 0.0469868183136
            dan: 0.114779084921
            hip: 0.0424731299281
            jaz: 0.160790547729
            pop: 0.171196326613
            rhy: 0.273937612772
            roc: 0.176828950644
            spe: 0.0130075393245
        probability: 0.273937612772
        value: "rhy"
    genre_tzanetakis:
        all:
            blu: 0.0289510563016
            cla: 0.0291380695999
            cou: 0.0617955438793
            dis: 0.0593655183911
            hip: 0.0540006868541
            jaz: 0.0377934388816
            met: 0.0198267810047
            pop: 0.0908979326487
            reg: 0.407850801945
            roc: 0.210380166769
        probability: 0.407850801945
        value: "reg"
    live_studio:
        all:
            live: 0.413620382547
            studio: 0.586379647255
        probability: 0.586379647255
        value: "studio"
    mood:
        all:
            Cluster1: 0.339020371437
            Cluster2: 0.045432690531
            Cluster3: 0.330326706171
            Cluster4: 0.0326747074723
            Cluster5: 0.252545535564
        probability: 0.339020371437
        value: "Cluster1"
    mood_acoustic:
        all:
            acoustic: 0.735639750957
            not_acoustic: 0.264360249043
        probability: 0.735639750957
        value: "acoustic"
    mood_aggressive:
        all:
            aggressive: 0.0774461403489
            not_aggressive: 0.922553837299
        probability: 0.922553837299
        value: "not_aggressive"
    mood_electronic:
        all:
            electronic: 0.284927487373
            not_electronic: 0.715072512627
        probability: 0.715072512627
        value: "not_electronic"
    mood_happy:
        all:
            happy: 0.0333771370351
            not_happy: 0.966622889042
        probability: 0.966622889042
        value: "not_happy"
    mood_party:
        all:
            not_party: 0.827644646168
            party: 0.17235532403
        probability: 0.827644646168
        value: "not_party"
    mood_relaxed:
        all:
            not_relaxed: 0.200753971934
            relaxed: 0.799246013165
        probability: 0.799246013165
        value: "relaxed"
    mood_sad:
        all:
            not_sad: 0.164812639356
            sad: 0.835187375546
        probability: 0.835187375546
        value: "sad"
    rhythm:
        all:
            fast: 0.808562457561
            medium: 0.0303931087255
            slow: 0.161044463515
        probability: 0.808562457561
        value: "fast"
    speech_music:
        all:
            music: 0.999717712402
            speech: 0.000282269757008
        probability: 0.999717712402
        value: "music"
    timbre:
        all:
            bright: 0.0369297489524
            dark: 0.963070273399
        probability: 0.963070273399
        value: "dark"
    voice_instrumental:
        all:
            instrumental: 0.659143865108
            voice: 0.340856164694
        probability: 0.659143865108
        value: "instrumental"

lowlevel:
    average_loudness: 0.789187133312
    barkbands_kurtosis:
        dmean: 3.71723175049
        dmean2: 5.70978498459
        dvar: 44.8875846863
        dvar2: 110.049446106
        max: 79.3165054321
        mean: 6.14289331436
        min: -1.75310409069
        var: 124.97203064
    barkbands_skewness:
        dmean: 0.616748631001
        dmean2: 0.94975566864
        dvar: 0.58723795414
        dvar2: 1.33290481567
        max: 7.65600538254
        mean: 1.57392919064
        min: -3.31992030144
        var: 2.3497800827
    barkbands_spread:
        dmean: 5.69432783127
        dmean2: 8.2713804245
        dvar: 51.2845001221
        dvar2: 96.3151321411
        max: 60.8273849487
        mean: 21.481180191
        min: 0.818410634995
        var: 216.820861816
    dissonance:
        dmean: 0.0171937439591
        dmean2: 0.0275728628039
        dvar: 0.000328427413478
        dvar2: 0.000724666926544
        max: 0.499121576548
        mean: 0.451805323362
        min: 0.247021615505
        var: 0.00144814373925
    hfc:
        dmean: 1.02987408638
        dmean2: 1.26231920719
        dvar: 6.16390371323
        dvar2: 8.82159805298
        max: 42.5374336243
        mean: 2.65071630478
        min: 7.13563622412e-07
        var: 25.2032833099
    pitch:
        dmean: 309.628204346
        dmean2: 593.721801758
        dvar: 794881.375
        dvar2: 2002449.25
        max: 4410
        mean: 464.787353516
        min: 56.5384597778
        var: 688021
    pitch_instantaneous_confidence:
        dmean: 0.0858426913619
        dmean2: 0.140109702945
        dvar: 0.00780320214108
        dvar2: 0.0177762471139
        max: 0.924990057945
        mean: 0.463478296995
        min: 0.0121752023697
        var: 0.0289768911898
    pitch_salience:
        dmean: 0.0703003630042
        dmean2: 0.115106962621
        dvar: 0.00440654251724
        dvar2: 0.0101445019245
        max: 0.884142398834
        mean: 0.496198654175
        min: 0.165527239442
        var: 0.0131722185761
    silence_rate_20dB:
        dmean: 0
        dmean2: 0
        dvar: 0
        dvar2: 0
        max: 1
        mean: 1
        min: 1
        var: 0
    silence_rate_30dB:
        dmean: 0
        dmean2: 0
        dvar: 0
        dvar2: 0
        max: 1
        mean: 1
        min: 1
        var: 0
    silence_rate_60dB:
        dmean: 0.0869565233588
        dmean2: 0.174334138632
        dvar: 0.0793946012855
        dvar2: 0.177840948105
        max: 1
        mean: 0.718072295189
        min: 0
        var: 0.202444344759
    spectral_centroid:
        dmean: 236.641693115
        dmean2: 363.017944336
        dvar: 178286.078125
        dvar2: 410428.9375
        max: 4101.20019531
        mean: 880.544799805
        min: 165.275863647
        var: 495377.46875
    spectral_complexity:
        dmean: 1.63451778889
        dmean2: 2.47582697868
        dvar: 7.55168533325
        dvar2: 12.5039129257
        max: 32
        mean: 5.5189871788
        min: 0
        var: 42.786277771
    spectral_crest:
        dmean: 2.37300205231
        dmean2: 3.87348890305
        dvar: 6.19407320023
        dvar2: 15.3855056763
        max: 24.2648468018
        mean: 11.5278902054
        min: 3.23534202576
        var: 23.6060218811
    spectral_decrease:
        dmean: 2.07699288324e-10
        dmean2: 3.03919223121e-10
        dvar: 1.18446809495e-19
        dvar2: 2.68138608871e-19
        max: -5.4494536994e-16
        mean: -6.27588425672e-10
        min: -3.91929244614e-09
        var: 4.77772800968e-19
    spectral_energy:
        dmean: 0.00086658867076
        dmean2: 0.00123927555978
        dvar: 2.08319761441e-06
        dvar2: 4.36285881733e-06
        max: 0.0168064627796
        mean: 0.00260908994824
        min: 2.12147321932e-09
        var: 8.77767524798e-06
    spectral_energyband_high:
        dmean: 8.17276522866e-05
        dmean2: 0.000108312509838
        dvar: 4.04677251709e-08
        dvar2: 7.12612546749e-08
        max: 0.00259900768287
        mean: 0.000145733021782
        min: 1.65096269988e-11
        var: 1.2467022259e-07
    spectral_energyband_low:
        dmean: 0.00022892425477
        dmean2: 0.000333811767632
        dvar: 2.06213627507e-07
        dvar2: 4.52330510825e-07
        max: 0.00484029809013
        mean: 0.000470416125609
        min: 8.39025071642e-10
        var: 5.69540247852e-07
    spectral_energyband_middle_high:
        dmean: 0.000220835529035
        dmean2: 0.0002789265709
        dvar: 2.75929181726e-07
        dvar2: 3.9311359501e-07
        max: 0.00897494051605
        mean: 0.000568606075831
        min: 8.61230392557e-11
        var: 1.2741700175e-06
    spectral_energyband_middle_low:
        dmean: 0.000558803207241
        dmean2: 0.000925675325561
        dvar: 1.06952472834e-06
        dvar2: 2.99972953144e-06
        max: 0.0126347383484
        mean: 0.00142433599103
        min: 1.00943886583e-09
        var: 2.73934278994e-06
    spectral_flatness_db:
        dmean: 0.0241546072066
        dmean2: 0.0348626188934
        dvar: 0.000653956201859
        dvar2: 0.00114096619654
        max: 0.428732067347
        mean: 0.205236762762
        min: 0.100147880614
        var: 0.00387904723175
    spectral_flux:
        dmean: 0.0057210191153
        dmean2: 0.00800658483058
        dvar: 5.08016455569e-05
        dvar2: 9.52653717832e-05
        max: 0.0867340862751
        mean: 0.0201378762722
        min: 4.60594528704e-05
        var: 0.000281833694316
    spectral_kurtosis:
        dmean: 3.36860895157
        dmean2: 5.15681791306
        dvar: 23.8792858124
        dvar2: 54.0368766785
        max: 69.4559555054
        mean: 8.34095478058
        min: -0.554579257965
        var: 71.3309173584
    spectral_rms:
        dmean: 0.000227527489187
        dmean2: 0.000309027353069
        dvar: 8.23689063623e-08
        dvar2: 1.63892579508e-07
        max: 0.00404926529154
        mean: 0.00132846389897
        min: 1.4386556586e-06
        var: 7.80637435582e-07
    spectral_rolloff:
        dmean: 497.941314697
        dmean2: 810.590576172
        dvar: 637232.5
        dvar2: 1317895.875
        max: 5211.03515625
        mean: 1614.17456055
        min: 150.732421875
        var: 1967886.875
    spectral_skewness:
        dmean: 0.386964321136
        dmean2: 0.565971076488
        dvar: 0.216767176986
        dvar2: 0.411363512278
        max: 6.92406463623
        mean: 2.13115119934
        min: 0.632282972336
        var: 0.974992275238
    spectral_spread:
        dmean: 1031932.125
        dmean2: 1479992.625
        dvar: 2.85319390822e+12
        dvar2: 4.74109548954e+12
        max: 24010944
        mean: 4760910.5
        min: 1514900.125
        var: 5.42595507814e+12
    spectral_strongpeak:
        dmean: 0.19372138381
        dmean2: 0.347999602556
        dvar: 0.41827082634
        dvar2: 1.20921707153
        max: 5.91248178482
        mean: 0.359311074018
        min: 0
        var: 0.485978990793
    zerocrossingrate:
        dmean: 0.0103542888537
        dmean2: 0.0116044450551
        dvar: 0.000213114821236
        dvar2: 0.000376164040063
        max: 0.20166015625
        mean: 0.0552091561258
        min: 0.009765625
        var: 0.00125279813074
    barkbands:
        dmean: [3.02079072867e-08, 1.98196084966e-05, 0.000214496743865, 0.00026749985409, 0.000337631063303, 6.11136347288e-05, 5.59217587579e-05, 6.98674557498e-05, 1.43481065606e-05, 3.14697331305e-06, 8.98632697499e-06, 1.81869691005e-05, 1.28629608298e-05, 3.21701045323e-05, 3.14760145557e-05, 3.46006345353e-05, 4.03621488658e-05, 5.37958694622e-05, 4.41182019131e-05, 7.16392678441e-05, 3.97939147661e-05, 1.70530984178e-05, 4.46847434432e-06, 2.76244463748e-06, 4.8691495067e-06, 1.66689190451e-07, 3.02030123134e-10]
        dmean2: [4.90904774608e-08, 3.0646831874e-05, 0.000311232026434, 0.000473779946333, 0.000568936287891, 0.000104147256934, 9.7507276223e-05, 0.000118381642096, 2.4558217774e-05, 4.85458031108e-06, 1.27881012304e-05, 2.88566461677e-05, 1.91559938685e-05, 4.7261313739e-05, 4.99116285937e-05, 5.31394325662e-05, 6.26966066193e-05, 7.51516563469e-05, 6.29960632068e-05, 0.000102206293377, 5.39134380233e-05, 2.41228808591e-05, 6.99046040609e-06, 4.56919406133e-06, 7.48479078538e-06, 2.60166700627e-07, 5.19630005691e-10]
        dvar: [1.04757900895e-14, 1.36754374491e-09, 1.84607529263e-07, 2.83136699863e-07, 7.8022156913e-07, 2.09290931252e-08, 1.31214381582e-08, 2.35978863117e-08, 8.17346690329e-10, 2.80989034124e-11, 6.15228590295e-10, 1.91651339243e-09, 1.17841336689e-09, 3.49008200118e-09, 3.89310361726e-09, 5.33952970727e-09, 1.06324904436e-08, 1.42044154217e-08, 2.21569464998e-08, 5.00558456906e-08, 1.14016538433e-08, 2.63250821142e-09, 1.75814751646e-10, 1.03402945928e-10, 3.12951470294e-10, 3.23922963105e-13, 6.7207825064e-19]
        dvar2: [2.65748489566e-14, 3.27210103457e-09, 4.09807512369e-07, 9.14725603707e-07, 2.38153120335e-06, 5.93771751767e-08, 3.85824066029e-08, 6.23364044827e-08, 2.3634620927e-09, 6.84250781036e-11, 9.79628600462e-10, 4.8569965827e-09, 2.31946484242e-09, 6.62291244069e-09, 8.74486527636e-09, 1.19251257757e-08, 2.33301467034e-08, 3.0488500613e-08, 5.00871770726e-08, 8.16833889417e-08, 2.22856133547e-08, 5.5211581973e-09, 3.97801236396e-10, 2.38153746723e-10, 7.85586706797e-10, 7.99068005774e-13, 1.74288919619e-18]
        max: [1.1608577779e-06, 0.000442038814072, 0.00451586348936, 0.00488942116499, 0.0100225107744, 0.00193349388428, 0.00175420707092, 0.00203351350501, 0.000276388542261, 4.90636048198e-05, 0.000333780189976, 0.000696224160492, 0.000390128174331, 0.000755763147026, 0.000981537625194, 0.000946958200075, 0.001130849123, 0.00164018536452, 0.00252538593486, 0.00343781174161, 0.00123347877525, 0.000691360677592, 0.000137116163387, 9.74476570264e-05, 0.000183543001185, 5.93415779804e-06, 7.62307639235e-09]
        mean: [3.13887937864e-08, 3.35973745678e-05, 0.000436788919615, 0.000415028887801, 0.000521325273439, 8.34435340948e-05, 8.98488506209e-05, 0.000287061004201, 2.56950097537e-05, 5.6991702877e-06, 1.47395185195e-05, 3.37351193593e-05, 2.29036049859e-05, 6.3111387135e-05, 6.05680834269e-05, 5.5322645494e-05, 6.35940450593e-05, 9.63806378422e-05, 7.66135344747e-05, 0.000115864932013, 6.6285210778e-05, 2.69935026154e-05, 5.84249892199e-06, 3.55671522811e-06, 4.90087495564e-06, 1.61259890774e-07, 2.79743034293e-10]
        min: [1.51876517547e-13, 4.449573765e-10, 2.26592133945e-10, 1.74745801163e-10, 3.13830350596e-10, 2.40376829552e-10, 1.65861213652e-10, 8.50233772276e-11, 2.76035635322e-11, 1.39975236263e-11, 2.22121258019e-12, 6.38430020655e-12, 1.12034114624e-11, 2.05508375074e-12, 3.70123723337e-12, 8.23162198127e-12, 1.38316354897e-12, 1.09496526429e-11, 2.05330110553e-11, 1.1244874823e-11, 3.75438308914e-12, 2.0105935146e-12, 1.6638568778e-12, 1.53201789362e-12, 1.3527750968e-12, 1.22951204339e-12, 2.1367229834e-15]
        var: [1.10744128372e-14, 3.90017884655e-09, 4.97403846111e-07, 4.69044550755e-07, 1.21606638004e-06, 2.48091733823e-08, 2.85223347163e-08, 1.75650626488e-07, 1.36852418287e-09, 6.64331228917e-11, 1.3973551205e-09, 5.78540104712e-09, 2.83090839659e-09, 1.2364343327e-08, 1.284061657e-08, 1.3998665338e-08, 2.23044107628e-08, 4.23711981057e-08, 4.57515199059e-08, 1.21327829561e-07, 3.11870991254e-08, 5.09972286622e-09, 2.9703156601e-10, 1.59370364128e-10, 3.79337172784e-10, 3.84193707664e-13, 6.79485187736e-19]
    mfcc:
        mean: [-840.240844727, 134.193740845, -30.5520801544, 55.5783462524, 0.763327538967, 6.7583117485, -6.61127519608, -17.3860187531, -5.50238227844, -5.56227827072, 2.55016589165, -4.5727763176, -7.70084667206]
        cov: [[17646.6875, -3199.50732422, -107.039268494, 258.559661865, -11.0495738983, -319.669311523, -198.155670166, -201.535217285, -8.9256696701, 39.1006317139, 108.576126099, 44.5297584534, -34.2829322815], [-3199.50732422, 2422.76708984, 146.921340942, -36.8606376648, -18.7683162689, -62.4857215881, -8.157371521, 109.462982178, 80.4840316772, 88.8265457153, 92.5403747559, 32.7098388672, 54.1331329346], [-107.039268494, 146.921340942, 388.753753662, -19.472032547, -13.7326879501, -112.168968201, -19.7493152618, 11.5771694183, 30.311706543, 65.8040237427, 69.4942092896, 27.7703151703, 51.5110015869], [258.559661865, -36.8606376648, -19.472032547, 187.841278076, 24.2404098511, 17.9782123566, 36.7492332458, 7.6624879837, -1.47946894169, -20.2039222717, -16.8230571747, 5.32168006897, 2.42530894279], [-11.0495738983, -18.7683162689, -13.7326879501, 24.2404098511, 175.765975952, 127.745658875, 61.6208610535, 34.0622825623, 16.5908279419, -90.4871444702, -71.7640380859, -35.0677032471, -11.9939870834], [-319.669311523, -62.4857215881, -112.168968201, 17.9782123566, 127.745658875, 258.979034424, 126.583320618, 47.434928894, -2.2472448349, -122.510398865, -122.35496521, -65.2051391602, -46.1958961487], [-198.155670166, -8.157371521, -19.7493152618, 36.7492332458, 61.6208610535, 126.583320618, 167.925109863, 51.7517662048, -29.5294857025, -65.0777206421, -94.7337799072, -67.0700683594, -19.334646225], [-201.535217285, 109.462982178, 11.5771694183, 7.6624879837, 34.0622825623, 47.434928894, 51.7517662048, 71.8989334106, 13.0053405762, -15.8587036133, -15.5360298157, -14.9430818558, -5.87378931046], [-8.9256696701, 80.4840316772, 30.311706543, -1.47946894169, 16.5908279419, -2.2472448349, -29.5294857025, 13.0053405762, 112.374557495, 32.4713478088, 24.1737098694, 38.3014221191, 5.7287902832], [39.1006317139, 88.8265457153, 65.8040237427, -20.2039222717, -90.4871444702, -122.510398865, -65.0777206421, -15.8587036133, 32.4713478088, 165.306838989, 99.9903945923, 55.6898384094, 26.6004524231], [108.576126099, 92.5403747559, 69.4942092896, -16.8230571747, -71.7640380859, -122.35496521, -94.7337799072, -15.5360298157, 24.1737098694, 99.9903945923, 151.938476562, 80.996421814, 25.3736591339], [44.5297584534, 32.7098388672, 27.7703151703, 5.32168006897, -35.0677032471, -65.2051391602, -67.0700683594, -14.9430818558, 38.3014221191, 55.6898384094, 80.996421814, 94.1740570068, 22.1877231598], [-34.2829322815, 54.1331329346, 51.5110015869, 2.42530894279, -11.9939870834, -46.1958961487, -19.334646225, -5.87378931046, 5.7287902832, 26.6004524231, 25.3736591339, 22.1877231598, 56.9162101746]]
        icov: [[8.33946105558e-05, 0.000114115071483, 3.86085157515e-05, -0.000107815430965, -0.000116858464025, 0.000202016890398, -5.53531708647e-06, 1.8112554244e-05, -9.70360124484e-05, 1.98746020033e-05, -0.000135500944452, 0.000141934389831, 5.6233991927e-05], [0.000114115071483, 0.000635513686575, 1.88902031368e-05, -7.64695214457e-05, -9.11031675059e-05, 0.000307166745188, 5.46386618225e-05, -0.000816806335934, -0.000347260764102, -2.81894117506e-05, -0.000421706878114, 0.000405033119023, -0.000306928297505], [3.86085157515e-05, 1.88902031368e-05, 0.00367628177628, 0.000470030470751, -0.00121844082605, 0.0022644281853, -0.00164084439166, -0.000398237956688, -0.00104778935201, 1.40958327393e-05, -0.00147888599895, 0.000896201701835, -0.00195043219719], [-0.000107815430965, -7.64695214457e-05, 0.000470030470751, 0.00615862617269, -0.000726941856556, 0.000968087348156, -0.00248203705996, 0.000273739919066, 6.35476908428e-06, 0.000593952776399, 0.000453098356957, -0.00237946817651, -0.000415018672356], [-0.000116858464025, -9.11031675059e-05, -0.00121844082605, -0.000726941856556, 0.0113623738289, -0.00468483986333, 0.00127019826323, -0.00179091712926, -0.00218965462409, 0.00361941521987, 0.000777627632488, 0.000668815453537, -0.00208998424932], [0.000202016890398, 0.000307166745188, 0.0022644281853, 0.000968087348156, -0.00468483986333, 0.0129224387929, -0.00571643654257, -0.00108054187149, -0.00223880098201, 0.00283490121365, 0.00169418018777, -0.0010707952315, 0.00374929164536], [-5.53531708647e-06, 5.46386618225e-05, -0.00164084439166, -0.00248203705996, 0.00127019826323, -0.00571643654257, 0.0164105854928, -0.00770983472466, 0.00381755596027, -0.00237719132565, 0.00538331177086, 0.00302427122369, -0.000909620721359], [1.8112554244e-05, -0.000816806335934, -0.000398237956688, 0.000273739919066, -0.00179091712926, -0.00108054187149, -0.00770983472466, 0.0226116310805, -0.00356872705743, 0.000630731927231, -0.00444783596322, 0.00173503626138, 0.000967514759395], [-9.70360124484e-05, -0.000347260764102, -0.00104778935201, 6.35476908428e-06, -0.00218965462409, -0.00223880098201, 0.00381755596027, -0.00356872705743, 0.0135593852028, -0.00394524121657, 0.00347943534143, -0.00619808305055, 0.00121395313181], [1.98746020033e-05, -2.81894117506e-05, 1.40958327393e-05, 0.000593952776399, 0.00361941521987, 0.00283490121365, -0.00237719132565, 0.000630731927231, -0.00394524121657, 0.0136284735054, -0.00573648838326, 0.000459211762063, -0.00127204309683], [-0.000135500944452, -0.000421706878114, -0.00147888599895, 0.000453098356957, 0.000777627632488, 0.00169418018777, 0.00538331177086, -0.00444783596322, 0.00347943534143, -0.00573648838326, 0.0214338917285, -0.0116884363815, 0.00187919242308], [0.000141934389831, 0.000405033119023, 0.000896201701835, -0.00237946817651, 0.000668815453537, -0.0010707952315, 0.00302427122369, 0.00173503626138, -0.00619808305055, 0.000459211762063, -0.0116884363815, 0.0256795994937, -0.00492187356576], [5.6233991927e-05, -0.000306928297505, -0.00195043219719, -0.000415018672356, -0.00208998424932, 0.00374929164536, -0.000909620721359, 0.000967514759395, 0.00121395313181, -0.00127204309683, 0.00187919242308, -0.00492187356576, 0.0236251521856]]
    spectral_contrast:
        mean: [-1.08863353887e-07, -2.03608337301e-07, -1.72334765125e-07, -1.67873839274e-08, -6.7055223596e-09, 3.45169354432e-07, -1.36668165851e-06, 3.81994095733e-06, 5.6548210523e-06, 2.13867497223e-06, -1.27901000724e-06, -3.3535534385e-06]
        var: [0.000363038794603, 0.00062670558691, 0.00109579763375, 0.00308080948889, 0.00443915836513, 0.00515327742323, 0.0704399719834, 0.122683688998, 0.241458728909, 0.279436856508, 1.09778368473, 8.64680290222]

rhythm:
    beats_loudness:
        dmean: 0.00131591630634
        dmean2: 0.00238119252026
        dvar: 1.44525733958e-06
        dvar2: 3.40420979228e-06
        max: 0.00516856461763
        mean: 0.00189783528913
        min: 1.32326235303e-07
        var: 2.76036826108e-06
    beats_loudness_bass:
        dmean: 0.250613003969
        dmean2: 0.44301700592
        dvar: 0.0368209779263
        dvar2: 0.089301340282
        max: 0.859538435936
        mean: 0.394060492516
        min: 0.00769332144409
        var: 0.0714690536261
    bpm: 109.267723083
    bpm_confidence: 0
    first_peak_bpm: 107
    first_peak_spread: 0
    first_peak_weight: 0.529411792755
    onset_rate: 2.69165039062
    second_peak_bpm: 113
    second_peak_spread: 0
    second_peak_weight: 0.411764711142
    beats_position: [0.0640896931291, 0.622553169727, 1.18101668358, 1.73948025703, 2.29794383049, 2.85640716553, 3.41487050056, 3.97333407402, 4.53179740906, 5.09026050568, 5.97940254211, 6.51143121719, 7.04345989227, 7.57548904419, 8.10751819611, 8.63954734802, 9.17157554626, 9.70360469818]
    bpm_estimates: [107.485923767, 106.811546326, 108.022323608, 112.047065735, 111.971786499]
    bpm_intervals: [0.558463454247, 0.558463513851, 0.558463573456, 0.558463573456, 0.558463335037, 0.558463335037, 0.558463573456, 0.558463335037, 0.558463096619, 0.889142036438, 0.532028675079, 0.532028675079, 0.532029151917, 0.532029151917, 0.532029151917, 0.532028198242, 0.532029151917]
    onset_times: [0.0580498874187, 0.150929704309, 0.267029464245, 0.673378705978, 0.719818592072, 1.02167797089, 1.46285712719, 1.66022670269, 1.92725622654, 2.36843538284, 2.55419492722, 2.9837641716, 3.01859402657, 3.13469386101, 3.25079369545, 3.48299312592, 3.70358276367, 4.1679816246, 4.76009082794, 5.36380958557, 5.47990942001, 5.89786863327, 6.37387752533, 6.98920631409, 7.74385499954, 8.20825386047, 9.29959201813]
    rubato_start: []
    rubato_stop: []
    perceptual_tempo: "unknown"

sfx:
    inharmonicity:
        dmean: 0.0183787569404
        dmean2: 0.0316591672599
        dvar: 0.000894615543075
        dvar2: 0.00234992755577
        max: 0.197543546557
        mean: 0.0192144028842
        min: 1.60242575475e-06
        var: 0.000964960316196
    oddtoevenharmonicenergyratio:
        dmean: 2.1747739315
        dmean2: 4.26602554321
        dvar: 150.306976318
        dvar2: 451.170013428
        max: 123.290428162
        mean: 1.24456369877
        min: 2.21191498895e-06
        var: 76.2406616211
    pitch_after_max_to_before_max_energy_ratio: 2.1386744976
    pitch_centroid: 243.316421509
    pitch_max_to_total: 0.759493649006
    pitch_min_to_total: 0
    tristimulus:
        dmean: [0.172651708126, 0.168674230576, 0.0673125386238]
        dmean2: [0.298071831465, 0.293885439634, 0.11901139468]
        dvar: [0.0348702445626, 0.0349721871316, 0.00818687491119]
        dvar2: [0.100355513394, 0.0984009578824, 0.0212739445269]
        max: [0.993576824665, 0.988770782948, 0.702366650105]
        mean: [0.623426616192, 0.286293715239, 0.0674183219671]
        min: [0.0112292775884, 0, 0]
        var: [0.0709200650454, 0.0540413819253, 0.00870746001601]

tonal:
    chords_changes_rate: 0.0404040403664
    chords_number_rate: 0.0303030312061
    chords_strength:
        dmean: 0.00978035572916
        dmean2: 0.0084179956466
        dvar: 5.66239432374e-05
        dvar2: 6.75137052895e-05
        max: 0.602153003216
        mean: 0.429477185011
        min: 0.264709681273
        var: 0.00712657533586
    key_strength: 0.693567633629
    tuning_diatonic_strength: 0.553266763687
    tuning_equal_tempered_deviation: 0.122604064643
    tuning_frequency: 451.84777832
    tuning_nontempered_energy_ratio: 0.730838298798
    hpcp:
        dmean: [0.176441431046, 0.152891561389, 0.138902455568, 0.10855486244, 0.109852991998, 0.136724621058, 0.137381881475, 0.0986472070217, 0.0412513427436, 0.0467985793948, 0.0546949245036, 0.0472299009562, 0.0616075284779, 0.0745965912938, 0.0883549153805, 0.0913228839636, 0.0753422230482, 0.0676809996367, 0.0728295445442, 0.100211039186, 0.130045831203, 0.133938699961, 0.104325093329, 0.0339370779693, 0.0193779692054, 0.0196761414409, 0.0284463893622, 0.0487691052258, 0.0662929266691, 0.10012216866, 0.10592250526, 0.129946991801, 0.0984492450953, 0.105422258377, 0.130792096257, 0.17208558321]
        dmean2: [0.28888386488, 0.251533418894, 0.236083477736, 0.186485216022, 0.194957137108, 0.231914564967, 0.224375620484, 0.167391881347, 0.0722532048821, 0.0767991319299, 0.0902546942234, 0.079915471375, 0.102012984455, 0.12208044529, 0.145067587495, 0.155415043235, 0.131230309606, 0.11855456233, 0.119284465909, 0.170314237475, 0.216527581215, 0.217947304249, 0.16296954453, 0.0555322803557, 0.0326063670218, 0.0353001244366, 0.0483404919505, 0.0811914354563, 0.116666130722, 0.168850317597, 0.171420991421, 0.218829393387, 0.17663744092, 0.1683165133, 0.220793172717, 0.286979585886]
        dvar: [0.0559624992311, 0.0381416417658, 0.0477081350982, 0.0382087081671, 0.0307850670069, 0.0413536988199, 0.0449522510171, 0.0243747774512, 0.00805827789009, 0.0102329934016, 0.00983774196357, 0.0082249417901, 0.00850608665496, 0.0134702734649, 0.0223443731666, 0.0180992297828, 0.0158540382981, 0.0183634832501, 0.0235967878252, 0.0318663567305, 0.0377200134099, 0.0419566072524, 0.0209944620728, 0.00400896323845, 0.0011787378462, 0.00193405570462, 0.00229277624749, 0.00603037979454, 0.0136562176049, 0.0376783423126, 0.0393096543849, 0.0421555377543, 0.0244102627039, 0.0296796802431, 0.0299044307321, 0.0459852218628]
        dvar2: [0.132360890508, 0.089229747653, 0.116819836199, 0.0893984436989, 0.0870156660676, 0.109838537872, 0.0927160233259, 0.0625361502171, 0.0216031819582, 0.0203039981425, 0.0240612272173, 0.0224603097886, 0.021462470293, 0.0320423357189, 0.0541734099388, 0.0466669276357, 0.0373781062663, 0.0405599176884, 0.0566506832838, 0.0886222496629, 0.0959035307169, 0.0918164625764, 0.0523183047771, 0.00989157147706, 0.00315089640208, 0.0055346833542, 0.0061177550815, 0.0148331560194, 0.0405540391803, 0.0982248187065, 0.0745206624269, 0.116351313889, 0.0624709166586, 0.0623062327504, 0.0698707848787, 0.112987071276]
        max: [1, 1, 1, 1, 1, 1, 1, 0.943522870541, 0.697628557682, 1, 0.854651451111, 0.621721625328, 0.631714940071, 0.98213750124, 1, 1, 0.87982749939, 1, 1, 1, 1, 1, 0.96709805727, 0.619956970215, 0.232936918736, 0.27077716589, 0.336731046438, 0.599350035191, 0.703286826611, 1, 1, 1, 1, 1, 1, 1]
        mean: [0.363388568163, 0.238017842174, 0.175846889615, 0.148944348097, 0.109616301954, 0.197538852692, 0.273365914822, 0.142336785793, 0.0425388030708, 0.0624244920909, 0.0670290738344, 0.0584665499628, 0.0828311145306, 0.208304911852, 0.273623853922, 0.178934961557, 0.0945109948516, 0.0830041840672, 0.102940186858, 0.119789153337, 0.232567340136, 0.286008089781, 0.145563304424, 0.0380218289793, 0.0212622005492, 0.0192770529538, 0.0382101051509, 0.062493301928, 0.0607243292034, 0.108486302197, 0.167074486613, 0.151270180941, 0.161815449595, 0.171615511179, 0.157620921731, 0.295595824718]
        min: [6.25674292678e-05, 8.52576995385e-05, 0.000108662497951, 9.81493576546e-05, 8.10076599009e-05, 0.00542602827772, 0.00230419402942, 0.00216596876271, 7.44030112401e-05, 6.65476982249e-05, 7.08756924723e-05, 9.01139501366e-05, 0.000163169766893, 0.000313443801133, 0.00140898290556, 0.00158287759405, 0.00020899795345, 9.90299813566e-05, 0.000312934338581, 0.000103660466266, 0.0013440385228, 0.00190464698244, 0.000730126397684, 0.000159788469318, 7.82359275036e-05, 0.000132316941745, 0.00024043902522, 0.000227713535423, 0.000137165392516, 0.000121845303511, 4.25396428909e-05, 0.000261942099314, 0.00103102903813, 0.000976357026957, 0.00109208794311, 0.000510895100888]
        var: [0.150264784694, 0.0704910606146, 0.080555871129, 0.0667195096612, 0.0292292609811, 0.0612067133188, 0.106367945671, 0.0341417752206, 0.00757715851068, 0.0235108174384, 0.0168969742954, 0.00864551682025, 0.0127927027643, 0.0768274664879, 0.12767188251, 0.0383833050728, 0.0200334228575, 0.0231228601187, 0.0395046658814, 0.0484173856676, 0.0829518735409, 0.113829240203, 0.0340690165758, 0.00469407718629, 0.0011851452291, 0.00133674812969, 0.00281345238909, 0.00908157881349, 0.0106096258387, 0.0437182411551, 0.0841796249151, 0.0561223141849, 0.0658371970057, 0.0722303315997, 0.042706232518, 0.102743938565]
    chords_histogram: [0, 32.3232307434, 25.7575759888, 8.08080768585, 0, 0, 0, 0, 0, 0, 0, 0, 0, 0, 0, 0, 0, 0, 0, 13.131313324, 3.0303030014, 0, 17.6767673492, 0]
    thpcp: [1, 0.654995381832, 0.483908712864, 0.409876257181, 0.301650375128, 0.543602287769, 0.752268910408, 0.391693085432, 0.11706148088, 0.171784415841, 0.184455648065, 0.160892650485, 0.227940887213, 0.573229134083, 0.752978682518, 0.492406696081, 0.260082453489, 0.228417158127, 0.283278554678, 0.329644799232, 0.639996290207, 0.787058591843, 0.400572061539, 0.104631327093, 0.0585109218955, 0.0530480444431, 0.105149440467, 0.171973764896, 0.167105779052, 0.298540771008, 0.459768146276, 0.416276663542, 0.445295929909, 0.47226446867, 0.433753103018, 0.813442826271]
    chords_key: "C#"
    chords_scale: "minor"
    key_key: "A"
    key_scale: "major"
    chords_progression: ["E", "E", "E", "E", "E", "E", "E", "E", "E", "E", "E", "E", "E", "E", "E", "E", "E", "E", "E", "E", "E", "E", "E", "E", "E", "E", "E", "Em", "Em", "Em", "Em", "Em", "Em", "Em", "Em", "Em", "Em", "Em", "Em", "E", "E", "E", "E", "E", "E", "E", "E", "E", "E", "E", "E", "E", "E", "E", "E", "E", "E", "E", "E", "E", "E", "E", "E", "G#m", "G#m", "G#m", "G#m", "G#m", "G#m", "G#m", "G#m", "G#m", "G#m", "G#m", "G#m", "G#m", "G#m", "G#m", "G#m", "C#m", "C#m", "C#m", "C#m", "C#m", "C#m", "C#m", "C#m", "C#m", "C#m", "C#m", "C#m", "C#m", "C#m", "C#m", "C#m", "C#m", "C#m", "C#m", "C#m", "C#m", "C#m", "C#m", "C#m", "C#m", "C#m", "C#m", "C#m", "C#m", "C#m", "C#m", "C#m", "C#m", "C#m", "C#m", "C#m", "C#m", "C#m", "C#m", "C#m", "C#m", "C#m", "C#m", "C#m", "C#m", "C#m", "C#m", "C#m", "C#m", "C#m", "C#m", "C#m", "C#m", "C#m", "C#m", "C#m", "C#m", "C#m", "C#m", "C#m", "C#m", "C#m", "C#m", "C#m", "D", "D", "D", "D", "D", "D", "D", "D", "D", "D", "D", "D", "D", "D", "D", "D", "D", "D", "D", "D", "D", "D", "D", "D", "D", "D", "G", "G", "G", "G", "G", "G", "D", "D", "D", "D", "D", "D", "D", "D", "D", "Em", "Em", "Em", "Em", "Em", "Em", "Em", "Em", "Em", "Em", "Em", "Em", "Em", "Em"]
