
metadata:
    version:
        essentia: "1.2.2"
    audio_properties:
        analysis_sample_rate: 44100
        bitrate: 128
        channels: 2
        equal_loudness: 1
        length: 10.0310201645
        replay_gain: -11.099187851
        downmix: "mix"
    tags:
        track: 30
        year: 0
        album: "Splitted by Mp3Splt v. 2.1"
        artist: "From 004.50 To 005.00"
        comment: "http://mp3splt.sf.net"
        genre: ""
        title: "04 Unchained Melody.mp3"

highlevel:
    ballroom:
        all:
            ChaChaCha: 0.010744295083
            Jive: 0.193575426936
            Quickstep: 0.0374195091426
            Rumba-American: 0.0148663604632
            Rumba-International: 0.0128551479429
            Rumba-Misc: 0.0163973048329
            Samba: 0.0306086838245
            Tango: 0.00679575791582
            VienneseWaltz: 0.658482134342
            Waltz: 0.018255405128
        probability: 0.658482134342
        value: "VienneseWaltz"
    culture:
        all:
            non_western: 0.324217796326
            western: 0.675782203674
        probability: 0.675782203674
        value: "western"
    gender:
        all:
            female: 0.707659423351
            male: 0.292340546846
        probability: 0.707659423351
        value: "female"
    genre_dortmund:
        all:
            alternative: 0.157951921225
            blues: 0.0263116117567
            electronic: 0.150056600571
            folkcountry: 0.0139767900109
            funksoulrnb: 0.019653422758
            jazz: 0.0125860041007
            pop: 0.0306508392096
            raphiphop: 0.00210704980418
            rock: 0.586705744267
        probability: 0.586705744267
        value: "rock"
    genre_electronica:
        all:
            ambient: 0.426727861166
            dnb: 0.166056349874
            house: 0.00747240940109
            techno: 0.0173109136522
            trance: 0.382432490587
        probability: 0.426727861166
        value: "ambient"
    genre_rosamerica:
        all:
            cla: 0.0393140874803
            dan: 0.00830305647105
            hip: 0.00349047081545
            jaz: 0.00902677606791
            pop: 0.016964668408
            rhy: 0.00869896449149
            roc: 0.913266777992
            spe: 0.000935201882385
        probability: 0.913266777992
        value: "roc"
    genre_tzanetakis:
        all:
            blu: 0.0457224063575
            cla: 0.247700273991
            cou: 0.0390944965184
            dis: 0.0459880493581
            hip: 0.0177130252123
            jaz: 0.0698483884335
            met: 0.169523373246
            pop: 0.0290114507079
            reg: 0.037297245115
            roc: 0.298101305962
        probability: 0.298101305962
        value: "roc"
    live_studio:
        all:
            live: 0.341059863567
            studio: 0.658940136433
        probability: 0.658940136433
        value: "studio"
    mood:
        all:
            Cluster1: 0.648249387741
            Cluster2: 0.050771959126
            Cluster3: 0.0658877715468
            Cluster4: 0.0521994680166
            Cluster5: 0.182891443372
        probability: 0.648249387741
        value: "Cluster1"
    mood_acoustic:
        all:
            acoustic: 0.0392392128706
            not_acoustic: 0.960760772228
        probability: 0.960760772228
        value: "not_acoustic"
    mood_aggressive:
        all:
            aggressive: 0.994448900223
            not_aggressive: 0.005551090464
        probability: 0.994448900223
        value: "aggressive"
    mood_electronic:
        all:
            electronic: 0.698129594326
            not_electronic: 0.301870405674
        probability: 0.698129594326
        value: "electronic"
    mood_happy:
        all:
            happy: 0.356042593718
            not_happy: 0.643957436085
        probability: 0.643957436085
        value: "not_happy"
    mood_party:
        all:
            not_party: 0.78272742033
            party: 0.217272549868
        probability: 0.78272742033
        value: "not_party"
    mood_relaxed:
        all:
            not_relaxed: 0.384413659573
            relaxed: 0.615586340427
        probability: 0.615586340427
        value: "relaxed"
    mood_sad:
        all:
            not_sad: 0.721280038357
            sad: 0.278719961643
        probability: 0.721280038357
        value: "not_sad"
    rhythm:
        all:
            fast: 0.172278568149
            medium: 0.76104670763
            slow: 0.0666747167706
        probability: 0.76104670763
        value: "medium"
    speech_music:
        all:
            music: 0.991083621979
            speech: 0.0089163724333
        probability: 0.991083621979
        value: "music"
    timbre:
        all:
            bright: 0.237090572715
            dark: 0.762909412384
        probability: 0.762909412384
        value: "dark"
    voice_instrumental:
        all:
            instrumental: 0.982253730297
            voice: 0.0177462473512
        probability: 0.982253730297
        value: "instrumental"

lowlevel:
    average_loudness: 0.969169199467
    barkbands_kurtosis:
        dmean: 0.506224155426
        dmean2: 0.859371721745
        dvar: 0.566057622433
        dvar2: 1.65871620178
        max: 8.36233043671
        mean: -0.70925706625
        min: -1.62748861313
        var: 0.640347361565
    barkbands_skewness:
        dmean: 0.319556117058
        dmean2: 0.518642008305
        dvar: 0.1118895486
        dvar2: 0.291933238506
        max: 2.94553756714
        mean: -0.0380141250789
        min: -1.16138696671
        var: 0.238092407584
    barkbands_spread:
        dmean: 4.01634740829
        dmean2: 6.62516069412
        dvar: 10.9880657196
        dvar2: 32.0327758789
        max: 51.5789642334
        mean: 27.4365272522
        min: 11.3508787155
        var: 51.9864997864
    dissonance:
        dmean: 0.0202445760369
        dmean2: 0.0355521813035
        dvar: 0.000398902629968
        dvar2: 0.00115875527263
        max: 0.499111235142
        mean: 0.472047448158
        min: 0.35869383812
        var: 0.00055498216534
    hfc:
        dmean: 1.24324178696
        dmean2: 1.94736480713
        dvar: 1.44917058945
        dvar2: 3.55050444603
        max: 15.8938055038
        mean: 7.51127243042
        min: 8.05914532975e-06
        var: 5.05379390717
    pitch:
        dmean: 406.010864258
        dmean2: 775.305297852
        dvar: 256476.15625
        dvar2: 637569.625
        max: 3675
        mean: 616.612792969
        min: 101.61289978
        var: 252646.21875
    pitch_instantaneous_confidence:
        dmean: 0.0707135349512
        dmean2: 0.118207663298
        dvar: 0.00397694204003
        dvar2: 0.0115888277069
        max: 0.735632836819
        mean: 0.362495779991
        min: 0.146618306637
        var: 0.0153069030493
    pitch_salience:
        dmean: 0.0569589920342
        dmean2: 0.0967023298144
        dvar: 0.00242510647513
        dvar2: 0.00657932972535
        max: 0.975077688694
        mean: 0.622698962688
        min: 0.369771808386
        var: 0.00614331895486
    silence_rate_20dB:
        dmean: 0
        dmean2: 0
        dvar: 0
        dvar2: 0
        max: 1
        mean: 1
        min: 1
        var: 0
    silence_rate_30dB:
        dmean: 0
        dmean2: 0
        dvar: 0
        dvar2: 0
        max: 1
        mean: 1
        min: 1
        var: 0
    silence_rate_60dB:
        dmean: 0.00231481483206
        dmean2: 0.00464037107304
        dvar: 0.00230946252123
        dvar2: 0.00461888127029
        max: 1
        mean: 0.00692840665579
        min: 0
        var: 0.00688032340258
    spectral_centroid:
        dmean: 181.23979187
        dmean2: 295.268707275
        dvar: 36260.6171875
        dvar2: 96382.6796875
        max: 2942.55639648
        mean: 1251.34289551
        min: 343.180969238
        var: 61888.6679688
    spectral_complexity:
        dmean: 3.23433876038
        dmean2: 5.36046504974
        dvar: 8.82907485962
        dvar2: 22.7235507965
        max: 38
        mean: 17.3541660309
        min: 0
        var: 24.3074188232
    spectral_crest:
        dmean: 1.87104427814
        dmean2: 3.16684341431
        dvar: 3.43322992325
        dvar2: 8.95392608643
        max: 18.5036716461
        mean: 6.99352741241
        min: 2.33575177193
        var: 10.353849411
    spectral_decrease:
        dmean: 3.1977667736e-10
        dmean2: 4.99544960952e-10
        dvar: 1.38310156039e-19
        dvar2: 3.46711435433e-19
        max: -5.31985501149e-16
        mean: -1.45760381542e-09
        min: -4.63784477489e-09
        var: 2.55816254382e-19
    spectral_energy:
        dmean: 0.0012807023013
        dmean2: 0.00197352701798
        dvar: 2.03582158065e-06
        dvar2: 5.0451012612e-06
        max: 0.0180666502565
        mean: 0.00618262635544
        min: 2.73882672097e-09
        var: 4.20553942604e-06
    spectral_energyband_high:
        dmean: 7.68419849919e-05
        dmean2: 0.00012989595416
        dvar: 8.31741342466e-09
        dvar2: 2.23556835266e-08
        max: 0.000735792331398
        mean: 0.000192338236957
        min: 4.79182526991e-10
        var: 1.20851497698e-08
    spectral_energyband_low:
        dmean: 0.000275141122984
        dmean2: 0.000473956257338
        dvar: 1.14799107109e-07
        dvar2: 3.41865074915e-07
        max: 0.00306453113444
        mean: 0.000585054629482
        min: 4.70740148251e-11
        var: 1.06133455802e-07
    spectral_energyband_middle_high:
        dmean: 0.000665930099785
        dmean2: 0.00109762826469
        dvar: 4.10371683301e-07
        dvar2: 1.03383968053e-06
        max: 0.00984847731888
        mean: 0.00358585128561
        min: 2.00894900715e-09
        var: 2.16527246266e-06
    spectral_energyband_middle_low:
        dmean: 0.000891761214007
        dmean2: 0.00144771893974
        dvar: 1.78294737907e-06
        dvar2: 4.60703768113e-06
        max: 0.0131143126637
        mean: 0.00181937019806
        min: 1.81278964062e-10
        var: 1.97397412194e-06
    spectral_flatness_db:
        dmean: 0.0136123625562
        dmean2: 0.0229804888368
        dvar: 0.00017468589067
        dvar2: 0.000485768629005
        max: 0.243624478579
        mean: 0.173684462905
        min: 0.0426979623735
        var: 0.000443251861725
    spectral_flux:
        dmean: 0.00753586925566
        dmean2: 0.0114428224042
        dvar: 5.73824836465e-05
        dvar2: 0.000112107649329
        max: 0.0945725217462
        mean: 0.0417308174074
        min: 5.23338021594e-05
        var: 0.000130095504574
    spectral_kurtosis:
        dmean: 2.44414138794
        dmean2: 4.24377632141
        dvar: 4.79343509674
        dvar2: 15.4551744461
        max: 19.066860199
        mean: 6.101998806
        min: 0.490284204483
        var: 7.95916032791
    spectral_rms:
        dmean: 0.000247135467362
        dmean2: 0.000372917187633
        dvar: 5.90298867564e-08
        dvar2: 1.36622347213e-07
        max: 0.00419833278283
        mean: 0.00242306035943
        min: 1.63463334957e-06
        var: 1.60610596822e-07
    spectral_rolloff:
        dmean: 391.494567871
        dmean2: 676.192443848
        dvar: 173211.453125
        dvar2: 481765.84375
        max: 4565.0390625
        mean: 2274.5925293
        min: 236.865234375
        var: 407760.65625
    spectral_skewness:
        dmean: 0.24351811409
        dmean2: 0.420658409595
        dvar: 0.0428121350706
        dvar2: 0.128151938319
        max: 3.04971837997
        mean: 1.56597447395
        min: 0.937230944633
        var: 0.0980926677585
    spectral_spread:
        dmean: 279608.875
        dmean2: 405220.03125
        dvar: 2.1531909161e+12
        dvar2: 2.19589758157e+12
        max: 31865712
        mean: 2750435.25
        min: 1900494.625
        var: 2.28747404902e+12
    spectral_strongpeak:
        dmean: 0.404318928719
        dmean2: 0.714374423027
        dvar: 0.286989361048
        dvar2: 0.776984989643
        max: 5.19648647308
        mean: 0.917351603508
        min: 1.10029341158e-05
        var: 0.81631308794
    zerocrossingrate:
        dmean: 0.00529632205144
        dmean2: 0.00697674416006
        dvar: 2.7361098546e-05
        dvar2: 4.56545167253e-05
        max: 0.12109375
        mean: 0.072985611856
        min: 0.02880859375
        var: 0.000122710378491
    barkbands:
        dmean: [3.96823168103e-07, 9.93259964162e-05, 0.000237877640757, 0.000516316620633, 0.000410118576838, 0.000112956076919, 4.53459433629e-05, 0.000100957142422, 6.53065653751e-05, 4.30770451203e-05, 0.000223139708396, 0.000319588114507, 0.000203617906664, 0.000131402746774, 0.000171617706656, 0.00010674828809, 0.000126499726321, 9.38718076213e-05, 6.62465681671e-05, 8.90985975275e-05, 3.25634537148e-05, 3.7369045458e-06, 5.58190777156e-07, 1.050244407e-07, 3.1067415307e-08, 1.95468885522e-09, 1.27800647842e-09]
        dmean2: [6.22666902927e-07, 0.00016490984126, 0.000398865813622, 0.000854423909914, 0.000702228513546, 0.000166269775946, 7.70169426687e-05, 0.000171143736225, 0.000105812570837, 6.84075639583e-05, 0.00037932273699, 0.000546755094547, 0.000328802649165, 0.000221025256906, 0.000283726898488, 0.000173859545612, 0.000211302001844, 0.000152350621647, 0.000109935848741, 0.000145753583638, 5.60315238545e-05, 6.54813084111e-06, 9.99304006655e-07, 1.8187708406e-07, 5.32527053565e-08, 2.71917732775e-09, 1.45552569997e-09]
        dvar: [1.03700153933e-12, 1.17000533706e-08, 8.36838722762e-08, 9.1650917966e-07, 6.28677639725e-07, 1.95450660101e-08, 5.11172482121e-09, 1.48728194205e-08, 7.50382245229e-09, 1.89246307514e-09, 1.29846497998e-07, 2.17122959612e-07, 6.20326190415e-08, 3.79376778881e-08, 4.39086775827e-08, 1.65873075275e-08, 2.66610253874e-08, 1.27416663886e-08, 4.3015719875e-09, 7.68490338032e-09, 2.02109462499e-09, 6.94354296282e-11, 1.2674841645e-12, 4.50576499668e-14, 3.49592880177e-15, 4.10429020499e-16, 4.90698944778e-16]
        dvar2: [1.96848483694e-12, 3.68411754437e-08, 2.49627930771e-07, 2.47037451118e-06, 1.66739471297e-06, 4.57999931314e-08, 1.44370577715e-08, 3.94969745798e-08, 2.09039736632e-08, 4.50495729609e-09, 3.36921857524e-07, 5.90437821302e-07, 1.51463225961e-07, 1.11961220739e-07, 1.19809044463e-07, 4.07110007927e-08, 6.37769517198e-08, 3.2019851659e-08, 1.08844844249e-08, 1.9743126245e-08, 5.57663115686e-09, 1.94549140686e-10, 3.59192168196e-12, 1.26487836589e-13, 9.20682123205e-15, 4.14993654582e-16, 4.91212140865e-16]
        max: [1.26377635752e-05, 0.000904986285605, 0.00274217640981, 0.0116680394858, 0.0066615534015, 0.00147707597353, 0.0008173242677, 0.000880245584995, 0.000778374262154, 0.000621247047093, 0.0041845170781, 0.0051918332465, 0.00322668766603, 0.00199783267453, 0.00207495316863, 0.00123267341405, 0.00217448594049, 0.00108035572339, 0.000558597326744, 0.000927941349801, 0.000359799072612, 6.40496291453e-05, 1.0210169421e-05, 1.99600140149e-06, 5.44096621979e-07, 4.21922123905e-07, 4.60829596705e-07]
        mean: [3.69473184492e-07, 0.000249822507612, 0.000334882963216, 0.000752115389332, 0.000504561292473, 0.000218862638576, 6.41639489913e-05, 0.000154590816237, 0.000115471804747, 9.23161278479e-05, 0.000401369557949, 0.000903725624084, 0.000677008123603, 0.000264361617155, 0.000340919592418, 0.000195653177798, 0.000245757808443, 0.000188893580344, 0.000157658272656, 0.000253032776527, 6.04757951805e-05, 5.24599681739e-06, 1.07435266727e-06, 2.26696684535e-07, 6.98165720792e-08, 2.79797651714e-09, 1.24303289883e-09]
        min: [1.85039691902e-11, 2.49935523666e-11, 1.28896251311e-11, 9.43472383552e-12, 1.17465143515e-11, 4.22127090227e-12, 5.70621501439e-12, 2.72793489187e-11, 1.06186635873e-10, 9.87734130597e-11, 9.49040984688e-11, 1.73813324844e-10, 3.28733124055e-10, 1.7569233568e-10, 2.4192936543e-10, 2.22103599401e-10, 1.24712545846e-10, 1.92668409005e-10, 3.43576694872e-10, 7.70441488385e-11, 1.60825311402e-10, 7.70033342645e-11, 5.00587557517e-11, 4.18075053743e-11, 3.60605538485e-11, 3.35285688102e-11, 1.48005197508e-13]
        var: [9.91634292041e-13, 1.64979176986e-08, 8.65990017473e-08, 9.17338581985e-07, 5.25015593666e-07, 4.12983318654e-08, 4.78560480133e-09, 3.05072731521e-08, 1.31148896187e-08, 6.52756737551e-09, 2.48224438337e-07, 8.96516212379e-07, 5.73652187086e-07, 7.18636457009e-08, 9.70396811795e-08, 2.86384569392e-08, 4.95530940725e-08, 1.90985929294e-08, 7.59715312881e-09, 1.99339833529e-08, 2.27389174157e-09, 4.74007569307e-11, 9.07000874146e-13, 3.31076786537e-14, 2.82905044504e-15, 4.10095765973e-16, 4.90122168281e-16]
    mfcc:
        mean: [-709.319030762, 159.980239868, -82.3812179565, 51.8858299255, -7.88345575333, 19.2435455322, 20.3366184235, -2.97420501709, -8.4302816391, -2.52278637886, -10.1371688843, 2.49841761589, 1.14209604263]
        cov: [[1529.66601562, 137.042312622, -50.625289917, 109.571716309, -37.1031303406, -1.42247843742, -98.0557937622, -25.0569267273, -8.53441047668, -15.0302591324, 2.17216920853, 1.18606209755, -14.7181873322], [137.042312622, 197.401428223, -41.524105072, -49.6245956421, -26.5538158417, 7.22082614899, 34.9660720825, -15.5231618881, -53.4019241333, -17.0957489014, -1.17308497429, 28.7216434479, 18.2225112915], [-50.625289917, -41.524105072, 106.350311279, 47.1817932129, -2.67129063606, -14.2977743149, -0.920940518379, -9.3149766922, -4.35307359695, -18.2981395721, -18.401184082, -26.5210170746, -11.3141994476], [109.571716309, -49.6245956421, 47.1817932129, 97.1211776733, 26.25340271, -14.0742616653, -14.3520822525, -5.34846115112, 20.4375953674, -12.8186540604, -20.3569602966, -27.6083831787, -13.7391691208], [-37.1031303406, -26.5538158417, -2.67129063606, 26.25340271, 66.8705062866, 13.9884204865, 6.90048694611, -2.88731908798, 9.92159748077, -5.24599456787, -18.2097969055, -10.1903686523, 1.33154177666], [-1.42247843742, 7.22082614899, -14.2977743149, -14.0742616653, 13.9884204865, 49.649597168, 18.4514884949, -6.5222902298, -8.92241668701, 2.51835465431, -0.221059009433, 1.51483881474, 5.51653432846], [-98.0557937622, 34.9660720825, -0.920940518379, -14.3520822525, 6.90048694611, 18.4514884949, 89.7125167847, 13.7938547134, -20.6811599731, -13.9519443512, -17.912197113, 3.9921579361, 14.9689292908], [-25.0569267273, -15.5231618881, -9.3149766922, -5.34846115112, -2.88731908798, -6.5222902298, 13.7938547134, 46.5375404358, 16.6778869629, -5.1770157814, -1.17687034607, -0.820313632488, -5.13309860229], [-8.53441047668, -53.4019241333, -4.35307359695, 20.4375953674, 9.92159748077, -8.92241668701, -20.6811599731, 16.6778869629, 66.0429992676, 33.689250946, 8.93714332581, -14.7891664505, -18.2054290771], [-15.0302591324, -17.0957489014, -18.2981395721, -12.8186540604, -5.24599456787, 2.51835465431, -13.9519443512, -5.1770157814, 33.689250946, 77.9871292114, 33.6774787903, -1.34410488605, -10.2396697998], [2.17216920853, -1.17308497429, -18.401184082, -20.3569602966, -18.2097969055, -0.221059009433, -17.912197113, -1.17687034607, 8.93714332581, 33.6774787903, 59.9195289612, 18.5808410645, -7.00853633881], [1.18606209755, 28.7216434479, -26.5210170746, -27.6083831787, -10.1903686523, 1.51483881474, 3.9921579361, -0.820313632488, -14.7891664505, -1.34410488605, 18.5808410645, 46.7891845703, 20.5310440063], [-14.7181873322, 18.2225112915, -11.3141994476, -13.7391691208, 1.33154177666, 5.51653432846, 14.9689292908, -5.13309860229, -18.2054290771, -10.2396697998, -7.00853633881, 20.5310440063, 41.8032646179]]
        icov: [[0.00115479761735, -0.001302773715, 0.00118657550775, -0.00299491547048, 0.00138226652052, -0.00130207266193, 0.00171205541119, -0.000715150206815, 0.000479657959659, -0.000208278666832, 0.00026549451286, -9.3473267043e-05, -1.34641622935e-05], [-0.001302773715, 0.0100941797718, 0.00249406811781, 0.00435211090371, 0.00124813942239, 0.00309175299481, -0.0050594843924, 0.00452017365023, 0.00405658083037, 0.000587885209825, 0.00126557715703, -0.00161604734603, 0.00208207126707], [0.00118657550775, 0.00249406811781, 0.0177608840168, -0.00892696715891, 0.00622309744358, 0.00192323024385, -0.00140961667057, 0.00394211197272, 0.0045975362882, 0.00177249906119, 0.000961144745816, 0.00502247456461, 0.00187130027916], [-0.00299491547048, 0.00435211090371, -0.00892696715891, 0.0272730756551, -0.00985256955028, 0.00757509516552, -0.003773648059, 0.00623733643442, -0.00760134635493, 0.00509682763368, -7.78866524342e-06, 0.00372677878477, 0.00113368628081], [0.00138226652052, 0.00124813942239, 0.00622309744358, -0.00985256955028, 0.0240072738379, -0.0077726659365, -0.000285300891846, 0.0026844854001, -0.00215008016676, 0.000789423473179, 0.00561565207317, -0.000136192771606, -0.000653075228911], [-0.00130207266193, 0.00309175299481, 0.00192323024385, 0.00757509516552, -0.0077726659365, 0.0286270789802, -0.007912828587, 0.00668383575976, 0.0021734549664, -3.20417784678e-05, -0.00261926860549, 0.00355895305984, 7.96280874056e-05], [0.00171205541119, -0.0050594843924, -0.00140961667057, -0.003773648059, -0.000285300891846, -0.007912828587, 0.0199700947851, -0.011103278026, 0.00521278008819, -0.00335361785255, 0.00442864466459, -0.000106353749288, -0.00403106445447], [-0.000715150206815, 0.00452017365023, 0.00394211197272, 0.00623733643442, 0.0026844854001, 0.00668383575976, -0.011103278026, 0.0350842513144, -0.013812918216, 0.0102683147416, -0.00133447349072, -0.000536646461114, 0.00475061684847], [0.000479657959659, 0.00405658083037, 0.0045975362882, -0.00760134635493, -0.00215008016676, 0.0021734549664, 0.00521278008819, -0.013812918216, 0.0362476073205, -0.0155676780269, 0.00272011221386, 0.00226910714991, 0.00467983260751], [-0.000208278666832, 0.000587885209825, 0.00177249906119, 0.00509682763368, 0.000789423473179, -3.20417784678e-05, -0.00335361785255, 0.0102683147416, -0.0155676780269, 0.0264636259526, -0.0126353008673, 0.00553362071514, -0.000867567490786], [0.00026549451286, 0.00126557715703, 0.000961144745816, -7.78866524342e-06, 0.00561565207317, -0.00261926860549, 0.00442864466459, -0.00133447349072, 0.00272011221386, -0.0126353008673, 0.0328376740217, -0.0161574091762, 0.00974696408957], [-9.3473267043e-05, -0.00161604734603, 0.00502247456461, 0.00372677878477, -0.000136192771606, 0.00355895305984, -0.000106353749288, -0.000536646461114, 0.00226910714991, 0.00553362071514, -0.0161574091762, 0.0427131876349, -0.018580539152], [-1.34641622935e-05, 0.00208207126707, 0.00187130027916, 0.00113368628081, -0.000653075228911, 7.96280874056e-05, -0.00403106445447, 0.00475061684847, 0.00467983260751, -0.000867567490786, 0.00974696408957, -0.018580539152, 0.0385106392205]]
    spectral_contrast:
        mean: [5.73927536607e-07, 2.20930417072e-07, -1.09805519344e-07, -8.4802096012e-08, 2.48973577754e-07, 2.51620946301e-07, -4.91420996696e-06, -2.14273185861e-07, 2.81017975112e-07, 6.78227024764e-07, 1.97357599063e-06, 1.12548605102e-06]
        var: [0.000334119220497, 0.000455964327557, 0.00155117525719, 0.00237040547654, 0.00299960374832, 0.00318408454768, 0.0275895502418, 0.0561500117183, 0.0856239497662, 0.112914569676, 0.173095986247, 0.767387032509]

rhythm:
    beats_loudness:
        dmean: 0.00238855462521
        dmean2: 0.00445911521092
        dvar: 1.67054020039e-06
        dvar2: 3.85392240787e-06
        max: 0.0110203092918
        mean: 0.00714069511741
        min: 0.00363423698582
        var: 3.71226087736e-06
    beats_loudness_bass:
        dmean: 0.10945597291
        dmean2: 0.192890390754
        dvar: 0.00746532343328
        dvar2: 0.020757952705
        max: 0.465281188488
        mean: 0.204756841063
        min: 0.0743772163987
        var: 0.0114590935409
    bpm: 106.274482727
    bpm_confidence: 0
    first_peak_bpm: 106
    first_peak_spread: 0
    first_peak_weight: 0.5
    onset_rate: 2.69165039062
    second_peak_bpm: 143
    second_peak_spread: 0
    second_peak_weight: 0.444444447756
    beats_position: [0.511026442051, 1.07561600208, 1.64020550251, 2.20479488373, 2.76938414574, 3.33397340775, 3.89856290817, 4.4631524086, 5.02774143219, 5.59233093262, 6.42357397079, 6.84339046478, 7.26320695877, 7.68302440643, 8.10284042358, 8.52265739441, 8.94247436523, 9.36229038239, 9.78210735321]
    bpm_estimates: [106.158409119, 105.976112366, 106.400985718, 107.465461731, 105.521736145, 106.399635315, 106.287734985, 105.985778809]
    bpm_intervals: [0.564589560032, 0.564589500427, 0.564589381218, 0.564589262009, 0.564589262009, 0.564589500427, 0.564589500427, 0.56458902359, 0.564589500427, 0.831243038177, 0.419816493988, 0.419816493988, 0.419817447662, 0.419816017151, 0.419816970825, 0.419816970825, 0.419816017151, 0.419816970825]
    onset_times: [0.0464399084449, 0.208979591727, 0.476009070873, 0.510838985443, 1.06811785698, 1.64861679077, 1.95047616959, 2.22911572456, 2.36843538284, 2.49614500999, 2.7863945961, 3.34367346764, 3.92417240143, 4.21442174911, 4.62077093124, 4.7833108902, 5.05034017563, 5.630838871, 6.19972801208, 6.8963265419, 7.04725646973, 7.6277551651, 7.91800451279, 8.498503685, 9.17188167572, 9.32281208038, 9.6014509201]
    rubato_start: [6.84339046478]
    rubato_stop: [9.78210735321]
    perceptual_tempo: "unknown"

sfx:
    inharmonicity:
        dmean: 0.045625064522
        dmean2: 0.0819428488612
        dvar: 0.00275808549486
        dvar2: 0.00753976358101
        max: 0.389727145433
        mean: 0.0472209453583
        min: 0
        var: 0.00250494899228
    oddtoevenharmonicenergyratio:
        dmean: 4.4560508728
        dmean2: 8.56399345398
        dvar: 182.260818481
        dvar2: 537.942321777
        max: 162.652160645
        mean: 2.73335719109
        min: 0
        var: 101.072608948
    pitch_after_max_to_before_max_energy_ratio: 1.3081433773
    pitch_centroid: 222.11869812
    pitch_max_to_total: 0.5
    pitch_min_to_total: 0.247685179114
    tristimulus:
        dmean: [0.231836080551, 0.271669209003, 0.0970385074615]
        dmean2: [0.397988289595, 0.471165388823, 0.178103730083]
        dvar: [0.0326396636665, 0.0487147495151, 0.00858377944678]
        dvar2: [0.0937418714166, 0.141455873847, 0.0227626264095]
        max: [1, 0.945899188519, 0.550209701061]
        mean: [0.395112156868, 0.466733753681, 0.0865877717733]
        min: [0.022412609309, 0, 0]
        var: [0.0469269528985, 0.065254367888, 0.00901247281581]

tonal:
    chords_changes_rate: 0.0694444477558
    chords_number_rate: 0.0277777779847
    chords_strength:
        dmean: 0.00715797347948
        dmean2: 0.00788034405559
        dvar: 2.86339254671e-05
        dvar2: 4.80341150251e-05
        max: 0.61716657877
        mean: 0.460389643908
        min: 0.234527885914
        var: 0.00993362814188
    key_strength: 0.524228096008
    tuning_diatonic_strength: 0.531288087368
    tuning_equal_tempered_deviation: 0.125534519553
    tuning_frequency: 438.984558105
    tuning_nontempered_energy_ratio: 0.838638067245
    hpcp:
        dmean: [0.116842657328, 0.0979173406959, 0.0965804159641, 0.0858930796385, 0.0745795071125, 0.0941178947687, 0.120698176324, 0.113343715668, 0.125222250819, 0.120804868639, 0.11154936254, 0.113326795399, 0.128678143024, 0.162713468075, 0.177453130484, 0.238714069128, 0.244405165315, 0.251917541027, 0.181857481599, 0.118834257126, 0.124237746, 0.138858899474, 0.117650933564, 0.0728960111737, 0.0524959973991, 0.0671991184354, 0.120172262192, 0.149320006371, 0.108869515359, 0.0856253579259, 0.0837471559644, 0.0838848352432, 0.0753624141216, 0.0717669725418, 0.0791017562151, 0.101763993502]
        dmean2: [0.195308029652, 0.165827050805, 0.162875309587, 0.136934623122, 0.128067463636, 0.151097461581, 0.200244605541, 0.189860999584, 0.215840637684, 0.200727805495, 0.190965101123, 0.191057175398, 0.223937347531, 0.296982705593, 0.324866086245, 0.400974214077, 0.433357059956, 0.436176538467, 0.318353205919, 0.213002890348, 0.207703664899, 0.243921756744, 0.205460712314, 0.129699334502, 0.0926952064037, 0.11761777848, 0.197437986732, 0.249765366316, 0.174850523472, 0.148615449667, 0.145436003804, 0.139100313187, 0.125856503844, 0.121256135404, 0.13294826448, 0.176351442933]
        dvar: [0.0166110955179, 0.0118576707318, 0.0168351773173, 0.01554778032, 0.0136626092717, 0.0145383393392, 0.0229167602956, 0.0210652388632, 0.0183496251702, 0.0208182297647, 0.0196440704167, 0.0189708638936, 0.028956182301, 0.0454014502466, 0.0455138459802, 0.0457815974951, 0.0539528727531, 0.0582189001143, 0.0517613403499, 0.037709902972, 0.027916027233, 0.0336497575045, 0.0285174902529, 0.011208367534, 0.00888587441295, 0.0112894149497, 0.0117238955572, 0.0243336297572, 0.0132020087913, 0.016326405108, 0.0221104007214, 0.0165289379656, 0.0149010727182, 0.0161566007882, 0.0209410171956, 0.0181558523327]
        dvar2: [0.0424697771668, 0.0283071212471, 0.0424984581769, 0.0424398332834, 0.0309502165765, 0.0388397648931, 0.0532056801021, 0.0495710782707, 0.0433019921184, 0.0588935054839, 0.0537042170763, 0.0513537339866, 0.074263677001, 0.142219826579, 0.142825469375, 0.12746655941, 0.141011983156, 0.164110302925, 0.149821951985, 0.110040545464, 0.0773572549224, 0.0884061977267, 0.0777361243963, 0.0313861519098, 0.0256992522627, 0.0332797579467, 0.0317172110081, 0.0671037584543, 0.0361252985895, 0.0458856783807, 0.0548209510744, 0.0420990251005, 0.0387931540608, 0.0424247533083, 0.0588888637722, 0.0439116768539]
        max: [0.80321675539, 0.930799603462, 1, 1, 1, 1, 1, 1, 1, 1, 1, 0.968682229519, 1, 1, 1, 1, 1, 1, 1, 1, 1, 1, 1, 0.690837204456, 0.65083616972, 1, 0.805049598217, 1, 0.808543324471, 1, 1, 1, 1, 0.927107155323, 1, 1]
        mean: [0.182830229402, 0.188807696104, 0.156863853335, 0.126772865653, 0.116309598088, 0.15909563005, 0.208287537098, 0.196832954884, 0.232965633273, 0.252341538668, 0.191950008273, 0.175504997373, 0.188743114471, 0.184369847178, 0.29683727026, 0.632805168629, 0.688845515251, 0.388782709837, 0.190479949117, 0.140028879046, 0.267669200897, 0.385745078325, 0.260351419449, 0.106119789183, 0.0720571503043, 0.103202804923, 0.207575768232, 0.26560613513, 0.180229723454, 0.115985572338, 0.124354690313, 0.124129541218, 0.116104155779, 0.104498304427, 0.103758223355, 0.135582894087]
        min: [0.0155433146283, 0.0149068860337, 0.00713816052303, 0.00929195992649, 0.00501863285899, 0.0157092362642, 0.0176926366985, 0.0108724692836, 0.011854252778, 0.0126772811636, 0.00699988612905, 0.00818706676364, 0.0120117561892, 0.00528434477746, 0.0127215236425, 0.0153675572947, 0.0255484245718, 0.0103476485237, 0.00549652799964, 0.00425293017179, 0.00617500767112, 0.0162892825902, 0.0177189502865, 0.0077675958164, 0.00223311339505, 0.00160910049453, 0.0103352265432, 0.0127565097064, 0.00828115176409, 0.00508344406262, 0.0062781656161, 0.00867569912225, 0.00352618074976, 0.00675113266334, 0.00756031647325, 0.00750611303374]
        var: [0.0232441872358, 0.0204559173435, 0.0234523080289, 0.0214163213968, 0.0201793406159, 0.0255600046366, 0.0387924611568, 0.0304217711091, 0.0379072092474, 0.0564791969955, 0.0399639680982, 0.0257578771561, 0.0366148687899, 0.0412783846259, 0.047033701092, 0.0856641232967, 0.0759566873312, 0.0849576368928, 0.0491115190089, 0.0349814631045, 0.061216969043, 0.117025196552, 0.0375166162848, 0.0109425606206, 0.00727459974587, 0.00912654865533, 0.0217024162412, 0.0363846868277, 0.0214302856475, 0.0180048197508, 0.0264072753489, 0.0242978688329, 0.0203151553869, 0.0176862850785, 0.0205245167017, 0.0246128700674]
    chords_histogram: [14.3518514633, 0, 0, 0, 0, 0, 0, 0, 0, 0, 0, 0, 0, 0, 0, 0, 0, 2.77777767181, 0, 3.24074077606, 2.77777767181, 0, 19.4444446564, 57.4074058533]
    thpcp: [1, 0.564397513866, 0.276520550251, 0.203280523419, 0.388576537371, 0.559987783432, 0.377953290939, 0.154054552317, 0.104605674744, 0.14981995523, 0.301338642836, 0.385581582785, 0.261640250683, 0.168376758695, 0.18052624166, 0.180199384689, 0.168548896909, 0.151700645685, 0.150626257062, 0.196826264262, 0.265415430069, 0.274092942476, 0.227719932795, 0.184036716819, 0.16884714365, 0.230959817767, 0.302371919155, 0.285743236542, 0.33819720149, 0.366325289011, 0.278654664755, 0.254781365395, 0.27399918437, 0.267650514841, 0.43091994524, 0.918645977974]
    chords_key: "B"
    chords_scale: "minor"
    key_key: "D"
    key_scale: "major"
    chords_progression: ["G", "G", "G", "G", "G", "G", "G", "G", "G", "G", "G", "G", "G", "G", "G", "C", "G", "Bm", "Bm", "Bm", "Bm", "Bm", "Bm", "Bm", "Bm", "Bm", "Bm", "Bm", "Bm", "Bm", "Bm", "Bm", "Bm", "Bm", "Bm", "Bm", "Bm", "C", "C", "C", "C", "C", "Am", "Am", "Am", "Am", "Am", "Am", "Am", "D", "D", "D", "D", "D", "D", "D", "D", "D", "D", "D", "D", "D", "D", "D", "D", "D", "D", "D", "D", "D", "Dm", "Dm", "Dm", "Dm", "Dm", "Dm", "D", "D", "D", "D", "D", "D", "D", "D", "D", "D", "Bm", "Bm", "Bm", "Bm", "Bm", "Bm", "Bm", "Bm", "Bm", "Bm", "Bm", "Bm", "Bm", "Bm", "Bm", "Bm", "Bm", "Bm", "Bm", "Bm", "Bm", "Bm", "Bm", "Bm", "Bm", "Bm", "Bm", "Bm", "Bm", "Bm", "Bm", "Bm", "Bm", "Bm", "Bm", "Bm", "Bm", "Bm", "Bm", "Bm", "Bm", "Bm", "Bm", "Bm", "Bm", "Bm", "Bm", "Bm", "Bm", "Bm", "Bm", "Bm", "Bm", "Bm", "Bm", "Bm", "Bm", "Bm", "Bm", "Bm", "Bm", "Bm", "Bm", "Bm", "Bm", "Bm", "Bm", "G", "G", "G", "G", "G", "G", "G", "Bm", "Bm", "Bm", "Bm", "G", "G", "G", "G", "G", "G", "G", "G", "Bm", "Bm", "Bm", "Bm", "Bm", "G", "G", "G", "G", "G", "G", "G", "G", "G", "G", "G", "Bm", "Bm", "Bm", "Bm", "Bm", "Bm", "Bm", "Bm", "Bm", "Bm", "Bm", "Bm", "Bm", "Bm", "Bm", "Bm", "Bm", "Bm", "Bm", "Bm", "Bm", "Bm", "Bm", "Bm", "Bm", "Bm", "Bm", "Bm"]
