
metadata:
    version:
        essentia: "1.2.2"
    audio_properties:
        analysis_sample_rate: 44100
        bitrate: 128
        channels: 2
        equal_loudness: 1
        length: 9.97877597809
        replay_gain: 0.0327014923096
        downmix: "mix"
    tags:
        track: 7
        year: 0
        album: "Splitted by Mp3Splt v. 2.1"
        artist: "From 001.00 To 001.10"
        comment: "http://mp3splt.sf.net"
        genre: ""
        title: "08 Shark.mp3"

highlevel:
    ballroom:
        all:
            ChaChaCha: 0.00100307515822
            Jive: 0.00126032589469
            Quickstep: 0.0124843204394
            Rumba-American: 0.00195711036213
            Rumba-International: 0.00954659748822
            Rumba-Misc: 0.042080104351
            Samba: 0.000989003689028
            Tango: 0.0125433793291
            VienneseWaltz: 0.774163544178
            Waltz: 0.143972560763
        probability: 0.774163544178
        value: "VienneseWaltz"
    culture:
        all:
            non_western: 0.758752524853
            western: 0.241247490048
        probability: 0.758752524853
        value: "non_western"
    gender:
        all:
            female: 0.663877129555
            male: 0.336122840643
        probability: 0.663877129555
        value: "female"
    genre_dortmund:
        all:
            alternative: 0.0799871459603
            blues: 0.0698535889387
            electronic: 0.092849470675
            folkcountry: 0.0772895812988
            funksoulrnb: 0.188995048404
            jazz: 0.106678329408
            pop: 0.0372576154768
            raphiphop: 0.0130746075884
            rock: 0.334014594555
        probability: 0.334014594555
        value: "rock"
    genre_electronica:
        all:
            ambient: 0.883584856987
            dnb: 0.0471466369927
            house: 0.0415771976113
            techno: 0.0082372603938
            trance: 0.0194540657103
        probability: 0.883584856987
        value: "ambient"
    genre_rosamerica:
        all:
            cla: 0.416970193386
            dan: 0.0147724179551
            hip: 0.0112943667918
            jaz: 0.0168778672814
            pop: 0.0774459540844
            rhy: 0.136665776372
            roc: 0.317926883698
            spe: 0.00804653763771
        probability: 0.416970193386
        value: "cla"
    genre_tzanetakis:
        all:
            blu: 0.056964520365
            cla: 0.0952251702547
            cou: 0.591303467751
            dis: 0.0343169085681
            hip: 0.012484004721
            jaz: 0.0266801789403
            met: 0.0106935882941
            pop: 0.0131159154698
            reg: 0.0194406602532
            roc: 0.13977560401
        probability: 0.591303467751
        value: "cou"
    live_studio:
        all:
            live: 0.146702885628
            studio: 0.853297114372
        probability: 0.853297114372
        value: "studio"
    mood:
        all:
            Cluster1: 0.215003818274
            Cluster2: 0.27347907424
            Cluster3: 0.272032648325
            Cluster4: 0.118380762637
            Cluster5: 0.121103696525
        probability: 0.27347907424
        value: "Cluster2"
    mood_acoustic:
        all:
            acoustic: 0.290908426046
            not_acoustic: 0.709091603756
        probability: 0.709091603756
        value: "not_acoustic"
    mood_aggressive:
        all:
            aggressive: 0.190389022231
            not_aggressive: 0.809610962868
        probability: 0.809610962868
        value: "not_aggressive"
    mood_electronic:
        all:
            electronic: 0.55706602335
            not_electronic: 0.44293397665
        probability: 0.55706602335
        value: "electronic"
    mood_happy:
        all:
            happy: 0.45636805892
            not_happy: 0.543631970882
        probability: 0.543631970882
        value: "not_happy"
    mood_party:
        all:
            not_party: 0.925015032291
            party: 0.0749849900603
        probability: 0.925015032291
        value: "not_party"
    mood_relaxed:
        all:
            not_relaxed: 0.220996290445
            relaxed: 0.779003739357
        probability: 0.779003739357
        value: "relaxed"
    mood_sad:
        all:
            not_sad: 0.33810967207
            sad: 0.66189032793
        probability: 0.66189032793
        value: "sad"
    rhythm:
        all:
            fast: 0.664199233055
            medium: 0.157636210322
            slow: 0.17816452682
        probability: 0.664199233055
        value: "fast"
    speech_music:
        all:
            music: 0.885015964508
            speech: 0.114984042943
        probability: 0.885015964508
        value: "music"
    timbre:
        all:
            bright: 0.272148758173
            dark: 0.727851271629
        probability: 0.727851271629
        value: "dark"
    voice_instrumental:
        all:
            instrumental: 0.686100304127
            voice: 0.313899666071
        probability: 0.686100304127
        value: "instrumental"

lowlevel:
    average_loudness: 0.972853422165
    barkbands_kurtosis:
        dmean: 1.07720315456
        dmean2: 1.79852747917
        dvar: 1.33279359341
        dvar2: 3.4554605484
        max: 8.80994415283
        mean: 0.139036208391
        min: -1.78653359413
        var: 2.5320148468
    barkbands_skewness:
        dmean: 0.457577496767
        dmean2: 0.721013247967
        dvar: 0.133167341352
        dvar2: 0.327951163054
        max: 2.70751237869
        mean: 0.729254603386
        min: -1.17997467518
        var: 0.339086532593
    barkbands_spread:
        dmean: 3.50473308563
        dmean2: 5.7400188446
        dvar: 9.06114864349
        dvar2: 22.5775794983
        max: 38.7290649414
        mean: 17.3500041962
        min: 3.71920800209
        var: 58.3920211792
    dissonance:
        dmean: 0.037844132632
        dmean2: 0.0656628087163
        dvar: 0.00101532717235
        dvar2: 0.00275949179195
        max: 0.49980288744
        mean: 0.426115632057
        min: 0.235097184777
        var: 0.00180242198985
    hfc:
        dmean: 1.16983652115
        dmean2: 1.87132132053
        dvar: 1.75185978413
        dvar2: 4.44053792953
        max: 15.250161171
        mean: 4.26297044754
        min: 2.15362456402e-06
        var: 3.54275631905
    pitch:
        dmean: 72.6928710938
        dmean2: 133.344345093
        dvar: 9187.19824219
        dvar2: 22938.65625
        max: 848.076904297
        mean: 298.336395264
        min: 73.9932861328
        var: 10733.6699219
    pitch_instantaneous_confidence:
        dmean: 0.0975646525621
        dmean2: 0.167621806264
        dvar: 0.00572890648618
        dvar2: 0.0154488291591
        max: 0.822390258312
        mean: 0.547702610493
        min: 0.18429338932
        var: 0.0157466176897
    pitch_salience:
        dmean: 0.0644581988454
        dmean2: 0.10737849772
        dvar: 0.00227387621999
        dvar2: 0.00635170424357
        max: 0.800530016422
        mean: 0.566738367081
        min: 0.315759956837
        var: 0.00563323218375
    silence_rate_20dB:
        dmean: 0
        dmean2: 0
        dvar: 0
        dvar2: 0
        max: 1
        mean: 1
        min: 1
        var: 0
    silence_rate_30dB:
        dmean: 0
        dmean2: 0
        dvar: 0
        dvar2: 0
        max: 1
        mean: 1
        min: 1
        var: 0
    silence_rate_60dB:
        dmean: 0.0930232554674
        dmean2: 0.186480179429
        dvar: 0.0843699201941
        dvar2: 0.193663239479
        max: 1
        mean: 0.127610206604
        min: 0
        var: 0.111326083541
    spectral_centroid:
        dmean: 148.884780884
        dmean2: 239.4347229
        dvar: 16133.2099609
        dvar2: 42037.765625
        max: 1753.47302246
        mean: 864.215820312
        min: 390.13885498
        var: 90556.78125
    spectral_complexity:
        dmean: 1.85314691067
        dmean2: 3.08411216736
        dvar: 2.42831230164
        dvar2: 6.10507583618
        max: 20
        mean: 13.058139801
        min: 0
        var: 6.37569904327
    spectral_crest:
        dmean: 2.68582963943
        dmean2: 4.47926855087
        dvar: 5.11826086044
        dvar2: 13.3695764542
        max: 19.1086521149
        mean: 8.34138679504
        min: 2.9202067852
        var: 8.67016792297
    spectral_decrease:
        dmean: 3.531926418e-10
        dmean2: 5.71770963909e-10
        dvar: 1.4363179666e-19
        dvar2: 3.70823336698e-19
        max: -1.02459053476e-15
        mean: -1.28171839808e-09
        min: -3.9522403128e-09
        var: 3.37509645654e-19
    spectral_energy:
        dmean: 0.0014182155719
        dmean2: 0.00229354947805
        dvar: 2.30552859648e-06
        dvar2: 5.94095945416e-06
        max: 0.0154652986676
        mean: 0.00522415991873
        min: 4.06239131223e-09
        var: 5.27423117092e-06
    spectral_energyband_high:
        dmean: 8.33313151816e-06
        dmean2: 1.47259770529e-05
        dvar: 3.27352506213e-10
        dvar2: 9.9128205644e-10
        max: 0.000246999872616
        mean: 1.70357598108e-05
        min: 3.15674673901e-11
        var: 8.3602769152e-10
    spectral_energyband_low:
        dmean: 0.000138123068609
        dmean2: 0.000228928212891
        dvar: 4.97165544289e-08
        dvar2: 1.43331675417e-07
        max: 0.00181415071711
        mean: 0.000229325436521
        min: 1.54688684084e-09
        var: 7.37016208063e-08
    spectral_energyband_middle_high:
        dmean: 0.000668435997795
        dmean2: 0.00105845811777
        dvar: 6.62299044052e-07
        dvar2: 1.63298261668e-06
        max: 0.00918455515057
        mean: 0.00166281231213
        min: 7.84899589767e-10
        var: 1.15759655728e-06
    spectral_energyband_middle_low:
        dmean: 0.00116376753431
        dmean2: 0.00189532665536
        dvar: 1.8715496708e-06
        dvar2: 4.8680940381e-06
        max: 0.0135171404108
        mean: 0.00331498752348
        min: 1.35866218276e-09
        var: 4.01518855142e-06
    spectral_flatness_db:
        dmean: 0.0197888705879
        dmean2: 0.0336458198726
        dvar: 0.000284367910353
        dvar2: 0.000722864409909
        max: 0.381574183702
        mean: 0.250138372183
        min: 0.098919570446
        var: 0.0013473208528
    spectral_flux:
        dmean: 0.00831660348922
        dmean2: 0.0137404510751
        dvar: 6.37796983938e-05
        dvar2: 0.000148458202602
        max: 0.0905205458403
        mean: 0.0416349247098
        min: 6.37368939351e-05
        var: 0.000154734356329
    spectral_kurtosis:
        dmean: 13.3609848022
        dmean2: 23.5176849365
        dvar: 197.782302856
        dvar2: 662.946350098
        max: 107.7605896
        mean: 24.8814868927
        min: 0.555110216141
        var: 443.251159668
    spectral_rms:
        dmean: 0.000297932041576
        dmean2: 0.000472641171655
        dvar: 8.02532156285e-08
        dvar2: 1.9550159891e-07
        max: 0.00388433993794
        mean: 0.00220635836013
        min: 1.99080591301e-06
        var: 2.28727813578e-07
    spectral_rolloff:
        dmean: 373.894500732
        dmean2: 632.864624023
        dvar: 162040.359375
        dvar2: 387470.625
        max: 3639.11132812
        mean: 1735.67687988
        min: 366.064453125
        var: 687162.375
    spectral_skewness:
        dmean: 0.858021855354
        dmean2: 1.50659012794
        dvar: 0.65047365427
        dvar2: 2.17849683762
        max: 7.48679447174
        mean: 2.89352655411
        min: 0.871898770332
        var: 1.88080871105
    spectral_spread:
        dmean: 264051.125
        dmean2: 403260
        dvar: 814783397888
        dvar2: 807776223232
        max: 16969448
        mean: 1635315.25
        min: 587309.1875
        var: 1.10543359181e+12
    spectral_strongpeak:
        dmean: 0.477217167616
        dmean2: 0.858100235462
        dvar: 0.455414891243
        dvar2: 1.25561285019
        max: 4.18750858307
        mean: 0.655121743679
        min: 0
        var: 0.409609556198
    zerocrossingrate:
        dmean: 0.00512979878113
        dmean2: 0.0068359375
        dvar: 1.87885216292e-05
        dvar2: 3.12551164825e-05
        max: 0.09228515625
        mean: 0.0500465556979
        min: 0.01318359375
        var: 0.000278784194961
    barkbands:
        dmean: [2.02586434739e-07, 5.9119422076e-05, 0.000101705147245, 0.000183340656804, 0.000308039656375, 0.000826825504191, 0.000323336484144, 0.000104419028503, 0.000275570811937, 0.000220250105485, 0.000229163822951, 0.000115218725114, 0.000118416581245, 0.000337803736329, 5.92984324612e-05, 2.30600035138e-05, 7.77543609729e-05, 9.14038100746e-05, 6.04629021836e-05, 2.1252559236e-05, 2.89015656563e-06, 2.84554090513e-07, 1.63596816094e-08, 2.02476124755e-09, 8.1699325083e-10, 5.65552160658e-10, 5.97568716731e-10]
        dmean2: [3.25227119902e-07, 0.000102945487015, 0.000162784650456, 0.000337803241564, 0.000467345118523, 0.00132328493055, 0.000563232693821, 0.00018254375027, 0.000416542083258, 0.000368720706319, 0.00038815260632, 0.000199604401132, 0.000194217529497, 0.000575672893319, 9.59164099186e-05, 3.68026558135e-05, 0.000121634817333, 0.000148281484144, 9.99549884e-05, 3.55223746737e-05, 4.84893462271e-06, 4.82028156057e-07, 2.81597767327e-08, 3.07028225066e-09, 1.14503617699e-09, 7.32243377044e-10, 7.75254582752e-10]
        dvar: [2.6085158881e-13, 1.19107328445e-08, 2.65521311604e-08, 4.16764223132e-08, 1.35883880148e-07, 1.3256484408e-06, 2.21609028017e-07, 2.80111560613e-08, 1.4598978737e-07, 1.32805894282e-07, 1.00619438115e-07, 4.80076209897e-08, 5.42036282525e-08, 5.7523260466e-07, 4.30119762029e-09, 7.73920316721e-10, 1.17222809237e-08, 2.51709888488e-08, 9.71503411051e-09, 2.07897565829e-09, 4.25126010783e-11, 2.45053245274e-13, 8.75895700811e-16, 7.12684125048e-17, 5.83157434941e-17, 5.42677829653e-17, 6.0555126553e-17]
        dvar2: [6.26922125324e-13, 3.64032821665e-08, 6.84151260089e-08, 1.32113882501e-07, 3.18446154779e-07, 3.42470730175e-06, 6.45117950171e-07, 7.72021095941e-08, 3.57634093007e-07, 3.29754186623e-07, 2.52192535299e-07, 1.48943769318e-07, 1.30000415766e-07, 1.50858750203e-06, 9.71535918382e-09, 2.0709909343e-09, 2.83370766851e-08, 7.10656991032e-08, 2.45634996787e-08, 5.61717250491e-09, 1.12921033635e-10, 7.80222837293e-13, 2.4402032417e-15, 7.71748129507e-17, 5.68583505164e-17, 5.27194960732e-17, 5.88317519951e-17]
        max: [5.49332207811e-06, 0.000904942629859, 0.00126125512179, 0.00175093743019, 0.00437904382125, 0.0086493557319, 0.0029778489843, 0.0015070278896, 0.00437981309369, 0.00298630120233, 0.0023709172383, 0.00206120219082, 0.00335926795378, 0.00701416749507, 0.000688416941557, 0.000285980815534, 0.000935102871154, 0.00184289470781, 0.000877755344845, 0.000466809986392, 8.05854506325e-05, 6.16032048129e-06, 2.90872094411e-07, 1.73963428551e-07, 1.61364468454e-07, 1.55317351869e-07, 1.64039718697e-07]
        mean: [2.93860296097e-07, 8.1890320871e-05, 0.000147145270603, 0.000234317820286, 0.00059321266599, 0.0013131913729, 0.000439519353677, 0.000147666767589, 0.000514353916515, 0.000258634769125, 0.000311038602376, 0.000152818218339, 0.000145530022564, 0.000294839934213, 9.54150091275e-05, 4.01546603825e-05, 0.000133590176119, 0.00015730180894, 0.000122593090055, 3.44266773027e-05, 5.58495867153e-06, 6.02170700859e-07, 3.7943721054e-08, 5.38797895189e-09, 1.61892532713e-09, 5.49519318938e-10, 5.49670753358e-10]
        min: [2.68833566519e-10, 8.3891649183e-10, 3.74706626838e-10, 2.42039888132e-10, 2.89311047341e-10, 9.93191848209e-11, 7.07631453434e-11, 1.80297277108e-10, 4.3601375288e-10, 1.4845019658e-10, 2.77993530973e-11, 1.03305974886e-10, 1.81060680338e-10, 1.30905494777e-10, 9.88404497138e-11, 2.65616643264e-11, 1.12504007846e-11, 6.68363211997e-11, 2.43682123091e-11, 1.86552648329e-11, 9.55527150459e-12, 3.42220175809e-12, 2.19138682894e-12, 1.24631891179e-12, 1.44863266348e-12, 7.92108783079e-13, 5.2004394172e-14]
        var: [4.2725325773e-13, 1.27407506767e-08, 3.73592037306e-08, 5.43470193293e-08, 3.87862286289e-07, 1.84589544006e-06, 2.25321315384e-07, 2.85523000798e-08, 3.15463694278e-07, 1.35442959959e-07, 1.40208982202e-07, 8.45718091114e-08, 6.68478605803e-08, 4.3217005441e-07, 9.06756625341e-09, 1.78311510002e-09, 2.28417516013e-08, 5.58125314853e-08, 2.60256047824e-08, 3.73538489029e-09, 8.44557687674e-11, 9.03269592369e-13, 2.92299148109e-15, 9.72556083197e-17, 6.09878412751e-17, 5.59046377399e-17, 6.23836589279e-17]
    mfcc:
        mean: [-792.912841797, 242.031814575, -99.9086914062, 59.1812019348, -25.5698852539, -11.5990352631, -3.07626914978, -8.60820293427, -10.0652160645, -6.91372299194, -6.36110401154, -4.75929546356, -5.74100446701]
        cov: [[2080.03027344, -862.708068848, -333.765106201, 397.5105896, -224.916900635, 27.0559120178, -127.671066284, 36.663394928, -128.924591064, -72.4648590088, -26.9979572296, -34.2033424377, 18.7183017731], [-862.708068848, 1471.29748535, 197.670547485, -467.40536499, 223.282272339, 14.0454454422, 167.9087677, -78.3003005981, 98.3883590698, 37.1154594421, -12.6178674698, 36.3549118042, -12.1374835968], [-333.765106201, 197.670547485, 187.084091187, -84.3258132935, -19.9276866913, -23.5708808899, 65.3940887451, 12.3038711548, 20.3251285553, 10.7495660782, -15.9022188187, 10.0178785324, 12.8091506958], [397.5105896, -467.40536499, -84.3258132935, 291.557220459, -14.7748565674, -57.7971801758, -115.801101685, 39.6759719849, -12.2051372528, -23.6985549927, -8.54962539673, -23.7316169739, -3.819699049], [-224.916900635, 223.282272339, -19.9276866913, -14.7748565674, 218.51651001, 22.592716217, -58.8184738159, -27.5598049164, 34.7123031616, -4.5326333046, -0.318076819181, -3.88558340073, -19.5880908966], [27.0559120178, 14.0454454422, -23.5708808899, -57.7971801758, 22.592716217, 233.091552734, 58.1926116943, -21.7234954834, -44.0480690002, 41.2190322876, 31.4713859558, 32.3058013916, 19.0250225067], [-127.671066284, 167.9087677, 65.3940887451, -115.801101685, -58.8184738159, 58.1926116943, 176.927459717, 27.0093574524, -19.4275856018, 10.1745853424, -2.76166772842, 17.9315032959, 13.6637468338], [36.663394928, -78.3003005981, 12.3038711548, 39.6759719849, -27.5598049164, -21.7234954834, 27.0093574524, 115.650466919, 30.498752594, -22.5323524475, -25.9441585541, -7.01750993729, 3.07613492012], [-128.924591064, 98.3883590698, 20.3251285553, -12.2051372528, 34.7123031616, -44.0480690002, -19.4275856018, 30.498752594, 99.5820922852, 16.4824256897, -31.2080154419, -16.1362419128, 0.0129912048578], [-72.4648590088, 37.1154594421, 10.7495660782, -23.6985549927, -4.5326333046, 41.2190322876, 10.1745853424, -22.5323524475, 16.4824256897, 86.4990615845, 25.5809707642, 1.417578578, -3.42469716072], [-26.9979572296, -12.6178674698, -15.9022188187, -8.54962539673, -0.318076819181, 31.4713859558, -2.76166772842, -25.9441585541, -31.2080154419, 25.5809707642, 67.4425735474, 20.0283317566, -16.3870067596], [-34.2033424377, 36.3549118042, 10.0178785324, -23.7316169739, -3.88558340073, 32.3058013916, 17.9315032959, -7.01750993729, -16.1362419128, 1.417578578, 20.0283317566, 65.0649261475, 25.2719554901], [18.7183017731, -12.1374835968, 12.8091506958, -3.819699049, -19.5880908966, 19.0250225067, 13.6637468338, 3.07613492012, 0.0129912048578, -3.42469716072, -16.3870067596, 25.2719554901, 71.7959442139]]
        icov: [[0.00121722137555, -0.000393243186409, 0.00181763386354, -0.00146496703383, 0.00178469915409, -0.000680107914377, 0.000538482447155, -7.36107904231e-05, 0.000986326835118, 0.000333775213221, 0.00126026023645, 0.000173364911461, 2.41263969656e-05], [-0.000393243186409, 0.00250437227078, -0.00129820313305, 0.0033358882647, -0.00310605112463, 0.00131088402122, -0.00166019203607, 0.000914521224331, -0.00135018920992, -0.000382587692002, -5.45935909031e-05, -0.000896682729945, 0.000302137283143], [0.00181763386354, -0.00129820313305, 0.0102957868949, -0.00144616921898, 0.00328956241719, 0.000567990355194, -0.000706779945176, -0.000965372950304, 0.00177203025669, -0.00122489989735, 0.00341124273837, -0.000736741989385, -0.000705137499608], [-0.00146496703383, 0.0033358882647, -0.00144616921898, 0.0119471075013, -0.00460451329127, 0.00306496582925, 0.00240947422571, -0.00307594100013, 0.00130246183835, -0.00228706980124, 0.000102240446722, -0.000296277867164, -0.000537385058124], [0.00178469915409, -0.00310605112463, 0.00328956241719, -0.00460451329127, 0.0118467826396, -0.0043463325128, 0.00473776180297, 0.000736143265385, -0.00127724034246, 0.00341609492898, 0.00126718950924, 0.000622602645308, 0.00186168018263], [-0.000680107914377, 0.00131088402122, 0.000567990355194, 0.00306496582925, -0.0043463325128, 0.00813945848495, -0.00296645006165, -0.000768016092479, 0.0032810466364, -0.00491186091676, -0.000267980649369, -0.00187679217197, -0.00191997992806], [0.000538482447155, -0.00166019203607, -0.000706779945176, 0.00240947422571, 0.00473776180297, -0.00296645006165, 0.0135597316548, -0.00567112723365, 0.00530162500218, -0.00133470923174, 0.00280841137283, 3.06054571411e-05, 0.000139892828884], [-7.36107904231e-05, 0.000914521224331, -0.000965372950304, -0.00307594100013, 0.000736143265385, -0.000768016092479, -0.00567112723365, 0.0150367803872, -0.00851729884744, 0.00550596229732, 8.55946836964e-06, -0.000750738487113, 0.00155216199346], [0.000986326835118, -0.00135018920992, 0.00177203025669, 0.00130246183835, -0.00127724034246, 0.0032810466364, 0.00530162500218, -0.00851729884744, 0.0230553261936, -0.0104419747368, 0.0103980274871, 0.000481275463244, -0.000892587762792], [0.000333775213221, -0.000382587692002, -0.00122489989735, -0.00228706980124, 0.00341609492898, -0.00491186091676, -0.00133470923174, 0.00550596229732, -0.0104419747368, 0.0204718261957, -0.00983572285622, 0.00345053919591, -0.000284260167973], [0.00126026023645, -5.45935909031e-05, 0.00341124273837, 0.000102240446722, 0.00126718950924, -0.000267980649369, 0.00280841137283, 8.55946836964e-06, 0.0103980274871, -0.00983572285622, 0.0301961787045, -0.0103603620082, 0.00900880154222], [0.000173364911461, -0.000896682729945, -0.000736741989385, -0.000296277867164, 0.000622602645308, -0.00187679217197, 3.06054571411e-05, -0.000750738487113, 0.000481275463244, 0.00345053919591, -0.0103603620082, 0.0239741839468, -0.0100266030058], [2.41263969656e-05, 0.000302137283143, -0.000705137499608, -0.000537385058124, 0.00186168018263, -0.00191997992806, 0.000139892828884, 0.00155216199346, -0.000892587762792, -0.000284260167973, 0.00900880154222, -0.0100266030058, 0.0205660741776]]
    spectral_contrast:
        mean: [2.18639883087e-07, 7.83004026061e-08, -2.82515628669e-07, -7.61172103125e-08, -1.00634821365e-07, -3.06478767698e-07, 6.74225589137e-07, -6.00378200488e-07, -4.98183953823e-06, -4.32202995171e-07, 2.80003223452e-06, -1.97274039238e-06]
        var: [0.000369047134882, 0.00169705308508, 0.00223156460561, 0.00269146519713, 0.00417560432106, 0.00529724825174, 0.0798086896539, 0.14545942843, 0.166135817766, 0.253052353859, 0.267356991768, 0.743905484676]

rhythm:
    beats_loudness:
        dmean: 0.00179239653517
        dmean2: 0.00283117638901
        dvar: 2.92986987915e-06
        dvar2: 5.95043911744e-06
        max: 0.010705281049
        mean: 0.00579460803419
        min: 0.00310764694586
        var: 5.33380261913e-06
    beats_loudness_bass:
        dmean: 0.0414260290563
        dmean2: 0.066530495882
        dvar: 0.000827257463243
        dvar2: 0.0024685675744
        max: 0.180228888988
        mean: 0.0692454129457
        min: 0.0100198686123
        var: 0.00178672501352
    bpm: 120.787971497
    bpm_confidence: 0
    first_peak_bpm: 121
    first_peak_spread: 0
    first_peak_weight: 0.526315808296
    onset_rate: 3.30701875687
    second_peak_bpm: 128
    second_peak_spread: 0
    second_peak_weight: 0.421052634716
    beats_position: [0.300196915865, 0.796942830086, 1.2936886549, 1.79043447971, 2.28718042374, 2.78392624855, 3.28067207336, 3.7774181366, 4.27416419983, 4.77091026306, 5.26765632629, 6.04188632965, 6.50907564163, 6.97626638412, 7.44345569611, 7.91064548492, 8.37783527374, 8.84502506256, 9.31221485138, 9.7794046402]
    bpm_estimates: [121.435569763, 120.302032471, 120.626304626]
    bpm_intervals: [0.496745914221, 0.496745824814, 0.496745824814, 0.496745944023, 0.496745824814, 0.496745824814, 0.496746063232, 0.496746063232, 0.496746063232, 0.496746063232, 0.774230003357, 0.467189311981, 0.467190742493, 0.467189311981, 0.467189788818, 0.467189788818, 0.467189788818, 0.467189788818, 0.467189788818]
    onset_times: [0.0464399084449, 0.27863946557, 0.429569154978, 0.673378705978, 0.801088452339, 1.04489791393, 1.30031740665, 1.4164172411, 1.67183673382, 1.92725622654, 2.04335594177, 2.15945577621, 2.85605430603, 2.9837641716, 3.21596360207, 3.7151927948, 4.051882267, 4.33052158356, 4.82975053787, 5.97913837433, 6.28099775314, 6.51319742203, 6.74539661407, 6.84988641739, 7.19818592072, 7.66258525848, 8.16181373596, 8.3011341095, 8.67265319824, 8.91646289825, 9.16027164459, 9.55501174927, 9.81043052673]
    rubato_start: []
    rubato_stop: []
    perceptual_tempo: "unknown"

sfx:
    inharmonicity:
        dmean: 0.0355932712555
        dmean2: 0.0629139915109
        dvar: 0.00281877955422
        dvar2: 0.00763648701832
        max: 0.46735945344
        mean: 0.0292479787022
        min: 4.60346910813e-07
        var: 0.00231404346414
    oddtoevenharmonicenergyratio:
        dmean: 10.9866437912
        dmean2: 21.7513027191
        dvar: 15974.5820312
        dvar2: 47941.140625
        max: 1852.69873047
        mean: 5.85910606384
        min: 1.02949079519e-05
        var: 8000.48486328
    pitch_after_max_to_before_max_energy_ratio: 3.2675948143
    pitch_centroid: 224.051986694
    pitch_max_to_total: 0.258139520884
    pitch_min_to_total: 0.0209302324802
    tristimulus:
        dmean: [0.271318972111, 0.281138747931, 0.0529116354883]
        dmean2: [0.466291218996, 0.492993682623, 0.0970193147659]
        dvar: [0.0451460517943, 0.0494062118232, 0.00511469366029]
        dvar2: [0.129800587893, 0.139038741589, 0.0133978854865]
        max: [0.996801674366, 0.977646768093, 0.409080058336]
        mean: [0.526260972023, 0.393868535757, 0.0396031700075]
        min: [0.00621955003589, 0, 0]
        var: [0.0712849348783, 0.0737003162503, 0.00453192740679]

tonal:
    chords_changes_rate: 0.0465116277337
    chords_number_rate: 0.0232558138669
    chords_strength:
        dmean: 0.0057244845666
        dmean2: 0.00658855587244
        dvar: 2.14758692891e-05
        dvar2: 2.56122257269e-05
        max: 0.576964855194
        mean: 0.490156948566
        min: 0.359758466482
        var: 0.00243077194318
    key_strength: 0.66138035059
    tuning_diatonic_strength: 0.490380823612
    tuning_equal_tempered_deviation: 0.096635773778
    tuning_frequency: 442.804626465
    tuning_nontempered_energy_ratio: 0.683798909187
    hpcp:
        dmean: [0.194861292839, 0.176032602787, 0.118065916002, 0.0735578611493, 0.0639352425933, 0.123030297458, 0.168898701668, 0.117655970156, 0.117544226348, 0.0925635918975, 0.08095087111, 0.0750579759479, 0.0664223656058, 0.0993413031101, 0.133174851537, 0.143763974309, 0.125294283032, 0.120762340724, 0.131141752005, 0.161534622312, 0.208893015981, 0.165888041258, 0.19977670908, 0.14650696516, 0.130811363459, 0.121193014085, 0.12303275615, 0.141168311238, 0.171136602759, 0.220414876938, 0.214083001018, 0.138653218746, 0.104930154979, 0.0856933444738, 0.10546053201, 0.199024677277]
        dmean2: [0.312839388847, 0.303569465876, 0.208117902279, 0.128964111209, 0.119427092373, 0.211639463902, 0.292849898338, 0.209690362215, 0.219325840473, 0.164050936699, 0.137821495533, 0.131897494197, 0.116448149085, 0.18123716116, 0.237277790904, 0.250258743763, 0.221622928977, 0.214717417955, 0.241117149591, 0.297953635454, 0.369375944138, 0.294938862324, 0.346106797457, 0.267454832792, 0.237012296915, 0.224561452866, 0.228011801839, 0.255525052547, 0.305123925209, 0.367785125971, 0.367212563753, 0.238804653287, 0.187996909022, 0.154714167118, 0.184801757336, 0.334950447083]
        dvar: [0.0322887375951, 0.0311891715974, 0.0273749958724, 0.0186865050346, 0.0126284081489, 0.017810260877, 0.0380334593356, 0.0219026524574, 0.0294708423316, 0.0120926080272, 0.0112818367779, 0.0123388469219, 0.0160646084696, 0.0248303879052, 0.0332161746919, 0.0318476967514, 0.0196687951684, 0.0385354608297, 0.0389123819768, 0.036758903414, 0.034709174186, 0.0455742180347, 0.030236043036, 0.0499799512327, 0.0323068723083, 0.0460029393435, 0.0348740741611, 0.0396149419248, 0.046942833811, 0.0443269126117, 0.0496647469699, 0.0254509430379, 0.0260005146265, 0.0139626506716, 0.0142356082797, 0.0344508774579]
        dvar2: [0.0762612968683, 0.0970409214497, 0.0795946866274, 0.0527706332505, 0.0396872386336, 0.0544960163534, 0.109786659479, 0.0615337230265, 0.0820950195193, 0.0313657857478, 0.0333527028561, 0.0312493089586, 0.0469519793987, 0.0736176818609, 0.0912042036653, 0.083317682147, 0.0535560846329, 0.107101842761, 0.110283352435, 0.107630208135, 0.100780807436, 0.106772743165, 0.0842711403966, 0.143481105566, 0.0874071195722, 0.135638073087, 0.0985218882561, 0.107587270439, 0.112258248031, 0.123288869858, 0.149437665939, 0.0696483552456, 0.0715118721128, 0.0364149361849, 0.0395105779171, 0.0859759151936]
        max: [1, 1, 1, 1, 0.685895562172, 1, 1, 0.863757312298, 1, 0.760097563267, 0.92660433054, 1, 1, 0.986349821091, 1, 1, 0.842808246613, 1, 1, 1, 1, 1, 1, 1, 1, 1, 1, 0.995522916317, 1, 1, 1, 1, 1, 1, 0.680635869503, 1]
        mean: [0.368847280741, 0.250715643167, 0.143719404936, 0.0869972333312, 0.058112051338, 0.193047598004, 0.270771563053, 0.146389350295, 0.0940338969231, 0.0981434211135, 0.103608757257, 0.103784948587, 0.0729517415166, 0.0870329812169, 0.161624595523, 0.185728415847, 0.126079708338, 0.109336838126, 0.112385183573, 0.14276240766, 0.467504620552, 0.657029569149, 0.389962792397, 0.203052178025, 0.13544280827, 0.0825720205903, 0.109762303531, 0.135533437133, 0.169196024537, 0.317153930664, 0.321263194084, 0.151308134198, 0.111322969198, 0.0933337658644, 0.106236770749, 0.278903871775]
        min: [0.00801154132932, 0.00491356151178, 0.00018364447169, 0.000109625631012, 0.000638924306259, 0.021466743201, 0.010569408536, 0.0119410967454, 0.000589334638789, 0.00124141725246, 0.00054865446873, 0.00118317035958, 0.00053804035997, 0.000579727697186, 0.00177019881085, 0.00131385494024, 0.000931689108256, 0.000749471539166, 0.000587579444982, 0.000842199719045, 0.00597426155582, 0.0170892793685, 0.0188555996865, 7.78258472565e-05, 4.97219152749e-05, 0.000139475523611, 0.000169284117874, 0.000253537902609, 0.00397503608838, 0.00296895252541, 0.00394465681165, 0.00101006508339, 0.00061535887653, 0.000212279162952, 0.001439249143, 0.00414481852204]
        var: [0.0857361480594, 0.0443859882653, 0.0523554645479, 0.0291574634612, 0.00838488619775, 0.0236252695322, 0.0585637427866, 0.0236570648849, 0.020603151992, 0.0133335469291, 0.0262180771679, 0.0337158627808, 0.0153373125941, 0.0177959967405, 0.0269076060504, 0.0337853506207, 0.0197519827634, 0.0328203141689, 0.0322327874601, 0.0304427221417, 0.0849273204803, 0.140375629067, 0.0425796322525, 0.0913443639874, 0.0437820218503, 0.0311592128128, 0.0272732824087, 0.0364490747452, 0.0477588623762, 0.0896958336234, 0.104872941971, 0.0283511206508, 0.0255180057138, 0.0154555886984, 0.0156097374856, 0.0616980008781]
    chords_histogram: [13.4883718491, 3.25581383705, 24.6511631012, 0, 0, 0, 0, 40, 0, 0, 0, 0, 0, 0, 0, 0, 0, 0, 0, 0, 18.6046504974, 0, 0, 0]
    thpcp: [1, 0.593523979187, 0.309045732021, 0.206144154072, 0.12567473948, 0.167058393359, 0.206282094121, 0.257516592741, 0.482708752155, 0.488963067532, 0.230291202664, 0.16943372786, 0.142054125667, 0.161692529917, 0.424492120743, 0.561386108398, 0.381589591503, 0.21874114871, 0.132409915328, 0.0884466320276, 0.293818742037, 0.412114739418, 0.222804814577, 0.143119737506, 0.149374440312, 0.157692685723, 0.15796084702, 0.111032664776, 0.132464334369, 0.24599288404, 0.282678931952, 0.19189350307, 0.166410833597, 0.171050414443, 0.217284604907, 0.711542725563]
    chords_key: "A"
    chords_scale: "major"
    key_key: "A"
    key_scale: "minor"
    chords_progression: ["A", "A", "A", "A", "A", "A", "A", "A", "A", "A", "A", "A", "A", "A", "A", "A", "A", "A", "A", "A", "A", "A", "A", "A", "A", "A", "A", "A", "A", "A", "A", "A", "A", "A", "A", "A", "A", "A", "A", "A", "A", "A", "A", "A", "Em", "Em", "Em", "Em", "Am", "Am", "Am", "Am", "Am", "Am", "Am", "Am", "Am", "Am", "Am", "Am", "Am", "Am", "Am", "Am", "Am", "Am", "Am", "A", "A", "A", "A", "A", "A", "A", "A", "A", "A", "A", "A", "A", "A", "A", "A", "A", "A", "A", "A", "A", "A", "A", "A", "A", "A", "A", "A", "A", "A", "A", "A", "A", "Am", "Am", "Am", "Am", "Am", "Am", "Am", "A", "A", "A", "Am", "Am", "Am", "A", "A", "A", "A", "A", "A", "Em", "Em", "Em", "Em", "Em", "Em", "Em", "Em", "Em", "Em", "Em", "Em", "Em", "Em", "Em", "Em", "Em", "Em", "Em", "Em", "Em", "Em", "Em", "Em", "Em", "Em", "Em", "Em", "Em", "Em", "Em", "Em", "Em", "Em", "Em", "Em", "Em", "Em", "Em", "Em", "Em", "Em", "Em", "Em", "Em", "Em", "Em", "Em", "Em", "C", "C", "C", "C", "C", "C", "C", "Gm", "Gm", "Gm", "Gm", "Gm", "Gm", "Gm", "Gm", "Gm", "Gm", "Gm", "Gm", "Gm", "Gm", "Gm", "Gm", "Gm", "Gm", "Gm", "Gm", "Gm", "Gm", "Gm", "Gm", "Gm", "Gm", "Gm", "Gm", "Gm", "Gm", "Gm", "Gm", "Gm", "Gm", "Gm", "Gm", "Gm", "Gm", "Gm", "Gm"]
