
metadata:
    version:
        essentia: "1.2.2"
    audio_properties:
        analysis_sample_rate: 44100
        bitrate: 128
        channels: 2
        equal_loudness: 1
        length: 10.0571432114
        replay_gain: -11.4833240509
        downmix: "mix"
    tags:
        track: 11
        year: 0
        album: "Splitted by Mp3Splt v. 2.1"
        artist: "From 001.40 To 001.50"
        comment: "http://mp3splt.sf.net"
        genre: ""
        title: "09 Track 9.mp3"

highlevel:
    ballroom:
        all:
            ChaChaCha: 0.182736024261
            Jive: 0.361890941858
            Quickstep: 0.00894366204739
            Rumba-American: 0.00090987427393
            Rumba-International: 0.0296261943877
            Rumba-Misc: 0.00143613852561
            Samba: 0.41388463974
            Tango: 6.56875781715e-05
            VienneseWaltz: 0.000275232916465
            Waltz: 0.000231596684898
        probability: 0.41388463974
        value: "Samba"
    culture:
        all:
            non_western: 0.758757770061
            western: 0.241242229939
        probability: 0.758757770061
        value: "non_western"
    gender:
        all:
            female: 0.317008733749
            male: 0.682991266251
        probability: 0.682991266251
        value: "male"
    genre_dortmund:
        all:
            alternative: 0.111388191581
            blues: 0.00269566522911
            electronic: 0.151046440005
            folkcountry: 0.034164480865
            funksoulrnb: 0.00266326009296
            jazz: 0.0301603768021
            pop: 0.0578245036304
            raphiphop: 0.00501113478094
            rock: 0.605045974255
        probability: 0.605045974255
        value: "rock"
    genre_electronica:
        all:
            ambient: 0.115399494767
            dnb: 0.63267159462
            house: 0.0587296038866
            techno: 0.0369097739458
            trance: 0.156289547682
        probability: 0.63267159462
        value: "dnb"
    genre_rosamerica:
        all:
            cla: 0.00614540977404
            dan: 0.365060001612
            hip: 0.014458107762
            jaz: 0.0224080961198
            pop: 0.0565593913198
            rhy: 0.0411814264953
            roc: 0.488647311926
            spe: 0.00554025964811
        probability: 0.488647311926
        value: "roc"
    genre_tzanetakis:
        all:
            blu: 0.00631288997829
            cla: 0.00665145833045
            cou: 0.0420127362013
            dis: 0.0502189286053
            hip: 0.0724729970098
            jaz: 0.0515821017325
            met: 0.0731850042939
            pop: 0.20680975914
            reg: 0.0836303681135
            roc: 0.40712377429
        probability: 0.40712377429
        value: "roc"
    live_studio:
        all:
            live: 0.447582602501
            studio: 0.552417397499
        probability: 0.552417397499
        value: "studio"
    mood:
        all:
            Cluster1: 0.491903632879
            Cluster2: 0.100927062333
            Cluster3: 0.136105358601
            Cluster4: 0.0404476597905
            Cluster5: 0.230616286397
        probability: 0.491903632879
        value: "Cluster1"
    mood_acoustic:
        all:
            acoustic: 0.0916885435581
            not_acoustic: 0.90831142664
        probability: 0.90831142664
        value: "not_acoustic"
    mood_aggressive:
        all:
            aggressive: 0.372085183859
            not_aggressive: 0.627914845943
        probability: 0.627914845943
        value: "not_aggressive"
    mood_electronic:
        all:
            electronic: 0.918713450432
            not_electronic: 0.0812865421176
        probability: 0.918713450432
        value: "electronic"
    mood_happy:
        all:
            happy: 0.320785880089
            not_happy: 0.679214119911
        probability: 0.679214119911
        value: "not_happy"
    mood_party:
        all:
            not_party: 0.5
            party: 0.5
        probability: 0.5
        value: "not_party"
    mood_relaxed:
        all:
            not_relaxed: 0.580514609814
            relaxed: 0.419485419989
        probability: 0.580514609814
        value: "not_relaxed"
    mood_sad:
        all:
            not_sad: 0.5
            sad: 0.5
        probability: 0.5
        value: "not_sad"
    rhythm:
        all:
            fast: 0.568948447704
            medium: 0.247246667743
            slow: 0.183804884553
        probability: 0.568948447704
        value: "fast"
    speech_music:
        all:
            music: 0.999955058098
            speech: 4.49131512141e-05
        probability: 0.999955058098
        value: "music"
    timbre:
        all:
            bright: 0.0551195219159
            dark: 0.944880485535
        probability: 0.944880485535
        value: "dark"
    voice_instrumental:
        all:
            instrumental: 0.0322597324848
            voice: 0.967740297318
        probability: 0.967740297318
        value: "voice"

lowlevel:
    average_loudness: 0.976563632488
    barkbands_kurtosis:
        dmean: 3.05682134628
        dmean2: 4.64655351639
        dvar: 19.0317649841
        dvar2: 37.8658905029
        max: 29.6463279724
        mean: 3.52121043205
        min: -1.89958238602
        var: 42.3075866699
    barkbands_skewness:
        dmean: 0.679623126984
        dmean2: 1.04140865803
        dvar: 0.467448741198
        dvar2: 1.03179132938
        max: 4.75979614258
        mean: 1.57618057728
        min: -1.82131826878
        var: 1.86074995995
    barkbands_spread:
        dmean: 8.84756755829
        dmean2: 13.7980232239
        dvar: 78.792678833
        dvar2: 161.357116699
        max: 65.8986587524
        mean: 31.5757007599
        min: 4.07396173477
        var: 291.600616455
    dissonance:
        dmean: 0.0118360528722
        dmean2: 0.0193453785032
        dvar: 0.000594273325987
        dvar2: 0.000756743596867
        max: 0.499753862619
        mean: 0.476320147514
        min: 0
        var: 0.00071438140003
    hfc:
        dmean: 1.99814283848
        dmean2: 3.02413678169
        dvar: 13.4959459305
        dvar2: 26.9382400513
        max: 36.2807273865
        mean: 4.28765439987
        min: 4.36958362116e-05
        var: 23.833272934
    pitch:
        dmean: 1283.34130859
        dmean2: 2532.74633789
        dvar: 3024681
        dvar2: 7281358
        max: 4900
        mean: 1427.19055176
        min: 73.0132446289
        var: 3225510
    pitch_instantaneous_confidence:
        dmean: 0.0700457245111
        dmean2: 0.109944716096
        dvar: 0.00354996928945
        dvar2: 0.0085838008672
        max: 0.581798195839
        mean: 0.326364040375
        min: 0.132937014103
        var: 0.00810577441007
    pitch_salience:
        dmean: 0.0585624650121
        dmean2: 0.0953438431025
        dvar: 0.00301835266873
        dvar2: 0.00748652592301
        max: 0.850515604019
        mean: 0.655852973461
        min: 0.315448969603
        var: 0.00553739909083
    silence_rate_20dB:
        dmean: 0
        dmean2: 0
        dvar: 0
        dvar2: 0
        max: 1
        mean: 1
        min: 1
        var: 0
    silence_rate_30dB:
        dmean: 0
        dmean2: 0
        dvar: 0
        dvar2: 0
        max: 1
        mean: 1
        min: 1
        var: 0
    silence_rate_60dB:
        dmean: 0.188940092921
        dmean2: 0.378752887249
        dvar: 0.153241410851
        dvar2: 0.290727257729
        max: 1
        mean: 0.55632185936
        min: 0
        var: 0.246828272939
    spectral_centroid:
        dmean: 334.317199707
        dmean2: 525.536743164
        dvar: 112473.53125
        dvar2: 265756.4375
        max: 3655.04296875
        mean: 1109.66137695
        min: 202.17527771
        var: 578724.8125
    spectral_complexity:
        dmean: 3.05773663521
        dmean2: 4.70833349228
        dvar: 31.8927364349
        dvar2: 60.1696014404
        max: 47
        mean: 7.39631319046
        min: 0
        var: 53.1010169983
    spectral_crest:
        dmean: 2.35424852371
        dmean2: 3.8243162632
        dvar: 4.00549936295
        dvar2: 10.6173286438
        max: 20.650510788
        mean: 9.21496009827
        min: 3.29918599129
        var: 8.83711910248
    spectral_decrease:
        dmean: 4.78518391578e-10
        dmean2: 8.25748136535e-10
        dvar: 8.61261901356e-19
        dvar2: 2.30956106214e-18
        max: -1.59672757872e-14
        mean: -8.9614898835e-10
        min: -7.3980408466e-09
        var: 7.05575756726e-19
    spectral_energy:
        dmean: 0.00195227272343
        dmean2: 0.00332625769079
        dvar: 1.42221506394e-05
        dvar2: 3.74433184334e-05
        max: 0.0312127061188
        mean: 0.00377117632888
        min: 6.42275708174e-08
        var: 1.23802883536e-05
    spectral_energyband_high:
        dmean: 0.000174754692125
        dmean2: 0.000269213225693
        dvar: 6.9529946245e-08
        dvar2: 1.3240384078e-07
        max: 0.0024068816565
        mean: 0.000365910411347
        min: 1.65064806268e-09
        var: 1.89526929262e-07
    spectral_energyband_low:
        dmean: 0.000294684577966
        dmean2: 0.000521645590197
        dvar: 3.42354610439e-07
        dvar2: 1.00142278825e-06
        max: 0.0046181534417
        mean: 0.000454070221167
        min: 2.10803339229e-08
        var: 2.49052277468e-07
    spectral_energyband_middle_high:
        dmean: 0.000350182934199
        dmean2: 0.000541145622265
        dvar: 5.74606190185e-07
        dvar2: 1.20790332403e-06
        max: 0.00662643974647
        mean: 0.000656410411466
        min: 9.7942001176e-09
        var: 8.07363505828e-07
    spectral_energyband_middle_low:
        dmean: 0.00142254191451
        dmean2: 0.00250110425986
        dvar: 7.92221180745e-06
        dvar2: 2.21147674893e-05
        max: 0.0220371540636
        mean: 0.00229478185065
        min: 2.81051271145e-08
        var: 5.85115276408e-06
    spectral_flatness_db:
        dmean: 0.0302436668426
        dmean2: 0.0445494800806
        dvar: 0.000817439635284
        dvar2: 0.00153806980234
        max: 0.269766002893
        mean: 0.154783293605
        min: 0.0787496268749
        var: 0.00169180019293
    spectral_flux:
        dmean: 0.0129628544673
        dmean2: 0.019306384027
        dvar: 0.000334018841386
        dvar2: 0.00062058318872
        max: 0.148192629218
        mean: 0.0346076972783
        min: 0.00370091688819
        var: 0.000530375575181
    spectral_kurtosis:
        dmean: 1.2521790266
        dmean2: 1.7951887846
        dvar: 3.34284257889
        dvar2: 6.05019187927
        max: 14.0466156006
        mean: 2.59594106674
        min: -0.219460248947
        var: 6.94454479218
    spectral_rms:
        dmean: 0.000410059030401
        dmean2: 0.000667233834974
        dvar: 3.74920290369e-07
        dvar2: 9.53306255269e-07
        max: 0.00551828043535
        mean: 0.00180119171273
        min: 7.91587262938e-06
        var: 4.34906326063e-07
    spectral_rolloff:
        dmean: 834.821289062
        dmean2: 1364.41699219
        dvar: 1003451.5
        dvar2: 2150621.25
        max: 5167.96875
        mean: 2280.734375
        min: 193.798828125
        var: 2964803.5
    spectral_skewness:
        dmean: 0.25278326869
        dmean2: 0.377910554409
        dvar: 0.0956273153424
        dvar2: 0.176845818758
        max: 3.05824518204
        mean: 1.36177647114
        min: 0.506512463093
        var: 0.290232211351
    spectral_spread:
        dmean: 1664602.75
        dmean2: 2310689.25
        dvar: 3.48510748672e+12
        dvar2: 6.63008103629e+12
        max: 21783490
        mean: 7390542
        min: 3691728.5
        var: 4.97462542336e+12
    spectral_strongpeak:
        dmean: 0.121975146234
        dmean2: 0.203965768218
        dvar: 0.0407628268003
        dvar2: 0.111019358039
        max: 2.38755655289
        mean: 0.276752203703
        min: 0
        var: 0.0864451900125
    zerocrossingrate:
        dmean: 0.0140372402966
        dmean2: 0.0161053687334
        dvar: 0.000125179954921
        dvar2: 0.000171621068148
        max: 0.1728515625
        mean: 0.0766939073801
        min: 0.00390625
        var: 0.00137873599306
    barkbands:
        dmean: [1.8578579386e-07, 7.46659425204e-05, 0.000263609690592, 0.000500739610288, 0.000737126916647, 0.000248291209573, 0.00015144101053, 6.52654125588e-05, 6.17640616838e-05, 3.03063552565e-05, 2.32798138313e-05, 2.09963818634e-05, 1.33373187055e-05, 1.37912857099e-05, 2.21149039135e-05, 2.9659968277e-05, 6.33263407508e-05, 8.99120423128e-05, 9.11221650313e-05, 0.000103054298961, 9.07206558622e-05, 3.57191638614e-05, 1.11683866635e-05, 6.96299230185e-06, 6.89712533131e-06, 1.13372095711e-06, 1.01932196017e-09]
        dmean2: [3.10456869101e-07, 0.000103444937849, 0.000480489106849, 0.000889214046765, 0.00129167735577, 0.000427956110798, 0.000271761266049, 0.000114126305562, 9.71127738012e-05, 5.27026531927e-05, 4.06080253015e-05, 3.51558519469e-05, 2.05735996133e-05, 2.12014983845e-05, 3.66258245776e-05, 4.87761572003e-05, 0.000103391386801, 0.00014466450375, 0.000143903584103, 0.000157243310241, 0.000151386324433, 5.54933249077e-05, 1.74810502358e-05, 1.06904708446e-05, 1.10845494419e-05, 1.95762368094e-06, 1.62295255013e-09]
        dvar: [8.95312266707e-14, 1.0247755533e-08, 2.88868562848e-07, 1.09487507416e-06, 2.61751188191e-06, 2.66045503849e-07, 1.45594285073e-07, 2.51587035649e-08, 2.0957187985e-08, 4.88501505913e-09, 4.78026285222e-09, 3.23742455066e-09, 5.59768731367e-10, 9.03418673204e-10, 1.81872072957e-09, 3.96748323084e-09, 1.4398037429e-08, 3.34333662977e-08, 2.48235565437e-08, 3.18248183362e-08, 2.01622079032e-08, 2.5742821208e-09, 2.82431800169e-10, 9.57825554981e-11, 7.30794938453e-11, 2.21406291738e-12, 5.64061159863e-18]
        dvar2: [2.24249763724e-13, 2.08803250246e-08, 8.61759588133e-07, 3.26546478391e-06, 7.45537681723e-06, 7.34166349048e-07, 3.96607532593e-07, 6.73310225352e-08, 4.70555505672e-08, 1.31594140029e-08, 1.25408314844e-08, 7.64912133633e-09, 1.292609908e-09, 2.0726476091e-09, 4.59356330751e-09, 8.88555184986e-09, 3.21842179574e-08, 8.27635346923e-08, 5.23949665876e-08, 6.07411720921e-08, 5.06355064545e-08, 5.56083001868e-09, 7.36673333446e-10, 2.02807867722e-10, 1.69216488044e-10, 5.44770045047e-12, 1.42086716334e-17]
        max: [2.11066026168e-06, 0.00103078654502, 0.00419656420127, 0.00822555925697, 0.013477713801, 0.00405876431614, 0.00341454218142, 0.00136167742312, 0.0014943247661, 0.000539493106771, 0.000665283179842, 0.000631219008937, 0.000254862126894, 0.00039414659841, 0.000423391116783, 0.000486188335344, 0.00104757142253, 0.00180769851431, 0.00165774440393, 0.0017002064269, 0.00107961380854, 0.000443454278866, 0.000176394547452, 9.30151218199e-05, 5.08913908561e-05, 7.49844048187e-06, 3.21996189712e-08]
        mean: [2.00619822976e-07, 0.000131692911964, 0.000322182226228, 0.000691812310833, 0.0010403994238, 0.000278893450741, 0.000142319739098, 7.25572899682e-05, 6.46889093332e-05, 2.8747586839e-05, 2.20618840103e-05, 2.3806009267e-05, 1.80793940672e-05, 2.138662785e-05, 3.18349193549e-05, 4.32854430983e-05, 9.18805671972e-05, 0.000124046506244, 0.000177608788363, 0.000186029908946, 0.000155971036293, 6.63589162286e-05, 1.88448393601e-05, 9.06746026885e-06, 6.60782916384e-06, 8.12251016669e-07, 9.36136723695e-10]
        min: [3.71758396636e-13, 1.22719534534e-09, 6.87620094197e-09, 6.47859899061e-09, 1.27371038161e-08, 5.87751358694e-09, 9.34967769872e-10, 2.86776463687e-10, 1.61051572078e-09, 5.77320635742e-10, 2.45452241865e-10, 6.93779034222e-10, 1.0443784032e-10, 3.21516924195e-10, 1.58082047452e-10, 5.59127744104e-10, 4.1865710898e-09, 1.72799463627e-09, 7.6604272925e-10, 1.24843646532e-09, 4.96669760874e-10, 2.05106431839e-10, 1.07500806867e-10, 4.81641913852e-11, 6.12564651781e-11, 6.12172396108e-11, 6.72406011079e-12]
        var: [9.82075138985e-14, 2.2753036788e-08, 1.83424219813e-07, 6.69782480145e-07, 1.77107551735e-06, 2.21784958399e-07, 1.03003763741e-07, 2.12127009291e-08, 2.2003684208e-08, 3.93296950563e-09, 3.85137655101e-09, 3.16530979205e-09, 7.19533432836e-10, 1.31839983375e-09, 2.13013962025e-09, 4.89406559723e-09, 1.76457515266e-08, 3.60836800439e-08, 5.70394824706e-08, 6.29365572991e-08, 4.04547186861e-08, 6.94006541124e-09, 6.43176123472e-10, 1.45052761469e-10, 8.24103285613e-11, 1.83325208312e-12, 3.40857865978e-18]
    mfcc:
        mean: [-733.476379395, 92.633644104, -4.51274967194, 65.5028152466, 0.257915169001, 0.0263739991933, -3.77055931091, -8.57437229156, -4.24811029434, -8.84213066101, -4.81664323807, -5.19109725952, -7.28770685196]
        cov: [[4072.88891602, -1136.5447998, 134.199981689, -228.117660522, -643.882446289, -294.380493164, -148.962036133, -55.1964759827, -52.0553398132, -35.330242157, -19.1318321228, -21.5563392639, 35.4738883972], [-1136.5447998, 1331.19641113, 122.787483215, 119.882514954, 371.304016113, 87.5349731445, 51.4801483154, 23.0563087463, 43.707950592, 25.2181415558, 14.5191736221, 1.94852757454, -5.40286540985], [134.199981689, 122.787483215, 357.239349365, 106.281066895, 74.8108825684, 29.9866771698, 33.6093788147, 27.9365158081, 31.0704746246, 40.2165489197, 23.049161911, -2.20048213005, -0.11648504436], [-228.117660522, 119.882514954, 106.281066895, 276.509613037, 85.8084411621, 102.044410706, 25.140127182, 33.2784614563, 8.78727054596, 35.4101257324, 16.1283016205, -6.10827112198, -18.8976993561], [-643.882446289, 371.304016113, 74.8108825684, 85.8084411621, 284.196594238, 91.6904678345, 67.3927001953, 25.4402523041, 24.6527385712, 0.000746720354073, 13.6203384399, -10.3661422729, 1.87417078018], [-294.380493164, 87.5349731445, 29.9866771698, 102.044410706, 91.6904678345, 95.8769760132, 27.9277591705, 19.0432872772, 5.62283468246, 12.476606369, 7.13335990906, -3.99552226067, -9.23393821716], [-148.962036133, 51.4801483154, 33.6093788147, 25.140127182, 67.3927001953, 27.9277591705, 54.9751319885, 18.0884742737, 15.9153709412, 6.25437402725, 2.94360804558, -1.74876928329, 6.96887302399], [-55.1964759827, 23.0563087463, 27.9365158081, 33.2784614563, 25.4402523041, 19.0432872772, 18.0884742737, 38.3747062683, 17.2505283356, 6.76215362549, 3.87632751465, -3.87888145447, -1.46696269512], [-52.0553398132, 43.707950592, 31.0704746246, 8.78727054596, 24.6527385712, 5.62283468246, 15.9153709412, 17.2505283356, 41.5420722961, 6.04230976105, 11.1955633163, -0.499546647072, -0.53485918045], [-35.330242157, 25.2181415558, 40.2165489197, 35.4101257324, 0.000746720354073, 12.476606369, 6.25437402725, 6.76215362549, 6.04230976105, 35.7494010925, 8.02249908447, 3.9286866188, 0.84743732214], [-19.1318321228, 14.5191736221, 23.049161911, 16.1283016205, 13.6203384399, 7.13335990906, 2.94360804558, 3.87632751465, 11.1955633163, 8.02249908447, 31.4266738892, 10.9752836227, 6.23919677734], [-21.5563392639, 1.94852757454, -2.20048213005, -6.10827112198, -10.3661422729, -3.99552226067, -1.74876928329, -3.87888145447, -0.499546647072, 3.9286866188, 10.9752836227, 27.4584369659, 11.4352607727], [35.4738883972, -5.40286540985, -0.11648504436, -18.8976993561, 1.87417078018, -9.23393821716, 6.96887302399, -1.46696269512, -0.53485918045, 0.84743732214, 6.23919677734, 11.4352607727, 27.4319267273]]
        icov: [[0.000545870396309, 0.000180956776603, -0.000598206010181, -0.000110974367999, 0.000978386728093, 0.000654543982819, 0.000250913784839, 1.86597790162e-05, 0.00016786690685, 0.000853849749546, -0.000368963083019, 0.00133540073875, -0.00115436967462], [0.000180956776603, 0.00143453653436, -0.000179131267942, -0.000253372010775, -0.00213317293674, 0.00121930567548, 0.00155245489441, 0.000193743500859, -0.000789885933045, -0.00111832830589, 0.00102114398032, -0.000877032522112, 0.000197865869268], [-0.000598206010181, -0.000179131267942, 0.00447727367282, -0.00111718859989, -0.00191413692664, 0.00110554066487, -0.00105111999437, -0.000481724215206, -0.0012771418551, -0.00406895531341, -0.000769291829783, -0.000721918419003, 0.00130857224576], [-0.000110974367999, -0.000253372010775, -0.00111718859989, 0.00746250525117, 0.000333544478053, -0.00695039378479, 0.000774205138441, -0.00280119804665, 0.00200016377494, -0.00327659142204, -0.00181171251461, 0.000265085429419, 0.00296265794896], [0.000978386728093, -0.00213317293674, -0.00191413692664, 0.000333544478053, 0.0130997477099, -0.00620834389701, -0.00758741423488, 0.00121056148782, 0.000445774174295, 0.00784367229789, -0.00466515915468, 0.00725918496028, -0.00465485500172], [0.000654543982819, 0.00121930567548, 0.00110554066487, -0.00695039378479, -0.00620834389701, 0.026597160846, -0.00315605732612, -0.00304552540183, 0.00354868429713, -0.00303000491112, -0.0011667557992, -0.00154354190454, 0.00569794466719], [0.000250913784839, 0.00155245489441, -0.00105111999437, 0.000774205138441, -0.00758741423488, -0.00315605732612, 0.03464904055, -0.00723716150969, -0.00755163654685, -0.00414810795337, 0.00734427105635, 0.000121917219076, -0.0109634799883], [1.86597790162e-05, 0.000193743500859, -0.000481724215206, -0.00280119804665, 0.00121056148782, -0.00304552540183, -0.00723716150969, 0.039154946804, -0.0132954437286, -0.000371472822735, 0.00134400918614, 0.00429596053436, -0.00143745355308], [0.00016786690685, -0.000789885933045, -0.0012771418551, 0.00200016377494, 0.000445774174295, 0.00354868429713, -0.00755163654685, -0.0132954437286, 0.0371542200446, -0.000922301143873, -0.0133464038372, 0.00244043534622, 0.00614248635247], [0.000853849749546, -0.00111832830589, -0.00406895531341, -0.00327659142204, 0.00784367229789, -0.00303000491112, -0.00414810795337, -0.000371472822735, -0.000922301143873, 0.040846157819, -0.00589467398822, 0.000101971265394, -0.00410244660452], [-0.000368963083019, 0.00102114398032, -0.000769291829783, -0.00181171251461, -0.00466515915468, -0.0011667557992, 0.00734427105635, 0.00134400918614, -0.0133464038372, -0.00589467398822, 0.0478171631694, -0.0181922465563, -0.00581118417904], [0.00133540073875, -0.000877032522112, -0.000721918419003, 0.000265085429419, 0.00725918496028, -0.00154354190454, 0.000121917219076, 0.00429596053436, 0.00244043534622, 0.000101971265394, -0.0181922465563, 0.0572087429464, -0.0222027227283], [-0.00115436967462, 0.000197865869268, 0.00130857224576, 0.00296265794896, -0.00465485500172, 0.00569794466719, -0.0109634799883, -0.00143745355308, 0.00614248635247, -0.00410244660452, -0.00581118417904, -0.0222027227283, 0.0558001175523]]
    spectral_contrast:
        mean: [3.03340783603e-07, 2.24890794875e-09, -3.76413112235e-07, -3.06757073076e-08, 1.40771334145e-07, -1.38917272352e-07, -3.13350142278e-06, -1.16448802601e-06, -1.12672000796e-06, 3.48055414179e-06, 3.55183260581e-06, 1.07672903482e-07]
        var: [0.000284669338726, 0.000463078788016, 0.000698931631632, 0.000861780019477, 0.00172650266904, 0.00373803288676, 0.0437227860093, 0.0642274320126, 0.101069554687, 0.253905832767, 0.740868210793, 2.03627419472]

rhythm:
    beats_loudness:
        dmean: 0.00582985999063
        dmean2: 0.0115995602682
        dvar: 3.58356578545e-06
        dvar2: 1.02946996776e-05
        max: 0.0139294406399
        mean: 0.00641692895442
        min: 0.00253848754801
        var: 1.05090775833e-05
    beats_loudness_bass:
        dmean: 0.19744643569
        dmean2: 0.405910879374
        dvar: 0.016040481627
        dvar2: 0.0528280548751
        max: 0.522811174393
        mean: 0.138291627169
        min: 0.0245515089482
        var: 0.0168760716915
    bpm: 108.64969635
    bpm_confidence: 0
    first_peak_bpm: 109
    first_peak_spread: 0
    first_peak_weight: 0.941176474094
    onset_rate: 5.36931800842
    second_peak_bpm: 102
    second_peak_spread: 0
    second_peak_weight: 0.0588235296309
    beats_position: [0.07393527776, 0.62599170208, 1.17804813385, 1.73010444641, 2.28216099739, 2.83421730995, 3.38627362251, 3.93833017349, 4.49038648605, 5.04244279861, 5.59449911118, 6.1803894043, 6.73281860352, 7.28524780273, 7.83767700195, 8.39010620117, 8.94253540039, 9.49496459961]
    bpm_estimates: [108.71661377, 108.63104248, 108.688110352, 108.634979248, 108.654296875, 108.848236084, 108.753463745, 108.718536377, 108.674858093, 108.659065247, 108.551139832, 108.574462891, 108.874732971, 108.64176178, 108.573898315, 108.724533081, 108.496986389, 108.483879089, 108.576370239, 108.653900146, 108.512649536]
    bpm_intervals: [0.55205643177, 0.55205643177, 0.552056312561, 0.55205655098, 0.552056312561, 0.552056312561, 0.55205655098, 0.552056312561, 0.552056312561, 0.552056312561, 0.585890293121, 0.552429199219, 0.552429199219, 0.552429199219, 0.552429199219, 0.552429199219, 0.552429199219]
    onset_times: [0.0464399084449, 0.348299324512, 0.476009070873, 0.626938760281, 0.766258478165, 0.905578255653, 1.04489791393, 1.17260766029, 1.46285712719, 1.59056687355, 1.86920630932, 2.14784574509, 2.28716564178, 2.56580495834, 2.70512461662, 2.9837641716, 3.12308382988, 3.26240372658, 3.39011335373, 3.68036270142, 3.81968259811, 3.97061228752, 4.08671188354, 4.2492518425, 4.37696123123, 4.5046710968, 4.79492044449, 4.92263031006, 5.07356023788, 5.20126962662, 5.34058952332, 5.47990942001, 5.61922883987, 5.9094786644, 6.03718805313, 6.31582784653, 6.46675729752, 6.59446716309, 6.73378705978, 7.1517457962, 7.2910656929, 7.83673477173, 8.13859367371, 8.26630401611, 8.4172334671, 8.53333377838, 8.82358264923, 8.95129299164, 9.24154186249, 9.36925125122, 9.52018165588, 9.64789104462, 9.78721046448, 9.93814086914]
    rubato_start: []
    rubato_stop: []
    perceptual_tempo: "unknown"

sfx:
    inharmonicity:
        dmean: 0.0401348173618
        dmean2: 0.0718780606985
        dvar: 0.00257799541578
        dvar2: 0.00708199944347
        max: 0.360710978508
        mean: 0.0390111319721
        min: 0
        var: 0.00307484809309
    oddtoevenharmonicenergyratio:
        dmean: 2.12146091461
        dmean2: 4.11457920074
        dvar: 47.6484870911
        dvar2: 141.077575684
        max: 83.3449478149
        mean: 1.24531757832
        min: 0
        var: 25.4797840118
    pitch_after_max_to_before_max_energy_ratio: 7.38337182999
    pitch_centroid: 245.26789856
    pitch_max_to_total: 0.163594469428
    pitch_min_to_total: 0.373271882534
    tristimulus:
        dmean: [0.231433838606, 0.213720500469, 0.134631946683]
        dmean2: [0.40593701601, 0.379531085491, 0.235850870609]
        dvar: [0.0385662466288, 0.0381460525095, 0.0198201052845]
        dvar2: [0.104895196855, 0.104683190584, 0.0589796602726]
        max: [1, 0.947810947895, 0.781342804432]
        mean: [0.499191999435, 0.309618473053, 0.155701562762]
        min: [0.0129307257012, 0, 0]
        var: [0.0720539391041, 0.0464679077268, 0.0258622281253]

tonal:
    chords_changes_rate: 0.091743119061
    chords_number_rate: 0.0275229364634
    chords_strength:
        dmean: 0.0101113999262
        dmean2: 0.0117568252608
        dvar: 5.90699237364e-05
        dvar2: 8.06840253063e-05
        max: 0.644936442375
        mean: 0.493080794811
        min: 0.362129807472
        var: 0.00374570977874
    key_strength: 0.799937665462
    tuning_diatonic_strength: 0.62096875906
    tuning_equal_tempered_deviation: 0.181895434856
    tuning_frequency: 447.949737549
    tuning_nontempered_energy_ratio: 0.840536057949
    hpcp:
        dmean: [0.301259219646, 0.239762619138, 0.137351661921, 0.0947336032987, 0.100178495049, 0.0965094789863, 0.108291879296, 0.121632501483, 0.121149167418, 0.112703584135, 0.107870310545, 0.119405701756, 0.154503807425, 0.214035198092, 0.357944428921, 0.351530641317, 0.329740852118, 0.219113469124, 0.144879519939, 0.130414754152, 0.103965222836, 0.0864360108972, 0.0893201977015, 0.0729194581509, 0.0600003488362, 0.0715708136559, 0.11777433753, 0.150491952896, 0.150431677699, 0.115096248686, 0.0787771195173, 0.0809609815478, 0.0965246036649, 0.124175623059, 0.244504064322, 0.303515970707]
        dmean2: [0.523277163506, 0.423121273518, 0.252731174231, 0.171775922179, 0.183860227466, 0.171829894185, 0.191155433655, 0.218307673931, 0.211872115731, 0.194975778461, 0.181499123573, 0.220085889101, 0.286056011915, 0.382300883532, 0.631108999252, 0.630144536495, 0.584170043468, 0.40219065547, 0.270533770323, 0.249849304557, 0.197623327374, 0.161475688219, 0.165306061506, 0.131912350655, 0.104502849281, 0.128583699465, 0.208285391331, 0.250324845314, 0.266305148602, 0.19955816865, 0.128867357969, 0.148486122489, 0.169063910842, 0.223835736513, 0.454339295626, 0.498394757509]
        dvar: [0.0753080248833, 0.0608531199396, 0.035377394408, 0.0201081577688, 0.023996533826, 0.0302106700838, 0.0329804942012, 0.0488569363952, 0.02854382433, 0.0236267726868, 0.0222743675113, 0.0403829328716, 0.0484889522195, 0.0592910088599, 0.0762299820781, 0.0918306037784, 0.0856611281633, 0.0656230002642, 0.0498321913183, 0.061925701797, 0.0382835529745, 0.0293626897037, 0.0310440436006, 0.020734956488, 0.00659271329641, 0.0189286861569, 0.0246650781482, 0.0445706620812, 0.0430594570935, 0.0382689498365, 0.0204653497785, 0.0181566160172, 0.0206674151123, 0.0326854810119, 0.060221336782, 0.0592530295253]
        dvar2: [0.193055421114, 0.170386508107, 0.0957388803363, 0.0582747794688, 0.0653211995959, 0.0814778879285, 0.0883154571056, 0.129079952836, 0.067893370986, 0.0637875050306, 0.0569968782365, 0.112890847027, 0.131915286183, 0.159986421466, 0.223880931735, 0.194551452994, 0.239469781518, 0.176789358258, 0.140095695853, 0.177457138896, 0.109576903284, 0.0850654020905, 0.0934130474925, 0.0620220862329, 0.0184901282191, 0.0534742511809, 0.0683742687106, 0.112109929323, 0.109857946634, 0.0781512856483, 0.0409305728972, 0.0542093329132, 0.0525070391595, 0.0870260298252, 0.157038629055, 0.152164518833]
        max: [1, 1, 0.985366940498, 1, 1, 1, 1, 1, 1, 1, 1, 1, 1, 1, 1, 1, 1, 1, 1, 1, 1, 1, 0.912733852863, 1, 0.41513851285, 0.945825636387, 0.733180105686, 1, 1, 1, 1, 1, 1, 1, 1, 1]
        mean: [0.47619253397, 0.267403692007, 0.115161404014, 0.0864861980081, 0.0899842530489, 0.0910167247057, 0.095566958189, 0.112576000392, 0.127395883203, 0.127756595612, 0.11645526439, 0.104718849063, 0.127522662282, 0.204929828644, 0.386330872774, 0.47254216671, 0.333770513535, 0.18616785109, 0.114211030304, 0.0894837230444, 0.0833828598261, 0.0842123925686, 0.0773633792996, 0.0647847354412, 0.056379865855, 0.0651270598173, 0.101687729359, 0.152394667268, 0.1610147506, 0.126769900322, 0.0914996415377, 0.0816785022616, 0.094220943749, 0.121209353209, 0.211813643575, 0.420696675777]
        min: [0.0132552171126, 0.00414376752451, 0.00140339240897, 0.00276381918229, 0.00187893188559, 0.000818744883873, 0.00133903021924, 0.00122965755872, 0.000960359000601, 0.00154535972979, 0.0013947233092, 0.00238890666515, 0.00260311644524, 0.00261814170517, 0.00834413990378, 0.0103147532791, 0.00759016815573, 0.00172351580113, 0.00176506000571, 0.00108257948887, 0.000975150847808, 0.00288210599683, 0.00242481171153, 0.00136566022411, 0.00126548914704, 0.00280661485158, 0.00355590181425, 0.00292468164116, 0.00157346890774, 0.00135990825947, 0.00196593580768, 0.00233546667732, 0.0015021180734, 0.000893727410585, 0.00236913352273, 0.00569779006764]
        var: [0.126748561859, 0.075633905828, 0.0269538834691, 0.0147906271741, 0.0181438680738, 0.0241251513362, 0.0280158761889, 0.0370784066617, 0.0319601297379, 0.0261880513281, 0.0275167543441, 0.0299280080944, 0.0346176326275, 0.054535061121, 0.0991846844554, 0.131668910384, 0.0957869887352, 0.0590578317642, 0.0345571115613, 0.0357206128538, 0.0225681792945, 0.0185678489506, 0.0192787628621, 0.0136566469446, 0.0054977783002, 0.0127809438854, 0.0207663550973, 0.0515058450401, 0.0459342487156, 0.0498730950058, 0.0297605600208, 0.0159514434636, 0.0259738247842, 0.0454483963549, 0.0659600645304, 0.105749487877]
    chords_histogram: [50.4587173462, 0, 0, 7.79816532135, 0, 0, 0, 0, 0, 0, 0, 0, 0, 0, 0, 0, 0, 5.04587173462, 0, 30.2752285004, 0, 0, 3.66972470284, 2.75229358673]
    thpcp: [1, 0.561545312405, 0.241837903857, 0.18162022531, 0.188966110349, 0.191134288907, 0.20068974793, 0.236408576369, 0.267530202866, 0.268287688494, 0.24455499649, 0.219908639789, 0.267796427011, 0.430350780487, 0.811291337013, 0.992334246635, 0.700915038586, 0.390950798988, 0.239842131734, 0.18791501224, 0.175103247166, 0.176845267415, 0.16246239841, 0.136047363281, 0.118397206068, 0.136766240001, 0.213543310761, 0.320027410984, 0.338129520416, 0.266215652227, 0.192148417234, 0.171524107456, 0.197863131762, 0.254538536072, 0.444806724787, 0.883459210396]
    chords_key: "D"
    chords_scale: "major"
    key_key: "D"
    key_scale: "major"
    chords_progression: ["Am", "Am", "Am", "Am", "Am", "Am", "Am", "Am", "Am", "Am", "Am", "Am", "Am", "Am", "Am", "Am", "Am", "Am", "Am", "Am", "Am", "Am", "Am", "Am", "Am", "Am", "Am", "Am", "Am", "Am", "Am", "Am", "Am", "Am", "D", "D", "D", "D", "D", "D", "D", "D", "D", "D", "D", "D", "D", "D", "D", "D", "D", "D", "D", "D", "D", "D", "D", "Dm", "Dm", "Dm", "Dm", "Dm", "D", "D", "D", "D", "D", "D", "D", "D", "D", "D", "D", "D", "D", "D", "D", "Dm", "Dm", "Dm", "D", "D", "D", "D", "D", "D", "D", "D", "D", "D", "D", "D", "D", "D", "D", "D", "D", "D", "D", "D", "D", "D", "D", "D", "D", "D", "D", "D", "D", "D", "D", "D", "D", "D", "D", "D", "D", "D", "D", "D", "D", "D", "D", "D", "D", "Bm", "Bm", "D", "D", "Bm", "Bm", "D", "Bm", "Bm", "D", "G", "G", "G", "G", "G", "G", "D", "D", "D", "D", "D", "G", "G", "D", "D", "D", "D", "D", "D", "D", "D", "D", "D", "D", "D", "D", "D", "D", "D", "C#m", "D", "D", "C#m", "C#m", "C#m", "C#m", "C#m", "C#m", "C#m", "C#m", "C#m", "C#m", "C#m", "C#m", "C#m", "C#m", "C#m", "C#m", "Am", "Am", "Am", "Am", "Am", "Am", "Am", "Am", "Am", "Am", "Am", "Am", "Am", "Am", "Am", "Am", "Am", "Am", "Am", "Am", "Am", "Am", "Am", "Am", "Am", "Am", "Am", "Am", "Am", "Am", "Am", "Am", "Dm", "Dm", "Dm"]
