
metadata:
    version:
        essentia: "1.2.2"
    audio_properties:
        analysis_sample_rate: 44100
        bitrate: 128
        channels: 2
        equal_loudness: 1
        length: 10.0048980713
        replay_gain: -11.5860996246
        downmix: "mix"
    tags:
        track: 7
        year: 0
        album: "Splitted by Mp3Splt v. 2.1"
        artist: "From 001.00 To 001.10"
        comment: "http://mp3splt.sf.net"
        genre: ""
        title: "10 Keep the Home Fires Burning"

highlevel:
    ballroom:
        all:
            ChaChaCha: 0.148248121142
            Jive: 0.531232953072
            Quickstep: 0.0310409981757
            Rumba-American: 0.00428446615115
            Rumba-International: 0.0125949140638
            Rumba-Misc: 0.0082465223968
            Samba: 0.235505372286
            Tango: 0.00301148556173
            VienneseWaltz: 0.0221849568188
            Waltz: 0.0036502238363
        probability: 0.531232953072
        value: "Jive"
    culture:
        all:
            non_western: 0.0557635203004
            western: 0.944236457348
        probability: 0.944236457348
        value: "western"
    gender:
        all:
            female: 0.278182476759
            male: 0.721817493439
        probability: 0.721817493439
        value: "male"
    genre_dortmund:
        all:
            alternative: 0.176385834813
            blues: 0.0101891169325
            electronic: 0.00414798082784
            folkcountry: 0.0647021234035
            funksoulrnb: 0.00354004278779
            jazz: 0.0118600009009
            pop: 0.0770994350314
            raphiphop: 0.000974159338512
            rock: 0.65110129118
        probability: 0.65110129118
        value: "rock"
    genre_electronica:
        all:
            ambient: 0.094797283411
            dnb: 0.14252230525
            house: 0.00925000291318
            techno: 0.0078512635082
            trance: 0.745579123497
        probability: 0.745579123497
        value: "trance"
    genre_rosamerica:
        all:
            cla: 0.000721229356714
            dan: 0.00868815928698
            hip: 0.000525606621522
            jaz: 0.00110084132757
            pop: 0.037038885057
            rhy: 0.00354735041037
            roc: 0.948069810867
            spe: 0.000308090326143
        probability: 0.948069810867
        value: "roc"
    genre_tzanetakis:
        all:
            blu: 0.00418841699138
            cla: 0.00666658161208
            cou: 0.216977670789
            dis: 0.0727697238326
            hip: 0.00285812350921
            jaz: 0.0996128991246
            met: 0.0141706699505
            pop: 0.0686211064458
            reg: 0.0071888496168
            roc: 0.506945967674
        probability: 0.506945967674
        value: "roc"
    live_studio:
        all:
            live: 0.170850411057
            studio: 0.829149603844
        probability: 0.829149603844
        value: "studio"
    mood:
        all:
            Cluster1: 0.502229213715
            Cluster2: 0.153671354055
            Cluster3: 0.0974732711911
            Cluster4: 0.082015812397
            Cluster5: 0.164610370994
        probability: 0.502229213715
        value: "Cluster1"
    mood_acoustic:
        all:
            acoustic: 0.0449514351785
            not_acoustic: 0.955048561096
        probability: 0.955048561096
        value: "not_acoustic"
    mood_aggressive:
        all:
            aggressive: 0.195775046945
            not_aggressive: 0.804224967957
        probability: 0.804224967957
        value: "not_aggressive"
    mood_electronic:
        all:
            electronic: 0.0417876020074
            not_electronic: 0.958212375641
        probability: 0.958212375641
        value: "not_electronic"
    mood_happy:
        all:
            happy: 0.878927946091
            not_happy: 0.121072053909
        probability: 0.878927946091
        value: "happy"
    mood_party:
        all:
            not_party: 0.721513688564
            party: 0.278486311436
        probability: 0.721513688564
        value: "not_party"
    mood_relaxed:
        all:
            not_relaxed: 0.815137922764
            relaxed: 0.184862077236
        probability: 0.815137922764
        value: "not_relaxed"
    mood_sad:
        all:
            not_sad: 0.543866872787
            sad: 0.45613309741
        probability: 0.543866872787
        value: "not_sad"
    rhythm:
        all:
            fast: 0.924197375774
            medium: 0.019768467173
            slow: 0.0560341589153
        probability: 0.924197375774
        value: "fast"
    speech_music:
        all:
            music: 0.999994635582
            speech: 5.34759556103e-06
        probability: 0.999994635582
        value: "music"
    timbre:
        all:
            bright: 0.999998509884
            dark: 1.50187713643e-06
        probability: 0.999998509884
        value: "bright"
    voice_instrumental:
        all:
            instrumental: 0.00985546316952
            voice: 0.9901445508
        probability: 0.9901445508
        value: "voice"

lowlevel:
    average_loudness: 0.980657398701
    barkbands_kurtosis:
        dmean: 0.382835268974
        dmean2: 0.621493041515
        dvar: 0.207025676966
        dvar2: 0.518040299416
        max: 1.93928146362
        mean: -0.965011119843
        min: -1.82524299622
        var: 0.510951161385
    barkbands_skewness:
        dmean: 0.286163151264
        dmean2: 0.449137061834
        dvar: 0.061972271651
        dvar2: 0.167740494013
        max: 1.73601877689
        mean: 0.403114289045
        min: -0.97998291254
        var: 0.20868191123
    barkbands_spread:
        dmean: 4.30707883835
        dmean2: 6.54638290405
        dvar: 16.9609928131
        dvar2: 39.2863235474
        max: 61.2338409424
        mean: 35.5239601135
        min: 12.4997463226
        var: 95.2255172729
    dissonance:
        dmean: 0.0164956767112
        dmean2: 0.0267725083977
        dvar: 0.000293161137961
        dvar2: 0.000802868860774
        max: 0.496621459723
        mean: 0.461997538805
        min: 0.353462606668
        var: 0.000589348783251
    hfc:
        dmean: 1.7887365818
        dmean2: 2.50450921059
        dvar: 5.25515317917
        dvar2: 8.7918806076
        max: 29.9820823669
        mean: 6.84186983109
        min: 4.43712133347e-06
        var: 15.0240287781
    pitch:
        dmean: 432.057037354
        dmean2: 833.351623535
        dvar: 1067439.75
        dvar2: 2940012
        max: 4410
        mean: 654.420959473
        min: 73.7458190918
        var: 1301659.375
    pitch_instantaneous_confidence:
        dmean: 0.0773917287588
        dmean2: 0.116388648748
        dvar: 0.00454286299646
        dvar2: 0.00957807246596
        max: 0.755352735519
        mean: 0.416017740965
        min: 0.0842979550362
        var: 0.0182812381536
    pitch_salience:
        dmean: 0.0474123284221
        dmean2: 0.0757000893354
        dvar: 0.0017561140703
        dvar2: 0.0044080526568
        max: 0.955378055573
        mean: 0.587260901928
        min: 0.399117231369
        var: 0.0046163466759
    silence_rate_20dB:
        dmean: 0
        dmean2: 0
        dvar: 0
        dvar2: 0
        max: 1
        mean: 1
        min: 1
        var: 0
    silence_rate_30dB:
        dmean: 0
        dmean2: 0
        dvar: 0
        dvar2: 0
        max: 1
        mean: 1
        min: 1
        var: 0
    silence_rate_60dB:
        dmean: 0.0881670564413
        dmean2: 0.176744192839
        dvar: 0.080394141376
        dvar2: 0.16876091063
        max: 1
        mean: 0.17824074626
        min: 0
        var: 0.146470963955
    spectral_centroid:
        dmean: 201.643280029
        dmean2: 310.031219482
        dvar: 36989.6328125
        dvar2: 94403.8671875
        max: 2874.06591797
        mean: 1307.13891602
        min: 586.526977539
        var: 135746.8125
    spectral_complexity:
        dmean: 3.25813961029
        dmean2: 4.65268087387
        dvar: 10.7356767654
        dvar2: 20.1567687988
        max: 40
        mean: 14.3573083878
        min: 0
        var: 37.2087593079
    spectral_crest:
        dmean: 1.72611653805
        dmean2: 2.87546157837
        dvar: 2.91508507729
        dvar2: 8.06496715546
        max: 15.8286504745
        mean: 6.39202308655
        min: 2.6720559597
        var: 4.64798688889
    spectral_decrease:
        dmean: 3.19357623679e-10
        dmean2: 4.98595331688e-10
        dvar: 2.0356315169e-19
        dvar2: 4.89689113174e-19
        max: -8.09737186614e-16
        mean: -1.22995080787e-09
        min: -4.54727144827e-09
        var: 3.68248452698e-19
    spectral_energy:
        dmean: 0.00133097486105
        dmean2: 0.00204362301156
        dvar: 3.46356841874e-06
        dvar2: 8.03500006441e-06
        max: 0.0186761077493
        mean: 0.0052626975812
        min: 3.45857698036e-09
        var: 6.68093161948e-06
    spectral_energyband_high:
        dmean: 0.000145585145219
        dmean2: 0.000204724332434
        dvar: 4.49487984611e-08
        dvar2: 9.48451699401e-08
        max: 0.00201424537227
        mean: 0.000308791757561
        min: 5.34803208663e-11
        var: 1.04462841932e-07
    spectral_energyband_low:
        dmean: 0.000294558005407
        dmean2: 0.000504077819642
        dvar: 1.94961558009e-07
        dvar2: 5.4711233588e-07
        max: 0.003605423728
        mean: 0.000637485703919
        min: 3.82200299187e-10
        var: 2.34206709138e-07
    spectral_energyband_middle_high:
        dmean: 0.000526910065673
        dmean2: 0.000731851323508
        dvar: 3.66522613149e-07
        dvar2: 6.22705897513e-07
        max: 0.0103545757011
        mean: 0.00215750234202
        min: 1.69600822275e-09
        var: 1.74610772774e-06
    spectral_energyband_middle_low:
        dmean: 0.000857977662235
        dmean2: 0.00140148901846
        dvar: 2.00076738111e-06
        dvar2: 5.30628130946e-06
        max: 0.0127153070644
        mean: 0.00215888838284
        min: 1.25855936783e-09
        var: 2.40528424911e-06
    spectral_flatness_db:
        dmean: 0.0139261158183
        dmean2: 0.0207623373717
        dvar: 0.000138738367241
        dvar2: 0.000280566047877
        max: 0.205911323428
        mean: 0.134567216039
        min: 0.0707559138536
        var: 0.000516322324984
    spectral_flux:
        dmean: 0.0093350764364
        dmean2: 0.0141107663512
        dvar: 9.70301261987e-05
        dvar2: 0.000185313780094
        max: 0.0935131534934
        mean: 0.0376476980746
        min: 5.88096663705e-05
        var: 0.000242977854214
    spectral_kurtosis:
        dmean: 1.00831961632
        dmean2: 1.5934035778
        dvar: 1.19889259338
        dvar2: 2.29606938362
        max: 14.4090538025
        mean: 3.8224875927
        min: 0.140205860138
        var: 3.1418607235
    spectral_rms:
        dmean: 0.000272758567007
        dmean2: 0.00040833640378
        dvar: 1.09948921079e-07
        dvar2: 2.40697829668e-07
        max: 0.00426855869591
        mean: 0.00220090500079
        min: 1.83690542599e-06
        var: 2.9035666671e-07
    spectral_rolloff:
        dmean: 386.545959473
        dmean2: 592.338806152
        dvar: 139502.703125
        dvar2: 302564.21875
        max: 4801.90429688
        mean: 2813.20556641
        min: 732.12890625
        var: 625629.625
    spectral_skewness:
        dmean: 0.154930844903
        dmean2: 0.230188429356
        dvar: 0.0224681720138
        dvar2: 0.0445906594396
        max: 2.78326296806
        mean: 1.53160822392
        min: 0.491692513227
        var: 0.102865613997
    spectral_spread:
        dmean: 532606.3125
        dmean2: 766387.5625
        dvar: 435651018752
        dvar2: 930299052032
        max: 9482293
        mean: 5103596.5
        min: 2857362
        var: 1.14549247181e+12
    spectral_strongpeak:
        dmean: 0.364139348269
        dmean2: 0.617159187794
        dvar: 0.304756373167
        dvar2: 0.824719965458
        max: 4.01894950867
        mean: 0.599196135998
        min: 0
        var: 0.456851482391
    zerocrossingrate:
        dmean: 0.00785224419087
        dmean2: 0.00996594596654
        dvar: 4.74021107948e-05
        dvar2: 7.35573557904e-05
        max: 0.15478515625
        mean: 0.0825138688087
        min: 0.044921875
        var: 0.00032969439053
    barkbands:
        dmean: [7.27901579012e-07, 0.000106470521132, 0.000217137872824, 0.000268809933914, 0.000489144935273, 6.20653154328e-05, 0.000119432363135, 0.000161904637935, 0.000119534946862, 0.000105701175926, 0.000115106966405, 0.000116682116641, 4.38656497863e-05, 7.4398551078e-05, 6.52122616884e-05, 7.35621797503e-05, 9.72143971012e-05, 0.000137504699524, 0.000133629175252, 0.000112944275315, 6.71332818456e-05, 2.43584399868e-05, 6.99617248756e-06, 2.73383238891e-06, 2.20807737605e-06, 1.32036447553e-07, 7.02920111006e-10]
        dmean2: [1.1602990071e-06, 0.000182763731573, 0.000379249220714, 0.000460694864159, 0.000831297424156, 0.000102620339021, 0.000201281509362, 0.000245495612035, 0.000173454900505, 0.000146905556903, 0.000181722338311, 0.000165136458236, 6.83759135427e-05, 0.000112661917228, 0.000105201463157, 0.000112050038297, 0.000147988757817, 0.000219294262934, 0.000218662986299, 0.000171201172634, 0.000102709069324, 3.7138168409e-05, 1.04601231214e-05, 4.02353862228e-06, 3.39618691214e-06, 1.99586352778e-07, 1.18262910576e-09]
        dvar: [2.13727234695e-12, 1.90330968763e-08, 1.25702115383e-07, 1.28336310468e-07, 1.03885622593e-06, 1.70247318465e-08, 7.42831716138e-08, 9.6131770988e-08, 8.561517717e-08, 3.38098757879e-08, 7.9560898314e-08, 5.3046612436e-08, 6.44286846097e-09, 2.55664129867e-08, 8.83166428878e-09, 1.40258649139e-08, 1.53775001621e-08, 2.92857329498e-08, 2.93628374948e-08, 2.38606148173e-08, 1.0735203837e-08, 1.92140081623e-09, 1.73088265942e-10, 2.54235365399e-11, 2.17939694069e-11, 6.37592870211e-14, 2.20173641493e-18]
        dvar2: [4.86851097631e-12, 5.3640217601e-08, 3.49604960093e-07, 3.57516512395e-07, 2.91559672405e-06, 4.15510719165e-08, 1.99842560278e-07, 1.89914032944e-07, 1.33086260234e-07, 6.24898319757e-08, 1.69623547208e-07, 1.05677507634e-07, 1.54041917e-08, 5.36236122173e-08, 1.93836591222e-08, 2.6443304435e-08, 3.64987897683e-08, 6.99709516994e-08, 6.62603554247e-08, 5.30370023455e-08, 2.24325802378e-08, 4.38579972339e-09, 3.91321558491e-10, 5.8576234141e-11, 5.43735126368e-11, 1.4872650366e-13, 5.30434944474e-18]
        max: [1.07283431134e-05, 0.000995808048174, 0.0027819017414, 0.0025937135797, 0.0107057280838, 0.0017585294554, 0.00319563993253, 0.00385949015617, 0.00494797248393, 0.00290498300456, 0.0038929481525, 0.00239671883173, 0.00101233285386, 0.00185330293607, 0.00147175427992, 0.00223148940131, 0.00166056142189, 0.00195222650655, 0.0018217866309, 0.00127764756326, 0.00137079611886, 0.00045159846195, 0.000107157698949, 4.87890065415e-05, 5.06113283336e-05, 2.04154343919e-06, 1.5734483938e-08]
        mean: [8.05658203262e-07, 0.000220183908823, 0.000416529161157, 0.00046017637942, 0.000816817278974, 0.000109214706754, 0.000219544148422, 0.000312528078211, 0.000220010828343, 0.000242676920607, 0.000193318730453, 0.000244516850216, 7.99849731266e-05, 0.000148820923641, 0.000166311321664, 0.000172650339664, 0.000232214399148, 0.000289280811558, 0.000306107802317, 0.000212858431041, 0.000146576901898, 3.41388331435e-05, 9.8496211649e-06, 4.3229701987e-06, 3.07950017486e-06, 1.8240979216e-07, 6.25147711375e-10]
        min: [6.5360314383e-11, 1.9617246716e-10, 1.17926890475e-10, 1.04897507347e-10, 2.26414054172e-10, 2.12675668743e-10, 1.93882299104e-10, 1.94133500941e-10, 2.89138823995e-10, 2.08657674472e-10, 1.25649435301e-10, 9.97968582772e-11, 4.79030495826e-11, 1.21325435809e-10, 1.96144309128e-10, 1.58535115591e-10, 2.54707227532e-10, 3.54825724358e-10, 1.1320179516e-10, 8.36041028074e-11, 1.10571890186e-11, 8.94271635909e-12, 9.19788550879e-13, 9.80991112995e-13, 6.01759798675e-13, 4.29471115246e-14, 1.1012603996e-14]
        var: [2.39651549473e-12, 3.78678173263e-08, 1.54432939325e-07, 1.55986228378e-07, 8.77495097029e-07, 2.07118233675e-08, 1.30815223542e-07, 2.07324603707e-07, 2.5724980901e-07, 1.54480758852e-07, 1.48009974055e-07, 1.81537473054e-07, 1.04378372612e-08, 5.79834065206e-08, 4.43060983457e-08, 3.41072414756e-08, 5.00574017792e-08, 6.9673930625e-08, 5.60032269448e-08, 4.56536604077e-08, 3.17162971442e-08, 2.32048025239e-09, 2.08157269199e-10, 3.10007713944e-11, 2.27054850616e-11, 8.61629086764e-14, 1.9638547804e-18]
    mfcc:
        mean: [-691.026184082, 113.193153381, -40.4143600464, 50.5763015747, -4.55877113342, 0.124655552208, 6.65839624405, 2.68733119965, 2.65239548683, -2.81143712997, -5.26684379578, -5.98825740814, -6.54848241806]
        cov: [[2365.59570312, -288.122955322, 71.0184555054, -109.010871887, -130.44644165, 22.9419212341, 39.6780128479, -14.8869590759, -35.4400749207, -12.1987123489, 16.2008190155, -17.1457099915, 12.89174366], [-288.122955322, 427.975860596, -148.321792603, -76.6522903442, -3.41761112213, -31.6565971375, 15.1464662552, -4.5208363533, -43.020904541, 4.89390182495, 11.0752677917, 34.5121765137, 20.5345478058], [71.0184555054, -148.321792603, 203.867919922, 64.9175720215, -9.44744586945, 10.1628856659, -7.33398389816, 29.2371234894, 33.9199523926, -1.78578579426, -12.0260219574, 1.29549193382, 0.257447630167], [-109.010871887, -76.6522903442, 64.9175720215, 201.709335327, 66.4216766357, 13.4593648911, -62.7776489258, -2.80540919304, 44.0422782898, 2.23359918594, -16.736164093, 12.9927587509, -2.60466647148], [-130.44644165, -3.41761112213, -9.44744586945, 66.4216766357, 164.300949097, 18.9526538849, -15.5454463959, 3.89842224121, 19.8240299225, 0.0976426750422, -4.98741292953, -7.01779270172, 9.94809913635], [22.9419212341, -31.6565971375, 10.1628856659, 13.4593648911, 18.9526538849, 109.408409119, 48.9784431458, 2.9971883297, -12.0629482269, -16.9674568176, -3.80695676804, -7.50459575653, -2.0867125988], [39.6780128479, 15.1464662552, -7.33398389816, -62.7776489258, -15.5454463959, 48.9784431458, 121.382583618, 32.5309143066, -13.6877584457, -8.33092021942, 2.9130885601, 1.58849704266, -6.55111265182], [-14.8869590759, -4.5208363533, 29.2371234894, -2.80540919304, 3.89842224121, 2.9971883297, 32.5309143066, 64.4904785156, 21.8824806213, -7.43135976791, -8.0885477066, 1.89812636375, -1.88089084625], [-35.4400749207, -43.020904541, 33.9199523926, 44.0422782898, 19.8240299225, -12.0629482269, -13.6877584457, 21.8824806213, 65.2692108154, 23.1319198608, -12.2400598526, -4.00843858719, -2.11238336563], [-12.1987123489, 4.89390182495, -1.78578579426, 2.23359918594, 0.0976426750422, -16.9674568176, -8.33092021942, -7.43135976791, 23.1319198608, 67.4450149536, 20.7286968231, 3.69787096977, 3.98771691322], [16.2008190155, 11.0752677917, -12.0260219574, -16.736164093, -4.98741292953, -3.80695676804, 2.9130885601, -8.0885477066, -12.2400598526, 20.7286968231, 57.3430976868, 16.1039905548, 3.61456251144], [-17.1457099915, 34.5121765137, 1.29549193382, 12.9927587509, -7.01779270172, -7.50459575653, 1.58849704266, 1.89812636375, -4.00843858719, 3.69787096977, 16.1039905548, 53.6520729065, 20.639585495], [12.89174366, 20.5345478058, 0.257447630167, -2.60466647148, 9.94809913635, -2.0867125988, -6.55111265182, -1.88089084625, -2.11238336563, 3.98771691322, 3.61456251144, 20.639585495, 61.9848709106]]
        icov: [[0.000511062855367, 0.000441826385213, 1.8833185095e-05, 0.00028338690754, 0.000288281880785, -4.01947727369e-05, -2.43002505158e-05, 5.75917983952e-05, 0.000234610139159, -8.4180101112e-06, -3.35170989274e-05, -2.7282299925e-05, -0.000269696727628], [0.000441826385213, 0.00409820256755, 0.0024553053081, 0.000807431351859, -9.23402621993e-05, 0.000671592133585, 0.000183820186066, -0.0014973935904, 0.00230568833649, -0.00118031096645, 0.00132382614538, -0.00258033187129, -0.000477901805425], [1.8833185095e-05, 0.0024553053081, 0.00800210982561, -0.00189393735491, 0.00152878300287, -0.000263490423094, 0.000353032490239, -0.00363907986321, -0.000358316348866, -0.000264777219854, 0.000539843051229, -0.000806399155408, -0.00101562589407], [0.00028338690754, 0.000807431351859, -0.00189393735491, 0.0107202604413, -0.00307489535771, -0.00378160295077, 0.00581069523469, 0.00101020676084, -0.00448346603662, 0.000479747279314, 0.00227732537314, -0.00629383139312, 0.00292213563807], [0.000288281880785, -9.23402621993e-05, 0.00152878300287, -0.00307489535771, 0.00821082107723, -0.00115482555702, -6.81364472257e-05, -0.000952558591962, -0.00142315949779, 0.000683385471348, -0.00138226384297, 0.00306533812545, -0.00259023322724], [-4.01947727369e-05, 0.000671592133585, -0.000263490423094, -0.00378160295077, -0.00115482555702, 0.0145616941154, -0.00846657715738, 0.00275307823904, 0.00272242398933, 0.00215969257988, -0.000642454309855, 0.00339755928144, -0.00164767587557], [-2.43002505158e-05, 0.000183820186066, 0.000353032490239, 0.00581069523469, -6.81364472257e-05, -0.00846657715738, 0.0172292403877, -0.00868078228086, 0.00178609485738, -0.0020854442846, 0.00119047262706, -0.00416553625837, 0.00298294122331], [5.75917983952e-05, -0.0014973935904, -0.00363907986321, 0.00101020676084, -0.000952558591962, 0.00275307823904, -0.00868078228086, 0.0263135433197, -0.0123003851622, 0.00704360799864, -0.000907594512682, -0.000759770104196, 0.00010179853416], [0.000234610139159, 0.00230568833649, -0.000358316348866, -0.00448346603662, -0.00142315949779, 0.00272242398933, 0.00178609485738, -0.0123003851622, 0.0321211107075, -0.0139575256035, 0.00789837911725, 0.00114374118857, 0.00028720908449], [-8.4180101112e-06, -0.00118031096645, -0.000264777219854, 0.000479747279314, 0.000683385471348, 0.00215969257988, -0.0020854442846, 0.00704360799864, -0.0139575256035, 0.0239428225905, -0.0104569783434, 0.00194400793407, -0.00168313633185], [-3.35170989274e-05, 0.00132382614538, 0.000539843051229, 0.00227732537314, -0.00138226384297, -0.000642454309855, 0.00119047262706, -0.000907594512682, 0.00789837911725, -0.0104569783434, 0.0254476685077, -0.00895082578063, 0.00239874259569], [-2.7282299925e-05, -0.00258033187129, -0.000806399155408, -0.00629383139312, 0.00306533812545, 0.00339755928144, -0.00416553625837, -0.000759770104196, 0.00114374118857, 0.00194400793407, -0.00895082578063, 0.0291580613703, -0.00951463915408], [-0.000269696727628, -0.000477901805425, -0.00101562589407, 0.00292213563807, -0.00259023322724, -0.00164767587557, 0.00298294122331, 0.00010179853416, 0.00028720908449, -0.00168313633185, 0.00239874259569, -0.00951463915408, 0.0202993415296]]
    spectral_contrast:
        mean: [3.91315381876e-07, 3.81634805535e-07, -2.22618510293e-07, 2.46318620611e-07, -1.00695203287e-07, 2.14632038364e-07, -1.63421827892e-06, -1.0292345678e-06, -1.02475738117e-07, -4.73200043416e-06, -3.35901904691e-06, -5.39069390015e-07]
        var: [0.000399077747716, 0.000681448960677, 0.00169121532235, 0.00260083470494, 0.00308811571449, 0.00621445477009, 0.0350951962173, 0.0693912580609, 0.102060876787, 0.205206334591, 0.217891633511, 1.24620056152]

rhythm:
    beats_loudness:
        dmean: 0.00314190401696
        dmean2: 0.00589713733643
        dvar: 2.29900956583e-06
        dvar2: 1.00167035271e-05
        max: 0.0106965228915
        mean: 0.00695719663054
        min: 0.0037231144961
        var: 4.39352788817e-06
    beats_loudness_bass:
        dmean: 0.0791368559003
        dmean2: 0.126662507653
        dvar: 0.00315062631853
        dvar2: 0.00615220284089
        max: 0.270118832588
        mean: 0.136524051428
        min: 0.0353923626244
        var: 0.00470292801037
    bpm: 125.462104797
    bpm_confidence: 0
    first_peak_bpm: 126
    first_peak_spread: 0
    first_peak_weight: 0.947368383408
    onset_rate: 3.79813981056
    second_peak_bpm: 113
    second_peak_spread: 0
    second_peak_weight: 0.0526315793395
    beats_position: [0.325745165348, 0.802984654903, 1.28022420406, 1.75746369362, 2.23470306396, 2.71194267273, 3.18918228149, 3.66642189026, 4.14366149902, 4.62090110779, 5.09814071655, 5.57537984848, 6.10754156113, 6.58689260483, 7.06624412537, 7.54559516907, 8.02494716644, 8.50429821014, 8.98364925385, 9.46300029755]
    bpm_estimates: [125.645675659, 125.660850525, 125.590568542, 124.884239197, 126.064079285, 126.158401489, 125.938415527, 125.964569092, 125.778305054, 125.554664612, 124.549026489, 125.374458313, 124.46157074, 126.012435913, 125.025848389, 124.689849854, 125.622047424, 125.397460938, 125.407394409]
    bpm_intervals: [0.477239489555, 0.47723954916, 0.477239489555, 0.477239370346, 0.477239608765, 0.477239608765, 0.477239608765, 0.477239608765, 0.477239608765, 0.477239608765, 0.477239131927, 0.532161712646, 0.479351043701, 0.479351520538, 0.479351043701, 0.479351997375, 0.479351043701, 0.479351043701, 0.479351043701]
    onset_times: [0.0580498874187, 0.31346938014, 0.568888902664, 0.754648506641, 0.835918366909, 1.10294783115, 1.28870749474, 1.52090704441, 1.764716506, 2.10140585899, 2.24072551727, 2.49614500999, 2.70512461662, 2.97215414047, 3.20435380936, 3.45977330208, 3.68036270142, 3.93578219414, 4.1679816246, 4.41179132462, 4.65560102463, 4.88780021667, 5.01551008224, 5.11999988556, 5.35219955444, 5.60761928558, 6.08362817764, 6.33904743195, 6.58285713196, 7.05886602402, 7.50004529953, 7.53487539291, 7.99927425385, 8.498503685, 8.76553249359, 8.99773216248, 9.25315189362, 9.49696159363]
    rubato_start: []
    rubato_stop: []
    perceptual_tempo: "unknown"

sfx:
    inharmonicity:
        dmean: 0.038736898452
        dmean2: 0.0689143314958
        dvar: 0.00218935799785
        dvar2: 0.00593491410837
        max: 0.343349248171
        mean: 0.0442253686488
        min: 0.00127765035722
        var: 0.00219458388165
    oddtoevenharmonicenergyratio:
        dmean: 1.32822465897
        dmean2: 2.39910340309
        dvar: 5.8488535881
        dvar2: 16.1657085419
        max: 23.3890151978
        mean: 1.0781930685
        min: 0.00102985103149
        var: 4.34448623657
    pitch_after_max_to_before_max_energy_ratio: 1.50014019012
    pitch_centroid: 243.016738892
    pitch_max_to_total: 0.498839914799
    pitch_min_to_total: 0.948955893517
    tristimulus:
        dmean: [0.177683845162, 0.204662129283, 0.111117251217]
        dmean2: [0.307328730822, 0.360163301229, 0.194134816527]
        dvar: [0.026457009837, 0.0367307700217, 0.0110992314294]
        dvar2: [0.0710365623236, 0.106969110668, 0.0318646617234]
        max: [0.88183838129, 0.996938347816, 0.726410090923]
        mean: [0.390096366405, 0.449058413506, 0.138436749578]
        min: [0.00306162750348, 0, 0]
        var: [0.0382595993578, 0.0416270084679, 0.0154263302684]

tonal:
    chords_changes_rate: 0.0601851865649
    chords_number_rate: 0.037037037313
    chords_strength:
        dmean: 0.00945388246328
        dmean2: 0.00838659517467
        dvar: 5.51309276489e-05
        dvar2: 5.35317267349e-05
        max: 0.664906322956
        mean: 0.529449880123
        min: 0.332493931055
        var: 0.00482196127996
    key_strength: 0.78331553936
    tuning_diatonic_strength: 0.61199593544
    tuning_equal_tempered_deviation: 0.0354042500257
    tuning_frequency: 441.272583008
    tuning_nontempered_energy_ratio: 0.710122942924
    hpcp:
        dmean: [0.150294154882, 0.125832334161, 0.0836727172136, 0.0722861513495, 0.0795216113329, 0.122991092503, 0.121939942241, 0.128546416759, 0.0869847759604, 0.0536128468812, 0.0569895021617, 0.0859068334103, 0.121126137674, 0.114117257297, 0.112822793424, 0.118255756795, 0.123843535781, 0.0819390788674, 0.0590170398355, 0.0718312561512, 0.114262528718, 0.128167942166, 0.138937205076, 0.0881173238158, 0.0489578992128, 0.0553238578141, 0.117353759706, 0.128798514605, 0.140544831753, 0.155615180731, 0.120754517615, 0.114708870649, 0.114854447544, 0.100495994091, 0.118225418031, 0.150696843863]
        dmean2: [0.251896291971, 0.212611228228, 0.15256972611, 0.130727380514, 0.143545910716, 0.211505264044, 0.211182847619, 0.223520442843, 0.146713346243, 0.0868292301893, 0.099203184247, 0.145122542977, 0.197396963835, 0.187315657735, 0.186580598354, 0.187366634607, 0.209090605378, 0.140845879912, 0.0968420431018, 0.129741296172, 0.192736059427, 0.218269169331, 0.234120264649, 0.152847707272, 0.0826718434691, 0.094392247498, 0.19380196929, 0.21513839066, 0.242418676615, 0.274618864059, 0.20522300899, 0.195957154036, 0.193066701293, 0.165698543191, 0.210641309619, 0.263932406902]
        dvar: [0.0385958328843, 0.0239325221628, 0.0231322515756, 0.0283459536731, 0.0148257398978, 0.0279376748949, 0.025048263371, 0.040480799973, 0.0230368357152, 0.00662930170074, 0.0103706847876, 0.0206138025969, 0.0299130566418, 0.0248441025615, 0.0217919386923, 0.0282121356577, 0.0381498411298, 0.0161337517202, 0.0070409453474, 0.0123648643494, 0.0220885239542, 0.0345931947231, 0.0412513650954, 0.0223345514387, 0.00599967967719, 0.00979878846556, 0.0317718684673, 0.0395865477622, 0.0275912042707, 0.0506242625415, 0.0372203178704, 0.0321068614721, 0.0377395525575, 0.0219929758459, 0.0287650283426, 0.0430368408561]
        dvar2: [0.0933037176728, 0.0645874813199, 0.0662266984582, 0.081096611917, 0.0418018624187, 0.0759963393211, 0.0622581765056, 0.0999446287751, 0.0545977503061, 0.0164630655199, 0.0288490895182, 0.0484249293804, 0.0718910694122, 0.0601807869971, 0.060527279973, 0.0632111355662, 0.0931610688567, 0.0418808832765, 0.0177164208144, 0.0367310121655, 0.0632816851139, 0.0758914500475, 0.105518624187, 0.0596682950854, 0.0166464280337, 0.0255709532648, 0.0783070623875, 0.0846792757511, 0.0732329189777, 0.141130700707, 0.0933097600937, 0.0837302580476, 0.0929782688618, 0.0516334958375, 0.0843192785978, 0.117931030691]
        max: [1, 1, 1, 1, 0.656664848328, 1, 1, 1, 1, 0.745384573936, 0.766901910305, 1, 1, 1, 1, 1, 1, 1, 0.643040835857, 0.693521082401, 1, 1, 1, 1, 0.54328006506, 0.659248352051, 1, 1, 1, 1, 1, 1, 1, 1, 1, 1]
        mean: [0.374746322632, 0.206891745329, 0.084256619215, 0.0705262720585, 0.0850813761353, 0.213057652116, 0.324019700289, 0.226754680276, 0.105862759054, 0.0693153589964, 0.0663102343678, 0.127013787627, 0.197360530496, 0.164563640952, 0.184018909931, 0.265397459269, 0.194046810269, 0.105968147516, 0.0874132812023, 0.0839945673943, 0.198145747185, 0.289417117834, 0.19590523839, 0.0889087840915, 0.0561347454786, 0.0646336376667, 0.170217812061, 0.254462122917, 0.209207713604, 0.239173293114, 0.256374359131, 0.168749153614, 0.157553866506, 0.156491219997, 0.156311035156, 0.307648509741]
        min: [0.00542014604434, 0.00746985431761, 0.00301972427405, 0.00551383849233, 0.00304200663231, 0.00500438222662, 0.00819477532059, 0.0061122244224, 0.0045879916288, 0.00450525572523, 0.0056260349229, 0.00978716555983, 0.00764781609178, 0.00421046232805, 0.00628087017685, 0.00454135239124, 0.0043532140553, 0.00254708295688, 0.00568475341424, 0.00127180188429, 0.00429859617725, 0.00329009792767, 0.00316502829082, 0.00176216836553, 0.00175109121483, 0.00387752382085, 0.0101799685508, 0.00740056671202, 0.00908711086959, 0.00484078191221, 0.00816980004311, 0.0100385993719, 0.0100721409544, 0.00640483945608, 0.0052874237299, 0.00405800668523]
        var: [0.11463406682, 0.0372921936214, 0.0153837380931, 0.0170488264412, 0.0116732036695, 0.0533971525729, 0.108054101467, 0.0634951591492, 0.0253006834537, 0.00728344218805, 0.00757302623242, 0.0219323709607, 0.0517247617245, 0.0364302992821, 0.038006644696, 0.0912206619978, 0.0600052550435, 0.0180258415639, 0.00929145980626, 0.01012221165, 0.0464579761028, 0.102685362101, 0.058625921607, 0.0178887024522, 0.00483190314844, 0.00842209346592, 0.0520896017551, 0.10113362968, 0.0446946322918, 0.0845439881086, 0.103856883943, 0.0359755679965, 0.0390114821494, 0.0313663333654, 0.0353009700775, 0.0972759649158]
    chords_histogram: [12.5, 16.2037029266, 16.6666660309, 0, 7.87037038803, 0.925925910473, 2.31481480598, 0, 0, 0, 0, 0, 0, 0, 0, 0, 0, 0, 0, 1.38888883591, 0, 22.2222213745, 19.4444446564, 0.462962955236]
    thpcp: [1, 0.552084803581, 0.224836409092, 0.188197374344, 0.227037250996, 0.568538367748, 0.864637434483, 0.605088472366, 0.282491803169, 0.184966087341, 0.176946997643, 0.338932722807, 0.526651024818, 0.439133435488, 0.491049259901, 0.708205640316, 0.517808437347, 0.282773017883, 0.233259871602, 0.224137142301, 0.528746366501, 0.772301435471, 0.522767603397, 0.237250581384, 0.149793982506, 0.172473043203, 0.454221427441, 0.679024994373, 0.558264911175, 0.638227164745, 0.684127748013, 0.450302362442, 0.420428037643, 0.417592406273, 0.417111605406, 0.820951402187]
    chords_key: "E"
    chords_scale: "minor"
    key_key: "D"
    key_scale: "major"
    chords_progression: ["A", "A", "A", "A", "A", "A", "A", "A", "A", "A", "A", "A", "A", "A", "A", "A", "A", "A", "A", "A", "A", "A", "A", "A", "A", "F#m", "F#m", "F#m", "F#m", "F#m", "F#m", "F#m", "F#m", "F#m", "F#m", "F#m", "F#m", "F#m", "F#m", "F#m", "F#m", "F#m", "F#m", "F#m", "F#m", "F#m", "F#m", "F#m", "F#m", "F#m", "F#m", "F#m", "F#m", "F#m", "F#m", "F#m", "F#m", "F#m", "F#m", "F#m", "B", "B", "B", "B", "B", "Bm", "Em", "Em", "Em", "G", "G", "G", "G", "G", "G", "G", "G", "G", "G", "G", "G", "G", "G", "G", "G", "G", "G", "G", "G", "G", "G", "G", "G", "G", "G", "G", "G", "G", "G", "G", "G", "G", "G", "G", "G", "G", "G", "G", "G", "G", "G", "Em", "Em", "Em", "Em", "Em", "Em", "Em", "Em", "Em", "Em", "Em", "Em", "Em", "Em", "Em", "Em", "Em", "Em", "Em", "Em", "Em", "Em", "Em", "Em", "Em", "Em", "Em", "Em", "Em", "Em", "Em", "Em", "Em", "Em", "Em", "Em", "Em", "Em", "Em", "Em", "Em", "Em", "Em", "Em", "Em", "E", "E", "E", "E", "E", "E", "E", "E", "E", "E", "E", "E", "E", "E", "E", "E", "E", "G#m", "Am", "G#m", "Am", "Am", "A", "A", "A", "A", "A", "A", "A", "A", "A", "A", "A", "D", "D", "D", "D", "D", "D", "D", "D", "D", "D", "D", "D", "D", "D", "D", "D", "D", "D", "D", "D", "D", "D", "D", "D", "D", "D", "D"]
