
metadata:
    version:
        essentia: "1.2.2"
    audio_properties:
        analysis_sample_rate: 44100
        bitrate: 128
        channels: 2
        equal_loudness: 1
        length: 10.0048980713
        replay_gain: -1.38241004944
        downmix: "mix"
    tags:
        track: 7
        year: 0
        album: "Splitted by Mp3Splt v. 2.1"
        artist: "From 001.00 To 001.10"
        comment: "http://mp3splt.sf.net"
        genre: ""
        title: "05 Interrogation.mp3"

highlevel:
    ballroom:
        all:
            ChaChaCha: 0.00668026972562
            Jive: 0.0087085487321
            Quickstep: 0.0585618205369
            Rumba-American: 0.00878340750933
            Rumba-International: 0.15383297205
            Rumba-Misc: 0.0543779991567
            Samba: 0.0118279661983
            Tango: 0.282008290291
            VienneseWaltz: 0.18158185482
            Waltz: 0.233636856079
        probability: 0.282008290291
        value: "Tango"
    culture:
        all:
            non_western: 0.139685094357
            western: 0.860314905643
        probability: 0.860314905643
        value: "western"
    gender:
        all:
            female: 0.567784011364
            male: 0.432215988636
        probability: 0.567784011364
        value: "female"
    genre_dortmund:
        all:
            alternative: 0.121379189193
            blues: 0.0291417259723
            electronic: 0.207197368145
            folkcountry: 0.161294132471
            funksoulrnb: 0.0311922524124
            jazz: 0.264969795942
            pop: 0.0680918693542
            raphiphop: 0.00832372251898
            rock: 0.108409941196
        probability: 0.264969795942
        value: "jazz"
    genre_electronica:
        all:
            ambient: 0.901202142239
            dnb: 0.0323309972882
            house: 0.0166726410389
            techno: 0.00620858184993
            trance: 0.0435856580734
        probability: 0.901202142239
        value: "ambient"
    genre_rosamerica:
        all:
            cla: 0.366110116243
            dan: 0.0441002137959
            hip: 0.0223166178912
            jaz: 0.302422344685
            pop: 0.108224697411
            rhy: 0.0490266829729
            roc: 0.100437730551
            spe: 0.00736160436645
        probability: 0.366110116243
        value: "cla"
    genre_tzanetakis:
        all:
            blu: 0.116059429944
            cla: 0.261848121881
            cou: 0.0378005541861
            dis: 0.0223602745682
            hip: 0.0150216324255
            jaz: 0.257167905569
            met: 0.0133161311969
            pop: 0.100507751107
            reg: 0.0708367750049
            roc: 0.105081394315
        probability: 0.261848121881
        value: "cla"
    live_studio:
        all:
            live: 0.235787823796
            studio: 0.764212191105
        probability: 0.764212191105
        value: "studio"
    mood:
        all:
            Cluster1: 0.128807455301
            Cluster2: 0.0816052630544
            Cluster3: 0.657112181187
            Cluster4: 0.0719537138939
            Cluster5: 0.0605214163661
        probability: 0.657112181187
        value: "Cluster3"
    mood_acoustic:
        all:
            acoustic: 0.5
            not_acoustic: 0.5
        probability: 0.5
        value: "acoustic"
    mood_aggressive:
        all:
            aggressive: 0.267151087523
            not_aggressive: 0.73284894228
        probability: 0.73284894228
        value: "not_aggressive"
    mood_electronic:
        all:
            electronic: 0.75875556469
            not_electronic: 0.241244420409
        probability: 0.75875556469
        value: "electronic"
    mood_happy:
        all:
            happy: 0.107393577695
            not_happy: 0.892606437206
        probability: 0.892606437206
        value: "not_happy"
    mood_party:
        all:
            not_party: 0.865271687508
            party: 0.134728312492
        probability: 0.865271687508
        value: "not_party"
    mood_relaxed:
        all:
            not_relaxed: 0.102201543748
            relaxed: 0.897798478603
        probability: 0.897798478603
        value: "relaxed"
    mood_sad:
        all:
            not_sad: 0.19590947032
            sad: 0.804090559483
        probability: 0.804090559483
        value: "sad"
    rhythm:
        all:
            fast: 0.0652258917689
            medium: 0.259751439095
            slow: 0.675022661686
        probability: 0.675022661686
        value: "slow"
    speech_music:
        all:
            music: 0.933916985989
            speech: 0.0660830140114
        probability: 0.933916985989
        value: "music"
    timbre:
        all:
            bright: 0.00137890106998
            dark: 0.998621106148
        probability: 0.998621106148
        value: "dark"
    voice_instrumental:
        all:
            instrumental: 0.906934261322
            voice: 0.0930657163262
        probability: 0.906934261322
        value: "instrumental"

lowlevel:
    average_loudness: 0.387719839811
    barkbands_kurtosis:
        dmean: 3.10359716415
        dmean2: 5.24166297913
        dvar: 19.2188663483
        dvar2: 57.0981559753
        max: 54.1069297791
        mean: 5.45695352554
        min: -1.70139026642
        var: 26.2013931274
    barkbands_skewness:
        dmean: 0.556232094765
        dmean2: 0.921262681484
        dvar: 0.261414766312
        dvar2: 0.754726409912
        max: 6.13001966476
        mean: 1.76254034042
        min: -0.536725640297
        var: 0.553646981716
    barkbands_spread:
        dmean: 2.43617916107
        dmean2: 3.97575187683
        dvar: 5.70235681534
        dvar2: 13.3111343384
        max: 49.4391098022
        mean: 10.141368866
        min: 1.34973359108
        var: 50.7639389038
    dissonance:
        dmean: 0.035758651793
        dmean2: 0.0616566836834
        dvar: 0.000870896212291
        dvar2: 0.00238252384588
        max: 0.498615831137
        mean: 0.429024845362
        min: 0.252709746361
        var: 0.00183906545863
    hfc:
        dmean: 0.494400709867
        dmean2: 0.700675368309
        dvar: 3.05218482018
        dvar2: 5.844602108
        max: 40.391040802
        mean: 1.80363476276
        min: 0.0156687367707
        var: 13.2716760635
    pitch:
        dmean: 122.352722168
        dmean2: 233.441085815
        dvar: 170949.625
        dvar2: 453369.625
        max: 4009.09082031
        mean: 281.126434326
        min: 67.1232910156
        var: 178161.21875
    pitch_instantaneous_confidence:
        dmean: 0.0996135100722
        dmean2: 0.170082658529
        dvar: 0.00624289549887
        dvar2: 0.0184036772698
        max: 0.794582247734
        mean: 0.425405651331
        min: 0.202177584171
        var: 0.0155289685354
    pitch_salience:
        dmean: 0.0783332139254
        dmean2: 0.13532346487
        dvar: 0.00328074139543
        dvar2: 0.010391051881
        max: 0.777931928635
        mean: 0.602944135666
        min: 0.299337774515
        var: 0.00610556779429
    silence_rate_20dB:
        dmean: 0
        dmean2: 0
        dvar: 0
        dvar2: 0
        max: 1
        mean: 1
        min: 1
        var: 0
    silence_rate_30dB:
        dmean: 0
        dmean2: 0
        dvar: 0
        dvar2: 0
        max: 1
        mean: 1
        min: 1
        var: 0
    silence_rate_60dB:
        dmean: 0.0649651959538
        dmean2: 0.12790697813
        dvar: 0.0607445016503
        dvar2: 0.139453411102
        max: 1
        mean: 0.682870388031
        min: 0
        var: 0.216557815671
    spectral_centroid:
        dmean: 74.6306304932
        dmean2: 112.298912048
        dvar: 7899.75
        dvar2: 15960.2128906
        max: 1904.31359863
        mean: 455.045776367
        min: 218.065353394
        var: 50567.546875
    spectral_complexity:
        dmean: 1.45813953876
        dmean2: 2.46386957169
        dvar: 4.70404720306
        dvar2: 9.50735187531
        max: 55
        mean: 6.33410692215
        min: 0
        var: 38.9602928162
    spectral_crest:
        dmean: 3.04787659645
        dmean2: 5.14618396759
        dvar: 5.69482660294
        dvar2: 16.00340271
        max: 24.2882537842
        mean: 10.5203552246
        min: 2.9919128418
        var: 12.4645967484
    spectral_decrease:
        dmean: 2.20174323218e-10
        dmean2: 3.42627010097e-10
        dvar: 9.96184791561e-20
        dvar2: 2.44765741784e-19
        max: -4.11704698111e-12
        mean: -7.25807858259e-10
        min: -4.64908467279e-09
        var: 6.32794771266e-19
    spectral_energy:
        dmean: 0.000867433089297
        dmean2: 0.00134476320818
        dvar: 1.63761671956e-06
        dvar2: 3.94446487917e-06
        max: 0.021210314706
        mean: 0.00290295947343
        min: 1.69597205968e-05
        var: 1.07492942334e-05
    spectral_energyband_high:
        dmean: 2.17218475882e-05
        dmean2: 2.96477046504e-05
        dvar: 1.46079788266e-08
        dvar2: 2.31534134087e-08
        max: 0.00280085764825
        mean: 5.44200156583e-05
        min: 3.5119256836e-07
        var: 4.61996840784e-08
    spectral_energyband_low:
        dmean: 0.000161227173521
        dmean2: 0.000260470755165
        dvar: 4.10176355103e-08
        dvar2: 1.04465094353e-07
        max: 0.0034107347019
        mean: 0.000292468903353
        min: 2.79578557638e-06
        var: 8.15629945805e-08
    spectral_energyband_middle_high:
        dmean: 0.000128150379169
        dmean2: 0.000170164275914
        dvar: 1.9724338074e-07
        dvar2: 4.14984015151e-07
        max: 0.00933425873518
        mean: 0.000442857766757
        min: 3.446443543e-06
        var: 8.83238840288e-07
    spectral_energyband_middle_low:
        dmean: 0.000755395099986
        dmean2: 0.00121089187451
        dvar: 1.22325661778e-06
        dvar2: 3.1152428619e-06
        max: 0.0138799017295
        mean: 0.00211320072412
        min: 9.94991933112e-06
        var: 5.353094366e-06
    spectral_flatness_db:
        dmean: 0.0203873906285
        dmean2: 0.0339622162282
        dvar: 0.000309805822326
        dvar2: 0.00080230331514
        max: 0.330796897411
        mean: 0.229783296585
        min: 0.106774829328
        var: 0.00154148088768
    spectral_flux:
        dmean: 0.00565865449607
        dmean2: 0.00927356630564
        dvar: 3.76593088731e-05
        dvar2: 9.72671477939e-05
        max: 0.0867203474045
        mean: 0.0251091569662
        min: 0.00411821808666
        var: 0.000212627914152
    spectral_kurtosis:
        dmean: 4.73038816452
        dmean2: 8.14310932159
        dvar: 20.2592926025
        dvar2: 53.2759742737
        max: 48.4963912964
        mean: 17.0507678986
        min: 0.823551416397
        var: 84.6519622803
    spectral_rms:
        dmean: 0.000233057813602
        dmean2: 0.000364062289009
        dvar: 5.79432857251e-08
        dvar2: 1.28008863953e-07
        max: 0.00454895477742
        mean: 0.00146645912901
        min: 0.000128631523694
        var: 6.81655535573e-07
    spectral_rolloff:
        dmean: 151.032684326
        dmean2: 257.745605469
        dvar: 65643.453125
        dvar2: 144560.296875
        max: 3854.44335938
        mean: 729.231323242
        min: 236.865234375
        var: 313418.84375
    spectral_skewness:
        dmean: 0.365250140429
        dmean2: 0.617155075073
        dvar: 0.0989774316549
        dvar2: 0.263131350279
        max: 5.35837507248
        mean: 3.12740778923
        min: 0.86716735363
        var: 0.786406636238
    spectral_spread:
        dmean: 273098.03125
        dmean2: 448096.78125
        dvar: 261045747712
        dvar2: 333656129536
        max: 11192861
        mean: 2588100
        min: 1440740.125
        var: 909680967680
    spectral_strongpeak:
        dmean: 0.120308913291
        dmean2: 0.204659298062
        dvar: 0.0196422822773
        dvar2: 0.04650894925
        max: 1.58964240551
        mean: 0.224016904831
        min: 0.0134239885956
        var: 0.0466229319572
    zerocrossingrate:
        dmean: 0.00385855743662
        dmean2: 0.00508996192366
        dvar: 1.63411041285e-05
        dvar2: 2.6866700864e-05
        max: 0.10791015625
        mean: 0.0301635451615
        min: 0.01171875
        var: 0.000238761189394
    barkbands:
        dmean: [2.50170330673e-07, 7.05581624061e-05, 0.00012602013885, 5.8733712649e-05, 0.000602599815466, 0.000257110659732, 5.63962603337e-05, 0.000198792360607, 3.26637418766e-05, 1.96633209271e-05, 5.13048289577e-05, 2.62300000031e-05, 1.19530868687e-05, 1.57522645168e-05, 6.27735880698e-06, 1.21333396237e-05, 1.60992349265e-05, 2.52516911132e-05, 2.75732345472e-05, 1.78934769792e-05, 1.31409487949e-05, 3.51903508999e-06, 8.43054465349e-07, 2.64330537902e-07, 1.43819931964e-07, 3.20453952263e-09, 2.74010897305e-10]
        dmean2: [4.38771621702e-07, 0.000117886498629, 0.00020724767819, 9.64828941505e-05, 0.00097638880834, 0.000402665638831, 9.55340001383e-05, 0.000340978062013, 5.32840676897e-05, 3.38609461323e-05, 6.62960592308e-05, 4.41732372565e-05, 1.98091875063e-05, 2.36755913647e-05, 9.82507299341e-06, 1.97740009753e-05, 2.88656501652e-05, 3.89208253182e-05, 3.78637123504e-05, 2.66399674729e-05, 1.82246621989e-05, 5.7342481341e-06, 1.21931850572e-06, 4.22910602538e-07, 2.12060058402e-07, 5.49124035132e-09, 3.46151302066e-10]
        dvar: [7.84241107384e-14, 1.09770423862e-08, 2.38224036053e-08, 8.00509969423e-09, 8.24382937026e-07, 1.68315807514e-07, 4.65568694707e-09, 9.36070847501e-08, 5.2202353551e-09, 1.34238442584e-09, 1.90326812088e-08, 3.17420267848e-09, 4.44670106292e-10, 1.89510562798e-09, 4.8018733434e-10, 1.58210389234e-09, 7.8913968693e-09, 1.6612030862e-08, 1.63293272237e-08, 8.23472401379e-09, 6.39202468733e-09, 2.29943064589e-10, 8.8408690091e-12, 1.5388150823e-12, 1.14447286283e-12, 6.6537053221e-16, 1.36203526576e-17]
        dvar2: [2.08372422507e-13, 2.63403379108e-08, 6.44531112926e-08, 2.09691233266e-08, 2.1312393983e-06, 3.93095234585e-07, 1.2094186097e-08, 2.60618918446e-07, 1.2901423041e-08, 3.29834448642e-09, 3.68451900101e-08, 8.54482173906e-09, 1.24649601752e-09, 4.71660666079e-09, 1.01995722979e-09, 3.67337515961e-09, 2.11132302752e-08, 3.99114803429e-08, 2.93176576349e-08, 1.74267142938e-08, 1.24278791702e-08, 5.37912325793e-10, 2.16913778606e-11, 3.79372228076e-12, 2.76661809781e-12, 1.42756053018e-15, 1.36992433541e-17]
        max: [2.53974735642e-06, 0.00162565812934, 0.00178272742778, 0.00089108425891, 0.00842418335378, 0.0039232284762, 0.00067839876283, 0.00320945773274, 0.000775700609665, 0.000419404183049, 0.00244055362418, 0.000859151536133, 0.000258500105701, 0.000697764276993, 0.000366266729543, 0.000541484332643, 0.00157107179984, 0.00232895836234, 0.00251275976188, 0.00201836111955, 0.00172244035639, 0.000284431676846, 5.08575758431e-05, 2.1555371859e-05, 1.96727596631e-05, 3.52537739445e-07, 7.68052075273e-08]
        mean: [2.80014091913e-07, 0.000113648980914, 0.000178554910235, 9.24338164623e-05, 0.00104162993375, 0.000505568925291, 9.50109533733e-05, 0.000315670855343, 5.86202877457e-05, 3.83376136597e-05, 0.000106403713289, 5.76197235205e-05, 2.23726983677e-05, 4.22389202868e-05, 1.29327845571e-05, 2.29854285863e-05, 3.12013253279e-05, 4.15428767155e-05, 5.14334751642e-05, 3.58732868335e-05, 2.69935990218e-05, 8.17556792754e-06, 2.55696454587e-06, 6.79424147165e-07, 1.92451793168e-07, 3.34975780447e-09, 3.24246574035e-10]
        min: [8.13663192378e-10, 1.12467341751e-06, 1.66073618857e-06, 6.60350337967e-07, 1.77027388304e-07, 5.43543876574e-07, 3.78471781914e-07, 1.67494295056e-06, 8.01626299562e-07, 3.64439898703e-07, 3.886086688e-07, 9.66176912698e-07, 3.4315385733e-07, 1.16129513117e-07, 1.12725153656e-07, 8.72477841085e-08, 1.42542518233e-07, 7.7157366718e-08, 2.34286815726e-07, 1.63637935202e-07, 1.23496192828e-07, 3.37752723567e-08, 5.53224843713e-09, 4.5506904911e-09, 8.25950807748e-10, 7.27341034623e-11, 1.3524278919e-11]
        var: [9.7614760242e-14, 2.14636006746e-08, 3.16212087625e-08, 1.24997638906e-08, 1.98270959118e-06, 5.38581673482e-07, 1.1781082776e-08, 1.60231380164e-07, 1.12713713918e-08, 3.45347639374e-09, 6.80356890825e-08, 1.21094210215e-08, 1.04006725454e-09, 1.17504352914e-08, 1.34846778188e-09, 3.97152533083e-09, 1.3521098019e-08, 2.68056279396e-08, 4.16527825564e-08, 2.28200001118e-08, 1.3997992987e-08, 6.43058661876e-10, 5.83332479542e-11, 4.32029282141e-12, 1.33503245351e-12, 7.42510510931e-16, 1.36492791636e-17]
    mfcc:
        mean: [-840.727111816, 199.148361206, -21.6403064728, 48.5509338379, -13.5487680435, -2.71937942505, -2.07310771942, -5.49372720718, -6.0799164772, -11.1935825348, -5.98343133926, 6.69008541107, 6.07924556732]
        cov: [[6332.86083984, -1785.23242188, -242.623825073, -150.602661133, -433.864440918, 167.10949707, -273.819244385, -61.5374908447, -341.030487061, 49.8349914551, -48.7501831055, -574.509887695, -493.207550049], [-1785.23242188, 990.104675293, 26.2462120056, -105.313346863, 88.2200775146, -65.6822814941, 74.0495681763, -25.6784210205, 108.806793213, -58.6261978149, -26.7206192017, 110.169296265, 39.7162284851], [-242.623825073, 26.2462120056, 148.850250244, 44.7018661499, 12.1925897598, -2.54375505447, -1.00414228439, 1.95625185966, 16.7261371613, 18.2365322113, -3.8655591011, 14.5804014206, 37.2020721436], [-150.602661133, -105.313346863, 44.7018661499, 153.385726929, 44.5917816162, -9.88940429688, 12.5340890884, 11.4371376038, 6.50674390793, 16.4245872498, 25.6412944794, 41.7750511169, 54.6475982666], [-433.864440918, 88.2200775146, 12.1925897598, 44.5917816162, 87.7484436035, 1.16575968266, 26.8589839935, 15.1835508347, 28.3229103088, -5.37211179733, 8.55185317993, 53.7726364136, 49.9303207397], [167.10949707, -65.6822814941, -2.54375505447, -9.88940429688, 1.16575968266, 54.1079025269, 6.82321596146, 8.15656757355, -12.649020195, 7.01868247986, 0.0104765426368, -15.3598432541, -11.9589986801], [-273.819244385, 74.0495681763, -1.00414228439, 12.5340890884, 26.8589839935, 6.82321596146, 61.0646400452, 15.0115690231, 20.1091041565, -3.20127749443, 5.84580183029, 33.0522537231, 24.7197265625], [-61.5374908447, -25.6784210205, 1.95625185966, 11.4371376038, 15.1835508347, 8.15656757355, 15.0115690231, 53.8332138062, 13.1760978699, 4.58125066757, 8.86888408661, 13.3896369934, 23.3439617157], [-341.030487061, 108.806793213, 16.7261371613, 6.50674390793, 28.3229103088, -12.649020195, 20.1091041565, 13.1760978699, 59.6716194153, 9.53457069397, 1.31956160069, 35.787612915, 28.2469615936], [49.8349914551, -58.6261978149, 18.2365322113, 16.4245872498, -5.37211179733, 7.01868247986, -3.20127749443, 4.58125066757, 9.53457069397, 56.5835876465, 18.9690246582, -2.46663308144, 11.0501861572], [-48.7501831055, -26.7206192017, -3.8655591011, 25.6412944794, 8.55185317993, 0.0104765426368, 5.84580183029, 8.86888408661, 1.31956160069, 18.9690246582, 60.6895713806, 28.3046016693, 11.2400608063], [-574.509887695, 110.169296265, 14.5804014206, 41.7750511169, 53.7726364136, -15.3598432541, 33.0522537231, 13.3896369934, 35.787612915, -2.46663308144, 28.3046016693, 104.02797699, 70.0902557373], [-493.207550049, 39.7162284851, 37.2020721436, 54.6475982666, 49.9303207397, -11.9589986801, 24.7197265625, 23.3439617157, 28.2469615936, 11.0501861572, 11.2400608063, 70.0902557373, 111.278587341]]
        icov: [[0.00095344678266, 0.00126576737966, 0.000542713212781, 0.000190030346857, 0.000958334188908, -0.000528021191712, 0.000607258349191, 5.04103663843e-05, 0.000272679724731, 0.000201024799026, -0.000160960888024, 0.00186242326163, 0.00162112095859], [0.00126576737966, 0.00397175876424, -0.000262168905465, 0.00294047384523, -0.000840597494971, 0.00165084889159, -0.00112189992797, 0.00184356258251, -0.00186770339496, 0.00159752287436, -0.000104851838842, 0.00127659691498, 0.00277521950193], [0.000542713212781, -0.000262168905465, 0.00911178812385, -0.00334216770716, 0.00255511025898, -0.00249413680285, 0.002488930244, 0.000350104353856, -0.00131909816992, -0.00195246469229, 0.00170866691042, 0.00200753519312, -0.00185512099415], [0.000190030346857, 0.00294047384523, -0.00334216770716, 0.0132301989943, -0.00681060180068, 0.00540391448885, -0.00278519652784, 0.00164182425942, 0.00148287543561, -0.000748657505028, -0.00247788545676, -0.00105384876952, -0.00106415280607], [0.000958334188908, -0.000840597494971, 0.00255511025898, -0.00681060180068, 0.0247239992023, -0.0084039401263, 0.00120151159354, -0.00152308528777, -0.00456009013578, 0.00409553013742, 0.00043239686056, -0.00220551458187, -0.00280986889265], [-0.000528021191712, 0.00165084889159, -0.00249413680285, 0.00540391448885, -0.0084039401263, 0.0275499969721, -0.00795943941921, -0.00316836824641, 0.00654536345974, -0.00505348527804, 0.0010760971345, 0.000137714887387, 0.00305982748978], [0.000607258349191, -0.00112189992797, 0.002488930244, -0.00278519652784, 0.00120151159354, -0.00795943941921, 0.0251125358045, -0.00413431134075, -0.00320712500252, 0.00150229444262, 0.000276317790849, -0.00282707158476, -6.05178465776e-05], [5.04103663843e-05, 0.00184356258251, 0.000350104353856, 0.00164182425942, -0.00152308528777, -0.00316836824641, -0.00413431134075, 0.0249979216605, -0.00734586175531, 0.00322034419514, -0.00434856954962, 0.00361571111716, -0.00563389481977], [0.000272679724731, -0.00186770339496, -0.00131909816992, 0.00148287543561, -0.00456009013578, 0.00654536345974, -0.00320712500252, -0.00734586175531, 0.0325568318367, -0.0115454895422, 0.00627975584939, -0.00701661407948, 0.00325836800039], [0.000201024799026, 0.00159752287436, -0.00195246469229, -0.000748657505028, 0.00409553013742, -0.00505348527804, 0.00150229444262, 0.00322034419514, -0.0115454895422, 0.0279593840241, -0.0111712310463, 0.00769299548119, -0.00561168417335], [-0.000160960888024, -0.000104851838842, 0.00170866691042, -0.00247788545676, 0.00043239686056, 0.0010760971345, 0.000276317790849, -0.00434856954962, 0.00627975584939, -0.0111712310463, 0.0264282468706, -0.0132133057341, 0.00591050321236], [0.00186242326163, 0.00127659691498, 0.00200753519312, -0.00105384876952, -0.00220551458187, 0.000137714887387, -0.00282707158476, 0.00361571111716, -0.00701661407948, 0.00769299548119, -0.0132133057341, 0.0332653783262, -0.0100815221667], [0.00162112095859, 0.00277521950193, -0.00185512099415, -0.00106415280607, -0.00280986889265, 0.00305982748978, -6.05178465776e-05, -0.00563389481977, 0.00325836800039, -0.00561168417335, 0.00591050321236, -0.0100815221667, 0.0245919041336]]
    spectral_contrast:
        mean: [-5.55249755507e-07, 2.99406153204e-08, 4.2799567268e-07, 5.27763859282e-08, 1.96913134687e-07, -1.04273553347e-07, 1.37021538649e-06, -1.24692644476e-06, 3.12544079861e-06, 6.89809667165e-07, 3.18338584293e-06, -2.33384685089e-06]
        var: [0.000272199191386, 0.000493310915772, 0.001201226376, 0.0015861231368, 0.00275168125518, 0.00379882287234, 0.0307984426618, 0.054487913847, 0.078501842916, 0.127302318811, 0.215339317918, 2.93138861656]

rhythm:
    beats_loudness:
        dmean: 0.000928414636292
        dmean2: 0.0012273787288
        dvar: 1.16068383704e-06
        dvar2: 1.68256394772e-06
        max: 0.0101753557101
        mean: 0.00267503829673
        min: 0.000321753206663
        var: 8.3226877905e-06
    beats_loudness_bass:
        dmean: 0.120973989367
        dmean2: 0.21539697051
        dvar: 0.0100176250562
        dvar2: 0.0267360899597
        max: 0.557573795319
        mean: 0.226268783212
        min: 0.0079215625301
        var: 0.0271300319582
    bpm: 120.457977295
    bpm_confidence: 0
    first_peak_bpm: 120
    first_peak_spread: 0
    first_peak_weight: 0.5
    onset_rate: 3.89809083939
    second_peak_bpm: 161
    second_peak_spread: 0.0909090638161
    second_peak_weight: 0.454545468092
    beats_position: [0.0938067957759, 0.591905891895, 1.09000504017, 1.58810400963, 2.0862030983, 2.58430242538, 3.08240151405, 3.58050060272, 4.07859992981, 4.57669878006, 5.07479810715, 5.5728969574, 5.95290803909, 6.32472515106, 6.69654130936, 7.06835746765, 7.44017410278, 7.81199026108, 8.18380641937, 8.5556230545, 8.92744064331, 9.29925632477, 9.6710729599]
    bpm_estimates: [120.407073975, 120.508880615]
    bpm_intervals: [0.498099088669, 0.498099148273, 0.49809896946, 0.498099088669, 0.498099327087, 0.498099088669, 0.498099088669, 0.498099327087, 0.49809885025, 0.498099327087, 0.49809885025, 0.380011081696, 0.371817111969, 0.371816158295, 0.371816158295, 0.371816635132, 0.371816158295, 0.371816158295, 0.371816635132, 0.371817588806, 0.371815681458, 0.371816635132]
    onset_times: [0.0464399084449, 0.220589563251, 0.754648506641, 1.40480720997, 1.71827661991, 2.18267583847, 2.35682535172, 2.48453521729, 2.70512461662, 3.13469386101, 3.29723358154, 3.55265307426, 3.70358276367, 3.92417240143, 4.446621418, 4.88780021667, 5.10838985443, 5.20126962662, 5.59600925446, 6.42031764984, 6.54802703857, 6.7570066452, 7.05886602402, 7.37233543396, 7.59292507172, 7.80190467834, 7.99927425385, 8.103764534, 8.28952407837, 8.498503685, 8.82358264923, 8.98612213135, 9.11383247375, 9.34603214264, 9.58984088898, 9.62467098236, 9.70594120026, 9.78721046448, 9.98458003998]
    rubato_start: [5.95290803909]
    rubato_stop: [6.32472515106]
    perceptual_tempo: "unknown"

sfx:
    inharmonicity:
        dmean: 0.0141462506726
        dmean2: 0.0257230624557
        dvar: 0.000483633833937
        dvar2: 0.00128716242034
        max: 0.151879295707
        mean: 0.0115373106673
        min: 0
        var: 0.000424307014327
    oddtoevenharmonicenergyratio:
        dmean: 1.34325563908
        dmean2: 2.61476349831
        dvar: 28.6291351318
        dvar2: 84.5174560547
        max: 62.2579460144
        mean: 0.771603763103
        min: 0
        var: 14.9975509644
    pitch_after_max_to_before_max_energy_ratio: 3.12864136696
    pitch_centroid: 181.55645752
    pitch_max_to_total: 0.0185614842921
    pitch_min_to_total: 0.619489550591
    tristimulus:
        dmean: [0.22201398015, 0.215839490294, 0.0371157675982]
        dmean2: [0.390686929226, 0.386693000793, 0.0656624361873]
        dvar: [0.0345540419221, 0.0350209064782, 0.00229839561507]
        dvar2: [0.0918288454413, 0.0919786170125, 0.00655973982066]
        max: [1, 0.889567673206, 0.523581326008]
        mean: [0.672905743122, 0.278445482254, 0.043057013303]
        min: [0.0649689212441, 0, 0]
        var: [0.0505154393613, 0.0441732704639, 0.00339726894163]

tonal:
    chords_changes_rate: 0.0414746552706
    chords_number_rate: 0.0230414755642
    chords_strength:
        dmean: 0.00763168884441
        dmean2: 0.00870887748897
        dvar: 3.79277917091e-05
        dvar2: 3.89596061723e-05
        max: 0.624384462833
        mean: 0.510751247406
        min: 0.390022337437
        var: 0.00267168856226
    key_strength: 0.507847011089
    tuning_diatonic_strength: 0.504414081573
    tuning_equal_tempered_deviation: 0.138498947024
    tuning_frequency: 438.477722168
    tuning_nontempered_energy_ratio: 0.871392846107
    hpcp:
        dmean: [0.179722681642, 0.175106525421, 0.251169532537, 0.199970245361, 0.18993216753, 0.119668528438, 0.0940917432308, 0.164317786694, 0.261220663786, 0.289776921272, 0.265299201012, 0.304220587015, 0.204991146922, 0.128061398864, 0.0856544598937, 0.0718916431069, 0.0836809277534, 0.103964775801, 0.127023011446, 0.109920486808, 0.0815952718258, 0.0755668804049, 0.0522498674691, 0.025803681463, 0.0271747671068, 0.0344612076879, 0.0467840880156, 0.0637870281935, 0.0987663269043, 0.170275077224, 0.215188026428, 0.187305182219, 0.13312035799, 0.0847465693951, 0.103364229202, 0.174785971642]
        dmean2: [0.316686362028, 0.318794429302, 0.466663628817, 0.347026526928, 0.345962077379, 0.220441684127, 0.170372530818, 0.303270369768, 0.451187342405, 0.550615012646, 0.47319996357, 0.537357151508, 0.348944723606, 0.209208145738, 0.144714340568, 0.121019147336, 0.145013228059, 0.167636856437, 0.217458859086, 0.192273318768, 0.13521964848, 0.123378515244, 0.0878889411688, 0.0428399853408, 0.0477000959218, 0.0639551281929, 0.0806648358703, 0.108089201152, 0.173791825771, 0.29478392005, 0.368044435978, 0.323008626699, 0.243317008018, 0.158679902554, 0.1952508986, 0.317101567984]
        dvar: [0.0521256029606, 0.0563909076154, 0.0964243412018, 0.0579744018614, 0.0663071200252, 0.032190490514, 0.0280697196722, 0.0493859685957, 0.0509171001613, 0.0684279054403, 0.0456742085516, 0.0596663765609, 0.045444637537, 0.0306252334267, 0.00981149170548, 0.0120363179594, 0.019570723176, 0.0166952572763, 0.0367740914226, 0.0218391884118, 0.0133729176596, 0.014678102918, 0.00631828093901, 0.00418722070754, 0.00275070476346, 0.00559427216649, 0.00704823806882, 0.00788926705718, 0.0173362586647, 0.0279565062374, 0.0401089861989, 0.0341851636767, 0.0275071747601, 0.0220549982041, 0.0210577994585, 0.0519307181239]
        dvar2: [0.133254438639, 0.147958293557, 0.295220226049, 0.145054668188, 0.17580626905, 0.0973400846124, 0.0818439871073, 0.141231164336, 0.161235824227, 0.213656947017, 0.133520424366, 0.160048857331, 0.108515664935, 0.0800969675183, 0.0244143623859, 0.0291351415217, 0.0552864633501, 0.0436850748956, 0.103271216154, 0.0667554363608, 0.0262477006763, 0.0324234254658, 0.0160308592021, 0.00601341668516, 0.00715393619612, 0.0159797631204, 0.0162866655737, 0.0179087538272, 0.045706577599, 0.0778181478381, 0.113488458097, 0.0896031484008, 0.0895001664758, 0.0666693970561, 0.0608165375888, 0.136298909783]
        max: [1, 1, 1, 1, 1, 0.885981380939, 1, 1, 1, 1, 1, 1, 1, 1, 1, 1, 1, 1, 1, 0.944685339928, 1, 1, 0.511753797531, 0.841130077839, 0.389226615429, 0.614514350891, 0.71260368824, 0.705893754959, 1, 1, 1, 1, 1, 1, 0.823821544647, 1]
        mean: [0.15979231894, 0.180256471038, 0.216188311577, 0.233105182648, 0.186653792858, 0.094244800508, 0.0778070166707, 0.156474754214, 0.322965741158, 0.456782668829, 0.460971266031, 0.401055306196, 0.274694919586, 0.147022902966, 0.102988697588, 0.0942195504904, 0.0983581542969, 0.162882134318, 0.225998222828, 0.164726182818, 0.101069003344, 0.0920939445496, 0.0521457828581, 0.030560027808, 0.0273283179849, 0.0301037039608, 0.0427191071212, 0.0665760859847, 0.113106206059, 0.216050356627, 0.295853823423, 0.228237703443, 0.114932663739, 0.0679524838924, 0.0759311765432, 0.127160355449]
        min: [0.000420970318373, 0.000394245173084, 0.0018772581825, 0.0012247095583, 0.00113874475937, 0.000885517976712, 0.000426607351983, 0.0001473937009, 0.000382256868761, 0.00115280062892, 0.00174072664231, 0.00200305017643, 0.00214199861512, 0.00232162489556, 0.00221942341886, 0.00114222581033, 0.000853266916238, 0.00269267824478, 0.00104523997288, 0.000454385008197, 0.00174310023431, 0.00219464185648, 0.00146260054316, 0.000415997434175, 0.000443540891865, 0.000766075274441, 0.000588382885326, 0.000200035210582, 0.000616640492808, 0.000413359230151, 0.00328365480527, 0.00312674464658, 0.000631773553323, 0.000638814468402, 0.000537379703019, 0.000394201633753]
        var: [0.0579054392874, 0.0701817572117, 0.0885628014803, 0.0881283581257, 0.0759972631931, 0.0261322688311, 0.0212844554335, 0.0443025790155, 0.0820490941405, 0.122289478779, 0.105437092483, 0.0949789583683, 0.0803919136524, 0.0438766032457, 0.020032254979, 0.0200332254171, 0.0226472988725, 0.0413127988577, 0.0969474390149, 0.0464930981398, 0.0202435832471, 0.0201245378703, 0.00661378726363, 0.00474762124941, 0.00262538087554, 0.00373127846979, 0.00603559939191, 0.0123887965456, 0.0319859758019, 0.0501928068697, 0.0702311843634, 0.0512520931661, 0.0239363461733, 0.0151022896171, 0.0153619265184, 0.0456196293235]
    chords_histogram: [49.3087539673, 11.9815664291, 0, 0, 0, 11.0599079132, 26.2672805786, 0, 0, 0, 0, 0, 0, 0, 0, 0, 0, 0, 0, 0, 0, 0, 0, 1.38248848915]
    thpcp: [1, 0.87002235651, 0.595904648304, 0.318941563368, 0.223416745663, 0.204393550754, 0.213371545076, 0.353345513344, 0.490265309811, 0.357345879078, 0.219252288342, 0.199782401323, 0.113121546805, 0.0662948638201, 0.0592842102051, 0.0653049498796, 0.0926719531417, 0.144425675273, 0.245364978909, 0.468685090542, 0.64180535078, 0.495123505592, 0.24932718277, 0.147411540151, 0.164719983935, 0.275853097439, 0.346642702818, 0.391036242247, 0.468984365463, 0.505682647228, 0.404914170504, 0.204448312521, 0.168789297342, 0.339445799589, 0.700620114803, 0.990913510323]
    chords_key: "C"
    chords_scale: "minor"
    key_key: "C"
    key_scale: "minor"
    chords_progression: ["Cm", "Cm", "Cm", "Cm", "Cm", "Cm", "Cm", "Cm", "Cm", "Cm", "Cm", "Cm", "Cm", "Cm", "Cm", "Cm", "Cm", "Cm", "Cm", "Cm", "Cm", "Cm", "Cm", "Cm", "Cm", "Cm", "Cm", "Cm", "Cm", "Cm", "F", "F", "F", "F", "F", "F", "Cm", "F", "F", "F", "F", "F", "F", "F", "F", "F", "F", "F", "F", "F", "F", "F", "F", "F", "F", "Am", "Am", "Am", "Am", "Am", "Am", "Am", "Am", "Am", "Am", "Am", "Am", "Am", "Am", "Am", "Am", "Am", "Am", "Am", "Am", "Am", "Am", "Am", "Am", "Am", "Am", "Am", "Am", "Am", "Am", "Am", "Am", "Am", "Am", "Am", "Am", "Am", "Am", "Am", "Am", "Am", "Am", "Am", "Am", "Am", "Am", "Am", "Am", "Am", "Am", "Am", "Am", "Am", "G#", "Am", "Am", "Am", "Am", "G#", "G#", "Cm", "Cm", "Cm", "Cm", "Cm", "Cm", "Cm", "Cm", "Cm", "Cm", "Cm", "Cm", "Cm", "Cm", "Cm", "Cm", "Cm", "Cm", "Cm", "Cm", "Cm", "Cm", "Cm", "Cm", "Cm", "Cm", "Cm", "Cm", "Cm", "Cm", "Cm", "Cm", "Cm", "Cm", "Cm", "Cm", "Cm", "Cm", "Cm", "Cm", "Cm", "Cm", "Cm", "Cm", "Cm", "Cm", "Cm", "Cm", "Cm", "Cm", "Cm", "Cm", "Cm", "Cm", "Cm", "Cm", "Cm", "Cm", "Cm", "Cm", "Cm", "Cm", "Cm", "Cm", "Cm", "Cm", "Cm", "Cm", "Cm", "Cm", "Cm", "Cm", "Cm", "Cm", "Cm", "Cm", "D#", "D#", "D#", "D#", "D#", "D#", "D#", "D#", "D#", "D#", "D#", "D#", "D#", "D#", "D#", "D#", "D#", "D#", "D#", "D#", "D#", "D#", "D#", "D#", "D#", "D#"]
