
metadata:
    version:
        essentia: "1.2.2"
    audio_properties:
        analysis_sample_rate: 44100
        bitrate: 128
        channels: 2
        equal_loudness: 1
        length: 10.0048980713
        replay_gain: -6.89946174622
        downmix: "mix"
    tags:
        track: 9
        year: 0
        album: "Splitted by Mp3Splt v. 2.1"
        artist: "From 001.20 To 001.30"
        comment: "http://mp3splt.sf.net"
        genre: ""
        title: "01 Get Better.mp3"

highlevel:
    ballroom:
        all:
            ChaChaCha: 0.0599882043898
            Jive: 0.156250372529
            Quickstep: 0.185426339507
            Rumba-American: 0.0232595484704
            Rumba-International: 0.213895946741
            Rumba-Misc: 0.0749381631613
            Samba: 0.085744895041
            Tango: 0.0498194918036
            VienneseWaltz: 0.108540423214
            Waltz: 0.0421366132796
        probability: 0.213895946741
        value: "Rumba-International"
    culture:
        all:
            non_western: 0.240709811449
            western: 0.759290218353
        probability: 0.759290218353
        value: "western"
    gender:
        all:
            female: 4.35536230725e-06
            male: 0.999995648861
        probability: 0.999995648861
        value: "male"
    genre_dortmund:
        all:
            alternative: 0.0919250994921
            blues: 0.0322276875377
            electronic: 0.00948547851294
            folkcountry: 0.338164627552
            funksoulrnb: 0.0271419715136
            jazz: 0.0559868142009
            pop: 0.0818185433745
            raphiphop: 0.0137798637152
            rock: 0.349469900131
        probability: 0.349469900131
        value: "rock"
    genre_electronica:
        all:
            ambient: 0.292133182287
            dnb: 0.143835261464
            house: 0.364094525576
            techno: 0.0386684760451
            trance: 0.161268547177
        probability: 0.364094525576
        value: "house"
    genre_rosamerica:
        all:
            cla: 0.0142960259691
            dan: 0.0302507281303
            hip: 0.0369853563607
            jaz: 0.0140693765134
            pop: 0.378747224808
            rhy: 0.314112573862
            roc: 0.205337658525
            spe: 0.00620106235147
        probability: 0.378747224808
        value: "pop"
    genre_tzanetakis:
        all:
            blu: 0.00561818387359
            cla: 0.0030524621252
            cou: 0.156474933028
            dis: 0.108606807888
            hip: 0.00635090470314
            jaz: 0.0046597737819
            met: 0.00160065270029
            pop: 0.342837721109
            reg: 0.164416253567
            roc: 0.20638230443
        probability: 0.342837721109
        value: "pop"
    live_studio:
        all:
            live: 0.10514228791
            studio: 0.894857704639
        probability: 0.894857704639
        value: "studio"
    mood:
        all:
            Cluster1: 0.169449716806
            Cluster2: 0.280685931444
            Cluster3: 0.394384741783
            Cluster4: 0.102496348321
            Cluster5: 0.0529832467437
        probability: 0.394384741783
        value: "Cluster3"
    mood_acoustic:
        all:
            acoustic: 0.828506112099
            not_acoustic: 0.171493917704
        probability: 0.828506112099
        value: "acoustic"
    mood_aggressive:
        all:
            aggressive: 0.0229727141559
            not_aggressive: 0.97702729702
        probability: 0.97702729702
        value: "not_aggressive"
    mood_electronic:
        all:
            electronic: 0.0787850916386
            not_electronic: 0.921214878559
        probability: 0.921214878559
        value: "not_electronic"
    mood_happy:
        all:
            happy: 0.808120548725
            not_happy: 0.191879466176
        probability: 0.808120548725
        value: "happy"
    mood_party:
        all:
            not_party: 0.821559369564
            party: 0.178440630436
        probability: 0.821559369564
        value: "not_party"
    mood_relaxed:
        all:
            not_relaxed: 0.281178712845
            relaxed: 0.718821287155
        probability: 0.718821287155
        value: "relaxed"
    mood_sad:
        all:
            not_sad: 0.307813405991
            sad: 0.692186594009
        probability: 0.692186594009
        value: "sad"
    rhythm:
        all:
            fast: 0.81339263916
            medium: 0.0861655250192
            slow: 0.100441813469
        probability: 0.81339263916
        value: "fast"
    speech_music:
        all:
            music: 0.999054014683
            speech: 0.000945977342781
        probability: 0.999054014683
        value: "music"
    timbre:
        all:
            bright: 0.988958418369
            dark: 0.0110415872186
        probability: 0.988958418369
        value: "bright"
    voice_instrumental:
        all:
            instrumental: 0.00600071717054
            voice: 0.993999302387
        probability: 0.993999302387
        value: "voice"

lowlevel:
    average_loudness: 0.978123009205
    barkbands_kurtosis:
        dmean: 2.21921277046
        dmean2: 3.41433286667
        dvar: 19.752948761
        dvar2: 37.7651329041
        max: 83.5762557983
        mean: 2.4674141407
        min: -1.74837386608
        var: 42.6490592957
    barkbands_skewness:
        dmean: 0.481675297022
        dmean2: 0.729873597622
        dvar: 0.241502419114
        dvar2: 0.54977697134
        max: 8.42303180695
        mean: 1.292984128
        min: -0.557459235191
        var: 1.07364034653
    barkbands_spread:
        dmean: 5.4706697464
        dmean2: 8.46774482727
        dvar: 31.0597953796
        dvar2: 74.9375076294
        max: 59.1408462524
        mean: 20.7480564117
        min: 1.51267027855
        var: 120.085250854
    dissonance:
        dmean: 0.0282542221248
        dmean2: 0.0464931130409
        dvar: 0.000713919231202
        dvar2: 0.00193953805137
        max: 0.499999940395
        mean: 0.442905783653
        min: 0.301805794239
        var: 0.00143217388541
    hfc:
        dmean: 1.18503522873
        dmean2: 1.70050036907
        dvar: 3.32788586617
        dvar2: 7.86761760712
        max: 16.1027946472
        mean: 3.30419969559
        min: 0.0285453330725
        var: 8.00347042084
    pitch:
        dmean: 221.334976196
        dmean2: 430.741546631
        dvar: 532896.375
        dvar2: 1392924.625
        max: 5512.5
        mean: 360.006958008
        min: 52.066116333
        var: 506086.3125
    pitch_instantaneous_confidence:
        dmean: 0.0945570841432
        dmean2: 0.149112313986
        dvar: 0.00698839267716
        dvar2: 0.0167772788554
        max: 0.848399281502
        mean: 0.454635411501
        min: 0.125542342663
        var: 0.0288473628461
    pitch_salience:
        dmean: 0.064210921526
        dmean2: 0.103873558342
        dvar: 0.00312165799551
        dvar2: 0.00838489551097
        max: 0.785949826241
        mean: 0.587003231049
        min: 0.255289852619
        var: 0.00668380921707
    silence_rate_20dB:
        dmean: 0
        dmean2: 0
        dvar: 0
        dvar2: 0
        max: 1
        mean: 1
        min: 1
        var: 0
    silence_rate_30dB:
        dmean: 0
        dmean2: 0
        dvar: 0
        dvar2: 0
        max: 1
        mean: 1
        min: 1
        var: 0
    silence_rate_60dB:
        dmean: 0.116009280086
        dmean2: 0.232558146119
        dvar: 0.102551214397
        dvar2: 0.19242875278
        max: 1
        mean: 0.504629611969
        min: 0
        var: 0.249978944659
    spectral_centroid:
        dmean: 190.928649902
        dmean2: 295.666809082
        dvar: 36340.7382812
        dvar2: 100188.304688
        max: 2071.80151367
        mean: 823.125305176
        min: 211.8490448
        var: 106875.398438
    spectral_complexity:
        dmean: 2.27441859245
        dmean2: 3.49184155464
        dvar: 8.12932109833
        dvar2: 17.9981918335
        max: 29
        mean: 8.75174045563
        min: 0
        var: 24.4928817749
    spectral_crest:
        dmean: 2.36843538284
        dmean2: 3.864777565
        dvar: 4.48643445969
        dvar2: 11.2248077393
        max: 24.9048995972
        mean: 9.1093006134
        min: 3.34176683426
        var: 14.6253328323
    spectral_decrease:
        dmean: 3.93775900775e-10
        dmean2: 6.23453233484e-10
        dvar: 5.01496030743e-19
        dvar2: 1.32267524116e-18
        max: -4.46633919085e-12
        mean: -9.50036826985e-10
        min: -5.43598499547e-09
        var: 6.09321039842e-19
    spectral_energy:
        dmean: 0.00157679303084
        dmean2: 0.00247211940587
        dvar: 7.89349360275e-06
        dvar2: 2.06588647416e-05
        max: 0.0216973926872
        mean: 0.00388535717502
        min: 1.94460899365e-05
        var: 1.00327979453e-05
    spectral_energyband_high:
        dmean: 5.50582408323e-05
        dmean2: 8.19088891149e-05
        dvar: 8.84150086478e-09
        dvar2: 1.8659424228e-08
        max: 0.000753684900701
        mean: 8.12338548712e-05
        min: 1.68384346466e-07
        var: 1.62654174574e-08
    spectral_energyband_low:
        dmean: 0.000349213310983
        dmean2: 0.000625626009423
        dvar: 6.95038238518e-07
        dvar2: 1.95659367819e-06
        max: 0.00483445823193
        mean: 0.000422773184255
        min: 3.01812619341e-08
        var: 4.62368831222e-07
    spectral_energyband_middle_high:
        dmean: 0.000402694015065
        dmean2: 0.000557489518542
        dvar: 2.94742989126e-07
        dvar2: 6.59859153984e-07
        max: 0.00704064499587
        mean: 0.00119633669965
        min: 7.4038666753e-06
        var: 2.06201980291e-06
    spectral_energyband_middle_low:
        dmean: 0.00107706757262
        dmean2: 0.00175215350464
        dvar: 4.07188917961e-06
        dvar2: 1.08747353806e-05
        max: 0.0159402098507
        mean: 0.0021849765908
        min: 1.01804735095e-05
        var: 4.22324592364e-06
    spectral_flatness_db:
        dmean: 0.0275468397886
        dmean2: 0.0410374179482
        dvar: 0.000512848666403
        dvar2: 0.0011115912348
        max: 0.342925548553
        mean: 0.181298419833
        min: 0.0847299396992
        var: 0.00159528420772
    spectral_flux:
        dmean: 0.0108563452959
        dmean2: 0.0166303254664
        dvar: 0.000207465694984
        dvar2: 0.000387481297366
        max: 0.121933452785
        mean: 0.0324605554342
        min: 0.00440977187827
        var: 0.000407241721405
    spectral_kurtosis:
        dmean: 3.96665358543
        dmean2: 6.50880050659
        dvar: 23.6704807281
        dvar2: 62.7283973694
        max: 41.2342529297
        mean: 7.6285071373
        min: -0.670817613602
        var: 36.7765808105
    spectral_rms:
        dmean: 0.00034816050902
        dmean2: 0.000518263666891
        dvar: 2.3240444591e-07
        dvar2: 5.59874706596e-07
        max: 0.00460088998079
        mean: 0.00181524606887
        min: 0.000137738141348
        var: 4.95475376283e-07
    spectral_rolloff:
        dmean: 557.809936523
        dmean2: 971.252929688
        dvar: 504053.125
        dvar2: 1265695.125
        max: 5555.56640625
        mean: 1577.76940918
        min: 193.798828125
        var: 996041.875
    spectral_skewness:
        dmean: 0.41877284646
        dmean2: 0.647216498852
        dvar: 0.161857411265
        dvar2: 0.423479437828
        max: 4.59412574768
        mean: 1.98540008068
        min: 0.17312631011
        var: 0.505708754063
    spectral_spread:
        dmean: 1092245.125
        dmean2: 1494687.375
        dvar: 990228643840
        dvar2: 2.17051037696e+12
        max: 9947098
        mean: 4218442
        min: 1414567.125
        var: 3.37797814682e+12
    spectral_strongpeak:
        dmean: 0.248264163733
        dmean2: 0.415364980698
        dvar: 0.127339556813
        dvar2: 0.306413561106
        max: 2.88498878479
        mean: 0.531808316708
        min: 0.00824117194861
        var: 0.351081252098
    zerocrossingrate:
        dmean: 0.00823946204036
        dmean2: 0.00964839197695
        dvar: 5.58859828743e-05
        dvar2: 7.96385866124e-05
        max: 0.126953125
        mean: 0.0536576919258
        min: 0.01123046875
        var: 0.000400287681259
    barkbands:
        dmean: [2.07736277957e-07, 0.000126259561512, 0.000238673048443, 0.000325014814734, 0.00048551382497, 0.000129569292767, 0.00022568301938, 0.000154249486513, 0.000153502667672, 0.000116110611998, 0.000106808613054, 6.64744948153e-05, 4.38187962573e-05, 3.90757086279e-05, 5.42312700418e-05, 6.19408965576e-05, 5.65150367038e-05, 5.56407503609e-05, 6.50646325084e-05, 3.32095914928e-05, 2.52404624916e-05, 1.23708086903e-05, 3.05157027469e-06, 1.04083812857e-06, 4.52152477237e-07, 2.98672269139e-08, 3.90277893336e-10]
        dmean2: [2.73375945881e-07, 0.000227606433327, 0.00042939936975, 0.000590861192904, 0.000802802329417, 0.00019939574122, 0.000381190911867, 0.000228957709624, 0.000241266970988, 0.000160997355124, 0.000151411048137, 0.000101771242043, 6.38717174297e-05, 5.62003770028e-05, 7.87662429502e-05, 9.18060468393e-05, 8.9836641564e-05, 8.73479657457e-05, 0.000102125064586, 5.16399923072e-05, 3.80358469556e-05, 1.86742636288e-05, 4.67852305519e-06, 1.67516031979e-06, 7.20555647149e-07, 4.80245034851e-08, 6.57400411885e-10]
        dvar: [3.10515523884e-12, 1.01924982232e-07, 3.17103484804e-07, 7.17792829619e-07, 7.89218233876e-07, 3.10080352506e-08, 2.90249488444e-07, 1.13743404029e-07, 8.88069493499e-08, 5.8174450146e-08, 1.11670864555e-07, 2.08089598885e-08, 1.11230367139e-08, 4.85174123099e-09, 7.19302928331e-09, 7.21188353481e-09, 9.81100178876e-09, 8.71922090084e-09, 1.11926539148e-08, 4.09882527919e-09, 2.08353201359e-09, 6.34859442794e-10, 3.43747426357e-11, 3.01493660766e-12, 3.74942833942e-13, 2.83323161142e-15, 4.5092355226e-19]
        dvar2: [3.16628602677e-12, 2.84788029603e-07, 9.04407841062e-07, 2.02400929084e-06, 2.03786999009e-06, 6.65492478902e-08, 8.01350950042e-07, 2.54518056408e-07, 2.04662882197e-07, 1.21103454376e-07, 2.7076791298e-07, 5.21223313399e-08, 2.19555502667e-08, 9.68653601774e-09, 1.41246809804e-08, 1.56101034321e-08, 2.32041390547e-08, 2.40707862531e-08, 2.65747139849e-08, 8.98457042098e-09, 4.73381245314e-09, 1.21709098355e-09, 6.4216042206e-11, 7.6810545771e-12, 8.43403797322e-13, 6.83584429906e-15, 9.97406834593e-19]
        max: [3.66453496099e-05, 0.00184560893103, 0.00350073073059, 0.00698428973556, 0.00677004270256, 0.00224965717643, 0.00430906098336, 0.0063784183003, 0.00313001638278, 0.00303795444779, 0.00524928746745, 0.00169834250119, 0.0017215696862, 0.000958724413067, 0.000875475816429, 0.000780878937803, 0.00113475113176, 0.00082151137758, 0.000830603588838, 0.000553930469323, 0.00037128207623, 0.000397808267735, 9.86562736216e-05, 2.39107594098e-05, 4.09395079259e-06, 4.71546627523e-07, 7.52844897534e-09]
        mean: [2.67691177669e-07, 0.000111252658826, 0.000311294134008, 0.000326476758346, 0.00075611815555, 0.000315822893754, 0.000264899048489, 0.000301311723888, 0.000205316042411, 0.000203613264603, 0.000236192267039, 0.000111863642815, 9.12589603104e-05, 6.91011591698e-05, 8.27399926493e-05, 0.000111774636025, 9.60314137046e-05, 8.60467189341e-05, 9.96978269541e-05, 4.33907880506e-05, 3.24836146319e-05, 2.13323528442e-05, 5.45176681044e-06, 1.11851761631e-06, 4.79968207401e-07, 2.52704790427e-08, 3.53772455775e-10]
        min: [3.35181948863e-09, 1.82565713658e-08, 9.70278435375e-09, 5.0770587734e-08, 2.16398575503e-07, 4.20807691626e-06, 1.66464224094e-06, 1.1515087408e-06, 4.75047386317e-07, 2.30694837455e-07, 3.02882966707e-07, 4.25265142212e-07, 1.76433502475e-07, 4.2026039182e-07, 3.05324277861e-07, 1.23114500639e-06, 8.50925573559e-07, 4.26900214734e-07, 2.97609119571e-07, 1.22873260011e-07, 4.44125376475e-08, 1.24412968816e-08, 5.06970687653e-09, 7.04749758551e-10, 3.72218922351e-10, 1.72302658252e-11, 4.97375849274e-13]
        var: [3.15286382072e-12, 6.65171313585e-08, 2.09946833252e-07, 4.60443942529e-07, 9.49654179294e-07, 1.75953957182e-07, 2.51833967013e-07, 3.09656087438e-07, 1.39979064784e-07, 1.88235972587e-07, 5.16596344369e-07, 5.71336897792e-08, 6.72749109754e-08, 1.31533548497e-08, 1.55042716443e-08, 1.88867321782e-08, 1.82265367243e-08, 1.38439348873e-08, 1.62676005999e-08, 5.56244916794e-09, 2.774384944e-09, 2.25161689293e-09, 1.75973638439e-10, 5.14143111766e-12, 5.23703639049e-13, 2.6513170982e-15, 4.16511029321e-19]
    mfcc:
        mean: [-759.856201172, 154.606567383, -38.2897071838, 48.4397583008, -11.2771558762, -2.26411318779, -10.3691034317, 1.20055925846, -0.0482304617763, -7.43245792389, -3.35634183884, -9.88490581512, -4.51639270782]
        cov: [[3551.64501953, -1114.87731934, -124.412002563, -95.5949020386, -243.716583252, -22.6577987671, 153.23664856, -83.8256378174, -92.6462097168, -19.9204597473, -2.45189523697, 79.8910369873, -79.038734436], [-1114.87731934, 1495.59631348, -809.79486084, -77.7923812866, 34.0282974243, -181.495605469, 98.760017395, 9.99955272675, 21.4652404785, 28.4729785919, 69.6192932129, -19.5131473541, -4.16985988617], [-124.412002563, -809.79486084, 1049.21618652, 139.105712891, 48.8231468201, 157.579727173, -177.510177612, 40.9888038635, 38.325717926, 15.4455451965, -44.5886039734, -33.4135246277, 33.4601898193], [-95.5949020386, -77.7923812866, 139.105712891, 314.710418701, 73.7209701538, -5.11307859421, -80.5057983398, -32.9398841858, -11.6255931854, -7.65955066681, -21.7916374207, 5.04418563843, 52.0430717468], [-243.716583252, 34.0282974243, 48.8231468201, 73.7209701538, 258.913757324, -27.7790908813, -2.50664663315, -51.3138198853, 12.2747430801, 26.419631958, -13.4423732758, -0.784826040268, 22.9922275543], [-22.6577987671, -181.495605469, 157.579727173, -5.11307859421, -27.7790908813, 188.217788696, 6.55829524994, 52.0126533508, 11.4300851822, -13.3480262756, -10.3560914993, 1.46195363998, -12.547870636], [153.23664856, 98.760017395, -177.510177612, -80.5057983398, -2.50664663315, 6.55829524994, 243.750091553, 14.4409379959, 43.7325363159, 22.8363037109, -29.8724308014, 40.9016914368, -20.2274341583], [-83.8256378174, 9.99955272675, 40.9888038635, -32.9398841858, -51.3138198853, 52.0126533508, 14.4409379959, 114.383239746, 25.8570365906, -13.4600572586, -1.18432199955, -23.9048938751, -12.5572071075], [-92.6462097168, 21.4652404785, 38.325717926, -11.6255931854, 12.2747430801, 11.4300851822, 43.7325363159, 25.8570365906, 88.5751419067, 36.9226608276, -13.1591358185, -1.02547597885, -4.46667957306], [-19.9204597473, 28.4729785919, 15.4455451965, -7.65955066681, 26.419631958, -13.3480262756, 22.8363037109, -13.4600572586, 36.9226608276, 101.522102356, 28.2003898621, -3.17506027222, -13.0380144119], [-2.45189523697, 69.6192932129, -44.5886039734, -21.7916374207, -13.4423732758, -10.3560914993, -29.8724308014, -1.18432199955, -13.1591358185, 28.2003898621, 97.3340454102, 6.16449975967, -17.1057338715], [79.8910369873, -19.5131473541, -33.4135246277, 5.04418563843, -0.784826040268, 1.46195363998, 40.9016914368, -23.9048938751, -1.02547597885, -3.17506027222, 6.16449975967, 82.3515319824, 16.3815631866], [-79.038734436, -4.16985988617, 33.4601898193, 52.0430717468, 22.9922275543, -12.547870636, -20.2274341583, -12.5572071075, -4.46667957306, -13.0380144119, -17.1057338715, 16.3815631866, 70.1474761963]]
        icov: [[0.000632279377896, 0.000840206630528, 0.000535987259354, -9.62885678746e-05, 0.000446569174528, 0.0004478484625, -0.000445924524684, 0.000183803960681, 0.000291840638965, -0.000124032390886, -0.000252531754086, 2.96900998364e-05, 0.000343211431755], [0.000840206630528, 0.00250602071173, 0.00183981889859, -0.000197840607143, 0.00019926733512, 0.00108394562267, -0.000424653408118, -0.000506013690028, -0.000390548433643, -0.000295305449981, -0.00101326801814, 0.000684634491336, -0.000206318378332], [0.000535987259354, 0.00183981889859, 0.00287857744843, -0.000381631427445, -0.000157581380336, -0.000458629569039, 0.00115573348012, -0.000794421415776, -0.000992640852928, -0.00102561956737, 0.000261998851784, 0.000334076496074, -0.000483947136672], [-9.62885678746e-05, -0.000197840607143, -0.000381631427445, 0.00425555277616, -0.000880568346474, -0.000171385734575, 0.00125478883274, 0.000439464260126, 0.000178782094736, -0.000205432908842, 0.000920283491723, -0.000531752419192, -0.00207519321702], [0.000446569174528, 0.00019926733512, -0.000157581380336, -0.000880568346474, 0.00521894730628, 0.000393650348997, -0.000922724837437, 0.00252818269655, -0.000393722002627, -0.000702982069924, 0.000105389015516, 0.000908916874323, -0.000552502693608], [0.0004478484625, 0.00108394562267, -0.000458629569039, -0.000171385734575, 0.000393650348997, 0.00784743390977, -0.000963471713476, -0.0029928914737, 0.000421690579969, 0.000684230413754, -0.000213580089621, -0.00118024169933, 0.00175365747418], [-0.000445924524684, -0.000424653408118, 0.00115573348012, 0.00125478883274, -0.000922724837437, -0.000963471713476, 0.00794935319573, -0.00179187208414, -0.00226181419566, -0.0022402042523, 0.00419967900962, -0.00448366906494, 0.00160244386643], [0.000183803960681, -0.000506013690028, -0.000794421415776, 0.000439464260126, 0.00252818269655, -0.0029928914737, -0.00179187208414, 0.0145400166512, -0.00462407572195, 0.00407545734197, -0.00241149473004, 0.00488277105615, -0.000313255615765], [0.000291840638965, -0.000390548433643, -0.000992640852928, 0.000178782094736, -0.000393722002627, 0.000421690579969, -0.00226181419566, -0.00462407572195, 0.0182369481772, -0.00730887148529, 0.00386755145155, -0.00145452353172, 0.000456546171336], [-0.000124032390886, -0.000295305449981, -0.00102561956737, -0.000205432908842, -0.000702982069924, 0.000684230413754, -0.0022402042523, 0.00407545734197, -0.00730887148529, 0.0160919111222, -0.00657896418124, 0.00270474585705, 0.00121030432638], [-0.000252531754086, -0.00101326801814, 0.000261998851784, 0.000920283491723, 0.000105389015516, -0.000213580089621, 0.00419967900962, -0.00241149473004, 0.00386755145155, -0.00657896418124, 0.0159368552268, -0.00483962660655, 0.00359398289584], [2.96900998364e-05, 0.000684634491336, 0.000334076496074, -0.000531752419192, 0.000908916874323, -0.00118024169933, -0.00448366906494, 0.00488277105615, -0.00145452353172, 0.00270474585705, -0.00483962660655, 0.0176637228578, -0.00551362056285], [0.000343211431755, -0.000206318378332, -0.000483947136672, -0.00207519321702, -0.000552502693608, 0.00175365747418, 0.00160244386643, -0.000313255615765, 0.000456546171336, 0.00121030432638, 0.00359398289584, -0.00551362056285, 0.0197193883359]]
    spectral_contrast:
        mean: [-3.79746225576e-08, 3.13062678003e-08, -6.66403465743e-08, -2.25764686945e-08, -7.658021417e-08, -8.74362768855e-08, -7.58126816436e-07, 1.0969813502e-06, -4.07379093303e-06, -5.28005898559e-07, -4.49482649856e-06, 5.92962487644e-06]
        var: [0.000747232115828, 0.00154872890562, 0.00169701420236, 0.00285057909787, 0.00486423866823, 0.00727991200984, 0.0772223845124, 0.102266155183, 0.123717807233, 0.20630864799, 0.662951052189, 1.84695398808]

rhythm:
    beats_loudness:
        dmean: 0.00428385799751
        dmean2: 0.00803082436323
        dvar: 9.02415104065e-06
        dvar2: 2.83871777356e-05
        max: 0.0139501048252
        mean: 0.00728824781254
        min: 0.00296374619938
        var: 1.05619246824e-05
    beats_loudness_bass:
        dmean: 0.12549264729
        dmean2: 0.255652278662
        dvar: 0.0119227198884
        dvar2: 0.0339848436415
        max: 0.54395878315
        mean: 0.205682992935
        min: 0.0555219650269
        var: 0.0106770368293
    bpm: 132.917663574
    bpm_confidence: 0
    first_peak_bpm: 133
    first_peak_spread: 0
    first_peak_weight: 0.952380955219
    onset_rate: 5.09750318527
    second_peak_bpm: 125
    second_peak_spread: 0
    second_peak_weight: 0.047619048506
    beats_position: [0.0672393739223, 0.517772138119, 0.968304991722, 1.41883778572, 1.86937057972, 2.3199031353, 2.77043604851, 3.22096896172, 3.67150187492, 4.12203454971, 4.57256746292, 5.02310037613, 5.47363328934, 5.92416620255, 6.40437984467, 6.85669279099, 7.3090057373, 7.76131772995, 8.21363067627, 8.66594409943, 9.11825656891, 9.57056903839]
    bpm_estimates: [133.417709351, 133.325637817, 133.012557983, 132.708465576, 133.927429199, 130.518798828, 133.985839844, 132.851455688, 133.190032959, 134.047363281, 134.024490356, 132.835983276, 132.727813721, 132.919555664, 132.741622925, 131.630126953, 133.015472412, 132.444580078, 132.532104492, 132.538665771, 132.898147583, 132.894744873]
    bpm_intervals: [0.450532764196, 0.450532853603, 0.450532793999, 0.450532793999, 0.45053255558, 0.450532913208, 0.450532913208, 0.450532913208, 0.450532674789, 0.450532913208, 0.450532913208, 0.450532913208, 0.450532913208, 0.48021364212, 0.45231294632, 0.45231294632, 0.452311992645, 0.45231294632, 0.452313423157, 0.452312469482, 0.452312469482]
    onset_times: [0.0348299331963, 0.522448956966, 0.661768734455, 0.870748281479, 0.975238084793, 1.19582772255, 1.40480720997, 1.66022670269, 1.79954648018, 1.84598636627, 2.24072551727, 2.32199549675, 2.56580495834, 2.77478456497, 2.93732428551, 3.23918366432, 3.44816327095, 3.66875290871, 4.04027223587, 4.14476203918, 4.37696123123, 4.56272125244, 4.80653047562, 4.93424034119, 5.06195020676, 5.14321994781, 5.3754196167, 5.47990942001, 5.8282084465, 5.93269824982, 6.1068482399, 6.29260778427, 6.38548755646, 6.60607719421, 6.81505680084, 7.07047605515, 7.19818592072, 7.26784563065, 7.66258525848, 7.75546503067, 8.11537456512, 8.2198638916, 8.39401340485, 8.66104316711, 8.88163280487, 9.04417228699, 9.10222244263, 9.33442211151, 9.47374153137, 9.57823085785, 9.81043052673]
    rubato_start: []
    rubato_stop: []
    perceptual_tempo: "unknown"

sfx:
    inharmonicity:
        dmean: 0.0319590047002
        dmean2: 0.057728253305
        dvar: 0.00225939019583
        dvar2: 0.00731706665829
        max: 0.4007371068
        mean: 0.0300750285387
        min: 0
        var: 0.00189869466703
    oddtoevenharmonicenergyratio:
        dmean: 2.07777786255
        dmean2: 3.99655127525
        dvar: 23.3972377777
        dvar2: 66.6251449585
        max: 34.25365448
        mean: 1.3357565403
        min: 0
        var: 15.1821289062
    pitch_after_max_to_before_max_energy_ratio: 0.724775314331
    pitch_centroid: 214.443267822
    pitch_max_to_total: 0.64269143343
    pitch_min_to_total: 0.902552187443
    tristimulus:
        dmean: [0.220590442419, 0.213709369302, 0.0733684375882]
        dmean2: [0.383276194334, 0.369653850794, 0.125592112541]
        dvar: [0.031760700047, 0.0305970162153, 0.00674284389243]
        dvar2: [0.0896400660276, 0.0874103233218, 0.0196379460394]
        max: [1, 0.883756160736, 0.648835718632]
        mean: [0.510336399078, 0.396464079618, 0.0809568539262]
        min: [0.0282482858747, 0, 0]
        var: [0.0583751872182, 0.0509152635932, 0.00704294769093]

tonal:
    chords_changes_rate: 0.0414746552706
    chords_number_rate: 0.0230414755642
    chords_strength:
        dmean: 0.0108099794015
        dmean2: 0.0109884552658
        dvar: 9.39559104154e-05
        dvar2: 9.49359964579e-05
        max: 0.662231147289
        mean: 0.556403815746
        min: 0.409358620644
        var: 0.00256899255328
    key_strength: 0.764480173588
    tuning_diatonic_strength: 0.596241533756
    tuning_equal_tempered_deviation: 0.161140114069
    tuning_frequency: 439.491973877
    tuning_nontempered_energy_ratio: 0.787977874279
    hpcp:
        dmean: [0.145462065935, 0.144581288099, 0.0972155109048, 0.0912306457758, 0.109493598342, 0.157929345965, 0.174198359251, 0.157104179263, 0.0976313650608, 0.0928559303284, 0.0885535851121, 0.107411272824, 0.138962775469, 0.133578747511, 0.150419101119, 0.157321110368, 0.149444267154, 0.0910699218512, 0.0656838938594, 0.056262653321, 0.0897243842483, 0.139606699347, 0.131253376603, 0.119039520621, 0.115050368011, 0.0798214897513, 0.110298909247, 0.188102945685, 0.176359310746, 0.147969141603, 0.130800664425, 0.104300372303, 0.123072765768, 0.121276587248, 0.096159517765, 0.126271829009]
        dmean2: [0.23263245821, 0.234978467226, 0.175007358193, 0.158954039216, 0.203989744186, 0.283836781979, 0.286644518375, 0.265285789967, 0.176751732826, 0.176552578807, 0.157785445452, 0.182009607553, 0.223767533898, 0.216045692563, 0.256883889437, 0.262578994036, 0.245626851916, 0.152363628149, 0.115484856069, 0.0951702222228, 0.153553023934, 0.232847720385, 0.21329562366, 0.207083836198, 0.207513853908, 0.145381569862, 0.183519169688, 0.305927306414, 0.290330320597, 0.255348742008, 0.24345678091, 0.185471683741, 0.206031814218, 0.215150892735, 0.172346994281, 0.21667920053]
        dvar: [0.0417747721076, 0.0285164378583, 0.0239383205771, 0.0363680012524, 0.0450509935617, 0.0420560985804, 0.0462074056268, 0.0336988680065, 0.0262345802039, 0.0367237180471, 0.0322376899421, 0.0319928377867, 0.0325848907232, 0.0304928403348, 0.0326096825302, 0.0401936769485, 0.0452450700104, 0.0151065718383, 0.0139512252063, 0.00879215169698, 0.0208625216037, 0.0354457572103, 0.0235468186438, 0.0370689854026, 0.0488357357681, 0.0236797779799, 0.023342391476, 0.0539965666831, 0.0443417690694, 0.048706497997, 0.0584246814251, 0.0310575142503, 0.0383715853095, 0.0397685132921, 0.0261210296303, 0.0298066399992]
        dvar2: [0.0893389359117, 0.0707900300622, 0.0599613897502, 0.0966961681843, 0.129592746496, 0.1173286587, 0.115568056703, 0.0801540017128, 0.0748971253633, 0.109135515988, 0.083653435111, 0.0780742913485, 0.0782507136464, 0.0721717104316, 0.0918159410357, 0.0838141068816, 0.117958396673, 0.043477434665, 0.0350734964013, 0.0217749997973, 0.0528794787824, 0.0827775672078, 0.0556286983192, 0.0949327945709, 0.13227635622, 0.0655675828457, 0.0551367588341, 0.117692105472, 0.108749188483, 0.140254035592, 0.163974791765, 0.0855127573013, 0.093391187489, 0.0970724895597, 0.069901034236, 0.0795621722937]
        max: [1, 1, 1, 1, 1, 1, 1, 1, 1, 1, 1, 1, 1, 1, 1, 1, 1, 1, 1, 1, 1, 1, 1, 1, 1, 1, 0.977207481861, 1, 1, 1, 1, 1, 1, 1, 1, 1]
        mean: [0.316933900118, 0.236510232091, 0.10345659405, 0.0763106793165, 0.0802864655852, 0.187131240964, 0.351834535599, 0.269958257675, 0.0918218046427, 0.0647928118706, 0.0880634561181, 0.142192512751, 0.210167095065, 0.196074530482, 0.205909073353, 0.310825914145, 0.247582256794, 0.111701585352, 0.0905626043677, 0.070195093751, 0.114502601326, 0.220540553331, 0.196225762367, 0.124914549291, 0.0923901498318, 0.064536690712, 0.139605611563, 0.278031915426, 0.24714961648, 0.137867927551, 0.102079637349, 0.0925640016794, 0.138560071588, 0.142667129636, 0.106294289231, 0.196609959006]
        min: [0.00294899079017, 0.00198661163449, 0.00126766785979, 0.000562973087654, 0.000504593830556, 0.000103484620922, 0.000126085738884, 0.000402710953495, 0.000636932265479, 0.00036176526919, 0.000210452635656, 0.000822635774966, 0.00195962749422, 0.0076180989854, 0.00294940383174, 0.000807906151749, 0.000689843960572, 0.00160520558711, 0.001594892703, 0.000627519213594, 0.00189584842883, 0.00164280051831, 0.00208217534237, 0.000755135552026, 0.000858343148138, 0.000761036353651, 0.00139085063711, 0.000573598954361, 0.000638681871351, 0.000581927481107, 0.000419071584474, 0.000502047652844, 0.00158665678464, 0.00157673633657, 0.00180084945168, 0.00139259034768]
        var: [0.13403531909, 0.0683749765158, 0.0319456793368, 0.0299538299441, 0.0308800451458, 0.049244530499, 0.108615957201, 0.0708507075906, 0.0209922436625, 0.024049974978, 0.0343044735491, 0.0544030703604, 0.062028631568, 0.0568675734103, 0.050382103771, 0.124318733811, 0.0970944464207, 0.0194495301694, 0.029534034431, 0.0198155548424, 0.0253558978438, 0.0755357965827, 0.0520602241158, 0.038967307657, 0.0372233688831, 0.0164387114346, 0.0297043919563, 0.0927205085754, 0.071252271533, 0.0479346513748, 0.0438067354262, 0.024695198983, 0.0537038445473, 0.0526739545166, 0.0262247193605, 0.0563886910677]
    chords_histogram: [1.38248848915, 11.0599079132, 19.354839325, 0, 0, 0, 15.6682024002, 0, 0, 0, 0, 0, 0, 0, 0, 0, 0, 0, 0, 0, 0, 0, 0, 52.5345611572]
    thpcp: [1, 0.767287552357, 0.260980069637, 0.184157058597, 0.250297933817, 0.404145985842, 0.597346425056, 0.557291865349, 0.585244059563, 0.883443415165, 0.703689455986, 0.317483276129, 0.257401108742, 0.199511662126, 0.325444459915, 0.626830339432, 0.557721734047, 0.355037778616, 0.262595444918, 0.183429092169, 0.396793365479, 0.790234863758, 0.702459812164, 0.391854435205, 0.290135353804, 0.263089597225, 0.393821686506, 0.405494958162, 0.30211442709, 0.558813691139, 0.900803864002, 0.672220051289, 0.29404899478, 0.216893658042, 0.228193819523, 0.531872868538]
    chords_key: "B"
    chords_scale: "minor"
    key_key: "D"
    key_scale: "major"
    chords_progression: ["Bm", "Bm", "Bm", "Bm", "Bm", "Bm", "Bm", "Bm", "Bm", "Bm", "Bm", "Bm", "Bm", "Bm", "Bm", "Bm", "Bm", "Bm", "Bm", "Bm", "Bm", "Bm", "Bm", "Bm", "Bm", "Bm", "Bm", "Bm", "Bm", "Bm", "Bm", "Bm", "Bm", "Bm", "Bm", "D", "D", "D", "A", "A", "A", "A", "A", "A", "A", "A", "A", "A", "A", "A", "F#m", "F#m", "F#m", "F#m", "F#m", "F#m", "A", "A", "A", "A", "A", "A", "A", "A", "F#m", "F#m", "F#m", "F#m", "F#m", "F#m", "F#m", "F#m", "F#m", "F#m", "B", "B", "B", "B", "B", "B", "B", "B", "B", "B", "B", "B", "B", "B", "B", "B", "B", "B", "B", "B", "B", "B", "B", "B", "B", "B", "B", "B", "B", "B", "B", "B", "B", "B", "Bm", "Bm", "Bm", "Bm", "Bm", "Bm", "Bm", "Bm", "Bm", "Bm", "Bm", "Bm", "Bm", "Bm", "Bm", "Bm", "Bm", "Bm", "Bm", "Bm", "Bm", "Bm", "Bm", "Bm", "Bm", "Bm", "Bm", "Bm", "Bm", "Bm", "Bm", "Bm", "Bm", "Bm", "Bm", "Bm", "Bm", "Bm", "Bm", "Bm", "Bm", "Bm", "Bm", "Bm", "Bm", "Bm", "Bm", "Bm", "Bm", "Bm", "Bm", "Bm", "Bm", "Bm", "Bm", "Bm", "Bm", "Bm", "Bm", "Bm", "Bm", "Bm", "Bm", "Bm", "Bm", "Bm", "Bm", "Bm", "Bm", "Bm", "Bm", "Bm", "Bm", "Bm", "Bm", "Bm", "Bm", "Bm", "Bm", "F#m", "F#m", "F#m", "F#m", "F#m", "F#m", "F#m", "F#m", "A", "A", "A", "A", "A", "A", "A", "A", "A", "A", "A", "A", "A", "A", "A", "A", "A", "A", "A", "A", "A", "A"]
