
metadata:
    version:
        essentia: "1.2.2"
    audio_properties:
        analysis_sample_rate: 44100
        bitrate: 128
        channels: 2
        equal_loudness: 1
        length: 10.0310201645
        replay_gain: -0.850141525269
        downmix: "mix"
    tags:
        track: 28
        year: 0
        album: "Splitted by Mp3Splt v. 2.1"
        artist: "From 004.30 To 004.40"
        comment: "http://mp3splt.sf.net"
        genre: ""
        title: "11 Genius.mp3"

highlevel:
    ballroom:
        all:
            ChaChaCha: 0.278793185949
            Jive: 0.200245171785
            Quickstep: 0.0250844564289
            Rumba-American: 0.000854446610902
            Rumba-International: 0.00326732569374
            Rumba-Misc: 0.00102434854489
            Samba: 0.489675611258
            Tango: 0.000238468594034
            VienneseWaltz: 0.000321105238982
            Waltz: 0.000495896034408
        probability: 0.489675611258
        value: "Samba"
    culture:
        all:
            non_western: 0.59648680687
            western: 0.403513222933
        probability: 0.59648680687
        value: "non_western"
    gender:
        all:
            female: 0.204555109143
            male: 0.795444905758
        probability: 0.795444905758
        value: "male"
    genre_dortmund:
        all:
            alternative: 0.0638194531202
            blues: 0.031845998019
            electronic: 0.374726682901
            folkcountry: 0.0545763224363
            funksoulrnb: 0.0165981948376
            jazz: 0.117588877678
            pop: 0.0823237523437
            raphiphop: 0.127656459808
            rock: 0.13086424768
        probability: 0.374726682901
        value: "electronic"
    genre_electronica:
        all:
            ambient: 0.0945552736521
            dnb: 0.326590120792
            house: 0.446725577116
            techno: 0.0906302854419
            trance: 0.0414987429976
        probability: 0.446725577116
        value: "house"
    genre_rosamerica:
        all:
            cla: 0.0112217618152
            dan: 0.680662572384
            hip: 0.112595170736
            jaz: 0.0212887637317
            pop: 0.0104100843892
            rhy: 0.1327611655
            roc: 0.024495979771
            spe: 0.00656450167298
        probability: 0.680662572384
        value: "dan"
    genre_tzanetakis:
        all:
            blu: 0.0153585132211
            cla: 0.00359694263898
            cou: 0.00814331881702
            dis: 0.0699477270246
            hip: 0.212718307972
            jaz: 0.00947848521173
            met: 0.0189261268824
            pop: 0.329869955778
            reg: 0.269390165806
            roc: 0.0625704526901
        probability: 0.329869955778
        value: "pop"
    live_studio:
        all:
            live: 0.0118952887133
            studio: 0.988104701042
        probability: 0.988104701042
        value: "studio"
    mood:
        all:
            Cluster1: 0.49872609973
            Cluster2: 0.143187850714
            Cluster3: 0.0397424176335
            Cluster4: 0.121447123587
            Cluster5: 0.196896523237
        probability: 0.49872609973
        value: "Cluster1"
    mood_acoustic:
        all:
            acoustic: 0.0772612094879
            not_acoustic: 0.922738790512
        probability: 0.922738790512
        value: "not_acoustic"
    mood_aggressive:
        all:
            aggressive: 0.254706472158
            not_aggressive: 0.745293557644
        probability: 0.745293557644
        value: "not_aggressive"
    mood_electronic:
        all:
            electronic: 0.959222197533
            not_electronic: 0.0407778061926
        probability: 0.959222197533
        value: "electronic"
    mood_happy:
        all:
            happy: 0.424314767122
            not_happy: 0.575685203075
        probability: 0.575685203075
        value: "not_happy"
    mood_party:
        all:
            not_party: 0.151458621025
            party: 0.848541378975
        probability: 0.848541378975
        value: "party"
    mood_relaxed:
        all:
            not_relaxed: 0.700045228004
            relaxed: 0.299954771996
        probability: 0.700045228004
        value: "not_relaxed"
    mood_sad:
        all:
            not_sad: 0.797573149204
            sad: 0.202426880598
        probability: 0.797573149204
        value: "not_sad"
    rhythm:
        all:
            fast: 0.877283513546
            medium: 0.10747089237
            slow: 0.0152456061915
        probability: 0.877283513546
        value: "fast"
    speech_music:
        all:
            music: 0.999393582344
            speech: 0.000606417481322
        probability: 0.999393582344
        value: "music"
    timbre:
        all:
            bright: 0.369359880686
            dark: 0.630640089512
        probability: 0.630640089512
        value: "dark"
    voice_instrumental:
        all:
            instrumental: 0.0911854803562
            voice: 0.908814489841
        probability: 0.908814489841
        value: "voice"

lowlevel:
    average_loudness: 0.978313326836
    barkbands_kurtosis:
        dmean: 2.12647938728
        dmean2: 3.3834900856
        dvar: 9.72772884369
        dvar2: 22.6726398468
        max: 21.3664531708
        mean: 0.833876729012
        min: -1.85832321644
        var: 15.1178855896
    barkbands_skewness:
        dmean: 0.879129886627
        dmean2: 1.34646975994
        dvar: 0.780695080757
        dvar2: 1.8897125721
        max: 4.39886760712
        mean: 0.808032631874
        min: -2.42887806892
        var: 1.39310312271
    barkbands_spread:
        dmean: 10.0253753662
        dmean2: 15.5928964615
        dvar: 76.8703079224
        dvar2: 178.05090332
        max: 63.7744674683
        mean: 37.2841873169
        min: 6.55924367905
        var: 194.758270264
    dissonance:
        dmean: 0.0238710064441
        dmean2: 0.0405658558011
        dvar: 0.000463377829874
        dvar2: 0.00114399613813
        max: 0.498945325613
        mean: 0.456705212593
        min: 0.343493878841
        var: 0.000779418682214
    hfc:
        dmean: 4.12879085541
        dmean2: 6.90156412125
        dvar: 57.1132164001
        dvar2: 154.527328491
        max: 51.0160636902
        mean: 4.34192419052
        min: 0.094138354063
        var: 45.8924560547
    pitch:
        dmean: 1197.1385498
        dmean2: 2302.83300781
        dvar: 2589123.75
        dvar2: 5996854
        max: 4900
        mean: 1599.68457031
        min: 64.7577056885
        var: 2993939.25
    pitch_instantaneous_confidence:
        dmean: 0.107832103968
        dmean2: 0.169160202146
        dvar: 0.0101284971461
        dvar2: 0.0192001592368
        max: 0.887273073196
        mean: 0.450115144253
        min: 0.164053916931
        var: 0.0281396731734
    pitch_salience:
        dmean: 0.103183478117
        dmean2: 0.169497951865
        dvar: 0.00845771189779
        dvar2: 0.0236429478973
        max: 0.862466454506
        mean: 0.582468807697
        min: 0.274231225252
        var: 0.0134648242965
    silence_rate_20dB:
        dmean: 0
        dmean2: 0
        dvar: 0
        dvar2: 0
        max: 1
        mean: 1
        min: 1
        var: 0
    silence_rate_30dB:
        dmean: 0
        dmean2: 0
        dvar: 0
        dvar2: 0
        max: 1
        mean: 1
        min: 1
        var: 0
    silence_rate_60dB:
        dmean: 0.171693742275
        dmean2: 0.344186037779
        dvar: 0.14221547544
        dvar2: 0.262930750847
        max: 1
        mean: 0.72685188055
        min: 0
        var: 0.198537990451
    spectral_centroid:
        dmean: 579.277587891
        dmean2: 914.863098145
        dvar: 344431
        dvar2: 824191.25
        max: 3449.203125
        mean: 1384.78369141
        min: 238.184112549
        var: 562033.125
    spectral_complexity:
        dmean: 4.57109546661
        dmean2: 7.44392538071
        dvar: 40.0071983337
        dvar2: 97.0411987305
        max: 36
        mean: 7.42093038559
        min: 1
        var: 46.9602012634
    spectral_crest:
        dmean: 2.93777799606
        dmean2: 4.75424814224
        dvar: 5.5293545723
        dvar2: 13.8469600677
        max: 19.6191253662
        mean: 8.65923500061
        min: 3.34706354141
        var: 12.5455465317
    spectral_decrease:
        dmean: 4.33096308816e-10
        dmean2: 6.89533541376e-10
        dvar: 4.88648002975e-19
        dvar2: 1.20504043868e-18
        max: -4.71351499498e-11
        mean: -6.22703610897e-10
        min: -5.02964825344e-09
        var: 5.47389510393e-19
    spectral_energy:
        dmean: 0.00197199219838
        dmean2: 0.00316072092392
        dvar: 1.0053099686e-05
        dvar2: 2.50538669206e-05
        max: 0.0208918638527
        mean: 0.00274405186065
        min: 0.000188121819519
        var: 1.09364973468e-05
    spectral_energyband_high:
        dmean: 0.00033469684422
        dmean2: 0.000570974661969
        dvar: 4.29526039625e-07
        dvar2: 1.15856323646e-06
        max: 0.0040845614858
        mean: 0.000354760180926
        min: 2.54758651863e-06
        var: 3.67560375025e-07
    spectral_energyband_low:
        dmean: 0.000229078388656
        dmean2: 0.00035964359995
        dvar: 1.10975015843e-07
        dvar2: 2.60275157871e-07
        max: 0.00249829771928
        mean: 0.000311229698127
        min: 6.01763531449e-06
        var: 1.38636906399e-07
    spectral_energyband_middle_high:
        dmean: 0.000812062935438
        dmean2: 0.00139096111525
        dvar: 2.27155715038e-06
        dvar2: 6.13220163359e-06
        max: 0.0110965194181
        mean: 0.000791240425315
        min: 5.04003173774e-06
        var: 1.63719334978e-06
    spectral_energyband_middle_low:
        dmean: 0.000985137769021
        dmean2: 0.00159767293371
        dvar: 3.85656676372e-06
        dvar2: 9.93191861198e-06
        max: 0.0159957055002
        mean: 0.00128680688795
        min: 2.62680205196e-05
        var: 3.93468144466e-06
    spectral_flatness_db:
        dmean: 0.0240333285183
        dmean2: 0.0365852229297
        dvar: 0.000467315025162
        dvar2: 0.000994401867501
        max: 0.288349986076
        mean: 0.156698033214
        min: 0.0831371173263
        var: 0.00113332935143
    spectral_flux:
        dmean: 0.0146566983312
        dmean2: 0.0237458907068
        dvar: 0.000388309155824
        dvar2: 0.000778887711931
        max: 0.126893281937
        mean: 0.0336556248367
        min: 0.00706371059641
        var: 0.000565957510844
    spectral_kurtosis:
        dmean: 1.00771045685
        dmean2: 1.64711999893
        dvar: 2.20135331154
        dvar2: 5.11576938629
        max: 13.3042201996
        mean: 2.18590974808
        min: 0.439142942429
        var: 3.15717601776
    spectral_rms:
        dmean: 0.00050749926595
        dmean2: 0.000768832222093
        dvar: 4.05801841907e-07
        dvar2: 9.59806357059e-07
        max: 0.00451467651874
        mean: 0.00143686973024
        min: 0.000428408093285
        var: 6.12528538113e-07
    spectral_rolloff:
        dmean: 1000.41540527
        dmean2: 1587.16760254
        dvar: 1056749.375
        dvar2: 2110675.25
        max: 5426.3671875
        mean: 2889.85668945
        min: 150.732421875
        var: 2299514.25
    spectral_skewness:
        dmean: 0.21809348464
        dmean2: 0.337987780571
        dvar: 0.0635553076863
        dvar2: 0.137691929936
        max: 2.85638546944
        mean: 1.11130917072
        min: 0.623330056667
        var: 0.118503153324
    spectral_spread:
        dmean: 829503.1875
        dmean2: 1199096.25
        dvar: 770619670528
        dvar2: 1.51977538355e+12
        max: 10642040
        mean: 5721232.5
        min: 2487426.5
        var: 2.12841974989e+12
    spectral_strongpeak:
        dmean: 0.190138027072
        dmean2: 0.341630876064
        dvar: 0.0785402953625
        dvar2: 0.218060344458
        max: 2.13351249695
        mean: 0.233361721039
        min: 0.0124482512474
        var: 0.0651590451598
    zerocrossingrate:
        dmean: 0.0160711687058
        dmean2: 0.0184839554131
        dvar: 0.00015687927953
        dvar2: 0.000227842945606
        max: 0.16064453125
        mean: 0.084716796875
        min: 0.02392578125
        var: 0.000880323175807
    barkbands:
        dmean: [4.17586846879e-07, 0.000147515398567, 0.000112534748041, 0.00024700423819, 0.000556074141059, 0.00012468121713, 0.000122839031974, 4.68647485832e-05, 2.10005764529e-05, 4.04268866987e-05, 2.88180635835e-05, 1.75510667759e-05, 1.40876700243e-05, 2.87509519694e-05, 4.05154787586e-05, 6.56897464069e-05, 0.000110861794383, 0.000181616880582, 0.000225400333875, 0.000224380710279, 0.000193794126972, 6.46162734483e-05, 9.0129842647e-06, 3.48142589246e-06, 1.27286284624e-06, 1.90800236055e-07, 8.19794843121e-10]
        dmean2: [6.43228872832e-07, 0.000230659308727, 0.000194288237253, 0.000430896849139, 0.000899047125131, 0.000195978864213, 0.000215036096051, 7.22552940715e-05, 3.06061228912e-05, 6.11397990724e-05, 4.72795727546e-05, 2.78650513792e-05, 2.36673586187e-05, 4.92098843097e-05, 7.02254401403e-05, 0.00011896911019, 0.000199192101718, 0.000325387576595, 0.00039850117173, 0.000392090209061, 0.000348289642716, 0.000106665960629, 1.46520751514e-05, 5.11506641487e-06, 1.92685570255e-06, 3.22336831005e-07, 1.32232702565e-09]
        dvar: [5.1485118252e-13, 7.11371299644e-08, 2.34507648855e-08, 4.12233532643e-07, 1.23747929592e-06, 4.10442311249e-08, 9.89323467593e-08, 6.83947432023e-09, 3.56269658219e-09, 4.66583394143e-09, 3.67806696211e-09, 1.15582998728e-09, 6.82641054794e-10, 1.63000746234e-09, 4.71360728227e-09, 1.6855974394e-08, 4.13916509956e-08, 1.37803979783e-07, 1.94694010247e-07, 2.31001564543e-07, 1.80395687721e-07, 1.02589483575e-08, 2.34456787318e-10, 2.3637434024e-11, 3.09340140309e-12, 8.68744027996e-14, 8.11954037273e-18]
        dvar2: [9.35108002316e-13, 1.63514087603e-07, 6.72853559536e-08, 1.10050837066e-06, 3.12492920784e-06, 9.87301405075e-08, 2.78988693481e-07, 1.51054528885e-08, 8.05658562086e-09, 1.09584838981e-08, 7.86879805759e-09, 2.90538748615e-09, 1.75804359959e-09, 4.22008916701e-09, 1.25548904606e-08, 4.58650575297e-08, 1.13043881811e-07, 3.69937623645e-07, 5.22209973042e-07, 6.34125683519e-07, 5.01040119616e-07, 2.64794941529e-08, 6.07563332977e-10, 5.42822453653e-11, 6.67528098769e-12, 2.31965352959e-13, 1.00437808532e-17]
        max: [9.57904740062e-06, 0.00171400792897, 0.00139690027572, 0.00511732976884, 0.00861742440611, 0.00145883671939, 0.00211460515857, 0.000776446191594, 0.000961032987107, 0.000630333961453, 0.000823956506792, 0.000323296146234, 0.00023861961381, 0.000269394018687, 0.00050533231115, 0.00080147839617, 0.00135673850309, 0.00311864400283, 0.00288433372043, 0.00365322851576, 0.00280550727621, 0.000550655880943, 0.000114180191304, 2.97460737784e-05, 1.10842102004e-05, 1.68507574472e-06, 5.52904211304e-08]
        mean: [6.42910833903e-07, 0.000168492551893, 0.000142110613524, 0.000202650408028, 0.000706758408342, 0.000169953651493, 0.000102385623904, 6.29577116342e-05, 2.4430855774e-05, 5.97334692429e-05, 3.15918478009e-05, 2.05403648579e-05, 1.23564232126e-05, 2.87183902401e-05, 3.48925314029e-05, 4.78309339087e-05, 9.05292254174e-05, 0.000145592726767, 0.000201483169803, 0.000217294393224, 0.000184685210115, 7.17639704817e-05, 1.07905289042e-05, 4.0914173951e-06, 1.60555487128e-06, 1.70737536109e-07, 6.85853873694e-10]
        min: [9.36835192755e-11, 3.03928231915e-06, 2.74446983894e-06, 5.38562630936e-07, 2.89443255497e-06, 1.80651483106e-07, 1.40731231113e-07, 1.04172315218e-07, 7.87699292459e-08, 4.54572344211e-08, 3.52783615654e-08, 7.21749593424e-09, 2.42073987522e-08, 8.98000536154e-08, 7.50284634421e-09, 1.44443731642e-07, 2.80563114075e-07, 6.64729668642e-07, 8.98109021819e-07, 1.47893319991e-06, 6.47748152005e-07, 3.37997988709e-07, 3.54417615256e-08, 7.44413064524e-09, 2.6715547552e-09, 1.09466880005e-10, 6.86878261517e-14]
        var: [7.00060994417e-13, 7.88133007745e-08, 2.14062403359e-08, 2.89440635015e-07, 1.39516498621e-06, 6.76922127241e-08, 6.68853346042e-08, 1.24437837812e-08, 3.78903219911e-09, 9.78179848232e-09, 4.43210135259e-09, 1.59365787233e-09, 6.06924843716e-10, 1.71257574788e-09, 3.78976894311e-09, 1.12861133772e-08, 2.78455765113e-08, 9.32359327521e-08, 1.40124569725e-07, 1.63651662888e-07, 1.32159797772e-07, 1.12750297987e-08, 2.68742833542e-10, 3.59729364352e-11, 5.6658276161e-12, 8.42629595656e-14, 7.95332339172e-18]
    mfcc:
        mean: [-764.103942871, 95.5050430298, -13.353521347, 76.4480743408, -14.3696269989, 6.84874534607, -0.51309800148, 0.670984327793, -1.19621968269, -4.39069414139, -5.10915136337, -6.13192796707, -6.13602209091]
        cov: [[4519.72314453, -1168.0670166, -216.273605347, -205.587341309, 28.1011772156, -77.3199539185, -175.051300049, -229.956359863, -171.864761353, -185.618911743, -54.6803855896, -37.3652610779, 44.0705718994], [-1168.0670166, 1120.91210938, -169.071472168, -27.5524539948, -57.2286262512, -10.31387043, 7.3552236557, -6.21634674072, -72.9307861328, -23.9567241669, 4.74904870987, 41.4253807068, 21.6189308167], [-216.273605347, -169.071472168, 513.642089844, 43.965057373, -31.6822280884, -8.26371860504, -9.5960817337, -44.1510162354, -8.28301525116, -29.2698726654, -2.20901989937, -6.38075399399, -0.243313193321], [-205.587341309, -27.5524539948, 43.965057373, 129.050689697, 56.2068405151, 2.24439382553, 5.1769990921, 14.6140441895, 3.42020106316, 10.2859230042, 3.96425819397, -5.20263719559, -11.980099678], [28.1011772156, -57.2286262512, -31.6822280884, 56.2068405151, 119.097015381, 41.273525238, 11.5599155426, 16.3004665375, 6.11450576782, 13.4715042114, 13.5063781738, 3.82391047478, -2.81553316116], [-77.3199539185, -10.31387043, -8.26371860504, 2.24439382553, 41.273525238, 75.1582489014, 42.6430778503, 19.9879055023, 16.0487251282, 7.38124752045, 4.09560966492, 4.24369621277, -2.58290791512], [-175.051300049, 7.3552236557, -9.5960817337, 5.1769990921, 11.5599155426, 42.6430778503, 80.1941986084, 61.496635437, 36.8552780151, 26.5814380646, -3.15905499458, -14.4470062256, -6.68282079697], [-229.956359863, -6.21634674072, -44.1510162354, 14.6140441895, 16.3004665375, 19.9879055023, 61.496635437, 113.588310242, 92.76512146, 58.8211402893, 1.28125298023, -27.6950206757, -27.2513179779], [-171.864761353, -72.9307861328, -8.28301525116, 3.42020106316, 6.11450576782, 16.0487251282, 36.8552780151, 92.76512146, 146.834350586, 94.9838867188, 16.9704914093, -33.5136184692, -45.0168304443], [-185.618911743, -23.9567241669, -29.2698726654, 10.2859230042, 13.4715042114, 7.38124752045, 26.5814380646, 58.8211402893, 94.9838867188, 120.194999695, 47.8816795349, -12.2622432709, -34.2891159058], [-54.6803855896, 4.74904870987, -2.20901989937, 3.96425819397, 13.5063781738, 4.09560966492, -3.15905499458, 1.28125298023, 16.9704914093, 47.8816795349, 85.1555404663, 59.8680992126, 21.5891227722], [-37.3652610779, 41.4253807068, -6.38075399399, -5.20263719559, 3.82391047478, 4.24369621277, -14.4470062256, -27.6950206757, -33.5136184692, -12.2622432709, 59.8680992126, 127.411842346, 92.9218673706], [44.0705718994, 21.6189308167, -0.243313193321, -11.980099678, -2.81553316116, -2.58290791512, -6.68282079697, -27.2513179779, -45.0168304443, -34.2891159058, 21.5891227722, 92.9218673706, 135.114883423]]
        icov: [[0.0005463573616, 0.000643940467853, 0.000470568716992, 0.000927226035856, -0.000526509364136, 0.000631879374851, 1.9222514311e-05, 0.000856039987411, -3.36954981321e-05, 0.000892478856258, -0.000614530639723, 0.000701373734046, -0.000192360763322], [0.000643940467853, 0.001819152385, 0.000900601560716, 0.0009006880573, 0.000279188592685, 0.000397572555812, 0.000110325170681, 0.000267873052508, 0.00117838499136, 0.000674864393659, -0.000651275739074, 0.000351179100107, 7.9699260823e-05], [0.000470568716992, 0.000900601560716, 0.00295939552598, -0.000908583868295, 0.00103630300146, 0.000452838401543, -0.00135433126707, 0.00322777195834, -0.00177258381154, 0.00240296474658, -0.00173248420469, 0.00129445828497, -0.000352712464519], [0.000927226035856, 0.0009006880573, -0.000908583868295, 0.0133277727291, -0.00813444610685, 0.00548745552078, -0.00107187125832, -0.000671060872264, 0.00175078795291, 0.000190531791304, 0.000383010716178, -0.000393002730561, 0.00132131867576], [-0.000526509364136, 0.000279188592685, 0.00103630300146, -0.00813444610685, 0.0175996609032, -0.013140254654, 0.00738804461434, -0.00572266988456, 0.00393258454278, -0.00224343710579, -0.00226857210509, 0.00196723197587, -0.0015150946565], [0.000631879374851, 0.000397572555812, 0.000452838401543, 0.00548745552078, -0.013140254654, 0.0321354195476, -0.0225651804358, 0.0125891212374, -0.00827795360237, 0.00613919971511, 0.000249500881182, -0.00489476462826, 0.00410754000768], [1.9222514311e-05, 0.000110325170681, -0.00135433126707, -0.00107187125832, 0.00738804461434, -0.0225651804358, 0.0401354171336, -0.025556974113, 0.0123394085094, -0.00701281893998, 0.000984712154604, 0.00503271445632, -0.00485527142882], [0.000856039987411, 0.000267873052508, 0.00322777195834, -0.000671060872264, -0.00572266988456, 0.0125891212374, -0.025556974113, 0.0392988063395, -0.0218111723661, 0.00567903183401, 0.00057048414601, -0.000243918693741, 0.000658644363284], [-3.36954981321e-05, 0.00117838499136, -0.00177258381154, 0.00175078795291, 0.00393258454278, -0.00827795360237, 0.0123394085094, -0.0218111723661, 0.0293786451221, -0.0167166702449, 0.00354635459371, 0.000128321480588, 0.00100040750112], [0.000892478856258, 0.000674864393659, 0.00240296474658, 0.000190531791304, -0.00224343710579, 0.00613919971511, -0.00701281893998, 0.00567903183401, -0.0167166702449, 0.0308864470571, -0.019303323701, 0.00773601792753, 0.000524114293512], [-0.000614530639723, -0.000651275739074, -0.00173248420469, 0.000383010716178, -0.00226857210509, 0.000249500881182, 0.000984712154604, 0.00057048414601, 0.00354635459371, -0.019303323701, 0.0356752797961, -0.0218623243272, 0.00607450213283], [0.000701373734046, 0.000351179100107, 0.00129445828497, -0.000393002730561, 0.00196723197587, -0.00489476462826, 0.00503271445632, -0.000243918693741, 0.000128321480588, 0.00773601792753, -0.0218623243272, 0.0316487550735, -0.0164367444813], [-0.000192360763322, 7.9699260823e-05, -0.000352712464519, 0.00132131867576, -0.0015150946565, 0.00410754000768, -0.00485527142882, 0.000658644363284, 0.00100040750112, 0.000524114293512, 0.00607450213283, -0.0164367444813, 0.018306940794]]
    spectral_contrast:
        mean: [-4.1749242996e-07, 2.16811898213e-07, -4.17683025944e-07, 2.14853947966e-08, -4.88827367917e-07, -1.3553992062e-07, 3.56789246325e-06, 1.79534731615e-06, -1.29037130137e-06, -2.68345661425e-06, 3.2283537621e-07, -5.35800700163e-06]
        var: [0.000364505161997, 0.000687441090122, 0.00117231602781, 0.00295491307043, 0.00536523107439, 0.00653309375048, 0.062498934567, 0.0952820330858, 0.181941464543, 0.258030325174, 0.627765119076, 3.29216575623]

rhythm:
    beats_loudness:
        dmean: 0.00498631456867
        dmean2: 0.00881184078753
        dvar: 8.8709184638e-06
        dvar2: 1.8922104573e-05
        max: 0.0129280276597
        mean: 0.00566654838622
        min: 0.000972450710833
        var: 1.45228277688e-05
    beats_loudness_bass:
        dmean: 0.256155759096
        dmean2: 0.458045274019
        dvar: 0.0222500823438
        dvar2: 0.0911536514759
        max: 0.630846321583
        mean: 0.260695070028
        min: 0.0364584177732
        var: 0.0366835445166
    bpm: 122.842475891
    bpm_confidence: 0
    first_peak_bpm: 123
    first_peak_spread: 0
    first_peak_weight: 0.947368443012
    onset_rate: 5.68237304688
    second_peak_bpm: 79
    second_peak_spread: 0
    second_peak_weight: 0.0526315793395
    beats_position: [0.309028476477, 0.797436535358, 1.28584468365, 1.77425277233, 2.26266074181, 2.75106883049, 3.23947691917, 3.72788500786, 4.21629333496, 4.70470142365, 5.19310951233, 5.95584249496, 6.44429540634, 6.93274879456, 7.42120170593, 7.90965461731, 8.39810752869, 8.88656139374, 9.37501430511, 9.86346721649]
    bpm_estimates: [122.987983704, 122.817497253, 122.934837341, 122.823394775, 122.857170105, 122.812820435, 122.850227356, 122.76158905, 122.748344421, 122.840568542, 122.894699097, 122.976448059, 122.778121948, 122.986289978, 122.830863953, 122.837280273, 123.017745972, 122.768180847, 122.717277527, 122.734375, 122.714729309, 122.844078064]
    bpm_intervals: [0.488408058882, 0.488408148289, 0.488408088684, 0.488407969475, 0.488408088684, 0.488408088684, 0.488408088684, 0.488408327103, 0.488408088684, 0.488408088684, 0.762732982635, 0.488452911377, 0.488453388214, 0.488452911377, 0.488452911377, 0.488452911377, 0.488453865051, 0.488452911377, 0.488452911377]
    onset_times: [0.0580498874187, 0.18575963378, 0.290249437094, 0.545668959618, 0.684988677502, 0.789478480816, 0.9287981987, 1.03328800201, 1.27709746361, 1.52090704441, 1.77632653713, 2.00852608681, 2.14784574509, 2.2523355484, 2.50775504112, 2.65868473053, 2.75156474113, 2.89088439941, 2.99537420273, 3.23918366432, 3.48299312592, 3.73841261864, 3.98222231865, 4.1099319458, 4.22603178024, 4.48145103455, 4.62077093124, 4.71365070343, 4.87619066238, 4.95746040344, 5.21287965775, 5.45668935776, 5.70049905777, 5.94430828094, 6.07201814651, 6.18811798096, 6.44353723526, 6.57124710083, 6.68734693527, 6.82666683197, 6.93115663528, 7.17496585846, 7.40716552734, 7.66258525848, 7.90639448166, 8.04571437836, 8.15020370483, 8.40562343597, 8.53333377838, 8.64943313599, 8.78875255585, 8.893242836, 9.12544250488, 9.36925125122, 9.63628101349, 9.86848068237, 10.0078001022]
    rubato_start: []
    rubato_stop: []
    perceptual_tempo: "unknown"

sfx:
    inharmonicity:
        dmean: 0.0415886975825
        dmean2: 0.0747897624969
        dvar: 0.00202278397046
        dvar2: 0.0059330300428
        max: 0.343105643988
        mean: 0.0416768416762
        min: 0
        var: 0.00196532486007
    oddtoevenharmonicenergyratio:
        dmean: 2.3531768322
        dmean2: 4.39715433121
        dvar: 76.3745651245
        dvar2: 223.186691284
        max: 108.345321655
        mean: 1.54095840454
        min: 0
        var: 41.8925056458
    pitch_after_max_to_before_max_energy_ratio: 3.73419284821
    pitch_centroid: 196.878829956
    pitch_max_to_total: 0.158139541745
    pitch_min_to_total: 0.204651162028
    tristimulus:
        dmean: [0.252370119095, 0.261871010065, 0.152758181095]
        dmean2: [0.445931255817, 0.461421966553, 0.280733495951]
        dvar: [0.0429808869958, 0.0460259243846, 0.0228225942701]
        dvar2: [0.119436658919, 0.124069929123, 0.0617619305849]
        max: [1, 0.975473821163, 0.791965246201]
        mean: [0.402645200491, 0.396757662296, 0.142643332481]
        min: [0.00885795149952, 0, 0]
        var: [0.0656890720129, 0.0672783255577, 0.0232907552272]

tonal:
    chords_changes_rate: 0.0416666679084
    chords_number_rate: 0.0185185186565
    chords_strength:
        dmean: 0.00807874370366
        dmean2: 0.00964920781553
        dvar: 4.50079169241e-05
        dvar2: 6.30470021861e-05
        max: 0.669661462307
        mean: 0.57515668869
        min: 0.458618164062
        var: 0.00234148977324
    key_strength: 0.706846773624
    tuning_diatonic_strength: 0.604588985443
    tuning_equal_tempered_deviation: 0.388540953398
    tuning_frequency: 451.84777832
    tuning_nontempered_energy_ratio: 0.976503372192
    hpcp:
        dmean: [0.129304558039, 0.204992726445, 0.217967987061, 0.213730439544, 0.20317183435, 0.184290841222, 0.205441340804, 0.233972236514, 0.193018391728, 0.120406888425, 0.0832593590021, 0.0736484825611, 0.0896649733186, 0.114863157272, 0.119158796966, 0.11365852505, 0.187958568335, 0.213165491819, 0.128136813641, 0.0988706201315, 0.0968902260065, 0.0818633213639, 0.0823125466704, 0.0911619439721, 0.115510091186, 0.169685289264, 0.241040125489, 0.299568921328, 0.276848644018, 0.273830533028, 0.204753354192, 0.131794124842, 0.114879980683, 0.111695230007, 0.138991221786, 0.147910177708]
        dmean2: [0.23095087707, 0.353325545788, 0.373187959194, 0.365167021751, 0.357255250216, 0.341203540564, 0.366801977158, 0.393188595772, 0.323007434607, 0.212809488177, 0.146252721548, 0.124793432653, 0.151411980391, 0.191874906421, 0.204962253571, 0.190523669124, 0.318137824535, 0.378687560558, 0.230074897408, 0.176369681954, 0.169707402587, 0.146905764937, 0.149156600237, 0.162455886602, 0.201492413878, 0.296590745449, 0.438421845436, 0.532907366753, 0.483445048332, 0.466669857502, 0.354116499424, 0.236423552036, 0.205956801772, 0.206727713346, 0.256858319044, 0.273199379444]
        dvar: [0.0193679202348, 0.0429392270744, 0.0581363961101, 0.0385032370687, 0.0555565543473, 0.0518592037261, 0.0460425205529, 0.061496309936, 0.0456079654396, 0.0218342449516, 0.0113083375618, 0.0097740041092, 0.00984780211002, 0.0146486302838, 0.0195604283363, 0.0211885292083, 0.0511555597186, 0.0743653252721, 0.0346729494631, 0.02724875696, 0.0242523252964, 0.0227302592248, 0.017755202949, 0.0141806527972, 0.0227071959525, 0.057859569788, 0.073061555624, 0.0705244317651, 0.0575762726367, 0.0646813511848, 0.0419656485319, 0.0313652791083, 0.0278740469366, 0.0237453412265, 0.0384611226618, 0.0436026863754]
        dvar2: [0.0581577904522, 0.0938351377845, 0.122540786862, 0.0996167436242, 0.154655605555, 0.164680480957, 0.142485499382, 0.157120838761, 0.125958248973, 0.0690071508288, 0.0312335267663, 0.0210087504238, 0.0218572542071, 0.0316618345678, 0.0460173599422, 0.0554070957005, 0.133581995964, 0.20335662365, 0.0950293689966, 0.0755325332284, 0.0617823116481, 0.0641872212291, 0.0492128916085, 0.0365442186594, 0.0577332600951, 0.134845763445, 0.201124995947, 0.226644277573, 0.138020992279, 0.184798315167, 0.108559280634, 0.0831709876657, 0.0767973661423, 0.0668850615621, 0.121345371008, 0.135630860925]
        max: [0.808964192867, 1, 1, 1, 1, 1, 1, 1, 1, 1, 0.895144462585, 0.89180213213, 1, 1, 1, 1, 1, 1, 1, 1, 0.963766932487, 1, 1, 1, 0.826257109642, 1, 1, 1, 1, 1, 1, 1, 1, 0.976332724094, 0.952846109867, 1]
        mean: [0.146495893598, 0.260686248541, 0.324450850487, 0.254661887884, 0.19836576283, 0.166160553694, 0.225833788514, 0.334686279297, 0.278142213821, 0.134906873107, 0.0785109400749, 0.0709438920021, 0.0954612120986, 0.163960963488, 0.17215526104, 0.133316114545, 0.205784335732, 0.220619514585, 0.118623703718, 0.0945259705186, 0.100477829576, 0.0751606374979, 0.0778974667192, 0.0919689461589, 0.0993132293224, 0.145905658603, 0.207953676581, 0.333085894585, 0.522677004337, 0.470269560814, 0.223555639386, 0.108679816127, 0.0941673442721, 0.0905561447144, 0.126216322184, 0.145987302065]
        min: [0.00215489463881, 0.0014025804121, 0.00583980418742, 0.00540160574019, 0.00172376155388, 0.00126632803585, 0.00508361682296, 0.00295932264999, 0.00252726930194, 0.00135856680572, 0.00117918022443, 0.00137646100484, 0.0030146506615, 0.002596370643, 0.00199439958669, 0.00364046962932, 0.00211322493851, 0.000809053191915, 0.00100917590316, 0.000173014355823, 0.000519320485182, 0.000203082643566, 0.000370691617718, 0.000445684127044, 0.00107192958239, 0.000727387494408, 0.000660471967421, 0.0068747671321, 0.0161493029445, 0.0166334044188, 0.00500822393224, 0.00123077025637, 0.00100516050588, 0.00138303311542, 0.00145805580541, 0.00178807019256]
        var: [0.0211647711694, 0.0748247280717, 0.105778679252, 0.0551251620054, 0.053110525012, 0.041255902499, 0.0571178644896, 0.113136783242, 0.081017114222, 0.0216064825654, 0.0103964889422, 0.0106983855367, 0.0123355649412, 0.0288735739887, 0.0379806794226, 0.0234260763973, 0.0663914605975, 0.0870287418365, 0.0290748309344, 0.0212321430445, 0.0245750322938, 0.017389241606, 0.0171094220132, 0.020714359358, 0.0210710857064, 0.0584329776466, 0.0781584605575, 0.0820630714297, 0.106549963355, 0.110731884837, 0.0526784323156, 0.0271204579622, 0.0228944998235, 0.0181257184595, 0.032380990684, 0.0427447594702]
    chords_histogram: [47.6851844788, 30.5555553436, 18.9814815521, 0, 0, 0, 0, 2.77777767181, 0, 0, 0, 0, 0, 0, 0, 0, 0, 0, 0, 0, 0, 0, 0, 0]
    thpcp: [1, 0.899732649326, 0.427712798119, 0.207929208875, 0.180163547397, 0.1732545048, 0.241480529308, 0.279306918383, 0.280279964209, 0.498752087355, 0.620748281479, 0.487226128578, 0.379518836737, 0.31790292263, 0.43207141757, 0.640330970287, 0.53214931488, 0.258107542992, 0.150209292769, 0.135731801391, 0.182639017701, 0.313694626093, 0.329372167587, 0.255064040422, 0.393712252378, 0.422095328569, 0.226954132318, 0.180849686265, 0.192236945033, 0.143799394369, 0.149035573006, 0.175957515836, 0.190008804202, 0.279150724411, 0.397862672806, 0.637269079685]
    chords_key: "B"
    chords_scale: "minor"
    key_key: "B"
    key_scale: "minor"
    chords_progression: ["D", "D", "D", "D", "D", "D", "D", "D", "D", "D", "D", "D", "D", "D", "D", "D", "D", "D", "D", "D", "D", "D", "D", "D", "D", "D", "D", "D", "D", "D", "D", "D", "D", "D", "D", "D", "D", "D", "D", "D", "D", "D", "D", "D", "D", "D", "D", "D", "D", "Bm", "Bm", "D", "D", "Bm", "Bm", "Bm", "Bm", "Bm", "Bm", "Bm", "Bm", "Bm", "Bm", "Bm", "Bm", "Bm", "Bm", "Bm", "D", "D", "D", "D", "D", "Bm", "Bm", "Bm", "Bm", "Bm", "Bm", "Bm", "Bm", "Bm", "Bm", "Bm", "Bm", "Bm", "Bm", "Bm", "Bm", "Bm", "Bm", "Bm", "Bm", "Bm", "Bm", "Bm", "Bm", "Bm", "Bm", "Bm", "Bm", "Bm", "Bm", "Bm", "Bm", "Bm", "D", "D", "D", "D", "D", "D", "D", "D", "D", "D", "F#m", "F#m", "F#m", "F#m", "F#m", "F#m", "F#m", "F#m", "F#m", "F#m", "F#m", "F#m", "F#m", "F#m", "F#m", "F#m", "F#m", "F#m", "F#m", "F#m", "F#m", "F#m", "F#m", "F#m", "F#m", "F#m", "F#m", "F#m", "F#m", "F#m", "F#m", "F#m", "F#m", "F#m", "F#m", "F#m", "F#m", "F#m", "F#m", "F#m", "F#m", "Bm", "Bm", "Bm", "Bm", "Bm", "Bm", "Bm", "Bm", "Bm", "Bm", "Bm", "Bm", "Bm", "Bm", "Bm", "Bm", "Bm", "Bm", "Bm", "Bm", "Bm", "Bm", "Bm", "Bm", "Bm", "Bm", "Bm", "Bm", "Bm", "Bm", "Bm", "Bm", "Bm", "Bm", "Bm", "Bm", "Bm", "Bm", "Bm", "Bm", "Bm", "Bm", "Bm", "Bm", "Bm", "Bm", "Bm", "Bm", "Bm", "Bm", "Bm", "Bm", "Bm", "B", "B", "B", "B", "B", "B"]
