
metadata:
    version:
        essentia: "1.2.2"
    audio_properties:
        analysis_sample_rate: 44100
        bitrate: 128
        channels: 2
        equal_loudness: 1
        length: 3.78775501251
        replay_gain: 13.4016666412
        downmix: "mix"
    tags:
        track: 16
        year: 0
        album: "Splitted by Mp3Splt v. 2.1"
        artist: "From 002.30 To 002.40"
        comment: "http://mp3splt.sf.net"
        genre: ""
        title: "01 Move.mp3"

highlevel:
    ballroom:
        all:
            ChaChaCha: 0.271775871515
            Jive: 0.65702098608
            Quickstep: 0.000408535823226
            Rumba-American: 0.000111405024654
            Rumba-International: 0.000137278650072
            Rumba-Misc: 0.000235462721321
            Samba: 0.0701882168651
            Tango: 1.08231861304e-05
            VienneseWaltz: 1.44855694089e-05
            Waltz: 9.69093380263e-05
        probability: 0.65702098608
        value: "Jive"
    culture:
        all:
            non_western: 0.831732213497
            western: 0.168267801404
        probability: 0.831732213497
        value: "non_western"
    gender:
        all:
            female: 0.708688795567
            male: 0.291311204433
        probability: 0.708688795567
        value: "female"
    genre_dortmund:
        all:
            alternative: 0.0394825786352
            blues: 0.00528344372287
            electronic: 0.511563420296
            folkcountry: 0.00974478386343
            funksoulrnb: 0.00294866412878
            jazz: 0.273545026779
            pop: 0.00503737526014
            raphiphop: 0.00074610899901
            rock: 0.151648595929
        probability: 0.511563420296
        value: "electronic"
    genre_electronica:
        all:
            ambient: 0.921155631542
            dnb: 0.0233204420656
            house: 0.0161746330559
            techno: 0.0231933500618
            trance: 0.0161559283733
        probability: 0.921155631542
        value: "ambient"
    genre_rosamerica:
        all:
            cla: 0.0668604820967
            dan: 0.44838654995
            hip: 0.139938667417
            jaz: 0.0368186123669
            pop: 0.0297242589295
            rhy: 0.0547889471054
            roc: 0.201796770096
            spe: 0.0216857269406
        probability: 0.44838654995
        value: "dan"
    genre_tzanetakis:
        all:
            blu: 0.0969902276993
            cla: 0.128593012691
            cou: 0.0221522860229
            dis: 0.0655916556716
            hip: 0.137027606368
            jaz: 0.136111155152
            met: 0.102994084358
            pop: 0.107723027468
            reg: 0.108193174005
            roc: 0.0946237742901
        probability: 0.137027606368
        value: "hip"
    live_studio:
        all:
            live: 0.187762916088
            studio: 0.812237083912
        probability: 0.812237083912
        value: "studio"
    mood:
        all:
            Cluster1: 0.598594486713
            Cluster2: 0.16178624332
            Cluster3: 0.0202735569328
            Cluster4: 0.102086447179
            Cluster5: 0.117259271443
        probability: 0.598594486713
        value: "Cluster1"
    mood_acoustic:
        all:
            acoustic: 0.0851593315601
            not_acoustic: 0.914840698242
        probability: 0.914840698242
        value: "not_acoustic"
    mood_aggressive:
        all:
            aggressive: 0.59658485651
            not_aggressive: 0.40341514349
        probability: 0.59658485651
        value: "aggressive"
    mood_electronic:
        all:
            electronic: 0.93477678299
            not_electronic: 0.0652232244611
        probability: 0.93477678299
        value: "electronic"
    mood_happy:
        all:
            happy: 0.108149632812
            not_happy: 0.891850352287
        probability: 0.891850352287
        value: "not_happy"
    mood_party:
        all:
            not_party: 0.317344665527
            party: 0.682655334473
        probability: 0.682655334473
        value: "party"
    mood_relaxed:
        all:
            not_relaxed: 0.354539394379
            relaxed: 0.645460605621
        probability: 0.645460605621
        value: "relaxed"
    mood_sad:
        all:
            not_sad: 0.996277749538
            sad: 0.00372227840126
        probability: 0.996277749538
        value: "not_sad"
    rhythm:
        all:
            fast: 0.0582632608712
            medium: 0.861142873764
            slow: 0.0805938765407
        probability: 0.861142873764
        value: "medium"
    speech_music:
        all:
            music: 0.999998271465
            speech: 1.74197543856e-06
        probability: 0.999998271465
        value: "music"
    timbre:
        all:
            bright: 0.271157354116
            dark: 0.728842616081
        probability: 0.728842616081
        value: "dark"
    voice_instrumental:
        all:
            instrumental: 0.980642914772
            voice: 0.0193570610136
        probability: 0.980642914772
        value: "instrumental"

lowlevel:
    average_loudness: 0.199127554893
    barkbands_kurtosis:
        dmean: 1.03561520576
        dmean2: 1.88813757896
        dvar: 1.23255038261
        dvar2: 3.52923226357
        max: 3.99655818939
        mean: -0.22011692822
        min: -1.85003221035
        var: 2.46532130241
    barkbands_skewness:
        dmean: 0.451581835747
        dmean2: 0.757766366005
        dvar: 0.196260347962
        dvar2: 0.429442852736
        max: 2.30001926422
        mean: -0.699006915092
        min: -2.22182011604
        var: 0.900189936161
    barkbands_spread:
        dmean: 6.96906661987
        dmean2: 11.8868103027
        dvar: 40.1882781982
        dvar2: 99.533203125
        max: 66.1580429077
        mean: 40.2014808655
        min: 16.941078186
        var: 159.897232056
    dissonance:
        dmean: 0.0136481178924
        dmean2: 0.0189657714218
        dvar: 0.00244200136513
        dvar2: 0.00249457126483
        max: 0.498772859573
        mean: 0.481244713068
        min: 0.103638857603
        var: 0.00274603976868
    hfc:
        dmean: 2.11770701408
        dmean2: 3.13613772392
        dvar: 25.6045742035
        dvar2: 57.5156326294
        max: 41.5047302246
        mean: 6.39210176468
        min: 1.664004958e-05
        var: 51.8503341675
    pitch:
        dmean: 234.662918091
        dmean2: 472.914825439
        dvar: 471086
        dvar2: 1408738.75
        max: 4410
        mean: 3874.61157227
        min: 237.09677124
        var: 281130.0625
    pitch_instantaneous_confidence:
        dmean: 0.0653356164694
        dmean2: 0.103121832013
        dvar: 0.00209922413342
        dvar2: 0.00570393260568
        max: 0.67930829525
        mean: 0.484592109919
        min: 0.289188325405
        var: 0.00751055823639
    pitch_salience:
        dmean: 0.0560102201998
        dmean2: 0.0837655514479
        dvar: 0.00318715558387
        dvar2: 0.00679867248982
        max: 0.934565424919
        mean: 0.705673635006
        min: 0.460567265749
        var: 0.00423532305285
    silence_rate_20dB:
        dmean: 0
        dmean2: 0
        dvar: 0
        dvar2: 0
        max: 1
        mean: 1
        min: 1
        var: 0
    silence_rate_30dB:
        dmean: 0
        dmean2: 0
        dvar: 0
        dvar2: 0
        max: 1
        mean: 1
        min: 1
        var: 0
    silence_rate_60dB:
        dmean: 0.0550458729267
        dmean2: 0.111111111939
        dvar: 0.0520156547427
        dvar2: 0.117283642292
        max: 1
        mean: 0.836363613605
        min: 0
        var: 0.136859819293
    spectral_centroid:
        dmean: 318.334716797
        dmean2: 471.4559021
        dvar: 102634.164062
        dvar2: 185965.265625
        max: 3411.34301758
        mean: 2614.07788086
        min: 668.928161621
        var: 458146.71875
    spectral_complexity:
        dmean: 2.71698117256
        dmean2: 3.90384626389
        dvar: 18.2028961182
        dvar2: 30.3561382294
        max: 40
        mean: 8.48148155212
        min: 0
        var: 89.212638855
    spectral_crest:
        dmean: 2.13757300377
        dmean2: 3.6886548996
        dvar: 6.67092323303
        dvar2: 18.5913619995
        max: 21.2027206421
        mean: 7.63713502884
        min: 3.95668768883
        var: 9.04178714752
    spectral_decrease:
        dmean: 6.49657494467e-10
        dmean2: 1.19967202838e-09
        dvar: 5.47523875543e-18
        dvar2: 1.50281363052e-17
        max: -1.01225477043e-15
        mean: -9.36933419737e-10
        min: -1.54420991549e-08
        var: 5.40333690787e-18
    spectral_energy:
        dmean: 0.00263643986546
        dmean2: 0.00478529138491
        dvar: 8.58245621203e-05
        dvar2: 0.000233666345594
        max: 0.0620466209948
        mean: 0.00411598291248
        min: 5.32977928458e-09
        var: 8.75654004631e-05
    spectral_energyband_high:
        dmean: 0.000226150630624
        dmean2: 0.00036086619366
        dvar: 1.61497837325e-07
        dvar2: 3.97307189814e-07
        max: 0.00310689560138
        mean: 0.000549662450794
        min: 1.20063059494e-09
        var: 2.94946460144e-07
    spectral_energyband_low:
        dmean: 6.26658802503e-05
        dmean2: 0.000103227714135
        dvar: 1.77198842266e-08
        dvar2: 4.63404923323e-08
        max: 0.000975232571363
        mean: 9.84028592939e-05
        min: 5.88389059697e-10
        var: 2.95547142315e-08
    spectral_energyband_middle_high:
        dmean: 0.000285661051748
        dmean2: 0.000361286685802
        dvar: 2.69504340622e-07
        dvar2: 4.46874736326e-07
        max: 0.00476459832862
        mean: 0.00102210498881
        min: 2.33825359075e-09
        var: 1.07122411919e-06
    spectral_energyband_middle_low:
        dmean: 0.00223452178761
        dmean2: 0.00433812011033
        dvar: 7.05781203578e-05
        dvar2: 0.000197297966224
        max: 0.0531999543309
        mean: 0.0024458153639
        min: 1.06689601598e-09
        var: 6.40597572783e-05
    spectral_flatness_db:
        dmean: 0.0144898071885
        dmean2: 0.0211904086173
        dvar: 0.000345067674061
        dvar2: 0.000516409403645
        max: 0.231620982289
        mean: 0.12657430768
        min: 0.0644007250667
        var: 0.000934569223318
    spectral_flux:
        dmean: 0.0103890420869
        dmean2: 0.0131322238594
        dvar: 0.000622945663054
        dvar2: 0.00109282147605
        max: 0.21385191381
        mean: 0.0310706533492
        min: 7.30053361622e-05
        var: 0.00129551358987
    spectral_kurtosis:
        dmean: 0.35682412982
        dmean2: 0.588083148003
        dvar: 0.147513493896
        dvar2: 0.372494220734
        max: 3.25761032104
        mean: 2.10397005081
        min: 0.136808633804
        var: 0.426076710224
    spectral_rms:
        dmean: 0.000367604341591
        dmean2: 0.000539712840691
        dvar: 8.07295350569e-07
        dvar2: 1.67662540207e-06
        max: 0.00778031442314
        mean: 0.00148331059609
        min: 2.28030353355e-06
        var: 1.81538325705e-06
    spectral_rolloff:
        dmean: 396.129669189
        dmean2: 686.163818359
        dvar: 484979.0625
        dvar2: 1469148.875
        max: 4974.16992188
        mean: 4197.37890625
        min: 516.796875
        var: 594107.375
    spectral_skewness:
        dmean: 0.0802016630769
        dmean2: 0.132604464889
        dvar: 0.00441693235189
        dvar2: 0.0122352158651
        max: 1.20033144951
        mean: 0.965043783188
        min: 0.756112515926
        var: 0.0108087612316
    spectral_spread:
        dmean: 799805.75
        dmean2: 932604.25
        dvar: 1.49728180306e+13
        dvar2: 1.552449903e+13
        max: 32948434
        mean: 6152954
        min: 3787132.75
        var: 1.47837629235e+13
    spectral_strongpeak:
        dmean: 0.565753817558
        dmean2: 1.06167185307
        dvar: 0.378519684076
        dvar2: 0.737863779068
        max: 3.60072422028
        mean: 0.94341468811
        min: 0
        var: 1.00007629395
    zerocrossingrate:
        dmean: 0.00918521545827
        dmean2: 0.0114464396611
        dvar: 9.34875715757e-05
        dvar2: 0.000106641091406
        max: 0.1689453125
        mean: 0.139078781009
        min: 0.01318359375
        var: 0.00108610000461
    barkbands:
        dmean: [1.37747107942e-07, 2.27028012887e-05, 4.62119969598e-05, 0.000193866377231, 0.00205372227356, 0.000198046749574, 6.5066946263e-05, 3.30271759594e-05, 4.94768100907e-05, 1.93226860574e-05, 7.62266972743e-06, 8.36886556499e-06, 1.59821374837e-05, 9.14891279535e-06, 1.26975028252e-05, 3.22093655996e-05, 2.6402532967e-05, 5.61183260288e-05, 0.000151062267832, 0.00024450183264, 8.51265649544e-05, 2.43545546255e-05, 1.54922759066e-06, 7.26395626316e-07, 1.87121500517e-07, 1.36002551443e-08, 2.85046680704e-10]
        dmean2: [2.57415990745e-07, 4.10323482356e-05, 6.94873087923e-05, 0.000284876790829, 0.00410285918042, 0.00032422633376, 0.000106859319203, 5.79996267334e-05, 9.37564327614e-05, 2.70534474112e-05, 1.31432962007e-05, 1.31216011141e-05, 2.55226204899e-05, 1.60506970133e-05, 2.16842563532e-05, 5.26308103872e-05, 4.57353635284e-05, 8.84283363121e-05, 0.00017418146308, 0.000397801573854, 0.000125601436594, 3.75186864403e-05, 2.24737027565e-06, 1.16488638469e-06, 2.7703092087e-07, 1.96062579505e-08, 5.03281971653e-10]
        dvar: [3.52699504802e-14, 1.74302217104e-09, 9.50838874303e-09, 2.02121555049e-07, 6.71213419992e-05, 3.55966733423e-07, 1.53171555439e-08, 4.24947055322e-09, 3.10963628181e-08, 3.4683564909e-09, 1.31911787049e-10, 4.50776832528e-10, 4.01951277818e-10, 3.55890206194e-10, 4.62991894823e-10, 2.61393284795e-09, 2.4013369071e-09, 6.36303143509e-09, 4.29520881084e-08, 1.28334107785e-07, 2.81574195071e-08, 1.30386601516e-09, 4.1848412756e-12, 6.63523001734e-13, 2.92995066143e-14, 1.34879342764e-16, 5.25334361409e-20]
        dvar2: [1.02912205938e-13, 5.80708059417e-09, 2.22107239267e-08, 5.92420178691e-07, 0.000198017864022, 9.51451568199e-07, 3.77725051237e-08, 1.13807283597e-08, 9.05989026023e-08, 7.98323807061e-09, 3.50596135457e-10, 1.0462547495e-09, 1.09650422075e-09, 8.79308181823e-10, 8.96561935804e-10, 6.1614691127e-09, 5.5976276947e-09, 1.00169472717e-08, 7.44688151144e-08, 3.21854969343e-07, 6.12124253507e-08, 2.62131161222e-09, 5.67747975369e-12, 1.6436371578e-12, 4.5119537582e-14, 4.32408254931e-16, 1.98631823995e-19]
        max: [1.03485172076e-06, 0.000229756376939, 0.000745362136513, 0.00298541784286, 0.0487243905663, 0.00406375480816, 0.000847628631163, 0.000396110699512, 0.00102696323302, 0.000413560657762, 6.50662113912e-05, 0.000152912543854, 0.000123074511066, 0.000129392064991, 0.000155821355293, 0.000352589500835, 0.000314034667099, 0.000531532976311, 0.00158351263963, 0.00260525126942, 0.001354935579, 0.000285409158096, 1.60066992976e-05, 7.14524594514e-06, 1.56026032982e-06, 1.15615890195e-07, 1.31492561284e-09]
        mean: [1.73833896611e-07, 2.57268657151e-05, 7.25045028958e-05, 0.000272627105005, 0.00176212715451, 0.000202362978598, 0.000113389141916, 5.006401625e-05, 4.27518752986e-05, 2.10705238715e-05, 1.09416068881e-05, 1.36570643008e-05, 2.53290763794e-05, 1.45542135215e-05, 2.5985928005e-05, 5.63918583794e-05, 5.7597320847e-05, 0.000137615890708, 0.000429304433055, 0.000493373605423, 0.000224878764129, 5.48733078176e-05, 5.27495831193e-06, 2.45605292548e-06, 8.8937269993e-07, 6.56565291024e-08, 5.7013493926e-10]
        min: [2.16360415695e-10, 3.04768432713e-10, 1.75803066549e-10, 1.50126688858e-10, 3.01021624294e-10, 2.55011456396e-10, 1.93375843116e-10, 1.08397554821e-10, 5.42879977083e-11, 1.77888849484e-11, 3.74323749081e-12, 1.59663103051e-12, 2.50599562802e-12, 1.13597855081e-11, 7.07896111521e-12, 4.51399022328e-11, 2.76870304461e-10, 7.1506034427e-10, 1.05286523944e-09, 5.34840061128e-10, 1.70856329085e-10, 2.95824725827e-10, 9.66142860159e-11, 9.0542233433e-11, 8.33185395677e-11, 7.15276726737e-11, 6.43939328943e-13]
        var: [6.72854784042e-14, 2.04984518248e-09, 1.72956760025e-08, 3.60379061703e-07, 4.89198610012e-05, 3.34218697162e-07, 3.84396656727e-08, 6.45921716114e-09, 1.93491498379e-08, 3.59065044364e-09, 1.57846152815e-10, 5.34954747167e-10, 8.95726937067e-10, 4.91949203596e-10, 8.93832674542e-10, 4.47000925163e-09, 4.63992400057e-09, 1.70338054772e-08, 2.12409645428e-07, 2.43329679961e-07, 6.10817636471e-08, 3.37014682827e-09, 1.0694679517e-11, 1.90006929461e-12, 9.02403965355e-14, 5.29791368179e-16, 7.32306615208e-20]
    mfcc:
        mean: [-765.647705078, 66.4138793945, -27.1959056854, 73.3740768433, -20.1439647675, -3.42620801926, -0.954941213131, -12.476568222, -5.57758140564, -4.95241594315, -5.7327337265, -5.59067440033, -4.29342794418]
        cov: [[13829.4189453, 1390.74633789, -1172.09228516, 384.275817871, -648.8515625, 240.159500122, -101.929878235, -642.879577637, -416.035461426, -192.847839355, -337.539367676, -107.935012817, -67.219581604], [1390.74633789, 407.19229126, -24.1515884399, 161.441955566, -78.0324478149, 27.1972408295, -26.7513160706, -78.5343017578, -79.1257629395, -32.5986061096, -44.3253936768, -50.0733947754, -51.023815155], [-1172.09228516, -24.1515884399, 253.457504272, -8.99795150757, 68.8376312256, 6.41139698029, 19.5585708618, 85.750213623, 40.3430328369, -8.02994537354, 4.51096343994, -29.4665317535, -29.8830356598], [384.275817871, 161.441955566, -8.99795150757, 102.139160156, -26.1140651703, 1.69158887863, -9.95684432983, -32.3762702942, -37.8356399536, -5.58012628555, -11.0692396164, -16.7518825531, -19.657283783], [-648.8515625, -78.0324478149, 68.8376312256, -26.1140651703, 59.3868103027, 9.75203418732, 10.7303266525, 35.3203163147, 29.6434898376, 8.77507781982, 14.6143188477, 3.36551427841, -2.54912519455], [240.159500122, 27.1972408295, 6.41139698029, 1.69158887863, 9.75203418732, 55.5782203674, 24.0582237244, -4.54787397385, 7.14738941193, -5.68841552734, -12.7323160172, 0.149471789598, 2.20131516457], [-101.929878235, -26.7513160706, 19.5585708618, -9.95684432983, 10.7303266525, 24.0582237244, 43.1914291382, 19.0093517303, 9.96416664124, 4.68735408783, 2.7468495369, 10.1172323227, 7.41407442093], [-642.879577637, -78.5343017578, 85.750213623, -32.3762702942, 35.3203163147, -4.54787397385, 19.0093517303, 67.185508728, 40.2585716248, 10.3522901535, 9.8228559494, -2.09689378738, -9.11641025543], [-416.035461426, -79.1257629395, 40.3430328369, -37.8356399536, 29.6434898376, 7.14738941193, 9.96416664124, 40.2585716248, 47.0988235474, 14.6969156265, 9.03035736084, 6.22410488129, 0.0823580920696], [-192.847839355, -32.5986061096, -8.02994537354, -5.58012628555, 8.77507781982, -5.68841552734, 4.68735408783, 10.3522901535, 14.6969156265, 27.4309101105, 18.2637119293, 11.5208520889, 7.44793796539], [-337.539367676, -44.3253936768, 4.51096343994, -11.0692396164, 14.6143188477, -12.7323160172, 2.7468495369, 9.8228559494, 9.03035736084, 18.2637119293, 36.568977356, 25.1985778809, 6.74846124649], [-107.935012817, -50.0733947754, -29.4665317535, -16.7518825531, 3.36551427841, 0.149471789598, 10.1172323227, -2.09689378738, 6.22410488129, 11.5208520889, 25.1985778809, 45.2651100159, 25.3843688965], [-67.219581604, -51.023815155, -29.8830356598, -19.657283783, -2.54912519455, 2.20131516457, 7.41407442093, -9.11641025543, 0.0823580920696, 7.44793796539, 6.74846124649, 25.3843688965, 41.9534492493]]
        icov: [[0.000490595994052, -0.000901323335711, 0.00139801495243, 0.00121069303714, 0.00240826839581, -0.00207126932219, 0.000179172624485, 0.000538683903869, 0.000691013410687, -0.000214291678276, 0.00192609685473, -0.000771135208197, 0.00178677192889], [-0.000901323335711, 0.0167434643954, -0.00719964038581, -0.0161122772843, 0.0107997236773, -0.00987266376615, 0.00729589769617, 0.00226133223623, 0.00595985306427, -0.00301541923545, -0.00294210319407, 0.00112354650628, 0.00693496549502], [0.00139801495243, -0.00719964038581, 0.0178104564548, 0.00229416671209, -0.00512645067647, -0.00373215507716, -0.00138189434074, -0.0147394612432, -0.00126406422351, 0.0147796543315, -0.0050086453557, 0.00864504370838, -0.00287584261969], [0.00121069303714, -0.0161122772843, 0.00229416671209, 0.0368281193078, -0.00350315938704, 0.00290364329703, -0.00376785174012, 0.00334298447706, 0.014725914225, -0.0168025493622, 0.0132123567164, -0.00817674025893, 0.00803721882403], [0.00240826839581, 0.0107997236773, -0.00512645067647, -0.00350315938704, 0.0651572346687, -0.0355980210006, 0.0139604136348, 0.00162913079839, 0.0042834514752, -0.00684157619253, -0.00571571197361, -0.000329849281115, 0.0177392382175], [-0.00207126932219, -0.00987266376615, -0.00373215507716, 0.00290364329703, -0.0355980210006, 0.0657611638308, -0.0387942045927, 0.0254222117364, -0.0358737893403, 0.012175087817, 0.00942223984748, -0.00120778125711, -0.0127330478281], [0.000179172624485, 0.00729589769617, -0.00138189434074, -0.00376785174012, 0.0139604136348, -0.0387942045927, 0.0571432746947, -0.0323681943119, 0.0302944239229, -0.0145878316835, 0.00225290725939, -0.0113588673994, 0.00120311172213], [0.000538683903869, 0.00226133223623, -0.0147394612432, 0.00334298447706, 0.00162913079839, 0.0254222117364, -0.0323681943119, 0.0803260207176, -0.043008942157, -0.00549518596381, 0.0116866528988, -0.0028388320934, 0.017518626526], [0.000691013410687, 0.00595985306427, -0.00126406422351, 0.014725914225, 0.0042834514752, -0.0358737893403, 0.0302944239229, -0.043008942157, 0.0962095558643, -0.0471334420145, 0.0245036557317, -0.0217260494828, 0.019180810079], [-0.000214291678276, -0.00301541923545, 0.0147796543315, -0.0168025493622, -0.00684157619253, 0.012175087817, -0.0145878316835, -0.00549518596381, -0.0471334420145, 0.0999326333404, -0.0587559491396, 0.0332355648279, -0.0293334294111], [0.00192609685473, -0.00294210319407, -0.0050086453557, 0.0132123567164, -0.00571571197361, 0.00942223984748, 0.00225290725939, 0.0116866528988, 0.0245036557317, -0.0587559491396, 0.111707933247, -0.067917175591, 0.0369384586811], [-0.000771135208197, 0.00112354650628, 0.00864504370838, -0.00817674025893, -0.000329849281115, -0.00120778125711, -0.0113588673994, -0.0028388320934, -0.0217260494828, 0.0332355648279, -0.067917175591, 0.0815013125539, -0.0403546504676], [0.00178677192889, 0.00693496549502, -0.00287584261969, 0.00803721882403, 0.0177392382175, -0.0127330478281, 0.00120311172213, 0.017518626526, 0.019180810079, -0.0293334294111, 0.0369384586811, -0.0403546504676, 0.0658357068896]]
    spectral_contrast:
        mean: [1.45010375263e-07, 1.54875493763e-07, -2.56976040447e-09, 1.69017795315e-08, 1.0899923808e-07, 1.506672902e-07, -4.68696697453e-07, 7.09736809767e-07, -1.42499254707e-06, -4.66627113838e-07, 2.7594742491e-08, 1.1479413331e-07]
        var: [7.39827664802e-05, 0.000191672050278, 0.000463382370071, 0.000527107564267, 0.00124614511151, 0.00355329108424, 0.0209695119411, 0.0390956327319, 0.0555003620684, 0.106009192765, 0.267564326525, 6.15308952332]

rhythm:
    beats_loudness:
        dmean: 0.0117945484817
        dmean2: 0.0201461054385
        dvar: 0.000101466401247
        dvar2: 0
        max: 0.0239036753774
        mean: 0.00875144265592
        min: 0.000314579287078
        var: 0.000115288996312
    beats_loudness_bass:
        dmean: 0.0605603531003
        dmean2: 0.121120706201
        dvar: 0.00125060172286
        dvar2: 0
        max: 0.104840502143
        mean: 0.0492898710072
        min: 0.00891630351543
        var: 0.00164874701295
    bpm: 116.768928528
    bpm_confidence: 0
    first_peak_bpm: 117
    first_peak_spread: 0
    first_peak_weight: 1
    onset_rate: 0.528017282486
    second_peak_bpm: 0
    second_peak_spread: 0
    second_peak_weight: 0
    beats_position: [0.0521707311273, 0.566035628319, 1.07990062237]
    bpm_estimates: [116.105773926, 118.301750183, 116.301628113, 116.36655426]
    bpm_intervals: [0.51386487484, 0.513864994049]
    onset_times: [0.0464399084449, 0.568888902664]
    rubato_start: []
    rubato_stop: []
    perceptual_tempo: "unknown"

sfx:
    inharmonicity:
        dmean: 0.0989319682121
        dmean2: 0.181274667382
        dvar: 0.0057434332557
        dvar2: 0.0154821490869
        max: 0.313164234161
        mean: 0.102943263948
        min: 0.0082699470222
        var: 0.0064555676654
    oddtoevenharmonicenergyratio:
        dmean: 3.73135828972
        dmean2: 6.10413694382
        dvar: 61.0899391174
        dvar2: 95.0004882812
        max: 50.1955490112
        mean: 3.15377688408
        min: 0.0152677912265
        var: 58.5860862732
    pitch_after_max_to_before_max_energy_ratio: 0.342586994171
    pitch_centroid: 27.2447834015
    pitch_max_to_total: 0.759259283543
    pitch_min_to_total: 0.037037037313
    tristimulus:
        dmean: [0.137799561024, 0.314098358154, 0.303940743208]
        dmean2: [0.246560975909, 0.568111181259, 0.549288570881]
        dvar: [0.0206065326929, 0.0544911883771, 0.0483348965645]
        dvar2: [0.0615129284561, 0.143635600805, 0.141257375479]
        max: [0.724932551384, 0.92529374361, 0.849934279919]
        mean: [0.18074990809, 0.435706347227, 0.315820008516]
        min: [0.00898667611182, 0, 0]
        var: [0.0250742118806, 0.078083910048, 0.0595931001008]

tonal:
    chords_changes_rate: 0.0357142873108
    chords_number_rate: 0.0714285746217
    chords_strength:
        dmean: 0.00318175065331
        dmean2: 0.00357535644434
        dvar: 2.95480840578e-05
        dvar2: 4.75194574392e-05
        max: 0.30114620924
        mean: 0.270622104406
        min: 0.23441773653
        var: 0.000145649522892
    key_strength: 0.407969474792
    tuning_diatonic_strength: 0.388362795115
    tuning_equal_tempered_deviation: 0.288779497147
    tuning_frequency: 443.316436768
    tuning_nontempered_energy_ratio: 0.952893912792
    hpcp:
        dmean: [0.17937938869, 0.21351531148, 0.207792982459, 0.202203243971, 0.243438541889, 0.260345876217, 0.17496317625, 0.215619489551, 0.129551768303, 0.108652368188, 0.120848163962, 0.12731975317, 0.208758533001, 0.173719599843, 0.0794889032841, 0.0794660151005, 0.0923307910562, 0.0646824240685, 0.06818780303, 0.0747189968824, 0.0780437588692, 0.0556266270578, 0.0918062329292, 0.204975530505, 0.165844231844, 0.182826027274, 0.204851657152, 0.246289387345, 0.200668022037, 0.225333824754, 0.133396312594, 0.137053325772, 0.166178539395, 0.152422487736, 0.148458197713, 0.123227365315]
        dmean2: [0.27112442255, 0.369630604982, 0.34181162715, 0.363462716341, 0.350529193878, 0.400848329067, 0.306411743164, 0.361065685749, 0.21006372571, 0.151895746589, 0.196096256375, 0.216091945767, 0.346656918526, 0.262601613998, 0.123854741454, 0.150783389807, 0.153849735856, 0.109939098358, 0.112021788955, 0.123999133706, 0.130438372493, 0.104512162507, 0.170025750995, 0.35642939806, 0.30890622735, 0.344146549702, 0.358504444361, 0.440150916576, 0.358593642712, 0.403754889965, 0.230938851833, 0.24058867991, 0.268034547567, 0.264063805342, 0.263343006372, 0.205127820373]
        dvar: [0.032899800688, 0.0611282251775, 0.0296436082572, 0.0419966951013, 0.0255353096873, 0.0397620871663, 0.0230557844043, 0.0282705109566, 0.00853974185884, 0.00426213024184, 0.0231340155005, 0.0123427202925, 0.0392437390983, 0.0130293788388, 0.00324721354991, 0.00347133423202, 0.00432592956349, 0.00417861109599, 0.00379576254636, 0.0164827089757, 0.00934659410268, 0.00347539340146, 0.00455863820389, 0.0353958234191, 0.0442180298269, 0.0452227368951, 0.0349325053394, 0.0616370998323, 0.0506588928401, 0.0596286505461, 0.00995259080082, 0.0247219968587, 0.0581461638212, 0.0167841389775, 0.030983844772, 0.0137776741758]
        dvar2: [0.0989384576678, 0.121511511505, 0.0559870228171, 0.100005984306, 0.0567529201508, 0.120584718883, 0.0488214865327, 0.0565799884498, 0.0220354869962, 0.0150251220912, 0.0585763603449, 0.019776519388, 0.116994172335, 0.0407796427608, 0.00799872167408, 0.00803700648248, 0.0142712648958, 0.00598191423342, 0.00797240994871, 0.0425877720118, 0.0270737800747, 0.00944434851408, 0.00808295514435, 0.102312520146, 0.119897015393, 0.155886903405, 0.0917776376009, 0.150689825416, 0.139191240072, 0.199620008469, 0.0353763625026, 0.062013424933, 0.15358556807, 0.0434606894851, 0.0816856920719, 0.0290614571422]
        max: [1, 1, 1, 1, 1, 1, 0.895918190479, 1, 0.870621323586, 0.521043539047, 0.609154820442, 0.518629968166, 0.997484147549, 0.557980179787, 0.399386405945, 0.366301327944, 0.409772068262, 0.382149368525, 0.332247525454, 0.508723437786, 0.387127012014, 0.275607824326, 0.322622895241, 1, 0.834615111351, 0.857359468937, 0.932327270508, 1, 1, 0.913991868496, 0.598559677601, 0.647185981274, 1, 0.546529054642, 0.791261017323, 0.594021916389]
        mean: [0.298061192036, 0.430310726166, 0.50053191185, 0.509638726711, 0.513925015926, 0.391934603453, 0.523067295551, 0.683613240719, 0.415760278702, 0.221015885472, 0.225424662232, 0.236022636294, 0.276406794786, 0.23683270812, 0.157049909234, 0.175322428346, 0.198451653123, 0.174982786179, 0.130515798926, 0.105411484838, 0.0905662849545, 0.0748209804296, 0.143166452646, 0.239438176155, 0.215709492564, 0.190062403679, 0.275716900826, 0.315151035786, 0.309308111668, 0.249691590667, 0.202771827579, 0.235838145018, 0.219004780054, 0.221797123551, 0.226192310452, 0.229746103287]
        min: [0, 0, 0, 0, 0, 0, 0, 0, 0, 0, 0, 0, 0, 0, 0, 0, 0, 0, 0, 0, 0, 0, 0, 0, 0, 0, 0, 0, 0, 0, 0, 0, 0, 0, 0, 0]
        var: [0.0376742742956, 0.0679698735476, 0.0738052129745, 0.073933839798, 0.095462732017, 0.0780336335301, 0.0559680387378, 0.1036349684, 0.0408183112741, 0.0151946274564, 0.0199223700911, 0.0147465346381, 0.0418788976967, 0.0237236507237, 0.0109557639807, 0.0100914640352, 0.0125845568255, 0.0117228301242, 0.00812417827547, 0.00974281970412, 0.00623904634267, 0.00307195237838, 0.00736816367134, 0.0453338287771, 0.0566583387554, 0.0412128344178, 0.0437676124275, 0.0768934711814, 0.0701267644763, 0.0498883202672, 0.0178025793284, 0.0201626680791, 0.0346109010279, 0.020215889439, 0.0350903831422, 0.0225302893668]
    chords_histogram: [0, 0, 0, 0, 0, 0, 0, 0, 0, 96.4285736084, 3.57142853737, 0, 0, 0, 0, 0, 0, 0, 0, 0, 0, 0, 0, 0]
    thpcp: [1, 0.608180582523, 0.32330545783, 0.329754680395, 0.345257550478, 0.404332131147, 0.346442550421, 0.229735031724, 0.256464362144, 0.290298134089, 0.255967527628, 0.19092053175, 0.154197543859, 0.132481753826, 0.109449282289, 0.209426090121, 0.350253850222, 0.315543174744, 0.278026223183, 0.403322935104, 0.461007803679, 0.452460676432, 0.365252703428, 0.296617746353, 0.344987690449, 0.320363581181, 0.324448257685, 0.3308776021, 0.336076140404, 0.436008512974, 0.629465162754, 0.732185781002, 0.745507419109, 0.751777470112, 0.573327958584, 0.765150904655]
    chords_key: "F#"
    chords_scale: "major"
    key_key: "B"
    key_scale: "minor"
    chords_progression: ["F#", "F#", "F#", "F#", "F#", "F#", "F#", "F#", "F#", "F#", "F#", "F#", "F#", "F#", "F#", "F#", "F#", "F#", "F#", "F#", "F#", "F#", "F#", "F#", "F#", "F#", "F#", "A#m"]
