
metadata:
    version:
        essentia: "1.2.2"
    audio_properties:
        analysis_sample_rate: 44100
        bitrate: 128
        channels: 2
        equal_loudness: 1
        length: 9.97877597809
        replay_gain: -6.56257247925
        downmix: "mix"
    tags:
        track: 9
        year: 0
        album: "Splitted by Mp3Splt v. 2.1"
        artist: "From 001.20 To 001.30"
        comment: "http://mp3splt.sf.net"
        genre: ""
        title: "12 Love Is Blindness.mp3"

highlevel:
    ballroom:
        all:
            ChaChaCha: 0.00429517263547
            Jive: 0.0147034227848
            Quickstep: 0.0293381251395
            Rumba-American: 0.00622849352658
            Rumba-International: 0.711616754532
            Rumba-Misc: 0.150238052011
            Samba: 0.0200615320355
            Tango: 0.00226680305786
            VienneseWaltz: 0.041442591697
            Waltz: 0.0198090486228
        probability: 0.711616754532
        value: "Rumba-International"
    culture:
        all:
            non_western: 0.0174879878759
            western: 0.982511997223
        probability: 0.982511997223
        value: "western"
    gender:
        all:
            female: 0.342280775309
            male: 0.657719194889
        probability: 0.657719194889
        value: "male"
    genre_dortmund:
        all:
            alternative: 0.0930076166987
            blues: 0.12045237422
            electronic: 0.0299069397151
            folkcountry: 0.406385719776
            funksoulrnb: 0.0583010874689
            jazz: 0.0969717651606
            pop: 0.0751785859466
            raphiphop: 0.0448441430926
            rock: 0.074951775372
        probability: 0.406385719776
        value: "folkcountry"
    genre_electronica:
        all:
            ambient: 0.795780181885
            dnb: 0.0395436324179
            house: 0.0539049729705
            techno: 0.0187898725271
            trance: 0.0919813737273
        probability: 0.795780181885
        value: "ambient"
    genre_rosamerica:
        all:
            cla: 0.0499152839184
            dan: 0.171691253781
            hip: 0.092599734664
            jaz: 0.0918194502592
            pop: 0.0944181531668
            rhy: 0.448622524738
            roc: 0.02365183644
            spe: 0.02728176862
        probability: 0.448622524738
        value: "rhy"
    genre_tzanetakis:
        all:
            blu: 0.0454641655087
            cla: 0.0140182953328
            cou: 0.142699465156
            dis: 0.0204835291952
            hip: 0.0669755712152
            jaz: 0.0351572446525
            met: 0.00974546093494
            pop: 0.207681745291
            reg: 0.311675518751
            roc: 0.146099001169
        probability: 0.311675518751
        value: "reg"
    live_studio:
        all:
            live: 0.133230522275
            studio: 0.866769492626
        probability: 0.866769492626
        value: "studio"
    mood:
        all:
            Cluster1: 0.0928907990456
            Cluster2: 0.228900745511
            Cluster3: 0.525473058224
            Cluster4: 0.0893353819847
            Cluster5: 0.0634000301361
        probability: 0.525473058224
        value: "Cluster3"
    mood_acoustic:
        all:
            acoustic: 0.353145718575
            not_acoustic: 0.646854281425
        probability: 0.646854281425
        value: "not_acoustic"
    mood_aggressive:
        all:
            aggressive: 0.00836530141532
            not_aggressive: 0.991634726524
        probability: 0.991634726524
        value: "not_aggressive"
    mood_electronic:
        all:
            electronic: 0.664005458355
            not_electronic: 0.335994541645
        probability: 0.664005458355
        value: "electronic"
    mood_happy:
        all:
            happy: 0.593103647232
            not_happy: 0.406896352768
        probability: 0.593103647232
        value: "happy"
    mood_party:
        all:
            not_party: 0.830694079399
            party: 0.169305950403
        probability: 0.830694079399
        value: "not_party"
    mood_relaxed:
        all:
            not_relaxed: 0.186336651444
            relaxed: 0.813663363457
        probability: 0.813663363457
        value: "relaxed"
    mood_sad:
        all:
            not_sad: 0.235544279218
            sad: 0.764455735683
        probability: 0.764455735683
        value: "sad"
    rhythm:
        all:
            fast: 0.0211084578186
            medium: 0.698901176453
            slow: 0.27999034524
        probability: 0.698901176453
        value: "medium"
    speech_music:
        all:
            music: 0.999876201153
            speech: 0.000123816746054
        probability: 0.999876201153
        value: "music"
    timbre:
        all:
            bright: 0.443104058504
            dark: 0.556895911694
        probability: 0.556895911694
        value: "dark"
    voice_instrumental:
        all:
            instrumental: 0.319237977266
            voice: 0.680761992931
        probability: 0.680761992931
        value: "voice"

lowlevel:
    average_loudness: 0.963683009148
    barkbands_kurtosis:
        dmean: 2.6546459198
        dmean2: 3.82659244537
        dvar: 14.7027015686
        dvar2: 25.9632854462
        max: 39.8718605042
        mean: 4.70143461227
        min: -1.87161576748
        var: 51.9059333801
    barkbands_skewness:
        dmean: 0.463485836983
        dmean2: 0.667667865753
        dvar: 0.215211644769
        dvar2: 0.409618973732
        max: 5.51786661148
        mean: 1.79028081894
        min: -1.23362278938
        var: 1.34200668335
    barkbands_spread:
        dmean: 5.05421352386
        dmean2: 7.40700483322
        dvar: 32.4452972412
        dvar2: 57.9992103577
        max: 64.2765426636
        mean: 21.9933929443
        min: 2.42547345161
        var: 167.906158447
    dissonance:
        dmean: 0.0259449537843
        dmean2: 0.0431486703455
        dvar: 0.000535951810889
        dvar2: 0.00146837020293
        max: 0.496024310589
        mean: 0.427948743105
        min: 0.266914576292
        var: 0.00145411072299
    hfc:
        dmean: 0.895428061485
        dmean2: 1.31582379341
        dvar: 1.32887482643
        dvar2: 2.42688655853
        max: 18.0864944458
        mean: 3.78038787842
        min: 0.273648679256
        var: 7.50375270844
    pitch:
        dmean: 477.975006104
        dmean2: 930.870361328
        dvar: 1401787.25
        dvar2: 3519082
        max: 4900
        mean: 684.279418945
        min: 89.2712554932
        var: 1588203.25
    pitch_instantaneous_confidence:
        dmean: 0.0805018097162
        dmean2: 0.12859608233
        dvar: 0.00599970435724
        dvar2: 0.0132761839777
        max: 0.925982058048
        mean: 0.547394275665
        min: 0.196837484837
        var: 0.0276867691427
    pitch_salience:
        dmean: 0.0600805804133
        dmean2: 0.0933293029666
        dvar: 0.00310489954427
        dvar2: 0.00692305760458
        max: 0.837108314037
        mean: 0.592680871487
        min: 0.166981816292
        var: 0.0130060492083
    silence_rate_20dB:
        dmean: 0
        dmean2: 0
        dvar: 0
        dvar2: 0
        max: 1
        mean: 1
        min: 1
        var: 0
    silence_rate_30dB:
        dmean: 0
        dmean2: 0
        dvar: 0
        dvar2: 0
        max: 1
        mean: 1
        min: 1
        var: 0
    silence_rate_60dB:
        dmean: 0.107226103544
        dmean2: 0.214953273535
        dvar: 0.0957287251949
        dvar2: 0.192112147808
        max: 1
        mean: 0.327906966209
        min: 0
        var: 0.220383435488
    spectral_centroid:
        dmean: 164.431900024
        dmean2: 243.246902466
        dvar: 39382.4921875
        dvar2: 78343.109375
        max: 2443.71801758
        mean: 872.410583496
        min: 310.476318359
        var: 186003.5
    spectral_complexity:
        dmean: 1.33255267143
        dmean2: 2.17136144638
        dvar: 1.62711632252
        dvar2: 3.48471951485
        max: 18
        mean: 7.83411216736
        min: 2
        var: 8.13838481903
    spectral_crest:
        dmean: 2.45845317841
        dmean2: 3.97578597069
        dvar: 5.3055639267
        dvar2: 10.868437767
        max: 24.4723587036
        mean: 10.4990062714
        min: 4.10215044022
        var: 15.48848629
    spectral_decrease:
        dmean: 2.76078854222e-10
        dmean2: 4.15219636452e-10
        dvar: 1.21296731049e-19
        dvar2: 2.23832282022e-19
        max: -1.14776924076e-10
        mean: -1.12223375037e-09
        min: -4.40485958819e-09
        var: 4.42183148318e-19
    spectral_energy:
        dmean: 0.00109670881648
        dmean2: 0.00165042513981
        dvar: 1.92375387087e-06
        dvar2: 3.53008522325e-06
        max: 0.0175510365516
        mean: 0.00457846047357
        min: 0.000458015332697
        var: 7.2230063779e-06
    spectral_energyband_high:
        dmean: 6.58316275803e-05
        dmean2: 0.000102179961686
        dvar: 1.7075958425e-08
        dvar2: 3.8189043039e-08
        max: 0.00130214053206
        mean: 0.000128307627165
        min: 5.63921821595e-06
        var: 3.08962526674e-08
    spectral_energyband_low:
        dmean: 0.000170753977727
        dmean2: 0.000235818573856
        dvar: 4.61800730989e-08
        dvar2: 8.77209842542e-08
        max: 0.00211150781251
        mean: 0.000304412504192
        min: 2.6445536605e-06
        var: 1.16549422557e-07
    spectral_energyband_middle_high:
        dmean: 0.000160294570378
        dmean2: 0.000235525425524
        dvar: 6.35472545696e-08
        dvar2: 1.09867258402e-07
        max: 0.00460178684443
        mean: 0.000693055510055
        min: 2.65730523097e-05
        var: 6.55627900414e-07
    spectral_energyband_middle_low:
        dmean: 0.000993654946797
        dmean2: 0.00151814427227
        dvar: 1.73611283572e-06
        dvar2: 3.2872628708e-06
        max: 0.016351474449
        mean: 0.0034524477087
        min: 0.000291148258839
        var: 5.35369008503e-06
    spectral_flatness_db:
        dmean: 0.0188303012401
        dmean2: 0.0282056517899
        dvar: 0.000332749797963
        dvar2: 0.000538643507753
        max: 0.309186428785
        mean: 0.189865380526
        min: 0.0929257944226
        var: 0.00147796829697
    spectral_flux:
        dmean: 0.00850156415254
        dmean2: 0.0136688295752
        dvar: 8.25209644972e-05
        dvar2: 0.000184082673513
        max: 0.119503960013
        mean: 0.0302080381662
        min: 0.00908242724836
        var: 0.0001901837677
    spectral_kurtosis:
        dmean: 1.44409453869
        dmean2: 2.27212285995
        dvar: 2.7490336895
        dvar2: 5.97913217545
        max: 21.8489398956
        mean: 3.83540558815
        min: -0.530271530151
        var: 7.52671194077
    spectral_rms:
        dmean: 0.000242601541686
        dmean2: 0.000361854996299
        dvar: 6.42391810857e-08
        dvar2: 1.13904341958e-07
        max: 0.00413799006492
        mean: 0.00202976143919
        min: 0.000668464112096
        var: 3.46861696698e-07
    spectral_rolloff:
        dmean: 458.903991699
        dmean2: 795.514404297
        dvar: 646322.75
        dvar2: 1346966.5
        max: 5232.56835938
        mean: 1575.39733887
        min: 344.53125
        var: 1734192.875
    spectral_skewness:
        dmean: 0.239924877882
        dmean2: 0.352712035179
        dvar: 0.0570676513016
        dvar2: 0.113024964929
        max: 3.75971388817
        mean: 1.56963908672
        min: 0.176426410675
        var: 0.26771107316
    spectral_spread:
        dmean: 530505.125
        dmean2: 737471.6875
        dvar: 1.18359051469e+12
        dvar2: 1.35769515622e+12
        max: 24048600
        mean: 5026326
        min: 3002167
        var: 2.78856859648e+12
    spectral_strongpeak:
        dmean: 0.323972851038
        dmean2: 0.526408612728
        dvar: 0.34986308217
        dvar2: 0.910760521889
        max: 5.8822555542
        mean: 0.693474411964
        min: 0.0187332835048
        var: 0.4922529459
    zerocrossingrate:
        dmean: 0.00838997587562
        dmean2: 0.00921774096787
        dvar: 6.13677766523e-05
        dvar2: 7.48553866288e-05
        max: 0.138671875
        mean: 0.0582629069686
        min: 0.009765625
        var: 0.00059181265533
    barkbands:
        dmean: [3.31732258019e-06, 7.17002549209e-05, 0.000115635513794, 0.000128533458337, 0.000434152578237, 0.000226963631576, 0.000438566930825, 0.000323166430462, 3.24543434544e-05, 1.43840779856e-05, 1.44682207974e-05, 1.827957567e-05, 2.64057471213e-05, 1.61585085152e-05, 7.9308892964e-06, 1.75364384631e-05, 5.30110482941e-05, 4.14824389736e-05, 6.27053377684e-05, 5.53001846129e-05, 3.38500394719e-05, 1.23066010929e-05, 2.52577183346e-06, 1.61509353802e-06, 4.75640888453e-07, 9.05464236922e-09, 1.13659970324e-09]
        dmean2: [4.45826071882e-06, 9.81394841801e-05, 0.000167021586094, 0.00020695485, 0.000690900662448, 0.00037337973481, 0.000627828878351, 0.000501965812873, 4.95906024298e-05, 2.18092991418e-05, 2.39790042542e-05, 2.84983798338e-05, 3.92565816583e-05, 2.36359173869e-05, 1.23130612337e-05, 2.88702303806e-05, 8.42411245685e-05, 6.4262705564e-05, 8.93993419595e-05, 8.46079565235e-05, 5.45704642718e-05, 1.92002880794e-05, 3.83911265089e-06, 2.31718786381e-06, 6.85285101554e-07, 1.2456123244e-08, 1.26037213999e-09]
        dvar: [1.94786964336e-11, 6.40316377698e-09, 3.30736540377e-08, 2.93341475555e-08, 3.62132311693e-07, 3.40299635582e-07, 1.15669581646e-06, 5.55705412353e-07, 5.02198282959e-09, 6.41483755004e-10, 8.73177419258e-10, 1.1279626122e-09, 2.85460477478e-09, 1.29170729668e-09, 2.0837921666e-10, 1.96942351316e-09, 1.91747080436e-08, 5.45355671733e-09, 2.70193627472e-08, 1.09068807319e-08, 4.58553950367e-09, 6.66970978447e-10, 3.6800219122e-11, 2.86346623496e-11, 2.02937319727e-12, 6.43126652922e-16, 3.90643813158e-16]
        dvar2: [3.2110900744e-11, 1.352298451e-08, 6.55977743236e-08, 7.5786800835e-08, 9.22016226923e-07, 6.97739494626e-07, 2.23451115744e-06, 1.1541206959e-06, 8.3462792233e-09, 1.48279077905e-09, 2.35187003206e-09, 2.65452171355e-09, 5.69610225654e-09, 2.70955613502e-09, 4.26747692739e-10, 5.23790921747e-09, 3.85321392571e-08, 1.14787708227e-08, 5.46454081984e-08, 2.25943761478e-08, 1.05806918782e-08, 1.5101562223e-09, 8.30872454172e-11, 6.16644513229e-11, 3.78641432444e-12, 1.06578280577e-15, 3.79880830196e-16]
        max: [3.92844704038e-05, 0.000684916623868, 0.00201070448384, 0.00211307383142, 0.00525207724422, 0.00831089820713, 0.0159079935402, 0.00823865644634, 0.00128112116363, 0.000428852305049, 0.000370992231183, 0.000310889561661, 0.00148640363477, 0.000536040053703, 0.00016781812883, 0.000590635871049, 0.00183028937317, 0.000932988303248, 0.00297651044093, 0.00171946804039, 0.000609592127148, 0.000323658430716, 7.43698474253e-05, 7.55788423703e-05, 2.72335037153e-05, 3.86578818734e-07, 4.15564500145e-07]
        mean: [5.5071513998e-06, 0.000120405813504, 0.000178741538548, 0.00024621115881, 0.000980242621154, 0.000586131180171, 0.000837428960949, 0.000733620719984, 6.1477352574e-05, 2.68886542472e-05, 2.56424682448e-05, 3.33382668032e-05, 6.73541726428e-05, 3.24537832057e-05, 1.37323786475e-05, 2.73777895927e-05, 0.000124042082462, 0.000102671809145, 0.000175611581653, 0.000109126747702, 5.72224016651e-05, 2.5196975912e-05, 4.6253076107e-06, 2.57537863035e-06, 8.1917926309e-07, 1.8511711275e-08, 1.1175171899e-09]
        min: [3.87568643845e-09, 6.97899963598e-07, 9.50430603552e-07, 2.18658897211e-06, 2.06326367334e-05, 1.4623212337e-05, 1.50298328663e-05, 1.15255716082e-06, 4.76274124139e-07, 5.23412722941e-07, 6.16602392256e-07, 5.72228600504e-07, 4.67881534405e-07, 2.59805005953e-07, 4.44547140432e-07, 5.79766549436e-07, 1.90625667074e-06, 2.35447919295e-06, 2.1368855414e-06, 2.93977268484e-06, 1.39533790389e-06, 4.40557187176e-07, 1.27307018261e-07, 4.20837515946e-08, 1.86709705474e-08, 2.29651075934e-10, 6.1975252675e-14]
        var: [5.53478547716e-11, 1.50901744433e-08, 8.29620674381e-08, 6.82453347167e-08, 1.04370440113e-06, 5.25354607817e-07, 1.88868204987e-06, 2.04025991479e-06, 1.84736670406e-08, 2.25214336069e-09, 1.26826849023e-09, 2.33500840885e-09, 3.17204111866e-08, 5.34283195464e-09, 3.65516866774e-10, 2.18867168833e-09, 7.69996546524e-08, 2.0179749427e-08, 1.68362703334e-07, 2.463181481e-08, 8.78721451159e-09, 1.17663057075e-09, 6.4903478425e-11, 4.02329593252e-11, 3.8997581206e-12, 1.32658869716e-15, 4.02398089368e-16]
    mfcc:
        mean: [-746.833068848, 130.72114563, -10.4335365295, 63.6213912964, -20.3404045105, -8.78780555725, -14.6969966888, -11.6502370834, -14.3446998596, -10.0019369125, 1.60966360569, 4.03493452072, 2.02672362328]
        cov: [[934.555480957, -251.041610718, -115.135810852, -54.5744743347, 63.4627227783, -21.5454616547, 67.5636444092, 98.225730896, -105.029945374, 49.5550689697, 29.0045681, 25.53657341, -7.19042634964], [-251.041610718, 838.604309082, -292.25402832, -148.116287231, -12.9086265564, -22.2248897552, 108.386070251, 33.164806366, -161.985015869, 53.532875061, 66.9943084717, -41.5135421753, 29.9643497467], [-115.135810852, -292.25402832, 594.014648438, 48.7754631042, -135.628463745, 57.931060791, -7.32056522369, -105.003936768, 152.483322144, -6.63182926178, -66.3665847778, 66.9015731812, -17.0008029938], [-54.5744743347, -148.116287231, 48.7754631042, 289.173370361, 63.6264801025, -10.5944051743, -51.5224876404, 69.1904220581, 73.9973678589, -58.4102401733, -26.0038928986, -0.842445373535, 19.7056617737], [63.4627227783, -12.9086265564, -135.628463745, 63.6264801025, 206.465072632, 1.72252988815, -23.6321563721, 65.1241378784, -15.8526945114, -9.38613510132, -13.915304184, 1.67707872391, -2.98726439476], [-21.5454616547, -22.2248897552, 57.931060791, -10.5944051743, 1.72252988815, 156.947357178, 6.29907226562, -47.5167884827, 61.2194213867, 39.9382858276, 25.2719554901, 13.2603063583, -20.0931396484], [67.5636444092, 108.386070251, -7.32056522369, -51.5224876404, -23.6321563721, 6.29907226562, 158.225112915, 18.5043506622, -47.4929733276, 53.2500991821, 22.4977836609, -1.00251591206, 14.0696725845], [98.225730896, 33.164806366, -105.003936768, 69.1904220581, 65.1241378784, -47.5167884827, 18.5043506622, 179.402481079, -30.7174167633, -29.0013980865, 2.77079629898, -8.23132705688, 29.7966899872], [-105.029945374, -161.985015869, 152.483322144, 73.9973678589, -15.8526945114, 61.2194213867, -47.4929733276, -30.7174167633, 231.851409912, -14.0585212708, 8.30615615845, 35.4476394653, -6.78945827484], [49.5550689697, 53.532875061, -6.63182926178, -58.4102401733, -9.38613510132, 39.9382858276, 53.2500991821, -29.0013980865, -14.0585212708, 148.413421631, 62.2898292542, -1.83564972878, 13.6556549072], [29.0045681, 66.9943084717, -66.3665847778, -26.0038928986, -13.915304184, 25.2719554901, 22.4977836609, 2.77079629898, 8.30615615845, 62.2898292542, 142.566696167, -0.490267008543, 21.1024723053], [25.53657341, -41.5135421753, 66.9015731812, -0.842445373535, 1.67707872391, 13.2603063583, -1.00251591206, -8.23132705688, 35.4476394653, -1.83564972878, -0.490267008543, 78.9718933105, 0.684681594372], [-7.19042634964, 29.9643497467, -17.0008029938, 19.7056617737, -2.98726439476, -20.0931396484, 14.0696725845, 29.7966899872, -6.78945827484, 13.6556549072, 21.1024723053, 0.684681594372, 76.6010894775]]
        icov: [[0.00181678170338, 0.0011334818555, 0.000494095438626, 0.000546960276552, -2.3604487069e-05, -8.47013870953e-05, -0.000755326356739, -0.00110714917537, 0.000977945164777, -0.000533856626134, -0.000323397369357, -0.000972549314611, 0.00052199763013], [0.0011334818555, 0.00247253337875, 0.00107590726111, 0.000783310679253, 0.000397026218707, -0.000288715556962, -0.00124828284606, -0.000680432713125, 0.00111837813165, -0.000215889085666, -0.000400973920478, -0.000524923554622, -0.000137039547553], [0.000494095438626, 0.00107590726111, 0.0037006996572, -0.000609978160355, 0.00226233387366, -0.000556082814001, -0.000974937458523, 0.000663707905915, -0.000835937156808, -0.00073023251025, 0.00181942933705, -0.00226446450688, 4.2120769649e-05], [0.000546960276552, 0.000783310679253, -0.000609978160355, 0.00558488257229, -0.00157316587865, -3.49955666934e-06, 0.00051052676281, -0.00214307755232, -0.00101134355646, 0.00111697404645, -0.000153625791427, 0.00111948198173, -0.00140601978637], [-2.3604487069e-05, 0.000397026218707, 0.00226233387366, -0.00157316587865, 0.00765200471506, -0.00132523314096, 0.000917343539186, -0.00181485339999, 0.000284182169707, -0.00137880351394, 0.00188677432016, -0.00199111341499, 0.00100653083064], [-8.47013870953e-05, -0.000288715556962, -0.000556082814001, -3.49955666934e-06, -0.00132523314096, 0.00882994476706, -0.000647884851787, 0.0016690462362, -0.00220260978676, -0.00170881650411, -0.00117473339196, -1.90761220438e-05, 0.00214992417023], [-0.000755326356739, -0.00124828284606, -0.000974937458523, 0.00051052676281, 0.000917343539186, -0.000647884851787, 0.00912296492606, -0.00170857855119, 0.000965405546594, -0.00249357544817, 0.000303644745145, -3.75048985006e-05, -0.000628750072792], [-0.00110714917537, -0.000680432713125, 0.000663707905915, -0.00214307755232, -0.00181485339999, 0.0016690462362, -0.00170857855119, 0.00950203090906, -0.000371009373339, 0.00209215423092, -0.000455277768197, 0.000375680567231, -0.00243823230267], [0.000977945164777, 0.00111837813165, -0.000835937156808, -0.00101134355646, 0.000284182169707, -0.00220260978676, 0.000965405546594, -0.000371009373339, 0.00757077988237, 0.000403894198826, -0.00168091664091, -0.0020946720615, 0.000210090860492], [-0.000533856626134, -0.000215889085666, -0.00073023251025, 0.00111697404645, -0.00137880351394, -0.00170881650411, -0.00249357544817, 0.00209215423092, 0.000403894198826, 0.0109633961692, -0.00389918452129, 0.00126009434462, -0.00212862784974], [-0.000323397369357, -0.000400973920478, 0.00181942933705, -0.000153625791427, 0.00188677432016, -0.00117473339196, 0.000303644745145, -0.000455277768197, -0.00168091664091, -0.00389918452129, 0.0105190612376, -0.00079006201122, -0.00188808597159], [-0.000972549314611, -0.000524923554622, -0.00226446450688, 0.00111948198173, -0.00199111341499, -1.90761220438e-05, -3.75048985006e-05, 0.000375680567231, -0.0020946720615, 0.00126009434462, -0.00079006201122, 0.0156910307705, -0.00123131065629], [0.00052199763013, -0.000137039547553, 4.2120769649e-05, -0.00140601978637, 0.00100653083064, 0.00214992417023, -0.000628750072792, -0.00243823230267, 0.000210090860492, -0.00212862784974, -0.00188808597159, -0.00123131065629, 0.0161246526986]]
    spectral_contrast:
        mean: [-1.89746089063e-07, -2.08485701592e-07, 4.00764633923e-07, -3.38757715213e-08, -5.39348945949e-07, 1.47618983704e-08, -4.59150726329e-07, 4.97573455505e-06, -1.83646363894e-06, -1.94202516468e-06, 9.04166256532e-07, -3.35220420311e-06]
        var: [0.000860143394675, 0.00150077685248, 0.00200306950137, 0.00321916304529, 0.00388508010656, 0.00820177048445, 0.0570171438158, 0.108586482704, 0.151463717222, 0.278844445944, 0.36906799674, 0.560245633125]

rhythm:
    beats_loudness:
        dmean: 0.00253907195292
        dmean2: 0.00399908842519
        dvar: 5.59031286684e-06
        dvar2: 9.41108828556e-06
        max: 0.0135152423754
        mean: 0.00542535167187
        min: 0.00163006549701
        var: 9.95646132651e-06
    beats_loudness_bass:
        dmean: 0.0909336730838
        dmean2: 0.149190142751
        dvar: 0.00795867666602
        dvar2: 0.0151430834085
        max: 0.534927129745
        mean: 0.139198735356
        min: 0.0100463945419
        var: 0.0146050760522
    bpm: 97.6053009033
    bpm_confidence: 0
    first_peak_bpm: 98
    first_peak_spread: 0
    first_peak_weight: 0.409090906382
    onset_rate: 4.30914592743
    second_peak_bpm: 199
    second_peak_spread: 0
    second_peak_weight: 0.54545456171
    beats_position: [0.0527498014271, 0.667482495308, 1.28221523762, 1.89694797993, 2.51168060303, 3.12641334534, 3.74114608765, 4.35587882996, 4.97061157227, 5.58534479141, 6.04641580582, 6.34868192673, 6.65094852448, 6.95321464539, 7.25548171997, 7.55774784088, 7.86001491547, 8.16228103638, 8.46454811096, 8.76681423187, 9.06908035278, 9.37134647369, 9.67361354828]
    bpm_estimates: [97.8054046631, 98.3019561768, 97.1511611938, 97.6075744629, 97.1603851318]
    bpm_intervals: [0.614732682705, 0.61473274231, 0.61473274231, 0.6147326231, 0.61473274231, 0.61473274231, 0.61473274231, 0.61473274231, 0.614733219147, 0.461071014404, 0.302266120911, 0.302266597748, 0.302266120911, 0.302267074585, 0.302266120911, 0.302267074585, 0.302266120911, 0.302267074585, 0.302266120911, 0.302266120911, 0.302266120911, 0.302267074585]
    onset_times: [0.0464399084449, 0.208979591727, 0.46439909935, 1.31192743778, 1.45124721527, 1.48607707024, 1.63700675964, 1.79954648018, 2.03174614906, 2.69351482391, 2.99537420273, 3.25079369545, 3.34367346764, 3.61070299149, 3.86612248421, 3.90095233917, 4.3073015213, 4.60916090012, 4.93424034119, 5.11999988556, 5.54956912994, 5.61922883987, 5.68888902664, 5.80498886108, 6.00235843658, 6.15328788757, 6.40870761871, 6.68734693527, 6.8963265419, 7.00081634521, 7.38394546509, 7.6277551651, 7.73224496841, 7.98766422272, 8.16181373596, 8.25469398499, 8.40562343597, 8.67265319824, 8.83519268036, 9.16027164459, 9.50857162476, 9.682721138, 9.92653083801]
    rubato_start: [6.34868192673]
    rubato_stop: [9.67361354828]
    perceptual_tempo: "unknown"

sfx:
    inharmonicity:
        dmean: 0.0336779914796
        dmean2: 0.0610640607774
        dvar: 0.00184904132038
        dvar2: 0.00507688475773
        max: 0.275302678347
        mean: 0.0329893492162
        min: 9.18635996641e-05
        var: 0.00184063671622
    oddtoevenharmonicenergyratio:
        dmean: 5.11152982712
        dmean2: 9.64735221863
        dvar: 338.875030518
        dvar2: 985.514831543
        max: 202.510635376
        mean: 3.56403040886
        min: 0.000192204432096
        var: 199.234024048
    pitch_after_max_to_before_max_energy_ratio: 19.2255172729
    pitch_centroid: 190.428848267
    pitch_max_to_total: 0.0397196263075
    pitch_min_to_total: 0.731308400631
    tristimulus:
        dmean: [0.239166259766, 0.249020382762, 0.0895971506834]
        dmean2: [0.420877128839, 0.436039954424, 0.156091302633]
        dvar: [0.0408783182502, 0.0469897799194, 0.0141204930842]
        dvar2: [0.121061861515, 0.142030954361, 0.0409102290869]
        max: [0.963597118855, 0.949810802937, 0.83210426569]
        mean: [0.433452934027, 0.442635148764, 0.098656527698]
        min: [0.0156767908484, 0, 0]
        var: [0.0558723062277, 0.0584000498056, 0.0150503898039]

tonal:
    chords_changes_rate: 0.0418604649603
    chords_number_rate: 0.0279069766402
    chords_strength:
        dmean: 0.0110261822119
        dmean2: 0.00733103789389
        dvar: 8.89563962119e-05
        dvar2: 6.21086292085e-05
        max: 0.759397387505
        mean: 0.602285981178
        min: 0.320275723934
        var: 0.0120367472991
    key_strength: 0.64339774847
    tuning_diatonic_strength: 0.514178574085
    tuning_equal_tempered_deviation: 0.105764403939
    tuning_frequency: 440.508575439
    tuning_nontempered_energy_ratio: 0.692055821419
    hpcp:
        dmean: [0.0697843134403, 0.0920092314482, 0.138604596257, 0.18034504354, 0.147963643074, 0.0728805363178, 0.0633181110024, 0.0847073867917, 0.111076213419, 0.15526099503, 0.150716781616, 0.163905575871, 0.122246138752, 0.105227015913, 0.0552815645933, 0.04027434811, 0.0407098792493, 0.0609231814742, 0.077270925045, 0.0574146062136, 0.049820125103, 0.0504775643349, 0.0602346360683, 0.081698782742, 0.074041120708, 0.0710284784436, 0.118644252419, 0.122321903706, 0.0851497575641, 0.0331598892808, 0.0294583998621, 0.0460407547653, 0.0731371417642, 0.0770271271467, 0.0765440016985, 0.066473133862]
        dmean2: [0.132042646408, 0.161904960871, 0.240424290299, 0.292293220758, 0.229348942637, 0.131674274802, 0.119002364576, 0.151513636112, 0.202800512314, 0.258439570665, 0.243145868182, 0.27096170187, 0.18614962697, 0.165818095207, 0.092072494328, 0.0709478631616, 0.0700847655535, 0.0938688144088, 0.118004463613, 0.0950752794743, 0.0811568424106, 0.0841308683157, 0.10647726059, 0.142190769315, 0.122079640627, 0.11829122901, 0.197988286614, 0.203101083636, 0.146219536662, 0.0595589093864, 0.0503811091185, 0.0832550227642, 0.125279828906, 0.127239838243, 0.126479998231, 0.126168683171]
        dvar: [0.0265527479351, 0.0302655473351, 0.0258567985147, 0.0438970848918, 0.0261821225286, 0.0165845826268, 0.0210454203188, 0.0296757519245, 0.0384624563158, 0.0461845621467, 0.0469706989825, 0.0370996631682, 0.0336660370231, 0.0339559577405, 0.016010157764, 0.0110963694751, 0.00618364149705, 0.0100271878764, 0.0156060904264, 0.0104634873569, 0.0136358644813, 0.0126723833382, 0.0194604936987, 0.0202408563346, 0.0179618783295, 0.00900920387357, 0.0282435566187, 0.0380906909704, 0.0190880391747, 0.0066786268726, 0.00472558708861, 0.0179646145552, 0.0217566285282, 0.0182752795517, 0.0206972714514, 0.0297451503575]
        dvar2: [0.0759460106492, 0.081526696682, 0.0620851516724, 0.0973544567823, 0.0666079521179, 0.0456576235592, 0.0600043311715, 0.083316475153, 0.103154726326, 0.118263915181, 0.100259788334, 0.0853261724114, 0.0667552873492, 0.0781280100346, 0.0422596670687, 0.0326026678085, 0.0162912458181, 0.0207958370447, 0.0368723832071, 0.027714850381, 0.0347109809518, 0.0356598384678, 0.0457381345332, 0.0547935776412, 0.0486800335348, 0.0260586366057, 0.0756862685084, 0.0796940773726, 0.0543672814965, 0.0205950643867, 0.0133132375777, 0.0518301576376, 0.0576423816383, 0.0408243350685, 0.056299187243, 0.0809428617358]
        max: [1, 1, 1, 1, 1, 0.638750731945, 1, 1, 1, 1, 1, 1, 1, 1, 1, 0.936471283436, 0.537008285522, 0.745587348938, 1, 1, 1, 1, 1, 1, 1, 0.911889195442, 1, 1, 0.836077690125, 0.807465970516, 0.675824046135, 1, 1, 1, 1, 1]
        mean: [0.0540168397129, 0.0820778533816, 0.26902282238, 0.442128509283, 0.266648262739, 0.0628180801868, 0.0476392582059, 0.0941472351551, 0.1684332937, 0.212278068066, 0.234524518251, 0.262085497379, 0.24824000895, 0.143003955483, 0.0569789782166, 0.0448944121599, 0.0449676252902, 0.0983068346977, 0.146990835667, 0.0958771407604, 0.068741351366, 0.0733715668321, 0.0616124346852, 0.132426649332, 0.165469929576, 0.100152410567, 0.196923956275, 0.281139403582, 0.13753823936, 0.0315999314189, 0.0323184244335, 0.044095415622, 0.116656087339, 0.176387295127, 0.115902513266, 0.055835198611]
        min: [0.000132907400257, 0.000279172090814, 0.00568315712735, 0.0101705994457, 0.00805175211281, 0.00159612519201, 0.000829243799672, 0.00030673967558, 0.000478276720969, 0.000143927740282, 0.000283028726699, 0.000692659406923, 0.000176147237653, 0.000585935486015, 0.000696157396305, 0.000329995062202, 0.000331245566485, 0.00044960557716, 0.000398050324293, 0.00032387234387, 0.000324693392031, 0.000352081784513, 0.000454893655842, 0.000738562899642, 0.00106678635348, 0.00138143426739, 0.000490797508974, 0.000446854217444, 0.000277616200037, 0.000208168057725, 0.000194394146092, 0.000258942745859, 0.000643362698611, 0.000638202240225, 0.000348250759998, 0.000184954958968]
        var: [0.0165952313691, 0.0234243664891, 0.0545388124883, 0.13107649982, 0.061722330749, 0.0127103906125, 0.0131535194814, 0.0429814979434, 0.0808246284723, 0.0899477601051, 0.104178458452, 0.098935239017, 0.108456969261, 0.0592492222786, 0.0146834291518, 0.00824883207679, 0.00682411622256, 0.0229989048094, 0.0522751547396, 0.0263110939413, 0.0300311222672, 0.0283411890268, 0.017829425633, 0.0434889756143, 0.0727322399616, 0.0174261312932, 0.056453242898, 0.126904070377, 0.0310834310949, 0.00428675953299, 0.00405752751976, 0.0111938519403, 0.040032312274, 0.0865610316396, 0.0388413928449, 0.0214461535215]
    chords_histogram: [24.1860466003, 0, 1.86046516895, 27.9069766998, 0, 0, 0, 0, 0, 5.11627912521, 0, 0, 0, 0, 0, 0, 0, 0, 0, 0, 0, 0, 5.11627912521, 35.8139533997]
    thpcp: [1, 0.60310125351, 0.142081037164, 0.107749797404, 0.212940886617, 0.380960047245, 0.480127513409, 0.530444204807, 0.592781245708, 0.561465740204, 0.32344430685, 0.128874242306, 0.101541548967, 0.101707138121, 0.222349002957, 0.332461804152, 0.216853559017, 0.155478209257, 0.165950775146, 0.139354124665, 0.299520730972, 0.374257534742, 0.226523309946, 0.445399820805, 0.635877132416, 0.311082035303, 0.0714722797275, 0.0730973556638, 0.0997343882918, 0.263851076365, 0.398950278759, 0.262146651745, 0.126287266612, 0.122174523771, 0.185642525554, 0.608471989632]
    chords_key: "F#"
    chords_scale: "major"
    key_key: "A#"
    key_scale: "minor"
    chords_progression: ["A#m", "A#m", "A#m", "A#m", "A#m", "A#m", "A#m", "A#m", "A#m", "A#m", "A#m", "A#m", "A#m", "A#m", "A#m", "A#m", "A#m", "A#m", "A#m", "A#m", "A#m", "A#m", "A#m", "A#m", "A#m", "A#m", "G#", "G#", "G#", "G#", "G#", "G#", "G#", "G#", "G#", "G#", "G#", "G#", "G#", "G#", "G#", "G#", "G#", "G#", "G#", "G#", "G#", "G#", "G#", "G#", "G#", "G#", "G#", "G#", "G#", "G#", "G#", "G#", "G#", "G#", "G#", "G#", "G#", "G#", "G#", "G#", "G#", "G#", "G#", "G#", "G#", "G#", "G#", "G#", "G#", "G#", "G#", "G#", "G#", "G#", "G#", "G#", "G#", "G#", "G#", "G#", "Fm", "Fm", "Fm", "Fm", "F#", "F#", "F#", "F#", "F#", "F#", "F#", "F#", "F#", "F#", "F#", "F#", "F#", "F#", "F#", "F#", "F#", "F#", "F#", "F#", "F#", "F#", "F#", "F#", "F#", "F#", "F#", "F#", "F#", "F#", "F#", "F#", "F#", "F#", "F#", "F#", "F#", "F#", "F#", "F#", "F#", "F#", "F#", "F#", "F#", "F#", "F#", "F#", "F#", "F#", "F", "F", "F#", "F", "F", "F", "F", "F", "F", "F", "F", "F", "D#m", "D#m", "D#m", "D#m", "D#m", "D#m", "D#m", "D#m", "D#m", "D#m", "D#m", "F#", "F#", "F#", "F#", "F#", "F#", "F#", "F#", "F#", "F#", "F#", "F#", "F#", "F#", "F#", "F#", "F#", "F#", "F#", "F#", "F#", "F#", "F#", "F#", "F#", "F#", "A#m", "A#m", "A#m", "A#m", "A#m", "A#m", "A#m", "A#m", "A#m", "A#m", "A#m", "A#m", "A#m", "A#m", "A#m", "A#m", "A#m", "A#m", "A#m", "A#m", "A#m", "A#m", "A#m", "A#m", "A#m", "A#m"]
