
metadata:
    version:
        essentia: "1.2.2"
    audio_properties:
        analysis_sample_rate: 44100
        bitrate: 128
        channels: 2
        equal_loudness: 1
        length: 10.0048980713
        replay_gain: -12.4361362457
        downmix: "mix"
    tags:
        track: 17
        year: 0
        album: "Splitted by Mp3Splt v. 2.1"
        artist: "From 002.40 To 002.50"
        comment: "http://mp3splt.sf.net"
        genre: ""
        title: "08 Everyday.I. Die.mp3"

highlevel:
    ballroom:
        all:
            ChaChaCha: 0.0956847667694
            Jive: 0.404023349285
            Quickstep: 0.00234446721151
            Rumba-American: 0.000174957342097
            Rumba-International: 0.000471303850645
            Rumba-Misc: 0.000209347752389
            Samba: 0.495773762465
            Tango: 0.000126194223412
            VienneseWaltz: 0.0010132646421
            Waltz: 0.000178598013008
        probability: 0.495773762465
        value: "Samba"
    culture:
        all:
            non_western: 0.013260776177
            western: 0.986739218235
        probability: 0.986739218235
        value: "western"
    gender:
        all:
            female: 0.729000210762
            male: 0.27099981904
        probability: 0.729000210762
        value: "female"
    genre_dortmund:
        all:
            alternative: 0.117602720857
            blues: 0.00462818238884
            electronic: 0.224509358406
            folkcountry: 0.0360279865563
            funksoulrnb: 0.00369853479788
            jazz: 0.0464488118887
            pop: 0.0588765591383
            raphiphop: 0.00423974636942
            rock: 0.503968119621
        probability: 0.503968119621
        value: "rock"
    genre_electronica:
        all:
            ambient: 0.0343427285552
            dnb: 0.0152040598914
            house: 0.0116447815672
            techno: 0.0192423276603
            trance: 0.919566094875
        probability: 0.919566094875
        value: "trance"
    genre_rosamerica:
        all:
            cla: 0.0129837784916
            dan: 0.666458249092
            hip: 0.0132706481963
            jaz: 0.0033811039757
            pop: 0.044840183109
            rhy: 0.00729790749028
            roc: 0.250340759754
            spe: 0.00142735789996
        probability: 0.666458249092
        value: "dan"
    genre_tzanetakis:
        all:
            blu: 0.0129971243441
            cla: 0.0163630433381
            cou: 0.0225020702928
            dis: 0.145417317748
            hip: 0.0532946959138
            jaz: 0.0563299246132
            met: 0.487179726362
            pop: 0.090195864439
            reg: 0.0225542858243
            roc: 0.0931659415364
        probability: 0.487179726362
        value: "met"
    live_studio:
        all:
            live: 0.0166834313422
            studio: 0.983316540718
        probability: 0.983316540718
        value: "studio"
    mood:
        all:
            Cluster1: 0.396377980709
            Cluster2: 0.0565383955836
            Cluster3: 0.00774464989081
            Cluster4: 0.0412977188826
            Cluster5: 0.498041242361
        probability: 0.498041242361
        value: "Cluster5"
    mood_acoustic:
        all:
            acoustic: 0.0116067724302
            not_acoustic: 0.988393247128
        probability: 0.988393247128
        value: "not_acoustic"
    mood_aggressive:
        all:
            aggressive: 0.953899264336
            not_aggressive: 0.0461007319391
        probability: 0.953899264336
        value: "aggressive"
    mood_electronic:
        all:
            electronic: 0.861585259438
            not_electronic: 0.138414755464
        probability: 0.861585259438
        value: "electronic"
    mood_happy:
        all:
            happy: 0.51587074995
            not_happy: 0.48412925005
        probability: 0.51587074995
        value: "happy"
    mood_party:
        all:
            not_party: 0.0968907997012
            party: 0.903109192848
        probability: 0.903109192848
        value: "party"
    mood_relaxed:
        all:
            not_relaxed: 0.980690360069
            relaxed: 0.0193096417934
        probability: 0.980690360069
        value: "not_relaxed"
    mood_sad:
        all:
            not_sad: 0.983787953854
            sad: 0.016212048009
        probability: 0.983787953854
        value: "not_sad"
    rhythm:
        all:
            fast: 0.683629870415
            medium: 0.233203843236
            slow: 0.0831662788987
        probability: 0.683629870415
        value: "fast"
    speech_music:
        all:
            music: 0.999960720539
            speech: 3.926829595e-05
        probability: 0.999960720539
        value: "music"
    timbre:
        all:
            bright: 0.418257057667
            dark: 0.581742942333
        probability: 0.581742942333
        value: "dark"
    voice_instrumental:
        all:
            instrumental: 0.989118635654
            voice: 0.010881385766
        probability: 0.989118635654
        value: "instrumental"

lowlevel:
    average_loudness: 0.969742119312
    barkbands_kurtosis:
        dmean: 0.59534907341
        dmean2: 0.996955573559
        dvar: 0.83508259058
        dvar2: 2.29953885078
        max: 4.39105176926
        mean: -0.865311861038
        min: -1.86258029938
        var: 1.04947948456
    barkbands_skewness:
        dmean: 0.390911787748
        dmean2: 0.596474349499
        dvar: 0.228050783277
        dvar2: 0.5060967803
        max: 2.39425373077
        mean: -0.448765456676
        min: -1.87804758549
        var: 0.482694238424
    barkbands_spread:
        dmean: 5.38162517548
        dmean2: 8.3666267395
        dvar: 30.1848430634
        dvar2: 76.4753799438
        max: 66.1081466675
        mean: 39.8127632141
        min: 17.2716808319
        var: 77.1762008667
    dissonance:
        dmean: 0.00986720435321
        dmean2: 0.0168163143098
        dvar: 9.71872432274e-05
        dvar2: 0.000241059649852
        max: 0.499609351158
        mean: 0.481713891029
        min: 0.416201382875
        var: 0.000145049591083
    hfc:
        dmean: 1.76559579372
        dmean2: 2.64309287071
        dvar: 7.39850234985
        dvar2: 13.6756439209
        max: 28.4813022614
        mean: 7.33950424194
        min: 0.0966360569
        var: 18.9494037628
    pitch:
        dmean: 1018.39154053
        dmean2: 2001.95812988
        dvar: 2415894.75
        dvar2: 5573770
        max: 4410
        mean: 1733.93334961
        min: 123.876403809
        var: 3170921.25
    pitch_instantaneous_confidence:
        dmean: 0.0720037668943
        dmean2: 0.122921921313
        dvar: 0.00318993884139
        dvar2: 0.00953562464565
        max: 0.708272457123
        mean: 0.414857208729
        min: 0.230336248875
        var: 0.00655165780336
    pitch_salience:
        dmean: 0.0600995570421
        dmean2: 0.0967957824469
        dvar: 0.00386597961187
        dvar2: 0.0100032854825
        max: 0.828156411648
        mean: 0.650158643723
        min: 0.268752425909
        var: 0.00718660932034
    silence_rate_20dB:
        dmean: 0
        dmean2: 0
        dvar: 0
        dvar2: 0
        max: 1
        mean: 1
        min: 1
        var: 0
    silence_rate_30dB:
        dmean: 0
        dmean2: 0
        dvar: 0
        dvar2: 0
        max: 1
        mean: 1
        min: 1
        var: 0
    silence_rate_60dB:
        dmean: 0.129930391908
        dmean2: 0.260465115309
        dvar: 0.113048128784
        dvar2: 0.215878382325
        max: 1
        mean: 0.636574089527
        min: 0
        var: 0.231348335743
    spectral_centroid:
        dmean: 288.337005615
        dmean2: 448.114196777
        dvar: 110658.117188
        dvar2: 234021.890625
        max: 3203.38623047
        mean: 2217.24755859
        min: 537.049987793
        var: 245040.515625
    spectral_complexity:
        dmean: 3.2023255825
        dmean2: 5.19347333908
        dvar: 11.9009304047
        dvar2: 26.3705101013
        max: 35
        mean: 13.7842226028
        min: 0
        var: 37.2179756165
    spectral_crest:
        dmean: 1.70884954929
        dmean2: 2.94385194778
        dvar: 3.67709922791
        dvar2: 9.51869773865
        max: 17.2257041931
        mean: 6.08013629913
        min: 3.13326525688
        var: 4.5956530571
    spectral_decrease:
        dmean: 3.41629086131e-10
        dmean2: 5.29615851175e-10
        dvar: 6.93297242809e-19
        dvar2: 1.78376515334e-18
        max: -7.48911002657e-12
        mean: -7.94784349445e-10
        min: -7.00601132664e-09
        var: 6.5760388239e-19
    spectral_energy:
        dmean: 0.00139879144263
        dmean2: 0.00216348702088
        dvar: 1.06189236249e-05
        dvar2: 2.65280850726e-05
        max: 0.0281755272299
        mean: 0.0036654160358
        min: 3.70306734112e-05
        var: 1.11775771074e-05
    spectral_energyband_high:
        dmean: 0.00020104937721
        dmean2: 0.000304008484818
        dvar: 8.26788095765e-08
        dvar2: 1.72144169142e-07
        max: 0.00299837719649
        mean: 0.000624917855021
        min: 8.45872091304e-06
        var: 1.85309119161e-07
    spectral_energyband_low:
        dmean: 0.000256220169831
        dmean2: 0.000415988470195
        dvar: 4.89772446599e-07
        dvar2: 1.08121525955e-06
        max: 0.00531573407352
        mean: 0.000288786133751
        min: 1.06878178485e-06
        var: 4.86103203912e-07
    spectral_energyband_middle_high:
        dmean: 0.000376336887712
        dmean2: 0.000575753103476
        dvar: 1.91094670754e-07
        dvar2: 3.89427981418e-07
        max: 0.00464443815872
        mean: 0.00149318121839
        min: 2.09233694477e-05
        var: 5.96760457938e-07
    spectral_energyband_middle_low:
        dmean: 0.000972813577391
        dmean2: 0.00166390440427
        dvar: 8.67557264428e-06
        dvar2: 2.38967513724e-05
        max: 0.02340535447
        mean: 0.00125849479809
        min: 6.57452983432e-06
        var: 6.0720840338e-06
    spectral_flatness_db:
        dmean: 0.0122218690813
        dmean2: 0.0193037036806
        dvar: 0.000177600202733
        dvar2: 0.000483521347633
        max: 0.195763975382
        mean: 0.124314002693
        min: 0.0817360207438
        var: 0.000283126835711
    spectral_flux:
        dmean: 0.00847322866321
        dmean2: 0.0124095454812
        dvar: 0.000207733013667
        dvar2: 0.00042675648001
        max: 0.136230140924
        mean: 0.037767637521
        min: 0.00608528312296
        var: 0.000367238622857
    spectral_kurtosis:
        dmean: 0.579232633114
        dmean2: 0.987157285213
        dvar: 0.309265524149
        dvar2: 0.75059056282
        max: 9.30390548706
        mean: 2.47529482841
        min: 0.949033737183
        var: 0.511874437332
    spectral_rms:
        dmean: 0.000279412517557
        dmean2: 0.000411872053519
        dvar: 2.47224306804e-07
        dvar2: 5.49827518626e-07
        max: 0.00524293025956
        mean: 0.00178765982855
        min: 0.000190072314581
        var: 3.8028647964e-07
    spectral_rolloff:
        dmean: 308.375366211
        dmean2: 521.665588379
        dvar: 345707.28125
        dvar2: 933909.5625
        max: 4737.3046875
        mean: 4035.80053711
        min: 366.064453125
        var: 282021.0625
    spectral_skewness:
        dmean: 0.101315848529
        dmean2: 0.169628992677
        dvar: 0.0113301277161
        dvar2: 0.0220060367137
        max: 2.64705967903
        mean: 1.07592952251
        min: 0.818947017193
        var: 0.0171096771955
    spectral_spread:
        dmean: 356032.75
        dmean2: 497163.59375
        dvar: 258673999872
        dvar2: 377363431424
        max: 11038350
        mean: 4922211
        min: 3688585.5
        var: 740726079488
    spectral_strongpeak:
        dmean: 0.504561305046
        dmean2: 0.906332731247
        dvar: 0.501105546951
        dvar2: 1.32404971123
        max: 4.15400266647
        mean: 0.538561761379
        min: 0.0160857737064
        var: 0.554757893085
    zerocrossingrate:
        dmean: 0.00832462776452
        dmean2: 0.0101378113031
        dvar: 9.19020385481e-05
        dvar2: 0.000119911586808
        max: 0.15673828125
        mean: 0.117887631059
        min: 0.04833984375
        var: 0.000338286452461
    barkbands:
        dmean: [5.98196663759e-07, 0.000103341342765, 0.00020251024398, 0.000558519561309, 0.000429683859693, 3.40469850926e-05, 1.97018816834e-05, 2.66216611635e-05, 4.29266983701e-05, 2.12799641304e-05, 3.34249307343e-05, 3.07603659166e-05, 3.13277123496e-05, 3.40487022186e-05, 5.54801517865e-05, 6.3473940827e-05, 9.80645490927e-05, 0.000141106851515, 0.000145465048263, 0.000199663991225, 0.000119025404274, 1.75993573066e-05, 4.73768159281e-06, 2.54242036135e-06, 1.45512183281e-06, 7.57856639666e-08, 6.88108237057e-10]
        dmean2: [9.51182187237e-07, 0.000172592990566, 0.000342867948348, 0.00100949511398, 0.000750760373194, 5.45277471247e-05, 3.08630988002e-05, 3.67596439901e-05, 6.01710817136e-05, 3.25360379065e-05, 4.90990096296e-05, 4.88231526106e-05, 5.21746442246e-05, 5.47058916709e-05, 9.1969348432e-05, 0.000108526037366, 0.000167515594512, 0.00023176567629, 0.000244104972808, 0.000317215599352, 0.00019224458083, 2.72206361842e-05, 7.42909742257e-06, 3.58778561349e-06, 1.93618120647e-06, 9.18473830325e-08, 8.3823470387e-10]
        dvar: [1.06715211754e-12, 8.06482276516e-08, 3.44359733617e-07, 3.98272914026e-06, 1.19571245705e-06, 2.63055688343e-09, 7.36764926845e-10, 1.10374964724e-09, 2.58113530549e-09, 7.49357187413e-10, 3.19706949803e-09, 1.72820269206e-09, 1.22791132817e-09, 1.22612875408e-09, 1.10382281093e-08, 4.8471520131e-09, 1.19052820935e-08, 2.41563196113e-08, 2.64392063798e-08, 6.15788877667e-08, 3.08571053154e-08, 9.57537715784e-10, 9.05920824468e-11, 3.97582626543e-11, 1.13124648538e-11, 3.3866684549e-14, 8.77454532602e-17]
        dvar2: [2.83997001263e-12, 1.98375559535e-07, 8.91859428975e-07, 1.12599609565e-05, 3.28902365254e-06, 7.16832726511e-09, 1.62940716475e-09, 2.19631002274e-09, 4.87237361568e-09, 1.6164829475e-09, 6.42246478222e-09, 4.17698542421e-09, 3.36617045349e-09, 3.25636517751e-09, 2.15140616433e-08, 1.34244579897e-08, 3.11523784546e-08, 6.8553859478e-08, 6.83211922592e-08, 1.30972892975e-07, 6.58814798271e-08, 2.12350337314e-09, 2.01018243717e-10, 6.86162932029e-11, 1.83258287018e-11, 6.20263185974e-14, 8.77372343936e-17]
        max: [7.39927554605e-06, 0.00204877462238, 0.00409811362624, 0.0154086090624, 0.00728096300736, 0.00041624091682, 0.000309311668389, 0.000370962370653, 0.000508970057126, 0.000369927409338, 0.000939854071476, 0.00044344633352, 0.000377822812879, 0.000237179192482, 0.00170265079942, 0.000606458983384, 0.000814324477687, 0.00132072984707, 0.00157210370526, 0.0024670350831, 0.00163857766893, 0.000307112495648, 7.62557101552e-05, 5.10748395754e-05, 3.12962110911e-05, 1.45238630012e-06, 1.94813679855e-07]
        mean: [1.49151833284e-06, 0.000112420188088, 0.000174909408088, 0.000451507803518, 0.000549143587705, 7.96310050646e-05, 4.37099843111e-05, 5.11707658006e-05, 7.85330412327e-05, 3.97944568249e-05, 5.41463596164e-05, 4.83756994072e-05, 5.17133448739e-05, 5.23744602106e-05, 8.81871310412e-05, 0.000109488108137, 0.000175223089173, 0.000296290207189, 0.000329573522322, 0.000530547229573, 0.000286837632302, 4.20637661591e-05, 9.99107942334e-06, 5.24198094354e-06, 2.93931316264e-06, 1.10958268351e-07, 7.52992057595e-10]
        min: [2.11242490167e-08, 6.80367861605e-07, 3.60217939033e-07, 2.76742980532e-07, 2.51745359492e-06, 1.76089372417e-06, 3.20073951343e-07, 2.81490883935e-07, 1.33771118271e-06, 4.41041038357e-07, 8.66058883275e-07, 1.1164222542e-06, 1.16910564429e-06, 3.99793634642e-07, 2.25275854859e-07, 5.75164563088e-07, 9.53354810918e-06, 1.99426881409e-06, 2.09108497984e-06, 5.9362932916e-06, 3.81792779081e-06, 6.60447426526e-07, 3.16820177204e-07, 2.49973567179e-07, 6.44279509743e-08, 4.26772928108e-09, 4.84323573e-13]
        var: [1.26607415957e-12, 7.39814893791e-08, 2.56452779013e-07, 2.57182864516e-06, 8.75655985055e-07, 3.6639382639e-09, 2.07072869962e-09, 2.81619971787e-09, 6.78329969972e-09, 1.47294709762e-09, 7.70991448462e-09, 2.67107225227e-09, 2.15992157493e-09, 1.88009408042e-09, 1.89082047797e-08, 6.63110544252e-09, 1.90720665927e-08, 3.81653819659e-08, 5.29594039733e-08, 1.30713956992e-07, 5.60962050145e-08, 1.6691554805e-09, 1.40268754945e-10, 7.69146690782e-11, 2.33228714119e-11, 6.03714262826e-14, 8.78270595907e-17]
    mfcc:
        mean: [-702.208190918, 82.0859375, -43.0980453491, 64.5925292969, -11.4202432632, -0.490396201611, 7.54581737518, -6.61325740814, -0.0859269350767, -5.56626462936, -9.00423526764, -6.64880752563, -6.58431005478]
        cov: [[751.113525391, -146.723495483, 128.427993774, -2.69289374352, 36.9643516541, 21.3523025513, 41.6978302002, 15.4406862259, 13.8685379028, -11.0366382599, -5.26307916641, -13.7285337448, -37.7366065979], [-146.723495483, 183.151184082, 25.41431427, 16.815372467, -29.3694458008, -16.3011016846, -14.4236841202, 2.57153439522, 10.2994422913, 20.7953128815, 6.86813688278, 0.842727720737, 10.9528999329], [128.427993774, 25.41431427, 196.103622437, 18.5407295227, 7.98208856583, -3.11644124985, 21.3859424591, 19.0979671478, 33.8198051453, 19.0933418274, 5.6017999649, 11.1712207794, 3.18132662773], [-2.69289374352, 16.815372467, 18.5407295227, 42.6969985962, 14.6165523529, 4.63242769241, -1.57375252247, -2.90639686584, 0.693336009979, -2.51347994804, -1.18399429321, -0.88738745451, -0.0385392196476], [36.9643516541, -29.3694458008, 7.98208856583, 14.6165523529, 53.6436462402, 30.2631168365, 16.1191329956, -4.68236494064, -4.89405107498, -9.2837305069, -4.69049882889, -0.0316396653652, 0.18790268898], [21.3523025513, -16.3011016846, -3.11644124985, 4.63242769241, 30.2631168365, 44.4086074829, 23.0538406372, -1.56023526192, -7.61409139633, -9.38882732391, -2.75003671646, -1.26048243046, -0.565061330795], [41.6978302002, -14.4236841202, 21.3859424591, -1.57375252247, 16.1191329956, 23.0538406372, 44.8246002197, 13.7956485748, -2.161683321, -4.14973163605, 2.94387245178, 7.62367486954, 2.74742817879], [15.4406862259, 2.57153439522, 19.0979671478, -2.90639686584, -4.68236494064, -1.56023526192, 13.7956485748, 39.5729064941, 24.0446910858, 4.57792949677, -0.814988553524, 2.44705748558, 2.8940782547], [13.8685379028, 10.2994422913, 33.8198051453, 0.693336009979, -4.89405107498, -7.61409139633, -2.161683321, 24.0446910858, 53.4293289185, 28.2382946014, 4.28365278244, -2.21738290787, 1.85717916489], [-11.0366382599, 20.7953128815, 19.0933418274, -2.51347994804, -9.2837305069, -9.38882732391, -4.14973163605, 4.57792949677, 28.2382946014, 48.8546981812, 25.2038974762, 0.891610860825, 0.78505730629], [-5.26307916641, 6.86813688278, 5.6017999649, -1.18399429321, -4.69049882889, -2.75003671646, 2.94387245178, -0.814988553524, 4.28365278244, 25.2038974762, 53.7441864014, 29.5950317383, 2.01702904701], [-13.7285337448, 0.842727720737, 11.1712207794, -0.88738745451, -0.0316396653652, -1.26048243046, 7.62367486954, 2.44705748558, -2.21738290787, 0.891610860825, 29.5950317383, 59.3808364868, 24.0628890991], [-37.7366065979, 10.9528999329, 3.18132662773, -0.0385392196476, 0.18790268898, -0.565061330795, 2.74742817879, 2.8940782547, 1.85717916489, 0.78505730629, 2.01702904701, 24.0628890991, 44.0173873901]]
        icov: [[0.00204313849099, 0.00165061710868, -0.00155289995018, 0.000193736545043, -6.73890244798e-05, 8.51830861848e-07, -0.000699302530847, 3.47621607943e-05, -0.00023557813256, 0.000626251858193, -0.000424272060627, 0.000529734999873, 0.00122356927022], [0.00165061710868, 0.00852777808905, -0.00210586073808, -0.00413817865774, 0.00532049639151, -0.00194485334214, 0.00114694226068, -0.000904315733351, 0.00153965922073, -0.00285448296927, 0.000269924872555, 0.000865150534082, -0.0011174880201], [-0.00155289995018, -0.00210586073808, 0.00811876077205, -0.00282648322172, -0.00129849475343, 0.00332030165009, -0.00485934410244, 0.00114855938591, -0.00415736809373, -0.00144407956395, 0.00190899823792, -0.00247840234078, 0.000347936846083], [0.000193736545043, -0.00413817865774, -0.00282648322172, 0.0307247936726, -0.0120009724051, 0.00163849198725, 0.00435921410099, 0.00100664200727, -0.00137944438029, 0.00503642763942, -0.00285787018947, 0.00168040290009, 0.000341684906743], [-6.73890244798e-05, 0.00532049639151, -0.00129849475343, -0.0120009724051, 0.0388107448816, -0.0221812929958, -0.00232973787934, 0.00578661588952, -0.00272029917687, 0.000362691731425, 0.00239384407178, -0.00117063929792, -0.00134524516761], [8.51830861848e-07, -0.00194485334214, 0.00332030165009, 0.00163849198725, -0.0221812929958, 0.0489408448339, -0.0214479789138, 0.00633096089587, -0.00307823135518, 0.00566758960485, -0.00304948212579, 0.00440915254876, -0.000350259564584], [-0.000699302530847, 0.00114694226068, -0.00485934410244, 0.00435921410099, -0.00232973787934, -0.0214479789138, 0.0451700910926, -0.0214901547879, 0.013598904945, -0.00458599161357, -0.000849251635373, -0.00320247327909, -0.000904077955056], [3.47621607943e-05, -0.000904315733351, 0.00114855938591, 0.00100664200727, 0.00578661588952, 0.00633096089587, -0.0214901547879, 0.0494785346091, -0.0292538609356, 0.0135096767917, -0.0014438125072, 0.000454966240795, -0.000871752970852], [-0.00023557813256, 0.00153965922073, -0.00415736809373, -0.00137944438029, -0.00272029917687, -0.00307823135518, 0.013598904945, -0.0292538609356, 0.0490675568581, -0.0300482865423, 0.010405773297, -0.00297767762095, 0.000377510063117], [0.000626251858193, -0.00285448296927, -0.00144407956395, 0.00503642763942, 0.000362691731425, 0.00566758960485, -0.00458599161357, 0.0135096767917, -0.0300482865423, 0.055469121784, -0.0313089042902, 0.0170916449279, -0.00680510839447], [-0.000424272060627, 0.000269924872555, 0.00190899823792, -0.00285787018947, 0.00239384407178, -0.00304948212579, -0.000849251635373, -0.0014438125072, 0.010405773297, -0.0313089042902, 0.0473584569991, -0.0284152645618, 0.0130101395771], [0.000529734999873, 0.000865150534082, -0.00247840234078, 0.00168040290009, -0.00117063929792, 0.00440915254876, -0.00320247327909, 0.000454966240795, -0.00297767762095, 0.0170916449279, -0.0284152645618, 0.0398249737918, -0.0199971031398], [0.00122356927022, -0.0011174880201, 0.000347936846083, 0.000341684906743, -0.00134524516761, -0.000350259564584, -0.000904077955056, -0.000871752970852, 0.000377510063117, -0.00680510839447, 0.0130101395771, -0.0199971031398, 0.0345765314996]]
    spectral_contrast:
        mean: [-3.16347148477e-09, 2.31037148524e-07, 5.34851416489e-08, -1.16694067742e-07, -4.1164889808e-07, 2.88083352729e-08, -2.54681935985e-06, -2.58246450358e-06, 4.50727293355e-06, -1.52261520725e-06, 2.88757547651e-07, 7.20649211416e-07]
        var: [0.000208746932913, 0.000290232303087, 0.000776965811383, 0.00136252178345, 0.0016353437677, 0.00475558033213, 0.0226341392845, 0.0671604126692, 0.0751182511449, 0.115108214319, 0.205440625548, 0.460903376341]

rhythm:
    beats_loudness:
        dmean: 0.00159768073354
        dmean2: 0.00304068322293
        dvar: 1.96480664272e-06
        dvar2: 4.92639310323e-06
        max: 0.0132523402572
        mean: 0.0112822605297
        min: 0.00912690814584
        var: 2.19223852582e-06
    beats_loudness_bass:
        dmean: 0.335044175386
        dmean2: 0.648218870163
        dvar: 0.00601867539808
        dvar2: 0.0117469672114
        max: 0.580818891525
        mean: 0.38460996747
        min: 0.0983475968242
        var: 0.0316788628697
    bpm: 82.314994812
    bpm_confidence: 0
    first_peak_bpm: 82
    first_peak_spread: 0.0833333134651
    first_peak_weight: 0.916666686535
    onset_rate: 1.79911887646
    second_peak_bpm: 0
    second_peak_spread: 0
    second_peak_weight: 0
    beats_position: [0.708650112152, 1.43713736534, 2.16562461853, 2.89411187172, 3.62259912491, 4.35108613968, 5.07957315445, 5.80806064606, 6.55533599854, 7.2850933075, 8.01485061646, 8.74460697174, 9.47436523438]
    bpm_estimates: [82.892074585, 82.2197494507, 82.4460296631, 82.3544387817, 82.4037628174, 82.1809692383, 82.2061309814, 82.2305221558, 82.3790283203, 82.3164901733, 82.2143554688, 82.239654541, 82.1423873901, 82.338684082, 82.1607818604]
    bpm_intervals: [0.728487253189, 0.728487253189, 0.728487253189, 0.728487253189, 0.728487014771, 0.728487014771, 0.728487491608, 0.747275352478, 0.72975730896, 0.72975730896, 0.729756355286, 0.729758262634]
    onset_times: [0.0348299331963, 0.696598649025, 0.917188227177, 1.42802715302, 2.15945577621, 2.3916554451, 2.89088439941, 3.62231302261, 4.35374164581, 5.08517026901, 5.32897949219, 5.81659841537, 6.54802703857, 7.27945566177, 8.01088428497, 8.44045352936, 8.74231338501, 9.47374153137]
    rubato_start: []
    rubato_stop: []
    perceptual_tempo: "unknown"

sfx:
    inharmonicity:
        dmean: 0.0585886090994
        dmean2: 0.101696148515
        dvar: 0.00250907824375
        dvar2: 0.00741052860394
        max: 0.323494911194
        mean: 0.0718516483903
        min: 0.000195619853912
        var: 0.00321839586832
    oddtoevenharmonicenergyratio:
        dmean: 1.72172999382
        dmean2: 3.21840858459
        dvar: 10.3794956207
        dvar2: 29.7212600708
        max: 24.0328941345
        mean: 1.27765166759
        min: 0.0006023789756
        var: 6.75786447525
    pitch_after_max_to_before_max_energy_ratio: 8.73608016968
    pitch_centroid: 207.930755615
    pitch_max_to_total: 0.0742459371686
    pitch_min_to_total: 0.870069622993
    tristimulus:
        dmean: [0.177613541484, 0.251733422279, 0.212946847081]
        dmean2: [0.311599969864, 0.440574556589, 0.383130520582]
        dvar: [0.0268368516117, 0.0383996330202, 0.0286528803408]
        dvar2: [0.0736622214317, 0.101270757616, 0.074440471828]
        max: [0.940512776375, 0.944821894169, 0.751838505268]
        mean: [0.301934093237, 0.416935682297, 0.22752264142]
        min: [0.0195121318102, 0, 0]
        var: [0.0356557071209, 0.0555025823414, 0.0372265428305]

tonal:
    chords_changes_rate: 0.0138248847798
    chords_number_rate: 0.0184331797063
    chords_strength:
        dmean: 0.00780770601705
        dmean2: 0.0070102144964
        dvar: 4.80352464365e-05
        dvar2: 3.92363544961e-05
        max: 0.723068058491
        mean: 0.594389855862
        min: 0.32733336091
        var: 0.0102057904005
    key_strength: 0.686310887337
    tuning_diatonic_strength: 0.593867957592
    tuning_equal_tempered_deviation: 0.104851253331
    tuning_frequency: 437.465789795
    tuning_nontempered_energy_ratio: 0.761052131653
    hpcp:
        dmean: [0.123089618981, 0.135067284107, 0.166227832437, 0.198637738824, 0.214121058583, 0.166558206081, 0.162028685212, 0.153674811125, 0.149804413319, 0.136420354247, 0.140257850289, 0.158373340964, 0.154180943966, 0.143359035254, 0.126937970519, 0.126832619309, 0.11909494549, 0.110688008368, 0.0913862213492, 0.11276692152, 0.127586662769, 0.142691209912, 0.133429557085, 0.13542458415, 0.150991052389, 0.130131721497, 0.189054891467, 0.172914385796, 0.149703383446, 0.108364336193, 0.103978380561, 0.103586710989, 0.139996498823, 0.143229871988, 0.106959290802, 0.110364727676]
        dmean2: [0.20594227314, 0.231677383184, 0.26878452301, 0.33143928647, 0.361743986607, 0.281398415565, 0.262309372425, 0.256589770317, 0.240446656942, 0.222994372249, 0.229941517115, 0.239938288927, 0.231666997075, 0.216459438205, 0.19996739924, 0.204559206963, 0.191353559494, 0.18927796185, 0.153465524316, 0.187742426991, 0.20305891335, 0.233102694154, 0.211385130882, 0.228201717138, 0.258910596371, 0.223952189088, 0.306933552027, 0.274671286345, 0.234030112624, 0.188484370708, 0.180581822991, 0.174781233072, 0.231143027544, 0.241760551929, 0.18432456255, 0.18550992012]
        dvar: [0.0238761641085, 0.0335126668215, 0.0211505014449, 0.0336321927607, 0.0387178622186, 0.0308409072459, 0.0336214378476, 0.0215115640312, 0.0195522140712, 0.0192431695759, 0.0207959339023, 0.0207526907325, 0.0212610270828, 0.0167140737176, 0.015926996246, 0.0174825396389, 0.0193796399981, 0.018514951691, 0.0175883546472, 0.0231447555125, 0.019190730527, 0.0324907563627, 0.0193062312901, 0.0352709032595, 0.0402888581157, 0.0286496970803, 0.0443512760103, 0.0437078475952, 0.0247821733356, 0.0164355840534, 0.0184048134834, 0.0166549049318, 0.0246335491538, 0.0205702856183, 0.0112732406706, 0.0195353981107]
        dvar2: [0.0647495090961, 0.0920419320464, 0.0528528317809, 0.0778117105365, 0.100620396435, 0.0709722042084, 0.0768614336848, 0.0518426708877, 0.0516377724707, 0.0462947003543, 0.0449559763074, 0.0422568060458, 0.0469563119113, 0.0402537174523, 0.043549682945, 0.0454324893653, 0.0538073331118, 0.0524435117841, 0.0456440635026, 0.0635602846742, 0.0431971028447, 0.076743260026, 0.0503752492368, 0.0935121849179, 0.107360109687, 0.0802028775215, 0.113230988383, 0.0997063666582, 0.0635128840804, 0.0477755963802, 0.0587193854153, 0.0457936562598, 0.062467623502, 0.0475797951221, 0.0299460217357, 0.0476402752101]
        max: [1, 1, 1, 1, 1, 1, 1, 1, 1, 1, 1, 1, 1, 1, 0.736390888691, 1, 1, 1, 1, 1, 1, 1, 1, 1, 1, 1, 1, 1, 1, 0.91915333271, 1, 1, 1, 1, 0.752888143063, 1]
        mean: [0.175020948052, 0.208416670561, 0.386443942785, 0.470062881708, 0.351735085249, 0.330010563135, 0.367759048939, 0.330389946699, 0.28881496191, 0.259154438972, 0.266582906246, 0.339435994625, 0.383767724037, 0.324000060558, 0.275373071432, 0.245813593268, 0.205678001046, 0.185379222035, 0.162576198578, 0.169577583671, 0.287132889032, 0.334180414677, 0.210956886411, 0.182785585523, 0.197818368673, 0.178449600935, 0.386309146881, 0.543545603752, 0.334285318851, 0.168883085251, 0.159376963973, 0.173997223377, 0.302538603544, 0.307115346193, 0.17501924932, 0.165991932154]
        min: [0.00992281083018, 0.0135092381388, 0.022262558341, 0.040886413306, 0.0204522442073, 0.0154452249408, 0.0206337515265, 0.0242371149361, 0.0135476393625, 0.01559805125, 0.0248046256602, 0.0227093789726, 0.0193922501057, 0.0250467602164, 0.0311495307833, 0.0269293729216, 0.0158749613911, 0.00871682260185, 0.00423509161919, 0.0138318706304, 0.00705748284236, 0.00884655769914, 0.00580639811233, 0.00799841899425, 0.00629707751796, 0.0101807536557, 0.0131378443912, 0.0178242307156, 0.0158904194832, 0.0117337750271, 0.0114182950929, 0.0127426227555, 0.0160020962358, 0.0148653024808, 0.00709371920675, 0.00621176324785]
        var: [0.024919912219, 0.032202038914, 0.0618601255119, 0.0869217589498, 0.0575485676527, 0.0593754649162, 0.0930466279387, 0.0456937476993, 0.0344959124923, 0.0316334888339, 0.0370927453041, 0.0490629002452, 0.0733217000961, 0.0370755009353, 0.0273624528199, 0.0254405960441, 0.0259840283543, 0.0218509919941, 0.0377435199916, 0.0296369232237, 0.0524203330278, 0.10254433006, 0.0394687876105, 0.0382097736001, 0.0458355434239, 0.0310796946287, 0.0739662349224, 0.125889465213, 0.0535910092294, 0.0178178921342, 0.0163795482367, 0.0189960841089, 0.0651725009084, 0.0508653260767, 0.0146531211212, 0.0226320382208]
    chords_histogram: [0, 4.14746522903, 64.51612854, 0, 0, 0, 0, 0, 5.99078321457, 0, 0, 0, 0, 0, 0, 0, 0, 0, 0, 0, 0, 0, 25.3456230164, 0]
    thpcp: [1, 0.61500877142, 0.310706377029, 0.293217271566, 0.320115238428, 0.556602060795, 0.565022230148, 0.321995526552, 0.305387318134, 0.321998655796, 0.383439153433, 0.710968732834, 0.864808559418, 0.647112369537, 0.60714417696, 0.676592826843, 0.607842206955, 0.531353712082, 0.476785093546, 0.490451782942, 0.624484837055, 0.706045150757, 0.596086263657, 0.50662368536, 0.452240973711, 0.378400623798, 0.341055512428, 0.299103140831, 0.311984091997, 0.528259038925, 0.61481577158, 0.388112574816, 0.336283802986, 0.36394071579, 0.32830658555, 0.710720777512]
    chords_key: "F#"
    chords_scale: "major"
    key_key: "B"
    key_scale: "major"
    chords_progression: ["E", "E", "E", "E", "E", "E", "E", "E", "E", "E", "E", "E", "E", "E", "E", "E", "E", "E", "E", "E", "E", "E", "E", "E", "E", "E", "E", "E", "E", "E", "E", "E", "E", "E", "E", "E", "E", "E", "E", "E", "E", "E", "E", "E", "E", "E", "E", "E", "E", "E", "E", "E", "E", "E", "E", "D#", "D#", "D#", "D#", "D#", "D#", "D#", "D#", "D#", "D#", "D#", "D#", "D#", "D#m", "D#m", "D#m", "D#m", "D#m", "D#m", "D#m", "D#m", "D#m", "F#", "F#", "F#", "F#", "F#", "F#", "F#", "F#", "F#", "F#", "F#", "F#", "F#", "F#", "F#", "F#", "F#", "F#", "F#", "F#", "F#", "F#", "F#", "F#", "F#", "F#", "F#", "F#", "F#", "F#", "F#", "F#", "F#", "F#", "F#", "F#", "F#", "F#", "F#", "F#", "F#", "F#", "F#", "F#", "F#", "F#", "F#", "F#", "F#", "F#", "F#", "F#", "F#", "F#", "F#", "F#", "F#", "F#", "F#", "F#", "F#", "F#", "F#", "F#", "F#", "F#", "F#", "F#", "F#", "F#", "F#", "F#", "F#", "F#", "F#", "F#", "F#", "F#", "F#", "F#", "F#", "F#", "F#", "F#", "F#", "F#", "F#", "F#", "F#", "F#", "F#", "F#", "F#", "F#", "F#", "F#", "F#", "F#", "F#", "F#", "F#", "F#", "F#", "F#", "F#", "F#", "F#", "F#", "F#", "F#", "F#", "F#", "F#", "F#", "F#", "F#", "F#", "F#", "F#", "F#", "F#", "F#", "F#", "F#", "F#", "F#", "F#", "F#", "F#", "F#", "F#", "F#", "F#", "F#", "F#", "F#", "F#", "F#", "F#", "F#"]
