
metadata:
    version:
        essentia: "1.2.2"
    audio_properties:
        analysis_sample_rate: 44100
        bitrate: 128
        channels: 2
        equal_loudness: 1
        length: 10.0310201645
        replay_gain: -5.66221427917
        downmix: "mix"
    tags:
        track: 6
        year: 0
        album: "Splitted by Mp3Splt v. 2.1"
        artist: "From 000.50 To 001.00"
        comment: "http://mp3splt.sf.net"
        genre: ""
        title: "04 But Not for Me.mp3"

highlevel:
    ballroom:
        all:
            ChaChaCha: 0.035495698452
            Jive: 0.0740851759911
            Quickstep: 0.078616052866
            Rumba-American: 0.0484763458371
            Rumba-International: 0.247073814273
            Rumba-Misc: 0.0480277426541
            Samba: 0.0835769400001
            Tango: 0.167988941073
            VienneseWaltz: 0.112967759371
            Waltz: 0.103691533208
        probability: 0.247073814273
        value: "Rumba-International"
    culture:
        all:
            non_western: 0.0526834055781
            western: 0.947316586971
        probability: 0.947316586971
        value: "western"
    gender:
        all:
            female: 0.905288040638
            male: 0.0947119295597
        probability: 0.905288040638
        value: "female"
    genre_dortmund:
        all:
            alternative: 0.00547428429127
            blues: 0.0223142262548
            electronic: 0.00214301561937
            folkcountry: 0.00922522414476
            funksoulrnb: 0.00362575915642
            jazz: 0.941943407059
            pop: 0.00674007553607
            raphiphop: 0.000443441764219
            rock: 0.0080905565992
        probability: 0.941943407059
        value: "jazz"
    genre_electronica:
        all:
            ambient: 0.435608834028
            dnb: 0.191023260355
            house: 0.0588872544467
            techno: 0.0175793785602
            trance: 0.296901255846
        probability: 0.435608834028
        value: "ambient"
    genre_rosamerica:
        all:
            cla: 0.00802033022046
            dan: 0.0248996056616
            hip: 0.00761009659618
            jaz: 0.825920820236
            pop: 0.0513465665281
            rhy: 0.0291395056993
            roc: 0.051033847034
            spe: 0.00202920217998
        probability: 0.825920820236
        value: "jaz"
    genre_tzanetakis:
        all:
            blu: 0.000898411672097
            cla: 0.00138974003494
            cou: 0.00632641930133
            dis: 0.00173398375046
            hip: 0.000877966871485
            jaz: 0.943098723888
            met: 0.000782698974945
            pop: 0.0250933673233
            reg: 0.0169125422835
            roc: 0.00288613792509
        probability: 0.943098723888
        value: "jaz"
    live_studio:
        all:
            live: 0.244364514947
            studio: 0.755635499954
        probability: 0.755635499954
        value: "studio"
    mood:
        all:
            Cluster1: 0.331197500229
            Cluster2: 0.248330593109
            Cluster3: 0.1519202739
            Cluster4: 0.0912262201309
            Cluster5: 0.177325412631
        probability: 0.331197500229
        value: "Cluster1"
    mood_acoustic:
        all:
            acoustic: 0.76015907526
            not_acoustic: 0.239840909839
        probability: 0.76015907526
        value: "acoustic"
    mood_aggressive:
        all:
            aggressive: 0.0398516841233
            not_aggressive: 0.960148334503
        probability: 0.960148334503
        value: "not_aggressive"
    mood_electronic:
        all:
            electronic: 0.18028408289
            not_electronic: 0.81971591711
        probability: 0.81971591711
        value: "not_electronic"
    mood_happy:
        all:
            happy: 0.359788089991
            not_happy: 0.640211939812
        probability: 0.640211939812
        value: "not_happy"
    mood_party:
        all:
            not_party: 0.889388382435
            party: 0.110611610115
        probability: 0.889388382435
        value: "not_party"
    mood_relaxed:
        all:
            not_relaxed: 0.137929916382
            relaxed: 0.862070083618
        probability: 0.862070083618
        value: "relaxed"
    mood_sad:
        all:
            not_sad: 0.221469566226
            sad: 0.778530418873
        probability: 0.778530418873
        value: "sad"
    rhythm:
        all:
            fast: 0.749282419682
            medium: 0.157810181379
            slow: 0.0929074287415
        probability: 0.749282419682
        value: "fast"
    speech_music:
        all:
            music: 0.999871075153
            speech: 0.000128929124912
        probability: 0.999871075153
        value: "music"
    timbre:
        all:
            bright: 0.182497516274
            dark: 0.817502498627
        probability: 0.817502498627
        value: "dark"
    voice_instrumental:
        all:
            instrumental: 0.999989688396
            voice: 1.02940221041e-05
        probability: 0.999989688396
        value: "instrumental"

lowlevel:
    average_loudness: 0.972068369389
    barkbands_kurtosis:
        dmean: 2.39069724083
        dmean2: 3.5635073185
        dvar: 16.8601665497
        dvar2: 35.8841247559
        max: 40.7633857727
        mean: 3.03538990021
        min: -1.7868989706
        var: 51.93957901
    barkbands_skewness:
        dmean: 0.530987381935
        dmean2: 0.744122862816
        dvar: 0.346931606531
        dvar2: 0.623295903206
        max: 6.19000911713
        mean: 1.38842010498
        min: -0.991197228432
        var: 1.86356651783
    barkbands_spread:
        dmean: 4.8752040863
        dmean2: 7.31204223633
        dvar: 25.065284729
        dvar2: 53.0053291321
        max: 49.5031661987
        mean: 24.7480716705
        min: 5.03968000412
        var: 99.9373474121
    dissonance:
        dmean: 0.0242364238948
        dmean2: 0.0394923239946
        dvar: 0.000505960430019
        dvar2: 0.00132343871519
        max: 0.497158437967
        mean: 0.438826918602
        min: 0.300214797258
        var: 0.000905445485841
    hfc:
        dmean: 1.15534245968
        dmean2: 1.5651679039
        dvar: 2.40028095245
        dvar2: 4.01336431503
        max: 23.3550815582
        mean: 4.43161725998
        min: 0.0488528199494
        var: 13.9521903992
    pitch:
        dmean: 189.179122925
        dmean2: 371.322540283
        dvar: 553143.9375
        dvar2: 1536580.125
        max: 4410
        mean: 383.607147217
        min: 86.1328125
        var: 432596.8125
    pitch_instantaneous_confidence:
        dmean: 0.101968251169
        dmean2: 0.153093233705
        dvar: 0.0108929760754
        dvar2: 0.0237984284759
        max: 0.955999493599
        mean: 0.620011389256
        min: 0.186309218407
        var: 0.0343917198479
    pitch_salience:
        dmean: 0.0646436586976
        dmean2: 0.0957823619246
        dvar: 0.00299739302136
        dvar2: 0.00652344338596
        max: 0.778007745743
        mean: 0.505968511105
        min: 0.183414965868
        var: 0.0111533124
    silence_rate_20dB:
        dmean: 0
        dmean2: 0
        dvar: 0
        dvar2: 0
        max: 1
        mean: 1
        min: 1
        var: 0
    silence_rate_30dB:
        dmean: 0
        dmean2: 0
        dvar: 0
        dvar2: 0
        max: 1
        mean: 1
        min: 1
        var: 0
    silence_rate_60dB:
        dmean: 0.12037037313
        dmean2: 0.238979116082
        dvar: 0.105880886316
        dvar2: 0.200429871678
        max: 1
        mean: 0.378752887249
        min: 0
        var: 0.235299915075
    spectral_centroid:
        dmean: 192.655410767
        dmean2: 278.28225708
        dvar: 40052.2695312
        dvar2: 68659.796875
        max: 2017.42675781
        mean: 899.395324707
        min: 194.513137817
        var: 172248.296875
    spectral_complexity:
        dmean: 1.90023207664
        dmean2: 2.81162786484
        dvar: 4.59097576141
        dvar2: 7.9296245575
        max: 21
        mean: 9.1875
        min: 0
        var: 21.7032699585
    spectral_crest:
        dmean: 2.28636527061
        dmean2: 3.51086831093
        dvar: 4.55399799347
        dvar2: 9.30057525635
        max: 22.4514579773
        mean: 10.1108026505
        min: 2.92953419685
        var: 18.8780899048
    spectral_decrease:
        dmean: 2.30263266787e-10
        dmean2: 3.17562226515e-10
        dvar: 5.35445190369e-20
        dvar2: 1.03535347378e-19
        max: -8.43055486532e-12
        mean: -1.08126241294e-09
        min: -3.51764328776e-09
        var: 4.27593646866e-19
    spectral_energy:
        dmean: 0.000945417850744
        dmean2: 0.0012923165923
        dvar: 9.2295374543e-07
        dvar2: 1.75394518465e-06
        max: 0.0144446296617
        mean: 0.00448289420456
        min: 3.62499013136e-05
        var: 7.57402040108e-06
    spectral_energyband_high:
        dmean: 3.05375069729e-05
        dmean2: 4.48901082564e-05
        dvar: 1.06770925434e-09
        dvar2: 2.07717953948e-09
        max: 0.000394026981667
        mean: 9.10673261387e-05
        min: 1.05174842702e-06
        var: 3.89348242535e-09
    spectral_energyband_low:
        dmean: 0.000447438273113
        dmean2: 0.000633914547507
        dvar: 4.01542081363e-07
        dvar2: 7.45442036987e-07
        max: 0.00671486277133
        mean: 0.000909513968509
        min: 1.35161599246e-06
        var: 1.0920520026e-06
    spectral_energyband_middle_high:
        dmean: 0.000417086383095
        dmean2: 0.000558971718419
        dvar: 3.3783857134e-07
        dvar2: 5.57103305709e-07
        max: 0.00822481606156
        mean: 0.00137768860441
        min: 1.06766101453e-05
        var: 2.12018335333e-06
    spectral_energyband_middle_low:
        dmean: 0.000528339587618
        dmean2: 0.000741608266253
        dvar: 3.6496956568e-07
        dvar2: 7.33786237106e-07
        max: 0.0105201872066
        mean: 0.0021045866888
        min: 1.89786933333e-05
        var: 2.94858637062e-06
    spectral_flatness_db:
        dmean: 0.0168683733791
        dmean2: 0.0257006008178
        dvar: 0.000248868367635
        dvar2: 0.000542532361578
        max: 0.28396704793
        mean: 0.189521297812
        min: 0.112489208579
        var: 0.000989746535197
    spectral_flux:
        dmean: 0.00923798233271
        dmean2: 0.0150082353503
        dvar: 7.28155937395e-05
        dvar2: 0.000170782106579
        max: 0.0894403755665
        mean: 0.0274169482291
        min: 0.00513812201098
        var: 0.000189704427612
    spectral_kurtosis:
        dmean: 1.21735608578
        dmean2: 2.03346586227
        dvar: 1.25022518635
        dvar2: 3.13055467606
        max: 14.38829422
        mean: 4.52988767624
        min: 0.96487903595
        var: 3.2471613884
    spectral_rms:
        dmean: 0.000234458188061
        dmean2: 0.000317100289976
        dvar: 5.07674364769e-08
        dvar2: 8.53708570503e-08
        max: 0.00375397410244
        mean: 0.00198911386542
        min: 0.000188057863852
        var: 4.16979418105e-07
    spectral_rolloff:
        dmean: 441.704986572
        dmean2: 715.252563477
        dvar: 392125.75
        dvar2: 700898.4375
        max: 3703.7109375
        mean: 1765.22497559
        min: 129.19921875
        var: 1240815.375
    spectral_skewness:
        dmean: 0.173392742872
        dmean2: 0.273351371288
        dvar: 0.023578112945
        dvar2: 0.0594875961542
        max: 3.22898817062
        mean: 1.64785683155
        min: 0.890989780426
        var: 0.0681807026267
    spectral_spread:
        dmean: 419441.90625
        dmean2: 624742.3125
        dvar: 256522928128
        dvar2: 424416051200
        max: 8329390
        mean: 4689950
        min: 2761438.5
        var: 1.33325651968e+12
    spectral_strongpeak:
        dmean: 0.318022727966
        dmean2: 0.557650625706
        dvar: 0.479654699564
        dvar2: 1.13654267788
        max: 5.17619514465
        mean: 0.60192668438
        min: 0.0046975268051
        var: 0.717143297195
    zerocrossingrate:
        dmean: 0.0083936797455
        dmean2: 0.00987917836756
        dvar: 5.40709370398e-05
        dvar2: 6.96419447195e-05
        max: 0.1103515625
        mean: 0.0584513358772
        min: 0.01318359375
        var: 0.000400434277253
    barkbands:
        dmean: [1.29576264385e-07, 7.09473679308e-05, 0.000394164788304, 8.807129052e-05, 0.000183559008292, 0.000272040226264, 0.000117838571896, 0.000165983117768, 0.000105589155282, 3.82130529033e-05, 7.81006674515e-05, 3.33082207362e-05, 2.01692728297e-05, 4.71301827929e-05, 5.49981923541e-05, 4.5670702093e-05, 4.6143286454e-05, 0.000131352615426, 7.29302701075e-05, 5.61292181374e-05, 1.66384561453e-05, 3.69523627342e-06, 4.45148884864e-07, 2.11805556205e-07, 1.56504739834e-07, 6.67284494327e-09, 2.74505335129e-10]
        dmean2: [1.63230154726e-07, 0.000103849728475, 0.000566724513192, 0.00012842612341, 0.000291340082185, 0.000400894175982, 0.00017218074936, 0.000228464399697, 0.000144265693962, 5.67211864109e-05, 8.95312186913e-05, 4.76486202388e-05, 2.86428894469e-05, 6.77835705574e-05, 7.92564169387e-05, 5.89107912674e-05, 6.52594462736e-05, 0.000187979807379, 0.000105072671431, 8.33797967061e-05, 2.59081352851e-05, 5.45140619579e-06, 6.79340303122e-07, 3.09581196234e-07, 2.32717269455e-07, 9.88050707917e-09, 4.26455232239e-10]
        dvar: [2.47365691299e-12, 6.89287293909e-09, 3.56863097295e-07, 1.28528654386e-08, 5.28989971826e-08, 1.95369466383e-07, 4.45549055428e-08, 1.03642278759e-07, 3.23082609555e-08, 8.07725797358e-09, 7.11372649675e-08, 6.26932639136e-09, 1.33027755478e-09, 5.17700016189e-09, 1.21593197733e-08, 1.88773636722e-08, 5.29408916705e-09, 4.33623874585e-08, 1.5143980292e-08, 1.07650945935e-08, 3.92515103753e-10, 1.65024677951e-11, 2.99258014202e-13, 6.43559505817e-14, 4.62227912196e-14, 1.11988409713e-16, 4.20654676862e-18]
        dvar2: [2.47983079384e-12, 1.46463738915e-08, 6.79618040067e-07, 2.30507808396e-08, 1.31948993953e-07, 4.88515468078e-07, 7.17294525998e-08, 1.76941171048e-07, 5.18081613166e-08, 1.5583774271e-08, 8.19649912387e-08, 1.20014522764e-08, 2.33699748442e-09, 9.35922717105e-09, 1.9093000958e-08, 3.52447599994e-08, 9.19226117446e-09, 7.41917887126e-08, 3.19544497529e-08, 2.42685693763e-08, 9.4825003405e-10, 3.648844768e-11, 6.3303854346e-13, 1.20453980449e-13, 9.86763093653e-14, 2.52957045865e-16, 4.28534399377e-18]
        max: [3.27317829942e-05, 0.000749660597648, 0.00624815002084, 0.00115737086162, 0.00195702956989, 0.00445301504806, 0.00365788955241, 0.00487856240943, 0.00282056280412, 0.000908532354515, 0.0052337422967, 0.00104151421692, 0.000410683103837, 0.000745503755752, 0.00260109547526, 0.0036005587317, 0.000650827540085, 0.00241141323932, 0.00150082225446, 0.00160403980408, 0.000286115158815, 4.91985483677e-05, 5.65805157748e-06, 2.1219257178e-06, 2.0275949737e-06, 1.00953748472e-07, 4.27018775895e-08]
        mean: [1.44500361898e-07, 0.000148731473018, 0.000760680413805, 0.000199049318326, 0.000400341901695, 0.000592798227444, 0.000214031490032, 0.000455083878478, 0.000217867811443, 6.60790901748e-05, 0.000194516469492, 7.84940493759e-05, 4.24112658948e-05, 0.000105940489448, 0.000158472365001, 0.000134607063956, 9.37696459005e-05, 0.000288176292088, 0.000145662765135, 0.000129187945276, 4.44359066023e-05, 1.01547821032e-05, 1.23128040741e-06, 5.92963374402e-07, 4.22260569621e-07, 1.47418059981e-08, 2.57717736041e-10]
        min: [6.67888799821e-10, 2.24717794595e-07, 7.97655104634e-07, 7.47105389109e-07, 7.87732642493e-06, 8.98254825188e-07, 7.71026293478e-07, 3.52161521278e-07, 4.79104073747e-07, 8.79500063888e-08, 2.94922681832e-08, 6.84606362711e-08, 1.27336377886e-07, 8.088338177e-08, 1.06385130039e-07, 3.82739102633e-07, 4.95266760936e-07, 1.11907877454e-06, 8.51589845752e-07, 1.36716494126e-06, 7.49224341234e-07, 8.25303132501e-08, 7.88185161582e-09, 8.22127876887e-09, 1.47784673388e-09, 4.83344232693e-11, 2.43954162427e-13]
        var: [2.46978999752e-12, 1.885893397e-08, 9.7885924788e-07, 5.6017196215e-08, 1.37230784958e-07, 6.05507466389e-07, 1.36418961461e-07, 8.01140856765e-07, 1.26686458657e-07, 2.02320276088e-08, 3.595380349e-07, 2.59358365895e-08, 4.11538403355e-09, 1.97910026145e-08, 1.4496426104e-07, 2.00934593408e-07, 1.53934323066e-08, 1.29072333266e-07, 3.67101158361e-08, 3.90407919326e-08, 9.72763869456e-10, 4.88245381625e-11, 8.15695438711e-13, 1.69874856369e-13, 1.09709347184e-13, 2.17291572186e-16, 4.22150633e-18]
    mfcc:
        mean: [-745.806335449, 132.338684082, -32.1704597473, 65.7557449341, -8.98175239563, -5.31211137772, -0.729195058346, -9.60254669189, -0.461415231228, -3.51589465141, 3.06158566475, -5.36980056763, -7.16109895706]
        cov: [[2641.65991211, 368.729431152, -1161.40148926, -447.551147461, -62.6775093079, -366.170349121, -113.692352295, -100.711532593, -189.524673462, -52.2778968811, 52.0106048584, -55.0127983093, 15.9655075073], [368.729431152, 290.326690674, -201.430160522, -130.769165039, -54.4495582581, -80.7175827026, -37.7266731262, -6.54551553726, -32.5814399719, -0.262181669474, 37.715511322, -15.5222063065, -22.5782985687], [-1161.40148926, -201.430160522, 913.916442871, 245.367095947, -19.6221828461, 201.365081787, 45.3783226013, 38.3669433594, 100.829399109, 35.9645271301, -22.9924316406, 67.5002365112, 19.2642021179], [-447.551147461, -130.769165039, 245.367095947, 230.183898926, 102.105888367, 77.9042282104, 34.0280265808, 22.0707111359, 37.989440918, 31.3586864471, 15.9761533737, 19.6888942719, -18.8872623444], [-62.6775093079, -54.4495582581, -19.6221828461, 102.105888367, 152.758575439, 71.2521591187, 53.4264030457, 25.4334526062, 35.5934562683, 31.5693264008, 0.135429173708, -19.1604614258, 6.61963415146], [-366.170349121, -80.7175827026, 201.365081787, 77.9042282104, 71.2521591187, 160.982711792, 77.3179321289, 50.1308403015, 65.6803970337, 9.48330307007, -31.9629611969, 4.51018810272, 34.8669433594], [-113.692352295, -37.7266731262, 45.3783226013, 34.0280265808, 53.4264030457, 77.3179321289, 111.551101685, 73.5941085815, 39.3823051453, -4.87202167511, -33.0559997559, -1.64561641216, 29.042930603], [-100.711532593, -6.54551553726, 38.3669433594, 22.0707111359, 25.4334526062, 50.1308403015, 73.5941085815, 94.8980636597, 43.5852088928, -8.22132015228, -14.3965272903, 0.259749114513, -3.30758118629], [-189.524673462, -32.5814399719, 100.829399109, 37.989440918, 35.5934562683, 65.6803970337, 39.3823051453, 43.5852088928, 85.2088317871, 36.9187812805, -14.9654111862, -1.20060026646, 26.5252628326], [-52.2778968811, -0.262181669474, 35.9645271301, 31.3586864471, 31.5693264008, 9.48330307007, -4.87202167511, -8.22132015228, 36.9187812805, 76.8268280029, 30.6781635284, -7.67992544174, -3.16392636299], [52.0106048584, 37.715511322, -22.9924316406, 15.9761533737, 0.135429173708, -31.9629611969, -33.0559997559, -14.3965272903, -14.9654111862, 30.6781635284, 85.5725326538, 18.6719093323, -54.0575790405], [-55.0127983093, -15.5222063065, 67.5002365112, 19.6888942719, -19.1604614258, 4.51018810272, -1.64561641216, 0.259749114513, -1.20060026646, -7.67992544174, 18.6719093323, 73.42603302, 29.7401218414], [15.9655075073, -22.5782985687, 19.2642021179, -18.8872623444, 6.61963415146, 34.8669433594, 29.042930603, -3.30758118629, 26.5252628326, -3.16392636299, -54.0575790405, 29.7401218414, 144.288635254]]
        icov: [[0.00113811378833, -0.000120246724691, 0.000651600130368, 0.00142003397923, -0.00118553242646, 0.00139898539055, -0.000143117489642, -0.000141462063766, 0.000749813159928, -4.04215243179e-05, -0.000458842871012, -0.000192966530449, -0.000574829755351], [-0.000120246724691, 0.00565628288314, -2.37189233303e-05, 0.00285179470666, -0.000130932370666, 0.000669072906021, 0.00122794660274, -0.00265307934023, 0.000929982052185, -0.000509100034833, -0.00320209749043, 0.00145303714089, -0.000870072632097], [0.000651600130368, -2.37189233303e-05, 0.00426245480776, -0.00407424801961, 0.00561352493241, -0.00425562169403, 0.000395600509364, 0.000490495411213, -0.000229795652558, -0.00214173435234, 0.00135572254658, -0.0013017085148, 0.000295728823403], [0.00142003397923, 0.00285179470666, -0.00407424801961, 0.0177644714713, -0.0148295396939, 0.00651779491454, 0.000706854858436, -0.00181064824574, 0.00178173207678, 0.000413761212258, -0.00199835957028, -0.00374106969684, 0.00178392836824], [-0.00118553242646, -0.000130932370666, 0.00561352493241, -0.0148295396939, 0.0252686478198, -0.0119043197483, -0.00432247901335, 0.00257672509179, -0.00101361807901, -0.00482810009271, -0.0012252156157, 0.00549420434982, -0.00144446315244], [0.00139898539055, 0.000669072906021, -0.00425562169403, 0.00651779491454, -0.0119043197483, 0.0225392542779, -0.00754510052502, 0.0025685604196, -0.00760344648734, 0.00668929237872, -0.00216238899156, 0.000330843293341, -0.00128544180188], [-0.000143117489642, 0.00122794660274, 0.000395600509364, 0.000706854858436, -0.00432247901335, -0.00754510052502, 0.0304228253663, -0.0226728990674, 0.0089873149991, -0.00520802289248, 0.005792085547, -0.000617333455011, -0.00384324183688], [-0.000141462063766, -0.00265307934023, 0.000490495411213, -0.00181064824574, 0.00257672509179, 0.0025685604196, -0.0226728990674, 0.0363107211888, -0.0206150263548, 0.0127634229138, -0.00318199303001, -0.00187078956515, 0.00721824495122], [0.000749813159928, 0.000929982052185, -0.000229795652558, 0.00178173207678, -0.00101361807901, -0.00760344648734, 0.0089873149991, -0.0206150263548, 0.0383486524224, -0.0223205890507, 0.0080711375922, -0.00101853150409, -0.00437672249973], [-4.04215243179e-05, -0.000509100034833, -0.00214173435234, 0.000413761212258, -0.00482810009271, 0.00668929237872, -0.00520802289248, 0.0127634229138, -0.0223205890507, 0.0350395478308, -0.0187953151762, 0.00955840945244, -0.00392930302769], [-0.000458842871012, -0.00320209749043, 0.00135572254658, -0.00199835957028, -0.0012252156157, -0.00216238899156, 0.005792085547, -0.00318199303001, 0.0080711375922, -0.0187953151762, 0.0358349494636, -0.0182915180922, 0.0137468650937], [-0.000192966530449, 0.00145303714089, -0.0013017085148, -0.00374106969684, 0.00549420434982, 0.000330843293341, -0.000617333455011, -0.00187078956515, -0.00101853150409, 0.00955840945244, -0.0182915180922, 0.0281129069626, -0.0125683881342], [-0.000574829755351, -0.000870072632097, 0.000295728823403, 0.00178392836824, -0.00144446315244, -0.00128544180188, -0.00384324183688, 0.00721824495122, -0.00437672249973, -0.00392930302769, 0.0137468650937, -0.0125683881342, 0.0168271996081]]
    spectral_contrast:
        mean: [-5.58168338216e-08, 5.69658986649e-08, -1.51727434172e-07, -7.25224325038e-09, 5.57775990728e-07, -2.06408671488e-07, -9.552610436e-07, -2.63522906607e-06, 1.76523565187e-06, 8.637844644e-07, -3.30585010033e-07, 2.01910734177e-06]
        var: [0.00021356518846, 0.000859905441757, 0.00188493344467, 0.00340146711096, 0.00510741956532, 0.00907041598111, 0.0295420121402, 0.0650619864464, 0.119047634304, 0.19357213378, 0.335559695959, 1.32675015926]

rhythm:
    beats_loudness:
        dmean: 0.00315336068161
        dmean2: 0.00529275508597
        dvar: 4.78920401292e-06
        dvar2: 1.36252228913e-05
        max: 0.010369730182
        mean: 0.00499485805631
        min: 0.00131834333297
        var: 6.37165567241e-06
    beats_loudness_bass:
        dmean: 0.285066783428
        dmean2: 0.507997751236
        dvar: 0.0547943972051
        dvar2: 0.139056622982
        max: 0.860000491142
        mean: 0.308376997709
        min: 0.00229616486467
        var: 0.0705605447292
    bpm: 102.107780457
    bpm_confidence: 0
    first_peak_bpm: 102
    first_peak_spread: 0
    first_peak_weight: 0.9375
    onset_rate: 3.5888671875
    second_peak_bpm: 132
    second_peak_spread: 0
    second_peak_weight: 0.0625
    beats_position: [0.275744587183, 0.864276766777, 1.45280897617, 2.04134106636, 2.62987303734, 3.21840524673, 3.80693721771, 4.39546918869, 4.98400163651, 5.57253360748, 6.02830934525, 6.61438322067, 7.20045757294, 7.7865319252, 8.37260627747, 8.95868015289, 9.54475498199]
    bpm_estimates: [101.538169861, 101.348937988, 102.104705811, 103.357833862, 102.173683167, 101.581512451, 101.562957764, 103.279830933, 102.512779236, 101.865707397, 101.859352112]
    bpm_intervals: [0.588532209396, 0.588532209396, 0.588532090187, 0.588531970978, 0.588532209396, 0.588531970978, 0.588531970978, 0.588532447815, 0.588531970978, 0.455775737762, 0.586073875427, 0.586074352264, 0.586074352264, 0.586074352264, 0.586073875427, 0.586074829102]
    onset_times: [0.0348299331963, 0.208979591727, 0.452789127827, 0.580498874187, 0.859138309956, 1.16099774837, 1.92725622654, 2.2523355484, 2.51936507225, 2.92571425438, 2.96054410934, 3.23918366432, 3.41333341599, 4.40018129349, 4.62077093124, 4.87619066238, 5.30575942993, 5.61922883987, 5.8282084465, 6.14167785645, 6.51319742203, 6.80344676971, 6.96598625183, 7.16335582733, 7.26784563065, 7.40716552734, 7.58131504059, 8.17342376709, 8.3011341095, 8.55655288696, 8.64943313599, 8.74231338501, 9.0906124115, 9.38086128235, 9.682721138, 9.83365058899]
    rubato_start: []
    rubato_stop: []
    perceptual_tempo: "unknown"

sfx:
    inharmonicity:
        dmean: 0.0305214915425
        dmean2: 0.0530359223485
        dvar: 0.00171213189606
        dvar2: 0.00439264532179
        max: 0.298373669386
        mean: 0.0290973577648
        min: 0.000148448292748
        var: 0.00188821949996
    oddtoevenharmonicenergyratio:
        dmean: 3.27145028114
        dmean2: 6.26140356064
        dvar: 581.010559082
        dvar2: 1740.54711914
        max: 354.771270752
        mean: 2.19713044167
        min: 0.000238674110733
        var: 298.027862549
    pitch_after_max_to_before_max_energy_ratio: 2.98336386681
    pitch_centroid: 217.956817627
    pitch_max_to_total: 0.4375
    pitch_min_to_total: 0.456018507481
    tristimulus:
        dmean: [0.182788819075, 0.1896789819, 0.0880249068141]
        dmean2: [0.313091516495, 0.329179883003, 0.154880464077]
        dvar: [0.0354968421161, 0.0361600518227, 0.0119393793866]
        dvar2: [0.0888114720583, 0.0939076915383, 0.0339732952416]
        max: [0.94163787365, 0.994365870953, 0.757983028889]
        mean: [0.432750433683, 0.459782838821, 0.0944094955921]
        min: [0.00383174885064, 0, 0]
        var: [0.0563251040876, 0.0547140315175, 0.0118661010638]

tonal:
    chords_changes_rate: 0.101382486522
    chords_number_rate: 0.0599078349769
    chords_strength:
        dmean: 0.0160834379494
        dmean2: 0.0133465575054
        dvar: 0.000145518381032
        dvar2: 0.000119390475447
        max: 0.679690599442
        mean: 0.410928726196
        min: 0.17361536622
        var: 0.0109731005505
    key_strength: 0.609676063061
    tuning_diatonic_strength: 0.36735612154
    tuning_equal_tempered_deviation: 0.0950471907854
    tuning_frequency: 440.508575439
    tuning_nontempered_energy_ratio: 0.719390571117
    hpcp:
        dmean: [0.0878102406859, 0.0831148177385, 0.122182160616, 0.13538248837, 0.114458322525, 0.108016766608, 0.0873934552073, 0.0899454951286, 0.0907053127885, 0.0653350874782, 0.0420727320015, 0.0539092719555, 0.0593427568674, 0.0606568567455, 0.0574995018542, 0.0694239959121, 0.0644883438945, 0.102368213236, 0.144999921322, 0.0938312411308, 0.0704581812024, 0.0707196369767, 0.055399749428, 0.0942203849554, 0.106961406767, 0.0742925107479, 0.06976108253, 0.06906337291, 0.079673320055, 0.109130561352, 0.0966589003801, 0.0737897455692, 0.0811767652631, 0.0992926731706, 0.135480329394, 0.128044068813]
        dmean2: [0.146106049418, 0.140303730965, 0.209838137031, 0.225842177868, 0.197614446282, 0.187305346131, 0.148307994008, 0.159177273512, 0.161966860294, 0.105962336063, 0.0661371871829, 0.0870603397489, 0.100999653339, 0.109177388251, 0.0975352078676, 0.117839969695, 0.106083378196, 0.165611714125, 0.233055472374, 0.146884351969, 0.126464903355, 0.116969048977, 0.0854318514466, 0.153741851449, 0.176549851894, 0.126081138849, 0.121207259595, 0.100480288267, 0.133272528648, 0.184431746602, 0.156702294946, 0.124317876995, 0.139402419329, 0.145849764347, 0.231991171837, 0.215119749308]
        dvar: [0.0317458957434, 0.02569677867, 0.0443943440914, 0.0411055721343, 0.0397076122463, 0.041710216552, 0.0381126441061, 0.030579848215, 0.0433549247682, 0.0135603304952, 0.0110211158171, 0.0134024620056, 0.0262774433941, 0.0227877981961, 0.0143935671076, 0.0234666597098, 0.0147135304287, 0.0263928789645, 0.0603183023632, 0.0214807875454, 0.0213002897799, 0.0263689234853, 0.0139824785292, 0.0224658101797, 0.0356357693672, 0.0162563920021, 0.0245299022645, 0.0202536974102, 0.021546272561, 0.0310220122337, 0.0355399474502, 0.0160064734519, 0.0208751447499, 0.0245163161308, 0.0543052516878, 0.049512963742]
        dvar2: [0.0704379379749, 0.0623492673039, 0.115250907838, 0.0978225469589, 0.109496600926, 0.114511452615, 0.0801042094827, 0.0827494859695, 0.0997899845243, 0.0256702713668, 0.0178225208074, 0.0274494681507, 0.0507964715362, 0.058480873704, 0.031629525125, 0.050496365875, 0.0293055437505, 0.0522591471672, 0.108071818948, 0.0429462082684, 0.0561217144132, 0.0599711090326, 0.0294946208596, 0.0477849915624, 0.0718538537621, 0.041769888252, 0.0618736185133, 0.0409252643585, 0.0507715269923, 0.0793593451381, 0.0696036890149, 0.042373303324, 0.0586041100323, 0.0430418029428, 0.131714373827, 0.112499020994]
        max: [1, 1, 1, 1, 1, 1, 1, 0.934288084507, 1, 0.991196155548, 1, 0.992323040962, 1, 1, 1, 1, 1, 1, 1, 1, 1, 1, 1, 1, 1, 1, 1, 1, 1, 1, 1, 0.903422772884, 1, 1, 1, 1]
        mean: [0.0896572545171, 0.0690093785524, 0.137934103608, 0.207641705871, 0.150337025523, 0.116334907711, 0.124741584063, 0.110231883824, 0.118141010404, 0.0923513621092, 0.0517088919878, 0.0741131752729, 0.116245605052, 0.086277499795, 0.0809198468924, 0.129837095737, 0.101846568286, 0.152388527989, 0.250620186329, 0.154411152005, 0.0663982704282, 0.0745579004288, 0.0691613778472, 0.123964704573, 0.157466888428, 0.0921261161566, 0.082626439631, 0.109828993678, 0.0984876900911, 0.160759836435, 0.192303523421, 0.104523584247, 0.0770023390651, 0.141023546457, 0.178530350327, 0.144747421145]
        min: [0.000280686595943, 0.000445764948381, 0.00111161055975, 0.000857669743709, 0.00159937050194, 0.000841363798827, 0.000630003400147, 0.000807660631835, 0.000482514267787, 0.0012591436971, 0.00109891907778, 0.00141749402974, 0.00180317857303, 0.000934423471335, 0.000877292302903, 0.000532415811904, 0.000505616364535, 0.000619436730631, 0.000507063174155, 0.000329137896188, 0.000214998872252, 0.000304612942273, 0.000489009195007, 0.00125161849428, 0.000347750261426, 0.000288484239718, 0.000289663701551, 0.000344398838934, 0.000355890020728, 0.000294785393635, 0.000286915921606, 0.000366891879821, 0.000507480814122, 0.00048445322318, 0.000658317876514, 0.000461043877294]
        var: [0.0351444929838, 0.0236455257982, 0.0554109066725, 0.0910498276353, 0.0584527775645, 0.0444200485945, 0.067382119596, 0.0392655581236, 0.065821737051, 0.0291422549635, 0.015616953373, 0.0260219164193, 0.0735909193754, 0.040695566684, 0.0255645159632, 0.0705174505711, 0.0463349446654, 0.0414967574179, 0.130718290806, 0.0557316802442, 0.0220459774137, 0.0374016724527, 0.0237297620624, 0.0373130999506, 0.0680105611682, 0.0223406013101, 0.035551905632, 0.0537670888007, 0.0347078368068, 0.0600705705583, 0.100350253284, 0.029074953869, 0.019655643031, 0.0537225566804, 0.0922444164753, 0.0694484561682]
    chords_histogram: [20.7373275757, 8.29493045807, 8.75576019287, 0, 1.84331798553, 0, 0, 0, 9.67741966248, 2.30414748192, 13.3640556335, 0, 0, 0, 5.5299539566, 0, 2.30414748192, 9.67741966248, 12.4423961639, 2.30414748192, 0, 0, 0, 2.7649769783]
    thpcp: [1, 0.616116166115, 0.264935851097, 0.297493606806, 0.275960922241, 0.494631767273, 0.62830889225, 0.367592573166, 0.329687893391, 0.438228845596, 0.392975896597, 0.64144808054, 0.767310619354, 0.417059719563, 0.307247161865, 0.562698245049, 0.712354242802, 0.577556908131, 0.357741564512, 0.275354415178, 0.550371110439, 0.828511476517, 0.599860012531, 0.464188098907, 0.497731596231, 0.439836412668, 0.471394628286, 0.368491321802, 0.206323727965, 0.295719087124, 0.463831782341, 0.344255983829, 0.322878420353, 0.518063187599, 0.406378149986, 0.608045697212]
    chords_key: "D#"
    chords_scale: "major"
    key_key: "D#"
    key_scale: "major"
    chords_progression: ["F#", "F#", "F#", "F#", "F#", "F#", "F#", "F#", "F#", "F#", "F#", "F#", "F#", "F#", "F#", "F#", "F#", "F#", "F#", "F#", "F#", "F#", "F#", "F#", "F#", "F#", "F#", "A#m", "A#m", "D#", "D#", "D#", "D#", "D#", "D#", "D#", "D#", "D#", "D#", "D#", "D#", "D#", "D#", "D#", "D#", "D#", "D#", "D#", "D#", "D#", "D#", "D#", "D#", "D#", "D#", "D#", "D#", "D#", "D#", "D#", "D#", "D#", "D#", "D#", "D#", "D#", "D#", "D#", "D#", "D#", "D#", "D#", "D#", "Cm", "Cm", "Cm", "F", "F", "F", "F", "A#m", "A#m", "A#", "A#", "A#", "A#m", "A#", "A#", "A#", "A#", "A#", "A#", "Cm", "Cm", "D#", "E", "E", "E", "E", "E", "E", "E", "E", "E", "E", "E", "E", "Cm", "Bm", "Bm", "Bm", "Bm", "Bm", "D", "D", "D", "D", "D", "D", "D", "D", "D", "D", "D", "D", "D", "D", "D", "D", "D", "D", "D", "D", "D", "D", "D", "D", "D", "D", "D", "D", "D", "Gm", "Gm", "G", "G", "G", "G", "G", "G", "G", "G", "G", "G", "G", "G", "G", "G", "G", "G", "G", "G", "G", "G", "G", "Gm", "Gm", "Gm", "Gm", "Gm", "Gm", "Gm", "A#", "A#", "A#", "A#", "A#", "A#", "Gm", "Gm", "Gm", "Gm", "Gm", "Gm", "Gm", "Gm", "Gm", "A#", "A#", "A#", "A#", "D#m", "D#m", "D#m", "D#m", "D#m", "D#m", "D#m", "D#m", "D#m", "D#m", "D#m", "D#m", "D#m", "D#m", "D#m", "D#m", "D#m", "D#m", "D#m", "D#m", "D#m", "B", "B", "B", "B", "B"]
