
metadata:
    version:
        essentia: "1.2.2"
    audio_properties:
        analysis_sample_rate: 44100
        bitrate: 128
        channels: 2
        equal_loudness: 1
        length: 10.0310201645
        replay_gain: -10.6615524292
        downmix: "mix"
    tags:
        track: 2
        year: 0
        album: "Splitted by Mp3Splt v. 2.1"
        artist: "From 000.10 To 000.20"
        comment: "http://mp3splt.sf.net"
        genre: ""
        title: "02 Eat the Rich.mp3"

highlevel:
    ballroom:
        all:
            ChaChaCha: 0.303691923618
            Jive: 0.287977457047
            Quickstep: 0.0949527323246
            Rumba-American: 0.00123805704061
            Rumba-International: 0.00165892962832
            Rumba-Misc: 0.00104990461841
            Samba: 0.302084267139
            Tango: 0.00410267757252
            VienneseWaltz: 0.00202040467411
            Waltz: 0.00122365669813
        probability: 0.303691923618
        value: "ChaChaCha"
    culture:
        all:
            non_western: 0.51112228632
            western: 0.488877743483
        probability: 0.51112228632
        value: "non_western"
    gender:
        all:
            female: 0.416675359011
            male: 0.583324611187
        probability: 0.583324611187
        value: "male"
    genre_dortmund:
        all:
            alternative: 0.0954547300935
            blues: 0.0130273457617
            electronic: 0.157169282436
            folkcountry: 0.0191044807434
            funksoulrnb: 0.0100653814152
            jazz: 0.0739804133773
            pop: 0.0216410923749
            raphiphop: 0.0211426466703
            rock: 0.588414609432
        probability: 0.588414609432
        value: "rock"
    genre_electronica:
        all:
            ambient: 0.118503652513
            dnb: 0.818330109119
            house: 0.00964626204222
            techno: 0.0262597929686
            trance: 0.0272602047771
        probability: 0.818330109119
        value: "dnb"
    genre_rosamerica:
        all:
            cla: 0.012940720655
            dan: 0.0718748942018
            hip: 0.0532878115773
            jaz: 0.00569644849747
            pop: 0.0525723099709
            rhy: 0.00947453733534
            roc: 0.791988790035
            spe: 0.00216446630657
        probability: 0.791988790035
        value: "roc"
    genre_tzanetakis:
        all:
            blu: 0.00231750798412
            cla: 0.0049080401659
            cou: 0.00451191421598
            dis: 0.238097086549
            hip: 0.0226215161383
            jaz: 0.0114486236125
            met: 0.0282498374581
            pop: 0.499791741371
            reg: 0.0588812716305
            roc: 0.129172459245
        probability: 0.499791741371
        value: "pop"
    live_studio:
        all:
            live: 0.225425362587
            studio: 0.774574637413
        probability: 0.774574637413
        value: "studio"
    mood:
        all:
            Cluster1: 0.275548160076
            Cluster2: 0.0927149876952
            Cluster3: 0.0615551993251
            Cluster4: 0.061489533633
            Cluster5: 0.508692085743
        probability: 0.508692085743
        value: "Cluster5"
    mood_acoustic:
        all:
            acoustic: 0.0216100662947
            not_acoustic: 0.978389918804
        probability: 0.978389918804
        value: "not_acoustic"
    mood_aggressive:
        all:
            aggressive: 0.843725919724
            not_aggressive: 0.156274095178
        probability: 0.843725919724
        value: "aggressive"
    mood_electronic:
        all:
            electronic: 0.797850310802
            not_electronic: 0.202149704099
        probability: 0.797850310802
        value: "electronic"
    mood_happy:
        all:
            happy: 0.535710155964
            not_happy: 0.464289844036
        probability: 0.535710155964
        value: "happy"
    mood_party:
        all:
            not_party: 0.131937071681
            party: 0.868062913418
        probability: 0.868062913418
        value: "party"
    mood_relaxed:
        all:
            not_relaxed: 0.919850230217
            relaxed: 0.0801497772336
        probability: 0.919850230217
        value: "not_relaxed"
    mood_sad:
        all:
            not_sad: 0.898832201958
            sad: 0.101167798042
        probability: 0.898832201958
        value: "not_sad"
    rhythm:
        all:
            fast: 0.837037444115
            medium: 0.153943106532
            slow: 0.00901946984231
        probability: 0.837037444115
        value: "fast"
    speech_music:
        all:
            music: 0.979937255383
            speech: 0.0200627334416
        probability: 0.979937255383
        value: "music"
    timbre:
        all:
            bright: 0.181917652488
            dark: 0.818082332611
        probability: 0.818082332611
        value: "dark"
    voice_instrumental:
        all:
            instrumental: 0.150268673897
            voice: 0.849731326103
        probability: 0.849731326103
        value: "voice"

lowlevel:
    average_loudness: 0.847021281719
    barkbands_kurtosis:
        dmean: 0.866251349449
        dmean2: 1.42020392418
        dvar: 5.22303581238
        dvar2: 13.7976083755
        max: 34.5568504333
        mean: -0.462754547596
        min: -1.69784259796
        var: 5.48608589172
    barkbands_skewness:
        dmean: 0.446633785963
        dmean2: 0.724070966244
        dvar: 0.181191891432
        dvar2: 0.44566193223
        max: 5.66919946671
        mean: 0.350344181061
        min: -1.52801835537
        var: 0.55862891674
    barkbands_spread:
        dmean: 5.74730443954
        dmean2: 9.13969707489
        dvar: 24.3828372955
        dvar2: 55.2724380493
        max: 53.8882675171
        mean: 34.1881561279
        min: 4.54402351379
        var: 89.1888198853
    dissonance:
        dmean: 0.0147890048102
        dmean2: 0.0260834433138
        dvar: 0.000297710415907
        dvar2: 0.000778210698627
        max: 0.499999970198
        mean: 0.477215260267
        min: 0.333047419786
        var: 0.00036168913357
    hfc:
        dmean: 1.90347921848
        dmean2: 2.86834025383
        dvar: 21.1802082062
        dvar2: 53.4510726929
        max: 45.0358352661
        mean: 3.82359981537
        min: 0.0679097175598
        var: 34.9682426453
    pitch:
        dmean: 595.459655762
        dmean2: 1129.03942871
        dvar: 1103366.125
        dvar2: 2914130.25
        max: 4410
        mean: 620.617126465
        min: 43.3628311157
        var: 839563.25
    pitch_instantaneous_confidence:
        dmean: 0.0807374715805
        dmean2: 0.135759279132
        dvar: 0.00580174569041
        dvar2: 0.0141735095531
        max: 0.875901460648
        mean: 0.2961845994
        min: 0.12063395977
        var: 0.0185408703983
    pitch_salience:
        dmean: 0.0704266354442
        dmean2: 0.118544988334
        dvar: 0.00382841331884
        dvar2: 0.00970320403576
        max: 0.836662173271
        mean: 0.637936472893
        min: 0.233886644244
        var: 0.00868487451226
    silence_rate_20dB:
        dmean: 0
        dmean2: 0
        dvar: 0
        dvar2: 0
        max: 1
        mean: 1
        min: 1
        var: 0
    silence_rate_30dB:
        dmean: 0
        dmean2: 0
        dvar: 0
        dvar2: 0
        max: 1
        mean: 1
        min: 1
        var: 0
    silence_rate_60dB:
        dmean: 0.0464037135243
        dmean2: 0.0930232554674
        dvar: 0.0442504659295
        dvar2: 0.0983231812716
        max: 1
        mean: 0.706018507481
        min: 0
        var: 0.207556247711
    spectral_centroid:
        dmean: 279.729980469
        dmean2: 446.761108398
        dvar: 62252.5390625
        dvar2: 149529.15625
        max: 2491.21972656
        mean: 1439.6842041
        min: 158.739608765
        var: 226049.40625
    spectral_complexity:
        dmean: 3.15151524544
        dmean2: 4.59813070297
        dvar: 25.0096740723
        dvar2: 40.0347518921
        max: 56
        mean: 8.29534912109
        min: 0
        var: 119.538383484
    spectral_crest:
        dmean: 2.15824747086
        dmean2: 3.62338733673
        dvar: 4.64629936218
        dvar2: 10.8753786087
        max: 19.9991970062
        mean: 6.59910297394
        min: 2.58529925346
        var: 11.8102169037
    spectral_decrease:
        dmean: 2.66333927135e-10
        dmean2: 3.96032817651e-10
        dvar: 4.21329201292e-19
        dvar2: 1.01947859828e-18
        max: -1.92427358769e-11
        mean: -6.22976559228e-10
        min: -7.38962580016e-09
        var: 7.78328307853e-19
    spectral_energy:
        dmean: 0.00115813477896
        dmean2: 0.00172523281071
        dvar: 8.01366149972e-06
        dvar2: 1.944120595e-05
        max: 0.030975587666
        mean: 0.00269807013683
        min: 9.05893612071e-05
        var: 1.47371065395e-05
    spectral_energyband_high:
        dmean: 0.000129012507387
        dmean2: 0.000203211413464
        dvar: 1.36627633651e-07
        dvar2: 3.60809337963e-07
        max: 0.00389973912388
        mean: 0.000201473594643
        min: 1.51043161623e-06
        var: 1.56236552584e-07
    spectral_energyband_low:
        dmean: 0.000236769003095
        dmean2: 0.000376722076908
        dvar: 2.35036466734e-07
        dvar2: 5.97739017394e-07
        max: 0.00419387547299
        mean: 0.000399847573135
        min: 9.13513872547e-07
        var: 3.87192756079e-07
    spectral_energyband_middle_high:
        dmean: 0.000539532979019
        dmean2: 0.000829018012155
        dvar: 1.36319158628e-06
        dvar2: 3.37639130521e-06
        max: 0.010749486275
        mean: 0.00111507531255
        min: 8.17693580757e-06
        var: 2.46697709372e-06
    spectral_energyband_middle_low:
        dmean: 0.000519624969456
        dmean2: 0.000831829034723
        dvar: 1.85395333574e-06
        dvar2: 4.71060957352e-06
        max: 0.0175728928298
        mean: 0.000981671619229
        min: 2.44999537244e-05
        var: 2.75118532045e-06
    spectral_flatness_db:
        dmean: 0.0156487710774
        dmean2: 0.024892969057
        dvar: 0.000220480374992
        dvar2: 0.000495982938446
        max: 0.302747160196
        mean: 0.135421276093
        min: 0.0784533768892
        var: 0.00093228649348
    spectral_flux:
        dmean: 0.00730975577608
        dmean2: 0.0103848492727
        dvar: 0.00011112249922
        dvar2: 0.000204499985557
        max: 0.120456583798
        mean: 0.0292795803398
        min: 0.00508175091818
        var: 0.000387536623748
    spectral_kurtosis:
        dmean: 1.01113557816
        dmean2: 1.76452422142
        dvar: 2.31127548218
        dvar2: 6.78221988678
        max: 18.1921043396
        mean: 2.79185652733
        min: -0.088419675827
        var: 2.91068482399
    spectral_rms:
        dmean: 0.000289279181743
        dmean2: 0.00039741396904
        dvar: 1.77221210151e-07
        dvar2: 3.54276551207e-07
        max: 0.00549728004262
        mean: 0.00135953910649
        min: 0.000297287508147
        var: 7.83917926128e-07
    spectral_rolloff:
        dmean: 482.614715576
        dmean2: 757.686340332
        dvar: 226013.765625
        dvar2: 484840.5625
        max: 4500.43945312
        mean: 2918.49975586
        min: 107.666015625
        var: 929500.0625
    spectral_skewness:
        dmean: 0.153300195932
        dmean2: 0.255001276731
        dvar: 0.0242167357355
        dvar2: 0.0675931125879
        max: 2.8334851265
        mean: 1.33405315876
        min: 0.466932743788
        var: 0.0588279291987
    spectral_spread:
        dmean: 465557.96875
        dmean2: 739539.4375
        dvar: 684544032768
        dvar2: 907155537920
        max: 17433818
        mean: 5421737
        min: 2364440.75
        var: 2.74424817254e+12
    spectral_strongpeak:
        dmean: 0.203890055418
        dmean2: 0.359711974859
        dvar: 0.16803817451
        dvar2: 0.459071546793
        max: 4.11842155457
        mean: 0.24721005559
        min: 0.00585677754134
        var: 0.157861843705
    zerocrossingrate:
        dmean: 0.00843736343086
        dmean2: 0.0103417513892
        dvar: 4.31323351222e-05
        dvar2: 6.44059546175e-05
        max: 0.130859375
        mean: 0.0879791975021
        min: 0.01611328125
        var: 0.000493229308631
    barkbands:
        dmean: [3.97233357319e-08, 5.7808454585e-05, 0.000207161545404, 0.000228548698942, 0.000203510426218, 0.00011588531197, 7.73436695454e-05, 6.50636065984e-05, 6.26549299341e-05, 5.232168769e-05, 7.47825179133e-05, 5.07239165017e-05, 3.73249604309e-05, 6.09130438534e-05, 8.72219097801e-05, 6.75077244523e-05, 9.50329049374e-05, 9.30710011744e-05, 0.000117560390208, 9.46498112171e-05, 5.51079465367e-05, 1.90199989447e-05, 3.00220995086e-06, 1.14855083666e-06, 8.07433991667e-07, 4.69711238793e-08, 8.59802173903e-10]
        dmean2: [5.38243263293e-08, 9.74515278358e-05, 0.000329769827658, 0.000393224559957, 0.000335595599608, 0.000204479059903, 0.000140305521199, 0.000115200644359, 9.65648578131e-05, 9.185262752e-05, 0.000126121129142, 8.08882614365e-05, 6.23648811597e-05, 0.000100320547062, 0.000136054528411, 0.000110795350338, 0.000159972318215, 0.00015755140339, 0.000197796223802, 0.000157824688358, 8.832122694e-05, 3.03647539113e-05, 4.74298531117e-06, 1.74922035967e-06, 1.19003777854e-06, 6.95633843861e-08, 9.66885682629e-10]
        dvar: [1.63797401749e-14, 9.79914460686e-09, 1.93801028558e-07, 3.1784645671e-07, 1.97172582261e-07, 1.23489073189e-07, 4.88518772102e-08, 3.98784507638e-08, 2.26022613958e-08, 1.32166224631e-08, 3.60933114507e-08, 1.61176458846e-08, 9.37584321292e-09, 1.40538727322e-08, 3.78004436641e-08, 2.08885744257e-08, 2.06963015614e-08, 4.42727703387e-08, 7.3301151815e-08, 9.03158436927e-08, 1.94364258022e-08, 1.47920342641e-09, 6.60170737521e-11, 4.13450437081e-12, 1.27282787175e-12, 7.32241602286e-15, 2.31721003435e-16]
        dvar2: [1.74584366332e-14, 2.80408567477e-08, 4.86228600494e-07, 9.27494966163e-07, 4.83660471673e-07, 3.34735091201e-07, 1.47116750782e-07, 1.14273156271e-07, 5.03329715684e-08, 3.68741339685e-08, 9.66574447148e-08, 3.76291140469e-08, 2.55603076482e-08, 3.5540463017e-08, 8.15794720666e-08, 5.09857400743e-08, 5.33643493839e-08, 1.16090561164e-07, 2.03253108566e-07, 2.4709754598e-07, 4.85137618966e-08, 3.80599685101e-09, 1.73450975804e-10, 1.03843617733e-11, 2.88672276187e-12, 1.49488050654e-14, 2.32089065721e-16]
        max: [2.51101664617e-06, 0.000863410823513, 0.00391535647213, 0.00617550965399, 0.00498559651896, 0.00388712109998, 0.00248764292337, 0.00275116832927, 0.00196993234567, 0.00103043904528, 0.00242059584707, 0.00188215228263, 0.0011342309881, 0.00127195729874, 0.00262360624038, 0.00169600569643, 0.00125820108224, 0.0023475412745, 0.00230699963868, 0.00324166147038, 0.00159715081099, 0.000452800799394, 0.00010702052532, 1.8943728719e-05, 9.27237852011e-06, 5.32893295713e-07, 3.15853981192e-07]
        mean: [5.68644260568e-08, 8.2683392975e-05, 0.000317111000186, 0.000281722604996, 0.000285219051875, 0.000135940586915, 9.42489350564e-05, 8.08094991953e-05, 9.40759200603e-05, 6.56174088363e-05, 0.000104189064587, 6.88309155521e-05, 5.20010762557e-05, 7.70705955802e-05, 0.000130431290017, 0.000106956809759, 0.000138722796692, 0.00014176350669, 0.000183098047273, 0.000131367705762, 8.68638526299e-05, 3.15339311783e-05, 4.51399046142e-06, 1.76191838364e-06, 1.42643466461e-06, 5.35833493132e-08, 8.33339175443e-10]
        min: [3.66776123362e-11, 8.58276649751e-08, 2.5686722438e-07, 2.43203771788e-07, 5.86275382375e-06, 4.66395476906e-07, 1.09121492642e-06, 3.51959442924e-07, 1.3707786195e-07, 2.5220535349e-07, 2.00682308105e-07, 4.56040680774e-07, 2.52159651382e-07, 4.6098946882e-07, 4.39214488779e-07, 1.18764069157e-06, 1.21565597055e-06, 8.9076831955e-07, 1.66966594861e-06, 1.15953503155e-06, 5.3997825944e-07, 1.40436497986e-07, 1.32379343043e-08, 3.55863449819e-10, 1.07886388712e-09, 8.79517847441e-11, 1.206774108e-14]
        var: [4.92704699739e-14, 1.63065969616e-08, 2.95724902344e-07, 3.19179008557e-07, 2.75120754623e-07, 1.08009245992e-07, 4.59971367661e-08, 3.65000261127e-08, 3.40799601872e-08, 1.26495365294e-08, 6.35021564221e-08, 2.69170090661e-08, 9.56978229993e-09, 1.59030317803e-08, 7.83786617831e-08, 3.36196634976e-08, 3.8760909149e-08, 6.21287341573e-08, 1.137995298e-07, 8.52691997011e-08, 2.51712179988e-08, 2.64213806389e-09, 7.25260962398e-11, 5.69464484249e-12, 2.39618936672e-12, 1.04780897839e-14, 2.31371946452e-16]
    mfcc:
        mean: [-753.245117188, 107.628639221, -42.3614997864, 51.173324585, -8.18010425568, 5.86799478531, 0.55369001627, -5.37323999405, 2.70266342163, -7.179438591, -3.01997637749, -8.08367919922, -5.84966373444]
        cov: [[4688.34863281, -121.762992859, -187.880477905, 154.287094116, -255.932189941, -39.7033119202, -229.693832397, 98.2696838379, -121.45388031, 51.5219841003, 25.4642276764, 16.2384624481, -29.4071559906], [-121.762992859, 835.416442871, -298.497497559, 370.598052979, -101.493736267, 187.517684937, -43.46692276, 152.548416138, 18.5224094391, 102.262535095, 58.2499542236, 17.8965873718, 80.0547943115], [-187.880477905, -298.497497559, 347.586334229, -100.986633301, 62.9768028259, -96.6562194824, 25.5219116211, -46.1755752563, -8.50368309021, -34.2757034302, -36.6232643127, 15.2451276779, -38.963142395], [154.287094116, 370.598052979, -100.986633301, 319.368530273, -13.6639137268, 105.426704407, -75.1365966797, 65.4596328735, -10.7347173691, 76.1723403931, 66.1144180298, 44.6356658936, 15.6268568039], [-255.932189941, -101.493736267, 62.9768028259, -13.6639137268, 126.865699768, 8.49297142029, 1.73420703411, -41.2480239868, -2.63730549812, -5.21761369705, -2.9694082737, 12.1547727585, -10.7048034668], [-39.7033119202, 187.517684937, -96.6562194824, 105.426704407, 8.49297142029, 109.428222656, 3.13488006592, 31.9944496155, -1.87832796574, 25.3818740845, 15.6026391983, 9.43491077423, 26.0644798279], [-229.693832397, -43.46692276, 25.5219116211, -75.1365966797, 1.73420703411, 3.13488006592, 101.511817932, 22.2457275391, 7.87993764877, -32.2778053284, -25.1383628845, -6.99954080582, 11.6844482422], [98.2696838379, 152.548416138, -46.1755752563, 65.4596328735, -41.2480239868, 31.9944496155, 22.2457275391, 107.10710144, 17.8603992462, 8.7310552597, -0.779140889645, -0.1804330796, 13.5231657028], [-121.45388031, 18.5224094391, -8.50368309021, -10.7347173691, -2.63730549812, -1.87832796574, 7.87993764877, 17.8603992462, 61.7703475952, 17.4763183594, -1.18433558941, -14.7584753036, -2.2406001091], [51.5219841003, 102.262535095, -34.2757034302, 76.1723403931, -5.21761369705, 25.3818740845, -32.2778053284, 8.7310552597, 17.4763183594, 74.3297042847, 28.2072505951, 3.53140687943, -8.12157917023], [25.4642276764, 58.2499542236, -36.6232643127, 66.1144180298, -2.9694082737, 15.6026391983, -25.1383628845, -0.779140889645, -1.18433558941, 28.2072505951, 60.6400527954, 25.4158992767, -3.06132531166], [16.2384624481, 17.8965873718, 15.2451276779, 44.6356658936, 12.1547727585, 9.43491077423, -6.99954080582, -0.1804330796, -14.7584753036, 3.53140687943, 25.4158992767, 56.3271179199, 13.7200698853], [-29.4071559906, 80.0547943115, -38.963142395, 15.6268568039, -10.7048034668, 26.0644798279, 11.6844482422, 13.5231657028, -2.2406001091, -8.12157917023, -3.06132531166, 13.7200698853, 60.3318710327]]
        icov: [[0.000393058289774, 0.000720002979506, 0.000340618658811, -0.000323682266753, 0.000867769820616, -0.000180492788786, 0.000968765467405, -0.00092477153521, 0.000839098589495, -0.000518559943885, 0.000486371776788, -0.000137950439239, -0.000190959777683], [0.000720002979506, 0.00639717560261, 0.00216389587149, -0.00507992738858, 0.0034492991399, -0.00197979621589, 0.000866955844685, -0.00340017001145, 0.000901913503185, -0.00285445689224, 0.00196586805396, 0.00136811693665, -0.00392483500764], [0.000340618658811, 0.00216389587149, 0.00623850245029, -0.00269437814131, -0.000951563415583, 0.00447705946863, -0.00156293739565, -0.000540340843145, 0.000632004986983, -0.00145160383545, 0.00473285512999, -0.00323791126721, 0.001146877883], [-0.000323682266753, -0.00507992738858, -0.00269437814131, 0.0147984381765, -0.00214732112363, -0.00617373455316, 0.00701981550083, -0.00386720569804, 0.00242239097133, -0.00161579379346, -0.0055288951844, -0.00453677494079, 0.00342681421898], [0.000867769820616, 0.0034492991399, -0.000951563415583, -0.00214732112363, 0.0141165796667, -0.00641570985317, 0.00182369793765, 0.00223212037235, -0.000726855942048, -0.00045871239854, 0.00257054623216, -0.00265481276438, 0.000856068683788], [-0.000180492788786, -0.00197979621589, 0.00447705946863, -0.00617373455316, -0.00641570985317, 0.0238214544952, -0.00770442234352, 0.00107730133459, 0.00185599760152, -0.00258295540698, 0.0023050038144, 0.00128807709552, -0.00360429449938], [0.000968765467405, 0.000866955844685, -0.00156293739565, 0.00701981550083, 0.00182369793765, -0.00770442234352, 0.0209694225341, -0.00869871862233, 0.00105710723437, 0.00269506289624, 0.000372508511646, -0.00201516784728, -0.00108586763963], [-0.00092477153521, -0.00340017001145, -0.000540340843145, -0.00386720569804, 0.00223212037235, 0.00107730133459, -0.00869871862233, 0.0201307050884, -0.0072850859724, 0.00365965534002, 0.00276826415211, -0.00109999428969, 0.00242945668288], [0.000839098589495, 0.000901913503185, 0.000632004986983, 0.00242239097133, -0.000726855942048, 0.00185599760152, 0.00105710723437, -0.0072850859724, 0.0237502492964, -0.00894433446229, -0.00131536705885, 0.00522002810612, -0.00208547199145], [-0.000518559943885, -0.00285445689224, -0.00145160383545, -0.00161579379346, -0.00045871239854, -0.00258295540698, 0.00269506289624, 0.00365965534002, -0.00894433446229, 0.0254599116743, -0.00671398406848, 0.00144733919296, 0.00513343187049], [0.000486371776788, 0.00196586805396, 0.00473285512999, -0.0055288951844, 0.00257054623216, 0.0023050038144, 0.000372508511646, 0.00276826415211, -0.00131536705885, -0.00671398406848, 0.0323084183037, -0.0142226358876, 0.00480589736253], [-0.000137950439239, 0.00136811693665, -0.00323791126721, -0.00453677494079, -0.00265481276438, 0.00128807709552, -0.00201516784728, -0.00109999428969, 0.00522002810612, 0.00144733919296, -0.0142226358876, 0.032273311168, -0.0108615392819], [-0.000190959777683, -0.00392483500764, 0.001146877883, 0.00342681421898, 0.000856068683788, -0.00360429449938, -0.00108586763963, 0.00242945668288, -0.00208547199145, 0.00513343187049, 0.00480589736253, -0.0108615392819, 0.026245104149]]
    spectral_contrast:
        mean: [2.96047943493e-07, -2.15928224634e-07, 9.30521224518e-08, -1.04862593275e-07, -2.30326904216e-07, -1.80065811151e-07, -2.15879708776e-06, 3.48423805008e-06, 8.40401639834e-07, -1.41249145713e-07, 2.79680944004e-06, -1.95163624994e-06]
        var: [0.000237771557295, 0.000433872977737, 0.00113196694292, 0.00125040148851, 0.00261637638323, 0.00394496461377, 0.0319019816816, 0.0896821245551, 0.120134823024, 0.179058507085, 0.869814932346, 2.42512536049]

rhythm:
    beats_loudness:
        dmean: 0.00294689647853
        dmean2: 0.00551796518266
        dvar: 1.03248048617e-05
        dvar2: 3.75851232093e-05
        max: 0.0150122800842
        mean: 0.00394172687083
        min: 0.000319077837048
        var: 1.97239587578e-05
    beats_loudness_bass:
        dmean: 0.0882914438844
        dmean2: 0.15492413938
        dvar: 0.00436562532559
        dvar2: 0.0101487403736
        max: 0.332261115313
        mean: 0.10473062098
        min: 0.0147391734645
        var: 0.00831104256213
    bpm: 123.696022034
    bpm_confidence: 0
    first_peak_bpm: 124
    first_peak_spread: 0
    first_peak_weight: 0.947368443012
    onset_rate: 4.08732128143
    second_peak_bpm: 75
    second_peak_spread: 0
    second_peak_weight: 0.0526315793395
    beats_position: [0.124964974821, 0.609220266342, 1.09347558022, 1.5777310133, 2.06198620796, 2.54624152184, 3.03049659729, 3.51475191116, 3.99900722504, 4.48326253891, 4.96751785278, 5.45177268982, 6.24866342545, 6.73415470123, 7.21964550018, 7.70513677597, 8.19062805176, 8.67611885071, 9.16160964966, 9.64710044861]
    bpm_estimates: [123.893836975, 124.107025146, 124.002174377, 123.58039856, 123.925720215, 123.382987976, 124.104576111, 123.491783142, 123.135795593, 124.648582458, 124.593963623, 124.443565369, 124.065551758, 122.205238342, 121.85912323]
    bpm_intervals: [0.484255284071, 0.484255313873, 0.484255433083, 0.484255194664, 0.484255313873, 0.484255075455, 0.484255313873, 0.484255313873, 0.484255313873, 0.484255313873, 0.484254837036, 0.796890735626, 0.485491275787, 0.48549079895, 0.485491275787, 0.485491275787, 0.48549079895, 0.48549079895, 0.48549079895]
    onset_times: [0.0696598663926, 0.232199549675, 0.580498874187, 0.824308395386, 0.975238084793, 1.09133791924, 1.18421769142, 1.54412698746, 1.79954648018, 2.07818603516, 2.18267583847, 2.31038546562, 2.53097510338, 2.77478456497, 2.93732428551, 3.04181408882, 3.14630389214, 3.27401351929, 3.50621318817, 3.75002264977, 4.01705217361, 4.13315200806, 4.26086187363, 4.38857126236, 4.48145103455, 4.72526073456, 4.87619066238, 4.99229001999, 5.0967798233, 5.22448968887, 5.45668935776, 5.68888902664, 6.09523820877, 6.6989569664, 7.0936961174, 7.66258525848, 8.05732440948, 8.63782310486, 9.04417228699, 9.5666217804, 9.67111110687]
    rubato_start: []
    rubato_stop: []
    perceptual_tempo: "unknown"

sfx:
    inharmonicity:
        dmean: 0.0414357557893
        dmean2: 0.074365966022
        dvar: 0.00234858389013
        dvar2: 0.00655349949375
        max: 0.392101734877
        mean: 0.0447986498475
        min: 0.000234736755374
        var: 0.00218110159039
    oddtoevenharmonicenergyratio:
        dmean: 3.69692969322
        dmean2: 7.04813957214
        dvar: 243.398468018
        dvar2: 728.648071289
        max: 175.882278442
        mean: 2.28527665138
        min: 0.00296722608618
        var: 141.504180908
    pitch_after_max_to_before_max_energy_ratio: 4.13736152649
    pitch_centroid: 222.25743103
    pitch_max_to_total: 0.358139544725
    pitch_min_to_total: 0.895348846912
    tristimulus:
        dmean: [0.191484257579, 0.213310495019, 0.130133077502]
        dmean2: [0.323668956757, 0.370840579271, 0.233292192221]
        dvar: [0.0270917713642, 0.0343628674746, 0.0144935809076]
        dvar2: [0.0709542259574, 0.105203531682, 0.0410486459732]
        max: [0.91195589304, 0.991270065308, 0.785921394825]
        mean: [0.433807164431, 0.390612751245, 0.136951804161]
        min: [0.00872992444783, 0, 0]
        var: [0.046388309449, 0.0475175231695, 0.0161555390805]

tonal:
    chords_changes_rate: 0.0694444477558
    chords_number_rate: 0.0138888889924
    chords_strength:
        dmean: 0.0108749000356
        dmean2: 0.0131914718077
        dvar: 8.06538082543e-05
        dvar2: 0.000133315843414
        max: 0.696765899658
        mean: 0.566488742828
        min: 0.373219460249
        var: 0.00734923966229
    key_strength: 0.814174354076
    tuning_diatonic_strength: 0.639063417912
    tuning_equal_tempered_deviation: 0.246911048889
    tuning_frequency: 434.946166992
    tuning_nontempered_energy_ratio: 0.914388656616
    hpcp:
        dmean: [0.138588890433, 0.133084520698, 0.143562138081, 0.150288820267, 0.1568184793, 0.20069129765, 0.281645387411, 0.295428186655, 0.262763261795, 0.214306026697, 0.185095697641, 0.182518899441, 0.198285251856, 0.208019733429, 0.183050945401, 0.165732070804, 0.146789759398, 0.137022733688, 0.154843702912, 0.199591726065, 0.224635824561, 0.219250664115, 0.207383900881, 0.190468758345, 0.17789195478, 0.156860619783, 0.197765246034, 0.233830884099, 0.213600456715, 0.245020538568, 0.188457712531, 0.131230592728, 0.124374337494, 0.149319589138, 0.161342784762, 0.13472186029]
        dmean2: [0.231602191925, 0.222403377295, 0.242933437228, 0.243017315865, 0.266846418381, 0.364645451307, 0.491132587194, 0.513854503632, 0.463656872511, 0.377031832933, 0.312418580055, 0.310194402933, 0.343368828297, 0.345750391483, 0.313940256834, 0.282112449408, 0.248025149107, 0.234348207712, 0.269554018974, 0.346243023872, 0.401183158159, 0.37673458457, 0.351991057396, 0.335448801517, 0.312431752682, 0.280462741852, 0.368988037109, 0.410073041916, 0.374138206244, 0.429312378168, 0.325850307941, 0.222767621279, 0.221041813493, 0.251621514559, 0.276618748903, 0.217675611377]
        dvar: [0.0223162472248, 0.0266727730632, 0.0301537271589, 0.0283557977527, 0.0321718901396, 0.0521698445082, 0.0532836131752, 0.0629186555743, 0.0576163232327, 0.0558103919029, 0.0467094555497, 0.0489074252546, 0.0541103854775, 0.0483286529779, 0.0363808013499, 0.0311793424189, 0.0317016690969, 0.0247198455036, 0.0277213919908, 0.0414028950036, 0.0454987250268, 0.045232437551, 0.0334926471114, 0.0347968488932, 0.0388877391815, 0.0363741777837, 0.0533521324396, 0.0645620077848, 0.059367287904, 0.0674232468009, 0.0455485321581, 0.0220681037754, 0.0246600210667, 0.0263547915965, 0.0265173837543, 0.0189157091081]
        dvar2: [0.0505224615335, 0.0639206469059, 0.0815439224243, 0.0788255408406, 0.0877162069082, 0.158148780465, 0.135297745466, 0.156627744436, 0.164905309677, 0.144439250231, 0.126784712076, 0.113679349422, 0.147239252925, 0.132536679506, 0.10306622833, 0.0787502750754, 0.0835321098566, 0.0604406632483, 0.0678623244166, 0.105661228299, 0.12138825655, 0.125782936811, 0.0831502303481, 0.102251783013, 0.115760095417, 0.109212204814, 0.15913900733, 0.199535742402, 0.160151451826, 0.198089152575, 0.138589575887, 0.0627852678299, 0.0682747066021, 0.0759708359838, 0.0679061561823, 0.0493091158569]
        max: [1, 1, 1, 1, 1, 1, 1, 1, 1, 1, 1, 1, 1, 1, 1, 1, 1, 1, 1, 1, 1, 1, 1, 1, 1, 1, 1, 1, 1, 1, 1, 1, 1, 1, 1, 1]
        mean: [0.206089481711, 0.204522132874, 0.186783194542, 0.188803762197, 0.201376602054, 0.240258961916, 0.4162106812, 0.483903437853, 0.348127603531, 0.275210440159, 0.243938162923, 0.229489013553, 0.253082901239, 0.290506660938, 0.285129874945, 0.238557159901, 0.192492261529, 0.176292672753, 0.20668746531, 0.255791515112, 0.278939276934, 0.336879581213, 0.339896708727, 0.2555565238, 0.193985626101, 0.156876221299, 0.191226899624, 0.261904686689, 0.283315896988, 0.279345184565, 0.249062225223, 0.200315654278, 0.187946677208, 0.233299225569, 0.249342799187, 0.20612154901]
        min: [0.00976389087737, 0.009661517106, 0.00993037968874, 0.00635851966217, 0.00370576139539, 0.00640388019383, 0.00813055969775, 0.0311161074787, 0.0107379686087, 0.0106901265681, 0.00767982797697, 0.00341144716367, 0.00291517842561, 0.00526118045673, 0.00740042887628, 0.00582758663222, 0.00394650315866, 0.00296622654423, 0.001815552474, 0.00156040908769, 0.00309566012584, 0.00648330245167, 0.00691893417388, 0.0042333053425, 0.00391968106851, 0.00627556722611, 0.00606145709753, 0.00535726267844, 0.00352080399171, 0.00272578420117, 0.00243406346999, 0.00333736138418, 0.007530443836, 0.005981979426, 0.00545128015801, 0.0114124640822]
        var: [0.0382314287126, 0.0344996787608, 0.0328477360308, 0.0353941060603, 0.0451043173671, 0.0514784306288, 0.0853072106838, 0.101806417108, 0.0687544643879, 0.0636771470308, 0.0594143904746, 0.0600844137371, 0.0597634091973, 0.0743997469544, 0.056604526937, 0.0406203605235, 0.0369805581868, 0.0326950587332, 0.0367647409439, 0.0543009601533, 0.0526911243796, 0.068701736629, 0.0676546245813, 0.0520798824728, 0.0435217544436, 0.0311958547682, 0.0453689657152, 0.0695725381374, 0.0697134435177, 0.0795640125871, 0.0548031739891, 0.0313973911107, 0.0300577003509, 0.0439069271088, 0.0499616414309, 0.0343873426318]
    chords_histogram: [50.9259262085, 0, 40.7407417297, 0, 0, 0, 0, 0, 0, 0, 0, 0, 0, 0, 0, 0, 0, 0.462962955236, 0, 6.94444465637, 0, 0, 0, 0.925925910473]
    thpcp: [1, 0.719415426254, 0.568730056286, 0.50410503149, 0.474245458841, 0.523002922535, 0.600340127945, 0.589228868484, 0.492985039949, 0.397790640593, 0.364313751459, 0.427125424147, 0.528600335121, 0.576435804367, 0.696171104908, 0.702406048775, 0.52811473608, 0.40087673068, 0.324189096689, 0.395175755024, 0.541233360767, 0.585480213165, 0.577274620533, 0.514694035053, 0.413957893848, 0.388397067785, 0.482119381428, 0.515273869038, 0.425955951214, 0.425889670849, 0.422650724649, 0.385992705822, 0.390168249607, 0.416150391102, 0.496501863003, 0.860110998154]
    chords_key: "E"
    chords_scale: "major"
    key_key: "E"
    key_scale: "major"
    chords_progression: ["B", "B", "B", "B", "B", "B", "B", "B", "B", "B", "B", "B", "Bm", "Bm", "Bm", "Bm", "Bm", "Bm", "Bm", "Bm", "Bm", "Bm", "B", "Bm", "Bm", "B", "Bm", "B", "Bm", "B", "B", "B", "B", "B", "B", "B", "B", "B", "B", "B", "B", "B", "B", "Bm", "B", "B", "B", "B", "B", "B", "B", "B", "B", "B", "B", "B", "B", "B", "B", "B", "B", "B", "B", "B", "B", "B", "B", "B", "B", "B", "B", "B", "B", "B", "B", "B", "B", "B", "B", "B", "B", "B", "B", "B", "B", "B", "B", "B", "B", "B", "B", "B", "B", "B", "Em", "B", "B", "B", "B", "B", "B", "B", "B", "B", "E", "E", "E", "E", "C#m", "C#m", "E", "E", "E", "E", "E", "E", "E", "E", "E", "E", "E", "E", "E", "E", "E", "E", "E", "E", "E", "E", "E", "E", "E", "E", "E", "E", "E", "E", "E", "E", "E", "E", "E", "E", "E", "E", "E", "E", "E", "E", "E", "E", "E", "E", "E", "E", "E", "E", "E", "E", "E", "E", "E", "E", "E", "E", "E", "E", "E", "E", "E", "E", "E", "E", "E", "E", "E", "E", "E", "E", "E", "E", "E", "E", "E", "E", "E", "E", "E", "E", "E", "E", "E", "E", "E", "E", "E", "E", "E", "E", "E", "E", "E", "E", "E", "E", "E", "E", "E", "E", "E", "E", "E", "E", "E", "E"]
