
metadata:
    version:
        essentia: "1.2.2"
    audio_properties:
        analysis_sample_rate: 44100
        bitrate: 128
        channels: 2
        equal_loudness: 1
        length: 10.0310201645
        replay_gain: -10.111989975
        downmix: "mix"
    tags:
        track: 29
        year: 0
        album: "Splitted by Mp3Splt v. 2.1"
        artist: "From 004.40 To 004.50"
        comment: "http://mp3splt.sf.net"
        genre: ""
        title: "11 Epilogue.mp3"

highlevel:
    ballroom:
        all:
            ChaChaCha: 0.102788083255
            Jive: 0.375443339348
            Quickstep: 0.0253319963813
            Rumba-American: 0.00583150936291
            Rumba-International: 0.0636774078012
            Rumba-Misc: 0.0589573457837
            Samba: 0.339775949717
            Tango: 0.00383151462302
            VienneseWaltz: 0.018467253074
            Waltz: 0.00589559366927
        probability: 0.375443339348
        value: "Jive"
    culture:
        all:
            non_western: 0.0357417985797
            western: 0.96425819397
        probability: 0.96425819397
        value: "western"
    gender:
        all:
            female: 0.765623092651
            male: 0.234376877546
        probability: 0.765623092651
        value: "female"
    genre_dortmund:
        all:
            alternative: 0.481907993555
            blues: 0.000494523614179
            electronic: 0.274536550045
            folkcountry: 0.0115943374112
            funksoulrnb: 0.00298698572442
            jazz: 0.00799668300897
            pop: 0.101075224578
            raphiphop: 0.00123122951481
            rock: 0.118176482618
        probability: 0.481907993555
        value: "alternative"
    genre_electronica:
        all:
            ambient: 0.407035678625
            dnb: 0.0631625428796
            house: 0.00376791250892
            techno: 0.00691980216652
            trance: 0.519114077091
        probability: 0.519114077091
        value: "trance"
    genre_rosamerica:
        all:
            cla: 0.0192452780902
            dan: 0.753846406937
            hip: 0.00578123889863
            jaz: 0.042152993381
            pop: 0.0313226915896
            rhy: 0.0138555364683
            roc: 0.130893781781
            spe: 0.00290206959471
        probability: 0.753846406937
        value: "dan"
    genre_tzanetakis:
        all:
            blu: 0.0254187565297
            cla: 0.0571085102856
            cou: 0.0983918532729
            dis: 0.0440745353699
            hip: 0.0163371302187
            jaz: 0.395312488079
            met: 0.0400038845837
            pop: 0.17527346313
            reg: 0.0374295711517
            roc: 0.110649809241
        probability: 0.395312488079
        value: "jaz"
    live_studio:
        all:
            live: 0.475025773048
            studio: 0.524974226952
        probability: 0.524974226952
        value: "studio"
    mood:
        all:
            Cluster1: 0.714188277721
            Cluster2: 0.0659983232617
            Cluster3: 0.0991824343801
            Cluster4: 0.026862706989
            Cluster5: 0.0937682762742
        probability: 0.714188277721
        value: "Cluster1"
    mood_acoustic:
        all:
            acoustic: 0.0405955277383
            not_acoustic: 0.959404468536
        probability: 0.959404468536
        value: "not_acoustic"
    mood_aggressive:
        all:
            aggressive: 0.0961436033249
            not_aggressive: 0.903856396675
        probability: 0.903856396675
        value: "not_aggressive"
    mood_electronic:
        all:
            electronic: 0.939398288727
            not_electronic: 0.0606016889215
        probability: 0.939398288727
        value: "electronic"
    mood_happy:
        all:
            happy: 0.204732358456
            not_happy: 0.795267641544
        probability: 0.795267641544
        value: "not_happy"
    mood_party:
        all:
            not_party: 0.871870398521
            party: 0.12812961638
        probability: 0.871870398521
        value: "not_party"
    mood_relaxed:
        all:
            not_relaxed: 0.218838855624
            relaxed: 0.781161129475
        probability: 0.781161129475
        value: "relaxed"
    mood_sad:
        all:
            not_sad: 0.233135014772
            sad: 0.76686501503
        probability: 0.76686501503
        value: "sad"
    rhythm:
        all:
            fast: 0.0671375021338
            medium: 0.693929135799
            slow: 0.238933339715
        probability: 0.693929135799
        value: "medium"
    speech_music:
        all:
            music: 0.99992865324
            speech: 7.13175104465e-05
        probability: 0.99992865324
        value: "music"
    timbre:
        all:
            bright: 0.12390268594
            dark: 0.87609732151
        probability: 0.87609732151
        value: "dark"
    voice_instrumental:
        all:
            instrumental: 0.760950744152
            voice: 0.239049226046
        probability: 0.760950744152
        value: "instrumental"

lowlevel:
    average_loudness: 0.985125362873
    barkbands_kurtosis:
        dmean: 0.970281004906
        dmean2: 1.55900514126
        dvar: 0.731986582279
        dvar2: 1.74396109581
        max: 7.64007472992
        mean: 0.581153988838
        min: -1.7314248085
        var: 1.51669871807
    barkbands_skewness:
        dmean: 0.295726656914
        dmean2: 0.473574012518
        dvar: 0.0670953243971
        dvar2: 0.1577886343
        max: 2.31100273132
        mean: 1.12169826031
        min: -0.550444543362
        var: 0.13716109097
    barkbands_spread:
        dmean: 6.58726596832
        dmean2: 10.2322378159
        dvar: 34.5501861572
        dvar2: 73.3372116089
        max: 56.9941673279
        mean: 28.9672641754
        min: 10.2017602921
        var: 80.4907073975
    dissonance:
        dmean: 0.0233953539282
        dmean2: 0.039852861315
        dvar: 0.000443500932306
        dvar2: 0.00110550376121
        max: 0.499057710171
        mean: 0.455032974482
        min: 0.293328553438
        var: 0.000632047769614
    hfc:
        dmean: 2.14604687691
        dmean2: 3.30494356155
        dvar: 13.0657711029
        dvar2: 30.1643753052
        max: 33.5495414734
        mean: 5.76021957397
        min: 0.0447714589536
        var: 15.0552616119
    pitch:
        dmean: 427.442962646
        dmean2: 836.437255859
        dvar: 1194980.125
        dvar2: 3130167.25
        max: 4900
        mean: 458.517852783
        min: 77.6408462524
        var: 801779.0625
    pitch_instantaneous_confidence:
        dmean: 0.072855822742
        dmean2: 0.115183331072
        dvar: 0.00303791370243
        dvar2: 0.00780605571344
        max: 0.682037711143
        mean: 0.362978368998
        min: 0.167486906052
        var: 0.00787151698023
    pitch_salience:
        dmean: 0.046355009079
        dmean2: 0.0745326653123
        dvar: 0.00143606471829
        dvar2: 0.00377276237123
        max: 0.802372872829
        mean: 0.590051472187
        min: 0.426741838455
        var: 0.00400664098561
    silence_rate_20dB:
        dmean: 0
        dmean2: 0
        dvar: 0
        dvar2: 0
        max: 1
        mean: 1
        min: 1
        var: 0
    silence_rate_30dB:
        dmean: 0
        dmean2: 0
        dvar: 0
        dvar2: 0
        max: 1
        mean: 1
        min: 1
        var: 0
    silence_rate_60dB:
        dmean: 0.00462962966412
        dmean2: 0.00696055684239
        dvar: 0.00460822042078
        dvar2: 0.00691205728799
        max: 1
        mean: 0.00692840665579
        min: 0
        var: 0.00688044214621
    spectral_centroid:
        dmean: 217.603744507
        dmean2: 343.534362793
        dvar: 72257.71875
        dvar2: 157887.015625
        max: 2717.31811523
        mean: 906.073852539
        min: 437.971405029
        var: 111950.398438
    spectral_complexity:
        dmean: 3.06960558891
        dmean2: 4.8744187355
        dvar: 12.6447925568
        dvar2: 30.8400363922
        max: 35
        mean: 14.9675922394
        min: 0
        var: 17.4850635529
    spectral_crest:
        dmean: 1.49486339092
        dmean2: 2.42909836769
        dvar: 1.67606365681
        dvar2: 4.12776708603
        max: 15.6374855042
        mean: 6.35724067688
        min: 2.7855091095
        var: 3.55338287354
    spectral_decrease:
        dmean: 2.92303875549e-10
        dmean2: 4.63452914934e-10
        dvar: 6.26642240643e-20
        dvar2: 1.46369389671e-19
        max: -1.58240451992e-11
        mean: -1.4864618425e-09
        min: -3.46648998395e-09
        var: 1.46736399369e-19
    spectral_energy:
        dmean: 0.00125779397786
        dmean2: 0.00197648908943
        dvar: 1.3625505062e-06
        dvar2: 3.14716612593e-06
        max: 0.01591135934
        mean: 0.00613272190094
        min: 6.37843186269e-05
        var: 2.84221164293e-06
    spectral_energyband_high:
        dmean: 0.000266155373538
        dmean2: 0.000429198029451
        dvar: 2.9948091651e-07
        dvar2: 7.13745805569e-07
        max: 0.00422654952854
        mean: 0.000313231401378
        min: 1.35622849484e-06
        var: 2.92959896342e-07
    spectral_energyband_low:
        dmean: 0.000345610751538
        dmean2: 0.000602663145401
        dvar: 1.61268999932e-07
        dvar2: 4.6039241397e-07
        max: 0.00431869318709
        mean: 0.00143732933793
        min: 5.18090701007e-06
        var: 3.26284180119e-07
    spectral_energyband_middle_high:
        dmean: 0.000341026694514
        dmean2: 0.00052386400057
        dvar: 1.4214127475e-07
        dvar2: 3.3874087535e-07
        max: 0.00479379296303
        mean: 0.00134325935505
        min: 1.02378535303e-05
        var: 2.27971327149e-07
    spectral_energyband_middle_low:
        dmean: 0.00084270053776
        dmean2: 0.0013464782387
        dvar: 5.27526310634e-07
        dvar2: 1.32744617076e-06
        max: 0.00790371373296
        mean: 0.0030388191808
        min: 4.70084123663e-05
        var: 1.35952529945e-06
    spectral_flatness_db:
        dmean: 0.0141622936353
        dmean2: 0.0228507909924
        dvar: 0.000154586479766
        dvar2: 0.000336106430041
        max: 0.188176751137
        mean: 0.129766091704
        min: 0.0756898969412
        var: 0.000372306501959
    spectral_flux:
        dmean: 0.00702561903745
        dmean2: 0.0111764576286
        dvar: 5.30409161001e-05
        dvar2: 0.000111825756903
        max: 0.0749143213034
        mean: 0.0352238863707
        min: 0.00798650830984
        var: 9.66250299825e-05
    spectral_kurtosis:
        dmean: 1.0607560873
        dmean2: 1.66625738144
        dvar: 1.20798230171
        dvar2: 2.38027906418
        max: 10.3096895218
        mean: 2.93495178223
        min: 0.0834023952484
        var: 2.39587521553
    spectral_rms:
        dmean: 0.000246955547482
        dmean2: 0.00038460426731
        dvar: 4.6742297144e-08
        dvar2: 9.76194911573e-08
        max: 0.00393995922059
        mean: 0.00242361892015
        min: 0.000249456614256
        var: 1.09214681743e-07
    spectral_rolloff:
        dmean: 727.33203125
        dmean2: 1192.73937988
        dvar: 589993.625
        dvar2: 1179448.875
        max: 5167.96875
        mean: 1865.81237793
        min: 473.73046875
        var: 1091839.625
    spectral_skewness:
        dmean: 0.250628650188
        dmean2: 0.386455208063
        dvar: 0.0678770318627
        dvar2: 0.123725175858
        max: 2.8847720623
        mean: 1.66447234154
        min: 0.700597763062
        var: 0.137922257185
    spectral_spread:
        dmean: 882512.6875
        dmean2: 1407661
        dvar: 1.00108494438e+12
        dvar2: 2.27189666611e+12
        max: 11760430
        mean: 7698907.5
        min: 4525941.5
        var: 1.69191774618e+12
    spectral_strongpeak:
        dmean: 0.131291046739
        dmean2: 0.226133137941
        dvar: 0.033400002867
        dvar2: 0.081034809351
        max: 1.30170798302
        mean: 0.278091162443
        min: 0.0187444090843
        var: 0.0516324937344
    zerocrossingrate:
        dmean: 0.0102618364617
        dmean2: 0.0125374728814
        dvar: 8.89632865437e-05
        dvar2: 0.000116525814519
        max: 0.14453125
        mean: 0.0661451518536
        min: 0.02392578125
        var: 0.000314708915539
    barkbands:
        dmean: [7.51482104988e-07, 0.00014833259047, 0.000225339696044, 0.00013615268108, 0.00019469083054, 0.000462225580122, 0.000401169469114, 0.000110516302811, 9.1891422926e-05, 0.000130181782879, 0.000110728928121, 5.54078142159e-05, 3.70726666006e-05, 2.55602499237e-05, 6.17354889982e-05, 1.44575924423e-05, 5.11801954417e-05, 7.17416332918e-05, 9.7037613159e-05, 0.00014055907377, 0.000121535573271, 5.51965313207e-05, 1.5374229406e-05, 8.83833399712e-06, 7.02724446455e-06, 3.66302231214e-07, 1.5992350777e-09]
        dmean2: [9.79890842245e-07, 0.000247302028583, 0.000396696006646, 0.000211058708373, 0.000312664022204, 0.000666295236442, 0.00070852303179, 0.000177002060809, 0.000137036520755, 0.000197205517907, 0.000174382934347, 8.33266385598e-05, 6.36853001197e-05, 3.95684292016e-05, 9.43602499319e-05, 2.43964950641e-05, 8.01904170658e-05, 0.000116776187497, 0.000153707544087, 0.000229403463891, 0.000196587730898, 8.51840013638e-05, 2.46508225246e-05, 1.41971531775e-05, 1.13945798148e-05, 6.06777462053e-07, 2.25571272772e-09]
        dvar: [1.35001853446e-11, 4.85608424583e-08, 8.32647160109e-08, 5.47181606692e-08, 5.40196687382e-08, 1.97337143959e-07, 1.79659593869e-07, 1.05283950447e-08, 6.56973808688e-09, 1.29896049472e-08, 1.39250788678e-08, 3.18484882911e-09, 1.43268386044e-09, 7.76199382546e-10, 3.94707155849e-09, 2.66560717943e-10, 2.63859001315e-09, 6.04673067173e-09, 1.62838311724e-08, 6.45300772817e-08, 6.55997922649e-08, 1.23565584431e-08, 7.05224600939e-10, 1.84549431292e-10, 9.76472167014e-11, 2.15048505804e-13, 1.95222565496e-16]
        dvar2: [1.55641350502e-11, 1.26242312604e-07, 2.54567510183e-07, 1.31854307028e-07, 1.44593045093e-07, 3.6336760445e-07, 5.56728650736e-07, 2.38721380441e-08, 1.56609463176e-08, 2.97255162707e-08, 3.67001327106e-08, 6.64021504448e-09, 3.88023968512e-09, 1.64746105646e-09, 8.73511574184e-09, 6.60973220601e-10, 6.36657615516e-09, 1.48871261985e-08, 3.91958998591e-08, 1.5309791479e-07, 1.61581027669e-07, 2.893001394e-08, 1.65087410409e-09, 3.90936588657e-10, 2.19273904589e-10, 4.72769230448e-13, 2.01390791767e-16]
        max: [7.34902714612e-05, 0.00264513725415, 0.00255986582488, 0.0027907169424, 0.00193137454335, 0.00548407528549, 0.00314018316567, 0.000792359060142, 0.000807759410236, 0.00165755872149, 0.00106495548971, 0.00062992121093, 0.000383570848498, 0.000303068431094, 0.00076671509305, 0.000116836519737, 0.000632014707662, 0.000687518157065, 0.00185100839008, 0.00233218283392, 0.00201344257221, 0.000827708805446, 0.000168411119375, 9.36036449275e-05, 8.88881913852e-05, 3.56990835826e-06, 2.88428140038e-07]
        mean: [7.07542540113e-07, 0.000630724942312, 0.000805981515441, 0.000241647881921, 0.000422345066909, 0.00118091399781, 0.000645059742965, 0.00021800880495, 0.000212776096305, 0.000294375582598, 0.000205824486329, 0.000114196132927, 7.13607441867e-05, 5.35544932063e-05, 0.000131506370963, 2.46124527621e-05, 9.88885003608e-05, 0.000132860703161, 0.000221070673433, 0.00018790482136, 0.000135074471473, 6.16733595962e-05, 1.61224052135e-05, 1.28375795612e-05, 1.1989261111e-05, 7.05037848547e-07, 1.63724622748e-09]
        min: [5.99313862426e-11, 2.93917992167e-06, 2.19684261538e-06, 7.93689252987e-07, 1.28662486532e-05, 1.15547245514e-05, 1.76049452421e-05, 4.75846235304e-07, 2.27718783208e-06, 4.8188103392e-06, 3.81135663474e-07, 1.22700816974e-06, 1.87460017287e-07, 8.73322449024e-07, 1.16722799248e-06, 1.2728091292e-07, 7.26859809674e-07, 7.71582506331e-07, 1.11952260795e-06, 2.98832190992e-07, 6.67688993872e-07, 1.76683641939e-07, 8.26906472184e-08, 1.79922025723e-07, 2.1696897079e-07, 6.80148426468e-09, 1.93549828942e-11]
        var: [1.57652727678e-11, 6.33977847997e-08, 1.89874484136e-07, 1.25085065861e-07, 8.30345356917e-08, 6.24089352641e-07, 2.80137868458e-07, 2.19866258533e-08, 1.90485778262e-08, 3.72761128631e-08, 2.71516888972e-08, 7.89851739569e-09, 2.85581736037e-09, 2.31109686943e-09, 9.78100000992e-09, 3.6668310055e-10, 5.70089175866e-09, 9.06264130407e-09, 2.58180286039e-08, 6.59046008877e-08, 6.09913897165e-08, 1.39037714675e-08, 7.31514626651e-10, 2.22052223831e-10, 1.21738702452e-10, 3.34866981149e-13, 1.94245605636e-16]
    mfcc:
        mean: [-674.743896484, 120.313270569, -6.52161359787, 35.9384346008, -9.76714420319, -10.445397377, 8.4592924118, -3.80975985527, -1.05301010609, -2.33788251877, 5.00354719162, -2.97030615807, 0.73698425293]
        cov: [[626.941894531, -363.791473389, 90.9011001587, 54.418258667, -115.242912292, 78.5980224609, -33.8072242737, -9.6231880188, 8.41821479797, -31.5683116913, -23.5776786804, 3.8985388279, 32.1584854126], [-363.791473389, 385.786102295, -115.01436615, -47.274936676, 87.1088867188, -60.5131225586, 32.9178771973, -1.32157838345, -11.7407455444, 17.4047966003, 11.4057598114, -6.05494737625, -20.62541008], [90.9011001587, -115.01436615, 93.8108673096, 4.52593135834, -23.6446170807, 7.73921823502, -22.299451828, -3.53911662102, -1.60764396191, 1.79789888859, -3.7356595993, 1.22862637043, 1.18094658852], [54.418258667, -47.274936676, 4.52593135834, 88.6687774658, -15.6743364334, 4.26664304733, -15.2424459457, -5.47599840164, 1.3917222023, -19.977142334, 0.388044178486, -1.58545267582, -11.0166215897], [-115.242912292, 87.1088867188, -23.6446170807, -15.6743364334, 79.987663269, -18.3328914642, 5.23681402206, 2.4074857235, -7.3586974144, 9.71706199646, 2.51013660431, -4.29771137238, -13.5411176682], [78.5980224609, -60.5131225586, 7.73921823502, 4.26664304733, -18.3328914642, 54.2591133118, 1.71181297302, -6.75215625763, 2.59301662445, -5.56967306137, -6.19953250885, -4.70880794525, 0.963675439358], [-33.8072242737, 32.9178771973, -22.299451828, -15.2424459457, 5.23681402206, 1.71181297302, 45.70520401, 13.9254865646, -8.47176456451, 3.20498776436, 0.882339298725, -3.1361310482, -0.271247893572], [-9.6231880188, -1.32157838345, -3.53911662102, -5.47599840164, 2.4074857235, -6.75215625763, 13.9254865646, 35.4402809143, 6.96125364304, -4.79047679901, -3.56770515442, -1.80658960342, -2.19825673103], [8.41821479797, -11.7407455444, -1.60764396191, 1.3917222023, -7.3586974144, 2.59301662445, -8.47176456451, 6.96125364304, 35.0266189575, 6.85530090332, -5.28737449646, -6.24655294418, -4.34946680069], [-31.5683116913, 17.4047966003, 1.79789888859, -19.977142334, 9.71706199646, -5.56967306137, 3.20498776436, -4.79047679901, 6.85530090332, 39.886013031, 10.9753227234, -5.08202123642, -0.680794715881], [-23.5776786804, 11.4057598114, -3.7356595993, 0.388044178486, 2.51013660431, -6.19953250885, 0.882339298725, -3.56770515442, -5.28737449646, 10.9753227234, 34.0044822693, 7.15672636032, -5.71394968033], [3.8985388279, -6.05494737625, 1.22862637043, -1.58545267582, -4.29771137238, -4.70880794525, -3.1361310482, -1.80658960342, -6.24655294418, -5.08202123642, 7.15672636032, 30.161863327, 11.2009849548], [32.1584854126, -20.62541008, 1.18094658852, -11.0166215897, -13.5411176682, 0.963675439358, -0.271247893572, -2.19825673103, -4.34946680069, -0.680794715881, -5.71394968033, 11.2009849548, 36.3205680847]]
        icov: [[0.00409651128575, 0.00332767399959, 0.00101826817263, -0.000178246598807, 0.00200210441835, -0.00141802686267, 0.000857232778799, 0.000565149239264, 0.000864138826728, 0.000568307354115, 0.00114091369323, 0.000610812159721, -0.000894649361726], [0.00332767399959, 0.00969697814435, 0.00789423007518, 0.00284699816257, -0.00116774137132, 0.00491144880652, -0.00052252021851, 0.00378327281214, 0.00198676902801, 0.000286697351839, 0.00179261225276, 0.0010242407443, 0.00303599610925], [0.00101826817263, 0.00789423007518, 0.0219758935273, 0.00365170091391, 0.00285394163802, 0.00391050474718, 0.00876028928906, -0.00108261255082, 0.00851093884557, -0.00548749649897, 0.00484338589013, -0.000173785665538, 0.00666646799073], [-0.000178246598807, 0.00284699816257, 0.00365170091391, 0.0162233412266, 0.00167414988391, 0.00311966356821, 0.00337213790044, 0.00339431525208, 0.000180918344995, 0.00756603945047, -0.00183561292943, 0.00185602903366, 0.00665094843134], [0.00200210441835, -0.00116774137132, 0.00285394163802, 0.00167414988391, 0.0201980415732, 0.000998734612949, 0.00466062268242, -0.00330997235142, 0.00764019694179, -0.00513282325119, 0.00429627066478, -3.71635906049e-05, 0.00682352436706], [-0.00141802686267, 0.00491144880652, 0.00391050474718, 0.00311966356821, 0.000998734612949, 0.0280023962259, -0.00643760338426, 0.0101845208555, -0.00266574835405, 0.00390756176785, 0.00225168629549, 0.00370513927191, 0.00402701692656], [0.000857232778799, -0.00052252021851, 0.00876028928906, 0.00337213790044, 0.00466062268242, -0.00643760338426, 0.0375142842531, -0.0185841917992, 0.0168220214546, -0.00819774810225, 0.002267065458, 0.00284074386582, 0.00208743661642], [0.000565149239264, 0.00378327281214, -0.00108261255082, 0.00339431525208, -0.00330997235142, 0.0101845208555, -0.0185841917992, 0.0432763472199, -0.0156772192568, 0.0123808514327, -0.000258003419731, 0.000952871399932, 0.00170922046527], [0.000864138826728, 0.00198676902801, 0.00851093884557, 0.000180918344995, 0.00764019694179, -0.00266574835405, 0.0168220214546, -0.0156772192568, 0.0446034036577, -0.0161375049502, 0.010774823837, 0.00232950854115, 0.00825277529657], [0.000568307354115, 0.000286697351839, -0.00548749649897, 0.00756603945047, -0.00513282325119, 0.00390756176785, -0.00819774810225, 0.0123808514327, -0.0161375049502, 0.0421050265431, -0.0171605013311, 0.0105320941657, -0.00628723250702], [0.00114091369323, 0.00179261225276, 0.00484338589013, -0.00183561292943, 0.00429627066478, 0.00225168629549, 0.002267065458, -0.000258003419731, 0.010774823837, -0.0171605013311, 0.042600709945, -0.01448361855, 0.0129740955308], [0.000610812159721, 0.0010242407443, -0.000173785665538, 0.00185602903366, -3.71635906049e-05, 0.00370513927191, 0.00284074386582, 0.000952871399932, 0.00232950854115, 0.0105320941657, -0.01448361855, 0.0456933379173, -0.0153175005689], [-0.000894649361726, 0.00303599610925, 0.00666646799073, 0.00665094843134, 0.00682352436706, 0.00402701692656, 0.00208743661642, 0.00170922046527, 0.00825277529657, -0.00628723250702, 0.0129740955308, -0.0153175005689, 0.0420408546925]]
    spectral_contrast:
        mean: [8.3859993083e-07, 4.45655103931e-08, -1.91880474176e-07, 2.13876504063e-07, -2.520089879e-07, -1.19502487905e-07, 1.20830475225e-06, -2.49139134212e-06, -6.23917117082e-07, -1.04860021111e-07, -1.80883534995e-06, 3.46934911022e-07]
        var: [0.000255075807218, 0.000495688756928, 0.000618249294348, 0.000923500861973, 0.00136493309401, 0.00214733160101, 0.034696765244, 0.0580741912127, 0.0935597494245, 0.119497679174, 0.233586490154, 0.489731669426]

rhythm:
    beats_loudness:
        dmean: 0.00166700989939
        dmean2: 0.00240981369279
        dvar: 1.51153903971e-06
        dvar2: 2.91813762487e-06
        max: 0.00993962399662
        mean: 0.00644844956696
        min: 0.00424649054185
        var: 2.33369837588e-06
    beats_loudness_bass:
        dmean: 0.0698107257485
        dmean2: 0.130303949118
        dvar: 0.00403541419655
        dvar2: 0.00757575547323
        max: 0.381772220135
        mean: 0.248106703162
        min: 0.140990749002
        var: 0.00461526028812
    bpm: 108.574073792
    bpm_confidence: 0
    first_peak_bpm: 109
    first_peak_spread: 0
    first_peak_weight: 0.625
    onset_rate: 4.68546581268
    second_peak_bpm: 90
    second_peak_spread: 0
    second_peak_weight: 0.3125
    beats_position: [0.0816248655319, 0.634243607521, 1.18686234951, 1.7394810915, 2.29209971428, 2.84471845627, 3.39733719826, 3.94995594025, 4.50257444382, 5.05519342422, 5.6078119278, 6.036028862, 6.70199108124, 7.36795425415, 8.03391742706, 8.6998796463, 9.36584281921]
    bpm_estimates: [108.566390991, 108.412101746, 108.801750183, 108.598571777, 108.560241699, 108.505378723]
    bpm_intervals: [0.552618741989, 0.552618741989, 0.552618741989, 0.55261862278, 0.552618741989, 0.552618741989, 0.552618741989, 0.552618503571, 0.552618980408, 0.552618503571, 0.428216934204, 0.665962219238, 0.665963172913, 0.665963172913, 0.665962219238, 0.665963172913]
    onset_times: [0.0464399084449, 0.27863946557, 0.603718817234, 0.870748281479, 0.96362811327, 1.19582772255, 1.59056687355, 1.62539684772, 1.74149656296, 1.96208620071, 2.13623571396, 2.18267583847, 2.31038546562, 2.50775504112, 2.61224484444, 2.75156474113, 2.96054410934, 3.07664394379, 3.28562355042, 3.41333341599, 3.61070299149, 3.95900225639, 4.17959165573, 4.3073015213, 4.51628112793, 4.65560102463, 5.00390005112, 5.20126962662, 5.66566896439, 6.19972801208, 6.3042178154, 6.53641700745, 6.96598625183, 7.33750581741, 7.51165533066, 7.66258525848, 7.87156438828, 8.09215450287, 8.33596324921, 8.51011371613, 8.85841274261, 9.02095222473, 9.19510173798, 9.32281208038, 9.53179168701, 9.67111110687, 9.86848068237]
    rubato_start: [6.70199108124]
    rubato_stop: [9.36584281921]
    perceptual_tempo: "unknown"

sfx:
    inharmonicity:
        dmean: 0.0294149704278
        dmean2: 0.0502303130925
        dvar: 0.00136230920907
        dvar2: 0.00398020306602
        max: 0.300530850887
        mean: 0.0313264243305
        min: 1.33270877996e-05
        var: 0.00127010466531
    oddtoevenharmonicenergyratio:
        dmean: 2.15975785255
        dmean2: 3.91953754425
        dvar: 77.4602661133
        dvar2: 202.083267212
        max: 115.130218506
        mean: 1.4416872263
        min: 0.000718251802027
        var: 54.7997398376
    pitch_after_max_to_before_max_energy_ratio: 0.301912695169
    pitch_centroid: 205.970993042
    pitch_max_to_total: 0.782407402992
    pitch_min_to_total: 0.354166656733
    tristimulus:
        dmean: [0.207449555397, 0.216521680355, 0.093423858285]
        dmean2: [0.359911292791, 0.377789229155, 0.162637680769]
        dvar: [0.0315584093332, 0.0341526046395, 0.00733867939562]
        dvar2: [0.0888099744916, 0.0958575159311, 0.0199063438922]
        max: [0.956428170204, 0.997873783112, 0.58823466301]
        mean: [0.472086638212, 0.397044241428, 0.102842673659]
        min: [0.00128661282361, 0, 0]
        var: [0.0434961095452, 0.0437293685973, 0.00919631216675]

tonal:
    chords_changes_rate: 0.0414746552706
    chords_number_rate: 0.0138248847798
    chords_strength:
        dmean: 0.00550728384405
        dmean2: 0.0046263942495
        dvar: 2.29173929256e-05
        dvar2: 2.01699949685e-05
        max: 0.658637702465
        mean: 0.532785177231
        min: 0.400506198406
        var: 0.0042427200824
    key_strength: 0.58886641264
    tuning_diatonic_strength: 0.454458087683
    tuning_equal_tempered_deviation: 0.00700618745759
    tuning_frequency: 440.763122559
    tuning_nontempered_energy_ratio: 0.593886375427
    hpcp:
        dmean: [0.0431810878217, 0.0528267920017, 0.104361362755, 0.138209596276, 0.0684316158295, 0.0271258838475, 0.0201311875135, 0.0264280810952, 0.0558414123952, 0.0914837345481, 0.0614073053002, 0.0278075300157, 0.0201523285359, 0.0236634686589, 0.0360361151397, 0.0483079254627, 0.058596227318, 0.0957765728235, 0.102877341211, 0.110298924148, 0.0475174449384, 0.0169604700059, 0.0321785062551, 0.0891593545675, 0.139611080289, 0.0970952361822, 0.023917209357, 0.018733965233, 0.0618440769613, 0.166229262948, 0.116515532136, 0.150715172291, 0.0651689171791, 0.0442274361849, 0.0568136274815, 0.0392843708396]
        dmean2: [0.0693109035492, 0.0892177373171, 0.173436641693, 0.230694666505, 0.109445646405, 0.0461301989853, 0.0347327776253, 0.0482973456383, 0.0944838151336, 0.142784848809, 0.101504035294, 0.049406606704, 0.0362044833601, 0.0423403009772, 0.0635019093752, 0.0839275196195, 0.104809828103, 0.162726581097, 0.168532267213, 0.194337725639, 0.0906858071685, 0.0299764126539, 0.0562159791589, 0.138677105308, 0.207325384021, 0.146750181913, 0.0402703024447, 0.0334697961807, 0.106116361916, 0.272339552641, 0.190158963203, 0.249682813883, 0.112492226064, 0.0751336365938, 0.0977663099766, 0.0617447681725]
        dvar: [0.00661647086963, 0.00901976879686, 0.0217335373163, 0.0235459543765, 0.0063782595098, 0.00157290708739, 0.00183713075239, 0.00333153665997, 0.0048285224475, 0.0128304697573, 0.00652404502034, 0.00183595798444, 0.00125398882665, 0.00423748698086, 0.00465723825619, 0.00572099676356, 0.0160017944872, 0.0211862958968, 0.0183838810772, 0.0252686105669, 0.0134647767991, 0.00136399350595, 0.0028087887913, 0.0105141028762, 0.0227263960987, 0.0124143911526, 0.000973279064056, 0.00123824342154, 0.00479867402464, 0.0221947934479, 0.0283998399973, 0.022112512961, 0.0107499547303, 0.014510572888, 0.0104448189959, 0.0109355198219]
        dvar2: [0.0145384371281, 0.0228916592896, 0.0547781661153, 0.0597794540226, 0.0157180037349, 0.0045299581252, 0.00531693873927, 0.00976154115051, 0.0123299481347, 0.0290520861745, 0.0159621722996, 0.00521104037762, 0.00375402206555, 0.0128404274583, 0.0140258548781, 0.0165211241692, 0.0489685945213, 0.0649428218603, 0.0480928570032, 0.0790325701237, 0.0426033250988, 0.003552807495, 0.00848984345794, 0.0261133555323, 0.0514469444752, 0.0326560586691, 0.00280135706998, 0.00349977239966, 0.0137791112065, 0.0559338033199, 0.0604410022497, 0.0632873550057, 0.0286809280515, 0.026617212221, 0.0279849227518, 0.0244067162275]
        max: [0.649855017662, 1, 1, 1, 0.714545786381, 0.277814328671, 0.442390590906, 0.399410843849, 0.464131444693, 0.931524038315, 0.752677500248, 0.344804883003, 0.217708557844, 0.692183494568, 0.648335516453, 0.617943763733, 1, 1, 1, 1, 0.843756139278, 0.250896304846, 0.471423834562, 0.769299507141, 1, 0.848346829414, 0.252927809954, 0.221413388848, 0.441343843937, 1, 1, 1, 1, 1, 0.944683909416, 1]
        mean: [0.0672861114144, 0.0688784644008, 0.187171831727, 0.277782410383, 0.14757438004, 0.0304363127798, 0.0206963829696, 0.0232592336833, 0.0984562188387, 0.191288694739, 0.126432284713, 0.0301228109747, 0.0200106017292, 0.0260614827275, 0.0622356422246, 0.0925382450223, 0.0809235051274, 0.212424859405, 0.341286867857, 0.19246275723, 0.036714758724, 0.0172265581787, 0.0328013561666, 0.149937540293, 0.259762912989, 0.160163491964, 0.037988614291, 0.0202131811529, 0.0685375928879, 0.474754333496, 0.697237789631, 0.319472461939, 0.164694741368, 0.294769763947, 0.19197589159, 0.059995058924]
        min: [0.00360572827049, 0.00325356633402, 0.0213073901832, 0.0359672866762, 0.0158149432391, 0.0015536674764, 0.0011010679882, 0.000697027135175, 0.00190230098087, 0.00361469294876, 0.00280550308526, 0.00176359037869, 0.000770621583797, 0.00072508881567, 0.00516198016703, 0.00478766392916, 0.00579617731273, 0.00497742602602, 0.00405509397388, 0.00612181378528, 0.00133891380392, 0.00172730197664, 0.00197256286629, 0.00694293435663, 0.0102529833093, 0.00616046926007, 0.00160722259898, 0.00088022777345, 0.00141677400097, 0.0194422323257, 0.0349465049803, 0.0336835384369, 0.00504591874778, 0.00424264511093, 0.00156028266065, 0.0052998890169]
        var: [0.00957328733057, 0.0131112420931, 0.0397398732603, 0.0500848218799, 0.0136663960293, 0.00174511934165, 0.00149726844393, 0.00206976430491, 0.00846108887345, 0.031826030463, 0.0144854038954, 0.00165146007203, 0.000916305114515, 0.00261275121011, 0.00336561398581, 0.00576229020953, 0.0116054946557, 0.059069994837, 0.115894794464, 0.0466889329255, 0.00795120932162, 0.0010370175587, 0.00247304770164, 0.0197411347181, 0.0496805422008, 0.0199563391507, 0.00120409869123, 0.000881610147189, 0.00530371489003, 0.0810636505485, 0.121471315622, 0.0337547324598, 0.0430466234684, 0.175619244576, 0.0677735581994, 0.0115633141249]
    chords_histogram: [0, 54.8387107849, 18.4331798553, 0, 0, 0, 0, 0, 0, 0, 0, 0, 0, 0, 0, 0, 0, 0, 0, 0, 0, 0, 0, 26.7281112671]
    thpcp: [1, 0.458197295666, 0.236210286617, 0.422767907381, 0.27533775568, 0.086046770215, 0.0965038239956, 0.0987876206636, 0.268447637558, 0.398404121399, 0.21165573597, 0.0436527021229, 0.0296833924949, 0.0333591140807, 0.141208946705, 0.274352163076, 0.181333094835, 0.0432030670345, 0.0286998245865, 0.0373781844974, 0.0892602801323, 0.132721215487, 0.116062991321, 0.304666310549, 0.489484190941, 0.276036024094, 0.05265744403, 0.0247068628669, 0.0470447205007, 0.215045049787, 0.372559994459, 0.229711428285, 0.0544844456017, 0.0289903692901, 0.0982987359166, 0.68090736866]
    chords_key: "D#"
    chords_scale: "major"
    key_key: "C"
    key_scale: "minor"
    chords_progression: ["Gm", "Gm", "Gm", "Gm", "Gm", "Gm", "Gm", "Gm", "Gm", "Gm", "Gm", "Gm", "Gm", "Gm", "Gm", "Gm", "Gm", "Gm", "Gm", "Gm", "Gm", "Gm", "Gm", "Gm", "Gm", "Gm", "D#", "D#", "D#", "D#", "D#", "D#", "D#", "D#", "D#", "D#", "D#", "D#", "D#", "D#", "D#", "D#", "D#", "D#", "D#", "D#", "D#", "D#", "D#", "D#", "D#", "D#", "D#", "D#", "D#", "D#", "D#", "D#", "D#", "D#", "D#", "D#", "D#", "D#", "D#", "D#", "D#", "D#", "D#", "D#", "D#", "D#", "D#", "D#", "D#", "D#", "D#", "D#", "D#", "D#", "D#", "D#", "D#", "D#", "D#", "D#", "D#", "D#", "D#", "D#", "D#", "D#", "D#", "D#", "D#", "G#", "G#", "G#", "G#", "G#", "G#", "G#", "G#", "G#", "G#", "G#", "G#", "G#", "G#", "G#", "G#", "G#", "G#", "G#", "G#", "G#", "G#", "G#", "G#", "G#", "G#", "G#", "G#", "G#", "G#", "G#", "G#", "G#", "G#", "G#", "G#", "G#", "G#", "G#", "G#", "G#", "G#", "G#", "G#", "G#", "G#", "G#", "G#", "G#", "G#", "G#", "G#", "G#", "G#", "G#", "G#", "G#", "G#", "D#", "D#", "D#", "D#", "D#", "D#", "D#", "D#", "D#", "D#", "D#", "D#", "D#", "D#", "D#", "D#", "D#", "D#", "D#", "D#", "D#", "D#", "D#", "D#", "D#", "Gm", "Gm", "Gm", "Gm", "Gm", "Gm", "Gm", "Gm", "D#", "D#", "D#", "D#", "D#", "Gm", "Gm", "Gm", "Gm", "D#", "D#", "D#", "D#", "D#", "D#", "D#", "D#", "D#", "D#", "D#", "D#", "D#", "D#", "D#", "D#", "Gm", "Gm", "D#", "D#", "D#", "D#"]
