
metadata:
    version:
        essentia: "1.2.2"
    audio_properties:
        analysis_sample_rate: 44100
        bitrate: 128
        channels: 2
        equal_loudness: 1
        length: 10.0571432114
        replay_gain: -12.4771289825
        downmix: "mix"
    tags:
        track: 7
        year: 0
        album: "Splitted by Mp3Splt v. 2.1"
        artist: "From 001.00 To 001.10"
        comment: "http://mp3splt.sf.net"
        genre: ""
        title: "08 Twisted.mp3"

highlevel:
    ballroom:
        all:
            ChaChaCha: 0.0987403839827
            Jive: 0.173003569245
            Quickstep: 0.191272601485
            Rumba-American: 0.0214941613376
            Rumba-International: 0.0975541397929
            Rumba-Misc: 0.0578179992735
            Samba: 0.141485765576
            Tango: 0.0592154562473
            VienneseWaltz: 0.122393675148
            Waltz: 0.0370222404599
        probability: 0.191272601485
        value: "Quickstep"
    culture:
        all:
            non_western: 0.215340152383
            western: 0.784659862518
        probability: 0.784659862518
        value: "western"
    gender:
        all:
            female: 0.355371624231
            male: 0.644628345966
        probability: 0.644628345966
        value: "male"
    genre_dortmund:
        all:
            alternative: 0.0395208783448
            blues: 0.0430466607213
            electronic: 0.0343740917742
            folkcountry: 0.083966165781
            funksoulrnb: 0.0712555870414
            jazz: 0.131995990872
            pop: 0.0897921845317
            raphiphop: 0.250377446413
            rock: 0.25567099452
        probability: 0.25567099452
        value: "rock"
    genre_electronica:
        all:
            ambient: 0.496904492378
            dnb: 0.100428707898
            house: 0.144358530641
            techno: 0.0260720085353
            trance: 0.232236281037
        probability: 0.496904492378
        value: "ambient"
    genre_rosamerica:
        all:
            cla: 0.0140907270834
            dan: 0.147838875651
            hip: 0.0592618621886
            jaz: 0.0330646149814
            pop: 0.486159801483
            rhy: 0.116730630398
            roc: 0.135301873088
            spe: 0.00755162024871
        probability: 0.486159801483
        value: "pop"
    genre_tzanetakis:
        all:
            blu: 0.00314717274159
            cla: 0.00452243024483
            cou: 0.104060612619
            dis: 0.0754125416279
            hip: 0.00555377779528
            jaz: 0.0218385718763
            met: 0.00158039689995
            pop: 0.539187788963
            reg: 0.150762572885
            roc: 0.0939341261983
        probability: 0.539187788963
        value: "pop"
    live_studio:
        all:
            live: 0.0201099272817
            studio: 0.979890048504
        probability: 0.979890048504
        value: "studio"
    mood:
        all:
            Cluster1: 0.30965706706
            Cluster2: 0.15787512064
            Cluster3: 0.327060192823
            Cluster4: 0.121433109045
            Cluster5: 0.0839745104313
        probability: 0.327060192823
        value: "Cluster3"
    mood_acoustic:
        all:
            acoustic: 0.122442878783
            not_acoustic: 0.877557098866
        probability: 0.877557098866
        value: "not_acoustic"
    mood_aggressive:
        all:
            aggressive: 0.0467651337385
            not_aggressive: 0.95323485136
        probability: 0.95323485136
        value: "not_aggressive"
    mood_electronic:
        all:
            electronic: 0.258264541626
            not_electronic: 0.741735458374
        probability: 0.741735458374
        value: "not_electronic"
    mood_happy:
        all:
            happy: 0.58624714613
            not_happy: 0.41375285387
        probability: 0.58624714613
        value: "happy"
    mood_party:
        all:
            not_party: 0.769259095192
            party: 0.230740919709
        probability: 0.769259095192
        value: "not_party"
    mood_relaxed:
        all:
            not_relaxed: 0.346623063087
            relaxed: 0.653376936913
        probability: 0.653376936913
        value: "relaxed"
    mood_sad:
        all:
            not_sad: 0.325732082129
            sad: 0.674267947674
        probability: 0.674267947674
        value: "sad"
    rhythm:
        all:
            fast: 0.44735378027
            medium: 0.112098783255
            slow: 0.440547436476
        probability: 0.44735378027
        value: "fast"
    speech_music:
        all:
            music: 0.999321520329
            speech: 0.000678474258166
        probability: 0.999321520329
        value: "music"
    timbre:
        all:
            bright: 0.942292571068
            dark: 0.0577074103057
        probability: 0.942292571068
        value: "bright"
    voice_instrumental:
        all:
            instrumental: 0.0776500701904
            voice: 0.92234992981
        probability: 0.92234992981
        value: "voice"

lowlevel:
    average_loudness: 0.970406413078
    barkbands_kurtosis:
        dmean: 1.65919327736
        dmean2: 2.55793094635
        dvar: 13.4922943115
        dvar2: 25.3132705688
        max: 66.9022216797
        mean: 1.22933185101
        min: -1.71323227882
        var: 37.3751716614
    barkbands_skewness:
        dmean: 0.491846263409
        dmean2: 0.753181576729
        dvar: 0.238937661052
        dvar2: 0.521369457245
        max: 7.25387430191
        mean: 0.946004748344
        min: -0.869903922081
        var: 1.039706707
    barkbands_spread:
        dmean: 4.76769542694
        dmean2: 7.6898651123
        dvar: 18.7262611389
        dvar2: 43.1978721619
        max: 42.3764915466
        mean: 21.9421062469
        min: 1.88915610313
        var: 60.163230896
    dissonance:
        dmean: 0.0277016535401
        dmean2: 0.0449922047555
        dvar: 0.000648071873002
        dvar2: 0.00138040201273
        max: 0.499531328678
        mean: 0.438265293837
        min: 0.0649102181196
        var: 0.00144386757165
    hfc:
        dmean: 1.63297843933
        dmean2: 2.47988796234
        dvar: 10.1715974808
        dvar2: 27.9802627563
        max: 31.8281879425
        mean: 4.68567752838
        min: 0.000108019376057
        var: 13.0396747589
    pitch:
        dmean: 215.553237915
        dmean2: 412.538604736
        dvar: 371935.71875
        dvar2: 986676.5625
        max: 3675
        mean: 374.355102539
        min: 91.4937744141
        var: 254293.53125
    pitch_instantaneous_confidence:
        dmean: 0.111707121134
        dmean2: 0.176074922085
        dvar: 0.0114138238132
        dvar2: 0.0217891503125
        max: 0.93312984705
        mean: 0.537976682186
        min: 0.158811986446
        var: 0.0305095817894
    pitch_salience:
        dmean: 0.0770787224174
        dmean2: 0.12137246877
        dvar: 0.00430584372953
        dvar2: 0.0106373177841
        max: 0.939587652683
        mean: 0.575003862381
        min: 0.229129582644
        var: 0.0107045434415
    silence_rate_20dB:
        dmean: 0
        dmean2: 0
        dvar: 0
        dvar2: 0
        max: 1
        mean: 1
        min: 1
        var: 0
    silence_rate_30dB:
        dmean: 0
        dmean2: 0
        dvar: 0
        dvar2: 0
        max: 1
        mean: 1
        min: 1
        var: 0
    silence_rate_60dB:
        dmean: 0.119815669954
        dmean2: 0.240184754133
        dvar: 0.105459712446
        dvar2: 0.18249592185
        max: 1
        mean: 0.351724147797
        min: 0
        var: 0.228015124798
    spectral_centroid:
        dmean: 211.745254517
        dmean2: 332.566680908
        dvar: 51281.6484375
        dvar2: 129110.898438
        max: 2459.79833984
        mean: 1030.39367676
        min: 246.548065186
        var: 132414.109375
    spectral_complexity:
        dmean: 2.91916847229
        dmean2: 4.64120388031
        dvar: 13.9680347443
        dvar2: 32.1282348633
        max: 36
        mean: 11.3018436432
        min: 0
        var: 33.6024513245
    spectral_crest:
        dmean: 2.30273675919
        dmean2: 3.60230851173
        dvar: 4.33271121979
        dvar2: 11.2856750488
        max: 23.690196991
        mean: 8.74453353882
        min: 3.28218460083
        var: 15.5218105316
    spectral_decrease:
        dmean: 3.75204534109e-10
        dmean2: 5.78911141247e-10
        dvar: 2.41371819731e-19
        dvar2: 5.58360561953e-19
        max: -2.2806675507e-14
        mean: -1.10768727524e-09
        min: -4.20321821792e-09
        var: 5.06109682309e-19
    spectral_energy:
        dmean: 0.0015311249299
        dmean2: 0.00236320961267
        dvar: 4.07753395848e-06
        dvar2: 9.46697127802e-06
        max: 0.0166687555611
        mean: 0.00460567278787
        min: 9.58754782232e-08
        var: 8.54850713949e-06
    spectral_energyband_high:
        dmean: 4.95198146382e-05
        dmean2: 7.9550591181e-05
        dvar: 1.55320289963e-08
        dvar2: 4.20584882477e-08
        max: 0.0011347355321
        mean: 7.55153014325e-05
        min: 3.82026499324e-09
        var: 1.42105696099e-08
    spectral_energyband_low:
        dmean: 0.000325365079334
        dmean2: 0.000558596511837
        dvar: 9.02723854779e-07
        dvar2: 2.4820649287e-06
        max: 0.00719622569159
        mean: 0.000415998569224
        min: 2.08964123782e-10
        var: 8.30749797842e-07
    spectral_energyband_middle_high:
        dmean: 0.000605552631896
        dmean2: 0.000941287027672
        dvar: 1.09532163606e-06
        dvar2: 2.90948810289e-06
        max: 0.0103808892891
        mean: 0.00163359742146
        min: 2.33589947385e-08
        var: 1.99597820938e-06
    spectral_energyband_middle_low:
        dmean: 0.00102143385448
        dmean2: 0.00162245577667
        dvar: 1.70168948443e-06
        dvar2: 4.26138876719e-06
        max: 0.0134147582576
        mean: 0.00248055928387
        min: 6.83218956965e-08
        var: 3.35119921147e-06
    spectral_flatness_db:
        dmean: 0.01918066293
        dmean2: 0.0277628097683
        dvar: 0.000275842729025
        dvar2: 0.000628176436294
        max: 0.327649980783
        mean: 0.166525110602
        min: 0.0880732312799
        var: 0.00129396398552
    spectral_flux:
        dmean: 0.0113611230627
        dmean2: 0.0174208767712
        dvar: 0.000159109302331
        dvar2: 0.000339019286912
        max: 0.0958869680762
        mean: 0.0383943133056
        min: 0.00610295543447
        var: 0.000329720845912
    spectral_kurtosis:
        dmean: 1.70109987259
        dmean2: 2.78413796425
        dvar: 2.77486419678
        dvar2: 7.19175672531
        max: 18.9762382507
        mean: 5.88886976242
        min: -0.13526058197
        var: 6.42255926132
    spectral_rms:
        dmean: 0.000347660854459
        dmean2: 0.000514544371981
        dvar: 1.7318944856e-07
        dvar2: 3.52657082203e-07
        max: 0.00403264164925
        mean: 0.0020033644978
        min: 9.6714557003e-06
        var: 4.79867992453e-07
    spectral_rolloff:
        dmean: 525.051818848
        dmean2: 892.780395508
        dvar: 357675.375
        dvar2: 848931.4375
        max: 3832.91015625
        mean: 1955.99890137
        min: 236.865234375
        var: 774174.6875
    spectral_skewness:
        dmean: 0.232588157058
        dmean2: 0.370973616838
        dvar: 0.0503646358848
        dvar2: 0.134429469705
        max: 3.32342267036
        mean: 1.96786868572
        min: 0.967342555523
        var: 0.136180102825
    spectral_spread:
        dmean: 761278.375
        dmean2: 1086275.75
        dvar: 1.42735101133e+12
        dvar2: 1.83490576384e+12
        max: 30754040
        mean: 4728703.5
        min: 2318815
        var: 3.60380864922e+12
    spectral_strongpeak:
        dmean: 0.33999761939
        dmean2: 0.593689799309
        dvar: 0.219877421856
        dvar2: 0.551815509796
        max: 3.27952599525
        mean: 0.592011749744
        min: 0.000207883262192
        var: 0.283137172461
    zerocrossingrate:
        dmean: 0.00763771124184
        dmean2: 0.00877662934363
        dvar: 4.19878233515e-05
        dvar2: 6.3129416958e-05
        max: 0.111328125
        mean: 0.0620668455958
        min: 0.001953125
        var: 0.000295700243441
    barkbands:
        dmean: [2.97038241115e-07, 7.77872119215e-05, 0.000270593212917, 0.00014217129501, 0.00045157270506, 0.000206933400477, 0.000327118323185, 0.000307664158754, 0.000127266233903, 0.000140717645991, 0.000101995508885, 0.000144212521263, 7.22964541637e-05, 9.13880794542e-05, 7.54586362746e-05, 7.08721054252e-05, 9.13297772058e-05, 8.51277072798e-05, 0.000171066159965, 5.08905141032e-05, 2.30064233619e-05, 7.73809370003e-06, 3.25826886183e-06, 1.34142851493e-06, 7.48635329728e-07, 6.29648297945e-08, 1.56067347934e-09]
        dmean2: [4.52530741768e-07, 0.000117484058137, 0.000480629445519, 0.000257474486716, 0.000735739537049, 0.000352817529347, 0.000512228230946, 0.000483525480377, 0.000196859953576, 0.000221966591198, 0.000168881160789, 0.000238023305428, 0.000114385613415, 0.000143672179547, 0.000117215655337, 0.000108893298602, 0.000139527590363, 0.000146536083776, 0.000286646245513, 8.09611592558e-05, 3.82796133636e-05, 1.24807911561e-05, 5.36075458513e-06, 2.04457637665e-06, 1.19449998692e-06, 9.70289875113e-08, 2.43441999892e-09]
        dvar: [3.97620819733e-13, 2.97097599855e-08, 6.99351687672e-07, 1.60252042747e-07, 3.89167922776e-07, 1.41675144505e-07, 3.46942499618e-07, 3.5114319985e-07, 6.24586888875e-08, 7.94761021439e-08, 5.87333701674e-08, 1.05104334125e-07, 1.50597738724e-08, 2.857861503e-08, 2.40711575117e-08, 1.05467350409e-08, 1.45379033256e-08, 5.21090299799e-08, 1.45503094018e-07, 9.0528118335e-09, 4.48053372182e-09, 3.82122278264e-10, 5.21279339138e-11, 5.97107216102e-12, 1.95824194534e-12, 1.41153991842e-14, 2.97515081707e-16]
        dvar2: [9.14100284181e-13, 6.61720633843e-08, 1.98757675207e-06, 4.54248095139e-07, 1.0164625337e-06, 3.77787330308e-07, 7.61753199185e-07, 9.54688630372e-07, 1.56255921979e-07, 1.82955943728e-07, 1.53361014554e-07, 2.5449580221e-07, 3.66282861819e-08, 6.47253344255e-08, 6.46651940883e-08, 2.48717650919e-08, 3.18215889195e-08, 1.51715283891e-07, 4.10790676142e-07, 2.38773054662e-08, 1.27603208e-08, 1.00598840369e-09, 1.44082606957e-10, 1.34386226106e-11, 4.14368712953e-12, 2.8463783251e-14, 7.45984034229e-16]
        max: [4.2527867663e-06, 0.00135020737071, 0.00601158523932, 0.00280264765024, 0.00681789871305, 0.00380400707945, 0.00853377673775, 0.00814109202474, 0.00250120158307, 0.00321003631689, 0.00292155053467, 0.00342491664924, 0.00143227446824, 0.00214741984382, 0.00228326162323, 0.000855494115967, 0.00107783568092, 0.00200788630173, 0.00333989341743, 0.000800063833594, 0.000642313738354, 0.000202288894798, 6.86577695888e-05, 3.33781063091e-05, 9.41509733821e-06, 8.89171644758e-07, 2.54832457358e-07]
        mean: [8.46398677368e-07, 0.000127392893774, 0.000287765578832, 0.000121584176668, 0.000703591969796, 0.000300238985801, 0.000598899903707, 0.000535962055437, 0.000182185511221, 0.000236051171669, 0.000136149290483, 0.000180906296009, 0.000107166197267, 0.000159692572197, 0.000135034002597, 0.000123350939248, 0.000182503121323, 0.000103575999674, 0.00024753776961, 8.5975494585e-05, 2.84770267172e-05, 1.11946546895e-05, 5.89166302234e-06, 2.49873278335e-06, 1.12573047772e-06, 7.83395250892e-08, 9.60330370781e-10]
        min: [6.98838278912e-11, 1.15262799305e-10, 5.83036327551e-11, 1.83028505546e-11, 7.06498526348e-10, 6.95775970172e-09, 1.90878992612e-08, 2.40099584659e-08, 1.68952780655e-08, 3.13228953885e-09, 5.54195178637e-09, 2.15909490286e-09, 7.35048910627e-10, 2.71993094714e-09, 2.7047497575e-09, 2.60835886223e-09, 1.14475007251e-09, 1.43040346234e-09, 7.17870318745e-10, 2.06197681152e-09, 7.01071700693e-10, 5.48755318963e-10, 3.22562504484e-10, 3.58465257477e-10, 2.99632624268e-10, 2.02549380046e-10, 1.71809831986e-13]
        var: [1.09274069827e-12, 4.15699723533e-08, 5.64592255614e-07, 1.0282102636e-07, 7.12416010629e-07, 1.4848856722e-07, 6.76150762047e-07, 6.93681670327e-07, 1.00872092901e-07, 1.82393392834e-07, 9.18660489901e-08, 1.34126452167e-07, 2.8945580155e-08, 6.16266859765e-08, 3.53811451248e-08, 2.2398815247e-08, 4.17429646404e-08, 3.72614401556e-08, 1.35031910986e-07, 1.28639570107e-08, 3.27929550181e-09, 3.78907738519e-10, 6.16198897463e-11, 1.14700254503e-11, 3.01270033226e-12, 2.03896991793e-14, 1.49180197059e-16]
    mfcc:
        mean: [-731.713439941, 136.07774353, -40.5433235168, 37.5336875916, -6.76755332947, -11.3673677444, -8.43991184235, -7.52150821686, -12.5264663696, 2.15655112267, -1.43498158455, -1.71286964417, 2.32053804398]
        cov: [[3681.06323242, -368.836456299, -59.8968582153, -433.292755127, -187.982955933, 77.914390564, 12.3283233643, 290.405609131, -113.68132019, 142.382110596, -93.3738479614, -111.24772644, 7.0040845871], [-368.836456299, 465.227264404, -41.2531547546, 75.8851852417, 18.5123081207, 17.8406505585, 49.7238121033, 13.0542554855, 14.7740821838, 28.37799263, 28.7203216553, 28.4000282288, 4.66872930527], [-59.8968582153, -41.2531547546, 450.196655273, 66.361656189, 61.3968353271, -25.581281662, 18.6008052826, -44.4366073608, 13.2805690765, 0.175797596574, -16.657913208, -40.8978652954, -35.7421646118], [-433.292755127, 75.8851852417, 66.361656189, 413.383117676, 138.971694946, 37.785320282, 9.22107505798, -128.641098022, 99.0564727783, -31.4533443451, 64.796005249, 48.7057151794, 2.97547888756], [-187.982955933, 18.5123081207, 61.3968353271, 138.971694946, 207.200576782, 32.9730300903, -38.2509918213, -46.288066864, 56.9829139709, 20.1207027435, 30.0407276154, -7.32511472702, -3.5233066082], [77.914390564, 17.8406505585, -25.581281662, 37.785320282, 32.9730300903, 105.891059875, 23.2166347504, 3.89956092834, 46.2530670166, 5.80777740479, 19.4876995087, 22.0476379395, 4.66851043701], [12.3283233643, 49.7238121033, 18.6008052826, 9.22107505798, -38.2509918213, 23.2166347504, 104.345230103, 5.76928329468, 9.43347263336, -11.7148008347, 12.1383171082, 20.2511997223, -2.4514465332], [290.405609131, 13.0542554855, -44.4366073608, -128.641098022, -46.288066864, 3.89956092834, 5.76928329468, 154.520294189, -12.4941539764, 65.3833770752, -21.9729194641, -20.0819091797, 14.13260746], [-113.68132019, 14.7740821838, 13.2805690765, 99.0564727783, 56.9829139709, 46.2530670166, 9.43347263336, -12.4941539764, 162.977172852, -2.19141125679, 29.4354953766, 30.0487518311, -1.31532335281], [142.382110596, 28.37799263, 0.175797596574, -31.4533443451, 20.1207027435, 5.80777740479, -11.7148008347, 65.3833770752, -2.19141125679, 175.552001953, 41.197479248, -1.78609859943, 27.0849323273], [-93.3738479614, 28.7203216553, -16.657913208, 64.796005249, 30.0407276154, 19.4876995087, 12.1383171082, -21.9729194641, 29.4354953766, 41.197479248, 104.198631287, 39.729133606, 4.85232257843], [-111.24772644, 28.4000282288, -40.8978652954, 48.7057151794, -7.32511472702, 22.0476379395, 20.2511997223, -20.0819091797, 30.0487518311, -1.78609859943, 39.729133606, 95.0736694336, 20.4152202606], [7.0040845871, 4.66872930527, -35.7421646118, 2.97547888756, -3.5233066082, 4.66851043701, -2.4514465332, 14.13260746, -1.31532335281, 27.0849323273, 4.85232257843, 20.4152202606, 75.3175048828]]
        icov: [[0.000398847158067, 0.000321448722389, -5.33720094609e-06, 8.53793899296e-05, 0.000213417995838, -0.000553337391466, -8.2739868958e-05, -0.00047435684246, 0.000178514019353, -0.000224451563554, 9.86334853224e-05, 0.000269495678367, 7.21052274457e-05], [0.000321448722389, 0.00274332333356, 0.000375371688278, -0.000551919976715, -0.00022271600028, -0.000148500752402, -0.00144504220225, -0.00093436834868, 0.000406830105931, -0.000619367870968, 0.000174407090526, -0.00016853743, 0.000391354347812], [-5.33720094609e-06, 0.000375371688278, 0.002834264189, -0.000307072914438, -0.000904698448721, 0.00109283789061, -0.00160359870642, 0.0007842653431, -0.000263108755462, -0.000820199842565, 0.000955224270001, 0.000893622345757, 0.00101155007724], [8.53793899296e-05, -0.000551919976715, -0.000307072914438, 0.00489200558513, -0.00201944401488, -0.000121267556096, -0.000588419439737, 0.0028587593697, -0.00154233642388, 0.000370908441255, -0.00100023660343, -0.000672804482747, -0.000868745089974], [0.000213417995838, -0.00022271600028, -0.000904698448721, -0.00201944401488, 0.00868212152272, -0.00293285353109, 0.00383027247153, 0.000791168771684, -0.0011775882449, -0.00119766988792, -0.000987290288322, 0.00241843960248, 2.67636223725e-05], [-0.000553337391466, -0.000148500752402, 0.00109283789061, -0.000121267556096, -0.00293285353109, 0.0134202660993, -0.0034384264145, -0.000417540286435, -0.00262344814837, 0.000279071275145, -0.000228204182349, -0.00182304473128, -5.58722240385e-05], [-8.2739868958e-05, -0.00144504220225, -0.00160359870642, -0.000588419439737, 0.00383027247153, -0.0034384264145, 0.0135133946314, -0.00109022948891, -5.46658448002e-05, 0.00158412905876, -0.00197564554401, -0.00126038957387, 0.0002945283195], [-0.00047435684246, -0.00093436834868, 0.0007842653431, 0.0028587593697, 0.000791168771684, -0.000417540286435, -0.00109022948891, 0.0126168103889, -0.00195364654064, -0.00426831981167, 0.00260158977471, 0.00131731131114, -0.00100260635372], [0.000178514019353, 0.000406830105931, -0.000263108755462, -0.00154233642388, -0.0011775882449, -0.00262344814837, -5.46658448002e-05, -0.00195364654064, 0.00864619668573, 0.000575248268433, -0.000653574825265, -0.00174517068081, 0.000825857045129], [-0.000224451563554, -0.000619367870968, -0.000820199842565, 0.000370908441255, -0.00119766988792, 0.000279071275145, 0.00158412905876, -0.00426831981167, 0.000575248268433, 0.00957494787872, -0.00530999386683, 0.000818633532617, -0.00287847127765], [9.86334853224e-05, 0.000174407090526, 0.000955224270001, -0.00100023660343, -0.000987290288322, -0.000228204182349, -0.00197564554401, 0.00260158977471, -0.000653574825265, -0.00530999386683, 0.0155815118924, -0.00492523051798, 0.00211761659011], [0.000269495678367, -0.00016853743, 0.000893622345757, -0.000672804482747, 0.00241843960248, -0.00182304473128, -0.00126038957387, 0.00131731131114, -0.00174517068081, 0.000818633532617, -0.00492523051798, 0.0162616558373, -0.00404140306637], [7.21052274457e-05, 0.000391354347812, 0.00101155007724, -0.000868745089974, 2.67636223725e-05, -5.58722240385e-05, 0.0002945283195, -0.00100260635372, 0.000825857045129, -0.00287847127765, 0.00211761659011, -0.00404140306637, 0.015971513465]]
    spectral_contrast:
        mean: [-8.03769992785e-08, -6.06355399668e-07, 3.45009937064e-07, 4.09893516462e-07, 2.41096671516e-07, -3.13336386171e-07, -2.03431750379e-06, 2.16444519197e-07, 1.9392109607e-07, -2.66435506546e-07, -2.48856258622e-06, 1.59531691679e-06]
        var: [0.000388161715819, 0.000721204443835, 0.00204056873918, 0.00271268724464, 0.00527918618172, 0.00835069734603, 0.0716953352094, 0.0995493009686, 0.183146938682, 0.311016559601, 0.49623298645, 2.33571815491]

rhythm:
    beats_loudness:
        dmean: 0.00198576133698
        dmean2: 0.00334326480515
        dvar: 1.56568148668e-06
        dvar2: 6.22634252068e-06
        max: 0.0100955665112
        mean: 0.00651843473315
        min: 0.00313184829429
        var: 3.98444262828e-06
    beats_loudness_bass:
        dmean: 0.24618345499
        dmean2: 0.482834756374
        dvar: 0.00915260054171
        dvar2: 0.0366210564971
        max: 0.423940032721
        mean: 0.153456181288
        min: 0.00630231294781
        var: 0.0205427259207
    bpm: 113.771499634
    bpm_confidence: 0
    first_peak_bpm: 114
    first_peak_spread: 0
    first_peak_weight: 0.944444417953
    onset_rate: 3.67897725105
    second_peak_bpm: 105
    second_peak_spread: 0
    second_peak_weight: 0.0555555559695
    beats_position: [0.0250634625554, 0.552378296852, 1.0796931982, 1.60700798035, 2.1343228817, 2.66163778305, 3.1889526844, 3.71626734734, 4.24358177185, 4.77089643478, 5.29821157455, 5.82552623749, 6.39737653732, 6.92480993271, 7.45224332809, 7.97967720032, 8.5071105957, 9.03454399109, 9.56197738647]
    bpm_estimates: [113.776229858, 113.766990662, 113.800849915, 113.799598694, 113.380386353, 113.754486084, 113.701004028, 113.705604553, 113.872245789, 114.286598206, 113.653465271, 113.803085327, 113.510818481, 113.683746338, 113.694511414, 113.784866333, 113.77809906, 113.787895203, 113.806175232, 114.083190918]
    bpm_intervals: [0.527314841747, 0.527314901352, 0.527314782143, 0.527314901352, 0.527314901352, 0.527314901352, 0.527314662933, 0.527314424515, 0.527314662933, 0.527315139771, 0.527314662933, 0.571850299835, 0.527433395386, 0.527433395386, 0.527433872223, 0.527433395386, 0.527433395386, 0.527433395386]
    onset_times: [0.0348299331963, 0.27863946557, 0.545668959618, 1.06811785698, 1.35836732388, 1.60217690468, 1.8575963974, 2.12462592125, 2.40326523781, 2.67029476166, 2.92571425438, 3.20435380936, 3.45977330208, 3.68036270142, 3.7151927948, 3.97061228752, 4.2492518425, 4.52789115906, 4.7833108902, 5.32897949219, 5.85142850876, 6.11845827103, 6.3622674942, 6.64090681076, 6.91954660416, 7.0936961174, 7.18657588959, 7.44199562073, 7.70902490616, 7.9644446373, 8.25469398499, 8.498503685, 8.77714252472, 9.03256225586, 9.19510173798, 9.5666217804, 9.86848068237]
    rubato_start: []
    rubato_stop: []
    perceptual_tempo: "unknown"

sfx:
    inharmonicity:
        dmean: 0.040226932615
        dmean2: 0.0737806484103
        dvar: 0.00292023038492
        dvar2: 0.00861565116793
        max: 0.44345548749
        mean: 0.0337016619742
        min: 0
        var: 0.00232371594757
    oddtoevenharmonicenergyratio:
        dmean: 3.21299409866
        dmean2: 6.01270341873
        dvar: 200.142990112
        dvar2: 574.178466797
        max: 190.138061523
        mean: 2.01923727989
        min: 0
        var: 109.274543762
    pitch_after_max_to_before_max_energy_ratio: 8.99629020691
    pitch_centroid: 222.511428833
    pitch_max_to_total: 0.186635941267
    pitch_min_to_total: 0.845622122288
    tristimulus:
        dmean: [0.266890376806, 0.252523452044, 0.0856989994645]
        dmean2: [0.472723007202, 0.450833827257, 0.151285588741]
        dvar: [0.0418697856367, 0.0408122874796, 0.00891933403909]
        dvar2: [0.122035473585, 0.12155200541, 0.0262602325529]
        max: [1, 0.95437592268, 0.574535608292]
        mean: [0.471587508917, 0.417840301991, 0.0888760313392]
        min: [0.0149172358215, 0, 0]
        var: [0.0648381486535, 0.0576437152922, 0.00931184645742]

tonal:
    chords_changes_rate: 0.0366972461343
    chords_number_rate: 0.0229357797652
    chords_strength:
        dmean: 0.0108431037515
        dmean2: 0.0115088485181
        dvar: 6.66789492243e-05
        dvar2: 8.9090273832e-05
        max: 0.655935287476
        mean: 0.543868780136
        min: 0.346877962351
        var: 0.00419100513682
    key_strength: 0.583438336849
    tuning_diatonic_strength: 0.528373420238
    tuning_equal_tempered_deviation: 0.109369322658
    tuning_frequency: 442.293365479
    tuning_nontempered_energy_ratio: 0.760713875294
    hpcp:
        dmean: [0.229317948222, 0.22959497571, 0.146135672927, 0.120977833867, 0.124297767878, 0.162966504693, 0.14968213439, 0.147061616182, 0.203002139926, 0.196671873331, 0.15521954, 0.0948142632842, 0.0722353234887, 0.0854236930609, 0.15224532783, 0.181319251657, 0.135904029012, 0.0893860906363, 0.060743842274, 0.0730250328779, 0.126630559564, 0.138988062739, 0.0843119695783, 0.0466469563544, 0.0407675467432, 0.0602203346789, 0.123839214444, 0.117793738842, 0.0991229638457, 0.128545492887, 0.143870249391, 0.123409800231, 0.0924365147948, 0.112243443727, 0.181259080768, 0.250556379557]
        dmean2: [0.387397587299, 0.399153530598, 0.259233951569, 0.219955042005, 0.219507530332, 0.267642736435, 0.263631641865, 0.255648046732, 0.346416652203, 0.324580550194, 0.272557020187, 0.16123495996, 0.125366613269, 0.144237592816, 0.245847895741, 0.290009558201, 0.223341599107, 0.150805339217, 0.103643998504, 0.120067849755, 0.20385658741, 0.221958741546, 0.140891134739, 0.0855149328709, 0.0728971511126, 0.104863509536, 0.207059785724, 0.194915100932, 0.168978050351, 0.21139781177, 0.236139267683, 0.206934899092, 0.155635356903, 0.19186194241, 0.309985160828, 0.406118541956]
        dvar: [0.060478169471, 0.0640023425221, 0.0393315553665, 0.0301212742925, 0.0431537926197, 0.0469932854176, 0.0516898483038, 0.0370842367411, 0.0556598715484, 0.0520666800439, 0.0422819070518, 0.0247442554682, 0.0130295502022, 0.0146158672869, 0.0277738310397, 0.044513951987, 0.0317542105913, 0.025605019182, 0.00949723832309, 0.00993541441858, 0.0229174494743, 0.0261795111001, 0.00968139711767, 0.0116108031943, 0.00639972137287, 0.00814394559711, 0.0334560535848, 0.028746932745, 0.0135666849092, 0.0282292608172, 0.0363695472479, 0.0266088601202, 0.0199603568763, 0.0242128092796, 0.043113540858, 0.0592754073441]
        dvar2: [0.143057003617, 0.171689257026, 0.0996653959155, 0.0832286775112, 0.119343586266, 0.118149854243, 0.140048891306, 0.0984663814306, 0.1322786659, 0.110843144357, 0.0977539569139, 0.0669025108218, 0.0373707599938, 0.0409844703972, 0.0656168833375, 0.100610256195, 0.0738650932908, 0.0553788803518, 0.0233906395733, 0.0233821384609, 0.0564030334353, 0.0608049631119, 0.0249283649027, 0.034248765558, 0.0183888357133, 0.0207386929542, 0.0878421738744, 0.0649864971638, 0.03517055884, 0.0670110806823, 0.0758665651083, 0.0700318664312, 0.0491274781525, 0.0666546747088, 0.116847939789, 0.150765225291]
        max: [1, 1, 1, 0.781147360802, 1, 1, 1, 1, 1, 1, 1, 1, 0.790224254131, 1, 1, 1, 1, 1, 0.795758783817, 0.745782792568, 1, 1, 0.545054733753, 0.9237383008, 0.473437458277, 0.509489357471, 1, 1, 0.843549311161, 1, 1, 1, 1, 1, 1, 1]
        mean: [0.467661350965, 0.292272865772, 0.14323477447, 0.101961255074, 0.105075649917, 0.176298603415, 0.206290185452, 0.167113855481, 0.271278530359, 0.350837558508, 0.211405366659, 0.0896987989545, 0.0715525299311, 0.105891771615, 0.245665311813, 0.29024964571, 0.162265345454, 0.0879792198539, 0.0671881660819, 0.0820268541574, 0.185650467873, 0.217943310738, 0.10959662497, 0.0365825630724, 0.0309259146452, 0.056483220309, 0.151395723224, 0.1891374439, 0.123925238848, 0.165552452207, 0.220030471683, 0.146446093917, 0.105803787708, 0.129466295242, 0.198833063245, 0.39183652401]
        min: [0.00427864631638, 0.0014226360945, 0.000645411142614, 0.000462448166218, 0.000368056731531, 0.000378061988158, 0.000647792010568, 0.00048032507766, 0.00092236691853, 0.000934546347708, 0.00038115971256, 0.000504009658471, 0.000321060942952, 0.00120486086234, 0.000837018538732, 0.000567509385291, 0.000919160898775, 0.00018653277948, 0.000335924967658, 0.00133333145641, 0.00532325869426, 0.00325433351099, 0.00139444100205, 0.000265266309725, 0.000159688002896, 0.000140288379043, 0.000171121428139, 0.00013598066289, 0.000155185276526, 0.00147205940448, 0.000981709454209, 0.000665925268549, 0.000353787007043, 0.000695433467627, 0.000974845723249, 0.00328113348223]
        var: [0.135285839438, 0.0884943455458, 0.0398478098214, 0.0248938500881, 0.0348038822412, 0.0629237219691, 0.0878282189369, 0.0491155646741, 0.0795353502035, 0.121666640043, 0.0697788149118, 0.0230106972158, 0.0119439177215, 0.0179259348661, 0.0733295679092, 0.101305291057, 0.0428643226624, 0.0287987142801, 0.0123278778046, 0.0127680981532, 0.0351436436176, 0.0444098599255, 0.0124486517161, 0.00684554642066, 0.0042259148322, 0.00757259130478, 0.047046225518, 0.0635908395052, 0.0201165676117, 0.0410926006734, 0.0714034438133, 0.0362867601216, 0.023961128667, 0.0338109657168, 0.0523953251541, 0.109510064125]
    chords_histogram: [35.3211021423, 0, 0, 0, 4.1284403801, 14.6788988113, 0, 0, 0, 0, 0, 0, 0, 0, 0, 0, 0, 0, 0, 38.5321083069, 7.33944940567, 0, 0, 0]
    thpcp: [1, 0.624966919422, 0.306278824806, 0.218023687601, 0.224683195353, 0.376979202032, 0.441110193729, 0.357339471579, 0.580074727535, 0.750195741653, 0.452047973871, 0.191802889109, 0.153000727296, 0.226428315043, 0.525305986404, 0.62064063549, 0.346971899271, 0.188125908375, 0.143668413162, 0.175397977233, 0.396976292133, 0.466028064489, 0.234350398183, 0.0782244727015, 0.0661288648844, 0.120778039098, 0.323729395866, 0.404432475567, 0.264989256859, 0.354000717402, 0.470491021872, 0.31314560771, 0.226240172982, 0.276837706566, 0.42516463995, 0.83786380291]
    chords_key: "A"
    chords_scale: "minor"
    key_key: "D"
    key_scale: "major"
    chords_progression: ["Am", "Am", "Am", "Am", "Am", "Am", "Am", "Am", "Am", "Am", "Am", "Am", "Am", "Am", "Am", "Am", "Am", "Am", "Am", "Am", "Am", "Am", "Am", "Am", "Am", "Am", "Am", "Am", "Am", "Am", "Am", "Am", "Am", "Am", "Am", "Am", "Am", "Am", "Am", "Am", "Am", "Am", "Am", "Am", "Am", "Am", "Am", "Am", "Am", "Am", "Am", "Am", "Am", "G#m", "G#m", "G#m", "G#m", "G#m", "G#m", "G#m", "G#m", "G#m", "G#m", "G#m", "G#m", "G#m", "G#m", "G#m", "G#m", "G#m", "G#m", "G#m", "G#m", "E", "E", "E", "E", "E", "E", "E", "E", "E", "G#m", "G#m", "G#m", "G#m", "G#m", "G#m", "G#m", "G#m", "G#m", "G#m", "G#m", "G#m", "Am", "Am", "Am", "Am", "Am", "Am", "Am", "Am", "Am", "Am", "Am", "Am", "Am", "Am", "Am", "Am", "Am", "Am", "Am", "Am", "Am", "Am", "Am", "Am", "Am", "C", "C", "C", "C", "C", "C", "C", "C", "Am", "Am", "Am", "Am", "Am", "Am", "C", "C", "C", "C", "C", "C", "C", "C", "D", "D", "D", "D", "D", "D", "D", "D", "D", "D", "D", "D", "D", "D", "D", "D", "D", "D", "D", "D", "D", "D", "D", "D", "D", "D", "D", "D", "D", "D", "D", "D", "D", "D", "D", "D", "D", "D", "D", "D", "D", "D", "D", "D", "D", "D", "D", "D", "D", "D", "D", "D", "D", "D", "D", "D", "D", "D", "D", "D", "D", "D", "D", "D", "D", "D", "D", "D", "D", "D", "D", "D", "D", "D", "D", "D", "D"]
