
metadata:
    version:
        essentia: "1.2.2"
    audio_properties:
        analysis_sample_rate: 44100
        bitrate: 128
        channels: 2
        equal_loudness: 1
        length: 10.0048980713
        replay_gain: -3.40596199036
        downmix: "mix"
    tags:
        track: 23
        year: 0
        album: "Splitted by Mp3Splt v. 2.1"
        artist: "From 003.40 To 003.50"
        comment: "http://mp3splt.sf.net"
        genre: ""
        title: "07 Straight, No Chaser [Take 1"

highlevel:
    ballroom:
        all:
            ChaChaCha: 0.0121727567166
            Jive: 0.0168820228428
            Quickstep: 0.112540520728
            Rumba-American: 0.0414452068508
            Rumba-International: 0.0982299000025
            Rumba-Misc: 0.0563523173332
            Samba: 0.0124950688332
            Tango: 0.202751368284
            VienneseWaltz: 0.111357375979
            Waltz: 0.335773468018
        probability: 0.335773468018
        value: "Waltz"
    culture:
        all:
            non_western: 0.00536747835577
            western: 0.994632542133
        probability: 0.994632542133
        value: "western"
    gender:
        all:
            female: 0.89663618803
            male: 0.10336381197
        probability: 0.89663618803
        value: "female"
    genre_dortmund:
        all:
            alternative: 0.0010620423127
            blues: 0.0181311760098
            electronic: 0.00123881862964
            folkcountry: 0.00480625126511
            funksoulrnb: 0.00190919614397
            jazz: 0.969070911407
            pop: 0.00181260029785
            raphiphop: 7.98037435743e-05
            rock: 0.00188921426889
        probability: 0.969070911407
        value: "jazz"
    genre_electronica:
        all:
            ambient: 0.896885037422
            dnb: 0.0213895812631
            house: 0.0361835621297
            techno: 0.00339991389774
            trance: 0.0421418845654
        probability: 0.896885037422
        value: "ambient"
    genre_rosamerica:
        all:
            cla: 0.00341341132298
            dan: 0.000292646407615
            hip: 0.000293596996926
            jaz: 0.991941452026
            pop: 0.000570461212192
            rhy: 0.00118566700257
            roc: 0.00135989161208
            spe: 0.000942888727877
        probability: 0.991941452026
        value: "jaz"
    genre_tzanetakis:
        all:
            blu: 0.00471549434587
            cla: 0.0513273477554
            cou: 0.0046154204756
            dis: 0.00112192251254
            hip: 0.000631624250673
            jaz: 0.915746867657
            met: 0.000290253083222
            pop: 0.0120030585676
            reg: 0.00775196356699
            roc: 0.00179607595783
        probability: 0.915746867657
        value: "jaz"
    live_studio:
        all:
            live: 0.19440151751
            studio: 0.805598497391
        probability: 0.805598497391
        value: "studio"
    mood:
        all:
            Cluster1: 0.0983572751284
            Cluster2: 0.469736605883
            Cluster3: 0.137595564127
            Cluster4: 0.264938533306
            Cluster5: 0.0293720196933
        probability: 0.469736605883
        value: "Cluster2"
    mood_acoustic:
        all:
            acoustic: 0.953098237514
            not_acoustic: 0.0469017624855
        probability: 0.953098237514
        value: "acoustic"
    mood_aggressive:
        all:
            aggressive: 4.39511404693e-06
            not_aggressive: 0.999995589256
        probability: 0.999995589256
        value: "not_aggressive"
    mood_electronic:
        all:
            electronic: 0.10076802969
            not_electronic: 0.89923197031
        probability: 0.89923197031
        value: "not_electronic"
    mood_happy:
        all:
            happy: 0.0666415169835
            not_happy: 0.933358490467
        probability: 0.933358490467
        value: "not_happy"
    mood_party:
        all:
            not_party: 0.905761182308
            party: 0.0942388176918
        probability: 0.905761182308
        value: "not_party"
    mood_relaxed:
        all:
            not_relaxed: 0.0323332101107
            relaxed: 0.96766680479
        probability: 0.96766680479
        value: "relaxed"
    mood_sad:
        all:
            not_sad: 0.162157908082
            sad: 0.837842106819
        probability: 0.837842106819
        value: "sad"
    rhythm:
        all:
            fast: 0.414716184139
            medium: 0.300887554884
            slow: 0.284396260977
        probability: 0.414716184139
        value: "fast"
    speech_music:
        all:
            music: 0.968410730362
            speech: 0.0315892510116
        probability: 0.968410730362
        value: "music"
    timbre:
        all:
            bright: 0.906808793545
            dark: 0.0931912064552
        probability: 0.906808793545
        value: "bright"
    voice_instrumental:
        all:
            instrumental: 1
            voice: 7.20570314527e-09
        probability: 1
        value: "instrumental"

lowlevel:
    average_loudness: 0.843557775021
    barkbands_kurtosis:
        dmean: 2.40467429161
        dmean2: 3.57023763657
        dvar: 10.8362789154
        dvar2: 25.470998764
        max: 31.3000679016
        mean: 3.75495004654
        min: -1.80188274384
        var: 39.6712875366
    barkbands_skewness:
        dmean: 0.524760007858
        dmean2: 0.776897072792
        dvar: 0.263002961874
        dvar2: 0.527362525463
        max: 5.21768379211
        mean: 1.51080107689
        min: -1.99327790737
        var: 1.88114690781
    barkbands_spread:
        dmean: 4.0704331398
        dmean2: 6.11116743088
        dvar: 18.9830493927
        dvar2: 41.0077056885
        max: 56.5165863037
        mean: 19.4503631592
        min: 3.50630807877
        var: 124.016189575
    dissonance:
        dmean: 0.0238054171205
        dmean2: 0.0397234074771
        dvar: 0.000575884478167
        dvar2: 0.00136460131034
        max: 0.490989387035
        mean: 0.429792284966
        min: 0.263858407736
        var: 0.00141932384577
    hfc:
        dmean: 1.10646426678
        dmean2: 1.21976053715
        dvar: 6.93118524551
        dvar2: 7.90352916718
        max: 46.9375534058
        mean: 2.85376381874
        min: 0.0340505763888
        var: 35.2355537415
    pitch:
        dmean: 185.700836182
        dmean2: 364.685791016
        dvar: 543252.125
        dvar2: 1476602.625
        max: 4009.09082031
        mean: 525.961547852
        min: 88.0239486694
        var: 934907.0625
    pitch_instantaneous_confidence:
        dmean: 0.0836118683219
        dmean2: 0.133410215378
        dvar: 0.0114257968962
        dvar2: 0.0233703907579
        max: 0.960269212723
        mean: 0.67521828413
        min: 0.171244263649
        var: 0.0419130027294
    pitch_salience:
        dmean: 0.0728186815977
        dmean2: 0.11048258096
        dvar: 0.00490067573264
        dvar2: 0.0102964332327
        max: 0.821952223778
        mean: 0.535033345222
        min: 0.144792839885
        var: 0.0224450808018
    silence_rate_20dB:
        dmean: 0
        dmean2: 0
        dvar: 0
        dvar2: 0
        max: 1
        mean: 1
        min: 1
        var: 0
    silence_rate_30dB:
        dmean: 0
        dmean2: 0
        dvar: 0
        dvar2: 0
        max: 1
        mean: 1
        min: 1
        var: 0
    silence_rate_60dB:
        dmean: 0.0837209299207
        dmean2: 0.167832165956
        dvar: 0.0767118856311
        dvar2: 0.148988723755
        max: 1
        mean: 0.761020898819
        min: 0
        var: 0.181868255138
    spectral_centroid:
        dmean: 171.020675659
        dmean2: 250.276687622
        dvar: 41659.5976562
        dvar2: 86146.8828125
        max: 2471.34863281
        mean: 902.578552246
        min: 282.987091064
        var: 244858.921875
    spectral_complexity:
        dmean: 1.47196257114
        dmean2: 2.25058555603
        dvar: 5.28658914566
        dvar2: 8.40793418884
        max: 19
        mean: 4.9603729248
        min: 0
        var: 20.4669570923
    spectral_crest:
        dmean: 2.38674545288
        dmean2: 3.71284604073
        dvar: 5.63897752762
        dvar2: 11.5387468338
        max: 24.9261379242
        mean: 12.2928028107
        min: 3.88899564743
        var: 33.7848777771
    spectral_decrease:
        dmean: 1.87183366029e-10
        dmean2: 2.44570336205e-10
        dvar: 1.1414632334e-19
        dvar2: 1.45660844853e-19
        max: -4.92452736575e-12
        mean: -6.06729944064e-10
        min: -5.48042144999e-09
        var: 6.80212951579e-19
    spectral_energy:
        dmean: 0.000796365842689
        dmean2: 0.00102215458173
        dvar: 2.22764856517e-06
        dvar2: 2.73173486676e-06
        max: 0.0249417424202
        mean: 0.00254878192209
        min: 2.32670809055e-05
        var: 1.31069919007e-05
    spectral_energyband_high:
        dmean: 2.97231963486e-05
        dmean2: 3.49098372681e-05
        dvar: 8.65046700937e-09
        dvar2: 9.50661505073e-09
        max: 0.00203641992994
        mean: 5.75734411541e-05
        min: 6.30293470749e-07
        var: 3.05472553919e-08
    spectral_energyband_low:
        dmean: 1.2312927538e-05
        dmean2: 1.87456917047e-05
        dvar: 3.62029434209e-10
        dvar2: 8.94700702414e-10
        max: 0.000218352681259
        mean: 2.7817699447e-05
        min: 6.47331006576e-08
        var: 8.35452651504e-10
    spectral_energyband_middle_high:
        dmean: 0.000464436627226
        dmean2: 0.000525148585439
        dvar: 1.20536640225e-06
        dvar2: 1.43156626109e-06
        max: 0.0185573045164
        mean: 0.00110259454232
        min: 4.10249685956e-06
        var: 6.24525318926e-06
    spectral_energyband_middle_low:
        dmean: 0.000447978556622
        dmean2: 0.000657108845189
        dvar: 4.79638345041e-07
        dvar2: 9.50789285525e-07
        max: 0.00900693610311
        mean: 0.00136079697404
        min: 7.85031443229e-06
        var: 2.05669698516e-06
    spectral_flatness_db:
        dmean: 0.0218026489019
        dmean2: 0.0329826287925
        dvar: 0.000426403305028
        dvar2: 0.000829524418805
        max: 0.345177948475
        mean: 0.219334334135
        min: 0.105041123927
        var: 0.00226542726159
    spectral_flux:
        dmean: 0.00734662683681
        dmean2: 0.011227584444
        dvar: 0.000118181342259
        dvar2: 0.000260427972535
        max: 0.101183451712
        mean: 0.0180411189795
        min: 0.00245730904862
        var: 0.000265217473498
    spectral_kurtosis:
        dmean: 2.22581863403
        dmean2: 3.75275850296
        dvar: 4.41805791855
        dvar2: 13.0536422729
        max: 21.1620044708
        mean: 5.69164514542
        min: 0.403037309647
        var: 11.0596342087
    spectral_rms:
        dmean: 0.000229951023357
        dmean2: 0.000305557041429
        dvar: 1.20077061183e-07
        dvar2: 1.49570468011e-07
        max: 0.0049328901805
        mean: 0.00130530353636
        min: 0.000150663836394
        var: 7.8279799709e-07
    spectral_rolloff:
        dmean: 376.629486084
        dmean2: 622.445678711
        dvar: 321718.53125
        dvar2: 726261.3125
        max: 4758.83789062
        mean: 1585.87646484
        min: 215.33203125
        var: 1302271.125
    spectral_skewness:
        dmean: 0.257767468691
        dmean2: 0.422826617956
        dvar: 0.052421849221
        dvar2: 0.131508857012
        max: 3.77879023552
        mean: 1.70583724976
        min: 0.706937670708
        var: 0.237539708614
    spectral_spread:
        dmean: 398075
        dmean2: 621546.0625
        dvar: 346713489408
        dvar2: 526455373824
        max: 9566879
        mean: 3714121.5
        min: 2061971.75
        var: 1.12821574042e+12
    spectral_strongpeak:
        dmean: 0.240288674831
        dmean2: 0.40916788578
        dvar: 0.421502262354
        dvar2: 1.024315238
        max: 7.06512832642
        mean: 0.485001713037
        min: 0.00325787207112
        var: 0.608052492142
    zerocrossingrate:
        dmean: 0.00773035921156
        dmean2: 0.00887482613325
        dvar: 4.89481826662e-05
        dvar2: 5.84319932386e-05
        max: 0.126953125
        mean: 0.0528504699469
        min: 0.00634765625
        var: 0.000660453690216
    barkbands:
        dmean: [1.81267143518e-08, 6.71555471854e-06, 7.47967715142e-06, 1.49057368617e-05, 0.000335990131134, 5.95559504291e-05, 6.59592842567e-05, 7.62296258472e-05, 2.98387294606e-05, 0.000117924391816, 4.38297429355e-05, 1.07195628516e-05, 1.85684548342e-05, 6.01426472713e-05, 4.28004968853e-05, 0.000118651201774, 8.75897676451e-05, 3.09111201204e-05, 3.61320162483e-05, 4.50533552794e-05, 1.31286269607e-05, 2.68843018603e-06, 2.35817608996e-07, 6.11974257936e-08, 1.90775182318e-08, 5.59603974271e-10, 1.24068783025e-10]
        dmean2: [2.75663012417e-08, 1.07861087599e-05, 1.23362970044e-05, 2.38591383095e-05, 0.000488057266921, 9.24334090087e-05, 0.00011239109881, 9.84513608273e-05, 4.07684638049e-05, 0.00014217273565, 5.39263310202e-05, 1.37551724038e-05, 2.45289174927e-05, 7.70563856349e-05, 5.68286632188e-05, 0.000164032826433, 0.000111824985652, 3.69291483366e-05, 4.77154826513e-05, 5.1677619922e-05, 1.95092561626e-05, 3.56102509613e-06, 3.56014766112e-07, 9.48851521798e-08, 2.9492257525e-08, 7.98198840357e-10, 2.03764297102e-10]
        dvar: [7.90451146378e-15, 1.1435495606e-10, 1.48201353967e-10, 7.15386361261e-10, 3.33799420105e-07, 1.27244046411e-08, 2.10426502889e-08, 5.74638505668e-08, 9.81135972467e-09, 1.78408768647e-07, 1.53885828524e-08, 4.70528949137e-10, 2.54397769517e-09, 1.69062008837e-08, 1.29557262696e-08, 1.22685278825e-07, 1.58046276511e-07, 1.21157723854e-08, 6.16205309001e-09, 2.45406326371e-08, 1.37835975966e-09, 8.06630387484e-11, 2.49591417412e-13, 1.50816977586e-14, 1.47861544108e-15, 1.15893794083e-18, 4.29570815326e-19]
        dvar2: [9.09437591423e-15, 2.8500768412e-10, 3.9756514747e-10, 1.77468950646e-09, 7.20439686575e-07, 2.68861395369e-08, 6.39351611653e-08, 1.00797208802e-07, 1.74831065181e-08, 3.26818849317e-07, 1.99894518715e-08, 8.72129868323e-10, 4.19359791337e-09, 2.85633650066e-08, 2.32211867512e-08, 2.0596046113e-07, 2.79902110378e-07, 1.31191191244e-08, 9.27613363899e-09, 2.68271911352e-08, 2.61920019007e-09, 1.512915071e-10, 5.89476384372e-13, 3.63105406203e-14, 3.17187390143e-15, 2.19643067169e-18, 5.17342381437e-19]
        max: [1.79048424798e-06, 0.00011918979726, 0.000132988105179, 0.000393475260353, 0.00614052452147, 0.00179686315823, 0.00168598897289, 0.00414860621095, 0.00135839672294, 0.00682482169941, 0.0016888123937, 0.000273906771326, 0.000929955451284, 0.00143308681436, 0.00136083632242, 0.00579811818898, 0.00765008293092, 0.00202730949968, 0.00153498596046, 0.00365019054152, 0.00051030801842, 0.000149415980559, 5.9333488025e-06, 1.10075052362e-06, 3.18502145547e-07, 1.17894201068e-08, 1.29785044933e-08]
        mean: [1.96929246243e-08, 1.41202071973e-05, 1.36805138027e-05, 2.60795313807e-05, 0.000867730472237, 0.000117542025691, 0.00010577350622, 0.000178589572897, 5.83338187425e-05, 0.000225692725508, 8.14319355413e-05, 1.92040370166e-05, 3.52000424755e-05, 0.000127081395476, 8.21697540232e-05, 0.000215683568968, 0.000130513741169, 5.93861550442e-05, 7.64919313951e-05, 8.51876393426e-05, 2.39597247855e-05, 4.3956074478e-06, 3.7675221165e-07, 1.07207718258e-07, 3.19591357822e-08, 1.03522623807e-09, 1.10522341279e-10]
        min: [2.40064607082e-10, 3.52850193508e-08, 9.26571530613e-09, 3.29538707433e-08, 1.55099507992e-06, 4.44318118298e-07, 5.99266343215e-07, 1.39148028211e-07, 8.75634853514e-08, 6.00104286264e-08, 2.00809182616e-08, 4.54257040872e-08, 8.54760671132e-08, 4.45856436215e-08, 2.36591493064e-08, 1.68218832641e-07, 2.16253795315e-07, 2.05676940368e-07, 4.54600069588e-07, 4.01626834901e-07, 2.81160282611e-07, 8.48679846399e-08, 1.82749548827e-08, 8.47754133559e-09, 1.33109301359e-09, 6.05609659643e-11, 1.32732993569e-14]
        var: [8.01721427961e-15, 2.44292863716e-10, 2.76985295811e-10, 2.15444950769e-09, 1.27664998217e-06, 3.76895847864e-08, 5.10520017372e-08, 2.3787154646e-07, 2.6543133913e-08, 6.44195324639e-07, 5.14474116642e-08, 1.23545762509e-09, 6.29095664451e-09, 6.40176409661e-08, 3.79039484244e-08, 4.51103716159e-07, 2.57277775972e-07, 4.11899172548e-08, 2.59415067205e-08, 8.80826505067e-08, 3.00283398147e-09, 2.07757033799e-10, 3.9119380478e-13, 1.85145681338e-14, 2.01878740978e-15, 1.79359205902e-18, 4.36447167758e-19]
    mfcc:
        mean: [-828.021179199, 143.79246521, -52.4894180298, 57.9754333496, -17.9046630859, -4.13489627838, -11.0156059265, -13.7415809631, -7.91784477234, -4.10513687134, -14.3545475006, -10.5748529434, -6.04748916626]
        cov: [[4716.26367188, 233.875762939, -1785.46337891, -324.239837646, -214.218475342, 116.376594543, -248.51449585, -295.855407715, 319.431121826, -20.4301433563, -263.12298584, -216.785614014, -94.332572937], [233.875762939, 666.712524414, -59.7537841797, -121.948539734, -25.3430805206, -55.4974899292, 10.9966287613, -14.8927679062, -64.4090270996, 1.98490560055, -12.9776716232, -16.0533027649, -9.4257850647], [-1785.46337891, -59.7537841797, 1235.13037109, 56.2297973633, 65.8267974854, -89.7356719971, 93.0667877197, 180.828430176, -135.001708984, 16.0495910645, 157.349685669, 107.719352722, 57.8169822693], [-324.239837646, -121.948539734, 56.2297973633, 260.264343262, 148.437652588, 81.4572143555, 41.5052833557, -10.9442739487, -3.21898579597, 34.0064315796, 50.3103408813, 29.2227630615, -19.3237171173], [-214.218475342, -25.3430805206, 65.8267974854, 148.437652588, 237.807846069, 120.006896973, 56.4359931946, -11.502038002, -26.7096710205, 38.5499839783, 29.03840065, 10.3343143463, -24.9152412415], [116.376594543, -55.4974899292, -89.7356719971, 81.4572143555, 120.006896973, 163.273986816, 53.055065155, -35.7381896973, 31.5712985992, 31.1824398041, -13.510020256, 0.998476028442, -4.36954498291], [-248.51449585, 10.9966287613, 93.0667877197, 41.5052833557, 56.4359931946, 53.055065155, 117.083045959, 31.4430999756, -30.6770439148, 14.0780363083, 3.24415922165, 13.446644783, 12.0971155167], [-295.855407715, -14.8927679062, 180.828430176, -10.9442739487, -11.502038002, -35.7381896973, 31.4430999756, 129.718353271, 16.2389068604, -37.999042511, 9.87614440918, 21.552532196, 24.9767150879], [319.431121826, -64.4090270996, -135.001708984, -3.21898579597, -26.7096710205, 31.5712985992, -30.6770439148, 16.2389068604, 141.215667725, 34.0148849487, -13.2220888138, 4.93994426727, 15.5729408264], [-20.4301433563, 1.98490560055, 16.0495910645, 34.0064315796, 38.5499839783, 31.1824398041, 14.0780363083, -37.999042511, 34.0148849487, 126.763252258, 54.7414207458, 21.9681301117, 16.5663051605], [-263.12298584, -12.9776716232, 157.349685669, 50.3103408813, 29.03840065, -13.510020256, 3.24415922165, 9.87614440918, -13.2220888138, 54.7414207458, 107.825492859, 69.6461639404, 18.2437324524], [-216.785614014, -16.0533027649, 107.719352722, 29.2227630615, 10.3343143463, 0.998476028442, 13.446644783, 21.552532196, 4.93994426727, 21.9681301117, 69.6461639404, 115.80859375, 45.1319274902], [-94.332572937, -9.4257850647, 57.8169822693, -19.3237171173, -24.9152412415, -4.36954498291, 12.0971155167, 24.9767150879, 15.5729408264, 16.5663051605, 18.2437324524, 45.1319274902, 70.93409729]]
        icov: [[0.000641785620246, -0.000160393639817, 0.000651459966321, 0.000688946689479, -5.66759044887e-05, -0.000310528354021, 0.000191865750821, 0.00069764215732, -0.00108442513738, 0.00055915635312, -0.000576368707698, 0.000499036628753, 0.000109670618258], [-0.000160393639817, 0.00191256171092, 0.000123341465951, 0.000960135832429, -0.000620832492132, 0.0008968503098, -0.000571507494897, -0.000317035039188, 0.00117067690007, -0.000820114568342, 0.000330852693878, -0.000466017896542, 0.000394078728277], [0.000651459966321, 0.000123341465951, 0.0023029835429, 0.000787950761151, -0.000234159248066, -0.000186601930181, 0.000332120718667, -0.0019640205428, 0.00104309583548, -0.00046042285976, -0.00181072764099, 0.000446388381533, -0.000178332498763], [0.000688946689479, 0.000960135832429, 0.000787950761151, 0.00831588171422, -0.00422436930239, 0.000256509665633, -0.00208404567093, 0.00247540511191, -0.00292246416211, 0.00230970140547, -0.00426812143996, 0.000355202617357, 0.00165666022804], [-5.66759044887e-05, -0.000620832492132, -0.000234159248066, -0.00422436930239, 0.0124596077949, -0.00976777076721, 0.0033628095407, -0.00549558084458, 0.00622497359291, -0.00468798261136, 0.00089040939929, -0.00077964522643, 0.00401370087638], [-0.000310528354021, 0.0008968503098, -0.000186601930181, 0.000256509665633, -0.00976777076721, 0.0201918072999, -0.0104592125863, 0.00991152692586, -0.00940281245857, 0.00438306853175, 0.00147198385093, -0.000410990760429, -0.00304155354388], [0.000191865750821, -0.000571507494897, 0.000332120718667, -0.00208404567093, 0.0033628095407, -0.0104592125863, 0.0199739709496, -0.0119709847495, 0.0112360427156, -0.00933907553554, 0.00713410647586, -0.00298329093494, 0.0004640208208], [0.00069764215732, -0.000317035039188, -0.0019640205428, 0.00247540511191, -0.00549558084458, 0.00991152692586, -0.0119709847495, 0.0247052479535, -0.0160377044231, 0.0150130903348, -0.00690846703947, 0.00376449874602, -0.00542005384341], [-0.00108442513738, 0.00117067690007, 0.00104309583548, -0.00292246416211, 0.00622497359291, -0.00940281245857, 0.0112360427156, -0.0160377044231, 0.0228326600045, -0.0144069939852, 0.00868372619152, -0.0050301477313, 0.00172425236087], [0.00055915635312, -0.000820114568342, -0.00046042285976, 0.00230970140547, -0.00468798261136, 0.00438306853175, -0.00933907553554, 0.0150130903348, -0.0144069939852, 0.0236712861806, -0.0161840356886, 0.00790293887258, -0.00666234502569], [-0.000576368707698, 0.000330852693878, -0.00181072764099, -0.00426812143996, 0.00089040939929, 0.00147198385093, 0.00713410647586, -0.00690846703947, 0.00868372619152, -0.0161840356886, 0.0319398902357, -0.0165090560913, 0.00537244649604], [0.000499036628753, -0.000466017896542, 0.000446388381533, 0.000355202617357, -0.00077964522643, -0.000410990760429, -0.00298329093494, 0.00376449874602, -0.0050301477313, 0.00790293887258, -0.0165090560913, 0.0216756388545, -0.0110677881166], [0.000109670618258, 0.000394078728277, -0.000178332498763, 0.00165666022804, 0.00401370087638, -0.00304155354388, 0.0004640208208, -0.00542005384341, 0.00172425236087, -0.00666234502569, 0.00537244649604, -0.0110677881166, 0.0247817821801]]
    spectral_contrast:
        mean: [1.50887288441e-07, 2.18107501837e-07, -3.66325650702e-07, 3.3401698829e-07, -3.73084787952e-07, -1.69609251088e-07, -1.11011914328e-07, 4.77837511426e-06, 2.20848050958e-06, 1.48455853832e-06, -2.1574380753e-06, -1.46858070593e-07]
        var: [0.000312788411975, 0.000782117363997, 0.00281622470357, 0.0043272790499, 0.00768776284531, 0.0170668717474, 0.0384210534394, 0.0708087608218, 0.140125796199, 0.256568431854, 0.338995397091, 1.48623132706]

rhythm:
    beats_loudness:
        dmean: 0.00432361895218
        dmean2: 0.00755072105676
        dvar: 1.67746693478e-05
        dvar2: 2.34354374697e-05
        max: 0.0241810008883
        mean: 0.00499375164509
        min: 0.000163734090165
        var: 2.44151724473e-05
    beats_loudness_bass:
        dmean: 0.0155697446316
        dmean2: 0.0284552630037
        dvar: 8.57920822455e-05
        dvar2: 0.000286355410935
        max: 0.0398431159556
        mean: 0.0163071658462
        min: 5.2270530432e-05
        var: 0.00013886357192
    bpm: 126.63973999
    bpm_confidence: 0
    first_peak_bpm: 127
    first_peak_spread: 0
    first_peak_weight: 0.949999988079
    onset_rate: 3.39833545685
    second_peak_bpm: 107
    second_peak_spread: 0
    second_peak_weight: 0.0500000007451
    beats_position: [0.247843116522, 0.721109032631, 1.19437491894, 1.66764104366, 2.14090704918, 2.61417293549, 3.08743906021, 3.56070494652, 4.03397083282, 4.50723695755, 4.98050308228, 5.453769207, 5.92703485489, 6.49037981033, 6.96452379227, 7.4386677742, 7.91281175613, 8.38695526123, 8.86109924316, 9.3352432251, 9.80938720703]
    bpm_estimates: [127.951705933, 127.263160706, 126.261291504, 125.933036804, 126.504821777, 125.690086365, 125.615196228, 126.256729126, 127.230415344, 125.220878601, 127.201553345, 127.455818176, 127.732093811]
    bpm_intervals: [0.473265916109, 0.473265886307, 0.473266124725, 0.473266005516, 0.473265886307, 0.473266124725, 0.473265886307, 0.473265886307, 0.473266124725, 0.473266124725, 0.473266124725, 0.473265647888, 0.563344955444, 0.474143981934, 0.474143981934, 0.474143981934, 0.474143505096, 0.474143981934, 0.474143981934, 0.474143981934]
    onset_times: [0.0928798168898, 0.232199549675, 0.580498874187, 1.01006805897, 1.11455786228, 1.54412698746, 1.72988665104, 2.03174614906, 2.50775504112, 2.64707493782, 2.99537420273, 3.14630389214, 3.44816327095, 3.7151927948, 3.94739222527, 4.36535167694, 4.41179132462, 5.01551008224, 5.34058952332, 5.81659841537, 6.00235843658, 6.3042178154, 6.78022670746, 6.91954660416, 7.36072540283, 7.39555549622, 7.74385499954, 7.9644446373, 8.24308395386, 8.39401340485, 8.78875255585, 8.85841274261, 9.14866256714, 9.7639913559]
    rubato_start: []
    rubato_stop: []
    perceptual_tempo: "unknown"

sfx:
    inharmonicity:
        dmean: 0.0323986522853
        dmean2: 0.058665510267
        dvar: 0.00257105380297
        dvar2: 0.0073140533641
        max: 0.337509542704
        mean: 0.0319414399564
        min: 0.000119484131574
        var: 0.00273945298977
    oddtoevenharmonicenergyratio:
        dmean: 6.15309476852
        dmean2: 11.8048324585
        dvar: 676.690856934
        dvar2: 2060.18579102
        max: 300.98727417
        mean: 3.9957909584
        min: 0.00091493956279
        var: 385.335083008
    pitch_after_max_to_before_max_energy_ratio: 32.337387085
    pitch_centroid: 181.080291748
    pitch_max_to_total: 0
    pitch_min_to_total: 0.163170158863
    tristimulus:
        dmean: [0.188544303179, 0.21817009151, 0.0653862431645]
        dmean2: [0.329860508442, 0.378723710775, 0.111373141408]
        dvar: [0.0420402996242, 0.0514122098684, 0.00748574128374]
        dvar2: [0.119687072933, 0.146820321679, 0.0211535599083]
        max: [0.938966035843, 0.961425125599, 0.724295139313]
        mean: [0.463761538267, 0.42330929637, 0.0753264725208]
        min: [0.00675188191235, 0, 0]
        var: [0.0670261010528, 0.0682905092835, 0.00789284612983]

tonal:
    chords_changes_rate: 0.12962962687
    chords_number_rate: 0.0462962947786
    chords_strength:
        dmean: 0.0123795224354
        dmean2: 0.0114095723256
        dvar: 8.95281918929e-05
        dvar2: 0.000119492462545
        max: 0.531534314156
        mean: 0.3635610044
        min: 0.20213586092
        var: 0.00493279146031
    key_strength: 0.556086421013
    tuning_diatonic_strength: 0.39651337266
    tuning_equal_tempered_deviation: 0.0464221648872
    tuning_frequency: 442.293365479
    tuning_nontempered_energy_ratio: 0.695407927036
    hpcp:
        dmean: [0.0682517588139, 0.0665833503008, 0.113944016397, 0.131472066045, 0.109345562756, 0.0636506304145, 0.044302791357, 0.0568399615586, 0.123988687992, 0.125005990267, 0.1470387429, 0.121208973229, 0.10031068325, 0.0913833603263, 0.0677603036165, 0.0765509828925, 0.0608244501054, 0.0667762234807, 0.0757118836045, 0.0501047149301, 0.0279562734067, 0.0287968870252, 0.0331591367722, 0.0676464512944, 0.0953949913383, 0.0747101530433, 0.0408570505679, 0.0353034064174, 0.0354406610131, 0.0800966024399, 0.0868378281593, 0.105226919055, 0.108500301838, 0.124762013555, 0.105840720236, 0.078733228147]
        dmean2: [0.106734961271, 0.10925809294, 0.199023574591, 0.229675874114, 0.174206167459, 0.106430262327, 0.0702344849706, 0.0954102128744, 0.218470185995, 0.211098074913, 0.254600316286, 0.205139040947, 0.148968890309, 0.149524822831, 0.10507196933, 0.11452165246, 0.0930414050817, 0.0991195514798, 0.119906462729, 0.0829679444432, 0.0479345396161, 0.0475707091391, 0.0567126572132, 0.108014665544, 0.156374558806, 0.129429772496, 0.0747289732099, 0.0659456774592, 0.063233114779, 0.129422977567, 0.133970141411, 0.174961566925, 0.178601920605, 0.206157788634, 0.172213256359, 0.133747473359]
        dvar: [0.0216995291412, 0.00958941783756, 0.02541070804, 0.0608793608844, 0.0287753101438, 0.0143501665443, 0.00760710937902, 0.012950300239, 0.0487580783665, 0.0420135445893, 0.0553877390921, 0.0391442812979, 0.0414374954998, 0.030151726678, 0.0148710291833, 0.0222300048918, 0.0138418627903, 0.0175938978791, 0.0291985403746, 0.0105972429737, 0.00723490258679, 0.00413606129587, 0.00595909589902, 0.0145091433078, 0.0302128009498, 0.0232195239514, 0.0121060945094, 0.0120404157788, 0.0114997019991, 0.0218074843287, 0.0332635119557, 0.0316629596055, 0.0288014560938, 0.0416166521609, 0.0289801843464, 0.0200064443052]
        dvar2: [0.0408778116107, 0.0221640262753, 0.0646029263735, 0.131810769439, 0.0596857815981, 0.0387139506638, 0.0160197038203, 0.0366265438497, 0.131623968482, 0.0905282050371, 0.142258927226, 0.094248123467, 0.0768963173032, 0.0785973370075, 0.0345401912928, 0.041834782809, 0.0279814358801, 0.0283168684691, 0.0544485785067, 0.0234963074327, 0.0219585411251, 0.0108573930338, 0.0167183857411, 0.0333658605814, 0.0631611123681, 0.0562633015215, 0.0337719134986, 0.0352814383805, 0.0333259105682, 0.0513769127429, 0.0515437982976, 0.0739657580853, 0.0689570829272, 0.0907787680626, 0.0662209317088, 0.0482482537627]
        max: [1, 0.604049324989, 0.988409757614, 1, 1, 0.887214481831, 1, 0.808294117451, 1, 1, 1, 1, 1, 1, 0.877475619316, 1, 1, 1, 1, 0.676518321037, 0.865532875061, 0.581370234489, 0.689416110516, 1, 1, 1, 1, 0.763971090317, 1, 1, 1, 1, 1, 1, 1, 1]
        mean: [0.139898017049, 0.10043104738, 0.177463665605, 0.29055210948, 0.184099406004, 0.0758186355233, 0.0674433410168, 0.0641314610839, 0.172138899565, 0.241221681237, 0.177882894874, 0.164858207107, 0.179235011339, 0.11348900944, 0.093820951879, 0.12163836509, 0.104221425951, 0.133014410734, 0.147015944123, 0.0729722082615, 0.0311316680163, 0.0360256955028, 0.0357938557863, 0.0886958539486, 0.150368437171, 0.0993136540055, 0.0325787104666, 0.0235411860049, 0.0286240950227, 0.117476448417, 0.202908739448, 0.150969043374, 0.139288023114, 0.188707217574, 0.138932973146, 0.119989961386]
        min: [0.000422287208494, 0.000469552760478, 0.000824758317322, 0.000526982417796, 0.000518377346452, 9.16240242077e-05, 8.678316226e-05, 0.000112852736493, 0.00050667807227, 0.000911683659069, 0.000551555247512, 0.000263020279817, 0.000267643568804, 0.000324123131577, 0.000311624608003, 0.000465860182885, 0.000516863074154, 0.000375856063329, 0.000281481276033, 0.000221944734221, 0.000196721724933, 0.000214794767089, 0.000110070257506, 8.72030213941e-05, 0.000356544391252, 0.000449229672085, 0.000122410376207, 8.82697640918e-05, 0.00021276139887, 0.00039032130735, 0.000108045918751, 0.00031134110759, 0.000739659008104, 0.000762166921049, 0.000540851324331, 0.000252444704529]
        var: [0.072854667902, 0.0197058916092, 0.0475659370422, 0.157457917929, 0.0614580474794, 0.0175376869738, 0.0262261647731, 0.0144399758428, 0.0853885188699, 0.115256726742, 0.0671539008617, 0.071946516633, 0.108907088637, 0.0462003163993, 0.0242847893387, 0.0420410595834, 0.0333641916513, 0.0563522577286, 0.0808101072907, 0.0211417116225, 0.00543983560055, 0.00626412965357, 0.00509805465117, 0.0238722320646, 0.06123021245, 0.0367763899267, 0.00882963370532, 0.00688589224592, 0.00744686927646, 0.0402251631021, 0.114990897477, 0.0526665747166, 0.0427459776402, 0.0803324133158, 0.0473583005369, 0.0362749956548]
    chords_histogram: [26.3888893127, 7.87037038803, 4.16666650772, 13.4259262085, 0.925925910473, 4.62962961197, 21.7592601776, 0, 4.16666650772, 0, 0.925925910473, 0, 0, 0, 0, 0, 0, 0, 0, 0, 0, 8.33333301544, 5.09259271622, 2.31481480598]
    thpcp: [1, 0.633619248867, 0.260946780443, 0.23212133348, 0.220722749829, 0.592454493046, 0.830218315125, 0.612223744392, 0.567396342754, 0.616877317429, 0.39059779048, 0.322905778885, 0.418645620346, 0.358701318502, 0.457798808813, 0.505988240242, 0.251150161028, 0.107146590948, 0.123990483582, 0.123192548752, 0.305266588926, 0.517526566982, 0.341810137033, 0.112126909196, 0.0810222476721, 0.0985162183642, 0.404321432114, 0.698355734348, 0.519593715668, 0.479390859604, 0.649478077888, 0.478168874979, 0.412972271442, 0.481490284204, 0.345655888319, 0.610780835152]
    chords_key: "G#"
    chords_scale: "major"
    key_key: "G#"
    key_scale: "major"
    chords_progression: ["Cm", "G#", "G#", "G#", "G#", "G#", "Cm", "Cm", "Cm", "Cm", "Cm", "Cm", "Cm", "Cm", "Cm", "Cm", "Cm", "Cm", "Cm", "Cm", "Cm", "Cm", "Gm", "C", "C", "C", "C", "Gm", "C", "C", "C", "C", "C", "Gm", "Gm", "Gm", "Gm", "Gm", "Gm", "Gm", "Gm", "Gm", "Gm", "Gm", "Gm", "Gm", "Fm", "Fm", "G#", "G#", "G#", "G#", "G#", "G#", "G#", "G#", "G#", "G#", "G#", "G#", "G#", "G#", "G#", "G#", "G#", "G#", "G#", "G#", "G#", "G#", "G#", "G#", "G#", "G#", "G#", "G#", "G#", "G#", "G#", "G#", "G#", "G#", "G", "G", "Fm", "Fm", "Fm", "C#", "C#", "C#", "C#", "C#", "C#", "C#", "C#", "C#", "C#", "C#", "Gm", "Gm", "Gm", "Gm", "Gm", "Gm", "Gm", "Gm", "A#", "A#", "Dm", "Dm", "Dm", "Dm", "Dm", "Dm", "Dm", "Dm", "Dm", "Dm", "F", "F", "F", "F", "F", "G#", "G#", "G#", "G#", "G#", "G#", "G#", "G#", "G#", "G#", "G#", "G#", "G#", "G#", "G#", "G#", "F", "F", "F", "F", "F", "F", "F", "F", "F", "F", "G#", "F", "F", "G#", "F", "F", "F", "F", "F", "F", "F", "F", "F", "D#", "D#", "D#", "D#", "D#", "D#", "D#", "D#", "D#", "F", "F", "F", "F", "F", "F", "F", "F", "F", "F", "F", "F", "F", "F", "F", "F", "F", "F", "F", "F", "F", "A#m", "A#m", "A#m", "A#m", "A#m", "A#m", "A#m", "Gm", "Gm", "Gm", "Gm", "Gm", "A#m", "A#m", "A#m", "A#m", "A#m", "A#m", "A#m", "A#m", "A#m", "A#m", "A#m", "Gm"]
