
metadata:
    version:
        essentia: "1.2.2"
    audio_properties:
        analysis_sample_rate: 44100
        bitrate: 128
        channels: 2
        equal_loudness: 1
        length: 10.0310201645
        replay_gain: -15.6179704666
        downmix: "mix"
    tags:
        track: 18
        year: 0
        album: "Splitted by Mp3Splt v. 2.1"
        artist: "From 002.50 To 003.00"
        comment: "http://mp3splt.sf.net"
        genre: ""
        title: "01 Krieger [Aphex Twin Baldhu"

highlevel:
    ballroom:
        all:
            ChaChaCha: 0.0466911047697
            Jive: 0.411969184875
            Quickstep: 0.177186086774
            Rumba-American: 0.0613599829376
            Rumba-International: 0.080959238112
            Rumba-Misc: 0.0747852474451
            Samba: 0.0960877612233
            Tango: 0.0103589799255
            VienneseWaltz: 0.00918944552541
            Waltz: 0.0314129665494
        probability: 0.411969184875
        value: "Jive"
    culture:
        all:
            non_western: 0.878011465073
            western: 0.121988512576
        probability: 0.878011465073
        value: "non_western"
    gender:
        all:
            female: 0.525398731232
            male: 0.474601298571
        probability: 0.525398731232
        value: "female"
    genre_dortmund:
        all:
            alternative: 0.0096774417907
            blues: 0.0114070158452
            electronic: 0.146829769015
            folkcountry: 0.0132036413997
            funksoulrnb: 0.0478990599513
            jazz: 0.056412037462
            pop: 0.039487734437
            raphiphop: 0.648123621941
            rock: 0.0269597079605
        probability: 0.648123621941
        value: "raphiphop"
    genre_electronica:
        all:
            ambient: 0.343982368708
            dnb: 0.0999845564365
            house: 0.356205195189
            techno: 0.163308188319
            trance: 0.0365196950734
        probability: 0.356205195189
        value: "house"
    genre_rosamerica:
        all:
            cla: 0.0117454826832
            dan: 0.182248264551
            hip: 0.271553903818
            jaz: 0.022787116468
            pop: 0.0540819354355
            rhy: 0.424960017204
            roc: 0.00867026578635
            spe: 0.0239530224353
        probability: 0.424960017204
        value: "rhy"
    genre_tzanetakis:
        all:
            blu: 0.00621596723795
            cla: 0.00517364963889
            cou: 0.0055169663392
            dis: 0.0178314037621
            hip: 0.149065285921
            jaz: 0.00289186043665
            met: 0.00897234305739
            pop: 0.147716447711
            reg: 0.630523204803
            roc: 0.0260928757489
        probability: 0.630523204803
        value: "reg"
    live_studio:
        all:
            live: 0.863376140594
            studio: 0.136623859406
        probability: 0.863376140594
        value: "live"
    mood:
        all:
            Cluster1: 0.000370312161976
            Cluster2: 0.0235839821398
            Cluster3: 0.97033727169
            Cluster4: 0.0022963990923
            Cluster5: 0.0034120536875
        probability: 0.97033727169
        value: "Cluster3"
    mood_acoustic:
        all:
            acoustic: 0.0291532203555
            not_acoustic: 0.970846772194
        probability: 0.970846772194
        value: "not_acoustic"
    mood_aggressive:
        all:
            aggressive: 0.0213059987873
            not_aggressive: 0.978694021702
        probability: 0.978694021702
        value: "not_aggressive"
    mood_electronic:
        all:
            electronic: 0.938407182693
            not_electronic: 0.0615928433836
        probability: 0.938407182693
        value: "electronic"
    mood_happy:
        all:
            happy: 0.291439205408
            not_happy: 0.708560824394
        probability: 0.708560824394
        value: "not_happy"
    mood_party:
        all:
            not_party: 0.0774333402514
            party: 0.922566652298
        probability: 0.922566652298
        value: "party"
    mood_relaxed:
        all:
            not_relaxed: 0.457749843597
            relaxed: 0.542250156403
        probability: 0.542250156403
        value: "relaxed"
    mood_sad:
        all:
            not_sad: 0.97537112236
            sad: 0.0246288683265
        probability: 0.97537112236
        value: "not_sad"
    rhythm:
        all:
            fast: 0.0325907915831
            medium: 0.834170877934
            slow: 0.133238330483
        probability: 0.834170877934
        value: "medium"
    speech_music:
        all:
            music: 0.999902904034
            speech: 9.71222107182e-05
        probability: 0.999902904034
        value: "music"
    timbre:
        all:
            bright: 0.127866894007
            dark: 0.872133076191
        probability: 0.872133076191
        value: "dark"
    voice_instrumental:
        all:
            instrumental: 0.025382924825
            voice: 0.974617063999
        probability: 0.974617063999
        value: "voice"

lowlevel:
    average_loudness: 0.805605709553
    barkbands_kurtosis:
        dmean: 6.19955825806
        dmean2: 9.84883975983
        dvar: 186.283157349
        dvar2: 466.681152344
        max: 107.963035583
        mean: 6.8464474678
        min: -1.95124733448
        var: 262.387908936
    barkbands_skewness:
        dmean: 0.972522616386
        dmean2: 1.42628264427
        dvar: 1.62798380852
        dvar2: 3.65947246552
        max: 9.72683906555
        mean: 0.0433788336813
        min: -5.0819067955
        var: 7.03047895432
    barkbands_spread:
        dmean: 8.27032661438
        dmean2: 13.1005916595
        dvar: 92.6053543091
        dvar2: 218.319244385
        max: 72.8239440918
        mean: 28.3910865784
        min: 0.773292243481
        var: 340.140228271
    dissonance:
        dmean: 0.0224212147295
        dmean2: 0.039410520345
        dvar: 0.00125006469898
        dvar2: 0.00362891843542
        max: 0.5
        mean: 0.472304970026
        min: 0.266315698624
        var: 0.0015975596616
    hfc:
        dmean: 4.37445545197
        dmean2: 6.2763376236
        dvar: 74.5270843506
        dvar2: 138.918838501
        max: 111.075515747
        mean: 8.80606555939
        min: 0.000542122637853
        var: 256.500213623
    pitch:
        dmean: 532.833312988
        dmean2: 974.513427734
        dvar: 1188251.5
        dvar2: 2974911
        max: 6300
        mean: 2130.28735352
        min: 73.6227035522
        var: 3387856.25
    pitch_instantaneous_confidence:
        dmean: 0.11211387068
        dmean2: 0.175764650106
        dvar: 0.0162614621222
        dvar2: 0.04216722399
        max: 0.988865315914
        mean: 0.57602339983
        min: 0.133859872818
        var: 0.0474875122309
    pitch_salience:
        dmean: 0.11280041188
        dmean2: 0.189290478826
        dvar: 0.0242345053703
        dvar2: 0.0672063603997
        max: 0.898305654526
        mean: 0.591537356377
        min: 0.0971919372678
        var: 0.0365212075412
    silence_rate_20dB:
        dmean: 0
        dmean2: 0
        dvar: 0
        dvar2: 0
        max: 1
        mean: 1
        min: 1
        var: 0
    silence_rate_30dB:
        dmean: 0
        dmean2: 0
        dvar: 0
        dvar2: 0
        max: 1
        mean: 1
        min: 1
        var: 0
    silence_rate_60dB:
        dmean: 0.12962962687
        dmean2: 0.259860783815
        dvar: 0.112825781107
        dvar2: 0.234096542001
        max: 1
        mean: 0.743648946285
        min: 0
        var: 0.190635845065
    spectral_centroid:
        dmean: 375.554168701
        dmean2: 561.487548828
        dvar: 258605.140625
        dvar2: 452853.09375
        max: 5267.31835938
        mean: 2170.16259766
        min: 170.462905884
        var: 1907328.875
    spectral_complexity:
        dmean: 2.89559173584
        dmean2: 4.60930252075
        dvar: 15.1004543304
        dvar2: 32.8985824585
        max: 39
        mean: 6.05324077606
        min: 0
        var: 49.8513717651
    spectral_crest:
        dmean: 2.84179234505
        dmean2: 4.66695022583
        dvar: 8.82817268372
        dvar2: 24.5334281921
        max: 20.9132022858
        mean: 10.0367202759
        min: 3.40490674973
        var: 15.7893152237
    spectral_decrease:
        dmean: 3.24997390111e-10
        dmean2: 5.25095023018e-10
        dvar: 2.71988850279e-19
        dvar2: 6.4078161367e-19
        max: -8.38485503902e-14
        mean: -5.67478619651e-10
        min: -5.46481881969e-09
        var: 5.06326403629e-19
    spectral_energy:
        dmean: 0.00160524493549
        dmean2: 0.00252381153405
        dvar: 6.81053234075e-06
        dvar2: 1.49137240442e-05
        max: 0.0307003594935
        mean: 0.00294053228572
        min: 3.65635344224e-07
        var: 1.61944390129e-05
    spectral_energyband_high:
        dmean: 0.000480741495267
        dmean2: 0.000723522098269
        dvar: 1.27894452362e-06
        dvar2: 2.60205797531e-06
        max: 0.0129110664129
        mean: 0.000972487032413
        min: 7.99948907115e-09
        var: 4.60601495433e-06
    spectral_energyband_low:
        dmean: 0.000102403959318
        dmean2: 0.000157869901159
        dvar: 4.34623927958e-08
        dvar2: 1.10339051673e-07
        max: 0.00179794279393
        mean: 0.000162313939654
        min: 2.76514255937e-09
        var: 6.34522052678e-08
    spectral_energyband_middle_high:
        dmean: 0.000669119297527
        dmean2: 0.00098250771407
        dvar: 2.27641930906e-06
        dvar2: 4.01033639719e-06
        max: 0.0278324298561
        mean: 0.00113799620885
        min: 1.72371457552e-07
        var: 5.75970079808e-06
    spectral_energyband_middle_low:
        dmean: 0.000608162430581
        dmean2: 0.00110436219256
        dvar: 1.53132236846e-06
        dvar2: 4.25439702667e-06
        max: 0.00899981800467
        mean: 0.000667702464852
        min: 1.75894371068e-07
        var: 1.23812583297e-06
    spectral_flatness_db:
        dmean: 0.0397136881948
        dmean2: 0.060428660363
        dvar: 0.00195284071378
        dvar2: 0.00465567177162
        max: 0.457698792219
        mean: 0.219129741192
        min: 0.0769105479121
        var: 0.00530093722045
    spectral_flux:
        dmean: 0.013340937905
        dmean2: 0.0222121942788
        dvar: 0.00037683948176
        dvar2: 0.000618614081759
        max: 0.130505174398
        mean: 0.0312643237412
        min: 0.000604677887168
        var: 0.000697385868989
    spectral_kurtosis:
        dmean: 3.30755066872
        dmean2: 5.78598642349
        dvar: 45.6937065125
        dvar2: 133.293777466
        max: 66.4458770752
        mean: 5.66305732727
        min: -0.808109045029
        var: 103.106681824
    spectral_rms:
        dmean: 0.000440690317191
        dmean2: 0.000690789835062
        dvar: 3.28014380102e-07
        dvar2: 7.98976770966e-07
        max: 0.00547280302271
        mean: 0.00141496013384
        min: 1.88869635167e-05
        var: 8.66699451763e-07
    spectral_rolloff:
        dmean: 564.25958252
        dmean2: 937.894958496
        dvar: 1013721.1875
        dvar2: 2236054.5
        max: 7170.55664062
        mean: 3253.70825195
        min: 172.265625
        var: 3832977.25
    spectral_skewness:
        dmean: 0.382333636284
        dmean2: 0.636810660362
        dvar: 0.265249699354
        dvar2: 0.731853485107
        max: 6.04401731491
        mean: 1.2096465826
        min: -0.156249776483
        var: 1.19095611572
    spectral_spread:
        dmean: 771155.375
        dmean2: 1143907.625
        dvar: 712637808640
        dvar2: 1.71741990093e+12
        max: 13300959
        mean: 5145100.5
        min: 944875.125
        var: 6.27375131853e+12
    spectral_strongpeak:
        dmean: 0.613310992718
        dmean2: 0.985917747021
        dvar: 1.5337729454
        dvar2: 3.75982046127
        max: 16.184923172
        mean: 1.17210328579
        min: 0.000500431342516
        var: 4.02151727676
    zerocrossingrate:
        dmean: 0.0135472556576
        dmean2: 0.013986418955
        dvar: 0.00030113622779
        dvar2: 0.00027216001763
        max: 0.24560546875
        mean: 0.107472740114
        min: 0.00830078125
        var: 0.0040169917047
    barkbands:
        dmean: [3.57604818646e-07, 4.02162804676e-05, 6.91236637067e-05, 0.000117888819659, 0.00018733512843, 0.000127137478557, 0.000155845205882, 7.48230013414e-05, 3.36739685736e-05, 3.78256772819e-05, 2.75042639259e-05, 1.46952761497e-05, 1.28169085656e-05, 1.24204589156e-05, 2.09371701203e-05, 3.04461955238e-05, 5.19651366631e-05, 0.000123849997181, 0.000228305376368, 0.000305292836856, 0.000212268118048, 0.0001374456333, 6.57323980704e-05, 1.50681780724e-05, 3.06631773128e-06, 1.75652516532e-07, 4.00257882394e-10]
        dmean2: [6.02238571901e-07, 5.88979710301e-05, 0.000114712027425, 0.000206117110793, 0.00033002908458, 0.000241720641498, 0.000289606396109, 0.000140621501487, 6.1585495132e-05, 7.0658934419e-05, 4.9191625294e-05, 2.51712790487e-05, 2.1713298338e-05, 1.98427624127e-05, 3.64760962839e-05, 5.32137528353e-05, 8.5186031356e-05, 0.000200925103854, 0.000351159193087, 0.000432037428254, 0.000345431413734, 0.000215373496758, 0.000110058143036, 2.18247878365e-05, 4.82425002701e-06, 2.68784361879e-07, 6.51860621037e-10]
        dvar: [4.14947102286e-13, 6.79549572169e-09, 2.70284079562e-08, 1.18539105642e-07, 1.6262153224e-07, 1.38650150916e-07, 2.27110447781e-07, 4.06345854742e-08, 5.64560487248e-09, 1.12311964173e-08, 6.08100414468e-09, 4.80220707644e-09, 1.71267133808e-09, 1.19448739788e-09, 3.46155637487e-09, 4.4958858858e-09, 1.15288747438e-08, 1.38527568083e-07, 4.67485790523e-07, 6.63623268338e-07, 3.82409780286e-07, 1.38939270755e-07, 3.0996179845e-08, 1.50910250962e-09, 5.28125494725e-11, 1.88343603409e-13, 1.49464309198e-18]
        dvar2: [1.07088253196e-12, 1.61327182724e-08, 7.1669568058e-08, 3.28016284357e-07, 4.58908147039e-07, 3.96378226242e-07, 6.54525535992e-07, 1.14360823034e-07, 1.61298956414e-08, 3.26813385243e-08, 1.72509455609e-08, 1.36200331013e-08, 3.25123039602e-09, 2.76608980165e-09, 9.54527834551e-09, 1.16858478449e-08, 2.51951774999e-08, 3.48358327074e-07, 7.17414479823e-07, 1.11856570584e-06, 9.00760937839e-07, 3.24009420183e-07, 9.17980571558e-08, 2.95081692414e-09, 1.0707953968e-10, 4.40162473527e-13, 3.61084148355e-18]
        max: [5.69024541619e-06, 0.000711472413968, 0.00137988454662, 0.00395877286792, 0.00274216430262, 0.00279964483343, 0.0035615733359, 0.0011961737182, 0.000458560942207, 0.000893378979526, 0.000725143763702, 0.00116253376473, 0.000680278870277, 0.000507602351718, 0.000508697819896, 0.00115982850548, 0.00115170190111, 0.00622665137053, 0.0122085055336, 0.0163540448993, 0.00713532743976, 0.0038690243382, 0.00153855711687, 0.000402989826398, 8.29840864753e-05, 6.68196253173e-06, 1.45822518505e-08]
        mean: [6.0710993921e-07, 7.61380433687e-05, 8.56039623613e-05, 0.000144724835991, 0.000254801270785, 7.94431980466e-05, 0.000111173518235, 4.87726720166e-05, 2.67770174105e-05, 2.83434419543e-05, 2.33891350945e-05, 1.55827401613e-05, 1.55118668772e-05, 1.63430486282e-05, 2.57903247984e-05, 3.63358849427e-05, 7.46294972487e-05, 0.000148628401803, 0.000418218260165, 0.000593647884671, 0.000385534076486, 0.000203363670153, 9.30746900849e-05, 2.76986174867e-05, 6.04983370067e-06, 3.51382567487e-07, 4.78305284268e-10]
        min: [2.33422517426e-11, 5.7968518874e-10, 2.16365325656e-09, 2.99219715671e-09, 1.3562425627e-09, 8.95378793331e-09, 1.13913056765e-08, 4.05660882663e-09, 1.08679873989e-08, 1.35585986882e-08, 1.22185248586e-08, 2.55476240163e-09, 5.01986452406e-09, 1.14877984903e-09, 4.20757739761e-09, 8.2935285306e-09, 1.11350626497e-08, 1.3487406747e-08, 3.89783032517e-08, 2.29779999472e-08, 4.33925606558e-09, 1.96191743407e-10, 1.18341975108e-10, 4.47567365114e-11, 3.82301239277e-11, 3.77127279058e-12, 1.82187533119e-15]
        var: [1.13081018074e-12, 1.30940076559e-08, 3.38377574849e-08, 9.96453408675e-08, 1.77466887408e-07, 8.26065971182e-08, 1.32584759172e-07, 2.70504276756e-08, 3.79034670317e-09, 6.33582475373e-09, 4.21196855172e-09, 3.82751963457e-09, 3.41029360307e-09, 2.450340153e-09, 4.44478809314e-09, 7.12002101722e-09, 2.29611050173e-08, 1.62929069347e-07, 1.29847921926e-06, 1.88031708603e-06, 8.63796117301e-07, 3.06513015857e-07, 4.6262883302e-08, 5.12878006731e-09, 2.31146810026e-10, 6.64263023926e-13, 1.91486873093e-18]
    mfcc:
        mean: [-824.628051758, 79.9862442017, -23.7444057465, 71.8128738403, -17.398431778, 5.67559862137, -1.888002038, 3.63121390343, -5.91324424744, -0.987656652927, -7.47806978226, -5.83916139603, -0.768692314625]
        cov: [[12419.8447266, -3814.6887207, 597.39666748, -188.562942505, 5.27281427383, -221.008712769, -232.110336304, 108.369148254, 146.549255371, 275.042755127, 194.407592773, 329.069824219, 54.0566596985], [-3814.6887207, 5779.99169922, -1732.1706543, -573.142700195, -31.8571968079, -117.401199341, -163.848403931, -218.525726318, 162.406478882, -280.728607178, 30.7745914459, -43.089214325, -196.25151062], [597.39666748, -1732.1706543, 1921.08996582, 411.140289307, 2.00107192993, 70.8609771729, -140.358062744, 2.76617479324, -299.863067627, 56.2159996033, -235.593200684, -227.034698486, -46.5998306274], [-188.562942505, -573.142700195, 411.140289307, 1172.80664062, 372.391174316, 60.596118927, 182.564712524, 41.5451469421, 48.4652938843, 160.334472656, -28.8283996582, -125.853744507, 63.5255355835], [5.27281427383, -31.8571968079, 2.00107192993, 372.391174316, 514.919006348, 147.688400269, 177.172454834, 59.4306259155, 51.1358985901, 98.8108139038, 18.538974762, -18.1377182007, 16.0591869354], [-221.008712769, -117.401199341, 70.8609771729, 60.596118927, 147.688400269, 253.752914429, 117.0990448, 57.7213363647, 8.53376483917, 56.3727149963, 43.3514709473, -1.46798074245, 16.8246421814], [-232.110336304, -163.848403931, -140.358062744, 182.564712524, 177.172454834, 117.0990448, 401.448944092, 95.8230667114, 77.7654418945, 164.953155518, 86.8895492554, 56.7430496216, 126.023773193], [108.369148254, -218.525726318, 2.76617479324, 41.5451469421, 59.4306259155, 57.7213363647, 95.8230667114, 133.731689453, 37.4542121887, 90.1056289673, 51.767993927, 43.8009490967, 66.9643325806], [146.549255371, 162.406478882, -299.863067627, 48.4652938843, 51.1358985901, 8.53376483917, 77.7654418945, 37.4542121887, 205.359344482, 39.7158508301, 55.433757782, 60.4867401123, 41.1313667297], [275.042755127, -280.728607178, 56.2159996033, 160.334472656, 98.8108139038, 56.3727149963, 164.953155518, 90.1056289673, 39.7158508301, 290.224700928, 129.643829346, 18.0822639465, 153.280197144], [194.407592773, 30.7745914459, -235.593200684, -28.8283996582, 18.538974762, 43.3514709473, 86.8895492554, 51.767993927, 55.433757782, 129.643829346, 167.640731812, 48.5975990295, 85.4277191162], [329.069824219, -43.089214325, -227.034698486, -125.853744507, -18.1377182007, -1.46798074245, 56.7430496216, 43.8009490967, 60.4867401123, 18.0822639465, 48.5975990295, 160.407699585, 55.0380325317], [54.0566596985, -196.25151062, -46.5998306274, 63.5255355835, 16.0591869354, 16.8246421814, 126.023773193, 66.9643325806, 41.1313667297, 153.280197144, 85.4277191162, 55.0380325317, 172.387741089]]
        icov: [[0.000137125432957, 0.000101960249594, -4.09714884881e-05, 6.65301267873e-05, -0.000126519764308, 0.000204099560506, 0.000160326962941, 0.00010849708633, -0.00018234331219, -0.000185607292224, -0.00023776658054, -0.000296643731417, 0.000291074306006], [0.000101960249594, 0.000369359040633, 0.000313535652822, 0.000137483380968, -0.000156263515237, 8.84918408701e-05, 0.000213403603993, 0.000300436251564, -0.000140683288919, -0.000243268135819, 9.24643754843e-05, 0.000220428977627, 0.000289489893476], [-4.09714884881e-05, 0.000313535652822, 0.00162965373602, -0.000254279118963, 0.000373550486984, -0.000847431481816, 0.000583173241466, -0.000401034601964, 0.00126236269716, -0.00138253800105, 0.00257514533587, 0.00112111109775, -2.4583976483e-05], [6.65301267873e-05, 0.000137483380968, -0.000254279118963, 0.00157550326549, -0.00104955211282, 0.000582693726756, -0.000288132461719, 0.000278626277577, -0.00085799844237, -0.000273156329058, 0.000206182114198, 0.00111132627353, -0.000379743025405], [-0.000126519764308, -0.000156263515237, 0.000373550486984, -0.00104955211282, 0.00360683328472, -0.00173045345582, -0.000732124899514, -0.00061040307628, 0.000190366074094, -0.00103973620571, 0.00126389379147, -1.27076145873e-05, 0.00121153425425], [0.000204099560506, 8.84918408701e-05, -0.000847431481816, 0.000582693726756, -0.00173045345582, 0.00637652818114, -0.00126652221661, -0.00126345292665, -0.000341648701578, 0.000879457802512, -0.00300249573775, -5.70535178213e-07, 0.00133611273486], [0.000160326962941, 0.000213403603993, 0.000583173241466, -0.000288132461719, -0.000732124899514, -0.00126652221661, 0.00490766158327, -0.00056338252034, -0.000280964100966, -0.00155328994151, 0.000846136594191, -0.000835165614262, -0.00142509199213], [0.00010849708633, 0.000300436251564, -0.000401034601964, 0.000278626277577, -0.00061040307628, -0.00126345292665, -0.00056338252034, 0.0121191171929, -0.00130267930217, -0.00158082740381, -0.000835879822262, -0.00237061618827, -0.00113122514449], [-0.00018234331219, -0.000140683288919, 0.00126236269716, -0.00085799844237, 0.000190366074094, -0.000341648701578, -0.000280964100966, -0.00130267930217, 0.00772574404255, -0.000275143509498, 0.000576787337195, -0.00104075553827, -0.000270775606623], [-0.000185607292224, -0.000243268135819, -0.00138253800105, -0.000273156329058, -0.00103973620571, 0.000879457802512, -0.00155328994151, -0.00158082740381, -0.000275143509498, 0.0116529250517, -0.00686221709475, 0.00203885580413, -0.00627717189491], [-0.00023776658054, 9.24643754843e-05, 0.00257514533587, 0.000206182114198, 0.00126389379147, -0.00300249573775, 0.000846136594191, -0.000835879822262, 0.000576787337195, -0.00686221709475, 0.0160432755947, 0.000569137511775, -0.00148667464964], [-0.000296643731417, 0.000220428977627, 0.00112111109775, 0.00111132627353, -1.27076145873e-05, -5.70535178213e-07, -0.000835165614262, -0.00237061618827, -0.00104075553827, 0.00203885580413, 0.000569137511775, 0.0115876924247, -0.00377602363005], [0.000291074306006, 0.000289489893476, -2.4583976483e-05, -0.000379743025405, 0.00121153425425, 0.00133611273486, -0.00142509199213, -0.00113122514449, -0.000270775606623, -0.00627717189491, -0.00148667464964, -0.00377602363005, 0.0149987414479]]
    spectral_contrast:
        mean: [2.39660352008e-07, 1.91335047361e-07, -5.02534760471e-07, -3.70580153231e-07, 3.69355632301e-07, 4.35996945214e-08, -1.2250685586e-06, 1.9931683255e-06, 5.132897968e-06, 5.66933977098e-06, 1.34579556743e-06, -1.95922666535e-06]
        var: [0.00109870417509, 0.00178240076639, 0.00201972178183, 0.00302004395053, 0.00562045816332, 0.00805109087378, 0.104200020432, 0.252541601658, 0.469138145447, 0.690396487713, 2.33177518845, 6.80552339554]

rhythm:
    beats_loudness:
        dmean: 0.00495782494545
        dmean2: 0.00985169224441
        dvar: 4.3984666263e-05
        dvar2: 0.000137202732731
        max: 0.0253073927015
        mean: 0.00427262671292
        min: 1.37508623084e-05
        var: 3.19232094625e-05
    beats_loudness_bass:
        dmean: 0.160293787718
        dmean2: 0.290157258511
        dvar: 0.0432503707707
        dvar2: 0.121832706034
        max: 0.753697633743
        mean: 0.140961423516
        min: 0.000247187330388
        var: 0.0376448072493
    bpm: 138.155334473
    bpm_confidence: 0
    first_peak_bpm: 173
    first_peak_spread: 0
    first_peak_weight: 0.639999985695
    onset_rate: 5.18391942978
    second_peak_bpm: 138
    second_peak_spread: 0
    second_peak_weight: 0.319999992847
    beats_position: [0.0509435273707, 0.398526728153, 0.746109962463, 1.09369313717, 1.44127631187, 1.78885948658, 2.13644266129, 2.4840259552, 2.83160924911, 3.17919254303, 3.52677583694, 3.87435889244, 4.22194242477, 4.56952571869, 4.91710853577, 5.26469182968, 5.6122751236, 6.09207487106, 6.5263710022, 6.96066761017, 7.3949637413, 7.82925987244, 8.26355648041, 8.69785308838, 9.13214874268, 9.56644535065]
    bpm_estimates: [138.20552063, 138.294235229, 138.809432983, 137.891708374, 138.338241577, 138.024353027, 137.901443481, 138.359405518, 137.573608398]
    bpm_intervals: [0.347583204508, 0.34758323431, 0.347583174706, 0.347583174706, 0.347583174706, 0.347583174706, 0.347583293915, 0.347583293915, 0.347583293915, 0.347583293915, 0.347583055496, 0.347583532333, 0.347583293915, 0.347582817078, 0.347583293915, 0.347583293915, 0.479799747467, 0.434296131134, 0.434296607971, 0.434296131134, 0.434296131134, 0.434296607971, 0.434296607971, 0.434295654297, 0.434296607971]
    onset_times: [0.162539675832, 0.267029464245, 0.394739240408, 0.626938760281, 0.743038535118, 0.859138309956, 0.96362811327, 1.07972788811, 1.19582772255, 1.32353746891, 1.43963718414, 1.6137868166, 2.04335594177, 2.13623571396, 2.31038546562, 2.48453521729, 2.76317453384, 2.84444451332, 2.92571425438, 3.01859402657, 3.62231302261, 3.87773251534, 4.07510185242, 4.66721105576, 4.71365070343, 5.07356023788, 5.3754196167, 5.75854873657, 5.89786863327, 6.06040811539, 6.21133804321, 6.3622674942, 6.80344676971, 6.87310647964, 6.97759628296, 7.38394546509, 7.53487539291, 7.6858048439, 8.05732440948, 8.23147392273, 8.4172334671, 8.59138298035, 8.67265319824, 8.85841274261, 9.03256225586, 9.12544250488, 9.287981987, 9.45052146912, 9.57823085785, 9.71755123138, 9.81043052673, 9.85687065125]
    rubato_start: [6.5263710022]
    rubato_stop: [9.56644535065]
    perceptual_tempo: "unknown"

sfx:
    inharmonicity:
        dmean: 0.073131904006
        dmean2: 0.132381767035
        dvar: 0.00729395728558
        dvar2: 0.0207909978926
        max: 0.4628675282
        mean: 0.0720752254128
        min: 0
        var: 0.00736449938267
    oddtoevenharmonicenergyratio:
        dmean: 367.15234375
        dmean2: 630.742736816
        dvar: 6055610
        dvar2: 14117540
        max: 36949.2734375
        mean: 260.778137207
        min: 0
        var: 5134385
    pitch_after_max_to_before_max_energy_ratio: 0.697231054306
    pitch_centroid: 212.032943726
    pitch_max_to_total: 0.462962955236
    pitch_min_to_total: 0.668981492519
    tristimulus:
        dmean: [0.197770506144, 0.316811233759, 0.173911690712]
        dmean2: [0.350434690714, 0.57497137785, 0.307663172483]
        dvar: [0.0594182834029, 0.0919209644198, 0.0499451681972]
        dvar2: [0.157410666347, 0.231733575463, 0.140919730067]
        max: [1, 0.994358539581, 0.972696125507]
        mean: [0.331838726997, 0.430835545063, 0.163292050362]
        min: [0.00205014203675, 0, 0]
        var: [0.109805926681, 0.114219993353, 0.0550744123757]

tonal:
    chords_changes_rate: 0.101382486522
    chords_number_rate: 0.0368663594127
    chords_strength:
        dmean: 0.0143049200997
        dmean2: 0.0152138378471
        dvar: 0.00012588048412
        dvar2: 0.000224438263103
        max: 0.735194146633
        mean: 0.493673413992
        min: 0.224557295442
        var: 0.0182615965605
    key_strength: 0.361294865608
    tuning_diatonic_strength: 0.373996883631
    tuning_equal_tempered_deviation: 0.235519677401
    tuning_frequency: 440.763122559
    tuning_nontempered_energy_ratio: 0.88775229454
    hpcp:
        dmean: [0.208196133375, 0.196754574776, 0.191457539797, 0.203768998384, 0.216651186347, 0.182289883494, 0.147184208035, 0.121287077665, 0.152945384383, 0.149771392345, 0.13946390152, 0.14040030539, 0.150580629706, 0.142832294106, 0.156785205007, 0.16807821393, 0.163849964738, 0.148978233337, 0.12927596271, 0.0964161455631, 0.0986945331097, 0.0959350019693, 0.0926288962364, 0.0969324558973, 0.105714306235, 0.129635185003, 0.17204092443, 0.199825763702, 0.169033050537, 0.186458796263, 0.14232237637, 0.125129833817, 0.152683392167, 0.159800127149, 0.168386146426, 0.183717668056]
        dmean2: [0.365764915943, 0.328886508942, 0.329213410616, 0.340325951576, 0.360693603754, 0.317870676517, 0.254237323999, 0.204908505082, 0.259927213192, 0.255704492331, 0.234075471759, 0.229564964771, 0.252460032701, 0.243358045816, 0.266178309917, 0.285932272673, 0.266091912985, 0.249978080392, 0.212887853384, 0.148421481252, 0.159156367183, 0.155574798584, 0.152961239219, 0.166633456945, 0.190199613571, 0.235565587878, 0.302631229162, 0.344827353954, 0.314589381218, 0.336097031832, 0.26379776001, 0.219629526138, 0.255587160587, 0.275375753641, 0.300613969564, 0.340215802193]
        dvar: [0.0588933378458, 0.043986774981, 0.0544893182814, 0.0550213493407, 0.0576599538326, 0.0507555790246, 0.0426660254598, 0.0258385892957, 0.0389715954661, 0.0419128648937, 0.032604996115, 0.0316914618015, 0.0370127148926, 0.028917171061, 0.0333341509104, 0.0419586189091, 0.0409838967025, 0.0428205095232, 0.0331585854292, 0.0203408207744, 0.0301169119775, 0.0235237330198, 0.0173113159835, 0.0177564360201, 0.0318825766444, 0.0347762368619, 0.049664132297, 0.0580384768546, 0.0589397847652, 0.0589938238263, 0.0455319918692, 0.0293720792979, 0.0389040857553, 0.0422694273293, 0.0486450232565, 0.0551033727825]
        dvar2: [0.150905624032, 0.0973213464022, 0.118168465793, 0.128502637148, 0.15166182816, 0.118435569108, 0.12298591435, 0.0682103261352, 0.112514138222, 0.108384028077, 0.0719167292118, 0.0600096471608, 0.0858718752861, 0.065800331533, 0.0828410834074, 0.0993764996529, 0.0977311506867, 0.0956958308816, 0.0748455822468, 0.0447176173329, 0.0559592358768, 0.0554067753255, 0.0449317619205, 0.0503292568028, 0.0957284420729, 0.104714386165, 0.15087158978, 0.165569871664, 0.156779810786, 0.182673469186, 0.124067172408, 0.0772288292646, 0.0989513471723, 0.108024418354, 0.13393008709, 0.148220047355]
        max: [1, 1, 1, 1, 1, 1, 1, 1, 1, 1, 1, 1, 1, 1, 1, 1, 1, 1, 1, 1, 1, 1, 1, 0.809367716312, 1, 1, 1, 1, 1, 1, 1, 1, 1, 1, 1, 1]
        mean: [0.280393391848, 0.302207946777, 0.299307018518, 0.3016500175, 0.26424023509, 0.214611724019, 0.162776648998, 0.15006840229, 0.174221247435, 0.178478240967, 0.183218032122, 0.235415562987, 0.240946680307, 0.188963294029, 0.172811105847, 0.195697307587, 0.198369309306, 0.175035357475, 0.13592107594, 0.107020795345, 0.109308518469, 0.104558244348, 0.0942478552461, 0.0940233767033, 0.10308881104, 0.123254470527, 0.17416626215, 0.242629185319, 0.245324462652, 0.177724018693, 0.123099535704, 0.13039252162, 0.161808878183, 0.161122024059, 0.169927611947, 0.210324123502]
        min: [0.000620587263256, 0.000740200339351, 0.000373497779947, 0.000248879339779, 0.000184777236427, 0.00033756357152, 0.000258852611296, 0.000265459850198, 0, 0, 0, 0, 0.000305162568111, 0.00049397762632, 0.000620795297436, 4.00957396778e-05, 0.000980143202469, 0.000231786354561, 9.07031062525e-05, 0.000120841847092, 0, 0, 0, 0, 3.01387499348e-05, 9.58512464422e-05, 0.00010836765432, 0.00028282115818, 0, 0, 0, 0, 0, 9.03790132725e-05, 0.000155062574777, 0.000351799331838]
        var: [0.0865197181702, 0.0930737257004, 0.112271904945, 0.094954892993, 0.0804264321923, 0.0722392350435, 0.0478134565055, 0.0346852988005, 0.0504323765635, 0.0562787503004, 0.054783128202, 0.0922396928072, 0.0925207361579, 0.0527711138129, 0.049861099571, 0.0601085498929, 0.0595111362636, 0.0553043298423, 0.0409822016954, 0.0291108228266, 0.0406761169434, 0.0284664984792, 0.0193956661969, 0.0190106648952, 0.0279160197824, 0.0318049676716, 0.0498993135989, 0.0851444154978, 0.104022063315, 0.0583851113915, 0.0360924899578, 0.0305603928864, 0.050015129149, 0.050459690392, 0.0492669828236, 0.063799649477]
    chords_histogram: [29.4930877686, 10.5990781784, 0, 0, 0, 0, 0.460829496384, 28.571428299, 0, 0, 0, 1.84331798553, 0, 0, 0, 2.7649769783, 15.6682024002, 5.0691242218, 0, 0, 0, 0, 0, 5.5299539566]
    thpcp: [1, 0.990400910378, 0.998153805733, 0.874365627766, 0.710145890713, 0.538624644279, 0.496573328972, 0.576494574547, 0.590580880642, 0.606264770031, 0.778985321522, 0.79728770256, 0.625275731087, 0.571828484535, 0.647558450699, 0.656400024891, 0.579188466072, 0.449760109186, 0.354129642248, 0.361699670553, 0.345981121063, 0.311864256859, 0.311121463776, 0.341118782759, 0.407846570015, 0.576312661171, 0.802855074406, 0.811773717403, 0.588085174561, 0.407333880663, 0.431466221809, 0.535422325134, 0.533149540424, 0.562287032604, 0.695958256721, 0.927816092968]
    chords_key: "F#"
    chords_scale: "minor"
    key_key: "F#"
    key_scale: "minor"
    chords_progression: ["F#", "F#", "F#", "F#", "F#", "F#", "F#", "F#", "F#m", "F#m", "F#m", "F#m", "F#m", "F#m", "F#m", "F#m", "F#m", "F#m", "F#m", "F#m", "F#m", "F#m", "F#m", "F#m", "F#m", "F#m", "F#m", "F#m", "F#m", "F#m", "F#m", "F#m", "F#m", "F#m", "F#m", "F#m", "F#m", "F#m", "F#m", "F#m", "F#m", "F#m", "F#m", "F#m", "F#", "F#", "F#", "F#", "F#", "F#", "F#", "F#", "F#", "F#", "F#", "F#", "F#", "F#", "F#", "F#", "F#", "F#", "F#", "F#", "F#", "F#", "F#", "F#", "F#", "F#", "F#", "F#", "F#", "F#", "F#", "F#", "F#", "F#", "F#", "F#", "F#", "F#", "F#", "F#", "F#", "F#", "F#", "F#", "F", "F", "F", "F", "F", "F", "F", "F", "F", "F", "F", "F#m", "F#m", "F#m", "F#m", "F#m", "F#m", "F#m", "F#m", "F#m", "F#m", "F#m", "F#m", "F#m", "F#m", "F#m", "F#m", "F#m", "F#m", "F#m", "F#m", "A", "A", "D", "D", "A", "A", "F#m", "A", "A", "A", "A", "A", "A", "A", "F#", "F#", "F#", "F#", "F#", "F#", "F#", "F#", "F#", "F#", "A", "G#", "G#", "G#", "G#", "A", "A", "A", "A", "A", "A", "A", "A", "A", "A", "A", "D", "F#m", "F#m", "F#m", "F#m", "F#m", "F#m", "F#m", "Dm", "Dm", "Dm", "Dm", "Dm", "Dm", "D#m", "Dm", "Dm", "Dm", "Dm", "D", "D", "D", "D", "D", "D", "D", "D", "D", "Dm", "Dm", "Dm", "Dm", "Dm", "Dm", "Dm", "Dm", "Dm", "Dm", "Dm", "Dm", "Dm", "Dm", "Dm", "Dm", "Dm", "A#", "A#", "A#", "A#", "A#", "A#", "Dm", "Dm", "Dm", "Dm", "Dm", "Dm", "Dm"]
