
metadata:
    version:
        essentia: "1.2.2"
    audio_properties:
        analysis_sample_rate: 44100
        bitrate: 128
        channels: 2
        equal_loudness: 1
        length: 10.0310201645
        replay_gain: -15.2199306488
        downmix: "mix"
    tags:
        track: 19
        year: 0
        album: "Splitted by Mp3Splt v. 2.1"
        artist: "From 003.00 To 003.10"
        comment: "http://mp3splt.sf.net"
        genre: ""
        title: "03 Sugar 5.mp3"

highlevel:
    ballroom:
        all:
            ChaChaCha: 0.0929113402963
            Jive: 0.66407585144
            Quickstep: 0.0246846526861
            Rumba-American: 0.000518171524163
            Rumba-International: 0.00268455524929
            Rumba-Misc: 0.00122594169807
            Samba: 0.206828683615
            Tango: 0.000524268602021
            VienneseWaltz: 0.00593307940289
            Waltz: 0.000613441399764
        probability: 0.66407585144
        value: "Jive"
    culture:
        all:
            non_western: 0.0530118457973
            western: 0.946988165379
        probability: 0.946988165379
        value: "western"
    gender:
        all:
            female: 0.0639350116253
            male: 0.936064958572
        probability: 0.936064958572
        value: "male"
    genre_dortmund:
        all:
            alternative: 0.113570123911
            blues: 0.0117762340233
            electronic: 0.0366045795381
            folkcountry: 0.0527416020632
            funksoulrnb: 0.0339347757399
            jazz: 0.0439029075205
            pop: 0.0891928598285
            raphiphop: 0.0248959790915
            rock: 0.59338092804
        probability: 0.59338092804
        value: "rock"
    genre_electronica:
        all:
            ambient: 0.0808513090014
            dnb: 0.144629910588
            house: 0.00780745921656
            techno: 0.0086503373459
            trance: 0.758060991764
        probability: 0.758060991764
        value: "trance"
    genre_rosamerica:
        all:
            cla: 0.00467388099059
            dan: 0.289654701948
            hip: 0.00835918169469
            jaz: 0.00299356481992
            pop: 0.0689722672105
            rhy: 0.00769644323736
            roc: 0.615532338619
            spe: 0.00211758282967
        probability: 0.615532338619
        value: "roc"
    genre_tzanetakis:
        all:
            blu: 0.00245482404716
            cla: 0.0030573986005
            cou: 0.140134111047
            dis: 0.11625777185
            hip: 0.0354237407446
            jaz: 0.0270916018635
            met: 0.113582223654
            pop: 0.23425860703
            reg: 0.0091026769951
            roc: 0.318637043238
        probability: 0.318637043238
        value: "roc"
    live_studio:
        all:
            live: 0.0411323234439
            studio: 0.958867669106
        probability: 0.958867669106
        value: "studio"
    mood:
        all:
            Cluster1: 0.515243828297
            Cluster2: 0.0955608412623
            Cluster3: 0.0282681602985
            Cluster4: 0.0547129698098
            Cluster5: 0.306214183569
        probability: 0.515243828297
        value: "Cluster1"
    mood_acoustic:
        all:
            acoustic: 1.50115365614e-05
            not_acoustic: 0.99998497963
        probability: 0.99998497963
        value: "not_acoustic"
    mood_aggressive:
        all:
            aggressive: 0.934118032455
            not_aggressive: 0.065881960094
        probability: 0.934118032455
        value: "aggressive"
    mood_electronic:
        all:
            electronic: 0.0979201123118
            not_electronic: 0.902079880238
        probability: 0.902079880238
        value: "not_electronic"
    mood_happy:
        all:
            happy: 0.737939178944
            not_happy: 0.262060850859
        probability: 0.737939178944
        value: "happy"
    mood_party:
        all:
            not_party: 0.306701928377
            party: 0.693298101425
        probability: 0.693298101425
        value: "party"
    mood_relaxed:
        all:
            not_relaxed: 0.259623497725
            relaxed: 0.740376472473
        probability: 0.740376472473
        value: "relaxed"
    mood_sad:
        all:
            not_sad: 0.817688167095
            sad: 0.182311832905
        probability: 0.817688167095
        value: "not_sad"
    rhythm:
        all:
            fast: 0.792151451111
            medium: 0.188918560743
            slow: 0.0189299937338
        probability: 0.792151451111
        value: "fast"
    speech_music:
        all:
            music: 0.443543255329
            speech: 0.556456744671
        probability: 0.556456744671
        value: "speech"
    timbre:
        all:
            bright: 0.170558482409
            dark: 0.829441487789
        probability: 0.829441487789
        value: "dark"
    voice_instrumental:
        all:
            instrumental: 0.141178250313
            voice: 0.858821749687
        probability: 0.858821749687
        value: "voice"

lowlevel:
    average_loudness: 0.967082619667
    barkbands_kurtosis:
        dmean: 0.658422291279
        dmean2: 1.09186756611
        dvar: 0.721345424652
        dvar2: 1.81079685688
        max: 4.51408243179
        mean: -0.624778807163
        min: -1.78017532825
        var: 1.15496301651
    barkbands_skewness:
        dmean: 0.370489835739
        dmean2: 0.599504292011
        dvar: 0.119359768927
        dvar2: 0.298822790384
        max: 2.31754112244
        mean: 0.181160196662
        min: -2.2927031517
        var: 0.611173272133
    barkbands_spread:
        dmean: 5.3987159729
        dmean2: 8.59137248993
        dvar: 21.1648807526
        dvar2: 54.7738647461
        max: 54.8691101074
        mean: 33.3611755371
        min: 13.6386785507
        var: 73.6723480225
    dissonance:
        dmean: 0.0178040489554
        dmean2: 0.0301487352699
        dvar: 0.00025834448752
        dvar2: 0.000722108583432
        max: 0.499620348215
        mean: 0.465960890055
        min: 0.352640450001
        var: 0.000537733954843
    hfc:
        dmean: 2.68990421295
        dmean2: 4.32007980347
        dvar: 11.5705337524
        dvar2: 28.8157424927
        max: 45.7167320251
        mean: 9.68977451324
        min: 0.101256325841
        var: 41.0768852234
    pitch:
        dmean: 599.783813477
        dmean2: 1145.43054199
        dvar: 1347390.5
        dvar2: 3701577.5
        max: 4900
        mean: 1476.65612793
        min: 108.088233948
        var: 2677911.5
    pitch_instantaneous_confidence:
        dmean: 0.0864992439747
        dmean2: 0.145036384463
        dvar: 0.00500676082447
        dvar2: 0.0127102099359
        max: 0.700325906277
        mean: 0.391363739967
        min: 0.137811541557
        var: 0.0111644351855
    pitch_salience:
        dmean: 0.0599395148456
        dmean2: 0.100333079696
        dvar: 0.00279339402914
        dvar2: 0.00727239530534
        max: 0.831431150436
        mean: 0.640810012817
        min: 0.272441864014
        var: 0.0072242510505
    silence_rate_20dB:
        dmean: 0
        dmean2: 0
        dvar: 0
        dvar2: 0
        max: 1
        mean: 1
        min: 1
        var: 0
    silence_rate_30dB:
        dmean: 0
        dmean2: 0
        dvar: 0
        dvar2: 0
        max: 1
        mean: 1
        min: 1
        var: 0
    silence_rate_60dB:
        dmean: 0.0648148134351
        dmean2: 0.127610206604
        dvar: 0.0606140308082
        dvar2: 0.134527891874
        max: 1
        mean: 0.0877598151565
        min: 0
        var: 0.0800581052899
    spectral_centroid:
        dmean: 268.565887451
        dmean2: 441.221405029
        dvar: 62116.1875
        dvar2: 147367.203125
        max: 3328.04003906
        mean: 1660.79797363
        min: 410.340545654
        var: 401460.15625
    spectral_complexity:
        dmean: 4.04872369766
        dmean2: 6.76744174957
        dvar: 17.7215270996
        dvar2: 42.7831459045
        max: 47
        mean: 18.2569446564
        min: 0
        var: 60.9825210571
    spectral_crest:
        dmean: 2.11387777328
        dmean2: 3.55712127686
        dvar: 3.53210544586
        dvar2: 9.50218772888
        max: 17.5723438263
        mean: 6.69780921936
        min: 2.69496202469
        var: 5.36584424973
    spectral_decrease:
        dmean: 3.76113584721e-10
        dmean2: 6.31741159385e-10
        dvar: 1.75437537448e-19
        dvar2: 4.67018729222e-19
        max: -1.11570388345e-11
        mean: -1.26388355337e-09
        min: -3.66958530229e-09
        var: 2.46858146842e-19
    spectral_energy:
        dmean: 0.00160939595662
        dmean2: 0.00267884251662
        dvar: 3.27364068653e-06
        dvar2: 8.66874870553e-06
        max: 0.0179965142161
        mean: 0.00564907863736
        min: 5.12934930157e-05
        var: 5.2559857977e-06
    spectral_energyband_high:
        dmean: 0.000194322346942
        dmean2: 0.000310621428071
        dvar: 6.76947209399e-08
        dvar2: 1.68483239804e-07
        max: 0.00388010637835
        mean: 0.000545925344341
        min: 5.49346532353e-06
        var: 3.56688161673e-07
    spectral_energyband_low:
        dmean: 0.000322328502079
        dmean2: 0.000543836446013
        dvar: 3.49879968553e-07
        dvar2: 9.22632239053e-07
        max: 0.00643834564835
        mean: 0.000482219067635
        min: 5.23004291608e-06
        var: 3.83347440902e-07
    spectral_energyband_middle_high:
        dmean: 0.000865802459884
        dmean2: 0.00142809795216
        dvar: 1.15955538149e-06
        dvar2: 2.88869728138e-06
        max: 0.012035002932
        mean: 0.00258803367615
        min: 2.39435903495e-05
        var: 2.39140877056e-06
    spectral_energyband_middle_low:
        dmean: 0.000875969417393
        dmean2: 0.00148443249054
        dvar: 9.51625622747e-07
        dvar2: 2.54651808973e-06
        max: 0.00848594680429
        mean: 0.00203289650381
        min: 1.6617728761e-05
        var: 1.31996944219e-06
    spectral_flatness_db:
        dmean: 0.0148007711396
        dmean2: 0.0233885999769
        dvar: 0.000154364446644
        dvar2: 0.000336000724928
        max: 0.185173168778
        mean: 0.130987942219
        min: 0.0608244948089
        var: 0.000381593941711
    spectral_flux:
        dmean: 0.00845833215863
        dmean2: 0.0134965498
        dvar: 7.70591796027e-05
        dvar2: 0.000131410735776
        max: 0.0847132876515
        mean: 0.0459211580455
        min: 0.00716194743291
        var: 0.000175835171831
    spectral_kurtosis:
        dmean: 0.730515837669
        dmean2: 1.19911396503
        dvar: 0.424770593643
        dvar2: 1.14347970486
        max: 6.37518787384
        mean: 3.01377248764
        min: -0.57600569725
        var: 1.2507917881
    spectral_rms:
        dmean: 0.000323660933645
        dmean2: 0.000532595498953
        dvar: 1.10781215312e-07
        dvar2: 2.87226185947e-07
        max: 0.00419017579406
        mean: 0.00230238982476
        min: 0.000223701659706
        var: 2.1029296704e-07
    spectral_rolloff:
        dmean: 453.146057129
        dmean2: 772.892089844
        dvar: 282975.53125
        dvar2: 698116.0625
        max: 5749.36523438
        mean: 3247.7253418
        min: 559.86328125
        var: 907067.5
    spectral_skewness:
        dmean: 0.144206732512
        dmean2: 0.227056011558
        dvar: 0.0172689948231
        dvar2: 0.0401638299227
        max: 2.30193090439
        mean: 1.37935686111
        min: 0.410508185625
        var: 0.0665359869599
    spectral_spread:
        dmean: 547062.375
        dmean2: 777840.25
        dvar: 508101689344
        dvar2: 741060247552
        max: 15025644
        mean: 5427255.5
        min: 3183462.5
        var: 1.4299800535e+12
    spectral_strongpeak:
        dmean: 0.55877828598
        dmean2: 0.97279047966
        dvar: 0.842196524143
        dvar2: 2.15583276749
        max: 5.80762958527
        mean: 0.70798009634
        min: 0.0154452407733
        var: 0.795170962811
    zerocrossingrate:
        dmean: 0.00847071688622
        dmean2: 0.0101903164759
        dvar: 4.76570639876e-05
        dvar2: 6.58271892462e-05
        max: 0.1708984375
        mean: 0.0985367372632
        min: 0.03564453125
        var: 0.000769520527683
    barkbands:
        dmean: [1.77038899096e-07, 0.000109492866613, 0.000240332345129, 0.000179150112672, 0.000446344725788, 0.0001947437122, 0.000185517157661, 0.000134291592985, 0.000228911536396, 0.000268488656729, 9.99525218504e-05, 9.56183939707e-05, 7.24860074115e-05, 4.8518046242e-05, 7.47287267586e-05, 9.07355788513e-05, 0.00015466620971, 0.000211291946471, 0.000236908861552, 0.00026148519828, 8.68738206918e-05, 3.31750816258e-05, 6.81408209857e-06, 3.2740313145e-06, 2.34285448641e-06, 1.99585898031e-07, 2.86562040763e-09]
        dmean2: [2.87624857265e-07, 0.000184890130186, 0.00041394965956, 0.000323115993524, 0.000764403142966, 0.000337997655151, 0.000302006024867, 0.000221867812797, 0.000369084009435, 0.000440161820734, 0.000169365783222, 0.000162574317073, 0.000124625032186, 8.20934656076e-05, 0.000123673176859, 0.000147895028931, 0.000260184839135, 0.000338602840202, 0.000397848314606, 0.000452805805253, 0.000145454672747, 5.357136979e-05, 1.09853253889e-05, 5.33175398232e-06, 3.61367688129e-06, 3.12648637646e-07, 3.22437587741e-09]
        dvar: [6.11097205282e-14, 1.86702155958e-08, 2.71557979659e-07, 9.94648488017e-08, 3.92524270865e-07, 7.12564443006e-08, 5.91478048761e-08, 4.53010606805e-08, 8.98118273085e-08, 1.62337428833e-07, 2.48129214953e-08, 3.15166666098e-08, 8.62585913808e-09, 4.8994417412e-09, 8.67574723173e-09, 2.0079770735e-08, 5.16677012286e-08, 2.25196615133e-07, 1.03666693008e-07, 1.03962960907e-07, 1.87462472212e-08, 3.53507023654e-09, 1.53844284534e-10, 2.98864093196e-11, 2.724543334e-11, 2.15312847846e-13, 2.43505518721e-15]
        dvar2: [1.44761657631e-13, 4.76315413778e-08, 7.34053628548e-07, 2.81162726878e-07, 1.07028677121e-06, 2.10650654253e-07, 1.54198858127e-07, 1.06879959105e-07, 2.10897809438e-07, 4.54475781453e-07, 6.4041266512e-08, 8.28696471444e-08, 2.37748309928e-08, 1.19611192062e-08, 2.36005686105e-08, 5.46110570099e-08, 1.41287813449e-07, 5.53619884158e-07, 2.78298273315e-07, 2.71711030564e-07, 4.59557192301e-08, 8.40721536832e-09, 3.58231722064e-10, 7.70827915386e-11, 5.38428919505e-11, 5.41364099816e-13, 2.44075826004e-15]
        max: [2.5479400847e-06, 0.000990404980257, 0.00591010972857, 0.00236501917243, 0.00496812071651, 0.00262399320491, 0.00199594092555, 0.00222402741201, 0.00283789820969, 0.00475232070312, 0.0017144898884, 0.00192801607773, 0.000861266627908, 0.000690866203513, 0.000982254976407, 0.00143721536733, 0.00188779726159, 0.00503576453775, 0.00295492191799, 0.00398844247684, 0.00152608391363, 0.000746208184864, 0.000127718856675, 6.99415104464e-05, 8.70941730682e-05, 4.73901127407e-06, 1.0260084764e-06]
        mean: [2.48166060146e-07, 0.000171872190549, 0.000310106232064, 0.000188779100426, 0.000628446112387, 0.000292164011626, 0.000296064798022, 0.000200796028366, 0.000386914762203, 0.000439356750576, 0.000152813081513, 0.000116347720905, 0.000103745456727, 7.76093875174e-05, 0.000118321244372, 0.000150676758494, 0.000246312789386, 0.000336682540365, 0.000489695114084, 0.000647962093353, 0.000198692665435, 6.86190251145e-05, 1.43754923556e-05, 7.52925780034e-06, 4.71005068903e-06, 2.39063894014e-07, 2.88169088591e-09]
        min: [5.08514452768e-10, 6.56486349726e-07, 1.0494899243e-06, 7.54353550292e-07, 2.8352346817e-06, 1.48038895986e-06, 3.59842715625e-06, 3.31655928676e-06, 3.16696059599e-07, 9.37272147894e-07, 4.29357157827e-07, 4.7984599405e-07, 5.99868030804e-07, 6.12065832684e-07, 6.23963558155e-07, 1.13780174615e-06, 1.6114038317e-06, 1.08430513137e-05, 5.98413907937e-06, 1.29482498323e-06, 4.14382247982e-06, 7.3841226822e-07, 7.77137358909e-08, 4.82794249024e-08, 4.39573035749e-08, 2.87384716025e-09, 8.5652801041e-13]
        var: [1.21210699355e-13, 2.61915982236e-08, 2.78023378542e-07, 8.1998265955e-08, 4.20280571234e-07, 7.95432839595e-08, 1.09379016067e-07, 8.93162308557e-08, 2.49843026268e-07, 2.90131140446e-07, 4.3843780162e-08, 3.11839087885e-08, 1.05960813457e-08, 7.2805419471e-09, 1.412811379e-08, 3.06279090978e-08, 7.12519394597e-08, 2.89245889462e-07, 2.59808587089e-07, 3.9963015297e-07, 5.76494194604e-08, 8.08511124717e-09, 3.35858063583e-10, 8.82944897751e-11, 6.90276238946e-11, 2.15160043102e-13, 2.42947387536e-15]
    mfcc:
        mean: [-675.316894531, 102.768348694, -34.4311561584, 48.2123565674, -20.1972789764, -8.50181674957, 5.81062889099, -3.86669778824, 1.78495788574, -2.908847332, -4.67228889465, -6.53625202179, -1.43863534927]
        cov: [[696.101745605, -239.041183472, -73.7316436768, 20.7429504395, 2.92495369911, 18.9308261871, 47.2092399597, 2.84885168076, -69.6219940186, -23.8154773712, -4.94419527054, 38.4498214722, -8.22497272491], [-239.041183472, 578.298583984, -33.7809524536, -117.766860962, -99.0647583008, -25.2446308136, 24.1364936829, 22.4783248901, 81.3406829834, 28.7332420349, 22.4178752899, -17.1418037415, 3.89780116081], [-73.7316436768, -33.7809524536, 248.48777771, -8.22028064728, 23.2606487274, 34.9484405518, -12.4120874405, -6.51499128342, 23.8647079468, 26.1159553528, -2.24101066589, -4.16277503967, -6.06413078308], [20.7429504395, -117.766860962, -8.22028064728, 251.071289062, 122.103233337, -25.6000480652, -23.8338279724, 5.61673116684, -6.13201951981, -10.5383319855, 38.1605110168, 14.0371408463, -0.394369661808], [2.92495369911, -99.0647583008, 23.2606487274, 122.103233337, 196.344909668, 23.8267402649, -23.5534896851, -5.26801586151, -6.51526546478, -21.9447956085, 15.5841646194, -11.0278606415, 4.95074748993], [18.9308261871, -25.2446308136, 34.9484405518, -25.6000480652, 23.8267402649, 109.548301697, 33.247379303, -2.96897721291, -12.6576023102, 3.36758708954, -5.64588689804, 5.83489990234, 7.41029119492], [47.2092399597, 24.1364936829, -12.4120874405, -23.8338279724, -23.5534896851, 33.247379303, 86.186340332, 20.3031406403, -5.72626018524, -2.72659111023, -0.477623492479, 13.6814832687, -1.0988048315], [2.84885168076, 22.4783248901, -6.51499128342, 5.61673116684, -5.26801586151, -2.96897721291, 20.3031406403, 60.5056190491, 22.5701160431, 1.75127577782, 11.8443117142, 0.806991279125, 3.02434778214], [-69.6219940186, 81.3406829834, 23.8647079468, -6.13201951981, -6.51526546478, -12.6576023102, -5.72626018524, 22.5701160431, 82.8310852051, 25.3851356506, 11.90213871, -5.83844852448, 0.0612980872393], [-23.8154773712, 28.7332420349, 26.1159553528, -10.5383319855, -21.9447956085, 3.36758708954, -2.72659111023, 1.75127577782, 25.3851356506, 51.0848350525, 18.1591339111, 10.7272930145, -0.766669869423], [-4.94419527054, 22.4178752899, -2.24101066589, 38.1605110168, 15.5841646194, -5.64588689804, -0.477623492479, 11.8443117142, 11.90213871, 18.1591339111, 64.7905807495, 24.0145606995, 4.74750375748], [38.4498214722, -17.1418037415, -4.16277503967, 14.0371408463, -11.0278606415, 5.83489990234, 13.6814832687, 0.806991279125, -5.83844852448, 10.7272930145, 24.0145606995, 57.463848114, 12.5013599396], [-8.22497272491, 3.89780116081, -6.06413078308, -0.394369661808, 4.95074748993, 7.41029119492, -1.0988048315, 3.02434778214, 0.0612980872393, -0.766669869423, 4.74750375748, 12.5013599396, 48.567855835]]
        icov: [[0.00195629266091, 0.000822604226414, 0.000564642716199, 0.000245115399593, 6.53128154227e-06, 7.67352976254e-05, -0.000912821211386, -0.0002977658296, 0.000642505008727, 6.87882784405e-05, -4.54091386928e-05, -0.000918994366657, 0.000564550806303], [0.000822604226414, 0.00287879793905, 0.000661553698592, 0.0010634198552, 0.000683304155245, 0.000426407059422, -0.00127323903143, 0.000508716097102, -0.00211297813803, 0.000303580251057, -0.00182552309707, 0.00103178655263, -0.00027536705602], [0.000564642716199, 0.000661553698592, 0.00500054657459, 0.000420320138801, -0.000625000102445, -0.00159094354603, 0.000600565981586, 0.000300944229821, -0.00133777584415, -0.00220292620361, 0.00056621490512, -0.000190619568457, 0.000932233757339], [0.000245115399593, 0.0010634198552, 0.000420320138801, 0.0073965927586, -0.00435555214062, 0.00264270836487, -6.03644002695e-05, -0.00080345349852, 9.68837775872e-05, 0.000110889108328, -0.00272603845224, -0.00176490365993, 0.00088052439969], [6.53128154227e-06, 0.000683304155245, -0.000625000102445, -0.00435555214062, 0.0098708756268, -0.0039423443377, 0.00193509634119, 0.00111474655569, -0.00158552080393, 0.00465180817991, -0.00279753631912, 0.00342170079239, -0.00112930324394], [7.67352976254e-05, 0.000426407059422, -0.00159094354603, 0.00264270836487, -0.0039423443377, 0.013652660884, -0.00613372633234, 0.00100803095847, 0.00216361926869, -0.00314796785824, 0.000990962726064, -0.000532849458978, -0.00209329347126], [-0.000912821211386, -0.00127323903143, 0.000600565981586, -6.03644002695e-05, 0.00193509634119, -0.00613372633234, 0.0177981574088, -0.0063988477923, 0.00134682969656, 0.00218830420636, 0.00124086346477, -0.00421084230766, 0.00255724648014], [-0.0002977658296, 0.000508716097102, 0.000300944229821, -0.00080345349852, 0.00111474655569, 0.00100803095847, -0.0063988477923, 0.0223269592971, -0.00729226507246, 0.00313825090416, -0.00448304787278, 0.00289664976299, -0.00211135228164], [0.000642505008727, -0.00211297813803, -0.00133777584415, 9.68837775872e-05, -0.00158552080393, 0.00216361926869, 0.00134682969656, -0.00729226507246, 0.0200725477189, -0.008903414011, 0.000872221833561, 0.00145702797454, -0.000197971850866], [6.87882784405e-05, 0.000303580251057, -0.00220292620361, 0.000110889108328, 0.00465180817991, -0.00314796785824, 0.00218830420636, 0.00313825090416, -0.008903414011, 0.0308027304709, -0.00816242396832, -0.0031011858955, 0.00166693865322], [-4.54091386928e-05, -0.00182552309707, 0.00056621490512, -0.00272603845224, -0.00279753631912, 0.000990962726064, 0.00124086346477, -0.00448304787278, 0.000872221833561, -0.00816242396832, 0.0249205399305, -0.00959516409785, 0.000532446836587], [-0.000918994366657, 0.00103178655263, -0.000190619568457, -0.00176490365993, 0.00342170079239, -0.000532849458978, -0.00421084230766, 0.00289664976299, 0.00145702797454, -0.0031011858955, -0.00959516409785, 0.0266282018274, -0.00678666401654], [0.000564550806303, -0.00027536705602, 0.000932233757339, 0.00088052439969, -0.00112930324394, -0.00209329347126, 0.00255724648014, -0.00211135228164, -0.000197971850866, 0.00166693865322, 0.000532446836587, -0.00678666401654, 0.0231762398034]]
    spectral_contrast:
        mean: [-4.65036080755e-08, 4.25562689088e-07, 2.66116799708e-08, 3.49560707491e-07, -3.32165257078e-07, 1.38801553362e-07, -3.99628788728e-06, -3.89866272599e-06, -2.45130991061e-06, 2.01255352295e-06, -3.03542186941e-08, 9.79302967608e-07]
        var: [0.000392572430428, 0.00085248996038, 0.00106745876838, 0.00194955768529, 0.00308700231835, 0.00390104600228, 0.0374444872141, 0.105433143675, 0.106836549938, 0.273975729942, 0.316985398531, 0.606515467167]

rhythm:
    beats_loudness:
        dmean: 0.00184996856842
        dmean2: 0.00294767296873
        dvar: 1.56609644364e-06
        dvar2: 4.69940096082e-06
        max: 0.00945501308888
        mean: 0.00592892477289
        min: 0.00297437165864
        var: 2.71805197372e-06
    beats_loudness_bass:
        dmean: 0.114183969796
        dmean2: 0.192519292235
        dvar: 0.0190199092031
        dvar2: 0.0507233813405
        max: 0.625563561916
        mean: 0.154394462705
        min: 0.0172703806311
        var: 0.0196356717497
    bpm: 104.47354126
    bpm_confidence: 0
    first_peak_bpm: 105
    first_peak_spread: 0
    first_peak_weight: 0.9375
    onset_rate: 3.78824877739
    second_peak_bpm: 98
    second_peak_spread: 0
    second_peak_weight: 0.0625
    beats_position: [0.214233696461, 0.788003802299, 1.36177396774, 1.93554413319, 2.50931429863, 3.08308458328, 3.65685462952, 4.23062515259, 4.80439519882, 5.37816524506, 5.9906539917, 6.56572055817, 7.14078807831, 7.71585464478, 8.29092121124, 8.86598777771, 9.44105529785]
    bpm_estimates: [104.973335266, 104.475387573, 104.754615784, 104.607254028, 104.394035339, 104.319038391, 104.479660034, 104.39655304, 104.407279968, 104.120910645, 104.385093689, 104.369247437]
    bpm_intervals: [0.573770105839, 0.573770165443, 0.573770165443, 0.573770165443, 0.573770284653, 0.573770046234, 0.573770523071, 0.573770046234, 0.573770046234, 0.612488746643, 0.575066566467, 0.575067520142, 0.575066566467, 0.575066566467, 0.575066566467, 0.575067520142]
    onset_times: [0.0348299331963, 0.127709746361, 0.208979591727, 0.510838985443, 0.986848056316, 1.5673469305, 1.96208620071, 2.32199549675, 2.70512461662, 2.90249443054, 3.08825397491, 3.48299312592, 3.66875290871, 4.051882267, 4.446621418, 4.62077093124, 4.76009082794, 5.22448968887, 5.39863967896, 5.59600925446, 5.78176879883, 5.97913837433, 6.3622674942, 6.74539661407, 6.94276666641, 7.14013624191, 7.32589578629, 7.66258525848, 7.90639448166, 8.04571437836, 8.42884349823, 8.67265319824, 8.87002277374, 9.04417228699, 9.25315189362, 9.43891143799, 9.63628101349, 9.82204055786]
    rubato_start: []
    rubato_stop: []
    perceptual_tempo: "unknown"

sfx:
    inharmonicity:
        dmean: 0.0506017319858
        dmean2: 0.0874811932445
        dvar: 0.00352985062636
        dvar2: 0.0102862631902
        max: 0.402807533741
        mean: 0.0585200227797
        min: 0.00122398533858
        var: 0.00372229656205
    oddtoevenharmonicenergyratio:
        dmean: 1.57622385025
        dmean2: 2.93757462502
        dvar: 7.65850543976
        dvar2: 21.8491477966
        max: 21.8511295319
        mean: 1.20556926727
        min: 0.00368063058704
        var: 5.15174293518
    pitch_after_max_to_before_max_energy_ratio: 0.0858392640948
    pitch_centroid: 144.230484009
    pitch_max_to_total: 0.83564811945
    pitch_min_to_total: 0.622685194016
    tristimulus:
        dmean: [0.176637873054, 0.242597967386, 0.152783557773]
        dmean2: [0.306899130344, 0.4248265028, 0.261455625296]
        dvar: [0.0205624215305, 0.0337156169116, 0.019387871027]
        dvar2: [0.0572212003171, 0.0957705453038, 0.0552382580936]
        max: [0.84455704689, 0.950601518154, 0.750042259693]
        mean: [0.309592097998, 0.471801757812, 0.171854153275]
        min: [0.0204057563096, 0, 0]
        var: [0.0348714254797, 0.0524225458503, 0.0278103873134]

tonal:
    chords_changes_rate: 0.055299539119
    chords_number_rate: 0.0230414755642
    chords_strength:
        dmean: 0.0105721289292
        dmean2: 0.0126122944057
        dvar: 0.000113480193249
        dvar2: 0.000205301126698
        max: 0.671872437
        mean: 0.514055073261
        min: 0.211348608136
        var: 0.013588713482
    key_strength: 0.651793181896
    tuning_diatonic_strength: 0.566505134106
    tuning_equal_tempered_deviation: 0.0891764387488
    tuning_frequency: 438.984558105
    tuning_nontempered_energy_ratio: 0.744566380978
    hpcp:
        dmean: [0.231701493263, 0.221223622561, 0.151321038604, 0.144956424832, 0.153239279985, 0.146464243531, 0.14911852777, 0.161210596561, 0.1817894876, 0.184581339359, 0.17342235148, 0.175307944417, 0.1492651999, 0.120596535504, 0.105605222285, 0.11867287755, 0.112438522279, 0.11425755918, 0.0993411689997, 0.112522520125, 0.160747513175, 0.200559929013, 0.161370560527, 0.114057287574, 0.123358488083, 0.121124535799, 0.116614252329, 0.122794099152, 0.108631186187, 0.129268199205, 0.160051032901, 0.165172845125, 0.130985036492, 0.146483451128, 0.204458609223, 0.24762545526]
        dmean2: [0.392208188772, 0.362597584724, 0.258228302002, 0.268694281578, 0.267838567495, 0.260648220778, 0.255582511425, 0.264987647533, 0.306908965111, 0.309090822935, 0.298288077116, 0.304497212172, 0.250494837761, 0.208917692304, 0.180442884564, 0.19608977437, 0.188061892986, 0.198340088129, 0.169342473149, 0.192863002419, 0.272477388382, 0.342488110065, 0.278353571892, 0.200256630778, 0.214808553457, 0.214276120067, 0.205956727266, 0.21220754087, 0.193654850125, 0.207513168454, 0.258936882019, 0.279533028603, 0.223593905568, 0.254764705896, 0.352698296309, 0.4183562994]
        dvar: [0.048556510359, 0.0353856347501, 0.0237977895886, 0.0356443226337, 0.0333587341011, 0.0359298959374, 0.028528496623, 0.029988989234, 0.0467606559396, 0.0384820066392, 0.0316687785089, 0.0426698699594, 0.0330055505037, 0.0209938175976, 0.0193095076829, 0.0243497882038, 0.0206976681948, 0.0245898123831, 0.0135494964197, 0.018822144717, 0.0226214751601, 0.0383947566152, 0.0260482300073, 0.023466899991, 0.0319191217422, 0.0272397045046, 0.0185162741691, 0.02162784338, 0.0150179695338, 0.0240949429572, 0.0315761975944, 0.0412979871035, 0.0301283113658, 0.0398793630302, 0.0525323450565, 0.0421837046742]
        dvar2: [0.103188253939, 0.089321911335, 0.0697516575456, 0.105899341404, 0.0985540449619, 0.101959139109, 0.0748264119029, 0.0841914787889, 0.123898372054, 0.0943415090442, 0.0857017412782, 0.120015904307, 0.0894257724285, 0.0590704903007, 0.0572992190719, 0.0619942173362, 0.0510709993541, 0.0677632838488, 0.0376127287745, 0.0495827868581, 0.054346434772, 0.0790275633335, 0.0699905008078, 0.0663579031825, 0.0986549630761, 0.0840770974755, 0.0500957220793, 0.0545711144805, 0.0400103293359, 0.0562968663871, 0.0826871171594, 0.101627796888, 0.0766464322805, 0.106184668839, 0.130164638162, 0.10788422823]
        max: [1, 1, 1, 1, 1, 1, 1, 1, 1, 1, 1, 1, 1, 1, 1, 1, 1, 1, 0.719364702702, 1, 1, 1, 1, 1, 1, 0.888948857784, 0.852932870388, 1, 1, 1, 1, 1, 1, 1, 1, 1]
        mean: [0.633613944054, 0.462016016245, 0.23237837851, 0.197793021798, 0.229113936424, 0.250200241804, 0.26691198349, 0.255304545164, 0.259161055088, 0.285348594189, 0.267137974501, 0.26297429204, 0.234266638756, 0.164570167661, 0.158078625798, 0.192579939961, 0.186532959342, 0.154793560505, 0.132793694735, 0.14071212709, 0.272311121225, 0.389754623175, 0.275537222624, 0.164057001472, 0.158113703132, 0.137443944812, 0.166800841689, 0.186543807387, 0.168102756143, 0.226192608476, 0.279114216566, 0.242834404111, 0.1927369982, 0.18705406785, 0.252538889647, 0.465072453022]
        min: [0.0824779570103, 0.0377274043858, 0.00861978717148, 0.00524144992232, 0.00738779967651, 0.0149163929746, 0.0105115929618, 0.00753216305748, 0.00870969798416, 0.0182351097465, 0.0187732372433, 0.0100098922849, 0.00567912310362, 0.0047283754684, 0.00637881131843, 0.00567689770833, 0.0083618639037, 0.00456347269937, 0.00143824680708, 0.00190499064047, 0.0106877833605, 0.018090704456, 0.0126078613102, 0.00375128281303, 0.00121890427545, 0.00170607212931, 0.00233480799943, 0.00338284298778, 0.00792825035751, 0.00753308460116, 0.00950734131038, 0.0069711827673, 0.00415233941749, 0.00410202844068, 0.0122064175084, 0.0371605753899]
        var: [0.0957363471389, 0.057775977999, 0.0442359298468, 0.0453966893256, 0.0598376765847, 0.0564027242362, 0.0544826164842, 0.0571340434253, 0.0635371059179, 0.0559400469065, 0.050527587533, 0.0632291510701, 0.0499789975584, 0.0299726054072, 0.0269635878503, 0.0466187000275, 0.0384518578649, 0.0342684835196, 0.0207889545709, 0.0214903242886, 0.0396533571184, 0.0877207219601, 0.0360632538795, 0.0321131423116, 0.0400793664157, 0.0303276740015, 0.031826891005, 0.0407276712358, 0.0284272953868, 0.0530667379498, 0.0705214217305, 0.0652583613992, 0.0519018881023, 0.0487829260528, 0.0619588345289, 0.0669938027859]
    chords_histogram: [82.9493103027, 0, 0, 0.921658992767, 0, 0, 0, 2.30414748192, 0, 8.75576019287, 0, 0, 0, 0, 3.22580647469, 0, 0, 0, 0, 0, 0, 0, 0, 1.84331798553]
    thpcp: [1, 0.729175925255, 0.366750746965, 0.312166452408, 0.36159864068, 0.394878059626, 0.421253323555, 0.40293392539, 0.409020453691, 0.450350880623, 0.421609997749, 0.41503867507, 0.369730889797, 0.259732544422, 0.249487295747, 0.303938925266, 0.294395297766, 0.244302645326, 0.209581390023, 0.22207865119, 0.429774522781, 0.615129470825, 0.43486610055, 0.258922636509, 0.249542653561, 0.216920644045, 0.263253122568, 0.294412404299, 0.265307843685, 0.356988042593, 0.440511494875, 0.383252948523, 0.304186791182, 0.295217722654, 0.398569017649, 0.733999729156]
    chords_key: "A"
    chords_scale: "minor"
    key_key: "A"
    key_scale: "minor"
    chords_progression: ["G", "E", "E", "E", "E", "E", "E", "E", "E", "E", "G", "E", "E", "E", "E", "E", "E", "E", "E", "E", "E", "Am", "Am", "Am", "Am", "Am", "Am", "A#m", "A#m", "A#m", "A#m", "A#m", "A#m", "A#m", "Am", "Am", "Am", "Am", "Am", "Am", "Am", "Am", "Am", "Am", "Am", "Am", "Am", "Am", "Am", "F", "F", "F", "F", "Am", "Am", "Am", "Am", "Am", "Am", "Am", "Am", "Am", "Am", "Am", "Am", "Am", "Am", "Am", "Am", "Am", "Am", "Am", "Am", "Am", "Am", "Am", "Am", "Am", "Am", "Am", "Am", "Am", "Am", "Am", "Am", "Am", "Am", "Am", "Am", "Am", "Am", "Am", "Am", "Am", "Am", "Am", "Am", "Am", "Am", "Am", "Am", "A", "A", "A", "A", "Am", "Am", "Am", "Am", "Am", "Am", "Am", "Am", "Am", "Am", "Am", "Am", "Am", "Am", "Am", "Am", "Am", "Am", "Am", "Am", "Am", "Am", "Am", "Am", "Am", "Am", "Am", "Am", "Am", "Am", "Am", "Am", "Am", "Am", "Am", "Am", "Am", "Am", "Am", "Am", "Am", "Am", "Am", "Am", "Am", "Am", "Am", "Am", "Am", "Am", "Am", "Am", "Am", "Am", "Am", "Am", "Am", "Am", "Am", "Am", "Am", "Am", "Am", "Am", "Am", "A", "Am", "Am", "Am", "Am", "Am", "Am", "Am", "Am", "Am", "Am", "Am", "Am", "Am", "Am", "Am", "Am", "Am", "Am", "Am", "Am", "Am", "Am", "Am", "Am", "Am", "Am", "Am", "Am", "Am", "Am", "Am", "Am", "Am", "Am", "Am", "Am", "Am", "Am", "Am", "Am", "Am", "Am", "Am", "Am", "Am", "Am"]
