
metadata:
    version:
        essentia: "1.2.2"
    audio_properties:
        analysis_sample_rate: 44100
        bitrate: 128
        channels: 2
        equal_loudness: 1
        length: 10.0310201645
        replay_gain: -16.8036613464
        downmix: "mix"
    tags:
        track: 9
        year: 0
        album: "Splitted by Mp3Splt v. 2.1"
        artist: "From 001.20 To 001.30"
        comment: "http://mp3splt.sf.net"
        genre: ""
        title: "09 Nothing [Headcleanr Rock Mi"

highlevel:
    ballroom:
        all:
            ChaChaCha: 0.0539896823466
            Jive: 0.774704575539
            Quickstep: 0.025897571817
            Rumba-American: 0.00189462199342
            Rumba-International: 0.00493020284921
            Rumba-Misc: 0.00498483097181
            Samba: 0.107085645199
            Tango: 0.00244258041494
            VienneseWaltz: 0.0214036982507
            Waltz: 0.00266659655608
        probability: 0.774704575539
        value: "Jive"
    culture:
        all:
            non_western: 0.0104023739696
            western: 0.98959761858
        probability: 0.98959761858
        value: "western"
    gender:
        all:
            female: 0.544731199741
            male: 0.455268800259
        probability: 0.544731199741
        value: "female"
    genre_dortmund:
        all:
            alternative: 0.302970260382
            blues: 0.000678665237501
            electronic: 0.0721149742603
            folkcountry: 0.0088554257527
            funksoulrnb: 0.00832230597734
            jazz: 0.0237972270697
            pop: 0.0557005442679
            raphiphop: 0.000636452692561
            rock: 0.526924133301
        probability: 0.526924133301
        value: "rock"
    genre_electronica:
        all:
            ambient: 0.150284469128
            dnb: 0.0460991710424
            house: 0.00343984225765
            techno: 0.00522561278194
            trance: 0.794950902462
        probability: 0.794950902462
        value: "trance"
    genre_rosamerica:
        all:
            cla: 0.00476991664618
            dan: 0.0101247178391
            hip: 0.00146422896069
            jaz: 0.0035765604116
            pop: 0.00634610466659
            rhy: 0.00188426976092
            roc: 0.971261501312
            spe: 0.000572712626308
        probability: 0.971261501312
        value: "roc"
    genre_tzanetakis:
        all:
            blu: 0.0202371887863
            cla: 0.0821715071797
            cou: 0.126114532351
            dis: 0.0319987088442
            hip: 0.0193513985723
            jaz: 0.158844977617
            met: 0.347483843565
            pop: 0.0558361001313
            reg: 0.016103355214
            roc: 0.141858369112
        probability: 0.347483843565
        value: "met"
    live_studio:
        all:
            live: 0.403072297573
            studio: 0.596927702427
        probability: 0.596927702427
        value: "studio"
    mood:
        all:
            Cluster1: 0.422919511795
            Cluster2: 0.211578086019
            Cluster3: 0.0160047989339
            Cluster4: 0.0381859615445
            Cluster5: 0.311311632395
        probability: 0.422919511795
        value: "Cluster1"
    mood_acoustic:
        all:
            acoustic: 0.0206262525171
            not_acoustic: 0.979373753071
        probability: 0.979373753071
        value: "not_acoustic"
    mood_aggressive:
        all:
            aggressive: 0.986334741116
            not_aggressive: 0.0136652793735
        probability: 0.986334741116
        value: "aggressive"
    mood_electronic:
        all:
            electronic: 0.61856251955
            not_electronic: 0.381437450647
        probability: 0.61856251955
        value: "electronic"
    mood_happy:
        all:
            happy: 0.384929120541
            not_happy: 0.615070879459
        probability: 0.615070879459
        value: "not_happy"
    mood_party:
        all:
            not_party: 0.454520255327
            party: 0.545479774475
        probability: 0.545479774475
        value: "party"
    mood_relaxed:
        all:
            not_relaxed: 0.259623497725
            relaxed: 0.740376472473
        probability: 0.740376472473
        value: "relaxed"
    mood_sad:
        all:
            not_sad: 9.20396178117e-06
            sad: 0.999990820885
        probability: 0.999990820885
        value: "sad"
    rhythm:
        all:
            fast: 0.429524630308
            medium: 0.363357663155
            slow: 0.207117721438
        probability: 0.429524630308
        value: "fast"
    speech_music:
        all:
            music: 4.85824386634e-14
            speech: 1
        probability: 1
        value: "speech"
    timbre:
        all:
            bright: 0.262882709503
            dark: 0.737117290497
        probability: 0.737117290497
        value: "dark"
    voice_instrumental:
        all:
            instrumental: 0.704802334309
            voice: 0.295197665691
        probability: 0.704802334309
        value: "instrumental"

lowlevel:
    average_loudness: 0.982225716114
    barkbands_kurtosis:
        dmean: 0.271244823933
        dmean2: 0.451724261045
        dvar: 0.064033947885
        dvar2: 0.161960959435
        max: 0.577707052231
        mean: -1.09094905853
        min: -1.67962229252
        var: 0.111992917955
    barkbands_skewness:
        dmean: 0.237571612
        dmean2: 0.371319293976
        dvar: 0.0452420562506
        dvar2: 0.0977700129151
        max: 1.25597667694
        mean: 0.384161293507
        min: -0.646757602692
        var: 0.100908659399
    barkbands_spread:
        dmean: 3.65271854401
        dmean2: 6.00656890869
        dvar: 12.7553834915
        dvar2: 32.719203949
        max: 52.2517051697
        mean: 32.4584083557
        min: 20.8135795593
        var: 21.3662319183
    dissonance:
        dmean: 0.0163034498692
        dmean2: 0.0270691718906
        dvar: 0.00016073808365
        dvar2: 0.000417894130806
        max: 0.49978724122
        mean: 0.469337165356
        min: 0.393372863531
        var: 0.000327557732817
    hfc:
        dmean: 1.64222121239
        dmean2: 2.41431546211
        dvar: 4.1234164238
        dvar2: 6.37344026566
        max: 24.0607872009
        mean: 9.74955749512
        min: 4.13351345062
        var: 12.3351163864
    pitch:
        dmean: 475.108184814
        dmean2: 933.053588867
        dvar: 1252474.375
        dvar2: 3514477.5
        max: 4410
        mean: 495.599243164
        min: 62.1126747131
        var: 904843.6875
    pitch_instantaneous_confidence:
        dmean: 0.0608993805945
        dmean2: 0.0988749712706
        dvar: 0.00256430264562
        dvar2: 0.00602364912629
        max: 0.548957824707
        mean: 0.312805324793
        min: 0.143323838711
        var: 0.00619385251775
    pitch_salience:
        dmean: 0.0442389324307
        dmean2: 0.0752520859241
        dvar: 0.00165370514151
        dvar2: 0.0049312855117
        max: 0.847090005875
        mean: 0.711088359356
        min: 0.53320223093
        var: 0.00268694199622
    silence_rate_20dB:
        dmean: 0
        dmean2: 0
        dvar: 0
        dvar2: 0
        max: 1
        mean: 1
        min: 1
        var: 0
    silence_rate_30dB:
        dmean: 0
        dmean2: 0
        dvar: 0
        dvar2: 0
        max: 1
        mean: 1
        min: 1
        var: 0
    silence_rate_60dB:
        dmean: 0.00696055684239
        dmean2: 0.0139534883201
        dvar: 0.0069120596163
        dvar2: 0.018409807235
        max: 1
        mean: 0.0162037033588
        min: 0
        var: 0.0159413181245
    spectral_centroid:
        dmean: 202.154541016
        dmean2: 319.999053955
        dvar: 38948.609375
        dvar2: 80823.84375
        max: 2620.84936523
        mean: 1659.92578125
        min: 1076.98913574
        var: 92287.40625
    spectral_complexity:
        dmean: 3.85547780991
        dmean2: 6.17523384094
        dvar: 12.1842660904
        dvar2: 24.840801239
        max: 48
        mean: 21.6093025208
        min: 10
        var: 34.2519989014
    spectral_crest:
        dmean: 1.29270982742
        dmean2: 2.09641480446
        dvar: 1.2292239666
        dvar2: 3.23434329033
        max: 11.9190826416
        mean: 5.48157739639
        min: 2.69057154655
        var: 2.37808775902
    spectral_decrease:
        dmean: 2.33196323363e-10
        dmean2: 3.67880947927e-10
        dvar: 7.76510888649e-20
        dvar2: 1.92153591007e-19
        max: -5.98101290716e-10
        mean: -1.31284572102e-09
        min: -3.37279071339e-09
        var: 1.25878096721e-19
    spectral_energy:
        dmean: 0.000974884198513
        dmean2: 0.0015075878473
        dvar: 1.39219139328e-06
        dvar2: 3.32113950208e-06
        max: 0.0146348122507
        mean: 0.00583929428831
        min: 0.00270698452368
        var: 2.5271897357e-06
    spectral_energyband_high:
        dmean: 0.000183153650141
        dmean2: 0.000263081776211
        dvar: 4.50431549837e-08
        dvar2: 7.08133924832e-08
        max: 0.00227027060464
        mean: 0.000729221384972
        min: 0.000233727827435
        var: 1.48356605223e-07
    spectral_energyband_low:
        dmean: 0.00016628135927
        dmean2: 0.000291991600534
        dvar: 1.10966830391e-07
        dvar2: 3.13999947821e-07
        max: 0.00200300826691
        mean: 0.000227339915
        min: 1.18162042781e-05
        var: 8.16492757849e-08
    spectral_energyband_middle_high:
        dmean: 0.000397895899368
        dmean2: 0.000598254380748
        dvar: 1.43672480135e-07
        dvar2: 2.97972860608e-07
        max: 0.00531218433753
        mean: 0.00213053729385
        min: 0.000862810818944
        var: 4.46876015303e-07
    spectral_energyband_middle_low:
        dmean: 0.000801021349616
        dmean2: 0.00131387158763
        dvar: 8.25968697882e-07
        dvar2: 2.12274244404e-06
        max: 0.00853790156543
        mean: 0.00275219767354
        min: 0.000861113891006
        var: 1.08133792764e-06
    spectral_flatness_db:
        dmean: 0.00839910749346
        dmean2: 0.0137247703969
        dvar: 4.47990314569e-05
        dvar2: 0.000103331411083
        max: 0.154594510794
        mean: 0.113736450672
        min: 0.0846362933517
        var: 0.000113429756311
    spectral_flux:
        dmean: 0.00659599015489
        dmean2: 0.00949934124947
        dvar: 4.81129573018e-05
        dvar2: 8.14378945506e-05
        max: 0.0854050219059
        mean: 0.0425040125847
        min: 0.0256928429008
        var: 0.000119131342217
    spectral_kurtosis:
        dmean: 0.389125436544
        dmean2: 0.666092157364
        dvar: 0.134616196156
        dvar2: 0.330455005169
        max: 6.29501152039
        mean: 1.82899653912
        min: 0.874660015106
        var: 0.2250007689
    spectral_rms:
        dmean: 0.000189961967408
        dmean2: 0.000292570824968
        dvar: 4.041924484e-08
        dvar2: 9.47712095467e-08
        max: 0.00377860618755
        mean: 0.00236770138144
        min: 0.0016251031775
        var: 9.08613131401e-08
    spectral_rolloff:
        dmean: 298.654083252
        dmean2: 464.926208496
        dvar: 64148.3359375
        dvar2: 142688.921875
        max: 4672.70507812
        mean: 3662.64672852
        min: 2174.85351562
        var: 189567.28125
    spectral_skewness:
        dmean: 0.0861289650202
        dmean2: 0.136693239212
        dvar: 0.00734639447182
        dvar2: 0.0147519242018
        max: 2.33364510536
        mean: 1.16599667072
        min: 0.84441614151
        var: 0.014469361864
    spectral_spread:
        dmean: 275891.84375
        dmean2: 451300.25
        dvar: 226923462656
        dvar2: 291727081472
        max: 14842770
        mean: 5729962.5
        min: 4818418
        var: 336290643968
    spectral_strongpeak:
        dmean: 0.250317931175
        dmean2: 0.411027282476
        dvar: 0.0559255704284
        dvar2: 0.149870455265
        max: 2.13808465004
        mean: 0.613457739353
        min: 0.0391270779073
        var: 0.0951900035143
    zerocrossingrate:
        dmean: 0.00813233014196
        dmean2: 0.00930244196206
        dvar: 5.2278079238e-05
        dvar2: 6.63755563437e-05
        max: 0.1416015625
        mean: 0.0998080968857
        min: 0.04931640625
        var: 0.000225929776207
    barkbands:
        dmean: [1.25542328533e-07, 8.02883223514e-05, 0.000102804500784, 0.000138657298521, 0.000246155657806, 0.000201597620617, 0.000222654154641, 0.000239759130636, 0.000364877050743, 0.000161233518156, 8.59976498759e-05, 6.56554475427e-05, 5.67124297959e-05, 3.67774810002e-05, 3.89102788176e-05, 4.6980985644e-05, 9.58553864621e-05, 0.000109256558062, 0.000166417186847, 0.000140335818287, 9.88442479866e-05, 4.5774399041e-05, 8.89128659765e-06, 2.44876378019e-06, 1.40546228522e-06, 5.49301297781e-08, 4.81139172948e-09]
        dmean2: [2.16504119521e-07, 0.000143184341141, 0.000172445026692, 0.000236169464188, 0.000426196842454, 0.000334873562679, 0.000361663784133, 0.00039406309952, 0.000585281522945, 0.000260839093244, 0.000145538026118, 9.83538702712e-05, 8.77536367625e-05, 5.93315708102e-05, 6.30070644547e-05, 7.38278467907e-05, 0.000162773343618, 0.000170736762811, 0.000270553689916, 0.000231833342696, 0.000141931217513, 7.22454933566e-05, 1.38402356242e-05, 3.86765123039e-06, 2.31020521824e-06, 7.24371531646e-08, 5.12306819189e-09]
        dvar: [3.81794442795e-14, 3.34872822805e-08, 2.94751227869e-08, 4.75823256352e-08, 1.91479628597e-07, 6.91992028123e-08, 5.65850655221e-08, 6.14928765685e-08, 1.1909214237e-07, 2.59228052357e-08, 8.49080272758e-09, 5.1573763038e-09, 3.36691297065e-09, 1.44696610249e-09, 1.66159130899e-09, 1.88778526145e-09, 7.07006275746e-09, 1.26451311644e-08, 2.78638818685e-08, 2.17595061969e-08, 1.2067971511e-08, 1.88159443582e-09, 1.13947330738e-10, 4.46464740178e-12, 2.29470153816e-12, 9.82453525543e-15, 8.27124454269e-15]
        dvar2: [1.09780782555e-13, 9.83470869187e-08, 8.14245026959e-08, 1.24435274529e-07, 5.37615164831e-07, 1.837088206e-07, 1.45699630139e-07, 1.63144989074e-07, 3.55800665375e-07, 6.59392824787e-08, 2.36896191552e-08, 1.18234240176e-08, 7.61676854921e-09, 3.7336600478e-09, 4.06883460258e-09, 5.10430675504e-09, 2.03943208987e-08, 2.85108754383e-08, 5.83540114008e-08, 5.67862947776e-08, 2.01566550118e-08, 3.78376618926e-09, 2.6255742025e-10, 9.83587430253e-12, 5.18250980325e-12, 1.22905403913e-14, 8.28434814238e-15]
        max: [1.14511897209e-06, 0.0010650359327, 0.00115058326628, 0.00185381493066, 0.00321981776506, 0.00222790194675, 0.00234983069822, 0.00221529370174, 0.00304894708097, 0.00160330347717, 0.00114591734018, 0.000836412480567, 0.000516059750225, 0.000351730268449, 0.00035277439747, 0.000413259433117, 0.00069717183942, 0.00119709107094, 0.00151519209612, 0.00150311889593, 0.00113626464736, 0.00047540126252, 9.74089780357e-05, 2.51867932093e-05, 1.48637291204e-05, 1.88776846244e-06, 1.88695037195e-06]
        mean: [1.41424706612e-07, 8.55283942656e-05, 0.000141673895996, 0.000170479906956, 0.00036833982449, 0.000332155294018, 0.000416877912357, 0.000468860438559, 0.00095681095263, 0.00033498974517, 0.00017540314002, 0.000143189521623, 0.000133871464641, 8.08479162515e-05, 8.61022126628e-05, 0.000111969035061, 0.000224476578296, 0.000273551268037, 0.000439872150309, 0.000418537209043, 0.0003042621247, 0.000129988897243, 2.59700318566e-05, 1.06880288513e-05, 4.58361455458e-06, 1.23146548958e-07, 5.08639352859e-09]
        min: [3.41059486209e-10, 2.11218821278e-06, 4.14998476117e-06, 5.0139274208e-06, 1.77445763256e-05, 3.7695338051e-06, 1.32272598421e-05, 5.37993255421e-05, 7.95558080426e-05, 2.49429976975e-05, 1.51033409566e-05, 9.86305803963e-06, 1.17790832519e-05, 6.69157589073e-06, 8.78322134668e-06, 1.77686561074e-05, 5.92373471591e-05, 4.43986173195e-05, 0.000114512571599, 0.000113932481327, 6.5340398578e-05, 3.36712291755e-05, 9.16910448723e-06, 3.18848356073e-06, 1.25103622395e-06, 1.16357572466e-08, 1.13432102253e-11]
        var: [4.68399089318e-14, 2.19753708564e-08, 2.51629348469e-08, 4.41708820631e-08, 1.52001376819e-07, 9.80021255259e-08, 9.52864809278e-08, 1.22027245197e-07, 2.87033742552e-07, 6.05926757657e-08, 2.27229186578e-08, 1.22477414877e-08, 9.00194674358e-09, 2.94154145486e-09, 3.60023522106e-09, 3.85850151829e-09, 1.10648796792e-08, 2.45712552527e-08, 5.8305442252e-08, 4.4073516392e-08, 3.99018453834e-08, 4.70013050702e-09, 2.21025323044e-10, 1.84331543085e-11, 7.67175038774e-12, 2.12475589017e-14, 8.25524832548e-15]
    mfcc:
        mean: [-652.797607422, 91.2545776367, -30.9464569092, 36.8913536072, -35.5812568665, -12.4461584091, -4.72065591812, -0.0742174983025, 2.26866292953, -2.06661558151, -0.257455974817, -2.12801289558, -5.02567005157]
        cov: [[178.72845459, -67.6427764893, -30.7421417236, 0.737608134747, 0.890702843666, 14.6788692474, -4.24949216843, -38.0471878052, -4.49222612381, -10.617430687, 9.88257598877, -19.4992027283, -26.0296802521], [-67.6427764893, 115.962356567, 17.8274745941, -1.97280561924, 10.0991287231, -9.10971450806, -5.25792741776, 12.4529781342, -15.0620298386, 3.28514480591, -11.2155218124, 13.6611452103, 16.1823482513], [-30.7421417236, 17.8274745941, 52.1251182556, 25.3930282593, 11.7371864319, 8.06613349915, 9.8050327301, 10.7058086395, 10.6691741943, 5.90499305725, 4.30168199539, 6.94202423096, 9.228474617], [0.737608134747, -1.97280561924, 25.3930282593, 44.2224655151, 16.4260578156, 7.17717599869, 2.69024181366, 1.76456475258, 2.90258908272, -3.72796225548, 2.72507882118, 1.81975376606, 4.57936954498], [0.890702843666, 10.0991287231, 11.7371864319, 16.4260578156, 31.4133930206, 16.9275226593, 9.68935680389, 8.81621932983, 8.37147903442, 7.43686151505, 6.61061906815, 6.05714082718, 4.23901891708], [14.6788692474, -9.10971450806, 8.06613349915, 7.17717599869, 16.9275226593, 33.2406196594, 19.520526886, 12.3050518036, 12.1284313202, 7.90941476822, 8.94551753998, 4.35224533081, 3.83777356148], [-4.24949216843, -5.25792741776, 9.8050327301, 2.69024181366, 9.68935680389, 19.520526886, 38.9126243591, 25.0651798248, 17.7637767792, 11.8517341614, 7.16442060471, 7.24688577652, 9.19257831573], [-38.0471878052, 12.4529781342, 10.7058086395, 1.76456475258, 8.81621932983, 12.3050518036, 25.0651798248, 51.1581535339, 22.5433197021, 11.5506095886, 4.7901134491, 10.6676197052, 14.5147380829], [-4.49222612381, -15.0620298386, 10.6691741943, 2.90258908272, 8.37147903442, 12.1284313202, 17.7637767792, 22.5433197021, 42.2705230713, 22.7555160522, 9.47686958313, 3.79807782173, 1.42812621593], [-10.617430687, 3.28514480591, 5.90499305725, -3.72796225548, 7.43686151505, 7.90941476822, 11.8517341614, 11.5506095886, 22.7555160522, 35.4985351562, 15.3204612732, 6.27243709564, 0.481702446938], [9.88257598877, -11.2155218124, 4.30168199539, 2.72507882118, 6.61061906815, 8.94551753998, 7.16442060471, 4.7901134491, 9.47686958313, 15.3204612732, 28.9544639587, 11.9074363708, 3.23824906349], [-19.4992027283, 13.6611452103, 6.94202423096, 1.81975376606, 6.05714082718, 4.35224533081, 7.24688577652, 10.6676197052, 3.79807782173, 6.27243709564, 11.9074363708, 37.1631965637, 23.6678886414], [-26.0296802521, 16.1823482513, 9.228474617, 4.57936954498, 4.23901891708, 3.83777356148, 9.19257831573, 14.5147380829, 1.42812621593, 0.481702446938, 3.23824906349, 23.6678886414, 39.0224456787]]
        icov: [[0.010892264545, 0.00235805823468, 0.0060896743089, -0.00183612434193, -0.00100190669764, -0.00571815157309, -0.00252332701348, 0.00864391960204, -0.00295524997637, 0.00507064070553, -0.00530266482383, 0.00243999599479, 0.00211920589209], [0.00235805823468, 0.0165493637323, -0.00662696035579, 0.00574434688315, -0.0103021021932, 0.00456438306719, 0.00390957528725, -0.00552892778069, 0.0125228418037, -0.00880105327815, 0.00919994432479, -0.00375317432918, -0.0014278430026], [0.0060896743089, -0.00662696035579, 0.0370576232672, -0.0213536117226, 0.0056510833092, -0.00622163619846, -0.00601221388206, 0.00699944235384, -0.0105457799509, 0.00298169720918, -0.00592652335763, 0.00174152455293, -0.000852191529702], [-0.00183612434193, 0.00574434688315, -0.0213536117226, 0.0434728264809, -0.0226970631629, 0.00573952030391, 0.00367427268066, -0.00107087893412, 0.00160637625959, 0.00869555026293, -0.00115809484851, 0.00261329906061, -0.00387975899503], [-0.00100190669764, -0.0103021021932, 0.0056510833092, -0.0226970631629, 0.0628598928452, -0.027552915737, 0.00103602663148, 0.000169066188391, -0.00520232040435, -0.00483792927116, -0.00305716181174, -0.00369375827722, 0.00324949994683], [-0.00571815157309, 0.00456438306719, -0.00622163619846, 0.00573952030391, -0.027552915737, 0.0621183589101, -0.0198323838413, -0.00468922080472, 0.0013906264212, 0.000218212109758, -0.00383570790291, 0.000877784972545, -0.00187692034524], [-0.00252332701348, 0.00390957528725, -0.00601221388206, 0.00367427268066, 0.00103602663148, -0.0198323838413, 0.0528161600232, -0.0198435299098, 6.42591403448e-05, -0.00842408370227, 0.00443650828674, -0.000941272359341, -0.00523249711841], [0.00864391960204, -0.00552892778069, 0.00699944235384, -0.00107087893412, 0.000169066188391, -0.00468922080472, -0.0198435299098, 0.0455590970814, -0.0219658333808, 0.0110663920641, -0.00638510799035, 0.00270796939731, -0.00574496202171], [-0.00295524997637, 0.0125228418037, -0.0105457799509, 0.00160637625959, -0.00520232040435, 0.0013906264212, 6.42591403448e-05, -0.0219658333808, 0.0587651021779, -0.0343609787524, 0.0115137584507, -0.00300526386127, 0.00286545651034], [0.00507064070553, -0.00880105327815, 0.00298169720918, 0.00869555026293, -0.00483792927116, 0.000218212109758, -0.00842408370227, 0.0110663920641, -0.0343609787524, 0.0656191185117, -0.0305123254657, 0.00344534195028, 0.0045686927624], [-0.00530266482383, 0.00919994432479, -0.00592652335763, -0.00115809484851, -0.00305716181174, -0.00383570790291, 0.00443650828674, -0.00638510799035, 0.0115137584507, -0.0305123254657, 0.0638364627957, -0.0224187541753, 0.00447970023379], [0.00243999599479, -0.00375317432918, 0.00174152455293, 0.00261329906061, -0.00369375827722, 0.000877784972545, -0.000941272359341, 0.00270796939731, -0.00300526386127, 0.00344534195028, -0.0224187541753, 0.0544718764722, -0.0291155390441], [0.00211920589209, -0.0014278430026, -0.000852191529702, -0.00387975899503, 0.00324949994683, -0.00187692034524, -0.00523249711841, -0.00574496202171, 0.00286545651034, 0.0045686927624, 0.00447970023379, -0.0291155390441, 0.0486160852015]]
    spectral_contrast:
        mean: [5.03839032717e-07, 9.98897586868e-09, -5.66651294776e-07, -4.95290350955e-08, 2.3141849681e-07, 1.84739747056e-07, 1.46814556956e-06, 1.87881551028e-06, -4.23123680093e-07, -5.91472144151e-07, -2.18402510654e-06, 9.53674330617e-08]
        var: [0.000108501757495, 0.000246712676017, 0.000583464687224, 0.00137024221476, 0.00157453527208, 0.00212675216608, 0.0123678548262, 0.0332585051656, 0.0823962166905, 0.102815806866, 0.123984031379, 0.222405016422]

rhythm:
    beats_loudness:
        dmean: 0.00271780928597
        dmean2: 0.00515444017947
        dvar: 3.73555781152e-06
        dvar2: 9.05806791707e-06
        max: 0.0103131206706
        mean: 0.00636537093669
        min: 0.00353541737422
        var: 4.61355966763e-06
    beats_loudness_bass:
        dmean: 0.080045774579
        dmean2: 0.146543696523
        dvar: 0.0102665638551
        dvar2: 0.0277514830232
        max: 0.366923242807
        mean: 0.0865025520325
        min: 0.0121495965868
        var: 0.00722513813525
    bpm: 130.628662109
    bpm_confidence: 0
    first_peak_bpm: 131
    first_peak_spread: 0
    first_peak_weight: 0.950000047684
    onset_rate: 1.99381506443
    second_peak_bpm: 82
    second_peak_spread: 0
    second_peak_weight: 0.0500000007451
    beats_position: [0.229522302747, 0.688233971596, 1.14694571495, 1.6056573391, 2.06436920166, 2.52308082581, 2.98179244995, 3.4405040741, 3.89921593666, 4.35792779922, 4.81663942337, 5.27535104752, 6.00398349762, 6.46377801895, 6.92357349396, 7.38336801529, 7.84316301346, 8.30295753479, 8.76275253296, 9.22254753113, 9.6823425293]
    bpm_estimates: [130.772598267, 130.747528076, 130.498001099, 130.941680908, 130.774017334, 131.023330688, 130.851974487, 130.084732056, 130.835067749, 130.441436768, 130.944488525, 129.590988159, 130.237289429, 130.789031982, 130.793624878, 130.732757568]
    bpm_intervals: [0.45871168375, 0.458711743355, 0.458711624146, 0.458711862564, 0.458711624146, 0.458711624146, 0.458711624146, 0.458711862564, 0.458711862564, 0.458711624146, 0.458711624146, 0.728632450104, 0.459794521332, 0.459795475006, 0.459794521332, 0.459794998169, 0.459794521332, 0.459794998169, 0.459794998169, 0.459794998169]
    onset_times: [0.0580498874187, 0.220589563251, 0.452789127827, 0.684988677502, 0.917188227177, 1.18421769142, 1.6137868166, 2.06657600403, 2.53097510338, 2.99537420273, 3.44816327095, 4.37696123123, 5.29414987564, 6.22294807434, 7.14013624191, 7.83673477173, 8.06893444061, 8.3011341095, 8.99773216248, 9.91492080688]
    rubato_start: []
    rubato_stop: []
    perceptual_tempo: "unknown"

sfx:
    inharmonicity:
        dmean: 0.0550895184278
        dmean2: 0.0960780233145
        dvar: 0.00235500442795
        dvar2: 0.00641489122063
        max: 0.342434942722
        mean: 0.07330468297
        min: 0.00076591107063
        var: 0.00282521802001
    oddtoevenharmonicenergyratio:
        dmean: 1.03752982616
        dmean2: 1.83064854145
        dvar: 2.10120391846
        dvar2: 4.77419614792
        max: 17.1433448792
        mean: 0.934646189213
        min: 0.00808687321842
        var: 1.93174362183
    pitch_after_max_to_before_max_energy_ratio: 0.385476142168
    pitch_centroid: 175.653152466
    pitch_max_to_total: 0.530232548714
    pitch_min_to_total: 0.106976747513
    tristimulus:
        dmean: [0.165871784091, 0.19375500083, 0.152526840568]
        dmean2: [0.293367177248, 0.344111353159, 0.268780052662]
        dvar: [0.0181144978851, 0.0289304647595, 0.0128980353475]
        dvar2: [0.0533338934183, 0.0852586552501, 0.0334708988667]
        max: [0.84819829464, 0.921485602856, 0.561967790127]
        mean: [0.319237917662, 0.472974389791, 0.175422787666]
        min: [0.0290672406554, 0, 0]
        var: [0.0234184283763, 0.0344684235752, 0.0185374319553]

tonal:
    chords_changes_rate: 0.0694444477558
    chords_number_rate: 0.0231481473893
    chords_strength:
        dmean: 0.00923256669194
        dmean2: 0.00909879617393
        dvar: 5.12349215569e-05
        dvar2: 5.98861879553e-05
        max: 0.616897106171
        mean: 0.449923783541
        min: 0.343331634998
        var: 0.00481290509924
    key_strength: 0.611405670643
    tuning_diatonic_strength: 0.48447778821
    tuning_equal_tempered_deviation: 0.0443205088377
    tuning_frequency: 443.572570801
    tuning_nontempered_energy_ratio: 0.656897187233
    hpcp:
        dmean: [0.0966727286577, 0.0766534134746, 0.084420979023, 0.0816193223, 0.07605022192, 0.13121189177, 0.189023241401, 0.136395946145, 0.130863174796, 0.137017980218, 0.103710718453, 0.130683630705, 0.192685499787, 0.167095348239, 0.133972078562, 0.106032691896, 0.0904373899102, 0.145358249545, 0.125316411257, 0.158332750201, 0.13736499846, 0.136913523078, 0.121714189649, 0.147278338671, 0.183950349689, 0.157676756382, 0.145212814212, 0.175394386053, 0.154130622745, 0.140328511596, 0.132153809071, 0.118897601962, 0.160393610597, 0.201737597585, 0.161535799503, 0.126659348607]
        dmean2: [0.162259534001, 0.129840880632, 0.140559971333, 0.134758293629, 0.119281031191, 0.217153787613, 0.308266013861, 0.233495861292, 0.21788802743, 0.231439620256, 0.175190970302, 0.21981485188, 0.325540602207, 0.278203129768, 0.22894090414, 0.180110827088, 0.146267950535, 0.24626468122, 0.207857787609, 0.264634132385, 0.222177669406, 0.224619746208, 0.193531692028, 0.241854652762, 0.324098080397, 0.26903039217, 0.234408855438, 0.291364789009, 0.258685052395, 0.251768529415, 0.232827246189, 0.20634816587, 0.275792360306, 0.333284467459, 0.269785046577, 0.207493647933]
        dvar: [0.0119839068502, 0.00659756176174, 0.00802893564105, 0.00753434188664, 0.00561723439023, 0.0178159605712, 0.0424777790904, 0.0262204706669, 0.0274138450623, 0.0308963246644, 0.0126582253724, 0.0202348474413, 0.0515205301344, 0.0270253736526, 0.0201512333006, 0.0220402851701, 0.0161308906972, 0.0232400987297, 0.0286258533597, 0.0284072253853, 0.0228826291859, 0.0287329666317, 0.0166889578104, 0.0316683650017, 0.0530235655606, 0.0308480393142, 0.0261894520372, 0.0310874134302, 0.0206543561071, 0.0361121296883, 0.0361085496843, 0.0280947554857, 0.0239828303456, 0.0357933714986, 0.0234307423234, 0.0179504659027]
        dvar2: [0.0310444105417, 0.0172150433064, 0.0233348365873, 0.0220853704959, 0.0129182953387, 0.0462405607104, 0.10419473052, 0.0697771087289, 0.0714681372046, 0.0745029747486, 0.0327219888568, 0.0432117916644, 0.106796555221, 0.0743996575475, 0.0559888929129, 0.066770285368, 0.0452623963356, 0.0615060664713, 0.0652132108808, 0.0687040686607, 0.0679682269692, 0.0640009939671, 0.0393617078662, 0.0791816785932, 0.126400202513, 0.083916425705, 0.0722157433629, 0.0764349475503, 0.0563761480153, 0.0989109575748, 0.0985352024436, 0.0762886032462, 0.066181384027, 0.0835592597723, 0.0581479743123, 0.0473975464702]
        max: [0.748334348202, 0.555433273315, 0.612309873104, 0.661801874638, 0.583290934563, 0.884891986847, 1, 1, 1, 1, 0.848068594933, 0.947704792023, 1, 1, 1, 1, 0.865559339523, 0.80659610033, 1, 1, 1, 1, 1, 1, 1, 1, 1, 1, 0.849506855011, 1, 1, 1, 1, 1, 1, 0.896358132362]
        mean: [0.160449758172, 0.136580735445, 0.149119794369, 0.154714941978, 0.14664041996, 0.251483976841, 0.360766589642, 0.268766075373, 0.211800664663, 0.217760443687, 0.16619284451, 0.27658778429, 0.439231485128, 0.351362854242, 0.199362680316, 0.155963525176, 0.136796653271, 0.246124863625, 0.429265260696, 0.337947994471, 0.219754964113, 0.29269862175, 0.245589450002, 0.217892289162, 0.269085049629, 0.218353658915, 0.263549089432, 0.341488987207, 0.243296310306, 0.164971798658, 0.158760428429, 0.148560017347, 0.271813362837, 0.436802983284, 0.345045089722, 0.19845841825]
        min: [0.0329212993383, 0.0186061747372, 0.031551413238, 0.0289950743318, 0.033959724009, 0.0295510645956, 0.0282149780542, 0.0302470512688, 0.0276821944863, 0.0273684822023, 0.0311137847602, 0.0347746238112, 0.0203760154545, 0.0329850353301, 0.032681286335, 0.0317345000803, 0.0261944010854, 0.0233674235642, 0.031021669507, 0.025008097291, 0.0127728953958, 0.0161959566176, 0.0156314130872, 0.0253946650773, 0.0155784096569, 0.0156498104334, 0.0256310552359, 0.0257455352694, 0.0173131208867, 0.012847173959, 0.0197073686868, 0.0177860539407, 0.030582267791, 0.0606785230339, 0.0508484318852, 0.0289916116744]
        var: [0.0143720880151, 0.00826086010784, 0.0101633239537, 0.00969789735973, 0.00856844428927, 0.0375055484474, 0.093832321465, 0.0456717275083, 0.027120064944, 0.0314367040992, 0.0134938135743, 0.0394238010049, 0.112341083586, 0.0537199117243, 0.0229280479252, 0.0204584430903, 0.0162348411977, 0.0345426462591, 0.145559683442, 0.0868548080325, 0.0349967218935, 0.101066149771, 0.053060952574, 0.0402637422085, 0.0760901048779, 0.0405151620507, 0.048203188926, 0.0787460207939, 0.0314720645547, 0.0295042656362, 0.0306998696178, 0.0250671710819, 0.0315144695342, 0.0778350681067, 0.0485437177122, 0.0224824938923]
    chords_histogram: [41.6666679382, 8.33333301544, 19.9074077606, 10.1851854324, 0, 0, 0, 19.9074077606, 0, 0, 0, 0, 0, 0, 0, 0, 0, 0, 0, 0, 0, 0, 0, 0]
    thpcp: [1, 0.799949169159, 0.453889787197, 0.35508275032, 0.311445474625, 0.560353398323, 0.977309882641, 0.769407510757, 0.500316977501, 0.666388094425, 0.559134423733, 0.496076196432, 0.612626969814, 0.497126609087, 0.600023210049, 0.777469277382, 0.553913652897, 0.375591933727, 0.361450463533, 0.338227152824, 0.61883854866, 0.994471013546, 0.785565495491, 0.451831042767, 0.365296572447, 0.310953885317, 0.339501619339, 0.352240085602, 0.333856791258, 0.572554528713, 0.821358680725, 0.611900746822, 0.482207387686, 0.495776027441, 0.37837189436, 0.629708468914]
    chords_key: "C#"
    chords_scale: "minor"
    key_key: "C#"
    key_scale: "minor"
    chords_progression: ["E", "E", "E", "E", "E", "E", "C#m", "C#m", "C#m", "C#m", "C#m", "C#m", "C#m", "C#m", "C#", "C#", "C#", "C#", "C#m", "C#m", "C#m", "G#m", "G#m", "G#m", "G#m", "G#m", "G#m", "G#m", "G#m", "G#m", "G#m", "G#m", "G#m", "G#m", "B", "B", "B", "B", "B", "B", "B", "B", "B", "B", "B", "B", "G#m", "G#m", "G#m", "G#m", "G#m", "G#m", "G#m", "G#m", "G#m", "E", "E", "E", "E", "E", "E", "E", "E", "E", "C#m", "C#m", "C#m", "C#m", "C#m", "C#m", "C#m", "C#m", "C#m", "C#m", "C#m", "C#m", "C#m", "C#m", "C#m", "C#m", "C#m", "C#m", "C#m", "C#m", "C#m", "C#m", "C#m", "C#m", "C#m", "C#m", "C#m", "C#m", "C#m", "C#m", "C#m", "C#m", "C#m", "C#m", "C#m", "C#m", "C#m", "C#m", "C#m", "C#m", "C#m", "C#m", "C#m", "C#m", "C#m", "C#m", "C#m", "C#m", "C#m", "C#m", "C#m", "C#m", "C#m", "C#m", "C#m", "C#m", "C#m", "C#m", "C#m", "C#m", "C#m", "C#m", "C#m", "C#m", "C#m", "C#m", "C#m", "C#m", "C#m", "C#m", "C#m", "C#m", "C#m", "C#m", "C#m", "C#m", "C#m", "C#m", "C#m", "C#", "C#", "C#", "C#", "C#", "C#", "C#", "C#", "C#", "C#", "C#", "C#", "C#", "C#", "C#", "C#", "C#", "C#", "C#", "C#", "C#", "C#", "C#", "C#", "C#", "C#", "C#", "C#", "C#", "C#", "C#", "C#", "C#", "C#", "C#", "C#", "C#", "C#", "C#", "G#m", "G#m", "G#m", "G#m", "G#m", "G#m", "G#m", "B", "G#m", "B", "B", "B", "B", "B", "B", "B", "B", "B", "G#m", "G#m", "G#m", "G#m", "G#m", "G#m", "G#m", "G#m", "G#m", "G#m", "G#m", "G#m", "G#m", "E", "E", "E"]
