
metadata:
    version:
        essentia: "1.2.2"
    audio_properties:
        analysis_sample_rate: 44100
        bitrate: 128
        channels: 2
        equal_loudness: 1
        length: 10.0048980713
        replay_gain: -11.7523365021
        downmix: "mix"
    tags:
        track: 33
        year: 0
        album: "Splitted by Mp3Splt v. 2.1"
        artist: "From 005.20 To 005.30"
        comment: "http://mp3splt.sf.net"
        genre: ""
        title: "04 Swastika Eyes [Jagz Kooner"

highlevel:
    ballroom:
        all:
            ChaChaCha: 0.0641980320215
            Jive: 0.0738132447004
            Quickstep: 0.0132999131456
            Rumba-American: 0.016798466444
            Rumba-International: 0.591584861279
            Rumba-Misc: 0.0395926721394
            Samba: 0.0338311456144
            Tango: 0.0071156648919
            VienneseWaltz: 0.133741304278
            Waltz: 0.0260247029364
        probability: 0.591584861279
        value: "Rumba-International"
    culture:
        all:
            non_western: 0.653869450092
            western: 0.346130520105
        probability: 0.653869450092
        value: "non_western"
    gender:
        all:
            female: 0.735256671906
            male: 0.264743328094
        probability: 0.735256671906
        value: "female"
    genre_dortmund:
        all:
            alternative: 0.110563762486
            blues: 0.00208951719105
            electronic: 0.632689833641
            folkcountry: 0.0387076698244
            funksoulrnb: 0.00132300134283
            jazz: 0.0158130973577
            pop: 0.0650147348642
            raphiphop: 0.00290718651377
            rock: 0.130891188979
        probability: 0.632689833641
        value: "electronic"
    genre_electronica:
        all:
            ambient: 0.433288455009
            dnb: 0.0585529021919
            house: 0.0211813300848
            techno: 0.032141700387
            trance: 0.454835623503
        probability: 0.454835623503
        value: "trance"
    genre_rosamerica:
        all:
            cla: 0.047000978142
            dan: 0.0539425462484
            hip: 0.00842035841197
            jaz: 0.0777017250657
            pop: 0.0511197149754
            rhy: 0.0429185070097
            roc: 0.713916242123
            spe: 0.00497989682481
        probability: 0.713916242123
        value: "roc"
    genre_tzanetakis:
        all:
            blu: 0.0180291924626
            cla: 0.0963424965739
            cou: 0.0547821819782
            dis: 0.0386717617512
            hip: 0.0189887452871
            jaz: 0.283893227577
            met: 0.0802276283503
            pop: 0.0808689370751
            reg: 0.100673802197
            roc: 0.227522030473
        probability: 0.283893227577
        value: "jaz"
    live_studio:
        all:
            live: 0.427294015884
            studio: 0.572705984116
        probability: 0.572705984116
        value: "studio"
    mood:
        all:
            Cluster1: 0.303820937872
            Cluster2: 0.0250088069588
            Cluster3: 0.234712064266
            Cluster4: 0.0230467431247
            Cluster5: 0.413411438465
        probability: 0.413411438465
        value: "Cluster5"
    mood_acoustic:
        all:
            acoustic: 0.0698276311159
            not_acoustic: 0.930172383785
        probability: 0.930172383785
        value: "not_acoustic"
    mood_aggressive:
        all:
            aggressive: 0.741708338261
            not_aggressive: 0.258291691542
        probability: 0.741708338261
        value: "aggressive"
    mood_electronic:
        all:
            electronic: 0.962776660919
            not_electronic: 0.0372233614326
        probability: 0.962776660919
        value: "electronic"
    mood_happy:
        all:
            happy: 0.132018998265
            not_happy: 0.867981016636
        probability: 0.867981016636
        value: "not_happy"
    mood_party:
        all:
            not_party: 0.942503452301
            party: 0.0574965551496
        probability: 0.942503452301
        value: "not_party"
    mood_relaxed:
        all:
            not_relaxed: 0.3079816401
            relaxed: 0.692018330097
        probability: 0.692018330097
        value: "relaxed"
    mood_sad:
        all:
            not_sad: 0.191975727677
            sad: 0.808024287224
        probability: 0.808024287224
        value: "sad"
    rhythm:
        all:
            fast: 0.586877465248
            medium: 0.177389726043
            slow: 0.235732808709
        probability: 0.586877465248
        value: "fast"
    speech_music:
        all:
            music: 0.999456942081
            speech: 0.000543051748537
        probability: 0.999456942081
        value: "music"
    timbre:
        all:
            bright: 0.0597164779902
            dark: 0.940283536911
        probability: 0.940283536911
        value: "dark"
    voice_instrumental:
        all:
            instrumental: 0.971574783325
            voice: 0.0284251924604
        probability: 0.971574783325
        value: "instrumental"

lowlevel:
    average_loudness: 0.975028276443
    barkbands_kurtosis:
        dmean: 2.5609805584
        dmean2: 3.93084812164
        dvar: 11.6031103134
        dvar2: 23.8949661255
        max: 34.1289634705
        mean: 2.09471487999
        min: -1.81452274323
        var: 33.0972442627
    barkbands_skewness:
        dmean: 0.717185854912
        dmean2: 1.06947422028
        dvar: 0.285836815834
        dvar2: 0.662342131138
        max: 5.30987977982
        mean: 1.38336527348
        min: -0.972807228565
        var: 1.19222545624
    barkbands_spread:
        dmean: 7.10960149765
        dmean2: 11.5905628204
        dvar: 30.3313560486
        dvar2: 71.6914138794
        max: 51.0121040344
        mean: 26.1926803589
        min: 3.74104714394
        var: 90.299911499
    dissonance:
        dmean: 0.0182098615915
        dmean2: 0.0298354122788
        dvar: 0.000245660601649
        dvar2: 0.000607060617767
        max: 0.497210532427
        mean: 0.464821726084
        min: 0.314425736666
        var: 0.000433516717749
    hfc:
        dmean: 1.63898086548
        dmean2: 2.69141173363
        dvar: 3.06468987465
        dvar2: 7.01436948776
        max: 15.3934650421
        mean: 3.92033171654
        min: 0.0178436376154
        var: 5.59433889389
    pitch:
        dmean: 466.934112549
        dmean2: 931.501403809
        dvar: 1302545.875
        dvar2: 3499357
        max: 3675
        mean: 426.085388184
        min: 88.5542144775
        var: 838771.25
    pitch_instantaneous_confidence:
        dmean: 0.134206354618
        dmean2: 0.206786930561
        dvar: 0.00952161941677
        dvar2: 0.023139514029
        max: 0.796350955963
        mean: 0.48087477684
        min: 0.133844137192
        var: 0.0228916238993
    pitch_salience:
        dmean: 0.10509275645
        dmean2: 0.165471464396
        dvar: 0.00871843285859
        dvar2: 0.0197466406971
        max: 0.824125468731
        mean: 0.565643727779
        min: 0.23280954361
        var: 0.0214893911034
    silence_rate_20dB:
        dmean: 0
        dmean2: 0
        dvar: 0
        dvar2: 0
        max: 1
        mean: 1
        min: 1
        var: 0
    silence_rate_30dB:
        dmean: 0
        dmean2: 0
        dvar: 0
        dvar2: 0
        max: 1
        mean: 1
        min: 1
        var: 0
    silence_rate_60dB:
        dmean: 0.113689094782
        dmean2: 0.22790697217
        dvar: 0.100763686001
        dvar2: 0.213174238801
        max: 1
        mean: 0.215277776122
        min: 0
        var: 0.168932244182
    spectral_centroid:
        dmean: 319.075714111
        dmean2: 511.798614502
        dvar: 75069.5703125
        dvar2: 185046.265625
        max: 2502.61523438
        mean: 868.945129395
        min: 215.190628052
        var: 173853.125
    spectral_complexity:
        dmean: 4.10465097427
        dmean2: 6.59440565109
        dvar: 18.1495056152
        dvar2: 44.4835205078
        max: 33
        mean: 10.9628772736
        min: 0
        var: 31.9800624847
    spectral_crest:
        dmean: 3.25721001625
        dmean2: 5.04145765305
        dvar: 7.16880226135
        dvar2: 15.623837471
        max: 19.8102645874
        mean: 9.24567890167
        min: 2.57608127594
        var: 18.9170532227
    spectral_decrease:
        dmean: 3.45240530608e-10
        dmean2: 5.11950426496e-10
        dvar: 1.0133306947e-19
        dvar2: 1.79016347292e-19
        max: -9.4084826735e-12
        mean: -1.21041532353e-09
        min: -3.05917891019e-09
        var: 3.61300859336e-19
    spectral_energy:
        dmean: 0.0013735370012
        dmean2: 0.00204554572701
        dvar: 1.57731994932e-06
        dvar2: 2.8526665119e-06
        max: 0.0118819987401
        mean: 0.00492397276685
        min: 3.71281130356e-05
        var: 5.51883567823e-06
    spectral_energyband_high:
        dmean: 6.7095963459e-05
        dmean2: 0.00011042728147
        dvar: 7.43634576139e-09
        dvar2: 1.58897464075e-08
        max: 0.000790620804764
        mean: 0.000104569822724
        min: 3.7448552348e-07
        var: 1.17923057985e-08
    spectral_energyband_low:
        dmean: 0.000383401260478
        dmean2: 0.000578614475671
        dvar: 1.69784371451e-07
        dvar2: 4.3760491053e-07
        max: 0.00295869004913
        mean: 0.000748256454244
        min: 3.884198577e-06
        var: 3.8263578972e-07
    spectral_energyband_middle_high:
        dmean: 0.000534248189069
        dmean2: 0.000872322299983
        dvar: 3.13429126209e-07
        dvar2: 7.55624455451e-07
        max: 0.00448513729498
        mean: 0.00108884985093
        min: 4.0728878048e-06
        var: 5.20663661518e-07
    spectral_energyband_middle_low:
        dmean: 0.00099367077928
        dmean2: 0.00146490358748
        dvar: 8.69448513185e-07
        dvar2: 1.48758203977e-06
        max: 0.00893964245915
        mean: 0.0029821540229
        min: 2.87965376629e-05
        var: 3.23615722664e-06
    spectral_flatness_db:
        dmean: 0.0224048569798
        dmean2: 0.0338718406856
        dvar: 0.000315340526868
        dvar2: 0.000671391491778
        max: 0.304002642632
        mean: 0.170569092035
        min: 0.111820012331
        var: 0.00135271914769
    spectral_flux:
        dmean: 0.00902960076928
        dmean2: 0.0152390953153
        dvar: 6.39886202407e-05
        dvar2: 0.000174035361852
        max: 0.0667682662606
        mean: 0.0345504283905
        min: 0.0060932841152
        var: 0.000102146994323
    spectral_kurtosis:
        dmean: 1.692101717
        dmean2: 2.9215233326
        dvar: 2.48196315765
        dvar2: 7.40014410019
        max: 15.9730472565
        mean: 5.19245767593
        min: 1.38357019424
        var: 3.7733604908
    spectral_rms:
        dmean: 0.000320261257002
        dmean2: 0.000483152864035
        dvar: 8.09952922509e-08
        dvar2: 1.47130705841e-07
        max: 0.00340473116376
        mean: 0.00212936382741
        min: 0.000190322229173
        var: 2.69679787834e-07
    spectral_rolloff:
        dmean: 836.890380859
        dmean2: 1384.85095215
        dvar: 527470.75
        dvar2: 1214918.625
        max: 3919.04296875
        mean: 1881.93078613
        min: 172.265625
        var: 1190995.625
    spectral_skewness:
        dmean: 0.259665638208
        dmean2: 0.444476336241
        dvar: 0.053057577461
        dvar2: 0.137132644653
        max: 3.14300012589
        mean: 1.6268838644
        min: 0.8139975667
        var: 0.11189982295
    spectral_spread:
        dmean: 468887.8125
        dmean2: 682430.3125
        dvar: 306911576064
        dvar2: 550601424896
        max: 12169651
        mean: 3721671.75
        min: 2690668
        var: 469952790528
    spectral_strongpeak:
        dmean: 0.0922493040562
        dmean2: 0.142843768001
        dvar: 0.00525702256709
        dvar2: 0.0123361237347
        max: 0.64552038908
        mean: 0.280497968197
        min: 0.00950537342578
        var: 0.0169222578406
    zerocrossingrate:
        dmean: 0.0102822948247
        dmean2: 0.0124585703015
        dvar: 7.44362332625e-05
        dvar2: 0.000105752973468
        max: 0.123046875
        mean: 0.0492835529149
        min: 0.0126953125
        var: 0.000357924844138
    barkbands:
        dmean: [3.57957588903e-07, 3.81157369702e-05, 0.000372496317141, 0.000949013454374, 0.000138224480907, 0.000195137225091, 0.000130857079057, 8.79151848494e-05, 9.3525275588e-05, 6.33304662188e-05, 5.80901760259e-05, 5.00833921251e-05, 3.60735939466e-05, 3.65701889677e-05, 4.53803113487e-05, 6.08877526247e-05, 5.94831908529e-05, 0.000100135788671, 0.000159231844009, 8.26074319775e-05, 2.85385212919e-05, 1.02857584352e-05, 1.43105899042e-06, 2.28004935821e-07, 1.06452894499e-07, 7.99628807613e-09, 7.54785733914e-10]
        dmean2: [3.96517833678e-07, 5.77613755013e-05, 0.000565094815101, 0.00141069374513, 0.000226812888286, 0.000312803633278, 0.000223281240324, 0.000141035561683, 0.0001495139295, 0.000106237297587, 0.000101274446934, 8.01253481768e-05, 6.12657240708e-05, 6.07115107414e-05, 7.37711598049e-05, 0.000100792138255, 0.000100055360235, 0.000158848139108, 0.000275278231129, 0.000139499446959, 4.50407533208e-05, 1.77992533281e-05, 2.49255822382e-06, 3.94505747181e-07, 1.83625218142e-07, 1.34218076653e-08, 8.87063256183e-10]
        dvar: [3.56418020098e-11, 2.81073142538e-09, 1.71425611484e-07, 8.10836866094e-07, 1.83960633393e-08, 5.54822143783e-08, 2.50669636159e-08, 6.07982730827e-09, 8.23604295874e-09, 4.89985252372e-09, 4.54217152779e-09, 3.01206037889e-09, 1.41888933936e-09, 1.62353552824e-09, 3.03152436487e-09, 5.06557729096e-09, 5.47391865169e-09, 1.78698922326e-08, 3.7722198698e-08, 9.16187126165e-09, 1.79797998712e-09, 3.35218269809e-10, 5.49964240815e-12, 9.55846052265e-14, 1.58819575465e-14, 2.13544629299e-16, 1.52839617619e-16]
        dvar2: [3.56799832735e-11, 6.90395340897e-09, 4.37198792724e-07, 1.41719385738e-06, 4.51809647473e-08, 1.44028476257e-07, 6.83267558088e-08, 1.34771616089e-08, 2.07176231726e-08, 1.36386599792e-08, 1.2515257275e-08, 7.68908403614e-09, 3.96437549455e-09, 3.98942257007e-09, 7.39472039157e-09, 1.3008037314e-08, 1.46770986476e-08, 4.18402983371e-08, 9.09885500278e-08, 2.31731061007e-08, 4.06884304027e-09, 9.02383778811e-10, 1.50961517592e-11, 2.49728026886e-13, 3.97494706692e-14, 3.77930960351e-16, 1.52731051818e-16]
        max: [0.000124095007777, 0.000510475598276, 0.00285159936175, 0.00717135937884, 0.00136404868681, 0.00220273574814, 0.00152682489716, 0.000661900499836, 0.000867945200298, 0.000497443485074, 0.000485937460326, 0.000418303417973, 0.000233696948271, 0.000296557263937, 0.000397603376769, 0.000521733716596, 0.000728506594896, 0.00126674678177, 0.00157426379155, 0.000751235871576, 0.000463172589662, 0.000177442183485, 1.97801164177e-05, 2.33111518355e-06, 1.08095889573e-06, 2.39990953332e-07, 2.57190009734e-07]
        mean: [3.90864329347e-07, 5.43216738151e-05, 0.000693689391483, 0.0017629096983, 0.000310702045681, 0.000375180039555, 0.000180948380148, 0.000149172585225, 0.000189087702893, 9.1310692369e-05, 8.01508067525e-05, 7.95371888671e-05, 5.60388580197e-05, 5.18330889463e-05, 7.21099568182e-05, 9.42977712839e-05, 0.000114239395771, 0.000161225965712, 0.000229977231356, 0.000120155527839, 4.13285051764e-05, 1.28618039525e-05, 1.90661592114e-06, 3.75956034304e-07, 2.10727478134e-07, 1.34190596413e-08, 7.70341901379e-10]
        min: [4.02853861381e-11, 2.19346816266e-07, 3.6646697481e-06, 7.84419808042e-06, 1.0637863852e-05, 3.40065957971e-06, 3.11827562882e-07, 8.61183139023e-07, 2.07792527362e-06, 3.16480452511e-07, 7.79594472533e-07, 2.11140232409e-07, 5.82682275763e-07, 2.77081596778e-07, 4.98296856222e-07, 1.71088316847e-07, 4.30442014476e-07, 4.37946482634e-07, 2.17692772253e-07, 5.03836020016e-07, 1.47258802485e-07, 7.25323161532e-08, 5.84749670907e-09, 1.87277415797e-09, 1.39147360301e-09, 9.17534173639e-11, 4.84793325276e-12]
        var: [3.5602510523e-11, 3.91797660981e-09, 3.89023284697e-07, 2.71102771876e-06, 4.50185133616e-08, 1.22400621194e-07, 3.06383149962e-08, 1.62064477394e-08, 1.6187424734e-08, 5.64620439292e-09, 4.86094853258e-09, 5.08064879057e-09, 1.90745774731e-09, 2.16909357142e-09, 4.13857348391e-09, 5.70901370622e-09, 7.32181426599e-09, 2.68746234156e-08, 5.5642171759e-08, 1.34294113607e-08, 2.44932851778e-09, 3.22119858565e-10, 4.88368850568e-12, 1.15201075133e-13, 2.39287891802e-14, 2.3506040436e-16, 1.52937688153e-16]
    mfcc:
        mean: [-725.73626709, 146.982391357, -51.3270492554, 58.6352920532, -15.8254117966, -3.8303899765, 1.56567895412, -1.08644485474, -2.68267250061, -6.82325792313, -4.34161663055, -13.018860817, -5.34211969376]
        cov: [[843.613098145, -224.935791016, -164.140075684, 63.5410575867, -76.7908248901, -30.4222202301, 3.090528965, 8.39415836334, 2.69670271873, 1.30674409866, 33.8004608154, 31.3909492493, 43.7861824036], [-224.935791016, 246.571044922, 17.0634498596, -28.6554298401, 53.6150665283, 14.8186235428, 31.8235759735, 4.28342866898, 6.33168983459, -8.75523662567, 2.74593353271, -32.9119224548, 0.155733540654], [-164.140075684, 17.0634498596, 247.977905273, 16.4984931946, 20.3528709412, -9.63360214233, -38.5336380005, 16.7201023102, -6.28979682922, 1.52955448627, -5.87908601761, 1.07302355766, -19.6312561035], [63.5410575867, -28.6554298401, 16.4984931946, 88.7241973877, -2.7534673214, 0.0541659742594, 0.473758459091, -0.742269396782, -5.10948038101, -3.52220058441, 3.32316017151, -2.24373745918, 4.20836925507], [-76.7908248901, 53.6150665283, 20.3528709412, -2.7534673214, 57.7614555359, 8.29683113098, 15.2222032547, 10.813536644, 2.07680535316, 6.49214076996, -6.91276550293, -3.59261250496, -3.84157752991], [-30.4222202301, 14.8186235428, -9.63360214233, 0.0541659742594, 8.29683113098, 91.181602478, 24.1205978394, 7.86772918701, 27.3509979248, -8.08439731598, 22.5515861511, 0.0687028244138, -5.48679733276], [3.090528965, 31.8235759735, -38.5336380005, 0.473758459091, 15.2222032547, 24.1205978394, 91.0582046509, 7.87498092651, 15.651342392, -10.2224006653, 0.167446047068, 0.564009010792, -13.2097816467], [8.39415836334, 4.28342866898, 16.7201023102, -0.742269396782, 10.813536644, 7.86772918701, 7.87498092651, 56.659614563, 2.66425037384, 5.55287218094, 3.18120193481, -3.80816102028, 5.89609956741], [2.69670271873, 6.33168983459, -6.28979682922, -5.10948038101, 2.07680535316, 27.3509979248, 15.651342392, 2.66425037384, 64.7081222534, -5.42146444321, 30.2121639252, 8.73790168762, -17.3813095093], [1.30674409866, -8.75523662567, 1.52955448627, -3.52220058441, 6.49214076996, -8.08439731598, -10.2224006653, 5.55287218094, -5.42146444321, 44.2787895203, -11.136964798, 8.47587680817, 2.26760077477], [33.8004608154, 2.74593353271, -5.87908601761, 3.32316017151, -6.91276550293, 22.5515861511, 0.167446047068, 3.18120193481, 30.2121639252, -11.136964798, 80.5296173096, -8.92866420746, 13.9470615387], [31.3909492493, -32.9119224548, 1.07302355766, -2.24373745918, -3.59261250496, 0.0687028244138, 0.564009010792, -3.80816102028, 8.73790168762, 8.47587680817, -8.92866420746, 53.0418395996, 1.61943566799], [43.7861824036, 0.155733540654, -19.6312561035, 4.20836925507, -3.84157752991, -5.48679733276, -13.2097816467, 5.89609956741, -17.3813095093, 2.26760077477, 13.9470615387, 1.61943566799, 49.3075904846]]
        icov: [[0.00215511326678, 0.00151718605775, 0.00123450392857, -0.00121466815472, 0.000959115335718, 0.000950920046307, -0.000485689524794, -0.000922613020521, -0.000428729021223, 5.64441688766e-05, -0.000646639149636, -0.000420787604526, -0.00111965613905], [0.00151718605775, 0.00737251434475, 8.31570432638e-05, 0.00134073209483, -0.00445750169456, 0.000556121347472, -0.00217311037704, 0.000850582437124, -0.00169032206759, 0.000961485260632, 0.000244847935392, 0.00377864972688, -0.00325463409536], [0.00123450392857, 8.31570432638e-05, 0.00611411035061, -0.00212197494693, -0.00133135227952, 0.000819929759018, 0.00320270424709, -0.00292788073421, 0.00143146910705, 0.00105189310852, -0.0014664910268, -0.00199017673731, 0.00365089182742], [-0.00121466815472, 0.00134073209483, -0.00212197494693, 0.0131366159767, -0.00138982478529, -0.000777375651523, -0.00136488408316, 0.0016187686706, 0.000701130891684, 0.000776384433266, 0.000139122683322, 0.0020178637933, -0.00153981684707], [0.000959115335718, -0.00445750169456, -0.00133135227952, -0.00138982478529, 0.0254435017705, -0.000994389993139, -0.00320263695903, -0.00333402422257, -0.000590077077504, -0.00466225855052, 0.00187025591731, -0.000678672455251, -0.000337066710927], [0.000950920046307, 0.000556121347472, 0.000819929759018, -0.000777375651523, -0.000994389993139, 0.0141297280788, -0.00249083014205, -0.00166902889032, -0.00396696990356, 0.00128761620726, -0.00265974830836, -0.000442570424639, -0.000117024719657], [-0.000485689524794, -0.00217311037704, 0.00320270424709, -0.00136488408316, -0.00320263695903, -0.00249083014205, 0.0158594157547, -0.00310873775743, -0.000123719873955, 0.00369322998449, 0.000379631208489, -0.00246841972694, 0.00568388076499], [-0.000922613020521, 0.000850582437124, -0.00292788073421, 0.0016187686706, -0.00333402422257, -0.00166902889032, -0.00310873775743, 0.0210764445364, -0.00230600032955, -0.0031738479156, 0.00121716083959, 0.00378154660575, -0.0054212603718], [-0.000428729021223, -0.00169032206759, 0.00143146910705, 0.000701130891684, -0.000590077077504, -0.00396696990356, -0.000123719873955, -0.00230600032955, 0.0286624860018, 0.000483638519654, -0.0126773575321, -0.00837207585573, 0.0145937092602], [5.64441688766e-05, 0.000961485260632, 0.00105189310852, 0.000776384433266, -0.00466225855052, 0.00128761620726, 0.00369322998449, -0.0031738479156, 0.000483638519654, 0.0263851583004, 0.00240621296689, -0.00389621779323, -0.000147211598232], [-0.000646639149636, 0.000244847935392, -0.0014664910268, 0.000139122683322, 0.00187025591731, -0.00265974830836, 0.000379631208489, 0.00121716083959, -0.0126773575321, 0.00240621296689, 0.0211223233491, 0.00637835962698, -0.0109800202772], [-0.000420787604526, 0.00377864972688, -0.00199017673731, 0.0020178637933, -0.000678672455251, -0.000442570424639, -0.00246841972694, 0.00378154660575, -0.00837207585573, -0.00389621779323, 0.00637835962698, 0.0251205489039, -0.00721973134205], [-0.00111965613905, -0.00325463409536, 0.00365089182742, -0.00153981684707, -0.000337066710927, -0.000117024719657, 0.00568388076499, -0.0054212603718, 0.0145937092602, -0.000147211598232, -0.0109800202772, -0.00721973134205, 0.0334961935878]]
    spectral_contrast:
        mean: [2.10552371982e-07, -2.34459918147e-07, 2.5122804459e-07, 2.54184072901e-07, 1.43963887922e-07, -2.40285547015e-09, 1.69271663708e-06, 5.67488768866e-07, -1.23441077449e-06, 1.00401329917e-07, -2.88812861982e-06, -2.47082698479e-06]
        var: [0.000325137632899, 0.000521810899954, 0.000788463512436, 0.0015798168024, 0.00226305844262, 0.00499162543565, 0.0353040397167, 0.0588156171143, 0.113207653165, 0.157711654902, 0.232189789414, 0.557028532028]

rhythm:
    beats_loudness:
        dmean: 0.00248435651883
        dmean2: 0.00400392152369
        dvar: 2.91342712444e-06
        dvar2: 7.42770362194e-06
        max: 0.0113011077046
        mean: 0.00626842724159
        min: 0.00246751122177
        var: 7.03697423887e-06
    beats_loudness_bass:
        dmean: 0.282750159502
        dmean2: 0.540095388889
        dvar: 0.0220883004367
        dvar2: 0.063307531178
        max: 0.791675150394
        mean: 0.558382213116
        min: 0.189523547888
        var: 0.0327056124806
    bpm: 134.828918457
    bpm_confidence: 0
    first_peak_bpm: 135
    first_peak_spread: 0.0476190447807
    first_peak_weight: 0.952380955219
    onset_rate: 5.09750318527
    second_peak_bpm: 0
    second_peak_spread: 0
    second_peak_weight: 0
    beats_position: [0.206224992871, 0.651091456413, 1.09595787525, 1.54082429409, 1.98569071293, 2.43055701256, 2.8754234314, 3.32028985023, 3.76515626907, 4.21002244949, 4.65488910675, 5.09975528717, 5.54462194443, 5.97530269623, 6.42045497894, 6.86560726166, 7.31075954437, 7.75591182709, 8.2010641098, 8.64621639252, 9.09136867523, 9.53652095795]
    bpm_estimates: [134.396896362, 137.211227417, 134.7059021, 134.49899292, 134.391281128, 134.478500366, 134.46774292, 134.613800049, 134.405349731, 137.089981079, 134.521789551, 134.367248535, 134.43536377, 134.485046387, 134.42048645, 134.773178101]
    bpm_intervals: [0.444866478443, 0.444866418839, 0.444866418839, 0.444866418839, 0.444866299629, 0.444866418839, 0.444866418839, 0.444866418839, 0.44486618042, 0.444866657257, 0.44486618042, 0.444866657257, 0.430680751801, 0.445152282715, 0.445152282715, 0.445152282715, 0.445152282715, 0.445152282715, 0.445152282715, 0.445152282715, 0.445152282715]
    onset_times: [0.0464399084449, 0.220589563251, 0.429569154978, 0.661768734455, 0.882358253002, 1.13777780533, 1.23065757751, 1.34675741196, 1.47446715832, 1.57895696163, 2.03174614906, 2.22911572456, 2.46131515503, 2.68190479279, 2.92571425438, 3.01859402657, 3.13469386101, 3.36689352989, 3.81968259811, 4.02866220474, 4.2492518425, 4.48145103455, 4.62077093124, 4.71365070343, 4.81814050674, 4.93424034119, 4.96907043457, 5.15482997894, 5.44507932663, 5.49151945114, 5.61922883987, 5.78176879883, 5.8282084465, 6.04879808426, 6.32743787766, 6.9543762207, 7.18657588959, 7.40716552734, 7.51165533066, 7.73224496841, 7.94122457504, 8.08054447174, 8.31274414062, 8.4172334671, 8.63782310486, 8.76553249359, 9.19510173798, 9.31120204926, 9.53179168701, 9.75238132477, 9.86848068237]
    rubato_start: []
    rubato_stop: []
    perceptual_tempo: "unknown"

sfx:
    inharmonicity:
        dmean: 0.0269269570708
        dmean2: 0.049068197608
        dvar: 0.00179695908446
        dvar2: 0.00541811343282
        max: 0.30423784256
        mean: 0.0246752612293
        min: 7.03806363163e-05
        var: 0.0013554294128
    oddtoevenharmonicenergyratio:
        dmean: 2.89595723152
        dmean2: 5.36008405685
        dvar: 74.9290390015
        dvar2: 217.710693359
        max: 78.5608139038
        mean: 1.87226116657
        min: 0.000135312700877
        var: 49.6171646118
    pitch_after_max_to_before_max_energy_ratio: 32.1032752991
    pitch_centroid: 274.767303467
    pitch_max_to_total: 0.0185614842921
    pitch_min_to_total: 0.0719257518649
    tristimulus:
        dmean: [0.228772103786, 0.212162941694, 0.0829808190465]
        dmean2: [0.388612449169, 0.36984205246, 0.147965356708]
        dvar: [0.0355790071189, 0.0353305824101, 0.00833290163428]
        dvar2: [0.0963364467025, 0.101336762309, 0.0249441415071]
        max: [0.973363280296, 0.949255764484, 0.689317345619]
        mean: [0.492464184761, 0.388041853905, 0.0998741537333]
        min: [0.00706358579919, 0, 0]
        var: [0.0557233467698, 0.0465683564544, 0.00793391186744]

tonal:
    chords_changes_rate: 0.00460829492658
    chords_number_rate: 0.00921658985317
    chords_strength:
        dmean: 0.00471541471779
        dmean2: 0.0069845225662
        dvar: 1.64886787388e-05
        dvar2: 2.96041653201e-05
        max: 0.641851842403
        mean: 0.593318343163
        min: 0.516794323921
        var: 0.000684888043907
    key_strength: 0.599814891815
    tuning_diatonic_strength: 0.528561830521
    tuning_equal_tempered_deviation: 0.10624473542
    tuning_frequency: 442.548919678
    tuning_nontempered_energy_ratio: 0.736337184906
    hpcp:
        dmean: [0.12267114222, 0.0883858203888, 0.0499044656754, 0.0389209315181, 0.0349433645606, 0.0333928279579, 0.0288902372122, 0.0592976734042, 0.0893186703324, 0.0771728381515, 0.069618076086, 0.0754140391946, 0.146002501249, 0.229541867971, 0.30220836401, 0.330907970667, 0.318417549133, 0.284719675779, 0.116498239338, 0.0496220886707, 0.0380516834557, 0.0462307184935, 0.0634651109576, 0.0864210128784, 0.0981794521213, 0.074788428843, 0.0878120586276, 0.0779673680663, 0.0410543978214, 0.040212534368, 0.0371015965939, 0.0412459671497, 0.0436024740338, 0.042928956449, 0.0494304560125, 0.0821090638638]
        dmean2: [0.20127260685, 0.149610921741, 0.084503211081, 0.0654549375176, 0.0615417398512, 0.0591678991914, 0.0512899160385, 0.107243299484, 0.154561325908, 0.136073052883, 0.120904788375, 0.138580128551, 0.275778651237, 0.417101562023, 0.487039119005, 0.607507705688, 0.531551241875, 0.513229966164, 0.217125847936, 0.0902674645185, 0.0696331709623, 0.0825632289052, 0.107589781284, 0.139291554689, 0.170148909092, 0.133844926953, 0.147414311767, 0.126941010356, 0.0698534473777, 0.0694806575775, 0.06295093894, 0.0716065391898, 0.0750452280045, 0.0758505165577, 0.0875635966659, 0.136924892664]
        dvar: [0.0221588034183, 0.0103043541312, 0.00349269318394, 0.00237199221738, 0.00179461482912, 0.00174780318048, 0.00108089635614, 0.00740996655077, 0.0226485691965, 0.0273842532188, 0.0289766229689, 0.0228384528309, 0.0655272081494, 0.079829365015, 0.0522675029933, 0.0667379274964, 0.0611274950206, 0.0776903554797, 0.0366219617426, 0.0145493987948, 0.00737316859886, 0.00608219392598, 0.00861332658678, 0.0276043061167, 0.0423036776483, 0.0167873110622, 0.0119261071086, 0.0085792997852, 0.00189870176837, 0.0020594263915, 0.00177893589716, 0.00193420099095, 0.00277988775633, 0.00318577419966, 0.00384933059104, 0.0100875394419]
        dvar2: [0.0565627105534, 0.028239550069, 0.00837929174304, 0.00538288103417, 0.00461793970317, 0.00470922561362, 0.00267388997599, 0.0216295868158, 0.0613117031753, 0.0726014152169, 0.0896227583289, 0.064702808857, 0.18687056005, 0.211701273918, 0.153247773647, 0.177683845162, 0.186178937554, 0.231039896607, 0.106613591313, 0.0423414334655, 0.0220207925886, 0.0176780726761, 0.0249714609236, 0.0539602637291, 0.0929988846183, 0.042825717479, 0.0310063920915, 0.0232717562467, 0.00527198798954, 0.00535107776523, 0.00466070603579, 0.00526294950396, 0.00750942388549, 0.00844492111355, 0.0096113467589, 0.0225974023342]
        max: [1, 0.714906036854, 0.36603525281, 0.363653510809, 0.306221663952, 0.248663067818, 0.18028730154, 0.605123996735, 1, 1, 1, 1, 1, 1, 1, 1, 1, 1, 1, 1, 0.758054852486, 0.66338044405, 0.719603836536, 1, 1, 1, 0.839493572712, 0.657364606857, 0.272291570902, 0.307105302811, 0.301139771938, 0.286230444908, 0.392363041639, 0.478946000338, 0.519495844841, 0.754498183727]
        mean: [0.158994659781, 0.10569062084, 0.0533513762057, 0.0460129342973, 0.0422594696283, 0.0369720198214, 0.0311888195574, 0.060278467834, 0.0957413166761, 0.0877126604319, 0.0611228868365, 0.0635363385081, 0.10217628628, 0.180572763085, 0.434893339872, 0.74216490984, 0.601907730103, 0.239567399025, 0.0901662707329, 0.0418539494276, 0.0368167236447, 0.0520687438548, 0.0620473064482, 0.0926827639341, 0.107045099139, 0.0897094458342, 0.117562413216, 0.104017853737, 0.0467531494796, 0.0423435308039, 0.0448055192828, 0.050852291286, 0.0501788444817, 0.0471122674644, 0.0592322275043, 0.113094434142]
        min: [0.00574463093653, 0.00205562543124, 0.00065225828439, 0.00125070242211, 0.00106640835293, 0.00141786108725, 0.00110705220141, 0.00248696422204, 0.00243312143721, 0.00122926710173, 0.000390995497582, 0.000756134220865, 0.000494423205964, 0.000819566193968, 0.0182076655328, 0.0407583899796, 0.0175932142884, 0.00190067861695, 0.000640324549749, 0.000302554835798, 0.000366384105291, 0.00209085457027, 0.00147766561713, 0.00059048057301, 0.000736774236429, 0.00187083415221, 0.00713383965194, 0.00668117497116, 0.00148955488112, 0.000482574425405, 0.000819390174001, 0.00182677188423, 0.0023118914105, 0.00141352484934, 0.00147501553874, 0.00171374646015]
        var: [0.0266114585102, 0.0120629761368, 0.00427112169564, 0.0030439903494, 0.00191734847613, 0.0016694146907, 0.00119118439034, 0.00592259457335, 0.0223585739732, 0.0336172655225, 0.0237900987267, 0.0180173926055, 0.0458571687341, 0.0724481344223, 0.0896315351129, 0.0821192637086, 0.107157945633, 0.0771714523435, 0.025678133592, 0.00914225354791, 0.00447255931795, 0.00452461233363, 0.00965718738735, 0.0401982106268, 0.0569265149534, 0.022436760366, 0.0146850133315, 0.0105410851538, 0.00208937330171, 0.0022399215959, 0.00213545258157, 0.00232824939303, 0.00301851169206, 0.00349004636519, 0.00461193267256, 0.0128109063953]
    chords_histogram: [0, 0, 2.30414748192, 0, 0, 0, 0, 0, 0, 97.695854187, 0, 0, 0, 0, 0, 0, 0, 0, 0, 0, 0, 0, 0, 0]
    thpcp: [1, 0.811016142368, 0.32279536128, 0.121490880847, 0.056394405663, 0.0496072024107, 0.0701579153538, 0.0836031287909, 0.124881632626, 0.144233569503, 0.120875351131, 0.158404707909, 0.140154629946, 0.062995634973, 0.0570540726185, 0.0603713802993, 0.0685188546777, 0.0676114484668, 0.0634795129299, 0.0798100605607, 0.152384504676, 0.214230909944, 0.142408534884, 0.0718861445785, 0.0619982630014, 0.0569408088923, 0.0498164482415, 0.0420241095126, 0.0812197774649, 0.12900274992, 0.118184864521, 0.0823575556278, 0.0856094583869, 0.137673288584, 0.243305444717, 0.585979402065]
    chords_key: "D"
    chords_scale: "major"
    key_key: "G"
    key_scale: "minor"
    chords_progression: ["Dm", "Dm", "Dm", "Dm", "Dm", "D", "D", "D", "D", "D", "D", "D", "D", "D", "D", "D", "D", "D", "D", "D", "D", "D", "D", "D", "D", "D", "D", "D", "D", "D", "D", "D", "D", "D", "D", "D", "D", "D", "D", "D", "D", "D", "D", "D", "D", "D", "D", "D", "D", "D", "D", "D", "D", "D", "D", "D", "D", "D", "D", "D", "D", "D", "D", "D", "D", "D", "D", "D", "D", "D", "D", "D", "D", "D", "D", "D", "D", "D", "D", "D", "D", "D", "D", "D", "D", "D", "D", "D", "D", "D", "D", "D", "D", "D", "D", "D", "D", "D", "D", "D", "D", "D", "D", "D", "D", "D", "D", "D", "D", "D", "D", "D", "D", "D", "D", "D", "D", "D", "D", "D", "D", "D", "D", "D", "D", "D", "D", "D", "D", "D", "D", "D", "D", "D", "D", "D", "D", "D", "D", "D", "D", "D", "D", "D", "D", "D", "D", "D", "D", "D", "D", "D", "D", "D", "D", "D", "D", "D", "D", "D", "D", "D", "D", "D", "D", "D", "D", "D", "D", "D", "D", "D", "D", "D", "D", "D", "D", "D", "D", "D", "D", "D", "D", "D", "D", "D", "D", "D", "D", "D", "D", "D", "D", "D", "D", "D", "D", "D", "D", "D", "D", "D", "D", "D", "D", "D", "D", "D", "D", "D", "D", "D", "D", "D", "D", "D", "D"]
