
metadata:
    version:
        essentia: "1.2.2"
    audio_properties:
        analysis_sample_rate: 44100
        bitrate: 128
        channels: 2
        equal_loudness: 1
        length: 10.0310201645
        replay_gain: -13.0222702026
        downmix: "mix"
    tags:
        track: 19
        year: 0
        album: "Splitted by Mp3Splt v. 2.1"
        artist: "From 003.00 To 003.10"
        comment: "http://mp3splt.sf.net"
        genre: ""
        title: "10 Open Up.mp3"

highlevel:
    ballroom:
        all:
            ChaChaCha: 0.290363073349
            Jive: 0.220315143466
            Quickstep: 0.00942505896091
            Rumba-American: 0.000259391468717
            Rumba-International: 0.00144132599235
            Rumba-Misc: 0.000263826950686
            Samba: 0.477562099695
            Tango: 0.000111787230708
            VienneseWaltz: 0.000154167442815
            Waltz: 0.000104114755231
        probability: 0.477562099695
        value: "Samba"
    culture:
        all:
            non_western: 0.568909347057
            western: 0.43109062314
        probability: 0.568909347057
        value: "non_western"
    gender:
        all:
            female: 0.333036899567
            male: 0.666963100433
        probability: 0.666963100433
        value: "male"
    genre_dortmund:
        all:
            alternative: 0.0196933615953
            blues: 0.00195016968064
            electronic: 0.677975952625
            folkcountry: 0.0103391632438
            funksoulrnb: 0.00621757330373
            jazz: 0.0296641401947
            pop: 0.0475972518325
            raphiphop: 0.0593517832458
            rock: 0.147210597992
        probability: 0.677975952625
        value: "electronic"
    genre_electronica:
        all:
            ambient: 0.027612330392
            dnb: 0.830409109592
            house: 0.004843714647
            techno: 0.0181143023074
            trance: 0.119020558894
        probability: 0.830409109592
        value: "dnb"
    genre_rosamerica:
        all:
            cla: 0.00574458250776
            dan: 0.878669321537
            hip: 0.0139951445162
            jaz: 0.00435109250247
            pop: 0.0450116582215
            rhy: 0.008998404257
            roc: 0.0417568013072
            spe: 0.00147300213575
        probability: 0.878669321537
        value: "dan"
    genre_tzanetakis:
        all:
            blu: 0.000578997074626
            cla: 0.00112993910443
            cou: 0.00415450613946
            dis: 0.055990036577
            hip: 0.013991670683
            jaz: 0.00917488243431
            met: 0.0133416298777
            pop: 0.823324799538
            reg: 0.044082775712
            roc: 0.0342307910323
        probability: 0.823324799538
        value: "pop"
    live_studio:
        all:
            live: 0.0360703803599
            studio: 0.963929593563
        probability: 0.963929593563
        value: "studio"
    mood:
        all:
            Cluster1: 0.329657971859
            Cluster2: 0.18412989378
            Cluster3: 0.0519723184407
            Cluster4: 0.0942852646112
            Cluster5: 0.339954555035
        probability: 0.339954555035
        value: "Cluster5"
    mood_acoustic:
        all:
            acoustic: 0.00325117912143
            not_acoustic: 0.996748805046
        probability: 0.996748805046
        value: "not_acoustic"
    mood_aggressive:
        all:
            aggressive: 0.715402603149
            not_aggressive: 0.284597367048
        probability: 0.715402603149
        value: "aggressive"
    mood_electronic:
        all:
            electronic: 0.949156224728
            not_electronic: 0.0508437864482
        probability: 0.949156224728
        value: "electronic"
    mood_happy:
        all:
            happy: 0.664379954338
            not_happy: 0.335620045662
        probability: 0.664379954338
        value: "happy"
    mood_party:
        all:
            not_party: 0.167054504156
            party: 0.832945525646
        probability: 0.832945525646
        value: "party"
    mood_relaxed:
        all:
            not_relaxed: 0.259623497725
            relaxed: 0.740376472473
        probability: 0.740376472473
        value: "relaxed"
    mood_sad:
        all:
            not_sad: 0.355658680201
            sad: 0.644341289997
        probability: 0.644341289997
        value: "sad"
    rhythm:
        all:
            fast: 0.939343094826
            medium: 0.0594538040459
            slow: 0.00120311696082
        probability: 0.939343094826
        value: "fast"
    speech_music:
        all:
            music: 1.5196140339e-05
            speech: 0.999984800816
        probability: 0.999984800816
        value: "speech"
    timbre:
        all:
            bright: 0.0979628935456
            dark: 0.902037084103
        probability: 0.902037084103
        value: "dark"
    voice_instrumental:
        all:
            instrumental: 0.0192613285035
            voice: 0.980738699436
        probability: 0.980738699436
        value: "voice"

lowlevel:
    average_loudness: 0.981802463531
    barkbands_kurtosis:
        dmean: 1.29694724083
        dmean2: 2.04457521439
        dvar: 3.13701105118
        dvar2: 7.53138303757
        max: 14.3711490631
        mean: 0.234912022948
        min: -1.74359154701
        var: 6.06273841858
    barkbands_skewness:
        dmean: 0.527689278126
        dmean2: 0.811047554016
        dvar: 0.232760041952
        dvar2: 0.50740647316
        max: 3.41226100922
        mean: 0.66209435463
        min: -1.97382807732
        var: 0.860677361488
    barkbands_spread:
        dmean: 7.05411911011
        dmean2: 10.838104248
        dvar: 37.2471199036
        dvar2: 85.945022583
        max: 60.1201934814
        mean: 33.7500610352
        min: 7.21923685074
        var: 120.173942566
    dissonance:
        dmean: 0.0160563942045
        dmean2: 0.0278036147356
        dvar: 0.00019375832926
        dvar2: 0.000535960076377
        max: 0.499594658613
        mean: 0.473356127739
        min: 0.38594520092
        var: 0.000337772798957
    hfc:
        dmean: 4.72593545914
        dmean2: 7.16062021255
        dvar: 87.6174545288
        dvar2: 220.038757324
        max: 80.4200744629
        mean: 6.12233495712
        min: 0.310276985168
        var: 95.5904083252
    pitch:
        dmean: 962.190368652
        dmean2: 1877.37963867
        dvar: 2323627.75
        dvar2: 5385779
        max: 4410
        mean: 1463.52197266
        min: 64.8529434204
        var: 3065670
    pitch_instantaneous_confidence:
        dmean: 0.0743835791945
        dmean2: 0.12164298445
        dvar: 0.00378528540023
        dvar2: 0.00926764681935
        max: 0.585202336311
        mean: 0.293827444315
        min: 0.124787449837
        var: 0.00744837941602
    pitch_salience:
        dmean: 0.0738490596414
        dmean2: 0.116587370634
        dvar: 0.00456912303343
        dvar2: 0.0109791550785
        max: 0.847102165222
        mean: 0.669833242893
        min: 0.331660062075
        var: 0.00806865934283
    silence_rate_20dB:
        dmean: 0
        dmean2: 0
        dvar: 0
        dvar2: 0
        max: 1
        mean: 1
        min: 1
        var: 0
    silence_rate_30dB:
        dmean: 0
        dmean2: 0
        dvar: 0
        dvar2: 0
        max: 1
        mean: 1
        min: 1
        var: 0
    silence_rate_60dB:
        dmean: 0.236658930779
        dmean2: 0.472093015909
        dvar: 0.180651471019
        dvar2: 0.272477090359
        max: 1
        mean: 0.611111104488
        min: 0
        var: 0.237654775381
    spectral_centroid:
        dmean: 412.478515625
        dmean2: 622.026794434
        dvar: 169080.1875
        dvar2: 381110.84375
        max: 3375.78198242
        mean: 1414.02062988
        min: 203.579177856
        var: 568852.5
    spectral_complexity:
        dmean: 6.17249393463
        dmean2: 9.271027565
        dvar: 56.1147842407
        dvar2: 118.164886475
        max: 53
        mean: 11.3511629105
        min: 1
        var: 106.679176331
    spectral_crest:
        dmean: 2.2233774662
        dmean2: 3.62849116325
        dvar: 4.64869737625
        dvar2: 11.1198959351
        max: 20.4947605133
        mean: 7.01563167572
        min: 2.58983540535
        var: 8.76081180573
    spectral_decrease:
        dmean: 4.86205353756e-10
        dmean2: 7.27779891907e-10
        dvar: 4.91378267683e-19
        dvar2: 1.23871806334e-18
        max: -6.79062986397e-11
        mean: -7.89114162902e-10
        min: -4.94230967263e-09
        var: 5.57770006695e-19
    spectral_energy:
        dmean: 0.0022483211942
        dmean2: 0.00334986997768
        dvar: 1.15211742013e-05
        dvar2: 2.91742126137e-05
        max: 0.0255300793797
        mean: 0.0035336103756
        min: 0.000291872769594
        var: 1.29743566504e-05
    spectral_energyband_high:
        dmean: 0.000368257431546
        dmean2: 0.000554235710297
        dvar: 3.93950642774e-07
        dvar2: 9.2549873898e-07
        max: 0.005609607324
        mean: 0.000474658154417
        min: 3.38606650985e-06
        var: 5.42722716546e-07
    spectral_energyband_low:
        dmean: 0.000289199466351
        dmean2: 0.000445804267656
        dvar: 2.50690050052e-07
        dvar2: 6.12766882568e-07
        max: 0.00374311907217
        mean: 0.000433828099631
        min: 5.92920514464e-06
        var: 3.14474846164e-07
    spectral_energyband_middle_high:
        dmean: 0.000969909830019
        dmean2: 0.00151522736996
        dvar: 4.07353536502e-06
        dvar2: 1.03164602479e-05
        max: 0.0165350791067
        mean: 0.00122398440726
        min: 4.82197137899e-05
        var: 4.12476765632e-06
    spectral_energyband_middle_low:
        dmean: 0.000924686202779
        dmean2: 0.00146525190212
        dvar: 1.84292457561e-06
        dvar2: 4.61892250314e-06
        max: 0.011525599286
        mean: 0.00140112394001
        min: 0.000102618010715
        var: 1.89931813566e-06
    spectral_flatness_db:
        dmean: 0.0200246404856
        dmean2: 0.0303242746741
        dvar: 0.000380227342248
        dvar2: 0.000722346187104
        max: 0.247566491365
        mean: 0.124383740127
        min: 0.0696964785457
        var: 0.000971263390966
    spectral_flux:
        dmean: 0.0144988298416
        dmean2: 0.0208931528032
        dvar: 0.000304808316287
        dvar2: 0.000611742783803
        max: 0.145165205002
        mean: 0.0377143099904
        min: 0.00800284743309
        var: 0.000489605939947
    spectral_kurtosis:
        dmean: 1.12726581097
        dmean2: 1.69903922081
        dvar: 1.68625438213
        dvar2: 3.69444537163
        max: 14.3339538574
        mean: 2.78314852715
        min: -0.292210578918
        var: 3.79319477081
    spectral_rms:
        dmean: 0.000521034933627
        dmean2: 0.000728539191186
        dvar: 3.51978286517e-07
        dvar2: 8.34435695651e-07
        max: 0.00499073090032
        mean: 0.00169473898131
        min: 0.000533623388037
        var: 5.75286151161e-07
    spectral_rolloff:
        dmean: 789.299743652
        dmean2: 1243.89428711
        dvar: 701228.625
        dvar2: 1465992.875
        max: 5340.234375
        mean: 2905.12988281
        min: 301.46484375
        var: 2005160.5
    spectral_skewness:
        dmean: 0.224546834826
        dmean2: 0.342995226383
        dvar: 0.0474846661091
        dvar2: 0.105152748525
        max: 2.9877603054
        mean: 1.35380017757
        min: 0.66054135561
        var: 0.154815122485
    spectral_spread:
        dmean: 957819.6875
        dmean2: 1360413.25
        dvar: 972947456000
        dvar2: 1.9522781184e+12
        max: 17576786
        mean: 6002070
        min: 2730470
        var: 2.46723562701e+12
    spectral_strongpeak:
        dmean: 0.166367694736
        dmean2: 0.281762927771
        dvar: 0.131990253925
        dvar2: 0.345534771681
        max: 3.39039874077
        mean: 0.217463523149
        min: 0.0120202396065
        var: 0.121130228043
    zerocrossingrate:
        dmean: 0.0137413041666
        dmean2: 0.0157824363559
        dvar: 0.000129569831188
        dvar2: 0.000171814856003
        max: 0.16357421875
        mean: 0.0879053846002
        min: 0.01708984375
        var: 0.00108378729783
    barkbands:
        dmean: [5.62802881632e-07, 0.000160478419275, 0.000173672800884, 0.000144068835652, 0.000329720671289, 0.000254649232375, 0.000150444029714, 0.000134590896778, 0.000127919221995, 0.000110149398097, 4.4587701268e-05, 4.50664774689e-05, 3.63166727766e-05, 3.80901874451e-05, 4.47927122877e-05, 6.32006995147e-05, 9.64833743637e-05, 0.00016170978779, 0.000290297000902, 0.000301637046505, 0.000180636736332, 6.27585468465e-05, 1.62458309205e-05, 7.36231277187e-06, 5.06243395648e-06, 2.956633125e-07, 3.63472874021e-09]
        dmean2: [7.9797342778e-07, 0.000232332575251, 0.000293533870718, 0.000240849447437, 0.000551538774744, 0.000433373526903, 0.000248981348705, 0.00022602948593, 0.000208462864975, 0.000188494901522, 7.61495757615e-05, 7.48256134102e-05, 6.24539170531e-05, 6.20885111857e-05, 7.4811578088e-05, 0.000100091128843, 0.000154276785906, 0.000260416243691, 0.000478330184706, 0.000471267121611, 0.000275560305454, 0.00010163558909, 2.69810243481e-05, 1.15819884741e-05, 7.89058140072e-06, 4.78314632346e-07, 4.12572287445e-09]
        dvar: [1.02900045255e-12, 5.84695989403e-08, 1.39358363072e-07, 9.63877226923e-08, 2.88171548846e-07, 2.16218509763e-07, 6.90860915142e-08, 4.13086311823e-08, 4.63643132775e-08, 2.86317494158e-08, 4.21682244678e-09, 4.12093736912e-09, 3.49896711604e-09, 3.65584318374e-09, 4.71395100732e-09, 1.3389239939e-08, 3.02143412512e-08, 1.15022615432e-07, 5.21106983342e-07, 5.33787556378e-07, 1.00223346067e-07, 1.12689262366e-08, 1.12429310306e-09, 1.29549523886e-10, 6.07486075332e-11, 3.27323292169e-13, 3.64136880574e-15]
        dvar2: [1.65479457394e-12, 1.29672187654e-07, 3.68651086546e-07, 2.50014352332e-07, 7.74057639319e-07, 5.5397771348e-07, 1.94527245867e-07, 9.97068241304e-08, 1.24470986407e-07, 7.57398055384e-08, 1.09539248783e-08, 1.02151993531e-08, 9.11173270168e-09, 9.24788157164e-09, 1.13756577491e-08, 3.09706926771e-08, 7.43472838849e-08, 2.90815108883e-07, 1.40596739584e-06, 1.33603373342e-06, 2.46113273761e-07, 2.77012581762e-08, 2.99673530435e-09, 3.06338621137e-10, 1.41592335079e-10, 7.90268404102e-13, 3.64480945357e-15]
        max: [1.74721772055e-05, 0.00198864960112, 0.00311030168086, 0.00240711309016, 0.00425858050585, 0.00400141905993, 0.00211400911212, 0.00150233902968, 0.00264654215425, 0.00134971702937, 0.000534709484782, 0.000520975154359, 0.000554513186216, 0.000424663798185, 0.000482584960992, 0.00107833137736, 0.00149326596875, 0.00309232389554, 0.00632217014208, 0.00682481657714, 0.00272069312632, 0.000894438999239, 0.000268457893981, 0.000101531746623, 6.53424649499e-05, 4.75558908875e-06, 1.25268945794e-06]
        mean: [1.2881503153e-06, 0.000259401072981, 0.000173157925019, 0.000144490491948, 0.000446590274805, 0.000272648903774, 0.0001838508324, 0.00017265896895, 0.000152069900651, 0.000140474265208, 5.18042434123e-05, 4.78720103274e-05, 3.7597015762e-05, 3.99479540647e-05, 5.18436572747e-05, 7.713893865e-05, 0.000117938376206, 0.000188382560736, 0.0003081849718, 0.000345342385117, 0.000216451153392, 7.33987908461e-05, 1.76969115273e-05, 8.03907551017e-06, 5.06681817569e-06, 2.75081362133e-07, 3.56956575409e-09]
        min: [6.28228691291e-10, 1.71201719468e-07, 3.51571358692e-08, 1.0856560948e-06, 1.47475493577e-05, 4.04469574278e-06, 4.73120644529e-06, 1.38360690016e-06, 2.75767615676e-06, 2.41445127358e-06, 9.53584390118e-07, 6.02011255069e-07, 5.32687010946e-07, 4.16495026911e-07, 1.05788592464e-06, 5.20501600931e-07, 9.29370685299e-07, 1.71958492956e-06, 3.10760970024e-06, 2.44164084506e-06, 1.51574408846e-06, 3.51606473714e-07, 4.88444626967e-08, 3.67414187963e-08, 8.88502516005e-09, 4.15762146933e-10, 1.82447115683e-13]
        var: [1.95802965855e-12, 1.08246169361e-07, 1.19945582355e-07, 8.78707098195e-08, 2.5980477858e-07, 1.92332478832e-07, 7.13447576572e-08, 5.29044363873e-08, 4.30231139603e-08, 2.72559681491e-08, 4.0753160846e-09, 4.05567490702e-09, 3.19061843612e-09, 3.68238861626e-09, 5.42365041767e-09, 1.64707412154e-08, 3.35998571188e-08, 1.23037665389e-07, 4.37217920535e-07, 5.32373803708e-07, 1.28854722448e-07, 1.28402302124e-08, 1.00729802277e-09, 1.54023488408e-10, 6.67295524392e-11, 3.07612659303e-13, 3.63858672603e-15]
    mfcc:
        mean: [-717.888427734, 104.702537537, -19.2157726288, 52.5800209045, -20.6496543884, -6.78885364532, 1.88336336613, -1.48182368279, 4.59375810623, -2.54868507385, -2.37378454208, -5.37044429779, -1.88666605949]
        cov: [[3678.65014648, -1493.56481934, -339.413452148, -210.335769653, -138.276580811, -16.4552440643, -222.180252075, -185.989654541, -228.949356079, -109.110542297, -21.5151863098, -58.1154251099, -129.4737854], [-1493.56481934, 1101.41650391, 147.249313354, 120.603263855, 79.1839523315, 9.63073635101, 115.595809937, 93.6264266968, 114.867332458, 80.1906356812, 45.3290901184, 60.2488746643, 62.6678771973], [-339.413452148, 147.249313354, 288.708831787, -0.90245950222, 75.5474243164, 7.84126424789, 37.8922424316, -4.67765569687, 31.8525733948, -5.74000597, 18.0949516296, 7.66416358948, 23.051651001], [-210.335769653, 120.603263855, -0.90245950222, 122.001686096, 8.55823898315, 23.0787162781, 7.0306634903, 21.2786712646, 7.94811344147, 21.6701259613, 0.454074323177, 6.61479663849, 10.7977962494], [-138.276580811, 79.1839523315, 75.5474243164, 8.55823898315, 106.420280457, 20.439453125, 39.2702903748, -5.64651441574, 15.1716117859, -13.6675519943, 10.2212381363, 7.75436687469, 15.6510095596], [-16.4552440643, 9.63073635101, 7.84126424789, 23.0787162781, 20.439453125, 67.1689453125, 19.4855251312, 10.7663431168, -2.44081664085, 7.89047861099, -1.18519234657, 2.25729489326, -2.95295143127], [-222.180252075, 115.595809937, 37.8922424316, 7.0306634903, 39.2702903748, 19.4855251312, 72.5425796509, 16.2870750427, 28.8626651764, 0.116670593619, 7.41092634201, 4.09264469147, 11.7456464767], [-185.989654541, 93.6264266968, -4.67765569687, 21.2786712646, -5.64651441574, 10.7663431168, 16.2870750427, 70.4312744141, 29.7142353058, 32.0557441711, -5.11947965622, 4.19658708572, 2.97364997864], [-228.949356079, 114.867332458, 31.8525733948, 7.94811344147, 15.1716117859, -2.44081664085, 28.8626651764, 29.7142353058, 71.4207763672, 23.8031024933, 14.1735153198, 7.04159450531, 8.63227272034], [-109.110542297, 80.1906356812, -5.74000597, 21.6701259613, -13.6675519943, 7.89047861099, 0.116670593619, 32.0557441711, 23.8031024933, 71.8023300171, 19.7578334808, 13.3110809326, 0.879283487797], [-21.5151863098, 45.3290901184, 18.0949516296, 0.454074323177, 10.2212381363, -1.18519234657, 7.41092634201, -5.11947965622, 14.1735153198, 19.7578334808, 52.5132331848, 21.4343910217, 8.27031803131], [-58.1154251099, 60.2488746643, 7.66416358948, 6.61479663849, 7.75436687469, 2.25729489326, 4.09264469147, 4.19658708572, 7.04159450531, 13.3110809326, 21.4343910217, 45.5429153442, 25.3157444], [-129.4737854, 62.6678771973, 23.051651001, 10.7977962494, 15.6510095596, -2.95295143127, 11.7456464767, 2.97364997864, 8.63227272034, 0.879283487797, 8.27031803131, 25.3157444, 48.6195907593]]
        icov: [[0.000757002271712, 0.000787726894487, 0.000384779239539, 0.000382054859074, -0.000171593026607, -0.000225181982387, 0.000590277661104, 0.000413730827859, 0.00061632366851, 5.15990359418e-05, -0.000616439152509, -0.000565334514249, 0.000895794655662], [0.000787726894487, 0.00238063069992, -4.83372277813e-05, -0.00083172484301, -0.000420676573412, 0.000829779135529, -0.0011449479498, -0.000363162864232, -1.20287313621e-05, -0.000733646738809, -0.000598102225922, -0.00177447998431, 0.000762573850807], [0.000384779239539, -4.83372277813e-05, 0.00482327630743, 0.000849845004268, -0.00270440243185, -0.000411931017879, 0.000552420446184, 0.00102470337879, -0.00088142696768, 0.000241090965574, -0.0010634844657, 0.00105372606777, -0.000954802730121], [0.000382054859074, -0.00083172484301, 0.000849845004268, 0.0108128087595, -0.000722873606719, -0.00389676797204, 0.00248745898716, -0.000734184111934, 0.000942814629525, -0.00170420703944, 0.000236728024902, 0.00152345641982, -0.0022449507378], [-0.000171593026607, -0.000420676573412, -0.00270440243185, -0.000722873606719, 0.0152062438428, -0.00342885102145, -0.00515834335238, 0.00205499934964, -0.00133201980498, 0.00348940002732, -0.00138387095649, -0.000383692415198, -0.00184616690967], [-0.000225181982387, 0.000829779135529, -0.000411931017879, -0.00389676797204, -0.00342885102145, 0.020434230566, -0.00691745989025, -0.00250913156196, 0.0043537337333, -0.00331942620687, 0.00198926241137, -0.00332149909809, 0.00423912703991], [0.000590277661104, -0.0011449479498, 0.000552420446184, 0.00248745898716, -0.00515834335238, -0.00691745989025, 0.0250348746777, -0.00272369338199, -0.00583875458688, 0.00457726093009, -0.00311837345362, 0.00363355525769, -0.00281533971429], [0.000413730827859, -0.000363162864232, 0.00102470337879, -0.000734184111934, 0.00205499934964, -0.00250913156196, -0.00272369338199, 0.0247858986259, -0.00681027490646, -0.00873475056142, 0.00830476731062, -0.00191864627413, 0.000528687378392], [0.00061632366851, -1.20287313621e-05, -0.00088142696768, 0.000942814629525, -0.00133201980498, 0.0043537337333, -0.00583875458688, -0.00681027490646, 0.0239915009588, -0.00407734606415, -0.00449369801208, 0.00146123778541, 0.00020322430646], [5.15990359418e-05, -0.000733646738809, 0.000241090965574, -0.00170420703944, 0.00348940002732, -0.00331942620687, 0.00457726093009, -0.00873475056142, -0.00407734606415, 0.0245901979506, -0.00922812987119, -0.00243290956132, 0.00256651476957], [-0.000616439152509, -0.000598102225922, -0.0010634844657, 0.000236728024902, -0.00138387095649, 0.00198926241137, -0.00311837345362, 0.00830476731062, -0.00449369801208, -0.00922812987119, 0.0307111535221, -0.0128228338435, 0.00281011359766], [-0.000565334514249, -0.00177447998431, 0.00105372606777, 0.00152345641982, -0.000383692415198, -0.00332149909809, 0.00363355525769, -0.00191864627413, 0.00146123778541, -0.00243290956132, -0.0128228338435, 0.0410797223449, -0.0203189440072], [0.000895794655662, 0.000762573850807, -0.000954802730121, -0.0022449507378, -0.00184616690967, 0.00423912703991, -0.00281533971429, 0.000528687378392, 0.00020322430646, 0.00256651476957, 0.00281011359766, -0.0203189440072, 0.034440625459]]
    spectral_contrast:
        mean: [-4.67831483775e-07, 2.74770485476e-07, 2.00437938247e-07, 2.59245553025e-07, -4.45718001174e-07, -3.6094164102e-08, 3.69645817955e-06, -3.78652362087e-06, 2.21881759899e-06, -2.55814825323e-06, -1.93382425095e-06, -2.41135444412e-06]
        var: [0.000288120296318, 0.000478431174997, 0.00073654105654, 0.00136310618836, 0.00204346119426, 0.00303927762434, 0.0402013510466, 0.0805019587278, 0.122899234295, 0.221723869443, 0.366379529238, 2.07052350044]

rhythm:
    beats_loudness:
        dmean: 0.00288323592395
        dmean2: 0.00497468840331
        dvar: 6.49706225886e-06
        dvar2: 1.25990509332e-05
        max: 0.0111517626792
        mean: 0.00517462939024
        min: 0.0012343141716
        var: 7.08609240974e-06
    beats_loudness_bass:
        dmean: 0.17824883759
        dmean2: 0.323027461767
        dvar: 0.0416266582906
        dvar2: 0.101814210415
        max: 0.818175971508
        mean: 0.175940901041
        min: 0.00319126201794
        var: 0.0328778997064
    bpm: 138.192276001
    bpm_confidence: 0
    first_peak_bpm: 138
    first_peak_spread: 0
    first_peak_weight: 0.95454543829
    onset_rate: 6.38020849228
    second_peak_bpm: 97
    second_peak_spread: 0
    second_peak_weight: 0.0454545468092
    beats_position: [0.1285944134, 0.562753379345, 0.996912360191, 1.43107140064, 1.86523044109, 2.29938960075, 2.7335486412, 3.16770768166, 3.60186648369, 4.03602552414, 4.47018432617, 4.9043431282, 5.33850193024, 5.77266073227, 6.38937187195, 6.82355928421, 7.25774669647, 7.69193315506, 8.12611961365, 8.56030654907, 8.9944934845, 9.42868041992, 9.86286735535]
    bpm_estimates: [138.204833984, 138.460113525, 138.206604004, 137.92237854, 138.477890015, 138.042114258, 138.406661987, 138.015579224, 138.309738159, 138.152877808, 138.11517334, 138.087997437, 138.097671509]
    bpm_intervals: [0.434158980846, 0.434158980846, 0.434159040451, 0.434159040451, 0.43415915966, 0.434159040451, 0.434159040451, 0.434158802032, 0.434159040451, 0.434158802032, 0.434158802032, 0.434158802032, 0.434158802032, 0.616711139679, 0.434187412262, 0.434187412262, 0.434186458588, 0.434186458588, 0.434186935425, 0.434186935425, 0.434186935425, 0.434186935425]
    onset_times: [0.0696598663926, 0.267029464245, 0.406349211931, 0.545668959618, 0.696598649025, 0.859138309956, 0.986848056316, 1.1261677742, 1.28870749474, 1.42802715302, 1.72988665104, 1.84598636627, 2.00852608681, 2.14784574509, 2.29877543449, 2.43809533119, 2.60063481331, 2.73995471001, 2.86766433716, 3.03020405769, 3.1811337471, 3.32045340538, 3.45977330208, 3.59909296036, 3.76163268089, 3.88934230804, 4.04027223587, 4.19120168686, 4.48145103455, 4.63238096237, 4.91102027893, 5.07356023788, 5.20126962662, 5.35219955444, 5.47990942001, 5.630838871, 5.79337882996, 5.93269824982, 6.1068482399, 6.23455762863, 6.3622674942, 6.52480745316, 6.67573690414, 6.81505680084, 6.9543762207, 7.10530614853, 7.24462604523, 7.39555549622, 7.53487539291, 7.6858048439, 7.98766422272, 8.12698459625, 8.4172334671, 8.56816291809, 8.71909332275, 8.83519268036, 8.99773216248, 9.14866256714, 9.287981987, 9.42730140686, 9.58984088898, 9.72916126251, 9.86848068237, 10.0194101334]
    rubato_start: []
    rubato_stop: []
    perceptual_tempo: "unknown"

sfx:
    inharmonicity:
        dmean: 0.0396409109235
        dmean2: 0.0684497877955
        dvar: 0.00198785634711
        dvar2: 0.0056516379118
        max: 0.282980382442
        mean: 0.0458381325006
        min: 0
        var: 0.00239366432652
    oddtoevenharmonicenergyratio:
        dmean: 1.82690453529
        dmean2: 3.50111293793
        dvar: 51.9631195068
        dvar2: 153.535690308
        max: 92.5539169312
        mean: 1.22424304485
        min: 0
        var: 27.4239845276
    pitch_after_max_to_before_max_energy_ratio: 8.46969985962
    pitch_centroid: 217.596679688
    pitch_max_to_total: 0.123255811632
    pitch_min_to_total: 0.890697658062
    tristimulus:
        dmean: [0.202255904675, 0.229078307748, 0.139661639929]
        dmean2: [0.340637236834, 0.404707789421, 0.24632743001]
        dvar: [0.0218485295773, 0.0353175289929, 0.0158474333584]
        dvar2: [0.0613349750638, 0.103072874248, 0.0454401224852]
        max: [1, 0.959474027157, 0.639058351517]
        mean: [0.396294087172, 0.421240210533, 0.162912681699]
        min: [0.0195053834468, 0, 0]
        var: [0.0507716462016, 0.0473184101284, 0.0207034666091]

tonal:
    chords_changes_rate: 0.050925925374
    chords_number_rate: 0.0231481473893
    chords_strength:
        dmean: 0.0102886958048
        dmean2: 0.0107848718762
        dvar: 6.21383005637e-05
        dvar2: 8.27550611575e-05
        max: 0.683708786964
        mean: 0.559030771255
        min: 0.392535477877
        var: 0.00532983802259
    key_strength: 0.684338092804
    tuning_diatonic_strength: 0.707548260689
    tuning_equal_tempered_deviation: 0.170749217272
    tuning_frequency: 440.508575439
    tuning_nontempered_energy_ratio: 0.800211727619
    hpcp:
        dmean: [0.204541057348, 0.207620471716, 0.183730319142, 0.14926584065, 0.162613376975, 0.175669670105, 0.187130331993, 0.208430275321, 0.233482554555, 0.198881819844, 0.209470063448, 0.191783055663, 0.187994197011, 0.187791064382, 0.177964627743, 0.190249294043, 0.192479759455, 0.158878177404, 0.107423834503, 0.086919605732, 0.0866111069918, 0.109763167799, 0.166504725814, 0.208274245262, 0.157515287399, 0.126439318061, 0.109264649451, 0.0989302322268, 0.143356576562, 0.178462773561, 0.210675567389, 0.198512911797, 0.142985060811, 0.136353060603, 0.195610880852, 0.242396280169]
        dmean2: [0.328852713108, 0.357628762722, 0.327633619308, 0.266103565693, 0.288117676973, 0.292146205902, 0.324500501156, 0.361285805702, 0.391707152128, 0.327451050282, 0.362821370363, 0.328181326389, 0.319036871195, 0.329586386681, 0.295969754457, 0.3202483356, 0.329198569059, 0.27365013957, 0.192997872829, 0.153419166803, 0.149110928178, 0.192492902279, 0.291823208332, 0.367714822292, 0.268745362759, 0.215893819928, 0.180885568261, 0.163375496864, 0.249553352594, 0.300696730614, 0.359449118376, 0.33930799365, 0.259046375751, 0.244839429855, 0.357258617878, 0.415418863297]
        dvar: [0.0428659804165, 0.0426038689911, 0.0391299538314, 0.032558966428, 0.0371585823596, 0.0324590876698, 0.0412948466837, 0.0543850399554, 0.0517852418125, 0.0416783168912, 0.0460255332291, 0.0378319323063, 0.0319122970104, 0.0425891503692, 0.0312451049685, 0.0320122353733, 0.0399143733084, 0.0337637849152, 0.0247657801956, 0.0136813828722, 0.00975529104471, 0.0170759875327, 0.036138471216, 0.0574190579355, 0.0347513183951, 0.0165014117956, 0.0113643743098, 0.0101712616161, 0.0230484735221, 0.030911449343, 0.0461421869695, 0.0414224937558, 0.0310415755957, 0.0304833520204, 0.041485529393, 0.0480643250048]
        dvar2: [0.0751377418637, 0.100012473762, 0.100953385234, 0.0878953039646, 0.0900888815522, 0.0868399068713, 0.1051800102, 0.131365045905, 0.144604831934, 0.109687879682, 0.115699537098, 0.0982433408499, 0.0919164940715, 0.105286106467, 0.0821137204766, 0.0832822099328, 0.109887704253, 0.0955102369189, 0.0705049261451, 0.0382599011064, 0.028835715726, 0.0466675050557, 0.101469010115, 0.151143312454, 0.0977095216513, 0.04693236202, 0.0335591211915, 0.0280253272504, 0.0578505881131, 0.0653064996004, 0.106863945723, 0.11632733047, 0.0830143690109, 0.0828110054135, 0.113085843623, 0.126421779394]
        max: [1, 1, 1, 1, 1, 1, 1, 1, 1, 1, 1, 1, 1, 1, 1, 1, 1, 0.976622700691, 1, 1, 0.78141862154, 0.815070569515, 1, 1, 1, 0.807725012302, 0.570187926292, 0.575604021549, 1, 1, 1, 1, 0.944724500179, 1, 1, 1]
        mean: [0.410448640585, 0.323279887438, 0.227272734046, 0.186400800943, 0.178404554725, 0.207597374916, 0.246521547437, 0.28947198391, 0.32815644145, 0.320205837488, 0.29379427433, 0.249917849898, 0.195936575532, 0.200292572379, 0.255581408739, 0.301872074604, 0.257740229368, 0.166562527418, 0.108326874673, 0.0928236618638, 0.114348694682, 0.136767715216, 0.172003090382, 0.211411133409, 0.185745835304, 0.145228609443, 0.129023894668, 0.120615050197, 0.159062132239, 0.320818394423, 0.413426816463, 0.278832495213, 0.157495692372, 0.139822527766, 0.188605383039, 0.329973906279]
        min: [0.0117302369326, 0.00638714199886, 0.0016861052718, 0.00262460974045, 0.00503598432988, 0.0042965579778, 0.00133135472424, 0.00453755212948, 0.010457156226, 0.00833674054593, 0.00287584797479, 0.00458143558353, 0.00613823952153, 0.00245914212428, 0.00801879633218, 0.0057264729403, 0.00537510868162, 0.00172459578607, 0.00146040588152, 0.00126150040887, 0.00208882056177, 0.00917955767363, 0.00440065516159, 0.00150089571252, 0.00213982095011, 0.00990830827504, 0.00460159825161, 0.0033728776034, 0.00457368744537, 0.00483314413577, 0.00446070125327, 0.00632659113035, 0.00247360463254, 0.00226470385678, 0.00439225463197, 0.00568231707439]
        var: [0.125421389937, 0.0782800838351, 0.0460309013724, 0.0338247567415, 0.0396094173193, 0.0437918417156, 0.0636658370495, 0.0829814970493, 0.0864378511906, 0.0736419707537, 0.0697841569781, 0.0557475164533, 0.038589220494, 0.0495901964605, 0.0485391877592, 0.0605633668602, 0.0620132423937, 0.0336673893034, 0.0176419597119, 0.0117438323796, 0.0113168479875, 0.0174642261118, 0.0355314873159, 0.0612685829401, 0.0331231094897, 0.0184496883303, 0.0136667350307, 0.0121405357495, 0.029074318707, 0.0770427137613, 0.125542268157, 0.0646818056703, 0.0303504541516, 0.0273218844086, 0.040077585727, 0.0784104987979]
    chords_histogram: [43.5185203552, 0, 6.94444465637, 0, 9.72222232819, 0, 0, 0, 0, 0, 0, 0, 0, 0, 0, 0, 0, 0, 0, 0, 0, 29.1666660309, 10.6481485367, 0]
    thpcp: [1, 0.674442231655, 0.380951792002, 0.338203817606, 0.456200182438, 0.798143446445, 0.992796361446, 0.781951904297, 0.549729049206, 0.450867712498, 0.431526333094, 0.502138137817, 0.596288263798, 0.700177073479, 0.793747365475, 0.77451634407, 0.710631847382, 0.604503214359, 0.473932921886, 0.484469234943, 0.618202328682, 0.730170547962, 0.623424053192, 0.402882725, 0.262021899223, 0.224522590637, 0.276587516069, 0.330814808607, 0.416042417288, 0.511362910271, 0.449283480644, 0.351280093193, 0.312083989382, 0.291744619608, 0.384740710258, 0.775998055935]
    chords_key: "C"
    chords_scale: "major"
    key_key: "C"
    key_scale: "major"
    chords_progression: ["Dm", "D", "D", "Dm", "Dm", "D", "D", "D", "D", "D", "D", "D", "D", "D", "D", "D", "D", "D", "D", "D", "D", "D", "Dm", "Dm", "Dm", "Dm", "Dm", "Dm", "G", "G", "G", "G", "G", "G", "G", "G", "G", "G", "G", "G", "G", "G", "G", "C", "C", "C", "C", "C", "C", "C", "C", "C", "C", "C", "C", "C", "C", "C", "C", "C", "C", "C", "C", "C", "C", "C", "C", "C", "C", "C", "C", "C", "C", "C", "C", "C", "C", "C", "C", "C", "C", "C", "C", "C", "C", "C", "C", "C", "C", "C", "C", "C", "C", "C", "C", "C", "C", "C", "C", "C", "C", "C", "C", "C", "C", "C", "C", "F", "F", "F", "F", "F", "F", "F", "F", "F", "F", "F", "F", "F", "Dm", "Dm", "Dm", "Dm", "Dm", "Dm", "Dm", "Dm", "Dm", "Dm", "Dm", "Dm", "Dm", "Dm", "Dm", "Dm", "Dm", "Dm", "Dm", "Dm", "Dm", "Dm", "Dm", "Dm", "Dm", "Dm", "Dm", "Dm", "Dm", "Dm", "Dm", "Dm", "Dm", "Dm", "Dm", "Dm", "Dm", "Dm", "Dm", "Dm", "Dm", "Dm", "Dm", "Dm", "Dm", "Dm", "Dm", "Dm", "Dm", "Dm", "Dm", "Dm", "Dm", "Dm", "D", "D", "F", "F", "F", "F", "F", "F", "F", "F", "F", "F", "C", "C", "C", "C", "C", "C", "C", "C", "C", "C", "C", "C", "C", "C", "C", "C", "C", "C", "C", "C", "C", "C", "C", "C", "C", "C", "C", "C", "C", "C"]
