
metadata:
    version:
        essentia: "1.2.2"
    audio_properties:
        analysis_sample_rate: 44100
        bitrate: 128
        channels: 2
        equal_loudness: 1
        length: 10.0048980713
        replay_gain: -13.4459133148
        downmix: "mix"
    tags:
        track: 14
        year: 0
        album: "Splitted by Mp3Splt v. 2.1"
        artist: "From 002.10 To 002.20"
        comment: "http://mp3splt.sf.net"
        genre: ""
        title: "05 Idioteque.mp3"

highlevel:
    ballroom:
        all:
            ChaChaCha: 0.101114556193
            Jive: 0.417750179768
            Quickstep: 0.0984836667776
            Rumba-American: 0.0687491446733
            Rumba-International: 0.0306975580752
            Rumba-Misc: 0.0954084694386
            Samba: 0.146216720343
            Tango: 0.00710641080514
            VienneseWaltz: 0.0218350403011
            Waltz: 0.0126382587478
        probability: 0.417750179768
        value: "Jive"
    culture:
        all:
            non_western: 0.729058563709
            western: 0.270941466093
        probability: 0.729058563709
        value: "non_western"
    gender:
        all:
            female: 0.461172223091
            male: 0.538827776909
        probability: 0.538827776909
        value: "male"
    genre_dortmund:
        all:
            alternative: 0.0887475684285
            blues: 0.00932343676686
            electronic: 0.107050538063
            folkcountry: 0.0593398846686
            funksoulrnb: 0.0920940190554
            jazz: 0.0596821494401
            pop: 0.170031711459
            raphiphop: 0.0333085656166
            rock: 0.380422145128
        probability: 0.380422145128
        value: "rock"
    genre_electronica:
        all:
            ambient: 0.24125944078
            dnb: 0.0658482834697
            house: 0.0131958341226
            techno: 0.00692558614537
            trance: 0.672770857811
        probability: 0.672770857811
        value: "trance"
    genre_rosamerica:
        all:
            cla: 0.0109002478421
            dan: 0.142453849316
            hip: 0.0111336372793
            jaz: 0.074800953269
            pop: 0.358291327953
            rhy: 0.347932368517
            roc: 0.0508867017925
            spe: 0.00360090937465
        probability: 0.358291327953
        value: "pop"
    genre_tzanetakis:
        all:
            blu: 0.00754622230306
            cla: 0.021307926625
            cou: 0.0420421361923
            dis: 0.0341483280063
            hip: 0.0122126908973
            jaz: 0.0380557328463
            met: 0.00695094140247
            pop: 0.764410495758
            reg: 0.0412421151996
            roc: 0.032083388418
        probability: 0.764410495758
        value: "pop"
    live_studio:
        all:
            live: 0.678262770176
            studio: 0.321737200022
        probability: 0.678262770176
        value: "live"
    mood:
        all:
            Cluster1: 0.0944915935397
            Cluster2: 0.533956229687
            Cluster3: 0.160138785839
            Cluster4: 0.155811876059
            Cluster5: 0.0556015297771
        probability: 0.533956229687
        value: "Cluster2"
    mood_acoustic:
        all:
            acoustic: 0.0399008467793
            not_acoustic: 0.960099160671
        probability: 0.960099160671
        value: "not_acoustic"
    mood_aggressive:
        all:
            aggressive: 0.735823333263
            not_aggressive: 0.264176666737
        probability: 0.735823333263
        value: "aggressive"
    mood_electronic:
        all:
            electronic: 0.643873512745
            not_electronic: 0.356126487255
        probability: 0.643873512745
        value: "electronic"
    mood_happy:
        all:
            happy: 0.488493174314
            not_happy: 0.511506855488
        probability: 0.511506855488
        value: "not_happy"
    mood_party:
        all:
            not_party: 0.558823466301
            party: 0.441176503897
        probability: 0.558823466301
        value: "not_party"
    mood_relaxed:
        all:
            not_relaxed: 0.531776845455
            relaxed: 0.468223184347
        probability: 0.531776845455
        value: "not_relaxed"
    mood_sad:
        all:
            not_sad: 0.473159104586
            sad: 0.526840865612
        probability: 0.526840865612
        value: "sad"
    rhythm:
        all:
            fast: 0.939362168312
            medium: 0.0545768812299
            slow: 0.00606096815318
        probability: 0.939362168312
        value: "fast"
    speech_music:
        all:
            music: 0.992400228977
            speech: 0.00759975565597
        probability: 0.992400228977
        value: "music"
    timbre:
        all:
            bright: 0.383377194405
            dark: 0.616622805595
        probability: 0.616622805595
        value: "dark"
    voice_instrumental:
        all:
            instrumental: 0.0743995904922
            voice: 0.925600409508
        probability: 0.925600409508
        value: "voice"

lowlevel:
    average_loudness: 0.974117398262
    barkbands_kurtosis:
        dmean: 1.41361916065
        dmean2: 2.23562693596
        dvar: 3.37204837799
        dvar2: 8.09378528595
        max: 21.0426464081
        mean: 1.06855988503
        min: -1.67615866661
        var: 7.61746501923
    barkbands_skewness:
        dmean: 0.492868244648
        dmean2: 0.772035419941
        dvar: 0.202051863074
        dvar2: 0.439949452877
        max: 4.23858976364
        mean: 0.887065708637
        min: -2.03442931175
        var: 0.676982879639
    barkbands_spread:
        dmean: 5.82262945175
        dmean2: 8.87006855011
        dvar: 29.5195274353
        dvar2: 65.9726486206
        max: 66.8543624878
        mean: 21.4822864532
        min: 4.6462597847
        var: 101.052093506
    dissonance:
        dmean: 0.0323319099844
        dmean2: 0.0540622808039
        dvar: 0.000718187016901
        dvar2: 0.00203602039255
        max: 0.499986022711
        mean: 0.437518537045
        min: 0.289525151253
        var: 0.00152602000162
    hfc:
        dmean: 2.24299263954
        dmean2: 3.37878394127
        dvar: 5.98092746735
        dvar2: 13.8254785538
        max: 23.1666717529
        mean: 7.18594694138
        min: 5.05080697621e-06
        var: 14.880604744
    pitch:
        dmean: 144.613540649
        dmean2: 270.231140137
        dvar: 360251.375
        dvar2: 821682.5
        max: 4900
        mean: 413.416534424
        min: 74.8726654053
        var: 382140.8125
    pitch_instantaneous_confidence:
        dmean: 0.107895307243
        dmean2: 0.15992064774
        dvar: 0.0107146771625
        dvar2: 0.0215518530458
        max: 0.930143237114
        mean: 0.642675757408
        min: 0.1482000947
        var: 0.047399841249
    pitch_salience:
        dmean: 0.0889263302088
        dmean2: 0.15038613975
        dvar: 0.00635162973776
        dvar2: 0.0146396150813
        max: 0.981156289577
        mean: 0.594052314758
        min: 0.147892251611
        var: 0.0147159462795
    silence_rate_20dB:
        dmean: 0
        dmean2: 0
        dvar: 0
        dvar2: 0
        max: 1
        mean: 1
        min: 1
        var: 0
    silence_rate_30dB:
        dmean: 0
        dmean2: 0
        dvar: 0
        dvar2: 0
        max: 1
        mean: 1
        min: 1
        var: 0
    silence_rate_60dB:
        dmean: 0.0997679829597
        dmean2: 0.20000000298
        dvar: 0.0898143276572
        dvar2: 0.201861023903
        max: 1
        mean: 0.122685186565
        min: 0
        var: 0.107633724809
    spectral_centroid:
        dmean: 272.742431641
        dmean2: 434.531188965
        dvar: 147322.015625
        dvar2: 312411.6875
        max: 4676.85107422
        mean: 1325.99987793
        min: 406.768463135
        var: 333623.1875
    spectral_complexity:
        dmean: 2.95116281509
        dmean2: 4.70396280289
        dvar: 9.7906703949
        dvar2: 24.3995285034
        max: 37
        mean: 10.1345710754
        min: 0
        var: 21.2997646332
    spectral_crest:
        dmean: 3.09687566757
        dmean2: 4.989320755
        dvar: 7.55878925323
        dvar2: 18.7420597076
        max: 23.1541309357
        mean: 10.230178833
        min: 3.00417804718
        var: 17.7497673035
    spectral_decrease:
        dmean: 4.68949268306e-10
        dmean2: 7.31065374904e-10
        dvar: 2.1866255829e-19
        dvar2: 5.26478539604e-19
        max: -7.21306364586e-16
        mean: -1.33065669594e-09
        min: -3.82984888248e-09
        var: 4.00181863643e-19
    spectral_energy:
        dmean: 0.00192251882982
        dmean2: 0.00300231087022
        dvar: 3.61476782018e-06
        dvar2: 8.6294785433e-06
        max: 0.0155653040856
        mean: 0.00567399384454
        min: 3.18050785708e-09
        var: 6.71455291013e-06
    spectral_energyband_high:
        dmean: 0.000154126697453
        dmean2: 0.00023379913182
        dvar: 6.92181032491e-08
        dvar2: 1.52915589524e-07
        max: 0.00309966504574
        mean: 0.000361074053217
        min: 1.05820401053e-10
        var: 1.44289714399e-07
    spectral_energyband_low:
        dmean: 0.000175219465746
        dmean2: 0.000312961841701
        dvar: 8.13011951095e-08
        dvar2: 2.19984784167e-07
        max: 0.00208114506677
        mean: 0.000174197004526
        min: 3.29014177014e-11
        var: 6.63032935222e-08
    spectral_energyband_middle_high:
        dmean: 0.000732750922907
        dmean2: 0.0010506544495
        dvar: 5.84667816383e-07
        dvar2: 1.26097074826e-06
        max: 0.00736078992486
        mean: 0.00213343533687
        min: 2.69841238243e-09
        var: 2.43333715844e-06
    spectral_energyband_middle_low:
        dmean: 0.00148228916805
        dmean2: 0.00239241612144
        dvar: 2.59270404968e-06
        dvar2: 5.9140979829e-06
        max: 0.0125814275816
        mean: 0.00300528621301
        min: 3.38033517844e-10
        var: 5.1115421229e-06
    spectral_flatness_db:
        dmean: 0.024589329958
        dmean2: 0.0375934280455
        dvar: 0.000451339874417
        dvar2: 0.00100872223265
        max: 0.267244696617
        mean: 0.154947787523
        min: 0.0750060677528
        var: 0.00135017500725
    spectral_flux:
        dmean: 0.0135899987072
        dmean2: 0.0211015082896
        dvar: 0.000156082198373
        dvar2: 0.000345937762177
        max: 0.10563608259
        mean: 0.0461395382881
        min: 5.63959911233e-05
        var: 0.00027365150163
    spectral_kurtosis:
        dmean: 0.945799231529
        dmean2: 1.36154484749
        dvar: 1.02849698067
        dvar2: 2.18018960953
        max: 12.0325698853
        mean: 3.01493620872
        min: -0.873779535294
        var: 3.93708729744
    spectral_rms:
        dmean: 0.000405123253586
        dmean2: 0.000614616263192
        dvar: 1.45708412447e-07
        dvar2: 3.2501310443e-07
        max: 0.00389687856659
        mean: 0.00228259689175
        min: 1.76151490905e-06
        var: 3.25354250208e-07
    spectral_rolloff:
        dmean: 636.181091309
        dmean2: 1030.63244629
        dvar: 581451.4375
        dvar2: 1200925
        max: 8031.88476562
        mean: 2381.99072266
        min: 322.998046875
        var: 1599841.875
    spectral_skewness:
        dmean: 0.178479075432
        dmean2: 0.259192198515
        dvar: 0.0321774445474
        dvar2: 0.0615858994424
        max: 3.06539750099
        mean: 1.52115345001
        min: 0.306594103575
        var: 0.14039991796
    spectral_spread:
        dmean: 954933.1875
        dmean2: 1336574.625
        dvar: 797288103936
        dvar2: 1.48256155238e+12
        max: 11923945
        mean: 6873727.5
        min: 3350434.75
        var: 3.13377344717e+12
    spectral_strongpeak:
        dmean: 0.389519333839
        dmean2: 0.6070997715
        dvar: 0.169010266662
        dvar2: 0.412226915359
        max: 4.698969841
        mean: 0.974711477757
        min: 2.00166559807e-05
        var: 0.435761630535
    zerocrossingrate:
        dmean: 0.0102641256526
        dmean2: 0.0125188939273
        dvar: 0.0001560603705
        dvar2: 0.000200775568374
        max: 0.21533203125
        mean: 0.07545927912
        min: 0.025390625
        var: 0.000787140743341
    barkbands:
        dmean: [2.4758071504e-07, 4.94759442518e-05, 0.000134248984978, 0.000361864891602, 0.000289491465082, 0.0004217189271, 6.56615447951e-05, 0.000341226375895, 0.00078799953917, 0.000104649407149, 0.000355045922333, 9.70368928392e-05, 8.18408661871e-05, 7.87326207501e-05, 9.55624054768e-05, 4.47373276984e-05, 7.65594522818e-05, 0.000139419556945, 7.94675434008e-05, 8.32017103676e-05, 7.71163322497e-05, 3.19096652674e-05, 1.47703167386e-05, 1.08493550215e-05, 5.93142294747e-06, 4.39488616166e-07, 3.3246756459e-09]
        dmean2: [4.25097027801e-07, 8.70791409397e-05, 0.00024036623654, 0.000619311933406, 0.000487906072522, 0.000653858645819, 0.000114170361485, 0.000563335546758, 0.00132243183907, 0.000167013145983, 0.000542468624189, 0.000144982419442, 0.00013070247951, 0.000125680890051, 0.000153850429342, 7.252436626e-05, 0.000124896047055, 0.000218324508751, 0.000122574507259, 0.000132582776132, 0.000120530145068, 5.07649783685e-05, 2.34533617913e-05, 1.65663532243e-05, 8.91706895345e-06, 6.45411375899e-07, 5.37270761214e-09]
        dvar: [4.63654993305e-13, 5.29732702148e-09, 5.45781304595e-08, 6.01476529027e-07, 4.08987546052e-07, 7.46392856854e-07, 2.76962186518e-08, 3.4276845895e-07, 9.38347170631e-07, 7.95099666107e-08, 3.23220461951e-07, 5.37268540768e-08, 1.87458351064e-08, 2.38591315593e-08, 2.47902480766e-08, 4.3907792957e-09, 2.33192487542e-08, 3.78157878345e-08, 1.14292593167e-08, 1.20187619856e-08, 1.12782601036e-08, 6.3854983523e-09, 1.51637191692e-09, 1.23687005082e-09, 2.6260854602e-10, 1.07636501708e-12, 6.74850472017e-17]
        dvar2: [1.1559463239e-12, 1.54022821164e-08, 1.45231553006e-07, 1.53395080815e-06, 1.05549133878e-06, 1.5943235212e-06, 7.40061594229e-08, 9.45905071603e-07, 2.28817680181e-06, 1.62045026286e-07, 7.19914339697e-07, 1.14676943497e-07, 4.36585949615e-08, 4.85992543986e-08, 6.70297026772e-08, 1.12784421802e-08, 5.71650211612e-08, 1.00294464289e-07, 3.00470084369e-08, 2.51012952646e-08, 2.73740194956e-08, 1.36372522164e-08, 3.84845311174e-09, 2.82691692277e-09, 6.47907838491e-10, 2.61348147984e-12, 1.62043596738e-16]
        max: [4.40997837359e-06, 0.000470199098345, 0.00160941435024, 0.00603513885289, 0.00593281583861, 0.0102656576782, 0.0014858749928, 0.00613099476323, 0.0083694094792, 0.00356142199598, 0.00566263729706, 0.00348515575752, 0.00151671585627, 0.00241681584157, 0.0015062848106, 0.000742254895158, 0.00194183620624, 0.00263257464394, 0.00118024414405, 0.00111022021156, 0.00102679245174, 0.00122251466382, 0.000513269100338, 0.000407015759265, 0.000212775674299, 1.22387182273e-05, 7.80287692237e-08]
        mean: [1.90255548205e-07, 4.85202181153e-05, 0.000125491176732, 0.000293511344353, 0.00028572184965, 0.000632873969153, 6.04147535341e-05, 0.00051345617976, 0.0012135716388, 0.000129943902721, 0.00068643479608, 0.000164731449331, 0.000116781229735, 0.000126779472339, 0.000159080140293, 8.14207305666e-05, 0.000129652122268, 0.000288736540824, 0.000169427192304, 0.000172791595105, 0.000174778149812, 5.33691236342e-05, 2.24638824875e-05, 1.49546385728e-05, 8.30043882161e-06, 5.95407982473e-07, 3.72861030939e-09]
        min: [1.05208194587e-11, 1.6288510471e-11, 1.13354603481e-11, 1.16626187874e-11, 3.01037632322e-11, 3.14480698427e-11, 3.62690398548e-11, 2.92158346127e-11, 1.53736259834e-10, 3.73392483599e-10, 3.87823939629e-10, 3.55320245449e-10, 3.65464186691e-10, 1.8392719292e-10, 2.77402628646e-10, 5.02105523825e-10, 1.05897027258e-10, 1.064853275e-10, 6.45161910007e-11, 6.07994071755e-11, 4.51002707402e-11, 1.07789827411e-11, 5.92151718284e-12, 2.30581526095e-12, 1.91758696595e-12, 4.04855185834e-13, 2.8996407055e-13]
        var: [3.63133053358e-13, 5.47487477576e-09, 4.20167047821e-08, 5.18299032137e-07, 3.8517481471e-07, 1.63247739238e-06, 2.51988208078e-08, 7.41698613638e-07, 2.01413536161e-06, 1.11326649233e-07, 9.83127165455e-07, 1.82185786457e-07, 3.52882878474e-08, 5.10397732967e-08, 5.22685326132e-08, 7.77071740288e-09, 3.45420865244e-08, 1.12461798096e-07, 2.01755252505e-08, 2.64716248921e-08, 3.21655342361e-08, 1.20870158327e-08, 1.78192272049e-09, 1.56637913751e-09, 2.62774718651e-10, 1.13335317693e-12, 6.64223318728e-17]
    mfcc:
        mean: [-700.398803711, 89.1375579834, -37.7548370361, 23.6212062836, -25.4365310669, -12.0911588669, -1.61965990067, -2.00475549698, -0.988319158554, -2.9784886837, -5.77303886414, -8.41017341614, -12.314827919]
        cov: [[2303.89428711, -372.962890625, 204.119689941, 124.670410156, 16.7741184235, -15.1800737381, -68.7152938843, -59.6634712219, -31.0537014008, -21.0903129578, -42.6607246399, -19.0353069305, -58.1307067871], [-372.962890625, 672.811706543, -73.4201660156, 39.0536422729, -6.37408685684, 67.2951812744, 128.298049927, 55.9791412354, -11.2482194901, 10.5445928574, 70.2364273071, 30.6184272766, 48.9610900879], [204.119689941, -73.4201660156, 631.448608398, 149.86138916, 77.2846603394, 88.399848938, -61.3672866821, -61.5705680847, -57.3200798035, -36.8890724182, 88.8181838989, -14.5646352768, 6.02912092209], [124.670410156, 39.0536422729, 149.86138916, 281.353851318, 128.564208984, 20.9831733704, -12.8511343002, 34.5204429626, 64.9915008545, 44.1230888367, -13.5029039383, 22.2662086487, 11.5029582977], [16.7741184235, -6.37408685684, 77.2846603394, 128.564208984, 209.993942261, 36.7397842407, -25.673406601, 15.6585493088, 78.6107177734, 68.9761734009, -9.60243988037, 16.8813819885, 17.3803653717], [-15.1800737381, 67.2951812744, 88.399848938, 20.9831733704, 36.7397842407, 183.287658691, 142.794616699, 53.0685043335, 1.79623413086, 10.9883356094, 40.5334091187, 34.5237007141, 27.0528583527], [-68.7152938843, 128.298049927, -61.3672866821, -12.8511343002, -25.673406601, 142.794616699, 273.25680542, 136.01373291, 26.166179657, 19.3900203705, 29.1097583771, 51.9698448181, 23.7677555084], [-59.6634712219, 55.9791412354, -61.5705680847, 34.5204429626, 15.6585493088, 53.0685043335, 136.01373291, 160.955413818, 78.4630661011, 50.8569259644, 6.79117393494, 43.4149284363, 22.8092269897], [-31.0537014008, -11.2482194901, -57.3200798035, 64.9915008545, 78.6107177734, 1.79623413086, 26.166179657, 78.4630661011, 131.769042969, 77.7262954712, -14.0786571503, 34.0487327576, 13.8280906677], [-21.0903129578, 10.5445928574, -36.8890724182, 44.1230888367, 68.9761734009, 10.9883356094, 19.3900203705, 50.8569259644, 77.7262954712, 121.972183228, 39.2434883118, 44.5462493896, 13.9086799622], [-42.6607246399, 70.2364273071, 88.8181838989, -13.5029039383, -9.60243988037, 40.5334091187, 29.1097583771, 6.79117393494, -14.0786571503, 39.2434883118, 115.081237793, 29.9280033112, 14.8187103271], [-19.0353069305, 30.6184272766, -14.5646352768, 22.2662086487, 16.8813819885, 34.5237007141, 51.9698448181, 43.4149284363, 34.0487327576, 44.5462493896, 29.9280033112, 77.1875457764, 38.7272911072], [-58.1307067871, 48.9610900879, 6.02912092209, 11.5029582977, 17.3803653717, 27.0528583527, 23.7677555084, 22.8092269897, 13.8280906677, 13.9086799622, 14.8187103271, 38.7272911072, 66.7907409668]]
        icov: [[0.000515731691848, 0.000283876433969, -8.26296818559e-05, -0.000328710506437, 0.000114048198157, 9.31103568291e-06, -0.000123466161313, 0.000137590730446, 0.00024785118876, -0.000118546638987, 0.000151351079694, -0.000188387639355, 0.000317361264024], [0.000283876433969, 0.00225586164743, 0.000864613451995, -0.0012821367709, -0.0002461578988, 0.000150392836076, -0.00100595247932, 0.00017668538203, 0.000611772644334, 0.000897950434592, -0.00224483548664, 0.00105154688936, -0.00138836633414], [-8.26296818559e-05, 0.000864613451995, 0.00369452871382, -0.0023453773465, -0.000880707870238, -0.00200158194639, 0.00135663500987, -0.000162914671819, 0.000584294903092, 0.00312393461354, -0.00464615318924, 0.0012670744909, -0.000497887202073], [-0.000328710506437, -0.0012821367709, -0.0023453773465, 0.00710280751809, -0.00249376473948, 0.000853357836604, 0.00047594498028, -0.00139776431024, -0.000951265334152, -0.00120144989341, 0.00348850246519, -0.00230904691853, 0.00126549345441], [0.000114048198157, -0.0002461578988, -0.000880707870238, -0.00249376473948, 0.0108112674206, -0.00413124030456, 0.00220842007548, 0.0019714536611, -0.00404678285122, -0.00523502659053, 0.00326066277921, 0.00199206732213, -0.00176095683128], [9.31103568291e-06, 0.000150392836076, -0.00200158194639, 0.000853357836604, -0.00413124030456, 0.0141773559153, -0.00895264092833, 0.00186807091814, 0.00150558375753, 0.000719638192095, -0.0012390880147, -0.00077479868196, -0.00192529859487], [-0.000123466161313, -0.00100595247932, 0.00135663500987, 0.00047594498028, 0.00220842007548, -0.00895264092833, 0.0138382539153, -0.00885569676757, 0.00133189524058, 0.00128567533102, 0.000107922744064, -0.0031103680376, 0.00281292339787], [0.000137590730446, 0.00017668538203, -0.000162914671819, -0.00139776431024, 0.0019714536611, 0.00186807091814, -0.00885569676757, 0.0178317930549, -0.00837983563542, -0.00156459817663, 0.00023029766453, 0.000694211805239, -0.00235513877124], [0.00024785118876, 0.000611772644334, 0.000584294903092, -0.000951265334152, -0.00404678285122, 0.00150558375753, 0.00133189524058, -0.00837983563542, 0.0215758830309, -0.00844335462898, 0.00452914880589, -0.00234893755987, 0.000357750395779], [-0.000118546638987, 0.000897950434592, 0.00312393461354, -0.00120144989341, -0.00523502659053, 0.000719638192095, 0.00128567533102, -0.00156459817663, -0.00844335462898, 0.023735428229, -0.0121849179268, -0.00531774200499, 0.00290326727554], [0.000151351079694, -0.00224483548664, -0.00464615318924, 0.00348850246519, 0.00326066277921, -0.0012390880147, 0.000107922744064, 0.00023029766453, 0.00452914880589, -0.0121849179268, 0.0205994453281, -0.00471985433251, 0.00089832523372], [-0.000188387639355, 0.00105154688936, 0.0012670744909, -0.00230904691853, 0.00199206732213, -0.00077479868196, -0.0031103680376, 0.000694211805239, -0.00234893755987, -0.00531774200499, -0.00471985433251, 0.0276624001563, -0.013384914957], [0.000317361264024, -0.00138836633414, -0.000497887202073, 0.00126549345441, -0.00176095683128, -0.00192529859487, 0.00281292339787, -0.00235513877124, 0.000357750395779, 0.00290326727554, 0.00089832523372, -0.013384914957, 0.0240174606442]]
    spectral_contrast:
        mean: [2.2095898089e-07, 6.50153921811e-08, -4.74883762536e-07, 1.75287439674e-07, 5.52864207748e-07, -5.3779015019e-08, 8.23539778594e-08, 1.17591253002e-06, -5.38855010745e-06, -2.84885317114e-07, 1.45346825775e-06, 1.74250232021e-08]
        var: [0.000492548802868, 0.000938834622502, 0.00163171777967, 0.00400841282681, 0.00641128234565, 0.00887238141149, 0.0420753024518, 0.0850618779659, 0.162609159946, 0.300385296345, 0.753352284431, 1.28835773468]

rhythm:
    beats_loudness:
        dmean: 0.00274929706939
        dmean2: 0.00493965204805
        dvar: 2.95299787467e-06
        dvar2: 9.00894701772e-06
        max: 0.0113326022401
        mean: 0.00735544739291
        min: 0.00401884689927
        var: 4.96963730257e-06
    beats_loudness_bass:
        dmean: 0.146369934082
        dmean2: 0.25909230113
        dvar: 0.0109078362584
        dvar2: 0.0254013370723
        max: 0.344405680895
        mean: 0.100167125463
        min: 0.000581339234486
        var: 0.0129193207249
    bpm: 73.656211853
    bpm_confidence: 0
    first_peak_bpm: 130
    first_peak_spread: 0
    first_peak_weight: 0.705882370472
    onset_rate: 4.79764986038
    second_peak_bpm: 74
    second_peak_spread: 0
    second_peak_weight: 0.235294118524
    beats_position: [0.0401395075023, 0.502192735672, 0.964245915413, 1.42629909515, 1.8883523941, 2.35040569305, 2.81245875359, 3.27451205254, 3.73656535149, 4.19861841202, 4.66067171097, 5.12272500992, 5.58477830887, 6.22039747238, 7.0350227356, 7.84964704514, 8.66427135468, 9.47889614105]
    bpm_estimates: [74.2856750488, 73.3645248413, 73.3184280396]
    bpm_intervals: [0.462053239346, 0.462053179741, 0.462053179741, 0.46205329895, 0.46205329895, 0.462053060532, 0.46205329895, 0.46205329895, 0.462053060532, 0.46205329895, 0.46205329895, 0.46205329895, 0.635619163513, 0.814625263214, 0.81462430954, 0.81462430954, 0.814624786377]
    onset_times: [0.0464399084449, 0.46439909935, 0.708208620548, 1.09133791924, 1.19582772255, 1.28870749474, 1.43963718414, 1.49768710136, 1.70666670799, 1.90403628349, 2.00852608681, 2.10140585899, 2.34521532059, 2.64707493782, 2.82122445107, 3.04181408882, 3.44816327095, 3.52943301201, 3.72680282593, 3.93578219414, 4.051882267, 4.29569149017, 4.37696123123, 4.53950119019, 4.7020406723, 5.01551008224, 5.1780500412, 5.32897949219, 5.49151945114, 5.54956912994, 5.99074840546, 6.13006782532, 6.22294807434, 6.43192720413, 6.60607719421, 6.84988641739, 7.02403640747, 7.41877555847, 7.56970500946, 7.74385499954, 7.87156438828, 8.04571437836, 8.47528362274, 8.57977294922, 8.64943313599, 8.87002277374, 9.50857162476, 9.70594120026]
    rubato_start: [7.0350227356]
    rubato_stop: [9.47889614105]
    perceptual_tempo: "unknown"

sfx:
    inharmonicity:
        dmean: 0.0432214327157
        dmean2: 0.0758598223329
        dvar: 0.00326946028508
        dvar2: 0.00940630026162
        max: 0.379293859005
        mean: 0.0426487214863
        min: 0
        var: 0.00288185966201
    oddtoevenharmonicenergyratio:
        dmean: 4.85446929932
        dmean2: 8.54267501831
        dvar: 93.6364135742
        dvar2: 259.881622314
        max: 105.147529602
        mean: 4.1628241539
        min: 0
        var: 77.7665557861
    pitch_after_max_to_before_max_energy_ratio: 3.00651621819
    pitch_centroid: 214.053710938
    pitch_max_to_total: 0.406032472849
    pitch_min_to_total: 0.661252915859
    tristimulus:
        dmean: [0.18419495225, 0.210374265909, 0.090462513268]
        dmean2: [0.311419785023, 0.360192656517, 0.159171879292]
        dvar: [0.0358325988054, 0.0473119728267, 0.0104270866141]
        dvar2: [0.0955092012882, 0.122145816684, 0.0306833218783]
        max: [1, 0.950339317322, 0.611471414566]
        mean: [0.302635639906, 0.57010871172, 0.0956527665257]
        min: [0.00272113271058, 0, 0]
        var: [0.0504503138363, 0.0713371858001, 0.0112457061186]

tonal:
    chords_changes_rate: 0.0833333358169
    chords_number_rate: 0.037037037313
    chords_strength:
        dmean: 0.00965242087841
        dmean2: 0.0111561007798
        dvar: 6.31904258626e-05
        dvar2: 0.000107564286736
        max: 0.590504527092
        mean: 0.478400915861
        min: 0.272783309221
        var: 0.00504805333912
    key_strength: 0.664929687977
    tuning_diatonic_strength: 0.614227354527
    tuning_equal_tempered_deviation: 0.24524384737
    tuning_frequency: 447.949737549
    tuning_nontempered_energy_ratio: 0.850104093552
    hpcp:
        dmean: [0.0844242796302, 0.11421405524, 0.148670077324, 0.163206353784, 0.154272437096, 0.120501600206, 0.0876336470246, 0.0841424539685, 0.0849088877439, 0.081300355494, 0.0962776467204, 0.0847975984216, 0.0815693512559, 0.130173444748, 0.165491968393, 0.199176430702, 0.273899823427, 0.283793866634, 0.252849638462, 0.23981757462, 0.195606142282, 0.113130524755, 0.0732338801026, 0.0720801800489, 0.0877098366618, 0.0794359222054, 0.0676474273205, 0.0635334998369, 0.0536844953895, 0.0595722272992, 0.0647910535336, 0.0659599080682, 0.0581358373165, 0.0576547682285, 0.0682940781116, 0.0666712000966]
        dmean2: [0.136045783758, 0.187988117337, 0.259523868561, 0.277423620224, 0.256691962481, 0.216609492898, 0.150090873241, 0.147638782859, 0.145695671439, 0.138256281614, 0.165326446295, 0.146942257881, 0.137352272868, 0.221777528524, 0.298094451427, 0.352882772684, 0.480662196875, 0.482416391373, 0.43283444643, 0.406311094761, 0.352078408003, 0.201835483313, 0.127226039767, 0.118592254817, 0.154022008181, 0.135433495045, 0.114877164364, 0.106801621616, 0.0846414864063, 0.0967387333512, 0.102693393826, 0.10932418704, 0.0966232940555, 0.0955913811922, 0.114976659417, 0.107134535909]
        dvar: [0.0231820512563, 0.0356268137693, 0.0332276932895, 0.0494433380663, 0.0377089753747, 0.0352834500372, 0.0281255990267, 0.0260713156313, 0.0268851108849, 0.0226072557271, 0.0304602533579, 0.0221148394048, 0.0145108820871, 0.0464889034629, 0.0552902407944, 0.0577622354031, 0.0814637318254, 0.0640021711588, 0.0680336952209, 0.0575365684927, 0.054744772613, 0.0355430059135, 0.0168241560459, 0.00940034445375, 0.0214595124125, 0.0183560922742, 0.0118620088324, 0.0173336155713, 0.00584841985255, 0.00819372851402, 0.0138466600329, 0.0171311702579, 0.0128432903439, 0.00763242132962, 0.0109040141106, 0.0102590192109]
        dvar2: [0.0527615956962, 0.0894421935081, 0.086786262691, 0.117018975317, 0.089765585959, 0.0850815176964, 0.0699187070131, 0.0645575076342, 0.0713324919343, 0.0545754283667, 0.0807874724269, 0.0631050467491, 0.0360761024058, 0.112811297178, 0.13655616343, 0.162404119968, 0.20625205338, 0.145099401474, 0.178426399827, 0.135387033224, 0.143197491765, 0.0962080582976, 0.0463278591633, 0.0237539019436, 0.0520945526659, 0.0470238626003, 0.0291567984968, 0.0461082495749, 0.0127832954749, 0.0211742017418, 0.0353330634534, 0.0462803207338, 0.0384097099304, 0.0192472841591, 0.0274736732244, 0.0241017304361]
        max: [1, 1, 1, 1, 1, 1, 1, 1, 1, 1, 1, 1, 0.758180081844, 1, 1, 1, 1, 1, 1, 1, 1, 1, 1, 0.693632483482, 1, 1, 0.957520842552, 1, 0.465487897396, 0.622497856617, 1, 1, 0.830023050308, 0.672088742256, 0.687049806118, 0.905830860138]
        mean: [0.0997062250972, 0.129187911749, 0.173476040363, 0.234137788415, 0.215682506561, 0.13021697104, 0.0833973437548, 0.0797932818532, 0.0852663218975, 0.100166372955, 0.103197164834, 0.088779643178, 0.0956282168627, 0.146556317806, 0.202924147248, 0.27735710144, 0.329750776291, 0.363388836384, 0.445380359888, 0.380017787218, 0.20828717947, 0.117859691381, 0.0788775607944, 0.0808692649007, 0.108934506774, 0.111907824874, 0.0850587934256, 0.0677652284503, 0.0665732398629, 0.069576472044, 0.0732297897339, 0.0694909468293, 0.059072047472, 0.0597998313606, 0.0702841430902, 0.0778548568487]
        min: [0.00226557045244, 0.00137661350891, 0.00139627163298, 0.00278437766246, 0.00263874675147, 0.00181936100125, 0.00134207541123, 0.0011423076503, 0.00156259781215, 0.0014329184778, 0.00164766213857, 0.000918579520658, 0.000957313517574, 0.00231926911511, 0.00167759123724, 0.00250837206841, 0.00195863912813, 0.0027491080109, 0.000950675050262, 0.00124837004114, 0.000900718383491, 0.0011470306199, 0.00174243771471, 0.000693418085575, 0.000849119853228, 0.00124268082436, 0.000985170947388, 0.00103151181247, 0.00219101365656, 0.00130608689506, 0.0014220350422, 0.00148105085827, 0.00126651767641, 0.00153551541734, 0.00172711000778, 0.00308940513059]
        var: [0.0293301623315, 0.0473202541471, 0.046170823276, 0.0772108733654, 0.0676691010594, 0.0444020181894, 0.025960508734, 0.0238217841834, 0.0240509007126, 0.0377439036965, 0.0331170968711, 0.018145551905, 0.0181740373373, 0.062261659652, 0.0797700807452, 0.108490563929, 0.122603625059, 0.0983254313469, 0.145171239972, 0.115078382194, 0.0668048709631, 0.0389841943979, 0.0162337198853, 0.0117401359603, 0.0249111261219, 0.0330839082599, 0.0195504277945, 0.0151437679306, 0.00815384462476, 0.00871263165027, 0.0145363397896, 0.0181043148041, 0.012062523514, 0.00856914557517, 0.0106202280149, 0.0116331279278]
    chords_histogram: [41.203704834, 6.94444465637, 5.09259271622, 15.7407407761, 0, 0, 0, 0, 3.70370364189, 0, 14.8148145676, 0, 0, 0, 0, 5.55555534363, 0, 0, 0, 0, 0, 0, 6.48148155212, 0.462962955236]
    thpcp: [1, 0.853243231773, 0.467661350965, 0.264627039433, 0.177101567388, 0.181573480368, 0.24458758533, 0.25126349926, 0.190980121493, 0.152151361108, 0.14947502315, 0.156218096614, 0.16442078352, 0.15602606535, 0.132632806897, 0.134266883135, 0.157807007432, 0.17480532825, 0.223867580295, 0.290061980486, 0.389500886202, 0.525703012943, 0.484265863895, 0.292372494936, 0.187249705195, 0.179157614708, 0.191446080804, 0.224900737405, 0.231705695391, 0.199334442616, 0.214711353183, 0.329058766365, 0.455619871616, 0.622742116451, 0.740380167961, 0.815906763077]
    chords_key: "D#"
    chords_scale: "major"
    key_key: "D#"
    key_scale: "major"
    chords_progression: ["G#", "G#", "G#", "G#", "G#", "G#", "G#", "G#", "G#", "G#", "G#", "G#", "G#", "G#", "Cm", "D#", "D#", "D#", "D#", "D#", "D#", "D#", "D#", "D#", "D#", "D#", "D#", "D#", "D#", "D#", "D#", "D#", "D#", "D#", "D#", "D#", "D#", "D#", "D#", "D#", "D#", "D#", "D#", "D#", "D#", "D#", "D#", "D#", "D#", "D#", "D#", "D#", "D#", "D#", "D#", "D#", "D#", "D#", "D#", "D#", "D#", "D#", "D#", "D#", "D#", "D#", "D#", "D#", "D#", "D#", "D#", "D#", "D#", "D#", "D#", "D#", "D#", "D#", "D", "D", "D", "D", "D", "D", "D", "D", "Gm", "Gm", "Gm", "D", "D", "D", "D", "D", "D", "D", "D", "D", "Gm", "Gm", "D", "D", "D", "D", "D", "D", "D", "D", "D", "D", "D", "D", "D", "D", "D", "Dm", "Dm", "Dm", "Dm", "Dm", "Dm", "Dm", "Dm", "Dm", "Dm", "Dm", "Dm", "Dm", "Dm", "Dm", "Dm", "Dm", "Dm", "Dm", "Dm", "Dm", "Dm", "Dm", "Dm", "Dm", "Dm", "Dm", "Dm", "Dm", "Dm", "Dm", "Dm", "Dm", "Dm", "A#", "A#", "A#", "A#", "A#", "A#", "A#", "A#", "A#", "A#", "A#", "Gm", "Gm", "Gm", "G", "G", "G", "G", "G", "G", "G", "G", "Gm", "Gm", "Gm", "Gm", "Gm", "Gm", "Gm", "D#", "D#", "D#", "D#", "D#", "D#", "D#", "D#", "D#", "D#", "D#", "D#", "D#", "D#", "D#", "G#m", "G#m", "G#m", "D#", "D#", "D#", "D#", "D#", "D#", "D#", "G#m", "G#m", "G#m", "D#", "D#", "D#", "D#", "G#m", "G#m", "G#m", "G#m", "G#m", "G#m"]
