
metadata:
    version:
        essentia: "1.2.2"
    audio_properties:
        analysis_sample_rate: 44100
        bitrate: 128
        channels: 2
        equal_loudness: 1
        length: 10.0048980713
        replay_gain: -5.7135925293
        downmix: "mix"
    tags:
        track: 26
        year: 0
        album: "Splitted by Mp3Splt v. 2.1"
        artist: "From 004.10 To 004.20"
        comment: "http://mp3splt.sf.net"
        genre: ""
        title: "16 Basic Brian.mp3"

highlevel:
    ballroom:
        all:
            ChaChaCha: 0.0541433356702
            Jive: 0.121010899544
            Quickstep: 0.30758190155
            Rumba-American: 0.00767875555903
            Rumba-International: 0.117565542459
            Rumba-Misc: 0.0408531501889
            Samba: 0.118293985724
            Tango: 0.074262984097
            VienneseWaltz: 0.120327681303
            Waltz: 0.0382817722857
        probability: 0.30758190155
        value: "Quickstep"
    culture:
        all:
            non_western: 0.979188024998
            western: 0.0208119526505
        probability: 0.979188024998
        value: "non_western"
    gender:
        all:
            female: 0.922807574272
            male: 0.0771924480796
        probability: 0.922807574272
        value: "female"
    genre_dortmund:
        all:
            alternative: 0.138207390904
            blues: 0.0128912469372
            electronic: 0.13831423223
            folkcountry: 0.247595906258
            funksoulrnb: 0.0242887083441
            jazz: 0.125564903021
            pop: 0.178957670927
            raphiphop: 0.00450418516994
            rock: 0.129675760865
        probability: 0.247595906258
        value: "folkcountry"
    genre_electronica:
        all:
            ambient: 0.438788414001
            dnb: 0.196103543043
            house: 0.0162125211209
            techno: 0.00938324350864
            trance: 0.33951228857
        probability: 0.438788414001
        value: "ambient"
    genre_rosamerica:
        all:
            cla: 0.0450138822198
            dan: 0.0782348066568
            hip: 0.0117439832538
            jaz: 0.0682898685336
            pop: 0.569915831089
            rhy: 0.0280560608953
            roc: 0.196762219071
            spe: 0.00198336178437
        probability: 0.569915831089
        value: "pop"
    genre_tzanetakis:
        all:
            blu: 0.0142375417054
            cla: 0.0262639392167
            cou: 0.0725874304771
            dis: 0.0499070547521
            hip: 0.00542690604925
            jaz: 0.107093662024
            met: 0.00659840973094
            pop: 0.297414898872
            reg: 0.0861181765795
            roc: 0.334351986647
        probability: 0.334351986647
        value: "roc"
    live_studio:
        all:
            live: 0.27682197094
            studio: 0.72317802906
        probability: 0.72317802906
        value: "studio"
    mood:
        all:
            Cluster1: 0.249980285764
            Cluster2: 0.124953255057
            Cluster3: 0.495274871588
            Cluster4: 0.0906879603863
            Cluster5: 0.0391036346555
        probability: 0.495274871588
        value: "Cluster3"
    mood_acoustic:
        all:
            acoustic: 0.180760830641
            not_acoustic: 0.819239199162
        probability: 0.819239199162
        value: "not_acoustic"
    mood_aggressive:
        all:
            aggressive: 0.0326648652554
            not_aggressive: 0.967335104942
        probability: 0.967335104942
        value: "not_aggressive"
    mood_electronic:
        all:
            electronic: 0.857847392559
            not_electronic: 0.14215259254
        probability: 0.857847392559
        value: "electronic"
    mood_happy:
        all:
            happy: 0.285682737827
            not_happy: 0.714317262173
        probability: 0.714317262173
        value: "not_happy"
    mood_party:
        all:
            not_party: 0.856543540955
            party: 0.143456473947
        probability: 0.856543540955
        value: "not_party"
    mood_relaxed:
        all:
            not_relaxed: 0.5
            relaxed: 0.5
        probability: 0.5
        value: "not_relaxed"
    mood_sad:
        all:
            not_sad: 0.293208926916
            sad: 0.706791043282
        probability: 0.706791043282
        value: "sad"
    rhythm:
        all:
            fast: 0.133314520121
            medium: 0.621956169605
            slow: 0.244729280472
        probability: 0.621956169605
        value: "medium"
    speech_music:
        all:
            music: 0.999918580055
            speech: 8.1443155068e-05
        probability: 0.999918580055
        value: "music"
    timbre:
        all:
            bright: 0.5
            dark: 0.5
        probability: 0.5
        value: "dark"
    voice_instrumental:
        all:
            instrumental: 0.375541210175
            voice: 0.624458789825
        probability: 0.624458789825
        value: "voice"

lowlevel:
    average_loudness: 0.930549561977
    barkbands_kurtosis:
        dmean: 1.07283854485
        dmean2: 1.64171016216
        dvar: 2.17740011215
        dvar2: 4.53814411163
        max: 17.3811016083
        mean: 1.05950140953
        min: -1.75007414818
        var: 7.55122470856
    barkbands_skewness:
        dmean: 0.331146538258
        dmean2: 0.517257750034
        dvar: 0.0967712029815
        dvar2: 0.204925552011
        max: 3.80275940895
        mean: 1.12579107285
        min: -1.46155130863
        var: 0.546482682228
    barkbands_spread:
        dmean: 5.25427770615
        dmean2: 7.99007606506
        dvar: 26.7051029205
        dvar2: 64.332611084
        max: 54.814994812
        mean: 24.9953937531
        min: 6.12892866135
        var: 74.8265228271
    dissonance:
        dmean: 0.0244660638273
        dmean2: 0.0403618849814
        dvar: 0.000365511688869
        dvar2: 0.000993955181912
        max: 0.498177647591
        mean: 0.439300596714
        min: 0.323579072952
        var: 0.000853666861076
    hfc:
        dmean: 1.14448416233
        dmean2: 1.6971540451
        dvar: 4.20424747467
        dvar2: 7.58289909363
        max: 40.958442688
        mean: 4.0134472847
        min: 4.11323126173e-05
        var: 24.7528305054
    pitch:
        dmean: 203.786941528
        dmean2: 399.502990723
        dvar: 559348.3125
        dvar2: 1537620.875
        max: 4009.09082031
        mean: 304.444854736
        min: 65.2366867065
        var: 402989.03125
    pitch_instantaneous_confidence:
        dmean: 0.0781631842256
        dmean2: 0.1199298352
        dvar: 0.00396853964776
        dvar2: 0.00828723423183
        max: 0.757954716682
        mean: 0.447753190994
        min: 0.171618998051
        var: 0.0168004911393
    pitch_salience:
        dmean: 0.0624712184072
        dmean2: 0.0953518822789
        dvar: 0.00310394493863
        dvar2: 0.00735413888469
        max: 0.973456561565
        mean: 0.591966569424
        min: 0.290326803923
        var: 0.00925844721496
    silence_rate_20dB:
        dmean: 0
        dmean2: 0
        dvar: 0
        dvar2: 0
        max: 1
        mean: 1
        min: 1
        var: 0
    silence_rate_30dB:
        dmean: 0
        dmean2: 0
        dvar: 0
        dvar2: 0
        max: 1
        mean: 1
        min: 1
        var: 0
    silence_rate_60dB:
        dmean: 0.14385150373
        dmean2: 0.286046504974
        dvar: 0.123158596456
        dvar2: 0.26934081316
        max: 1
        mean: 0.576388895512
        min: 0
        var: 0.244164258242
    spectral_centroid:
        dmean: 177.793716431
        dmean2: 277.720184326
        dvar: 32726.3945312
        dvar2: 79363.5703125
        max: 3352.76074219
        mean: 960.918823242
        min: 276.829162598
        var: 154235.734375
    spectral_complexity:
        dmean: 2.07674407959
        dmean2: 3.29137539864
        dvar: 4.38712930679
        dvar2: 10.0293445587
        max: 34
        mean: 9.92343425751
        min: 0
        var: 23.1519184113
    spectral_crest:
        dmean: 2.31403040886
        dmean2: 3.64878463745
        dvar: 4.36421966553
        dvar2: 10.6702461243
        max: 21.1849327087
        mean: 8.96683120728
        min: 2.5763425827
        var: 18.5951385498
    spectral_decrease:
        dmean: 2.27842841816e-10
        dmean2: 3.40520112108e-10
        dvar: 7.85458268691e-20
        dvar2: 1.73755685392e-19
        max: -2.26201673224e-15
        mean: -8.92743490244e-10
        min: -3.66707486599e-09
        var: 3.98832137528e-19
    spectral_energy:
        dmean: 0.000942182319704
        dmean2: 0.00140972458757
        dvar: 1.44069338148e-06
        dvar2: 3.03796673506e-06
        max: 0.0175554063171
        mean: 0.0037334500812
        min: 1.22682024539e-08
        var: 7.67173150962e-06
    spectral_energyband_high:
        dmean: 0.000114663947897
        dmean2: 0.000178321264684
        dvar: 9.66056106222e-08
        dvar2: 1.64217141219e-07
        max: 0.00582917546853
        mean: 0.000220734378672
        min: 5.91111515291e-09
        var: 2.22864770194e-07
    spectral_energyband_low:
        dmean: 0.000213971477933
        dmean2: 0.000329444359522
        dvar: 1.1597568772e-07
        dvar2: 2.62353182734e-07
        max: 0.0032414982561
        mean: 0.000328014808474
        min: 7.95533638964e-11
        var: 1.51842144192e-07
    spectral_energyband_middle_high:
        dmean: 0.000259071821347
        dmean2: 0.00038223201409
        dvar: 1.4988968644e-07
        dvar2: 2.57819152694e-07
        max: 0.00834574084729
        mean: 0.000993028166704
        min: 4.43434622355e-09
        var: 1.60208378475e-06
    spectral_energyband_middle_low:
        dmean: 0.000700014526956
        dmean2: 0.00108433573041
        dvar: 7.51471077365e-07
        dvar2: 1.89665900052e-06
        max: 0.00919864885509
        mean: 0.00219167256728
        min: 1.82957216044e-09
        var: 2.68356484412e-06
    spectral_flatness_db:
        dmean: 0.0172036588192
        dmean2: 0.0261831860989
        dvar: 0.000210472964682
        dvar2: 0.00046281714458
        max: 0.240477576852
        mean: 0.145542666316
        min: 0.0871087089181
        var: 0.00081169634359
    spectral_flux:
        dmean: 0.00718857208267
        dmean2: 0.0110333794728
        dvar: 7.11974862497e-05
        dvar2: 0.000114057780593
        max: 0.0772049352527
        mean: 0.028737584129
        min: 0.000110761917313
        var: 0.000171132545802
    spectral_kurtosis:
        dmean: 1.21312737465
        dmean2: 1.99063968658
        dvar: 1.67874956131
        dvar2: 4.01772451401
        max: 11.4914922714
        mean: 4.24038791656
        min: 0.760705709457
        var: 3.39891219139
    spectral_rms:
        dmean: 0.000239156812313
        dmean2: 0.000347729190253
        dvar: 7.30125364612e-08
        dvar2: 1.43801486274e-07
        max: 0.0041385050863
        mean: 0.00180275272578
        min: 3.45962098436e-06
        var: 3.9247032646e-07
    spectral_rolloff:
        dmean: 552.702026367
        dmean2: 939.630126953
        dvar: 437572.125
        dvar2: 1076583.5
        max: 4242.04101562
        mean: 1893.77172852
        min: 279.931640625
        var: 1088227.5
    spectral_skewness:
        dmean: 0.203992024064
        dmean2: 0.331804603338
        dvar: 0.0508816614747
        dvar2: 0.129927635193
        max: 2.6102142334
        mean: 1.69879007339
        min: 0.722811102867
        var: 0.106178112328
    spectral_spread:
        dmean: 711115.9375
        dmean2: 1028134.0625
        dvar: 1.0611563561e+12
        dvar2: 1.57449872998e+12
        max: 21587922
        mean: 5235872
        min: 2967185.25
        var: 1.78474398515e+12
    spectral_strongpeak:
        dmean: 0.29757130146
        dmean2: 0.52517837286
        dvar: 0.647427737713
        dvar2: 1.82213270664
        max: 10.3234510422
        mean: 0.47056055069
        min: 0.000371074507711
        var: 0.714901268482
    zerocrossingrate:
        dmean: 0.00749341398478
        dmean2: 0.00933994352818
        dvar: 4.48356477136e-05
        dvar2: 6.20454666205e-05
        max: 0.134765625
        mean: 0.0627718940377
        min: 0.0185546875
        var: 0.000357407989213
    barkbands:
        dmean: [5.46286912595e-07, 0.000158435927005, 0.000114846421639, 9.60803590715e-05, 0.000445230660262, 9.60112083703e-05, 7.72988933022e-05, 0.000202227558475, 9.57205120358e-05, 0.000134139336296, 3.4148186387e-05, 5.00198366353e-05, 4.59996772406e-05, 2.69022166322e-05, 1.67221369338e-05, 2.4875789677e-05, 4.66707278974e-05, 6.73382673995e-05, 4.51345222245e-05, 0.000121079581731, 3.40966471413e-05, 1.34347701533e-05, 3.68615746993e-06, 1.72330965142e-06, 7.38158348668e-07, 6.64003252382e-08, 2.05870570591e-10]
        dmean2: [7.96005167558e-07, 0.000242314592469, 0.000203375660931, 0.000164436656632, 0.000673893315252, 0.00014907764853, 0.000124461264932, 0.000304628745653, 0.00015859780251, 0.000214049679926, 5.42479174328e-05, 8.06158568594e-05, 7.25025238353e-05, 4.29646024713e-05, 2.74981248367e-05, 3.94719354517e-05, 7.02988400008e-05, 0.000107088002551, 7.3313320172e-05, 0.00018355975044, 5.0848146202e-05, 2.24209834414e-05, 6.06039020568e-06, 2.74820013146e-06, 1.1491697478e-06, 9.97680302817e-08, 3.51282614108e-10]
        dvar: [5.36916594084e-13, 6.75671500971e-08, 5.20523713021e-08, 1.7350526349e-08, 3.90327386413e-07, 2.15207869303e-08, 2.74860738614e-08, 6.43267057399e-08, 1.800884597e-08, 2.99115683333e-08, 2.33206476352e-09, 3.41974137896e-09, 8.48560333111e-09, 1.77661241274e-09, 4.53550863533e-10, 9.98770177674e-10, 3.48282691576e-09, 2.00790921667e-08, 4.13895451246e-09, 1.26901511521e-07, 1.96438088018e-09, 6.25021590039e-10, 3.33020069854e-11, 5.98755897294e-12, 1.37240327609e-12, 8.14806308227e-15, 2.01372325063e-19]
        dvar2: [9.17873633002e-13, 1.50939058585e-07, 1.44513904843e-07, 4.67943976901e-08, 9.39653943988e-07, 5.86116932766e-08, 7.17189223565e-08, 1.48873922967e-07, 3.94270571746e-08, 6.18880591219e-08, 5.85705883793e-09, 8.58998649989e-09, 1.94087057537e-08, 4.43966730046e-09, 1.18931364756e-09, 2.37179942353e-09, 6.65445432091e-09, 4.55368613927e-08, 1.04655049071e-08, 2.47486298122e-07, 4.25276125426e-09, 1.60231172774e-09, 8.48645598239e-11, 1.42523015959e-11, 2.93508186505e-12, 1.82768568075e-14, 3.7992428799e-19]
        max: [7.59390968597e-06, 0.00223534810357, 0.0022540721111, 0.000890579482075, 0.0060959639959, 0.00115947169252, 0.00260024378076, 0.00327695999295, 0.00239606737159, 0.00239560636692, 0.000627103901934, 0.000545951887034, 0.00148581736721, 0.000589954666793, 0.00021777836082, 0.000349127949448, 0.000987617648207, 0.00270874937996, 0.000681040459312, 0.00742412405089, 0.00055715063354, 0.000195652246475, 4.71160346933e-05, 2.81708707917e-05, 1.27415733004e-05, 8.14548116068e-07, 7.23304127703e-09]
        mean: [1.00977263173e-06, 0.000212855695281, 0.000114152499009, 0.000118839758215, 0.00104330480099, 0.000168176353327, 0.000104449580249, 0.000428140570875, 0.000177829177119, 0.000291199743515, 7.1807859058e-05, 9.4792303571e-05, 0.000115620423458, 4.68248763354e-05, 2.99048551824e-05, 3.90479108319e-05, 9.5785020676e-05, 0.000150528459926, 8.79945800989e-05, 0.000250447774306, 6.46253174637e-05, 1.67314010469e-05, 4.84570227854e-06, 3.27465977534e-06, 1.17764852803e-06, 8.61889830617e-08, 1.93764004841e-10]
        min: [5.30606938595e-12, 3.20546506005e-11, 4.43195619093e-11, 5.8935550884e-11, 1.93881438681e-10, 2.75170608521e-10, 3.37293803998e-10, 3.98926697232e-10, 5.25554821884e-10, 1.22120591417e-10, 8.07244462248e-12, 3.73910694074e-11, 3.71483982464e-10, 2.84372109194e-10, 1.20066609433e-10, 7.09680508804e-11, 1.74713743473e-10, 6.18918860606e-10, 6.17270123904e-10, 6.88471990529e-09, 8.07967415195e-10, 8.92254187201e-11, 3.60561233648e-11, 5.44667123903e-11, 2.98770244656e-11, 2.98673967503e-11, 5.4366656576e-13]
        var: [1.48957018595e-12, 8.97452210324e-08, 3.54313307582e-08, 1.75786780687e-08, 1.23362099202e-06, 2.91777002559e-08, 3.90833214681e-08, 2.24709296504e-07, 5.1890086894e-08, 1.64242166534e-07, 8.07302757977e-09, 9.77608749508e-09, 4.72050416533e-08, 5.1940758361e-09, 5.84205350762e-10, 1.72965763934e-09, 1.15685603319e-08, 1.31318813601e-07, 8.79234551832e-09, 4.12503510461e-07, 5.31483168587e-09, 7.01192937047e-10, 4.31496366415e-11, 1.9482464253e-11, 2.72090141216e-12, 1.31776379969e-14, 2.00613477324e-19]
    mfcc:
        mean: [-727.694335938, 130.991775513, -25.3953609467, 45.2416725159, -20.3106746674, -9.22118759155, 2.48000860214, -2.12366366386, 1.92806971073, -1.98998713493, -5.74627780914, 2.17086648941, -4.88035058975]
        cov: [[2846.34692383, -522.742370605, -15.3193416595, -184.95223999, -117.889686584, 0.801730871201, 245.894760132, 29.3157157898, -243.115264893, -39.7360572815, -23.7868213654, 139.069274902, -165.887329102], [-522.742370605, 468.661346436, -71.8723220825, 69.1159896851, 16.9041748047, -41.9365615845, -42.0476760864, 11.9106111526, 68.4134750366, 7.24871206284, -42.084072113, -37.4970054626, 18.8302745819], [-15.3193416595, -71.8723220825, 202.969421387, 35.2801017761, 22.2289829254, 43.4944190979, -41.8404960632, 6.37836313248, 25.5901412964, -26.3968734741, 13.4642601013, -40.7964782715, 45.8870544434], [-184.95223999, 69.1159896851, 35.2801017761, 135.783325195, 33.2760124207, 18.4562091827, -38.087387085, 4.04470729828, 28.2911930084, 10.2990980148, -12.4424304962, -27.6480255127, 43.4132270813], [-117.889686584, 16.9041748047, 22.2289829254, 33.2760124207, 81.0242614746, 27.3292541504, -38.1478843689, 2.02972102165, 32.9562759399, -2.82899141312, 12.2006397247, -11.1458768845, 32.3390159607], [0.801730871201, -41.9365615845, 43.4944190979, 18.4562091827, 27.3292541504, 92.8658447266, 0.696906030178, 20.1737804413, 27.6232852936, -1.35691654682, 20.7601013184, -12.3974132538, 23.9265041351], [245.894760132, -42.0476760864, -41.8404960632, -38.087387085, -38.1478843689, 0.696906030178, 153.51574707, 43.9615898132, -24.6918811798, 29.0777778625, 4.57166481018, 59.4831390381, -52.0898017883], [29.3157157898, 11.9106111526, 6.37836313248, 4.04470729828, 2.02972102165, 20.1737804413, 43.9615898132, 75.945098877, 33.564250946, 20.0257282257, 9.40306568146, 13.6423501968, -0.837853729725], [-243.115264893, 68.4134750366, 25.5901412964, 28.2911930084, 32.9562759399, 27.6232852936, -24.6918811798, 33.564250946, 109.181060791, 16.8171882629, 20.4336566925, -29.4969291687, 44.1597709656], [-39.7360572815, 7.24871206284, -26.3968734741, 10.2990980148, -2.82899141312, -1.35691654682, 29.0777778625, 20.0257282257, 16.8171882629, 70.9337615967, 12.061255455, 32.9435348511, -9.46292114258], [-23.7868213654, -42.084072113, 13.4642601013, -12.4424304962, 12.2006397247, 20.7601013184, 4.57166481018, 9.40306568146, 20.4336566925, 12.061255455, 76.2814559937, 31.7029418945, 21.7587509155], [139.069274902, -37.4970054626, -40.7964782715, -27.6480255127, -11.1458768845, -12.3974132538, 59.4831390381, 13.6423501968, -29.4969291687, 32.9435348511, 31.7029418945, 117.033279419, -11.5065574646], [-165.887329102, 18.8302745819, 45.8870544434, 43.4132270813, 32.3390159607, 23.9265041351, -52.0898017883, -0.837853729725, 44.1597709656, -9.46292114258, 21.7587509155, -11.5065574646, 88.0533065796]]
        icov: [[0.000596217229031, 0.00048138492275, -4.03713675041e-05, 0.00016867055092, 8.73655299074e-05, -0.000118247022328, -0.000415284390328, -0.000475086621009, 0.000710730790161, 0.000495717918966, 0.000364259205526, -0.000298180384561, 0.000275883212453], [0.00048138492275, 0.00367988226935, 0.0014703955967, -0.00147999683395, 0.000171118765138, 0.00149271206465, 0.000233241386013, -0.000888992042746, -0.00211788876913, 0.00129881512839, 0.00173399283085, -0.000393846654333, 0.000466217257781], [-4.03713675041e-05, 0.0014703955967, 0.00728639168665, -0.00151306134649, 0.000496141670737, -0.00123762479052, 0.000918327423278, -0.00153160933405, -0.000437491427874, 0.00200482597575, -0.000672907801345, 0.00164621241856, -0.0019426275976], [0.00016867055092, -0.00147999683395, -0.00151306134649, 0.0118310963735, -0.00277281925082, -0.00126376957633, 3.32104791596e-05, -0.000767453166191, 0.00295087439008, -0.00485357921571, 0.00302818487398, 0.00201423536055, -0.00552283553407], [8.73655299074e-05, 0.000171118765138, 0.000496141670737, -0.00277281925082, 0.0179190356284, -0.0039400709793, 0.00378443324007, 6.87822175678e-05, -0.00360036781058, 0.0017521046102, -0.000712144887075, -0.00239862455055, -0.000178026020876], [-0.000118247022328, 0.00149271206465, -0.00123762479052, -0.00126376957633, -0.0039400709793, 0.0158392135054, -0.00224145292304, -0.00260291900486, -0.00119743624236, 0.000547721399926, -0.00284490035847, 0.00277605047449, -0.0017564301379], [-0.000415284390328, 0.000233241386013, 0.000918327423278, 3.32104791596e-05, 0.00378443324007, -0.00224145292304, 0.0141421100125, -0.00650986144319, -8.76044505276e-05, -0.000884384324308, 0.000394484493881, -0.00475637614727, 0.00542596168816], [-0.000475086621009, -0.000888992042746, -0.00153160933405, -0.000767453166191, 6.87822175678e-05, -0.00260291900486, -0.00650986144319, 0.0225860178471, -0.00868403725326, -0.00140663853381, 0.00078778056195, -0.00190937076695, 0.00127730984241], [0.000710730790161, -0.00211788876913, -0.000437491427874, 0.00295087439008, -0.00360036781058, -0.00119743624236, -8.76044505276e-05, -0.00868403725326, 0.0225648228079, -0.00686973938718, -0.00426908535883, 0.0076065431349, -0.007927659899], [0.000495717918966, 0.00129881512839, 0.00200482597575, -0.00485357921571, 0.0017521046102, 0.000547721399926, -0.000884384324308, -0.00140663853381, -0.00686973938718, 0.0223396532238, -0.000937320524827, -0.00697385240346, 0.00584182841703], [0.000364259205526, 0.00173399283085, -0.000672907801345, 0.00302818487398, -0.000712144887075, -0.00284490035847, 0.000394484493881, 0.00078778056195, -0.00426908535883, -0.000937320524827, 0.0206883624196, -0.00681990524754, -0.00351467076689], [-0.000298180384561, -0.000393846654333, 0.00164621241856, 0.00201423536055, -0.00239862455055, 0.00277605047449, -0.00475637614727, -0.00190937076695, 0.0076065431349, -0.00697385240346, -0.00681990524754, 0.0177052207291, -0.00559911224991], [0.000275883212453, 0.000466217257781, -0.0019426275976, -0.00552283553407, -0.000178026020876, -0.0017564301379, 0.00542596168816, 0.00127730984241, -0.007927659899, 0.00584182841703, -0.00351467076689, -0.00559911224991, 0.0240172091872]]
    spectral_contrast:
        mean: [-1.47812343698e-07, 7.48050794641e-08, 1.64474585063e-07, 2.6005750442e-07, -1.50031524981e-07, 2.12678642697e-07, -4.84564338876e-07, 3.09709065505e-07, 1.75633179111e-08, 3.52967367689e-06, -1.5800071651e-07, -6.8344814963e-07]
        var: [0.000521471665706, 0.000582251930609, 0.00106765888631, 0.00166580139194, 0.00340882199816, 0.00485045136884, 0.0492141097784, 0.0579156912863, 0.123647898436, 0.16626739502, 0.2514783144, 1.33886122704]

rhythm:
    beats_loudness:
        dmean: 0.00198149331845
        dmean2: 0.0024450100027
        dvar: 5.18427077623e-06
        dvar2: 3.14250155498e-06
        max: 0.0170057099313
        mean: 0.00468974653631
        min: 0.00126386201009
        var: 1.09971651909e-05
    beats_loudness_bass:
        dmean: 0.176296159625
        dmean2: 0.295059204102
        dvar: 0.0234518777579
        dvar2: 0.0682128295302
        max: 0.61727809906
        mean: 0.167883515358
        min: 0.0125032719225
        var: 0.0255288500339
    bpm: 117.602485657
    bpm_confidence: 0
    first_peak_bpm: 118
    first_peak_spread: 0
    first_peak_weight: 0.944444417953
    onset_rate: 4.59774827957
    second_peak_bpm: 75
    second_peak_spread: 0
    second_peak_weight: 0.0555555559695
    beats_position: [0.0535986982286, 0.563891470432, 1.07418417931, 1.58447706699, 2.09476971626, 2.60506224632, 3.1153550148, 3.62564754486, 4.13594007492, 4.64623308182, 5.15652561188, 5.95151138306, 6.46158456802, 6.97165679932, 7.48172903061, 7.99180173874, 8.50187492371, 9.01194667816, 9.52201938629]
    bpm_estimates: [117.701156616, 117.553276062, 117.659637451, 117.454460144, 117.319519043, 118.157325745, 117.518249512, 117.502578735, 117.477813721, 117.455749512, 117.821495056, 117.377716064, 117.611427307, 117.625595093, 117.682266235, 117.359863281, 117.929725647, 117.636772156]
    bpm_intervals: [0.510292768478, 0.510292708874, 0.510292887688, 0.510292649269, 0.51029253006, 0.510292768478, 0.51029253006, 0.51029253006, 0.510293006897, 0.51029253006, 0.794985771179, 0.510073184967, 0.510072231293, 0.510072231293, 0.51007270813, 0.510073184967, 0.510071754456, 0.51007270813]
    onset_times: [0.0464399084449, 0.417959183455, 0.812698423862, 1.07972788811, 1.19582772255, 1.33514738083, 1.57895696163, 1.82276642323, 2.08979582787, 2.34521532059, 2.5890250206, 2.85605430603, 3.12308382988, 3.23918366432, 3.3785033226, 3.50621318817, 3.54104304314, 3.63392281532, 3.88934230804, 4.14476203918, 4.38857126236, 4.67882108688, 4.91102027893, 5.11999988556, 5.4334692955, 5.68888902664, 5.8282084465, 5.94430828094, 6.19972801208, 6.45514726639, 6.73378705978, 6.86149644852, 6.96598625183, 7.24462604523, 7.50004529953, 7.63936519623, 7.74385499954, 7.8831744194, 7.99927425385, 8.19664382935, 8.26630401611, 8.51011371613, 8.78875255585, 8.92807292938, 9.03256225586, 9.52018165588]
    rubato_start: []
    rubato_stop: []
    perceptual_tempo: "unknown"

sfx:
    inharmonicity:
        dmean: 0.0344629250467
        dmean2: 0.0607128329575
        dvar: 0.0014142987784
        dvar2: 0.00387887610123
        max: 0.254291921854
        mean: 0.0382384732366
        min: 0.000348643865436
        var: 0.00170253880788
    oddtoevenharmonicenergyratio:
        dmean: 1.687099576
        dmean2: 3.19371676445
        dvar: 15.8332700729
        dvar2: 44.0510864258
        max: 28.6265411377
        mean: 1.11638092995
        min: 0.000372204522137
        var: 9.93604850769
    pitch_after_max_to_before_max_energy_ratio: 13.2917737961
    pitch_centroid: 186.653244019
    pitch_max_to_total: 0
    pitch_min_to_total: 0.406032472849
    tristimulus:
        dmean: [0.204957991838, 0.220714688301, 0.0876337736845]
        dmean2: [0.353442341089, 0.38903388381, 0.149840295315]
        dvar: [0.0274286288768, 0.0322669073939, 0.00780532089993]
        dvar2: [0.0733064860106, 0.0869234651327, 0.0219798609614]
        max: [0.908506572247, 0.877422869205, 0.723367273808]
        mean: [0.45323908329, 0.413949519396, 0.108757458627]
        min: [0.0123922647908, 0, 0]
        var: [0.0455477535725, 0.0459180995822, 0.009412471205]

tonal:
    chords_changes_rate: 0.00921658985317
    chords_number_rate: 0.00921658985317
    chords_strength:
        dmean: 0.00415970943868
        dmean2: 0.0050969524309
        dvar: 1.27082421386e-05
        dvar2: 2.07969897019e-05
        max: 0.686467468739
        mean: 0.571744322777
        min: 0.503900170326
        var: 0.00215068925172
    key_strength: 0.819259405136
    tuning_diatonic_strength: 0.680594027042
    tuning_equal_tempered_deviation: 0.0544344633818
    tuning_frequency: 438.477722168
    tuning_nontempered_energy_ratio: 0.67799782753
    hpcp:
        dmean: [0.0501568168402, 0.0535210669041, 0.056945618242, 0.0568959489465, 0.065312474966, 0.0774903669953, 0.101100154221, 0.122571766376, 0.215680390596, 0.211903303862, 0.231262072921, 0.175407662988, 0.129258602858, 0.0909798592329, 0.115787319839, 0.188194185495, 0.133774444461, 0.049322206527, 0.0360571369529, 0.0502450987697, 0.0755072161555, 0.0946052223444, 0.0823883488774, 0.0698283463717, 0.065165899694, 0.0383856520057, 0.031549308449, 0.0341069363058, 0.0628303438425, 0.168487712741, 0.21387027204, 0.153800755739, 0.115410834551, 0.0758591592312, 0.0523777492344, 0.0473349057138]
        dmean2: [0.0919011756778, 0.0994179919362, 0.103449739516, 0.100968584418, 0.114049822092, 0.133983597159, 0.170761778951, 0.21423047781, 0.368650466204, 0.349563777447, 0.398324549198, 0.304830282927, 0.235612303019, 0.163431882858, 0.194059714675, 0.319237112999, 0.229485467076, 0.0861964374781, 0.0598353855312, 0.0836067646742, 0.126573428512, 0.165343105793, 0.139253795147, 0.111540429294, 0.100926339626, 0.0620752125978, 0.0555091872811, 0.0580103434622, 0.110677495599, 0.269800543785, 0.354693740606, 0.25736400485, 0.212872311473, 0.135682955384, 0.0967108905315, 0.0873437151313]
        dvar: [0.0135709941387, 0.0103684663773, 0.00939692091197, 0.00724405702204, 0.0150548266247, 0.0169612783939, 0.0258816704154, 0.0318054035306, 0.0383282229304, 0.047760296613, 0.0403630398214, 0.05070900172, 0.0453166179359, 0.0339409448206, 0.015282641165, 0.0386636815965, 0.0319313406944, 0.0133447684348, 0.0110330339521, 0.00732336938381, 0.00939077883959, 0.0181143749505, 0.0164103582501, 0.00870315078646, 0.0109857125208, 0.00525570986792, 0.00775775266811, 0.00658824061975, 0.0076092351228, 0.0249905362725, 0.0435449779034, 0.0267254337668, 0.0257203802466, 0.0243626069278, 0.0126883266494, 0.0133584076539]
        dvar2: [0.0393611416221, 0.0299713928252, 0.0262772478163, 0.0198474004865, 0.0440738089383, 0.0506105497479, 0.0729027613997, 0.079210087657, 0.108709938824, 0.10968195647, 0.10746319592, 0.138777002692, 0.124915249646, 0.0982104167342, 0.0441899485886, 0.103057868779, 0.0755629315972, 0.0373497232795, 0.0305880587548, 0.0187859069556, 0.02590158768, 0.0486182421446, 0.0421370714903, 0.0210004784167, 0.0204177163541, 0.0118556758389, 0.0220910590142, 0.017584303394, 0.0205764193088, 0.0644048079848, 0.100272893906, 0.0801924243569, 0.0750972628593, 0.0679253637791, 0.0367490835488, 0.0390769466758]
        max: [1, 0.761596918106, 0.825686573982, 0.642511248589, 0.776511013508, 0.859422385693, 1, 1, 1, 1, 1, 1, 0.943355321884, 1, 0.879969596863, 1, 1, 0.831938445568, 1, 0.754646658897, 0.779820621014, 1, 1, 0.723336338997, 1, 0.631325662136, 0.918468534946, 0.918250739574, 0.608177065849, 1, 1, 1, 0.967241346836, 1, 0.865403056145, 0.894905030727]
        mean: [0.0469545312226, 0.0525591894984, 0.0615334957838, 0.0662269219756, 0.0728952810168, 0.106408663094, 0.137085586786, 0.147170990705, 0.417357772589, 0.753638863564, 0.527431488037, 0.176670596004, 0.104712747037, 0.0855684503913, 0.212256863713, 0.331923097372, 0.200866535306, 0.0580952726305, 0.04839893803, 0.059457372874, 0.117933809757, 0.177654385567, 0.139549776912, 0.113443382084, 0.11046141386, 0.0617296248674, 0.037201743573, 0.0484465770423, 0.08447034657, 0.375322371721, 0.549703896046, 0.301475346088, 0.121582224965, 0.0778551995754, 0.049062024802, 0.0458123460412]
        min: [0, 0, 0, 0, 0, 0, 0, 0, 0, 0, 0, 0, 0, 0, 0, 0, 0, 0, 0, 0, 0, 0, 0, 0, 0, 0, 0, 0, 0, 0, 0, 0, 0, 0, 0, 0]
        var: [0.00862829573452, 0.00697424262762, 0.00818223506212, 0.00885796546936, 0.0126573368907, 0.0181751772761, 0.0356613770127, 0.0423770323396, 0.0598590411246, 0.0854035839438, 0.0719700455666, 0.0520032830536, 0.0347938165069, 0.0227494873106, 0.032913133502, 0.0792892277241, 0.0492289066315, 0.0110271284357, 0.0121833765879, 0.0107875335962, 0.0203164406121, 0.0571627430618, 0.0305471438915, 0.0206684991717, 0.0359702073038, 0.0118060698733, 0.00652702106163, 0.0101726008579, 0.0102658262476, 0.0666424110532, 0.107847049832, 0.0411116816103, 0.0269283615053, 0.0233841817826, 0.00874323770404, 0.00841898098588]
    chords_histogram: [60.3686637878, 0, 0, 0, 0, 0, 0, 0, 0, 0, 0, 0, 0, 0, 0, 0, 0, 39.6313362122, 0, 0, 0, 0, 0, 0]
    thpcp: [1, 0.699846446514, 0.234423413873, 0.138942867517, 0.113540388644, 0.2816426754, 0.44042724371, 0.266528904438, 0.0770863518119, 0.0642203316092, 0.0788937211037, 0.156485840678, 0.235728800297, 0.185167968273, 0.150527507067, 0.146570757031, 0.081908762455, 0.0493628270924, 0.064283542335, 0.1120833233, 0.498013556004, 0.729399621487, 0.400026261806, 0.161326900125, 0.103305712342, 0.0651001781225, 0.0607881955802, 0.0623037554324, 0.0697405487299, 0.0816485136747, 0.087876200676, 0.0967244207859, 0.141193181276, 0.181898251176, 0.195280522108, 0.553790152073]
    chords_key: "C"
    chords_scale: "major"
    key_key: "C"
    key_scale: "major"
    chords_progression: ["C", "C", "C", "C", "C", "C", "C", "C", "C", "C", "C", "C", "C", "C", "C", "C", "C", "C", "C", "C", "C", "C", "C", "C", "C", "C", "C", "C", "C", "C", "C", "C", "C", "C", "C", "C", "C", "C", "C", "C", "C", "C", "C", "C", "C", "C", "C", "C", "C", "C", "C", "C", "C", "C", "C", "C", "C", "C", "C", "C", "C", "C", "C", "C", "C", "C", "C", "C", "C", "C", "C", "C", "C", "C", "C", "C", "C", "C", "C", "C", "C", "C", "C", "C", "C", "C", "C", "C", "C", "C", "C", "C", "C", "C", "C", "Cm", "Cm", "Cm", "Cm", "Cm", "Cm", "Cm", "Cm", "Cm", "Cm", "Cm", "Cm", "Cm", "Cm", "Cm", "Cm", "Cm", "Cm", "Cm", "Cm", "Cm", "Cm", "Cm", "Cm", "Cm", "Cm", "Cm", "Cm", "Cm", "Cm", "Cm", "Cm", "Cm", "Cm", "Cm", "Cm", "Cm", "Cm", "Cm", "Cm", "Cm", "Cm", "Cm", "Cm", "Cm", "Cm", "Cm", "Cm", "Cm", "Cm", "Cm", "Cm", "Cm", "Cm", "Cm", "Cm", "Cm", "Cm", "Cm", "Cm", "Cm", "Cm", "Cm", "Cm", "Cm", "Cm", "Cm", "Cm", "Cm", "Cm", "Cm", "Cm", "Cm", "Cm", "Cm", "Cm", "Cm", "Cm", "Cm", "Cm", "Cm", "Cm", "Cm", "Cm", "Cm", "Cm", "C", "C", "C", "C", "C", "C", "C", "C", "C", "C", "C", "C", "C", "C", "C", "C", "C", "C", "C", "C", "C", "C", "C", "C", "C", "C", "C", "C", "C", "C", "C", "C", "C", "C", "C", "C"]
