
metadata:
    version:
        essentia: "1.2.2"
    audio_properties:
        analysis_sample_rate: 44100
        bitrate: 128
        channels: 2
        equal_loudness: 1
        length: 10.0310201645
        replay_gain: -11.3437156677
        downmix: "mix"
    tags:
        track: 5
        year: 0
        album: "Splitted by Mp3Splt v. 2.1"
        artist: "From 000.40 To 000.50"
        comment: "http://mp3splt.sf.net"
        genre: ""
        title: "03 Wardrobe.mp3"

highlevel:
    ballroom:
        all:
            ChaChaCha: 0.150123015046
            Jive: 0.0379808470607
            Quickstep: 0.0013102858793
            Rumba-American: 0.00102592865005
            Rumba-International: 0.00617207540199
            Rumba-Misc: 0.00596842775121
            Samba: 0.796027243137
            Tango: 0.000601830834057
            VienneseWaltz: 0.00048473305651
            Waltz: 0.000305616093101
        probability: 0.796027243137
        value: "Samba"
    culture:
        all:
            non_western: 0.114824347198
            western: 0.885175645351
        probability: 0.885175645351
        value: "western"
    gender:
        all:
            female: 0.908638000488
            male: 0.0913619846106
        probability: 0.908638000488
        value: "female"
    genre_dortmund:
        all:
            alternative: 0.022072635591
            blues: 0.012347673066
            electronic: 0.299807667732
            folkcountry: 0.00646001193672
            funksoulrnb: 0.0365418195724
            jazz: 0.115844450891
            pop: 0.0309761948884
            raphiphop: 0.209066092968
            rock: 0.266883462667
        probability: 0.299807667732
        value: "electronic"
    genre_electronica:
        all:
            ambient: 0.0356339812279
            dnb: 0.744048595428
            house: 0.0451615005732
            techno: 0.0700805783272
            trance: 0.105075344443
        probability: 0.744048595428
        value: "dnb"
    genre_rosamerica:
        all:
            cla: 0.00406473968178
            dan: 0.709622979164
            hip: 0.0318612754345
            jaz: 0.00612445827574
            pop: 0.0911049097776
            rhy: 0.0954741537571
            roc: 0.0609871447086
            spe: 0.000760354392696
        probability: 0.709622979164
        value: "dan"
    genre_tzanetakis:
        all:
            blu: 0.00272933556698
            cla: 0.00223110243678
            cou: 0.0158029515296
            dis: 0.0902537256479
            hip: 0.0226817559451
            jaz: 0.00877450313419
            met: 0.0134722236544
            pop: 0.663308501244
            reg: 0.167875364423
            roc: 0.0128705054522
        probability: 0.663308501244
        value: "pop"
    live_studio:
        all:
            live: 0.0268051885068
            studio: 0.97319483757
        probability: 0.97319483757
        value: "studio"
    mood:
        all:
            Cluster1: 0.331404328346
            Cluster2: 0.158926576376
            Cluster3: 0.0391783043742
            Cluster4: 0.0767897367477
            Cluster5: 0.393701046705
        probability: 0.393701046705
        value: "Cluster5"
    mood_acoustic:
        all:
            acoustic: 2.01718603421e-06
            not_acoustic: 0.999997973442
        probability: 0.999997973442
        value: "not_acoustic"
    mood_aggressive:
        all:
            aggressive: 0.790517389774
            not_aggressive: 0.209482625127
        probability: 0.790517389774
        value: "aggressive"
    mood_electronic:
        all:
            electronic: 0.888659477234
            not_electronic: 0.111340552568
        probability: 0.888659477234
        value: "electronic"
    mood_happy:
        all:
            happy: 0.785069108009
            not_happy: 0.214930906892
        probability: 0.785069108009
        value: "happy"
    mood_party:
        all:
            not_party: 0.156607508659
            party: 0.843392491341
        probability: 0.843392491341
        value: "party"
    mood_relaxed:
        all:
            not_relaxed: 0.869550466537
            relaxed: 0.13044950366
        probability: 0.869550466537
        value: "not_relaxed"
    mood_sad:
        all:
            not_sad: 0.911457002163
            sad: 0.0885430276394
        probability: 0.911457002163
        value: "not_sad"
    rhythm:
        all:
            fast: 0.905995905399
            medium: 0.0494013018906
            slow: 0.0446027964354
        probability: 0.905995905399
        value: "fast"
    speech_music:
        all:
            music: 0.999999880791
            speech: 1.00000008274e-07
        probability: 0.999999880791
        value: "music"
    timbre:
        all:
            bright: 0.990025043488
            dark: 0.00997493322939
        probability: 0.990025043488
        value: "bright"
    voice_instrumental:
        all:
            instrumental: 0.984380841255
            voice: 0.0156191829592
        probability: 0.984380841255
        value: "instrumental"

lowlevel:
    average_loudness: 0.9833573699
    barkbands_kurtosis:
        dmean: 1.35580694675
        dmean2: 2.23968863487
        dvar: 3.06166219711
        dvar2: 7.30881166458
        max: 11.646812439
        mean: -0.192544519901
        min: -1.88394641876
        var: 4.06993293762
    barkbands_skewness:
        dmean: 0.686156570911
        dmean2: 1.00523757935
        dvar: 0.390544861555
        dvar2: 0.862956762314
        max: 2.89158773422
        mean: -0.18667703867
        min: -3.40525817871
        var: 1.05460834503
    barkbands_spread:
        dmean: 9.43047142029
        dmean2: 15.3264284134
        dvar: 68.771736145
        dvar2: 166.889923096
        max: 71.6996612549
        mean: 38.1233139038
        min: 7.50336742401
        var: 160.231735229
    dissonance:
        dmean: 0.014267116785
        dmean2: 0.0244878474623
        dvar: 0.000233920713072
        dvar2: 0.000663419195917
        max: 0.499872684479
        mean: 0.476976633072
        min: 0.385121136904
        var: 0.000292491371511
    hfc:
        dmean: 3.71103954315
        dmean2: 5.29550361633
        dvar: 30.1256713867
        dvar2: 54.796497345
        max: 52.2854042053
        mean: 6.190741539
        min: 0.191570147872
        var: 48.9018592834
    pitch:
        dmean: 633.271911621
        dmean2: 1204.9732666
        dvar: 1086520.375
        dvar2: 2650834.25
        max: 4410
        mean: 710.259094238
        min: 65.7228012085
        var: 967250.4375
    pitch_instantaneous_confidence:
        dmean: 0.128434166312
        dmean2: 0.186505004764
        dvar: 0.0123386662453
        dvar2: 0.0210451949388
        max: 0.894434511662
        mean: 0.493014574051
        min: 0.131984055042
        var: 0.046247497201
    pitch_salience:
        dmean: 0.077767200768
        dmean2: 0.121043093503
        dvar: 0.00414612656459
        dvar2: 0.00913855899125
        max: 0.814558267593
        mean: 0.549173414707
        min: 0.272568583488
        var: 0.0143302604556
    silence_rate_20dB:
        dmean: 0
        dmean2: 0
        dvar: 0
        dvar2: 0
        max: 1
        mean: 1
        min: 1
        var: 0
    silence_rate_30dB:
        dmean: 0
        dmean2: 0
        dvar: 0
        dvar2: 0
        max: 1
        mean: 1
        min: 1
        var: 0
    silence_rate_60dB:
        dmean: 0.222222223878
        dmean2: 0.445475637913
        dvar: 0.172839224339
        dvar2: 0.298070847988
        max: 1
        mean: 0.602771341801
        min: 0
        var: 0.23943862319
    spectral_centroid:
        dmean: 442.875335693
        dmean2: 648.798278809
        dvar: 137429.9375
        dvar2: 323553.25
        max: 3333.05249023
        mean: 1691.24060059
        min: 403.017028809
        var: 371667.1875
    spectral_complexity:
        dmean: 4.3248257637
        dmean2: 6.15813970566
        dvar: 45.3702316284
        dvar2: 72.7284545898
        max: 56
        mean: 9.47222232819
        min: 0
        var: 82.0964889526
    spectral_crest:
        dmean: 2.92265319824
        dmean2: 4.7542347908
        dvar: 5.99346065521
        dvar2: 15.231502533
        max: 20.4690952301
        mean: 8.52425670624
        min: 2.17806482315
        var: 12.4695453644
    spectral_decrease:
        dmean: 4.06070427283e-10
        dmean2: 6.00584970645e-10
        dvar: 3.00226056356e-19
        dvar2: 6.4693102944e-19
        max: -1.84247912066e-11
        mean: -7.67349295216e-10
        min: -4.31980096138e-09
        var: 4.42591051757e-19
    spectral_energy:
        dmean: 0.00183191569522
        dmean2: 0.00263672461733
        dvar: 6.11354607827e-06
        dvar2: 1.27320881802e-05
        max: 0.0210463497788
        mean: 0.003457672894
        min: 8.691533003e-05
        var: 9.47641092353e-06
    spectral_energyband_high:
        dmean: 0.000283773988485
        dmean2: 0.000414931564592
        dvar: 2.46488099265e-07
        dvar2: 4.87644456371e-07
        max: 0.00442867260426
        mean: 0.00032331343391
        min: 3.74384882207e-07
        var: 3.29688987222e-07
    spectral_energyband_low:
        dmean: 0.000551441975404
        dmean2: 0.000935371033847
        dvar: 8.30033570764e-07
        dvar2: 2.11823112295e-06
        max: 0.00724449567497
        mean: 0.000702506804373
        min: 1.23796744447e-05
        var: 8.36556239392e-07
    spectral_energyband_middle_high:
        dmean: 0.000997899333015
        dmean2: 0.00138209003489
        dvar: 1.81437110314e-06
        dvar2: 3.31931005348e-06
        max: 0.0139253465459
        mean: 0.00176043563988
        min: 3.55035735993e-05
        var: 3.40771271112e-06
    spectral_energyband_middle_low:
        dmean: 0.00048961432185
        dmean2: 0.000812199898064
        dvar: 7.55961650611e-07
        dvar2: 2.01815282708e-06
        max: 0.00543698854744
        mean: 0.000671296613291
        min: 1.28434612634e-05
        var: 6.60643365791e-07
    spectral_flatness_db:
        dmean: 0.0247164685279
        dmean2: 0.036130219698
        dvar: 0.000570903881453
        dvar2: 0.00112066289876
        max: 0.267757713795
        mean: 0.135032206774
        min: 0.0456622727215
        var: 0.00178424175829
    spectral_flux:
        dmean: 0.0120984371752
        dmean2: 0.0175017584115
        dvar: 0.000186718825717
        dvar2: 0.000342063023709
        max: 0.111800648272
        mean: 0.03608006984
        min: 0.00642908457667
        var: 0.000383407983463
    spectral_kurtosis:
        dmean: 1.86336100101
        dmean2: 2.81257009506
        dvar: 6.84153699875
        dvar2: 15.6618852615
        max: 25.3373355865
        mean: 2.7995736599
        min: -0.679163455963
        var: 11.1292171478
    spectral_rms:
        dmean: 0.000436823145719
        dmean2: 0.000612316420302
        dvar: 2.23821501777e-07
        dvar2: 4.44953485612e-07
        max: 0.0045313378796
        mean: 0.00170597271062
        min: 0.000291196571197
        var: 4.62995416228e-07
    spectral_rolloff:
        dmean: 645.346740723
        dmean2: 1032.44152832
        dvar: 586682.875
        dvar2: 1204726.375
        max: 6890.625
        mean: 3009.71118164
        min: 279.931640625
        var: 1077105.875
    spectral_skewness:
        dmean: 0.308446019888
        dmean2: 0.441720932722
        dvar: 0.0875038728118
        dvar2: 0.180204868317
        max: 2.91165232658
        mean: 1.33848285675
        min: 0.466216564178
        var: 0.207883149385
    spectral_spread:
        dmean: 1439567.125
        dmean2: 2006567.625
        dvar: 2.07128271258e+12
        dvar2: 3.18500634624e+12
        max: 16782950
        mean: 7031906
        min: 1658884
        var: 5.37119109939e+12
    spectral_strongpeak:
        dmean: 0.842954158783
        dmean2: 1.39497578144
        dvar: 1.12014007568
        dvar2: 1.99203372002
        max: 6.34482955933
        mean: 1.30120825768
        min: 0.00498795509338
        var: 2.30456423759
    zerocrossingrate:
        dmean: 0.0143754081801
        dmean2: 0.0173476114869
        dvar: 0.000137554976391
        dvar2: 0.00021458856645
        max: 0.1669921875
        mean: 0.101272016764
        min: 0.04345703125
        var: 0.000591856311075
    barkbands:
        dmean: [3.68525752492e-06, 0.000353735347744, 0.000273420329904, 0.000117137860798, 0.000168446626049, 0.000206008102396, 4.48968457931e-05, 3.37951278198e-05, 3.70920497517e-05, 5.0239785196e-05, 3.9389316953e-05, 5.52662422706e-05, 4.30341242463e-05, 5.45844413864e-05, 0.000217524779146, 9.71174886217e-05, 0.000339446472935, 0.00022757507395, 0.000121007775306, 0.000155218687723, 0.000120407537906, 4.19715652242e-05, 3.46892193193e-05, 1.30778571474e-05, 7.28433724362e-06, 2.30602196893e-07, 1.18115406345e-09]
        dmean2: [6.32570663583e-06, 0.000604303262662, 0.00049120769836, 0.000202801646083, 0.000287279224722, 0.000363946484867, 7.7210868767e-05, 5.78168146603e-05, 5.44766844541e-05, 7.45253782952e-05, 6.75757837598e-05, 8.53125966387e-05, 5.90884810663e-05, 8.46038237796e-05, 0.000315451994538, 0.000146350401337, 0.000511217105668, 0.000344850617694, 0.000170862229425, 0.000231033656746, 0.000179549620952, 6.06955036346e-05, 5.36559236934e-05, 1.98584439204e-05, 1.13885116662e-05, 3.38705774539e-07, 1.39264422216e-09]
        dvar: [1.42612675141e-11, 2.46234890255e-07, 3.77827888087e-07, 4.99886567695e-08, 8.30005930652e-08, 2.50884596653e-07, 6.86071643941e-09, 3.04425951114e-09, 5.64539082148e-09, 1.46232936871e-08, 1.01569650468e-08, 3.98114288203e-08, 1.05915169968e-08, 1.65651332651e-08, 8.94229685855e-08, 2.79158971495e-08, 2.35027243889e-07, 1.68263255773e-07, 7.06175455889e-08, 9.74471845439e-08, 6.92696318083e-08, 4.7559276517e-09, 1.88050175431e-09, 2.05505085171e-10, 8.685617503e-11, 5.97964264367e-14, 2.90986337038e-16]
        dvar2: [4.14588190167e-11, 5.91955313212e-07, 1.06435663838e-06, 1.33826603133e-07, 2.27485216442e-07, 6.9546223358e-07, 1.81873200944e-08, 7.83243692126e-09, 1.27867139099e-08, 3.203740917e-08, 2.58065089298e-08, 1.00853860374e-07, 2.11466044675e-08, 3.85481087051e-08, 1.78016506425e-07, 6.02982055398e-08, 5.03900309923e-07, 3.81814516004e-07, 1.48890990204e-07, 1.96899321736e-07, 1.52731502112e-07, 9.05409258678e-09, 4.28832080956e-09, 4.23977547515e-10, 2.02332345323e-10, 1.06677280941e-13, 2.9147128987e-16]
        max: [3.05396752083e-05, 0.00348870363086, 0.00511315930635, 0.00190080003813, 0.0016083662631, 0.00375297642313, 0.000748827471398, 0.000463197298814, 0.000749804719817, 0.00172868382651, 0.000869979674462, 0.00191111175809, 0.00133132375777, 0.0012693448225, 0.00411379802972, 0.00174158310983, 0.00365565950051, 0.00400630198419, 0.00264334888197, 0.00239703967236, 0.0025700062979, 0.00064744357951, 0.000313306605676, 9.33480478125e-05, 6.81247547618e-05, 1.80523772997e-06, 3.54868319619e-07]
        mean: [6.51176560496e-06, 0.000436897593318, 0.000259217078565, 0.000117551011499, 0.000215661901166, 0.000177142836037, 4.7758261644e-05, 4.4341035391e-05, 5.2741397667e-05, 6.96842907928e-05, 4.22426783189e-05, 5.26699259353e-05, 5.69039184484e-05, 6.15513490629e-05, 0.000328467052896, 0.000129945678054, 0.000532157253474, 0.000273828598438, 0.000137270937557, 0.000180576840648, 0.000123728415929, 4.89639824082e-05, 3.81085155823e-05, 1.56135101861e-05, 7.8203238445e-06, 3.1503975606e-07, 1.29399069237e-09]
        min: [5.0197352941e-09, 5.50850609216e-06, 8.6961301804e-07, 2.67066980086e-07, 1.80452411769e-06, 4.05460582442e-07, 7.88676572938e-07, 1.99301894099e-07, 3.27478346662e-07, 1.26435637071e-07, 4.53112525278e-09, 3.99134236773e-08, 1.5685930066e-07, 3.22086464166e-07, 5.92537958255e-07, 1.45764761328e-06, 5.57316582217e-07, 4.42917144028e-06, 3.17126773552e-06, 4.44450421355e-07, 2.39365846255e-07, 3.00861238145e-08, 3.80408726741e-09, 1.03105168847e-09, 4.90567086953e-10, 3.32663167846e-11, 8.25593865733e-14]
        var: [2.79487509525e-11, 2.83183481997e-07, 2.7082478482e-07, 3.97193566926e-08, 7.50847348741e-08, 1.72860538328e-07, 5.72449865288e-09, 3.62458885128e-09, 8.02887090146e-09, 1.97700753546e-08, 1.12347935399e-08, 3.39846621955e-08, 1.44867833285e-08, 1.81925123854e-08, 2.0344104712e-07, 5.27171479803e-08, 4.28783607731e-07, 2.38376372863e-07, 8.96027785302e-08, 1.37494922114e-07, 7.49221911178e-08, 6.76189015891e-09, 2.58599719416e-09, 3.33797101071e-10, 9.62326815457e-11, 1.03812690052e-13, 2.90310351806e-16]
    mfcc:
        mean: [-728.022888184, 85.5441818237, -25.5710296631, 52.9244880676, 21.5198001862, 4.32438087463, -8.75308132172, 4.62004995346, 9.28598117828, 5.78301715851, 1.9690464735, -0.172980025411, -4.01400661469]
        cov: [[3481.40844727, -1353.27685547, 563.268615723, -427.775543213, -500.407226562, 181.189453125, 207.858383179, -86.6157073975, -218.201705933, -69.3800735474, -165.213516235, -45.8431625366, 142.839874268], [-1353.27685547, 1560.09362793, -663.13848877, 104.142021179, 64.1941680908, -141.966796875, 4.94127750397, 56.0511360168, 19.0330486298, -122.209197998, 29.2330684662, -14.5457439423, -43.5670166016], [563.268615723, -663.13848877, 917.811279297, 51.1519775391, -4.78762531281, 110.430168152, -59.6566619873, -138.954421997, -114.2293396, 15.4771556854, -77.94896698, -29.5253620148, 22.5820159912], [-427.775543213, 104.142021179, 51.1519775391, 409.479217529, 201.938522339, -58.6137924194, -105.369926453, -111.88533783, 6.86197328568, 11.0591716766, 15.6854381561, 16.5447158813, -56.2691192627], [-500.407226562, 64.1941680908, -4.78762531281, 201.938522339, 325.784332275, -16.4690132141, -140.732284546, -8.15414714813, 38.7076759338, 39.7853927612, 56.7526359558, 39.5839195251, -38.9399795532], [181.189453125, -141.966796875, 110.430168152, -58.6137924194, -16.4690132141, 122.753700256, 59.2390708923, -16.3455505371, -29.9967250824, -3.99255919456, -24.4968662262, -1.40247988701, 42.3058738708], [207.858383179, 4.94127750397, -59.6566619873, -105.369926453, -140.732284546, 59.2390708923, 175.468154907, 41.8731269836, -9.44789981842, -25.5757827759, -8.52075862885, -6.99436712265, 46.7011566162], [-86.6157073975, 56.0511360168, -138.954421997, -111.88533783, -8.15414714813, -16.3455505371, 41.8731269836, 156.085296631, 59.7349128723, 21.1182384491, 31.4129428864, 16.6259021759, 0.81035733223], [-218.201705933, 19.0330486298, -114.2293396, 6.86197328568, 38.7076759338, -29.9967250824, -9.44789981842, 59.7349128723, 147.238769531, 75.2844009399, 34.4406471252, -7.76871776581, -21.6228637695], [-69.3800735474, -122.209197998, 15.4771556854, 11.0591716766, 39.7853927612, -3.99255919456, -25.5757827759, 21.1182384491, 75.2844009399, 127.398284912, 41.7268714905, -6.29332780838, -18.9976539612], [-165.213516235, 29.2330684662, -77.94896698, 15.6854381561, 56.7526359558, -24.4968662262, -8.52075862885, 31.4129428864, 34.4406471252, 41.7268714905, 99.0154724121, 34.4972076416, -22.088136673], [-45.8431625366, -14.5457439423, -29.5253620148, 16.5447158813, 39.5839195251, -1.40247988701, -6.99436712265, 16.6259021759, -7.76871776581, -6.29332780838, 34.4972076416, 75.2060546875, 14.5255308151], [142.839874268, -43.5670166016, 22.5820159912, -56.2691192627, -38.9399795532, 42.3058738708, 46.7011566162, 0.81035733223, -21.6228637695, -18.9976539612, -22.088136673, 14.5255308151, 86.1975021362]]
        icov: [[0.000690931279678, 0.000623740372248, 0.000115628638014, 0.000280946085695, 0.000487473036628, 0.000223360970267, -0.000223778610234, 0.000224686271395, 0.000634402793366, 0.000225542884436, 0.000268790841801, 0.000202886672923, -0.000203332790988], [0.000623740372248, 0.0017288638046, 0.000882157415617, -7.38200105843e-05, 0.000130093801999, 0.000780838367064, -0.000319140264764, 6.62745105728e-06, 0.00082850077888, 0.00135886319913, -4.81839852e-05, 0.0012734393822, -0.00031032791594], [0.000115628638014, 0.000882157415617, 0.00222746795043, -0.000587979680859, 0.000522367889062, -0.00144903757609, 0.00128217565361, 0.000124808415421, 0.00147942348849, -0.000262246816419, 0.00037613735185, 0.00103677948937, -0.000226804200793], [0.000280946085695, -7.38200105843e-05, -0.000587979680859, 0.00701746856794, -0.00508058210835, 0.00509272608906, -0.00440857792273, 0.006253301166, -0.000802566821221, -0.000827765848953, 0.00281650689431, -0.00257552997209, 0.00253916112706], [0.000487473036628, 0.000130093801999, 0.000522367889062, -0.00508058210835, 0.0110401893035, -0.00764778023586, 0.00951788853854, -0.00484375283122, -0.000321242434438, 0.00130877259653, -0.00474583357573, 0.000211715319892, -0.0016096024774], [0.000223360970267, 0.000780838367064, -0.00144903757609, 0.00509272608906, -0.00764778023586, 0.0197386816144, -0.0115447062999, 0.00582557218149, 0.00158331019338, -0.00270041939802, 0.00534641603008, -0.00154078856576, -0.00178229820449], [-0.000223778610234, -0.000319140264764, 0.00128217565361, -0.00440857792273, 0.00951788853854, -0.0115447062999, 0.0184405241162, -0.00692883040756, -0.000611162220594, 0.0032723180484, -0.00646837754175, 0.00336726126261, -0.00462123006582], [0.000224686271395, 6.62745105728e-06, 0.000124808415421, 0.006253301166, -0.00484375283122, 0.00582557218149, -0.00692883040756, 0.0149548528716, -0.00383625505492, -0.000896629935596, 0.00212625321001, -0.00438526878133, 0.00237033097073], [0.000634402793366, 0.00082850077888, 0.00147942348849, -0.000802566821221, -0.000321242434438, 0.00158331019338, -0.000611162220594, -0.00383625505492, 0.0141548300162, -0.00680390466005, 0.000680933590047, 0.00294607831165, -0.000369797751773], [0.000225542884436, 0.00135886319913, -0.000262246816419, -0.000827765848953, 0.00130877259653, -0.00270041939802, 0.0032723180484, -0.000896629935596, -0.00680390466005, 0.0161137301475, -0.00699806166813, 0.00422730529681, -0.000667450600304], [0.000268790841801, -4.81839852e-05, 0.00037613735185, 0.00281650689431, -0.00474583357573, 0.00534641603008, -0.00646837754175, 0.00212625321001, 0.000680933590047, -0.00699806166813, 0.0205976329744, -0.0098266992718, 0.00554939173162], [0.000202886672923, 0.0012734393822, 0.00103677948937, -0.00257552997209, 0.000211715319892, -0.00154078856576, 0.00336726126261, -0.00438526878133, 0.00294607831165, 0.00422730529681, -0.0098266992718, 0.0223368108273, -0.00718819489703], [-0.000203332790988, -0.00031032791594, -0.000226804200793, 0.00253916112706, -0.0016096024774, -0.00178229820449, -0.00462123006582, 0.00237033097073, -0.000369797751773, -0.000667450600304, 0.00554939173162, -0.00718819489703, 0.0185208823532]]
    spectral_contrast:
        mean: [-2.8852028322e-07, -4.0684136593e-07, 6.72975431826e-07, 1.61631888318e-07, -1.43182219858e-07, -5.93028275375e-08, -9.78509547167e-07, 4.57658813957e-07, 1.33710329919e-06, 5.83904750329e-07, 4.18336298935e-07, 2.64550794782e-06]
        var: [0.000309362134431, 0.00137402501423, 0.00194748339709, 0.00250380276702, 0.00364487641491, 0.00427876645699, 0.0587820075452, 0.131789952517, 0.186666324735, 0.422691404819, 1.03863751888, 2.61431527138]

rhythm:
    beats_loudness:
        dmean: 0.00457059871405
        dmean2: 0.00915193278342
        dvar: 8.5259835032e-06
        dvar2: 2.72457673418e-05
        max: 0.0137231461704
        mean: 0.00680059241131
        min: 0.000756555295084
        var: 1.44957230077e-05
    beats_loudness_bass:
        dmean: 0.235644847155
        dmean2: 0.390441685915
        dvar: 0.0350579023361
        dvar2: 0.101888768375
        max: 0.687985301018
        mean: 0.222480714321
        min: 0.0311113726348
        var: 0.0408584885299
    bpm: 90.5232772827
    bpm_confidence: 0
    first_peak_bpm: 91
    first_peak_spread: 0.111111104488
    first_peak_weight: 0.5
    onset_rate: 5.88175439835
    second_peak_bpm: 121
    second_peak_spread: 0
    second_peak_weight: 0.4375
    beats_position: [0.194962203503, 0.857775449753, 1.5205886364, 2.18340182304, 2.84621500969, 3.50902843475, 4.1718416214, 4.83465480804, 5.49746799469, 6.18865299225, 6.68565511703, 7.18265867233, 7.67966127396, 8.17666435242, 8.67366695404, 9.17067050934, 9.66767311096]
    bpm_estimates: [90.6005706787, 90.5510406494, 90.4919204712, 90.5040512085, 90.4551620483, 90.4619903564, 90.5966796875, 90.5247573853]
    bpm_intervals: [0.66281324625, 0.662813186646, 0.662813186646, 0.662813186646, 0.662813425064, 0.662813186646, 0.662813186646, 0.662813186646, 0.691184997559, 0.497002124786, 0.497003555298, 0.497002601624, 0.497003078461, 0.497002601624, 0.497003555298, 0.497002601624]
    onset_times: [0.0348299331963, 0.18575963378, 0.348299324512, 0.650158703327, 0.835918366909, 1.04489791393, 1.19582772255, 1.33514738083, 1.49768710136, 1.68344676495, 1.86920630932, 1.98530614376, 2.17106580734, 2.43809533119, 2.53097510338, 2.68190479279, 2.85605430603, 3.12308382988, 3.32045340538, 3.5178232193, 3.78485250473, 3.87773251534, 4.01705217361, 4.1679816246, 4.34213161469, 4.51628112793, 4.69043064117, 4.841360569, 5.02712011337, 5.1780500412, 5.35219955444, 5.51473903656, 5.68888902664, 5.97913837433, 6.025578022, 6.17650794983, 6.37387752533, 6.52480745316, 6.67573690414, 6.82666683197, 7.01242637634, 7.18657588959, 7.34911584854, 7.50004529953, 7.69741487503, 7.84834480286, 8.01088428497, 8.18503379822, 8.34757328033, 8.53333377838, 8.66104316711, 8.84680271149, 9.11383247375, 9.19510173798, 9.34603214264, 9.50857162476, 9.67111110687, 9.84526062012, 10.0194101334]
    rubato_start: [6.68565511703]
    rubato_stop: [7.18265867233]
    perceptual_tempo: "unknown"

sfx:
    inharmonicity:
        dmean: 0.0586717799306
        dmean2: 0.0999650210142
        dvar: 0.00372360507026
        dvar2: 0.0100317476317
        max: 0.387234389782
        mean: 0.0600570701063
        min: 0
        var: 0.00424389634281
    oddtoevenharmonicenergyratio:
        dmean: 11.5231761932
        dmean2: 22.5920543671
        dvar: 5969.28417969
        dvar2: 17861.6835938
        max: 822.745056152
        mean: 6.27837848663
        min: 0
        var: 3025.2434082
    pitch_after_max_to_before_max_energy_ratio: 1.8387336731
    pitch_centroid: 226.135604858
    pitch_max_to_total: 0.414351850748
    pitch_min_to_total: 0.0138888889924
    tristimulus:
        dmean: [0.217043474317, 0.272187292576, 0.146485477686]
        dmean2: [0.360801070929, 0.45905739069, 0.262688279152]
        dvar: [0.0309283640236, 0.0460643097758, 0.019733954221]
        dvar2: [0.0826130360365, 0.133377835155, 0.0512277819216]
        max: [1, 0.98316937685, 0.690580964088]
        mean: [0.382806420326, 0.418712496758, 0.13489100337]
        min: [0.00393722951412, 0, 0]
        var: [0.0512405484915, 0.0687047615647, 0.0232600830495]

tonal:
    chords_changes_rate: 0.0737327188253
    chords_number_rate: 0.0322580635548
    chords_strength:
        dmean: 0.00920625496656
        dmean2: 0.0105980504304
        dvar: 5.3947303968e-05
        dvar2: 6.34490206721e-05
        max: 0.596233665943
        mean: 0.456468641758
        min: 0.324732154608
        var: 0.00450668064877
    key_strength: 0.649476528168
    tuning_diatonic_strength: 0.504883289337
    tuning_equal_tempered_deviation: 0.095836982131
    tuning_frequency: 440.254241943
    tuning_nontempered_energy_ratio: 0.690304636955
    hpcp:
        dmean: [0.223429784179, 0.19163711369, 0.147304430604, 0.129133671522, 0.133773759007, 0.202133536339, 0.254010647535, 0.189134970307, 0.153994813561, 0.139896437526, 0.138632252812, 0.170936837792, 0.159098759294, 0.166968792677, 0.179514572024, 0.202577248216, 0.192539349198, 0.211442887783, 0.18086181581, 0.124068319798, 0.194596394897, 0.254944741726, 0.158794716001, 0.0991414412856, 0.0975927188993, 0.0818951055408, 0.128581807017, 0.178999051452, 0.126688614488, 0.154354602098, 0.185236513615, 0.116501227021, 0.112577952445, 0.123813807964, 0.146124973893, 0.183380410075]
        dmean2: [0.381477385759, 0.323940545321, 0.243332996964, 0.208191737533, 0.225070312619, 0.332445442677, 0.444587826729, 0.335177659988, 0.258972674608, 0.227790802717, 0.215940207243, 0.268946647644, 0.263276308775, 0.300580143929, 0.308195501566, 0.346804171801, 0.332886338234, 0.361403554678, 0.29646936059, 0.208203732967, 0.337262958288, 0.445878744125, 0.276947081089, 0.163192719221, 0.165287196636, 0.136773377657, 0.212239056826, 0.285145252943, 0.206717312336, 0.255184054375, 0.311032950878, 0.197242349386, 0.194223761559, 0.213611781597, 0.244507655501, 0.307755708694]
        dvar: [0.052617803216, 0.0385324470699, 0.034744091332, 0.0261151865125, 0.0312132872641, 0.0378850772977, 0.0583815872669, 0.0401344336569, 0.0406294725835, 0.0378488488495, 0.0266106482595, 0.0398662276566, 0.0380827412009, 0.0522104166448, 0.0457226224244, 0.0507710464299, 0.0469636060297, 0.0564031079412, 0.0443388931453, 0.0198697671294, 0.0432471707463, 0.0726195275784, 0.029036462307, 0.0170256812125, 0.0242153536528, 0.0176198892295, 0.0202599875629, 0.0424009785056, 0.0218486301601, 0.0334610715508, 0.0477406531572, 0.0241611581296, 0.0348176173866, 0.0322536453605, 0.0308868382126, 0.0332711786032]
        dvar2: [0.127243161201, 0.0977264791727, 0.0849457383156, 0.058706395328, 0.0845451429486, 0.102129928768, 0.141951277852, 0.107856325805, 0.104981437325, 0.0892868116498, 0.0568602122366, 0.0893316492438, 0.0930114984512, 0.14139790833, 0.132216915488, 0.131426021457, 0.12682120502, 0.151715263724, 0.115688979626, 0.0556824915111, 0.0960292443633, 0.15376855433, 0.0751166641712, 0.0436044335365, 0.0631238892674, 0.0454679206014, 0.0500541105866, 0.0878249332309, 0.0460952632129, 0.0826038196683, 0.120882593095, 0.064229555428, 0.0950275436044, 0.0886219367385, 0.0776561126113, 0.0693457201123]
        max: [1, 1, 1, 1, 0.876952588558, 1, 1, 1, 1, 1, 1, 1, 1, 1, 1, 1, 1, 1, 1, 0.91631937027, 1, 1, 1, 0.845077693462, 0.995228230953, 0.88645452261, 0.915381073952, 1, 1, 0.956567764282, 1, 1, 1, 1, 1, 1]
        mean: [0.361930340528, 0.248679369688, 0.155955404043, 0.133111059666, 0.126080095768, 0.282956123352, 0.414595723152, 0.266381084919, 0.168655380607, 0.182787686586, 0.183561861515, 0.198698103428, 0.169805303216, 0.153859242797, 0.231971561909, 0.308463811874, 0.26076811552, 0.240386277437, 0.219901189208, 0.152262508869, 0.314863681793, 0.416774123907, 0.220150783658, 0.0931257084012, 0.0880737900734, 0.0807099491358, 0.177236348391, 0.261902689934, 0.178579315543, 0.163637429476, 0.181253567338, 0.115037441254, 0.108012288809, 0.127020791173, 0.166087150574, 0.301688432693]
        min: [0.00218727625906, 0.00387146603316, 0.00179429829586, 0.000526200747117, 0.00182719144505, 0.00713619869202, 0.00741271721199, 0.00537451356649, 0.00121721532196, 0.00114454783034, 0.00186208519153, 0.00117646355648, 0.00163054780569, 0.000802696682513, 0.00245664454997, 0.00326446536928, 0.00503501063213, 0.00229097064584, 0.00234110932797, 0.00196125661023, 0.00385009590536, 0.00581449316815, 0.00376723590307, 0.000274071411695, 0.000666481966618, 0.000582552573178, 0.000647540728096, 0.000986547325738, 0.00228300946765, 0.00112092262134, 0.0012445297325, 0.000961387064308, 0.000920201826375, 0.00262998486869, 0.00257444940507, 0.00120635482017]
        var: [0.0982258021832, 0.0513926595449, 0.0435969308019, 0.0358915962279, 0.0296927113086, 0.0611033402383, 0.121956005692, 0.0558256879449, 0.0488027743995, 0.0604528449476, 0.0430664680898, 0.0566880553961, 0.0440133325756, 0.0477845184505, 0.0597676485777, 0.103387437761, 0.0677735060453, 0.0720345601439, 0.0645232349634, 0.0254563223571, 0.067857645452, 0.11368317157, 0.0350615493953, 0.0179067347199, 0.0217244401574, 0.0164454448968, 0.0360150448978, 0.0808367133141, 0.0357698313892, 0.0412716716528, 0.0498115569353, 0.0208978187293, 0.0282758492976, 0.0274525806308, 0.041862603277, 0.0791582539678]
    chords_histogram: [10.1382484436, 0, 6.91244220734, 0.460829496384, 1.84331798553, 0, 0, 0, 0, 0, 0, 0, 0, 0, 0, 0, 0, 23.9631328583, 0, 12.4423961639, 0, 16.129032135, 28.1105995178, 0]
    thpcp: [1, 0.528225660324, 0.223444074392, 0.211322590709, 0.193653941154, 0.425257563591, 0.628404378891, 0.428479850292, 0.392628580332, 0.434896409512, 0.276018679142, 0.259162664413, 0.304771304131, 0.398506373167, 0.723865568638, 0.868408858776, 0.596676588058, 0.374196469784, 0.31938418746, 0.302514225245, 0.678919613361, 0.994773209095, 0.639149785042, 0.404668539762, 0.438577353954, 0.440434873104, 0.476752489805, 0.407427638769, 0.369166970253, 0.556588232517, 0.740122258663, 0.625682115555, 0.576778292656, 0.527626752853, 0.365335792303, 0.755478024483]
    chords_key: "D"
    chords_scale: "major"
    key_key: "A"
    key_scale: "major"
    chords_progression: ["Am", "Am", "Am", "Am", "Am", "Am", "A", "A", "A", "A", "A", "A", "A", "A", "A", "A", "A", "A", "A", "A", "A", "A", "A", "A", "Am", "Am", "Am", "Am", "Am", "Am", "Am", "Am", "D", "D", "D", "D", "D", "D", "D", "D", "D", "D", "D", "D", "D", "D", "D", "D", "D", "D", "D", "D", "D", "D", "D", "D", "D", "D", "D", "D", "D", "D", "D", "D", "A", "A", "A", "A", "Em", "Em", "Em", "Em", "Em", "Em", "Em", "Em", "Em", "Em", "Em", "Em", "Em", "Em", "Em", "E", "E", "E", "E", "E", "Em", "Em", "Em", "Em", "Em", "Em", "Em", "Em", "Em", "Em", "Em", "Em", "B", "B", "B", "B", "Bm", "Bm", "Bm", "Bm", "Bm", "Bm", "Bm", "Bm", "Bm", "Bm", "Bm", "Bm", "Bm", "Bm", "Bm", "Bm", "Bm", "D", "D", "D", "D", "D", "D", "D", "D", "D", "D", "D", "D", "D", "D", "D", "D", "D", "D", "D", "D", "D", "D", "D", "D", "D", "D", "D", "D", "D", "Bm", "Bm", "Bm", "Bm", "Bm", "Bm", "Bm", "Bm", "Bm", "Bm", "Bm", "Bm", "Bm", "Bm", "Bm", "Bm", "Bm", "Bm", "E", "E", "E", "E", "E", "E", "E", "E", "E", "Am", "G#m", "E", "Am", "Am", "Am", "Am", "Am", "Am", "Am", "Am", "Am", "Am", "Am", "Am", "Am", "Am", "Am", "Am", "Am", "Am", "Am", "Am", "Am", "Am", "Am", "Am", "Am", "Am", "Am", "Am", "Am", "Am", "Am", "Am", "Am", "Am", "Am", "Am", "Am"]
