
metadata:
    version:
        essentia: "1.2.2"
    audio_properties:
        analysis_sample_rate: 44100
        bitrate: 128
        channels: 2
        equal_loudness: 1
        length: 10.0571432114
        replay_gain: -9.51936912537
        downmix: "mix"
    tags:
        track: 41
        year: 0
        album: "Splitted by Mp3Splt v. 2.1"
        artist: "From 006.40 To 006.50"
        comment: "http://mp3splt.sf.net"
        genre: ""
        title: "04 [Untitled].mp3"

highlevel:
    ballroom:
        all:
            ChaChaCha: 0.31400641799
            Jive: 0.143291369081
            Quickstep: 0.00548220658675
            Rumba-American: 0.00028224432026
            Rumba-International: 0.000678827986121
            Rumba-Misc: 0.000750267936382
            Samba: 0.53533166647
            Tango: 6.72625101288e-05
            VienneseWaltz: 6.36535842204e-05
            Waltz: 4.60973787995e-05
        probability: 0.53533166647
        value: "Samba"
    culture:
        all:
            non_western: 0.0736810043454
            western: 0.926319003105
        probability: 0.926319003105
        value: "western"
    gender:
        all:
            female: 0.180306866765
            male: 0.819693148136
        probability: 0.819693148136
        value: "male"
    genre_dortmund:
        all:
            alternative: 0.000220986185013
            blues: 0.000249146716669
            electronic: 0.00463888468221
            folkcountry: 8.44304886414e-05
            funksoulrnb: 0.00310984440148
            jazz: 0.000600031053182
            pop: 0.000726122409105
            raphiphop: 0.98841124773
            rock: 0.00195931107737
        probability: 0.98841124773
        value: "raphiphop"
    genre_electronica:
        all:
            ambient: 0.0487560853362
            dnb: 0.807611882687
            house: 0.0509234368801
            techno: 0.086396984756
            trance: 0.00631161034107
        probability: 0.807611882687
        value: "dnb"
    genre_rosamerica:
        all:
            cla: 0.000195950255147
            dan: 0.00318884779699
            hip: 0.988707304001
            jaz: 0.000264541973593
            pop: 0.00478862086311
            rhy: 0.00104843184818
            roc: 0.00146093801595
            spe: 0.000345349282725
        probability: 0.988707304001
        value: "hip"
    genre_tzanetakis:
        all:
            blu: 8.39196654852e-05
            cla: 0.000217553111725
            cou: 0.000259312451817
            dis: 0.00551045779139
            hip: 0.80371516943
            jaz: 0.000255152059253
            met: 0.00206486135721
            pop: 0.17262224853
            reg: 0.0147142624483
            roc: 0.00055708468426
        probability: 0.80371516943
        value: "hip"
    live_studio:
        all:
            live: 0.0042294668965
            studio: 0.995770514011
        probability: 0.995770514011
        value: "studio"
    mood:
        all:
            Cluster1: 0.310029834509
            Cluster2: 0.10938475281
            Cluster3: 0.0138084217906
            Cluster4: 0.145412683487
            Cluster5: 0.421364307404
        probability: 0.421364307404
        value: "Cluster5"
    mood_acoustic:
        all:
            acoustic: 4.10293523601e-06
            not_acoustic: 0.99999588728
        probability: 0.99999588728
        value: "not_acoustic"
    mood_aggressive:
        all:
            aggressive: 0.684613525867
            not_aggressive: 0.315386474133
        probability: 0.684613525867
        value: "aggressive"
    mood_electronic:
        all:
            electronic: 0.96864014864
            not_electronic: 0.0313598662615
        probability: 0.96864014864
        value: "electronic"
    mood_happy:
        all:
            happy: 0.170812189579
            not_happy: 0.829187810421
        probability: 0.829187810421
        value: "not_happy"
    mood_party:
        all:
            not_party: 0.024936767295
            party: 0.975063204765
        probability: 0.975063204765
        value: "party"
    mood_relaxed:
        all:
            not_relaxed: 0.946967542171
            relaxed: 0.0530324727297
        probability: 0.946967542171
        value: "not_relaxed"
    mood_sad:
        all:
            not_sad: 0.995736539364
            sad: 0.00426348112524
        probability: 0.995736539364
        value: "not_sad"
    rhythm:
        all:
            fast: 0.645858049393
            medium: 0.293273866177
            slow: 0.0608680993319
        probability: 0.645858049393
        value: "fast"
    speech_music:
        all:
            music: 0.958181202412
            speech: 0.0418188124895
        probability: 0.958181202412
        value: "music"
    timbre:
        all:
            bright: 0.0167207792401
            dark: 0.98327922821
        probability: 0.98327922821
        value: "dark"
    voice_instrumental:
        all:
            instrumental: 0.0112810330465
            voice: 0.988718986511
        probability: 0.988718986511
        value: "voice"

lowlevel:
    average_loudness: 0.961615562439
    barkbands_kurtosis:
        dmean: 3.17079234123
        dmean2: 5.26063776016
        dvar: 43.9323768616
        dvar2: 111.156723022
        max: 75.4682846069
        mean: 2.11573338509
        min: -1.8583419323
        var: 46.7244033813
    barkbands_skewness:
        dmean: 0.866209447384
        dmean2: 1.2979143858
        dvar: 0.897786557674
        dvar2: 1.94642436504
        max: 8.35825920105
        mean: -0.0231552738696
        min: -4.02318239212
        var: 2.86097025871
    barkbands_spread:
        dmean: 9.96245956421
        dmean2: 15.9055042267
        dvar: 103.35912323
        dvar2: 237.419143677
        max: 71.955368042
        mean: 29.2986183167
        min: 3.51043629646
        var: 213.324508667
    dissonance:
        dmean: 0.0207770150155
        dmean2: 0.0318594798446
        dvar: 0.0010227834573
        dvar2: 0.00149278610479
        max: 0.499797582626
        mean: 0.464139580727
        min: 0
        var: 0.00185161083937
    hfc:
        dmean: 4.18713951111
        dmean2: 6.27309846878
        dvar: 48.5414924622
        dvar2: 114.669769287
        max: 50.3626174927
        mean: 6.30854940414
        min: 0.00207772734575
        var: 63.4950180054
    pitch:
        dmean: 967.937438965
        dmean2: 1821.06799316
        dvar: 1715713.875
        dvar2: 3741466.75
        max: 4900
        mean: 2017.5958252
        min: 79.3165435791
        var: 2434239
    pitch_instantaneous_confidence:
        dmean: 0.112066425383
        dmean2: 0.182652175426
        dvar: 0.00926739536226
        dvar2: 0.0218485388905
        max: 0.881550967693
        mean: 0.434388577938
        min: 0.154302597046
        var: 0.0206716395915
    pitch_salience:
        dmean: 0.086257994175
        dmean2: 0.137948334217
        dvar: 0.0063905492425
        dvar2: 0.0157278571278
        max: 0.962048530579
        mean: 0.634119749069
        min: 0.151171922684
        var: 0.0149251213297
    silence_rate_20dB:
        dmean: 0
        dmean2: 0
        dvar: 0
        dvar2: 0
        max: 1
        mean: 1
        min: 1
        var: 0
    silence_rate_30dB:
        dmean: 0
        dmean2: 0
        dvar: 0
        dvar2: 0
        max: 1
        mean: 1
        min: 1
        var: 0
    silence_rate_60dB:
        dmean: 0.216589868069
        dmean2: 0.431870669127
        dvar: 0.169678404927
        dvar2: 0.268453478813
        max: 1
        mean: 0.613793075085
        min: 0
        var: 0.237050369382
    spectral_centroid:
        dmean: 501.183624268
        dmean2: 721.314758301
        dvar: 278555.96875
        dvar2: 554632.0625
        max: 5583.39306641
        mean: 2029.05786133
        min: 110.059921265
        var: 1078376.75
    spectral_complexity:
        dmean: 4.58198595047
        dmean2: 6.43287038803
        dvar: 35.4534568787
        dvar2: 61.8471755981
        max: 44
        mean: 8.30184364319
        min: 0
        var: 79.6023178101
    spectral_crest:
        dmean: 2.96834349632
        dmean2: 4.92866230011
        dvar: 6.51354598999
        dvar2: 16.9092578888
        max: 24.5050086975
        mean: 8.76410484314
        min: 3.23471522331
        var: 13.8977069855
    spectral_decrease:
        dmean: 5.00477048693e-10
        dmean2: 7.58026641456e-10
        dvar: 5.52475792281e-19
        dvar2: 1.38603903384e-18
        max: -1.42053984678e-13
        mean: -6.76208311567e-10
        min: -5.45659561979e-09
        var: 6.23021218738e-19
    spectral_energy:
        dmean: 0.00223934557289
        dmean2: 0.00336835719645
        dvar: 1.09610891741e-05
        dvar2: 2.70756881946e-05
        max: 0.0228812880814
        mean: 0.00312436977401
        min: 7.24600511148e-07
        var: 1.29861600726e-05
    spectral_energyband_high:
        dmean: 0.000199296337087
        dmean2: 0.000306308997096
        dvar: 1.1167360725e-07
        dvar2: 2.63636565023e-07
        max: 0.00281872972846
        mean: 0.000297046237392
        min: 1.22079057974e-07
        var: 1.45795809203e-07
    spectral_energyband_low:
        dmean: 0.000209493387956
        dmean2: 0.000350429152604
        dvar: 2.64112429704e-07
        dvar2: 6.56194970361e-07
        max: 0.00386284710839
        mean: 0.000218958361074
        min: 6.56588117209e-09
        var: 2.33658042248e-07
    spectral_energyband_middle_high:
        dmean: 0.0011320427293
        dmean2: 0.00172397017013
        dvar: 3.60627564078e-06
        dvar2: 8.46945840749e-06
        max: 0.0133802853525
        mean: 0.00165986688808
        min: 5.0478445246e-07
        var: 4.80732524011e-06
    spectral_energyband_middle_low:
        dmean: 0.000981001649052
        dmean2: 0.00163421337493
        dvar: 3.71160945178e-06
        dvar2: 1.01184778032e-05
        max: 0.0167321469635
        mean: 0.000948458444327
        min: 8.16693130901e-08
        var: 2.92414711112e-06
    spectral_flatness_db:
        dmean: 0.0286382269114
        dmean2: 0.044876690954
        dvar: 0.000703924801201
        dvar2: 0.00172062055208
        max: 0.324171364307
        mean: 0.162579968572
        min: 0.0721942856908
        var: 0.00183895474765
    spectral_flux:
        dmean: 0.0162395499647
        dmean2: 0.0235320050269
        dvar: 0.000321004801663
        dvar2: 0.00056580855744
        max: 0.134981006384
        mean: 0.0418331772089
        min: 0.00200312538072
        var: 0.00063803861849
    spectral_kurtosis:
        dmean: 1.16033375263
        dmean2: 1.77181446552
        dvar: 1.63186132908
        dvar2: 3.75443267822
        max: 12.1110296249
        mean: 2.35157513618
        min: -1.43184173107
        var: 4.26579189301
    spectral_rms:
        dmean: 0.000584855559282
        dmean2: 0.000819029053673
        dvar: 4.05586604302e-07
        dvar2: 8.55674329614e-07
        max: 0.00472474424168
        mean: 0.00150511192624
        min: 2.6588106266e-05
        var: 7.82807262567e-07
    spectral_rolloff:
        dmean: 718.253967285
        dmean2: 1116.48632812
        dvar: 924244.6875
        dvar2: 2018044.75
        max: 10400.5371094
        mean: 3362.9987793
        min: 64.599609375
        var: 2263481.25
    spectral_skewness:
        dmean: 0.227069824934
        dmean2: 0.353339344263
        dvar: 0.0533969178796
        dvar2: 0.119301326573
        max: 2.75409889221
        mean: 1.25983309746
        min: 0.0932820513844
        var: 0.161434113979
    spectral_spread:
        dmean: 1379839.5
        dmean2: 1971879.875
        dvar: 2.18524496691e+12
        dvar2: 4.06917296947e+12
        max: 21273212
        mean: 7015206.5
        min: 2448170
        var: 8.02381155533e+12
    spectral_strongpeak:
        dmean: 0.429580360651
        dmean2: 0.711435616016
        dvar: 0.427105128765
        dvar2: 1.04332447052
        max: 5.59799671173
        mean: 0.505745470524
        min: 0.00158518203534
        var: 0.53431147337
    zerocrossingrate:
        dmean: 0.0173875484616
        dmean2: 0.0182788986713
        dvar: 0.0002552086371
        dvar2: 0.000291740492685
        max: 0.240234375
        mean: 0.110633954406
        min: 0.009765625
        var: 0.00203459477052
    barkbands:
        dmean: [1.11038264095e-06, 0.000113519694423, 0.000141761222039, 0.000205611373531, 0.000334705866408, 0.000265755516011, 0.000158586059115, 0.000105638959212, 0.000119783813716, 9.05336128199e-05, 8.51847362355e-05, 4.82936084154e-05, 2.97293809126e-05, 3.41153863701e-05, 8.89315124368e-05, 0.000105677652755, 0.00019644938584, 0.000326675159158, 0.000359710713383, 0.000179737486178, 7.69832113292e-05, 3.93176196667e-05, 8.59019291966e-06, 5.22945992998e-06, 6.57198961562e-06, 3.04521364569e-07, 1.12682951858e-09]
        dmean2: [1.37907841236e-06, 0.000192756662727, 0.000256407685811, 0.000363574043149, 0.000613300537225, 0.000467548641609, 0.000253151461948, 0.000165618548635, 0.000193179337657, 0.000149482875713, 0.000138284885907, 7.97690372565e-05, 4.93627303513e-05, 5.4862433899e-05, 0.000140334348544, 0.000167998892721, 0.000313652795739, 0.000522291986272, 0.000565399823245, 0.000283755769487, 0.000118611933431, 5.99191116635e-05, 1.31011593112e-05, 8.0392073869e-06, 1.02385229184e-05, 4.68307575829e-07, 1.74285974541e-09]
        dvar: [4.79196109876e-12, 7.01382916191e-08, 1.75679346626e-07, 2.80933079466e-07, 1.2427897218e-06, 5.2110345905e-07, 1.45822312447e-07, 5.16695770614e-08, 1.13560524539e-07, 6.16828970124e-08, 5.45250102846e-08, 1.38381581749e-08, 4.27288737725e-09, 8.35282776279e-09, 3.9158429388e-08, 3.61890428735e-08, 1.15193039107e-07, 4.8759739002e-07, 3.81720241194e-07, 1.11212507647e-07, 1.77073093965e-08, 3.30754357236e-09, 1.46753331709e-10, 5.51597066634e-11, 8.95794896594e-11, 1.36623568361e-13, 1.68873580734e-16]
        dvar2: [8.98505575497e-12, 1.87011721664e-07, 4.92162598675e-07, 7.62627053064e-07, 3.59778368875e-06, 1.44074374475e-06, 3.35372135396e-07, 1.07670800276e-07, 2.77204776467e-07, 1.51535928694e-07, 1.3360043738e-07, 3.53224010041e-08, 1.09254738589e-08, 1.95210070331e-08, 8.29197261965e-08, 8.13274212419e-08, 2.86354008949e-07, 1.26987129079e-06, 8.78198477494e-07, 2.8000172847e-07, 4.10042986232e-08, 7.54398499225e-09, 3.08505360147e-10, 1.25060253819e-10, 2.19182019756e-10, 2.91947157638e-13, 4.24767991276e-16]
        max: [2.26288775593e-05, 0.00148054340389, 0.00309180188924, 0.0034931441769, 0.00878314115107, 0.00698771886528, 0.00340030551888, 0.00287992367521, 0.00367667130195, 0.00238152802922, 0.00228531332687, 0.000931527873036, 0.000605686102062, 0.00101214577444, 0.00210952525958, 0.00130589713808, 0.0023740734905, 0.00519089028239, 0.00522704143077, 0.0025793495588, 0.00109284813516, 0.000515678024385, 0.000116892522783, 5.40895525774e-05, 8.46493639983e-05, 3.34261039825e-06, 1.91983986042e-07]
        mean: [4.07857623941e-06, 0.000123304824228, 9.16170974961e-05, 0.000141522978083, 0.000224397037528, 0.000222471207962, 0.000139409850817, 0.000105759085272, 0.000105864579382, 8.00109701231e-05, 8.57215272845e-05, 4.27868435509e-05, 3.49131769326e-05, 3.76102652808e-05, 9.22363615246e-05, 0.000113866823085, 0.000227023410844, 0.00038265157491, 0.000455078057712, 0.000212207567529, 0.000113000452984, 5.735578452e-05, 1.36852040669e-05, 7.76639990363e-06, 9.54037204792e-06, 4.9216782827e-07, 6.71300792732e-10]
        min: [1.05939285122e-10, 1.12320630574e-09, 3.11229797489e-09, 6.88519152803e-09, 2.24575753549e-08, 2.49834748445e-08, 1.82216730593e-08, 6.60199539482e-09, 1.67534164319e-09, 1.01354951099e-08, 1.0304280984e-08, 2.9896851661e-09, 8.46651371234e-09, 2.15471729348e-09, 5.37377209398e-09, 1.84267605619e-08, 2.06288177651e-08, 2.36633695749e-07, 1.7315919365e-07, 7.3308200399e-08, 4.6721822855e-08, 1.00204937681e-08, 1.94921434549e-09, 4.79418005295e-10, 2.92359803034e-10, 2.23134982713e-10, 7.5832581249e-15]
        var: [3.13518273842e-11, 6.13324786514e-08, 1.07934461369e-07, 1.85790668183e-07, 7.02916906903e-07, 4.01815441364e-07, 1.54719501211e-07, 6.80991547597e-08, 1.08009011512e-07, 5.73291885075e-08, 6.54290275293e-08, 1.37169946512e-08, 6.39058583829e-09, 1.04484190189e-08, 4.6448782598e-08, 4.37580034429e-08, 1.27661550664e-07, 4.57870726223e-07, 4.90623278893e-07, 1.21380764995e-07, 2.31251551241e-08, 5.31927613068e-09, 2.56410059851e-10, 8.82356201992e-11, 1.41160250156e-10, 4.06492710586e-13, 8.46526580371e-17]
    mfcc:
        mean: [-765.689208984, 59.1988830566, -31.6001644135, 53.2101631165, -8.62854957581, -15.6934585571, -6.62898206711, 0.981083512306, 1.21616232395, -8.45233440399, 1.52111792564, -6.78618860245, -1.38451218605]
        cov: [[6850.06054688, -504.000579834, -1100.15429688, -442.642242432, -226.113983154, -185.876449585, -99.7538528442, -158.728713989, -136.01725769, -3.84898471832, -76.5984039307, -138.961502075, -161.296508789], [-504.000579834, 1603.19128418, 210.956802368, -11.7332983017, -68.8360443115, 182.226852417, 231.934265137, 258.077972412, 106.299873352, 18.6411151886, 122.198432922, 120.162658691, -8.61692142487], [-1100.15429688, 210.956802368, 1166.33447266, 306.179718018, 347.167053223, 111.873306274, 119.647705078, 25.7457447052, 69.4026870728, -51.9112434387, 21.7597904205, 63.6860313416, 64.6252288818], [-442.642242432, -11.7332983017, 306.179718018, 633.91607666, 401.612518311, 142.709564209, 7.21318769455, -3.19036531448, 42.2369003296, 44.6494674683, 1.38731336594, -2.48422169685, 59.8055229187], [-226.113983154, -68.8360443115, 347.167053223, 401.612518311, 632.625427246, 217.711929321, 99.3667526245, -50.5821151733, 76.8447036743, 87.5507659912, 50.0467948914, 17.5983161926, 63.4199981689], [-185.876449585, 182.226852417, 111.873306274, 142.709564209, 217.711929321, 375.087860107, 272.059051514, 112.012260437, 62.4981918335, 58.0550041199, 61.2812080383, 70.4753799438, 17.402765274], [-99.7538528442, 231.934265137, 119.647705078, 7.21318769455, 99.3667526245, 272.059051514, 503.851837158, 215.083496094, 121.97492218, 58.2045135498, 65.7956390381, 90.7903900146, -7.13724040985], [-158.728713989, 258.077972412, 25.7457447052, -3.19036531448, -50.5821151733, 112.012260437, 215.083496094, 272.434326172, 113.751930237, 57.9105987549, 79.6802749634, 71.6834640503, 20.3357658386], [-136.01725769, 106.299873352, 69.4026870728, 42.2369003296, 76.8447036743, 62.4981918335, 121.97492218, 113.751930237, 152.708404541, 78.5344467163, 51.4365882874, 35.3349189758, 14.9922580719], [-3.84898471832, 18.6411151886, -51.9112434387, 44.6494674683, 87.5507659912, 58.0550041199, 58.2045135498, 57.9105987549, 78.5344467163, 160.387954712, 90.9351806641, 39.4491004944, 34.8018112183], [-76.5984039307, 122.198432922, 21.7597904205, 1.38731336594, 50.0467948914, 61.2812080383, 65.7956390381, 79.6802749634, 51.4365882874, 90.9351806641, 156.472686768, 87.3341674805, 48.7516975403], [-138.961502075, 120.162658691, 63.6860313416, -2.48422169685, 17.5983161926, 70.4753799438, 90.7903900146, 71.6834640503, 35.3349189758, 39.4491004944, 87.3341674805, 123.697174072, 54.0140762329], [-161.296508789, -8.61692142487, 64.6252288818, 59.8055229187, 63.4199981689, 17.402765274, -7.13724040985, 20.3357658386, 14.9922580719, 34.8018112183, 48.7516975403, 54.0140762329, 120.596725464]]
        icov: [[0.000183351905434, 2.27462151088e-05, 0.000167271093233, 8.72303644428e-05, -0.000126239101519, 8.97904319572e-05, -6.96839924785e-05, 6.3622419475e-06, 0.000103355087049, 1.77750807779e-05, -3.02911466861e-05, 3.93425070797e-05, 0.000138839168358], [2.27462151088e-05, 0.000822144676931, -0.000129628228024, -2.64132650045e-05, 0.000212697530515, -0.000314607430482, 0.000118707030197, -0.000497281493153, -0.000181427894859, 0.000334566197125, -0.000476208544569, -0.000264680129476, 0.000433218141552], [0.000167271093233, -0.000129628228024, 0.0014565915335, -0.000237202708377, -0.000792509701569, 0.000456507899798, -0.000308566930471, 0.000100492106867, -0.000501199741848, 0.00140757544432, -0.000166261132108, -0.000533928920049, -0.000170316256117], [8.72303644428e-05, -2.64132650045e-05, -0.000237202708377, 0.00314273522235, -0.00200344598852, -0.000442163611297, 0.000952527218033, -0.00134510314092, 0.000599621329457, -0.000542971829418, 0.00131715775933, 0.000196552005946, -0.000454401044408], [-0.000126239101519, 0.000212697530515, -0.000792509701569, -0.00200344598852, 0.00488450890407, -0.00199981359765, -0.000639269361272, 0.00323590845801, -0.00220963312313, -0.000741406169254, -0.00161788740661, 0.00157501082867, -0.00116176228039], [8.97904319572e-05, -0.000314607430482, 0.000456507899798, -0.000442163611297, -0.00199981359765, 0.00622998038307, -0.00266966759227, -0.000983236008324, 0.00193111342378, -0.000412482215324, 0.000276344682788, -0.00147722382098, 0.000661592639517], [-6.96839924785e-05, 0.000118707030197, -0.000308566930471, 0.000952527218033, -0.000639269361272, -0.00266966759227, 0.00518471980467, -0.00278198719025, -0.00105803250335, -6.4643973019e-05, 0.00136380828917, -0.00192010286264, 0.00156451226212], [6.3622419475e-06, -0.000497281493153, 0.000100492106867, -0.00134510314092, 0.00323590845801, -0.000983236008324, -0.00278198719025, 0.0101679023355, -0.00534753734246, 0.000805386982393, -0.00283726793714, 0.000610154587775, -0.00154680164997], [0.000103355087049, -0.000181427894859, -0.000501199741848, 0.000599621329457, -0.00220963312313, 0.00193111342378, -0.00105803250335, -0.00534753734246, 0.0142463026568, -0.00565541302785, 0.00186410394963, -0.000415820977651, 0.00111260346603], [1.77750807779e-05, 0.000334566197125, 0.00140757544432, -0.000542971829418, -0.000741406169254, -0.000412482215324, -6.4643973019e-05, 0.000805386982393, -0.00565541302785, 0.0137469833717, -0.00709859887138, 0.0016803254839, -0.0012745653512], [-3.02911466861e-05, -0.000476208544569, -0.000166261132108, 0.00131715775933, -0.00161788740661, 0.000276344682788, 0.00136380828917, -0.00283726793714, 0.00186410394963, -0.00709859887138, 0.0163454022259, -0.00842817220837, -0.000284568668576], [3.93425070797e-05, -0.000264680129476, -0.000533928920049, 0.000196552005946, 0.00157501082867, -0.00147722382098, -0.00192010286264, 0.000610154587775, -0.000415820977651, 0.0016803254839, -0.00842817220837, 0.0184462703764, -0.00589726632461], [0.000138839168358, 0.000433218141552, -0.000170316256117, -0.000454401044408, -0.00116176228039, 0.000661592639517, 0.00156451226212, -0.00154680164997, 0.00111260346603, -0.0012745653512, -0.000284568668576, -0.00589726632461, 0.0126801300794]]
    spectral_contrast:
        mean: [-1.71020005268e-07, -6.00853256039e-11, 2.31693320529e-07, 2.37955063653e-07, 5.5378069419e-07, -3.81112634784e-08, -4.54478549727e-06, -3.39018583873e-06, -4.78128140458e-06, 3.24309689859e-06, 5.29231556357e-07, 1.82274845884e-06]
        var: [0.000740538525861, 0.00118474802002, 0.00231936667114, 0.00381180015393, 0.00659514730796, 0.0125706791878, 0.111719734967, 0.214451432228, 0.378134250641, 0.741157770157, 1.18455290794, 3.43614196777]

rhythm:
    beats_loudness:
        dmean: 0.00516910105944
        dmean2: 0.0103317145258
        dvar: 2.9160255508e-06
        dvar2: 7.68495647208e-06
        max: 0.0108169205487
        mean: 0.00521936453879
        min: 0.000631860049907
        var: 8.30719272926e-06
    beats_loudness_bass:
        dmean: 0.246141135693
        dmean2: 0.517586171627
        dvar: 0.111044660211
        dvar2: 0.294731587172
        max: 0.900443196297
        mean: 0.124601222575
        min: 4.24751706305e-05
        var: 0.0676493346691
    bpm: 96.7280426025
    bpm_confidence: 0
    first_peak_bpm: 97
    first_peak_spread: 0.066666662693
    first_peak_weight: 0.933333337307
    onset_rate: 5.46875047684
    second_peak_bpm: 0
    second_peak_spread: 0
    second_peak_weight: 0
    beats_position: [0.30877661705, 0.930382966995, 1.55198943615, 2.1735959053, 2.79520225525, 3.41680860519, 4.03841495514, 4.66002130508, 5.28162813187, 5.90323448181, 6.54618597031, 7.16518497467, 7.78418302536, 8.40318107605, 9.02217960358, 9.6411781311]
    bpm_estimates: [96.6221237183, 96.6544952393, 96.6797409058, 96.4377593994, 95.8411407471, 96.6697463989, 96.6634140015, 96.6305160522, 97.1789398193, 96.85131073, 97.2101898193, 97.0275802612, 96.6883621216, 97.0970306396, 96.7336425781, 96.6627731323]
    bpm_intervals: [0.621606349945, 0.621606469154, 0.621606469154, 0.621606349945, 0.621606349945, 0.621606349945, 0.621606349945, 0.621606826782, 0.621606349945, 0.642951488495, 0.618999004364, 0.61899805069, 0.61899805069, 0.618998527527, 0.618998527527]
    onset_times: [0.0464399084449, 0.139319732785, 0.27863946557, 0.476009070873, 0.603718817234, 0.766258478165, 0.917188227177, 1.07972788811, 1.23065757751, 1.35836732388, 1.53251695633, 1.86920630932, 2.00852608681, 2.31038546562, 2.47292518616, 2.62385487556, 2.79800462723, 3.13469386101, 3.26240372658, 3.42494320869, 3.62231302261, 3.73841261864, 3.90095233917, 4.051882267, 4.35374164581, 4.5046710968, 4.66721105576, 4.81814050674, 4.9806804657, 5.13160991669, 5.28253984451, 5.60761928558, 5.74693870544, 5.95591831207, 6.07201814651, 6.22294807434, 6.38548755646, 6.53641700745, 6.84988641739, 7.00081634521, 7.16335582733, 7.32589578629, 7.46521520615, 7.67419481277, 7.77868461609, 7.94122457504, 8.09215450287, 8.25469398499, 8.40562343597, 8.51011371613, 8.57977294922, 9.0093421936, 9.33442211151, 9.81043052673, 9.97297096252]
    rubato_start: []
    rubato_stop: []
    perceptual_tempo: "unknown"

sfx:
    inharmonicity:
        dmean: 0.0593941770494
        dmean2: 0.103311173618
        dvar: 0.00409392267466
        dvar2: 0.011132596992
        max: 0.410686373711
        mean: 0.066805832088
        min: 0
        var: 0.00505367806181
    oddtoevenharmonicenergyratio:
        dmean: 4.69203042984
        dmean2: 8.77127838135
        dvar: 121.360214233
        dvar2: 356.936981201
        max: 87.4505691528
        mean: 3.10666775703
        min: 0
        var: 73.4995880127
    pitch_after_max_to_before_max_energy_ratio: 0.355764687061
    pitch_centroid: 226.963394165
    pitch_max_to_total: 0.808755755424
    pitch_min_to_total: 0.230414748192
    tristimulus:
        dmean: [0.208624914289, 0.344827830791, 0.170881360769]
        dmean2: [0.361250072718, 0.608765006065, 0.30350241065]
        dvar: [0.0387592315674, 0.0695394426584, 0.0298113245517]
        dvar2: [0.0909831449389, 0.202496662736, 0.0849476531148]
        max: [1, 0.993298888206, 0.901721358299]
        mean: [0.259416282177, 0.45677754283, 0.157317996025]
        min: [0.00169525493402, 0, 0]
        var: [0.0581878013909, 0.098256342113, 0.0355585850775]

tonal:
    chords_changes_rate: 0.091743119061
    chords_number_rate: 0.041284404695
    chords_strength:
        dmean: 0.0172316227108
        dmean2: 0.0234538633376
        dvar: 0.000179292503162
        dvar2: 0.000352209812263
        max: 0.556340634823
        mean: 0.439766198397
        min: 0.300410330296
        var: 0.0030780476518
    key_strength: 0.431380331516
    tuning_diatonic_strength: 0.421285539865
    tuning_equal_tempered_deviation: 0.234787851572
    tuning_frequency: 450.544708252
    tuning_nontempered_energy_ratio: 0.900343179703
    hpcp:
        dmean: [0.225877121091, 0.240395650268, 0.216795712709, 0.189644247293, 0.209619447589, 0.20502063632, 0.203291386366, 0.213543429971, 0.174307599664, 0.161973029375, 0.149416103959, 0.146785706282, 0.159769311547, 0.216932803392, 0.283236980438, 0.235706359148, 0.186605960131, 0.158464148641, 0.169069170952, 0.194903448224, 0.195827379823, 0.204753935337, 0.222753584385, 0.226122707129, 0.220292925835, 0.280804425478, 0.281925559044, 0.256035089493, 0.229601040483, 0.209673881531, 0.263429731131, 0.257035911083, 0.227805539966, 0.220639079809, 0.223029345274, 0.223793253303]
        dmean2: [0.396451413631, 0.408582568169, 0.377696752548, 0.328967988491, 0.361464053392, 0.361418217421, 0.362301588058, 0.37523150444, 0.291001826525, 0.269814163446, 0.2643019557, 0.257023096085, 0.266995877028, 0.366914749146, 0.503248751163, 0.42476901412, 0.32722479105, 0.269965618849, 0.306591778994, 0.346206307411, 0.340751618147, 0.351820975542, 0.384799778461, 0.398457527161, 0.372667878866, 0.488337635994, 0.498291730881, 0.463342875242, 0.402582198381, 0.363695561886, 0.455764770508, 0.454176485538, 0.4018432796, 0.388848304749, 0.390037178993, 0.385154277086]
        dvar: [0.0506693273783, 0.0544691421092, 0.0482810325921, 0.0390417426825, 0.045788038522, 0.0414677225053, 0.048950266093, 0.056073974818, 0.0370570160449, 0.0303784552962, 0.0334191694856, 0.0330690443516, 0.0370306931436, 0.0496444702148, 0.0740586593747, 0.065759703517, 0.0433217957616, 0.0354763902724, 0.0432009473443, 0.0490696579218, 0.0400930158794, 0.0471840836108, 0.0531921647489, 0.0494635738432, 0.0502882897854, 0.0678049698472, 0.0632492899895, 0.055931109935, 0.0608169846237, 0.0477846078575, 0.0628416612744, 0.068087913096, 0.0500969737768, 0.0571240969002, 0.048381716013, 0.0517352707684]
        dvar2: [0.114556312561, 0.146616280079, 0.129048287868, 0.100976601243, 0.11820268631, 0.106233164668, 0.135878309608, 0.175262987614, 0.0914583206177, 0.0749011039734, 0.094556748867, 0.0964766964316, 0.101959712803, 0.129107370973, 0.208912566304, 0.190367043018, 0.117392584682, 0.0971405208111, 0.103352673352, 0.141166910529, 0.100157111883, 0.118038907647, 0.141518935561, 0.133616223931, 0.135113313794, 0.178697779775, 0.162807911634, 0.155133739114, 0.170228973031, 0.122932776809, 0.158414632082, 0.194373503327, 0.143100842834, 0.158019721508, 0.123671762645, 0.1294683218]
        max: [1, 1, 1, 1, 1, 1, 1, 1, 1, 1, 1, 1, 1, 1, 1, 1, 1, 1, 1, 1, 1, 1, 1, 1, 1, 1, 1, 1, 1, 1, 1, 1, 1, 1, 1, 1]
        mean: [0.296000659466, 0.291306763887, 0.262719333172, 0.231348142028, 0.238508567214, 0.22327414155, 0.208099603653, 0.215991586447, 0.214255273342, 0.197579547763, 0.169928982854, 0.162114188075, 0.182659238577, 0.256301939487, 0.308041602373, 0.263189166784, 0.200937137008, 0.183915823698, 0.202696353197, 0.212518006563, 0.230972990394, 0.250211536884, 0.256128907204, 0.269173949957, 0.289323270321, 0.334865689278, 0.332696020603, 0.310277253389, 0.291543126106, 0.291657686234, 0.337191522121, 0.309526205063, 0.263826370239, 0.275220602751, 0.28744032979, 0.294497013092]
        min: [0.00110642786603, 0.00185840518679, 0.000678914831951, 0.000961483747233, 0.000800263485871, 0.000932735449169, 0.000965523242485, 0.000870222633239, 0.000945122272242, 0.00164018024225, 0.00116222619545, 0.00106857274659, 0.00108363141771, 0.00133772601839, 0.00100387376733, 0.00124137243256, 0.0012091397075, 0.000974244670942, 0.000652137387078, 0.000340084137861, 0.000353290262865, 0.00108033255674, 0.00175775040407, 0.00247477856465, 0.00088727165712, 0.00068237335654, 0.00120220798999, 0.00353035586886, 0.00162182934582, 0.0018805420259, 0.00178160693031, 0.00140794401523, 0.00195900071412, 0.00316556706093, 0.00266766687855, 0.00198411033489]
        var: [0.0799568668008, 0.0722549930215, 0.0581004805863, 0.0466679297388, 0.0541958622634, 0.0490730442107, 0.0488483086228, 0.0520249977708, 0.0496083050966, 0.043959274888, 0.0335426256061, 0.0311799533665, 0.0380424894392, 0.0658444166183, 0.0897905528545, 0.0609816946089, 0.0422347635031, 0.0370150655508, 0.0532877035439, 0.0527325645089, 0.0500576123595, 0.0584815442562, 0.062728010118, 0.0731656476855, 0.0727611556649, 0.0882590636611, 0.0800033956766, 0.0756153017282, 0.0786570906639, 0.0670116618276, 0.0925636664033, 0.0770876407623, 0.0610591210425, 0.078546255827, 0.0744363442063, 0.0825223252177]
    chords_histogram: [2.29357790947, 16.5137615204, 0.917431175709, 0, 8.25688076019, 0.458715587854, 0, 9.63302707672, 8.25688076019, 26.1467895508, 0, 0, 0, 0, 5.9633026123, 0, 16.5137615204, 0, 0, 0, 0, 0.917431175709, 0, 4.1284403801]
    thpcp: [1, 0.917953670025, 0.7824229002, 0.816214501858, 0.852454185486, 0.873382031918, 0.877841353416, 0.863920807838, 0.779139816761, 0.686103105545, 0.707338571548, 0.662158250809, 0.617155492306, 0.640560567379, 0.635411202908, 0.585956454277, 0.503953874111, 0.480777770281, 0.54170769453, 0.76010787487, 0.913550853729, 0.780533194542, 0.595913946629, 0.545434296131, 0.60113120079, 0.630259037018, 0.684990525246, 0.742045760155, 0.759594738483, 0.798282086849, 0.858038365841, 0.993102312088, 0.986667811871, 0.920181035995, 0.864621758461, 0.864961504936]
    chords_key: "C#"
    chords_scale: "major"
    key_key: "F#"
    key_scale: "minor"
    chords_progression: ["G", "G", "F#", "F#", "B", "F#", "F#", "F#", "F#", "F#", "F#", "F#", "F#", "F#", "F#", "F#", "F#", "F#", "F#", "F#", "F#", "F#", "F#", "F#", "C#", "C#", "C#", "C#", "C#", "C#", "C#", "C#", "C#", "C#", "C#", "C#", "C#", "C#", "C#", "C#", "C#", "C#", "C#", "C#", "C#", "C#", "C#", "C#", "C#", "C#", "C#", "C#", "C#", "C#", "C#", "C#", "C#", "C#", "C#", "C#", "C#", "C#", "C#", "C#", "C#", "A#m", "A#m", "A#m", "A#m", "A#m", "A#m", "A#m", "A#m", "A#m", "A#m", "A#m", "A#m", "A#m", "A#m", "A#m", "A#m", "A#m", "A#m", "D", "D", "D", "D", "A", "A", "A", "A", "A", "A", "D", "A", "A", "A", "A", "A", "A", "A", "A", "A", "A", "A", "A", "A", "A", "A", "A", "A", "A", "A", "A", "A", "A", "Dm", "Dm", "Dm", "Dm", "Dm", "A", "A", "A", "A", "A", "A", "A", "A", "Dm", "Dm", "F#m", "F#m", "D", "D", "D", "D", "F#m", "F#m", "F#m", "C#", "C#", "C#", "C#", "C#", "C#", "C#", "C#", "C#", "C#", "C#", "C#", "C#", "C#", "C#", "C#", "Dm", "Dm", "Dm", "Dm", "Dm", "Dm", "Dm", "Dm", "Dm", "Dm", "Dm", "Dm", "Dm", "Dm", "Dm", "Dm", "Dm", "Dm", "Dm", "Dm", "Dm", "Dm", "Dm", "Dm", "Dm", "Dm", "Dm", "Dm", "Dm", "C#m", "C#m", "Gm", "Gm", "Gm", "Gm", "Gm", "Gm", "Gm", "Gm", "Gm", "Gm", "Gm", "Gm", "Gm", "G#m", "G#m", "G#m", "G#m", "G#m", "G#m", "G#m", "G#m", "G#m", "G#m", "G#m", "G#m", "G#m", "G#m", "G#m", "G#m", "G#m", "G#m"]
