
metadata:
    version:
        essentia: "1.2.2"
    audio_properties:
        analysis_sample_rate: 44100
        bitrate: 128
        channels: 2
        equal_loudness: 1
        length: 10.0310201645
        replay_gain: -7.34418869019
        downmix: "mix"
    tags:
        track: 6
        year: 0
        album: "Splitted by Mp3Splt v. 2.1"
        artist: "From 000.50 To 001.00"
        comment: "http://mp3splt.sf.net"
        genre: ""
        title: "02 The Bends.mp3"

highlevel:
    ballroom:
        all:
            ChaChaCha: 0.0105537073687
            Jive: 0.0451968200505
            Quickstep: 0.026495071128
            Rumba-American: 0.0150858005509
            Rumba-International: 0.727228522301
            Rumba-Misc: 0.0757132545114
            Samba: 0.0232063755393
            Tango: 0.00858076475561
            VienneseWaltz: 0.0521144866943
            Waltz: 0.0158251710236
        probability: 0.727228522301
        value: "Rumba-International"
    culture:
        all:
            non_western: 0.104114964604
            western: 0.895885050297
        probability: 0.895885050297
        value: "western"
    gender:
        all:
            female: 0.329118639231
            male: 0.670881330967
        probability: 0.670881330967
        value: "male"
    genre_dortmund:
        all:
            alternative: 0.280880302191
            blues: 0.0886705443263
            electronic: 0.00652452278882
            folkcountry: 0.164678543806
            funksoulrnb: 0.0107589168474
            jazz: 0.0618487894535
            pop: 0.129570201039
            raphiphop: 0.00256722746417
            rock: 0.254500925541
        probability: 0.280880302191
        value: "alternative"
    genre_electronica:
        all:
            ambient: 0.32941275835
            dnb: 0.229092270136
            house: 0.0471820831299
            techno: 0.0398441776633
            trance: 0.354468733072
        probability: 0.354468733072
        value: "trance"
    genre_rosamerica:
        all:
            cla: 0.0237484686077
            dan: 0.0894991159439
            hip: 0.0811593681574
            jaz: 0.104064315557
            pop: 0.111960418522
            rhy: 0.33742043376
            roc: 0.233155280352
            spe: 0.0189925935119
        probability: 0.33742043376
        value: "rhy"
    genre_tzanetakis:
        all:
            blu: 0.0286515951157
            cla: 0.00631223851815
            cou: 0.232850342989
            dis: 0.0420480147004
            hip: 0.012567801401
            jaz: 0.0519806146622
            met: 0.00939948484302
            pop: 0.250087946653
            reg: 0.0888082459569
            roc: 0.277293711901
        probability: 0.277293711901
        value: "roc"
    live_studio:
        all:
            live: 0.0229453537613
            studio: 0.977054655552
        probability: 0.977054655552
        value: "studio"
    mood:
        all:
            Cluster1: 0.0357916653156
            Cluster2: 0.0413769073784
            Cluster3: 0.847406566143
            Cluster4: 0.0417449772358
            Cluster5: 0.0336799100041
        probability: 0.847406566143
        value: "Cluster3"
    mood_acoustic:
        all:
            acoustic: 0.449005186558
            not_acoustic: 0.550994813442
        probability: 0.550994813442
        value: "not_acoustic"
    mood_aggressive:
        all:
            aggressive: 0.00741221755743
            not_aggressive: 0.992587804794
        probability: 0.992587804794
        value: "not_aggressive"
    mood_electronic:
        all:
            electronic: 0.0688931271434
            not_electronic: 0.931106865406
        probability: 0.931106865406
        value: "not_electronic"
    mood_happy:
        all:
            happy: 0.276556074619
            not_happy: 0.723443925381
        probability: 0.723443925381
        value: "not_happy"
    mood_party:
        all:
            not_party: 0.951921880245
            party: 0.0480780899525
        probability: 0.951921880245
        value: "not_party"
    mood_relaxed:
        all:
            not_relaxed: 0.259623497725
            relaxed: 0.740376472473
        probability: 0.740376472473
        value: "relaxed"
    mood_sad:
        all:
            not_sad: 1.83399845355e-06
            sad: 0.999998152256
        probability: 0.999998152256
        value: "sad"
    rhythm:
        all:
            fast: 0.235295414925
            medium: 0.105018816888
            slow: 0.659685790539
        probability: 0.659685790539
        value: "slow"
    speech_music:
        all:
            music: 0.0133668128401
            speech: 0.986633181572
        probability: 0.986633181572
        value: "speech"
    timbre:
        all:
            bright: 0.18646158278
            dark: 0.813538432121
        probability: 0.813538432121
        value: "dark"
    voice_instrumental:
        all:
            instrumental: 0.0312489736825
            voice: 0.968751013279
        probability: 0.968751013279
        value: "voice"

lowlevel:
    average_loudness: 0.977631568909
    barkbands_kurtosis:
        dmean: 2.01185011864
        dmean2: 3.05001306534
        dvar: 6.42040777206
        dvar2: 15.4730596542
        max: 24.9374103546
        mean: 3.68218398094
        min: -1.84606397152
        var: 20.1378593445
    barkbands_skewness:
        dmean: 0.409164994955
        dmean2: 0.614454686642
        dvar: 0.201124995947
        dvar2: 0.482124865055
        max: 4.31126689911
        mean: 1.73485124111
        min: -0.961291790009
        var: 0.818459570408
    barkbands_spread:
        dmean: 5.02922534943
        dmean2: 7.34301567078
        dvar: 43.1372871399
        dvar2: 81.1630020142
        max: 83.6424942017
        mean: 20.3277206421
        min: 3.99742627144
        var: 167.659332275
    dissonance:
        dmean: 0.0250659380108
        dmean2: 0.0415468737483
        dvar: 0.00047170437756
        dvar2: 0.00126090622507
        max: 0.494741797447
        mean: 0.430906832218
        min: 0.284099191427
        var: 0.00126365071628
    hfc:
        dmean: 1.0445510149
        dmean2: 1.57640564442
        dvar: 4.45961427689
        dvar2: 11.5089740753
        max: 28.2095928192
        mean: 3.89197087288
        min: 0.398366600275
        var: 11.3371124268
    pitch:
        dmean: 218.290786743
        dmean2: 427.5105896
        dvar: 705344
        dvar2: 1730078.5
        max: 6300
        mean: 399.845703125
        min: 66.9195785522
        var: 733860.8125
    pitch_instantaneous_confidence:
        dmean: 0.0668443590403
        dmean2: 0.105813644826
        dvar: 0.00551029108465
        dvar2: 0.0131067698821
        max: 0.877944171429
        mean: 0.592790961266
        min: 0.167532920837
        var: 0.0370909534395
    pitch_salience:
        dmean: 0.0511076971889
        dmean2: 0.0801301300526
        dvar: 0.00233089854009
        dvar2: 0.00585463270545
        max: 0.757633805275
        mean: 0.532228529453
        min: 0.25917378068
        var: 0.00681996252388
    silence_rate_20dB:
        dmean: 0
        dmean2: 0
        dvar: 0
        dvar2: 0
        max: 1
        mean: 1
        min: 1
        var: 0
    silence_rate_30dB:
        dmean: 0
        dmean2: 0
        dvar: 0
        dvar2: 0
        max: 1
        mean: 1
        min: 1
        var: 0
    silence_rate_60dB:
        dmean: 0.0696055665612
        dmean2: 0.137209296227
        dvar: 0.0647604390979
        dvar2: 0.150940462947
        max: 1
        mean: 0.229166671634
        min: 0
        var: 0.17664976418
    spectral_centroid:
        dmean: 138.528869629
        dmean2: 210.886352539
        dvar: 43418.171875
        dvar2: 95183.765625
        max: 2342.22070312
        mean: 647.164550781
        min: 208.091964722
        var: 119678.625
    spectral_complexity:
        dmean: 1.52913749218
        dmean2: 2.4275701046
        dvar: 2.74332404137
        dvar2: 5.87559461594
        max: 22
        mean: 8.57907009125
        min: 2
        var: 14.2669944763
    spectral_crest:
        dmean: 1.93091273308
        dmean2: 3.02950716019
        dvar: 3.34790492058
        dvar2: 8.42215251923
        max: 20.1418762207
        mean: 10.3112564087
        min: 3.88419175148
        var: 12.6297883987
    spectral_decrease:
        dmean: 2.85013901369e-10
        dmean2: 4.53990345317e-10
        dvar: 1.02571061578e-19
        dvar2: 2.30322211861e-19
        max: -2.520963438e-10
        mean: -1.39532130294e-09
        min: -4.51572956806e-09
        var: 4.83498493469e-19
    spectral_energy:
        dmean: 0.00114276178647
        dmean2: 0.00182645372115
        dvar: 1.76061996626e-06
        dvar2: 3.92715264752e-06
        max: 0.0194406025112
        mean: 0.00561927305534
        min: 0.000994272297248
        var: 8.09266566648e-06
    spectral_energyband_high:
        dmean: 6.52313465253e-05
        dmean2: 9.31942049647e-05
        dvar: 2.35636186119e-08
        dvar2: 4.51233610477e-08
        max: 0.00227044033818
        mean: 0.000119014257507
        min: 2.13491534851e-06
        var: 7.42435659618e-08
    spectral_energyband_low:
        dmean: 0.000256131403148
        dmean2: 0.000434272224084
        dvar: 3.05314017623e-07
        dvar2: 7.88136787833e-07
        max: 0.00489298719913
        mean: 0.00113857374527
        min: 0.000140158255817
        var: 6.25461098025e-07
    spectral_energyband_middle_high:
        dmean: 0.00028035097057
        dmean2: 0.000422989513027
        dvar: 4.13784022157e-07
        dvar2: 1.13524970402e-06
        max: 0.00877340976149
        mean: 0.000874795485288
        min: 7.62652489357e-05
        var: 8.87474413958e-07
    spectral_energyband_middle_low:
        dmean: 0.000875859986991
        dmean2: 0.00138108816464
        dvar: 8.85816234586e-07
        dvar2: 2.02189130505e-06
        max: 0.00991891510785
        mean: 0.00348689337261
        min: 0.000188080695807
        var: 5.30352053829e-06
    spectral_flatness_db:
        dmean: 0.0172531213611
        dmean2: 0.0270674135536
        dvar: 0.000275335536571
        dvar2: 0.00067292235326
        max: 0.269590318203
        mean: 0.196215257049
        min: 0.100213132799
        var: 0.000904691056348
    spectral_flux:
        dmean: 0.00874202884734
        dmean2: 0.0137568376958
        dvar: 8.57790000737e-05
        dvar2: 0.000187513229321
        max: 0.0962166488171
        mean: 0.0295539107174
        min: 0.00633743777871
        var: 0.000224844625336
    spectral_kurtosis:
        dmean: 2.15579605103
        dmean2: 3.55495023727
        dvar: 4.70131254196
        dvar2: 11.5743331909
        max: 25.9011955261
        mean: 8.02486896515
        min: -0.803957700729
        var: 13.8999786377
    spectral_rms:
        dmean: 0.000233377315453
        dmean2: 0.000373440096155
        dvar: 6.33528216554e-08
        dvar2: 1.44751865605e-07
        max: 0.00435504782945
        mean: 0.00225609983318
        min: 0.00098489690572
        var: 3.92228628243e-07
    spectral_rolloff:
        dmean: 385.087768555
        dmean2: 650.976928711
        dvar: 425888.53125
        dvar2: 836279.3125
        max: 6223.09570312
        mean: 1222.48449707
        min: 193.798828125
        var: 1195001.625
    spectral_skewness:
        dmean: 0.259131282568
        dmean2: 0.401433646679
        dvar: 0.0682863816619
        dvar2: 0.146279156208
        max: 4.06181097031
        mean: 2.1868326664
        min: -0.0713345557451
        var: 0.309927284718
    spectral_spread:
        dmean: 520781.25
        dmean2: 745363.5625
        dvar: 855086268416
        dvar2: 1.25554878054e+12
        max: 21824944
        mean: 4109929.5
        min: 2131878
        var: 2.5773801472e+12
    spectral_strongpeak:
        dmean: 0.186173185706
        dmean2: 0.318603992462
        dvar: 0.136247545481
        dvar2: 0.318622231483
        max: 5.26114225388
        mean: 0.507596135139
        min: 0.0205056797713
        var: 0.241885229945
    zerocrossingrate:
        dmean: 0.00621107406914
        dmean2: 0.00718845846131
        dvar: 5.01481808897e-05
        dvar2: 4.65918492409e-05
        max: 0.12841796875
        mean: 0.0436875447631
        min: 0.01123046875
        var: 0.000381277408451
    barkbands:
        dmean: [2.17841304107e-07, 9.42894766922e-05, 0.000197356392164, 0.000164910670719, 0.000536342849955, 7.75568259996e-05, 0.000367077591363, 0.00016336972476, 0.000122590441606, 3.23300191667e-05, 3.17850826832e-05, 2.92267868645e-05, 4.1789651732e-05, 4.58469221485e-05, 2.96790876746e-05, 4.17657574872e-05, 6.44412575639e-05, 8.06362295407e-05, 4.38955139543e-05, 7.18000155757e-05, 1.41742684718e-05, 1.16695673569e-05, 2.936076271e-06, 1.31263436742e-06, 4.73344215379e-07, 2.54073082573e-08, 4.1393026784e-09]
        dmean2: [3.20121898767e-07, 0.000157479764312, 0.000346749264281, 0.000270893651759, 0.000854700163472, 0.000117722316645, 0.000538618362043, 0.000235575731494, 0.00018274706963, 4.98552253703e-05, 4.88230289193e-05, 4.57068235846e-05, 5.81295425945e-05, 6.70487352181e-05, 4.40923831775e-05, 6.38785932097e-05, 0.000105293285742, 0.00012940877059, 7.03428740962e-05, 0.000105294828245, 2.3338752726e-05, 1.589591011e-05, 3.39433313457e-06, 2.02749424716e-06, 7.09147400357e-07, 3.52481990262e-08, 4.38029568173e-09]
        dvar: [4.36633449665e-13, 5.03968990984e-08, 1.96030811139e-07, 8.73016432479e-08, 4.25990492658e-07, 2.79770073774e-08, 4.07339655339e-07, 1.38526417004e-07, 4.90621019367e-08, 3.56884521935e-09, 1.92352755946e-09, 2.38151631748e-09, 1.30803297083e-08, 1.49426924168e-08, 6.88889700839e-09, 2.08936317136e-08, 7.41974588436e-08, 4.60922535694e-08, 6.26830276573e-09, 3.39939276728e-08, 1.9447730093e-09, 4.12684553197e-09, 2.36059227721e-10, 4.43902865854e-11, 1.50508251695e-12, 7.54675354598e-15, 6.32648145975e-15]
        dvar2: [8.93179952742e-13, 1.19627145523e-07, 5.67065853829e-07, 2.4965268608e-07, 1.14794306683e-06, 5.05100885562e-08, 9.12143775622e-07, 2.66447898412e-07, 1.01166598654e-07, 8.61486704196e-09, 4.21684998031e-09, 5.20828447037e-09, 2.0497999742e-08, 2.94057844741e-08, 1.60508069058e-08, 3.47973845294e-08, 2.23245834263e-07, 1.2683182149e-07, 1.54567931787e-08, 7.25944815372e-08, 4.74768935277e-09, 7.52199103005e-09, 2.26182989005e-10, 1.15236806209e-10, 2.68076576562e-12, 1.02429898602e-14, 6.34246920663e-15]
        max: [7.35893399906e-06, 0.0021513926331, 0.00406493805349, 0.0032668961212, 0.00686965556815, 0.00278731295839, 0.00788997486234, 0.00665504392236, 0.00375587469898, 0.000646296481136, 0.000804427952971, 0.000643524457701, 0.00214674766175, 0.00163545995019, 0.00109067896847, 0.00277836993337, 0.00357285793871, 0.00262396712787, 0.000960863137152, 0.00266265193932, 0.000454569148133, 0.00104226975236, 0.000386000087019, 0.000136578048114, 1.84696782526e-05, 1.59638386776e-06, 1.64992331975e-06]
        mean: [3.39808565286e-07, 0.000516525178682, 0.000621712417342, 0.000333044474246, 0.00138080585748, 0.000201105081942, 0.000893921707757, 0.00032760045724, 0.000325657281792, 6.20080390945e-05, 6.37741977698e-05, 5.34019163752e-05, 7.29434614186e-05, 8.72601522133e-05, 6.52623202768e-05, 8.33492013044e-05, 0.000101560915937, 0.000160921757924, 8.38084379211e-05, 0.000141615615576, 1.74880933628e-05, 1.63438053278e-05, 5.92598371441e-06, 2.04614866561e-06, 8.18283240278e-07, 3.50923876624e-08, 4.12829814778e-09]
        min: [1.00974485717e-10, 2.05051292141e-05, 1.63075364981e-05, 5.68272525925e-07, 2.90478928946e-05, 4.00438239012e-06, 8.52325342748e-07, 3.24647362504e-06, 4.09119775213e-06, 3.35632444148e-06, 7.54573932227e-07, 1.22259177715e-06, 1.26740985706e-06, 1.37442316372e-06, 6.97243194736e-07, 1.98707334675e-06, 4.34214734923e-06, 3.03973070004e-06, 4.15027488998e-06, 2.03166337087e-06, 9.02650810986e-07, 1.30584098201e-07, 4.68383944963e-08, 2.64807926698e-08, 2.50183251893e-08, 3.03310571104e-10, 5.76527107304e-13]
        var: [5.47608345388e-13, 1.56581634769e-07, 2.97661500781e-07, 3.02048562162e-07, 2.07141306419e-06, 7.86433815847e-08, 1.06462960048e-06, 4.43114998916e-07, 3.39320536114e-07, 6.25051521652e-09, 7.98642130206e-09, 5.04430053283e-09, 3.48656392646e-08, 3.78108033772e-08, 2.12053166138e-08, 4.08729867729e-08, 7.90128638073e-08, 7.89784877497e-08, 1.01188426527e-08, 8.32179125609e-08, 2.50796383661e-09, 8.5856068921e-09, 1.12006859343e-09, 8.70855471069e-11, 4.16364729153e-12, 1.13321353169e-14, 6.31402118158e-15]
    mfcc:
        mean: [-745.374084473, 161.433319092, -25.9973697662, 53.3371047974, 2.77264904976, -12.6877994537, 7.53959941864, -2.62168598175, -3.58197760582, 3.40004396439, -0.147638723254, 1.01242661476, 0.623520195484]
        cov: [[1408.57824707, -442.55758667, -153.623046875, 5.28145647049, -110.446670532, -64.8744659424, -136.426071167, -17.9331264496, -66.4657058716, 146.068603516, 82.8091964722, 50.9242744446, 47.2794342041], [-442.55758667, 807.727294922, -265.213745117, -84.8250808716, 20.0857830048, -162.01663208, 17.9521846771, -125.527870178, -83.2761154175, 48.7394180298, -22.6322021484, -2.56128811836, -26.0923423767], [-153.623046875, -265.213745117, 374.28918457, 3.81947565079, -47.3542823792, 96.802947998, 18.5754241943, 45.73412323, 24.1622867584, -118.034515381, -32.4989929199, -18.1847496033, 7.01734018326], [5.28145647049, -84.8250808716, 3.81947565079, 174.836029053, 41.2092208862, -30.4795665741, -8.73718357086, -10.7435693741, 33.9900054932, -47.0006027222, -62.701751709, -0.158423110843, 42.2168655396], [-110.446670532, 20.0857830048, -47.3542823792, 41.2092208862, 126.266937256, -5.19378948212, -43.5451011658, 11.3075456619, 47.354724884, -9.50249671936, -19.4289894104, -8.0574426651, 2.93248081207], [-64.8744659424, -162.01663208, 96.802947998, -30.4795665741, -5.19378948212, 163.26109314, 29.1742401123, 30.3088569641, 24.8356800079, -1.46184587479, 34.9989852905, -7.63578557968, -30.7092685699], [-136.426071167, 17.9521846771, 18.5754241943, -8.73718357086, -43.5451011658, 29.1742401123, 186.610824585, -8.26986026764, -25.9713382721, -20.849319458, -20.1722793579, 22.469953537, -8.26577568054], [-17.9331264496, -125.527870178, 45.73412323, -10.7435693741, 11.3075456619, 30.3088569641, -8.26986026764, 151.27986145, 20.2019386292, -16.449836731, 24.6343383789, 8.73073673248, 2.02093029022], [-66.4657058716, -83.2761154175, 24.1622867584, 33.9900054932, 47.354724884, 24.8356800079, -25.9713382721, 20.2019386292, 91.1998138428, -26.0561141968, -20.1290683746, -14.8457460403, 5.76786994934], [146.068603516, 48.7394180298, -118.034515381, -47.0006027222, -9.50249671936, -1.46184587479, -20.849319458, -16.449836731, -26.0561141968, 134.387664795, 61.2045288086, 7.19221401215, -30.9973926544], [82.8091964722, -22.6322021484, -32.4989929199, -62.701751709, -19.4289894104, 34.9989852905, -20.1722793579, 24.6343383789, -20.1290683746, 61.2045288086, 136.354919434, 18.2410831451, -45.1020088196], [50.9242744446, -2.56128811836, -18.1847496033, -0.158423110843, -8.0574426651, -7.63578557968, 22.469953537, 8.73073673248, -14.8457460403, 7.19221401215, 18.2410831451, 82.1043777466, 25.2511634827], [47.2794342041, -26.0923423767, 7.01734018326, 42.2168655396, 2.93248081207, -30.7092685699, -8.26577568054, 2.02093029022, 5.76786994934, -30.9973926544, -45.1020088196, 25.2511634827, 78.6892700195]]
        icov: [[0.00254523893818, 0.00298015843146, 0.00243154843338, 0.000967967032921, 0.00220334483311, 0.00161531497724, 0.00206864089705, 0.00136502925307, 0.00210442743264, -0.000565898721106, 0.000489366706461, -0.000855271646287, -0.000368956709281], [0.00298015843146, 0.00615118909627, 0.00435990141705, 0.00306671275757, 0.00161242671311, 0.00358800077811, 0.00218052207492, 0.00299342093058, 0.00391522888094, 0.000632248236798, 0.00146241462789, -0.00103910744656, 0.000841023458634], [0.00243154843338, 0.00435990141705, 0.0087277488783, 0.00216836482286, 0.00448506185785, -0.000780626316555, 0.00312551599927, 0.00129867135547, 0.00281738652848, 0.00508001679555, 0.0019680976402, -0.000750322476961, 0.00102967990097], [0.000967967032921, 0.00306671275757, 0.00216836482286, 0.00988122355193, -0.00148550677113, 0.00259980722331, 0.000479435082525, 0.0021893507801, 0.000104601836938, 0.0020299567841, 0.00237913080491, -0.000438349845354, -0.00169899174944], [0.00220334483311, 0.00161242671311, 0.00448506185785, -0.00148550677113, 0.0149226617068, -0.000431190128438, 0.004678491503, -0.000341977953212, -0.00342864729464, 0.00104606046807, 0.00224058912136, -0.00195745378733, 0.00195940374397], [0.00161531497724, 0.00358800077811, -0.000780626316555, 0.00259980722331, -0.000431190128438, 0.0121297435835, -0.00136599398684, 0.00132674374618, -0.00107173901051, -0.00176997063681, -0.001761103631, 5.31196783413e-05, 0.00182114599738], [0.00206864089705, 0.00218052207492, 0.00312551599927, 0.000479435082525, 0.004678491503, -0.00136599398684, 0.00938468147069, 0.000935769290663, 0.0033105337061, 0.00168125831988, 0.00358428084292, -0.00412400532514, 0.00299588614143], [0.00136502925307, 0.00299342093058, 0.00129867135547, 0.0021893507801, -0.000341977953212, 0.00132674374618, 0.000935769290663, 0.00922631751746, 0.000511975493282, 0.0012792404741, -0.00157012499403, -0.00102381035686, -0.000831132230815], [0.00210442743264, 0.00391522888094, 0.00281738652848, 0.000104601836938, -0.00342864729464, -0.00107173901051, 0.0033105337061, 0.000511975493282, 0.0193400792778, 0.00183742621448, 0.00221063569188, 0.00086945691146, 6.48131390335e-05], [-0.000565898721106, 0.000632248236798, 0.00508001679555, 0.0020299567841, 0.00104606046807, -0.00176997063681, 0.00168125831988, 0.0012792404741, 0.00183742621448, 0.0157150942832, -0.00236719381064, -0.000706238439307, 0.00334724457934], [0.000489366706461, 0.00146241462789, 0.0019680976402, 0.00237913080491, 0.00224058912136, -0.001761103631, 0.00358428084292, -0.00157012499403, 0.00221063569188, -0.00236719381064, 0.0151771139354, -0.00574959395453, 0.00783452019095], [-0.000855271646287, -0.00103910744656, -0.000750322476961, -0.000438349845354, -0.00195745378733, 5.31196783413e-05, -0.00412400532514, -0.00102381035686, 0.00086945691146, -0.000706238439307, -0.00574959395453, 0.017893422395, -0.00922116823494], [-0.000368956709281, 0.000841023458634, 0.00102967990097, -0.00169899174944, 0.00195940374397, 0.00182114599738, 0.00299588614143, -0.000831132230815, 6.48131390335e-05, 0.00334724457934, 0.00783452019095, -0.00922116823494, 0.0237655248493]]
    spectral_contrast:
        mean: [-8.10207296809e-08, -5.59885165785e-07, 5.15060378348e-07, -1.69955534091e-08, -1.51731939013e-07, 5.12184101353e-07, -1.30038620227e-06, 1.10199287917e-07, -4.3142672439e-06, 5.33669492597e-07, -2.93670700557e-06, 5.99761324338e-06]
        var: [0.000524440780282, 0.000874926510733, 0.00128778640646, 0.00148238369729, 0.00296824751422, 0.011011374183, 0.0519473552704, 0.090313360095, 0.113958448172, 0.255599439144, 0.265016824007, 0.846035242081]

rhythm:
    beats_loudness:
        dmean: 0.0037193025928
        dmean2: 0.00614814041182
        dvar: 3.898230716e-06
        dvar2: 1.18592379295e-05
        max: 0.0126016335562
        mean: 0.00666937697679
        min: 0.00119662226643
        var: 9.28579902393e-06
    beats_loudness_bass:
        dmean: 0.191422939301
        dmean2: 0.343171000481
        dvar: 0.0212521068752
        dvar2: 0.0601769126952
        max: 0.65819978714
        mean: 0.277878135443
        min: 0.0581131651998
        var: 0.0419103763998
    bpm: 122.004013062
    bpm_confidence: 0
    first_peak_bpm: 91
    first_peak_spread: 0.111111104488
    first_peak_weight: 0.5
    onset_rate: 3.78824877739
    second_peak_bpm: 122
    second_peak_spread: 0
    second_peak_weight: 0.4375
    beats_position: [0.45434576273, 1.11217617989, 1.77000665665, 2.42783737183, 3.08566784859, 3.74349832535, 4.40132904053, 5.05915927887, 5.71698999405, 6.39956903458, 6.8913731575, 7.38317680359, 7.87498092651, 8.36678409576, 8.85858821869, 9.35039138794, 9.84219551086]
    bpm_estimates: [122.74130249, 121.558120728, 122.641838074, 121.074790955]
    bpm_intervals: [0.657830417156, 0.657830476761, 0.657830715179, 0.657830476761, 0.657830476761, 0.657830715179, 0.657830238342, 0.657830715179, 0.682579040527, 0.491804122925, 0.491803646088, 0.491804122925, 0.49180316925, 0.491804122925, 0.49180316925, 0.491804122925]
    onset_times: [0.0580498874187, 0.348299324512, 0.986848056316, 1.09133791924, 2.08979582787, 2.36843538284, 2.65868473053, 3.07664394379, 3.27401351929, 3.69197273254, 3.78485250473, 4.04027223587, 4.42340135574, 4.77170085907, 5.25931978226, 5.59600925446, 5.73532867432, 5.97913837433, 6.1068482399, 6.29260778427, 6.39709758759, 6.82666683197, 6.90793657303, 7.00081634521, 7.04725646973, 7.34911584854, 7.66258525848, 7.69741487503, 8.05732440948, 8.26630401611, 8.38240337372, 8.54494285583, 8.62621307373, 8.83519268036, 9.06739234924, 9.34603214264, 9.52018165588, 9.8800907135]
    rubato_start: [6.8913731575]
    rubato_stop: [7.38317680359]
    perceptual_tempo: "unknown"

sfx:
    inharmonicity:
        dmean: 0.0141582395881
        dmean2: 0.0249527059495
        dvar: 0.000471515639219
        dvar2: 0.00136085716076
        max: 0.191048949957
        mean: 0.0152611033991
        min: 3.02035132336e-05
        var: 0.000438176706666
    oddtoevenharmonicenergyratio:
        dmean: 1.03108048439
        dmean2: 1.72074043751
        dvar: 6.85299682617
        dvar2: 15.8305072784
        max: 33.284286499
        mean: 1.33622574806
        min: 0.000189854239579
        var: 11.5957765579
    pitch_after_max_to_before_max_energy_ratio: 0.747480511665
    pitch_centroid: 268.713867188
    pitch_max_to_total: 0.886046528816
    pitch_min_to_total: 0.22790697217
    tristimulus:
        dmean: [0.150094673038, 0.144155487418, 0.0508447885513]
        dmean2: [0.257598400116, 0.249331638217, 0.0867081210017]
        dvar: [0.0324053578079, 0.0289059057832, 0.00442671403289]
        dvar2: [0.0910560563207, 0.0803550630808, 0.0115872519091]
        max: [0.975892424583, 0.965035438538, 0.58362197876]
        mean: [0.512295663357, 0.403662532568, 0.076719596982]
        min: [0.0349646136165, 0, 0]
        var: [0.0501829460263, 0.0446387417614, 0.00637383386493]

tonal:
    chords_changes_rate: 0.0324074067175
    chords_number_rate: 0.0231481473893
    chords_strength:
        dmean: 0.00846843607724
        dmean2: 0.00885813683271
        dvar: 5.32978119736e-05
        dvar2: 6.04153974564e-05
        max: 0.70244961977
        mean: 0.594333171844
        min: 0.436345547438
        var: 0.00230711512268
    key_strength: 0.742500782013
    tuning_diatonic_strength: 0.63785982132
    tuning_equal_tempered_deviation: 0.167721793056
    tuning_frequency: 444.598632812
    tuning_nontempered_energy_ratio: 0.822110772133
    hpcp:
        dmean: [0.0936029851437, 0.112251698971, 0.0880009680986, 0.0951640382409, 0.098124563694, 0.12617354095, 0.126569107175, 0.123488739133, 0.100221849978, 0.0814253166318, 0.0601667612791, 0.0345347821712, 0.0334368608892, 0.0275196228176, 0.019001185894, 0.0318031124771, 0.0307906977832, 0.0354861281812, 0.0349991098046, 0.0453778281808, 0.0486257150769, 0.0933700278401, 0.0894547328353, 0.0874217450619, 0.0597635619342, 0.0596173927188, 0.069377169013, 0.068960390985, 0.0806849598885, 0.0998052880168, 0.107226893306, 0.10885502398, 0.100042618811, 0.0572107844055, 0.0668483152986, 0.0579704493284]
        dmean2: [0.155958622694, 0.189339950681, 0.146756976843, 0.154245361686, 0.172812893987, 0.219869092107, 0.216559648514, 0.210022464395, 0.161486402154, 0.131184577942, 0.103130936623, 0.0588296875358, 0.0582930967212, 0.0508984848857, 0.0339875854552, 0.0560383200645, 0.0508251190186, 0.0647934228182, 0.0590576082468, 0.0711792483926, 0.0811558663845, 0.151990145445, 0.147813230753, 0.136732533574, 0.101011715829, 0.109813049436, 0.127536430955, 0.119508460164, 0.144948750734, 0.181872531772, 0.182098552585, 0.187996163964, 0.175068721175, 0.101583860815, 0.10864212364, 0.0905214399099]
        dvar: [0.0386519543827, 0.0474694743752, 0.0288001522422, 0.0398349389434, 0.0413654670119, 0.0561743341386, 0.0422074906528, 0.0449552796781, 0.0214168019593, 0.0207239743322, 0.015120013617, 0.0131134288386, 0.0151107376441, 0.00850140862167, 0.00353104062378, 0.0119576547295, 0.00824664626271, 0.0165636353195, 0.0114825777709, 0.0163077823818, 0.017468733713, 0.0268076360226, 0.0286889001727, 0.0269892290235, 0.025757163763, 0.0228941719979, 0.0316144041717, 0.0192408319563, 0.0321399495006, 0.0350723266602, 0.0411154516041, 0.0368726998568, 0.0506694689393, 0.0236780438572, 0.0327430479228, 0.0187432803214]
        dvar2: [0.090721949935, 0.113335207105, 0.0727213397622, 0.0912117213011, 0.0958100557327, 0.136917978525, 0.10079395771, 0.0994907394052, 0.0454429350793, 0.0388795100152, 0.0405231900513, 0.0344222187996, 0.0362053513527, 0.0240050926805, 0.0102322138846, 0.0321113057435, 0.0135602541268, 0.0471361652017, 0.0308593679219, 0.0393091924489, 0.0324405394495, 0.0657586753368, 0.0517841912806, 0.063466951251, 0.0645184293389, 0.0657159611583, 0.0883232876658, 0.0557003952563, 0.0930770859122, 0.0983176007867, 0.10646764189, 0.0863804966211, 0.128689289093, 0.0583778731525, 0.0810024738312, 0.0383587256074]
        max: [1, 1, 1, 1, 1, 1, 1, 1, 1, 1, 0.87851947546, 1, 1, 0.707560539246, 0.470129132271, 0.968064367771, 1, 1, 1, 1, 1, 1, 1, 1, 1, 1, 1, 0.960652709007, 1, 1, 1, 1, 1, 1, 1, 1]
        mean: [0.102470360696, 0.148903459311, 0.137795239687, 0.0913921371102, 0.0898078903556, 0.156955495477, 0.222694680095, 0.181410104036, 0.181644693017, 0.231181114912, 0.135031446815, 0.0344243347645, 0.0274515394121, 0.0195732004941, 0.0178135801107, 0.0433709062636, 0.0528943836689, 0.0354310311377, 0.0338372476399, 0.0488462410867, 0.0713546797633, 0.175787344575, 0.21422187984, 0.114794962108, 0.0536345764995, 0.0430851951241, 0.062941879034, 0.0779916569591, 0.0693492591381, 0.157367706299, 0.313777029514, 0.250186860561, 0.0976937934756, 0.0667673870921, 0.0604616254568, 0.0674067214131]
        min: [0.00113116751891, 0.00102624925785, 0.000670283159707, 0.000913247175049, 0.000873019220307, 0.00111334281974, 0.000964962237049, 0.00249400758184, 0.0006626083632, 0.000548482406884, 0.000498196459375, 0.000592244323343, 0.000253012200119, 0.000197593530174, 0.000600547180511, 0.000674685870763, 0.000828308111522, 0.000455833302112, 0.000308946880978, 0.000243513422902, 0.00137263746001, 0.0010661383858, 0.000944500148762, 0.00100029166788, 0.000435892405221, 0.000450902763987, 0.000334320619004, 0.000284430832835, 0.000254556216532, 0.00097646471113, 0.00251496699639, 0.00303446431644, 0.0014463692205, 0.000399570242735, 0.000479060981888, 0.000706336519215]
        var: [0.0535332933068, 0.0832535251975, 0.0802453830838, 0.0465953759849, 0.0455506742001, 0.0812814757228, 0.103721484542, 0.0814225003123, 0.0462267845869, 0.098654858768, 0.0348492339253, 0.0101524433121, 0.0123819457367, 0.00505999894813, 0.00209722854197, 0.0111259045079, 0.0173814184964, 0.0121896052733, 0.00826476700604, 0.0209864396602, 0.0300325714052, 0.0667890012264, 0.0991183146834, 0.0419367477298, 0.0227263011038, 0.0143197225407, 0.0312705785036, 0.026162719354, 0.0213820766658, 0.0484447404742, 0.143747255206, 0.0891782194376, 0.0463864356279, 0.0334397554398, 0.0306889060885, 0.0285476464778]
    chords_histogram: [31.4814815521, 28.7037029266, 11.5740737915, 0, 0, 0, 0, 0, 4.16666650772, 0, 0, 0, 0, 0, 0, 0, 0, 0, 0, 0, 0, 0, 0, 24.0740737915]
    thpcp: [1, 0.797339618206, 0.311347812414, 0.212786093354, 0.192689776421, 0.214823633432, 0.326570630074, 0.474551826715, 0.439150184393, 0.291264593601, 0.286215633154, 0.500213444233, 0.709722697735, 0.578149735928, 0.578897356987, 0.736768782139, 0.430342048407, 0.10970954597, 0.0874874070287, 0.0623793303967, 0.0567714609206, 0.138222053647, 0.168573155999, 0.112917862833, 0.107838511467, 0.155671820045, 0.227405682206, 0.560230135918, 0.682720065117, 0.365848839283, 0.170932129025, 0.137311503291, 0.200594291091, 0.248557567596, 0.221014454961, 0.501527190208]
    chords_key: "C"
    chords_scale: "major"
    key_key: "C"
    key_scale: "major"
    chords_progression: ["Am", "Am", "Am", "Am", "Am", "Am", "Am", "Am", "Am", "Am", "Am", "Am", "Am", "Am", "Am", "Am", "Am", "Am", "Am", "Am", "Am", "Am", "Am", "Am", "Am", "Am", "Am", "Am", "C", "C", "C", "C", "C", "C", "C", "C", "C", "C", "C", "C", "C", "C", "C", "C", "C", "C", "C", "C", "C", "C", "C", "C", "C", "C", "C", "C", "C", "C", "C", "C", "C", "Am", "Am", "Am", "Am", "Am", "Am", "Am", "Am", "Am", "Am", "Am", "Am", "Am", "Am", "Am", "Am", "Am", "Am", "Am", "Am", "Am", "Am", "Am", "Am", "C", "C", "C", "C", "C", "C", "C", "C", "C", "C", "C", "C", "C", "C", "C", "C", "C", "C", "C", "C", "C", "C", "C", "C", "C", "C", "C", "C", "C", "C", "C", "C", "C", "C", "C", "Em", "Em", "Em", "Em", "Em", "Em", "Em", "Em", "Em", "Em", "Em", "Em", "Em", "Em", "Em", "Em", "Em", "Em", "Em", "Em", "Em", "Em", "Em", "E", "E", "E", "E", "E", "E", "E", "E", "E", "Em", "Em", "Em", "Em", "Em", "Em", "Em", "Em", "Em", "Em", "Em", "Em", "Em", "Em", "Em", "Em", "Em", "Em", "Em", "Em", "Em", "Em", "Em", "Em", "Em", "Em", "Em", "Em", "Em", "Em", "Em", "Em", "Em", "Em", "Em", "Em", "Em", "Em", "Em", "G", "G", "G", "G", "G", "G", "G", "G", "G", "G", "G", "G", "G", "G", "G", "G", "G", "G", "G", "G", "G", "G", "G", "G", "G"]
