
metadata:
    version:
        essentia: "1.2.2"
    audio_properties:
        analysis_sample_rate: 44100
        bitrate: 128
        channels: 2
        equal_loudness: 1
        length: 10.0310201645
        replay_gain: -12.4997386932
        downmix: "mix"
    tags:
        track: 11
        year: 0
        album: "Splitted by Mp3Splt v. 2.1"
        artist: "From 001.40 To 001.50"
        comment: "http://mp3splt.sf.net"
        genre: ""
        title: "06 Dirty High.mp3"

highlevel:
    ballroom:
        all:
            ChaChaCha: 0.0947487875819
            Jive: 0.64885777235
            Quickstep: 0.00783625524491
            Rumba-American: 0.000232075457461
            Rumba-International: 0.000494442356285
            Rumba-Misc: 0.000887815956958
            Samba: 0.244070053101
            Tango: 0.000226297386689
            VienneseWaltz: 0.00232339208014
            Waltz: 0.000323117186781
        probability: 0.64885777235
        value: "Jive"
    culture:
        all:
            non_western: 0.0491221956909
            western: 0.950877785683
        probability: 0.950877785683
        value: "western"
    gender:
        all:
            female: 0.473838090897
            male: 0.526161909103
        probability: 0.526161909103
        value: "male"
    genre_dortmund:
        all:
            alternative: 0.124480463564
            blues: 0.00778370164335
            electronic: 0.0653712898493
            folkcountry: 0.0113761853427
            funksoulrnb: 0.0176981389523
            jazz: 0.0244489703327
            pop: 0.0792598351836
            raphiphop: 0.0309173837304
            rock: 0.638664007187
        probability: 0.638664007187
        value: "rock"
    genre_electronica:
        all:
            ambient: 0.0295878332108
            dnb: 0.182035386562
            house: 0.00475554587319
            techno: 0.0078765200451
            trance: 0.775744736195
        probability: 0.775744736195
        value: "trance"
    genre_rosamerica:
        all:
            cla: 0.00174687651452
            dan: 0.0799788832664
            hip: 0.00922600831836
            jaz: 0.00267970375717
            pop: 0.0115433763713
            rhy: 0.00677459733561
            roc: 0.887229442596
            spe: 0.000821102119517
        probability: 0.887229442596
        value: "roc"
    genre_tzanetakis:
        all:
            blu: 0.00807685870677
            cla: 0.00759816588834
            cou: 0.0505998693407
            dis: 0.191641062498
            hip: 0.0815135464072
            jaz: 0.0347088649869
            met: 0.31754514575
            pop: 0.232382595539
            reg: 0.0179378632456
            roc: 0.0579960234463
        probability: 0.31754514575
        value: "met"
    live_studio:
        all:
            live: 0.314163953066
            studio: 0.685836017132
        probability: 0.685836017132
        value: "studio"
    mood:
        all:
            Cluster1: 0.528605401516
            Cluster2: 0.0798819437623
            Cluster3: 0.0112906517461
            Cluster4: 0.0275472570211
            Cluster5: 0.352674752474
        probability: 0.528605401516
        value: "Cluster1"
    mood_acoustic:
        all:
            acoustic: 1.22037945403e-05
            not_acoustic: 0.999987781048
        probability: 0.999987781048
        value: "not_acoustic"
    mood_aggressive:
        all:
            aggressive: 0.995821654797
            not_aggressive: 0.004178322386
        probability: 0.995821654797
        value: "aggressive"
    mood_electronic:
        all:
            electronic: 0.399691432714
            not_electronic: 0.600308597088
        probability: 0.600308597088
        value: "not_electronic"
    mood_happy:
        all:
            happy: 0.336327791214
            not_happy: 0.663672208786
        probability: 0.663672208786
        value: "not_happy"
    mood_party:
        all:
            not_party: 0.144427955151
            party: 0.855572044849
        probability: 0.855572044849
        value: "party"
    mood_relaxed:
        all:
            not_relaxed: 0.981284379959
            relaxed: 0.0187156237662
        probability: 0.981284379959
        value: "not_relaxed"
    mood_sad:
        all:
            not_sad: 0.992442011833
            sad: 0.00755800679326
        probability: 0.992442011833
        value: "not_sad"
    rhythm:
        all:
            fast: 0.712182044983
            medium: 0.274651437998
            slow: 0.0131665216759
        probability: 0.712182044983
        value: "fast"
    speech_music:
        all:
            music: 0.999910235405
            speech: 8.97713107406e-05
        probability: 0.999910235405
        value: "music"
    timbre:
        all:
            bright: 0.064424648881
            dark: 0.93557536602
        probability: 0.93557536602
        value: "dark"
    voice_instrumental:
        all:
            instrumental: 0.71293926239
            voice: 0.28706073761
        probability: 0.71293926239
        value: "instrumental"

lowlevel:
    average_loudness: 0.985001325607
    barkbands_kurtosis:
        dmean: 0.597858726978
        dmean2: 1.00129246712
        dvar: 0.698166370392
        dvar2: 1.85448288918
        max: 6.30235481262
        mean: -0.907562553883
        min: -1.87275183201
        var: 1.06397795677
    barkbands_skewness:
        dmean: 0.421113967896
        dmean2: 0.662200272083
        dvar: 0.136947900057
        dvar2: 0.31400474906
        max: 2.43208050728
        mean: -0.279006361961
        min: -2.51769399643
        var: 0.495435088873
    barkbands_spread:
        dmean: 5.92998504639
        dmean2: 9.94773674011
        dvar: 27.1355991364
        dvar2: 70.8102035522
        max: 58.5669174194
        mean: 39.7953948975
        min: 16.7633190155
        var: 66.2207183838
    dissonance:
        dmean: 0.0111638261005
        dmean2: 0.0185656864196
        dvar: 0.000117322808364
        dvar2: 0.000294575962471
        max: 0.499291747808
        mean: 0.477614313364
        min: 0.423854023218
        var: 0.000243779897573
    hfc:
        dmean: 2.87119960785
        dmean2: 4.24493408203
        dvar: 10.5909452438
        dvar2: 19.8037109375
        max: 35.6626091003
        mean: 10.8069944382
        min: 2.03326630592
        var: 29.8309364319
    pitch:
        dmean: 893.975097656
        dmean2: 1715.52429199
        dvar: 1800981.375
        dvar2: 4130011.25
        max: 4410
        mean: 1823.57629395
        min: 93.2346725464
        var: 2813725.25
    pitch_instantaneous_confidence:
        dmean: 0.0765356644988
        dmean2: 0.125924691558
        dvar: 0.0033472192008
        dvar2: 0.00906241312623
        max: 0.790143609047
        mean: 0.377222031355
        min: 0.181372523308
        var: 0.00856243818998
    pitch_salience:
        dmean: 0.0595430992544
        dmean2: 0.0963589847088
        dvar: 0.00332932593301
        dvar2: 0.00723249651492
        max: 0.801601350307
        mean: 0.595091342926
        min: 0.263984680176
        var: 0.00877071078867
    silence_rate_20dB:
        dmean: 0
        dmean2: 0
        dvar: 0
        dvar2: 0
        max: 1
        mean: 1
        min: 1
        var: 0
    silence_rate_30dB:
        dmean: 0
        dmean2: 0
        dvar: 0
        dvar2: 0
        max: 1
        mean: 1
        min: 1
        var: 0
    silence_rate_60dB:
        dmean: 0.0742459371686
        dmean2: 0.146511629224
        dvar: 0.0687333419919
        dvar2: 0.166906237602
        max: 1
        mean: 0.0555555559695
        min: 0
        var: 0.0524689741433
    spectral_centroid:
        dmean: 336.099731445
        dmean2: 516.441467285
        dvar: 95219.6953125
        dvar2: 205009.9375
        max: 3706.46142578
        mean: 1963.85131836
        min: 568.133239746
        var: 346847.25
    spectral_complexity:
        dmean: 4.12121200562
        dmean2: 6.44626188278
        dvar: 15.784863472
        dvar2: 28.2985496521
        max: 44
        mean: 18.6697673798
        min: 3
        var: 50.9514198303
    spectral_crest:
        dmean: 1.75844991207
        dmean2: 2.93318510056
        dvar: 2.49812173843
        dvar2: 7.33880662918
        max: 15.2511310577
        mean: 6.36924982071
        min: 2.82966375351
        var: 4.54659986496
    spectral_decrease:
        dmean: 3.34959643356e-10
        dmean2: 5.21325149716e-10
        dvar: 1.312730333e-19
        dvar2: 2.87537907091e-19
        max: -4.20549983726e-10
        mean: -1.20810006443e-09
        min: -3.35084737735e-09
        var: 2.27010749375e-19
    spectral_energy:
        dmean: 0.00145161594264
        dmean2: 0.00224209739827
        dvar: 2.33422292695e-06
        dvar2: 4.92920435136e-06
        max: 0.0140453204513
        mean: 0.00553987408057
        min: 0.00222888309509
        var: 4.46492595074e-06
    spectral_energyband_high:
        dmean: 0.000277685612673
        dmean2: 0.000427101011155
        dvar: 1.29127414539e-07
        dvar2: 2.50040130823e-07
        max: 0.00435006711632
        mean: 0.00068157404894
        min: 7.54640059313e-05
        var: 2.97883076428e-07
    spectral_energyband_low:
        dmean: 0.000522386224475
        dmean2: 0.000880211009644
        dvar: 5.07423919771e-07
        dvar2: 1.14932845463e-06
        max: 0.00526513392106
        mean: 0.000786368036643
        min: 4.49460749223e-05
        var: 6.43728412797e-07
    spectral_energyband_middle_high:
        dmean: 0.000656973163132
        dmean2: 0.00101004936732
        dvar: 4.91716889428e-07
        dvar2: 9.26425400394e-07
        max: 0.0085123674944
        mean: 0.00266827270389
        min: 0.000436946371337
        var: 1.58217358148e-06
    spectral_energyband_middle_low:
        dmean: 0.000703942321707
        dmean2: 0.00116927269846
        dvar: 1.06593404325e-06
        dvar2: 2.64459822574e-06
        max: 0.00849375128746
        mean: 0.00140365306288
        min: 5.99700761086e-05
        var: 1.26878092033e-06
    spectral_flatness_db:
        dmean: 0.0147550003603
        dmean2: 0.0244532898068
        dvar: 0.000179402835784
        dvar2: 0.000422772835009
        max: 0.201506018639
        mean: 0.142285302281
        min: 0.078310534358
        var: 0.000399745709728
    spectral_flux:
        dmean: 0.00802380032837
        dmean2: 0.012387694791
        dvar: 6.75129776937e-05
        dvar2: 0.00014000631927
        max: 0.0983142405748
        mean: 0.0459062680602
        min: 0.0260772425681
        var: 0.000146360383951
    spectral_kurtosis:
        dmean: 0.94069814682
        dmean2: 1.52236437798
        dvar: 0.742540359497
        dvar2: 1.75449430943
        max: 10.7467546463
        mean: 3.08113074303
        min: -0.742159366608
        var: 1.6326366663
    spectral_rms:
        dmean: 0.000294979399769
        dmean2: 0.000449875165941
        dvar: 7.76903590349e-08
        dvar2: 1.61417887057e-07
        max: 0.00370172271505
        mean: 0.00228752684779
        min: 0.001474625431
        var: 1.71981824337e-07
    spectral_rolloff:
        dmean: 358.585388184
        dmean2: 539.235351562
        dvar: 200085.90625
        dvar2: 397064.1875
        max: 7859.61914062
        mean: 3719.43457031
        min: 322.998046875
        var: 428925.21875
    spectral_skewness:
        dmean: 0.160875618458
        dmean2: 0.250394225121
        dvar: 0.0206416789442
        dvar2: 0.0420583859086
        max: 2.52139902115
        mean: 1.12095940113
        min: 0.429870188236
        var: 0.0487584769726
    spectral_spread:
        dmean: 589439.6875
        dmean2: 822878
        dvar: 493402390528
        dvar2: 873948184576
        max: 10878321
        mean: 4535927.5
        min: 2860385.75
        var: 1.71950997504e+12
    spectral_strongpeak:
        dmean: 0.48023879528
        dmean2: 0.867392718792
        dvar: 0.562092721462
        dvar2: 1.38874816895
        max: 5.76037168503
        mean: 0.734393715858
        min: 0.0297445096076
        var: 0.94561290741
    zerocrossingrate:
        dmean: 0.01086966414
        dmean2: 0.0117347221822
        dvar: 0.00010893939907
        dvar2: 0.000141475611599
        max: 0.1904296875
        mean: 0.110117644072
        min: 0.04296875
        var: 0.000616234028712
    barkbands:
        dmean: [2.37114065271e-07, 0.00013982555538, 0.00048789914581, 0.000405940139899, 0.000182006857358, 0.000193434738321, 5.17625776411e-05, 0.000101446421468, 0.000114131478767, 6.69047949486e-05, 8.23587324703e-05, 3.30782459059e-05, 2.83997487713e-05, 6.8089706474e-05, 6.74144757795e-05, 9.33555566007e-05, 0.000176053537871, 0.000220295230974, 0.00032814007136, 0.000218914385187, 0.000135968090035, 4.62528878415e-05, 1.01896912383e-05, 9.595976735e-06, 4.24534664489e-06, 1.52457857894e-07, 6.23928464449e-10]
        dmean2: [3.8829892901e-07, 0.000241473462665, 0.00083000730956, 0.000723127799574, 0.00030780932866, 0.000331317773089, 8.75378755154e-05, 0.000157483358635, 0.000182438321644, 0.000112500230898, 0.00013107941777, 5.18019369338e-05, 4.81794231746e-05, 0.000111327681225, 0.000109806307591, 0.000160759402206, 0.000276158738416, 0.000356491858838, 0.000529200886376, 0.000359607045539, 0.000209230987821, 6.26385444775e-05, 1.27638986669e-05, 1.42088101711e-05, 6.79085451338e-06, 2.17448388184e-07, 8.39577407596e-10]
        dvar: [2.72561297534e-13, 4.41827268105e-08, 4.72855759881e-07, 5.6395356296e-07, 1.33341160335e-07, 6.16219395511e-08, 5.13132425439e-09, 4.45168879537e-08, 3.15369597104e-08, 2.30695551551e-08, 2.69132982567e-08, 1.86822757264e-09, 1.24151977587e-09, 5.89589621569e-09, 8.33457569627e-09, 9.15516373823e-09, 4.83992934619e-08, 1.05943904316e-07, 1.11825052329e-07, 8.22692811653e-08, 2.84011445473e-08, 8.29268298475e-09, 7.85848941476e-10, 7.68403451978e-10, 2.15343409771e-10, 8.35258240611e-14, 4.98675493747e-17]
        dvar2: [4.07347712419e-13, 1.31213496957e-07, 1.13574878924e-06, 1.48410492784e-06, 3.64461698155e-07, 1.69937493411e-07, 1.35257511857e-08, 1.05809618844e-07, 6.22297449127e-08, 5.59626585073e-08, 6.4284975565e-08, 4.00397315303e-09, 3.25870352924e-09, 1.50602730287e-08, 2.0239346199e-08, 2.54268908151e-08, 1.01544095799e-07, 2.36173349322e-07, 2.73521976624e-07, 1.91179168496e-07, 5.93785500769e-08, 1.48325005611e-08, 1.25138621687e-09, 1.4502760104e-09, 4.92540619401e-10, 1.93704264868e-13, 5.04022289965e-17]
        max: [9.70338624029e-06, 0.0020239148289, 0.0050927172415, 0.00541818328202, 0.00274824816734, 0.00189406401478, 0.000707375933416, 0.00269222212955, 0.00256287073717, 0.00203175703064, 0.00232210801914, 0.000737899914384, 0.000326535489876, 0.000938400742598, 0.000831030425616, 0.00113129010424, 0.00415760464966, 0.00514496676624, 0.00386434793472, 0.00263927294873, 0.0024950648658, 0.00152836984489, 0.000367859960534, 0.000298093305901, 0.000151277068653, 3.59318528353e-06, 1.46633496456e-07]
        mean: [2.8691633247e-07, 0.000203047922696, 0.000583044311497, 0.000383066828363, 0.000227958225878, 0.000327076995745, 7.05883503542e-05, 0.000122360012028, 0.000253954902291, 8.67085909704e-05, 0.000244349677814, 7.21303076716e-05, 5.21378678968e-05, 0.000133640278364, 0.000122300916701, 0.000198636509595, 0.000307632784825, 0.000456746551208, 0.000765592616517, 0.000503277697135, 0.000316800491419, 7.71980048739e-05, 1.34913498187e-05, 1.27204075397e-05, 4.94280766361e-06, 1.8722879247e-07, 6.18496809324e-10]
        min: [6.23609330841e-10, 4.08349342251e-06, 5.55843507755e-06, 1.40437452956e-06, 4.28841531175e-06, 2.69585780188e-06, 1.63470190273e-06, 2.8409940569e-06, 4.59744205727e-06, 1.78023128683e-06, 1.86807017144e-06, 2.89712079393e-06, 2.12741247196e-06, 1.10007458716e-05, 2.87114698949e-06, 2.15311792999e-05, 2.38491193159e-05, 4.23095334554e-05, 8.69210780365e-05, 3.82014986826e-05, 3.60680496669e-05, 6.37800212644e-06, 3.31081025706e-07, 1.3229993101e-07, 2.00537098038e-08, 1.8558977688e-09, 9.0998253854e-14]
        var: [2.89939648896e-13, 4.21006234319e-08, 5.67005372432e-07, 4.70219816862e-07, 1.18344019029e-07, 1.3830904777e-07, 5.99390093114e-09, 6.26592893127e-08, 1.59811463618e-07, 3.1444436388e-08, 2.20804651008e-07, 1.0314207266e-08, 2.03887595696e-09, 1.32109727602e-08, 1.40250451253e-08, 1.661064708e-08, 1.04734027673e-07, 1.88073016716e-07, 2.31357915936e-07, 1.51106632984e-07, 6.71882460779e-08, 1.52416266275e-08, 1.4609304877e-09, 1.46149292668e-09, 2.83531975676e-10, 1.25293235531e-13, 4.98418505274e-17]
    mfcc:
        mean: [-684.262145996, 97.4748840332, -51.2337379456, 69.1445770264, -10.6520137787, 0.787965238094, 7.75094079971, -1.24019372463, 3.3465154171, 0.532627642155, -3.79580616951, -2.44459056854, -6.59644079208]
        cov: [[618.792297363, -382.374084473, 175.843063354, -163.553817749, -24.3930358887, -37.2823524475, -60.0029029846, -15.1705284119, -13.6133556366, 0.345520973206, 0.725532650948, -9.56022930145, 33.8745574951], [-382.374084473, 676.789245605, -236.522186279, 105.731277466, -113.386634827, -17.5028324127, 44.567565918, -4.12486934662, 13.9405546188, 23.9135131836, 0.323320001364, -12.2010374069, -24.9182434082], [175.843063354, -236.522186279, 307.350006104, -75.5816726685, 77.7936325073, -38.2944107056, -41.1011810303, -28.2904014587, -36.1854858398, -9.91995811462, -3.77279281616, -2.02146315575, 1.15636825562], [-163.553817749, 105.731277466, -75.5816726685, 157.17036438, 13.9036121368, 18.1277332306, -2.2030851841, -3.89235711098, -9.75377559662, -15.653758049, -1.35320603848, 12.9832115173, -15.4422826767], [-24.3930358887, -113.386634827, 77.7936325073, 13.9036121368, 130.571899414, 40.5529441833, 19.6596412659, -6.38775730133, -15.6316728592, -5.97818851471, -0.477492421865, 1.88924300671, -10.0684709549], [-37.2823524475, -17.5028324127, -38.2944107056, 18.1277332306, 40.5529441833, 133.871307373, 49.1613998413, 29.4591636658, 6.89633798599, -0.849030375481, -17.7202301025, -16.4408626556, -6.73559331894], [-60.0029029846, 44.567565918, -41.1011810303, -2.2030851841, 19.6596412659, 49.1613998413, 90.1492538452, 42.8078956604, 23.7540626526, -6.75185346603, -18.4256057739, -17.7174549103, -5.61212253571], [-15.1705284119, -4.12486934662, -28.2904014587, -3.89235711098, -6.38775730133, 29.4591636658, 42.8078956604, 74.841583252, 36.1981163025, 1.42815637589, -13.0798721313, -10.5855369568, -2.67613005638], [-13.6133556366, 13.9405546188, -36.1854858398, -9.75377559662, -15.6316728592, 6.89633798599, 23.7540626526, 36.1981163025, 79.7441329956, 24.3046417236, 0.76277077198, -9.87837314606, 0.830270349979], [0.345520973206, 23.9135131836, -9.91995811462, -15.653758049, -5.97818851471, -0.849030375481, -6.75185346603, 1.42815637589, 24.3046417236, 61.5328712463, 24.7830295563, 0.915161788464, -5.13803243637], [0.725532650948, 0.323320001364, -3.77279281616, -1.35320603848, -0.477492421865, -17.7202301025, -18.4256057739, -13.0798721313, 0.76277077198, 24.7830295563, 61.4292793274, 28.8836288452, 4.13710403442], [-9.56022930145, -12.2010374069, -2.02146315575, 12.9832115173, 1.88924300671, -16.4408626556, -17.7174549103, -10.5855369568, -9.87837314606, 0.915161788464, 28.8836288452, 48.2859649658, 16.7059421539], [33.8745574951, -24.9182434082, 1.15636825562, -15.4422826767, -10.0684709549, -6.73559331894, -5.61212253571, -2.67613005638, 0.830270349979, -5.13803243637, 4.13710403442, 16.7059421539, 49.8965110779]]
        icov: [[0.00378351844847, 0.00202140235342, -0.000635242031422, 0.00186264095828, 0.00260816910304, -0.000145847487147, 0.00050365383504, 0.000531221565325, 0.000683712947648, -0.000376920972485, -0.000331848714268, 0.00154444144573, -0.000915973505471], [0.00202140235342, 0.00394159415737, 0.000762643991038, -0.000836466730107, 0.00370209105313, 0.000973401998635, -0.00276265805587, 0.00203536148183, 0.00126515864395, -0.00212399126031, 3.59345103789e-05, 0.00145782961044, 0.000265576731181], [-0.000635242031422, 0.000762643991038, 0.00668806163594, 0.00230441638269, -0.00456039002165, 0.00238549872302, 0.002273889957, -0.000471946783364, 0.00154436123557, 0.000181341791176, 0.00116485077888, 0.000852301542182, 0.000613584415987], [0.00186264095828, -0.000836466730107, 0.00230441638269, 0.0113493399695, -0.0029128359165, -0.00123507576063, 0.00478297937661, -0.000853837525938, -0.000196754175704, 0.00374479941092, 0.00110318337101, -0.00331892841496, 0.00292310141958], [0.00260816910304, 0.00370209105313, -0.00456039002165, -0.0029128359165, 0.0170558448881, -0.00357084861025, -0.00721460813656, 0.0048821750097, 0.00148101896048, -0.00214324705303, -0.00123395444825, -0.0009842782747, 0.00187886517961], [-0.000145847487147, 0.000973401998635, 0.00238549872302, -0.00123507576063, -0.00357084861025, 0.0118680726737, -0.00419517233968, -0.00218328973278, 0.00237064622343, -0.00259435735643, 0.00159483146854, 0.00270475912839, -0.000904225278646], [0.00050365383504, -0.00276265805587, 0.002273889957, 0.00478297937661, -0.00721460813656, -0.00419517233968, 0.0244606230408, -0.010087730363, -0.00292950333096, 0.00565069448203, 0.000579140905757, 0.00295272702351, -0.000511987833306], [0.000531221565325, 0.00203536148183, -0.000471946783364, -0.000853837525938, 0.0048821750097, -0.00218328973278, -0.010087730363, 0.0243770070374, -0.00780069408938, -7.39109018468e-05, 0.00256799650379, -0.00226159859449, 0.00193221971858], [0.000683712947648, 0.00126515864395, 0.00154436123557, -0.000196754175704, 0.00148101896048, 0.00237064622343, -0.00292950333096, -0.00780069408938, 0.0207708291709, -0.00864406768233, -0.000243748625508, 0.00399970589206, -0.00261271931231], [-0.000376920972485, -0.00212399126031, 0.000181341791176, 0.00374479941092, -0.00214324705303, -0.00259435735643, 0.00565069448203, -7.39109018468e-05, -0.00864406768233, 0.0265813432634, -0.011233875528, 0.00306153437123, 0.00298625882715], [-0.000331848714268, 3.59345103789e-05, 0.00116485077888, 0.00110318337101, -0.00123395444825, 0.00159483146854, 0.000579140905757, 0.00256799650379, -0.000243748625508, -0.011233875528, 0.0303338784724, -0.0179856214672, 0.00308078923263], [0.00154444144573, 0.00145782961044, 0.000852301542182, -0.00331892841496, -0.0009842782747, 0.00270475912839, 0.00295272702351, -0.00226159859449, 0.00399970589206, 0.00306153437123, -0.0179856214672, 0.0397197380662, -0.012548757717], [-0.000915973505471, 0.000265576731181, 0.000613584415987, 0.00292310141958, 0.00187886517961, -0.000904225278646, -0.000511987833306, 0.00193221971858, -0.00261271931231, 0.00298625882715, 0.00308078923263, -0.012548757717, 0.0262865293771]]
    spectral_contrast:
        mean: [-2.39167974314e-07, -2.50482461439e-08, -9.96298581413e-08, -1.8428924875e-07, 2.44379037895e-07, -2.6786028684e-07, -2.31137801165e-06, -1.71957663042e-06, -5.27934298589e-06, -3.41236591339e-06, 2.3063532808e-06, 3.18261072607e-07]
        var: [0.000403489888413, 0.000622465915512, 0.000798394554295, 0.00364968483336, 0.00387938693166, 0.00497089326382, 0.03758617118, 0.075746782124, 0.139340281487, 0.167204499245, 0.262738794088, 0.610830068588]

rhythm:
    beats_loudness:
        dmean: 0.00357209402137
        dmean2: 0.00612487271428
        dvar: 5.23663265994e-06
        dvar2: 1.53595319716e-05
        max: 0.0131430160254
        mean: 0.00659801950678
        min: 0.00276629906148
        var: 7.91816000856e-06
    beats_loudness_bass:
        dmean: 0.307381898165
        dmean2: 0.61631321907
        dvar: 0.0276353508234
        dvar2: 0.0720387026668
        max: 0.641446948051
        mean: 0.263268083334
        min: 0.0354219265282
        var: 0.0354300364852
    bpm: 116.91796875
    bpm_confidence: 0
    first_peak_bpm: 117
    first_peak_spread: 0
    first_peak_weight: 0.944444417953
    onset_rate: 4.98453760147
    second_peak_bpm: 87
    second_peak_spread: 0
    second_peak_weight: 0.0555555559695
    beats_position: [0.126895561814, 0.639925956726, 1.15295636654, 1.66598689556, 2.17901730537, 2.69204759598, 3.205078125, 3.71810865402, 4.23113918304, 4.74416923523, 5.25719976425, 5.77023029327, 6.45761823654, 6.97092723846, 7.48423719406, 7.99754667282, 8.51085662842, 9.02416610718, 9.53747558594]
    bpm_estimates: [117.067382812, 117.046485901, 116.978683472, 116.680480957, 116.643516541, 117.019523621, 117.064079285, 116.908294678, 117.162849426, 117.038887024, 116.774429321, 117.20035553, 117.108398438, 115.862953186, 116.808769226, 116.996070862, 116.737922668, 116.758155823, 117.489151001, 117.012947083]
    bpm_intervals: [0.513030409813, 0.513030409813, 0.513030529022, 0.513030409813, 0.513030290604, 0.513030529022, 0.513030529022, 0.513030529022, 0.513030052185, 0.513030529022, 0.513030529022, 0.687387943268, 0.513309001923, 0.513309955597, 0.51330947876, 0.513309955597, 0.51330947876, 0.51330947876]
    onset_times: [0.0580498874187, 0.255419492722, 0.383129239082, 0.673378705978, 0.777868509293, 1.04489791393, 1.16099774837, 1.30031740665, 1.67183673382, 1.93886625767, 2.08979582787, 2.32199549675, 2.4497051239, 2.75156474113, 2.84444451332, 3.11147403717, 3.22757363319, 3.36689352989, 3.73841261864, 3.90095233917, 4.01705217361, 4.14476203918, 4.27247142792, 4.5046710968, 4.80653047562, 4.92263031006, 5.1780500412, 5.29414987564, 5.4334692955, 5.80498886108, 6.06040811539, 6.22294807434, 6.32743787766, 6.45514726639, 6.58285713196, 6.87310647964, 6.97759628296, 7.27945566177, 7.4884352684, 7.85995483398, 8.13859367371, 8.26630401611, 8.64943313599, 8.93968296051, 9.04417228699, 9.38086128235, 9.55501174927, 9.69433116913, 9.81043052673, 9.91492080688]
    rubato_start: []
    rubato_stop: []
    perceptual_tempo: "unknown"

sfx:
    inharmonicity:
        dmean: 0.0587719529867
        dmean2: 0.104729779065
        dvar: 0.00420311326161
        dvar2: 0.0121310902759
        max: 0.401041805744
        mean: 0.0644602701068
        min: 0
        var: 0.00409748405218
    oddtoevenharmonicenergyratio:
        dmean: 2.60123467445
        dmean2: 4.97535991669
        dvar: 173.527008057
        dvar2: 516.833984375
        max: 179.005432129
        mean: 1.76935434341
        min: 0
        var: 89.5962371826
    pitch_after_max_to_before_max_energy_ratio: 79.1228713989
    pitch_centroid: 204.555709839
    pitch_max_to_total: 0.00697674416006
    pitch_min_to_total: 0.306976735592
    tristimulus:
        dmean: [0.191200807691, 0.295152723789, 0.19101318717]
        dmean2: [0.330778986216, 0.511196315289, 0.343816012144]
        dvar: [0.0285726301372, 0.0446284264326, 0.0281249899417]
        dvar2: [0.0780313313007, 0.125059828162, 0.0777605697513]
        max: [1, 0.960262238979, 0.732797086239]
        mean: [0.292676597834, 0.461198031902, 0.175947666168]
        min: [0.0174868777394, 0, 0]
        var: [0.0415652766824, 0.0709864720702, 0.0360952802002]

tonal:
    chords_changes_rate: 0.0972222238779
    chords_number_rate: 0.0231481473893
    chords_strength:
        dmean: 0.0139097040519
        dmean2: 0.0160677637905
        dvar: 0.000119674332382
        dvar2: 0.00018232963339
        max: 0.62811011076
        mean: 0.502996385098
        min: 0.378069043159
        var: 0.00283231493086
    key_strength: 0.519024431705
    tuning_diatonic_strength: 0.530232489109
    tuning_equal_tempered_deviation: 0.189361974597
    tuning_frequency: 448.208557129
    tuning_nontempered_energy_ratio: 0.871700286865
    hpcp:
        dmean: [0.116619244218, 0.127792164683, 0.164475679398, 0.236742064357, 0.210037440062, 0.223501339555, 0.210733935237, 0.197082862258, 0.213023126125, 0.210619568825, 0.195886820555, 0.235983759165, 0.232712328434, 0.176757320762, 0.149642080069, 0.139524906874, 0.126271992922, 0.168468743563, 0.244020864367, 0.21646592021, 0.176559999585, 0.176721721888, 0.160831451416, 0.114818491042, 0.101888440549, 0.0978112667799, 0.0958517938852, 0.110467121005, 0.113963633776, 0.14581143856, 0.142874628305, 0.129796728492, 0.133428663015, 0.153955698013, 0.162494182587, 0.126845374703]
        dmean2: [0.200662314892, 0.210258334875, 0.264504611492, 0.402609348297, 0.342953711748, 0.388049095869, 0.366688638926, 0.35576570034, 0.383537590504, 0.355727016926, 0.32329544425, 0.395543068647, 0.404602050781, 0.322725921869, 0.2669891119, 0.247100189328, 0.223952874541, 0.29804623127, 0.43380522728, 0.375450342894, 0.295181542635, 0.295922279358, 0.266440659761, 0.20172701776, 0.176691234112, 0.172753587365, 0.161920651793, 0.184755221009, 0.189464867115, 0.245261117816, 0.243508666754, 0.224517256021, 0.231693342328, 0.271955817938, 0.288433820009, 0.216198980808]
        dvar: [0.0167847909033, 0.0268416516483, 0.0297591593117, 0.0569261386991, 0.0476058237255, 0.0683893337846, 0.0508753210306, 0.0457846485078, 0.0596752166748, 0.0517928339541, 0.0398708283901, 0.0538483597338, 0.0513565391302, 0.0497746542096, 0.0362402424216, 0.0346908643842, 0.0275657568127, 0.0391996465623, 0.0577449724078, 0.0410658158362, 0.0410221666098, 0.0425622314215, 0.0269438028336, 0.0171356797218, 0.0231113247573, 0.026465523988, 0.0207249261439, 0.0220401715487, 0.0144006609917, 0.0249385591596, 0.0386583320796, 0.029750905931, 0.0307225584984, 0.024892559275, 0.0253046005964, 0.0127090932801]
        dvar2: [0.0462350323796, 0.0651535317302, 0.0712921097875, 0.140542700887, 0.127935826778, 0.176914542913, 0.143489539623, 0.131582811475, 0.167142152786, 0.139929071069, 0.0988266840577, 0.120475135744, 0.138547584414, 0.134290233254, 0.0994823276997, 0.0969067960978, 0.0781932622194, 0.105338998139, 0.149632245302, 0.101260110736, 0.084809936583, 0.102971345186, 0.0745583325624, 0.0479502640665, 0.0635739788413, 0.0754910707474, 0.0544991493225, 0.0558855906129, 0.0369409322739, 0.0730233117938, 0.122906044126, 0.0925351828337, 0.0851508900523, 0.0668844953179, 0.0690122842789, 0.0358815826476]
        max: [1, 1, 1, 1, 1, 1, 1, 1, 1, 1, 1, 1, 1, 1, 1, 1, 1, 1, 1, 1, 1, 1, 1, 0.945495426655, 1, 1, 1, 1, 1, 1, 1, 1, 1, 1, 0.976373434067, 1]
        mean: [0.174977198243, 0.172810062766, 0.253033638, 0.364028930664, 0.339487969875, 0.256676793098, 0.24368570745, 0.256685316563, 0.275165349245, 0.294504016638, 0.355361253023, 0.42866936326, 0.36033141613, 0.222485899925, 0.165984272957, 0.149384230375, 0.136086925864, 0.210219636559, 0.365349978209, 0.349255889654, 0.246674790978, 0.259532958269, 0.245994865894, 0.165490835905, 0.119109280407, 0.111292921007, 0.135585904121, 0.167423740029, 0.187044888735, 0.197373449802, 0.181833073497, 0.182282224298, 0.226406440139, 0.297925174236, 0.303432077169, 0.229503631592]
        min: [0.0139733990654, 0.00999817438424, 0.00983527395874, 0.0247895624489, 0.0238530822098, 0.0080651845783, 0.0107470015064, 0.0107819288969, 0.0115052517503, 0.0135740069672, 0.0321298390627, 0.0124146286398, 0.0100346477702, 0.00911313015968, 0.0110229691491, 0.00646633794531, 0.00600200518966, 0.00927927903831, 0.00980427023023, 0.00870634708554, 0.00726220617071, 0.0139467827976, 0.0166827496141, 0.0117137283087, 0.00509071256965, 0.00334659637883, 0.0036422193516, 0.011180749163, 0.00801793579012, 0.00400624284521, 0.00714673148468, 0.0102274436504, 0.0135616436601, 0.0228176172823, 0.0290247797966, 0.0219249688089]
        var: [0.0212943460792, 0.0346058309078, 0.0514836981893, 0.0989378169179, 0.0869553089142, 0.0738563686609, 0.0506264381111, 0.0478447899222, 0.0630966797471, 0.0727587416768, 0.0748737826943, 0.0982240363955, 0.0734007954597, 0.0449317842722, 0.0325517430902, 0.0306224301457, 0.0248124245554, 0.0447360239923, 0.0946620926261, 0.0896086767316, 0.075326576829, 0.0678564012051, 0.0399809032679, 0.0227313525975, 0.0270460341126, 0.0272214803845, 0.0284732002765, 0.0406963601708, 0.0295285414904, 0.0299951117486, 0.037593729794, 0.0310762003064, 0.0359575338662, 0.0458609052002, 0.0377753823996, 0.0210420824587]
    chords_histogram: [5.55555534363, 0, 0, 0, 3.70370364189, 0, 0, 0, 4.16666650772, 76.388885498, 10.1851854324, 0, 0, 0, 0, 0, 0, 0, 0, 0, 0, 0, 0, 0]
    thpcp: [1, 0.84058123827, 0.519015192986, 0.387208163738, 0.348483562469, 0.317463606596, 0.49040043354, 0.852288544178, 0.814744234085, 0.575443029404, 0.605438530445, 0.573856890202, 0.386057078838, 0.277858167887, 0.259624153376, 0.316294819117, 0.390566140413, 0.436338365078, 0.460432827473, 0.424180239439, 0.42522802949, 0.528160989285, 0.694999933243, 0.707846403122, 0.535386145115, 0.408186852932, 0.403131365776, 0.590276956558, 0.849206805229, 0.791957616806, 0.598775684834, 0.568470060825, 0.598795592785, 0.641905784607, 0.687019050121, 0.828986823559]
    chords_key: "G#"
    chords_scale: "major"
    key_key: "C#"
    key_scale: "minor"
    chords_progression: ["G#", "G#", "G#", "G#", "G#", "G#", "G#", "G#", "G#", "G#", "G#", "G#", "G#", "G#", "G#", "G#", "G#", "G#", "G#", "G#", "G#", "G#", "G#", "G#", "G#", "G#", "G#", "G#", "G#", "G#", "G#", "G#", "G#", "G#", "G#", "G#", "G#", "G#", "G#", "G#", "G#", "G#", "G#", "G#", "G#", "G#", "G#", "G#", "G#", "G#", "G#", "G#", "G#", "G#", "G#", "G#", "G#", "G#", "Cm", "Cm", "Cm", "Cm", "G#", "Cm", "G#", "G#", "Cm", "Cm", "G#", "Cm", "Cm", "Cm", "Cm", "Cm", "G#", "G#", "G#", "G#", "G#", "G#", "G#", "G#", "G#", "G#", "G#", "G#", "G#", "G#", "G#", "G#", "G#", "G#", "G#", "G#", "G#", "G#", "G#", "G#", "G#", "G#", "G#", "G#", "G#", "G#", "G#", "G#", "G#", "G#", "G#", "G#", "G#", "G#", "G#", "G#", "G#", "G#", "G#", "G#", "G#", "G#", "G#", "G#", "G#", "G#", "G#", "G#", "D#m", "D#m", "D#m", "D#m", "D#m", "D#m", "D#m", "D#m", "G#", "G#", "G#", "G#", "G#", "G#", "G#", "Fm", "Fm", "Fm", "Fm", "Fm", "C#m", "C#m", "C#m", "C#m", "C#m", "Fm", "Fm", "Fm", "Fm", "Cm", "Cm", "Cm", "Cm", "Cm", "G#", "Cm", "Cm", "Cm", "Cm", "G#", "G#", "G#", "G#", "G#", "G#", "G#", "G#", "G#", "G#", "G#", "G#", "G#", "G#", "G#", "G#", "G#", "G#", "G#", "G#", "G#", "G#", "G#", "G#", "G#", "G#", "G#", "G#", "G#", "G#", "G#", "G#", "G#", "G#", "G#", "G#", "G#", "G#", "G#", "G#", "G#", "G#", "Cm", "C#m", "C#m", "G#", "C#m", "C#m", "C#m", "C#m", "C#m"]
