
metadata:
    version:
        essentia: "1.2.2"
    audio_properties:
        analysis_sample_rate: 44100
        bitrate: 128
        channels: 2
        equal_loudness: 1
        length: 10.0310201645
        replay_gain: -13.3788070679
        downmix: "mix"
    tags:
        track: 15
        year: 0
        album: "Splitted by Mp3Splt v. 2.1"
        artist: "From 002.20 To 002.30"
        comment: "http://mp3splt.sf.net"
        genre: ""
        title: "10 The Cedar Room.mp3"

highlevel:
    ballroom:
        all:
            ChaChaCha: 0.00973054487258
            Jive: 0.434071272612
            Quickstep: 0.0307852756232
            Rumba-American: 0.0074841924943
            Rumba-International: 0.02648168616
            Rumba-Misc: 0.0118973860517
            Samba: 0.0330742299557
            Tango: 0.0241366755217
            VienneseWaltz: 0.3243534863
            Waltz: 0.0979852378368
        probability: 0.434071272612
        value: "Jive"
    culture:
        all:
            non_western: 0.116101585329
            western: 0.883898437023
        probability: 0.883898437023
        value: "western"
    gender:
        all:
            female: 0.544184148312
            male: 0.455815821886
        probability: 0.544184148312
        value: "female"
    genre_dortmund:
        all:
            alternative: 0.165513634682
            blues: 0.00628742063418
            electronic: 0.18782389164
            folkcountry: 0.0283076036721
            funksoulrnb: 0.00756559194997
            jazz: 0.00490569649264
            pop: 0.0275102946907
            raphiphop: 0.00478501198813
            rock: 0.567300856113
        probability: 0.567300856113
        value: "rock"
    genre_electronica:
        all:
            ambient: 0.44381582737
            dnb: 0.12785486877
            house: 0.003502181964
            techno: 0.00813330803066
            trance: 0.416693806648
        probability: 0.44381582737
        value: "ambient"
    genre_rosamerica:
        all:
            cla: 0.00875449553132
            dan: 0.00184957473539
            hip: 0.000952158297878
            jaz: 0.00177988689393
            pop: 0.00333606963977
            rhy: 0.00147349131294
            roc: 0.98100656271
            spe: 0.000847758667078
        probability: 0.98100656271
        value: "roc"
    genre_tzanetakis:
        all:
            blu: 0.0254399310797
            cla: 0.132136553526
            cou: 0.189684569836
            dis: 0.0303475987166
            hip: 0.012258362025
            jaz: 0.0552500262856
            met: 0.0796905085444
            pop: 0.185950502753
            reg: 0.0237782839686
            roc: 0.265463680029
        probability: 0.265463680029
        value: "roc"
    live_studio:
        all:
            live: 0.522527813911
            studio: 0.477472186089
        probability: 0.522527813911
        value: "live"
    mood:
        all:
            Cluster1: 0.50141119957
            Cluster2: 0.0229766778648
            Cluster3: 0.0204843003303
            Cluster4: 0.0577534399927
            Cluster5: 0.397374391556
        probability: 0.50141119957
        value: "Cluster1"
    mood_acoustic:
        all:
            acoustic: 0.0147864073515
            not_acoustic: 0.985213577747
        probability: 0.985213577747
        value: "not_acoustic"
    mood_aggressive:
        all:
            aggressive: 0.959126353264
            not_aggressive: 0.0408736728132
        probability: 0.959126353264
        value: "aggressive"
    mood_electronic:
        all:
            electronic: 0.344666212797
            not_electronic: 0.655333757401
        probability: 0.655333757401
        value: "not_electronic"
    mood_happy:
        all:
            happy: 0.581728458405
            not_happy: 0.418271541595
        probability: 0.581728458405
        value: "happy"
    mood_party:
        all:
            not_party: 0.418670445681
            party: 0.581329584122
        probability: 0.581329584122
        value: "party"
    mood_relaxed:
        all:
            not_relaxed: 0.711588025093
            relaxed: 0.288411945105
        probability: 0.711588025093
        value: "not_relaxed"
    mood_sad:
        all:
            not_sad: 0.948902785778
            sad: 0.0510972291231
        probability: 0.948902785778
        value: "not_sad"
    rhythm:
        all:
            fast: 0.226360872388
            medium: 0.616905391216
            slow: 0.156733736396
        probability: 0.616905391216
        value: "medium"
    speech_music:
        all:
            music: 0.999962568283
            speech: 3.74185547116e-05
        probability: 0.999962568283
        value: "music"
    timbre:
        all:
            bright: 0.507420063019
            dark: 0.492579936981
        probability: 0.507420063019
        value: "bright"
    voice_instrumental:
        all:
            instrumental: 0.762206614017
            voice: 0.237793415785
        probability: 0.762206614017
        value: "instrumental"

lowlevel:
    average_loudness: 0.976663053036
    barkbands_kurtosis:
        dmean: 0.646415650845
        dmean2: 1.04713571072
        dvar: 0.52648973465
        dvar2: 1.34023594856
        max: 5.02457523346
        mean: -0.508587658405
        min: -1.77136874199
        var: 1.1679495573
    barkbands_skewness:
        dmean: 0.378766864538
        dmean2: 0.596216142178
        dvar: 0.115299217403
        dvar2: 0.301923811436
        max: 1.09518134594
        mean: -0.612316310406
        min: -2.14139437675
        var: 0.331234276295
    barkbands_spread:
        dmean: 4.04187631607
        dmean2: 6.57857751846
        dvar: 15.6719102859
        dvar2: 39.0894699097
        max: 41.1665992737
        mean: 23.8086452484
        min: 10.0026416779
        var: 33.7873954773
    dissonance:
        dmean: 0.0118991322815
        dmean2: 0.0208344869316
        dvar: 0.000118255360576
        dvar2: 0.000334383890731
        max: 0.498678803444
        mean: 0.475904077291
        min: 0.397622019053
        var: 0.000217978013097
    hfc:
        dmean: 1.83396923542
        dmean2: 2.84262251854
        dvar: 3.17249584198
        dvar2: 7.84228467941
        max: 28.8873729706
        mean: 10.5057592392
        min: 1.86529254913
        var: 13.0477752686
    pitch:
        dmean: 565.008544922
        dmean2: 1102.06079102
        dvar: 851624.75
        dvar2: 2117965.5
        max: 3675
        mean: 811.838684082
        min: 92.4528274536
        var: 996595.375
    pitch_instantaneous_confidence:
        dmean: 0.0750068277121
        dmean2: 0.122208282351
        dvar: 0.0036634306889
        dvar2: 0.00994451902807
        max: 0.800744116306
        mean: 0.443001240492
        min: 0.183177471161
        var: 0.0151468897238
    pitch_salience:
        dmean: 0.0509495288134
        dmean2: 0.0862962156534
        dvar: 0.00155444687698
        dvar2: 0.00440330477431
        max: 0.849129378796
        mean: 0.649278879166
        min: 0.457660794258
        var: 0.00423744600266
    silence_rate_20dB:
        dmean: 0
        dmean2: 0
        dvar: 0
        dvar2: 0
        max: 1
        mean: 1
        min: 1
        var: 0
    silence_rate_30dB:
        dmean: 0
        dmean2: 0
        dvar: 0
        dvar2: 0
        max: 1
        mean: 1
        min: 1
        var: 0
    silence_rate_60dB:
        dmean: 0.0232018567622
        dmean2: 0.0441860482097
        dvar: 0.0226633083075
        dvar2: 0.0468850620091
        max: 1
        mean: 0.0324074067175
        min: 0
        var: 0.0313570462167
    spectral_centroid:
        dmean: 190.462982178
        dmean2: 303.94934082
        dvar: 40548.7890625
        dvar2: 101454.09375
        max: 2677.64404297
        mean: 1766.73620605
        min: 710.972717285
        var: 99027.2578125
    spectral_complexity:
        dmean: 2.80419588089
        dmean2: 4.41355133057
        dvar: 4.89405727386
        dvar2: 11.504199028
        max: 35
        mean: 19.8348846436
        min: 7
        var: 23.458770752
    spectral_crest:
        dmean: 1.60046029091
        dmean2: 2.59377527237
        dvar: 1.64423322678
        dvar2: 3.96768712997
        max: 16.5400524139
        mean: 6.93881416321
        min: 2.88173055649
        var: 4.69865512848
    spectral_decrease:
        dmean: 2.76965700374e-10
        dmean2: 4.58680177173e-10
        dvar: 1.24034634253e-19
        dvar2: 3.34453497634e-19
        max: -3.82501447183e-10
        mean: -1.34293942633e-09
        min: -3.85671583558e-09
        var: 2.23872555378e-19
    spectral_energy:
        dmean: 0.00117072637659
        dmean2: 0.00192997558042
        dvar: 1.92772313312e-06
        dvar2: 5.13038821737e-06
        max: 0.0156917478889
        mean: 0.00602146517485
        min: 0.00161283707712
        var: 4.09808853874e-06
    spectral_energyband_high:
        dmean: 5.05861025886e-05
        dmean2: 7.1666763688e-05
        dvar: 1.18063336885e-08
        dvar2: 2.3606325783e-08
        max: 0.00190877041314
        mean: 0.000143013923662
        min: 4.11997189076e-06
        var: 3.45063781992e-08
    spectral_energyband_low:
        dmean: 0.00023643815075
        dmean2: 0.000433559878729
        dvar: 3.82866687687e-07
        dvar2: 1.07324819965e-06
        max: 0.00492489244789
        mean: 0.000240492619923
        min: 2.51871006185e-06
        var: 2.37197127717e-07
    spectral_energyband_middle_high:
        dmean: 0.000758313399274
        dmean2: 0.0011969350744
        dvar: 4.93838683724e-07
        dvar2: 1.30756905037e-06
        max: 0.0110735092312
        mean: 0.00401044124737
        min: 0.000615313241724
        var: 2.10411849366e-06
    spectral_energyband_middle_low:
        dmean: 0.000638851895928
        dmean2: 0.00106307456736
        dvar: 8.88770614438e-07
        dvar2: 2.41030033976e-06
        max: 0.00884115789086
        mean: 0.00162749097217
        min: 0.00036097568227
        var: 1.0614733128e-06
    spectral_flatness_db:
        dmean: 0.0112561667338
        dmean2: 0.0179737955332
        dvar: 8.79309445736e-05
        dvar2: 0.000215722669964
        max: 0.190721094608
        mean: 0.139353647828
        min: 0.0793085768819
        var: 0.000403678510338
    spectral_flux:
        dmean: 0.00730025861412
        dmean2: 0.0115983262658
        dvar: 6.86942003085e-05
        dvar2: 0.000129236228531
        max: 0.10133754462
        mean: 0.0426967255771
        min: 0.0185940042138
        var: 0.000168498329003
    spectral_kurtosis:
        dmean: 1.05648994446
        dmean2: 1.66916537285
        dvar: 1.04066765308
        dvar2: 2.49210453033
        max: 14.1001262665
        mean: 7.08877372742
        min: 0.947252035141
        var: 4.8527712822
    spectral_rms:
        dmean: 0.000226076299441
        dmean2: 0.000366568216123
        dvar: 5.55574004579e-08
        dvar2: 1.42479251508e-07
        max: 0.00391267472878
        mean: 0.00239142589271
        min: 0.00125439208932
        var: 1.5568232925e-07
    spectral_rolloff:
        dmean: 190.787109375
        dmean2: 321.941375732
        dvar: 43114.1367188
        dvar2: 98044.1875
        max: 4952.63671875
        mean: 2760.65698242
        min: 1937.98828125
        var: 116292.625
    spectral_skewness:
        dmean: 0.130711331964
        dmean2: 0.204561769962
        dvar: 0.0165069121867
        dvar2: 0.0352051779628
        max: 2.81372189522
        mean: 2.06823062897
        min: 0.863900542259
        var: 0.0940028503537
    spectral_spread:
        dmean: 324886.6875
        dmean2: 452162.96875
        dvar: 93893558272
        dvar2: 154397491200
        max: 8096882
        mean: 4353338.5
        min: 2808769.25
        var: 763757920256
    spectral_strongpeak:
        dmean: 0.786517560482
        dmean2: 1.31288933754
        dvar: 0.567336976528
        dvar2: 1.40885436535
        max: 5.58081531525
        mean: 1.73114848137
        min: 0.0357775762677
        var: 1.30795872211
    zerocrossingrate:
        dmean: 0.0053858901374
        dmean2: 0.00676748668775
        dvar: 2.47992120421e-05
        dvar2: 3.29917747877e-05
        max: 0.13525390625
        mean: 0.093303732574
        min: 0.04296875
        var: 0.000153077897266
    barkbands:
        dmean: [3.00790702568e-07, 4.1874958697e-05, 0.000205232237931, 0.000165747129358, 0.000244901835686, 0.000156376831001, 0.000155256624566, 0.00021595263388, 7.5178752013e-05, 0.000100563644082, 4.78157999169e-05, 5.56017766939e-05, 4.43894059572e-05, 6.38876081211e-05, 0.000275072001386, 0.00037381099537, 0.000439003662905, 0.000149341663928, 0.000142822813359, 4.34719659097e-05, 2.55638624367e-05, 1.33900075525e-05, 2.77485469269e-06, 9.92329546534e-07, 7.45911847844e-07, 6.89034251877e-08, 7.98088040099e-10]
        dmean2: [4.86578983327e-07, 7.3226125096e-05, 0.000380565878004, 0.000298842642223, 0.000419319228968, 0.000264671602054, 0.000267161027296, 0.0003189391864, 0.000121443830722, 0.000164571669302, 7.73022911744e-05, 8.87253336259e-05, 7.06640275894e-05, 0.000101088189695, 0.000463982316433, 0.000620126433205, 0.000708858948201, 0.000242157868342, 0.000233684884734, 7.22576951375e-05, 4.10345892305e-05, 1.88615777006e-05, 4.09991162087e-06, 1.27634177716e-06, 1.10900396066e-06, 9.75737819431e-08, 1.259336746e-09]
        dvar: [4.33714967153e-13, 6.9908381306e-09, 3.02680120967e-07, 1.75111054546e-07, 1.48358026308e-07, 7.33285645538e-08, 4.3343408862e-08, 6.33473078437e-08, 1.36566651321e-08, 3.21464348474e-08, 1.19495506823e-08, 7.5106090236e-09, 5.64725421981e-09, 7.83455789133e-09, 6.96439528269e-08, 1.69312599496e-07, 1.72160412149e-07, 2.53882799228e-08, 2.32738290862e-08, 7.00024749278e-09, 2.65983413072e-09, 1.44465495122e-09, 3.15303616549e-11, 6.37573067258e-12, 1.40631375902e-12, 6.49418212484e-15, 1.12942268901e-18]
        dvar2: [7.61073875363e-13, 1.94297449241e-08, 8.52479047353e-07, 4.94933260597e-07, 4.05424344763e-07, 1.94769683048e-07, 1.2506892233e-07, 1.34052413614e-07, 3.45591857354e-08, 7.85014151461e-08, 2.55859049503e-08, 1.77771823928e-08, 1.29140937943e-08, 2.04584598151e-08, 1.97377318045e-07, 4.55848095271e-07, 4.49415693993e-07, 6.85842991288e-08, 6.08064212315e-08, 1.39812037503e-08, 6.69108590756e-09, 2.45876230487e-09, 4.50311038458e-11, 1.07836118507e-11, 3.18731976576e-12, 1.1809882228e-14, 2.32423690057e-18]
        max: [1.11047083919e-05, 0.000726970843971, 0.00448748795316, 0.00398637447506, 0.00330840190873, 0.00334098446183, 0.00229405635037, 0.00263142609037, 0.00143935706001, 0.00217896257527, 0.00186930224299, 0.00104710005689, 0.000959754339419, 0.00132648111321, 0.00217798771337, 0.00434050243348, 0.00407662289217, 0.00165139546152, 0.00235817045905, 0.00140557612758, 0.000713194254786, 0.000746053585317, 0.000105479259219, 3.99747477786e-05, 1.59306819114e-05, 9.82165374808e-07, 1.1805241229e-08]
        mean: [9.03824286524e-07, 6.16275137872e-05, 0.000177991838427, 0.000141580996569, 0.000337916833814, 0.000273977813777, 0.000242559050093, 0.000439179188106, 0.000141411626828, 0.000258078449406, 9.71062690951e-05, 0.000109579850687, 8.5862542619e-05, 0.000151584579726, 0.000527591793798, 0.000896267534699, 0.0011169675272, 0.000369994930224, 0.000384569517337, 0.000101761739643, 5.97079306317e-05, 3.30131115334e-05, 7.32957914806e-06, 2.5078188628e-06, 2.18874242819e-06, 2.07052096357e-07, 1.31289812355e-09]
        min: [1.03705344312e-09, 7.61093360779e-07, 3.33647989237e-07, 1.42657904689e-06, 1.54672889039e-05, 1.92431798496e-05, 1.42548979056e-05, 1.30960615934e-05, 4.39409677711e-06, 3.34720652972e-06, 2.79233472611e-06, 1.01554689991e-06, 8.93756805453e-07, 3.38261929755e-06, 4.89084341098e-05, 6.61192461848e-05, 0.000219666049816, 2.81597567664e-05, 1.94996955543e-05, 9.75159855443e-06, 1.4983594383e-06, 6.15263388681e-07, 1.51007597538e-07, 6.65100969854e-08, 1.05405639772e-07, 7.18199677507e-09, 1.3819896616e-11]
        var: [1.21229827392e-12, 5.01104224782e-09, 1.84952341442e-07, 1.1200098271e-07, 1.51735946474e-07, 1.17683811141e-07, 5.10016739952e-08, 1.63996560332e-07, 2.71935327589e-08, 1.80579178277e-07, 4.50085870796e-08, 2.6817248866e-08, 1.20227117151e-08, 2.87323658199e-08, 1.2993930909e-07, 4.37709616108e-07, 3.08889354983e-07, 6.8368308348e-08, 8.39441085532e-08, 1.38692399787e-08, 4.61214844094e-09, 3.9069925073e-09, 1.45182532663e-10, 2.13983882696e-11, 3.67701789156e-12, 2.60208944913e-14, 1.76832313887e-18]
    mfcc:
        mean: [-689.004516602, 116.739189148, -64.8926620483, 44.3000831604, 4.37900876999, -16.8024692535, -21.9841251373, -0.938670873642, 8.96715354919, -4.32539081573, 1.25333583355, -5.57298851013, 3.97817921638]
        cov: [[677.532348633, -215.530654907, 1.73067784309, -155.396087646, -132.53578186, 124.613098145, 96.9949188232, -8.33344173431, -79.4160079956, -13.5380868912, -12.7425365448, 17.0907516479, -97.160987854], [-215.530654907, 426.221954346, -92.842666626, -8.42654514313, 10.9163999557, -35.3376045227, 61.8506889343, 32.4125480652, 15.4047441483, -46.0365867615, 12.6627483368, -19.3800315857, 4.39132404327], [1.73067784309, -92.842666626, 179.269515991, 77.9557571411, 37.6858558655, -7.02298545837, -57.1023483276, -23.9677696228, 1.21732544899, 8.97056102753, -27.1847515106, 10.0354986191, 8.4477930069], [-155.396087646, -8.42654514313, 77.9557571411, 185.527099609, 98.8770751953, -35.3571434021, -76.4283981323, -19.4929885864, 9.56853485107, 13.0589923859, -8.38411045074, -13.3817338943, 25.1712875366], [-132.53578186, 10.9163999557, 37.6858558655, 98.8770751953, 108.797874451, -21.1693191528, -42.1611709595, -14.3511781693, 6.30602788925, 5.97098922729, -4.24763059616, -10.4078454971, 16.6793956757], [124.613098145, -35.3376045227, -7.02298545837, -35.3571434021, -21.1693191528, 67.2613983154, 31.1113624573, 5.42843961716, -16.5396823883, 1.21822369099, 1.34808552265, 1.63425886631, -28.2225284576], [96.9949188232, 61.8506889343, -57.1023483276, -76.4283981323, -42.1611709595, 31.1113624573, 113.052719116, 28.6449699402, -10.5708007812, -16.5023269653, -1.70450258255, 1.46965146065, -31.8881549835], [-8.33344173431, 32.4125480652, -23.9677696228, -19.4929885864, -14.3511781693, 5.42843961716, 28.6449699402, 57.3145294189, 26.4034767151, -3.21288490295, -2.23315119743, -8.92597198486, 2.12138319016], [-79.4160079956, 15.4047441483, 1.21732544899, 9.56853485107, 6.30602788925, -16.5396823883, -10.5708007812, 26.4034767151, 53.9677886963, 16.5561332703, -1.22554469109, -1.90659832954, 14.4060869217], [-13.5380868912, -46.0365867615, 8.97056102753, 13.0589923859, 5.97098922729, 1.21822369099, -16.5023269653, -3.21288490295, 16.5561332703, 48.7196235657, 9.72736263275, 3.77407670021, -0.0994767025113], [-12.7425365448, 12.6627483368, -27.1847515106, -8.38411045074, -4.24763059616, 1.34808552265, -1.70450258255, -2.23315119743, -1.22554469109, 9.72736263275, 43.6154441833, 11.5749740601, 0.438782840967], [17.0907516479, -19.3800315857, 10.0354986191, -13.3817338943, -10.4078454971, 1.63425886631, 1.46965146065, -8.92597198486, -1.90659832954, 3.77407670021, 11.5749740601, 40.778968811, 1.3244355917], [-97.160987854, 4.39132404327, 8.4477930069, 25.1712875366, 16.6793956757, -28.2225284576, -31.8881549835, 2.12138319016, 14.4060869217, -0.0994767025113, 0.438782840967, 1.3244355917, 52.1435241699]]
        icov: [[0.00461445515975, 0.00200128834695, -0.000712552398909, 0.000739423441701, 0.00301970122382, -0.00323258386925, -0.00122649117839, -0.000447912054369, 0.00340278167278, 0.00110255251639, 0.000586850801483, 4.87364850414e-05, 0.00379667500965], [0.00200128834695, 0.00456367013976, 0.000862722867168, -0.000382608734071, 0.000587093469221, 0.00074198708171, -0.00297607760876, 3.22372943629e-05, -0.000521452515386, 0.00412873039022, -0.00163560733199, 0.00122217705939, 0.00191681366414], [-0.000712552398909, 0.000862722867168, 0.00975347682834, -0.00340905436315, -0.000371588190319, -0.000585175643209, 0.0027617441956, 0.00101825408638, -0.0012757210061, 0.00035001715878, 0.00621730089188, -0.00463248603046, 0.000533221289515], [0.000739423441701, -0.000382608734071, -0.00340905436315, 0.0141240237281, -0.00890898890793, 0.00186287262477, 0.00414713984355, -0.00169741699938, 0.00249190581962, -0.00199459237047, -6.44999818178e-05, 0.00240425113589, 0.000854687765241], [0.00301970122382, 0.000587093469221, -0.000371588190319, -0.00890898890793, 0.0204481314868, -0.00290573900566, -0.00104516453575, 0.0029492713511, 0.000510629906785, 0.00088209437672, 0.000223701747018, 0.00205035298131, 0.000872055825312], [-0.00323258386925, 0.00074198708171, -0.000585175643209, 0.00186287262477, -0.00290573900566, 0.0263528134674, -0.00205341540277, -0.00522900372744, 0.00462286733091, -0.00313401175663, -0.00196656445041, 0.000464588287286, 0.00598106253892], [-0.00122649117839, -0.00297607760876, 0.0027617441956, 0.00414713984355, -0.00104516453575, -0.00205341540277, 0.0205463748425, -0.00913504790515, 0.00455990014598, -0.00035615923116, 0.00463766837493, -0.00442453380674, 0.00648837536573], [-0.000447912054369, 3.22372943629e-05, 0.00101825408638, -0.00169741699938, 0.0029492713511, -0.00522900372744, -0.00913504790515, 0.03439309448, -0.0212111137807, 0.00611122278497, -0.00183564447798, 0.00734911952168, -0.00524161709473], [0.00340278167278, -0.000521452515386, -0.0012757210061, 0.00249190581962, 0.000510629906785, 0.00462286733091, 0.00455990014598, -0.0212111137807, 0.0402393676341, -0.0144304065034, 0.00514516700059, -0.00365712260827, 0.000283341389149], [0.00110255251639, 0.00412873039022, 0.00035001715878, -0.00199459237047, 0.00088209437672, -0.00313401175663, -0.00035615923116, 0.00611122278497, -0.0144304065034, 0.0319670327008, -0.00842457916588, 0.00108037260361, 0.00425923243165], [0.000586850801483, -0.00163560733199, 0.00621730089188, -6.44999818178e-05, 0.000223701747018, -0.00196656445041, 0.00463766837493, -0.00183564447798, 0.00514516700059, -0.00842457916588, 0.0326132588089, -0.0112640447915, 0.000604088592809], [4.87364850414e-05, 0.00122217705939, -0.00463248603046, 0.00240425113589, 0.00205035298131, 0.000464588287286, -0.00442453380674, 0.00734911952168, -0.00365712260827, 0.00108037260361, -0.0112640447915, 0.0323260426521, -0.00354524957947], [0.00379667500965, 0.00191681366414, 0.000533221289515, 0.000854687765241, 0.000872055825312, 0.00598106253892, 0.00648837536573, -0.00524161709473, 0.000283341389149, 0.00425923243165, 0.000604088592809, -0.00354524957947, 0.032746206969]]
    spectral_contrast:
        mean: [-4.15911323159e-08, 6.65180905912e-08, 9.20233347301e-08, 1.0274437301e-07, 5.65204523184e-08, -4.93505638133e-07, 1.2798537341e-07, 5.61964361623e-06, -3.19612581734e-07, 3.2574632769e-08, 4.22080574936e-06, 2.04596403819e-06]
        var: [0.000334373529768, 0.000438656134065, 0.00130217976402, 0.00170553300995, 0.0025057324674, 0.00336832203902, 0.0337810814381, 0.0575099103153, 0.0978491082788, 0.128153905272, 0.197666466236, 0.702210664749]

rhythm:
    beats_loudness:
        dmean: 0.00139681436121
        dmean2: 0.00245868042111
        dvar: 9.92574655356e-07
        dvar2: 2.12473810279e-06
        max: 0.00877914763987
        mean: 0.00626835599542
        min: 0.00353276659735
        var: 1.59342187089e-06
    beats_loudness_bass:
        dmean: 0.017880005762
        dmean2: 0.0341573394835
        dvar: 9.72958514467e-05
        dvar2: 0.000143101002323
        max: 0.0557871200144
        mean: 0.0340122357011
        min: 0.00988038629293
        var: 0.000210435202462
    bpm: 161.231872559
    bpm_confidence: 0
    first_peak_bpm: 161
    first_peak_spread: 0
    first_peak_weight: 0.666666686535
    onset_rate: 2.59195971489
    second_peak_bpm: 42
    second_peak_spread: 0
    second_peak_weight: 0.266666680574
    beats_position: [0.0750967860222, 1.50069952011, 2.92630243301, 4.35190486908, 5.77750778198, 6.20796823502, 6.58010387421, 6.95223999023, 7.32437562943, 7.69651126862, 8.06864738464, 8.44078350067, 8.8129196167, 9.18505477905, 9.55719089508, 9.92932701111]
    bpm_estimates: [161.468460083, 160.891662598, 161.058364868, 161.509002686]
    bpm_intervals: [1.42560267448, 1.4256029129, 1.42560243607, 1.4256029129, 0.430460453033, 0.372135639191, 0.372136116028, 0.372135639191, 0.372135639191, 0.372136116028, 0.372136116028, 0.372136116028, 0.372135162354, 0.372136116028, 0.372136116028]
    onset_times: [0.0464399084449, 0.359909296036, 0.824308395386, 1.59056687355, 2.33360552788, 2.70512461662, 3.08825397491, 3.44816327095, 3.78485250473, 4.21442174911, 4.56272125244, 4.94585037231, 5.21287965775, 5.70049905777, 5.79337882996, 6.07201814651, 6.44353723526, 6.66412687302, 7.20979595184, 7.58131504059, 8.3011341095, 8.6958732605, 8.85841274261, 9.07900238037, 9.45052146912, 9.82204055786]
    rubato_start: [6.58010387421]
    rubato_stop: [9.92932701111]
    perceptual_tempo: "unknown"

sfx:
    inharmonicity:
        dmean: 0.0719050392509
        dmean2: 0.124237507582
        dvar: 0.00460668420419
        dvar2: 0.0127752618864
        max: 0.463615387678
        mean: 0.0782204121351
        min: 0
        var: 0.00512157427147
    oddtoevenharmonicenergyratio:
        dmean: 4.71653461456
        dmean2: 8.99402618408
        dvar: 279.367736816
        dvar2: 825.538391113
        max: 191.998046875
        mean: 2.90842580795
        min: 0
        var: 148.984710693
    pitch_after_max_to_before_max_energy_ratio: 0.118591628969
    pitch_centroid: 229.618057251
    pitch_max_to_total: 0.881395339966
    pitch_min_to_total: 0.744186043739
    tristimulus:
        dmean: [0.194118246436, 0.243918552995, 0.147248476744]
        dmean2: [0.332233190536, 0.418306738138, 0.268248647451]
        dvar: [0.029917454347, 0.0446013323963, 0.0165281239897]
        dvar2: [0.0826418176293, 0.12377332896, 0.0453838445246]
        max: [1, 0.946160018444, 0.573229074478]
        mean: [0.284079939127, 0.529118895531, 0.133301690221]
        min: [0.034592717886, 0, 0]
        var: [0.0359138213098, 0.0549525432289, 0.0188938379288]

tonal:
    chords_changes_rate: 0.0277777779847
    chords_number_rate: 0.0138888889924
    chords_strength:
        dmean: 0.00672668311745
        dmean2: 0.00781439803541
        dvar: 2.78192856058e-05
        dvar2: 4.31807347923e-05
        max: 0.689757943153
        mean: 0.581539452076
        min: 0.451646178961
        var: 0.00511965714395
    key_strength: 0.632579147816
    tuning_diatonic_strength: 0.599627256393
    tuning_equal_tempered_deviation: 0.137405022979
    tuning_frequency: 451.586883545
    tuning_nontempered_energy_ratio: 0.801722049713
    hpcp:
        dmean: [0.0714581459761, 0.0651653110981, 0.110313154757, 0.210402518511, 0.183111950755, 0.142939344049, 0.138120874763, 0.114773370326, 0.0949824750423, 0.108065210283, 0.120275646448, 0.147413611412, 0.208407774568, 0.189269557595, 0.165349841118, 0.258379906416, 0.171925783157, 0.110779941082, 0.158530145884, 0.115972042084, 0.0720021799207, 0.0695620700717, 0.0615395531058, 0.0851984173059, 0.121942564845, 0.104767046869, 0.0936416089535, 0.13608302176, 0.156597584486, 0.0994651913643, 0.0856075212359, 0.0832442492247, 0.0829384997487, 0.131645426154, 0.127542510629, 0.0827752128243]
        dmean2: [0.122395969927, 0.111093707383, 0.176163688302, 0.339940458536, 0.295721441507, 0.232472032309, 0.229763418436, 0.181765303016, 0.157394483685, 0.182256966829, 0.198917761445, 0.236526325345, 0.353016257286, 0.312723398209, 0.27016210556, 0.407177686691, 0.276581257582, 0.180889233947, 0.268029600382, 0.193307846785, 0.120693325996, 0.114752389491, 0.100840963423, 0.14632704854, 0.208286076784, 0.180606648326, 0.163607671857, 0.228047326207, 0.255935281515, 0.154315158725, 0.144002884626, 0.135240510106, 0.127304062247, 0.206225022674, 0.198193252087, 0.136301070452]
        dvar: [0.014275226742, 0.0129545368254, 0.00984383746982, 0.0338719449937, 0.0281506702304, 0.0327168293297, 0.0212547611445, 0.0226114820689, 0.0191505253315, 0.0283403489739, 0.0299369506538, 0.0186737552285, 0.0308941751719, 0.0258357599378, 0.0179429333657, 0.0397839955986, 0.0211123451591, 0.0153454355896, 0.0290040355176, 0.0125187505037, 0.00903563853353, 0.00470859883353, 0.00985527131706, 0.0154505334795, 0.0237918179482, 0.0166825596243, 0.0114484773949, 0.0188551191241, 0.0258121937513, 0.011457321234, 0.0157715156674, 0.0172804892063, 0.0103633878753, 0.0163224749267, 0.0147140529007, 0.0119624901563]
        dvar2: [0.0384762138128, 0.0377554185688, 0.0253888759762, 0.0896213799715, 0.0686500146985, 0.0828031003475, 0.0492900982499, 0.0513448417187, 0.0449369214475, 0.0723549574614, 0.0742124319077, 0.0426663905382, 0.0788227394223, 0.0681264922023, 0.0440145842731, 0.0964775905013, 0.0596009418368, 0.0351351127028, 0.0862214639783, 0.0359580107033, 0.0237183533609, 0.0117746125907, 0.0251935590059, 0.0463274233043, 0.0766937211156, 0.0472017675638, 0.0309829153121, 0.0528545975685, 0.0588861145079, 0.0294159073383, 0.0409695021808, 0.0374776907265, 0.0181831438094, 0.0455197617412, 0.0361777096987, 0.0297754760832]
        max: [0.847730278969, 1, 0.873355448246, 1, 1, 1, 1, 1, 1, 1, 1, 1, 1, 1, 1, 1, 1, 1, 1, 0.813318669796, 0.906633734703, 0.492746353149, 0.916806995869, 1, 1, 0.869027853012, 0.798102080822, 1, 1, 0.742795407772, 0.822388887405, 1, 1, 1, 1, 1]
        mean: [0.0996030345559, 0.0922997146845, 0.20147959888, 0.428308159113, 0.413984984159, 0.321811705828, 0.309376567602, 0.202882423997, 0.153587564826, 0.182862639427, 0.193627670407, 0.337383121252, 0.684260427952, 0.607923805714, 0.393409103155, 0.451581537724, 0.31131285429, 0.233961567283, 0.326803535223, 0.236307680607, 0.132776990533, 0.121308840811, 0.0930146053433, 0.12667003274, 0.207466796041, 0.186106711626, 0.169719919562, 0.304954737425, 0.318695008755, 0.194214373827, 0.140942648053, 0.13998618722, 0.169129863381, 0.280136674643, 0.279539495707, 0.150029852986]
        min: [0.00364912627265, 0.00672356272116, 0.0249670296907, 0.0194825846702, 0.0669078975916, 0.0173236485571, 0.0135856792331, 0.00611849548295, 0.00371398869902, 0.00808205641806, 0.0076136556454, 0.0484316907823, 0.118595838547, 0.125460281968, 0.0431209206581, 0.0181404016912, 0.019678959623, 0.0150225516409, 0.0319700054824, 0.0218344759196, 0.00740567268804, 0.00569014344364, 0.00406093196943, 0.0106328735128, 0.0212526917458, 0.015836538747, 0.0101924072951, 0.0212464146316, 0.0352115221322, 0.0136378575116, 0.0055826632306, 0.00157224619761, 0.0171454101801, 0.0158533938229, 0.0215309709311, 0.00846021808684]
        var: [0.0127701088786, 0.010313029401, 0.0214023981243, 0.0745096579194, 0.0591022670269, 0.0892117023468, 0.0662648677826, 0.0494774803519, 0.0325572863221, 0.0540045835078, 0.0546036027372, 0.0394536182284, 0.0669616982341, 0.061788674444, 0.0412393137813, 0.0844999402761, 0.0391440875828, 0.0421045683324, 0.0674504563212, 0.026120647788, 0.0137130459771, 0.0080010984093, 0.00951250642538, 0.0154389552772, 0.0314480289817, 0.0269731562585, 0.0280364304781, 0.062405962497, 0.047311887145, 0.0195010509342, 0.0213893204927, 0.0362686812878, 0.0353146605194, 0.0480607673526, 0.0476329624653, 0.0160233136266]
    chords_histogram: [94.907409668, 2.31481480598, 0, 0, 0, 0, 0, 0, 0, 0, 0, 0, 0, 0, 0, 0, 0, 0, 0, 0, 0, 0, 2.77777767181, 0]
    thpcp: [1, 0.888439238071, 0.574940621853, 0.65995568037, 0.454962521791, 0.341918885708, 0.477601110935, 0.345347583294, 0.194044530392, 0.177284613252, 0.135934501886, 0.185119628906, 0.303198575974, 0.2719822824, 0.248034104705, 0.445670574903, 0.465751051903, 0.283831089735, 0.20597808063, 0.204580277205, 0.247171774507, 0.409400671721, 0.408527940512, 0.219258412719, 0.145563051105, 0.134889751673, 0.294448703527, 0.625943183899, 0.605010867119, 0.470305889845, 0.452132791281, 0.296498835087, 0.224457755685, 0.267241299152, 0.282973647118, 0.493062436581]
    chords_key: "F#"
    chords_scale: "major"
    key_key: "F#"
    key_scale: "major"
    chords_progression: ["F#", "F#", "F#", "F#", "F#", "F#", "F#", "F#", "F#", "F#", "F#", "F#", "F#", "F#", "F#", "F#", "F#", "F#", "F#", "F#", "F#", "F#", "F#", "F#", "F#", "F#", "F#", "F#", "F#", "F#", "F#", "F#", "F#", "F#", "F#", "F#", "F#", "F#", "F#", "F#", "F#", "F#", "F#", "F#", "F#", "F#", "F#", "F#", "F#", "F#", "F#", "F#", "F#", "F#", "F#", "F#", "F#", "F#", "F#", "F#", "F#", "F#", "F#", "F#", "F#", "F#", "F#", "F#", "F#", "F#", "F#", "F#", "F#", "F#", "F#", "F#", "F#", "F#", "F#", "F#", "F#", "F#", "F#", "F#", "F#", "F#", "F#", "F#", "F#", "F#", "F#", "F#", "F#", "F#", "F#", "F#", "F#", "F#", "F#", "F#", "F#", "F#", "F#", "B", "B", "B", "B", "B", "B", "F#", "F#", "F#", "F#", "F#", "F#", "F#", "F#", "F#", "F#", "F#", "F#", "F#", "F#", "F#", "F#", "F#", "F#", "F#", "F#", "F#", "F#", "F#", "F#", "F#", "F#", "F#", "F#", "F#", "F#", "F#", "F#", "F#", "F#", "F#", "F#", "F#", "F#", "F#", "F#", "F#", "F#", "F#", "F#", "F#", "F#", "F#", "F#", "F#", "F#", "F#", "F#", "F#", "F#", "F#", "F#", "F#", "F#", "F#", "F#", "F#", "F#", "F#", "F#", "F#", "F#", "F#", "F#", "F#", "A#m", "A#m", "F#", "A#m", "A#m", "A#m", "F#", "F#", "F#", "F#", "F#", "F#", "F#", "F#", "F#", "F#", "F#", "F#", "F#", "F#", "F#", "F#", "F#", "F#", "F#", "F#", "F#", "F#", "F#", "F#", "F#", "F#", "F#", "F#", "F#", "F#", "F#", "F#"]
