
metadata:
    version:
        essentia: "1.2.2"
    audio_properties:
        analysis_sample_rate: 44100
        bitrate: 128
        channels: 2
        equal_loudness: 1
        length: 9.97877597809
        replay_gain: -4.26807403564
        downmix: "mix"
    tags:
        track: 20
        year: 0
        album: "Splitted by Mp3Splt v. 2.1"
        artist: "From 003.10 To 003.20"
        comment: "http://mp3splt.sf.net"
        genre: ""
        title: "06 Reach for Love.mp3"

highlevel:
    ballroom:
        all:
            ChaChaCha: 0.476211756468
            Jive: 0.302823096514
            Quickstep: 0.0251667555422
            Rumba-American: 0.000915262848139
            Rumba-International: 0.00246046599932
            Rumba-Misc: 0.0011714939028
            Samba: 0.187398895621
            Tango: 0.00166148284916
            VienneseWaltz: 0.00128190615214
            Waltz: 0.000908881833311
        probability: 0.476211756468
        value: "ChaChaCha"
    culture:
        all:
            non_western: 0.0565907917917
            western: 0.943409204483
        probability: 0.943409204483
        value: "western"
    gender:
        all:
            female: 0.043659504503
            male: 0.956340491772
        probability: 0.956340491772
        value: "male"
    genre_dortmund:
        all:
            alternative: 0.038182195276
            blues: 0.00859888736159
            electronic: 0.475439280272
            folkcountry: 0.0147072067484
            funksoulrnb: 0.0372760556638
            jazz: 0.143270730972
            pop: 0.0430095456541
            raphiphop: 0.095841139555
            rock: 0.143674954772
        probability: 0.475439280272
        value: "electronic"
    genre_electronica:
        all:
            ambient: 0.0320221744478
            dnb: 0.554362535477
            house: 0.0363585203886
            techno: 0.230496391654
            trance: 0.146760389209
        probability: 0.554362535477
        value: "dnb"
    genre_rosamerica:
        all:
            cla: 0.0139903649688
            dan: 0.426052063704
            hip: 0.188741341233
            jaz: 0.017832973972
            pop: 0.189267590642
            rhy: 0.0172114670277
            roc: 0.138301581144
            spe: 0.0086026173085
        probability: 0.426052063704
        value: "dan"
    genre_tzanetakis:
        all:
            blu: 0.00276390905492
            cla: 0.00359851401299
            cou: 0.00892330240458
            dis: 0.319928973913
            hip: 0.0868202596903
            jaz: 0.0496036112309
            met: 0.0850998386741
            pop: 0.295377105474
            reg: 0.0713057145476
            roc: 0.0765787884593
        probability: 0.319928973913
        value: "dis"
    live_studio:
        all:
            live: 0.0285037141293
            studio: 0.971496284008
        probability: 0.971496284008
        value: "studio"
    mood:
        all:
            Cluster1: 0.160266175866
            Cluster2: 0.15207131207
            Cluster3: 0.00656270934269
            Cluster4: 0.0656079351902
            Cluster5: 0.615491867065
        probability: 0.615491867065
        value: "Cluster5"
    mood_acoustic:
        all:
            acoustic: 0.00405861390755
            not_acoustic: 0.995941400528
        probability: 0.995941400528
        value: "not_acoustic"
    mood_aggressive:
        all:
            aggressive: 0.968052625656
            not_aggressive: 0.0319473817945
        probability: 0.968052625656
        value: "aggressive"
    mood_electronic:
        all:
            electronic: 0.952125906944
            not_electronic: 0.0478741005063
        probability: 0.952125906944
        value: "electronic"
    mood_happy:
        all:
            happy: 0.309234946966
            not_happy: 0.690765023232
        probability: 0.690765023232
        value: "not_happy"
    mood_party:
        all:
            not_party: 0.0593408644199
            party: 0.940659105778
        probability: 0.940659105778
        value: "party"
    mood_relaxed:
        all:
            not_relaxed: 0.968352973461
            relaxed: 0.0316469967365
        probability: 0.968352973461
        value: "not_relaxed"
    mood_sad:
        all:
            not_sad: 0.994409143925
            sad: 0.00559083139524
        probability: 0.994409143925
        value: "not_sad"
    rhythm:
        all:
            fast: 0.931018948555
            medium: 0.0566458888352
            slow: 0.0123351812363
        probability: 0.931018948555
        value: "fast"
    speech_music:
        all:
            music: 0.99993211031
            speech: 6.78892320138e-05
        probability: 0.99993211031
        value: "music"
    timbre:
        all:
            bright: 0.0638758540154
            dark: 0.936124145985
        probability: 0.936124145985
        value: "dark"
    voice_instrumental:
        all:
            instrumental: 0.683911800385
            voice: 0.316088169813
        probability: 0.683911800385
        value: "instrumental"

lowlevel:
    average_loudness: 0.98224812746
    barkbands_kurtosis:
        dmean: 1.38795185089
        dmean2: 2.07273387909
        dvar: 2.20825624466
        dvar2: 5.05912446976
        max: 9.61827087402
        mean: 0.481993168592
        min: -1.92765855789
        var: 5.09803724289
    barkbands_skewness:
        dmean: 0.621975183487
        dmean2: 0.865191280842
        dvar: 0.344874441624
        dvar2: 0.687974095345
        max: 3.08145308495
        mean: -0.0244868788868
        min: -2.55536699295
        var: 1.48132789135
    barkbands_spread:
        dmean: 8.46897792816
        dmean2: 12.3084869385
        dvar: 62.8091392517
        dvar2: 143.711898804
        max: 65.6522140503
        mean: 31.4873847961
        min: 5.04370355606
        var: 166.316680908
    dissonance:
        dmean: 0.0106730218977
        dmean2: 0.0178000088781
        dvar: 0.000131632070406
        dvar2: 0.000273283425486
        max: 0.499802738428
        mean: 0.484147191048
        min: 0.334762275219
        var: 0.000197281231522
    hfc:
        dmean: 7.08067750931
        dmean2: 10.553358078
        dvar: 88.4490890503
        dvar2: 210.973312378
        max: 74.1186752319
        mean: 9.08017539978
        min: 0.0911802947521
        var: 131.926696777
    pitch:
        dmean: 999.629089355
        dmean2: 1928.14562988
        dvar: 2237238
        dvar2: 5511485.5
        max: 4900
        mean: 1555.31335449
        min: 61.764705658
        var: 2963273.75
    pitch_instantaneous_confidence:
        dmean: 0.101559266448
        dmean2: 0.166895925999
        dvar: 0.00779890827835
        dvar2: 0.0184866338968
        max: 0.800757288933
        mean: 0.365649312735
        min: 0.147435963154
        var: 0.0139259863645
    pitch_salience:
        dmean: 0.0714989453554
        dmean2: 0.110274888575
        dvar: 0.00428812811151
        dvar2: 0.00995822809637
        max: 0.858823537827
        mean: 0.655608355999
        min: 0.294663667679
        var: 0.0120658874512
    silence_rate_20dB:
        dmean: 0
        dmean2: 0
        dvar: 0
        dvar2: 0
        max: 1
        mean: 1
        min: 1
        var: 0
    silence_rate_30dB:
        dmean: 0
        dmean2: 0
        dvar: 0
        dvar2: 0
        max: 1
        mean: 1
        min: 1
        var: 0
    silence_rate_60dB:
        dmean: 0.2883720994
        dmean2: 0.578088581562
        dvar: 0.205213502049
        dvar2: 0.281197369099
        max: 1
        mean: 0.505800485611
        min: 0
        var: 0.249966338277
    spectral_centroid:
        dmean: 503.329803467
        dmean2: 699.054992676
        dvar: 249174.625
        dvar2: 498332.1875
        max: 3720.05737305
        mean: 1900.92736816
        min: 348.113311768
        var: 876988.9375
    spectral_complexity:
        dmean: 7.16083908081
        dmean2: 9.99299049377
        dvar: 46.4939041138
        dvar2: 99.3807067871
        max: 52
        mean: 13.7465114594
        min: 0
        var: 111.524108887
    spectral_crest:
        dmean: 2.2086315155
        dmean2: 3.67143583298
        dvar: 4.71663379669
        dvar2: 10.7544879913
        max: 19.2361335754
        mean: 6.66839742661
        min: 2.59285068512
        var: 7.89149093628
    spectral_decrease:
        dmean: 5.19132070664e-10
        dmean2: 7.35462024615e-10
        dvar: 3.62215617696e-19
        dvar2: 8.07289296965e-19
        max: -6.18468600985e-12
        mean: -8.60444160367e-10
        min: -4.79417661126e-09
        var: 5.69548645027e-19
    spectral_energy:
        dmean: 0.0025798426941
        dmean2: 0.00367130688392
        dvar: 9.22656090552e-06
        dvar2: 2.1000902052e-05
        max: 0.0248170904815
        mean: 0.00407111411914
        min: 3.1612773455e-05
        var: 1.44648884088e-05
    spectral_energyband_high:
        dmean: 0.000694226007909
        dmean2: 0.00110299163498
        dvar: 1.38675545713e-06
        dvar2: 3.68301039089e-06
        max: 0.01064823661
        mean: 0.000754692126065
        min: 6.19959018877e-06
        var: 1.42723877161e-06
    spectral_energyband_low:
        dmean: 0.000275401864201
        dmean2: 0.000380443641916
        dvar: 2.33840751207e-07
        dvar2: 4.54751386769e-07
        max: 0.00347967189737
        mean: 0.000401871366194
        min: 1.41557805478e-07
        var: 3.99159148401e-07
    spectral_energyband_middle_high:
        dmean: 0.00129353569355
        dmean2: 0.00194341468159
        dvar: 2.4970299819e-06
        dvar2: 5.30598526893e-06
        max: 0.0137240421027
        mean: 0.00182373414282
        min: 1.85805274668e-05
        var: 4.45142177341e-06
    spectral_energyband_middle_low:
        dmean: 0.000687191961333
        dmean2: 0.00103810767177
        dvar: 1.12010104658e-06
        dvar2: 2.73955242847e-06
        max: 0.00752458488569
        mean: 0.00109080516268
        min: 6.66258983983e-06
        var: 1.34828235332e-06
    spectral_flatness_db:
        dmean: 0.019682392478
        dmean2: 0.0305003095418
        dvar: 0.00031146328547
        dvar2: 0.000704243662767
        max: 0.228191629052
        mean: 0.13460431993
        min: 0.0804556533694
        var: 0.000855855410919
    spectral_flux:
        dmean: 0.016137663275
        dmean2: 0.0229468885809
        dvar: 0.00027200448676
        dvar2: 0.000543058500625
        max: 0.14111623168
        mean: 0.0415923409164
        min: 0.00562252383679
        var: 0.000479426031234
    spectral_kurtosis:
        dmean: 0.965579926968
        dmean2: 1.54458355904
        dvar: 1.06176674366
        dvar2: 2.54349660873
        max: 8.7708272934
        mean: 2.98451781273
        min: 0.300604581833
        var: 1.6971102953
    spectral_rms:
        dmean: 0.00060392182786
        dmean2: 0.00080557691399
        dvar: 3.18342785022e-07
        dvar2: 7.12579833362e-07
        max: 0.00492054829374
        mean: 0.00182398478501
        min: 0.000175618130015
        var: 6.44896374524e-07
    spectral_rolloff:
        dmean: 818.964172363
        dmean2: 1242.78747559
        dvar: 934145.5
        dvar2: 1650688.75
        max: 5167.96875
        mean: 3347.2109375
        min: 172.265625
        var: 1719074.875
    spectral_skewness:
        dmean: 0.235409766436
        dmean2: 0.349666208029
        dvar: 0.0627173185349
        dvar2: 0.159684896469
        max: 2.58396100998
        mean: 1.31125974655
        min: 0.183303952217
        var: 0.100963391364
    spectral_spread:
        dmean: 670509.375
        dmean2: 999081.25
        dvar: 460312707072
        dvar2: 1.10176029901e+12
        max: 11794133
        mean: 5170225.5
        min: 2760010.5
        var: 1.06161635328e+12
    spectral_strongpeak:
        dmean: 0.598501443863
        dmean2: 1.06043887138
        dvar: 1.0470457077
        dvar2: 2.69613194466
        max: 6.71274375916
        mean: 0.645988225937
        min: 0.0202291309834
        var: 0.978943586349
    zerocrossingrate:
        dmean: 0.0160427130759
        dmean2: 0.0169803220779
        dvar: 0.000160194511409
        dvar2: 0.000252514437307
        max: 0.1689453125
        mean: 0.10344748944
        min: 0.02490234375
        var: 0.0012375889346
    barkbands:
        dmean: [3.24329704426e-07, 0.000197052955627, 0.000101393619843, 0.000294403318549, 0.000160589552252, 0.000118145129818, 0.000110170891276, 7.56138251745e-05, 8.43064117362e-05, 5.96642639721e-05, 5.63429530303e-05, 4.6206641855e-05, 5.35212966497e-05, 3.97013209295e-05, 5.72295612074e-05, 8.56052793097e-05, 0.000160537063493, 0.000258474115981, 0.000425315200118, 0.000449983490398, 0.000416711904109, 0.000105336730485, 1.53145156219e-05, 5.17195894645e-06, 3.39097800861e-06, 1.71977916352e-07, 7.14229453358e-10]
        dmean2: [4.78759034195e-07, 0.000269027368631, 0.00016275580856, 0.000492140592542, 0.000264167843852, 0.000193957952433, 0.000167960126419, 0.00010429284157, 0.000129229141749, 9.46713698795e-05, 8.69898722158e-05, 7.20227326383e-05, 8.28041884233e-05, 6.27953122603e-05, 8.84770124685e-05, 0.000137910756166, 0.000238301261561, 0.000413740548538, 0.000675342220347, 0.000712960376404, 0.000675449497066, 0.000169468155946, 2.39951368712e-05, 7.69082907937e-06, 5.1178853937e-06, 2.73689266805e-07, 1.005955097e-09]
        dvar: [3.59660489325e-13, 1.85950824516e-07, 4.43124292815e-08, 5.28686314283e-07, 9.83659091958e-08, 6.83212846297e-08, 1.9482914837e-08, 9.26382437427e-09, 1.29666473114e-08, 5.50042367209e-09, 5.53112400326e-09, 3.88345799962e-09, 5.79870729212e-09, 3.51494899853e-09, 6.02106142722e-09, 1.89427069586e-08, 4.29251016953e-08, 1.65371730532e-07, 4.79886466564e-07, 3.80821205681e-07, 6.3878093215e-07, 3.54351783471e-08, 6.75405176231e-10, 8.04685415523e-11, 2.06098835914e-11, 8.2211872672e-14, 3.64055190864e-17]
        dvar2: [8.23706608564e-13, 3.3267738786e-07, 1.20444155982e-07, 1.39356950513e-06, 2.46592946951e-07, 1.77860030703e-07, 4.43061694e-08, 1.7122458118e-08, 2.8716909739e-08, 1.46792400457e-08, 1.31051303143e-08, 9.40863031929e-09, 1.42175826667e-08, 8.56612025757e-09, 1.39863507442e-08, 4.7328246211e-08, 9.2726480716e-08, 4.19424424081e-07, 1.20437755413e-06, 9.15932105272e-07, 1.7660257754e-06, 9.50256620058e-08, 1.60595237109e-09, 1.90880394824e-10, 4.51055061357e-11, 2.12446135987e-13, 3.62828713626e-17]
        max: [7.93436811364e-06, 0.00287450873293, 0.00193685735576, 0.00512282457203, 0.00251406128518, 0.00259652780369, 0.00127601926215, 0.00103784073144, 0.00108171266038, 0.000599390128627, 0.000627718807664, 0.000581687898375, 0.00076939817518, 0.000649202906061, 0.000670447829179, 0.00139150500763, 0.00219471938908, 0.00381348887458, 0.00695317424834, 0.005167321302, 0.00785546284169, 0.00191333540715, 0.000311373034492, 9.2051930551e-05, 3.09792922053e-05, 2.51996266343e-06, 1.26383937982e-07]
        mean: [6.12009671386e-07, 0.000251189572737, 0.000150082341861, 0.000322905689245, 0.000196606721147, 0.000151716099936, 0.000139995783684, 0.000124553131172, 0.000137683120556, 9.53621565714e-05, 7.92460996308e-05, 6.33663803455e-05, 6.66747728246e-05, 5.09254277858e-05, 7.57521411288e-05, 0.000104563143395, 0.000206726064789, 0.000306575209834, 0.000500660389662, 0.000509049044922, 0.000406011822633, 0.000104464619653, 1.65400651895e-05, 5.98936048846e-06, 3.71219221051e-06, 1.52282154886e-07, 6.51975973209e-10]
        min: [4.6532264153e-11, 3.09037311297e-08, 3.31711333956e-08, 2.5248965585e-07, 3.42392524999e-07, 9.99733174467e-07, 8.98071618849e-07, 9.96114749796e-07, 4.96615768952e-07, 4.3113823267e-07, 2.51799406215e-07, 5.74071279402e-08, 2.29438299471e-07, 3.58426852642e-08, 3.07832465296e-07, 4.56668800553e-07, 1.35278719426e-06, 6.91990749146e-07, 2.69420138466e-06, 4.67263271275e-06, 2.34040203395e-06, 9.95519144453e-07, 8.31949975577e-08, 3.56002658464e-08, 2.33250414539e-08, 1.47553691487e-10, 3.47151845573e-14]
        var: [7.45299275854e-13, 2.95685140372e-07, 5.04578423488e-08, 4.42363784714e-07, 1.00557407734e-07, 6.78011531363e-08, 2.45718254632e-08, 2.13742534783e-08, 2.57358614419e-08, 7.39183469989e-09, 7.35667704532e-09, 5.00397101533e-09, 6.44429443142e-09, 4.82502748866e-09, 8.06747380011e-09, 2.55450771647e-08, 7.18705237546e-08, 2.2334803873e-07, 5.61480192118e-07, 5.18724732501e-07, 5.49351568679e-07, 3.10269321346e-08, 8.33022928415e-10, 1.05322285615e-10, 2.8276101946e-11, 7.36148677281e-14, 3.74761191009e-17]
    mfcc:
        mean: [-711.430480957, 88.959564209, -37.7251052856, 51.2472839355, -23.9803371429, -3.53571629524, 5.98514413834, -2.30457639694, 3.38996434212, -2.70555615425, 0.173365369439, -0.222768485546, -0.985316634178]
        cov: [[3326.97875977, -911.424743652, -384.929595947, 19.946849823, -30.6354446411, 101.691558838, -47.6540412903, -6.53360080719, -46.0932731628, 4.53457784653, 70.1903152466, 38.4209136963, 41.4624900818], [-911.424743652, 1382.99743652, 639.173828125, -16.5778751373, -2.6427257061, 27.4865245819, 177.951721191, 78.4911193848, 158.506027222, 57.4942321777, 13.8132343292, -15.6998519897, -59.8203430176], [-384.929595947, 639.173828125, 653.063110352, 108.984733582, 44.0667648315, 47.4766616821, 111.637207031, 61.8904914856, 95.5971755981, 17.7179279327, 22.9415683746, -9.96613407135, -47.1341056824], [19.946849823, -16.5778751373, 108.984733582, 200.408905029, 63.954826355, 18.6413440704, -3.59058880806, 0.369740724564, -0.304834097624, -4.26547145844, 3.45877528191, 3.4438393116, -9.88892650604], [-30.6354446411, -2.6427257061, 44.0667648315, 63.954826355, 134.098587036, 41.490901947, 28.3495731354, 17.4502029419, 10.9864673615, 9.69745159149, 12.4536066055, 18.2125549316, 16.872800827], [101.691558838, 27.4865245819, 47.4766616821, 18.6413440704, 41.490901947, 83.6387252808, 42.8106193542, 31.7343635559, 22.4747409821, 17.0015563965, 9.8699464798, 7.55266141891, 2.09296298027], [-47.6540412903, 177.951721191, 111.637207031, -3.59058880806, 28.3495731354, 42.8106193542, 91.7946166992, 45.3502426147, 45.6026420593, 26.4621639252, 17.0233306885, 6.62075281143, -2.94492173195], [-6.53360080719, 78.4911193848, 61.8904914856, 0.369740724564, 17.4502029419, 31.7343635559, 45.3502426147, 75.6539001465, 35.9317054749, 26.6053791046, 27.5463428497, 6.83038139343, 1.47498953342], [-46.0932731628, 158.506027222, 95.5971755981, -0.304834097624, 10.9864673615, 22.4747409821, 45.6026420593, 35.9317054749, 79.2865753174, 31.9681663513, 21.22706604, 10.8622951508, 1.12337338924], [4.53457784653, 57.4942321777, 17.7179279327, -4.26547145844, 9.69745159149, 17.0015563965, 26.4621639252, 26.6053791046, 31.9681663513, 54.8824081421, 27.2322902679, 16.1104488373, 10.2189226151], [70.1903152466, 13.8132343292, 22.9415683746, 3.45877528191, 12.4536066055, 9.8699464798, 17.0233306885, 27.5463428497, 21.22706604, 27.2322902679, 61.0792312622, 18.1838722229, 11.4592142105], [38.4209136963, -15.6998519897, -9.96613407135, 3.4438393116, 18.2125549316, 7.55266141891, 6.62075281143, 6.83038139343, 10.8622951508, 16.1104488373, 18.1838722229, 46.5671806335, 25.070980072], [41.4624900818, -59.8203430176, -47.1341056824, -9.88892650604, 16.872800827, 2.09296298027, -2.94492173195, 1.47498953342, 1.12337338924, 10.2189226151, 11.4592142105, 25.070980072, 49.214969635]]
        icov: [[0.000424302299507, 0.000300414976664, 4.67132013e-05, -9.69398679445e-05, 0.000434375921031, -0.000750716775656, -0.000177234935109, 0.000254827813478, -0.00016058224719, 0.000153184839291, -0.00059187709121, -0.000110680812213, 6.37622142676e-05], [0.000300414976664, 0.00201645912603, -0.00149447028525, 0.000745260331314, 0.000388021580875, 0.000587289745454, -0.00175913400017, 0.000630051421467, -0.00131592317484, -0.000912857998628, 0.000473334628623, 7.31578393243e-06, 0.000739853188861], [4.67132013e-05, -0.00149447028525, 0.00391959771514, -0.00213493197225, 9.63148922892e-05, -0.000571037409827, -0.00122005492449, -0.000446475663921, -0.00124441483058, 0.00218232860789, -0.00125695415772, 0.000125873513753, 0.00120447995141], [-9.69398679445e-05, 0.000745260331314, -0.00213493197225, 0.00755508383736, -0.00361487898044, -0.00021277734777, 0.00259793107398, 0.000357803190127, 0.00025432696566, -0.000667218351737, 0.000220006477321, -0.000846599519718, 0.00236681220122], [0.000434375921031, 0.000388021580875, 9.63148922892e-05, -0.00361487898044, 0.0118701374158, -0.00442858086899, -0.00303203915246, 0.00041230590432, 0.000608167785686, 0.00108387437649, -0.000973684713244, -0.00157747941557, -0.00381204695441], [-0.000750716775656, 0.000587289745454, -0.000571037409827, -0.00021277734777, -0.00442858086899, 0.020352685824, -0.00677369860932, -0.00386424316093, -0.000360867736163, -0.00227001379244, 0.00322858546861, -0.000242208130658, 0.000971120374743], [-0.000177234935109, -0.00175913400017, -0.00122005492449, 0.00259793107398, -0.00303203915246, -0.00677369860932, 0.0256398227066, -0.00672920700163, -0.00368916685693, -0.00229913461953, 0.000768003519624, -0.00048847583821, 0.00105973589234], [0.000254827813478, 0.000630051421467, -0.000446475663921, 0.000357803190127, 0.00041230590432, -0.00386424316093, -0.00672920700163, 0.0234437547624, -0.00371265178546, -0.0027283532545, -0.00661611091346, 0.0021420752164, 0.000213672086829], [-0.00016058224719, -0.00131592317484, -0.00124441483058, 0.00025432696566, 0.000608167785686, -0.000360867736163, -0.00368916685693, -0.00371265178546, 0.0239695031196, -0.00749707873911, -0.000669673958328, -0.00207320065238, -0.00068593188189], [0.000153184839291, -0.000912857998628, 0.00218232860789, -0.000667218351737, 0.00108387437649, -0.00227001379244, -0.00229913461953, -0.0027283532545, -0.00749707873911, 0.0315365456045, -0.0086372224614, -0.00398610346019, -0.00194888876285], [-0.00059187709121, 0.000473334628623, -0.00125695415772, 0.000220006477321, -0.000973684713244, 0.00322858546861, 0.000768003519624, -0.00661611091346, -0.000669673958328, -0.0086372224614, 0.0256969649345, -0.00517072482035, -0.00118538411334], [-0.000110680812213, 7.31578393243e-06, 0.000125873513753, -0.000846599519718, -0.00157747941557, -0.000242208130658, -0.00048847583821, 0.0021420752164, -0.00207320065238, -0.00398610346019, -0.00517072482035, 0.0338371694088, -0.0146480398253], [6.37622142676e-05, 0.000739853188861, 0.00120447995141, 0.00236681220122, -0.00381204695441, 0.000971120374743, 0.00105973589234, 0.000213672086829, -0.00068593188189, -0.00194888876285, -0.00118538411334, -0.0146480398253, 0.0322746373713]]
    spectral_contrast:
        mean: [2.11609489043e-07, 4.14720098263e-08, 1.64579859074e-07, 3.45932207324e-08, -1.83492208095e-08, -6.32086454289e-08, -1.14887950531e-06, 9.36278070185e-07, -2.65684229817e-06, -5.47946910956e-07, 2.0809645207e-07, 4.24994965442e-07]
        var: [0.000294378201943, 0.000616327568423, 0.000901212741155, 0.00122413039207, 0.00250369939022, 0.00576337939128, 0.0464665256441, 0.100626833737, 0.127871334553, 0.281227588654, 1.00092434883, 1.74708509445]

rhythm:
    beats_loudness:
        dmean: 0.00471978075802
        dmean2: 0.00824997574091
        dvar: 1.1650754459e-05
        dvar2: 2.68651729129e-05
        max: 0.0168491564691
        mean: 0.00658822664991
        min: 0.00133684906177
        var: 1.73724474735e-05
    beats_loudness_bass:
        dmean: 0.152488842607
        dmean2: 0.238940358162
        dvar: 0.0117984646931
        dvar2: 0.0366621054709
        max: 0.606490910053
        mean: 0.195891410112
        min: 0.00399886025116
        var: 0.0281628277153
    bpm: 113.988594055
    bpm_confidence: 0
    first_peak_bpm: 114
    first_peak_spread: 0
    first_peak_weight: 0.941176474094
    onset_rate: 7.21531438828
    second_peak_bpm: 72
    second_peak_spread: 0
    second_peak_weight: 0.0588235296309
    beats_position: [0.176629155874, 0.703764140606, 1.23089921474, 1.75803422928, 2.28516936302, 2.81230425835, 3.33943939209, 3.86657452583, 4.39370965958, 4.9208445549, 5.44797945023, 6.27696323395, 6.8025727272, 7.32818222046, 7.85379171371, 8.37940120697, 8.90501022339, 9.43062019348]
    bpm_estimates: [113.876197815, 113.763656616, 113.840744019, 113.685348511, 113.844543457, 113.768997192, 113.691696167, 113.856399536, 114.062431335, 113.679695129, 113.982688904, 114.168060303, 114.153282166, 114.132034302, 114.487609863, 113.618766785, 113.787406921, 113.857727051, 114.022712708, 114.552864075, 114.082206726, 114.833847046]
    bpm_intervals: [0.527135014534, 0.527135074139, 0.527135014534, 0.527135133743, 0.527134895325, 0.527135133743, 0.527135133743, 0.527135133743, 0.527134895325, 0.527134895325, 0.828983783722, 0.525609493256, 0.525609493256, 0.525609493256, 0.525609493256, 0.525609016418, 0.525609970093]
    onset_times: [0.0348299331963, 0.174149662256, 0.301859408617, 0.441179126501, 0.580498874187, 0.708208620548, 0.835918366909, 0.96362811327, 1.10294783115, 1.23065757751, 1.35836732388, 1.49768710136, 1.63700675964, 1.764716506, 1.90403628349, 2.03174614906, 2.17106580734, 2.29877543449, 2.42648530006, 2.56580495834, 2.84444451332, 2.96054410934, 3.08825397491, 3.22757363319, 3.35528349876, 3.48299312592, 3.62231302261, 3.75002264977, 3.88934230804, 4.01705217361, 4.14476203918, 4.29569149017, 4.41179132462, 4.55111122131, 4.67882108688, 4.841360569, 4.94585037231, 5.08517026901, 5.21287965775, 5.35219955444, 5.47990942001, 5.60761928558, 5.74693870544, 5.87464857101, 6.01396846771, 6.14167785645, 6.26938772202, 6.42031764984, 6.53641700745, 6.66412687302, 6.80344676971, 7.0936961174, 7.20979595184, 7.32589578629, 7.47682523727, 7.59292507172, 7.73224496841, 7.87156438828, 7.99927425385, 8.12698459625, 8.26630401611, 8.39401340485, 8.53333377838, 8.66104316711, 8.78875255585, 8.90485286713, 9.2067117691, 9.32281208038, 9.45052146912, 9.6014509201, 9.70594120026, 9.84526062012]
    rubato_start: []
    rubato_stop: []
    perceptual_tempo: "unknown"

sfx:
    inharmonicity:
        dmean: 0.0571739338338
        dmean2: 0.101185888052
        dvar: 0.00390319968574
        dvar2: 0.0115421032533
        max: 0.359938651323
        mean: 0.064038798213
        min: 2.17403157876e-06
        var: 0.00440495973453
    oddtoevenharmonicenergyratio:
        dmean: 2.46034860611
        dmean2: 4.64481544495
        dvar: 40.9694480896
        dvar2: 121.686698914
        max: 73.5172805786
        mean: 1.73928534985
        min: 4.705309766e-05
        var: 24.7287921906
    pitch_after_max_to_before_max_energy_ratio: 0.922889947891
    pitch_centroid: 210.683914185
    pitch_max_to_total: 0.493023246527
    pitch_min_to_total: 0.339534878731
    tristimulus:
        dmean: [0.187917470932, 0.251835763454, 0.175576299429]
        dmean2: [0.323471844196, 0.434114962816, 0.31409689784]
        dvar: [0.0320010669529, 0.0386291481555, 0.0264065023512]
        dvar2: [0.0827994272113, 0.11492587626, 0.0733320116997]
        max: [0.993187248707, 0.970750212669, 0.812447309494]
        mean: [0.320851892233, 0.446891248226, 0.176508903503]
        min: [0.0169720798731, 0, 0]
        var: [0.0545844174922, 0.0585515759885, 0.0310032982379]

tonal:
    chords_changes_rate: 0.101851850748
    chords_number_rate: 0.0185185186565
    chords_strength:
        dmean: 0.0110160382465
        dmean2: 0.0136724198237
        dvar: 8.30748249427e-05
        dvar2: 0.000115901893878
        max: 0.542382776737
        mean: 0.384001404047
        min: 0.270306378603
        var: 0.005341575481
    key_strength: 0.588582277298
    tuning_diatonic_strength: 0.483797520399
    tuning_equal_tempered_deviation: 0.0988731756806
    tuning_frequency: 439.745910645
    tuning_nontempered_energy_ratio: 0.715414345264
    hpcp:
        dmean: [0.232008829713, 0.177384972572, 0.132400855422, 0.118510819972, 0.125387266278, 0.183737188578, 0.272299677134, 0.192533165216, 0.1863027215, 0.173954188824, 0.154993459582, 0.174594312906, 0.183033674955, 0.157714575529, 0.177666112781, 0.226712033153, 0.20527087152, 0.172737017274, 0.152545914054, 0.12398070097, 0.165633186698, 0.208368033171, 0.156554311514, 0.171549335122, 0.21164701879, 0.21461185813, 0.227447807789, 0.182653263211, 0.132489189506, 0.183170691133, 0.205454826355, 0.13701441884, 0.153437227011, 0.174654513597, 0.14244709909, 0.171365484595]
        dmean2: [0.395814776421, 0.300423949957, 0.229915246367, 0.204807430506, 0.216708570719, 0.318024784327, 0.467999219894, 0.328274875879, 0.308115035295, 0.292432785034, 0.255576789379, 0.311864733696, 0.322641134262, 0.281759589911, 0.304726868868, 0.370501160622, 0.352191090584, 0.300862252712, 0.270936399698, 0.220626279712, 0.283472985029, 0.358493030071, 0.275078386068, 0.316210448742, 0.386992931366, 0.374673038721, 0.391390651464, 0.320921272039, 0.233325541019, 0.298704206944, 0.326810210943, 0.229269593954, 0.271442353725, 0.308082729578, 0.245212495327, 0.289856642485]
        dvar: [0.047247633338, 0.0276113059372, 0.0238583963364, 0.0184858869761, 0.0169082023203, 0.0265557374805, 0.0548523440957, 0.0270779225975, 0.0331342443824, 0.0415389686823, 0.0217327401042, 0.0392728485167, 0.0419330634177, 0.0348962284625, 0.0336261875927, 0.046928551048, 0.0460079871118, 0.0416954569519, 0.0413999259472, 0.0269576031715, 0.0323291122913, 0.039559815079, 0.0378579087555, 0.0503970608115, 0.0520894564688, 0.0541532039642, 0.0536092817783, 0.0305754877627, 0.0217195469886, 0.0350123755634, 0.0410765893757, 0.0163158643991, 0.0284638628364, 0.0429635941982, 0.0228657927364, 0.0225757285953]
        dvar2: [0.116708979011, 0.070736669004, 0.0673273131251, 0.0503770783544, 0.0448526591063, 0.0639450475574, 0.132861375809, 0.0688430815935, 0.0759349018335, 0.0728042423725, 0.0565689913929, 0.107719607651, 0.109812572598, 0.100296936929, 0.103637322783, 0.121492445469, 0.118437729776, 0.11689876765, 0.121141284704, 0.0794581398368, 0.0799291357398, 0.0967392325401, 0.109003923833, 0.144195139408, 0.151491135359, 0.133627131581, 0.138899877667, 0.0855922549963, 0.0602511391044, 0.0852774381638, 0.0887181982398, 0.0438912920654, 0.0771588087082, 0.113922409713, 0.0589011088014, 0.0589931085706]
        max: [1, 1, 1, 0.898395955563, 0.887261986732, 1, 1, 1, 1, 1, 0.965410113335, 1, 1, 1, 1, 1, 1, 1, 1, 1, 1, 1, 1, 1, 1, 1, 1, 1, 1, 1, 1, 0.76366174221, 0.943362772465, 1, 1, 0.973153531551]
        mean: [0.37278136611, 0.296452313662, 0.189450249076, 0.168718233705, 0.168539524078, 0.266680389643, 0.374108374119, 0.306469142437, 0.293289750814, 0.326353907585, 0.246739119291, 0.233323991299, 0.251751452684, 0.221425890923, 0.268169432878, 0.380563914776, 0.332170456648, 0.228522986174, 0.181887716055, 0.152425944805, 0.246509730816, 0.30541574955, 0.217067703605, 0.175452932715, 0.224035158753, 0.35090354085, 0.377952039242, 0.256808072329, 0.188318133354, 0.272089719772, 0.327231019735, 0.22216810286, 0.182758137584, 0.193670645356, 0.177404597402, 0.2627184093]
        min: [0.00676497165114, 0.0128334341571, 0.00445481343195, 0.00497887190431, 0.00417843088508, 0.00867731776088, 0.00385127356276, 0.0142727009952, 0.00801187101752, 0.00616936385632, 0.00350198149681, 0.00483360281214, 0.0076208980754, 0.00770280463621, 0.0103331580758, 0.00864940322936, 0.0101541224867, 0.00643348507583, 0.00332267023623, 0.00294092157856, 0.00740575324744, 0.00403484562412, 0.00882715173066, 0.00165429513436, 0.00328099820763, 0.00974172819406, 0.0152732962742, 0.012459712103, 0.00889385677874, 0.00643097655848, 0.00242865690961, 0.00395216885954, 0.00201563281007, 0.00520827481523, 0.00332025298849, 0.0101787671447]
        var: [0.0971149578691, 0.0615404993296, 0.0382670722902, 0.0309841074049, 0.0318910181522, 0.0503547824919, 0.0977996736765, 0.0576863847673, 0.0648200362921, 0.102070741355, 0.0399813242257, 0.048422139138, 0.0601394437253, 0.0428148321807, 0.0415893346071, 0.0853909403086, 0.067381568253, 0.0481183119118, 0.0476123280823, 0.0277908369899, 0.0489643998444, 0.0659447163343, 0.0379671789706, 0.0397231988609, 0.0484996773303, 0.102226793766, 0.0941292345524, 0.0377925895154, 0.0311174653471, 0.0610593222082, 0.0811856910586, 0.0321982391179, 0.0350733026862, 0.0492221787572, 0.0389549806714, 0.0559220053256]
    chords_histogram: [12.5, 0, 40.7407417297, 0, 0, 0, 0, 0, 0, 0, 0, 0, 0, 0, 0, 0, 0, 0, 0, 0.925925910473, 0, 33.3333320618, 0.462962955236, 12.0370368958]
    thpcp: [1, 0.872837483883, 0.600485146046, 0.477942615747, 0.40052652359, 0.647748589516, 0.80253469944, 0.570384383202, 0.461034089327, 0.588692605495, 0.922062039375, 0.993136823177, 0.674809336662, 0.494839698076, 0.714964568615, 0.859858214855, 0.583786547184, 0.480229824781, 0.508904397488, 0.466162413359, 0.690339803696, 0.979549944401, 0.778981685638, 0.497814536095, 0.443337440491, 0.442867845297, 0.700750589371, 0.983036935329, 0.805302679539, 0.770671486855, 0.857553482056, 0.648351311684, 0.613100647926, 0.66152215004, 0.581836283207, 0.704663336277]
    chords_key: "D"
    chords_scale: "major"
    key_key: "G"
    key_scale: "major"
    chords_progression: ["Am", "Am", "Am", "Am", "Am", "Am", "Am", "Am", "Am", "Am", "Em", "Am", "Am", "Am", "Am", "Am", "Am", "Am", "Am", "Am", "G", "Am", "Am", "D", "Dm", "Dm", "D", "G", "G", "Am", "Am", "Am", "Am", "Am", "Am", "Am", "Am", "D", "D", "D", "D", "D", "G", "G", "G", "G", "G", "D", "G", "D", "D", "D", "D", "G", "G", "G", "Am", "Am", "Am", "Am", "Am", "Am", "Am", "Am", "Am", "Am", "Am", "Am", "Am", "Am", "Am", "Am", "C", "Em", "Em", "Em", "Em", "Em", "Em", "Em", "Em", "Em", "Em", "Em", "Em", "Em", "Em", "Em", "Em", "Em", "Em", "Em", "G", "G", "G", "G", "G", "G", "G", "G", "G", "G", "G", "G", "G", "G", "G", "D", "D", "D", "D", "D", "D", "D", "D", "D", "D", "D", "D", "D", "D", "D", "D", "D", "D", "D", "D", "D", "D", "D", "D", "D", "D", "D", "D", "D", "D", "D", "D", "D", "D", "D", "D", "D", "D", "D", "D", "D", "D", "D", "D", "D", "D", "D", "D", "D", "D", "D", "D", "D", "D", "D", "D", "D", "D", "D", "D", "D", "D", "D", "D", "D", "D", "D", "D", "D", "D", "D", "D", "D", "D", "D", "D", "Am", "Am", "Am", "Am", "Am", "Am", "Am", "Am", "Am", "Am", "Am", "Am", "Am", "Am", "Am", "Am", "Am", "Am", "Am", "Am", "Am", "Am", "Am", "Am", "Am", "Am", "Am", "Em", "Em", "Em", "Em", "Em", "Em"]
