
metadata:
    version:
        essentia: "1.2.2"
    audio_properties:
        analysis_sample_rate: 44100
        bitrate: 128
        channels: 2
        equal_loudness: 1
        length: 10.0310201645
        replay_gain: -15.5432767868
        downmix: "mix"
    tags:
        track: 43
        year: 0
        album: "Splitted by Mp3Splt v. 2.1"
        artist: "From 007.00 To 007.10"
        comment: "http://mp3splt.sf.net"
        genre: ""
        title: "02 Isolation.mp3"

highlevel:
    ballroom:
        all:
            ChaChaCha: 0.195187449455
            Jive: 0.469438463449
            Quickstep: 0.0176960062236
            Rumba-American: 0.0021486976184
            Rumba-International: 0.00632428145036
            Rumba-Misc: 0.00394519139081
            Samba: 0.29588547349
            Tango: 0.0043628658168
            VienneseWaltz: 0.00259764725342
            Waltz: 0.00241391570307
        probability: 0.469438463449
        value: "Jive"
    culture:
        all:
            non_western: 0.0856125578284
            western: 0.914387464523
        probability: 0.914387464523
        value: "western"
    gender:
        all:
            female: 0.559694230556
            male: 0.440305739641
        probability: 0.559694230556
        value: "female"
    genre_dortmund:
        all:
            alternative: 0.0500879622996
            blues: 0.00241672690026
            electronic: 0.624784886837
            folkcountry: 0.00734395161271
            funksoulrnb: 0.00543238036335
            jazz: 0.0370118953288
            pop: 0.0147049454972
            raphiphop: 0.0177345518023
            rock: 0.24048268795
        probability: 0.624784886837
        value: "electronic"
    genre_electronica:
        all:
            ambient: 0.102031603456
            dnb: 0.0910600274801
            house: 0.048919711262
            techno: 0.215299099684
            trance: 0.542689561844
        probability: 0.542689561844
        value: "trance"
    genre_rosamerica:
        all:
            cla: 0.00986741948873
            dan: 0.0889535918832
            hip: 0.0652093365788
            jaz: 0.0112139871344
            pop: 0.0223359838128
            rhy: 0.0294054411352
            roc: 0.76557469368
            spe: 0.00743953371421
        probability: 0.76557469368
        value: "roc"
    genre_tzanetakis:
        all:
            blu: 0.0197364855558
            cla: 0.0256183296442
            cou: 0.028980543837
            dis: 0.147025123239
            hip: 0.12365476042
            jaz: 0.0354058966041
            met: 0.270303428173
            pop: 0.126649200916
            reg: 0.147273421288
            roc: 0.0753528103232
        probability: 0.270303428173
        value: "met"
    live_studio:
        all:
            live: 0.616156160831
            studio: 0.383843839169
        probability: 0.616156160831
        value: "live"
    mood:
        all:
            Cluster1: 0.107367560267
            Cluster2: 0.157487004995
            Cluster3: 0.00585448276252
            Cluster4: 0.0325732007623
            Cluster5: 0.696717739105
        probability: 0.696717739105
        value: "Cluster5"
    mood_acoustic:
        all:
            acoustic: 0.0265583768487
            not_acoustic: 0.9734416008
        probability: 0.9734416008
        value: "not_acoustic"
    mood_aggressive:
        all:
            aggressive: 0.998562335968
            not_aggressive: 0.00143766612746
        probability: 0.998562335968
        value: "aggressive"
    mood_electronic:
        all:
            electronic: 0.839607596397
            not_electronic: 0.1603923738
        probability: 0.839607596397
        value: "electronic"
    mood_happy:
        all:
            happy: 0.265858799219
            not_happy: 0.734141230583
        probability: 0.734141230583
        value: "not_happy"
    mood_party:
        all:
            not_party: 0.0793028697371
            party: 0.920697152615
        probability: 0.920697152615
        value: "party"
    mood_relaxed:
        all:
            not_relaxed: 0.856190919876
            relaxed: 0.143809050322
        probability: 0.856190919876
        value: "not_relaxed"
    mood_sad:
        all:
            not_sad: 0.999922811985
            sad: 7.72154162405e-05
        probability: 0.999922811985
        value: "not_sad"
    rhythm:
        all:
            fast: 0.352097332478
            medium: 0.363446950912
            slow: 0.284455686808
        probability: 0.363446950912
        value: "medium"
    speech_music:
        all:
            music: 0.999984741211
            speech: 1.523166884e-05
        probability: 0.999984741211
        value: "music"
    timbre:
        all:
            bright: 0.10973149538
            dark: 0.89026850462
        probability: 0.89026850462
        value: "dark"
    voice_instrumental:
        all:
            instrumental: 0.89647424221
            voice: 0.103525772691
        probability: 0.89647424221
        value: "instrumental"

lowlevel:
    average_loudness: 0.961835622787
    barkbands_kurtosis:
        dmean: 2.76208257675
        dmean2: 4.3907456398
        dvar: 26.0927524567
        dvar2: 59.9843521118
        max: 79.0137939453
        mean: 3.56547045708
        min: -1.91780889034
        var: 82.6474151611
    barkbands_skewness:
        dmean: 0.56476688385
        dmean2: 0.89801633358
        dvar: 0.277381330729
        dvar2: 0.6480910182
        max: 1.95984721184
        mean: -1.34619927406
        min: -6.95267915726
        var: 1.96008050442
    barkbands_spread:
        dmean: 7.76925945282
        dmean2: 12.1766109467
        dvar: 52.001083374
        dvar2: 120.389167786
        max: 72.4158096313
        mean: 33.6202278137
        min: 1.43832433224
        var: 356.773162842
    dissonance:
        dmean: 0.00581061653793
        dmean2: 0.00989909283817
        dvar: 3.81006975658e-05
        dvar2: 0.000106467101432
        max: 0.499822080135
        mean: 0.49089923501
        min: 0.443099945784
        var: 4.16150942328e-05
    hfc:
        dmean: 5.58725404739
        dmean2: 8.61516666412
        dvar: 54.6907310486
        dvar2: 116.660186768
        max: 108.64150238
        mean: 15.7197828293
        min: 0.400524705648
        var: 203.280654907
    pitch:
        dmean: 662.246887207
        dmean2: 1216.31091309
        dvar: 1169555.625
        dvar2: 3051096
        max: 4900
        mean: 3262.31103516
        min: 76.0344848633
        var: 2025977.5
    pitch_instantaneous_confidence:
        dmean: 0.0671891272068
        dmean2: 0.113244719803
        dvar: 0.00329092051834
        dvar2: 0.00780099257827
        max: 0.847301125526
        mean: 0.420334845781
        min: 0.182170331478
        var: 0.0203951224685
    pitch_salience:
        dmean: 0.063291400671
        dmean2: 0.104403704405
        dvar: 0.00320100551471
        dvar2: 0.00875952467322
        max: 0.867393374443
        mean: 0.695257306099
        min: 0.269665330648
        var: 0.00667247828096
    silence_rate_20dB:
        dmean: 0
        dmean2: 0
        dvar: 0
        dvar2: 0
        max: 1
        mean: 1
        min: 1
        var: 0
    silence_rate_30dB:
        dmean: 0
        dmean2: 0
        dvar: 0
        dvar2: 0
        max: 1
        mean: 1
        min: 1
        var: 0
    silence_rate_60dB:
        dmean: 0.157407402992
        dmean2: 0.313225060701
        dvar: 0.13262988627
        dvar2: 0.256877452135
        max: 1
        mean: 0.244803696871
        min: 0
        var: 0.184874713421
    spectral_centroid:
        dmean: 333.447723389
        dmean2: 522.310852051
        dvar: 118124.929688
        dvar2: 279221.8125
        max: 4862.77148438
        mean: 2843.32788086
        min: 597.623962402
        var: 840804.0625
    spectral_complexity:
        dmean: 5.13921117783
        dmean2: 8.20465087891
        dvar: 23.1407203674
        dvar2: 46.4837493896
        max: 39
        mean: 18.4305553436
        min: 0
        var: 62.8700942993
    spectral_crest:
        dmean: 1.87518918514
        dmean2: 3.19007515907
        dvar: 2.84645962715
        dvar2: 7.76294755936
        max: 19.0839424133
        mean: 7.19450378418
        min: 2.43420410156
        var: 7.14880609512
    spectral_decrease:
        dmean: 3.27123245158e-10
        dmean2: 5.09691455708e-10
        dvar: 1.14431351685e-19
        dvar2: 2.48971748404e-19
        max: -1.99530565681e-11
        mean: -1.01730590618e-09
        min: -4.47779413548e-09
        var: 3.40471495084e-19
    spectral_energy:
        dmean: 0.00169190019369
        dmean2: 0.00263987644576
        dvar: 3.55619386028e-06
        dvar2: 7.5788752838e-06
        max: 0.0267543364316
        mean: 0.00526537932456
        min: 0.00011163619638
        var: 1.13417581815e-05
    spectral_energyband_high:
        dmean: 0.0007244492881
        dmean2: 0.00109105964657
        dvar: 1.15517536869e-06
        dvar2: 2.51313895205e-06
        max: 0.0164320319891
        mean: 0.00178571639117
        min: 4.20128926635e-05
        var: 4.63076366941e-06
    spectral_energyband_low:
        dmean: 0.000267659925157
        dmean2: 0.00043706575525
        dvar: 1.79978769665e-07
        dvar2: 5.13474731179e-07
        max: 0.0039097443223
        mean: 0.000405308179324
        min: 1.61750470795e-08
        var: 2.58821415855e-07
    spectral_energyband_middle_high:
        dmean: 0.000848198251333
        dmean2: 0.00139131117612
        dvar: 1.24290727399e-06
        dvar2: 2.94465462503e-06
        max: 0.0176437869668
        mean: 0.00234491960146
        min: 4.45817131549e-05
        var: 2.92226309284e-06
    spectral_energyband_middle_low:
        dmean: 0.000451380416052
        dmean2: 0.000725771358702
        dvar: 3.70576088926e-07
        dvar2: 8.93055073448e-07
        max: 0.00460189394653
        mean: 0.000729432271328
        min: 1.00018442026e-05
        var: 5.11491577981e-07
    spectral_flatness_db:
        dmean: 0.0166663043201
        dmean2: 0.0272932145745
        dvar: 0.000240767752985
        dvar2: 0.000582195643801
        max: 0.337252050638
        mean: 0.170752927661
        min: 0.0942087620497
        var: 0.00195502652787
    spectral_flux:
        dmean: 0.00831335317343
        dmean2: 0.0128567405045
        dvar: 9.35096977628e-05
        dvar2: 0.000187888756045
        max: 0.114783473313
        mean: 0.0468406528234
        min: 0.0105658033863
        var: 0.000225022638915
    spectral_kurtosis:
        dmean: 0.746544122696
        dmean2: 1.19540858269
        dvar: 1.06232655048
        dvar2: 1.8978946209
        max: 15.823102951
        mean: 2.0444290638
        min: -0.211708784103
        var: 2.20034646988
    spectral_rms:
        dmean: 0.000368606735719
        dmean2: 0.000569010386243
        dvar: 1.43593368307e-07
        dvar2: 2.97465419408e-07
        max: 0.00510899117216
        mean: 0.00217190082185
        min: 0.000330020237016
        var: 4.1980248966e-07
    spectral_rolloff:
        dmean: 278.932342529
        dmean2: 454.650939941
        dvar: 90030.1875
        dvar2: 193355.796875
        max: 6223.09570312
        mean: 4371.78759766
        min: 1421.19140625
        var: 427628.40625
    spectral_skewness:
        dmean: 0.15115904808
        dmean2: 0.242866173387
        dvar: 0.026669582352
        dvar2: 0.0460635945201
        max: 2.61381220818
        mean: 0.815225660801
        min: 0.161744713783
        var: 0.103237248957
    spectral_spread:
        dmean: 487129.6875
        dmean2: 763856.3125
        dvar: 205772931072
        dvar2: 463104802816
        max: 8156976.5
        mean: 4655602.5
        min: 2222256.25
        var: 1.12466814566e+12
    spectral_strongpeak:
        dmean: 0.729191422462
        dmean2: 1.25375819206
        dvar: 1.31893146038
        dvar2: 3.52414894104
        max: 11.5557432175
        mean: 1.17980587482
        min: 0.0221068076789
        var: 3.01892209053
    zerocrossingrate:
        dmean: 0.00940196309239
        dmean2: 0.0107830669731
        dvar: 9.73820642685e-05
        dvar2: 0.000110386012238
        max: 0.224609375
        mean: 0.145196989179
        min: 0.0546875
        var: 0.00123566039838
    barkbands:
        dmean: [1.1395815136e-07, 7.88278266555e-05, 0.000238599721342, 0.000218598463107, 0.000199345187866, 9.0520363301e-05, 4.08791675e-05, 5.43058340554e-05, 2.70064610959e-05, 1.91852996068e-05, 2.13213152165e-05, 2.21727132157e-05, 1.72278832906e-05, 2.35697625612e-05, 0.000104913335235, 0.000161728356034, 0.000149448038428, 0.000170291823451, 0.000316809571814, 0.000561925175134, 0.00040457866271, 0.000116309638543, 2.95676654787e-05, 7.33365732231e-06, 2.97278847938e-06, 5.09353554889e-08, 3.66935953844e-10]
        dmean2: [1.96737218516e-07, 0.000132913395646, 0.000402887730161, 0.000353748968337, 0.000353662820999, 0.000158111957717, 6.81900637574e-05, 9.05395791051e-05, 4.35935689893e-05, 3.28760615957e-05, 3.54086478183e-05, 3.80506389774e-05, 2.86544418486e-05, 4.13217203459e-05, 0.000170321436599, 0.000281250919215, 0.00025439079036, 0.000267228140729, 0.000544882030226, 0.000895150587894, 0.000642147962935, 0.000171595442225, 4.65731172881e-05, 1.14480099001e-05, 4.54372229797e-06, 8.38306490891e-08, 5.28997234905e-10]
        dvar: [3.53040588029e-14, 1.54516168749e-08, 1.79918060894e-07, 1.43015682852e-07, 1.65415670494e-07, 1.58506630044e-08, 2.94995250449e-09, 1.62958784244e-08, 4.32788915816e-09, 1.26915900012e-09, 2.41209630047e-09, 1.81800885457e-09, 7.90041754239e-10, 9.50893808138e-10, 4.7819955995e-08, 4.0643111987e-08, 1.56081767955e-07, 3.2772778269e-08, 1.52422956035e-07, 1.18156390272e-06, 4.60626864651e-07, 2.99613134302e-08, 2.35617414468e-09, 1.20288695671e-10, 1.29725787404e-11, 6.61027180191e-15, 1.10089227842e-17]
        dvar2: [9.71054562714e-14, 4.12215861445e-08, 5.26913197518e-07, 3.84256395591e-07, 4.64017034574e-07, 4.35482192529e-08, 7.15546910612e-09, 3.94967187844e-08, 1.03858743827e-08, 3.35600747192e-09, 5.63311930435e-09, 5.00877073151e-09, 2.02489380818e-09, 2.4838193724e-09, 1.31770846679e-07, 1.24687105085e-07, 4.23379816539e-07, 7.92648435777e-08, 4.09473699392e-07, 3.07854656967e-06, 1.05881861145e-06, 6.94201105489e-08, 5.89021276198e-09, 2.52478093987e-10, 2.65546837991e-11, 1.41146266902e-14, 1.10801273185e-17]
        max: [2.13974590224e-06, 0.000825990748126, 0.00380656169727, 0.00357503560372, 0.00248859426938, 0.000792045088019, 0.00065429933602, 0.000921586412005, 0.000659855955746, 0.000418928830186, 0.00080259697279, 0.000468124024337, 0.000314734177664, 0.000349712092429, 0.00322145363316, 0.00161599752028, 0.0061405710876, 0.00171036168467, 0.00456609111279, 0.0189103167504, 0.00869615189731, 0.00194709014613, 0.000441041658632, 9.78179596132e-05, 2.96835714835e-05, 6.09843993971e-07, 6.89955825806e-08]
        mean: [1.51977843643e-07, 9.76218871074e-05, 0.000307539536152, 0.000277190585621, 0.000213654129766, 0.000101042394817, 4.99048655911e-05, 5.11029975314e-05, 3.19336832035e-05, 2.63954862021e-05, 2.76830378425e-05, 3.27508350892e-05, 2.90364641842e-05, 3.72222712031e-05, 0.000189487167518, 0.000233288985328, 0.000248581869528, 0.000382846017601, 0.000628465902992, 0.00115062913392, 0.000828213698696, 0.000243477334152, 5.49463584321e-05, 1.67080470419e-05, 5.44835120309e-06, 6.02518568371e-08, 3.65861008156e-10]
        min: [1.09865928855e-10, 1.32261757102e-08, 2.18390483475e-09, 4.19792822726e-09, 4.95135907386e-07, 1.38277664519e-06, 1.57050192229e-06, 1.43399745411e-07, 1.83617160587e-07, 1.50441188396e-08, 4.84415352275e-08, 3.04623100078e-08, 1.22464030028e-07, 1.7553128373e-07, 6.09950632224e-07, 1.16866465305e-06, 1.94271524379e-06, 3.65823962056e-06, 1.32275972646e-05, 2.80864260276e-05, 1.88634239748e-05, 3.82709185942e-06, 4.57278503063e-07, 1.06697733315e-07, 1.85261175289e-08, 1.38870694458e-11, 1.65921001439e-13]
        var: [8.22574633733e-14, 1.93147258187e-08, 2.00903826908e-07, 1.78858968525e-07, 1.27653734694e-07, 1.55476609365e-08, 4.02423383505e-09, 1.45523086914e-08, 4.98049024245e-09, 2.0034649495e-09, 3.26504290271e-09, 2.39144326564e-09, 1.44554246351e-09, 1.64248448176e-09, 1.2520675341e-07, 5.85632804473e-08, 1.97794918222e-07, 7.39667527228e-08, 3.09225782757e-07, 2.2603655907e-06, 1.3349828123e-06, 8.86763800168e-08, 4.50363657478e-09, 2.71427269549e-10, 2.41859761385e-11, 9.11502657749e-15, 1.09982182399e-17]
    mfcc:
        mean: [-697.886962891, 40.5710983276, -35.6663475037, 72.3787002563, -10.0154895782, 1.5880061388, -3.72145271301, -7.98467206955, -2.49556136131, -3.40696668625, -10.6885900497, -4.96583604813, -0.75269472599]
        cov: [[1660.4017334, 307.967224121, 76.5782852173, -95.8720779419, 194.97668457, 72.2913208008, 34.0311660767, 33.8629570007, 72.2760848999, 75.063659668, 29.4431095123, -22.8702335358, 2.8683385849], [307.967224121, 1276.87438965, -431.959991455, -162.875778198, 551.222167969, 157.180419922, 147.673736572, 47.0109977722, 89.8001022339, -26.3654842377, -99.7133789062, -35.7059059143, 23.1367511749], [76.5782852173, -431.959991455, 988.923339844, 450.515258789, 171.990753174, 112.033691406, 125.485870361, 46.9585113525, 56.9639778137, 79.4817581177, 55.1629829407, -7.34297418594, -19.1184749603], [-95.8720779419, -162.875778198, 450.515258789, 333.613983154, 158.764572144, 81.4364471436, 82.0905380249, 25.7024250031, 49.8413085938, 52.1021499634, 14.8411178589, -2.11228561401, -3.71980881691], [194.97668457, 551.222167969, 171.990753174, 158.764572144, 681.614624023, 242.499771118, 193.841140747, 70.7543716431, 126.599060059, 41.0144729614, -51.2044029236, -31.4651832581, 20.6327018738], [72.2913208008, 157.180419922, 112.033691406, 81.4364471436, 242.499771118, 148.599121094, 97.2497634888, 47.772064209, 52.0222511292, 21.1259403229, -9.97930908203, -8.81976699829, 5.37983179092], [34.0311660767, 147.673736572, 125.485870361, 82.0905380249, 193.841140747, 97.2497634888, 131.660812378, 53.74792099, 52.4903717041, 19.4917449951, -2.70722699165, -7.87842512131, 0.852789461613], [33.8629570007, 47.0109977722, 46.9585113525, 25.7024250031, 70.7543716431, 47.772064209, 53.74792099, 73.3095932007, 39.8699798584, 23.8102741241, 9.57415771484, 3.83340001106, 2.41228866577], [72.2760848999, 89.8001022339, 56.9639778137, 49.8413085938, 126.599060059, 52.0222511292, 52.4903717041, 39.8699798584, 71.524848938, 36.4625740051, 2.30803751945, 3.56750202179, 9.61751270294], [75.063659668, -26.3654842377, 79.4817581177, 52.1021499634, 41.0144729614, 21.1259403229, 19.4917449951, 23.8102741241, 36.4625740051, 66.2030792236, 34.8066368103, 9.42567825317, -1.03259587288], [29.4431095123, -99.7133789062, 55.1629829407, 14.8411178589, -51.2044029236, -9.97930908203, -2.70722699165, 9.57415771484, 2.30803751945, 34.8066368103, 62.7406654358, 23.4420833588, -1.14117515087], [-22.8702335358, -35.7059059143, -7.34297418594, -2.11228561401, -31.4651832581, -8.81976699829, -7.87842512131, 3.83340001106, 3.56750202179, 9.42567825317, 23.4420833588, 37.286365509, 16.6896724701], [2.8683385849, 23.1367511749, -19.1184749603, -3.71980881691, 20.6327018738, 5.37983179092, 0.852789461613, 2.41228866577, 9.61751270294, -1.03259587288, -1.14117515087, 16.6896724701, 35.8830566406]]
        icov: [[0.000827907701023, -0.000271906057606, -0.000580316700507, 0.00106827553827, 5.57012936042e-06, -0.000317754194839, 0.000527146505192, 0.000247731833952, -0.000598343496677, -0.000904996530153, -0.000471477746032, 0.00097408745205, -0.000407781684771], [-0.000271906057606, 0.00240820460021, 0.00121780426707, 0.000572191434912, -0.00210918765515, 0.000937076925766, -0.00183710537385, 0.000169964376255, -0.000134780450026, 0.000453713029856, 0.00106673594564, -0.000616337114479, 0.000651422480587], [-0.000580316700507, 0.00121780426707, 0.00380277889781, -0.0042137503624, -0.000691983208526, 0.000291897711577, -0.00171977165155, -0.000386637344491, 0.000743048614822, 0.00124934769701, -0.00171106436756, 0.000882809690665, 0.00064323580591], [0.00106827553827, 0.000572191434912, -0.0042137503624, 0.0109287789091, -0.00115439691581, -0.000706929364242, -0.0011733842548, 0.00254903035238, -0.0017087473534, -0.00471593393013, 0.00323829287663, -0.00140022521373, 0.00013632629998], [5.57012936042e-06, -0.00210918765515, -0.000691983208526, -0.00115439691581, 0.00691934721544, -0.00626751407981, -0.00103484780993, 0.0023947567679, -0.00342691317201, -0.00133325892966, 0.00169851770625, 0.00237929611467, -0.00247667660005], [-0.000317754194839, 0.000937076925766, 0.000291897711577, -0.000706929364242, -0.00626751407981, 0.0209226943552, -0.00604244275019, -0.00489210430533, 0.002196761081, 0.000464944285341, 0.000327905232552, -0.00110258196946, 0.000390697852708], [0.000527146505192, -0.00183710537385, -0.00171977165155, -0.0011733842548, -0.00103484780993, -0.00604244275019, 0.0220966283232, -0.00753664691001, -0.00461945449933, 0.00510030752048, -0.00473277736455, 0.00273481267504, 0.00154932262376], [0.000247731833952, 0.000169964376255, -0.000386637344491, 0.00254903035238, 0.0023947567679, -0.00489210430533, -0.00753664691001, 0.0256631914526, -0.0102435024455, -0.00230607180856, -0.00106548587792, -0.00116616219748, 0.00092685141135], [-0.000598343496677, -0.000134780450026, 0.000743048614822, -0.0017087473534, -0.00342691317201, 0.002196761081, -0.00461945449933, -0.0102435024455, 0.0387543216348, -0.0179315656424, 0.00911512505263, -0.00523748015985, -0.00538415974006], [-0.000904996530153, 0.000453713029856, 0.00124934769701, -0.00471593393013, -0.00133325892966, 0.000464944285341, 0.00510030752048, -0.00230607180856, -0.0179315656424, 0.0393981486559, -0.0217982884496, 0.0037416073028, 0.0041936240159], [-0.000471477746032, 0.00106673594564, -0.00171106436756, 0.00323829287663, 0.00169851770625, 0.000327905232552, -0.00473277736455, -0.00106548587792, 0.00911512505263, -0.0217982884496, 0.0402338989079, -0.0223923437297, 0.00655637634918], [0.00097408745205, -0.000616337114479, 0.000882809690665, -0.00140022521373, 0.00237929611467, -0.00110258196946, 0.00273481267504, -0.00116616219748, -0.00523748015985, 0.0037416073028, -0.0223923437297, 0.0541611723602, -0.0249363929033], [-0.000407781684771, 0.000651422480587, 0.00064323580591, 0.00013632629998, -0.00247667660005, 0.000390697852708, 0.00154932262376, 0.00092685141135, -0.00538415974006, 0.0041936240159, 0.00655637634918, -0.0249363929033, 0.0424746125937]]
    spectral_contrast:
        mean: [-3.41700534534e-09, 4.07108693423e-08, 3.67958641334e-08, -2.15307977669e-07, -1.93232182255e-07, -2.00165359843e-07, -1.44286013892e-06, -3.15701100817e-07, -1.19174796964e-06, -1.61056721026e-06, 3.50908544533e-06, -1.0208675576e-06]
        var: [0.000269663520157, 0.000908714835532, 0.00109469390009, 0.00145794521086, 0.00217253225856, 0.00546175194904, 0.0362264811993, 0.0639491230249, 0.12456356734, 0.512102782726, 0.893001556396, 1.50216972828]

rhythm:
    beats_loudness:
        dmean: 0.00353365391493
        dmean2: 0.0060021020472
        dvar: 1.24340695038e-05
        dvar2: 3.76159659936e-05
        max: 0.0201940033585
        mean: 0.00643238471821
        min: 0.00180479197297
        var: 1.47747477968e-05
    beats_loudness_bass:
        dmean: 0.174217805266
        dmean2: 0.304575562477
        dvar: 0.0235942564905
        dvar2: 0.0515722073615
        max: 0.531573832035
        mean: 0.153047844768
        min: 0.000575524871238
        var: 0.0233555790037
    bpm: 118.529556274
    bpm_confidence: 0
    first_peak_bpm: 118
    first_peak_spread: 0
    first_peak_weight: 0.944444477558
    onset_rate: 4.68546581268
    second_peak_bpm: 108
    second_peak_spread: 0
    second_peak_weight: 0.0555555559695
    beats_position: [0.52009344101, 1.02760732174, 1.53512120247, 2.04263496399, 2.55014872551, 3.05766248703, 3.56517648697, 4.07269001007, 4.58020401001, 5.08771800995, 5.59523153305, 6.14887189865, 6.65435218811, 7.15983247757, 7.6653137207, 8.170794487, 8.67627429962, 9.18175601959, 9.68723583221]
    bpm_estimates: [118.483131409, 118.122093201, 118.542617798, 117.975914001, 117.995529175, 118.798347473, 119.268928528, 118.654418945, 118.32673645, 118.700897217, 118.74168396, 118.58984375, 118.691314697, 118.52230072]
    bpm_intervals: [0.50751388073, 0.50751388073, 0.50751376152, 0.50751376152, 0.50751376152, 0.507513999939, 0.507513523102, 0.507513999939, 0.507513999939, 0.507513523102, 0.553640365601, 0.505480289459, 0.505480289459, 0.505481243134, 0.505480766296, 0.505479812622, 0.505481719971, 0.505479812622]
    onset_times: [0.0348299331963, 0.371519267559, 0.522448956966, 0.708208620548, 0.870748281479, 1.02167797089, 1.38158726692, 1.5673469305, 1.71827661991, 1.88081634045, 2.22911572456, 2.41487526894, 2.62385487556, 2.75156474113, 3.25079369545, 3.61070299149, 3.76163268089, 3.94739222527, 4.12154197693, 4.446621418, 4.60916090012, 4.77170085907, 4.94585037231, 5.34058952332, 5.46829938889, 5.81659841537, 5.9675283432, 6.31582784653, 6.47836732864, 6.65251684189, 6.81505680084, 6.98920631409, 7.10530614853, 7.17496585846, 7.31428575516, 7.4884352684, 8.04571437836, 8.17342376709, 8.53333377838, 8.68426322937, 9.04417228699, 9.18349170685, 9.36925125122, 9.53179168701, 9.69433116913, 9.72916126251, 9.86848068237]
    rubato_start: []
    rubato_stop: []
    perceptual_tempo: "unknown"

sfx:
    inharmonicity:
        dmean: 0.0773821249604
        dmean2: 0.134928748012
        dvar: 0.0046355528757
        dvar2: 0.0126615865156
        max: 0.392967969179
        mean: 0.106064207852
        min: 0.00538093596697
        var: 0.00614548288286
    oddtoevenharmonicenergyratio:
        dmean: 3.575963974
        dmean2: 6.77533435822
        dvar: 169.616912842
        dvar2: 499.178039551
        max: 172.676422119
        mean: 2.4765162468
        min: 0.00351613783278
        var: 92.4256668091
    pitch_after_max_to_before_max_energy_ratio: 0.558724462986
    pitch_centroid: 219.978622437
    pitch_max_to_total: 0.696759283543
    pitch_min_to_total: 0.414351850748
    tristimulus:
        dmean: [0.117962442338, 0.302536398172, 0.252220958471]
        dmean2: [0.207179442048, 0.528095662594, 0.442677050829]
        dvar: [0.0182429403067, 0.0491269119084, 0.0371551476419]
        dvar2: [0.049798682332, 0.144904881716, 0.100596122444]
        max: [0.744009196758, 0.981916904449, 0.914323210716]
        mean: [0.147584319115, 0.471341580153, 0.320460170507]
        min: [0.0048354268074, 0, 0]
        var: [0.0216575860977, 0.0721336305141, 0.0632438063622]

tonal:
    chords_changes_rate: 0.055299539119
    chords_number_rate: 0.0276497695595
    chords_strength:
        dmean: 0.0112458597869
        dmean2: 0.0163145884871
        dvar: 8.33771773614e-05
        dvar2: 0.000159398332471
        max: 0.528387844563
        mean: 0.393775880337
        min: 0.216010794044
        var: 0.00370105518959
    key_strength: 0.353870272636
    tuning_diatonic_strength: 0.364297181368
    tuning_equal_tempered_deviation: 0.254746109247
    tuning_frequency: 441.272583008
    tuning_nontempered_energy_ratio: 0.90472137928
    hpcp:
        dmean: [0.160845965147, 0.153062596917, 0.144195154309, 0.174461066723, 0.204565018415, 0.189095914364, 0.201552003622, 0.213705554605, 0.20493260026, 0.205668225884, 0.236876890063, 0.246277019382, 0.230585128069, 0.273551523685, 0.248162657022, 0.219675764441, 0.207149788737, 0.1797221452, 0.1252040416, 0.102629356086, 0.104116670787, 0.0899834558368, 0.101047843695, 0.107639044523, 0.100591741502, 0.112375549972, 0.115471929312, 0.125189319253, 0.143439933658, 0.166643932462, 0.169567748904, 0.149803370237, 0.134519279003, 0.161469548941, 0.182736292481, 0.172291591763]
        dmean2: [0.280926376581, 0.259819924831, 0.246780484915, 0.290073364973, 0.344354569912, 0.316368311644, 0.335967510939, 0.363907188177, 0.370769053698, 0.353834986687, 0.409969002008, 0.434409409761, 0.401235878468, 0.460028320551, 0.418228894472, 0.388147860765, 0.363609373569, 0.313774734735, 0.215857967734, 0.185446307063, 0.184957370162, 0.152385413647, 0.169136762619, 0.191355347633, 0.182164639235, 0.197375297546, 0.193852394819, 0.207419618964, 0.240895807743, 0.289570868015, 0.303349971771, 0.260631710291, 0.236162155867, 0.275751560926, 0.313846796751, 0.303539693356]
        dvar: [0.0218444429338, 0.0217504929751, 0.0221870876849, 0.0234874226153, 0.0333489589393, 0.0204937085509, 0.0307403411716, 0.0312589220703, 0.0314840339124, 0.0295327529311, 0.0422539152205, 0.0427690893412, 0.039428204298, 0.0428935922682, 0.041515827179, 0.0472083389759, 0.0401103906333, 0.0298681184649, 0.0214498490095, 0.0174903310835, 0.0215254537761, 0.0151151698083, 0.0182552095503, 0.0219962969422, 0.0183809679002, 0.0161219742149, 0.0158683564514, 0.0221116300672, 0.0281259547919, 0.0321834422648, 0.036554902792, 0.0251575689763, 0.01883896254, 0.0251229964197, 0.0281689558178, 0.0282065272331]
        dvar2: [0.0562896281481, 0.0599808879197, 0.0588016137481, 0.0625571012497, 0.0920413509011, 0.0526738017797, 0.0710629373789, 0.0870467573404, 0.0828830376267, 0.0836790502071, 0.113689824939, 0.105697333813, 0.09213655442, 0.0996710807085, 0.104428239167, 0.136107191443, 0.115847684443, 0.0806870311499, 0.0557803139091, 0.047306381166, 0.0566585808992, 0.0372176207602, 0.0477959699929, 0.0587727092206, 0.0525589175522, 0.0461176894605, 0.0433334112167, 0.0600170791149, 0.0770696178079, 0.0788713693619, 0.0920576602221, 0.0689863488078, 0.0453214459121, 0.0664791986346, 0.0715467780828, 0.0751458257437]
        max: [0.839918315411, 0.904312908649, 1, 1, 1, 1, 1, 1, 1, 1, 1, 1, 1, 1, 1, 1, 1, 1, 1, 0.78844165802, 1, 1, 1, 1, 1, 1, 1, 1, 1, 1, 1, 0.942659676075, 0.846289753914, 1, 1, 1]
        mean: [0.256110012531, 0.263747096062, 0.272090733051, 0.325700879097, 0.353866517544, 0.381912618876, 0.451811313629, 0.433525949717, 0.367989301682, 0.391883403063, 0.500854969025, 0.58571857214, 0.611393332481, 0.560015678406, 0.449971079826, 0.362687528133, 0.361656069756, 0.342756688595, 0.229059457779, 0.145731881261, 0.125936150551, 0.111598238349, 0.127796649933, 0.144221559167, 0.142958283424, 0.166581481695, 0.195129707456, 0.196657955647, 0.222089886665, 0.261611461639, 0.239147648215, 0.212440088391, 0.21970038116, 0.247109726071, 0.275896936655, 0.269557029009]
        min: [0.0236450452358, 0.0227506756783, 0.0226917155087, 0.0341243185103, 0.0413478501141, 0.0267344042659, 0.0177923124284, 0.0330707728863, 0.042660869658, 0.0234570577741, 0.0148268332705, 0.0564773753285, 0.0293175056577, 0.047903187573, 0.0359788388014, 0.014593616128, 0.013758697547, 0.0167822316289, 0.0153028573841, 0.00385576486588, 0.000715812260751, 0.00105300487485, 0.0056007951498, 0.0116268517449, 0.00917789805681, 0.0100478520617, 0.0164305120707, 0.0107227964327, 0.00478460174054, 0.00514778960496, 0.00550809781998, 0.00769618805498, 0.0135208731517, 0.0190749801695, 0.022791011259, 0.0298938974738]
        var: [0.0322082862258, 0.0292781442404, 0.0302638914436, 0.0455664433539, 0.0577232167125, 0.0528291016817, 0.0821082666516, 0.0536672063172, 0.0425115153193, 0.0497888736427, 0.0741750597954, 0.0783660113811, 0.0834401100874, 0.0834130495787, 0.0759058222175, 0.058912511915, 0.0608538947999, 0.0590221211314, 0.0350199565291, 0.0242882464081, 0.0251558981836, 0.0231412388384, 0.0238514207304, 0.0231051761657, 0.0169033501297, 0.0189963951707, 0.0246371198446, 0.0282811913639, 0.0361862108111, 0.0487778969109, 0.0422814637423, 0.028051674366, 0.0286358613521, 0.0386662147939, 0.0388059541583, 0.0342502221465]
    chords_histogram: [7.37327194214, 0, 0, 0, 4.14746522903, 0, 0, 67.74193573, 4.60829496384, 0, 0.921658992767, 0, 0, 0, 0, 0, 0, 0, 0, 0, 0, 11.0599079132, 4.14746522903, 0]
    thpcp: [1, 0.915966272354, 0.735976397991, 0.59321475029, 0.59152764082, 0.56061565876, 0.374651551247, 0.238360270858, 0.205982208252, 0.182530999184, 0.209025263786, 0.235889971256, 0.233823746443, 0.272462040186, 0.319155752659, 0.321655392647, 0.363252073526, 0.427893877029, 0.391151875257, 0.34746876359, 0.359343767166, 0.404174715281, 0.451259315014, 0.440889716148, 0.418895661831, 0.431386947632, 0.445033848286, 0.53271907568, 0.57878702879, 0.62465941906, 0.738986313343, 0.709078609943, 0.601886332035, 0.640967726707, 0.819202542305, 0.95800614357]
    chords_key: "F#"
    chords_scale: "major"
    key_key: "F#"
    key_scale: "minor"
    chords_progression: ["F#m", "F#m", "F#m", "F#m", "F#m", "F#m", "F#m", "F#m", "F#m", "F#m", "F#m", "F#m", "F#m", "F#m", "F#m", "F#m", "F#", "F#", "F#", "F#", "F#", "F#", "F#", "F#", "F#", "F#", "F#", "F#", "F#", "F#", "F#", "F#", "F#", "F#", "F#", "F#", "F#", "F#", "F#", "F#", "F#", "F#", "F#", "F#", "F#", "F#", "F#", "F#", "F#", "F#", "F#", "F#", "F#", "F#", "F#", "F#", "F#", "F#", "F#", "F#", "F#", "F#", "F#", "F#", "F#", "F#", "F#", "F#", "F#", "F#", "F#", "F#", "F#", "F#", "F#", "F#", "F#", "F#", "Fm", "Fm", "F#", "F#", "F#", "F#", "F#", "G#m", "G#m", "G#m", "G#m", "G#m", "G#m", "G#m", "G#m", "G#m", "Bm", "Bm", "Bm", "Bm", "Bm", "Bm", "Bm", "G", "G", "G", "G", "G", "G", "G", "G", "G", "G", "G", "G", "G", "G", "G", "G", "G", "G", "G", "G", "G", "G", "G", "G", "F#", "F#", "F#", "F#", "F#", "F#", "F#", "F#", "F#", "F#", "F#", "F#", "F#", "F#", "F#", "F#", "F#", "F#", "F#", "F#", "F#", "F#", "F#", "A#m", "A#m", "F#", "F#", "F#", "F#", "Bm", "Bm", "F#", "F#", "F#", "F#", "F#", "F#", "F#", "F#", "F#", "F#", "F#", "F#", "F#", "F#", "F#", "F#", "F#", "F#", "F#", "F#", "F#", "F#", "F#", "F#", "F#", "F#", "F#", "F#", "F#", "F#", "F#", "F#", "F#", "F#", "F#", "F#", "F#", "F#", "F#", "F#", "F#", "F#", "F#", "F#", "F#", "F#", "F#", "F#", "F#", "F#", "F#", "F#", "F#", "A#m", "A#m", "A#m", "A#m", "A#m", "A#m", "A#m", "A#m"]
