
metadata:
    version:
        essentia: "1.2.2"
    audio_properties:
        analysis_sample_rate: 44100
        bitrate: 128
        channels: 2
        equal_loudness: 1
        length: 10.0048980713
        replay_gain: -10.6501255035
        downmix: "mix"
    tags:
        track: 20
        year: 0
        album: "Splitted by Mp3Splt v. 2.1"
        artist: "From 003.10 To 003.20"
        comment: "http://mp3splt.sf.net"
        genre: ""
        title: "04 Have a Little Faith in Me.m"

highlevel:
    ballroom:
        all:
            ChaChaCha: 0.0601223744452
            Jive: 0.510991215706
            Quickstep: 0.269404321909
            Rumba-American: 0.00243673543446
            Rumba-International: 0.00567912124097
            Rumba-Misc: 0.00263506406918
            Samba: 0.0958675965667
            Tango: 0.016522789374
            VienneseWaltz: 0.0264141298831
            Waltz: 0.00992663856596
        probability: 0.510991215706
        value: "Jive"
    culture:
        all:
            non_western: 0.129714101553
            western: 0.870285928249
        probability: 0.870285928249
        value: "western"
    gender:
        all:
            female: 0.91226798296
            male: 0.087732039392
        probability: 0.91226798296
        value: "female"
    genre_dortmund:
        all:
            alternative: 0.0700297281146
            blues: 0.021452486515
            electronic: 0.0180598180741
            folkcountry: 0.291907161474
            funksoulrnb: 0.0124145625159
            jazz: 0.0892390459776
            pop: 0.0905666649342
            raphiphop: 0.00580461788923
            rock: 0.400525897741
        probability: 0.400525897741
        value: "rock"
    genre_electronica:
        all:
            ambient: 0.655063271523
            dnb: 0.235259950161
            house: 0.00962613150477
            techno: 0.00470224674791
            trance: 0.0953484028578
        probability: 0.655063271523
        value: "ambient"
    genre_rosamerica:
        all:
            cla: 0.107825852931
            dan: 0.0185345578939
            hip: 0.00743774883449
            jaz: 0.0398233644664
            pop: 0.652205228806
            rhy: 0.034895081073
            roc: 0.13636764884
            spe: 0.00291049666703
        probability: 0.652205228806
        value: "pop"
    genre_tzanetakis:
        all:
            blu: 0.00970159564167
            cla: 0.0601037144661
            cou: 0.241911843419
            dis: 0.0697193741798
            hip: 0.00394865870476
            jaz: 0.068235360086
            met: 0.0100295674056
            pop: 0.227302476764
            reg: 0.04364124313
            roc: 0.265406161547
        probability: 0.265406161547
        value: "roc"
    live_studio:
        all:
            live: 0.0083729615435
            studio: 0.991627037525
        probability: 0.991627037525
        value: "studio"
    mood:
        all:
            Cluster1: 0.347243398428
            Cluster2: 0.154825240374
            Cluster3: 0.247963577509
            Cluster4: 0.113680072129
            Cluster5: 0.136287719011
        probability: 0.347243398428
        value: "Cluster1"
    mood_acoustic:
        all:
            acoustic: 0.0814630165696
            not_acoustic: 0.918536961079
        probability: 0.918536961079
        value: "not_acoustic"
    mood_aggressive:
        all:
            aggressive: 0.198243558407
            not_aggressive: 0.801756441593
        probability: 0.801756441593
        value: "not_aggressive"
    mood_electronic:
        all:
            electronic: 0.258823394775
            not_electronic: 0.741176605225
        probability: 0.741176605225
        value: "not_electronic"
    mood_happy:
        all:
            happy: 0.8947712183
            not_happy: 0.10522877425
        probability: 0.8947712183
        value: "happy"
    mood_party:
        all:
            not_party: 0.699482381344
            party: 0.300517588854
        probability: 0.699482381344
        value: "not_party"
    mood_relaxed:
        all:
            not_relaxed: 0.73146045208
            relaxed: 0.268539518118
        probability: 0.73146045208
        value: "not_relaxed"
    mood_sad:
        all:
            not_sad: 0.5
            sad: 0.5
        probability: 0.5
        value: "not_sad"
    rhythm:
        all:
            fast: 0.819210827351
            medium: 0.17626658082
            slow: 0.00452258484438
        probability: 0.819210827351
        value: "fast"
    speech_music:
        all:
            music: 0.997127473354
            speech: 0.002872497309
        probability: 0.997127473354
        value: "music"
    timbre:
        all:
            bright: 0.991578280926
            dark: 0.00842169951648
        probability: 0.991578280926
        value: "bright"
    voice_instrumental:
        all:
            instrumental: 0.00444055255502
            voice: 0.995559453964
        probability: 0.995559453964
        value: "voice"

lowlevel:
    average_loudness: 0.793140232563
    barkbands_kurtosis:
        dmean: 0.496086865664
        dmean2: 0.768389940262
        dvar: 0.430530965328
        dvar2: 1.03694593906
        max: 9.04481983185
        mean: -0.554708600044
        min: -1.73170542717
        var: 2.00234389305
    barkbands_skewness:
        dmean: 0.270718932152
        dmean2: 0.419293731451
        dvar: 0.0517943911254
        dvar2: 0.12033367157
        max: 2.97869634628
        mean: 0.426638096571
        min: -1.33921420574
        var: 0.503170311451
    barkbands_spread:
        dmean: 3.62236094475
        dmean2: 5.69594097137
        dvar: 11.9698829651
        dvar2: 24.7990131378
        max: 51.9241485596
        mean: 28.8165569305
        min: 12.2865505219
        var: 49.6836547852
    dissonance:
        dmean: 0.0187425874174
        dmean2: 0.0324463211
        dvar: 0.000276030419627
        dvar2: 0.0007728842902
        max: 0.496272414923
        mean: 0.457917422056
        min: 0.374783486128
        var: 0.000506523821969
    hfc:
        dmean: 1.26780629158
        dmean2: 1.68664717674
        dvar: 4.38616323471
        dvar2: 7.16299438477
        max: 28.4955501556
        mean: 5.02092838287
        min: 0.258435964584
        var: 31.6776428223
    pitch:
        dmean: 329.776245117
        dmean2: 646.880126953
        dvar: 791449.75
        dvar2: 2241102.75
        max: 4009.09082031
        mean: 467.870422363
        min: 86.8110198975
        var: 726813.75
    pitch_instantaneous_confidence:
        dmean: 0.0746175125241
        dmean2: 0.119173929095
        dvar: 0.00345751899295
        dvar2: 0.00932152383029
        max: 0.806543946266
        mean: 0.407087236643
        min: 0.146190166473
        var: 0.0181826669723
    pitch_salience:
        dmean: 0.0520682781935
        dmean2: 0.084951877594
        dvar: 0.00193276372738
        dvar2: 0.00528874713928
        max: 0.818216323853
        mean: 0.626592159271
        min: 0.394185960293
        var: 0.00476508727297
    silence_rate_20dB:
        dmean: 0
        dmean2: 0
        dvar: 0
        dvar2: 0
        max: 1
        mean: 1
        min: 1
        var: 0
    silence_rate_30dB:
        dmean: 0
        dmean2: 0
        dvar: 0
        dvar2: 0
        max: 1
        mean: 1
        min: 1
        var: 0
    silence_rate_60dB:
        dmean: 0.0744186043739
        dmean2: 0.149184152484
        dvar: 0.0688809230924
        dvar2: 0.140913918614
        max: 1
        mean: 0.647331774235
        min: 0
        var: 0.228292748332
    spectral_centroid:
        dmean: 171.345443726
        dmean2: 263.965240479
        dvar: 25998.2070312
        dvar2: 58289.2070312
        max: 2676.18115234
        mean: 1397.75097656
        min: 481.045074463
        var: 203268.25
    spectral_complexity:
        dmean: 2.45327091217
        dmean2: 3.6440281868
        dvar: 9.01419067383
        dvar2: 17.6250190735
        max: 35
        mean: 9.84615421295
        min: 0
        var: 52.9693527222
    spectral_crest:
        dmean: 1.72577750683
        dmean2: 2.77865791321
        dvar: 2.10751128197
        dvar2: 5.68556213379
        max: 18.7012844086
        mean: 7.17504930496
        min: 2.60451292992
        var: 7.64348649979
    spectral_decrease:
        dmean: 1.75783637646e-10
        dmean2: 2.5182728125e-10
        dvar: 6.25069821998e-20
        dvar2: 1.08065460163e-19
        max: -7.03680030911e-11
        mean: -7.08400116345e-10
        min: -3.08910830249e-09
        var: 3.9304443233e-19
    spectral_energy:
        dmean: 0.000766804965679
        dmean2: 0.00108482094947
        dvar: 1.23169229482e-06
        dvar2: 2.06280037673e-06
        max: 0.0136046363041
        mean: 0.00312908133492
        min: 0.000289026647806
        var: 8.14266059024e-06
    spectral_energyband_high:
        dmean: 7.30850879336e-05
        dmean2: 0.000107072504761
        dvar: 2.72513194233e-08
        dvar2: 5.67953755137e-08
        max: 0.00199720961973
        mean: 0.000165134842973
        min: 6.44317333354e-06
        var: 7.00470366155e-08
    spectral_energyband_low:
        dmean: 4.16422844864e-05
        dmean2: 6.88267027726e-05
        dvar: 9.74607328175e-09
        dvar2: 2.74233169506e-08
        max: 0.00107003818266
        mean: 8.4914798208e-05
        min: 1.97922773282e-07
        var: 1.07593614018e-08
    spectral_energyband_middle_high:
        dmean: 0.000401272001909
        dmean2: 0.000541214307304
        dvar: 4.200971091e-07
        dvar2: 6.74626733144e-07
        max: 0.00890674069524
        mean: 0.00153585954104
        min: 9.63576239883e-05
        var: 3.17538888339e-06
    spectral_energyband_middle_low:
        dmean: 0.000430155690992
        dmean2: 0.000668443739414
        dvar: 3.09183462832e-07
        dvar2: 6.44324870791e-07
        max: 0.00709564890712
        mean: 0.00134316994809
        min: 0.000136050497531
        var: 1.22246945011e-06
    spectral_flatness_db:
        dmean: 0.0144573003054
        dmean2: 0.021000334993
        dvar: 0.000147249840666
        dvar2: 0.000288714742055
        max: 0.226893618703
        mean: 0.137065693736
        min: 0.0624715052545
        var: 0.000811715435702
    spectral_flux:
        dmean: 0.00618393626064
        dmean2: 0.00953778065741
        dvar: 6.26408000244e-05
        dvar2: 0.000127719453303
        max: 0.0863861441612
        mean: 0.0299218576401
        min: 0.00866265781224
        var: 0.000303952023387
    spectral_kurtosis:
        dmean: 0.786510944366
        dmean2: 1.25723075867
        dvar: 0.575598835945
        dvar2: 1.44103574753
        max: 9.1735830307
        mean: 3.65128064156
        min: 0.705240488052
        var: 2.39375638962
    spectral_rms:
        dmean: 0.000199201836949
        dmean2: 0.000281386921415
        dvar: 5.97758287313e-08
        dvar2: 9.21260863151e-08
        max: 0.00364318746142
        mean: 0.0015938783763
        min: 0.000531015277375
        var: 5.12315580181e-07
    spectral_rolloff:
        dmean: 353.285308838
        dmean2: 582.707763672
        dvar: 165870.59375
        dvar2: 375830.375
        max: 4608.10546875
        mean: 2786.26489258
        min: 430.6640625
        var: 806148.5625
    spectral_skewness:
        dmean: 0.118578620255
        dmean2: 0.188732355833
        dvar: 0.011696648784
        dvar2: 0.0262123625726
        max: 2.71846175194
        mean: 1.59319257736
        min: 0.971324980259
        var: 0.0569115765393
    spectral_spread:
        dmean: 605726.0625
        dmean2: 771465.375
        dvar: 695352033280
        dvar2: 1.01572064051e+12
        max: 15070387
        mean: 5679046.5
        min: 3157943
        var: 2.61625872384e+12
    spectral_strongpeak:
        dmean: 0.306474000216
        dmean2: 0.516169250011
        dvar: 0.270703703165
        dvar2: 0.682815313339
        max: 3.61388015747
        mean: 0.535484910011
        min: 0.019454639405
        var: 0.445158690214
    zerocrossingrate:
        dmean: 0.00663628987968
        dmean2: 0.00813497137278
        dvar: 3.48366374965e-05
        dvar2: 4.30949985457e-05
        max: 0.1376953125
        mean: 0.0845375359058
        min: 0.03076171875
        var: 0.000424532685429
    barkbands:
        dmean: [1.19493108741e-07, 1.5789641111e-05, 3.10286268359e-05, 4.01957513532e-05, 0.000207219505683, 0.000107758249214, 5.47437921341e-05, 0.00015943600738, 9.6719020803e-05, 6.22773222858e-05, 4.79021982756e-05, 3.31846749759e-05, 6.06306603004e-05, 6.88127693138e-05, 9.23234329093e-05, 9.83477657428e-05, 7.40363466321e-05, 4.47073725809e-05, 0.000119469943456, 9.82032797765e-05, 2.47755324381e-05, 9.255661098e-06, 2.97581004816e-06, 1.2590261349e-06, 1.84351790722e-06, 1.72298200596e-07, 7.41295413942e-10]
        dmean2: [1.90040850612e-07, 2.58838554146e-05, 5.14040912094e-05, 6.73755057505e-05, 0.000326580018736, 0.000173653999809, 8.12813741504e-05, 0.000249225762673, 0.000141974611324, 0.000101578618342, 7.77889872552e-05, 5.35216786375e-05, 8.71829324751e-05, 0.000101557510789, 0.000142584874993, 0.000162299256772, 0.00011521390843, 6.90921660862e-05, 0.000171996638528, 0.000148939201608, 3.71411260858e-05, 1.33390376504e-05, 4.38017241322e-06, 1.8617903379e-06, 2.59288140114e-06, 2.60264215513e-07, 1.12874898317e-09]
        dvar: [8.85200590671e-14, 8.97855567672e-10, 7.53752171789e-09, 4.62884575114e-09, 6.75073152934e-08, 2.71750923986e-08, 8.06914357554e-09, 1.25988748323e-07, 4.87019597983e-08, 4.19876720059e-08, 1.76446963707e-08, 3.35326388878e-09, 1.6472426978e-08, 2.21726352834e-08, 4.45881660482e-08, 3.34849161732e-08, 1.79477481765e-08, 4.60067628438e-09, 4.98299392859e-08, 3.28667084659e-08, 2.9907838428e-09, 3.93464455462e-10, 4.3298361424e-11, 7.77494821996e-12, 2.8353376938e-11, 3.1342018824e-13, 2.52646998719e-17]
        dvar2: [2.19457834067e-13, 2.33604624533e-09, 2.26588916519e-08, 1.33491893095e-08, 1.65420843246e-07, 6.86610590606e-08, 1.64197420105e-08, 2.72865804618e-07, 9.94569475665e-08, 1.02154317005e-07, 4.64025298186e-08, 8.29425417237e-09, 2.51037750587e-08, 4.50338788482e-08, 8.48407779586e-08, 7.93072700844e-08, 3.84286487076e-08, 1.05472492962e-08, 9.7288470613e-08, 6.78146037103e-08, 7.3333707995e-09, 8.5733709021e-10, 9.11273626003e-11, 1.69372536829e-11, 6.24078289047e-11, 7.73511083744e-13, 3.13444806829e-17]
        max: [2.96496773444e-06, 0.000189497208339, 0.000982733443379, 0.000621430866886, 0.00203752890229, 0.00227645831183, 0.0015308149159, 0.00454467860982, 0.00280687515624, 0.00364689319395, 0.00226526125334, 0.000823081587441, 0.00249118241481, 0.00179160200059, 0.00311813293956, 0.00202754349448, 0.00234845140949, 0.00103728263639, 0.0029165588785, 0.002456439659, 0.000627737550531, 0.000206032927963, 7.81306589488e-05, 2.85498736048e-05, 5.64505498915e-05, 5.84142662774e-06, 9.71514424464e-08]
        mean: [1.39485237582e-07, 2.96512353088e-05, 5.51285775146e-05, 8.03900693427e-05, 0.000393645750592, 0.000227863230975, 0.000103689817479, 0.000325075234286, 0.00019717401301, 9.350914479e-05, 6.9946545409e-05, 6.29217174719e-05, 0.000106369094283, 0.000117264011351, 0.000173257300048, 0.0002081633138, 0.000159214410814, 8.47847695695e-05, 0.000312661926728, 0.000244509807089, 5.20108260389e-05, 1.94227213797e-05, 5.86482929066e-06, 3.02796252072e-06, 3.19945456795e-06, 1.97318811956e-07, 6.71355415705e-10]
        min: [3.74027128713e-11, 3.29091029982e-08, 9.06148613922e-08, 1.55033518467e-07, 2.05982905754e-05, 6.32537376077e-06, 4.07691823057e-06, 6.13990152942e-07, 2.13513931158e-06, 3.43744522979e-06, 2.30369096244e-06, 1.78798563866e-06, 1.01272200936e-06, 1.53352732468e-06, 3.42327848557e-06, 2.82747100755e-06, 2.97764222523e-06, 4.42539021606e-06, 4.52206631962e-06, 8.38187133922e-06, 2.30030877901e-06, 5.66043127037e-07, 2.12528405541e-07, 5.66183686601e-08, 3.14903019216e-08, 5.01047425772e-10, 2.41495056374e-14]
        var: [1.12296978628e-13, 9.65405200226e-10, 7.58829621361e-09, 8.37977864876e-09, 1.4365609502e-07, 5.86428861027e-08, 2.21244480514e-08, 5.35564026904e-07, 1.95708452111e-07, 5.78826266917e-08, 1.62733417852e-08, 8.27966850636e-09, 6.10448509519e-08, 6.93165276289e-08, 1.5495741934e-07, 1.06905204689e-07, 5.41412177313e-08, 1.22290844118e-08, 2.8202566682e-07, 1.45602157886e-07, 4.94145346863e-09, 7.860048723e-10, 7.80594408556e-11, 1.74700861416e-11, 4.00129339384e-11, 2.98641563952e-13, 2.41924074459e-17]
    mfcc:
        mean: [-729.358154297, 110.635910034, -40.7158851624, 39.0895423889, -11.5191993713, -7.32214593887, -4.24085330963, -11.8057346344, -7.26899051666, -3.76258778572, -8.50395202637, -7.71707439423, 1.92948305607]
        cov: [[2054.00024414, -517.962585449, -259.809173584, -34.4984474182, -26.1093273163, -198.348678589, -47.6962471008, -157.461898804, 83.5215301514, 168.322891235, 12.1568241119, -95.8519363403, -86.1844406128], [-517.962585449, 453.547088623, -73.311050415, 6.70239830017, 0.54938185215, 63.5417861938, 38.405670166, 67.0988769531, -30.9033107758, 10.1832256317, 61.9235229492, 64.3526763916, 20.9959812164], [-259.809173584, -73.311050415, 409.529327393, 28.231086731, -1.29256260395, 69.9128494263, 3.75464463234, 34.8264389038, -19.2676734924, -112.780883789, -26.2324428558, -11.3172044754, -19.0256710052], [-34.4984474182, 6.70239830017, 28.231086731, 112.099182129, 40.7857704163, -13.2063140869, -28.0054283142, -24.4920806885, 13.7121524811, -4.54929733276, -26.2142238617, 9.63992595673, 27.1288967133], [-26.1093273163, 0.54938185215, -1.29256260395, 40.7857704163, 106.73462677, 12.6334037781, -22.9434299469, -10.1487150192, 17.7820186615, 2.559445858, -19.8632545471, 12.5313644409, 21.0938472748], [-198.348678589, 63.5417861938, 69.9128494263, -13.2063140869, 12.6334037781, 115.53578949, 43.7087020874, 42.2157936096, -17.912115097, -26.9189453125, 30.9773578644, 24.6126670837, 0.444455623627], [-47.6962471008, 38.405670166, 3.75464463234, -28.0054283142, -22.9434299469, 43.7087020874, 87.3140716553, 40.0076446533, -22.9200935364, -0.0630991756916, 34.5106201172, 4.65458345413, -17.9668827057], [-157.461898804, 67.0988769531, 34.8264389038, -24.4920806885, -10.1487150192, 42.2157936096, 40.0076446533, 87.9400863647, 0.816871523857, -18.0702800751, 23.0940284729, 18.4089355469, -8.48164653778], [83.5215301514, -30.9033107758, -19.2676734924, 13.7121524811, 17.7820186615, -17.912115097, -22.9200935364, 0.816871523857, 64.0655517578, 36.5069694519, -1.62323462963, -6.56769037247, 2.2275121212], [168.322891235, 10.1832256317, -112.780883789, -4.54929733276, 2.559445858, -26.9189453125, -0.0630991756916, -18.0702800751, 36.5069694519, 134.507873535, 52.6515541077, -24.8106517792, -17.1911945343], [12.1568241119, 61.9235229492, -26.2324428558, -26.2142238617, -19.8632545471, 30.9773578644, 34.5106201172, 23.0940284729, -1.62323462963, 52.6515541077, 94.3406829834, 15.5847558975, -27.6718063354], [-95.8519363403, 64.3526763916, -11.3172044754, 9.63992595673, 12.5313644409, 24.6126670837, 4.65458345413, 18.4089355469, -6.56769037247, -24.8106517792, 15.5847558975, 71.2160644531, 35.3021125793], [-86.1844406128, 20.9959812164, -19.0256710052, 27.1288967133, 21.0938472748, 0.444455623627, -17.9668827057, -8.48164653778, 2.2275121212, -17.1911945343, -27.6718063354, 35.3021125793, 72.5556335449]]
        icov: [[0.00105128111318, 0.00115338130854, 0.000566722301301, 1.66415302374e-05, 2.43992180913e-05, 0.000749651750084, -0.000457938265754, 0.000934450363275, -0.000564724439755, -0.000300046347547, -0.000438669841969, -0.000634920608718, 0.0011293903226], [0.00115338130854, 0.004690263886, 0.00159248581622, -0.00142704811879, 0.000288206822006, -0.00038505718112, 0.000578974199016, -0.00190152938012, 0.001882690005, -0.000994115602225, -0.00157659756951, -0.00195850152522, 0.000861868145876], [0.000566722301301, 0.00159248581622, 0.00484229298308, -0.00235293246806, 0.00059718551347, -0.00237401318736, 0.00136008975096, -0.00120301148854, -0.000489139754791, 0.00403528893366, -0.00196121237241, 0.00242398004048, 0.00144272099715], [1.66415302374e-05, -0.00142704811879, -0.00235293246806, 0.0133372535929, -0.00366017897613, 0.00217943335883, -0.000659838144202, 0.00401174370199, -0.00231397873722, -0.00119299441576, 0.00200547836721, -0.001873362693, -0.0023500691168], [2.43992180913e-05, 0.000288206822006, 0.00059718551347, -0.00366017897613, 0.0133361322805, -0.00491047883406, 0.00257960008457, 0.000313121010549, -0.00183186365757, -0.00261889630929, 0.00459871347994, -0.0031240475364, 0.00100866251159], [0.000749651750084, -0.00038505718112, -0.00237401318736, 0.00217943335883, -0.00491047883406, 0.0174796264619, -0.00621235650033, -0.00086037768051, -5.09987285113e-06, 0.0027871793136, -0.00638843048364, -0.000317967700539, -0.00237514497712], [-0.000457938265754, 0.000578974199016, 0.00136008975096, -0.000659838144202, 0.00257960008457, -0.00621235650033, 0.0214144345373, -0.00847768876702, 0.00767202908173, -0.00148805626668, -0.0022831610404, 0.0017552342033, 0.00117886986118], [0.000934450363275, -0.00190152938012, -0.00120301148854, 0.00401174370199, 0.000313121010549, -0.00086037768051, -0.00847768876702, 0.0224747974426, -0.00951774604619, 0.00354167236947, -0.000834554200992, -0.00366101507097, 0.00288130366243], [-0.000564724439755, 0.001882690005, -0.000489139754791, -0.00231397873722, -0.00183186365757, -5.09987285113e-06, 0.00767202908173, -0.00951774604619, 0.0266619361937, -0.0101093808189, 0.0035055836197, -0.00166019191965, -0.000227939555771], [-0.000300046347547, -0.000994115602225, 0.00403528893366, -0.00119299441576, -0.00261889630929, 0.0027871793136, -0.00148805626668, 0.00354167236947, -0.0101093808189, 0.0238100420684, -0.0175813939422, 0.0137809328735, -0.00523328082636], [-0.000438669841969, -0.00157659756951, -0.00196121237241, 0.00200547836721, 0.00459871347994, -0.00638843048364, -0.0022831610404, -0.000834554200992, 0.0035055836197, -0.0175813939422, 0.0324904248118, -0.0175150372088, 0.0133503582329], [-0.000634920608718, -0.00195850152522, 0.00242398004048, -0.001873362693, -0.0031240475364, -0.000317967700539, 0.0017552342033, -0.00366101507097, -0.00166019191965, 0.0137809328735, -0.0175150372088, 0.034542709589, -0.0181051399559], [0.0011293903226, 0.000861868145876, 0.00144272099715, -0.0023500691168, 0.00100866251159, -0.00237514497712, 0.00117886986118, 0.00288130366243, -0.000227939555771, -0.00523328082636, 0.0133503582329, -0.0181051399559, 0.0291495099664]]
    spectral_contrast:
        mean: [-5.06622086505e-07, 1.85839013511e-07, -2.68516146207e-07, 1.21814380805e-07, -2.64764793201e-07, -2.36577648138e-07, -2.78418997368e-06, 2.14142528421e-06, 2.22128028327e-06, 1.41432508372e-06, 3.69611325368e-06, 4.62387561129e-06]
        var: [0.000299077189993, 0.000487409037305, 0.00150578422472, 0.00195999979042, 0.00258536380716, 0.00378845306113, 0.0413766391575, 0.0951847732067, 0.101172454655, 0.217876195908, 0.306633025408, 1.1174030304]

rhythm:
    beats_loudness:
        dmean: 0.0027725470718
        dmean2: 0.00483595579863
        dvar: 4.50288598586e-06
        dvar2: 9.4418428489e-06
        max: 0.013060675934
        mean: 0.00459234369919
        min: 0.000583332730457
        var: 1.15023794933e-05
    beats_loudness_bass:
        dmean: 0.0432500168681
        dmean2: 0.0728292614222
        dvar: 0.00201548193581
        dvar2: 0.00650429027155
        max: 0.250553548336
        mean: 0.0570239797235
        min: 0.00347320199944
        var: 0.00294157513417
    bpm: 120.024108887
    bpm_confidence: 0
    first_peak_bpm: 159
    first_peak_spread: 0
    first_peak_weight: 0.636363625526
    onset_rate: 3.09848237038
    second_peak_bpm: 120
    second_peak_spread: 0.125000059605
    second_peak_weight: 0.318181812763
    beats_position: [0.453687936068, 0.830036461353, 1.20638501644, 1.58273363113, 1.95908224583, 2.33543086052, 2.711779356, 3.08812785149, 3.46447634697, 3.84082484245, 4.21717309952, 4.593521595, 4.96987009048, 5.34621858597, 5.72256708145, 6.21399784088, 6.71389865875, 7.21379947662, 7.71370029449, 8.21360111237, 8.71350097656, 9.21340179443, 9.7133026123]
    bpm_estimates: [120.245407104, 119.800865173, 120.026077271]
    bpm_intervals: [0.376348525286, 0.376348555088, 0.376348614693, 0.376348614693, 0.376348614693, 0.376348495483, 0.376348495483, 0.376348495483, 0.376348495483, 0.376348257065, 0.376348495483, 0.376348495483, 0.376348495483, 0.376348495483, 0.49143075943, 0.499900817871, 0.499900817871, 0.499900817871, 0.499900817871, 0.499899864197, 0.499900817871, 0.499900817871]
    onset_times: [0.0580498874187, 0.208979591727, 0.46439909935, 1.05650794506, 1.20743763447, 1.60217690468, 2.53097510338, 2.69351482391, 3.07664394379, 3.84290242195, 4.19120168686, 4.41179132462, 4.58594083786, 4.74848079681, 4.95746040344, 5.10838985443, 5.30575942993, 5.47990942001, 5.71210861206, 5.86303853989, 6.1068482399, 6.15328788757, 6.31582784653, 7.19818592072, 7.58131504059, 7.95283460617, 8.54494285583, 8.6958732605, 9.0906124115, 9.47374153137, 9.85687065125]
    rubato_start: [6.21399784088]
    rubato_stop: [6.71389865875]
    perceptual_tempo: "unknown"

sfx:
    inharmonicity:
        dmean: 0.0482307784259
        dmean2: 0.0834326371551
        dvar: 0.00286832731217
        dvar2: 0.00811369623989
        max: 0.36584174633
        mean: 0.055685620755
        min: 1.57538779604e-05
        var: 0.003135523526
    oddtoevenharmonicenergyratio:
        dmean: 1.77873003483
        dmean2: 3.21745753288
        dvar: 8.40338039398
        dvar2: 24.3170852661
        max: 19.6331481934
        mean: 1.55217015743
        min: 0.00087332498515
        var: 7.59010839462
    pitch_after_max_to_before_max_energy_ratio: 19.8142604828
    pitch_centroid: 185.035400391
    pitch_max_to_total: 0.114219114184
    pitch_min_to_total: 0.279720276594
    tristimulus:
        dmean: [0.182439133525, 0.200377970934, 0.117177098989]
        dmean2: [0.319425523281, 0.347534149885, 0.204137921333]
        dvar: [0.0259859487414, 0.0279013626277, 0.0111877629533]
        dvar2: [0.0695644170046, 0.0790475383401, 0.0307472236454]
        max: [0.931739449501, 0.929814696312, 0.59468883276]
        mean: [0.340242385864, 0.489335715771, 0.150145366788]
        min: [0.0106117855757, 0, 0]
        var: [0.0415000915527, 0.0422419756651, 0.0151156913489]

tonal:
    chords_changes_rate: 0.050925925374
    chords_number_rate: 0.0277777779847
    chords_strength:
        dmean: 0.00836260896176
        dmean2: 0.00747617194429
        dvar: 3.15616562148e-05
        dvar2: 4.00782482757e-05
        max: 0.733279168606
        mean: 0.551360011101
        min: 0.32230553031
        var: 0.0125067941844
    key_strength: 0.815117120743
    tuning_diatonic_strength: 0.693703353405
    tuning_equal_tempered_deviation: 0.107929989696
    tuning_frequency: 441.272583008
    tuning_nontempered_energy_ratio: 0.704251825809
    hpcp:
        dmean: [0.134932652116, 0.120641261339, 0.117863297462, 0.124395750463, 0.106759384274, 0.0914915204048, 0.113626092672, 0.17617110908, 0.202533870935, 0.230299845338, 0.18447932601, 0.105139993131, 0.0686523169279, 0.0892788469791, 0.159575358033, 0.148563504219, 0.140175953507, 0.0816429778934, 0.0657377019525, 0.0794813483953, 0.10810931772, 0.130598649383, 0.12852562964, 0.144285723567, 0.15275208652, 0.1036741063, 0.0534739531577, 0.0395643748343, 0.046921197325, 0.0846509188414, 0.0986986905336, 0.0781280845404, 0.0773153081536, 0.0752227604389, 0.0739574506879, 0.113818906248]
        dmean2: [0.214086294174, 0.196063786745, 0.205304250121, 0.204481422901, 0.178181931376, 0.162071511149, 0.19143819809, 0.300594091415, 0.335539698601, 0.391602784395, 0.297963529825, 0.18813149631, 0.115122668445, 0.153864383698, 0.26152703166, 0.251604825258, 0.238161116838, 0.147024035454, 0.110278554261, 0.139769122005, 0.181754678488, 0.219610407948, 0.218762725592, 0.23198620975, 0.243587821722, 0.178750097752, 0.0881080552936, 0.064660333097, 0.0784644782543, 0.130296736956, 0.154130443931, 0.132915601134, 0.133125931025, 0.123959548771, 0.123698614538, 0.192316874862]
        dvar: [0.0266034584492, 0.0217505209148, 0.024523826316, 0.0303623192012, 0.0274500511587, 0.0168151129037, 0.027411006391, 0.0463423766196, 0.0376463197172, 0.0513281673193, 0.0370413474739, 0.0305304341018, 0.0145650701597, 0.0171488579363, 0.0406415760517, 0.0336049199104, 0.0325371362269, 0.0197807196528, 0.0172449741513, 0.0299803651869, 0.0267400871962, 0.0344449989498, 0.0292998030782, 0.0232739355415, 0.0334871858358, 0.020929152146, 0.00811691582203, 0.00362423015758, 0.00452323444188, 0.00926655624062, 0.0152768259868, 0.0142499562353, 0.028451981023, 0.0215819720179, 0.0164736378938, 0.018828112632]
        dvar2: [0.0689846351743, 0.0504700951278, 0.0632970407605, 0.0747940912843, 0.0702277049422, 0.0465739183128, 0.0687892735004, 0.127529129386, 0.0977900251746, 0.143841549754, 0.0907116010785, 0.0825696587563, 0.0374008640647, 0.0451418794692, 0.107529677451, 0.0730852335691, 0.0847069695592, 0.0533745586872, 0.0439864546061, 0.0874949321151, 0.0767365768552, 0.0845215842128, 0.0789201334119, 0.0597829781473, 0.0915804803371, 0.06811953336, 0.019258921966, 0.00877341348678, 0.0117058968171, 0.0205036830157, 0.0342344455421, 0.0369210466743, 0.0761841982603, 0.0576428323984, 0.0432089008391, 0.0508962646127]
        max: [1, 1, 1, 1, 1, 1, 1, 1, 1, 1, 1, 1, 0.847784936428, 0.703787267208, 1, 1, 1, 1, 0.772563815117, 1, 1, 1, 1, 1, 1, 1, 0.873272955418, 0.510336279869, 0.565423905849, 0.863438308239, 1, 0.8119571805, 1, 1, 1, 1]
        mean: [0.276081860065, 0.213225618005, 0.1922557652, 0.207080826163, 0.15958724916, 0.13559563458, 0.147790536284, 0.202684909105, 0.489866435528, 0.587754368782, 0.284346163273, 0.102435559034, 0.0738548710942, 0.0949178412557, 0.268632978201, 0.366275399923, 0.214382529259, 0.0895201340318, 0.0685341507196, 0.0755531191826, 0.178997039795, 0.251567572355, 0.187720224261, 0.261511385441, 0.326893091202, 0.177381038666, 0.0681463554502, 0.0502176694572, 0.0621794983745, 0.144332185388, 0.183613672853, 0.118820235133, 0.084891885519, 0.0912840291858, 0.106319382787, 0.203935846686]
        min: [0.00599073478952, 0.0112226307392, 0.0132761709392, 0.00667643966153, 0.00556319858879, 0.00723948702216, 0.00734890252352, 0.01397745125, 0.0354944430292, 0.0230068173259, 0.0105644529685, 0.00374417961575, 0.0026240858715, 0.00740035343915, 0.00487008877099, 0.00714056892321, 0.00935449171811, 0.0020318205934, 0.00169863109477, 0.0022537058685, 0.00251277815551, 0.00251621170901, 0.00356704415753, 0.00865231081843, 0.00548714213073, 0.00614447286353, 0.00225765211508, 0.00147609331179, 0.00182941055391, 0.00467429449782, 0.00694216275588, 0.00581501470879, 0.00184909941163, 0.00167793035507, 0.00323209865019, 0.00685867108405]
        var: [0.0709538310766, 0.0423562712967, 0.0339235663414, 0.051950186491, 0.0379852950573, 0.0205583423376, 0.0320486240089, 0.0491577535868, 0.0870681405067, 0.10847517848, 0.0544108599424, 0.0304695852101, 0.0143725788221, 0.014852357097, 0.0687862038612, 0.113062135875, 0.0471647419035, 0.018141373992, 0.0164294559509, 0.0214467979968, 0.0464654155076, 0.0933725386858, 0.0440861135721, 0.0553150475025, 0.0990172997117, 0.039158526808, 0.0117467995733, 0.00464772060513, 0.00534320203587, 0.0209130048752, 0.033056166023, 0.0171997305006, 0.0245250612497, 0.0227073151618, 0.0236063562334, 0.0368150621653]
    chords_histogram: [56.4814796448, 15.7407407761, 12.9629631042, 0, 0, 0, 0, 0, 0, 0, 0, 0, 0, 0, 0, 0, 0, 3.24074077606, 0, 0, 0, 0, 2.31481480598, 9.25925922394]
    thpcp: [1, 0.483784019947, 0.174282938242, 0.12565600872, 0.161492362618, 0.45704972744, 0.623177647591, 0.364748507738, 0.152308747172, 0.116603389382, 0.128545403481, 0.304543942213, 0.428014814854, 0.319385498762, 0.444933116436, 0.556172966957, 0.301794499159, 0.115943595767, 0.0854398906231, 0.105791643262, 0.245565488935, 0.312398642302, 0.202159672976, 0.144434288144, 0.155309826136, 0.180890843272, 0.346974611282, 0.469723194838, 0.362780153751, 0.3271022439, 0.352325469255, 0.271520316601, 0.230701193213, 0.251449495554, 0.344846278429, 0.833454370499]
    chords_key: "F"
    chords_scale: "major"
    key_key: "F"
    key_scale: "major"
    chords_progression: ["Fm", "Fm", "Fm", "Fm", "A#", "Fm", "Fm", "Fm", "F", "A#", "A#", "A#", "A#", "F", "F", "F", "F", "F", "F", "F", "F", "F", "F", "F", "F", "F", "F", "F", "F", "F", "F", "F", "F", "F", "F", "F", "F", "F", "F", "F", "F", "F", "F", "F", "F", "F", "F", "F", "F", "F", "F", "F", "F", "F", "F", "F", "F", "F", "F", "F", "F", "F", "F", "F", "F", "F", "F", "F", "F", "F", "F", "F", "F", "F", "F", "F", "F", "F", "F", "F", "F", "F", "F", "F", "F", "F", "F", "F", "F", "F", "F", "F", "F", "F", "F", "F", "F", "F", "F", "F", "F", "F", "F", "F", "F", "F", "F", "F", "F", "F", "F", "F", "F", "F", "F", "F", "F", "F", "F", "F", "F", "F", "F", "F", "F", "F", "F", "F", "F", "F", "F", "F", "F", "F", "Am", "Am", "Am", "Am", "Am", "Am", "Am", "Am", "Am", "Am", "Am", "Am", "C", "C", "C", "C", "C", "C", "C", "C", "C", "C", "C", "C", "C", "C", "C", "C", "C", "C", "C", "C", "C", "C", "C", "C", "C", "C", "C", "Am", "Am", "Am", "Am", "Am", "Am", "Am", "Dm", "Dm", "Dm", "Dm", "Dm", "Dm", "Dm", "Dm", "Dm", "Dm", "Dm", "Dm", "Dm", "Dm", "Dm", "Dm", "Dm", "Dm", "Dm", "Dm", "Am", "Am", "Am", "Am", "Am", "Am", "Am", "Am", "Am", "Am", "Am", "Am", "Am", "Am", "Am", "C"]
