
metadata:
    version:
        essentia: "1.2.2"
    audio_properties:
        analysis_sample_rate: 44100
        bitrate: 128
        channels: 2
        equal_loudness: 1
        length: 10.0310201645
        replay_gain: -8.01749801636
        downmix: "mix"
    tags:
        track: 2
        year: 0
        album: "Splitted by Mp3Splt v. 2.1"
        artist: "From 000.10 To 000.20"
        comment: "http://mp3splt.sf.net"
        genre: ""
        title: "11 The More You Know.mp3"

highlevel:
    ballroom:
        all:
            ChaChaCha: 0.00195607566275
            Jive: 0.000969529675785
            Quickstep: 0.00280886748806
            Rumba-American: 0.00444145267829
            Rumba-International: 0.17528629303
            Rumba-Misc: 0.246486827731
            Samba: 0.00182643928565
            Tango: 0.0253498759121
            VienneseWaltz: 0.243408992887
            Waltz: 0.297465652227
        probability: 0.297465652227
        value: "Waltz"
    culture:
        all:
            non_western: 0.696345150471
            western: 0.303654879332
        probability: 0.696345150471
        value: "non_western"
    gender:
        all:
            female: 0.713155090809
            male: 0.286844909191
        probability: 0.713155090809
        value: "female"
    genre_dortmund:
        all:
            alternative: 0.171086132526
            blues: 0.0168607383966
            electronic: 0.0590490661561
            folkcountry: 0.077266164124
            funksoulrnb: 0.0463398881257
            jazz: 0.382016330957
            pop: 0.155698403716
            raphiphop: 0.00353197031654
            rock: 0.0881513282657
        probability: 0.382016330957
        value: "jazz"
    genre_electronica:
        all:
            ambient: 0.743160247803
            dnb: 0.00678524468094
            house: 0.220820188522
            techno: 0.0150774139911
            trance: 0.0141569301486
        probability: 0.743160247803
        value: "ambient"
    genre_rosamerica:
        all:
            cla: 0.107333019376
            dan: 0.0509067028761
            hip: 0.0231066569686
            jaz: 0.27231374383
            pop: 0.165221318603
            rhy: 0.119967080653
            roc: 0.243402391672
            spe: 0.0177490971982
        probability: 0.27231374383
        value: "jaz"
    genre_tzanetakis:
        all:
            blu: 0.165399715304
            cla: 0.0713004171848
            cou: 0.106027923524
            dis: 0.0289478190243
            hip: 0.0163182411343
            jaz: 0.336033076048
            met: 0.0165055897087
            pop: 0.0979469493032
            reg: 0.0512692816556
            roc: 0.110250987113
        probability: 0.336033076048
        value: "jaz"
    live_studio:
        all:
            live: 0.0929759293795
            studio: 0.907024085522
        probability: 0.907024085522
        value: "studio"
    mood:
        all:
            Cluster1: 0.136450976133
            Cluster2: 0.0765197277069
            Cluster3: 0.707664608955
            Cluster4: 0.0466681569815
            Cluster5: 0.0326965488493
        probability: 0.707664608955
        value: "Cluster3"
    mood_acoustic:
        all:
            acoustic: 0.578574061394
            not_acoustic: 0.421425968409
        probability: 0.578574061394
        value: "acoustic"
    mood_aggressive:
        all:
            aggressive: 0.00428459607065
            not_aggressive: 0.995715379715
        probability: 0.995715379715
        value: "not_aggressive"
    mood_electronic:
        all:
            electronic: 0.623811423779
            not_electronic: 0.376188606024
        probability: 0.623811423779
        value: "electronic"
    mood_happy:
        all:
            happy: 0.0149698350579
            not_happy: 0.985030174255
        probability: 0.985030174255
        value: "not_happy"
    mood_party:
        all:
            not_party: 0.993479311466
            party: 0.00652066757903
        probability: 0.993479311466
        value: "not_party"
    mood_relaxed:
        all:
            not_relaxed: 0.00553504703566
            relaxed: 0.994464933872
        probability: 0.994464933872
        value: "relaxed"
    mood_sad:
        all:
            not_sad: 0.0681471005082
            sad: 0.93185287714
        probability: 0.93185287714
        value: "sad"
    rhythm:
        all:
            fast: 0.0557509697974
            medium: 0.58790487051
            slow: 0.356344163418
        probability: 0.58790487051
        value: "medium"
    speech_music:
        all:
            music: 0.999975919724
            speech: 2.40699664573e-05
        probability: 0.999975919724
        value: "music"
    timbre:
        all:
            bright: 0.0373030081391
            dark: 0.962696969509
        probability: 0.962696969509
        value: "dark"
    voice_instrumental:
        all:
            instrumental: 0.992954909801
            voice: 0.00704509578645
        probability: 0.992954909801
        value: "instrumental"

lowlevel:
    average_loudness: 0.880872964859
    barkbands_kurtosis:
        dmean: 3.07086110115
        dmean2: 4.8315911293
        dvar: 16.9283409119
        dvar2: 44.7778205872
        max: 43.9668502808
        mean: 8.5214881897
        min: -1.7729883194
        var: 61.7556304932
    barkbands_skewness:
        dmean: 0.437282264233
        dmean2: 0.684295356274
        dvar: 0.271485537291
        dvar2: 0.642581105232
        max: 5.92010641098
        mean: 2.08681058884
        min: -0.10343862325
        var: 1.00051665306
    barkbands_spread:
        dmean: 2.36029410362
        dmean2: 3.90675354004
        dvar: 18.0682430267
        dvar2: 49.8320274353
        max: 32.7794799805
        mean: 8.13130283356
        min: 1.22444069386
        var: 30.3779182434
    dissonance:
        dmean: 0.0396591052413
        dmean2: 0.0631193965673
        dvar: 0.00134067842737
        dvar2: 0.00328542408533
        max: 0.487376630306
        mean: 0.353749066591
        min: 0.117420628667
        var: 0.00580410147086
    hfc:
        dmean: 0.277726471424
        dmean2: 0.395509064198
        dvar: 0.178446575999
        dvar2: 0.348610252142
        max: 8.64024734497
        mean: 1.33193218708
        min: 0.00501637579873
        var: 1.38262665272
    pitch:
        dmean: 105.348869324
        dmean2: 209.470458984
        dvar: 208047.375
        dvar2: 613425.625
        max: 3150
        mean: 216.64982605
        min: 72.8925628662
        var: 110712.695312
    pitch_instantaneous_confidence:
        dmean: 0.0605673603714
        dmean2: 0.0901868343353
        dvar: 0.00445623788983
        dvar2: 0.00924822036177
        max: 0.893083691597
        mean: 0.616252958775
        min: 0.219758749008
        var: 0.0154865756631
    pitch_salience:
        dmean: 0.0470053628087
        dmean2: 0.0745627358556
        dvar: 0.00260219187476
        dvar2: 0.00611578579992
        max: 0.809329926968
        mean: 0.518897175789
        min: 0.234057694674
        var: 0.00708614382893
    silence_rate_20dB:
        dmean: 0
        dmean2: 0
        dvar: 0
        dvar2: 0
        max: 1
        mean: 1
        min: 1
        var: 0
    silence_rate_30dB:
        dmean: 0
        dmean2: 0
        dvar: 0
        dvar2: 0
        max: 1
        mean: 1
        min: 1
        var: 0
    silence_rate_60dB:
        dmean: 0.074074074626
        dmean2: 0.148491874337
        dvar: 0.0685873702168
        dvar2: 0.154283776879
        max: 1
        mean: 0.561200916767
        min: 0
        var: 0.246253654361
    spectral_centroid:
        dmean: 63.8843803406
        dmean2: 104.264144897
        dvar: 16542.3222656
        dvar2: 46728.2929688
        max: 1373.26013184
        mean: 354.283782959
        min: 134.199050903
        var: 20450.1367188
    spectral_complexity:
        dmean: 0.784222722054
        dmean2: 1.2790697813
        dvar: 0.962718963623
        dvar2: 1.81979727745
        max: 14
        mean: 5.26851844788
        min: 0
        var: 3.22882795334
    spectral_crest:
        dmean: 1.71871590614
        dmean2: 2.63637280464
        dvar: 3.16434264183
        dvar2: 8.05753898621
        max: 20.1616306305
        mean: 11.0467357635
        min: 4.35174417496
        var: 7.89623165131
    spectral_decrease:
        dmean: 1.53595400287e-10
        dmean2: 2.22702523089e-10
        dvar: 4.08746937608e-20
        dvar2: 6.53016829851e-20
        max: -2.4779637977e-12
        mean: -9.4463747935e-10
        min: -3.8192089491e-09
        var: 4.40092604416e-19
    spectral_energy:
        dmean: 0.000597452919465
        dmean2: 0.000862505694386
        dvar: 6.1706168708e-07
        dvar2: 9.82000301519e-07
        max: 0.0151982773095
        mean: 0.00368608999997
        min: 9.80732147582e-06
        var: 6.7409246185e-06
    spectral_energyband_high:
        dmean: 4.50303559774e-06
        dmean2: 5.5578429965e-06
        dvar: 2.14173900837e-10
        dvar2: 2.51071524682e-10
        max: 0.000343541003531
        mean: 1.1918025848e-05
        min: 4.79174699919e-09
        var: 1.11667486369e-09
    spectral_energyband_low:
        dmean: 0.00022830121452
        dmean2: 0.000336542871082
        dvar: 8.06753064353e-08
        dvar2: 1.48085291585e-07
        max: 0.00273158145137
        mean: 0.000872048491146
        min: 9.4360774483e-07
        var: 4.75562956126e-07
    spectral_energyband_middle_high:
        dmean: 7.77511304477e-05
        dmean2: 0.000121814446175
        dvar: 2.43122659782e-08
        dvar2: 5.96289950749e-08
        max: 0.00219283020124
        mean: 0.000208627316169
        min: 1.20706988582e-06
        var: 7.1138984481e-08
    spectral_energyband_middle_low:
        dmean: 0.000498354027513
        dmean2: 0.000711147324182
        dvar: 4.94469361456e-07
        dvar2: 8.10216533864e-07
        max: 0.0113845625892
        mean: 0.0025934795849
        min: 7.47260128264e-06
        var: 4.87870693178e-06
    spectral_flatness_db:
        dmean: 0.0206297300756
        dmean2: 0.0292277000844
        dvar: 0.000438186194515
        dvar2: 0.000770338170696
        max: 0.452044606209
        mean: 0.287534743547
        min: 0.159714639187
        var: 0.00507293036208
    spectral_flux:
        dmean: 0.00654652481899
        dmean2: 0.0101231187582
        dvar: 5.65260670555e-05
        dvar2: 0.000122211931739
        max: 0.0629085078835
        mean: 0.0161458160728
        min: 0.00273602781817
        var: 0.000108164473204
    spectral_kurtosis:
        dmean: 12.5550794601
        dmean2: 19.2465457916
        dvar: 502.332489014
        dvar2: 1305.29724121
        max: 201.488235474
        mean: 35.6033096313
        min: 1.65541505814
        var: 2147.27832031
    spectral_rms:
        dmean: 0.000158714363351
        dmean2: 0.000228871838772
        dvar: 3.70418291595e-08
        dvar2: 5.9874352587e-08
        max: 0.00385066075251
        mean: 0.00179698737338
        min: 9.78167590802e-05
        var: 3.67017975123e-07
    spectral_rolloff:
        dmean: 153.130477905
        dmean2: 283.73727417
        dvar: 154649.5625
        dvar2: 442128.5625
        max: 2863.91601562
        mean: 479.413330078
        min: 107.666015625
        var: 110222.210938
    spectral_skewness:
        dmean: 0.786144196987
        dmean2: 1.19787728786
        dvar: 1.29454159737
        dvar2: 3.30156517029
        max: 12.208776474
        mean: 4.13520288467
        min: 1.15799713135
        var: 5.54864215851
    spectral_spread:
        dmean: 429443.5
        dmean2: 661154.6875
        dvar: 212986150912
        dvar2: 406814425088
        max: 7115124
        mean: 3466443.5
        min: 428396.4375
        var: 3.4715182039e+12
    spectral_strongpeak:
        dmean: 0.0786100327969
        dmean2: 0.123060882092
        dvar: 0.0123792188242
        dvar2: 0.0271669700742
        max: 1.16695082188
        mean: 0.352040022612
        min: 0.00181956274901
        var: 0.0804836377501
    zerocrossingrate:
        dmean: 0.0036128279753
        dmean2: 0.00481240916997
        dvar: 1.40027159432e-05
        dvar2: 1.96751188923e-05
        max: 0.064453125
        mean: 0.0236138235778
        min: 0.0048828125
        var: 0.000104603692307
    barkbands:
        dmean: [9.42380538049e-08, 0.000136320610181, 0.000117298368423, 4.25541984441e-05, 0.000314789242111, 0.000227026641369, 6.1845043092e-05, 2.34751623793e-05, 1.54268800543e-05, 1.94054064195e-05, 5.13861505169e-06, 8.76582635101e-06, 3.8785929064e-06, 5.13899203725e-06, 5.91571597397e-06, 1.2605100892e-05, 2.84036450466e-05, 8.31136003399e-06, 1.12704501589e-05, 5.24457755091e-06, 3.53925429408e-06, 1.96227802007e-07, 1.82420365036e-07, 2.02065123744e-07, 1.23725470758e-07, 6.21585849458e-09, 1.84099985256e-10]
        dmean2: [1.32404537112e-07, 0.000201624949113, 0.000176821878995, 6.97793657309e-05, 0.000456075445982, 0.000303564680507, 8.98007856449e-05, 3.22555424646e-05, 2.28022927331e-05, 2.70180153166e-05, 7.76495562604e-06, 1.32220538944e-05, 6.25451457381e-06, 7.55619157644e-06, 1.02556141428e-05, 2.28134122153e-05, 4.61675626866e-05, 1.45464637171e-05, 1.63897166203e-05, 7.90935246187e-06, 4.28639486927e-06, 2.82491242842e-07, 2.88792847414e-07, 3.0326143019e-07, 1.95608251374e-07, 9.56877865832e-09, 3.3508665287e-10]
        dvar: [7.51157653873e-13, 2.53418441787e-08, 3.21295594574e-08, 3.13886006076e-09, 2.12868812355e-07, 1.62325207498e-07, 7.51182227532e-09, 1.7164960564e-09, 5.37192901273e-10, 7.70733976641e-10, 7.25034893234e-11, 3.93150512146e-10, 6.88197276943e-11, 1.22410553915e-10, 1.7287950238e-10, 2.70082445297e-09, 8.83923512163e-09, 4.98850682984e-10, 5.85529458252e-10, 1.16055172417e-10, 1.4021803163e-10, 2.11399813128e-13, 3.14931322123e-13, 1.18397872344e-13, 6.28966686676e-14, 1.70767599344e-16, 1.16448780575e-19]
        dvar2: [7.73904649132e-13, 5.48207879092e-08, 5.25378176519e-08, 7.83010900562e-09, 4.43141686901e-07, 2.74157088143e-07, 1.44700607052e-08, 2.93405344465e-09, 1.1452886417e-09, 1.23729981816e-09, 1.42561573657e-10, 8.27831192485e-10, 1.68924665922e-10, 1.94495988759e-10, 4.88186491232e-10, 7.89466714224e-09, 2.08841921534e-08, 1.36866107336e-09, 9.29472110389e-10, 2.51859644251e-10, 1.49975656893e-10, 4.4091997848e-13, 7.58785883518e-13, 2.36997514712e-13, 1.59345166185e-13, 4.43282649196e-16, 2.50723975435e-19]
        max: [1.78838836291e-05, 0.00119535042904, 0.00224737357348, 0.000557675724849, 0.00642723124474, 0.00587888294831, 0.000779348891228, 0.000450519728474, 0.000305390160065, 0.000657726370264, 0.000204109077458, 0.000389549299143, 0.000144169811392, 0.000210417099879, 0.000123089834233, 0.000521746522281, 0.00133386347443, 0.00015355560754, 0.000494287116453, 0.000113513800898, 0.000307690788759, 6.35047763353e-06, 1.05858889583e-05, 5.10646532348e-06, 3.19552987094e-06, 2.14907004192e-07, 5.16196907441e-09]
        mean: [1.28195097204e-07, 0.000480320566567, 0.000391620444134, 0.000136762231705, 0.00109803769737, 0.00105686171446, 0.000185587443411, 7.45403667679e-05, 4.01388570026e-05, 5.21663496329e-05, 1.40487118188e-05, 2.29713386943e-05, 1.04738755908e-05, 1.01077184809e-05, 1.02667818282e-05, 1.22960564113e-05, 3.46719571098e-05, 9.73328496912e-06, 2.47851057793e-05, 1.0286471479e-05, 8.50971446198e-06, 4.33586279769e-07, 3.83909906532e-07, 6.51782556815e-07, 2.95181166621e-07, 1.35953976965e-08, 1.65384594908e-10]
        min: [1.44182374373e-11, 1.66425294879e-07, 8.30578272826e-08, 1.49377726189e-07, 2.05622700378e-06, 1.49899756252e-06, 1.13040562155e-06, 7.48967252662e-08, 8.825071518e-08, 2.86654767478e-07, 8.2777013688e-08, 6.76947493616e-08, 2.56638230667e-08, 5.55469537034e-09, 1.50204448879e-09, 6.59696208771e-09, 2.38480524217e-08, 1.42936560366e-08, 1.38638078795e-08, 2.35457298103e-09, 1.16424059282e-09, 7.98829113968e-10, 2.24967794393e-10, 1.26069682471e-10, 8.93219664899e-11, 3.20960033724e-12, 5.40359552622e-14]
        var: [7.68944912084e-13, 1.15043469862e-07, 2.38066206748e-07, 1.80235453229e-08, 1.04462344552e-06, 1.76598541657e-06, 3.38392602828e-08, 1.12095683846e-08, 2.05669037356e-09, 5.28614352291e-09, 4.6502346418e-10, 1.16690657137e-09, 4.10716377575e-10, 4.03426375639e-10, 2.4482563199e-10, 1.58292445818e-09, 1.61001683097e-08, 5.14389808526e-10, 3.10177861174e-09, 3.59719892762e-10, 7.80343178963e-10, 7.31652260479e-13, 7.8070042835e-13, 8.17309707326e-13, 1.80595135743e-13, 4.47570038807e-16, 1.24333336927e-19]
    mfcc:
        mean: [-854.672424316, 210.93132019, -5.44443559647, 41.9718933105, 7.01328992844, -14.6512231827, 4.76701545715, -5.91339683533, -6.5654091835, -6.14195775986, -13.6567325592, 0.566731989384, -2.89701747894]
        cov: [[6971.8828125, -4433.44238281, 252.039901733, 171.301544189, 115.918556213, -95.117729187, 439.95980835, -695.950561523, -377.48449707, 58.5987854004, -310.104278564, 339.920684814, -318.363006592], [-4433.44238281, 3371.1887207, -363.035339355, -121.112205505, 29.2696018219, 76.9078521729, -309.827484131, 513.630432129, 321.084503174, 44.3659591675, 264.750823975, -178.949905396, 276.345336914], [252.039901733, -363.035339355, 580.255493164, 65.6789550781, -68.6924514771, 52.8312759399, 52.8198699951, -4.29452323914, 21.8157577515, 13.1383867264, 21.5215892792, 51.8519210815, -26.965221405], [171.301544189, -121.112205505, 65.6789550781, 315.868713379, 29.1502170563, -54.7206268311, 7.86612939835, 141.74861145, 56.2801589966, -55.3779182434, 85.5172119141, 118.534576416, 33.6475296021], [115.918556213, 29.2696018219, -68.6924514771, 29.1502170563, 192.618942261, 2.84838914871, -34.3607826233, 46.7760429382, 2.44804573059, 5.09188175201, 25.076423645, 74.0445098877, 14.9682540894], [-95.117729187, 76.9078521729, 52.8312759399, -54.7206268311, 2.84838914871, 135.218338013, 70.5905075073, -34.119846344, 52.6859588623, 92.3889007568, -18.5647716522, -35.9973449707, 10.6425619125], [439.95980835, -309.827484131, 52.8198699951, 7.86612939835, -34.3607826233, 70.5905075073, 229.081344604, -58.1586761475, 14.9641180038, 104.365783691, -50.1197433472, -31.5731735229, -48.8579711914], [-695.950561523, 513.630432129, -4.29452323914, 141.74861145, 46.7760429382, -34.119846344, -58.1586761475, 255.37260437, 105.540786743, -32.272064209, 96.4547958374, 49.3308029175, 53.4009170532], [-377.48449707, 321.084503174, 21.8157577515, 56.2801589966, 2.44804573059, 52.6859588623, 14.9641180038, 105.540786743, 244.273452759, 78.7927474976, -3.8861720562, -25.2679424286, 10.2375936508], [58.5987854004, 44.3659591675, 13.1383867264, -55.3779182434, 5.09188175201, 92.3889007568, 104.365783691, -32.272064209, 78.7927474976, 248.156738281, -24.7019786835, -87.7427368164, -11.5033359528], [-310.104278564, 264.750823975, 21.5215892792, 85.5172119141, 25.076423645, -18.5647716522, -50.1197433472, 96.4547958374, -3.8861720562, -24.7019786835, 178.539672852, 71.2446746826, 62.6864891052], [339.920684814, -178.949905396, 51.8519210815, 118.534576416, 74.0445098877, -35.9973449707, -31.5731735229, 49.3308029175, -25.2679424286, -87.7427368164, 71.2446746826, 191.161590576, 51.4948387146], [-318.363006592, 276.345336914, -26.965221405, 33.6475296021, 14.9682540894, 10.6425619125, -48.8579711914, 53.4009170532, 10.2375936508, -11.5033359528, 62.6864891052, 51.4948387146, 132.924545288]]
        icov: [[0.00131928070914, 0.00164564093575, 0.000521268113516, 0.00011234536214, -0.000540855107829, 0.000644485291559, -0.000278984894976, 0.000776407134254, -0.000479975919006, -0.000968043808825, -0.000221415088163, -0.0013555289479, -6.56993506709e-06], [0.00164564093575, 0.00321941287257, 0.00111616693903, 0.00137840909883, -0.000526499352418, -0.000118590774946, 0.000343456253177, -0.00130818272009, -0.0012388600735, -0.000834942387883, -0.00144693872426, -0.00012473660172, -0.00139969761949], [0.000521268113516, 0.00111616693903, 0.00270245200954, 7.95997111709e-05, 0.00145941611845, -0.00191391329281, 0.000618696620222, -0.000831764133181, -0.000202609080588, -0.00065826473292, -0.000669138971716, -0.00159490248188, 0.000898594793398], [0.00011234536214, 0.00137840909883, 7.95997111709e-05, 0.00772649375722, 0.000256501836702, 0.00188714859542, -0.00155146035831, -0.00446717208251, -0.00214339862578, 0.000764605181757, -0.00228335498832, -0.00118636956904, -0.00172420195304], [-0.000540855107829, -0.000526499352418, 0.00145941611845, 0.000256501836702, 0.00883028283715, -0.0031917123124, 0.00254581263289, -0.00283836037852, 0.00145589548629, -0.00217486638576, 0.00100130448118, -0.00479400297627, 0.00245217047632], [0.000644485291559, -0.000118590774946, -0.00191391329281, 0.00188714859542, -0.0031917123124, 0.0161678660661, -0.00501761492342, 0.00448845000938, -0.00342362420633, -0.00194276042748, -0.000229122058954, 6.42173763481e-05, -0.00347963022068], [-0.000278984894976, 0.000343456253177, 0.000618696620222, -0.00155146035831, 0.00254581263289, -0.00501761492342, 0.00871863123029, -0.00141117314342, 0.00131474726368, -0.0028575011529, 0.00106154778041, -0.000707748695277, 0.00244764145464], [0.000776407134254, -0.00130818272009, -0.000831764133181, -0.00446717208251, -0.00283836037852, 0.00448845000938, -0.00141117314342, 0.0137875899673, -0.00307380198501, 0.000220595058636, -0.00116568105295, -0.00155625259504, 0.000852266384754], [-0.000479975919006, -0.0012388600735, -0.000202609080588, -0.00214339862578, 0.00145589548629, -0.00342362420633, 0.00131474726368, -0.00307380198501, 0.00809922255576, -0.00227717775851, 0.00304467021488, -0.000707479193807, 0.00177308940329], [-0.000968043808825, -0.000834942387883, -0.00065826473292, 0.000764605181757, -0.00217486638576, -0.00194276042748, -0.0028575011529, 0.000220595058636, -0.00227717775851, 0.00906834658235, -0.00191998237278, 0.00570568069816, -0.00199303380214], [-0.000221415088163, -0.00144693872426, -0.000669138971716, -0.00228335498832, 0.00100130448118, -0.000229122058954, 0.00106154778041, -0.00116568105295, 0.00304467021488, -0.00191998237278, 0.0106885004789, -0.00369265605696, -0.000326604786096], [-0.0013555289479, -0.00012473660172, -0.00159490248188, -0.00118636956904, -0.00479400297627, 6.42173763481e-05, -0.000707748695277, -0.00155625259504, -0.000707479193807, 0.00570568069816, -0.00369265605696, 0.0164129547775, -0.00617939559743], [-6.56993506709e-06, -0.00139969761949, 0.000898594793398, -0.00172420195304, 0.00245217047632, -0.00347963022068, 0.00244764145464, 0.000852266384754, 0.00177308940329, -0.00199303380214, -0.000326604786096, -0.00617939559743, 0.0138346059248]]
    spectral_contrast:
        mean: [1.43251213558e-07, -1.17708822245e-07, 1.85574648981e-07, 3.64940468955e-08, 6.49347441595e-07, 3.05922213784e-07, -3.18622710438e-06, 4.18060352558e-07, -1.25342216961e-06, -2.08229926102e-06, -2.90683033199e-06, -3.01224213217e-06]
        var: [0.000451953033917, 0.0011389296269, 0.0018712132005, 0.00224079191685, 0.00243690470234, 0.0055264942348, 0.0788719579577, 0.105849944055, 0.255457907915, 0.469227254391, 0.749856591225, 3.0522172451]

rhythm:
    beats_loudness:
        dmean: 0.00273821968585
        dmean2: 0.00473153823987
        dvar: 1.16670098578e-05
        dvar2: 3.27371781168e-05
        max: 0.013412357308
        mean: 0.00436743348837
        min: 0.00158695410937
        var: 1.06252509795e-05
    beats_loudness_bass:
        dmean: 0.270717263222
        dmean2: 0.533909380436
        dvar: 0.0328126065433
        dvar2: 0.129360154271
        max: 0.594083786011
        mean: 0.308241695166
        min: 0.0145917041227
        var: 0.0290930271149
    bpm: 98.4162826538
    bpm_confidence: 0
    first_peak_bpm: 99
    first_peak_spread: 0
    first_peak_weight: 0.933333396912
    onset_rate: 2.99072289467
    second_peak_bpm: 77
    second_peak_spread: 0
    second_peak_weight: 0.0666666701436
    beats_position: [0.404201209545, 1.01251149178, 1.62082183361, 2.22913217545, 2.83744239807, 3.44575238228, 4.05406284332, 4.66237306595, 5.27068328857, 5.8789935112, 6.65966844559, 7.27011871338, 7.88056898117, 8.49101924896, 9.10146903992, 9.71191978455]
    bpm_estimates: [98.2544250488, 99.0281524658, 98.6646575928, 98.5913085938, 98.4836883545, 98.4020843506, 97.8623428345, 98.4817047119, 97.2307662964, 99.2549514771, 98.325050354]
    bpm_intervals: [0.60831028223, 0.608310341835, 0.608310341835, 0.608310222626, 0.608309984207, 0.608310461044, 0.608310222626, 0.608310222626, 0.608310222626, 0.780674934387, 0.610450267792, 0.610450267792, 0.610450267792, 0.610449790955, 0.610450744629]
    onset_times: [0.0464399084449, 0.359909296036, 0.719818592072, 1.1261677742, 1.46285712719, 1.77632653713, 2.12462592125, 2.36843538284, 2.47292518616, 2.65868473053, 2.80961441994, 3.20435380936, 3.5758728981, 3.83129262924, 4.1679816246, 4.22603178024, 4.60916090012, 6.28099775314, 6.33904743195, 6.64090681076, 7.25623559952, 7.55809545517, 7.85995483398, 8.11537456512, 8.17342376709, 8.47528362274, 8.80036258698, 9.0906124115, 9.42730140686, 9.70594120026]
    rubato_start: []
    rubato_stop: []
    perceptual_tempo: "unknown"

sfx:
    inharmonicity:
        dmean: 0.0136619126424
        dmean2: 0.0244796536863
        dvar: 0.000899159756955
        dvar2: 0.00245509343222
        max: 0.325800657272
        mean: 0.0125431343913
        min: 2.18999593926e-06
        var: 0.000717087357771
    oddtoevenharmonicenergyratio:
        dmean: 0.532847762108
        dmean2: 0.986927211285
        dvar: 3.7843747139
        dvar2: 10.9049749374
        max: 18.2737350464
        mean: 0.43325266242
        min: 1.33687753987e-05
        var: 2.09426593781
    pitch_after_max_to_before_max_energy_ratio: 2.17562794685
    pitch_centroid: 194.39881897
    pitch_max_to_total: 0.263888895512
    pitch_min_to_total: 0.872685194016
    tristimulus:
        dmean: [0.129480332136, 0.126258075237, 0.0261801686138]
        dmean2: [0.223944798112, 0.220002889633, 0.0457415655255]
        dvar: [0.0290120095015, 0.0290612261742, 0.00122111581732]
        dvar2: [0.0792735219002, 0.0817100554705, 0.00337375840172]
        max: [0.994818210602, 0.91539901495, 0.221484914422]
        mean: [0.664022386074, 0.290717959404, 0.034174375236]
        min: [0.0751242339611, 0, 0]
        var: [0.0459806956351, 0.0445211268961, 0.00149717484601]

tonal:
    chords_changes_rate: 0.0691244229674
    chords_number_rate: 0.0368663594127
    chords_strength:
        dmean: 0.00767919840291
        dmean2: 0.00566208828241
        dvar: 4.36122718384e-05
        dvar2: 3.2079686207e-05
        max: 0.684027493
        mean: 0.481766700745
        min: 0.368496775627
        var: 0.00654911622405
    key_strength: 0.673006951809
    tuning_diatonic_strength: 0.505299866199
    tuning_equal_tempered_deviation: 0.0785003378987
    tuning_frequency: 437.465789795
    tuning_nontempered_energy_ratio: 0.721989154816
    hpcp:
        dmean: [0.104468807578, 0.123081795871, 0.0922248885036, 0.0673471316695, 0.0691554993391, 0.0678361579776, 0.0544192157686, 0.0541077144444, 0.037245541811, 0.0385357551277, 0.0526698864996, 0.0402741953731, 0.0355449132621, 0.054209407419, 0.129766136408, 0.14128883183, 0.162627413869, 0.0814422890544, 0.0257178656757, 0.0264387447387, 0.0475576072931, 0.0687057897449, 0.0511441081762, 0.0609135068953, 0.0665550306439, 0.0439849346876, 0.0125128608197, 0.0145513592288, 0.0154863120988, 0.0650468096137, 0.0867397859693, 0.0723073258996, 0.0355254784226, 0.0319084227085, 0.0349716134369, 0.081532202661]
        dmean2: [0.174367517233, 0.210697799921, 0.164914518595, 0.114032387733, 0.116269178689, 0.123489417136, 0.0898597612977, 0.0866922438145, 0.0657312721014, 0.0589735955, 0.0946756824851, 0.0754686072469, 0.068256765604, 0.10217243433, 0.218327403069, 0.246083900332, 0.257993340492, 0.141873970628, 0.0494640320539, 0.0496670939028, 0.0896577760577, 0.122889824212, 0.082341529429, 0.110494382679, 0.1027039662, 0.0721076652408, 0.0210495423526, 0.020221401006, 0.024493355304, 0.106846503913, 0.140983194113, 0.117492713034, 0.0642959177494, 0.0560320727527, 0.0636689439416, 0.149368107319]
        dvar: [0.0345668420196, 0.044303316623, 0.0310371685773, 0.0207664482296, 0.0214409008622, 0.0278441421688, 0.0232244562358, 0.0172773636878, 0.0082496330142, 0.0120385373011, 0.0261663161218, 0.0212094802409, 0.0194623954594, 0.0207165405154, 0.0293392408639, 0.0588364042342, 0.0381884723902, 0.0168006997555, 0.00526946596801, 0.0112721575424, 0.0178632307798, 0.0328220129013, 0.0189495701343, 0.0168548077345, 0.0164426323026, 0.00886131543666, 0.000325161527144, 0.000475414766697, 0.000695218099281, 0.0148608023301, 0.0354294367135, 0.0192617271096, 0.00473735295236, 0.00668500037864, 0.00900500547141, 0.0345445945859]
        dvar2: [0.0837031900883, 0.131166145205, 0.0900317206979, 0.0485696159303, 0.0582080632448, 0.0811667665839, 0.0521434396505, 0.0408354736865, 0.0235259663314, 0.023252857849, 0.0647191852331, 0.0610486939549, 0.0565751902759, 0.0588091015816, 0.0715411677957, 0.127825960517, 0.0841330587864, 0.043783377856, 0.0151348365471, 0.0327061153948, 0.0451058484614, 0.0932724922895, 0.0417821779847, 0.0472871959209, 0.0335808992386, 0.0204692352563, 0.000869281764608, 0.00111538823694, 0.00179625814781, 0.0358847007155, 0.0654205083847, 0.0454926081002, 0.013238591142, 0.018825750798, 0.0264618359506, 0.114910498261]
        max: [1, 1, 1, 1, 1, 1, 1, 1, 0.536032438278, 0.886510491371, 1, 1, 1, 1, 1, 1, 1, 0.945036530495, 0.436385750771, 1, 1, 1, 1, 1, 1, 0.79321628809, 0.138387724757, 0.212974727154, 0.207864582539, 1, 1, 1, 0.471631705761, 0.622210204601, 1, 0.930867552757]
        mean: [0.191060185432, 0.162274062634, 0.093885615468, 0.111081056297, 0.0865230709314, 0.099578127265, 0.15721860528, 0.0925799682736, 0.0314267165959, 0.0538710393012, 0.0489135868847, 0.0251422449946, 0.0218014847487, 0.0333363637328, 0.245509922504, 0.628876507282, 0.47638219595, 0.0835304930806, 0.0186765510589, 0.0182101801038, 0.044257581234, 0.0781230404973, 0.0706829577684, 0.0717846378684, 0.119266912341, 0.0815368741751, 0.0200582407415, 0.0259484052658, 0.0206935741007, 0.117096029222, 0.232845112681, 0.135591059923, 0.0365483611822, 0.0361573621631, 0.0281743779778, 0.0892077609897]
        min: [5.70959200559e-05, 7.94589504949e-05, 1.76313715201e-05, 6.22594734523e-06, 8.11936843093e-06, 9.23318475543e-06, 7.05055254002e-06, 4.03131416533e-05, 4.54931541753e-05, 3.0549512303e-05, 0, 0, 4.97481278217e-06, 9.716911336e-06, 0.000388146698242, 0.000700264354236, 0.000555742299184, 0.000332087976858, 5.31132536707e-06, 9.78525258688e-06, 1.53393193614e-05, 4.25636062573e-05, 1.90696064237e-05, 3.0594655982e-05, 3.30900547851e-06, 3.04184209199e-06, 5.80014384468e-05, 2.90174557449e-05, 5.41340887139e-05, 1.64284429047e-05, 7.86796772445e-06, 2.96830185107e-05, 6.2415994762e-05, 7.43125710869e-05, 4.15470785811e-05, 1.29944783112e-05]
        var: [0.0787586942315, 0.0589397847652, 0.0322171151638, 0.0554845370352, 0.0338405258954, 0.0412615835667, 0.106982544065, 0.0452642031014, 0.00614464702085, 0.0177630614489, 0.0220139380544, 0.0119102504104, 0.0106220478192, 0.0118635110557, 0.0484607927501, 0.178313717246, 0.12262942642, 0.0173094086349, 0.00310626579449, 0.00725636212155, 0.0248814746737, 0.0448891036212, 0.0371672287583, 0.021530430764, 0.0487087853253, 0.0269889310002, 0.000611510651652, 0.00166661164258, 0.00100856961217, 0.0339514389634, 0.126949980855, 0.0462695322931, 0.00481931632385, 0.00675997789949, 0.00692843692377, 0.034572288394]
    chords_histogram: [29.4930877686, 13.3640556335, 3.22580647469, 0, 6.45161294937, 4.14746522903, 0, 5.5299539566, 20.2764968872, 17.5115203857, 0, 0, 0, 0, 0, 0, 0, 0, 0, 0, 0, 0, 0, 0]
    thpcp: [1, 0.757513105869, 0.132824957371, 0.0296982806176, 0.0289566870779, 0.0703756287694, 0.124226361513, 0.112395606935, 0.114147432148, 0.189650774002, 0.129654824734, 0.0318953581154, 0.0412615276873, 0.0329056233168, 0.186198771, 0.370255708694, 0.215608403087, 0.0581169128418, 0.0574951693416, 0.0448011308908, 0.141852587461, 0.303811937571, 0.258038043976, 0.149291023612, 0.176634132862, 0.137583568692, 0.158342897892, 0.249999165535, 0.147214859724, 0.04997279495, 0.0856623500586, 0.0777793228626, 0.039979621768, 0.0346673540771, 0.0530093945563, 0.390394479036]
    chords_key: "G"
    chords_scale: "minor"
    key_key: "G"
    key_scale: "minor"
    chords_progression: ["G", "G", "G", "G", "G", "G", "G", "G", "G", "G", "G", "Gm", "Gm", "Gm", "Gm", "Gm", "Gm", "Gm", "Gm", "Gm", "Gm", "Gm", "Gm", "Gm", "Gm", "Gm", "Gm", "Gm", "Gm", "Gm", "Gm", "Gm", "Gm", "Gm", "Gm", "Gm", "Gm", "Gm", "Gm", "Gm", "Gm", "Gm", "Gm", "Gm", "Gm", "Gm", "Gm", "Gm", "Gm", "C", "Gm", "Gm", "Gm", "Gm", "Gm", "Gm", "Gm", "Gm", "Gm", "G", "Gm", "Gm", "Gm", "Gm", "Gm", "Gm", "Gm", "Gm", "Gm", "C", "C", "C", "C", "C", "C", "C", "C", "Am", "Am", "Am", "Am", "Am", "Am", "Am", "Am", "Am", "Am", "Am", "Am", "Am", "Am", "D", "D", "D", "D", "D", "D", "D", "D", "D", "D", "Bm", "Bm", "Bm", "Bm", "Bm", "Bm", "Bm", "Bm", "Bm", "Bm", "Bm", "Bm", "Bm", "Bm", "Bm", "Bm", "Bm", "Bm", "Bm", "Bm", "Bm", "Bm", "Bm", "Bm", "Bm", "Bm", "Bm", "Bm", "Bm", "Bm", "Bm", "Bm", "Bm", "Bm", "Bm", "Bm", "Bm", "Bm", "Bm", "Bm", "Bm", "Bm", "Bm", "Bm", "D", "D", "D", "D", "Dm", "D", "D", "D", "D", "D", "D", "D", "D", "D", "D", "D", "D", "D", "D", "D", "D", "D", "D", "D", "D", "D", "D", "D", "D", "Dm", "Dm", "Dm", "Dm", "Dm", "Dm", "A#", "A#", "A#", "A#", "A#", "A#", "A#", "A#", "A#", "A#", "A#", "A#", "A#", "A#", "A#", "A#", "A#", "A#", "A#", "A#", "A#", "A#", "A#", "A#", "A#", "A#", "A#", "A#", "A#", "Gm", "Gm", "Gm", "Gm", "Gm", "Gm", "Gm", "Gm"]
