
metadata:
    version:
        essentia: "1.2.2"
    audio_properties:
        analysis_sample_rate: 44100
        bitrate: 128
        channels: 2
        equal_loudness: 1
        length: 10.0571432114
        replay_gain: -16.2027053833
        downmix: "mix"
    tags:
        track: 18
        year: 0
        album: "Splitted by Mp3Splt v. 2.1"
        artist: "From 002.50 To 003.00"
        comment: "http://mp3splt.sf.net"
        genre: ""
        title: "01 The Hindu Times.mp3"

highlevel:
    ballroom:
        all:
            ChaChaCha: 0.0197910685092
            Jive: 0.903370022774
            Quickstep: 0.0185177382082
            Rumba-American: 0.000700532691553
            Rumba-International: 0.00203761993907
            Rumba-Misc: 0.00233994121663
            Samba: 0.0244265496731
            Tango: 0.00129860988818
            VienneseWaltz: 0.0253275446594
            Waltz: 0.00219039339572
        probability: 0.903370022774
        value: "Jive"
    culture:
        all:
            non_western: 0.127179726958
            western: 0.872820258141
        probability: 0.872820258141
        value: "western"
    gender:
        all:
            female: 0.208712860942
            male: 0.791287124157
        probability: 0.791287124157
        value: "male"
    genre_dortmund:
        all:
            alternative: 0.22986716032
            blues: 0.00114003638737
            electronic: 0.0108917467296
            folkcountry: 0.0173206757754
            funksoulrnb: 0.00373325450346
            jazz: 0.00126426678617
            pop: 0.0588136278093
            raphiphop: 0.000232625068747
            rock: 0.676736593246
        probability: 0.676736593246
        value: "rock"
    genre_electronica:
        all:
            ambient: 0.151598453522
            dnb: 0.075910769403
            house: 0.00453516189009
            techno: 0.00753884855658
            trance: 0.76041674614
        probability: 0.76041674614
        value: "trance"
    genre_rosamerica:
        all:
            cla: 0.00230463664047
            dan: 0.00319587881677
            hip: 0.000218864850467
            jaz: 0.000290347787086
            pop: 0.00267141219229
            rhy: 0.00194796302821
            roc: 0.989136993885
            spe: 0.000233896178543
        probability: 0.989136993885
        value: "roc"
    genre_tzanetakis:
        all:
            blu: 0.00708415592089
            cla: 0.027397248894
            cou: 0.262815475464
            dis: 0.0404657572508
            hip: 0.0054519623518
            jaz: 0.0194756891578
            met: 0.162083953619
            pop: 0.0904344320297
            reg: 0.00901264697313
            roc: 0.375778675079
        probability: 0.375778675079
        value: "roc"
    live_studio:
        all:
            live: 0.335514515638
            studio: 0.664485514164
        probability: 0.664485514164
        value: "studio"
    mood:
        all:
            Cluster1: 0.628510773182
            Cluster2: 0.055103302002
            Cluster3: 0.0818054676056
            Cluster4: 0.0365604795516
            Cluster5: 0.198019951582
        probability: 0.628510773182
        value: "Cluster1"
    mood_acoustic:
        all:
            acoustic: 0.00663438113406
            not_acoustic: 0.993365645409
        probability: 0.993365645409
        value: "not_acoustic"
    mood_aggressive:
        all:
            aggressive: 0.960953891277
            not_aggressive: 0.0390461198986
        probability: 0.960953891277
        value: "aggressive"
    mood_electronic:
        all:
            electronic: 0.182245254517
            not_electronic: 0.817754745483
        probability: 0.817754745483
        value: "not_electronic"
    mood_happy:
        all:
            happy: 0.700767576694
            not_happy: 0.299232423306
        probability: 0.700767576694
        value: "happy"
    mood_party:
        all:
            not_party: 0.438509047031
            party: 0.561490952969
        probability: 0.561490952969
        value: "party"
    mood_relaxed:
        all:
            not_relaxed: 0.919467866421
            relaxed: 0.0805321410298
        probability: 0.919467866421
        value: "not_relaxed"
    mood_sad:
        all:
            not_sad: 0.925485134125
            sad: 0.0745148658752
        probability: 0.925485134125
        value: "not_sad"
    rhythm:
        all:
            fast: 0.621070146561
            medium: 0.339574635029
            slow: 0.0393552109599
        probability: 0.621070146561
        value: "fast"
    speech_music:
        all:
            music: 0.999901711941
            speech: 9.82783603831e-05
        probability: 0.999901711941
        value: "music"
    timbre:
        all:
            bright: 0.436392486095
            dark: 0.563607513905
        probability: 0.563607513905
        value: "dark"
    voice_instrumental:
        all:
            instrumental: 0.372151494026
            voice: 0.627848505974
        probability: 0.627848505974
        value: "voice"

lowlevel:
    average_loudness: 0.972913980484
    barkbands_kurtosis:
        dmean: 0.237172156572
        dmean2: 0.391095101833
        dvar: 0.0889998450875
        dvar2: 0.224192410707
        max: 0.889766931534
        mean: -1.24655866623
        min: -1.73584783077
        var: 0.11785505712
    barkbands_skewness:
        dmean: 0.262585729361
        dmean2: 0.415043771267
        dvar: 0.0500150099397
        dvar2: 0.130849525332
        max: 1.57891476154
        mean: -0.000574226898607
        min: -1.22831821442
        var: 0.148402780294
    barkbands_spread:
        dmean: 4.00727653503
        dmean2: 6.65220117569
        dvar: 12.9606924057
        dvar2: 33.2567405701
        max: 59.8500823975
        mean: 34.337928772
        min: 17.4230804443
        var: 37.2539558411
    dissonance:
        dmean: 0.0146097932011
        dmean2: 0.0243463478982
        dvar: 0.000383042235626
        dvar2: 0.000574083533138
        max: 0.498430818319
        mean: 0.469905793667
        min: 0.114623442292
        var: 0.000554295198526
    hfc:
        dmean: 1.85704004765
        dmean2: 2.89093947411
        dvar: 5.76514816284
        dvar2: 14.1024065018
        max: 30.9538993835
        mean: 9.89142036438
        min: 3.91553112422e-06
        var: 17.6717472076
    pitch:
        dmean: 440.032501221
        dmean2: 848.567626953
        dvar: 984170.25
        dvar2: 2566862
        max: 4009.09082031
        mean: 511.430938721
        min: 91.4937744141
        var: 849530.125
    pitch_instantaneous_confidence:
        dmean: 0.0671617314219
        dmean2: 0.113090895116
        dvar: 0.00286917993799
        dvar2: 0.0075591346249
        max: 0.706522583961
        mean: 0.327881902456
        min: 0.153238296509
        var: 0.00738952122629
    pitch_salience:
        dmean: 0.0477027446032
        dmean2: 0.0776088386774
        dvar: 0.00164522835985
        dvar2: 0.00415309192613
        max: 0.973782300949
        mean: 0.66519099474
        min: 0.439852595329
        var: 0.00380735355429
    silence_rate_20dB:
        dmean: 0
        dmean2: 0
        dvar: 0
        dvar2: 0
        max: 1
        mean: 1
        min: 1
        var: 0
    silence_rate_30dB:
        dmean: 0
        dmean2: 0
        dvar: 0
        dvar2: 0
        max: 1
        mean: 1
        min: 1
        var: 0
    silence_rate_60dB:
        dmean: 0.00921658985317
        dmean2: 0.0184757504612
        dvar: 0.00913159828633
        dvar2: 0.0227533522993
        max: 1
        mean: 0.0137931033969
        min: 0
        var: 0.0136028621346
    spectral_centroid:
        dmean: 201.669708252
        dmean2: 317.062713623
        dvar: 32878.4921875
        dvar2: 78933.8203125
        max: 3160.69384766
        mean: 1637.85925293
        min: 727.193969727
        var: 100510.90625
    spectral_complexity:
        dmean: 3.54734420776
        dmean2: 5.51851844788
        dvar: 10.6311273575
        dvar2: 24.9764842987
        max: 42
        mean: 21.9354839325
        min: 0
        var: 39.1202468872
    spectral_crest:
        dmean: 1.32114934921
        dmean2: 2.22156262398
        dvar: 1.56787788868
        dvar2: 3.99749326706
        max: 14.1160898209
        mean: 4.9593911171
        min: 2.37892627716
        var: 2.79182934761
    spectral_decrease:
        dmean: 2.33216918e-10
        dmean2: 3.58470725326e-10
        dvar: 6.76176077545e-20
        dvar2: 1.69514097081e-19
        max: -7.69119627453e-16
        mean: -1.34611632951e-09
        min: -3.20176374302e-09
        var: 2.04774635245e-19
    spectral_energy:
        dmean: 0.0010072941659
        dmean2: 0.00154124840628
        dvar: 1.28311125991e-06
        dvar2: 3.18534057442e-06
        max: 0.0143876792863
        mean: 0.00597773166373
        min: 3.25798743539e-09
        var: 4.14794749304e-06
    spectral_energyband_high:
        dmean: 0.000146163525642
        dmean2: 0.000243910995778
        dvar: 3.94682402316e-08
        dvar2: 9.54783345719e-08
        max: 0.00175861991011
        mean: 0.000408780528232
        min: 9.0623786253e-11
        var: 6.28400513847e-08
    spectral_energyband_low:
        dmean: 0.00022446353978
        dmean2: 0.000393819093006
        dvar: 4.73031391834e-08
        dvar2: 1.37426383162e-07
        max: 0.00214652321301
        mean: 0.000377859978471
        min: 8.88422113654e-11
        var: 9.20629545931e-08
    spectral_energyband_middle_high:
        dmean: 0.000610818620771
        dmean2: 0.000972251291387
        dvar: 4.10094401104e-07
        dvar2: 1.01007526609e-06
        max: 0.0106400297955
        mean: 0.00300771091133
        min: 1.5069971937e-09
        var: 1.83203769666e-06
    spectral_energyband_middle_low:
        dmean: 0.000655833457131
        dmean2: 0.00101402623113
        dvar: 5.68753307562e-07
        dvar2: 1.51132621795e-06
        max: 0.00865968316793
        mean: 0.00218338449486
        min: 1.55494861431e-09
        var: 1.08399399323e-06
    spectral_flatness_db:
        dmean: 0.0112349707633
        dmean2: 0.0184917207807
        dvar: 9.81711928034e-05
        dvar2: 0.000242331778281
        max: 0.179915934801
        mean: 0.128949806094
        min: 0.0633787289262
        var: 0.000297424616292
    spectral_flux:
        dmean: 0.00585916079581
        dmean2: 0.00894351862371
        dvar: 3.60693011316e-05
        dvar2: 6.08108493907e-05
        max: 0.0822144523263
        mean: 0.0438213758171
        min: 5.70787815377e-05
        var: 0.000106486506411
    spectral_kurtosis:
        dmean: 0.78310072422
        dmean2: 1.32115733624
        dvar: 0.4144526124
        dvar2: 1.15150010586
        max: 8.3957452774
        mean: 3.32284760475
        min: -0.527903795242
        var: 1.28338301182
    spectral_rms:
        dmean: 0.000202819486731
        dmean2: 0.000302426662529
        dvar: 5.00719927743e-08
        dvar2: 1.03337796986e-07
        max: 0.00374656636268
        mean: 0.00237744254991
        min: 1.78284165031e-06
        var: 1.79701871161e-07
    spectral_rolloff:
        dmean: 314.742919922
        dmean2: 522.728637695
        dvar: 91768.140625
        dvar2: 182494.296875
        max: 6007.76367188
        mean: 3253.89599609
        min: 1916.45507812
        var: 257289.03125
    spectral_skewness:
        dmean: 0.132244244218
        dmean2: 0.221847474575
        dvar: 0.0134075609967
        dvar2: 0.0284216124564
        max: 2.52738308907
        mean: 1.43917012215
        min: 0.488599181175
        var: 0.0470285862684
    spectral_spread:
        dmean: 555135.75
        dmean2: 784264.25
        dvar: 743492288512
        dvar2: 977906696192
        max: 17155392
        mean: 5033731.5
        min: 3452282.75
        var: 1.8974909399e+12
    spectral_strongpeak:
        dmean: 0.450098574162
        dmean2: 0.796469390392
        dvar: 0.433049052954
        dvar2: 1.09164893627
        max: 5.44210863113
        mean: 0.602272331715
        min: 2.83004792436e-05
        var: 0.491675525904
    zerocrossingrate:
        dmean: 0.0070885354653
        dmean2: 0.00914849154651
        dvar: 5.38804815733e-05
        dvar2: 7.56459703553e-05
        max: 0.16259765625
        mean: 0.0962454080582
        min: 0.00439453125
        var: 0.000243385162321
    barkbands:
        dmean: [4.58728948161e-08, 7.65864824643e-05, 0.000174786197022, 0.000285438727587, 0.000282951339614, 0.000202031820663, 0.000105817336589, 8.36043254822e-05, 0.00022795033874, 9.06363711692e-05, 0.000111721994472, 6.97403302183e-05, 6.47112246952e-05, 0.000102736870758, 0.000136709510116, 0.00019910109404, 0.00019922638603, 0.000163776654517, 0.000175289547769, 0.000151143220137, 6.36154218228e-05, 1.85207954928e-05, 1.06878896986e-05, 4.68671169074e-06, 3.24491816173e-06, 9.51289180762e-08, 1.16911125225e-09]
        dmean2: [7.4564660224e-08, 0.00013383080659, 0.00030630879337, 0.000486621574964, 0.000461221672595, 0.000326106383, 0.000160316878464, 0.000131988563226, 0.000373811664758, 0.000149565094034, 0.000197172616026, 0.000116338269436, 0.000111560897494, 0.000163054894074, 0.000224451039685, 0.000314850331051, 0.00031216951902, 0.000268538628006, 0.000305469206069, 0.000251077697612, 0.000107525236672, 2.92206259473e-05, 1.62748874573e-05, 6.92942649039e-06, 4.91293803861e-06, 1.38683319051e-07, 1.86706627936e-09]
        dvar: [4.23097700538e-14, 6.12416251045e-09, 3.67368642173e-08, 2.85369480935e-07, 1.00967781691e-07, 7.53157891609e-08, 2.30200321027e-08, 1.2223575041e-08, 5.75168641603e-08, 1.31413715465e-08, 3.28784501846e-08, 4.8292116972e-09, 4.84838968973e-09, 1.98057765743e-08, 1.92577171987e-08, 6.68591368935e-08, 1.50309105607e-07, 3.36068488593e-08, 4.66683829359e-08, 3.40089130191e-08, 7.64921814778e-09, 1.37454814197e-09, 8.28972890332e-10, 1.248178505e-10, 3.47944520418e-11, 2.86585398425e-14, 1.35711407051e-16]
        dvar2: [1.05757674211e-13, 1.70589942172e-08, 1.02805827851e-07, 7.56944928071e-07, 2.72632178167e-07, 1.9031764964e-07, 4.74593271349e-08, 2.9873380214e-08, 1.54347972625e-07, 3.38380985454e-08, 9.71455520471e-08, 1.09758433453e-08, 1.35930910972e-08, 4.98976788776e-08, 5.13466567043e-08, 1.68098878817e-07, 3.60814738087e-07, 9.58603223467e-08, 1.23648106864e-07, 8.98231817814e-08, 1.88056930028e-08, 3.27004112677e-09, 1.44598144569e-09, 2.36988456637e-10, 7.36612576491e-11, 6.22645720248e-14, 3.39562141316e-16]
        max: [3.04035438603e-06, 0.000637297984213, 0.00187853409443, 0.00517618237063, 0.00289917550981, 0.00377340358682, 0.00243798247539, 0.00176419934724, 0.00194473110605, 0.00106954213697, 0.00193315336946, 0.000638366676867, 0.000544962997083, 0.00161256524734, 0.00131579698063, 0.0025527314283, 0.00729370769113, 0.00221314420924, 0.00220151874237, 0.00178473675624, 0.000811044417787, 0.000525650917552, 0.000390843109926, 0.000195358297788, 7.45863944758e-05, 2.17612455344e-06, 1.72522661046e-07]
        mean: [4.28073221315e-08, 0.000110249304271, 0.000267572206212, 0.000333192525432, 0.000585249625146, 0.000406968552852, 0.000257843406871, 0.000163705932209, 0.000428887142334, 0.000175359324203, 0.000183338226634, 0.000123503908981, 0.000118599331472, 0.000185743992915, 0.000297144695651, 0.000412516703364, 0.000453496613773, 0.0004349052615, 0.000438146176748, 0.000374356692191, 0.000144599471241, 4.37123271695e-05, 2.35778516071e-05, 8.20792047307e-06, 6.70706231176e-06, 1.10442222478e-07, 7.17649273341e-10]
        min: [3.16714501847e-11, 4.56527662895e-11, 2.73901457071e-11, 2.41609995899e-11, 6.28333288177e-11, 1.12567698218e-10, 2.09392739259e-10, 3.82931991671e-10, 6.96162683056e-10, 2.90943741321e-10, 1.68343186613e-10, 1.84633766609e-10, 2.51559550968e-10, 1.78218176328e-10, 1.30942853782e-10, 6.85854636973e-11, 9.68031210746e-11, 1.36588768074e-10, 5.83269474386e-11, 2.42588085037e-11, 2.98852539937e-11, 2.42161134895e-11, 9.99059428936e-12, 5.12677834213e-12, 2.35910509877e-12, 2.03118663382e-12, 6.25718552492e-14]
        var: [2.25763265911e-14, 1.19105374452e-08, 8.11478102491e-08, 2.38167061184e-07, 2.21994596927e-07, 1.27551430751e-07, 1.23108478078e-07, 4.67310314889e-08, 1.31340371468e-07, 3.67220422959e-08, 8.09088334108e-08, 1.04082165109e-08, 7.91168819347e-09, 3.63289274219e-08, 5.12619848791e-08, 1.30795868358e-07, 3.00811251464e-07, 9.9125458064e-08, 7.39440508823e-08, 4.94886762681e-08, 9.75771641265e-09, 2.20705254073e-09, 2.4801152243e-09, 4.38333619401e-10, 8.42804298573e-11, 5.06155820111e-14, 6.83599726792e-17]
    mfcc:
        mean: [-665.48626709, 105.482437134, -47.9762573242, 45.6185417175, -8.09403324127, -8.44015216827, -3.1123073101, -4.81793069839, 1.67575728893, -3.15387177467, -5.70916938782, -10.4574432373, -2.3356654644]
        cov: [[2415.23779297, -188.080963135, -17.057390213, 56.3945732117, 37.0231361389, -32.9732971191, -47.1208267212, 28.2500286102, -0.737413525581, -10.8546504974, -39.2268447876, -30.2704238892, 9.43929195404], [-188.080963135, 262.976135254, -116.410446167, 26.3657951355, -28.8375091553, -1.29923093319, 33.0834465027, -30.2965049744, 23.9179153442, 4.34439659119, 17.0727367401, -5.76140785217, 9.14203262329], [-17.057390213, -116.410446167, 182.937332153, -21.0318813324, 25.6325778961, 15.1991071701, 12.6866531372, 8.46984004974, -27.0136013031, 4.39230871201, 2.27408671379, 11.910402298, 0.616034328938], [56.3945732117, 26.3657951355, -21.0318813324, 98.2953567505, 26.6893062592, -7.29951238632, -4.00969791412, -9.87361717224, -1.01395082474, -26.9736175537, -9.55617332458, -4.60565423965, -0.311013251543], [37.0231361389, -28.8375091553, 25.6325778961, 26.6893062592, 67.5441970825, 18.4524726868, 10.993265152, -4.31123495102, -4.13181209564, -10.7881183624, -11.4146595001, 0.766624033451, -2.65354442596], [-32.9732971191, -1.29923093319, 15.1991071701, -7.29951238632, 18.4524726868, 74.8895568848, 31.2941265106, 22.5772190094, -8.55676937103, 2.59196639061, -0.803460717201, -8.56115341187, 0.788539767265], [-47.1208267212, 33.0834465027, 12.6866531372, -4.00969791412, 10.993265152, 31.2941265106, 73.3832702637, 3.59329676628, -0.554580450058, -1.87657308578, 3.37151503563, 2.26512217522, 1.61854720116], [28.2500286102, -30.2965049744, 8.46984004974, -9.87361717224, -4.31123495102, 22.5772190094, 3.59329676628, 83.2514724731, 3.12382459641, 10.9100179672, -0.0983993634582, -10.1630153656, 7.55166864395], [-0.737413525581, 23.9179153442, -27.0136013031, -1.01395082474, -4.13181209564, -8.55676937103, -0.554580450058, 3.12382459641, 54.1264572144, 25.6408004761, 11.8073043823, 1.09575128555, -2.70670175552], [-10.8546504974, 4.34439659119, 4.39230871201, -26.9736175537, -10.7881183624, 2.59196639061, -1.87657308578, 10.9100179672, 25.6408004761, 64.6167221069, 27.1723823547, 7.53829574585, -1.14141452312], [-39.2268447876, 17.0727367401, 2.27408671379, -9.55617332458, -11.4146595001, -0.803460717201, 3.37151503563, -0.0983993634582, 11.8073043823, 27.1723823547, 43.868309021, 16.9094753265, 4.36499881744], [-30.2704238892, -5.76140785217, 11.910402298, -4.60565423965, 0.766624033451, -8.56115341187, 2.26512217522, -10.1630153656, 1.09575128555, 7.53829574585, 16.9094753265, 39.5260734558, 13.551776886], [9.43929195404, 9.14203262329, 0.616034328938, -0.311013251543, -2.65354442596, 0.788539767265, 1.61854720116, 7.55166864395, -2.70670175552, -1.14141452312, 4.36499881744, 13.551776886, 41.0841522217]]
        icov: [[0.000479988782899, 0.000563637702726, 0.000341412815033, -0.000351216614945, -0.000114678041427, 0.000280348438537, -0.000147917467984, 3.76365096599e-05, 3.81583922717e-05, -0.00030306231929, 0.000112364199595, 0.000552563229576, -0.000457465910586], [0.000563637702726, 0.00813494157046, 0.00452162278816, -0.00257554790005, 0.00263778143562, -5.24192400917e-05, -0.00471876328811, 0.00325087155215, -0.000497984292451, -0.00130130723119, -0.00245763873681, 0.00340895028785, -0.00319955172017], [0.000341412815033, 0.00452162278816, 0.00952626019716, 0.000439547555288, -0.00204192986712, 0.000532790727448, -0.00332177011296, 0.000729039369617, 0.0039742467925, -0.00214592274278, -0.00177066633478, 2.96348916891e-05, -0.000988793792203], [-0.000351216614945, -0.00257554790005, 0.000439547555288, 0.0148930530995, -0.00731651904061, 0.00202937074937, 0.00217146147043, -0.000871591037139, -0.00112726248335, 0.00649001263082, -0.0021832678467, 0.000780558446422, 0.000403639423894], [-0.000114678041427, 0.00263778143562, -0.00204192986712, -0.00731651904061, 0.0227886103094, -0.00650499667972, -0.00230712280609, 0.00306348199956, -0.00268211658113, -0.000532093166839, 0.00565899955109, -0.00341612938792, 0.000873233366292], [0.000280348438537, -5.24192400917e-05, 0.000532790727448, 0.00202937074937, -0.00650499667972, 0.0210286732763, -0.00761664193124, -0.00473062647507, 0.00465386128053, -0.00215962389484, -0.00206038425677, 0.00573416985571, -0.00112545536831], [-0.000147917467984, -0.00471876328811, -0.00332177011296, 0.00217146147043, -0.00230712280609, -0.00761664193124, 0.0201571714133, -0.000976298586465, -0.00208437233232, 0.0035158325918, -0.00033524617902, -0.00361806503497, 0.00172217574436], [3.76365096599e-05, 0.00325087155215, 0.000729039369617, -0.000871591037139, 0.00306348199956, -0.00473062647507, -0.000976298586465, 0.0161116570234, -0.00159496197011, -0.00272189150564, -0.000225477677304, 0.00582893192768, -0.00546335801482], [3.81583922717e-05, -0.000497984292451, 0.0039742467925, -0.00112726248335, -0.00268211658113, 0.00465386128053, -0.00208437233232, -0.00159496197011, 0.0269866213202, -0.0113129904494, -0.00143590278458, 0.000920542690437, 0.00145919027273], [-0.00030306231929, -0.00130130723119, -0.00214592274278, 0.00649001263082, -0.000532093166839, -0.00215962389484, 0.0035158325918, -0.00272189150564, -0.0113129904494, 0.0293572507799, -0.0138508314267, -0.000613018695731, 0.00255347322673], [0.000112364199595, -0.00245763873681, -0.00177066633478, -0.0021832678467, 0.00565899955109, -0.00206038425677, -0.00033524617902, -0.000225477677304, -0.00143590278458, -0.0138508314267, 0.0396741218865, -0.0153447249904, 0.00135770323686], [0.000552563229576, 0.00340895028785, 2.96348916891e-05, 0.000780558446422, -0.00341612938792, 0.00573416985571, -0.00361806503497, 0.00582893192768, 0.000920542690437, -0.000613018695731, -0.0153447249904, 0.0407390967011, -0.0139036625624], [-0.000457465910586, -0.00319955172017, -0.000988793792203, 0.000403639423894, 0.000873233366292, -0.00112545536831, 0.00172217574436, -0.00546335801482, 0.00145919027273, 0.00255347322673, 0.00135770323686, -0.0139036625624, 0.0307986158878]]
    spectral_contrast:
        mean: [-5.80814798923e-07, 6.35574011199e-08, 1.9215288205e-07, 4.0360171738e-07, 3.94468770537e-07, 2.74109254406e-07, -1.17540639621e-06, -1.70834607616e-06, -5.90003594425e-07, 1.47418495544e-06, 1.51730898779e-06, 2.1776295398e-06]
        var: [0.000310951581923, 0.000521419395227, 0.000764597440138, 0.00174814322963, 0.00228999578394, 0.00252115586773, 0.0310062598437, 0.0563321821392, 0.0889545828104, 0.143056645989, 0.191714823246, 1.05129373074]

rhythm:
    beats_loudness:
        dmean: 0.00202475069091
        dmean2: 0.00354083557613
        dvar: 3.05043636217e-06
        dvar2: 7.23280436432e-06
        max: 0.0110882297158
        mean: 0.00679655978456
        min: 0.0034538093023
        var: 4.59251805296e-06
    beats_loudness_bass:
        dmean: 0.129322171211
        dmean2: 0.245146974921
        dvar: 0.0119103360921
        dvar2: 0.0326551347971
        max: 0.48715865612
        mean: 0.130696341395
        min: 0.0236077215523
        var: 0.0112418597564
    bpm: 114.627693176
    bpm_confidence: 0
    first_peak_bpm: 114
    first_peak_spread: 0.0555555224419
    first_peak_weight: 0.944444477558
    onset_rate: 3.08238625526
    second_peak_bpm: 0
    second_peak_spread: 0
    second_peak_weight: 0
    beats_position: [0.33661994338, 0.860665917397, 1.38471198082, 1.90875792503, 2.43280386925, 2.95685005188, 3.48089599609, 4.00494194031, 4.52898788452, 5.0530333519, 5.57707929611, 6.09436798096, 6.61704158783, 7.13971567154, 7.66238927841, 8.18506336212, 8.70773696899, 9.23041057587, 9.75308513641]
    bpm_estimates: [114.543006897, 114.9610672, 114.778503418, 114.92276001, 114.654975891, 112.802597046, 114.835754395, 114.404998779, 114.571220398, 114.737915039, 114.45173645, 114.984718323, 115.567680359, 114.769828796, 114.442314148, 114.614143372]
    bpm_intervals: [0.524045944214, 0.524046063423, 0.524045944214, 0.524045944214, 0.524046182632, 0.524045944214, 0.524045944214, 0.524045944214, 0.524045467377, 0.524045944214, 0.517288684845, 0.522673606873, 0.52267408371, 0.522673606873, 0.52267408371, 0.522673606873, 0.522673606873, 0.522674560547]
    onset_times: [0.0464399084449, 0.325079351664, 0.847528338432, 1.369977355, 1.88081634045, 2.42648530006, 2.69351482391, 2.94893431664, 3.48299312592, 3.72680282593, 4.00544214249, 4.27247142792, 4.52789115906, 4.77170085907, 5.05034017563, 5.28253984451, 5.66566896439, 6.1068482399, 6.38548755646, 6.64090681076, 6.90793657303, 7.16335582733, 7.34911584854, 7.69741487503, 7.92961454391, 8.20825386047, 8.48689365387, 8.59138298035, 8.75392246246, 9.02095222473, 9.27637195587]
    rubato_start: []
    rubato_stop: []
    perceptual_tempo: "unknown"

sfx:
    inharmonicity:
        dmean: 0.046789586544
        dmean2: 0.0833459347486
        dvar: 0.00272232014686
        dvar2: 0.00788857787848
        max: 0.330066770315
        mean: 0.0594016909599
        min: 0
        var: 0.00255396822467
    oddtoevenharmonicenergyratio:
        dmean: 2.21807456017
        dmean2: 4.20329666138
        dvar: 377.747039795
        dvar2: 1115.52990723
        max: 293.13949585
        mean: 1.50943255424
        min: 0
        var: 198.220153809
    pitch_after_max_to_before_max_energy_ratio: 2.7613863945
    pitch_centroid: 210.920593262
    pitch_max_to_total: 0.186635941267
    pitch_min_to_total: 0.00921658985317
    tristimulus:
        dmean: [0.171881273389, 0.204558134079, 0.131526231766]
        dmean2: [0.297447919846, 0.351661235094, 0.232169851661]
        dvar: [0.0191870462149, 0.0310043226928, 0.0117868809029]
        dvar2: [0.0550997965038, 0.0856180265546, 0.0337490029633]
        max: [1, 0.910712182522, 0.529273688793]
        mean: [0.359517604113, 0.443629294634, 0.151622906327]
        min: [0.0353524163365, 0, 0]
        var: [0.027319772169, 0.0410081744194, 0.0152577841654]

tonal:
    chords_changes_rate: 0.0276497695595
    chords_number_rate: 0.0230414755642
    chords_strength:
        dmean: 0.00844597723335
        dmean2: 0.00703489780426
        dvar: 4.57646419818e-05
        dvar2: 3.57867575076e-05
        max: 0.792282819748
        mean: 0.611409246922
        min: 0.370593309402
        var: 0.0140669485554
    key_strength: 0.873462915421
    tuning_diatonic_strength: 0.713632285595
    tuning_equal_tempered_deviation: 0.0150364302099
    tuning_frequency: 438.731048584
    tuning_nontempered_energy_ratio: 0.696858525276
    hpcp:
        dmean: [0.0862710028887, 0.0750896856189, 0.126769036055, 0.153068318963, 0.150499120355, 0.180385485291, 0.175711467862, 0.178640753031, 0.111487574875, 0.0756734833121, 0.0617180429399, 0.109037972987, 0.136122792959, 0.132587879896, 0.113491490483, 0.0878354609013, 0.0773331299424, 0.127645000815, 0.193253159523, 0.188006594777, 0.154822126031, 0.161493837833, 0.149542078376, 0.115133300424, 0.0888966023922, 0.104805804789, 0.175455853343, 0.218932464719, 0.18295148015, 0.127507954836, 0.117043979466, 0.0998845994473, 0.097777761519, 0.104745201766, 0.0988758057356, 0.0974773094058]
        dmean2: [0.13716070354, 0.123018182814, 0.217837527394, 0.25570872426, 0.253060162067, 0.30495429039, 0.286437541246, 0.287493765354, 0.18467001617, 0.126782894135, 0.10144585371, 0.18337918818, 0.221738666296, 0.219574406743, 0.191442757845, 0.149728924036, 0.134659454226, 0.216141209006, 0.312222987413, 0.313058108091, 0.260600596666, 0.267948001623, 0.257684350014, 0.19594720006, 0.152049645782, 0.17596898973, 0.286517351866, 0.366582691669, 0.307328462601, 0.217109873891, 0.199939653277, 0.166219457984, 0.167264699936, 0.173346087337, 0.170252427459, 0.162232816219]
        dvar: [0.0125783272088, 0.00720229512081, 0.0175718329847, 0.0281136035919, 0.0253608319908, 0.0243297852576, 0.0341584123671, 0.0290099047124, 0.0193133689463, 0.0136663913727, 0.00623265840113, 0.0154335564002, 0.024661289528, 0.0247574821115, 0.0249629225582, 0.015870872885, 0.0167969577014, 0.0221079904586, 0.0315975286067, 0.0365087799728, 0.0298312827945, 0.032191645354, 0.0345467664301, 0.0209874715656, 0.0184106845409, 0.017565228045, 0.0296978335828, 0.0468494035304, 0.0272896755487, 0.025113299489, 0.0223797298968, 0.0205427668989, 0.0131582217291, 0.0142132081091, 0.0145293474197, 0.0150576066226]
        dvar2: [0.0305064041167, 0.0154894897714, 0.0464360266924, 0.0746225044131, 0.0677497684956, 0.0660202875733, 0.0831438973546, 0.073175996542, 0.0462305806577, 0.0384683310986, 0.0172196570784, 0.0401903912425, 0.0610309764743, 0.0570129714906, 0.0577556490898, 0.0413582697511, 0.040057901293, 0.0561928600073, 0.0870805457234, 0.0986213609576, 0.0813651308417, 0.077780008316, 0.0886005610228, 0.0578561574221, 0.0517457686365, 0.0451848395169, 0.0746846422553, 0.125921458006, 0.0711331441998, 0.0676205530763, 0.0559799522161, 0.0529095567763, 0.0349954739213, 0.0363630577922, 0.0383543297648, 0.0375108718872]
        max: [1, 0.69944447279, 1, 1, 1, 1, 1, 1, 1, 1, 0.730394423008, 1, 1, 1, 1, 1, 0.906236290932, 1, 1, 1, 1, 1, 1, 0.941052734852, 1, 0.857852458954, 1, 1, 1, 1, 1, 0.950977265835, 1, 1, 0.780351281166, 0.840495169163]
        mean: [0.164949208498, 0.142844736576, 0.207306563854, 0.270161092281, 0.242374300957, 0.386000841856, 0.607849597931, 0.445758730173, 0.181848213077, 0.117396607995, 0.113140940666, 0.201083943248, 0.29796358943, 0.244977340102, 0.168555021286, 0.138145163655, 0.118105359375, 0.212431669235, 0.33485686779, 0.310160577297, 0.29835408926, 0.341662228107, 0.25122576952, 0.148400232196, 0.12918792665, 0.151530742645, 0.335235655308, 0.506034612656, 0.34935310483, 0.165658786893, 0.157608911395, 0.148871317506, 0.171117335558, 0.208740055561, 0.177822470665, 0.166996210814]
        min: [0.012679958716, 0.0187108181417, 0.0352897197008, 0.0203438941389, 0.0163376517594, 0.0441473200917, 0.0134200192988, 0.0232309978455, 0.0199121199548, 0.0155339799821, 0.0146753201261, 0.0302343517542, 0.027939338237, 0.0281465444714, 0.0143575873226, 0.0166208595037, 0.0172694474459, 0.0154524734244, 0.0182937718928, 0.0177113935351, 0.0125612206757, 0.00904414895922, 0.0114676970989, 0.00834513548762, 0.00737358443439, 0.0195275340229, 0.0288334228098, 0.0279298964888, 0.0364437662065, 0.018744667992, 0.017467206344, 0.0174007117748, 0.0142712499946, 0.0192667916417, 0.0235109366477, 0.024041691795]
        var: [0.0228589754552, 0.014924322255, 0.0248642358929, 0.0491716116667, 0.0473742522299, 0.0532453656197, 0.118952929974, 0.0775513872504, 0.0294154044241, 0.012444996275, 0.00690407911316, 0.023455042392, 0.059665415436, 0.0477313287556, 0.0335997268558, 0.0205548983067, 0.0171838980168, 0.0305877327919, 0.0650305896997, 0.0654732584953, 0.0645622760057, 0.104797847569, 0.0616178438067, 0.022732431069, 0.0172926336527, 0.0202876832336, 0.0585381016135, 0.104880340397, 0.0579311698675, 0.0267819631845, 0.0260102692991, 0.0209852643311, 0.0171657148749, 0.0337259620428, 0.0203228089958, 0.0191829241812]
    chords_histogram: [60.8294944763, 2.30414748192, 12.4423961639, 0, 0, 0, 0, 0, 0, 0, 0, 0, 0, 0, 0, 0, 0, 0, 0, 0, 0, 7.8341012001, 16.5898609161, 0]
    thpcp: [1, 0.73333722353, 0.299166470766, 0.193134307861, 0.186133116484, 0.330812007189, 0.490192949772, 0.403022944927, 0.277297258377, 0.227268666029, 0.194300293922, 0.34948065877, 0.550887703896, 0.510258734226, 0.490835368633, 0.562083482742, 0.413302510977, 0.244139716029, 0.212532714009, 0.249289855361, 0.551510870457, 0.832499682903, 0.574736118317, 0.272532522678, 0.259289324284, 0.244914725423, 0.281512618065, 0.343407422304, 0.292543530464, 0.274732768536, 0.27136516571, 0.235000133514, 0.341049104929, 0.444453835487, 0.398740589619, 0.635026872158]
    chords_key: "B"
    chords_scale: "major"
    key_key: "B"
    key_scale: "major"
    chords_progression: ["E", "E", "E", "E", "B", "B", "B", "B", "B", "B", "B", "B", "B", "B", "B", "B", "B", "B", "B", "B", "B", "B", "B", "B", "B", "B", "B", "B", "B", "B", "B", "B", "B", "B", "B", "B", "B", "B", "B", "B", "B", "B", "B", "B", "B", "B", "B", "B", "B", "B", "B", "B", "B", "B", "B", "B", "B", "B", "B", "B", "B", "B", "B", "B", "B", "B", "B", "B", "B", "B", "B", "B", "B", "B", "B", "B", "B", "B", "B", "B", "B", "B", "B", "B", "B", "B", "B", "B", "B", "B", "B", "B", "B", "B", "B", "B", "B", "B", "B", "B", "B", "B", "B", "B", "B", "B", "B", "B", "B", "B", "B", "B", "B", "B", "B", "B", "B", "B", "B", "B", "B", "B", "D#m", "D#m", "D#m", "D#m", "D#m", "F#", "F#", "F#", "F#", "F#", "F#", "F#", "F#", "F#", "F#", "F#", "F#", "F#", "F#", "F#", "F#", "F#", "F#", "F#", "F#", "F#", "F#", "F#", "F#", "F#", "F#", "F#", "C#m", "C#m", "C#m", "C#m", "C#m", "C#m", "C#m", "C#m", "C#m", "C#m", "C#m", "C#m", "C#m", "C#m", "C#m", "C#m", "C#m", "E", "E", "E", "E", "E", "E", "E", "E", "E", "E", "E", "E", "E", "E", "E", "E", "E", "E", "E", "E", "E", "E", "E", "E", "E", "E", "E", "E", "E", "E", "E", "E", "B", "B", "B", "B", "B", "B", "B", "B", "B", "B", "B", "B", "B", "B"]
