
metadata:
    version:
        essentia: "1.2.2"
    audio_properties:
        analysis_sample_rate: 44100
        bitrate: 128
        channels: 2
        equal_loudness: 1
        length: 10.0571432114
        replay_gain: -2.93733024597
        downmix: "mix"
    tags:
        track: 24
        year: 0
        album: "Splitted by Mp3Splt v. 2.1"
        artist: "From 003.50 To 004.00"
        comment: "http://mp3splt.sf.net"
        genre: ""
        title: "08 Sometimes.mp3"

highlevel:
    ballroom:
        all:
            ChaChaCha: 0.0583144649863
            Jive: 0.431647598743
            Quickstep: 0.0203544013202
            Rumba-American: 0.00516706239432
            Rumba-International: 0.0259773135185
            Rumba-Misc: 0.0172747522593
            Samba: 0.0365571528673
            Tango: 0.00961063243449
            VienneseWaltz: 0.350989729166
            Waltz: 0.0441069193184
        probability: 0.431647598743
        value: "Jive"
    culture:
        all:
            non_western: 0.374031364918
            western: 0.625968635082
        probability: 0.625968635082
        value: "western"
    gender:
        all:
            female: 0.631817042828
            male: 0.36818292737
        probability: 0.631817042828
        value: "female"
    genre_dortmund:
        all:
            alternative: 0.180896922946
            blues: 0.00517399096861
            electronic: 0.198966085911
            folkcountry: 0.00920740142465
            funksoulrnb: 0.00583295943215
            jazz: 0.00953996460885
            pop: 0.017099712044
            raphiphop: 0.00179513636976
            rock: 0.57148784399
        probability: 0.57148784399
        value: "rock"
    genre_electronica:
        all:
            ambient: 0.395909309387
            dnb: 0.27812436223
            house: 0.0362452305853
            techno: 0.0663540363312
            trance: 0.223367035389
        probability: 0.395909309387
        value: "ambient"
    genre_rosamerica:
        all:
            cla: 0.0450701192021
            dan: 0.0088203009218
            hip: 0.00341996457428
            jaz: 0.00288694072515
            pop: 0.00823445804417
            rhy: 0.00452361674979
            roc: 0.925838112831
            spe: 0.00120645971037
        probability: 0.925838112831
        value: "roc"
    genre_tzanetakis:
        all:
            blu: 0.0461172051728
            cla: 0.140939161181
            cou: 0.0519693568349
            dis: 0.0202882196754
            hip: 0.0206885579973
            jaz: 0.0372755154967
            met: 0.348644167185
            pop: 0.0151652833447
            reg: 0.0193457026035
            roc: 0.299566805363
        probability: 0.348644167185
        value: "met"
    live_studio:
        all:
            live: 0.381748527288
            studio: 0.618251502514
        probability: 0.618251502514
        value: "studio"
    mood:
        all:
            Cluster1: 0.436590760946
            Cluster2: 0.0421265214682
            Cluster3: 0.061460185796
            Cluster4: 0.0232758410275
            Cluster5: 0.436546683311
        probability: 0.436590760946
        value: "Cluster1"
    mood_acoustic:
        all:
            acoustic: 0.0350708290935
            not_acoustic: 0.964929163456
        probability: 0.964929163456
        value: "not_acoustic"
    mood_aggressive:
        all:
            aggressive: 0.99230068922
            not_aggressive: 0.00769932428375
        probability: 0.99230068922
        value: "aggressive"
    mood_electronic:
        all:
            electronic: 0.632176995277
            not_electronic: 0.367823034525
        probability: 0.632176995277
        value: "electronic"
    mood_happy:
        all:
            happy: 0.224504455924
            not_happy: 0.775495529175
        probability: 0.775495529175
        value: "not_happy"
    mood_party:
        all:
            not_party: 0.787544965744
            party: 0.212455049157
        probability: 0.787544965744
        value: "not_party"
    mood_relaxed:
        all:
            not_relaxed: 0.703857958317
            relaxed: 0.296142041683
        probability: 0.703857958317
        value: "not_relaxed"
    mood_sad:
        all:
            not_sad: 0.907445192337
            sad: 0.0925547927618
        probability: 0.907445192337
        value: "not_sad"
    rhythm:
        all:
            fast: 0.516277432442
            medium: 0.189329653978
            slow: 0.29439291358
        probability: 0.516277432442
        value: "fast"
    speech_music:
        all:
            music: 0.999702692032
            speech: 0.000297314458294
        probability: 0.999702692032
        value: "music"
    timbre:
        all:
            bright: 0.64981931448
            dark: 0.35018068552
        probability: 0.64981931448
        value: "bright"
    voice_instrumental:
        all:
            instrumental: 0.997300088406
            voice: 0.00269989459775
        probability: 0.997300088406
        value: "instrumental"

lowlevel:
    average_loudness: 0.984377503395
    barkbands_kurtosis:
        dmean: 0.315747022629
        dmean2: 0.546227157116
        dvar: 0.151774466038
        dvar2: 0.426570355892
        max: 2.16130638123
        mean: -1.44239366055
        min: -1.86295747757
        var: 0.185451298952
    barkbands_skewness:
        dmean: 0.366361647844
        dmean2: 0.604026794434
        dvar: 0.106584705412
        dvar2: 0.315916657448
        max: 1.94370222092
        mean: -0.128706455231
        min: -1.47716963291
        var: 0.245181947947
    barkbands_spread:
        dmean: 3.62152338028
        dmean2: 6.15251255035
        dvar: 9.29526805878
        dvar2: 26.2196826935
        max: 46.0134468079
        mean: 37.2383422852
        min: 19.5396823883
        var: 19.3112010956
    dissonance:
        dmean: 0.00899425335228
        dmean2: 0.0144003685564
        dvar: 0.000498691457324
        dvar2: 0.000481931871036
        max: 0.497771799564
        mean: 0.481492727995
        min: 0.00434598932043
        var: 0.000624228792731
    hfc:
        dmean: 2.36729049683
        dmean2: 3.75452470779
        dvar: 4.06279563904
        dvar2: 10.4659614563
        max: 22.8642749786
        mean: 10.5446538925
        min: 0.000597476959229
        var: 9.84632396698
    pitch:
        dmean: 297.127685547
        dmean2: 567.562194824
        dvar: 456118.6875
        dvar2: 1300277
        max: 3150
        mean: 2825.69848633
        min: 147.986572266
        var: 323757.6875
    pitch_instantaneous_confidence:
        dmean: 0.074127599597
        dmean2: 0.125619858503
        dvar: 0.00333184213378
        dvar2: 0.00939172040671
        max: 0.620032191277
        mean: 0.408820360899
        min: 0.200335502625
        var: 0.005323656369
    pitch_salience:
        dmean: 0.0592419542372
        dmean2: 0.101332195103
        dvar: 0.00310908118263
        dvar2: 0.00979186687618
        max: 0.952176451683
        mean: 0.670478641987
        min: 0.31713566184
        var: 0.00483176717535
    silence_rate_20dB:
        dmean: 0
        dmean2: 0
        dvar: 0
        dvar2: 0
        max: 1
        mean: 1
        min: 1
        var: 0
    silence_rate_30dB:
        dmean: 0
        dmean2: 0
        dvar: 0
        dvar2: 0
        max: 1
        mean: 1
        min: 1
        var: 0
    silence_rate_60dB:
        dmean: 0.00460829492658
        dmean2: 0.00923787523061
        dvar: 0.00458704167977
        dvar2: 0.00915255211294
        max: 1
        mean: 0.0091954022646
        min: 0
        var: 0.00911081116647
    spectral_centroid:
        dmean: 242.346511841
        dmean2: 403.264373779
        dvar: 43247.2226562
        dvar2: 129185.101562
        max: 2176.71875
        mean: 1548.14257812
        min: 536.849243164
        var: 96382.265625
    spectral_complexity:
        dmean: 3.49653577805
        dmean2: 5.74305534363
        dvar: 7.93588924408
        dvar2: 17.8066711426
        max: 37
        mean: 22.8041477203
        min: 0
        var: 19.8994407654
    spectral_crest:
        dmean: 1.59057939053
        dmean2: 2.6998398304
        dvar: 2.44130468369
        dvar2: 7.61323642731
        max: 14.8764533997
        mean: 6.35669898987
        min: 3.4075293541
        var: 3.07366943359
    spectral_decrease:
        dmean: 3.06250830251e-10
        dmean2: 5.07819897244e-10
        dvar: 8.72700943273e-20
        dvar2: 2.52109528811e-19
        max: -9.61485123289e-14
        mean: -1.56939083951e-09
        min: -3.4628024892e-09
        var: 1.6811983246e-19
    spectral_energy:
        dmean: 0.00128803402185
        dmean2: 0.00213308352977
        dvar: 1.4644173234e-06
        dvar2: 4.09601307183e-06
        max: 0.0143955713138
        mean: 0.00687966868281
        min: 4.17079860426e-07
        var: 2.96386269838e-06
    spectral_energyband_high:
        dmean: 5.04540839756e-05
        dmean2: 8.38633641251e-05
        dvar: 2.25176166602e-09
        dvar2: 5.84920778479e-09
        max: 0.000488376244903
        mean: 0.000130965781864
        min: 9.13530406876e-09
        var: 3.60401530841e-09
    spectral_energyband_low:
        dmean: 0.000356212258339
        dmean2: 0.000640698766802
        dvar: 1.27778434944e-07
        dvar2: 3.94736304088e-07
        max: 0.00267318612896
        mean: 0.000574504490942
        min: 3.32828413718e-08
        var: 1.85861821933e-07
    spectral_energyband_middle_high:
        dmean: 0.000828659278341
        dmean2: 0.00132530846167
        dvar: 5.22371578882e-07
        dvar2: 1.31071988108e-06
        max: 0.00781105738133
        mean: 0.00365645787679
        min: 1.81507090247e-07
        var: 1.25584767829e-06
    spectral_energyband_middle_low:
        dmean: 0.000824126182124
        dmean2: 0.00138173531741
        dvar: 9.26327629713e-07
        dvar2: 2.73441878562e-06
        max: 0.00870878156275
        mean: 0.00251767411828
        min: 1.88345893548e-07
        var: 1.51920937697e-06
    spectral_flatness_db:
        dmean: 0.013897549361
        dmean2: 0.0225681215525
        dvar: 0.000126524973894
        dvar2: 0.000324454362271
        max: 0.223653584719
        mean: 0.183545470238
        min: 0.0767998844385
        var: 0.000263924128376
    spectral_flux:
        dmean: 0.00619259849191
        dmean2: 0.00919160805643
        dvar: 3.46732231264e-05
        dvar2: 7.35773719498e-05
        max: 0.0858446583152
        mean: 0.0473403483629
        min: 0.00640018610284
        var: 7.2710274253e-05
    spectral_kurtosis:
        dmean: 3.20037293434
        dmean2: 5.68961143494
        dvar: 6.80280590057
        dvar2: 20.0847492218
        max: 25.5237064362
        mean: 6.29701852798
        min: 1.4452214241
        var: 8.9059381485
    spectral_rms:
        dmean: 0.000243943068199
        dmean2: 0.000397334311856
        dvar: 5.33241291123e-08
        dvar2: 1.26390361288e-07
        max: 0.00374759384431
        mean: 0.00256738439202
        min: 2.01719394681e-05
        var: 1.20407463555e-07
    spectral_rolloff:
        dmean: 150.334564209
        dmean2: 259.4949646
        dvar: 34774.6875
        dvar2: 109124.28125
        max: 3337.64648438
        mean: 2961.65820312
        min: 925.927734375
        var: 34391.125
    spectral_skewness:
        dmean: 0.344855457544
        dmean2: 0.586250185966
        dvar: 0.0867133811116
        dvar2: 0.208882391453
        max: 3.86406826973
        mean: 1.15377521515
        min: 0.369065403938
        var: 0.156208992004
    spectral_spread:
        dmean: 269488.84375
        dmean2: 369493.8125
        dvar: 245500461056
        dvar2: 202257498112
        max: 14293080
        mean: 2377914.75
        min: 1814724.25
        var: 477043916800
    spectral_strongpeak:
        dmean: 0.265243887901
        dmean2: 0.476132422686
        dvar: 0.251851379871
        dvar2: 0.716468453407
        max: 3.05442261696
        mean: 0.368154168129
        min: 0
        var: 0.232060685754
    zerocrossingrate:
        dmean: 0.00541958352551
        dmean2: 0.00682011339813
        dvar: 2.44027887675e-05
        dvar2: 3.36465818691e-05
        max: 0.107421875
        mean: 0.0819817483425
        min: 0.00634765625
        var: 0.000131491455249
    barkbands:
        dmean: [1.14261115414e-06, 8.09497505543e-05, 0.00033969420474, 0.000549877178855, 0.000398164178478, 0.000159685354447, 3.13765849569e-05, 4.41669471911e-05, 5.21328001923e-05, 4.40885596618e-05, 2.60526412603e-05, 6.52730668662e-05, 5.06879259774e-05, 0.000145690748468, 7.43578493712e-05, 0.000134367859573, 0.000356314412784, 0.000452764856163, 0.000194937863853, 7.48919774196e-05, 2.3680689992e-05, 1.23362951854e-06, 2.75937964034e-07, 9.8508451174e-08, 7.72631167933e-08, 1.24811414537e-08, 7.21772253076e-10]
        dmean2: [1.49453535414e-06, 0.000126700790133, 0.000608515751082, 0.000977755058557, 0.000629820569884, 0.00023747641535, 4.91083046654e-05, 6.2250517658e-05, 7.96905733296e-05, 6.76543641021e-05, 4.2729479901e-05, 0.000107839063276, 8.71652082424e-05, 0.00024420034606, 0.000122813813505, 0.000228314922424, 0.000594388169702, 0.000748817517888, 0.000333788688295, 0.000127994848299, 4.07167390222e-05, 1.78440404852e-06, 4.39903544702e-07, 1.58894067681e-07, 1.20237388046e-07, 2.20959393005e-08, 1.19554954825e-09]
        dvar: [1.66409952224e-12, 9.150045166e-09, 1.26754457597e-07, 7.26643008875e-07, 1.82814503091e-07, 2.44764599699e-08, 1.1985137327e-09, 3.92707111274e-09, 3.25836868598e-09, 2.18313389588e-09, 7.27405524703e-10, 3.98431110327e-09, 1.91665350258e-09, 3.6121647895e-08, 4.40336878071e-09, 1.46305181303e-08, 1.05749400348e-07, 1.37596032346e-07, 2.95164550579e-08, 5.07014785711e-09, 6.29034435651e-10, 3.49541532871e-12, 1.51437171722e-13, 3.40525947284e-14, 2.48113754883e-14, 1.46321722913e-15, 3.92979380779e-17]
        dvar2: [3.11851976534e-12, 2.14777546859e-08, 3.94267999582e-07, 2.2515200726e-06, 4.60090291199e-07, 5.07700015362e-08, 2.51961407294e-09, 6.79769662781e-09, 7.32529858993e-09, 4.33664837374e-09, 1.9169428267e-09, 9.99138016766e-09, 5.37507105491e-09, 9.51938119442e-08, 1.28280488454e-08, 3.9515324346e-08, 2.86003654537e-07, 4.07116345968e-07, 7.89515226529e-08, 1.32935680242e-08, 1.74763437055e-09, 6.52438476509e-12, 3.56220776617e-13, 7.99136080118e-14, 6.02905380243e-14, 4.12397895645e-15, 9.84753887033e-17]
        max: [8.9403029051e-06, 0.000689786102157, 0.0024762195535, 0.00635156407952, 0.00427504116669, 0.0022134333849, 0.000363770959666, 0.00116280582733, 0.00072190805804, 0.000728721963242, 0.000249711883953, 0.000493772211485, 0.000445754558314, 0.0022064326331, 0.000613738608081, 0.0010743313469, 0.00314011401497, 0.00327924406156, 0.00146052544005, 0.00059751002118, 0.000228933873586, 2.41501966229e-05, 4.34959792983e-06, 1.59541934863e-06, 1.22621543142e-06, 3.786807099e-07, 9.29291203988e-08]
        mean: [1.90101604858e-06, 0.000111840228783, 0.000460839830339, 0.000851615739521, 0.000891787407454, 0.00048539461568, 6.75104165566e-05, 8.86142443051e-05, 0.000103710175608, 9.23771222006e-05, 5.64229449083e-05, 0.000115593808005, 9.99535986921e-05, 0.000295176170766, 0.000163140910445, 0.000303718639771, 0.000839636079036, 0.00113666336983, 0.000464294134872, 0.000197254950763, 4.92012841278e-05, 2.1810326416e-06, 6.37848984297e-07, 1.27454896415e-07, 7.63471490473e-08, 8.76910810632e-09, 4.40516095823e-10]
        min: [6.84658152394e-09, 1.58329349631e-08, 1.26658887822e-08, 1.47720022881e-08, 4.45157226636e-08, 4.6162551115e-08, 3.67392622991e-08, 2.4955376432e-08, 1.96895406646e-08, 5.50350520712e-09, 2.51172860288e-09, 5.27236787562e-09, 2.95140822892e-09, 3.6445553242e-09, 4.5726560316e-09, 1.44883891551e-08, 5.9083333781e-08, 4.89631517553e-08, 3.09695664669e-08, 1.050040499e-08, 1.97776928168e-09, 4.56980592256e-10, 3.69544977952e-10, 2.41312109184e-10, 2.12415737777e-10, 6.52797121914e-11, 9.86311862261e-14]
        var: [3.33260285687e-12, 1.39137066313e-08, 1.67804742546e-07, 8.32298439946e-07, 4.88141097321e-07, 1.45480896663e-07, 3.64796837182e-09, 1.18602541122e-08, 6.8987495716e-09, 6.21349904861e-09, 1.36929800831e-09, 8.66427996016e-09, 3.24794946494e-09, 6.39808774849e-08, 6.92440016437e-09, 1.97928624601e-08, 1.67053585187e-07, 2.41767850184e-07, 4.51395791856e-08, 8.03252309112e-09, 9.35905464239e-10, 6.40706671745e-12, 2.37004263871e-13, 3.32917287488e-14, 2.32144574966e-14, 8.81350381233e-16, 1.98673529925e-17]
    mfcc:
        mean: [-717.369628906, 165.492080688, -97.7252197266, 81.5670700073, 3.49514436722, -6.33600759506, 2.92869329453, -0.621948897839, -12.2397851944, -6.78063869476, -9.94791889191, -3.47952771187, -12.3443574905]
        cov: [[933.754333496, -93.365020752, 5.98613882065, -18.7294960022, -0.83747279644, -15.6399097443, -4.75784397125, -44.4590682983, 4.49954032898, -36.3848686218, -0.412780344486, -32.6952285767, -42.7348709106], [-93.365020752, 215.449447632, -93.3715591431, 60.8016548157, -36.1956634521, 11.1238994598, -2.32216715813, 30.4274253845, -18.6617393494, 28.979681015, -14.7912826538, 24.1569271088, 16.6180686951], [5.98613882065, -93.3715591431, 183.28213501, -30.3635559082, 62.1051292419, -6.31654930115, 14.8887205124, 2.79285264015, 24.3604354858, -6.66331672668, 17.2999191284, -11.2935533524, -2.10085988045], [-18.7294960022, 60.8016548157, -30.3635559082, 56.7040367126, 1.3196041584, 16.5108375549, -0.662542462349, 5.81909990311, -9.40804576874, 1.84861648083, -5.72843456268, 2.71336698532, 2.42527103424], [-0.83747279644, -36.1956634521, 62.1051292419, 1.3196041584, 61.8768959045, 15.8204069138, 18.8209381104, -2.84610700607, 7.74122238159, -8.28145980835, 3.05467319489, -6.05124807358, -1.53106737137], [-15.6399097443, 11.1238994598, -6.31654930115, 16.5108375549, 15.8204069138, 58.5029182434, 15.8278112411, 15.7205696106, 2.24721860886, -1.31841874123, 2.95540833473, -7.04838848114, -4.21021175385], [-4.75784397125, -2.32216715813, 14.8887205124, -0.662542462349, 18.8209381104, 15.8278112411, 43.9030189514, 14.4160737991, 9.75921726227, -1.84927022457, 0.838080942631, 5.84117794037, 2.98678302765], [-44.4590682983, 30.4274253845, 2.79285264015, 5.81909990311, -2.84610700607, 15.7205696106, 14.4160737991, 47.8041419983, 13.9746932983, 16.5013637543, -2.45475363731, 0.371008455753, 1.90456962585], [4.49954032898, -18.6617393494, 24.3604354858, -9.40804576874, 7.74122238159, 2.24721860886, 9.75921726227, 13.9746932983, 39.2346000671, 10.7727308273, 12.6011190414, 0.0264125149697, 0.388949066401], [-36.3848686218, 28.979681015, -6.66331672668, 1.84861648083, -8.28145980835, -1.31841874123, -1.84927022457, 16.5013637543, 10.7727308273, 44.1283798218, 10.5994434357, 15.5417375565, 4.30793905258], [-0.412780344486, -14.7912826538, 17.2999191284, -5.72843456268, 3.05467319489, 2.95540833473, 0.838080942631, -2.45475363731, 12.6011190414, 10.5994434357, 35.4089698792, 11.6052732468, 5.99738168716], [-32.6952285767, 24.1569271088, -11.2935533524, 2.71336698532, -6.05124807358, -7.04838848114, 5.84117794037, 0.371008455753, 0.0264125149697, 15.5417375565, 11.6052732468, 45.3105239868, 20.5451717377], [-42.7348709106, 16.6180686951, -2.10085988045, 2.42527103424, -1.53106737137, -4.21021175385, 2.98678302765, 1.90456962585, 0.388949066401, 4.30793905258, 5.99738168716, 20.5451717377, 30.8023490906]]
        icov: [[0.00124114961363, 0.000303669337882, 9.9290831713e-05, -0.000252459780313, 0.000405784056056, 0.000272445264272, -0.00043374588131, 0.000947065476794, -0.00055592332501, 0.000565580034163, -0.000186457953532, 7.37768496037e-05, 0.00154070009012], [0.000303669337882, 0.0108018070459, 0.00230794935487, -0.00892652850598, 0.00264450791292, 0.000784056261182, -0.000723821111023, -0.00470125954598, 0.00323881674558, -0.00439603952691, 0.00253321416676, -0.00173884548713, -0.00270608835854], [9.9290831713e-05, 0.00230794935487, 0.0120083931834, 0.00270852982067, -0.0120826028287, 0.00497446162626, 0.00140394596383, -0.00556310126558, -0.000718926079571, 0.00101906782947, -0.00480824429542, 0.00188145483844, -0.000666622945573], [-0.000252459780313, -0.00892652850598, 0.00270852982067, 0.0305620860308, -0.008270829916, -0.00563307153061, 0.00437353318557, 7.01199169271e-05, 0.00160729372874, 0.00297957356088, -0.000492189370561, -0.000219734516577, 0.000439937895862], [0.000405784056056, 0.00264450791292, -0.0120826028287, -0.008270829916, 0.0360503084958, -0.00913221854717, -0.0112086255103, 0.0105082541704, -0.00207627518103, -0.00181859254371, 0.00552806770429, 0.00102464051452, -0.00153503962792], [0.000272445264272, 0.000784056261182, 0.00497446162626, -0.00563307153061, -0.00913221854717, 0.0271059926599, -0.00559902004898, -0.0101504065096, 0.00339172757231, 0.00260714045726, -0.00928362924606, 0.00525386352092, 0.00305516505614], [-0.00043374588131, -0.000723821111023, 0.00140394596383, 0.00437353318557, -0.0112086255103, -0.00559902004898, 0.0355418398976, -0.0110549088567, -0.00540050026029, 0.00781942438334, 0.00237624184228, -0.0103936614469, 0.00089938036399], [0.000947065476794, -0.00470125954598, -0.00556310126558, 7.01199169271e-05, 0.0105082541704, -0.0101504065096, -0.0110549088567, 0.0407634340227, -0.0121094631031, -0.0122208967805, 0.0104377074167, 0.00544071849436, -0.00264739710838], [-0.00055592332501, 0.00323881674558, -0.000718926079571, 0.00160729372874, -0.00207627518103, 0.00339172757231, -0.00540050026029, -0.0121094631031, 0.0396597795188, -0.00705300318077, -0.0121955312788, 0.00479735294357, -0.00140110007487], [0.000565580034163, -0.00439603952691, 0.00101906782947, 0.00297957356088, -0.00181859254371, 0.00260714045726, 0.00781942438334, -0.0122208967805, -0.00705300318077, 0.0381444506347, -0.00917860586196, -0.0122629227117, 0.00797542836517], [-0.000186457953532, 0.00253321416676, -0.00480824429542, -0.000492189370561, 0.00552806770429, -0.00928362924606, 0.00237624184228, 0.0104377074167, -0.0121955312788, -0.00917860586196, 0.0435611270368, -0.00981073267758, -0.00428464729339], [7.37768496037e-05, -0.00173884548713, 0.00188145483844, -0.000219734516577, 0.00102464051452, 0.00525386352092, -0.0103936614469, 0.00544071849436, 0.00479735294357, -0.0122629227117, -0.00981073267758, 0.042563572526, -0.0221986472607], [0.00154070009012, -0.00270608835854, -0.000666622945573, 0.000439937895862, -0.00153503962792, 0.00305516505614, 0.00089938036399, -0.00264739710838, -0.00140110007487, 0.00797542836517, -0.00428464729339, -0.0221986472607, 0.0509432442486]]
    spectral_contrast:
        mean: [9.97845628348e-09, 4.23352645385e-07, 1.20720002883e-07, 2.44375598868e-07, 2.45937826548e-07, 9.4533106676e-07, -7.78465505391e-07, 2.92522850032e-06, -3.49730930793e-06, -4.4799621719e-06, 2.58744580606e-06, -2.27211808124e-06]
        var: [0.000199046960915, 0.000274731515674, 0.000628933950793, 0.00120041985065, 0.00269759888761, 0.00301484530792, 0.0224660970271, 0.0408485122025, 0.0835095271468, 0.145106077194, 0.278661370277, 0.54820227623]

rhythm:
    beats_loudness:
        dmean: 0.00160737265833
        dmean2: 0.00307680736296
        dvar: 2.07211610359e-06
        dvar2: 4.18430499849e-06
        max: 0.0114208133891
        mean: 0.00719728088006
        min: 0.0051365471445
        var: 2.58410432252e-06
    beats_loudness_bass:
        dmean: 0.0899550169706
        dmean2: 0.138091012836
        dvar: 0.00613114330918
        dvar2: 0.0125831095502
        max: 0.582210302353
        mean: 0.230393767357
        min: 0.0795447453856
        var: 0.0186076331884
    bpm: 129.526473999
    bpm_confidence: 0
    first_peak_bpm: 130
    first_peak_spread: 0
    first_peak_weight: 0.950000047684
    onset_rate: 2.58522725105
    second_peak_bpm: 136
    second_peak_spread: 0
    second_peak_weight: 0.0500000007451
    beats_position: [0.483693003654, 0.946371614933, 1.40905022621, 1.87172877789, 2.33440732956, 2.79708600044, 3.25976467133, 3.72244334221, 4.18512201309, 4.64780044556, 5.11047887802, 5.57315731049, 6.01585674286, 6.47934103012, 6.94282531738, 7.40630960464, 7.86979436874, 8.33327865601, 8.79676246643, 9.2602481842, 9.72373199463]
    bpm_estimates: [130.865707397, 128.462738037, 129.449859619, 129.963592529, 128.351776123, 129.281845093, 128.993362427, 132.506759644, 128.884185791, 129.472763062, 129.258636475, 128.994628906, 129.199279785, 129.685653687]
    bpm_intervals: [0.462678611279, 0.462678611279, 0.462678551674, 0.462678551674, 0.462678670883, 0.462678670883, 0.462678670883, 0.462678670883, 0.462678432465, 0.462678432465, 0.462678432465, 0.442699432373, 0.463484287262, 0.463484287262, 0.463484287262, 0.463484764099, 0.463484287262, 0.463483810425, 0.463485717773, 0.463483810425]
    onset_times: [0.0348299331963, 0.127709746361, 0.162539675832, 0.383129239082, 0.661768734455, 1.10294783115, 1.35836732388, 1.82276642323, 1.97369611263, 2.4497051239, 2.70512461662, 2.94893431664, 2.9837641716, 3.40172338486, 3.44816327095, 3.90095233917, 5.07356023788, 5.97913837433, 6.18811798096, 6.64090681076, 7.6277551651, 8.103764534, 8.3011341095, 8.57977294922, 9.287981987, 9.75238132477]
    rubato_start: []
    rubato_stop: []
    perceptual_tempo: "unknown"

sfx:
    inharmonicity:
        dmean: 0.0603069141507
        dmean2: 0.108886688948
        dvar: 0.00441448623314
        dvar2: 0.0132538182661
        max: 0.438733488321
        mean: 0.0650268644094
        min: 0
        var: 0.00405656453222
    oddtoevenharmonicenergyratio:
        dmean: 2.68028903008
        dmean2: 5.05899047852
        dvar: 68.2328796387
        dvar2: 202.186340332
        max: 83.4470291138
        mean: 1.90201103687
        min: 0
        var: 37.4682006836
    pitch_after_max_to_before_max_energy_ratio: 124.146347046
    pitch_centroid: 221.644165039
    pitch_max_to_total: 0.00691244238988
    pitch_min_to_total: 0.921658992767
    tristimulus:
        dmean: [0.19794100523, 0.376255095005, 0.154919788241]
        dmean2: [0.351194113493, 0.681520938873, 0.293251752853]
        dvar: [0.0360252968967, 0.0842337757349, 0.027535373345]
        dvar2: [0.103940926492, 0.22584861517, 0.0697650462389]
        max: [1, 0.973299324512, 0.643117427826]
        mean: [0.281904608011, 0.373129308224, 0.102612197399]
        min: [0.0148611497134, 0, 0]
        var: [0.0381382443011, 0.11247587204, 0.025127934292]

tonal:
    chords_changes_rate: 0.0275229364634
    chords_number_rate: 0.0229357797652
    chords_strength:
        dmean: 0.00600411277264
        dmean2: 0.00594614259899
        dvar: 2.38535740209e-05
        dvar2: 2.53150246863e-05
        max: 0.665287494659
        mean: 0.556142807007
        min: 0.468793272972
        var: 0.00217474158853
    key_strength: 0.629036188126
    tuning_diatonic_strength: 0.452342450619
    tuning_equal_tempered_deviation: 0.0914744362235
    tuning_frequency: 452.108886719
    tuning_nontempered_energy_ratio: 0.690494000912
    hpcp:
        dmean: [0.172208070755, 0.132441073656, 0.0782817900181, 0.057447783649, 0.0576532892883, 0.0772936344147, 0.103013947606, 0.0930534824729, 0.0675594136119, 0.0402408726513, 0.0432595536113, 0.0894924849272, 0.126528128982, 0.150215610862, 0.199727118015, 0.169730275869, 0.178871408105, 0.14997856319, 0.111929483712, 0.111733794212, 0.126287057996, 0.13799841702, 0.135188415647, 0.124455653131, 0.121740370989, 0.133195489645, 0.169215723872, 0.161699011922, 0.137867167592, 0.0973170176148, 0.0787453353405, 0.0584681406617, 0.0480521805584, 0.0565827265382, 0.071090683341, 0.149324893951]
        dmean2: [0.288447827101, 0.226390466094, 0.141735330224, 0.0995417609811, 0.100228324533, 0.130223691463, 0.163635849953, 0.159085050225, 0.115867808461, 0.0640781447291, 0.0721938535571, 0.152551442385, 0.217992886901, 0.26020616293, 0.34156614542, 0.296144634485, 0.306693017483, 0.255734860897, 0.186116158962, 0.194269865751, 0.20266084373, 0.219988167286, 0.23041279614, 0.217126265168, 0.216137006879, 0.22849136591, 0.270286351442, 0.267077952623, 0.234480291605, 0.169221848249, 0.132110923529, 0.0988708212972, 0.0796489715576, 0.0950596928596, 0.126421585679, 0.24994443357]
        dvar: [0.0463775396347, 0.0243628900498, 0.0194284599274, 0.00742470100522, 0.0073297903873, 0.00918172951788, 0.0188679695129, 0.0199657902122, 0.0124314306304, 0.00424365559593, 0.00670086313039, 0.0153845939785, 0.0314721763134, 0.0243031382561, 0.0356884673238, 0.0360905490816, 0.0377832390368, 0.0318592190742, 0.0103338472545, 0.0145756993443, 0.0165228806436, 0.0173808354884, 0.0186087917536, 0.0159060619771, 0.0182431526482, 0.0185234732926, 0.0223723445088, 0.0408014059067, 0.017768882215, 0.00960375741124, 0.00678994087502, 0.00343282124959, 0.001991285244, 0.00427686609328, 0.0117769064382, 0.033520501107]
        dvar2: [0.0915843173862, 0.0678177922964, 0.0566570833325, 0.0207795072347, 0.020227169618, 0.023773625493, 0.0476253889501, 0.0523442216218, 0.0335877351463, 0.00927518960088, 0.0115784807131, 0.042226202786, 0.08252581954, 0.0651969611645, 0.092412173748, 0.077932022512, 0.0902362018824, 0.0908444598317, 0.0247874166816, 0.0421197414398, 0.0416801124811, 0.034176055342, 0.0455053411424, 0.0415835119784, 0.0502711050212, 0.0534242428839, 0.0606443807483, 0.0825508534908, 0.046630423516, 0.0265765562654, 0.020851098001, 0.0100732082501, 0.00578902941197, 0.0127715049312, 0.0355909839272, 0.0862177908421]
        max: [1, 1, 1, 0.566363036633, 0.599074184895, 0.700618445873, 1, 1, 0.955088973045, 0.539765775204, 1, 0.812698423862, 1, 1, 1, 1, 1, 1, 0.90160626173, 1, 1, 1, 1, 0.800088703632, 1, 0.919297456741, 1, 1, 1, 0.624823868275, 0.643149077892, 0.42099609971, 0.286542505026, 0.535997390747, 0.886314332485, 1]
        mean: [0.345175236464, 0.20554767549, 0.101695559919, 0.0872381553054, 0.0861892551184, 0.145116314292, 0.21751101315, 0.176771223545, 0.0927084833384, 0.0648515149951, 0.0716265812516, 0.197596162558, 0.291416883469, 0.231226801872, 0.371837854385, 0.490970462561, 0.333343237638, 0.219565734267, 0.195645898581, 0.190768793225, 0.258770048618, 0.308465242386, 0.24960064888, 0.209089875221, 0.204701393843, 0.226785883307, 0.465381234884, 0.621050834656, 0.380320698023, 0.171692073345, 0.131700649858, 0.106800526381, 0.105023130774, 0.111100651324, 0.111836530268, 0.249847277999]
        min: [0.016396984458, 0.015112452209, 0.0122736142948, 0.0133311785758, 0.0134434169158, 0.0179672334343, 0.013845439069, 0.0115513755009, 0.0082674799487, 0.00709529360756, 0.00850094947964, 0.015241404064, 0.0128284236416, 0.0183844417334, 0.0372114293277, 0.0326435789466, 0.00797727424651, 0.0180799942464, 0.0235911570489, 0.0234701056033, 0.0159080307931, 0.0192254893482, 0.0209430903196, 0.0203853640705, 0.0246533025056, 0.0285258479416, 0.0522495880723, 0.0457385219634, 0.0390524342656, 0.0187282823026, 0.0162371471524, 0.0148067967966, 0.0132799753919, 0.0133739719167, 0.015788692981, 0.0156780276448]
        var: [0.0938057154417, 0.0332020819187, 0.0140227759257, 0.00643832795322, 0.00625718245283, 0.0168894827366, 0.0538643188775, 0.0384504422545, 0.0121160494164, 0.00431789923459, 0.00701890420169, 0.037797100842, 0.0929222777486, 0.0343096964061, 0.0716508030891, 0.120445385575, 0.0667752623558, 0.0326111018658, 0.018715178594, 0.0167431272566, 0.0366513840854, 0.051190726459, 0.028941841796, 0.0219795312732, 0.0214050058275, 0.0243630688637, 0.064493060112, 0.1262345016, 0.0524597615004, 0.0127830523998, 0.00785749685019, 0.00431438116357, 0.00368461292237, 0.00762421311811, 0.0104051139206, 0.0531422272325]
    chords_histogram: [42.2018356323, 35.7798156738, 0, 0, 0, 0, 5.9633026123, 0, 0, 0, 0, 0, 0, 0, 0, 0, 0, 3.21100926399, 0, 0, 0, 0, 0, 12.844037056]
    thpcp: [1, 0.612382531166, 0.276454150677, 0.212060987949, 0.171967446804, 0.169105529785, 0.178891390562, 0.180076286197, 0.402297616005, 0.555792272091, 0.330967545509, 0.163747563958, 0.140468627214, 0.138779714704, 0.23366253078, 0.35023060441, 0.284632444382, 0.149276807904, 0.104422233999, 0.115331269801, 0.318164229393, 0.469231933355, 0.372315406799, 0.598723709583, 0.790547966957, 0.536740660667, 0.353539079428, 0.315023958683, 0.307170987129, 0.416664838791, 0.4966827631, 0.401900500059, 0.336671113968, 0.329604893923, 0.365164756775, 0.749344825745]
    chords_key: "D"
    chords_scale: "major"
    key_key: "D"
    key_scale: "major"
    chords_progression: ["B", "B", "B", "B", "B", "B", "B", "B", "B", "B", "B", "B", "B", "Bm", "Bm", "Bm", "Bm", "Bm", "Bm", "Bm", "Bm", "Bm", "Bm", "Bm", "Bm", "Bm", "Bm", "Bm", "Bm", "Bm", "Bm", "Bm", "Bm", "Bm", "Bm", "Bm", "Bm", "Bm", "Bm", "D", "D", "D", "D", "D", "D", "D", "D", "D", "D", "D", "D", "D", "D", "D", "D", "D", "D", "D", "D", "D", "D", "D", "D", "D", "D", "D", "D", "D", "D", "D", "D", "D", "D", "D", "D", "D", "D", "D", "D", "D", "D", "D", "D", "D", "D", "D", "D", "D", "D", "D", "D", "D", "D", "D", "D", "D", "D", "D", "D", "D", "D", "D", "D", "F#m", "F#m", "F#m", "F#m", "F#m", "F#m", "F#m", "F#m", "F#m", "F#m", "F#m", "F#m", "F#m", "F#m", "F#m", "F#m", "F#m", "F#m", "F#m", "F#m", "F#m", "F#m", "F#m", "F#m", "F#m", "F#m", "F#m", "F#m", "F#m", "F#m", "F#m", "F#m", "F#m", "F#m", "F#m", "F#m", "F#m", "F#m", "F#m", "F#m", "F#m", "F#m", "F#m", "F#m", "F#m", "F#m", "F#m", "F#m", "F#m", "F#m", "F#m", "F#m", "F#m", "F#m", "F#m", "F#m", "F#m", "F#m", "F#m", "F#m", "F#m", "F#m", "F#m", "F#m", "F#m", "F#m", "F#m", "F#m", "F#m", "F#m", "F#m", "F#m", "F#m", "F#m", "F#m", "F#m", "F#m", "F#m", "D", "D", "D", "D", "D", "D", "D", "D", "D", "D", "D", "D", "D", "D", "D", "D", "D", "D", "D", "D", "D", "D", "D", "D", "D", "D", "D", "D", "Dm", "Dm", "Dm", "Dm", "Dm", "Dm", "Dm", "Bm", "Bm"]
