
metadata:
    version:
        essentia: "1.2.2"
    audio_properties:
        analysis_sample_rate: 44100
        bitrate: 128
        channels: 2
        equal_loudness: 1
        length: 10.0310201645
        replay_gain: -14.6694087982
        downmix: "mix"
    tags:
        track: 12
        year: 0
        album: "Splitted by Mp3Splt v. 2.1"
        artist: "From 001.50 To 002.00"
        comment: "http://mp3splt.sf.net"
        genre: ""
        title: "02 In Love With Love.mp3"

highlevel:
    ballroom:
        all:
            ChaChaCha: 0.0347606763244
            Jive: 0.801396131516
            Quickstep: 0.0380559973419
            Rumba-American: 0.000396262097638
            Rumba-International: 0.000814057420939
            Rumba-Misc: 0.000465673743747
            Samba: 0.104699619114
            Tango: 0.00125601806212
            VienneseWaltz: 0.0168105568737
            Waltz: 0.00134501769207
        probability: 0.801396131516
        value: "Jive"
    culture:
        all:
            non_western: 0.0129078887403
            western: 0.987092137337
        probability: 0.987092137337
        value: "western"
    gender:
        all:
            female: 0.199970588088
            male: 0.800029397011
        probability: 0.800029397011
        value: "male"
    genre_dortmund:
        all:
            alternative: 0.051927626133
            blues: 0.018590817228
            electronic: 0.00829858146608
            folkcountry: 0.0716868340969
            funksoulrnb: 0.0128255421296
            jazz: 0.0143693434075
            pop: 0.065987251699
            raphiphop: 0.00305425608531
            rock: 0.753259718418
        probability: 0.753259718418
        value: "rock"
    genre_electronica:
        all:
            ambient: 0.17111453414
            dnb: 0.397629022598
            house: 0.00685646943748
            techno: 0.0126785095781
            trance: 0.411721467972
        probability: 0.411721467972
        value: "trance"
    genre_rosamerica:
        all:
            cla: 0.0105213671923
            dan: 0.0101009849459
            hip: 0.00308536365628
            jaz: 0.00222211703658
            pop: 0.0113446395844
            rhy: 0.00256094988436
            roc: 0.959263265133
            spe: 0.000901286082808
        probability: 0.959263265133
        value: "roc"
    genre_tzanetakis:
        all:
            blu: 0.00294725527056
            cla: 0.00592910591513
            cou: 0.165355995297
            dis: 0.0282823052257
            hip: 0.00493406597525
            jaz: 0.0485490038991
            met: 0.039060536772
            pop: 0.0277911741287
            reg: 0.00324203749187
            roc: 0.673908531666
        probability: 0.673908531666
        value: "roc"
    live_studio:
        all:
            live: 0.0852364003658
            studio: 0.914763629436
        probability: 0.914763629436
        value: "studio"
    mood:
        all:
            Cluster1: 0.332980811596
            Cluster2: 0.0879898667336
            Cluster3: 0.0247685257345
            Cluster4: 0.054948899895
            Cluster5: 0.499311894178
        probability: 0.499311894178
        value: "Cluster5"
    mood_acoustic:
        all:
            acoustic: 0.00708223693073
            not_acoustic: 0.992917776108
        probability: 0.992917776108
        value: "not_acoustic"
    mood_aggressive:
        all:
            aggressive: 0.947592198849
            not_aggressive: 0.0524077787995
        probability: 0.947592198849
        value: "aggressive"
    mood_electronic:
        all:
            electronic: 0.108379043639
            not_electronic: 0.89162093401
        probability: 0.89162093401
        value: "not_electronic"
    mood_happy:
        all:
            happy: 0.715986132622
            not_happy: 0.284013897181
        probability: 0.715986132622
        value: "happy"
    mood_party:
        all:
            not_party: 0.35311549902
            party: 0.64688450098
        probability: 0.64688450098
        value: "party"
    mood_relaxed:
        all:
            not_relaxed: 0.950484156609
            relaxed: 0.0495158284903
        probability: 0.950484156609
        value: "not_relaxed"
    mood_sad:
        all:
            not_sad: 0.963723838329
            sad: 0.0362761467695
        probability: 0.963723838329
        value: "not_sad"
    rhythm:
        all:
            fast: 0.872475326061
            medium: 0.120607376099
            slow: 0.0069172824733
        probability: 0.872475326061
        value: "fast"
    speech_music:
        all:
            music: 0.999889492989
            speech: 0.000110534710984
        probability: 0.999889492989
        value: "music"
    timbre:
        all:
            bright: 0.0496238581836
            dark: 0.950376152992
        probability: 0.950376152992
        value: "dark"
    voice_instrumental:
        all:
            instrumental: 0.0340807214379
            voice: 0.96591925621
        probability: 0.96591925621
        value: "voice"

lowlevel:
    average_loudness: 0.911194801331
    barkbands_kurtosis:
        dmean: 0.505796968937
        dmean2: 0.860736787319
        dvar: 0.390512496233
        dvar2: 0.960710048676
        max: 6.42245101929
        mean: -0.81358653307
        min: -1.82508778572
        var: 0.847006678581
    barkbands_skewness:
        dmean: 0.350781530142
        dmean2: 0.56004858017
        dvar: 0.104492790997
        dvar2: 0.248457640409
        max: 1.55186402798
        mean: -0.473937004805
        min: -2.56001877785
        var: 0.345989733934
    barkbands_spread:
        dmean: 4.70204162598
        dmean2: 7.7120141983
        dvar: 20.2003154755
        dvar2: 48.736240387
        max: 58.1150131226
        mean: 33.5507354736
        min: 11.3278083801
        var: 72.1038970947
    dissonance:
        dmean: 0.0111636742949
        dmean2: 0.0187207385898
        dvar: 0.0002670881222
        dvar2: 0.000380195997423
        max: 0.498698979616
        mean: 0.478550106287
        min: 0.162476405501
        var: 0.000432675122283
    hfc:
        dmean: 1.92829048634
        dmean2: 2.84821581841
        dvar: 5.6125535965
        dvar2: 11.6067152023
        max: 62.0461273193
        mean: 9.6571521759
        min: 1.00143215604e-05
        var: 54.9161567688
    pitch:
        dmean: 1028.80163574
        dmean2: 1945.12182617
        dvar: 1922134.875
        dvar2: 4679111.5
        max: 4009.09082031
        mean: 1590.03796387
        min: 87.5
        var: 2561926.5
    pitch_instantaneous_confidence:
        dmean: 0.0777335315943
        dmean2: 0.130855247378
        dvar: 0.00376786547713
        dvar2: 0.0109708178788
        max: 0.699235677719
        mean: 0.360313147306
        min: 0.182791113853
        var: 0.00880613271147
    pitch_salience:
        dmean: 0.0479855053127
        dmean2: 0.0813821479678
        dvar: 0.00177944416646
        dvar2: 0.00499959662557
        max: 0.96305757761
        mean: 0.669102430344
        min: 0.498739987612
        var: 0.0031370325014
    silence_rate_20dB:
        dmean: 0
        dmean2: 0
        dvar: 0
        dvar2: 0
        max: 1
        mean: 1
        min: 1
        var: 0
    silence_rate_30dB:
        dmean: 0
        dmean2: 0
        dvar: 0
        dvar2: 0
        max: 1
        mean: 1
        min: 1
        var: 0
    silence_rate_60dB:
        dmean: 0.101851850748
        dmean2: 0.204176336527
        dvar: 0.0914780646563
        dvar2: 0.194970935583
        max: 1
        mean: 0.415704399347
        min: 0
        var: 0.242894291878
    spectral_centroid:
        dmean: 260.35848999
        dmean2: 415.115905762
        dvar: 58658.4921875
        dvar2: 145872.703125
        max: 3374.88793945
        mean: 2077.97827148
        min: 914.411499023
        var: 198462.875
    spectral_complexity:
        dmean: 3.47563815117
        dmean2: 5.71395349503
        dvar: 8.41646671295
        dvar2: 19.7902774811
        max: 39
        mean: 17.9976844788
        min: 0
        var: 41.831035614
    spectral_crest:
        dmean: 1.56274008751
        dmean2: 2.57151842117
        dvar: 2.21727633476
        dvar2: 5.58572530746
        max: 16.130033493
        mean: 5.9839630127
        min: 2.74289894104
        var: 4.21779298782
    spectral_decrease:
        dmean: 2.31931571171e-10
        dmean2: 3.59303253816e-10
        dvar: 7.28314047036e-20
        dvar2: 1.59655836089e-19
        max: -9.79487089106e-16
        mean: -1.03300146215e-09
        min: -3.89775722809e-09
        var: 3.95081364589e-19
    spectral_energy:
        dmean: 0.0010021982016
        dmean2: 0.00153708015569
        dvar: 1.33826540605e-06
        dvar2: 2.82786004391e-06
        max: 0.0203387364745
        mean: 0.00477471854538
        min: 4.6051411573e-09
        var: 8.73771932675e-06
    spectral_energyband_high:
        dmean: 0.000123884252389
        dmean2: 0.000204995390959
        dvar: 2.08877448671e-08
        dvar2: 4.99841803503e-08
        max: 0.00185189640615
        mean: 0.000409108557506
        min: 2.92805751867e-10
        var: 6.5558459994e-08
    spectral_energyband_low:
        dmean: 0.000116018170957
        dmean2: 0.000208094905247
        dvar: 7.70390258253e-08
        dvar2: 2.19417117364e-07
        max: 0.00260969437659
        mean: 0.000203940726351
        min: 6.54460027838e-11
        var: 5.91109738934e-08
    spectral_energyband_middle_high:
        dmean: 0.000606118876021
        dmean2: 0.000903967593331
        dvar: 6.29775286143e-07
        dvar2: 1.25625956571e-06
        max: 0.0177943799645
        mean: 0.002792511601
        min: 3.00703417722e-09
        var: 5.04768877363e-06
    spectral_energyband_middle_low:
        dmean: 0.000587306218222
        dmean2: 0.000942692451645
        dvar: 5.98980591349e-07
        dvar2: 1.49083939505e-06
        max: 0.00668404996395
        mean: 0.00136915594339
        min: 1.22682464188e-09
        var: 1.37981885473e-06
    spectral_flatness_db:
        dmean: 0.0118487849832
        dmean2: 0.0191372223198
        dvar: 9.86403465504e-05
        dvar2: 0.00024197489256
        max: 0.229297414422
        mean: 0.139958783984
        min: 0.0716575756669
        var: 0.000381039426429
    spectral_flux:
        dmean: 0.00736721139401
        dmean2: 0.0112438071519
        dvar: 6.53898096061e-05
        dvar2: 0.00015357582015
        max: 0.12852743268
        mean: 0.0415675416589
        min: 6.78611904732e-05
        var: 0.000238568522036
    spectral_kurtosis:
        dmean: 0.685673832893
        dmean2: 1.12304806709
        dvar: 0.483574986458
        dvar2: 1.35567629337
        max: 9.72900295258
        mean: 3.3672504425
        min: -0.0840728282928
        var: 1.26889693737
    spectral_rms:
        dmean: 0.000222794245929
        dmean2: 0.000336824828992
        dvar: 5.61626016804e-08
        dvar2: 1.12725096812e-07
        max: 0.00445451121777
        mean: 0.00207169703208
        min: 2.11962742469e-06
        var: 3.66334802493e-07
    spectral_rolloff:
        dmean: 224.274978638
        dmean2: 372.724578857
        dvar: 53604.5117188
        dvar2: 146192.40625
        max: 5103.36914062
        mean: 3674.30419922
        min: 2260.98632812
        var: 144333.078125
    spectral_skewness:
        dmean: 0.122444368899
        dmean2: 0.198267832398
        dvar: 0.013461519964
        dvar2: 0.0298760943115
        max: 2.5691549778
        mean: 1.3048248291
        min: 0.650525391102
        var: 0.0543381385505
    spectral_spread:
        dmean: 406853.0625
        dmean2: 560658.5
        dvar: 684036521984
        dvar2: 681792765952
        max: 20190386
        mean: 4704482
        min: 2719166.5
        var: 1.6679272448e+12
    spectral_strongpeak:
        dmean: 0.58323341608
        dmean2: 0.975730419159
        dvar: 0.566064357758
        dvar2: 1.36740839481
        max: 10.0815105438
        mean: 0.813934266567
        min: 0.000195717366296
        var: 1.44703650475
    zerocrossingrate:
        dmean: 0.00677476078272
        dmean2: 0.00818154960871
        dvar: 4.9244335969e-05
        dvar2: 6.75474875607e-05
        max: 0.1669921875
        mean: 0.114323370159
        min: 0.0615234375
        var: 0.000335649267072
    barkbands:
        dmean: [4.66237928265e-08, 4.23562778451e-05, 8.09049452073e-05, 0.000106441693788, 0.000278489344055, 0.00015245344548, 0.000109173408418, 0.000122517856653, 0.000149865474668, 9.05576671357e-05, 4.94467712997e-05, 4.32561610069e-05, 0.000103665268398, 9.00413215277e-05, 0.000119538570289, 0.000125918391859, 0.000189789439901, 9.51677793637e-05, 0.000288305309368, 0.000209919016925, 4.7215136874e-05, 1.46462007251e-05, 3.8394632611e-06, 2.59785792878e-06, 1.18630907764e-06, 5.8855917473e-08, 5.06519992616e-10]
        dmean2: [6.47019078315e-08, 7.6086660556e-05, 0.000145177255035, 0.00019023277855, 0.000449620711152, 0.000249447650276, 0.000176817557076, 0.000196218839847, 0.000244996335823, 0.00014227363863, 7.8892793681e-05, 6.66082341922e-05, 0.000159934832482, 0.000145892874571, 0.000201175702387, 0.000206590149901, 0.000317065510899, 0.000159051443916, 0.000473917636555, 0.000342539016856, 7.7400545706e-05, 2.31698759308e-05, 5.73340230403e-06, 3.83141696148e-06, 1.60358979429e-06, 9.51915666292e-08, 6.88385293213e-10]
        dvar: [6.27240636817e-14, 1.09027977757e-08, 3.71467372418e-08, 3.98004829094e-08, 2.24771653734e-07, 9.63170521118e-08, 6.69808883913e-08, 6.988666712e-08, 8.51252366374e-08, 4.32188365096e-08, 1.02077990505e-08, 8.17401613062e-09, 6.52764455822e-08, 1.82489685585e-08, 6.29438687838e-08, 2.35986359343e-08, 4.38786891266e-08, 1.15356337815e-08, 2.57261376646e-07, 1.26832560454e-07, 2.52024578984e-09, 3.04123504158e-10, 9.92501289487e-11, 9.98699387078e-11, 1.04862984615e-11, 8.24426484925e-15, 2.97715537348e-17]
        dvar2: [7.25454649153e-14, 3.09840650914e-08, 1.06432658242e-07, 1.14926862693e-07, 5.80750111112e-07, 2.45895279249e-07, 1.73145366489e-07, 1.5799771802e-07, 2.04680063121e-07, 1.17255240184e-07, 2.22133280658e-08, 1.88408808555e-08, 1.49554765017e-07, 4.01862401134e-08, 1.65089176107e-07, 5.02739005981e-08, 1.16953792428e-07, 2.59859387342e-08, 5.37148878266e-07, 3.1808704648e-07, 6.88998014198e-09, 6.61502408406e-10, 1.62755614541e-10, 1.67986791144e-10, 1.6202044914e-11, 1.71763323101e-14, 3.03905760005e-17]
        max: [4.94022242492e-06, 0.000726191559806, 0.00188332749531, 0.00153274496552, 0.00431338138878, 0.00278719700873, 0.00321654742584, 0.00228981557302, 0.00277712009847, 0.00234071351588, 0.00135971582495, 0.00122672668658, 0.00304238800891, 0.00196297932416, 0.00362334260717, 0.00254211272113, 0.0022349152714, 0.00198498787358, 0.00996522326022, 0.00829680636525, 0.000879136670846, 0.00022106882534, 0.000163225995493, 0.000137334209285, 5.35076578672e-05, 1.14481883884e-06, 1.13547493186e-07]
        mean: [4.48506689565e-08, 6.63074824843e-05, 0.000137594965054, 0.000119995740533, 0.000381109537557, 0.000239759348915, 0.000156024761964, 0.00017614394892, 0.000267008814262, 0.000158971204655, 9.46739965002e-05, 7.37863883842e-05, 0.000175349996425, 0.0001649963815, 0.000209950318094, 0.000270410411758, 0.000378487515263, 0.00024047496845, 0.000730364001356, 0.000535984931048, 0.000137746174005, 4.04221427743e-05, 9.44637940847e-06, 6.50349647913e-06, 3.04515970129e-06, 1.18623411538e-07, 5.48739442774e-10]
        min: [2.06399203284e-11, 3.24301835386e-11, 2.26527720193e-11, 2.29606628849e-11, 6.51804721308e-11, 9.34244834272e-11, 1.38284439455e-10, 2.66195787635e-10, 5.74888192606e-10, 3.09620190597e-10, 1.44589895612e-10, 1.29237537339e-10, 1.28817415068e-10, 2.11277540602e-11, 4.78802275605e-11, 2.73769167058e-11, 3.44150458131e-10, 1.29641730684e-09, 4.33893282414e-10, 3.53276907727e-10, 6.47285211541e-11, 1.30322402175e-11, 1.98349843494e-11, 9.11197159392e-12, 9.04267546259e-12, 6.94045732344e-12, 1.6441031479e-13]
        var: [6.36438127134e-14, 7.01814784065e-09, 3.32372245282e-08, 2.98522309095e-08, 2.56883595284e-07, 1.53209782638e-07, 7.00826703337e-08, 1.00535594072e-07, 2.00147553642e-07, 8.16165908191e-08, 3.30329470444e-08, 1.77072845275e-08, 1.46569831827e-07, 5.43985301249e-08, 1.17679341827e-07, 5.64666322589e-08, 7.69818768731e-08, 7.1280027214e-08, 8.0100426203e-07, 4.34405848182e-07, 8.30846058619e-09, 1.0824390273e-09, 2.79685302695e-10, 2.69844979695e-10, 4.30949061159e-11, 2.40247783419e-14, 2.97439854593e-17]
    mfcc:
        mean: [-688.382568359, 92.0301208496, -53.5926437378, 55.6714019775, -8.78523349762, -5.70169401169, -0.0790564343333, -9.33532238007, -1.79488670826, 0.425083756447, -6.63399362564, -5.76835918427, -2.50718331337]
        cov: [[1953.00061035, 134.255844116, -90.2660675049, -161.436645508, -151.972549438, -25.1514034271, -55.5684127808, -3.55521917343, 5.326212883, 11.8365411758, 41.4276657104, -29.8593158722, -47.4181938171], [134.255844116, 349.361572266, -130.78767395, -50.5285186768, -139.720703125, -26.8463344574, -4.43306207657, 26.9189586639, -9.31922626495, 0.0544134266675, 46.1168785095, 3.78224563599, -17.4958171844], [-90.2660675049, -130.78767395, 208.917999268, 44.9507102966, 104.320503235, 16.9796657562, -6.90045642853, -25.891658783, -16.2065296173, -19.9480514526, -39.2053337097, 9.72092437744, 19.6490154266], [-161.436645508, -50.5285186768, 44.9507102966, 211.621078491, 97.5501708984, 33.1235961914, -14.3611822128, -37.0391387939, 13.9038486481, 12.7676343918, -38.0326499939, -25.7614326477, 20.9528713226], [-151.972549438, -139.720703125, 104.320503235, 97.5501708984, 172.940292358, 36.6244735718, 0.458223342896, -41.9917488098, -6.42118358612, -7.54102563858, -38.7585830688, -0.247337445617, 19.5393638611], [-25.1514034271, -26.8463344574, 16.9796657562, 33.1235961914, 36.6244735718, 63.7277870178, 28.1917800903, 5.15540552139, 0.273339182138, -5.9109711647, -2.53936505318, 7.13839578629, 1.33111035824], [-55.5684127808, -4.43306207657, -6.90045642853, -14.3611822128, 0.458223342896, 28.1917800903, 77.1632461548, 39.5449523926, 7.25680541992, -6.60479640961, -0.857080638409, 11.6618385315, 3.22393703461], [-3.55521917343, 26.9189586639, -25.891658783, -37.0391387939, -41.9917488098, 5.15540552139, 39.5449523926, 69.9154205322, 17.9241733551, -5.05511665344, 5.87919235229, 9.61325073242, 1.28714418411], [5.326212883, -9.31922626495, -16.2065296173, 13.9038486481, -6.42118358612, 0.273339182138, 7.25680541992, 17.9241733551, 47.2225189209, 19.2756824493, -1.42713475227, -9.23729515076, 0.898913025856], [11.8365411758, 0.0544134266675, -19.9480514526, 12.7676343918, -7.54102563858, -5.9109711647, -6.60479640961, -5.05511665344, 19.2756824493, 50.839138031, 21.235086441, -7.39928388596, -6.73210144043], [41.4276657104, 46.1168785095, -39.2053337097, -38.0326499939, -38.7585830688, -2.53936505318, -0.857080638409, 5.87919235229, -1.42713475227, 21.235086441, 55.8580284119, 21.1250324249, -12.5772447586], [-29.8593158722, 3.78224563599, 9.72092437744, -25.7614326477, -0.247337445617, 7.13839578629, 11.6618385315, 9.61325073242, -9.23729515076, -7.39928388596, 21.1250324249, 45.7238540649, 11.2238473892], [-47.4181938171, -17.4958171844, 19.6490154266, 20.9528713226, 19.5393638611, 1.33111035824, 3.22393703461, 1.28714418411, 0.898913025856, -6.73210144043, -12.5772447586, 11.2238473892, 41.2243232727]]
        icov: [[0.000608771748375, -0.000103759542981, -5.39380816917e-05, 0.00055000372231, 0.000339007790899, -0.000597257865593, 0.000535809318535, 0.000290955853416, -0.00030667881947, 1.54280187417e-05, -7.18782102922e-05, 0.000589449540712, 3.67717875633e-05], [-0.000103759542981, 0.00500663928688, 0.00155094696674, -0.00154497823678, 0.00326942955144, 0.000705975398887, -7.82833667472e-05, -0.000340962695191, 0.00174073863309, 0.00188312050886, -0.00237557920627, 6.53705210425e-05, 2.28479148063e-05], [-5.39380816917e-05, 0.00155094696674, 0.00829085893929, 0.000114205984573, -0.00300161656924, 3.87681902794e-05, 0.00146528228652, -0.000509760982823, 0.00214581959881, -0.000157300411956, 0.00420042313635, -0.003715087194, 0.000129703970742], [0.00055000372231, -0.00154497823678, 0.000114205984573, 0.00967243779451, -0.00368701131083, -0.00516749545932, 0.00245028105564, 0.00217563542537, -0.00243468838744, -0.00363408937119, 0.00355177139863, 0.00383855961263, -0.00384063995443], [0.000339007790899, 0.00326942955144, -0.00300161656924, -0.00368701131083, 0.016104426235, -0.00411680759862, -0.0021445681341, 0.00697963032871, 0.000117001101898, -0.00026386231184, 0.0039771432057, -0.00344653101638, -0.000362117978511], [-0.000597257865593, 0.000705975398887, 3.87681902794e-05, -0.00516749545932, -0.00411680759862, 0.02555844374, -0.00967271346599, -0.0008999609272, 0.000185690369108, 0.00485244672745, -0.00546177383512, -0.00233259890229, 0.00388826359995], [0.000535809318535, -7.82833667472e-05, 0.00146528228652, 0.00245028105564, -0.0021445681341, -0.00967271346599, 0.0241484921426, -0.0127716241404, 0.00112987263128, -0.00218442105688, 0.00395000167191, -0.00249565765262, -1.843647442e-05], [0.000290955853416, -0.000340962695191, -0.000509760982823, 0.00217563542537, 0.00697963032871, -0.0008999609272, -0.0127716241404, 0.0307916346937, -0.0123004950583, 0.00494051724672, 0.00130884617101, -0.00340451253578, -0.00151332339738], [-0.00030667881947, 0.00174073863309, 0.00214581959881, -0.00243468838744, 0.000117001101898, 0.000185690369108, 0.00112987263128, -0.0123004950583, 0.0340725332499, -0.0143206249923, 0.00500123994425, 0.00271087139845, -0.00145885231905], [1.54280187417e-05, 0.00188312050886, -0.000157300411956, -0.00363408937119, -0.00026386231184, 0.00485244672745, -0.00218442105688, 0.00494051724672, -0.0143206249923, 0.038243688643, -0.0241134073585, 0.0113201737404, -0.00115730718244], [-7.18782102922e-05, -0.00237557920627, 0.00420042313635, 0.00355177139863, 0.0039771432057, -0.00546177383512, 0.00395000167191, 0.00130884617101, 0.00500123994425, -0.0241134073585, 0.0504466257989, -0.0283191613853, 0.0120975924656], [0.000589449540712, 6.53705210425e-05, -0.003715087194, 0.00383855961263, -0.00344653101638, -0.00233259890229, -0.00249565765262, -0.00340451253578, 0.00271087139845, 0.0113201737404, -0.0283191613853, 0.0465326718986, -0.0169837046415], [3.67717875633e-05, 2.28479148063e-05, 0.000129703970742, -0.00384063995443, -0.000362117978511, 0.00388826359995, -1.843647442e-05, -0.00151332339738, -0.00145885231905, -0.00115730718244, 0.0120975924656, -0.0169837046415, 0.0344522707164]]
    spectral_contrast:
        mean: [7.18541244282e-08, 7.81189939403e-08, 4.65161122065e-07, 2.22189427745e-07, -1.24521273293e-08, 1.41647262808e-07, 2.28449977158e-07, -1.43798797581e-06, 9.77129843704e-07, 1.73833086592e-06, -1.32399577524e-06, -3.14511089528e-06]
        var: [0.000316066085361, 0.000522108923178, 0.00109769136179, 0.00168907619081, 0.00286771752872, 0.0045982808806, 0.0278563220054, 0.0649529621005, 0.0848789513111, 0.201746240258, 0.216565355659, 0.874776005745]

rhythm:
    beats_loudness:
        dmean: 0.00217500398867
        dmean2: 0.00350429536775
        dvar: 4.47436923423e-06
        dvar2: 1.21815846796e-05
        max: 0.0163049418479
        mean: 0.0057217492722
        min: 0.00256280344911
        var: 9.63709771895e-06
    beats_loudness_bass:
        dmean: 0.0446683764458
        dmean2: 0.0797088965774
        dvar: 0.00207148189656
        dvar2: 0.00559947872534
        max: 0.229468017817
        mean: 0.058894045651
        min: 0.00475183175877
        var: 0.00263084145263
    bpm: 123.633041382
    bpm_confidence: 0
    first_peak_bpm: 122
    first_peak_spread: 0.421052634716
    first_peak_weight: 0.578947365284
    onset_rate: 2.79134106636
    second_peak_bpm: 0
    second_peak_spread: 0
    second_peak_weight: 0
    beats_position: [0.36291846633, 0.853770375252, 1.34462213516, 1.83547401428, 2.3263258934, 2.8171775341, 3.3080291748, 3.79888105392, 4.28973293304, 4.78058433533, 5.27143621445, 5.76228809357, 6.26885986328, 6.74880599976, 7.22875213623, 7.70869731903, 8.18864345551, 8.66858959198, 9.14853572845, 9.62848091125]
    bpm_estimates: [122.527610779, 122.675819397, 122.510688782, 124.748855591, 120.445129395, 121.099838257, 121.740203857, 125.752403259, 125.506713867, 125.544631958, 124.78352356, 124.297363281, 124.582717896, 124.646827698]
    bpm_intervals: [0.490851908922, 0.490851759911, 0.49085187912, 0.49085187912, 0.490851640701, 0.490851640701, 0.49085187912, 0.49085187912, 0.490851402283, 0.49085187912, 0.49085187912, 0.506571769714, 0.479946136475, 0.479946136475, 0.4799451828, 0.479946136475, 0.479946136475, 0.479946136475, 0.4799451828]
    onset_times: [0.0580498874187, 0.208979591727, 0.638548731804, 0.859138309956, 1.04489791393, 1.13777780533, 1.26548755169, 1.6137868166, 1.83437645435, 2.04335594177, 2.20589566231, 2.54258513451, 2.80961441994, 3.06503391266, 3.30884361267, 3.79646253586, 4.19120168686, 4.79492044449, 5.29414987564, 5.78176879883, 6.28099775314, 6.42031764984, 6.53641700745, 6.76861667633, 7.31428575516, 7.73224496841, 8.6958732605, 9.65950107574]
    rubato_start: []
    rubato_stop: []
    perceptual_tempo: "unknown"

sfx:
    inharmonicity:
        dmean: 0.0548978894949
        dmean2: 0.0966102927923
        dvar: 0.00232902029529
        dvar2: 0.0069909482263
        max: 0.317922562361
        mean: 0.0693660750985
        min: 4.93977568112e-05
        var: 0.00294278166257
    oddtoevenharmonicenergyratio:
        dmean: 1.74268841743
        dmean2: 3.08631682396
        dvar: 8.20571422577
        dvar2: 21.9592113495
        max: 28.8049602509
        mean: 1.48817372322
        min: 0.00611992646009
        var: 6.78409910202
    pitch_after_max_to_before_max_energy_ratio: 7.81325817108
    pitch_centroid: 251.066055298
    pitch_max_to_total: 0.189814820886
    pitch_min_to_total: 0.518518507481
    tristimulus:
        dmean: [0.160642430186, 0.273051381111, 0.178170681]
        dmean2: [0.279246807098, 0.473534882069, 0.327003896236]
        dvar: [0.019850121811, 0.0501120239496, 0.0218281410635]
        dvar2: [0.0537748746574, 0.153390809894, 0.0595243424177]
        max: [0.833089053631, 0.985473453999, 0.666021227837]
        mean: [0.268313914537, 0.488862842321, 0.17213113606]
        min: [0.00490292022005, 0, 0]
        var: [0.0258521754295, 0.0627400949597, 0.0269006732851]

tonal:
    chords_changes_rate: 0.0601851865649
    chords_number_rate: 0.0277777779847
    chords_strength:
        dmean: 0.00963065586984
        dmean2: 0.0108819790184
        dvar: 7.06019854988e-05
        dvar2: 0.00012102349865
        max: 0.697959601879
        mean: 0.539209842682
        min: 0.402460634708
        var: 0.00552256498486
    key_strength: 0.741192996502
    tuning_diatonic_strength: 0.679704606533
    tuning_equal_tempered_deviation: 0.132625728846
    tuning_frequency: 436.708374023
    tuning_nontempered_energy_ratio: 0.817627608776
    hpcp:
        dmean: [0.197247460485, 0.217607364058, 0.219998240471, 0.179911538959, 0.145997673273, 0.142145261168, 0.133376076818, 0.128025248647, 0.112179331481, 0.126949757338, 0.107655718923, 0.095410361886, 0.115467011929, 0.113784566522, 0.144584298134, 0.169965773821, 0.154152542353, 0.114501968026, 0.069990105927, 0.0711667016149, 0.114299163222, 0.162966310978, 0.194320708513, 0.153864204884, 0.137936085463, 0.10109128058, 0.0822367891669, 0.0945890620351, 0.0995941460133, 0.130087837577, 0.148485988379, 0.165504708886, 0.13581250608, 0.164116293192, 0.177867904305, 0.176419943571]
        dmean2: [0.338044464588, 0.367712974548, 0.386353462934, 0.30828076601, 0.252482354641, 0.253282546997, 0.22868591547, 0.220511779189, 0.194570019841, 0.209939688444, 0.177943974733, 0.157715469599, 0.186980962753, 0.174696758389, 0.241382583976, 0.284862488508, 0.260271966457, 0.200295701623, 0.127457290888, 0.128946587443, 0.194014683366, 0.268541902304, 0.323763847351, 0.269682168961, 0.239518046379, 0.174811884761, 0.144071266055, 0.167841404676, 0.171441420913, 0.228331059217, 0.233047425747, 0.283250302076, 0.235404059291, 0.285580337048, 0.306254684925, 0.287846118212]
        dvar: [0.0419219098985, 0.0356438718736, 0.0473888143897, 0.039386536926, 0.0344802290201, 0.03028521128, 0.0237567741424, 0.02276847139, 0.022468695417, 0.0211648158729, 0.0162523910403, 0.0102599728853, 0.0175072401762, 0.0156245306134, 0.0267348438501, 0.031821154058, 0.0232862588018, 0.0296719372272, 0.00775841623545, 0.0126042440534, 0.0214836578816, 0.0319270454347, 0.0377974882722, 0.0348070710897, 0.0394615978003, 0.0233382172883, 0.0243680533022, 0.034855119884, 0.0235478784889, 0.029581496492, 0.0274241250008, 0.0399839133024, 0.0253353454173, 0.0339756458998, 0.0354676917195, 0.0289891865104]
        dvar2: [0.096439935267, 0.0978379398584, 0.120873779058, 0.100950784981, 0.0963217839599, 0.0851526856422, 0.0636814981699, 0.0579898543656, 0.0603525042534, 0.0617981106043, 0.0436829812825, 0.0271420609206, 0.0411680154502, 0.0404564924538, 0.0599491521716, 0.0632949471474, 0.0567805618048, 0.0792809426785, 0.0204374231398, 0.0347165800631, 0.0569548457861, 0.0786992311478, 0.100109525025, 0.0920518413186, 0.10305596143, 0.0637956038117, 0.0702441260219, 0.108763478696, 0.0647839382291, 0.0791901275516, 0.0549614280462, 0.108852148056, 0.0693758577108, 0.0946033522487, 0.0977316647768, 0.0738869681954]
        max: [1, 1, 1, 1, 1, 1, 1, 1, 1, 1, 1, 0.840513646603, 1, 1, 1, 1, 1, 1, 0.511382162571, 0.802303314209, 1, 1, 1, 1, 1, 1, 1, 1, 0.988385140896, 1, 1, 1, 1, 1, 1, 1]
        mean: [0.549129784107, 0.497010469437, 0.340068638325, 0.277213424444, 0.223328173161, 0.229054272175, 0.272678285837, 0.243863284588, 0.214937970042, 0.258156865835, 0.230250373483, 0.185495510697, 0.226791456342, 0.231295272708, 0.282751888037, 0.374885737896, 0.306456893682, 0.175810590386, 0.101491622627, 0.0796986594796, 0.158480003476, 0.35264480114, 0.357038348913, 0.21801546216, 0.193704530597, 0.147358357906, 0.102718859911, 0.116492465138, 0.130275532603, 0.190395280719, 0.290779948235, 0.278183788061, 0.226830139756, 0.284629702568, 0.310510009527, 0.378018796444]
        min: [0.0589115954936, 0.0650764480233, 0.0427038110793, 0.0180326234549, 0.0194679237902, 0.0205276794732, 0.0222664810717, 0.0230801347643, 0.0338040478528, 0.035669401288, 0.0258138757199, 0.0240568872541, 0.020392537117, 0.0221393406391, 0.0205662120134, 0.0405177548528, 0.0390094853938, 0.0214244574308, 0.0140875717625, 0.00491574779153, 0.00238110893406, 0.00836934987456, 0.00875936076045, 0.0154282124713, 0.0136811574921, 0.0099180303514, 0.0111855436116, 0.00859334226698, 0.00851344596595, 0.0229134820402, 0.00765525922179, 0.014837814495, 0.0234353188425, 0.0297089423984, 0.0187566839159, 0.0488760024309]
        var: [0.0979003384709, 0.0673566013575, 0.062922373414, 0.0613548979163, 0.0512836650014, 0.0346271209419, 0.0369993001223, 0.0332055985928, 0.0268393326551, 0.0399156808853, 0.0275704935193, 0.0145005593076, 0.033209271729, 0.0356083773077, 0.0467098727822, 0.0773577839136, 0.0529507100582, 0.0272356048226, 0.00717019103467, 0.0119876461104, 0.0289572626352, 0.085768841207, 0.0754931643605, 0.0398337505758, 0.0531861484051, 0.0315888486803, 0.0215640906245, 0.0312557555735, 0.0273381043226, 0.0373830646276, 0.0713729038835, 0.057196713984, 0.0328117050231, 0.0429274737835, 0.0481981933117, 0.0579619854689]
    chords_histogram: [31.0185184479, 15.7407407761, 6.01851844788, 0, 0, 0, 0, 3.70370364189, 0, 35.1851844788, 0, 0, 0, 0, 0, 0, 0, 0, 0, 0, 0, 0, 8.33333301544, 0]
    thpcp: [1, 0.905087411404, 0.619286477566, 0.504823148251, 0.406694710255, 0.417122274637, 0.496564358473, 0.444090425968, 0.391415625811, 0.470119953156, 0.419300466776, 0.337799042463, 0.413001567125, 0.421203285456, 0.514909029007, 0.682690620422, 0.558077335358, 0.320162177086, 0.184822648764, 0.145136296749, 0.288602083921, 0.642188429832, 0.650189399719, 0.397019922733, 0.352748185396, 0.268348872662, 0.18705752492, 0.212140128016, 0.237239971757, 0.346721827984, 0.529528617859, 0.506590247154, 0.413071990013, 0.518328666687, 0.565458357334, 0.68839609623]
    chords_key: "A"
    chords_scale: "major"
    key_key: "D"
    key_scale: "minor"
    chords_progression: ["Dm", "Dm", "Dm", "Dm", "Dm", "Dm", "Dm", "Dm", "Dm", "Dm", "Dm", "Dm", "Dm", "Dm", "Dm", "Dm", "Dm", "Dm", "Dm", "Dm", "Dm", "Dm", "Dm", "Dm", "Dm", "Dm", "F", "Dm", "F", "F", "F", "F", "F", "F", "F", "F", "F", "F", "F", "F", "F", "F", "F", "F", "F", "F", "F", "F", "F", "F", "F", "F", "F", "F", "F", "F", "F", "F", "F", "F", "F", "Dm", "Dm", "Dm", "Dm", "Dm", "Dm", "Dm", "Dm", "Dm", "Dm", "Dm", "Dm", "Dm", "Dm", "Dm", "Dm", "D", "D", "D", "D", "D", "D", "D", "D", "Gm", "Gm", "Gm", "Gm", "Gm", "Gm", "Gm", "Gm", "Gm", "Gm", "Gm", "Gm", "Gm", "Gm", "Gm", "Dm", "Dm", "Dm", "Gm", "Gm", "Gm", "Dm", "Dm", "Dm", "Dm", "Dm", "Dm", "Dm", "Dm", "Dm", "Dm", "Dm", "Dm", "Dm", "Dm", "Dm", "Dm", "Dm", "Dm", "Dm", "Dm", "Dm", "Am", "Am", "Am", "Am", "Am", "Am", "A", "A", "A", "A", "A", "A", "A", "A", "A", "Am", "Am", "Am", "Am", "Am", "Am", "Am", "A", "A", "A", "A", "A", "A", "A", "A", "A", "A", "A", "A", "A", "A", "A", "A", "A", "A", "A", "A", "A", "A", "A", "A", "A", "A", "A", "A", "A", "A", "A", "A", "A", "A", "A", "A", "A", "A", "A", "A", "A", "A", "A", "A", "A", "A", "A", "A", "A", "A", "A", "A", "A", "A", "A", "A", "A", "A", "A", "A", "A", "A", "A", "A", "A", "A", "A"]
