
metadata:
    version:
        essentia: "1.2.2"
    audio_properties:
        analysis_sample_rate: 44100
        bitrate: 128
        channels: 2
        equal_loudness: 1
        length: 10.0571432114
        replay_gain: -8.19647026062
        downmix: "mix"
    tags:
        track: 8
        year: 0
        album: "Splitted by Mp3Splt v. 2.1"
        artist: "From 001.10 To 001.20"
        comment: "http://mp3splt.sf.net"
        genre: ""
        title: "08 Paint a Vulgar Picture.mp3"

highlevel:
    ballroom:
        all:
            ChaChaCha: 0.094438508153
            Jive: 0.731921195984
            Quickstep: 0.0334545262158
            Rumba-American: 0.000587775779422
            Rumba-International: 0.00393925560638
            Rumba-Misc: 0.00164253672119
            Samba: 0.122140131891
            Tango: 0.00101590855047
            VienneseWaltz: 0.00916580669582
            Waltz: 0.00169436482247
        probability: 0.731921195984
        value: "Jive"
    culture:
        all:
            non_western: 0.0125163514167
            western: 0.987483620644
        probability: 0.987483620644
        value: "western"
    gender:
        all:
            female: 0.1616076231
            male: 0.8383923769
        probability: 0.8383923769
        value: "male"
    genre_dortmund:
        all:
            alternative: 0.145170152187
            blues: 0.0486699379981
            electronic: 0.00790178962052
            folkcountry: 0.0614966414869
            funksoulrnb: 0.0196899268776
            jazz: 0.0606163628399
            pop: 0.0708810612559
            raphiphop: 0.00524431606755
            rock: 0.580329835415
        probability: 0.580329835415
        value: "rock"
    genre_electronica:
        all:
            ambient: 0.043920353055
            dnb: 0.576381146908
            house: 0.0220289491117
            techno: 0.00817379262298
            trance: 0.349495738745
        probability: 0.576381146908
        value: "dnb"
    genre_rosamerica:
        all:
            cla: 0.00755467545241
            dan: 0.0226467736065
            hip: 0.00640155049041
            jaz: 0.00444651953876
            pop: 0.129171133041
            rhy: 0.0283487644047
            roc: 0.799661874771
            spe: 0.00176872545853
        probability: 0.799661874771
        value: "roc"
    genre_tzanetakis:
        all:
            blu: 0.00548808416352
            cla: 0.00284010148607
            cou: 0.139275163412
            dis: 0.134651839733
            hip: 0.0191049072891
            jaz: 0.0182935521007
            met: 0.220016822219
            pop: 0.253322660923
            reg: 0.00574277201667
            roc: 0.201264068484
        probability: 0.253322660923
        value: "pop"
    live_studio:
        all:
            live: 0.0680159628391
            studio: 0.931984007359
        probability: 0.931984007359
        value: "studio"
    mood:
        all:
            Cluster1: 0.380361706018
            Cluster2: 0.199577316642
            Cluster3: 0.0838359668851
            Cluster4: 0.0722144246101
            Cluster5: 0.264010608196
        probability: 0.380361706018
        value: "Cluster1"
    mood_acoustic:
        all:
            acoustic: 0.00356257590465
            not_acoustic: 0.996437430382
        probability: 0.996437430382
        value: "not_acoustic"
    mood_aggressive:
        all:
            aggressive: 0.933130443096
            not_aggressive: 0.0668695345521
        probability: 0.933130443096
        value: "aggressive"
    mood_electronic:
        all:
            electronic: 0.51344704628
            not_electronic: 0.48655295372
        probability: 0.51344704628
        value: "electronic"
    mood_happy:
        all:
            happy: 0.817679941654
            not_happy: 0.182320028543
        probability: 0.817679941654
        value: "happy"
    mood_party:
        all:
            not_party: 0.188085854053
            party: 0.811914145947
        probability: 0.811914145947
        value: "party"
    mood_relaxed:
        all:
            not_relaxed: 0.952841758728
            relaxed: 0.0471582449973
        probability: 0.952841758728
        value: "not_relaxed"
    mood_sad:
        all:
            not_sad: 0.928622245789
            sad: 0.0713777765632
        probability: 0.928622245789
        value: "not_sad"
    rhythm:
        all:
            fast: 0.600545823574
            medium: 0.338359922171
            slow: 0.0610942319036
        probability: 0.600545823574
        value: "fast"
    speech_music:
        all:
            music: 0.999986946583
            speech: 1.30253156385e-05
        probability: 0.999986946583
        value: "music"
    timbre:
        all:
            bright: 0.879966259003
            dark: 0.120033740997
        probability: 0.879966259003
        value: "bright"
    voice_instrumental:
        all:
            instrumental: 0.0694786086679
            voice: 0.93052136898
        probability: 0.93052136898
        value: "voice"

lowlevel:
    average_loudness: 0.97709274292
    barkbands_kurtosis:
        dmean: 0.489547967911
        dmean2: 0.782152891159
        dvar: 0.616956651211
        dvar2: 1.63459193707
        max: 6.39755344391
        mean: -1.02440965176
        min: -1.85121715069
        var: 0.95067948103
    barkbands_skewness:
        dmean: 0.394534826279
        dmean2: 0.616710782051
        dvar: 0.157753750682
        dvar2: 0.378112256527
        max: 1.79134213924
        mean: -0.0726503357291
        min: -2.65089726448
        var: 0.481835365295
    barkbands_spread:
        dmean: 4.61572742462
        dmean2: 7.09082889557
        dvar: 20.7729415894
        dvar2: 50.1842803955
        max: 55.0603904724
        mean: 36.1781158447
        min: 14.8139343262
        var: 62.5049324036
    dissonance:
        dmean: 0.0142992371693
        dmean2: 0.0226054228842
        dvar: 0.000671896268614
        dvar2: 0.000927437329665
        max: 0.497864544392
        mean: 0.465612232685
        min: 0.00153992918786
        var: 0.00100842944812
    hfc:
        dmean: 2.42990732193
        dmean2: 3.5618417263
        dvar: 11.9713764191
        dvar2: 25.7020664215
        max: 35.2801361084
        mean: 8.27000999451
        min: 0.000124455007608
        var: 34.5648536682
    pitch:
        dmean: 764.85559082
        dmean2: 1475.05383301
        dvar: 1707497
        dvar2: 4059167.25
        max: 4410
        mean: 1006.81066895
        min: 82.4299087524
        var: 2084836
    pitch_instantaneous_confidence:
        dmean: 0.0779180973768
        dmean2: 0.122517451644
        dvar: 0.00457459688187
        dvar2: 0.0118985231966
        max: 0.881632864475
        mean: 0.425652265549
        min: 0.188458681107
        var: 0.0194745659828
    pitch_salience:
        dmean: 0.0531096756458
        dmean2: 0.0859120860696
        dvar: 0.0022390820086
        dvar2: 0.00628834217787
        max: 0.945900976658
        mean: 0.62074047327
        min: 0.399983167648
        var: 0.00595119781792
    silence_rate_20dB:
        dmean: 0
        dmean2: 0
        dvar: 0
        dvar2: 0
        max: 1
        mean: 1
        min: 1
        var: 0
    silence_rate_30dB:
        dmean: 0
        dmean2: 0
        dvar: 0
        dvar2: 0
        max: 1
        mean: 1
        min: 1
        var: 0
    silence_rate_60dB:
        dmean: 0.124711319804
        dmean2: 0.25
        dvar: 0.109158113599
        dvar2: 0.219907402992
        max: 1
        mean: 0.306451618671
        min: 0
        var: 0.21253888309
    spectral_centroid:
        dmean: 303.015319824
        dmean2: 454.83493042
        dvar: 105360.601562
        dvar2: 237860.3125
        max: 4065.26318359
        mean: 1777.30456543
        min: 828.038024902
        var: 398899.46875
    spectral_complexity:
        dmean: 3.22273778915
        dmean2: 5.02325582504
        dvar: 12.1963415146
        dvar2: 28.6924877167
        max: 42
        mean: 15.5787038803
        min: 0
        var: 42.3456382751
    spectral_crest:
        dmean: 1.8007247448
        dmean2: 3.02568745613
        dvar: 3.79190921783
        dvar2: 10.5571250916
        max: 18.1033840179
        mean: 6.18267869949
        min: 2.95547485352
        var: 4.67224597931
    spectral_decrease:
        dmean: 3.17081250145e-10
        dmean2: 5.08584285797e-10
        dvar: 3.7512224604e-19
        dvar2: 9.71462004488e-19
        max: -1.37693811431e-14
        mean: -1.00965891203e-09
        min: -5.45943823482e-09
        var: 4.34927792069e-19
    spectral_energy:
        dmean: 0.00137709069531
        dmean2: 0.0021658197511
        dvar: 6.36492632111e-06
        dvar2: 1.61797979672e-05
        max: 0.0237537324429
        mean: 0.00456080073491
        min: 6.32571186543e-08
        var: 8.4155717559e-06
    spectral_energyband_high:
        dmean: 0.000213236169657
        dmean2: 0.000308332470013
        dvar: 1.64994233387e-07
        dvar2: 3.38973507041e-07
        max: 0.00438104895875
        mean: 0.000454306486063
        min: 4.63260585448e-09
        var: 4.3533822236e-07
    spectral_energyband_low:
        dmean: 0.000146750491695
        dmean2: 0.000253512582276
        dvar: 1.19222022477e-07
        dvar2: 3.33032573963e-07
        max: 0.00277909473516
        mean: 0.000207465112908
        min: 2.21485829677e-09
        var: 8.67082192713e-08
    spectral_energyband_middle_high:
        dmean: 0.00056858418975
        dmean2: 0.000855703605339
        dvar: 3.82659493425e-07
        dvar2: 8.57359054862e-07
        max: 0.00728779286146
        mean: 0.00207114010118
        min: 3.54140397008e-08
        var: 1.63159847943e-06
    spectral_energyband_middle_low:
        dmean: 0.000872531556524
        dmean2: 0.00147103588097
        dvar: 4.38539791503e-06
        dvar2: 1.19144833661e-05
        max: 0.0158684626222
        mean: 0.00182788958773
        min: 2.04653627378e-08
        var: 3.55674183083e-06
    spectral_flatness_db:
        dmean: 0.015369027853
        dmean2: 0.0242338553071
        dvar: 0.00020533404313
        dvar2: 0.000481268740259
        max: 0.227139815688
        mean: 0.143654599786
        min: 0.0739168226719
        var: 0.000689033884555
    spectral_flux:
        dmean: 0.0086176674813
        dmean2: 0.0122612817213
        dvar: 0.000135938171297
        dvar2: 0.000247707765084
        max: 0.123154774308
        mean: 0.0364515893161
        min: 0.0100582595915
        var: 0.000314167089527
    spectral_kurtosis:
        dmean: 1.04389464855
        dmean2: 1.71009325981
        dvar: 1.36211764812
        dvar2: 3.43533396721
        max: 10.5161676407
        mean: 3.17580080032
        min: -0.116904497147
        var: 4.27011156082
    spectral_rms:
        dmean: 0.000287036906229
        dmean2: 0.000430640939157
        dvar: 1.50303463897e-07
        dvar2: 3.5147556332e-07
        max: 0.00481397658587
        mean: 0.00202770344913
        min: 7.85584234109e-06
        var: 3.37979400911e-07
    spectral_rolloff:
        dmean: 329.343109131
        dmean2: 528.464904785
        dvar: 135195.71875
        dvar2: 300954
        max: 5318.70117188
        mean: 3390.97973633
        min: 1442.72460938
        var: 553885.75
    spectral_skewness:
        dmean: 0.176356166601
        dmean2: 0.267939835787
        dvar: 0.0283062476665
        dvar2: 0.0560216419399
        max: 2.71004056931
        mean: 1.26143336296
        min: 0.238391324878
        var: 0.15859374404
    spectral_spread:
        dmean: 611568.4375
        dmean2: 900404.0625
        dvar: 460040994816
        dvar2: 935507722240
        max: 9826480
        mean: 4929099.5
        min: 2395934
        var: 1.81731616358e+12
    spectral_strongpeak:
        dmean: 0.608457267284
        dmean2: 1.08786928654
        dvar: 0.794641673565
        dvar2: 1.92183279991
        max: 6.56356048584
        mean: 0.741120159626
        min: 0.000101635770989
        var: 1.09165036678
    zerocrossingrate:
        dmean: 0.0091187376529
        dmean2: 0.0104321856052
        dvar: 7.78188186814e-05
        dvar2: 8.1150821643e-05
        max: 0.18359375
        mean: 0.102794505656
        min: 0.00732421875
        var: 0.00074986187974
    barkbands:
        dmean: [5.29416617212e-08, 5.4845095292e-05, 0.0001001485507, 0.00023752450943, 0.000545632734429, 0.000129780877614, 0.00012551000691, 4.33027598774e-05, 0.000106719213363, 4.96667016705e-05, 3.2984513382e-05, 4.88118566864e-05, 2.50027151196e-05, 3.07653026539e-05, 5.34241262358e-05, 0.000109437023639, 0.000181472933036, 0.000178306989255, 0.0002045531146, 0.000171523060999, 0.000111601824756, 4.2964493332e-05, 1.08661142804e-05, 3.7538657125e-06, 1.22312042095e-06, 7.71530892507e-08, 3.90413756879e-10]
        dmean2: [7.96467105602e-08, 0.000102035228338, 0.000171878360561, 0.000387840147596, 0.000963640166447, 0.000217179389438, 0.000191982573597, 6.5181950049e-05, 0.000146035265061, 7.31784166419e-05, 4.94962914672e-05, 7.10483218427e-05, 3.84152845072e-05, 5.1696668379e-05, 8.54701138451e-05, 0.0001809347159, 0.000293930148473, 0.000282334920485, 0.00032505649142, 0.000272444129223, 0.000177115769475, 6.27155968687e-05, 1.54249373736e-05, 5.75800959268e-06, 1.83869337889e-06, 1.25316176991e-07, 6.72855160477e-10]
        dvar: [9.16442045678e-15, 3.05423988323e-08, 3.84067213588e-08, 1.20438500062e-07, 3.07894129037e-06, 7.54147251314e-08, 5.10545632437e-08, 9.56566559296e-09, 3.55536506902e-08, 1.5584202373e-08, 2.15839768281e-09, 8.86547901757e-09, 1.69672642603e-09, 2.25293383949e-09, 6.65821042745e-09, 2.00357934688e-08, 3.91340364558e-08, 6.60827552679e-08, 6.70356996579e-08, 7.88726666201e-08, 5.70326150751e-08, 5.91033222364e-09, 3.40842076785e-10, 6.38544703224e-11, 5.72718478545e-12, 2.21931983424e-14, 4.93943147968e-19]
        dvar2: [1.87549272851e-14, 8.72086403092e-08, 1.05685955987e-07, 3.55226603688e-07, 8.54151312524e-06, 2.11041623288e-07, 1.21272918818e-07, 1.59084727613e-08, 6.74241675824e-08, 3.33534515562e-08, 4.72029215715e-09, 1.58336952438e-08, 3.64810581743e-09, 4.97849672598e-09, 1.42338105746e-08, 5.32933128738e-08, 1.03136258645e-07, 1.44260710044e-07, 1.80215451451e-07, 1.7161775645e-07, 1.33248065026e-07, 1.23847154754e-08, 6.78044342894e-10, 1.45785092331e-10, 1.00437965236e-11, 5.45057739448e-14, 1.26376995198e-18]
        max: [1.05065055322e-06, 0.00135047966614, 0.00162846304011, 0.00253749382682, 0.0142519949004, 0.0027229343541, 0.00216440297663, 0.00174371048342, 0.00232936395332, 0.00180734239984, 0.000770560407545, 0.00135848147329, 0.00054779520724, 0.000602107611485, 0.00129976891913, 0.00196662661619, 0.00172968395054, 0.00384142482653, 0.00262404140085, 0.00299102370627, 0.00235325447284, 0.000760115508456, 0.000163116274052, 8.64655521582e-05, 3.37582278007e-05, 1.36960852615e-06, 5.95995297559e-09]
        mean: [1.39222777307e-07, 7.55463770474e-05, 0.000131781576783, 0.000398067204515, 0.000631962961052, 0.000209040634218, 0.000239175657043, 8.92212265171e-05, 0.000243568909355, 8.92321186257e-05, 6.65703119012e-05, 0.000100721110357, 4.86249737151e-05, 6.12201765762e-05, 0.000107573672722, 0.000226615680731, 0.000366704014596, 0.000395899085561, 0.000443040538812, 0.000313290744089, 0.000199036323465, 9.02832762222e-05, 2.28697317652e-05, 7.82694678492e-06, 2.69018391919e-06, 1.0210152368e-07, 3.47752021623e-10]
        min: [9.40417015094e-12, 1.23833809873e-09, 4.62895610731e-10, 2.35203856391e-10, 1.09637499079e-09, 4.51807125046e-09, 7.14254611012e-09, 5.35604449681e-09, 2.0086938779e-09, 1.63832492017e-09, 2.68327693398e-09, 1.03845398947e-09, 4.48219017457e-10, 1.43483214199e-09, 4.61140708952e-10, 2.62644306304e-09, 2.94376589771e-09, 1.17517533482e-08, 9.61084101192e-09, 1.82029258333e-09, 2.8621152115e-09, 4.95502361364e-10, 1.38434597119e-10, 1.50480003458e-10, 3.3001806149e-11, 9.35025147586e-12, 2.14439048658e-13]
        var: [2.8073628017e-14, 1.86411597269e-08, 3.33170149247e-08, 1.50568652657e-07, 1.9735468868e-06, 8.38871159203e-08, 1.11154662363e-07, 2.91831412369e-08, 1.64890650467e-07, 3.71121871012e-08, 7.76687780757e-09, 3.06751495316e-08, 4.9137192093e-09, 4.26186197444e-09, 3.08273762073e-08, 4.36153406724e-08, 7.45209618458e-08, 1.96696248622e-07, 1.80861604804e-07, 1.64733009456e-07, 1.11367704392e-07, 1.7768202909e-08, 9.81905778907e-10, 1.63516603036e-10, 2.28243274975e-11, 2.99089264911e-14, 3.99031565604e-19]
    mfcc:
        mean: [-699.290100098, 99.00415802, -42.8032417297, 58.8082618713, -8.89481639862, -8.09136867523, -11.3121862411, 4.07718896866, -5.97420120239, -7.00808286667, -8.64495563507, -7.13240909576, -3.19458651543]
        cov: [[2111.44311523, -723.050598145, 262.63949585, -74.0217819214, -122.103492737, 121.739730835, 14.4259977341, -116.218078613, -41.3689002991, -5.09258460999, 29.8434867859, -24.8871250153, -83.3068695068], [-723.050598145, 1106.4230957, -407.003936768, -52.7502632141, 95.2842254639, -128.496276855, 9.75378704071, 180.3256073, -33.4910583496, 72.3261947632, 56.3901939392, -24.3704280853, 33.3729515076], [262.63949585, -407.003936768, 372.742279053, 16.5781936646, -20.5809383392, 51.8446426392, 5.56360340118, -57.91065979, 30.6806411743, -35.3358421326, -15.82995224, 22.7298316956, 13.1834259033], [-74.0217819214, -52.7502632141, 16.5781936646, 258.327178955, 85.2718887329, 62.8602752686, 8.85328865051, -62.6709060669, 20.937921524, -2.36601519585, -16.1353530884, 16.2084693909, 19.7005977631], [-122.103492737, 95.2842254639, -20.5809383392, 85.2718887329, 256.395294189, 17.7717838287, -2.34870648384, -24.7020187378, 22.8008003235, 25.1096782684, 21.9390144348, 15.0934686661, 19.6415748596], [121.739730835, -128.496276855, 51.8446426392, 62.8602752686, 17.7717838287, 124.847702026, 44.6120071411, -33.6960258484, 26.5115871429, 12.0874328613, 5.8030629158, 15.8713693619, -9.70515155792], [14.4259977341, 9.75378704071, 5.56360340118, 8.85328865051, -2.34870648384, 44.6120071411, 95.9325408936, 19.4422397614, 22.0387229919, 12.8549823761, 7.69364309311, 17.2946414948, -4.82673549652], [-116.218078613, 180.3256073, -57.91065979, -62.6709060669, -24.7020187378, -33.6960258484, 19.4422397614, 119.411491394, -5.23496341705, 18.0205631256, 26.257850647, -1.19879841805, 16.1740875244], [-41.3689002991, -33.4910583496, 30.6806411743, 20.937921524, 22.8008003235, 26.5115871429, 22.0387229919, -5.23496341705, 85.4073181152, 8.30739498138, -3.96532058716, 12.8574266434, -5.65155172348], [-5.09258460999, 72.3261947632, -35.3358421326, -2.36601519585, 25.1096782684, 12.0874328613, 12.8549823761, 18.0205631256, 8.30739498138, 98.3369598389, 46.982749939, 3.01692438126, 4.30785322189], [29.8434867859, 56.3901939392, -15.82995224, -16.1353530884, 21.9390144348, 5.8030629158, 7.69364309311, 26.257850647, -3.96532058716, 46.982749939, 99.9544830322, 10.6671924591, 2.40928673744], [-24.8871250153, -24.3704280853, 22.7298316956, 16.2084693909, 15.0934686661, 15.8713693619, 17.2946414948, -1.19879841805, 12.8574266434, 3.01692438126, 10.6671924591, 64.0974807739, 22.6233119965], [-83.3068695068, 33.3729515076, 13.1834259033, 19.7005977631, 19.6415748596, -9.70515155792, -4.82673549652, 16.1740875244, -5.65155172348, 4.30785322189, 2.40928673744, 22.6233119965, 64.2472839355]]
        icov: [[0.000710377818905, 0.000399512675358, -0.000106210587546, 0.000281517714029, 7.21451870049e-05, -0.000382273923606, -0.000138119037729, 0.000186524892342, 0.000604984466918, -0.000177781446837, -0.000375998701202, 0.000289533811156, 0.000489213096444], [0.000399512675358, 0.00240739271976, 0.00175056396984, -1.92751031136e-05, -0.000785736949183, 0.00106750067789, -0.000657099415548, -0.00193443894386, 0.000343292689649, -0.000470718543511, -0.000361273589078, 0.000674020557199, -0.000408719031839], [-0.000106210587546, 0.00175056396984, 0.00494882790372, 0.000400272052502, -0.00018200656632, -0.000176514717168, -0.000352395698428, 6.17474506726e-05, -0.00135102588683, 0.00108308950439, -0.000563323439565, 0.000115106631711, -0.00240918458439], [0.000281517714029, -1.92751031136e-05, 0.000400272052502, 0.00586878927425, -0.00121111620683, -0.00266695907339, -0.000150405336171, 0.00275680748746, -0.000318664620863, 0.00035503107938, 0.000488631776534, 0.000338670419296, -0.00243402179331], [7.21451870049e-05, -0.000785736949183, -0.00018200656632, -0.00121111620683, 0.00518212560564, -0.000292314914986, 0.000525865354575, 0.00186430383474, -0.00126445607748, -0.000459878530819, -0.00122987665236, -0.000294218043564, -0.00107850902714], [-0.000382273923606, 0.00106750067789, -0.000176514717168, -0.00266695907339, -0.000292314914986, 0.0142016746104, -0.00588592328131, 0.00160583329853, -0.00142027577385, -0.00160811992828, -0.000921430066228, -0.000854199170135, 0.00151025666855], [-0.000138119037729, -0.000657099415548, -0.000352395698428, -0.000150405336171, 0.000525865354575, -0.00588592328131, 0.0153335165232, -0.00402332795784, -0.0018462651642, -0.00065181258833, 0.000999534153379, -0.00367943639867, 0.00253505422734], [0.000186524892342, -0.00193443894386, 6.17474506726e-05, 0.00275680748746, 0.00186430383474, 0.00160583329853, -0.00402332795784, 0.0156887788326, -0.00106265617069, 0.000181911236723, -0.00300095346756, 0.00153125403449, -0.00472289929166], [0.000604984466918, 0.000343292689649, -0.00135102588683, -0.000318664620863, -0.00126445607748, -0.00142027577385, -0.0018462651642, -0.00106265617069, 0.0147479781881, -0.0019773482345, 0.00182215461973, -0.00233947904781, 0.00346728181466], [-0.000177781446837, -0.000470718543511, 0.00108308950439, 0.00035503107938, -0.000459878530819, -0.00160811992828, -0.00065181258833, 0.000181911236723, -0.0019773482345, 0.0144564239308, -0.00623190170154, 0.0013928670669, -0.00191424519289], [-0.000375998701202, -0.000361273589078, -0.000563323439565, 0.000488631776534, -0.00122987665236, -0.000921430066228, 0.000999534153379, -0.00300095346756, 0.00182215461973, -0.00623190170154, 0.0146416286007, -0.00318954815157, 0.0018854701193], [0.000289533811156, 0.000674020557199, 0.000115106631711, 0.000338670419296, -0.000294218043564, -0.000854199170135, -0.00367943639867, 0.00153125403449, -0.00233947904781, 0.0013928670669, -0.00318954815157, 0.021042291075, -0.00839233398438], [0.000489213096444, -0.000408719031839, -0.00240918458439, -0.00243402179331, -0.00107850902714, 0.00151025666855, 0.00253505422734, -0.00472289929166, 0.00346728181466, -0.00191424519289, 0.0018854701193, -0.00839233398438, 0.0229073502123]]
    spectral_contrast:
        mean: [-4.63186381694e-07, -1.70255248122e-07, 2.83104810705e-07, -2.2510411668e-07, 5.49825251994e-08, -2.72498084541e-07, -5.21195715919e-07, -2.38821280618e-06, -2.66565223228e-07, 1.77434202442e-07, 1.85436670108e-06, 2.37535550696e-06]
        var: [0.000547641015146, 0.000966937688645, 0.00154074723832, 0.00223343702964, 0.0032394726295, 0.00564989633858, 0.0528542436659, 0.0747315958142, 0.136924758554, 0.367944538593, 0.451317667961, 1.21065759659]

rhythm:
    beats_loudness:
        dmean: 0.00392695283517
        dmean2: 0.00801291316748
        dvar: 5.90660101807e-06
        dvar2: 1.57378472068e-05
        max: 0.0113588916138
        mean: 0.00748082296923
        min: 0.00220577931032
        var: 6.13196380073e-06
    beats_loudness_bass:
        dmean: 0.271697103977
        dmean2: 0.565353929996
        dvar: 0.0131238205358
        dvar2: 0.0328244790435
        max: 0.475300580263
        mean: 0.158236950636
        min: 0.00148894381709
        var: 0.0242551732808
    bpm: 96.9664077759
    bpm_confidence: 0
    first_peak_bpm: 97
    first_peak_spread: 0.066666662693
    first_peak_weight: 0.933333337307
    onset_rate: 3.28125023842
    second_peak_bpm: 0
    second_peak_spread: 0
    second_peak_weight: 0
    beats_position: [0.460522830486, 1.08009207249, 1.69966125488, 2.31923031807, 2.93879961967, 3.55836868286, 4.17793798447, 4.79750680923, 5.41707611084, 6.05168199539, 6.66949605942, 7.28731012344, 7.9051232338, 8.52293682098, 9.14075088501, 9.75856399536]
    bpm_estimates: [96.9874343872, 96.4829559326, 96.6270828247, 96.9119033813, 98.4358215332, 96.0366821289, 96.6221618652, 96.5060577393, 96.9997406006, 96.6454467773, 96.256477356, 98.3733215332, 96.2882614136, 97.4131774902, 97.4809951782, 97.395111084]
    bpm_intervals: [0.619569242001, 0.619569182396, 0.619569063187, 0.619569301605, 0.619569063187, 0.619569301605, 0.619568824768, 0.619569301605, 0.634605884552, 0.617814064026, 0.617814064026, 0.617813110352, 0.617813587189, 0.617814064026, 0.617813110352]
    onset_times: [0.0580498874187, 0.441179126501, 0.731428563595, 1.06811785698, 1.35836732388, 1.83437645435, 1.96208620071, 2.29877543449, 2.64707493782, 2.89088439941, 3.15791392326, 3.55265307426, 3.85451245308, 4.15637207031, 4.46984148026, 4.77170085907, 5.0967798233, 5.64244890213, 5.87464857101, 6.04879808426, 6.51319742203, 6.65251684189, 6.8382768631, 6.9543762207, 7.2330160141, 7.56970500946, 7.73224496841, 8.498503685, 8.84680271149, 9.05578231812, 9.35764217377, 9.47374153137, 9.78721046448]
    rubato_start: []
    rubato_stop: []
    perceptual_tempo: "unknown"

sfx:
    inharmonicity:
        dmean: 0.0484599396586
        dmean2: 0.0840612202883
        dvar: 0.00253803166561
        dvar2: 0.00675401510671
        max: 0.452746987343
        mean: 0.0594001747668
        min: 0
        var: 0.00344687816687
    oddtoevenharmonicenergyratio:
        dmean: 1.83462274075
        dmean2: 3.38992333412
        dvar: 20.88306427
        dvar2: 61.1554832458
        max: 40.8287391663
        mean: 1.43801283836
        min: 0
        var: 12.2964115143
    pitch_after_max_to_before_max_energy_ratio: 3.66951751709
    pitch_centroid: 253.103546143
    pitch_max_to_total: 0.472222208977
    pitch_min_to_total: 0.150462970138
    tristimulus:
        dmean: [0.193262845278, 0.22279894352, 0.135402858257]
        dmean2: [0.326364308596, 0.3800522089, 0.234332025051]
        dvar: [0.0300576239824, 0.0369892418385, 0.0146510507911]
        dvar2: [0.0770095661283, 0.106028400362, 0.0394533164799]
        max: [1, 0.998411417007, 0.703581154346]
        mean: [0.359138906002, 0.424645364285, 0.168030291796]
        min: [0.00158855342306, 0, 0]
        var: [0.0482048466802, 0.0499974489212, 0.0235085580498]

tonal:
    chords_changes_rate: 0.055299539119
    chords_number_rate: 0.0230414755642
    chords_strength:
        dmean: 0.0107654100284
        dmean2: 0.0079183857888
        dvar: 6.39681675239e-05
        dvar2: 4.33512905147e-05
        max: 0.65931814909
        mean: 0.480464875698
        min: 0.317009627819
        var: 0.007805719506
    key_strength: 0.719647824764
    tuning_diatonic_strength: 0.503338754177
    tuning_equal_tempered_deviation: 0.0766115561128
    tuning_frequency: 440
    tuning_nontempered_energy_ratio: 0.667658805847
    hpcp:
        dmean: [0.0932739302516, 0.100932076573, 0.130580961704, 0.130285441875, 0.140747651458, 0.156940236688, 0.183222830296, 0.133616194129, 0.0997090637684, 0.0931351184845, 0.0780846625566, 0.100131370127, 0.160390377045, 0.150738209486, 0.161689817905, 0.147019341588, 0.110721029341, 0.168539494276, 0.187413156033, 0.154613316059, 0.177429780364, 0.15029771626, 0.107770599425, 0.0963850691915, 0.0952383950353, 0.100195065141, 0.160935804248, 0.183286964893, 0.166403889656, 0.13913191855, 0.112930864096, 0.0998024344444, 0.140969052911, 0.173836424947, 0.124379873276, 0.100561507046]
        dmean2: [0.151020050049, 0.171968266368, 0.215173006058, 0.212005525827, 0.230305582285, 0.259607106447, 0.288255780935, 0.216792851686, 0.168371871114, 0.153942376375, 0.131130233407, 0.172545433044, 0.273723304272, 0.25310921669, 0.283360391855, 0.258365690708, 0.198040187359, 0.284062802792, 0.308448791504, 0.243208751082, 0.308178961277, 0.260008245707, 0.184211760759, 0.164272218943, 0.156687736511, 0.172845542431, 0.284298539162, 0.310838907957, 0.286064386368, 0.247457742691, 0.20211596787, 0.170650184155, 0.227554231882, 0.284409791231, 0.20158393681, 0.158901527524]
        dvar: [0.0108667742461, 0.0201061740518, 0.0318641476333, 0.024791713804, 0.0363232567906, 0.0324355214834, 0.0370795913041, 0.0211368277669, 0.0139318266883, 0.0137408394367, 0.0151332579553, 0.0187894236296, 0.0393666960299, 0.0294362064451, 0.0338125862181, 0.0371778048575, 0.0315399952233, 0.0456741973758, 0.0393265299499, 0.02511003986, 0.0400347262621, 0.0436988919973, 0.021258322522, 0.0252765994519, 0.0123274335638, 0.0210176352412, 0.0354928523302, 0.0424497760832, 0.0420334525406, 0.0481491312385, 0.0346079431474, 0.0313551872969, 0.0224554147571, 0.0321333445609, 0.0164053700864, 0.0159755814821]
        dvar2: [0.027298880741, 0.0512478016317, 0.0798732638359, 0.06060827896, 0.0963647440076, 0.0831440836191, 0.103590883315, 0.0593181625009, 0.0368502400815, 0.0347142294049, 0.0395561009645, 0.0473313480616, 0.103171482682, 0.0836931914091, 0.0973434820771, 0.105247326195, 0.0852964296937, 0.128144130111, 0.101276621222, 0.0652621239424, 0.0986056029797, 0.105265006423, 0.0515726208687, 0.0668515190482, 0.0352868400514, 0.0618269480765, 0.101539231837, 0.109677203, 0.118811354041, 0.139484509826, 0.0970633327961, 0.0831427052617, 0.0554388612509, 0.0732397586107, 0.0395693816245, 0.0409948453307]
        max: [0.67578214407, 1, 1, 1, 1, 1, 1, 0.936041772366, 0.832384645939, 0.83401876688, 1, 1, 1, 1, 1, 1, 0.977015018463, 1, 1, 1, 1, 1, 1, 1, 1, 1, 1, 1, 1, 1, 1, 1, 1, 1, 0.992906033993, 1]
        mean: [0.137669965625, 0.145540982485, 0.200286120176, 0.229226052761, 0.224287346005, 0.296290457249, 0.353706389666, 0.220986574888, 0.127649322152, 0.130905047059, 0.105628907681, 0.173225343227, 0.302657037973, 0.274134784937, 0.224731147289, 0.199493780732, 0.134596124291, 0.240697517991, 0.390932261944, 0.320993930101, 0.32087007165, 0.348388105631, 0.187695488334, 0.127465799451, 0.134914383292, 0.126135975122, 0.25345236063, 0.37471729517, 0.259500145912, 0.129887834191, 0.120378084481, 0.136987581849, 0.251662313938, 0.344415158033, 0.233075961471, 0.144201755524]
        min: [0.00445962604135, 0.00167109421454, 0.00518725812435, 0.00890160258859, 0.00822478812188, 0.0174721963704, 0.0111187249422, 0.00411943811923, 0.00402919575572, 0.00146512966603, 0.00163159810472, 0.0043581337668, 0.00718569010496, 0.0101869497448, 0.00290529383346, 0.00161585689057, 0.000883097935002, 0.00822671689093, 0.00702345743775, 0.00429819477722, 0.0111289033666, 0.000884811743163, 0.0029374267906, 0.00357660488226, 0.00344838644378, 0.00109962979332, 0.0157474745065, 0.0295927990228, 0.0144169153646, 0.00189608684741, 0.00208536861464, 0.00199702521786, 0.0098386136815, 0.0128336604685, 0.00684465141967, 0.00393488863483]
        var: [0.0192393623292, 0.0306875891984, 0.0519550256431, 0.0555932633579, 0.0644668266177, 0.0583330206573, 0.0809698328376, 0.0345501564443, 0.0170783884823, 0.0185170769691, 0.0170383583754, 0.0329584032297, 0.0962068662047, 0.0596889778972, 0.0490498095751, 0.0494693107903, 0.0374495126307, 0.0523730628192, 0.0982161611319, 0.0737101882696, 0.0909942537546, 0.139291465282, 0.0429007858038, 0.029977850616, 0.0191237423569, 0.0194516181946, 0.0418925620615, 0.0983277484775, 0.0609345622361, 0.0383435115218, 0.0400376953185, 0.0471873618662, 0.0405958816409, 0.0712475031614, 0.0366662293673, 0.0218146406114]
    chords_histogram: [6.45161294937, 1.84331798553, 26.2672805786, 0, 0, 0, 0, 0, 0.460829496384, 0, 0, 0, 0, 0, 0, 0, 0, 0, 0, 0, 0, 0.460829496384, 26.2672805786, 38.2488479614]
    thpcp: [1, 0.821098566055, 0.820781767368, 0.891172587872, 0.480122804642, 0.326055973768, 0.345109373331, 0.322654306889, 0.648328065872, 0.958522319794, 0.663798213005, 0.332251518965, 0.307925671339, 0.350412577391, 0.643749177456, 0.881009817123, 0.596205472946, 0.368866354227, 0.352158099413, 0.372292071581, 0.51232945919, 0.586357474327, 0.573724329472, 0.757907390594, 0.90477669239, 0.565280973911, 0.32652541995, 0.33485352993, 0.270197480917, 0.443108320236, 0.774193048477, 0.701233446598, 0.574859559536, 0.510302662849, 0.34429526329, 0.615701317787]
    chords_key: "G#"
    chords_scale: "minor"
    key_key: "B"
    key_scale: "major"
    chords_progression: ["E", "E", "E", "E", "E", "E", "E", "E", "E", "E", "E", "E", "E", "E", "E", "E", "E", "E", "E", "E", "E", "E", "E", "E", "E", "E", "E", "E", "E", "E", "E", "E", "D#m", "D#m", "F#", "F#", "F#", "F#", "F#", "F#", "F#", "F#", "F#", "F#", "F#", "F#", "F#", "F#", "B", "B", "B", "B", "B", "B", "G#m", "G#m", "G#m", "G#m", "G#m", "G#m", "G#m", "G#m", "G#m", "G#m", "G#m", "G#m", "G#m", "G#m", "G#m", "G#m", "G#m", "G#m", "G#m", "G#m", "G#m", "G#m", "G#m", "G#m", "G#m", "G#m", "G#m", "G#m", "G#m", "G#m", "G#m", "G#m", "G#m", "G#m", "G#m", "G#m", "G#m", "G#m", "G#m", "G#m", "G#m", "G#m", "G#m", "G#m", "G#m", "G#m", "C#m", "D#", "B", "D#m", "D#m", "F#", "F#", "F#", "F#", "F#", "F#", "F#", "F#", "F#", "F#", "F#", "F#", "F#", "F#", "F#", "F#", "F#", "F#", "F#", "F#", "F#", "F#", "F#", "F#", "F#", "F#", "F#", "F#", "F#", "F#", "F#", "F#", "F#", "F#", "F#", "F#", "F#", "F#", "F#", "F#", "F#", "F#", "F#", "B", "B", "B", "B", "B", "B", "B", "G#m", "G#m", "G#m", "G#m", "G#m", "G#m", "G#m", "G#m", "G#m", "G#m", "G#m", "G#m", "G#m", "G#m", "G#m", "G#m", "G#m", "G#m", "G#m", "G#m", "G#m", "G#m", "G#m", "G#m", "G#m", "G#m", "G#m", "G#m", "G#m", "G#m", "G#m", "G#m", "G#m", "G#m", "G#m", "G#m", "G#m", "E", "E", "E", "E", "E", "E", "E", "E", "E", "E", "E", "E", "E", "E", "E", "E", "E", "E", "E", "E", "E", "E", "E", "E", "E"]
