
metadata:
    version:
        essentia: "1.2.2"
    audio_properties:
        analysis_sample_rate: 44100
        bitrate: 128
        channels: 2
        equal_loudness: 1
        length: 10.0048980713
        replay_gain: -8.76756286621
        downmix: "mix"
    tags:
        track: 10
        year: 0
        album: "Splitted by Mp3Splt v. 2.1"
        artist: "From 001.30 To 001.40"
        comment: "http://mp3splt.sf.net"
        genre: ""
        title: "14 Monica.mp3"

highlevel:
    ballroom:
        all:
            ChaChaCha: 0.054677028209
            Jive: 0.314543545246
            Quickstep: 0.195475995541
            Rumba-American: 0.00777347385883
            Rumba-International: 0.0634972900152
            Rumba-Misc: 0.0309218186885
            Samba: 0.0922669768333
            Tango: 0.0115337092429
            VienneseWaltz: 0.198697403073
            Waltz: 0.0306127723306
        probability: 0.314543545246
        value: "Jive"
    culture:
        all:
            non_western: 0.268200486898
            western: 0.731799483299
        probability: 0.731799483299
        value: "western"
    gender:
        all:
            female: 0.0723955929279
            male: 0.92760437727
        probability: 0.92760437727
        value: "male"
    genre_dortmund:
        all:
            alternative: 0.0425217412412
            blues: 0.0421293601394
            electronic: 0.022881180048
            folkcountry: 0.100169748068
            funksoulrnb: 0.092771358788
            jazz: 0.362673282623
            pop: 0.0502178445458
            raphiphop: 0.00561708398163
            rock: 0.281018406153
        probability: 0.362673282623
        value: "jazz"
    genre_electronica:
        all:
            ambient: 0.381933033466
            dnb: 0.320674747229
            house: 0.114479109645
            techno: 0.0212591849267
            trance: 0.161653935909
        probability: 0.381933033466
        value: "ambient"
    genre_rosamerica:
        all:
            cla: 0.062625490129
            dan: 0.0354997366667
            hip: 0.00875877588987
            jaz: 0.0396204926074
            pop: 0.578913927078
            rhy: 0.0416414253414
            roc: 0.227365225554
            spe: 0.00557496678084
        probability: 0.578913927078
        value: "pop"
    genre_tzanetakis:
        all:
            blu: 0.00338325928897
            cla: 0.0042406716384
            cou: 0.0851782113314
            dis: 0.101576976478
            hip: 0.00370168033987
            jaz: 0.0538705587387
            met: 0.00616739783436
            pop: 0.178676858544
            reg: 0.0127261495218
            roc: 0.550478219986
        probability: 0.550478219986
        value: "roc"
    live_studio:
        all:
            live: 0.914241850376
            studio: 0.0857581719756
        probability: 0.914241850376
        value: "live"
    mood:
        all:
            Cluster1: 0.410665690899
            Cluster2: 0.225501030684
            Cluster3: 0.0721096470952
            Cluster4: 0.14546495676
            Cluster5: 0.146258682013
        probability: 0.410665690899
        value: "Cluster1"
    mood_acoustic:
        all:
            acoustic: 0.461842685938
            not_acoustic: 0.538157343864
        probability: 0.538157343864
        value: "not_acoustic"
    mood_aggressive:
        all:
            aggressive: 0.113748714328
            not_aggressive: 0.886251270771
        probability: 0.886251270771
        value: "not_aggressive"
    mood_electronic:
        all:
            electronic: 0.202922105789
            not_electronic: 0.797077894211
        probability: 0.797077894211
        value: "not_electronic"
    mood_happy:
        all:
            happy: 0.903178930283
            not_happy: 0.0968210399151
        probability: 0.903178930283
        value: "happy"
    mood_party:
        all:
            not_party: 0.770211279392
            party: 0.229788735509
        probability: 0.770211279392
        value: "not_party"
    mood_relaxed:
        all:
            not_relaxed: 0.321434378624
            relaxed: 0.678565621376
        probability: 0.678565621376
        value: "relaxed"
    mood_sad:
        all:
            not_sad: 0.577937245369
            sad: 0.422062754631
        probability: 0.577937245369
        value: "not_sad"
    rhythm:
        all:
            fast: 0.899156093597
            medium: 0.0927022695541
            slow: 0.00814163777977
        probability: 0.899156093597
        value: "fast"
    speech_music:
        all:
            music: 0.996339797974
            speech: 0.00366021529771
        probability: 0.996339797974
        value: "music"
    timbre:
        all:
            bright: 0.558905959129
            dark: 0.441094070673
        probability: 0.558905959129
        value: "bright"
    voice_instrumental:
        all:
            instrumental: 0.0350727625191
            voice: 0.964927256107
        probability: 0.964927256107
        value: "voice"

lowlevel:
    average_loudness: 0.972607314587
    barkbands_kurtosis:
        dmean: 1.13049817085
        dmean2: 1.79186785221
        dvar: 2.69067382812
        dvar2: 4.82787084579
        max: 19.3669338226
        mean: 0.428531169891
        min: -1.83618080616
        var: 8.67703056335
    barkbands_skewness:
        dmean: 0.428904980421
        dmean2: 0.676578342915
        dvar: 0.151448875666
        dvar2: 0.317209273577
        max: 4.05837678909
        mean: 0.899268388748
        min: -0.814769566059
        var: 0.641637265682
    barkbands_spread:
        dmean: 5.11586332321
        dmean2: 7.70265769958
        dvar: 24.6123714447
        dvar2: 55.2393074036
        max: 52.3121185303
        mean: 27.129650116
        min: 5.68921089172
        var: 111.087715149
    dissonance:
        dmean: 0.025003073737
        dmean2: 0.0410932451487
        dvar: 0.000531320867594
        dvar2: 0.0014249762753
        max: 0.497529655695
        mean: 0.450668185949
        min: 0.316573113203
        var: 0.00110508990474
    hfc:
        dmean: 1.84835278988
        dmean2: 2.57219147682
        dvar: 5.87456607819
        dvar2: 10.4086427689
        max: 32.0652503967
        mean: 5.90151309967
        min: 0.0413275621831
        var: 20.2316551208
    pitch:
        dmean: 638.284301758
        dmean2: 1230.14672852
        dvar: 1647689.25
        dvar2: 3921215.75
        max: 4410
        mean: 1035.41601562
        min: 72.6523895264
        var: 2202390.25
    pitch_instantaneous_confidence:
        dmean: 0.092542104423
        dmean2: 0.15121614933
        dvar: 0.0068554347381
        dvar2: 0.0164289083332
        max: 0.802215456963
        mean: 0.437673866749
        min: 0.121969819069
        var: 0.0191212650388
    pitch_salience:
        dmean: 0.0629883185029
        dmean2: 0.0991258323193
        dvar: 0.00241800490767
        dvar2: 0.00575906643644
        max: 0.809194087982
        mean: 0.602161645889
        min: 0.35674700141
        var: 0.00773979676887
    silence_rate_20dB:
        dmean: 0
        dmean2: 0
        dvar: 0
        dvar2: 0
        max: 1
        mean: 1
        min: 1
        var: 0
    silence_rate_30dB:
        dmean: 0
        dmean2: 0
        dvar: 0
        dvar2: 0
        max: 1
        mean: 1
        min: 1
        var: 0
    silence_rate_60dB:
        dmean: 0.078886307776
        dmean2: 0.15581394732
        dvar: 0.0726633965969
        dvar2: 0.136186867952
        max: 1
        mean: 0.24074074626
        min: 0
        var: 0.18278478086
    spectral_centroid:
        dmean: 220.386062622
        dmean2: 349.575897217
        dvar: 46329.5117188
        dvar2: 105454.851562
        max: 2908.87695312
        mean: 1136.29919434
        min: 314.527191162
        var: 191739.828125
    spectral_complexity:
        dmean: 3.17209291458
        dmean2: 4.53846168518
        dvar: 13.0215435028
        dvar2: 24.7286872864
        max: 41
        mean: 12.0881671906
        min: 0
        var: 45.783405304
    spectral_crest:
        dmean: 2.19994163513
        dmean2: 3.6350312233
        dvar: 4.20739746094
        dvar2: 10.6684265137
        max: 19.8256587982
        mean: 7.96800231934
        min: 3.20851540565
        var: 8.22934436798
    spectral_decrease:
        dmean: 3.17734977218e-10
        dmean2: 4.88634188667e-10
        dvar: 1.36481737918e-19
        dvar2: 2.97723033672e-19
        max: -1.42379216056e-11
        mean: -1.18062493115e-09
        min: -5.45410561159e-09
        var: 3.47222994943e-19
    spectral_energy:
        dmean: 0.00133172783535
        dmean2: 0.00200633471832
        dvar: 2.43475301431e-06
        dvar2: 5.14847488375e-06
        max: 0.0233743004501
        mean: 0.00499123521149
        min: 5.74855075683e-05
        var: 6.56612292005e-06
    spectral_energyband_high:
        dmean: 0.000112093694042
        dmean2: 0.00016386237985
        dvar: 2.9528930412e-08
        dvar2: 5.21310070667e-08
        max: 0.00227031786926
        mean: 0.000247637741268
        min: 2.01162015401e-06
        var: 8.28143384979e-08
    spectral_energyband_low:
        dmean: 0.000173272725078
        dmean2: 0.000302355270833
        dvar: 1.48903438912e-07
        dvar2: 4.34137234606e-07
        max: 0.00247995252721
        mean: 0.000246915122261
        min: 1.23395307128e-06
        var: 1.15161022052e-07
    spectral_energyband_middle_high:
        dmean: 0.000590099894907
        dmean2: 0.000879217986949
        dvar: 4.5518086722e-07
        dvar2: 9.75830857897e-07
        max: 0.00741415005177
        mean: 0.00170805270318
        min: 7.48418187868e-06
        var: 1.68362646491e-06
    spectral_energyband_middle_low:
        dmean: 0.000916956400033
        dmean2: 0.00150230561849
        dvar: 1.20796175906e-06
        dvar2: 2.91373817163e-06
        max: 0.0145111549646
        mean: 0.00278859981336
        min: 3.19670471072e-05
        var: 2.30101841225e-06
    spectral_flatness_db:
        dmean: 0.0193531718105
        dmean2: 0.0266751311719
        dvar: 0.000221880618483
        dvar2: 0.000418862124206
        max: 0.269782990217
        mean: 0.166917994618
        min: 0.0908337011933
        var: 0.0009808561299
    spectral_flux:
        dmean: 0.00914409104735
        dmean2: 0.0135361822322
        dvar: 7.38006929168e-05
        dvar2: 0.000149498868268
        max: 0.110030435026
        mean: 0.0389841757715
        min: 0.00758191989735
        var: 0.000224248855375
    spectral_kurtosis:
        dmean: 1.45284307003
        dmean2: 2.38387537003
        dvar: 2.33138203621
        dvar2: 5.82467126846
        max: 17.5334320068
        mean: 4.05350494385
        min: 0.20384812355
        var: 5.71822166443
    spectral_rms:
        dmean: 0.000289937423076
        dmean2: 0.000430646381574
        dvar: 8.44860252869e-08
        dvar2: 1.61584182479e-07
        max: 0.00477537373081
        mean: 0.00213703489862
        min: 0.000236819381826
        var: 3.02577802813e-07
    spectral_rolloff:
        dmean: 562.116638184
        dmean2: 970.399841309
        dvar: 502147.3125
        dvar2: 1214265.25
        max: 4694.23828125
        mean: 2311.09741211
        min: 301.46484375
        var: 1337300.875
    spectral_skewness:
        dmean: 0.218543797731
        dmean2: 0.341731578112
        dvar: 0.0380504503846
        dvar2: 0.0793144628406
        max: 3.06185030937
        mean: 1.51838946342
        min: 0.402514606714
        var: 0.190293595195
    spectral_spread:
        dmean: 610744.8125
        dmean2: 872009.9375
        dvar: 402243616768
        dvar2: 838597214208
        max: 8199093
        mean: 4550331.5
        min: 2472359
        var: 1.25992776499e+12
    spectral_strongpeak:
        dmean: 0.376987308264
        dmean2: 0.666468560696
        dvar: 0.467448323965
        dvar2: 1.1482667923
        max: 5.97702503204
        mean: 0.611051142216
        min: 0.0162419956177
        var: 0.669042408466
    zerocrossingrate:
        dmean: 0.00913085974753
        dmean2: 0.0100239925086
        dvar: 5.93098848185e-05
        dvar2: 7.65734657762e-05
        max: 0.154296875
        mean: 0.070969581604
        min: 0.02099609375
        var: 0.000526341318619
    barkbands:
        dmean: [3.57513897598e-07, 3.1981664506e-05, 0.000146247170051, 0.000180306888069, 0.000460551789729, 0.000421958015068, 0.00019933184376, 0.000188486665138, 0.000137518756674, 0.000192342733499, 6.83781981934e-05, 5.0952345191e-05, 0.000149397237692, 7.26220241631e-05, 5.0626204029e-05, 3.87867439713e-05, 6.75291230436e-05, 0.000101150020782, 0.000143200188177, 0.000129911422846, 5.13760714966e-05, 1.41101463669e-05, 4.06573326472e-06, 1.30495402573e-06, 6.59483362142e-07, 5.14034184107e-08, 4.67698713091e-10]
        dmean2: [5.16746979429e-07, 5.39469183423e-05, 0.000256818719208, 0.00031661032699, 0.000768359052017, 0.000675493036397, 0.000334446434863, 0.00029709955561, 0.000229555866099, 0.00030929769855, 0.000108140593511, 8.33424710436e-05, 0.000259757332969, 0.00011162849114, 7.76658343966e-05, 6.19163110969e-05, 0.000110587185191, 0.000157414848218, 0.000213830149733, 0.000200755021069, 7.88211837062e-05, 2.06810200325e-05, 6.13940119365e-06, 1.88354113106e-06, 9.73226633505e-07, 8.40432008431e-08, 7.33036187306e-10]
        dvar: [2.0406909669e-12, 5.39613509432e-09, 1.08277397715e-07, 5.45734053503e-08, 3.20381843721e-07, 3.12648467116e-07, 1.04597049244e-07, 7.97540877784e-08, 5.09155313466e-08, 1.10627389915e-07, 1.69162710506e-08, 4.30820756847e-09, 9.93685986828e-08, 2.04516634739e-08, 5.05236741333e-09, 7.31635774187e-09, 1.17733920391e-08, 2.42712765441e-08, 5.2127603567e-08, 5.56486448033e-08, 4.59291982224e-09, 4.0132405732e-10, 8.27653917623e-11, 3.07861483702e-12, 8.70660152048e-13, 1.35503799275e-14, 4.51780862927e-18]
        dvar2: [2.73954405168e-12, 1.43969778321e-08, 3.17567440788e-07, 1.7002494701e-07, 7.88513489169e-07, 8.21477499358e-07, 2.42231607217e-07, 1.94607963522e-07, 1.19922006547e-07, 2.96016054335e-07, 3.99269701745e-08, 1.22026699856e-08, 3.17742291145e-07, 5.14232532112e-08, 1.06178150716e-08, 1.50893200157e-08, 2.91255783935e-08, 4.17186782897e-08, 1.07062525956e-07, 1.07613296052e-07, 1.06946203005e-08, 8.15501499662e-10, 1.72820868727e-10, 6.73659435527e-12, 2.03427791105e-12, 3.72071351593e-14, 5.08020169671e-18]
        max: [2.53457001236e-05, 0.000453229236882, 0.00209086574614, 0.00177143525798, 0.00559548381716, 0.00543545000255, 0.00325227691792, 0.00235072243959, 0.00273152138107, 0.00415887637064, 0.00166623957921, 0.000513681210577, 0.00261546182446, 0.0016475225566, 0.000762322510127, 0.00139665894676, 0.00138764060102, 0.00199714256451, 0.00267864880152, 0.00323060527444, 0.000668192922603, 0.000250638229772, 0.000145368729136, 1.51468912009e-05, 6.87056081006e-06, 1.22067069697e-06, 4.30815134678e-08]
        mean: [3.1466632322e-07, 4.14197966165e-05, 0.000205215794267, 0.000289053481538, 0.000761483912356, 0.000896628946066, 0.000326547538862, 0.000242617083131, 0.000229210738325, 0.0002562708396, 0.00011559019913, 9.51385809458e-05, 0.00025007079239, 0.000119705517136, 9.72722555161e-05, 6.21329018031e-05, 0.000105345461634, 0.000196816807147, 0.000297472404782, 0.000264640460955, 0.000102468424302, 2.68707972282e-05, 6.01912324782e-06, 1.98384827854e-06, 8.96903770808e-07, 5.2536638151e-08, 4.60503996047e-10]
        min: [2.44920715653e-11, 1.04957003089e-07, 8.38804453451e-07, 2.6483385227e-06, 1.28486078665e-06, 1.32235345518e-05, 5.33258980795e-06, 1.71200809973e-07, 5.68281222968e-07, 3.62050002423e-07, 3.1169668091e-07, 4.45831517482e-07, 6.17367334144e-07, 5.7287513755e-07, 1.39533497645e-07, 1.0019364538e-07, 5.45274190245e-07, 1.53602843511e-06, 6.96467850503e-07, 2.27049054047e-06, 1.02798742319e-06, 2.62610200252e-07, 4.56361384238e-08, 3.75952495801e-08, 2.11111839121e-08, 5.7599597314e-10, 2.51260573762e-13]
        var: [2.0590857578e-12, 5.44878453468e-09, 8.55401651734e-08, 1.11172482775e-07, 5.4085148804e-07, 5.44205818187e-07, 1.58800489203e-07, 1.04071297358e-07, 1.36937828188e-07, 1.99249683419e-07, 3.87994205653e-08, 9.22505982714e-09, 1.98494774395e-07, 3.82927964893e-08, 1.31143691462e-08, 1.61747841787e-08, 1.72050551583e-08, 5.68007685331e-08, 1.70837594737e-07, 1.38502528557e-07, 1.19114895725e-08, 8.67098948198e-10, 1.1089628521e-10, 4.96842150755e-12, 1.20165856432e-12, 9.90615535022e-15, 4.54340035665e-18]
    mfcc:
        mean: [-712.399780273, 123.444786072, -39.7180290222, 47.7728157043, -26.2118759155, -7.35519838333, -6.26865100861, -14.3310003281, -16.8185558319, -9.08005237579, -8.85391616821, -8.67323970795, -10.0839748383]
        cov: [[1509.18518066, -223.788787842, -221.114715576, 54.0352058411, -25.2238693237, -63.3872642517, 45.3884162903, 4.76357936859, 88.1071472168, 51.1110572815, 44.9849128723, -14.1560573578, 46.2281112671], [-223.788787842, 601.043579102, -190.01411438, -210.303741455, -40.2975959778, 30.3599033356, 44.8834533691, 23.1521072388, -51.8750991821, 5.53506040573, 66.7392272949, 19.1635055542, -60.127243042], [-221.114715576, -190.01411438, 394.96105957, 137.819335938, 55.4987220764, -1.1558753252, -28.1170692444, 4.41334819794, 41.8916091919, 13.9110031128, -42.6190872192, 25.9440975189, 65.612487793], [54.0352058411, -210.303741455, 137.819335938, 343.545379639, 59.4218254089, -27.2320556641, -49.5014152527, -15.4865074158, 40.5075111389, 20.0353660583, -45.4269790649, -18.2623901367, 97.4521408081], [-25.2238693237, -40.2975959778, 55.4987220764, 59.4218254089, 110.537742615, 27.921415329, -0.901856839657, 17.3959102631, 24.6274375916, 18.9286670685, -0.422198385, 4.89052915573, 13.1203994751], [-63.3872642517, 30.3599033356, -1.1558753252, -27.2320556641, 27.921415329, 107.993850708, 69.8307266235, 29.6956863403, -8.1842880249, 2.82667970657, 8.88387012482, 6.80852890015, -7.49209260941], [45.3884162903, 44.8834533691, -28.1170692444, -49.5014152527, -0.901856839657, 69.8307266235, 124.48664856, 38.6781425476, 17.6010761261, 5.44953489304, 8.54412078857, 12.3108921051, -1.90355420113], [4.76357936859, 23.1521072388, 4.41334819794, -15.4865074158, 17.3959102631, 29.6956863403, 38.6781425476, 94.7142715454, 33.7274208069, 16.7748794556, 14.6743459702, 9.8637676239, -2.99464702606], [88.1071472168, -51.8750991821, 41.8916091919, 40.5075111389, 24.6274375916, -8.1842880249, 17.6010761261, 33.7274208069, 92.4132843018, 41.6762084961, -3.83401370049, 7.10775518417, 25.0182914734], [51.1110572815, 5.53506040573, 13.9110031128, 20.0353660583, 18.9286670685, 2.82667970657, 5.44953489304, 16.7748794556, 41.6762084961, 80.0312347412, 33.495716095, 1.46915113926, 0.467404097319], [44.9849128723, 66.7392272949, -42.6190872192, -45.4269790649, -0.422198385, 8.88387012482, 8.54412078857, 14.6743459702, -3.83401370049, 33.495716095, 91.7743377686, 27.401517868, -23.0405864716], [-14.1560573578, 19.1635055542, 25.9440975189, -18.2623901367, 4.89052915573, 6.80852890015, 12.3108921051, 9.8637676239, 7.10775518417, 1.46915113926, 27.401517868, 63.4990310669, 26.8649044037], [46.2281112671, -60.127243042, 65.612487793, 97.4521408081, 13.1203994751, -7.49209260941, -1.90355420113, -2.99464702606, 25.0182914734, 0.467404097319, -23.0405864716, 26.8649044037, 102.095939636]]
        icov: [[0.00106019130908, 0.00066320161568, 0.000911731214728, 8.77129423316e-05, -3.07669652102e-05, 0.000922245555557, -0.000855108781252, 0.000137565715704, -0.000647865235806, -0.00017455019406, -0.00093930575531, 0.000604031258263, -0.000910759204999], [0.00066320161568, 0.00287570129149, 0.00130909879226, 0.00116001290735, -0.000106564388261, 0.000697498733643, -0.000793283979874, -0.000544271839317, 0.00105877686292, -0.00113246846013, -0.000918209552765, -3.35934746545e-05, -0.000973776972387], [0.000911731214728, 0.00130909879226, 0.00454295659438, -0.000545568473171, -0.000704024918377, 8.3268576418e-05, 0.000292004580842, -0.00020456330094, -0.00068987486884, -0.00129727891181, 0.00134844577406, -0.00229455879889, -0.000861550855916], [8.77129423316e-05, 0.00116001290735, -0.000545568473171, 0.00631442898884, -0.00213624932803, 0.000479377835291, 0.00115431286395, 0.000125463106087, 0.000163461852935, -0.00111290754285, -0.000613004842307, 0.00440124515444, -0.00602966500446], [-3.07669652102e-05, -0.000106564388261, -0.000704024918377, -0.00213624932803, 0.0127519685775, -0.00570098264143, 0.00319410092197, -0.00076176848961, -0.00303030572832, -0.000638393335976, 0.000112569454359, -0.00154482305516, 0.00160018238239], [0.000922245555557, 0.000697498733643, 8.3268576418e-05, 0.000479377835291, -0.00570098264143, 0.0200660657138, -0.0117783946916, -0.00265831570141, 0.00682015018538, -0.00214662426151, -0.000452295265859, 0.00081306748325, -0.000587777351029], [-0.000855108781252, -0.000793283979874, 0.000292004580842, 0.00115431286395, 0.00319410092197, -0.0117783946916, 0.0171043388546, -0.00196881452575, -0.00497274380177, 0.0012683904497, 0.00124723324552, -0.00153800297994, -0.000484200456413], [0.000137565715704, -0.000544271839317, -0.00020456330094, 0.000125463106087, -0.00076176848961, -0.00265831570141, -0.00196881452575, 0.0149469766766, -0.00660661887378, 0.00159876805265, -0.00223226402886, -6.36440818198e-05, 0.0010580047965], [-0.000647865235806, 0.00105877686292, -0.00068987486884, 0.000163461852935, -0.00303030572832, 0.00682015018538, -0.00497274380177, -0.00660661887378, 0.0233756508678, -0.0119391717017, 0.00584389548749, -0.00273121125065, -0.00182834570296], [-0.00017455019406, -0.00113246846013, -0.00129727891181, -0.00111290754285, -0.000638393335976, -0.00214662426151, 0.0012683904497, 0.00159876805265, -0.0119391717017, 0.0238942485303, -0.0114525351673, 0.00604742253199, -5.64355650567e-05], [-0.00093930575531, -0.000918209552765, 0.00134844577406, -0.000613004842307, 0.000112569454359, -0.000452295265859, 0.00124723324552, -0.00223226402886, 0.00584389548749, -0.0114525351673, 0.0228780508041, -0.0136958351359, 0.0069004711695], [0.000604031258263, -3.35934746545e-05, -0.00229455879889, 0.00440124515444, -0.00154482305516, 0.00081306748325, -0.00153800297994, -6.36440818198e-05, -0.00273121125065, 0.00604742253199, -0.0136958351359, 0.030078087002, -0.0131558757275], [-0.000910759204999, -0.000973776972387, -0.000861550855916, -0.00602966500446, 0.00160018238239, -0.000587777351029, -0.000484200456413, 0.0010580047965, -0.00182834570296, -5.64355650567e-05, 0.0069004711695, -0.0131558757275, 0.0211832430214]]
    spectral_contrast:
        mean: [-1.10276374699e-07, 1.10116467056e-07, -2.93122440098e-07, 2.95793228133e-07, 1.35527962186e-08, -4.77148319078e-07, -8.47326361963e-07, -9.07207606815e-07, 1.91122083493e-07, 1.64044149642e-06, -2.09376878502e-07, 3.37132723871e-06]
        var: [0.000304538087221, 0.000971549772657, 0.00125084316824, 0.00266369269229, 0.00411758897826, 0.00596685707569, 0.0528090596199, 0.0854033529758, 0.135788187385, 0.3914052248, 0.406281977892, 1.2575006485]

rhythm:
    beats_loudness:
        dmean: 0.00209843832999
        dmean2: 0.00391501095146
        dvar: 3.26941767526e-06
        dvar2: 8.88360864337e-06
        max: 0.00892430264503
        mean: 0.00514011410996
        min: 0.00162857549731
        var: 3.4868558032e-06
    beats_loudness_bass:
        dmean: 0.088664829731
        dmean2: 0.15360724926
        dvar: 0.00872449763119
        dvar2: 0.0246954951435
        max: 0.471891283989
        mean: 0.0984786748886
        min: 0.004628543742
        var: 0.0110665988177
    bpm: 131.330276489
    bpm_confidence: 0
    first_peak_bpm: 130
    first_peak_spread: 0.400000035763
    first_peak_weight: 0.571428596973
    onset_rate: 4.69769906998
    second_peak_bpm: 98
    second_peak_spread: 0
    second_peak_weight: 0.047619048506
    beats_position: [0.117638498545, 0.577952980995, 1.03826737404, 1.49858188629, 1.95889627934, 2.41921067238, 2.87952518463, 3.33983969688, 3.80015444756, 4.26046895981, 4.72078371048, 5.18109846115, 5.64141273499, 6.2538433075, 6.70808029175, 7.16231632233, 7.61655235291, 8.07078933716, 8.52502536774, 8.97926139832, 9.43349742889, 9.88773441315]
    bpm_estimates: [130.060623169, 131.765838623, 129.05859375, 130.906265259, 129.454666138, 130.768615723, 130.44380188, 131.88571167, 132.124511719, 131.015975952, 132.377365112, 132.078674316, 132.183532715, 132.374267578, 131.782699585, 133.003067017]
    bpm_intervals: [0.46031448245, 0.460314393044, 0.460314512253, 0.460314393044, 0.460314393044, 0.460314512253, 0.460314512253, 0.460314750671, 0.460314512253, 0.460314750671, 0.460314750671, 0.460314273834, 0.61243057251, 0.454236984253, 0.454236030579, 0.454236030579, 0.454236984253, 0.454236030579, 0.454236030579, 0.454236030579, 0.454236984253]
    onset_times: [0.0348299331963, 0.127709746361, 0.255419492722, 0.441179126501, 0.684988677502, 0.9287981987, 1.13777780533, 1.39319729805, 1.79954648018, 2.00852608681, 2.10140585899, 2.51936507225, 2.77478456497, 3.21596360207, 3.40172338486, 3.56426310539, 3.95900225639, 4.19120168686, 4.41179132462, 4.82975053787, 5.21287965775, 5.31736946106, 5.47990942001, 5.74693870544, 6.025578022, 6.11845827103, 6.23455762863, 6.47836732864, 6.59446716309, 6.71056699753, 7.16335582733, 7.37233543396, 7.61614513397, 7.84834480286, 7.97605419159, 8.08054447174, 8.3011341095, 8.51011371613, 8.76553249359, 8.893242836, 8.98612213135, 9.21832180023, 9.33442211151, 9.45052146912, 9.58984088898, 9.69433116913, 9.90331077576]
    rubato_start: []
    rubato_stop: []
    perceptual_tempo: "unknown"

sfx:
    inharmonicity:
        dmean: 0.0380140431225
        dmean2: 0.067192800343
        dvar: 0.00262127909809
        dvar2: 0.00741630000994
        max: 0.368397891521
        mean: 0.0376914702356
        min: 0.000280111475149
        var: 0.00229854579084
    oddtoevenharmonicenergyratio:
        dmean: 4.94213199615
        dmean2: 9.42838001251
        dvar: 484.882659912
        dvar2: 1447.1484375
        max: 229.576446533
        mean: 2.93115830421
        min: 0.000524797942489
        var: 252.565216064
    pitch_after_max_to_before_max_energy_ratio: 2.29540777206
    pitch_centroid: 204.961990356
    pitch_max_to_total: 0.306264489889
    pitch_min_to_total: 0.786542952061
    tristimulus:
        dmean: [0.232148125768, 0.275585860014, 0.102692216635]
        dmean2: [0.40091574192, 0.483049094677, 0.17902302742]
        dvar: [0.0373317673802, 0.052508585155, 0.0118613699451]
        dvar2: [0.0996530652046, 0.145090997219, 0.031418543309]
        max: [0.931522548199, 0.998707234859, 0.65708220005]
        mean: [0.434150010347, 0.415662288666, 0.101975493133]
        min: [0.000362044782378, 0, 0]
        var: [0.0621332488954, 0.0688859224319, 0.0135107319802]

tonal:
    chords_changes_rate: 0.0737327188253
    chords_number_rate: 0.0322580635548
    chords_strength:
        dmean: 0.0118641303852
        dmean2: 0.0106983184814
        dvar: 0.000102910482383
        dvar2: 7.56789522711e-05
        max: 0.742637634277
        mean: 0.515069782734
        min: 0.313001900911
        var: 0.0127204824239
    key_strength: 0.596356034279
    tuning_diatonic_strength: 0.456528484821
    tuning_equal_tempered_deviation: 0.101373806596
    tuning_frequency: 437.465789795
    tuning_nontempered_energy_ratio: 0.725590229034
    hpcp:
        dmean: [0.187319770455, 0.144917264581, 0.0863812640309, 0.100033849478, 0.124570898712, 0.126892194152, 0.114907644689, 0.15170507133, 0.157955110073, 0.152487620711, 0.11930860579, 0.0936157181859, 0.101610757411, 0.130774393678, 0.165864259005, 0.157226905227, 0.149980381131, 0.105682648718, 0.0789393261075, 0.0809449627995, 0.101769968867, 0.113473027945, 0.105082504451, 0.138380467892, 0.150038808584, 0.145350322127, 0.142954230309, 0.139553681016, 0.142410561442, 0.160848155618, 0.180630579591, 0.123826302588, 0.104772560298, 0.107721507549, 0.113098725677, 0.148217469454]
        dmean2: [0.324807584286, 0.249330624938, 0.140834465623, 0.164886698127, 0.215744316578, 0.21882763505, 0.198151692748, 0.264901727438, 0.265659064054, 0.260741859674, 0.200835436583, 0.160193175077, 0.171740531921, 0.224931567907, 0.283871173859, 0.259883105755, 0.261780381203, 0.191593244672, 0.138322070241, 0.140675842762, 0.168732136488, 0.181331783533, 0.169591456652, 0.232005044818, 0.247042506933, 0.251283675432, 0.235279142857, 0.23472186923, 0.22931432724, 0.255290269852, 0.286744058132, 0.204654067755, 0.180994540453, 0.1834872365, 0.18105275929, 0.233264908195]
        dvar: [0.0501538813114, 0.0292880497873, 0.0122482217848, 0.023158673197, 0.040861133486, 0.0297420937568, 0.0273524671793, 0.0357444658875, 0.0366734713316, 0.0514604300261, 0.0238808430731, 0.0219355747104, 0.0283842533827, 0.0348200574517, 0.0381058305502, 0.037611708045, 0.0362024269998, 0.0318031013012, 0.0176273602992, 0.0189234185964, 0.0232655610889, 0.0325638651848, 0.0220329519361, 0.0340112671256, 0.0455157309771, 0.0313205085695, 0.0321991071105, 0.033974185586, 0.0305543337017, 0.0364101007581, 0.0486418865621, 0.0238603260368, 0.0290471483022, 0.0285573042929, 0.0238018427044, 0.0297469105572]
        dvar2: [0.118007898331, 0.078678496182, 0.0292757935822, 0.0526202693582, 0.106895163655, 0.0820729210973, 0.058180321008, 0.101693980396, 0.099618665874, 0.130430221558, 0.0690946877003, 0.0578187145293, 0.0732163563371, 0.0823301896453, 0.0990577861667, 0.0862365216017, 0.0981682389975, 0.0887637883425, 0.0459379404783, 0.0503079332411, 0.0601677857339, 0.0669025704265, 0.0528999567032, 0.0913200825453, 0.091998487711, 0.0665112659335, 0.0808812081814, 0.0790688619018, 0.0840536952019, 0.0862300992012, 0.103995852172, 0.0609713345766, 0.0754403546453, 0.0660838931799, 0.0564750730991, 0.0666643828154]
        max: [1, 1, 0.707248449326, 1, 1, 0.946100056171, 1, 1, 1, 1, 0.98938703537, 1, 0.919263780117, 1, 1, 1, 1, 1, 1, 1, 0.890986680984, 1, 1, 1, 1, 1, 1, 1, 1, 1, 1, 1, 1, 1, 0.96596121788, 1]
        mean: [0.305001795292, 0.202488541603, 0.113494306803, 0.128949612379, 0.136850774288, 0.165165036917, 0.213852524757, 0.197105109692, 0.218315437436, 0.243115738034, 0.149909555912, 0.0927463918924, 0.10038150847, 0.128254011273, 0.276360601187, 0.359248161316, 0.211960658431, 0.0950254946947, 0.0814226195216, 0.0830305740237, 0.103244185448, 0.125767722726, 0.125990152359, 0.254314541817, 0.346038371325, 0.235945492983, 0.233854353428, 0.253096282482, 0.186777591705, 0.269551515579, 0.32856747508, 0.188118010759, 0.0986114963889, 0.111733883619, 0.137778609991, 0.234755918384]
        min: [0.00277203274891, 0.00606893980876, 0.00363742490299, 0.00252165785059, 0.00372393894941, 0.00616637477651, 0.0036673520226, 0.00559692643583, 0.00584974046797, 0.00156855385285, 0.000939020770602, 0.00236848019995, 0.00223330408335, 0.00353519408964, 0.00523724919185, 0.00900045689195, 0.0087074553594, 0.00255314959213, 0.00192138715647, 0.000790078134742, 0.000751072424464, 0.00169281824492, 0.00198246492073, 0.00134030473419, 0.00101997877937, 0.00203679758124, 0.00339774065651, 0.00247342232615, 0.0022227729205, 0.000693016278092, 0.00326155358925, 0.00342906871811, 0.00284933042713, 0.0040506250225, 0.00310987979174, 0.00482290284708]
        var: [0.0877436771989, 0.040930557996, 0.0184023994952, 0.034402705729, 0.0381642617285, 0.0391707122326, 0.0822439938784, 0.0536229126155, 0.0653282999992, 0.0969593152404, 0.0327087305486, 0.0207453966141, 0.0248971339315, 0.0343205668032, 0.07852717489, 0.11982113868, 0.0502263121307, 0.0216340627521, 0.0165866296738, 0.0197717677802, 0.0264836344868, 0.0463687442243, 0.0274701863527, 0.0804197266698, 0.147048056126, 0.0529480613768, 0.0736239850521, 0.0983655452728, 0.0419408790767, 0.080565392971, 0.109965600073, 0.0358835272491, 0.0255340840667, 0.0331787839532, 0.033398937434, 0.0521376617253]
    chords_histogram: [0, 0, 36.8663597107, 0, 0, 0, 3.68663597107, 0, 8.75576019287, 0, 0, 0, 0, 0, 0, 0, 0, 0, 16.5898609161, 6.91244220734, 10.1382484436, 0, 17.0506916046, 0]
    thpcp: [1, 0.590011835098, 0.264512121677, 0.226647287607, 0.231123164296, 0.287389606237, 0.350085914135, 0.350705057383, 0.707907676697, 0.963229358196, 0.656775772572, 0.650954902172, 0.704516589642, 0.519912421703, 0.750321209431, 0.914597511292, 0.523643612862, 0.274494081736, 0.311021447182, 0.38351932168, 0.653464496136, 0.849000275135, 0.563645303249, 0.315921753645, 0.358942985535, 0.380936592817, 0.459751933813, 0.595277965069, 0.548660039902, 0.607700943947, 0.676734805107, 0.417286902666, 0.258168041706, 0.27942109108, 0.357006728649, 0.769274950027]
    chords_key: "D"
    chords_scale: "major"
    key_key: "G"
    key_scale: "major"
    chords_progression: ["C", "C", "B", "B", "B", "B", "B", "C", "C", "B", "B", "B", "B", "B", "B", "B", "B", "B", "B", "B", "B", "B", "C", "B", "F", "F", "F", "F", "F", "F", "F", "F", "F", "F", "E", "F", "A#", "F", "F", "F", "F", "A#", "A#", "A#", "A#", "A#", "A#", "A#", "A#", "A#", "A#", "A#", "A#", "A#", "A#", "A#", "A#", "A#", "A#", "A#", "A#", "A#", "A#", "A#", "A#", "A#", "A#", "A#", "A#", "A#", "A#", "A#", "A#", "A#", "A#", "A#", "Dm", "Dm", "Dm", "Dm", "Dm", "Dm", "Dm", "Dm", "Dm", "Dm", "Dm", "Dm", "Dm", "Dm", "Dm", "E", "E", "E", "E", "E", "E", "E", "F", "F", "F", "F", "F", "F", "F", "C", "C", "C", "C", "C", "C", "C", "C", "C", "C", "C", "C", "C", "C", "C", "C", "C", "C", "C", "C", "C", "C", "C", "C", "C", "C", "C", "C", "C", "C", "C", "C", "D", "D", "D", "D", "D", "D", "D", "D", "D", "D", "D", "D", "D", "D", "D", "D", "D", "D", "D", "D", "D", "D", "D", "D", "D", "D", "D", "D", "D", "D", "D", "D", "D", "D", "D", "D", "D", "D", "D", "D", "D", "D", "D", "D", "D", "D", "D", "D", "D", "D", "D", "D", "D", "D", "D", "D", "D", "D", "D", "D", "D", "D", "D", "D", "D", "D", "D", "D", "D", "D", "D", "D", "D", "D", "D", "D", "D", "D", "D", "D"]
