
metadata:
    version:
        essentia: "1.2.2"
    audio_properties:
        analysis_sample_rate: 44100
        bitrate: 128
        channels: 2
        equal_loudness: 1
        length: 10.0310201645
        replay_gain: -15.1289997101
        downmix: "mix"
    tags:
        track: 13
        year: 0
        album: "Splitted by Mp3Splt v. 2.1"
        artist: "From 002.00 To 002.10"
        comment: "http://mp3splt.sf.net"
        genre: ""
        title: "03 The Number Song.mp3"

highlevel:
    ballroom:
        all:
            ChaChaCha: 0.0821874886751
            Jive: 0.322580873966
            Quickstep: 0.064378708601
            Rumba-American: 0.0072628823109
            Rumba-International: 0.11398036778
            Rumba-Misc: 0.0137141318992
            Samba: 0.336995363235
            Tango: 0.00358588807285
            VienneseWaltz: 0.0384550727904
            Waltz: 0.0168592520058
        probability: 0.336995363235
        value: "Samba"
    culture:
        all:
            non_western: 0.111885517836
            western: 0.888114511967
        probability: 0.888114511967
        value: "western"
    gender:
        all:
            female: 0.056530367583
            male: 0.943469643593
        probability: 0.943469643593
        value: "male"
    genre_dortmund:
        all:
            alternative: 0.0476070903242
            blues: 0.0792828649282
            electronic: 0.0649731084704
            folkcountry: 0.108130179346
            funksoulrnb: 0.0240717176348
            jazz: 0.211656570435
            pop: 0.0429001301527
            raphiphop: 0.0100704273209
            rock: 0.411307930946
        probability: 0.411307930946
        value: "rock"
    genre_electronica:
        all:
            ambient: 0.220206066966
            dnb: 0.561319589615
            house: 0.123578891158
            techno: 0.040952257812
            trance: 0.0539431981742
        probability: 0.561319589615
        value: "dnb"
    genre_rosamerica:
        all:
            cla: 0.0383564978838
            dan: 0.175698235631
            hip: 0.0760936811566
            jaz: 0.0745368227363
            pop: 0.167197033763
            rhy: 0.145503729582
            roc: 0.289591133595
            spe: 0.0330228693783
        probability: 0.289591133595
        value: "roc"
    genre_tzanetakis:
        all:
            blu: 0.0151691678911
            cla: 0.0045155249536
            cou: 0.0300482530147
            dis: 0.0609502829611
            hip: 0.24803288281
            jaz: 0.0343444049358
            met: 0.0500822216272
            pop: 0.213715881109
            reg: 0.138049557805
            roc: 0.205091834068
        probability: 0.24803288281
        value: "hip"
    live_studio:
        all:
            live: 0.162623628974
            studio: 0.837376356125
        probability: 0.837376356125
        value: "studio"
    mood:
        all:
            Cluster1: 0.439589589834
            Cluster2: 0.185211777687
            Cluster3: 0.110609218478
            Cluster4: 0.0922798588872
            Cluster5: 0.172309562564
        probability: 0.439589589834
        value: "Cluster1"
    mood_acoustic:
        all:
            acoustic: 0.733985960484
            not_acoustic: 0.266014039516
        probability: 0.733985960484
        value: "acoustic"
    mood_aggressive:
        all:
            aggressive: 0.239534050226
            not_aggressive: 0.760465919971
        probability: 0.760465919971
        value: "not_aggressive"
    mood_electronic:
        all:
            electronic: 0.617021918297
            not_electronic: 0.382978081703
        probability: 0.617021918297
        value: "electronic"
    mood_happy:
        all:
            happy: 0.484140694141
            not_happy: 0.515859305859
        probability: 0.515859305859
        value: "not_happy"
    mood_party:
        all:
            not_party: 0.470449745655
            party: 0.529550254345
        probability: 0.529550254345
        value: "party"
    mood_relaxed:
        all:
            not_relaxed: 0.259529709816
            relaxed: 0.740470290184
        probability: 0.740470290184
        value: "relaxed"
    mood_sad:
        all:
            not_sad: 0.429929882288
            sad: 0.57007008791
        probability: 0.57007008791
        value: "sad"
    rhythm:
        all:
            fast: 0.695504844189
            medium: 0.244969978929
            slow: 0.059525154531
        probability: 0.695504844189
        value: "fast"
    speech_music:
        all:
            music: 0.643053412437
            speech: 0.356946587563
        probability: 0.643053412437
        value: "music"
    timbre:
        all:
            bright: 0.00831111148
            dark: 0.991688907146
        probability: 0.991688907146
        value: "dark"
    voice_instrumental:
        all:
            instrumental: 0.142986178398
            voice: 0.857013821602
        probability: 0.857013821602
        value: "voice"

lowlevel:
    average_loudness: 0.97136759758
    barkbands_kurtosis:
        dmean: 2.77201962471
        dmean2: 4.54607868195
        dvar: 24.1993865967
        dvar2: 64.6794433594
        max: 41.8260765076
        mean: 2.05772566795
        min: -1.8753734827
        var: 30.0437030792
    barkbands_skewness:
        dmean: 0.728201508522
        dmean2: 1.09833621979
        dvar: 0.5505874753
        dvar2: 1.3432790041
        max: 6.14897632599
        mean: 1.19542145729
        min: -1.87502503395
        var: 1.74663722515
    barkbands_spread:
        dmean: 7.27667760849
        dmean2: 11.2775335312
        dvar: 45.0387077332
        dvar2: 114.228744507
        max: 55.7308807373
        mean: 28.6006202698
        min: 3.18175029755
        var: 150.62449646
    dissonance:
        dmean: 0.0184734873474
        dmean2: 0.0317418165505
        dvar: 0.000255881313933
        dvar2: 0.000723278732039
        max: 0.499423235655
        mean: 0.465066194534
        min: 0.384563326836
        var: 0.000493621511851
    hfc:
        dmean: 0.921927630901
        dmean2: 1.30941784382
        dvar: 1.09562754631
        dvar2: 2.12281060219
        max: 13.5053663254
        mean: 3.14677476883
        min: 2.24656264436e-06
        var: 4.25336551666
    pitch:
        dmean: 673.883911133
        dmean2: 1298.94299316
        dvar: 1532530.375
        dvar2: 3340609
        max: 4410
        mean: 1515.59606934
        min: 67.9506912231
        var: 2606288
    pitch_instantaneous_confidence:
        dmean: 0.0979039743543
        dmean2: 0.157142803073
        dvar: 0.00808163266629
        dvar2: 0.0200913380831
        max: 0.832037746906
        mean: 0.416120320559
        min: 0.0089767575264
        var: 0.0171324517578
    pitch_salience:
        dmean: 0.0767742544413
        dmean2: 0.129262909293
        dvar: 0.00420145643875
        dvar2: 0.0110648274422
        max: 0.842545390129
        mean: 0.614110529423
        min: 0.18198928237
        var: 0.0101015185937
    silence_rate_20dB:
        dmean: 0
        dmean2: 0
        dvar: 0
        dvar2: 0
        max: 1
        mean: 1
        min: 1
        var: 0
    silence_rate_30dB:
        dmean: 0
        dmean2: 0
        dvar: 0
        dvar2: 0
        max: 1
        mean: 1
        min: 1
        var: 0
    silence_rate_60dB:
        dmean: 0.199074074626
        dmean2: 0.399071931839
        dvar: 0.159443691373
        dvar2: 0.26765537262
        max: 1
        mean: 0.561200916767
        min: 0
        var: 0.246253982186
    spectral_centroid:
        dmean: 320.185180664
        dmean2: 480.944366455
        dvar: 109456.390625
        dvar2: 224324.421875
        max: 2945.84741211
        mean: 1119.5769043
        min: 232.744674683
        var: 428508.34375
    spectral_complexity:
        dmean: 2.17865419388
        dmean2: 3.2023255825
        dvar: 5.19082069397
        dvar2: 9.04047489166
        max: 28
        mean: 7.44907426834
        min: 0
        var: 17.9603652954
    spectral_crest:
        dmean: 3.04428482056
        dmean2: 5.11969709396
        dvar: 7.67292070389
        dvar2: 19.9543628693
        max: 23.3430099487
        mean: 9.31793880463
        min: 2.46363949776
        var: 14.4570999146
    spectral_decrease:
        dmean: 4.70564975874e-10
        dmean2: 7.05092595421e-10
        dvar: 3.84325379987e-19
        dvar2: 8.73705592901e-19
        max: -1.55249344298e-15
        mean: -8.90938989251e-10
        min: -4.56754678524e-09
        var: 5.90040803932e-19
    spectral_energy:
        dmean: 0.00183774658944
        dmean2: 0.00274403183721
        dvar: 5.77500850341e-06
        dvar2: 1.30284297484e-05
        max: 0.0184639375657
        mean: 0.00364803033881
        min: 6.06324057628e-09
        var: 9.12909399631e-06
    spectral_energyband_high:
        dmean: 4.03888298024e-05
        dmean2: 6.48464338155e-05
        dvar: 1.96192639912e-09
        dvar2: 4.570079426e-09
        max: 0.000403690704843
        mean: 0.000108779626316
        min: 6.0020766135e-11
        var: 5.24279819558e-09
    spectral_energyband_low:
        dmean: 0.000236770196352
        dmean2: 0.000391335692257
        dvar: 1.52681622012e-07
        dvar2: 4.34627679624e-07
        max: 0.0025459122844
        mean: 0.000394286849769
        min: 2.2471793315e-09
        var: 2.56960788647e-07
    spectral_energyband_middle_high:
        dmean: 0.000253663951298
        dmean2: 0.00036720209755
        dvar: 1.32960053634e-07
        dvar2: 2.67758139216e-07
        max: 0.00424663955346
        mean: 0.000758500071242
        min: 3.34048955164e-10
        var: 4.46962673095e-07
    spectral_energyband_middle_low:
        dmean: 0.00160399312153
        dmean2: 0.00243310630322
        dvar: 5.00480609844e-06
        dvar2: 1.15275943244e-05
        max: 0.0138845648617
        mean: 0.00238644657657
        min: 2.9794842149e-09
        var: 6.98669646226e-06
    spectral_flatness_db:
        dmean: 0.024046190083
        dmean2: 0.0374252088368
        dvar: 0.000617760117166
        dvar2: 0.00144507840741
        max: 0.338352262974
        mean: 0.17616327107
        min: 0.11312443763
        var: 0.0018473615637
    spectral_flux:
        dmean: 0.0121838003397
        dmean2: 0.0191950425506
        dvar: 0.000170829647686
        dvar2: 0.000412321358453
        max: 0.110284872353
        mean: 0.0365028679371
        min: 7.78668108978e-05
        var: 0.000379063596483
    spectral_kurtosis:
        dmean: 1.41753482819
        dmean2: 2.44478535652
        dvar: 2.20605230331
        dvar2: 6.29587221146
        max: 13.1940250397
        mean: 3.92136240005
        min: 0.597250699997
        var: 3.97828578949
    spectral_rms:
        dmean: 0.000436218659161
        dmean2: 0.00062340387376
        dvar: 2.3586306952e-07
        dvar2: 5.13047154982e-07
        max: 0.00424424279481
        mean: 0.00175237713847
        min: 2.4321507226e-06
        var: 4.88228806717e-07
    spectral_rolloff:
        dmean: 639.30090332
        dmean2: 1057.57971191
        dvar: 657593.5625
        dvar2: 1528782.875
        max: 4220.5078125
        mean: 2176.69824219
        min: 172.265625
        var: 1793696.875
    spectral_skewness:
        dmean: 0.231092378497
        dmean2: 0.364548265934
        dvar: 0.0432350561023
        dvar2: 0.112195909023
        max: 2.69613218307
        mean: 1.39802408218
        min: 0.631773173809
        var: 0.143448755145
    spectral_spread:
        dmean: 465418.84375
        dmean2: 650231.9375
        dvar: 1.86528484557e+12
        dvar2: 1.99991033856e+12
        max: 24165508
        mean: 4179259.5
        min: 2046853.875
        var: 2.08769581056e+12
    spectral_strongpeak:
        dmean: 0.250781148672
        dmean2: 0.424855232239
        dvar: 0.186070874333
        dvar2: 0.491154760122
        max: 4.32990407944
        mean: 0.334206044674
        min: 0
        var: 0.176734849811
    zerocrossingrate:
        dmean: 0.0117629328743
        dmean2: 0.0137241100892
        dvar: 9.88344472717e-05
        dvar2: 0.000142308766954
        max: 0.1474609375
        mean: 0.0722735375166
        min: 0.0126953125
        var: 0.000917189230677
    barkbands:
        dmean: [2.20545658181e-07, 4.8910973419e-05, 0.000208347395528, 0.000372771086404, 0.000999491778202, 0.00035974624916, 0.000158935727086, 9.17185388971e-05, 8.50466312841e-05, 6.68031643727e-05, 2.37031108554e-05, 2.25232088269e-05, 1.89365036931e-05, 2.40602494159e-05, 3.21683728544e-05, 3.74577466573e-05, 4.21468030254e-05, 7.4496405432e-05, 8.79131839611e-05, 4.00772005378e-05, 2.19608828047e-05, 5.64304809814e-06, 7.98688404302e-07, 2.10899273156e-07, 1.0882549617e-07, 5.71896618951e-09, 1.85095883065e-09]
        dmean2: [3.17294393426e-07, 7.88530087448e-05, 0.00034646759741, 0.000627343193628, 0.00163254002109, 0.000587543705478, 0.000269329117145, 0.000149637271534, 0.000131744964165, 0.00011100982374, 3.83363185392e-05, 3.58186916856e-05, 3.14140488626e-05, 4.01204924856e-05, 4.5923738071e-05, 5.87540453125e-05, 6.58917924738e-05, 0.000122917306726, 0.000141884345794, 6.35434189462e-05, 3.54504263669e-05, 9.09315986064e-06, 1.18706350349e-06, 3.02412246356e-07, 1.59899045116e-07, 7.65730678864e-09, 1.96346960912e-09]
        dvar: [1.02810277381e-13, 4.94715379773e-09, 1.28223987872e-07, 4.98891495226e-07, 2.88618934974e-06, 5.06962578584e-07, 1.42727870411e-07, 2.21669029798e-08, 3.78955711255e-08, 3.82857443526e-08, 8.92068285907e-09, 3.30156879613e-09, 3.84718612523e-09, 4.25316803998e-09, 8.69577032603e-09, 2.75818878848e-09, 5.01177055412e-09, 1.23844898781e-08, 1.0419975105e-08, 2.36006281185e-09, 7.18035297886e-10, 4.89500523448e-11, 9.6022766561e-13, 1.01663652269e-13, 2.12824244718e-14, 1.13636224962e-15, 1.26892735279e-15]
        dvar2: [1.81035050774e-13, 1.31196760123e-08, 3.63168481954e-07, 1.26165298298e-06, 7.27531596567e-06, 1.17479658002e-06, 3.84515971064e-07, 5.67722366895e-08, 8.18986052309e-08, 1.03603291279e-07, 2.16730899893e-08, 7.85687515048e-09, 9.52599155113e-09, 1.00906847322e-08, 1.81704908897e-08, 6.80459866231e-09, 1.38464466559e-08, 3.34610064101e-08, 2.55734189381e-08, 5.97772542577e-09, 1.7273028563e-09, 1.24383850442e-10, 2.27170561008e-12, 2.26561214993e-13, 4.37188601835e-14, 1.16363215772e-15, 1.27162557624e-15]
        max: [3.70892325918e-06, 0.000592327793129, 0.00236267899163, 0.00602364074439, 0.011898195371, 0.00604533031583, 0.00441513350233, 0.001874769805, 0.00316554680467, 0.00238312548026, 0.00160809210502, 0.000868626404554, 0.000825417693704, 0.000979609088972, 0.0014184108004, 0.000432574364822, 0.00095351121854, 0.00134012463968, 0.00104927876964, 0.000847848132253, 0.000267650379101, 5.10053469043e-05, 1.09886250357e-05, 2.95151085083e-06, 1.5250427623e-06, 6.9664753255e-07, 7.4052849186e-07]
        mean: [3.69639565179e-07, 7.92918217485e-05, 0.000314642733429, 0.000464566255687, 0.00106932059862, 0.000418265146436, 0.000181859519216, 0.000121028591821, 0.000119671145512, 7.3664370575e-05, 2.79225660051e-05, 3.48859430233e-05, 2.52714889939e-05, 3.57547287422e-05, 5.0343136536e-05, 5.89689043409e-05, 7.85183146945e-05, 0.000143508645124, 0.000185739132576, 0.000100049190223, 4.99816778756e-05, 1.18320640468e-05, 1.84807970527e-06, 4.6355475547e-07, 2.53419756291e-07, 1.00562447258e-08, 1.83401127618e-09]
        min: [3.33914368378e-10, 1.18163345775e-09, 6.296718702e-10, 5.04715491623e-10, 9.38503497139e-10, 7.13639480843e-10, 4.90932738906e-10, 2.53765064517e-10, 7.19746623412e-11, 4.60900553834e-11, 1.28926513562e-11, 3.19617353417e-11, 3.50214475475e-11, 6.45752548656e-12, 9.97205616693e-12, 4.63527376204e-11, 3.02979794031e-11, 8.84358766773e-11, 3.14046080807e-11, 1.24276196972e-11, 1.94182760149e-11, 1.03944899563e-11, 5.19257206677e-12, 4.18687263679e-12, 3.17607420398e-12, 3.2102484733e-12, 8.79502579706e-13]
        var: [2.10479623639e-13, 7.47382600252e-09, 2.12008018252e-07, 7.1565818871e-07, 2.93191465062e-06, 5.40932489912e-07, 1.45058677958e-07, 2.68367408296e-08, 7.93851100411e-08, 3.28409832662e-08, 8.6257223586e-09, 4.69460736952e-09, 4.35845226576e-09, 7.24583681944e-09, 1.35338833473e-08, 4.59581839252e-09, 1.03628190473e-08, 2.18700861865e-08, 2.72877844765e-08, 7.5949557754e-09, 1.38828626373e-09, 9.15693215697e-11, 2.27779709157e-12, 2.14213724341e-13, 6.37405980861e-14, 1.15783284077e-15, 1.26608746307e-15]
    mfcc:
        mean: [-754.842163086, 130.182022095, -36.3777122498, 76.8883666992, -18.216676712, -9.39392757416, -7.08467769623, -4.524330616, -4.38479661942, -5.35155391693, -5.51039171219, -7.34182929993, -5.56946086884]
        cov: [[2905.24169922, -187.257400513, -367.441772461, -529.198608398, -112.647201538, -76.6328659058, -73.007484436, -175.893997192, -105.647598267, -65.3030853271, -98.585319519, -127.312171936, -85.7464828491], [-187.257400513, 785.214233398, 62.8519172668, 42.8399124146, 43.3481369019, 94.226852417, -66.3057174683, -25.869884491, 7.20031166077, -69.7753753662, -94.4226531982, 5.17748355865, 7.05804300308], [-367.441772461, 62.8519172668, 342.981079102, 235.319702148, 49.0852851868, 26.1104679108, 37.9362297058, 33.8777275085, 0.813384532928, 4.93534851074, 20.5346260071, 7.40540599823, 7.78416347504], [-529.198608398, 42.8399124146, 235.319702148, 426.209442139, 59.7081451416, 55.2492485046, 58.7023277283, 74.1641311646, 26.6046295166, 37.449924469, 27.0859050751, 2.82458639145, 17.8232803345], [-112.647201538, 43.3481369019, 49.0852851868, 59.7081451416, 114.274871826, 37.9587860107, 23.2922706604, 15.4772367477, 5.62258768082, 9.85133552551, 8.54487609863, -1.22127711773, -11.7542009354], [-76.6328659058, 94.226852417, 26.1104679108, 55.2492485046, 37.9587860107, 98.2384796143, 26.5068283081, 14.4698753357, 6.21394300461, -10.4026889801, -18.1028747559, -2.4746696949, 4.09107446671], [-73.007484436, -66.3057174683, 37.9362297058, 58.7023277283, 23.2922706604, 26.5068283081, 82.4343948364, 39.1834182739, -5.4234213829, 8.4146604538, 19.3579864502, -1.13087618351, -0.27982327342], [-175.893997192, -25.869884491, 33.8777275085, 74.1641311646, 15.4772367477, 14.4698753357, 39.1834182739, 80.1402282715, 43.5109939575, 26.862947464, 19.3897762299, 11.7924203873, 9.95725917816], [-105.647598267, 7.20031166077, 0.813384532928, 26.6046295166, 5.62258768082, 6.21394300461, -5.4234213829, 43.5109939575, 91.1839294434, 44.6919631958, 7.31886196136, 19.104637146, 10.3281269073], [-65.3030853271, -69.7753753662, 4.93534851074, 37.449924469, 9.85133552551, -10.4026889801, 8.4146604538, 26.862947464, 44.6919631958, 70.7051544189, 38.3298301697, 15.4994115829, 4.97675228119], [-98.585319519, -94.4226531982, 20.5346260071, 27.0859050751, 8.54487609863, -18.1028747559, 19.3579864502, 19.3897762299, 7.31886196136, 38.3298301697, 72.5425262451, 28.0763645172, 9.67039775848], [-127.312171936, 5.17748355865, 7.40540599823, 2.82458639145, -1.22127711773, -2.4746696949, -1.13087618351, 11.7924203873, 19.104637146, 15.4994115829, 28.0763645172, 51.6651878357, 27.5702400208], [-85.7464828491, 7.05804300308, 7.78416347504, 17.8232803345, -11.7542009354, 4.09107446671, -0.27982327342, 9.95725917816, 10.3281269073, 4.97675228119, 9.67039775848, 27.5702400208, 54.1069908142]]
        icov: [[0.000547693809494, 8.00837151473e-05, 0.000133357767481, 0.000499267363921, 0.00018690439174, -5.10733480041e-05, -0.000205013377126, 0.000639476289507, 8.30522694741e-05, -0.00035840892815, 0.000231069047004, 0.00108625926077, 2.19003650272e-05], [8.00837151473e-05, 0.00209282804281, -0.000337018253049, -0.000121920849779, -0.000605606997851, -0.00164867553394, 0.00213880138472, -0.000155106943566, -0.000118335206935, 0.00114410242531, 0.0020755387377, -0.00156657071784, 0.000319905608194], [0.000133357767481, -0.000337018253049, 0.00509402854368, -0.00272645289078, -0.000792212260421, 0.00105190533213, -0.00104259850923, 0.000880276900716, -0.000308158108965, 0.00177895987872, -0.00107452087104, -0.000403751590056, 0.000294507655781], [0.000499267363921, -0.000121920849779, -0.00272645289078, 0.0053613842465, -0.000158534603543, -0.00158469995949, -0.000158428840223, -0.00230874610133, 0.00128619407769, -0.00303505826741, 9.14945703698e-05, 0.0030086315237, -0.00157303048763], [0.00018690439174, -0.000605606997851, -0.000792212260421, -0.000158534603543, 0.0118145970628, -0.00392955029383, -0.00135959673207, 0.000245805713348, 0.000271096272627, -0.00186630000826, -0.0019283152651, 0.000163605538546, 0.00373403634876], [-5.10733480041e-05, -0.00164867553394, 0.00105190533213, -0.00158469995949, -0.00392955029383, 0.0166592039168, -0.00706888362765, 0.00172654027119, -0.00266779214144, 0.0022149910219, 0.00366368796676, -0.000417101255152, -0.00209952355362], [-0.000205013377126, 0.00213880138472, -0.00104259850923, -0.000158428840223, -0.00135959673207, -0.00706888362765, 0.024665441364, -0.0136922718957, 0.00854064058512, -0.000753060856368, -0.00250068120658, 0.000588168215472, 0.00107098906301], [0.000639476289507, -0.000155106943566, 0.000880276900716, -0.00230874610133, 0.000245805713348, 0.00172654027119, -0.0136922718957, 0.0299220196903, -0.0154056819156, 0.00335713964887, -0.00344305019826, 0.00206828233786, -0.00179358094465], [8.30522694741e-05, -0.000118335206935, -0.000308158108965, 0.00128619407769, 0.000271096272627, -0.00266779214144, 0.00854064058512, -0.0154056819156, 0.0281526762992, -0.018024014309, 0.0100642759353, -0.00729139102623, 0.00110811158083], [-0.00035840892815, 0.00114410242531, 0.00177895987872, -0.00303505826741, -0.00186630000826, 0.0022149910219, -0.000753060856368, 0.00335713964887, -0.018024014309, 0.0354275107384, -0.0163664333522, 0.0028682819102, 0.000477450405015], [0.000231069047004, 0.0020755387377, -0.00107452087104, 9.14945703698e-05, -0.0019283152651, 0.00366368796676, -0.00250068120658, -0.00344305019826, 0.0100642759353, -0.0163664333522, 0.0337043739855, -0.0170267466456, 0.00238103000447], [0.00108625926077, -0.00156657071784, -0.000403751590056, 0.0030086315237, 0.000163605538546, -0.000417101255152, 0.000588168215472, 0.00206828233786, -0.00729139102623, 0.0028682819102, -0.0170267466456, 0.041349131614, -0.0162160154432], [2.19003650272e-05, 0.000319905608194, 0.000294507655781, -0.00157303048763, 0.00373403634876, -0.00209952355362, 0.00107098906301, -0.00179358094465, 0.00110811158083, 0.000477450405015, 0.00238103000447, -0.0162160154432, 0.0278381016105]]
    spectral_contrast:
        mean: [2.80785144469e-07, 3.98752661113e-07, -4.54765682889e-07, -3.16942873724e-07, 2.29864212997e-07, -3.64104010941e-07, 1.98423458642e-06, 2.29615852732e-06, 5.03845512867e-06, 1.34110450745e-06, 2.3563841296e-06, -3.99930604544e-06]
        var: [0.000357204087777, 0.000575031968765, 0.00110203237273, 0.00229343445972, 0.0033840299584, 0.00734566664323, 0.0680347532034, 0.0728586241603, 0.123681500554, 0.242377623916, 0.422148942947, 1.95855557919]

rhythm:
    beats_loudness:
        dmean: 0.00360442674719
        dmean2: 0.00604185881093
        dvar: 3.52314395968e-06
        dvar2: 1.70895345946e-05
        max: 0.0134158264846
        mean: 0.00582816079259
        min: 0.000947320368141
        var: 1.06505958684e-05
    beats_loudness_bass:
        dmean: 0.21126139164
        dmean2: 0.37610450387
        dvar: 0.0219966210425
        dvar2: 0.0367286913097
        max: 0.620327949524
        mean: 0.156263425946
        min: 0.00375313102268
        var: 0.0349067784846
    bpm: 103.091903687
    bpm_confidence: 0
    first_peak_bpm: 102
    first_peak_spread: 0.375
    first_peak_weight: 0.625
    onset_rate: 5.08422851562
    second_peak_bpm: 0
    second_peak_spread: 0
    second_peak_weight: 0
    beats_position: [0.0592455938458, 0.645028650761, 1.23081171513, 1.81659471989, 2.40237760544, 2.98816084862, 3.57394385338, 4.15972661972, 4.74550962448, 5.33129262924, 5.917075634, 6.53145694733, 7.10872459412, 7.68599176407, 8.26325893402, 8.84052658081, 9.4177942276]
    bpm_estimates: [102.754707336, 102.386238098, 102.355171204, 103.655807495, 101.78578186, 103.305847168, 101.852279663, 102.086021423, 101.697906494, 104.204948425, 103.308609009, 103.210754395, 103.717750549, 104.469108582, 103.644935608, 105.034721375]
    bpm_intervals: [0.585783064365, 0.585783064365, 0.585783004761, 0.585782885551, 0.585783243179, 0.585783004761, 0.585782766342, 0.585783004761, 0.585783004761, 0.585783004761, 0.614381313324, 0.57726764679, 0.577267169952, 0.577267169952, 0.57726764679, 0.57726764679]
    onset_times: [0.0580498874187, 0.31346938014, 0.476009070873, 0.615328788757, 0.789478480816, 0.9287981987, 1.05650794506, 1.20743763447, 1.38158726692, 1.79954648018, 2.08979582787, 2.2523355484, 2.40326523781, 2.4497051239, 2.69351482391, 2.85605430603, 2.89088439941, 2.9837641716, 3.28562355042, 3.43655323982, 3.5758728981, 3.73841261864, 4.01705217361, 4.15637207031, 4.31891155243, 4.446621418, 4.60916090012, 5.18966007233, 5.630838871, 6.04879808426, 6.13006782532, 6.53641700745, 6.64090681076, 6.72217702866, 6.81505680084, 6.91954660416, 7.00081634521, 7.12852621078, 7.4303855896, 7.72063493729, 8.01088428497, 8.17342376709, 8.3011341095, 8.46367359161, 8.59138298035, 8.74231338501, 8.87002277374, 9.16027164459, 9.50857162476, 9.78721046448, 10.0310201645]
    rubato_start: []
    rubato_stop: []
    perceptual_tempo: "unknown"

sfx:
    inharmonicity:
        dmean: 0.0394257493317
        dmean2: 0.0704165250063
        dvar: 0.00222392147407
        dvar2: 0.00637959083542
        max: 0.340238809586
        mean: 0.0376013480127
        min: 4.0585440729e-05
        var: 0.0020769003313
    oddtoevenharmonicenergyratio:
        dmean: 8.1558265686
        dmean2: 16.0421123505
        dvar: 3407.93017578
        dvar2: 10189.0107422
        max: 794.017578125
        mean: 4.422498703
        min: 0.000116544462799
        var: 1734.7244873
    pitch_after_max_to_before_max_energy_ratio: 0.161168828607
    pitch_centroid: 198.036590576
    pitch_max_to_total: 0.91435188055
    pitch_min_to_total: 0.49074074626
    tristimulus:
        dmean: [0.230540245771, 0.279623866081, 0.113882623613]
        dmean2: [0.396530836821, 0.496154725552, 0.199036642909]
        dvar: [0.035810854286, 0.0566187091172, 0.0124978767708]
        dvar2: [0.0956275388598, 0.159424692392, 0.0331160910428]
        max: [0.979032576084, 0.984891653061, 0.568320691586]
        mean: [0.431291401386, 0.3786008358, 0.10841716826]
        min: [0.0119560323656, 0, 0]
        var: [0.0686786770821, 0.0740761756897, 0.0144407320768]

tonal:
    chords_changes_rate: 0.110599078238
    chords_number_rate: 0.0322580635548
    chords_strength:
        dmean: 0.0113246599212
        dmean2: 0.0148689066991
        dvar: 8.83560205693e-05
        dvar2: 0.000155866946443
        max: 0.671558916569
        mean: 0.521369993687
        min: 0.292225122452
        var: 0.00805204920471
    key_strength: 0.566348731518
    tuning_diatonic_strength: 0.483124911785
    tuning_equal_tempered_deviation: 0.201849460602
    tuning_frequency: 450.284484863
    tuning_nontempered_energy_ratio: 0.879248738289
    hpcp:
        dmean: [0.237735360861, 0.216633245349, 0.180517852306, 0.195211306214, 0.212450131774, 0.161733224988, 0.135939642787, 0.16098369658, 0.158662319183, 0.171999156475, 0.137037694454, 0.183240607381, 0.162769317627, 0.138529494405, 0.122687384486, 0.15518130362, 0.159059241414, 0.168902337551, 0.159749016166, 0.113661207259, 0.0857837051153, 0.104111634195, 0.120877891779, 0.134751424193, 0.157511815429, 0.184088408947, 0.188369303942, 0.221147671342, 0.258124440908, 0.226101219654, 0.168682381511, 0.153721317649, 0.143200010061, 0.143276333809, 0.16509129107, 0.195819675922]
        dmean2: [0.440055042505, 0.393798619509, 0.329624384642, 0.351058930159, 0.377796202898, 0.288420140743, 0.248357012868, 0.289448171854, 0.28885525465, 0.312503665686, 0.245805695653, 0.341251760721, 0.291735053062, 0.250185638666, 0.221381992102, 0.273834943771, 0.28380459547, 0.308734506369, 0.287741988897, 0.200327247381, 0.151134297252, 0.188612252474, 0.225971341133, 0.240701809525, 0.272951602936, 0.326091557741, 0.34154522419, 0.391021132469, 0.453816473484, 0.396431595087, 0.298207938671, 0.278671979904, 0.250837415457, 0.25258782506, 0.289357304573, 0.355517268181]
        dvar: [0.0902059748769, 0.0785113275051, 0.0547086000443, 0.0638667717576, 0.0516550689936, 0.0404824465513, 0.0355611145496, 0.0456460416317, 0.0422917120159, 0.0599238909781, 0.026453634724, 0.0502721257508, 0.0396884977818, 0.0272400844842, 0.0244532115757, 0.0416666567326, 0.0530019067228, 0.0567447915673, 0.055046826601, 0.0323368534446, 0.018284920603, 0.0291801076382, 0.0399801209569, 0.0428004004061, 0.0459027513862, 0.0586644262075, 0.051830291748, 0.0604760795832, 0.071065120399, 0.0605074502528, 0.0450607761741, 0.0538335740566, 0.0443296916783, 0.0422508902848, 0.047815579921, 0.055249068886]
        dvar2: [0.273530572653, 0.237933203578, 0.154892116785, 0.166906550527, 0.148969680071, 0.121263168752, 0.10548324883, 0.142388239503, 0.126248732209, 0.182598277926, 0.0743117704988, 0.130765244365, 0.10183250159, 0.0741819366813, 0.0664827153087, 0.113414131105, 0.138438180089, 0.152247473598, 0.142473384738, 0.0839439481497, 0.054210357368, 0.0820614919066, 0.117274954915, 0.121584258974, 0.115266606212, 0.156170919538, 0.155159682035, 0.172270417213, 0.16837400198, 0.154141783714, 0.127152308822, 0.151174902916, 0.12273285538, 0.111110918224, 0.124684430659, 0.165777653456]
        max: [1, 1, 1, 1, 1, 1, 1, 1, 1, 1, 1, 1, 1, 0.915031790733, 1, 1, 1, 1, 1, 1, 1, 1, 1, 1, 1, 1, 1, 1, 1, 1, 1, 1, 1, 1, 1, 1]
        mean: [0.243339970708, 0.217838272452, 0.17938350141, 0.218225210905, 0.21990711987, 0.163442522287, 0.145477324724, 0.151604577899, 0.147334650159, 0.153747141361, 0.152168691158, 0.195857152343, 0.243993401527, 0.179588153958, 0.117941774428, 0.15892380476, 0.178678929806, 0.158280625939, 0.162119030952, 0.123251564801, 0.0844984352589, 0.102433688939, 0.111151464283, 0.121779948473, 0.16688773036, 0.192078977823, 0.189502924681, 0.273077905178, 0.36152908206, 0.300330251455, 0.195230305195, 0.151659563184, 0.146882429719, 0.166225850582, 0.17935974896, 0.197040960193]
        min: [0, 0, 0, 0, 0, 0, 0, 0, 0, 0, 0, 0, 0, 0, 0, 0, 0, 0, 0, 0, 0, 0, 0, 0, 0, 0, 0, 0, 0, 0, 0, 0, 0, 0, 0, 0]
        var: [0.0938769504428, 0.0729698166251, 0.0504323467612, 0.0722104236484, 0.0618136450648, 0.0352978669107, 0.0309167262167, 0.0396041050553, 0.0405099801719, 0.0553917847574, 0.0391266420484, 0.0497049875557, 0.0763636827469, 0.0412154868245, 0.0218784846365, 0.0473931655288, 0.0628387182951, 0.050412222743, 0.0647510811687, 0.0439768843353, 0.0147167947143, 0.0278144720942, 0.0316192395985, 0.0341652333736, 0.0503837950528, 0.0660395845771, 0.0468979664147, 0.0761557966471, 0.121805757284, 0.0940450131893, 0.0545916929841, 0.0492145009339, 0.0397135578096, 0.045849211514, 0.0500426068902, 0.054793279618]
    chords_histogram: [21.6589870453, 3.22580647469, 0, 0, 0, 0, 5.5299539566, 18.4331798553, 0, 0, 0, 0, 0, 0, 0, 0, 0, 11.0599079132, 0, 0, 0, 0.460829496384, 28.1105995178, 11.520737648]
    thpcp: [1, 0.830722272396, 0.540012717247, 0.419494777918, 0.406281083822, 0.459785550833, 0.496114313602, 0.545021057129, 0.673085451126, 0.602547049522, 0.496179997921, 0.603617310524, 0.608269512653, 0.452086776495, 0.402394533157, 0.419342696667, 0.407531946898, 0.42526909709, 0.42090305686, 0.541746616364, 0.674892902374, 0.496746093035, 0.326230406761, 0.439587891102, 0.494231134653, 0.437808841467, 0.448425978422, 0.340917438269, 0.233725145459, 0.283334583044, 0.307448208332, 0.336846888065, 0.461616337299, 0.53129607439, 0.524170637131, 0.755341470242]
    chords_key: "B"
    chords_scale: "minor"
    key_key: "F#"
    key_scale: "minor"
    chords_progression: ["Bm", "Bm", "Bm", "Bm", "Bm", "Bm", "Bm", "Bm", "Bm", "Bm", "Bm", "Bm", "Bm", "Bm", "Bm", "Bm", "Bm", "Bm", "Bm", "Bm", "Bm", "Bm", "Bm", "Bm", "Bm", "Bm", "Bm", "Bm", "Bm", "Bm", "D#m", "Bm", "Bm", "D#m", "D#m", "D#m", "D#m", "D#m", "D#m", "D#m", "D#m", "D#m", "D#m", "D", "D#m", "D", "D", "D", "D", "Bm", "Bm", "Bm", "Bm", "Bm", "Bm", "Bm", "D", "D", "D", "D", "D", "D", "D", "D", "D", "D", "D", "D", "D", "F#m", "F#m", "F#m", "F#m", "F#m", "F#m", "F#m", "F#m", "F#m", "F#m", "F#m", "F#m", "F#m", "F#m", "F#m", "D", "Bm", "Bm", "Bm", "Bm", "Bm", "Bm", "D", "D", "D", "Bm", "Bm", "Bm", "Bm", "Bm", "Bm", "Bm", "Bm", "Bm", "Bm", "Bm", "Bm", "Bm", "Bm", "G", "D", "D", "Bm", "Bm", "D", "F", "F", "F", "F", "F", "F", "F", "F", "F", "F", "F", "F", "F", "F", "F", "F", "F", "F", "F", "F", "F", "F", "F", "F", "F#m", "F#m", "F#m", "F#m", "F#", "F#", "F#", "F#", "F#", "F#", "F#", "F#m", "F#m", "F#m", "F#m", "F#", "F#", "F#", "F#", "F#", "F#", "F#", "F#", "F#", "F#", "F#", "F#", "F#", "F#", "F#", "F#", "F#", "F#", "F#", "F#", "F#", "F#", "F#", "F#", "F#", "F#", "F#", "F#", "F#", "F#", "F#", "F#", "F#", "F#m", "F#m", "F#m", "F#m", "F#m", "F#m", "F#m", "F#m", "F#m", "F#m", "F#m", "F#m", "F#m", "F#m", "F#m", "F#m", "F#m", "F#m", "F#m", "F#m", "F#m", "F#m", "F#m", "F#m", "A", "A", "A", "A", "A", "A", "A"]
