
metadata:
    version:
        essentia: "1.2.2"
    audio_properties:
        analysis_sample_rate: 44100
        bitrate: 128
        channels: 2
        equal_loudness: 1
        length: 10.0048980713
        replay_gain: -8.92152404785
        downmix: "mix"
    tags:
        track: 28
        year: 0
        album: "Splitted by Mp3Splt v. 2.1"
        artist: "From 004.30 To 004.40"
        comment: "http://mp3splt.sf.net"
        genre: ""
        title: "14 Feel Up [Salt City Orchestr"

highlevel:
    ballroom:
        all:
            ChaChaCha: 0.301940441132
            Jive: 0.0611259564757
            Quickstep: 0.00247223256156
            Rumba-American: 0.000509697536472
            Rumba-International: 0.00891847163439
            Rumba-Misc: 0.0023326491937
            Samba: 0.622280240059
            Tango: 8.81001178641e-05
            VienneseWaltz: 0.000151068205014
            Waltz: 0.000181159659405
        probability: 0.622280240059
        value: "Samba"
    culture:
        all:
            non_western: 0.756863772869
            western: 0.243136227131
        probability: 0.756863772869
        value: "non_western"
    gender:
        all:
            female: 0.815226256847
            male: 0.184773743153
        probability: 0.815226256847
        value: "female"
    genre_dortmund:
        all:
            alternative: 0.00456788344309
            blues: 0.0151700889692
            electronic: 0.363164633512
            folkcountry: 0.00361061375588
            funksoulrnb: 0.0179678518325
            jazz: 0.270537078381
            pop: 0.0293395575136
            raphiphop: 0.269939750433
            rock: 0.0257025510073
        probability: 0.363164633512
        value: "electronic"
    genre_electronica:
        all:
            ambient: 0.0287643559277
            dnb: 0.131109043956
            house: 0.700877189636
            techno: 0.0952323526144
            trance: 0.0440170615911
        probability: 0.700877189636
        value: "house"
    genre_rosamerica:
        all:
            cla: 0.00714095495641
            dan: 0.674108982086
            hip: 0.203055039048
            jaz: 0.0235246792436
            pop: 0.00861644465476
            rhy: 0.0706178247929
            roc: 0.00823693908751
            spe: 0.00469915382564
        probability: 0.674108982086
        value: "dan"
    genre_tzanetakis:
        all:
            blu: 0.00493001798168
            cla: 0.00327191362157
            cou: 0.00391342351213
            dis: 0.0299920402467
            hip: 0.484157174826
            jaz: 0.0169392097741
            met: 0.0210181307048
            pop: 0.281313419342
            reg: 0.118694536388
            roc: 0.0357701219618
        probability: 0.484157174826
        value: "hip"
    live_studio:
        all:
            live: 0.257218241692
            studio: 0.742781758308
        probability: 0.742781758308
        value: "studio"
    mood:
        all:
            Cluster1: 0.345470398664
            Cluster2: 0.135130316019
            Cluster3: 0.0200071949512
            Cluster4: 0.0668577328324
            Cluster5: 0.432534366846
        probability: 0.432534366846
        value: "Cluster5"
    mood_acoustic:
        all:
            acoustic: 0.067808791995
            not_acoustic: 0.932191193104
        probability: 0.932191193104
        value: "not_acoustic"
    mood_aggressive:
        all:
            aggressive: 0.216111242771
            not_aggressive: 0.783888757229
        probability: 0.783888757229
        value: "not_aggressive"
    mood_electronic:
        all:
            electronic: 0.993041396141
            not_electronic: 0.00695862108842
        probability: 0.993041396141
        value: "electronic"
    mood_happy:
        all:
            happy: 0.129647478461
            not_happy: 0.870352506638
        probability: 0.870352506638
        value: "not_happy"
    mood_party:
        all:
            not_party: 0.251712113619
            party: 0.748287856579
        probability: 0.748287856579
        value: "party"
    mood_relaxed:
        all:
            not_relaxed: 0.401904255152
            relaxed: 0.598095715046
        probability: 0.598095715046
        value: "relaxed"
    mood_sad:
        all:
            not_sad: 0.764272034168
            sad: 0.235727965832
        probability: 0.764272034168
        value: "not_sad"
    rhythm:
        all:
            fast: 0.224373489618
            medium: 0.761556863785
            slow: 0.0140696521848
        probability: 0.761556863785
        value: "medium"
    speech_music:
        all:
            music: 0.999653697014
            speech: 0.000346275628544
        probability: 0.999653697014
        value: "music"
    timbre:
        all:
            bright: 0.0754439085722
            dark: 0.924556076527
        probability: 0.924556076527
        value: "dark"
    voice_instrumental:
        all:
            instrumental: 0.518347263336
            voice: 0.481652736664
        probability: 0.518347263336
        value: "instrumental"

lowlevel:
    average_loudness: 0.936872065067
    barkbands_kurtosis:
        dmean: 4.55082941055
        dmean2: 7.561024189
        dvar: 90.7999649048
        dvar2: 236.560241699
        max: 71.9395294189
        mean: 3.38532876968
        min: -1.91107296944
        var: 101.275215149
    barkbands_skewness:
        dmean: 0.927748739719
        dmean2: 1.36242997646
        dvar: 1.15586650372
        dvar2: 2.73297643661
        max: 7.94339942932
        mean: 0.897711575031
        min: -3.29111623764
        var: 3.50819182396
    barkbands_spread:
        dmean: 10.5086221695
        dmean2: 15.1973104477
        dvar: 113.265914917
        dvar2: 232.156402588
        max: 82.3976669312
        mean: 34.5552482605
        min: 2.51071691513
        var: 331.677642822
    dissonance:
        dmean: 0.0132771944627
        dmean2: 0.0218258593231
        dvar: 0.000250571087236
        dvar2: 0.000578322447836
        max: 0.499431371689
        mean: 0.471616029739
        min: 0.317625194788
        var: 0.000462854397483
    hfc:
        dmean: 1.81669700146
        dmean2: 2.41879272461
        dvar: 6.1154255867
        dvar2: 11.7971458435
        max: 24.1663513184
        mean: 3.64423799515
        min: 0.0163504183292
        var: 17.6261234283
    pitch:
        dmean: 919.558288574
        dmean2: 1784.34436035
        dvar: 1909889.375
        dvar2: 4454811
        max: 4410
        mean: 1788.22216797
        min: 74.8726654053
        var: 2856111.75
    pitch_instantaneous_confidence:
        dmean: 0.10660430789
        dmean2: 0.160026624799
        dvar: 0.00743701728061
        dvar2: 0.0177054759115
        max: 0.833790540695
        mean: 0.457151323557
        min: 0.127704441547
        var: 0.0227456837893
    pitch_salience:
        dmean: 0.0821408480406
        dmean2: 0.122997798026
        dvar: 0.00718178739771
        dvar2: 0.0164533704519
        max: 0.863195061684
        mean: 0.534283936024
        min: 0.117830000818
        var: 0.0179730914533
    silence_rate_20dB:
        dmean: 0
        dmean2: 0
        dvar: 0
        dvar2: 0
        max: 1
        mean: 1
        min: 1
        var: 0
    silence_rate_30dB:
        dmean: 0
        dmean2: 0
        dvar: 0
        dvar2: 0
        max: 1
        mean: 1
        min: 1
        var: 0
    silence_rate_60dB:
        dmean: 0.116009280086
        dmean2: 0.232558146119
        dvar: 0.102551221848
        dvar2: 0.19242888689
        max: 1
        mean: 0.703703701496
        min: 0
        var: 0.208504810929
    spectral_centroid:
        dmean: 439.089172363
        dmean2: 630.173156738
        dvar: 291806.90625
        dvar2: 602470
        max: 4519.98388672
        mean: 1478.25292969
        min: 101.666275024
        var: 1016012.9375
    spectral_complexity:
        dmean: 2.89767432213
        dmean2: 4.30069923401
        dvar: 24.1755828857
        dvar2: 42.4014091492
        max: 41
        mean: 6.29234361649
        min: 0
        var: 50.5920677185
    spectral_crest:
        dmean: 2.74665498734
        dmean2: 3.93565011024
        dvar: 6.647377491
        dvar2: 13.722987175
        max: 25.5028495789
        mean: 10.8924922943
        min: 3.26579117775
        var: 20.6876239777
    spectral_decrease:
        dmean: 4.18648143929e-10
        dmean2: 6.83199441465e-10
        dvar: 9.28280798368e-19
        dvar2: 2.42613955498e-18
        max: -1.00228061527e-12
        mean: -7.09523051423e-10
        min: -8.57369375495e-09
        var: 9.31050819445e-19
    spectral_energy:
        dmean: 0.00171563145705
        dmean2: 0.00275215599686
        dvar: 1.42023291119e-05
        dvar2: 3.66968015442e-05
        max: 0.0342275239527
        mean: 0.00300844595768
        min: 5.26588473804e-06
        var: 1.51739304783e-05
    spectral_energyband_high:
        dmean: 0.000139354597195
        dmean2: 0.000199744972633
        dvar: 3.57277230023e-08
        dvar2: 7.31878202487e-08
        max: 0.00153215671889
        mean: 0.000232379024965
        min: 1.02097806121e-06
        var: 8.52483381664e-08
    spectral_energyband_low:
        dmean: 0.000364979030564
        dmean2: 0.00059756054543
        dvar: 6.06528317348e-07
        dvar2: 1.67192342815e-06
        max: 0.00571163464338
        mean: 0.000481178343762
        min: 8.88049278558e-09
        var: 5.45802151919e-07
    spectral_energyband_middle_high:
        dmean: 0.000424554571509
        dmean2: 0.000576301594265
        dvar: 5.85937527831e-07
        dvar2: 1.00710269635e-06
        max: 0.00919946562499
        mean: 0.000808615644928
        min: 1.36485789426e-06
        var: 1.58867828759e-06
    spectral_energyband_middle_low:
        dmean: 0.00119667104445
        dmean2: 0.00216575572267
        dvar: 1.14922822831e-05
        dvar2: 3.25406217598e-05
        max: 0.0271589867771
        mean: 0.00148624682333
        min: 4.14050532527e-07
        var: 8.37084371597e-06
    spectral_flatness_db:
        dmean: 0.0346968919039
        dmean2: 0.0486397519708
        dvar: 0.000876233563758
        dvar2: 0.00197460432537
        max: 0.362566411495
        mean: 0.195403933525
        min: 0.0764319598675
        var: 0.0032791858539
    spectral_flux:
        dmean: 0.0133873317391
        dmean2: 0.0201256144792
        dvar: 0.000440131727373
        dvar2: 0.000724990386516
        max: 0.143623948097
        mean: 0.0297753289342
        min: 0.00277178036049
        var: 0.000779633235652
    spectral_kurtosis:
        dmean: 1.1548179388
        dmean2: 1.83915984631
        dvar: 1.91232359409
        dvar2: 4.19095230103
        max: 12.5092868805
        mean: 2.03679537773
        min: -0.56388425827
        var: 3.21921014786
    spectral_rms:
        dmean: 0.000404203339713
        dmean2: 0.000596526020672
        dvar: 4.19433433763e-07
        dvar2: 9.75119860414e-07
        max: 0.0057786423713
        mean: 0.00146895495709
        min: 7.16759968782e-05
        var: 7.77242917138e-07
    spectral_rolloff:
        dmean: 874.397766113
        dmean2: 1444.58178711
        dvar: 1243233.625
        dvar2: 2411896.5
        max: 6653.75976562
        mean: 2797.61791992
        min: 64.599609375
        var: 2962280.5
    spectral_skewness:
        dmean: 0.252187609673
        dmean2: 0.382140398026
        dvar: 0.0710046738386
        dvar2: 0.141736090183
        max: 3.06984949112
        mean: 1.07134830952
        min: 0.311474114656
        var: 0.174722552299
    spectral_spread:
        dmean: 972886.625
        dmean2: 1379658.25
        dvar: 839872741376
        dvar2: 1.43625289728e+12
        max: 9721555
        mean: 5927045.5
        min: 2327556.75
        var: 2.47849654682e+12
    spectral_strongpeak:
        dmean: 0.192997559905
        dmean2: 0.320942401886
        dvar: 0.16555981338
        dvar2: 0.365308582783
        max: 3.47443151474
        mean: 0.325690954924
        min: 0.00692685740069
        var: 0.239114806056
    zerocrossingrate:
        dmean: 0.0170591846108
        dmean2: 0.019469788298
        dvar: 0.000250176410191
        dvar2: 0.000310816307319
        max: 0.2158203125
        mean: 0.0881965085864
        min: 0.01220703125
        var: 0.00175839429721
    barkbands:
        dmean: [2.19144862967e-06, 0.000199325455469, 0.000206458498724, 0.000491404091008, 0.000638175290078, 0.000112706198706, 2.70628097496e-05, 1.2933043763e-05, 1.87775876839e-05, 1.91481940419e-05, 4.73362670164e-05, 2.79067189695e-05, 1.74265096575e-05, 2.83517656499e-05, 2.32094425883e-05, 6.25230750302e-05, 7.47460435377e-05, 0.000111895358714, 9.41826874623e-05, 8.32853111206e-05, 6.44764077151e-05, 3.05595494865e-05, 7.96486619947e-06, 2.88354112854e-06, 1.03208162727e-06, 2.44198030686e-08, 2.24603238785e-10]
        dmean2: [2.5302620088e-06, 0.000298356200801, 0.000384150887839, 0.000927586632315, 0.00118156988174, 0.000171256295289, 4.55996232631e-05, 2.02238916245e-05, 2.95917798212e-05, 2.93545672321e-05, 7.63157295296e-05, 4.91340724693e-05, 2.50798220804e-05, 4.27646446042e-05, 3.50643094862e-05, 8.86906273081e-05, 0.000109436143248, 0.000181008887012, 0.000143843019032, 0.000124560174299, 9.36469223234e-05, 4.42571727035e-05, 1.16422879728e-05, 4.00376165999e-06, 1.47940238548e-06, 3.44932473695e-08, 3.25576787752e-10]
        dvar: [8.68768251783e-12, 1.15865269379e-07, 3.64275365428e-07, 2.33192008636e-06, 3.5011221371e-06, 3.8669163871e-08, 3.1838367498e-09, 1.17093035268e-09, 3.34727312534e-09, 2.79355205635e-09, 9.86352901577e-08, 8.22871282224e-09, 2.36363550954e-09, 9.74061187264e-09, 4.42807390755e-09, 3.01170786088e-08, 2.80885590342e-08, 4.48633272754e-08, 2.35566695039e-08, 1.48673260369e-08, 8.94726159828e-09, 2.62196420131e-09, 7.38194644301e-11, 8.63389134492e-12, 1.41935725326e-12, 8.84524478384e-16, 3.72481704579e-18]
        dvar2: [1.31345385956e-11, 2.95910780324e-07, 1.02756621345e-06, 6.63838909531e-06, 1.00443103292e-05, 1.10081565197e-07, 8.87885942547e-09, 2.83314571803e-09, 9.18349218892e-09, 5.95599392028e-09, 2.17092946286e-07, 2.21375398013e-08, 4.83876894108e-09, 2.0510240617e-08, 1.11673932324e-08, 4.73765346953e-08, 5.84058597042e-08, 1.07640261149e-07, 5.49301475417e-08, 3.34968781601e-08, 1.91607725242e-08, 6.00737726231e-09, 1.53853915719e-10, 1.67790260852e-11, 3.28871348557e-12, 1.83772395291e-15, 3.77182654719e-18]
        max: [3.55095544364e-05, 0.00260828994215, 0.00394667126238, 0.00942555628717, 0.0157564245164, 0.00343385734595, 0.000882184831426, 0.000354502670234, 0.000779775611591, 0.00047500806977, 0.00578189268708, 0.000884185079485, 0.000464628799818, 0.00174498895649, 0.000620719161816, 0.00128444877919, 0.00173535617068, 0.00387698691338, 0.00122891017236, 0.00128631060943, 0.0013230284676, 0.000377482181648, 6.52068774798e-05, 2.28684457397e-05, 8.80387688085e-06, 2.19989033212e-07, 4.0164295001e-08]
        mean: [3.49886727236e-06, 0.000347754830727, 0.000129953361466, 0.000295507197734, 0.000611438765191, 0.000472940941108, 6.58610879327e-05, 1.50202004079e-05, 2.08339588426e-05, 1.81130199053e-05, 5.19827517564e-05, 2.37941876549e-05, 1.91644576262e-05, 3.15498873533e-05, 2.75137444987e-05, 7.99675472081e-05, 0.000111845496576, 0.000275697995676, 0.000115227870992, 0.000131617925945, 0.000109689179226, 3.55029842467e-05, 9.45540250541e-06, 3.37721735377e-06, 1.11308145279e-06, 2.6932744035e-08, 2.18604953584e-10]
        min: [3.68686053909e-11, 2.09835882004e-09, 5.44818457016e-09, 1.85335693459e-08, 7.91312970705e-08, 7.80193403216e-08, 1.76275953834e-08, 1.55102650723e-08, 7.3419066382e-09, 1.33839801464e-08, 7.02594826762e-09, 1.53865773456e-08, 1.08997424419e-08, 1.53799248892e-08, 1.62928088798e-08, 3.96140578118e-08, 6.5358527479e-08, 1.75017731863e-07, 2.53099614156e-07, 3.85671398817e-07, 4.49941069292e-07, 6.97698183671e-08, 2.30597922979e-08, 2.79636336309e-09, 1.12467768432e-09, 2.42718969923e-11, 1.76930044509e-13]
        var: [2.89906033207e-11, 2.01714996706e-07, 2.18611887703e-07, 1.34701610932e-06, 2.27709642786e-06, 3.69439845826e-07, 8.57936655052e-09, 1.3628728146e-09, 4.52293713593e-09, 2.99304359075e-09, 1.3319957759e-07, 6.76670319777e-09, 2.95940760786e-09, 1.53265915515e-08, 6.06780803381e-09, 5.0960245801e-08, 5.72869431892e-08, 1.90720299997e-07, 3.00049443069e-08, 3.7354322302e-08, 2.4773559204e-08, 3.27273008693e-09, 1.15131480738e-10, 1.50020169898e-11, 1.89637281572e-12, 1.2867078449e-15, 3.74461933607e-18]
    mfcc:
        mean: [-793.409362793, 71.4330825806, -7.74511098862, 79.1408691406, -2.49037265778, -2.41923737526, -5.8382973671, -0.374186068773, -9.5053653717, -11.5387372971, -5.38919210434, 5.56365966797, -2.42685818672]
        cov: [[6435.1796875, 430.233795166, -841.552307129, -158.797637939, 50.6268081665, -199.432388306, -10.3726835251, -63.2003669739, 62.7857818604, -118.279373169, -15.5051822662, -98.0774612427, -57.3809242249], [430.233795166, 1393.88964844, -99.1375808716, 167.185241699, 233.560653687, -9.4836063385, 31.5042304993, 35.204864502, 8.91480922699, -132.618927002, -54.0528297424, 61.6074180603, -64.9254989624], [-841.552307129, -99.1375808716, 921.346496582, 522.241760254, 232.893692017, -37.920501709, -88.7050247192, 36.0519561768, -133.008544922, -86.3176269531, 15.4219207764, 92.3239440918, 38.1304016113], [-158.797637939, 167.185241699, 522.241760254, 864.440917969, 260.478240967, -304.221069336, -179.864028931, -24.3632068634, -136.473144531, -209.42855835, 11.7551259995, 228.628555298, 40.872959137], [50.6268081665, 233.560653687, 232.893692017, 260.478240967, 297.638671875, 109.904525757, 62.1953125, 115.753341675, 60.0739631653, 5.70469141006, 36.6772270203, 95.6786880493, 45.9451446533], [-199.432388306, -9.4836063385, -37.920501709, -304.221069336, 109.904525757, 664.799560547, 426.915283203, 233.293884277, 323.82989502, 371.772827148, 101.141571045, -113.113418579, 89.2775878906], [-10.3726835251, 31.5042304993, -88.7050247192, -179.864028931, 62.1953125, 426.915283203, 357.344970703, 189.157318115, 247.109939575, 270.163513184, 82.2458724976, -47.1992607117, 59.8943138123], [-63.2003669739, 35.204864502, 36.0519561768, -24.3632068634, 115.753341675, 233.293884277, 189.157318115, 193.01222229, 170.838500977, 151.588256836, 75.1604537964, 25.0618953705, 49.2501945496], [62.7857818604, 8.91480922699, -133.008544922, -136.473144531, 60.0739631653, 323.82989502, 247.109939575, 170.838500977, 275.860656738, 263.867218018, 88.9663314819, -21.8393917084, 55.0180625916], [-118.279373169, -132.618927002, -86.3176269531, -209.42855835, 5.70469141006, 371.772827148, 270.163513184, 151.588256836, 263.867218018, 343.341247559, 110.365127563, -52.597038269, 65.5344085693], [-15.5051822662, -54.0528297424, 15.4219207764, 11.7551259995, 36.6772270203, 101.141571045, 82.2458724976, 75.1604537964, 88.9663314819, 110.365127563, 86.7713012695, 31.8348445892, 35.7645072937], [-98.0774612427, 61.6074180603, 92.3239440918, 228.628555298, 95.6786880493, -113.113418579, -47.1992607117, 25.0618953705, -21.8393917084, -52.597038269, 31.8348445892, 150.509872437, 36.4561538696], [-57.3809242249, -64.9254989624, 38.1304016113, 40.872959137, 45.9451446533, 89.2775878906, 59.8943138123, 49.2501945496, 55.0180625916, 65.5344085693, 35.7645072937, 36.4561538696, 77.8608169556]]
        icov: [[0.000240560504608, 4.44510760644e-06, 0.000242066351348, 7.49194150558e-05, -0.000713807588909, 0.000772368279286, -0.000549885327928, 0.000312831543852, -0.000309657596517, 0.000386337575037, -0.000717371236533, 0.0010630217148, -0.000490749720484], [4.44510760644e-06, 0.00114002660848, 0.000399885873776, -0.000130119384266, -0.00118536432274, -0.000138257644721, -0.000622247054707, 0.000420385302277, -0.000348030851455, 0.00064260099316, 0.000621183484327, -0.000454756460385, 0.00152978510596], [0.000242066351348, 0.000399885873776, 0.00376639724709, -0.00248425058089, -0.00145870400593, -0.00173432135489, 0.00207233801484, -0.00367330480367, 0.00624993350357, -0.00336430617608, 0.000711286615115, 0.0017218478024, 0.000832654361147], [7.49194150558e-05, -0.000130119384266, -0.00248425058089, 0.00506149651483, -0.0031446677167, 0.00444538332522, -0.00347385485657, 0.00454999366775, -0.0048044915311, 0.00335379224271, -0.00271588633768, -0.000862097949721, -0.00271780719049], [-0.000713807588909, -0.00118536432274, -0.00145870400593, -0.0031446677167, 0.0147792072967, -0.00967451836914, 0.00669584097341, -0.00599114689976, -0.000514708051924, 0.0018039366696, 0.00392326619476, -0.00889431592077, 0.0030692955479], [0.000772368279286, -0.000138257644721, -0.00173432135489, 0.00444538332522, -0.00967451836914, 0.0198869388551, -0.0143453199416, 0.00444186432287, -0.00556774856523, 0.000498241570313, -0.00525992829353, 0.0137250758708, -0.0103943580762], [-0.000549885327928, -0.000622247054707, 0.00207233801484, -0.00347385485657, 0.00669584097341, -0.0143453199416, 0.0219876412302, -0.010840610601, 0.0047177313827, -0.00658471882343, 0.00598694896325, -0.00648564053699, 0.00482069328427], [0.000312831543852, 0.000420385302277, -0.00367330480367, 0.00454999366775, -0.00599114689976, 0.00444186432287, -0.010840610601, 0.0263366531581, -0.0165630634874, 0.0100639536977, -0.00936295650899, -0.00180577777792, -0.00150687270798], [-0.000309657596517, -0.000348030851455, 0.00624993350357, -0.0048044915311, -0.000514708051924, -0.00556774856523, 0.0047177313827, -0.0165630634874, 0.0348962135613, -0.0217527654022, 0.00664879055694, -0.00101961719338, 0.00355252227746], [0.000386337575037, 0.00064260099316, -0.00336430617608, 0.00335379224271, 0.0018039366696, 0.000498241570313, -0.00658471882343, 0.0100639536977, -0.0217527654022, 0.0278432480991, -0.0156399160624, 0.00347365066409, -0.00473555037752], [-0.000717371236533, 0.000621183484327, 0.000711286615115, -0.00271588633768, 0.00392326619476, -0.00525992829353, 0.00598694896325, -0.00936295650899, 0.00664879055694, -0.0156399160624, 0.0348771773279, -0.0130481682718, 0.00465450808406], [0.0010630217148, -0.000454756460385, 0.0017218478024, -0.000862097949721, -0.00889431592077, 0.0137250758708, -0.00648564053699, -0.00180577777792, -0.00101961719338, 0.00347365066409, -0.0130481682718, 0.0292943865061, -0.0142702730373], [-0.000490749720484, 0.00152978510596, 0.000832654361147, -0.00271780719049, 0.0030692955479, -0.0103943580762, 0.00482069328427, -0.00150687270798, 0.00355252227746, -0.00473555037752, 0.00465450808406, -0.0142702730373, 0.0281477291137]]
    spectral_contrast:
        mean: [-4.96215584178e-08, 6.86499248559e-08, -4.92066760671e-07, -1.0866438771e-07, -4.55220089179e-07, -9.98827260901e-08, -6.04482352173e-07, -5.44379872736e-06, -5.05463958689e-07, 1.28986664549e-06, -2.53077718781e-08, -7.44020880461e-08]
        var: [0.000338379846653, 0.000687258550897, 0.0011227671057, 0.00371310859919, 0.00553156388924, 0.00985399074852, 0.0652742907405, 0.119310222566, 0.323080331087, 0.501028895378, 1.05261766911, 3.8191781044]

rhythm:
    beats_loudness:
        dmean: 0.00366330402903
        dmean2: 0.00691489735618
        dvar: 6.42607255941e-06
        dvar2: 1.85634489753e-05
        max: 0.0165723748505
        mean: 0.00585274677724
        min: 0.00182221131399
        var: 1.03172560557e-05
    beats_loudness_bass:
        dmean: 0.486084699631
        dmean2: 0.992881000042
        dvar: 0.0350352302194
        dvar2: 0.109717592597
        max: 0.892496883869
        mean: 0.399374842644
        min: 0.0679451748729
        var: 0.0777087658644
    bpm: 128.333648682
    bpm_confidence: 0
    first_peak_bpm: 128
    first_peak_spread: 0
    first_peak_weight: 0.952380955219
    onset_rate: 6.59676933289
    second_peak_bpm: 120
    second_peak_spread: 0
    second_peak_weight: 0.047619048506
    beats_position: [0.0253879725933, 0.492706149817, 0.960024356842, 1.42734253407, 1.89466071129, 2.36197900772, 2.82929706573, 3.29661512375, 3.76393342018, 4.23125171661, 4.69856977463, 5.16588830948, 5.63320636749, 6.13219881058, 6.59999656677, 7.06779384613, 7.53559160233, 8.00338935852, 8.47118663788, 8.93898391724, 9.40678215027, 9.87457942963]
    bpm_estimates: [128.631774902, 128.387619019, 128.604156494, 127.840293884, 128.872268677, 128.370254517, 128.757415771, 128.021560669, 128.019287109, 128.445709229, 128.371841431, 128.761856079, 128.361557007, 128.491455078, 127.779067993, 128.246902466, 128.116226196, 127.973136902, 128.175552368, 128.445114136]
    bpm_intervals: [0.467318177223, 0.467318207026, 0.467318177223, 0.467318177223, 0.467318296432, 0.467318058014, 0.467318058014, 0.467318296432, 0.467318296432, 0.467318058014, 0.467318534851, 0.467318058014, 0.498992443085, 0.467797756195, 0.467797279358, 0.467797756195, 0.467797756195, 0.467797279358, 0.467797279358, 0.467798233032, 0.467797279358]
    onset_times: [0.0348299331963, 0.174149662256, 0.27863946557, 0.49922901392, 0.731428563595, 0.882358253002, 0.96362811327, 1.11455786228, 1.19582772255, 1.42802715302, 1.67183673382, 1.90403628349, 2.0549659729, 2.13623571396, 2.38004541397, 2.61224484444, 2.84444451332, 3.07664394379, 3.30884361267, 3.55265307426, 3.80807256699, 4.01705217361, 4.26086187363, 4.41179132462, 4.49306106567, 4.63238096237, 4.72526073456, 4.85297060013, 4.95746040344, 5.18966007233, 5.35219955444, 5.4334692955, 5.58439922333, 5.66566896439, 5.80498886108, 5.89786863327, 6.13006782532, 6.29260778427, 6.37387752533, 6.48997735977, 6.61768722534, 6.72217702866, 6.8382768631, 6.98920631409, 7.07047605515, 7.22140598297, 7.31428575516, 7.54648542404, 7.6858048439, 7.77868461609, 7.94122457504, 8.01088428497, 8.17342376709, 8.24308395386, 8.39401340485, 8.48689365387, 8.6146030426, 8.71909332275, 8.95129299164, 9.11383247375, 9.18349170685, 9.34603214264, 9.42730140686, 9.5666217804, 9.65950107574, 9.89170074463]
    rubato_start: []
    rubato_stop: []
    perceptual_tempo: "unknown"

sfx:
    inharmonicity:
        dmean: 0.0527764931321
        dmean2: 0.0951103717089
        dvar: 0.00347244017757
        dvar2: 0.00995862204581
        max: 0.3550093472
        mean: 0.0547988303006
        min: 0
        var: 0.00397840002552
    oddtoevenharmonicenergyratio:
        dmean: 24.4101486206
        dmean2: 47.5470924377
        dvar: 63754.6015625
        dvar2: 191477.75
        max: 3707.38867188
        mean: 13.2427444458
        min: 0
        var: 31994.9511719
    pitch_after_max_to_before_max_energy_ratio: 10.5092697144
    pitch_centroid: 206.191085815
    pitch_max_to_total: 0.0301624126732
    pitch_min_to_total: 0.489559173584
    tristimulus:
        dmean: [0.212528154254, 0.27387791872, 0.160171240568]
        dmean2: [0.381899476051, 0.493417143822, 0.288324356079]
        dvar: [0.0548976548016, 0.0655486360192, 0.0291553325951]
        dvar2: [0.140897318721, 0.172515004873, 0.0798202976584]
        max: [1, 0.999151527882, 0.797228753567]
        mean: [0.357206016779, 0.397504121065, 0.16803984344]
        min: [0.000848368217703, 0, 0]
        var: [0.0941408351064, 0.0945820733905, 0.0345637798309]

tonal:
    chords_changes_rate: 0.0783410146832
    chords_number_rate: 0.055299539119
    chords_strength:
        dmean: 0.00943713542074
        dmean2: 0.0100647509098
        dvar: 7.8391545685e-05
        dvar2: 8.96328128874e-05
        max: 0.663368880749
        mean: 0.392588466406
        min: 0.231818199158
        var: 0.00935010891408
    key_strength: 0.619142532349
    tuning_diatonic_strength: 0.400966525078
    tuning_equal_tempered_deviation: 0.208441436291
    tuning_frequency: 449.764648438
    tuning_nontempered_energy_ratio: 0.793114185333
    hpcp:
        dmean: [0.198661834002, 0.157153338194, 0.17436479032, 0.155594944954, 0.121679224074, 0.139439433813, 0.149241551757, 0.141473546624, 0.128840506077, 0.123090751469, 0.120471663773, 0.0948182269931, 0.0758970677853, 0.0833157673478, 0.151661336422, 0.149995461106, 0.176837578416, 0.125479996204, 0.114915505052, 0.111764617264, 0.102471485734, 0.115649543703, 0.110601864755, 0.113873757422, 0.0927799642086, 0.074611954391, 0.0783773586154, 0.0906885117292, 0.0961851552129, 0.108796805143, 0.120351247489, 0.106361210346, 0.115445993841, 0.119131416082, 0.133267611265, 0.173630923033]
        dmean2: [0.362447589636, 0.274401634932, 0.303514748812, 0.272537469864, 0.218476355076, 0.239485472441, 0.250552028418, 0.244810864329, 0.217043936253, 0.20775000751, 0.204207777977, 0.158506587148, 0.123346664011, 0.135766997933, 0.256619781256, 0.259966492653, 0.311589151621, 0.226699069142, 0.206398770213, 0.197903767228, 0.180282846093, 0.190316393971, 0.185029640794, 0.196430280805, 0.165799483657, 0.136860638857, 0.141023665667, 0.156824529171, 0.162033230066, 0.180141046643, 0.211513802409, 0.187862455845, 0.180250793695, 0.187439069152, 0.215104267001, 0.289330720901]
        dvar: [0.0694077163935, 0.0480943843722, 0.0452472530305, 0.0444763824344, 0.0269910357893, 0.0253037307411, 0.0377692244947, 0.0422859974205, 0.0329391695559, 0.030864097178, 0.0263421144336, 0.0212121810764, 0.0144338253886, 0.0177638866007, 0.0265515428036, 0.0564681552351, 0.0455210842192, 0.0350541174412, 0.0444200560451, 0.0377554036677, 0.0309933535755, 0.029746286571, 0.0293796770275, 0.0341141372919, 0.0292078144848, 0.0241056960076, 0.0174966827035, 0.0197446830571, 0.0245418697596, 0.0269511379302, 0.0325185917318, 0.0335681624711, 0.0291462093592, 0.0279232636094, 0.0358060337603, 0.0543221980333]
        dvar2: [0.195362433791, 0.125058442354, 0.127700954676, 0.142386138439, 0.0868193134665, 0.0655326321721, 0.101336330175, 0.121435806155, 0.0820175260305, 0.0747028365731, 0.0665693953633, 0.0499746799469, 0.033958684653, 0.0422496646643, 0.0679910182953, 0.130934521556, 0.138015136123, 0.0962288826704, 0.122165009379, 0.0981457680464, 0.0828296840191, 0.0763268247247, 0.0818472504616, 0.0932721346617, 0.0806978344917, 0.0689034163952, 0.0513952337205, 0.0543044656515, 0.0645266100764, 0.0713602304459, 0.0863821879029, 0.0834824815392, 0.0600945465267, 0.058192294091, 0.0745188966393, 0.121853359044]
        max: [1, 1, 1, 1, 0.969094753265, 1, 1, 1, 1, 1, 1, 1, 0.891061544418, 1, 1, 1, 1, 1, 1, 1, 1, 0.992205142975, 1, 1, 0.958859562874, 0.840544819832, 1, 1, 1, 1, 1, 1, 1, 1, 1, 1]
        mean: [0.169605970383, 0.157942429185, 0.189709067345, 0.173306688666, 0.133652687073, 0.181068122387, 0.189333960414, 0.140218362212, 0.155145987868, 0.159133061767, 0.133787974715, 0.11811837554, 0.100999347866, 0.10847825557, 0.370361506939, 0.599432885647, 0.361164331436, 0.115157984197, 0.0962188243866, 0.0963528752327, 0.101597160101, 0.150211140513, 0.179220467806, 0.139235928655, 0.0845136344433, 0.0652551725507, 0.0880582556129, 0.106510512531, 0.106357529759, 0.157631829381, 0.176856473088, 0.13767144084, 0.145096480846, 0.148914918303, 0.160248577595, 0.187288343906]
        min: [0.00075398478657, 0.000846425071359, 0.000557577994186, 0.000650714617223, 0.00068199733505, 0.000625640619546, 0.000520252739079, 0.00063780718483, 0.000535994535312, 0.00119974266272, 0.000943643564824, 0.00160428229719, 0.00183981622104, 0.00218408089131, 0.00132922048215, 0.00189252803102, 0.000404629623517, 0.000420806754846, 0.000438742630649, 0.000152335109306, 0.000508350261953, 0.000468859943794, 0.000169303151779, 0.000214292827877, 0.000423355522798, 0, 0.00022034480935, 0.000250900920946, 0.000418692710809, 0.000389277003706, 0.000860136467963, 0.00051715830341, 0.000599410093855, 0.000858587794937, 0.000479054433526, 0.000617476180196]
        var: [0.065226085484, 0.0573721192777, 0.0587527491152, 0.0463739074767, 0.0251505170017, 0.0371855981648, 0.0498847998679, 0.0408121570945, 0.0584522671998, 0.0556861758232, 0.037993978709, 0.0329210273921, 0.0227572023869, 0.0207309070975, 0.0778179168701, 0.171638414264, 0.0803536176682, 0.0286005698144, 0.0317903012037, 0.0281435884535, 0.0248063020408, 0.0414556749165, 0.0604905076325, 0.0439308322966, 0.0221177320927, 0.0161030869931, 0.0155601464212, 0.0223865881562, 0.0244144629687, 0.0352736152709, 0.0416061133146, 0.0451408773661, 0.0598936602473, 0.054618511349, 0.0580415092409, 0.0778590962291]
    chords_histogram: [5.0691242218, 12.9032258987, 5.5299539566, 2.7649769783, 15.6682024002, 4.60829496384, 13.3640556335, 0, 0, 0, 0, 0, 0, 3.22580647469, 21.6589870453, 1.84331798553, 0, 0, 0, 0, 0, 0, 5.5299539566, 7.8341012001]
    thpcp: [1, 0.602510035038, 0.192111551762, 0.160516425967, 0.160740062594, 0.169488802552, 0.250588744879, 0.298983365297, 0.2322794348, 0.14098931849, 0.108861513436, 0.146902605891, 0.177685469389, 0.177430257201, 0.262968271971, 0.295039653778, 0.229669481516, 0.242056250572, 0.248426347971, 0.267333656549, 0.312442570925, 0.282944053411, 0.263486415148, 0.316480904818, 0.289117753506, 0.222965225577, 0.302065700293, 0.315855145454, 0.233918368816, 0.258821278811, 0.26547268033, 0.223190918565, 0.197050213814, 0.168491497636, 0.180968135595, 0.617853164673]
    chords_key: "G#"
    chords_scale: "major"
    key_key: "G"
    key_scale: "major"
    chords_progression: ["F#m", "F#m", "F#m", "F#m", "F#m", "F#m", "D", "D", "D", "D", "D", "D", "D", "D", "A", "A", "A", "D", "A", "D", "D", "A", "A", "A", "A", "A", "A", "A", "A", "A", "A", "A", "A", "A", "A", "A", "A", "A", "A", "A", "A", "A", "A", "A", "A", "A", "A", "A", "A", "A", "A", "C", "C", "C", "C", "C", "C", "C", "C", "C", "C", "C", "C", "Em", "Em", "Em", "Em", "Em", "Em", "Em", "Em", "Em", "Em", "Em", "Em", "Em", "Em", "Em", "Em", "Em", "E", "E", "E", "E", "E", "E", "E", "E", "E", "E", "E", "E", "E", "E", "E", "E", "E", "E", "E", "E", "E", "E", "E", "E", "E", "E", "E", "E", "E", "Cm", "Cm", "Cm", "Cm", "G#", "G#", "G#", "G#", "G#", "G#", "G#", "G#", "G#", "G#", "G#", "G#", "G#", "G#", "G#", "G#", "G#", "G#", "G#", "G#", "G#", "G#", "G#", "G#", "G#", "G#", "G#", "G#", "G#", "G#", "G#", "G#", "G#", "G#", "G#", "G#", "G#", "G#", "G#", "G#", "Fm", "Fm", "Fm", "Fm", "Fm", "Fm", "Fm", "G#", "G#", "G#", "G#", "G#", "G#", "G#", "G", "G", "G", "G", "G", "G", "G", "G", "G", "G", "G", "D", "Bm", "Bm", "Bm", "Bm", "Bm", "Bm", "Bm", "Bm", "Bm", "Bm", "Bm", "Bm", "Bm", "Bm", "Bm", "Bm", "Bm", "Bm", "Bm", "Bm", "Bm", "Bm", "Bm", "Bm", "Bm", "Bm", "Bm", "Bm", "C#m", "C#m", "C#m", "C#m", "C#m", "C#m", "C#m", "C#m", "C#m", "C#m"]
