
metadata:
    version:
        essentia: "1.2.2"
    audio_properties:
        analysis_sample_rate: 44100
        bitrate: 128
        channels: 2
        equal_loudness: 1
        length: 10.0571432114
        replay_gain: -12.1743583679
        downmix: "mix"
    tags:
        track: 8
        year: 0
        album: "Splitted by Mp3Splt v. 2.1"
        artist: "From 001.10 To 001.20"
        comment: "http://mp3splt.sf.net"
        genre: ""
        title: "01 4.mp3"

highlevel:
    ballroom:
        all:
            ChaChaCha: 0.000246333860559
            Jive: 0.000433114473708
            Quickstep: 0.00223371945322
            Rumba-American: 0.0030249946285
            Rumba-International: 0.01297878474
            Rumba-Misc: 0.0191853642464
            Samba: 0.000375545700081
            Tango: 0.00513454992324
            VienneseWaltz: 0.605249345303
            Waltz: 0.351138234138
        probability: 0.605249345303
        value: "VienneseWaltz"
    culture:
        all:
            non_western: 0.403579264879
            western: 0.596420705318
        probability: 0.596420705318
        value: "western"
    gender:
        all:
            female: 0.84234380722
            male: 0.157656162977
        probability: 0.84234380722
        value: "female"
    genre_dortmund:
        all:
            alternative: 0.131116732955
            blues: 0.00964914262295
            electronic: 0.25751516223
            folkcountry: 0.15104059875
            funksoulrnb: 0.00802925974131
            jazz: 0.195130869746
            pop: 0.0568263679743
            raphiphop: 0.00313840573654
            rock: 0.187553480268
        probability: 0.25751516223
        value: "electronic"
    genre_electronica:
        all:
            ambient: 0.96538412571
            dnb: 0.00283195264637
            house: 0.00169961364008
            techno: 0.000627120607533
            trance: 0.0294572021812
        probability: 0.96538412571
        value: "ambient"
    genre_rosamerica:
        all:
            cla: 0.398044109344
            dan: 0.0220572426915
            hip: 0.0106085240841
            jaz: 0.173045560718
            pop: 0.135701283813
            rhy: 0.122225791216
            roc: 0.129576653242
            spe: 0.00874084234238
        probability: 0.398044109344
        value: "cla"
    genre_tzanetakis:
        all:
            blu: 0.00930598285049
            cla: 0.746508896351
            cou: 0.0448926836252
            dis: 0.00676816515625
            hip: 0.00519814901054
            jaz: 0.11799864471
            met: 0.0052857757546
            pop: 0.020638609305
            reg: 0.0219845660031
            roc: 0.0214185267687
        probability: 0.746508896351
        value: "cla"
    live_studio:
        all:
            live: 0.112501718104
            studio: 0.887498259544
        probability: 0.887498259544
        value: "studio"
    mood:
        all:
            Cluster1: 0.244786024094
            Cluster2: 0.184287339449
            Cluster3: 0.318648844957
            Cluster4: 0.0951454117894
            Cluster5: 0.15713237226
        probability: 0.318648844957
        value: "Cluster3"
    mood_acoustic:
        all:
            acoustic: 0.523713707924
            not_acoustic: 0.476286321878
        probability: 0.523713707924
        value: "acoustic"
    mood_aggressive:
        all:
            aggressive: 0.00856243353337
            not_aggressive: 0.991437554359
        probability: 0.991437554359
        value: "not_aggressive"
    mood_electronic:
        all:
            electronic: 0.520042955875
            not_electronic: 0.479957044125
        probability: 0.520042955875
        value: "electronic"
    mood_happy:
        all:
            happy: 0.317981541157
            not_happy: 0.682018458843
        probability: 0.682018458843
        value: "not_happy"
    mood_party:
        all:
            not_party: 0.970701038837
            party: 0.0292989872396
        probability: 0.970701038837
        value: "not_party"
    mood_relaxed:
        all:
            not_relaxed: 0.0809340700507
            relaxed: 0.919065952301
        probability: 0.919065952301
        value: "relaxed"
    mood_sad:
        all:
            not_sad: 0.119730979204
            sad: 0.880269050598
        probability: 0.880269050598
        value: "sad"
    rhythm:
        all:
            fast: 0.350013822317
            medium: 0.195803105831
            slow: 0.454183071852
        probability: 0.454183071852
        value: "slow"
    speech_music:
        all:
            music: 0.997483313084
            speech: 0.0025166743435
        probability: 0.997483313084
        value: "music"
    timbre:
        all:
            bright: 0.114113740623
            dark: 0.885886251926
        probability: 0.885886251926
        value: "dark"
    voice_instrumental:
        all:
            instrumental: 0.99998575449
            voice: 1.42294611578e-05
        probability: 0.99998575449
        value: "instrumental"

lowlevel:
    average_loudness: 0.960353314877
    barkbands_kurtosis:
        dmean: 0.701629042625
        dmean2: 1.0987970829
        dvar: 0.455863654613
        dvar2: 1.0902210474
        max: 9.6282491684
        mean: 0.824355304241
        min: -1.37047672272
        var: 3.60674643517
    barkbands_skewness:
        dmean: 0.248215973377
        dmean2: 0.388017803431
        dvar: 0.0406046174467
        dvar2: 0.106156125665
        max: 2.81713271141
        mean: 0.701049864292
        min: -0.875808894634
        var: 0.289980590343
    barkbands_spread:
        dmean: 2.13639974594
        dmean2: 3.31228804588
        dvar: 3.67930150032
        dvar2: 8.23778915405
        max: 27.7135925293
        mean: 13.9132013321
        min: 3.6403772831
        var: 24.2335643768
    dissonance:
        dmean: 0.0393568836153
        dmean2: 0.0651100501418
        dvar: 0.0010972575983
        dvar2: 0.00269461702555
        max: 0.5
        mean: 0.393880337477
        min: 0.0200284048915
        var: 0.00254875025712
    hfc:
        dmean: 0.611570417881
        dmean2: 0.850842416286
        dvar: 0.499962508678
        dvar2: 0.860861539841
        max: 13.6983699799
        mean: 4.311460495
        min: 0.000102786470961
        var: 6.28986930847
    pitch:
        dmean: 71.2986679077
        dmean2: 133.894546509
        dvar: 12353.6337891
        dvar2: 28568.0722656
        max: 711.290344238
        mean: 275.572235107
        min: 86.9822463989
        var: 17101.4140625
    pitch_instantaneous_confidence:
        dmean: 0.0626693218946
        dmean2: 0.10267136991
        dvar: 0.0032835835591
        dvar2: 0.00764281861484
        max: 0.865454673767
        mean: 0.637963593006
        min: 0.0235958099365
        var: 0.0135499164462
    pitch_salience:
        dmean: 0.0430669113994
        dmean2: 0.0689557641745
        dvar: 0.00165370712057
        dvar2: 0.00381734152324
        max: 0.890084266663
        mean: 0.462048858404
        min: 0.317649841309
        var: 0.00463237473741
    silence_rate_20dB:
        dmean: 0
        dmean2: 0
        dvar: 0
        dvar2: 0
        max: 1
        mean: 1
        min: 1
        var: 0
    silence_rate_30dB:
        dmean: 0
        dmean2: 0
        dvar: 0
        dvar2: 0
        max: 1
        mean: 1
        min: 1
        var: 0
    silence_rate_60dB:
        dmean: 0.0692840665579
        dmean2: 0.138888895512
        dvar: 0.0644838064909
        dvar2: 0.133487999439
        max: 1
        mean: 0.18202765286
        min: 0
        var: 0.148893773556
    spectral_centroid:
        dmean: 88.106590271
        dmean2: 151.033706665
        dvar: 7589.27392578
        dvar2: 21717.0097656
        max: 1394.67102051
        mean: 805.779174805
        min: 340.623260498
        var: 39834.1953125
    spectral_complexity:
        dmean: 1.18329465389
        dmean2: 1.9906976223
        dvar: 1.08241415024
        dvar2: 2.64177393913
        max: 16
        mean: 9.97222232819
        min: 0
        var: 3.36959338188
    spectral_crest:
        dmean: 1.65280795097
        dmean2: 2.34721088409
        dvar: 1.54065561295
        dvar2: 3.83502101898
        max: 18.5294380188
        mean: 9.50933361053
        min: 4.34108877182
        var: 9.40655994415
    spectral_decrease:
        dmean: 1.89462875944e-10
        dmean2: 2.64347432832e-10
        dvar: 2.59424697327e-20
        dvar2: 4.91129732221e-20
        max: -5.77361170483e-14
        mean: -1.27036414721e-09
        min: -2.99133784409e-09
        var: 2.89434658085e-19
    spectral_energy:
        dmean: 0.000758863287047
        dmean2: 0.00104955688585
        dvar: 4.2847150894e-07
        dvar2: 7.87859789853e-07
        max: 0.0124400863424
        mean: 0.00518570328131
        min: 2.27232774819e-07
        var: 4.98954295836e-06
    spectral_energyband_high:
        dmean: 3.31703904521e-06
        dmean2: 5.169976248e-06
        dvar: 1.541436076e-11
        dvar2: 3.85345366727e-11
        max: 3.9744485548e-05
        mean: 7.84640906204e-06
        min: 1.06017405965e-09
        var: 4.84696865977e-11
    spectral_energyband_low:
        dmean: 0.000133296794957
        dmean2: 0.000244838505751
        dvar: 2.05493631e-08
        dvar2: 7.80561890679e-08
        max: 0.00136628304608
        mean: 0.000255904655205
        min: 6.37181329921e-08
        var: 4.22141148704e-08
    spectral_energyband_middle_high:
        dmean: 0.000385760358768
        dmean2: 0.000454927969258
        dvar: 1.86844445693e-07
        dvar2: 2.27500677852e-07
        max: 0.0071264160797
        mean: 0.00200701481663
        min: 2.49727278856e-08
        var: 1.97708482119e-06
    spectral_energyband_middle_low:
        dmean: 0.000555760634597
        dmean2: 0.000809229444712
        dvar: 2.18708848365e-07
        dvar2: 4.67046277208e-07
        max: 0.00904069002718
        mean: 0.00291493348777
        min: 1.26737958794e-07
        var: 2.15192994801e-06
    spectral_flatness_db:
        dmean: 0.0149920899421
        dmean2: 0.023888990283
        dvar: 0.000149327999679
        dvar2: 0.000330812326865
        max: 0.342459350824
        mean: 0.266503840685
        min: 0.108666203916
        var: 0.000798447057605
    spectral_flux:
        dmean: 0.00690879253671
        dmean2: 0.0119592146948
        dvar: 6.42896993668e-05
        dvar2: 0.000163601638633
        max: 0.10188382864
        mean: 0.0284795928746
        min: 0.0100905606523
        var: 0.000132585482788
    spectral_kurtosis:
        dmean: 11.4859733582
        dmean2: 20.8682804108
        dvar: 97.0440826416
        dvar2: 302.573791504
        max: 85.1779251099
        mean: 22.8665237427
        min: 4.183198452
        var: 167.355941772
    spectral_rms:
        dmean: 0.000171441890416
        dmean2: 0.000239777495153
        dvar: 2.47969005329e-08
        dvar2: 4.26706350254e-08
        max: 0.00348377227783
        mean: 0.00219816691242
        min: 1.48892750076e-05
        var: 2.2728666238e-07
    spectral_rolloff:
        dmean: 222.076416016
        dmean2: 407.277587891
        dvar: 132707.078125
        dvar2: 338727
        max: 3380.71289062
        mean: 1349.56481934
        min: 473.73046875
        var: 270160.625
    spectral_skewness:
        dmean: 0.791235506535
        dmean2: 1.43243253231
        dvar: 0.425863415003
        dvar2: 1.32700765133
        max: 7.2472319603
        mean: 2.96675896645
        min: 1.39428699017
        var: 0.840077996254
    spectral_spread:
        dmean: 240072.0625
        dmean2: 373644.40625
        dvar: 360114683904
        dvar2: 198425706496
        max: 18625162
        mean: 1684817.375
        min: 803241.125
        var: 861083533312
    spectral_strongpeak:
        dmean: 0.352005690336
        dmean2: 0.562915027142
        dvar: 0.169506803155
        dvar2: 0.430958122015
        max: 3.34701037407
        mean: 1.04272603989
        min: 0
        var: 0.398953288794
    zerocrossingrate:
        dmean: 0.00356977782212
        dmean2: 0.00447856122628
        dvar: 7.83425184636e-06
        dvar2: 1.34120291477e-05
        max: 0.0771484375
        mean: 0.0462137870491
        min: 0.00244140625
        var: 0.000132359127747
    barkbands:
        dmean: [6.5470622701e-08, 1.70550592884e-05, 0.000123750200146, 0.000213420877117, 0.000114617010695, 5.40793262189e-05, 0.000286715076072, 0.000199429414351, 9.1249588877e-05, 6.72919195495e-05, 0.0002373772586, 3.78015247406e-05, 1.89916063391e-05, 0.000160788797075, 0.000159154340508, 3.36467455782e-05, 6.62746742819e-06, 6.41206788714e-05, 2.57479296124e-05, 1.61476182257e-05, 1.6944068193e-06, 2.72255419986e-07, 7.58036922122e-09, 2.20961515751e-09, 1.46051815086e-09, 5.80792691718e-10, 5.41666267395e-10]
        dmean2: [1.01726776336e-07, 2.44774728344e-05, 0.000231266007177, 0.000362058664905, 0.000191012630239, 6.63147075102e-05, 0.000411510409322, 0.000257097563008, 0.000123616482597, 9.17924990063e-05, 0.000224148956477, 5.31206351297e-05, 2.72210254479e-05, 0.000261905399384, 0.000241203611949, 5.60603511985e-05, 1.00901579572e-05, 0.000108503030788, 4.22098200943e-05, 2.69855354418e-05, 2.91456649393e-06, 4.75136317846e-07, 1.27089982982e-08, 3.51978490798e-09, 2.36630248729e-09, 9.54290313437e-10, 9.01003882614e-10]
        dvar: [5.72537785411e-13, 4.95831375957e-10, 2.19472600094e-08, 9.20626774814e-08, 1.78161965181e-08, 3.70381503245e-09, 1.34573795663e-07, 7.69484103103e-08, 2.38328947688e-08, 1.83962214351e-08, 1.25707003917e-07, 4.52770665405e-09, 1.54675638964e-09, 9.57533998758e-08, 7.99421471243e-08, 2.37168906736e-09, 1.01107303085e-10, 8.21792056627e-09, 5.74971315004e-09, 4.14955514394e-10, 5.59759573762e-12, 2.21580837446e-13, 1.59520828219e-16, 3.54633008117e-17, 2.24673288959e-17, 1.87208111803e-17, 2.02871984385e-17]
        dvar2: [1.43550470989e-12, 1.36696931552e-09, 8.20414385316e-08, 3.05272578771e-07, 5.80369885483e-08, 4.48160797362e-09, 2.36822359057e-07, 1.11114161427e-07, 5.18347853529e-08, 3.36379528676e-08, 1.01986337597e-07, 8.12759903823e-09, 3.19243276259e-09, 2.25056780323e-07, 1.97263759105e-07, 6.09135986096e-09, 2.23104909547e-10, 2.39490951515e-08, 1.08542268507e-08, 1.19188725556e-09, 1.47305952158e-11, 6.38842169269e-13, 4.34296714886e-16, 9.12607657227e-17, 5.63810275983e-17, 4.69620212248e-17, 5.08750090387e-17]
        max: [1.11518293124e-05, 0.000158722439664, 0.00131537253037, 0.00243201851845, 0.00153175042942, 0.000751358864363, 0.00831950269639, 0.00372634362429, 0.00243181386031, 0.00221162172966, 0.00615486921743, 0.000729369057808, 0.000494677864481, 0.00327852857299, 0.00250030937605, 0.000440024625277, 0.000133415655, 0.00070161774056, 0.00160639814567, 0.000166865967913, 2.38306201936e-05, 4.66572919322e-06, 1.22208831499e-07, 8.00592516725e-08, 6.86865817556e-08, 6.38418171661e-08, 6.64167174591e-08]
        mean: [7.8101265899e-08, 5.46773189853e-05, 0.000201162984013, 0.000401675031753, 0.000330771552399, 0.000168609913089, 0.00102875905577, 0.000548732525203, 0.000413992267568, 0.000276444945484, 0.000732422689907, 6.95356793585e-05, 4.84877746203e-05, 0.000369176123058, 0.000241713496507, 5.8548997913e-05, 1.03541924545e-05, 0.000100776327599, 9.46183790802e-05, 3.13274067594e-05, 3.39061080012e-06, 4.39240977812e-07, 1.16333929157e-08, 3.42215100702e-09, 2.87297563517e-09, 6.18109008421e-10, 3.30348054467e-10]
        min: [1.08084895201e-10, 3.20221360539e-08, 2.09897201842e-08, 2.01931520394e-08, 4.29978292971e-08, 2.78141758514e-08, 1.60170650076e-08, 1.08909254948e-08, 8.36400726456e-09, 1.19119858422e-09, 3.28989196996e-10, 3.97840427269e-09, 7.77293962528e-09, 2.66750999067e-09, 2.47591547264e-09, 4.07703426575e-10, 9.33253918589e-10, 1.40811684535e-09, 3.902436152e-09, 4.64143917744e-10, 2.63849331272e-10, 1.81487949669e-10, 4.96750141021e-11, 3.7565846267e-11, 9.76569033972e-11, 2.37905476569e-11, 5.36864288106e-14]
        var: [2.94342783654e-13, 6.00337612955e-10, 4.22757544527e-08, 2.27412883191e-07, 5.66960416393e-08, 2.28404797298e-08, 2.00021327146e-06, 3.16614261919e-07, 3.69370098952e-07, 2.08657525036e-07, 1.18259845294e-06, 1.06875797101e-08, 7.42076000648e-09, 3.91367592556e-07, 1.13527129031e-07, 5.55912427203e-09, 2.01224217844e-10, 1.60411861572e-08, 5.46425837911e-08, 7.69848462756e-10, 1.04218968525e-11, 3.13310277245e-13, 1.87934866072e-16, 2.65968014566e-17, 1.4647631569e-17, 9.45062287084e-18, 1.02028468578e-17]
    mfcc:
        mean: [-812.419250488, 245.668319702, -92.9558563232, 62.5119667053, -25.8704833984, -18.6500644684, 4.76358699799, -16.0409698486, 8.18628787994, 2.67404389381, 3.99595975876, -15.3872699738, -2.09684562683]
        cov: [[1284.46887207, -319.075927734, -135.927185059, -8.10407543182, -154.39302063, 20.5740966797, 6.50104188919, 103.940460205, 80.3785095215, 70.5027236938, -20.9277114868, -126.483268738, -65.5770263672], [-319.075927734, 378.354431152, -51.1284179688, -10.5536813736, 48.2635002136, -29.6762866974, 2.00724434853, -84.7388458252, 5.28305864334, -59.2630958557, 9.58660411835, 34.5625190735, 25.3798980713], [-135.927185059, -51.1284179688, 230.092224121, -41.7055854797, 2.33148169518, -13.6816263199, -4.92081069946, 83.6700057983, -43.6819877625, 12.123790741, -52.2384567261, 70.168762207, -18.5884075165], [-8.10407543182, -10.5536813736, -41.7055854797, 143.390289307, 41.2835388184, -13.3241233826, -9.2843952179, -81.3124084473, -13.0267791748, -29.0811824799, 24.5316238403, -1.549441576, 53.3550567627], [-154.39302063, 48.2635002136, 2.33148169518, 41.2835388184, 124.006332397, -11.124083519, -18.3845901489, -101.909545898, -44.2068901062, -8.94235420227, 23.5779418945, 24.6138153076, 25.0972194672], [20.5740966797, -29.6762866974, -13.6816263199, -13.3241233826, -11.124083519, 73.6948242188, -4.54923391342, -15.2019844055, -12.7934675217, 17.6781082153, 25.2165927887, -24.1347064972, 3.72953462601], [6.50104188919, 2.00724434853, -4.92081069946, -9.2843952179, -18.3845901489, -4.54923391342, 75.0298233032, 15.6014003754, 8.80239200592, -21.5099945068, -20.0778980255, -6.71531915665, -9.3966217041], [103.940460205, -84.7388458252, 83.6700057983, -81.3124084473, -101.909545898, -15.2019844055, 15.6014003754, 286.020599365, 69.4670028687, -9.97954750061, -118.545928955, -1.77729403973, -60.2679443359], [80.3785095215, 5.28305864334, -43.6819877625, -13.0267791748, -44.2068901062, -12.7934675217, 8.80239200592, 69.4670028687, 116.206687927, -30.8907833099, -48.584186554, -35.8147583008, -12.621805191], [70.5027236938, -59.2630958557, 12.123790741, -29.0811824799, -8.94235420227, 17.6781082153, -21.5099945068, -9.97954750061, -30.8907833099, 108.887695312, 27.1585845947, -7.60643148422, -21.7723140717], [-20.9277114868, 9.58660411835, -52.2384567261, 24.5316238403, 23.5779418945, 25.2165927887, -20.0778980255, -118.545928955, -48.584186554, 27.1585845947, 189.638473511, 5.69224691391, -10.643283844], [-126.483268738, 34.5625190735, 70.168762207, -1.549441576, 24.6138153076, -24.1347064972, -6.71531915665, -1.77729403973, -35.8147583008, -7.60643148422, 5.69224691391, 103.191841125, -8.89478492737], [-65.5770263672, 25.3798980713, -18.5884075165, 53.3550567627, 25.0972194672, 3.72953462601, -9.3966217041, -60.2679443359, -12.621805191, -21.7723140717, -10.643283844, -8.89478492737, 106.443435669]]
        icov: [[0.00138467992656, 0.00109850405715, 0.000983501900919, -5.53369791305e-05, 0.00134846393485, 0.000580229621846, 0.000402785546612, 0.000323325715726, 0.00010022103379, -0.000195394837647, 0.000453296961496, 0.000564299873076, 0.000735381152481], [0.00109850405715, 0.00475661922246, 0.00196503428742, 0.0022915659938, 0.000597228005063, 0.00175409205258, 0.000755145971198, 0.00172739580739, -0.000196320936084, 0.00202694372274, 0.000668883614708, -0.00116254610475, -5.93939221289e-05], [0.000983501900919, 0.00196503428742, 0.00880203861743, 0.0016971223522, 3.58542747563e-05, 0.000663795741275, 0.000870585732628, -0.00185641797725, 0.00345346657559, -5.84199369769e-06, 0.00206825765781, -0.00414954544976, 8.62119413796e-05], [-5.53369791305e-05, 0.0022915659938, 0.0016971223522, 0.0119791952893, -0.00126545724925, 0.00322350417264, 0.00121020840015, 0.00215166411363, 0.000492875813507, 0.00353429396637, -0.000596418452915, -0.000526889634784, -0.00410049268976], [0.00134846393485, 0.000597228005063, 3.58542747563e-05, -0.00126545724925, 0.0157732106745, 0.00249520549551, 0.00367671507411, 0.00565158342943, 0.00334317958914, 0.00195264129434, 0.00261878222227, -9.21602040762e-05, 0.00209695589729], [0.000580229621846, 0.00175409205258, 0.000663795741275, 0.00322350417264, 0.00249520549551, 0.0180267002434, 0.00133802322671, 0.00119502621237, 0.00286901625805, 0.000262341898633, -0.00159046240151, 0.00443314388394, -0.00138055917341], [0.000402785546612, 0.000755145971198, 0.000870585732628, 0.00121020840015, 0.00367671507411, 0.00133802322671, 0.0162146259099, 0.00182180164848, 0.00230933912098, 0.00454146228731, 0.00236107339151, 0.00143003091216, 0.00272096623667], [0.000323325715726, 0.00172739580739, -0.00185641797725, 0.00215166411363, 0.00565158342943, 0.00119502621237, 0.00182180164848, 0.01001695171, -0.00196165405214, 0.00215411954559, 0.00413805758581, -0.000117628827866, 0.00345453293994], [0.00010022103379, -0.000196320936084, 0.00345346657559, 0.000492875813507, 0.00334317958914, 0.00286901625805, 0.00230933912098, -0.00196165405214, 0.016096169129, 0.00423409184441, 0.00264751003124, 0.00376470130868, 0.00202300352976], [-0.000195394837647, 0.00202694372274, -5.84199369769e-06, 0.00353429396637, 0.00195264129434, 0.000262341898633, 0.00454146228731, 0.00215411954559, 0.00423409184441, 0.0143519574776, 7.54201682867e-05, 0.0017944391584, 0.00236987345852], [0.000453296961496, 0.000668883614708, 0.00206825765781, -0.000596418452915, 0.00261878222227, -0.00159046240151, 0.00236107339151, 0.00413805758581, 0.00264751003124, 7.54201682867e-05, 0.00958240497857, -0.00111796194687, 0.00396366184577], [0.000564299873076, -0.00116254610475, -0.00414954544976, -0.000526889634784, -9.21602040762e-05, 0.00443314388394, 0.00143003091216, -0.000117628827866, 0.00376470130868, 0.0017944391584, -0.00111796194687, 0.016422405839, 0.0021643252112], [0.000735381152481, -5.93939221289e-05, 8.62119413796e-05, -0.00410049268976, 0.00209695589729, -0.00138055917341, 0.00272096623667, 0.00345453293994, 0.00202300352976, 0.00236987345852, 0.00396366184577, 0.0021643252112, 0.014984219335]]
    spectral_contrast:
        mean: [-8.2853212291e-08, -1.51792647785e-07, -1.73909398882e-07, -4.10471812984e-07, -1.59359643703e-07, -1.3811168742e-07, -2.89213608085e-06, 9.41256701026e-07, 1.00900172129e-06, 2.07705625144e-06, 3.64250604434e-06, 6.83245843902e-07]
        var: [0.000376451644115, 0.00108073139563, 0.00150624988601, 0.00254498398863, 0.00342685822397, 0.00815181341022, 0.0433216355741, 0.0574358850718, 0.0857198610902, 0.138782233, 0.306976735592, 0.727587819099]

rhythm:
    beats_loudness:
        dmean: 0.00207940256223
        dmean2: 0.00387589633465
        dvar: 2.18608056457e-06
        dvar2: 5.30032593815e-06
        max: 0.00999894645065
        mean: 0.00568644935265
        min: 0.0022447782103
        var: 4.12642066294e-06
    beats_loudness_bass:
        dmean: 0.0502345450222
        dmean2: 0.0847706496716
        dvar: 0.00254543917254
        dvar2: 0.00646007899195
        max: 0.253128379583
        mean: 0.0801082998514
        min: 0.0173161663115
        var: 0.00280129979365
    bpm: 126.123283386
    bpm_confidence: 0
    first_peak_bpm: 125
    first_peak_spread: 0.368421077728
    first_peak_weight: 0.600000023842
    onset_rate: 1.98863637447
    second_peak_bpm: 95
    second_peak_spread: 0
    second_peak_weight: 0.0500000007451
    beats_position: [0.0576970651746, 0.536387383938, 1.01507771015, 1.49376809597, 1.97245836258, 2.45114850998, 2.9298388958, 3.40852928162, 3.88721942902, 4.36590957642, 4.84460020065, 5.32329082489, 5.80198097229, 6.43411207199, 6.90048265457, 7.36685276031, 7.83322286606, 8.2995929718, 8.76596355438, 9.23233413696, 9.69870471954]
    bpm_estimates: [124.905700684, 125.781356812, 127.682792664]
    bpm_intervals: [0.478690326214, 0.478690326214, 0.478690385818, 0.478690266609, 0.4786901474, 0.478690385818, 0.478690385818, 0.4786901474, 0.4786901474, 0.478690624237, 0.478690624237, 0.4786901474, 0.632131099701, 0.466370582581, 0.466370105743, 0.466370105743, 0.466370105743, 0.466370582581, 0.466370582581, 0.466370582581]
    onset_times: [0.0464399084449, 0.49922901392, 0.801088452339, 1.26548755169, 1.99691605568, 2.35682535172, 2.61224484444, 2.84444451332, 2.87927436829, 3.16952371597, 3.30884361267, 3.62231302261, 3.99383211136, 4.55111122131, 4.87619066238, 7.52326536179, 7.66258525848, 8.54494285583, 9.4040813446, 9.70594120026]
    rubato_start: []
    rubato_stop: []
    perceptual_tempo: "unknown"

sfx:
    inharmonicity:
        dmean: 0.0299571026117
        dmean2: 0.0526290684938
        dvar: 0.00138639542274
        dvar2: 0.00373640912585
        max: 0.235875457525
        mean: 0.0290660988539
        min: 1.66704194271e-05
        var: 0.00141608517151
    oddtoevenharmonicenergyratio:
        dmean: 2.38351535797
        dmean2: 4.15628385544
        dvar: 24.9060173035
        dvar2: 67.0202941895
        max: 41.441204071
        mean: 2.16243171692
        min: 0.000157347574714
        var: 26.3547954559
    pitch_after_max_to_before_max_energy_ratio: 5.02531528473
    pitch_centroid: 221.566268921
    pitch_max_to_total: 0.233796298504
    pitch_min_to_total: 0.983796298504
    tristimulus:
        dmean: [0.227463304996, 0.224358901381, 0.0523214749992]
        dmean2: [0.402757525444, 0.389547646046, 0.0934336036444]
        dvar: [0.0544419288635, 0.0514094121754, 0.00303586944938]
        dvar2: [0.142582401633, 0.136118069291, 0.00858833268285]
        max: [0.979294478893, 0.916328191757, 0.316093474627]
        mean: [0.410728245974, 0.524000644684, 0.0585123635828]
        min: [0.0393282957375, 0, 0]
        var: [0.0796647965908, 0.0712364017963, 0.00363463792019]

tonal:
    chords_changes_rate: 0.0184331797063
    chords_number_rate: 0.0138248847798
    chords_strength:
        dmean: 0.00591323897243
        dmean2: 0.00343965436332
        dvar: 1.66542668012e-05
        dvar2: 1.05001372503e-05
        max: 0.626639544964
        mean: 0.494275778532
        min: 0.302442282438
        var: 0.0062894448638
    key_strength: 0.573347210884
    tuning_diatonic_strength: 0.43717622757
    tuning_equal_tempered_deviation: 0.0390427112579
    tuning_frequency: 441.017791748
    tuning_nontempered_energy_ratio: 0.611708641052
    hpcp:
        dmean: [0.0137159982696, 0.0135168861598, 0.0813866183162, 0.0827723145485, 0.0939100235701, 0.069018624723, 0.0243498459458, 0.00294682872482, 0.0075706820935, 0.0129329124466, 0.0230339448899, 0.0954116284847, 0.123391091824, 0.098556406796, 0.025276042521, 0.00695979828015, 0.0172239523381, 0.063250310719, 0.0881191641092, 0.0560430139303, 0.0109953181818, 0.00420199660584, 0.0200689956546, 0.108642168343, 0.120391182601, 0.0958535596728, 0.0737978368998, 0.025159182027, 0.025337330997, 0.0298917852342, 0.00916665326804, 0.0126334261149, 0.115929558873, 0.141428887844, 0.109276428819, 0.10435051471]
        dmean2: [0.0263171624392, 0.0247954875231, 0.123059034348, 0.122660107911, 0.14753870666, 0.116466298699, 0.0395180247724, 0.00533369602636, 0.0136362398043, 0.0230123959482, 0.0404830016196, 0.159290865064, 0.199841886759, 0.150924995542, 0.0451404713094, 0.0128481741995, 0.028135754168, 0.0935278534889, 0.135204792023, 0.0926555022597, 0.0200637150556, 0.00830667186528, 0.032414406538, 0.175752013922, 0.201590836048, 0.158900380135, 0.142527461052, 0.0470314770937, 0.0477323681116, 0.0566634908319, 0.0162819754332, 0.0225108228624, 0.211574271321, 0.25244769454, 0.195513367653, 0.194592535496]
        dvar: [0.000572073331568, 0.00104316894431, 0.00891735777259, 0.0189373418689, 0.00962094590068, 0.0123956501484, 0.00143867603038, 3.56142445526e-05, 0.000395480863517, 0.00148703821469, 0.00114604365081, 0.0124037917703, 0.031719788909, 0.0180882047862, 0.0053493687883, 0.000546089140698, 0.00236323592253, 0.0107785239816, 0.0156226400286, 0.00770654110238, 0.000577541184612, 0.000221050824621, 0.00166028260719, 0.0217043124139, 0.0282710939646, 0.0233076307923, 0.0335468202829, 0.00769665883854, 0.0137120848522, 0.0185247752815, 0.000676396710332, 0.000267565716058, 0.0278626531363, 0.042599491775, 0.0295012369752, 0.0311307739466]
        dvar2: [0.00158998731058, 0.00309336325154, 0.019131699577, 0.0381177179515, 0.0242913011461, 0.0335068404675, 0.00362890190445, 0.000102282530861, 0.0011055712821, 0.0041299732402, 0.00306025170721, 0.0318834781647, 0.0645080283284, 0.0390602834523, 0.0120582832024, 0.00158367643598, 0.00477570388466, 0.0213826764375, 0.0387813784182, 0.0227449666709, 0.0016630240716, 0.000667027488817, 0.00358390482143, 0.0619320757687, 0.076936647296, 0.0669791400433, 0.107871621847, 0.0228893961757, 0.0422494783998, 0.0582599900663, 0.00191786023788, 0.000742667703889, 0.086615242064, 0.128017038107, 0.0864101573825, 0.100242167711]
        max: [0.159021779895, 0.327346116304, 1, 1, 1, 0.901330709457, 0.348067939281, 0.0390737242997, 0.208571061492, 0.427128046751, 0.297656536102, 0.753905296326, 1, 1, 0.662982225418, 0.246456548572, 0.432774662971, 1, 1, 0.601392686367, 0.1808411479, 0.111799284816, 0.462186127901, 1, 1, 1, 0.951841890812, 0.890628635883, 1, 1, 0.204858630896, 0.093993358314, 0.793129861355, 1, 1, 0.915405213833]
        mean: [0.00866216793656, 0.0136688714847, 0.377264291048, 0.676164150238, 0.381853550673, 0.111919373274, 0.0431528650224, 0.00258533773012, 0.0104477014393, 0.0193929933012, 0.0291782971472, 0.242672145367, 0.430266529322, 0.226810291409, 0.0241306163371, 0.00640297494829, 0.0207676999271, 0.119521260262, 0.184864670038, 0.0896815210581, 0.00751911941916, 0.00237268512137, 0.0201828945428, 0.18392033875, 0.289423584938, 0.157283857465, 0.0437977313995, 0.0230686981231, 0.0258228369057, 0.0212376657873, 0.00965766888112, 0.0138991503045, 0.133753687143, 0.257597416639, 0.195893496275, 0.0684406459332]
        min: [1.56236801558e-05, 6.6400229116e-05, 0.00092267250875, 0.0031025337521, 0.00395419076085, 0.000177238936885, 9.7221636679e-05, 0.000134917150717, 0.000150851730723, 0.000184785414604, 0.000483857031213, 0.000452676002169, 0.000266782240942, 0.000632900279015, 0.00021368812304, 4.34137837146e-05, 3.36911580234e-05, 0.000264930917183, 0.000306329922751, 0.000118936870422, 5.00207315781e-05, 4.19382231485e-05, 6.28277557553e-05, 0.00285138958134, 0.00499847251922, 0.00150651251897, 4.7793972044e-05, 5.92698124819e-05, 6.20063510723e-05, 5.90435847698e-05, 6.50659203529e-05, 0.000190669728909, 0.000336321943905, 0.000581167114433, 0.00114133104216, 3.19961545756e-05]
        var: [0.00036733460729, 0.000678875192534, 0.056638225913, 0.160085856915, 0.0395255796611, 0.0232152678072, 0.00371421640739, 2.29981942539e-05, 0.000463926262455, 0.00182888132986, 0.0012423604494, 0.0485341884196, 0.154564768076, 0.05107620731, 0.00482424441725, 0.000328053429257, 0.00350607326254, 0.0299424026161, 0.047992810607, 0.0131067661569, 0.000448122504167, 0.000115169445053, 0.00282844109461, 0.0621834360063, 0.104114107788, 0.0444484576583, 0.0193524230272, 0.00851703900844, 0.0135713983327, 0.0100390007719, 0.000483578740386, 0.000270907650702, 0.0336541458964, 0.101746536791, 0.0667746737599, 0.021893510595]
    chords_histogram: [56.6820259094, 27.6497688293, 0, 0, 0, 0, 0, 0, 0, 0, 0, 0, 0, 0, 0, 0, 0, 0, 0, 0, 0, 0, 15.6682024002, 0]
    thpcp: [1, 0.564734995365, 0.165521010756, 0.0638201013207, 0.00382353574969, 0.0154514275491, 0.0286808945239, 0.0431526824832, 0.358895301819, 0.63633441925, 0.335436731577, 0.0356875136495, 0.00946955662221, 0.0307139921933, 0.176763668656, 0.273402065039, 0.132632762194, 0.0111202578992, 0.00350903719664, 0.0298491045833, 0.272005468607, 0.428037464619, 0.232611939311, 0.0647738128901, 0.0341170094907, 0.038190189749, 0.0314090400934, 0.0142830237746, 0.0205558817834, 0.197812452912, 0.380968749523, 0.289712935686, 0.101218983531, 0.0128107471392, 0.0202153157443, 0.557947814465]
    chords_key: "A#"
    chords_scale: "minor"
    key_key: "A#"
    key_scale: "minor"
    chords_progression: ["A#m", "A#m", "A#m", "A#m", "A#m", "A#m", "A#m", "A#m", "A#m", "A#m", "A#m", "A#m", "A#m", "A#m", "A#m", "A#m", "A#m", "A#m", "A#m", "A#m", "A#m", "A#m", "A#m", "A#m", "A#m", "A#m", "A#m", "A#m", "A#m", "A#m", "A#m", "A#m", "A#m", "D#m", "D#m", "D#m", "D#m", "D#m", "D#m", "D#m", "D#m", "D#m", "D#m", "D#m", "D#m", "D#m", "D#m", "D#m", "D#m", "D#m", "D#m", "D#m", "D#m", "D#m", "D#m", "D#m", "D#m", "D#m", "D#m", "D#m", "D#m", "D#m", "D#m", "D#m", "D#m", "D#m", "D#m", "A#m", "A#m", "A#m", "A#m", "A#m", "A#m", "A#m", "A#m", "A#m", "A#m", "A#m", "A#m", "A#m", "A#m", "A#m", "A#m", "A#m", "A#m", "A#m", "A#m", "A#m", "A#m", "A#m", "A#m", "A#m", "A#m", "A#m", "A#m", "A#m", "A#m", "A#m", "A#m", "A#m", "A#m", "A#m", "A#m", "A#m", "A#m", "A#m", "A#m", "A#m", "A#m", "A#m", "A#m", "A#m", "A#m", "A#m", "A#m", "A#m", "A#m", "A#m", "A#m", "A#m", "A#m", "A#m", "A#m", "A#m", "A#m", "A#m", "A#m", "A#m", "A#m", "A#m", "C#", "C#", "C#", "C#", "C#", "C#", "C#", "C#", "C#", "C#", "C#", "C#", "C#", "C#", "C#", "C#", "C#", "C#", "C#", "C#", "C#", "C#", "C#", "C#", "C#", "C#", "C#", "C#", "C#", "C#", "C#", "C#", "C#", "C#", "C#", "C#", "C#", "C#", "C#", "C#", "C#", "C#", "C#", "C#", "C#", "C#", "C#", "C#", "C#", "C#", "C#", "C#", "C#", "C#", "C#", "C#", "C#", "C#", "C#", "C#", "A#m", "A#m", "A#m", "A#m", "A#m", "A#m", "A#m", "A#m", "A#m", "A#m", "A#m", "A#m", "A#m", "A#m", "A#m", "A#m", "A#m", "A#m", "A#m", "A#m", "A#m", "A#m", "A#m", "A#m", "A#m", "A#m", "A#m"]
