
metadata:
    version:
        essentia: "1.2.2"
    audio_properties:
        analysis_sample_rate: 44100
        bitrate: 128
        channels: 2
        equal_loudness: 1
        length: 10.0310201645
        replay_gain: -5.27237892151
        downmix: "mix"
    tags:
        track: 18
        year: 0
        album: "Splitted by Mp3Splt v. 2.1"
        artist: "From 002.50 To 003.00"
        comment: "http://mp3splt.sf.net"
        genre: ""
        title: "09 Petty Thief Lout.mp3"

highlevel:
    ballroom:
        all:
            ChaChaCha: 0.561254560947
            Jive: 0.10975266248
            Quickstep: 0.144807428122
            Rumba-American: 0.00312852021307
            Rumba-International: 0.0550926364958
            Rumba-Misc: 0.00438211811706
            Samba: 0.0849473625422
            Tango: 0.0237886626273
            VienneseWaltz: 0.00361864478327
            Waltz: 0.00922737922519
        probability: 0.561254560947
        value: "ChaChaCha"
    culture:
        all:
            non_western: 0.0657774880528
            western: 0.934222519398
        probability: 0.934222519398
        value: "western"
    gender:
        all:
            female: 0.581780791283
            male: 0.41821923852
        probability: 0.581780791283
        value: "female"
    genre_dortmund:
        all:
            alternative: 0.0672067850828
            blues: 0.0699122399092
            electronic: 0.162507414818
            folkcountry: 0.0716271847486
            funksoulrnb: 0.00969622656703
            jazz: 0.381222188473
            pop: 0.0309378411621
            raphiphop: 0.00927182100713
            rock: 0.197618320584
        probability: 0.381222188473
        value: "jazz"
    genre_electronica:
        all:
            ambient: 0.343793928623
            dnb: 0.117621906102
            house: 0.37067130208
            techno: 0.104752257466
            trance: 0.0631605833769
        probability: 0.37067130208
        value: "house"
    genre_rosamerica:
        all:
            cla: 0.0291254539043
            dan: 0.0421858243644
            hip: 0.0152338016778
            jaz: 0.0342831835151
            pop: 0.217091009021
            rhy: 0.112241379917
            roc: 0.541412115097
            spe: 0.00842726044357
        probability: 0.541412115097
        value: "roc"
    genre_tzanetakis:
        all:
            blu: 0.0118824644014
            cla: 0.0178908519447
            cou: 0.0162713490427
            dis: 0.0852059796453
            hip: 0.0108860451728
            jaz: 0.00582799036056
            met: 0.0183766838163
            pop: 0.266395300627
            reg: 0.421685159206
            roc: 0.145578175783
        probability: 0.421685159206
        value: "reg"
    live_studio:
        all:
            live: 0.00492874998599
            studio: 0.995071232319
        probability: 0.995071232319
        value: "studio"
    mood:
        all:
            Cluster1: 0.286862194538
            Cluster2: 0.167059719563
            Cluster3: 0.282550752163
            Cluster4: 0.0681734830141
            Cluster5: 0.19535382092
        probability: 0.286862194538
        value: "Cluster1"
    mood_acoustic:
        all:
            acoustic: 0.184105992317
            not_acoustic: 0.815894007683
        probability: 0.815894007683
        value: "not_acoustic"
    mood_aggressive:
        all:
            aggressive: 0.0793499872088
            not_aggressive: 0.920650005341
        probability: 0.920650005341
        value: "not_aggressive"
    mood_electronic:
        all:
            electronic: 0.585493505001
            not_electronic: 0.414506465197
        probability: 0.585493505001
        value: "electronic"
    mood_happy:
        all:
            happy: 0.191226348281
            not_happy: 0.808773636818
        probability: 0.808773636818
        value: "not_happy"
    mood_party:
        all:
            not_party: 0.588090956211
            party: 0.411909013987
        probability: 0.588090956211
        value: "not_party"
    mood_relaxed:
        all:
            not_relaxed: 0.654664993286
            relaxed: 0.345335006714
        probability: 0.654664993286
        value: "not_relaxed"
    mood_sad:
        all:
            not_sad: 0.551932215691
            sad: 0.448067784309
        probability: 0.551932215691
        value: "not_sad"
    rhythm:
        all:
            fast: 0.872411310673
            medium: 0.0650960728526
            slow: 0.0624926425517
        probability: 0.872411310673
        value: "fast"
    speech_music:
        all:
            music: 0.994655370712
            speech: 0.00534463254735
        probability: 0.994655370712
        value: "music"
    timbre:
        all:
            bright: 0.877235591412
            dark: 0.122764416039
        probability: 0.877235591412
        value: "bright"
    voice_instrumental:
        all:
            instrumental: 0.963459074497
            voice: 0.0365409106016
        probability: 0.963459074497
        value: "instrumental"

lowlevel:
    average_loudness: 0.603337049484
    barkbands_kurtosis:
        dmean: 4.60648775101
        dmean2: 7.05837488174
        dvar: 55.9990081787
        dvar2: 125.243972778
        max: 86.7009658813
        mean: 9.29020309448
        min: -1.87538063526
        var: 246.969116211
    barkbands_skewness:
        dmean: 0.651709973812
        dmean2: 1.0052587986
        dvar: 0.430574893951
        dvar2: 0.964646339417
        max: 8.10161685944
        mean: 1.50430905819
        min: -3.80086946487
        var: 5.63982486725
    barkbands_spread:
        dmean: 4.72886228561
        dmean2: 7.23570871353
        dvar: 31.1109447479
        dvar2: 68.1291885376
        max: 55.4393882751
        mean: 23.3563632965
        min: 1.15929400921
        var: 270.928985596
    dissonance:
        dmean: 0.0206825044006
        dmean2: 0.0337507762015
        dvar: 0.000601516454481
        dvar2: 0.00157388753723
        max: 0.496797472239
        mean: 0.444405913353
        min: 0.251280218363
        var: 0.00223562982865
    hfc:
        dmean: 1.47248768806
        dmean2: 2.06060838699
        dvar: 8.19059276581
        dvar2: 15.8954362869
        max: 39.8321762085
        mean: 5.72759580612
        min: 0.00557599915192
        var: 70.1745071411
    pitch:
        dmean: 630.904846191
        dmean2: 1227.13110352
        dvar: 1403948.5
        dvar2: 3493837.5
        max: 4410
        mean: 775.876281738
        min: 65.9192810059
        var: 1532918.125
    pitch_instantaneous_confidence:
        dmean: 0.0896831154823
        dmean2: 0.150443956256
        dvar: 0.00636696023867
        dvar2: 0.0159561038017
        max: 0.934785783291
        mean: 0.452086687088
        min: 0.154079377651
        var: 0.0263258330524
    pitch_salience:
        dmean: 0.0696623548865
        dmean2: 0.114260621369
        dvar: 0.00374284409918
        dvar2: 0.010796925053
        max: 0.768953740597
        mean: 0.526439249516
        min: 0.142335310578
        var: 0.0143743213266
    silence_rate_20dB:
        dmean: 0
        dmean2: 0
        dvar: 0
        dvar2: 0
        max: 1
        mean: 1
        min: 1
        var: 0
    silence_rate_30dB:
        dmean: 0
        dmean2: 0
        dvar: 0
        dvar2: 0
        max: 1
        mean: 1
        min: 1
        var: 0
    silence_rate_60dB:
        dmean: 0.0348027832806
        dmean2: 0.0697674453259
        dvar: 0.0335915237665
        dvar2: 0.0742022544146
        max: 1
        mean: 0.631944417953
        min: 0
        var: 0.232590481639
    spectral_centroid:
        dmean: 189.890075684
        dmean2: 290.531768799
        dvar: 54904.8632812
        dvar2: 121596.0625
        max: 3645.07128906
        mean: 1178.57873535
        min: 148.123779297
        var: 894328.125
    spectral_complexity:
        dmean: 1.92307686806
        dmean2: 3.02336454391
        dvar: 8.34139537811
        dvar2: 18.5368461609
        max: 40
        mean: 9.66279029846
        min: 0
        var: 112.981658936
    spectral_crest:
        dmean: 2.2623257637
        dmean2: 3.73150348663
        dvar: 3.77796435356
        dvar2: 10.2117967606
        max: 23.7861404419
        mean: 10.2472572327
        min: 3.13195729256
        var: 22.99659729
    spectral_decrease:
        dmean: 1.82722503794e-10
        dmean2: 2.78111034202e-10
        dvar: 1.54882241397e-19
        dvar2: 3.73880958134e-19
        max: -2.87833212126e-12
        mean: -5.95955451654e-10
        min: -4.86948126266e-09
        var: 5.67816373728e-19
    spectral_energy:
        dmean: 0.000812678132206
        dmean2: 0.00121280481108
        dvar: 2.77393178294e-06
        dvar2: 6.53707320453e-06
        max: 0.0217865407467
        mean: 0.00276878220029
        min: 1.14027270683e-05
        var: 1.2432667063e-05
    spectral_energyband_high:
        dmean: 0.000126228129375
        dmean2: 0.000198114896193
        dvar: 9.19693192714e-08
        dvar2: 1.88939566215e-07
        max: 0.00468581728637
        mean: 0.000398344709538
        min: 2.01246610487e-08
        var: 6.08328662111e-07
    spectral_energyband_low:
        dmean: 0.000139730371302
        dmean2: 0.000237449916312
        dvar: 8.74722587696e-08
        dvar2: 2.41945031121e-07
        max: 0.00338070979342
        mean: 0.000246964948019
        min: 3.16280846846e-07
        var: 1.23367115634e-07
    spectral_energyband_middle_high:
        dmean: 0.000413489993662
        dmean2: 0.000647576001938
        dvar: 6.20511571015e-07
        dvar2: 1.49680317918e-06
        max: 0.00955175887793
        mean: 0.00136230071075
        min: 3.49348454165e-07
        var: 3.399838306e-06
    spectral_energyband_middle_low:
        dmean: 0.000404126913054
        dmean2: 0.000655293522868
        dvar: 1.15879834084e-06
        dvar2: 2.88631326839e-06
        max: 0.0122880972922
        mean: 0.000761151954066
        min: 9.61030764302e-06
        var: 1.76184994416e-06
    spectral_flatness_db:
        dmean: 0.0212326850742
        dmean2: 0.0325813777745
        dvar: 0.00038487254642
        dvar2: 0.000936389435083
        max: 0.363213032484
        mean: 0.207255646586
        min: 0.0983631834388
        var: 0.00406411662698
    spectral_flux:
        dmean: 0.00517616514117
        dmean2: 0.00759976264089
        dvar: 5.43105779798e-05
        dvar2: 0.000105243489088
        max: 0.10708066076
        mean: 0.0230815820396
        min: 0.00162538641598
        var: 0.000444621400675
    spectral_kurtosis:
        dmean: 2.5409822464
        dmean2: 4.09672403336
        dvar: 10.0004577637
        dvar2: 25.4150714874
        max: 35.2075386047
        mean: 7.93090248108
        min: 0.294228553772
        var: 45.1190605164
    spectral_rms:
        dmean: 0.000197688612388
        dmean2: 0.000290974770905
        dvar: 7.37156327091e-08
        dvar2: 1.67237558912e-07
        max: 0.00461033219472
        mean: 0.00128944497555
        min: 0.000105473271105
        var: 1.03858212697e-06
    spectral_rolloff:
        dmean: 255.23600769
        dmean2: 411.847717285
        dvar: 191796.125
        dvar2: 394171.6875
        max: 5232.56835938
        mean: 2022.21777344
        min: 129.19921875
        var: 2795347
    spectral_skewness:
        dmean: 0.297457277775
        dmean2: 0.451099574566
        dvar: 0.114590369165
        dvar2: 0.24454125762
        max: 4.89724349976
        mean: 1.98006665707
        min: 0.651191711426
        var: 0.891492605209
    spectral_spread:
        dmean: 495137.96875
        dmean2: 710464.125
        dvar: 305777770496
        dvar2: 611672784896
        max: 9416038
        mean: 4166930.75
        min: 1920674.125
        var: 1.92189628416e+12
    spectral_strongpeak:
        dmean: 0.417726099491
        dmean2: 0.743465721607
        dvar: 0.818186104298
        dvar2: 2.21551132202
        max: 5.96774244308
        mean: 0.540878653526
        min: 0.00691378396004
        var: 1.11358690262
    zerocrossingrate:
        dmean: 0.00694747967646
        dmean2: 0.00806804932654
        dvar: 5.57519306312e-05
        dvar2: 5.24480747117e-05
        max: 0.1767578125
        mean: 0.0685228928924
        min: 0.00634765625
        var: 0.00220684614033
    barkbands:
        dmean: [5.47080425406e-08, 1.7747257516e-05, 0.000127511331812, 0.000232400663663, 0.000158183742315, 4.01310499001e-05, 4.49987892353e-05, 2.11305505218e-05, 1.31546185003e-05, 1.70069051819e-05, 1.52866978169e-05, 9.79252945399e-06, 9.35923617362e-06, 2.00642316486e-05, 4.08510641137e-05, 0.000208207813557, 8.20655768621e-05, 9.05805645743e-05, 0.000123682897538, 0.000104315266071, 7.74737709435e-05, 2.02688479476e-05, 2.87710372504e-06, 9.51262563831e-07, 8.48139279697e-07, 5.94269593535e-08, 9.9276387111e-10]
        dmean2: [5.97397402657e-08, 2.99119183182e-05, 0.000217572582187, 0.000401378638344, 0.000281564833131, 5.86640599067e-05, 7.57437082939e-05, 3.48031899193e-05, 2.10726338992e-05, 2.68068215519e-05, 2.39794935624e-05, 1.59073206305e-05, 1.54990011652e-05, 3.27727211697e-05, 6.99905504007e-05, 0.000339629681548, 0.000136482049129, 0.000148407780216, 0.000199207963306, 0.000157894945005, 0.000123335266835, 3.17329577229e-05, 4.54485461887e-06, 1.46823049363e-06, 1.18413652217e-06, 8.4707657777e-08, 1.20565613049e-09]
        dvar: [8.50697333757e-13, 3.85435772188e-09, 7.26198763346e-08, 6.02411489581e-07, 1.47879390511e-07, 4.8690966814e-09, 2.49688110188e-08, 1.97618788e-09, 7.87871823338e-10, 1.95878735454e-09, 8.12911848946e-10, 3.65816654746e-10, 5.62415891636e-10, 1.68525526867e-09, 5.59918689191e-09, 2.47344416948e-07, 2.99413791538e-08, 2.80916800932e-08, 6.94138293511e-08, 5.55974999372e-08, 3.67505776921e-08, 2.40589792533e-09, 5.47822377739e-11, 6.47884350335e-12, 4.50687143855e-12, 1.73051761858e-14, 1.99003217647e-16]
        dvar2: [8.53874100332e-13, 1.0473001133e-08, 2.06060747132e-07, 1.58588932209e-06, 3.95618826587e-07, 9.97681492976e-09, 6.92778954203e-08, 5.20198994991e-09, 1.88144277935e-09, 5.35756727871e-09, 1.92824023415e-09, 8.22853896132e-10, 1.36849453991e-09, 4.38469793806e-09, 1.58669273276e-08, 6.83484131514e-07, 8.03771271762e-08, 7.21329058706e-08, 1.6941757508e-07, 1.1437298042e-07, 8.44544274514e-08, 5.79857495353e-09, 1.1916502507e-10, 1.61548881911e-11, 9.87036927885e-12, 3.99839022839e-14, 2.00089524167e-16]
        max: [1.91497874766e-05, 0.000666987034492, 0.00316119147465, 0.0084292627871, 0.00466080149636, 0.000871914089657, 0.00240621156991, 0.000452089501778, 0.000419925578171, 0.000646945496555, 0.000293876684736, 0.000224121802603, 0.000251750461757, 0.000447402562713, 0.000633788236883, 0.00504437787458, 0.00196635629982, 0.00170586432796, 0.00345202721655, 0.00329943560064, 0.00296514481306, 0.000701316457707, 9.48067972786e-05, 4.61382478534e-05, 4.41403208242e-05, 1.42197541209e-06, 2.92467518648e-07]
        mean: [5.81354591134e-08, 2.86969116132e-05, 0.000218231944018, 0.000267976109171, 0.000283032364678, 8.27631884022e-05, 6.60889345454e-05, 3.20617182297e-05, 2.50743341894e-05, 3.27238776663e-05, 2.4429989935e-05, 2.04237148864e-05, 1.53753953782e-05, 3.40558799508e-05, 7.83908180892e-05, 0.000381358870072, 0.00015143759083, 0.000205689837458, 0.000299359351629, 0.00026246975176, 0.000194437350729, 5.22055306647e-05, 7.25268637325e-06, 2.90372463496e-06, 2.16421676669e-06, 1.20858928199e-07, 1.02131936242e-09]
        min: [1.07542329209e-10, 3.29684510803e-08, 1.53889430976e-07, 1.15972376591e-07, 1.45130536566e-06, 1.3289165679e-07, 7.09100547169e-08, 1.83809412135e-08, 2.46319018515e-08, 7.56835927263e-09, 3.76339048813e-09, 1.1845493475e-08, 1.6991485996e-09, 5.4761324364e-09, 8.1750171077e-09, 8.90425511102e-09, 9.89152315611e-09, 6.25028873102e-09, 6.1842286847e-09, 9.14613895731e-09, 6.43584519011e-09, 3.26235216619e-09, 7.17944093065e-10, 6.49145792675e-10, 7.42466310655e-10, 7.95458837688e-11, 8.11337021872e-12]
        var: [8.51148307651e-13, 3.41529005077e-09, 1.01210353876e-07, 5.6361704992e-07, 2.55398703075e-07, 1.85497412986e-08, 2.2688954715e-08, 3.36825078939e-09, 1.89069693235e-09, 3.1617417573e-09, 1.65362623594e-09, 1.31052158014e-09, 1.11324593988e-09, 3.11529713137e-09, 1.33704274319e-08, 4.76255394233e-07, 6.07627157478e-08, 9.46594269635e-08, 2.25606754611e-07, 2.76825176115e-07, 1.61058792969e-07, 1.25728014666e-08, 2.74008066237e-10, 4.73999763051e-11, 2.76169573321e-11, 6.73371541903e-14, 1.98621960177e-16]
    mfcc:
        mean: [-848.050354004, 134.612594604, -34.3351593018, 67.9464874268, 0.759360253811, -0.868761360645, -4.2844376564, -10.4928941727, 0.832070827484, -9.70443630219, -10.3933839798, -13.4221191406, -4.58411026001]
        cov: [[23369.140625, -6466.54638672, -2814.07836914, 516.748413086, -822.99395752, 44.8891944885, -308.487792969, 67.2868423462, 732.4921875, -25.2016048431, 2.92150568962, 27.2626457214, 112.889656067], [-6466.54638672, 2570.97875977, 360.542907715, -150.050247192, 339.153015137, -16.0839290619, 50.1741714478, -12.5271654129, -210.371398926, -11.0819921494, 54.4696502686, -4.66888046265, -5.86081647873], [-2814.07836914, 360.542907715, 1099.77966309, -114.901496887, -51.0828742981, 81.9324264526, 188.608978271, 12.477558136, -77.7625274658, 48.5676498413, 14.2971153259, 37.2088088989, -61.0819816589], [516.748413086, -150.050247192, -114.901496887, 215.980026245, -22.6401538849, -2.93604254723, -14.618309021, 6.37787294388, 40.1040039062, 1.68880462646, -9.21985149384, 7.383020401, 20.8271694183], [-822.99395752, 339.153015137, -51.0828742981, -22.6401538849, 179.15675354, 17.9727630615, -31.3124217987, 1.57670748234, 0.412377625704, 6.13289403915, -18.5325756073, -5.03398656845, 26.365814209], [44.8891944885, -16.0839290619, 81.9324264526, -2.93604254723, 17.9727630615, 132.523529053, 31.363576889, 2.10591053963, 45.4794578552, 24.7755832672, -10.0924501419, 35.519077301, 12.7527980804], [-308.487792969, 50.1741714478, 188.608978271, -14.618309021, -31.3124217987, 31.363576889, 124.981719971, 38.203918457, -20.9009799957, 16.0290927887, 35.6222763062, 19.4211940765, -9.2399969101], [67.2868423462, -12.5271654129, 12.477558136, 6.37787294388, 1.57670748234, 2.10591053963, 38.203918457, 67.276725769, 9.28273963928, 7.04925346375, 16.6231040955, 14.9316606522, 7.02899312973], [732.4921875, -210.371398926, -77.7625274658, 40.1040039062, 0.412377625704, 45.4794578552, -20.9009799957, 9.28273963928, 119.321014404, 28.4495162964, -24.0312252045, 18.383310318, 24.3713359833], [-25.2016048431, -11.0819921494, 48.5676498413, 1.68880462646, 6.13289403915, 24.7755832672, 16.0290927887, 7.04925346375, 28.4495162964, 80.5543060303, 15.4142789841, 4.87145376205, -0.0387282595038], [2.92150568962, 54.4696502686, 14.2971153259, -9.21985149384, -18.5325756073, -10.0924501419, 35.6222763062, 16.6231040955, -24.0312252045, 15.4142789841, 90.180770874, 33.6740341187, 1.43643391132], [27.2626457214, -4.66888046265, 37.2088088989, 7.383020401, -5.03398656845, 35.519077301, 19.4211940765, 14.9316606522, 18.383310318, 4.87145376205, 33.6740341187, 79.4576416016, 29.2959384918], [112.889656067, -5.86081647873, -61.0819816589, 20.8271694183, 26.365814209, 12.7527980804, -9.2399969101, 7.02899312973, 24.3713359833, -0.0387282595038, 1.43643391132, 29.2959384918, 66.9564361572]]
        icov: [[0.000368698994862, 0.000733952852897, 0.000762461626437, 0.000126693004859, 0.00045085939928, -0.000476891640574, -0.000227338445256, -7.98162654974e-05, -0.000647948123515, 0.00027287483681, -0.000737317546736, 0.000258677959209, 0.000127709077788], [0.000733952852897, 0.00216675177217, 0.00131353118923, 0.00026324603823, -0.000607099558692, -0.000832289224491, -0.000637596705928, 0.00012371687626, -0.000380598561605, 0.000615772500169, -0.00186810141895, 0.000409533706261, 0.000364993000403], [0.000762461626437, 0.00131353118923, 0.00322438892908, 0.000756330788136, 0.00148091872688, -0.00119416310918, -0.00272945081815, 0.000526524905581, -0.000531806028448, -0.000580157386139, 0.000211707345443, -0.00100788427517, 0.00137772515882], [0.000126693004859, 0.00026324603823, 0.000756330788136, 0.00541018368676, 0.00108678569086, 0.000343633262673, -0.000437415495981, -0.000257952488028, -0.00142060790677, -0.000154374851263, 0.000531680008862, -0.000306818750687, -0.00107030814979], [0.00045085939928, -0.000607099558692, 0.00148091872688, 0.00108678569086, 0.0108732245862, -0.00289589818567, 0.00277475547045, -0.00277164229192, -0.000578631996177, -0.00119849154726, 0.000931612914428, 0.00195173814427, -0.00352054717951], [-0.000476891640574, -0.000832289224491, -0.00119416310918, 0.000343633262673, -0.00289589818567, 0.0133950179443, -0.00477805966511, 0.00373841798864, -0.00340741826221, -0.00213164021261, 0.00472773890942, -0.00654417695478, 0.00107307336293], [-0.000227338445256, -0.000637596705928, -0.00272945081815, -0.000437415495981, 0.00277475547045, -0.00477805966511, 0.0178916547447, -0.00916984956712, 0.00329685932957, -0.000453091517556, -0.00455638719723, 0.00259074964561, -0.00101340736728], [-7.98162654974e-05, 0.00012371687626, 0.000526524905581, -0.000257952488028, -0.00277164229192, 0.00373841798864, -0.00916984956712, 0.0212201923132, -0.00320300855674, 9.41536272876e-05, -0.000417732604546, -0.00287854974158, 2.6578156394e-05], [-0.000647948123515, -0.000380598561605, -0.000531806028448, -0.00142060790677, -0.000578631996177, -0.00340741826221, 0.00329685932957, -0.00320300855674, 0.017760951072, -0.00642929133028, 0.00619746278971, -0.00361698796041, -0.002334946068], [0.00027287483681, 0.000615772500169, -0.000580157386139, -0.000154374851263, -0.00119849154726, -0.00213164021261, -0.000453091517556, 9.41536272876e-05, -0.00642929133028, 0.017093423754, -0.00690661463886, 0.00438092136756, 0.000499541813042], [-0.000737317546736, -0.00186810141895, 0.000211707345443, 0.000531680008862, 0.000931612914428, 0.00472773890942, -0.00455638719723, -0.000417732604546, 0.00619746278971, -0.00690661463886, 0.0220986846834, -0.0118766305968, 0.00171770586167], [0.000258677959209, 0.000409533706261, -0.00100788427517, -0.000306818750687, 0.00195173814427, -0.00654417695478, 0.00259074964561, -0.00287854974158, -0.00361698796041, 0.00438092136756, -0.0118766305968, 0.0250763706863, -0.00948469527066], [0.000127709077788, 0.000364993000403, 0.00137772515882, -0.00107030814979, -0.00352054717951, 0.00107307336293, -0.00101340736728, 2.6578156394e-05, -0.002334946068, 0.000499541813042, 0.00171770586167, -0.00948469527066, 0.0223440099508]]
    spectral_contrast:
        mean: [5.10104882778e-07, -2.99201445841e-07, -9.75592868713e-08, -1.79766912467e-09, 6.18224902382e-08, -1.93689103867e-07, -3.24027473653e-06, 2.28556086768e-06, 1.64855362073e-06, 1.70441558112e-06, 7.55149267206e-06, 6.70122562951e-06]
        var: [0.000553284713533, 0.000787298835348, 0.000976926996373, 0.00179835082963, 0.00300030433573, 0.00575051130727, 0.052044250071, 0.0932217687368, 0.174628987908, 0.277936160564, 0.645704567432, 11.8355617523]

rhythm:
    beats_loudness:
        dmean: 0.0039810333401
        dmean2: 0.00755295855924
        dvar: 1.83124284376e-05
        dvar2: 5.84889312449e-05
        max: 0.0155419344082
        mean: 0.00430819112808
        min: 3.37780656992e-05
        var: 2.44635029958e-05
    beats_loudness_bass:
        dmean: 0.227685943246
        dmean2: 0.407607764006
        dvar: 0.040805760771
        dvar2: 0.156932026148
        max: 0.828531444073
        mean: 0.393147021532
        min: 0.0160569306463
        var: 0.0539859011769
    bpm: 121.656600952
    bpm_confidence: 0
    first_peak_bpm: 88
    first_peak_spread: 0
    first_peak_weight: 0.5
    onset_rate: 2.8910317421
    second_peak_bpm: 122
    second_peak_spread: 0
    second_peak_weight: 0.4375
    beats_position: [0.260943084955, 0.945072591305, 1.62920200825, 2.313331604, 2.99746108055, 3.68159031868, 4.36571979523, 5.04984951019, 5.73397874832, 6.37505245209, 6.868268013, 7.36148357391, 7.85469961166, 8.34791469574, 8.84113121033, 9.33434677124, 9.82756233215]
    bpm_estimates: [120.482681274, 122.548454285, 121.983505249, 122.796630859, 121.696342468, 120.426811218, 121.661727905]
    bpm_intervals: [0.684129476547, 0.684129416943, 0.684129595757, 0.684129476547, 0.684129238129, 0.684129476547, 0.684129714966, 0.684129238129, 0.641073703766, 0.493215560913, 0.493215560913, 0.49321603775, 0.493215084076, 0.493216514587, 0.493215560913, 0.493215560913]
    onset_times: [0.522448956966, 1.07972788811, 1.23065757751, 1.5673469305, 1.77632653713, 3.30884361267, 3.85451245308, 4.15637207031, 4.35374164581, 4.69043064117, 5.08517026901, 5.13160991669, 5.32897949219, 5.3754196167, 5.630838871, 5.81659841537, 5.94430828094, 6.3622674942, 6.82666683197, 7.14013624191, 7.32589578629, 7.63936519623, 7.81351470947, 8.13859367371, 8.32435417175, 8.63782310486, 9.11383247375, 9.32281208038, 9.89170074463]
    rubato_start: [6.868268013]
    rubato_stop: [7.36148357391]
    perceptual_tempo: "unknown"

sfx:
    inharmonicity:
        dmean: 0.0362963229418
        dmean2: 0.0632927194238
        dvar: 0.00272914557718
        dvar2: 0.00764726288617
        max: 0.326782912016
        mean: 0.0394606664777
        min: 0
        var: 0.00315219070762
    oddtoevenharmonicenergyratio:
        dmean: 7.21396350861
        dmean2: 14.2484540939
        dvar: 2434.7253418
        dvar2: 7271.13623047
        max: 627.23638916
        mean: 3.86056470871
        min: 0
        var: 1230.44421387
    pitch_after_max_to_before_max_energy_ratio: 13.0633764267
    pitch_centroid: 277.636016846
    pitch_max_to_total: 0.325581401587
    pitch_min_to_total: 0.367441862822
    tristimulus:
        dmean: [0.19665671885, 0.223204523325, 0.106003589928]
        dmean2: [0.346540480852, 0.394265890121, 0.18729352951]
        dvar: [0.039561022073, 0.046539992094, 0.0185645502061]
        dvar2: [0.101990535855, 0.122674360871, 0.0526577942073]
        max: [1, 0.982056319714, 0.711149930954]
        mean: [0.520065963268, 0.341420054436, 0.107387915254]
        min: [0.0031236235518, 0, 0]
        var: [0.0906169787049, 0.0684972032905, 0.02233379893]

tonal:
    chords_changes_rate: 0.101851850748
    chords_number_rate: 0.0324074067175
    chords_strength:
        dmean: 0.0112328026444
        dmean2: 0.00997387897223
        dvar: 7.9191479017e-05
        dvar2: 8.54443351272e-05
        max: 0.66310697794
        mean: 0.483918786049
        min: 0.294508516788
        var: 0.00855760276318
    key_strength: 0.568488836288
    tuning_diatonic_strength: 0.530537903309
    tuning_equal_tempered_deviation: 0.116072610021
    tuning_frequency: 448.467559814
    tuning_nontempered_energy_ratio: 0.778504669666
    hpcp:
        dmean: [0.136658206582, 0.124653764069, 0.090036585927, 0.093270406127, 0.0924031734467, 0.1187979877, 0.175579786301, 0.21850810945, 0.200532019138, 0.135023161769, 0.0972974747419, 0.126554086804, 0.120041236281, 0.125400751829, 0.137406781316, 0.105687253177, 0.10604789108, 0.0616334825754, 0.0599977225065, 0.0947881191969, 0.113257698715, 0.100435853004, 0.0922955945134, 0.0658682584763, 0.0684493333101, 0.0536549910903, 0.0386509783566, 0.0625217705965, 0.077545709908, 0.121772021055, 0.107990093529, 0.132682785392, 0.0865997299552, 0.0671838968992, 0.0810807049274, 0.134130075574]
        dmean2: [0.215520650148, 0.211481332779, 0.148347526789, 0.153752893209, 0.162505626678, 0.200237989426, 0.308346360922, 0.383024245501, 0.358940511942, 0.225264757872, 0.170876130462, 0.214831069112, 0.203979328275, 0.222492337227, 0.242010816932, 0.168663695455, 0.189401656389, 0.111149914563, 0.105584003031, 0.168619006872, 0.178556263447, 0.150763377547, 0.157104849815, 0.118004076183, 0.128854528069, 0.100880719721, 0.0639918074012, 0.104605324566, 0.134863838553, 0.210244774818, 0.171448200941, 0.233417227864, 0.149831429124, 0.110790535808, 0.143762484193, 0.213531792164]
        dvar: [0.0349322296679, 0.0224541090429, 0.0228759497404, 0.0269025973976, 0.0370143055916, 0.0285202581435, 0.0565255992115, 0.0519513636827, 0.0579134300351, 0.0358364880085, 0.0247157681733, 0.046579811722, 0.0373038053513, 0.0378316491842, 0.0561570748687, 0.0306097753346, 0.0380283892155, 0.0166782774031, 0.0113942753524, 0.0304136034101, 0.0246408246458, 0.0170423369855, 0.0188126936555, 0.015189114958, 0.0387072898448, 0.0208527855575, 0.00374807184562, 0.0105116898194, 0.0105857793242, 0.0381113290787, 0.0328419804573, 0.0419609546661, 0.015371253714, 0.0114206383005, 0.0128353340551, 0.0318745486438]
        dvar2: [0.0684118121862, 0.0514209829271, 0.0559727139771, 0.0643507391214, 0.109242998064, 0.0767302885652, 0.141898289323, 0.143955722451, 0.164910361171, 0.0933799743652, 0.0639659911394, 0.111818358302, 0.091223359108, 0.111935861409, 0.154029726982, 0.0647343024611, 0.111979544163, 0.0486847423017, 0.0320967920125, 0.088208861649, 0.0628238990903, 0.02875145711, 0.0500140637159, 0.0399671271443, 0.108563750982, 0.0613152272999, 0.00799966230989, 0.0267500057817, 0.0288945566863, 0.110530979931, 0.0641082897782, 0.130244776607, 0.0410435758531, 0.0331921055913, 0.033862542361, 0.0889838263392]
        max: [1, 1, 1, 1, 1, 1, 1, 1, 1, 1, 1, 1, 1, 1, 1, 1, 1, 1, 0.703610420227, 1, 1, 1, 0.959328353405, 0.856284201145, 1, 1, 0.639409959316, 1, 0.823188126087, 1, 1, 1, 0.924703419209, 0.814498364925, 0.823706269264, 1]
        mean: [0.315716177225, 0.206375136971, 0.125913456082, 0.113975666463, 0.0966476425529, 0.181002020836, 0.36881262064, 0.405470818281, 0.324223548174, 0.225237756968, 0.134713247418, 0.163327410817, 0.157039344311, 0.120422489941, 0.188466072083, 0.205843314528, 0.122682705522, 0.0689031779766, 0.0640061870217, 0.0929506123066, 0.221182689071, 0.264762461185, 0.13409280777, 0.0553723014891, 0.0495852380991, 0.044180855155, 0.0707468241453, 0.109297566116, 0.114978700876, 0.171684920788, 0.218077093363, 0.164132624865, 0.121040344238, 0.0975993648171, 0.109571047127, 0.246956989169]
        min: [0.000431430642493, 0.000434600893641, 0.000138722316478, 0.00012435062672, 0.000170601022546, 0.000105297287519, 0.000123144476674, 0.00058950931998, 0.000370679510524, 0.000336756900651, 0.000176006855327, 0.000325518572936, 0.00027610300458, 0.000208559780731, 0.00057200237643, 0.000216891334276, 1.37788683787e-05, 2.5004546842e-05, 3.52902643499e-05, 0.000122497309349, 2.74641224678e-05, 2.91707874567e-05, 7.74313666625e-05, 1.6704600057e-05, 1.53542077896e-05, 0.000109971464553, 7.66983139329e-05, 8.39112108224e-05, 0.000503292190842, 8.41680666781e-05, 0.000221050358959, 0.000696833594702, 0.000194173277123, 6.85889026499e-05, 0.000278393155895, 0.000337840814609]
        var: [0.116086341441, 0.0516126342118, 0.0384441576898, 0.043635841459, 0.0337655358016, 0.0440689176321, 0.116435341537, 0.104418516159, 0.10886746645, 0.0918299257755, 0.0326641947031, 0.0639565289021, 0.0602498389781, 0.0311871413141, 0.0782384574413, 0.0835495963693, 0.0342181734741, 0.0149042466655, 0.0108031099662, 0.02457443811, 0.0856043919921, 0.111426658928, 0.0299656055868, 0.0124819641933, 0.0243019666523, 0.0126047981903, 0.0111629441381, 0.0242488160729, 0.0165410321206, 0.0482621043921, 0.0868026688695, 0.0480512455106, 0.0224663633853, 0.0163490008563, 0.017179697752, 0.0720454975963]
    chords_histogram: [0, 0, 0, 0, 0, 0, 0, 0.462962955236, 0, 0, 0, 0, 0, 8.79629611969, 14.8148145676, 7.87037038803, 25.4629631042, 14.8148145676, 0, 0.925925910473, 0.462962955236, 0, 18.5185184479, 7.87037038803]
    thpcp: [1, 0.799622416496, 0.555496811867, 0.332239061594, 0.402809292078, 0.387301236391, 0.29699420929, 0.464807987213, 0.5076649189, 0.302568525076, 0.169933751225, 0.157856464386, 0.229241192341, 0.545495927334, 0.652975380421, 0.330708891153, 0.136562973261, 0.12229052186, 0.108961857855, 0.174480676651, 0.26955717802, 0.283568382263, 0.423421144485, 0.53783673048, 0.40479516983, 0.298518002033, 0.240706264973, 0.270231634378, 0.609062314034, 0.778640925884, 0.508976519108, 0.310536414385, 0.281094610691, 0.238359063864, 0.446399629116, 0.909591019154]
    chords_key: "G"
    chords_scale: "major"
    key_key: "B"
    key_scale: "major"
    chords_progression: ["Em", "Em", "Em", "Em", "Em", "G", "G", "G", "G", "G", "G", "G", "G", "G", "G", "G", "G", "G", "G", "G", "G", "G", "Em", "Em", "Em", "Em", "Em", "Em", "C", "C", "C", "C", "C", "C", "C", "C", "C", "C", "C", "C", "C", "C", "C", "C", "C", "C", "C", "C", "C", "C", "C", "C", "C", "C", "C", "C", "C", "E", "C", "C", "C", "E", "E", "E", "E", "E", "Cm", "E", "E", "E", "E", "E", "E", "E", "E", "E", "E", "G", "G", "G", "G", "G", "G", "G", "G", "G", "G", "G", "G", "G", "G", "G", "G", "G", "G", "G", "G", "G", "G", "G", "G", "G", "G", "G", "G", "G", "G", "G", "G", "G", "E", "E", "E", "E", "E", "E", "E", "E", "E", "E", "E", "E", "E", "E", "E", "E", "E", "E", "E", "G#m", "G#m", "G#m", "G#m", "G#m", "G#m", "Am", "Am", "Am", "Am", "Am", "Am", "Am", "Am", "Am", "Am", "Am", "Am", "Am", "Am", "Am", "Am", "Am", "Am", "Am", "G#m", "G#m", "G#m", "G#m", "G#m", "G#m", "G#m", "G#m", "G#m", "G#m", "E", "E", "E", "E", "G#m", "E", "Em", "Em", "Em", "Em", "Em", "Em", "F#m", "F#m", "Bm", "Bm", "Bm", "Bm", "Bm", "Bm", "Bm", "Bm", "Bm", "Bm", "Bm", "Bm", "Bm", "Bm", "Bm", "Bm", "Bm", "Bm", "Bm", "Bm", "Bm", "Bm", "G", "G", "G", "G", "G", "A", "Bm", "Bm", "Bm", "Bm", "Bm", "Bm", "Bm", "Bm", "Bm", "Bm"]
