
metadata:
    version:
        essentia: "1.2.2"
    audio_properties:
        analysis_sample_rate: 44100
        bitrate: 128
        channels: 2
        equal_loudness: 1
        length: 9.97877597809
        replay_gain: -14.007144928
        downmix: "mix"
    tags:
        track: 20
        year: 0
        album: "Splitted by Mp3Splt v. 2.1"
        artist: "From 003.10 To 003.20"
        comment: "http://mp3splt.sf.net"
        genre: ""
        title: "08 The Day (That You Gave Me a"

highlevel:
    ballroom:
        all:
            ChaChaCha: 0.0680510029197
            Jive: 0.0496449247003
            Quickstep: 0.335560411215
            Rumba-American: 0.142596498132
            Rumba-International: 0.106916166842
            Rumba-Misc: 0.121368668973
            Samba: 0.0714962631464
            Tango: 0.0424002073705
            VienneseWaltz: 0.0299268737435
            Waltz: 0.032038975507
        probability: 0.335560411215
        value: "Quickstep"
    culture:
        all:
            non_western: 0.0194810014218
            western: 0.980518996716
        probability: 0.980518996716
        value: "western"
    gender:
        all:
            female: 0.531585335732
            male: 0.468414634466
        probability: 0.531585335732
        value: "female"
    genre_dortmund:
        all:
            alternative: 0.0653209611773
            blues: 0.0136003866792
            electronic: 0.00895916018635
            folkcountry: 0.350674062967
            funksoulrnb: 0.00890115275979
            jazz: 0.0977160483599
            pop: 0.128217890859
            raphiphop: 0.00186896591913
            rock: 0.324741363525
        probability: 0.350674062967
        value: "folkcountry"
    genre_electronica:
        all:
            ambient: 0.891546785831
            dnb: 0.0409900397062
            house: 0.00636038184166
            techno: 0.00453683827072
            trance: 0.0565659478307
        probability: 0.891546785831
        value: "ambient"
    genre_rosamerica:
        all:
            cla: 0.0169575531036
            dan: 0.0148609662428
            hip: 0.00936275720596
            jaz: 0.573518514633
            pop: 0.158499509096
            rhy: 0.192387849092
            roc: 0.0277631543577
            spe: 0.00664969719946
        probability: 0.573518514633
        value: "jaz"
    genre_tzanetakis:
        all:
            blu: 0.0052304752171
            cla: 0.0371558815241
            cou: 0.179616197944
            dis: 0.0156683381647
            hip: 0.00295259291306
            jaz: 0.359867274761
            met: 0.00258802995086
            pop: 0.278294444084
            reg: 0.102508686483
            roc: 0.0161180719733
        probability: 0.359867274761
        value: "jaz"
    live_studio:
        all:
            live: 0.0748720392585
            studio: 0.925127983093
        probability: 0.925127983093
        value: "studio"
    mood:
        all:
            Cluster1: 0.043691508472
            Cluster2: 0.417029500008
            Cluster3: 0.3774510324
            Cluster4: 0.1404543221
            Cluster5: 0.0213736277074
        probability: 0.417029500008
        value: "Cluster2"
    mood_acoustic:
        all:
            acoustic: 0.929879665375
            not_acoustic: 0.070120356977
        probability: 0.929879665375
        value: "acoustic"
    mood_aggressive:
        all:
            aggressive: 0.00527183944359
            not_aggressive: 0.994728147984
        probability: 0.994728147984
        value: "not_aggressive"
    mood_electronic:
        all:
            electronic: 0.207371473312
            not_electronic: 0.792628526688
        probability: 0.792628526688
        value: "not_electronic"
    mood_happy:
        all:
            happy: 0.365166187286
            not_happy: 0.634833812714
        probability: 0.634833812714
        value: "not_happy"
    mood_party:
        all:
            not_party: 0.939707159996
            party: 0.0602928213775
        probability: 0.939707159996
        value: "not_party"
    mood_relaxed:
        all:
            not_relaxed: 0.259605109692
            relaxed: 0.740394890308
        probability: 0.740394890308
        value: "relaxed"
    mood_sad:
        all:
            not_sad: 0.0606840774417
            sad: 0.939315915108
        probability: 0.939315915108
        value: "sad"
    rhythm:
        all:
            fast: 0.742828905582
            medium: 0.147961229086
            slow: 0.109209865332
        probability: 0.742828905582
        value: "fast"
    speech_music:
        all:
            music: 0.12703345716
            speech: 0.872966527939
        probability: 0.872966527939
        value: "speech"
    timbre:
        all:
            bright: 0.921165883541
            dark: 0.0788341388106
        probability: 0.921165883541
        value: "bright"
    voice_instrumental:
        all:
            instrumental: 0.215625151992
            voice: 0.784374833107
        probability: 0.784374833107
        value: "voice"

lowlevel:
    average_loudness: 0.968038916588
    barkbands_kurtosis:
        dmean: 1.55717718601
        dmean2: 2.26739883423
        dvar: 3.72095632553
        dvar2: 9.13502883911
        max: 24.4811458588
        mean: 2.90532135963
        min: -1.60766160488
        var: 17.2262516022
    barkbands_skewness:
        dmean: 0.344813138247
        dmean2: 0.51754373312
        dvar: 0.119960822165
        dvar2: 0.289119660854
        max: 3.87956237793
        mean: 1.33829843998
        min: -0.652608931065
        var: 0.5513895154
    barkbands_spread:
        dmean: 3.41908097267
        dmean2: 5.14935398102
        dvar: 12.6782064438
        dvar2: 26.3575496674
        max: 56.5102729797
        mean: 17.0141201019
        min: 2.58749246597
        var: 100.275238037
    dissonance:
        dmean: 0.0332240611315
        dmean2: 0.054377194494
        dvar: 0.000871675321832
        dvar2: 0.00200063432567
        max: 0.491845965385
        mean: 0.404352515936
        min: 0.176433384418
        var: 0.00324571807869
    hfc:
        dmean: 0.803763926029
        dmean2: 1.09123980999
        dvar: 1.51749300957
        dvar2: 2.60412073135
        max: 11.7372140884
        mean: 3.64068770409
        min: 5.54835787625e-06
        var: 9.30418872833
    pitch:
        dmean: 111.55355835
        dmean2: 208.5962677
        dvar: 200566.59375
        dvar2: 536587.9375
        max: 4009.09082031
        mean: 371.202484131
        min: 83.3648376465
        var: 220075.203125
    pitch_instantaneous_confidence:
        dmean: 0.076653316617
        dmean2: 0.114982195199
        dvar: 0.00859554857016
        dvar2: 0.0162700228393
        max: 0.961539983749
        mean: 0.637899696827
        min: 0.165612399578
        var: 0.0555008836091
    pitch_salience:
        dmean: 0.0614022947848
        dmean2: 0.09585288167
        dvar: 0.00317379971966
        dvar2: 0.00687090866268
        max: 0.942035019398
        mean: 0.546047985554
        min: 0.206390723586
        var: 0.0160696748644
    silence_rate_20dB:
        dmean: 0
        dmean2: 0
        dvar: 0
        dvar2: 0
        max: 1
        mean: 1
        min: 1
        var: 0
    silence_rate_30dB:
        dmean: 0
        dmean2: 0
        dvar: 0
        dvar2: 0
        max: 1
        mean: 1
        min: 1
        var: 0
    silence_rate_60dB:
        dmean: 0.0883720964193
        dmean2: 0.174825176597
        dvar: 0.080562017858
        dvar2: 0.148922994733
        max: 1
        mean: 0.489559173584
        min: 0
        var: 0.249892055988
    spectral_centroid:
        dmean: 110.644668579
        dmean2: 160.484680176
        dvar: 17597.8515625
        dvar2: 34341.3359375
        max: 2630.43237305
        mean: 909.026611328
        min: 338.860107422
        var: 118146.3125
    spectral_complexity:
        dmean: 1.42890441418
        dmean2: 2.38785052299
        dvar: 2.96289300919
        dvar2: 5.42900705338
        max: 17
        mean: 6.92558145523
        min: 0
        var: 10.3898143768
    spectral_crest:
        dmean: 2.42991518974
        dmean2: 3.76399755478
        dvar: 4.79792833328
        dvar2: 10.804444313
        max: 24.2808532715
        mean: 11.5390253067
        min: 3.10428857803
        var: 30.1066322327
    spectral_decrease:
        dmean: 2.36560354638e-10
        dmean2: 3.42942563236e-10
        dvar: 1.42751663564e-19
        dvar2: 2.98311365883e-19
        max: -1.72383020876e-15
        mean: -9.5212249196e-10
        min: -4.32180424781e-09
        var: 5.92276259538e-19
    spectral_energy:
        dmean: 0.000960988400038
        dmean2: 0.00138483894989
        dvar: 2.32742013395e-06
        dvar2: 4.81124288854e-06
        max: 0.0173760671169
        mean: 0.00392374861985
        min: 7.00939573051e-09
        var: 9.99156600301e-06
    spectral_energyband_high:
        dmean: 1.70080129465e-05
        dmean2: 2.63240126515e-05
        dvar: 9.88437220961e-10
        dvar2: 2.30782570831e-09
        max: 0.000327397923684
        mean: 4.58747636003e-05
        min: 3.10421445493e-11
        var: 2.53079779355e-09
    spectral_energyband_low:
        dmean: 2.66391161858e-05
        dmean2: 4.31173502875e-05
        dvar: 2.24125362713e-09
        dvar2: 6.21341023077e-09
        max: 0.000761298462749
        mean: 0.000127450824948
        min: 5.20162246609e-10
        var: 5.29364196922e-09
    spectral_energyband_middle_high:
        dmean: 0.000345043546986
        dmean2: 0.000455643312307
        dvar: 3.68582902865e-07
        dvar2: 5.76301488309e-07
        max: 0.00904070306569
        mean: 0.00127211166546
        min: 2.40108000149e-09
        var: 2.72200304607e-06
    spectral_energyband_middle_low:
        dmean: 0.000806152063888
        dmean2: 0.00122619327158
        dvar: 2.07640914596e-06
        dvar2: 4.59802822661e-06
        max: 0.0158635172993
        mean: 0.00247830618173
        min: 3.96378529999e-09
        var: 6.39494055577e-06
    spectral_flatness_db:
        dmean: 0.0160493049771
        dmean2: 0.0234369114041
        dvar: 0.000281608983641
        dvar2: 0.000591363641433
        max: 0.300153136253
        mean: 0.176753714681
        min: 0.0601439885795
        var: 0.00181746121962
    spectral_flux:
        dmean: 0.0110638840124
        dmean2: 0.0169445108622
        dvar: 0.000176319430466
        dvar2: 0.000370232883142
        max: 0.109245277941
        mean: 0.0287729389966
        min: 8.37221305119e-05
        var: 0.000400105287554
    spectral_kurtosis:
        dmean: 1.31513011456
        dmean2: 2.12508964539
        dvar: 1.58906435966
        dvar2: 4.34386491776
        max: 16.4727115631
        mean: 5.30286645889
        min: -0.821437358856
        var: 5.18664550781
    spectral_rms:
        dmean: 0.000238016247749
        dmean2: 0.000324053049553
        dvar: 1.12079199255e-07
        dvar2: 1.93796111603e-07
        max: 0.00411731237546
        mean: 0.0017741038464
        min: 2.61504010268e-06
        var: 6.80604443914e-07
    spectral_rolloff:
        dmean: 368.774658203
        dmean2: 617.117126465
        dvar: 198922.703125
        dvar2: 441132.1875
        max: 6093.89648438
        mean: 1456.39538574
        min: 301.46484375
        var: 870525.125
    spectral_skewness:
        dmean: 0.180055618286
        dmean2: 0.272039204836
        dvar: 0.0253964997828
        dvar2: 0.0592036210001
        max: 3.61863827705
        mean: 1.98169255257
        min: 0.516029238701
        var: 0.167135775089
    spectral_spread:
        dmean: 533882.25
        dmean2: 752935.25
        dvar: 1.06101257011e+12
        dvar2: 1.30724711629e+12
        max: 22344596
        mean: 5051289
        min: 2655576
        var: 2.98314812621e+12
    spectral_strongpeak:
        dmean: 0.259814679623
        dmean2: 0.392502069473
        dvar: 0.123305268586
        dvar2: 0.263703733683
        max: 3.10696458817
        mean: 0.894296884537
        min: 0
        var: 0.690181732178
    zerocrossingrate:
        dmean: 0.00600506272167
        dmean2: 0.00708464160562
        dvar: 3.47723071172e-05
        dvar2: 5.27656775375e-05
        max: 0.1669921875
        mean: 0.0542480461299
        min: 0.00927734375
        var: 0.000452672073152
    barkbands:
        dmean: [6.95246740179e-08, 9.39772417041e-06, 2.09617901419e-05, 2.96221096505e-05, 0.000116950832307, 0.000118344119983, 4.29239371442e-05, 0.000429764331784, 0.000358796212822, 0.000226753822062, 4.60184492113e-05, 4.84984557261e-05, 7.27420920157e-05, 8.72315649758e-05, 6.3628591306e-05, 1.25966280393e-05, 3.16399091389e-05, 5.32639169251e-05, 3.8410678826e-05, 2.19839148485e-05, 7.28917848392e-06, 2.04474554266e-06, 1.8999154463e-06, 1.38146356221e-06, 7.55700170885e-07, 1.74205592174e-08, 1.96940375119e-09]
        dmean2: [1.08444716318e-07, 1.38911991598e-05, 3.49694018951e-05, 4.41861775471e-05, 0.000187496072613, 0.000191594837816, 6.50928122923e-05, 0.000676229887176, 0.000513940409292, 0.000308642658638, 7.34486820875e-05, 6.82500176481e-05, 0.000104985956568, 0.000138972362038, 9.28473018575e-05, 2.0511854018e-05, 4.92966173624e-05, 8.18310654722e-05, 6.37627599644e-05, 3.21607258229e-05, 1.16609280667e-05, 3.1566337384e-06, 2.69194333669e-06, 2.03081572181e-06, 1.22193341667e-06, 2.72091700282e-08, 2.07082773152e-09]
        dvar: [3.63734853326e-14, 2.67062871817e-10, 1.33658173418e-09, 5.1516306776e-09, 4.20199306461e-08, 4.13105247787e-08, 1.04649577892e-08, 1.27064708977e-06, 6.73865315548e-07, 3.05959105162e-07, 1.51553507521e-08, 1.35114541777e-08, 5.78981556032e-08, 5.61341941818e-08, 1.65122635565e-08, 3.3281313816e-10, 3.77453224232e-09, 9.89584059141e-09, 5.43711387024e-09, 1.21998056102e-09, 2.71481892522e-10, 2.04023759692e-11, 1.51223165934e-11, 5.35451977896e-12, 3.74444746043e-12, 2.93639662451e-15, 1.36258060939e-15]
        dvar2: [4.70596767121e-14, 5.39694067214e-10, 4.13970946411e-09, 8.12495937197e-09, 9.84258790027e-08, 1.09367718437e-07, 1.7672709518e-08, 2.98887493955e-06, 1.3350198742e-06, 5.61515662412e-07, 3.57900269421e-08, 2.18018456621e-08, 1.21495347116e-07, 1.33614051379e-07, 3.47020900904e-08, 8.16159362316e-10, 8.93119267431e-09, 2.63013948398e-08, 1.35924311806e-08, 2.3371751201e-09, 7.05971447967e-10, 4.17416379239e-11, 3.02872726898e-11, 1.07599762433e-11, 9.00303182699e-12, 6.4190600433e-15, 1.321774056e-15]
        max: [3.3934907151e-06, 0.00024763122201, 0.0005124983727, 0.00157414318528, 0.00261990423314, 0.00158516003285, 0.00151966908015, 0.0104931574315, 0.0099805817008, 0.00844359025359, 0.00129253289197, 0.00140975206159, 0.00334989582188, 0.00321868225001, 0.00143011740874, 0.000189864396816, 0.000774005544372, 0.000977201620117, 0.000765960023273, 0.000507560907863, 0.000212693004869, 7.0471141953e-05, 6.42350423732e-05, 2.76329774351e-05, 2.50230041274e-05, 7.20282685052e-07, 7.77962668508e-07]
        mean: [3.58201219797e-07, 6.91936656949e-05, 5.79067127546e-05, 6.25233806204e-05, 0.00023037828214, 0.00021381721308, 8.86828493094e-05, 0.000882414111402, 0.000889869290404, 0.000592111726291, 6.43333623884e-05, 8.72373057064e-05, 0.000105222090497, 0.000119896649267, 0.000128825035063, 2.4096463676e-05, 5.94839802943e-05, 0.000106952233182, 7.11710381438e-05, 4.0533945139e-05, 1.58736784215e-05, 4.5343358579e-06, 3.99414375352e-06, 2.87250372821e-06, 1.44026103044e-06, 2.68233790734e-08, 1.98711047616e-09]
        min: [1.8555806891e-10, 2.66042993191e-10, 1.61596569459e-10, 1.47902939895e-10, 3.47295109338e-10, 3.70441732844e-10, 4.6893933181e-10, 8.42254155309e-10, 1.62410485061e-09, 6.50882625575e-10, 1.09800314674e-10, 3.08198966348e-10, 1.01558228494e-09, 2.08650749456e-10, 1.0045378418e-10, 1.49517495607e-10, 7.89759056763e-12, 3.9233633703e-12, 2.09475947872e-12, 1.15296062628e-11, 1.59263314342e-11, 3.930540355e-12, 2.94080515148e-12, 1.16070282725e-12, 9.27649558731e-13, 8.49206013669e-13, 4.24925462113e-14]
        var: [7.31888033794e-14, 1.33145616754e-09, 2.06375827538e-09, 1.82171877583e-08, 9.32392296704e-08, 5.87680411002e-08, 2.21701839109e-08, 3.24964526044e-06, 3.34168794325e-06, 1.89470677014e-06, 2.67640309914e-08, 3.77813549335e-08, 9.2021636533e-08, 9.82307781783e-08, 6.99506728097e-08, 5.68889713115e-10, 7.85336595754e-09, 1.96908747085e-08, 7.574723071e-09, 2.77645195723e-09, 5.19363885232e-10, 8.6367885066e-11, 5.104719078e-11, 1.49012191475e-11, 6.95067224263e-12, 4.32988377208e-15, 1.40401809645e-15]
    mfcc:
        mean: [-762.994506836, 133.601303101, -30.1650295258, 28.5237350464, -4.96462440491, -16.9274654388, 3.40297198296, -2.26716732979, -5.10409927368, 8.32536029816, -0.804484367371, -1.99959146976, -8.17262077332]
        cov: [[3362.66210938, -577.005187988, -359.182342529, -551.748352051, -206.742095947, -303.805786133, 114.853538513, 191.41633606, -102.738899231, 137.562652588, 23.3172607422, 10.8579587936, -258.303131104], [-577.005187988, 560.264587402, -9.0279045105, 159.471206665, -14.4333133698, -40.1407585144, -21.4018611908, -112.896453857, -1.48391878605, -17.6659221649, 42.4154510498, 39.9110565186, 82.4910049438], [-359.182342529, -9.0279045105, 405.988952637, 76.8353729248, 40.230140686, 45.7499694824, -40.1964874268, -24.9769001007, -46.8619232178, -67.2574310303, 12.3030128479, 36.9883766174, 101.796020508], [-551.748352051, 159.471206665, 76.8353729248, 442.737792969, 83.4993743896, 145.098480225, -117.346168518, -104.548431396, 4.70800542831, -81.1942749023, -18.5899429321, -60.5578231812, 59.4253768921], [-206.742095947, -14.4333133698, 40.230140686, 83.4993743896, 131.19342041, 22.1700019836, -22.2028541565, -35.630115509, 3.71066880226, 2.19811248779, -21.4403190613, -31.1316127777, 11.1193771362], [-303.805786133, -40.1407585144, 45.7499694824, 145.098480225, 22.1700019836, 216.691345215, -48.6922111511, -1.18838143349, -47.4560508728, -81.1012954712, -17.0890693665, 1.43112075329, 50.0112724304], [114.853538513, -21.4018611908, -40.1964874268, -117.346168518, -22.2028541565, -48.6922111511, 130.627807617, 54.5775413513, -5.20529460907, 21.3108634949, -9.76866817474, -3.10069346428, -24.8850097656], [191.41633606, -112.896453857, -24.9769001007, -104.548431396, -35.630115509, -1.18838143349, 54.5775413513, 127.146232605, -26.4566459656, 13.6387662888, -2.08828949928, 1.693816185, -9.15641307831], [-102.738899231, -1.48391878605, -46.8619232178, 4.70800542831, 3.71066880226, -47.4560508728, -5.20529460907, -26.4566459656, 167.256561279, 33.837184906, -19.3927593231, -57.5077018738, -46.5083503723], [137.562652588, -17.6659221649, -67.2574310303, -81.1942749023, 2.19811248779, -81.1012954712, 21.3108634949, 13.6387662888, 33.837184906, 126.952949524, 4.92236852646, -11.3652687073, -46.7447357178], [23.3172607422, 42.4154510498, 12.3030128479, -18.5899429321, -21.4403190613, -17.0890693665, -9.76866817474, -2.08828949928, -19.3927593231, 4.92236852646, 80.6254806519, 36.7687110901, -0.781732916832], [10.8579587936, 39.9110565186, 36.9883766174, -60.5578231812, -31.1316127777, 1.43112075329, -3.10069346428, 1.693816185, -57.5077018738, -11.3652687073, 36.7687110901, 114.281784058, 34.4171524048], [-258.303131104, 82.4910049438, 101.796020508, 59.4253768921, 11.1193771362, 50.0112724304, -24.8850097656, -9.15641307831, -46.5083503723, -46.7447357178, -0.781732916832, 34.4171524048, 123.404968262]]
        icov: [[0.000683619757183, 0.000751723360736, 0.000454473745776, 8.22731744847e-05, 0.000842178007588, 0.00114049261902, 0.000361276324838, 0.000113473317469, 0.00104274123441, 0.000212409417145, 2.68744151981e-05, 0.000185203927686, 0.000479051814182], [0.000751723360736, 0.00448004715145, 0.00149393570609, -0.00188637583051, 0.00218967441469, 0.0029866148252, -0.00146479066461, 0.00286369281821, 0.000977834453806, -5.52458295715e-05, -0.00151652330533, -0.000867931696121, -0.00265573104843], [0.000454473745776, 0.00149393570609, 0.00393275730312, -0.00047895667376, -0.000174438566319, 0.0016169307055, 0.000101659119537, 0.000744114280678, 0.000669216038659, 0.00122565985657, -0.000984431011602, -0.000561716209631, -0.00275777117349], [8.22731744847e-05, -0.00188637583051, -0.00047895667376, 0.00630205124617, -0.00162561063189, -0.00303111877292, 0.0031393149402, 0.00140326214023, 0.000477370311273, 0.00122832041234, 4.58570466435e-05, 0.00402338197455, 0.000428936502431], [0.000842178007588, 0.00218967441469, -0.000174438566319, -0.00162561063189, 0.011675552465, 0.0014685211936, -0.00033084867755, 0.0033836660441, 0.00234792940319, -0.00206757127307, 0.00139951775782, 0.00220199674368, -0.000740587187465], [0.00114049261902, 0.0029866148252, 0.0016169307055, -0.00303111877292, 0.0014685211936, 0.0109550701454, 0.00145575031638, -0.00118604570162, 0.00288784550503, 0.00365611747839, 0.000996552756988, -0.00114862667397, -0.00104989868123], [0.000361276324838, -0.00146479066461, 0.000101659119537, 0.0031393149402, -0.00033084867755, 0.00145575031638, 0.0128497881815, -0.00444590020925, 0.00160105945542, 0.00125429104082, 0.00255292630754, 0.00178924982902, 0.00243661063723], [0.000113473317469, 0.00286369281821, 0.000744114280678, 0.00140326214023, 0.0033836660441, -0.00118604570162, -0.00444590020925, 0.0147250909358, 0.0021696544718, -0.00151043513324, -0.00133388792165, 0.00236928788945, -0.00301816221327], [0.00104274123441, 0.000977834453806, 0.000669216038659, 0.000477370311273, 0.00234792940319, 0.00288784550503, 0.00160105945542, 0.0021696544718, 0.0103407176211, -0.000594214827288, 0.00129558367189, 0.00423058960587, 0.00234939414077], [0.000212409417145, -5.52458295715e-05, 0.00122565985657, 0.00122832041234, -0.00206757127307, 0.00365611747839, 0.00125429104082, -0.00151043513324, -0.000594214827288, 0.0123797878623, -0.000551853736397, 0.000165887890034, 0.0021401217673], [2.68744151981e-05, -0.00151652330533, -0.000984431011602, 4.58570466435e-05, 0.00139951775782, 0.000996552756988, 0.00255292630754, -0.00133388792165, 0.00129558367189, -0.000551853736397, 0.0166119858623, -0.004433802329, 0.00336685706861], [0.000185203927686, -0.000867931696121, -0.000561716209631, 0.00402338197455, 0.00220199674368, -0.00114862667397, 0.00178924982902, 0.00236928788945, 0.00423058960587, 0.000165887890034, -0.004433802329, 0.0163415130228, -0.00263099861331], [0.000479051814182, -0.00265573104843, -0.00275777117349, 0.000428936502431, -0.000740587187465, -0.00104989868123, 0.00243661063723, -0.00301816221327, 0.00234939414077, 0.0021401217673, 0.00336685706861, -0.00263099861331, 0.0161604955792]]
    spectral_contrast:
        mean: [-1.69275452322e-07, -3.52182894403e-07, -4.37366395545e-07, -7.62384999575e-09, -1.59195522542e-07, -6.40611290237e-07, 5.26364465259e-06, -2.31487803148e-07, 7.13315102985e-07, -2.19095591092e-06, -2.38723532675e-06, 1.59851344961e-06]
        var: [0.000467633013614, 0.000690636516083, 0.00153630075511, 0.00226198742166, 0.00734936725348, 0.0159429088235, 0.044466599822, 0.0749497786164, 0.140856027603, 0.173769488931, 0.395438700914, 1.29968202114]

rhythm:
    beats_loudness:
        dmean: 0.00325804157183
        dmean2: 0.00593466544524
        dvar: 4.44918578069e-06
        dvar2: 9.66323477769e-06
        max: 0.0093140611425
        mean: 0.0044809654355
        min: 0.00101688678842
        var: 6.41661654299e-06
    beats_loudness_bass:
        dmean: 0.0597063824534
        dmean2: 0.0957360714674
        dvar: 0.00130008184351
        dvar2: 0.00457441853359
        max: 0.170303359628
        mean: 0.0605531856418
        min: 0.0058189057745
        var: 0.00237539527006
    bpm: 87.8335189819
    bpm_confidence: 0
    first_peak_bpm: 99
    first_peak_spread: 0
    first_peak_weight: 0.642857134342
    onset_rate: 3.20680642128
    second_peak_bpm: 88
    second_peak_spread: 0
    second_peak_weight: 0.285714298487
    beats_position: [0.210221618414, 0.815969347954, 1.4217171669, 2.02746486664, 2.63321256638, 3.23896050453, 3.84470844269, 4.45045614243, 5.056204319, 5.66195201874, 6.56780958176, 7.25092792511, 7.9340467453, 8.61716556549, 9.30028438568]
    bpm_estimates: [87.502532959, 87.8431015015, 88.3224868774, 87.6659545898]
    bpm_intervals: [0.605747699738, 0.605747818947, 0.605747699738, 0.605747699738, 0.605747938156, 0.605747938156, 0.605747699738, 0.605748176575, 0.605747699738, 0.905857563019, 0.683118343353, 0.68311882019, 0.68311882019, 0.68311882019]
    onset_times: [0.0464399084449, 0.53405892849, 0.661768734455, 1.52090704441, 1.89242625237, 2.32199549675, 2.50775504112, 2.72834467888, 2.85605430603, 3.21596360207, 3.70358276367, 3.83129262924, 3.99383211136, 4.57433128357, 4.72526073456, 4.87619066238, 4.91102027893, 4.94585037231, 5.08517026901, 5.25931978226, 5.66566896439, 5.87464857101, 6.1068482399, 6.23455762863, 6.5015873909, 6.96598625183, 7.24462604523, 7.81351470947, 8.63782310486, 9.06739234924, 9.26476192474, 9.65950107574]
    rubato_start: [7.25092792511]
    rubato_stop: [9.30028438568]
    perceptual_tempo: "unknown"

sfx:
    inharmonicity:
        dmean: 0.035464476794
        dmean2: 0.0635504648089
        dvar: 0.00257144961506
        dvar2: 0.00732201291248
        max: 0.447122991085
        mean: 0.0336025394499
        min: 0
        var: 0.00222998042591
    oddtoevenharmonicenergyratio:
        dmean: 5.92026042938
        dmean2: 10.3492832184
        dvar: 196.590576172
        dvar2: 535.511413574
        max: 120.79309845
        mean: 5.05040407181
        min: 0
        var: 182.263748169
    pitch_after_max_to_before_max_energy_ratio: 0.128832548857
    pitch_centroid: 217.406173706
    pitch_max_to_total: 0.899999976158
    pitch_min_to_total: 0.874418616295
    tristimulus:
        dmean: [0.182452261448, 0.199853301048, 0.0620533563197]
        dmean2: [0.31646540761, 0.350477159023, 0.104791693389]
        dvar: [0.0371605195105, 0.0482016839087, 0.00486590992659]
        dvar2: [0.0947846770287, 0.11940651387, 0.0126353316009]
        max: [1, 0.961371481419, 0.594456255436]
        mean: [0.357062369585, 0.552264213562, 0.0715614929795]
        min: [0.00777155766264, 0, 0]
        var: [0.0599972978234, 0.0721497610211, 0.00604439899325]

tonal:
    chords_changes_rate: 0.0138888889924
    chords_number_rate: 0.0185185186565
    chords_strength:
        dmean: 0.00843868684024
        dmean2: 0.00716893933713
        dvar: 6.31280272501e-05
        dvar2: 6.55286785332e-05
        max: 0.791989564896
        mean: 0.605880439281
        min: 0.318269908428
        var: 0.012269789353
    key_strength: 0.617854297161
    tuning_diatonic_strength: 0.543050765991
    tuning_equal_tempered_deviation: 0.0663479119539
    tuning_frequency: 437.971466064
    tuning_nontempered_energy_ratio: 0.707165300846
    hpcp:
        dmean: [0.114281527698, 0.0930907875299, 0.0602176859975, 0.0289318859577, 0.023430030793, 0.039655495435, 0.0612754747272, 0.0613988786936, 0.0464389920235, 0.0454755648971, 0.0407697409391, 0.0445954911411, 0.0757501125336, 0.119035638869, 0.192483112216, 0.210644870996, 0.204508408904, 0.137335836887, 0.087371788919, 0.0722645223141, 0.0682139098644, 0.062330942601, 0.0825404748321, 0.105451226234, 0.112323656678, 0.0819081217051, 0.0947207137942, 0.121182739735, 0.107210829854, 0.0782078132033, 0.0747991278768, 0.0703703165054, 0.0808609649539, 0.0793779790401, 0.0769415646791, 0.102128282189]
        dmean2: [0.179313212633, 0.148817509413, 0.102143652737, 0.0490932911634, 0.0407355092466, 0.0649366378784, 0.0988613590598, 0.101889252663, 0.0796841159463, 0.0790229812264, 0.0730841234326, 0.0811740309, 0.132515758276, 0.206123784184, 0.326918780804, 0.367813766003, 0.345580488443, 0.24217915535, 0.16065017879, 0.138266921043, 0.123854577541, 0.109623804688, 0.14726921916, 0.174138724804, 0.185681939125, 0.14378118515, 0.166128948331, 0.194315612316, 0.168877929449, 0.129383429885, 0.125169888139, 0.123556755483, 0.151174932718, 0.138041362166, 0.128214821219, 0.173004716635]
        dvar: [0.0255978964269, 0.0244913380593, 0.0170689914376, 0.00268241972663, 0.00353972380981, 0.00561365345493, 0.0204859264195, 0.017280979082, 0.018262244761, 0.0165104512125, 0.0142954634503, 0.00961723923683, 0.0294245164841, 0.0433233231306, 0.0682166069746, 0.0732392296195, 0.0604427792132, 0.05791329965, 0.0313173122704, 0.0453392378986, 0.0254650339484, 0.0154561074451, 0.0256626289338, 0.0395702719688, 0.0474334433675, 0.0291325505823, 0.0364502221346, 0.0444422774017, 0.037588391453, 0.0222711376846, 0.0250333696604, 0.0222395602614, 0.0357150435448, 0.0269655827433, 0.0236504785717, 0.0294973552227]
        dvar2: [0.0584928654134, 0.0625331178308, 0.0420725382864, 0.00683972379193, 0.00980513077229, 0.0130171375349, 0.043591376394, 0.0441347509623, 0.0516060851514, 0.0466667376459, 0.0415195338428, 0.0279247444123, 0.077149219811, 0.0993677601218, 0.158020988107, 0.170173943043, 0.145773634315, 0.123663410544, 0.091080904007, 0.124474033713, 0.0726606547832, 0.0352537743747, 0.0566423721611, 0.0831892937422, 0.1097131446, 0.0727408900857, 0.101103462279, 0.0907120481133, 0.0710307136178, 0.0605206228793, 0.0534878708422, 0.0608916096389, 0.103164762259, 0.0719979256392, 0.0568292550743, 0.0570641756058]
        max: [1, 1, 1, 0.32732847333, 0.555056989193, 0.584365427494, 1, 1, 1, 1, 1, 0.678810119629, 1, 1, 1, 1, 1, 1, 0.973181903362, 1, 0.912283182144, 1, 1, 1, 1, 1, 1, 1, 1, 1, 1, 1, 1, 1, 1, 1]
        mean: [0.197695448995, 0.155658170581, 0.0674525350332, 0.0302590560168, 0.0261363107711, 0.0570085346699, 0.112945117056, 0.0929323360324, 0.0476340204477, 0.0483457893133, 0.0383122861385, 0.0474254786968, 0.0914120823145, 0.123213477433, 0.248947620392, 0.411863714457, 0.329790890217, 0.138088732958, 0.0683122426271, 0.061569429934, 0.0665115192533, 0.105335056782, 0.117824032903, 0.159886807203, 0.221532508731, 0.14697137475, 0.112780727446, 0.211371675134, 0.186176225543, 0.122728168964, 0.142575740814, 0.0984894111753, 0.0691689327359, 0.0920480787754, 0.092359341681, 0.134372115135]
        min: [0, 0, 0, 0, 0, 0, 0, 0, 0, 0, 0, 0, 0, 0, 0, 0, 0, 0, 0, 0, 0, 0, 0, 0, 0, 0, 0, 0, 0, 0, 0, 0, 0, 0, 0, 0]
        var: [0.0611238889396, 0.0474887639284, 0.0172531679273, 0.00279262871481, 0.00302411080338, 0.0100477775559, 0.0489421412349, 0.0290625970811, 0.0125137455761, 0.0130555015057, 0.010205947794, 0.0125117581338, 0.0459389351308, 0.0505935400724, 0.0815166383982, 0.143561780453, 0.105778835714, 0.0611926503479, 0.0224220715463, 0.037164632231, 0.0221997611225, 0.044277600944, 0.0415856204927, 0.0574418120086, 0.120964951813, 0.0563218742609, 0.0373801514506, 0.0989960581064, 0.0827785953879, 0.0378715060651, 0.064842030406, 0.0303363632411, 0.025236627087, 0.0355153009295, 0.0309223961085, 0.0450766086578]
    chords_histogram: [37.0370368958, 0, 0, 0, 0, 0, 0, 0, 0, 0, 0, 0, 0, 0, 0, 0, 0, 29.1666660309, 0, 0, 0, 0, 29.1666660309, 4.62962961197]
    thpcp: [1, 0.800728201866, 0.335277736187, 0.165861278772, 0.149489820004, 0.161489143968, 0.255752205849, 0.286075294018, 0.388203173876, 0.537878215313, 0.35684466362, 0.273830205202, 0.513207793236, 0.45203357935, 0.297982484102, 0.346172124147, 0.239131078124, 0.167941316962, 0.223491594195, 0.224247336388, 0.326253831387, 0.480002105236, 0.377936124802, 0.163773924112, 0.0734686106443, 0.0634586364031, 0.138416022062, 0.274229347706, 0.225638568401, 0.115654811263, 0.117382980883, 0.0930217579007, 0.115148477256, 0.221947401762, 0.299160808325, 0.604441761971]
    chords_key: "D"
    chords_scale: "major"
    key_key: "D"
    key_scale: "major"
    chords_progression: ["Bm", "Bm", "Bm", "Bm", "Bm", "Bm", "Bm", "Bm", "Bm", "Bm", "G", "G", "G", "G", "G", "G", "G", "G", "G", "G", "G", "G", "G", "G", "G", "G", "G", "G", "G", "G", "G", "G", "G", "G", "G", "G", "G", "G", "G", "G", "G", "G", "G", "G", "G", "G", "G", "G", "G", "G", "G", "G", "G", "G", "G", "G", "G", "G", "G", "G", "G", "G", "G", "G", "G", "G", "G", "G", "G", "G", "G", "G", "G", "D", "D", "D", "D", "D", "D", "D", "D", "D", "D", "D", "D", "D", "D", "D", "D", "D", "D", "D", "D", "D", "D", "D", "D", "D", "D", "D", "D", "D", "D", "D", "D", "D", "D", "D", "D", "D", "D", "D", "D", "D", "D", "D", "D", "D", "D", "D", "D", "D", "D", "D", "D", "D", "D", "D", "D", "D", "D", "D", "D", "D", "D", "D", "D", "D", "D", "D", "D", "D", "D", "D", "D", "D", "D", "D", "D", "D", "D", "D", "D", "Dm", "Dm", "Dm", "Dm", "Dm", "Dm", "Dm", "Dm", "Dm", "Dm", "Dm", "Dm", "Dm", "Dm", "Dm", "Dm", "Dm", "Dm", "Dm", "Dm", "Dm", "Dm", "Dm", "Dm", "Dm", "Dm", "Dm", "Dm", "Dm", "Dm", "Dm", "Dm", "Dm", "Dm", "Dm", "Dm", "Dm", "Dm", "Dm", "Dm", "Dm", "Dm", "Dm", "Dm", "Dm", "Dm", "Dm", "Dm", "Dm", "Dm", "Dm", "Dm", "Dm", "Dm", "Dm", "Dm", "Dm", "Dm", "Dm", "Dm", "Dm", "Dm", "Dm"]
