
metadata:
    version:
        essentia: "1.2.2"
    audio_properties:
        analysis_sample_rate: 44100
        bitrate: 128
        channels: 2
        equal_loudness: 1
        length: 9.97877597809
        replay_gain: -9.51080513
        downmix: "mix"
    tags:
        track: 45
        year: 0
        album: "Splitted by Mp3Splt v. 2.1"
        artist: "From 007.20 To 007.30"
        comment: "http://mp3splt.sf.net"
        genre: ""
        title: "09 Cool Kids of Death.mp3"

highlevel:
    ballroom:
        all:
            ChaChaCha: 0.0119022885337
            Jive: 0.00572156580165
            Quickstep: 0.000374595547328
            Rumba-American: 0.000235203799093
            Rumba-International: 0.0132689289749
            Rumba-Misc: 0.00250619184226
            Samba: 0.965482413769
            Tango: 0.000245749019086
            VienneseWaltz: 0.000148208535393
            Waltz: 0.000114880116598
        probability: 0.965482413769
        value: "Samba"
    culture:
        all:
            non_western: 0.0258110351861
            western: 0.97418898344
        probability: 0.97418898344
        value: "western"
    gender:
        all:
            female: 0.76562076807
            male: 0.234379217029
        probability: 0.76562076807
        value: "female"
    genre_dortmund:
        all:
            alternative: 0.00857688486576
            blues: 0.000350679300027
            electronic: 0.910309612751
            folkcountry: 0.000622047344223
            funksoulrnb: 0.00040863713366
            jazz: 0.00992342177778
            pop: 0.00335778691806
            raphiphop: 0.039355866611
            rock: 0.0270950701088
        probability: 0.910309612751
        value: "electronic"
    genre_electronica:
        all:
            ambient: 0.0356466174126
            dnb: 0.0647473558784
            house: 0.035344671458
            techno: 0.664565443993
            trance: 0.199695914984
        probability: 0.664565443993
        value: "techno"
    genre_rosamerica:
        all:
            cla: 0.00966644193977
            dan: 0.348165422678
            hip: 0.492271840572
            jaz: 0.0112665472552
            pop: 0.0188626740128
            rhy: 0.0481874458492
            roc: 0.0668759196997
            spe: 0.00470371544361
        probability: 0.492271840572
        value: "hip"
    genre_tzanetakis:
        all:
            blu: 0.0189895145595
            cla: 0.0394847169518
            cou: 0.0166092514992
            dis: 0.10328810662
            hip: 0.151612922549
            jaz: 0.0408033318818
            met: 0.11786827445
            pop: 0.22170419991
            reg: 0.261810779572
            roc: 0.0278288889676
        probability: 0.261810779572
        value: "reg"
    live_studio:
        all:
            live: 0.139676138759
            studio: 0.86032384634
        probability: 0.86032384634
        value: "studio"
    mood:
        all:
            Cluster1: 0.239128917456
            Cluster2: 0.00950043462217
            Cluster3: 0.00462838029489
            Cluster4: 0.00379136065021
            Cluster5: 0.74295091629
        probability: 0.74295091629
        value: "Cluster5"
    mood_acoustic:
        all:
            acoustic: 0.0195136386901
            not_acoustic: 0.98048633337
        probability: 0.98048633337
        value: "not_acoustic"
    mood_aggressive:
        all:
            aggressive: 0.992563307285
            not_aggressive: 0.00743668619543
        probability: 0.992563307285
        value: "aggressive"
    mood_electronic:
        all:
            electronic: 0.971294999123
            not_electronic: 0.0287050139159
        probability: 0.971294999123
        value: "electronic"
    mood_happy:
        all:
            happy: 0.0727525800467
            not_happy: 0.927247405052
        probability: 0.927247405052
        value: "not_happy"
    mood_party:
        all:
            not_party: 0.062501758337
            party: 0.937498211861
        probability: 0.937498211861
        value: "party"
    mood_relaxed:
        all:
            not_relaxed: 0.259623497725
            relaxed: 0.740376472473
        probability: 0.740376472473
        value: "relaxed"
    mood_sad:
        all:
            not_sad: 0.821349859238
            sad: 0.178650155663
        probability: 0.821349859238
        value: "not_sad"
    rhythm:
        all:
            fast: 0.543206810951
            medium: 0.219607323408
            slow: 0.237185880542
        probability: 0.543206810951
        value: "fast"
    speech_music:
        all:
            music: 0.999421000481
            speech: 0.000578970531933
        probability: 0.999421000481
        value: "music"
    timbre:
        all:
            bright: 0.601349592209
            dark: 0.398650407791
        probability: 0.601349592209
        value: "bright"
    voice_instrumental:
        all:
            instrumental: 0.95086556673
            voice: 0.0491344332695
        probability: 0.95086556673
        value: "instrumental"

lowlevel:
    average_loudness: 0.960823476315
    barkbands_kurtosis:
        dmean: 2.13813328743
        dmean2: 3.3790473938
        dvar: 6.96968507767
        dvar2: 16.1620140076
        max: 15.4052200317
        mean: 1.70011150837
        min: -1.85614192486
        var: 15.0210733414
    barkbands_skewness:
        dmean: 0.64563369751
        dmean2: 0.957484662533
        dvar: 0.316654503345
        dvar2: 0.686441719532
        max: 3.64184165001
        mean: -0.395847022533
        min: -3.46225690842
        var: 1.59530365467
    barkbands_spread:
        dmean: 10.5071430206
        dmean2: 15.7572937012
        dvar: 98.8888244629
        dvar2: 184.974960327
        max: 77.7191696167
        mean: 38.0787353516
        min: 4.06329154968
        var: 425.843597412
    dissonance:
        dmean: 0.00618477445096
        dmean2: 0.010473864153
        dvar: 6.34920579614e-05
        dvar2: 0.000122922210721
        max: 0.49997022748
        mean: 0.492355048656
        min: 0.369895577431
        var: 7.31257532607e-05
    hfc:
        dmean: 3.23782396317
        dmean2: 5.03429222107
        dvar: 26.9671535492
        dvar2: 66.8957672119
        max: 32.5752220154
        mean: 4.06304883957
        min: 0.0328053161502
        var: 26.7127799988
    pitch:
        dmean: 1100.23876953
        dmean2: 2050.51953125
        dvar: 1147935
        dvar2: 2838501
        max: 4410
        mean: 1991.69689941
        min: 90.9278335571
        var: 1230326.5
    pitch_instantaneous_confidence:
        dmean: 0.123056337237
        dmean2: 0.203057155013
        dvar: 0.00784646347165
        dvar2: 0.0220402237028
        max: 0.791223526001
        mean: 0.403181046247
        min: 0.156712949276
        var: 0.0155455777422
    pitch_salience:
        dmean: 0.0722878873348
        dmean2: 0.110866941512
        dvar: 0.00361021910794
        dvar2: 0.00802331417799
        max: 0.871688723564
        mean: 0.621334195137
        min: 0.239402532578
        var: 0.0120770642534
    silence_rate_20dB:
        dmean: 0
        dmean2: 0
        dvar: 0
        dvar2: 0
        max: 1
        mean: 1
        min: 1
        var: 0
    silence_rate_30dB:
        dmean: 0
        dmean2: 0
        dvar: 0
        dvar2: 0
        max: 1
        mean: 1
        min: 1
        var: 0
    silence_rate_60dB:
        dmean: 0.12790697813
        dmean2: 0.256410270929
        dvar: 0.111546985805
        dvar2: 0.204649031162
        max: 1
        mean: 0.80510443449
        min: 0
        var: 0.156910851598
    spectral_centroid:
        dmean: 401.975738525
        dmean2: 553.428466797
        dvar: 126549.796875
        dvar2: 232705.53125
        max: 4021.81298828
        mean: 2192.88574219
        min: 299.798492432
        var: 878337.6875
    spectral_complexity:
        dmean: 3.99766898155
        dmean2: 6.14018678665
        dvar: 29.5920600891
        dvar2: 68.732711792
        max: 38
        mean: 4.90000009537
        min: 0
        var: 36.9225387573
    spectral_crest:
        dmean: 2.98983860016
        dmean2: 4.91309976578
        dvar: 5.97273874283
        dvar2: 15.7797689438
        max: 19.6219940186
        mean: 9.57537269592
        min: 2.94144248962
        var: 11.1796045303
    spectral_decrease:
        dmean: 3.82117615327e-10
        dmean2: 5.69309377418e-10
        dvar: 4.56265536355e-19
        dvar2: 9.78118016684e-19
        max: -1.77212714988e-12
        mean: -5.12910325323e-10
        min: -3.91742194239e-09
        var: 5.62628038432e-19
    spectral_energy:
        dmean: 0.00172958197072
        dmean2: 0.0025551863946
        dvar: 8.85392819328e-06
        dvar2: 1.95731317945e-05
        max: 0.0177399367094
        mean: 0.0023043716792
        min: 9.66396873991e-06
        var: 1.06040279206e-05
    spectral_energyband_high:
        dmean: 0.000299614126561
        dmean2: 0.000457555084722
        dvar: 2.55252700754e-07
        dvar2: 6.39250004042e-07
        max: 0.00360541557893
        mean: 0.000341569248121
        min: 4.11954306401e-06
        var: 2.52003928836e-07
    spectral_energyband_low:
        dmean: 0.00060398329515
        dmean2: 0.000911025505047
        dvar: 1.58128500516e-06
        dvar2: 3.53375844497e-06
        max: 0.00860936101526
        mean: 0.000715961563401
        min: 1.1665603239e-07
        var: 1.842793381e-06
    spectral_energyband_middle_high:
        dmean: 0.000601106032263
        dmean2: 0.000975437345915
        dvar: 7.67733752127e-07
        dvar2: 1.90089201624e-06
        max: 0.0058926991187
        mean: 0.000776694272645
        min: 2.9788716347e-06
        var: 7.62234037666e-07
    spectral_energyband_middle_low:
        dmean: 0.000637156539597
        dmean2: 0.00114514981396
        dvar: 2.55609052147e-06
        dvar2: 7.0599112405e-06
        max: 0.0085771298036
        mean: 0.000469992490252
        min: 5.03102285165e-07
        var: 1.65966866916e-06
    spectral_flatness_db:
        dmean: 0.0229577571154
        dmean2: 0.0359446592629
        dvar: 0.000351954688085
        dvar2: 0.000790625694208
        max: 0.252474933863
        mean: 0.151311919093
        min: 0.0799309834838
        var: 0.000799389032181
    spectral_flux:
        dmean: 0.0125866467133
        dmean2: 0.0184131599963
        dvar: 0.000317751342664
        dvar2: 0.000531213881914
        max: 0.121764458716
        mean: 0.031766153872
        min: 0.00310869235545
        var: 0.000572315650061
    spectral_kurtosis:
        dmean: 0.615559339523
        dmean2: 0.947829544544
        dvar: 0.288222581148
        dvar2: 0.703704416752
        max: 3.75800800323
        mean: 1.1870085001
        min: -0.580555438995
        var: 0.622828364372
    spectral_rms:
        dmean: 0.000472110201372
        dmean2: 0.000663429789711
        dvar: 3.5424866951e-07
        dvar2: 7.14987550055e-07
        max: 0.00416019884869
        mean: 0.00128113210667
        min: 9.709924052e-05
        var: 6.06867729402e-07
    spectral_rolloff:
        dmean: 593.091308594
        dmean2: 941.121765137
        dvar: 412873.5
        dvar2: 903802.0625
        max: 5727.83203125
        mean: 3694.59741211
        min: 150.732421875
        var: 1079262.25
    spectral_skewness:
        dmean: 0.175999194384
        dmean2: 0.258819580078
        dvar: 0.0192179270089
        dvar2: 0.0473416112363
        max: 1.77309513092
        mean: 1.08868050575
        min: 0.446919828653
        var: 0.0477961525321
    spectral_spread:
        dmean: 875258.3125
        dmean2: 1357517.125
        dvar: 611769188352
        dvar2: 1.19227836006e+12
        max: 16278933
        mean: 8096185.5
        min: 4879178.5
        var: 1.79968357171e+12
    spectral_strongpeak:
        dmean: 0.284451156855
        dmean2: 0.50217628479
        dvar: 0.192108333111
        dvar2: 0.507651865482
        max: 3.89705228806
        mean: 0.368815898895
        min: 0.00123380264267
        var: 0.259689480066
    zerocrossingrate:
        dmean: 0.0131915612146
        dmean2: 0.0138076357543
        dvar: 0.000118572934298
        dvar2: 0.000116103045002
        max: 0.20849609375
        mean: 0.123832665384
        min: 0.03857421875
        var: 0.00121748470701
    barkbands:
        dmean: [5.54285770704e-06, 0.000361106882337, 0.000319485319778, 0.000359882193152, 0.00025857691071, 2.10060770769e-05, 9.62180729402e-06, 4.67542622573e-06, 5.99048098593e-06, 5.74148907617e-06, 8.37433526613e-06, 7.76239903644e-06, 7.33340857551e-06, 1.46235370266e-05, 2.6798381441e-05, 6.74620823702e-05, 0.00024131371174, 8.01178030088e-05, 0.000119600663311, 0.000190154241864, 0.000125917926198, 5.57647617825e-05, 1.68196638697e-05, 8.84584642336e-06, 9.9460612546e-06, 3.075538757e-07, 3.36265970624e-09]
        dmean2: [5.81441008762e-06, 0.000564298592508, 0.00053286855109, 0.000662940030452, 0.000459943810711, 3.67191205441e-05, 1.69119830389e-05, 8.40570010041e-06, 1.06214956759e-05, 9.43149461818e-06, 1.38306595545e-05, 1.27202047224e-05, 1.2415758647e-05, 2.42072110268e-05, 4.79352420371e-05, 0.000116158516903, 0.000408816966228, 0.000131432840135, 0.000192236053408, 0.000314745819196, 0.000199026704649, 8.39670174173e-05, 2.60905053437e-05, 1.32794912133e-05, 1.53576911543e-05, 4.48021779675e-07, 3.75381103979e-09]
        dvar: [8.13057399185e-11, 6.22981929155e-07, 5.64769152334e-07, 1.0141840221e-06, 3.98687234338e-07, 3.61478980082e-09, 1.15906451104e-09, 1.1127770233e-10, 2.36501651596e-10, 2.9813479463e-10, 4.13679340783e-10, 2.08121922474e-10, 1.83484935579e-10, 5.32416111199e-10, 2.08612993546e-09, 9.53180911978e-09, 9.54714352019e-08, 1.71341678623e-08, 3.58654013155e-08, 1.30226595729e-07, 5.51580967567e-08, 8.30159319065e-09, 6.4749455797e-10, 1.2868309196e-10, 1.82255641135e-10, 1.54050885004e-13, 2.69353809073e-15]
        dvar2: [8.742491453e-11, 1.55693351189e-06, 1.3228698208e-06, 2.84869770439e-06, 1.08380606889e-06, 1.03719655087e-08, 3.34549654646e-09, 3.04775982229e-10, 6.37733144071e-10, 7.20118242814e-10, 9.43964240108e-10, 4.82974937821e-10, 4.46454706537e-10, 1.26957200308e-09, 5.61648771935e-09, 2.54144936207e-08, 2.35725721609e-07, 4.26063166969e-08, 8.8188464531e-08, 3.36070797857e-07, 1.4297756934e-07, 2.01897414343e-08, 1.68973846026e-09, 3.01807218106e-10, 4.67372140989e-10, 2.98293236899e-13, 2.60683029254e-15]
        max: [0.000104061778984, 0.00691934162751, 0.00460094632581, 0.00672861654311, 0.00405416963622, 0.000793698010966, 0.000454802880995, 7.68299651099e-05, 0.000120864533528, 0.000154926849063, 0.000143212339026, 0.000166237383382, 0.000104327817098, 0.000190136765013, 0.000304029643303, 0.000754112319555, 0.00270499358885, 0.000914123025723, 0.00135424383916, 0.00271353800781, 0.00167287886143, 0.000726639060304, 0.00015835488739, 7.23091216059e-05, 8.42041481519e-05, 2.23830193136e-06, 1.0952858247e-06]
        mean: [1.09886250357e-05, 0.000405216385843, 0.000299911422189, 0.000249713397352, 0.000186501696589, 1.70629646163e-05, 7.210971944e-06, 3.34783908329e-06, 4.65607809019e-06, 4.96264692629e-06, 8.04446335678e-06, 7.79061974754e-06, 6.31838838672e-06, 1.55083616846e-05, 2.58551590377e-05, 8.18195476313e-05, 0.000318356411299, 8.7181229901e-05, 0.000135222464451, 0.000193878891878, 0.000130458443891, 6.11427676631e-05, 1.88653993973e-05, 1.22798955999e-05, 1.16109595183e-05, 4.64079562335e-07, 3.47122419697e-09]
        min: [1.04350965369e-10, 2.49198599533e-08, 8.29076718389e-09, 3.62016083777e-09, 3.81913611847e-09, 6.47474118765e-09, 4.41464154122e-09, 1.73924308289e-09, 3.99254052041e-09, 4.39457625845e-09, 2.540066113e-08, 3.42434738343e-08, 1.00996269126e-08, 1.20413981008e-08, 1.00538350978e-07, 1.14165032983e-07, 2.91657869411e-07, 5.69460326005e-07, 8.65684285145e-07, 1.31729518671e-06, 1.64905691236e-06, 1.27357998281e-06, 4.2981093884e-07, 2.48756265364e-07, 1.02366662702e-07, 1.64729030416e-08, 1.62146197077e-12]
        var: [3.37542438444e-10, 6.32354272057e-07, 5.06318770022e-07, 6.19194906903e-07, 2.68944916115e-07, 2.28872210073e-09, 6.90090595779e-10, 7.35422139853e-11, 1.66483909991e-10, 2.60145044395e-10, 3.99707461574e-10, 2.18990811596e-10, 1.77797179757e-10, 5.30035015878e-10, 1.58537893924e-09, 7.9782296325e-09, 9.553799174e-08, 1.61254636311e-08, 4.30516990946e-08, 1.07089135781e-07, 4.95533960532e-08, 8.56630943957e-09, 6.42673358975e-10, 1.7571115396e-10, 1.77255141121e-10, 2.34202929402e-13, 2.78098894858e-15]
    mfcc:
        mean: [-775.494384766, 23.0160732269, -22.603969574, 69.9130020142, 30.9160060883, 12.2895107269, 6.76677465439, 6.86229896545, 11.6642789841, -7.3110909462, -7.95609712601, 1.91447389126, 2.26158332825]
        cov: [[3770.98583984, 638.237976074, 475.938262939, 207.815826416, -351.370880127, 40.263999939, -18.1932888031, -70.4902877808, -193.821456909, -60.6840782166, -7.6327214241, -111.620422363, -120.545257568], [638.237976074, 883.728820801, 428.962615967, 320.807678223, 140.693695068, 118.711685181, 70.1971054077, -2.00700426102, -47.2319259644, -76.6990814209, -41.1512145996, -49.7904930115, -32.2934341431], [475.938262939, 428.962615967, 605.123535156, 322.457885742, 78.4139251709, 81.5344696045, 22.697473526, -24.3622245789, -39.5305366516, -32.7084350586, -14.8215208054, -30.9559707642, -31.818315506], [207.815826416, 320.807678223, 322.457885742, 305.044067383, 156.523544312, 110.615837097, 60.6258888245, 19.3909320831, -3.98065567017, -31.8044509888, -20.7737884521, -26.6731414795, -15.216044426], [-351.370880127, 140.693695068, 78.4139251709, 156.523544312, 242.932296753, 110.810531616, 67.6879425049, 45.2382850647, 36.7389297485, -11.7494955063, -5.87734937668, 10.5389604568, 20.1790866852], [40.263999939, 118.711685181, 81.5344696045, 110.615837097, 110.810531616, 136.312789917, 98.6050796509, 56.224773407, 22.6588592529, -5.52147006989, -3.88068318367, -13.9964952469, -6.81117963791], [-18.1932888031, 70.1971054077, 22.697473526, 60.6258888245, 67.6879425049, 98.6050796509, 122.349311829, 71.6781158447, 36.1685829163, 6.89495754242, 1.95659387112, -14.5554933548, -4.65278530121], [-70.4902877808, -2.00700426102, -24.3622245789, 19.3909320831, 45.2382850647, 56.224773407, 71.6781158447, 87.8424758911, 58.3460540771, 28.066204071, 22.1314525604, 20.725894928, 18.8523483276], [-193.821456909, -47.2319259644, -39.5305366516, -3.98065567017, 36.7389297485, 22.6588592529, 36.1685829163, 58.3460540771, 90.8761444092, 44.7197914124, 28.1743144989, 26.45677948, 22.9334068298], [-60.6840782166, -76.6990814209, -32.7084350586, -31.8044509888, -11.7494955063, -5.52147006989, 6.89495754242, 28.066204071, 44.7197914124, 84.8566818237, 52.5140457153, 50.1833190918, 26.9669380188], [-7.6327214241, -41.1512145996, -14.8215208054, -20.7737884521, -5.87734937668, -3.88068318367, 1.95659387112, 22.1314525604, 28.1743144989, 52.5140457153, 64.3149642944, 54.0536308289, 29.331193924], [-111.620422363, -49.7904930115, -30.9559707642, -26.6731414795, 10.5389604568, -13.9964952469, -14.5554933548, 20.725894928, 26.45677948, 50.1833190918, 54.0536308289, 94.0450210571, 56.5737075806], [-120.545257568, -32.2934341431, -31.818315506, -15.216044426, 20.1790866852, -6.81117963791, -4.65278530121, 18.8523483276, 22.9334068298, 26.9669380188, 29.331193924, 56.5737075806, 63.8158340454]]
        icov: [[0.000573259778321, -0.000365753570804, 0.000152227439685, -0.000752857362386, 0.00173013238236, -0.00120940816123, 0.000813133898191, -0.000581287196837, 0.00087220815476, -8.80527950358e-05, -0.000822499045171, 0.000442624994321, 5.8420424466e-05], [-0.000365753570804, 0.00232064165175, -0.000864558445755, -0.000646954693366, -0.0011922204867, 0.000921905157156, -0.0014480924001, 0.000567089300603, -5.77883329242e-05, 0.00127114204224, 0.000310496339807, -0.000549069431145, -7.19344679965e-05], [0.000152227439685, -0.000864558445755, 0.00527863344178, -0.00626396480948, 0.00293098203838, -0.00132194056641, 0.000939244055189, 0.00196105497889, 4.97133951285e-05, -0.000490040285513, -0.0013651563786, -0.000497372355312, 0.000667247397359], [-0.000752857362386, -0.000646954693366, -0.00626396480948, 0.0159583296627, -0.0083087394014, -0.00055839138804, -0.000257610168774, -0.001639379072, -0.00029056207859, -0.000102570760646, 0.00205971044488, 0.00138935842551, -6.50344809401e-05], [0.00173013238236, -0.0011922204867, 0.00293098203838, -0.0083087394014, 0.0158938597888, -0.0103318430483, 0.00340468180366, 0.00123625912238, -0.00175079051405, 0.00220788293518, -0.000572719611228, -0.00192663772032, -0.00243297452107], [-0.00120940816123, 0.000921905157156, -0.00132194056641, -0.00055839138804, -0.0103318430483, 0.0304609630257, -0.0181556120515, -0.00247301114723, 0.00182939460501, 0.000392678630305, 0.000616833567619, -0.00111730396748, 0.00319840293378], [0.000813133898191, -0.0014480924001, 0.000939244055189, -0.000257610168774, 0.00340468180366, -0.0181556120515, 0.0331776887178, -0.0188005119562, 0.00312488898635, -0.00309787131846, -0.00215891981497, 0.00905134528875, -0.000677102420013], [-0.000581287196837, 0.000567089300603, 0.00196105497889, -0.001639379072, 0.00123625912238, -0.00247301114723, -0.0188005119562, 0.0412923209369, -0.0175396390259, 0.00313866045326, -0.000967522442807, -0.00745648145676, -0.0024164095521], [0.00087220815476, -5.77883329242e-05, 4.97133951285e-05, -0.00029056207859, -0.00175079051405, 0.00182939460501, 0.00312488898635, -0.0175396390259, 0.0275707803667, -0.010344193317, -0.00158883736003, 0.00572740379721, -0.00215199310333], [-8.80527950358e-05, 0.00127114204224, -0.000490040285513, -0.000102570760646, 0.00220788293518, 0.000392678630305, -0.00309787131846, 0.00313866045326, -0.010344193317, 0.0308998450637, -0.0163319446146, -0.00665784068406, 0.00246751401573], [-0.000822499045171, 0.000310496339807, -0.0013651563786, 0.00205971044488, -0.000572719611228, 0.000616833567619, -0.00215891981497, -0.000967522442807, -0.00158883736003, -0.0163319446146, 0.0451826900244, -0.0186918582767, 0.00206533656456], [0.000442624994321, -0.000549069431145, -0.000497372355312, 0.00138935842551, -0.00192663772032, -0.00111730396748, 0.00905134528875, -0.00745648145676, 0.00572740379721, -0.00665784068406, -0.0186918582767, 0.0403928346932, -0.022468270734], [5.8420424466e-05, -7.19344679965e-05, 0.000667247397359, -6.50344809401e-05, -0.00243297452107, 0.00319840293378, -0.000677102420013, -0.0024164095521, -0.00215199310333, 0.00246751401573, 0.00206533656456, -0.022468270734, 0.0365362428129]]
    spectral_contrast:
        mean: [-1.55751791908e-07, -3.20236352991e-07, -1.96127871277e-07, -2.52349423135e-07, 2.14420770028e-09, 2.70975874628e-07, 2.32998718275e-06, 4.15170603674e-07, 9.25743279367e-07, -1.78952547003e-07, 1.38345149026e-06, 3.06478773382e-06]
        var: [0.00022046038066, 0.000400178891141, 0.000669286819175, 0.00140629033558, 0.00171931646764, 0.00657891528681, 0.0527642965317, 0.100497625768, 0.150026157498, 0.288598746061, 0.901271283627, 2.70223522186]

rhythm:
    beats_loudness:
        dmean: 0.00269717024639
        dmean2: 0.00497329095379
        dvar: 3.17578587783e-06
        dvar2: 1.13812930067e-05
        max: 0.0123517978936
        mean: 0.00867917388678
        min: 0.00508107384667
        var: 3.94161907025e-06
    beats_loudness_bass:
        dmean: 0.179901227355
        dmean2: 0.338863372803
        dvar: 0.0166574753821
        dvar2: 0.0547880381346
        max: 0.850169539452
        mean: 0.689332723618
        min: 0.324920207262
        var: 0.0160986687988
    bpm: 130.815765381
    bpm_confidence: 0
    first_peak_bpm: 131
    first_peak_spread: 0
    first_peak_weight: 0.949999988079
    onset_rate: 6.81446313858
    second_peak_bpm: 120
    second_peak_spread: 0
    second_peak_weight: 0.0500000007451
    beats_position: [0.281648159027, 0.740327179432, 1.19900619984, 1.65768527985, 2.11636447906, 2.57504343987, 3.03372263908, 3.4924018383, 3.95108103752, 4.40975999832, 4.86843919754, 5.32711839676, 5.78579759598, 6.28410720825, 6.74274921417, 7.20139169693, 7.66003370285, 8.11867618561, 8.57731819153, 9.03596019745, 9.49460220337]
    bpm_estimates: [130.872268677, 130.832229614, 130.977493286, 130.716110229, 130.621856689, 130.789001465, 130.755874634, 130.828216553, 130.805358887, 130.891525269, 130.825439453, 130.906646729, 130.814361572, 131.033676147, 130.697341919, 130.865509033, 130.78742981, 130.738235474, 130.814041138, 130.784805298, 130.930099487, 130.659164429]
    bpm_intervals: [0.458679020405, 0.458679020405, 0.458679080009, 0.458679199219, 0.4586789608, 0.458679199219, 0.458679199219, 0.458679199219, 0.4586789608, 0.458679199219, 0.458679199219, 0.458679199219, 0.498309612274, 0.45864200592, 0.458642482758, 0.45864200592, 0.458642482758, 0.45864200592, 0.45864200592, 0.45864200592]
    onset_times: [0.0348299331963, 0.267029464245, 0.510838985443, 0.650158703327, 0.743038535118, 0.893968224525, 0.975238084793, 1.11455786228, 1.19582772255, 1.34675741196, 1.43963718414, 1.5673469305, 1.66022670269, 1.79954648018, 1.89242625237, 2.0549659729, 2.12462592125, 2.26394557953, 2.36843538284, 2.5890250206, 2.82122445107, 3.04181408882, 3.27401351929, 3.42494320869, 3.50621318817, 3.64553284645, 3.73841261864, 3.95900225639, 4.20281171799, 4.33052158356, 4.43501138687, 4.65560102463, 4.88780021667, 5.11999988556, 5.25931978226, 5.35219955444, 5.49151945114, 5.58439922333, 5.73532867432, 5.81659841537, 6.04879808426, 6.18811798096, 6.28099775314, 6.5015873909, 6.73378705978, 6.96598625183, 7.10530614853, 7.19818592072, 7.33750581741, 7.4303855896, 7.65097522736, 7.89478445053, 8.03410434723, 8.12698459625, 8.27791404724, 8.35918331146, 8.57977294922, 8.8119726181, 8.93968296051, 9.05578231812, 9.17188167572, 9.287981987, 9.41569137573, 9.50857162476, 9.65950107574, 9.74077129364, 9.8800907135, 9.97297096252]
    rubato_start: []
    rubato_stop: []
    perceptual_tempo: "unknown"

sfx:
    inharmonicity:
        dmean: 0.0703518688679
        dmean2: 0.123157449067
        dvar: 0.00501269241795
        dvar2: 0.0135901905596
        max: 0.446788787842
        mean: 0.0781256482005
        min: 0
        var: 0.00528273917735
    oddtoevenharmonicenergyratio:
        dmean: 32.7737731934
        dmean2: 64.2811203003
        dvar: 18415.7421875
        dvar2: 54099.0078125
        max: 1296.62072754
        mean: 17.4723987579
        min: 0
        var: 9725.82714844
    pitch_after_max_to_before_max_energy_ratio: 114.910591125
    pitch_centroid: 204.267150879
    pitch_max_to_total: 0
    pitch_min_to_total: 0.0744186043739
    tristimulus:
        dmean: [0.194879278541, 0.367718070745, 0.214662030339]
        dmean2: [0.351684063673, 0.645465910435, 0.382115125656]
        dvar: [0.0469299778342, 0.076727129519, 0.0365028679371]
        dvar2: [0.125777050853, 0.203169196844, 0.0925637111068]
        max: [1, 0.989727377892, 0.836175858974]
        mean: [0.179739788175, 0.517443716526, 0.184381321073]
        min: [0.00303722498938, 0, 0]
        var: [0.0457011722028, 0.110176257789, 0.0428712852299]

tonal:
    chords_changes_rate: 0.0833333358169
    chords_number_rate: 0.0185185186565
    chords_strength:
        dmean: 0.0076511381194
        dmean2: 0.00987791828811
        dvar: 3.49554466084e-05
        dvar2: 6.48257846478e-05
        max: 0.641661286354
        mean: 0.523941159248
        min: 0.445656329393
        var: 0.00182934640907
    key_strength: 0.615332365036
    tuning_diatonic_strength: 0.568978488445
    tuning_equal_tempered_deviation: 0.197683796287
    tuning_frequency: 434.193115234
    tuning_nontempered_energy_ratio: 0.796336770058
    hpcp:
        dmean: [0.132008463144, 0.0826996713877, 0.0853630527854, 0.120272696018, 0.114921212196, 0.0936610624194, 0.0982595384121, 0.130428478122, 0.153564482927, 0.158809185028, 0.152234807611, 0.143762364984, 0.168519020081, 0.199889197946, 0.180670320988, 0.151705384254, 0.170640051365, 0.203516513109, 0.224534004927, 0.22780777514, 0.170360475779, 0.141456708312, 0.145295038819, 0.162149474025, 0.124509058893, 0.0994073525071, 0.171269983053, 0.194585174322, 0.190044388175, 0.178835526109, 0.160021334887, 0.176662653685, 0.205160185695, 0.197305649519, 0.176620334387, 0.151264920831]
        dmean2: [0.237050801516, 0.14474979043, 0.149492636323, 0.214885085821, 0.202068433166, 0.160841822624, 0.160810545087, 0.224187687039, 0.257503390312, 0.268593072891, 0.267122060061, 0.240351289511, 0.287803113461, 0.334856808186, 0.289747387171, 0.263574421406, 0.284927517176, 0.330626785755, 0.374126076698, 0.363287121058, 0.268958985806, 0.237368956208, 0.249515861273, 0.297609806061, 0.235748082399, 0.182007938623, 0.312429755926, 0.354036957026, 0.34293448925, 0.31549435854, 0.279218882322, 0.325140058994, 0.380526840687, 0.328939288855, 0.303382515907, 0.271732419729]
        dvar: [0.0433428920805, 0.0166963879019, 0.0123840970919, 0.0260902382433, 0.0247468613088, 0.0151825128123, 0.0159772690386, 0.0383071005344, 0.0374292805791, 0.0426925197244, 0.0344137810171, 0.0237652994692, 0.0404949635267, 0.0413423217833, 0.0377727039158, 0.0343604385853, 0.0262791626155, 0.0288170091808, 0.0623357333243, 0.0463609546423, 0.0275917965919, 0.027425320819, 0.0320574790239, 0.0684233754873, 0.0393792651594, 0.0349702909589, 0.0620642825961, 0.0729758217931, 0.0755065307021, 0.056909635663, 0.0454249121249, 0.0539832450449, 0.0578404814005, 0.0460668951273, 0.0427296757698, 0.0407793447375]
        dvar2: [0.122909776866, 0.0504721775651, 0.0332747623324, 0.0742798596621, 0.0727507770061, 0.0430098436773, 0.0300224628299, 0.0957411825657, 0.103579506278, 0.126291587949, 0.0986948311329, 0.0598446242511, 0.105436556041, 0.107229746878, 0.0943870171905, 0.0946049392223, 0.0697656571865, 0.0664498880506, 0.109862826765, 0.0831005424261, 0.0717478096485, 0.0748957544565, 0.0879881381989, 0.188742130995, 0.106597565114, 0.102584384382, 0.169483289123, 0.170113936067, 0.198198959231, 0.150787204504, 0.112090624869, 0.153476685286, 0.165241330862, 0.120539449155, 0.111601024866, 0.107406571507]
        max: [1, 1, 0.78175675869, 1, 1, 1, 1, 1, 1, 1, 1, 1, 1, 1, 1, 1, 1, 1, 1, 1, 1, 1, 0.912827074528, 1, 0.850406169891, 1, 1, 1, 1, 1, 1, 1, 1, 1, 1, 1]
        mean: [0.127558767796, 0.10818143934, 0.121196642518, 0.150883853436, 0.140770196915, 0.119208753109, 0.137877732515, 0.159769371152, 0.17226305604, 0.184674531221, 0.200074598193, 0.211637765169, 0.229932412505, 0.276038616896, 0.265538424253, 0.216939821839, 0.248085811734, 0.386650502682, 0.59881734848, 0.535040438175, 0.279722094536, 0.204264864326, 0.184401795268, 0.147974073887, 0.100171037018, 0.0895975455642, 0.145296171308, 0.192147806287, 0.175119042397, 0.167976990342, 0.181643992662, 0.17697621882, 0.215567275882, 0.251420944929, 0.205981567502, 0.150634676218]
        min: [0.00119499478023, 0.000873517303262, 0.000545089074876, 0.000713533663657, 0.00163569487631, 0.00306341005489, 0.00205188966356, 0.00259827286936, 0.00366217340343, 0.00502795353532, 0.00550639443099, 0.00493419915438, 0.0127291986719, 0.0189878251404, 0.0138141140342, 0.00215674284846, 0.00225738203153, 0.0045024799183, 0.00447530206293, 0.00284511689097, 0.00100445910357, 0.000432194879977, 0.000573094468564, 0.00384511682205, 0.00114781747106, 0.00165341084357, 0.000576388090849, 0.000734418514185, 0.00110841018613, 0.00135429075453, 0.000992736779153, 0.000928643159568, 0.00367719656788, 0, 0.000165665405802, 0.00204414990731]
        var: [0.0383353158832, 0.0200677644461, 0.014990449883, 0.023533185944, 0.0223531015217, 0.0181196127087, 0.03331046924, 0.0473872125149, 0.0405607968569, 0.0391138345003, 0.0386909730732, 0.035669259727, 0.0506259165704, 0.0590549074113, 0.0550690442324, 0.0386365391314, 0.0461853481829, 0.0713549032807, 0.134451031685, 0.11556071043, 0.0463484600186, 0.0370114445686, 0.0388026684523, 0.0468396432698, 0.0255619715899, 0.0232995264232, 0.0498483814299, 0.0730457901955, 0.0618274658918, 0.0543523281813, 0.0484712533653, 0.045118521899, 0.0574042648077, 0.0639462396502, 0.0520165190101, 0.0376988314092]
    chords_histogram: [19.4444446564, 0.925925910473, 0, 0, 0, 0, 0, 52.7777786255, 19.9074077606, 6.94444465637, 0, 0, 0, 0, 0, 0, 0, 0, 0, 0, 0, 0, 0, 0]
    thpcp: [1, 0.893495202065, 0.467124223709, 0.341113805771, 0.307943314314, 0.247110530734, 0.167281448841, 0.149624168873, 0.242638543248, 0.320878833532, 0.292441487312, 0.28051456809, 0.303337901831, 0.295542895794, 0.359988361597, 0.419862478971, 0.343980640173, 0.251553624868, 0.213017821312, 0.180658489466, 0.202393338084, 0.251969754696, 0.235080361366, 0.199073642492, 0.230250060558, 0.266808182001, 0.287672132254, 0.308398753405, 0.334116250277, 0.353426247835, 0.383977532387, 0.460972964764, 0.443438082933, 0.362280458212, 0.414292961359, 0.645690202713]
    chords_key: "G#"
    chords_scale: "major"
    key_key: "G#"
    key_scale: "minor"
    chords_progression: ["G#", "G#", "G#", "G#", "G#m", "G#m", "G#m", "G#m", "G#m", "G#", "G#", "G#", "G#", "G#", "G#", "G#m", "G#m", "G#", "G#", "G#", "G#", "G#", "G#", "G#", "G#m", "G#m", "G#m", "G#m", "G#m", "G#m", "G#m", "G#m", "G#m", "G#m", "G#m", "G#m", "G#m", "G#m", "G#m", "G#m", "G#m", "G#m", "G#m", "G#m", "G#m", "G#m", "G#", "G#", "G#", "G#", "G#", "G#", "G#m", "G#m", "G#m", "G#", "G#", "G#", "G#", "G#", "G#", "G#", "G#", "G#", "G#", "G#", "G#", "G#", "G#", "G#", "G#", "G#", "G#", "G#", "G#", "G#", "G#", "G#", "G#", "G#", "G#", "G#", "G#", "G#", "G#", "G#", "G#", "G#", "G#", "G#", "G#", "G#", "G#", "G#", "G#", "G#", "G#", "G#", "G#", "G#", "G#", "G#", "G#", "G#", "G#", "G#", "G#", "G#", "G#", "G#", "G#", "G#", "G#", "G#", "G#", "G#", "G#", "G#", "G#", "G#", "G#", "G#", "G#", "G#", "Cm", "G#", "Cm", "Cm", "Cm", "Cm", "Cm", "Cm", "Cm", "Cm", "Cm", "Cm", "Cm", "Cm", "Cm", "Cm", "Cm", "Cm", "Cm", "Cm", "Cm", "Cm", "Cm", "Cm", "Cm", "Cm", "Cm", "Cm", "Cm", "Cm", "Cm", "Cm", "Cm", "Cm", "Cm", "Cm", "Cm", "Cm", "Cm", "Cm", "Cm", "Cm", "Cm", "Cm", "G#", "G#", "G#", "G#", "G#", "G#", "G#", "G#", "G#", "B", "B", "G#", "G#", "G#", "G#", "G#", "G#", "G#", "G#", "G#", "D#", "D#", "D#", "D#", "D#", "D#", "D#", "G#", "G#", "G#", "G#m", "G#m", "G#m", "G#m", "G#m", "G#m", "G#m", "G#m", "G#m", "G#m", "D#", "D#", "D#", "D#", "D#", "D#", "D#", "D#"]
