
metadata:
    version:
        essentia: "1.2.2"
    audio_properties:
        analysis_sample_rate: 44100
        bitrate: 128
        channels: 2
        equal_loudness: 1
        length: 10.0571432114
        replay_gain: -10.8786277771
        downmix: "mix"
    tags:
        track: 19
        year: 0
        album: "Splitted by Mp3Splt v. 2.1"
        artist: "From 003.00 To 003.10"
        comment: "http://mp3splt.sf.net"
        genre: ""
        title: "08 Phyllis Braineater 052.mp3"

highlevel:
    ballroom:
        all:
            ChaChaCha: 0.376739621162
            Jive: 0.180273026228
            Quickstep: 0.0024329284206
            Rumba-American: 0.000635936914477
            Rumba-International: 0.00140076701064
            Rumba-Misc: 0.000971822883002
            Samba: 0.435994595289
            Tango: 0.000591382093262
            VienneseWaltz: 0.000538595078979
            Waltz: 0.000421336677391
        probability: 0.435994595289
        value: "Samba"
    culture:
        all:
            non_western: 0.277917087078
            western: 0.722082912922
        probability: 0.722082912922
        value: "western"
    gender:
        all:
            female: 0.319517850876
            male: 0.680482149124
        probability: 0.680482149124
        value: "male"
    genre_dortmund:
        all:
            alternative: 0.0259057488292
            blues: 0.00791220739484
            electronic: 0.272760272026
            folkcountry: 0.0127220796421
            funksoulrnb: 0.0299243312329
            jazz: 0.0300412867218
            pop: 0.0592483580112
            raphiphop: 0.24530620873
            rock: 0.316179484129
        probability: 0.316179484129
        value: "rock"
    genre_electronica:
        all:
            ambient: 0.0409808680415
            dnb: 0.88490909338
            house: 0.0169762261212
            techno: 0.0385487824678
            trance: 0.0185850262642
        probability: 0.88490909338
        value: "dnb"
    genre_rosamerica:
        all:
            cla: 0.00302213756368
            dan: 0.789082944393
            hip: 0.062665194273
            jaz: 0.00477969273925
            pop: 0.0595573224127
            rhy: 0.0191644113511
            roc: 0.0594159327447
            spe: 0.00231238664128
        probability: 0.789082944393
        value: "dan"
    genre_tzanetakis:
        all:
            blu: 0.000722017430235
            cla: 0.000876302481629
            cou: 0.00320032797754
            dis: 0.0744606330991
            hip: 0.0452499575913
            jaz: 0.00264999410138
            met: 0.036482617259
            pop: 0.777582406998
            reg: 0.0361524298787
            roc: 0.0226232875139
        probability: 0.777582406998
        value: "pop"
    live_studio:
        all:
            live: 0.00331059540622
            studio: 0.996689379215
        probability: 0.996689379215
        value: "studio"
    mood:
        all:
            Cluster1: 0.49515542388
            Cluster2: 0.117260873318
            Cluster3: 0.0668630599976
            Cluster4: 0.135367453098
            Cluster5: 0.185353189707
        probability: 0.49515542388
        value: "Cluster1"
    mood_acoustic:
        all:
            acoustic: 1.0348277101e-05
            not_acoustic: 0.999989628792
        probability: 0.999989628792
        value: "not_acoustic"
    mood_aggressive:
        all:
            aggressive: 0.907409548759
            not_aggressive: 0.0925904288888
        probability: 0.907409548759
        value: "aggressive"
    mood_electronic:
        all:
            electronic: 0.974631667137
            not_electronic: 0.0253683626652
        probability: 0.974631667137
        value: "electronic"
    mood_happy:
        all:
            happy: 0.307224065065
            not_happy: 0.692775964737
        probability: 0.692775964737
        value: "not_happy"
    mood_party:
        all:
            not_party: 0.0436010807753
            party: 0.956398904324
        probability: 0.956398904324
        value: "party"
    mood_relaxed:
        all:
            not_relaxed: 0.27525895834
            relaxed: 0.72474104166
        probability: 0.72474104166
        value: "relaxed"
    mood_sad:
        all:
            not_sad: 0.967462897301
            sad: 0.0325370803475
        probability: 0.967462897301
        value: "not_sad"
    rhythm:
        all:
            fast: 0.962989866734
            medium: 0.0362134091556
            slow: 0.00079675076995
        probability: 0.962989866734
        value: "fast"
    speech_music:
        all:
            music: 0.997265994549
            speech: 0.00273399869911
        probability: 0.997265994549
        value: "music"
    timbre:
        all:
            bright: 0.0222949199378
            dark: 0.977705061436
        probability: 0.977705061436
        value: "dark"
    voice_instrumental:
        all:
            instrumental: 0.0339491255581
            voice: 0.966050863266
        probability: 0.966050863266
        value: "voice"

lowlevel:
    average_loudness: 0.976100444794
    barkbands_kurtosis:
        dmean: 1.86792755127
        dmean2: 3.26632714272
        dvar: 6.38017654419
        dvar2: 17.4840564728
        max: 20.1577396393
        mean: 0.0172925628722
        min: -1.82382690907
        var: 5.61887979507
    barkbands_skewness:
        dmean: 0.970226764679
        dmean2: 1.54994785786
        dvar: 0.678295552731
        dvar2: 1.7646856308
        max: 3.20664978027
        mean: 0.157868281007
        min: -2.88632941246
        var: 1.17369127274
    barkbands_spread:
        dmean: 12.2839860916
        dmean2: 20.8729686737
        dvar: 100.394630432
        dvar2: 265.719696045
        max: 76.5295944214
        mean: 36.6363983154
        min: 3.37745070457
        var: 156.771530151
    dissonance:
        dmean: 0.0169235505164
        dmean2: 0.0269604586065
        dvar: 0.000698672025464
        dvar2: 0.000989544438198
        max: 0.499839365482
        mean: 0.474979817867
        min: 0.0275946389884
        var: 0.000883003755007
    hfc:
        dmean: 6.53590774536
        dmean2: 10.8864564896
        dvar: 66.8719024658
        dvar2: 172.535858154
        max: 48.0076446533
        mean: 6.95875549316
        min: 0.000925229629502
        var: 72.4026031494
    pitch:
        dmean: 1168.89123535
        dmean2: 2215.76879883
        dvar: 2103118.25
        dvar2: 4081153.25
        max: 4900
        mean: 1637.94287109
        min: 62.2002830505
        var: 2612820.75
    pitch_instantaneous_confidence:
        dmean: 0.121530026197
        dmean2: 0.202327564359
        dvar: 0.0107063408941
        dvar2: 0.0282079614699
        max: 0.878973245621
        mean: 0.369195342064
        min: 0.118702411652
        var: 0.0191851109266
    pitch_salience:
        dmean: 0.0699002370238
        dmean2: 0.112713858485
        dvar: 0.00538007495925
        dvar2: 0.0141984308138
        max: 0.960041046143
        mean: 0.658688783646
        min: 0.271205157042
        var: 0.00807552505285
    silence_rate_20dB:
        dmean: 0
        dmean2: 0
        dvar: 0
        dvar2: 0
        max: 1
        mean: 1
        min: 1
        var: 0
    silence_rate_30dB:
        dmean: 0
        dmean2: 0
        dvar: 0
        dvar2: 0
        max: 1
        mean: 1
        min: 1
        var: 0
    silence_rate_60dB:
        dmean: 0.271889388561
        dmean2: 0.542725145817
        dvar: 0.197965219617
        dvar2: 0.359028995037
        max: 1
        mean: 0.629885077477
        min: 0
        var: 0.233130425215
    spectral_centroid:
        dmean: 781.235839844
        dmean2: 1262.94628906
        dvar: 407653.71875
        dvar2: 953033.125
        max: 5000.99267578
        mean: 1818.26367188
        min: 316.772857666
        var: 773469.1875
    spectral_complexity:
        dmean: 7.50577354431
        dmean2: 12.1064815521
        dvar: 67.7557373047
        dvar2: 151.896133423
        max: 49
        mean: 10.7926263809
        min: 0
        var: 95.6022033691
    spectral_crest:
        dmean: 3.08171010017
        dmean2: 5.10749578476
        dvar: 8.3152217865
        dvar2: 21.6877269745
        max: 23.0690498352
        mean: 7.39667797089
        min: 2.50688385963
        var: 11.0241622925
    spectral_decrease:
        dmean: 4.17911788508e-10
        dmean2: 6.58656906793e-10
        dvar: 2.82504383816e-19
        dvar2: 7.23092598666e-19
        max: -6.5933525729e-14
        mean: -6.95841329001e-10
        min: -4.03003852512e-09
        var: 3.45308304469e-19
    spectral_energy:
        dmean: 0.00215228809975
        dmean2: 0.00344052445143
        dvar: 7.37731488698e-06
        dvar2: 1.90259379451e-05
        max: 0.0195647273213
        mean: 0.00325744529255
        min: 3.32769758415e-07
        var: 8.67519520398e-06
    spectral_energyband_high:
        dmean: 0.000420998898335
        dmean2: 0.000709981715772
        dvar: 2.94941912671e-07
        dvar2: 7.79591857736e-07
        max: 0.00303158257157
        mean: 0.000427837425377
        min: 6.58370709061e-08
        var: 3.2238779113e-07
    spectral_energyband_low:
        dmean: 0.000215505773667
        dmean2: 0.000371470785467
        dvar: 5.09171051988e-08
        dvar2: 1.32032596412e-07
        max: 0.00130814407021
        mean: 0.00033026075107
        min: 9.05169095233e-09
        var: 7.37313996524e-08
    spectral_energyband_middle_high:
        dmean: 0.00155810837168
        dmean2: 0.00260607362725
        dvar: 4.58099566458e-06
        dvar2: 1.16815317597e-05
        max: 0.0138802602887
        mean: 0.00157299800776
        min: 1.90773150166e-07
        var: 4.57203304904e-06
    spectral_energyband_middle_low:
        dmean: 0.000381543417461
        dmean2: 0.000582522014156
        dvar: 2.46556453476e-07
        dvar2: 5.62227285172e-07
        max: 0.00477483263239
        mean: 0.000926286214963
        min: 6.57434071627e-08
        var: 4.86073702177e-07
    spectral_flatness_db:
        dmean: 0.037968814373
        dmean2: 0.0611986257136
        dvar: 0.00107524672057
        dvar2: 0.00266939518042
        max: 0.283739298582
        mean: 0.116522118449
        min: 0.0337259285152
        var: 0.00149897823576
    spectral_flux:
        dmean: 0.013586201705
        dmean2: 0.0214391481131
        dvar: 0.000235255793086
        dvar2: 0.00051908637397
        max: 0.131990432739
        mean: 0.0407891720533
        min: 0.00174550781958
        var: 0.000389073771657
    spectral_kurtosis:
        dmean: 2.15309786797
        dmean2: 3.54319810867
        dvar: 7.68497943878
        dvar2: 20.759765625
        max: 28.958322525
        mean: 2.61934566498
        min: -0.803540229797
        var: 7.12795448303
    spectral_rms:
        dmean: 0.000547335715964
        dmean2: 0.000840375898406
        dvar: 3.12950163561e-07
        dvar2: 8.00952022928e-07
        max: 0.00436892872676
        mean: 0.00164015532937
        min: 1.8018141418e-05
        var: 4.8788751883e-07
    spectral_rolloff:
        dmean: 1130.71655273
        dmean2: 1880.06774902
        dvar: 1330688
        dvar2: 3262190.75
        max: 7902.68554688
        mean: 3327.92114258
        min: 215.33203125
        var: 1772406.75
    spectral_skewness:
        dmean: 0.370854049921
        dmean2: 0.606381177902
        dvar: 0.147211864591
        dvar2: 0.383672267199
        max: 4.22241306305
        mean: 1.2977013588
        min: 0.347753226757
        var: 0.188209801912
    spectral_spread:
        dmean: 2429565
        dmean2: 3858982.25
        dvar: 4.3896864768e+12
        dvar2: 1.04850710856e+13
        max: 18943970
        mean: 6835769
        min: 1998199
        var: 6.50741494579e+12
    spectral_strongpeak:
        dmean: 0.41747713089
        dmean2: 0.758460760117
        dvar: 0.424294531345
        dvar2: 1.08994817734
        max: 4.90012931824
        mean: 0.406143993139
        min: 0
        var: 0.483341485262
    zerocrossingrate:
        dmean: 0.0243012961
        dmean2: 0.034336797893
        dvar: 0.000312505115289
        dvar2: 0.000535137020051
        max: 0.193359375
        mean: 0.100395798683
        min: 0.00732421875
        var: 0.00112545269076
    barkbands:
        dmean: [2.15224758904e-06, 0.000156403271831, 9.94777510641e-05, 7.11310785846e-05, 0.000218265631702, 0.000118610456411, 0.000117450719699, 5.21395631949e-05, 5.76836719119e-05, 4.1335435526e-05, 4.42124000983e-05, 2.25322673941e-05, 2.78640254692e-05, 4.30750224041e-05, 6.78996511851e-05, 0.000231127851293, 0.000210054029594, 0.000351926515577, 0.000353576615453, 0.000443286466179, 0.000160113995662, 6.90040324116e-05, 3.8583893911e-05, 1.98214911507e-05, 1.5873589291e-05, 1.41222926686e-06, 1.19222862693e-08]
        dmean2: [3.36360790243e-06, 0.00027073311503, 0.000164916709764, 0.000120440214232, 0.000346607033862, 0.000198552792426, 0.000187413708773, 9.1164096375e-05, 9.66132429312e-05, 6.87092906446e-05, 7.73602223489e-05, 3.72382637579e-05, 4.46223421022e-05, 7.28819795768e-05, 0.000112020636152, 0.000394875678467, 0.000354947871529, 0.000610261049587, 0.000617237237748, 0.000749533297494, 0.000269027776085, 0.000118454918265, 6.44187311991e-05, 3.3573822293e-05, 2.8071599445e-05, 2.49987647294e-06, 2.10923740696e-08]
        dvar: [7.76711420875e-12, 3.88868919288e-08, 1.30983712765e-08, 9.17613807161e-09, 1.51472477228e-07, 2.67750390748e-08, 1.70399037103e-08, 5.66751356956e-09, 7.31408134058e-09, 4.9705981553e-09, 5.936966474e-09, 1.53741064324e-09, 2.25340013316e-09, 6.90744039744e-09, 1.24227552689e-08, 1.70190148197e-07, 1.30304044887e-07, 2.40879160174e-07, 2.41662149847e-07, 5.90155252667e-07, 5.71211806744e-08, 1.06311546233e-08, 1.83524173636e-09, 5.13342424124e-10, 4.93470819762e-10, 6.08460764412e-12, 1.07343776015e-15]
        dvar2: [1.73195000008e-11, 1.02722282236e-07, 3.50521673909e-08, 2.27086829341e-08, 3.88055411804e-07, 8.30710007449e-08, 3.69096611053e-08, 1.58302650988e-08, 1.64223514787e-08, 1.20776553203e-08, 1.61846873681e-08, 3.97700361532e-09, 4.73517536292e-09, 1.84458741614e-08, 3.17928119387e-08, 4.34463800048e-07, 3.41475981713e-07, 6.29260966889e-07, 6.22564868991e-07, 1.53242115175e-06, 1.54180938239e-07, 2.83796417477e-08, 4.18614920505e-09, 1.27166044361e-09, 1.26877519602e-09, 1.61151456762e-11, 2.81937245834e-15]
        max: [2.60365941358e-05, 0.00106479693204, 0.000875433092006, 0.000789210491348, 0.00435961829498, 0.00181460031308, 0.00131761142984, 0.00058063265169, 0.000700156087987, 0.00074689736357, 0.000749226775952, 0.000475181266665, 0.000456850364571, 0.000595283694565, 0.00105642573908, 0.00271547026932, 0.00262901396491, 0.00266280490905, 0.00285004242323, 0.00721551477909, 0.00152231752872, 0.0007518902421, 0.000537011073902, 0.000151375163114, 0.000124544210848, 1.40575384648e-05, 3.09612602223e-07]
        mean: [2.5138174351e-06, 0.000181838404387, 0.000145973230246, 7.9723635281e-05, 0.000326117267832, 0.000178473914275, 0.000196536944713, 6.41621882096e-05, 7.34872737667e-05, 5.32672856934e-05, 4.84591910208e-05, 2.86076119664e-05, 3.38011632266e-05, 4.56594243587e-05, 6.98033327353e-05, 0.000193753265194, 0.000194252017536, 0.000327934074448, 0.000304334418615, 0.000415503862314, 0.000157835180289, 6.63726095809e-05, 3.6944366002e-05, 1.82456224138e-05, 1.27759440147e-05, 1.06256072741e-06, 8.15684053634e-09]
        min: [8.00211771845e-11, 4.2050012361e-09, 2.40273712038e-09, 4.57890436678e-09, 1.62884745691e-08, 2.01287448931e-08, 1.53648276324e-08, 5.75811265335e-09, 2.75612710432e-09, 7.89628096243e-09, 5.31989297059e-09, 5.55319257245e-09, 5.46097300713e-09, 6.91522972218e-09, 2.55467949017e-08, 1.18800844717e-08, 2.94441466764e-08, 4.89952327598e-08, 3.69174664172e-08, 1.60079185463e-08, 2.58741472692e-08, 1.18627605517e-08, 2.49175169387e-09, 4.79228301487e-09, 3.2311728293e-10, 6.6399226395e-11, 2.49392601839e-13]
        var: [1.08869935636e-11, 3.84762728345e-08, 2.57006913529e-08, 1.11716769169e-08, 2.22234547209e-07, 3.51540130339e-08, 4.67901166701e-08, 5.50828493928e-09, 1.12110489781e-08, 5.44390310608e-09, 4.97429475388e-09, 1.60743940381e-09, 2.83216849972e-09, 5.68293501146e-09, 1.11002709247e-08, 1.43583491763e-07, 1.08762591822e-07, 2.15470464582e-07, 2.11323865074e-07, 6.28984025752e-07, 5.82336028288e-08, 1.02246868749e-08, 3.16981330073e-09, 6.76412759137e-10, 4.78899475631e-10, 5.18756218537e-12, 7.04168346964e-16]
    mfcc:
        mean: [-720.703063965, 87.1259689331, -23.9912109375, 50.6647949219, -4.71055269241, -7.52603578568, -3.25381684303, -0.943540990353, -2.98893070221, 0.759162425995, -5.16782712936, -0.229187443852, 1.00783491135]
        cov: [[4727.015625, -1275.79211426, 100.761573792, 54.9713668823, 58.0166893005, -4.15886116028, 48.6065139771, 55.2430076599, 135.324035645, 91.5837936401, 60.5678749084, -136.350097656, -39.9992675781], [-1275.79211426, 1727.46350098, -226.054229736, 234.886901855, 38.0635147095, 76.9915466309, 96.0994338989, -4.9439740181, -28.5212001801, -44.0606498718, -26.1667366028, 47.670425415, -64.2522659302], [100.761573792, -226.054229736, 521.866088867, -140.368759155, 34.4569854736, 5.98960924149, -8.68200874329, 23.1615581512, -18.4099121094, 26.0739383698, -1.19233632088, -7.66949415207, 7.27063179016], [54.9713668823, 234.886901855, -140.368759155, 333.52947998, 55.7051353455, 68.6868972778, 74.8622512817, 16.7275543213, 40.6853904724, 20.188129425, 14.4357385635, 11.3283519745, -11.201300621], [58.0166893005, 38.0635147095, 34.4569854736, 55.7051353455, 175.805465698, 18.6457042694, 53.2860069275, 54.4191360474, 15.2346429825, 17.6286487579, 2.22142648697, -2.94885849953, -4.49282979965], [-4.15886116028, 76.9915466309, 5.98960924149, 68.6868972778, 18.6457042694, 123.104171753, 29.5936222076, 47.0488128662, 22.5199298859, 23.267496109, 27.7860336304, 38.8533096313, 7.83539867401], [48.6065139771, 96.0994338989, -8.68200874329, 74.8622512817, 53.2860069275, 29.5936222076, 95.3825454712, 4.43907833099, 38.1956634521, 10.7689323425, 18.5232429504, 1.75688624382, -6.574614048], [55.2430076599, -4.9439740181, 23.1615581512, 16.7275543213, 54.4191360474, 47.0488128662, 4.43907833099, 110.71018219, 14.0232648849, 53.28282547, 2.13403844833, 26.7745094299, -3.62110352516], [135.324035645, -28.5212001801, -18.4099121094, 40.6853904724, 15.2346429825, 22.5199298859, 38.1956634521, 14.0232648849, 82.521774292, 13.7680454254, 24.5666542053, -2.73814487457, -6.61390781403], [91.5837936401, -44.0606498718, 26.0739383698, 20.188129425, 17.6286487579, 23.267496109, 10.7689323425, 53.28282547, 13.7680454254, 95.4285125732, 6.78742694855, 31.1167201996, 4.96859169006], [60.5678749084, -26.1667366028, -1.19233632088, 14.4357385635, 2.22142648697, 27.7860336304, 18.5232429504, 2.13403844833, 24.5666542053, 6.78742694855, 75.1343612671, 18.7739543915, 37.460559845], [-136.350097656, 47.670425415, -7.66949415207, 11.3283519745, -2.94885849953, 38.8533096313, 1.75688624382, 26.7745094299, -2.73814487457, 31.1167201996, 18.7739543915, 86.5625686646, 24.2117824554], [-39.9992675781, -64.2522659302, 7.27063179016, -11.201300621, -4.49282979965, 7.83539867401, -6.574614048, -3.62110352516, -6.61390781403, 4.96859169006, 37.460559845, 24.2117824554, 82.9067382812]]
        icov: [[0.000308676389977, 0.000246315612458, 2.08157816814e-05, -0.000139077295898, 1.34893043651e-05, -4.06732469855e-05, -0.000154104127432, -9.2002141173e-05, -8.20256536826e-05, -0.000220551970415, -0.000310271600028, 0.000476737011923, 0.00031518022297], [0.000246315612458, 0.000975601142272, 0.000235414903727, -0.000438873335952, 8.34645688883e-05, -0.000264641683316, -0.00096416514134, -0.000162183918292, 0.000758033478633, 0.000418628507759, -0.000105205370346, -0.000232776612393, 0.000891873030923], [2.08157816814e-05, 0.000235414903727, 0.00246482761577, 0.00123906554654, -0.000729950261302, -0.00101386080496, -0.000493062252644, 0.000292165292194, 0.000752837629989, -0.000889759860002, 2.79881510323e-06, 0.000623238796834, 0.000103767924884], [-0.000139077295898, -0.000438873335952, 0.00123906554654, 0.00494983745739, -0.00109215849079, -0.00237082364038, -0.00171780062374, 0.00119903415907, -0.000604977714829, -0.0012696092017, 0.000584947294556, 0.000529940996785, -0.000157342059538], [1.34893043651e-05, 8.34645688883e-05, -0.000729950261302, -0.00109215849079, 0.00929494947195, 0.00197566766292, -0.00573185831308, -0.00622746068984, 0.00138628890272, 0.00185098778456, 0.000359622354154, 0.00107803812716, -0.000899558945093], [-4.06732469855e-05, -0.000264641683316, -0.00101386080496, -0.00237082364038, 0.00197566766292, 0.0140147143975, -0.00237849634141, -0.00619233120233, -0.000656857213471, 0.00231848005205, -0.00322122569196, -0.00421431614086, 0.000362215621863], [-0.000154104127432, -0.00096416514134, -0.000493062252644, -0.00171780062374, -0.00573185831308, -0.00237849634141, 0.0199804119766, 0.00553681701422, -0.00665542995557, -0.00245966413058, -0.00219134287909, -1.5107220861e-06, 0.00133710098453], [-9.2002141173e-05, -0.000162183918292, 0.000292165292194, 0.00119903415907, -0.00622746068984, -0.00619233120233, 0.00553681701422, 0.0189316403121, -0.00236233556643, -0.00822440162301, 0.00147279142402, -0.00145718187559, 0.0015445179306], [-8.20256536826e-05, 0.000758033478633, 0.000752837629989, -0.000604977714829, 0.00138628890272, -0.000656857213471, -0.00665542995557, -0.00236233556643, 0.0186186768115, -0.000765428761952, -0.00590140232816, 0.00196352368221, 0.00353062921204], [-0.000220551970415, 0.000418628507759, -0.000889759860002, -0.0012696092017, 0.00185098778456, 0.00231848005205, -0.00245966413058, -0.00822440162301, -0.000765428761952, 0.0170947369188, 0.000683816382661, -0.00506199197844, -0.000464794400614], [-0.000310271600028, -0.000105205370346, 2.79881510323e-06, 0.000584947294556, 0.000359622354154, -0.00322122569196, -0.00219134287909, 0.00147279142402, -0.00590140232816, 0.000683816382661, 0.0224413983524, -0.00195767753758, -0.0100179398432], [0.000476737011923, -0.000232776612393, 0.000623238796834, 0.000529940996785, 0.00107803812716, -0.00421431614086, -1.5107220861e-06, -0.00145718187559, 0.00196352368221, -0.00506199197844, -0.00195767753758, 0.018074510619, -0.00347435893491], [0.00031518022297, 0.000891873030923, 0.000103767924884, -0.000157342059538, -0.000899558945093, 0.000362215621863, 0.00133710098453, 0.0015445179306, 0.00353062921204, -0.000464794400614, -0.0100179398432, -0.00347435893491, 0.0188158135861]]
    spectral_contrast:
        mean: [-3.13641123739e-07, -1.7032903088e-07, 2.24002391747e-07, 3.28941410999e-07, 2.99053255048e-07, -3.83790734304e-07, 4.74718717669e-06, -6.94929724432e-07, 5.3108561815e-07, -6.43015994228e-07, -9.88832837834e-08, 1.14265128559e-06]
        var: [0.000494317442644, 0.000799182918854, 0.00123444665223, 0.00229812320322, 0.00327934348024, 0.00412369705737, 0.0420441813767, 0.107296459377, 0.258895605803, 0.310310155153, 0.954640328884, 2.68516039848]

rhythm:
    beats_loudness:
        dmean: 0.00397942587733
        dmean2: 0.00788830965757
        dvar: 9.02259307622e-06
        dvar2: 2.70389118668e-05
        max: 0.0128353778273
        mean: 0.00428282935172
        min: 0.000655257434119
        var: 8.84449855221e-06
    beats_loudness_bass:
        dmean: 0.0997371897101
        dmean2: 0.151097133756
        dvar: 0.00855764560401
        dvar2: 0.0143762072548
        max: 0.42395529151
        mean: 0.164265334606
        min: 0.0191913954914
        var: 0.0135264908895
    bpm: 89.928276062
    bpm_confidence: 0
    first_peak_bpm: 90
    first_peak_spread: 0.111111104488
    first_peak_weight: 0.5
    onset_rate: 7.35795450211
    second_peak_bpm: 120
    second_peak_spread: 0
    second_peak_weight: 0.4375
    beats_position: [0.169891610742, 0.837090909481, 1.50429034233, 2.17148971558, 2.83868908882, 3.50588846207, 4.17308807373, 4.84028768539, 5.50748729706, 6.19817256927, 6.69897651672, 7.19978141785, 7.70058679581, 8.20139122009, 8.70219612122, 9.20300102234, 9.70380496979]
    bpm_estimates: [89.8671951294, 89.978477478, 90.1829223633, 89.9810562134, 89.876373291, 89.8807983398, 89.8397827148, 89.8195953369]
    bpm_intervals: [0.667199313641, 0.66719943285, 0.667199373245, 0.667199373245, 0.667199373245, 0.667199611664, 0.667199611664, 0.667199611664, 0.690685272217, 0.500803947449, 0.500804901123, 0.50080537796, 0.500804424286, 0.500804901123, 0.500804901123, 0.500803947449]
    onset_times: [0.0696598663926, 0.162539675832, 0.325079351664, 0.49922901392, 0.661768734455, 0.777868509293, 1.01006805897, 1.16099774837, 1.33514738083, 1.49768710136, 1.67183673382, 1.83437645435, 1.93886625767, 2.00852608681, 2.18267583847, 2.51936507225, 2.68190479279, 2.79800462723, 2.92571425438, 3.01859402657, 3.1811337471, 3.25079369545, 3.35528349876, 3.45977330208, 3.5178232193, 3.77324271202, 3.86612248421, 4.01705217361, 4.19120168686, 4.28408145905, 4.35374164581, 4.46984148026, 4.62077093124, 4.67882108688, 4.85297060013, 4.96907043457, 5.02712011337, 5.13160991669, 5.35219955444, 5.52634906769, 5.60761928558, 5.68888902664, 5.80498886108, 5.86303853989, 6.03718805313, 6.11845827103, 6.37387752533, 6.52480745316, 6.6989569664, 6.84988641739, 7.02403640747, 7.19818592072, 7.37233543396, 7.53487539291, 7.72063493729, 7.87156438828, 8.04571437836, 8.15020370483, 8.28952407837, 8.38240337372, 8.54494285583, 8.64943313599, 8.71909332275, 8.82358264923, 8.88163280487, 9.04417228699, 9.14866256714, 9.21832180023, 9.31120204926, 9.38086128235, 9.55501174927, 9.71755123138, 9.97297096252, 10.0542402267]
    rubato_start: [6.69897651672]
    rubato_stop: [7.19978141785]
    perceptual_tempo: "unknown"

sfx:
    inharmonicity:
        dmean: 0.0488022491336
        dmean2: 0.0836412832141
        dvar: 0.00257145799696
        dvar2: 0.00717683788389
        max: 0.298964709044
        mean: 0.0517249554396
        min: 0
        var: 0.00296038901433
    oddtoevenharmonicenergyratio:
        dmean: 4.23873329163
        dmean2: 8.16434383392
        dvar: 255.371826172
        dvar2: 768.098571777
        max: 155.653671265
        mean: 2.61565804482
        min: 0
        var: 139.484283447
    pitch_after_max_to_before_max_energy_ratio: 6.83354711533
    pitch_centroid: 201.06993103
    pitch_max_to_total: 0.122119814157
    pitch_min_to_total: 0.251152068377
    tristimulus:
        dmean: [0.224261805415, 0.288468718529, 0.162100017071]
        dmean2: [0.369194954634, 0.501162648201, 0.292439758778]
        dvar: [0.0301222540438, 0.0484476238489, 0.0215146765113]
        dvar2: [0.0798385292292, 0.13880430162, 0.0575585700572]
        max: [1, 0.970325052738, 0.701117038727]
        mean: [0.368215829134, 0.379987359047, 0.147331595421]
        min: [0.00500951614231, 0, 0]
        var: [0.0515825226903, 0.0673414245248, 0.0270324088633]

tonal:
    chords_changes_rate: 0.137614682317
    chords_number_rate: 0.0321100912988
    chords_strength:
        dmean: 0.0136195840314
        dmean2: 0.0159516427666
        dvar: 0.000124143858557
        dvar2: 0.000207561140996
        max: 0.656324446201
        mean: 0.504096329212
        min: 0.330101311207
        var: 0.00367544963956
    key_strength: 0.572121977806
    tuning_diatonic_strength: 0.751720011234
    tuning_equal_tempered_deviation: 0.360438734293
    tuning_frequency: 435.197479248
    tuning_nontempered_energy_ratio: 0.941565513611
    hpcp:
        dmean: [0.28035607934, 0.248689576983, 0.219694957137, 0.227888718247, 0.2237880826, 0.220556810498, 0.251791775227, 0.255505889654, 0.248222157359, 0.211445868015, 0.179929882288, 0.160482198, 0.169524788857, 0.171324342489, 0.164469659328, 0.151060506701, 0.149079069495, 0.155474543571, 0.173216491938, 0.20909139514, 0.184209644794, 0.169651970267, 0.212922990322, 0.199700281024, 0.150247648358, 0.124568335712, 0.135524868965, 0.186540186405, 0.239065900445, 0.239213109016, 0.203323453665, 0.17781496048, 0.18574872613, 0.211604803801, 0.270101755857, 0.249708727002]
        dmean2: [0.485871106386, 0.439524412155, 0.397057294846, 0.390843123198, 0.382169991732, 0.366705089808, 0.447969406843, 0.443514376879, 0.419942229986, 0.359058886766, 0.317458927631, 0.284299552441, 0.29223331809, 0.283363670111, 0.281673431396, 0.260959357023, 0.252021342516, 0.258051425219, 0.295816630125, 0.363606005907, 0.310793161392, 0.299428015947, 0.377694904804, 0.349510222673, 0.255757153034, 0.222982749343, 0.245980605483, 0.332519590855, 0.407802641392, 0.382104039192, 0.340314239264, 0.270889699459, 0.305623024702, 0.361538350582, 0.470852345228, 0.414406210184]
        dvar: [0.0648108646274, 0.0551472976804, 0.0529342405498, 0.0421236939728, 0.0462563857436, 0.0337822064757, 0.0477193892002, 0.0494795590639, 0.0461201295257, 0.0402217842638, 0.0393213294446, 0.0287187118083, 0.0286082774401, 0.0311582591385, 0.0308088529855, 0.0274557843804, 0.0264809951186, 0.0222926735878, 0.0260070040822, 0.0428617447615, 0.0297192260623, 0.0330372937024, 0.0474503412843, 0.0432995297015, 0.0246456619352, 0.021895300597, 0.0253082904965, 0.0336482562125, 0.0430666692555, 0.0462577044964, 0.0499795526266, 0.0322321951389, 0.0387914031744, 0.0407258160412, 0.0618190430105, 0.0476013496518]
        dvar2: [0.178994834423, 0.149431154132, 0.129009559751, 0.110567837954, 0.11080648005, 0.0870924443007, 0.143061280251, 0.128127545118, 0.118918560445, 0.10126169771, 0.102979555726, 0.0846018195152, 0.0738811865449, 0.0787196978927, 0.0843364223838, 0.0792568400502, 0.0735000744462, 0.0616726614535, 0.0642977431417, 0.109554000199, 0.0846052989364, 0.0862770602107, 0.115197055042, 0.110223926604, 0.0666186735034, 0.058791950345, 0.0719458982348, 0.09663259238, 0.101115815341, 0.0980012789369, 0.0946989059448, 0.0657254457474, 0.105895631015, 0.096266835928, 0.140658512712, 0.119664862752]
        max: [1, 1, 1, 1, 1, 1, 1, 1, 1, 1, 1, 1, 0.966428339481, 1, 1, 0.89397084713, 1, 1, 1, 1, 1, 1, 1, 1, 1, 1, 0.8592492342, 1, 1, 1, 1, 1, 1, 1, 1, 1]
        mean: [0.324534535408, 0.287839740515, 0.248272880912, 0.299514234066, 0.348029881716, 0.321665853262, 0.346838027239, 0.3975943923, 0.341885834932, 0.243202537298, 0.193574920297, 0.182001486421, 0.196180671453, 0.21955935657, 0.209849879146, 0.180925548077, 0.172701850533, 0.177228942513, 0.206536754966, 0.255061835051, 0.249014914036, 0.209084123373, 0.225255265832, 0.224447965622, 0.170163035393, 0.138231813908, 0.158509075642, 0.236489474773, 0.337124228477, 0.343096643686, 0.284770280123, 0.227387040854, 0.204173132777, 0.28165474534, 0.382122606039, 0.37455239892]
        min: [0, 0.00193211738952, 0.0106807695702, 0.0155952703208, 0.00571642583236, 0.0163676273078, 0.00918409880251, 0.00811395514756, 0, 0, 0, 0.00602135062218, 0.0118493577465, 0.00988672673702, 0.00783734023571, 0.00367572065443, 0.00167814944871, 0.0003847310727, 0.00513696623966, 0.00427782861516, 0.00527265761048, 0.00903098564595, 0.00377791305073, 0.00294774654321, 0.00395521055907, 0.00360673875548, 0.00652918964624, 0.00956935528666, 0.00797522626817, 0.00160797336139, 0, 0.000418546813307, 0.00445125438273, 0.00786276254803, 0.0104574812576, 0]
        var: [0.0829976946115, 0.0736800953746, 0.0620492137969, 0.0641283541918, 0.0817510858178, 0.0650122985244, 0.0701662003994, 0.0811455324292, 0.0701978951693, 0.0457014515996, 0.0359448939562, 0.0282239429653, 0.0347742512822, 0.0428020730615, 0.03673761338, 0.0284454151988, 0.0287478491664, 0.0301003605127, 0.0380954518914, 0.0638019964099, 0.0567238889635, 0.0404136888683, 0.0532930679619, 0.0522957295179, 0.0319161303341, 0.0235818959773, 0.0249967910349, 0.0409616902471, 0.0743092671037, 0.0890754014254, 0.0905451327562, 0.0618483498693, 0.0457130819559, 0.0592759735882, 0.1057228297, 0.0944907218218]
    chords_histogram: [32.1100921631, 9.63302707672, 11.4678897858, 0, 0, 0, 0, 0, 0, 0, 0, 0, 0, 0, 0, 0.917431175709, 3.21100926399, 1.83486235142, 0, 0, 0, 0, 36.23853302, 4.58715581894]
    thpcp: [1, 0.859885931015, 0.611685037613, 0.486865311861, 0.457756668329, 0.493419110775, 0.552219450474, 0.527798891068, 0.455050557852, 0.43436691165, 0.445753127337, 0.519465982914, 0.64151263237, 0.626303911209, 0.525872945786, 0.566545367241, 0.564514935017, 0.427981466055, 0.347670435905, 0.39867028594, 0.594800829887, 0.847909927368, 0.862931311131, 0.71623313427, 0.571907043457, 0.513521134853, 0.70839715004, 0.961086511612, 0.94204646349, 0.816245257854, 0.72395324707, 0.624437570572, 0.753316044807, 0.875339031219, 0.809030175209, 0.87234133482]
    chords_key: "E"
    chords_scale: "major"
    key_key: "B"
    key_scale: "major"
    chords_progression: ["E", "G#m", "G#m", "G#m", "G#m", "G#m", "E", "E", "E", "E", "E", "E", "E", "E", "E", "E", "E", "E", "E", "E", "E", "E", "E", "E", "E", "E", "E", "E", "E", "E", "E", "E", "E", "G", "G", "G", "Bm", "G", "G", "Bm", "G", "G", "Bm", "Bm", "B", "B", "B", "B", "B", "E", "G#m", "B", "B", "B", "B", "B", "B", "B", "B", "B", "Em", "B", "Em", "B", "B", "B", "B", "B", "B", "B", "D#m", "D#m", "B", "D#m", "D#m", "D#m", "D#m", "D#m", "D#m", "D#m", "D#m", "D#m", "D#m", "D#m", "D#m", "F#", "F#", "F#", "F#", "F#", "F#", "F#", "F#", "F#", "F#", "F#", "F#", "F#", "F#", "F#", "F#", "D#m", "D#m", "D#m", "D#m", "D#m", "D#m", "D#m", "B", "B", "B", "B", "B", "B", "B", "B", "B", "B", "B", "B", "B", "B", "B", "B", "B", "B", "B", "B", "B", "B", "B", "B", "B", "B", "B", "G#m", "G#m", "E", "E", "E", "E", "E", "E", "E", "E", "E", "E", "E", "E", "E", "E", "E", "E", "E", "E", "E", "E", "G#m", "G#m", "E", "E", "E", "E", "E", "E", "E", "E", "E", "E", "E", "E", "E", "E", "E", "E", "E", "E", "E", "E", "B", "B", "B", "B", "B", "B", "B", "B", "B", "B", "B", "B", "B", "B", "B", "B", "B", "E", "E", "E", "E", "E", "E", "E", "E", "E", "E", "B", "B", "B", "F#", "F#", "F#", "F#", "F#", "F#", "F#", "F#", "F#"]
