
metadata:
    version:
        essentia: "1.2.2"
    audio_properties:
        analysis_sample_rate: 44100
        bitrate: 128
        channels: 2
        equal_loudness: 1
        length: 10.0310201645
        replay_gain: -9.53289985657
        downmix: "mix"
    tags:
        track: 15
        year: 0
        album: "Splitted by Mp3Splt v. 2.1"
        artist: "From 002.20 To 002.30"
        comment: "http://mp3splt.sf.net"
        genre: ""
        title: "06 Life Form Ends.mp3"

highlevel:
    ballroom:
        all:
            ChaChaCha: 0.0173403732479
            Jive: 0.0656592398882
            Quickstep: 0.348019123077
            Rumba-American: 0.0809745937586
            Rumba-International: 0.0176376085728
            Rumba-Misc: 0.0197643842548
            Samba: 0.0650721713901
            Tango: 0.0496385134757
            VienneseWaltz: 0.309364259243
            Waltz: 0.0265297442675
        probability: 0.348019123077
        value: "Quickstep"
    culture:
        all:
            non_western: 0.766334354877
            western: 0.233665660024
        probability: 0.766334354877
        value: "non_western"
    gender:
        all:
            female: 0.580588817596
            male: 0.419411212206
        probability: 0.580588817596
        value: "female"
    genre_dortmund:
        all:
            alternative: 0.0806529670954
            blues: 0.0818163231015
            electronic: 0.110850214958
            folkcountry: 0.0372591465712
            funksoulrnb: 0.250023275614
            jazz: 0.0238584950566
            pop: 0.0331765934825
            raphiphop: 0.0421967245638
            rock: 0.340166270733
        probability: 0.340166270733
        value: "rock"
    genre_electronica:
        all:
            ambient: 0.7830478549
            dnb: 0.165909171104
            house: 0.00712900888175
            techno: 0.0148609001189
            trance: 0.0290530752391
        probability: 0.7830478549
        value: "ambient"
    genre_rosamerica:
        all:
            cla: 0.26550963521
            dan: 0.041356317699
            hip: 0.153795838356
            jaz: 0.0538525991142
            pop: 0.110086776316
            rhy: 0.144097402692
            roc: 0.219002321362
            spe: 0.0122991120443
        probability: 0.26550963521
        value: "cla"
    genre_tzanetakis:
        all:
            blu: 0.0194775350392
            cla: 0.0238739494234
            cou: 0.0304555837065
            dis: 0.435091137886
            hip: 0.0343278832734
            jaz: 0.0345864929259
            met: 0.013509455137
            pop: 0.132677584887
            reg: 0.200740247965
            roc: 0.0752601400018
        probability: 0.435091137886
        value: "dis"
    live_studio:
        all:
            live: 0.171937838197
            studio: 0.828062176704
        probability: 0.828062176704
        value: "studio"
    mood:
        all:
            Cluster1: 0.216697767377
            Cluster2: 0.198988497257
            Cluster3: 0.103599473834
            Cluster4: 0.206548497081
            Cluster5: 0.27416574955
        probability: 0.27416574955
        value: "Cluster5"
    mood_acoustic:
        all:
            acoustic: 0.165100887418
            not_acoustic: 0.834899127483
        probability: 0.834899127483
        value: "not_acoustic"
    mood_aggressive:
        all:
            aggressive: 0.976302564144
            not_aggressive: 0.0236974526197
        probability: 0.976302564144
        value: "aggressive"
    mood_electronic:
        all:
            electronic: 0.772590577602
            not_electronic: 0.227409422398
        probability: 0.772590577602
        value: "electronic"
    mood_happy:
        all:
            happy: 0.319250077009
            not_happy: 0.680749893188
        probability: 0.680749893188
        value: "not_happy"
    mood_party:
        all:
            not_party: 0.4643702209
            party: 0.535629808903
        probability: 0.535629808903
        value: "party"
    mood_relaxed:
        all:
            not_relaxed: 0.586224913597
            relaxed: 0.413775086403
        probability: 0.586224913597
        value: "not_relaxed"
    mood_sad:
        all:
            not_sad: 0.612146019936
            sad: 0.387853980064
        probability: 0.612146019936
        value: "not_sad"
    rhythm:
        all:
            fast: 0.13379073143
            medium: 0.161964133382
            slow: 0.704245150089
        probability: 0.704245150089
        value: "slow"
    speech_music:
        all:
            music: 0.0180376190692
            speech: 0.981962382793
        probability: 0.981962382793
        value: "speech"
    timbre:
        all:
            bright: 0.200455263257
            dark: 0.799544751644
        probability: 0.799544751644
        value: "dark"
    voice_instrumental:
        all:
            instrumental: 0.105753518641
            voice: 0.894246459007
        probability: 0.894246459007
        value: "voice"

lowlevel:
    average_loudness: 0.851032197475
    barkbands_kurtosis:
        dmean: 1.60767531395
        dmean2: 2.83355951309
        dvar: 6.98246622086
        dvar2: 18.9168224335
        max: 25.7068748474
        mean: 1.07753968239
        min: -1.64729404449
        var: 10.5240345001
    barkbands_skewness:
        dmean: 0.404428124428
        dmean2: 0.658199548721
        dvar: 0.133240878582
        dvar2: 0.363336294889
        max: 2.97284603119
        mean: 0.225408539176
        min: -2.21792030334
        var: 0.527992010117
    barkbands_spread:
        dmean: 4.65371608734
        dmean2: 7.70016717911
        dvar: 20.9426841736
        dvar2: 52.2571525574
        max: 58.1862869263
        mean: 16.956987381
        min: 1.62455070019
        var: 75.3408889771
    dissonance:
        dmean: 0.0242195893079
        dmean2: 0.0417221188545
        dvar: 0.000604980101343
        dvar2: 0.00165676733013
        max: 0.499963909388
        mean: 0.464032173157
        min: 0.352482169867
        var: 0.000828559044749
    hfc:
        dmean: 1.633446455
        dmean2: 2.73162508011
        dvar: 14.0473880768
        dvar2: 36.8670730591
        max: 61.4902954102
        mean: 3.88840436935
        min: 0.350166857243
        var: 21.7936553955
    pitch:
        dmean: 321.647155762
        dmean2: 608.981750488
        dvar: 454291.59375
        dvar2: 1289407.375
        max: 4009.09082031
        mean: 640.376037598
        min: 73.3777008057
        var: 412014.375
    pitch_instantaneous_confidence:
        dmean: 0.102230980992
        dmean2: 0.169880643487
        dvar: 0.00841926317662
        dvar2: 0.0197564512491
        max: 0.918164014816
        mean: 0.402887076139
        min: 0.140792012215
        var: 0.0388281606138
    pitch_salience:
        dmean: 0.065370708704
        dmean2: 0.108647994697
        dvar: 0.00301743648015
        dvar2: 0.00752907060087
        max: 0.866444766521
        mean: 0.69013094902
        min: 0.420626342297
        var: 0.0070964503102
    silence_rate_20dB:
        dmean: 0
        dmean2: 0
        dvar: 0
        dvar2: 0
        max: 1
        mean: 1
        min: 1
        var: 0
    silence_rate_30dB:
        dmean: 0
        dmean2: 0
        dvar: 0
        dvar2: 0
        max: 1
        mean: 1
        min: 1
        var: 0
    silence_rate_60dB:
        dmean: 0.0974477976561
        dmean2: 0.195348843932
        dvar: 0.0879516750574
        dvar2: 0.166490390897
        max: 1
        mean: 0.692129611969
        min: 0
        var: 0.21308709681
    spectral_centroid:
        dmean: 178.25189209
        dmean2: 294.448516846
        dvar: 39744.1054688
        dvar2: 112836.1875
        max: 2693.96264648
        mean: 1134.83728027
        min: 425.996337891
        var: 98469.03125
    spectral_complexity:
        dmean: 2.73659682274
        dmean2: 4.56308412552
        dvar: 7.52736330032
        dvar2: 17.4329624176
        max: 29
        mean: 9.21395301819
        min: 0
        var: 20.870508194
    spectral_crest:
        dmean: 2.43362617493
        dmean2: 4.08131980896
        dvar: 4.48609256744
        dvar2: 12.206949234
        max: 22.358133316
        mean: 8.53169631958
        min: 2.81382775307
        var: 20.1954536438
    spectral_decrease:
        dmean: 3.0465208134e-10
        dmean2: 5.07382136306e-10
        dvar: 2.49625065991e-19
        dvar2: 6.30358259072e-19
        max: -8.77202060989e-11
        mean: -7.51062101401e-10
        min: -6.94974344739e-09
        var: 5.04633164915e-19
    spectral_energy:
        dmean: 0.00128915265668
        dmean2: 0.00213997834362
        dvar: 4.82782206745e-06
        dvar2: 1.22432929857e-05
        max: 0.0318072959781
        mean: 0.00318736815825
        min: 0.000379691133276
        var: 9.53220660449e-06
    spectral_energyband_high:
        dmean: 3.55055490218e-05
        dmean2: 5.79854713578e-05
        dvar: 7.13565384558e-09
        dvar2: 1.80129298144e-08
        max: 0.000941353966482
        mean: 5.63027897442e-05
        min: 5.44082524812e-07
        var: 8.32007440721e-09
    spectral_energyband_low:
        dmean: 8.36573308334e-05
        dmean2: 0.000139495779877
        dvar: 1.22681784731e-08
        dvar2: 2.80938579067e-08
        max: 0.00135757145472
        mean: 0.000120421682368
        min: 3.39220582646e-06
        var: 2.28925571832e-08
    spectral_energyband_middle_high:
        dmean: 0.000964181497693
        dmean2: 0.00162349443417
        dvar: 4.02238356401e-06
        dvar2: 1.02072744994e-05
        max: 0.0311048477888
        mean: 0.00215397356078
        min: 8.40929205879e-05
        var: 8.60253385326e-06
    spectral_energyband_middle_low:
        dmean: 0.000475972774439
        dmean2: 0.000819137901999
        dvar: 7.10230381173e-07
        dvar2: 1.9538581455e-06
        max: 0.0090152984485
        mean: 0.000856663158629
        min: 0.000126486600493
        var: 6.1770595039e-07
    spectral_flatness_db:
        dmean: 0.0238659139723
        dmean2: 0.039733313024
        dvar: 0.000477951893117
        dvar2: 0.00119841052219
        max: 0.29652184248
        mean: 0.17503978312
        min: 0.0634741708636
        var: 0.001751054544
    spectral_flux:
        dmean: 0.00768337585032
        dmean2: 0.0126321893185
        dvar: 9.6352174296e-05
        dvar2: 0.000241326866671
        max: 0.125697374344
        mean: 0.0342100374401
        min: 0.0125140082091
        var: 0.000229565805057
    spectral_kurtosis:
        dmean: 4.08370256424
        dmean2: 6.88557243347
        dvar: 25.1543655396
        dvar2: 71.1351394653
        max: 41.5684051514
        mean: 9.87411689758
        min: -0.597845315933
        var: 56.2649383545
    spectral_rms:
        dmean: 0.000318930484354
        dmean2: 0.000523795781191
        dvar: 1.4220910316e-07
        dvar2: 3.34465255492e-07
        max: 0.00557059329003
        mean: 0.00162974710111
        min: 0.000608629896306
        var: 4.5355662337e-07
    spectral_rolloff:
        dmean: 445.972839355
        dmean2: 756.931884766
        dvar: 407055.9375
        dvar2: 1036307.5
        max: 6416.89453125
        mean: 1822.20910645
        min: 667.529296875
        var: 768870.125
    spectral_skewness:
        dmean: 0.380588173866
        dmean2: 0.642756044865
        dvar: 0.138961300254
        dvar2: 0.361098885536
        max: 4.67164468765
        mean: 2.24349617958
        min: 0.516677618027
        var: 0.55608355999
    spectral_spread:
        dmean: 782946.3125
        dmean2: 1319067.25
        dvar: 1.0722335785e+12
        dvar2: 2.09535120179e+12
        max: 15599419
        mean: 3470094.5
        min: 1269355.625
        var: 3.31607205478e+12
    spectral_strongpeak:
        dmean: 0.384702444077
        dmean2: 0.614104986191
        dvar: 0.144848123193
        dvar2: 0.36148622632
        max: 3.01405596733
        mean: 0.693374574184
        min: 0.0139670297503
        var: 0.395346164703
    zerocrossingrate:
        dmean: 0.00570458173752
        dmean2: 0.00697854300961
        dvar: 3.07748196064e-05
        dvar2: 3.86686442653e-05
        max: 0.13720703125
        mean: 0.0629985034466
        min: 0.0234375
        var: 0.000311752140988
    barkbands:
        dmean: [1.38144741868e-07, 3.15618453897e-05, 6.26206456218e-05, 5.4609568906e-05, 0.000181074137799, 0.000114646791189, 8.43042944325e-05, 5.49296528334e-05, 0.000128570391098, 0.000159946561325, 9.22160106711e-05, 0.000592536176555, 0.000216132582864, 3.65137457266e-05, 4.29710598837e-05, 4.35824440501e-05, 4.34064095316e-05, 3.95849747292e-05, 7.93166545918e-05, 3.93463051296e-05, 1.25980968733e-05, 5.68469749851e-06, 2.26996348829e-06, 9.64666696746e-07, 5.96247957674e-07, 3.01647986589e-08, 7.57437501608e-10]
        dmean2: [2.03138057486e-07, 5.29890530743e-05, 0.000105046565295, 9.79583419394e-05, 0.00032357670716, 0.000207365548704, 0.000144767516758, 9.18209989322e-05, 0.000215248845052, 0.000267852417892, 0.000157902395586, 0.000997164286673, 0.000351472728653, 6.06552566751e-05, 7.22790427972e-05, 7.75440130383e-05, 7.61568226153e-05, 6.85982231516e-05, 0.000139567840961, 6.46996777505e-05, 2.12864324567e-05, 9.88658575807e-06, 4.10439861298e-06, 1.79381208909e-06, 1.11628173727e-06, 5.61657671483e-08, 1.06629205465e-09]
        dvar: [2.55861385681e-13, 2.17364615196e-09, 9.94332882698e-09, 1.41509817198e-08, 1.94135850506e-07, 4.97746235339e-08, 8.732961021e-08, 4.71922323442e-09, 2.45961970791e-08, 4.00599127204e-08, 1.67111124938e-08, 2.13719590647e-06, 1.3197255555e-07, 3.82732467941e-09, 1.53067372111e-08, 9.50771372743e-09, 6.0258034118e-09, 3.92873200639e-09, 2.10735194628e-07, 1.06472066719e-08, 1.59701263325e-09, 4.01987471088e-10, 4.96059443522e-11, 1.02778983241e-11, 4.30585775368e-12, 6.4987802432e-15, 8.14239074085e-17]
        dvar2: [2.7452839264e-13, 5.15516118682e-09, 2.29977725752e-08, 3.10178371876e-08, 5.53402912828e-07, 1.4360072953e-07, 2.46588228947e-07, 1.19244232266e-08, 6.16759052718e-08, 1.04074658225e-07, 4.11718694693e-08, 5.77801711188e-06, 3.09988820391e-07, 9.98870941515e-09, 3.92987757891e-08, 2.73322200428e-08, 1.74312742018e-08, 1.08765618734e-08, 6.12900009855e-07, 2.80897900495e-08, 4.38183223039e-09, 1.13093956422e-09, 1.40102693336e-10, 3.23079410447e-11, 1.26757502064e-11, 1.95824039357e-14, 8.98759197935e-17]
        max: [8.65334914124e-06, 0.000458189053461, 0.00134363118559, 0.00160852144472, 0.00453611835837, 0.00241090962663, 0.00497660133988, 0.000906337925699, 0.00132988253608, 0.00192127993796, 0.00123097584583, 0.0190517604351, 0.00381597713567, 0.000613171374425, 0.00184853503015, 0.000880983425304, 0.000847932824399, 0.000548032927327, 0.0074751842767, 0.00132388074417, 0.000587752612773, 0.000247001444222, 9.04375046957e-05, 3.6741803342e-05, 2.4772103643e-05, 6.82942811636e-07, 1.82905282031e-07]
        mean: [1.58071273404e-07, 4.739126598e-05, 7.28853847249e-05, 5.80290070502e-05, 0.000188278747373, 0.000129510997795, 0.000113797490485, 8.49455682328e-05, 0.000194189080503, 0.000228456687182, 0.00015506548516, 0.00101587269455, 0.000397804076783, 5.72229655518e-05, 5.42739398952e-05, 5.47380150238e-05, 5.84556728427e-05, 6.74513867125e-05, 0.00011504082795, 6.27878689556e-05, 2.00926806428e-05, 6.26639257462e-06, 3.0426047033e-06, 1.09922484626e-06, 4.94153596264e-07, 2.27489724836e-08, 6.66951771588e-10]
        min: [4.44075956563e-11, 2.49785671258e-07, 1.36044468491e-06, 9.21402147469e-07, 8.55543476064e-06, 3.14297312798e-06, 4.54364044344e-06, 2.38901543526e-06, 4.98825374962e-06, 1.01625100797e-05, 6.83966754877e-06, 4.73754971608e-06, 3.83395308745e-06, 1.276250714e-06, 9.99817643788e-07, 1.8357004592e-06, 1.92127527043e-06, 1.23899133087e-06, 7.15083785963e-07, 3.70181993503e-07, 1.80721229981e-07, 4.89803397841e-08, 1.10719664548e-08, 3.93170607182e-09, 1.77161996184e-09, 2.44882465e-11, 1.39039528588e-12]
        var: [3.83175208143e-13, 5.0945172525e-09, 1.25990622379e-08, 1.38559466123e-08, 1.20675665016e-07, 3.34721406148e-08, 6.76879423622e-08, 8.1452524725e-09, 3.9627469306e-08, 6.03087926265e-08, 3.34062733032e-08, 4.85888131152e-06, 3.23698259308e-07, 5.11941156134e-09, 1.2286935025e-08, 7.87323184426e-09, 6.04103655988e-09, 5.15209608309e-09, 1.58767662128e-07, 1.18315615083e-08, 1.4185879138e-09, 2.95543700624e-10, 1.04718483884e-10, 1.06753043905e-11, 2.76780790127e-12, 4.49373848408e-15, 7.9493658288e-17]
    mfcc:
        mean: [-763.330932617, 157.425765991, -61.7274284363, 23.5649909973, -24.4424152374, -1.83260262012, 11.4115781784, 0.404371649027, -9.70015716553, -7.16510820389, -4.52086019516, 0.142672583461, -3.11042165756]
        cov: [[2061.7331543, -1263.19396973, -44.0871047974, 66.2972412109, -58.3463783264, -1.43116283417, 28.4955749512, -152.280044556, -116.152336121, -20.5490169525, -26.4383659363, -38.2962875366, 21.2636585236], [-1263.19396973, 1484.09692383, -467.492736816, 2.35109019279, 99.7953796387, 8.57597923279, 6.37050485611, 57.276184082, 96.6408004761, -25.3929710388, 16.0433101654, 24.2835578918, -36.7550849915], [-44.0871047974, -467.492736816, 631.472839355, -68.7601623535, -2.95360994339, -16.4568557739, -78.5109939575, 41.3612327576, 19.2060337067, 42.6322402954, -6.52436351776, -27.8333339691, 2.10227036476], [66.2972412109, 2.35109019279, -68.7601623535, 245.639465332, -0.802827000618, -38.5237007141, -58.7579956055, -17.2550754547, 24.6874980927, 38.5807228088, -23.6325550079, -21.408870697, -41.2522125244], [-58.3463783264, 99.7953796387, -2.95360994339, -0.802827000618, 177.725082397, 47.9408340454, -6.7850227356, 24.1459522247, 21.2614040375, 10.2760753632, 25.8369865417, 27.4072399139, 0.689773380756], [-1.43116283417, 8.57597923279, -16.4568557739, -38.5237007141, 47.9408340454, 152.070617676, 109.112922668, 33.2248039246, -44.2446136475, -31.6750278473, 44.2252960205, 54.2972183228, 42.6038856506], [28.4955749512, 6.37050485611, -78.5109939575, -58.7579956055, -6.7850227356, 109.112922668, 257.790130615, 20.2726421356, -63.4250602722, -54.8822631836, 47.3964424133, 56.7716712952, 57.935131073], [-152.280044556, 57.276184082, 41.3612327576, -17.2550754547, 24.1459522247, 33.2248039246, 20.2726421356, 66.4470672607, 16.9537887573, 3.39702653885, 11.4043922424, 13.8156528473, 3.11625480652], [-116.152336121, 96.6408004761, 19.2060337067, 24.6874980927, 21.2614040375, -44.2446136475, -63.4250602722, 16.9537887573, 120.089698792, 55.5403518677, -9.58195877075, -15.0140657425, -33.4503097534], [-20.5490169525, -25.3929710388, 42.6322402954, 38.5807228088, 10.2760753632, -31.6750278473, -54.8822631836, 3.39702653885, 55.5403518677, 83.1732254028, 5.54069852829, -14.9272537231, -13.5519657135], [-26.4383659363, 16.0433101654, -6.52436351776, -23.6325550079, 25.8369865417, 44.2252960205, 47.3964424133, 11.4043922424, -9.58195877075, 5.54069852829, 51.807849884, 32.2759513855, 21.9190998077], [-38.2962875366, 24.2835578918, -27.8333339691, -21.408870697, 27.4072399139, 54.2972183228, 56.7716712952, 13.8156528473, -15.0140657425, -14.9272537231, 32.2759513855, 68.3059463501, 29.4554767609], [21.2636585236, -36.7550849915, 2.10227036476, -41.2522125244, 0.689773380756, 42.6038856506, 57.935131073, 3.11625480652, -33.4503097534, -13.5519657135, 21.9190998077, 29.4554767609, 65.1395187378]]
        icov: [[0.00210492778569, 0.0023736609146, 0.00177247449756, 2.28667195188e-05, -0.000904192391317, -0.00071234308416, 1.82733310794e-05, 0.00220018601976, -0.000779481779318, 0.00091719115153, -0.000138788411277, 0.00159495300613, 7.94884908828e-05], [0.0023736609146, 0.00381986214779, 0.00296753365546, 0.000242934562266, -0.00139851914719, -0.000550846976694, 0.000291956821457, 0.00113988993689, -0.00190573593136, 0.00196565315127, -0.000792922452092, 0.00205377978273, 0.000267915718723], [0.00177247449756, 0.00296753365546, 0.00426329346374, 0.00094803085085, -0.000930611393414, -0.000510984798893, 0.000959046767093, -0.000782522256486, -0.000900101615116, 0.000296819140203, -0.000354967516614, 0.00223724800162, -0.000205535863643], [2.28667195188e-05, 0.000242934562266, 0.00094803085085, 0.00544599536806, -0.00019582475943, -0.000394616770791, 0.000237165688304, 0.000386032683309, 0.0010134895565, -0.00343726482242, 0.00251595000736, -0.000838129664771, 0.00291640590876], [-0.000904192391317, -0.00139851914719, -0.000930611393414, -0.00019582475943, 0.00781674683094, -0.00253166886978, 0.0015891273506, -0.00135343405418, -0.000853695848491, -0.000452675798442, -0.00220818794332, -0.00223414367065, 0.000857216306031], [-0.00071234308416, -0.000550846976694, -0.000510984798893, -0.000394616770791, -0.00253166886978, 0.0151209598407, -0.00288912956603, -0.00588187621906, 0.00297881499864, 0.00176458223723, -0.00445260899141, -0.00386344548315, -0.00218155095354], [1.82733310794e-05, 0.000291956821457, 0.000959046767093, 0.000237165688304, 0.0015891273506, -0.00288912956603, 0.00759044988081, -0.0014900804963, 2.61081167992e-05, 0.0030246831011, -0.00380114489235, -0.000484029267682, -0.00238825450651], [0.00220018601976, 0.00113988993689, -0.000782522256486, 0.000386032683309, -0.00135343405418, -0.00588187621906, -0.0014900804963, 0.0244706906378, -0.00451437477022, 0.000286601047264, 0.00092624372337, 7.87091339589e-05, 0.00160476949532], [-0.000779481779318, -0.00190573593136, -0.000900101615116, 0.0010134895565, -0.000853695848491, 0.00297881499864, 2.61081167992e-05, -0.00451437477022, 0.0172553714365, -0.0109342643991, 0.00382396113127, -0.00349517236464, 0.00498339813203], [0.00091719115153, 0.00196565315127, 0.000296819140203, -0.00343726482242, -0.000452675798442, 0.00176458223723, 0.0030246831011, 0.000286601047264, -0.0109342643991, 0.0255454462022, -0.012512722984, 0.00587184680626, -0.00397488567978], [-0.000138788411277, -0.000792922452092, -0.000354967516614, 0.00251595000736, -0.00220818794332, -0.00445260899141, -0.00380114489235, 0.00092624372337, 0.00382396113127, -0.012512722984, 0.0382426716387, -0.0113257505, -0.000911917886697], [0.00159495300613, 0.00205377978273, 0.00223724800162, -0.000838129664771, -0.00223414367065, -0.00386344548315, -0.000484029267682, 7.87091339589e-05, -0.00349517236464, 0.00587184680626, -0.0113257505, 0.0285443011671, -0.00665717432275], [7.94884908828e-05, 0.000267915718723, -0.000205535863643, 0.00291640590876, 0.000857216306031, -0.00218155095354, -0.00238825450651, 0.00160476949532, 0.00498339813203, -0.00397488567978, -0.000911917886697, -0.00665717432275, 0.0258448161185]]
    spectral_contrast:
        mean: [-2.45612511662e-07, 3.29211702343e-09, 3.87898012377e-07, -1.86870963148e-07, -4.09504707477e-07, 4.94042808441e-07, 1.69233874203e-06, 1.37201573125e-06, -1.96729985191e-07, 2.5733959319e-07, 3.66887388736e-06, -9.23650168261e-06]
        var: [0.000527360185515, 0.000690758577548, 0.0012195588788, 0.00157386576757, 0.00268000783399, 0.00552075123414, 0.0713484063745, 0.115854911506, 0.140266463161, 0.201398447156, 0.523691773415, 1.16566872597]

rhythm:
    beats_loudness:
        dmean: 0.00272199930623
        dmean2: 0.00491906423122
        dvar: 5.33584488949e-06
        dvar2: 1.6129361029e-05
        max: 0.0127963833511
        mean: 0.00409952132031
        min: 0.00108709721826
        var: 6.77712569086e-06
    beats_loudness_bass:
        dmean: 0.0866602286696
        dmean2: 0.162213593721
        dvar: 0.00762377446517
        dvar2: 0.0236522313207
        max: 0.307030081749
        mean: 0.0874382406473
        min: 0.00631900550798
        var: 0.00822743121535
    bpm: 133.915939331
    bpm_confidence: 0
    first_peak_bpm: 134
    first_peak_spread: 0.0476190447807
    first_peak_weight: 0.952380955219
    onset_rate: 4.18701171875
    second_peak_bpm: 0
    second_peak_spread: 0
    second_peak_weight: 0
    beats_position: [0.155033960938, 0.602732419968, 1.05043077469, 1.49812924862, 1.94582760334, 2.39352607727, 2.84122443199, 3.28892278671, 3.73662114143, 4.18431949615, 4.63201808929, 5.07971668243, 5.52741479874, 5.98056411743, 6.42881298065, 6.87706184387, 7.32531118393, 7.77356004715, 8.22180938721, 8.67005825043, 9.11830711365, 9.56655597687]
    bpm_estimates: [134.217788696, 133.820358276, 133.470550537, 134.181396484, 132.289413452, 135.516159058]
    bpm_intervals: [0.44769847393, 0.447698354721, 0.44769847393, 0.447698354721, 0.44769847393, 0.447698354721, 0.447698354721, 0.447698354721, 0.447698354721, 0.44769859314, 0.44769859314, 0.447698116302, 0.453149318695, 0.44824886322, 0.44824886322, 0.448249340057, 0.44824886322, 0.448249340057, 0.44824886322, 0.44824886322, 0.44824886322]
    onset_times: [0.0580498874187, 0.139319732785, 0.255419492722, 0.580498874187, 1.03328800201, 1.27709746361, 1.49768710136, 1.93886625767, 2.38004541397, 2.62385487556, 2.69351482391, 2.84444451332, 2.99537420273, 3.32045340538, 3.63392281532, 3.85451245308, 4.19120168686, 4.65560102463, 4.88780021667, 5.02712011337, 5.10838985443, 5.4334692955, 5.54956912994, 5.97913837433, 6.33904743195, 6.45514726639, 6.67573690414, 6.80344676971, 6.90793657303, 7.36072540283, 7.46521520615, 7.65097522736, 7.79029464722, 8.25469398499, 8.48689365387, 8.63782310486, 8.71909332275, 9.04417228699, 9.16027164459, 9.58984088898, 9.84526062012, 9.90331077576]
    rubato_start: []
    rubato_stop: []
    perceptual_tempo: "unknown"

sfx:
    inharmonicity:
        dmean: 0.0444227010012
        dmean2: 0.0793985798955
        dvar: 0.00259309820831
        dvar2: 0.00752976583317
        max: 0.436145722866
        mean: 0.0430753715336
        min: 2.55049781117e-05
        var: 0.00249927653931
    oddtoevenharmonicenergyratio:
        dmean: 11.4150114059
        dmean2: 21.3347263336
        dvar: 1220.42749023
        dvar2: 3515.25708008
        max: 346.842803955
        mean: 7.78792095184
        min: 0.000160827563377
        var: 925.851623535
    pitch_after_max_to_before_max_energy_ratio: 0.518324792385
    pitch_centroid: 201.206390381
    pitch_max_to_total: 0.509302318096
    pitch_min_to_total: 0.655813932419
    tristimulus:
        dmean: [0.260664284229, 0.278719455004, 0.077386058867]
        dmean2: [0.459547370672, 0.495619505644, 0.136299654841]
        dvar: [0.0488800145686, 0.0530951879919, 0.00547302141786]
        dvar2: [0.14269284904, 0.147581443191, 0.015801217407]
        max: [0.964040398598, 0.954320192337, 0.480060786009]
        mean: [0.393658518791, 0.490414500237, 0.0856352224946]
        min: [0.00622665137053, 0, 0]
        var: [0.0628113076091, 0.0676853731275, 0.00790793355554]

tonal:
    chords_changes_rate: 0.037037037313
    chords_number_rate: 0.0231481473893
    chords_strength:
        dmean: 0.00994495302439
        dmean2: 0.0120817655697
        dvar: 7.25111240172e-05
        dvar2: 0.000109120373963
        max: 0.678728997707
        mean: 0.573773145676
        min: 0.32528668642
        var: 0.00552090909332
    key_strength: 0.682672441006
    tuning_diatonic_strength: 0.653871178627
    tuning_equal_tempered_deviation: 0.296690046787
    tuning_frequency: 431.443084717
    tuning_nontempered_energy_ratio: 0.899969995022
    hpcp:
        dmean: [0.15094178915, 0.193540424109, 0.171292498708, 0.148105055094, 0.136761680245, 0.141427561641, 0.150458648801, 0.191862881184, 0.213652670383, 0.172494471073, 0.122599549592, 0.107618756592, 0.109552167356, 0.140553295612, 0.195860236883, 0.238338559866, 0.235269576311, 0.234105795622, 0.213815152645, 0.186019510031, 0.176046848297, 0.183991298079, 0.218757480383, 0.212239801884, 0.180617183447, 0.173728957772, 0.152413800359, 0.115897201002, 0.126475423574, 0.196267291903, 0.247792690992, 0.189022451639, 0.164101555943, 0.119772970676, 0.0994625613093, 0.0981324538589]
        dmean2: [0.262534976006, 0.324030488729, 0.28045591712, 0.243260189891, 0.228642702103, 0.235955759883, 0.252682834864, 0.335815429688, 0.376375496387, 0.299884855747, 0.2069529742, 0.179822549224, 0.187205806375, 0.245411589742, 0.344743788242, 0.41661927104, 0.395736217499, 0.412278980017, 0.370901018381, 0.326263636351, 0.290624111891, 0.318467020988, 0.372973233461, 0.365753293037, 0.307058185339, 0.297770142555, 0.259582698345, 0.20111553371, 0.215877264738, 0.33173045516, 0.415748894215, 0.33033618331, 0.272401660681, 0.201495692134, 0.172686710954, 0.172506988049]
        dvar: [0.0305319037288, 0.0346136838198, 0.0328268148005, 0.0246730297804, 0.0270168706775, 0.0315022282302, 0.0287403482944, 0.0376975871623, 0.0512592121959, 0.0282183401287, 0.0203215423971, 0.0121540566906, 0.0146539928392, 0.0227297022939, 0.0385969430208, 0.0495257116854, 0.0389074981213, 0.0505728833377, 0.0431762039661, 0.0365553461015, 0.0311560407281, 0.0332491546869, 0.0449477732182, 0.0468119718134, 0.0303415302187, 0.0398617200553, 0.032411724329, 0.0172893032432, 0.0216760765761, 0.0335734970868, 0.0593043975532, 0.0360796451569, 0.0332486405969, 0.026396766305, 0.0193630922586, 0.0171409584582]
        dvar2: [0.0855466797948, 0.0964290574193, 0.087193608284, 0.0649447143078, 0.0632529109716, 0.0761034041643, 0.0775419101119, 0.112060986459, 0.143671765924, 0.0836253985763, 0.0557106174529, 0.0315392129123, 0.0399541892111, 0.0614119321108, 0.104090310633, 0.133055835962, 0.110932394862, 0.128255471587, 0.110639199615, 0.103584565222, 0.0885333418846, 0.0956970825791, 0.116972014308, 0.100466243923, 0.0784493088722, 0.0979993492365, 0.0827237591147, 0.0506236404181, 0.0596432648599, 0.0861089676619, 0.141601875424, 0.0907502025366, 0.087393425405, 0.0711655393243, 0.0506773218513, 0.0465770624578]
        max: [1, 1, 1, 1, 1, 1, 1, 1, 1, 1, 1, 0.883513331413, 0.951614379883, 1, 0.985644638538, 1, 1, 1, 1, 1, 1, 0.900788187981, 1, 1, 1, 1, 1, 0.657853841782, 0.866917133331, 1, 1, 1, 1, 1, 0.876763999462, 1]
        mean: [0.191864416003, 0.306815177202, 0.314514398575, 0.22006495297, 0.182718411088, 0.195723876357, 0.198901772499, 0.264711409807, 0.316626399755, 0.238009080291, 0.166273117065, 0.142704933882, 0.14338439703, 0.18321813643, 0.243391811848, 0.332883566618, 0.395724564791, 0.396848320961, 0.356299191713, 0.2970495224, 0.245279714465, 0.257867842913, 0.381769001484, 0.405585169792, 0.282604426146, 0.223404973745, 0.196229621768, 0.153908282518, 0.161677077413, 0.30818721652, 0.413550376892, 0.322304457426, 0.21180935204, 0.14527413249, 0.107212431729, 0.115270197392]
        min: [0.00625667255372, 0.0148957790807, 0.0124464184046, 0.00278182467446, 0.00258105155081, 0.00228687375784, 0.00541797652841, 0.00431487336755, 0.00394758954644, 0.014335510321, 0.00474525662139, 0.00682397838682, 0.00768539868295, 0.00793108623475, 0.00440427893773, 0.0117060318589, 0.00720196589828, 0.0137392347679, 0.0065167970024, 0.00534115731716, 0.0101403594017, 0.0129276951775, 0.0149781005457, 0.00863791629672, 0.00924151390791, 0.006628846284, 0.0030360633973, 0.00439209118485, 0.00177733262535, 0.00594831304625, 0.00607569469139, 0.0136196846142, 0.00794842001051, 0.00332854362205, 0.00264323456213, 0.00298619316891]
        var: [0.0365741960704, 0.0685345754027, 0.0848635658622, 0.0458493791521, 0.0395677015185, 0.0535657666624, 0.0479312501848, 0.060723926872, 0.102602727711, 0.0446241758764, 0.0285474900156, 0.0194335337728, 0.017231663689, 0.0248212255538, 0.0467541851103, 0.0872038006783, 0.0818994417787, 0.0977086126804, 0.0876686051488, 0.0838441550732, 0.049802608788, 0.0396822914481, 0.0815865695477, 0.115639351308, 0.0483641624451, 0.0483456850052, 0.0414053015411, 0.0223006922752, 0.0281683281064, 0.065881408751, 0.126024380326, 0.0693925991654, 0.0473096780479, 0.0290847625583, 0.0192855577916, 0.0182000175118]
    chords_histogram: [13.4259262085, 0, 0, 0, 0, 0, 0, 0, 0, 0, 0, 0, 0, 1.38888883591, 0, 0, 4.62962961197, 28.2407398224, 0, 0, 0, 52.3148155212, 0, 0]
    thpcp: [1, 0.779359579086, 0.512173056602, 0.351285219193, 0.259248793125, 0.27873313427, 0.463944494724, 0.741905212402, 0.760522603989, 0.532135784626, 0.441828668118, 0.473276972771, 0.480961412191, 0.640094697475, 0.765629589558, 0.575526237488, 0.402062535286, 0.345072686672, 0.346715658903, 0.443037033081, 0.588542103767, 0.804940760136, 0.956895649433, 0.959613025188, 0.861561775208, 0.718291044235, 0.593107223511, 0.623546361923, 0.923149943352, 0.980739474297, 0.683361530304, 0.540212213993, 0.47449991107, 0.372163325548, 0.390948921442, 0.74522292614]
    chords_key: "E"
    chords_scale: "minor"
    key_key: "D"
    key_scale: "major"
    chords_progression: ["D", "D", "D", "D", "D", "D", "D", "D", "D", "D", "D", "D", "D", "D", "D", "D", "D", "D", "D", "D", "D", "D", "D", "D", "D", "D", "D", "D", "Dm", "Dm", "Dm", "Dm", "D", "Dm", "Dm", "Dm", "Dm", "Dm", "Dm", "Dm", "Dm", "Dm", "Dm", "Dm", "Dm", "Dm", "Dm", "Dm", "Dm", "Dm", "Dm", "Dm", "Dm", "Dm", "Dm", "Dm", "Dm", "Dm", "Dm", "Dm", "Dm", "Dm", "Dm", "Dm", "Dm", "Dm", "Dm", "Dm", "Dm", "Dm", "Dm", "Dm", "Dm", "Dm", "Dm", "Dm", "Dm", "Dm", "Dm", "Dm", "Dm", "Dm", "Dm", "Dm", "Dm", "Dm", "Dm", "Dm", "Dm", "Dm", "A#", "A#", "A#", "A#", "A#", "A#", "A#", "A#", "Em", "A#", "A#", "Em", "Em", "Em", "Em", "Em", "Em", "Em", "Em", "Em", "Em", "Em", "Em", "Em", "Em", "Em", "Em", "Em", "Em", "Em", "Em", "Em", "Em", "Em", "Em", "Em", "Em", "Em", "Em", "Em", "Em", "Em", "Em", "Em", "Em", "Em", "Em", "Em", "Em", "Em", "Em", "Em", "Em", "Em", "Em", "Em", "Em", "Em", "Em", "Em", "Em", "Em", "Em", "Em", "Em", "Em", "Em", "Em", "Em", "Em", "Em", "Em", "Em", "Em", "Em", "Em", "Em", "Em", "Em", "Em", "Em", "Em", "Em", "Em", "Em", "Em", "Em", "Em", "Em", "Em", "Em", "Em", "Em", "Em", "Em", "Em", "Em", "Em", "Em", "Em", "Em", "Em", "Em", "Em", "Em", "Em", "Em", "Em", "Em", "Em", "Em", "Em", "Em", "Em", "Em", "Em", "Em", "Em", "Em", "Em", "Em", "Em", "Em", "Cm", "Cm", "Cm"]
