
metadata:
    version:
        essentia: "1.2.2"
    audio_properties:
        analysis_sample_rate: 44100
        bitrate: 128
        channels: 2
        equal_loudness: 1
        length: 10.0310201645
        replay_gain: -14.679485321
        downmix: "mix"
    tags:
        track: 8
        year: 0
        album: "Splitted by Mp3Splt v. 2.1"
        artist: "From 001.10 To 001.20"
        comment: "http://mp3splt.sf.net"
        genre: ""
        title: "19 Track 19.mp3"

highlevel:
    ballroom:
        all:
            ChaChaCha: 0.0782206654549
            Jive: 0.160899728537
            Quickstep: 0.22546261549
            Rumba-American: 0.0441806428134
            Rumba-International: 0.0529023818672
            Rumba-Misc: 0.0253201313317
            Samba: 0.182000547647
            Tango: 0.0752847716212
            VienneseWaltz: 0.121657975018
            Waltz: 0.0340705476701
        probability: 0.22546261549
        value: "Quickstep"
    culture:
        all:
            non_western: 0.125161454082
            western: 0.874838531017
        probability: 0.874838531017
        value: "western"
    gender:
        all:
            female: 0.583117365837
            male: 0.416882604361
        probability: 0.583117365837
        value: "female"
    genre_dortmund:
        all:
            alternative: 0.0637294799089
            blues: 0.256263464689
            electronic: 0.00537080317736
            folkcountry: 0.125727683306
            funksoulrnb: 0.0652594938874
            jazz: 0.0902945846319
            pop: 0.0433881543577
            raphiphop: 0.0037266688887
            rock: 0.34623965621
        probability: 0.34623965621
        value: "rock"
    genre_electronica:
        all:
            ambient: 0.62118691206
            dnb: 0.27149862051
            house: 0.0325795635581
            techno: 0.0120333349332
            trance: 0.0627015680075
        probability: 0.62118691206
        value: "ambient"
    genre_rosamerica:
        all:
            cla: 0.0294315218925
            dan: 0.00393244205043
            hip: 0.00396005809307
            jaz: 0.063241623342
            pop: 0.125319540501
            rhy: 0.660110235214
            roc: 0.112131200731
            spe: 0.00187340774573
        probability: 0.660110235214
        value: "rhy"
    genre_tzanetakis:
        all:
            blu: 0.0381170287728
            cla: 0.0207210704684
            cou: 0.425093203783
            dis: 0.13760869205
            hip: 0.0120550105348
            jaz: 0.0523007959127
            met: 0.00967989861965
            pop: 0.160660862923
            reg: 0.0901109650731
            roc: 0.0536524802446
        probability: 0.425093203783
        value: "cou"
    live_studio:
        all:
            live: 0.0514627285302
            studio: 0.948537290096
        probability: 0.948537290096
        value: "studio"
    mood:
        all:
            Cluster1: 0.120904825628
            Cluster2: 0.36335515976
            Cluster3: 0.265068054199
            Cluster4: 0.192055597901
            Cluster5: 0.0586163811386
        probability: 0.36335515976
        value: "Cluster2"
    mood_acoustic:
        all:
            acoustic: 0.620876371861
            not_acoustic: 0.379123598337
        probability: 0.620876371861
        value: "acoustic"
    mood_aggressive:
        all:
            aggressive: 0.14455717802
            not_aggressive: 0.85544282198
        probability: 0.85544282198
        value: "not_aggressive"
    mood_electronic:
        all:
            electronic: 0.0232618879527
            not_electronic: 0.976738095284
        probability: 0.976738095284
        value: "not_electronic"
    mood_happy:
        all:
            happy: 0.765595793724
            not_happy: 0.234404206276
        probability: 0.765595793724
        value: "happy"
    mood_party:
        all:
            not_party: 0.68140655756
            party: 0.31859344244
        probability: 0.68140655756
        value: "not_party"
    mood_relaxed:
        all:
            not_relaxed: 0.259623497725
            relaxed: 0.740376472473
        probability: 0.740376472473
        value: "relaxed"
    mood_sad:
        all:
            not_sad: 8.59481758653e-07
            sad: 0.999999165535
        probability: 0.999999165535
        value: "sad"
    rhythm:
        all:
            fast: 0.968021929264
            medium: 0.0197739377618
            slow: 0.0122041329741
        probability: 0.968021929264
        value: "fast"
    speech_music:
        all:
            music: 7.32833065065e-13
            speech: 1
        probability: 1
        value: "speech"
    timbre:
        all:
            bright: 0.376480430365
            dark: 0.623519539833
        probability: 0.623519539833
        value: "dark"
    voice_instrumental:
        all:
            instrumental: 0.0396546833217
            voice: 0.960345327854
        probability: 0.960345327854
        value: "voice"

lowlevel:
    average_loudness: 0.976063847542
    barkbands_kurtosis:
        dmean: 1.1602101326
        dmean2: 1.79104244709
        dvar: 1.95534288883
        dvar2: 4.79949092865
        max: 12.005320549
        mean: 0.32711443305
        min: -1.73392224312
        var: 4.08131217957
    barkbands_skewness:
        dmean: 0.461229324341
        dmean2: 0.691985189915
        dvar: 0.190746173263
        dvar2: 0.424543917179
        max: 3.20000362396
        mean: 0.475831001997
        min: -2.22385883331
        var: 0.767930626869
    barkbands_spread:
        dmean: 5.93711042404
        dmean2: 8.98558235168
        dvar: 33.7735824585
        dvar2: 74.2112197876
        max: 65.8296356201
        mean: 23.3678722382
        min: 6.02511835098
        var: 99.5697937012
    dissonance:
        dmean: 0.0280422493815
        dmean2: 0.0458508245647
        dvar: 0.000639682984911
        dvar2: 0.00155263312627
        max: 0.498235017061
        mean: 0.445000082254
        min: 0.302143394947
        var: 0.00149873259943
    hfc:
        dmean: 2.29935240746
        dmean2: 3.12992882729
        dvar: 11.8211212158
        dvar2: 23.3582191467
        max: 38.0994415283
        mean: 5.578125
        min: 0.0175005551428
        var: 33.6743087769
    pitch:
        dmean: 231.04776001
        dmean2: 433.213928223
        dvar: 479530.9375
        dvar2: 1099696.125
        max: 3675
        mean: 446.844207764
        min: 74.745765686
        var: 447186.96875
    pitch_instantaneous_confidence:
        dmean: 0.110344044864
        dmean2: 0.170939221978
        dvar: 0.0117742531002
        dvar2: 0.0233458895236
        max: 0.951821208
        mean: 0.573869407177
        min: 0.190980136395
        var: 0.0464824922383
    pitch_salience:
        dmean: 0.0723849162459
        dmean2: 0.119896203279
        dvar: 0.00388239882886
        dvar2: 0.00982057675719
        max: 0.79928201437
        mean: 0.590312123299
        min: 0.280862063169
        var: 0.0096918400377
    silence_rate_20dB:
        dmean: 0
        dmean2: 0
        dvar: 0
        dvar2: 0
        max: 1
        mean: 1
        min: 1
        var: 0
    silence_rate_30dB:
        dmean: 0
        dmean2: 0
        dvar: 0
        dvar2: 0
        max: 1
        mean: 1
        min: 1
        var: 0
    silence_rate_60dB:
        dmean: 0.108796298504
        dmean2: 0.218097448349
        dvar: 0.0969599112868
        dvar2: 0.179811894894
        max: 1
        mean: 0.515011548996
        min: 0
        var: 0.249774605036
    spectral_centroid:
        dmean: 251.229675293
        dmean2: 366.001403809
        dvar: 65007.5703125
        dvar2: 131030.164062
        max: 2992.8684082
        mean: 1260.51098633
        min: 251.990188599
        var: 234338.921875
    spectral_complexity:
        dmean: 2.60556840897
        dmean2: 3.82790708542
        dvar: 10.1228427887
        dvar2: 21.5843524933
        max: 39
        mean: 8.83333301544
        min: 0
        var: 29.5833377838
    spectral_crest:
        dmean: 2.82923555374
        dmean2: 4.66156244278
        dvar: 5.90257835388
        dvar2: 15.7136850357
        max: 21.702337265
        mean: 9.1067943573
        min: 2.92887496948
        var: 13.6835975647
    spectral_decrease:
        dmean: 2.90158758132e-10
        dmean2: 4.07969213967e-10
        dvar: 1.27179471544e-19
        dvar2: 2.14191453209e-19
        max: -2.8084518218e-12
        mean: -8.76305528141e-10
        min: -3.62902929929e-09
        var: 5.05808019879e-19
    spectral_energy:
        dmean: 0.00128290243447
        dmean2: 0.00179184798617
        dvar: 2.62232788373e-06
        dvar2: 4.46981857749e-06
        max: 0.0156540032476
        mean: 0.00381332752295
        min: 1.21870816656e-05
        var: 1.00478200693e-05
    spectral_energyband_high:
        dmean: 7.42362681194e-05
        dmean2: 0.000105633647763
        dvar: 2.26818315241e-08
        dvar2: 5.24557464132e-08
        max: 0.00194141140673
        mean: 0.000119423057185
        min: 2.63874483153e-07
        var: 3.37882930523e-08
    spectral_energyband_low:
        dmean: 7.37652590033e-05
        dmean2: 0.000125336431665
        dvar: 1.4600354703e-08
        dvar2: 4.16030871975e-08
        max: 0.00100444094278
        mean: 0.000161608099006
        min: 1.92936013832e-07
        var: 2.72595492845e-08
    spectral_energyband_middle_high:
        dmean: 0.000983656034805
        dmean2: 0.0013545883121
        dvar: 2.10317625715e-06
        dvar2: 3.68538485418e-06
        max: 0.0143036078662
        mean: 0.00216454919428
        min: 4.0776330934e-06
        var: 6.36563390799e-06
    spectral_energyband_middle_low:
        dmean: 0.000606123299804
        dmean2: 0.000907800509594
        dvar: 5.95436631556e-07
        dvar2: 1.46505442444e-06
        max: 0.00725604407489
        mean: 0.00136775174178
        min: 7.03323212292e-06
        var: 1.77289473413e-06
    spectral_flatness_db:
        dmean: 0.0251331012696
        dmean2: 0.0365915708244
        dvar: 0.000546306138858
        dvar2: 0.00114472373389
        max: 0.299050807953
        mean: 0.188923850656
        min: 0.0879576653242
        var: 0.00165393890347
    spectral_flux:
        dmean: 0.0108486777171
        dmean2: 0.0158639028668
        dvar: 0.000119372518384
        dvar2: 0.000243325412157
        max: 0.104328326881
        mean: 0.0359311848879
        min: 0.0034910000395
        var: 0.000395870825741
    spectral_kurtosis:
        dmean: 2.6647772789
        dmean2: 4.38013935089
        dvar: 5.83822154999
        dvar2: 15.1419267654
        max: 20.9335689545
        mean: 6.24788713455
        min: -0.218115091324
        var: 11.309387207
    spectral_rms:
        dmean: 0.000327414716594
        dmean2: 0.000441096111899
        dvar: 1.25123875705e-07
        dvar2: 1.95327061192e-07
        max: 0.00390796596184
        mean: 0.00175523897633
        min: 0.000109040520329
        var: 6.39458846763e-07
    spectral_rolloff:
        dmean: 555.516540527
        dmean2: 886.416503906
        dvar: 368459.25
        dvar2: 767658.8125
        max: 5684.765625
        mean: 2359.07983398
        min: 215.33203125
        var: 983956.9375
    spectral_skewness:
        dmean: 0.300056129694
        dmean2: 0.484631866217
        dvar: 0.0674429163337
        dvar2: 0.156508281827
        max: 3.26667881012
        mean: 1.72747039795
        min: 0.471594780684
        var: 0.176447793841
    spectral_spread:
        dmean: 992840.5625
        dmean2: 1478861.25
        dvar: 1.96152668979e+12
        dvar2: 4.29924102963e+12
        max: 15461691
        mean: 3859586
        min: 1511774.75
        var: 3.02218031923e+12
    spectral_strongpeak:
        dmean: 0.522182047367
        dmean2: 0.843152940273
        dvar: 0.557526707649
        dvar2: 1.27490830421
        max: 6.1413769722
        mean: 0.951081931591
        min: 0.00652361661196
        var: 1.1476559639
    zerocrossingrate:
        dmean: 0.0096874544397
        dmean2: 0.0112213846296
        dvar: 7.45115685277e-05
        dvar2: 0.000107265019324
        max: 0.1513671875
        mean: 0.070716008544
        min: 0.01708984375
        var: 0.000439871073468
    barkbands:
        dmean: [1.05518784821e-08, 1.76683479367e-05, 6.08916161582e-05, 7.14975467417e-05, 0.000181771145435, 0.000118685296911, 5.50937802473e-05, 5.77206046728e-05, 0.000336696190061, 0.000156011839863, 0.000152354230522, 0.00013924051018, 0.000201943184948, 0.0001345960045, 9.09441223484e-05, 8.1912294263e-05, 0.000195849250304, 0.000154205918079, 0.000168764192495, 9.16231438168e-05, 3.41627674061e-05, 8.48458603286e-06, 2.58483305515e-06, 7.54114466872e-07, 6.74837963288e-07, 4.60881857123e-08, 4.25780255497e-09]
        dmean2: [1.68164895342e-08, 2.89720501314e-05, 0.000105143153633, 0.000126830447698, 0.000289056653855, 0.000191004786757, 9.23650877667e-05, 9.7516043752e-05, 0.000521577661857, 0.000240074848989, 0.000223000941332, 0.000208178971661, 0.000302686705254, 0.000202917435672, 0.000136481976369, 0.000128041530843, 0.000299889536109, 0.000215537424083, 0.000259725115029, 0.000135003036121, 5.29527496838e-05, 1.26341619762e-05, 4.22766652264e-06, 1.13060673357e-06, 1.06588674953e-06, 7.45674739733e-08, 4.42019931768e-09]
        dvar: [2.71836642636e-16, 4.5688916539e-10, 1.28316077763e-08, 8.04204614013e-09, 9.93238629121e-08, 3.29863176773e-08, 3.04564871101e-08, 3.67169050719e-08, 4.50423527809e-07, 5.35345407116e-07, 1.43341381431e-07, 1.89702191733e-07, 4.61542583707e-07, 7.46832000686e-08, 4.93392313672e-08, 2.74807181455e-08, 1.60893193879e-07, 8.87610411837e-08, 1.49831308249e-07, 2.00194456568e-08, 9.77396918955e-09, 2.37218883425e-10, 1.01324421076e-10, 1.69805434904e-12, 1.61993649831e-12, 7.04220888418e-14, 7.09776806218e-15]
        dvar2: [6.83196340585e-16, 1.19935195109e-09, 3.60162069057e-08, 2.3134388627e-08, 2.25779558605e-07, 7.13546199904e-08, 5.35167501425e-08, 8.28955535326e-08, 1.15800457934e-06, 1.0308782521e-06, 2.3548864192e-07, 4.66936711518e-07, 9.50622620621e-07, 1.54280328957e-07, 9.50928225052e-08, 6.05548748922e-08, 3.89349310126e-07, 1.69388371773e-07, 3.98184624828e-07, 4.42460752481e-08, 2.63011585844e-08, 5.67056845924e-10, 2.24297622142e-10, 3.56987638235e-12, 3.83986635891e-12, 1.74118179727e-13, 7.11455413761e-15]
        max: [1.96726716695e-07, 0.000215011576074, 0.000949047098402, 0.000805935938843, 0.00316754542291, 0.00195462675765, 0.00301949121058, 0.00244052917697, 0.006576330401, 0.0107622370124, 0.00493867415935, 0.00441494164988, 0.00693736271933, 0.00329127442092, 0.00257702101953, 0.00188703276217, 0.00464027328417, 0.00269463914447, 0.00526322191581, 0.00139734626282, 0.00130803452339, 0.000151003056089, 0.000116584822536, 1.02196572698e-05, 1.66577683558e-05, 4.59885268356e-06, 1.75134653091e-06]
        mean: [1.22717365159e-08, 4.99229681736e-05, 0.000111673216452, 9.89002219285e-05, 0.000279660685919, 0.000201061367989, 7.22322220099e-05, 6.79781151121e-05, 0.000541905930731, 0.000300967250951, 0.000254275044426, 0.00017136259703, 0.000221067966777, 0.000211575461435, 0.000137369483127, 0.000121897923236, 0.000280250562355, 0.000230546444072, 0.000257296254858, 0.000139625146403, 4.8031899496e-05, 1.09415841507e-05, 3.17719081977e-06, 9.04847297534e-07, 6.49890864679e-07, 4.11787901555e-08, 4.2289505231e-09]
        min: [7.83966988549e-11, 1.31679144033e-07, 5.9827449661e-08, 1.87342152458e-07, 3.73232978745e-06, 5.96074073655e-07, 1.01544941344e-07, 3.57159024134e-07, 1.5273363374e-07, 1.21074947401e-07, 1.23405243357e-07, 8.01061545985e-08, 6.30810532698e-08, 4.01843109898e-08, 2.4286828193e-07, 3.27034086922e-07, 1.62144644378e-07, 1.91554178741e-07, 6.81972039729e-07, 3.55985179112e-07, 8.38317930629e-08, 4.51655113309e-09, 1.05619257784e-09, 7.83176024033e-10, 2.66995509035e-10, 1.73377267404e-11, 1.11395816887e-13]
        var: [3.4999589316e-16, 1.93320448538e-09, 2.23148237666e-08, 1.10580620216e-08, 1.36202004342e-07, 1.02371267019e-07, 4.6157637712e-08, 5.40349880396e-08, 1.00997795016e-06, 1.49493405388e-06, 3.77522752615e-07, 2.96128234822e-07, 5.71569046315e-07, 1.54829379539e-07, 1.02614876596e-07, 5.64677939963e-08, 2.81371058009e-07, 1.87430956089e-07, 1.71588538933e-07, 3.75918745021e-08, 9.31527033288e-09, 2.82310397282e-10, 1.12234249672e-10, 2.65881674316e-12, 2.20263239072e-12, 6.16423416217e-14, 7.08225550078e-15]
    mfcc:
        mean: [-761.748840332, 140.056045532, -63.6513366699, 54.8289756775, -13.8808584213, -2.50703120232, 3.77037763596, -1.26153957844, -2.38486528397, -2.55442690849, -4.33573961258, -9.55885696411, -8.18885421753]
        cov: [[4339.07617188, -1671.671875, -394.388061523, -336.814483643, -13.0011692047, -97.3580780029, -213.711242676, -102.149795532, -80.1721572876, -43.6530380249, -164.667953491, 24.0130729675, -114.046714783], [-1671.671875, 1347.24645996, -202.212265015, 170.004074097, -161.600036621, 29.099363327, 127.225601196, 11.6847457886, -8.21433067322, -4.9134812355, 79.9548568726, 13.9657726288, 66.8586425781], [-394.388061523, -202.212265015, 847.157409668, 14.0243377686, 111.167442322, -108.241386414, -15.8982563019, -53.9787559509, 73.2076263428, 5.03155422211, 45.0708236694, -57.7136573792, 23.6918239594], [-336.814483643, 170.004074097, 14.0243377686, 239.592071533, 28.7465362549, 0.447014302015, -33.3174667358, -22.699432373, 13.0618772507, 46.389919281, -10.8218355179, -22.598367691, 9.55141067505], [-13.0011692047, -161.600036621, 111.167442322, 28.7465362549, 325.577911377, 33.323009491, -50.7414360046, -40.4330596924, 36.6931114197, 71.1474304199, -32.2634544373, -6.25795078278, 4.39477825165], [-97.3580780029, 29.099363327, -108.241386414, 0.447014302015, 33.323009491, 172.780197144, 54.4044265747, 35.9416275024, -24.3467960358, -19.7594680786, 0.901031017303, 28.4688243866, 15.6342420578], [-213.711242676, 127.225601196, -15.8982563019, -33.3174667358, -50.7414360046, 54.4044265747, 174.01222229, 44.6485519409, -4.23838329315, -61.996295929, 15.6491479874, 15.4531154633, 24.8393573761], [-102.149795532, 11.6847457886, -53.9787559509, -22.699432373, -40.4330596924, 35.9416275024, 44.6485519409, 152.47479248, -0.498715281487, 16.4784393311, 16.5474967957, 4.63000583649, -16.9615192413], [-80.1721572876, -8.21433067322, 73.2076263428, 13.0618772507, 36.6931114197, -24.3467960358, -4.23838329315, -0.498715281487, 113.290153503, 41.4899215698, -12.0905065536, -18.975479126, -20.4914302826], [-43.6530380249, -4.9134812355, 5.03155422211, 46.389919281, 71.1474304199, -19.7594680786, -61.996295929, 16.4784393311, 41.4899215698, 153.435272217, 2.78480935097, -16.13996315, -34.223487854], [-164.667953491, 79.9548568726, 45.0708236694, -10.8218355179, -32.2634544373, 0.901031017303, 15.6491479874, 16.5474967957, -12.0905065536, 2.78480935097, 92.0630645752, 16.8678016663, -11.1287136078], [24.0130729675, 13.9657726288, -57.7136573792, -22.598367691, -6.25795078278, 28.4688243866, 15.4531154633, 4.63000583649, -18.975479126, -16.13996315, 16.8678016663, 74.9871902466, 5.39112567902], [-114.046714783, 66.8586425781, 23.6918239594, 9.55141067505, 4.39477825165, 15.6342420578, 24.8393573761, -16.9615192413, -20.4914302826, -34.223487854, -11.1287136078, 5.39112567902, 95.5899429321]]
        icov: [[0.000699619529769, 0.000904297514353, 0.000540801440366, 0.000343092309777, 0.00032717717113, 0.000391912588384, 7.39304305171e-05, 0.000606304733083, 0.000220345085836, -8.10786805232e-05, 0.000289097864879, -8.08713957667e-05, 9.95461959974e-05], [0.000904297514353, 0.00232763565145, 0.00109592592344, -0.000469334190711, 0.00082771939924, 0.0006842444418, -0.000803315720987, 0.00109139550477, -6.16568504483e-05, -0.000441742420662, -0.000868024362717, 2.81717038888e-05, -0.000795429572463], [0.000540801440366, 0.00109592592344, 0.00224864738993, -6.02734580752e-05, -0.0004582311376, 0.00141934794374, -0.00035377178574, 0.000710613501724, -0.00089326192392, 0.000490354606882, -0.00179049826693, 0.00113800959662, -0.000954222516157], [0.000343092309777, -0.000469334190711, -6.02734580752e-05, 0.00565265025944, 7.93212821009e-05, -0.000633503252175, 0.00117194955237, 0.00087193294894, 0.000267322757281, -0.00139216682874, 0.00124416546896, 0.00109037768561, -0.000219897687202], [0.00032717717113, 0.00082771939924, -0.0004582311376, 7.93212821009e-05, 0.00485482206568, -0.00187484675553, 0.000469611171866, 0.00165004399605, -0.000528997334186, -0.00245559681207, 0.00148807954974, -0.000622479827143, -0.000612955482211], [0.000391912588384, 0.0006842444418, 0.00141934794374, -0.000633503252175, -0.00187484675553, 0.00874945521355, -0.00234024901874, -0.0013235672377, 0.00111949862912, 0.000849705771543, -0.000427776947618, -0.00165411736816, -0.000683350430336], [7.39304305171e-05, -0.000803315720987, -0.00035377178574, 0.00117194955237, 0.000469611171866, -0.00234024901874, 0.00948010664433, -0.00239883246832, -0.00174290616997, 0.00343448738568, -0.000270975346211, -0.000234979088418, -0.00106955680531], [0.000606304733083, 0.00109139550477, 0.000710613501724, 0.00087193294894, 0.00165004399605, -0.0013235672377, -0.00239883246832, 0.00918106548488, 0.000303607084788, -0.00274734292179, -0.000603572931141, 0.000524169008713, 0.00107145612128], [0.000220345085836, -6.16568504483e-05, -0.00089326192392, 0.000267322757281, -0.000528997334186, 0.00111949862912, -0.00174290616997, 0.000303607084788, 0.0118426755071, -0.00292678410187, 0.00278358510695, 0.00075751345139, 0.0026208688505], [-8.10786805232e-05, -0.000441742420662, 0.000490354606882, -0.00139216682874, -0.00245559681207, 0.000849705771543, 0.00343448738568, -0.00274734292179, -0.00292678410187, 0.0111686652526, -0.0017817588523, 0.000925362634007, 0.00193539483007], [0.000289097864879, -0.000868024362717, -0.00179049826693, 0.00124416546896, 0.00148807954974, -0.000427776947618, -0.000270975346211, -0.000603572931141, 0.00278358510695, -0.0017817588523, 0.0153610194102, -0.00391916837543, 0.00320454756729], [-8.08713957667e-05, 2.81717038888e-05, 0.00113800959662, 0.00109037768561, -0.000622479827143, -0.00165411736816, -0.000234979088418, 0.000524169008713, 0.00075751345139, 0.000925362634007, -0.00391916837543, 0.0164933353662, -0.000946753541939], [9.95461959974e-05, -0.000795429572463, -0.000954222516157, -0.000219897687202, -0.000612955482211, -0.000683350430336, -0.00106955680531, 0.00107145612128, 0.0026208688505, 0.00193539483007, 0.00320454756729, -0.000946753541939, 0.0136841572821]]
    spectral_contrast:
        mean: [4.86098628016e-08, -3.61913663482e-07, 1.43897963767e-07, -2.02898974067e-07, 9.71162492647e-08, -7.0157045684e-07, -3.34613855557e-06, 3.1067540931e-06, -1.4235438357e-06, 4.23358551416e-06, 3.9110027501e-06, -4.58403883385e-06]
        var: [0.000639189267531, 0.0010879135225, 0.00247531989589, 0.0031797986012, 0.00505651021376, 0.00899642053992, 0.0572122856975, 0.113097943366, 0.171490162611, 0.295801579952, 0.528981864452, 2.28868722916]

rhythm:
    beats_loudness:
        dmean: 0.00344708794728
        dmean2: 0.00624717399478
        dvar: 3.53503173756e-06
        dvar2: 1.31125925691e-05
        max: 0.00974117033184
        mean: 0.00524915289134
        min: 0.00156504742336
        var: 5.4274401009e-06
    beats_loudness_bass:
        dmean: 0.0431332066655
        dmean2: 0.0701686516404
        dvar: 0.00193632999435
        dvar2: 0.00478922575712
        max: 0.203317165375
        mean: 0.0739879980683
        min: 0.00808764435351
        var: 0.0023198693525
    bpm: 83.267250061
    bpm_confidence: 0
    first_peak_bpm: 167
    first_peak_spread: 0
    first_peak_weight: 0.526315808296
    onset_rate: 4.38639307022
    second_peak_bpm: 83
    second_peak_spread: 0
    second_peak_weight: 0.421052634716
    beats_position: [0.136284306645, 0.856857717037, 1.57743120193, 2.29800462723, 3.01857805252, 3.73915171623, 4.45972490311, 5.1802983284, 5.90087127686, 6.30827093124, 6.66660785675, 7.02494478226, 7.38328075409, 7.7416176796, 8.0999546051, 8.45829105377, 8.81662750244, 9.17496395111, 9.53330039978, 9.89163780212]
    bpm_estimates: [83.1628265381, 83.467880249, 83.1710510254]
    bpm_intervals: [0.720573425293, 0.720573484898, 0.720573425293, 0.720573425293, 0.720573663712, 0.720573186874, 0.720573425293, 0.720572948456, 0.407399654388, 0.358336925507, 0.358336925507, 0.358335971832, 0.358336925507, 0.358336925507, 0.358336448669, 0.358336448669, 0.358336448669, 0.358336448669, 0.358337402344]
    onset_times: [0.0464399084449, 0.359909296036, 0.406349211931, 0.684988677502, 0.9287981987, 1.2190476656, 1.31192743778, 1.42802715302, 1.5673469305, 1.81115651131, 1.93886625767, 2.28716564178, 2.54258513451, 2.75156474113, 2.96054410934, 3.28562355042, 3.64553284645, 3.80807256699, 4.01705217361, 4.12154197693, 4.36535167694, 4.73687076569, 4.86458063126, 5.07356023788, 5.1780500412, 5.44507932663, 5.80498886108, 5.93269824982, 6.1648979187, 6.52480745316, 6.68734693527, 7.0356464386, 7.39555549622, 7.61614513397, 8.01088428497, 8.09215450287, 8.35918331146, 8.47528362274, 8.82358264923, 9.07900238037, 9.41569137573, 9.5666217804, 9.85687065125, 9.97297096252]
    rubato_start: [6.66660785675]
    rubato_stop: [9.89163780212]
    perceptual_tempo: "unknown"

sfx:
    inharmonicity:
        dmean: 0.0424703992903
        dmean2: 0.0747418776155
        dvar: 0.00250557414256
        dvar2: 0.00676229316741
        max: 0.330627083778
        mean: 0.0441986136138
        min: 6.99997181073e-05
        var: 0.00249841972254
    oddtoevenharmonicenergyratio:
        dmean: 3.79637479782
        dmean2: 6.93031930923
        dvar: 70.3254547119
        dvar2: 194.117660522
        max: 58.8707046509
        mean: 2.76609897614
        min: 0.00115351274144
        var: 49.0360145569
    pitch_after_max_to_before_max_energy_ratio: 20.5509929657
    pitch_centroid: 227.117645264
    pitch_max_to_total: 0.00231481483206
    pitch_min_to_total: 0.643518507481
    tristimulus:
        dmean: [0.214674398303, 0.265299171209, 0.101614907384]
        dmean2: [0.374875485897, 0.46222871542, 0.182644978166]
        dvar: [0.0380018167198, 0.0588860735297, 0.0121207339689]
        dvar2: [0.104893580079, 0.160205855966, 0.0340259075165]
        max: [0.943482518196, 0.968678593636, 0.70732241869]
        mean: [0.361926317215, 0.486355632544, 0.0947206914425]
        min: [0.00395235186443, 0, 0]
        var: [0.0509529411793, 0.0769230052829, 0.0130901150405]

tonal:
    chords_changes_rate: 0.0967741906643
    chords_number_rate: 0.0276497695595
    chords_strength:
        dmean: 0.0111312512308
        dmean2: 0.011886508204
        dvar: 8.05660311016e-05
        dvar2: 8.74352554092e-05
        max: 0.658252835274
        mean: 0.518711805344
        min: 0.271946758032
        var: 0.00822108332068
    key_strength: 0.709906995296
    tuning_diatonic_strength: 0.624198913574
    tuning_equal_tempered_deviation: 0.206591904163
    tuning_frequency: 447.949737549
    tuning_nontempered_energy_ratio: 0.869955837727
    hpcp:
        dmean: [0.243835538626, 0.164514362812, 0.0958335101604, 0.0992691144347, 0.105485506356, 0.114896573126, 0.126538962126, 0.0993057191372, 0.0672096386552, 0.0474180392921, 0.0460416823626, 0.0692179277539, 0.0819579288363, 0.0921039283276, 0.116903439164, 0.141038358212, 0.142263993621, 0.145259395242, 0.150977730751, 0.202933013439, 0.217943027616, 0.225798979402, 0.171772763133, 0.126684561372, 0.100422918797, 0.0882243141532, 0.0829131528735, 0.0877121165395, 0.103574559093, 0.119031436741, 0.10504321754, 0.107369996607, 0.0961627885699, 0.0916684195399, 0.129350751638, 0.219714939594]
        dmean2: [0.412329882383, 0.290801852942, 0.164775401354, 0.162396818399, 0.168719381094, 0.189821302891, 0.216704785824, 0.170675233006, 0.112910374999, 0.0794687345624, 0.077491864562, 0.116617798805, 0.139455318451, 0.155167639256, 0.187474861741, 0.236847862601, 0.250280737877, 0.235580250621, 0.259909540415, 0.358585894108, 0.369079470634, 0.378794819117, 0.295778810978, 0.221196636558, 0.174272090197, 0.158794373274, 0.127450197935, 0.142900496721, 0.170248106122, 0.196282818913, 0.179669797421, 0.184459522367, 0.157363042235, 0.151718139648, 0.219223663211, 0.337696045637]
        dvar: [0.0763106271625, 0.046449881047, 0.0219498723745, 0.0226363856345, 0.0284849386662, 0.0274813845754, 0.0333316065371, 0.0348868332803, 0.0201341602951, 0.00812911428511, 0.00763508118689, 0.0201922915876, 0.0155721176416, 0.0173833239824, 0.0277292504907, 0.0457526780665, 0.0508655048907, 0.0495707280934, 0.0523776449263, 0.0592924207449, 0.0560389719903, 0.0650835186243, 0.0447763502598, 0.0343042649329, 0.030833363533, 0.0255707073957, 0.0137674147263, 0.0186792649329, 0.0213772729039, 0.0375023745, 0.0266755446792, 0.0236493088305, 0.0172240175307, 0.0180336013436, 0.0251276101917, 0.0481489747763]
        dvar2: [0.173953250051, 0.117016777396, 0.0532752163708, 0.0525725148618, 0.068172313273, 0.0707044899464, 0.0804482996464, 0.0885016471148, 0.0531476587057, 0.0204777065665, 0.0164562724531, 0.0471272878349, 0.0365489944816, 0.0494961813092, 0.0567141287029, 0.105503953993, 0.124988898635, 0.119185395539, 0.128474473953, 0.144102707505, 0.120588220656, 0.157189145684, 0.117032080889, 0.0790475681424, 0.0766511186957, 0.0730823725462, 0.0272116679698, 0.0403216332197, 0.0480931736529, 0.083308339119, 0.0694177076221, 0.0639632791281, 0.0411991328001, 0.0404746308923, 0.0703067258, 0.128496482968]
        max: [1, 1, 1, 1, 1, 1, 1, 1, 1, 1, 1, 1, 1, 1, 1, 1, 1, 1, 1, 1, 1, 1, 1, 1, 1, 1, 1, 1, 1, 1, 1, 1, 0.973092198372, 1, 0.847890794277, 1]
        mean: [0.34651529789, 0.188083231449, 0.10905264318, 0.110985845327, 0.112517818809, 0.145306870341, 0.157713294029, 0.111416220665, 0.06705121696, 0.0510180145502, 0.0545171387494, 0.0805297940969, 0.0940597057343, 0.112192973495, 0.174142017961, 0.17776979506, 0.147768080235, 0.149778455496, 0.154412701726, 0.227233946323, 0.374554038048, 0.367027938366, 0.207176864147, 0.135286793113, 0.10980387032, 0.0859926268458, 0.108622327447, 0.110071569681, 0.129533573985, 0.195685565472, 0.176568433642, 0.122927725315, 0.121305905282, 0.114622913301, 0.145629346371, 0.305013865232]
        min: [0.00492105772719, 0.0026765987277, 0.00106315792073, 0.000530436169356, 0.00111239799298, 0.00272095506079, 0.00193974294234, 0.000722440949176, 0.000813695718534, 0.000572753371671, 0.000736229121685, 0.00165300420485, 0.00225225929171, 0.000849985750392, 0.000792853650637, 0.00075269874651, 0.000738153990824, 0.000340322119882, 0, 0.00112627167255, 0.00293283467181, 0.00515406904742, 0.00233214907348, 0.000842154899146, 0.000775412772782, 0.00155687821098, 0.00117625622079, 0.0011671903776, 0.00119316275232, 0.000528266071342, 0.000528106058482, 0.00166149705183, 0.00102979596704, 0.00155173474923, 0.00159427302424, 0.00224775541574]
        var: [0.116524234414, 0.0505449660122, 0.0245211794972, 0.0289204865694, 0.0311525799334, 0.0424104854465, 0.0501612238586, 0.0427325963974, 0.0174661446363, 0.0102366376668, 0.0118735916913, 0.0234795100987, 0.0215288065374, 0.0237027462572, 0.0639710277319, 0.0716084465384, 0.0522460117936, 0.0606976784766, 0.0582397729158, 0.0723694488406, 0.11397010833, 0.117685750127, 0.0561944022775, 0.0425474047661, 0.0446728914976, 0.021942101419, 0.0293426588178, 0.0282004773617, 0.0402684435248, 0.0949769020081, 0.066859677434, 0.0305279735476, 0.0247968137264, 0.0277450345457, 0.0292398128659, 0.0861046910286]
    chords_histogram: [33.6405525208, 0.921658992767, 0, 25.8064517975, 0, 0, 0, 0, 0, 0, 17.0506916046, 0, 0, 0, 0, 0, 0, 4.14746522903, 0, 0, 0, 0, 9.21658992767, 9.21658992767]
    thpcp: [1, 0.979906499386, 0.553129434586, 0.361194312572, 0.293158948421, 0.229586705565, 0.290004432201, 0.293873667717, 0.345834136009, 0.522449493408, 0.471409767866, 0.328197568655, 0.323867559433, 0.306025028229, 0.388807296753, 0.814338743687, 0.925140976906, 0.502152442932, 0.291153311729, 0.296314626932, 0.300404757261, 0.387946337461, 0.421069532633, 0.297463685274, 0.179016143084, 0.136210024357, 0.145552128553, 0.215001806617, 0.251124531031, 0.299537479877, 0.464931637049, 0.474617213011, 0.39451739192, 0.39988476038, 0.41225746274, 0.606678664684]
    chords_key: "A"
    chords_scale: "major"
    key_key: "A"
    key_scale: "major"
    chords_progression: ["G#m", "G#m", "G#m", "G#m", "G#m", "G#m", "G#m", "G#m", "G#m", "G#m", "G#m", "G#m", "G#m", "G#m", "G#m", "G#m", "G#m", "G#m", "G#m", "G#m", "G#m", "G#m", "G#m", "G#m", "G#m", "G#m", "G#m", "G#m", "G#m", "G#m", "G#m", "G#m", "G#m", "G#m", "G#m", "G#m", "G#m", "G#m", "G#m", "G#m", "G#m", "G#m", "G#m", "G#m", "G#m", "G#m", "G#m", "G#m", "G#m", "G#m", "G#m", "G#m", "G#m", "G#m", "G#m", "G#m", "A", "A", "A", "A", "D", "D", "A", "D", "D", "D", "D", "D", "A", "A", "A", "A", "A", "D", "D", "D", "D", "D", "D", "D", "D", "D", "D", "D", "F#m", "F#m", "F#m", "F#m", "F#m", "F#m", "F#m", "F#m", "F#m", "F#m", "F#m", "F#m", "F#m", "F#m", "F#m", "D", "D", "F#m", "F#m", "F#m", "F#m", "F#m", "G#", "G#", "G#", "G#", "A", "G#", "G#", "G#", "G#", "G#", "G#", "G#", "G#", "G#", "G#", "G#", "G#", "G#", "A", "G#", "G#", "G#", "G#", "G#", "G#", "G#", "G#", "G#", "G#", "G#", "G#", "G#", "G#", "G#", "G#", "G#", "G#", "G#", "A", "G#", "A", "A", "A", "A", "A", "A", "A", "A", "A", "A", "A", "A", "A", "A", "A", "A", "A", "A", "A", "A", "A", "A", "A", "A", "A", "A", "A", "A", "A", "A", "A", "A", "A", "A", "A", "A", "A", "A", "A", "A", "A", "A", "A", "A", "A", "A", "A", "A", "A", "A", "A", "A", "A", "A", "A", "A", "A", "A", "A", "Am", "Am", "Am", "Am", "Am", "Am", "C#m", "C#m", "A", "Am", "Am", "Am"]
