
metadata:
    version:
        essentia: "1.2.2"
    audio_properties:
        analysis_sample_rate: 44100
        bitrate: 128
        channels: 2
        equal_loudness: 1
        length: 10.2399997711
        replay_gain: -3.65604972839
        downmix: "mix"
    tags:
        track: 1
        year: 0
        album: "Splitted by Mp3Splt v. 2.1"
        artist: "From 000.00 To 000.10"
        comment: "http://mp3splt.sf.net"
        genre: ""
        title: "10 Change.mp3"

highlevel:
    ballroom:
        all:
            ChaChaCha: 0.000295636476949
            Jive: 0.00016651545593
            Quickstep: 0.000387389358366
            Rumba-American: 0.00606665574014
            Rumba-International: 0.0557957850397
            Rumba-Misc: 0.192912399769
            Samba: 0.000240176639636
            Tango: 0.00121251353994
            VienneseWaltz: 0.0433391928673
            Waltz: 0.69958370924
        probability: 0.69958370924
        value: "Waltz"
    culture:
        all:
            non_western: 0.0139232184738
            western: 0.986076772213
        probability: 0.986076772213
        value: "western"
    gender:
        all:
            female: 0.570328831673
            male: 0.42967119813
        probability: 0.570328831673
        value: "female"
    genre_dortmund:
        all:
            alternative: 0.0462085083127
            blues: 0.0377711690962
            electronic: 0.02114382945
            folkcountry: 0.415354371071
            funksoulrnb: 0.0170679222792
            jazz: 0.38285395503
            pop: 0.0684459060431
            raphiphop: 0.00119465671014
            rock: 0.00995968934149
        probability: 0.415354371071
        value: "folkcountry"
    genre_electronica:
        all:
            ambient: 0.902832210064
            dnb: 0.00266444752924
            house: 0.0824675783515
            techno: 0.0098336180672
            trance: 0.00220216601156
        probability: 0.902832210064
        value: "ambient"
    genre_rosamerica:
        all:
            cla: 0.395877599716
            dan: 0.00853754486889
            hip: 0.0101673398167
            jaz: 0.461859315634
            pop: 0.0349465981126
            rhy: 0.0632291510701
            roc: 0.0144153898582
            spe: 0.0109670674428
        probability: 0.461859315634
        value: "jaz"
    genre_tzanetakis:
        all:
            blu: 0.32312270999
            cla: 0.298095405102
            cou: 0.0881085544825
            dis: 0.015371568501
            hip: 0.0112422257662
            jaz: 0.152968987823
            met: 0.00950011331588
            pop: 0.0308906212449
            reg: 0.0182079579681
            roc: 0.0524918586016
        probability: 0.32312270999
        value: "blu"
    live_studio:
        all:
            live: 0.4462210536
            studio: 0.5537789464
        probability: 0.5537789464
        value: "studio"
    mood:
        all:
            Cluster1: 0.0129150850698
            Cluster2: 0.0562418699265
            Cluster3: 0.88840842247
            Cluster4: 0.0406210198998
            Cluster5: 0.00181361695286
        probability: 0.88840842247
        value: "Cluster3"
    mood_acoustic:
        all:
            acoustic: 0.841384530067
            not_acoustic: 0.158615469933
        probability: 0.841384530067
        value: "acoustic"
    mood_aggressive:
        all:
            aggressive: 3.33835870059e-09
            not_aggressive: 1
        probability: 1
        value: "not_aggressive"
    mood_electronic:
        all:
            electronic: 0.289449870586
            not_electronic: 0.710550129414
        probability: 0.710550129414
        value: "not_electronic"
    mood_happy:
        all:
            happy: 0.00824071001261
            not_happy: 0.991759300232
        probability: 0.991759300232
        value: "not_happy"
    mood_party:
        all:
            not_party: 0.993925035
            party: 0.00607494870201
        probability: 0.993925035
        value: "not_party"
    mood_relaxed:
        all:
            not_relaxed: 0.0598507486284
            relaxed: 0.940149247646
        probability: 0.940149247646
        value: "relaxed"
    mood_sad:
        all:
            not_sad: 0.0559092126787
            sad: 0.944090783596
        probability: 0.944090783596
        value: "sad"
    rhythm:
        all:
            fast: 0.0256864409894
            medium: 0.706874251366
            slow: 0.267439335585
        probability: 0.706874251366
        value: "medium"
    speech_music:
        all:
            music: 0.999941468239
            speech: 5.85063062317e-05
        probability: 0.999941468239
        value: "music"
    timbre:
        all:
            bright: 0.290594875813
            dark: 0.709405124187
        probability: 0.709405124187
        value: "dark"
    voice_instrumental:
        all:
            instrumental: 0.984193861485
            voice: 0.0158061124384
        probability: 0.984193861485
        value: "instrumental"

lowlevel:
    average_loudness: 0.829493105412
    barkbands_kurtosis:
        dmean: 15.3123292923
        dmean2: 21.685585022
        dvar: 809.848632812
        dvar2: 1607.61376953
        max: 460.937011719
        mean: 40.3082122803
        min: -1.8664509058
        var: 2871.15307617
    barkbands_skewness:
        dmean: 0.978128433228
        dmean2: 1.48894953728
        dvar: 1.78447580338
        dvar2: 3.98457670212
        max: 17.8379230499
        mean: 3.93441033363
        min: -0.983833670616
        var: 9.19807052612
    barkbands_spread:
        dmean: 2.17750549316
        dmean2: 3.7773976326
        dvar: 34.1795692444
        dvar2: 84.7929000854
        max: 50.5915412903
        mean: 4.21375322342
        min: 0.147323027253
        var: 40.789188385
    dissonance:
        dmean: 0.0351084433496
        dmean2: 0.0535679124296
        dvar: 0.00123182870448
        dvar2: 0.00304334773682
        max: 0.495569199324
        mean: 0.341218084097
        min: 0.184919506311
        var: 0.00338701577857
    hfc:
        dmean: 0.339032739401
        dmean2: 0.507684648037
        dvar: 0.412904828787
        dvar2: 0.905854165554
        max: 6.71206378937
        mean: 1.10286235809
        min: 0.00953937787563
        var: 1.18621826172
    pitch:
        dmean: 53.6876678467
        dmean2: 101.513130188
        dvar: 64832.0351562
        dvar2: 162562.578125
        max: 2940
        mean: 307.19619751
        min: 65.820892334
        var: 71127.578125
    pitch_instantaneous_confidence:
        dmean: 0.0623725317419
        dmean2: 0.0961053520441
        dvar: 0.0100111700594
        dvar2: 0.0233499594033
        max: 0.982795596123
        mean: 0.802011907101
        min: 0.310042798519
        var: 0.0205714702606
    pitch_salience:
        dmean: 0.0673332735896
        dmean2: 0.102819032967
        dvar: 0.00920463819057
        dvar2: 0.0208659544587
        max: 0.797860383987
        mean: 0.369743943214
        min: 0.0472346246243
        var: 0.0281085688621
    silence_rate_20dB:
        dmean: 0
        dmean2: 0
        dvar: 0
        dvar2: 0
        max: 1
        mean: 1
        min: 1
        var: 0
    silence_rate_30dB:
        dmean: 0
        dmean2: 0
        dvar: 0
        dvar2: 0
        max: 1
        mean: 1
        min: 1
        var: 0
    silence_rate_60dB:
        dmean: 0.0906976759434
        dmean2: 0.181818187237
        dvar: 0.082471691072
        dvar2: 0.162746593356
        max: 1
        mean: 0.624129951
        min: 0
        var: 0.234592959285
    spectral_centroid:
        dmean: 72.5589599609
        dmean2: 124.26373291
        dvar: 59106.4023438
        dvar2: 148184.484375
        max: 3319.62426758
        mean: 418.018371582
        min: 185.634918213
        var: 77612.4609375
    spectral_complexity:
        dmean: 0.571770310402
        dmean2: 1
        dvar: 0.747240722179
        dvar2: 1.61630690098
        max: 9
        mean: 2.49403333664
        min: 0
        var: 1.9444783926
    spectral_crest:
        dmean: 1.91705596447
        dmean2: 2.91355395317
        dvar: 7.30103158951
        dvar2: 17.0500926971
        max: 26.7028331757
        mean: 19.0952224731
        min: 4.4743976593
        var: 19.9684257507
    spectral_decrease:
        dmean: 2.28392915691e-10
        dmean2: 3.40471872917e-10
        dvar: 1.77098335172e-19
        dvar2: 4.08934003211e-19
        max: -6.81193252847e-12
        mean: -7.71465502591e-10
        min: -4.13316492143e-09
        var: 5.33371280552e-19
    spectral_energy:
        dmean: 0.00088921765564
        dmean2: 0.00131926417816
        dvar: 2.62406001639e-06
        dvar2: 6.03635453444e-06
        max: 0.0158666651696
        mean: 0.00301172095351
        min: 2.65750404651e-05
        var: 8.0078452811e-06
    spectral_energyband_high:
        dmean: 1.35893405968e-05
        dmean2: 2.3437118216e-05
        dvar: 2.51170706456e-09
        dvar2: 6.27136165221e-09
        max: 0.000495475891512
        mean: 1.40487454701e-05
        min: 1.33443558425e-08
        var: 2.32245733756e-09
    spectral_energyband_low:
        dmean: 1.00032648334e-05
        dmean2: 1.50045252667e-05
        dvar: 4.82351603104e-10
        dvar2: 9.03309926858e-10
        max: 0.000388754124288
        mean: 2.00627218874e-05
        min: 9.64544142334e-08
        var: 1.36435007736e-09
    spectral_energyband_middle_high:
        dmean: 4.45299046987e-05
        dmean2: 6.61223166389e-05
        dvar: 1.93782572211e-08
        dvar2: 4.5707892582e-08
        max: 0.0018241899088
        mean: 0.000108300693682
        min: 9.20606808563e-08
        var: 4.91309464223e-08
    spectral_energyband_middle_low:
        dmean: 0.000862672401126
        dmean2: 0.00129851372913
        dvar: 2.60237879957e-06
        dvar2: 6.06186085861e-06
        max: 0.0158500466496
        mean: 0.00286926003173
        min: 2.49639942922e-05
        var: 7.5408529483e-06
    spectral_flatness_db:
        dmean: 0.0343803390861
        dmean2: 0.0494271330535
        dvar: 0.0013948623091
        dvar2: 0.0031643868424
        max: 0.541162490845
        mean: 0.376352488995
        min: 0.173768609762
        var: 0.00677561853081
    spectral_flux:
        dmean: 0.00962974689901
        dmean2: 0.0153113044798
        dvar: 0.000192914565559
        dvar2: 0.000487206329126
        max: 0.0950603336096
        mean: 0.0146267833188
        min: 0.000434212968685
        var: 0.000275020021945
    spectral_kurtosis:
        dmean: 13.5742092133
        dmean2: 22.2260417938
        dvar: 193.553955078
        dvar2: 464.988800049
        max: 184.313522339
        mean: 40.8465614319
        min: -0.0984680652618
        var: 1755.38049316
    spectral_rms:
        dmean: 0.000246658484684
        dmean2: 0.000360330479452
        dvar: 1.51679230953e-07
        dvar2: 3.26709937326e-07
        max: 0.00393442157656
        mean: 0.00152668252122
        min: 0.00016101822257
        var: 6.07504716754e-07
    spectral_rolloff:
        dmean: 151.762710571
        dmean2: 295.009979248
        dvar: 371603.0625
        dvar2: 940360.5
        max: 6007.76367188
        mean: 504.873626709
        min: 193.798828125
        var: 345410.4375
    spectral_skewness:
        dmean: 0.942426621914
        dmean2: 1.51231384277
        dvar: 0.643322646618
        dvar2: 1.55601215363
        max: 11.8395423889
        mean: 4.63753080368
        min: 0.41736254096
        var: 6.8776640892
    spectral_spread:
        dmean: 706729.4375
        dmean2: 1060536.375
        dvar: 570218840064
        dvar2: 1.12791086694e+12
        max: 12424180
        mean: 2685482.25
        min: 520894.46875
        var: 2.15724444877e+12
    spectral_strongpeak:
        dmean: 0.106644719839
        dmean2: 0.153337478638
        dvar: 0.0241669025272
        dvar2: 0.0464254021645
        max: 1.45453166962
        mean: 0.487861782312
        min: 0.0230492651463
        var: 0.0780139192939
    zerocrossingrate:
        dmean: 0.00381513522007
        dmean2: 0.00507835904136
        dvar: 5.52066740056e-05
        dvar2: 7.57702364353e-05
        max: 0.103515625
        mean: 0.0217827036977
        min: 0.00732421875
        var: 0.000191895582248
    barkbands:
        dmean: [1.07434978247e-07, 2.84645648208e-06, 8.38906726131e-06, 0.000293444812996, 0.000316501624184, 0.00025462868507, 7.07893632352e-05, 4.07227271353e-05, 2.01234706765e-05, 6.89663784215e-06, 1.44059504237e-05, 3.13679447572e-06, 1.6566418708e-06, 8.26656787467e-07, 2.66046754405e-06, 3.43825945492e-06, 5.66552671444e-06, 9.51436231844e-06, 6.38807568976e-06, 5.81494032303e-06, 4.49603430752e-06, 4.18287208959e-06, 8.89271291271e-07, 1.40321873232e-07, 4.66968046453e-08, 2.69005218101e-09, 7.32276683735e-10]
        dmean2: [1.09388018643e-07, 4.23978053732e-06, 1.26477289086e-05, 0.000442335964181, 0.000490525795612, 0.00036549611832, 0.000108564563561, 5.23968483321e-05, 2.40069839492e-05, 9.296000826e-06, 2.06338409043e-05, 4.95465019412e-06, 2.77621143141e-06, 1.28421243062e-06, 3.93046229874e-06, 4.75836759506e-06, 7.92391438154e-06, 1.65594683494e-05, 1.07922796815e-05, 9.97018378257e-06, 7.8325292634e-06, 6.6233619691e-06, 1.66595486917e-06, 2.59744012965e-07, 8.31658795164e-08, 4.38325864494e-09, 8.50630732518e-10]
        dvar: [4.63162537837e-12, 3.65239054279e-11, 4.18363343968e-10, 7.37807170026e-07, 5.79704533266e-07, 5.45325235635e-07, 1.29908016788e-07, 3.42777468632e-08, 5.88293680437e-09, 3.71558867007e-10, 5.05156405595e-09, 1.64093114097e-10, 1.38944064587e-11, 3.55260721015e-12, 3.73231896778e-11, 1.34479455349e-10, 4.29228125265e-10, 4.67910643565e-09, 7.27722215821e-10, 7.97191979096e-10, 3.76877029584e-10, 2.04744318721e-10, 3.67267050105e-11, 1.33349581377e-12, 1.08583911448e-13, 2.34587389399e-16, 1.48769121382e-16]
        dvar2: [4.64041912535e-12, 6.95110566329e-11, 7.9750800408e-10, 1.62327751241e-06, 1.39100927754e-06, 1.0191314459e-06, 2.33857633702e-07, 5.37779172305e-08, 7.38152605706e-09, 5.4030285801e-10, 9.32792598718e-09, 3.09721859271e-10, 3.41724704089e-11, 7.41893092099e-12, 7.19167642105e-11, 2.60187871248e-10, 9.02419250437e-10, 1.33063728924e-08, 1.83397430575e-09, 1.79116610433e-09, 1.02111763489e-09, 4.77276718147e-10, 1.07007284977e-10, 3.88076897007e-12, 3.10140395353e-13, 4.30618289025e-16, 1.48432928711e-16]
        max: [4.40665244241e-05, 7.42614283809e-05, 0.00037927980884, 0.0101773468778, 0.0100661627948, 0.0152034480125, 0.00533356424421, 0.00409162743017, 0.00110770598985, 0.000316143064993, 0.00131645554211, 0.000211581078474, 4.85717209813e-05, 2.51996843872e-05, 8.00596098998e-05, 0.000209943726077, 0.000319989776472, 0.00108258787077, 0.000254962622421, 0.000466312776553, 0.000202467330382, 0.000167649413925, 7.81615963206e-05, 1.72647633008e-05, 4.95093763675e-06, 2.40580163791e-07, 2.50333101803e-07]
        mean: [1.06970006186e-07, 6.56136444377e-06, 1.34477104439e-05, 0.000496161112096, 0.00108656159136, 0.000872809148859, 0.000205048461794, 0.000151110521983, 5.29735407326e-05, 1.64929497259e-05, 3.83738915843e-05, 8.82779204403e-06, 2.78411152976e-06, 1.46662910083e-06, 5.29823364559e-06, 7.96080530563e-06, 1.06313036667e-05, 1.13112373583e-05, 7.89938803791e-06, 6.22542484052e-06, 4.18148192693e-06, 4.78388346892e-06, 5.61841716262e-07, 9.80376100301e-08, 4.46746319938e-08, 2.14666884268e-09, 7.00552560406e-10]
        min: [4.0153722361e-12, 1.39033904389e-08, 3.54240476952e-08, 1.41826845379e-07, 5.32565138656e-07, 1.23209161984e-07, 5.43445217716e-08, 2.40925128736e-08, 3.34103269495e-08, 7.01647318024e-09, 3.26392957106e-09, 7.83733467014e-10, 2.07416550602e-09, 6.45274611522e-10, 4.86588935811e-10, 8.18630663257e-10, 1.32632438365e-09, 2.77125900006e-09, 4.3202241784e-09, 5.11846565132e-09, 4.59193705282e-09, 1.86051463125e-09, 6.1567823062e-10, 3.70129010774e-10, 2.18069270974e-10, 1.3498507867e-11, 5.86378420659e-15]
        var: [4.62307796212e-12, 6.62009960739e-11, 1.06715736248e-09, 1.5178253534e-06, 3.33452067025e-06, 1.99649161914e-06, 5.70711165437e-07, 2.94731847816e-07, 2.83220060737e-08, 1.6045441642e-09, 1.99098426634e-08, 5.64603530595e-10, 2.85119532151e-11, 9.6452672238e-12, 1.14969277154e-10, 6.97552460238e-10, 1.02862596219e-09, 3.36880523477e-09, 6.5653027459e-10, 9.08461528226e-10, 2.71495298465e-10, 3.01014047022e-10, 2.01064286748e-11, 7.36092285215e-13, 7.398764354e-14, 1.9618237294e-16, 1.49110541834e-16]
    mfcc:
        mean: [-941.640686035, 190.182525635, -6.96462392807, 56.8392066956, -24.2750892639, -8.93454742432, -15.1747875214, -10.7054548264, -17.6070404053, -25.1930046082, -14.6385097504, -12.1495094299, -5.21592235565]
        cov: [[7782.61474609, -2661.88989258, -2648.77368164, -18.7556743622, -428.494476318, 8.75326061249, -563.858154297, 141.633499146, 149.254577637, -206.195495605, -86.5553970337, -27.2972354889, 291.906188965], [-2661.88989258, 2757.96362305, 874.481506348, -128.107070923, 550.243225098, 256.252807617, 432.945129395, -87.3288574219, -235.344726562, -72.1161422729, 89.3146743774, -105.077323914, -567.27154541], [-2648.77368164, 874.481506348, 1694.06445312, -30.6179141998, 139.976577759, 73.3743515015, 218.842285156, 10.3244829178, -99.4761962891, 71.1026382446, 75.0972671509, -13.3973226547, -203.788009644], [-18.7556743622, -128.107070923, -30.6179141998, 478.531280518, 46.0123062134, 53.3077278137, -31.2832660675, 30.2392978668, 1.44488096237, 26.2488670349, -9.45321846008, -30.9407730103, -55.3314704895], [-428.494476318, 550.243225098, 139.976577759, 46.0123062134, 395.463653564, 117.432044983, 138.30569458, -7.52185153961, -105.218101501, -33.2980384827, -15.4399471283, -70.5687255859, -235.638641357], [8.75326061249, 256.252807617, 73.3743515015, 53.3077278137, 117.432044983, 191.332122803, 70.2401657104, -4.90033102036, -55.7630119324, -19.6918621063, -10.8535270691, -57.1128883362, -146.360168457], [-563.858154297, 432.945129395, 218.842285156, -31.2832660675, 138.30569458, 70.2401657104, 205.264846802, -23.4089221954, -79.2858581543, -27.2156085968, -12.0334367752, -47.7828979492, -138.865325928], [141.633499146, -87.3288574219, 10.3244829178, 30.2392978668, -7.52185153961, -4.90033102036, -23.4089221954, 152.221450806, -6.42203044891, -29.7291069031, 27.19805336, 39.8036880493, 54.1878929138], [149.254577637, -235.344726562, -99.4761962891, 1.44488096237, -105.218101501, -55.7630119324, -79.2858581543, -6.42203044891, 160.863433838, 19.4653491974, -32.3280334473, 20.6321086884, 111.357200623], [-206.195495605, -72.1161422729, 71.1026382446, 26.2488670349, -33.2980384827, -19.6918621063, -27.2156085968, -29.7291069031, 19.4653491974, 102.910171509, -0.389484196901, -1.80884253979, 26.5632305145], [-86.5553970337, 89.3146743774, 75.0972671509, -9.45321846008, -15.4399471283, -10.8535270691, -12.0334367752, 27.19805336, -32.3280334473, -0.389484196901, 126.572395325, 18.2624340057, -17.6927852631], [-27.2972354889, -105.077323914, -13.3973226547, -30.9407730103, -70.5687255859, -57.1128883362, -47.7828979492, 39.8036880493, 20.6321086884, -1.80884253979, 18.2624340057, 183.008789062, 125.315704346], [291.906188965, -567.27154541, -203.788009644, -55.3314704895, -235.638641357, -146.360168457, -138.865325928, 54.1878929138, 111.357200623, 26.5632305145, -17.6927852631, 125.315704346, 364.580627441]]
        icov: [[0.000543625385035, 0.000415037531639, 0.000637579825707, 0.000340304104611, 0.000223000068218, -0.000642892031465, 0.000636224576738, -0.000420788914198, 0.000143036362715, 0.000645818887278, -2.94748188026e-05, 8.97385689314e-05, 0.000686450512148], [0.000415037531639, 0.00110807025339, 0.000301888620015, 0.00048070109915, -0.0003543952771, -0.000687352439854, -0.000305222230963, -2.35332245211e-05, -0.000108498970803, 0.000682023819536, -0.000604895700235, -0.000273351091892, 0.00106380402576], [0.000637579825707, 0.000301888620015, 0.0016020006733, 0.000431079039117, 0.000471819308586, -0.00068229471799, -2.65030539595e-05, -0.00098581018392, 8.06977768661e-05, -0.000301321037114, -0.000297435850371, -0.000105034989247, 0.00110657187179], [0.000340304104611, 0.00048070109915, 0.000431079039117, 0.00269213155843, -0.000161469404702, -0.000984323094599, 0.000896909448784, -0.001104259165, -0.00015660005738, -0.000564969144762, 0.000169037055457, 9.46748477872e-05, 0.00119590817485], [0.000223000068218, -0.0003543952771, 0.000471819308586, -0.000161469404702, 0.0052232532762, -0.00043176417239, -0.000478750589537, -0.00129695376381, 0.00114938314073, 0.000168069134816, 0.00159931543749, -0.000107897438284, 0.00247366097756], [-0.000642892031465, -0.000687352439854, -0.00068229471799, -0.000984323094599, -0.00043176417239, 0.00897166226059, -0.00109812780283, -0.000466060941108, 0.000566373288166, -0.000425294681918, 0.0014132935321, 0.000378507073037, 0.00168455857784], [0.000636224576738, -0.000305222230963, -2.65030539595e-05, 0.000896909448784, -0.000478750589537, -0.00109812780283, 0.010711280629, 0.000170950297615, 0.00272687990218, 0.00256783794612, 0.00229437532835, 0.000969292828813, 0.00119932519738], [-0.000420788914198, -2.35332245211e-05, -0.00098581018392, -0.001104259165, -0.00129695376381, -0.000466060941108, 0.000170950297615, 0.00945276301354, 0.000613730982877, 0.00301833963022, -0.00213488866575, -0.000735493609682, -0.00304171466269], [0.000143036362715, -0.000108498970803, 8.06977768661e-05, -0.00015660005738, 0.00114938314073, 0.000566373288166, 0.00272687990218, 0.000613730982877, 0.00971073005348, 0.000138672214234, 0.00259298598394, 0.000788348901551, -0.00146561278962], [0.000645818887278, 0.000682023819536, -0.000301321037114, -0.000564969144762, 0.000168069134816, -0.000425294681918, 0.00256783794612, 0.00301833963022, 0.000138672214234, 0.0135072134435, -0.00045815523481, 0.00088873662753, -0.000596917350776], [-2.94748188026e-05, -0.000604895700235, -0.000297435850371, 0.000169037055457, 0.00159931543749, 0.0014132935321, 0.00229437532835, -0.00213488866575, 0.00259298598394, -0.00045815523481, 0.0105054415762, -0.000766378943808, 0.00174869399052], [8.97385689314e-05, -0.000273351091892, -0.000105034989247, 9.46748477872e-05, -0.000107897438284, 0.000378507073037, 0.000969292828813, -0.000735493609682, 0.000788348901551, 0.00088873662753, -0.000766378943808, 0.00789457838982, -0.00303709623404], [0.000686450512148, 0.00106380402576, 0.00110657187179, 0.00119590817485, 0.00247366097756, 0.00168455857784, 0.00119932519738, -0.00304171466269, -0.00146561278962, -0.000596917350776, 0.00174869399052, -0.00303709623404, 0.00945243053138]]
    spectral_contrast:
        mean: [2.17925034462e-07, -1.4341034138e-08, -1.17359979512e-08, 1.95848912199e-07, 6.6055889647e-07, -2.57125037706e-07, -2.73043337984e-06, -6.23074782879e-08, -4.10489656133e-06, 6.37015773464e-07, 2.60211982095e-06, 3.81014501727e-06]
        var: [0.000759264396038, 0.00160124432296, 0.00168827909511, 0.00409663887694, 0.00906279403716, 0.0200636871159, 0.0513354279101, 0.119204975665, 0.194442123175, 0.264289468527, 0.994939565659, 2.97694134712]

rhythm:
    beats_loudness:
        dmean: 0.00239552976564
        dmean2: 0.00388649548404
        dvar: 2.89219974547e-06
        dvar2: 6.18261265117e-06
        max: 0.00907413754612
        mean: 0.00365295400843
        min: 0.000153193468577
        var: 6.73617296343e-06
    beats_loudness_bass:
        dmean: 0.0689617618918
        dmean2: 0.129093557596
        dvar: 0.00992472656071
        dvar2: 0.0266894958913
        max: 0.482148438692
        mean: 0.0760996937752
        min: 7.847892266e-05
        var: 0.0114581668749
    bpm: 110.201171875
    bpm_confidence: 0
    first_peak_bpm: 166
    first_peak_spread: 0
    first_peak_weight: 0.523809552193
    onset_rate: 5.6640625
    second_peak_bpm: 110
    second_peak_spread: 0
    second_peak_weight: 0.428571432829
    beats_position: [0.82008767128, 1.36454904079, 1.90901041031, 2.45347189903, 2.99793314934, 3.54239463806, 4.0868563652, 4.63131761551, 5.17577886581, 5.72024059296, 5.97041320801, 6.33276414871, 6.69511604309, 7.05746793747, 7.41981983185, 7.78217172623, 8.14452362061, 8.50687599182, 8.86922740936, 9.23157978058, 9.59393119812, 9.95628356934]
    bpm_estimates: [110.440483093, 109.961868286]
    bpm_intervals: [0.544461369514, 0.544461369514, 0.544461488724, 0.544461250305, 0.544461488724, 0.544461727142, 0.544461250305, 0.544461250305, 0.544461727142, 0.250172615051, 0.362350940704, 0.362351894379, 0.362351894379, 0.362351894379, 0.362351894379, 0.362351894379, 0.362352371216, 0.362351417542, 0.362352371216, 0.362351417542, 0.362352371216]
    onset_times: [0.53405892849, 0.696598649025, 0.754648506641, 1.02167797089, 1.17260766029, 1.24226760864, 1.35836732388, 1.47446715832, 1.60217690468, 1.71827661991, 1.84598636627, 2.00852608681, 2.10140585899, 2.2523355484, 2.34521532059, 2.49614500999, 2.67029476166, 2.83283448219, 2.86766433716, 3.11147403717, 3.21596360207, 3.29723358154, 3.54104304314, 3.77324271202, 3.92417240143, 4.01705217361, 4.19120168686, 4.29569149017, 4.34213161469, 4.49306106567, 4.76009082794, 4.82975053787, 4.94585037231, 5.38702964783, 5.9094786644, 6.01396846771, 6.13006782532, 6.22294807434, 6.32743787766, 6.43192720413, 6.59446716309, 6.74539661407, 6.88471651077, 7.1517457962, 7.70902490616, 8.34757328033, 8.54494285583, 8.71909332275, 8.8119726181, 8.97451210022, 9.06739234924, 9.19510173798, 9.43891143799, 9.50857162476, 9.65950107574, 9.82204055786, 10.0078001022, 10.1819505692]
    rubato_start: [6.33276414871]
    rubato_stop: [9.95628356934]
    perceptual_tempo: "unknown"

sfx:
    inharmonicity:
        dmean: 0.0222286041826
        dmean2: 0.0411369800568
        dvar: 0.00125164643396
        dvar2: 0.0034751817584
        max: 0.336826115847
        mean: 0.019575804472
        min: 0
        var: 0.00112544838339
    oddtoevenharmonicenergyratio:
        dmean: 32.416179657
        dmean2: 63.3688087463
        dvar: 43080.0625
        dvar2: 129726.132812
        max: 2792.1171875
        mean: 17.8575229645
        min: 0
        var: 21990.578125
    pitch_after_max_to_before_max_energy_ratio: 1.28741967678
    pitch_centroid: 200.637451172
    pitch_max_to_total: 0.501193344593
    pitch_min_to_total: 0.0167064443231
    tristimulus:
        dmean: [0.203124850988, 0.198150232434, 0.0165091808885]
        dmean2: [0.388693660498, 0.37818095088, 0.0294707175344]
        dvar: [0.093718662858, 0.0873665064573, 0.00118537829258]
        dvar2: [0.254924237728, 0.234605669975, 0.00297565502115]
        max: [1, 0.994275510311, 0.414452165365]
        mean: [0.500316202641, 0.46992200613, 0.0191135425121]
        min: [0.00129065627698, 0, 0]
        var: [0.137446582317, 0.133401826024, 0.00129232183099]

tonal:
    chords_changes_rate: 0.0947867333889
    chords_number_rate: 0.0473933666945
    chords_strength:
        dmean: 0.0114372912794
        dmean2: 0.00959881767631
        dvar: 9.22018298297e-05
        dvar2: 0.000125500198919
        max: 0.586797952652
        mean: 0.414009898901
        min: 0.236276850104
        var: 0.00705874944106
    key_strength: 0.790041863918
    tuning_diatonic_strength: 0.492846727371
    tuning_equal_tempered_deviation: 0.052584964782
    tuning_frequency: 441.272583008
    tuning_nontempered_energy_ratio: 0.644464969635
    hpcp:
        dmean: [0.0329851992428, 0.0427050366998, 0.0355298668146, 0.0168078448623, 0.0211331769824, 0.0506602339447, 0.0735956430435, 0.0599793195724, 0.0302861556411, 0.0308463163674, 0.024335693568, 0.0112458793446, 0.00511176371947, 0.00818166229874, 0.0309066157788, 0.0336942262948, 0.0256416201591, 0.0204312149435, 0.0291518755257, 0.0565909780562, 0.0931820720434, 0.106471098959, 0.0756565332413, 0.0618526674807, 0.0838975459337, 0.0740019381046, 0.0817583873868, 0.0663691610098, 0.0578405931592, 0.065224327147, 0.0721183791757, 0.0475768260658, 0.0169334355742, 0.0130047192797, 0.0115380138159, 0.0176938083023]
        dmean2: [0.0518249124289, 0.0830208659172, 0.066619604826, 0.0328783839941, 0.0386248603463, 0.0852495804429, 0.127234041691, 0.0974606201053, 0.0561507046223, 0.0442729927599, 0.0410281680524, 0.0213625971228, 0.00953841023147, 0.0153735037893, 0.0594069100916, 0.0651522651315, 0.0437554717064, 0.0334134437144, 0.0542515479028, 0.104783765972, 0.161679059267, 0.185367763042, 0.128292873502, 0.114565469325, 0.152177914977, 0.131317973137, 0.152587160468, 0.118635050952, 0.102422825992, 0.114827260375, 0.119792304933, 0.0806538164616, 0.0268588904291, 0.0242385976017, 0.0218736939132, 0.0292643159628]
        dvar: [0.0191848669201, 0.027706567198, 0.0143592059612, 0.00991411413997, 0.00568514876068, 0.0155763383955, 0.0413588397205, 0.0158957727253, 0.0144862700254, 0.0172799918801, 0.0103711057454, 0.00371215865016, 0.000342085608281, 0.00159927748609, 0.0157345775515, 0.0211395844817, 0.00672485260293, 0.006058271043, 0.0157291311771, 0.0279334802181, 0.0337387546897, 0.053971927613, 0.0184952858835, 0.0244706645608, 0.0312353428453, 0.0199301000684, 0.0353780053556, 0.0380651466548, 0.0298352539539, 0.033065751195, 0.0391419716179, 0.0189738180488, 0.00268404069357, 0.00906840339303, 0.00469501456246, 0.00498160393909]
        dvar2: [0.0297258552164, 0.0727130696177, 0.0420581325889, 0.0200416725129, 0.0157126355916, 0.032712507993, 0.0814532339573, 0.032630354166, 0.0333963520825, 0.023205505684, 0.0269971843809, 0.0110332863405, 0.000987880164757, 0.0046680518426, 0.0393941476941, 0.043503779918, 0.0143810370937, 0.0110922753811, 0.0413258671761, 0.0777045711875, 0.0896627008915, 0.123769119382, 0.043240018189, 0.0706821084023, 0.0790660902858, 0.0516180880368, 0.0886501520872, 0.0705720409751, 0.070138797164, 0.0848066732287, 0.0726806893945, 0.0353546403348, 0.00456611765549, 0.0176572147757, 0.0120406420901, 0.009517214261]
        max: [1, 1, 0.80699133873, 1, 0.786707401276, 1, 1, 1, 1, 1, 1, 0.606466889381, 0.172671720386, 0.359873741865, 1, 1, 0.66253054142, 1, 1, 1, 1, 1, 0.89096313715, 1, 0.916368484497, 0.727838039398, 1, 1, 1, 1, 1, 1, 0.512888014317, 1, 0.708983540535, 0.630384624004]
        mean: [0.0524575561285, 0.0462503880262, 0.0248780399561, 0.0245769377798, 0.0164782311767, 0.107925824821, 0.225842982531, 0.136751741171, 0.066483668983, 0.0913408622146, 0.0447534583509, 0.00759415933862, 0.00416934862733, 0.00693417852744, 0.0418591424823, 0.0589210279286, 0.0290315635502, 0.0276469420642, 0.0373288877308, 0.0503684617579, 0.253932267427, 0.371172636747, 0.163488656282, 0.0385124795139, 0.0567396394908, 0.0529869571328, 0.0897197723389, 0.111294098198, 0.061329357326, 0.0810298547149, 0.130977705121, 0.0790273994207, 0.0217694770545, 0.0207324139774, 0.0125019391999, 0.0206752140075]
        min: [3.03891147269e-06, 1.10697537821e-05, 5.29565477336e-06, 4.60719911644e-06, 1.52045993218e-06, 2.644905544e-05, 6.01920510235e-05, 3.74150113203e-05, 4.81554388898e-06, 3.32072181664e-06, 6.5603121584e-06, 5.78832850806e-06, 1.13724695439e-06, 1.59458104463e-05, 1.40032625495e-05, 1.63306685863e-05, 5.71180089537e-06, 1.71882663835e-06, 1.51425081185e-06, 1.33543471748e-05, 3.02736907543e-06, 2.89646377496e-05, 7.72230669099e-06, 1.86914462574e-06, 1.2301247807e-06, 1.60364868407e-06, 1.97063945961e-06, 5.77979426453e-06, 5.22640448253e-06, 8.82002211711e-07, 6.83219298026e-07, 7.58249007049e-06, 3.62868399861e-06, 1.53608959863e-06, 8.49208277032e-07, 1.36444975851e-06]
        var: [0.0423041172326, 0.0326159857213, 0.0107098566368, 0.0187968555838, 0.00634369673207, 0.0373339392245, 0.142417445779, 0.0490703098476, 0.0378473624587, 0.0757793709636, 0.0202713552862, 0.00193557527382, 0.000204653479159, 0.000919447280467, 0.0232229158282, 0.0457495376468, 0.0104605183005, 0.0163244884461, 0.0278499852866, 0.020592847839, 0.100107200444, 0.194841265678, 0.0404161512852, 0.0148689225316, 0.0235743504018, 0.0152480760589, 0.0522126145661, 0.0837619453669, 0.029258992523, 0.041397832334, 0.0953774005175, 0.0467995516956, 0.00485330168158, 0.0139974635094, 0.00563018629327, 0.00755944754928]
    chords_histogram: [26.0663509369, 4.73933649063, 9.47867298126, 3.79146909714, 0, 9.00473976135, 0, 10.9004735947, 0, 0, 8.53080558777, 0, 0, 0, 0, 0, 0, 1.89573454857, 0, 0, 0, 0, 8.53080558777, 17.0616111755]
    thpcp: [1, 0.440465271473, 0.103758938611, 0.152865901589, 0.142755553126, 0.241719797254, 0.299844563007, 0.165231347084, 0.218307733536, 0.352875441313, 0.212912783027, 0.0586505457759, 0.055856525898, 0.0336822755635, 0.0557024180889, 0.14132925868, 0.124606132507, 0.0670255199075, 0.0662143006921, 0.0443950593472, 0.29076987505, 0.608458042145, 0.36843162775, 0.179117918015, 0.246087267995, 0.120573163033, 0.0204599108547, 0.0112329097465, 0.0186818148941, 0.112775400281, 0.158742919564, 0.0782158002257, 0.074485398829, 0.10057014972, 0.135700896382, 0.684135198593]
    chords_key: "E"
    chords_scale: "minor"
    key_key: "E"
    key_scale: "minor"
    chords_progression: ["C", "C", "C", "C", "C", "C", "C", "C", "C", "C", "C", "C", "C", "C", "C", "C", "C", "C", "C", "C", "C", "C", "C", "C", "Em", "Em", "Em", "Em", "Em", "Em", "Am", "Am", "Am", "Am", "Am", "Am", "Am", "Am", "Am", "Am", "Am", "Am", "Am", "Am", "Em", "Em", "Em", "Am", "Am", "Am", "Am", "D", "D", "Bm", "Bm", "Bm", "D", "D", "D", "D", "Bm", "Bm", "Bm", "Bm", "Bm", "Bm", "Bm", "Bm", "Bm", "D", "D", "Bm", "Bm", "Bm", "Bm", "Bm", "Bm", "Bm", "Bm", "G", "G", "G", "G", "G", "G", "G", "G", "G", "G", "Em", "Em", "Em", "Em", "Em", "Em", "Em", "Em", "Em", "Em", "Em", "Em", "Em", "Em", "Em", "Em", "Em", "Em", "Em", "Em", "Em", "Em", "Em", "Em", "Em", "Em", "Em", "Em", "Em", "Em", "Em", "Em", "Em", "Em", "Em", "Em", "Em", "E", "E", "E", "E", "E", "E", "E", "E", "E", "E", "E", "E", "E", "E", "E", "E", "E", "E", "E", "E", "E", "E", "E", "A", "A", "A", "A", "A", "A", "A", "A", "A", "A", "A", "A", "A", "A", "A", "A", "A", "A", "A", "C", "C", "C", "C", "C", "C", "C", "C", "C", "C", "C", "C", "Em", "Em", "Em", "Em", "Em", "Em", "Em", "Em", "D#m", "D#m", "Em", "D#m", "D#m", "D#m", "D#m", "D#m", "D#m", "D#m", "D#m", "D#m", "D#m", "D#m", "D#m", "D#m", "D#m", "D#m", "D#m", "D#", "D#", "D#", "D#"]
