
metadata:
    version:
        essentia: "1.2.2"
    audio_properties:
        analysis_sample_rate: 44100
        bitrate: 128
        channels: 2
        equal_loudness: 1
        length: 10.0571432114
        replay_gain: -11.233133316
        downmix: "mix"
    tags:
        track: 12
        year: 0
        album: "Splitted by Mp3Splt v. 2.1"
        artist: "From 001.50 To 002.00"
        comment: "http://mp3splt.sf.net"
        genre: ""
        title: "11 Picture in a Frame.mp3"

highlevel:
    ballroom:
        all:
            ChaChaCha: 0.00147245521657
            Jive: 0.00109485490248
            Quickstep: 0.0115842251107
            Rumba-American: 0.00350083527155
            Rumba-International: 0.0273419134319
            Rumba-Misc: 0.071770504117
            Samba: 0.00109831709415
            Tango: 0.0524037405849
            VienneseWaltz: 0.247041136026
            Waltz: 0.582692027092
        probability: 0.582692027092
        value: "Waltz"
    culture:
        all:
            non_western: 0.11161865294
            western: 0.888381361961
        probability: 0.888381361961
        value: "western"
    gender:
        all:
            female: 0.854071557522
            male: 0.145928427577
        probability: 0.854071557522
        value: "female"
    genre_dortmund:
        all:
            alternative: 0.0309796277434
            blues: 0.0156235601753
            electronic: 0.0656521916389
            folkcountry: 0.0499283224344
            funksoulrnb: 0.0732336342335
            jazz: 0.684582948685
            pop: 0.0259632728994
            raphiphop: 0.00349345547147
            rock: 0.0505429804325
        probability: 0.684582948685
        value: "jazz"
    genre_electronica:
        all:
            ambient: 0.942001700401
            dnb: 0.00654109753668
            house: 0.0164940096438
            techno: 0.00131614820566
            trance: 0.0336470678449
        probability: 0.942001700401
        value: "ambient"
    genre_rosamerica:
        all:
            cla: 0.647456586361
            dan: 0.00700210779905
            hip: 0.00341630959883
            jaz: 0.262351810932
            pop: 0.0289683043957
            rhy: 0.0282578300685
            roc: 0.019481536001
            spe: 0.00306551367976
        probability: 0.647456586361
        value: "cla"
    genre_tzanetakis:
        all:
            blu: 0.00935662351549
            cla: 0.448816508055
            cou: 0.105573534966
            dis: 0.00654900027439
            hip: 0.00331404968165
            jaz: 0.373472094536
            met: 0.00281285494566
            pop: 0.0319355465472
            reg: 0.00854191556573
            roc: 0.00962787121534
        probability: 0.448816508055
        value: "cla"
    live_studio:
        all:
            live: 0.155814021826
            studio: 0.844186007977
        probability: 0.844186007977
        value: "studio"
    mood:
        all:
            Cluster1: 0.174486115575
            Cluster2: 0.216154247522
            Cluster3: 0.36661735177
            Cluster4: 0.13780285418
            Cluster5: 0.104939423501
        probability: 0.36661735177
        value: "Cluster3"
    mood_acoustic:
        all:
            acoustic: 0.83456414938
            not_acoustic: 0.165435865521
        probability: 0.83456414938
        value: "acoustic"
    mood_aggressive:
        all:
            aggressive: 0.00392214674503
            not_aggressive: 0.99607783556
        probability: 0.99607783556
        value: "not_aggressive"
    mood_electronic:
        all:
            electronic: 0.217907950282
            not_electronic: 0.782092034817
        probability: 0.782092034817
        value: "not_electronic"
    mood_happy:
        all:
            happy: 0.0979525968432
            not_happy: 0.902047395706
        probability: 0.902047395706
        value: "not_happy"
    mood_party:
        all:
            not_party: 0.976069748402
            party: 0.0239302515984
        probability: 0.976069748402
        value: "not_party"
    mood_relaxed:
        all:
            not_relaxed: 0.00682830577716
            relaxed: 0.993171691895
        probability: 0.993171691895
        value: "relaxed"
    mood_sad:
        all:
            not_sad: 0.078849837184
            sad: 0.921150147915
        probability: 0.921150147915
        value: "sad"
    rhythm:
        all:
            fast: 0.0512781515718
            medium: 0.301811397076
            slow: 0.646910429001
        probability: 0.646910429001
        value: "slow"
    speech_music:
        all:
            music: 0.874595403671
            speech: 0.125404626131
        probability: 0.874595403671
        value: "music"
    timbre:
        all:
            bright: 0.972466826439
            dark: 0.0275331772864
        probability: 0.972466826439
        value: "bright"
    voice_instrumental:
        all:
            instrumental: 0.990287661552
            voice: 0.00971231516451
        probability: 0.990287661552
        value: "instrumental"

lowlevel:
    average_loudness: 0.928341329098
    barkbands_kurtosis:
        dmean: 1.96276473999
        dmean2: 3.22798776627
        dvar: 11.1271333694
        dvar2: 27.4984664917
        max: 42.2574996948
        mean: 4.10250473022
        min: -1.40410518646
        var: 27.9985618591
    barkbands_skewness:
        dmean: 0.347812384367
        dmean2: 0.561292111874
        dvar: 0.153667867184
        dvar2: 0.379615843296
        max: 5.57179021835
        mean: 1.59070158005
        min: 0.0288318842649
        var: 0.739327967167
    barkbands_spread:
        dmean: 1.53813767433
        dmean2: 2.40496850014
        dvar: 2.77841234207
        dvar2: 5.84621906281
        max: 23.5188217163
        mean: 9.78708648682
        min: 0.759068846703
        var: 18.075668335
    dissonance:
        dmean: 0.0313618890941
        dmean2: 0.0524468161166
        dvar: 0.00103246187791
        dvar2: 0.0021135029383
        max: 0.499873787165
        mean: 0.39938095212
        min: 0
        var: 0.00214676652104
    hfc:
        dmean: 0.448795646429
        dmean2: 0.59681302309
        dvar: 1.38984537125
        dvar2: 2.65371632576
        max: 17.3194446564
        mean: 1.98014843464
        min: 6.97718496667e-05
        var: 5.6851773262
    pitch:
        dmean: 32.3658256531
        dmean2: 61.0974502563
        dvar: 6530.90869141
        dvar2: 17463.9648438
        max: 882
        mean: 220.298248291
        min: 78.1914901733
        var: 10255.5185547
    pitch_instantaneous_confidence:
        dmean: 0.0612306930125
        dmean2: 0.096946336329
        dvar: 0.0041790031828
        dvar2: 0.0111499251798
        max: 0.934547424316
        mean: 0.553643167019
        min: 0.228245139122
        var: 0.0213805958629
    pitch_salience:
        dmean: 0.0543192028999
        dmean2: 0.0855542272329
        dvar: 0.00272036390379
        dvar2: 0.00681082904339
        max: 0.945788145065
        mean: 0.582395613194
        min: 0.156564861536
        var: 0.00879894010723
    silence_rate_20dB:
        dmean: 0
        dmean2: 0
        dvar: 0
        dvar2: 0
        max: 1
        mean: 1
        min: 1
        var: 0
    silence_rate_30dB:
        dmean: 0
        dmean2: 0
        dvar: 0
        dvar2: 0
        max: 1
        mean: 1
        min: 1
        var: 0
    silence_rate_60dB:
        dmean: 0.0923787504435
        dmean2: 0.185185179114
        dvar: 0.0838446989655
        dvar2: 0.169410347939
        max: 1
        mean: 0.663594484329
        min: 0
        var: 0.223236680031
    spectral_centroid:
        dmean: 65.7872238159
        dmean2: 103.977005005
        dvar: 5325.59277344
        dvar2: 10725.2333984
        max: 1192.00744629
        mean: 569.906494141
        min: 201.075942993
        var: 31609.5664062
    spectral_complexity:
        dmean: 1.11136889458
        dmean2: 1.81860470772
        dvar: 2.09432530403
        dvar2: 3.92059612274
        max: 21
        mean: 7.4398150444
        min: 0
        var: 12.8759775162
    spectral_crest:
        dmean: 2.16193127632
        dmean2: 3.57248711586
        dvar: 4.33534955978
        dvar2: 12.2039422989
        max: 24.8761711121
        mean: 10.379737854
        min: 3.92770576477
        var: 13.6562614441
    spectral_decrease:
        dmean: 2.03351432915e-10
        dmean2: 2.99910790647e-10
        dvar: 1.14424023381e-19
        dvar2: 2.26932244765e-19
        max: -1.76358951179e-14
        mean: -7.84360021377e-10
        min: -4.36629665757e-09
        var: 5.4508012552e-19
    spectral_energy:
        dmean: 0.000805408810265
        dmean2: 0.00118135870434
        dvar: 1.87717807876e-06
        dvar2: 3.70385373571e-06
        max: 0.0180503297597
        mean: 0.00313995941542
        min: 7.28904439029e-08
        var: 8.94203185453e-06
    spectral_energyband_high:
        dmean: 2.06955701287e-06
        dmean2: 3.20278127219e-06
        dvar: 6.04331099052e-11
        dvar2: 1.37033134839e-10
        max: 0.000119165975775
        mean: 4.93137167723e-06
        min: 1.2080964007e-09
        var: 1.0518694249e-10
    spectral_energyband_low:
        dmean: 8.45334652695e-05
        dmean2: 0.000126115599414
        dvar: 6.7957103056e-08
        dvar2: 1.32808963826e-07
        max: 0.00250444072299
        mean: 0.000144326026202
        min: 2.83581136351e-09
        var: 9.47038216736e-08
    spectral_energyband_middle_high:
        dmean: 0.00016602112737
        dmean2: 0.000204912110348
        dvar: 2.30577612115e-07
        dvar2: 3.91071949934e-07
        max: 0.00744863785803
        mean: 0.000645343563519
        min: 1.82153581108e-08
        var: 9.48219962993e-07
    spectral_energyband_middle_low:
        dmean: 0.00065672484925
        dmean2: 0.00100790860597
        dvar: 1.01222360627e-06
        dvar2: 2.146417728e-06
        max: 0.0121127953753
        mean: 0.00234535220079
        min: 5.01563626187e-08
        var: 4.84600104755e-06
    spectral_flatness_db:
        dmean: 0.0190258454531
        dmean2: 0.0314999036491
        dvar: 0.000276500446489
        dvar2: 0.000677922391333
        max: 0.420679003
        mean: 0.265560269356
        min: 0.0952671095729
        var: 0.00153830251656
    spectral_flux:
        dmean: 0.0065460652113
        dmean2: 0.0102508431301
        dvar: 0.000105849096144
        dvar2: 0.000224719144171
        max: 0.127439707518
        mean: 0.0178044289351
        min: 0.00351180019788
        var: 0.000183874304639
    spectral_kurtosis:
        dmean: 11.0637817383
        dmean2: 19.5235958099
        dvar: 93.242149353
        dvar2: 245.399139404
        max: 107.923858643
        mean: 27.6632194519
        min: 2.37363052368
        var: 290.495697021
    spectral_rms:
        dmean: 0.000213427934796
        dmean2: 0.000310625764541
        dvar: 8.19079204462e-08
        dvar2: 1.54330052737e-07
        max: 0.00419643661007
        mean: 0.00158961536363
        min: 8.43283032737e-06
        var: 5.36496258974e-07
    spectral_rolloff:
        dmean: 150.932189941
        dmean2: 243.62550354
        dvar: 53345.6289062
        dvar2: 102501.601562
        max: 2756.25
        mean: 906.68737793
        min: 236.865234375
        var: 194128.140625
    spectral_skewness:
        dmean: 0.739506363869
        dmean2: 1.30733633041
        dvar: 0.398692786694
        dvar2: 1.05847728252
        max: 8.04741859436
        mean: 3.51901388168
        min: 1.59179246426
        var: 1.31327307224
    spectral_spread:
        dmean: 287367.125
        dmean2: 463364.9375
        dvar: 298486136832
        dvar2: 445226942464
        max: 12936759
        mean: 1770901
        min: 774146.5
        var: 626513149952
    spectral_strongpeak:
        dmean: 0.119049370289
        dmean2: 0.20032171905
        dvar: 0.0318155400455
        dvar2: 0.081520088017
        max: 2.0244038105
        mean: 0.352302998304
        min: 0.000108507403638
        var: 0.0849364772439
    zerocrossingrate:
        dmean: 0.00373971322551
        dmean2: 0.00472497288138
        dvar: 1.3557721104e-05
        dvar2: 2.00271533686e-05
        max: 0.07275390625
        mean: 0.0331353098154
        min: 0.00244140625
        var: 0.000114819333248
    barkbands:
        dmean: [7.7228328621e-08, 2.72709421552e-05, 6.18637277512e-05, 2.91086453217e-05, 0.000409017666243, 0.000193727333681, 7.39587849239e-05, 7.38574235584e-05, 0.000152145541506, 2.76959053735e-05, 6.14979289821e-05, 2.20755628106e-05, 1.52605261974e-05, 4.4916603656e-05, 3.84176819352e-05, 1.57827507792e-05, 1.57773192768e-05, 1.78290356416e-05, 7.30988176656e-06, 2.64178788711e-06, 9.00104282664e-07, 1.80580656206e-07, 2.92092980914e-08, 1.11510463086e-08, 6.93125601359e-09, 7.872663077e-10, 2.02629621415e-10]
        dmean2: [1.24032581539e-07, 4.33897366747e-05, 9.23931002035e-05, 5.19374152645e-05, 0.000670192181133, 0.000294760160614, 0.000123387319036, 0.000117100273201, 0.000221352151129, 4.56177040178e-05, 7.13204572094e-05, 3.30479451804e-05, 2.20900674321e-05, 6.58298231428e-05, 4.51956984762e-05, 1.86232064152e-05, 2.38986776822e-05, 2.51420169661e-05, 1.07495852717e-05, 4.05536547987e-06, 1.4057163753e-06, 2.65671843636e-07, 4.6752248295e-08, 1.9149048569e-08, 1.26953167978e-08, 1.50240464514e-09, 3.55166202004e-10]
        dvar: [1.95566585387e-13, 6.215726156e-09, 3.99344237678e-08, 5.29640686864e-09, 4.635801929e-07, 1.30678600385e-07, 1.48514027742e-08, 1.04501488352e-07, 1.97100177957e-07, 6.7333525422e-09, 2.32499761665e-08, 1.71236802515e-09, 4.08502254245e-09, 1.70213354522e-08, 1.46780942956e-08, 1.84891424393e-09, 1.81792625398e-09, 4.00771060782e-09, 6.96213198204e-10, 5.00742503018e-11, 1.1283747374e-11, 4.18562293115e-13, 1.17094740954e-14, 3.43857302454e-15, 3.15472211952e-15, 7.18437066947e-17, 8.76735452087e-19]
        dvar2: [4.91257642204e-13, 1.47970240505e-08, 7.78702400339e-08, 1.47214622714e-08, 1.20005290682e-06, 2.85355042706e-07, 4.13274783284e-08, 3.00295795341e-07, 4.90279489895e-07, 1.89922815252e-08, 3.27686677792e-08, 3.60069596361e-09, 8.81727046931e-09, 4.01915443149e-08, 2.0069943929e-08, 2.34256902765e-09, 4.63852201094e-09, 8.32782376392e-09, 1.56917479011e-09, 1.26018737112e-10, 2.50840338084e-11, 6.81586026768e-13, 3.08479607689e-14, 9.48112776982e-15, 9.13729422664e-15, 2.13614469813e-16, 2.21108396945e-18]
        max: [6.47895512884e-06, 0.000816441664938, 0.00194335088599, 0.000785043928772, 0.00696723349392, 0.0058825481683, 0.0016718528932, 0.00518605578691, 0.00672860071063, 0.000912906194571, 0.00295664579608, 0.000847406219691, 0.001206586021, 0.00193729484454, 0.00212663132697, 0.000959912547842, 0.000652407528833, 0.000945862615481, 0.000365392916137, 9.42809710978e-05, 5.01871181768e-05, 8.64649791765e-06, 1.18463731269e-06, 8.2300800841e-07, 8.47981141305e-07, 1.26199651618e-07, 1.34568729493e-08]
        mean: [1.21858306557e-07, 5.5823726143e-05, 8.83894099388e-05, 3.65687483281e-05, 0.000766227312852, 0.000688881380484, 0.000194619235117, 0.000140920950798, 0.000504852971062, 5.54226025997e-05, 0.000171103994944, 6.94947957527e-05, 3.07922600769e-05, 9.30434835027e-05, 0.000102326921478, 5.53696045245e-05, 3.50448244717e-05, 2.91309752356e-05, 1.27780376715e-05, 6.85402756062e-06, 1.84697705663e-06, 2.85729811367e-07, 4.30874500523e-08, 1.25306351961e-08, 6.02933969418e-09, 5.08624198314e-10, 1.52396373299e-10]
        min: [5.04377407895e-11, 1.36814060081e-09, 1.00237707024e-09, 1.34414013253e-09, 7.02648073059e-09, 1.37688731527e-08, 1.53260835134e-08, 9.50719414305e-09, 3.12657411072e-09, 6.28774809996e-10, 1.52541979048e-09, 1.22279997239e-09, 8.44662118027e-10, 8.99300189872e-10, 1.11372433498e-09, 3.02643410333e-10, 6.11703665498e-09, 3.00200886372e-09, 1.160771812e-09, 1.99782057564e-09, 4.73527883571e-10, 7.66825353216e-11, 4.54358425883e-11, 1.900291903e-11, 1.77817552349e-11, 6.50987380321e-12, 1.86285110059e-13]
        var: [1.16045953229e-13, 8.39115532614e-09, 5.69964555552e-08, 4.71406380598e-09, 1.1106050124e-06, 7.68228971992e-07, 3.53101619055e-08, 9.98825555598e-08, 6.13255281223e-07, 9.14141118358e-09, 1.08246794639e-07, 1.49367362923e-08, 7.85824827432e-09, 3.29595657433e-08, 5.27973931241e-08, 1.72131091603e-08, 3.64065577685e-09, 5.61407853539e-09, 1.07823427964e-09, 1.05151415353e-10, 1.8931252399e-11, 7.94674059629e-13, 1.08713163593e-14, 2.40173036996e-15, 1.80773538669e-15, 3.71047679454e-17, 4.7325696351e-19]
    mfcc:
        mean: [-850.344604492, 233.031082153, -66.9251556396, 41.8294029236, -21.3114871979, -18.1554927826, -7.31868553162, -10.2144346237, -4.99064302444, -7.74886226654, -10.5926876068, -4.90419244766, -7.18959331512]
        cov: [[3794.48583984, -287.439575195, -1130.76208496, -91.9831390381, 45.7315292358, 336.169006348, -188.40057373, -102.461936951, 137.881439209, 38.4251747131, -74.9816436768, -152.960189819, -60.7252197266], [-287.439575195, 767.51385498, -163.360107422, -132.513244629, 168.632522583, 81.6455993652, -9.87108612061, -92.3184127808, 101.624275208, 11.6891412735, -36.444355011, -90.2444076538, 21.3173484802], [-1130.76208496, -163.360107422, 932.286560059, 163.902877808, -15.6594848633, -116.67414093, 208.833236694, 178.585464478, -94.4423294067, 56.0867729187, 75.7942123413, 139.203765869, -23.3987426758], [-91.9831390381, -132.513244629, 163.902877808, 316.231048584, 4.43993711472, -48.8625411987, 99.9927139282, 56.2292785645, -39.5688476562, -7.63334321976, 52.0201187134, 93.1796798706, -14.640709877], [45.7315292358, 168.632522583, -15.6594848633, 4.43993711472, 190.119094849, 78.8169250488, 14.5988941193, -0.152766466141, 64.8656692505, 31.2327251434, 13.7432746887, 17.785949707, 27.7662734985], [336.169006348, 81.6455993652, -116.67414093, -48.8625411987, 78.8169250488, 172.052780151, -4.61495304108, -16.8180408478, 50.7521400452, 12.2136240005, 6.84085273743, -20.7338409424, 14.0909852982], [-188.40057373, -9.87108612061, 208.833236694, 99.9927139282, 14.5988941193, -4.61495304108, 143.89692688, 70.879119873, -33.9093208313, 27.2761249542, 53.8468780518, 51.2604942322, -18.7147846222], [-102.461936951, -92.3184127808, 178.585464478, 56.2292785645, -0.152766466141, -16.8180408478, 70.879119873, 103.350730896, -12.3803653717, 26.2552604675, 34.5978813171, 45.3676681519, 6.26216745377], [137.881439209, 101.624275208, -94.4423294067, -39.5688476562, 64.8656692505, 50.7521400452, -33.9093208313, -12.3803653717, 102.0078125, 24.8324165344, -23.6480789185, -15.1246337891, 22.8510227203], [38.4251747131, 11.6891412735, 56.0867729187, -7.63334321976, 31.2327251434, 12.2136240005, 27.2761249542, 26.2552604675, 24.8324165344, 92.0558624268, 27.7308158875, 20.7014102936, 7.25370788574], [-74.9816436768, -36.444355011, 75.7942123413, 52.0201187134, 13.7432746887, 6.84085273743, 53.8468780518, 34.5978813171, -23.6480789185, 27.7308158875, 97.6604385376, 44.6703300476, -2.91791796684], [-152.960189819, -90.2444076538, 139.203765869, 93.1796798706, 17.785949707, -20.7338409424, 51.2604942322, 45.3676681519, -15.1246337891, 20.7014102936, 44.6703300476, 102.415184021, 18.2436981201], [-60.7252197266, 21.3173484802, -23.3987426758, -14.640709877, 27.7662734985, 14.0909852982, -18.7147846222, 6.26216745377, 22.8510227203, 7.25370788574, -2.91791796684, 18.2436981201, 77.9097366333]]
        icov: [[0.000739315815736, 0.000564265705179, 0.00103474373464, -0.000308596994728, -0.000252167927101, -0.00109523732681, 7.65205477364e-05, -0.000786417571362, 0.000131485881866, -0.00100371509325, 0.000676270923577, 0.000349481211742, 0.00104255415499], [0.000564265705179, 0.00300797750242, 0.000706963066477, 0.000542903260794, -0.002207538113, 7.19920790289e-05, -0.00269844476134, 0.00230056652799, -0.00158832885791, -0.000315536133712, 0.00023633663659, 0.0025327031035, -0.000217246328248], [0.00103474373464, 0.000706963066477, 0.00368144083768, -6.03049556958e-05, -0.000698220334016, -0.000559722364414, -0.00157030951232, -0.00329828984104, 0.00133808457758, -0.00187720614485, 0.00183340150397, -0.00111475028098, 0.00205738190562], [-0.000308596994728, 0.000542903260794, -6.03049556958e-05, 0.00583744980395, -0.000876885838807, 0.00199781404808, -0.00380168808624, 0.00106097955722, -0.000965914921835, 0.00269541470334, -0.000682983431034, -0.00370362144895, 0.000516502943356], [-0.000252167927101, -0.002207538113, -0.000698220334016, -0.000876885838807, 0.0102883651853, -0.0030181449838, 0.000491447455715, 6.58489152556e-05, -0.00359452445991, -0.000490595877636, -0.000898881698959, -0.00307576893829, -0.00118852942251], [-0.00109523732681, 7.19920790289e-05, -0.000559722364414, 0.00199781404808, -0.0030181449838, 0.0109205339104, -0.0035697221756, 0.00253384700045, -0.00327112618834, 0.00249055237509, -0.00296902656555, 0.00149919441901, -0.00236137863249], [7.65205477364e-05, -0.00269844476134, -0.00157030951232, -0.00380168808624, 0.000491447455715, -0.0035697221756, 0.0201430991292, -0.00926288962364, 0.00554242357612, -0.00283938972279, -0.00216675666161, -0.00195323233493, 0.00468054879457], [-0.000786417571362, 0.00230056652799, -0.00329828984104, 0.00106097955722, 6.58489152556e-05, 0.00253384700045, -0.00926288962364, 0.0231401827186, -0.00484672514722, 0.000343217834597, -0.00275954068638, 0.000649801630061, -0.00546628748998], [0.000131485881866, -0.00158832885791, 0.00133808457758, -0.000965914921835, -0.00359452445991, -0.00327112618834, 0.00554242357612, -0.00484672514722, 0.0199519526213, -0.00610561389476, 0.00531939743087, -0.000852672324982, -0.000533556449227], [-0.00100371509325, -0.000315536133712, -0.00187720614485, 0.00269541470334, -0.000490595877636, 0.00249055237509, -0.00283938972279, 0.000343217834597, -0.00610561389476, 0.0169303826988, -0.00507954042405, -0.00169298273977, -0.00131780735683], [0.000676270923577, 0.00023633663659, 0.00183340150397, -0.000682983431034, -0.000898881698959, -0.00296902656555, -0.00216675666161, -0.00275954068638, 0.00531939743087, -0.00507954042405, 0.0173433870077, -0.00492738513276, 0.0021595004946], [0.000349481211742, 0.0025327031035, -0.00111475028098, -0.00370362144895, -0.00307576893829, 0.00149919441901, -0.00195323233493, 0.000649801630061, -0.000852672324982, -0.00169298273977, -0.00492738513276, 0.0223944149911, -0.00616856617853], [0.00104255415499, -0.000217246328248, 0.00205738190562, 0.000516502943356, -0.00118852942251, -0.00236137863249, 0.00468054879457, -0.00546628748998, -0.000533556449227, -0.00131780735683, 0.0021595004946, -0.00616856617853, 0.0186412390321]]
    spectral_contrast:
        mean: [-4.97714324865e-07, 2.71428802989e-07, -2.85260650656e-08, -1.29350361533e-08, 2.34296621215e-07, -2.54561513202e-07, -2.6764141694e-06, -2.11679275708e-06, -3.11875783154e-06, 3.854157967e-06, -1.97854296857e-06, 3.12041356665e-06]
        var: [0.000403623329476, 0.00103677797597, 0.00162921613082, 0.00206894590519, 0.00566099304706, 0.0107341296971, 0.061794731766, 0.105097591877, 0.155817911029, 0.234640106559, 0.434280633926, 1.68227863312]

rhythm:
    beats_loudness:
        dmean: 0.00354371103458
        dmean2: 0.0069515760988
        dvar: 1.78042300831e-05
        dvar2: 5.03079645569e-05
        max: 0.0155873317271
        mean: 0.00380592304282
        min: 0.000337170087732
        var: 1.40917227327e-05
    beats_loudness_bass:
        dmean: 0.098258279264
        dmean2: 0.170647785068
        dvar: 0.0120745180175
        dvar2: 0.02341343835
        max: 0.409700632095
        mean: 0.0973026826978
        min: 0.000559931911994
        var: 0.0144485235214
    bpm: 129.307037354
    bpm_confidence: 0
    first_peak_bpm: 117
    first_peak_spread: 0
    first_peak_weight: 0.578947365284
    onset_rate: 2.48579549789
    second_peak_bpm: 129
    second_peak_spread: 0
    second_peak_weight: 0.368421047926
    beats_position: [0.237317234278, 0.75074660778, 1.26417601109, 1.77760541439, 2.29103469849, 2.80446410179, 3.3178935051, 3.8313229084, 4.34475231171, 4.85818147659, 5.37161111832, 5.8850402832, 6.451836586, 6.91586303711, 7.37988948822, 7.84391641617, 8.30794334412, 8.77196979523, 9.23599624634, 9.70002365112]
    bpm_estimates: [129.096496582, 130.24520874, 129.631668091, 128.254745483]
    bpm_intervals: [0.513429403305, 0.513429403305, 0.513429403305, 0.513429284096, 0.513429403305, 0.513429403305, 0.513429403305, 0.513429403305, 0.513429164886, 0.513429641724, 0.513429164886, 0.566796302795, 0.464026451111, 0.464026451111, 0.464026927948, 0.464026927948, 0.464026451111, 0.464026451111, 0.464027404785]
    onset_times: [0.0580498874187, 0.232199549675, 0.684988677502, 0.882358253002, 1.20743763447, 1.72988665104, 2.28716564178, 2.43809533119, 2.82122445107, 2.90249443054, 3.99383211136, 4.06349229813, 4.26086187363, 4.59755086899, 5.01551008224, 5.35219955444, 6.09523820877, 6.40870761871, 6.79183673859, 7.19818592072, 8.24308395386, 8.75392246246, 9.24154186249, 9.36925125122, 9.42730140686]
    rubato_start: [6.91586303711]
    rubato_stop: [9.70002365112]
    perceptual_tempo: "unknown"

sfx:
    inharmonicity:
        dmean: 0.0306965056807
        dmean2: 0.0561180077493
        dvar: 0.0012603161158
        dvar2: 0.00368010508828
        max: 0.199376374483
        mean: 0.0282533429563
        min: 0
        var: 0.00137216120493
    oddtoevenharmonicenergyratio:
        dmean: 4.45139694214
        dmean2: 8.67905712128
        dvar: 1033.56921387
        dvar2: 3070.91210938
        max: 473.116485596
        mean: 2.66138100624
        min: 0
        var: 530.896179199
    pitch_after_max_to_before_max_energy_ratio: 0.119898565114
    pitch_centroid: 214.687576294
    pitch_max_to_total: 0.865740716457
    pitch_min_to_total: 0.858796298504
    tristimulus:
        dmean: [0.234463006258, 0.239874571562, 0.0363970249891]
        dmean2: [0.409775525331, 0.421107470989, 0.0647794827819]
        dvar: [0.0471684746444, 0.0524507164955, 0.00218495563604]
        dvar2: [0.137024909258, 0.154624193907, 0.00540970405564]
        max: [1, 0.972517549992, 0.34801903367]
        mean: [0.478051394224, 0.467960953712, 0.0398555323482]
        min: [0.00941318552941, 0, 0]
        var: [0.0672474429011, 0.0688902512193, 0.00224467040971]

tonal:
    chords_changes_rate: 0.0506912432611
    chords_number_rate: 0.0184331797063
    chords_strength:
        dmean: 0.00598241761327
        dmean2: 0.00406541861594
        dvar: 2.49035219895e-05
        dvar2: 1.65771234606e-05
        max: 0.601573288441
        mean: 0.463239580393
        min: 0.259953647852
        var: 0.00950546190143
    key_strength: 0.81477200985
    tuning_diatonic_strength: 0.603514671326
    tuning_equal_tempered_deviation: 0.019865533337
    tuning_frequency: 440.254241943
    tuning_nontempered_energy_ratio: 0.58082473278
    hpcp:
        dmean: [0.0665450468659, 0.124481521547, 0.190131247044, 0.158573940396, 0.156229019165, 0.0392359271646, 0.0100804073736, 0.00753115024418, 0.0199959110469, 0.0267135836184, 0.015088240616, 0.00825995579362, 0.00721583887935, 0.0125825842842, 0.0524997226894, 0.0713587701321, 0.0407088026404, 0.0623925849795, 0.0889765173197, 0.0579317584634, 0.0110561810434, 0.00933903641999, 0.0176742710173, 0.0818211436272, 0.143233850598, 0.0987420231104, 0.0166517347097, 0.00786682590842, 0.0169259924442, 0.0736602023244, 0.0850640013814, 0.0722212269902, 0.0915758311749, 0.0807042270899, 0.0959719195962, 0.0783543661237]
        dmean2: [0.120186366141, 0.238211080432, 0.333028286695, 0.263041764498, 0.263101905584, 0.06988620013, 0.0163481030613, 0.0126142082736, 0.0330208726227, 0.0404705405235, 0.0229550022632, 0.0129712847993, 0.0103334225714, 0.020696753636, 0.0779746845365, 0.101550526917, 0.060567624867, 0.0995496585965, 0.136413767934, 0.0898968875408, 0.0190200265497, 0.0157067608088, 0.0310395564884, 0.131647646427, 0.221006289124, 0.1501660496, 0.0293077118695, 0.0131257614121, 0.0292336642742, 0.116379082203, 0.126519590616, 0.113448321819, 0.157261654735, 0.134179666638, 0.175415351987, 0.146731689572]
        dvar: [0.025483129546, 0.0446624681354, 0.0403477661312, 0.0443477481604, 0.0253185071051, 0.0085263652727, 0.000459458242403, 0.000229482437135, 0.00218302709982, 0.00222569517791, 0.00073984824121, 0.00030174665153, 0.000105706894828, 0.00106546387542, 0.00917326752096, 0.0111380154267, 0.00335752242245, 0.00669964635745, 0.021534724161, 0.00733161577955, 0.000462925061584, 0.000342920306139, 0.00263395067304, 0.0107218725607, 0.0296138431877, 0.0135288611054, 0.000682501879055, 0.000351394206518, 0.00168042257428, 0.0189551804215, 0.0248216353357, 0.0126986978576, 0.0250426605344, 0.0283923428506, 0.0383223704994, 0.0425226725638]
        dvar2: [0.0676570385695, 0.127291321754, 0.112513333559, 0.107634954154, 0.074926763773, 0.0242580715567, 0.00118379492778, 0.000667177082505, 0.00642634090036, 0.00626775203273, 0.00162277696654, 0.000872879521921, 0.000209440622712, 0.00277593475766, 0.0209502708167, 0.0242526270449, 0.00792575441301, 0.0119520528242, 0.0352923348546, 0.0157711450011, 0.00123915146105, 0.000901583931409, 0.00723868515342, 0.0264432448894, 0.0576774850488, 0.0315214172006, 0.00193204404786, 0.000973772199359, 0.00445330794901, 0.0440724045038, 0.052042581141, 0.0299320239574, 0.0664395540953, 0.055366538465, 0.115671977401, 0.108680360019]
        max: [1, 1, 1, 1, 1, 0.813213407993, 0.156901553273, 0.109485775232, 0.433787077665, 0.441364526749, 0.241112008691, 0.164825826883, 0.123805969954, 0.303906470537, 0.863077521324, 1, 0.499174028635, 0.616384983063, 1, 0.730587303638, 0.1509475559, 0.144911661744, 0.528585135937, 0.924080133438, 1, 0.899584770203, 0.165198132396, 0.141946166754, 0.345313310623, 1, 1, 0.944560587406, 1, 1, 1, 1]
        mean: [0.0923960953951, 0.0988430008292, 0.369749039412, 0.595752477646, 0.313323915005, 0.0398952774704, 0.0135091654956, 0.0102478843182, 0.02566890046, 0.0382462739944, 0.0248734652996, 0.0168122053146, 0.0160114914179, 0.0160880684853, 0.0946761593223, 0.1580208987, 0.0902593433857, 0.190901279449, 0.334801673889, 0.169762760401, 0.01401553303, 0.010774647817, 0.0198255125433, 0.243592903018, 0.473826110363, 0.25918251276, 0.0229487046599, 0.0103085897863, 0.0165161378682, 0.161191806197, 0.278868317604, 0.162543639541, 0.120305627584, 0.149460986257, 0.0934972018003, 0.0834469124675]
        min: [7.87888275227e-05, 0.000410773674957, 0.000826937961392, 0.000619518745225, 0.000310743867885, 0.000121374476294, 4.936878031e-05, 3.13352757075e-05, 0.000167969730683, 0.000150619496708, 0.000280731415842, 2.41910965997e-05, 2.86119466182e-05, 0.000329179107212, 0.000369342538761, 0.000670300039928, 0.000205414035008, 0.00192897161469, 0.00262796110474, 0.00373646942899, 2.09126646951e-05, 2.70933978754e-05, 4.71795319754e-05, 0.000122305951663, 0.000329807575326, 0.00119048857596, 0.000127206774778, 2.40764420596e-05, 7.59066169849e-05, 2.87643306365e-05, 3.06242654915e-05, 0.000378063705284, 0.00056946038967, 0.000134994043037, 8.61860607984e-05, 6.05321802141e-05]
        var: [0.0487254373729, 0.0332626253366, 0.0896477624774, 0.144943624735, 0.0493971817195, 0.00583583954722, 0.000481625669636, 0.000213051302126, 0.00192832516041, 0.00353733194061, 0.00163383712061, 0.000447660888312, 0.000446289224783, 0.00084607640747, 0.0162989869714, 0.0332247391343, 0.0107449088246, 0.0316832102835, 0.118382006884, 0.0330311395228, 0.000490524806082, 0.000439634313807, 0.00186808151193, 0.0343098454177, 0.11878605932, 0.0411320663989, 0.000802144524641, 0.000323945569107, 0.00147104554344, 0.0525767691433, 0.136837184429, 0.041701041162, 0.0346445254982, 0.0704647004604, 0.0400051772594, 0.0466077961028]
    chords_histogram: [44.2396316528, 8.75576019287, 43.3179740906, 0, 0, 0, 0, 0, 0, 0, 0, 0, 0, 0, 0, 0, 0, 3.68663597107, 0, 0, 0, 0, 0, 0]
    thpcp: [1, 0.525929689407, 0.0669661983848, 0.0226758029312, 0.0172015801072, 0.0430865176022, 0.0641982629895, 0.0417513400316, 0.0282201189548, 0.0268760807812, 0.0270046181977, 0.158918619156, 0.265245884657, 0.151504769921, 0.320437252522, 0.561981141567, 0.284955203533, 0.0235257651657, 0.0180857796222, 0.0332781039178, 0.40888273716, 0.795340538025, 0.435050666332, 0.0385205373168, 0.0173034779727, 0.0277231540531, 0.270568430424, 0.468094259501, 0.272837549448, 0.201938942075, 0.250877648592, 0.156939670444, 0.140069767833, 0.155091419816, 0.165912866592, 0.620642066002]
    chords_key: "D#"
    chords_scale: "major"
    key_key: "D#"
    key_scale: "major"
    chords_progression: ["Gm", "Gm", "Gm", "Gm", "Gm", "Gm", "Gm", "Gm", "Gm", "A#", "A#", "A#", "A#", "A#", "A#", "A#", "A#", "A#", "A#", "A#", "A#", "A#", "A#", "A#", "A#", "A#", "A#", "A#", "A#", "A#", "A#", "A#", "A#", "A#", "A#", "A#", "A#", "A#", "A#", "A#", "A#", "A#", "A#", "A#", "A#", "A#", "A#", "A#", "A#", "A#", "A#", "A#", "A#", "A#", "A#", "A#", "A#", "A#", "A#", "A#", "A#", "A#", "A#", "A#", "A#", "A#", "D#m", "D#m", "D#m", "D#m", "D#m", "D#m", "D#m", "D#", "D#", "D#", "D#", "D#", "D#", "D#", "D#", "D#", "D#", "D#", "A#", "D#", "D#", "D#m", "A#", "A#", "A#", "A#", "A#", "A#", "A#", "A#", "D#", "D#", "D#", "D#", "D#", "D#", "D#", "D#", "D#", "D#", "D#", "D#", "D#", "D#", "D#", "D#", "D#", "D#", "D#", "D#", "D#", "D#", "D#", "D#", "D#", "D#", "D#", "D#", "D#", "D#", "D#", "D#", "D#", "D#", "D#", "D#", "D#", "D#", "D#", "D#", "D#", "D#", "D#", "D#", "D#", "D#", "D#", "D#", "D#", "D#", "D#", "D#", "D#", "D#", "D#", "D#", "D#", "D#", "D#", "Gm", "Gm", "Gm", "Gm", "Gm", "Gm", "Gm", "Gm", "Gm", "Gm", "D#", "D#", "D#", "D#", "D#", "D#", "D#", "D#", "D#", "D#", "D#", "D#", "D#", "D#", "D#", "D#", "D#", "D#", "D#", "D#", "D#", "D#", "D#", "D#", "A#", "A#", "A#", "A#", "A#", "A#", "A#", "A#", "A#", "A#", "A#", "A#", "A#", "A#", "A#", "A#", "A#", "A#", "A#", "A#", "A#", "A#", "A#", "A#", "A#", "A#", "A#", "A#"]
