
metadata:
    version:
        essentia: "1.2.2"
    audio_properties:
        analysis_sample_rate: 44100
        bitrate: 128
        channels: 2
        equal_loudness: 1
        length: 10.0310201645
        replay_gain: -3.79176902771
        downmix: "mix"
    tags:
        track: 33
        year: 0
        album: "Splitted by Mp3Splt v. 2.1"
        artist: "From 005.20 To 005.30"
        comment: "http://mp3splt.sf.net"
        genre: ""
        title: "09 My Sweet Prince.mp3"

highlevel:
    ballroom:
        all:
            ChaChaCha: 0.124721668661
            Jive: 0.0696558505297
            Quickstep: 0.0211176462471
            Rumba-American: 0.0139488428831
            Rumba-International: 0.0716211944818
            Rumba-Misc: 0.0625647231936
            Samba: 0.21975889802
            Tango: 0.294583618641
            VienneseWaltz: 0.0400755219162
            Waltz: 0.0819520354271
        probability: 0.294583618641
        value: "Tango"
    culture:
        all:
            non_western: 0.287592828274
            western: 0.712407171726
        probability: 0.712407171726
        value: "western"
    gender:
        all:
            female: 0.741482079029
            male: 0.258517950773
        probability: 0.741482079029
        value: "female"
    genre_dortmund:
        all:
            alternative: 0.095699287951
            blues: 0.0109496982768
            electronic: 0.472162485123
            folkcountry: 0.0604536943138
            funksoulrnb: 0.0147275244817
            jazz: 0.212375834584
            pop: 0.0273064803332
            raphiphop: 0.0572748444974
            rock: 0.0490501634777
        probability: 0.472162485123
        value: "electronic"
    genre_electronica:
        all:
            ambient: 0.192605346441
            dnb: 0.0107573280111
            house: 0.705771267414
            techno: 0.0540544986725
            trance: 0.0368115566671
        probability: 0.705771267414
        value: "house"
    genre_rosamerica:
        all:
            cla: 0.238235458732
            dan: 0.255625009537
            hip: 0.0922816321254
            jaz: 0.130351871252
            pop: 0.0275283046067
            rhy: 0.15981207788
            roc: 0.0751047879457
            spe: 0.0210608858615
        probability: 0.255625009537
        value: "dan"
    genre_tzanetakis:
        all:
            blu: 0.10825252533
            cla: 0.0941048040986
            cou: 0.0419780351222
            dis: 0.0292014311999
            hip: 0.0818286538124
            jaz: 0.0616743080318
            met: 0.0256438963115
            pop: 0.0360007807612
            reg: 0.430973142385
            roc: 0.0903424322605
        probability: 0.430973142385
        value: "reg"
    live_studio:
        all:
            live: 0.863477945328
            studio: 0.13652202487
        probability: 0.863477945328
        value: "live"
    mood:
        all:
            Cluster1: 0.0989570692182
            Cluster2: 0.168010652065
            Cluster3: 0.236811131239
            Cluster4: 0.021442078054
            Cluster5: 0.474779069424
        probability: 0.474779069424
        value: "Cluster5"
    mood_acoustic:
        all:
            acoustic: 0.27796381712
            not_acoustic: 0.72203618288
        probability: 0.72203618288
        value: "not_acoustic"
    mood_aggressive:
        all:
            aggressive: 0.020628368482
            not_aggressive: 0.979371607304
        probability: 0.979371607304
        value: "not_aggressive"
    mood_electronic:
        all:
            electronic: 0.893028438091
            not_electronic: 0.106971591711
        probability: 0.893028438091
        value: "electronic"
    mood_happy:
        all:
            happy: 0.0641641840339
            not_happy: 0.935835838318
        probability: 0.935835838318
        value: "not_happy"
    mood_party:
        all:
            not_party: 0.951263427734
            party: 0.0487365685403
        probability: 0.951263427734
        value: "not_party"
    mood_relaxed:
        all:
            not_relaxed: 0.0170333608985
            relaxed: 0.982966661453
        probability: 0.982966661453
        value: "relaxed"
    mood_sad:
        all:
            not_sad: 0.153667330742
            sad: 0.846332669258
        probability: 0.846332669258
        value: "sad"
    rhythm:
        all:
            fast: 0.0330780595541
            medium: 0.497342467308
            slow: 0.469579488039
        probability: 0.497342467308
        value: "medium"
    speech_music:
        all:
            music: 0.40353295207
            speech: 0.596467018127
        probability: 0.596467018127
        value: "speech"
    timbre:
        all:
            bright: 0.0431720539927
            dark: 0.956827938557
        probability: 0.956827938557
        value: "dark"
    voice_instrumental:
        all:
            instrumental: 0.993205904961
            voice: 0.00679408852011
        probability: 0.993205904961
        value: "instrumental"

lowlevel:
    average_loudness: 0.840940892696
    barkbands_kurtosis:
        dmean: 4.25688838959
        dmean2: 7.00088357925
        dvar: 147.573013306
        dvar2: 407.902740479
        max: 109.446678162
        mean: 7.12370538712
        min: -1.83024132252
        var: 171.085189819
    barkbands_skewness:
        dmean: 0.489509314299
        dmean2: 0.762165486813
        dvar: 0.480641126633
        dvar2: 1.076410532
        max: 8.79749965668
        mean: 1.88160574436
        min: -1.86618614197
        var: 2.20460724831
    barkbands_spread:
        dmean: 3.42470097542
        dmean2: 5.54470682144
        dvar: 19.5809249878
        dvar2: 43.0990219116
        max: 47.8389396667
        mean: 19.1527328491
        min: 1.11733746529
        var: 185.71697998
    dissonance:
        dmean: 0.0208701658994
        dmean2: 0.0343355759978
        dvar: 0.000576597580221
        dvar2: 0.00138356850948
        max: 0.496672719717
        mean: 0.44774544239
        min: 0.206106171012
        var: 0.00135946506634
    hfc:
        dmean: 0.271257638931
        dmean2: 0.442304134369
        dvar: 0.718371868134
        dvar2: 1.77942621708
        max: 8.78542518616
        mean: 0.798020541668
        min: 0.0271652173251
        var: 1.01813817024
    pitch:
        dmean: 314.781066895
        dmean2: 621.171203613
        dvar: 618244.5625
        dvar2: 1555396.875
        max: 2940
        mean: 998.827819824
        min: 53.9119796753
        var: 1489135.75
    pitch_instantaneous_confidence:
        dmean: 0.081269428134
        dmean2: 0.128419995308
        dvar: 0.00524739967659
        dvar2: 0.0136946253479
        max: 0.867786765099
        mean: 0.48315808177
        min: 0.17884606123
        var: 0.0219906717539
    pitch_salience:
        dmean: 0.0528984963894
        dmean2: 0.0834430232644
        dvar: 0.00401287013665
        dvar2: 0.0115283988416
        max: 0.774224221706
        mean: 0.618074774742
        min: 0.177535861731
        var: 0.00790678337216
    silence_rate_20dB:
        dmean: 0
        dmean2: 0
        dvar: 0
        dvar2: 0
        max: 1
        mean: 1
        min: 1
        var: 0
    silence_rate_30dB:
        dmean: 0
        dmean2: 0
        dvar: 0
        dvar2: 0
        max: 1
        mean: 1
        min: 1
        var: 0
    silence_rate_60dB:
        dmean: 0.0416666679084
        dmean2: 0.0835266858339
        dvar: 0.0399303436279
        dvar2: 0.0811906680465
        max: 1
        mean: 0.815242469311
        min: 0
        var: 0.150621563196
    spectral_centroid:
        dmean: 110.797302246
        dmean2: 176.129760742
        dvar: 22251.6035156
        dvar2: 49085.8046875
        max: 2406.54589844
        mean: 683.314575195
        min: 110.356452942
        var: 247180.515625
    spectral_complexity:
        dmean: 0.742459416389
        dmean2: 1.28837203979
        dvar: 0.803738892078
        dvar2: 1.63311886787
        max: 11
        mean: 3.7199075222
        min: 0
        var: 5.72015428543
    spectral_crest:
        dmean: 2.10380959511
        dmean2: 3.47458004951
        dvar: 4.72093439102
        dvar2: 11.6961679459
        max: 23.5336875916
        mean: 11.1807432175
        min: 3.90959453583
        var: 16.0273895264
    spectral_decrease:
        dmean: 3.1235866671e-10
        dmean2: 4.85791573634e-10
        dvar: 1.46652225987e-18
        dvar2: 3.66847363837e-18
        max: -1.75034032407e-11
        mean: -5.97936422597e-10
        min: -1.09301723228e-08
        var: 1.61305275589e-18
    spectral_energy:
        dmean: 0.00120082555804
        dmean2: 0.00186611211393
        dvar: 2.15173913602e-05
        dvar2: 5.37893938599e-05
        max: 0.0420498773456
        mean: 0.00232913321815
        min: 7.68743411754e-05
        var: 2.37960812228e-05
    spectral_energyband_high:
        dmean: 3.42780049323e-06
        dmean2: 5.38769427294e-06
        dvar: 1.37010028323e-10
        dvar2: 4.02509747754e-10
        max: 0.000160852170666
        mean: 8.89026614459e-06
        min: 3.81372045055e-09
        var: 2.058991172e-10
    spectral_energyband_low:
        dmean: 0.000636901822872
        dmean2: 0.00111749046482
        dvar: 1.03725205918e-05
        dvar2: 2.80685271719e-05
        max: 0.0254378654063
        mean: 0.000619769329205
        min: 1.08722656478e-06
        var: 6.93398851581e-06
    spectral_energyband_middle_high:
        dmean: 5.03339579154e-05
        dmean2: 8.32759105833e-05
        dvar: 7.2448216315e-09
        dvar2: 1.96752125703e-08
        max: 0.000786041840911
        mean: 0.000147172118886
        min: 2.55834311247e-06
        var: 1.39238220953e-08
    spectral_energyband_middle_low:
        dmean: 0.000670665118378
        dmean2: 0.00114264269359
        dvar: 7.09079586159e-06
        dvar2: 1.8189113689e-05
        max: 0.0312829762697
        mean: 0.00155329564586
        min: 1.18864581964e-05
        var: 9.56387975748e-06
    spectral_flatness_db:
        dmean: 0.0208202879876
        dmean2: 0.0326273180544
        dvar: 0.000593028671574
        dvar2: 0.00132904248312
        max: 0.42124068737
        mean: 0.248308971524
        min: 0.133117228746
        var: 0.00300113297999
    spectral_flux:
        dmean: 0.00643979990855
        dmean2: 0.00974441040307
        dvar: 0.000346239365172
        dvar2: 0.000597962294705
        max: 0.190880849957
        mean: 0.0162790678442
        min: 0.00367721822113
        var: 0.000649547902867
    spectral_kurtosis:
        dmean: 7.06576442719
        dmean2: 11.790435791
        dvar: 134.978927612
        dvar2: 318.800720215
        max: 136.666992188
        mean: 14.9902763367
        min: 0.154361724854
        var: 590.947021484
    spectral_rms:
        dmean: 0.000218142056838
        dmean2: 0.000316474208375
        dvar: 3.92930274984e-07
        dvar2: 8.6831931867e-07
        max: 0.00640501920134
        mean: 0.00118105986621
        min: 0.000273860088782
        var: 8.77421086898e-07
    spectral_rolloff:
        dmean: 198.145187378
        dmean2: 354.396148682
        dvar: 210649.34375
        dvar2: 517016.53125
        max: 4069.77539062
        mean: 1270.35876465
        min: 129.19921875
        var: 1240532.875
    spectral_skewness:
        dmean: 0.54281681776
        dmean2: 0.894268095493
        dvar: 0.509395956993
        dvar2: 1.27639305592
        max: 9.13813877106
        mean: 2.29622507095
        min: 0.518520653248
        var: 2.93718290329
    spectral_spread:
        dmean: 284446.4375
        dmean2: 459710.03125
        dvar: 133882503168
        dvar2: 308987232256
        max: 5600801
        mean: 2833112.25
        min: 627290.625
        var: 1.10145162445e+12
    spectral_strongpeak:
        dmean: 0.0884688422084
        dmean2: 0.145487815142
        dvar: 0.0306404810399
        dvar2: 0.076789341867
        max: 1.78553462029
        mean: 0.22826872766
        min: 0.00701857265085
        var: 0.063254788518
    zerocrossingrate:
        dmean: 0.00568830640987
        dmean2: 0.00684275059029
        dvar: 3.41276681866e-05
        dvar2: 4.25570979132e-05
        max: 0.123046875
        mean: 0.0472118221223
        min: 0.0078125
        var: 0.000757776608225
    barkbands:
        dmean: [1.45603920032e-07, 0.000200123875402, 0.000481218303321, 0.000295382807963, 0.000345767039107, 9.76474329946e-05, 2.62019075308e-05, 1.71711981238e-05, 1.40384181577e-05, 1.96458713617e-05, 3.4060390135e-06, 3.62576133739e-06, 4.02466503147e-06, 2.04124012271e-06, 5.29237649971e-06, 5.00055148223e-06, 3.67238862964e-06, 2.55313443631e-05, 3.21088123201e-06, 2.03635522666e-06, 1.91630920199e-06, 7.02252350493e-07, 5.72177043523e-08, 1.00912656009e-08, 1.88472970564e-09, 1.61419086431e-10, 1.36168520903e-10]
        dmean2: [2.2836805158e-07, 0.000359184516128, 0.000855575490277, 0.000551918288693, 0.000590384704992, 0.000155167159392, 4.06746185035e-05, 2.10008365684e-05, 2.22341441258e-05, 2.88673236355e-05, 5.99346094532e-06, 5.91361776969e-06, 7.07594108462e-06, 3.44082673109e-06, 8.56280348671e-06, 7.82476126915e-06, 6.58040471535e-06, 4.27852028224e-05, 5.42517773283e-06, 3.56160808224e-06, 2.90297498395e-06, 1.1469473975e-06, 9.75040848061e-08, 1.35014115443e-08, 3.08206038468e-09, 2.8408092545e-10, 2.4844690194e-10]
        dvar: [3.43546886902e-13, 9.80330582934e-07, 5.82185930398e-06, 2.65794824372e-06, 1.28946396671e-06, 2.33088840673e-07, 3.35769412274e-09, 2.49515719197e-09, 2.39720332473e-09, 1.62785740443e-09, 2.89851458807e-11, 4.48651879537e-11, 1.02589992057e-10, 2.91515492301e-11, 7.40075778438e-10, 3.80330558714e-11, 1.31709629314e-10, 2.32891594898e-09, 6.90847518081e-11, 1.01935619667e-10, 1.51902847939e-11, 1.99503651446e-12, 2.18086335259e-14, 1.11259143462e-15, 9.30789087091e-17, 1.4697059488e-19, 1.57993784669e-19]
        dvar2: [7.50579177804e-13, 2.75398792837e-06, 1.5968003936e-05, 7.78675803303e-06, 2.8641843528e-06, 6.15486612787e-07, 9.12407394082e-09, 2.4776252161e-09, 5.75717340467e-09, 3.18832515944e-09, 8.74278219265e-11, 1.20595061714e-10, 2.92029317395e-10, 7.79207115498e-11, 2.04003947069e-09, 9.56195539414e-11, 3.87367610211e-10, 6.55884990763e-09, 2.10976527915e-10, 3.08289532791e-10, 3.51996452819e-11, 4.63693016275e-12, 5.32939035784e-14, 1.36256112763e-15, 1.67635695021e-16, 4.40048401952e-19, 4.89721063025e-19]
        max: [5.87132944929e-06, 0.0084690451622, 0.0194942131639, 0.0160164386034, 0.0121209099889, 0.00793312583119, 0.00061997800367, 0.00103596574627, 0.000743666198105, 0.000623577914666, 8.94024778972e-05, 6.03598236921e-05, 0.000151475571329, 8.16784813651e-05, 0.000376796757337, 4.83376134071e-05, 0.000118403826491, 0.000391050911276, 0.000118964147987, 0.000143798126373, 6.98574003763e-05, 1.99225887627e-05, 1.97219674192e-06, 9.51974982399e-07, 2.11634784364e-07, 3.54812312864e-09, 3.75396336239e-09]
        mean: [1.27367272285e-07, 0.000191037761397, 0.00042861115071, 0.000403442099923, 0.000801253365353, 0.000210505371797, 6.28113339189e-05, 4.4590116886e-05, 2.99123585137e-05, 3.81846621167e-05, 7.19375975677e-06, 6.05953619015e-06, 6.92534467817e-06, 3.57647468263e-06, 6.24537369731e-06, 1.02354870251e-05, 4.92808749186e-06, 5.71620694245e-05, 6.17075056653e-06, 3.47339528162e-06, 4.72000328955e-06, 1.78757261438e-06, 1.4947019622e-07, 2.76311968861e-08, 3.6722949126e-09, 2.08116579525e-10, 9.7118986464e-11]
        min: [1.61543833865e-10, 3.68250596239e-07, 3.59998864496e-07, 1.75326221097e-07, 3.22867799696e-06, 5.56938914542e-07, 1.09288328076e-06, 4.59982430812e-07, 2.39032374338e-07, 2.57986101815e-07, 2.8323657375e-07, 2.84859762445e-08, 1.09505783996e-07, 3.1707948267e-08, 1.29098136625e-08, 2.07415631337e-08, 1.77688281866e-08, 1.00606429854e-08, 1.85753179505e-09, 3.26018745334e-09, 1.18760845602e-09, 5.84786330471e-10, 5.90247364873e-11, 1.98333641177e-11, 1.14357026453e-12, 2.2380506465e-13, 4.13764668009e-15]
        var: [3.26535050084e-13, 5.98862982315e-07, 3.7902227632e-06, 1.84207681286e-06, 3.12046995532e-06, 2.61444995431e-07, 7.78380915278e-09, 1.56424988518e-08, 7.77314390632e-09, 5.00564523165e-09, 1.16918363879e-10, 8.84929976519e-11, 1.44595266316e-10, 3.95845821399e-11, 5.87388138129e-10, 7.70088298685e-11, 7.93324433923e-11, 4.07179756579e-09, 5.58881760315e-11, 8.20463419426e-11, 4.36280352123e-11, 8.32624507535e-12, 8.56263776788e-14, 9.3961237784e-15, 3.23613966757e-16, 1.58940221461e-19, 1.05684491856e-19]
    mfcc:
        mean: [-875.321899414, 194.465057373, -42.1151123047, 83.5294036865, -20.9405651093, 12.2092761993, -13.7001018524, 7.58516311646, -5.29924106598, -13.2661886215, -6.80474424362, 0.814901888371, -15.7909564972]
        cov: [[2236.7487793, -326.51953125, -108.748802185, 88.8343658447, 107.206733704, -148.185897827, -57.6372947693, -26.3701133728, 75.9751434326, -46.4456748962, 5.51381635666, -54.2555046082, -133.128158569], [-326.51953125, 1969.07775879, 163.785217285, -496.357330322, 54.6699180603, -9.26035690308, 278.214996338, -210.904800415, 47.8631362915, 112.721626282, 24.8151283264, -155.725997925, 47.5816040039], [-108.748802185, 163.785217285, 813.227722168, -211.002685547, -167.469558716, 168.803787231, 31.3473300934, 35.2059020996, -32.5683708191, 80.0843811035, -83.1775283813, -69.3186416626, 35.2047576904], [88.8343658447, -496.357330322, -211.002685547, 462.235717773, -2.10530281067, 24.3263721466, -177.080734253, 164.730255127, -71.1590499878, -40.8252754211, -6.43239688873, 114.043914795, -63.2366676331], [107.206733704, 54.6699180603, -167.469558716, -2.10530281067, 239.247955322, -116.880393982, 116.178779602, -94.6410293579, 87.1603317261, -70.3677902222, 80.7301712036, -18.3957862854, 42.3472290039], [-148.185897827, -9.26035690308, 168.803787231, 24.3263721466, -116.880393982, 254.195083618, -63.4716415405, 103.550537109, -92.1046447754, 84.8302307129, -62.4469833374, 40.5157928467, 3.27115178108], [-57.6372947693, 278.214996338, 31.3473300934, -177.080734253, 116.178779602, -63.4716415405, 222.13432312, -122.133773804, 97.2789916992, -32.8053092957, 56.1488494873, -55.4313278198, 66.696647644], [-26.3701133728, -210.904800415, 35.2059020996, 164.730255127, -94.6410293579, 103.550537109, -122.133773804, 182.183135986, -69.0884552002, 25.6695957184, -41.6885147095, 65.6646118164, -41.1401100159], [75.9751434326, 47.8631362915, -32.5683708191, -71.1590499878, 87.1603317261, -92.1046447754, 97.2789916992, -69.0884552002, 110.074394226, -28.6236724854, 50.6996383667, -32.1441650391, 30.5358543396], [-46.4456748962, 112.721626282, 80.0843811035, -40.8252754211, -70.3677902222, 84.8302307129, -32.8053092957, 25.6695957184, -28.6236724854, 92.1741256714, -27.2354755402, 4.65857505798, -4.96092367172], [5.51381635666, 24.8151283264, -83.1775283813, -6.43239688873, 80.7301712036, -62.4469833374, 56.1488494873, -41.6885147095, 50.6996383667, -27.2354755402, 75.6601028442, 2.13547515869, 28.5904903412], [-54.2555046082, -155.725997925, -69.3186416626, 114.043914795, -18.3957862854, 40.5157928467, -55.4313278198, 65.6646118164, -32.1441650391, 4.65857505798, 2.13547515869, 75.3574295044, -2.45594978333], [-133.128158569, 47.5816040039, 35.2047576904, -63.2366676331, 42.3472290039, 3.27115178108, 66.696647644, -41.1401100159, 30.5358543396, -4.96092367172, 28.5904903412, -2.45594978333, 75.3652038574]]
        icov: [[0.000599016144406, 0.000123769190395, -9.20893653529e-05, 2.80040712823e-05, -0.000512684171554, -5.2136801969e-05, 0.000264419068117, 0.000177990601514, -0.000593421922531, -0.00017692509573, 5.09158462592e-06, 0.000306731119053, 0.00143684761133], [0.000123769190395, 0.000949049077462, 8.33673548186e-05, 0.000472272222396, -0.000354500458343, 0.000296403071843, -0.00123480847105, -8.70699514053e-05, 0.00124987575691, -0.00167906971183, -0.000471131934319, 0.00101041945163, 0.000803070899565], [-9.20893653529e-05, 8.33673548186e-05, 0.00224640755914, 0.000461657560663, 0.00122818455566, -0.000849993666634, -0.000613420328591, -0.00132895028219, -1.64275479619e-05, -2.49518088822e-05, 0.000853709934745, 0.0028444591444, -0.00193923863117], [2.80040712823e-05, 0.000472272222396, 0.000461657560663, 0.00671905465424, -0.00237461016513, -0.000174358458025, 0.00254142074846, -0.003127328353, 0.000822175876237, 0.00251472997479, -0.000783325289376, -0.0043386449106, 0.00254719750956], [-0.000512684171554, -0.000354500458343, 0.00122818455566, -0.00237461016513, 0.0109731983393, -0.000244433555054, -0.00280411099084, 0.00202808249742, -0.00180985569023, 0.00313412281685, -0.00384412449785, 0.00163557031192, -0.00336327729747], [-5.2136801969e-05, 0.000296403071843, -0.000849993666634, -0.000174358458025, -0.000244433555054, 0.0112675540149, -0.00341774220578, -0.00403363117948, 0.00683277938515, -0.0074415630661, 0.00317023345269, -0.0019081204664, -0.00408055260777], [0.000264419068117, -0.00123480847105, -0.000613420328591, 0.00254142074846, -0.00280411099084, -0.00341774220578, 0.0158574953675, 0.00267435819842, -0.00816382933408, 0.00610581599176, -0.00140840467066, -0.000200561000383, -0.00294665899128], [0.000177990601514, -8.70699514053e-05, -0.00132895028219, -0.003127328353, 0.00202808249742, -0.00403363117948, 0.00267435819842, 0.0160482916981, -0.00308240088634, 0.00158234348055, 0.000740100105759, -0.00717714335769, 0.00463367439806], [-0.000593421922531, 0.00124987575691, -1.64275479619e-05, 0.000822175876237, -0.00180985569023, 0.00683277938515, -0.00816382933408, -0.00308240088634, 0.0258086826652, -0.00553280720487, -0.00667195627466, 0.00490353070199, -0.00300751370378], [-0.00017692509573, -0.00167906971183, -2.49518088822e-05, 0.00251472997479, 0.00313412281685, -0.0074415630661, 0.00610581599176, 0.00158234348055, -0.00553280720487, 0.0232630334795, -0.000503157963976, -0.00330687779933, 0.000747576006688], [5.09158462592e-06, -0.000471131934319, 0.000853709934745, -0.000783325289376, -0.00384412449785, 0.00317023345269, -0.00140840467066, 0.000740100105759, -0.00667195627466, -0.000503157963976, 0.0290436632931, -0.00714521482587, -0.00565746752545], [0.000306731119053, 0.00101041945163, 0.0028444591444, -0.0043386449106, 0.00163557031192, -0.0019081204664, -0.000200561000383, -0.00717714335769, 0.00490353070199, -0.00330687779933, -0.00714521482587, 0.0345305651426, -0.00801036413759], [0.00143684761133, 0.000803070899565, -0.00193923863117, 0.00254719750956, -0.00336327729747, -0.00408055260777, -0.00294665899128, 0.00463367439806, -0.00300751370378, 0.000747576006688, -0.00565746752545, -0.00801036413759, 0.0286999605596]]
    spectral_contrast:
        mean: [-1.24103038956e-07, 2.48124166546e-07, 5.98611904934e-07, -5.11192617125e-08, 3.02291773835e-08, 1.38077197676e-07, -1.76664991614e-06, -2.62301819021e-06, -1.38422123541e-07, -9.00140491922e-07, 1.89327533917e-06, 6.02117268045e-07]
        var: [0.000673992792144, 0.000792663253378, 0.00128760514781, 0.00174044736195, 0.00190908135846, 0.00400615064427, 0.0524473711848, 0.0859272330999, 0.178616940975, 0.378487825394, 0.780324995518, 1.18011987209]

rhythm:
    beats_loudness:
        dmean: 0.00690957671031
        dmean2: 0.0137868765742
        dvar: 1.5922334569e-05
        dvar2: 5.25705763721e-05
        max: 0.0144662046805
        mean: 0.00454341247678
        min: 0.000200478301849
        var: 2.128810047e-05
    beats_loudness_bass:
        dmean: 0.571755647659
        dmean2: 1.08101642132
        dvar: 0.0814733207226
        dvar2: 0.365964353085
        max: 0.976794958115
        mean: 0.514601051807
        min: 0.0267565920949
        var: 0.11816110462
    bpm: 82.0703964233
    bpm_confidence: 0
    first_peak_bpm: 82
    first_peak_spread: 0
    first_peak_weight: 0.466666668653
    onset_rate: 2.49226880074
    second_peak_bpm: 123
    second_peak_spread: 0
    second_peak_weight: 0.466666668653
    beats_position: [0.712279379368, 1.44338524342, 2.17449092865, 2.90559673309, 3.63670277596, 4.36780834198, 5.09891414642, 5.83001995087, 6.39067363739, 6.87748289108, 7.36429262161, 7.85110235214, 8.33791160583, 8.82472038269, 9.31153011322, 9.79833984375]
    bpm_estimates: [81.8594436646, 81.6216659546, 82.2173614502, 81.8312835693, 81.7952423096, 83.0973739624]
    bpm_intervals: [0.731105864048, 0.731105685234, 0.731105804443, 0.731106042862, 0.731105566025, 0.731105804443, 0.731105804443, 0.560653686523, 0.486809253693, 0.48680973053, 0.48680973053, 0.486809253693, 0.486808776855, 0.48680973053, 0.48680973053]
    onset_times: [0.0464399084449, 0.290249437094, 0.394739240408, 0.46439909935, 0.975238084793, 1.45124721527, 1.93886625767, 2.43809533119, 2.92571425438, 3.41333341599, 3.92417240143, 4.37696123123, 4.88780021667, 5.38702964783, 5.85142850876, 6.00235843658, 6.3622674942, 6.87310647964, 7.34911584854, 7.83673477173, 8.34757328033, 8.76553249359, 8.82358264923, 9.31120204926, 9.82204055786]
    rubato_start: [6.87748289108]
    rubato_stop: [9.79833984375]
    perceptual_tempo: "unknown"

sfx:
    inharmonicity:
        dmean: 0.0292827468365
        dmean2: 0.0515909343958
        dvar: 0.00131780246738
        dvar2: 0.00373642309569
        max: 0.310438424349
        mean: 0.0295602418482
        min: 0
        var: 0.00143742212094
    oddtoevenharmonicenergyratio:
        dmean: 4.92408704758
        dmean2: 8.99235057831
        dvar: 227.711898804
        dvar2: 622.595153809
        max: 187.946563721
        mean: 3.3442234993
        min: 0
        var: 158.174667358
    pitch_after_max_to_before_max_energy_ratio: 87.1275482178
    pitch_centroid: 251.31489563
    pitch_max_to_total: 0.201388895512
    pitch_min_to_total: 0.439814805984
    tristimulus:
        dmean: [0.211850449443, 0.250091999769, 0.0717975124717]
        dmean2: [0.378432452679, 0.451250404119, 0.133141726255]
        dvar: [0.0457100346684, 0.0624376013875, 0.0176750719547]
        dvar2: [0.111737325788, 0.151391685009, 0.0494044274092]
        max: [1, 0.951075196266, 0.79344189167]
        mean: [0.436297565699, 0.373628050089, 0.0653962343931]
        min: [0.0242609214038, 0, 0]
        var: [0.0827902704477, 0.0876806601882, 0.0127030666918]

tonal:
    chords_changes_rate: 0.00921658985317
    chords_number_rate: 0.0138248847798
    chords_strength:
        dmean: 0.00485911173746
        dmean2: 0.00378211401403
        dvar: 1.55747675308e-05
        dvar2: 1.3698562725e-05
        max: 0.831310987473
        mean: 0.651975870132
        min: 0.498730540276
        var: 0.00577448355034
    key_strength: 0.636038303375
    tuning_diatonic_strength: 0.377388060093
    tuning_equal_tempered_deviation: 0.045410875231
    tuning_frequency: 441.527557373
    tuning_nontempered_energy_ratio: 0.660267055035
    hpcp:
        dmean: [0.119314827025, 0.101978033781, 0.0491536594927, 0.0308561325073, 0.02023242414, 0.0212680827826, 0.0168522354215, 0.0212014112622, 0.0302153117955, 0.0289704091847, 0.0481207221746, 0.114227563143, 0.109912335873, 0.0886125564575, 0.100154817104, 0.0968343392015, 0.113072738051, 0.056566350162, 0.0332582779229, 0.0194284059107, 0.0156203731894, 0.0219139717519, 0.0338271595538, 0.0668760463595, 0.0847422480583, 0.0422311723232, 0.0276876017451, 0.0256572980434, 0.0307073071599, 0.0225829016417, 0.0178671423346, 0.0382203273475, 0.101200640202, 0.120368152857, 0.163073569536, 0.18092867732]
        dmean2: [0.207472115755, 0.181900784373, 0.0939630642533, 0.0579382814467, 0.0345490016043, 0.0381802022457, 0.0303421150893, 0.0369263701141, 0.0527963079512, 0.0526107437909, 0.0813212320209, 0.187379270792, 0.190023496747, 0.151830345392, 0.17543746531, 0.173621729016, 0.195272326469, 0.0973093733191, 0.0591935329139, 0.0356624275446, 0.026083169505, 0.0355927050114, 0.0571580119431, 0.103005297482, 0.121751464903, 0.0608245581388, 0.0428475923836, 0.0444896295667, 0.0523927100003, 0.038117479533, 0.0323276668787, 0.0691165775061, 0.160471394658, 0.181973531842, 0.287920564413, 0.324848800898]
        dvar: [0.0353905148804, 0.0301804505289, 0.0206062104553, 0.0135659920052, 0.00245022168383, 0.00929879397154, 0.00681068981066, 0.00184007780626, 0.00314502604306, 0.003769449424, 0.00653282459825, 0.0282756313682, 0.0457201525569, 0.0158864390105, 0.0266304891557, 0.0497667938471, 0.0290628280491, 0.0167721137404, 0.0096626104787, 0.00192839791998, 0.000634455005638, 0.00156362564303, 0.00317367911339, 0.0099929291755, 0.0152611499652, 0.00346221053042, 0.00236632721499, 0.00252945511602, 0.00354220834561, 0.00162340165116, 0.00176357827149, 0.00591710302979, 0.0226874984801, 0.0268126893789, 0.0495802313089, 0.0669362396002]
        dvar2: [0.0887397527695, 0.0946520939469, 0.0615315102041, 0.0406135171652, 0.00701868301257, 0.0278976280242, 0.0203347690403, 0.00488522462547, 0.00894255377352, 0.0112674580887, 0.0177626404911, 0.0768961384892, 0.11233650893, 0.045659661293, 0.0728278532624, 0.131559625268, 0.081413321197, 0.0404625311494, 0.0244179852307, 0.0058225011453, 0.00162504648324, 0.00403324374929, 0.00940120685846, 0.0216318927705, 0.0301468130201, 0.00783178955317, 0.00519139366224, 0.00713660754263, 0.00996806658804, 0.00432783830911, 0.00511001888663, 0.0144079700112, 0.0570197664201, 0.0578518547118, 0.146681472659, 0.194041401148]
        max: [1, 1, 1, 1, 0.424173921347, 1, 0.847638607025, 0.397482961416, 0.41107326746, 0.440979748964, 0.441172778606, 1, 1, 0.798160791397, 1, 1, 1, 1, 0.783485591412, 0.297151952982, 0.201978653669, 0.416831195354, 0.491016805172, 0.967867255211, 1, 0.588718056679, 0.465608328581, 0.418867319822, 0.517765641212, 0.327034473419, 0.349705398083, 0.609397828579, 1, 1, 1, 1]
        mean: [0.254595249891, 0.135934740305, 0.0398316606879, 0.0269681084901, 0.0307218078524, 0.0262399222702, 0.0161667615175, 0.0235304068774, 0.034751418978, 0.0315865427256, 0.0543411634862, 0.312760919333, 0.494004815817, 0.248791888356, 0.17741522193, 0.357044965029, 0.242392584682, 0.0557100363076, 0.0337427146733, 0.0207415800542, 0.0232602600008, 0.0358136035502, 0.0651316717267, 0.174983859062, 0.201792538166, 0.100549697876, 0.0478758104146, 0.0406764261425, 0.0600076802075, 0.0477940812707, 0.0188003834337, 0.0379212498665, 0.185157120228, 0.286195755005, 0.202993929386, 0.219739049673]
        min: [0.0015139853349, 0.000364635954611, 0, 0, 0.000123709105537, 0.000229910438065, 4.79207446915e-05, 0.000247127027251, 0.000218180735828, 4.36071204604e-05, 0, 0.000300728541333, 0.000255889201071, 0.000178462461918, 0.000299766194075, 0.000249077798799, 0.000322656414937, 0.000150876454427, 0.00015542418987, 4.59646216768e-05, 0.000234732084209, 0.000333476229571, 0.001428385498, 0.000212630780879, 0.000352258386556, 0.000146295045852, 0.000170789789991, 0.000893271237146, 0.000727897393517, 3.47041095665e-05, 6.7422464781e-05, 3.66033273167e-05, 7.32005864847e-05, 0.000112717025331, 0.000355209776899, 0.000104691287561]
        var: [0.0961290672421, 0.0358937159181, 0.011673938483, 0.00718965707347, 0.00199175695889, 0.00489016016945, 0.00359255331568, 0.00196612090804, 0.00355888390914, 0.00317982165143, 0.00701268622652, 0.0832040160894, 0.205843925476, 0.0488965697587, 0.0468600764871, 0.197893902659, 0.0886682868004, 0.0134447095916, 0.00684485724196, 0.00137709488627, 0.00114250089973, 0.00302570778877, 0.00752452155575, 0.0531845912337, 0.0773262456059, 0.018368486315, 0.00438486365601, 0.0022272777278, 0.00459158141166, 0.00293207191862, 0.00123549194541, 0.00584008404985, 0.0560635849833, 0.104991078377, 0.058556728065, 0.0809031277895]
    chords_histogram: [0, 0, 11.0599079132, 0, 0, 0, 0, 0, 0, 46.5437774658, 0, 0, 0, 0, 0, 0, 42.3963127136, 0, 0, 0, 0, 0, 0, 0]
    thpcp: [1, 0.503622412682, 0.359136611223, 0.722756028175, 0.490668475628, 0.112772256136, 0.0683044269681, 0.0419865958393, 0.0470850877464, 0.0724964663386, 0.131844207644, 0.35421487689, 0.408482939005, 0.203539907932, 0.0969136506319, 0.082340143621, 0.121471852064, 0.0967482104897, 0.0380570851266, 0.0767629146576, 0.374808341265, 0.579338014126, 0.410914868116, 0.444811552763, 0.515369951725, 0.275168865919, 0.0806301087141, 0.054590780288, 0.0621892884374, 0.0531167350709, 0.0327259190381, 0.0476319380105, 0.0703463181853, 0.0639397501945, 0.110001280904, 0.633113086224]
    chords_key: "C#"
    chords_scale: "major"
    key_key: "F#"
    key_scale: "minor"
    chords_progression: ["C#m", "C#m", "C#m", "C#m", "C#m", "C#m", "C#m", "C#m", "C#m", "C#m", "C#m", "C#m", "C#m", "C#m", "C#m", "C#m", "C#m", "C#m", "C#m", "C#m", "C#m", "C#m", "C#m", "C#m", "C#", "C#", "C#", "C#", "C#", "C#", "C#", "C#", "C#", "C#", "C#", "C#", "C#", "C#", "C#", "C#", "C#", "C#", "C#", "C#", "C#", "C#", "C#", "C#", "C#", "C#", "C#", "C#", "C#", "C#", "C#", "C#", "C#", "C#", "C#", "C#", "C#", "C#", "C#", "C#", "C#", "C#", "C#", "C#", "C#", "C#", "C#", "C#", "C#", "C#", "C#", "C#", "C#", "C#", "C#", "C#", "C#", "C#", "C#", "C#", "C#", "C#", "C#", "C#", "C#", "C#", "C#", "C#", "C#", "C#", "C#", "C#", "C#", "C#", "C#", "C#", "C#", "C#", "C#", "C#", "C#", "C#", "C#", "C#", "C#", "C#", "C#", "C#", "C#", "C#", "C#", "C#", "C#", "C#", "C#", "C#", "C#", "C#", "C#", "C#", "C#", "Dm", "Dm", "Dm", "Dm", "Dm", "Dm", "Dm", "Dm", "Dm", "Dm", "Dm", "Dm", "Dm", "Dm", "Dm", "Dm", "Dm", "Dm", "Dm", "Dm", "Dm", "Dm", "Dm", "Dm", "Dm", "Dm", "Dm", "Dm", "Dm", "Dm", "Dm", "Dm", "Dm", "Dm", "Dm", "Dm", "Dm", "Dm", "Dm", "Dm", "Dm", "Dm", "Dm", "Dm", "Dm", "Dm", "Dm", "Dm", "Dm", "Dm", "Dm", "Dm", "Dm", "Dm", "Dm", "Dm", "Dm", "Dm", "Dm", "Dm", "Dm", "Dm", "Dm", "Dm", "Dm", "Dm", "Dm", "Dm", "Dm", "Dm", "Dm", "Dm", "Dm", "Dm", "Dm", "Dm", "Dm", "Dm", "Dm", "Dm", "Dm", "Dm", "Dm", "Dm", "Dm", "Dm", "Dm", "Dm", "Dm", "Dm", "Dm", "Dm"]
