
metadata:
    version:
        essentia: "1.2.2"
    audio_properties:
        analysis_sample_rate: 44100
        bitrate: 128
        channels: 2
        equal_loudness: 1
        length: 10.0048980713
        replay_gain: -11.1626987457
        downmix: "mix"
    tags:
        track: 40
        year: 0
        album: "Splitted by Mp3Splt v. 2.1"
        artist: "From 006.30 To 006.40"
        comment: "http://mp3splt.sf.net"
        genre: ""
        title: "02 Freddie Freeloader.mp3"

highlevel:
    ballroom:
        all:
            ChaChaCha: 0.0125203803182
            Jive: 0.0757894068956
            Quickstep: 0.682690620422
            Rumba-American: 0.0155183449388
            Rumba-International: 0.0116902543232
            Rumba-Misc: 0.00334288924932
            Samba: 0.0511787757277
            Tango: 0.136023417115
            VienneseWaltz: 0.00589858880267
            Waltz: 0.0053473408334
        probability: 0.682690620422
        value: "Quickstep"
    culture:
        all:
            non_western: 0.0408716462553
            western: 0.959128379822
        probability: 0.959128379822
        value: "western"
    gender:
        all:
            female: 0.844003975391
            male: 0.155996024609
        probability: 0.844003975391
        value: "female"
    genre_dortmund:
        all:
            alternative: 0.0137385232374
            blues: 0.121456041932
            electronic: 0.0039641126059
            folkcountry: 0.032238882035
            funksoulrnb: 0.0123500870541
            jazz: 0.785488188267
            pop: 0.0117913987488
            raphiphop: 0.00180870201439
            rock: 0.0171640850604
        probability: 0.785488188267
        value: "jazz"
    genre_electronica:
        all:
            ambient: 0.859965205193
            dnb: 0.0932528451085
            house: 0.00898916833103
            techno: 0.00550483120605
            trance: 0.0322879552841
        probability: 0.859965205193
        value: "ambient"
    genre_rosamerica:
        all:
            cla: 0.00135180924553
            dan: 0.00358636770397
            hip: 0.00195263070054
            jaz: 0.978533864021
            pop: 0.00597227364779
            rhy: 0.00549662671983
            roc: 0.00266958097927
            spe: 0.000436867208919
        probability: 0.978533864021
        value: "jaz"
    genre_tzanetakis:
        all:
            blu: 0.00478326855227
            cla: 0.0209312364459
            cou: 0.0402709282935
            dis: 0.0225171018392
            hip: 0.00337853631936
            jaz: 0.58698540926
            met: 0.00118514057249
            pop: 0.11582441628
            reg: 0.198923647404
            roc: 0.00520033854991
        probability: 0.58698540926
        value: "jaz"
    live_studio:
        all:
            live: 0.0782893151045
            studio: 0.921710669994
        probability: 0.921710669994
        value: "studio"
    mood:
        all:
            Cluster1: 0.0736998096108
            Cluster2: 0.367034494877
            Cluster3: 0.180680930614
            Cluster4: 0.339493274689
            Cluster5: 0.0390914790332
        probability: 0.367034494877
        value: "Cluster2"
    mood_acoustic:
        all:
            acoustic: 0.508442997932
            not_acoustic: 0.491557002068
        probability: 0.508442997932
        value: "acoustic"
    mood_aggressive:
        all:
            aggressive: 0.0161466542631
            not_aggressive: 0.983853340149
        probability: 0.983853340149
        value: "not_aggressive"
    mood_electronic:
        all:
            electronic: 0.323801457882
            not_electronic: 0.676198542118
        probability: 0.676198542118
        value: "not_electronic"
    mood_happy:
        all:
            happy: 0.271741688251
            not_happy: 0.728258311749
        probability: 0.728258311749
        value: "not_happy"
    mood_party:
        all:
            not_party: 0.705801606178
            party: 0.294198393822
        probability: 0.705801606178
        value: "not_party"
    mood_relaxed:
        all:
            not_relaxed: 0.113046817482
            relaxed: 0.886953175068
        probability: 0.886953175068
        value: "relaxed"
    mood_sad:
        all:
            not_sad: 0.437566280365
            sad: 0.562433719635
        probability: 0.562433719635
        value: "sad"
    rhythm:
        all:
            fast: 0.390179365873
            medium: 0.584720611572
            slow: 0.0250999890268
        probability: 0.584720611572
        value: "medium"
    speech_music:
        all:
            music: 0.991611480713
            speech: 0.00838851835579
        probability: 0.991611480713
        value: "music"
    timbre:
        all:
            bright: 0.990774393082
            dark: 0.0092256302014
        probability: 0.990774393082
        value: "bright"
    voice_instrumental:
        all:
            instrumental: 0.999982953072
            voice: 1.70196180989e-05
        probability: 0.999982953072
        value: "instrumental"

lowlevel:
    average_loudness: 0.885878443718
    barkbands_kurtosis:
        dmean: 1.11060237885
        dmean2: 1.60390162468
        dvar: 3.96580290794
        dvar2: 7.93826580048
        max: 27.5996685028
        mean: 0.672090351582
        min: -1.75280570984
        var: 10.8071632385
    barkbands_skewness:
        dmean: 0.41484773159
        dmean2: 0.604692876339
        dvar: 0.222226679325
        dvar2: 0.414382129908
        max: 5.10017728806
        mean: 0.266625672579
        min: -2.30859208107
        var: 1.42845201492
    barkbands_spread:
        dmean: 4.73432731628
        dmean2: 6.80618000031
        dvar: 33.823009491
        dvar2: 66.1071166992
        max: 61.2750663757
        mean: 24.333820343
        min: 2.76545953751
        var: 127.623222351
    dissonance:
        dmean: 0.0269798859954
        dmean2: 0.0454393438995
        dvar: 0.000697922660038
        dvar2: 0.00197223876603
        max: 0.496530294418
        mean: 0.444011539221
        min: 0.294583916664
        var: 0.00124964804854
    hfc:
        dmean: 1.97400259972
        dmean2: 2.76224255562
        dvar: 16.0789966583
        dvar2: 27.5884933472
        max: 34.0477104187
        mean: 4.86245298386
        min: 0.0012251312146
        var: 54.3413581848
    pitch:
        dmean: 266.341674805
        dmean2: 518.077453613
        dvar: 683471.9375
        dvar2: 1897617.25
        max: 4410
        mean: 571.690307617
        min: 80.6215744019
        var: 709611.5
    pitch_instantaneous_confidence:
        dmean: 0.096578553319
        dmean2: 0.148243546486
        dvar: 0.0157680027187
        dvar2: 0.0334888771176
        max: 0.984405219555
        mean: 0.670087516308
        min: 0.187493562698
        var: 0.0632896274328
    pitch_salience:
        dmean: 0.0588269717991
        dmean2: 0.0873302146792
        dvar: 0.0037423169706
        dvar2: 0.00733697321266
        max: 0.881671309471
        mean: 0.631812512875
        min: 0.200230926275
        var: 0.0200585778803
    silence_rate_20dB:
        dmean: 0
        dmean2: 0
        dvar: 0
        dvar2: 0
        max: 1
        mean: 1
        min: 1
        var: 0
    silence_rate_30dB:
        dmean: 0
        dmean2: 0
        dvar: 0
        dvar2: 0
        max: 1
        mean: 1
        min: 1
        var: 0
    silence_rate_60dB:
        dmean: 0.078886307776
        dmean2: 0.15581394732
        dvar: 0.0726634413004
        dvar2: 0.150140121579
        max: 1
        mean: 0.72685188055
        min: 0
        var: 0.198538094759
    spectral_centroid:
        dmean: 217.253173828
        dmean2: 320.742980957
        dvar: 67791.359375
        dvar2: 118315.21875
        max: 2627.0324707
        mean: 1520.0592041
        min: 224.767593384
        var: 383333.96875
    spectral_complexity:
        dmean: 1.51162791252
        dmean2: 2.33100223541
        dvar: 4.45451784134
        dvar2: 7.73659658432
        max: 17
        mean: 4.86774921417
        min: 0
        var: 19.372297287
    spectral_crest:
        dmean: 1.68695807457
        dmean2: 2.62060856819
        dvar: 2.88130044937
        dvar2: 6.2931804657
        max: 18.2407474518
        mean: 8.47690200806
        min: 3.57761478424
        var: 12.0895547867
    spectral_decrease:
        dmean: 1.85377033168e-10
        dmean2: 2.56388715814e-10
        dvar: 1.24330622741e-19
        dvar2: 2.01871696584e-19
        max: -2.57357150998e-13
        mean: -5.17750509132e-10
        min: -3.04898306602e-09
        var: 4.79216799824e-19
    spectral_energy:
        dmean: 0.000871408148669
        dmean2: 0.00121519935783
        dvar: 2.85530995825e-06
        dvar2: 4.67988002129e-06
        max: 0.0145818823949
        mean: 0.00239514769055
        min: 1.08244614694e-06
        var: 1.06845300252e-05
    spectral_energyband_high:
        dmean: 7.23312696209e-05
        dmean2: 9.65596482274e-05
        dvar: 4.70238035177e-08
        dvar2: 7.55563149824e-08
        max: 0.0026037748903
        mean: 0.000128749510623
        min: 2.9067855678e-08
        var: 1.06811512524e-07
    spectral_energyband_low:
        dmean: 2.13587682083e-05
        dmean2: 2.66334845946e-05
        dvar: 1.91926541326e-09
        dvar2: 2.2217077067e-09
        max: 0.000525285373442
        mean: 4.85706586915e-05
        min: 7.15572268106e-09
        var: 7.20847781466e-09
    spectral_energyband_middle_high:
        dmean: 0.000730019644834
        dmean2: 0.00102713145316
        dvar: 2.14882220462e-06
        dvar2: 3.71109763364e-06
        max: 0.0112722851336
        mean: 0.00183507474139
        min: 3.80162987312e-07
        var: 7.77307559474e-06
    spectral_energyband_middle_low:
        dmean: 0.00013176635548
        dmean2: 0.000173708816874
        dvar: 5.55473356201e-08
        dvar2: 7.39892698221e-08
        max: 0.00351921003312
        mean: 0.000382748054108
        min: 6.66061794163e-07
        var: 2.18159144083e-07
    spectral_flatness_db:
        dmean: 0.021456534043
        dmean2: 0.0298478230834
        dvar: 0.000599976629019
        dvar2: 0.00100494141225
        max: 0.347797840834
        mean: 0.175371721387
        min: 0.078598767519
        var: 0.00263076624833
    spectral_flux:
        dmean: 0.00980024971068
        dmean2: 0.0157776474953
        dvar: 0.000189207785297
        dvar2: 0.000442510150606
        max: 0.118089780211
        mean: 0.0222915094346
        min: 0.00104040675797
        var: 0.000512302678544
    spectral_kurtosis:
        dmean: 1.26955938339
        dmean2: 1.99254953861
        dvar: 2.33064222336
        dvar2: 5.28258037567
        max: 17.0780296326
        mean: 5.21460199356
        min: 0.360500574112
        var: 8.73384094238
    spectral_rms:
        dmean: 0.00025938928593
        dmean2: 0.000347685912857
        dvar: 1.70710706016e-07
        dvar2: 2.61977731952e-07
        max: 0.00377176702023
        mean: 0.00120099191554
        min: 3.24968459608e-05
        var: 8.94348431757e-07
    spectral_rolloff:
        dmean: 356.549560547
        dmean2: 590.782226562
        dvar: 245264.515625
        dvar2: 441729.125
        max: 4371.24023438
        mean: 2639.14233398
        min: 107.666015625
        var: 1089433
    spectral_skewness:
        dmean: 0.169857561588
        dmean2: 0.267125993967
        dvar: 0.0336443930864
        dvar2: 0.0769081190228
        max: 2.69348144531
        mean: 1.79968142509
        min: 0.950553297997
        var: 0.132297828794
    spectral_spread:
        dmean: 731377.8125
        dmean2: 1113048.25
        dvar: 944683220992
        dvar2: 1.70628651418e+12
        max: 12427986
        mean: 5878750.5
        min: 2608783.5
        var: 5.98227707494e+12
    spectral_strongpeak:
        dmean: 0.527928173542
        dmean2: 0.809471845627
        dvar: 0.845436275005
        dvar2: 1.58020555973
        max: 8.08060932159
        mean: 0.987038433552
        min: 0.0023562530987
        var: 2.37674355507
    zerocrossingrate:
        dmean: 0.00798055995256
        dmean2: 0.00903491023928
        dvar: 5.13237828272e-05
        dvar2: 6.15827157162e-05
        max: 0.12548828125
        mean: 0.0797189921141
        min: 0.01953125
        var: 0.000449150596978
    barkbands:
        dmean: [2.38807160713e-08, 9.24481901166e-06, 1.31702190629e-05, 3.03095384879e-06, 1.19607138913e-05, 2.20080510189e-05, 3.00198462355e-05, 3.88085682062e-05, 6.74541661283e-05, 0.000103874852357, 4.36685877503e-05, 4.68988146167e-05, 4.94417581649e-05, 6.78753349348e-05, 4.78098845633e-05, 0.000141048149089, 0.000252807512879, 0.000142772711115, 0.000115914197522, 8.70554358698e-05, 2.59162115981e-05, 3.54622989107e-06, 5.98268400154e-07, 2.28716629636e-07, 3.38685140377e-07, 1.46213237073e-08, 2.05856817703e-10]
        dmean2: [2.82258945106e-08, 1.2222200894e-05, 1.62976630236e-05, 5.10639665663e-06, 1.89952734218e-05, 3.12451629725e-05, 4.28957901022e-05, 4.73333784612e-05, 8.63882742124e-05, 0.000124031008454, 5.24795177625e-05, 6.7105574999e-05, 6.85801933287e-05, 9.53113849391e-05, 7.37296286388e-05, 0.000198078443645, 0.000365838524885, 0.000211276943446, 0.00016747484915, 0.000117217969091, 3.7342106225e-05, 5.35565959581e-06, 8.2941500068e-07, 3.53498393224e-07, 5.44266697489e-07, 2.24266134552e-08, 3.32580935014e-10]
        dvar: [1.29833887781e-13, 2.73567835052e-10, 9.84659798142e-10, 4.08338536595e-11, 1.07101472135e-09, 1.35820643621e-09, 3.61622909395e-09, 2.86508434755e-08, 3.22338280512e-08, 1.26516994214e-07, 1.47167780185e-08, 1.70386940113e-08, 1.92183868819e-08, 5.3309094028e-08, 1.71970828688e-08, 1.85058411262e-07, 4.16079899423e-07, 1.3237091423e-07, 5.12388851348e-08, 4.15083043492e-08, 3.49101103581e-09, 1.14472667456e-10, 2.67414953029e-12, 2.0440035298e-13, 4.6224520522e-13, 8.91675924618e-16, 5.05602723991e-19]
        dvar2: [1.30087021884e-13, 4.31406244061e-10, 1.11612608045e-09, 1.1127369165e-10, 2.70689359816e-09, 2.66960542561e-09, 7.02092117777e-09, 2.91103070538e-08, 4.87041340591e-08, 1.403753771e-07, 2.07022718968e-08, 3.93502013196e-08, 3.40959225298e-08, 1.10082389426e-07, 3.98058794815e-08, 2.97498985447e-07, 8.40504014832e-07, 2.5327059916e-07, 9.03615600123e-08, 7.0803579888e-08, 7.24245996508e-09, 2.3566670837e-10, 4.0964501756e-12, 4.3177755208e-13, 1.17422011784e-12, 2.03016539161e-15, 6.18825448478e-19]
        max: [7.48843831389e-06, 0.000180830233148, 0.000387211039197, 7.68544705352e-05, 0.000458105525468, 0.000427362130722, 0.000637560966425, 0.00329150957987, 0.00332128000446, 0.00655335886404, 0.00143091299105, 0.00203039404005, 0.00206775520928, 0.0035697191488, 0.00150428153574, 0.00529774650931, 0.0065111941658, 0.00440602796152, 0.00295875989832, 0.00221672886983, 0.000607111898717, 0.000127349980175, 2.97576771118e-05, 5.21838501299e-06, 5.51339917365e-06, 3.91533774291e-07, 1.38401032856e-08]
        mean: [2.78046030644e-08, 2.31692229136e-05, 2.53817379416e-05, 4.78086894873e-06, 2.0502240659e-05, 5.40855762665e-05, 5.90044874116e-05, 7.19567105989e-05, 0.000150430641952, 0.000204104449949, 7.85298834671e-05, 7.71503619035e-05, 9.0186826128e-05, 0.000110166140075, 7.24192213966e-05, 0.000259049673332, 0.000453365326393, 0.000230432298849, 0.000210830825381, 0.000149317929754, 4.2548381316e-05, 5.44885779163e-06, 1.1510207969e-06, 5.03434364418e-07, 5.74671048525e-07, 3.20363753303e-08, 2.5900395717e-10]
        min: [1.45760226805e-11, 2.39330377738e-09, 4.68204586213e-09, 1.84690591709e-08, 3.79202660383e-08, 6.21073539264e-08, 3.29690230672e-08, 2.79327991848e-08, 9.80001004791e-08, 1.22712435768e-08, 3.28621823087e-08, 2.59327421759e-08, 1.77611312324e-08, 2.68595758968e-08, 9.49120249061e-09, 5.46939880053e-08, 6.67194512971e-08, 4.78185278041e-08, 6.43912834164e-09, 9.82546755068e-09, 1.60366280255e-08, 3.26397042727e-09, 2.09128714346e-09, 1.46150580527e-09, 1.74088143901e-09, 9.01486732485e-11, 1.74481815714e-12]
        var: [1.29790194434e-13, 8.77227568363e-10, 3.7669232178e-09, 6.81250264534e-11, 2.05427741484e-09, 6.57963727946e-09, 1.27545192186e-08, 6.01733773919e-08, 1.30835005052e-07, 5.29964495399e-07, 4.04163316148e-08, 3.5563182621e-08, 4.57954776323e-08, 1.0558550656e-07, 3.28469589306e-08, 5.45189266177e-07, 1.09041650376e-06, 3.12273016334e-07, 1.50796353182e-07, 9.79576668669e-08, 7.1127450596e-09, 1.94328067527e-10, 5.38201297764e-12, 4.4916484811e-13, 6.1745264934e-13, 1.37545222794e-15, 5.39208228846e-19]
    mfcc:
        mean: [-816.881958008, 96.7298583984, -55.7470436096, 42.8450927734, -7.57644224167, -15.9748830795, 3.44024682045, -1.10391831398, 4.18091630936, 0.932291030884, 5.23377752304, 6.4071931839, 5.88839483261]
        cov: [[5462.85888672, -380.871185303, -2809.96777344, -248.544677734, -201.563064575, -244.130065918, -100.824569702, -138.971557617, 88.7145004272, -14.6006832123, -167.888137817, 158.5574646, 92.9745635986], [-380.871185303, 594.278259277, 269.276855469, -89.7375259399, -30.3344936371, -102.020141602, 1.48535609245, -18.7198486328, -145.599441528, -33.7096977234, -86.704788208, -139.305709839, -8.21778869629], [-2809.96777344, 269.276855469, 2031.64477539, 210.958084106, 138.368347168, 192.445114136, 92.8456954956, 85.6361160278, -0.931229889393, 53.9943618774, 111.232803345, -151.649353027, -61.5721702576], [-248.544677734, -89.7375259399, 210.958084106, 261.951477051, 128.46333313, 77.362701416, 90.9596710205, 34.1242446899, 35.1180496216, 38.7277259827, 34.487487793, 45.8103866577, 19.908657074], [-201.563064575, -30.3344936371, 138.368347168, 128.46333313, 172.772689819, 87.1090545654, 62.9327545166, 55.6744651794, 26.3780498505, 31.3940887451, 31.3492069244, 20.9934406281, 17.4958400726], [-244.130065918, -102.020141602, 192.445114136, 77.362701416, 87.1090545654, 171.714813232, 70.8232421875, 68.6318283081, 55.7022247314, 25.7382736206, 33.4291000366, 17.4510631561, 32.5447998047], [-100.824569702, 1.48535609245, 92.8456954956, 90.9596710205, 62.9327545166, 70.8232421875, 133.0652771, 67.8601760864, 13.059220314, 13.0709085464, -11.1682415009, 0.900469779968, 36.0693778992], [-138.971557617, -18.7198486328, 85.6361160278, 34.1242446899, 55.6744651794, 68.6318283081, 67.8601760864, 132.947250366, 55.9966430664, 23.2076416016, 30.0501708984, 22.6614570618, 23.8426990509], [88.7145004272, -145.599441528, -0.931229889393, 35.1180496216, 26.3780498505, 55.7022247314, 13.059220314, 55.9966430664, 137.997360229, 53.0250282288, 62.7939224243, 67.4963607788, 1.06271529198], [-14.6006832123, -33.7096977234, 53.9943618774, 38.7277259827, 31.3940887451, 25.7382736206, 13.0709085464, 23.2076416016, 53.0250282288, 80.3834457397, 51.9739341736, 29.6111755371, 3.7511510849], [-167.888137817, -86.704788208, 111.232803345, 34.487487793, 31.3492069244, 33.4291000366, -11.1682415009, 30.0501708984, 62.7939224243, 51.9739341736, 114.882087708, 70.4729766846, -23.6326656342], [158.5574646, -139.305709839, -151.649353027, 45.8103866577, 20.9934406281, 17.4510631561, 0.900469779968, 22.6614570618, 67.4963607788, 29.6111755371, 70.4729766846, 129.645935059, 13.3622674942], [92.9745635986, -8.21778869629, -61.5721702576, 19.908657074, 17.4958400726, 32.5447998047, 36.0693778992, 23.8426990509, 1.06271529198, 3.7511510849, -23.6326656342, 13.3622674942, 83.2389678955]]
        icov: [[0.000758251000661, -0.000138546791277, 0.00116277020425, -0.000310382718453, 0.000237159765675, -5.05271709699e-05, -0.000226072792429, 0.000557844585273, -0.0010754201794, -0.000277186481981, -0.000205529693631, 0.00102306576446, -0.000214553394471], [-0.000138546791277, 0.00355072063394, -0.000927934364881, 0.00161198840942, -0.00106761662755, 0.00261314236559, -0.000756906636525, -0.00127153028734, 0.00287757930346, -0.00165576476138, 0.00151766149793, 0.000461996824015, -0.000277135754004], [0.00116277020425, -0.000927934364881, 0.00288344430737, -0.00174918666016, 0.000936811615247, -0.0012826359598, -0.000168192666024, 0.000825076480396, -0.00199054763652, 0.000295584351989, -0.00293513457291, 0.00403108494356, -0.000166331301443], [-0.000310382718453, 0.00161198840942, -0.00174918666016, 0.00966076273471, -0.00552992802113, 0.00186727882829, -0.0050785979256, 0.00254749134183, 0.00097719184123, -0.00182078150101, 0.00256926449947, -0.0046392804943, 0.000348339119228], [0.000237159765675, -0.00106761662755, 0.000936811615247, -0.00552992802113, 0.0121168699116, -0.00450680172071, 0.00101537490264, -0.00258428906091, 0.0012560923351, -0.00131437426899, -0.00162467604969, 0.00117410602979, 0.000554232450668], [-5.05271709699e-05, 0.00261314236559, -0.0012826359598, 0.00186727882829, -0.00450680172071, 0.013798517175, -0.00413524406031, -0.000831464596558, -0.00240528210998, 0.00164796691388, -0.00213252729736, 0.00225584232248, -0.00450970837846], [-0.000226072792429, -0.000756906636525, -0.000168192666024, -0.0050785979256, 0.00101537490264, -0.00413524406031, 0.0171760153025, -0.00752811646089, 0.00238229706883, -0.00220117764547, 0.00547098228708, -0.000975485017989, -0.000836349616293], [0.000557844585273, -0.00127153028734, 0.000825076480396, 0.00254749134183, -0.00258428906091, -0.000831464596558, -0.00752811646089, 0.0158095806837, -0.00696787890047, 0.00288746110164, -0.00471481960267, 0.00165434845258, -0.00279100495391], [-0.0010754201794, 0.00287757930346, -0.00199054763652, 0.00097719184123, 0.0012560923351, -0.00240528210998, 0.00238229706883, -0.00696787890047, 0.019391566515, -0.00847054738551, 0.00293644401245, -0.00706474902108, 0.00352105405182], [-0.000277186481981, -0.00165576476138, 0.000295584351989, -0.00182078150101, -0.00131437426899, 0.00164796691388, -0.00220117764547, 0.00288746110164, -0.00847054738551, 0.0242747869343, -0.0134212747216, 0.00574344443157, -0.00515930633992], [-0.000205529693631, 0.00151766149793, -0.00293513457291, 0.00256926449947, -0.00162467604969, -0.00213252729736, 0.00547098228708, -0.00471481960267, 0.00293644401245, -0.0134212747216, 0.0321808233857, -0.0181473679841, 0.0103659117594], [0.00102306576446, 0.000461996824015, 0.00403108494356, -0.0046392804943, 0.00117410602979, 0.00225584232248, -0.000975485017989, 0.00165434845258, -0.00706474902108, 0.00574344443157, -0.0181473679841, 0.0255518592894, -0.0076083727181], [-0.000214553394471, -0.000277135754004, -0.000166331301443, 0.000348339119228, 0.000554232450668, -0.00450970837846, -0.000836349616293, -0.00279100495391, 0.00352105405182, -0.00515930633992, 0.0103659117594, -0.0076083727181, 0.0191800482571]]
    spectral_contrast:
        mean: [2.18102343297e-07, 1.29814694105e-07, 3.27911976683e-07, 9.4800427064e-08, 3.07474749661e-07, 3.80377201736e-07, -3.93853952119e-06, -4.23974341857e-07, -3.30909506374e-06, 2.31932608585e-06, 9.36249307415e-07, -2.8908943932e-06]
        var: [0.000656632648315, 0.000791737635154, 0.0025091720745, 0.00399891799316, 0.00426771864295, 0.0198564771563, 0.0404202118516, 0.0873286873102, 0.0994831696153, 0.269557416439, 0.436611145735, 1.32053375244]

rhythm:
    beats_loudness:
        dmean: 0.00379432411864
        dmean2: 0.00590270245448
        dvar: 9.88488955045e-06
        dvar2: 2.9068249205e-05
        max: 0.0129733961076
        mean: 0.00337254302576
        min: 5.51374650968e-05
        var: 1.34328174681e-05
    beats_loudness_bass:
        dmean: 0.120876021683
        dmean2: 0.224674671888
        dvar: 0.0393352508545
        dvar2: 0.0730580016971
        max: 0.72397172451
        mean: 0.0989938825369
        min: 0.000366994383512
        var: 0.0412688553333
    bpm: 107.006225586
    bpm_confidence: 0
    first_peak_bpm: 112
    first_peak_spread: 0
    first_peak_weight: 0.555555582047
    onset_rate: 3.39833545685
    second_peak_bpm: 107
    second_peak_spread: 0
    second_peak_weight: 0.388888895512
    beats_position: [0.0972341969609, 0.631226062775, 1.16521799564, 1.6992098093, 2.23320174217, 2.76719379425, 3.30118584633, 3.83517789841, 4.36916971207, 4.90316152573, 5.43715381622, 5.94760036469, 6.50836849213, 7.06913614273, 7.6299033165, 8.1906709671, 8.75143814087, 9.31220626831, 9.87297344208]
    bpm_estimates: [107.694381714, 106.150100708, 106.581199646, 105.918312073, 108.68712616]
    bpm_intervals: [0.533991873264, 0.533991932869, 0.53399181366, 0.533991932869, 0.533992052078, 0.533992052078, 0.533992052078, 0.53399181366, 0.53399181366, 0.533992290497, 0.510446548462, 0.560768127441, 0.560767650604, 0.560767173767, 0.560767650604, 0.560767173767, 0.560768127441, 0.560767173767]
    onset_times: [0.0464399084449, 0.243809521198, 0.615328788757, 1.17260766029, 1.63700675964, 1.99691605568, 2.50775504112, 2.54258513451, 3.05342411995, 3.50621318817, 3.90095233917, 3.98222231865, 4.22603178024, 4.46984148026, 4.55111122131, 4.80653047562, 5.08517026901, 5.86303853989, 6.00235843658, 6.18811798096, 6.37387752533, 7.20979595184, 7.59292507172, 7.8831744194, 8.11537456512, 8.18503379822, 8.34757328033, 8.55655288696, 8.78875255585, 8.92807292938, 9.07900238037, 9.27637195587, 9.54340171814, 9.89170074463]
    rubato_start: []
    rubato_stop: []
    perceptual_tempo: "unknown"

sfx:
    inharmonicity:
        dmean: 0.0445140898228
        dmean2: 0.0804050341249
        dvar: 0.00371741806157
        dvar2: 0.0107817361131
        max: 0.38037699461
        mean: 0.0446633510292
        min: 0
        var: 0.00372376083396
    oddtoevenharmonicenergyratio:
        dmean: 2.82546949387
        dmean2: 5.26106500626
        dvar: 147.43006897
        dvar2: 441.596801758
        max: 166.672363281
        mean: 2.13055753708
        min: 0
        var: 78.2581863403
    pitch_after_max_to_before_max_energy_ratio: 2.79226875305
    pitch_centroid: 223.125808716
    pitch_max_to_total: 0.354988396168
    pitch_min_to_total: 0.366589337587
    tristimulus:
        dmean: [0.149610102177, 0.198366776109, 0.0949677750468]
        dmean2: [0.260207086802, 0.345687866211, 0.168052658439]
        dvar: [0.0254568401724, 0.043303668499, 0.0116125801578]
        dvar2: [0.0656028613448, 0.11550296098, 0.0291190575808]
        max: [1, 0.993617892265, 0.561915099621]
        mean: [0.314787328243, 0.540770053864, 0.101582191885]
        min: [0.000788858975284, 0, 0]
        var: [0.0445403307676, 0.0607052706182, 0.0135685903952]

tonal:
    chords_changes_rate: 0.092165902257
    chords_number_rate: 0.0368663594127
    chords_strength:
        dmean: 0.0125715211034
        dmean2: 0.013520559296
        dvar: 9.4858733064e-05
        dvar2: 0.000141333628562
        max: 0.621244728565
        mean: 0.462274432182
        min: 0.306150913239
        var: 0.00399639178067
    key_strength: 0.680213868618
    tuning_diatonic_strength: 0.559756159782
    tuning_equal_tempered_deviation: 0.112580701709
    tuning_frequency: 444.598632812
    tuning_nontempered_energy_ratio: 0.801011383533
    hpcp:
        dmean: [0.0767370387912, 0.0714901983738, 0.0726248249412, 0.0801197960973, 0.0602494478226, 0.0636458471417, 0.0562501735985, 0.0767723917961, 0.143544286489, 0.157374486327, 0.103652440012, 0.0859764292836, 0.091361515224, 0.0838535800576, 0.111844412982, 0.130903616548, 0.12823317945, 0.123347170651, 0.126099228859, 0.0923461392522, 0.0907775014639, 0.0980648845434, 0.0926074907184, 0.129677161574, 0.13810685277, 0.0897813439369, 0.0514086224139, 0.0589425973594, 0.084944717586, 0.13724590838, 0.169464036822, 0.170721650124, 0.104388840497, 0.114155322313, 0.0823117569089, 0.07845261693]
        dmean2: [0.128057271242, 0.12109528482, 0.123020075262, 0.132611170411, 0.100229084492, 0.102821409702, 0.0941052809358, 0.122615247965, 0.227354824543, 0.258938163519, 0.169978186488, 0.143279418349, 0.152246594429, 0.143325909972, 0.188436433673, 0.216973245144, 0.222939938307, 0.210985660553, 0.211237341166, 0.157987430692, 0.154848396778, 0.162405595183, 0.149434730411, 0.198870420456, 0.216020271182, 0.138960987329, 0.0852933377028, 0.105396963656, 0.147344782948, 0.236507102847, 0.288612782955, 0.296948343515, 0.168638005853, 0.18657964468, 0.134771034122, 0.129232898355]
        dvar: [0.0284194033593, 0.020386647433, 0.0213867165148, 0.0272695180029, 0.0162354186177, 0.0124966036528, 0.00613507069647, 0.0176176484674, 0.0403271391988, 0.0577866621315, 0.0264586191624, 0.0258018486202, 0.0425850786269, 0.0239561572671, 0.0290953349322, 0.0453476011753, 0.0401675440371, 0.0343639887869, 0.0505662821233, 0.0238894708455, 0.0308479294181, 0.0309805963188, 0.0212420746684, 0.0344276726246, 0.0400538183749, 0.0165096204728, 0.0107737518847, 0.0225910898298, 0.0248822364956, 0.0380282439291, 0.0573198236525, 0.0622448697686, 0.0238367002457, 0.0370629616082, 0.0271624661982, 0.0262097809464]
        dvar2: [0.0582226924598, 0.0484965927899, 0.044306460768, 0.0617025978863, 0.0381142906845, 0.0295020863414, 0.0140731846914, 0.042509701103, 0.0777578279376, 0.129834234715, 0.0645290538669, 0.0620648227632, 0.0865957289934, 0.0626182481647, 0.0660658925772, 0.0867654755712, 0.122975453734, 0.0940622314811, 0.117915220559, 0.0625519007444, 0.0750755518675, 0.0702127665281, 0.050072491169, 0.0650938823819, 0.0736016556621, 0.035559900105, 0.0269583649933, 0.0539747700095, 0.070036418736, 0.0972384884953, 0.131705328822, 0.147697538137, 0.0588202886283, 0.0791170522571, 0.0607445202768, 0.0588621050119]
        max: [1, 1, 1, 1, 1, 0.994870245457, 0.442936360836, 1, 1, 1, 1, 1, 1, 1, 1, 1, 1, 1, 1, 1, 1, 1, 1, 1, 1, 0.747739851475, 0.90250569582, 1, 1, 1, 1, 1, 1, 1, 1, 1]
        mean: [0.0897143557668, 0.0764691159129, 0.093883305788, 0.102101370692, 0.0845412388444, 0.0848133414984, 0.0720144584775, 0.0936756953597, 0.260323226452, 0.317530453205, 0.159964546561, 0.0986899808049, 0.115384340286, 0.0871087387204, 0.147042527795, 0.214642465115, 0.158068954945, 0.151700004935, 0.180614188313, 0.12356518954, 0.103619806468, 0.108327634633, 0.121715776622, 0.276377528906, 0.305155038834, 0.136309951544, 0.0568455010653, 0.0603565014899, 0.0877603814006, 0.184544354677, 0.252898454666, 0.205205962062, 0.187618866563, 0.170541286469, 0.105673149228, 0.0908786654472]
        min: [0.000166944766534, 0.000364842795534, 0.000568107992876, 0.00104246870615, 0.000544099195395, 0.000417482457124, 0.000498186796904, 0.000422160548624, 0.000262896763161, 0.000255188671872, 0.000697333365679, 0.000310069794068, 0.00017621050938, 0.000493594678119, 0.000276570412097, 0.000290475029033, 0.0003097683948, 0.000451370055089, 0.000399832439143, 0.000165613993886, 0.000237107975408, 0.00029690109659, 0.000525163428392, 0.000258329004282, 0.000327569781803, 0.000390300527215, 0.000205569609534, 0.000169354767422, 0.000304380082525, 0.000288931682007, 0.00041369246901, 0.000315150391543, 0.000463394331746, 0, 0.000108964290121, 9.87348612398e-05]
        var: [0.0357028134167, 0.0219651833177, 0.0344586446881, 0.0370838865638, 0.023694910109, 0.0159713029861, 0.00863043405116, 0.0192362219095, 0.0952845811844, 0.142068997025, 0.0508033074439, 0.0344050042331, 0.0604893192649, 0.0272052120417, 0.0420756228268, 0.0836957171559, 0.0457208827138, 0.0467490814626, 0.0872466191649, 0.0452759899199, 0.035736553371, 0.042675986886, 0.0330576598644, 0.111258618534, 0.119249388576, 0.0299238152802, 0.0113998875022, 0.0252225361764, 0.0225273054093, 0.0519858896732, 0.0908420681953, 0.0747191607952, 0.0733330920339, 0.0713094696403, 0.0369252637029, 0.0346509367228]
    chords_histogram: [36.8663597107, 0, 9.21658992767, 0, 0, 2.7649769783, 9.67741966248, 3.22580647469, 0, 0, 14.7465438843, 17.9723510742, 0.460829496384, 0, 0, 0, 0, 5.0691242218, 0, 0, 0, 0, 0, 0]
    thpcp: [1, 0.50377702713, 0.310804784298, 0.363380402327, 0.274331927299, 0.463081657887, 0.675974428654, 0.497807234526, 0.477749466896, 0.56880903244, 0.389144361019, 0.326330304146, 0.341156691313, 0.383320003748, 0.870396912098, 0.961026072502, 0.429281502962, 0.179023772478, 0.190080985427, 0.276384145021, 0.581186294556, 0.796454191208, 0.646256029606, 0.590868890285, 0.537086367607, 0.332796901464, 0.286204576492, 0.282537788153, 0.240824505687, 0.295667082071, 0.3215482831, 0.266246080399, 0.267103016376, 0.226795434952, 0.29501324892, 0.819837033749]
    chords_key: "F"
    chords_scale: "minor"
    key_key: "F"
    key_scale: "minor"
    chords_progression: ["Fm", "F", "F", "F", "F", "F", "F", "F", "Fm", "Fm", "Fm", "Fm", "Fm", "Fm", "Fm", "Fm", "Fm", "Fm", "Fm", "Fm", "G", "G", "G", "G", "G", "G", "G", "G", "G", "G", "G", "G", "G", "G", "G", "G", "G", "G", "G", "G", "G", "G", "G", "G", "G", "G", "G", "G", "G", "Em", "Em", "Em", "Em", "Em", "Em", "Em", "Em", "Em", "Em", "Em", "Em", "Em", "Em", "Em", "Em", "Em", "G", "G", "G", "G", "G", "G", "G", "A#", "A#", "A#", "A#", "A#", "A#", "Dm", "Dm", "Dm", "Dm", "Dm", "Dm", "Dm", "Dm", "Dm", "Dm", "Dm", "Dm", "Dm", "Dm", "Dm", "Dm", "Dm", "Dm", "Dm", "Dm", "Dm", "Em", "Em", "Em", "Em", "E", "E", "E", "E", "E", "E", "E", "E", "E", "E", "E", "Cm", "Cm", "Cm", "Cm", "Cm", "Cm", "Cm", "Cm", "Cm", "Cm", "Cm", "Cm", "Cm", "Em", "Em", "Em", "Em", "Em", "Em", "Em", "Em", "Em", "Em", "Em", "Fm", "Fm", "Fm", "Fm", "Fm", "Fm", "Fm", "Fm", "Fm", "Cm", "Cm", "Cm", "Cm", "Fm", "Fm", "Fm", "Fm", "Fm", "Fm", "Fm", "Fm", "Fm", "Fm", "Fm", "Fm", "Fm", "Fm", "Fm", "Fm", "Fm", "Fm", "Fm", "Fm", "Fm", "Fm", "Fm", "Fm", "Fm", "Fm", "Fm", "Fm", "Fm", "Fm", "Fm", "Fm", "Fm", "Fm", "Fm", "Fm", "Fm", "Fm", "Fm", "Fm", "Fm", "Fm", "Fm", "G", "G", "Bm", "Fm", "Fm", "Fm", "Fm", "Fm", "G", "Cm", "Cm", "Cm", "Fm", "Fm", "Fm", "Fm", "Fm", "Fm", "Fm", "Fm", "Fm", "Fm"]
