
metadata:
    version:
        essentia: "1.2.2"
    audio_properties:
        analysis_sample_rate: 44100
        bitrate: 128
        channels: 2
        equal_loudness: 1
        length: 10.0310201645
        replay_gain: -9.75296211243
        downmix: "mix"
    tags:
        track: 6
        year: 0
        album: "Splitted by Mp3Splt v. 2.1"
        artist: "From 000.50 To 001.00"
        comment: "http://mp3splt.sf.net"
        genre: ""
        title: "04 Drowning Man.mp3"

highlevel:
    ballroom:
        all:
            ChaChaCha: 0.531050622463
            Jive: 0.217293307185
            Quickstep: 0.00828922074288
            Rumba-American: 0.000605466368143
            Rumba-International: 0.000921274884604
            Rumba-Misc: 0.000687573337927
            Samba: 0.239063754678
            Tango: 0.000908710178919
            VienneseWaltz: 0.0006089831586
            Waltz: 0.000571079319343
        probability: 0.531050622463
        value: "ChaChaCha"
    culture:
        all:
            non_western: 0.234928429127
            western: 0.765071570873
        probability: 0.765071570873
        value: "western"
    gender:
        all:
            female: 0.310038238764
            male: 0.689961731434
        probability: 0.689961731434
        value: "male"
    genre_dortmund:
        all:
            alternative: 0.00678660813719
            blues: 0.0037566148676
            electronic: 0.390201807022
            folkcountry: 0.00171184644569
            funksoulrnb: 0.00417042663321
            jazz: 0.0201366357505
            pop: 0.00581516651437
            raphiphop: 0.480371594429
            rock: 0.0870492905378
        probability: 0.480371594429
        value: "raphiphop"
    genre_electronica:
        all:
            ambient: 0.0430844314396
            dnb: 0.504841029644
            house: 0.0332387126982
            techno: 0.399108409882
            trance: 0.0197274200618
        probability: 0.504841029644
        value: "dnb"
    genre_rosamerica:
        all:
            cla: 0.00386337540112
            dan: 0.0196232944727
            hip: 0.959567368031
            jaz: 0.000929919129703
            pop: 0.00274876668118
            rhy: 0.0022319573909
            roc: 0.00975111499429
            spe: 0.00128418963868
        probability: 0.959567368031
        value: "hip"
    genre_tzanetakis:
        all:
            blu: 0.00264137727208
            cla: 0.00528210354969
            cou: 0.00474665360525
            dis: 0.170665994287
            hip: 0.421923905611
            jaz: 0.00850048102438
            met: 0.154204457998
            pop: 0.138991817832
            reg: 0.0727377533913
            roc: 0.0203054472804
        probability: 0.421923905611
        value: "hip"
    live_studio:
        all:
            live: 0.00406857347116
            studio: 0.995931446552
        probability: 0.995931446552
        value: "studio"
    mood:
        all:
            Cluster1: 0.208138227463
            Cluster2: 0.129729554057
            Cluster3: 0.00441209925339
            Cluster4: 0.0375194512308
            Cluster5: 0.620200693607
        probability: 0.620200693607
        value: "Cluster5"
    mood_acoustic:
        all:
            acoustic: 0.00916247069836
            not_acoustic: 0.9908375144
        probability: 0.9908375144
        value: "not_acoustic"
    mood_aggressive:
        all:
            aggressive: 0.994946181774
            not_aggressive: 0.00505384244025
        probability: 0.994946181774
        value: "aggressive"
    mood_electronic:
        all:
            electronic: 0.981880068779
            not_electronic: 0.0181199237704
        probability: 0.981880068779
        value: "electronic"
    mood_happy:
        all:
            happy: 0.0163071677089
            not_happy: 0.983692824841
        probability: 0.983692824841
        value: "not_happy"
    mood_party:
        all:
            not_party: 0.0218210425228
            party: 0.978178977966
        probability: 0.978178977966
        value: "party"
    mood_relaxed:
        all:
            not_relaxed: 0.856566131115
            relaxed: 0.143433853984
        probability: 0.856566131115
        value: "not_relaxed"
    mood_sad:
        all:
            not_sad: 0.998304605484
            sad: 0.00169539707713
        probability: 0.998304605484
        value: "not_sad"
    rhythm:
        all:
            fast: 0.799764811993
            medium: 0.189590811729
            slow: 0.0106443902478
        probability: 0.799764811993
        value: "fast"
    speech_music:
        all:
            music: 0.461388468742
            speech: 0.538611531258
        probability: 0.538611531258
        value: "speech"
    timbre:
        all:
            bright: 0.725587189198
            dark: 0.274412810802
        probability: 0.725587189198
        value: "bright"
    voice_instrumental:
        all:
            instrumental: 0.127953976393
            voice: 0.87204605341
        probability: 0.87204605341
        value: "voice"

lowlevel:
    average_loudness: 0.979455649853
    barkbands_kurtosis:
        dmean: 1.34690463543
        dmean2: 2.23266172409
        dvar: 6.48668384552
        dvar2: 17.0320911407
        max: 19.2768535614
        mean: -0.275822520256
        min: -1.86954879761
        var: 6.62714767456
    barkbands_skewness:
        dmean: 0.611285924911
        dmean2: 0.974660217762
        dvar: 0.602694690228
        dvar2: 1.38779091835
        max: 4.39991283417
        mean: -0.223844364285
        min: -2.79858374596
        var: 1.05560624599
    barkbands_spread:
        dmean: 8.68360805511
        dmean2: 13.3198347092
        dvar: 65.4708480835
        dvar2: 161.224227905
        max: 66.3275909424
        mean: 37.6145095825
        min: 8.37457561493
        var: 205.316848755
    dissonance:
        dmean: 0.0133932251483
        dmean2: 0.024221515283
        dvar: 0.00045747650438
        dvar2: 0.00132082845084
        max: 0.49998819828
        mean: 0.481950342655
        min: 0.289855092764
        var: 0.000337905454217
    hfc:
        dmean: 5.56532478333
        dmean2: 9.77682304382
        dvar: 208.726791382
        dvar2: 588.847412109
        max: 91.806427002
        mean: 5.23980903625
        min: 0.00094263383653
        var: 138.128387451
    pitch:
        dmean: 997.462768555
        dmean2: 1881.83569336
        dvar: 1687956.375
        dvar2: 4051373.25
        max: 4900
        mean: 2697.7956543
        min: 94.8387069702
        var: 2231001.5
    pitch_instantaneous_confidence:
        dmean: 0.0854606926441
        dmean2: 0.135694354773
        dvar: 0.00442593637854
        dvar2: 0.0126533070579
        max: 0.750363588333
        mean: 0.364678472281
        min: 0.13205832243
        var: 0.0110386246815
    pitch_salience:
        dmean: 0.0786721333861
        dmean2: 0.117228470743
        dvar: 0.00616018194705
        dvar2: 0.0105341020972
        max: 0.929083704948
        mean: 0.676745951176
        min: 0.13911113143
        var: 0.0163859855384
    silence_rate_20dB:
        dmean: 0
        dmean2: 0
        dvar: 0
        dvar2: 0
        max: 1
        mean: 1
        min: 1
        var: 0
    silence_rate_30dB:
        dmean: 0
        dmean2: 0
        dvar: 0
        dvar2: 0
        max: 1
        mean: 1
        min: 1
        var: 0
    silence_rate_60dB:
        dmean: 0.107476636767
        dmean2: 0.213114753366
        dvar: 0.0959251672029
        dvar2: 0.167696893215
        max: 1
        mean: 0.839160859585
        min: 0
        var: 0.134969219565
    spectral_centroid:
        dmean: 416.498565674
        dmean2: 660.91595459
        dvar: 222161.453125
        dvar2: 471962.1875
        max: 4441.52490234
        mean: 2104.11938477
        min: 218.703262329
        var: 530204.9375
    spectral_complexity:
        dmean: 4.93144226074
        dmean2: 7.68957328796
        dvar: 65.6194000244
        dvar2: 144.901184082
        max: 45
        mean: 5.88443374634
        min: 0
        var: 82.6682357788
    spectral_crest:
        dmean: 1.98955225945
        dmean2: 3.15444779396
        dvar: 4.08201646805
        dvar2: 8.68562221527
        max: 22.445268631
        mean: 6.77766895294
        min: 2.7881128788
        var: 10.9912042618
    spectral_decrease:
        dmean: 4.31660235334e-10
        dmean2: 7.14174608341e-10
        dvar: 9.68542470516e-19
        dvar2: 2.6367711718e-18
        max: -9.32656051998e-14
        mean: -4.63173999155e-10
        min: -7.2528472117e-09
        var: 7.5553508758e-19
    spectral_energy:
        dmean: 0.00212897011079
        dmean2: 0.0035525530111
        dvar: 2.48362812272e-05
        dvar2: 6.83125472278e-05
        max: 0.0355728566647
        mean: 0.00222339038737
        min: 4.65753828394e-07
        var: 1.86537308764e-05
    spectral_energyband_high:
        dmean: 0.00046277671936
        dmean2: 0.000808474957012
        dvar: 1.49474522004e-06
        dvar2: 4.18726222051e-06
        max: 0.0087826969102
        mean: 0.000419351476012
        min: 3.42280621624e-08
        var: 1.05234209968e-06
    spectral_energyband_low:
        dmean: 0.00013028398098
        dmean2: 0.000189990169019
        dvar: 4.53676030077e-08
        dvar2: 8.48472794246e-08
        max: 0.00145708722994
        mean: 0.000187340046978
        min: 9.43140676668e-09
        var: 1.00371373435e-07
    spectral_energyband_middle_high:
        dmean: 0.00106157606933
        dmean2: 0.0018868711777
        dvar: 7.41674102755e-06
        dvar2: 2.10512698686e-05
        max: 0.0189884956926
        mean: 0.00105331186205
        min: 2.46305347673e-07
        var: 4.71484509035e-06
    spectral_energyband_middle_low:
        dmean: 0.000635173986666
        dmean2: 0.00108070019633
        dvar: 2.10503958442e-06
        dvar2: 5.31222985956e-06
        max: 0.0101379249245
        mean: 0.000563387176953
        min: 6.74342643947e-08
        var: 1.66840595739e-06
    spectral_flatness_db:
        dmean: 0.0207550190389
        dmean2: 0.0300921164453
        dvar: 0.000390069821151
        dvar2: 0.000764543830883
        max: 0.278751581907
        mean: 0.144424587488
        min: 0.0816790536046
        var: 0.00146433187183
    spectral_flux:
        dmean: 0.0139122977853
        dmean2: 0.0204566605389
        dvar: 0.000637173012365
        dvar2: 0.00129553629085
        max: 0.18696449697
        mean: 0.0322701260448
        min: 0.000873806653544
        var: 0.000894127530046
    spectral_kurtosis:
        dmean: 1.10399889946
        dmean2: 1.83870255947
        dvar: 1.42683577538
        dvar2: 3.79871916771
        max: 11.0491571426
        mean: 2.28945493698
        min: 0.0821101665497
        var: 2.6043214798
    spectral_rms:
        dmean: 0.000519835855812
        dmean2: 0.000776638858952
        dvar: 7.20135801657e-07
        dvar2: 1.87939656371e-06
        max: 0.00589111400768
        mean: 0.00115112122148
        min: 2.13165185414e-05
        var: 8.44081910145e-07
    spectral_rolloff:
        dmean: 491.241882324
        dmean2: 804.841369629
        dvar: 480617.03125
        dvar2: 932983.9375
        max: 5900.09765625
        mean: 3753.43066406
        min: 107.666015625
        var: 991446.25
    spectral_skewness:
        dmean: 0.201046690345
        dmean2: 0.330253720284
        dvar: 0.0466967634857
        dvar2: 0.109628550708
        max: 2.55705094337
        mean: 1.00233829021
        min: -0.314859271049
        var: 0.0896545350552
    spectral_spread:
        dmean: 646295.875
        dmean2: 1009431.4375
        dvar: 464142499840
        dvar2: 1.07508059341e+12
        max: 8952353
        mean: 5000447.5
        min: 2462831.75
        var: 1.2824772608e+12
    spectral_strongpeak:
        dmean: 0.215272530913
        dmean2: 0.384127259254
        dvar: 0.134873047471
        dvar2: 0.370030671358
        max: 2.40343093872
        mean: 0.250586152077
        min: 0.000766004552133
        var: 0.140674099326
    zerocrossingrate:
        dmean: 0.012432125397
        dmean2: 0.0145500870422
        dvar: 0.000173194246599
        dvar2: 0.000212242230191
        max: 0.208984375
        mean: 0.115199826658
        min: 0.01953125
        var: 0.000940685975365
    barkbands:
        dmean: [1.78373284143e-07, 7.60382827139e-05, 0.000109201027954, 0.000134652858833, 0.000304112938466, 8.92103489605e-05, 0.000124296042486, 6.48890199955e-05, 4.22057164542e-05, 2.29108918575e-05, 1.84006439667e-05, 2.79446030618e-05, 2.90205534839e-05, 3.23953936459e-05, 2.46033032454e-05, 8.85050249053e-05, 0.000148079765495, 0.000328936119331, 0.000299659615848, 0.000281833257759, 0.000230982841458, 7.74552390794e-05, 2.30054338317e-05, 6.49986850476e-06, 2.72024544756e-06, 4.56959696749e-08, 2.31980754051e-10]
        dmean2: [1.85068415703e-07, 0.000120795608382, 0.000179313006811, 0.000220663161599, 0.000551580626052, 0.00015751477622, 0.000226144329645, 0.000120659075037, 7.36023866921e-05, 4.04260608775e-05, 3.10081559292e-05, 4.93648803968e-05, 4.92815124744e-05, 5.58646424906e-05, 4.01898832934e-05, 0.000164407625562, 0.000272437930107, 0.000606625049841, 0.00052152533317, 0.000501554866787, 0.000407995219575, 0.00013753377425, 4.02155710617e-05, 1.13587311716e-05, 4.94941969009e-06, 6.92223594001e-08, 3.2158370411e-10]
        dvar: [8.86561738736e-14, 1.87792696948e-08, 4.98699712637e-08, 8.50193941915e-08, 6.15409931015e-07, 6.59716548057e-08, 1.94371750695e-07, 3.48520750038e-08, 5.98019500586e-09, 1.91286808615e-09, 1.42962230942e-09, 3.50873841093e-09, 1.89491133895e-09, 3.8509160305e-09, 1.57782831245e-09, 5.25865750944e-08, 1.53292802452e-07, 8.74757517977e-07, 5.41831298051e-07, 5.41157874068e-07, 3.79973556619e-07, 4.35201847893e-08, 2.82030221399e-09, 2.76031669744e-10, 5.88718934713e-11, 1.31499832182e-14, 5.15455448043e-18]
        dvar2: [1.06379809746e-13, 4.64451801463e-08, 1.15835021575e-07, 2.12012253087e-07, 1.70551163592e-06, 1.82930747883e-07, 5.54253574592e-07, 1.00978603257e-07, 1.6549860149e-08, 5.33379163059e-09, 3.79595244127e-09, 9.64201873899e-09, 4.83869300183e-09, 1.07438218322e-08, 4.00770128195e-09, 1.49615132727e-07, 4.37509186213e-07, 2.51346773439e-06, 1.51444066887e-06, 1.5392424757e-06, 1.06938193767e-06, 1.22786701695e-07, 7.66010010977e-09, 7.49867612448e-10, 1.66277352998e-10, 2.39458450356e-14, 5.07755389157e-18]
        max: [2.19574531002e-06, 0.000833158905152, 0.00124458619393, 0.00193213031162, 0.00562908686697, 0.00211997376755, 0.00376613484696, 0.00173422228545, 0.000511385616846, 0.00032579532126, 0.000374779687263, 0.000510181998834, 0.000256329309195, 0.000595097721089, 0.000355933880201, 0.00176554359496, 0.00290683796629, 0.00633649108931, 0.00580780347809, 0.00528568029404, 0.00357258087024, 0.00179787224624, 0.000481849274365, 0.000133098030346, 4.92286781082e-05, 1.12123700546e-06, 4.83726232403e-08]
        mean: [2.72594064654e-07, 7.75078005972e-05, 0.000109561151476, 0.000104473663669, 0.00020610311185, 6.69818837196e-05, 8.66531991051e-05, 5.10102800035e-05, 4.25121725129e-05, 2.40482495428e-05, 2.13721559703e-05, 3.07981790684e-05, 4.57245296275e-05, 4.92863546242e-05, 3.15181059705e-05, 6.70905355946e-05, 0.000119301701488, 0.000255903345533, 0.000277935934719, 0.000252891128184, 0.000197560511879, 7.35922803869e-05, 2.29225970543e-05, 5.99289069214e-06, 2.32091088037e-06, 5.7181178903e-08, 2.31618252355e-10]
        min: [1.19253313821e-11, 1.75156988913e-09, 9.79700542914e-10, 4.29191837625e-09, 3.60675151967e-08, 6.8245560314e-09, 2.38971864519e-09, 1.05609698764e-09, 1.17691290047e-09, 2.96186353221e-10, 1.77176509575e-10, 2.77774164781e-10, 5.0973303356e-10, 1.7150011411e-09, 6.64496413449e-09, 2.88741226484e-08, 3.17904849112e-08, 1.75398096047e-08, 2.06943226999e-08, 2.3956694406e-08, 1.42200944353e-08, 4.55714621594e-09, 1.52692847255e-09, 8.1274520447e-10, 7.66790020368e-10, 5.33263606883e-11, 9.36334885494e-14]
        var: [2.63690084308e-13, 2.26333778386e-08, 5.96520592921e-08, 6.87275587552e-08, 3.81940282068e-07, 4.37416041166e-08, 1.15338124829e-07, 2.10499866427e-08, 5.32176880341e-09, 1.67423352959e-09, 1.48782308695e-09, 2.87352275308e-09, 3.83165366102e-09, 4.99252417185e-09, 1.82582737818e-09, 3.21455182473e-08, 9.18266493954e-08, 5.03503258642e-07, 3.6565273831e-07, 3.58471680784e-07, 2.54229178154e-07, 3.05365688291e-08, 2.33381802772e-09, 2.13050271869e-10, 3.97772197125e-11, 2.33125828754e-14, 5.54721339489e-18]
    mfcc:
        mean: [-790.88079834, 75.5294647217, -40.0590324402, 63.35912323, -14.1386461258, 4.06490135193, -1.57892537117, 1.36344695091, -8.17761516571, -0.224510207772, 1.67196059227, -2.7337372303, -6.02935886383]
        cov: [[13213.3925781, -771.703063965, -149.44128418, -1328.77307129, -843.799194336, -162.344039917, 33.0130081177, -153.317520142, -171.218734741, 5.26894664764, 59.6477165222, 42.315410614, -59.1571311951], [-771.703063965, 717.866149902, -121.835678101, 175.99180603, 88.4641113281, -15.5438213348, 111.088256836, 132.148239136, 33.2022819519, 60.005897522, 31.0724487305, 21.6212787628, 1.29215407372], [-149.44128418, -121.835678101, 628.216369629, 335.305267334, 220.580169678, 57.9748649597, -63.4341850281, 50.1529655457, 108.783447266, -40.7110481262, -19.5997772217, 50.669834137, 81.0232772827], [-1328.77307129, 175.99180603, 335.305267334, 628.917175293, 317.864349365, 50.6948738098, -2.16080760956, 107.920936584, 92.0992507935, -45.5574035645, -44.1527175903, 18.1575050354, 48.9602279663], [-843.799194336, 88.4641113281, 220.580169678, 317.864349365, 323.053894043, 90.2804260254, 15.0851974487, 70.468711853, 74.7399978638, 3.70563673973, -19.6643772125, 23.3502140045, 48.9863853455], [-162.344039917, -15.5438213348, 57.9748649597, 50.6948738098, 90.2804260254, 189.146179199, 117.099617004, 41.3383483887, 10.0900096893, 58.0491104126, 33.8129920959, 11.1777200699, 8.32208633423], [33.0130081177, 111.088256836, -63.4341850281, -2.16080760956, 15.0851974487, 117.099617004, 191.413726807, 80.2782974243, 16.2403278351, 66.8827133179, 34.4464530945, 16.2066001892, 0.529981315136], [-153.317520142, 132.148239136, 50.1529655457, 107.920936584, 70.468711853, 41.3383483887, 80.2782974243, 128.716064453, 71.6622314453, 37.6149978638, 24.7327518463, 29.1070251465, 16.6229991913], [-171.218734741, 33.2022819519, 108.783447266, 92.0992507935, 74.7399978638, 10.0900096893, 16.2403278351, 71.6622314453, 107.681663513, 20.6742706299, 6.24231052399, 34.3812904358, 35.0935516357], [5.26894664764, 60.005897522, -40.7110481262, -45.5574035645, 3.70563673973, 58.0491104126, 66.8827133179, 37.6149978638, 20.6742706299, 93.41822052, 55.8956680298, 22.0476951599, 6.48870038986], [59.6477165222, 31.0724487305, -19.5997772217, -44.1527175903, -19.6643772125, 33.8129920959, 34.4464530945, 24.7327518463, 6.24231052399, 55.8956680298, 82.6148605347, 34.0249710083, -3.44811844826], [42.315410614, 21.6212787628, 50.669834137, 18.1575050354, 23.3502140045, 11.1777200699, 16.2066001892, 29.1070251465, 34.3812904358, 22.0476951599, 34.0249710083, 62.413646698, 29.3971138], [-59.1571311951, 1.29215407372, 81.0232772827, 48.9602279663, 48.9863853455, 8.32208633423, 0.529981315136, 16.6229991913, 35.0935516357, 6.48870038986, -3.44811844826, 29.3971138, 66.2336959839]]
        icov: [[0.000114323775051, 6.87249339535e-05, -0.00017533171922, 0.000258882821072, 0.000126906263176, 0.000135426700581, -0.000147557104356, -0.000220694259042, 0.000221106136451, 8.62931119627e-06, 0.00014907309378, -0.000191856946913, 4.44941651949e-05], [6.87249339535e-05, 0.00252363597974, 0.000591800257098, -0.000726233469322, -0.00068258860847, 0.00231873453595, -0.00137965427712, -0.00193073623814, 0.00149834004696, -0.00154106109403, -0.000152920300025, -0.000295701029245, 1.45113617691e-05], [-0.00017533171922, 0.000591800257098, 0.00383916962892, -0.00171398848761, -0.000310614181217, -0.00204357365146, 0.00208436464891, -1.90965674847e-05, -0.00217483774759, 0.00156544672791, -0.000846334442031, -0.000792508129962, -0.00181632582098], [0.000258882821072, -0.000726233469322, -0.00171398848761, 0.00516570685431, -0.00286016869359, 0.000347142864484, -0.000214090265217, -0.00246916338801, 0.00077729660552, 0.00275061954744, 0.000380085781217, 0.000393377849832, 0.000380637822673], [0.000126906263176, -0.00068258860847, -0.000310614181217, -0.00286016869359, 0.00893913209438, -0.00500422809273, 0.00302492897026, -0.00061297317734, -0.00159890740179, -0.00143613398541, 0.00328764179721, -0.00144228595309, -0.00143292255234], [0.000135426700581, 0.00231873453595, -0.00204357365146, 0.000347142864484, -0.00500422809273, 0.0164355095476, -0.0106900054961, 0.00168809166644, 0.00368288205937, -0.00473197316751, -0.00340618216433, 0.00273174908943, 0.000739356095437], [-0.000147557104356, -0.00137965427712, 0.00208436464891, -0.000214090265217, 0.00302492897026, -0.0106900054961, 0.0167746860534, -0.00823348760605, 0.00144771370105, -0.00277958018705, 0.00448858272284, -0.0028293596115, -0.000463601725642], [-0.000220694259042, -0.00193073623814, -1.90965674847e-05, -0.00246916338801, -0.00061297317734, 0.00168809166644, -0.00823348760605, 0.0238947533071, -0.0128314988688, 0.000589300005231, -0.00471913209185, 0.000925070024095, 0.00208398210816], [0.000221106136451, 0.00149834004696, -0.00217483774759, 0.00077729660552, -0.00159890740179, 0.00368288205937, 0.00144771370105, -0.0128314988688, 0.0235163178295, -0.00655540730804, 0.0055274143815, -0.00596239278093, -0.00270093278959], [8.62931119627e-06, -0.00154106109403, 0.00156544672791, 0.00275061954744, -0.00143613398541, -0.00473197316751, -0.00277958018705, 0.000589300005231, -0.00655540730804, 0.0287709590048, -0.0161140430719, 0.00471381610259, -0.00465575791895], [0.00014907309378, -0.000152920300025, -0.000846334442031, 0.000380085781217, 0.00328764179721, -0.00340618216433, 0.00448858272284, -0.00471913209185, 0.0055274143815, -0.0161140430719, 0.0318577103317, -0.0176219623536, 0.00816518999636], [-0.000191856946913, -0.000295701029245, -0.000792508129962, 0.000393377849832, -0.00144228595309, 0.00273174908943, -0.0028293596115, 0.000925070024095, -0.00596239278093, 0.00471381610259, -0.0176219623536, 0.0341881103814, -0.0123670380563], [4.44941651949e-05, 1.45113617691e-05, -0.00181632582098, 0.000380637822673, -0.00143292255234, 0.000739356095437, -0.000463601725642, 0.00208398210816, -0.00270093278959, -0.00465575791895, 0.00816518999636, -0.0123670380563, 0.0253268554807]]
    spectral_contrast:
        mean: [2.79133196557e-08, 2.10224101238e-07, 9.01010679399e-08, -2.55560195228e-07, 1.24322774298e-08, 2.13879104649e-07, -7.87793453583e-07, -9.10728033432e-07, -1.3736831761e-06, -2.27341115533e-06, 1.96807789621e-07, -3.65725099982e-06]
        var: [0.000362367514754, 0.000640404236037, 0.000877186714206, 0.00196881219745, 0.00358285568655, 0.00591602642089, 0.0571417436004, 0.102807655931, 0.185510993004, 0.400493144989, 0.673706829548, 6.95719385147]

rhythm:
    beats_loudness:
        dmean: 0.00325605063699
        dmean2: 0.00654979562387
        dvar: 1.1273104974e-06
        dvar2: 3.28450278175e-06
        max: 0.00806191749871
        mean: 0.00535567291081
        min: 0.00306040327996
        var: 3.16881414619e-06
    beats_loudness_bass:
        dmean: 0.320882856846
        dmean2: 0.639139354229
        dvar: 0.00662704836577
        dvar2: 0.017262103036
        max: 0.57737582922
        mean: 0.308735877275
        min: 0.0940808430314
        var: 0.0302953030914
    bpm: 124.649833679
    bpm_confidence: 0
    first_peak_bpm: 125
    first_peak_spread: 0
    first_peak_weight: 0.947368443012
    onset_rate: 5.38330078125
    second_peak_bpm: 118
    second_peak_spread: 0
    second_peak_weight: 0.0526315793395
    beats_position: [0.294465005398, 0.776012659073, 1.25756037235, 1.73910796642, 2.2206556797, 2.70220327377, 3.18375110626, 3.66529870033, 4.1468462944, 4.62839365005, 5.10994148254, 5.5914888382, 6.10211229324, 6.58326244354, 7.06441307068, 7.54556322098, 8.02671337128, 8.50786399841, 8.98901462555, 9.47016525269]
    bpm_estimates: [124.671310425, 124.590698242, 124.706985474, 124.672935486, 124.671363831, 124.62701416, 124.582984924, 124.272583008, 124.595069885, 124.568710327, 124.622268677, 124.724876404, 124.632919312, 124.700675964, 125.113243103, 124.723922729, 124.717193604, 124.579269409, 124.610977173, 124.601226807, 124.601844788, 124.707885742]
    bpm_intervals: [0.481547653675, 0.48154771328, 0.48154759407, 0.48154771328, 0.48154759407, 0.481547832489, 0.48154759407, 0.48154759407, 0.481547355652, 0.481547832489, 0.481547355652, 0.510623455048, 0.481150150299, 0.481150627136, 0.481150150299, 0.481150150299, 0.481150627136, 0.481150627136, 0.481150627136]
    onset_times: [0.0580498874187, 0.27863946557, 0.53405892849, 0.777868509293, 0.986848056316, 1.25387752056, 1.74149656296, 1.86920630932, 1.99691605568, 2.12462592125, 2.21750569344, 2.48453521729, 2.5890250206, 2.71673464775, 3.03020405769, 3.19274377823, 3.44816327095, 3.66875290871, 3.80807256699, 3.92417240143, 4.15637207031, 4.41179132462, 4.55111122131, 4.6439909935, 4.91102027893, 5.11999988556, 5.50312948227, 5.60761928558, 5.74693870544, 5.86303853989, 5.99074840546, 6.09523820877, 6.35065746307, 6.46675729752, 6.58285713196, 6.82666683197, 7.05886602402, 7.32589578629, 7.44199562073, 7.54648542404, 7.67419481277, 7.80190467834, 8.0224943161, 8.28952407837, 8.51011371613, 8.77714252472, 8.99773216248, 9.25315189362, 9.38086128235, 9.4853515625, 9.61306095123, 9.72916126251, 9.86848068237, 9.9613609314]
    rubato_start: []
    rubato_stop: []
    perceptual_tempo: "unknown"

sfx:
    inharmonicity:
        dmean: 0.0619103722274
        dmean2: 0.109181366861
        dvar: 0.00403664726764
        dvar2: 0.0116370944306
        max: 0.405560702085
        mean: 0.072404012084
        min: 0
        var: 0.00409091729671
    oddtoevenharmonicenergyratio:
        dmean: 6.19016027451
        dmean2: 11.9780387878
        dvar: 1060.92138672
        dvar2: 3129.52124023
        max: 326.047271729
        mean: 3.66356492043
        min: 0
        var: 556.26550293
    pitch_after_max_to_before_max_energy_ratio: 4.40654563904
    pitch_centroid: 234.94303894
    pitch_max_to_total: 0.301886796951
    pitch_min_to_total: 0.176886796951
    tristimulus:
        dmean: [0.181855395436, 0.315441817045, 0.215570777655]
        dmean2: [0.315289020538, 0.552509427071, 0.384804099798]
        dvar: [0.0313804857433, 0.057653028518, 0.0333497263491]
        dvar2: [0.0850968286395, 0.162867173553, 0.0908208787441]
        max: [1, 0.972130835056, 0.853978633881]
        mean: [0.24196921289, 0.446554154158, 0.191166117787]
        min: [0.0104906493798, 0, 0]
        var: [0.0363989248872, 0.086277090013, 0.040771510452]

tonal:
    chords_changes_rate: 0.0833333358169
    chords_number_rate: 0.037037037313
    chords_strength:
        dmean: 0.015139455907
        dmean2: 0.0202420745045
        dvar: 0.000165306119015
        dvar2: 0.000298829516396
        max: 0.582918167114
        mean: 0.466998785734
        min: 0.266537070274
        var: 0.00393191771582
    key_strength: 0.648696541786
    tuning_diatonic_strength: 0.602830410004
    tuning_equal_tempered_deviation: 0.268799155951
    tuning_frequency: 453.940612793
    tuning_nontempered_energy_ratio: 0.89345985651
    hpcp:
        dmean: [0.239533960819, 0.229517504573, 0.246183514595, 0.285594880581, 0.245959550142, 0.190150111914, 0.184474095702, 0.186544910073, 0.17389985919, 0.196419388056, 0.241683468223, 0.214400798082, 0.228472828865, 0.284907251596, 0.244156703353, 0.206136375666, 0.169486150146, 0.169383555651, 0.191388174891, 0.273202985525, 0.287537068129, 0.270964503288, 0.249060094357, 0.20297755301, 0.182128310204, 0.203671097755, 0.204277053475, 0.230355128646, 0.219436898828, 0.191591113806, 0.205441609025, 0.236153379083, 0.239074721932, 0.260175526142, 0.262174487114, 0.246935099363]
        dmean2: [0.412510752678, 0.40273630619, 0.435395240784, 0.50511097908, 0.432573407888, 0.331986069679, 0.320856899023, 0.303271919489, 0.298983484507, 0.335664451122, 0.424999713898, 0.35649946332, 0.394928127527, 0.494274526834, 0.422684758902, 0.35798278451, 0.297354519367, 0.299974024296, 0.335700511932, 0.467279732227, 0.505910277367, 0.475103795528, 0.443637341261, 0.344554841518, 0.30425915122, 0.325743943453, 0.352492034435, 0.39371624589, 0.356313943863, 0.308768868446, 0.344430238008, 0.405524820089, 0.390861302614, 0.412412375212, 0.433854848146, 0.420899540186]
        dvar: [0.0452266968787, 0.046307399869, 0.0470170229673, 0.0520242862403, 0.0353101082146, 0.03201366961, 0.0352643951774, 0.040007699281, 0.0402978137136, 0.0490024909377, 0.0530158393085, 0.036504689604, 0.0431312769651, 0.0597958005965, 0.0492068715394, 0.0401153601706, 0.0314793772995, 0.0352620072663, 0.0511632300913, 0.056331589818, 0.0580660887063, 0.0614421032369, 0.0514087937772, 0.0331292562187, 0.036016818136, 0.0359375700355, 0.0363756194711, 0.0504248589277, 0.0470643937588, 0.0313441194594, 0.0353478714824, 0.0446659177542, 0.0434147678316, 0.0437491200864, 0.0544641390443, 0.0448927208781]
        dvar2: [0.122501924634, 0.137727573514, 0.135404631495, 0.170708850026, 0.105852492154, 0.0852371826768, 0.0903185009956, 0.114747680724, 0.106192074716, 0.138891354203, 0.140754625201, 0.0980238094926, 0.111764639616, 0.167367503047, 0.125595256686, 0.1085376665, 0.0886358991265, 0.102726362646, 0.155350029469, 0.168440595269, 0.152138754725, 0.17344468832, 0.14481715858, 0.092180415988, 0.0901824310422, 0.0908643528819, 0.0938236042857, 0.130222782493, 0.11882994324, 0.0826268792152, 0.0969230681658, 0.107756145298, 0.104001447558, 0.105210773647, 0.112083479762, 0.0974833518267]
        max: [1, 1, 1, 1, 1, 1, 1, 1, 1, 1, 1, 1, 1, 1, 1, 1, 1, 1, 1, 1, 1, 1, 1, 1, 1, 1, 1, 1, 1, 1, 1, 1, 1, 1, 1, 1]
        mean: [0.355315893888, 0.321203023195, 0.335342675447, 0.360597789288, 0.337200403214, 0.287245154381, 0.259579509497, 0.245391264558, 0.219403132796, 0.222934991121, 0.25325486064, 0.252883702517, 0.291783541441, 0.352979123592, 0.324666708708, 0.26166421175, 0.225066766143, 0.206487208605, 0.238829493523, 0.355282276869, 0.409012049437, 0.365167826414, 0.321187198162, 0.283138036728, 0.290249705315, 0.315447568893, 0.301876425743, 0.311060190201, 0.317283600569, 0.279608875513, 0.285318940878, 0.3351085186, 0.366471350193, 0.395883947611, 0.398510217667, 0.378267914057]
        min: [0.00537194870412, 0.010486934334, 0.00995721761137, 0.00834219064564, 0.00671539036557, 0.00559891015291, 0.00817190017551, 0.00984757952392, 0.00744597893208, 0.00498334923759, 0.00586298806593, 0.00733957998455, 0.00500862672925, 0.0069346469827, 0.00874107517302, 0.0075264479965, 0.00591357704252, 0.00539602572098, 0.00493628112599, 0.00485190888867, 0.00668353354558, 0.00436480902135, 0.00422580493614, 0.00711090303957, 0.0100136594847, 0.0102694835514, 0.00823457911611, 0.0123619483784, 0.00955113675445, 0.00945350062102, 0.00166207842994, 0.00217714975588, 0.00606408016756, 0.00589805329219, 0.00269378861412, 0.00479077314958]
        var: [0.0615489557385, 0.0499181039631, 0.056343793869, 0.0688500925899, 0.0536766462028, 0.0409918576479, 0.0446308627725, 0.0537556819618, 0.0480147264898, 0.0492900833488, 0.0619531646371, 0.0485368520021, 0.0549899786711, 0.0823484882712, 0.0691178441048, 0.0478661581874, 0.0345807485282, 0.0361080393195, 0.0500748567283, 0.0805190578103, 0.0861111581326, 0.0779932588339, 0.072157561779, 0.0577869974077, 0.0586720779538, 0.0632240176201, 0.0511189289391, 0.0736130774021, 0.0793930962682, 0.049122851342, 0.0499778427184, 0.0618349611759, 0.0592143759131, 0.0746696665883, 0.0864971578121, 0.0748408138752]
    chords_histogram: [10.1851854324, 0, 5.09259271622, 0, 0, 0, 0, 0, 0, 0, 0, 0, 0, 0, 41.203704834, 0, 0, 5.09259271622, 0, 21.2962970734, 1.85185182095, 0, 13.8888893127, 1.38888883591]
    thpcp: [1, 0.892804563046, 0.785275638103, 0.692248642445, 0.709636092186, 0.77124273777, 0.738062441349, 0.760515928268, 0.775731682777, 0.683620154858, 0.697580754757, 0.819312095642, 0.895991563797, 0.967902898788, 0.974323928356, 0.92483317852, 0.868717432022, 0.785314321518, 0.819884598255, 0.881631195545, 0.824426591396, 0.702290177345, 0.634650051594, 0.5999609828, 0.53642219305, 0.545057296753, 0.6191868186, 0.618279337883, 0.713386178017, 0.863004207611, 0.793782770634, 0.639746963978, 0.550269305706, 0.504843831062, 0.583917975426, 0.868635237217]
    chords_key: "A"
    chords_scale: "major"
    key_key: "G#"
    key_scale: "major"
    chords_progression: ["D#m", "D#m", "D#m", "D#m", "D#m", "D#m", "D#m", "D#m", "D#m", "D#m", "D#m", "D#m", "D#m", "D#m", "D#m", "D#m", "D#m", "D#m", "D#m", "D#m", "D#m", "D#m", "D#m", "D#m", "D#m", "D#m", "D#m", "D#m", "D#m", "D#m", "D#m", "D#m", "D#m", "D#m", "D#m", "D#m", "D#m", "D#m", "D#m", "D#m", "D#m", "D#m", "D#m", "D#m", "D#m", "D#m", "F#", "F#", "F#", "F#", "C#", "C#", "C#", "C#", "C#", "C#", "C#", "C#", "C#", "C#", "C#", "C#", "C#", "C#", "C#", "C#", "C#", "C#", "C#", "C#", "C#", "C#", "C#", "C#", "C#", "C#", "C#", "C#", "Fm", "Fm", "Fm", "C#", "C#", "G#", "D#", "G#", "G#", "D#", "D#", "D#", "D#", "D#", "D#", "D#", "G#", "G#", "G#", "G#", "G#", "G#", "G#", "G#", "G#", "G#", "G#", "G#", "D#", "D#", "G#", "G#", "G#", "G#", "G#", "G#", "A", "A", "A", "A", "A", "A", "A", "A", "A", "A", "A", "A", "A", "A", "G#m", "G#m", "G#m", "G#m", "G#m", "G#m", "G#m", "G#m", "G#m", "A", "A", "A", "A", "A", "A", "A", "A", "A", "A", "A", "A", "A", "A", "A", "A", "A", "A", "A", "A", "A", "A", "A", "A", "A", "A", "A", "A", "A", "A", "A", "A", "A", "A", "A", "A", "A", "A", "A", "A", "A", "A", "A", "A", "A", "A", "A", "A", "A", "A", "A", "A", "A", "A", "A", "A", "A", "A", "A", "A", "A", "A", "A", "A", "A", "A", "A", "A", "A", "A", "A", "A", "A", "A", "G#m", "G#m", "G#", "D#", "A"]
