
metadata:
    version:
        essentia: "1.2.2"
    audio_properties:
        analysis_sample_rate: 44100
        bitrate: 128
        channels: 2
        equal_loudness: 1
        length: 10.0571432114
        replay_gain: -10.8498153687
        downmix: "mix"
    tags:
        track: 21
        year: 0
        album: "Splitted by Mp3Splt v. 2.1"
        artist: "From 003.20 To 003.30"
        comment: "http://mp3splt.sf.net"
        genre: ""
        title: "09 The Stars Are Projectors.mp"

highlevel:
    ballroom:
        all:
            ChaChaCha: 0.0120718413964
            Jive: 0.025269664824
            Quickstep: 0.00562189333141
            Rumba-American: 0.0222756490111
            Rumba-International: 0.55784112215
            Rumba-Misc: 0.144917011261
            Samba: 0.00935691595078
            Tango: 0.00501475669444
            VienneseWaltz: 0.157444804907
            Waltz: 0.0601863600314
        probability: 0.55784112215
        value: "Rumba-International"
    culture:
        all:
            non_western: 0.00559425074607
            western: 0.99440574646
        probability: 0.99440574646
        value: "western"
    gender:
        all:
            female: 0.605432152748
            male: 0.394567847252
        probability: 0.605432152748
        value: "female"
    genre_dortmund:
        all:
            alternative: 0.180721983314
            blues: 0.036402810365
            electronic: 0.185572341084
            folkcountry: 0.0964671224356
            funksoulrnb: 0.0127148535103
            jazz: 0.150746300817
            pop: 0.106578849256
            raphiphop: 0.00226684263907
            rock: 0.228528901935
        probability: 0.228528901935
        value: "rock"
    genre_electronica:
        all:
            ambient: 0.543380260468
            dnb: 0.171887159348
            house: 0.0727770254016
            techno: 0.0306861363351
            trance: 0.181269437075
        probability: 0.543380260468
        value: "ambient"
    genre_rosamerica:
        all:
            cla: 0.0703570768237
            dan: 0.0142323588952
            hip: 0.00303928134963
            jaz: 0.0441513024271
            pop: 0.170861780643
            rhy: 0.0483302101493
            roc: 0.646129369736
            spe: 0.00289860949852
        probability: 0.646129369736
        value: "roc"
    genre_tzanetakis:
        all:
            blu: 0.0264702364802
            cla: 0.0605582408607
            cou: 0.0741018131375
            dis: 0.0717898607254
            hip: 0.00573877012357
            jaz: 0.0504984408617
            met: 0.0178242567927
            pop: 0.111395560205
            reg: 0.0200433768332
            roc: 0.561579465866
        probability: 0.561579465866
        value: "roc"
    live_studio:
        all:
            live: 0.117476209998
            studio: 0.882523775101
        probability: 0.882523775101
        value: "studio"
    mood:
        all:
            Cluster1: 0.177699759603
            Cluster2: 0.109696030617
            Cluster3: 0.557350158691
            Cluster4: 0.113481603563
            Cluster5: 0.0417724289
        probability: 0.557350158691
        value: "Cluster3"
    mood_acoustic:
        all:
            acoustic: 0.532893180847
            not_acoustic: 0.467106789351
        probability: 0.532893180847
        value: "acoustic"
    mood_aggressive:
        all:
            aggressive: 0.0716099739075
            not_aggressive: 0.928390026093
        probability: 0.928390026093
        value: "not_aggressive"
    mood_electronic:
        all:
            electronic: 0.273381203413
            not_electronic: 0.726618766785
        probability: 0.726618766785
        value: "not_electronic"
    mood_happy:
        all:
            happy: 0.108193390071
            not_happy: 0.891806602478
        probability: 0.891806602478
        value: "not_happy"
    mood_party:
        all:
            not_party: 0.944870114326
            party: 0.0551298968494
        probability: 0.944870114326
        value: "not_party"
    mood_relaxed:
        all:
            not_relaxed: 0.247259378433
            relaxed: 0.752740621567
        probability: 0.752740621567
        value: "relaxed"
    mood_sad:
        all:
            not_sad: 0.146193012595
            sad: 0.853806972504
        probability: 0.853806972504
        value: "sad"
    rhythm:
        all:
            fast: 0.777593314648
            medium: 0.0857651382685
            slow: 0.136641547084
        probability: 0.777593314648
        value: "fast"
    speech_music:
        all:
            music: 0.999994695187
            speech: 5.28192322236e-06
        probability: 0.999994695187
        value: "music"
    timbre:
        all:
            bright: 0.958898067474
            dark: 0.0411019027233
        probability: 0.958898067474
        value: "bright"
    voice_instrumental:
        all:
            instrumental: 0.99253565073
            voice: 0.00746432086453
        probability: 0.99253565073
        value: "instrumental"

lowlevel:
    average_loudness: 0.97839897871
    barkbands_kurtosis:
        dmean: 3.29491448402
        dmean2: 4.96724510193
        dvar: 20.9877643585
        dvar2: 45.7192344666
        max: 46.8284606934
        mean: 3.68024301529
        min: -1.8591067791
        var: 43.1968994141
    barkbands_skewness:
        dmean: 0.720914065838
        dmean2: 1.02633869648
        dvar: 0.45279070735
        dvar2: 0.86850219965
        max: 6.4941983223
        mean: 1.68979108334
        min: -1.0842218399
        var: 1.69833528996
    barkbands_spread:
        dmean: 5.73585748672
        dmean2: 8.57022285461
        dvar: 37.7912483215
        dvar2: 69.9083633423
        max: 44.2266235352
        mean: 20.3427963257
        min: 3.04459786415
        var: 112.441398621
    dissonance:
        dmean: 0.0226487647742
        dmean2: 0.0372104384005
        dvar: 0.000591129937675
        dvar2: 0.00109094928484
        max: 0.499791353941
        mean: 0.450352579355
        min: 0.0601716712117
        var: 0.00104123761412
    hfc:
        dmean: 1.83322930336
        dmean2: 2.42338275909
        dvar: 6.68440341949
        dvar2: 12.3001480103
        max: 20.5755882263
        mean: 4.27516794205
        min: 0.000289008545224
        var: 16.2220535278
    pitch:
        dmean: 203.038726807
        dmean2: 391.017974854
        dvar: 509028.5
        dvar2: 1405559
        max: 4009.09082031
        mean: 323.6875
        min: 74.2424240112
        var: 326721.15625
    pitch_instantaneous_confidence:
        dmean: 0.0940526276827
        dmean2: 0.146101236343
        dvar: 0.00809893198311
        dvar2: 0.0166741758585
        max: 0.812638819218
        mean: 0.516750156879
        min: 0.107340931892
        var: 0.0192015431821
    pitch_salience:
        dmean: 0.0830224528909
        dmean2: 0.132555112243
        dvar: 0.00609184615314
        dvar2: 0.0132159711793
        max: 0.945705115795
        mean: 0.449124455452
        min: 0.163197353482
        var: 0.0149395735934
    silence_rate_20dB:
        dmean: 0
        dmean2: 0
        dvar: 0
        dvar2: 0
        max: 1
        mean: 1
        min: 1
        var: 0
    silence_rate_30dB:
        dmean: 0
        dmean2: 0
        dvar: 0
        dvar2: 0
        max: 1
        mean: 1
        min: 1
        var: 0
    silence_rate_60dB:
        dmean: 0.115207374096
        dmean2: 0.230946883559
        dvar: 0.101934492588
        dvar2: 0.219181403518
        max: 1
        mean: 0.154022991657
        min: 0
        var: 0.13030013442
    spectral_centroid:
        dmean: 216.939407349
        dmean2: 312.360351562
        dvar: 64214.5390625
        dvar2: 111070.632812
        max: 2049.65112305
        mean: 757.454833984
        min: 242.239730835
        var: 187598.65625
    spectral_complexity:
        dmean: 3.14549660683
        dmean2: 4.49537038803
        dvar: 16.9187393188
        dvar2: 32.5138893127
        max: 36
        mean: 9.50230407715
        min: 0
        var: 33.770740509
    spectral_crest:
        dmean: 2.80724072456
        dmean2: 4.41570949554
        dvar: 5.97189283371
        dvar2: 13.8345680237
        max: 22.2311630249
        mean: 12.387049675
        min: 3.58466339111
        var: 18.7489147186
    spectral_decrease:
        dmean: 3.85167092665e-10
        dmean2: 6.00184346666e-10
        dvar: 1.26251168102e-19
        dvar2: 3.01922552094e-19
        max: -8.32345802525e-14
        mean: -1.25085042324e-09
        min: -4.1011132268e-09
        var: 3.04385042928e-19
    spectral_energy:
        dmean: 0.00157344934996
        dmean2: 0.00242580473423
        dvar: 2.23237407226e-06
        dvar2: 5.13855866302e-06
        max: 0.0172050837427
        mean: 0.00510876625776
        min: 3.403607991e-07
        var: 5.50588629267e-06
    spectral_energyband_high:
        dmean: 7.35809589969e-05
        dmean2: 9.87202947726e-05
        dvar: 1.53042538642e-08
        dvar2: 2.86619989964e-08
        max: 0.0010115026962
        mean: 0.000111447523523
        min: 7.59142704254e-09
        var: 2.9626241016e-08
    spectral_energyband_low:
        dmean: 0.000155784829985
        dmean2: 0.000278796942439
        dvar: 1.3174360447e-07
        dvar2: 3.60288851198e-07
        max: 0.00216434407048
        mean: 0.000158484093845
        min: 3.62926293462e-08
        var: 1.13299527982e-07
    spectral_energyband_middle_high:
        dmean: 0.000619961239863
        dmean2: 0.00082298082998
        dvar: 8.32213970625e-07
        dvar2: 1.59369881203e-06
        max: 0.00833499711007
        mean: 0.00133938924409
        min: 9.63141317811e-08
        var: 2.05234073292e-06
    spectral_energyband_middle_low:
        dmean: 0.00123445061035
        dmean2: 0.00197516265325
        dvar: 1.21334414871e-06
        dvar2: 3.03178262584e-06
        max: 0.0114298630506
        mean: 0.00349942431785
        min: 1.96884414549e-07
        var: 2.85149576484e-06
    spectral_flatness_db:
        dmean: 0.0281865075231
        dmean2: 0.0390397645533
        dvar: 0.000641620252281
        dvar2: 0.00121601158753
        max: 0.329603016376
        mean: 0.194125339389
        min: 0.0577773749828
        var: 0.00226243818179
    spectral_flux:
        dmean: 0.0106505220756
        dmean2: 0.0168034881353
        dvar: 0.000109099964902
        dvar2: 0.000240126842982
        max: 0.0861273035407
        mean: 0.0327966101468
        min: 0.0046389088966
        var: 0.000234750288655
    spectral_kurtosis:
        dmean: 2.37520384789
        dmean2: 3.85395765305
        dvar: 9.54545974731
        dvar2: 25.2447013855
        max: 23.8985290527
        mean: 6.74326992035
        min: 0.827575922012
        var: 14.3328342438
    spectral_rms:
        dmean: 0.000346860062564
        dmean2: 0.000533574610017
        dvar: 9.64056070529e-08
        dvar2: 2.20205194523e-07
        max: 0.00409700442106
        mean: 0.00217345333658
        min: 1.82224957825e-05
        var: 2.60263192331e-07
    spectral_rolloff:
        dmean: 488.649291992
        dmean2: 782.921020508
        dvar: 405593.90625
        dvar2: 715005.5625
        max: 3875.9765625
        mean: 1446.44677734
        min: 193.798828125
        var: 982595.125
    spectral_skewness:
        dmean: 0.325247138739
        dmean2: 0.502244830132
        dvar: 0.143348872662
        dvar2: 0.369041085243
        max: 3.44026446342
        mean: 2.05222201347
        min: 0.905065178871
        var: 0.263352453709
    spectral_spread:
        dmean: 590243.6875
        dmean2: 800025.125
        dvar: 925141958656
        dvar2: 1.02386610995e+12
        max: 28484624
        mean: 4663448
        min: 2266308.75
        var: 2.77683372032e+12
    spectral_strongpeak:
        dmean: 0.297269284725
        dmean2: 0.533004403114
        dvar: 0.6749355793
        dvar2: 1.54401230812
        max: 6.8592209816
        mean: 0.482926130295
        min: 0.000117677322123
        var: 0.758705437183
    zerocrossingrate:
        dmean: 0.00994041375816
        dmean2: 0.010418927297
        dvar: 8.12217331259e-05
        dvar2: 8.36157123558e-05
        max: 0.10546875
        mean: 0.047714304179
        min: 0.0029296875
        var: 0.000509854813572
    barkbands:
        dmean: [6.21284470981e-07, 6.86272906023e-05, 9.86958038993e-05, 0.000506272655912, 0.000810949597508, 0.000168862286955, 6.30209615338e-05, 2.72004563158e-05, 3.62096325262e-05, 2.36930900428e-05, 4.12221961597e-05, 4.70432023576e-05, 2.62625399046e-05, 8.88293216121e-05, 7.03070254531e-05, 0.000255780934822, 0.000105434730358, 9.45459178183e-05, 8.92822790775e-05, 5.69875301153e-05, 3.3351865568e-05, 1.67652870005e-05, 2.65466587734e-06, 1.20580602925e-06, 7.26444227439e-07, 4.98754957334e-08, 3.20435367129e-09]
        dmean2: [8.27727092201e-07, 0.000122170211398, 0.000177675698069, 0.000837576459162, 0.00128597975709, 0.000276901409961, 0.000101038749563, 4.46566009487e-05, 5.64002621104e-05, 3.80549754482e-05, 6.39464487904e-05, 7.24156343495e-05, 4.1269518988e-05, 0.000132176806801, 0.000104538041342, 0.000377681630198, 0.00016086937103, 0.000137464579893, 0.000136313756229, 8.40622160467e-05, 4.71417115477e-05, 2.41033849306e-05, 3.73667126041e-06, 1.65599431057e-06, 1.01761565929e-06, 6.73060682743e-08, 4.89720752839e-09]
        dvar: [1.36921539644e-12, 3.53277016529e-08, 4.66227731977e-08, 2.75198289046e-07, 7.25548090941e-07, 5.32883390747e-08, 1.34311983757e-08, 2.08784856071e-09, 1.4968549733e-09, 1.44519873846e-09, 4.74689931806e-09, 4.40305747418e-09, 1.75826886384e-09, 3.24075095648e-08, 1.37422651036e-08, 3.0541121987e-07, 3.57742884205e-08, 2.99915114965e-08, 2.79166325612e-08, 1.16795533245e-08, 3.30586935604e-09, 1.13738640728e-09, 2.51945964092e-11, 6.13750283235e-12, 1.78841967277e-12, 9.1979299272e-15, 1.65541175772e-15]
        dvar2: [2.03299074623e-12, 9.75534106828e-08, 1.29447400354e-07, 7.19330216725e-07, 1.88429271475e-06, 1.42048804719e-07, 3.40426424827e-08, 4.9320956208e-09, 3.7081366866e-09, 3.00779978701e-09, 9.88301174232e-09, 1.15660538924e-08, 3.76597464324e-09, 7.65481544818e-08, 3.23893303289e-08, 6.40908467631e-07, 7.59823990393e-08, 6.21728162287e-08, 6.80956588894e-08, 2.30382148914e-08, 7.20549442335e-09, 2.47290343758e-09, 4.62742656693e-11, 1.30340000945e-11, 3.67978173973e-12, 1.98347960371e-14, 4.15134277933e-15]
        max: [7.87948192738e-06, 0.00106199085712, 0.00145223678555, 0.00424010539427, 0.00875366572291, 0.00257226475514, 0.0013020351762, 0.000462624826469, 0.0003869489301, 0.000453511602245, 0.000795863161329, 0.000649311870802, 0.000457125715911, 0.00211122841574, 0.000865642796271, 0.00601078988984, 0.00145802309271, 0.00164030713495, 0.00170706608333, 0.00113727059215, 0.000499471672811, 0.000289843330393, 4.08533924201e-05, 2.68657822744e-05, 1.00812721939e-05, 6.30931424439e-07, 6.00864439093e-07]
        mean: [7.96375047685e-07, 5.14909334015e-05, 0.000106222803879, 0.00110733835027, 0.00174168974627, 0.000386460334994, 0.000128784347908, 4.98962835991e-05, 7.15866190149e-05, 4.84341471747e-05, 7.70883561927e-05, 9.33569390327e-05, 4.90226011607e-05, 0.000152315828018, 0.000108352396637, 0.000406879145885, 0.000138723000418, 0.000129508931423, 0.000106861625682, 7.55537475925e-05, 4.6984932851e-05, 2.42218520725e-05, 4.06660728913e-06, 1.85686292298e-06, 1.2003761185e-06, 7.64046816926e-08, 1.9013153274e-09]
        min: [5.66883595621e-10, 1.53959476279e-08, 1.76912013927e-08, 2.358929585e-08, 6.69933157837e-08, 4.21183123933e-08, 1.44544145542e-08, 1.59906488051e-08, 3.06561247498e-08, 1.30836550483e-08, 1.04888790986e-08, 2.47217233351e-08, 1.64080820042e-08, 1.19696581535e-08, 1.15473648421e-08, 2.25101470797e-09, 1.24074117647e-09, 3.37082450841e-09, 3.6926062208e-09, 1.39028177859e-09, 1.43496370342e-09, 1.23707577515e-09, 9.55925005819e-10, 8.66583471648e-10, 7.51853967973e-10, 2.43993547588e-10, 1.08731823729e-14]
        var: [2.64638202845e-12, 2.42644286885e-08, 4.77142876321e-08, 8.66643517838e-07, 1.99775763576e-06, 1.79803464562e-07, 1.67730149769e-08, 3.67703711923e-09, 3.20822546307e-09, 3.13121639728e-09, 1.33159678839e-08, 8.11071210194e-09, 3.60346175121e-09, 5.93414135608e-08, 1.88558111347e-08, 6.24140000127e-07, 5.24510639366e-08, 5.21766416739e-08, 3.27264366717e-08, 1.71407119609e-08, 5.46665512857e-09, 1.79612302809e-09, 4.68272434717e-11, 9.56919612993e-12, 3.25287518275e-12, 1.40867906465e-14, 8.29024444461e-16]
    mfcc:
        mean: [-742.872436523, 135.027801514, -42.7235107422, 38.3407859802, -3.04573440552, 2.17343902588, -12.2131624222, -15.4263629913, -9.38433456421, -20.2793807983, -17.3749771118, -16.8640460968, -11.3467874527]
        cov: [[3320.81591797, -1356.3717041, -168.282836914, 146.625564575, -99.2447128296, -78.9288330078, 7.9901304245, 58.0851135254, -5.85664272308, -12.3546981812, 49.6588401794, 92.1698989868, 54.021270752], [-1356.3717041, 882.760437012, 53.7137374878, -32.6045799255, 91.1586380005, 48.6245269775, 26.9883823395, 12.4927072525, 39.5073127747, 12.351351738, -40.8701133728, -43.5461387634, 8.2172460556], [-168.282836914, 53.7137374878, 246.012771606, 53.9136352539, -62.0258598328, 75.2409133911, 47.4818611145, -12.3228054047, 10.8270998001, 49.7900466919, 18.6337776184, 25.6414604187, 12.9809455872], [146.625564575, -32.6045799255, 53.9136352539, 230.56678772, 45.8760185242, 50.3434371948, 69.6131286621, 73.9216384888, 33.3640174866, 79.7499313354, 27.5137672424, 30.6085567474, 42.8224639893], [-99.2447128296, 91.1586380005, -62.0258598328, 45.8760185242, 158.625488281, 32.3702125549, 23.443277359, 62.1998596191, 63.7481040955, 8.20945930481, -0.0365934818983, 11.0104970932, 26.7694225311], [-78.9288330078, 48.6245269775, 75.2409133911, 50.3434371948, 32.3702125549, 121.3695755, 76.9247894287, 36.9817848206, 44.7117118835, 54.1736526489, 16.1434955597, 20.3415794373, 24.9334125519], [7.9901304245, 26.9883823395, 47.4818611145, 69.6131286621, 23.443277359, 76.9247894287, 113.158340454, 58.0426979065, 32.4712791443, 54.66639328, 23.1499938965, 24.4007759094, 32.3311424255], [58.0851135254, 12.4927072525, -12.3228054047, 73.9216384888, 62.1998596191, 36.9817848206, 58.0426979065, 106.01675415, 65.608039856, 32.5308227539, -1.79243636131, 26.6369667053, 47.140789032], [-5.85664272308, 39.5073127747, 10.8270998001, 33.3640174866, 63.7481040955, 44.7117118835, 32.4712791443, 65.608039856, 103.43951416, 43.2779769897, -11.2433023453, 14.5266618729, 43.7835693359], [-12.3546981812, 12.351351738, 49.7900466919, 79.7499313354, 8.20945930481, 54.1736526489, 54.66639328, 32.5308227539, 43.2779769897, 108.552230835, 33.8234863281, 2.59416723251, 23.3512611389], [49.6588401794, -40.8701133728, 18.6337776184, 27.5137672424, -0.0365934818983, 16.1434955597, 23.1499938965, -1.79243636131, -11.2433023453, 33.8234863281, 61.8823394775, 14.8456487656, -16.8147678375], [92.1698989868, -43.5461387634, 25.6414604187, 30.6085567474, 11.0104970932, 20.3415794373, 24.4007759094, 26.6369667053, 14.5266618729, 2.59416723251, 14.8456487656, 55.5381698608, 30.2567844391], [54.021270752, 8.2172460556, 12.9809455872, 42.8224639893, 26.7694225311, 24.9334125519, 32.3311424255, 47.140789032, 43.7835693359, 23.3512611389, -16.8147678375, 30.2567844391, 82.4666213989]]
        icov: [[0.00095082889311, 0.00135996669997, 0.000642925035208, -0.000652623479255, 0.000609409064054, 0.000190431062947, -0.000563768844586, 0.000288383802399, -0.000940948084462, 0.000806327385362, -0.000381596008083, 8.4074010374e-05, -0.000557303312235], [0.00135996669997, 0.00346071575768, -0.000132356639369, -0.000165961202583, -0.000902109022718, 0.00045887476881, -0.00133170699701, 0.000237507076235, -0.000539373082574, 0.000512675382197, 0.000735859386623, 0.0014663762413, -0.000835043319967], [0.000642925035208, -0.000132356639369, 0.00887336488813, -0.00317380134948, 0.00604926189408, -0.00448086904362, -0.000686213432346, 0.00449932273477, -0.00436175847426, 0.00120289006736, -0.000856018741615, -0.00366031401791, 7.51067564124e-05], [-0.000652623479255, -0.000165961202583, -0.00317380134948, 0.00958422385156, -0.00457112817094, 0.00140798476059, 0.000300263316603, -0.00612991768867, 0.00706766173244, -0.00788962002844, 0.00251830206253, -0.00186862715054, 9.2019130534e-05], [0.000609409064054, -0.000902109022718, 0.00604926189408, -0.00457112817094, 0.0157125834376, -0.00481803622097, 0.00145056995098, -0.000647430540994, -0.0100444117561, 0.00796736963093, -0.00711011374369, 0.00135878450237, -0.00160169682931], [0.000190431062947, 0.00045887476881, -0.00448086904362, 0.00140798476059, -0.00481803622097, 0.0205165725201, -0.0114131551236, 0.00310414237902, -0.00289737805724, -0.00422031152993, 0.00290056690574, -0.00270648766309, 0.00218246062286], [-0.000563768844586, -0.00133170699701, -0.000686213432346, 0.000300263316603, 0.00145056995098, -0.0114131551236, 0.0243696104735, -0.0118448799476, 0.006515332032, -0.00358929438516, -0.00443394249305, 3.39122234436e-05, -0.00270856148563], [0.000288383802399, 0.000237507076235, 0.00449932273477, -0.00612991768867, -0.000647430540994, 0.00310414237902, -0.0118448799476, 0.0298461597413, -0.0145965600386, 0.00390071608126, 0.00151725602336, -0.00467425165698, -0.0022139060311], [-0.000940948084462, -0.000539373082574, -0.00436175847426, 0.00706766173244, -0.0100444117561, -0.00289737805724, 0.006515332032, -0.0145965600386, 0.0313401520252, -0.0156315304339, 0.0112455738708, -0.00345976883546, -0.00103794946335], [0.000806327385362, 0.000512675382197, 0.00120289006736, -0.00788962002844, 0.00796736963093, -0.00422031152993, -0.00358929438516, 0.00390071608126, -0.0156315304339, 0.0308856833726, -0.0205901842564, 0.0156951714307, -0.00920790992677], [-0.000381596008083, 0.000735859386623, -0.000856018741615, 0.00251830206253, -0.00711011374369, 0.00290056690574, -0.00443394249305, 0.00151725602336, 0.0112455738708, -0.0205901842564, 0.0395382493734, -0.0197349283844, 0.0164679884911], [8.4074010374e-05, 0.0014663762413, -0.00366031401791, -0.00186862715054, 0.00135878450237, -0.00270648766309, 3.39122234436e-05, -0.00467425165698, -0.00345976883546, 0.0156951714307, -0.0197349283844, 0.0391910225153, -0.0166291743517], [-0.000557303312235, -0.000835043319967, 7.51067564124e-05, 9.2019130534e-05, -0.00160169682931, 0.00218246062286, -0.00270856148563, -0.0022139060311, -0.00103794946335, -0.00920790992677, 0.0164679884911, -0.0166291743517, 0.0273196734488]]
    spectral_contrast:
        mean: [1.8220445952e-07, -1.44204781449e-08, -2.30208343055e-07, 4.97506505326e-07, 9.6823214335e-08, -3.98417228098e-07, -4.38039205619e-06, 3.67790875089e-07, 6.37467564957e-06, 4.91861919727e-06, 2.08149299397e-06, -3.47190194816e-07]
        var: [0.000239775385126, 0.00087223778246, 0.000993026071228, 0.00200002104975, 0.00260205497034, 0.00499369762838, 0.0408418439329, 0.059512142092, 0.123159259558, 0.165408685803, 0.713224828243, 1.8750770092]

rhythm:
    beats_loudness:
        dmean: 0.00225255289115
        dmean2: 0.00380466226488
        dvar: 3.82901862395e-06
        dvar2: 8.25055212772e-06
        max: 0.0141032971442
        mean: 0.00728432554752
        min: 0.00450296187773
        var: 4.72330157208e-06
    beats_loudness_bass:
        dmean: 0.0850757658482
        dmean2: 0.171981960535
        dvar: 0.00495851272717
        dvar2: 0.00909663643688
        max: 0.309221684933
        mean: 0.0807369425893
        min: 0.00281803146936
        var: 0.00677996035665
    bpm: 153.021789551
    bpm_confidence: 0
    first_peak_bpm: 152
    first_peak_spread: 0.391304373741
    first_peak_weight: 0.583333313465
    onset_rate: 3.97727274895
    second_peak_bpm: 139
    second_peak_spread: 0
    second_peak_weight: 0.0416666679084
    beats_position: [0.381911456585, 0.775919258595, 1.169927001, 1.5639346838, 1.95794248581, 2.35195016861, 2.74595808983, 3.13996601105, 3.53397393227, 3.92798185349, 4.32198953629, 4.71599769592, 5.11000537872, 5.50401353836, 5.89802122116, 6.32948255539, 6.72007369995, 7.11066389084, 7.5012550354, 7.89184522629, 8.28243637085, 8.67302703857, 9.0636177063, 9.45420742035, 9.84479904175]
    bpm_estimates: [152.26322937, 152.415618896, 152.751342773, 151.773849487, 152.208648682, 151.996078491, 152.379501343, 152.465957642, 153.320510864, 153.617446899, 153.815963745, 153.519561768, 153.445678711, 153.72064209, 153.707504272, 154.00088501, 153.588134766, 153.401367188]
    bpm_intervals: [0.39400780201, 0.394007742405, 0.3940076828, 0.39400780201, 0.3940076828, 0.394007921219, 0.394007921219, 0.394007921219, 0.394007921219, 0.3940076828, 0.394008159637, 0.3940076828, 0.394008159637, 0.3940076828, 0.431461334229, 0.390591144562, 0.390590190887, 0.390591144562, 0.390590190887, 0.390591144562, 0.390590667725, 0.390590667725, 0.39058971405, 0.390591621399]
    onset_times: [0.0464399084449, 0.150929704309, 0.336689352989, 0.743038535118, 1.13777780533, 1.49768710136, 1.55573701859, 1.764716506, 1.96208620071, 2.21750569344, 2.32199549675, 2.73995471001, 3.14630389214, 3.34367346764, 3.52943301201, 3.87773251534, 3.93578219414, 4.12154197693, 4.31891155243, 4.6439909935, 4.72526073456, 5.0967798233, 5.50312948227, 5.89786863327, 6.06040811539, 6.23455762863, 6.3042178154, 6.51319742203, 6.6989569664, 7.08208608627, 7.47682523727, 7.89478445053, 8.08054447174, 8.27791404724, 8.62621307373, 8.6958732605, 9.07900238037, 9.47374153137, 9.65950107574, 9.85687065125]
    rubato_start: []
    rubato_stop: []
    perceptual_tempo: "unknown"

sfx:
    inharmonicity:
        dmean: 0.0349337533116
        dmean2: 0.0633955970407
        dvar: 0.00339490221813
        dvar2: 0.00966835021973
        max: 0.368644684553
        mean: 0.027686484158
        min: 0
        var: 0.00294193695299
    oddtoevenharmonicenergyratio:
        dmean: 22.9808635712
        dmean2: 45.5631065369
        dvar: 17915.1992188
        dvar2: 52598.046875
        max: 1760.51989746
        mean: 12.3642930984
        min: 0
        var: 9453.02539062
    pitch_after_max_to_before_max_energy_ratio: 3.53433465958
    pitch_centroid: 207.088989258
    pitch_max_to_total: 0.110599078238
    pitch_min_to_total: 0.42396312952
    tristimulus:
        dmean: [0.238812148571, 0.231213644147, 0.0624219737947]
        dmean2: [0.424711018801, 0.413019746542, 0.109948590398]
        dvar: [0.0575246736407, 0.0527535900474, 0.00495075620711]
        dvar2: [0.162040248513, 0.149993598461, 0.0124975610524]
        max: [1, 0.972320795059, 0.559198617935]
        mean: [0.555441021919, 0.364936053753, 0.0650504082441]
        min: [0.00822364818305, 0, 0]
        var: [0.0674469172955, 0.0583610609174, 0.00614520302042]

tonal:
    chords_changes_rate: 0.100917428732
    chords_number_rate: 0.0229357797652
    chords_strength:
        dmean: 0.0113821802661
        dmean2: 0.00967143941671
        dvar: 6.40139915049e-05
        dvar2: 7.98968030722e-05
        max: 0.702870488167
        mean: 0.448248803616
        min: 0.295585125685
        var: 0.00436344882473
    key_strength: 0.783335030079
    tuning_diatonic_strength: 0.585926651955
    tuning_equal_tempered_deviation: 0.168980866671
    tuning_frequency: 436.708374023
    tuning_nontempered_energy_ratio: 0.849985420704
    hpcp:
        dmean: [0.0937864333391, 0.0932641252875, 0.0658961981535, 0.0251736659557, 0.0176787953824, 0.0325683765113, 0.097905613482, 0.108058914542, 0.0567452013493, 0.0404779575765, 0.0266309920698, 0.0262508969754, 0.0650260299444, 0.100729860365, 0.101789213717, 0.120475225151, 0.10971801728, 0.105979658663, 0.068789601326, 0.0804160237312, 0.113945446908, 0.104107379913, 0.131644129753, 0.102860674262, 0.0684893280268, 0.0683489441872, 0.119773507118, 0.122062064707, 0.165961548686, 0.221531882882, 0.202597305179, 0.143560320139, 0.0782325789332, 0.0446303784847, 0.030832849443, 0.0531881377101]
        dmean2: [0.149220913649, 0.162880480289, 0.119184978306, 0.0444372743368, 0.0302504561841, 0.0550440140069, 0.157841041684, 0.176889926195, 0.0933284759521, 0.0668286159635, 0.0390033088624, 0.0404312610626, 0.107434794307, 0.166467100382, 0.162825524807, 0.206468358636, 0.18166166544, 0.19129344821, 0.12023948878, 0.149247139692, 0.207612141967, 0.180747792125, 0.231906890869, 0.183185577393, 0.125609815121, 0.129197493196, 0.222784727812, 0.226502045989, 0.288279414177, 0.392739444971, 0.355207085609, 0.230663210154, 0.139811620116, 0.0822019502521, 0.0548858605325, 0.0907574295998]
        dvar: [0.0190833788365, 0.0238620936871, 0.0150130847469, 0.00249619456008, 0.000748203194235, 0.00216443976387, 0.0250314846635, 0.0322320535779, 0.00996853690594, 0.00891104433686, 0.00554534932598, 0.00196222681552, 0.0108685269952, 0.028279107064, 0.0253391843289, 0.0377433076501, 0.0428062304854, 0.0366954095662, 0.0181539170444, 0.0378748401999, 0.0422972552478, 0.0404549948871, 0.0407904647291, 0.0384547822177, 0.0262977257371, 0.0300747640431, 0.0468702837825, 0.0588473938406, 0.047565087676, 0.0663177445531, 0.059147387743, 0.0243105906993, 0.0273788645864, 0.01150620915, 0.00839439220726, 0.00678128236905]
        dvar2: [0.0399294085801, 0.0570640601218, 0.0421757698059, 0.00660631339997, 0.00194089720026, 0.0057537923567, 0.0630209296942, 0.0748956054449, 0.0258660484105, 0.0211467146873, 0.00703554227948, 0.00320718530566, 0.0261163786054, 0.0764145702124, 0.055919341743, 0.0920238941908, 0.101201690733, 0.105727516115, 0.051706045866, 0.114987373352, 0.119592346251, 0.0827667191625, 0.111520260572, 0.107863470912, 0.0742262303829, 0.0868220999837, 0.136238634586, 0.134824022651, 0.132114470005, 0.209982767701, 0.132916137576, 0.0655759871006, 0.0762734562159, 0.0302731730044, 0.0244419723749, 0.018170401454]
        max: [1, 1, 0.927614629269, 0.377801865339, 0.189461573958, 0.326795190573, 1, 1, 1, 0.758055865765, 1, 0.475029855967, 0.804833889008, 1, 1, 1, 1, 1, 1, 1, 1, 1, 1, 1, 1, 1, 1, 1, 1, 1, 1, 1, 1, 0.75664049387, 0.927478373051, 0.687186539173]
        mean: [0.16662247479, 0.172084480524, 0.0657681673765, 0.0226477701217, 0.0171857234091, 0.0409745909274, 0.162055954337, 0.184661701322, 0.0730032995343, 0.0353877320886, 0.0285530500114, 0.0316591002047, 0.0799373984337, 0.127111047506, 0.121653601527, 0.190105170012, 0.222760722041, 0.115224845707, 0.0573961101472, 0.0579216517508, 0.129217237234, 0.224378824234, 0.173250302672, 0.0757666155696, 0.0460765957832, 0.0424409322441, 0.133883833885, 0.257452249527, 0.216953754425, 0.272109985352, 0.405930012465, 0.251676499844, 0.0705101490021, 0.0359385684133, 0.0271937418729, 0.0604102760553]
        min: [0.000255871127592, 0.000302362721413, 0.000930871465243, 0.00024771806784, 0.000292069365969, 0.000533365120646, 0.000832689460367, 0.000796058506239, 0.00112395372707, 0.000207422242966, 0.000489769503474, 0.000788975215983, 0.00119341060054, 0.00106624793261, 0.00164313311689, 0.000790430814959, 0.000694847083651, 0.000727702630684, 0.000793305516709, 0.000830008182675, 0.000463466858491, 0.000726692203898, 0.000837187981233, 0.000290613534162, 0.000325566332322, 0.000271771277767, 0.000367864238797, 0.00130873068701, 0.00118067418225, 0.000938512559514, 0.000947967579123, 0.000985627295449, 0.000703114143107, 0.000577891652938, 0.000357185868779, 0.000683320628013]
        var: [0.0656301677227, 0.0638539120555, 0.0120822209865, 0.00186308112461, 0.000668210093863, 0.00237212702632, 0.0567663758993, 0.0757195949554, 0.0111676957458, 0.00705472379923, 0.00575969414786, 0.00237582693808, 0.0141505869105, 0.0410093739629, 0.0436980798841, 0.0827082023025, 0.122225053608, 0.0360689237714, 0.0126558504999, 0.0224205851555, 0.0519671626389, 0.130217671394, 0.0716600716114, 0.0261647999287, 0.0158684290946, 0.0169849488884, 0.054699242115, 0.146149262786, 0.0713889822364, 0.0845006853342, 0.145426362753, 0.0579706095159, 0.0211682990193, 0.00818209908903, 0.00478135095909, 0.0083374120295]
    chords_histogram: [37.1559638977, 14.2201833725, 1.83486235142, 28.440366745, 0.458715587854, 0, 0, 0, 0, 0, 0, 0, 0, 0, 0, 0, 0, 0, 0, 0, 0, 0, 0, 17.8899078369]
    thpcp: [1, 0.619999706745, 0.173700258136, 0.0885339006782, 0.0669912099838, 0.148819431663, 0.410470932722, 0.423926472664, 0.162018492818, 0.0557923018932, 0.0423366650939, 0.100940041244, 0.399221420288, 0.454910188913, 0.179842084646, 0.087176926434, 0.0703398361802, 0.0779915228486, 0.196924090385, 0.313135385513, 0.299691081047, 0.468320071697, 0.548766314983, 0.283853977919, 0.141394108534, 0.142688766122, 0.318323940039, 0.552752494812, 0.426798462868, 0.18664945662, 0.113508716226, 0.104552336037, 0.329820007086, 0.634228169918, 0.534460961819, 0.670337200165]
    chords_key: "G"
    chords_scale: "major"
    key_key: "G"
    key_scale: "major"
    chords_progression: ["G", "G", "G", "G", "G", "G", "G", "G", "G", "G", "G", "G", "G", "G", "G", "G", "G", "G", "G", "G", "G", "G", "G", "G", "G", "G", "G", "G", "G", "G", "G", "G", "G", "G", "G", "G", "G", "F#m", "F#m", "F#m", "F#m", "F#m", "F#m", "F#m", "F#m", "F#m", "F#m", "F#m", "F#m", "F#m", "Em", "Em", "Em", "Em", "Em", "Em", "Em", "Em", "Em", "Em", "G", "Bm", "Bm", "Bm", "Bm", "Bm", "Bm", "Bm", "Bm", "D", "D", "D", "D", "Bm", "Bm", "Bm", "Bm", "Bm", "G", "Bm", "G", "Bm", "Bm", "G", "Bm", "G", "Bm", "Bm", "Bm", "Bm", "Bm", "Bm", "Bm", "G", "Em", "Em", "Em", "Em", "Em", "Em", "Em", "Em", "Em", "Em", "Em", "Em", "Em", "Em", "Em", "Em", "Em", "F#m", "F#m", "F#m", "F#m", "F#m", "F#m", "F#m", "Em", "Em", "Em", "Em", "Em", "Em", "Em", "Em", "Em", "Em", "Em", "Em", "G", "G", "G", "G", "G", "G", "G", "G", "G", "G", "G", "G", "G", "G", "G", "G", "G", "G", "G", "G", "G", "G", "G", "G", "G", "G", "G", "G", "G", "G", "G", "G", "G", "G", "G", "G", "G", "G", "A", "F#m", "F#m", "F#m", "F#m", "F#m", "F#m", "F#m", "F#m", "F#m", "F#m", "F#m", "F#m", "F#m", "F#m", "F#m", "F#m", "F#m", "F#m", "F#m", "F#m", "F#m", "F#m", "F#m", "F#m", "F#m", "F#m", "F#m", "F#m", "F#m", "F#m", "F#m", "F#m", "F#m", "F#m", "F#m", "F#m", "F#m", "F#m", "F#m", "F#m", "F#m", "F#m", "Bm", "Bm", "Bm", "Bm", "Bm", "Bm", "Bm"]
