
metadata:
    version:
        essentia: "1.2.2"
    audio_properties:
        analysis_sample_rate: 44100
        bitrate: 128
        channels: 2
        equal_loudness: 1
        length: 10.0048980713
        replay_gain: -12.0961532593
        downmix: "mix"
    tags:
        track: 10
        year: 0
        album: "Splitted by Mp3Splt v. 2.1"
        artist: "From 001.30 To 001.40"
        comment: "http://mp3splt.sf.net"
        genre: ""
        title: "04 Dedicated Follower of Fashi"

highlevel:
    ballroom:
        all:
            ChaChaCha: 0.0604343265295
            Jive: 0.778817713261
            Quickstep: 0.0640127956867
            Rumba-American: 0.00109747808892
            Rumba-International: 0.00218483200297
            Rumba-Misc: 0.00114444887731
            Samba: 0.0645687878132
            Tango: 0.00428751297295
            VienneseWaltz: 0.021470092237
            Waltz: 0.00198203697801
        probability: 0.778817713261
        value: "Jive"
    culture:
        all:
            non_western: 0.0353942401707
            western: 0.964605748653
        probability: 0.964605748653
        value: "western"
    gender:
        all:
            female: 0.0630956292152
            male: 0.936904370785
        probability: 0.936904370785
        value: "male"
    genre_dortmund:
        all:
            alternative: 0.0946978405118
            blues: 0.0391536392272
            electronic: 0.0147172594443
            folkcountry: 0.07508058846
            funksoulrnb: 0.0292167775333
            jazz: 0.00991187710315
            pop: 0.0425403602421
            raphiphop: 0.027597444132
            rock: 0.667084217072
        probability: 0.667084217072
        value: "rock"
    genre_electronica:
        all:
            ambient: 0.121681496501
            dnb: 0.410521388054
            house: 0.0184141173959
            techno: 0.0215138141066
            trance: 0.427869170904
        probability: 0.427869170904
        value: "trance"
    genre_rosamerica:
        all:
            cla: 0.00780681148171
            dan: 0.00551921408623
            hip: 0.00920857489109
            jaz: 0.00410863338038
            pop: 0.0450641848147
            rhy: 0.00990428961813
            roc: 0.916875958443
            spe: 0.00151231430937
        probability: 0.916875958443
        value: "roc"
    genre_tzanetakis:
        all:
            blu: 0.00566009106115
            cla: 0.00561776943505
            cou: 0.107752114534
            dis: 0.11399461329
            hip: 0.0106930723414
            jaz: 0.0055414699018
            met: 0.0562612488866
            pop: 0.0951077863574
            reg: 0.00755992811173
            roc: 0.59181189537
        probability: 0.59181189537
        value: "roc"
    live_studio:
        all:
            live: 0.0199127327651
            studio: 0.980087280273
        probability: 0.980087280273
        value: "studio"
    mood:
        all:
            Cluster1: 0.33101156354
            Cluster2: 0.101677373052
            Cluster3: 0.0288404207677
            Cluster4: 0.0969157740474
            Cluster5: 0.441554874182
        probability: 0.441554874182
        value: "Cluster5"
    mood_acoustic:
        all:
            acoustic: 0.00818414986134
            not_acoustic: 0.99181586504
        probability: 0.99181586504
        value: "not_acoustic"
    mood_aggressive:
        all:
            aggressive: 0.979989588261
            not_aggressive: 0.0200104061514
        probability: 0.979989588261
        value: "aggressive"
    mood_electronic:
        all:
            electronic: 0.142598614097
            not_electronic: 0.857401371002
        probability: 0.857401371002
        value: "not_electronic"
    mood_happy:
        all:
            happy: 0.932656526566
            not_happy: 0.0673434659839
        probability: 0.932656526566
        value: "happy"
    mood_party:
        all:
            not_party: 0.135816603899
            party: 0.864183366299
        probability: 0.864183366299
        value: "party"
    mood_relaxed:
        all:
            not_relaxed: 0.892114162445
            relaxed: 0.107885822654
        probability: 0.892114162445
        value: "not_relaxed"
    mood_sad:
        all:
            not_sad: 0.987617135048
            sad: 0.0123828658834
        probability: 0.987617135048
        value: "not_sad"
    rhythm:
        all:
            fast: 0.899861454964
            medium: 0.0960218906403
            slow: 0.00411667488515
        probability: 0.899861454964
        value: "fast"
    speech_music:
        all:
            music: 0.999977946281
            speech: 2.20833226194e-05
        probability: 0.999977946281
        value: "music"
    timbre:
        all:
            bright: 0.33277913928
            dark: 0.667220890522
        probability: 0.667220890522
        value: "dark"
    voice_instrumental:
        all:
            instrumental: 0.0814028009772
            voice: 0.918597221375
        probability: 0.918597221375
        value: "voice"

lowlevel:
    average_loudness: 0.973482787609
    barkbands_kurtosis:
        dmean: 0.788881361485
        dmean2: 1.24858665466
        dvar: 1.23844861984
        dvar2: 2.77006411552
        max: 13.3992443085
        mean: -0.161054223776
        min: -1.7332597971
        var: 2.92269802094
    barkbands_skewness:
        dmean: 0.333192020655
        dmean2: 0.497305870056
        dvar: 0.0888650640845
        dvar2: 0.18874232471
        max: 1.08494663239
        mean: -0.612740755081
        min: -3.65763235092
        var: 0.488216370344
    barkbands_spread:
        dmean: 5.1047372818
        dmean2: 7.8547539711
        dvar: 21.6342506409
        dvar2: 54.9487800598
        max: 61.4092636108
        mean: 27.8209953308
        min: 8.91155147552
        var: 73.2621765137
    dissonance:
        dmean: 0.0142981568351
        dmean2: 0.0243183150887
        dvar: 0.000204664989724
        dvar2: 0.000538334832527
        max: 0.499351918697
        mean: 0.472075492144
        min: 0.384929388762
        var: 0.000451344822068
    hfc:
        dmean: 2.75319957733
        dmean2: 3.75046205521
        dvar: 11.2558031082
        dvar2: 22.4386577606
        max: 42.6647644043
        mean: 10.8934745789
        min: 0.719004094601
        var: 50.7633171082
    pitch:
        dmean: 422.324066162
        dmean2: 798.455078125
        dvar: 726802.375
        dvar2: 1830031
        max: 4900
        mean: 576.463378906
        min: 65.7228012085
        var: 887938.8125
    pitch_instantaneous_confidence:
        dmean: 0.0863537117839
        dmean2: 0.129923656583
        dvar: 0.00556667614728
        dvar2: 0.0122256688774
        max: 0.876147866249
        mean: 0.42646214366
        min: 0.155322909355
        var: 0.0268746893853
    pitch_salience:
        dmean: 0.0504790246487
        dmean2: 0.0802895873785
        dvar: 0.00197753193788
        dvar2: 0.00432907277718
        max: 0.857190907001
        mean: 0.645997643471
        min: 0.358590245247
        var: 0.00664900941774
    silence_rate_20dB:
        dmean: 0
        dmean2: 0
        dvar: 0
        dvar2: 0
        max: 1
        mean: 1
        min: 1
        var: 0
    silence_rate_30dB:
        dmean: 0
        dmean2: 0
        dvar: 0
        dvar2: 0
        max: 1
        mean: 1
        min: 1
        var: 0
    silence_rate_60dB:
        dmean: 0.0976744219661
        dmean2: 0.195804193616
        dvar: 0.088134303689
        dvar2: 0.180774495006
        max: 1
        mean: 0.292343378067
        min: 0
        var: 0.206878677011
    spectral_centroid:
        dmean: 236.811279297
        dmean2: 337.370330811
        dvar: 46342.1289062
        dvar2: 81908.9453125
        max: 4228.44677734
        mean: 2075.06591797
        min: 720.342590332
        var: 336258.28125
    spectral_complexity:
        dmean: 3.81308412552
        dmean2: 5.38407516479
        dvar: 14.7127285004
        dvar2: 28.0773181915
        max: 40
        mean: 18.0116558075
        min: 2
        var: 64.4404067993
    spectral_crest:
        dmean: 1.54525411129
        dmean2: 2.40733265877
        dvar: 2.31973075867
        dvar2: 5.78610801697
        max: 17.77602005
        mean: 6.07828187943
        min: 2.83937144279
        var: 5.42772483826
    spectral_decrease:
        dmean: 2.26360138966e-10
        dmean2: 3.19419740658e-10
        dvar: 7.09927889971e-20
        dvar2: 1.44422284058e-19
        max: -1.84285628424e-10
        mean: -1.06033914982e-09
        min: -2.56077936633e-09
        var: 2.80209190261e-19
    spectral_energy:
        dmean: 0.00106778368354
        dmean2: 0.00148222397547
        dvar: 1.58781858772e-06
        dvar2: 3.23831659443e-06
        max: 0.0126227186993
        mean: 0.00499003380537
        min: 0.000791358936112
        var: 6.54000450595e-06
    spectral_energyband_high:
        dmean: 0.000207705801586
        dmean2: 0.000268342613708
        dvar: 1.1422301327e-07
        dvar2: 1.51681092575e-07
        max: 0.00681500509381
        mean: 0.000562138273381
        min: 1.42869876072e-05
        var: 5.93129470872e-07
    spectral_energyband_low:
        dmean: 0.000116805960715
        dmean2: 0.000192322011571
        dvar: 2.32290275903e-08
        dvar2: 5.83708725799e-08
        max: 0.00185729353689
        mean: 0.000235734478338
        min: 6.50475442399e-07
        var: 5.71186689058e-08
    spectral_energyband_middle_high:
        dmean: 0.00081846176181
        dmean2: 0.00115220283624
        dvar: 8.82771814759e-07
        dvar2: 1.82502708412e-06
        max: 0.0101183755323
        mean: 0.00318854232319
        min: 0.000261279608821
        var: 3.74512910639e-06
    spectral_energyband_middle_low:
        dmean: 0.000433971115854
        dmean2: 0.000670802139211
        dvar: 3.77578942334e-07
        dvar2: 8.6678221578e-07
        max: 0.00478111114353
        mean: 0.0010036242893
        min: 7.08950683475e-05
        var: 8.38600669795e-07
    spectral_flatness_db:
        dmean: 0.0132619189098
        dmean2: 0.0197803284973
        dvar: 0.000144037461723
        dvar2: 0.000277917628409
        max: 0.235845193267
        mean: 0.148927882314
        min: 0.0690336897969
        var: 0.000626820721664
    spectral_flux:
        dmean: 0.00844928622246
        dmean2: 0.0127706881613
        dvar: 8.64268804435e-05
        dvar2: 0.000210300015169
        max: 0.0940512865782
        mean: 0.0413249321282
        min: 0.00830797757953
        var: 0.0002985575411
    spectral_kurtosis:
        dmean: 0.869273900986
        dmean2: 1.40657770634
        dvar: 0.619497716427
        dvar2: 1.60542345047
        max: 8.28957080841
        mean: 3.1158080101
        min: 0.0859174728394
        var: 1.81562042236
    spectral_rms:
        dmean: 0.000234447608818
        dmean2: 0.000319681246765
        dvar: 6.92242139166e-08
        dvar2: 1.26711469761e-07
        max: 0.00350925163366
        mean: 0.00212969724089
        min: 0.000878668040968
        var: 3.32713000262e-07
    spectral_rolloff:
        dmean: 333.361999512
        dmean2: 504.996276855
        dvar: 111474.507812
        dvar2: 220819.6875
        max: 5361.76757812
        mean: 3509.21044922
        min: 1205.859375
        var: 505094
    spectral_skewness:
        dmean: 0.134218662977
        dmean2: 0.198696151376
        dvar: 0.0147968623787
        dvar2: 0.0293123684824
        max: 2.59521508217
        mean: 1.25630283356
        min: 0.37152531743
        var: 0.0727747827768
    spectral_spread:
        dmean: 404581.78125
        dmean2: 564618.25
        dvar: 410491813888
        dvar2: 523590991872
        max: 14534871
        mean: 4320444.5
        min: 2652701.5
        var: 870206013440
    spectral_strongpeak:
        dmean: 0.697343766689
        dmean2: 1.19692420959
        dvar: 0.583269655704
        dvar2: 1.38539671898
        max: 5.96998167038
        mean: 1.12498855591
        min: 0.0133100515231
        var: 1.19932103157
    zerocrossingrate:
        dmean: 0.00817985180765
        dmean2: 0.00914927013218
        dvar: 6.95155613357e-05
        dvar2: 6.0317444877e-05
        max: 0.2021484375
        mean: 0.110433511436
        min: 0.03857421875
        var: 0.000614218704868
    barkbands:
        dmean: [4.61075941871e-08, 2.68672483799e-05, 9.57841475611e-05, 6.35377655271e-05, 0.000136499482323, 9.69398170128e-05, 8.58757848619e-05, 0.000185723751201, 7.10568128852e-05, 6.40237412881e-05, 5.17297594342e-05, 0.000103545382444, 6.51875961921e-05, 7.65051881899e-05, 0.000168798404047, 0.000158259135787, 0.000333544739988, 0.000184062722838, 0.000181251089089, 0.000230577585171, 0.000125167847727, 4.38411079813e-05, 8.5842630142e-06, 3.7183870063e-06, 1.27161058572e-06, 2.59967816163e-08, 9.67348978698e-10]
        dmean2: [6.42898498882e-08, 4.44949073426e-05, 0.000157026006491, 0.000106757470348, 0.000223415903747, 0.000161357660545, 0.000137342038215, 0.000306201836793, 0.000103171136288, 0.000101181816717, 8.33838712424e-05, 0.000149692306877, 0.000104157028545, 0.000115649148938, 0.000251263205428, 0.000229462224524, 0.000514276209287, 0.000284210051177, 0.000264516333118, 0.000367505999748, 0.000178323272849, 6.3957835664e-05, 1.19256965263e-05, 5.88344119024e-06, 1.85634553418e-06, 3.70668900018e-08, 1.12418074849e-09]
        dvar: [1.08384345403e-14, 1.62819391303e-09, 1.82493007372e-08, 1.31734090303e-08, 4.98825443174e-08, 1.91063396215e-08, 2.65436774782e-08, 1.71845840669e-07, 1.973612207e-08, 2.15976001527e-08, 1.00873522868e-08, 1.48437742098e-08, 9.23769238881e-09, 8.30807866947e-09, 6.89998813641e-08, 7.38851326787e-08, 1.72278419086e-07, 6.00362497494e-08, 6.66487096623e-08, 2.35962872353e-07, 6.11410726492e-08, 4.98647745317e-09, 4.00398797451e-10, 1.09415539129e-10, 9.79961077563e-12, 2.7540094669e-15, 2.62998383227e-16]
        dvar2: [1.89690690727e-14, 4.45611014754e-09, 4.55005810807e-08, 3.87552567815e-08, 1.0602212086e-07, 4.67203236099e-08, 5.56892167936e-08, 3.88199367762e-07, 4.21281711738e-08, 5.1797162115e-08, 2.37058976893e-08, 3.22578017631e-08, 2.1021394403e-08, 1.96298834965e-08, 1.47931999095e-07, 1.53145535364e-07, 4.28147103548e-07, 1.25121914607e-07, 1.28076337091e-07, 6.50348624731e-07, 1.03704600463e-07, 1.01721902013e-08, 7.24646453953e-10, 2.62201649281e-10, 2.31108743254e-11, 5.44225444874e-15, 2.62876119315e-16]
        max: [9.85888959804e-07, 0.000317578029353, 0.00170461204834, 0.00133053271566, 0.00182907725684, 0.00116919411812, 0.00187347119208, 0.00442711543292, 0.00239430647343, 0.0028483835049, 0.00151909701526, 0.00172215886414, 0.00144377327524, 0.000783548806794, 0.00357508985326, 0.00496969884261, 0.00403537554666, 0.00394650036469, 0.00361537188292, 0.00741231441498, 0.00478493748233, 0.00106582744047, 0.000413163856138, 0.000143621058669, 4.0722425183e-05, 6.52624180475e-07, 3.3648001363e-07]
        mean: [5.69832181441e-08, 5.39297107025e-05, 0.000181749608601, 0.000105384708149, 0.000207192148082, 0.000159159681061, 0.000121362871141, 0.000252637983067, 0.000129008534714, 0.000117526127724, 8.59674619278e-05, 0.00024848713656, 0.000140335891047, 0.00014830994769, 0.000346173386788, 0.00030613396666, 0.000681837263983, 0.000382851460017, 0.000435985333752, 0.000493018887937, 0.000274956924841, 9.08720467123e-05, 1.80585921044e-05, 6.92466301189e-06, 2.07372750083e-06, 4.2818196988e-08, 9.41932531973e-10]
        min: [1.25667878881e-11, 7.83601734611e-08, 2.40334969703e-07, 4.36467018972e-07, 1.60284366757e-06, 2.66659799308e-06, 1.29928685055e-06, 7.63475554777e-07, 9.11151346372e-07, 1.54077054049e-06, 1.85140083886e-06, 3.4991121538e-06, 3.36600487572e-06, 1.25268593365e-06, 1.11307181214e-05, 1.21051598398e-05, 1.78736881935e-05, 7.11078109816e-06, 4.98100553159e-06, 1.47504069901e-05, 3.86236024497e-06, 2.8102745091e-06, 3.59217210644e-07, 9.47253013805e-08, 3.41450387964e-08, 6.21567297632e-10, 2.09132177179e-13]
        var: [1.60387264044e-14, 4.42196945727e-09, 4.56568365337e-08, 2.92586062045e-08, 6.90074557497e-08, 3.61614809208e-08, 4.38024514438e-08, 3.30896739342e-07, 5.53533858749e-08, 4.98105983127e-08, 1.39786688891e-08, 7.25570643567e-08, 2.6000389397e-08, 1.87261210982e-08, 1.97579836936e-07, 1.41321166325e-07, 3.97741189317e-07, 2.14835566226e-07, 2.01878137318e-07, 3.11327028157e-07, 2.25057263492e-07, 1.36581057575e-08, 1.58929103211e-09, 2.01938216149e-10, 1.25593840883e-11, 4.54238909195e-15, 2.63087612854e-16]
    mfcc:
        mean: [-688.122619629, 88.4352416992, -63.1347351074, 46.1901855469, -10.6779050827, 5.717045784, -3.39483380318, -5.77431106567, -2.01326203346, -6.85015630722, -6.65464162827, 0.946772456169, -1.82570707798]
        cov: [[1234.32800293, -424.360321045, 46.909324646, 22.6692371368, -66.5364990234, -210.163253784, -126.989151001, -46.9337387085, -50.8638000488, 22.2312030792, 39.5859146118, -8.54921531677, 6.6731672287], [-424.360321045, 698.560546875, -99.3298568726, -29.7220191956, 13.8203983307, 10.9190340042, 55.4182777405, 56.0673866272, 48.116809845, -8.55640697479, 46.4098854065, 33.6403770447, 17.3699150085], [46.909324646, -99.3298568726, 268.979125977, 24.9493141174, 13.4016752243, 72.7450332642, 20.5960540771, 27.9447422028, -10.1778488159, -26.7308292389, 0.573466837406, 18.1914272308, 38.9492645264], [22.6692371368, -29.7220191956, 24.9493141174, 198.833892822, 94.8477783203, 15.1491012573, -9.42719650269, -12.5036659241, -6.80498170853, 14.8626918793, 18.0814533234, 11.9323740005, 14.1114215851], [-66.5364990234, 13.8203983307, 13.4016752243, 94.8477783203, 142.073348999, 24.6146564484, 5.40861368179, 4.31354236603, 5.88830471039, 14.1328058243, 3.03584480286, 0.376432299614, 8.66309356689], [-210.163253784, 10.9190340042, 72.7450332642, 15.1491012573, 24.6146564484, 305.916564941, 109.557739258, -32.3296508789, 33.2388038635, -36.2117347717, -16.1889686584, 30.1246070862, 12.6679391861], [-126.989151001, 55.4182777405, 20.5960540771, -9.42719650269, 5.40861368179, 109.557739258, 128.246582031, 45.8165435791, 21.9373531342, 2.26592493057, 3.77593588829, 21.3645210266, 6.72763824463], [-46.9337387085, 56.0673866272, 27.9447422028, -12.5036659241, 4.31354236603, -32.3296508789, 45.8165435791, 128.803619385, 26.0419998169, 1.80852735043, 4.2130074501, 5.95150375366, 18.9548034668], [-50.8638000488, 48.116809845, -10.1778488159, -6.80498170853, 5.88830471039, 33.2388038635, 21.9373531342, 26.0419998169, 76.951423645, 22.3656406403, 3.48744273186, -10.3460483551, -5.70375680923], [22.2312030792, -8.55640697479, -26.7308292389, 14.8626918793, 14.1328058243, -36.2117347717, 2.26592493057, 1.80852735043, 22.3656406403, 84.5364074707, 29.6070137024, -0.435711801052, -15.2997074127], [39.5859146118, 46.4098854065, 0.573466837406, 18.0814533234, 3.03584480286, -16.1889686584, 3.77593588829, 4.2130074501, 3.48744273186, 29.6070137024, 66.315788269, 29.5863285065, 3.37560868263], [-8.54921531677, 33.6403770447, 18.1914272308, 11.9323740005, 0.376432299614, 30.1246070862, 21.3645210266, 5.95150375366, -10.3460483551, -0.435711801052, 29.5863285065, 79.5194091797, 38.1056365967], [6.6731672287, 17.3699150085, 38.9492645264, 14.1114215851, 8.66309356689, 12.6679391861, 6.72763824463, 18.9548034668, -5.70375680923, -15.2997074127, 3.37560868263, 38.1056365967, 71.3534622192]]
        icov: [[0.0013632774353, 0.000869163137395, -0.000150004460011, -0.000201553382794, 0.000531851372216, 0.00102567241993, -4.494535915e-06, 0.000583066605031, -0.00048724343651, 0.000597904610913, -0.00145794614218, 0.00015160163457, -0.000541206856724], [0.000869163137395, 0.00246352772228, 0.000814770581201, 0.00032033296884, -0.000262173009105, 0.000849620439112, -0.000681521196384, 4.88535224576e-05, -0.00148784881458, 0.00185877759941, -0.0027454609517, -0.000107850290078, -0.000789721554611], [-0.000150004460011, 0.000814770581201, 0.0052081272006, -0.000170208935742, -7.15528367436e-05, -0.0021905824542, 0.00114493258297, -0.00245516817085, 0.00136643380392, 0.000710666412488, -0.00167492614128, 0.00108096888289, -0.00228815898299], [-0.000201553382794, 0.00032033296884, -0.000170208935742, 0.00809036009014, -0.00536058936268, -0.000499282963574, 0.00077640026575, 0.000447011785582, 0.000739993294701, -0.000381583929993, -0.00204941350967, -6.78931100992e-05, -0.000908162910491], [0.000531851372216, -0.000262173009105, -7.15528367436e-05, -0.00536058936268, 0.0113210147247, -0.00100785831455, 0.000795370549895, -0.00110931834206, 0.000457839109004, -0.00222944957204, 0.000997871858999, 0.00138530333061, -0.00109103508294], [0.00102567241993, 0.000849620439112, -0.0021905824542, -0.000499282963574, -0.00100785831455, 0.0102142943069, -0.00893556792289, 0.00750454049557, -0.00646761897951, 0.005308969412, 0.000792495266069, -0.0029554811772, 0.00031184789259], [-4.494535915e-06, -0.000681521196384, 0.00114493258297, 0.00077640026575, 0.000795370549895, -0.00893556792289, 0.0185798238963, -0.00963073223829, 0.00374372955412, -0.00481131486595, 5.77984537813e-05, -0.00133841158822, 0.00166383315809], [0.000583066605031, 4.88535224576e-05, -0.00245516817085, 0.000447011785582, -0.00110931834206, 0.00750454049557, -0.00963073223829, 0.0156686436385, -0.00697134435177, 0.00364193273708, 3.22944215441e-05, -0.000438786868472, -0.00281012943015], [-0.00048724343651, -0.00148784881458, 0.00136643380392, 0.000739993294701, 0.000457839109004, -0.00646761897951, 0.00374372955412, -0.00697134435177, 0.0209073275328, -0.00816953927279, 5.16335312568e-05, 0.00511167524382, -0.000705624872353], [0.000597904610913, 0.00185877759941, 0.000710666412488, -0.000381583929993, -0.00222944957204, 0.005308969412, -0.00481131486595, 0.00364193273708, -0.00816953927279, 0.020489115268, -0.00862099882215, -0.000775811262429, 0.00255585671403], [-0.00145794614218, -0.0027454609517, -0.00167492614128, -0.00204941350967, 0.000997871858999, 0.000792495266069, 5.77984537813e-05, 3.22944215441e-05, 5.16335312568e-05, -0.00862099882215, 0.0270754601806, -0.0109260324389, 0.00455805333331], [0.00015160163457, -0.000107850290078, 0.00108096888289, -6.78931100992e-05, 0.00138530333061, -0.0029554811772, -0.00133841158822, -0.000438786868472, 0.00511167524382, -0.000775811262429, -0.0109260324389, 0.024528618902, -0.0123054077849], [-0.000541206856724, -0.000789721554611, -0.00228815898299, -0.000908162910491, -0.00109103508294, 0.00031184789259, 0.00166383315809, -0.00281012943015, -0.000705624872353, 0.00255585671403, 0.00455805333331, -0.0123054077849, 0.0232005268335]]
    spectral_contrast:
        mean: [-1.60521807402e-07, 2.24641951263e-07, 7.09020886447e-09, -2.04656501523e-07, -3.75724624746e-07, -1.44548209846e-07, -2.45671162702e-06, 3.51570156454e-06, 1.96978407985e-06, 1.07059111087e-06, 2.00349418833e-07, -2.65456014859e-06]
        var: [0.00080204551341, 0.000827539130114, 0.00139670143835, 0.0026988578029, 0.00310062547214, 0.00537168234587, 0.0469051264226, 0.0828843787313, 0.111061289907, 0.225743129849, 0.421308428049, 1.11050474644]

rhythm:
    beats_loudness:
        dmean: 0.00221824552864
        dmean2: 0.00347702600993
        dvar: 2.093289595e-06
        dvar2: 5.34147466169e-06
        max: 0.0116540370509
        mean: 0.00586843211204
        min: 0.00212156842463
        var: 5.79559673497e-06
    beats_loudness_bass:
        dmean: 0.0953876748681
        dmean2: 0.188226267695
        dvar: 0.0123099721968
        dvar2: 0.0333262607455
        max: 0.367966622114
        mean: 0.0649715662003
        min: 0.00094171310775
        var: 0.0086166812107
    bpm: 86.5393676758
    bpm_confidence: 0
    first_peak_bpm: 135
    first_peak_spread: 0
    first_peak_weight: 0.705882370472
    onset_rate: 3.59823775291
    second_peak_bpm: 87
    second_peak_spread: 0
    second_peak_weight: 0.235294118524
    beats_position: [0.462482273579, 0.90578442812, 1.34908652306, 1.7923886776, 2.23569083214, 2.67899298668, 3.12229514122, 3.56559729576, 4.00889921188, 4.45220136642, 4.89550352097, 5.33880567551, 5.78210783005, 6.69946622849, 7.39280653, 8.08614730835, 8.77948856354, 9.47282886505]
    bpm_estimates: [87.2411804199, 86.5811157227, 85.9892349243, 86.3239440918, 86.3339157104, 86.7667999268]
    bpm_intervals: [0.443302154541, 0.443302094936, 0.443302154541, 0.443302154541, 0.443302154541, 0.443302154541, 0.443302154541, 0.443301916122, 0.443302154541, 0.443302154541, 0.443302154541, 0.443302154541, 0.917358398438, 0.693340301514, 0.693340778351, 0.693341255188, 0.693340301514]
    onset_times: [0.0580498874187, 0.441179126501, 0.96362811327, 0.99845802784, 1.13777780533, 1.47446715832, 1.83437645435, 2.38004541397, 2.89088439941, 3.13469386101, 3.28562355042, 3.48299312592, 3.64553284645, 3.79646253586, 3.94739222527, 4.33052158356, 4.60916090012, 4.99229001999, 5.20126962662, 5.30575942993, 5.64244890213, 5.99074840546, 6.18811798096, 6.53641700745, 6.91954660416, 7.38394546509, 7.95283460617, 8.09215450287, 8.47528362274, 8.74231338501, 8.78875255585, 8.97451210022, 9.21832180023, 9.32281208038, 9.682721138, 9.7639913559]
    rubato_start: [7.39280653]
    rubato_stop: [9.47282886505]
    perceptual_tempo: "unknown"

sfx:
    inharmonicity:
        dmean: 0.0616264715791
        dmean2: 0.106190159917
        dvar: 0.00371923623607
        dvar2: 0.0103961396962
        max: 0.323949426413
        mean: 0.0786468014121
        min: 0
        var: 0.00450537214056
    oddtoevenharmonicenergyratio:
        dmean: 3.21124362946
        dmean2: 6.13255786896
        dvar: 478.537384033
        dvar2: 1421.25427246
        max: 323.679351807
        mean: 2.15468502045
        min: 0
        var: 247.12387085
    pitch_after_max_to_before_max_energy_ratio: 0.304271370173
    pitch_centroid: 211.295257568
    pitch_max_to_total: 0.895104885101
    pitch_min_to_total: 0.477855473757
    tristimulus:
        dmean: [0.144287496805, 0.220742106438, 0.157269328833]
        dmean2: [0.243556201458, 0.37912684679, 0.27427560091]
        dvar: [0.0184953082353, 0.038474611938, 0.0190225802362]
        dvar2: [0.046436380595, 0.117152191699, 0.0517648495734]
        max: [1, 0.974199771881, 0.83465474844]
        mean: [0.277752488852, 0.478402227163, 0.194812506437]
        min: [0.00699020177126, 0, 0]
        var: [0.0285360831767, 0.048008132726, 0.0273691751063]

tonal:
    chords_changes_rate: 0.050925925374
    chords_number_rate: 0.0185185186565
    chords_strength:
        dmean: 0.00999492965639
        dmean2: 0.00900379661471
        dvar: 8.32595542306e-05
        dvar2: 6.01309075137e-05
        max: 0.691378653049
        mean: 0.548574864864
        min: 0.355908572674
        var: 0.00600297562778
    key_strength: 0.675558209419
    tuning_diatonic_strength: 0.691285192966
    tuning_equal_tempered_deviation: 0.147333681583
    tuning_frequency: 444.598632812
    tuning_nontempered_energy_ratio: 0.809297859669
    hpcp:
        dmean: [0.188709139824, 0.15726724267, 0.141938567162, 0.137219011784, 0.13573358953, 0.175706073642, 0.183177188039, 0.163600757718, 0.167019441724, 0.143588617444, 0.120244920254, 0.12619587779, 0.152421936393, 0.1727078408, 0.202435165644, 0.216891035438, 0.155418381095, 0.121575288475, 0.142126098275, 0.153347492218, 0.193873822689, 0.195432156324, 0.141275808215, 0.128580316901, 0.109802253544, 0.0904090553522, 0.110144652426, 0.117414861917, 0.122808687389, 0.143764764071, 0.157508447766, 0.125194340944, 0.0959509685636, 0.118551939726, 0.129131108522, 0.166666164994]
        dmean2: [0.308128714561, 0.255860984325, 0.229041561484, 0.228586390615, 0.221026346087, 0.271040469408, 0.291685283184, 0.266961574554, 0.271647542715, 0.220616921782, 0.196409881115, 0.210266456008, 0.2583142519, 0.272734165192, 0.319189220667, 0.338752567768, 0.246837645769, 0.204261779785, 0.225464224815, 0.252602458, 0.328721493483, 0.319223642349, 0.215013995767, 0.202577024698, 0.168810740113, 0.145614996552, 0.180557057261, 0.191039830446, 0.207644954324, 0.234498873353, 0.264062911272, 0.216867923737, 0.151055663824, 0.191920414567, 0.221344709396, 0.283725857735]
        dvar: [0.0362172648311, 0.0264977514744, 0.0228492561728, 0.0310729984194, 0.0253582280129, 0.0257995892316, 0.03197234869, 0.0296904332936, 0.0377926938236, 0.0199211183935, 0.0187529325485, 0.0224926862866, 0.0371030792594, 0.0318276546896, 0.0325622297823, 0.0366944856942, 0.0221748612821, 0.0215651150793, 0.026726687327, 0.0360387414694, 0.0383181646466, 0.0425632894039, 0.0226972978562, 0.0241397321224, 0.0218024514616, 0.0143025396392, 0.0150628881529, 0.0212460067123, 0.0232105348259, 0.0202095750719, 0.0288858767599, 0.0235771667212, 0.0149820623919, 0.0225802715868, 0.0271994192153, 0.0342284291983]
        dvar2: [0.0973234772682, 0.064092874527, 0.0592219308019, 0.0870926305652, 0.0645713880658, 0.0635949596763, 0.0689420104027, 0.062824241817, 0.0879374742508, 0.0505539365113, 0.0504286549985, 0.0547179765999, 0.0920077636838, 0.0764540433884, 0.073294185102, 0.08217702806, 0.0578138530254, 0.0431186594069, 0.0676571130753, 0.0909614041448, 0.0962707772851, 0.0990194752812, 0.0559153482318, 0.0594388432801, 0.0516849868, 0.0370926260948, 0.0362367667258, 0.0440577492118, 0.0601440668106, 0.048416107893, 0.0694063901901, 0.058637663722, 0.0396028310061, 0.0582868494093, 0.0771122723818, 0.0919457450509]
        max: [1, 1, 1, 1, 1, 1, 1, 1, 1, 1, 1, 1, 1, 1, 1, 1, 1, 1, 1, 1, 1, 1, 1, 1, 1, 1, 0.870205104351, 1, 1, 1, 1, 1, 1, 1, 1, 1]
        mean: [0.340007960796, 0.300948768854, 0.248279452324, 0.211438670754, 0.251209497452, 0.368968367577, 0.386066257954, 0.33024290204, 0.325113475323, 0.26124972105, 0.187759295106, 0.203504025936, 0.236411273479, 0.317376077175, 0.544169485569, 0.554947912693, 0.291468948126, 0.202905207872, 0.221287325025, 0.222268313169, 0.306076288223, 0.324636220932, 0.251979082823, 0.223756715655, 0.178261503577, 0.134160518646, 0.189159706235, 0.224006637931, 0.191745087504, 0.28886705637, 0.339867353439, 0.20928375423, 0.159990012646, 0.178126037121, 0.194763928652, 0.286929279566]
        min: [0.0225239172578, 0.0135132353753, 0.00203028111719, 0.00285044079646, 0.00825096387416, 0.0144955990836, 0.0212436616421, 0.0130980145186, 0.00446440372616, 0.00516801839694, 0.00516552710906, 0.00231499224901, 0.00530783133581, 0.0192131251097, 0.0299342311919, 0.0274948701262, 0.0102986656129, 0.00340225570835, 0.00363257038407, 0.00512231700122, 0.00357453757897, 0.00789751298726, 0.00489536672831, 0.00330690899864, 0.00607964536175, 0.00434193573892, 0.00455064419657, 0.00477133644745, 0.00176889414433, 0.00711914012209, 0.0227038562298, 0.00903223548084, 0.00188575999346, 0.00155870930757, 0.00247052358463, 0.00875024404377]
        var: [0.0713417232037, 0.0638288185, 0.0574398562312, 0.0417313762009, 0.0509511306882, 0.0612036474049, 0.0773212760687, 0.0738978534937, 0.0875795558095, 0.048431225121, 0.0277405753732, 0.0351469293237, 0.0538515374064, 0.0598650202155, 0.0918038785458, 0.0918337851763, 0.0384120680392, 0.0352440476418, 0.0398295596242, 0.0520012788475, 0.0719622373581, 0.0795609354973, 0.0413794741035, 0.0471500344574, 0.0402387082577, 0.0204701907933, 0.026462784037, 0.0534119047225, 0.0330854356289, 0.054351631552, 0.082643315196, 0.031897816807, 0.0296461749822, 0.0399764254689, 0.03659870103, 0.0576823912561]
    chords_histogram: [73.148147583, 0.462962955236, 0, 0, 12.9629631042, 0.925925910473, 0, 0, 0, 0, 8.79629611969, 0, 0, 0, 0, 0, 0, 3.70370364189, 0, 0, 0, 0, 0, 0]
    thpcp: [1, 0.525218546391, 0.365629285574, 0.39875331521, 0.400521039963, 0.55154055357, 0.584985017776, 0.454058974981, 0.403203099966, 0.321222037077, 0.241753354669, 0.340860277414, 0.40365344286, 0.345519065857, 0.520530045033, 0.612431108952, 0.377123236656, 0.288297355175, 0.320977926254, 0.350958943367, 0.517038226128, 0.612684428692, 0.54230093956, 0.447392344475, 0.381006330252, 0.452672213316, 0.664870262146, 0.695680141449, 0.595088124275, 0.585845053196, 0.470764398575, 0.338336795568, 0.366708338261, 0.426006227732, 0.571902453899, 0.980577588081]
    chords_key: "G"
    chords_scale: "major"
    key_key: "G"
    key_scale: "major"
    chords_progression: ["A", "A", "A", "A", "A", "A", "A", "C#m", "A", "A", "A", "A", "A", "A", "A", "A", "A", "A", "C#m", "A", "A", "A", "A", "A", "A", "A", "A", "A", "A", "A", "Gm", "Gm", "G", "G", "G", "G", "G", "Gm", "Gm", "Gm", "Gm", "Gm", "Gm", "G", "G", "G", "G", "G", "G", "G", "G", "G", "G", "G", "G", "G", "G", "G", "G", "G", "G", "G", "G", "G", "G", "G", "G", "G", "G", "G", "G", "G", "G", "G", "G", "G", "G", "G", "G", "G", "G", "G", "G", "G", "G", "G", "G", "G", "G", "G", "G", "G", "G", "G", "G", "G", "G", "G", "G", "G", "G", "G", "G", "G", "G", "G", "G", "G", "G", "G", "G", "G", "G", "G", "G", "G", "G", "G", "G", "G", "G", "G", "G", "G", "G", "G", "G", "G", "G", "G", "G", "G", "G", "G", "G", "G", "G", "G", "G", "G", "G", "G", "G", "G", "G", "G", "G", "G", "G", "G", "G", "G", "G", "G", "G", "G", "G", "G", "G", "G", "G", "G", "G", "G", "G", "G", "G", "G", "G", "G", "F#", "F#", "F#", "F#", "F#", "F#", "F#", "F#", "F#", "F#", "F#", "F#", "F#", "F#", "F#", "F#", "F#", "F#", "F#", "G", "G", "G", "G", "G", "G", "G", "G", "G", "G", "G", "G", "G", "G", "G", "G", "G", "G", "G", "G", "G", "G", "G", "G", "G", "G", "Bm"]
