
metadata:
    version:
        essentia: "1.2.2"
    audio_properties:
        analysis_sample_rate: 44100
        bitrate: 128
        channels: 2
        equal_loudness: 1
        length: 10.0048980713
        replay_gain: -8.7969417572
        downmix: "mix"
    tags:
        track: 16
        year: 0
        album: "Splitted by Mp3Splt v. 2.1"
        artist: "From 002.30 To 002.40"
        comment: "http://mp3splt.sf.net"
        genre: ""
        title: "06 Upper Egypt and Lower Egypt"

highlevel:
    ballroom:
        all:
            ChaChaCha: 0.00869792513549
            Jive: 0.00905614625663
            Quickstep: 0.0251927785575
            Rumba-American: 0.0276583749801
            Rumba-International: 0.466626286507
            Rumba-Misc: 0.0481961257756
            Samba: 0.0209494717419
            Tango: 0.193697556853
            VienneseWaltz: 0.0489611849189
            Waltz: 0.150964155793
        probability: 0.466626286507
        value: "Rumba-International"
    culture:
        all:
            non_western: 0.910650074482
            western: 0.0893499106169
        probability: 0.910650074482
        value: "non_western"
    gender:
        all:
            female: 0.722924292088
            male: 0.277075737715
        probability: 0.722924292088
        value: "female"
    genre_dortmund:
        all:
            alternative: 0.101114101708
            blues: 0.0035247982014
            electronic: 0.0449997782707
            folkcountry: 0.0563932880759
            funksoulrnb: 0.0118896905333
            jazz: 0.687771439552
            pop: 0.0305883400142
            raphiphop: 0.00511218234897
            rock: 0.0586063824594
        probability: 0.687771439552
        value: "jazz"
    genre_electronica:
        all:
            ambient: 0.916633307934
            dnb: 0.0131291318685
            house: 0.0274318642914
            techno: 0.0124241504818
            trance: 0.0303815621883
        probability: 0.916633307934
        value: "ambient"
    genre_rosamerica:
        all:
            cla: 0.0610467009246
            dan: 0.059892386198
            hip: 0.133156388998
            jaz: 0.467028558254
            pop: 0.0369572527707
            rhy: 0.0651116594672
            roc: 0.159159943461
            spe: 0.0176471043378
        probability: 0.467028558254
        value: "jaz"
    genre_tzanetakis:
        all:
            blu: 0.11235845834
            cla: 0.0475787296891
            cou: 0.126915052533
            dis: 0.0351079106331
            hip: 0.0222868453711
            jaz: 0.396850377321
            met: 0.0163661409169
            pop: 0.0450393594801
            reg: 0.0619984045625
            roc: 0.135498717427
        probability: 0.396850377321
        value: "jaz"
    live_studio:
        all:
            live: 0.304830819368
            studio: 0.695169210434
        probability: 0.695169210434
        value: "studio"
    mood:
        all:
            Cluster1: 0.0961862877011
            Cluster2: 0.0491720624268
            Cluster3: 0.55986481905
            Cluster4: 0.0226837936789
            Cluster5: 0.272092998028
        probability: 0.55986481905
        value: "Cluster3"
    mood_acoustic:
        all:
            acoustic: 0.462210029364
            not_acoustic: 0.537790000439
        probability: 0.537790000439
        value: "not_acoustic"
    mood_aggressive:
        all:
            aggressive: 0.025693571195
            not_aggressive: 0.974306404591
        probability: 0.974306404591
        value: "not_aggressive"
    mood_electronic:
        all:
            electronic: 0.488299131393
            not_electronic: 0.511700868607
        probability: 0.511700868607
        value: "not_electronic"
    mood_happy:
        all:
            happy: 0.0534434467554
            not_happy: 0.946556568146
        probability: 0.946556568146
        value: "not_happy"
    mood_party:
        all:
            not_party: 0.971771895885
            party: 0.0282280761749
        probability: 0.971771895885
        value: "not_party"
    mood_relaxed:
        all:
            not_relaxed: 0.0131540326402
            relaxed: 0.986845970154
        probability: 0.986845970154
        value: "relaxed"
    mood_sad:
        all:
            not_sad: 0.0883961468935
            sad: 0.911603868008
        probability: 0.911603868008
        value: "sad"
    rhythm:
        all:
            fast: 0.0406414791942
            medium: 0.365906476974
            slow: 0.593452036381
        probability: 0.593452036381
        value: "slow"
    speech_music:
        all:
            music: 0.827712357044
            speech: 0.172287657857
        probability: 0.827712357044
        value: "music"
    timbre:
        all:
            bright: 0.189468666911
            dark: 0.810531318188
        probability: 0.810531318188
        value: "dark"
    voice_instrumental:
        all:
            instrumental: 0.999985814095
            voice: 1.42139060699e-05
        probability: 0.999985814095
        value: "instrumental"

lowlevel:
    average_loudness: 0.97906601429
    barkbands_kurtosis:
        dmean: 3.66298651695
        dmean2: 5.86032104492
        dvar: 28.2989139557
        dvar2: 69.8180389404
        max: 62.3796234131
        mean: 7.83287763596
        min: 0.560760259628
        var: 39.7729530334
    barkbands_skewness:
        dmean: 0.534535527229
        dmean2: 0.829702138901
        dvar: 0.264122158289
        dvar2: 0.580568611622
        max: 4.94983673096
        mean: 1.86813819408
        min: -0.448510468006
        var: 0.69365799427
    barkbands_spread:
        dmean: 1.94857788086
        dmean2: 3.14807748795
        dvar: 3.71632409096
        dvar2: 8.62944698334
        max: 22.2781429291
        mean: 7.42824077606
        min: 0.845361769199
        var: 8.19330120087
    dissonance:
        dmean: 0.0418868139386
        dmean2: 0.0695665031672
        dvar: 0.00131006038282
        dvar2: 0.00355866458267
        max: 0.491831451654
        mean: 0.419026136398
        min: 0.225619733334
        var: 0.00189280847553
    hfc:
        dmean: 0.673090040684
        dmean2: 1.01066076756
        dvar: 1.09987056255
        dvar2: 2.49715089798
        max: 10.1193695068
        mean: 1.54852211475
        min: 0.0150147210807
        var: 1.77364873886
    pitch:
        dmean: 100.277549744
        dmean2: 188.077438354
        dvar: 19616.3828125
        dvar2: 43892.140625
        max: 711.290344238
        mean: 235.619888306
        min: 62.4645881653
        var: 25430.5605469
    pitch_instantaneous_confidence:
        dmean: 0.114965490997
        dmean2: 0.177775129676
        dvar: 0.0106610674411
        dvar2: 0.0247522052377
        max: 0.944135427475
        mean: 0.461785912514
        min: 0.181015491486
        var: 0.0218503884971
    pitch_salience:
        dmean: 0.0901922285557
        dmean2: 0.14448453486
        dvar: 0.00646351557225
        dvar2: 0.0149711826816
        max: 0.836625277996
        mean: 0.559111356735
        min: 0.19276574254
        var: 0.0137448422611
    silence_rate_20dB:
        dmean: 0
        dmean2: 0
        dvar: 0
        dvar2: 0
        max: 1
        mean: 1
        min: 1
        var: 0
    silence_rate_30dB:
        dmean: 0
        dmean2: 0
        dvar: 0
        dvar2: 0
        max: 1
        mean: 1
        min: 1
        var: 0
    silence_rate_60dB:
        dmean: 0.211136892438
        dmean2: 0.423255801201
        dvar: 0.166558131576
        dvar2: 0.295273333788
        max: 1
        mean: 0.488425940275
        min: 0
        var: 0.249867215753
    spectral_centroid:
        dmean: 67.8736038208
        dmean2: 94.2584609985
        dvar: 4433.52832031
        dvar2: 8271.0703125
        max: 835.143737793
        mean: 417.131408691
        min: 159.967132568
        var: 15124.5322266
    spectral_complexity:
        dmean: 1.34883725643
        dmean2: 2.17715620995
        dvar: 1.39924120903
        dvar2: 3.180737257
        max: 13
        mean: 6.6194896698
        min: 0
        var: 3.88305425644
    spectral_crest:
        dmean: 2.99694561958
        dmean2: 4.90906143188
        dvar: 7.91533374786
        dvar2: 16.1264400482
        max: 25.2146167755
        mean: 11.41223526
        min: 4.38732337952
        var: 16.4256458282
    spectral_decrease:
        dmean: 3.7949823839e-10
        dmean2: 5.43714795409e-10
        dvar: 2.16938119358e-19
        dvar2: 4.61998776879e-19
        max: -1.10860114491e-11
        mean: -9.63162882783e-10
        min: -4.33789359988e-09
        var: 4.60618315835e-19
    spectral_energy:
        dmean: 0.00148937513586
        dmean2: 0.00213738833554
        dvar: 3.40689462064e-06
        dvar2: 7.30151759853e-06
        max: 0.0172900594771
        mean: 0.0037756501697
        min: 4.32028500654e-05
        var: 7.12999872121e-06
    spectral_energyband_high:
        dmean: 3.47319473804e-06
        dmean2: 6.00691100772e-06
        dvar: 8.22504703235e-11
        dvar2: 2.34594399462e-10
        max: 0.000130782093038
        mean: 7.80946447776e-06
        min: 1.47213086166e-07
        var: 9.15407402657e-11
    spectral_energyband_low:
        dmean: 0.000581611529924
        dmean2: 0.000723710341845
        dvar: 6.0149568526e-07
        dvar2: 8.92320315415e-07
        max: 0.00841164495796
        mean: 0.00112874084152
        min: 7.75584567236e-07
        var: 1.62840024132e-06
    spectral_energyband_middle_high:
        dmean: 6.85849008732e-05
        dmean2: 0.000111945468234
        dvar: 1.19852163749e-08
        dvar2: 3.17506092529e-08
        max: 0.00101601111237
        mean: 0.000163686621818
        min: 1.9919227725e-06
        var: 1.74533880681e-08
    spectral_energyband_middle_low:
        dmean: 0.00120534398593
        dmean2: 0.00186004990246
        dvar: 3.11833923661e-06
        dvar2: 6.97286031937e-06
        max: 0.0166768468916
        mean: 0.00247536925599
        min: 3.61971906386e-05
        var: 4.95143967782e-06
    spectral_flatness_db:
        dmean: 0.0225803814828
        dmean2: 0.0342956446111
        dvar: 0.000441222277004
        dvar2: 0.0010137379868
        max: 0.361111044884
        mean: 0.232233136892
        min: 0.14157268405
        var: 0.00109551940113
    spectral_flux:
        dmean: 0.0122824311256
        dmean2: 0.0206370204687
        dvar: 0.00018255757459
        dvar2: 0.000454076740425
        max: 0.111517399549
        mean: 0.0291050337255
        min: 0.00657288730145
        var: 0.000243900169153
    spectral_kurtosis:
        dmean: 3.3658144474
        dmean2: 5.62433338165
        dvar: 10.2118444443
        dvar2: 25.7686347961
        max: 30.5653915405
        mean: 12.5517482758
        min: 2.42949438095
        var: 24.4751625061
    spectral_rms:
        dmean: 0.000366751482943
        dmean2: 0.000514772022143
        dvar: 1.45334610124e-07
        dvar2: 2.93221546599e-07
        max: 0.00410710973665
        mean: 0.00181811326183
        min: 0.00020530250913
        var: 3.78025333703e-07
    spectral_rolloff:
        dmean: 78.3708190918
        dmean2: 130.504211426
        dvar: 14353.6816406
        dvar2: 33979.796875
        max: 1571.92382812
        mean: 554.467224121
        min: 129.19921875
        var: 21947.7246094
    spectral_skewness:
        dmean: 0.322263062
        dmean2: 0.525506913662
        dvar: 0.0818875804543
        dvar2: 0.211920395494
        max: 4.43607854843
        mean: 3.01824259758
        min: 1.61803388596
        var: 0.254629582167
    spectral_spread:
        dmean: 612218.375
        dmean2: 965713.75
        dvar: 436472283136
        dvar2: 1.02149095424e+12
        max: 7964885
        mean: 3777321
        min: 1273527.625
        var: 1.12894083072e+12
    spectral_strongpeak:
        dmean: 0.236248761415
        dmean2: 0.37736800313
        dvar: 0.098523594439
        dvar2: 0.214133679867
        max: 2.5887465477
        mean: 0.393444895744
        min: 0.010760396719
        var: 0.148935139179
    zerocrossingrate:
        dmean: 0.00385287962854
        dmean2: 0.00470297923312
        dvar: 1.0021264643e-05
        dvar2: 1.41071650432e-05
        max: 0.05224609375
        mean: 0.0259842667729
        min: 0.0068359375
        var: 5.3964991821e-05
    barkbands:
        dmean: [1.5468889103e-07, 0.00011480118701, 0.000477768306155, 7.2316834121e-05, 0.000222965623834, 0.000225066047278, 0.000344493426383, 0.00065537460614, 0.000126136888866, 3.19822029269e-05, 7.72433759266e-06, 8.33764443087e-06, 1.1240216736e-05, 1.26702161651e-05, 6.92567800797e-06, 7.58786336519e-06, 6.80687935528e-06, 7.51302513891e-06, 5.4909546634e-06, 3.80782580578e-06, 1.87029786503e-06, 6.07953495546e-07, 2.5643461754e-07, 2.09493478565e-07, 1.06034079295e-07, 1.03898951664e-08, 1.97825755777e-10]
        dmean2: [2.03336725235e-07, 0.000149967003381, 0.000588824215811, 0.000117723408039, 0.000357008131687, 0.000376946816687, 0.000542564433999, 0.0010034533916, 0.000217054286622, 5.33971906407e-05, 1.29814716274e-05, 1.42098933793e-05, 1.95869561139e-05, 2.13285402424e-05, 1.13241339932e-05, 1.10398732431e-05, 1.03362708614e-05, 1.27662997329e-05, 9.35812931857e-06, 6.47419165034e-06, 3.31333535541e-06, 9.59380486165e-07, 4.13150246459e-07, 3.23926798274e-07, 1.53387503588e-07, 1.55308068628e-08, 3.43985701035e-10]
        dvar: [2.61674687994e-12, 2.38444872735e-08, 4.12688081042e-07, 1.01988186785e-08, 6.6969327861e-08, 9.4301285003e-08, 6.10558288372e-07, 2.29173406296e-06, 8.50683363751e-08, 4.33277369538e-09, 1.5642898088e-10, 2.38191716351e-10, 1.86597892693e-09, 4.42281017365e-10, 1.56547219632e-10, 1.45467596302e-10, 1.47365425418e-10, 2.40475361846e-10, 8.04253746933e-11, 2.78631874517e-11, 3.2427571045e-11, 9.30939787064e-13, 2.69466930323e-13, 1.42216086455e-13, 3.36255918671e-14, 5.14058684095e-16, 7.20891652002e-20]
        dvar2: [2.65169266753e-12, 3.73096504802e-08, 6.06733067343e-07, 2.55092587054e-08, 1.47540546891e-07, 2.31980479271e-07, 1.34658000661e-06, 4.99931820741e-06, 2.21541668566e-07, 1.18668772586e-08, 4.27899798927e-10, 6.22966345176e-10, 5.42256550773e-09, 1.14859866063e-09, 3.39300226804e-10, 2.53694454333e-10, 3.12036868566e-10, 6.11569461739e-10, 2.31747565582e-10, 7.93839577407e-11, 9.22968784733e-11, 2.14538521497e-12, 6.50421231631e-13, 3.43715209289e-13, 7.23555262472e-14, 1.23622341069e-15, 1.95365236057e-19]
        max: [3.35989243467e-05, 0.00126855622511, 0.00714308582246, 0.00134098646231, 0.00262894877233, 0.00327168521471, 0.00751926796511, 0.0146131571382, 0.00361484382302, 0.000799852714408, 0.00011135947716, 0.000157470116392, 0.000568654155359, 0.000195987609914, 0.000166314566741, 0.000171503037564, 0.000189622747712, 0.000140302858199, 8.50748037919e-05, 5.7171087974e-05, 8.06617244962e-05, 1.20089380289e-05, 6.99627707945e-06, 5.22911795997e-06, 1.9506519493e-06, 3.0018205166e-07, 3.24239413096e-09]
        mean: [1.41972492429e-07, 0.000186871227925, 0.000941777369007, 9.50314060901e-05, 0.000373325601686, 0.000477775407489, 0.000485408410896, 0.000835432030726, 0.000197928224225, 4.60317642137e-05, 1.36670387292e-05, 1.40543006637e-05, 1.28545261759e-05, 2.21124482778e-05, 1.25486940306e-05, 1.56349178724e-05, 1.30606376842e-05, 1.023558616e-05, 8.17767249828e-06, 7.74518139224e-06, 3.30364741785e-06, 1.44210332564e-06, 4.77411560951e-07, 3.97344052772e-07, 2.04097432288e-07, 1.49672025884e-08, 1.86566539995e-10]
        min: [1.83463383374e-11, 2.93847421062e-07, 3.27151326474e-07, 1.60428567142e-06, 7.33028900868e-06, 9.38308858167e-06, 3.72608224097e-06, 1.62665230619e-06, 2.05334956149e-07, 3.91492164908e-07, 2.06460669006e-07, 3.70781556569e-08, 2.32636963915e-07, 4.13109944475e-07, 1.09958769201e-07, 6.70690454285e-08, 1.50558278733e-07, 2.55127758919e-08, 4.32694875485e-08, 1.48082108353e-07, 2.80877756609e-08, 2.46920812685e-08, 1.76597172441e-08, 6.15490058919e-09, 1.7045935774e-09, 5.32279879895e-11, 1.18487020868e-13]
        var: [2.64720472105e-12, 5.15519822386e-08, 1.18381421998e-06, 1.46319676375e-08, 1.19062235626e-07, 2.59522749957e-07, 7.71484906181e-07, 2.88872251986e-06, 8.92372327144e-08, 3.70568820074e-09, 1.88311560789e-10, 3.29069160809e-10, 1.11123854563e-09, 7.57240548044e-10, 2.69146593901e-10, 4.52998832889e-10, 5.76326542046e-10, 2.40587272327e-10, 9.68731206363e-11, 4.04732081183e-11, 2.64981214054e-11, 2.83278240275e-12, 4.57375348532e-13, 2.63535693918e-13, 6.04575051588e-14, 6.17112418227e-16, 6.97590555758e-20]
    mfcc:
        mean: [-799.707946777, 177.981002808, -2.89440345764, 35.3038291931, -11.6536169052, -12.600607872, -10.9314060211, -9.93587779999, -1.35801255703, 8.71059131622, 2.5145778656, -2.70127105713, -2.07680797577]
        cov: [[1192.66931152, -149.36567688, -22.2463188171, -61.570400238, 76.9721832275, -29.5159416199, -61.0377235413, 11.0958623886, 21.7927513123, -45.3960151672, 37.1284370422, 63.2508583069, 44.6022720337], [-149.36567688, 315.271331787, -72.8426971436, -4.77141237259, 5.96256017685, -4.97704410553, 9.03196334839, 12.6907253265, 21.3851985931, 9.54080581665, 8.77979755402, 11.0058927536, 5.45366811752], [-22.2463188171, -72.8426971436, 309.235321045, 69.5378341675, 53.4039344788, 105.898361206, 97.0649108887, 40.67237854, 21.6058387756, 55.8746185303, 11.7992343903, -4.51083850861, 19.3923091888], [-61.570400238, -4.77141237259, 69.5378341675, 152.919998169, 55.5222930908, 47.758480072, 46.0002593994, 43.6423339844, 24.6404533386, 10.3555288315, 5.56212711334, 0.571384966373, 7.13448047638], [76.9721832275, 5.96256017685, 53.4039344788, 55.5222930908, 125.453826904, 54.6504669189, 1.85715699196, 20.4266242981, 23.2497234344, -0.0364746786654, -15.1603269577, 1.4822422266, 13.3054866791], [-29.5159416199, -4.97704410553, 105.898361206, 47.758480072, 54.6504669189, 119.481750488, 57.5425415039, 5.91370916367, 10.9509153366, 26.2538261414, 0.525430858135, -6.60291099548, 8.77661895752], [-61.0377235413, 9.03196334839, 97.0649108887, 46.0002593994, 1.85715699196, 57.5425415039, 96.7780685425, 31.6086559296, 9.82998275757, 32.571346283, 14.8474617004, -1.15521466732, 0.319001585245], [11.0958623886, 12.6907253265, 40.67237854, 43.6423339844, 20.4266242981, 5.91370916367, 31.6086559296, 71.4061965942, 37.9301795959, 6.45584106445, -2.41029858589, -1.95072507858, 3.96727204323], [21.7927513123, 21.3851985931, 21.6058387756, 24.6404533386, 23.2497234344, 10.9509153366, 9.82998275757, 37.9301795959, 65.6499023438, 21.7216205597, -6.71841430664, -6.68313789368, 0.947566092014], [-45.3960151672, 9.54080581665, 55.8746185303, 10.3555288315, -0.0364746786654, 26.2538261414, 32.571346283, 6.45584106445, 21.7216205597, 62.4273719788, 27.354932785, -0.317180156708, 3.02135062218], [37.1284370422, 8.77979755402, 11.7992343903, 5.56212711334, -15.1603269577, 0.525430858135, 14.8474617004, -2.41029858589, -6.71841430664, 27.354932785, 76.1055831909, 36.9449768066, 8.72332191467], [63.2508583069, 11.0058927536, -4.51083850861, 0.571384966373, 1.4822422266, -6.60291099548, -1.15521466732, -1.95072507858, -6.68313789368, -0.317180156708, 36.9449768066, 73.6091842651, 25.8465652466], [44.6022720337, 5.45366811752, 19.3923091888, 7.13448047638, 13.3054866791, 8.77661895752, 0.319001585245, 3.96727204323, 0.947566092014, 3.02135062218, 8.72332191467, 25.8465652466, 48.3531150818]]
        icov: [[0.00126716226805, 0.000803524511866, 0.000142671560752, 0.00118813314475, -0.00138235045597, 0.000357920245733, -0.000354321906343, -4.07326442655e-05, -0.00141529319808, 0.00174760131631, -0.00160215015057, -0.000165873891092, -0.000874679186381], [0.000803524511866, 0.00432071182877, 0.0019433205016, 0.00128248927649, -0.00172424921766, 0.000170058192452, -0.00213783513755, -0.000332828843966, -0.00193992676213, 0.000306867674226, -0.00119059206918, -0.000342033978086, -0.00129565387033], [0.000142671560752, 0.0019433205016, 0.0070519191213, 0.000313228141749, -0.00168838596437, -0.00260952604003, -0.00392781943083, -0.00227208109573, 0.00114685227163, -0.0036943082232, 0.000506775511894, 0.000265767681412, -0.00209975568578], [0.00118813314475, 0.00128248927649, 0.000313228141749, 0.0113882226869, -0.0049867327325, -0.00060396612389, -0.00387018546462, -0.00360135314986, -0.00210581207648, 0.00349412951618, -0.00356832216494, 0.000610396091361, -0.00110329524614], [-0.00138235045597, -0.00172424921766, -0.00168838596437, -0.0049867327325, 0.0163423288614, -0.00840047746897, 0.00877264607698, -0.00330223073252, 0.000259374966845, -0.00111131113954, 0.00431872950867, -0.0019607974682, 0.000456733891042], [0.000357920245733, 0.000170058192452, -0.00260952604003, -0.00060396612389, -0.00840047746897, 0.0206023715436, -0.011915110983, 0.0096269166097, -0.00329265743494, 0.000629654852673, -0.000292276759865, 0.00233324011788, -0.00252217845991], [-0.000354321906343, -0.00213783513755, -0.00392781943083, -0.00387018546462, 0.00877264607698, -0.011915110983, 0.0290329735726, -0.0133048258722, 0.00834981910884, -0.00827449373901, 0.00136710237712, -0.00235263979994, 0.00472743809223], [-4.07326442655e-05, -0.000332828843966, -0.00227208109573, -0.00360135314986, -0.00330223073252, 0.0096269166097, -0.0133048258722, 0.0325178168714, -0.0181482918561, 0.00957036390901, -0.00211682659574, 0.00200791470706, -0.00283499481156], [-0.00141529319808, -0.00193992676213, 0.00114685227163, -0.00210581207648, 0.000259374966845, -0.00329265743494, 0.00834981910884, -0.0181482918561, 0.0330176725984, -0.0178480818868, 0.00844327546656, -0.00144680391531, 0.00305362022482], [0.00174760131631, 0.000306867674226, -0.0036943082232, 0.00349412951618, -0.00111131113954, 0.000629654852673, -0.00827449373901, 0.00957036390901, -0.0178480818868, 0.0365891829133, -0.0162923131138, 0.00639186473563, -0.00363363767974], [-0.00160215015057, -0.00119059206918, 0.000506775511894, -0.00356832216494, 0.00431872950867, -0.000292276759865, 0.00136710237712, -0.00211682659574, 0.00844327546656, -0.0162923131138, 0.0271442979574, -0.0127790318802, 0.00375110073946], [-0.000165873891092, -0.000342033978086, 0.000265767681412, 0.000610396091361, -0.0019607974682, 0.00233324011788, -0.00235263979994, 0.00200791470706, -0.00144680391531, 0.00639186473563, -0.0127790318802, 0.0242517068982, -0.0110672889277], [-0.000874679186381, -0.00129565387033, -0.00209975568578, -0.00110329524614, 0.000456733891042, -0.00252217845991, 0.00472743809223, -0.00283499481156, 0.00305362022482, -0.00363363767974, 0.00375110073946, -0.0110672889277, 0.0285789631307]]
    spectral_contrast:
        mean: [-4.96219911383e-07, -5.77917003142e-09, -7.16967107905e-08, -1.46729760786e-07, -2.80563625665e-07, 3.97940510766e-07, -6.2342860474e-07, 2.1672373407e-07, -3.41627264788e-06, -2.31815056395e-06, -2.88315004582e-06, 1.37270467349e-06]
        var: [0.000168290513102, 0.000551087665372, 0.00112342915963, 0.00197384343483, 0.00373895652592, 0.00424959417433, 0.0509914793074, 0.0733485221863, 0.0981245264411, 0.205869674683, 0.276294916868, 0.723000884056]

rhythm:
    beats_loudness:
        dmean: 0.00346927158535
        dmean2: 0.00618105148897
        dvar: 6.90163642503e-06
        dvar2: 1.89029215107e-05
        max: 0.0103759597987
        mean: 0.0045666960068
        min: 0.00129582732916
        var: 7.81732705946e-06
    beats_loudness_bass:
        dmean: 0.283651024103
        dmean2: 0.481176495552
        dvar: 0.04320345819
        dvar2: 0.0556185878813
        max: 0.792151212692
        mean: 0.352379083633
        min: 0.0473143160343
        var: 0.0528173744678
    bpm: 110.006225586
    bpm_confidence: 0
    first_peak_bpm: 110
    first_peak_spread: 0
    first_peak_weight: 0.625
    onset_rate: 4.69769906998
    second_peak_bpm: 82
    second_peak_spread: 0
    second_peak_weight: 0.3125
    beats_position: [0.0413659848273, 0.586794197559, 1.13222241402, 1.67765057087, 2.22307872772, 2.76850700378, 3.31393527985, 3.85936355591, 4.40479183197, 4.95022010803, 5.49564886093, 5.95843648911, 6.69167375565, 7.42491006851, 8.15814590454, 8.89138317108, 9.62461948395]
    bpm_estimates: [110.059280396, 110.266792297, 110.30329895, 109.973220825, 109.428520203]
    bpm_intervals: [0.545428216457, 0.545428216457, 0.545428156853, 0.545428156853, 0.545428276062, 0.545428276062, 0.545428276062, 0.545428276062, 0.545428276062, 0.545428752899, 0.462787628174, 0.733237266541, 0.733236312866, 0.733235836029, 0.733237266541, 0.733236312866]
    onset_times: [0.0348299331963, 0.27863946557, 0.476009070873, 0.592108845711, 0.870748281479, 0.99845802784, 1.19582772255, 1.42802715302, 1.57895696163, 1.84598636627, 2.10140585899, 2.22911572456, 2.35682535172, 2.47292518616, 2.79800462723, 3.08825397491, 3.20435380936, 3.32045340538, 3.50621318817, 4.00544214249, 4.19120168686, 4.29569149017, 4.42340135574, 4.67882108688, 5.00390005112, 5.4334692955, 5.51473903656, 5.71210861206, 6.3042178154, 6.44353723526, 6.58285713196, 6.61768722534, 6.66412687302, 6.91954660416, 7.22140598297, 7.4884352684, 7.66258525848, 8.103764534, 8.31274414062, 8.44045352936, 8.73070335388, 8.85841274261, 9.14866256714, 9.287981987, 9.42730140686, 9.69433116913, 9.85687065125]
    rubato_start: [6.69167375565]
    rubato_stop: [9.62461948395]
    perceptual_tempo: "unknown"

sfx:
    inharmonicity:
        dmean: 0.0141828171909
        dmean2: 0.0266542062163
        dvar: 0.000761190894991
        dvar2: 0.00212326506153
        max: 0.24650798738
        mean: 0.0107432641089
        min: 0
        var: 0.00052403047448
    oddtoevenharmonicenergyratio:
        dmean: 2.10423755646
        dmean2: 4.07497596741
        dvar: 77.1787261963
        dvar2: 226.655273438
        max: 95.4892883301
        mean: 1.24725174904
        min: 0
        var: 42.3587684631
    pitch_after_max_to_before_max_energy_ratio: 0.31523630023
    pitch_centroid: 209.266784668
    pitch_max_to_total: 0.721577703953
    pitch_min_to_total: 0.566125273705
    tristimulus:
        dmean: [0.205835133791, 0.198707640171, 0.0355339422822]
        dmean2: [0.360982120037, 0.347073256969, 0.0647867545485]
        dvar: [0.0434884242713, 0.0387874953449, 0.00228724861518]
        dvar2: [0.115712784231, 0.102287121117, 0.00695293722674]
        max: [1, 0.904427170753, 0.35266071558]
        mean: [0.704265356064, 0.258950918913, 0.0298101399094]
        min: [0.0271385107189, 0, 0]
        var: [0.0552972406149, 0.0513979643583, 0.00162952393293]

tonal:
    chords_changes_rate: 0.0737327188253
    chords_number_rate: 0.0184331797063
    chords_strength:
        dmean: 0.00948873348534
        dmean2: 0.00997532624751
        dvar: 5.25162358826e-05
        dvar2: 6.60120349494e-05
        max: 0.607306957245
        mean: 0.494400799274
        min: 0.374454885721
        var: 0.00220674904995
    key_strength: 0.614947795868
    tuning_diatonic_strength: 0.468559473753
    tuning_equal_tempered_deviation: 0.085382938385
    tuning_frequency: 442.293365479
    tuning_nontempered_energy_ratio: 0.702090919018
    hpcp:
        dmean: [0.314563214779, 0.289003312588, 0.237043827772, 0.0980202108622, 0.0227030944079, 0.0406543910503, 0.121947750449, 0.13096934557, 0.100671805441, 0.14496307075, 0.132627129555, 0.075518079102, 0.0304802544415, 0.0437972992659, 0.129217594862, 0.179947018623, 0.116069704294, 0.0294981077313, 0.0151138687506, 0.0229976288974, 0.0838782936335, 0.15119343996, 0.132432103157, 0.0724059417844, 0.0620883218944, 0.0863170176744, 0.0959579572082, 0.104607149959, 0.0679276362062, 0.0695415958762, 0.114924676716, 0.134821504354, 0.172041028738, 0.164743006229, 0.15746742487, 0.257683575153]
        dmean2: [0.538490951061, 0.472948819399, 0.41349747777, 0.183145135641, 0.0406412445009, 0.0731179267168, 0.20647777617, 0.230445563793, 0.165507540107, 0.24362321198, 0.226407423615, 0.125370502472, 0.0517791621387, 0.0681719556451, 0.222270190716, 0.304422318935, 0.200272172689, 0.0547649823129, 0.025052934885, 0.0377006679773, 0.137430161238, 0.240004375577, 0.211207017303, 0.124389328063, 0.108209371567, 0.156088039279, 0.160792961717, 0.170177400112, 0.121045134962, 0.125082880259, 0.194748178124, 0.236395746469, 0.28755530715, 0.294480204582, 0.283111870289, 0.4427318573]
        dvar: [0.0789072141051, 0.0764073878527, 0.0836849883199, 0.0307562928647, 0.00302003812976, 0.00402515288442, 0.037281408906, 0.0474627763033, 0.0162677858025, 0.0388738587499, 0.0465920493007, 0.0302274022251, 0.00203451467678, 0.00718593597412, 0.0441390424967, 0.0626046508551, 0.0277226436883, 0.0022303906735, 0.00232357881032, 0.00525335036218, 0.0122104827315, 0.0405404604971, 0.0327303744853, 0.0228602159768, 0.0154363652691, 0.0299356114119, 0.0247763972729, 0.0226584542543, 0.0128812594339, 0.011781216599, 0.0326618663967, 0.03721954301, 0.0722291767597, 0.0698969960213, 0.0417317189276, 0.0740392357111]
        dvar2: [0.18161290884, 0.172728672624, 0.198061496019, 0.0827984213829, 0.0065294043161, 0.0103316493332, 0.0980465933681, 0.111871756613, 0.040915645659, 0.0904765352607, 0.101282507181, 0.0673620328307, 0.00519126839936, 0.0118295876309, 0.0784854963422, 0.126288488507, 0.0637601464987, 0.00606407457963, 0.0029104873538, 0.00647275522351, 0.0274036191404, 0.0773893073201, 0.0796335339546, 0.0554236918688, 0.0432972162962, 0.0886119008064, 0.0627554059029, 0.0512113384902, 0.0337694846094, 0.0312738455832, 0.0836609974504, 0.0931497588754, 0.178648799658, 0.145517975092, 0.115414120257, 0.183011382818]
        max: [1, 1, 1, 0.912225544453, 0.512097835541, 0.394416749477, 1, 1, 0.930695652962, 1, 1, 1, 0.267956405878, 1, 1, 1, 1, 0.265077888966, 0.666325509548, 1, 0.728824257851, 1, 1, 1, 0.979851841927, 1, 1, 1, 0.999514102936, 0.683486938477, 1, 1, 1, 1, 1, 1]
        mean: [0.416282653809, 0.39726832509, 0.205776870251, 0.0659121349454, 0.0169802866876, 0.0456853546202, 0.135421603918, 0.144837781787, 0.141695290804, 0.202404528856, 0.158148154616, 0.0640424862504, 0.0288713946939, 0.0477430336177, 0.181782022119, 0.281112283468, 0.15461294353, 0.0256127547473, 0.0129616772756, 0.0187472570688, 0.113380372524, 0.235491037369, 0.168790653348, 0.0695389211178, 0.0664901211858, 0.0737000405788, 0.105289049447, 0.120655931532, 0.0709194913507, 0.0653523281217, 0.129178196192, 0.13937599957, 0.153305992484, 0.152556106448, 0.11572304368, 0.225573450327]
        min: [0.000984919839539, 0.000661154510453, 0.000818331376649, 0.000509670993779, 0.000199438320124, 0.00102550769225, 0.000693596317433, 0.00089891673997, 0.000387117499486, 0.000257199892076, 0.000386557425372, 0, 0, 0, 0, 0.000732637068722, 0.000519691966474, 0.000166630052263, 0.000164338751347, 0.000125348480651, 0.000267860246822, 0.00237327464856, 0.00192543037701, 0.000404456921387, 7.33509514248e-05, 2.98402846965e-05, 0.000348534842487, 0.000629233196378, 0.000463369302452, 0.00069121515844, 0.000240468347329, 0.000373010203475, 0.000195427666768, 0, 0, 0.000426701153629]
        var: [0.129022583365, 0.132767811418, 0.0896033644676, 0.0215501431376, 0.0023308948148, 0.00494299363345, 0.0438984036446, 0.0629833340645, 0.0298581253737, 0.0686450526118, 0.0582257062197, 0.030559213832, 0.00235033850186, 0.00954497884959, 0.0750635638833, 0.124725878239, 0.0457674190402, 0.00184010795783, 0.00226857210509, 0.0051547838375, 0.0203431230038, 0.0859866663814, 0.0457808598876, 0.0251148212701, 0.0209709797055, 0.0223873723298, 0.0316647328436, 0.0384941808879, 0.0147300763056, 0.0098778354004, 0.0385427437723, 0.0452929697931, 0.075059928, 0.0801397562027, 0.0352769456804, 0.0762286707759]
    chords_histogram: [30.4147472382, 3.68663597107, 45.6221199036, 0, 0, 0, 0, 20.2764968872, 0, 0, 0, 0, 0, 0, 0, 0, 0, 0, 0, 0, 0, 0, 0, 0]
    thpcp: [1, 0.954323530197, 0.494320064783, 0.15833504498, 0.0407902821898, 0.10974599421, 0.325311660767, 0.347931355238, 0.340382397175, 0.486218988895, 0.379905700684, 0.15384376049, 0.0693552643061, 0.11468898505, 0.436679303646, 0.675291836262, 0.371413379908, 0.0615273155272, 0.0311367213726, 0.0450349226594, 0.272363901138, 0.565699875355, 0.405471265316, 0.1670473665, 0.159723490477, 0.177043259144, 0.252926826477, 0.289841353893, 0.170363798738, 0.156990274787, 0.310313671827, 0.334810972214, 0.368273794651, 0.366472393274, 0.277991503477, 0.541875660419]
    chords_key: "A"
    chords_scale: "minor"
    key_key: "D"
    key_scale: "minor"
    chords_progression: ["Am", "Am", "Am", "Am", "Am", "Am", "Am", "Am", "Am", "Am", "Am", "Am", "Am", "Am", "Am", "Am", "Am", "Am", "Am", "Am", "Am", "Am", "Am", "Am", "D", "D", "D", "D", "D", "D", "D", "D", "D", "D", "D", "D", "D", "D", "D", "D", "D", "D", "D", "D", "D", "D", "D", "D", "Dm", "Am", "Dm", "Dm", "Dm", "Dm", "Dm", "Dm", "Dm", "Dm", "Dm", "Dm", "Dm", "Dm", "Dm", "Dm", "Dm", "Dm", "Dm", "Dm", "Dm", "Dm", "Dm", "Dm", "Dm", "Dm", "D", "D", "D", "D", "D", "D", "D", "D", "Dm", "Dm", "D", "Dm", "Dm", "Dm", "Dm", "Dm", "Dm", "Am", "Am", "Am", "Am", "Am", "Am", "Am", "Am", "Am", "Am", "Am", "Am", "Am", "Am", "Am", "Am", "Am", "Am", "Am", "Am", "Am", "Am", "Am", "Am", "Am", "Am", "Am", "Am", "Am", "Am", "Am", "Am", "Am", "Am", "Am", "Am", "Am", "Am", "Am", "Am", "Am", "Am", "Am", "Am", "Am", "D", "D", "F", "Dm", "F", "F", "F", "F", "F", "F", "F", "Dm", "Dm", "Dm", "Dm", "Dm", "Dm", "Dm", "Dm", "Dm", "Dm", "Dm", "Dm", "Dm", "Dm", "Dm", "Dm", "Dm", "Dm", "Dm", "Dm", "Dm", "Dm", "Dm", "Dm", "Dm", "Dm", "Dm", "Dm", "Dm", "Dm", "Dm", "Dm", "D", "D", "D", "D", "D", "D", "D", "D", "D", "Am", "Am", "Am", "Am", "Am", "Am", "Am", "Am", "Am", "Am", "Am", "Am", "Am", "Am", "Am", "Am", "Am", "Am", "Am", "Am", "Am", "Am", "Am", "Am", "Am", "Am", "Am", "Am", "Am"]
