
metadata:
    version:
        essentia: "1.2.2"
    audio_properties:
        analysis_sample_rate: 44100
        bitrate: 128
        channels: 2
        equal_loudness: 1
        length: 10.0310201645
        replay_gain: -4.05293464661
        downmix: "mix"
    tags:
        track: 32
        year: 0
        album: "Splitted by Mp3Splt v. 2.1"
        artist: "From 005.10 To 005.20"
        comment: "http://mp3splt.sf.net"
        genre: ""
        title: "01 round here.mp3"

highlevel:
    ballroom:
        all:
            ChaChaCha: 0.000485014315927
            Jive: 0.000181330295163
            Quickstep: 0.0025930525735
            Rumba-American: 0.00686621014029
            Rumba-International: 0.00575125217438
            Rumba-Misc: 0.039873495698
            Samba: 0.000218169487198
            Tango: 0.0272624418139
            VienneseWaltz: 0.0791105404496
            Waltz: 0.837658464909
        probability: 0.837658464909
        value: "Waltz"
    culture:
        all:
            non_western: 0.635899722576
            western: 0.364100247622
        probability: 0.635899722576
        value: "non_western"
    gender:
        all:
            female: 0.725825667381
            male: 0.274174332619
        probability: 0.725825667381
        value: "female"
    genre_dortmund:
        all:
            alternative: 0.185532212257
            blues: 0.0177441556007
            electronic: 0.0283683538437
            folkcountry: 0.221343100071
            funksoulrnb: 0.00901802815497
            jazz: 0.328279316425
            pop: 0.0574660003185
            raphiphop: 0.0011595399119
            rock: 0.151089295745
        probability: 0.328279316425
        value: "jazz"
    genre_electronica:
        all:
            ambient: 0.976744234562
            dnb: 0.00109130400233
            house: 0.0177748277783
            techno: 0.00115817575715
            trance: 0.00323144905269
        probability: 0.976744234562
        value: "ambient"
    genre_rosamerica:
        all:
            cla: 0.461060881615
            dan: 0.00425676442683
            hip: 0.00462437234819
            jaz: 0.345169723034
            pop: 0.0545990355313
            rhy: 0.0789584591985
            roc: 0.0440289080143
            spe: 0.00730186700821
        probability: 0.461060881615
        value: "cla"
    genre_tzanetakis:
        all:
            blu: 0.00378277432173
            cla: 0.819878637791
            cou: 0.0214721765369
            dis: 0.00381617667153
            hip: 0.000909270776901
            jaz: 0.133255556226
            met: 0.00120094732847
            pop: 0.00601610727608
            reg: 0.00492765521631
            roc: 0.00474068056792
        probability: 0.819878637791
        value: "cla"
    live_studio:
        all:
            live: 0.140515878797
            studio: 0.859484136105
        probability: 0.859484136105
        value: "studio"
    mood:
        all:
            Cluster1: 0.0457937084138
            Cluster2: 0.0792397260666
            Cluster3: 0.811736762524
            Cluster4: 0.0573637075722
            Cluster5: 0.00586610473692
        probability: 0.811736762524
        value: "Cluster3"
    mood_acoustic:
        all:
            acoustic: 0.827474713326
            not_acoustic: 0.172525271773
        probability: 0.827474713326
        value: "acoustic"
    mood_aggressive:
        all:
            aggressive: 3.84588849656e-09
            not_aggressive: 1
        probability: 1
        value: "not_aggressive"
    mood_electronic:
        all:
            electronic: 0.156827971339
            not_electronic: 0.84317201376
        probability: 0.84317201376
        value: "not_electronic"
    mood_happy:
        all:
            happy: 0.00874467939138
            not_happy: 0.99125534296
        probability: 0.99125534296
        value: "not_happy"
    mood_party:
        all:
            not_party: 0.994762420654
            party: 0.00523755466565
        probability: 0.994762420654
        value: "not_party"
    mood_relaxed:
        all:
            not_relaxed: 0.0161333084106
            relaxed: 0.983866691589
        probability: 0.983866691589
        value: "relaxed"
    mood_sad:
        all:
            not_sad: 0.0380216948688
            sad: 0.961978316307
        probability: 0.961978316307
        value: "sad"
    rhythm:
        all:
            fast: 0.000150944426423
            medium: 0.0826466158032
            slow: 0.917202413082
        probability: 0.917202413082
        value: "slow"
    speech_music:
        all:
            music: 0.951786577702
            speech: 0.0482134446502
        probability: 0.951786577702
        value: "music"
    timbre:
        all:
            bright: 0.969071865082
            dark: 0.0309281107038
        probability: 0.969071865082
        value: "bright"
    voice_instrumental:
        all:
            instrumental: 0.993879318237
            voice: 0.00612067012116
        probability: 0.993879318237
        value: "instrumental"

lowlevel:
    average_loudness: 0.560236036777
    barkbands_kurtosis:
        dmean: 2.0658082962
        dmean2: 2.26278710365
        dvar: 26.4332542419
        dvar2: 37.9036865234
        max: 101.526268005
        mean: 3.51704835892
        min: -1.7949719429
        var: 74.8023300171
    barkbands_skewness:
        dmean: 0.301957994699
        dmean2: 0.293670654297
        dvar: 0.129391625524
        dvar2: 0.144473284483
        max: 6.36933469772
        mean: 1.06312346458
        min: -3.41151595116
        var: 1.35200560093
    barkbands_spread:
        dmean: 1.0300141573
        dmean2: 1.21578836441
        dvar: 1.80747330189
        dvar2: 2.67678308487
        max: 24.2557582855
        mean: 8.14843559265
        min: 0.384592056274
        var: 26.0732421875
    dissonance:
        dmean: 0.0415639355779
        dmean2: 0.0688797533512
        dvar: 0.00171351851895
        dvar2: 0.00512199383229
        max: 0.488337546587
        mean: 0.337702393532
        min: 0.0654178336263
        var: 0.00757314264774
    hfc:
        dmean: 0.23164999485
        dmean2: 0.274519085884
        dvar: 0.153374150395
        dvar2: 0.229021474719
        max: 13.4464693069
        mean: 2.52972579002
        min: 0.000218411136302
        var: 12.6081457138
    pitch:
        dmean: 15.1746702194
        dmean2: 28.276971817
        dvar: 4619.23046875
        dvar2: 12644.0048828
        max: 735
        mean: 253.849639893
        min: 98.2182617188
        var: 5144.78320312
    pitch_instantaneous_confidence:
        dmean: 0.0290551465005
        dmean2: 0.0379804223776
        dvar: 0.0017001752276
        dvar2: 0.00353159755468
        max: 0.941477179527
        mean: 0.792511343956
        min: 0.371724963188
        var: 0.0176392365247
    pitch_salience:
        dmean: 0.0315231904387
        dmean2: 0.0403106175363
        dvar: 0.00100478692912
        dvar2: 0.00206030858681
        max: 0.819946169853
        mean: 0.496185153723
        min: 0.231019034982
        var: 0.0123541094363
    silence_rate_20dB:
        dmean: 0
        dmean2: 0
        dvar: 0
        dvar2: 0
        max: 1
        mean: 1
        min: 1
        var: 0
    silence_rate_30dB:
        dmean: 0
        dmean2: 0
        dvar: 0
        dvar2: 0
        max: 1
        mean: 1
        min: 1
        var: 0
    silence_rate_60dB:
        dmean: 0.0185185186565
        dmean2: 0.0371229685843
        dvar: 0.018175508827
        dvar2: 0.0357448160648
        max: 1
        mean: 0.732101619244
        min: 0
        var: 0.196128904819
    spectral_centroid:
        dmean: 44.3729438782
        dmean2: 49.2840690613
        dvar: 2858.51245117
        dvar2: 4054.20703125
        max: 1377.56689453
        mean: 684.348083496
        min: 239.769821167
        var: 78068.4921875
    spectral_complexity:
        dmean: 0.54292345047
        dmean2: 0.904651165009
        dvar: 0.480178117752
        dvar2: 0.914164185524
        max: 14
        mean: 5.20370388031
        min: 0
        var: 12.051112175
    spectral_crest:
        dmean: 1.42874789238
        dmean2: 1.62869644165
        dvar: 1.8035453558
        dvar2: 3.77074408531
        max: 24.2371387482
        mean: 13.1860666275
        min: 4.64049482346
        var: 21.2911777496
    spectral_decrease:
        dmean: 6.20697659937e-11
        dmean2: 7.15737191737e-11
        dvar: 9.4533787006e-21
        dvar2: 1.4110790059e-20
        max: -1.36542456486e-13
        mean: -6.66085908652e-10
        min: -3.24045812405e-09
        var: 5.74108788347e-19
    spectral_energy:
        dmean: 0.000252778205322
        dmean2: 0.000292520766379
        dvar: 1.56979396593e-07
        dvar2: 2.31845618259e-07
        max: 0.0134498728439
        mean: 0.00274341413751
        min: 5.35153162673e-07
        var: 1.00928136817e-05
    spectral_energyband_high:
        dmean: 2.56264092968e-06
        dmean2: 3.69385566046e-06
        dvar: 3.25247051514e-11
        dvar2: 6.88902962453e-11
        max: 0.000135890586535
        mean: 1.13149253593e-05
        min: 1.47189468946e-10
        var: 5.27429599995e-10
    spectral_energyband_low:
        dmean: 3.34658170686e-06
        dmean2: 5.92013611822e-06
        dvar: 2.88265973591e-11
        dvar2: 8.7986520847e-11
        max: 5.43894493603e-05
        mean: 1.13720598165e-05
        min: 2.89147230603e-08
        var: 7.28860582999e-11
    spectral_energyband_middle_high:
        dmean: 0.000116033981612
        dmean2: 0.000136667091283
        dvar: 6.39109174472e-08
        dvar2: 8.09354574471e-08
        max: 0.00944252405316
        mean: 0.00110620062333
        min: 3.64025751765e-08
        var: 3.58749571205e-06
    spectral_energyband_middle_low:
        dmean: 0.00018839740369
        dmean2: 0.000196803433937
        dvar: 8.08614402104e-08
        dvar2: 1.37587534255e-07
        max: 0.00578659959137
        mean: 0.00161453138571
        min: 4.69603975262e-07
        var: 1.94666972675e-06
    spectral_flatness_db:
        dmean: 0.0121094696224
        dmean2: 0.0175003055483
        dvar: 0.00015710516891
        dvar2: 0.000241263551288
        max: 0.506446659565
        mean: 0.310937047005
        min: 0.153686285019
        var: 0.00774656841531
    spectral_flux:
        dmean: 0.00293280999176
        dmean2: 0.00467200949788
        dvar: 1.54323097377e-05
        dvar2: 3.48915200448e-05
        max: 0.0626505017281
        mean: 0.00983707327396
        min: 0.000731541658752
        var: 0.000102055200841
    spectral_kurtosis:
        dmean: 8.10937404633
        dmean2: 14.3045129776
        dvar: 91.7643127441
        dvar2: 207.999893188
        max: 149.028381348
        mean: 36.7401580811
        min: 2.27614212036
        var: 1150.00061035
    spectral_rms:
        dmean: 8.01464848337e-05
        dmean2: 8.5989064246e-05
        dvar: 1.0460695421e-08
        dvar2: 1.52805235132e-08
        max: 0.00362240639515
        mean: 0.00140422268305
        min: 2.2849520974e-05
        var: 7.04659669282e-07
    spectral_rolloff:
        dmean: 92.5277481079
        dmean2: 152.635177612
        dvar: 50187.0664062
        dvar2: 85151.5078125
        max: 2993.11523438
        mean: 989.927185059
        min: 258.3984375
        var: 281240.34375
    spectral_skewness:
        dmean: 0.537100970745
        dmean2: 0.946548879147
        dvar: 0.273247361183
        dvar2: 0.70107281208
        max: 10.7156391144
        mean: 4.42889308929
        min: 1.48466801643
        var: 5.27258729935
    spectral_spread:
        dmean: 298590.46875
        dmean2: 495888
        dvar: 157700227072
        dvar2: 258358312960
        max: 8363181.5
        mean: 2412250
        min: 653500.875
        var: 1.22693851546e+12
    spectral_strongpeak:
        dmean: 0.120773695409
        dmean2: 0.170200496912
        dvar: 0.0614770911634
        dvar2: 0.131905123591
        max: 4.53819036484
        mean: 0.730909049511
        min: 0.00117221008986
        var: 0.602537691593
    zerocrossingrate:
        dmean: 0.00310302176513
        dmean2: 0.00346225476824
        dvar: 9.19635749597e-06
        dvar2: 9.32020157052e-06
        max: 0.0732421875
        mean: 0.0361972376704
        min: 0.0107421875
        var: 0.000230891659157
    barkbands:
        dmean: [3.7403604658e-09, 1.16754790724e-06, 2.85781334242e-06, 9.80681124929e-06, 6.67634958518e-05, 1.47245727931e-05, 4.61445415567e-05, 7.23084012861e-05, 7.94910156401e-05, 3.63555445801e-05, 2.53737152889e-06, 6.64707258693e-05, 3.94590570068e-05, 3.02835560433e-05, 1.49821808009e-05, 2.16602870751e-06, 1.21931761896e-05, 1.15816865218e-05, 1.31588994918e-05, 4.91932678415e-06, 1.52857489866e-06, 9.26855818761e-07, 1.07784877912e-07, 4.57492461692e-08, 3.05095930742e-08, 8.54832260533e-10, 1.45072967528e-10]
        dmean2: [6.05772454421e-09, 2.11177439269e-06, 4.9854588724e-06, 1.57532958838e-05, 8.43309389893e-05, 1.97556382773e-05, 5.77424143557e-05, 7.50487743062e-05, 6.66387131787e-05, 4.461689241e-05, 3.63968911188e-06, 6.9540408731e-05, 5.36845982424e-05, 3.66306521755e-05, 2.25905805564e-05, 3.5810630834e-06, 1.70516341313e-05, 1.91429226106e-05, 1.92040442926e-05, 7.51307834435e-06, 2.24328869081e-06, 1.40255349379e-06, 1.5779588125e-07, 6.87071519678e-08, 4.59334614789e-08, 1.22379217871e-09, 2.59914478828e-10]
        dvar: [7.89295541975e-17, 8.29081866095e-13, 2.72965088033e-11, 1.23812216035e-09, 2.10528945388e-08, 8.34767976965e-10, 3.82407669974e-08, 2.30567867021e-08, 6.95781210425e-09, 5.18968912289e-09, 1.82160453388e-10, 5.08839654856e-08, 9.93886040135e-09, 6.99268376536e-09, 1.86458426477e-09, 7.00987323743e-11, 9.54142320708e-10, 6.59351240273e-10, 1.60240742897e-09, 1.3778297947e-10, 1.54769235622e-11, 5.05011830965e-12, 6.25573472689e-14, 9.32993577687e-15, 6.65885125902e-15, 5.62645812476e-18, 1.87957484705e-19]
        dvar2: [9.86263127691e-17, 2.4746142635e-12, 8.51253720291e-11, 1.93572335938e-09, 4.64518947751e-08, 1.30733057713e-09, 5.31999369002e-08, 2.55616043887e-08, 8.51628811915e-09, 7.3811086132e-09, 2.85853396509e-10, 5.0389260764e-08, 1.87746849178e-08, 1.25564234565e-08, 3.63057495179e-09, 1.80099865577e-10, 2.11951700635e-09, 1.67050606681e-09, 3.25919757849e-09, 3.68009872576e-10, 3.21758210353e-11, 1.24795677264e-11, 1.40312986382e-13, 2.03128580444e-14, 1.44916122559e-14, 1.06983636135e-17, 3.64838271376e-19]
        max: [1.72525020048e-07, 1.05245999293e-05, 4.98469089507e-05, 0.000702354940586, 0.00178414827678, 0.000681572768372, 0.00359949609265, 0.00434051267803, 0.00167855876498, 0.0015609995462, 0.000245970295509, 0.00881722941995, 0.0019308407791, 0.00150409853086, 0.000766140059568, 0.000166013036505, 0.000675881747156, 0.000327936693793, 0.000673595757689, 0.00023079890525, 8.99706501514e-05, 4.31669941463e-05, 3.73258308173e-06, 1.81429072654e-06, 2.37461108554e-06, 4.40665139934e-08, 7.08426783902e-09]
        mean: [4.92606666569e-09, 3.34495575771e-06, 8.02263275546e-06, 3.84702179872e-05, 0.000331859162543, 0.000102283913293, 0.000115044269478, 0.000694912276231, 0.000321516796248, 0.0001757566788, 3.41901295542e-06, 0.000432347820606, 0.000199414382223, 9.05412816792e-05, 5.90201998421e-05, 5.41913914276e-06, 5.05969001097e-05, 3.34009964718e-05, 4.84602278448e-05, 2.02222163352e-05, 5.57273506274e-06, 3.10365226142e-06, 3.47486633245e-07, 1.89882911172e-07, 1.42974059258e-07, 3.0046765076e-09, 1.09101394585e-10]
        min: [4.63397827055e-11, 2.17824833726e-08, 6.35826280515e-09, 2.50326448459e-09, 2.30980361948e-07, 1.32902442829e-07, 1.63085989158e-08, 6.75721736343e-08, 7.11848269219e-09, 1.15441416426e-08, 2.50548204406e-09, 1.31806476844e-09, 1.28561494783e-09, 2.59536114822e-10, 2.61014321268e-09, 1.70199232485e-09, 5.2996433908e-09, 3.84214854376e-10, 6.32009944379e-10, 1.13752958442e-10, 7.90080362245e-11, 2.10137671153e-11, 6.35972871588e-12, 1.92164079788e-12, 2.744515986e-12, 5.38826849892e-13, 3.79046125813e-14]
        var: [8.70181166563e-17, 5.12769080668e-12, 4.9794415119e-11, 2.33904873248e-09, 1.00445674889e-07, 2.25835936618e-08, 1.15256540312e-07, 1.4041737586e-06, 9.16224109915e-08, 7.68303394239e-08, 3.37455230426e-10, 1.5477139641e-06, 2.01423901558e-07, 5.34723518797e-08, 1.56530113316e-08, 1.15997600414e-10, 1.14051541544e-08, 3.51549411803e-09, 1.13465592477e-08, 1.95793781188e-09, 1.76462303103e-10, 5.03444126665e-11, 4.05274392604e-13, 1.21478239794e-13, 1.13418809392e-13, 3.88660902412e-17, 1.63331787957e-19]
    mfcc:
        mean: [-904.065307617, 199.829727173, -26.5909862518, 29.6964950562, -21.2516994476, -26.4384975433, -18.7537288666, -9.66505622864, 2.68204808235, -0.614689588547, 0.703534722328, -11.6258659363, -23.0270061493]
        cov: [[15351.8085938, -4261.24121094, -4398.05371094, -1778.55102539, -641.57635498, 1056.59667969, 1608.54492188, -221.994979858, -1496.57409668, -158.857025146, 1375.75097656, 536.834655762, 689.598632812], [-4261.24121094, 1754.86425781, 759.259033203, 373.192138672, 301.889587402, -359.968536377, -562.024597168, 121.996330261, 552.463745117, 30.5116672516, -513.581481934, -95.9094848633, -75.5157775879], [-4398.05371094, 759.259033203, 2166.45117188, 521.073913574, -218.84262085, -187.160186768, -329.435821533, -104.785232544, 125.092445374, 75.9976806641, -178.149032593, -262.842468262, -452.560241699], [-1778.55102539, 373.192138672, 521.073913574, 433.561401367, 187.5, -199.964126587, -221.572036743, 41.0232124329, 234.0337677, 9.36683654785, -211.482025146, -2.04112625122, -36.4176101685], [-641.57635498, 301.889587402, -218.84262085, 187.5, 451.426391602, -132.77923584, -249.305908203, 57.8724021912, 290.065155029, -8.26951789856, -288.825836182, 56.8282012939, 145.669464111], [1056.59667969, -359.968536377, -187.160186768, -199.964126587, -132.77923584, 323.157043457, 180.706802368, -121.650688171, -221.636505127, -3.91600179672, 145.099945068, -26.5908889771, -22.2779541016], [1608.54492188, -562.024597168, -329.435821533, -221.572036743, -249.305908203, 180.706802368, 373.529754639, -1.48823297024, -302.456085205, -24.8769931793, 282.88369751, 27.8314990997, 5.41839075089], [-221.994979858, 121.996330261, -104.785232544, 41.0232124329, 57.8724021912, -121.650688171, -1.48823297024, 205.880310059, 112.384841919, -32.722869873, -64.5710220337, 50.1777420044, 94.3456344604], [-1496.57409668, 552.463745117, 125.092445374, 234.0337677, 290.065155029, -221.636505127, -302.456085205, 112.384841919, 409.474273682, 14.8724994659, -303.887237549, 3.05115795135, 55.3861618042], [-158.857025146, 30.5116672516, 75.9976806641, 9.36683654785, -8.26951789856, -3.91600179672, -24.8769931793, -32.722869873, 14.8724994659, 67.8410415649, -0.487289071083, -17.4360809326, -37.4646339417], [1375.75097656, -513.581481934, -178.149032593, -211.482025146, -288.825836182, 145.099945068, 282.88369751, -64.5710220337, -303.887237549, -0.487289071083, 392.340820312, 16.5884246826, -52.4208145142], [536.834655762, -95.9094848633, -262.842468262, -2.04112625122, 56.8282012939, -26.5908889771, 27.8314990997, 50.1777420044, 3.05115795135, -17.4360809326, 16.5884246826, 131.426727295, 109.952178955], [689.598632812, -75.5157775879, -452.560241699, -36.4176101685, 145.669464111, -22.2779541016, 5.41839075089, 94.3456344604, 55.3861618042, -37.4646339417, -52.4208145142, 109.952178955, 218.337753296]]
        icov: [[0.00165695894975, 0.00251857703552, 0.0023367756512, 0.00140786427073, 0.00183641212061, 0.000620332488324, 0.000902806292288, 0.00120120868087, 0.00129161891527, 0.000291952339467, 0.000993113848381, -0.00140186038334, -0.000320393417496], [0.00251857703552, 0.00528464606032, 0.00343113462441, 0.00246988749132, 0.00319075770676, 0.00109904655255, 0.00275120651349, 0.00112316280138, 0.00130707561038, 0.000640512560494, 0.0022477612365, -0.00209603644907, 0.000200246169697], [0.0023367756512, 0.00343113462441, 0.00554564408958, -0.000718648952898, 0.00492361653596, 0.000563926238101, 0.00375142879784, 0.000719129515346, 0.00337054394186, 0.00013746060722, 0.00210700882599, -0.000683398277033, 0.00156850472558], [0.00140786427073, 0.00246988749132, -0.000718648952898, 0.00909376982599, -0.00224850024097, 0.00253334757872, -0.00199126685038, 0.00231202505529, -0.00150714698248, 0.00140395574272, 0.00117518170737, -0.00449149403721, 0.000411099754274], [0.00183641212061, 0.00319075770676, 0.00492361653596, -0.00224850024097, 0.0119555396959, 6.73174145049e-05, 0.00500551611185, 0.00237880973145, 0.000266985181952, 0.000457103305962, 0.00422288430855, -0.000836941646412, -0.00254178466275], [0.000620332488324, 0.00109904655255, 0.000563926238101, 0.00253334757872, 6.73174145049e-05, 0.00773046072572, -0.00305622024462, 0.004798758775, 0.00119839783292, 0.000818628701381, 0.00178067875095, 0.000793590268586, -0.00137723668013], [0.000902806292288, 0.00275120651349, 0.00375142879784, -0.00199126685038, 0.00500551611185, -0.00305622024462, 0.0168855749071, -0.00702291214839, 0.00745700672269, -0.00023046246497, -0.00141667074058, 0.000377357559046, 0.00204666238278], [0.00120120868087, 0.00112316280138, 0.000719129515346, 0.00231202505529, 0.00237880973145, 0.004798758775, -0.00702291214839, 0.0142546379939, -0.0049601001665, 0.00370271597058, 0.00171924999449, -0.001660515205, -0.00546935806051], [0.00129161891527, 0.00130707561038, 0.00337054394186, -0.00150714698248, 0.000266985181952, 0.00119839783292, 0.00745700672269, -0.0049601001665, 0.0147292837501, -0.00311147980392, 0.00296555622481, 0.000852848577779, 0.00102215120569], [0.000291952339467, 0.000640512560494, 0.00013746060722, 0.00140395574272, 0.000457103305962, 0.000818628701381, -0.00023046246497, 0.00370271597058, -0.00311147980392, 0.0182900354266, -0.000560562650207, -0.00131032289937, 0.00245579122566], [0.000993113848381, 0.0022477612365, 0.00210700882599, 0.00117518170737, 0.00422288430855, 0.00178067875095, -0.00141667074058, 0.00171924999449, 0.00296555622481, -0.000560562650207, 0.010041596368, -0.0030599583406, 0.00196402030997], [-0.00140186038334, -0.00209603644907, -0.000683398277033, -0.00449149403721, -0.000836941646412, 0.000793590268586, 0.000377357559046, -0.001660515205, 0.000852848577779, -0.00131032289937, -0.0030599583406, 0.017640426755, -0.00717481365427], [-0.000320393417496, 0.000200246169697, 0.00156850472558, 0.000411099754274, -0.00254178466275, -0.00137723668013, 0.00204666238278, -0.00546935806051, 0.00102215120569, 0.00245579122566, 0.00196402030997, -0.00717481365427, 0.017095586285]]
    spectral_contrast:
        mean: [-5.08208927386e-07, -3.39596425647e-07, -1.69282969864e-07, 2.37314793594e-07, -7.74205020093e-08, -2.35245181557e-07, -1.4059521618e-06, -1.51702101903e-06, 1.45534670537e-06, -1.87561465737e-06, 1.02514468381e-06, 5.74467367187e-06]
        var: [0.00051071937196, 0.000722687283996, 0.00164644664619, 0.00272554019466, 0.00383297656663, 0.0121601680294, 0.0729193538427, 0.0982373431325, 0.156190022826, 0.181376934052, 0.413745731115, 5.10746765137]

rhythm:
    beats_loudness:
        dmean: 0.00147777190432
        dmean2: 0.0026740685571
        dvar: 4.56247244074e-06
        dvar2: 9.0590920081e-06
        max: 0.0109521653503
        mean: 0.00271056569181
        min: 0.000453819782706
        var: 9.45155989029e-06
    beats_loudness_bass:
        dmean: 0.0150261698291
        dmean2: 0.0208025537431
        dvar: 8.55528778629e-05
        dvar2: 0.000233629354625
        max: 0.0602427236736
        mean: 0.0280784480274
        min: 0.00389338098466
        var: 0.000322303007124
    bpm: 125.10219574
    bpm_confidence: 0
    first_peak_bpm: 127
    first_peak_spread: 0.368421077728
    first_peak_weight: 0.600000023842
    onset_rate: 2.49226880074
    second_peak_bpm: 102
    second_peak_spread: 0
    second_peak_weight: 0.0500000007451
    beats_position: [0.193212091923, 0.667457103729, 1.14170217514, 1.61594724655, 2.09019231796, 2.56443738937, 3.03868222237, 3.51292729378, 3.98717212677, 4.46141719818, 4.93566226959, 5.40990686417, 5.88415193558, 6.47394895554, 6.95906305313, 7.44417715073, 7.92929124832, 8.41440486908, 8.89951896667, 9.38463306427, 9.86974716187]
    bpm_estimates: [125.988449097, 127.049728394, 124.299987793, 123.070625305]
    bpm_intervals: [0.474245011806, 0.474245071411, 0.474245071411, 0.474245071411, 0.474245071411, 0.474244832993, 0.474245071411, 0.474244832993, 0.474245071411, 0.474245071411, 0.474244594574, 0.474245071411, 0.589797019958, 0.485114097595, 0.485114097595, 0.485114097595, 0.485113620758, 0.485114097595, 0.485114097595, 0.485114097595]
    onset_times: [0.0580498874187, 0.487619042397, 1.1261677742, 1.40480720997, 2.67029476166, 3.19274377823, 3.5178232193, 6.15328788757, 6.53641700745, 6.97759628296, 7.1517457962, 7.4303855896, 7.50004529953, 7.98766422272, 8.44045352936, 8.53333377838, 8.60299301147, 8.88163280487, 8.95129299164, 9.04417228699, 9.39247131348, 9.47374153137, 9.72916126251, 9.91492080688, 9.98458003998]
    rubato_start: []
    rubato_stop: []
    perceptual_tempo: "unknown"

sfx:
    inharmonicity:
        dmean: 0.0311689581722
        dmean2: 0.0566302277148
        dvar: 0.00328355259262
        dvar2: 0.00972900167108
        max: 0.379997760057
        mean: 0.0313811562955
        min: 1.31273873194e-06
        var: 0.00329295080155
    oddtoevenharmonicenergyratio:
        dmean: 0.676480531693
        dmean2: 1.208537817
        dvar: 1.88300216198
        dvar2: 5.77729558945
        max: 12.2974252701
        mean: 0.890122711658
        min: 3.95862371079e-05
        var: 1.69477748871
    pitch_after_max_to_before_max_energy_ratio: 0.669556438923
    pitch_centroid: 224.441131592
    pitch_max_to_total: 0.618055582047
    pitch_min_to_total: 0.0810185149312
    tristimulus:
        dmean: [0.0719050168991, 0.0973561629653, 0.0549884550273]
        dmean2: [0.113028682768, 0.16239361465, 0.104628309608]
        dvar: [0.0170957203954, 0.01829931885, 0.0108697386459]
        dvar2: [0.0477586984634, 0.0539091303945, 0.0323441177607]
        max: [0.982395350933, 0.958205997944, 0.519243776798]
        mean: [0.42054900527, 0.508539617062, 0.0705752968788]
        min: [0.0110986577347, 0, 0]
        var: [0.0866268277168, 0.0565588623285, 0.0132115427405]

tonal:
    chords_changes_rate: 0.0829493105412
    chords_number_rate: 0.0322580635548
    chords_strength:
        dmean: 0.0041237231344
        dmean2: 0.00241465354338
        dvar: 2.01405709959e-05
        dvar2: 1.00214692793e-05
        max: 0.598666250706
        mean: 0.474611938
        min: 0.354041278362
        var: 0.00515323830768
    key_strength: 0.727084934711
    tuning_diatonic_strength: 0.510914862156
    tuning_equal_tempered_deviation: 0.0136190205812
    tuning_frequency: 439.238189697
    tuning_nontempered_energy_ratio: 0.583045959473
    hpcp:
        dmean: [0.0872253030539, 0.0475778505206, 0.00885824672878, 0.0111141819507, 0.0239837300032, 0.0476327650249, 0.0469766184688, 0.0417941994965, 0.0130214942619, 0.0177576579154, 0.0140233887359, 0.0201465412974, 0.0158714801073, 0.0131057249382, 0.0699303150177, 0.0641068890691, 0.0678345039487, 0.0186994820833, 0.00602786475793, 0.0086266938597, 0.0396660268307, 0.0627795979381, 0.035760615021, 0.00506980996579, 0.00279405061156, 0.00823649764061, 0.046941883862, 0.083875477314, 0.0522809065878, 0.0307012163103, 0.0452926009893, 0.050100851804, 0.0222088862211, 0.0140652898699, 0.0222841631621, 0.0568145737052]
        dmean2: [0.120977289975, 0.0620571710169, 0.0143620623276, 0.0214869491756, 0.0427562184632, 0.0716473981738, 0.0722384899855, 0.0662624537945, 0.0229441877455, 0.0301298387349, 0.0215501654893, 0.0361667238176, 0.0288263969123, 0.0234932545573, 0.101901188493, 0.088703289628, 0.0885116010904, 0.0335851684213, 0.0104607641697, 0.0166590828449, 0.0616641715169, 0.0866470709443, 0.0484694950283, 0.0088449632749, 0.00449886545539, 0.0132067296654, 0.0592323094606, 0.10135909915, 0.0666748508811, 0.049363065511, 0.0658922195435, 0.0820704326034, 0.0424105711281, 0.0267555639148, 0.0427173785865, 0.0810133367777]
        dvar: [0.0249783731997, 0.00817003846169, 0.00108045805246, 0.00367413158529, 0.0159094706178, 0.0152685111389, 0.0151989040896, 0.0129661774263, 0.00296056107618, 0.0128753744066, 0.0061947228387, 0.0104284575209, 0.00428796326742, 0.00241775624454, 0.0180075839162, 0.0203959606588, 0.00895625818521, 0.00926383212209, 0.000993672874756, 0.00368149462156, 0.00916804093868, 0.0174862481654, 0.00496593909338, 0.000603154825512, 7.72498533479e-05, 0.000313654716592, 0.00477724988014, 0.0242356806993, 0.00819110684097, 0.00899673253298, 0.0197523832321, 0.0224926583469, 0.00869303103536, 0.00958404503763, 0.0112320706248, 0.0156004745513]
        dvar2: [0.0470675863326, 0.0170582346618, 0.00242461171001, 0.0109849600121, 0.0440218411386, 0.0362801998854, 0.0272249970585, 0.0353383645415, 0.00852297153324, 0.0310334563255, 0.00860496982932, 0.0303204040974, 0.0125116351992, 0.00661634001881, 0.0456455424428, 0.0344991385937, 0.0141964228824, 0.0181748308241, 0.00225578038953, 0.0113341156393, 0.0235261656344, 0.034295078367, 0.0100677469745, 0.00168249302078, 0.000215054009459, 0.000806171621662, 0.00593692436814, 0.0284936446697, 0.0101356981322, 0.0208514370024, 0.0395956598222, 0.0610605403781, 0.0254200156778, 0.0287223290652, 0.0268933027983, 0.0297999363393]
        max: [1, 0.835596263409, 0.35136577487, 0.482011348009, 1, 1, 1, 1, 0.518950581551, 1, 0.997400581837, 1, 0.517330288887, 0.41276666522, 1, 1, 1, 1, 0.36981010437, 0.632800161839, 1, 1, 0.517716705799, 0.227944120765, 0.0974994748831, 0.127564385533, 0.618478953838, 1, 0.640049755573, 0.991170883179, 1, 1, 0.589317202568, 1, 0.990536570549, 1]
        mean: [0.206426262856, 0.109654538333, 0.00802292488515, 0.00822668615729, 0.0191729180515, 0.172368556261, 0.336188912392, 0.18161329627, 0.0127700967714, 0.0165368504822, 0.0152022112161, 0.0174071975052, 0.014862340875, 0.0117042958736, 0.201576754451, 0.415018081665, 0.237614661455, 0.0203653033823, 0.00477383704856, 0.00542374141514, 0.136218324304, 0.249573737383, 0.120594553649, 0.00465265102684, 0.00331665412523, 0.0100846784189, 0.142417222261, 0.254023253918, 0.124890305102, 0.0707403644919, 0.142399340868, 0.0858335718513, 0.0129286330193, 0.00869866926223, 0.0228008627892, 0.120251253247]
        min: [0, 0, 0, 0, 0, 0, 0, 0, 2.3681044695e-05, 2.21798086386e-06, 2.48858145824e-06, 2.19452908823e-06, 1.94692165678e-06, 3.64626475857e-06, 1.73402859218e-05, 1.29710160763e-05, 0, 0, 0, 0, 0, 0, 0, 0, 0, 0, 0, 0, 0, 0, 0, 0, 0, 0, 0, 0]
        var: [0.0707778707147, 0.0196816083044, 0.00102967675775, 0.0021427043248, 0.01075096149, 0.0464280769229, 0.186638399959, 0.0610140301287, 0.00176118500531, 0.00930833164603, 0.00748071633279, 0.00643529463559, 0.0027715950273, 0.00176841567736, 0.0565885566175, 0.187252506614, 0.066659912467, 0.00971798505634, 0.000913436640985, 0.00185386568774, 0.0334447026253, 0.106229670346, 0.0245133098215, 0.000356992793968, 8.63636960275e-05, 0.000461862568045, 0.0318454764783, 0.12273465842, 0.0365793742239, 0.0253944974393, 0.0911195799708, 0.0346640720963, 0.00450032530352, 0.00504203233868, 0.0133304120973, 0.0391506031156]
    chords_histogram: [8.29493045807, 42.3963127136, 31.7972354889, 0, 2.30414748192, 0, 0, 0, 2.7649769783, 0, 0, 0, 0, 0, 0, 0, 0, 7.37327194214, 0, 0, 0, 5.0691242218, 0, 0]
    thpcp: [1, 0.572540521622, 0.0490708835423, 0.0115027204156, 0.0130686871707, 0.328222632408, 0.601356327534, 0.290576636791, 0.0112107191235, 0.00799158960581, 0.0242993719876, 0.343159079552, 0.612077534199, 0.300927370787, 0.170451283455, 0.343115985394, 0.206818878651, 0.0311519745737, 0.0209597349167, 0.0549394451082, 0.289749443531, 0.497391015291, 0.264216303825, 0.0193315073848, 0.0198224764317, 0.0461977906525, 0.415327817202, 0.810058474541, 0.437603324652, 0.0307699777186, 0.0398460961878, 0.0366302393377, 0.0419432260096, 0.0358113087714, 0.028201892972, 0.485705941916]
    chords_key: "B"
    chords_scale: "minor"
    key_key: "G"
    key_scale: "major"
    chords_progression: ["G", "G", "G", "G", "G", "G", "G", "G", "G", "G", "G", "G", "G", "Gm", "Gm", "Gm", "Gm", "Gm", "Gm", "Gm", "Gm", "Gm", "Gm", "Gm", "Gm", "Gm", "Gm", "G", "G", "G", "G", "G", "D", "D", "D", "D", "D", "D", "D", "D", "D", "D", "D", "D", "D", "D", "D", "A", "A", "A", "A", "A", "Am", "Am", "Am", "Am", "Am", "Am", "Am", "Am", "Am", "Am", "Am", "D", "D", "D", "D", "D", "D", "D", "D", "D", "D", "D", "D", "D", "D", "D", "D", "D", "D", "D", "D", "D", "D", "D", "D", "D", "D", "Gm", "Gm", "Bm", "Bm", "D", "D", "D", "D", "D", "D", "D", "D", "D", "D", "D", "D", "D", "D", "D", "D", "D", "D", "D", "D", "D", "D", "D", "D", "D", "D", "D", "D", "Bm", "Bm", "Bm", "Bm", "Bm", "Bm", "Bm", "Bm", "Bm", "Bm", "Bm", "Bm", "Bm", "Bm", "Bm", "Bm", "Bm", "Bm", "Bm", "Bm", "Bm", "Bm", "Bm", "Bm", "Bm", "Bm", "Bm", "Bm", "Bm", "Bm", "Bm", "Bm", "Bm", "Bm", "Bm", "Bm", "Bm", "Bm", "B", "B", "Bm", "Bm", "Bm", "Bm", "Bm", "Bm", "Bm", "Bm", "Bm", "Bm", "Bm", "Bm", "Bm", "Bm", "Bm", "Bm", "Bm", "Bm", "Bm", "Bm", "Bm", "Bm", "Bm", "Bm", "Bm", "Bm", "Bm", "Bm", "Bm", "Bm", "Bm", "Bm", "Bm", "Bm", "Bm", "Bm", "Bm", "Bm", "Bm", "B", "Bm", "Bm", "Bm", "Bm", "Bm", "Bm", "B", "B", "Bm", "Bm", "Bm", "Bm", "Bm", "Bm", "B", "Bm"]
