
metadata:
    version:
        essentia: "1.2.2"
    audio_properties:
        analysis_sample_rate: 44100
        bitrate: 128
        channels: 2
        equal_loudness: 1
        length: 9.97877597809
        replay_gain: -11.8310832977
        downmix: "mix"
    tags:
        track: 9
        year: 0
        album: "Splitted by Mp3Splt v. 2.1"
        artist: "From 001.20 To 001.30"
        comment: "http://mp3splt.sf.net"
        genre: ""
        title: "10 The Mayor of Simpleton.mp3"

highlevel:
    ballroom:
        all:
            ChaChaCha: 0.13493566215
            Jive: 0.608759880066
            Quickstep: 0.00863806344569
            Rumba-American: 0.000381178921089
            Rumba-International: 0.000653721566778
            Rumba-Misc: 0.000313980999636
            Samba: 0.245581716299
            Tango: 8.88931608642e-05
            VienneseWaltz: 0.000537164043635
            Waltz: 0.000109734130092
        probability: 0.608759880066
        value: "Jive"
    culture:
        all:
            non_western: 0.033801343292
            western: 0.966198682785
        probability: 0.966198682785
        value: "western"
    gender:
        all:
            female: 0.0541465617716
            male: 0.945853412151
        probability: 0.945853412151
        value: "male"
    genre_dortmund:
        all:
            alternative: 0.0662654712796
            blues: 0.0157965030521
            electronic: 0.0221973005682
            folkcountry: 0.0423483848572
            funksoulrnb: 0.0428944341838
            jazz: 0.026938425377
            pop: 0.119227513671
            raphiphop: 0.0324423387647
            rock: 0.631889641285
        probability: 0.631889641285
        value: "rock"
    genre_electronica:
        all:
            ambient: 0.082209251821
            dnb: 0.439835965633
            house: 0.0140587352216
            techno: 0.0124346045777
            trance: 0.451461434364
        probability: 0.451461434364
        value: "trance"
    genre_rosamerica:
        all:
            cla: 0.0025959496852
            dan: 0.0618523657322
            hip: 0.00914620514959
            jaz: 0.00409938720986
            pop: 0.390958100557
            rhy: 0.00828380230814
            roc: 0.521684348583
            spe: 0.00137985136826
        probability: 0.521684348583
        value: "roc"
    genre_tzanetakis:
        all:
            blu: 0.00178358564153
            cla: 0.00265507027507
            cou: 0.0745523646474
            dis: 0.2224804461
            hip: 0.00824423227459
            jaz: 0.0385739170015
            met: 0.0376130975783
            pop: 0.461726099253
            reg: 0.00884318817407
            roc: 0.14352799952
        probability: 0.461726099253
        value: "pop"
    live_studio:
        all:
            live: 0.022760855034
            studio: 0.977239131927
        probability: 0.977239131927
        value: "studio"
    mood:
        all:
            Cluster1: 0.394832015038
            Cluster2: 0.147103339434
            Cluster3: 0.0363240800798
            Cluster4: 0.11907619983
            Cluster5: 0.302664369345
        probability: 0.394832015038
        value: "Cluster1"
    mood_acoustic:
        all:
            acoustic: 9.14033535082e-06
            not_acoustic: 0.999990880489
        probability: 0.999990880489
        value: "not_acoustic"
    mood_aggressive:
        all:
            aggressive: 0.81411242485
            not_aggressive: 0.185887604952
        probability: 0.81411242485
        value: "aggressive"
    mood_electronic:
        all:
            electronic: 0.213201090693
            not_electronic: 0.786798894405
        probability: 0.786798894405
        value: "not_electronic"
    mood_happy:
        all:
            happy: 0.795619785786
            not_happy: 0.204380229115
        probability: 0.795619785786
        value: "happy"
    mood_party:
        all:
            not_party: 0.179772347212
            party: 0.82022768259
        probability: 0.82022768259
        value: "party"
    mood_relaxed:
        all:
            not_relaxed: 0.259619742632
            relaxed: 0.740380227566
        probability: 0.740380227566
        value: "relaxed"
    mood_sad:
        all:
            not_sad: 0.924833536148
            sad: 0.0751664564013
        probability: 0.924833536148
        value: "not_sad"
    rhythm:
        all:
            fast: 0.982295632362
            medium: 0.0139172580093
            slow: 0.00378713384271
        probability: 0.982295632362
        value: "fast"
    speech_music:
        all:
            music: 0.99859392643
            speech: 0.00140605575871
        probability: 0.99859392643
        value: "music"
    timbre:
        all:
            bright: 0.707801520824
            dark: 0.292198479176
        probability: 0.707801520824
        value: "bright"
    voice_instrumental:
        all:
            instrumental: 0.0144612854347
            voice: 0.985538721085
        probability: 0.985538721085
        value: "voice"

lowlevel:
    average_loudness: 0.981250405312
    barkbands_kurtosis:
        dmean: 0.604013800621
        dmean2: 0.990960597992
        dvar: 0.443691700697
        dvar2: 1.12728106976
        max: 4.11903810501
        mean: -0.783614873886
        min: -1.85919618607
        var: 0.877800405025
    barkbands_skewness:
        dmean: 0.398527473211
        dmean2: 0.606626868248
        dvar: 0.121672809124
        dvar2: 0.291551858187
        max: 1.94375562668
        mean: -0.113639079034
        min: -2.1970334053
        var: 0.55882871151
    barkbands_spread:
        dmean: 6.43624925613
        dmean2: 10.1710605621
        dvar: 33.8168144226
        dvar2: 84.8905410767
        max: 77.0439987183
        mean: 34.7621002197
        min: 16.2810306549
        var: 87.8874511719
    dissonance:
        dmean: 0.0153275569901
        dmean2: 0.0254304613918
        dvar: 0.000259946886217
        dvar2: 0.000639901380055
        max: 0.4990850389
        mean: 0.47063806653
        min: 0.347407728434
        var: 0.000453466665931
    hfc:
        dmean: 3.7753572464
        dmean2: 5.81312131882
        dvar: 26.0406665802
        dvar2: 52.6457595825
        max: 39.7116851807
        mean: 9.49766731262
        min: 4.75189972349e-06
        var: 53.5135955811
    pitch:
        dmean: 990.742431641
        dmean2: 1913.57214355
        dvar: 2150903
        dvar2: 5074454.5
        max: 4900
        mean: 1302.42431641
        min: 97.566368103
        var: 2439255.5
    pitch_instantaneous_confidence:
        dmean: 0.090611025691
        dmean2: 0.14176993072
        dvar: 0.00538219045848
        dvar2: 0.0132499067113
        max: 0.872799813747
        mean: 0.422610849142
        min: 0.142959296703
        var: 0.0243260413408
    pitch_salience:
        dmean: 0.0557472743094
        dmean2: 0.0919473096728
        dvar: 0.00247786520049
        dvar2: 0.00549305090681
        max: 0.971481025219
        mean: 0.641401946545
        min: 0.422800540924
        var: 0.00536169344559
    silence_rate_20dB:
        dmean: 0
        dmean2: 0
        dvar: 0
        dvar2: 0
        max: 1
        mean: 1
        min: 1
        var: 0
    silence_rate_30dB:
        dmean: 0
        dmean2: 0
        dvar: 0
        dvar2: 0
        max: 1
        mean: 1
        min: 1
        var: 0
    silence_rate_60dB:
        dmean: 0.15581394732
        dmean2: 0.312354326248
        dvar: 0.131535619497
        dvar2: 0.256746739149
        max: 1
        mean: 0.317865431309
        min: 0
        var: 0.216826796532
    spectral_centroid:
        dmean: 331.181671143
        dmean2: 508.282196045
        dvar: 103676.929688
        dvar2: 227474.875
        max: 3780.99169922
        mean: 1918.19116211
        min: 547.167297363
        var: 354299.125
    spectral_complexity:
        dmean: 4.94172477722
        dmean2: 7.47897195816
        dvar: 35.9289779663
        dvar2: 68.7916488647
        max: 47
        mean: 15.9302330017
        min: 0
        var: 86.864944458
    spectral_crest:
        dmean: 1.71555840969
        dmean2: 2.93793177605
        dvar: 2.5947561264
        dvar2: 6.96652317047
        max: 14.3409433365
        mean: 5.99811410904
        min: 2.52747058868
        var: 4.68212080002
    spectral_decrease:
        dmean: 3.29369476137e-10
        dmean2: 5.0943166352e-10
        dvar: 1.57659758798e-19
        dvar2: 3.27067472697e-19
        max: -9.12567462867e-16
        mean: -9.9532426745e-10
        min: -3.38374106512e-09
        var: 3.13785252656e-19
    spectral_energy:
        dmean: 0.00155943830032
        dmean2: 0.00239484920166
        dvar: 3.69752115148e-06
        dvar2: 7.58673058954e-06
        max: 0.0163729805499
        mean: 0.00461804866791
        min: 3.87527299139e-09
        var: 7.457862921e-06
    spectral_energyband_high:
        dmean: 0.000319831917295
        dmean2: 0.000486950855702
        dvar: 2.32037280057e-07
        dvar2: 4.87694762796e-07
        max: 0.0031656101346
        mean: 0.000526431482285
        min: 2.00098007608e-10
        var: 3.62732009762e-07
    spectral_energyband_low:
        dmean: 0.000199046247872
        dmean2: 0.000334132870194
        dvar: 9.15283422387e-08
        dvar2: 2.28482562648e-07
        max: 0.00197244947776
        mean: 0.000273171783192
        min: 1.98644753424e-10
        var: 9.83899397511e-08
    spectral_energyband_middle_high:
        dmean: 0.000895108445548
        dmean2: 0.00136705674231
        dvar: 1.15628461117e-06
        dvar2: 2.316640348e-06
        max: 0.00900734122843
        mean: 0.0024748314172
        min: 1.01224995053e-09
        var: 3.35570257448e-06
    spectral_energyband_middle_low:
        dmean: 0.000559975509532
        dmean2: 0.000885428802576
        dvar: 3.70202286604e-07
        dvar2: 9.43606721648e-07
        max: 0.00506850704551
        mean: 0.00134361058008
        min: 2.44885756118e-09
        var: 6.6932699383e-07
    spectral_flatness_db:
        dmean: 0.0137464245781
        dmean2: 0.0210128407925
        dvar: 0.000129794207169
        dvar2: 0.000283865083475
        max: 0.212466016412
        mean: 0.122763805091
        min: 0.0531467571855
        var: 0.000603193300776
    spectral_flux:
        dmean: 0.0100769484416
        dmean2: 0.0151934111491
        dvar: 0.000109340988274
        dvar2: 0.000221277063247
        max: 0.0900068506598
        mean: 0.0414180345833
        min: 6.22516890871e-05
        var: 0.000259259890299
    spectral_kurtosis:
        dmean: 0.714371263981
        dmean2: 1.05804312229
        dvar: 0.633019626141
        dvar2: 1.37085568905
        max: 8.90748310089
        mean: 2.31291127205
        min: -0.623332977295
        var: 1.77169597149
    spectral_rms:
        dmean: 0.000351555412635
        dmean2: 0.000528456293978
        dvar: 1.54735502633e-07
        dvar2: 3.05069363549e-07
        max: 0.00399670330808
        mean: 0.00203209649771
        min: 1.94441599888e-06
        var: 3.75997558422e-07
    spectral_rolloff:
        dmean: 437.339630127
        dmean2: 669.943908691
        dvar: 246819.5625
        dvar2: 530429.5625
        max: 6093.89648438
        mean: 3545.56518555
        min: 775.1953125
        var: 620019.5
    spectral_skewness:
        dmean: 0.149276003242
        dmean2: 0.218889251351
        dvar: 0.0235512871295
        dvar2: 0.0492774285376
        max: 2.36195278168
        mean: 1.25819599628
        min: 0.288641810417
        var: 0.0712348669767
    spectral_spread:
        dmean: 745351.25
        dmean2: 1009316.0625
        dvar: 878742929408
        dvar2: 1.34810291405e+12
        max: 16599790
        mean: 6220859
        min: 3159395.25
        var: 2.58824418099e+12
    spectral_strongpeak:
        dmean: 0.632699847221
        dmean2: 1.07386183739
        dvar: 0.702544569969
        dvar2: 1.85804700851
        max: 6.5870256424
        mean: 0.868015646935
        min: 9.04162970983e-06
        var: 1.17665219307
    zerocrossingrate:
        dmean: 0.0100285457447
        dmean2: 0.0115818483755
        dvar: 9.15518976399e-05
        dvar2: 0.000108265558083
        max: 0.18359375
        mean: 0.109955258667
        min: 0.02978515625
        var: 0.000617906567641
    barkbands:
        dmean: [1.57967193104e-07, 0.000104990380351, 0.000126671962789, 8.42892623041e-05, 0.000222113711061, 0.00013044741354, 6.86196726747e-05, 0.000199398346012, 0.00011771741265, 0.000115980350529, 0.000102261583379, 7.0916095865e-05, 6.65184197715e-05, 8.80071238498e-05, 8.59144056449e-05, 7.9974088294e-05, 0.000186653982382, 0.000223497787374, 0.000303816719679, 0.000291977776214, 0.000157334245159, 5.74337027501e-05, 1.57996382768e-05, 8.74422039487e-06, 6.32668070466e-06, 3.47896843778e-07, 2.92115331924e-09]
        dmean2: [2.5753777777e-07, 0.000172182932147, 0.000221161695663, 0.000146826976561, 0.000368767941836, 0.000197109970031, 0.000110092252726, 0.000312245450914, 0.000185720869922, 0.000184868215001, 0.000160284180311, 0.000113400063128, 0.000108997381176, 0.000136694812682, 0.000131665918161, 0.000123677004012, 0.000297174497973, 0.000346880377037, 0.00048542994773, 0.000493146537337, 0.000251810502959, 8.60249783727e-05, 2.44794409809e-05, 1.20712966236e-05, 9.38626180869e-06, 5.18506169556e-07, 3.61518726066e-09]
        dvar: [4.07631217734e-14, 2.86180270592e-08, 3.88046537125e-08, 1.57854387339e-08, 1.09984632957e-07, 2.69489550675e-08, 1.09179358887e-08, 1.21558954902e-07, 4.92640417349e-08, 3.59463498967e-08, 7.13571637334e-08, 1.7847224143e-08, 1.69919367465e-08, 4.45507026825e-08, 3.38204309003e-08, 1.4659399028e-08, 6.92864148277e-08, 9.52348671035e-08, 1.49970873053e-07, 1.90862650129e-07, 6.66212685019e-08, 6.32434637993e-09, 3.98542671087e-10, 1.58074456302e-10, 8.32314842047e-11, 3.13358903712e-13, 1.3955734956e-15]
        dvar2: [7.65991680892e-14, 6.94046065064e-08, 1.09553909056e-07, 4.44656151899e-08, 2.76999799098e-07, 6.54624940921e-08, 2.56150940459e-08, 3.40766916906e-07, 1.11628807531e-07, 8.9069416731e-08, 1.65853620615e-07, 4.58782984936e-08, 4.11419627255e-08, 1.13620778563e-07, 7.59120055704e-08, 3.33644827322e-08, 1.72038028268e-07, 2.12506236608e-07, 3.78277860591e-07, 4.72967570886e-07, 1.46710149806e-07, 1.42130849312e-08, 8.57049486935e-10, 3.42321948565e-10, 1.84391224511e-10, 6.84597831983e-13, 1.35561259873e-15]
        max: [2.54457859228e-06, 0.000916890799999, 0.00134748965502, 0.000941354315728, 0.00251983874477, 0.00196741963737, 0.00116616778541, 0.00301688024774, 0.00253099715337, 0.00203163176775, 0.00451270444319, 0.00130480341613, 0.00170811277349, 0.00211316067725, 0.00264990399592, 0.00150670181029, 0.00353546161205, 0.00309207546525, 0.00387508515269, 0.00290491338819, 0.00162085809279, 0.000508124707267, 0.000153822926222, 0.000119206364616, 7.47189551475e-05, 4.38348479292e-06, 7.87639123701e-07]
        mean: [2.51134167684e-07, 0.000113551031973, 0.000159375427756, 0.000130044281832, 0.000361035985406, 0.000255984225078, 0.000112066118163, 0.00028701039264, 0.000174614295247, 0.000175884415512, 0.000143670884427, 0.000115924849524, 9.02273168322e-05, 0.000115328548418, 0.000117574527394, 0.000136706323246, 0.000372523936676, 0.000408377934946, 0.000574134872295, 0.000417792412918, 0.000200610462343, 0.000101787059975, 2.85669157165e-05, 1.50119185491e-05, 9.58478085522e-06, 4.08520008932e-07, 2.76855272041e-09]
        min: [3.21459595054e-11, 8.75369846054e-11, 9.41621780548e-11, 1.12533204977e-10, 3.26096871728e-10, 3.85735277053e-10, 4.08687139686e-10, 4.66011063072e-10, 6.8098066075e-10, 2.94773400134e-10, 9.72877334249e-11, 3.88106838334e-11, 1.15050529867e-11, 2.08210514802e-11, 9.89073493246e-12, 1.56390438794e-11, 7.90234804676e-12, 1.18931614557e-10, 3.98995864126e-10, 7.68020161357e-11, 1.22014939818e-10, 3.39780703573e-11, 1.68177832771e-11, 1.30642311205e-11, 2.99240320023e-12, 4.79338736672e-13, 4.10953653648e-14]
        var: [8.24032546842e-14, 2.9689974923e-08, 3.36299663672e-08, 1.54264867547e-08, 1.2954724582e-07, 7.66765211324e-08, 1.7659582241e-08, 1.76555218445e-07, 1.07283632644e-07, 6.60861800839e-08, 8.80803341374e-08, 3.61875294175e-08, 2.65217412476e-08, 4.50788775197e-08, 4.68683296617e-08, 3.51014861621e-08, 2.1497828584e-07, 2.55489453593e-07, 3.64037333611e-07, 2.32702632275e-07, 8.45477856615e-08, 1.03220418879e-08, 7.95944421483e-10, 3.74910574807e-10, 1.53571780293e-10, 4.14804231545e-13, 1.43977845105e-15]
    mfcc:
        mean: [-686.123168945, 84.3899078369, -31.776222229, 46.4220085144, -14.0912485123, -7.79220151901, -1.59778273106, 2.23687267303, -4.56479549408, -7.12165594101, -1.06308221817, -7.14319086075, -2.27135205269]
        cov: [[2976.70483398, -627.59753418, -142.878875732, -75.3534088135, 18.2570285797, 36.9103469849, -5.31061220169, -75.3025665283, 0.232191070914, -16.1913719177, -71.2337646484, 9.2623872757, -33.1922721863], [-627.59753418, 698.420898438, -118.408287048, 11.778096199, -68.4496154785, 20.9041538239, 51.061126709, 79.6965637207, -26.3400859833, 44.737033844, 92.2108001709, 28.1351585388, 25.8577976227], [-142.878875732, -118.408287048, 323.457580566, 8.74830913544, 33.6243667603, 30.9615478516, 53.6853752136, 26.4366645813, 30.9263420105, -5.7498588562, -6.99980354309, 19.7858352661, 18.3397693634], [-75.3534088135, 11.778096199, 8.74830913544, 229.367126465, 135.897094727, -2.870480299, 14.1097736359, 31.9710121155, 42.9746131897, 16.4727020264, -2.10229802132, 3.56502723694, -2.61954116821], [18.2570285797, -68.4496154785, 33.6243667603, 135.897094727, 248.454940796, 35.3078269958, -39.8203659058, 4.82314777374, 22.6084098816, 3.04522395134, 8.95938587189, 9.4860086441, -11.8245677948], [36.9103469849, 20.9041538239, 30.9615478516, -2.870480299, 35.3078269958, 107.190292358, 35.3183746338, -21.4544448853, -0.674977064133, -2.6420135498, 2.75129175186, 23.6560726166, -3.00418329239], [-5.31061220169, 51.061126709, 53.6853752136, 14.1097736359, -39.8203659058, 35.3183746338, 140.059555054, 39.9921264648, 21.527639389, 14.971455574, -0.390176802874, 37.4356422424, 15.7218933105], [-75.3025665283, 79.6965637207, 26.4366645813, 31.9710121155, 4.82314777374, -21.4544448853, 39.9921264648, 137.474533081, 24.4048271179, 18.611082077, 39.7053909302, 1.90279650688, 0.394920855761], [0.232191070914, -26.3400859833, 30.9263420105, 42.9746131897, 22.6084098816, -0.674977064133, 21.527639389, 24.4048271179, 63.4287147522, 18.1356124878, -9.7766866684, 0.813641428947, -2.90013957024], [-16.1913719177, 44.737033844, -5.7498588562, 16.4727020264, 3.04522395134, -2.6420135498, 14.971455574, 18.611082077, 18.1356124878, 79.289642334, 35.5255088806, -1.70696723461, -0.206286489964], [-71.2337646484, 92.2108001709, -6.99980354309, -2.10229802132, 8.95938587189, 2.75129175186, -0.390176802874, 39.7053909302, -9.7766866684, 35.5255088806, 91.3414764404, 10.7250728607, -2.48552060127], [9.2623872757, 28.1351585388, 19.7858352661, 3.56502723694, 9.4860086441, 23.6560726166, 37.4356422424, 1.90279650688, 0.813641428947, -1.70696723461, 10.7250728607, 70.2572860718, 10.7339763641], [-33.1922721863, 25.8577976227, 18.3397693634, -2.61954116821, -11.8245677948, -3.00418329239, 15.7218933105, 0.394920855761, -2.90013957024, -0.206286489964, -2.48552060127, 10.7339763641, 63.8875465393]]
        icov: [[0.000489210011438, 0.000597903097514, 0.000518635148183, 0.000141025506309, 8.39421500132e-06, -0.000373517512344, -0.000178262911504, -0.00021635669691, 9.97858151095e-05, -0.000203700736165, 4.06182698498e-05, -0.000235303101363, -5.67467177461e-05], [0.000597903097514, 0.00288798334077, 0.00149910186883, -0.000592799857259, 0.00103393010795, -0.00160469138063, -0.000232412450714, -0.00140276155435, 0.00103193719406, -0.000632314477116, -0.00137829326559, -0.000726294529159, -0.00101790833287], [0.000518635148183, 0.00149910186883, 0.00458576343954, 0.000674625916872, -0.000593674543779, -0.00123705121223, -0.0015246499097, -0.00104017090052, -0.00122990866657, 0.000466579163913, -0.000513571139891, -0.000334598007612, -0.00143054663204], [0.000141025506309, -0.000592799857259, 0.000674625916872, 0.00848815217614, -0.00551410391927, 0.00261728325859, -0.00283742928877, 2.01680941245e-05, -0.00314983446151, -0.000258778629359, 0.00106255081482, 0.000836840015836, 2.51185647357e-05], [8.39421500132e-06, 0.00103393010795, -0.000593674543779, -0.00551410391927, 0.0090514998883, -0.00462686736137, 0.00515416217968, -0.00136589026079, -0.000114125243272, -0.000198565423489, -0.00101786048617, -0.00219776015729, 5.18426168128e-05], [-0.000373517512344, -0.00160469138063, -0.00123705121223, 0.00261728325859, -0.00462686736137, 0.0148643702269, -0.00584298698232, 0.00478563737124, -0.000416950118961, 0.00152635970153, -0.00131496600807, -0.000582745065913, 0.0022015105933], [-0.000178262911504, -0.000232412450714, -0.0015246499097, -0.00283742928877, 0.00515416217968, -0.00584298698232, 0.0146235208958, -0.00462924037129, -0.00118131143972, -0.00283776852302, 0.00330433854833, -0.00603754492477, -0.00148790678941], [-0.00021635669691, -0.00140276155435, -0.00104017090052, 2.01680941245e-05, -0.00136589026079, 0.00478563737124, -0.00462924037129, 0.0124405948445, -0.00442476104945, 0.00259781884961, -0.00601824559271, 0.00247330847196, 0.000947134220041], [9.97858151095e-05, 0.00103193719406, -0.00122990866657, -0.00314983446151, -0.000114125243272, -0.000416950118961, -0.00118131143972, -0.00442476104945, 0.0241401381791, -0.00708625279367, 0.00627173716202, -0.00066318095196, 0.00156378664542], [-0.000203700736165, -0.000632314477116, 0.000466579163913, -0.000258778629359, -0.000198565423489, 0.00152635970153, -0.00283776852302, 0.00259781884961, -0.00708625279367, 0.0187579095364, -0.00908840168267, 0.003104750067, -0.000413484871387], [4.06182698498e-05, -0.00137829326559, -0.000513571139891, 0.00106255081482, -0.00101786048617, -0.00131496600807, 0.00330433854833, -0.00601824559271, 0.00627173716202, -0.00908840168267, 0.0198308844119, -0.00391923636198, 0.00142912496813], [-0.000235303101363, -0.000726294529159, -0.000334598007612, 0.000836840015836, -0.00219776015729, -0.000582745065913, -0.00603754492477, 0.00247330847196, -0.00066318095196, 0.003104750067, -0.00391923636198, 0.0192473810166, -0.00206800503656], [-5.67467177461e-05, -0.00101790833287, -0.00143054663204, 2.51185647357e-05, 5.18426168128e-05, 0.0022015105933, -0.00148790678941, 0.000947134220041, 0.00156378664542, -0.000413484871387, 0.00142912496813, -0.00206800503656, 0.017392816022]]
    spectral_contrast:
        mean: [1.88447714322e-07, -5.78043739097e-07, 2.45643917651e-07, -7.91840761849e-08, -3.43865963259e-07, 3.14864990969e-07, -2.22931771532e-06, -1.4960766066e-06, 4.28345992987e-06, -1.51090841882e-06, 5.06085029883e-07, 1.04484865915e-06]
        var: [0.000407084095059, 0.00113370909821, 0.00165663613006, 0.00214882171713, 0.00254442752339, 0.00586704630405, 0.0591421090066, 0.0980499833822, 0.147786259651, 0.300133645535, 0.448646754026, 1.58535325527]

rhythm:
    beats_loudness:
        dmean: 0.00440277298912
        dmean2: 0.00862836744636
        dvar: 2.260399242e-06
        dvar2: 5.23279959452e-06
        max: 0.0144326221198
        mean: 0.00823435280472
        min: 0.00402402272448
        var: 7.05677530277e-06
    beats_loudness_bass:
        dmean: 0.106083989143
        dmean2: 0.207757875323
        dvar: 0.00393875548616
        dvar2: 0.0101135168225
        max: 0.214640825987
        mean: 0.0716260746121
        min: 0.00125504669268
        var: 0.00511165102944
    bpm: 140.057769775
    bpm_confidence: 0
    first_peak_bpm: 140
    first_peak_spread: 0
    first_peak_weight: 0.95454543829
    onset_rate: 4.40935897827
    second_peak_bpm: 125
    second_peak_spread: 0
    second_peak_weight: 0.0454545468092
    beats_position: [0.254793643951, 0.683049798012, 1.11130595207, 1.53956210613, 1.96781814098, 2.39607429504, 2.8243303299, 3.25258636475, 3.6808423996, 4.10909843445, 4.5373544693, 4.96561050415, 5.39386701584, 5.82212305069, 6.30293560028, 6.73143434525, 7.15993309021, 7.58843183517, 8.01693058014, 8.44542884827, 8.87392711639, 9.3024263382, 9.73092365265]
    bpm_estimates: [140.140441895, 139.828598022, 139.953292847, 140.811737061, 140.029449463, 140.041122437, 140.04675293, 139.977539062, 140.315994263, 140.081298828, 140.577987671, 140.033172607, 140.026184082, 140.225814819, 139.72883606, 139.938140869, 140.023147583, 139.909332275, 139.408508301]
    bpm_intervals: [0.42825615406, 0.42825615406, 0.42825615406, 0.428256034851, 0.42825615406, 0.428256034851, 0.428256034851, 0.428256034851, 0.428256034851, 0.428256034851, 0.428256034851, 0.428256511688, 0.428256034851, 0.480812549591, 0.428498744965, 0.428498744965, 0.428498744965, 0.428498744965, 0.428498268127, 0.428498268127, 0.428499221802, 0.428497314453]
    onset_times: [0.0464399084449, 0.255419492722, 0.487619042397, 0.696598649025, 0.917188227177, 1.11455786228, 1.35836732388, 1.55573701859, 1.764716506, 1.97369611263, 2.20589566231, 2.41487526894, 2.63546490669, 2.84444451332, 3.06503391266, 3.27401351929, 3.44816327095, 3.59909296036, 3.70358276367, 3.92417240143, 4.13315200806, 4.35374164581, 4.56272125244, 5.01551008224, 5.1780500412, 5.42185926437, 5.86303853989, 6.08362817764, 6.28099775314, 6.51319742203, 6.72217702866, 6.88471651077, 7.1517457962, 7.37233543396, 7.58131504059, 7.80190467834, 8.01088428497, 8.24308395386, 8.45206356049, 8.87002277374, 9.27637195587, 9.53179168701, 9.72916126251, 9.94975090027]
    rubato_start: []
    rubato_stop: []
    perceptual_tempo: "unknown"

sfx:
    inharmonicity:
        dmean: 0.0515137240291
        dmean2: 0.0891583710909
        dvar: 0.00357594992965
        dvar2: 0.0105118760839
        max: 0.383970707655
        mean: 0.0604619011283
        min: 0.000281501619611
        var: 0.00354028516449
    oddtoevenharmonicenergyratio:
        dmean: 11.6196212769
        dmean2: 22.9554824829
        dvar: 12202.4794922
        dvar2: 36541.3789062
        max: 1512.6529541
        mean: 6.48332452774
        min: 0.000646982516628
        var: 6160.38916016
    pitch_after_max_to_before_max_energy_ratio: 0.289068937302
    pitch_centroid: 227.065719604
    pitch_max_to_total: 0.813953459263
    pitch_min_to_total: 0.369767427444
    tristimulus:
        dmean: [0.17335768044, 0.266639500856, 0.148785665631]
        dmean2: [0.297434091568, 0.482286155224, 0.265494316816]
        dvar: [0.0207261051983, 0.0498306266963, 0.0219199471176]
        dvar2: [0.0562357455492, 0.141836836934, 0.0573655031621]
        max: [0.900361895561, 0.979741930962, 0.850220501423]
        mean: [0.312200844288, 0.455159932375, 0.161775812507]
        min: [0.0139211760834, 0, 0]
        var: [0.0347494333982, 0.0570398047566, 0.0254062395543]

tonal:
    chords_changes_rate: 0.0231481473893
    chords_number_rate: 0.0231481473893
    chords_strength:
        dmean: 0.0102988695726
        dmean2: 0.0110949128866
        dvar: 7.20027092029e-05
        dvar2: 7.39296228858e-05
        max: 0.722407579422
        mean: 0.529206097126
        min: 0.374487012625
        var: 0.00642725732177
    key_strength: 0.785655617714
    tuning_diatonic_strength: 0.675595104694
    tuning_equal_tempered_deviation: 0.0655491575599
    tuning_frequency: 443.316436768
    tuning_nontempered_energy_ratio: 0.744358181953
    hpcp:
        dmean: [0.146062776446, 0.112630419433, 0.0994494780898, 0.10312269628, 0.122127451003, 0.16986477375, 0.195872679353, 0.147732511163, 0.147800207138, 0.165789157152, 0.147827878594, 0.118730023503, 0.122919492424, 0.156234622002, 0.214848056436, 0.235937222838, 0.216047331691, 0.135385781527, 0.107750944793, 0.137152194977, 0.175119817257, 0.206696033478, 0.177539423108, 0.105216450989, 0.109897665679, 0.141087144613, 0.154552713037, 0.166209772229, 0.152785912156, 0.191213309765, 0.214011698961, 0.200013712049, 0.218873679638, 0.189503312111, 0.17748400569, 0.171642780304]
        dmean2: [0.238864138722, 0.184205889702, 0.166421830654, 0.176836133003, 0.203531146049, 0.271503329277, 0.316337585449, 0.237692669034, 0.243749827147, 0.272854834795, 0.246351674199, 0.201983958483, 0.207432359457, 0.266894966364, 0.369971066713, 0.388077497482, 0.355402469635, 0.228979855776, 0.180980876088, 0.228129610419, 0.285610437393, 0.34642085433, 0.297265291214, 0.174414649606, 0.195959210396, 0.247502908111, 0.261627614498, 0.266696542501, 0.259712159634, 0.32475027442, 0.352100044489, 0.333763629198, 0.373570233583, 0.319168865681, 0.290613412857, 0.291038990021]
        dvar: [0.0226798206568, 0.0138798477128, 0.0190022066236, 0.0191203486174, 0.0179133452475, 0.0262739751488, 0.039859034121, 0.0217510778457, 0.0284390337765, 0.0423981957138, 0.0326929725707, 0.0257117841393, 0.0247711818665, 0.0268664564937, 0.0454127639532, 0.0423995628953, 0.0376902371645, 0.0295578017831, 0.0227630510926, 0.0258088931441, 0.0299417488277, 0.0383251197636, 0.0361139513552, 0.0138401770964, 0.0223389416933, 0.0351788662374, 0.0346613004804, 0.0342730730772, 0.0334184095263, 0.0411401428282, 0.0392835251987, 0.0306209772825, 0.0515409819782, 0.0430281385779, 0.0358155220747, 0.0325405560434]
        dvar2: [0.0547367893159, 0.0356733500957, 0.0531319379807, 0.0477829389274, 0.0444424450397, 0.0620122924447, 0.077988088131, 0.04530287534, 0.0764466300607, 0.108498483896, 0.0887340903282, 0.0720831379294, 0.0634707212448, 0.0702155604959, 0.112823650241, 0.102509364486, 0.100211791694, 0.0737086385489, 0.0585963018239, 0.0646352097392, 0.0699349865317, 0.0961106196046, 0.0866962596774, 0.0298133790493, 0.0595112890005, 0.0922640934587, 0.0885763466358, 0.0811423435807, 0.0853751152754, 0.115793921053, 0.0970529988408, 0.0790323242545, 0.143316373229, 0.106665298343, 0.0981888398528, 0.0816164836287]
        max: [1, 0.980579674244, 1, 1, 0.793202877045, 1, 1, 1, 1, 1, 1, 1, 1, 1, 1, 1, 1, 0.906113743782, 1, 1, 1, 1, 1, 0.952990472317, 0.903125166893, 1, 1, 1, 1, 1, 1, 1, 1, 1, 1, 1]
        mean: [0.292711377144, 0.202093660831, 0.116498053074, 0.112160772085, 0.148113667965, 0.315981179476, 0.388404101133, 0.249583154917, 0.228214263916, 0.279507666826, 0.221545040607, 0.154534503818, 0.154691085219, 0.204184621572, 0.399272203445, 0.530670464039, 0.344984769821, 0.162654563785, 0.154962033033, 0.195438787341, 0.291779816151, 0.351400047541, 0.253743082285, 0.138078719378, 0.115572020411, 0.138487115502, 0.204967141151, 0.230841323733, 0.189931735396, 0.27109131217, 0.366690427065, 0.323919028044, 0.288489073515, 0.261293172836, 0.226776018739, 0.265426039696]
        min: [0, 0, 0, 0, 0, 0, 0, 0, 0, 0, 0, 0, 0, 0, 0, 0, 0, 0, 0, 0, 0, 0, 0, 0, 0, 0, 0, 0, 0, 0, 0, 0, 0, 0, 0, 0]
        var: [0.0550601556897, 0.0259817205369, 0.0181976910681, 0.0198835022748, 0.022453641519, 0.0589349903166, 0.089770950377, 0.0439886972308, 0.0492994040251, 0.0924263074994, 0.0554178543389, 0.0268184933811, 0.0302581302822, 0.0400454327464, 0.0790575146675, 0.101803533733, 0.0618658810854, 0.0340585373342, 0.0372152365744, 0.0436504855752, 0.0619511045516, 0.0885898768902, 0.058682590723, 0.0221207942814, 0.0187901034951, 0.0331594124436, 0.0496171936393, 0.058774638921, 0.0385056883097, 0.0582731626928, 0.0809164643288, 0.0537671037018, 0.0653337165713, 0.0614718273282, 0.0503935478628, 0.0514235422015]
    chords_histogram: [73.611114502, 0, 1.85185182095, 0, 0, 0, 12.0370368958, 0, 0, 0, 0, 0, 0, 0, 0, 0, 0, 0, 0, 0, 0, 0, 3.70370364189, 8.79629611969]
    thpcp: [1, 0.650092303753, 0.30650767684, 0.292011797428, 0.368286550045, 0.54983240366, 0.662181258202, 0.478155642748, 0.260196715593, 0.217784911394, 0.260966300964, 0.386241853237, 0.434999376535, 0.357908993959, 0.510846793652, 0.690994620323, 0.610395789146, 0.543631315231, 0.492383122444, 0.427338689566, 0.500171124935, 0.551587820053, 0.38082703948, 0.219529941678, 0.211356729269, 0.279106676579, 0.595437645912, 0.731912016869, 0.470316648483, 0.430048912764, 0.526706635952, 0.417481392622, 0.291206151247, 0.291501224041, 0.384767264128, 0.752391993999]
    chords_key: "G"
    chords_scale: "major"
    key_key: "G"
    key_scale: "major"
    chords_progression: ["C", "C", "C", "C", "C", "C", "C", "C", "Em", "Em", "Em", "Em", "Em", "Em", "Em", "Em", "Em", "Em", "Em", "Em", "Em", "Em", "Em", "Em", "Em", "Em", "Em", "G", "G", "G", "G", "G", "G", "G", "G", "D", "D", "D", "D", "G", "G", "G", "G", "G", "G", "G", "G", "G", "G", "G", "G", "G", "G", "G", "G", "G", "G", "G", "G", "G", "G", "G", "G", "G", "G", "G", "G", "G", "G", "G", "G", "G", "G", "G", "G", "G", "G", "G", "G", "G", "G", "G", "G", "G", "G", "G", "G", "G", "G", "G", "G", "G", "G", "G", "G", "G", "G", "G", "G", "G", "G", "G", "G", "G", "G", "G", "G", "G", "G", "G", "G", "G", "G", "G", "G", "G", "G", "G", "G", "G", "G", "G", "G", "G", "G", "G", "G", "G", "G", "G", "G", "G", "G", "G", "G", "G", "G", "G", "G", "G", "G", "G", "G", "G", "G", "G", "G", "G", "G", "G", "G", "G", "G", "G", "G", "G", "G", "G", "G", "G", "G", "G", "G", "G", "G", "G", "G", "G", "G", "G", "G", "G", "G", "G", "G", "G", "G", "G", "G", "G", "G", "G", "G", "G", "G", "G", "G", "G", "G", "G", "E", "E", "E", "E", "E", "E", "E", "E", "E", "E", "E", "E", "E", "E", "E", "E", "E", "E", "E", "E", "E", "E", "E", "E", "E", "E"]
