
metadata:
    version:
        essentia: "1.2.2"
    audio_properties:
        analysis_sample_rate: 44100
        bitrate: 128
        channels: 2
        equal_loudness: 1
        length: 4.78040838242
        replay_gain: 13.1136341095
        downmix: "mix"
    tags:
        track: 47
        year: 0
        album: "Splitted by Mp3Splt v. 2.1"
        artist: "From 007.40 To 007.50"
        comment: "http://mp3splt.sf.net"
        genre: ""
        title: "07 Bullet (Bullion).mp3"

highlevel:
    ballroom:
        all:
            ChaChaCha: 0.00320193381049
            Jive: 0.00200891122222
            Quickstep: 0.00164665933698
            Rumba-American: 0.00705290446058
            Rumba-International: 0.224238112569
            Rumba-Misc: 0.377118110657
            Samba: 0.00188083865214
            Tango: 0.00620726775378
            VienneseWaltz: 0.0126022389159
            Waltz: 0.364043027163
        probability: 0.377118110657
        value: "Rumba-Misc"
    culture:
        all:
            non_western: 0.997366547585
            western: 0.00263348105364
        probability: 0.997366547585
        value: "non_western"
    gender:
        all:
            female: 0.716634452343
            male: 0.283365547657
        probability: 0.716634452343
        value: "female"
    genre_dortmund:
        all:
            alternative: 0.294870823622
            blues: 0.00224773609079
            electronic: 0.384717673063
            folkcountry: 0.0616816692054
            funksoulrnb: 0.00366318738088
            jazz: 0.195956587791
            pop: 0.0329853631556
            raphiphop: 0.00150529958773
            rock: 0.0223716814071
        probability: 0.384717673063
        value: "electronic"
    genre_electronica:
        all:
            ambient: 0.997853755951
            dnb: 0.000150459542056
            house: 0.000540085369721
            techno: 0.00119314738549
            trance: 0.000262570712948
        probability: 0.997853755951
        value: "ambient"
    genre_rosamerica:
        all:
            cla: 0.312598794699
            dan: 0.008739923127
            hip: 0.00894244480878
            jaz: 0.622173845768
            pop: 0.00320755760185
            rhy: 0.00907895341516
            roc: 0.028441183269
            spe: 0.0068173231557
        probability: 0.622173845768
        value: "jaz"
    genre_tzanetakis:
        all:
            blu: 0.217063426971
            cla: 0.47915121913
            cou: 0.0227390378714
            dis: 0.0235431250185
            hip: 0.0299214571714
            jaz: 0.0668817535043
            met: 0.0245167221874
            pop: 0.0312218498439
            reg: 0.0706896036863
            roc: 0.0342718064785
        probability: 0.47915121913
        value: "cla"
    live_studio:
        all:
            live: 0.662168264389
            studio: 0.337831735611
        probability: 0.662168264389
        value: "live"
    mood:
        all:
            Cluster1: 0.355555325747
            Cluster2: 0.0316428020597
            Cluster3: 0.556760847569
            Cluster4: 0.0148223582655
            Cluster5: 0.0412186309695
        probability: 0.556760847569
        value: "Cluster3"
    mood_acoustic:
        all:
            acoustic: 0.398697137833
            not_acoustic: 0.601302862167
        probability: 0.601302862167
        value: "not_acoustic"
    mood_aggressive:
        all:
            aggressive: 5.50700860913e-06
            not_aggressive: 0.999994516373
        probability: 0.999994516373
        value: "not_aggressive"
    mood_electronic:
        all:
            electronic: 0.624769330025
            not_electronic: 0.375230699778
        probability: 0.624769330025
        value: "electronic"
    mood_happy:
        all:
            happy: 0.0248872637749
            not_happy: 0.975112736225
        probability: 0.975112736225
        value: "not_happy"
    mood_party:
        all:
            not_party: 0.973932266235
            party: 0.0260677170008
        probability: 0.973932266235
        value: "not_party"
    mood_relaxed:
        all:
            not_relaxed: 0.106970250607
            relaxed: 0.893029749393
        probability: 0.893029749393
        value: "relaxed"
    mood_sad:
        all:
            not_sad: 0.0467027835548
            sad: 0.953297197819
        probability: 0.953297197819
        value: "sad"
    rhythm:
        all:
            fast: 0.0481069013476
            medium: 0.649525702
            slow: 0.302367419004
        probability: 0.649525702
        value: "medium"
    speech_music:
        all:
            music: 0.849931716919
            speech: 0.150068297982
        probability: 0.849931716919
        value: "music"
    timbre:
        all:
            bright: 0.230028599501
            dark: 0.769971430302
        probability: 0.769971430302
        value: "dark"
    voice_instrumental:
        all:
            instrumental: 0.983904600143
            voice: 0.0160954166204
        probability: 0.983904600143
        value: "instrumental"

lowlevel:
    average_loudness: 0.0418890155852
    barkbands_kurtosis:
        dmean: 33.8671531677
        dmean2: 56.9382476807
        dvar: 7212.31689453
        dvar2: 20243.09375
        max: 655.766174316
        mean: 66.3497390747
        min: -0.617741823196
        var: 6698.18554688
    barkbands_skewness:
        dmean: 1.34470808506
        dmean2: 2.30627942085
        dvar: 5.10047197342
        dvar2: 13.9277658463
        max: 20.1230258942
        mean: 5.21699476242
        min: 0.913982570171
        var: 6.86732053757
    barkbands_spread:
        dmean: 1.7941621542
        dmean2: 2.65323281288
        dvar: 30.3996829987
        dvar2: 34.9352378845
        max: 46.5691223145
        mean: 3.93046998978
        min: 0.171259880066
        var: 38.8945121765
    dissonance:
        dmean: 0.0486529916525
        dmean2: 0.0854966193438
        dvar: 0.00253816368058
        dvar2: 0.00622450606897
        max: 0.498389363289
        mean: 0.418246388435
        min: 0.201871871948
        var: 0.00418126955628
    hfc:
        dmean: 0.122686333954
        dmean2: 0.211846381426
        dvar: 0.0647682473063
        dvar2: 0.145741805434
        max: 2.08655071259
        mean: 0.306962788105
        min: 3.90859668187e-06
        var: 0.255864262581
    pitch:
        dmean: 89.7379684448
        dmean2: 117.190055847
        dvar: 190956.640625
        dvar2: 187369.75
        max: 4009.09082031
        mean: 263.054962158
        min: 69.7784805298
        var: 199377.71875
    pitch_instantaneous_confidence:
        dmean: 0.11774995178
        dmean2: 0.193065330386
        dvar: 0.00766047975048
        dvar2: 0.0191814675927
        max: 0.829421460629
        mean: 0.535532712936
        min: 0.224364280701
        var: 0.0188797581941
    pitch_salience:
        dmean: 0.101284988225
        dmean2: 0.15319378674
        dvar: 0.0068637621589
        dvar2: 0.0166368484497
        max: 0.857584416866
        mean: 0.453817039728
        min: 0.173321455717
        var: 0.0180427376181
    silence_rate_20dB:
        dmean: 0
        dmean2: 0
        dvar: 0
        dvar2: 0
        max: 1
        mean: 1
        min: 1
        var: 0
    silence_rate_30dB:
        dmean: 0
        dmean2: 0
        dvar: 0
        dvar2: 0
        max: 1
        mean: 1
        min: 1
        var: 0
    silence_rate_60dB:
        dmean: 0.0143884895369
        dmean2: 0.0289855077863
        dvar: 0.0141814928502
        dvar2: 0.0281453747302
        max: 1
        mean: 0.921428561211
        min: 0
        var: 0.0723976567388
    spectral_centroid:
        dmean: 48.0532875061
        dmean2: 70.5222320557
        dvar: 13078.9716797
        dvar2: 14565.6416016
        max: 1192.22644043
        mean: 284.805145264
        min: 182.907836914
        var: 17823.6699219
    spectral_complexity:
        dmean: 0.507042229176
        dmean2: 0.942857146263
        dvar: 0.531640470028
        dvar2: 1.39673364162
        max: 4
        mean: 1.15277779102
        min: 0
        var: 1.35165858269
    spectral_crest:
        dmean: 3.17281126976
        dmean2: 5.01857852936
        dvar: 5.78726243973
        dvar2: 15.0655984879
        max: 26.1256809235
        mean: 17.6923809052
        min: 3.36321640015
        var: 13.2544765472
    spectral_decrease:
        dmean: 1.72386036001e-10
        dmean2: 2.94397367595e-10
        dvar: 1.20180437888e-19
        dvar2: 2.93123573424e-19
        max: -7.74694427735e-16
        mean: -3.91798038457e-10
        min: -2.6446052015e-09
        var: 4.40813027031e-19
    spectral_energy:
        dmean: 0.000661697180476
        dmean2: 0.00113026436884
        dvar: 1.77243907729e-06
        dvar2: 4.3170657591e-06
        max: 0.0101705798879
        mean: 0.00150657608174
        min: 3.27839977388e-09
        var: 6.51086293146e-06
    spectral_energyband_high:
        dmean: 5.25578123245e-08
        dmean2: 8.85336390866e-08
        dvar: 3.32074375356e-15
        dvar2: 8.29335464371e-15
        max: 5.84041799812e-07
        mean: 2.45354726758e-07
        min: 4.13739736915e-10
        var: 1.24617265969e-14
    spectral_energyband_low:
        dmean: 1.69822233147e-05
        dmean2: 2.30371879297e-05
        dvar: 1.67519553784e-09
        dvar2: 3.29102434193e-09
        max: 0.000341729319189
        mean: 3.40572660207e-05
        min: 7.73030972567e-10
        var: 5.51729995024e-09
    spectral_energyband_middle_high:
        dmean: 2.72497345577e-07
        dmean2: 3.85545888548e-07
        dvar: 1.49043537928e-13
        dvar2: 2.1122129924e-13
        max: 3.46060278389e-06
        mean: 1.20090669498e-06
        min: 4.96842289532e-10
        var: 6.03318989819e-13
    spectral_energyband_middle_low:
        dmean: 0.000654800795019
        dmean2: 0.0011163802119
        dvar: 1.70299881574e-06
        dvar2: 4.14482519773e-06
        max: 0.00982496701181
        mean: 0.00147107511293
        min: 1.44748757425e-09
        var: 6.21091930952e-06
    spectral_flatness_db:
        dmean: 0.0340189598501
        dmean2: 0.0537006370723
        dvar: 0.00248932489194
        dvar2: 0.00292597827502
        max: 0.506807744503
        mean: 0.321881711483
        min: 0.0569467097521
        var: 0.012291546911
    spectral_flux:
        dmean: 0.00614563003182
        dmean2: 0.0106022423133
        dvar: 8.34414167912e-05
        dvar2: 0.000189901780686
        max: 0.0646358132362
        mean: 0.0143469786271
        min: 5.72573117097e-05
        var: 0.000251153454883
    spectral_kurtosis:
        dmean: 5.46737527847
        dmean2: 9.17085647583
        dvar: 88.3902740479
        dvar2: 179.784393311
        max: 72.7595367432
        mean: 18.8535022736
        min: 2.13929414749
        var: 366.073791504
    spectral_rms:
        dmean: 0.000207385513932
        dmean2: 0.000316629419103
        dvar: 1.04425133429e-07
        dvar2: 1.9302559906e-07
        max: 0.00315000279807
        mean: 0.000831655983347
        min: 1.7884179897e-06
        var: 7.7817884403e-07
    spectral_rolloff:
        dmean: 98.870765686
        dmean2: 135.659179688
        dvar: 149520.953125
        dvar2: 152634.46875
        max: 3574.51171875
        mean: 319.110107422
        min: 193.798828125
        var: 155516.890625
    spectral_skewness:
        dmean: 0.443344563246
        dmean2: 0.737291932106
        dvar: 0.472607135773
        dvar2: 0.82169342041
        max: 7.3116607666
        mean: 3.45843410492
        min: 1.53623282909
        var: 2.90761446953
    spectral_spread:
        dmean: 668703.25
        dmean2: 976455.3125
        dvar: 4.15204900864e+12
        dvar2: 4.24819949568e+12
        max: 18972224
        mean: 4955658
        min: 1309532.625
        var: 7.06460254208e+12
    spectral_strongpeak:
        dmean: 0.0623922199011
        dmean2: 0.0936879962683
        dvar: 0.00847044587135
        dvar2: 0.0157133080065
        max: 0.677627325058
        mean: 0.145228043199
        min: 0
        var: 0.0320356674492
    zerocrossingrate:
        dmean: 0.00446330336854
        dmean2: 0.00682198675349
        dvar: 5.72627213842e-05
        dvar2: 0.00011865729175
        max: 0.06689453125
        mean: 0.0203179251403
        min: 0.0078125
        var: 0.000180340823135
    barkbands:
        dmean: [1.22277821202e-09, 3.4717555053e-08, 1.69832401298e-05, 0.000450394203654, 0.000449459330412, 2.28884746321e-05, 1.51013784944e-06, 1.27977602915e-06, 1.22664016544e-06, 1.30418101207e-07, 2.11497308555e-07, 3.07365546348e-08, 4.73552077551e-08, 2.06475885278e-08, 2.07410941755e-08, 2.61449795147e-08, 2.90085413468e-08, 4.19568308985e-08, 5.99633338538e-08, 5.00648482671e-08, 2.51637839455e-08, 1.00253805257e-08, 2.40683495356e-09, 1.99921679211e-09, 1.4057470743e-09, 1.84214851706e-10, 1.0960693464e-10]
        dmean2: [2.14550577304e-09, 5.5865381654e-08, 2.30673103943e-05, 0.000848627416417, 0.000744801131077, 3.5415218008e-05, 2.23091524276e-06, 2.22829999075e-06, 1.42160627092e-06, 2.23695181489e-07, 2.9468750995e-07, 5.39048983228e-08, 7.30347338163e-08, 3.21017168403e-08, 3.57209124502e-08, 4.46898624773e-08, 4.28896491655e-08, 7.74679165261e-08, 1.06644698405e-07, 7.99250656769e-08, 4.56995934428e-08, 1.76585910339e-08, 4.20512291655e-09, 3.39554806494e-09, 2.32075914042e-09, 3.00050095881e-10, 2.04855216124e-10]
        dvar: [5.99551923071e-18, 1.45082954168e-14, 1.67969604892e-09, 9.43174370605e-07, 6.16835677647e-07, 2.46782883018e-09, 8.49640757056e-12, 3.87793790135e-12, 4.67560842474e-12, 2.99819170142e-14, 8.37601743606e-14, 1.10143643423e-15, 4.17786295739e-15, 3.16897419001e-16, 3.78241027349e-16, 5.35167962751e-16, 4.47329587329e-16, 1.94499305239e-15, 2.5590303175e-15, 2.19723353485e-15, 6.09236547065e-16, 7.86109705476e-17, 4.1254909268e-18, 3.19862863979e-18, 1.74155536745e-18, 2.82264915029e-20, 2.09534171097e-20]
        dvar2: [1.64202498432e-17, 3.64062079095e-14, 3.30627414336e-09, 2.97854717246e-06, 1.39769952057e-06, 5.10901321249e-09, 1.75529261265e-11, 8.23934930699e-12, 5.27919504986e-12, 6.29991528779e-14, 1.13736873652e-13, 3.61508494987e-15, 8.0834217629e-15, 7.86543783392e-16, 1.09675160087e-15, 1.35578348763e-15, 1.39360986147e-15, 5.8349160532e-15, 8.28602865575e-15, 6.34860765439e-15, 1.44085439465e-15, 2.56116875805e-16, 1.14818103599e-17, 8.9192478356e-18, 4.08270252808e-18, 6.08605955128e-20, 7.47933284826e-20]
        max: [1.40067601961e-08, 7.50826416152e-07, 0.000341691455105, 0.0051648048684, 0.00619502365589, 0.000326774315909, 2.16342232306e-05, 1.50410205606e-05, 2.31158519455e-05, 1.36582139021e-06, 1.83260772246e-06, 1.90249764387e-07, 5.51367463686e-07, 1.11032498751e-07, 1.39050825965e-07, 1.71482483324e-07, 1.55348402586e-07, 2.75346224043e-07, 3.75122880314e-07, 4.61464964019e-07, 1.94773349449e-07, 6.08635275512e-08, 1.61462718751e-08, 1.482591383e-08, 1.27790897864e-08, 1.73995173824e-09, 8.58973225881e-10]
        mean: [1.03542885377e-09, 3.53963365285e-08, 3.40213737218e-05, 0.000503888761159, 0.000921920465771, 3.45626067428e-05, 3.16033856507e-06, 3.69225335817e-06, 3.7339912069e-06, 3.01011198189e-07, 3.16700663916e-07, 5.9466547242e-08, 9.35191550866e-08, 4.35730811432e-08, 3.74138480197e-08, 6.1150728925e-08, 7.73139490207e-08, 1.05280975049e-07, 1.5023584865e-07, 1.61551909628e-07, 9.65933111274e-08, 3.29731726367e-08, 9.80432890429e-09, 7.78565123483e-09, 7.75900943495e-09, 7.0622663273e-10, 1.59845525705e-10]
        min: [9.48164615398e-13, 4.02663402621e-10, 2.24224541712e-10, 1.92584379e-10, 4.08283962194e-10, 3.71759401041e-10, 2.78912448692e-10, 1.38405009675e-10, 5.47729361866e-11, 3.68823756258e-11, 1.98262933848e-11, 3.21614471166e-11, 1.70789164061e-11, 2.69687414761e-11, 2.36440988316e-11, 6.18275777797e-11, 4.64847153825e-11, 3.60221609486e-11, 1.50596451975e-10, 2.67430133594e-10, 9.35932720214e-11, 6.01590374738e-11, 1.38006064909e-11, 1.04826633485e-11, 1.13219841488e-11, 2.84898992418e-12, 2.00008236427e-13]
        var: [6.21369638908e-18, 7.59206980866e-15, 5.51609202759e-09, 1.19351489047e-06, 2.42013720708e-06, 3.68006025653e-09, 1.78194143469e-11, 1.56910665017e-11, 2.37600408098e-11, 1.10378333806e-13, 1.63190370505e-13, 1.57064673547e-15, 1.01129194808e-14, 7.34265015767e-16, 6.2009535063e-16, 1.42661524141e-15, 1.1143286992e-15, 3.15649178311e-15, 5.6539135827e-15, 7.93395517606e-15, 1.7186484847e-15, 1.71467129444e-16, 1.1615579527e-17, 9.63680385593e-18, 5.57505794867e-18, 9.02660649578e-20, 2.25041998125e-20]
    mfcc:
        mean: [-1031.75390625, 152.711456299, 22.4323654175, 52.5891571045, -17.6556282043, -21.8440361023, -11.2944154739, -21.4772186279, -13.965215683, -19.997253418, -19.4766540527, -22.617193222, -25.1111621857]
        cov: [[4249.93701172, 1476.63000488, 644.935913086, 222.203353882, -125.612548828, -261.783996582, -135.592315674, -229.238250732, -264.854675293, -237.421905518, -332.744232178, -365.537200928, -481.940734863], [1476.63000488, 887.330566406, 432.645935059, 180.052536011, -61.5963020325, -105.928710938, -33.5454444885, -128.700820923, -115.2447052, -107.675956726, -175.090057373, -181.985900879, -213.078155518], [644.935913086, 432.645935059, 239.65234375, 108.684516907, -25.7638168335, -49.7770690918, -17.0699138641, -62.1093673706, -55.8951759338, -52.3342056274, -85.2977294922, -89.6831436157, -106.253921509], [222.203353882, 180.052536011, 108.684516907, 83.7290344238, 10.413403511, -14.4158363342, -9.84130859375, -28.7671508789, -20.655216217, -18.0788135529, -35.3686943054, -38.3099441528, -51.5877456665], [-125.612548828, -61.5963020325, -25.7638168335, 10.413403511, 34.5641899109, 17.1715450287, -3.90008854866, 7.53668212891, 12.7736978531, 9.68330383301, 10.4625196457, 12.0712518692, 9.67848777771], [-261.783996582, -105.928710938, -49.7770690918, -14.4158363342, 17.1715450287, 34.6993408203, 12.9274091721, 15.8833904266, 17.8397941589, 14.8114480972, 26.6671218872, 22.9935836792, 28.63879776], [-135.592315674, -33.5454444885, -17.0699138641, -9.84130859375, -3.90008854866, 12.9274091721, 23.6561927795, 9.92155456543, 8.81592941284, 6.69881916046, 13.8958787918, 12.9792966843, 15.9227952957], [-229.238250732, -128.700820923, -62.1093673706, -28.7671508789, 7.53668212891, 15.8833904266, 9.92155456543, 33.8082389832, 27.102935791, 19.6654205322, 27.3413143158, 27.904083252, 40.0280685425], [-264.854675293, -115.2447052, -55.8951759338, -20.655216217, 12.7736978531, 17.8397941589, 8.81592941284, 27.102935791, 39.4215316772, 25.547542572, 26.4676837921, 27.5020084381, 37.9826049805], [-237.421905518, -107.675956726, -52.3342056274, -18.0788135529, 9.68330383301, 14.8114480972, 6.69881916046, 19.6654205322, 25.547542572, 31.0671138763, 27.1222190857, 23.9116020203, 34.4789505005], [-332.744232178, -175.090057373, -85.2977294922, -35.3686943054, 10.4625196457, 26.6671218872, 13.8958787918, 27.3413143158, 26.4676837921, 27.1222190857, 54.5319099426, 44.0367584229, 48.153755188], [-365.537200928, -181.985900879, -89.6831436157, -38.3099441528, 12.0712518692, 22.9935836792, 12.9792966843, 27.904083252, 27.5020084381, 23.9116020203, 44.0367584229, 55.9460487366, 54.0701942444], [-481.940734863, -213.078155518, -106.253921509, -51.5877456665, 9.67848777771, 28.63879776, 15.9227952957, 40.0280685425, 37.9826049805, 34.4789505005, 48.153755188, 54.0701942444, 85.1858215332]]
        icov: [[0.00157145492267, -0.00303963059559, 0.00344638898969, 0.00168497941922, -0.00114062917419, 0.00374263408594, 0.00270427740179, -0.00478677358478, 0.00279520591721, 0.00117255514488, -0.00172645947896, 0.00194173527416, 0.00524423411116], [-0.00303963059559, 0.0218553263694, -0.0279115196317, 0.00196502683684, 0.000880054314621, 0.000753191648982, -0.01432624273, 0.0233986601233, -0.0100242542103, 0.00081311975373, 0.00860188994557, 0.00558384787291, -0.0090903006494], [0.00344638898969, -0.0279115196317, 0.0664913132787, -0.0329767949879, 0.018980242312, 0.00209816219285, 0.0132027063519, -0.0209409669042, 0.00710633583367, 0.00918604619801, -0.00319855497219, 0.00408514263108, 0.00948624685407], [0.00168497941922, 0.00196502683684, -0.0329767949879, 0.0603621415794, -0.0426529161632, 0.0111540956423, -0.00787455588579, 0.00393470004201, 0.00459363590926, -0.0108449691907, -0.00427332753316, 0.00327139161527, 0.0132697746158], [-0.00114062917419, 0.000880054314621, 0.018980242312, -0.0426529161632, 0.0874328762293, -0.0466638877988, 0.0361134335399, -0.00502268085256, -0.0132353743538, -0.00125784089323, 0.0148246921599, -0.0175340343267, 0.00411629583687], [0.00374263408594, 0.000753191648982, 0.00209816219285, 0.0111540956423, -0.0466638877988, 0.0965941101313, -0.0390831269324, 0.00810618605465, -0.00114021275658, 0.0151726212353, -0.0263746753335, 0.0277011655271, 0.000447350321338], [0.00270427740179, -0.01432624273, 0.0132027063519, -0.00787455588579, 0.0361134335399, -0.0390831269324, 0.088382601738, -0.0315698720515, 0.00470440741628, -0.000445611251052, -0.00605087541044, -0.0181717965752, 0.0115518951789], [-0.00478677358478, 0.0233986601233, -0.0209409669042, 0.00393470004201, -0.00502268085256, 0.00810618605465, -0.0315698720515, 0.129075393081, -0.0558541081846, 0.0119223184884, -0.00104784569703, 0.0140077471733, -0.037415869534], [0.00279520591721, -0.0100242542103, 0.00710633583367, 0.00459363590926, -0.0132353743538, -0.00114021275658, 0.00470440741628, -0.0558541081846, 0.0909379944205, -0.0417955219746, 0.00496309995651, -0.00920378603041, 0.00904452335089], [0.00117255514488, 0.00081311975373, 0.00918604619801, -0.0108449691907, -0.00125784089323, 0.0151726212353, -0.000445611251052, 0.0119223184884, -0.0417955219746, 0.0991713926196, -0.0283596254885, 0.0222262721509, -0.016499420628], [-0.00172645947896, 0.00860188994557, -0.00319855497219, -0.00427332753316, 0.0148246921599, -0.0263746753335, -0.00605087541044, -0.00104784569703, 0.00496309995651, -0.0283596254885, 0.0791728422046, -0.0352674685419, 0.000873501703609], [0.00194173527416, 0.00558384787291, 0.00408514263108, 0.00327139161527, -0.0175340343267, 0.0277011655271, -0.0181717965752, 0.0140077471733, -0.00920378603041, 0.0222262721509, -0.0352674685419, 0.0894716754556, -0.0202240627259], [0.00524423411116, -0.0090903006494, 0.00948624685407, 0.0132697746158, 0.00411629583687, 0.000447350321338, 0.0115518951789, -0.037415869534, 0.00904452335089, -0.016499420628, 0.000873501703609, -0.0202240627259, 0.0683314949274]]
    spectral_contrast:
        mean: [1.03790725348e-07, -5.92683342404e-08, -1.38702390018e-07, 1.55116950395e-07, -2.41574724669e-07, 2.99368480228e-07, -7.65133222558e-07, 1.67306927779e-06, -1.092337925e-06, 2.38832512878e-07, -1.43299496358e-06, 1.18215882594e-06]
        var: [1.82529147423e-05, 5.49231335754e-05, 0.000131131600938, 0.000442018324975, 0.00114209193271, 0.00461638532579, 0.00976002682, 0.0255198776722, 0.0775447711349, 0.0923942625523, 0.175330206752, 1.62559998035]

rhythm:
    beats_loudness:
        dmean: 0.00196716771461
        dmean2: 0.00183035386726
        dvar: 7.70416500018e-06
        dvar2: 4.4400680963e-06
        max: 0.00984854716808
        mean: 0.00217598886229
        min: 1.27086677821e-05
        var: 1.25364867927e-05
    beats_loudness_bass:
        dmean: 0.0812844112515
        dmean2: 0.181027442217
        dvar: 0.00474001420662
        dvar2: 0.00059025263181
        max: 0.235464572906
        mean: 0.147936835885
        min: 0.045443572104
        var: 0.00519773736596
    bpm: 207.610076904
    bpm_confidence: 0
    first_peak_bpm: 208
    first_peak_spread: 0
    first_peak_weight: 1
    onset_rate: 0.418374300003
    second_peak_bpm: 0
    second_peak_spread: 0
    second_peak_weight: 0
    beats_position: [0.0513973645866, 0.340400665998, 0.629403948784, 0.918407261372, 1.20741057396, 1.49641382694]
    bpm_estimates: [207.610076904]
    bpm_intervals: [0.289003312588, 0.289003282785, 0.289003312588, 0.289003312588, 0.289003252983]
    onset_times: [0.0464399084449, 0.208979591727]
    rubato_start: []
    rubato_stop: []
    perceptual_tempo: "unknown"

sfx:
    inharmonicity:
        dmean: 0.00701420521364
        dmean2: 0.0128034502268
        dvar: 0.000522706541233
        dvar2: 0.00147152156569
        max: 0.129045203328
        mean: 0.00459246523678
        min: 2.03648255592e-06
        var: 0.000305026245769
    oddtoevenharmonicenergyratio:
        dmean: 28.7753715515
        dmean2: 58.3669471741
        dvar: 27687.2441406
        dvar2: 83361.3046875
        max: 1006.02752686
        mean: 14.1939735413
        min: 7.74588625063e-06
        var: 13858.421875
    pitch_after_max_to_before_max_energy_ratio: 1.20311522484
    pitch_centroid: 28.3158607483
    pitch_max_to_total: 0
    pitch_min_to_total: 0.305555552244
    tristimulus:
        dmean: [0.128323316574, 0.113060101867, 0.0265224222094]
        dmean2: [0.228428438306, 0.205797433853, 0.0420927926898]
        dvar: [0.0429389327765, 0.0369785651565, 0.00239523919299]
        dvar2: [0.101751059294, 0.0849278569221, 0.00312991649844]
        max: [0.994477689266, 0.975567102432, 0.399904608727]
        mean: [0.842539548874, 0.125367045403, 0.0270473919809]
        min: [0.0012012248626, 0, 0]
        var: [0.0409391932189, 0.0339675098658, 0.00261425599456]

tonal:
    chords_changes_rate: 0.0277777779847
    chords_number_rate: 0.0555555559695
    chords_strength:
        dmean: 0.00605705194175
        dmean2: 0.00859510339797
        dvar: 2.66688784905e-05
        dvar2: 7.09766318323e-05
        max: 0.444084942341
        mean: 0.406040787697
        min: 0.384958356619
        var: 0.000198084977455
    key_strength: 0.617519617081
    tuning_diatonic_strength: 0.521607577801
    tuning_equal_tempered_deviation: 0.075244307518
    tuning_frequency: 436.960693359
    tuning_nontempered_energy_ratio: 0.62488079071
    hpcp:
        dmean: [0.167217507958, 0.171363636851, 0.306870341301, 0.318293988705, 0.138126209378, 0.0402120314538, 0.006870678626, 0.00161344581284, 0.00581842008978, 0.0244128145278, 0.0548045560718, 0.145262524486, 0.168379068375, 0.0570590384305, 0.00483824545518, 0.00173656048719, 0.0431834869087, 0.155617401004, 0.234632387757, 0.226579740644, 0.0932962521911, 0.00928346347064, 0.00313384691253, 0.00499732093886, 0.0129906414077, 0.0717292055488, 0.236280828714, 0.330648720264, 0.188276976347, 0.0902522280812, 0.0527223534882, 0.105998791754, 0.321154624224, 0.436842739582, 0.350472480059, 0.281571805477]
        dmean2: [0.342040032148, 0.31665879488, 0.569566190243, 0.605362415314, 0.253802061081, 0.0815318450332, 0.0135514549911, 0.0027103535831, 0.00667765783146, 0.0258968956769, 0.0847370103002, 0.265850156546, 0.313098996878, 0.105093926191, 0.00888449884951, 0.00301770539954, 0.0792797803879, 0.239989593625, 0.349460214376, 0.365294843912, 0.172890305519, 0.0183536168188, 0.00600923225284, 0.00972721073776, 0.025430245325, 0.146205484867, 0.42929777503, 0.629801928997, 0.312972933054, 0.16992521286, 0.107399992645, 0.194344565272, 0.530770540237, 0.831968009472, 0.600796282291, 0.561329126358]
        dvar: [0.0681022927165, 0.0825736448169, 0.129233554006, 0.12939016521, 0.0311845615506, 0.00390466325916, 0.00022751079814, 9.92800869426e-06, 0.000696945295203, 0.0180613715202, 0.0182636864483, 0.0403193049133, 0.0423943139613, 0.0033382771071, 3.83297519875e-05, 4.28849307355e-06, 0.0053769396618, 0.0169934369624, 0.0403812490404, 0.0696163773537, 0.0423207692802, 0.000642171420623, 5.15774881933e-05, 0.000248935393756, 0.000998437055387, 0.0450244173408, 0.0807348117232, 0.161876499653, 0.034410379827, 0.0369421951473, 0.0174990501255, 0.0468996092677, 0.0972861349583, 0.147639662027, 0.0790075883269, 0.131777629256]
        dvar2: [0.181466981769, 0.214876875281, 0.313360989094, 0.32698354125, 0.0903175845742, 0.0103657701984, 0.000662018777803, 2.21919926844e-05, 0.000720016134437, 0.0185454785824, 0.0236567948014, 0.107672408223, 0.111849479377, 0.00863737799227, 0.000116006747703, 1.24882299133e-05, 0.0144046125934, 0.0344178378582, 0.0674354434013, 0.140993192792, 0.118342004716, 0.00213124137372, 0.000152075561346, 0.000742746749893, 0.00294421054423, 0.140062332153, 0.239555045962, 0.384540349245, 0.0771853998303, 0.104645386338, 0.0511474981904, 0.121751084924, 0.235915064812, 0.381649255753, 0.214790299535, 0.293359875679]
        max: [1, 1, 1, 1, 0.763700723648, 0.20485265553, 0.0646863505244, 0.0232383050025, 0.159186422825, 0.808011054993, 0.760912954807, 0.870604157448, 1, 0.235425338149, 0.0317742601037, 0.0141953835264, 0.358425289392, 0.704331099987, 1, 1, 0.85655105114, 0.106691680849, 0.028454946354, 0.0711443349719, 0.129532709718, 0.924052119255, 1, 1, 0.721196949482, 0.772729575634, 0.557861864567, 0.826285779476, 1, 1, 1, 1]
        mean: [0.0843633264303, 0.100951418281, 0.188184425235, 0.191198065877, 0.0924052298069, 0.0221258029342, 0.00534854922444, 0.00320480181836, 0.00672288099304, 0.0241814423352, 0.0413549430668, 0.100747913122, 0.123670749366, 0.0498375296593, 0.00549883814529, 0.002211519517, 0.0302881468087, 0.198316186666, 0.340767085552, 0.222962275147, 0.0559523180127, 0.00589169934392, 0.00266027799807, 0.00382182002068, 0.00851413328201, 0.0371029153466, 0.149117693305, 0.233677014709, 0.147184938192, 0.0536285117269, 0.0283426772803, 0.0662359371781, 0.244424879551, 0.339087128639, 0.271502047777, 0.17112095654]
        min: [1.66819154401e-05, 1.713391066e-05, 2.87481652776e-05, 0.000178955146112, 0.000275544240139, 5.67534807487e-05, 1.75387449417e-05, 2.84614579869e-05, 2.91811375064e-05, 1.55400775839e-05, 1.29586078401e-05, 0.000189522150322, 0.00175654503983, 0.00090409925906, 3.1743064028e-05, 8.23984919407e-06, 2.8081554774e-05, 0.00933349691331, 0.0162098798901, 0.00395291438326, 3.18725178658e-05, 7.96497624833e-06, 9.41334019444e-06, 9.89259478956e-06, 1.36452663355e-05, 7.89292826084e-05, 2.37569565797e-05, 7.90107442299e-05, 7.97151151346e-05, 5.90661111346e-05, 2.10244070331e-05, 5.90613990425e-06, 6.01055653533e-05, 0.000177675363375, 2.18943550863e-05, 1.26541590362e-05]
        var: [0.0399368852377, 0.0593235939741, 0.10371427983, 0.0922960862517, 0.0213450584561, 0.00232965964824, 0.000130907574203, 2.33318078244e-05, 0.000675311486702, 0.0175594966859, 0.0171349402517, 0.0297615192831, 0.033388145268, 0.00301425834186, 5.17566368217e-05, 9.85637780104e-06, 0.00384911405854, 0.0311533678323, 0.079136364162, 0.075526446104, 0.0246426314116, 0.000330217357259, 2.99519379041e-05, 0.000136489790748, 0.00054221926257, 0.0233117938042, 0.0744765177369, 0.135906770825, 0.0430661998689, 0.0220127478242, 0.0091791190207, 0.0297296904027, 0.120411530137, 0.158533647656, 0.113662958145, 0.0979695469141]
    chords_histogram: [66.6666641235, 0, 0, 0, 0, 0, 0, 0, 0, 0, 0, 0, 0, 0, 0, 0, 0, 0, 0, 33.3333320618, 0, 0, 0, 0]
    thpcp: [1, 0.65429520607, 0.16419519484, 0.01728951931, 0.00780673418194, 0.0112153440714, 0.0249851979315, 0.108880572021, 0.437594175339, 0.68573820591, 0.431922405958, 0.157375857234, 0.0831731632352, 0.194373041391, 0.717278420925, 0.995070099831, 0.796737909317, 0.502164006233, 0.247568875551, 0.296247571707, 0.552237689495, 0.56108134985, 0.271168291569, 0.0649294033647, 0.0156956166029, 0.00940466951579, 0.0197286680341, 0.0709617882967, 0.121358387172, 0.295650362968, 0.362918704748, 0.146251007915, 0.0161366462708, 0.00648982729763, 0.088882252574, 0.581969916821]
    chords_key: "G#"
    chords_scale: "major"
    key_key: "G#"
    key_scale: "major"
    chords_progression: ["D#m", "D#m", "D#m", "D#m", "D#m", "D#m", "D#m", "D#m", "D#m", "D#m", "D#m", "D#m", "G#", "G#", "G#", "G#", "G#", "G#", "G#", "G#", "G#", "G#", "G#", "G#", "G#", "G#", "G#", "G#", "G#", "G#", "G#", "G#", "G#", "G#", "G#", "G#"]
