
metadata:
    version:
        essentia: "1.2.2"
    audio_properties:
        analysis_sample_rate: 44100
        bitrate: 128
        channels: 2
        equal_loudness: 1
        length: 10.0571432114
        replay_gain: -13.6681900024
        downmix: "mix"
    tags:
        track: 19
        year: 0
        album: "Splitted by Mp3Splt v. 2.1"
        artist: "From 003.00 To 003.10"
        comment: "http://mp3splt.sf.net"
        genre: ""
        title: "11 Funky Shit [Mulder Exclusiv"

highlevel:
    ballroom:
        all:
            ChaChaCha: 0.149970054626
            Jive: 0.0249361693859
            Quickstep: 0.00146222964395
            Rumba-American: 0.000909004011191
            Rumba-International: 0.00205142120831
            Rumba-Misc: 0.000578650680836
            Samba: 0.818927109241
            Tango: 0.000494786596391
            VienneseWaltz: 0.000331597897457
            Waltz: 0.000338992103934
        probability: 0.818927109241
        value: "Samba"
    culture:
        all:
            non_western: 0.0484355539083
            western: 0.95156443119
        probability: 0.95156443119
        value: "western"
    gender:
        all:
            female: 0.523600101471
            male: 0.476399898529
        probability: 0.523600101471
        value: "female"
    genre_dortmund:
        all:
            alternative: 0.0064523848705
            blues: 0.00180538604036
            electronic: 0.880748987198
            folkcountry: 0.00106567412149
            funksoulrnb: 0.0172561723739
            jazz: 0.0359115377069
            pop: 0.00366690661758
            raphiphop: 0.0159463752061
            rock: 0.0371465869248
        probability: 0.880748987198
        value: "electronic"
    genre_electronica:
        all:
            ambient: 0.0816765651107
            dnb: 0.158278599381
            house: 0.0523090735078
            techno: 0.662258923054
            trance: 0.0454768650234
        probability: 0.662258923054
        value: "techno"
    genre_rosamerica:
        all:
            cla: 0.00895066931844
            dan: 0.268918335438
            hip: 0.392598778009
            jaz: 0.0202947221696
            pop: 0.0368827469647
            rhy: 0.0251901112497
            roc: 0.234318435192
            spe: 0.0128461830318
        probability: 0.392598778009
        value: "hip"
    genre_tzanetakis:
        all:
            blu: 0.00317838764749
            cla: 0.0050599956885
            cou: 0.00148281897418
            dis: 0.341991275549
            hip: 0.266001075506
            jaz: 0.00962408352643
            met: 0.0101458579302
            pop: 0.180519834161
            reg: 0.141556277871
            roc: 0.0404403991997
        probability: 0.341991275549
        value: "dis"
    live_studio:
        all:
            live: 0.0293876305223
            studio: 0.970612347126
        probability: 0.970612347126
        value: "studio"
    mood:
        all:
            Cluster1: 0.0626173391938
            Cluster2: 0.0971556678414
            Cluster3: 0.00736731896177
            Cluster4: 0.0353053696454
            Cluster5: 0.797554314137
        probability: 0.797554314137
        value: "Cluster5"
    mood_acoustic:
        all:
            acoustic: 0.0324064455926
            not_acoustic: 0.967593550682
        probability: 0.967593550682
        value: "not_acoustic"
    mood_aggressive:
        all:
            aggressive: 0.836083948612
            not_aggressive: 0.163916066289
        probability: 0.836083948612
        value: "aggressive"
    mood_electronic:
        all:
            electronic: 0.934775471687
            not_electronic: 0.0652245432138
        probability: 0.934775471687
        value: "electronic"
    mood_happy:
        all:
            happy: 0.194763556123
            not_happy: 0.805236458778
        probability: 0.805236458778
        value: "not_happy"
    mood_party:
        all:
            not_party: 0.0715520381927
            party: 0.928447961807
        probability: 0.928447961807
        value: "party"
    mood_relaxed:
        all:
            not_relaxed: 0.89060986042
            relaxed: 0.109390154481
        probability: 0.89060986042
        value: "not_relaxed"
    mood_sad:
        all:
            not_sad: 0.981585144997
            sad: 0.0184148624539
        probability: 0.981585144997
        value: "not_sad"
    rhythm:
        all:
            fast: 0.224810317159
            medium: 0.65540933609
            slow: 0.119780369103
        probability: 0.65540933609
        value: "medium"
    speech_music:
        all:
            music: 0.00566032109782
            speech: 0.994339704514
        probability: 0.994339704514
        value: "speech"
    timbre:
        all:
            bright: 0.0694532468915
            dark: 0.930546760559
        probability: 0.930546760559
        value: "dark"
    voice_instrumental:
        all:
            instrumental: 0.959704041481
            voice: 0.040295958519
        probability: 0.959704041481
        value: "instrumental"

lowlevel:
    average_loudness: 0.965742349625
    barkbands_kurtosis:
        dmean: 4.52213001251
        dmean2: 7.42949438095
        dvar: 105.151374817
        dvar2: 249.803543091
        max: 66.8468856812
        mean: 4.41411209106
        min: -1.86470711231
        var: 162.460510254
    barkbands_skewness:
        dmean: 0.843069672585
        dmean2: 1.25711965561
        dvar: 1.43240630627
        dvar2: 2.78340744972
        max: 7.07499408722
        mean: 1.01154756546
        min: -1.67376732826
        var: 3.75513005257
    barkbands_spread:
        dmean: 7.4422492981
        dmean2: 11.8866109848
        dvar: 80.8436965942
        dvar2: 188.355789185
        max: 66.3447799683
        mean: 29.3970050812
        min: 1.91828215122
        var: 226.528030396
    dissonance:
        dmean: 0.0198858641088
        dmean2: 0.0312282443047
        dvar: 0.000931077112909
        dvar2: 0.00146189483348
        max: 0.499835819006
        mean: 0.470191597939
        min: 0
        var: 0.00152141903527
    hfc:
        dmean: 2.64578485489
        dmean2: 4.05593824387
        dvar: 23.6570453644
        dvar2: 56.3988647461
        max: 32.607875824
        mean: 4.20231103897
        min: 8.0773505033e-05
        var: 35.7710113525
    pitch:
        dmean: 882.984985352
        dmean2: 1653.68933105
        dvar: 1776943.25
        dvar2: 3599705
        max: 4410
        mean: 1558.81152344
        min: 57.8740158081
        var: 2875393
    pitch_instantaneous_confidence:
        dmean: 0.086991339922
        dmean2: 0.130193740129
        dvar: 0.00662840157747
        dvar2: 0.0125195104629
        max: 0.738467633724
        mean: 0.329707145691
        min: 0.126656770706
        var: 0.0247076470405
    pitch_salience:
        dmean: 0.0927949175239
        dmean2: 0.141237735748
        dvar: 0.0135065587237
        dvar2: 0.0217601154
        max: 0.908915042877
        mean: 0.599721610546
        min: 0.116873137653
        var: 0.0385855138302
    silence_rate_20dB:
        dmean: 0
        dmean2: 0
        dvar: 0
        dvar2: 0
        max: 1
        mean: 1
        min: 1
        var: 0
    silence_rate_30dB:
        dmean: 0
        dmean2: 0
        dvar: 0
        dvar2: 0
        max: 1
        mean: 1
        min: 1
        var: 0
    silence_rate_60dB:
        dmean: 0.166281759739
        dmean2: 0.333333343267
        dvar: 0.138631820679
        dvar2: 0.296297192574
        max: 1
        mean: 0.573732733727
        min: 0
        var: 0.244563505054
    spectral_centroid:
        dmean: 387.253509521
        dmean2: 576.976074219
        dvar: 215196.34375
        dvar2: 405990.1875
        max: 3498.06445312
        mean: 1399.86474609
        min: 136.173187256
        var: 670895.75
    spectral_complexity:
        dmean: 5
        dmean2: 7.71162796021
        dvar: 52.2644996643
        dvar2: 108.084259033
        max: 44
        mean: 8.9884262085
        min: 0
        var: 124.404998779
    spectral_crest:
        dmean: 2.57506537437
        dmean2: 3.78724074364
        dvar: 9.47186565399
        dvar2: 14.9064092636
        max: 23.0282707214
        mean: 8.95231246948
        min: 2.54758191109
        var: 29.9355602264
    spectral_decrease:
        dmean: 4.27729990315e-10
        dmean2: 6.43304520764e-10
        dvar: 4.05573401027e-19
        dvar2: 8.7286683176e-19
        max: -6.32906533375e-15
        mean: -8.48915215901e-10
        min: -3.91582322123e-09
        var: 7.37237025249e-19
    spectral_energy:
        dmean: 0.00182857108302
        dmean2: 0.0027542298194
        dvar: 7.6881115092e-06
        dvar2: 1.71716201294e-05
        max: 0.0177368409932
        mean: 0.00358516257256
        min: 3.12137551362e-08
        var: 1.31820570459e-05
    spectral_energyband_high:
        dmean: 7.85263327998e-05
        dmean2: 0.000111670327897
        dvar: 1.13779350386e-08
        dvar2: 2.24407710192e-08
        max: 0.000982385128736
        mean: 0.000166263911524
        min: 7.43909334133e-09
        var: 3.61018059891e-08
    spectral_energyband_low:
        dmean: 0.000580479798373
        dmean2: 0.000795228348579
        dvar: 1.46917761867e-06
        dvar2: 1.78124105332e-06
        max: 0.0072386264801
        mean: 0.00126585143153
        min: 1.84837700701e-09
        var: 4.5406782192e-06
    spectral_energyband_middle_high:
        dmean: 0.00102339067962
        dmean2: 0.00162442855071
        dvar: 4.14697069573e-06
        dvar2: 1.02489602796e-05
        max: 0.0143114607781
        mean: 0.00132930011023
        min: 9.98807703212e-09
        var: 5.20667163073e-06
    spectral_energyband_middle_low:
        dmean: 0.000536588195246
        dmean2: 0.00087045627879
        dvar: 5.32215949534e-07
        dvar2: 1.23046970657e-06
        max: 0.0051642996259
        mean: 0.000823749462143
        min: 1.17685337031e-08
        var: 6.72971282256e-07
    spectral_flatness_db:
        dmean: 0.0251863524318
        dmean2: 0.0386977568269
        dvar: 0.00102356018033
        dvar2: 0.00186122686137
        max: 0.340258568525
        mean: 0.170509546995
        min: 0.0433149710298
        var: 0.00269623519853
    spectral_flux:
        dmean: 0.0153767876327
        dmean2: 0.0234144106507
        dvar: 0.00032493416802
        dvar2: 0.000859924126416
        max: 0.118254467845
        mean: 0.0332017913461
        min: 0.00210781465285
        var: 0.000543115253095
    spectral_kurtosis:
        dmean: 1.31087315083
        dmean2: 2.02507901192
        dvar: 2.44706392288
        dvar2: 6.27265691757
        max: 16.9991283417
        mean: 3.64445018768
        min: 0.707311630249
        var: 4.75445795059
    spectral_rms:
        dmean: 0.0004763083125
        dmean2: 0.000680073106196
        dvar: 3.8066306729e-07
        dvar2: 7.71889972384e-07
        max: 0.00415983609855
        mean: 0.00161198538262
        min: 5.51837320018e-06
        var: 8.99221902273e-07
    spectral_rolloff:
        dmean: 649.393005371
        dmean2: 1055.07702637
        dvar: 874469.125
        dvar2: 1667278.125
        max: 5534.03320312
        mean: 2710.09399414
        min: 107.666015625
        var: 2094624.125
    spectral_skewness:
        dmean: 0.214997917414
        dmean2: 0.300191611052
        dvar: 0.0528301037848
        dvar2: 0.110994100571
        max: 2.75043058395
        mean: 1.37601697445
        min: 0.675262987614
        var: 0.170299932361
    spectral_spread:
        dmean: 666238.8125
        dmean2: 913830.875
        dvar: 723427459072
        dvar2: 856364482560
        max: 25705910
        mean: 4578184.5
        min: 2363082.5
        var: 2.33519264563e+12
    spectral_strongpeak:
        dmean: 0.16070304811
        dmean2: 0.271352112293
        dvar: 0.0646912679076
        dvar2: 0.174661800265
        max: 2.01243019104
        mean: 0.245259150863
        min: 2.86034373858e-05
        var: 0.0868786200881
    zerocrossingrate:
        dmean: 0.0160724967718
        dmean2: 0.0178461112082
        dvar: 0.000254449085332
        dvar2: 0.000308484042762
        max: 0.1796875
        mean: 0.0841301828623
        min: 0.005859375
        var: 0.00149199843872
    barkbands:
        dmean: [1.43281056353e-07, 6.81970050209e-05, 0.000538038031664, 0.000175281544216, 8.42561712489e-05, 0.000123218123917, 5.8300611272e-05, 0.000128634972498, 8.19876659079e-05, 0.000118475858471, 5.63154171687e-05, 6.92306930432e-05, 0.000141372831422, 0.000120531840366, 7.24592755432e-05, 0.000123943289509, 9.23992338357e-05, 0.000183340467629, 0.000155088855536, 7.25970821804e-05, 3.67406573787e-05, 1.07528658191e-05, 2.97200722343e-06, 4.6729138603e-07, 1.58641455528e-07, 1.05857598243e-08, 5.33746824516e-10]
        dmean2: [2.32555066759e-07, 0.00010425682558, 0.000741278694477, 0.000292975339107, 0.000132511850097, 0.000200826762011, 9.6527452115e-05, 0.000222737900913, 0.000140593518154, 0.000195180109586, 9.9446180684e-05, 0.000118435484183, 0.000262359506451, 0.000199188187253, 0.000122800061945, 0.000196591005079, 0.000147364640725, 0.000289505056571, 0.000251529680099, 0.000116050519864, 5.32495323569e-05, 1.57993144967e-05, 4.2202404984e-06, 6.74474449625e-07, 2.38279028508e-07, 1.58814366102e-08, 8.43395964178e-10]
        dvar: [2.24707581644e-13, 3.013505534e-08, 1.44312264183e-06, 9.93929916149e-08, 2.33537562622e-08, 3.84866503111e-08, 1.06731095073e-08, 6.03388912168e-08, 2.37509354406e-08, 6.33828918239e-08, 1.26604371431e-08, 1.83932069575e-08, 1.4233729928e-07, 6.14246147279e-08, 1.70069363037e-08, 5.59456232452e-08, 2.77391425385e-08, 1.45083035363e-07, 9.62810489114e-08, 1.33926532087e-08, 2.53897458613e-09, 1.69165015329e-10, 1.36747436291e-11, 3.23981347392e-13, 3.84488617431e-14, 1.69637657392e-16, 3.4239205854e-17]
        dvar2: [5.46857698014e-13, 4.90320744007e-08, 1.75768332156e-06, 2.37917163304e-07, 5.04395352152e-08, 1.01856635126e-07, 2.74079514639e-08, 1.57706011805e-07, 6.13203710031e-08, 1.5058849101e-07, 3.54790863355e-08, 4.75312873505e-08, 4.08238122418e-07, 1.59430854296e-07, 4.29156159498e-08, 1.29842760543e-07, 6.24705904784e-08, 3.61506721447e-07, 2.24918750291e-07, 2.91122255192e-08, 5.25916643568e-09, 3.32358612853e-10, 3.37073528811e-11, 6.42643598926e-13, 8.7570325069e-14, 4.20917961833e-16, 8.58498464638e-17]
        max: [5.69746634937e-06, 0.00169037212618, 0.00714013027027, 0.00180865975562, 0.00122006447054, 0.00169248250313, 0.00126809498761, 0.00173661997542, 0.00195703748614, 0.00199057743885, 0.000999219017103, 0.00148747093044, 0.00277038966306, 0.00165198650211, 0.000893383927178, 0.00166365597397, 0.00129113846924, 0.00268186233006, 0.0023918193765, 0.0011213067919, 0.000481299881358, 0.000141860713484, 3.80790952477e-05, 6.54144059808e-06, 1.6571341348e-06, 1.09467450216e-07, 8.62586375661e-08]
        mean: [3.26747624513e-07, 0.000191485683899, 0.00107404158916, 0.000231836515013, 0.000129250183818, 0.000144004981848, 6.90200613462e-05, 0.000118435084005, 0.000101986763184, 0.000128130675876, 5.88398652326e-05, 7.93367435108e-05, 0.000107758205559, 0.000133793830173, 0.000100751407444, 0.000143548575579, 0.000121919620142, 0.000207647943171, 0.000208261670195, 0.000142888806295, 6.65425686748e-05, 1.91161216208e-05, 5.13776922162e-06, 8.22768924991e-07, 2.65583594228e-07, 1.66142939406e-08, 3.20799692366e-10]
        min: [9.33001870207e-11, 7.65017049709e-10, 9.5035868064e-10, 6.5475919131e-10, 2.92192492424e-09, 8.03376809522e-10, 4.5297837703e-10, 2.53501153402e-09, 3.60794238929e-09, 4.90832485767e-10, 5.39139621836e-10, 3.70186492571e-10, 8.36988589548e-10, 2.11966638686e-10, 2.76091316476e-10, 3.40714845226e-10, 1.68533048628e-10, 1.87536708385e-10, 4.3159396057e-09, 2.8313031919e-09, 4.70984229395e-09, 4.24003498978e-10, 1.03365160875e-09, 4.3190065413e-10, 2.08737790941e-10, 5.46109407695e-11, 6.58674368303e-14]
        var: [6.60548059393e-13, 1.44656581824e-07, 4.4697658268e-06, 1.39402146715e-07, 3.12202743658e-08, 4.05503719492e-08, 1.10421236599e-08, 5.44171889771e-08, 2.86220966927e-08, 6.9740735853e-08, 1.0610738066e-08, 2.05625241279e-08, 9.11691060423e-08, 7.01800146885e-08, 2.92018604853e-08, 7.43427790439e-08, 4.2865348604e-08, 1.59045583814e-07, 1.29764103463e-07, 3.25864135675e-08, 6.44446007669e-09, 4.9374265787e-10, 3.10759334932e-11, 9.55808457555e-13, 8.51321915523e-14, 3.3634410433e-16, 1.71779654823e-17]
    mfcc:
        mean: [-766.63659668, 109.062675476, -43.7693824768, 54.2582855225, -26.0301914215, -0.287000715733, -3.40234732628, 0.973833084106, -5.91262769699, -0.461893647909, -7.16368436813, -5.39628553391, -5.77925443649]
        cov: [[6026.69628906, 218.758514404, -1369.30419922, -548.621459961, 78.1715698242, 61.6447906494, -182.026580811, -187.4790802, 25.928478241, 45.7040481567, 247.463729858, 155.321777344, 93.3180618286], [218.758514404, 1044.30114746, 434.311920166, 178.360946655, 135.164901733, 159.649520874, 162.736297607, 213.320892334, 112.877471924, 97.8503417969, 100.859046936, 174.944732666, 133.782012939], [-1369.30419922, 434.311920166, 1454.89038086, 540.97833252, 173.170883179, 358.130096436, 237.896331787, 387.719055176, 125.075248718, 116.089179993, 7.49207878113, 81.695602417, 50.3739814758], [-548.621459961, 178.360946655, 540.97833252, 352.129516602, 123.874420166, 124.346130371, 114.526634216, 142.336410522, 79.9059143066, 49.2200241089, 3.43796467781, 23.6137981415, 12.7308712006], [78.1715698242, 135.164901733, 173.170883179, 123.874420166, 158.047241211, 161.176025391, 86.7220840454, 97.0513916016, 66.1707687378, 55.4318847656, 54.6996459961, 66.8766937256, 48.2406616211], [61.6447906494, 159.649520874, 358.130096436, 124.346130371, 161.176025391, 300.677520752, 129.313140869, 172.602935791, 84.7022476196, 81.1307907104, 66.1223373413, 84.6068572998, 71.1066436768], [-182.026580811, 162.736297607, 237.896331787, 114.526634216, 86.7220840454, 129.313140869, 116.379447937, 102.285583496, 51.0321578979, 42.5911750793, 33.4649467468, 44.0008049011, 36.9949913025], [-187.4790802, 213.320892334, 387.719055176, 142.336410522, 97.0513916016, 172.602935791, 102.285583496, 172.292129517, 74.1595458984, 63.380645752, 37.4100189209, 66.6480941772, 51.0972747803], [25.928478241, 112.877471924, 125.075248718, 79.9059143066, 66.1707687378, 84.7022476196, 51.0321578979, 74.1595458984, 78.6091003418, 49.3702278137, 34.3198356628, 35.3186721802, 26.5661296844], [45.7040481567, 97.8503417969, 116.089179993, 49.2200241089, 55.4318847656, 81.1307907104, 42.5911750793, 63.380645752, 49.3702278137, 66.8400726318, 40.8375091553, 31.4448471069, 23.9724254608], [247.463729858, 100.859046936, 7.49207878113, 3.43796467781, 54.6996459961, 66.1223373413, 33.4649467468, 37.4100189209, 34.3198356628, 40.8375091553, 85.6307220459, 68.4216766357, 47.935710907], [155.321777344, 174.944732666, 81.695602417, 23.6137981415, 66.8766937256, 84.6068572998, 44.0008049011, 66.6480941772, 35.3186721802, 31.4448471069, 68.4216766357, 106.740356445, 74.5333862305], [93.3180618286, 133.782012939, 50.3739814758, 12.7308712006, 48.2406616211, 71.1066436768, 36.9949913025, 51.0972747803, 26.5661296844, 23.9724254608, 47.935710907, 74.5333862305, 74.8522186279]]
        icov: [[0.000331647781422, -0.000268509902526, 0.000485859054606, -0.000139215888339, 8.74349061633e-05, -0.000863133987878, 0.00104368943721, -0.000132766916067, 3.85507482861e-05, 0.000119261683722, -0.000763558142353, -0.000118447758723, 0.000656587362755], [-0.000268509902526, 0.00199276278727, -0.000590935815126, 0.000370245747035, -0.000217810869799, 0.00232583470643, -0.00251928530633, -0.000915595563129, -0.000549957330804, -0.00110268313438, 0.00126378727145, -0.00185266393237, -0.00150730810128], [0.000485859054606, -0.000590935815126, 0.00534524628893, -0.00608557835221, 0.00535770319402, -0.00434673670679, 0.00208950531669, -0.00730627635494, 0.00500508956611, -0.00177864695434, 0.000152439824888, -0.00253439834341, 0.00373863964342], [-0.000139215888339, 0.000370245747035, -0.00608557835221, 0.0142095182091, -0.0117880813777, 0.0075156907551, -0.00424376409501, 0.00396947748959, -0.00826786831021, 0.00350663298741, 0.000857494771481, 0.00445543415844, -0.00213845679536], [8.74349061633e-05, -0.000217810869799, 0.00535770319402, -0.0117880813777, 0.0282546803355, -0.0132359368727, -0.00207471102476, 0.000326118897647, 0.000939199409913, -0.00437499582767, 3.49959154846e-05, -0.010830511339, 0.00567622296512], [-0.000863133987878, 0.00232583470643, -0.00434673670679, 0.0075156907551, -0.0132359368727, 0.0194672364742, -0.00780480029061, -0.00620279228315, -0.00186262524221, -0.0012210389832, 0.000675726099871, 0.00485335243866, -0.00751824304461], [0.00104368943721, -0.00251928530633, 0.00208950531669, -0.00424376409501, -0.00207471102476, -0.00780480029061, 0.0283412709832, -0.00695685623214, 0.00144408200867, 0.00289650354534, -0.00679977750406, 0.00553352152929, -0.00058541825274], [-0.000132766916067, -0.000915595563129, -0.00730627635494, 0.00396947748959, 0.000326118897647, -0.00620279228315, -0.00695685623214, 0.0399671569467, -0.0135768931359, -0.00477905012667, 0.00728862779215, -0.00804489478469, -0.00242673698813], [3.85507482861e-05, -0.000549957330804, 0.00500508956611, -0.00826786831021, 0.000939199409913, -0.00186262524221, 0.00144408200867, -0.0135768931359, 0.036678481847, -0.0149480244145, -0.00173046952114, -0.000346358952811, 0.00191397662275], [0.000119261683722, -0.00110268313438, -0.00177864695434, 0.00350663298741, -0.00437499582767, -0.0012210389832, 0.00289650354534, -0.00477905012667, -0.0149480244145, 0.0408348217607, -0.0170704014599, 0.0118870344013, -0.000444018573035], [-0.000763558142353, 0.00126378727145, 0.000152439824888, 0.000857494771481, 3.49959154846e-05, 0.000675726099871, -0.00679977750406, 0.00728862779215, -0.00173046952114, -0.0170704014599, 0.0379028916359, -0.0226002894342, 0.000477511173813], [-0.000118447758723, -0.00185266393237, -0.00253439834341, 0.00445543415844, -0.010830511339, 0.00485335243866, 0.00553352152929, -0.00804489478469, -0.000346358952811, 0.0118870344013, -0.0226002894342, 0.0529087372124, -0.0323609448969], [0.000656587362755, -0.00150730810128, 0.00373863964342, -0.00213845679536, 0.00567622296512, -0.00751824304461, -0.00058541825274, -0.00242673698813, 0.00191397662275, -0.000444018573035, 0.000477511173813, -0.0323609448969, 0.0498927235603]]
    spectral_contrast:
        mean: [4.51613829e-07, 1.037745605e-07, -4.26916557217e-07, -2.90635171041e-07, 5.52507117391e-07, 7.10771587364e-07, -2.29450279221e-06, 1.72863815351e-06, 6.36196773485e-07, -1.30392061237e-06, 1.1029618463e-06, -1.48790854837e-06]
        var: [0.000309563503833, 0.000320738938171, 0.000444774748757, 0.000742901465856, 0.00196851673536, 0.0106074986979, 0.0437289439142, 0.0791771486402, 0.143980756402, 0.282301664352, 1.28200626373, 3.62495684624]

rhythm:
    beats_loudness:
        dmean: 0.00199525477365
        dmean2: 0.00370617257431
        dvar: 1.63194647484e-06
        dvar2: 5.47859872313e-06
        max: 0.0109151760116
        mean: 0.00859244447201
        min: 0.00599640421569
        var: 2.09126278605e-06
    beats_loudness_bass:
        dmean: 0.256095349789
        dmean2: 0.42255923152
        dvar: 0.0510732345283
        dvar2: 0.0837531238794
        max: 0.631949961185
        mean: 0.255599409342
        min: 0.000427313469118
        var: 0.0678441822529
    bpm: 89.7095031738
    bpm_confidence: 0
    first_peak_bpm: 90
    first_peak_spread: 0
    first_peak_weight: 0.928571403027
    onset_rate: 5.26988649368
    second_peak_bpm: 85
    second_peak_spread: 0
    second_peak_weight: 0.0714285746217
    beats_position: [0.415303856134, 1.08370065689, 1.75209748745, 2.42049431801, 3.08889102936, 3.75728774071, 4.42568445206, 5.09408140182, 5.76247787476, 6.46436023712, 7.13357257843, 7.80278491974, 8.47199821472, 9.14121055603, 9.81042385101]
    bpm_estimates: [89.9108123779, 89.7456741333, 89.8041152954, 89.7528381348, 89.7345962524, 89.7580718994, 89.6857910156, 89.681060791, 89.8308486938, 89.8134536743, 89.6413726807, 89.7345809937, 89.7751541138, 89.6642913818, 89.6262054443, 89.5726776123, 89.5195465088, 89.5842819214, 89.6452102661]
    bpm_intervals: [0.668396830559, 0.668396830559, 0.668396830559, 0.668396711349, 0.668396711349, 0.668396711349, 0.668396949768, 0.668396472931, 0.701882362366, 0.669212341309, 0.669212341309, 0.669213294983, 0.669212341309, 0.669213294983]
    onset_times: [0.0696598663926, 0.255419492722, 0.406349211931, 0.603718817234, 0.754648506641, 0.905578255653, 1.07972788811, 1.40480720997, 1.59056687355, 1.68344676495, 1.764716506, 1.93886625767, 2.02013611794, 2.10140585899, 2.27555561066, 2.35682535172, 2.4497051239, 2.75156474113, 2.92571425438, 3.08825397491, 3.44816327095, 3.61070299149, 3.76163268089, 4.1099319458, 4.27247142792, 4.36535167694, 4.43501138687, 4.7833108902, 4.93424034119, 5.10838985443, 5.44507932663, 5.60761928558, 5.7701587677, 6.13006782532, 6.29260778427, 6.44353723526, 6.80344676971, 6.97759628296, 7.10530614853, 7.46521520615, 7.6277551651, 7.79029464722, 8.12698459625, 8.3011341095, 8.46367359161, 8.68426322937, 8.82358264923, 8.98612213135, 9.13705253601, 9.4853515625, 9.64789104462, 9.74077129364, 9.81043052673]
    rubato_start: []
    rubato_stop: []
    perceptual_tempo: "unknown"

sfx:
    inharmonicity:
        dmean: 0.0522720441222
        dmean2: 0.0929847806692
        dvar: 0.00390282273293
        dvar2: 0.0106037491933
        max: 0.323139101267
        mean: 0.0541016422212
        min: 0
        var: 0.00429546320811
    oddtoevenharmonicenergyratio:
        dmean: 1.22268640995
        dmean2: 2.23029828072
        dvar: 6.89924764633
        dvar2: 19.0756378174
        max: 27.8398685455
        mean: 0.905867993832
        min: 0
        var: 4.75326538086
    pitch_after_max_to_before_max_energy_ratio: 0.84251499176
    pitch_centroid: 203.310089111
    pitch_max_to_total: 0.525462985039
    pitch_min_to_total: 0.25925925374
    tristimulus:
        dmean: [0.211596772075, 0.252392441034, 0.154500991106]
        dmean2: [0.360067278147, 0.437371611595, 0.278464049101]
        dvar: [0.0339697524905, 0.0467971786857, 0.0227671377361]
        dvar2: [0.0790067687631, 0.125118985772, 0.0584933646023]
        max: [1, 0.964855492115, 0.631347119808]
        mean: [0.428119838238, 0.362830728292, 0.149166554213]
        min: [0.0021785995923, 0, 0]
        var: [0.0783177390695, 0.0685793161392, 0.0259731095284]

tonal:
    chords_changes_rate: 0.0322580635548
    chords_number_rate: 0.0184331797063
    chords_strength:
        dmean: 0.012318469584
        dmean2: 0.0155223729089
        dvar: 8.48877170938e-05
        dvar2: 0.000164660770679
        max: 0.561888217926
        mean: 0.446427553892
        min: 0.29540219903
        var: 0.00394372362643
    key_strength: 0.584361314774
    tuning_diatonic_strength: 0.463679552078
    tuning_equal_tempered_deviation: 0.176283657551
    tuning_frequency: 440.508575439
    tuning_nontempered_energy_ratio: 0.848148286343
    hpcp:
        dmean: [0.178492411971, 0.150220870972, 0.177834719419, 0.165161684155, 0.112252645195, 0.140051349998, 0.280058652163, 0.23870100081, 0.327430516481, 0.26940113306, 0.212756633759, 0.190902486444, 0.205557137728, 0.15705807507, 0.141667753458, 0.137366428971, 0.12962937355, 0.145649418235, 0.15368668735, 0.136003792286, 0.109270066023, 0.138031974435, 0.132895931602, 0.13561065495, 0.151530683041, 0.179259479046, 0.173223361373, 0.194181233644, 0.206157937646, 0.182300642133, 0.172020629048, 0.120095096529, 0.11851811409, 0.158051326871, 0.186624899507, 0.178398311138]
        dmean2: [0.320793926716, 0.265481293201, 0.298316538334, 0.271513313055, 0.192654579878, 0.242192745209, 0.459721773863, 0.409260243177, 0.554735064507, 0.470157116652, 0.386237740517, 0.33381152153, 0.367263942957, 0.279230684042, 0.247756659985, 0.239881709218, 0.228410109878, 0.263078868389, 0.273156672716, 0.245830610394, 0.194375321269, 0.231590628624, 0.238032564521, 0.234532728791, 0.268352389336, 0.331797659397, 0.310378432274, 0.329585134983, 0.35981169343, 0.304833948612, 0.298408925533, 0.206219628453, 0.20477886498, 0.291789621115, 0.330738186836, 0.310378611088]
        dvar: [0.0485407672822, 0.0383156053722, 0.0418071709573, 0.0376737751067, 0.0223049782217, 0.0200763940811, 0.080686762929, 0.0502807684243, 0.076816610992, 0.0706679150462, 0.0535475425422, 0.0390115641057, 0.0671000182629, 0.0347531288862, 0.0282710660249, 0.0203146971762, 0.0226457230747, 0.0388290882111, 0.0337219648063, 0.0391545630991, 0.0196340344846, 0.0230785738677, 0.0293538775295, 0.0275117512792, 0.0346688255668, 0.0428745783865, 0.028472494334, 0.0400489270687, 0.0450043454766, 0.0350779257715, 0.0400467924774, 0.0181378386915, 0.0231161992997, 0.0482722744346, 0.0472754463553, 0.0425917170942]
        dvar2: [0.119525440037, 0.0998691171408, 0.10536301136, 0.0942528918386, 0.0634157508612, 0.0521830767393, 0.192882612348, 0.120809234679, 0.208264052868, 0.16325250268, 0.145791769028, 0.0910216197371, 0.120560958982, 0.0751107484102, 0.074119925499, 0.0503375120461, 0.0557297579944, 0.112499311566, 0.0858360007405, 0.104403734207, 0.0511268824339, 0.0494847111404, 0.0608444921672, 0.0767698809505, 0.0911869704723, 0.121528096497, 0.0693239197135, 0.0992605537176, 0.122219450772, 0.0913655981421, 0.0912264660001, 0.0464114360511, 0.0639920905232, 0.134721547365, 0.129763990641, 0.0982393845916]
        max: [1, 1, 1, 1, 1, 1, 1, 1, 1, 1, 1, 1, 1, 1, 1, 1, 0.868711292744, 1, 1, 0.963316321373, 0.822328209877, 1, 1, 0.977955102921, 1, 1, 1, 1, 1, 1, 1, 1, 0.745224714279, 1, 1, 1]
        mean: [0.254347115755, 0.207179129124, 0.215176045895, 0.211877405643, 0.170872539282, 0.209555715322, 0.393731921911, 0.481417328119, 0.402124077082, 0.313304424286, 0.239475727081, 0.263054639101, 0.284915417433, 0.214273899794, 0.174514904618, 0.188117086887, 0.175675287843, 0.18371912837, 0.193638548255, 0.160462498665, 0.134817525744, 0.162973329425, 0.186139300466, 0.195835396647, 0.213928937912, 0.202436193824, 0.214948430657, 0.280890882015, 0.302596062422, 0.306824445724, 0.292125910521, 0.195411801338, 0.141263633966, 0.184582412243, 0.247070878744, 0.275446504354]
        min: [0.000851738324855, 0.000777739973273, 0.000384519778891, 0.000410996173741, 0.000425425736466, 0.00028068741085, 0.000524863542523, 0.000858389015775, 0.00155287911184, 0.000360585516319, 0.000330329959979, 0.000257117586443, 0.000252277211985, 0.00042696937453, 0.000364338600775, 0.000257169274846, 0.000248513271799, 0.000513484701514, 0.00045303555089, 0.000574252859224, 0.000479290407384, 0.000244746537646, 0.000154822861077, 0.000154705252498, 8.37266488816e-05, 0.000103303078504, 0.000711796805263, 0.00574467424303, 0.0050071417354, 0.00122983451001, 0.000276226026472, 0.000212960178033, 0.000232031656196, 0.000218462155317, 0.000460905197542, 0.000363800150808]
        var: [0.072702139616, 0.0465572625399, 0.058063596487, 0.0582054778934, 0.0390816703439, 0.0392526164651, 0.111261792481, 0.105807960033, 0.0955565050244, 0.0814146399498, 0.0659557729959, 0.0728140696883, 0.0982945784926, 0.0483965165913, 0.033510401845, 0.0372043587267, 0.0355081222951, 0.0393782556057, 0.0432056002319, 0.0405658632517, 0.0221663359553, 0.0369317233562, 0.0503258295357, 0.0504035390913, 0.0749705955386, 0.0601133368909, 0.0507963225245, 0.077379308641, 0.0817616954446, 0.0928450524807, 0.11107134819, 0.0487904213369, 0.0285901762545, 0.0500832982361, 0.0700885653496, 0.0785099044442]
    chords_histogram: [4.60829496384, 0, 6.91244220734, 0, 0, 0, 0, 0.921658992767, 1.38248848915, 0, 0, 0, 0, 0, 0, 0, 0, 86.1751174927, 0, 0, 0, 0, 0, 0]
    thpcp: [1, 0.835292100906, 0.65079587698, 0.497438937426, 0.546417057514, 0.59182626009, 0.445089697838, 0.362502336502, 0.39075678587, 0.364912688732, 0.381621330976, 0.402225971222, 0.333312690258, 0.280042946339, 0.338528186083, 0.386648535728, 0.406789243221, 0.444373160601, 0.420500427485, 0.446490854025, 0.583466470242, 0.628552496433, 0.637335717678, 0.606803894043, 0.405909359455, 0.293432801962, 0.383414566517, 0.513215601444, 0.57215744257, 0.528329789639, 0.430352449417, 0.446963638067, 0.440111726522, 0.354936420918, 0.435289084911, 0.817859888077]
    chords_key: "B"
    chords_scale: "minor"
    key_key: "B"
    key_scale: "major"
    chords_progression: ["F#", "D#", "D#", "D#", "F#", "F#", "F#", "F#", "F#", "F#", "F#", "F#", "F#", "F#", "F#", "F#", "F#", "F#", "Bm", "Bm", "Bm", "Bm", "Bm", "Bm", "Bm", "Bm", "Bm", "Bm", "Bm", "Bm", "Bm", "Bm", "Bm", "Bm", "Bm", "Bm", "Bm", "Bm", "Bm", "Cm", "Cm", "Bm", "Bm", "Bm", "Bm", "Bm", "Bm", "Bm", "Bm", "Bm", "Bm", "Bm", "Bm", "Bm", "Bm", "Bm", "Bm", "Bm", "Bm", "Bm", "Bm", "Bm", "Bm", "Bm", "Bm", "Bm", "Bm", "Bm", "B", "B", "B", "B", "B", "B", "B", "B", "B", "B", "Bm", "Bm", "Bm", "Bm", "Bm", "Bm", "Bm", "Bm", "Bm", "Bm", "Bm", "Bm", "Bm", "Bm", "Bm", "Bm", "Bm", "Bm", "Bm", "Bm", "Bm", "Bm", "Bm", "Bm", "Bm", "Bm", "Bm", "Bm", "Bm", "Bm", "Bm", "Bm", "Bm", "Bm", "Bm", "Bm", "Bm", "Bm", "Bm", "Bm", "Bm", "Bm", "Bm", "Bm", "Bm", "Bm", "Bm", "Bm", "Bm", "Bm", "Bm", "Bm", "Bm", "Bm", "Bm", "Bm", "Bm", "Bm", "Bm", "Bm", "Bm", "Bm", "Bm", "Bm", "Bm", "Bm", "Bm", "Bm", "Bm", "Bm", "Bm", "Bm", "Bm", "Bm", "Bm", "Bm", "Bm", "Bm", "Bm", "Bm", "Bm", "Bm", "Bm", "Bm", "Bm", "Bm", "Bm", "Bm", "Bm", "Bm", "Bm", "Bm", "Bm", "Bm", "Bm", "Bm", "Bm", "Bm", "Bm", "Bm", "Bm", "Bm", "Bm", "Bm", "Bm", "Bm", "Bm", "Bm", "Bm", "Bm", "Bm", "Bm", "Bm", "Bm", "Bm", "Bm", "Bm", "Bm", "Bm", "Bm", "Bm", "Bm", "Bm", "Bm", "Bm", "Bm", "Bm", "Bm", "Bm", "Bm", "Bm", "Bm", "Bm", "Bm", "Bm", "Bm", "Bm", "Bm", "Bm"]
