
metadata:
    version:
        essentia: "1.2.2"
    audio_properties:
        analysis_sample_rate: 44100
        bitrate: 128
        channels: 2
        equal_loudness: 1
        length: 10.1093873978
        replay_gain: -9.57685470581
        downmix: "mix"
    tags:
        track: 1
        year: 0
        album: "Splitted by Mp3Splt v. 2.1"
        artist: "From 000.00 To 000.10"
        comment: "http://mp3splt.sf.net"
        genre: ""
        title: "08 Silent Treatment-Diminishin"

highlevel:
    ballroom:
        all:
            ChaChaCha: 0.506149530411
            Jive: 0.00779765006155
            Quickstep: 0.0018809651956
            Rumba-American: 0.014456585981
            Rumba-International: 0.255451440811
            Rumba-Misc: 0.0407621599734
            Samba: 0.167867943645
            Tango: 0.00167428399436
            VienneseWaltz: 0.000964960490819
            Waltz: 0.00299448240548
        probability: 0.506149530411
        value: "ChaChaCha"
    culture:
        all:
            non_western: 0.984985113144
            western: 0.0150149120018
        probability: 0.984985113144
        value: "non_western"
    gender:
        all:
            female: 0.703693151474
            male: 0.296306818724
        probability: 0.703693151474
        value: "female"
    genre_dortmund:
        all:
            alternative: 0.0012550879037
            blues: 0.000285273010377
            electronic: 0.961922228336
            folkcountry: 0.000148009508848
            funksoulrnb: 0.000190859136637
            jazz: 0.00684135966003
            pop: 0.000906812085304
            raphiphop: 0.0252953208983
            rock: 0.0031550519634
        probability: 0.961922228336
        value: "electronic"
    genre_electronica:
        all:
            ambient: 0.174019962549
            dnb: 0.0168375968933
            house: 0.0402669161558
            techno: 0.76260560751
            trance: 0.00626991782337
        probability: 0.76260560751
        value: "techno"
    genre_rosamerica:
        all:
            cla: 0.035024613142
            dan: 0.207848951221
            hip: 0.265762358904
            jaz: 0.0815525427461
            pop: 0.0189950186759
            rhy: 0.335613697767
            roc: 0.0385650880635
            spe: 0.0166377425194
        probability: 0.335613697767
        value: "rhy"
    genre_tzanetakis:
        all:
            blu: 0.0822781100869
            cla: 0.135811403394
            cou: 0.0214059818536
            dis: 0.0404348187149
            hip: 0.106095463037
            jaz: 0.0555157512426
            met: 0.022741664201
            pop: 0.0496240369976
            reg: 0.445248782635
            roc: 0.0408439897001
        probability: 0.445248782635
        value: "reg"
    live_studio:
        all:
            live: 0.12905356288
            studio: 0.870946407318
        probability: 0.870946407318
        value: "studio"
    mood:
        all:
            Cluster1: 0.357492178679
            Cluster2: 0.0992309376597
            Cluster3: 0.258803218603
            Cluster4: 0.037270527333
            Cluster5: 0.247203141451
        probability: 0.357492178679
        value: "Cluster1"
    mood_acoustic:
        all:
            acoustic: 0.209851369262
            not_acoustic: 0.790148615837
        probability: 0.790148615837
        value: "not_acoustic"
    mood_aggressive:
        all:
            aggressive: 0.458674103022
            not_aggressive: 0.541325867176
        probability: 0.541325867176
        value: "not_aggressive"
    mood_electronic:
        all:
            electronic: 0.917319595814
            not_electronic: 0.0826804190874
        probability: 0.917319595814
        value: "electronic"
    mood_happy:
        all:
            happy: 0.0549768693745
            not_happy: 0.94502311945
        probability: 0.94502311945
        value: "not_happy"
    mood_party:
        all:
            not_party: 0.518350541592
            party: 0.481649428606
        probability: 0.518350541592
        value: "not_party"
    mood_relaxed:
        all:
            not_relaxed: 0.237777888775
            relaxed: 0.762222111225
        probability: 0.762222111225
        value: "relaxed"
    mood_sad:
        all:
            not_sad: 0.893787682056
            sad: 0.106212295592
        probability: 0.893787682056
        value: "not_sad"
    rhythm:
        all:
            fast: 0.0746112465858
            medium: 0.865944385529
            slow: 0.0594443567097
        probability: 0.865944385529
        value: "medium"
    speech_music:
        all:
            music: 0.906639993191
            speech: 0.0933600142598
        probability: 0.906639993191
        value: "music"
    timbre:
        all:
            bright: 0.13245254755
            dark: 0.86754745245
        probability: 0.86754745245
        value: "dark"
    voice_instrumental:
        all:
            instrumental: 0.944039404392
            voice: 0.0559606030583
        probability: 0.944039404392
        value: "instrumental"

lowlevel:
    average_loudness: 0.981489181519
    barkbands_kurtosis:
        dmean: 148.36026001
        dmean2: 222.669754028
        dvar: 56271.609375
        dvar2: 135235.109375
        max: 1695.46118164
        mean: 187.32244873
        min: -1.92069375515
        var: 82413.8046875
    barkbands_skewness:
        dmean: 4.83020162582
        dmean2: 6.9109544754
        dvar: 28.9249572754
        dvar2: 61.1930084229
        max: 39.0897865295
        mean: 8.73725223541
        min: -3.20049834251
        var: 65.7414169312
    barkbands_spread:
        dmean: 8.85052490234
        dmean2: 13.7992267609
        dvar: 263.097381592
        dvar2: 601.402404785
        max: 81.8110733032
        mean: 9.89012622833
        min: 0.15568113327
        var: 313.372497559
    dissonance:
        dmean: 0.0234185587615
        dmean2: 0.0401418320835
        dvar: 0.00117917021271
        dvar2: 0.00330151012167
        max: 0.499715566635
        mean: 0.464621990919
        min: 0.207674503326
        var: 0.00127202889416
    hfc:
        dmean: 1.74736738205
        dmean2: 3.21255993843
        dvar: 19.4395523071
        dvar2: 53.9623451233
        max: 26.6808185577
        mean: 1.07594561577
        min: 0.000163845092175
        var: 11.9131116867
    pitch:
        dmean: 791.929016113
        dmean2: 1508.12646484
        dvar: 2164787
        dvar2: 3650948.75
        max: 4410
        mean: 1113.2166748
        min: 43.108505249
        var: 2914445
    pitch_instantaneous_confidence:
        dmean: 0.0988907366991
        dmean2: 0.164833933115
        dvar: 0.00576765136793
        dvar2: 0.0142104038969
        max: 0.718976140022
        mean: 0.436142653227
        min: 0.153451144695
        var: 0.0136887952685
    pitch_salience:
        dmean: 0.161551758647
        dmean2: 0.252810031176
        dvar: 0.0268743634224
        dvar2: 0.0570977218449
        max: 0.903195917606
        mean: 0.350699216127
        min: 0.0283542647958
        var: 0.0493493154645
    silence_rate_20dB:
        dmean: 0
        dmean2: 0
        dvar: 0
        dvar2: 0
        max: 1
        mean: 1
        min: 1
        var: 0
    silence_rate_30dB:
        dmean: 0
        dmean2: 0
        dvar: 0
        dvar2: 0
        max: 1
        mean: 1
        min: 1
        var: 0
    silence_rate_60dB:
        dmean: 0.10599078238
        dmean2: 0.210161656141
        dvar: 0.0947568714619
        dvar2: 0.165993228555
        max: 1
        mean: 0.873563230038
        min: 0
        var: 0.110450580716
    spectral_centroid:
        dmean: 454.683013916
        dmean2: 748.945556641
        dvar: 869441.5
        dvar2: 1709757.75
        max: 4218.14501953
        mean: 502.072235107
        min: 61.0648918152
        var: 945539.6875
    spectral_complexity:
        dmean: 1.64733183384
        dmean2: 3.10930228233
        dvar: 12.3396511078
        dvar2: 33.9113616943
        max: 19
        mean: 1.65046298504
        min: 0
        var: 7.57921028137
    spectral_crest:
        dmean: 4.35643959045
        dmean2: 7.03896999359
        dvar: 19.1649703979
        dvar2: 35.0222969055
        max: 26.7348327637
        mean: 17.8819885254
        min: 5.1842546463
        var: 38.7889823914
    spectral_decrease:
        dmean: 5.43422418176e-10
        dmean2: 9.51881573563e-10
        dvar: 1.76973637694e-18
        dvar2: 4.74182278763e-18
        max: -6.8368319903e-13
        mean: -3.97952309994e-10
        min: -7.06167213593e-09
        var: 1.21508354869e-18
    spectral_energy:
        dmean: 0.00220462563448
        dmean2: 0.00386138027534
        dvar: 2.80716685666e-05
        dvar2: 7.52519845264e-05
        max: 0.0288099274039
        mean: 0.00159955455456
        min: 2.59524153989e-06
        var: 1.92875959328e-05
    spectral_energyband_high:
        dmean: 0.000117367002531
        dmean2: 0.000211821577977
        dvar: 8.28767596772e-08
        dvar2: 2.25091454809e-07
        max: 0.00167993665673
        mean: 7.30334650143e-05
        min: 2.95085023083e-09
        var: 5.36256479222e-08
    spectral_energyband_low:
        dmean: 0.000897229881957
        dmean2: 0.00151849980466
        dvar: 4.472692126e-06
        dvar2: 1.1654012269e-05
        max: 0.0135134179145
        mean: 0.000752223306336
        min: 5.93728714193e-07
        var: 3.27214365825e-06
    spectral_energyband_middle_high:
        dmean: 0.000532015226781
        dmean2: 0.00101248675492
        dvar: 4.56442649011e-06
        dvar2: 1.31598089865e-05
        max: 0.0138504952192
        mean: 0.000302217871649
        min: 1.28492274598e-08
        var: 2.526774324e-06
    spectral_energyband_middle_low:
        dmean: 0.000830098288134
        dmean2: 0.00159603508655
        dvar: 6.70664894642e-06
        dvar2: 1.92317384062e-05
        max: 0.0146145299077
        mean: 0.000472031271784
        min: 6.33948573636e-08
        var: 3.7145935039e-06
    spectral_flatness_db:
        dmean: 0.0720536857843
        dmean2: 0.108487345278
        dvar: 0.00486390618607
        dvar2: 0.00925364159048
        max: 0.535935342312
        mean: 0.35131970048
        min: 0.120671786368
        var: 0.0117426142097
    spectral_flux:
        dmean: 0.0168593265116
        dmean2: 0.0260164886713
        dvar: 0.000824447779451
        dvar2: 0.0013290613424
        max: 0.161741092801
        mean: 0.02543021366
        min: 0.000931317103095
        var: 0.0012351446785
    spectral_kurtosis:
        dmean: 9.00612545013
        dmean2: 14.5168113708
        dvar: 154.962188721
        dvar2: 369.959655762
        max: 96.417640686
        mean: 14.3469524384
        min: -0.0863931179047
        var: 256.704559326
    spectral_rms:
        dmean: 0.00059003860224
        dmean2: 0.000918751815334
        dvar: 8.83816824171e-07
        dvar2: 2.10988559957e-06
        max: 0.00530162686482
        mean: 0.00083007325884
        min: 5.031841647e-05
        var: 8.71520114742e-07
    spectral_rolloff:
        dmean: 630.607299805
        dmean2: 1139.75622559
        dvar: 2025881.875
        dvar2: 3434430.5
        max: 5555.56640625
        mean: 734.66986084
        min: 64.599609375
        var: 2331526.25
    spectral_skewness:
        dmean: 0.929704725742
        dmean2: 1.39163815975
        dvar: 1.04736793041
        dvar2: 2.23660373688
        max: 8.77476596832
        mean: 2.82824206352
        min: 0.575203955173
        var: 2.60829782486
    spectral_spread:
        dmean: 2235783.75
        dmean2: 3503004.25
        dvar: 4.88536276992e+12
        dvar2: 9.12118303949e+12
        max: 21765888
        mean: 5510083
        min: 923776.4375
        var: 1.09817700024e+13
    spectral_strongpeak:
        dmean: 0.0584394671023
        dmean2: 0.103148654103
        dvar: 0.0271593481302
        dvar2: 0.0791134610772
        max: 1.61142492294
        mean: 0.0658177286386
        min: 0
        var: 0.0154490312561
    zerocrossingrate:
        dmean: 0.0146552352235
        dmean2: 0.0178654156625
        dvar: 0.000514691811986
        dvar2: 0.000731495034415
        max: 0.1552734375
        mean: 0.0234838407487
        min: 0.0009765625
        var: 0.0010076626204
    barkbands:
        dmean: [1.82107476121e-06, 0.000451404426713, 0.000562161090784, 0.000557087478228, 0.000249204691499, 2.34775452554e-05, 6.22613106316e-06, 2.08023652704e-06, 1.40366819323e-06, 1.34107165195e-06, 8.24884500616e-06, 4.17610172008e-05, 0.000154413224664, 0.000185490498552, 2.31120902754e-05, 2.14693009184e-05, 2.73840269074e-05, 1.99504247576e-05, 3.76378047804e-05, 5.03076771565e-05, 5.40231703781e-05, 1.58285893122e-05, 9.62380545388e-06, 1.74022852661e-06, 1.07149980977e-06, 9.13692801419e-08, 1.49351725431e-10]
        dmean2: [3.20935760101e-06, 0.000766632496379, 0.00104847922921, 0.00107275124174, 0.000480511778733, 4.50864354207e-05, 1.20184849948e-05, 4.05142554882e-06, 2.69117549578e-06, 2.56563725998e-06, 1.59408100444e-05, 8.16586252768e-05, 0.000298487837426, 0.000355470605427, 4.24567988375e-05, 4.04680031352e-05, 5.21422007296e-05, 3.59521509381e-05, 6.93913170835e-05, 9.02428873815e-05, 9.94812580757e-05, 2.84131619992e-05, 1.79341477633e-05, 3.08818334815e-06, 1.80150175311e-06, 1.53841241968e-07, 2.60472199365e-10]
        dvar: [1.01320323659e-11, 8.16663600745e-07, 2.65482685791e-06, 3.02380954054e-06, 6.91013951837e-07, 5.30681365518e-09, 4.25609658627e-10, 6.19520476586e-11, 3.10758120625e-11, 2.44660593868e-11, 1.36364297632e-09, 3.61951748573e-08, 5.06994922489e-07, 7.10399717718e-07, 8.98889052081e-09, 7.38497396569e-09, 7.70833352703e-09, 2.17172479999e-09, 7.7109483243e-09, 1.40450833186e-08, 1.95172091821e-08, 1.64050928397e-09, 7.77575781541e-10, 2.10590277855e-11, 7.26969743084e-12, 5.81160282658e-14, 9.31969403515e-20]
        dvar2: [2.80897787669e-11, 2.09238442039e-06, 7.57946190788e-06, 8.68276765686e-06, 2.00754448088e-06, 1.52744714654e-08, 1.22749732601e-09, 1.80628054181e-10, 9.05060332235e-11, 7.03134772628e-11, 3.98816002445e-09, 1.05965618502e-07, 1.47911600834e-06, 2.05688661481e-06, 2.52556127123e-08, 2.10868424944e-08, 2.21058922278e-08, 5.79833869807e-09, 2.12147526213e-08, 3.75959530174e-08, 5.39291669099e-08, 4.44433423397e-09, 2.1760273583e-09, 5.64406056613e-11, 1.86513009898e-11, 1.54009021248e-13, 2.78890586817e-19]
        max: [1.82026651601e-05, 0.00497601227835, 0.010039690882, 0.0106180114672, 0.00497997738421, 0.000409484491684, 0.000153011889779, 5.91156021983e-05, 4.5318640332e-05, 3.34892320097e-05, 0.00023965453147, 0.00129101634957, 0.00471187802032, 0.00545014580712, 0.000661648577079, 0.000591490941588, 0.00065806490602, 0.000283732166281, 0.000435494701378, 0.000635079632048, 0.000903822598048, 0.000204319730983, 0.000146098405821, 2.55072027358e-05, 1.4927306438e-05, 1.3921937807e-06, 2.31229768666e-09]
        mean: [1.81458517545e-06, 0.00040512761916, 0.000345331878634, 0.000315235869493, 0.000137890790938, 1.32770319397e-05, 3.42842849932e-06, 1.1425846651e-06, 7.80943139489e-07, 7.62280706113e-07, 4.45671639682e-06, 2.22819344344e-05, 8.45094400574e-05, 0.000103664926428, 1.37807101055e-05, 1.25471187857e-05, 1.54838762683e-05, 1.2598320609e-05, 2.27304626605e-05, 3.20971375913e-05, 3.28386267938e-05, 1.00807537819e-05, 5.69998337596e-06, 1.14694023523e-06, 7.81048299814e-07, 6.64482584511e-08, 1.21840523781e-10]
        min: [6.15791306835e-10, 2.78145535049e-07, 1.56827766773e-07, 1.87351520964e-08, 2.24708536223e-08, 3.6002210102e-09, 1.07460573773e-09, 4.3023734575e-10, 4.93046714567e-10, 6.10136829948e-10, 5.20211262955e-10, 4.79473738491e-10, 6.68745059329e-10, 1.1877103745e-09, 9.44096023581e-10, 7.63564655948e-10, 1.4483331201e-09, 3.68500646664e-10, 8.3017825947e-10, 5.40958333684e-10, 5.96243832085e-10, 4.62894500508e-10, 3.14431231052e-10, 2.08842429461e-10, 1.94782148744e-10, 6.21860332325e-12, 1.56861145167e-12]
        var: [7.45745305786e-12, 6.25419602329e-07, 1.53215000864e-06, 1.66881466157e-06, 3.71083785922e-07, 2.9128781609e-09, 2.32676294898e-10, 3.30377149249e-11, 1.6731638644e-11, 1.35891176783e-11, 7.26081195168e-10, 1.91526137172e-08, 2.71689657438e-07, 3.89021238334e-07, 5.3640745179e-09, 4.20143253521e-09, 4.2988554938e-09, 1.46062439921e-09, 4.8042663181e-09, 9.3631102871e-09, 1.20323973007e-08, 1.06733522021e-09, 4.6188392e-10, 1.42394099983e-11, 5.59054235197e-12, 4.30762603322e-14, 6.75148176387e-20]
    mfcc:
        mean: [-1029.6953125, 108.576179504, 20.7094726562, 105.217536926, 30.8155288696, 31.1839885712, 24.9868602753, 8.71178722382, 7.99146461487, 0.547549664974, 4.1189494133, 2.49363398552, -0.809110403061]
        cov: [[18483.84375, -3992.3894043, -2476.0402832, -1380.21557617, -445.089538574, 321.181915283, -423.076782227, -789.72869873, -595.541992188, -226.960678101, -483.780517578, -334.040496826, -366.162689209], [-3992.3894043, 3583.86743164, 323.542633057, 210.145446777, -113.546089172, -231.83631897, -59.2250862122, -89.0237426758, -110.831260681, -138.96031189, 28.8594207764, 10.8805589676, -6.01204109192], [-2476.0402832, 323.542633057, 946.02130127, 364.550140381, 130.427108765, -127.94077301, 38.7014350891, 141.911483765, 130.693222046, 22.6600456238, 57.7036018372, 25.0617694855, 92.5698242188], [-1380.21557617, 210.145446777, 364.550140381, 353.353973389, 64.4092254639, -4.71037769318, 38.6813354492, 106.117485046, 76.4768371582, 40.011844635, 57.6640548706, 41.1553192139, 60.7451248169], [-445.089538574, -113.546089172, 130.427108765, 64.4092254639, 157.124481201, 76.0339660645, 81.0959396362, 39.3174629211, 43.8727798462, 27.6260814667, 38.8826141357, 23.9147109985, 35.2103614807], [321.181915283, -231.83631897, -127.94077301, -4.71037769318, 76.0339660645, 147.431442261, 74.5524520874, 12.046043396, 9.78660774231, 36.7476882935, 40.7783088684, 30.8634338379, 13.9801092148], [-423.076782227, -59.2250862122, 38.7014350891, 38.6813354492, 81.0959396362, 74.5524520874, 92.8603591919, 65.373336792, 52.6131858826, 41.6721076965, 49.8365020752, 36.5558052063, 33.3821563721], [-789.72869873, -89.0237426758, 141.911483765, 106.117485046, 39.3174629211, 12.046043396, 65.373336792, 137.422683716, 95.6217880249, 54.9843330383, 45.1450653076, 37.5962142944, 47.509929657], [-595.541992188, -110.831260681, 130.693222046, 76.4768371582, 43.8727798462, 9.78660774231, 52.6131858826, 95.6217880249, 97.5507354736, 55.4661140442, 48.0153045654, 36.3362045288, 43.6681060791], [-226.960678101, -138.96031189, 22.6600456238, 40.011844635, 27.6260814667, 36.7476882935, 41.6721076965, 54.9843330383, 55.4661140442, 61.2655143738, 50.2268295288, 34.3122558594, 29.636177063], [-483.780517578, 28.8594207764, 57.7036018372, 57.6640548706, 38.8826141357, 40.7783088684, 49.8365020752, 45.1450653076, 48.0153045654, 50.2268295288, 78.1343231201, 54.4757499695, 37.7123947144], [-334.040496826, 10.8805589676, 25.0617694855, 41.1553192139, 23.9147109985, 30.8634338379, 36.5558052063, 37.5962142944, 36.3362045288, 34.3122558594, 54.4757499695, 64.5584640503, 36.9272689819], [-366.162689209, -6.01204109192, 92.5698242188, 60.7451248169, 35.2103614807, 13.9801092148, 33.3821563721, 47.509929657, 43.6681060791, 29.636177063, 37.7123947144, 36.9272689819, 56.8421516418]]
        icov: [[0.000176970628672, 0.000175177759957, 0.000156123496708, 0.000120260330732, 0.000330234091962, -0.000461194693344, 0.000279857777059, 0.00063727714587, -2.09559730138e-05, 8.04218216217e-05, 0.000373449380277, 0.000214763334952, -0.000425498990808], [0.000175177759957, 0.000666087435093, 0.000289665738819, -0.000421228178311, 0.000781506416388, 0.000962436315604, -0.00146011379547, 0.00115802069195, 0.000624681881163, 0.00189957465045, -0.00134460942354, 0.000412439258071, -0.000500035472214], [0.000156123496708, 0.000289665738819, 0.00379527057521, -0.00244002323598, -0.00299545680173, 0.0049071800895, -0.000570044736378, 0.000734930799808, -0.00183143676259, 0.003292262787, -0.00300208153203, 0.00253264722414, -0.00213084276766], [0.000120260330732, -0.000421228178311, -0.00244002323598, 0.00693602114916, -0.000460094044684, -0.00514265010133, 0.0069605098106, -0.00522131286561, 0.00182166567538, -0.00165772461332, -0.000152417400386, -0.000502115115523, -0.000990155967884], [0.000330234091962, 0.000781506416388, -0.00299545680173, -0.000460094044684, 0.0198243074119, -0.00733502442017, -0.014684968628, 0.00955438986421, -0.00539602991194, 0.00439838971943, 0.00263323634863, 0.00263532414101, -0.00386459426954], [-0.000461194693344, 0.000962436315604, 0.0049071800895, -0.00514265010133, -0.00733502442017, 0.0308234188706, -0.0227051898837, 0.00410793023184, 0.010196547024, -0.00607955502346, -0.00531397899613, -0.00152667879593, 0.00135238864459], [0.000279857777059, -0.00146011379547, -0.000570044736378, 0.0069605098106, -0.014684968628, -0.0227051898837, 0.0608524829149, -0.022474270314, -0.00417774589732, 0.00332832080312, -0.00920818373561, 0.000793743296526, -6.61038429826e-05], [0.00063727714587, 0.00115802069195, 0.000734930799808, -0.00522131286561, 0.00955438986421, 0.00410793023184, -0.022474270314, 0.0376201272011, -0.0224568061531, -0.00341944233514, 0.0115686720237, -0.00138223357499, -0.00430563418195], [-2.09559730138e-05, 0.000624681881163, -0.00183143676259, 0.00182166567538, -0.00539602991194, 0.010196547024, -0.00417774589732, -0.0224568061531, 0.0553642064333, -0.025723669678, -0.00154369685333, -0.00219923793338, -0.00364305288531], [8.04218216217e-05, 0.00189957465045, 0.003292262787, -0.00165772461332, 0.00439838971943, -0.00607955502346, 0.00332832080312, -0.00341944233514, -0.025723669678, 0.0729226917028, -0.0371584445238, 0.0103517426178, -0.00352724618278], [0.000373449380277, -0.00134460942354, -0.00300208153203, -0.000152417400386, 0.00263323634863, -0.00531397899613, -0.00920818373561, 0.0115686720237, -0.00154369685333, -0.0371584445238, 0.0646327733994, -0.0306333228946, 0.000308714690618], [0.000214763334952, 0.000412439258071, 0.00253264722414, -0.000502115115523, 0.00263532414101, -0.00152667879593, 0.000793743296526, -0.00138223357499, -0.00219923793338, 0.0103517426178, -0.0306333228946, 0.0471335165203, -0.0167324412614], [-0.000425498990808, -0.000500035472214, -0.00213084276766, -0.000990155967884, -0.00386459426954, 0.00135238864459, -6.61038429826e-05, -0.00430563418195, -0.00364305288531, -0.00352724618278, 0.000308714690618, -0.0167324412614, 0.0403289683163]]
    spectral_contrast:
        mean: [3.03175688998e-08, -5.29754402123e-07, -3.58615238838e-07, -4.85667470684e-08, -2.50818970926e-07, 1.71277122263e-07, 3.99592590838e-06, 1.51771087076e-06, -1.23969380184e-06, 2.8662659588e-06, 2.31933813666e-06, 3.60939225175e-07]
        var: [8.84781184141e-05, 0.000361791317118, 0.000452486914583, 0.00132274476346, 0.001502333791, 0.00638897204772, 0.0660415813327, 0.0940752699971, 0.136655688286, 0.538419187069, 1.36477065086, 9.08664417267]

rhythm:
    beats_loudness:
        dmean: 0.00375614711083
        dmean2: 0.00740978261456
        dvar: 6.82757445247e-07
        dvar2: 1.44154478221e-06
        max: 0.00806045159698
        mean: 0.00523529062048
        min: 0.00297892303206
        var: 3.92488891521e-06
    beats_loudness_bass:
        dmean: 0.115648016334
        dmean2: 0.22946330905
        dvar: 0.000441608281108
        dvar2: 0.000981763238087
        max: 0.990720450878
        mean: 0.919444322586
        min: 0.777661144733
        var: 0.00390131492168
    bpm: 132.671295166
    bpm_confidence: 0
    first_peak_bpm: 133
    first_peak_spread: 0
    first_peak_weight: 0.952380955219
    onset_rate: 4.45130825043
    second_peak_bpm: 124
    second_peak_spread: 0
    second_peak_weight: 0.047619048506
    beats_position: [0.0750969871879, 0.527259111404, 0.979421198368, 1.43158340454, 1.88374555111, 2.33590769768, 2.78806996346, 3.24023199081, 3.69239401817, 4.14455604553, 4.59671783447, 5.04888010025, 5.50104188919, 5.98578214645, 6.43811225891, 6.89044141769, 7.34277057648, 7.79510068893, 8.24742984772, 8.69975852966, 9.15208911896, 9.6044178009]
    bpm_estimates: [132.897766113, 132.705184937, 132.867477417, 132.562866211, 132.630401611, 132.645217896, 132.666030884, 132.630249023, 132.657516479, 132.877655029, 132.671096802, 132.64465332, 132.532119751, 132.624908447, 132.615249634, 132.636779785, 132.589599609, 132.628448486]
    bpm_intervals: [0.452162116766, 0.452162086964, 0.452162206173, 0.452162146568, 0.452162146568, 0.452162265778, 0.452162027359, 0.452162027359, 0.452162027359, 0.45216178894, 0.452162265778, 0.45216178894, 0.484740257263, 0.452330112457, 0.452329158783, 0.452329158783, 0.452330112457, 0.452329158783, 0.452328681946, 0.452330589294, 0.452328681946]
    onset_times: [0.0696598663926, 0.290249437094, 0.510838985443, 0.743038535118, 0.975238084793, 1.20743763447, 1.42802715302, 1.66022670269, 1.89242625237, 2.11301589012, 2.33360552788, 2.56580495834, 2.79800462723, 3.01859402657, 3.23918366432, 3.47138333321, 3.70358276367, 3.92417240143, 4.15637207031, 4.37696123123, 4.60916090012, 4.841360569, 5.06195020676, 5.29414987564, 5.52634906769, 5.74693870544, 5.9675283432, 6.19972801208, 6.43192720413, 6.65251684189, 6.88471651077, 7.10530614853, 7.34911584854, 7.56970500946, 7.79029464722, 8.0224943161, 8.25469398499, 8.47528362274, 8.6958732605, 8.92807292938, 9.16027164459, 9.38086128235, 9.61306095123, 9.83365058899, 10.0658502579]
    rubato_start: []
    rubato_stop: []
    perceptual_tempo: "unknown"

sfx:
    inharmonicity:
        dmean: 0.0345691740513
        dmean2: 0.0599989779294
        dvar: 0.00365670071915
        dvar2: 0.00983406137675
        max: 0.351198971272
        mean: 0.0256523527205
        min: 6.0911042965e-07
        var: 0.00309739052318
    oddtoevenharmonicenergyratio:
        dmean: 2.07150006294
        dmean2: 3.9876499176
        dvar: 83.607208252
        dvar2: 245.166763306
        max: 88.469871521
        mean: 1.24960386753
        min: 2.02816841011e-06
        var: 48.1146240234
    pitch_after_max_to_before_max_energy_ratio: 91.3526763916
    pitch_centroid: 224.842956543
    pitch_max_to_total: 0.025462962687
    pitch_min_to_total: 0.1875
    tristimulus:
        dmean: [0.247010782361, 0.20425593853, 0.109595738351]
        dmean2: [0.452030152082, 0.374017477036, 0.194938123226]
        dvar: [0.101254753768, 0.0735787674785, 0.038270547986]
        dvar2: [0.201212733984, 0.193957731128, 0.095466054976]
        max: [0.998577952385, 0.973382353783, 0.876343548298]
        mean: [0.719109117985, 0.164939418435, 0.0853819549084]
        min: [0.0045349500142, 0, 0]
        var: [0.133607044816, 0.0690759047866, 0.0342850908637]

tonal:
    chords_changes_rate: 0.168949767947
    chords_number_rate: 0.0273972600698
    chords_strength:
        dmean: 0.0156849268824
        dmean2: 0.0194045491517
        dvar: 0.000139566822327
        dvar2: 0.000254413404036
        max: 0.613122344017
        mean: 0.447151243687
        min: 0.26597109437
        var: 0.00420468533412
    key_strength: 0.658212721348
    tuning_diatonic_strength: 0.436360985041
    tuning_equal_tempered_deviation: 0.275650888681
    tuning_frequency: 453.940612793
    tuning_nontempered_energy_ratio: 0.896367609501
    hpcp:
        dmean: [0.08463909477, 0.0961122885346, 0.117860585451, 0.147571742535, 0.159795299172, 0.164715901017, 0.195426717401, 0.258611857891, 0.290865838528, 0.201840832829, 0.143905863166, 0.174309551716, 0.202099218965, 0.206150978804, 0.156206071377, 0.120477341115, 0.110895454884, 0.0953180938959, 0.0869602039456, 0.152650594711, 0.197117820382, 0.17808765173, 0.232546523213, 0.216808319092, 0.151576325297, 0.113795243204, 0.142841681838, 0.129245012999, 0.135786741972, 0.100773453712, 0.0490945018828, 0.0470880977809, 0.0709221810102, 0.0831925943494, 0.0805952101946, 0.09490275383]
        dmean2: [0.152152553201, 0.17702165246, 0.222531750798, 0.278889209032, 0.292989343405, 0.294128298759, 0.355108946562, 0.473506122828, 0.531417191029, 0.379960030317, 0.269744813442, 0.330118656158, 0.375143617392, 0.366156548262, 0.275625705719, 0.211789354682, 0.207585841417, 0.183613285422, 0.15576300025, 0.290390521288, 0.369269311428, 0.320914506912, 0.395405948162, 0.368093788624, 0.260020434856, 0.200309470296, 0.269600450993, 0.249052584171, 0.263195604086, 0.191109448671, 0.0908600687981, 0.0902358517051, 0.134595319629, 0.15825535357, 0.144431054592, 0.171973094344]
        dvar: [0.0191439464688, 0.0344067960978, 0.0435203053057, 0.0617045164108, 0.0618974119425, 0.0556765198708, 0.0661849305034, 0.0964890420437, 0.117809966207, 0.0712950229645, 0.0538644567132, 0.0716726109385, 0.0936417207122, 0.0881366431713, 0.0628953427076, 0.0446249991655, 0.0496576055884, 0.0442340821028, 0.0267538595945, 0.0710304901004, 0.0868998616934, 0.0614397935569, 0.0898310989141, 0.0895362645388, 0.0573414713144, 0.0322253778577, 0.0577759556472, 0.048665266484, 0.0571101419628, 0.0380487777293, 0.0125636532903, 0.0176133178174, 0.0215139091015, 0.0236795470119, 0.0224053394049, 0.0313414223492]
        dvar2: [0.0509764626622, 0.0958801805973, 0.123046144843, 0.160852774978, 0.165730819106, 0.1297134161, 0.158537968993, 0.229341357946, 0.354400902987, 0.218630880117, 0.143956422806, 0.196137472987, 0.236406460404, 0.230834022164, 0.150541424751, 0.113816253841, 0.133202284575, 0.116016246378, 0.0698903277516, 0.187383130193, 0.243678063154, 0.168866217136, 0.229161292315, 0.202998116612, 0.144612416625, 0.0772585719824, 0.146423563361, 0.127466365695, 0.157200723886, 0.106671653688, 0.0360751077533, 0.0516666918993, 0.0622447431087, 0.0684690698981, 0.0648174732924, 0.0916663855314]
        max: [0.89841324091, 1, 1, 1, 1, 1, 1, 1, 1, 1, 1, 1, 1, 1, 1, 1, 1, 1, 1, 1, 1, 1, 1, 1, 1, 1, 1, 1, 1, 0.955076813698, 0.822973310947, 1, 1, 1, 1, 1]
        mean: [0.0668031722307, 0.0623961240053, 0.072819404304, 0.090345017612, 0.105299204588, 0.126773923635, 0.152269378304, 0.200633570552, 0.206391692162, 0.130937039852, 0.0855875909328, 0.104152590036, 0.148648366332, 0.1708355546, 0.143282905221, 0.0910874828696, 0.06817522645, 0.0570194907486, 0.0558791384101, 0.094630420208, 0.125675797462, 0.158135727048, 0.239785924554, 0.237717047334, 0.122656352818, 0.0780848488212, 0.0889763608575, 0.0775561332703, 0.0764529258013, 0.0588642880321, 0.0299320649356, 0.0276031643152, 0.0429089292884, 0.0549524500966, 0.0577622242272, 0.0675819590688]
        min: [3.954742715e-05, 2.92810618703e-05, 2.67998675554e-05, 3.34269134328e-05, 3.0026625609e-05, 2.71614662779e-05, 2.82884866465e-05, 1.91254548554e-05, 2.2198235456e-05, 2.49456279562e-05, 1.6797810531e-05, 1.82834537554e-05, 2.47153257078e-05, 4.65117154818e-05, 2.53099642578e-05, 2.31794110732e-05, 2.61994064203e-05, 2.37143722188e-05, 2.14782194234e-05, 2.13657076529e-05, 2.61488075921e-05, 3.7305544538e-05, 2.32635193242e-05, 1.61056887009e-05, 1.63384138432e-05, 1.92091938516e-05, 1.98563902813e-05, 1.68827700691e-05, 1.56748883455e-05, 2.45229366556e-05, 3.19761857099e-05, 2.81990323856e-05, 2.71150420303e-05, 2.25434305321e-05, 1.36985463541e-05, 2.93125031021e-05]
        var: [0.020523680374, 0.0240176189691, 0.0309257414192, 0.0439364239573, 0.0475230403244, 0.0600751712918, 0.0698582530022, 0.0983764752746, 0.10782045126, 0.0558832287788, 0.0383014380932, 0.0506518669426, 0.0834081321955, 0.0883766189218, 0.0799507945776, 0.0413014627993, 0.0331102795899, 0.029426805675, 0.0194861218333, 0.0508147999644, 0.063845641911, 0.0714091584086, 0.120079725981, 0.129731878638, 0.0572139881551, 0.0289628654718, 0.0437837541103, 0.0328976176679, 0.035049226135, 0.0239902418107, 0.00735658593476, 0.00949932169169, 0.0131828971207, 0.0164376180619, 0.0167237911373, 0.0248090457171]
    chords_histogram: [13.2420091629, 0, 0, 0, 5.93607282639, 0, 0, 0, 0, 0, 0, 0, 0, 0, 0, 6.39269399643, 0, 0, 0, 0, 0, 6.39269399643, 43.378993988, 24.6575336456]
    thpcp: [1, 0.99137198925, 0.511524379253, 0.325644016266, 0.371065825224, 0.323439061642, 0.318838268518, 0.245486840606, 0.124828279018, 0.115115866065, 0.178946822882, 0.229172959924, 0.240890800953, 0.281842887402, 0.27859506011, 0.260215967894, 0.303685069084, 0.376773655415, 0.439138382673, 0.528696298599, 0.635022163391, 0.836719572544, 0.860733151436, 0.546058058739, 0.356933325529, 0.434356570244, 0.619921147823, 0.712450325489, 0.597545087337, 0.379870027304, 0.284317046404, 0.237793311477, 0.233037605882, 0.394645422697, 0.524116635323, 0.659487128258]
    chords_key: "A"
    chords_scale: "major"
    key_key: "E"
    key_scale: "major"
    chords_progression: ["E", "E", "Am", "Am", "Am", "Am", "Am", "E", "E", "E", "E", "E", "E", "E", "E", "E", "E", "Am", "E", "Am", "Am", "Am", "Am", "E", "E", "E", "E", "Am", "E", "Am", "Am", "Am", "E", "E", "E", "E", "E", "E", "E", "E", "E", "E", "A", "A", "E", "A", "A", "A", "A", "A", "A", "A", "A", "A", "A", "A", "A", "A", "A", "A", "A", "A", "A", "A", "A", "A", "A", "A", "A", "A", "A", "A", "A", "C#m", "A", "A", "A", "A", "A", "A", "A", "A", "A", "A", "A", "A", "A", "A", "A", "A", "C#m", "A", "A", "A", "A", "F#", "A", "A", "A", "A", "A", "A", "A", "A", "A", "A", "A", "A", "A", "A", "F#", "F#", "F#", "F#", "F#m", "F#m", "A", "A", "A", "A", "A", "A", "A", "A", "A", "A", "A", "A", "A", "A", "A", "A", "A", "A", "A", "A", "A", "A", "A", "A", "A", "A", "A", "A", "A", "A", "F#m", "F#m", "F#m", "C#m", "F#m", "F#m", "F#m", "F#m", "F#m", "F#m", "A", "C#m", "C#m", "C#m", "C#m", "C#m", "C#m", "C#m", "C#m", "C#m", "C#m", "C#m", "C#m", "C#m", "C#m", "C#m", "C#m", "C#m", "C#m", "C#m", "C#m", "C#m", "C#m", "C#m", "C#m", "C#m", "C#m", "C#m", "C#m", "C#m", "C#m", "C#m", "C#m", "C#m", "C#m", "C#m", "C#m", "C#m", "F#", "C#m", "C#m", "C#m", "C#m", "C#m", "C#m", "F#", "F#", "C#m", "C#m", "C#m", "C#m", "F#", "F#", "F#", "F#", "C#m", "C#m", "C#m", "F#m", "C#m", "F#m", "F#m", "F#"]
