
metadata:
    version:
        essentia: "1.2.2"
    audio_properties:
        analysis_sample_rate: 44100
        bitrate: 128
        channels: 2
        equal_loudness: 1
        length: 10.0310201645
        replay_gain: -4.36176490784
        downmix: "mix"
    tags:
        track: 52
        year: 0
        album: "Splitted by Mp3Splt v. 2.1"
        artist: "From 008.30 To 008.40"
        comment: "http://mp3splt.sf.net"
        genre: ""
        title: "10 Postscript.mp3"

highlevel:
    ballroom:
        all:
            ChaChaCha: 0.00120702153072
            Jive: 0.00125717348419
            Quickstep: 0.00211482308805
            Rumba-American: 0.00241911318153
            Rumba-International: 0.0556448176503
            Rumba-Misc: 0.0918535217643
            Samba: 0.00100421044044
            Tango: 0.00273137912154
            VienneseWaltz: 0.0232056491077
            Waltz: 0.818562269211
        probability: 0.818562269211
        value: "Waltz"
    culture:
        all:
            non_western: 0.752420186996
            western: 0.247579813004
        probability: 0.752420186996
        value: "non_western"
    gender:
        all:
            female: 0.740495085716
            male: 0.259504914284
        probability: 0.740495085716
        value: "female"
    genre_dortmund:
        all:
            alternative: 0.214724555612
            blues: 0.000392953312257
            electronic: 0.67166608572
            folkcountry: 0.00550832273439
            funksoulrnb: 0.00481861783192
            jazz: 0.0661113038659
            pop: 0.0163665767759
            raphiphop: 0.00028559207567
            rock: 0.0201259814203
        probability: 0.67166608572
        value: "electronic"
    genre_electronica:
        all:
            ambient: 0.999043822289
            dnb: 8.28538177302e-05
            house: 0.000128058076371
            techno: 0.000249962089583
            trance: 0.000495279906318
        probability: 0.999043822289
        value: "ambient"
    genre_rosamerica:
        all:
            cla: 0.649944543839
            dan: 0.0171060748398
            hip: 0.0145969726145
            jaz: 0.0833107233047
            pop: 0.0113939065486
            rhy: 0.060532707721
            roc: 0.155060738325
            spe: 0.0080543551594
        probability: 0.649944543839
        value: "cla"
    genre_tzanetakis:
        all:
            blu: 0.129987552762
            cla: 0.540858387947
            cou: 0.0223011318594
            dis: 0.024052888155
            hip: 0.0245206411928
            jaz: 0.109398066998
            met: 0.0265381410718
            pop: 0.0284465141594
            reg: 0.0545518063009
            roc: 0.0393448881805
        probability: 0.540858387947
        value: "cla"
    live_studio:
        all:
            live: 0.494414865971
            studio: 0.505585134029
        probability: 0.505585134029
        value: "studio"
    mood:
        all:
            Cluster1: 0.0104182548821
            Cluster2: 0.0140389511362
            Cluster3: 0.953866899014
            Cluster4: 0.00883159227669
            Cluster5: 0.0128443110734
        probability: 0.953866899014
        value: "Cluster3"
    mood_acoustic:
        all:
            acoustic: 0.297942966223
            not_acoustic: 0.70205706358
        probability: 0.70205706358
        value: "not_acoustic"
    mood_aggressive:
        all:
            aggressive: 0.00855089817196
            not_aggressive: 0.991449117661
        probability: 0.991449117661
        value: "not_aggressive"
    mood_electronic:
        all:
            electronic: 0.808915317059
            not_electronic: 0.191084682941
        probability: 0.808915317059
        value: "electronic"
    mood_happy:
        all:
            happy: 0.0629551559687
            not_happy: 0.937044858932
        probability: 0.937044858932
        value: "not_happy"
    mood_party:
        all:
            not_party: 0.967670440674
            party: 0.0323295332491
        probability: 0.967670440674
        value: "not_party"
    mood_relaxed:
        all:
            not_relaxed: 0.0671654045582
            relaxed: 0.932834565639
        probability: 0.932834565639
        value: "relaxed"
    mood_sad:
        all:
            not_sad: 0.0730784237385
            sad: 0.926921546459
        probability: 0.926921546459
        value: "sad"
    rhythm:
        all:
            fast: 0.0498843155801
            medium: 0.565443813801
            slow: 0.384671866894
        probability: 0.565443813801
        value: "medium"
    speech_music:
        all:
            music: 0.985190689564
            speech: 0.0148093029857
        probability: 0.985190689564
        value: "music"
    timbre:
        all:
            bright: 0.158960387111
            dark: 0.841039597988
        probability: 0.841039597988
        value: "dark"
    voice_instrumental:
        all:
            instrumental: 0.999996542931
            voice: 3.47053332916e-06
        probability: 0.999996542931
        value: "instrumental"

lowlevel:
    average_loudness: 0.98287665844
    barkbands_kurtosis:
        dmean: 2.22168064117
        dmean2: 4.09042549133
        dvar: 8.23455429077
        dvar2: 25.8479480743
        max: 36.1186637878
        mean: 3.15653562546
        min: -1.03901171684
        var: 9.54905033112
    barkbands_skewness:
        dmean: 0.42643558979
        dmean2: 0.787330150604
        dvar: 0.127804547548
        dvar2: 0.416122794151
        max: 1.6949160099
        mean: -0.0168500952423
        min: -2.3076198101
        var: 0.272680580616
    barkbands_spread:
        dmean: 0.560103058815
        dmean2: 1.03378760815
        dvar: 0.214242115617
        dvar2: 0.665214240551
        max: 4.59455776215
        mean: 1.63554227352
        min: 0.289481580257
        var: 0.448955088854
    dissonance:
        dmean: 0.0477060042322
        dmean2: 0.0832765772939
        dvar: 0.00222196709365
        dvar2: 0.00645805615932
        max: 0.424628436565
        mean: 0.214806243777
        min: 0.0870342850685
        var: 0.00411651562899
    hfc:
        dmean: 0.578897237778
        dmean2: 1.02093529701
        dvar: 0.345425575972
        dvar2: 1.11689329147
        max: 5.52208852768
        mean: 1.83253967762
        min: 0.520577251911
        var: 0.567853450775
    pitch:
        dmean: 64.9931564331
        dmean2: 124.682830811
        dvar: 7042.49365234
        dvar2: 17916.96875
        max: 459.375
        mean: 197.63911438
        min: 61.1650466919
        var: 8815.86621094
    pitch_instantaneous_confidence:
        dmean: 0.0977316424251
        dmean2: 0.172453358769
        dvar: 0.00643137237057
        dvar2: 0.0202017370611
        max: 0.867003679276
        mean: 0.480779647827
        min: 0.257680416107
        var: 0.0126253413036
    pitch_salience:
        dmean: 0.0610886029899
        dmean2: 0.108930625021
        dvar: 0.00284850480966
        dvar2: 0.00910056289285
        max: 0.815474450588
        mean: 0.654189288616
        min: 0.319204568863
        var: 0.00696509890258
    silence_rate_20dB:
        dmean: 0
        dmean2: 0
        dvar: 0
        dvar2: 0
        max: 1
        mean: 1
        min: 1
        var: 0
    silence_rate_30dB:
        dmean: 0
        dmean2: 0
        dvar: 0
        dvar2: 0
        max: 1
        mean: 1
        min: 1
        var: 0
    silence_rate_60dB:
        dmean: 0.0464037135243
        dmean2: 0.0906976759434
        dvar: 0.044250484556
        dvar2: 0.0871228128672
        max: 1
        mean: 0.106481485069
        min: 0
        var: 0.0951432064176
    spectral_centroid:
        dmean: 15.8077583313
        dmean2: 26.7064723969
        dvar: 194.261169434
        dvar2: 517.963684082
        max: 399.978515625
        mean: 321.513580322
        min: 242.977081299
        var: 813.67364502
    spectral_complexity:
        dmean: 0.680652678013
        dmean2: 1.24299061298
        dvar: 0.459789723158
        dvar2: 1.0858155489
        max: 9
        mean: 6.17674398422
        min: 4
        var: 0.861785948277
    spectral_crest:
        dmean: 2.88510251045
        dmean2: 5.18939447403
        dvar: 5.76634168625
        dvar2: 18.0628089905
        max: 24.8797512054
        mean: 13.4937314987
        min: 5.32547235489
        var: 12.401766777
    spectral_decrease:
        dmean: 4.68910466012e-10
        dmean2: 8.20490453357e-10
        dvar: 2.2275935122e-19
        dvar2: 7.16749829428e-19
        max: -4.21044393795e-10
        mean: -1.4698655626e-09
        min: -4.38359482047e-09
        var: 3.62171001641e-19
    spectral_energy:
        dmean: 0.00182180653792
        dmean2: 0.00318818958476
        dvar: 3.3647111195e-06
        dvar2: 1.08310814539e-05
        max: 0.0170455630869
        mean: 0.00571382045746
        min: 0.00164354802109
        var: 5.46791670786e-06
    spectral_energyband_high:
        dmean: 8.71267324953e-09
        dmean2: 1.48453151994e-08
        dvar: 7.52255320587e-17
        dvar2: 1.41071352132e-16
        max: 1.94211352778e-07
        mean: 3.97110930805e-08
        min: 1.95549763049e-08
        var: 1.62959239354e-16
    spectral_energyband_low:
        dmean: 0.000219220411964
        dmean2: 0.000434145506006
        dvar: 2.15255511193e-08
        dvar2: 8.41223553039e-08
        max: 0.000848571769893
        mean: 0.000336167722708
        min: 7.59473768994e-05
        var: 2.39452138118e-08
    spectral_energyband_middle_high:
        dmean: 3.68550286112e-06
        dmean2: 4.29676174463e-06
        dvar: 1.25584508071e-11
        dvar2: 1.51274080068e-11
        max: 4.70613704238e-05
        mean: 1.2027455341e-05
        min: 1.03870422663e-06
        var: 6.56494789086e-11
    spectral_energyband_middle_low:
        dmean: 0.00179867015686
        dmean2: 0.0031299458351
        dvar: 3.45522107636e-06
        dvar2: 1.12179759526e-05
        max: 0.0167475156486
        mean: 0.00536557473242
        min: 0.00136547279544
        var: 5.46358478459e-06
    spectral_flatness_db:
        dmean: 0.0259981453419
        dmean2: 0.0459222868085
        dvar: 0.000493380532134
        dvar2: 0.00144928193185
        max: 0.557932317257
        mean: 0.469351917505
        min: 0.287431389093
        var: 0.000866115442477
    spectral_flux:
        dmean: 0.00811818055809
        dmean2: 0.012468370609
        dvar: 6.90124579705e-05
        dvar2: 0.000145816447912
        max: 0.0847538039088
        mean: 0.0272338576615
        min: 0.0104815969244
        var: 0.000156691879965
    spectral_kurtosis:
        dmean: 53.7187767029
        dmean2: 96.5230636597
        dvar: 2109.61938477
        dvar2: 5867.84423828
        max: 368.616516113
        mean: 236.593582153
        min: 32.9922447205
        var: 3036.9831543
    spectral_rms:
        dmean: 0.000364612991689
        dmean2: 0.00063378084451
        dvar: 1.05172141218e-07
        dvar2: 3.36351376973e-07
        max: 0.00407796725631
        mean: 0.00231447280385
        min: 0.00126627855934
        var: 2.17679016146e-07
    spectral_rolloff:
        dmean: 42.8154373169
        dmean2: 77.7811431885
        dvar: 2182.15087891
        dvar2: 5446.73486328
        max: 624.462890625
        mean: 434.670684814
        min: 258.3984375
        var: 5043.43994141
    spectral_skewness:
        dmean: 1.65055632591
        dmean2: 2.93597650528
        dvar: 2.03905916214
        dvar2: 5.5103187561
        max: 15.659406662
        mean: 12.5565023422
        min: 5.52674913406
        var: 2.96710181236
    spectral_spread:
        dmean: 265355.5
        dmean2: 460965.5625
        dvar: 112392429568
        dvar2: 181032173568
        max: 6311129.5
        mean: 587958.125
        min: 235578.140625
        var: 127897747456
    spectral_strongpeak:
        dmean: 0.198512643576
        dmean2: 0.343011885881
        dvar: 0.0292648617178
        dvar2: 0.091967612505
        max: 1.48547673225
        mean: 0.502771735191
        min: 0.0496682114899
        var: 0.0531864613295
    zerocrossingrate:
        dmean: 0.00101412262302
        dmean2: 0.00141008326318
        dvar: 9.50596529492e-07
        dvar2: 1.45536478158e-06
        max: 0.0224609375
        mean: 0.0153865367174
        min: 0.00927734375
        var: 2.73761929748e-06
    barkbands:
        dmean: [1.34317502898e-07, 7.49619648559e-05, 0.000189390266314, 3.05627108901e-05, 0.000411229557358, 0.00157807033975, 0.000169892169652, 0.000132723725983, 6.44402607577e-05, 3.56889268005e-06, 6.33233526059e-07, 3.33607857783e-07, 1.49772517943e-07, 7.41013721495e-08, 2.91413719822e-08, 1.92488105455e-08, 1.67383937821e-08, 1.53460675278e-08, 1.65405236174e-08, 1.03223998238e-08, 5.05449682109e-09, 1.21097976091e-09, 3.36953021041e-10, 2.25135896037e-10, 2.07457190315e-10, 1.99260719036e-10, 2.12147827083e-10]
        dmean2: [2.19579902705e-07, 0.000149729428813, 0.000376107142074, 5.62053901376e-05, 0.000483942945721, 0.0028679787647, 0.000297617050819, 0.00025560380891, 7.44041972212e-05, 4.05800165026e-06, 8.97915469977e-07, 5.20904393397e-07, 2.4347332328e-07, 1.23595725654e-07, 4.73238834786e-08, 3.20264703646e-08, 2.76423737233e-08, 2.61595438644e-08, 2.83067258522e-08, 1.73884266985e-08, 8.92632279204e-09, 2.03736538751e-09, 5.43263545261e-10, 3.59386381765e-10, 3.34782979117e-10, 3.21592530383e-10, 3.42630090966e-10]
        dvar: [7.53859539897e-13, 3.65124908086e-09, 1.12038538447e-08, 7.47913730947e-10, 1.30723336156e-07, 3.31813453158e-06, 1.84914696888e-08, 1.12085478676e-08, 3.30957683481e-09, 1.22209031089e-11, 3.24807807603e-13, 1.01199600186e-13, 1.9910790139e-14, 5.60124549756e-15, 7.46058679008e-16, 2.88977307236e-16, 2.07218219626e-16, 1.97895854417e-16, 1.93854051421e-16, 6.72053476581e-17, 1.71072779359e-17, 2.00957925671e-18, 8.77781628767e-19, 9.0147425286e-19, 8.1692858774e-19, 7.67731193628e-19, 8.55772989305e-19]
        dvar2: [7.58312520849e-13, 1.43679974585e-08, 4.25981987462e-08, 2.31296781728e-09, 1.67701259102e-07, 1.09241755126e-05, 5.39053743864e-08, 3.87660676893e-08, 3.91090271279e-09, 1.47640667053e-11, 6.0830024828e-13, 2.39614019815e-13, 5.13992839989e-14, 1.49302923133e-14, 1.98161981582e-15, 7.78636519071e-16, 5.26610018308e-16, 5.13199845626e-16, 5.74808839985e-16, 1.88231023201e-16, 5.04781079285e-17, 3.20656709213e-18, 9.03445320862e-19, 9.64022652251e-19, 8.72801381094e-19, 8.17849084665e-19, 9.12873422086e-19]
        max: [1.83340234798e-05, 0.000330852752086, 0.000592984957621, 0.000306650297716, 0.00699235312641, 0.0157070290297, 0.00175640359521, 0.000717899645679, 0.000608324597124, 4.36060327047e-05, 6.32275441603e-06, 2.83314284388e-06, 1.24683469949e-06, 6.60661100937e-07, 2.37826341731e-07, 1.5632924999e-07, 1.39127905641e-07, 1.26202039041e-07, 1.34332211132e-07, 7.89621523722e-08, 4.75734154293e-08, 2.96600273231e-08, 2.07921679873e-08, 1.97957952253e-08, 1.87206321556e-08, 1.79644175091e-08, 1.8956040293e-08]
        mean: [3.0439352372e-07, 8.85570407263e-05, 0.00024732737802, 6.83414909872e-05, 0.0016782268649, 0.00257201306522, 0.00065792852547, 0.000206082622753, 0.000182944917469, 9.36620381253e-06, 1.45427350162e-06, 5.73159582018e-07, 3.03139046309e-07, 1.34157801313e-07, 5.71776723746e-08, 3.94342976051e-08, 3.54473250752e-08, 3.73818949129e-08, 4.56626416678e-08, 3.4081935496e-08, 1.68250320343e-08, 4.63425298136e-09, 9.80212022661e-10, 4.05133676606e-10, 2.64703481356e-10, 1.69896124946e-10, 1.7871915059e-10]
        min: [3.9827153131e-08, 5.0637527238e-06, 4.08031228289e-05, 1.40685767747e-06, 4.77073626826e-05, 7.7532895375e-05, 0.000114829861559, 1.09915454232e-05, 5.08431980961e-07, 2.30761770581e-07, 6.22492422053e-08, 6.58980141566e-08, 1.76268297736e-08, 1.30521264907e-08, 6.81334411112e-09, 7.72419550543e-09, 7.53604023629e-09, 1.17413190281e-08, 1.40912979063e-08, 1.41119764763e-08, 6.21524565148e-09, 1.82094650469e-09, 4.05631361833e-10, 1.17597792615e-10, 4.11075271045e-11, 3.94949155845e-13, 2.77340101568e-15]
        var: [7.79512305399e-13, 3.89528587164e-09, 1.54901034222e-08, 2.33438468555e-09, 1.18371156077e-06, 4.55773306385e-06, 1.06939580746e-07, 1.74272791753e-08, 1.6641276801e-08, 6.06251160384e-11, 1.24718789983e-12, 1.73993171216e-13, 3.8376694536e-14, 8.72710158127e-15, 1.22471276234e-15, 5.01812440563e-16, 3.59378688875e-16, 2.46685349226e-16, 2.77977684443e-16, 1.26278755506e-16, 3.19212869589e-17, 3.03570197646e-18, 1.0025820901e-18, 9.13464132441e-19, 8.25189899011e-19, 7.67660986673e-19, 8.55593697908e-19]
    mfcc:
        mean: [-989.892211914, 309.955383301, 41.0052871704, 54.5531578064, -37.9558105469, -22.4445762634, -17.9484405518, -19.8110637665, -11.28561306, -3.15133404732, -0.0170766431838, -2.64395904541, -5.37075614929]
        cov: [[124.276870728, -2.72768759727, -2.71585512161, -28.8824291229, 8.80220317841, -7.23899841309, 0.0158916637301, -2.20760083199, 4.45690441132, 8.42870998383, 7.97305583954, 3.99848604202, -1.15413820744], [-2.72768759727, 73.9097137451, -16.7015991211, 6.68219995499, -22.1284122467, 5.15749168396, -9.47378826141, -1.82484436035, -2.73072814941, 4.48976898193, 5.37280464172, 2.25157785416, 1.89438128471], [-2.71585512161, -16.7015991211, 64.2555389404, 1.53732907772, 10.8473520279, -5.7723274231, 9.71556282043, -2.88097405434, -2.16742539406, -0.926371991634, -1.90204489231, -2.74321556091, -5.31317424774], [-28.8824291229, 6.68219995499, 1.53732907772, 47.2485694885, 4.8394317627, 1.66578006744, -10.6045055389, -5.75852394104, -1.35689818859, -1.03349864483, 1.92401278019, 2.95653510094, 3.42970538139], [8.80220317841, -22.1284122467, 10.8473520279, 4.8394317627, 38.4844360352, 6.0307674408, 0.0646051540971, -4.63384151459, -3.23848009109, -2.19806933403, -0.717307150364, 0.743356704712, 0.109481684864], [-7.23899841309, 5.15749168396, -5.7723274231, 1.66578006744, 6.0307674408, 36.2092857361, 23.4612770081, 9.5040807724, -2.15050721169, -9.31799697876, -8.8654050827, -4.17653560638, 1.94400584698], [0.0158916637301, -9.47378826141, 9.71556282043, -10.6045055389, 0.0646051540971, 23.4612770081, 51.634059906, 27.5432014465, 0.823577523232, -15.1380815506, -20.0746517181, -13.3951797485, -1.75427019596], [-2.20760083199, -1.82484436035, -2.88097405434, -5.75852394104, -4.63384151459, 9.5040807724, 27.5432014465, 44.2648429871, 19.1685028076, -5.76381540298, -14.543715477, -11.1602668762, 1.16602468491], [4.45690441132, -2.73072814941, -2.16742539406, -1.35689818859, -3.23848009109, -2.15050721169, 0.823577523232, 19.1685028076, 35.7290077209, 16.6088600159, 3.6320078373, -1.26359272003, -1.40187311172], [8.42870998383, 4.48976898193, -0.926371991634, -1.03349864483, -2.19806933403, -9.31799697876, -15.1380815506, -5.76381540298, 16.6088600159, 43.4238548279, 31.5994777679, 11.0896844864, -3.56672143936], [7.97305583954, 5.37280464172, -1.90204489231, 1.92401278019, -0.717307150364, -8.8654050827, -20.0746517181, -14.543715477, 3.6320078373, 31.5994777679, 47.3750648499, 25.5724163055, -0.360774099827], [3.99848604202, 2.25157785416, -2.74321556091, 2.95653510094, 0.743356704712, -4.17653560638, -13.3951797485, -11.1602668762, -1.26359272003, 11.0896844864, 25.5724163055, 35.1936416626, 11.6253824234], [-1.15413820744, 1.89438128471, -5.31317424774, 3.42970538139, 0.109481684864, 1.94400584698, -1.75427019596, 1.16602468491, -1.40187311172, -3.56672143936, -0.360774099827, 11.6253824234, 27.8027534485]]
        icov: [[0.0104161994532, -0.00210482580587, 0.00135403277818, 0.00673422776163, -0.00536998733878, 0.00397844938561, -0.00285536656156, 0.00245094927959, -0.00269219954498, 0.00042855888023, -0.00151558616199, -0.000177667665412, -0.000562289496884], [-0.00210482580587, 0.0202589612454, 0.000581070315093, -0.0036604469642, 0.0138170747086, -0.0105345053598, 0.00933970324695, -0.00463058333844, 0.00627803942189, -0.00367001467384, 0.000531887519173, 0.000811163161416, 7.39923416404e-05], [0.00135403277818, 0.000581070315093, 0.0201282836497, -0.00181936880108, -0.00643896218389, 0.0105065209791, -0.0124935591593, 0.00657587731257, -0.00193631660659, -0.000234518200159, -0.000367298634956, -0.000238748660195, 0.00228159199469], [0.00673422776163, -0.0036604469642, -0.00181936880108, 0.0284314565361, -0.00626890268177, -0.00281254248694, 0.00670746900141, 0.000890417664777, -0.00294803734869, 0.00327393808402, -0.00176390644629, 0.000618391030002, -0.00272887339815], [-0.00536998733878, 0.0138170747086, -0.00643896218389, -0.00626890268177, 0.0405466221273, -0.0170847959816, 0.0113044586033, -0.0020218596328, 0.0052926032804, -0.00196009478532, 0.00190557015594, -0.000152743712533, 0.00031546226819], [0.00397844938561, -0.0105345053598, 0.0105065209791, -0.00281254248694, -0.0170847959816, 0.0545428209007, -0.0345546230674, 0.0101934764534, -0.00588882341981, 0.00516607332975, -0.00332401832566, -0.000359458645107, -0.00264353933744], [-0.00285536656156, 0.00933970324695, -0.0124935591593, 0.00670746900141, 0.0113044586033, -0.0345546230674, 0.061031062156, -0.0341754108667, 0.0171061623842, -0.00279033160768, 0.00797560159117, 0.000605394307058, 0.00404079910368], [0.00245094927959, -0.00463058333844, 0.00657587731257, 0.000890417664777, -0.0020218596328, 0.0101934764534, -0.0341754108667, 0.0605341494083, -0.0368685908616, 0.0121677834541, -0.00294188084081, 0.00725650694221, -0.00720624020323], [-0.00269219954498, 0.00627803942189, -0.00193631660659, -0.00294803734869, 0.0052926032804, -0.00588882341981, 0.0171061623842, -0.0368685908616, 0.0618507638574, -0.0329758487642, 0.0149536244571, -0.00551969045773, 0.00386092602275], [0.00042855888023, -0.00367001467384, -0.000234518200159, 0.00327393808402, -0.00196009478532, 0.00516607332975, -0.00279033160768, 0.0121677834541, -0.0329758487642, 0.0684501454234, -0.0480813719332, 0.0159948579967, -0.00141414336395], [-0.00151558616199, 0.000531887519173, -0.000367298634956, -0.00176390644629, 0.00190557015594, -0.00332401832566, 0.00797560159117, -0.00294188084081, 0.0149536244571, -0.0480813719332, 0.0780387595296, -0.0440138094127, 0.0149020589888], [-0.000177667665412, 0.000811163161416, -0.000238748660195, 0.000618391030002, -0.000152743712533, -0.000359458645107, 0.000605394307058, 0.00725650694221, -0.00551969045773, 0.0159948579967, -0.0440138094127, 0.0664714798331, -0.0270167123526], [-0.000562289496884, 7.39923416404e-05, 0.00228159199469, -0.00272887339815, 0.00031546226819, -0.00264353933744, 0.00404079910368, -0.00720624020323, 0.00386092602275, -0.00141414336395, 0.0149020589888, -0.0270167123526, 0.0489560514688]]
    spectral_contrast:
        mean: [4.39670877483e-09, 3.51585107694e-08, -1.23324435108e-08, -1.77601044982e-08, 5.57927215539e-08, 2.75117031379e-07, -3.28686701323e-06, -4.881759196e-06, -4.16982993556e-06, -1.49080915435e-06, -1.14413194297e-06, -5.68378800381e-06]
        var: [5.1631606766e-05, 8.06413881946e-05, 0.000409874948673, 0.00104439468123, 0.00195212196559, 0.0028112034779, 0.0163381919265, 0.0446684211493, 0.0889579802752, 0.108290046453, 0.14018702507, 0.157510876656]

rhythm:
    beats_loudness:
        dmean: 0.00203198147938
        dmean2: 0.00395942246541
        dvar: 1.2300894241e-06
        dvar2: 4.43613771495e-06
        max: 0.00755206961185
        mean: 0.0054496107623
        min: 0.00250454153866
        var: 2.18524428419e-06
    beats_loudness_bass:
        dmean: 0.0529890730977
        dmean2: 0.094291202724
        dvar: 0.00139448442496
        dvar2: 0.00371744553559
        max: 0.195024639368
        mean: 0.0797776132822
        min: 0.026481712237
        var: 0.00185467174742
    bpm: 115.095291138
    bpm_confidence: 0
    first_peak_bpm: 103
    first_peak_spread: 0
    first_peak_weight: 0.5625
    onset_rate: 2.49226880074
    second_peak_bpm: 115
    second_peak_spread: 0
    second_peak_weight: 0.375
    beats_position: [0.36120569706, 0.944094359875, 1.52698302269, 2.1098716259, 2.69276046753, 3.27564907074, 3.85853767395, 4.44142627716, 5.02431488037, 5.60720348358, 6.39532995224, 6.91666078568, 7.43799114227, 7.95932102203, 8.48065185547, 9.0019826889, 9.52331256866]
    bpm_estimates: [116.403961182, 114.831069946, 114.402084351, 114.744041443]
    bpm_intervals: [0.582888662815, 0.582888662815, 0.58288860321, 0.582888841629, 0.58288860321, 0.58288860321, 0.58288860321, 0.58288860321, 0.58288860321, 0.788126468658, 0.521330833435, 0.521330356598, 0.521329879761, 0.521330833435, 0.521330833435, 0.521329879761]
    onset_times: [0.0464399084449, 0.557278931141, 1.10294783115, 1.26548755169, 2.04335594177, 2.42648530006, 3.40172338486, 3.59909296036, 4.40018129349, 4.58594083786, 4.8994102478, 4.93424034119, 5.20126962662, 6.1068482399, 6.51319742203, 6.71056699753, 6.87310647964, 7.07047605515, 7.67419481277, 8.03410434723, 8.84680271149, 9.0093421936, 9.16027164459, 9.53179168701, 10.0310201645]
    rubato_start: [6.91666078568]
    rubato_stop: [9.52331256866]
    perceptual_tempo: "unknown"

sfx:
    inharmonicity:
        dmean: 0.0200867224485
        dmean2: 0.0379787944257
        dvar: 0.00107971660327
        dvar2: 0.00307598547079
        max: 0.252113461494
        mean: 0.0125223081559
        min: 0
        var: 0.00075421173824
    oddtoevenharmonicenergyratio:
        dmean: 8.25543117523
        dmean2: 16.3596096039
        dvar: 6033.96337891
        dvar2: 18078.9101562
        max: 1134.1472168
        mean: 4.33333206177
        min: 0
        var: 3028.72827148
    pitch_after_max_to_before_max_energy_ratio: 0.0230475943536
    pitch_centroid: 214.821868896
    pitch_max_to_total: 0.986046493053
    pitch_min_to_total: 0.865116298199
    tristimulus:
        dmean: [0.311289578676, 0.310308843851, 0.00362338474952]
        dmean2: [0.587552845478, 0.587425708771, 0.00646130694076]
        dvar: [0.09127420187, 0.0921896100044, 1.88426911336e-05]
        dvar2: [0.247442230582, 0.247509077191, 5.34375067218e-05]
        max: [1, 0.971525549889, 0.034338414669]
        mean: [0.745261132717, 0.249705418944, 0.00355562195182]
        min: [0.0278333798051, 0, 0]
        var: [0.0954204127192, 0.0955043807626, 1.87543046195e-05]

tonal:
    chords_changes_rate: 0
    chords_number_rate: 0.00462962966412
    chords_strength:
        dmean: 0.00609711697325
        dmean2: 0.00398736540228
        dvar: 1.60465333465e-05
        dvar2: 1.1984207049e-05
        max: 0.665727436543
        mean: 0.613914489746
        min: 0.5353063941
        var: 0.000780575384852
    key_strength: 0.876816928387
    tuning_diatonic_strength: 0.565065205097
    tuning_equal_tempered_deviation: 0.100020609796
    tuning_frequency: 435.197479248
    tuning_nontempered_energy_ratio: 0.764113664627
    hpcp:
        dmean: [0.00276101613417, 0.000596175552346, 0.00037019723095, 0.00465448666364, 0.0400489233434, 0.1130727157, 0.159195885062, 0.151261001825, 0.0368698984385, 0.00590238906443, 0.00501230545342, 0.00330462260172, 0.00223329104483, 0.00197126879357, 0.00265567749739, 0.00258916523308, 0.0217738486826, 0.0796995982528, 0.129236578941, 0.151974648237, 0.189158797264, 0.166421845555, 0.127692446113, 0.0110593317077, 0.00148046517279, 0.00108604086563, 0.0176457799971, 0.0513686016202, 0.0397295765579, 0.0071835112758, 0.0047175437212, 0.00822965241969, 0.072610989213, 0.149929687381, 0.0911721512675, 0.0124544277787]
        dmean2: [0.00544854067266, 0.00111264851876, 0.000576968013775, 0.00624461797997, 0.0647025257349, 0.167183637619, 0.247042089701, 0.221237242222, 0.0525910966098, 0.00874843727797, 0.00750221218914, 0.00526602566242, 0.0035295903217, 0.00336123839952, 0.00421087723225, 0.00396706163883, 0.0376744121313, 0.130971670151, 0.188539579511, 0.246367737651, 0.299304842949, 0.259874820709, 0.194122329354, 0.0192443337291, 0.00245761591941, 0.00174101197626, 0.0256333965808, 0.0711181089282, 0.0558921732008, 0.0109700802714, 0.00916674081236, 0.0144948372617, 0.112906865776, 0.215005263686, 0.126672133803, 0.0214838683605]
        dvar: [0.000211826263694, 5.57004250368e-06, 2.93598446888e-07, 0.000275952887023, 0.00683631049469, 0.0139330113307, 0.0321111939847, 0.0169732365757, 0.0012559783645, 8.35220198496e-05, 9.48319284362e-05, 5.38179083378e-05, 2.52921290667e-05, 2.3045897251e-05, 1.8659799025e-05, 1.93913183466e-05, 0.00161593954545, 0.0135626420379, 0.0194059368223, 0.037172999233, 0.0392870306969, 0.0517165437341, 0.0187206268311, 0.000357022217941, 1.43680699694e-05, 4.23506116931e-06, 0.000500886817463, 0.0044086156413, 0.00251688878052, 0.000118172778457, 0.000185798344319, 0.000353786308551, 0.00664595281705, 0.0260485094041, 0.00917240232229, 0.000816355284769]
        dvar2: [0.000629107817076, 1.64675893757e-05, 6.80928451402e-07, 0.00046478267177, 0.0187334921211, 0.0279448218644, 0.049272954464, 0.0307840015739, 0.00229748478159, 0.000174868691829, 0.000213310282561, 0.000111427631055, 5.89456431044e-05, 6.07746551395e-05, 3.97723088099e-05, 3.83497135772e-05, 0.00414505694062, 0.0303210187703, 0.0391759686172, 0.0662440210581, 0.0768524855375, 0.0698709636927, 0.0356835573912, 0.000910085975192, 3.43810788763e-05, 8.68231745699e-06, 0.000995927606709, 0.00818218663335, 0.00438881851733, 0.000198961381102, 0.000539884727914, 0.000894070661161, 0.0161613933742, 0.058419957757, 0.0177856273949, 0.00221660803072]
        max: [0.10093319416, 0.0206232592463, 0.00428328756243, 0.155759185553, 0.563556432724, 1, 1, 1, 0.347039729357, 0.0796538442373, 0.122681051493, 0.0809777751565, 0.0440140366554, 0.0358549170196, 0.0507495701313, 0.0570971369743, 0.227492958307, 0.670119166374, 1, 1, 1, 1, 0.778963685036, 0.115446999669, 0.0380921550095, 0.0200045388192, 0.196472853422, 0.63915681839, 0.479901283979, 0.105665311217, 0.083138294518, 0.131288781762, 0.54968392849, 1, 0.947670996189, 0.237756788731]
        mean: [0.00145165249705, 0.000490633014124, 0.000458390975837, 0.00476915715262, 0.0391577929258, 0.320357650518, 0.732491374016, 0.529328584671, 0.0859281048179, 0.00717413658276, 0.00728479865938, 0.00512415263802, 0.00262813456357, 0.00183962215669, 0.00359683041461, 0.00421105977148, 0.0149848721921, 0.0894541442394, 0.218483284116, 0.243126988411, 0.464564710855, 0.582384645939, 0.227889701724, 0.0103046456352, 0.00124367128592, 0.00121773278806, 0.0447313226759, 0.145640254021, 0.112607687712, 0.0125252427533, 0.00325484038331, 0.00580639438704, 0.157833948731, 0.343706399202, 0.200778201222, 0.0119077907875]
        min: [2.02086448553e-06, 2.19243634092e-06, 6.61536887492e-06, 6.55048688714e-06, 5.2249674809e-06, 0.0149019779637, 0.107357226312, 0.0855342745781, 0.00473427260295, 1.39806743391e-05, 1.54203862621e-05, 2.17933438762e-06, 1.36446124088e-06, 1.13919022624e-05, 5.41730187251e-05, 4.32349297625e-05, 5.36602328793e-06, 9.9148346635e-05, 0.00308837322518, 0.00468757096678, 0.000495935440995, 0.000166882877238, 8.8967695774e-05, 1.02615158539e-05, 2.11445853893e-06, 5.22479240317e-06, 0.00011390648433, 0.000156884401804, 0.00110887759365, 4.6712684707e-06, 3.03547039948e-06, 2.02545629691e-06, 0.00375889451243, 0.00578380422667, 0.00348791247234, 2.17492852244e-05]
        var: [0.000108178697701, 3.10732957587e-06, 4.4315663672e-07, 0.000325546774548, 0.00632979301736, 0.0381785370409, 0.0883997902274, 0.0547865889966, 0.0039950273931, 0.00016445761139, 0.000236420339206, 0.000126673010527, 3.90234672523e-05, 2.29109573411e-05, 3.43303618138e-05, 5.1958108088e-05, 0.00117831071839, 0.0171695481986, 0.054332703352, 0.0636950656772, 0.101600654423, 0.169281646609, 0.0373936034739, 0.000344280037098, 1.3785599549e-05, 6.29657643003e-06, 0.00114919780754, 0.0130296107382, 0.00811360869557, 0.000202106239158, 0.000115075556096, 0.000278797902865, 0.0145161114633, 0.0678773522377, 0.0276149623096, 0.000650144473184]
    chords_histogram: [0, 100, 0, 0, 0, 0, 0, 0, 0, 0, 0, 0, 0, 0, 0, 0, 0, 0, 0, 0, 0, 0, 0, 0]
    thpcp: [1, 0.722641408443, 0.117309376597, 0.00979415886104, 0.0099452342838, 0.00699551263824, 0.00358793931082, 0.00251145916991, 0.00491040665656, 0.00574895460159, 0.0204574037343, 0.122123137116, 0.298274219036, 0.331917881966, 0.634225487709, 0.795073747635, 0.311115890741, 0.0140679413453, 0.00169786473271, 0.0016624534037, 0.0610673725605, 0.198828622699, 0.153732448816, 0.0170995090157, 0.00444352021441, 0.00792691204697, 0.21547549963, 0.469229280949, 0.274103164673, 0.0162565615028, 0.00198180158623, 0.000669814064167, 0.000625797081739, 0.00651087146252, 0.0534583665431, 0.437353491783]
    chords_key: "G#"
    chords_scale: "minor"
    key_key: "E"
    key_scale: "major"
    chords_progression: ["G#m", "G#m", "G#m", "G#m", "G#m", "G#m", "G#m", "G#m", "G#m", "G#m", "G#m", "G#m", "G#m", "G#m", "G#m", "G#m", "G#m", "G#m", "G#m", "G#m", "G#m", "G#m", "G#m", "G#m", "G#m", "G#m", "G#m", "G#m", "G#m", "G#m", "G#m", "G#m", "G#m", "G#m", "G#m", "G#m", "G#m", "G#m", "G#m", "G#m", "G#m", "G#m", "G#m", "G#m", "G#m", "G#m", "G#m", "G#m", "G#m", "G#m", "G#m", "G#m", "G#m", "G#m", "G#m", "G#m", "G#m", "G#m", "G#m", "G#m", "G#m", "G#m", "G#m", "G#m", "G#m", "G#m", "G#m", "G#m", "G#m", "G#m", "G#m", "G#m", "G#m", "G#m", "G#m", "G#m", "G#m", "G#m", "G#m", "G#m", "G#m", "G#m", "G#m", "G#m", "G#m", "G#m", "G#m", "G#m", "G#m", "G#m", "G#m", "G#m", "G#m", "G#m", "G#m", "G#m", "G#m", "G#m", "G#m", "G#m", "G#m", "G#m", "G#m", "G#m", "G#m", "G#m", "G#m", "G#m", "G#m", "G#m", "G#m", "G#m", "G#m", "G#m", "G#m", "G#m", "G#m", "G#m", "G#m", "G#m", "G#m", "G#m", "G#m", "G#m", "G#m", "G#m", "G#m", "G#m", "G#m", "G#m", "G#m", "G#m", "G#m", "G#m", "G#m", "G#m", "G#m", "G#m", "G#m", "G#m", "G#m", "G#m", "G#m", "G#m", "G#m", "G#m", "G#m", "G#m", "G#m", "G#m", "G#m", "G#m", "G#m", "G#m", "G#m", "G#m", "G#m", "G#m", "G#m", "G#m", "G#m", "G#m", "G#m", "G#m", "G#m", "G#m", "G#m", "G#m", "G#m", "G#m", "G#m", "G#m", "G#m", "G#m", "G#m", "G#m", "G#m", "G#m", "G#m", "G#m", "G#m", "G#m", "G#m", "G#m", "G#m", "G#m", "G#m", "G#m", "G#m", "G#m", "G#m", "G#m", "G#m", "G#m", "G#m", "G#m", "G#m", "G#m", "G#m", "G#m", "G#m", "G#m", "G#m", "G#m", "G#m", "G#m", "G#m", "G#m", "G#m", "G#m", "G#m", "G#m", "G#m", "G#m", "G#m", "G#m"]
