
metadata:
    version:
        essentia: "1.2.2"
    audio_properties:
        analysis_sample_rate: 44100
        bitrate: 128
        channels: 2
        equal_loudness: 1
        length: 10.0310201645
        replay_gain: -13.2011928558
        downmix: "mix"
    tags:
        track: 11
        year: 0
        album: "Splitted by Mp3Splt v. 2.1"
        artist: "From 001.40 To 001.50"
        comment: "http://mp3splt.sf.net"
        genre: ""
        title: "04 Breathe.mp3"

highlevel:
    ballroom:
        all:
            ChaChaCha: 0.232632189989
            Jive: 0.155441135168
            Quickstep: 0.29267129302
            Rumba-American: 0.00318382168189
            Rumba-International: 0.0119625041261
            Rumba-Misc: 0.00334461941384
            Samba: 0.0875234678388
            Tango: 0.169986978173
            VienneseWaltz: 0.0239803511649
            Waltz: 0.0192736387253
        probability: 0.29267129302
        value: "Quickstep"
    culture:
        all:
            non_western: 0.00720299594104
            western: 0.992797017097
        probability: 0.992797017097
        value: "western"
    gender:
        all:
            female: 0.41912227869
            male: 0.58087772131
        probability: 0.58087772131
        value: "male"
    genre_dortmund:
        all:
            alternative: 0.0905843377113
            blues: 0.0336711071432
            electronic: 0.0589568242431
            folkcountry: 0.248135790229
            funksoulrnb: 0.0145803764462
            jazz: 0.019856447354
            pop: 0.188570931554
            raphiphop: 0.00763738201931
            rock: 0.338006794453
        probability: 0.338006794453
        value: "rock"
    genre_electronica:
        all:
            ambient: 0.610735177994
            dnb: 0.125864267349
            house: 0.079030431807
            techno: 0.0187356583774
            trance: 0.165634453297
        probability: 0.610735177994
        value: "ambient"
    genre_rosamerica:
        all:
            cla: 0.0679045468569
            dan: 0.0415784753859
            hip: 0.0037137332838
            jaz: 0.0240651872009
            pop: 0.415121197701
            rhy: 0.0162074938416
            roc: 0.429675489664
            spe: 0.00173386500683
        probability: 0.429675489664
        value: "roc"
    genre_tzanetakis:
        all:
            blu: 0.00359113747254
            cla: 0.0635764598846
            cou: 0.0664083957672
            dis: 0.0612813532352
            hip: 0.00210801046342
            jaz: 0.0409327819943
            met: 0.00390586606227
            pop: 0.597886443138
            reg: 0.0299542900175
            roc: 0.130355253816
        probability: 0.597886443138
        value: "pop"
    live_studio:
        all:
            live: 0.324702054262
            studio: 0.67529797554
        probability: 0.67529797554
        value: "studio"
    mood:
        all:
            Cluster1: 0.282143890858
            Cluster2: 0.318305581808
            Cluster3: 0.154216632247
            Cluster4: 0.195594698191
            Cluster5: 0.049739189446
        probability: 0.318305581808
        value: "Cluster2"
    mood_acoustic:
        all:
            acoustic: 0.451115339994
            not_acoustic: 0.548884689808
        probability: 0.548884689808
        value: "not_acoustic"
    mood_aggressive:
        all:
            aggressive: 0.00884733069688
            not_aggressive: 0.991152644157
        probability: 0.991152644157
        value: "not_aggressive"
    mood_electronic:
        all:
            electronic: 0.767669856548
            not_electronic: 0.232330128551
        probability: 0.767669856548
        value: "electronic"
    mood_happy:
        all:
            happy: 0.521426260471
            not_happy: 0.478573769331
        probability: 0.521426260471
        value: "happy"
    mood_party:
        all:
            not_party: 0.713962078094
            party: 0.286037951708
        probability: 0.713962078094
        value: "not_party"
    mood_relaxed:
        all:
            not_relaxed: 0.619246959686
            relaxed: 0.380753040314
        probability: 0.619246959686
        value: "not_relaxed"
    mood_sad:
        all:
            not_sad: 0.441770613194
            sad: 0.558229386806
        probability: 0.558229386806
        value: "sad"
    rhythm:
        all:
            fast: 0.844555675983
            medium: 0.149811044335
            slow: 0.00563327269629
        probability: 0.844555675983
        value: "fast"
    speech_music:
        all:
            music: 0.999646246433
            speech: 0.000353736511897
        probability: 0.999646246433
        value: "music"
    timbre:
        all:
            bright: 0.999992012978
            dark: 7.96313815954e-06
        probability: 0.999992012978
        value: "bright"
    voice_instrumental:
        all:
            instrumental: 0.0794531702995
            voice: 0.9205468297
        probability: 0.9205468297
        value: "voice"

lowlevel:
    average_loudness: 0.73257380724
    barkbands_kurtosis:
        dmean: 0.551605403423
        dmean2: 0.887229323387
        dvar: 0.466554522514
        dvar2: 1.17253601551
        max: 4.82495594025
        mean: -0.361525505781
        min: -1.81232786179
        var: 1.50419485569
    barkbands_skewness:
        dmean: 0.294777661562
        dmean2: 0.454001069069
        dvar: 0.093076325953
        dvar2: 0.234154984355
        max: 2.33051586151
        mean: 0.213674396276
        min: -1.99068844318
        var: 0.605797350407
    barkbands_spread:
        dmean: 4.11422491074
        dmean2: 6.57865047455
        dvar: 24.4009780884
        dvar2: 62.3406181335
        max: 58.4115867615
        mean: 25.1935062408
        min: 8.26797962189
        var: 78.6787719727
    dissonance:
        dmean: 0.0190459899604
        dmean2: 0.0305531676859
        dvar: 0.000299149105558
        dvar2: 0.000706561491825
        max: 0.498852610588
        mean: 0.444536179304
        min: 0.317992657423
        var: 0.00141401961446
    hfc:
        dmean: 1.46934652328
        dmean2: 2.2892370224
        dvar: 7.10273790359
        dvar2: 18.1961860657
        max: 31.7015781403
        mean: 6.44728088379
        min: 0.0424200221896
        var: 43.7211418152
    pitch:
        dmean: 375.51348877
        dmean2: 737.3046875
        dvar: 888584.5625
        dvar2: 2506380
        max: 4900
        mean: 585.908813477
        min: 97.7827072144
        var: 1126370.125
    pitch_instantaneous_confidence:
        dmean: 0.0715011954308
        dmean2: 0.115558035672
        dvar: 0.00488075567409
        dvar2: 0.0107024321333
        max: 0.838253736496
        mean: 0.506875514984
        min: 0.174618065357
        var: 0.023832352832
    pitch_salience:
        dmean: 0.0500663369894
        dmean2: 0.0818334370852
        dvar: 0.0020965244621
        dvar2: 0.00566967623308
        max: 0.822313666344
        mean: 0.595939099789
        min: 0.336493968964
        var: 0.00820414442569
    silence_rate_20dB:
        dmean: 0
        dmean2: 0
        dvar: 0
        dvar2: 0
        max: 1
        mean: 1
        min: 1
        var: 0
    silence_rate_30dB:
        dmean: 0
        dmean2: 0
        dvar: 0
        dvar2: 0
        max: 1
        mean: 1
        min: 1
        var: 0
    silence_rate_60dB:
        dmean: 0.0371229685843
        dmean2: 0.0744186043739
        dvar: 0.0357448346913
        dvar2: 0.0781828314066
        max: 1
        mean: 0.509259283543
        min: 0
        var: 0.249914616346
    spectral_centroid:
        dmean: 196.562957764
        dmean2: 312.688110352
        dvar: 63042.8476562
        dvar2: 159914.5
        max: 4337.06054688
        mean: 1440.11706543
        min: 471.815795898
        var: 387757.21875
    spectral_complexity:
        dmean: 2.22144532204
        dmean2: 3.63317751884
        dvar: 8.20505523682
        dvar2: 18.8304271698
        max: 34
        mean: 11.7697677612
        min: 0
        var: 90.8935241699
    spectral_crest:
        dmean: 1.67579126358
        dmean2: 2.80146980286
        dvar: 2.39278507233
        dvar2: 5.93026971817
        max: 16.9886627197
        mean: 7.28543949127
        min: 2.69641065598
        var: 6.9546790123
    spectral_decrease:
        dmean: 1.4679096827e-10
        dmean2: 2.27931798435e-10
        dvar: 5.64407756294e-20
        dvar2: 1.39929000196e-19
        max: -1.90543362338e-11
        mean: -8.06690880761e-10
        min: -2.55866328125e-09
        var: 5.37004154405e-19
    spectral_energy:
        dmean: 0.000658991513774
        dmean2: 0.00102362700272
        dvar: 1.20797915315e-06
        dvar2: 2.97916676573e-06
        max: 0.0124312313274
        mean: 0.0036294227466
        min: 7.57630623411e-05
        var: 1.10836735985e-05
    spectral_energyband_high:
        dmean: 9.38278171816e-05
        dmean2: 0.000152071865159
        dvar: 7.41496180012e-08
        dvar2: 1.92781243413e-07
        max: 0.00414422992617
        mean: 0.000206235781661
        min: 1.78913310833e-07
        var: 1.53899577526e-07
    spectral_energyband_low:
        dmean: 9.47069638642e-05
        dmean2: 0.000165918507264
        dvar: 6.11495423186e-08
        dvar2: 1.69040561104e-07
        max: 0.00232064351439
        mean: 0.000117123730888
        min: 1.21196379155e-07
        var: 5.52138850196e-08
    spectral_energyband_middle_high:
        dmean: 0.000450054911198
        dmean2: 0.000699563417584
        dvar: 4.75093514751e-07
        dvar2: 1.14423176001e-06
        max: 0.010081239976
        mean: 0.00209718570113
        min: 1.37384104164e-05
        var: 4.7951552915e-06
    spectral_energyband_middle_low:
        dmean: 0.000340148428222
        dmean2: 0.000531969708391
        dvar: 3.08299291873e-07
        dvar2: 7.93991375758e-07
        max: 0.00576154515147
        mean: 0.00120887858793
        min: 5.76409765927e-05
        var: 1.6513696437e-06
    spectral_flatness_db:
        dmean: 0.0152827193961
        dmean2: 0.0223874207586
        dvar: 0.000230852529057
        dvar2: 0.000519748136867
        max: 0.247680515051
        mean: 0.158060833812
        min: 0.081132479012
        var: 0.000891308125574
    spectral_flux:
        dmean: 0.00567184295505
        dmean2: 0.00888640619814
        dvar: 6.70554218232e-05
        dvar2: 0.000134538568091
        max: 0.0916922241449
        mean: 0.0278987064958
        min: 0.00258800759912
        var: 0.000391681795008
    spectral_kurtosis:
        dmean: 2.04139184952
        dmean2: 3.36394715309
        dvar: 7.9893283844
        dvar2: 21.0285758972
        max: 28.438375473
        mean: 6.13457393646
        min: -0.372346162796
        var: 22.1940727234
    spectral_rms:
        dmean: 0.00016289013729
        dmean2: 0.000243625792791
        dvar: 6.06436501016e-08
        dvar2: 1.4634376555e-07
        max: 0.00348253222182
        mean: 0.00162837118842
        min: 0.000271873461315
        var: 8.89306136287e-07
    spectral_rolloff:
        dmean: 344.731750488
        dmean2: 585.169067383
        dvar: 217956.828125
        dvar2: 482814.90625
        max: 6610.69335938
        mean: 2621.94213867
        min: 775.1953125
        var: 1038115.8125
    spectral_skewness:
        dmean: 0.230000779033
        dmean2: 0.376905173063
        dvar: 0.0769720077515
        dvar2: 0.196572363377
        max: 3.85351920128
        mean: 1.76048123837
        min: 0.109807036817
        var: 0.349412620068
    spectral_spread:
        dmean: 569876.375
        dmean2: 775009
        dvar: 555915214848
        dvar2: 1.08164258202e+12
        max: 11050351
        mean: 4296088.5
        min: 1778084.25
        var: 2.02307312026e+12
    spectral_strongpeak:
        dmean: 0.439043223858
        dmean2: 0.743200659752
        dvar: 0.642286419868
        dvar2: 1.5318365097
        max: 10.0116815567
        mean: 0.904312968254
        min: 0.0187826696783
        var: 1.51682090759
    zerocrossingrate:
        dmean: 0.00644781673327
        dmean2: 0.00771096488461
        dvar: 4.64076620119e-05
        dvar2: 5.21192523593e-05
        max: 0.21435546875
        mean: 0.082015350461
        min: 0.03125
        var: 0.000839365005959
    barkbands:
        dmean: [5.40679714334e-08, 3.17547237501e-05, 7.27297447156e-05, 5.86673158978e-05, 0.000103584708995, 0.000157998802024, 0.000106015300844, 7.53841741243e-05, 4.78607362311e-05, 8.24115850264e-05, 5.58915162401e-05, 2.9785796869e-05, 2.13350376725e-05, 4.26264523412e-05, 5.92176402279e-05, 0.00014601519797, 0.000243650050834, 0.000146037826198, 0.000111332643428, 7.66952580307e-05, 4.71932180517e-05, 1.74338329089e-05, 5.13357417731e-06, 2.33315768128e-06, 1.29482327793e-06, 3.79779621085e-08, 2.95652946569e-10]
        dmean2: [8.4878493567e-08, 5.30905090272e-05, 0.000131863314891, 0.000104110862594, 0.000163559408975, 0.000252251018537, 0.0001496863988, 0.00012198305194, 6.9519977842e-05, 0.000114890935947, 8.70041549206e-05, 4.50573570561e-05, 3.33464740834e-05, 6.31087314105e-05, 9.74107970251e-05, 0.000209574747714, 0.000387710722862, 0.000233344733715, 0.000188722318853, 0.00012786212028, 7.74042491685e-05, 2.74093090411e-05, 8.53253459354e-06, 3.19691525874e-06, 1.9544800125e-06, 5.21171941159e-08, 5.07350661483e-10]
        dvar: [3.91621956218e-14, 4.77151429479e-09, 4.63799736394e-08, 1.97905514199e-08, 6.84601957346e-08, 8.36648794689e-08, 7.05211107288e-08, 2.24603216026e-08, 6.691257326e-09, 1.10656426244e-08, 1.87416571151e-08, 2.39090280907e-09, 1.05210262724e-09, 1.57280464208e-08, 1.02163744131e-08, 1.45480242963e-07, 1.97299314664e-07, 5.35203241725e-08, 2.56285392908e-08, 3.87271619218e-08, 1.55034793892e-08, 2.41760123032e-09, 2.55197751819e-10, 5.17817490275e-11, 2.30501780857e-11, 8.96367703641e-15, 4.70693789286e-19]
        dvar2: [7.78991332702e-14, 1.29022330597e-08, 1.31348286914e-07, 5.53856303043e-08, 1.83661128972e-07, 2.14276454358e-07, 1.42355730759e-07, 5.78227741244e-08, 1.4119412306e-08, 2.19746016938e-08, 4.65726301968e-08, 6.56485177331e-09, 2.42098585623e-09, 3.15976755871e-08, 2.61214587738e-08, 2.47786402952e-07, 5.21221238614e-07, 1.28092850105e-07, 7.05970037984e-08, 1.04373874876e-07, 4.18051158135e-08, 5.91245497006e-09, 5.65599123092e-10, 8.2692748482e-11, 4.21499155023e-11, 1.66132891813e-14, 1.17701783427e-18]
        max: [2.69215979642e-06, 0.000604197673965, 0.001982816495, 0.00134812085889, 0.00300152041018, 0.00296667520888, 0.00415964052081, 0.00189117901027, 0.000941252626944, 0.00147715699859, 0.00254774303176, 0.000476084329421, 0.000400086195441, 0.00205607619137, 0.00154966267291, 0.00343661289662, 0.00541038578376, 0.00307756010443, 0.00127206020989, 0.0019857622683, 0.00161069270689, 0.000814171915408, 0.000290212075925, 0.000171422667336, 0.000116002083814, 2.17967294702e-06, 9.09487329892e-09]
        mean: [9.23347229786e-08, 4.34007888543e-05, 7.36337606213e-05, 6.51691661915e-05, 0.000168333848706, 0.000384353537811, 0.000255270657362, 0.000127289007651, 0.000115438655484, 0.000201493516215, 0.000185282668099, 6.16276593064e-05, 4.40091971541e-05, 8.61212611198e-05, 0.000130348606035, 0.000242359790718, 0.00054525246378, 0.00035801078775, 0.000249652919592, 0.000145778452861, 9.04739354155e-05, 3.64588340744e-05, 1.09343554868e-05, 5.77591754336e-06, 2.79633331957e-06, 6.89111345764e-08, 3.31111582597e-10]
        min: [6.6741473459e-11, 2.70514917133e-08, 2.18056719348e-08, 7.31922909836e-07, 6.71899260851e-06, 9.6431062957e-07, 1.01614011783e-06, 7.11500547368e-08, 8.04199942195e-08, 8.38182018015e-07, 6.09148429476e-08, 7.41193616705e-07, 8.02008131018e-08, 2.19373006871e-07, 1.67567179687e-07, 2.43801309807e-07, 8.89982572971e-07, 7.31999648451e-07, 1.1932399957e-07, 1.49520175796e-07, 4.52680808394e-08, 8.52720560829e-09, 1.04153696778e-09, 3.97597677004e-10, 4.52121395877e-10, 3.82414655498e-11, 3.61240307415e-13]
        var: [3.73438090076e-14, 5.92496984808e-09, 3.31720144686e-08, 1.5993993685e-08, 7.51393471887e-08, 3.26817513496e-07, 2.78138543308e-07, 4.3658612725e-08, 2.94407982437e-08, 5.08982438419e-08, 1.78282220986e-07, 5.7542504095e-09, 3.42894734828e-09, 3.96094321786e-08, 3.92028560725e-08, 2.791034035e-07, 7.42152565181e-07, 2.25594021686e-07, 7.29721634229e-08, 5.08065198801e-08, 2.64864166155e-08, 8.05404276605e-09, 1.23529775298e-09, 3.809424165e-10, 1.01460596869e-10, 3.64265400883e-14, 8.40359305771e-19]
    mfcc:
        mean: [-759.74810791, 127.36252594, -55.6618003845, 44.8188667297, -13.6534872055, -14.7114067078, -4.81822299957, -2.3669526577, 1.30101323128, -10.3065290451, -5.70163917542, -4.79414224625, -3.63319563866]
        cov: [[9441.37402344, -3465.76318359, -63.3265914917, -220.507034302, 12.6591157913, -240.619796753, -372.556640625, -13.9984588623, -205.222671509, 120.294555664, -189.729568481, 63.7147445679, 154.718490601], [-3465.76318359, 1942.34655762, -499.591491699, 103.901420593, -68.8745117188, -19.9252662659, 91.2635955811, -11.6005630493, 79.1568222046, -64.6354751587, 88.4132995605, 34.5168914795, -18.6318778992], [-63.3265914917, -499.591491699, 735.510681152, -0.587223649025, 94.0762252808, 152.379821777, 42.7256469727, 7.76735544205, 9.83710861206, 68.6517410278, 17.7264347076, -38.5751914978, -12.292181015], [-220.507034302, 103.901420593, -0.587223649025, 164.61428833, 8.87143325806, 28.3542423248, 45.4361114502, -4.94055509567, 1.18478155136, 2.68692517281, -5.01302433014, -3.64977693558, -4.70867156982], [12.6591157913, -68.8745117188, 94.0762252808, 8.87143325806, 173.229598999, -28.2722988129, 56.698474884, 13.3850364685, 4.55667734146, -23.9508056641, -10.4705257416, 16.8500003815, -20.5169296265], [-240.619796753, -19.9252662659, 152.379821777, 28.3542423248, -28.2722988129, 267.176635742, 115.523582458, 61.615737915, 26.9257965088, 57.7392196655, 18.5845375061, -51.8427848816, -21.7330360413], [-372.556640625, 91.2635955811, 42.7256469727, 45.4361114502, 56.698474884, 115.523582458, 236.277786255, 59.5197868347, 34.1601638794, 12.3177804947, -15.4081602097, -44.6256980896, -41.167842865], [-13.9984588623, -11.6005630493, 7.76735544205, -4.94055509567, 13.3850364685, 61.615737915, 59.5197868347, 85.8311004639, 38.8105773926, 14.9522342682, 3.14821743965, -9.35691642761, -14.0366725922], [-205.222671509, 79.1568222046, 9.83710861206, 1.18478155136, 4.55667734146, 26.9257965088, 34.1601638794, 38.8105773926, 76.2292861938, 30.613866806, 7.23091411591, -11.6314811707, -0.556379318237], [120.294555664, -64.6354751587, 68.6517410278, 2.68692517281, -23.9508056641, 57.7392196655, 12.3177804947, 14.9522342682, 30.613866806, 82.0194244385, 13.5372753143, -25.1552619934, 4.18953227997], [-189.729568481, 88.4132995605, 17.7264347076, -5.01302433014, -10.4705257416, 18.5845375061, -15.4081602097, 3.14821743965, 7.23091411591, 13.5372753143, 58.1217346191, 20.1438846588, -1.67513287067], [63.7147445679, 34.5168914795, -38.5751914978, -3.64977693558, 16.8500003815, -51.8427848816, -44.6256980896, -9.35691642761, -11.6314811707, -25.1552619934, 20.1438846588, 78.0607223511, 20.9286708832], [154.718490601, -18.6318778992, -12.292181015, -4.70867156982, -20.5169296265, -21.7330360413, -41.167842865, -14.0366725922, -0.556379318237, 4.18953227997, -1.67513287067, 20.9286708832, 72.0241622925]]
        icov: [[0.000728796760086, 0.00150183937512, 0.00118696689606, -2.60428441834e-05, -0.000369477958884, 5.38780841453e-05, 0.000197401968762, -0.000164530429174, 0.000721912947483, -0.00150915351696, 0.000196642416995, -0.000712255481631, -0.000679503369611], [0.00150183937512, 0.00402164040133, 0.00306553510018, -0.000494160398375, -0.000554484897293, -6.55643962091e-05, -0.000139544106787, 0.000783719297033, -0.000120584183605, -0.00185506965499, -0.00149623758625, -0.00128893251531, -0.00135298282839], [0.00118696689606, 0.00306553510018, 0.00437362818047, -0.000104421684227, -0.002401038073, -0.00150711159222, 0.000604413449764, 0.00137407972943, 0.0003943212796, -0.00294307479635, -0.00127457268536, -0.00035381357884, -0.00129520671908], [-2.60428441834e-05, -0.000494160398375, -0.000104421684227, 0.00692318426445, -0.000254371727351, -0.000768317084294, -0.0012290191371, 0.00157984020188, 0.000418071926106, -0.000905566383153, 0.00163796113338, -0.0011322706705, 8.70218427735e-05], [-0.000369477958884, -0.000554484897293, -0.002401038073, -0.000254371727351, 0.00960032548755, 0.00271988334134, -0.00333132152446, -0.00092405511532, -0.00141934619751, 0.00296963914298, 0.00100366224069, -0.00309924618341, 0.00243532238528], [5.38780841453e-05, -6.55643962091e-05, -0.00150711159222, -0.000768317084294, 0.00271988334134, 0.00822070334107, -0.00305529171601, -0.00459971325472, 0.00259959534742, -0.00241776322946, -0.00254088477232, 0.00213568052277, -0.000346529879607], [0.000197401968762, -0.000139544106787, 0.000604413449764, -0.0012290191371, -0.00333132152446, -0.00305529171601, 0.0086511708796, -0.00279909791425, -0.000395851471694, -0.000186691177078, 0.00276175164618, 0.00220168032683, 0.00152339891065], [-0.000164530429174, 0.000783719297033, 0.00137407972943, 0.00157984020188, -0.00092405511532, -0.00459971325472, -0.00279909791425, 0.0217031631619, -0.0108142448589, 0.0023550381884, -0.000865260197315, -0.00258121383376, 0.00238196365535], [0.000721912947483, -0.000120584183605, 0.0003943212796, 0.000418071926106, -0.00141934619751, 0.00259959534742, -0.000395851471694, -0.0108142448589, 0.0242220703512, -0.0104329967871, 0.000834360020235, 0.00100328994449, -0.0029192159418], [-0.00150915351696, -0.00185506965499, -0.00294307479635, -0.000905566383153, 0.00296963914298, -0.00241776322946, -0.000186691177078, 0.0023550381884, -0.0104329967871, 0.0249094292521, -0.00714731495827, 0.00709272688255, -0.00108760921285], [0.000196642416995, -0.00149623758625, -0.00127457268536, 0.00163796113338, 0.00100366224069, -0.00254088477232, 0.00276175164618, -0.000865260197315, 0.000834360020235, -0.00714731495827, 0.0279273036867, -0.0110147846863, 0.00428160745651], [-0.000712255481631, -0.00128893251531, -0.00035381357884, -0.0011322706705, -0.00309924618341, 0.00213568052277, 0.00220168032683, -0.00258121383376, 0.00100328994449, 0.00709272688255, -0.0110147846863, 0.0236440934241, -0.00595230609179], [-0.000679503369611, -0.00135298282839, -0.00129520671908, 8.70218427735e-05, 0.00243532238528, -0.000346529879607, 0.00152339891065, 0.00238196365535, -0.0029192159418, -0.00108760921285, 0.00428160745651, -0.00595230609179, 0.0185725800693]]
    spectral_contrast:
        mean: [8.06196112535e-07, -3.06652026438e-07, 4.25956613981e-07, -1.73338619902e-07, 3.58260308531e-07, -9.685754776e-08, 5.38611129741e-06, 4.73725231132e-06, -2.71630847237e-06, -4.29749479736e-06, 1.67863311162e-06, -8.77435809343e-07]
        var: [0.000606686982792, 0.000835196871776, 0.00116843369324, 0.00235218228772, 0.00398864643648, 0.00634837057441, 0.0486878156662, 0.0808237269521, 0.149479448795, 0.27625399828, 0.776699602604, 6.36850166321]

rhythm:
    beats_loudness:
        dmean: 0.00102249276824
        dmean2: 0.00153385300655
        dvar: 9.64848481999e-07
        dvar2: 1.53332280206e-06
        max: 0.00969169475138
        mean: 0.00362937827595
        min: 0.000199236761546
        var: 9.7389174698e-06
    beats_loudness_bass:
        dmean: 0.118184737861
        dmean2: 0.188592255116
        dvar: 0.0123866172507
        dvar2: 0.0316187664866
        max: 0.458506345749
        mean: 0.102756597102
        min: 0.00611106771976
        var: 0.0136168766767
    bpm: 138.107727051
    bpm_confidence: 0
    first_peak_bpm: 140
    first_peak_spread: 0.38095241785
    first_peak_weight: 0.590909063816
    onset_rate: 2.69165039062
    second_peak_bpm: 109
    second_peak_spread: 0
    second_peak_weight: 0.0454545468092
    beats_position: [0.268116414547, 0.697886228561, 1.12765610218, 1.5574259758, 1.98719573021, 2.41696572304, 2.84673547745, 3.27650547028, 3.70627498627, 4.1360449791, 4.56581449509, 4.99558401108, 5.42535400391, 5.8551235199, 6.40759277344, 6.8456454277, 7.28369808197, 7.72175168991, 8.15980434418, 8.59785652161, 9.03590965271, 9.47396278381, 9.91201496124]
    bpm_estimates: [140.620819092, 138.212295532, 141.701248169, 139.403213501, 138.057525635, 139.732772827, 136.284835815, 136.701583862, 137.628219604, 136.112243652, 137.582595825, 137.462585449, 136.41343689, 137.594680786]
    bpm_intervals: [0.429769814014, 0.429769873619, 0.429769873619, 0.42976975441, 0.429769992828, 0.42976975441, 0.429769992828, 0.429769515991, 0.429769992828, 0.429769515991, 0.429769515991, 0.429769992828, 0.429769515991, 0.55246925354, 0.438052654266, 0.438052654266, 0.438053607941, 0.438052654266, 0.438052177429, 0.438053131104, 0.438053131104, 0.438052177429]
    onset_times: [0.0696598663926, 0.255419492722, 0.696598649025, 1.1261677742, 1.32353746891, 1.5673469305, 1.99691605568, 2.26394557953, 2.4497051239, 2.89088439941, 3.09986400604, 3.33206343651, 3.77324271202, 4.17959165573, 4.6439909935, 4.82975053787, 4.94585037231, 5.07356023788, 5.51473903656, 5.93269824982, 5.99074840546, 7.11691617966, 7.32589578629, 7.6858048439, 8.56816291809, 9.04417228699, 9.90331077576]
    rubato_start: []
    rubato_stop: []
    perceptual_tempo: "unknown"

sfx:
    inharmonicity:
        dmean: 0.0576689653099
        dmean2: 0.101147115231
        dvar: 0.00426891678944
        dvar2: 0.0114858169109
        max: 0.399107962847
        mean: 0.064753010869
        min: 0
        var: 0.00510912947357
    oddtoevenharmonicenergyratio:
        dmean: 7.62037134171
        dmean2: 14.9347791672
        dvar: 4852.68896484
        dvar2: 14551.7431641
        max: 1017.34716797
        mean: 4.3561630249
        min: 0
        var: 2438.80615234
    pitch_after_max_to_before_max_energy_ratio: 0.823672235012
    pitch_centroid: 220.145401001
    pitch_max_to_total: 0.486046522856
    pitch_min_to_total: 0.15581394732
    tristimulus:
        dmean: [0.184814736247, 0.224181205034, 0.117812268436]
        dmean2: [0.323788225651, 0.398239552975, 0.209648922086]
        dvar: [0.0292894430459, 0.0389759987593, 0.0139466701075]
        dvar2: [0.0800568312407, 0.107064411044, 0.0402038581669]
        max: [1, 0.946483671665, 0.692516088486]
        mean: [0.350617021322, 0.478842616081, 0.127943769097]
        min: [0.00760477641597, 0, 0]
        var: [0.0464250668883, 0.0541623905301, 0.0158817153424]

tonal:
    chords_changes_rate: 0.0324074067175
    chords_number_rate: 0.0138888889924
    chords_strength:
        dmean: 0.00640792399645
        dmean2: 0.0061226892285
        dvar: 2.36479791056e-05
        dvar2: 2.64044720097e-05
        max: 0.730384767056
        mean: 0.551995277405
        min: 0.400430113077
        var: 0.00855285674334
    key_strength: 0.836655974388
    tuning_diatonic_strength: 0.635149419308
    tuning_equal_tempered_deviation: 0.0270866341889
    tuning_frequency: 439.745910645
    tuning_nontempered_energy_ratio: 0.630838394165
    hpcp:
        dmean: [0.0944018512964, 0.0689151734114, 0.058905184269, 0.0562642998993, 0.0507521219552, 0.083526596427, 0.0911620035768, 0.0742030143738, 0.0983081012964, 0.116394415498, 0.0756125003099, 0.0624752007425, 0.0619324706495, 0.0854721218348, 0.158596903086, 0.170718461275, 0.114135049284, 0.0605023726821, 0.0485431775451, 0.043728645891, 0.0869185328484, 0.104500740767, 0.0737958773971, 0.0608164705336, 0.0537604317069, 0.0584173463285, 0.0974231287837, 0.12088958919, 0.109260179102, 0.205597355962, 0.172957658768, 0.178849324584, 0.0863648280501, 0.0568956062198, 0.0624957233667, 0.0849812999368]
        dmean2: [0.155107289553, 0.117181427777, 0.0969687849283, 0.0988917425275, 0.0823393166065, 0.13510081172, 0.14572224021, 0.127858623862, 0.168116509914, 0.199710592628, 0.12287800014, 0.10698928684, 0.105861634016, 0.15426081419, 0.257169693708, 0.269990056753, 0.184425830841, 0.102942802012, 0.0759745240211, 0.0720624029636, 0.152704402804, 0.174633383751, 0.119171366096, 0.106375865638, 0.0907189100981, 0.10251865536, 0.166261702776, 0.195372089744, 0.185834363103, 0.351603806019, 0.309499233961, 0.280939698219, 0.149732336402, 0.104480847716, 0.10798856616, 0.142457470298]
        dvar: [0.0214334130287, 0.0106959855184, 0.0213051922619, 0.0165644288063, 0.0104102389887, 0.0132462168112, 0.0178207103163, 0.0135900508612, 0.0200165733695, 0.0310207270086, 0.0168053712696, 0.0157402344048, 0.015092337504, 0.0180501006544, 0.0359355583787, 0.027835464105, 0.013969742693, 0.00819412153214, 0.00406653061509, 0.00379024003632, 0.0226783715189, 0.0296415071934, 0.0103190736845, 0.00853276997805, 0.00509671401232, 0.0103981141001, 0.025958571583, 0.0274541191757, 0.0192534551024, 0.0480622090399, 0.0511883608997, 0.0353753343225, 0.0284095276147, 0.0161799248308, 0.0144843421876, 0.0141236148775]
        dvar2: [0.045639064163, 0.0243543572724, 0.0576553121209, 0.0439717359841, 0.0235258862376, 0.0339310988784, 0.0393217615783, 0.0373080670834, 0.0583687052131, 0.0851280540228, 0.0435536392033, 0.0464760623872, 0.0435446165502, 0.0475520193577, 0.0888155475259, 0.0715922117233, 0.0350580066442, 0.021386064589, 0.00848854891956, 0.00947118550539, 0.0664020329714, 0.080433703959, 0.0270645134151, 0.0246830806136, 0.0133830215782, 0.031037690118, 0.0734184458852, 0.072232760489, 0.0456726066768, 0.128085330129, 0.134022966027, 0.0779412314296, 0.0792677327991, 0.0508030653, 0.0447547286749, 0.0404710546136]
        max: [1, 0.658273994923, 1, 1, 1, 1, 1, 0.895822048187, 1, 1, 1, 0.798663437366, 0.915504932404, 0.777924537659, 1, 1, 0.967460155487, 0.782416820526, 0.517264425755, 0.576127886772, 1, 1, 0.690759599209, 0.737339675426, 0.426847398281, 0.572777628899, 1, 1, 1, 1, 1, 1, 1, 1, 1, 1]
        mean: [0.20247747004, 0.123014971614, 0.0755817741156, 0.0713396221399, 0.0655903443694, 0.177092269063, 0.240573242307, 0.138406202197, 0.151470780373, 0.20193721354, 0.120250530541, 0.0722717121243, 0.0775106027722, 0.0963119864464, 0.298991024494, 0.475699186325, 0.28321158886, 0.0927532166243, 0.0777057930827, 0.0623133927584, 0.120478354394, 0.159250929952, 0.109189093113, 0.0886775627732, 0.0737361982465, 0.0692756846547, 0.140945777297, 0.179041832685, 0.158916115761, 0.444758206606, 0.748652935028, 0.439922749996, 0.0866426452994, 0.0584548972547, 0.0823585912585, 0.163761004806]
        min: [0.0123559813946, 0.00712750200182, 0.000694358895998, 0.000599913590122, 0.000635814270936, 0.00241625751369, 0.00323811918497, 0.00359726231545, 0.000126084589283, 0.000126462255139, 0.00140397495124, 0.000514693325385, 0.000372376176529, 0.000656735675875, 0.0116681214422, 0.0155013734475, 0.00806487631053, 0.00106542359572, 0.000631876988336, 0.00106627854984, 0.00102106563281, 0.000746156554669, 0.00159841554705, 0.000973937509116, 0.000553243386094, 0.00146157527342, 0.00391960842535, 0.0022315911483, 0.00069488293957, 0.0139983911067, 0.0226167906076, 0.0152775542811, 0.00062940857606, 0.00070880993735, 0.000635093601886, 0.0104471519589]
        var: [0.0502639077604, 0.0169237628579, 0.0205634459853, 0.0195406321436, 0.0133696729317, 0.040725260973, 0.0819524005055, 0.0219707991928, 0.0293342713267, 0.0617134235799, 0.0252943467349, 0.0140205333009, 0.0149910412729, 0.0175582021475, 0.0591232329607, 0.0961212292314, 0.0373296961188, 0.012162909843, 0.00985431019217, 0.00764644239098, 0.0307877194136, 0.0501145534217, 0.0175709594041, 0.011329498142, 0.00759742455557, 0.00945588760078, 0.0264575835317, 0.0407284907997, 0.0295311231166, 0.0609328560531, 0.105541788042, 0.0625824779272, 0.0196216627955, 0.0117499986663, 0.0139271551743, 0.0243353620172]
    chords_histogram: [60.648147583, 0, 0, 0, 0, 0, 0, 0, 0, 0, 0, 0, 0, 0, 0, 0.462962955236, 0, 5.09259271622, 0, 0, 0, 0, 33.796295166, 0]
    thpcp: [1, 0.587619066238, 0.11573138833, 0.0780801028013, 0.110009044409, 0.218740880489, 0.27045571804, 0.164315089583, 0.100957028568, 0.095290645957, 0.0876111462712, 0.236547887325, 0.321341484785, 0.184873655438, 0.202324435115, 0.269734084606, 0.160622537136, 0.0965356677771, 0.103533424437, 0.128647044301, 0.399372011423, 0.635406851768, 0.378294914961, 0.123893477023, 0.103794150054, 0.0832340195775, 0.16092684865, 0.212716624141, 0.145847409964, 0.118449494243, 0.0984918326139, 0.0925337746739, 0.18826584518, 0.239151984453, 0.212269410491, 0.594077944756]
    chords_key: "G"
    chords_scale: "major"
    key_key: "G"
    key_scale: "major"
    chords_progression: ["G", "G", "G", "G", "G", "G", "G", "G", "G", "G", "G", "G", "G", "G", "G", "G", "G", "G", "G", "G", "G", "G", "G", "G", "G", "G", "G", "G", "G", "G", "G", "G", "G", "G", "G", "G", "G", "G", "G", "G", "G", "G", "G", "G", "G", "G", "G", "G", "G", "G", "G", "G", "G", "G", "G", "C", "C", "C", "C", "C", "C", "C", "C", "C", "C", "C", "C", "C", "C", "C", "C", "C", "C", "C", "C", "Cm", "C", "C", "C", "C", "C", "C", "C", "C", "C", "C", "C", "Gm", "Gm", "Gm", "Gm", "Gm", "Gm", "Gm", "Gm", "Gm", "Gm", "Gm", "G", "G", "G", "G", "G", "G", "G", "G", "G", "G", "G", "G", "G", "G", "G", "G", "G", "G", "G", "G", "G", "G", "G", "G", "G", "G", "G", "G", "G", "G", "G", "G", "G", "G", "G", "G", "G", "G", "G", "G", "G", "G", "G", "G", "G", "G", "G", "G", "G", "G", "G", "G", "G", "G", "G", "G", "G", "G", "G", "G", "G", "G", "G", "G", "G", "G", "G", "G", "G", "G", "G", "G", "G", "G", "G", "C", "C", "C", "C", "C", "C", "C", "C", "C", "C", "C", "C", "C", "C", "C", "C", "C", "C", "C", "C", "C", "C", "C", "C", "C", "C", "C", "C", "C", "C", "C", "C", "C", "C", "C", "C", "C", "C", "C", "C", "C", "C", "G"]
