
metadata:
    version:
        essentia: "1.2.2"
    audio_properties:
        analysis_sample_rate: 44100
        bitrate: 128
        channels: 2
        equal_loudness: 1
        length: 10.0048980713
        replay_gain: -2.31602287292
        downmix: "mix"
    tags:
        track: 15
        year: 0
        album: "Splitted by Mp3Splt v. 2.1"
        artist: "From 002.20 To 002.30"
        comment: "http://mp3splt.sf.net"
        genre: ""
        title: "03 Passover.mp3"

highlevel:
    ballroom:
        all:
            ChaChaCha: 0.130739420652
            Jive: 0.272257894278
            Quickstep: 0.0584177747369
            Rumba-American: 0.00833125878125
            Rumba-International: 0.0850010961294
            Rumba-Misc: 0.0388615466654
            Samba: 0.226874038577
            Tango: 0.0358150564134
            VienneseWaltz: 0.0908156707883
            Waltz: 0.0528862550855
        probability: 0.272257894278
        value: "Jive"
    culture:
        all:
            non_western: 0.409457117319
            western: 0.590542852879
        probability: 0.590542852879
        value: "western"
    gender:
        all:
            female: 0.820571303368
            male: 0.179428711534
        probability: 0.820571303368
        value: "female"
    genre_dortmund:
        all:
            alternative: 0.294403374195
            blues: 0.0350940600038
            electronic: 0.0920911878347
            folkcountry: 0.052989885211
            funksoulrnb: 0.0136731732637
            jazz: 0.147008016706
            pop: 0.0904697179794
            raphiphop: 0.00375733617693
            rock: 0.270513266325
        probability: 0.294403374195
        value: "alternative"
    genre_electronica:
        all:
            ambient: 0.350774675608
            dnb: 0.230751946568
            house: 0.125741153955
            techno: 0.0660835206509
            trance: 0.226648688316
        probability: 0.350774675608
        value: "ambient"
    genre_rosamerica:
        all:
            cla: 0.0526304841042
            dan: 0.139224976301
            hip: 0.0172818023711
            jaz: 0.0192657765001
            pop: 0.121631860733
            rhy: 0.0606243051589
            roc: 0.584922194481
            spe: 0.00441859802231
        probability: 0.584922194481
        value: "roc"
    genre_tzanetakis:
        all:
            blu: 0.0267107728869
            cla: 0.0290720164776
            cou: 0.0384122617543
            dis: 0.124779991806
            hip: 0.0529999881983
            jaz: 0.0368446335196
            met: 0.150754123926
            pop: 0.107460334897
            reg: 0.0446569398046
            roc: 0.388308942318
        probability: 0.388308942318
        value: "roc"
    live_studio:
        all:
            live: 0.0969769656658
            studio: 0.903023004532
        probability: 0.903023004532
        value: "studio"
    mood:
        all:
            Cluster1: 0.433166772127
            Cluster2: 0.0867916867137
            Cluster3: 0.163175776601
            Cluster4: 0.0663189589977
            Cluster5: 0.250546783209
        probability: 0.433166772127
        value: "Cluster1"
    mood_acoustic:
        all:
            acoustic: 0.205416068435
            not_acoustic: 0.794583916664
        probability: 0.794583916664
        value: "not_acoustic"
    mood_aggressive:
        all:
            aggressive: 0.0189112909138
            not_aggressive: 0.98108869791
        probability: 0.98108869791
        value: "not_aggressive"
    mood_electronic:
        all:
            electronic: 0.552472531796
            not_electronic: 0.447527468204
        probability: 0.552472531796
        value: "electronic"
    mood_happy:
        all:
            happy: 0.34958344698
            not_happy: 0.65041655302
        probability: 0.65041655302
        value: "not_happy"
    mood_party:
        all:
            not_party: 0.779750943184
            party: 0.220249071717
        probability: 0.779750943184
        value: "not_party"
    mood_relaxed:
        all:
            not_relaxed: 0.82939851284
            relaxed: 0.170601457357
        probability: 0.82939851284
        value: "not_relaxed"
    mood_sad:
        all:
            not_sad: 0.283492267132
            sad: 0.716507732868
        probability: 0.716507732868
        value: "sad"
    rhythm:
        all:
            fast: 0.700556337833
            medium: 0.20123578608
            slow: 0.0982078537345
        probability: 0.700556337833
        value: "fast"
    speech_music:
        all:
            music: 0.999360859394
            speech: 0.000639134203084
        probability: 0.999360859394
        value: "music"
    timbre:
        all:
            bright: 0.0694321244955
            dark: 0.930567860603
        probability: 0.930567860603
        value: "dark"
    voice_instrumental:
        all:
            instrumental: 0.976808845997
            voice: 0.0231911260635
        probability: 0.976808845997
        value: "instrumental"

lowlevel:
    average_loudness: 0.979630589485
    barkbands_kurtosis:
        dmean: 2.04280805588
        dmean2: 3.15747261047
        dvar: 30.5251636505
        dvar2: 66.6002349854
        max: 100.152809143
        mean: 1.39497148991
        min: -1.74954736233
        var: 77.454826355
    barkbands_skewness:
        dmean: 0.556060492992
        dmean2: 0.785091459751
        dvar: 0.33647570014
        dvar2: 0.689857304096
        max: 6.6790728569
        mean: 0.795471191406
        min: -2.5065202713
        var: 1.76288819313
    barkbands_spread:
        dmean: 5.18203783035
        dmean2: 8.24173927307
        dvar: 24.5574760437
        dvar2: 56.7350234985
        max: 51.12159729
        mean: 27.8341217041
        min: 0.922902524471
        var: 68.0531997681
    dissonance:
        dmean: 0.0164935793728
        dmean2: 0.0264624990523
        dvar: 0.000422704732046
        dvar2: 0.000733927765395
        max: 0.495771080256
        mean: 0.466365605593
        min: 0.115698173642
        var: 0.000623854924925
    hfc:
        dmean: 1.18986201286
        dmean2: 1.67090916634
        dvar: 3.81052088737
        dvar2: 8.15410041809
        max: 17.1928939819
        mean: 2.97197270393
        min: 1.79923299584e-05
        var: 5.61079120636
    pitch:
        dmean: 388.065155029
        dmean2: 758.475097656
        dvar: 924621.4375
        dvar2: 2407977.25
        max: 4410
        mean: 493.151947021
        min: 59.9184799194
        var: 724764.4375
    pitch_instantaneous_confidence:
        dmean: 0.0832176655531
        dmean2: 0.126556307077
        dvar: 0.00486197927967
        dvar2: 0.0106847528368
        max: 0.813320279121
        mean: 0.410671979189
        min: 0.13139384985
        var: 0.0210404638201
    pitch_salience:
        dmean: 0.0743236243725
        dmean2: 0.118586286902
        dvar: 0.00471749668941
        dvar2: 0.0123482281342
        max: 0.854253709316
        mean: 0.577584981918
        min: 0.196151182055
        var: 0.00785113498569
    silence_rate_20dB:
        dmean: 0
        dmean2: 0
        dvar: 0
        dvar2: 0
        max: 1
        mean: 1
        min: 1
        var: 0
    silence_rate_30dB:
        dmean: 0
        dmean2: 0
        dvar: 0
        dvar2: 0
        max: 1
        mean: 1
        min: 1
        var: 0
    silence_rate_60dB:
        dmean: 0.157772615552
        dmean2: 0.313953489065
        dvar: 0.132880017161
        dvar2: 0.243292927742
        max: 1
        mean: 0.701388895512
        min: 0
        var: 0.209443181753
    spectral_centroid:
        dmean: 246.373168945
        dmean2: 351.406707764
        dvar: 50842.7148438
        dvar2: 94692.359375
        max: 2579.0324707
        mean: 1172.29516602
        min: 160.261734009
        var: 264335.34375
    spectral_complexity:
        dmean: 2.6264500618
        dmean2: 4.09069776535
        dvar: 12.6238441467
        dvar2: 29.6778011322
        max: 34
        mean: 7.34722232819
        min: 0
        var: 18.4581451416
    spectral_crest:
        dmean: 2.67017316818
        dmean2: 4.45011138916
        dvar: 5.30457878113
        dvar2: 13.4640598297
        max: 19.0099544525
        mean: 8.96348571777
        min: 2.77190184593
        var: 12.1511831284
    spectral_decrease:
        dmean: 4.18422435589e-10
        dmean2: 6.02540684014e-10
        dvar: 4.40011127126e-19
        dvar2: 9.16951525904e-19
        max: -1.34221255868e-14
        mean: -7.77547581876e-10
        min: -5.39337241534e-09
        var: 6.7613831158e-19
    spectral_energy:
        dmean: 0.00167221704032
        dmean2: 0.00240342039615
        dvar: 6.98775374985e-06
        dvar2: 1.45322001117e-05
        max: 0.0215729158372
        mean: 0.00320421066135
        min: 5.22901721922e-08
        var: 1.0729616406e-05
    spectral_energyband_high:
        dmean: 6.84623446432e-05
        dmean2: 9.95301743387e-05
        dvar: 2.97389082249e-08
        dvar2: 6.33487999835e-08
        max: 0.00138108176179
        mean: 9.36884825933e-05
        min: 4.78590278519e-10
        var: 3.63101833045e-08
    spectral_energyband_low:
        dmean: 0.000375443545636
        dmean2: 0.000618440739345
        dvar: 5.6464057252e-07
        dvar2: 1.34344077196e-06
        max: 0.00597626809031
        mean: 0.000402195204515
        min: 1.3264122245e-08
        var: 7.45208183162e-07
    spectral_energyband_middle_high:
        dmean: 0.000272734410828
        dmean2: 0.000402435864089
        dvar: 1.03304344634e-07
        dvar2: 2.27944468634e-07
        max: 0.00319260475226
        mean: 0.000859088031575
        min: 2.45648656971e-09
        var: 2.18993108092e-07
    spectral_energyband_middle_low:
        dmean: 0.00116447464097
        dmean2: 0.00173575186636
        dvar: 4.41488236902e-06
        dvar2: 9.15247164812e-06
        max: 0.0183107797056
        mean: 0.00184923678171
        min: 3.52894780065e-08
        var: 6.13130487181e-06
    spectral_flatness_db:
        dmean: 0.0210549291223
        dmean2: 0.0316449813545
        dvar: 0.0003703328548
        dvar2: 0.000749560247641
        max: 0.391823202372
        mean: 0.17982275784
        min: 0.0836882069707
        var: 0.00125995359849
    spectral_flux:
        dmean: 0.0106321070343
        dmean2: 0.016373924911
        dvar: 0.000200877620955
        dvar2: 0.000538342748769
        max: 0.134389296174
        mean: 0.0311873797327
        min: 0.000228670440265
        var: 0.000332445983076
    spectral_kurtosis:
        dmean: 1.80830574036
        dmean2: 2.99613976479
        dvar: 3.68043255806
        dvar2: 10.6363019943
        max: 15.3637161255
        mean: 5.27310419083
        min: 1.08869457245
        var: 5.9979300499
    spectral_rms:
        dmean: 0.00039543924504
        dmean2: 0.000544887734577
        dvar: 2.46225908995e-07
        dvar2: 4.8055693469e-07
        max: 0.00458767358214
        mean: 0.00161529995967
        min: 7.14246471034e-06
        var: 5.1686305369e-07
    spectral_rolloff:
        dmean: 496.862304688
        dmean2: 806.393005371
        dvar: 349748.6875
        dvar2: 759510.5
        max: 4048.2421875
        mean: 2409.7746582
        min: 172.265625
        var: 924448.375
    spectral_skewness:
        dmean: 0.229743659496
        dmean2: 0.368169158697
        dvar: 0.0428320243955
        dvar2: 0.101725481451
        max: 3.28150868416
        mean: 1.54921507835
        min: 0.81846088171
        var: 0.122999086976
    spectral_spread:
        dmean: 712652.75
        dmean2: 855897
        dvar: 1.1039515607e+12
        dvar2: 1.37733904794e+12
        max: 19718680
        mean: 4086941.75
        min: 1939209.125
        var: 2.84986494157e+12
    spectral_strongpeak:
        dmean: 0.224927082658
        dmean2: 0.375674724579
        dvar: 0.119665652514
        dvar2: 0.285037964582
        max: 2.45027136803
        mean: 0.351612627506
        min: 7.63217249187e-05
        var: 0.177466616035
    zerocrossingrate:
        dmean: 0.00879019498825
        dmean2: 0.0100211212412
        dvar: 5.09214733029e-05
        dvar2: 6.88160434947e-05
        max: 0.12841796875
        mean: 0.0732410550117
        min: 0.00341796875
        var: 0.000474720844068
    barkbands:
        dmean: [1.66917573097e-07, 8.86344205355e-05, 0.000302432890749, 0.000456060952274, 0.000666159088723, 0.000144169098348, 4.77287358081e-05, 2.79220294033e-05, 5.76789680053e-05, 3.94909220631e-05, 4.08275773225e-05, 1.94693257072e-05, 4.28149942309e-05, 4.95567001053e-05, 1.93334126379e-05, 4.14054084104e-05, 8.39089552755e-05, 4.45182049589e-05, 8.7899803475e-05, 4.51688974863e-05, 3.11350740958e-05, 1.09028460429e-05, 3.60187004844e-06, 1.55358179654e-06, 1.03848537947e-06, 8.91856473118e-08, 7.46106010308e-10]
        dmean2: [2.7052317364e-07, 0.000140039759572, 0.000502636597957, 0.000723869074136, 0.00104747293517, 0.000221810129005, 7.87374956417e-05, 3.96876275772e-05, 9.15708151297e-05, 5.57080566068e-05, 6.58777935314e-05, 3.21107654599e-05, 6.91096720402e-05, 8.409392467e-05, 3.23282329191e-05, 6.97427385603e-05, 0.000135925976792, 6.88501022523e-05, 0.000143048891914, 6.9357236498e-05, 4.63561300421e-05, 1.58490565809e-05, 5.45448983758e-06, 2.25294570555e-06, 1.52958818944e-06, 1.3463211701e-07, 9.24335996633e-10]
        dvar: [1.88618313134e-13, 4.98390377857e-08, 3.79363967795e-07, 1.37699896641e-06, 1.68977078374e-06, 3.43702559746e-08, 1.14595621881e-08, 2.61964694381e-09, 8.26515389463e-09, 6.21806739431e-09, 4.67429561724e-09, 1.05647846027e-09, 2.71057021273e-09, 4.10644940274e-09, 7.20284998312e-10, 2.24106244673e-09, 8.91470808284e-09, 2.95031710174e-09, 1.45215954817e-08, 9.67279412123e-09, 5.72096858775e-09, 8.7442253438e-10, 1.26317192817e-10, 2.10295999364e-11, 8.77471966615e-12, 7.20484259818e-14, 6.68125758334e-17]
        dvar2: [4.63508626012e-13, 1.19890984251e-07, 9.14241809369e-07, 3.08384164782e-06, 3.51413291355e-06, 9.49432958919e-08, 2.91095112459e-08, 5.90312865256e-09, 2.03958840927e-08, 1.08841886615e-08, 1.17170095848e-08, 2.7461515284e-09, 6.30014929115e-09, 1.03529922413e-08, 1.99984340199e-09, 5.30373789331e-09, 1.99653413802e-08, 6.41565112147e-09, 3.70492294621e-08, 2.27621992366e-08, 1.28170798419e-08, 1.7708635669e-09, 2.99865132725e-10, 4.90678990495e-11, 2.01938049615e-11, 1.64820116106e-13, 6.74771922946e-17]
        max: [3.50098616764e-06, 0.00136496894993, 0.00516901677474, 0.0126581275836, 0.0127756055444, 0.00213150074705, 0.000747106561903, 0.000525048002601, 0.000661262194626, 0.00131413072813, 0.000666586158331, 0.000294105149806, 0.000457982008811, 0.000574777368456, 0.000201900940738, 0.000406179140555, 0.00107451109216, 0.000719313393347, 0.0015941450838, 0.00100687728263, 0.000677044212352, 0.000255055638263, 0.000113410620543, 3.74288683815e-05, 2.79118685285e-05, 2.61846957983e-06, 1.69979472275e-07]
        mean: [1.66562699633e-07, 7.89663390606e-05, 0.0003230671864, 0.000457050249679, 0.000939708901569, 0.000274117395747, 4.69750521006e-05, 3.9346065023e-05, 7.45031356928e-05, 5.68068753637e-05, 7.15764181223e-05, 2.71935150522e-05, 7.32075059204e-05, 7.83137656981e-05, 3.23100211972e-05, 7.01925164321e-05, 0.000159058283316, 9.09831942408e-05, 0.000181129929842, 6.70077861287e-05, 4.29975552834e-05, 1.34092997541e-05, 3.52939650838e-06, 1.49867582877e-06, 1.01446778444e-06, 8.22856094373e-08, 7.56419427095e-10]
        min: [1.44193320478e-11, 5.37189048799e-09, 6.98983892988e-09, 9.06652974919e-09, 2.00367260561e-08, 5.31079136223e-09, 3.27365939912e-10, 5.11726661045e-10, 1.81149314299e-11, 2.43144560041e-10, 1.28876090355e-10, 9.47356360026e-11, 1.84799758829e-10, 5.04311481464e-10, 2.20467186174e-10, 2.34463892745e-10, 6.55124635096e-11, 8.95539059576e-11, 3.4431507645e-10, 3.80717096737e-10, 2.74794881294e-10, 6.19521586809e-11, 5.09642189561e-11, 2.31435235559e-11, 2.29399641644e-11, 1.50872630361e-11, 8.0264205113e-14]
        var: [1.67296623603e-13, 4.66198990523e-08, 5.14675264185e-07, 1.43508282235e-06, 2.33267155636e-06, 6.64505108716e-08, 1.00728190233e-08, 5.25182963784e-09, 1.02383479472e-08, 1.3028945034e-08, 9.11374353763e-09, 1.4614323085e-09, 5.7721369906e-09, 6.48990861052e-09, 8.56584803088e-10, 3.90864540734e-09, 2.08490718023e-08, 5.21344878379e-09, 1.86752338038e-08, 1.0582617449e-08, 6.74147093704e-09, 1.08987852077e-09, 1.19936574561e-10, 2.12311366404e-11, 9.12560131627e-12, 7.19153808227e-14, 6.71327741398e-17]
    mfcc:
        mean: [-762.710266113, 130.389282227, -61.2815971375, 60.2360801697, -7.41327476501, -3.47274875641, 0.16765846312, -7.54068422318, -11.4083938599, -15.8957052231, -10.9184617996, -14.2259082794, -16.9302768707]
        cov: [[3575.24560547, -610.892822266, 606.696472168, -363.071105957, -80.6836547852, -118.560470581, -70.3208618164, 28.7063522339, 23.9405269623, -64.4165420532, -16.2566604614, -42.2609443665, 27.5745220184], [-610.892822266, 683.118469238, -337.067687988, 153.967697144, 18.1902084351, 37.1926383972, 91.7294998169, 28.8508911133, 14.3777990341, 35.5528717041, 28.1850318909, 42.8220329285, 7.11174964905], [606.696472168, -337.067687988, 1121.62451172, 47.8148918152, 135.677139282, 132.291412354, 21.9173946381, 21.8276176453, 86.2833709717, 46.6828041077, 5.76954555511, -0.799102425575, 62.5373001099], [-363.071105957, 153.967697144, 47.8148918152, 263.679168701, 94.5668258667, 69.8042907715, 32.9675369263, 36.4195289612, 58.591796875, 47.0236091614, 32.7639160156, 54.8403892517, 23.8069763184], [-80.6836547852, 18.1902084351, 135.677139282, 94.5668258667, 148.884857178, 70.3953170776, 53.7296562195, 35.4721107483, 41.7680511475, 29.7800521851, 28.7456703186, 26.2013092041, 23.6936473846], [-118.560470581, 37.1926383972, 132.291412354, 69.8042907715, 70.3953170776, 134.099136353, 61.8467140198, 11.4159994125, 5.68388986588, 14.3580799103, 10.7337999344, 15.5329179764, 10.9249477386], [-70.3208618164, 91.7294998169, 21.9173946381, 32.9675369263, 53.7296562195, 61.8467140198, 92.5764694214, 35.4136314392, 24.5166130066, 15.5349674225, 16.2275733948, 13.132144928, 14.2902603149], [28.7063522339, 28.8508911133, 21.8276176453, 36.4195289612, 35.4721107483, 11.4159994125, 35.4136314392, 73.8360748291, 49.4818649292, 17.9421463013, 14.6238746643, 14.0461206436, 12.4506549835], [23.9405269623, 14.3777990341, 86.2833709717, 58.591796875, 41.7680511475, 5.68388986588, 24.5166130066, 49.4818649292, 91.0740661621, 40.5082778931, 25.529876709, 23.8648471832, 21.9566020966], [-64.4165420532, 35.5528717041, 46.6828041077, 47.0236091614, 29.7800521851, 14.3580799103, 15.5349674225, 17.9421463013, 40.5082778931, 61.9134597778, 30.4579792023, 16.0063152313, 12.978509903], [-16.2566604614, 28.1850318909, 5.76954555511, 32.7639160156, 28.7456703186, 10.7337999344, 16.2275733948, 14.6238746643, 25.529876709, 30.4579792023, 57.6580085754, 37.43126297, 18.0950508118], [-42.2609443665, 42.8220329285, -0.799102425575, 54.8403892517, 26.2013092041, 15.5329179764, 13.132144928, 14.0461206436, 23.8648471832, 16.0063152313, 37.43126297, 66.1561737061, 34.7102203369], [27.5745220184, 7.11174964905, 62.5373001099, 23.8069763184, 23.6936473846, 10.9249477386, 14.2902603149, 12.4506549835, 21.9566020966, 12.978509903, 18.0950508118, 34.7102203369, 52.2202529907]]
        icov: [[0.000418300478486, 0.000138701085234, -0.000252620317042, 0.000495755928569, 0.000120003285701, 0.000302694417769, -1.21242428577e-05, -0.000420673255576, -0.000117191273603, 0.000426416227128, -0.000278601160971, -0.000145152633195, -4.10944739997e-05], [0.000138701085234, 0.0026777763851, 0.000667970685754, -0.00153495895211, 0.000995379057713, 0.00056571746245, -0.00319771142676, 0.000305880705127, 0.000617617974058, -0.00107245729305, 0.000363858678611, -0.000410857639508, -0.000152057866217], [-0.000252620317042, 0.000667970685754, 0.00179651170038, -0.000213436069316, -0.000708756560925, -0.0020478204824, 0.000780747563113, 0.000875272206031, -0.00160341686569, -0.000656174030155, 0.000542164081708, 0.00153373263311, -0.00205411971547], [0.000495755928569, -0.00153495895211, -0.000213436069316, 0.00862102117389, -0.00335471588187, -0.00301931123249, 0.00441375980154, -0.00113972695544, -0.0030857459642, -0.00161392719019, 0.00231675198302, -0.00521415472031, 0.00185182387941], [0.000120003285701, 0.000995379057713, -0.000708756560925, -0.00335471588187, 0.013162618503, -0.00228489143774, -0.00435236888006, -0.00160435342696, -0.000411745364545, 0.000288188864943, -0.00350588792935, 0.00156332168262, -0.00146415783092], [0.000302694417769, 0.00056571746245, -0.0020478204824, -0.00301931123249, -0.00228489143774, 0.01733857207, -0.0113417198882, 0.00163643236738, 0.00609189085662, -0.00129364745226, 0.00163687812164, -0.00344532029703, 0.00319785252213], [-1.21242428577e-05, -0.00319771142676, 0.000780747563113, 0.00441375980154, -0.00435236888006, -0.0113417198882, 0.0264219231904, -0.00767484679818, -0.00321026565507, 0.00155103986617, -0.00271923956461, 0.0036423264537, -0.00407277652994], [-0.000420673255576, 0.000305880705127, 0.000875272206031, -0.00113972695544, -0.00160435342696, 0.00163643236738, -0.00767484679818, 0.0258241463453, -0.0127189764753, 0.00236960523762, 0.000427201914135, 0.000373445160221, 0.000343216175679], [-0.000117191273603, 0.000617617974058, -0.00160341686569, -0.0030857459642, -0.000411745364545, 0.00609189085662, -0.00321026565507, -0.0127189764753, 0.0278287418187, -0.0111802434549, 0.000654208473861, -0.00304733985104, -0.000995279639028], [0.000426416227128, -0.00107245729305, -0.000656174030155, -0.00161392719019, 0.000288188864943, -0.00129364745226, 0.00155103986617, 0.00236960523762, -0.0111802434549, 0.0313526540995, -0.0154519723728, 0.00824078917503, -0.00262162950821], [-0.000278601160971, 0.000363858678611, 0.000542164081708, 0.00231675198302, -0.00350588792935, 0.00163687812164, -0.00271923956461, 0.000427201914135, 0.000654208473861, -0.0154519723728, 0.0381167009473, -0.0215385258198, 0.00495633622631], [-0.000145152633195, -0.000410857639508, 0.00153373263311, -0.00521415472031, 0.00156332168262, -0.00344532029703, 0.0036423264537, 0.000373445160221, -0.00304733985104, 0.00824078917503, -0.0215385258198, 0.0414679683745, -0.0212680641562], [-4.10944739997e-05, -0.000152057866217, -0.00205411971547, 0.00185182387941, -0.00146415783092, 0.00319785252213, -0.00407277652994, 0.000343216175679, -0.000995279639028, -0.00262162950821, 0.00495633622631, -0.0212680641562, 0.035325024277]]
    spectral_contrast:
        mean: [-1.36982023946e-07, 2.68470984111e-07, -5.96650053808e-08, 1.11931178992e-07, 6.25046823188e-07, -1.80918036108e-07, 4.04883877536e-07, 5.56585973754e-07, 5.5217078625e-06, 7.53191625336e-06, -4.42219561592e-06, 2.68683106697e-06]
        var: [0.000335952587193, 0.000535751052666, 0.000942600949202, 0.00210914923809, 0.0028581332881, 0.00510807987303, 0.0411703065038, 0.0882598236203, 0.10820030421, 0.563990533352, 0.647915661335, 2.42964673042]

rhythm:
    beats_loudness:
        dmean: 0.00412245374173
        dmean2: 0.00735984696075
        dvar: 1.71840765688e-05
        dvar2: 5.63689063711e-05
        max: 0.0161019209772
        mean: 0.00742324953899
        min: 0.00131322268862
        var: 1.26732675199e-05
    beats_loudness_bass:
        dmean: 0.0949657037854
        dmean2: 0.194263041019
        dvar: 0.0102420281619
        dvar2: 0.0274974405766
        max: 0.311501413584
        mean: 0.0735148340464
        min: 0.00695856334642
        var: 0.00864272378385
    bpm: 130.757125854
    bpm_confidence: 0
    first_peak_bpm: 131
    first_peak_spread: 0
    first_peak_weight: 0.533333361149
    onset_rate: 3.99804162979
    second_peak_bpm: 65
    second_peak_spread: 0
    second_peak_weight: 0.40000000596
    beats_position: [0.219913989305, 1.14261782169, 2.06532168388, 2.98802542686, 3.91072916985, 4.83343267441, 5.75613641739, 6.23663330078, 6.69550180435, 7.15436935425, 7.61323833466, 8.07210540771, 8.5309753418, 8.98984241486, 9.44871139526, 9.907579422]
    bpm_estimates: [130.528213501, 130.842910767, 130.876220703, 130.676315308, 130.304138184, 131.358169556, 130.980163574, 130.534576416, 130.713348389]
    bpm_intervals: [0.92270386219, 0.92270386219, 0.922703742981, 0.922703742981, 0.922703504562, 0.922703742981, 0.480496883392, 0.458868503571, 0.458867549896, 0.458868980408, 0.458867073059, 0.458869934082, 0.458867073059, 0.458868980408, 0.458868026733]
    onset_times: [0.0348299331963, 0.208979591727, 0.394739240408, 0.46439909935, 0.661768734455, 1.1261677742, 1.38158726692, 1.6137868166, 1.83437645435, 2.0549659729, 2.53097510338, 2.77478456497, 2.9837641716, 3.23918366432, 3.47138333321, 3.65714287758, 3.90095233917, 4.13315200806, 4.36535167694, 4.65560102463, 4.81814050674, 5.08517026901, 5.30575942993, 5.52634906769, 5.75854873657, 6.21133804321, 6.47836732864, 6.66412687302, 6.93115663528, 7.38394546509, 7.61614513397, 7.84834480286, 8.05732440948, 8.38240337372, 8.52172374725, 8.78875255585, 9.0093421936, 9.21832180023, 9.47374153137, 9.93814086914]
    rubato_start: [6.23663330078]
    rubato_stop: [6.69550180435]
    perceptual_tempo: "unknown"

sfx:
    inharmonicity:
        dmean: 0.0398023836315
        dmean2: 0.0692024305463
        dvar: 0.00357761257328
        dvar2: 0.00940315332264
        max: 0.417689800262
        mean: 0.039407864213
        min: 0
        var: 0.00345671945252
    oddtoevenharmonicenergyratio:
        dmean: 2.31916236877
        dmean2: 4.33840084076
        dvar: 29.2888717651
        dvar2: 86.766960144
        max: 41.6021118164
        mean: 1.4809679985
        min: 0
        var: 17.7262954712
    pitch_after_max_to_before_max_energy_ratio: 20.9020500183
    pitch_centroid: 221.351348877
    pitch_max_to_total: 0.0416666679084
    pitch_min_to_total: 0.025462962687
    tristimulus:
        dmean: [0.204319834709, 0.216701105237, 0.101392552257]
        dmean2: [0.344355016947, 0.367081075907, 0.17485678196]
        dvar: [0.0345386452973, 0.0413595065475, 0.0104720322415]
        dvar2: [0.0912784859538, 0.112310826778, 0.0284753628075]
        max: [1, 0.933689892292, 0.63813751936]
        mean: [0.480635464191, 0.384038150311, 0.0980835780501]
        min: [0.00425697723404, 0, 0]
        var: [0.0641381442547, 0.0604128874838, 0.0123523911461]

tonal:
    chords_changes_rate: 0.0414746552706
    chords_number_rate: 0.0184331797063
    chords_strength:
        dmean: 0.00771383848041
        dmean2: 0.00803965050727
        dvar: 3.7943937059e-05
        dvar2: 4.55793087895e-05
        max: 0.701799511909
        mean: 0.553737699986
        min: 0.423245579004
        var: 0.00520757492632
    key_strength: 0.456553399563
    tuning_diatonic_strength: 0.35704472661
    tuning_equal_tempered_deviation: 0.104785658419
    tuning_frequency: 440.508575439
    tuning_nontempered_energy_ratio: 0.744098186493
    hpcp:
        dmean: [0.0613417103887, 0.0582274757326, 0.10126812011, 0.185957208276, 0.235198304057, 0.189079850912, 0.177457347512, 0.123911492527, 0.0631271228194, 0.0497391968966, 0.0466959401965, 0.0515109375119, 0.0665636286139, 0.087397493422, 0.145804449916, 0.186766371131, 0.13553082943, 0.102490723133, 0.0830323770642, 0.0891357734799, 0.185188293457, 0.217566788197, 0.180216103792, 0.0816391184926, 0.0545404292643, 0.0497211664915, 0.0521512813866, 0.0550320483744, 0.0810916274786, 0.143487259746, 0.163005545735, 0.200792729855, 0.283932358027, 0.254549413919, 0.176622986794, 0.110416449606]
        dmean2: [0.108054839075, 0.102541863918, 0.174726456404, 0.30230140686, 0.411874860525, 0.318957865238, 0.294343948364, 0.206100463867, 0.118098944426, 0.0908877253532, 0.0787244811654, 0.0869150459766, 0.120029136539, 0.154168307781, 0.245433181524, 0.313431710005, 0.234785154462, 0.184371605515, 0.147389039397, 0.15735514462, 0.317873090506, 0.364371627569, 0.290443837643, 0.149672150612, 0.102332651615, 0.0878114774823, 0.0873268768191, 0.0904157683253, 0.139533445239, 0.255433261395, 0.274922698736, 0.348662406206, 0.482281893492, 0.424762099981, 0.311225712299, 0.204074278474]
        dvar: [0.0101814446971, 0.0138904033229, 0.0231443550438, 0.0473686940968, 0.0661864578724, 0.0432926341891, 0.0480600036681, 0.0328214727342, 0.022615108639, 0.0134389456362, 0.0128349233419, 0.02074852027, 0.0250814780593, 0.0212276410311, 0.0349744260311, 0.0592210963368, 0.0399161353707, 0.0375607982278, 0.0251879598945, 0.0190030056983, 0.0372621826828, 0.0569252930582, 0.0347030758858, 0.0135218882933, 0.0115641811863, 0.00960727129132, 0.00384709378704, 0.00409422488883, 0.0225751399994, 0.0618117973208, 0.0605898797512, 0.0422703772783, 0.0595587715507, 0.0509657822549, 0.0477204285562, 0.034575920552]
        dvar2: [0.0281904693693, 0.0403943024576, 0.0659867450595, 0.115286432207, 0.165097251534, 0.118342414498, 0.114877507091, 0.0970596969128, 0.0758385211229, 0.041285213083, 0.0320319868624, 0.0523470416665, 0.0694745332003, 0.0595242641866, 0.0803624093533, 0.139363661408, 0.106160961092, 0.10163038224, 0.0680203959346, 0.0518176369369, 0.100662752986, 0.120979063213, 0.0889035835862, 0.0367338173091, 0.0335507802665, 0.0281755402684, 0.0097566191107, 0.0100940717384, 0.0604169368744, 0.141270026565, 0.141586557031, 0.11371743679, 0.146123811603, 0.122377291322, 0.127409622073, 0.0950556993484]
        max: [0.700710713863, 1, 1, 1, 1, 1, 1, 1, 1, 0.879662036896, 1, 1, 1, 1, 1, 1, 1, 1, 1, 0.788954854012, 1, 1, 1, 1, 0.721060097218, 0.788261830807, 0.401891738176, 0.510371446609, 1, 1, 1, 1, 1, 1, 1, 1]
        mean: [0.0755027979612, 0.0773357376456, 0.121550649405, 0.24400395155, 0.271522879601, 0.24420465529, 0.252303928137, 0.14631614089, 0.056197270751, 0.0527427196503, 0.0538575984538, 0.0536782965064, 0.0700756311417, 0.118081830442, 0.251187205315, 0.285379141569, 0.160616263747, 0.0986757948995, 0.0856093391776, 0.090114466846, 0.290930449963, 0.527253210545, 0.351709336042, 0.0867960974574, 0.0494741946459, 0.0551464296877, 0.0728637054563, 0.0799090266228, 0.0866242572665, 0.143406555057, 0.178057163954, 0.242315605283, 0.44814991951, 0.425803512335, 0.195204436779, 0.100273810327]
        min: [0.000857569044456, 0.000820214976557, 0.000775221793447, 0.000613752636127, 0.00115713826381, 0.00107738294173, 0.00150992092676, 0.00182113831397, 0.000445208628662, 0.000768024066929, 0.00143471045885, 0.000980297685601, 0.000855236838106, 0.00116595183499, 0.00292279035784, 0.0067140776664, 0.00412654178217, 0.000975505041424, 0.00290277739987, 0.000486041040858, 0.000683760910761, 0.00142487115227, 0.00136951555032, 0.00108518416528, 0.000566263857763, 0.000217877692194, 0.00059250369668, 0.000427199382102, 0.00237588654272, 0.00329515105113, 0.000548123964109, 0.00552665954456, 0.0059732333757, 0.00402116356418, 0.0031254850328, 0.000708044914063]
        var: [0.00786223914474, 0.00911558791995, 0.0199992861599, 0.0806647017598, 0.0925256982446, 0.0523815453053, 0.0739312842488, 0.0318759381771, 0.012857963331, 0.00886982772499, 0.00985249876976, 0.0151195209473, 0.0206344276667, 0.0209652949125, 0.0671591237187, 0.0986017659307, 0.0383287370205, 0.0287259444594, 0.0222115200013, 0.0166604965925, 0.0531799159944, 0.139410987496, 0.0768466815352, 0.0112794591114, 0.00716104358435, 0.00628695916384, 0.00496709533036, 0.00570222362876, 0.0175123848021, 0.0578559413552, 0.0670746639371, 0.0504683256149, 0.0979082658887, 0.0914609208703, 0.0465152189136, 0.0244037788361]
    chords_histogram: [0, 0, 0, 0, 0, 0, 0, 0, 0, 16.129032135, 0.921658992767, 0, 0, 0, 0, 0, 17.9723510742, 0, 0, 0, 0, 0, 3.68663597107, 61.2903213501]
    thpcp: [1, 0.667059659958, 0.164619386196, 0.0938338413835, 0.104591928422, 0.138194903731, 0.151557207108, 0.164293467999, 0.271988004446, 0.337707132101, 0.459581077099, 0.849970936775, 0.807588279247, 0.370229005814, 0.19018150866, 0.143200263381, 0.146676659584, 0.230535626411, 0.462783247232, 0.514976263046, 0.463163912296, 0.478525161743, 0.277506411076, 0.106584973633, 0.100033000112, 0.102147504687, 0.101807437837, 0.132906973362, 0.22395658493, 0.476407170296, 0.541256308556, 0.30462834239, 0.187150672078, 0.162368550897, 0.17091307044, 0.551785051823]
    chords_key: "E"
    chords_scale: "major"
    key_key: "G#"
    key_scale: "minor"
    chords_progression: ["Gm", "Gm", "C#m", "C#m", "C#m", "D#", "C#m", "C#m", "C#m", "C#m", "C#m", "E", "E", "E", "E", "E", "E", "E", "E", "E", "E", "E", "E", "E", "E", "E", "E", "E", "E", "E", "E", "E", "E", "E", "E", "E", "E", "E", "E", "E", "E", "E", "E", "E", "E", "E", "E", "E", "E", "E", "E", "E", "E", "E", "E", "E", "E", "E", "E", "E", "E", "E", "E", "E", "E", "E", "E", "E", "E", "E", "E", "E", "E", "E", "E", "E", "E", "E", "E", "E", "E", "E", "E", "E", "E", "E", "E", "E", "E", "E", "E", "E", "E", "E", "E", "E", "E", "E", "E", "E", "Em", "Em", "Em", "E", "Em", "Em", "Em", "Em", "Em", "Em", "Em", "Em", "Em", "Em", "Em", "Em", "Em", "Em", "Em", "Em", "Em", "Em", "Em", "Em", "Em", "Em", "Em", "Em", "Em", "Em", "Em", "Em", "Em", "Em", "Em", "Em", "Em", "Em", "Em", "Em", "D#", "D#", "D#", "D#", "D#", "D#", "D#", "D#", "D#", "D#", "D#", "D#", "D#", "D#", "D#", "D#", "D#", "D#", "D#", "D#", "D#", "D#", "D#", "D#", "D#", "D#", "D#", "D#", "D#", "D#", "D#", "D#", "D#", "D#", "E", "E", "E", "E", "E", "E", "E", "E", "E", "E", "E", "E", "E", "E", "E", "E", "E", "E", "E", "E", "E", "E", "E", "E", "E", "E", "E", "E", "E", "E", "E", "E", "E", "E", "E", "E", "E", "E", "E", "E", "E", "E", "E"]
