
metadata:
    version:
        essentia: "1.2.2"
    audio_properties:
        analysis_sample_rate: 44100
        bitrate: 128
        channels: 2
        equal_loudness: 1
        length: 9.97877597809
        replay_gain: -9.95105934143
        downmix: "mix"
    tags:
        track: 27
        year: 0
        album: "Splitted by Mp3Splt v. 2.1"
        artist: "From 004.20 To 004.30"
        comment: "http://mp3splt.sf.net"
        genre: ""
        title: "01 La Tristesse Durera (Scream"

highlevel:
    ballroom:
        all:
            ChaChaCha: 0.0776022002101
            Jive: 0.66815340519
            Quickstep: 0.0639108419418
            Rumba-American: 0.00239860196598
            Rumba-International: 0.00529481749982
            Rumba-Misc: 0.00303783151321
            Samba: 0.0477732606232
            Tango: 0.0135789392516
            VienneseWaltz: 0.108157627285
            Waltz: 0.0100924698636
        probability: 0.66815340519
        value: "Jive"
    culture:
        all:
            non_western: 0.0662518367171
            western: 0.933748185635
        probability: 0.933748185635
        value: "western"
    gender:
        all:
            female: 0.110900320113
            male: 0.889099657536
        probability: 0.889099657536
        value: "male"
    genre_dortmund:
        all:
            alternative: 0.0691653341055
            blues: 0.0300701111555
            electronic: 0.134010002017
            folkcountry: 0.0300082843751
            funksoulrnb: 0.0731490775943
            jazz: 0.0401862822473
            pop: 0.0330275967717
            raphiphop: 0.0221570208669
            rock: 0.568226277828
        probability: 0.568226277828
        value: "rock"
    genre_electronica:
        all:
            ambient: 0.238080248237
            dnb: 0.435414969921
            house: 0.00560936983675
            techno: 0.0531570240855
            trance: 0.267738372087
        probability: 0.435414969921
        value: "dnb"
    genre_rosamerica:
        all:
            cla: 0.051956769079
            dan: 0.0123431533575
            hip: 0.0212086103857
            jaz: 0.0103716664016
            pop: 0.0174723863602
            rhy: 0.00527652446181
            roc: 0.878987312317
            spe: 0.00238358508795
        probability: 0.878987312317
        value: "roc"
    genre_tzanetakis:
        all:
            blu: 0.0161823797971
            cla: 0.0231633950025
            cou: 0.211769148707
            dis: 0.0332695879042
            hip: 0.0222099758685
            jaz: 0.084359139204
            met: 0.160078585148
            pop: 0.0217229649425
            reg: 0.00923126842827
            roc: 0.418013542891
        probability: 0.418013542891
        value: "roc"
    live_studio:
        all:
            live: 0.098150908947
            studio: 0.901849091053
        probability: 0.901849091053
        value: "studio"
    mood:
        all:
            Cluster1: 0.216993093491
            Cluster2: 0.099684715271
            Cluster3: 0.0057275723666
            Cluster4: 0.0732523724437
            Cluster5: 0.604342222214
        probability: 0.604342222214
        value: "Cluster5"
    mood_acoustic:
        all:
            acoustic: 0.0238547306508
            not_acoustic: 0.976145267487
        probability: 0.976145267487
        value: "not_acoustic"
    mood_aggressive:
        all:
            aggressive: 0.993291020393
            not_aggressive: 0.0067089847289
        probability: 0.993291020393
        value: "aggressive"
    mood_electronic:
        all:
            electronic: 0.359186798334
            not_electronic: 0.640813231468
        probability: 0.640813231468
        value: "not_electronic"
    mood_happy:
        all:
            happy: 0.312756687403
            not_happy: 0.6872433424
        probability: 0.6872433424
        value: "not_happy"
    mood_party:
        all:
            not_party: 0.318791389465
            party: 0.681208610535
        probability: 0.681208610535
        value: "party"
    mood_relaxed:
        all:
            not_relaxed: 0.926862776279
            relaxed: 0.0731372013688
        probability: 0.926862776279
        value: "not_relaxed"
    mood_sad:
        all:
            not_sad: 0.98914963007
            sad: 0.0108503419906
        probability: 0.98914963007
        value: "not_sad"
    rhythm:
        all:
            fast: 0.905023157597
            medium: 0.0741141736507
            slow: 0.0208626501262
        probability: 0.905023157597
        value: "fast"
    speech_music:
        all:
            music: 0.999707996845
            speech: 0.000292027310934
        probability: 0.999707996845
        value: "music"
    timbre:
        all:
            bright: 0.180448204279
            dark: 0.819551765919
        probability: 0.819551765919
        value: "dark"
    voice_instrumental:
        all:
            instrumental: 0.554904937744
            voice: 0.445095032454
        probability: 0.554904937744
        value: "instrumental"

lowlevel:
    average_loudness: 0.959394216537
    barkbands_kurtosis:
        dmean: 0.438650071621
        dmean2: 0.715576827526
        dvar: 0.340193390846
        dvar2: 0.814700841904
        max: 3.4542889595
        mean: -0.828650951385
        min: -1.65986537933
        var: 0.528260350227
    barkbands_skewness:
        dmean: 0.321405857801
        dmean2: 0.505096852779
        dvar: 0.0912638455629
        dvar2: 0.211934119463
        max: 0.795412421227
        mean: -0.461697697639
        min: -2.06591677666
        var: 0.290429145098
    barkbands_spread:
        dmean: 2.69445848465
        dmean2: 4.07518339157
        dvar: 5.11390113831
        dvar2: 11.5353345871
        max: 41.2140960693
        mean: 26.0777435303
        min: 12.4738836288
        var: 20.6499061584
    dissonance:
        dmean: 0.0137061765417
        dmean2: 0.023598568514
        dvar: 0.000156944035552
        dvar2: 0.000356719188858
        max: 0.499933212996
        mean: 0.475078850985
        min: 0.338507801294
        var: 0.000234579099924
    hfc:
        dmean: 2.95316004753
        dmean2: 4.45153665543
        dvar: 11.0888957977
        dvar2: 25.2014846802
        max: 31.386177063
        mean: 11.9460191727
        min: 0.0488099418581
        var: 57.6677703857
    pitch:
        dmean: 783.19342041
        dmean2: 1516.27172852
        dvar: 1398996.625
        dvar2: 2828383.5
        max: 4009.09082031
        mean: 1213.58251953
        min: 96.0784301758
        var: 1893181.625
    pitch_instantaneous_confidence:
        dmean: 0.0843390077353
        dmean2: 0.13283982873
        dvar: 0.00492356950417
        dvar2: 0.0119891678914
        max: 0.761514544487
        mean: 0.433087259531
        min: 0.195150971413
        var: 0.0129740135744
    pitch_salience:
        dmean: 0.0552071295679
        dmean2: 0.0934213399887
        dvar: 0.00176501192618
        dvar2: 0.00456529343501
        max: 0.813838005066
        mean: 0.663220286369
        min: 0.468889087439
        var: 0.00374664762057
    silence_rate_20dB:
        dmean: 0
        dmean2: 0
        dvar: 0
        dvar2: 0
        max: 1
        mean: 1
        min: 1
        var: 0
    silence_rate_30dB:
        dmean: 0
        dmean2: 0
        dvar: 0
        dvar2: 0
        max: 1
        mean: 1
        min: 1
        var: 0
    silence_rate_60dB:
        dmean: 0.15581394732
        dmean2: 0.312354326248
        dvar: 0.131535276771
        dvar2: 0.228774935007
        max: 1
        mean: 0.294663578272
        min: 0
        var: 0.207838773727
    spectral_centroid:
        dmean: 192.191040039
        dmean2: 306.191253662
        dvar: 28901.5449219
        dvar2: 63937.4335938
        max: 3075.30541992
        mean: 2033.50976562
        min: 1052.44030762
        var: 207771.671875
    spectral_complexity:
        dmean: 3.83449888229
        dmean2: 5.98831796646
        dvar: 10.222026825
        dvar2: 22.1610717773
        max: 43
        mean: 19.0046520233
        min: 0
        var: 75.4836578369
    spectral_crest:
        dmean: 1.68659102917
        dmean2: 2.76136684418
        dvar: 1.90142261982
        dvar2: 5.1042547226
        max: 12.1984977722
        mean: 6.58625793457
        min: 2.89427375793
        var: 3.1960542202
    spectral_decrease:
        dmean: 2.32760477559e-10
        dmean2: 3.58373608567e-10
        dvar: 6.79290347928e-20
        dvar2: 1.56321781232e-19
        max: -5.42385884469e-12
        mean: -1.14074349966e-09
        min: -2.34938490884e-09
        var: 2.56963967482e-19
    spectral_energy:
        dmean: 0.00112681160681
        dmean2: 0.00172103638761
        dvar: 1.62315097896e-06
        dvar2: 3.72312524632e-06
        max: 0.0114860152826
        mean: 0.00538896722719
        min: 2.48980886681e-05
        var: 6.67827089273e-06
    spectral_energyband_high:
        dmean: 0.000113093679829
        dmean2: 0.000193022598978
        dvar: 3.77005555663e-08
        dvar2: 1.20734398479e-07
        max: 0.00294813117944
        mean: 0.000401819386752
        min: 1.27036184949e-06
        var: 1.79987949878e-07
    spectral_energyband_low:
        dmean: 3.55437041435e-05
        dmean2: 5.08511366206e-05
        dvar: 5.2361506242e-09
        dvar2: 9.4641050552e-09
        max: 0.00118005787954
        mean: 9.80032928055e-05
        min: 2.50567438798e-07
        var: 1.66301319382e-08
    spectral_energyband_middle_high:
        dmean: 0.000965421029832
        dmean2: 0.00146559940185
        dvar: 1.22151300275e-06
        dvar2: 2.80554399978e-06
        max: 0.00966075900942
        mean: 0.00346189877018
        min: 1.81538161996e-05
        var: 4.35098127127e-06
    spectral_energyband_middle_low:
        dmean: 0.000371390255168
        dmean2: 0.000607882568147
        dvar: 1.16958474905e-07
        dvar2: 2.94093837283e-07
        max: 0.00401016930118
        mean: 0.00142716267146
        min: 5.22305663253e-06
        var: 2.88132724791e-07
    spectral_flatness_db:
        dmean: 0.0116577940062
        dmean2: 0.0188755113631
        dvar: 8.81429587025e-05
        dvar2: 0.000218072556891
        max: 0.218106642365
        mean: 0.151563838124
        min: 0.09594874084
        var: 0.000655870651826
    spectral_flux:
        dmean: 0.00763620855287
        dmean2: 0.0123693728819
        dvar: 6.8357490818e-05
        dvar2: 0.000156272901222
        max: 0.0889878794551
        mean: 0.0452730879188
        min: 0.00498979864642
        var: 0.00015136989532
    spectral_kurtosis:
        dmean: 0.965065956116
        dmean2: 1.62385165691
        dvar: 1.01549768448
        dvar2: 2.2334959507
        max: 18.3084411621
        mean: 3.95671010017
        min: 1.43964719772
        var: 1.81677865982
    spectral_rms:
        dmean: 0.00024508376373
        dmean2: 0.000371652276954
        dvar: 7.56571267857e-08
        dvar2: 1.6438924888e-07
        max: 0.00334751675837
        mean: 0.00222203903832
        min: 0.000155855115736
        var: 3.20069233339e-07
    spectral_rolloff:
        dmean: 156.454528809
        dmean2: 260.66229248
        dvar: 28862.3964844
        dvar2: 72704.5234375
        max: 4586.57226562
        mean: 3365.68920898
        min: 2411.71875
        var: 186481.828125
    spectral_skewness:
        dmean: 0.128131985664
        dmean2: 0.21663145721
        dvar: 0.0168809555471
        dvar2: 0.0341174192727
        max: 2.90592765808
        mean: 1.3522837162
        min: 0.802394926548
        var: 0.0773954093456
    spectral_spread:
        dmean: 274232.375
        dmean2: 430103.28125
        dvar: 74212818944
        dvar2: 170481860608
        max: 6007732.5
        mean: 4002934.75
        min: 2738124.25
        var: 577268154368
    spectral_strongpeak:
        dmean: 0.932960927486
        dmean2: 1.56088984013
        dvar: 1.75750589371
        dvar2: 4.41446208954
        max: 9.50665569305
        mean: 1.33465158939
        min: 0.040114954114
        var: 2.47799015045
    zerocrossingrate:
        dmean: 0.00679154833779
        dmean2: 0.00831447169185
        dvar: 3.70940833818e-05
        dvar2: 5.15305473527e-05
        max: 0.15185546875
        mean: 0.103533796966
        min: 0.0439453125
        var: 0.000497892964631
    barkbands:
        dmean: [2.00903642167e-07, 1.94101539819e-05, 2.17515444092e-05, 1.78433456313e-05, 8.09652265161e-05, 8.019105735e-05, 0.000167620935827, 0.000165445788298, 0.000206047785468, 0.000105722392618, 2.70535201707e-05, 4.95921012771e-05, 6.15348035353e-05, 8.3849314251e-05, 9.25424101297e-05, 0.000129870386445, 0.000323748972733, 0.000317528523738, 0.000445341662271, 0.000142988414154, 7.18532101018e-05, 1.86681882042e-05, 2.85387955046e-06, 8.71459974405e-07, 4.05256827207e-07, 2.18080060677e-08, 2.81267620306e-10]
        dmean2: [2.90560308258e-07, 2.66002680291e-05, 3.39722610079e-05, 2.91327050945e-05, 0.000115260205348, 0.000125389386085, 0.000283400178887, 0.000240734298131, 0.000341059407219, 0.000155270390678, 4.55901827081e-05, 8.05258823675e-05, 9.42275291891e-05, 0.000128985760966, 0.000147524493514, 0.000226225325605, 0.000517845968716, 0.000505851756316, 0.000667603278998, 0.000225081719691, 0.000119147523947, 3.10602190439e-05, 4.64588765681e-06, 1.45927413087e-06, 6.46869978027e-07, 3.58941534273e-08, 4.87465290355e-10]
        dvar: [2.43073085531e-13, 3.7535841102e-09, 2.08501282906e-09, 8.02541144651e-10, 9.0980103451e-09, 7.6006232419e-09, 3.55370737282e-08, 4.07149727266e-08, 5.70497675767e-08, 2.36374866347e-08, 1.12797182705e-09, 3.72236508284e-09, 1.33745725606e-08, 9.35615673825e-09, 1.14668621265e-08, 1.99922123301e-08, 1.84124004932e-07, 2.022030543e-07, 2.91221113002e-07, 3.76512900857e-08, 1.44208636144e-08, 1.18182807984e-09, 3.81816522843e-11, 2.4924287894e-12, 6.21680712552e-13, 1.68012193225e-15, 5.79512552493e-19]
        dvar2: [5.66755626805e-13, 6.9930279345e-09, 5.19208231964e-09, 2.04666750214e-09, 1.4573478424e-08, 1.93973264118e-08, 1.03071521096e-07, 9.53605336917e-08, 1.37879936801e-07, 4.42381953292e-08, 2.7582516271e-09, 7.89071563645e-09, 3.25530820078e-08, 2.33572929886e-08, 2.84416561414e-08, 5.30132204801e-08, 4.35405269172e-07, 4.74558191854e-07, 6.46520788905e-07, 1.06664707289e-07, 4.44311147874e-08, 3.70860053778e-09, 9.15096193266e-11, 7.16105300058e-12, 1.55449156151e-12, 4.42449946987e-15, 7.94423329718e-19]
        max: [1.31365959533e-05, 0.00107464240864, 0.000643035920803, 0.000287650036626, 0.000973998277914, 0.000665027298965, 0.00172756332904, 0.00211578421295, 0.00224880105816, 0.00163109460846, 0.000332110386807, 0.000516307773069, 0.00147706631105, 0.000837209168822, 0.00121408328414, 0.00161110667977, 0.00425135809928, 0.00371451955289, 0.0046307053417, 0.00229700747877, 0.00161200552247, 0.000489185738843, 0.000131620443426, 3.09309107251e-05, 1.58069397003e-05, 3.28811779582e-07, 1.47363428127e-08]
        mean: [1.98091697712e-06, 5.58206556889e-05, 4.02889636462e-05, 3.13803866447e-05, 0.000180184360943, 0.000152655105921, 0.000300365587464, 0.000286508497084, 0.000439772033133, 0.000183742275112, 4.11239161622e-05, 9.27638320718e-05, 0.000104722363176, 0.000145736150444, 0.000194442371139, 0.000285784975858, 0.000510862737428, 0.000651387788821, 0.00104248931166, 0.000384193495847, 0.000193326108274, 5.58957763133e-05, 9.57107022259e-06, 2.81593565887e-06, 1.11591134555e-06, 4.14246628111e-08, 2.57752624799e-10]
        min: [5.49044594511e-11, 1.03122019368e-07, 1.02016954884e-07, 2.09440180754e-08, 4.99020558209e-08, 6.64586195853e-07, 1.19259902931e-06, 2.49107301897e-06, 7.47974070237e-07, 3.34470968255e-07, 4.6334825754e-08, 1.03365017878e-07, 5.24430447513e-07, 5.20573621543e-06, 3.50665641236e-06, 1.00286547422e-06, 1.6882440832e-06, 4.42578675575e-06, 9.08254946808e-07, 5.46630190001e-07, 5.35599610885e-07, 2.33228860225e-07, 9.61768833463e-08, 3.40640760044e-08, 1.05640562964e-08, 9.20248377501e-10, 1.06979725913e-13]
        var: [1.49741018196e-11, 1.0992846633e-08, 2.77196265941e-09, 1.17788256926e-09, 2.5322446362e-08, 1.79085262175e-08, 7.3009573498e-08, 1.11795046109e-07, 1.45709009303e-07, 7.94030512452e-08, 2.28308860706e-09, 9.77653158429e-09, 1.93541271898e-08, 1.67725477951e-08, 2.15723154895e-08, 4.41379697236e-08, 2.31417629948e-07, 3.44174623024e-07, 9.47974967858e-07, 1.47686108676e-07, 3.99538393481e-08, 4.57308013679e-09, 2.97471797195e-10, 1.42307294421e-11, 2.24273052386e-12, 2.52970286049e-15, 5.74826212432e-19]
    mfcc:
        mean: [-689.706970215, 96.8596038818, -67.6034469604, 49.5838432312, -20.5898990631, -15.0167913437, -12.8556613922, -5.42216348648, 1.20636928082, 3.72985720634, 5.52458429337, -2.56410717964, -5.56988048553]
        cov: [[797.037719727, -244.035324097, -130.864212036, 107.647018433, -167.826446533, -44.3828353882, 92.6821975708, 76.9454498291, 16.1120300293, -49.9659805298, -19.5812187195, -39.3391342163, 9.05224609375], [-244.035324097, 254.547470093, 24.9998722076, -3.72513604164, 78.0372772217, 41.9820976257, 10.3192110062, -27.2445278168, -8.21205329895, -18.5884304047, -7.90926504135, 13.8026695251, 15.0314331055], [-130.864212036, 24.9998722076, 325.157073975, -78.0818786621, 187.603668213, 89.3319854736, -45.8291358948, -25.9851264954, -19.9460449219, 68.3496704102, 6.63250923157, 63.0500831604, 22.8649501801], [107.647018433, -3.72513604164, -78.0818786621, 152.477401733, -56.3146400452, -29.604057312, 35.5853996277, 16.2605686188, 37.8200111389, -6.14976501465, 19.669462204, -34.4284172058, -4.34722137451], [-167.826446533, 78.0372772217, 187.603668213, -56.3146400452, 209.660369873, 67.8731460571, -46.9290351868, -23.2689342499, -15.661157608, 36.7107429504, 0.882329642773, 60.5014419556, 14.5658569336], [-44.3828353882, 41.9820976257, 89.3319854736, -29.604057312, 67.8731460571, 107.122085571, 36.312625885, -2.95235276222, 1.83304357529, 16.8880119324, 3.2154147625, 35.2552337646, 29.4886455536], [92.6821975708, 10.3192110062, -45.8291358948, 35.5853996277, -46.9290351868, 36.312625885, 93.8140335083, 37.3247871399, 15.364118576, -17.2097167969, -2.47841358185, -6.65376329422, 23.05534935], [76.9454498291, -27.2445278168, -25.9851264954, 16.2605686188, -23.2689342499, -2.95235276222, 37.3247871399, 63.7044258118, 43.6362075806, 5.93639993668, -2.69875121117, -16.2146892548, -1.1397241354], [16.1120300293, -8.21205329895, -19.9460449219, 37.8200111389, -15.661157608, 1.83304357529, 15.364118576, 43.6362075806, 94.6961746216, 46.3777389526, 13.3094520569, -28.2609233856, -19.2173519135], [-49.9659805298, -18.5884304047, 68.3496704102, -6.14976501465, 36.7107429504, 16.8880119324, -17.2097167969, 5.93639993668, 46.3777389526, 94.3510131836, 41.5390663147, -0.196933731437, -17.6317558289], [-19.5812187195, -7.90926504135, 6.63250923157, 19.669462204, 0.882329642773, 3.2154147625, -2.47841358185, -2.69875121117, 13.3094520569, 41.5390663147, 66.8850326538, 30.1783561707, -2.03111338615], [-39.3391342163, 13.8026695251, 63.0500831604, -34.4284172058, 60.5014419556, 35.2552337646, -6.65376329422, -16.2146892548, -28.2609233856, -0.196933731437, 30.1783561707, 94.2239456177, 42.97473526], [9.05224609375, 15.0314331055, 22.8649501801, -4.34722137451, 14.5658569336, 29.4886455536, 23.05534935, -1.1397241354, -19.2173519135, -17.6317558289, -2.03111338615, 42.97473526, 62.8083343506]]
        icov: [[0.00263006333262, 0.00239139585756, -0.000147437589476, -0.00166031543631, 0.000553490128368, 2.63761521637e-05, -0.00167917762883, -0.00131865183357, 0.000729476800188, 0.000543642090634, 0.00137498253025, -0.000911897805054, 0.000483309588162], [0.00239139585756, 0.00829748436809, 0.000676151714288, -6.96981805959e-06, -0.00459863897413, 0.00100796588231, -0.00575375277549, 0.00505439424887, -0.00334199378267, 0.00494249723852, -0.00198644632474, 0.00257846480235, -0.00124360900372], [-0.000147437589476, 0.000676151714288, 0.00912168435752, -0.000502547714859, -0.00469895312563, -0.00451978947967, 0.00316177448258, -0.00188804406207, 0.00428157532588, -0.00724741024897, 0.00375146628357, -0.00119789352175, -0.00126267608721], [-0.00166031543631, -6.96981805959e-06, -0.000502547714859, 0.0147557128221, -0.00487238401547, 0.0073645724915, -0.00819143373519, 0.00958448275924, -0.0102758416906, 0.00869834888726, -0.0131778586656, 0.0103248432279, -0.00589459668845], [0.000553490128368, -0.00459863897413, -0.00469895312563, -0.00487238401547, 0.0187033656985, -0.00873740110546, 0.0120089305565, -0.00965749379247, 0.00587629713118, -0.00672581605613, 0.00999665446579, -0.0112500553951, 0.00550614530221], [2.63761521637e-05, 0.00100796588231, -0.00451978947967, 0.0073645724915, -0.00873740110546, 0.0297541096807, -0.0243396013975, 0.0162235442549, -0.0107318740338, 0.00240732496604, -0.00293012987822, 0.000658969976939, -0.00395784061402], [-0.00167917762883, -0.00575375277549, 0.00316177448258, -0.00819143373519, 0.0120089305565, -0.0243396013975, 0.0420491881669, -0.0263052228838, 0.0119081903249, -0.00349834514782, 0.00219964399002, -0.000223688417464, -0.00448334868997], [-0.00131865183357, 0.00505439424887, -0.00188804406207, 0.00958448275924, -0.00965749379247, 0.0162235442549, -0.0263052228838, 0.0468335524201, -0.0259716026485, 0.0100825922564, -0.00589168583974, 0.00560477236286, -0.00368185644038], [0.000729476800188, -0.00334199378267, 0.00428157532588, -0.0102758416906, 0.00587629713118, -0.0107318740338, 0.0119081903249, -0.0259716026485, 0.0351476445794, -0.021731166169, 0.0110827153549, -0.00479728681967, 0.00555257126689], [0.000543642090634, 0.00494249723852, -0.00724741024897, 0.00869834888726, -0.00672581605613, 0.00240732496604, -0.00349834514782, 0.0100825922564, -0.021731166169, 0.0421049930155, -0.0307950042188, 0.0177315808833, -0.00408149370924], [0.00137498253025, -0.00198644632474, 0.00375146628357, -0.0131778586656, 0.00999665446579, -0.00293012987822, 0.00219964399002, -0.00589168583974, 0.0110827153549, -0.0307950042188, 0.0503191463649, -0.0321027748287, 0.0144811682403], [-0.000911897805054, 0.00257846480235, -0.00119789352175, 0.0103248432279, -0.0112500553951, 0.000658969976939, -0.000223688417464, 0.00560477236286, -0.00479728681967, 0.0177315808833, -0.0321027748287, 0.0416776537895, -0.0228965189308], [0.000483309588162, -0.00124360900372, -0.00126267608721, -0.00589459668845, 0.00550614530221, -0.00395784061402, -0.00448334868997, -0.00368185644038, 0.00555257126689, -0.00408149370924, 0.0144811682403, -0.0228965189308, 0.0350489988923]]
    spectral_contrast:
        mean: [5.57433395443e-07, -4.84712245452e-07, 5.34882396153e-08, 1.03597720624e-07, 2.31487806701e-08, 3.40491538964e-07, 2.22782750825e-06, 2.97482620226e-06, 9.74882482296e-07, 2.26913499546e-07, 7.74444515628e-07, -4.62972138848e-06]
        var: [0.000321400468238, 0.000479614041978, 0.000906713190489, 0.00212154188193, 0.00286190863699, 0.00316228810698, 0.0480276457965, 0.0735516473651, 0.107196696103, 0.136113807559, 0.382060915232, 0.562519967556]

rhythm:
    beats_loudness:
        dmean: 0.00153596326709
        dmean2: 0.00262684002519
        dvar: 2.3147133561e-06
        dvar2: 6.39178870188e-06
        max: 0.0100110685453
        mean: 0.00549359992146
        min: 0.00266785197891
        var: 4.29031706517e-06
    beats_loudness_bass:
        dmean: 0.0220849737525
        dmean2: 0.0274364408106
        dvar: 0.00132748857141
        dvar2: 0.000826755247544
        max: 0.229424595833
        mean: 0.0293698683381
        min: 0.000874204037245
        var: 0.00221888907254
    bpm: 130.992111206
    bpm_confidence: 0
    first_peak_bpm: 131
    first_peak_spread: 0
    first_peak_weight: 0.949999988079
    onset_rate: 4.00850772858
    second_peak_bpm: 91
    second_peak_spread: 0
    second_peak_weight: 0.0500000007451
    beats_position: [0.314095407724, 0.772115767002, 1.23013615608, 1.68815648556, 2.14617705345, 2.60419750214, 3.06221795082, 3.52023839951, 3.97825884819, 4.43627929688, 4.89429998398, 5.35232019424, 5.81034088135, 6.46820783615, 6.92628669739, 7.3843665123, 7.84244537354, 8.30052471161, 8.75860404968, 9.21668338776, 9.67476272583]
    bpm_estimates: [131.046279907, 130.730941772, 130.854095459, 131.003433228, 131.011978149, 131.346084595, 130.864929199, 131.042510986, 131.301345825, 130.719482422]
    bpm_intervals: [0.458020359278, 0.45802038908, 0.458020329475, 0.458020567894, 0.458020448685, 0.458020448685, 0.458020448685, 0.458020448685, 0.458020448685, 0.458020687103, 0.458020210266, 0.458020687103, 0.657866954803, 0.458078861237, 0.458079814911, 0.458078861237, 0.458079338074, 0.458079338074, 0.458079338074, 0.458079338074]
    onset_times: [0.0464399084449, 0.150929704309, 0.31346938014, 0.46439909935, 0.615328788757, 0.777868509293, 0.917188227177, 1.23065757751, 1.38158726692, 1.53251695633, 1.83437645435, 1.99691605568, 2.14784574509, 2.29877543449, 2.4497051239, 2.60063481331, 2.76317453384, 2.91410422325, 3.06503391266, 3.22757363319, 3.3785033226, 3.52943301201, 3.66875290871, 3.83129262924, 3.98222231865, 4.13315200806, 4.29569149017, 4.446621418, 4.59755086899, 4.74848079681, 4.8994102478, 5.06195020676, 5.21287965775, 5.99074840546, 6.57124710083, 7.4884352684, 7.98766422272, 8.44045352936, 9.5666217804, 9.92653083801]
    rubato_start: []
    rubato_stop: []
    perceptual_tempo: "unknown"

sfx:
    inharmonicity:
        dmean: 0.0684427991509
        dmean2: 0.122094534338
        dvar: 0.00416747434065
        dvar2: 0.0118128573522
        max: 0.37498575449
        mean: 0.0780324414372
        min: 0.000536877545528
        var: 0.00514745945111
    oddtoevenharmonicenergyratio:
        dmean: 5.18348503113
        dmean2: 9.49817943573
        dvar: 856.580566406
        dvar2: 2359.82421875
        max: 456.06930542
        mean: 3.46039152145
        min: 0.00205982336774
        var: 539.531433105
    pitch_after_max_to_before_max_energy_ratio: 2.78935098648
    pitch_centroid: 248.49861145
    pitch_max_to_total: 0.537209331989
    pitch_min_to_total: 0.481395334005
    tristimulus:
        dmean: [0.170144572854, 0.259678721428, 0.1547318995]
        dmean2: [0.299626529217, 0.447288900614, 0.278253763914]
        dvar: [0.0260751936585, 0.0419234782457, 0.0206529051065]
        dvar2: [0.0752530321479, 0.115760661662, 0.0555172488093]
        max: [0.810472369194, 0.995343744755, 0.716149628162]
        mean: [0.275862157345, 0.494229882956, 0.163153171539]
        min: [0.00433410843834, 0, 0]
        var: [0.0389441326261, 0.0620244927704, 0.0232557654381]

tonal:
    chords_changes_rate: 0.0787037014961
    chords_number_rate: 0.0277777779847
    chords_strength:
        dmean: 0.00817794725299
        dmean2: 0.00971920136362
        dvar: 4.34509165643e-05
        dvar2: 7.3104580224e-05
        max: 0.594290018082
        mean: 0.377454161644
        min: 0.286886960268
        var: 0.00532595906407
    key_strength: 0.467164158821
    tuning_diatonic_strength: 0.511511027813
    tuning_equal_tempered_deviation: 0.175464570522
    tuning_frequency: 445.627075195
    tuning_nontempered_energy_ratio: 0.82141494751
    hpcp:
        dmean: [0.264337092638, 0.151896238327, 0.115434199572, 0.128648817539, 0.145198792219, 0.149774819613, 0.147825926542, 0.141532748938, 0.130232438445, 0.119768328965, 0.11966843158, 0.115076176822, 0.107507668436, 0.130554780364, 0.187304243445, 0.214396119118, 0.205535441637, 0.208926767111, 0.197911143303, 0.201789200306, 0.184820488095, 0.215469747782, 0.232746317983, 0.240341439843, 0.234339848161, 0.151262953877, 0.0923712477088, 0.0911767035723, 0.138743057847, 0.220519095659, 0.259698212147, 0.204722672701, 0.204760119319, 0.237660601735, 0.181979581714, 0.23022352159]
        dmean2: [0.45768776536, 0.260539650917, 0.199354976416, 0.229616045952, 0.252723991871, 0.266254663467, 0.269864827394, 0.255080968142, 0.23006054759, 0.213722467422, 0.224560439587, 0.213397860527, 0.190708711743, 0.229510262609, 0.317722916603, 0.350336581469, 0.357178598642, 0.367154598236, 0.345999270678, 0.359056055546, 0.323336452246, 0.35714635253, 0.380964964628, 0.399045467377, 0.381071716547, 0.246750235558, 0.159402698278, 0.156774803996, 0.235897034407, 0.369964927435, 0.458283901215, 0.358320146799, 0.340525627136, 0.413883805275, 0.308613866568, 0.384322345257]
        dvar: [0.0539835058153, 0.0192732829601, 0.0115383733064, 0.0292936675251, 0.0240170359612, 0.0232562944293, 0.023464275524, 0.0315903387964, 0.0238884743303, 0.0169159714133, 0.0340907424688, 0.0384484007955, 0.0220744553953, 0.0254476238042, 0.0401768386364, 0.0355325005949, 0.0482024177909, 0.0514047406614, 0.034411560744, 0.052671995014, 0.0490912683308, 0.0486589707434, 0.0412370637059, 0.0421943292022, 0.039405349642, 0.0182881895453, 0.01003010571, 0.00897457357496, 0.0179406236857, 0.0341186821461, 0.0463960282505, 0.0371634662151, 0.0369970984757, 0.0588580816984, 0.0301577374339, 0.0422715172172]
        dvar2: [0.148040682077, 0.0563308782876, 0.0335188619792, 0.0880818516016, 0.0704858079553, 0.0628397390246, 0.0611994676292, 0.0871141403913, 0.0657872781157, 0.0485095269978, 0.0983953177929, 0.112111464143, 0.0622831992805, 0.0684497058392, 0.109123826027, 0.0878964439034, 0.136353373528, 0.151880994439, 0.0975407809019, 0.139783188701, 0.122587576509, 0.117864206433, 0.102387420833, 0.0796293988824, 0.0900044068694, 0.0474850609899, 0.026575891301, 0.0240230485797, 0.0469958148897, 0.0819546505809, 0.106682829559, 0.0926728323102, 0.0882827043533, 0.164697811007, 0.0756823122501, 0.1154871732]
        max: [1, 0.84046882391, 0.633961975574, 1, 1, 1, 1, 1, 1, 0.887426614761, 1, 1, 0.882031142712, 0.907388746738, 1, 1, 1, 1, 0.937745928764, 1, 1, 1, 1, 1, 1, 0.913975179195, 0.705585539341, 0.617302715778, 0.883608698845, 1, 1, 1, 1, 1, 1, 1]
        mean: [0.499771803617, 0.294374853373, 0.173058226705, 0.183284372091, 0.202909603715, 0.269299000502, 0.262097001076, 0.194547727704, 0.186350896955, 0.180073231459, 0.165773659945, 0.146442398429, 0.150493279099, 0.196479424834, 0.297262400389, 0.352914065123, 0.303460538387, 0.262645095587, 0.240676686168, 0.236226975918, 0.245942056179, 0.269266784191, 0.369218677282, 0.496532976627, 0.418968945742, 0.215609610081, 0.136925533414, 0.136251404881, 0.231616005301, 0.475703626871, 0.541533708572, 0.376046895981, 0.305729329586, 0.309773772955, 0.29455730319, 0.430873274803]
        min: [0.0498445443809, 0.0303628277034, 0.0217412021011, 0.023496164009, 0.0243381690234, 0.0381086952984, 0.0437561795115, 0.0280055887997, 0.0174888856709, 0.0264956187457, 0.0184999834746, 0.0140621075407, 0.0179956331849, 0.0241272505373, 0.0253918413073, 0.0336396172643, 0.0504418164492, 0.014428040944, 0.0178488027304, 0.012128691189, 0.0150535134599, 0.0114776482806, 0.00837960559875, 0.0541371107101, 0.0504641756415, 0.0174341537058, 0.0118261696771, 0.0177271496505, 0.013080181554, 0.0344552621245, 0.0502733625472, 0.0611184686422, 0.0161053985357, 0.0255697164685, 0.0328559651971, 0.0394443683326]
        var: [0.11029176414, 0.0388557687402, 0.0137991895899, 0.0232124552131, 0.0249772351235, 0.0335026569664, 0.0312945730984, 0.0275276619941, 0.0218728873879, 0.0201729852706, 0.0247701499611, 0.0249642301351, 0.0193761680275, 0.0267619993538, 0.0512206032872, 0.0600609704852, 0.0478661581874, 0.0550200901926, 0.0382540524006, 0.0487864427269, 0.0484596416354, 0.0601464696229, 0.0630679056048, 0.0872494354844, 0.0771023780107, 0.0267901215702, 0.011398053728, 0.0107018128037, 0.0252275448292, 0.0604560151696, 0.0775834098458, 0.061987798661, 0.0550246685743, 0.0638428479433, 0.0441246256232, 0.0722308903933]
    chords_histogram: [1.85185182095, 0, 0, 4.16666650772, 22.6851844788, 36.5740737915, 6.94444465637, 0, 27.3148155212, 0, 0, 0, 0, 0, 0, 0, 0, 0, 0, 0, 0, 0, 0.462962955236, 0]
    thpcp: [1, 0.694410860538, 0.564561963081, 0.572030425072, 0.543931603432, 0.795653641224, 0.922882139683, 0.543594717979, 0.319570541382, 0.338454216719, 0.374694317579, 0.497289448977, 0.483990192413, 0.359253227711, 0.344116896391, 0.332524508238, 0.306118816137, 0.270421564579, 0.277901947498, 0.36282029748, 0.548926889896, 0.651693642139, 0.560372412205, 0.485002309084, 0.444435268641, 0.43621841073, 0.454158365726, 0.497229963541, 0.681801855564, 0.916901350021, 0.773671030998, 0.398146241903, 0.252847671509, 0.251602828503, 0.427703768015, 0.878437697887]
    chords_key: "G"
    chords_scale: "major"
    key_key: "D"
    key_scale: "minor"
    chords_progression: ["G", "G", "G", "G", "G", "G", "G", "G", "G", "G", "G", "G", "G", "G", "G", "G", "G", "G", "G", "G", "G", "G", "G", "G", "G", "G", "G", "G", "G", "G", "G", "G", "G", "G", "G", "G", "G", "G", "G", "G", "G", "G", "G", "Em", "Em", "Em", "Em", "Em", "Em", "Em", "Em", "Em", "Em", "Em", "Em", "Em", "Em", "Em", "Em", "Em", "Em", "Em", "Em", "Em", "Em", "Em", "Em", "Em", "Em", "Em", "Em", "Em", "Em", "Em", "Em", "Em", "Em", "Em", "Em", "Em", "Em", "Em", "Em", "Em", "Em", "G", "G", "G", "Bm", "Bm", "Bm", "Bm", "Bm", "Bm", "Bm", "Bm", "Bm", "Bm", "Bm", "Bm", "Bm", "Bm", "Bm", "C", "C", "C", "C", "C", "C", "C", "C", "C", "G", "G", "G", "G", "G", "G", "G", "G", "G", "G", "G", "G", "G", "G", "G", "G", "G", "G", "G", "G", "G", "G", "G", "G", "G", "G", "G", "G", "G", "G", "Em", "Em", "Em", "G", "G", "Em", "Em", "Em", "Em", "Dm", "G", "F#m", "F#m", "Dm", "Dm", "F#m", "Dm", "F#m", "F#m", "F#m", "F#m", "F#m", "F#m", "F#m", "F#m", "F#m", "F#m", "F#m", "F#m", "F#m", "F#m", "F#m", "F#m", "F#m", "F#m", "F#m", "F#m", "F#m", "F#m", "F#m", "F#m", "F#m", "F#m", "F#m", "F#m", "Gm", "F#m", "F#m", "F#m", "F#m", "F#m", "F#m", "F#m", "F#m", "F#m", "F#m", "F#m", "F#m", "F#m", "F#m", "F#m", "F#m", "F#m", "F#m", "F#m", "F#m", "F#m", "F#m", "F#m", "F#m", "F#m", "F#m", "F#m", "F#m"]
