
metadata:
    version:
        essentia: "1.2.2"
    audio_properties:
        analysis_sample_rate: 44100
        bitrate: 128
        channels: 2
        equal_loudness: 1
        length: 10.0310201645
        replay_gain: -15.1048488617
        downmix: "mix"
    tags:
        track: 15
        year: 0
        album: "Splitted by Mp3Splt v. 2.1"
        artist: "From 002.20 To 002.30"
        comment: "http://mp3splt.sf.net"
        genre: ""
        title: "06 Better Off.mp3"

highlevel:
    ballroom:
        all:
            ChaChaCha: 0.0794402360916
            Jive: 0.679539561272
            Quickstep: 0.0414533019066
            Rumba-American: 0.00176220922731
            Rumba-International: 0.00665473518893
            Rumba-Misc: 0.00411302410066
            Samba: 0.0989746153355
            Tango: 0.00820823106915
            VienneseWaltz: 0.0753065049648
            Waltz: 0.00454758433625
        probability: 0.679539561272
        value: "Jive"
    culture:
        all:
            non_western: 0.0143712628633
            western: 0.985628724098
        probability: 0.985628724098
        value: "western"
    gender:
        all:
            female: 0.15664806962
            male: 0.843351960182
        probability: 0.843351960182
        value: "male"
    genre_dortmund:
        all:
            alternative: 0.127068400383
            blues: 0.0232822615653
            electronic: 0.025418927893
            folkcountry: 0.0988005921245
            funksoulrnb: 0.0084597049281
            jazz: 0.0336541235447
            pop: 0.0818587169051
            raphiphop: 0.00150589027908
            rock: 0.599951386452
        probability: 0.599951386452
        value: "rock"
    genre_electronica:
        all:
            ambient: 0.155058458447
            dnb: 0.0915979966521
            house: 0.00609155278653
            techno: 0.0106051219627
            trance: 0.73664689064
        probability: 0.73664689064
        value: "trance"
    genre_rosamerica:
        all:
            cla: 0.00435240799561
            dan: 0.0217558629811
            hip: 0.000862418906763
            jaz: 0.00211117160507
            pop: 0.022442098707
            rhy: 0.00118553987704
            roc: 0.946997046471
            spe: 0.000293445686111
        probability: 0.946997046471
        value: "roc"
    genre_tzanetakis:
        all:
            blu: 0.00737983686849
            cla: 0.00828937906772
            cou: 0.482380986214
            dis: 0.0617539733648
            hip: 0.0033210082911
            jaz: 0.0612298958004
            met: 0.0186588987708
            pop: 0.0552744269371
            reg: 0.00529007986188
            roc: 0.296421527863
        probability: 0.482380986214
        value: "cou"
    live_studio:
        all:
            live: 0.0963373929262
            studio: 0.903662621975
        probability: 0.903662621975
        value: "studio"
    mood:
        all:
            Cluster1: 0.435756504536
            Cluster2: 0.102138020098
            Cluster3: 0.0504854358733
            Cluster4: 0.10166503489
            Cluster5: 0.309955000877
        probability: 0.435756504536
        value: "Cluster1"
    mood_acoustic:
        all:
            acoustic: 0.0067327641882
            not_acoustic: 0.99326723814
        probability: 0.99326723814
        value: "not_acoustic"
    mood_aggressive:
        all:
            aggressive: 0.467935174704
            not_aggressive: 0.532064855099
        probability: 0.532064855099
        value: "not_aggressive"
    mood_electronic:
        all:
            electronic: 0.176768422127
            not_electronic: 0.823231577873
        probability: 0.823231577873
        value: "not_electronic"
    mood_happy:
        all:
            happy: 0.924091875553
            not_happy: 0.0759081095457
        probability: 0.924091875553
        value: "happy"
    mood_party:
        all:
            not_party: 0.620724022388
            party: 0.379276007414
        probability: 0.620724022388
        value: "not_party"
    mood_relaxed:
        all:
            not_relaxed: 0.87298643589
            relaxed: 0.127013549209
        probability: 0.87298643589
        value: "not_relaxed"
    mood_sad:
        all:
            not_sad: 0.843069970608
            sad: 0.156930059195
        probability: 0.843069970608
        value: "not_sad"
    rhythm:
        all:
            fast: 0.753531038761
            medium: 0.228669986129
            slow: 0.0177989415824
        probability: 0.753531038761
        value: "fast"
    speech_music:
        all:
            music: 0.999936878681
            speech: 6.31340662949e-05
        probability: 0.999936878681
        value: "music"
    timbre:
        all:
            bright: 0.793501079082
            dark: 0.20649895072
        probability: 0.793501079082
        value: "bright"
    voice_instrumental:
        all:
            instrumental: 0.544377624989
            voice: 0.455622345209
        probability: 0.544377624989
        value: "instrumental"

lowlevel:
    average_loudness: 0.975458323956
    barkbands_kurtosis:
        dmean: 0.359188765287
        dmean2: 0.592671632767
        dvar: 0.152940124273
        dvar2: 0.354603648186
        max: 2.52478122711
        mean: -0.977339565754
        min: -1.85348796844
        var: 0.446193665266
    barkbands_skewness:
        dmean: 0.300205618143
        dmean2: 0.481938838959
        dvar: 0.0814123004675
        dvar2: 0.183119311929
        max: 1.7893255949
        mean: 0.00352298631333
        min: -1.90808260441
        var: 0.367022037506
    barkbands_spread:
        dmean: 4.55069732666
        dmean2: 7.13496303558
        dvar: 15.116648674
        dvar2: 34.2331695557
        max: 59.1439628601
        mean: 34.8202056885
        min: 16.0552444458
        var: 53.6687507629
    dissonance:
        dmean: 0.0145879192278
        dmean2: 0.0243940763175
        dvar: 0.000143559853313
        dvar2: 0.000376686861273
        max: 0.498826175928
        mean: 0.470873355865
        min: 0.403100281954
        var: 0.000310041417833
    hfc:
        dmean: 2.41651678085
        dmean2: 3.89929151535
        dvar: 8.29717636108
        dvar2: 19.6134052277
        max: 30.4195404053
        mean: 9.74354553223
        min: 1.75668251514
        var: 24.4939632416
    pitch:
        dmean: 544.326904297
        dmean2: 1055.22558594
        dvar: 1261019.5
        dvar2: 3278651.25
        max: 4009.09082031
        mean: 696.515930176
        min: 65.820892334
        var: 1070663.75
    pitch_instantaneous_confidence:
        dmean: 0.0844856128097
        dmean2: 0.132961526513
        dvar: 0.00486344425008
        dvar2: 0.0120540307835
        max: 0.792977333069
        mean: 0.431991457939
        min: 0.155899822712
        var: 0.0227723252028
    pitch_salience:
        dmean: 0.0546060167253
        dmean2: 0.0913650915027
        dvar: 0.00197073048912
        dvar2: 0.00528882443905
        max: 0.832075536251
        mean: 0.628612518311
        min: 0.419800698757
        var: 0.00613743811846
    silence_rate_20dB:
        dmean: 0
        dmean2: 0
        dvar: 0
        dvar2: 0
        max: 1
        mean: 1
        min: 1
        var: 0
    silence_rate_30dB:
        dmean: 0
        dmean2: 0
        dvar: 0
        dvar2: 0
        max: 1
        mean: 1
        min: 1
        var: 0
    silence_rate_60dB:
        dmean: 0.0603248253465
        dmean2: 0.118604652584
        dvar: 0.0566858202219
        dvar2: 0.123142428696
        max: 1
        mean: 0.106481485069
        min: 0
        var: 0.0951431319118
    spectral_centroid:
        dmean: 223.677581787
        dmean2: 364.615631104
        dvar: 45573.5507812
        dvar2: 106722.609375
        max: 2674.53735352
        mean: 1677.77209473
        min: 626.098693848
        var: 171313.625
    spectral_complexity:
        dmean: 3.68065261841
        dmean2: 5.64252328873
        dvar: 11.1964073181
        dvar2: 24.4867019653
        max: 39
        mean: 18.0162792206
        min: 3
        var: 39.4718666077
    spectral_crest:
        dmean: 1.75405395031
        dmean2: 2.92355942726
        dvar: 2.1647298336
        dvar2: 5.77142047882
        max: 14.8183546066
        mean: 6.51236724854
        min: 2.44281411171
        var: 5.79535531998
    spectral_decrease:
        dmean: 2.66972083329e-10
        dmean2: 4.29256963308e-10
        dvar: 1.3047026744e-19
        dvar2: 3.29437371002e-19
        max: -3.38954642132e-10
        mean: -1.25800880824e-09
        min: -4.34864055876e-09
        var: 2.27409166087e-19
    spectral_energy:
        dmean: 0.00119332515169
        dmean2: 0.00192074198276
        dvar: 2.43035105996e-06
        dvar2: 6.02476484346e-06
        max: 0.0185419209301
        mean: 0.00563178071752
        min: 0.00153389247134
        var: 4.72910733151e-06
    spectral_energyband_high:
        dmean: 0.000168214392033
        dmean2: 0.000269658252364
        dvar: 4.1496296177e-08
        dvar2: 1.03348398284e-07
        max: 0.00235145748593
        mean: 0.000456269743154
        min: 6.33257586742e-05
        var: 9.4343583612e-08
    spectral_energyband_low:
        dmean: 0.000216688276851
        dmean2: 0.000358999182936
        dvar: 7.91537075884e-08
        dvar2: 2.21448772209e-07
        max: 0.00290069356561
        mean: 0.000464304932393
        min: 6.98430631019e-06
        var: 1.06818660583e-07
    spectral_energyband_middle_high:
        dmean: 0.000707324943505
        dmean2: 0.00113203958608
        dvar: 6.2337738882e-07
        dvar2: 1.34464119128e-06
        max: 0.00928713567555
        mean: 0.00297231785953
        min: 0.000375720032025
        var: 2.55372060565e-06
    spectral_energyband_middle_low:
        dmean: 0.000660979596432
        dmean2: 0.00110438873526
        dvar: 1.16525347948e-06
        dvar2: 3.06679726236e-06
        max: 0.0115834744647
        mean: 0.00173885631375
        min: 0.000389163440559
        var: 1.24299833715e-06
    spectral_flatness_db:
        dmean: 0.0113523602486
        dmean2: 0.0172971803695
        dvar: 8.21220892249e-05
        dvar2: 0.000186007629964
        max: 0.206858754158
        mean: 0.13078917563
        min: 0.0711816102266
        var: 0.000473441847134
    spectral_flux:
        dmean: 0.00800937693566
        dmean2: 0.0116373393685
        dvar: 7.34621426091e-05
        dvar2: 0.00012587607489
        max: 0.101574897766
        mean: 0.0434595644474
        min: 0.0186802651733
        var: 0.000218553250306
    spectral_kurtosis:
        dmean: 0.808586835861
        dmean2: 1.38779294491
        dvar: 0.641502320766
        dvar2: 1.66061270237
        max: 10.7704744339
        mean: 3.47304344177
        min: 0.952355861664
        var: 1.06505978107
    spectral_rms:
        dmean: 0.000236998093897
        dmean2: 0.000373639399186
        dvar: 7.12427592475e-08
        dvar2: 1.67972316945e-07
        max: 0.00425319606438
        mean: 0.00230426294729
        min: 0.00122330721933
        var: 1.84794558322e-07
    spectral_rolloff:
        dmean: 282.892913818
        dmean2: 458.133758545
        dvar: 89727.53125
        dvar2: 198204.578125
        max: 4672.70507812
        mean: 3408.35717773
        min: 861.328125
        var: 250664.125
    spectral_skewness:
        dmean: 0.134806349874
        dmean2: 0.211669743061
        dvar: 0.0148482015356
        dvar2: 0.0359614789486
        max: 2.67040157318
        mean: 1.38283717632
        min: 0.887283861637
        var: 0.0340632051229
    spectral_spread:
        dmean: 416682.8125
        dmean2: 588344.375
        dvar: 190386307072
        dvar2: 335432908800
        max: 8919131
        mean: 4650623.5
        min: 3058962
        var: 782242086912
    spectral_strongpeak:
        dmean: 0.755448997021
        dmean2: 1.31640863419
        dvar: 1.25426995754
        dvar2: 3.55855751038
        max: 8.00404167175
        mean: 1.20583486557
        min: 0.0363000966609
        var: 1.84129953384
    zerocrossingrate:
        dmean: 0.00734812067822
        dmean2: 0.00894307624549
        dvar: 3.80902383768e-05
        dvar2: 4.97293804074e-05
        max: 0.140625
        mean: 0.0975040867925
        min: 0.04296875
        var: 0.000281493645161
    barkbands:
        dmean: [4.31858410366e-07, 9.79813703452e-05, 0.000158896829817, 0.000161700038007, 0.000270781049039, 0.000176442641532, 0.000197289380594, 9.37973891268e-05, 9.875370597e-05, 0.000243207628955, 8.15916646388e-05, 5.42661764484e-05, 6.85066770529e-05, 7.32981206966e-05, 0.000150122665218, 0.000132114204462, 0.000164788085385, 0.000153849920025, 0.000330540642608, 0.000186457808013, 9.07558496692e-05, 1.42645167216e-05, 3.20377876051e-06, 1.58867089795e-06, 9.45616420722e-07, 7.64420775567e-08, 6.2828653391e-10]
        dmean2: [7.14119892109e-07, 0.000167246398632, 0.000271161959972, 0.000272850476904, 0.000441980489995, 0.00028303230647, 0.000344721309375, 0.000156535796123, 0.000160906842211, 0.000364219187759, 0.000123547244584, 8.62150845933e-05, 0.00010863213538, 0.000111626766738, 0.000247748597758, 0.000215714506339, 0.000271208904451, 0.000245518633164, 0.000539872213267, 0.000297857826808, 0.000148240927956, 2.30682326219e-05, 4.66874507765e-06, 2.32178967963e-06, 1.34529943807e-06, 1.12151411713e-07, 9.07870612021e-10]
        dvar: [1.74726043096e-12, 2.07619770265e-08, 5.47899077219e-08, 4.29904645216e-08, 1.2302902519e-07, 5.59161037472e-08, 2.77022337514e-07, 2.74737672612e-08, 2.03410763788e-08, 1.24144392544e-07, 3.4765413659e-08, 6.29451735179e-09, 2.04825845174e-08, 2.12309743119e-08, 6.14103115026e-08, 5.12901081606e-08, 9.59670742873e-08, 6.46341788979e-08, 2.20119716232e-07, 4.42655405664e-08, 1.17319673976e-08, 3.31124488939e-10, 1.93973274942e-11, 8.28280152798e-12, 2.31351353006e-12, 1.69424360202e-14, 3.19862040934e-17]
        dvar2: [2.25024751437e-12, 5.79712988724e-08, 1.49547773276e-07, 1.00841106132e-07, 3.15590995115e-07, 1.31013777604e-07, 7.88345460023e-07, 7.52864508513e-08, 5.22039123041e-08, 2.8626706694e-07, 6.33177421605e-08, 1.57438790893e-08, 4.74375845272e-08, 4.62606521978e-08, 1.55796556101e-07, 1.27994894683e-07, 2.35182412212e-07, 1.35181593919e-07, 5.51637526769e-07, 1.10282471155e-07, 2.98913924723e-08, 7.61807783523e-10, 4.02310060266e-11, 1.92817151135e-11, 3.81721217135e-12, 3.32959029271e-14, 3.242242937e-17]
        max: [2.6081706892e-05, 0.00115986121818, 0.00257733394392, 0.00206176727079, 0.00305436202325, 0.00199471740052, 0.00516650546342, 0.00165752554312, 0.00151137518696, 0.00368267903104, 0.00371829303913, 0.000758456357289, 0.00222816760652, 0.00214047124609, 0.00309728248976, 0.00321574625559, 0.00493770418689, 0.00357457040809, 0.00490074884146, 0.00240495055914, 0.00102812855039, 0.000164353928994, 4.33933637396e-05, 3.36200864695e-05, 2.63990350504e-05, 1.35978427807e-06, 1.17332014327e-07]
        mean: [5.95900701228e-07, 0.000220147427171, 0.000243600065005, 0.000222863571253, 0.000498692097608, 0.000333204690833, 0.000219809720875, 0.00014580982679, 0.000200802925974, 0.000577439554036, 0.000152902284754, 8.45266113174e-05, 0.000112453490146, 0.000124976882944, 0.000248801981797, 0.000216318265302, 0.000342393410392, 0.000308522197884, 0.00071064918302, 0.000420565105742, 0.000198378620553, 3.47106943082e-05, 7.46243495087e-06, 3.74476553588e-06, 2.28986391448e-06, 1.25143429841e-07, 6.3269178785e-10]
        min: [2.06152608873e-10, 3.06920992443e-06, 1.61120783559e-06, 3.1401891647e-06, 2.76129794656e-05, 9.9384906207e-06, 4.92656636197e-06, 6.84258702677e-06, 5.31446812602e-06, 7.47341664464e-06, 4.93612606078e-06, 3.5700427361e-06, 3.88550961361e-06, 4.15046952185e-06, 1.24226880871e-05, 9.30204896576e-06, 1.64326120284e-05, 1.59245319082e-05, 6.27540430287e-05, 3.11345356749e-05, 3.04241348204e-06, 8.34541538097e-07, 4.08267567309e-07, 1.88262248457e-07, 5.64132918157e-08, 4.84740525497e-10, 6.02225300878e-13]
        var: [1.86731749854e-12, 2.82655108208e-08, 7.23013826587e-08, 5.78832661802e-08, 1.98971619625e-07, 1.07846403807e-07, 1.84251021551e-07, 3.00796969555e-08, 3.92739423205e-08, 5.62136222015e-07, 1.17767797292e-07, 8.29937008007e-09, 2.74320122173e-08, 4.93675322844e-08, 1.23362468685e-07, 6.97824944496e-08, 1.85528023167e-07, 1.84043571494e-07, 3.99296624209e-07, 9.65157482824e-08, 3.28347269374e-08, 7.2233369286e-10, 4.61537232044e-11, 1.34290079057e-11, 7.47689583858e-12, 3.22155259554e-14, 3.2029614532e-17]
    mfcc:
        mean: [-677.284423828, 111.39315033, -46.7906150818, 55.2064781189, -12.3198776245, -7.38269615173, 6.32131767273, -2.95725941658, 3.20335292816, 0.00673120189458, -7.31908798218, -6.70538473129, -1.50321388245]
        cov: [[567.34173584, -242.180892944, -34.1672019958, -51.2234954834, 12.0628414154, 25.8106899261, -16.5584144592, 17.761510849, 14.0647611618, 20.4113426208, 24.5222473145, -8.43601512909, 1.16526460648], [-242.180892944, 271.095947266, -8.10015487671, 35.6478424072, -54.5030593872, -33.2384872437, -6.80115222931, -42.153629303, -13.1843175888, -10.3004817963, -25.4165000916, -15.0020008087, 6.09378814697], [-34.1672019958, -8.10015487671, 165.914642334, 45.9823760986, 32.4580039978, -2.7977001667, -29.3196296692, 24.5995521545, 8.20951080322, -35.4869346619, 3.97506213188, 10.2734889984, 1.15392053127], [-51.2234954834, 35.6478424072, 45.9823760986, 145.791366577, 46.7648887634, 0.827537834644, -26.2774047852, 14.4584197998, 3.96328616142, -23.1667842865, -6.54224824905, 20.4470672607, -1.9263561964], [12.0628414154, -54.5030593872, 32.4580039978, 46.7648887634, 110.667922974, 42.5670852661, -11.2845220566, 14.6697816849, -1.75060069561, -9.57034397125, 9.37272453308, 10.2023077011, 10.3536119461], [25.8106899261, -33.2384872437, -2.7977001667, 0.827537834644, 42.5670852661, 98.1991577148, 3.4576253891, 7.38820028305, -1.80079948902, 5.25407981873, 14.5654640198, 3.38527536392, 1.50342512131], [-16.5584144592, -6.80115222931, -29.3196296692, -26.2774047852, -11.2845220566, 3.4576253891, 78.24243927, 6.05360889435, 3.64786529541, 12.6549329758, 0.0796967968345, -9.93998718262, -8.69800186157], [17.761510849, -42.153629303, 24.5995521545, 14.4584197998, 14.6697816849, 7.38820028305, 6.05360889435, 86.7566757202, 37.4790611267, -8.91241073608, 9.9707736969, 7.43153142929, -12.3701515198], [14.0647611618, -13.1843175888, 8.20951080322, 3.96328616142, -1.75060069561, -1.80079948902, 3.64786529541, 37.4790611267, 85.4301528931, 4.28437709808, -6.7127828598, 1.17949604988, -16.0235805511], [20.4113426208, -10.3004817963, -35.4869346619, -23.1667842865, -9.57034397125, 5.25407981873, 12.6549329758, -8.91241073608, 4.28437709808, 54.7755126953, 11.8528413773, -11.7537136078, -6.62421941757], [24.5222473145, -25.4165000916, 3.97506213188, -6.54224824905, 9.37272453308, 14.5654640198, 0.0796967968345, 9.9707736969, -6.7127828598, 11.8528413773, 49.6522331238, 20.9425792694, -2.6644859314], [-8.43601512909, -15.0020008087, 10.2734889984, 20.4470672607, 10.2023077011, 3.38527536392, -9.93998718262, 7.43153142929, 1.17949604988, -11.7537136078, 20.9425792694, 60.4989433289, 6.31790828705], [1.16526460648, 6.09378814697, 1.15392053127, -1.9263561964, 10.3536119461, 1.50342512131, -8.69800186157, -12.3701515198, -16.0235805511, -6.62421941757, -2.6644859314, 6.31790828705, 41.8112945557]]
        icov: [[0.00337096722797, 0.00352048245259, 0.000926898850594, -0.000548269483261, 0.00158415723126, -0.000328905152855, 0.00144639436621, 0.000769855512772, -0.00084353069542, 0.000574891048018, -0.00154570559971, 0.00204855320044, -0.0011499148095], [0.00352048245259, 0.00893660634756, 0.00109624071047, -0.00331618241034, 0.00507461186498, -0.000308719929308, 0.0013031095732, 0.00313183572143, -0.00120460474864, 0.00172311381903, -0.00148181745317, 0.00376297463663, -0.00248315930367], [0.000926898850594, 0.00109624071047, 0.00844473578036, -0.00140004686546, -0.000942341925111, 0.000837042112835, 0.00237293425016, -0.000828123826068, -0.00098702381365, 0.00491654640064, -0.0028221285902, 0.00200713984668, -0.000113742549729], [-0.000548269483261, -0.00331618241034, -0.00140004686546, 0.0112484255806, -0.00611667660996, 0.00121080828831, 0.00183167203795, -0.00208431831561, 0.000942649727222, 8.25067036203e-05, 0.00360948988236, -0.00456825317815, 0.00358561729081], [0.00158415723126, 0.00507461186498, -0.000942341925111, -0.00611667660996, 0.0169831067324, -0.00584305776283, 0.000636436860077, 0.000586225301959, -0.000430618354585, 0.00113496370614, -0.00231222971343, 0.00278302421793, -0.0052821887657], [-0.000328905152855, -0.000308719929308, 0.000837042112835, 0.00121080828831, -0.00584305776283, 0.0131430830806, -0.000608622503933, -0.000356787728379, 0.000143755300087, -0.000413761357777, -0.00253717950545, 0.00025041968911, 0.000618998194113], [0.00144639436621, 0.0013031095732, 0.00237293425016, 0.00183167203795, 0.000636436860077, -0.000608622503933, 0.015585414134, -0.00187084218487, 0.000215915235458, -0.00113273214083, 7.58414244046e-05, 0.00176236638799, 0.00198350241408], [0.000769855512772, 0.00313183572143, -0.000828123826068, -0.00208431831561, 0.000586225301959, -0.000356787728379, -0.00187084218487, 0.0180395785719, -0.00773895345628, 0.00479416968301, -0.00556537695229, 0.00198912690394, 0.0014029967133], [-0.00084353069542, -0.00120460474864, -0.00098702381365, 0.000942649727222, -0.000430618354585, 0.000143755300087, 0.000215915235458, -0.00773895345628, 0.016791054979, -0.00448729190975, 0.00668535288423, -0.00353235146031, 0.00481029925868], [0.000574891048018, 0.00172311381903, 0.00491654640064, 8.25067036203e-05, 0.00113496370614, -0.000413761357777, -0.00113273214083, 0.00479416968301, -0.00448729190975, 0.0275046881288, -0.0112794768065, 0.00790737196803, 0.00124179781415], [-0.00154570559971, -0.00148181745317, -0.0028221285902, 0.00360948988236, -0.00231222971343, -0.00253717950545, 7.58414244046e-05, -0.00556537695229, 0.00668535288423, -0.0112794768065, 0.0330312103033, -0.0143300686032, 0.00458160974085], [0.00204855320044, 0.00376297463663, 0.00200713984668, -0.00456825317815, 0.00278302421793, 0.00025041968911, 0.00176236638799, 0.00198912690394, -0.00353235146031, 0.00790737196803, -0.0143300686032, 0.0256535261869, -0.00550496391952], [-0.0011499148095, -0.00248315930367, -0.000113742549729, 0.00358561729081, -0.0052821887657, 0.000618998194113, 0.00198350241408, 0.0014029967133, 0.00481029925868, 0.00124179781415, 0.00458160974085, -0.00550496391952, 0.0297567620873]]
    spectral_contrast:
        mean: [3.64238104567e-07, -4.04497235706e-08, 3.5988037439e-08, 3.41860371122e-08, -4.49980426254e-08, -2.88487996158e-07, -8.10415258456e-07, 7.875436836e-07, 8.50128571983e-07, -2.10095981856e-06, -2.98300460599e-06, 3.45152471937e-07]
        var: [0.000401020486606, 0.000742917705793, 0.0012336919317, 0.00200675195083, 0.00253222486936, 0.00369848823175, 0.0303688496351, 0.0578401386738, 0.0902062803507, 0.168222382665, 0.199245676398, 0.416560411453]

rhythm:
    beats_loudness:
        dmean: 0.00264736264944
        dmean2: 0.00536104105413
        dvar: 2.22977791964e-06
        dvar2: 4.51651476396e-06
        max: 0.0112097589299
        mean: 0.00675167236477
        min: 0.00376156601124
        var: 4.40003896074e-06
    beats_loudness_bass:
        dmean: 0.0889440923929
        dmean2: 0.156010299921
        dvar: 0.005037156865
        dvar2: 0.00762901827693
        max: 0.371668726206
        mean: 0.137665882707
        min: 0.0170262828469
        var: 0.00851901154965
    bpm: 90.3068466187
    bpm_confidence: 0
    first_peak_bpm: 120
    first_peak_spread: 0
    first_peak_weight: 0.647058844566
    onset_rate: 3.28979492188
    second_peak_bpm: 90
    second_peak_spread: 0.16666662693
    second_peak_weight: 0.29411765933
    beats_position: [0.334282130003, 0.832520186901, 1.330758214, 1.82899618149, 2.32723426819, 2.82547235489, 3.32371020317, 3.82194828987, 4.32018613815, 4.81842422485, 5.31666231155, 5.81490039825, 6.50132656097, 7.16572952271, 7.83013248444, 8.49453544617, 9.15893745422, 9.82334041595]
    bpm_estimates: [90.1608505249, 90.2729187012, 90.5433425903, 90.1843338013, 90.3893127441, 90.2903442383]
    bpm_intervals: [0.498238056898, 0.498238027096, 0.498237967491, 0.4982380867, 0.4982380867, 0.498237848282, 0.4982380867, 0.498237848282, 0.4982380867, 0.4982380867, 0.4982380867, 0.68642616272, 0.664402961731, 0.664402961731, 0.664402961731, 0.664402008057, 0.664402961731]
    onset_times: [0.0580498874187, 0.139319732785, 0.49922901392, 0.789478480816, 1.16099774837, 1.49768710136, 1.68344676495, 1.83437645435, 2.15945577621, 3.15791392326, 3.50621318817, 3.78485250473, 4.33052158356, 4.5046710968, 4.82975053787, 5.34058952332, 5.66566896439, 5.8282084465, 6.00235843658, 6.47836732864, 6.58285713196, 7.16335582733, 7.51165533066, 7.66258525848, 7.83673477173, 8.18503379822, 8.498503685, 8.83519268036, 9.0093421936, 9.16027164459, 9.35764217377, 9.4853515625, 9.83365058899]
    rubato_start: [6.50132656097]
    rubato_stop: [7.16572952271]
    perceptual_tempo: "unknown"

sfx:
    inharmonicity:
        dmean: 0.0443392321467
        dmean2: 0.0773395374417
        dvar: 0.00245912838727
        dvar2: 0.00727758836001
        max: 0.385386943817
        mean: 0.0536355562508
        min: 0.000791501021013
        var: 0.00240789912641
    oddtoevenharmonicenergyratio:
        dmean: 2.12254691124
        dmean2: 3.99278593063
        dvar: 14.717959404
        dvar2: 44.2558517456
        max: 27.0750350952
        mean: 1.59313511848
        min: 0.0043478589505
        var: 10.045580864
    pitch_after_max_to_before_max_energy_ratio: 4.67657661438
    pitch_centroid: 189.269271851
    pitch_max_to_total: 0.109302327037
    pitch_min_to_total: 0.746511638165
    tristimulus:
        dmean: [0.174064353108, 0.22450953722, 0.135854721069]
        dmean2: [0.307485997677, 0.391722500324, 0.241509124637]
        dvar: [0.0222983974963, 0.0372958220541, 0.0150459799916]
        dvar2: [0.0622805245221, 0.104586370289, 0.0404130108654]
        max: [0.847532510757, 0.951509773731, 0.696554839611]
        mean: [0.310374230146, 0.473781436682, 0.155675545335]
        min: [0.0162088535726, 0, 0]
        var: [0.0306290723383, 0.0507602877915, 0.0189204607159]

tonal:
    chords_changes_rate: 0.0185185186565
    chords_number_rate: 0.0231481473893
    chords_strength:
        dmean: 0.00928058940917
        dmean2: 0.00907389819622
        dvar: 6.11781870248e-05
        dvar2: 5.39721877431e-05
        max: 0.72244477272
        mean: 0.605129301548
        min: 0.352238059044
        var: 0.00600495701656
    key_strength: 0.795517504215
    tuning_diatonic_strength: 0.637965321541
    tuning_equal_tempered_deviation: 0.0494670420885
    tuning_frequency: 440.763122559
    tuning_nontempered_energy_ratio: 0.686125695705
    hpcp:
        dmean: [0.145506620407, 0.1328741014, 0.128361001611, 0.117044046521, 0.0887820422649, 0.129704013467, 0.152564078569, 0.153124704957, 0.158114179969, 0.157841965556, 0.131407633424, 0.110107682645, 0.0839651525021, 0.0678454861045, 0.0952218770981, 0.112321980298, 0.086898714304, 0.0637159943581, 0.0535060614347, 0.0668937265873, 0.117889903486, 0.136424303055, 0.139713093638, 0.143360301852, 0.146024107933, 0.122256688774, 0.0844171643257, 0.0842112526298, 0.0946295559406, 0.135868430138, 0.166839972138, 0.16440077126, 0.151421457529, 0.136946484447, 0.126174345613, 0.145468562841]
        dmean2: [0.233344510198, 0.223173722625, 0.226674154401, 0.204767227173, 0.151542291045, 0.210716530681, 0.249643519521, 0.256597280502, 0.265206426382, 0.246997088194, 0.213708803058, 0.189574763179, 0.139732345939, 0.117964789271, 0.152947232127, 0.167298838496, 0.135318502784, 0.103513434529, 0.0872643887997, 0.119036816061, 0.198903933167, 0.222847744823, 0.244517222047, 0.251910746098, 0.24394749105, 0.207596361637, 0.150691464543, 0.142534643412, 0.162337601185, 0.219666525722, 0.284756153822, 0.279401510954, 0.258146077394, 0.238923817873, 0.21614575386, 0.244336172938]
        dvar: [0.0338828675449, 0.0255726296455, 0.0418564118445, 0.0409414470196, 0.0177571512759, 0.0245415829122, 0.0340872779489, 0.0271309278905, 0.0281749423593, 0.0248936712742, 0.0202060882002, 0.0164375770837, 0.00935079995543, 0.00782531313598, 0.017528694123, 0.0229819137603, 0.0135161830112, 0.0101630203426, 0.00641075102612, 0.0128989918157, 0.0258829407394, 0.0275918208063, 0.0319224707782, 0.0311881527305, 0.0356301255524, 0.0278208963573, 0.0131605742499, 0.0214456971735, 0.0213753972203, 0.0259630866349, 0.0419006608427, 0.030730523169, 0.0449047833681, 0.040479015559, 0.0403049476445, 0.0303843207657]
        dvar2: [0.0749026313424, 0.0647004321218, 0.111375451088, 0.110334724188, 0.0496219843626, 0.0580360963941, 0.0723493248224, 0.0639397352934, 0.0695906877518, 0.0553136058152, 0.0541649386287, 0.0434863194823, 0.0225270222872, 0.0202752389014, 0.046594440937, 0.0463302545249, 0.0303980428725, 0.026119466871, 0.0165775176138, 0.0366041772068, 0.0679682865739, 0.0646203681827, 0.0915501341224, 0.0901538431644, 0.0819103196263, 0.0746591389179, 0.0340971276164, 0.0536542199552, 0.0570767335594, 0.0637139901519, 0.0936788097024, 0.0833797976375, 0.11681240052, 0.108522295952, 0.111600421369, 0.0787620842457]
        max: [1, 1, 1, 1, 0.895943284035, 1, 1, 1, 1, 1, 1, 1, 1, 0.901172637939, 1, 1, 0.990126907825, 1, 0.73424333334, 0.747654914856, 0.908612966537, 1, 1, 1, 1, 1, 0.71727180481, 1, 1, 1, 1, 1, 1, 1, 1, 1]
        mean: [0.336188584566, 0.244897842407, 0.162338659167, 0.13205717504, 0.115768425167, 0.227977529168, 0.309039652348, 0.232920467854, 0.283284455538, 0.37291508913, 0.267028748989, 0.156700775027, 0.116501763463, 0.0954056680202, 0.155887782574, 0.219651713967, 0.167165771127, 0.0992598906159, 0.0762899369001, 0.07609898597, 0.181074514985, 0.255169540644, 0.187434002757, 0.23321762681, 0.329425036907, 0.216391503811, 0.104093760252, 0.104348517954, 0.106791116297, 0.256314426661, 0.401866167784, 0.304389894009, 0.220704436302, 0.186358138919, 0.144636958838, 0.251444965601]
        min: [0.0140567850322, 0.0192295387387, 0.00816135108471, 0.00729630328715, 0.00459430133924, 0.013961953111, 0.0139168389142, 0.0156688690186, 0.00519390730187, 0.0204664748162, 0.0116400308907, 0.0120146172121, 0.00502126198262, 0.0102604785934, 0.00942542403936, 0.0139239486307, 0.0123827215284, 0.00502049131319, 0.00574316130951, 0.0048305937089, 0.00836930982769, 0.0117121199146, 0.013966858387, 0.00838505476713, 0.00330041488633, 0.00649586413056, 0.00671220012009, 0.00636195763946, 0.0032438642811, 0.00700930599123, 0.010949049145, 0.0077765379101, 0.00842960365117, 0.00859508477151, 0.00911327451468, 0.00934812985361]
        var: [0.102124534547, 0.0467845201492, 0.0416878983378, 0.0351691953838, 0.0194140467793, 0.0546686947346, 0.0891079977155, 0.0508666522801, 0.0552170500159, 0.0865700095892, 0.0382280573249, 0.0188456680626, 0.0127069195732, 0.00924209132791, 0.0250640232116, 0.0505655147135, 0.0257991626859, 0.0124088237062, 0.00682438537478, 0.0103721721098, 0.0400791652501, 0.0677363574505, 0.0376312173903, 0.0526930242777, 0.121886335313, 0.0556257106364, 0.0122904842719, 0.0227178093046, 0.0223999340087, 0.0634261444211, 0.124355226755, 0.0586719959974, 0.0793552398682, 0.0568577721715, 0.0323696583509, 0.0509957484901]
    chords_histogram: [33.3333320618, 10.1851854324, 4.16666650772, 0, 0, 0, 0, 0, 0, 0, 0, 0, 0, 0, 0, 0, 0, 0, 0, 3.24074077606, 0, 0, 49.0740737915, 0]
    thpcp: [1, 0.757440984249, 0.549198865891, 0.463731855154, 0.359913259745, 0.625693321228, 0.836568534374, 0.609401464462, 0.403961986303, 0.328609824181, 0.288077056408, 0.567297160625, 0.769011378288, 0.579597115517, 0.704922378063, 0.92795842886, 0.664471805096, 0.389932751656, 0.28990188241, 0.237406566739, 0.387909680605, 0.546579241753, 0.415973722935, 0.246997386217, 0.189839169383, 0.189364001155, 0.450584113598, 0.634961485863, 0.466409027576, 0.58033657074, 0.819738149643, 0.538466572762, 0.259025931358, 0.25965988636, 0.265738010406, 0.637810409069]
    chords_key: "F"
    chords_scale: "major"
    key_key: "C"
    key_scale: "major"
    chords_progression: ["Em", "Em", "Em", "Em", "Em", "Em", "Em", "Em", "Em", "Em", "Em", "Em", "Em", "Em", "Em", "Em", "Em", "Em", "Em", "Em", "Em", "Em", "F", "F", "F", "F", "F", "F", "F", "F", "F", "F", "F", "F", "F", "F", "F", "F", "F", "F", "F", "F", "F", "F", "F", "F", "F", "F", "F", "F", "F", "F", "F", "F", "F", "F", "F", "F", "F", "F", "F", "F", "F", "F", "F", "F", "F", "F", "F", "F", "F", "F", "F", "F", "F", "F", "F", "F", "F", "F", "F", "F", "F", "F", "F", "F", "F", "F", "F", "F", "F", "F", "F", "F", "F", "F", "F", "F", "F", "F", "F", "F", "F", "F", "F", "F", "F", "F", "F", "F", "F", "F", "F", "F", "F", "F", "F", "F", "F", "F", "F", "F", "F", "F", "F", "F", "F", "F", "C", "C", "C", "C", "C", "C", "C", "C", "C", "C", "C", "C", "C", "C", "C", "C", "C", "C", "C", "C", "C", "C", "C", "C", "C", "C", "C", "C", "C", "C", "C", "C", "C", "C", "C", "C", "C", "C", "C", "C", "C", "C", "C", "C", "C", "C", "C", "C", "C", "C", "C", "C", "C", "C", "C", "C", "C", "C", "C", "C", "C", "C", "C", "C", "C", "C", "C", "C", "C", "C", "C", "C", "G", "G", "G", "G", "G", "G", "G", "G", "G", "Gm", "Gm", "Gm", "Gm", "Gm", "Gm", "Gm"]
