
metadata:
    version:
        essentia: "1.2.2"
    audio_properties:
        analysis_sample_rate: 44100
        bitrate: 128
        channels: 2
        equal_loudness: 1
        length: 10.0310201645
        replay_gain: -12.8059215546
        downmix: "mix"
    tags:
        track: 6
        year: 0
        album: "Splitted by Mp3Splt v. 2.1"
        artist: "From 000.50 To 001.00"
        comment: "http://mp3splt.sf.net"
        genre: ""
        title: "10 Same Old Story.mp3"

highlevel:
    ballroom:
        all:
            ChaChaCha: 0.0186505205929
            Jive: 0.888220489025
            Quickstep: 0.00507273059338
            Rumba-American: 0.000176833345904
            Rumba-International: 0.00088282849174
            Rumba-Misc: 0.000387508654967
            Samba: 0.0746338963509
            Tango: 0.000524868431967
            VienneseWaltz: 0.0105816544965
            Waltz: 0.000868675706442
        probability: 0.888220489025
        value: "Jive"
    culture:
        all:
            non_western: 0.00788061134517
            western: 0.992119371891
        probability: 0.992119371891
        value: "western"
    gender:
        all:
            female: 0.114817127585
            male: 0.885182857513
        probability: 0.885182857513
        value: "male"
    genre_dortmund:
        all:
            alternative: 0.0846391171217
            blues: 0.0138739515096
            electronic: 0.0169038604945
            folkcountry: 0.0116058895364
            funksoulrnb: 0.0128292217851
            jazz: 0.0226952899247
            pop: 0.0111114885658
            raphiphop: 0.00165707583074
            rock: 0.824684083462
        probability: 0.824684083462
        value: "rock"
    genre_electronica:
        all:
            ambient: 0.0928227975965
            dnb: 0.414705306292
            house: 0.00296759884804
            techno: 0.0157692506909
            trance: 0.473735064268
        probability: 0.473735064268
        value: "trance"
    genre_rosamerica:
        all:
            cla: 0.00303635373712
            dan: 0.00776155013591
            hip: 0.0083131538704
            jaz: 0.000853018427733
            pop: 0.00228092959151
            rhy: 0.000713594723493
            roc: 0.975605785847
            spe: 0.00143560289871
        probability: 0.975605785847
        value: "roc"
    genre_tzanetakis:
        all:
            blu: 0.00420369021595
            cla: 0.00635005580261
            cou: 0.0135443806648
            dis: 0.019158937037
            hip: 0.0383423678577
            jaz: 0.0354178212583
            met: 0.688293159008
            pop: 0.0588333755732
            reg: 0.00474176602438
            roc: 0.131114453077
        probability: 0.688293159008
        value: "met"
    live_studio:
        all:
            live: 0.0488188564777
            studio: 0.95118111372
        probability: 0.95118111372
        value: "studio"
    mood:
        all:
            Cluster1: 0.35669106245
            Cluster2: 0.022197406739
            Cluster3: 0.00243398989551
            Cluster4: 0.0194506533444
            Cluster5: 0.599226891994
        probability: 0.599226891994
        value: "Cluster5"
    mood_acoustic:
        all:
            acoustic: 0.00635806983337
            not_acoustic: 0.993641912937
        probability: 0.993641912937
        value: "not_acoustic"
    mood_aggressive:
        all:
            aggressive: 0.999245166779
            not_aggressive: 0.000754805689212
        probability: 0.999245166779
        value: "aggressive"
    mood_electronic:
        all:
            electronic: 0.306798994541
            not_electronic: 0.693201005459
        probability: 0.693201005459
        value: "not_electronic"
    mood_happy:
        all:
            happy: 0.0375216342509
            not_happy: 0.962478339672
        probability: 0.962478339672
        value: "not_happy"
    mood_party:
        all:
            not_party: 0.182116791606
            party: 0.817883193493
        probability: 0.817883193493
        value: "party"
    mood_relaxed:
        all:
            not_relaxed: 0.260661274195
            relaxed: 0.739338696003
        probability: 0.739338696003
        value: "relaxed"
    mood_sad:
        all:
            not_sad: 0.990692675114
            sad: 0.00930729974061
        probability: 0.990692675114
        value: "not_sad"
    rhythm:
        all:
            fast: 0.574827432632
            medium: 0.299252420664
            slow: 0.125920176506
        probability: 0.574827432632
        value: "fast"
    speech_music:
        all:
            music: 0.981738448143
            speech: 0.0182615797967
        probability: 0.981738448143
        value: "music"
    timbre:
        all:
            bright: 0.0247623994946
            dark: 0.975237607956
        probability: 0.975237607956
        value: "dark"
    voice_instrumental:
        all:
            instrumental: 0.954244315624
            voice: 0.0457556806505
        probability: 0.954244315624
        value: "instrumental"

lowlevel:
    average_loudness: 0.978038012981
    barkbands_kurtosis:
        dmean: 0.705622196198
        dmean2: 1.172560215
        dvar: 0.90494954586
        dvar2: 2.0003194809
        max: 8.77338790894
        mean: -0.753006696701
        min: -1.82946324348
        var: 1.37610661983
    barkbands_skewness:
        dmean: 0.414739191532
        dmean2: 0.649860143661
        dvar: 0.179698199034
        dvar2: 0.385613441467
        max: 3.15052723885
        mean: -0.479623794556
        min: -1.63591480255
        var: 0.553166389465
    barkbands_spread:
        dmean: 6.22771263123
        dmean2: 10.2152814865
        dvar: 30.8089008331
        dvar2: 82.6992797852
        max: 58.468662262
        mean: 36.8214950562
        min: 14.900894165
        var: 52.9931106567
    dissonance:
        dmean: 0.00841525755823
        dmean2: 0.0144439162686
        dvar: 8.58600978972e-05
        dvar2: 0.000244295282755
        max: 0.499999970198
        mean: 0.483999788761
        min: 0.407228052616
        var: 0.000153438406414
    hfc:
        dmean: 2.99190545082
        dmean2: 4.79017305374
        dvar: 12.9514522552
        dvar2: 34.21484375
        max: 28.3825588226
        mean: 9.77583122253
        min: 1.38623738289
        var: 16.9843540192
    pitch:
        dmean: 1384.35925293
        dmean2: 2650.61450195
        dvar: 2098729.5
        dvar2: 5101674
        max: 4009.09082031
        mean: 2389.14624023
        min: 80.6215744019
        var: 2377466.25
    pitch_instantaneous_confidence:
        dmean: 0.0862000659108
        dmean2: 0.145979478955
        dvar: 0.00567828910425
        dvar2: 0.0167288854718
        max: 0.688266992569
        mean: 0.317405372858
        min: 0.129416644573
        var: 0.00959267374128
    pitch_salience:
        dmean: 0.0546686053276
        dmean2: 0.0883997380733
        dvar: 0.00244761467911
        dvar2: 0.00625234283507
        max: 0.828874945641
        mean: 0.696153342724
        min: 0.32981055975
        var: 0.00558409653604
    silence_rate_20dB:
        dmean: 0
        dmean2: 0
        dvar: 0
        dvar2: 0
        max: 1
        mean: 1
        min: 1
        var: 0
    silence_rate_30dB:
        dmean: 0
        dmean2: 0
        dvar: 0
        dvar2: 0
        max: 1
        mean: 1
        min: 1
        var: 0
    silence_rate_60dB:
        dmean: 0.134570762515
        dmean2: 0.267441868782
        dvar: 0.116460882127
        dvar2: 0.233126357198
        max: 1
        mean: 0.171296298504
        min: 0
        var: 0.141953974962
    spectral_centroid:
        dmean: 272.971374512
        dmean2: 435.959136963
        dvar: 78384.6796875
        dvar2: 175045.203125
        max: 2943.46850586
        mean: 2129.20117188
        min: 429.469024658
        var: 206206.65625
    spectral_complexity:
        dmean: 4.66666650772
        dmean2: 7.10046720505
        dvar: 20.1709537506
        dvar2: 39.3707923889
        max: 41
        mean: 19.5674419403
        min: 1
        var: 43.6175193787
    spectral_crest:
        dmean: 1.75355124474
        dmean2: 2.83659052849
        dvar: 2.6602268219
        dvar2: 7.11187744141
        max: 15.3643770218
        mean: 6.09441995621
        min: 3.18774199486
        var: 4.67116880417
    spectral_decrease:
        dmean: 3.40993538961e-10
        dmean2: 5.58890878022e-10
        dvar: 2.29005495423e-19
        dvar2: 5.78183169851e-19
        max: -2.2076776518e-10
        mean: -1.03274377938e-09
        min: -3.6891181221e-09
        var: 2.99505401097e-19
    spectral_energy:
        dmean: 0.00152423221152
        dmean2: 0.00249454285949
        dvar: 4.28595376434e-06
        dvar2: 1.0827729966e-05
        max: 0.0158183984458
        mean: 0.00478450534865
        min: 0.00102397892624
        var: 5.59576074011e-06
    spectral_energyband_high:
        dmean: 0.000172572064912
        dmean2: 0.000272135774139
        dvar: 5.11727158425e-08
        dvar2: 1.30676781396e-07
        max: 0.00268974388018
        mean: 0.000529432669282
        min: 6.72530659358e-05
        var: 8.36084410594e-08
    spectral_energyband_low:
        dmean: 0.000190711740288
        dmean2: 0.00030734721804
        dvar: 7.56601110652e-08
        dvar2: 1.75574683681e-07
        max: 0.00281338393688
        mean: 0.00026990819606
        min: 9.68782387645e-07
        var: 1.2288937512e-07
    spectral_energyband_middle_high:
        dmean: 0.000789860147052
        dmean2: 0.00124939635862
        dvar: 7.30135241156e-07
        dvar2: 1.94195990844e-06
        max: 0.00853782147169
        mean: 0.00250351382419
        min: 0.000230777324759
        var: 1.08640529106e-06
    spectral_energyband_middle_low:
        dmean: 0.00078906485578
        dmean2: 0.00128617673181
        dvar: 1.89919057902e-06
        dvar2: 5.035823051e-06
        max: 0.0102207297459
        mean: 0.00148164003622
        min: 0.000209784018807
        var: 2.48778451351e-06
    spectral_flatness_db:
        dmean: 0.0125907482579
        dmean2: 0.0197787582874
        dvar: 0.00014176357945
        dvar2: 0.000325283705024
        max: 0.218537509441
        mean: 0.140624046326
        min: 0.0763186588883
        var: 0.000284135399852
    spectral_flux:
        dmean: 0.00824339315295
        dmean2: 0.0122990319505
        dvar: 9.04595217435e-05
        dvar2: 0.000176955349161
        max: 0.105850629508
        mean: 0.0426551215351
        min: 0.0140188867226
        var: 0.000171637089807
    spectral_kurtosis:
        dmean: 0.729697465897
        dmean2: 1.24334836006
        dvar: 0.457486927509
        dvar2: 1.0828346014
        max: 8.87956237793
        mean: 3.49178218842
        min: 1.12268829346
        var: 1.08658480644
    spectral_rms:
        dmean: 0.000314682605676
        dmean2: 0.000502254581079
        dvar: 1.38173078312e-07
        dvar2: 3.32786839863e-07
        max: 0.00392843270674
        mean: 0.00210831617005
        min: 0.00099950178992
        var: 2.22815728534e-07
    spectral_rolloff:
        dmean: 229.034927368
        dmean2: 380.302429199
        dvar: 194837.21875
        dvar2: 410576.71875
        max: 4414.30664062
        mean: 3720.08544922
        min: 236.865234375
        var: 286269.28125
    spectral_skewness:
        dmean: 0.129437208176
        dmean2: 0.207064568996
        dvar: 0.014441463165
        dvar2: 0.0302530378103
        max: 2.63998317719
        mean: 1.23886883259
        min: 0.836444079876
        var: 0.0272975713015
    spectral_spread:
        dmean: 431838.71875
        dmean2: 608791.75
        dvar: 252601565184
        dvar2: 429220626432
        max: 11761702
        mean: 4465666.5
        min: 3229462.5
        var: 664565514240
    spectral_strongpeak:
        dmean: 0.486405104399
        dmean2: 0.88819617033
        dvar: 0.472892522812
        dvar2: 1.23905301094
        max: 5.02072620392
        mean: 0.514696896076
        min: 0.0203066635877
        var: 0.513299405575
    zerocrossingrate:
        dmean: 0.00745397200808
        dmean2: 0.00933894887567
        dvar: 5.5178454204e-05
        dvar2: 7.11318352842e-05
        max: 0.1455078125
        mean: 0.117505453527
        min: 0.0498046875
        var: 0.000241046451265
    barkbands:
        dmean: [8.56480539824e-08, 5.68770847167e-05, 0.000152685301146, 0.000204870681046, 0.000427374034189, 0.000131756081828, 0.000144548845128, 8.47619376145e-05, 5.69585208723e-05, 5.40575274499e-05, 3.73990733351e-05, 3.73151997337e-05, 3.03837823594e-05, 3.79396988137e-05, 7.06434002495e-05, 0.000181365656317, 0.00018472969532, 0.000149974657688, 0.000356831471436, 0.000222865550313, 9.61698460742e-05, 2.8375090551e-05, 5.2099212553e-06, 1.34978643018e-06, 9.74340650828e-07, 6.45096633889e-08, 1.83077808469e-09]
        dmean2: [1.16057691457e-07, 9.69026514213e-05, 0.000243436734308, 0.000342654151609, 0.000670074950904, 0.000234533217736, 0.000237719141296, 0.000141615295433, 9.7835843917e-05, 8.1751626567e-05, 6.052394383e-05, 5.85983361816e-05, 5.00482710777e-05, 5.97692960582e-05, 0.000117523610243, 0.0002967970795, 0.000308353337459, 0.000258070387645, 0.000607015565038, 0.000377490621759, 0.000158446608111, 4.51485866506e-05, 8.45748945721e-06, 2.14021565625e-06, 1.38636744396e-06, 9.50873939587e-08, 2.03144834288e-09]
        dvar: [4.02519651724e-13, 1.15339213735e-08, 5.21897263184e-08, 8.92445015666e-08, 5.56001566565e-07, 5.60409603167e-08, 1.27517310489e-07, 1.27238394043e-07, 1.51650478841e-08, 1.41999008108e-08, 1.58082258395e-09, 1.46199896633e-09, 1.74343273152e-09, 2.69483124704e-09, 5.67639846238e-09, 3.12202885766e-08, 3.05857241756e-08, 2.69753428483e-08, 2.06596993735e-07, 6.47340741011e-08, 1.44496627996e-08, 2.01882643935e-09, 4.35310225366e-11, 3.71816076192e-12, 9.37371165931e-13, 4.47580806714e-15, 1.03021811578e-15]
        dvar2: [4.10466203127e-13, 2.92421926673e-08, 1.15849381643e-07, 2.20578883159e-07, 1.39662586207e-06, 1.36301821385e-07, 3.10810236215e-07, 3.37103642778e-07, 4.02405646582e-08, 2.41144295643e-08, 4.29146806979e-09, 3.33505911776e-09, 4.15111678365e-09, 6.83550060998e-09, 1.45380356642e-08, 8.47669738846e-08, 8.87241924374e-08, 7.36440810556e-08, 5.71635382585e-07, 1.72982396407e-07, 3.77661848461e-08, 4.8262318586e-09, 1.09181177987e-10, 8.60127247204e-12, 2.04708559132e-12, 7.14355993385e-15, 1.03239393166e-15]
        max: [1.31035612867e-05, 0.000550212338567, 0.00280045252293, 0.00241037970409, 0.00620048865676, 0.00266865408048, 0.00521569745615, 0.00485195824876, 0.0010592371691, 0.00230636820197, 0.000341192993801, 0.000472435349366, 0.000545534305274, 0.000388079904951, 0.000708050560206, 0.00178437528666, 0.0019048624672, 0.00117976847105, 0.00356752076186, 0.00190430507064, 0.00146062776912, 0.000409468600992, 6.31975053693e-05, 2.49761887972e-05, 1.03743195723e-05, 7.3341254847e-07, 6.65910647513e-07]
        mean: [9.98883251668e-08, 5.07283075422e-05, 0.000219095643843, 0.000301763735479, 0.000619949249085, 0.000181262323167, 0.000183313837624, 0.000106022984255, 7.66645753174e-05, 9.67710875557e-05, 6.45481632091e-05, 7.26518555894e-05, 4.71051207569e-05, 5.81866661378e-05, 0.000143892582855, 0.000372533948394, 0.000374723545974, 0.000283456756733, 0.000689890061039, 0.000506870157551, 0.000272741628578, 4.72610990983e-05, 9.51166202867e-06, 3.05939352074e-06, 2.29579381994e-06, 1.09445608132e-07, 1.85231263661e-09]
        min: [4.90268832476e-11, 9.8625534406e-08, 6.56959969092e-07, 7.62750460126e-06, 5.62183886359e-05, 5.68025825487e-06, 1.14250701699e-06, 1.80310436804e-07, 2.59217677012e-06, 2.38774896388e-06, 2.54688484347e-06, 2.54073779615e-06, 1.86643308098e-06, 1.28329406834e-06, 5.50625281903e-06, 1.03850388768e-05, 2.26061292778e-05, 3.67308748537e-05, 4.19718999183e-05, 5.23330782016e-05, 2.72161178145e-05, 5.25753739566e-06, 1.41923715091e-06, 5.13601548846e-07, 3.69713490045e-07, 2.77778422486e-09, 1.41709045757e-13]
        var: [4.03258752345e-13, 9.38947586349e-09, 9.8178034591e-08, 1.48152864199e-07, 7.10773804258e-07, 6.20576514621e-08, 2.3041857844e-07, 1.76876113755e-07, 1.34594291268e-08, 6.19619768827e-08, 2.42753395163e-09, 3.30465166343e-09, 2.56696530698e-09, 3.25160742776e-09, 9.90297710501e-09, 5.55983881156e-08, 4.92003522368e-08, 2.88031216655e-08, 2.01239075182e-07, 7.77778055294e-08, 1.98802805329e-08, 2.8783824213e-09, 7.15548315045e-11, 9.65972180716e-12, 2.80170916848e-12, 8.95252161249e-15, 1.02803118259e-15]
    mfcc:
        mean: [-688.237487793, 86.9782104492, -54.3694000244, 64.9050598145, -8.96384716034, -4.70293569565, 1.47056603432, -9.46680641174, 0.0528828278184, -11.8678483963, -15.1981906891, -10.2418832779, -1.83679175377]
        cov: [[628.163452148, -35.5960769653, 56.6933441162, -75.663269043, -100.242668152, -21.7462272644, -110.263618469, -25.108959198, -32.5310974121, 17.9386196136, 74.2542572021, -1.24101316929, 6.23434305191], [-35.5960769653, 111.757751465, -11.0398054123, 18.4938259125, -7.20899629593, 1.09319341183, 2.29634141922, -9.68035125732, 0.22244143486, 2.4118578434, -0.649530589581, 13.2325696945, -10.9137430191], [56.6933441162, -11.0398054123, 228.778045654, 19.4083118439, -6.15786743164, -2.38762331009, -41.6535148621, 19.1579227448, -9.28457927704, 1.58212566376, 41.1761016846, -2.00582671165, -5.82848596573], [-75.663269043, 18.4938259125, 19.4083118439, 92.446434021, 66.3777923584, 31.7888813019, 31.0094089508, 25.1278553009, 3.81895184517, 10.8927326202, 5.06698083878, 12.6738977432, 13.5816040039], [-100.242668152, -7.20899629593, -6.15786743164, 66.3777923584, 99.9147338867, 41.2578811646, 47.9868164062, 20.8789386749, 7.47513055801, 7.26389503479, -11.4244689941, 9.00768184662, 12.7938299179], [-21.7462272644, 1.09319341183, -2.38762331009, 31.7888813019, 41.2578811646, 67.6787567139, 49.7930641174, 21.3819141388, 0.809325158596, 10.1009702682, 12.6575574875, 1.48291730881, 5.80261325836], [-110.263618469, 2.29634141922, -41.6535148621, 31.0094089508, 47.9868164062, 49.7930641174, 99.2978210449, 42.5790519714, 17.4504241943, 12.0320453644, -5.88045883179, 2.41572237015, 6.32325077057], [-25.108959198, -9.68035125732, 19.1579227448, 25.1278553009, 20.8789386749, 21.3819141388, 42.5790519714, 69.8722000122, 23.1842365265, 15.3809518814, 15.4256334305, -0.755636453629, 9.67496490479], [-32.5310974121, 0.22244143486, -9.28457927704, 3.81895184517, 7.47513055801, 0.809325158596, 17.4504241943, 23.1842365265, 51.978931427, 21.814825058, 6.28066730499, 3.21672511101, 1.86147749424], [17.9386196136, 2.4118578434, 1.58212566376, 10.8927326202, 7.26389503479, 10.1009702682, 12.0320453644, 15.3809518814, 21.814825058, 52.1415519714, 31.0031909943, 10.0048484802, 6.3134059906], [74.2542572021, -0.649530589581, 41.1761016846, 5.06698083878, -11.4244689941, 12.6575574875, -5.88045883179, 15.4256334305, 6.28066730499, 31.0031909943, 63.6594581604, 18.6867275238, 12.0501556396], [-1.24101316929, 13.2325696945, -2.00582671165, 12.6738977432, 9.00768184662, 1.48291730881, 2.41572237015, -0.755636453629, 3.21672511101, 10.0048484802, 18.6867275238, 42.6070785522, 20.7073822021], [6.23434305191, -10.9137430191, -5.82848596573, 13.5816040039, 12.7938299179, 5.80261325836, 6.32325077057, 9.67496490479, 1.86147749424, 6.3134059906, 12.0501556396, 20.7073822021, 47.3667907715]]
        icov: [[0.00280113983899, 0.00056068674894, 0.000444503559265, 0.00127394415904, 0.00113535835408, -0.00215470232069, 0.00365069764666, -0.0011768162949, 0.00153114134446, -0.00089348613983, -0.002149857115, 0.000390238157706, -0.000404518388677], [0.00056068674894, 0.0121165560558, 0.000650963454973, -0.00643477821723, 0.00643850397319, -0.00180759478826, -0.000322938227328, 0.00200683623552, -0.000473122199764, -0.000835168815684, 0.00183878757525, -0.00609187921509, 0.00508403591812], [0.000444503559265, 0.000650963454973, 0.00669305678457, -0.00173287768848, -0.000592971802689, -0.000549744407181, 0.00500480132177, -0.00369970779866, 0.00120118749328, 0.00227875867859, -0.00530288740993, 0.00103105430026, 0.00227439193986], [0.00127394415904, -0.00643477821723, -0.00173287768848, 0.027899293229, -0.0175821632147, -0.00185822381172, 0.00396931031719, -0.00645011290908, 0.00377407157794, -0.00191685545724, -0.00227932934649, -0.000100979610579, -0.00336779560894], [0.00113535835408, 0.00643850397319, -0.000592971802689, -0.0175821632147, 0.030642401427, -0.0103232972324, -0.00261791725643, 0.00233601499349, -0.00178386003245, -0.00410606246442, 0.0113928178325, -0.00644540833309, -0.000300309999147], [-0.00215470232069, -0.00180759478826, -0.000549744407181, -0.00185822381172, -0.0103232972324, 0.0352272428572, -0.0185917727649, 0.00450220005587, 0.00343652907759, 0.00364459631965, -0.0130268922076, 0.00790629722178, -0.000395724899136], [0.00365069764666, -0.000322938227328, 0.00500480132177, 0.00396931031719, -0.00261791725643, -0.0185917727649, 0.0330451987684, -0.0159705318511, 0.000812282145489, -0.00393893104047, 0.00498080905527, -0.00381945166737, 0.00165388674941], [-0.0011768162949, 0.00200683623552, -0.00369970779866, -0.00645011290908, 0.00233601499349, 0.00450220005587, -0.0159705318511, 0.030012762174, -0.00994163937867, 0.00257168989629, -0.00639949226752, 0.00705155171454, -0.00457607908174], [0.00153114134446, -0.000473122199764, 0.00120118749328, 0.00377407157794, -0.00178386003245, 0.00343652907759, 0.000812282145489, -0.00994163937867, 0.0295021887869, -0.0123469978571, 0.00194489129353, -0.00174605706707, 0.00149299215991], [-0.00089348613983, -0.000835168815684, 0.00227875867859, -0.00191685545724, -0.00410606246442, 0.00364459631965, -0.00393893104047, 0.00257168989629, -0.0123469978571, 0.0364366434515, -0.0202433969826, 0.00267659290694, 0.00102680118289], [-0.002149857115, 0.00183878757525, -0.00530288740993, -0.00227932934649, 0.0113928178325, -0.0130268922076, 0.00498080905527, -0.00639949226752, 0.00194489129353, -0.0202433969826, 0.043182361871, -0.0162025243044, -0.00141207675915], [0.000390238157706, -0.00609187921509, 0.00103105430026, -0.000100979610579, -0.00644540833309, 0.00790629722178, -0.00381945166737, 0.00705155171454, -0.00174605706707, 0.00267659290694, -0.0162025243044, 0.0410595759749, -0.0155734969303], [-0.000404518388677, 0.00508403591812, 0.00227439193986, -0.00336779560894, -0.000300309999147, -0.000395724899136, 0.00165388674941, -0.00457607908174, 0.00149299215991, 0.00102680118289, -0.00141207675915, -0.0155734969303, 0.0313974879682]]
    spectral_contrast:
        mean: [4.70588645385e-07, -9.28506977971e-08, 7.20193895631e-08, 9.60301846931e-08, -1.32499039296e-07, 7.41419370343e-08, -3.02278726849e-06, -1.00011050108e-07, 2.03071635951e-07, 1.20481081467e-06, -1.61902846685e-07, -2.41440397986e-06]
        var: [0.000193860454601, 0.000339013611665, 0.000737749680411, 0.00148781912867, 0.00248078000732, 0.00307682179846, 0.0248037278652, 0.0567900575697, 0.100796289742, 0.152545288205, 0.329130798578, 0.530665755272]

rhythm:
    beats_loudness:
        dmean: 0.00161500519607
        dmean2: 0.00248601520434
        dvar: 2.3887550924e-06
        dvar2: 4.86795579491e-06
        max: 0.00907055847347
        mean: 0.00615930743515
        min: 0.00325911166146
        var: 3.21899165101e-06
    beats_loudness_bass:
        dmean: 0.0714720711112
        dmean2: 0.125540956855
        dvar: 0.0106658069417
        dvar2: 0.0359880886972
        max: 0.407012611628
        mean: 0.0839650556445
        min: 0.0114718135446
        var: 0.00759762851521
    bpm: 93.5509109497
    bpm_confidence: 0
    first_peak_bpm: 94
    first_peak_spread: 0
    first_peak_weight: 0.470588237047
    onset_rate: 3.98763012886
    second_peak_bpm: 129
    second_peak_spread: 0
    second_peak_weight: 0.470588237047
    beats_position: [0.374125778675, 1.01548993587, 1.65685427189, 2.29821848869, 2.93958282471, 3.5809469223, 4.22231149673, 4.86367559433, 5.50503969193, 6.19840764999, 6.66450786591, 7.13060951233, 7.59671068192, 8.0628118515, 8.52891254425, 8.99501419067, 9.46111488342, 9.92721652985]
    bpm_estimates: [93.8591079712, 93.5816650391, 93.5518188477, 93.3140563965, 93.2530593872, 93.7460479736, 93.318145752, 93.5978546143, 93.5659103394, 93.6136398315, 93.6587982178]
    bpm_intervals: [0.6413641572, 0.641364336014, 0.641364216805, 0.641364336014, 0.641364097595, 0.641364574432, 0.641364097595, 0.641364097595, 0.693367958069, 0.466100215912, 0.466101646423, 0.466101169586, 0.466101169586, 0.466100692749, 0.466101646423, 0.466100692749, 0.466101646423]
    onset_times: [0.0464399084449, 0.220589563251, 0.359909296036, 0.684988677502, 1.01006805897, 1.31192743778, 1.64861679077, 1.79954648018, 1.97369611263, 2.28716564178, 2.46131515503, 2.79800462723, 2.93732428551, 3.25079369545, 3.58748292923, 3.90095233917, 4.22603178024, 4.55111122131, 4.88780021667, 5.0387301445, 5.27092981339, 5.52634906769, 5.83981847763, 6.1648979187, 6.81505680084, 7.14013624191, 7.45360565186, 7.60453510284, 7.90639448166, 8.05732440948, 8.20825386047, 8.34757328033, 8.67265319824, 8.84680271149, 8.99773216248, 9.14866256714, 9.29959201813, 9.47374153137, 9.58984088898, 9.93814086914]
    rubato_start: [6.66450786591]
    rubato_stop: [7.13060951233]
    perceptual_tempo: "unknown"

sfx:
    inharmonicity:
        dmean: 0.0578206330538
        dmean2: 0.0981385707855
        dvar: 0.00253665889613
        dvar2: 0.00717608211562
        max: 0.32461720705
        mean: 0.0747871696949
        min: 0.000324459309923
        var: 0.00348397297785
    oddtoevenharmonicenergyratio:
        dmean: 2.33621621132
        dmean2: 4.38759851456
        dvar: 63.451461792
        dvar2: 186.505859375
        max: 108.745346069
        mean: 1.71770000458
        min: 0.000597377074882
        var: 34.3283081055
    pitch_after_max_to_before_max_energy_ratio: 48.3830223083
    pitch_centroid: 223.515579224
    pitch_max_to_total: 0.0302325580269
    pitch_min_to_total: 0.253488361835
    tristimulus:
        dmean: [0.16463790834, 0.287462890148, 0.187807485461]
        dmean2: [0.291542470455, 0.495909303427, 0.332181632519]
        dvar: [0.0254021622241, 0.0541688650846, 0.0237420909107]
        dvar2: [0.0685774758458, 0.159524947405, 0.0668838992715]
        max: [0.939746499062, 0.991993486881, 0.774757504463]
        mean: [0.241870597005, 0.49051886797, 0.191522106528]
        min: [0.00800653267652, 0, 0]
        var: [0.0339270830154, 0.0715318471193, 0.0329062379897]

tonal:
    chords_changes_rate: 0.138888895512
    chords_number_rate: 0.0416666679084
    chords_strength:
        dmean: 0.0151828881353
        dmean2: 0.0153157925233
        dvar: 0.000114842849143
        dvar2: 0.00018237241602
        max: 0.569432377815
        mean: 0.395972639322
        min: 0.200845643878
        var: 0.00671085342765
    key_strength: 0.305190145969
    tuning_diatonic_strength: 0.317562550306
    tuning_equal_tempered_deviation: 0.180921435356
    tuning_frequency: 439.745910645
    tuning_nontempered_energy_ratio: 0.854141592979
    hpcp:
        dmean: [0.17422118783, 0.214315250516, 0.221923291683, 0.198434323072, 0.191122099757, 0.170058682561, 0.187630236149, 0.170174866915, 0.192064628005, 0.197982475162, 0.188907682896, 0.192978471518, 0.188402011991, 0.188699945807, 0.161268830299, 0.156317278743, 0.179656729102, 0.175584688783, 0.144689112902, 0.137718454003, 0.17852203548, 0.15845285356, 0.139936730266, 0.131104111671, 0.121468298137, 0.129569754004, 0.143809527159, 0.137068137527, 0.132251769304, 0.151959016919, 0.177395641804, 0.18455670774, 0.225057631731, 0.259460419416, 0.237891659141, 0.20360083878]
        dmean2: [0.282876670361, 0.350579470396, 0.371613264084, 0.332177102566, 0.321269392967, 0.288134783506, 0.322790414095, 0.287246018648, 0.323706805706, 0.334363490343, 0.319967240095, 0.317828416824, 0.305462032557, 0.315935254097, 0.274784386158, 0.266092717648, 0.305402457714, 0.299995064735, 0.241091400385, 0.240545004606, 0.308648794889, 0.26655575633, 0.243199780583, 0.235986098647, 0.21225014329, 0.223095491529, 0.254297494888, 0.236515745521, 0.229932814837, 0.256754219532, 0.295542895794, 0.318838596344, 0.409520059824, 0.457426160574, 0.422967940569, 0.362534403801]
        dvar: [0.0234366301447, 0.0346407406032, 0.0387742333114, 0.0271648168564, 0.0350546650589, 0.0290138293058, 0.0311538390815, 0.0250924993306, 0.0351074188948, 0.0420931465924, 0.0363361351192, 0.0284495018423, 0.0307063851506, 0.0300961341709, 0.02372119762, 0.0206524487585, 0.0309094656259, 0.0248247701675, 0.0129411844537, 0.0202910359949, 0.0322796925902, 0.029057348147, 0.0296149756759, 0.0313164032996, 0.0242776628584, 0.024444501847, 0.0299308858812, 0.0273862387985, 0.0289542488754, 0.0236327592283, 0.0342372953892, 0.0273177474737, 0.0475316680968, 0.0728724002838, 0.0531431138515, 0.0320332050323]
        dvar2: [0.0572300851345, 0.0964042246342, 0.105562575161, 0.0808789655566, 0.10983402282, 0.0837702006102, 0.0745766609907, 0.065622203052, 0.0963834971189, 0.102371625602, 0.0766334980726, 0.0775305405259, 0.0781202018261, 0.0756586119533, 0.0607401318848, 0.0481986403465, 0.0762657746673, 0.0696584060788, 0.0372181124985, 0.058193270117, 0.100779309869, 0.0779514685273, 0.0817625820637, 0.0985660925508, 0.0576582103968, 0.0653881505132, 0.0818984955549, 0.0726411789656, 0.0798588320613, 0.0648526102304, 0.0840575024486, 0.0715180709958, 0.124788179994, 0.181009352207, 0.153297454119, 0.0929352715611]
        max: [1, 1, 1, 1, 1, 1, 1, 1, 1, 1, 1, 1, 1, 1, 1, 1, 1, 1, 0.774267315865, 0.834596812725, 1, 1, 1, 1, 1, 1, 1, 1, 1, 1, 1, 1, 1, 1, 1, 1]
        mean: [0.373426407576, 0.418500900269, 0.418532639742, 0.39493060112, 0.352692782879, 0.338153392076, 0.381473869085, 0.339419513941, 0.333632022142, 0.424977809191, 0.409831225872, 0.341473579407, 0.341396927834, 0.3517126441, 0.315774947405, 0.322861284018, 0.343970537186, 0.327689766884, 0.278152316809, 0.222025677562, 0.251693218946, 0.29485309124, 0.225650578737, 0.161200940609, 0.176243528724, 0.175775527954, 0.187706112862, 0.203287348151, 0.195988535881, 0.259687960148, 0.35778298974, 0.339540332556, 0.342204809189, 0.384370237589, 0.341204226017, 0.326897472143]
        min: [0.0158294290304, 0.0182598959655, 0.0191167742014, 0.0210555009544, 0.0262173786759, 0.0141630247235, 0.00868404842913, 0.00669647520408, 0.0372163951397, 0.0431072749197, 0.0205263849348, 0.0227493494749, 0.00739518878981, 0.00787864252925, 0.00698030740023, 0.00741795776412, 0.0086685391143, 0.00867902953178, 0.00807351991534, 0.00805990956724, 0.00764146726578, 0.00430783163756, 0.00533842667937, 0.00962171144783, 0.0094745522365, 0.00492152944207, 0.00476868217811, 0.00731712859124, 0.00485263438895, 0.0047362614423, 0.00710095651448, 0.00724563375115, 0.00519607542083, 0.00509148417041, 0.0122699281201, 0.0270251389593]
        var: [0.0673905238509, 0.0700394064188, 0.0616140887141, 0.0511239208281, 0.0510943233967, 0.0454948432744, 0.0696539282799, 0.0446026772261, 0.0497557856143, 0.0958452895284, 0.0841150283813, 0.0492922849953, 0.0541901029646, 0.0596144646406, 0.042150888592, 0.0524295791984, 0.0619676634669, 0.0426819324493, 0.0287520028651, 0.0242329761386, 0.0386979877949, 0.0663888901472, 0.0450702607632, 0.0286402832717, 0.043110653758, 0.0361247882247, 0.030282381922, 0.028491627425, 0.0295587033033, 0.0371613651514, 0.0833900123835, 0.0505789257586, 0.0590942874551, 0.0871513858438, 0.0594349056482, 0.0505261160433]
    chords_histogram: [32.8703689575, 0, 0, 5.09259271622, 18.0555553436, 0, 0, 0, 0, 7.40740728378, 3.24074077606, 4.16666650772, 0, 7.87037038803, 0, 0, 0, 0, 0, 0, 0, 7.87037038803, 13.4259262085, 0]
    thpcp: [1, 0.964359104633, 0.803509175777, 0.803328812122, 0.827602386475, 0.743038654327, 0.759713292122, 0.809384703636, 0.7710750103, 0.654510200024, 0.522440612316, 0.592250287533, 0.693808197975, 0.530970275402, 0.379316151142, 0.414712309837, 0.413611084223, 0.441684514284, 0.478348135948, 0.461173564196, 0.611062407494, 0.841886281967, 0.798960149288, 0.805229842663, 0.904447793961, 0.80287539959, 0.76921069622, 0.878696262836, 0.984759390354, 0.984834074974, 0.929296970367, 0.8299087286, 0.795696616173, 0.897632420063, 0.798675835133, 0.785057485104]
    chords_key: "G"
    chords_scale: "minor"
    key_key: "G"
    key_scale: "minor"
    chords_progression: ["Cm", "Cm", "Cm", "Cm", "Cm", "Cm", "Cm", "Cm", "Cm", "Cm", "Cm", "Cm", "Cm", "Cm", "Cm", "Cm", "Cm", "Cm", "Cm", "Cm", "Cm", "Cm", "Am", "Am", "Am", "Am", "Am", "Am", "Am", "Am", "Am", "Am", "Am", "Am", "Cm", "Cm", "Cm", "D", "D", "Cm", "Cm", "Gm", "Gm", "Gm", "Gm", "Gm", "Cm", "Cm", "Gm", "Gm", "Gm", "Gm", "D", "Gm", "D", "D", "Gm", "D", "D", "D", "D", "D", "D", "Gm", "Gm", "Gm", "Gm", "Gm", "Gm", "Gm", "Gm", "Gm", "Gm", "Gm", "Gm", "Gm", "Gm", "Gm", "Gm", "Gm", "Gm", "F#m", "F#m", "F#m", "F#m", "F#m", "F", "F", "Am", "Am", "Am", "Am", "F#m", "F#m", "Am", "G#", "G#", "G#", "G#", "G#", "G#", "G#", "G#", "G#", "G#", "G#", "G#", "Am", "Am", "A", "A", "A", "A", "A", "A", "A", "A", "E", "E", "E", "E", "E", "E", "E", "E", "E", "E", "E", "E", "E", "E", "E", "E", "E", "A", "Am", "Am", "Am", "Am", "Am", "Am", "Am", "D", "D", "D", "D", "D", "Gm", "Gm", "Gm", "Gm", "Gm", "Gm", "Gm", "Gm", "Gm", "Gm", "Gm", "Gm", "Gm", "Gm", "Gm", "Gm", "Gm", "Gm", "Gm", "Gm", "Gm", "Gm", "Gm", "Gm", "Gm", "Gm", "Gm", "Gm", "Gm", "Gm", "Gm", "Gm", "Gm", "Gm", "Gm", "Gm", "Gm", "Gm", "Gm", "Gm", "Gm", "Gm", "F", "G#", "G#", "G#", "G#", "G#", "F", "F", "F", "F", "F", "F", "F", "F", "Am", "Am", "Am", "Am", "Am", "Am", "Am", "Am", "Am", "Am", "Am", "Am", "Am"]
