
metadata:
    version:
        essentia: "1.2.2"
    audio_properties:
        analysis_sample_rate: 44100
        bitrate: 128
        channels: 2
        equal_loudness: 1
        length: 10.0048980713
        replay_gain: -13.1999034882
        downmix: "mix"
    tags:
        track: 9
        year: 0
        album: "Splitted by Mp3Splt v. 2.1"
        artist: "From 001.20 To 001.30"
        comment: "http://mp3splt.sf.net"
        genre: ""
        title: "01 It.mp3"

highlevel:
    ballroom:
        all:
            ChaChaCha: 0.196796000004
            Jive: 0.581132292747
            Quickstep: 0.00181416224223
            Rumba-American: 0.00078394904267
            Rumba-International: 0.00130872649606
            Rumba-Misc: 0.00353452423587
            Samba: 0.212542325258
            Tango: 0.000741993717384
            VienneseWaltz: 0.000689716194756
            Waltz: 0.00065634411294
        probability: 0.581132292747
        value: "Jive"
    culture:
        all:
            non_western: 0.0736917033792
            western: 0.926308274269
        probability: 0.926308274269
        value: "western"
    gender:
        all:
            female: 0.478365987539
            male: 0.521633982658
        probability: 0.521633982658
        value: "male"
    genre_dortmund:
        all:
            alternative: 0.050327450037
            blues: 0.0015886266483
            electronic: 0.220844656229
            folkcountry: 0.00389817752875
            funksoulrnb: 0.0136723285541
            jazz: 0.00578355835751
            pop: 0.0151883130893
            raphiphop: 0.0328662209213
            rock: 0.655830681324
        probability: 0.655830681324
        value: "rock"
    genre_electronica:
        all:
            ambient: 0.0651105716825
            dnb: 0.437362879515
            house: 0.0173526760191
            techno: 0.0988911315799
            trance: 0.381282746792
        probability: 0.437362879515
        value: "dnb"
    genre_rosamerica:
        all:
            cla: 0.00269491877407
            dan: 0.594368815422
            hip: 0.0540288612247
            jaz: 0.00062819046434
            pop: 0.00555784115568
            rhy: 0.00157394923735
            roc: 0.339088827372
            spe: 0.00205862498842
        probability: 0.594368815422
        value: "dan"
    genre_tzanetakis:
        all:
            blu: 0.00600412953645
            cla: 0.015342024155
            cou: 0.011555605568
            dis: 0.118553467095
            hip: 0.118245594203
            jaz: 0.016132125631
            met: 0.338561147451
            pop: 0.257217794657
            reg: 0.0660940408707
            roc: 0.052294049412
        probability: 0.338561147451
        value: "met"
    live_studio:
        all:
            live: 0.0474451035261
            studio: 0.952554881573
        probability: 0.952554881573
        value: "studio"
    mood:
        all:
            Cluster1: 0.246236026287
            Cluster2: 0.0795186161995
            Cluster3: 0.0101557075977
            Cluster4: 0.0203743800521
            Cluster5: 0.643715262413
        probability: 0.643715262413
        value: "Cluster5"
    mood_acoustic:
        all:
            acoustic: 0.0123425843194
            not_acoustic: 0.987657427788
        probability: 0.987657427788
        value: "not_acoustic"
    mood_aggressive:
        all:
            aggressive: 0.999711930752
            not_aggressive: 0.000288042036118
        probability: 0.999711930752
        value: "aggressive"
    mood_electronic:
        all:
            electronic: 0.905664741993
            not_electronic: 0.0943352729082
        probability: 0.905664741993
        value: "electronic"
    mood_happy:
        all:
            happy: 0.0492762550712
            not_happy: 0.950723767281
        probability: 0.950723767281
        value: "not_happy"
    mood_party:
        all:
            not_party: 0.0342822596431
            party: 0.965717732906
        probability: 0.965717732906
        value: "party"
    mood_relaxed:
        all:
            not_relaxed: 0.828985869884
            relaxed: 0.171014159918
        probability: 0.828985869884
        value: "not_relaxed"
    mood_sad:
        all:
            not_sad: 0.999998450279
            sad: 1.55384248046e-06
        probability: 0.999998450279
        value: "not_sad"
    rhythm:
        all:
            fast: 0.82958984375
            medium: 0.128860294819
            slow: 0.0415498502553
        probability: 0.82958984375
        value: "fast"
    speech_music:
        all:
            music: 0.999996125698
            speech: 3.88392982131e-06
        probability: 0.999996125698
        value: "music"
    timbre:
        all:
            bright: 0.1798414886
            dark: 0.820158541203
        probability: 0.820158541203
        value: "dark"
    voice_instrumental:
        all:
            instrumental: 0.742424607277
            voice: 0.257575422525
        probability: 0.742424607277
        value: "instrumental"

lowlevel:
    average_loudness: 0.956729710102
    barkbands_kurtosis:
        dmean: 1.45186448097
        dmean2: 2.32698488235
        dvar: 11.2111682892
        dvar2: 25.0757694244
        max: 64.667640686
        mean: 0.391048789024
        min: -1.88174557686
        var: 18.2909812927
    barkbands_skewness:
        dmean: 0.438694834709
        dmean2: 0.672883927822
        dvar: 0.176521763206
        dvar2: 0.369231075048
        max: 1.75469613075
        mean: -0.809788107872
        min: -6.36956930161
        var: 0.77424120903
    barkbands_spread:
        dmean: 8.10768985748
        dmean2: 13.0408782959
        dvar: 63.3896980286
        dvar2: 144.593383789
        max: 84.1105117798
        mean: 36.2852592468
        min: 2.21698856354
        var: 228.761291504
    dissonance:
        dmean: 0.00870514474809
        dmean2: 0.0146641917527
        dvar: 8.11741483631e-05
        dvar2: 0.000201455666684
        max: 0.499619662762
        mean: 0.486198186874
        min: 0.42022356391
        var: 0.000157234811923
    hfc:
        dmean: 3.64014077187
        dmean2: 5.70566225052
        dvar: 15.2320613861
        dvar2: 34.5250892639
        max: 44.8241081238
        mean: 15.7897939682
        min: 0.0143124777824
        var: 88.8696060181
    pitch:
        dmean: 687.367919922
        dmean2: 1268.72155762
        dvar: 1279205.5
        dvar2: 3419046.25
        max: 4900
        mean: 3098.47119141
        min: 78.60962677
        var: 2399147
    pitch_instantaneous_confidence:
        dmean: 0.0738237053156
        dmean2: 0.119201622903
        dvar: 0.00468637933955
        dvar2: 0.0117027945817
        max: 0.756028532982
        mean: 0.328491002321
        min: 0.114159762859
        var: 0.0101560102776
    pitch_salience:
        dmean: 0.0476392805576
        dmean2: 0.0807336270809
        dvar: 0.00215138262138
        dvar2: 0.00521364808083
        max: 0.856698036194
        mean: 0.722327947617
        min: 0.258574485779
        var: 0.00449000531808
    silence_rate_20dB:
        dmean: 0
        dmean2: 0
        dvar: 0
        dvar2: 0
        max: 1
        mean: 1
        min: 1
        var: 0
    silence_rate_30dB:
        dmean: 0
        dmean2: 0
        dvar: 0
        dvar2: 0
        max: 1
        mean: 1
        min: 1
        var: 0
    silence_rate_60dB:
        dmean: 0.0651162788272
        dmean2: 0.128205135465
        dvar: 0.0608760751784
        dvar2: 0.144403070211
        max: 1
        mean: 0.229698374867
        min: 0
        var: 0.176938399673
    spectral_centroid:
        dmean: 345.958343506
        dmean2: 533.189086914
        dvar: 127147.109375
        dvar2: 260196.453125
        max: 5057.07226562
        mean: 2737.73583984
        min: 301.107849121
        var: 810317.75
    spectral_complexity:
        dmean: 4.24299049377
        dmean2: 6.96721315384
        dvar: 17.716676712
        dvar2: 36.7436485291
        max: 49
        mean: 21.7389278412
        min: 0
        var: 155.684402466
    spectral_crest:
        dmean: 1.4715873003
        dmean2: 2.46229577065
        dvar: 3.18716049194
        dvar2: 8.826628685
        max: 16.6379261017
        mean: 5.82121229172
        min: 2.92653465271
        var: 5.72927093506
    spectral_decrease:
        dmean: 1.77820327907e-10
        dmean2: 2.83524925759e-10
        dvar: 4.00939903589e-20
        dvar2: 8.80951940636e-20
        max: -8.55510540881e-12
        mean: -1.01885677672e-09
        min: -2.33865926624e-09
        var: 3.12385430415e-19
    spectral_energy:
        dmean: 0.000946305808611
        dmean2: 0.00150257186033
        dvar: 1.13229020826e-06
        dvar2: 2.50742959906e-06
        max: 0.0128790372983
        mean: 0.00527757918462
        min: 3.35870536219e-05
        var: 8.46308921609e-06
    spectral_energyband_high:
        dmean: 0.000501320057083
        dmean2: 0.000754326523747
        dvar: 2.62305860588e-07
        dvar2: 6.2921543531e-07
        max: 0.00523426337168
        mean: 0.00162185903173
        min: 9.86826509397e-10
        var: 1.2902837625e-06
    spectral_energyband_low:
        dmean: 0.000216477055801
        dmean2: 0.000351697322913
        dvar: 9.18308202813e-08
        dvar2: 2.22130708494e-07
        max: 0.00232031568885
        mean: 0.000392593588913
        min: 1.04231141052e-07
        var: 1.96523444629e-07
    spectral_energyband_middle_high:
        dmean: 0.000585075700656
        dmean2: 0.000950592686422
        dvar: 4.4103177288e-07
        dvar2: 9.78675871011e-07
        max: 0.00707346946001
        mean: 0.0024097985588
        min: 5.01573276779e-06
        var: 2.33897367252e-06
    spectral_energyband_middle_low:
        dmean: 0.000316603021929
        dmean2: 0.000519267108757
        dvar: 1.20356389743e-07
        dvar2: 2.86971300056e-07
        max: 0.00313452538103
        mean: 0.000853241304867
        min: 1.32027553263e-05
        var: 4.10644304338e-07
    spectral_flatness_db:
        dmean: 0.0146050397307
        dmean2: 0.0224513337016
        dvar: 0.000365107378457
        dvar2: 0.000784045900218
        max: 0.357327699661
        mean: 0.121345251799
        min: 0.0676581710577
        var: 0.00181641033851
    spectral_flux:
        dmean: 0.00528864236549
        dmean2: 0.00834367331117
        dvar: 3.33085772581e-05
        dvar2: 7.07743238308e-05
        max: 0.076682202518
        mean: 0.0451095998287
        min: 0.00409599579871
        var: 0.000275489146588
    spectral_kurtosis:
        dmean: 2.17299604416
        dmean2: 3.44827127457
        dvar: 61.2688026428
        dvar2: 150.437286377
        max: 88.7486419678
        mean: 3.70806479454
        min: -0.652897834778
        var: 121.840637207
    spectral_rms:
        dmean: 0.000209684891161
        dmean2: 0.000329568603775
        dvar: 5.26007575274e-08
        dvar2: 1.07728247656e-07
        max: 0.00354470242746
        mean: 0.00212295050733
        min: 0.000181018942385
        var: 6.4193795879e-07
    spectral_rolloff:
        dmean: 383.119720459
        dmean2: 611.754272461
        dvar: 232497.921875
        dvar2: 542297.75
        max: 6459.9609375
        mean: 4426.30175781
        min: 602.9296875
        var: 1448623.875
    spectral_skewness:
        dmean: 0.235138177872
        dmean2: 0.377191275358
        dvar: 0.287566840649
        dvar2: 0.699287474155
        max: 7.04857778549
        mean: 1.11666440964
        min: -0.0231942348182
        var: 0.916238129139
    spectral_spread:
        dmean: 537844.9375
        dmean2: 859890.8125
        dvar: 617713434624
        dvar2: 1.35850360832e+12
        max: 10228077
        mean: 6470557.5
        min: 589924.125
        var: 2.91651400499e+12
    spectral_strongpeak:
        dmean: 0.529907524586
        dmean2: 0.957186639309
        dvar: 0.682222962379
        dvar2: 1.61471176147
        max: 8.21067619324
        mean: 0.581450521946
        min: 0.00720479618758
        var: 0.865985155106
    zerocrossingrate:
        dmean: 0.0114061590284
        dmean2: 0.0137725044042
        dvar: 0.000144952064147
        dvar2: 0.000174469794729
        max: 0.23876953125
        mean: 0.142400562763
        min: 0.01025390625
        var: 0.0019077375764
    barkbands:
        dmean: [1.06623213014e-06, 0.00013691719505, 0.000155174071551, 9.77069066721e-05, 0.000171244158992, 0.000103478407254, 4.60807605123e-05, 5.40753535461e-05, 9.03502223082e-05, 4.28421626566e-05, 2.36537161982e-05, 2.06750464713e-05, 3.02457228827e-05, 4.62865937152e-05, 5.00437054143e-05, 7.47183075873e-05, 0.000147736107465, 0.000203357019927, 0.000264560920186, 0.000263387279119, 0.000292293931125, 0.000131897584652, 5.03131632286e-05, 3.21504885505e-05, 8.33224748931e-06, 3.69715451143e-07, 3.22590376634e-09]
        dmean2: [1.55453597017e-06, 0.00022967546829, 0.000259483000264, 0.000170111336047, 0.00028964158264, 0.000177587498911, 7.80567133916e-05, 9.01861058082e-05, 0.000157554386533, 7.25115387468e-05, 3.97809271817e-05, 3.45128682966e-05, 4.8897749366e-05, 7.82229399192e-05, 8.68952120072e-05, 0.00012760530808, 0.000236942607444, 0.000338490324793, 0.000445869372925, 0.000434094807133, 0.000460293929791, 0.000203521747608, 7.75378357503e-05, 5.50434597244e-05, 1.35964437504e-05, 5.85495740779e-07, 5.34907007577e-09]
        dvar: [2.65851945493e-12, 4.1678397622e-08, 6.67403128318e-08, 2.40358115633e-08, 5.15024680681e-08, 2.29915748662e-08, 3.53572993106e-09, 5.38287858731e-09, 2.86006649475e-08, 4.45436887375e-09, 1.07250419656e-09, 8.86746731599e-10, 1.6343242315e-09, 4.98903007795e-09, 5.14157649789e-09, 8.23435453157e-09, 2.45422171474e-08, 4.96773857606e-08, 8.27544965887e-08, 7.75321993274e-08, 9.99902098897e-08, 2.51895588832e-08, 3.32691163507e-09, 1.58058344191e-09, 1.11936876435e-10, 3.17300547815e-13, 5.32544271579e-17]
        dvar2: [4.34910961411e-12, 1.07637518454e-07, 1.5810429943e-07, 6.78526106412e-08, 1.30847723767e-07, 5.20520302416e-08, 9.29309162956e-09, 1.49884389344e-08, 7.55679678832e-08, 1.16366090097e-08, 2.66479927014e-09, 2.25130580844e-09, 3.31717742164e-09, 1.13711831062e-08, 1.40321283482e-08, 2.27459242552e-08, 6.31240908433e-08, 1.20877800214e-07, 2.16714667545e-07, 1.93401746174e-07, 2.55828354057e-07, 5.92326969695e-08, 6.53025278297e-09, 4.24359791751e-09, 2.6873764325e-10, 8.27708398782e-13, 8.64332602585e-17]
        max: [1.52415204866e-05, 0.00188835698646, 0.00205739331432, 0.000976900570095, 0.00137085176539, 0.00150240946095, 0.000521234702319, 0.00067499850411, 0.00152221624739, 0.000441604555817, 0.000369289657101, 0.000428407656727, 0.000410788605222, 0.000769443984609, 0.000784435833339, 0.000885861925781, 0.00149604806211, 0.00184598902706, 0.00256246305071, 0.00324694113806, 0.00322226225398, 0.00182596291415, 0.000675645365845, 0.000258577259956, 0.000108224194264, 6.28637963018e-06, 1.23860104395e-07]
        mean: [1.40536906201e-06, 0.000197797460714, 0.000193480722373, 0.000108976775664, 0.000255407008808, 0.00015802490816, 7.4413153925e-05, 8.6776795797e-05, 0.000159454386448, 5.35040562681e-05, 3.76562857127e-05, 3.66643107554e-05, 5.23762864759e-05, 7.34408386052e-05, 9.9062017398e-05, 0.000161820251378, 0.000325941829942, 0.000508345314302, 0.000692174362484, 0.00074241560651, 0.000736268993933, 0.000314158474794, 0.000122242534417, 6.40274301986e-05, 2.0665316697e-05, 1.07590983589e-06, 5.87027315646e-09]
        min: [6.30274221702e-10, 7.35237435379e-08, 1.19548086985e-08, 8.0384538137e-08, 4.44446811798e-07, 4.81190284063e-07, 1.03547868946e-07, 8.9649029178e-07, 1.68458157646e-07, 8.60672969338e-07, 3.52816869054e-08, 2.3813423411e-07, 3.36815816127e-07, 1.77926509082e-07, 1.70774242747e-07, 9.96208129322e-08, 5.66012410275e-08, 9.24919696388e-09, 7.05442648741e-10, 3.61295382501e-10, 1.64754640486e-10, 1.27383756321e-10, 5.20972952278e-11, 6.30844820826e-11, 8.29594934415e-11, 6.32505679776e-12, 2.36139444926e-15]
        var: [6.15683589181e-12, 7.65915046941e-08, 8.45766550128e-08, 2.41896547237e-08, 8.67532463644e-08, 4.42106440346e-08, 5.55006307579e-09, 9.23718879164e-09, 7.08139538119e-08, 4.7025019434e-09, 1.59459090376e-09, 1.58907975667e-09, 3.55141671626e-09, 9.50077261308e-09, 7.983040895e-09, 1.83020922861e-08, 6.77338078958e-08, 1.37544503787e-07, 2.55266030535e-07, 2.63841599235e-07, 3.36652306032e-07, 8.29063111496e-08, 1.18891634315e-08, 2.7620010723e-09, 3.36838557047e-10, 1.499755398e-12, 8.37551803073e-17]
    mfcc:
        mean: [-689.672302246, 55.479473114, -22.1664199829, 49.9376106262, -9.07059860229, -2.4980700016, -3.02127456665, 0.278067290783, 0.510651886463, -0.23203894496, -1.07393920422, -1.46095907688, -3.00373411179]
        cov: [[11749.5966797, -5872.47119141, 840.24029541, 1516.24926758, -334.553833008, 114.411354065, -337.971557617, -31.2023944855, -35.8906097412, 448.961547852, 30.4950561523, 394.209686279, -260.386962891], [-5872.47119141, 4111.0078125, -675.3984375, -812.863830566, 350.175537109, -161.485946655, 227.972122192, 49.163482666, -16.1584091187, -262.846588135, -39.7660636902, -284.07824707, 137.668655396], [840.24029541, -675.3984375, 499.585906982, 267.435882568, 9.426653862, 141.938491821, -3.74227356911, 68.4268188477, 59.9297561646, 59.7304725647, -57.7202453613, 83.731262207, -73.4222488403], [1516.24926758, -812.863830566, 267.435882568, 439.52243042, 15.1047000885, 100.975852966, 1.27150595188, 48.3954086304, 22.8419399261, 58.6906890869, -30.8534927368, 33.7350349426, -22.5091705322], [-334.553833008, 350.175537109, 9.426653862, 15.1047000885, 167.990661621, 25.1562194824, 25.0428199768, 38.8281326294, 8.82255172729, -14.6193857193, -24.1911621094, 9.81931781769, -22.9836807251], [114.411354065, -161.485946655, 141.938491821, 100.975852966, 25.1562194824, 144.205474854, 48.5969429016, 42.9297637939, 32.133605957, 13.2737808228, -2.01066756248, 5.48259544373, 11.4769067764], [-337.971557617, 227.972122192, -3.74227356911, 1.27150595188, 25.0428199768, 48.5969429016, 97.4681015015, 44.5991401672, 20.2355861664, -7.34965324402, -4.63869190216, -23.512878418, 36.1628913879], [-31.2023944855, 49.163482666, 68.4268188477, 48.3954086304, 38.8281326294, 42.9297637939, 44.5991401672, 93.4312973022, 42.1037635803, 19.252532959, -11.9483108521, 6.55433940887, -2.00611615181], [-35.8906097412, -16.1584091187, 59.9297561646, 22.8419399261, 8.82255172729, 32.133605957, 20.2355861664, 42.1037635803, 74.1985855103, 31.2049160004, 8.387591362, 19.2862606049, -7.26175689697], [448.961547852, -262.846588135, 59.7304725647, 58.6906890869, -14.6193857193, 13.2737808228, -7.34965324402, 19.252532959, 31.2049160004, 69.9927062988, 20.4958610535, 37.0699615479, -19.7768096924], [30.4950561523, -39.7660636902, -57.7202453613, -30.8534927368, -24.1911621094, -2.01066756248, -4.63869190216, -11.9483108521, 8.387591362, 20.4958610535, 72.5143356323, 3.21490812302, 30.0004463196], [394.209686279, -284.07824707, 83.731262207, 33.7350349426, 9.81931781769, 5.48259544373, -23.512878418, 6.55433940887, 19.2862606049, 37.0699615479, 3.21490812302, 104.160484314, -43.4005012512], [-260.386962891, 137.668655396, -73.4222488403, -22.5091705322, -22.9836807251, 11.4769067764, 36.1628913879, -2.00611615181, -7.26175689697, -19.7768096924, 30.0004463196, -43.4005012512, 97.2482910156]]
        icov: [[0.000457505026134, 0.000546244671568, 0.00032255469705, -0.000762601674069, -0.000270347576588, 0.0004954834003, -7.53566200729e-05, -0.000166802026797, 0.000618821068201, -0.000829482101835, -5.10733116244e-05, 6.38808487565e-05, 0.000342719868058], [0.000546244671568, 0.00181707681622, 0.000336970260832, 0.000802607042715, -0.00276971748099, 0.00186977151316, -0.00184983725194, -0.000287418224616, -0.000370055058738, 0.000336524244631, 0.000169959428604, 0.00208822009154, 5.74615514779e-05], [0.00032255469705, 0.000336970260832, 0.00587842520326, -0.00223182723857, 0.00135882070754, -0.00427807541564, 0.0020992772188, -0.00140682118945, -0.00107914069667, -0.00110123842023, 0.00383836589754, -0.00244452105835, 0.00174501189031], [-0.000762601674069, 0.000802607042715, -0.00223182723857, 0.00777892628685, -0.00368791841902, -0.000184254575288, -0.00144666654523, -0.000317584956065, -0.000982589786872, -0.000256906205323, 0.00199048570357, 0.00355698144995, -0.00253330403939], [-0.000270347576588, -0.00276971748099, 0.00135882070754, -0.00368791841902, 0.0133171407506, -0.00463083945215, 0.00288615236059, -0.00316935335286, 0.00207177409902, 0.00125989993103, 0.000256168685155, -0.00592390913516, 0.0036127588246], [0.0004954834003, 0.00186977151316, -0.00427807541564, -0.000184254575288, -0.00463083945215, 0.0166369602084, -0.00830012559891, 0.000167419566424, -0.00193069363013, 0.0025592437014, -0.0043670698069, 0.00343817588873, -0.00130286079366], [-7.53566200729e-05, -0.00184983725194, 0.0020992772188, -0.00144666654523, 0.00288615236059, -0.00830012559891, 0.022869611159, -0.00692902924493, -0.000323598331306, -0.00238441675901, 0.0044412300922, -0.00197759014554, -0.00608028937131], [-0.000166802026797, -0.000287418224616, -0.00140682118945, -0.000317584956065, -0.00316935335286, 0.000167419566424, -0.00692902924493, 0.0211029835045, -0.00769105926156, -0.00387873104773, 0.00292499782518, 0.000852829078212, -0.000817071413621], [0.000618821068201, -0.000370055058738, -0.00107914069667, -0.000982589786872, 0.00207177409902, -0.00193069363013, -0.000323598331306, -0.00769105926156, 0.0249078776687, -0.00909652840346, -0.00334056071006, -0.00236934353597, 0.00180094107054], [-0.000829482101835, 0.000336524244631, -0.00110123842023, -0.000256906205323, 0.00125989993103, 0.0025592437014, -0.00238441675901, -0.00387873104773, -0.00909652840346, 0.033042319119, -0.0111094154418, -0.00303470366634, 0.00532731693238], [-5.10733116244e-05, 0.000169959428604, 0.00383836589754, 0.00199048570357, 0.000256168685155, -0.0043670698069, 0.0044412300922, 0.00292499782518, -0.00334056071006, -0.0111094154418, 0.026152998209, -0.00229948363267, -0.0096368836239], [6.38808487565e-05, 0.00208822009154, -0.00244452105835, 0.00355698144995, -0.00592390913516, 0.00343817588873, -0.00197759014554, 0.000852829078212, -0.00236934353597, -0.00303470366634, -0.00229948363267, 0.0187627840787, 0.00342859094962], [0.000342719868058, 5.74615514779e-05, 0.00174501189031, -0.00253330403939, 0.0036127588246, -0.00130286079366, -0.00608028937131, -0.000817071413621, 0.00180094107054, 0.00532731693238, -0.0096368836239, 0.00342859094962, 0.0208230596036]]
    spectral_contrast:
        mean: [2.90029902317e-07, -9.87636141758e-08, 2.89061688363e-07, -1.37345111284e-07, 2.58338900494e-07, -1.93710206986e-07, 9.95407987148e-08, -1.03439759869e-07, 1.49296431573e-06, 3.91146795664e-06, -6.34393472865e-07, -1.76851426659e-06]
        var: [0.000452141393907, 0.000726656755432, 0.000860863015987, 0.00101645954419, 0.00256369798444, 0.00453961221501, 0.0670474097133, 0.0897965505719, 0.148648843169, 0.383050352335, 0.71559035778, 6.0734500885]

rhythm:
    beats_loudness:
        dmean: 0.0020193438977
        dmean2: 0.00370012107305
        dvar: 2.8791830573e-06
        dvar2: 3.72805629922e-06
        max: 0.00936287548393
        mean: 0.00543504953384
        min: 6.33178060525e-05
        var: 7.75649004936e-06
    beats_loudness_bass:
        dmean: 0.0666202604771
        dmean2: 0.11894287169
        dvar: 0.0115015460178
        dvar2: 0.029292345047
        max: 0.43638715148
        mean: 0.0649666488171
        min: 0.00078912707977
        var: 0.00869487412274
    bpm: 123.270294189
    bpm_confidence: 0
    first_peak_bpm: 123
    first_peak_spread: 0
    first_peak_weight: 0.947368443012
    onset_rate: 3.59823775291
    second_peak_bpm: 73
    second_peak_spread: 0
    second_peak_weight: 0.0526315793395
    beats_position: [0.257314234972, 0.744452238083, 1.23159015179, 1.7187281847, 2.20586633682, 2.69300413132, 3.18014192581, 3.66727995872, 4.15441799164, 4.64155578613, 5.12869358063, 5.94691085815, 6.43331480026, 6.9197177887, 7.4061217308, 7.89252519608, 8.37892818451, 8.86533260345, 9.35173606873, 9.83813858032]
    bpm_estimates: [122.575202942, 122.780052185, 124.594673157, 123.344696045, 123.978591919, 123.000099182, 121.917915344, 123.194900513, 123.30014801, 123.178939819, 123.263160706, 123.289321899, 124.778076172, 122.860595703, 123.190986633, 123.233192444, 123.114356995]
    bpm_intervals: [0.487138003111, 0.487137913704, 0.487138032913, 0.487138152122, 0.487137794495, 0.487137794495, 0.487138032913, 0.487138032913, 0.487137794495, 0.487137794495, 0.818217277527, 0.486403942108, 0.486402988434, 0.486403942108, 0.486403465271, 0.486402988434, 0.486404418945, 0.486403465271, 0.486402511597]
    onset_times: [0.0580498874187, 0.232199549675, 0.325079351664, 0.487619042397, 0.580498874187, 0.847528338432, 1.05650794506, 1.2190476656, 1.40480720997, 1.90403628349, 2.04335594177, 2.19428563118, 2.85605430603, 3.49460315704, 4.00544214249, 4.48145103455, 4.82975053787, 4.9806804657, 5.28253984451, 5.56117916107, 5.79337882996, 5.9675283432, 6.1068482399, 6.43192720413, 6.60607719421, 6.91954660416, 7.0936961174, 7.41877555847, 7.92961454391, 8.05732440948, 8.40562343597, 8.74231338501, 8.90485286713, 9.07900238037, 9.29959201813, 9.69433116913]
    rubato_start: []
    rubato_stop: []
    perceptual_tempo: "unknown"

sfx:
    inharmonicity:
        dmean: 0.0663039460778
        dmean2: 0.114815697074
        dvar: 0.00356199080124
        dvar2: 0.0102098509669
        max: 0.45411491394
        mean: 0.084530338645
        min: 9.32742550503e-05
        var: 0.00449557648972
    oddtoevenharmonicenergyratio:
        dmean: 2.8893764019
        dmean2: 5.51994466782
        dvar: 106.898826599
        dvar2: 315.535339355
        max: 123.931938171
        mean: 2.09587407112
        min: 0.000579476589337
        var: 56.2631072998
    pitch_after_max_to_before_max_energy_ratio: 89.7920608521
    pitch_centroid: 232.884429932
    pitch_max_to_total: 0.00466200476512
    pitch_min_to_total: 0.15850815177
    tristimulus:
        dmean: [0.128124773502, 0.265375167131, 0.231484383345]
        dmean2: [0.224469870329, 0.45212829113, 0.39725035429]
        dvar: [0.017718847841, 0.0405119173229, 0.0331494733691]
        dvar2: [0.0507484599948, 0.109567478299, 0.085175447166]
        max: [0.976493537426, 0.984359681606, 0.877256453037]
        mean: [0.206406831741, 0.48583599925, 0.252375215292]
        min: [0.0126217762008, 0, 0]
        var: [0.0316160582006, 0.0633033514023, 0.0524475574493]

tonal:
    chords_changes_rate: 0.0787037014961
    chords_number_rate: 0.0324074067175
    chords_strength:
        dmean: 0.0147599726915
        dmean2: 0.0159104969352
        dvar: 0.000114702001156
        dvar2: 0.000194647582248
        max: 0.795062839985
        mean: 0.533343970776
        min: 0.288726598024
        var: 0.0167956780642
    key_strength: 0.59111738205
    tuning_diatonic_strength: 0.544646859169
    tuning_equal_tempered_deviation: 0.334503740072
    tuning_frequency: 455.253540039
    tuning_nontempered_energy_ratio: 0.926018178463
    hpcp:
        dmean: [0.227333933115, 0.214140146971, 0.186396449804, 0.189656302333, 0.208598658442, 0.222296282649, 0.225883752108, 0.225132763386, 0.224177017808, 0.21232521534, 0.195516511798, 0.220407709479, 0.203760832548, 0.207381978631, 0.185449942946, 0.208993673325, 0.19389718771, 0.177880942822, 0.199660077691, 0.201820209622, 0.189294323325, 0.196450278163, 0.194341167808, 0.181855753064, 0.20701880753, 0.203388959169, 0.194180309772, 0.19436788559, 0.222088977695, 0.201446354389, 0.198683023453, 0.186222285032, 0.16862615943, 0.153574883938, 0.170503646135, 0.202862799168]
        dmean2: [0.400633871555, 0.368222385645, 0.316624939442, 0.32805916667, 0.358587473631, 0.391936719418, 0.406346201897, 0.396937727928, 0.391589820385, 0.358689665794, 0.322170615196, 0.36255595088, 0.355547189713, 0.357854455709, 0.313828647137, 0.34377220273, 0.323857814074, 0.305645912886, 0.354571729898, 0.34790802002, 0.328450769186, 0.329605817795, 0.338273376226, 0.315524280071, 0.362051516771, 0.3659722507, 0.350058943033, 0.350391328335, 0.372877627611, 0.335857868195, 0.34029430151, 0.319238036871, 0.280666917562, 0.260981827974, 0.292220592499, 0.340100556612]
        dvar: [0.0508667454123, 0.0436696745455, 0.0312042161822, 0.0286155883223, 0.0363328047097, 0.0386232919991, 0.039629265666, 0.0407127588987, 0.0367032550275, 0.0286442711949, 0.0277998000383, 0.0392265692353, 0.0347535610199, 0.0335738174617, 0.0261883642524, 0.0276635680348, 0.0254549849778, 0.0321625471115, 0.0419107601047, 0.0331345722079, 0.0384942814708, 0.0433408878744, 0.0462670661509, 0.0377376824617, 0.0366364121437, 0.0407716929913, 0.0390166267753, 0.0349927023053, 0.0384756624699, 0.0379702113569, 0.0361845381558, 0.0342404730618, 0.0239422041923, 0.0188051424921, 0.027302974835, 0.036065094173]
        dvar2: [0.143667384982, 0.115949675441, 0.0775304064155, 0.076681599021, 0.100507982075, 0.112260915339, 0.108714237809, 0.0989352688193, 0.0996814444661, 0.0865017697215, 0.0622531548142, 0.0982633829117, 0.0914980694652, 0.0941770970821, 0.0583459921181, 0.068559885025, 0.0607157126069, 0.0871150121093, 0.118096038699, 0.0983871370554, 0.10595177114, 0.119416810572, 0.131667077541, 0.100978128612, 0.100690305233, 0.106637723744, 0.107284672558, 0.0924496278167, 0.0998071506619, 0.0925808027387, 0.0995706990361, 0.0964891687036, 0.0594770647585, 0.0486076511443, 0.0726708844304, 0.106391765177]
        max: [1, 1, 1, 0.968377053738, 1, 1, 1, 1, 1, 1, 1, 1, 1, 1, 1, 1, 1, 1, 1, 1, 1, 1, 1, 1, 1, 1, 1, 1, 1, 1, 1, 1, 1, 0.96248292923, 1, 1]
        mean: [0.345173031092, 0.337282329798, 0.337271571159, 0.348603069782, 0.384745270014, 0.393058329821, 0.394654542208, 0.472130089998, 0.505104899406, 0.434710562229, 0.43137550354, 0.440047293901, 0.378350436687, 0.355258613825, 0.386847674847, 0.423910647631, 0.416811823845, 0.379403948784, 0.332680523396, 0.288288474083, 0.259432584047, 0.26022040844, 0.279731601477, 0.278625190258, 0.29165366292, 0.298605501652, 0.290282666683, 0.315497398376, 0.388723134995, 0.408991008997, 0.356486707926, 0.326502859592, 0.312908887863, 0.30346930027, 0.316754937172, 0.344384342432]
        min: [0.00923322979361, 0.00575795350596, 0.00804449059069, 0.0101714683697, 0.0133514637128, 0.0168653652072, 0.0130813904107, 0.0104594035074, 0.0124601358548, 0.0287357401103, 0.0197317376733, 0.0201419088989, 0.0280251335353, 0.0201528631151, 0.029202979058, 0.0295789651573, 0.0466774068773, 0.0131255248562, 0.00484439358115, 0.00458730570972, 0.0032283666078, 0.0191071778536, 0.00743658002466, 0.0114644225687, 0.0129805812612, 0.00331348879263, 0.00427150167525, 0.0152206476778, 0.00746657466516, 0.0100298915058, 0.0138960257173, 0.00585165293887, 0.0110211130232, 0.00705064460635, 0.0181655716151, 0.0210234634578]
        var: [0.0557119362056, 0.0510868616402, 0.0448998957872, 0.0424115620553, 0.0551390089095, 0.0525704957545, 0.0551079697907, 0.0881191417575, 0.0883990228176, 0.0581051595509, 0.0616596974432, 0.07560210675, 0.0483129881322, 0.0486018322408, 0.0469220690429, 0.0560164600611, 0.0576028600335, 0.0828261449933, 0.0801502391696, 0.044367313385, 0.0422660298645, 0.045588131994, 0.0534144118428, 0.0440015494823, 0.0418425612152, 0.0462006665766, 0.0441610179842, 0.0415452234447, 0.0596049055457, 0.0657836794853, 0.0549241490662, 0.0518788322806, 0.0453578084707, 0.0319483429193, 0.0356558859348, 0.0460465252399]
    chords_histogram: [45.8333320618, 0.462962955236, 0, 5.55555534363, 5.09259271622, 0, 0, 13.8888893127, 0, 0, 0, 0, 0, 0, 0, 0, 0, 13.4259262085, 7.87037038803, 0, 0, 0, 0, 7.87037038803]
    thpcp: [1, 0.860634207726, 0.854031503201, 0.871199786663, 0.749053180218, 0.703336298466, 0.765875935555, 0.839252710342, 0.825198531151, 0.751138925552, 0.658636510372, 0.570749700069, 0.513621211052, 0.515180945396, 0.553808927536, 0.551618456841, 0.577412068844, 0.591175198555, 0.57469779253, 0.624617576599, 0.769588947296, 0.809714972973, 0.705767691135, 0.646406054497, 0.619492888451, 0.600804507732, 0.627107262611, 0.68180757761, 0.683368980885, 0.667747080326, 0.667725801468, 0.690159738064, 0.761713624001, 0.778171658516, 0.781331837177, 0.934716880322]
    chords_key: "B"
    chords_scale: "minor"
    key_key: "B"
    key_scale: "minor"
    chords_progression: ["A", "A", "A", "A", "A", "A", "A", "A", "A", "A", "A", "A", "C#m", "C#m", "C#m", "C#m", "C#m", "C#m", "C#m", "C#m", "C#m", "C#m", "C#m", "Dm", "Dm", "Dm", "Dm", "Dm", "Dm", "Dm", "Dm", "Dm", "Dm", "Dm", "Dm", "Dm", "Dm", "Dm", "Dm", "Dm", "D", "A#", "A#", "A#", "A#", "A#", "A#", "A#", "A#", "A#", "A#", "A#", "A#", "A#", "A#", "A#", "A#", "A#", "A#", "A#", "A#", "A#", "A#", "A#", "A#", "A#", "A#", "A#", "A#", "A#", "Bm", "G", "Bm", "Bm", "Bm", "Bm", "Bm", "Bm", "Bm", "Bm", "Bm", "Bm", "Bm", "Bm", "Bm", "Bm", "Bm", "Bm", "Bm", "Bm", "Bm", "Bm", "Bm", "Bm", "Bm", "Bm", "Bm", "Bm", "Bm", "Bm", "Bm", "Bm", "Bm", "Bm", "Bm", "B", "B", "B", "B", "G", "G", "G", "B", "B", "B", "B", "B", "B", "B", "B", "B", "B", "B", "B", "B", "B", "B", "B", "B", "B", "B", "B", "B", "G", "G", "G", "B", "B", "Bm", "Bm", "Bm", "G", "G", "G", "G", "G", "G", "G", "G", "G", "G", "Bm", "Bm", "B", "B", "B", "Bm", "Bm", "Bm", "Bm", "Bm", "Bm", "Bm", "Bm", "Bm", "Bm", "Bm", "Bm", "Bm", "Bm", "Bm", "Bm", "Bm", "Bm", "Bm", "Bm", "Bm", "Bm", "Bm", "Bm", "Bm", "Bm", "Bm", "Bm", "Bm", "Bm", "Bm", "Bm", "Bm", "Bm", "Bm", "Bm", "Bm", "Bm", "Bm", "Bm", "Bm", "Bm", "Bm", "Bm", "Bm", "Bm", "Bm", "Bm", "Bm", "Bm", "Bm", "Bm", "Bm", "Bm", "Bm", "Bm", "Bm", "Bm", "Bm", "Bm"]
