
metadata:
    version:
        essentia: "1.2.2"
    audio_properties:
        analysis_sample_rate: 44100
        bitrate: 128
        channels: 2
        equal_loudness: 1
        length: 10.0571432114
        replay_gain: -9.54173851013
        downmix: "mix"
    tags:
        track: 11
        year: 0
        album: "Splitted by Mp3Splt v. 2.1"
        artist: "From 001.40 To 001.50"
        comment: "http://mp3splt.sf.net"
        genre: ""
        title: "09 Only Love Can Break a Heart"

highlevel:
    ballroom:
        all:
            ChaChaCha: 0.010953639634
            Jive: 0.0103804897517
            Quickstep: 0.196388021111
            Rumba-American: 0.0164273157716
            Rumba-International: 0.0432862006128
            Rumba-Misc: 0.0530034117401
            Samba: 0.012814595364
            Tango: 0.118137910962
            VienneseWaltz: 0.346856027842
            Waltz: 0.191752403975
        probability: 0.346856027842
        value: "VienneseWaltz"
    culture:
        all:
            non_western: 0.0376508310437
            western: 0.962349176407
        probability: 0.962349176407
        value: "western"
    gender:
        all:
            female: 0.742045283318
            male: 0.257954716682
        probability: 0.742045283318
        value: "female"
    genre_dortmund:
        all:
            alternative: 0.0445327721536
            blues: 0.0668172761798
            electronic: 0.00846141483635
            folkcountry: 0.493233799934
            funksoulrnb: 0.0520537421107
            jazz: 0.206203177571
            pop: 0.0867346376181
            raphiphop: 0.00352597469464
            rock: 0.0384371988475
        probability: 0.493233799934
        value: "folkcountry"
    genre_electronica:
        all:
            ambient: 0.976170182228
            dnb: 0.00987004488707
            house: 0.00719151180238
            techno: 0.00158947659656
            trance: 0.00517878448591
        probability: 0.976170182228
        value: "ambient"
    genre_rosamerica:
        all:
            cla: 0.116484127939
            dan: 0.0119037749246
            hip: 0.0081137213856
            jaz: 0.104241840541
            pop: 0.634006500244
            rhy: 0.0717902332544
            roc: 0.0356335863471
            spe: 0.0178261958063
        probability: 0.634006500244
        value: "pop"
    genre_tzanetakis:
        all:
            blu: 0.00843063555658
            cla: 0.0265438128263
            cou: 0.0450252182782
            dis: 0.0398272797465
            hip: 0.00501781981438
            jaz: 0.114091649652
            met: 0.00169814296532
            pop: 0.673956513405
            reg: 0.0533166453242
            roc: 0.0320923142135
        probability: 0.673956513405
        value: "pop"
    live_studio:
        all:
            live: 0.0177628099918
            studio: 0.98223721981
        probability: 0.98223721981
        value: "studio"
    mood:
        all:
            Cluster1: 0.06773108989
            Cluster2: 0.128810718656
            Cluster3: 0.5278211236
            Cluster4: 0.256322771311
            Cluster5: 0.0193143021315
        probability: 0.5278211236
        value: "Cluster3"
    mood_acoustic:
        all:
            acoustic: 0.944985985756
            not_acoustic: 0.0550140142441
        probability: 0.944985985756
        value: "acoustic"
    mood_aggressive:
        all:
            aggressive: 4.64926728228e-07
            not_aggressive: 0.999999523163
        probability: 0.999999523163
        value: "not_aggressive"
    mood_electronic:
        all:
            electronic: 0.119076021016
            not_electronic: 0.880923986435
        probability: 0.880923986435
        value: "not_electronic"
    mood_happy:
        all:
            happy: 0.650578796864
            not_happy: 0.349421203136
        probability: 0.650578796864
        value: "happy"
    mood_party:
        all:
            not_party: 0.905504405499
            party: 0.0944956168532
        probability: 0.905504405499
        value: "not_party"
    mood_relaxed:
        all:
            not_relaxed: 0.259623497725
            relaxed: 0.740376472473
        probability: 0.740376472473
        value: "relaxed"
    mood_sad:
        all:
            not_sad: 0.0490190014243
            sad: 0.950981020927
        probability: 0.950981020927
        value: "sad"
    rhythm:
        all:
            fast: 0.702890753746
            medium: 0.112762704492
            slow: 0.18434651196
        probability: 0.702890753746
        value: "fast"
    speech_music:
        all:
            music: 0.0050182971172
            speech: 0.994981706142
        probability: 0.994981706142
        value: "speech"
    timbre:
        all:
            bright: 0.907509863377
            dark: 0.0924901589751
        probability: 0.907509863377
        value: "bright"
    voice_instrumental:
        all:
            instrumental: 0.00573883205652
            voice: 0.994261145592
        probability: 0.994261145592
        value: "voice"

lowlevel:
    average_loudness: 0.795434176922
    barkbands_kurtosis:
        dmean: 3.59078478813
        dmean2: 5.55061626434
        dvar: 130.946716309
        dvar2: 201.441864014
        max: 227.789154053
        mean: 5.75182151794
        min: -1.85239613056
        var: 268.420318604
    barkbands_skewness:
        dmean: 0.500622272491
        dmean2: 0.744757771492
        dvar: 0.449611783028
        dvar2: 0.649819910526
        max: 14.1610136032
        mean: 1.62622022629
        min: -0.307706952095
        var: 2.1150970459
    barkbands_spread:
        dmean: 3.35461163521
        dmean2: 5.22788906097
        dvar: 13.1436033249
        dvar2: 26.3384571075
        max: 43.6071243286
        mean: 13.6207723618
        min: 0.49233970046
        var: 66.4810562134
    dissonance:
        dmean: 0.0371819026768
        dmean2: 0.0614389926195
        dvar: 0.00124459341168
        dvar2: 0.00301628396846
        max: 0.498445570469
        mean: 0.41481423378
        min: 0.0828006118536
        var: 0.00278379302472
    hfc:
        dmean: 0.751334011555
        dmean2: 1.09385240078
        dvar: 0.910308361053
        dvar2: 2.52640318871
        max: 19.8302440643
        mean: 4.00112295151
        min: 1.96142536879e-06
        var: 16.2193126678
    pitch:
        dmean: 134.895599365
        dmean2: 256.517974854
        dvar: 88749.8203125
        dvar2: 243728.03125
        max: 2940
        mean: 354.606567383
        min: 78.3303756714
        var: 88060.4140625
    pitch_instantaneous_confidence:
        dmean: 0.0808296203613
        dmean2: 0.128008723259
        dvar: 0.00679895747453
        dvar2: 0.0170274414122
        max: 0.959427475929
        mean: 0.619590103626
        min: 0.144963979721
        var: 0.027268499136
    pitch_salience:
        dmean: 0.0698570981622
        dmean2: 0.111290730536
        dvar: 0.00488711521029
        dvar2: 0.00954997353256
        max: 0.938133537769
        mean: 0.570191681385
        min: 0.0549639873207
        var: 0.0115606226027
    silence_rate_20dB:
        dmean: 0
        dmean2: 0
        dvar: 0
        dvar2: 0
        max: 1
        mean: 1
        min: 1
        var: 0
    silence_rate_30dB:
        dmean: 0
        dmean2: 0
        dvar: 0
        dvar2: 0
        max: 1
        mean: 1
        min: 1
        var: 0
    silence_rate_60dB:
        dmean: 0.0645161271095
        dmean2: 0.129330247641
        dvar: 0.0603539198637
        dvar2: 0.126460567117
        max: 1
        mean: 0.475862056017
        min: 0
        var: 0.249416992068
    spectral_centroid:
        dmean: 127.86139679
        dmean2: 189.270019531
        dvar: 22512.0390625
        dvar2: 44605.6445312
        max: 2061.50488281
        mean: 987.13671875
        min: 238.933807373
        var: 144599.046875
    spectral_complexity:
        dmean: 1.22401845455
        dmean2: 1.9837962389
        dvar: 1.67498850822
        dvar2: 3.72427773476
        max: 23
        mean: 7.85023021698
        min: 0
        var: 38.1043014526
    spectral_crest:
        dmean: 2.99042248726
        dmean2: 4.74736833572
        dvar: 6.06534337997
        dvar2: 15.3701648712
        max: 26.679725647
        mean: 11.4289598465
        min: 3.51313066483
        var: 16.8939971924
    spectral_decrease:
        dmean: 1.92431140467e-10
        dmean2: 3.00700214728e-10
        dvar: 4.80860187981e-20
        dvar2: 1.30680965851e-19
        max: -5.33500419575e-16
        mean: -8.8242252394e-10
        min: -3.09546566157e-09
        var: 4.9086215868e-19
    spectral_energy:
        dmean: 0.000782118178904
        dmean2: 0.00121867575217
        dvar: 7.95327309788e-07
        dvar2: 2.14491319639e-06
        max: 0.0132143571973
        mean: 0.00369337690063
        min: 2.19146367719e-09
        var: 8.93446213013e-06
    spectral_energyband_high:
        dmean: 1.1560283383e-05
        dmean2: 1.63735330716e-05
        dvar: 4.74443206944e-10
        dvar2: 1.05002839756e-09
        max: 0.000333794043399
        mean: 2.90252737614e-05
        min: 5.60578250486e-11
        var: 2.06540828884e-09
    spectral_energyband_low:
        dmean: 5.77868468099e-06
        dmean2: 9.17101897357e-06
        dvar: 9.9382876928e-11
        dvar2: 2.37363351197e-10
        max: 0.000110873050289
        mean: 1.18363759611e-05
        min: 2.34049418735e-10
        var: 3.11840081535e-10
    spectral_energyband_middle_high:
        dmean: 0.000492285587825
        dmean2: 0.000777551147621
        dvar: 6.03430066803e-07
        dvar2: 1.64675714132e-06
        max: 0.0105396220461
        mean: 0.001994892722
        min: 4.49448978035e-10
        var: 6.39907875666e-06
    spectral_energyband_middle_low:
        dmean: 0.000458425056422
        dmean2: 0.000702729565091
        dvar: 3.13583313982e-07
        dvar2: 7.81919027304e-07
        max: 0.00783252343535
        mean: 0.0016576271737
        min: 1.40435107987e-09
        var: 1.7793842062e-06
    spectral_flatness_db:
        dmean: 0.0214845463634
        dmean2: 0.0312629826367
        dvar: 0.000458481372334
        dvar2: 0.000742218224332
        max: 0.450167268515
        mean: 0.231192260981
        min: 0.0393939241767
        var: 0.00270394445397
    spectral_flux:
        dmean: 0.00694825639948
        dmean2: 0.0111237550154
        dvar: 4.69856022391e-05
        dvar2: 0.000123469872051
        max: 0.0724142417312
        mean: 0.0278236605227
        min: 4.68130710942e-05
        var: 0.00027322160895
    spectral_kurtosis:
        dmean: 2.83189249039
        dmean2: 4.68156051636
        dvar: 8.85697555542
        dvar2: 23.3061561584
        max: 31.568775177
        mean: 9.27457714081
        min: 0.621593952179
        var: 21.3030471802
    spectral_rms:
        dmean: 0.000200517461053
        dmean2: 0.000300328654703
        dvar: 4.10992129218e-08
        dvar2: 8.96623362223e-08
        max: 0.00359055097215
        mean: 0.00168963044416
        min: 1.46219463204e-06
        var: 7.48442175791e-07
    spectral_rolloff:
        dmean: 438.123016357
        dmean2: 743.044433594
        dvar: 273544.4375
        dvar2: 634909.125
        max: 4414.30664062
        mean: 1655.13134766
        min: 236.865234375
        var: 931361.375
    spectral_skewness:
        dmean: 0.297192424536
        dmean2: 0.461703747511
        dvar: 0.081748187542
        dvar2: 0.198430284858
        max: 4.44106578827
        mean: 2.26529598236
        min: 0.816664397717
        var: 0.310688942671
    spectral_spread:
        dmean: 543277.6875
        dmean2: 701589.4375
        dvar: 3.03732831027e+12
        dvar2: 3.28050619187e+12
        max: 33777864
        mean: 3637105.5
        min: 1832160.5
        var: 5.53722524467e+12
    spectral_strongpeak:
        dmean: 0.259673178196
        dmean2: 0.430145770311
        dvar: 0.106214366853
        dvar2: 0.269487351179
        max: 4.27176713943
        mean: 0.744704127312
        min: 0
        var: 0.36821654439
    zerocrossingrate:
        dmean: 0.00687427818775
        dmean2: 0.00800803862512
        dvar: 4.10516659031e-05
        dvar2: 5.38680760656e-05
        max: 0.10595703125
        mean: 0.0550913996994
        min: 0.00146484375
        var: 0.000442988413852
    barkbands:
        dmean: [1.19741496718e-08, 3.65871255781e-06, 2.83409667645e-06, 2.69726497208e-05, 0.000115210874355, 0.000143094424857, 0.000192332721781, 9.05340202735e-05, 0.000164617667906, 0.000392473273678, 0.000268781237537, 9.31067625061e-05, 3.2028536225e-05, 2.12807844946e-05, 6.40366706648e-05, 2.26446063607e-05, 3.01696800307e-05, 3.90005770896e-05, 6.49290523143e-05, 6.30690556136e-05, 4.77686853628e-06, 2.14548913391e-06, 4.11336571915e-07, 2.70960867965e-07, 3.64477699577e-07, 9.78473035929e-09, 4.54200721478e-09]
        dmean2: [1.98683576258e-08, 5.70748352402e-06, 4.81134748043e-06, 4.60038027086e-05, 0.000182397474418, 0.000211371210753, 0.00027300050715, 0.000148669147165, 0.000234972903854, 0.000668213819154, 0.00045151275117, 0.000139285242767, 5.11584948981e-05, 3.52713868779e-05, 9.52100672293e-05, 3.46880260622e-05, 4.59958864667e-05, 6.20635109954e-05, 0.000101777215605, 0.000105625957076, 7.48991851651e-06, 3.11417443299e-06, 6.13128975147e-07, 3.88874980217e-07, 4.74970761388e-07, 1.43310030509e-08, 6.87258472354e-09]
        dvar: [5.41268611674e-16, 5.07090029689e-11, 2.64792320015e-11, 6.22749940504e-09, 2.50311611438e-08, 1.00730368047e-07, 1.11055442176e-07, 2.81237291233e-08, 1.29718387143e-07, 6.19951606495e-07, 3.3257430232e-07, 2.44963338503e-08, 4.32504032588e-09, 2.08925721168e-09, 1.75920185086e-08, 2.33303754094e-09, 5.90858517668e-09, 3.82432752133e-09, 1.00344212939e-08, 3.00381195473e-08, 7.68450719724e-11, 1.31367659806e-11, 1.12545888407e-12, 1.15435276355e-12, 1.84548773832e-12, 3.84416458694e-15, 4.1845320713e-15]
        dvar2: [1.24122355206e-15, 1.10433072409e-10, 7.44400582842e-11, 1.95463165653e-08, 6.46946247684e-08, 2.35012350913e-07, 2.38305901235e-07, 6.76631870533e-08, 2.25543331567e-07, 1.77967217496e-06, 9.52289440193e-07, 5.93013425032e-08, 1.12652278617e-08, 5.21015763866e-09, 3.84985945345e-08, 5.53631318567e-09, 1.29688881856e-08, 9.14590803092e-09, 2.4764458928e-08, 9.48371621234e-08, 1.93800794857e-10, 2.89636509221e-11, 2.52292934808e-12, 2.36840083136e-12, 3.27034883549e-12, 9.57562530651e-15, 1.04932643792e-14]
        max: [2.53936349282e-07, 8.27945186757e-05, 4.85294622194e-05, 0.00132250902243, 0.0015379806282, 0.00315427500755, 0.00376593926921, 0.00186375319026, 0.00694594578817, 0.00633741635829, 0.00781465042382, 0.00128056516405, 0.00116026948672, 0.000437459326349, 0.00198920420371, 0.00053774373373, 0.00144226569682, 0.000761989445891, 0.00100184604526, 0.00203893543221, 9.74110516836e-05, 4.77747598779e-05, 1.5514307961e-05, 1.51655876834e-05, 2.02938699658e-05, 8.99506972019e-07, 9.54853248913e-07]
        mean: [1.37191467076e-08, 7.68850168242e-06, 4.13503767049e-06, 5.02345319546e-05, 0.000287156988634, 0.000232728431001, 0.000435471505625, 0.000198542198632, 0.000323690212099, 0.000745118712075, 0.000514937506523, 0.000150754771312, 8.64127359819e-05, 3.57302342309e-05, 0.000124176134705, 4.1710860387e-05, 5.80900996283e-05, 0.000106023559056, 0.000168555532582, 0.00010598742665, 9.57444535743e-06, 4.97503970109e-06, 6.78173989854e-07, 4.10099346482e-07, 5.69708561216e-07, 1.30181811997e-08, 2.320403647e-09]
        min: [1.87869702434e-11, 1.22125948243e-10, 6.68345101484e-11, 5.86754603238e-11, 1.39662365006e-10, 1.62994326369e-10, 2.02671823768e-10, 2.93117169425e-10, 5.00093966238e-10, 1.76120631967e-10, 2.03338960253e-11, 2.37344779247e-11, 7.67591129547e-11, 7.68990912614e-11, 2.91130800023e-11, 1.44701160776e-11, 6.77521407033e-12, 3.00221895955e-11, 2.34281882089e-11, 2.76415071387e-11, 1.07364213006e-11, 8.84181269867e-12, 6.55348952189e-12, 6.0822640327e-12, 5.71695035062e-12, 4.78227266815e-12, 2.24726541629e-13]
        var: [7.74802477375e-16, 1.65907509952e-10, 4.40612962782e-11, 1.36731266309e-08, 8.81510544559e-08, 1.68715899918e-07, 4.2118929855e-07, 1.0362392544e-07, 6.02581792464e-07, 1.51753215505e-06, 8.24632479635e-07, 5.24201055896e-08, 2.76494418472e-08, 4.18615320186e-09, 4.61447555722e-08, 5.97815130732e-09, 1.54751305104e-08, 1.96466380942e-08, 4.57494948591e-08, 4.98828534035e-08, 1.98485644587e-10, 3.64405519648e-11, 1.51910862362e-12, 1.49582917667e-12, 3.50984584278e-12, 2.23048550726e-15, 2.09546273799e-15]
    mfcc:
        mean: [-813.423034668, 146.286849976, -64.3966140747, 27.0038948059, -37.200756073, -28.5825233459, -3.80249333382, -5.86112785339, -13.9474334717, -15.6176490784, -7.136095047, -23.0201473236, 2.37417078018]
        cov: [[10228.1630859, -659.090881348, -815.53137207, -573.491699219, -490.700500488, -248.411911011, 308.693450928, 96.9882202148, 103.015441895, 28.3247051239, -146.508132935, -176.398574829, -13.7468423843], [-659.090881348, 859.32635498, 165.698165894, 86.8099365234, -106.588989258, 97.8419876099, 165.960250854, 99.0985031128, -37.4271278381, -18.7824039459, 34.1915054321, 36.8223457336, 82.3307800293], [-815.53137207, 165.698165894, 1046.28491211, 426.445678711, 155.615524292, 222.945083618, -179.059646606, 87.0435333252, -80.3913269043, -292.917999268, -88.342086792, 46.6136856079, 60.9539680481], [-573.491699219, 86.8099365234, 426.445678711, 523.358886719, 155.3828125, 7.49724960327, -305.698516846, -17.6925773621, -92.2449188232, -241.755264282, -53.0828018188, 28.7889709473, 62.5964431763], [-490.700500488, -106.588989258, 155.615524292, 155.3828125, 304.409667969, 59.8675880432, -68.5848617554, -45.2951545715, 60.5090751648, -19.815328598, -15.3010635376, 37.4029960632, -27.1774768829], [-248.411911011, 97.8419876099, 222.945083618, 7.49724960327, 59.8675880432, 290.905975342, 115.599029541, 45.4004096985, 34.40965271, -20.1952495575, -45.4167251587, 15.240272522, -5.22625017166], [308.693450928, 165.960250854, -179.059646606, -305.698516846, -68.5848617554, 115.599029541, 489.178649902, 111.120651245, 133.974395752, 187.417648315, 20.5214195251, 48.0572052002, 9.32870101929], [96.9882202148, 99.0985031128, 87.0435333252, -17.6925773621, -45.2951545715, 45.4004096985, 111.120651245, 176.691162109, 77.4594726562, 45.3639411926, 2.74566984177, 17.9264945984, 57.5058937073], [103.015441895, -37.4271278381, -80.3913269043, -92.2449188232, 60.5090751648, 34.40965271, 133.974395752, 77.4594726562, 176.671798706, 142.771820068, 17.3625736237, 18.4136657715, 11.1797533035], [28.3247051239, -18.7824039459, -292.917999268, -241.755264282, -19.815328598, -20.1952495575, 187.417648315, 45.3639411926, 142.771820068, 345.707794189, 130.622436523, -6.8452539444, -37.2437858582], [-146.508132935, 34.1915054321, -88.342086792, -53.0828018188, -15.3010635376, -45.4167251587, 20.5214195251, 2.74566984177, 17.3625736237, 130.622436523, 151.54586792, 3.44604063034, -11.9487733841], [-176.398574829, 36.8223457336, 46.6136856079, 28.7889709473, 37.4029960632, 15.240272522, 48.0572052002, 17.9264945984, 18.4136657715, -6.8452539444, 3.44604063034, 85.3991928101, 27.7114849091], [-13.7468423843, 82.3307800293, 60.9539680481, 62.5964431763, -27.1774768829, -5.22625017166, 9.32870101929, 57.5058937073, 11.1797533035, -37.2437858582, -11.9487733841, 27.7114849091, 103.768547058]]
        icov: [[0.000131874461658, 0.000128599494928, 5.76037746214e-05, -3.45626031049e-05, 0.000211306280107, 8.25923270895e-05, -0.000157356102136, -5.44577269466e-05, -0.000177588648512, 0.000199178553885, 3.48882604158e-05, 0.000229873650824, 3.95279494114e-05], [0.000128599494928, 0.00192066607997, -9.46046657191e-06, -0.0011598537676, 0.000935325340834, -0.000318705919199, -0.00139786768705, -0.000187788449693, 0.00064852955984, 2.6286668799e-05, -0.000681056000758, 0.000386515486753, -0.000585046596825], [5.76037746214e-05, -9.46046657191e-06, 0.0023479629308, -0.00089272717014, -0.000592431169935, -0.0014911055332, 0.000359553494491, -0.0019921050407, 0.000705094193108, 0.00125085434411, -0.000526352436282, -0.00027723092353, 0.000402256438974], [-3.45626031049e-05, -0.0011598537676, -0.00089272717014, 0.00694858329371, -0.00319350627251, 0.000290774478344, 0.00350619247183, -0.00115918950178, 0.00098435417749, 0.00146169459913, -9.68142121565e-05, -0.00107234646566, -0.00255232304335], [0.000211306280107, 0.000935325340834, -0.000592431169935, -0.00319350627251, 0.00823708996177, -0.000820474524517, -0.000481593044242, 0.00377432862297, -0.00601018359885, 0.000317094702041, -0.000190808845218, -0.00217724661343, 0.00294878077693], [8.25923270895e-05, -0.000318705919199, -0.0014911055332, 0.000290774478344, -0.000820474524517, 0.00590808829293, -0.00190892198589, 5.65737900615e-05, -0.000429549632827, 2.29124161706e-05, 0.00142327696085, 0.00106438226067, 0.00112135708332], [-0.000157356102136, -0.00139786768705, 0.000359553494491, 0.00350619247183, -0.000481593044242, -0.00190892198589, 0.00666503421962, -0.00169222487602, -0.000865918351337, -0.0010155068012, 0.00115022889804, -0.0038063202519, -0.000243938615313], [-5.44577269466e-05, -0.000187788449693, -0.0019921050407, -0.00115918950178, 0.00377432862297, 5.65737900615e-05, -0.00169222487602, 0.012805278413, -0.00633188989013, -0.000789804849774, -8.05276577012e-05, 0.000553571910132, -0.00370005355217], [-0.000177588648512, 0.00064852955984, 0.000705094193108, 0.00098435417749, -0.00601018359885, -0.000429549632827, -0.000865918351337, -0.00633188989013, 0.0175800640136, -0.00664063869044, 0.00338102807291, -0.000196844659513, -0.00339050311595], [0.000199178553885, 2.6286668799e-05, 0.00125085434411, 0.00146169459913, 0.000317094702041, 2.29124161706e-05, -0.0010155068012, -0.000789804849774, -0.00664063869044, 0.0114512583241, -0.00732736801729, 0.00163793866523, 0.0025465132203], [3.48882604158e-05, -0.000681056000758, -0.000526352436282, -9.68142121565e-05, -0.000190808845218, 0.00142327696085, 0.00115022889804, -8.05276577012e-05, 0.00338102807291, -0.00732736801729, 0.0126573350281, -0.00189160462469, -0.000156028414494], [0.000229873650824, 0.000386515486753, -0.00027723092353, -0.00107234646566, -0.00217724661343, 0.00106438226067, -0.0038063202519, 0.000553571910132, -0.000196844659513, 0.00163793866523, -0.00189160462469, 0.0168898291886, -0.00406688265502], [3.95279494114e-05, -0.000585046596825, 0.000402256438974, -0.00255232304335, 0.00294878077693, 0.00112135708332, -0.000243938615313, -0.00370005355217, -0.00339050311595, 0.0025465132203, -0.000156028414494, -0.00406688265502, 0.0166581422091]]
    spectral_contrast:
        mean: [7.65143752801e-08, 3.84417333521e-08, 1.26788620491e-07, -2.32899310504e-07, -2.61628684939e-07, -7.59135218686e-07, -3.16615341944e-06, -1.27037552033e-07, -1.30992884806e-06, 2.61793479694e-06, -2.01886700779e-06, 4.75738460182e-07]
        var: [0.000516359577887, 0.00102784682531, 0.00223427917808, 0.003164781956, 0.00600195769221, 0.0142708197236, 0.0504477880895, 0.106417499483, 0.182251721621, 0.44141292572, 0.66226541996, 4.52997350693]

rhythm:
    beats_loudness:
        dmean: 0.00182646431495
        dmean2: 0.00312533602118
        dvar: 3.1523470625e-06
        dvar2: 4.81989536638e-06
        max: 0.00834340136498
        mean: 0.00371330650523
        min: 1.03254969872e-05
        var: 7.57383077143e-06
    beats_loudness_bass:
        dmean: 0.00992110837251
        dmean2: 0.0175523944199
        dvar: 0.000181404131581
        dvar2: 0.000274431076832
        max: 0.0589944273233
        mean: 0.0127873374149
        min: 0.000148959414219
        var: 0.000353231240297
    bpm: 116.951789856
    bpm_confidence: 0
    first_peak_bpm: 117
    first_peak_spread: 0
    first_peak_weight: 0.526315808296
    onset_rate: 3.08238625526
    second_peak_bpm: 126
    second_peak_spread: 0
    second_peak_weight: 0.421052634716
    beats_position: [0.0714268386364, 0.58454656601, 1.09766638279, 1.61078596115, 2.12390565872, 2.63702535629, 3.15014529228, 3.66326498985, 4.17638444901, 4.68950414658, 5.20262384415, 5.99812269211, 6.47410774231, 6.95009183884, 7.42607688904, 7.90206098557, 8.37804508209, 8.85403060913, 9.3300151825, 9.80599975586]
    bpm_estimates: [114.900390625, 118.557327271, 117.397651672]
    bpm_intervals: [0.513119697571, 0.51311981678, 0.513119578362, 0.513119697571, 0.513119697571, 0.513119935989, 0.513119697571, 0.513119459152, 0.513119697571, 0.513119697571, 0.795498847961, 0.475985050201, 0.475984096527, 0.475985050201, 0.475984096527, 0.475984096527, 0.475985527039, 0.475984573364, 0.475984573364]
    onset_times: [0.0580498874187, 0.49922901392, 0.696598649025, 1.27709746361, 1.64861679077, 1.78793644905, 2.42648530006, 2.72834467888, 3.47138333321, 4.17959165573, 4.87619066238, 5.10838985443, 5.20126962662, 5.30575942993, 5.68888902664, 6.5596370697, 6.72217702866, 6.8963265419, 7.10530614853, 7.2910656929, 7.38394546509, 7.46521520615, 7.6277551651, 7.75546503067, 8.37079334259, 8.53333377838, 8.92807292938, 9.19510173798, 9.4853515625, 9.7639913559, 10.0542402267]
    rubato_start: []
    rubato_stop: []
    perceptual_tempo: "unknown"

sfx:
    inharmonicity:
        dmean: 0.0464788749814
        dmean2: 0.0788773819804
        dvar: 0.00367917027324
        dvar2: 0.0102916639298
        max: 0.406415075064
        mean: 0.0463479459286
        min: 1.54464287334e-05
        var: 0.00409965356812
    oddtoevenharmonicenergyratio:
        dmean: 17.9184055328
        dmean2: 35.2912445068
        dvar: 19248.0234375
        dvar2: 57591.9453125
        max: 1983.68688965
        mean: 10.1730260849
        min: 0.000124847225379
        var: 9698.69335938
    pitch_after_max_to_before_max_energy_ratio: 0.236363276839
    pitch_centroid: 189.834106445
    pitch_max_to_total: 0.529953896999
    pitch_min_to_total: 0.903225779533
    tristimulus:
        dmean: [0.16436162591, 0.195315301418, 0.0812064707279]
        dmean2: [0.292557120323, 0.343218415976, 0.140282034874]
        dvar: [0.0380156487226, 0.0404949486256, 0.00889583304524]
        dvar2: [0.0993176847696, 0.108864195645, 0.0260639395565]
        max: [0.982311069965, 0.988487184048, 0.608733534813]
        mean: [0.303086042404, 0.584634184837, 0.0959499925375]
        min: [0.000978325377218, 0, 0]
        var: [0.0583184547722, 0.0583587475121, 0.0111899236217]

tonal:
    chords_changes_rate: 0.0460829511285
    chords_number_rate: 0.0460829511285
    chords_strength:
        dmean: 0.0126894339919
        dmean2: 0.0116405291483
        dvar: 0.000101902754977
        dvar2: 0.000114277187095
        max: 0.757970690727
        mean: 0.592105984688
        min: 0.359115839005
        var: 0.00844310689718
    key_strength: 0.505076289177
    tuning_diatonic_strength: 0.592272460461
    tuning_equal_tempered_deviation: 0.156386882067
    tuning_frequency: 449.245300293
    tuning_nontempered_energy_ratio: 0.82263559103
    hpcp:
        dmean: [0.138313800097, 0.134060010314, 0.141121193767, 0.139233514667, 0.114573910832, 0.0718418359756, 0.0753037407994, 0.102136656642, 0.106081992388, 0.118635006249, 0.10280418396, 0.0522382073104, 0.0323555283248, 0.0348815470934, 0.0315583981574, 0.0253187064081, 0.0320191383362, 0.0446878150105, 0.0475466400385, 0.033653434366, 0.0485652759671, 0.0798420757055, 0.0869781821966, 0.0922076180577, 0.105285398662, 0.0958032459021, 0.0697933807969, 0.0725226253271, 0.157576024532, 0.216228112578, 0.200789734721, 0.178273782134, 0.144812583923, 0.137951523066, 0.120880000293, 0.122981369495]
        dmean2: [0.234510615468, 0.227608591318, 0.241174861789, 0.236145794392, 0.19058431685, 0.120591931045, 0.134116694331, 0.17404332757, 0.173290804029, 0.20457008481, 0.162966474891, 0.094159424305, 0.0548209995031, 0.0615763552487, 0.0590565800667, 0.0417750515044, 0.0550281442702, 0.0719972774386, 0.0822480171919, 0.0578361339867, 0.0801350474358, 0.135500743985, 0.144916310906, 0.159418046474, 0.180334687233, 0.169497668743, 0.122998133302, 0.131844565272, 0.274837821722, 0.364427030087, 0.335187077522, 0.323066323996, 0.250532865524, 0.243302211165, 0.206143110991, 0.20713762939]
        dvar: [0.0426941215992, 0.0302147716284, 0.036165650934, 0.0433128736913, 0.0299599636346, 0.0224239844829, 0.0218175482005, 0.0319658890367, 0.027906248346, 0.0435291789472, 0.0281844623387, 0.0178562905639, 0.0082915564999, 0.0159765556455, 0.0124935768545, 0.00235481280833, 0.00943816080689, 0.0101978918537, 0.0116461142898, 0.0090543879196, 0.00625743344426, 0.0260665211827, 0.0205159392208, 0.0302719548345, 0.032295960933, 0.0356305316091, 0.0275232717395, 0.0245863776654, 0.0606181696057, 0.0617049410939, 0.0551095791161, 0.0652763321996, 0.0583622120321, 0.0536441840231, 0.0389935523272, 0.0341876447201]
        dvar2: [0.101947598159, 0.0740235522389, 0.094468832016, 0.0954874455929, 0.0651757121086, 0.0569560863078, 0.0582993812859, 0.0746099501848, 0.0699813961983, 0.101802073419, 0.0644518882036, 0.0414555966854, 0.0228752400726, 0.0449045486748, 0.0376573726535, 0.0063587105833, 0.0269703157246, 0.0226786006242, 0.0309233404696, 0.0272435229272, 0.0175493229181, 0.0725701600313, 0.0521060526371, 0.0804985612631, 0.0854341462255, 0.0939699038863, 0.0733378455043, 0.0692319273949, 0.171120256186, 0.172614768147, 0.151204273105, 0.190379276872, 0.149377286434, 0.14766445756, 0.0949616730213, 0.0865750983357]
        max: [1, 1, 1, 1, 1, 1, 1, 1, 1, 1, 1, 1, 1, 1, 0.913220882416, 0.410728543997, 1, 1, 1, 1, 0.531964123249, 1, 1, 1, 1, 1, 1, 1, 1, 1, 1, 1, 1, 1, 1, 1]
        mean: [0.237452670932, 0.208803445101, 0.205004364252, 0.228031560779, 0.147135287523, 0.0918413922191, 0.08423794806, 0.112092077732, 0.212683737278, 0.228068351746, 0.117134444416, 0.0492669604719, 0.0342917479575, 0.0296768657863, 0.033442016691, 0.0302019584924, 0.0415147840977, 0.0790235176682, 0.073046810925, 0.0397251956165, 0.0604338794947, 0.123356886208, 0.149546131492, 0.164540797472, 0.160805270076, 0.105078727007, 0.0620694793761, 0.0602742433548, 0.142699182034, 0.259211778641, 0.290534764528, 0.213150769472, 0.154275417328, 0.151322498918, 0.153066515923, 0.185707286]
        min: [0.000223635826842, 0.000193092128029, 0.000444066681666, 0.000277929531876, 0.000290803785902, 9.22092367546e-05, 0.00026513679768, 0.000141292955959, 8.25372262625e-05, 3.29019603669e-05, 0.000118728588859, 0.000520941568539, 0.000335643533617, 0.000103659382148, 0.000136002374347, 0.000190140315681, 0.000235008017626, 0.000186884353752, 0.000150907391799, 0.000173419393832, 5.24437455169e-05, 5.50953336642e-05, 9.16671269806e-05, 9.45005740505e-05, 0.000119829921459, 0.000166994184838, 0.00014788864064, 0.000146507227328, 0.00020837248303, 0.000134259578772, 0.000146058140672, 0.00013735156972, 0.000409425847465, 0.000502770941239, 0.000239800079726, 0.000192019651877]
        var: [0.096957243979, 0.0661930292845, 0.0639324113727, 0.104626759887, 0.0501618459821, 0.0374763868749, 0.0308294389397, 0.0409571379423, 0.0948397368193, 0.112574756145, 0.0394571274519, 0.0188864804804, 0.0100517701358, 0.0103811416775, 0.00763952638954, 0.00262251729146, 0.00772062083706, 0.0326045081019, 0.0237564835697, 0.0061388714239, 0.00697591388598, 0.0580855831504, 0.0589282549918, 0.0616978108883, 0.0625573545694, 0.0324007682502, 0.0202211886644, 0.0179454907775, 0.0598520636559, 0.0847535207868, 0.103784993291, 0.0829374045134, 0.071623750031, 0.065844476223, 0.0630187317729, 0.0620427466929]
    chords_histogram: [20.7373275757, 11.0599079132, 1.38248848915, 0, 5.0691242218, 0, 7.37327194214, 0, 10.5990781784, 0, 0, 0, 0, 0, 0, 0, 0, 19.354839325, 0, 2.7649769783, 11.9815664291, 0, 9.67741966248, 0]
    thpcp: [1, 0.733649790287, 0.53100502491, 0.520841300488, 0.526844084263, 0.639191269875, 0.817295193672, 0.718686580658, 0.705610454082, 0.78486841917, 0.506429195404, 0.316111534834, 0.289941012859, 0.385812968016, 0.732042312622, 0.784995019436, 0.403168439865, 0.169573381543, 0.118029758334, 0.102145664394, 0.115105040371, 0.103952996433, 0.142890930176, 0.271993339062, 0.251421928406, 0.136731296778, 0.208009108901, 0.42458564043, 0.514727175236, 0.566337704659, 0.553480327129, 0.361673504114, 0.213638737798, 0.207459658384, 0.491160422564, 0.892188489437]
    chords_key: "F"
    chords_scale: "major"
    key_key: "F"
    key_scale: "major"
    chords_progression: ["A#", "A#", "A#", "A#", "A#", "A#", "A#", "A#", "A#", "A#", "A#", "A#", "A#", "A#", "A#", "A#", "A#", "A#", "A#", "A#", "A#", "F", "F", "F", "F", "F", "F", "F", "F", "F", "F", "F", "F", "F", "F", "F", "F", "F", "F", "F", "F", "F", "F", "F", "F", "F", "F", "F", "F", "F", "F", "F", "F", "F", "F", "F", "F", "F", "F", "F", "F", "F", "Fm", "Fm", "Fm", "Fm", "Fm", "Fm", "Fm", "Fm", "Fm", "Fm", "Fm", "Fm", "Fm", "Fm", "Fm", "Fm", "Fm", "Fm", "Fm", "Fm", "Fm", "Fm", "Fm", "Fm", "Fm", "Fm", "Fm", "Fm", "Fm", "Fm", "Fm", "Fm", "Fm", "Fm", "Fm", "Fm", "Fm", "Fm", "Fm", "Fm", "Fm", "Fm", "F", "F", "F", "F", "Am", "Am", "Am", "Am", "Am", "Am", "Am", "Am", "Am", "Am", "Am", "Am", "Am", "Am", "Am", "Am", "Am", "Am", "Am", "Am", "Am", "Am", "Am", "Am", "A", "A", "A", "A", "A", "A", "A", "A", "A", "A", "A", "A", "A", "A", "A", "A", "A", "A", "A", "A", "A", "A", "A", "C", "C", "C", "Cm", "Cm", "Cm", "Cm", "Cm", "Cm", "G", "G", "G", "G", "G", "G", "G", "G", "G", "G", "G", "D#", "D#", "D#", "D#", "D#", "D#", "D#", "D#", "D#", "D#", "D#", "D#", "D#", "D#", "D#", "D#", "D#", "D#", "D#", "D#", "D#", "D#", "D#", "D#", "D#", "D#", "D", "D", "D", "D", "D", "D", "D", "D", "D", "D", "D", "D", "D", "D", "D", "D"]
