
metadata:
    version:
        essentia: "1.2.2"
    audio_properties:
        analysis_sample_rate: 44100
        bitrate: 128
        channels: 2
        equal_loudness: 1
        length: 10.0310201645
        replay_gain: -11.9024906158
        downmix: "mix"
    tags:
        track: 16
        year: 0
        album: "Splitted by Mp3Splt v. 2.1"
        artist: "From 002.30 To 002.40"
        comment: "http://mp3splt.sf.net"
        genre: ""
        title: "08 The League of Bald-Headed M"

highlevel:
    ballroom:
        all:
            ChaChaCha: 0.0541181974113
            Jive: 0.801939368248
            Quickstep: 0.0227380767465
            Rumba-American: 0.000455077009974
            Rumba-International: 0.0043694213964
            Rumba-Misc: 0.00139787595253
            Samba: 0.0779257342219
            Tango: 0.00196732021868
            VienneseWaltz: 0.0319120846689
            Waltz: 0.00317682255991
        probability: 0.801939368248
        value: "Jive"
    culture:
        all:
            non_western: 0.139621898532
            western: 0.860378086567
        probability: 0.860378086567
        value: "western"
    gender:
        all:
            female: 0.331756204367
            male: 0.668243825436
        probability: 0.668243825436
        value: "male"
    genre_dortmund:
        all:
            alternative: 0.165574491024
            blues: 0.0242884065956
            electronic: 0.033569432795
            folkcountry: 0.137869283557
            funksoulrnb: 0.00424707634374
            jazz: 0.0247343126684
            pop: 0.0793776959181
            raphiphop: 0.00306085823104
            rock: 0.527278423309
        probability: 0.527278423309
        value: "rock"
    genre_electronica:
        all:
            ambient: 0.252320080996
            dnb: 0.14170986414
            house: 0.0339278355241
            techno: 0.0291331484914
            trance: 0.542909085751
        probability: 0.542909085751
        value: "trance"
    genre_rosamerica:
        all:
            cla: 0.0121070798486
            dan: 0.0620909258723
            hip: 0.00284397834912
            jaz: 0.00374340335838
            pop: 0.00782066117972
            rhy: 0.00506075145677
            roc: 0.904565095901
            spe: 0.00176807772368
        probability: 0.904565095901
        value: "roc"
    genre_tzanetakis:
        all:
            blu: 0.00610584765673
            cla: 0.0110505996272
            cou: 0.114500947297
            dis: 0.017066847533
            hip: 0.0052125309594
            jaz: 0.0267598479986
            met: 0.405932754278
            pop: 0.0310946125537
            reg: 0.00691693183035
            roc: 0.375359088182
        probability: 0.405932754278
        value: "met"
    live_studio:
        all:
            live: 0.0767367035151
            studio: 0.923263311386
        probability: 0.923263311386
        value: "studio"
    mood:
        all:
            Cluster1: 0.418326228857
            Cluster2: 0.097384981811
            Cluster3: 0.0467542260885
            Cluster4: 0.05483327806
            Cluster5: 0.382701307535
        probability: 0.418326228857
        value: "Cluster1"
    mood_acoustic:
        all:
            acoustic: 0.0357038006186
            not_acoustic: 0.964296221733
        probability: 0.964296221733
        value: "not_acoustic"
    mood_aggressive:
        all:
            aggressive: 0.774917781353
            not_aggressive: 0.225082233548
        probability: 0.774917781353
        value: "aggressive"
    mood_electronic:
        all:
            electronic: 0.579104602337
            not_electronic: 0.420895427465
        probability: 0.579104602337
        value: "electronic"
    mood_happy:
        all:
            happy: 0.621260523796
            not_happy: 0.378739446402
        probability: 0.621260523796
        value: "happy"
    mood_party:
        all:
            not_party: 0.426237910986
            party: 0.573762059212
        probability: 0.573762059212
        value: "party"
    mood_relaxed:
        all:
            not_relaxed: 0.898870944977
            relaxed: 0.101129040122
        probability: 0.898870944977
        value: "not_relaxed"
    mood_sad:
        all:
            not_sad: 0.933478593826
            sad: 0.0665213912725
        probability: 0.933478593826
        value: "not_sad"
    rhythm:
        all:
            fast: 0.943827867508
            medium: 0.0285026989877
            slow: 0.0276694633067
        probability: 0.943827867508
        value: "fast"
    speech_music:
        all:
            music: 0.98724091053
            speech: 0.0127590680495
        probability: 0.98724091053
        value: "music"
    timbre:
        all:
            bright: 0.393458455801
            dark: 0.606541514397
        probability: 0.606541514397
        value: "dark"
    voice_instrumental:
        all:
            instrumental: 0.157271116972
            voice: 0.842728853226
        probability: 0.842728853226
        value: "voice"

lowlevel:
    average_loudness: 0.977882504463
    barkbands_kurtosis:
        dmean: 0.467387020588
        dmean2: 0.77087688446
        dvar: 0.296698480844
        dvar2: 0.667885422707
        max: 5.03339767456
        mean: -1.23593437672
        min: -1.87386882305
        var: 0.71023529768
    barkbands_skewness:
        dmean: 0.404166519642
        dmean2: 0.645247757435
        dvar: 0.11090259254
        dvar2: 0.267825841904
        max: 2.53108406067
        mean: 0.289271771908
        min: -1.59711909294
        var: 0.411507219076
    barkbands_spread:
        dmean: 4.78402280807
        dmean2: 7.66659832001
        dvar: 16.5347270966
        dvar2: 39.0134658813
        max: 55.6799812317
        mean: 40.8528594971
        min: 16.9950332642
        var: 45.6582603455
    dissonance:
        dmean: 0.0110004963353
        dmean2: 0.0183294005692
        dvar: 9.04220505618e-05
        dvar2: 0.000223727154662
        max: 0.499995172024
        mean: 0.477180093527
        min: 0.413559436798
        var: 0.000189840138773
    hfc:
        dmean: 3.66099977493
        dmean2: 5.84601211548
        dvar: 45.6048355103
        dvar2: 122.15057373
        max: 67.2237472534
        mean: 8.51449871063
        min: 0.0490780472755
        var: 55.6532020569
    pitch:
        dmean: 610.460571289
        dmean2: 1184.88964844
        dvar: 1450531.625
        dvar2: 3617126.75
        max: 4410
        mean: 3316.93139648
        min: 76.2975769043
        var: 1627015.25
    pitch_instantaneous_confidence:
        dmean: 0.0784233435988
        dmean2: 0.129787817597
        dvar: 0.00337900756858
        dvar2: 0.00947863422334
        max: 0.741192817688
        mean: 0.437265902758
        min: 0.211700022221
        var: 0.00995861086994
    pitch_salience:
        dmean: 0.05145137012
        dmean2: 0.0861815363169
        dvar: 0.00170308793895
        dvar2: 0.00462160632014
        max: 0.842349171638
        mean: 0.711380064487
        min: 0.41862770915
        var: 0.00386311113834
    silence_rate_20dB:
        dmean: 0
        dmean2: 0
        dvar: 0
        dvar2: 0
        max: 1
        mean: 1
        min: 1
        var: 0
    silence_rate_30dB:
        dmean: 0
        dmean2: 0
        dvar: 0
        dvar2: 0
        max: 1
        mean: 1
        min: 1
        var: 0
    silence_rate_60dB:
        dmean: 0.143518522382
        dmean2: 0.28770300746
        dvar: 0.122921362519
        dvar2: 0.242052316666
        max: 1
        mean: 0.244803696871
        min: 0
        var: 0.184874713421
    spectral_centroid:
        dmean: 311.551330566
        dmean2: 499.494995117
        dvar: 68137.9765625
        dvar2: 157815.671875
        max: 3470.35083008
        mean: 1692.20483398
        min: 574.624450684
        var: 256912.078125
    spectral_complexity:
        dmean: 4.13225078583
        dmean2: 6.16046524048
        dvar: 20.5834465027
        dvar2: 42.0370521545
        max: 41
        mean: 14.8263893127
        min: 0
        var: 59.0740089417
    spectral_crest:
        dmean: 1.78970956802
        dmean2: 2.89432740211
        dvar: 2.26725792885
        dvar2: 6.25810432434
        max: 15.7001428604
        mean: 7.19355201721
        min: 3.58091378212
        var: 4.85388565063
    spectral_decrease:
        dmean: 3.08564201967e-10
        dmean2: 4.71972738669e-10
        dvar: 1.98160098402e-19
        dvar2: 4.97623894899e-19
        max: -5.60061762592e-12
        mean: -1.03103037219e-09
        min: -4.21326484812e-09
        var: 2.84796501294e-19
    spectral_energy:
        dmean: 0.00146172440145
        dmean2: 0.00225101714022
        dvar: 5.10584686708e-06
        dvar2: 1.30569987959e-05
        max: 0.021999206394
        mean: 0.00466363551095
        min: 2.55894410657e-05
        var: 6.9592329055e-06
    spectral_energyband_high:
        dmean: 0.00034061804763
        dmean2: 0.000543859903701
        dvar: 2.92283459657e-07
        dvar2: 7.53346569127e-07
        max: 0.00435051741078
        mean: 0.000650872301776
        min: 4.87003035232e-06
        var: 4.1863282263e-07
    spectral_energyband_low:
        dmean: 0.000128593310365
        dmean2: 0.000219782232307
        dvar: 3.39352261847e-08
        dvar2: 9.77155849569e-08
        max: 0.00173816550523
        mean: 0.000201441944228
        min: 1.51445431129e-06
        var: 3.09732435255e-08
    spectral_energyband_middle_high:
        dmean: 0.000755342480261
        dmean2: 0.00123895448633
        dvar: 1.90746141016e-06
        dvar2: 5.14470139024e-06
        max: 0.0138678681105
        mean: 0.00165372272022
        min: 9.00454961084e-06
        var: 2.24024620366e-06
    spectral_energyband_middle_low:
        dmean: 0.00066526629962
        dmean2: 0.00103472161572
        dvar: 5.55681481273e-07
        dvar2: 1.30407920551e-06
        max: 0.007817838341
        mean: 0.002157590352
        min: 1.01980240288e-05
        var: 1.00955253401e-06
    spectral_flatness_db:
        dmean: 0.0157776549459
        dmean2: 0.0225950218737
        dvar: 0.000175946013769
        dvar2: 0.000345774606103
        max: 0.224926188588
        mean: 0.16005448997
        min: 0.103045471013
        var: 0.000625288928859
    spectral_flux:
        dmean: 0.00807239674032
        dmean2: 0.0113628432155
        dvar: 8.87311325641e-05
        dvar2: 0.000158889903105
        max: 0.117156274617
        mean: 0.0401077605784
        min: 0.00505860056728
        var: 0.000236541367485
    spectral_kurtosis:
        dmean: 1.22989475727
        dmean2: 2.08988666534
        dvar: 1.70296752453
        dvar2: 3.74261188507
        max: 15.4327335358
        mean: 2.85953164101
        min: 0.0123057365417
        var: 2.46870684624
    spectral_rms:
        dmean: 0.000301465392113
        dmean2: 0.000449989485787
        dvar: 1.35965038339e-07
        dvar2: 3.16850957915e-07
        max: 0.00463277893141
        mean: 0.00206997781061
        min: 0.000158004142577
        var: 2.65079250994e-07
    spectral_rolloff:
        dmean: 298.067504883
        dmean2: 489.304260254
        dvar: 129495.835938
        dvar2: 298906.625
        max: 4823.4375
        mean: 3696.98168945
        min: 344.53125
        var: 360395.25
    spectral_skewness:
        dmean: 0.224729061127
        dmean2: 0.341934889555
        dvar: 0.0465894639492
        dvar2: 0.0947743207216
        max: 3.16041040421
        mean: 0.994040608406
        min: 0.25921574235
        var: 0.0977449342608
    spectral_spread:
        dmean: 496537.6875
        dmean2: 666015.25
        dvar: 283342209024
        dvar2: 573196140544
        max: 8198447
        mean: 4167726.5
        min: 2807827.5
        var: 956096380928
    spectral_strongpeak:
        dmean: 0.322815954685
        dmean2: 0.573067784309
        dvar: 0.448779702187
        dvar2: 1.25618684292
        max: 4.99320459366
        mean: 0.423342496157
        min: 0.00601657340303
        var: 0.345603317022
    zerocrossingrate:
        dmean: 0.00900658033788
        dmean2: 0.0107614919543
        dvar: 5.04399176862e-05
        dvar2: 6.86835774104e-05
        max: 0.1728515625
        mean: 0.101602062583
        min: 0.03369140625
        var: 0.000407221406931
    barkbands:
        dmean: [1.63679601428e-07, 4.62862226414e-05, 9.57764641498e-05, 0.000113777605293, 0.000345237058355, 0.000264983216766, 0.000218946282985, 0.000143312674481, 3.68496694136e-05, 4.47079983132e-05, 1.46509792103e-05, 1.8520939193e-05, 2.32883739955e-05, 1.68162605405e-05, 3.10362047458e-05, 4.76596796943e-05, 0.000109905944555, 0.000213162304135, 0.000292019714834, 0.000370499183191, 0.000110656750621, 2.54831520579e-05, 7.5314624155e-06, 2.53077905654e-06, 1.14155875508e-06, 8.50785824014e-08, 6.06342032139e-10]
        dmean2: [2.41118726763e-07, 8.19859706098e-05, 0.000163325385074, 0.000185948956641, 0.000564182293601, 0.000403115671361, 0.000365251966286, 0.000227904354688, 6.02375657763e-05, 6.97920477251e-05, 2.39719011006e-05, 2.91799733532e-05, 3.85842249671e-05, 2.814077925e-05, 5.24649949512e-05, 8.31193246995e-05, 0.000180639792234, 0.000366602907889, 0.0004846304073, 0.00061262975214, 0.00018219780759, 4.06773033319e-05, 1.21379389384e-05, 4.00590397476e-06, 1.52758434524e-06, 1.38926452564e-07, 9.37934174772e-10]
        dvar: [1.11130072158e-13, 6.33194252586e-09, 1.50300571988e-08, 1.84651689494e-08, 1.26319164906e-07, 9.69777644855e-08, 9.81968497626e-08, 1.88903797493e-07, 9.6873362665e-09, 8.42419023428e-09, 6.90698109818e-10, 1.96708693778e-09, 1.04999442474e-09, 3.64420493781e-10, 2.5960544825e-09, 5.01102759287e-09, 2.73840914389e-08, 1.45606179558e-07, 3.98760732878e-07, 2.40925885464e-07, 5.88381539046e-08, 2.89520918351e-09, 7.23439530503e-10, 6.25560644951e-11, 8.98292898399e-12, 1.85153660389e-14, 3.82434093555e-18]
        dvar2: [1.66733949781e-13, 1.8253212275e-08, 4.28097379768e-08, 4.74164565389e-08, 3.45654370904e-07, 2.50783045885e-07, 2.13627444623e-07, 4.68436809342e-07, 2.57343639731e-08, 1.62136384319e-08, 1.82964743356e-09, 4.21624912761e-09, 2.43417264123e-09, 9.35600485974e-10, 7.14261982893e-09, 1.35352111741e-08, 6.96808086786e-08, 3.96762516175e-07, 1.09394204628e-06, 6.0844786276e-07, 1.60951998396e-07, 7.60903695607e-09, 1.66448765881e-09, 1.48269369005e-10, 1.10394237154e-11, 4.58244993871e-14, 4.38142267628e-18]
        max: [5.59329691896e-06, 0.000711813452654, 0.00111552141607, 0.00125237833709, 0.00402107555419, 0.00293313665316, 0.00431594671682, 0.00590987037867, 0.00137142348103, 0.00154637801461, 0.000325591827277, 0.000809976598248, 0.000529557291884, 0.00022934289882, 0.00053140608361, 0.00058791419724, 0.00130925048143, 0.00249820877798, 0.00683829002082, 0.00442536966875, 0.00199173297733, 0.000481437920826, 0.000374293565983, 0.000111326713522, 6.78007199895e-05, 7.25871188934e-07, 3.87078245012e-08]
        mean: [3.48474571865e-07, 5.97109137743e-05, 0.000141392752994, 0.0002132205409, 0.000689537730068, 0.000673134520184, 0.000329133268679, 0.000179423135705, 6.08310620009e-05, 8.3035993157e-05, 2.04430816666e-05, 3.01096788462e-05, 4.14468886447e-05, 3.28681853716e-05, 4.86915523652e-05, 7.48513630242e-05, 0.000184843869647, 0.000333368603606, 0.000466632423922, 0.000774550891947, 0.000170830113348, 4.04640995839e-05, 9.61574642133e-06, 3.4144932215e-06, 1.65546941844e-06, 8.41379730332e-08, 5.84008230664e-10]
        min: [6.0241499289e-11, 8.76028536823e-07, 4.34825381035e-07, 1.12484804049e-06, 7.69608595874e-06, 7.77400600782e-07, 2.77168567209e-07, 2.00537471073e-07, 1.20418135907e-07, 4.92238214633e-08, 1.01757656523e-07, 8.70347633963e-08, 3.22912455886e-07, 3.30366162871e-07, 2.0053309413e-07, 9.9837484413e-07, 4.69577372542e-07, 2.90954312732e-06, 1.97874373953e-06, 5.49095102542e-06, 8.23753055101e-07, 1.05002179396e-07, 7.16915371513e-09, 7.21218695876e-10, 2.95290542018e-10, 5.42195281727e-11, 2.93424410203e-13]
        var: [1.37911004231e-13, 4.64797444977e-09, 1.56722208544e-08, 2.71221907155e-08, 2.11639346048e-07, 2.03691996603e-07, 1.75684519377e-07, 2.12309615222e-07, 1.25608075052e-08, 2.48351366139e-08, 6.92126855828e-10, 2.64727351151e-09, 1.75816572412e-09, 5.64889079957e-10, 2.74361067198e-09, 5.29353449963e-09, 3.75415751819e-08, 1.37201993766e-07, 3.74005338699e-07, 4.01176038167e-07, 6.01156102675e-08, 3.93582721969e-09, 9.70003410927e-10, 1.13147609337e-10, 3.19992192466e-11, 2.19313279424e-14, 3.91162999687e-18]
    mfcc:
        mean: [-714.236572266, 118.686706543, -47.8468437195, 84.9936981201, -22.3182945251, -10.9738788605, -2.14647865295, -18.2348060608, -8.61506557465, -11.1909561157, -5.50429487228, -6.44481086731, -2.91807293892]
        cov: [[1557.17797852, -901.500671387, 419.494720459, -279.857391357, 56.8152999878, -150.965164185, -42.3788833618, 142.66986084, -15.9341135025, 73.9067993164, -50.0024032593, 74.4266891479, -12.2627487183], [-901.500671387, 856.163085938, -436.597412109, 197.47076416, -108.510543823, 94.4834442139, 38.3160400391, -82.2143325806, 43.1488037109, -63.2234039307, 57.8947525024, -58.823890686, 2.02171063423], [419.494720459, -436.597412109, 375.751464844, -116.246917725, 92.0050964355, -49.8331985474, -13.477599144, 49.3584899902, -42.3281898499, 53.0701446533, -41.0353660583, 32.8515701294, -2.20035982132], [-279.857391357, 197.47076416, -116.246917725, 156.139373779, 0.753677427769, 50.0543708801, 3.88111400604, -39.4784736633, 14.9600763321, -34.4587516785, 16.2264938354, -7.82203674316, 19.1903133392], [56.8152999878, -108.510543823, 92.0050964355, 0.753677427769, 98.1434173584, 9.29785346985, 17.08685112, -1.73362207413, -1.84727466106, 6.59156513214, -13.7626609802, 11.5544185638, 7.42534160614], [-150.965164185, 94.4834442139, -49.8331985474, 50.0543708801, 9.29785346985, 88.3669433594, 17.0890026093, -18.3936424255, 14.571814537, -22.2701263428, -1.54293954372, -15.228143692, 9.74652385712], [-42.3788833618, 38.3160400391, -13.477599144, 3.88111400604, 17.08685112, 17.0890026093, 57.2049179077, 10.307100296, 14.8307285309, -3.43202400208, 3.47151565552, -7.66141557693, 1.54296290874], [142.66986084, -82.2143325806, 49.3584899902, -39.4784736633, -1.73362207413, -18.3936424255, 10.307100296, 63.2245674133, 6.01854991913, 20.8409900665, -8.08463096619, 6.39784908295, -6.78398656845], [-15.9341135025, 43.1488037109, -42.3281898499, 14.9600763321, -1.84727466106, 14.571814537, 14.8307285309, 6.01854991913, 50.3979530334, -8.68692111969, 10.1754007339, -7.60058879852, -0.422099947929], [73.9067993164, -63.2234039307, 53.0701446533, -34.4587516785, 6.59156513214, -22.2701263428, -3.43202400208, 20.8409900665, -8.68692111969, 61.8634033203, 3.3046939373, 12.1407022476, -7.5024471283], [-50.0024032593, 57.8947525024, -41.0353660583, 16.2264938354, -13.7626609802, -1.54293954372, 3.47151565552, -8.08463096619, 10.1754007339, 3.3046939373, 43.3489265442, 9.1680765152, 0.839145123959], [74.4266891479, -58.823890686, 32.8515701294, -7.82203674316, 11.5544185638, -15.228143692, -7.66141557693, 6.39784908295, -7.60058879852, 12.1407022476, 9.1680765152, 49.6657028198, 8.64164447784], [-12.2627487183, 2.02171063423, -2.20035982132, 19.1903133392, 7.42534160614, 9.74652385712, 1.54296290874, -6.78398656845, -0.422099947929, -7.5024471283, 0.839145123959, 8.64164447784, 33.9840698242]]
        icov: [[0.00213098106906, 0.0020552794449, 0.000377683056286, 0.00106497749221, 0.000545278307982, 0.000851589546073, 0.000360460369848, -0.00160163512919, -0.00122767745052, 0.000558131607249, -5.17934531672e-05, -0.000700209464412, -0.000342416286003], [0.0020552794449, 0.00568564748392, 0.00326569215395, -0.00104116310831, 0.00213079154491, -2.8140078939e-05, -0.00187784968875, -6.29721034784e-05, -0.000281794578768, -0.000396367686335, -0.000985966878943, 0.000679229560774, 0.000578573613893], [0.000377683056286, 0.00326569215395, 0.00884107872844, 0.0016877456801, -0.00471162516624, 3.77415417461e-05, 0.000784647185355, -0.00226293690503, 0.00353483157232, -0.00207650801167, 0.00113739713561, 0.00014592493244, -0.000387028907426], [0.00106497749221, -0.00104116310831, 0.0016877456801, 0.0131163233891, -0.00379186915234, -0.0026038850192, 0.00337587832473, 0.000293117511319, -0.0010084558744, 0.00268653803505, -0.00187576306053, -0.000996422837488, -0.00449031312019], [0.000545278307982, 0.00213079154491, -0.00471162516624, -0.00379186915234, 0.0194778237492, -0.00145329732914, -0.00837059691548, 0.00614101579413, -0.00335755781271, -0.00162423797883, 0.00440015597269, -0.00378445349634, 0.000126482424093], [0.000851589546073, -2.8140078939e-05, 3.77415417461e-05, -0.0026038850192, -0.00145329732914, 0.0169784445316, -0.00293351244181, 0.00132834073156, -0.00311517482623, 0.00178643350955, 0.00283708795905, 0.00219884957187, -0.00264519243501], [0.000360460369848, -0.00187784968875, 0.000784647185355, 0.00337587832473, -0.00837059691548, -0.00293351244181, 0.0255163274705, -0.00845090020448, -0.00290984357707, 0.00179202051368, -0.00414883345366, 0.00359345553443, -0.00224081473425], [-0.00160163512919, -6.29721034784e-05, -0.00226293690503, 0.000293117511319, 0.00614101579413, 0.00132834073156, -0.00845090020448, 0.0271928347647, -0.0061016427353, -0.00617799721658, 0.00620924821123, -0.00293936254457, 0.00235748221166], [-0.00122767745052, -0.000281794578768, 0.00353483157232, -0.0010084558744, -0.00335755781271, -0.00311517482623, -0.00290984357707, -0.0061016427353, 0.0277328658849, 0.00231381249614, -0.00694176042452, 0.00397015782073, 0.000930338865146], [0.000558131607249, -0.000396367686335, -0.00207650801167, 0.00268653803505, -0.00162423797883, 0.00178643350955, 0.00179202051368, -0.00617799721658, 0.00231381249614, 0.0227629318833, -0.00541025586426, -0.00221935333684, 0.00285329972394], [-5.17934531672e-05, -0.000985966878943, 0.00113739713561, -0.00187576306053, 0.00440015597269, 0.00283708795905, -0.00414883345366, 0.00620924821123, -0.00694176042452, -0.00541025586426, 0.0331857427955, -0.00980958808213, 0.0012200117344], [-0.000700209464412, 0.000679229560774, 0.00014592493244, -0.000996422837488, -0.00378445349634, 0.00219884957187, 0.00359345553443, -0.00293936254457, 0.00397015782073, -0.00221935333684, -0.00980958808213, 0.028527950868, -0.00772726489231], [-0.000342416286003, 0.000578573613893, -0.000387028907426, -0.00449031312019, 0.000126482424093, -0.00264519243501, -0.00224081473425, 0.00235748221166, 0.000930338865146, 0.00285329972394, 0.0012200117344, -0.00772726489231, 0.0356577374041]]
    spectral_contrast:
        mean: [4.37542666987e-07, -2.02847232345e-07, -7.7972394763e-08, 5.40749169886e-08, 1.63568913081e-07, 5.53205609322e-07, -4.0412501221e-06, 1.27625682467e-07, -8.61714852363e-07, -1.33720675422e-06, -1.46231445797e-06, 3.62429364031e-06]
        var: [0.000380310491892, 0.000453676475445, 0.000623447354883, 0.0014789623674, 0.00184213533066, 0.00266857119277, 0.0349843762815, 0.0531545951962, 0.0972407311201, 0.153934419155, 0.230832010508, 1.47129547596]

rhythm:
    beats_loudness:
        dmean: 0.00347731611691
        dmean2: 0.00685650995001
        dvar: 3.21636139233e-06
        dvar2: 9.4126771728e-06
        max: 0.0104646105319
        mean: 0.00665316265076
        min: 0.00305906566791
        var: 4.98903682455e-06
    beats_loudness_bass:
        dmean: 0.0770361050963
        dmean2: 0.143846541643
        dvar: 0.00344247254543
        dvar2: 0.010666445829
        max: 0.283077985048
        mean: 0.0968832671642
        min: 0.0225765388459
        var: 0.00370805244893
    bpm: 130.748764038
    bpm_confidence: 0
    first_peak_bpm: 131
    first_peak_spread: 0
    first_peak_weight: 0.952380955219
    onset_rate: 4.08732128143
    second_peak_bpm: 121
    second_peak_spread: 0
    second_peak_weight: 0.047619048506
    beats_position: [0.201171144843, 0.65984082222, 1.1185104847, 1.57718002796, 2.03584957123, 2.4945192337, 2.95318865776, 3.41185832024, 3.87052774429, 4.32919740677, 4.78786706924, 5.24653673172, 5.70520591736, 6.19930839539, 6.65838575363, 7.1174621582, 7.57653951645, 8.03561592102, 8.4946937561, 8.95377063751, 9.41284751892, 9.87192440033]
    bpm_estimates: [130.818328857, 130.800201416, 130.976119995, 130.671813965, 130.695007324, 130.757095337, 130.771591187, 131.015472412, 130.622451782, 130.735427856, 130.657394409, 130.796127319, 130.926513672, 130.665527344, 130.703369141, 130.856002808, 130.688919067, 130.320251465]
    bpm_intervals: [0.458669662476, 0.458669662476, 0.458669543266, 0.458669543266, 0.458669662476, 0.458669424057, 0.458669662476, 0.458669424057, 0.458669662476, 0.458669662476, 0.458669662476, 0.458669185638, 0.494102478027, 0.459077358246, 0.459076404572, 0.459077358246, 0.459076404572, 0.459077835083, 0.459076881409, 0.459076881409, 0.459076881409]
    onset_times: [0.0464399084449, 0.18575963378, 0.429569154978, 0.661768734455, 0.882358253002, 1.11455786228, 1.23065757751, 1.52090704441, 1.55573701859, 1.81115651131, 1.95047616959, 2.03174614906, 2.27555561066, 2.43809533119, 2.73995471001, 2.96054410934, 3.40172338486, 3.87773251534, 4.09832191467, 4.35374164581, 4.56272125244, 4.77170085907, 5.01551008224, 5.21287965775, 5.72371864319, 5.9675283432, 6.18811798096, 6.39709758759, 6.5596370697, 6.66412687302, 6.87310647964, 7.10530614853, 7.32589578629, 7.56970500946, 7.80190467834, 8.26630401611, 8.498503685, 8.95129299164, 9.19510173798, 9.42730140686, 9.65950107574]
    rubato_start: []
    rubato_stop: []
    perceptual_tempo: "unknown"

sfx:
    inharmonicity:
        dmean: 0.0539288893342
        dmean2: 0.0941873043776
        dvar: 0.00259507168084
        dvar2: 0.0072425189428
        max: 0.294293731451
        mean: 0.0735589563847
        min: 0
        var: 0.00304560805671
    oddtoevenharmonicenergyratio:
        dmean: 2.32199311256
        dmean2: 4.26316928864
        dvar: 27.403263092
        dvar2: 74.601272583
        max: 48.5671730042
        mean: 1.75014317036
        min: 0
        var: 18.4408664703
    pitch_after_max_to_before_max_energy_ratio: 3.43576002121
    pitch_centroid: 218.514221191
    pitch_max_to_total: 0.243055552244
    pitch_min_to_total: 0.263888895512
    tristimulus:
        dmean: [0.168583124876, 0.29718118906, 0.226481512189]
        dmean2: [0.29811373353, 0.515835404396, 0.388304233551]
        dvar: [0.029275836423, 0.0521028377116, 0.0330438055098]
        dvar2: [0.0816240981221, 0.155312538147, 0.095201343298]
        max: [1, 0.982736289501, 0.79219597578]
        mean: [0.227695807815, 0.459503501654, 0.257527381182]
        min: [0.0108210612088, 0, 0]
        var: [0.0356019809842, 0.0675812885165, 0.0470225997269]

tonal:
    chords_changes_rate: 0
    chords_number_rate: 0.00460829492658
    chords_strength:
        dmean: 0.00645600771531
        dmean2: 0.00711203506216
        dvar: 2.80737549474e-05
        dvar2: 4.04249840358e-05
        max: 0.808878481388
        mean: 0.715257763863
        min: 0.606342554092
        var: 0.00250201206654
    key_strength: 0.64144128561
    tuning_diatonic_strength: 0.676107168198
    tuning_equal_tempered_deviation: 0.142649576068
    tuning_frequency: 446.91595459
    tuning_nontempered_energy_ratio: 0.837312102318
    hpcp:
        dmean: [0.166485473514, 0.137165680528, 0.105821236968, 0.137608930469, 0.178272604942, 0.198634967208, 0.20057964325, 0.181412950158, 0.144117429852, 0.128376796842, 0.110374003649, 0.0791016742587, 0.0844011753798, 0.0980442017317, 0.133378818631, 0.164592936635, 0.140082150698, 0.0988955870271, 0.083476908505, 0.118538342416, 0.1946464926, 0.180111885071, 0.138890743256, 0.0909322425723, 0.0821057483554, 0.0991291329265, 0.102385491133, 0.0985746085644, 0.148252665997, 0.192677423358, 0.195397004485, 0.190701574087, 0.175776734948, 0.148001089692, 0.147988155484, 0.168599247932]
        dmean2: [0.264137715101, 0.219264984131, 0.169225007296, 0.234540179372, 0.306239932775, 0.316952437162, 0.328537940979, 0.293721854687, 0.232891142368, 0.216356307268, 0.180830329657, 0.125399127603, 0.138744935393, 0.174558758736, 0.22128880024, 0.279966622591, 0.238259017467, 0.160404190421, 0.135889261961, 0.198669046164, 0.319744259119, 0.284522414207, 0.225994408131, 0.152302533388, 0.138226315379, 0.168811172247, 0.165377378464, 0.16443631053, 0.255728155375, 0.333721876144, 0.321695297956, 0.317985773087, 0.291724801064, 0.249790877104, 0.247349694371, 0.254088550806]
        dvar: [0.0289055425674, 0.0220633856952, 0.0138133363798, 0.0304135195911, 0.0308802034706, 0.030103681609, 0.032197970897, 0.0271285306662, 0.0272091589868, 0.02940928936, 0.0230807270855, 0.0135623170063, 0.0166773181409, 0.0300954133272, 0.0265034157783, 0.0487055443227, 0.0340492092073, 0.0215909983963, 0.0159000009298, 0.0219644699246, 0.0420667342842, 0.0341655276716, 0.0199145451188, 0.0133410338312, 0.0137814143673, 0.0226440280676, 0.0182313229889, 0.0161975529045, 0.0331858471036, 0.0442743338645, 0.0428395681083, 0.0359065197408, 0.0316730812192, 0.0286674275994, 0.0349517203867, 0.0284475367516]
        dvar2: [0.067666336894, 0.0559256635606, 0.036550052464, 0.0871059298515, 0.0888875648379, 0.0642883628607, 0.0729498267174, 0.0668751075864, 0.0602467022836, 0.0788067430258, 0.0609698854387, 0.0353418663144, 0.0433441400528, 0.0734584331512, 0.063391841948, 0.103566385806, 0.0899989381433, 0.0539764836431, 0.0411396585405, 0.0653205811977, 0.0962198674679, 0.0622557736933, 0.0493366010487, 0.031960170716, 0.0387206375599, 0.0628825053573, 0.0476033687592, 0.041783567518, 0.0925089865923, 0.112427122891, 0.109072655439, 0.102211743593, 0.094146028161, 0.0723043605685, 0.087610706687, 0.0741508305073]
        max: [1, 1, 0.731584250927, 1, 1, 1, 1, 1, 1, 1, 0.974522411823, 1, 0.742313742638, 1, 1, 1, 1, 1, 0.838843762875, 1, 1, 1, 1, 0.849422872066, 0.869771003723, 1, 0.982085466385, 0.852265834808, 1, 1, 1, 1, 1, 1, 1, 1]
        mean: [0.324686288834, 0.198883086443, 0.15038639307, 0.181909039617, 0.274246096611, 0.441066473722, 0.459084719419, 0.331124067307, 0.245283961296, 0.183645710349, 0.149624139071, 0.116926275194, 0.100923478603, 0.121070675552, 0.229746893048, 0.322205513716, 0.233800962567, 0.131238341331, 0.109352350235, 0.164227023721, 0.406138449907, 0.465136647224, 0.244385972619, 0.131073430181, 0.117658309639, 0.125470906496, 0.133348971605, 0.125922873616, 0.185965582728, 0.33975982666, 0.383162856102, 0.301483750343, 0.243980571628, 0.19533239305, 0.213220387697, 0.328520685434]
        min: [0.0144467232749, 0.0126023711637, 0.00831067468971, 0.00858962070197, 0.0142718069255, 0.0252583399415, 0.0318219996989, 0.0289621260017, 0.0208050832152, 0.0150394625962, 0.0150186689571, 0.0102654285729, 0.00744540942833, 0.0058749136515, 0.0103838955984, 0.0140290874988, 0.010501017794, 0.00734139652923, 0.00484282430261, 0.00568765727803, 0.00766993826255, 0.00748335151002, 0.0179426614195, 0.00654189102352, 0.00801702030003, 0.00859105680138, 0.00907984934747, 0.00617692992091, 0.0141241643578, 0.0166067890823, 0.0137715479359, 0.00980316381902, 0.010136266239, 0.0111443949863, 0.012007878162, 0.0132022919133]
        var: [0.0800056904554, 0.0316290445626, 0.019296258688, 0.0326711647213, 0.0401468537748, 0.0818626731634, 0.0792105868459, 0.0494646914303, 0.0432938821614, 0.0312277879566, 0.0238513164222, 0.0134971858934, 0.0151653513312, 0.0266854800284, 0.0468127578497, 0.115405648947, 0.0567738562822, 0.0238331723958, 0.0172980707139, 0.0266872309148, 0.10922088474, 0.121177658439, 0.0357266515493, 0.0165730640292, 0.0135443769395, 0.0207616034895, 0.0202165674418, 0.0160848647356, 0.0349371097982, 0.0912048667669, 0.102284856141, 0.0548631958663, 0.047753661871, 0.0349433459342, 0.0433282218874, 0.0791606605053]
    chords_histogram: [100, 0, 0, 0, 0, 0, 0, 0, 0, 0, 0, 0, 0, 0, 0, 0, 0, 0, 0, 0, 0, 0, 0, 0]
    thpcp: [1, 0.525406837463, 0.281795531511, 0.252954274416, 0.269750624895, 0.286687731743, 0.270722329617, 0.399808496237, 0.730451643467, 0.82376408577, 0.648161649704, 0.524535238743, 0.4199462533, 0.458403766155, 0.706288516521, 0.69804495573, 0.427579909563, 0.323316574097, 0.391087323427, 0.589603304863, 0.948251366615, 0.986988902092, 0.71188557148, 0.527337431908, 0.394820988178, 0.321677803993, 0.251380473375, 0.216975972056, 0.260290563107, 0.493934184313, 0.692711532116, 0.502650082111, 0.282150089741, 0.235097259283, 0.35307264328, 0.873159408569]
    chords_key: "E"
    chords_scale: "minor"
    key_key: "E"
    key_scale: "minor"
    chords_progression: ["Em", "Em", "Em", "Em", "Em", "Em", "Em", "Em", "Em", "Em", "Em", "Em", "Em", "Em", "Em", "Em", "Em", "Em", "Em", "Em", "Em", "Em", "Em", "Em", "Em", "Em", "Em", "Em", "Em", "Em", "Em", "Em", "Em", "Em", "Em", "Em", "Em", "Em", "Em", "Em", "Em", "Em", "Em", "Em", "Em", "Em", "Em", "Em", "Em", "Em", "Em", "Em", "Em", "Em", "Em", "Em", "Em", "Em", "Em", "Em", "Em", "Em", "Em", "Em", "Em", "Em", "Em", "Em", "Em", "Em", "Em", "Em", "Em", "Em", "Em", "Em", "Em", "Em", "Em", "Em", "Em", "Em", "Em", "Em", "Em", "Em", "Em", "Em", "Em", "Em", "Em", "Em", "Em", "Em", "Em", "Em", "Em", "Em", "Em", "Em", "Em", "Em", "Em", "Em", "Em", "Em", "Em", "Em", "Em", "Em", "Em", "Em", "Em", "Em", "Em", "Em", "Em", "Em", "Em", "Em", "Em", "Em", "Em", "Em", "Em", "Em", "Em", "Em", "Em", "Em", "Em", "Em", "Em", "Em", "Em", "Em", "Em", "Em", "Em", "Em", "Em", "Em", "Em", "Em", "Em", "Em", "Em", "Em", "Em", "Em", "Em", "Em", "Em", "Em", "Em", "Em", "Em", "Em", "Em", "Em", "Em", "Em", "Em", "Em", "Em", "Em", "Em", "Em", "Em", "Em", "Em", "Em", "Em", "Em", "Em", "Em", "Em", "Em", "Em", "Em", "Em", "Em", "Em", "Em", "Em", "Em", "Em", "Em", "Em", "Em", "Em", "Em", "Em", "Em", "Em", "Em", "Em", "Em", "Em", "Em", "Em", "Em", "Em", "Em", "Em", "Em", "Em", "Em", "Em", "Em", "Em", "Em", "Em", "Em", "Em", "Em", "Em"]
