
metadata:
    version:
        essentia: "1.2.2"
    audio_properties:
        analysis_sample_rate: 44100
        bitrate: 128
        channels: 2
        equal_loudness: 1
        length: 9.92653083801
        replay_gain: -5.7191028595
        downmix: "mix"
    tags:
        track: 3
        year: 0
        album: "Splitted by Mp3Splt v. 2.1"
        artist: "From 000.20 To 000.30"
        comment: "http://mp3splt.sf.net"
        genre: ""
        title: "05 Last Dance [-].mp3"

highlevel:
    ballroom:
        all:
            ChaChaCha: 0.0490893088281
            Jive: 0.0269221663475
            Quickstep: 0.0159076936543
            Rumba-American: 0.0179764404893
            Rumba-International: 0.406854003668
            Rumba-Misc: 0.152936428785
            Samba: 0.029776994139
            Tango: 0.0221047662199
            VienneseWaltz: 0.128779351711
            Waltz: 0.149652838707
        probability: 0.406854003668
        value: "Rumba-International"
    culture:
        all:
            non_western: 0.5
            western: 0.5
        probability: 0.5
        value: "non_western"
    gender:
        all:
            female: 0.236607477069
            male: 0.76339250803
        probability: 0.76339250803
        value: "male"
    genre_dortmund:
        all:
            alternative: 0.0714891701937
            blues: 0.0264732446522
            electronic: 0.271499246359
            folkcountry: 0.0705992504954
            funksoulrnb: 0.0119226314127
            jazz: 0.442483484745
            pop: 0.046537604183
            raphiphop: 0.00198003230616
            rock: 0.0570153407753
        probability: 0.442483484745
        value: "jazz"
    genre_electronica:
        all:
            ambient: 0.594879209995
            dnb: 0.0360705889761
            house: 0.0679209604859
            techno: 0.0133121628314
            trance: 0.28781709075
        probability: 0.594879209995
        value: "ambient"
    genre_rosamerica:
        all:
            cla: 0.218208312988
            dan: 0.0735598057508
            hip: 0.0256493873894
            jaz: 0.200407922268
            pop: 0.16622389853
            rhy: 0.0784712284803
            roc: 0.225778698921
            spe: 0.0117007466033
        probability: 0.225778698921
        value: "roc"
    genre_tzanetakis:
        all:
            blu: 0.0290226191282
            cla: 0.079918384552
            cou: 0.0422830730677
            dis: 0.0281441751868
            hip: 0.0106904692948
            jaz: 0.147746369243
            met: 0.0300905425102
            pop: 0.0872920155525
            reg: 0.0672438815236
            roc: 0.477568477392
        probability: 0.477568477392
        value: "roc"
    live_studio:
        all:
            live: 0.781488120556
            studio: 0.218511879444
        probability: 0.781488120556
        value: "live"
    mood:
        all:
            Cluster1: 0.116481155157
            Cluster2: 0.0681112930179
            Cluster3: 0.741812050343
            Cluster4: 0.038414388895
            Cluster5: 0.0351810976863
        probability: 0.741812050343
        value: "Cluster3"
    mood_acoustic:
        all:
            acoustic: 0.528792262077
            not_acoustic: 0.47120770812
        probability: 0.528792262077
        value: "acoustic"
    mood_aggressive:
        all:
            aggressive: 0.00582048809156
            not_aggressive: 0.994179487228
        probability: 0.994179487228
        value: "not_aggressive"
    mood_electronic:
        all:
            electronic: 0.453290909529
            not_electronic: 0.546709120274
        probability: 0.546709120274
        value: "not_electronic"
    mood_happy:
        all:
            happy: 0.0785912498832
            not_happy: 0.921408772469
        probability: 0.921408772469
        value: "not_happy"
    mood_party:
        all:
            not_party: 0.95796507597
            party: 0.042034946382
        probability: 0.95796507597
        value: "not_party"
    mood_relaxed:
        all:
            not_relaxed: 0.0918565168977
            relaxed: 0.908143460751
        probability: 0.908143460751
        value: "relaxed"
    mood_sad:
        all:
            not_sad: 0.133303120732
            sad: 0.866696894169
        probability: 0.866696894169
        value: "sad"
    rhythm:
        all:
            fast: 0.393772065639
            medium: 0.133801668882
            slow: 0.472426235676
        probability: 0.472426235676
        value: "slow"
    speech_music:
        all:
            music: 0.999581933022
            speech: 0.000418046867708
        probability: 0.999581933022
        value: "music"
    timbre:
        all:
            bright: 0.817840695381
            dark: 0.182159289718
        probability: 0.817840695381
        value: "bright"
    voice_instrumental:
        all:
            instrumental: 0.99999910593
            voice: 8.65796380367e-07
        probability: 0.99999910593
        value: "instrumental"

lowlevel:
    average_loudness: 0.978650391102
    barkbands_kurtosis:
        dmean: 2.54445338249
        dmean2: 4.06380224228
        dvar: 9.19308662415
        dvar2: 25.344291687
        max: 35.2754058838
        mean: 3.38566637039
        min: -1.85871338844
        var: 18.9202518463
    barkbands_skewness:
        dmean: 0.555056095123
        dmean2: 0.861930668354
        dvar: 0.237241521478
        dvar2: 0.65482956171
        max: 5.89801073074
        mean: 1.88426554203
        min: -0.409425854683
        var: 0.755041599274
    barkbands_spread:
        dmean: 5.18146896362
        dmean2: 8.17838287354
        dvar: 24.190782547
        dvar2: 60.4150390625
        max: 50.9127731323
        mean: 20.696975708
        min: 4.1763920784
        var: 91.1925125122
    dissonance:
        dmean: 0.0194864086807
        dmean2: 0.0318801216781
        dvar: 0.000281173561234
        dvar2: 0.000688044761773
        max: 0.491563349962
        mean: 0.440895080566
        min: 0.33371630311
        var: 0.000943541992456
    hfc:
        dmean: 0.908699452877
        dmean2: 1.48404073715
        dvar: 3.87514972687
        dvar2: 9.92848587036
        max: 27.472240448
        mean: 2.71061611176
        min: 0.00497728213668
        var: 6.76140403748
    pitch:
        dmean: 361.577362061
        dmean2: 714.304138184
        dvar: 972429.1875
        dvar2: 2313716.25
        max: 4009.09082031
        mean: 629.78137207
        min: 100.915328979
        var: 1275438.5
    pitch_instantaneous_confidence:
        dmean: 0.0860612168908
        dmean2: 0.134261980653
        dvar: 0.00508717028424
        dvar2: 0.0122326826677
        max: 0.810968697071
        mean: 0.48825147748
        min: 0.195066511631
        var: 0.0177154541016
    pitch_salience:
        dmean: 0.0784307047725
        dmean2: 0.12388329953
        dvar: 0.00480177206919
        dvar2: 0.0131058068946
        max: 0.886655151844
        mean: 0.480693846941
        min: 0.115643396974
        var: 0.0130266286433
    silence_rate_20dB:
        dmean: 0
        dmean2: 0
        dvar: 0
        dvar2: 0
        max: 1
        mean: 1
        min: 1
        var: 0
    silence_rate_30dB:
        dmean: 0
        dmean2: 0
        dvar: 0
        dvar2: 0
        max: 1
        mean: 1
        min: 1
        var: 0
    silence_rate_60dB:
        dmean: 0.130841121078
        dmean2: 0.259953171015
        dvar: 0.113721705973
        dvar2: 0.211112678051
        max: 1
        mean: 0.566433548927
        min: 0
        var: 0.245586782694
    spectral_centroid:
        dmean: 185.365890503
        dmean2: 302.571350098
        dvar: 39147.9101562
        dvar2: 102463.203125
        max: 2000.43859863
        mean: 743.672851562
        min: 282.260620117
        var: 93821.6328125
    spectral_complexity:
        dmean: 2.14988279343
        dmean2: 3.5281689167
        dvar: 8.28667163849
        dvar2: 20.43699646
        max: 32
        mean: 6.39953279495
        min: 0
        var: 17.7959632874
    spectral_crest:
        dmean: 2.71961069107
        dmean2: 4.3385477066
        dvar: 6.1244802475
        dvar2: 15.9629640579
        max: 25.6150302887
        mean: 12.9205169678
        min: 3.96334838867
        var: 23.2936649323
    spectral_decrease:
        dmean: 3.54584916984e-10
        dmean2: 5.77237091459e-10
        dvar: 4.17272681719e-19
        dvar2: 9.38319462282e-19
        max: -1.60968970358e-12
        mean: -9.34899380134e-10
        min: -6.48143538839e-09
        var: 7.05880676179e-19
    spectral_energy:
        dmean: 0.00140139367431
        dmean2: 0.00228688307106
        dvar: 6.60613886794e-06
        dvar2: 1.4884054508e-05
        max: 0.0254401601851
        mean: 0.0037743865978
        min: 6.52677817925e-06
        var: 1.13134292405e-05
    spectral_energyband_high:
        dmean: 4.53427492175e-05
        dmean2: 7.11664833943e-05
        dvar: 1.22835235317e-08
        dvar2: 3.13187307199e-08
        max: 0.0016180704115
        mean: 0.000102659629192
        min: 1.66073746755e-07
        var: 2.50196539042e-08
    spectral_energyband_low:
        dmean: 0.000226287200348
        dmean2: 0.000395800860133
        dvar: 3.00810540921e-07
        dvar2: 8.42065730922e-07
        max: 0.00415725354105
        mean: 0.000229668759857
        min: 5.88228701304e-08
        var: 2.84744942292e-07
    spectral_energyband_middle_high:
        dmean: 0.000197776505956
        dmean2: 0.000318278762279
        dvar: 1.41887952054e-07
        dvar2: 3.72328173626e-07
        max: 0.00510651431978
        mean: 0.000544821494259
        min: 1.13424300707e-06
        var: 2.50785973321e-07
    spectral_energyband_middle_low:
        dmean: 0.00114960584324
        dmean2: 0.00185936270282
        dvar: 4.78795209347e-06
        dvar2: 1.09436523417e-05
        max: 0.0230986513197
        mean: 0.00289721949957
        min: 5.05948173668e-06
        var: 7.70216684032e-06
    spectral_flatness_db:
        dmean: 0.0217678137124
        dmean2: 0.033623855561
        dvar: 0.000380080426112
        dvar2: 0.000976312963758
        max: 0.348589271307
        mean: 0.209618002176
        min: 0.100700139999
        var: 0.00153374858201
    spectral_flux:
        dmean: 0.00951758027077
        dmean2: 0.0148960547522
        dvar: 0.000158901617397
        dvar2: 0.000343777413946
        max: 0.133614584804
        mean: 0.028581423685
        min: 0.00255475589074
        var: 0.000308499875246
    spectral_kurtosis:
        dmean: 2.01786994934
        dmean2: 3.61821246147
        dvar: 4.03566122055
        dvar2: 12.5340089798
        max: 16.9064121246
        mean: 4.70624160767
        min: 0.359256267548
        var: 7.63296365738
    spectral_rms:
        dmean: 0.000322642212268
        dmean2: 0.00051051256014
        dvar: 1.94742085569e-07
        dvar2: 4.0385941702e-07
        max: 0.00498193409294
        mean: 0.00179581926204
        min: 7.97971733846e-05
        var: 4.57361664985e-07
    spectral_rolloff:
        dmean: 622.899658203
        dmean2: 1056.2388916
        dvar: 513211.78125
        dvar2: 1269717.625
        max: 4026.70898438
        mean: 1394.8293457
        min: 236.865234375
        var: 1116194.5
    spectral_skewness:
        dmean: 0.253405332565
        dmean2: 0.42564368248
        dvar: 0.0498196259141
        dvar2: 0.146950691938
        max: 2.73435688019
        mean: 1.51056277752
        min: 0.641201019287
        var: 0.167956233025
    spectral_spread:
        dmean: 324361.09375
        dmean2: 468392.15625
        dvar: 293975556096
        dvar2: 264785723392
        max: 16127590
        mean: 3903349.25
        min: 2492175
        var: 917349924864
    spectral_strongpeak:
        dmean: 0.120158866048
        dmean2: 0.194976881146
        dvar: 0.0141003476456
        dvar2: 0.0359083563089
        max: 0.858076632023
        mean: 0.369864583015
        min: 0.00511801894754
        var: 0.0260910186917
    zerocrossingrate:
        dmean: 0.00751289865002
        dmean2: 0.00950429122895
        dvar: 4.29260835517e-05
        dvar2: 5.3836753068e-05
        max: 0.1171875
        mean: 0.0498936735094
        min: 0.013671875
        var: 0.000329333910486
    barkbands:
        dmean: [3.37456867783e-07, 3.94815979234e-05, 0.000192200794118, 0.000400009972509, 0.000761911564041, 0.000205688556889, 9.81514385785e-05, 8.75257392181e-05, 5.8128425735e-05, 3.36997291015e-05, 1.64254270203e-05, 1.19961505334e-05, 2.7107040296e-05, 2.30752357311e-05, 1.4519285287e-05, 2.52234767686e-05, 3.43396131939e-05, 4.66109850095e-05, 7.6642500062e-05, 6.68938373565e-05, 2.26190968533e-05, 5.02715420225e-06, 1.31139574933e-06, 1.78195818989e-07, 9.88111565903e-08, 7.61171836672e-09, 3.10225622968e-10]
        dmean2: [4.39955840648e-07, 7.34223067411e-05, 0.000332202209393, 0.000571920361836, 0.00123756029643, 0.000333734205924, 0.000151110391016, 0.000111180626845, 7.52294799895e-05, 4.93404986628e-05, 2.43270405917e-05, 1.86893830687e-05, 4.27447121183e-05, 3.6936802644e-05, 2.47063162533e-05, 4.27194827353e-05, 5.87933245697e-05, 7.88931502029e-05, 0.000127463426907, 0.000111146124254, 3.81986537832e-05, 7.7475742728e-06, 2.04496677725e-06, 2.73126829597e-07, 1.44729654039e-07, 1.14556364395e-08, 5.89909732174e-10]
        dvar: [7.44164875121e-13, 2.04415471217e-08, 1.96857683932e-07, 1.00580973594e-06, 1.93858886632e-06, 1.74040081902e-07, 3.20429904832e-08, 8.8570200063e-09, 4.2769601194e-09, 3.30430682816e-09, 3.11946662945e-10, 2.76909412067e-10, 1.34505584448e-09, 1.32406252629e-09, 2.03016492506e-10, 1.01078123649e-09, 1.43095690852e-09, 6.71903688243e-09, 2.16214814941e-08, 2.44171811659e-08, 4.5560284434e-09, 7.33647101403e-11, 8.98871515415e-12, 1.59894788924e-13, 3.56066426886e-14, 4.7492846185e-16, 7.23820920856e-18]
        dvar2: [1.22993011175e-12, 5.95206479659e-08, 5.46088756437e-07, 1.50800894971e-06, 5.27912379766e-06, 4.63963857555e-07, 9.1373522082e-08, 1.4729778286e-08, 7.67101937527e-09, 6.57789822611e-09, 6.98649638142e-10, 6.38750718984e-10, 3.13536308028e-09, 2.42692732577e-09, 5.24612742137e-10, 2.67661603992e-09, 3.95544574872e-09, 1.83247568231e-08, 5.74572460721e-08, 7.02083227111e-08, 1.25911938653e-08, 1.77361431097e-10, 2.15846958362e-11, 4.08437118762e-13, 7.6102650928e-14, 1.07110905482e-15, 1.45731555354e-17]
        max: [8.34548609419e-06, 0.00126476748846, 0.00391644146293, 0.00962424837053, 0.0153779806569, 0.00314760301262, 0.00164470658638, 0.00115255627315, 0.000571046024561, 0.000691796420142, 0.000135156471515, 0.000142995704664, 0.000320083257975, 0.000325105676893, 0.00010104230023, 0.000293209828669, 0.00037731602788, 0.00079343339894, 0.00174342165701, 0.00195961911231, 0.00107605650555, 0.000103317135654, 4.53035172541e-05, 4.60179899164e-06, 2.88408000415e-06, 3.44773184224e-07, 5.56371375637e-08]
        mean: [3.89934172063e-07, 2.99361236102e-05, 0.000199363785214, 0.000502831069753, 0.00158147327602, 0.00032816932071, 0.000171955107362, 0.000189535043319, 0.000106339990452, 5.48184980289e-05, 2.39685377892e-05, 1.9106984837e-05, 3.82107282348e-05, 3.28711939801e-05, 2.23262668442e-05, 4.1441348003e-05, 6.18547928752e-05, 7.19909367035e-05, 0.000128670260892, 0.000111427987576, 4.31106054748e-05, 1.13894584501e-05, 2.63358765551e-06, 3.83863181241e-07, 1.82618236977e-07, 9.26971654991e-09, 4.28196200719e-10]
        min: [3.16657325361e-11, 1.43168179534e-08, 7.88908227634e-09, 1.06303218672e-07, 2.91367541649e-06, 1.75936918367e-07, 5.10540928644e-07, 3.94146184135e-07, 3.75594765956e-07, 4.1287876229e-08, 7.90054333066e-09, 6.00186496058e-08, 2.87523874931e-07, 1.15513527632e-08, 5.33329824748e-08, 1.21652618645e-07, 9.98451241685e-08, 1.6906525957e-07, 1.62988072816e-07, 1.66095375675e-07, 1.89564843822e-08, 2.3568537344e-08, 1.1519676324e-09, 8.3193729683e-10, 8.29020962989e-10, 3.08902591006e-11, 3.79471492206e-13]
        var: [1.26371742931e-12, 1.22917649392e-08, 2.16482632709e-07, 2.05826404454e-06, 2.34845219893e-06, 2.66627523615e-07, 4.61002684915e-08, 3.50708617702e-08, 1.25115136029e-08, 9.18611942069e-09, 5.72784153441e-10, 4.87510976033e-10, 1.9435011378e-09, 2.22436091768e-09, 3.47130907352e-10, 1.67454439204e-09, 3.21277693338e-09, 1.09299378437e-08, 2.74109606124e-08, 3.32078471388e-08, 5.52178125446e-09, 2.6532809283e-10, 2.90913976936e-11, 4.43673553842e-13, 1.54781203588e-13, 6.20619558146e-16, 1.43575525631e-17]
    mfcc:
        mean: [-770.002563477, 138.604156494, -51.1163368225, 63.2333068848, -28.9203624725, -9.55618667603, -14.6165409088, -15.8801803589, -15.2375802994, -10.9841890335, -7.20418024063, -8.9392490387, -10.8811683655]
        cov: [[2179.84716797, -618.666992188, 318.089385986, 173.389129639, 99.7757034302, 65.5353088379, 95.6895751953, 111.656097412, 11.4795284271, 2.28856086731, -88.0249481201, -104.638473511, 35.4508056641], [-618.666992188, 598.448791504, -176.60369873, -52.4897613525, -45.3320159912, -2.6851375103, 8.09396743774, 7.11483716965, 66.2880172729, 60.7946891785, 80.0737762451, 63.881111145, -19.9721050262], [318.089385986, -176.60369873, 361.548126221, 168.63053894, 129.072555542, 87.5320358276, 81.408531189, 40.0934829712, -1.27407169342, -11.7003097534, 5.68889570236, 33.9348640442, 70.6403274536], [173.389129639, -52.4897613525, 168.63053894, 192.325881958, 72.9141082764, 57.935131073, 17.8724918365, 5.74378156662, -31.5035362244, -20.1915168762, -0.332424044609, 21.7033576965, 36.1080131531], [99.7757034302, -45.3320159912, 129.072555542, 72.9141082764, 112.387023926, 55.3561820984, 57.6453895569, 21.5765323639, 15.9440393448, 7.84565734863, 15.2686729431, 22.037612915, 32.3592605591], [65.5353088379, -2.6851375103, 87.5320358276, 57.935131073, 55.3561820984, 87.0966491699, 50.3148269653, 21.6399974823, 6.16929197311, 4.82519292831, 12.845199585, 28.5241947174, 23.8655719757], [95.6895751953, 8.09396743774, 81.408531189, 17.8724918365, 57.6453895569, 50.3148269653, 98.2066497803, 58.1526908875, 44.037525177, 23.6240730286, 23.6255168915, 22.3037776947, 26.1623420715], [111.656097412, 7.11483716965, 40.0934829712, 5.74378156662, 21.5765323639, 21.6399974823, 58.1526908875, 99.6622772217, 70.3680038452, 45.0787696838, 19.2001914978, 14.5767154694, 18.2312355042], [11.4795284271, 66.2880172729, -1.27407169342, -31.5035362244, 15.9440393448, 6.16929197311, 44.037525177, 70.3680038452, 112.387237549, 73.4718933105, 35.0149002075, 7.87378787994, 5.55936717987], [2.28856086731, 60.7946891785, -11.7003097534, -20.1915168762, 7.84565734863, 4.82519292831, 23.6240730286, 45.0787696838, 73.4718933105, 89.431312561, 40.9442481995, 5.81199169159, -3.62805652618], [-88.0249481201, 80.0737762451, 5.68889570236, -0.332424044609, 15.2686729431, 12.845199585, 23.6255168915, 19.2001914978, 35.0149002075, 40.9442481995, 64.9236602783, 37.9596252441, 12.6122140884], [-104.638473511, 63.881111145, 33.9348640442, 21.7033576965, 22.037612915, 28.5241947174, 22.3037776947, 14.5767154694, 7.87378787994, 5.81199169159, 37.9596252441, 77.5110855103, 39.3794212341], [35.4508056641, -19.9721050262, 70.6403274536, 36.1080131531, 32.3592605591, 23.8655719757, 26.1623420715, 18.2312355042, 5.55936717987, -3.62805652618, 12.6122140884, 39.3794212341, 64.1637039185]]
        icov: [[0.000830823439173, 0.000739045557566, -1.4709739844e-05, -0.000696367234923, 0.000426656595664, -0.000103442784166, -0.000747474667151, -0.000509223085828, -6.92714502293e-06, -0.000501501199324, 0.000395375886001, 0.000886739231646, -0.000197844754439], [0.000739045557566, 0.00367213389836, 0.00195845332928, -0.00215053418651, 0.0015963629121, -0.00033798525692, -0.00233357027173, 0.00142241013236, -0.00236949999817, -0.000284059147816, -0.00120098504703, -0.00203576916829, 0.00133146159351], [-1.4709739844e-05, 0.00195845332928, 0.00841038953513, -0.00492950482294, -0.00272174715064, -0.000554858415853, -0.00349818891846, 0.000756260938942, -0.00122589396778, 0.000504358264152, -0.000197055211174, -0.000632097362541, -0.00251561496407], [-0.000696367234923, -0.00215053418651, -0.00492950482294, 0.0129890395328, -0.00472282059491, -0.00388652202673, 0.00757090374827, -0.00423210626468, 0.00563789438456, 0.000307993264869, -0.00122611841653, 0.00142302748282, -0.00132762163412], [0.000426656595664, 0.0015963629121, -0.00272174715064, -0.00472282059491, 0.0219268836081, -0.00365629442967, -0.00935979560018, 0.00638388982043, -0.00478294026107, -0.000768540427089, -0.000728353043087, -0.000113435366075, -0.00119664333761], [-0.000103442784166, -0.00033798525692, -0.000554858415853, -0.00388652202673, -0.00365629442967, 0.0231778472662, -0.00968038104475, 0.00145538023207, 0.00232847011648, -0.00283005158417, 0.00352663779631, -0.00649933191016, 0.00244041508995], [-0.000747474667151, -0.00233357027173, -0.00349818891846, 0.00757090374827, -0.00935979560018, -0.00968038104475, 0.0308187268674, -0.0131566058844, -0.00016782640887, 0.00526402844116, -0.00603541079909, 0.00377346947789, -0.00204688566737], [-0.000509223085828, 0.00142241013236, 0.000756260938942, -0.00423210626468, 0.00638388982043, 0.00145538023207, -0.0131566058844, 0.0279902033508, -0.0143106570467, -0.00347302854061, 0.00537694152445, -0.00534131657332, -0.000811483711004], [-6.92714502293e-06, -0.00236949999817, -0.00122589396778, 0.00563789438456, -0.00478294026107, 0.00232847011648, -0.00016782640887, -0.0143106570467, 0.0320527553558, -0.0159733407199, -0.00100315141026, 0.00400995276868, -0.00282033253461], [-0.000501501199324, -0.000284059147816, 0.000504358264152, 0.000307993264869, -0.000768540427089, -0.00283005158417, 0.00526402844116, -0.00347302854061, -0.0159733407199, 0.032241795212, -0.0157890990376, 0.00510249659419, 0.0029197758995], [0.000395375886001, -0.00120098504703, -0.000197055211174, -0.00122611841653, -0.000728353043087, 0.00352663779631, -0.00603541079909, 0.00537694152445, -0.00100315141026, -0.0157890990376, 0.0372286327183, -0.0165436696261, 0.00233315583318], [0.000886739231646, -0.00203576916829, -0.000632097362541, 0.00142302748282, -0.000113435366075, -0.00649933191016, 0.00377346947789, -0.00534131657332, 0.00400995276868, 0.00510249659419, -0.0165436696261, 0.0335147306323, -0.0161509923637], [-0.000197844754439, 0.00133146159351, -0.00251561496407, -0.00132762163412, -0.00119664333761, 0.00244041508995, -0.00204688566737, -0.000811483711004, -0.00282033253461, 0.0029197758995, 0.00233315583318, -0.0161509923637, 0.0302497595549]]
    spectral_contrast:
        mean: [6.23289793111e-08, 2.53319740295e-07, 5.83338675142e-08, -5.49654410875e-09, -2.48967779726e-07, 4.20435554815e-07, 1.25110568661e-06, -1.34230560889e-06, 3.21029506267e-06, -1.92628840523e-06, -1.3099095213e-06, -1.43392344398e-06]
        var: [0.000248343072599, 0.000446477351943, 0.000720985117368, 0.00188664859161, 0.00313165015541, 0.00484292628244, 0.0304689332843, 0.0550034828484, 0.161394238472, 0.263621211052, 0.710680961609, 1.67281985283]

rhythm:
    beats_loudness:
        dmean: 0.00466301152483
        dmean2: 0.0081889545545
        dvar: 2.52240060945e-05
        dvar2: 6.37282719254e-05
        max: 0.018381793052
        mean: 0.00594199588522
        min: 0.00137029448524
        var: 2.7177937227e-05
    beats_loudness_bass:
        dmean: 0.195150911808
        dmean2: 0.291658610106
        dvar: 0.026971179992
        dvar2: 0.0474005974829
        max: 0.661565601826
        mean: 0.209994167089
        min: 0.00029379199259
        var: 0.0492293164134
    bpm: 124.565032959
    bpm_confidence: 0
    first_peak_bpm: 124
    first_peak_spread: 0.388888895512
    first_peak_weight: 0.578947365284
    onset_rate: 4.02960538864
    second_peak_bpm: 140
    second_peak_spread: 0
    second_peak_weight: 0.0526315793395
    beats_position: [0.365377008915, 0.849484801292, 1.33359265327, 1.81770050526, 2.30180835724, 2.78591609001, 3.2700240612, 3.75413179398, 4.23823976517, 4.72234773636, 5.20645523071, 5.6905632019, 6.12007856369, 6.5976190567, 7.07515907288, 7.55269956589, 8.03024101257, 8.50778007507, 8.9853219986, 9.4628610611]
    bpm_estimates: [123.592033386, 124.245857239, 123.831329346, 125.735618591, 124.513710022, 122.106544495, 123.60874939, 125.661689758, 124.916244507, 126.035118103, 125.968437195]
    bpm_intervals: [0.484107792377, 0.484107851982, 0.484107851982, 0.484107851982, 0.484107732773, 0.484107971191, 0.484107732773, 0.484107971191, 0.484107971191, 0.484107494354, 0.484107971191, 0.429515361786, 0.477540493011, 0.477540016174, 0.477540493011, 0.477541446686, 0.4775390625, 0.477541923523, 0.4775390625]
    onset_times: [0.0580498874187, 0.232199549675, 0.359909296036, 0.847528338432, 1.32353746891, 2.00852608681, 2.33360552788, 2.48453521729, 2.80961441994, 2.97215414047, 3.28562355042, 3.44816327095, 3.62231302261, 3.94739222527, 4.17959165573, 4.27247142792, 4.41179132462, 4.57433128357, 5.08517026901, 5.23609972, 5.42185926437, 5.5727891922, 5.94430828094, 6.07201814651, 6.54802703857, 6.71056699753, 6.88471651077, 7.20979595184, 7.41877555847, 7.56970500946, 7.6858048439, 7.8831744194, 8.18503379822, 8.498503685, 8.66104316711, 8.83519268036, 9.16027164459, 9.46213150024, 9.64789104462, 9.81043052673]
    rubato_start: []
    rubato_stop: []
    perceptual_tempo: "unknown"

sfx:
    inharmonicity:
        dmean: 0.0303527750075
        dmean2: 0.0549835339189
        dvar: 0.00243862182833
        dvar2: 0.00630129175261
        max: 0.30797830224
        mean: 0.0262788906693
        min: 0.000118249765364
        var: 0.00215952540748
    oddtoevenharmonicenergyratio:
        dmean: 6.71361637115
        dmean2: 13.0952711105
        dvar: 2486.46435547
        dvar2: 7432.19482422
        max: 714.250610352
        mean: 3.69215750694
        min: 0.000492983963341
        var: 1256.3692627
    pitch_after_max_to_before_max_energy_ratio: 42.7156906128
    pitch_centroid: 180.972015381
    pitch_max_to_total: 0.0350467301905
    pitch_min_to_total: 0.36214953661
    tristimulus:
        dmean: [0.235439002514, 0.227778792381, 0.0866494551301]
        dmean2: [0.418829649687, 0.403887867928, 0.153296172619]
        dvar: [0.0522016808391, 0.0485997162759, 0.0108303464949]
        dvar2: [0.128753632307, 0.118923328817, 0.0315573662519]
        max: [0.936724066734, 0.997508883476, 0.726786732674]
        mean: [0.52756768465, 0.356642842293, 0.0967527031898]
        min: [0.00249106693082, 0, 0]
        var: [0.0702506229281, 0.0612066201866, 0.0110647063702]

tonal:
    chords_changes_rate: 0.0558139532804
    chords_number_rate: 0.0186046510935
    chords_strength:
        dmean: 0.00930435955524
        dmean2: 0.00797533523291
        dvar: 5.11385514983e-05
        dvar2: 5.29362805537e-05
        max: 0.700975239277
        mean: 0.530405282974
        min: 0.340066730976
        var: 0.0100082727149
    key_strength: 0.689010262489
    tuning_diatonic_strength: 0.546990156174
    tuning_equal_tempered_deviation: 0.106668666005
    tuning_frequency: 439.491973877
    tuning_nontempered_energy_ratio: 0.726521074772
    hpcp:
        dmean: [0.108220495284, 0.129302337766, 0.0810042768717, 0.0672881528735, 0.102263301611, 0.120172314346, 0.126265615225, 0.130984276533, 0.117982074618, 0.171895250678, 0.149483516812, 0.0889249145985, 0.0570666715503, 0.085729546845, 0.107585757971, 0.136816814542, 0.112969592214, 0.0546382442117, 0.080908767879, 0.117084108293, 0.120014220476, 0.104060851038, 0.0552373342216, 0.0239196810871, 0.034936401993, 0.0268563106656, 0.0209846701473, 0.0263131801039, 0.0330551825464, 0.0652208253741, 0.103842563927, 0.0989223346114, 0.0914083495736, 0.0833170637488, 0.0736228525639, 0.0826327800751]
        dmean2: [0.185788869858, 0.230038776994, 0.144429400563, 0.129840806127, 0.194848060608, 0.210910782218, 0.222416639328, 0.224437445402, 0.190948694944, 0.296583771706, 0.251395851374, 0.163161709905, 0.108130969107, 0.157250359654, 0.179940223694, 0.238399773836, 0.189347982407, 0.0987175628543, 0.14194791019, 0.207596510649, 0.201562136412, 0.174430608749, 0.0926370769739, 0.0438145697117, 0.0637268200517, 0.0476720929146, 0.0389944426715, 0.0493850298226, 0.060212559998, 0.109032221138, 0.176336303353, 0.170567646623, 0.170726805925, 0.160147994757, 0.142444223166, 0.145153731108]
        dvar: [0.0301517657936, 0.0562111735344, 0.0293673034757, 0.0205360744148, 0.0469984300435, 0.0413360185921, 0.0544656477869, 0.0485193841159, 0.0295173712075, 0.0532369762659, 0.0314266309142, 0.0344577245414, 0.0131118865684, 0.0381734892726, 0.0273177083582, 0.0567239634693, 0.033415030688, 0.0171846933663, 0.0294144265354, 0.054430488497, 0.038176573813, 0.0224271416664, 0.00629566563293, 0.0033534464892, 0.00717130675912, 0.00366970454343, 0.00677123758942, 0.0076494468376, 0.00481479521841, 0.013622703962, 0.0296290516853, 0.025785965845, 0.0430931448936, 0.0406734533608, 0.0333435945213, 0.0249252766371]
        dvar2: [0.0738700479269, 0.146242231131, 0.078031860292, 0.058788113296, 0.133718818426, 0.109581165016, 0.128940865397, 0.127467855811, 0.0786514133215, 0.126168295741, 0.0759313702583, 0.0987770780921, 0.0360828228295, 0.105609841645, 0.067500680685, 0.134705260396, 0.0807502120733, 0.0477422736585, 0.0812059342861, 0.126749679446, 0.101584233344, 0.0599100142717, 0.0165739245713, 0.00977319665253, 0.020645648241, 0.0104176225141, 0.0200500898063, 0.0227341186255, 0.0137916421518, 0.0341009385884, 0.0671204254031, 0.0600028857589, 0.133172720671, 0.123548433185, 0.0966890454292, 0.0700699836016]
        max: [1, 1, 1, 1, 1, 1, 1, 1, 1, 1, 1, 1, 0.690513730049, 1, 1, 1, 1, 1, 1, 1, 1, 1, 0.522159576416, 0.473777979612, 0.56811273098, 0.50630158186, 0.82515925169, 0.709905266762, 0.46520832181, 0.952232897282, 1, 1, 1, 1, 1, 1]
        mean: [0.204659774899, 0.18068754673, 0.0682681202888, 0.0480196923018, 0.0686500966549, 0.133710622787, 0.210894048214, 0.155913621187, 0.155726268888, 0.330610007048, 0.269882142544, 0.0754590779543, 0.0431631803513, 0.0671859234571, 0.180974811316, 0.256637752056, 0.145299091935, 0.045231629163, 0.0603224597871, 0.100248470902, 0.118425667286, 0.12132858485, 0.0693411007524, 0.0227224193513, 0.0322757326066, 0.0253026522696, 0.0184722151607, 0.0241109021008, 0.0299524720758, 0.0904553160071, 0.194233164191, 0.162250176072, 0.0741806253791, 0.0562201067805, 0.0476555787027, 0.0962820649147]
        min: [0.00223984569311, 0.00299670500681, 3.07925063225e-08, 0.000179035181645, 0.000501234666444, 0.00197819434106, 0.00216645002365, 0.00240441737697, 0.00329780112952, 0.00435788230971, 0.00647401669994, 0.0016909444239, 0.000887825735845, 0.00071566470433, 0.000967521395069, 0, 0.000795723928604, 0.000278310821159, 0.000316366407787, 0.000373919436242, 0.00168401584961, 0.00260691950098, 0.00148046342656, 0.00092563702492, 0.000169391001691, 0.000122720419313, 0.000158447801368, 0.000229915080126, 0.00032119685784, 0.0012845058227, 0.00274248514324, 0.00262492685579, 0.0015976796858, 0.00107033539098, 0.000902019557543, 0.0024086823687]
        var: [0.0937669798732, 0.0829861909151, 0.0225777383894, 0.0116699151695, 0.0276427064091, 0.0483054183424, 0.114068038762, 0.0660934895277, 0.0428611934185, 0.131605476141, 0.0905161201954, 0.0255026444793, 0.00890204496682, 0.0265482831746, 0.0731858089566, 0.137184903026, 0.0479655824602, 0.0119128171355, 0.0230295006186, 0.0564141087234, 0.0370862334967, 0.0231268499047, 0.00691542960703, 0.00194452085998, 0.00469185458496, 0.00266904244199, 0.00365575635806, 0.00419294089079, 0.00330151990056, 0.0230106469244, 0.0885830000043, 0.0610701814294, 0.0267590768635, 0.0221726559103, 0.0182935670018, 0.02649368532]
    chords_histogram: [31.1627902985, 0, 17.2093029022, 0, 0, 0, 0, 0, 0, 0, 0, 0, 0, 0, 0, 0, 0, 2.32558131218, 0, 0, 0, 0, 0, 49.3023262024]
    thpcp: [1, 0.816315710545, 0.228241965175, 0.130556181073, 0.203218057752, 0.547396659851, 0.776255249977, 0.439487874508, 0.136812642217, 0.182458058, 0.303222745657, 0.358203530312, 0.366984009743, 0.209736853838, 0.0687287673354, 0.0976247936487, 0.076533228159, 0.0558731295168, 0.072928532958, 0.0905975997448, 0.273601263762, 0.587499320507, 0.490760028362, 0.224375009537, 0.170049622655, 0.144144386053, 0.291225492954, 0.619036853313, 0.54652774334, 0.206491395831, 0.145245730877, 0.207646757364, 0.40443611145, 0.637893736362, 0.471593767405, 0.471027076244]
    chords_key: "A"
    chords_scale: "minor"
    key_key: "C"
    key_scale: "major"
    chords_progression: ["C", "Cm", "Cm", "Cm", "Cm", "Cm", "G", "G", "G", "G", "G", "G", "G", "G", "G", "C", "C", "C", "C", "C", "C", "C", "C", "C", "C", "C", "C", "C", "C", "C", "C", "C", "C", "C", "C", "C", "C", "C", "C", "C", "C", "C", "C", "C", "C", "C", "C", "Am", "Am", "Am", "Am", "Am", "Am", "Am", "Am", "Am", "Am", "Am", "Am", "Am", "Am", "Am", "Am", "Am", "Am", "Am", "Am", "Am", "Am", "Am", "Am", "Am", "Am", "Am", "Am", "Am", "Am", "Am", "Am", "Am", "Am", "Am", "Am", "Am", "Am", "Am", "Am", "C", "C", "C", "C", "C", "C", "C", "C", "C", "C", "C", "C", "G", "G", "G", "C", "G", "G", "G", "C", "C", "C", "C", "G", "G", "G", "G", "G", "G", "G", "G", "G", "G", "G", "G", "G", "G", "G", "G", "G", "G", "G", "G", "G", "G", "C", "C", "C", "C", "C", "C", "C", "C", "C", "C", "C", "C", "C", "C", "C", "C", "C", "Am", "Am", "Am", "Am", "Am", "Am", "Am", "Am", "Am", "Am", "Am", "Am", "Am", "Am", "Am", "Am", "Am", "Am", "Am", "Am", "Am", "Am", "Am", "Am", "Am", "Am", "Am", "Am", "Am", "Am", "Am", "Am", "Am", "Am", "Am", "Am", "Am", "Am", "Am", "Am", "Am", "Am", "Am", "Am", "Am", "Am", "Am", "Am", "Am", "Am", "Am", "Am", "Am", "Am", "Am", "Am", "Am", "Am", "Am", "Am", "Am", "Am", "Am", "Am", "Am", "Am"]
