
metadata:
    version:
        essentia: "1.2.2"
    audio_properties:
        analysis_sample_rate: 44100
        bitrate: 128
        channels: 2
        equal_loudness: 1
        length: 10.0048980713
        replay_gain: -1.6294670105
        downmix: "mix"
    tags:
        track: 4
        year: 0
        album: "Splitted by Mp3Splt v. 2.1"
        artist: "From 000.30 To 000.40"
        comment: "http://mp3splt.sf.net"
        genre: ""
        title: "11 Shimmer.mp3"

highlevel:
    ballroom:
        all:
            ChaChaCha: 0.0237965919077
            Jive: 0.0765872970223
            Quickstep: 0.257397323847
            Rumba-American: 0.0055403932929
            Rumba-International: 0.0446923002601
            Rumba-Misc: 0.0229282155633
            Samba: 0.0293417032808
            Tango: 0.116953007877
            VienneseWaltz: 0.220470458269
            Waltz: 0.202292725444
        probability: 0.257397323847
        value: "Quickstep"
    culture:
        all:
            non_western: 0.0942906886339
            western: 0.905709326267
        probability: 0.905709326267
        value: "western"
    gender:
        all:
            female: 0.260580152273
            male: 0.739419817924
        probability: 0.739419817924
        value: "male"
    genre_dortmund:
        all:
            alternative: 0.259986460209
            blues: 0.0357176326215
            electronic: 0.0527362860739
            folkcountry: 0.215416625142
            funksoulrnb: 0.0147024802864
            jazz: 0.0512035451829
            pop: 0.0720585584641
            raphiphop: 0.00251539167948
            rock: 0.295663028955
        probability: 0.295663028955
        value: "rock"
    genre_electronica:
        all:
            ambient: 0.676907598972
            dnb: 0.0727028921247
            house: 0.13355705142
            techno: 0.0217078141868
            trance: 0.095124669373
        probability: 0.676907598972
        value: "ambient"
    genre_rosamerica:
        all:
            cla: 0.285655766726
            dan: 0.0291262362152
            hip: 0.0328600741923
            jaz: 0.0206793230027
            pop: 0.0770846530795
            rhy: 0.0981136336923
            roc: 0.443409442902
            spe: 0.01307089068
        probability: 0.443409442902
        value: "roc"
    genre_tzanetakis:
        all:
            blu: 0.00842485763133
            cla: 0.00856463238597
            cou: 0.390490293503
            dis: 0.0195690505207
            hip: 0.00242456467822
            jaz: 0.00782943423837
            met: 0.0135043114424
            pop: 0.0370223335922
            reg: 0.0145913632587
            roc: 0.497579157352
        probability: 0.497579157352
        value: "roc"
    live_studio:
        all:
            live: 0.366136163473
            studio: 0.633863866329
        probability: 0.633863866329
        value: "studio"
    mood:
        all:
            Cluster1: 0.240768656135
            Cluster2: 0.249023139477
            Cluster3: 0.360779762268
            Cluster4: 0.0641327947378
            Cluster5: 0.0852956622839
        probability: 0.360779762268
        value: "Cluster3"
    mood_acoustic:
        all:
            acoustic: 0.660594046116
            not_acoustic: 0.339405953884
        probability: 0.660594046116
        value: "acoustic"
    mood_aggressive:
        all:
            aggressive: 0.0463832579553
            not_aggressive: 0.953616738319
        probability: 0.953616738319
        value: "not_aggressive"
    mood_electronic:
        all:
            electronic: 0.214628756046
            not_electronic: 0.785371243954
        probability: 0.785371243954
        value: "not_electronic"
    mood_happy:
        all:
            happy: 0.606232523918
            not_happy: 0.39376744628
        probability: 0.606232523918
        value: "happy"
    mood_party:
        all:
            not_party: 0.842730462551
            party: 0.157269537449
        probability: 0.842730462551
        value: "not_party"
    mood_relaxed:
        all:
            not_relaxed: 0.168758198619
            relaxed: 0.83124178648
        probability: 0.83124178648
        value: "relaxed"
    mood_sad:
        all:
            not_sad: 0.295616656542
            sad: 0.704383313656
        probability: 0.704383313656
        value: "sad"
    rhythm:
        all:
            fast: 0.581120014191
            medium: 0.10255779326
            slow: 0.316322177649
        probability: 0.581120014191
        value: "fast"
    speech_music:
        all:
            music: 0.949763059616
            speech: 0.0502369664609
        probability: 0.949763059616
        value: "music"
    timbre:
        all:
            bright: 0.274675309658
            dark: 0.725324690342
        probability: 0.725324690342
        value: "dark"
    voice_instrumental:
        all:
            instrumental: 0.153737217188
            voice: 0.846262812614
        probability: 0.846262812614
        value: "voice"

lowlevel:
    average_loudness: 0.958062469959
    barkbands_kurtosis:
        dmean: 0.908505022526
        dmean2: 1.37755656242
        dvar: 1.26489746571
        dvar2: 2.52994132042
        max: 12.6617069244
        mean: 0.295454710722
        min: -1.84011662006
        var: 3.98257350922
    barkbands_skewness:
        dmean: 0.346283197403
        dmean2: 0.515155792236
        dvar: 0.129674568772
        dvar2: 0.269639104605
        max: 2.58050060272
        mean: 0.909515500069
        min: -3.37864899635
        var: 0.576567173004
    barkbands_spread:
        dmean: 4.23682117462
        dmean2: 6.36405706406
        dvar: 18.2777729034
        dvar2: 40.3228111267
        max: 58.8908195496
        mean: 23.5114517212
        min: 6.23982381821
        var: 82.3432846069
    dissonance:
        dmean: 0.0183570422232
        dmean2: 0.031697165221
        dvar: 0.000322873936966
        dvar2: 0.000947409833316
        max: 0.499774932861
        mean: 0.465062320232
        min: 0.370928913355
        var: 0.000541849760339
    hfc:
        dmean: 1.1331243515
        dmean2: 1.75309467316
        dvar: 9.56017589569
        dvar2: 24.4731121063
        max: 38.1732635498
        mean: 3.22750496864
        min: 0.295879900455
        var: 19.1470603943
    pitch:
        dmean: 349.886688232
        dmean2: 660.550231934
        dvar: 730449.75
        dvar2: 1861280.625
        max: 4900
        mean: 618.007019043
        min: 61.0803337097
        var: 1147321.25
    pitch_instantaneous_confidence:
        dmean: 0.0749651044607
        dmean2: 0.120628356934
        dvar: 0.00467667076737
        dvar2: 0.0108767468482
        max: 0.873822748661
        mean: 0.395726948977
        min: 0.146353900433
        var: 0.0164936073124
    pitch_salience:
        dmean: 0.0532262064517
        dmean2: 0.0847042798996
        dvar: 0.00170293217525
        dvar2: 0.00423118192703
        max: 0.867830991745
        mean: 0.6597635746
        min: 0.38165256381
        var: 0.00638683792204
    silence_rate_20dB:
        dmean: 0
        dmean2: 0
        dvar: 0
        dvar2: 0
        max: 1
        mean: 1
        min: 1
        var: 0
    silence_rate_30dB:
        dmean: 0
        dmean2: 0
        dvar: 0
        dvar2: 0
        max: 1
        mean: 1
        min: 1
        var: 0
    silence_rate_60dB:
        dmean: 0.0604651160538
        dmean2: 0.118881121278
        dvar: 0.056809399277
        dvar2: 0.118735060096
        max: 1
        mean: 0.730858445168
        min: 0
        var: 0.196703672409
    spectral_centroid:
        dmean: 179.710952759
        dmean2: 269.409240723
        dvar: 56173.0390625
        dvar2: 116544.007812
        max: 3525.51074219
        mean: 971.58770752
        min: 382.494262695
        var: 201541.78125
    spectral_complexity:
        dmean: 2.00934576988
        dmean2: 3.03278684616
        dvar: 4.34571361542
        dvar2: 8.7061882019
        max: 32
        mean: 9.2703962326
        min: 1
        var: 26.8359451294
    spectral_crest:
        dmean: 1.83203685284
        dmean2: 3.0361969471
        dvar: 2.4732606411
        dvar2: 6.0849404335
        max: 17.4902248383
        mean: 7.78089904785
        min: 3.20986270905
        var: 5.76491594315
    spectral_decrease:
        dmean: 1.75395198365e-10
        dmean2: 2.71782707451e-10
        dvar: 8.87249370037e-20
        dvar2: 2.21593336749e-19
        max: -9.18270598449e-11
        mean: -7.33641647432e-10
        min: -4.81946837994e-09
        var: 4.04326348705e-19
    spectral_energy:
        dmean: 0.000751897343434
        dmean2: 0.00115907844156
        dvar: 1.76462697254e-06
        dvar2: 4.4672756303e-06
        max: 0.0215226914734
        mean: 0.00306167337112
        min: 0.000382353842724
        var: 7.28053828425e-06
    spectral_energyband_high:
        dmean: 4.52916610811e-05
        dmean2: 7.56017470849e-05
        dvar: 2.96959079549e-08
        dvar2: 7.16260828426e-08
        max: 0.00240667397156
        mean: 6.80566736264e-05
        min: 3.48044466136e-07
        var: 4.72127190676e-08
    spectral_energyband_low:
        dmean: 9.30620226427e-05
        dmean2: 0.000146485690493
        dvar: 1.99085814501e-08
        dvar2: 4.68243257501e-08
        max: 0.00185539992526
        mean: 0.000205213596928
        min: 6.10253937339e-06
        var: 5.7784586005e-08
    spectral_energyband_middle_high:
        dmean: 0.000349207170075
        dmean2: 0.000533654529136
        dvar: 6.67570475343e-07
        dvar2: 1.62963533512e-06
        max: 0.0117602711543
        mean: 0.000993490335532
        min: 8.88428185135e-05
        var: 1.63086838256e-06
    spectral_energyband_middle_low:
        dmean: 0.000498621026054
        dmean2: 0.000801615242381
        dvar: 6.84403289597e-07
        dvar2: 1.82874714483e-06
        max: 0.0102541772649
        mean: 0.00179491029121
        min: 0.000203147006687
        var: 2.68060807684e-06
    spectral_flatness_db:
        dmean: 0.016055367887
        dmean2: 0.0251255482435
        dvar: 0.000175824228791
        dvar2: 0.000388546177419
        max: 0.276184201241
        mean: 0.191938772798
        min: 0.122643887997
        var: 0.000960104109254
    spectral_flux:
        dmean: 0.00498674018309
        dmean2: 0.00787842832506
        dvar: 4.08210253227e-05
        dvar2: 8.24225789984e-05
        max: 0.102851875126
        mean: 0.025282965973
        min: 0.00818071793765
        var: 0.000197673405637
    spectral_kurtosis:
        dmean: 3.46600818634
        dmean2: 5.87361478806
        dvar: 17.8458156586
        dvar2: 48.3932266235
        max: 43.2018814087
        mean: 8.39746761322
        min: 0.161510467529
        var: 33.6371002197
    spectral_rms:
        dmean: 0.000188751801034
        dmean2: 0.000279102940112
        dvar: 5.70996760985e-08
        dvar2: 1.31098872203e-07
        max: 0.00458233011886
        mean: 0.0016074818559
        min: 0.000610760296695
        var: 4.03002815119e-07
    spectral_rolloff:
        dmean: 402.288208008
        dmean2: 633.69140625
        dvar: 196074.0625
        dvar2: 395443.625
        max: 5146.43554688
        mean: 2002.9888916
        min: 430.6640625
        var: 835300.75
    spectral_skewness:
        dmean: 0.35336920619
        dmean2: 0.5725274086
        dvar: 0.140433609486
        dvar2: 0.355370491743
        max: 4.71749544144
        mean: 1.8903670311
        min: 0.309740334749
        var: 0.367005378008
    spectral_spread:
        dmean: 338683.125
        dmean2: 502969.96875
        dvar: 182599434240
        dvar2: 290550415360
        max: 7636527.5
        mean: 2912909.5
        min: 1376122.125
        var: 917504393216
    spectral_strongpeak:
        dmean: 0.263028532267
        dmean2: 0.439418286085
        dvar: 0.207727342844
        dvar2: 0.526249349117
        max: 3.66122198105
        mean: 0.428748399019
        min: 0.0152375362813
        var: 0.286814332008
    zerocrossingrate:
        dmean: 0.00712457112968
        dmean2: 0.00820015184581
        dvar: 4.97623186675e-05
        dvar2: 5.67748065805e-05
        max: 0.1669921875
        mean: 0.060661830008
        min: 0.01904296875
        var: 0.000433750421507
    barkbands:
        dmean: [5.24783132505e-08, 4.40120202256e-05, 7.65647055232e-05, 8.56614278746e-05, 0.000314458564389, 0.000182673626114, 0.000149819839862, 5.69419535168e-05, 8.20339264465e-05, 4.46554295195e-05, 1.45036256072e-05, 2.01530929189e-05, 3.19386635965e-05, 4.51001214969e-05, 3.7657613575e-05, 4.80186899949e-05, 7.20446550986e-05, 0.000106681480247, 0.000118962248962, 4.38944043708e-05, 1.94079875655e-05, 6.04274691796e-06, 7.91417903656e-07, 3.98264404566e-07, 1.2630626145e-07, 5.27637711301e-09, 1.80789036519e-10]
        dmean2: [7.57198037604e-08, 7.14361449354e-05, 0.000129183841636, 0.000141066804645, 0.000525981304236, 0.000279409898212, 0.000228949007578, 8.62922679516e-05, 0.000134378249641, 7.09140949766e-05, 2.24475552386e-05, 3.14609023917e-05, 5.20579051226e-05, 7.46785735828e-05, 5.94029661443e-05, 7.2897390055e-05, 0.000115306895168, 0.000175940105692, 0.000192940948182, 7.6066236943e-05, 2.9195967727e-05, 9.26884968067e-06, 1.32940544972e-06, 6.91233651651e-07, 2.08437754168e-07, 8.02572763803e-09, 2.68607358578e-10]
        dvar: [5.91008362041e-14, 1.69410085959e-08, 1.31463293584e-08, 3.0659187189e-08, 3.98545211056e-07, 4.60936711022e-08, 3.99841830756e-08, 1.82333455001e-08, 4.430355105e-08, 1.65676077302e-08, 4.5123113579e-10, 7.23983373252e-10, 2.16028039901e-09, 7.84124676301e-09, 4.98664132209e-09, 1.80090324875e-08, 3.22940110209e-08, 8.62896030185e-08, 1.98574625188e-07, 4.48956072319e-08, 4.21934531758e-09, 1.55727597484e-09, 1.15755616897e-11, 5.38446891241e-12, 4.72751015852e-13, 2.33217101848e-16, 2.50372061783e-18]
        dvar2: [6.50564536053e-14, 4.6500201023e-08, 3.78760631747e-08, 8.35845455072e-08, 1.17666502319e-06, 1.17920194498e-07, 9.29453136678e-08, 4.14441743146e-08, 1.05778774184e-07, 3.55419658149e-08, 9.76840386357e-10, 1.97942373603e-09, 4.7928332414e-09, 2.40687363373e-08, 1.10543307841e-08, 3.77768607507e-08, 5.98666076712e-08, 2.24523290626e-07, 5.1396108347e-07, 1.28784463982e-07, 8.92046703171e-09, 3.70735486754e-09, 2.65308053304e-11, 1.60841461677e-11, 1.40491806556e-12, 5.59993280825e-16, 2.54310454795e-18]
        max: [5.1169508879e-06, 0.00147386197932, 0.00128399487585, 0.0018633173313, 0.00660124327987, 0.00256234314293, 0.00239885598421, 0.00247381953523, 0.0053267176263, 0.0025819290895, 0.000216588974581, 0.000304761284497, 0.00097683025524, 0.00118413649034, 0.000712638546247, 0.00170032284223, 0.00319645390846, 0.00419228617102, 0.00651734648272, 0.00306335696951, 0.000896384066436, 0.000770544633269, 5.30064608029e-05, 3.5546199797e-05, 1.03116399259e-05, 1.18886092082e-07, 3.27699076763e-08]
        mean: [1.89105023196e-07, 6.13403826719e-05, 0.000143691388075, 0.00014890525199, 0.000611493829638, 0.000433709356003, 0.000316250108881, 0.000102817975858, 0.000175342385774, 0.00010227853636, 2.7565889468e-05, 4.1621937271e-05, 6.75773844705e-05, 8.68504212121e-05, 8.01952119218e-05, 8.76074263942e-05, 0.000131861204864, 0.000184719916433, 0.000164045923157, 5.72335884499e-05, 2.71636909019e-05, 7.38793050914e-06, 1.14676799967e-06, 5.1015712188e-07, 1.67059695855e-07, 4.78424944106e-09, 1.60045698916e-10]
        min: [2.76392186915e-10, 3.78431252557e-07, 1.10231644612e-06, 2.79114692603e-06, 1.30240168801e-05, 3.05345274683e-05, 7.31134605303e-06, 1.32680997922e-06, 2.50122434409e-06, 9.3218756092e-07, 8.08868776403e-07, 2.18697550736e-06, 4.44825445811e-06, 1.09990980945e-06, 2.03732520276e-06, 6.52050687222e-07, 2.31297599385e-06, 1.65189931067e-06, 1.47410332829e-06, 6.40691609988e-07, 1.07386014747e-07, 1.55878208119e-08, 4.32376801029e-09, 1.3293373069e-09, 7.15208781088e-10, 5.04948643662e-12, 2.00723599797e-14]
        var: [1.08006262083e-13, 2.11092832103e-08, 2.09993409328e-08, 3.50978588415e-08, 6.50683318781e-07, 1.52623300664e-07, 1.29797385284e-07, 3.9170849675e-08, 2.51757739989e-07, 9.72418021661e-08, 1.12750775383e-09, 1.7606401892e-09, 6.59542243042e-09, 2.15381579238e-08, 1.20239072032e-08, 3.37646888227e-08, 6.19179161276e-08, 1.16582974385e-07, 2.90325715468e-07, 4.11897005392e-08, 7.52735829224e-09, 1.847132447e-09, 1.86626287341e-11, 3.6203568355e-12, 3.32874840973e-13, 2.15401775506e-16, 2.50504017771e-18]
    mfcc:
        mean: [-777.614318848, 173.324798584, -62.0497131348, 56.9088935852, -6.38808679581, -12.2906398773, -7.43559169769, -13.9870204926, -14.0217266083, -9.06623649597, -1.32432770729, -1.22651016712, -7.86654233932]
        cov: [[2888.18945312, -1426.70678711, 452.593688965, 19.8084106445, 43.8834495544, 36.4988479614, -22.6056461334, 230.359634399, 110.384597778, 55.013710022, -74.6296310425, -154.805618286, -98.2968597412], [-1426.70678711, 1504.6192627, -578.960266113, -103.883560181, 80.582069397, -23.971326828, -94.9820480347, -118.537101746, -7.28747606277, 5.61863899231, 62.8273849487, 114.121505737, 10.8484859467], [452.593688965, -578.960266113, 500.802154541, -61.3603591919, -52.7196846008, 23.1411056519, 73.8771514893, 75.0938415527, 22.0004901886, 27.7071857452, -24.6652107239, -58.3240623474, -18.2196578979], [19.8084106445, -103.883560181, -61.3603591919, 230.703796387, 11.1194934845, -15.3214483261, -10.5456590652, -26.9051361084, -28.7903060913, -42.4007301331, -22.3159275055, 42.5872688293, 57.8069458008], [43.8834495544, 80.582069397, -52.7196846008, 11.1194934845, 142.197372437, -13.2385463715, -10.0217132568, -7.93448114395, -6.4211306572, -19.1557693481, -27.269203186, 16.6857719421, 18.5298480988], [36.4988479614, -23.971326828, 23.1411056519, -15.3214483261, -13.2385463715, 133.470275879, 11.8548936844, -1.3987082243, 3.98527979851, -8.15659236908, -18.00689888, -19.1188049316, 2.18968868256], [-22.6056461334, -94.9820480347, 73.8771514893, -10.5456590652, -10.0217132568, 11.8548936844, 95.1820068359, 26.835603714, -11.0593748093, -7.35236692429, 0.363362431526, -8.3911447525, -7.25016832352], [230.359634399, -118.537101746, 75.0938415527, -26.9051361084, -7.93448114395, -1.3987082243, 26.835603714, 129.031463623, 23.8114910126, 4.13078594208, 6.26521635056, -33.5536499023, -36.3280715942], [110.384597778, -7.28747606277, 22.0004901886, -28.7903060913, -6.4211306572, 3.98527979851, -11.0593748093, 23.8114910126, 77.8476104736, 15.1151027679, -7.6237077713, 6.30801773071, -12.8738718033], [55.013710022, 5.61863899231, 27.7071857452, -42.4007301331, -19.1557693481, -8.15659236908, -7.35236692429, 4.13078594208, 15.1151027679, 67.3681106567, 25.5801525116, -12.9367609024, -15.0322265625], [-74.6296310425, 62.8273849487, -24.6652107239, -22.3159275055, -27.269203186, -18.00689888, 0.363362431526, 6.26521635056, -7.6237077713, 25.5801525116, 73.8950805664, 5.09810447693, -15.4664649963], [-154.805618286, 114.121505737, -58.3240623474, 42.5872688293, 16.6857719421, -19.1188049316, -8.3911447525, -33.5536499023, 6.30801773071, -12.9367609024, 5.09810447693, 86.0553512573, 27.486076355], [-98.2968597412, 10.8484859467, -18.2196578979, 57.8069458008, 18.5298480988, 2.18968868256, -7.25016832352, -36.3280715942, -12.8738718033, -15.0322265625, -15.4664649963, 27.486076355, 73.2474975586]]
        icov: [[0.00109670299571, 0.00126906554215, 0.000479177921079, 6.04977940384e-05, -0.00114789418876, -0.000401879631681, 0.00126629916485, -0.000939189107157, -0.000770125538111, -0.00102630723268, 0.000242379755946, 4.15315662394e-05, 0.00100679986645], [0.00126906554215, 0.00311615201645, 0.00237344414927, 0.00165900040884, -0.0015538596781, -0.000624502194114, 0.00166150683071, -0.00089320942061, -0.000606431858614, -0.00148177705705, -6.27231293038e-06, -0.0015241362853, 0.000815769599285], [0.000479177921079, 0.00237344414927, 0.00506488792598, 0.00223219464533, 0.000242506692302, -0.000225948067964, -0.00112012086902, -0.00132002413739, -0.000303949753288, -0.00214189128019, 0.0015581601765, -0.000782964692917, -0.000900601677131], [6.04977940384e-05, 0.00165900040884, 0.00223219464533, 0.00804190151393, 0.000866117828991, 0.000605789711699, 0.000880215608049, -0.00096567813307, 0.00223861867562, 0.00180692633148, 0.00133208476473, -0.00350429327227, -0.00422444660217], [-0.00114789418876, -0.0015538596781, 0.000242506692302, 0.000866117828991, 0.00989106390625, 0.00155975203961, -0.000963021302596, -0.000229190176469, 0.00209142779931, 0.0016952692531, 0.00370721425861, -0.00127407687251, -0.00271496875212], [-0.000401879631681, -0.000624502194114, -0.000225948067964, 0.000605789711699, 0.00155975203961, 0.00859254412353, -0.00154651235789, 0.0010410270188, -0.000635324919131, 0.00168667105027, 0.00170762487687, 0.00219089048915, -0.0014964035945], [0.00126629916485, 0.00166150683071, -0.00112012086902, 0.000880215608049, -0.000963021302596, -0.00154651235789, 0.0148277245462, -0.00349802523851, 0.00241026305594, 0.000829725409858, -0.00031212696922, -0.00176990102045, 0.0016947715776], [-0.000939189107157, -0.00089320942061, -0.00132002413739, -0.00096567813307, -0.000229190176469, 0.0010410270188, -0.00349802523851, 0.0125042619184, -0.00379229011014, 0.00304740061983, -0.00285022845492, 0.00379673857242, 0.00312027428299], [-0.000770125538111, -0.000606431858614, -0.000303949753288, 0.00223861867562, 0.00209142779931, -0.000635324919131, 0.00241026305594, -0.00379229011014, 0.0183920376003, -0.00381402904168, 0.00507464166731, -0.00619771936908, 0.000908687361516], [-0.00102630723268, -0.00148177705705, -0.00214189128019, 0.00180692633148, 0.0016952692531, 0.00168667105027, 0.000829725409858, 0.00304740061983, -0.00381402904168, 0.0227257609367, -0.00789186824113, 0.0035764714703, -0.00101730017923], [0.000242379755946, -6.27231293038e-06, 0.0015581601765, 0.00133208476473, 0.00370721425861, 0.00170762487687, -0.00031212696922, -0.00285022845492, 0.00507464166731, -0.00789186824113, 0.0207977592945, -0.00422170571983, 0.00247712130658], [4.15315662394e-05, -0.0015241362853, -0.000782964692917, -0.00350429327227, -0.00127407687251, 0.00219089048915, -0.00176990102045, 0.00379673857242, -0.00619771936908, 0.0035764714703, -0.00422170571983, 0.019386831671, -0.00370466941968], [0.00100679986645, 0.000815769599285, -0.000900601677131, -0.00422444660217, -0.00271496875212, -0.0014964035945, 0.0016947715776, 0.00312027428299, 0.000908687361516, -0.00101730017923, 0.00247712130658, -0.00370466941968, 0.0223035588861]]
    spectral_contrast:
        mean: [-3.64010361409e-07, 4.93123373246e-08, 1.54873074365e-08, 5.14061824219e-08, -2.81888986819e-07, -1.12053953671e-07, 2.02912838176e-06, 2.85365922537e-06, -3.99726241085e-06, -1.30171542878e-06, -5.85599991609e-07, 7.34882542019e-06]
        var: [0.000794801744632, 0.000862590968609, 0.00165677873883, 0.00199556373991, 0.00247198948637, 0.00335702602752, 0.0465140827, 0.102250896394, 0.131397768855, 0.194633111358, 0.359848201275, 1.72611784935]

rhythm:
    beats_loudness:
        dmean: 0.0023845769465
        dmean2: 0.00418634852394
        dvar: 8.34076854517e-06
        dvar2: 2.14748779399e-05
        max: 0.0120013877749
        mean: 0.00317984749563
        min: 0.000594814307988
        var: 7.32348416932e-06
    beats_loudness_bass:
        dmean: 0.0826354473829
        dmean2: 0.156009674072
        dvar: 0.00511290458962
        dvar2: 0.0177643485367
        max: 0.290315389633
        mean: 0.126313060522
        min: 0.0190406478941
        var: 0.00571699161083
    bpm: 85.50390625
    bpm_confidence: 0
    first_peak_bpm: 171
    first_peak_spread: 0
    first_peak_weight: 0.727272748947
    onset_rate: 3.29838466644
    second_peak_bpm: 86
    second_peak_spread: 0
    second_peak_weight: 0.227272734046
    beats_position: [0.0893911644816, 0.440297931433, 0.791204631329, 1.14211142063, 1.49301815033, 1.84392499924, 2.19483160973, 2.54573822021, 2.89664506912, 3.24755167961, 3.5984582901, 3.94936490059, 4.30027151108, 4.65117835999, 5.00208520889, 5.35299158096, 5.70389842987, 6.2022767067, 6.90400123596, 7.60572624207, 8.30745124817, 9.0091753006, 9.7109003067]
    bpm_estimates: [85.5367355347, 85.6963577271, 85.5202865601, 85.6326904297, 85.4300079346, 85.2073135376]
    bpm_intervals: [0.350906759501, 0.350906699896, 0.350906789303, 0.350906729698, 0.350906848907, 0.350906610489, 0.350906610489, 0.350906848907, 0.350906610489, 0.350906610489, 0.350906610489, 0.350906610489, 0.350906848907, 0.350906848907, 0.35090637207, 0.350906848907, 0.498378276825, 0.701724529266, 0.701725006104, 0.701725006104, 0.701724052429, 0.701725006104]
    onset_times: [0.0580498874187, 0.267029464245, 0.545668959618, 0.893968224525, 1.19582772255, 1.97369611263, 2.29877543449, 2.57741498947, 2.67029476166, 3.03020405769, 3.20435380936, 3.35528349876, 3.68036270142, 3.99383211136, 4.446621418, 4.76009082794, 5.06195020676, 5.49151945114, 5.73532867432, 5.94430828094, 6.025578022, 6.21133804321, 6.5596370697, 6.74539661407, 6.90793657303, 7.0936961174, 8.24308395386, 8.27791404724, 8.51011371613, 8.66104316711, 8.96290206909, 9.33442211151, 9.682721138]
    rubato_start: [6.90400123596]
    rubato_stop: [9.7109003067]
    perceptual_tempo: "unknown"

sfx:
    inharmonicity:
        dmean: 0.0435790121555
        dmean2: 0.0791886821389
        dvar: 0.00312309060246
        dvar2: 0.00853206217289
        max: 0.351561456919
        mean: 0.0403435118496
        min: 0
        var: 0.00283032236621
    oddtoevenharmonicenergyratio:
        dmean: 2.24148654938
        dmean2: 4.16880846024
        dvar: 65.0387420654
        dvar2: 189.529586792
        max: 110.839515686
        mean: 1.48550379276
        min: 0
        var: 35.9507637024
    pitch_after_max_to_before_max_energy_ratio: 0.182813078165
    pitch_centroid: 204.313766479
    pitch_max_to_total: 0.571095585823
    pitch_min_to_total: 0.214452207088
    tristimulus:
        dmean: [0.213983714581, 0.247315689921, 0.0958807840943]
        dmean2: [0.371775507927, 0.43014216423, 0.172434791923]
        dvar: [0.0284046661109, 0.0420005843043, 0.0112423477694]
        dvar2: [0.0750619322062, 0.125282764435, 0.0333293378353]
        max: [1, 0.961527109146, 0.692219734192]
        mean: [0.44325324893, 0.41770413518, 0.091030433774]
        min: [0.0240058302879, 0, 0]
        var: [0.0483748875558, 0.056370601058, 0.0121352598071]

tonal:
    chords_changes_rate: 0.0555555559695
    chords_number_rate: 0.0231481473893
    chords_strength:
        dmean: 0.0100675188005
        dmean2: 0.00621482776478
        dvar: 4.68503458251e-05
        dvar2: 2.57808605966e-05
        max: 0.696197807789
        mean: 0.509481966496
        min: 0.321848154068
        var: 0.00933144055307
    key_strength: 0.767491877079
    tuning_diatonic_strength: 0.571627438068
    tuning_equal_tempered_deviation: 0.0878226682544
    tuning_frequency: 439.491973877
    tuning_nontempered_energy_ratio: 0.700771689415
    hpcp:
        dmean: [0.0956437140703, 0.0852381959558, 0.0828393995762, 0.0868574082851, 0.0843430906534, 0.122546479106, 0.143719360232, 0.0877054706216, 0.0371322445571, 0.0448034703732, 0.077821329236, 0.144650027156, 0.165845915675, 0.137797743082, 0.0673002824187, 0.0513051040471, 0.0696679353714, 0.0898353606462, 0.0859183222055, 0.0680012255907, 0.0735950097442, 0.0935344770551, 0.0812757834792, 0.0737169608474, 0.0850449576974, 0.0940307229757, 0.200405091047, 0.199202656746, 0.117811068892, 0.0680541843176, 0.0767941921949, 0.099074870348, 0.142182528973, 0.160388857126, 0.125685408711, 0.113578848541]
        dmean2: [0.158348500729, 0.134650111198, 0.139165937901, 0.145181044936, 0.146262913942, 0.205174148083, 0.246161222458, 0.149070486426, 0.0649073570967, 0.0756739675999, 0.132427617908, 0.24212513864, 0.275627076626, 0.23336930573, 0.111923165619, 0.08094278723, 0.111683815718, 0.157273337245, 0.141379475594, 0.105818524957, 0.123700462282, 0.157828822732, 0.130111023784, 0.124847367406, 0.131627619267, 0.151353001595, 0.325065076351, 0.30506208539, 0.184273689985, 0.108842633665, 0.128490015864, 0.154883131385, 0.233896329999, 0.27404910326, 0.210552275181, 0.193156138062]
        dvar: [0.0265662055463, 0.0174884665757, 0.0174153726548, 0.0238767471164, 0.0103013860062, 0.0216218251735, 0.0364311076701, 0.00987169891596, 0.00602226611227, 0.00810497161001, 0.0186578240246, 0.025843411684, 0.0393413864076, 0.0302069988102, 0.0136708533391, 0.00771927041933, 0.0122201386839, 0.0172803308815, 0.0116627216339, 0.00598790962249, 0.0131147261709, 0.0216557141393, 0.0156987402588, 0.0141653874889, 0.0149576757103, 0.0174076706171, 0.0330114662647, 0.0370994396508, 0.0121303927153, 0.00950255710632, 0.0165727250278, 0.0257082376629, 0.0425596684217, 0.0388696938753, 0.0249056257308, 0.0232691895217]
        dvar2: [0.0594054013491, 0.0474136658013, 0.0465157777071, 0.0624945238233, 0.0255778282881, 0.0603544823825, 0.103570364416, 0.0277832075953, 0.0176333114505, 0.0230843126774, 0.0498661287129, 0.0672427639365, 0.0795503854752, 0.0803192779422, 0.0305874459445, 0.0159654151648, 0.0289934333414, 0.0458549484611, 0.0251973494887, 0.0124830808491, 0.0360275879502, 0.0502324476838, 0.0361755602062, 0.0404885150492, 0.0337822511792, 0.0481158159673, 0.0827315077186, 0.0850094556808, 0.0305830631405, 0.0224540252239, 0.0374716743827, 0.0598604641855, 0.104160264134, 0.103917479515, 0.0665730908513, 0.0624351277947]
        max: [1, 1, 1, 1, 0.654231250286, 1, 1, 0.785130739212, 0.781875431538, 0.670563876629, 1, 1, 1, 1, 1, 0.929064154625, 0.896473765373, 1, 1, 0.799335300922, 1, 1, 1, 1, 1, 0.982901096344, 1, 1, 1, 1, 1, 1, 1, 1, 1, 0.976796627045]
        mean: [0.195084229112, 0.141408577561, 0.120935291052, 0.125850617886, 0.109075963497, 0.321949362755, 0.444190949202, 0.198193415999, 0.040645621717, 0.0460125170648, 0.0853386968374, 0.27669224143, 0.430499196053, 0.255356520414, 0.0785069167614, 0.0714171975851, 0.0998049229383, 0.150886371732, 0.165631756186, 0.137184277177, 0.138812795281, 0.174914434552, 0.152853384614, 0.119720123708, 0.127118989825, 0.147268161178, 0.448334366083, 0.578206896782, 0.262892574072, 0.0911382362247, 0.0862896516919, 0.132455050945, 0.22451210022, 0.243821710348, 0.174125298858, 0.172176644206]
        min: [0.00184964772779, 0.00173942442052, 0.00296269287355, 0.00305675948039, 0.00454658363014, 0.00202875211835, 0.0025688521564, 0.00232481164858, 0.00247627682984, 0.00119468139019, 0.00184592872392, 0.00614938559011, 0.00848740059882, 0.00285092112608, 0.00105523306411, 0.00228532124311, 0.00518992682919, 0.00246836151928, 0.00608430476859, 0.0131594045088, 0.0114938113838, 0.00282925064676, 0.00405180221424, 0.00505997659639, 0.0033124636393, 0.00358454068191, 0.0148814637214, 0.044967982918, 0.0171943698078, 0.00149126269389, 0.000988588202745, 0.00249251583591, 0.00166197307408, 0.00591942714527, 0.00685817142949, 0.00395010318607]
        var: [0.0899649262428, 0.036968819797, 0.0236157998443, 0.0291123557836, 0.0119505934417, 0.0825558379292, 0.160579651594, 0.0295740049332, 0.00487490883097, 0.00809583999217, 0.0212794709951, 0.0639270246029, 0.137670621276, 0.065539509058, 0.0167970918119, 0.0151839517057, 0.0179441068321, 0.0288974847645, 0.0289483331144, 0.0140146082267, 0.0225776359439, 0.0671588107944, 0.0500059127808, 0.0215618219227, 0.0290682110935, 0.0225182380527, 0.070214651525, 0.100670687854, 0.0356496423483, 0.0186467766762, 0.0173243321478, 0.0349557250738, 0.0790972858667, 0.0615486316383, 0.0348227396607, 0.0365047901869]
    chords_histogram: [47.2222213745, 0, 27.7777786255, 0, 0, 0, 0, 0, 0, 0, 0, 0, 0, 0, 0, 0, 0, 1.85185182095, 0, 20.8333339691, 2.31481480598, 0, 0, 0]
    thpcp: [1, 0.454668700695, 0.15762218833, 0.149236634374, 0.229078993201, 0.388290256262, 0.421685934067, 0.301147043705, 0.29777687788, 0.337395191193, 0.244563981891, 0.209155738354, 0.217656716704, 0.188645213842, 0.556806504726, 0.768221437931, 0.342772483826, 0.0702959820628, 0.0795779451728, 0.147591978312, 0.47853499651, 0.744541764259, 0.441635191441, 0.135776519775, 0.123514950275, 0.172611087561, 0.260955661535, 0.286457598209, 0.23725810647, 0.24007460475, 0.302511841059, 0.264357596636, 0.207054123282, 0.219850346446, 0.254698038101, 0.775387465954]
    chords_key: "B"
    chords_scale: "major"
    key_key: "B"
    key_scale: "major"
    chords_progression: ["F#", "F#", "F#", "F#", "F#", "F#", "F#", "F#", "F#", "F#", "F#", "F#", "F#", "F#", "F#", "F#", "F#", "F#", "F#", "F#", "F#", "F#", "F#", "F#", "F#", "F#", "Bm", "Bm", "Bm", "Bm", "B", "B", "B", "B", "B", "B", "B", "B", "B", "B", "B", "B", "B", "B", "B", "B", "B", "B", "B", "B", "B", "B", "B", "B", "B", "B", "B", "B", "B", "B", "B", "B", "B", "B", "B", "B", "B", "B", "B", "B", "B", "B", "B", "F#m", "F#m", "F#m", "F#m", "F#m", "F#m", "F#m", "F#m", "F#m", "F#m", "F#m", "F#m", "F#m", "F#m", "F#m", "F#m", "F#m", "F#m", "F#m", "F#m", "F#m", "F#m", "F#m", "F#m", "F#m", "F#m", "F#m", "F#m", "F#m", "F#m", "F#", "F#", "F#", "F#", "F#", "F#", "F#", "F#", "F#", "F#", "F#", "F#", "F#", "F#", "F#", "F#", "F#", "F#", "F#", "F#", "F#", "F#", "F#", "F#", "F#", "F#", "F#m", "F#m", "F#m", "F#", "F#", "F#", "F#m", "F#m", "F#m", "F#", "F#", "F#", "F#", "F#", "B", "B", "B", "B", "B", "B", "B", "B", "B", "B", "B", "B", "B", "B", "B", "B", "B", "B", "B", "B", "B", "B", "B", "B", "B", "B", "B", "B", "B", "B", "B", "B", "B", "B", "B", "B", "B", "B", "B", "B", "B", "B", "B", "B", "B", "B", "B", "B", "B", "B", "B", "B", "B", "B", "B", "B", "B", "B", "B", "F#m", "F#m", "F#m", "F#m", "F#m", "F#m", "F#m", "A", "A", "A", "A", "A", "F#m", "F#m"]
