
metadata:
    version:
        essentia: "1.2.2"
    audio_properties:
        analysis_sample_rate: 44100
        bitrate: 128
        channels: 2
        equal_loudness: 1
        length: 10.0310201645
        replay_gain: -5.592420578
        downmix: "mix"
    tags:
        track: 1
        year: 0
        album: "Splitted by Mp3Splt v. 2.1"
        artist: "From 000.00 To 000.10"
        comment: "http://mp3splt.sf.net"
        genre: ""
        title: "05 Solarized.mp3"

highlevel:
    ballroom:
        all:
            ChaChaCha: 0.00355290062726
            Jive: 0.00561129767448
            Quickstep: 0.00527769699693
            Rumba-American: 0.0192571170628
            Rumba-International: 0.919270813465
            Rumba-Misc: 0.00673497607931
            Samba: 0.0338605120778
            Tango: 0.00108814879786
            VienneseWaltz: 0.00180957687553
            Waltz: 0.00353698479012
        probability: 0.919270813465
        value: "Rumba-International"
    culture:
        all:
            non_western: 0.905999600887
            western: 0.0940004065633
        probability: 0.905999600887
        value: "non_western"
    gender:
        all:
            female: 0.714604556561
            male: 0.285395473242
        probability: 0.714604556561
        value: "female"
    genre_dortmund:
        all:
            alternative: 0.00768264755607
            blues: 0.000240987574216
            electronic: 0.844071626663
            folkcountry: 0.00153493089601
            funksoulrnb: 0.00137787533458
            jazz: 0.138654708862
            pop: 0.00123114685994
            raphiphop: 0.00138150283601
            rock: 0.003824547166
        probability: 0.844071626663
        value: "electronic"
    genre_electronica:
        all:
            ambient: 0.46571329236
            dnb: 0.0383497327566
            house: 0.210438326001
            techno: 0.270207196474
            trance: 0.0152914524078
        probability: 0.46571329236
        value: "ambient"
    genre_rosamerica:
        all:
            cla: 0.028205556795
            dan: 0.538205206394
            hip: 0.0594524294138
            jaz: 0.120118752122
            pop: 0.0494258143008
            rhy: 0.111785270274
            roc: 0.0678591579199
            spe: 0.024947790429
        probability: 0.538205206394
        value: "dan"
    genre_tzanetakis:
        all:
            blu: 0.0975838303566
            cla: 0.131844818592
            cou: 0.0181262362748
            dis: 0.0368346720934
            hip: 0.165870815516
            jaz: 0.0528589785099
            met: 0.030199341476
            pop: 0.111781664193
            reg: 0.300505161285
            roc: 0.0543944761157
        probability: 0.300505161285
        value: "reg"
    live_studio:
        all:
            live: 0.443752199411
            studio: 0.556247830391
        probability: 0.556247830391
        value: "studio"
    mood:
        all:
            Cluster1: 0.0830657929182
            Cluster2: 0.0587549358606
            Cluster3: 0.0901322215796
            Cluster4: 0.0116775408387
            Cluster5: 0.756369531155
        probability: 0.756369531155
        value: "Cluster5"
    mood_acoustic:
        all:
            acoustic: 0.143589228392
            not_acoustic: 0.856410741806
        probability: 0.856410741806
        value: "not_acoustic"
    mood_aggressive:
        all:
            aggressive: 1.34495132897e-06
            not_aggressive: 0.999998629093
        probability: 0.999998629093
        value: "not_aggressive"
    mood_electronic:
        all:
            electronic: 0.891658484936
            not_electronic: 0.108341485262
        probability: 0.891658484936
        value: "electronic"
    mood_happy:
        all:
            happy: 0.0754254162312
            not_happy: 0.924574553967
        probability: 0.924574553967
        value: "not_happy"
    mood_party:
        all:
            not_party: 0.55717509985
            party: 0.442824929953
        probability: 0.55717509985
        value: "not_party"
    mood_relaxed:
        all:
            not_relaxed: 0.259623497725
            relaxed: 0.740376472473
        probability: 0.740376472473
        value: "relaxed"
    mood_sad:
        all:
            not_sad: 0.268833607435
            sad: 0.731166422367
        probability: 0.731166422367
        value: "sad"
    rhythm:
        all:
            fast: 0.203823298216
            medium: 0.491426378489
            slow: 0.304750353098
        probability: 0.491426378489
        value: "medium"
    speech_music:
        all:
            music: 3.00000096379e-14
            speech: 1
        probability: 1
        value: "speech"
    timbre:
        all:
            bright: 0.219859451056
            dark: 0.780140578747
        probability: 0.780140578747
        value: "dark"
    voice_instrumental:
        all:
            instrumental: 0.999996840954
            voice: 3.16154296343e-06
        probability: 0.999996840954
        value: "instrumental"

lowlevel:
    average_loudness: 0.934798181057
    barkbands_kurtosis:
        dmean: 16.358631134
        dmean2: 23.6673221588
        dvar: 565.547851562
        dvar2: 1170.27429199
        max: 282.524780273
        mean: 53.6184883118
        min: -1.95090830326
        var: 2782.92089844
    barkbands_skewness:
        dmean: 1.01933145523
        dmean2: 1.53931975365
        dvar: 1.41058206558
        dvar2: 2.9882106781
        max: 15.1299495697
        mean: 4.02508306503
        min: -4.00996494293
        var: 16.6908111572
    barkbands_spread:
        dmean: 5.65252542496
        dmean2: 9.54708862305
        dvar: 88.6305465698
        dvar2: 230.326980591
        max: 89.8017120361
        mean: 17.0206947327
        min: 0.72338861227
        var: 592.057128906
    dissonance:
        dmean: 0.0267871525139
        dmean2: 0.0446550808847
        dvar: 0.000951736525167
        dvar2: 0.00244165444747
        max: 0.49899572134
        mean: 0.419547140598
        min: 0.22038783133
        var: 0.00442079640925
    hfc:
        dmean: 0.293739497662
        dmean2: 0.514091551304
        dvar: 0.65511828661
        dvar2: 1.92191839218
        max: 6.38610935211
        mean: 0.780274569988
        min: 0.00937394145876
        var: 0.687948524952
    pitch:
        dmean: 339.358612061
        dmean2: 657.686218262
        dvar: 1002475.1875
        dvar2: 2702830.5
        max: 5512.5
        mean: 1740.64746094
        min: 50.0567550659
        var: 5689473
    pitch_instantaneous_confidence:
        dmean: 0.0792365893722
        dmean2: 0.118752539158
        dvar: 0.00650336686522
        dvar2: 0.0155101586133
        max: 0.796519517899
        mean: 0.54868042469
        min: 0.138366818428
        var: 0.016045846045
    pitch_salience:
        dmean: 0.0582767091691
        dmean2: 0.0948227867484
        dvar: 0.00406271032989
        dvar2: 0.00987074244767
        max: 0.809176683426
        mean: 0.519634366035
        min: 0.0950012803078
        var: 0.0235722456127
    silence_rate_20dB:
        dmean: 0
        dmean2: 0
        dvar: 0
        dvar2: 0
        max: 1
        mean: 1
        min: 1
        var: 0
    silence_rate_30dB:
        dmean: 0
        dmean2: 0
        dvar: 0
        dvar2: 0
        max: 1
        mean: 1
        min: 1
        var: 0
    silence_rate_60dB:
        dmean: 0.0555555559695
        dmean2: 0.111368909478
        dvar: 0.0524689480662
        dvar2: 0.112886786461
        max: 1
        mean: 0.381062358618
        min: 0
        var: 0.235855087638
    spectral_centroid:
        dmean: 162.444763184
        dmean2: 270.029876709
        dvar: 104179.757812
        dvar2: 234409.75
        max: 5812.25048828
        mean: 1326.91186523
        min: 113.346199036
        var: 3806517.25
    spectral_complexity:
        dmean: 0.633410692215
        dmean2: 1.19069766998
        dvar: 3.07211184502
        dvar2: 8.82875156403
        max: 18
        mean: 2.20138883591
        min: 0
        var: 4.01268386841
    spectral_crest:
        dmean: 1.88117992878
        dmean2: 2.97815036774
        dvar: 3.64011287689
        dvar2: 9.5216999054
        max: 21.5738620758
        mean: 13.0113344193
        min: 6.12375164032
        var: 12.3084106445
    spectral_decrease:
        dmean: 2.4737811799e-10
        dmean2: 3.82698622792e-10
        dvar: 1.33944606958e-19
        dvar2: 3.5798257261e-19
        max: -3.94622838096e-13
        mean: -1.03398511975e-09
        min: -3.26270699347e-09
        var: 7.24158162392e-19
    spectral_energy:
        dmean: 0.000950867019128
        dmean2: 0.00147376919631
        dvar: 1.9833364604e-06
        dvar2: 5.35520803169e-06
        max: 0.0125018171966
        mean: 0.00397326983511
        min: 2.75406182482e-06
        var: 1.06513207356e-05
    spectral_energyband_high:
        dmean: 3.27414295498e-06
        dmean2: 5.28119790033e-06
        dvar: 1.05236860892e-11
        dvar2: 2.63515459453e-11
        max: 3.68485343643e-05
        mean: 1.08348867798e-05
        min: 1.13574878924e-06
        var: 2.47858244345e-11
    spectral_energyband_low:
        dmean: 0.000736818590667
        dmean2: 0.00108453049324
        dvar: 1.07387802473e-06
        dvar2: 2.75585625786e-06
        max: 0.00815232656896
        mean: 0.00244837836362
        min: 5.62941622206e-08
        var: 4.50612560599e-06
    spectral_energyband_middle_high:
        dmean: 8.95459816093e-05
        dmean2: 0.00016083731316
        dvar: 1.04737942763e-07
        dvar2: 2.95604536404e-07
        max: 0.0021261011716
        mean: 6.35266987956e-05
        min: 2.1466837552e-07
        var: 6.49554650067e-08
    spectral_energyband_middle_low:
        dmean: 0.000386092695408
        dmean2: 0.000628908746876
        dvar: 4.50019626896e-07
        dvar2: 1.25590054267e-06
        max: 0.00646070064977
        mean: 0.00145047740079
        min: 1.96685277842e-07
        var: 1.9253316168e-06
    spectral_flatness_db:
        dmean: 0.0316119082272
        dmean2: 0.0452514514327
        dvar: 0.00136703869794
        dvar2: 0.00242092716508
        max: 0.458377659321
        mean: 0.287578672171
        min: 0.0896582603455
        var: 0.0105759389699
    spectral_flux:
        dmean: 0.00691488292068
        dmean2: 0.0108201848343
        dvar: 0.000110026987386
        dvar2: 0.000229495781241
        max: 0.0798378959298
        mean: 0.0161519180983
        min: 0.00116182991769
        var: 0.000260089203948
    spectral_kurtosis:
        dmean: 1.05907917023
        dmean2: 1.69744038582
        dvar: 1.68558096886
        dvar2: 4.25137042999
        max: 13.7034416199
        mean: 4.5471739769
        min: -0.486126899719
        var: 13.4848442078
    spectral_rms:
        dmean: 0.000219666399062
        dmean2: 0.00033668152173
        dvar: 1.02968691351e-07
        dvar2: 2.75787385817e-07
        max: 0.00349240540527
        mean: 0.00164955039509
        min: 5.18352171639e-05
        var: 1.15534419365e-06
    spectral_rolloff:
        dmean: 229.370819092
        dmean2: 413.336853027
        dvar: 279639.78125
        dvar2: 760426.0625
        max: 7579.6875
        mean: 1925.32958984
        min: 107.666015625
        var: 7184522
    spectral_skewness:
        dmean: 0.18036031723
        dmean2: 0.281416594982
        dvar: 0.0362830720842
        dvar2: 0.0824430584908
        max: 3.56876468658
        mean: 1.9175157547
        min: 0.301131248474
        var: 0.88543266058
    spectral_spread:
        dmean: 1196491.75
        dmean2: 1909633.25
        dvar: 1.8337529856e+12
        dvar2: 3.84679568998e+12
        max: 24677896
        mean: 10152575
        min: 3925796.75
        var: 8.46563586867e+12
    spectral_strongpeak:
        dmean: 0.0713271051645
        dmean2: 0.121773041785
        dvar: 0.00599461700767
        dvar2: 0.0140192452818
        max: 0.610503256321
        mean: 0.207140818238
        min: 0.00124981533736
        var: 0.0208519175649
    zerocrossingrate:
        dmean: 0.00680534914136
        dmean2: 0.00866642408073
        dvar: 8.92332100193e-05
        dvar2: 0.000103510858025
        max: 0.2724609375
        mean: 0.0714382603765
        min: 0.0048828125
        var: 0.00875873118639
    barkbands:
        dmean: [9.62812464422e-07, 0.000185186552699, 0.000619363680016, 0.000209873629501, 0.000226437245146, 2.89426970994e-05, 3.84365694117e-06, 3.28550663653e-06, 4.37409335063e-06, 3.44122076967e-06, 7.22189952285e-06, 5.98305814492e-06, 3.35901131621e-06, 3.84986924473e-06, 7.60468401495e-06, 1.23364770843e-05, 1.25628112073e-05, 2.20046676986e-05, 1.18968573588e-05, 2.1532887331e-06, 9.37174263527e-07, 2.02122623705e-06, 4.00881589258e-07, 1.18287708517e-07, 1.48345662865e-07, 5.09664062065e-08, 6.36164587675e-09]
        dmean2: [1.51204278609e-06, 0.000292077282211, 0.000907429028302, 0.00034552271245, 0.000354719290044, 5.07461591042e-05, 6.35489277556e-06, 5.83108976571e-06, 7.38591552363e-06, 5.84390636504e-06, 1.18731713883e-05, 1.0460024896e-05, 5.54690222998e-06, 7.07644358044e-06, 1.40009851748e-05, 2.26548218052e-05, 2.37722597376e-05, 4.02278601541e-05, 2.25608127948e-05, 4.07711695516e-06, 1.49673144278e-06, 3.39360849466e-06, 6.49789967611e-07, 2.11618058188e-07, 2.35222714196e-07, 8.10194364931e-08, 9.81350289919e-09]
        dvar: [2.59679972837e-12, 7.79085667091e-08, 8.15126554699e-07, 1.10668715081e-07, 1.94500486828e-07, 1.39270825983e-08, 1.67309777144e-10, 2.62037308518e-10, 1.34220343173e-10, 1.34527208817e-10, 8.04785571518e-10, 5.45879896841e-10, 1.9370573201e-10, 2.50063802998e-10, 1.71075420496e-09, 2.55522780712e-09, 3.06465008926e-09, 7.15893255787e-09, 3.2104094938e-09, 6.87068388294e-11, 6.21459752149e-13, 2.38481153228e-12, 1.29863825314e-13, 9.50932041444e-15, 1.89316810384e-14, 3.38335833484e-15, 1.80120455091e-15]
        dvar2: [5.94733940915e-12, 1.98148470076e-07, 2.00406611839e-06, 3.05499497699e-07, 4.84899999265e-07, 4.02984028369e-08, 4.30733726464e-10, 7.19194703791e-10, 3.60400598254e-10, 3.74953096349e-10, 2.22591634014e-09, 1.53388124424e-09, 5.03565134036e-10, 7.2024053388e-10, 4.92371299288e-09, 7.20191684067e-09, 8.84031692294e-09, 2.00114573801e-08, 9.32615673577e-09, 2.00059011024e-10, 1.4521588142e-12, 5.79187609331e-12, 3.69722536007e-13, 2.44577256803e-14, 4.38990173152e-14, 6.75133116323e-15, 1.85350163562e-15]
        max: [1.61937823577e-05, 0.00357943330891, 0.00723138451576, 0.00258704950102, 0.00471086194739, 0.00153846619651, 0.000154953915626, 0.000203534524189, 9.16800199775e-05, 0.000105086292024, 0.000369703542674, 0.000262473360635, 0.000174311047886, 0.000142200733535, 0.000464128737804, 0.000473370746477, 0.000452763721114, 0.000616484205239, 0.000592899159528, 7.05636557541e-05, 8.65702168085e-06, 1.62146970979e-05, 3.78448544325e-06, 9.14512213512e-07, 2.22068752009e-06, 9.79112542154e-07, 8.83486166003e-07]
        mean: [3.15656689054e-06, 0.000465074059321, 0.00198020320386, 0.000551657460164, 0.000833617174067, 4.6848643251e-05, 9.4609822554e-06, 3.10467726194e-06, 5.11748839926e-06, 3.36735661222e-06, 8.00349880592e-06, 4.99186762681e-06, 2.84044563159e-06, 2.47137745646e-06, 5.22256004842e-06, 8.00231919129e-06, 7.35721368983e-06, 1.38219311339e-05, 7.03631258148e-06, 1.95465122488e-06, 3.02144508169e-06, 4.95412905366e-06, 9.96108269646e-07, 1.51624249156e-07, 6.24208894351e-07, 2.09728952427e-07, 6.55542464756e-09]
        min: [5.25173689259e-11, 9.52692236211e-09, 2.02810515049e-08, 1.59103947794e-08, 1.18752936373e-08, 1.5529767472e-09, 1.37591038563e-09, 8.83959086484e-11, 8.12162115338e-10, 5.91217019785e-10, 2.79589462693e-10, 2.26288127125e-10, 2.89688245614e-10, 3.08143455197e-10, 1.62746108257e-10, 1.61070212723e-09, 1.01653607754e-09, 1.53926671409e-09, 5.97449414386e-08, 1.7768871885e-07, 5.08563118728e-07, 2.70226365728e-07, 2.96025319813e-08, 1.55010901892e-08, 5.38158246854e-08, 2.57490455624e-08, 1.55008117453e-10]
        var: [1.70685496986e-11, 2.49793828289e-07, 3.53893437932e-06, 3.42809983067e-07, 9.46600380303e-07, 1.13887228537e-08, 5.37262845324e-10, 1.78325035294e-10, 1.62581489938e-10, 9.8819966099e-11, 6.55522858217e-10, 3.82044423874e-10, 1.6734637287e-10, 1.46058706796e-10, 1.00571673212e-09, 1.53630164146e-09, 1.7154805354e-09, 4.36336522469e-09, 1.75309589068e-09, 3.7655153301e-11, 1.99531710598e-12, 6.35386014636e-12, 2.76371834489e-13, 1.18036040198e-14, 7.17685053097e-14, 7.2588572116e-15, 1.80298840229e-15]
    mfcc:
        mean: [-937.331787109, 91.1038513184, 68.7761154175, 86.0822601318, -7.26277160645, 33.4679260254, 8.50671768188, 11.8452281952, 2.54927706718, -16.4713115692, -2.86068272591, -14.5920734406, -2.09982800484]
        cov: [[8853.66894531, 5585.49804688, -893.100769043, -533.742919922, 858.10144043, 84.1764221191, 126.717704773, 408.253234863, -197.737838745, -496.820404053, -354.052398682, -374.024383545, -66.2984771729], [5585.49804688, 4226.78369141, 283.044311523, -138.930358887, 414.730560303, 214.569137573, 195.235031128, 240.594894409, -149.4949646, -408.657592773, -348.12097168, -285.407623291, -27.6154613495], [-893.100769043, 283.044311523, 1846.86572266, 582.244445801, -275.530334473, 213.617492676, 167.755462646, -67.8230743408, 26.3395805359, 10.0117349625, -90.968170166, 36.2216110229, 7.24976825714], [-533.742919922, -138.930358887, 582.244445801, 429.100372314, 30.9937877655, 37.124546051, 19.2017307281, -9.51994609833, 49.4980659485, 52.5834732056, 21.8762893677, 31.4400787354, 21.5051689148], [858.10144043, 414.730560303, -275.530334473, 30.9937877655, 307.464752197, 28.9428424835, -9.18411922455, 59.7761802673, 5.48482227325, -2.46631646156, 1.27533459663, -18.2876605988, -11.9070863724], [84.1764221191, 214.569137573, 213.617492676, 37.124546051, 28.9428424835, 180.544815063, 90.5697174072, -17.6267814636, -38.3116722107, -49.9926376343, -23.7925720215, -11.6615839005, 10.3570537567], [126.717704773, 195.235031128, 167.755462646, 19.2017307281, -9.18411922455, 90.5697174072, 122.871429443, 28.0533981323, -39.9519577026, -34.893611908, -31.4646835327, -11.7410831451, -3.96078014374], [408.253234863, 240.594894409, -67.8230743408, -9.51994609833, 59.7761802673, -17.6267814636, 28.0533981323, 97.970085144, 41.7739715576, 0.886225044727, -13.7960414886, -26.509563446, -17.2703342438], [-197.737838745, -149.4949646, 26.3395805359, 49.4980659485, 5.48482227325, -38.3116722107, -39.9519577026, 41.7739715576, 144.285049438, 88.7886734009, 41.2759628296, -2.77725172043, -16.8523597717], [-496.820404053, -408.657592773, 10.0117349625, 52.5834732056, -2.46631646156, -49.9926376343, -34.893611908, 0.886225044727, 88.7886734009, 153.281814575, 88.5531387329, 45.7324676514, -12.9613828659], [-354.052398682, -348.12097168, -90.968170166, 21.8762893677, 1.27533459663, -23.7925720215, -31.4646835327, -13.7960414886, 41.2759628296, 88.5531387329, 120.010040283, 60.957408905, -4.3528137207], [-374.024383545, -285.407623291, 36.2216110229, 31.4400787354, -18.2876605988, -11.6615839005, -11.7410831451, -26.509563446, -2.77725172043, 45.7324676514, 60.957408905, 84.177696228, 11.6341581345], [-66.2984771729, -27.6154613495, 7.24976825714, 21.5051689148, -11.9070863724, 10.3570537567, -3.96078014374, -17.2703342438, -16.8523597717, -12.9613828659, -4.3528137207, 11.6341581345, 54.2107048035]]
        icov: [[0.00221002916805, -0.00289720436558, 0.000659267418087, 0.000872081087437, -0.00181197049096, 0.00175692280754, -0.000190165883396, -0.000549793185201, 0.000653641996905, 0.000156037785928, -0.00176710006781, 0.000266005285084, -8.83356406121e-05], [-0.00289720436558, 0.0046674516052, -0.00230486108921, 0.000829134893138, -6.78062569932e-05, -0.00105803145561, 0.000134912552312, -0.000468752929009, -0.000506894430146, 0.00183627684601, 0.000582556938753, 0.00208161631599, -0.0012569767423], [0.000659267418087, -0.00230486108921, 0.005632114131, -0.00707498099655, 0.00700601609424, -0.00516476901248, 0.000253774254816, 0.00130027206615, -0.000679643475451, -0.00487924320623, 0.00749785499647, -0.00695713609457, 0.00536115374416], [0.000872081087437, 0.000829134893138, -0.00707498099655, 0.0131368711591, -0.0117067983374, 0.00848103687167, -0.00222900300287, -0.000516771455295, -0.00063327641692, 0.00636240653694, -0.0106978816912, 0.00844574347138, -0.00864260084927], [-0.00181197049096, -6.78062569932e-05, 0.00700601609424, -0.0117067983374, 0.0176458451897, -0.013196949847, 0.0066006751731, -0.00393329747021, 0.002236494096, -0.00952766649425, 0.0119308978319, -0.00980919227004, 0.00856327265501], [0.00175692280754, -0.00105803145561, -0.00516476901248, 0.00848103687167, -0.013196949847, 0.0227173529565, -0.015900682658, 0.0106668174267, -0.00556368008256, 0.0110329389572, -0.0126189319417, 0.00876892264932, -0.00805315189064], [-0.000190165883396, 0.000134912552312, 0.000253774254816, -0.00222900300287, 0.0066006751731, -0.015900682658, 0.027969321236, -0.0191690083593, 0.0131256124005, -0.00728395581245, 0.00429905159399, -0.00187147292309, 0.00419641844928], [-0.000549793185201, -0.000468752929009, 0.00130027206615, -0.000516771455295, -0.00393329747021, 0.0106668174267, -0.0191690083593, 0.0311624184251, -0.0157414674759, 0.00469057168812, 0.00117617100477, -0.000723800272681, 0.00122295774054], [0.000653641996905, -0.000506894430146, -0.000679643475451, -0.00063327641692, 0.002236494096, -0.00556368008256, 0.0131256124005, -0.0157414674759, 0.021816926077, -0.0109172854573, -0.00204132124782, 0.00628863181919, 0.00104000081774], [0.000156037785928, 0.00183627684601, -0.00487924320623, 0.00636240653694, -0.00952766649425, 0.0110329389572, -0.00728395581245, 0.00469057168812, -0.0109172854573, 0.0255837719887, -0.0153774078935, 0.00389887206256, -0.00333200767636], [-0.00176710006781, 0.000582556938753, 0.00749785499647, -0.0106978816912, 0.0119308978319, -0.0126189319417, 0.00429905159399, 0.00117617100477, -0.00204132124782, -0.0153774078935, 0.0342676118016, -0.0212159324437, 0.0100904004648], [0.000266005285084, 0.00208161631599, -0.00695713609457, 0.00844574347138, -0.00980919227004, 0.00876892264932, -0.00187147292309, -0.000723800272681, 0.00628863181919, 0.00389887206256, -0.0212159324437, 0.0335610769689, -0.0112503925338], [-8.83356406121e-05, -0.0012569767423, 0.00536115374416, -0.00864260084927, 0.00856327265501, -0.00805315189064, 0.00419641844928, 0.00122295774054, 0.00104000081774, -0.00333200767636, 0.0100904004648, -0.0112503925338, 0.027276661247]]
    spectral_contrast:
        mean: [8.62672038693e-07, 5.42754108324e-08, -1.89468096323e-07, 2.07572824706e-07, -1.23382989159e-07, -7.25051876316e-08, -2.1281066438e-06, 7.91555157775e-06, -9.19939736832e-07, -4.05118407798e-06, 2.04477055377e-06, 5.06639480591e-07]
        var: [0.000294511555694, 0.000739361217711, 0.00119248509873, 0.0019982161466, 0.00375713245012, 0.00722770066932, 0.0463939905167, 0.0664577335119, 0.108545586467, 0.24325864017, 1.30960869789, 6.75570631027]

rhythm:
    beats_loudness:
        dmean: 0.00120677775703
        dmean2: 0.00201809336431
        dvar: 1.71889928424e-06
        dvar2: 2.82001019514e-06
        max: 0.0081013571471
        mean: 0.00347311305813
        min: 6.92458706908e-06
        var: 6.56173415337e-06
    beats_loudness_bass:
        dmean: 0.179738536477
        dmean2: 0.257745742798
        dvar: 0.037904959172
        dvar2: 0.058360721916
        max: 0.976607501507
        mean: 0.594537615776
        min: 0.0560636930168
        var: 0.0823885053396
    bpm: 120.287101746
    bpm_confidence: 0
    first_peak_bpm: 130
    first_peak_spread: 0
    first_peak_weight: 0.600000023842
    onset_rate: 3.88793945312
    second_peak_bpm: 120
    second_peak_spread: 0.125
    second_peak_weight: 0.34999999404
    beats_position: [0.0350361727178, 0.496495842934, 0.957955420017, 1.41941511631, 1.880874753, 2.3423345089, 2.80379414558, 3.26525402069, 3.72671365738, 4.18817329407, 4.64963340759, 5.11109304428, 5.57255268097, 6.06579208374, 6.56459999084, 7.06340742111, 7.56221485138, 8.06102275848, 8.55982971191, 9.05863761902, 9.55744457245]
    bpm_estimates: [120.645591736, 120.193283081, 120.260810852, 120.166351318, 120.235336304, 120.221260071]
    bpm_intervals: [0.461459666491, 0.461459577084, 0.461459696293, 0.461459636688, 0.461459755898, 0.461459636688, 0.461459875107, 0.461459636688, 0.461459636688, 0.461460113525, 0.461459636688, 0.461459636688, 0.493239402771, 0.498807907104, 0.498807430267, 0.498807430267, 0.498807907104, 0.49880695343, 0.498807907104, 0.49880695343]
    onset_times: [0.0464399084449, 0.359909296036, 0.615328788757, 0.847528338432, 1.14938771725, 2.79800462723, 3.1811337471, 3.29723358154, 3.42494320869, 3.83129262924, 3.95900225639, 4.37696123123, 4.43501138687, 4.46984148026, 4.57433128357, 4.841360569, 5.16644001007, 5.20126962662, 5.4334692955, 5.51473903656, 5.66566896439, 6.04879808426, 6.26938772202, 6.59446716309, 6.78022670746, 6.82666683197, 7.07047605515, 7.31428575516, 7.55809545517, 7.72063493729, 7.80190467834, 8.18503379822, 8.57977294922, 9.13705253601, 9.21832180023, 9.25315189362, 9.45052146912, 9.5666217804, 10.0194101334]
    rubato_start: []
    rubato_stop: []
    perceptual_tempo: "unknown"

sfx:
    inharmonicity:
        dmean: 0.0365567095578
        dmean2: 0.0666734054685
        dvar: 0.00357747031376
        dvar2: 0.0115948067978
        max: 0.377958625555
        mean: 0.0384834297001
        min: 0
        var: 0.004128374625
    oddtoevenharmonicenergyratio:
        dmean: 2.14476156235
        dmean2: 4.13390350342
        dvar: 115.554946899
        dvar2: 346.609771729
        max: 153.152648926
        mean: 1.53827607632
        min: 0
        var: 59.3987808228
    pitch_after_max_to_before_max_energy_ratio: 36.0750083923
    pitch_centroid: 90.7449188232
    pitch_max_to_total: 0.00694444449618
    pitch_min_to_total: 0.979166686535
    tristimulus:
        dmean: [0.162147715688, 0.204889714718, 0.102302379906]
        dmean2: [0.296673029661, 0.372253298759, 0.180973500013]
        dvar: [0.0488079600036, 0.0589306466281, 0.0362616926432]
        dvar2: [0.12250187248, 0.145602196455, 0.100860260427]
        max: [1, 0.977617204189, 0.872201025486]
        mean: [0.499775290489, 0.333034008741, 0.135904043913]
        min: [0.0155896702781, 0, 0]
        var: [0.125705510378, 0.0843371376395, 0.05865226686]

tonal:
    chords_changes_rate: 0.0414746552706
    chords_number_rate: 0.0276497695595
    chords_strength:
        dmean: 0.00923302397132
        dmean2: 0.00724779162556
        dvar: 5.32234807906e-05
        dvar2: 4.84697120555e-05
        max: 0.653783977032
        mean: 0.489889413118
        min: 0.307786643505
        var: 0.00873594172299
    key_strength: 0.667021453381
    tuning_diatonic_strength: 0.519183754921
    tuning_equal_tempered_deviation: 0.107462897897
    tuning_frequency: 440.508575439
    tuning_nontempered_energy_ratio: 0.788796544075
    hpcp:
        dmean: [0.0406701155007, 0.0394511967897, 0.0527336448431, 0.0752275660634, 0.0887426063418, 0.0942831933498, 0.0609926693141, 0.101765535772, 0.161996766925, 0.124802693725, 0.137168779969, 0.092509791255, 0.0852700993419, 0.0940420478582, 0.0740890875459, 0.0680034011602, 0.0744523108006, 0.0603826344013, 0.0434970110655, 0.0344201549888, 0.0288427993655, 0.0284941587597, 0.0301177538931, 0.039978928864, 0.0415152236819, 0.0260690785944, 0.0194119531661, 0.0300744567066, 0.055795699358, 0.100906133652, 0.11410921067, 0.0937299579382, 0.0696366429329, 0.0416595749557, 0.0238570477813, 0.0412497483194]
        dmean2: [0.0771041959524, 0.0741979181767, 0.0869290828705, 0.132506504655, 0.149040132761, 0.173064962029, 0.107710368931, 0.184473052621, 0.287587106228, 0.23639626801, 0.24600237608, 0.166273698211, 0.161223992705, 0.177075818181, 0.122430898249, 0.105003528297, 0.123893037438, 0.09606000036, 0.0724390670657, 0.0612069368362, 0.0491679571569, 0.0503698699176, 0.0569570958614, 0.0729412063956, 0.0693448334932, 0.0465901531279, 0.0362557545304, 0.0565119273961, 0.100076921284, 0.171565517783, 0.188897356391, 0.157900482416, 0.12479814142, 0.0744314566255, 0.043001960963, 0.0791103094816]
        dvar: [0.0138427810743, 0.014782410115, 0.0170414671302, 0.0330590233207, 0.0294215939939, 0.0376558601856, 0.0186193492264, 0.0361878424883, 0.0523601956666, 0.0667906478047, 0.0384974516928, 0.033460136503, 0.0399477891624, 0.0470404103398, 0.0269637927413, 0.018816081807, 0.0241203196347, 0.0181998629123, 0.0105655379593, 0.00785013567656, 0.00614856975153, 0.00582564435899, 0.00853918027133, 0.0140488790348, 0.00970723852515, 0.00354044395499, 0.00273328693584, 0.0109419291839, 0.0192360654473, 0.0272908415645, 0.0435869023204, 0.0245509408414, 0.0325846038759, 0.0140604292974, 0.00309379934333, 0.0182280223817]
        dvar2: [0.0398655235767, 0.0431168340147, 0.0454294085503, 0.0736283361912, 0.0703858584166, 0.106613099575, 0.0478291623294, 0.10055898875, 0.145890235901, 0.175203084946, 0.112110212445, 0.0919923186302, 0.120608739555, 0.139032840729, 0.0640554949641, 0.0487900711596, 0.0651916489005, 0.0462023019791, 0.0271423496306, 0.0235096178949, 0.0169993191957, 0.0167306605726, 0.0252723544836, 0.0398985855281, 0.0250891037285, 0.00972189102322, 0.00792917236686, 0.0320223122835, 0.0524557642639, 0.0639540553093, 0.0876572355628, 0.0577011629939, 0.079187259078, 0.0362296439707, 0.0086042098701, 0.0534833371639]
        max: [0.683703005314, 0.800785839558, 1, 1, 1, 1, 1, 1, 1, 1, 1, 1, 1, 1, 1, 1, 1, 1, 0.872966766357, 0.862099587917, 0.637638926506, 0.611041069031, 0.813883423805, 1, 1, 0.437414646149, 0.388959348202, 1, 0.960476458073, 1, 1, 1, 1, 0.7817684412, 0.377600461245, 1]
        mean: [0.0326743684709, 0.0330797731876, 0.0898350253701, 0.185332387686, 0.163610100746, 0.0936782583594, 0.127253934741, 0.146172136068, 0.293234378099, 0.440565615892, 0.269571721554, 0.105073682964, 0.0925261229277, 0.0962180495262, 0.114583194256, 0.134933486581, 0.119583070278, 0.094739176333, 0.0681051462889, 0.0331993252039, 0.0231560319662, 0.0219599604607, 0.0220548715442, 0.0369070917368, 0.042105730623, 0.0240976177156, 0.0151090808213, 0.023159712553, 0.0415507145226, 0.136263787746, 0.222635775805, 0.152969002724, 0.0665640309453, 0.038490138948, 0.0240489896387, 0.0313627868891]
        min: [5.85961970501e-06, 2.05663545785e-05, 9.10894686967e-06, 1.187896396e-05, 2.78520637949e-05, 1.05317058114e-05, 9.81428456726e-06, 1.35580039569e-05, 1.17773861348e-05, 1.42592361954e-05, 2.03665094887e-05, 1.23021500258e-05, 1.18134375953e-05, 1.78796999535e-05, 2.17334309127e-05, 2.75865768344e-05, 2.32299444178e-05, 1.81670093298e-05, 8.60653199197e-06, 3.99466716772e-06, 6.14056261838e-07, 6.78251353747e-07, 5.82639086133e-06, 2.11115752791e-06, 1.67120163042e-06, 2.56268299381e-06, 9.19082083328e-07, 2.03305739888e-06, 1.56242572302e-06, 1.89581032828e-06, 2.25276176025e-06, 1.81181749213e-05, 1.78929276444e-05, 2.26660313274e-06, 3.72453632735e-06, 4.73820091429e-06]
        var: [0.00884092599154, 0.0090928832069, 0.0284683182836, 0.115191094577, 0.0714624598622, 0.0306866522878, 0.069845482707, 0.0755468904972, 0.0855497196317, 0.205005392432, 0.076050825417, 0.0464990511537, 0.0459599643946, 0.0479562617838, 0.0559597164392, 0.0696807354689, 0.0614843554795, 0.0466071404517, 0.0261114928871, 0.00840871222317, 0.00546703254804, 0.00474746711552, 0.00502377701923, 0.0105309104547, 0.0114734768867, 0.00309253018349, 0.00181067804806, 0.00611419277266, 0.013202553615, 0.0403353907168, 0.106508612633, 0.0473837442696, 0.028021922335, 0.0122340135276, 0.00294535397552, 0.0103885661811]
    chords_histogram: [31.7972354889, 0, 11.0599079132, 0, 0, 9.67741966248, 0, 4.14746522903, 0, 30.4147472382, 0, 0, 0, 0, 0, 0, 0, 0, 0, 0, 12.4423961639, 0, 0.460829496384, 0]
    thpcp: [1, 0.611876428127, 0.238497242332, 0.210016667843, 0.218396633863, 0.260082006454, 0.306273311377, 0.271430790424, 0.215039879084, 0.154585704207, 0.0753561407328, 0.0525597818196, 0.0498449243605, 0.0500603541732, 0.0837720632553, 0.0955719873309, 0.0546969994903, 0.0342947356403, 0.0525681339204, 0.0943122059107, 0.309292823076, 0.50534081459, 0.347210496664, 0.151087671518, 0.0873652845621, 0.054586622864, 0.0711875483394, 0.0741645917296, 0.0750847831368, 0.203908383846, 0.420669198036, 0.371363759041, 0.21263179183, 0.288842171431, 0.331782907248, 0.665586173534]
    chords_key: "C"
    chords_scale: "minor"
    key_key: "C"
    key_scale: "minor"
    chords_progression: ["G", "G", "G", "G", "G", "G", "G", "G", "G", "G", "G", "G", "G", "G", "G", "G", "G", "G", "G", "G", "G", "G", "G", "G", "G", "G", "G", "G", "G", "G", "G", "G", "G", "G", "G", "G", "G", "G", "G", "G", "G", "G", "G", "G", "G", "G", "G", "G", "G", "G", "G", "G", "G", "G", "G", "G", "G", "G", "G", "G", "G", "G", "G", "G", "G", "G", "Cm", "Cm", "Cm", "Cm", "Cm", "Cm", "Cm", "Cm", "Cm", "Cm", "Cm", "Cm", "Cm", "Cm", "Cm", "Cm", "Cm", "Cm", "Cm", "Cm", "Cm", "Cm", "Cm", "Cm", "Cm", "Cm", "F", "F", "F", "F", "C", "C", "C", "C", "C", "C", "C", "C", "C", "F", "F", "F", "Gm", "Gm", "Gm", "Gm", "Gm", "Gm", "Gm", "Gm", "Gm", "Gm", "Gm", "Gm", "Gm", "Gm", "Gm", "Gm", "Gm", "Gm", "Gm", "Gm", "Gm", "Gm", "Gm", "Gm", "Cm", "Cm", "Cm", "Cm", "Cm", "Cm", "Cm", "Cm", "Cm", "Cm", "Cm", "Cm", "Cm", "Cm", "Cm", "Cm", "Cm", "Cm", "Cm", "Cm", "Cm", "Cm", "Cm", "Cm", "Cm", "Cm", "Cm", "Cm", "Cm", "Cm", "Cm", "Cm", "Cm", "Cm", "Cm", "Cm", "Cm", "Cm", "Cm", "Cm", "Cm", "Cm", "Cm", "Fm", "F", "F", "F", "F", "F", "F", "F", "F", "F", "F", "F", "F", "F", "F", "A#m", "A#m", "A#m", "A#m", "A#m", "A#m", "A#m", "A#m", "A#m", "A#m", "A#m", "A#m", "A#m", "A#m", "A#m", "A#m", "A#m", "A#m", "A#m", "A#m", "A#m", "A#m", "A#m", "A#m", "A#m", "A#m", "A#m"]
