
metadata:
    version:
        essentia: "1.2.2"
    audio_properties:
        analysis_sample_rate: 44100
        bitrate: 128
        channels: 2
        equal_loudness: 1
        length: 10.2138776779
        replay_gain: -7.94904518127
        downmix: "mix"
    tags:
        track: 34
        year: 0
        album: "Splitted by Mp3Splt v. 2.1"
        artist: "From 005.30 To 005.40"
        comment: "http://mp3splt.sf.net"
        genre: ""
        title: "06 Track 6.mp3"

highlevel:
    ballroom:
        all:
            ChaChaCha: 0.0956700444221
            Jive: 0.621255517006
            Quickstep: 0.0520527437329
            Rumba-American: 0.00164820742793
            Rumba-International: 0.00184329180047
            Rumba-Misc: 0.00137684342917
            Samba: 0.203607544303
            Tango: 0.00251098908484
            VienneseWaltz: 0.0167366918176
            Waltz: 0.00329812080599
        probability: 0.621255517006
        value: "Jive"
    culture:
        all:
            non_western: 0.0108862407506
            western: 0.989113748074
        probability: 0.989113748074
        value: "western"
    gender:
        all:
            female: 0.451867282391
            male: 0.548132717609
        probability: 0.548132717609
        value: "male"
    genre_dortmund:
        all:
            alternative: 0.067594230175
            blues: 0.147109910846
            electronic: 0.0483086742461
            folkcountry: 0.131722375751
            funksoulrnb: 0.101506650448
            jazz: 0.0991540104151
            pop: 0.070633135736
            raphiphop: 0.00979377888143
            rock: 0.324177235365
        probability: 0.324177235365
        value: "rock"
    genre_electronica:
        all:
            ambient: 0.100479267538
            dnb: 0.503228008747
            house: 0.0204978082329
            techno: 0.0415185205638
            trance: 0.334276407957
        probability: 0.503228008747
        value: "dnb"
    genre_rosamerica:
        all:
            cla: 0.0566002950072
            dan: 0.105567134917
            hip: 0.0629281923175
            jaz: 0.0211209729314
            pop: 0.0899152159691
            rhy: 0.0325976088643
            roc: 0.626233458519
            spe: 0.00503709353507
        probability: 0.626233458519
        value: "roc"
    genre_tzanetakis:
        all:
            blu: 0.00913992617279
            cla: 0.00423106737435
            cou: 0.0938709676266
            dis: 0.236523091793
            hip: 0.0404033027589
            jaz: 0.0605809614062
            met: 0.112315051258
            pop: 0.0384350940585
            reg: 0.00336062139831
            roc: 0.401139914989
        probability: 0.401139914989
        value: "roc"
    live_studio:
        all:
            live: 0.655579805374
            studio: 0.344420194626
        probability: 0.655579805374
        value: "live"
    mood:
        all:
            Cluster1: 0.327575474977
            Cluster2: 0.24473926425
            Cluster3: 0.0333984196186
            Cluster4: 0.176201090217
            Cluster5: 0.218085736036
        probability: 0.327575474977
        value: "Cluster1"
    mood_acoustic:
        all:
            acoustic: 0.00856159348041
            not_acoustic: 0.991438388824
        probability: 0.991438388824
        value: "not_acoustic"
    mood_aggressive:
        all:
            aggressive: 0.856383085251
            not_aggressive: 0.14361692965
        probability: 0.856383085251
        value: "aggressive"
    mood_electronic:
        all:
            electronic: 0.417337954044
            not_electronic: 0.582662045956
        probability: 0.582662045956
        value: "not_electronic"
    mood_happy:
        all:
            happy: 0.538735747337
            not_happy: 0.461264282465
        probability: 0.538735747337
        value: "happy"
    mood_party:
        all:
            not_party: 0.300103247166
            party: 0.699896752834
        probability: 0.699896752834
        value: "party"
    mood_relaxed:
        all:
            not_relaxed: 0.944712042809
            relaxed: 0.0552879758179
        probability: 0.944712042809
        value: "not_relaxed"
    mood_sad:
        all:
            not_sad: 0.93998414278
            sad: 0.0600158572197
        probability: 0.93998414278
        value: "not_sad"
    rhythm:
        all:
            fast: 0.963320434093
            medium: 0.0327771678567
            slow: 0.00390239106491
        probability: 0.963320434093
        value: "fast"
    speech_music:
        all:
            music: 0.999184608459
            speech: 0.000815405801404
        probability: 0.999184608459
        value: "music"
    timbre:
        all:
            bright: 0.612343072891
            dark: 0.387656897306
        probability: 0.612343072891
        value: "bright"
    voice_instrumental:
        all:
            instrumental: 0.339646846056
            voice: 0.660353183746
        probability: 0.660353183746
        value: "voice"

lowlevel:
    average_loudness: 0.97393143177
    barkbands_kurtosis:
        dmean: 0.610133707523
        dmean2: 0.996057331562
        dvar: 0.480712294579
        dvar2: 1.23813354969
        max: 4.89485740662
        mean: -0.694300591946
        min: -1.79062235355
        var: 1.0298204422
    barkbands_skewness:
        dmean: 0.434565156698
        dmean2: 0.701065719128
        dvar: 0.147057518363
        dvar2: 0.373450696468
        max: 1.50920832157
        mean: -0.422131627798
        min: -2.2222533226
        var: 0.431938260794
    barkbands_spread:
        dmean: 5.81526136398
        dmean2: 9.04522609711
        dvar: 27.8121376038
        dvar2: 64.44947052
        max: 53.6413383484
        mean: 29.9149494171
        min: 13.4478292465
        var: 79.5430145264
    dissonance:
        dmean: 0.0155766559765
        dmean2: 0.0262194331735
        dvar: 0.000218365792534
        dvar2: 0.000589971139561
        max: 0.498445481062
        mean: 0.473358780146
        min: 0.400275588036
        var: 0.000292084820103
    hfc:
        dmean: 2.78042054176
        dmean2: 4.20942401886
        dvar: 8.46161174774
        dvar2: 18.0913486481
        max: 28.9180583954
        mean: 9.63082122803
        min: 1.92133802557e-06
        var: 29.5628433228
    pitch:
        dmean: 736.621032715
        dmean2: 1424.84289551
        dvar: 1364098.625
        dvar2: 3134507.25
        max: 4009.09082031
        mean: 958.205383301
        min: 98.2182617188
        var: 1416004.25
    pitch_instantaneous_confidence:
        dmean: 0.0974530205131
        dmean2: 0.15324562788
        dvar: 0.00687375664711
        dvar2: 0.0161618664861
        max: 0.855132579803
        mean: 0.468367516994
        min: 0.0675873160362
        var: 0.0273462831974
    pitch_salience:
        dmean: 0.0691458880901
        dmean2: 0.113619305193
        dvar: 0.00303442170843
        dvar2: 0.00826982501894
        max: 0.941480815411
        mean: 0.613079428673
        min: 0.310392588377
        var: 0.0079100523144
    silence_rate_20dB:
        dmean: 0
        dmean2: 0
        dvar: 0
        dvar2: 0
        max: 1
        mean: 1
        min: 1
        var: 0
    silence_rate_30dB:
        dmean: 0
        dmean2: 0
        dvar: 0
        dvar2: 0
        max: 1
        mean: 1
        min: 1
        var: 0
    silence_rate_60dB:
        dmean: 0.131818175316
        dmean2: 0.261958986521
        dvar: 0.114442035556
        dvar2: 0.211558893323
        max: 1
        mean: 0.351473927498
        min: 0
        var: 0.227940291166
    spectral_centroid:
        dmean: 323.577880859
        dmean2: 534.198120117
        dvar: 86134.7734375
        dvar2: 210603.5
        max: 3276.21459961
        mean: 2093.53686523
        min: 763.115234375
        var: 223301.625
    spectral_complexity:
        dmean: 3.73348522186
        dmean2: 5.76940631866
        dvar: 11.6897935867
        dvar2: 26.3189163208
        max: 35
        mean: 14.1181821823
        min: 0
        var: 31.6632785797
    spectral_crest:
        dmean: 2.32657074928
        dmean2: 3.91276454926
        dvar: 4.52082109451
        dvar2: 12.3216848373
        max: 20.0486488342
        mean: 7.29190301895
        min: 2.84463214874
        var: 9.16529083252
    spectral_decrease:
        dmean: 3.66909780336e-10
        dmean2: 5.857950236e-10
        dvar: 3.50870913143e-19
        dvar2: 9.16935395882e-19
        max: -4.75211582612e-16
        mean: -9.98937932373e-10
        min: -4.96748553402e-09
        var: 4.29891787253e-19
    spectral_energy:
        dmean: 0.00160972110461
        dmean2: 0.00253295106813
        dvar: 5.89436331211e-06
        dvar2: 1.51443473442e-05
        max: 0.0212491024286
        mean: 0.00464376574382
        min: 1.96783234152e-09
        var: 8.33206831885e-06
    spectral_energyband_high:
        dmean: 0.000167839461938
        dmean2: 0.000266086484771
        dvar: 4.52287309827e-08
        dvar2: 1.02902006915e-07
        max: 0.00184420158621
        mean: 0.000366775289876
        min: 1.00741401332e-10
        var: 9.16877098689e-08
    spectral_energyband_low:
        dmean: 0.000177369322046
        dmean2: 0.000302170577925
        dvar: 9.57982564387e-08
        dvar2: 2.42198126443e-07
        max: 0.00156891625375
        mean: 0.000148228718899
        min: 2.84919365878e-10
        var: 7.87997649354e-08
    spectral_energyband_middle_high:
        dmean: 0.000853148463648
        dmean2: 0.00130518444348
        dvar: 8.09783443856e-07
        dvar2: 1.76146556896e-06
        max: 0.00989008136094
        mean: 0.00300614489242
        min: 6.03311567371e-10
        var: 3.67145776181e-06
    spectral_energyband_middle_low:
        dmean: 0.000785484677181
        dmean2: 0.00134234083816
        dvar: 3.77884475711e-06
        dvar2: 1.04225764517e-05
        max: 0.0145205669105
        mean: 0.00112260738388
        min: 9.31309140917e-10
        var: 2.7807918741e-06
    spectral_flatness_db:
        dmean: 0.0148171419278
        dmean2: 0.023969957605
        dvar: 0.000181382507435
        dvar2: 0.000448859587777
        max: 0.232564374804
        mean: 0.140309751034
        min: 0.0543518811464
        var: 0.000550152908545
    spectral_flux:
        dmean: 0.00971495173872
        dmean2: 0.01449568104
        dvar: 0.000127233273815
        dvar2: 0.000258825864876
        max: 0.115970745683
        mean: 0.0444894097745
        min: 4.4360254833e-05
        var: 0.000269863783615
    spectral_kurtosis:
        dmean: 0.929156541824
        dmean2: 1.5570255518
        dvar: 0.720038831234
        dvar2: 2.07778143883
        max: 7.90207195282
        mean: 2.78334927559
        min: 0.0689482688904
        var: 2.12176895142
    spectral_rms:
        dmean: 0.00034198249341
        dmean2: 0.000510315876454
        dvar: 1.62499617318e-07
        dvar2: 3.94431367567e-07
        max: 0.00455311220139
        mean: 0.0020375396125
        min: 1.38558164053e-06
        var: 3.78931957812e-07
    spectral_rolloff:
        dmean: 334.475616455
        dmean2: 568.269897461
        dvar: 131483.078125
        dvar2: 338136.34375
        max: 5813.96484375
        mean: 3550.29052734
        min: 1571.92382812
        var: 268929.40625
    spectral_skewness:
        dmean: 0.161502182484
        dmean2: 0.266256302595
        dvar: 0.0205252896994
        dvar2: 0.0489885956049
        max: 2.25032258034
        mean: 1.18273603916
        min: 0.531161189079
        var: 0.0691663101315
    spectral_spread:
        dmean: 458111.75
        dmean2: 641709.125
        dvar: 659109183488
        dvar2: 811242029056
        max: 19947952
        mean: 4674456.5
        min: 2791458
        var: 1.31877332582e+12
    spectral_strongpeak:
        dmean: 0.749028801918
        dmean2: 1.25680017471
        dvar: 0.824218332767
        dvar2: 1.88791716099
        max: 7.0908703804
        mean: 1.31771945953
        min: 0
        var: 2.06811928749
    zerocrossingrate:
        dmean: 0.0083430474624
        dmean2: 0.0106307081878
        dvar: 5.72654098505e-05
        dvar2: 8.80119259818e-05
        max: 0.1611328125
        mean: 0.113859422505
        min: 0.05517578125
        var: 0.000340270024026
    barkbands:
        dmean: [4.80823246107e-07, 4.4139505917e-05, 0.000147795522935, 0.000187232493772, 0.00042623837362, 0.000121816876344, 9.76474984782e-05, 2.8633605325e-05, 8.41342334752e-05, 0.000304030603729, 8.56047918205e-05, 6.05676068517e-05, 7.40420873626e-05, 6.08589980402e-05, 5.57013663638e-05, 7.13601475582e-05, 0.000244996452238, 0.000281752640149, 0.000329978647642, 0.000138483679621, 9.99212134047e-05, 3.89320557588e-05, 1.6809139197e-05, 2.96714279102e-06, 7.13561291832e-07, 2.43820679202e-08, 3.05085456898e-10]
        dmean2: [7.05272270807e-07, 7.1976086474e-05, 0.000263920752332, 0.000314846605761, 0.000783495546784, 0.00020015440532, 0.000161078147357, 5.03590817971e-05, 0.000133118883241, 0.000477836205391, 0.000138816554681, 9.81671837508e-05, 0.000124712678371, 0.00010283071606, 8.90567534952e-05, 0.000114158057841, 0.000405575206969, 0.000449023587862, 0.000530876743142, 0.000225551993935, 0.00016316852998, 5.86932328588e-05, 2.46288363996e-05, 4.15282647737e-06, 9.95865320874e-07, 3.47195445727e-08, 5.46377276756e-10]
        dvar: [4.48348714925e-13, 5.65481661496e-09, 7.08443508302e-08, 2.49605278668e-07, 1.95132270164e-06, 4.1780467086e-08, 2.76072533723e-08, 2.61410937341e-09, 2.82637806492e-08, 3.32916584966e-07, 4.23014867579e-08, 2.44314790621e-08, 2.47093243644e-08, 8.59844462298e-09, 4.79298378764e-09, 5.76983349987e-09, 8.84982398475e-08, 1.28251784304e-07, 1.93792644154e-07, 3.38608536765e-08, 1.54496770932e-08, 3.55862006529e-09, 4.6671688736e-10, 1.63242596524e-11, 1.3190159685e-12, 9.05584735008e-16, 1.95733589924e-19]
        dvar2: [8.89128235013e-13, 1.26569768e-08, 1.90430654357e-07, 6.52552387237e-07, 5.59647378395e-06, 1.01668220509e-07, 7.07503815534e-08, 7.54864259989e-09, 6.17910416167e-08, 7.72938619775e-07, 1.07399081628e-07, 6.37609645082e-08, 6.20190689915e-08, 2.07851957867e-08, 1.18049534592e-08, 1.45057814649e-08, 2.21726523364e-07, 3.27401238565e-07, 4.15220625882e-07, 7.81911566605e-08, 3.78751607855e-08, 8.30209945235e-09, 1.00990982244e-09, 3.13583534139e-11, 2.10001742558e-12, 1.74001764366e-15, 5.06934484777e-19]
        max: [3.87447880712e-06, 0.000377044721972, 0.00120242265984, 0.00386240240186, 0.0103599391878, 0.00227841991, 0.00157294096425, 0.000438802759163, 0.00322077353485, 0.00551126152277, 0.00264079216868, 0.00174692668952, 0.0022822835017, 0.00135609263089, 0.000970074324869, 0.000826843839604, 0.00278906407766, 0.00442313030362, 0.00485707260668, 0.00238688196987, 0.00111235189252, 0.000783244671766, 0.000198833586182, 4.87169345433e-05, 1.12762090794e-05, 3.34496263577e-07, 5.43269562669e-09]
        mean: [5.33124705271e-07, 4.36991322204e-05, 0.00010400897736, 0.000165613804711, 0.000362447550287, 0.000193638770725, 0.000131080902065, 3.99445380026e-05, 0.000151194093633, 0.000548018841073, 0.000108127482235, 7.83683572081e-05, 0.000107970758108, 8.81848682184e-05, 9.07203284441e-05, 0.000129735839437, 0.000437625218183, 0.000600080937147, 0.00071448541712, 0.000258371321252, 0.000171799096279, 7.31007821742e-05, 3.62312966899e-05, 7.19247418601e-06, 1.54875453973e-06, 4.60970532856e-08, 3.17144449591e-10]
        min: [9.37289967862e-11, 1.42885314691e-10, 9.51236867053e-11, 9.24668605573e-11, 2.28476626507e-10, 2.26792806757e-10, 1.9135047713e-10, 1.16988405074e-10, 6.37394026448e-11, 8.96649768323e-11, 1.14425587061e-10, 1.27603039246e-10, 7.07339672945e-11, 2.34343759675e-11, 1.45832859677e-11, 7.85306281809e-12, 2.76223557916e-11, 8.88817283662e-11, 4.13985443148e-11, 5.57991465533e-11, 2.98235741658e-11, 9.14022416781e-12, 6.71361750915e-12, 1.30026805295e-12, 3.05036031156e-12, 1.76871202146e-12, 6.57087990789e-13]
        var: [5.86325963909e-13, 5.72472469429e-09, 4.99726731107e-08, 1.93291853634e-07, 1.14260944883e-06, 8.26785822028e-08, 3.29166667257e-08, 2.24899521228e-09, 1.16439260012e-07, 8.84295332071e-07, 4.27644977208e-08, 2.31735732825e-08, 4.97762222551e-08, 1.49127838966e-08, 1.23299424004e-08, 9.9619059668e-09, 1.4325573261e-07, 2.88449228947e-07, 5.05677178353e-07, 7.73234702933e-08, 2.49955505183e-08, 7.85535814174e-09, 1.40925049408e-09, 6.19119477907e-11, 4.61525869605e-12, 2.55971302605e-15, 1.73411164667e-19]
    mfcc:
        mean: [-696.944335938, 83.5842056274, -53.474445343, 50.5088691711, -19.011680603, -6.44770717621, -6.79426813126, 10.6754837036, -10.8588037491, -9.25357627869, -7.64879798889, -8.71061897278, -7.09574317932]
        cov: [[2436.16845703, -458.499847412, 8.1187286377, -41.6024398804, -24.5334434509, 23.1522274017, -21.5950603485, 75.6510162354, -48.4181289673, 67.650932312, -99.1915054321, -99.39503479, -90.0929870605], [-458.499847412, 413.636749268, -61.2676086426, 89.2345275879, 40.3076324463, 15.9199199677, 42.0985603333, -14.5227594376, 45.234462738, -28.1257610321, 36.6016540527, 41.5855712891, 17.0858345032], [8.1187286377, -61.2676086426, 253.082382202, 20.6876430511, 7.85051107407, 48.0518684387, -28.1801643372, -5.22853565216, 6.26542329788, -21.3097839355, 19.8522205353, 3.74314498901, 37.1521987915], [-41.6024398804, 89.2345275879, 20.6876430511, 183.091583252, 50.1468238831, 29.6556224823, 10.2640008926, -11.4759788513, 61.4383811951, -18.7270946503, 26.2403068542, 32.0520172119, 16.2962093353], [-24.5334434509, 40.3076324463, 7.85051107407, 50.1468238831, 127.775878906, 11.1930570602, 38.633731842, -16.8248081207, 21.5201015472, 3.14180493355, 4.70429563522, 44.2446670532, 22.4281215668], [23.1522274017, 15.9199199677, 48.0518684387, 29.6556224823, 11.1930570602, 87.5599365234, 16.0286750793, 2.74283528328, 8.278465271, -21.1726150513, 1.46214675903, 3.73124289513, 14.0606327057], [-21.5950603485, 42.0985603333, -28.1801643372, 10.2640008926, 38.633731842, 16.0286750793, 133.528289795, 32.9059066772, 10.666015625, -2.4615445137, -22.8048534393, -4.21358060837, -15.1676540375], [75.6510162354, -14.5227594376, -5.22853565216, -11.4759788513, -16.8248081207, 2.74283528328, 32.9059066772, 144.43939209, 20.68491745, 52.8947181702, -1.60447406769, -21.8676662445, -13.3231067657], [-48.4181289673, 45.234462738, 6.26542329788, 61.4383811951, 21.5201015472, 8.278465271, 10.666015625, 20.68491745, 141.309814453, 25.4079780579, 8.8034734726, -6.36756420135, -29.5603370667], [67.650932312, -28.1257610321, -21.3097839355, -18.7270946503, 3.14180493355, -21.1726150513, -2.4615445137, 52.8947181702, 25.4079780579, 146.407684326, 35.8388557434, -12.8207473755, -39.8060722351], [-99.1915054321, 36.6016540527, 19.8522205353, 26.2403068542, 4.70429563522, 1.46214675903, -22.8048534393, -1.60447406769, 8.8034734726, 35.8388557434, 93.8759841919, 34.0783081055, 17.6975402832], [-99.39503479, 41.5855712891, 3.74314498901, 32.0520172119, 44.2446670532, 3.73124289513, -4.21358060837, -21.8676662445, -6.36756420135, -12.8207473755, 34.0783081055, 86.9790267944, 44.6196479797], [-90.0929870605, 17.0858345032, 37.1521987915, 16.2962093353, 22.4281215668, 14.0606327057, -15.1676540375, -13.3231067657, -29.5603370667, -39.8060722351, 17.6975402832, 44.6196479797, 120.935585022]]
        icov: [[0.000580971478485, 0.000633651798125, 0.000160895957379, -0.000339414807968, -0.000223116832785, -0.000375238771085, 0.000201146525797, -0.000235861807596, 0.000290824449621, -0.000169749939232, 0.000378617609385, 0.00025934324367, 0.000287959934212], [0.000633651798125, 0.00391520839185, 0.00124902103562, -0.00126779638231, -0.000305180699797, -0.000727934588213, -0.000707947358023, -9.98698887997e-05, -0.000434069515904, 0.000778957968578, -0.0011429884471, -0.00013543163368, 0.000115001465019], [0.000160895957379, 0.00124902103562, 0.00529632577673, -0.000202519615414, -0.00087128567975, -0.00276982178912, 0.00111891562119, -0.000287037924863, -0.000482941424707, 0.000933558039833, -0.00159038580023, 0.00127318163868, -0.00111182010733], [-0.000339414807968, -0.00126779638231, -0.000202519615414, 0.00855646189302, -0.00200668326579, -0.00143105408642, 0.00027010589838, 0.000130950575112, -0.00333808944561, 0.00170283927582, -0.00199215835892, -0.000904050713871, -0.000208037643461], [-0.000223116832785, -0.000305180699797, -0.00087128567975, -0.00200668326579, 0.013041459024, 0.000178292728378, -0.00425442866981, 0.00263446522877, -0.00139751355164, -0.00311562861316, 0.00293182930909, -0.0063436254859, -0.00172336364631], [-0.000375238771085, -0.000727934588213, -0.00276982178912, -0.00143105408642, 0.000178292728378, 0.014573328197, -0.0021090763621, -0.000456267647678, -0.000214438361581, 0.00167830649298, -0.000527783005964, 0.000466543046059, -0.000770075479522], [0.000201146525797, -0.000707947358023, 0.00111891562119, 0.00027010589838, -0.00425442866981, -0.0021090763621, 0.0107382917777, -0.00318223889917, 0.000665741681587, 0.00110527756624, 0.00179740472231, 0.000978023395874, 0.00180281652138], [-0.000235861807596, -9.98698887997e-05, -0.000287037924863, 0.000130950575112, 0.00263446522877, -0.000456267647678, -0.00318223889917, 0.00968260038644, -0.00133610295597, -0.00404836190864, 0.000878794060554, 0.000626416469458, -0.00187783036381], [0.000290824449621, -0.000434069515904, -0.000482941424707, -0.00333808944561, -0.00139751355164, -0.000214438361581, 0.000665741681587, -0.00133610295597, 0.00996203999966, -0.00119290547445, 0.000276329257758, 0.00131099915598, 0.00261480850168], [-0.000169749939232, 0.000778957968578, 0.000933558039833, 0.00170283927582, -0.00311562861316, 0.00167830649298, 0.00110527756624, -0.00404836190864, -0.00119290547445, 0.0120980599895, -0.00665478082374, 0.00193964655045, 0.00327126076445], [0.000378617609385, -0.0011429884471, -0.00159038580023, -0.00199215835892, 0.00293182930909, -0.000527783005964, 0.00179740472231, 0.000878794060554, 0.000276329257758, -0.00665478082374, 0.0178893469274, -0.00672294432297, -0.00121988449246], [0.00025934324367, -0.00013543163368, 0.00127318163868, -0.000904050713871, -0.0063436254859, 0.000466543046059, 0.000978023395874, 0.000626416469458, 0.00131099915598, 0.00193964655045, -0.00672294432297, 0.020873522386, -0.00450173858553], [0.000287959934212, 0.000115001465019, -0.00111182010733, -0.000208037643461, -0.00172336364631, -0.000770075479522, 0.00180281652138, -0.00187783036381, 0.00261480850168, 0.00327126076445, -0.00121988449246, -0.00450173858553, 0.0128204301]]
    spectral_contrast:
        mean: [-2.99737692444e-08, -7.36379845989e-08, 1.91175129061e-08, 1.1692331725e-07, 2.3740259536e-08, 4.26054668878e-07, -1.92805782717e-06, -3.96326868213e-06, -1.77946958502e-06, 1.16499990099e-07, 1.55866143814e-06, 3.82831149182e-06]
        var: [0.000594469252974, 0.000788170553278, 0.00195936951786, 0.00333937816322, 0.00395420985296, 0.00657001044601, 0.0422753430903, 0.0740513727069, 0.12200126797, 0.158764436841, 0.256088674068, 1.01876330376]

rhythm:
    beats_loudness:
        dmean: 0.00255685509183
        dmean2: 0.00443687383085
        dvar: 2.26987594942e-06
        dvar2: 7.28186932974e-06
        max: 0.00976765714586
        mean: 0.00606933282688
        min: 0.00157669140026
        var: 5.58679448659e-06
    beats_loudness_bass:
        dmean: 0.11032178998
        dmean2: 0.192329853773
        dvar: 0.0156163536012
        dvar2: 0.0419096760452
        max: 0.453604161739
        mean: 0.0980495661497
        min: 0.003584836144
        var: 0.0142151769251
    bpm: 143.003067017
    bpm_confidence: 0
    first_peak_bpm: 143
    first_peak_spread: 0
    first_peak_weight: 0.95454543829
    onset_rate: 4.69948863983
    second_peak_bpm: 111
    second_peak_spread: 0
    second_peak_weight: 0.0454545468092
    beats_position: [0.376540213823, 0.795962452888, 1.21538472176, 1.63480699062, 2.05422925949, 2.47365164757, 2.89307403564, 3.31249642372, 3.7319188118, 4.15134143829, 4.57076358795, 4.99018621445, 5.40960884094, 5.8290309906, 6.36721992493, 6.78689527512, 7.20657014847, 7.62624549866, 8.04592037201, 8.46559524536, 8.88527011871, 9.30494594574, 9.72462081909]
    bpm_estimates: [142.564239502, 143.454788208, 143.145553589, 141.544586182, 142.948684692, 143.04914856, 143.549285889, 143.768157959]
    bpm_intervals: [0.419422239065, 0.419422268867, 0.419422268867, 0.419422268867, 0.419422388077, 0.419422388077, 0.419422388077, 0.419422388077, 0.419422626495, 0.419422149658, 0.419422626495, 0.419422626495, 0.419422149658, 0.538188934326, 0.419675350189, 0.419674873352, 0.419675350189, 0.419674873352, 0.419674873352, 0.419674873352, 0.419675827026, 0.419674873352]
    onset_times: [0.0580498874187, 0.174149662256, 0.267029464245, 0.371519267559, 0.592108845711, 0.719818592072, 0.801088452339, 1.13777780533, 1.4164172411, 1.63700675964, 1.84598636627, 2.06657600403, 2.48453521729, 2.63546490669, 2.82122445107, 2.91410422325, 3.21596360207, 3.32045340538, 3.56426310539, 3.78485250473, 4.1099319458, 4.17959165573, 4.43501138687, 4.841360569, 4.94585037231, 5.0387301445, 5.24770975113, 5.47990942001, 5.70049905777, 5.88625860214, 6.13006782532, 6.32743787766, 6.46675729752, 6.53641700745, 6.72217702866, 7.50004529953, 7.61614513397, 8.03410434723, 8.37079334259, 8.46367359161, 8.67265319824, 9.0906124115, 9.22993183136, 9.31120204926, 9.74077129364, 9.90331077576, 10.0310201645, 10.1587305069]
    rubato_start: []
    rubato_stop: []
    perceptual_tempo: "unknown"

sfx:
    inharmonicity:
        dmean: 0.0719136074185
        dmean2: 0.12628684938
        dvar: 0.00534121831879
        dvar2: 0.0136232543737
        max: 0.446980565786
        mean: 0.0764752700925
        min: 0
        var: 0.00585428532213
    oddtoevenharmonicenergyratio:
        dmean: 3.75733780861
        dmean2: 7.06862020493
        dvar: 75.1563568115
        dvar2: 216.126693726
        max: 73.982208252
        mean: 2.663626194
        min: 0
        var: 47.4852676392
    pitch_after_max_to_before_max_energy_ratio: 8.88064575195
    pitch_centroid: 234.776123047
    pitch_max_to_total: 0.161363631487
    pitch_min_to_total: 0.965909063816
    tristimulus:
        dmean: [0.193896174431, 0.271790593863, 0.166019901633]
        dmean2: [0.333942383528, 0.469929218292, 0.296854794025]
        dvar: [0.0290430020541, 0.0461558401585, 0.0212685037404]
        dvar2: [0.0827525779605, 0.128559738398, 0.0559585690498]
        max: [1, 0.976987719536, 0.704477190971]
        mean: [0.295439243317, 0.465248167515, 0.164310336113]
        min: [0.00543405441567, 0, 0]
        var: [0.0389323122799, 0.0687369406223, 0.0289218146354]

tonal:
    chords_changes_rate: 0.095454543829
    chords_number_rate: 0.0318181812763
    chords_strength:
        dmean: 0.0104236491024
        dmean2: 0.0109506994486
        dvar: 6.16344113951e-05
        dvar2: 9.47389344219e-05
        max: 0.56125074625
        mean: 0.433933228254
        min: 0.254075735807
        var: 0.00481579639018
    key_strength: 0.43308365345
    tuning_diatonic_strength: 0.474485635757
    tuning_equal_tempered_deviation: 0.119011446834
    tuning_frequency: 439.491973877
    tuning_nontempered_energy_ratio: 0.815239429474
    hpcp:
        dmean: [0.214624792337, 0.214995592833, 0.164302915335, 0.165294513106, 0.147927775979, 0.118401437998, 0.139692559838, 0.104723632336, 0.0866281464696, 0.0833105966449, 0.0669988468289, 0.0791672989726, 0.0971101596951, 0.0803300067782, 0.0837762355804, 0.137572512031, 0.156497135758, 0.13966780901, 0.148779585958, 0.152448505163, 0.163622841239, 0.188849657774, 0.173426359892, 0.199425980449, 0.218654870987, 0.168133407831, 0.190728768706, 0.208972796798, 0.179740414023, 0.195800751448, 0.243082717061, 0.248088046908, 0.225090876222, 0.20199932158, 0.164607048035, 0.168673872948]
        dmean2: [0.353821128607, 0.361270785332, 0.279105514288, 0.290378004313, 0.26318654418, 0.210097938776, 0.23595713079, 0.181913271546, 0.155950129032, 0.147421374917, 0.111041411757, 0.136291071773, 0.170309588313, 0.142040863633, 0.141497075558, 0.232850551605, 0.274018406868, 0.247829034925, 0.255796909332, 0.270651400089, 0.28439489007, 0.315130472183, 0.287649840117, 0.34733787179, 0.368138581514, 0.29835742712, 0.337236940861, 0.358150839806, 0.298938333988, 0.337015599012, 0.423072606325, 0.433821380138, 0.385139226913, 0.348592638969, 0.300927877426, 0.286082208157]
        dvar: [0.0427459999919, 0.0405257716775, 0.0256361365318, 0.0409546494484, 0.0394565798342, 0.0242346506566, 0.0268143452704, 0.0154799278826, 0.0159261021763, 0.0115043539554, 0.00763342902064, 0.0106249330565, 0.0191724095494, 0.0102730309591, 0.0111549040303, 0.0275621712208, 0.0321999005973, 0.0282865352929, 0.0338444858789, 0.0342367105186, 0.0345707014203, 0.0366816706955, 0.0270631238818, 0.045749977231, 0.0494256168604, 0.0302074365318, 0.0382869914174, 0.0526461899281, 0.041167780757, 0.0353331528604, 0.0535346567631, 0.0517156273127, 0.0451609306037, 0.0472378432751, 0.045549262315, 0.0361760705709]
        dvar2: [0.099435210228, 0.0984844863415, 0.0685052275658, 0.112900033593, 0.116987295449, 0.0691092014313, 0.0738488435745, 0.0407375022769, 0.0475750118494, 0.0335257798433, 0.0199198704213, 0.0281591713428, 0.0576186254621, 0.0300488565117, 0.0341748595238, 0.0742259770632, 0.0901459679008, 0.0858714431524, 0.0948295667768, 0.0918142870069, 0.0871129259467, 0.0853342339396, 0.073979832232, 0.124707050622, 0.150658294559, 0.0857100263238, 0.112991921604, 0.134515330195, 0.110349424183, 0.100525222719, 0.141646251082, 0.146355956793, 0.129251614213, 0.126603335142, 0.129701241851, 0.103038132191]
        max: [1, 1, 1, 1, 1, 1, 1, 0.862750887871, 1, 0.647311270237, 0.834763407707, 0.715458810329, 0.980318129063, 0.630090892315, 1, 1, 1, 1, 1, 1, 1, 1, 1, 1, 1, 1, 1, 1, 1, 1, 1, 1, 1, 1, 1, 1]
        mean: [0.396503269672, 0.387435644865, 0.244123458862, 0.207942575216, 0.172564849257, 0.166818335652, 0.220550253987, 0.173633784056, 0.112262926996, 0.108409509063, 0.0978463962674, 0.116774894297, 0.143472224474, 0.131634786725, 0.149372726679, 0.238778218627, 0.234695076942, 0.180044531822, 0.192991599441, 0.192384764552, 0.22728587687, 0.325082927942, 0.30404406786, 0.264392197132, 0.292675822973, 0.237163051963, 0.226110264659, 0.299455553293, 0.248252108693, 0.266126096249, 0.448206543922, 0.474593639374, 0.36605244875, 0.25744754076, 0.180969387293, 0.229861304164]
        min: [0.0059844055213, 0.0166537556797, 0.0134266847745, 0.00676222657785, 0.00519202370197, 0.00482933223248, 0.00546813244, 0.00862619932741, 0.00808646250516, 0.00265930825844, 0.00113176647574, 0.00430466374382, 0.00943298637867, 0.00685201445594, 0.00841346103698, 0.0246019363403, 0.0160552449524, 0.00524596683681, 0.004434091039, 0.00220258161426, 0.00405713170767, 0.00824705976993, 0.01221338287, 0.00667843036354, 0.00756319472566, 0.00229864846915, 0.00812106207013, 0.00400796392933, 0.00335334194824, 0.00939602125436, 0.0145299294963, 0.0231109838933, 0.00739898253232, 0.00267458078451, 0.00405363971367, 0.00649770675227]
        var: [0.101928055286, 0.0888321995735, 0.0387340635061, 0.0503776855767, 0.040337279439, 0.0260550733656, 0.0435227379203, 0.0245042666793, 0.0133686633781, 0.0125853968784, 0.011647099629, 0.0136269154027, 0.0196229089051, 0.0125960335135, 0.017314909026, 0.0460135340691, 0.0410050265491, 0.0301696434617, 0.0463530682027, 0.0411648117006, 0.0447548143566, 0.0781205445528, 0.0614661537111, 0.0558061078191, 0.0747452750802, 0.0491089783609, 0.0436887033284, 0.0866188406944, 0.0614517442882, 0.0481221713126, 0.1155385077, 0.0998831763864, 0.0830145552754, 0.0673710107803, 0.0469611287117, 0.053326793015]
    chords_histogram: [0, 0, 28.6363639832, 0, 2.27272725105, 0, 11.3636360168, 0, 0, 0, 0, 0, 0, 0, 0, 10, 0, 21.8181819916, 0, 0, 0, 0, 1.36363637447, 24.5454540253]
    thpcp: [1, 0.771296560764, 0.542458891869, 0.381314396858, 0.484332889318, 0.83545845747, 0.816352367401, 0.514384150505, 0.438148677349, 0.363605469465, 0.351497203112, 0.464713871479, 0.365857809782, 0.236545369029, 0.228425964713, 0.206168785691, 0.246052384377, 0.302305400372, 0.277363151312, 0.314738154411, 0.503121376038, 0.494517952204, 0.3793656528, 0.406645983458, 0.405367344618, 0.478906273842, 0.684971094131, 0.640640854836, 0.557091712952, 0.616687178612, 0.499718129635, 0.476429194212, 0.63097256422, 0.523083508015, 0.560745179653, 0.944400668144]
    chords_key: "D"
    chords_scale: "major"
    key_key: "G"
    key_scale: "major"
    chords_progression: ["Cm", "Cm", "Cm", "Cm", "Cm", "Cm", "Cm", "Cm", "Cm", "Cm", "Cm", "Cm", "Cm", "Cm", "Cm", "Cm", "Cm", "Cm", "Cm", "Cm", "Cm", "Cm", "D", "D", "D", "D", "D", "D", "D", "D", "D", "D", "D", "D", "D", "D", "D", "D", "D", "D", "D", "D", "D", "D", "D", "D", "D", "D", "D", "D", "D", "D", "D", "D", "D", "D", "D", "D", "D", "D", "D", "D", "D", "D", "D", "D", "Em", "Em", "A", "E", "E", "E", "E", "E", "E", "E", "E", "E", "Em", "A", "A", "A", "A", "Em", "Em", "Em", "Em", "Em", "Em", "Em", "Em", "Em", "E", "E", "E", "E", "E", "E", "E", "E", "E", "E", "E", "E", "E", "E", "E", "E", "Em", "Em", "Em", "Em", "Em", "Em", "Em", "Em", "Em", "Em", "Em", "Em", "Em", "Em", "Em", "Em", "Em", "Em", "Em", "Em", "Em", "Em", "Em", "Em", "Em", "Em", "Em", "Em", "Em", "Em", "Em", "Em", "Em", "Em", "Em", "Em", "Em", "Em", "Gm", "Gm", "Gm", "Gm", "Em", "Gm", "Gm", "Gm", "Gm", "Gm", "Gm", "Gm", "Gm", "Gm", "Gm", "Gm", "Gm", "Em", "Em", "Em", "C", "Gm", "Gm", "C", "C", "Gm", "Gm", "Gm", "Gm", "Gm", "Gm", "Gm", "Gm", "Gm", "Gm", "Gm", "Gm", "Gm", "Gm", "Gm", "Gm", "Gm", "Gm", "Gm", "Gm", "Gm", "Gm", "Gm", "Gm", "Gm", "Gm", "Gm", "D", "D", "D", "D", "D", "D", "D", "D", "D", "Gm", "D", "D", "D", "D", "D", "D", "D", "D", "D", "D", "Gm", "Gm"]
