
metadata:
    version:
        essentia: "1.2.2"
    audio_properties:
        analysis_sample_rate: 44100
        bitrate: 128
        channels: 2
        equal_loudness: 1
        length: 10.0310201645
        replay_gain: -14.5875415802
        downmix: "mix"
    tags:
        track: 18
        year: 0
        album: "Splitted by Mp3Splt v. 2.1"
        artist: "From 002.50 To 003.00"
        comment: "http://mp3splt.sf.net"
        genre: ""
        title: "03 Turn My Way.mp3"

highlevel:
    ballroom:
        all:
            ChaChaCha: 0.031547639519
            Jive: 0.172407314181
            Quickstep: 0.114144362509
            Rumba-American: 0.00985194835812
            Rumba-International: 0.0277187842876
            Rumba-Misc: 0.0503709502518
            Samba: 0.0363157205284
            Tango: 0.0269445367157
            VienneseWaltz: 0.482021063566
            Waltz: 0.0486776828766
        probability: 0.482021063566
        value: "VienneseWaltz"
    culture:
        all:
            non_western: 0.0141608668491
            western: 0.985839128494
        probability: 0.985839128494
        value: "western"
    gender:
        all:
            female: 0.367357343435
            male: 0.632642626762
        probability: 0.632642626762
        value: "male"
    genre_dortmund:
        all:
            alternative: 0.225038394332
            blues: 0.00452183373272
            electronic: 0.031674079597
            folkcountry: 0.0654328390956
            funksoulrnb: 0.0169817432761
            jazz: 0.00379946199246
            pop: 0.0537053160369
            raphiphop: 0.00130360107869
            rock: 0.597542762756
        probability: 0.597542762756
        value: "rock"
    genre_electronica:
        all:
            ambient: 0.278274685144
            dnb: 0.319858640432
            house: 0.00372732477263
            techno: 0.00594082148746
            trance: 0.39219853282
        probability: 0.39219853282
        value: "trance"
    genre_rosamerica:
        all:
            cla: 0.0652683749795
            dan: 0.0131594883278
            hip: 0.00338460830972
            jaz: 0.00225660065189
            pop: 0.0207288451493
            rhy: 0.00198069191538
            roc: 0.892299592495
            spe: 0.000921807542909
        probability: 0.892299592495
        value: "roc"
    genre_tzanetakis:
        all:
            blu: 0.00756450090557
            cla: 0.064562946558
            cou: 0.081897713244
            dis: 0.0390670113266
            hip: 0.00447791814804
            jaz: 0.0142496302724
            met: 0.029750360176
            pop: 0.0510405190289
            reg: 0.00492366589606
            roc: 0.702465713024
        probability: 0.702465713024
        value: "roc"
    live_studio:
        all:
            live: 0.832491993904
            studio: 0.167508006096
        probability: 0.832491993904
        value: "live"
    mood:
        all:
            Cluster1: 0.41547986865
            Cluster2: 0.0991526246071
            Cluster3: 0.0566787682474
            Cluster4: 0.112420536578
            Cluster5: 0.316268205643
        probability: 0.41547986865
        value: "Cluster1"
    mood_acoustic:
        all:
            acoustic: 0.0118238516152
            not_acoustic: 0.988176167011
        probability: 0.988176167011
        value: "not_acoustic"
    mood_aggressive:
        all:
            aggressive: 0.893956363201
            not_aggressive: 0.106043614447
        probability: 0.893956363201
        value: "aggressive"
    mood_electronic:
        all:
            electronic: 0.326154649258
            not_electronic: 0.673845350742
        probability: 0.673845350742
        value: "not_electronic"
    mood_happy:
        all:
            happy: 0.731938898563
            not_happy: 0.268061101437
        probability: 0.731938898563
        value: "happy"
    mood_party:
        all:
            not_party: 0.7988935709
            party: 0.201106444001
        probability: 0.7988935709
        value: "not_party"
    mood_relaxed:
        all:
            not_relaxed: 0.744608700275
            relaxed: 0.255391299725
        probability: 0.744608700275
        value: "not_relaxed"
    mood_sad:
        all:
            not_sad: 0.747421205044
            sad: 0.252578794956
        probability: 0.747421205044
        value: "not_sad"
    rhythm:
        all:
            fast: 0.196739822626
            medium: 0.622404158115
            slow: 0.180855989456
        probability: 0.622404158115
        value: "medium"
    speech_music:
        all:
            music: 0.970667600632
            speech: 0.0293323863298
        probability: 0.970667600632
        value: "music"
    timbre:
        all:
            bright: 0.445179611444
            dark: 0.554820418358
        probability: 0.554820418358
        value: "dark"
    voice_instrumental:
        all:
            instrumental: 0.0934267342091
            voice: 0.906573295593
        probability: 0.906573295593
        value: "voice"

lowlevel:
    average_loudness: 0.981726825237
    barkbands_kurtosis:
        dmean: 0.385140955448
        dmean2: 0.595505774021
        dvar: 0.144055068493
        dvar2: 0.330133169889
        max: 2.5011806488
        mean: -0.692460715771
        min: -1.71755421162
        var: 0.495710790157
    barkbands_skewness:
        dmean: 0.253922611475
        dmean2: 0.396935582161
        dvar: 0.0431622266769
        dvar2: 0.104692049325
        max: 1.73446011543
        mean: 0.415517866611
        min: -0.718412637711
        var: 0.179484263062
    barkbands_spread:
        dmean: 3.78267264366
        dmean2: 5.71983289719
        dvar: 9.76878261566
        dvar2: 20.8948459625
        max: 47.3733291626
        mean: 24.8864650726
        min: 9.52822589874
        var: 40.6321182251
    dissonance:
        dmean: 0.0198365021497
        dmean2: 0.032569475472
        dvar: 0.000258292799117
        dvar2: 0.000717868446372
        max: 0.499313771725
        mean: 0.462410897017
        min: 0.36657500267
        var: 0.000432192347944
    hfc:
        dmean: 1.92080795765
        dmean2: 2.64724731445
        dvar: 4.11297655106
        dvar2: 7.70813179016
        max: 26.874961853
        mean: 8.01190471649
        min: 1.69859421253
        var: 13.2083282471
    pitch:
        dmean: 247.581497192
        dmean2: 467.967834473
        dvar: 425869.8125
        dvar2: 1202205.75
        max: 4009.09082031
        mean: 323.180023193
        min: 87.1541519165
        var: 299699.6875
    pitch_instantaneous_confidence:
        dmean: 0.0693078041077
        dmean2: 0.112072907388
        dvar: 0.00312158092856
        dvar2: 0.00779963377863
        max: 0.595398664474
        mean: 0.335246235132
        min: 0.130742490292
        var: 0.00861283298582
    pitch_salience:
        dmean: 0.0475930161774
        dmean2: 0.0800702646375
        dvar: 0.00162647524849
        dvar2: 0.00441787997261
        max: 0.814834356308
        mean: 0.65830039978
        min: 0.487684726715
        var: 0.00303179468028
    silence_rate_20dB:
        dmean: 0
        dmean2: 0
        dvar: 0
        dvar2: 0
        max: 1
        mean: 1
        min: 1
        var: 0
    silence_rate_30dB:
        dmean: 0
        dmean2: 0
        dvar: 0
        dvar2: 0
        max: 1
        mean: 1
        min: 1
        var: 0
    silence_rate_60dB:
        dmean: 0.0162412989885
        dmean2: 0.0325581394136
        dvar: 0.0159774888307
        dvar2: 0.0454516746104
        max: 1
        mean: 0.0115740736946
        min: 0
        var: 0.0114401457831
    spectral_centroid:
        dmean: 173.830581665
        dmean2: 258.311126709
        dvar: 21105.6660156
        dvar2: 41946.7382812
        max: 2314.71020508
        mean: 1219.73303223
        min: 510.267730713
        var: 96320.109375
    spectral_complexity:
        dmean: 3.42890453339
        dmean2: 5.23130846024
        dvar: 10.5200023651
        dvar2: 21.6310787201
        max: 39
        mean: 20.3279075623
        min: 10
        var: 31.1459503174
    spectral_crest:
        dmean: 1.64415252209
        dmean2: 2.72162103653
        dvar: 2.34407687187
        dvar2: 6.47581863403
        max: 13.415605545
        mean: 5.63896608353
        min: 2.50966668129
        var: 3.66559076309
    spectral_decrease:
        dmean: 2.97097207946e-10
        dmean2: 4.65412042239e-10
        dvar: 7.52558581543e-20
        dvar2: 1.67786685468e-19
        max: -6.53657294958e-10
        mean: -1.5095767969e-09
        min: -3.15307824295e-09
        var: 1.68231812035e-19
    spectral_energy:
        dmean: 0.00126598239876
        dmean2: 0.00194711051881
        dvar: 1.37197696404e-06
        dvar2: 2.99161092698e-06
        max: 0.0133365578949
        mean: 0.00642419187352
        min: 0.00268275500275
        var: 3.26178678733e-06
    spectral_energyband_high:
        dmean: 0.000110888773634
        dmean2: 0.000148390492541
        dvar: 3.425433448e-08
        dvar2: 6.47356301897e-08
        max: 0.00292670587078
        mean: 0.000197098008357
        min: 1.03451284303e-05
        var: 7.07763305741e-08
    spectral_energyband_low:
        dmean: 0.000159730247105
        dmean2: 0.000277249055216
        dvar: 3.23080300291e-08
        dvar2: 9.18047433629e-08
        max: 0.00154172675684
        mean: 0.000293445162242
        min: 4.34874164057e-06
        var: 4.47232260115e-08
    spectral_energyband_middle_high:
        dmean: 0.000710061518475
        dmean2: 0.00104004552122
        dvar: 4.0835371351e-07
        dvar2: 9.05097351733e-07
        max: 0.00745890615508
        mean: 0.00298022595234
        min: 0.000617575948127
        var: 1.55471832386e-06
    spectral_energyband_middle_low:
        dmean: 0.000823817565106
        dmean2: 0.00132204510737
        dvar: 6.10885820151e-07
        dvar2: 1.48037349845e-06
        max: 0.00798185169697
        mean: 0.00295339873992
        min: 0.000778800051194
        var: 1.25991982713e-06
    spectral_flatness_db:
        dmean: 0.0170238595456
        dmean2: 0.0238663367927
        dvar: 0.000239696877543
        dvar2: 0.000389257504139
        max: 0.229526817799
        mean: 0.154352352023
        min: 0.0859499499202
        var: 0.000806830707006
    spectral_flux:
        dmean: 0.00736251426861
        dmean2: 0.0111448746175
        dvar: 3.88029184251e-05
        dvar2: 7.27760634618e-05
        max: 0.0804655328393
        mean: 0.0442144609988
        min: 0.021091837436
        var: 0.000115383052616
    spectral_kurtosis:
        dmean: 2.22741007805
        dmean2: 3.62414646149
        dvar: 4.47961997986
        dvar2: 12.6067638397
        max: 19.4144325256
        mean: 6.13820791245
        min: 0.403504371643
        var: 8.68212032318
    spectral_rms:
        dmean: 0.000244206370553
        dmean2: 0.000373207905795
        dvar: 4.51628174858e-08
        dvar2: 9.69702398379e-08
        max: 0.00360711454414
        mean: 0.00247940397821
        min: 0.00161781394854
        var: 1.20060960285e-07
    spectral_rolloff:
        dmean: 353.01385498
        dmean2: 529.978088379
        dvar: 128810.234375
        dvar2: 247547.515625
        max: 4543.50585938
        mean: 2435.85595703
        min: 882.861328125
        var: 449343.0625
    spectral_skewness:
        dmean: 0.23188367486
        dmean2: 0.368954360485
        dvar: 0.0445714965463
        dvar2: 0.103955440223
        max: 3.62333083153
        mean: 1.79902362823
        min: 0.73657733202
        var: 0.128567487001
    spectral_spread:
        dmean: 657205.75
        dmean2: 837326.8125
        dvar: 553898016768
        dvar2: 1.03123648512e+12
        max: 7456560
        mean: 3675260.5
        min: 2033943.5
        var: 1.32356990566e+12
    spectral_strongpeak:
        dmean: 0.39736354351
        dmean2: 0.704708755016
        dvar: 0.283901572227
        dvar2: 0.777578532696
        max: 4.02241563797
        mean: 0.602291822433
        min: 0.0349875800312
        var: 0.318011462688
    zerocrossingrate:
        dmean: 0.00704763969406
        dmean2: 0.00760258454829
        dvar: 3.39661819453e-05
        dvar2: 4.02342084271e-05
        max: 0.125
        mean: 0.0727152973413
        min: 0.04150390625
        var: 0.000246466806857
    barkbands:
        dmean: [2.75340170219e-07, 2.54109781963e-05, 0.00015022768639, 0.000247947289608, 0.000426130049163, 0.000294799363473, 0.000184919801541, 0.000166856771102, 0.000220241563511, 0.000284570473013, 0.000170174593222, 0.000131837878143, 0.000145455866004, 9.53118287725e-05, 9.01120874914e-05, 0.000108241598355, 0.000193624102394, 0.000155361572979, 0.000144670368172, 8.67483977345e-05, 5.55634287593e-05, 1.62420819834e-05, 5.03797627971e-06, 1.42583303386e-06, 1.17671925182e-06, 8.07834297234e-08, 8.30759960824e-10]
        dmean2: [4.16628580524e-07, 4.26102196798e-05, 0.000259864056716, 0.000431863387348, 0.000705683138222, 0.000455968751339, 0.000300379353575, 0.000268093601335, 0.000317694211844, 0.000414397160057, 0.000264528847765, 0.000206678421819, 0.000233040482271, 0.00016327558842, 0.000153503104229, 0.000174016502569, 0.000326267094351, 0.000244807888521, 0.000209412639379, 0.00013110031432, 7.68312675063e-05, 2.41197758442e-05, 7.24999790691e-06, 2.0406494059e-06, 1.71540546035e-06, 1.26323399741e-07, 1.10605458126e-09]
        dvar: [1.36157524058e-12, 1.6475378839e-09, 2.69849280699e-08, 9.89654722616e-08, 4.47210311449e-07, 9.59767021413e-08, 4.85732805089e-08, 3.44293304977e-08, 5.45707266042e-08, 9.84880657029e-08, 5.7025406619e-08, 5.73079859123e-08, 4.56659208226e-08, 2.4638639573e-08, 1.16318297216e-08, 1.94757419081e-08, 5.36377591231e-08, 4.70360568272e-08, 3.3438858793e-08, 1.37534295064e-08, 8.38825364724e-09, 2.66237121238e-09, 7.25190463235e-11, 6.84545085547e-12, 3.70684082387e-12, 2.65820639833e-14, 1.00078458113e-16]
        dvar2: [1.88542866215e-12, 4.20346690788e-09, 7.62343503879e-08, 2.90997490993e-07, 1.18456421205e-06, 2.38592662072e-07, 1.15138838908e-07, 8.12697535935e-08, 1.05801753136e-07, 1.99816383883e-07, 1.46681458091e-07, 1.36006505613e-07, 1.18744786448e-07, 6.65110562181e-08, 2.98333695525e-08, 4.42535252887e-08, 1.4575685725e-07, 1.13495723042e-07, 7.0313483036e-08, 2.80577570066e-08, 1.65961324683e-08, 5.56807844276e-09, 1.52215087756e-10, 1.3511220788e-11, 8.51562657195e-12, 5.72465320048e-14, 1.00239903916e-16]
        max: [2.3066151698e-05, 0.000321890111081, 0.00146837427747, 0.00245163566433, 0.00546408863738, 0.00312713789754, 0.00245210528374, 0.0015275767073, 0.00288309413008, 0.00408968469128, 0.00249755568802, 0.00303985434584, 0.00189808499999, 0.00178275594953, 0.00127993931528, 0.00160813494585, 0.00238221068867, 0.00290484586731, 0.00210171518847, 0.00133617594838, 0.00123117724434, 0.000906265515368, 0.000104509570519, 3.29974318447e-05, 1.82829189725e-05, 9.43631505379e-07, 2.07852352219e-07]
        mean: [2.78718147229e-07, 4.12791087001e-05, 0.000251916761044, 0.000369491899619, 0.000666229054332, 0.000594013254158, 0.000312927906634, 0.000360959791578, 0.000493675644975, 0.000634930096567, 0.000330204667989, 0.000204062787816, 0.000232440186664, 0.000167469901498, 0.000190446473425, 0.000207863209653, 0.000431841879617, 0.000332451076247, 0.000297863618471, 0.000180771472515, 8.78943901625e-05, 2.51307246799e-05, 6.80645189277e-06, 1.83447787094e-06, 1.33731725782e-06, 7.71136186017e-08, 7.81119946502e-10]
        min: [3.18127399423e-11, 1.40486477562e-07, 2.25035137191e-06, 3.13037730848e-06, 1.60862982739e-05, 5.45923358004e-05, 3.30494985974e-05, 3.73262673747e-06, 1.72713462234e-05, 2.84096677206e-05, 2.19170760829e-05, 1.52099764819e-05, 1.46117836266e-05, 8.8893548309e-06, 2.09069512493e-05, 9.00974919205e-06, 1.57953036251e-05, 3.45546177414e-05, 1.40393649417e-05, 1.37551296575e-05, 4.15420936406e-06, 5.34014077402e-07, 9.0371081285e-08, 9.18348153078e-09, 6.22256202121e-09, 8.50577247524e-11, 9.8776462541e-14]
        var: [1.39701672539e-12, 2.46128806225e-09, 4.09614919761e-08, 1.62107014035e-07, 4.89037859097e-07, 2.11992400523e-07, 8.61032987132e-08, 8.30240907135e-08, 1.4085172495e-07, 2.95015638585e-07, 1.10252400987e-07, 8.16811365212e-08, 6.10240604715e-08, 3.19699893225e-08, 1.94187919078e-08, 3.68496841929e-08, 1.21259446928e-07, 1.03308977373e-07, 7.74070159082e-08, 3.74451651908e-08, 1.58398272276e-08, 3.67944408275e-09, 1.14590864575e-10, 1.15428439376e-11, 4.50281825715e-12, 2.9233248309e-14, 1.00099131011e-16]
    mfcc:
        mean: [-686.817321777, 145.321960449, -65.5490570068, 38.1958694458, -22.5573482513, -9.90814113617, -6.41780519485, -1.64020466805, -3.76423048973, -10.2429552078, -6.66579437256, -8.2937746048, -6.53237438202]
        cov: [[900.253723145, -782.346740723, 287.227355957, -35.2771263123, 18.982717514, 19.7905921936, 38.0219230652, 10.3178348541, 1.43975996971, 39.1689872742, 7.69102859497, 15.7022953033, -7.81497335434], [-782.346740723, 845.411132812, -309.221069336, 58.5040283203, -18.4486713409, -25.5661048889, -17.4476528168, 9.85210227966, -18.0349521637, -36.9397964478, 19.1686725616, -15.1981201172, 21.9139137268], [287.227355957, -309.221069336, 267.701751709, -21.4587135315, -0.461941748857, 20.5772647858, 14.89498806, 3.93886327744, 14.9790143967, 28.7670631409, -14.302116394, 18.8069190979, -3.72815728188], [-35.2771263123, 58.5040283203, -21.4587135315, 132.157180786, 23.3724861145, -2.9451777935, -17.980682373, 7.02762699127, 5.4270772934, 5.63294172287, -5.9649682045, -1.25211334229, 10.5377998352], [18.982717514, -18.4486713409, -0.461941748857, 23.3724861145, 80.449836731, 14.9551334381, 0.704201936722, 11.2005825043, 29.8336315155, 10.9718608856, 1.25463140011, 14.6126708984, 11.2495164871], [19.7905921936, -25.5661048889, 20.5772647858, -2.9451777935, 14.9551334381, 74.9100189209, 16.4574947357, 4.56400251389, 13.2647638321, 4.39814090729, 5.43956422806, 11.3056411743, 5.14429092407], [38.0219230652, -17.4476528168, 14.89498806, -17.980682373, 0.704201936722, 16.4574947357, 74.1856765747, 15.808344841, 4.10375928879, 10.8101997375, 7.8310956955, 12.6098146439, 1.60945808887], [10.3178348541, 9.85210227966, 3.93886327744, 7.02762699127, 11.2005825043, 4.56400251389, 15.808344841, 67.3595504761, 13.1825523376, -5.0823969841, 2.23816370964, 3.58663034439, 9.9619474411], [1.43975996971, -18.0349521637, 14.9790143967, 5.4270772934, 29.8336315155, 13.2647638321, 4.10375928879, 13.1825523376, 75.5799484253, 22.2131519318, -6.61787080765, 16.9204120636, 10.643445015], [39.1689872742, -36.9397964478, 28.7670631409, 5.63294172287, 10.9718608856, 4.39814090729, 10.8101997375, -5.0823969841, 22.2131519318, 67.1728515625, 15.2102689743, 13.1839895248, 11.2701292038], [7.69102859497, 19.1686725616, -14.302116394, -5.9649682045, 1.25463140011, 5.43956422806, 7.8310956955, 2.23816370964, -6.61787080765, 15.2102689743, 60.0448684692, 21.2337760925, 5.32635164261], [15.7022953033, -15.1981201172, 18.8069190979, -1.25211334229, 14.6126708984, 11.3056411743, 12.6098146439, 3.58663034439, 16.9204120636, 13.1839895248, 21.2337760925, 57.4823265076, 14.8592739105], [-7.81497335434, 21.9139137268, -3.72815728188, 10.5377998352, 11.2495164871, 5.14429092407, 1.60945808887, 9.9619474411, 10.643445015, 11.2701292038, 5.32635164261, 14.8592739105, 45.8352088928]]
        icov: [[0.0069656339474, 0.00662308931351, -0.000284998270217, -0.00133687339257, -0.000243275193498, 0.000920353864785, -0.00220459373668, -0.00133011105936, 0.00142363482155, 0.000329139438691, -0.00325807742774, 0.00156296731438, -0.00191137427464], [0.00662308931351, 0.00847189687192, 0.002171715023, -0.00193851813674, 0.000694370595738, 0.000871495925821, -0.00213706050999, -0.00161587877665, 0.00119814800564, 0.00060123403091, -0.00322192138992, 0.00127267453354, -0.0026050938759], [-0.000284998270217, 0.002171715023, 0.00720799807459, 6.59585930407e-05, 0.00151950039435, -0.00119813729543, 0.000180237417226, -0.00117324129678, 0.00028363103047, -0.00230172788724, 0.0026069234591, -0.00246737780981, 0.000491479760967], [-0.00133687339257, -0.00193851813674, 6.59585930407e-05, 0.00913952849805, -0.00262195128016, -9.80295735644e-05, 0.00272614858113, -0.000932842260227, 0.000812118873, -0.00175911281258, 0.00215081707574, -0.000314494653139, -0.000539489265066], [-0.000243275193498, 0.000694370595738, 0.00151950039435, -0.00262195128016, 0.0165358781815, -0.00226084305905, 0.000728811544832, -0.00140022684354, -0.00504458975047, -0.000407411600463, 0.000202194569283, -0.00232962914743, -0.00116971647367], [0.000920353864785, 0.000871495925821, -0.00119813729543, -9.80295735644e-05, -0.00226084305905, 0.0153743885458, -0.00347360619344, 0.000707056780811, -0.00179269316141, 0.00174352712929, -0.00208908994682, -0.000136504066177, -0.00126241194084], [-0.00220459373668, -0.00213706050999, 0.000180237417226, 0.00272614858113, 0.000728811544832, -0.00347360619344, 0.0172642692924, -0.00425437185913, 0.00113185425289, -0.00357471196912, 0.00161596899852, -0.00365946488455, 0.00217787711881], [-0.00133011105936, -0.00161587877665, -0.00117324129678, -0.000932842260227, -0.00140022684354, 0.000707056780811, -0.00425437185913, 0.0182675290853, -0.00409413175657, 0.00469132652506, -0.00189938500989, 0.00205599330366, -0.00354043976404], [0.00142363482155, 0.00119814800564, 0.00028363103047, 0.000812118873, -0.00504458975047, -0.00179269316141, 0.00113185425289, -0.00409413175657, 0.0199005063623, -0.00675184186548, 0.00546883093193, -0.00476865423843, -0.000254864513408], [0.000329139438691, 0.00060123403091, -0.00230172788724, -0.00175911281258, -0.000407411600463, 0.00174352712929, -0.00357471196912, 0.00469132652506, -0.00675184186548, 0.0212777685374, -0.00725213484839, 0.00197654240765, -0.00446594506502], [-0.00325807742774, -0.00322192138992, 0.0026069234591, 0.00215081707574, 0.000202194569283, -0.00208908994682, 0.00161596899852, -0.00189938500989, 0.00546883093193, -0.00725213484839, 0.02488537319, -0.0103580635041, 0.00222275941633], [0.00156296731438, 0.00127267453354, -0.00246737780981, -0.000314494653139, -0.00232962914743, -0.000136504066177, -0.00365946488455, 0.00205599330366, -0.00476865423843, 0.00197654240765, -0.0103580635041, 0.0259301457554, -0.00678289402276], [-0.00191137427464, -0.0026050938759, 0.000491479760967, -0.000539489265066, -0.00116971647367, -0.00126241194084, 0.00217787711881, -0.00354043976404, -0.000254864513408, -0.00446594506502, 0.00222275941633, -0.00678289402276, 0.0271206218749]]
    spectral_contrast:
        mean: [-1.32793601892e-07, 1.18117689851e-07, 2.0768926845e-07, 9.09490651679e-08, -2.21767393782e-07, -1.90249700438e-08, -1.26542045109e-06, 7.11019310984e-07, -3.82890533501e-07, -2.2513922886e-06, 5.96878123815e-07, -3.85295516026e-06]
        var: [0.000461431685835, 0.00071852671681, 0.000962960941251, 0.00142226496246, 0.00190490402747, 0.00279994565062, 0.0333599224687, 0.0768683031201, 0.0825640186667, 0.134858563542, 0.4218108356, 0.932050406933]

rhythm:
    beats_loudness:
        dmean: 0.00217450084165
        dmean2: 0.00417349487543
        dvar: 3.27804832523e-06
        dvar2: 1.04326545625e-05
        max: 0.00977629330009
        mean: 0.00726223224774
        min: 0.00361339910887
        var: 3.2125128655e-06
    beats_loudness_bass:
        dmean: 0.0548400692642
        dmean2: 0.0999085605145
        dvar: 0.00227321614511
        dvar2: 0.00447064358741
        max: 0.251375287771
        mean: 0.097794495523
        min: 0.0133549096063
        var: 0.00289860949852
    bpm: 120.578842163
    bpm_confidence: 0
    first_peak_bpm: 121
    first_peak_spread: 0
    first_peak_weight: 0.947368443012
    onset_rate: 3.78824877739
    second_peak_bpm: 116
    second_peak_spread: 0
    second_peak_weight: 0.0526315793395
    beats_position: [0.454244971275, 0.951707839966, 1.44917070866, 1.94663369656, 2.44409656525, 2.94155931473, 3.43902206421, 3.93648481369, 4.43394756317, 4.93141031265, 5.42887306213, 5.92633581161, 6.44536685944, 6.94314479828, 7.44092226028, 7.9387011528, 8.43647861481, 8.93425655365, 9.43203449249, 9.92981243134]
    bpm_estimates: [120.886398315, 120.611419678, 120.021316528, 121.596885681, 119.223114014, 120.146095276, 121.122779846, 121.364273071, 120.648780823, 120.535469055, 120.766845703, 120.362968445, 120.400436401, 119.445976257, 121.623664856, 120.520507812, 120.603004456, 120.522140503, 120.59601593]
    bpm_intervals: [0.49746286869, 0.49746286869, 0.4974629879, 0.49746286869, 0.497462749481, 0.497462749481, 0.497462749481, 0.497462749481, 0.497462749481, 0.497462749481, 0.497462749481, 0.519031047821, 0.497777938843, 0.497777462006, 0.497778892517, 0.497777462006, 0.497777938843, 0.497777938843, 0.497777938843]
    onset_times: [0.0580498874187, 0.208979591727, 0.31346938014, 0.708208620548, 1.17260766029, 1.43963718414, 1.64861679077, 1.93886625767, 2.43809533119, 2.61224484444, 3.21596360207, 3.43655323982, 3.68036270142, 3.94739222527, 4.20281171799, 4.42340135574, 4.59755086899, 4.69043064117, 4.86458063126, 5.18966007233, 5.4334692955, 5.67727899551, 5.93269824982, 6.14167785645, 6.40870761871, 6.71056699753, 7.19818592072, 7.44199562073, 7.6858048439, 7.87156438828, 7.94122457504, 8.19664382935, 8.45206356049, 8.67265319824, 9.19510173798, 9.43891143799, 9.67111110687, 9.91492080688]
    rubato_start: []
    rubato_stop: []
    perceptual_tempo: "unknown"

sfx:
    inharmonicity:
        dmean: 0.0414188168943
        dmean2: 0.0727255642414
        dvar: 0.00196641567163
        dvar2: 0.00559999095276
        max: 0.299913167953
        mean: 0.0483654625714
        min: 9.11093447939e-05
        var: 0.00194021686912
    oddtoevenharmonicenergyratio:
        dmean: 3.81785678864
        dmean2: 7.51127481461
        dvar: 984.929931641
        dvar2: 2949.08935547
        max: 449.707183838
        mean: 2.222687006
        min: 0.000252315308899
        var: 495.601226807
    pitch_after_max_to_before_max_energy_ratio: 1.08101856709
    pitch_centroid: 211.093933105
    pitch_max_to_total: 0.43953487277
    pitch_min_to_total: 0.976744174957
    tristimulus:
        dmean: [0.190489917994, 0.190502464771, 0.103931643069]
        dmean2: [0.33838519454, 0.334645777941, 0.180354818702]
        dvar: [0.0230069104582, 0.0272815898061, 0.00751640088856]
        dvar2: [0.064531981945, 0.0834188908339, 0.0212759096175]
        max: [0.984363973141, 0.900572896004, 0.505539059639]
        mean: [0.389520406723, 0.473000138998, 0.113791368902]
        min: [0.0155660342425, 0, 0]
        var: [0.0331702530384, 0.0342091023922, 0.00984977930784]

tonal:
    chords_changes_rate: 0.0416666679084
    chords_number_rate: 0.0277777779847
    chords_strength:
        dmean: 0.00748269446194
        dmean2: 0.00649561779574
        dvar: 4.02963487431e-05
        dvar2: 3.01420550386e-05
        max: 0.660296440125
        mean: 0.544648468494
        min: 0.340113222599
        var: 0.00614086445421
    key_strength: 0.832192122936
    tuning_diatonic_strength: 0.663963317871
    tuning_equal_tempered_deviation: 0.0247822962701
    tuning_frequency: 438.984558105
    tuning_nontempered_energy_ratio: 0.64101433754
    hpcp:
        dmean: [0.187980994582, 0.191286727786, 0.18795235455, 0.164792612195, 0.116300739348, 0.106014050543, 0.116493239999, 0.101745776832, 0.146025568247, 0.21740834415, 0.161669567227, 0.0900592654943, 0.072597771883, 0.0615817271173, 0.105596140027, 0.169100120664, 0.145284086466, 0.083583317697, 0.0647566318512, 0.0773661583662, 0.121733628213, 0.171064540744, 0.15380834043, 0.183077991009, 0.191562399268, 0.170686081052, 0.100896909833, 0.0755675137043, 0.0776057466865, 0.132849991322, 0.181605294347, 0.189675495028, 0.132903456688, 0.12332316488, 0.125281497836, 0.15707847476]
        dmean2: [0.327448040247, 0.323304533958, 0.321654587984, 0.281692653894, 0.202999994159, 0.183212846518, 0.198095649481, 0.170168310404, 0.249015986919, 0.363006472588, 0.265006154776, 0.152215883136, 0.116309933364, 0.102114506066, 0.177628204226, 0.2850253582, 0.23904800415, 0.134044617414, 0.108949378133, 0.132887050509, 0.1977532655, 0.271959334612, 0.250973820686, 0.310375422239, 0.300004452467, 0.29011285305, 0.177926212549, 0.130751222372, 0.132120192051, 0.222341954708, 0.300854802132, 0.31783914566, 0.220499649644, 0.209068492055, 0.217354670167, 0.2664693892]
        dvar: [0.04110173136, 0.0359019897878, 0.0390145927668, 0.0323222093284, 0.0258869472891, 0.0223205108196, 0.0274528041482, 0.0225556138903, 0.0192112941295, 0.0374661982059, 0.0243202969432, 0.0148199787363, 0.0146612385288, 0.00660584960133, 0.0141064403579, 0.0271407421678, 0.0174793992192, 0.00828470569104, 0.00748819299042, 0.0109011055902, 0.0154068833217, 0.0312313996255, 0.0271475687623, 0.0324948094785, 0.0368368439376, 0.0293922442943, 0.0210249144584, 0.0149770602584, 0.00836083013564, 0.014177672565, 0.0322428159416, 0.038237337023, 0.0314541868865, 0.0311794318259, 0.0286144167185, 0.0270593333989]
        dvar2: [0.100443564355, 0.0911752432585, 0.103275932372, 0.0912493616343, 0.0711760446429, 0.0605810955167, 0.0697225034237, 0.0603343471885, 0.0476200431585, 0.0950378403068, 0.06275819242, 0.0395128913224, 0.0383262038231, 0.0168566554785, 0.0414621457458, 0.0799693018198, 0.0496354065835, 0.0175866708159, 0.0192868914455, 0.0324019342661, 0.03931613639, 0.0704913884401, 0.0782255977392, 0.092389434576, 0.0799703001976, 0.0879878550768, 0.0606275945902, 0.0419332198799, 0.0234815254807, 0.0385977588594, 0.0902143642306, 0.115312404931, 0.0797132253647, 0.0834461078048, 0.0716218352318, 0.0693480595946]
        max: [1, 1, 1, 1, 1, 1, 1, 1, 1, 1, 1, 1, 1, 0.564015924931, 0.844790816307, 1, 1, 0.833571016788, 0.798455476761, 0.726077795029, 1, 1, 1, 1, 1, 1, 0.962370097637, 0.732710361481, 0.529572188854, 0.862803578377, 1, 1, 1, 1, 1, 1]
        mean: [0.34462878108, 0.292278587818, 0.233313187957, 0.254488676786, 0.184576377273, 0.122055113316, 0.135393917561, 0.127293810248, 0.275249451399, 0.481877774, 0.326552122831, 0.119737289846, 0.0944630205631, 0.0849330499768, 0.184078380466, 0.352538049221, 0.284830987453, 0.123384743929, 0.0881098136306, 0.0938182994723, 0.216475665569, 0.331737339497, 0.256124556065, 0.328036904335, 0.520969808102, 0.348537951708, 0.121763899922, 0.0931527763605, 0.0963378995657, 0.288527458906, 0.53718328476, 0.398495048285, 0.174848839641, 0.148355260491, 0.137465238571, 0.223117083311]
        min: [0.0199197717011, 0.0129457544535, 0.0136132044718, 0.0163958277553, 0.00469040730968, 0.00787568185478, 0.00563900964335, 0.00504182465374, 0.030569743365, 0.0653654411435, 0.0371726155281, 0.00591135583818, 0.00225498364307, 0.00345047609881, 0.019248502329, 0.0159152764827, 0.0162175707519, 0.00679894350469, 0.00442753266543, 0.00598816666752, 0.0115145863965, 0.0179767403752, 0.0187528282404, 0.0180317051709, 0.0149280475453, 0.0174767114222, 0.00659366697073, 0.0046274671331, 0.00472526950762, 0.0230138581246, 0.0400273986161, 0.0308923851699, 0.00849657598883, 0.0109386919066, 0.0106418812647, 0.0131567530334]
        var: [0.0889481008053, 0.059715051204, 0.0518912523985, 0.0530933439732, 0.0345776304603, 0.019604800269, 0.0269868839532, 0.0228147227317, 0.0350664779544, 0.0792333558202, 0.0458714030683, 0.0152604291216, 0.0133525589481, 0.00697126798332, 0.0208613872528, 0.0680547058582, 0.0411889962852, 0.0144113516435, 0.0119801033288, 0.0119552146643, 0.0359750837088, 0.0756628066301, 0.0447291657329, 0.0522577464581, 0.117747336626, 0.0607471801341, 0.0172552838922, 0.0120063908398, 0.00880246330053, 0.0322390981019, 0.114789769053, 0.0807874798775, 0.0337982028723, 0.0267809312791, 0.0265818275511, 0.0361119695008]
    chords_histogram: [22.6851844788, 6.94444465637, 34.7222213745, 0, 0, 0, 0, 0, 0, 0, 0, 0, 0, 0, 0, 0, 0, 0, 0, 0, 0, 3.24074077606, 27.7777786255, 4.62962961197]
    thpcp: [1, 0.741823256016, 0.325491964817, 0.27617251873, 0.25590005517, 0.415346294641, 0.641547858715, 0.544094741344, 0.434326976538, 0.473746448755, 0.343600362539, 0.227213159204, 0.252044171095, 0.236965328455, 0.512393951416, 0.897045373917, 0.607897043228, 0.222898393869, 0.175848767161, 0.158108144999, 0.342673331499, 0.656271457672, 0.530230522156, 0.229688346386, 0.164021879435, 0.174648582935, 0.402982890606, 0.617549657822, 0.476791739464, 0.610661029816, 0.969817578793, 0.648824989796, 0.226671054959, 0.173409670591, 0.179338976741, 0.537111759186]
    chords_key: "C"
    chords_scale: "major"
    key_key: "F"
    key_scale: "major"
    chords_progression: ["F", "F", "F", "F", "F", "F", "F", "F", "F", "F", "F", "F", "F", "F", "F", "F", "F", "F", "F", "F", "F", "F", "F", "F", "F", "F", "F", "F", "F", "F", "F", "F", "F", "Am", "Am", "Am", "Am", "Am", "Am", "Am", "Am", "Am", "Am", "Am", "Am", "Am", "F", "F", "F", "Am", "Am", "C", "C", "C", "C", "C", "C", "C", "C", "C", "C", "C", "C", "C", "C", "C", "C", "C", "C", "C", "C", "C", "C", "C", "C", "C", "C", "C", "C", "C", "C", "C", "C", "C", "C", "C", "C", "C", "C", "C", "C", "C", "C", "C", "C", "C", "C", "C", "C", "C", "C", "C", "C", "C", "C", "C", "C", "C", "C", "C", "C", "C", "C", "C", "C", "C", "C", "C", "C", "C", "C", "C", "C", "C", "Gm", "Gm", "Gm", "Gm", "Gm", "Gm", "Gm", "A#", "A#", "A#", "A#", "A#", "A#", "A#", "A#", "A#", "A#", "A#", "A#", "A#", "A#", "A#", "A#", "A#", "A#", "A#", "A#", "A#", "A#", "A#", "A#", "A#", "A#", "A#", "A#", "A#", "A#", "A#", "A#", "A#", "A#", "A#", "A#", "A#", "A#", "A#", "A#", "A#", "A#", "A#", "A#", "A#", "A#", "A#", "A#", "A#", "A#", "A#", "A#", "A#", "A#", "A#", "A#", "A#", "A#", "A#", "A#", "Dm", "Dm", "Dm", "Dm", "Dm", "Dm", "Dm", "Dm", "Dm", "Dm", "F", "F", "F", "F", "F", "F", "F", "F", "F", "F", "F", "F", "F", "C", "C"]
