
metadata:
    version:
        essentia: "1.2.2"
    audio_properties:
        analysis_sample_rate: 44100
        bitrate: 128
        channels: 2
        equal_loudness: 1
        length: 10.0048980713
        replay_gain: -4.25022888184
        downmix: "mix"
    tags:
        track: 16
        year: 0
        album: "Splitted by Mp3Splt v. 2.1"
        artist: "From 002.30 To 002.40"
        comment: "http://mp3splt.sf.net"
        genre: ""
        title: "05 Welcome Christmas (Reprise)"

highlevel:
    ballroom:
        all:
            ChaChaCha: 0.0006277791108
            Jive: 0.000239086090005
            Quickstep: 0.00182491762098
            Rumba-American: 0.00155104952864
            Rumba-International: 0.0158792696893
            Rumba-Misc: 0.0227638240904
            Samba: 0.000534305931069
            Tango: 0.0227731689811
            VienneseWaltz: 0.0842843577266
            Waltz: 0.849522233009
        probability: 0.849522233009
        value: "Waltz"
    culture:
        all:
            non_western: 0.00258305971511
            western: 0.997416913509
        probability: 0.997416913509
        value: "western"
    gender:
        all:
            female: 0.513790547848
            male: 0.48620942235
        probability: 0.513790547848
        value: "female"
    genre_dortmund:
        all:
            alternative: 0.0931751355529
            blues: 0.0251568164676
            electronic: 0.164156481624
            folkcountry: 0.265456229448
            funksoulrnb: 0.027224175632
            jazz: 0.312717586756
            pop: 0.045258205384
            raphiphop: 0.00535966129974
            rock: 0.0614957250655
        probability: 0.312717586756
        value: "jazz"
    genre_electronica:
        all:
            ambient: 0.993466317654
            dnb: 0.000836631224956
            house: 0.00301177427173
            techno: 0.000929161324166
            trance: 0.00175614538603
        probability: 0.993466317654
        value: "ambient"
    genre_rosamerica:
        all:
            cla: 0.95347648859
            dan: 0.00363713479601
            hip: 0.00159326102585
            jaz: 0.0224151276052
            pop: 0.00249187694862
            rhy: 0.0104920621961
            roc: 0.00265730801038
            spe: 0.00323674222454
        probability: 0.95347648859
        value: "cla"
    genre_tzanetakis:
        all:
            blu: 0.0097381034866
            cla: 0.905714273453
            cou: 0.0179822649807
            dis: 0.00503659760579
            hip: 0.00283645093441
            jaz: 0.0276238527149
            met: 0.00338920019567
            pop: 0.0110848546028
            reg: 0.00975487008691
            roc: 0.00683952635154
        probability: 0.905714273453
        value: "cla"
    live_studio:
        all:
            live: 0.348549932241
            studio: 0.651450037956
        probability: 0.651450037956
        value: "studio"
    mood:
        all:
            Cluster1: 0.104177303612
            Cluster2: 0.096401900053
            Cluster3: 0.617565691471
            Cluster4: 0.0990895032883
            Cluster5: 0.0827656313777
        probability: 0.617565691471
        value: "Cluster3"
    mood_acoustic:
        all:
            acoustic: 0.890911757946
            not_acoustic: 0.109088212252
        probability: 0.890911757946
        value: "acoustic"
    mood_aggressive:
        all:
            aggressive: 2.03051649805e-06
            not_aggressive: 0.999997973442
        probability: 0.999997973442
        value: "not_aggressive"
    mood_electronic:
        all:
            electronic: 0.2927955091
            not_electronic: 0.707204520702
        probability: 0.707204520702
        value: "not_electronic"
    mood_happy:
        all:
            happy: 0.144003227353
            not_happy: 0.855996787548
        probability: 0.855996787548
        value: "not_happy"
    mood_party:
        all:
            not_party: 0.987953424454
            party: 0.0120465811342
        probability: 0.987953424454
        value: "not_party"
    mood_relaxed:
        all:
            not_relaxed: 0.00617521628737
            relaxed: 0.993824779987
        probability: 0.993824779987
        value: "relaxed"
    mood_sad:
        all:
            not_sad: 0.0796128213406
            sad: 0.920387208462
        probability: 0.920387208462
        value: "sad"
    rhythm:
        all:
            fast: 0.00892548076808
            medium: 0.47981607914
            slow: 0.511258423328
        probability: 0.511258423328
        value: "slow"
    speech_music:
        all:
            music: 0.576218783855
            speech: 0.423781245947
        probability: 0.576218783855
        value: "music"
    timbre:
        all:
            bright: 0.788992106915
            dark: 0.211007922888
        probability: 0.788992106915
        value: "bright"
    voice_instrumental:
        all:
            instrumental: 0.953994572163
            voice: 0.0460054464638
        probability: 0.953994572163
        value: "instrumental"

lowlevel:
    average_loudness: 0.541246235371
    barkbands_kurtosis:
        dmean: 4.63291120529
        dmean2: 6.81834602356
        dvar: 55.3157806396
        dvar2: 136.294235229
        max: 79.0766296387
        mean: 12.7133255005
        min: -1.60502266884
        var: 303.202026367
    barkbands_skewness:
        dmean: 0.495802521706
        dmean2: 0.738131761551
        dvar: 0.283185720444
        dvar2: 0.690258145332
        max: 8.05602455139
        mean: 2.45498943329
        min: -1.00176441669
        var: 4.18113613129
    barkbands_spread:
        dmean: 1.90712189674
        dmean2: 2.8446791172
        dvar: 6.53607273102
        dvar2: 14.2721471786
        max: 43.8937454224
        mean: 9.63128471375
        min: 1.3875323534
        var: 39.2901916504
    dissonance:
        dmean: 0.0337130762637
        dmean2: 0.0556534714997
        dvar: 0.000840162916575
        dvar2: 0.00236904993653
        max: 0.489923626184
        mean: 0.401470690966
        min: 0.233982607722
        var: 0.00186474795919
    hfc:
        dmean: 0.315816670656
        dmean2: 0.465386003256
        dvar: 0.186753943563
        dvar2: 0.47216874361
        max: 4.57456874847
        mean: 1.11238074303
        min: 0.174671754241
        var: 1.04879951477
    pitch:
        dmean: 67.107925415
        dmean2: 129.341384888
        dvar: 12623.4169922
        dvar2: 32619.5917969
        max: 711.290344238
        mean: 248.707443237
        min: 70.2229309082
        var: 14626.2041016
    pitch_instantaneous_confidence:
        dmean: 0.0745744854212
        dmean2: 0.115199647844
        dvar: 0.00527164759114
        dvar2: 0.0132481809705
        max: 0.90740531683
        mean: 0.611484408379
        min: 0.281450867653
        var: 0.0212014894933
    pitch_salience:
        dmean: 0.0631651952863
        dmean2: 0.0982287600636
        dvar: 0.00306940381415
        dvar2: 0.00790030881763
        max: 0.771755993366
        mean: 0.524080038071
        min: 0.209605723619
        var: 0.0107214869931
    silence_rate_20dB:
        dmean: 0
        dmean2: 0
        dvar: 0
        dvar2: 0
        max: 1
        mean: 1
        min: 1
        var: 0
    silence_rate_30dB:
        dmean: 0
        dmean2: 0
        dvar: 0
        dvar2: 0
        max: 1
        mean: 1
        min: 1
        var: 0
    silence_rate_60dB:
        dmean: 0.0279069766402
        dmean2: 0.0536130517721
        dvar: 0.0271281879395
        dvar2: 0.0647247210145
        max: 1
        mean: 0.726218104362
        min: 0
        var: 0.198825374246
    spectral_centroid:
        dmean: 77.5135955811
        dmean2: 117.15146637
        dvar: 11747.9980469
        dvar2: 28113.2480469
        max: 2104.85546875
        mean: 677.65246582
        min: 275.735656738
        var: 188326.203125
    spectral_complexity:
        dmean: 0.941588759422
        dmean2: 1.62060892582
        dvar: 0.877432644367
        dvar2: 1.88416385651
        max: 9
        mean: 4.00932407379
        min: 0
        var: 2.99291563034
    spectral_crest:
        dmean: 2.3104031086
        dmean2: 3.57272386551
        dvar: 3.97114825249
        dvar2: 10.5789442062
        max: 25.2658042908
        mean: 12.5154256821
        min: 4.04969978333
        var: 20.0082149506
    spectral_decrease:
        dmean: 2.12737702454e-10
        dmean2: 3.16234427533e-10
        dvar: 1.25593714611e-19
        dvar2: 3.03521233724e-19
        max: -3.44463450819e-11
        mean: -6.428009236e-10
        min: -3.56061669038e-09
        var: 6.37480335845e-19
    spectral_energy:
        dmean: 0.000830547767691
        dmean2: 0.00123430625536
        dvar: 1.88738090401e-06
        dvar2: 4.56631460111e-06
        max: 0.0138179138303
        mean: 0.00252697314136
        min: 0.000147181955981
        var: 9.60820761975e-06
    spectral_energyband_high:
        dmean: 2.20815195462e-06
        dmean2: 3.70031307284e-06
        dvar: 1.16595982869e-10
        dvar2: 2.47655257413e-10
        max: 0.000180246090167
        mean: 5.35023809789e-06
        min: 2.56920912989e-07
        var: 1.38476188849e-10
    spectral_energyband_low:
        dmean: 1.86216548173e-05
        dmean2: 3.02039752569e-05
        dvar: 5.9316623835e-10
        dvar2: 1.86642745703e-09
        max: 0.000181190276635
        mean: 3.86501778848e-05
        min: 3.67619135133e-09
        var: 1.36457156685e-09
    spectral_energyband_middle_high:
        dmean: 4.58583635918e-05
        dmean2: 6.90456945449e-05
        dvar: 3.31994609581e-09
        dvar2: 7.89796583689e-09
        max: 0.00142727408092
        mean: 0.000189888567547
        min: 1.07303831101e-05
        var: 3.69119881327e-08
    spectral_energyband_middle_low:
        dmean: 0.000807439559139
        dmean2: 0.00119995989371
        dvar: 1.89692241293e-06
        dvar2: 4.58732483821e-06
        max: 0.0135665405542
        mean: 0.00229308777489
        min: 5.76134261792e-05
        var: 9.49976856646e-06
    spectral_flatness_db:
        dmean: 0.0176975019276
        dmean2: 0.0266065169126
        dvar: 0.000255432125414
        dvar2: 0.00062634452479
        max: 0.367485821247
        mean: 0.271684885025
        min: 0.175164952874
        var: 0.00151617440861
    spectral_flux:
        dmean: 0.00474748993292
        dmean2: 0.00789370480925
        dvar: 4.36664340668e-05
        dvar2: 0.000109819360659
        max: 0.0687128901482
        mean: 0.0169579852372
        min: 0.00283573940396
        var: 0.000168843384017
    spectral_kurtosis:
        dmean: 4.51100921631
        dmean2: 7.74870157242
        dvar: 15.0331716537
        dvar2: 43.5348854065
        max: 46.301486969
        mean: 14.8031635284
        min: 2.25851869583
        var: 35.6819229126
    spectral_rms:
        dmean: 0.000201076894882
        dmean2: 0.000289480056381
        dvar: 6.40583621703e-08
        dvar2: 1.5306382295e-07
        max: 0.00367163331248
        mean: 0.00133285636548
        min: 0.000378935539629
        var: 6.88834063567e-07
    spectral_rolloff:
        dmean: 140.217193604
        dmean2: 246.496963501
        dvar: 105385.726562
        dvar2: 220528.15625
        max: 4263.57421875
        mean: 1013.16363525
        min: 258.3984375
        var: 711918.75
    spectral_skewness:
        dmean: 0.361252486706
        dmean2: 0.614445447922
        dvar: 0.087733194232
        dvar2: 0.245216995478
        max: 5.04430007935
        mean: 2.75922894478
        min: 1.22297382355
        var: 0.361033290625
    spectral_spread:
        dmean: 253478.890625
        dmean2: 395344.78125
        dvar: 514314665984
        dvar2: 524496666624
        max: 17641124
        mean: 2411026.75
        min: 1488922.875
        var: 677818269696
    spectral_strongpeak:
        dmean: 0.179747626185
        dmean2: 0.292415708303
        dvar: 0.0570555962622
        dvar2: 0.137081697583
        max: 3.46705150604
        mean: 0.485106110573
        min: 0.0216017644852
        var: 0.171817094088
    zerocrossingrate:
        dmean: 0.00418917927891
        dmean2: 0.00534136220813
        dvar: 1.86837260117e-05
        dvar2: 2.93988523481e-05
        max: 0.1142578125
        mean: 0.0390124209225
        min: 0.0107421875
        var: 0.000503206450958
    barkbands:
        dmean: [2.84735812706e-09, 2.81247503153e-06, 1.70726598299e-05, 2.53107264143e-05, 0.000440187577624, 0.000471580395242, 8.68506758707e-05, 1.93280629901e-05, 3.57182943844e-05, 1.21113553178e-05, 1.20095355669e-05, 8.7597172751e-06, 1.67444068211e-05, 1.79519338417e-06, 3.72895897272e-06, 4.36784603153e-06, 5.8211862779e-06, 1.71411611518e-05, 5.38460790267e-06, 2.74459762295e-06, 6.90739796028e-07, 2.43214401507e-07, 3.23059623497e-08, 6.00624128211e-09, 2.53534859773e-09, 7.86919751583e-10, 7.41641470459e-10]
        dmean2: [4.6112815788e-09, 4.14555734096e-06, 2.79987798422e-05, 4.35934780398e-05, 0.000651468464639, 0.000692388333846, 0.000135419875733, 2.85092974082e-05, 4.82028262923e-05, 1.96694691112e-05, 1.68860260601e-05, 1.3837098777e-05, 2.152000161e-05, 2.08977235161e-06, 5.82280517847e-06, 6.79289951222e-06, 9.29410634853e-06, 2.7348734875e-05, 8.58995281305e-06, 4.62499156129e-06, 1.08391077447e-06, 3.70747301304e-07, 5.31289288119e-08, 9.89332615831e-09, 3.90173893194e-09, 9.15447107008e-10, 8.18550505155e-10]
        dvar: [9.33166073299e-17, 2.11382526066e-11, 5.6598381537e-10, 3.17002935013e-09, 8.11141035229e-07, 8.67132257554e-07, 5.78366119441e-08, 8.59279647436e-10, 9.42633704426e-09, 4.58230176026e-10, 3.45437789484e-10, 2.79468087561e-10, 1.13816722713e-09, 1.14106493351e-11, 2.9568004295e-11, 9.3374204202e-11, 1.1747844364e-10, 2.36086639127e-09, 1.16298928821e-10, 1.12120375484e-10, 8.65717111713e-13, 1.90891478514e-13, 5.07447570766e-15, 3.38713361363e-16, 1.84956261478e-16, 1.61651579302e-16, 1.8125930677e-16]
        dvar2: [1.16733488284e-16, 4.04489393369e-11, 1.82724768649e-09, 1.0119182825e-08, 1.88616024843e-06, 2.10919370147e-06, 1.71037569885e-07, 1.77795989043e-09, 1.75215699727e-08, 1.21574572631e-09, 6.22948803652e-10, 6.938710162e-10, 1.8067223273e-09, 1.20878741044e-11, 6.06293140692e-11, 2.24505233848e-10, 3.16888959517e-10, 5.87946358266e-09, 3.09838238399e-10, 2.35605396304e-10, 2.20112079605e-12, 4.19087833013e-13, 1.30746455668e-14, 6.52876319782e-16, 2.7574898194e-16, 1.61522631771e-16, 1.811374002e-16]
        max: [1.94677653553e-07, 4.90581878694e-05, 0.000170687620994, 0.000577891478315, 0.0116097722203, 0.0114660356194, 0.00233767856844, 0.000461357878521, 0.00151601037942, 0.000293963879813, 0.000268933741609, 0.000234549093875, 0.000853374309372, 7.42779957363e-05, 7.98447072157e-05, 0.000143858938827, 0.000145650425111, 0.000916426477488, 0.000116649112897, 0.000178415095434, 1.06845427581e-05, 6.79572485751e-06, 9.15657096812e-07, 3.06915154624e-07, 2.60313356648e-07, 2.64679613338e-07, 2.79405298897e-07]
        mean: [5.48109646559e-09, 6.43221665086e-06, 3.22131090797e-05, 3.85545063182e-05, 0.000875227095094, 0.00111125479452, 0.000147364684381, 4.38744282292e-05, 7.58303067414e-05, 2.34461131186e-05, 2.41272591666e-05, 1.68794449564e-05, 4.64875520265e-05, 5.21392075825e-06, 8.38800860947e-06, 7.2876023296e-06, 1.46687007145e-05, 3.13713717333e-05, 1.04475975604e-05, 5.4192009884e-06, 1.78337484158e-06, 5.89367232351e-07, 8.77769181784e-08, 1.46614578256e-08, 7.06321623412e-09, 1.11640818812e-09, 7.3004824408e-10]
        min: [2.80411631415e-12, 5.15112064114e-10, 5.59147117496e-10, 7.77553132991e-10, 9.9678436527e-07, 1.60717445397e-06, 3.06561361185e-07, 3.61448286412e-07, 1.78189043254e-06, 4.00216293883e-07, 1.49701435248e-07, 2.46021329531e-07, 2.06454814133e-07, 5.45296572341e-08, 2.83758737396e-07, 3.26543187157e-07, 2.81220593479e-07, 4.36237769463e-07, 4.73520287869e-07, 1.73028652739e-07, 5.96085385496e-08, 1.15244462862e-08, 1.77079750863e-09, 1.02460351314e-09, 8.89133489057e-10, 9.29404053718e-11, 1.90835926705e-13]
        var: [1.40727972916e-16, 8.45525177651e-11, 1.06181341497e-09, 4.28428759136e-09, 2.37199151343e-06, 3.41287500305e-06, 1.27014928353e-07, 2.60837240695e-09, 2.02010728145e-08, 1.35782951549e-09, 1.31161814743e-09, 7.17754689017e-10, 1.13217408781e-08, 1.00476515996e-10, 1.08578465663e-10, 1.45791559381e-10, 3.31811356169e-10, 6.53378240401e-09, 1.84736601017e-10, 1.33494673649e-10, 2.90970437848e-12, 7.75576976773e-13, 2.32513305349e-14, 5.11535002369e-16, 2.2692841161e-16, 1.62567433676e-16, 1.81476306023e-16]
    mfcc:
        mean: [-869.006286621, 191.155441284, -63.4631729126, 48.1487693787, -30.341217041, -21.9646549225, -14.327091217, -18.3131084442, -16.6111679077, -17.9783821106, -10.2884731293, -8.05926036835, -10.0886030197]
        cov: [[1893.75366211, -88.4798278809, 850.76763916, 308.931976318, 154.541046143, 339.489227295, -160.315933228, 18.9372425079, -261.801269531, -321.645446777, -223.39112854, 14.3057012558, 129.45539856], [-88.4798278809, 860.486206055, 473.809448242, 274.292388916, 244.714660645, 255.359451294, 366.858978271, 85.4641494751, 233.159805298, 149.253112793, -148.429962158, -91.732170105, 71.0691299438], [850.76763916, 473.809448242, 1066.52294922, 408.93762207, 246.719787598, 351.250854492, 159.841506958, 74.2289352417, 38.3098716736, -63.7096977234, -273.678344727, -95.6746368408, 161.775604248], [308.931976318, 274.292388916, 408.93762207, 361.99307251, 118.777015686, 164.494644165, 144.25402832, 44.0041618347, 113.986778259, 82.3924865723, -54.4232025146, -12.4295778275, 45.8998947144], [154.541046143, 244.714660645, 246.719787598, 118.777015686, 164.629257202, 129.990539551, 83.4546737671, 25.1044559479, 52.2589797974, 13.7393159866, -84.0753250122, -53.3303375244, 21.1541080475], [339.489227295, 255.359451294, 351.250854492, 164.494644165, 129.990539551, 220.797836304, 125.514976501, 36.9554977417, 35.1660232544, -15.6631422043, -92.8166809082, -24.0644645691, 52.7797622681], [-160.315933228, 366.858978271, 159.841506958, 144.25402832, 83.4546737671, 125.514976501, 289.564117432, 82.3477172852, 148.945510864, 119.715568542, -42.0815467834, -4.93040180206, 47.4145469666], [18.9372425079, 85.4641494751, 74.2289352417, 44.0041618347, 25.1044559479, 36.9554977417, 82.3477172852, 93.4653091431, 57.6406326294, 19.4394874573, -20.1034412384, -3.60548472404, 20.1011676788], [-261.801269531, 233.159805298, 38.3098716736, 113.986778259, 52.2589797974, 35.1660232544, 148.945510864, 57.6406326294, 206.715667725, 150.526412964, 6.10101413727, -11.2158918381, 0.331069648266], [-321.645446777, 149.253112793, -63.7096977234, 82.3924865723, 13.7393159866, -15.6631422043, 119.715568542, 19.4394874573, 150.526412964, 222.478485107, 52.2520217896, 1.0213714838, -21.2337703705], [-223.39112854, -148.429962158, -273.678344727, -54.4232025146, -84.0753250122, -92.8166809082, -42.0815467834, -20.1034412384, 6.10101413727, 52.2520217896, 170.009674072, 60.8326301575, -65.2629470825], [14.3057012558, -91.732170105, -95.6746368408, -12.4295778275, -53.3303375244, -24.0644645691, -4.93040180206, -3.60548472404, -11.2158918381, 1.0213714838, 60.8326301575, 108.681236267, 16.2968711853], [129.45539856, 71.0691299438, 161.775604248, 45.8998947144, 21.1541080475, 52.7797622681, 47.4145469666, 20.1011676788, 0.331069648266, -21.2337703705, -65.2629470825, 16.2968711853, 110.263298035]]
        icov: [[0.00277722603641, 0.000467999692773, -0.000563149049412, -0.00222818297334, -4.02389123337e-05, -0.00375256524421, 0.00321489665657, -0.00258620409295, 0.00307348417118, 0.000188520149095, 0.00160842691548, -0.00215388368815, 0.000381914607715], [0.000467999692773, 0.00482352264225, -0.000987081439234, 0.000287951988867, -0.00306685850956, -0.000660651596263, -0.00395919010043, 0.00183616648428, -0.00174485484604, 0.000271207565675, 0.000302586850012, 0.00104818376713, 2.39600776695e-05], [-0.000563149049412, -0.000987081439234, 0.00470482325181, -0.00313668325543, 0.000332082796376, -0.00225147581659, 0.00143277843017, -0.00104379327968, 0.000692446832545, 0.000208725323319, 0.00244916393422, 0.0017905740533, -0.00248842965811], [-0.00222818297334, 0.000287951988867, -0.00313668325543, 0.00991445872933, -0.00103732198477, 0.00170069374144, -0.00342453387566, 0.00315866759047, -0.00489428685978, -0.00200807489455, -0.00363945774734, 0.000181757612154, 0.000634034920949], [-4.02389123337e-05, -0.00306685850956, 0.000332082796376, -0.00103732198477, 0.0173006188124, -0.00693133333698, 0.00339898932725, -0.000816070940346, -0.000871178577654, -0.000799364061095, 0.00310250069015, 0.00255923951045, 0.00196113530546], [-0.00375256524421, -0.000660651596263, -0.00225147581659, 0.00170069374144, -0.00693133333698, 0.0217650253326, -0.0100965192541, 0.00486269127578, -0.0029819807969, 0.00347937969491, -0.00293082650751, 0.000469940103358, 0.00066838238854], [0.00321489665657, -0.00395919010043, 0.00143277843017, -0.00342453387566, 0.00339898932725, -0.0100965192541, 0.0179040525109, -0.0095196524635, 0.00329757202417, -0.00390728842467, 0.00330300652422, -0.00415719486773, -0.00187482568435], [-0.00258620409295, 0.00183616648428, -0.00104379327968, 0.00315866759047, -0.000816070940346, 0.00486269127578, -0.0095196524635, 0.0199016928673, -0.00863897334784, 0.00362714077346, -0.00218928605318, 0.00262635736726, -0.000595731369685], [0.00307348417118, -0.00174485484604, 0.000692446832545, -0.00489428685978, -0.000871178577654, -0.0029819807969, 0.00329757202417, -0.00863897334784, 0.0186667423695, -0.00664808414876, 0.00231900601648, -0.00246479455382, 0.000689621607307], [0.000188520149095, 0.000271207565675, 0.000208725323319, -0.00200807489455, -0.000799364061095, 0.00347937969491, -0.00390728842467, 0.00362714077346, -0.00664808414876, 0.0126562826335, -0.00287430267781, 0.00125154783018, 0.00021136374562], [0.00160842691548, 0.000302586850012, 0.00244916393422, -0.00363945774734, 0.00310250069015, -0.00293082650751, 0.00330300652422, -0.00218928605318, 0.00231900601648, -0.00287430267781, 0.0177754610777, -0.00796302128583, 0.0067621525377], [-0.00215388368815, 0.00104818376713, 0.0017905740533, 0.000181757612154, 0.00255923951045, 0.000469940103358, -0.00415719486773, 0.00262635736726, -0.00246479455382, 0.00125154783018, -0.00796302128583, 0.0185347534716, -0.00746083445847], [0.000381914607715, 2.39600776695e-05, -0.00248842965811, 0.000634034920949, 0.00196113530546, 0.00066838238854, -0.00187482568435, -0.000595731369685, 0.000689621607307, 0.00021136374562, 0.0067621525377, -0.00746083445847, 0.017354760319]]
    spectral_contrast:
        mean: [7.48140749351e-08, 3.34234101729e-07, 5.41426231848e-07, 1.19712936453e-07, -3.61413952987e-07, 4.49396793556e-07, -2.90187085739e-06, 1.05753088064e-06, -3.40413384947e-06, -1.89790085869e-07, 7.09864934834e-06, -1.85066170388e-07]
        var: [0.00030385015998, 0.000700352131389, 0.00156048475765, 0.00173381459899, 0.00291740638204, 0.00627672858536, 0.0357769615948, 0.0600315034389, 0.0917288139462, 0.167196512222, 0.84603613615, 2.13525509834]

rhythm:
    beats_loudness:
        dmean: 0.00180534902029
        dmean2: 0.00262592290528
        dvar: 4.18544277636e-06
        dvar2: 1.2338848137e-05
        max: 0.0112084457651
        mean: 0.00304446835071
        min: 0.000238971129875
        var: 9.93774301605e-06
    beats_loudness_bass:
        dmean: 0.08139898628
        dmean2: 0.155862301588
        dvar: 0.0091626374051
        dvar2: 0.0235179588199
        max: 0.320650935173
        mean: 0.0622379593551
        min: 1.79341241164e-05
        var: 0.00847783498466
    bpm: 103.70565033
    bpm_confidence: 0
    first_peak_bpm: 104
    first_peak_spread: 0
    first_peak_weight: 0.5
    onset_rate: 2.29887413979
    second_peak_bpm: 162
    second_peak_spread: 0
    second_peak_weight: 0.449999988079
    beats_position: [0.119451470673, 0.698025047779, 1.27659857273, 1.85517215729, 2.43374562263, 3.0123193264, 3.59089279175, 4.16946649551, 4.74803972244, 5.32661342621, 5.90518712997, 6.4158411026, 6.7866692543, 7.15749788284, 7.52832603455, 7.89915513992, 8.26998329163, 8.64081192017, 9.01163959503, 9.38246822357, 9.75329589844]
    bpm_estimates: [104.196670532, 103.214630127]
    bpm_intervals: [0.578573584557, 0.578573524952, 0.578573584557, 0.578573465347, 0.578573703766, 0.578573465347, 0.578573703766, 0.578573226929, 0.578573703766, 0.578573703766, 0.510653972626, 0.370828151703, 0.37082862854, 0.370828151703, 0.370829105377, 0.370828151703, 0.37082862854, 0.370827674866, 0.37082862854, 0.370827674866]
    onset_times: [0.0464399084449, 1.4164172411, 2.28716564178, 3.47138333321, 4.00544214249, 4.31891155243, 4.62077093124, 6.44353723526, 7.01242637634, 7.27945566177, 7.40716552734, 7.58131504059, 7.74385499954, 7.90639448166, 8.04571437836, 8.23147392273, 8.4172334671, 8.80036258698, 9.10222244263, 9.47374153137, 9.70594120026, 9.79882049561, 9.90331077576]
    rubato_start: [6.7866692543]
    rubato_stop: [9.75329589844]
    perceptual_tempo: "unknown"

sfx:
    inharmonicity:
        dmean: 0.0427802018821
        dmean2: 0.0788266211748
        dvar: 0.00456528970972
        dvar2: 0.0123678408563
        max: 0.437415838242
        mean: 0.041265565902
        min: 6.89889930072e-06
        var: 0.00539195444435
    oddtoevenharmonicenergyratio:
        dmean: 17.5427398682
        dmean2: 34.223197937
        dvar: 19595.59375
        dvar2: 58613.8984375
        max: 1986.39245605
        mean: 9.71022987366
        min: 2.65568251052e-05
        var: 9878.91210938
    pitch_after_max_to_before_max_energy_ratio: 54.5937728882
    pitch_centroid: 205.31628418
    pitch_max_to_total: 0.00699300691485
    pitch_min_to_total: 0.305361300707
    tristimulus:
        dmean: [0.261414855719, 0.290056735277, 0.0542547404766]
        dmean2: [0.473904103041, 0.526639044285, 0.097531594336]
        dvar: [0.0617481656373, 0.0751554965973, 0.00615123426542]
        dvar2: [0.17223867774, 0.202954605222, 0.0168297253549]
        max: [0.99487310648, 0.997132956982, 0.580842018127]
        mean: [0.493945926428, 0.410955160856, 0.0485102012753]
        min: [0.000418831390562, 0, 0]
        var: [0.101776503026, 0.0969135388732, 0.0054498417303]

tonal:
    chords_changes_rate: 0.0416666679084
    chords_number_rate: 0.0231481473893
    chords_strength:
        dmean: 0.00598056148738
        dmean2: 0.00480546941981
        dvar: 2.00995473278e-05
        dvar2: 2.06824206543e-05
        max: 0.775710165501
        mean: 0.585625708103
        min: 0.234159886837
        var: 0.0156077863649
    key_strength: 0.76901948452
    tuning_diatonic_strength: 0.58983951807
    tuning_equal_tempered_deviation: 0.110257588327
    tuning_frequency: 446.399932861
    tuning_nontempered_energy_ratio: 0.676452755928
    hpcp:
        dmean: [0.0819491073489, 0.0910404399037, 0.118571065366, 0.0958208292723, 0.0660509988666, 0.0201241243631, 0.0123280882835, 0.0223741568625, 0.0738433673978, 0.0889338180423, 0.0459585413337, 0.0456326045096, 0.0640558004379, 0.0680220648646, 0.0995884910226, 0.102367244661, 0.0783767849207, 0.0670701637864, 0.040384285152, 0.0189352985471, 0.0384492389858, 0.0538364723325, 0.0679079815745, 0.173613846302, 0.147326797247, 0.0971372649074, 0.0277244895697, 0.0232154801488, 0.0402600802481, 0.0604710504413, 0.0692348256707, 0.0422650799155, 0.0370638333261, 0.0574165359139, 0.0617475323379, 0.0613462626934]
        dmean2: [0.129799365997, 0.15346814692, 0.186255082488, 0.149871826172, 0.110084444284, 0.0365690141916, 0.0188772641122, 0.0342591106892, 0.11185105145, 0.136520221829, 0.075261220336, 0.0692652612925, 0.106321580708, 0.114556118846, 0.160452798009, 0.155511140823, 0.139072656631, 0.124798029661, 0.0661314055324, 0.0324807725847, 0.0672723725438, 0.0961889252067, 0.113049782813, 0.279494762421, 0.244221970439, 0.159465625882, 0.0506579987705, 0.0399961397052, 0.0698620975018, 0.0981502905488, 0.108845308423, 0.0688666552305, 0.0582701861858, 0.100305728614, 0.114934638143, 0.105003066361]
        dvar: [0.0224746726453, 0.0256554894149, 0.0385045595467, 0.0342265702784, 0.0150190051645, 0.00224603503011, 0.00436875643209, 0.00540795596316, 0.0127163724974, 0.017871202901, 0.00388926081359, 0.0107376445085, 0.02394384332, 0.0185602679849, 0.0321812368929, 0.0302321854979, 0.0314639210701, 0.0308348052204, 0.0126076014712, 0.00189491664059, 0.0153008727357, 0.0327118113637, 0.0111134462059, 0.0403950102627, 0.0457764975727, 0.0170952100307, 0.00857534445822, 0.0061248592101, 0.0101480232552, 0.0162546373904, 0.0169370416552, 0.003346480662, 0.00805165152997, 0.0162777788937, 0.0176172330976, 0.0142771787941]
        dvar2: [0.063181810081, 0.0659905150533, 0.0935815274715, 0.0669601708651, 0.036250103265, 0.00654542259872, 0.00496445083991, 0.00698812445626, 0.0272408556193, 0.0376505590975, 0.00891176983714, 0.0219329968095, 0.0600292943418, 0.0535508841276, 0.0810580402613, 0.0696566402912, 0.0822462961078, 0.0850116983056, 0.0301302187145, 0.00537686096504, 0.0422104373574, 0.092118434608, 0.0290766060352, 0.100510776043, 0.102646246552, 0.039431001991, 0.024095127359, 0.0135184358805, 0.0244897287339, 0.0398319624364, 0.0428750142455, 0.00788889173418, 0.0143552208319, 0.040630813688, 0.0514071173966, 0.0407865345478]
        max: [1, 1, 1, 1, 0.928561091423, 0.297372698784, 0.956140458584, 1, 0.833942472935, 1, 0.475065916777, 0.997356116772, 1, 1, 1, 1, 1, 1, 1, 0.357194721699, 0.824402213097, 1, 0.651369512081, 1, 1, 1, 0.984512507915, 1, 1, 1, 1, 0.549983024597, 0.929660379887, 1, 0.840639948845, 0.823561429977]
        mean: [0.102542430162, 0.101200141013, 0.223445773125, 0.273593634367, 0.116011686623, 0.0173087213188, 0.0114765483886, 0.0260095987469, 0.130531966686, 0.166799351573, 0.072945304215, 0.0721306800842, 0.0875177308917, 0.0747214630246, 0.144064322114, 0.156660154462, 0.0820728763938, 0.0560136176646, 0.0396638661623, 0.019172238186, 0.030555376783, 0.0375650003552, 0.078970387578, 0.447872102261, 0.652350187302, 0.283219784498, 0.0224813204259, 0.0280945878476, 0.059134170413, 0.11449483037, 0.117165021598, 0.0563732944429, 0.0679728388786, 0.0953989699483, 0.062786526978, 0.0750604346395]
        min: [0.00136082887184, 0.00046188099077, 0.000100426463177, 0.000121903722174, 0.000206724944292, 0.000217708729906, 8.04043520475e-05, 0.0003507292422, 0.000393284804886, 0.000310168747092, 9.53347116592e-05, 7.73423744249e-05, 0.000133131601615, 0.000241571600782, 0.00018963344337, 0.000132650107844, 0.000261842797045, 0.000228133998462, 0.000163310847711, 0.000101626486867, 0.000104349957837, 9.73748974502e-05, 0.000311254349072, 0.00142553588375, 0.00129693688359, 0.000887243426405, 8.12605794636e-05, 7.35774665372e-05, 7.32494518161e-05, 0.000146152247908, 0.000325826695189, 0.000225692405365, 8.67782728164e-05, 3.64633888239e-05, 4.87871147925e-05, 0.0010324124014]
        var: [0.0296855941415, 0.030625173822, 0.0905495658517, 0.147176936269, 0.0325377322733, 0.00177488534246, 0.00451459968463, 0.00579633470625, 0.0331192091107, 0.051526684314, 0.00831884611398, 0.0309030842036, 0.0477270185947, 0.0197483468801, 0.0590681023896, 0.0666460320354, 0.0306907016784, 0.0224486850202, 0.011449880898, 0.00135335687082, 0.00884774327278, 0.0185047145933, 0.0135146072134, 0.0756815373898, 0.152936369181, 0.0487977676094, 0.00562184443697, 0.0145507501438, 0.0306559801102, 0.0486059598625, 0.0446858741343, 0.0078654428944, 0.0293780565262, 0.0590789727867, 0.0179479215294, 0.0170262735337]
    chords_histogram: [32.8703689575, 24.0740737915, 4.16666650772, 0, 0, 0, 0, 0, 0, 0, 0, 0, 0, 0, 0, 0, 0, 0, 14.3518514633, 24.5370368958, 0, 0, 0, 0]
    thpcp: [1, 0.43415299058, 0.0344620421529, 0.0430667288601, 0.0906478911638, 0.175511300564, 0.179604485631, 0.0864156931639, 0.104196853936, 0.14623889327, 0.0962466597557, 0.115061566234, 0.157189235091, 0.155131623149, 0.342524260283, 0.419396877289, 0.17783652246, 0.0265328679234, 0.0175926182419, 0.039870608598, 0.200094938278, 0.255689889193, 0.111819244921, 0.11057049036, 0.134157598019, 0.114541947842, 0.220838934183, 0.240147322416, 0.125811070204, 0.0858643427491, 0.0608014948666, 0.0293894875795, 0.0468389168382, 0.0575841031969, 0.121055208147, 0.686551630497]
    chords_key: "A#"
    chords_scale: "major"
    key_key: "A#"
    key_scale: "major"
    chords_progression: ["Fm", "Fm", "Fm", "Fm", "Fm", "Fm", "Fm", "Fm", "Fm", "Fm", "Fm", "Fm", "Fm", "Fm", "Fm", "Fm", "Fm", "Fm", "Fm", "Fm", "Fm", "Fm", "F", "F", "F", "Fm", "Fm", "Fm", "Fm", "Fm", "Fm", "Fm", "Fm", "Fm", "Fm", "Fm", "Fm", "Fm", "Fm", "Fm", "Fm", "Fm", "Fm", "Fm", "Fm", "Fm", "Fm", "C#", "C#", "C#", "C#", "C#", "C#", "C#", "C#", "C#", "C#", "C#", "C#", "C#", "C#", "C#", "C#", "C#", "C#", "C#", "C#", "C#", "C#", "C#", "C#", "C#", "C#", "C#", "C#", "C#", "C#", "C#", "Fm", "Fm", "Fm", "Fm", "Fm", "Fm", "Fm", "Fm", "Fm", "F", "F", "F", "F", "F", "F", "A#", "A#", "A#", "A#", "A#", "A#", "A#", "A#", "A#", "A#", "A#", "A#", "A#", "A#", "A#", "A#", "A#", "A#", "A#", "A#", "A#", "A#", "A#", "A#", "A#", "A#", "A#", "A#", "A#", "A#", "A#", "A#", "A#", "A#", "A#", "A#", "A#", "A#", "A#", "A#", "A#", "A#", "A#", "A#", "A#", "A#", "A#", "A#", "A#", "A#", "A#", "A#", "A#", "A#", "A#", "A#", "A#", "A#", "A#", "A#", "A#", "A#", "A#", "A#", "A#", "A#", "A#", "A#", "A#", "A#", "Dm", "Dm", "Dm", "Dm", "Dm", "Dm", "Dm", "Dm", "Dm", "Dm", "Dm", "A#", "Dm", "Dm", "Dm", "Dm", "Dm", "Dm", "Dm", "Dm", "Dm", "Dm", "Dm", "Dm", "Dm", "Dm", "Dm", "Dm", "Dm", "Dm", "Dm", "Dm", "Dm", "Dm", "Dm", "Dm", "Dm", "Dm", "Dm", "Dm", "Dm", "Dm", "Dm", "Dm", "Dm", "Dm", "Dm", "Dm", "Dm", "Dm", "Dm", "Dm", "Dm"]
