
metadata:
    version:
        essentia: "1.2.2"
    audio_properties:
        analysis_sample_rate: 44100
        bitrate: 128
        channels: 2
        equal_loudness: 1
        length: 10.0048980713
        replay_gain: -1.95860481262
        downmix: "mix"
    tags:
        track: 53
        year: 0
        album: "Splitted by Mp3Splt v. 2.1"
        artist: "From 008.40 To 008.50"
        comment: "http://mp3splt.sf.net"
        genre: ""
        title: "01 Someday My Prince Will Come"

highlevel:
    ballroom:
        all:
            ChaChaCha: 0.00137709721457
            Jive: 0.000909502035938
            Quickstep: 0.00870029255748
            Rumba-American: 0.0301165990531
            Rumba-International: 0.0132308667526
            Rumba-Misc: 0.0313223861158
            Samba: 0.00126751698554
            Tango: 0.123518362641
            VienneseWaltz: 0.284910678864
            Waltz: 0.504646718502
        probability: 0.504646718502
        value: "Waltz"
    culture:
        all:
            non_western: 0.0384305454791
            western: 0.961569428444
        probability: 0.961569428444
        value: "western"
    gender:
        all:
            female: 0.982621252537
            male: 0.0173787400126
        probability: 0.982621252537
        value: "female"
    genre_dortmund:
        all:
            alternative: 0.00499510159716
            blues: 0.0101374955848
            electronic: 0.0426209308207
            folkcountry: 0.016351941973
            funksoulrnb: 0.0121715469286
            jazz: 0.891372740269
            pop: 0.00887031760067
            raphiphop: 0.00225106999278
            rock: 0.01122884918
        probability: 0.891372740269
        value: "jazz"
    genre_electronica:
        all:
            ambient: 0.983028411865
            dnb: 0.00188250665087
            house: 0.00440330710262
            techno: 0.000597901118454
            trance: 0.0100878467783
        probability: 0.983028411865
        value: "ambient"
    genre_rosamerica:
        all:
            cla: 0.127424925566
            dan: 0.000409397965996
            hip: 0.000963324855547
            jaz: 0.858619570732
            pop: 0.00452315062284
            rhy: 0.00467556761578
            roc: 0.00114542280789
            spe: 0.00223860982805
        probability: 0.858619570732
        value: "jaz"
    genre_tzanetakis:
        all:
            blu: 0.000388400279917
            cla: 0.963703155518
            cou: 0.000695665017702
            dis: 0.000747638114262
            hip: 0.000358657882316
            jaz: 0.0282882340252
            met: 0.000277523766272
            pop: 0.00383971142583
            reg: 0.00128669838887
            roc: 0.000414285139414
        probability: 0.963703155518
        value: "cla"
    live_studio:
        all:
            live: 0.18676930666
            studio: 0.81323069334
        probability: 0.81323069334
        value: "studio"
    mood:
        all:
            Cluster1: 0.0233728792518
            Cluster2: 0.344355404377
            Cluster3: 0.487546622753
            Cluster4: 0.12728998065
            Cluster5: 0.0174351371825
        probability: 0.487546622753
        value: "Cluster3"
    mood_acoustic:
        all:
            acoustic: 0.903775632381
            not_acoustic: 0.0962243750691
        probability: 0.903775632381
        value: "acoustic"
    mood_aggressive:
        all:
            aggressive: 5.07509014369e-07
            not_aggressive: 0.999999463558
        probability: 0.999999463558
        value: "not_aggressive"
    mood_electronic:
        all:
            electronic: 0.418062925339
            not_electronic: 0.581937074661
        probability: 0.581937074661
        value: "not_electronic"
    mood_happy:
        all:
            happy: 0.0719018653035
            not_happy: 0.928098142147
        probability: 0.928098142147
        value: "not_happy"
    mood_party:
        all:
            not_party: 0.982805848122
            party: 0.0171941686422
        probability: 0.982805848122
        value: "not_party"
    mood_relaxed:
        all:
            not_relaxed: 0.00605315202847
            relaxed: 0.9939468503
        probability: 0.9939468503
        value: "relaxed"
    mood_sad:
        all:
            not_sad: 0.0809533819556
            sad: 0.919046640396
        probability: 0.919046640396
        value: "sad"
    rhythm:
        all:
            fast: 0.341901272535
            medium: 0.593571305275
            slow: 0.064527399838
        probability: 0.593571305275
        value: "medium"
    speech_music:
        all:
            music: 0.101608283818
            speech: 0.898391723633
        probability: 0.898391723633
        value: "speech"
    timbre:
        all:
            bright: 0.907445788383
            dark: 0.0925542116165
        probability: 0.907445788383
        value: "bright"
    voice_instrumental:
        all:
            instrumental: 0.999989151955
            voice: 1.08206986624e-05
        probability: 0.999989151955
        value: "instrumental"

lowlevel:
    average_loudness: 0.970259845257
    barkbands_kurtosis:
        dmean: 2.7459602356
        dmean2: 4.11926698685
        dvar: 12.6064682007
        dvar2: 24.0332298279
        max: 33.0562515259
        mean: 4.39023113251
        min: -1.66381633282
        var: 30.7997779846
    barkbands_skewness:
        dmean: 0.559189975262
        dmean2: 0.802168548107
        dvar: 0.262650072575
        dvar2: 0.430688917637
        max: 5.57075405121
        mean: 1.75398433208
        min: -2.17136645317
        var: 1.25143754482
    barkbands_spread:
        dmean: 2.92543005943
        dmean2: 4.37964200974
        dvar: 10.2168903351
        dvar2: 21.3355712891
        max: 30.0738124847
        mean: 9.68480491638
        min: 1.21271502972
        var: 31.1239585876
    dissonance:
        dmean: 0.0424549095333
        dmean2: 0.0708200633526
        dvar: 0.0015334894415
        dvar2: 0.00368994986638
        max: 0.499999523163
        mean: 0.404184669256
        min: 0.138015195727
        var: 0.00289593497291
    hfc:
        dmean: 1.28546094894
        dmean2: 1.65350437164
        dvar: 2.53262662888
        dvar2: 4.68372535706
        max: 17.7464942932
        mean: 2.82266068459
        min: 0.0118650123477
        var: 6.61281061172
    pitch:
        dmean: 80.2187194824
        dmean2: 152.640686035
        dvar: 22360.9433594
        dvar2: 48753.6171875
        max: 1050
        mean: 463.760406494
        min: 104.009437561
        var: 37038.5
    pitch_instantaneous_confidence:
        dmean: 0.0906523168087
        dmean2: 0.146510824561
        dvar: 0.00921585876495
        dvar2: 0.0215635336936
        max: 0.969877123833
        mean: 0.748026669025
        min: 0.329186320305
        var: 0.0221746433526
    pitch_salience:
        dmean: 0.0853459239006
        dmean2: 0.134715333581
        dvar: 0.00655699847266
        dvar2: 0.0156623814255
        max: 0.764969468117
        mean: 0.420160233974
        min: 0.11408495903
        var: 0.0138069307432
    silence_rate_20dB:
        dmean: 0
        dmean2: 0
        dvar: 0
        dvar2: 0
        max: 1
        mean: 1
        min: 1
        var: 0
    silence_rate_30dB:
        dmean: 0
        dmean2: 0
        dvar: 0
        dvar2: 0
        max: 1
        mean: 1
        min: 1
        var: 0
    silence_rate_60dB:
        dmean: 0.162412986159
        dmean2: 0.325581401587
        dvar: 0.136035427451
        dvar2: 0.252136290073
        max: 1
        mean: 0.606481492519
        min: 0
        var: 0.238661706448
    spectral_centroid:
        dmean: 128.469436646
        dmean2: 196.564727783
        dvar: 25339.6308594
        dvar2: 51211.6445312
        max: 1971.45471191
        mean: 911.140808105
        min: 350.952758789
        var: 71205.640625
    spectral_complexity:
        dmean: 1.60930228233
        dmean2: 2.42191147804
        dvar: 2.57293581963
        dvar2: 5.45135688782
        max: 13
        mean: 5.06032466888
        min: 0
        var: 6.66921329498
    spectral_crest:
        dmean: 3.02072691917
        dmean2: 4.73401927948
        dvar: 7.68686628342
        dvar2: 15.6723613739
        max: 25.4670619965
        mean: 13.8378305435
        min: 3.87171936035
        var: 26.0270900726
    spectral_decrease:
        dmean: 3.82095216578e-10
        dmean2: 4.99877306215e-10
        dvar: 2.35018581488e-19
        dvar2: 4.07564424761e-19
        max: -8.67241608388e-12
        mean: -8.08861533308e-10
        min: -5.45304112975e-09
        var: 6.09995502234e-19
    spectral_energy:
        dmean: 0.00155493465718
        dmean2: 0.0020309695974
        dvar: 3.84207078241e-06
        dvar2: 6.68227403366e-06
        max: 0.0221906788647
        mean: 0.00330885266885
        min: 3.38076933986e-05
        var: 1.00050783658e-05
    spectral_energyband_high:
        dmean: 1.25503902382e-05
        dmean2: 1.76312478288e-05
        dvar: 1.10750131288e-09
        dvar2: 2.0973127679e-09
        max: 0.000552061246708
        mean: 1.53199962369e-05
        min: 1.15343645746e-09
        var: 1.54200630043e-09
    spectral_energyband_low:
        dmean: 7.14947248071e-07
        dmean2: 1.15301588721e-06
        dvar: 7.42811194498e-13
        dvar2: 1.89265855592e-12
        max: 8.27611802379e-06
        mean: 9.79106175691e-07
        min: 4.75948613854e-09
        var: 9.12885760908e-13
    spectral_energyband_middle_high:
        dmean: 0.000402307836339
        dmean2: 0.000531154801138
        dvar: 4.18834105176e-07
        dvar2: 8.26005702947e-07
        max: 0.010456636548
        mean: 0.000905003340449
        min: 1.44774401178e-06
        var: 1.42580529428e-06
    spectral_energyband_middle_low:
        dmean: 0.0012454300886
        dmean2: 0.00164620997384
        dvar: 3.18524689646e-06
        dvar2: 5.39654593013e-06
        max: 0.0205441173166
        mean: 0.00238755135797
        min: 5.58400643058e-06
        var: 7.72093062551e-06
    spectral_flatness_db:
        dmean: 0.03059245646
        dmean2: 0.044631652534
        dvar: 0.000745710218325
        dvar2: 0.00144824536983
        max: 0.40791323781
        mean: 0.293601721525
        min: 0.167793080211
        var: 0.0024665996898
    spectral_flux:
        dmean: 0.012691882439
        dmean2: 0.0204108431935
        dvar: 0.000190437363926
        dvar2: 0.000451432657428
        max: 0.114912100136
        mean: 0.0243507642299
        min: 0.00346787739545
        var: 0.000250154378591
    spectral_kurtosis:
        dmean: 9.62191009521
        dmean2: 15.7037448883
        dvar: 66.9920883179
        dvar2: 178.596847534
        max: 70.6551361084
        mean: 20.1046600342
        min: 3.0924987793
        var: 139.907089233
    spectral_rms:
        dmean: 0.000412543973653
        dmean2: 0.000521659094375
        dvar: 1.69446764176e-07
        dvar2: 2.98164849255e-07
        max: 0.00465289596468
        mean: 0.00161640788428
        min: 0.000181612544111
        var: 6.15372812263e-07
    spectral_rolloff:
        dmean: 393.756988525
        dmean2: 662.760437012
        dvar: 284485.78125
        dvar2: 583921.4375
        max: 3811.37695312
        mean: 1357.99145508
        min: 322.998046875
        var: 520744.65625
    spectral_skewness:
        dmean: 0.743462562561
        dmean2: 1.19551455975
        dvar: 0.380884438753
        dvar2: 1.02406060696
        max: 7.25042152405
        mean: 2.90075397491
        min: 1.25945878029
        var: 0.892576932907
    spectral_spread:
        dmean: 312734.8125
        dmean2: 485259.03125
        dvar: 218106658816
        dvar2: 286049304576
        max: 10083272
        mean: 1987351.375
        min: 1031334.0625
        var: 324450910208
    spectral_strongpeak:
        dmean: 0.353052705526
        dmean2: 0.498646140099
        dvar: 0.189323857427
        dvar2: 0.354850322008
        max: 4.18440389633
        mean: 0.918036162853
        min: 0.0140887917951
        var: 0.541673541069
    zerocrossingrate:
        dmean: 0.00678143184632
        dmean2: 0.00794794410467
        dvar: 3.83436126867e-05
        dvar2: 4.61365561932e-05
        max: 0.1015625
        mean: 0.0473768748343
        min: 0.00927734375
        var: 0.000217510518269
    barkbands:
        dmean: [8.62346816177e-09, 3.86504012795e-07, 4.5798324777e-07, 1.3212295471e-06, 6.82470781612e-05, 0.000206542928936, 0.000126667087898, 0.000538516324013, 0.00048113957746, 7.77819295763e-05, 5.29761127837e-05, 0.000170432671439, 3.27371744788e-05, 2.26810570894e-05, 2.92379063467e-05, 2.30642381212e-05, 5.13318445883e-05, 2.14553965634e-05, 2.19759549509e-05, 3.70387861039e-05, 6.6814359343e-06, 7.40084146855e-07, 1.21957910437e-07, 3.88246270688e-08, 6.01580296689e-09, 2.28562890836e-10, 1.95732610675e-10]
        dmean2: [1.44389131762e-08, 6.57207181121e-07, 7.78144567448e-07, 2.17367642108e-06, 0.000105068349512, 0.000277296436252, 0.000169185004779, 0.000744618184399, 0.000616534671281, 0.000110514687549, 7.20010793884e-05, 0.000234518243815, 4.82248942717e-05, 3.13663986162e-05, 4.19398384111e-05, 3.27188572555e-05, 7.49570463086e-05, 3.0737825e-05, 3.16745790769e-05, 5.55131227884e-05, 1.02715666799e-05, 1.11178439965e-06, 2.02790076287e-07, 6.93589399248e-08, 1.07753610479e-08, 3.49505480113e-10, 2.92904533961e-10]
        dvar: [1.16616174221e-16, 2.72015266214e-13, 3.38266713902e-13, 3.0957938036e-12, 1.25900328385e-07, 2.00006127216e-07, 6.94959609859e-08, 1.36724383992e-06, 1.45416095165e-06, 5.93722440101e-08, 3.66284638176e-08, 3.05492505959e-07, 5.10678388466e-09, 1.89871918188e-09, 1.99720506799e-09, 2.48403408953e-09, 8.46990566572e-09, 1.38519518078e-09, 1.91093119106e-09, 6.77297062879e-09, 3.59582086329e-10, 3.85951904117e-12, 2.16823141472e-13, 3.27243623638e-14, 1.1075094487e-15, 2.24384176927e-18, 2.20536959898e-18]
        dvar2: [3.15400473556e-16, 7.64864137737e-13, 8.53213008058e-13, 6.88426572693e-12, 2.50060992357e-07, 3.32239096679e-07, 1.01590224233e-07, 2.67366499429e-06, 2.04670732273e-06, 9.93558373352e-08, 4.52845156929e-08, 6.13433769558e-07, 8.98937457805e-09, 3.19451753938e-09, 4.16307122109e-09, 4.81898787541e-09, 1.78315708865e-08, 2.91858737178e-09, 4.07345313036e-09, 1.62286895034e-08, 7.51723072678e-10, 7.79149227775e-12, 5.70814554478e-13, 9.25453358153e-14, 3.0986212216e-15, 2.43142730704e-18, 2.238878272e-18]
        max: [1.27087631085e-07, 4.32931074101e-06, 4.84352813146e-06, 1.77901492862e-05, 0.00663853436708, 0.00713199470192, 0.00452175177634, 0.0111003080383, 0.0202405732125, 0.00353771238588, 0.00357979722321, 0.00913270469755, 0.000761538511142, 0.000550057156943, 0.000404734280892, 0.000521687674336, 0.00101162469946, 0.00030133195105, 0.000456327426946, 0.000665397616103, 0.000215641543036, 2.17832657654e-05, 6.52926746625e-06, 2.40072040469e-06, 4.67803914717e-07, 3.06181249243e-08, 3.08547249972e-08]
        mean: [1.45882710356e-08, 4.3777083647e-07, 5.28437453795e-07, 1.50881419358e-06, 0.000101762962004, 0.000330993207172, 0.000254897022387, 0.000797721557319, 0.000864704197738, 0.000133392371936, 8.54264435475e-05, 0.000356146047125, 4.72250503663e-05, 4.19555108238e-05, 6.35036994936e-05, 3.34904289048e-05, 8.0502621131e-05, 3.32799718308e-05, 3.32713752869e-05, 3.97834992327e-05, 7.36562060411e-06, 7.966513067e-07, 1.13154541737e-07, 2.91585031675e-08, 5.23616972004e-09, 2.9529473311e-10, 1.78852502253e-10]
        min: [5.87247698386e-12, 1.02309016814e-09, 3.73118469454e-09, 1.23784378303e-08, 1.51156143602e-07, 1.86354711218e-07, 6.21407423296e-08, 1.73554013827e-07, 2.16246093032e-07, 1.00030092653e-07, 7.84132794251e-08, 2.81353820242e-08, 2.52711060966e-07, 1.39195194038e-07, 6.939868058e-08, 7.36019813985e-08, 2.80104384132e-08, 1.58515618409e-08, 3.76885260778e-08, 3.08508552038e-09, 3.26333321476e-10, 8.5114977566e-11, 5.07177772002e-11, 3.93061659609e-11, 3.38504745068e-11, 3.15197347389e-11, 6.09700007495e-14]
        var: [2.23078726275e-16, 2.63593129528e-13, 3.7984031068e-13, 4.19184261954e-12, 2.27807007036e-07, 5.1879737839e-07, 3.00311825185e-07, 2.74935564448e-06, 3.5026482692e-06, 1.55272786628e-07, 9.3218240238e-08, 1.15722809824e-06, 8.50730863533e-09, 5.278895987e-09, 5.76862424495e-09, 4.39506875338e-09, 1.49067229671e-08, 2.38727082547e-09, 3.02719471712e-09, 7.04049085698e-09, 4.45972925256e-10, 4.79199449219e-12, 1.68852318195e-13, 2.02582481362e-14, 6.96416513189e-16, 2.23519483674e-18, 2.21487328383e-18]
    mfcc:
        mean: [-861.058776855, 176.643218994, -112.934265137, 25.24310112, -49.0357208252, -30.9179821014, -18.9084892273, -14.8834953308, -6.35633897781, 0.628963470459, 1.81966769695, 4.45747470856, 1.59866058826]
        cov: [[2809.81762695, -419.309417725, -216.488647461, 200.177398682, -392.643676758, 51.1364746094, -226.321670532, 2.62279510498, -41.4815673828, 67.7761764526, -15.5804157257, 103.220649719, -40.8699760437], [-419.309417725, 688.386352539, -48.0456542969, -5.83417129517, 129.112579346, -63.8521728516, -51.8020210266, -203.917327881, -155.514801025, -212.289367676, -86.2193374634, -57.013999939, 58.4012870789], [-216.488647461, -48.0456542969, 219.189620972, -52.1730575562, 38.8373641968, 0.90532964468, -8.0916633606, 0.570942461491, -13.9197893143, -2.5273566246, -33.1598739624, -12.1287431717, -30.734495163], [200.177398682, -5.83417129517, -52.1730575562, 243.063735962, 23.1173114777, -18.7241516113, -81.4914550781, -81.7900161743, -41.6807746887, 22.7693004608, 17.1152992249, 39.7897262573, -1.9683355093], [-392.643676758, 129.112579346, 38.8373641968, 23.1173114777, 190.11907959, -24.0616168976, -22.4939117432, -61.6812019348, -68.1571426392, -44.9582290649, -34.7306442261, -36.1426544189, 22.1305484772], [51.1364746094, -63.8521728516, 0.90532964468, -18.7241516113, -24.0616168976, 113.159286499, 49.997882843, 63.2469596863, 44.4007987976, -6.83393955231, 5.59473609924, -4.06144523621, 3.65917873383], [-226.321670532, -51.8020210266, -8.0916633606, -81.4914550781, -22.4939117432, 49.997882843, 232.13873291, 113.691360474, 80.723274231, 6.4967455864, -12.4529628754, -14.6571779251, 3.36074900627], [2.62279510498, -203.917327881, 0.570942461491, -81.7900161743, -61.6812019348, 63.2469596863, 113.691360474, 252.893951416, 100.899398804, 69.8366851807, 15.1760854721, -15.2206172943, 6.09111833572], [-41.4815673828, -155.514801025, -13.9197893143, -41.6807746887, -68.1571426392, 44.4007987976, 80.723274231, 100.899398804, 223.413513184, 99.1174850464, 45.6766929626, -3.53181099892, -83.6317367554], [67.7761764526, -212.289367676, -2.5273566246, 22.7693004608, -44.9582290649, -6.83393955231, 6.4967455864, 69.8366851807, 99.1174850464, 303.332702637, 63.54895401, -1.3742800951, -88.7922592163], [-15.5804157257, -86.2193374634, -33.1598739624, 17.1152992249, -34.7306442261, 5.59473609924, -12.4529628754, 15.1760854721, 45.6766929626, 63.54895401, 224.539840698, 94.4813766479, -9.64029598236], [103.220649719, -57.013999939, -12.1287431717, 39.7897262573, -36.1426544189, -4.06144523621, -14.6571779251, -15.2206172943, -3.53181099892, -1.3742800951, 94.4813766479, 223.580886841, 55.9674224854], [-40.8699760437, 58.4012870789, -30.734495163, -1.9683355093, 22.1305484772, 3.65917873383, 3.36074900627, 6.09111833572, -83.6317367554, -88.7922592163, -9.64029598236, 55.9674224854, 195.95791626]]
        icov: [[0.000863673398271, 0.000560662359931, 0.000844043388497, -0.000287039787509, 0.00166924903169, -0.000553642516024, 0.000877550279256, 8.47073461046e-05, 0.000770942715462, 0.000167435588082, 0.000636252749246, -0.000201738119358, 0.000440488191089], [0.000560662359931, 0.00319579755887, 0.00164420891088, 0.000639997597318, 4.18179261032e-05, 0.000149389481521, 0.000274274905678, 0.00183702236973, 0.00102581409737, 0.00127845571842, 0.000645621563308, 0.000358561635949, 0.00030593117117], [0.000844043388497, 0.00164420891088, 0.00685494672507, 0.00168868957553, -0.000227107040701, -0.000950134766754, 0.00139778177254, 0.00038833002327, 0.00172249239404, 0.000410462263972, 0.00167088781018, -0.00103293685243, 0.00208380818367], [-0.000287039787509, 0.000639997597318, 0.00168868957553, 0.00603115838021, -0.00169576529879, -0.000541421875823, 0.000964928185567, 0.00165757723153, 0.00051236274885, -0.000694438349456, 0.000235080893617, -0.000991290668026, 0.00040707536391], [0.00166924903169, 4.18179261032e-05, -0.000227107040701, -0.00169576529879, 0.0104551827535, -0.000578861450776, 0.00114216736984, 0.000697161187418, 0.00229641888291, 0.00015680573415, 0.000937272561714, 0.00100190425292, -0.000117093972221], [-0.000553642516024, 0.000149389481521, -0.000950134766754, -0.000541421875823, -0.000578861450776, 0.0117290262133, -0.00174323527608, -0.00184179726057, -0.00199214369059, 0.0014849199215, -0.000791951199062, 0.000732540385798, -0.00080650212476], [0.000877550279256, 0.000274274905678, 0.00139778177254, 0.000964928185567, 0.00114216736984, -0.00174323527608, 0.00738646555692, -0.00198591197841, -0.000844537105877, 0.000417912611738, 0.0013686674647, -0.000575686339289, 0.000229501310969], [8.47073461046e-05, 0.00183702236973, 0.00038833002327, 0.00165757723153, 0.000697161187418, -0.00184179726057, -0.00198591197841, 0.00829753745347, -0.00115557259414, -0.000848431198392, 5.51249468117e-05, 0.00110061804298, -0.00190972082783], [0.000770942715462, 0.00102581409737, 0.00172249239404, 0.00051236274885, 0.00229641888291, -0.00199214369059, -0.000844537105877, -0.00115557259414, 0.00921751465648, -0.000803739530966, -0.000128012252389, -0.0006224605022, 0.00369981466793], [0.000167435588082, 0.00127845571842, 0.000410462263972, -0.000694438349456, 0.00015680573415, 0.0014849199215, 0.000417912611738, -0.000848431198392, -0.000803739530966, 0.00534970499575, -0.000740048941225, 0.000340828119079, 0.00163235247601], [0.000636252749246, 0.000645621563308, 0.00167088781018, 0.000235080893617, 0.000937272561714, -0.000791951199062, 0.0013686674647, 5.51249468117e-05, -0.000128012252389, -0.000740048941225, 0.00670596864074, -0.00290488242172, 0.000858066487126], [-0.000201738119358, 0.000358561635949, -0.00103293685243, -0.000991290668026, 0.00100190425292, 0.000732540385798, -0.000575686339289, 0.00110061804298, -0.0006224605022, 0.000340828119079, -0.00290488242172, 0.00688381586224, -0.00269228126854], [0.000440488191089, 0.00030593117117, 0.00208380818367, 0.00040707536391, -0.000117093972221, -0.00080650212476, 0.000229501310969, -0.00190972082783, 0.00369981466793, 0.00163235247601, 0.000858066487126, -0.00269228126854, 0.00864828471094]]
    spectral_contrast:
        mean: [-1.14360361181e-07, 1.91074548184e-07, -2.62974371168e-08, -1.71760945022e-07, -1.23046945077e-07, 1.02242367461e-07, 8.54586801324e-07, -1.62927426572e-06, -1.65385597484e-06, 4.56369653179e-09, -2.34435719904e-06, 4.24824838774e-06]
        var: [0.000627800996881, 0.00088008918101, 0.00213375408202, 0.00470730429515, 0.00922166090459, 0.011294384487, 0.0575109086931, 0.095463834703, 0.166713565588, 0.219751372933, 0.314877748489, 1.44002211094]

rhythm:
    beats_loudness:
        dmean: 0.00285482266918
        dmean2: 0.00503368070349
        dvar: 1.97497429326e-05
        dvar2: 5.63436697121e-05
        max: 0.0186207145452
        mean: 0.00375635595992
        min: 0.000675199495163
        var: 1.37569086291e-05
    beats_loudness_bass:
        dmean: 0.00102150731254
        dmean2: 0.00175812304951
        dvar: 1.1748355746e-06
        dvar2: 3.93400296161e-06
        max: 0.00392994843423
        mean: 0.00100594875403
        min: 7.20318130334e-05
        var: 1.09085897293e-06
    bpm: 106.930831909
    bpm_confidence: 0
    first_peak_bpm: 181
    first_peak_spread: 0
    first_peak_weight: 0.5
    onset_rate: 5.69720935822
    second_peak_bpm: 107
    second_peak_spread: 0
    second_peak_weight: 0.454545468092
    beats_position: [0.0647036209702, 0.625814437866, 1.18692529202, 1.74803602695, 2.3091468811, 2.87025761604, 3.43136835098, 3.99247908592, 4.55358982086, 5.11470031738, 5.67581129074, 6.11998796463, 6.4511089325, 6.78222894669, 7.11334943771, 7.44446992874, 7.77559089661, 8.10671138763, 8.43783187866, 8.76895236969, 9.10007286072, 9.43119335175, 9.76231384277]
    bpm_estimates: [106.990036011, 107.002700806, 106.959831238, 106.770751953]
    bpm_intervals: [0.561110794544, 0.561110854149, 0.56111073494, 0.561110854149, 0.56111073494, 0.56111073494, 0.56111073494, 0.56111073494, 0.561110496521, 0.561110973358, 0.444176673889, 0.331120967865, 0.331120014191, 0.331120491028, 0.331120491028, 0.331120967865, 0.331120491028, 0.331120491028, 0.331120491028, 0.331120491028, 0.331120491028, 0.331120491028]
    onset_times: [0.0464399084449, 0.197369620204, 0.406349211931, 0.661768734455, 0.789478480816, 1.02167797089, 1.11455786228, 1.31192743778, 1.47446715832, 1.66022670269, 1.86920630932, 1.99691605568, 2.14784574509, 2.24072551727, 2.4497051239, 2.57741498947, 2.80961441994, 2.92571425438, 3.05342411995, 3.27401351929, 3.36689352989, 3.52943301201, 3.7151927948, 3.83129262924, 3.94739222527, 4.15637207031, 4.38857126236, 4.5046710968, 4.63238096237, 4.81814050674, 5.05034017563, 5.16644001007, 5.29414987564, 5.50312948227, 5.72371864319, 5.86303853989, 5.94430828094, 6.17650794983, 6.39709758759, 6.53641700745, 6.73378705978, 6.88471651077, 7.17496585846, 7.44199562073, 7.54648542404, 7.85995483398, 8.12698459625, 8.19664382935, 8.33596324921, 8.46367359161, 8.55655288696, 8.893242836, 9.0093421936, 9.18349170685, 9.55501174927, 9.77560043335, 9.89170074463]
    rubato_start: [6.4511089325]
    rubato_stop: [9.76231384277]
    perceptual_tempo: "unknown"

sfx:
    inharmonicity:
        dmean: 0.0545349791646
        dmean2: 0.0993029773235
        dvar: 0.00540777435526
        dvar2: 0.0143783371896
        max: 0.436127871275
        mean: 0.0431187935174
        min: 0
        var: 0.00478416308761
    oddtoevenharmonicenergyratio:
        dmean: 13.1134433746
        dmean2: 24.8349094391
        dvar: 1959.5333252
        dvar2: 5681.26123047
        max: 410.529663086
        mean: 8.01116275787
        min: 0
        var: 1112.60791016
    pitch_after_max_to_before_max_energy_ratio: 12.7791395187
    pitch_centroid: 216.180236816
    pitch_max_to_total: 0.0812064930797
    pitch_min_to_total: 0.415313214064
    tristimulus:
        dmean: [0.285004705191, 0.310162603855, 0.0610200054944]
        dmean2: [0.5186393857, 0.566043913364, 0.111365988851]
        dvar: [0.0750286355615, 0.0792934149504, 0.00969195831567]
        dvar2: [0.182339221239, 0.20026949048, 0.0274335574359]
        max: [1, 0.99953609705, 0.697523891926]
        mean: [0.4229144454, 0.505727469921, 0.0473153628409]
        min: [0.00046390373609, 0, 0]
        var: [0.0935537070036, 0.0970076397061, 0.00751089537516]

tonal:
    chords_changes_rate: 0.0691244229674
    chords_number_rate: 0.0368663594127
    chords_strength:
        dmean: 0.0100645469502
        dmean2: 0.009297195822
        dvar: 6.29433852737e-05
        dvar2: 7.96137319412e-05
        max: 0.537567734718
        mean: 0.394749134779
        min: 0.215272292495
        var: 0.00721234641969
    key_strength: 0.528210043907
    tuning_diatonic_strength: 0.330502480268
    tuning_equal_tempered_deviation: 0.0291648805141
    tuning_frequency: 438.984558105
    tuning_nontempered_energy_ratio: 0.626160144806
    hpcp:
        dmean: [0.0738252326846, 0.0448191687465, 0.0463690310717, 0.0978653132915, 0.0790261924267, 0.0464966073632, 0.0615641847253, 0.0422224588692, 0.0517656169832, 0.0793491080403, 0.0622072555125, 0.0513200797141, 0.0683637037873, 0.054523922503, 0.108045883477, 0.160132408142, 0.133499503136, 0.108774907887, 0.128593087196, 0.0827697440982, 0.0501055791974, 0.0896041691303, 0.0640629827976, 0.0802246555686, 0.114206172526, 0.0716845095158, 0.056125447154, 0.0685425400734, 0.0378258228302, 0.0654440671206, 0.107923224568, 0.0858685001731, 0.0394057296216, 0.0528117977083, 0.0394794158638, 0.0443506762385]
        dmean2: [0.126696139574, 0.076590642333, 0.0714022815228, 0.15128698945, 0.128559961915, 0.0705209523439, 0.0935293808579, 0.0657866671681, 0.0836259797215, 0.131319403648, 0.111256249249, 0.0861466452479, 0.109399855137, 0.0932351052761, 0.171158865094, 0.268337965012, 0.2221609056, 0.184435203671, 0.19930768013, 0.129003331065, 0.0821274146438, 0.153054714203, 0.112812563777, 0.130528733134, 0.203944042325, 0.121362343431, 0.0989746749401, 0.116641618311, 0.0619655176997, 0.108684271574, 0.180507495999, 0.140272960067, 0.0641353428364, 0.0835881978273, 0.0608583316207, 0.0732515826821]
        dvar: [0.0386117249727, 0.0117001961917, 0.00709232036024, 0.0343257002532, 0.0202156472951, 0.00708824628964, 0.0232480317354, 0.0107816588134, 0.0141393169761, 0.0362291373312, 0.0160943251103, 0.0104172695428, 0.024362726137, 0.0127878822386, 0.0215213615447, 0.0654619038105, 0.0346203744411, 0.0318342782557, 0.0499278008938, 0.0154755814001, 0.0120138945058, 0.0372230857611, 0.017586344853, 0.0252486541867, 0.057940967381, 0.0136617971584, 0.017595436424, 0.0300086513162, 0.00668529374525, 0.0136767188087, 0.0508704595268, 0.0283627491444, 0.00890821404755, 0.0200657639652, 0.00922894664109, 0.0112168900669]
        dvar2: [0.0736334621906, 0.0243846867234, 0.0130408909172, 0.0584169887006, 0.0413729548454, 0.0156931094825, 0.0406614951789, 0.0223456602544, 0.0305836834013, 0.0667660236359, 0.0375526286662, 0.0233241990209, 0.0436598584056, 0.0323720835149, 0.0443311110139, 0.112698942423, 0.0841444954276, 0.0802258476615, 0.0886838659644, 0.0315217338502, 0.0245730243623, 0.0819355174899, 0.0469647422433, 0.0528653711081, 0.103783324361, 0.0294466726482, 0.0404848791659, 0.0565573349595, 0.0139633137733, 0.0283794775605, 0.0886564403772, 0.062551856041, 0.0190318264067, 0.0367441885173, 0.0155468974262, 0.0212143566459]
        max: [1, 0.79557287693, 0.611135661602, 1, 0.924633264542, 0.740014076233, 1, 1, 1, 1, 0.885469079018, 0.939517259598, 1, 1, 0.803514838219, 1, 1, 1, 1, 0.699004113674, 0.738544225693, 1, 0.920655667782, 1, 1, 0.660439074039, 1, 1, 0.650193274021, 0.700199604034, 1, 0.931078970432, 0.748732447624, 1, 1, 0.713554620743]
        mean: [0.0812640488148, 0.0474678091705, 0.0578715838492, 0.128199100494, 0.0938628092408, 0.0579629540443, 0.0866728052497, 0.0544206872582, 0.0574930235744, 0.11174030602, 0.0725017562509, 0.0731657445431, 0.118267707527, 0.0669689625502, 0.157323747873, 0.296146869659, 0.179781004786, 0.166410878301, 0.276106595993, 0.14709341526, 0.064069211483, 0.106218352914, 0.0607520416379, 0.103764951229, 0.184459492564, 0.104634106159, 0.0590163730085, 0.0803155004978, 0.0396570973098, 0.0829261243343, 0.17401471734, 0.108614221215, 0.0514168813825, 0.078072719276, 0.0485627986491, 0.0489708893001]
        min: [0.000146846738062, 0.000121757140732, 0.00017997022951, 0, 0, 0.000229424113058, 4.75715205539e-05, 4.50851657661e-05, 0.000114052854769, 0.000243044210947, 0.000125519756693, 0, 0, 5.79454717808e-05, 0.000356272474164, 0.000211477265111, 0.000284075649688, 0.000146162856254, 0.000144447563798, 9.8424294265e-05, 5.32426056452e-05, 3.79588382202e-05, 0.000102282509033, 0, 0, 0, 9.82846177067e-05, 4.96574102726e-05, 4.20450560341e-05, 0.00018038394046, 0.000140840071253, 5.24892893736e-05, 8.46331313369e-05, 2.70948166872e-05, 0.000103455364297, 2.58576510532e-05]
        var: [0.047325745225, 0.0135271307081, 0.0131101440638, 0.06220279634, 0.0307795796543, 0.0121843433008, 0.0490234270692, 0.0211643651128, 0.0179479960352, 0.061255235225, 0.0230267513543, 0.0233487319201, 0.0665611550212, 0.0187422893941, 0.0473515726626, 0.14818662405, 0.0570235624909, 0.0493073910475, 0.147726997733, 0.041434917599, 0.0213708039373, 0.0560651011765, 0.0159705337137, 0.0387361384928, 0.109972007573, 0.0274860225618, 0.0214149057865, 0.0432881601155, 0.00833511911333, 0.0241680033505, 0.103655673563, 0.0427983440459, 0.0183194801211, 0.0469246730208, 0.017251867801, 0.0146434688941]
    chords_histogram: [32.7188949585, 11.9815664291, 17.0506916046, 5.0691242218, 0, 0, 0, 0.921658992767, 14.7465438843, 0, 0, 0, 0, 0, 0, 0, 5.0691242218, 0, 0, 5.99078321457, 0, 0, 0, 6.45161294937]
    thpcp: [1, 0.60706704855, 0.561920106411, 0.932329952717, 0.496690779924, 0.216342687607, 0.358667820692, 0.205141589046, 0.350383400917, 0.62286490202, 0.353318303823, 0.199280753732, 0.271201580763, 0.133910238743, 0.280016899109, 0.587595999241, 0.366757959127, 0.173619538546, 0.263628393412, 0.163982138038, 0.16536013782, 0.274404555559, 0.160284683108, 0.195415139198, 0.43289026618, 0.316946834326, 0.195723682642, 0.292668312788, 0.183762490749, 0.194136857986, 0.377313822508, 0.2448168993, 0.247058987617, 0.39935490489, 0.226134285331, 0.531235575676]
    chords_key: "D#"
    chords_scale: "major"
    key_key: "D#"
    key_scale: "major"
    chords_progression: ["Gm", "Gm", "Gm", "Gm", "Gm", "Gm", "Gm", "Gm", "Gm", "Gm", "Gm", "Gm", "Gm", "Gm", "Gm", "Gm", "Gm", "Gm", "Gm", "D#", "D#", "D#", "D#", "D#", "D#", "D#", "D#", "D#", "D#", "D#", "D#", "D#", "D#", "D#", "D#", "D#", "D#", "D#", "D#", "D#", "Gm", "Gm", "Gm", "Gm", "Gm", "Gm", "Gm", "G", "G", "G", "G", "G", "G", "G", "G", "G", "G", "G", "G", "G", "G", "G", "G", "G", "G", "G", "G", "G", "A#", "A#", "A#", "A#", "A#", "A#", "A#", "A#", "A#", "A#", "A#", "A#", "A#", "A#", "A#", "A#", "A#", "A#", "A#", "A#", "A#", "Dm", "Dm", "Dm", "Dm", "Dm", "Dm", "Dm", "Dm", "Dm", "Dm", "Dm", "Cm", "Cm", "Cm", "Cm", "Cm", "Cm", "Cm", "Cm", "Cm", "Cm", "Cm", "Cm", "Cm", "Cm", "D#", "D#", "D#", "D#", "D#", "D#", "D#", "D#", "D#", "D#", "D#", "D#", "D#", "D#", "D#", "D#", "D#", "D#", "D#", "D#", "D#", "D#", "D#", "D#", "D#", "D#", "D#", "D#", "D#", "D#", "D#", "D#", "D#", "D#", "D#", "D#", "D#", "D#", "D#", "D#", "D#", "D#", "D#", "D#", "D#", "D#", "D#", "D#", "D#", "D#", "Em", "G", "G", "G", "G", "G", "G", "G", "G", "G", "G", "G", "Em", "B", "B", "B", "B", "B", "B", "B", "B", "B", "B", "B", "A#m", "A#", "A#", "A#m", "A#m", "A#m", "A#m", "A#m", "A#m", "A#m", "A#m", "A#m", "A#m", "A#m", "A#m", "A#", "A#", "A#", "A#", "A#", "A#", "A#", "A#", "A#", "A#", "A#", "A#", "A#", "A#"]
