
metadata:
    version:
        essentia: "1.2.2"
    audio_properties:
        analysis_sample_rate: 44100
        bitrate: 128
        channels: 2
        equal_loudness: 1
        length: 10.0571432114
        replay_gain: -13.1000137329
        downmix: "mix"
    tags:
        track: 22
        year: 0
        album: "Splitted by Mp3Splt v. 2.1"
        artist: "From 003.30 To 003.40"
        comment: "http://mp3splt.sf.net"
        genre: ""
        title: "08 The Saga Continues.mp3"

highlevel:
    ballroom:
        all:
            ChaChaCha: 0.401450484991
            Jive: 0.11040879786
            Quickstep: 0.147424116731
            Rumba-American: 0.00361845479347
            Rumba-International: 0.0263786520809
            Rumba-Misc: 0.0222902558744
            Samba: 0.278833776712
            Tango: 0.00410474324599
            VienneseWaltz: 0.00270049460232
            Waltz: 0.00279023870826
        probability: 0.401450484991
        value: "ChaChaCha"
    culture:
        all:
            non_western: 0.0595960654318
            western: 0.940403938293
        probability: 0.940403938293
        value: "western"
    gender:
        all:
            female: 0.415070801973
            male: 0.584929227829
        probability: 0.584929227829
        value: "male"
    genre_dortmund:
        all:
            alternative: 0.000326102541294
            blues: 0.000311672658427
            electronic: 0.00682107498869
            folkcountry: 8.13751830719e-05
            funksoulrnb: 0.00378341204487
            jazz: 0.000909086607862
            pop: 0.00125486566685
            raphiphop: 0.984904587269
            rock: 0.00160784379113
        probability: 0.984904587269
        value: "raphiphop"
    genre_electronica:
        all:
            ambient: 0.105432756245
            dnb: 0.577204525471
            house: 0.22715100646
            techno: 0.0782740935683
            trance: 0.0119376406074
        probability: 0.577204525471
        value: "dnb"
    genre_rosamerica:
        all:
            cla: 0.00167955725919
            dan: 0.00601940741763
            hip: 0.977716445923
            jaz: 0.000753427564632
            pop: 0.00141199794598
            rhy: 0.0100389542058
            roc: 0.00128070183564
            spe: 0.00109953351784
        probability: 0.977716445923
        value: "hip"
    genre_tzanetakis:
        all:
            blu: 0.000595868215896
            cla: 0.000801148707978
            cou: 0.000917839759495
            dis: 0.0242200680077
            hip: 0.774112462997
            jaz: 0.000495089101605
            met: 0.00244896905497
            pop: 0.139165386558
            reg: 0.0559914819896
            roc: 0.00125167006627
        probability: 0.774112462997
        value: "hip"
    live_studio:
        all:
            live: 0.0363829620183
            studio: 0.963617026806
        probability: 0.963617026806
        value: "studio"
    mood:
        all:
            Cluster1: 0.232707217336
            Cluster2: 0.1521461308
            Cluster3: 0.048885717988
            Cluster4: 0.0856899097562
            Cluster5: 0.48057103157
        probability: 0.48057103157
        value: "Cluster5"
    mood_acoustic:
        all:
            acoustic: 0.0167553815991
            not_acoustic: 0.983244597912
        probability: 0.983244597912
        value: "not_acoustic"
    mood_aggressive:
        all:
            aggressive: 0.676416397095
            not_aggressive: 0.323583632708
        probability: 0.676416397095
        value: "aggressive"
    mood_electronic:
        all:
            electronic: 0.740884125233
            not_electronic: 0.25911590457
        probability: 0.740884125233
        value: "electronic"
    mood_happy:
        all:
            happy: 0.0427328273654
            not_happy: 0.957267165184
        probability: 0.957267165184
        value: "not_happy"
    mood_party:
        all:
            not_party: 0.182889536023
            party: 0.817110478878
        probability: 0.817110478878
        value: "party"
    mood_relaxed:
        all:
            not_relaxed: 0.579283356667
            relaxed: 0.420716643333
        probability: 0.579283356667
        value: "not_relaxed"
    mood_sad:
        all:
            not_sad: 0.834405720234
            sad: 0.165594294667
        probability: 0.834405720234
        value: "not_sad"
    rhythm:
        all:
            fast: 0.127519026399
            medium: 0.716049313545
            slow: 0.156431645155
        probability: 0.716049313545
        value: "medium"
    speech_music:
        all:
            music: 0.969282567501
            speech: 0.030717426911
        probability: 0.969282567501
        value: "music"
    timbre:
        all:
            bright: 0.03881977126
            dark: 0.961180210114
        probability: 0.961180210114
        value: "dark"
    voice_instrumental:
        all:
            instrumental: 0.0163724832237
            voice: 0.98362749815
        probability: 0.98362749815
        value: "voice"

lowlevel:
    average_loudness: 0.970007836819
    barkbands_kurtosis:
        dmean: 4.11929130554
        dmean2: 6.94817495346
        dvar: 37.0647659302
        dvar2: 90.150642395
        max: 43.4856414795
        mean: 3.88206791878
        min: -1.81175887585
        var: 55.3453292847
    barkbands_skewness:
        dmean: 0.81666892767
        dmean2: 1.21567058563
        dvar: 0.677190184593
        dvar2: 1.45940470695
        max: 5.45774459839
        mean: 1.27422475815
        min: -5.23603534698
        var: 2.11603689194
    barkbands_spread:
        dmean: 8.84041118622
        dmean2: 13.8311233521
        dvar: 86.6196517944
        dvar2: 186.539489746
        max: 66.9386444092
        mean: 21.0966339111
        min: 1.79681968689
        var: 187.541992188
    dissonance:
        dmean: 0.0318063832819
        dmean2: 0.0511410273612
        dvar: 0.00111478904728
        dvar2: 0.00261833518744
        max: 0.499624729156
        mean: 0.439793586731
        min: 0.0393390022218
        var: 0.00249478267506
    hfc:
        dmean: 2.00782132149
        dmean2: 2.46722888947
        dvar: 23.0460987091
        dvar2: 39.9282035828
        max: 49.8478240967
        mean: 3.08720302582
        min: 0.000201701419428
        var: 47.860710144
    pitch:
        dmean: 660.268676758
        dmean2: 1233.15087891
        dvar: 1677744.5
        dvar2: 3908075.25
        max: 5512.5
        mean: 798.797180176
        min: 76.6956558228
        var: 1846353.875
    pitch_instantaneous_confidence:
        dmean: 0.118531122804
        dmean2: 0.192051962018
        dvar: 0.00963704660535
        dvar2: 0.0210939906538
        max: 0.864925324917
        mean: 0.431631356478
        min: 0.137394249439
        var: 0.0262451153249
    pitch_salience:
        dmean: 0.0882353484631
        dmean2: 0.137288019061
        dvar: 0.00755417253822
        dvar2: 0.0204088687897
        max: 0.934813499451
        mean: 0.612363755703
        min: 0.231171399355
        var: 0.0166497770697
    silence_rate_20dB:
        dmean: 0
        dmean2: 0
        dvar: 0
        dvar2: 0
        max: 1
        mean: 1
        min: 1
        var: 0
    silence_rate_30dB:
        dmean: 0
        dmean2: 0
        dvar: 0
        dvar2: 0
        max: 1
        mean: 1
        min: 1
        var: 0
    silence_rate_60dB:
        dmean: 0.133640557528
        dmean2: 0.265588909388
        dvar: 0.115781150758
        dvar2: 0.218145251274
        max: 1
        mean: 0.758620679379
        min: 0
        var: 0.183116182685
    spectral_centroid:
        dmean: 382.84954834
        dmean2: 534.25579834
        dvar: 231204.046875
        dvar2: 398507.53125
        max: 4427.21337891
        mean: 1065.22302246
        min: 134.476303101
        var: 692421.875
    spectral_complexity:
        dmean: 2.90069293976
        dmean2: 3.89583325386
        dvar: 30.2095127106
        dvar2: 33.2923736572
        max: 52
        mean: 6.84101390839
        min: 0
        var: 97.9218139648
    spectral_crest:
        dmean: 3.32323455811
        dmean2: 5.44393968582
        dvar: 9.95952606201
        dvar2: 25.8439445496
        max: 22.6475009918
        mean: 9.37891864777
        min: 3.05263519287
        var: 19.4566879272
    spectral_decrease:
        dmean: 3.56257134904e-10
        dmean2: 5.22134058212e-10
        dvar: 3.71470398732e-19
        dvar2: 8.5600615084e-19
        max: -3.52741687042e-14
        mean: -5.8494542543e-10
        min: -5.19174836455e-09
        var: 5.74215494646e-19
    spectral_energy:
        dmean: 0.00150900497101
        dmean2: 0.00215351535007
        dvar: 6.82516019879e-06
        dvar2: 1.50137684614e-05
        max: 0.023114413023
        mean: 0.00248773628846
        min: 1.51427869355e-07
        var: 1.14861977636e-05
    spectral_energyband_high:
        dmean: 0.000146405800479
        dmean2: 0.000171598454472
        dvar: 1.24722717487e-07
        dvar2: 1.72092867956e-07
        max: 0.00381326116621
        mean: 0.000187861412996
        min: 5.72247271791e-09
        var: 2.78544007415e-07
    spectral_energyband_low:
        dmean: 0.000380735786166
        dmean2: 0.00068274163641
        dvar: 2.134315082e-06
        dvar2: 5.99923760092e-06
        max: 0.00974155403674
        mean: 0.000314919045195
        min: 2.58645521667e-10
        var: 1.42988892549e-06
    spectral_energyband_middle_high:
        dmean: 0.000515151012223
        dmean2: 0.000731420470402
        dvar: 1.73824264493e-06
        dvar2: 3.7614008761e-06
        max: 0.0125997755677
        mean: 0.000747805461287
        min: 6.29138483532e-08
        var: 2.89346439786e-06
    spectral_energyband_middle_low:
        dmean: 0.000745979254134
        dmean2: 0.00114784901962
        dvar: 1.23799088669e-06
        dvar2: 2.90210982712e-06
        max: 0.0111712180078
        mean: 0.00123711430933
        min: 8.23140098305e-08
        var: 1.98777047444e-06
    spectral_flatness_db:
        dmean: 0.0331778749824
        dmean2: 0.0512376278639
        dvar: 0.000998875359073
        dvar2: 0.00212039542384
        max: 0.346158891916
        mean: 0.187474161386
        min: 0.0782165676355
        var: 0.00287890643813
    spectral_flux:
        dmean: 0.0102984616533
        dmean2: 0.0151895424351
        dvar: 0.000148779668962
        dvar2: 0.000250952434726
        max: 0.121011577547
        mean: 0.0312862806022
        min: 0.000900599232409
        var: 0.000462301133666
    spectral_kurtosis:
        dmean: 3.63054704666
        dmean2: 5.57403612137
        dvar: 20.5648155212
        dvar2: 43.0649719238
        max: 59.0169334412
        mean: 6.80415964127
        min: -0.893797636032
        var: 42.0174980164
    spectral_rms:
        dmean: 0.000390307948692
        dmean2: 0.000542249705177
        dvar: 2.31982426158e-07
        dvar2: 4.57866917714e-07
        max: 0.00474875187501
        mean: 0.00132430985104
        min: 1.21546081573e-05
        var: 6.73264423767e-07
    spectral_rolloff:
        dmean: 797.722839355
        dmean2: 1244.63842773
        dvar: 1083765.25
        dvar2: 2047468
        max: 6481.49414062
        mean: 1909.11157227
        min: 150.732421875
        var: 2503139.75
    spectral_skewness:
        dmean: 0.468838006258
        dmean2: 0.659369945526
        dvar: 0.180331304669
        dvar2: 0.341358631849
        max: 5.43819093704
        mean: 1.86345350742
        min: 0.0774433016777
        var: 0.635523378849
    spectral_spread:
        dmean: 1233730.5
        dmean2: 1594497.5
        dvar: 2.81419133747e+12
        dvar2: 3.67902143283e+12
        max: 29890646
        mean: 4756429
        min: 1323585.875
        var: 8.45780929741e+12
    spectral_strongpeak:
        dmean: 0.201805010438
        dmean2: 0.342559248209
        dvar: 0.0976156890392
        dvar2: 0.250692337751
        max: 2.78316307068
        mean: 0.296461641788
        min: 0.000283996807411
        var: 0.115417182446
    zerocrossingrate:
        dmean: 0.0164459440857
        dmean2: 0.0177680123597
        dvar: 0.000302212400129
        dvar2: 0.000313969154377
        max: 0.2216796875
        mean: 0.062628261745
        min: 0.00341796875
        var: 0.00161357480101
    barkbands:
        dmean: [7.80139885137e-07, 0.000147439932334, 0.000250283803325, 0.000124930564198, 0.000201228176593, 0.00029838908813, 0.000152700318722, 8.90619703569e-05, 0.000165635050507, 0.00013540587679, 2.86311624222e-05, 3.17841040669e-05, 3.63799772458e-05, 3.58017277904e-05, 4.07134175475e-05, 8.10529309092e-05, 6.54232280795e-05, 6.41807564534e-05, 9.15387136047e-05, 0.000103424674307, 6.42680679448e-05, 3.2924253901e-05, 6.69678502163e-06, 3.49633342012e-06, 2.17299975702e-06, 1.16645857418e-07, 1.85486537241e-09]
        dmean2: [1.0592043509e-06, 0.000264118076302, 0.000453367480077, 0.000212536760955, 0.000316448567901, 0.00049087847583, 0.000257735082414, 0.000152157692355, 0.000264984671958, 0.000208790748729, 4.49491635663e-05, 4.49527942692e-05, 5.39032553206e-05, 5.54200560146e-05, 5.8432095102e-05, 0.000144665697007, 0.000110545130156, 0.000104794948129, 0.00012093764235, 0.000139801311889, 7.8395845776e-05, 4.38127499365e-05, 8.94805998541e-06, 5.18151819051e-06, 3.2037191886e-06, 1.74800248942e-07, 2.84557688524e-09]
        dvar: [5.14607930921e-12, 2.65951001666e-07, 9.42396070513e-07, 5.370034728e-08, 1.38260503491e-07, 2.3082409939e-07, 1.06261389021e-07, 4.77288537581e-08, 2.10649417909e-07, 1.10713450852e-07, 4.29333146812e-09, 4.79952833032e-09, 7.27045534887e-09, 7.50230633173e-09, 8.25567259e-09, 6.93917030503e-08, 2.551991507e-08, 3.47037882875e-08, 6.69990072311e-08, 9.17852958082e-08, 2.27845120548e-08, 6.53637632908e-09, 1.96950386555e-10, 6.02013994211e-11, 2.41605589701e-11, 8.72632654613e-14, 6.16005134407e-16]
        dvar2: [1.15841823981e-11, 7.48406478124e-07, 2.63477841145e-06, 1.47920559357e-07, 3.30387820213e-07, 5.88367356613e-07, 2.72638544629e-07, 1.29701916762e-07, 5.06176832005e-07, 2.75762857882e-07, 9.2090433057e-09, 8.30701107901e-09, 1.67034635012e-08, 1.83185893121e-08, 1.69881815282e-08, 2.00919672011e-07, 7.08251661763e-08, 8.24278387768e-08, 1.27199527356e-07, 1.92757454442e-07, 2.96288327206e-08, 1.15195177841e-08, 2.97429331164e-10, 1.05103897807e-10, 4.70108466044e-11, 2.11827761278e-13, 1.54443466564e-15]
        max: [1.91876151803e-05, 0.00353201664984, 0.00694430992007, 0.00230140471831, 0.0033339697402, 0.0041102305986, 0.00329639622942, 0.00195019692183, 0.00406066095456, 0.00319731840864, 0.000873804441653, 0.000674656359479, 0.000857328181155, 0.000841512926854, 0.000842758046929, 0.0020968390163, 0.00151249987539, 0.00164218968712, 0.00281332759187, 0.00294721545652, 0.00149500113912, 0.000753592699766, 0.000155435525812, 7.51596817281e-05, 4.40393014287e-05, 2.35760876421e-06, 3.66516303529e-07]
        mean: [9.20754644085e-07, 0.000136019079946, 0.000178017260623, 0.000139610987389, 0.000262844318058, 0.000381759658922, 0.00016248843167, 9.04553598957e-05, 0.000177073961822, 0.000139129915624, 3.75382733182e-05, 4.06440631195e-05, 4.90097481816e-05, 4.06438812206e-05, 5.04225681652e-05, 7.16758877388e-05, 8.35290193208e-05, 8.69695359142e-05, 0.000110745299025, 0.000110826418677, 8.44739624881e-05, 3.84423146897e-05, 8.11921654531e-06, 3.95524875785e-06, 2.32199431593e-06, 1.00229122779e-07, 9.75567737704e-10]
        min: [7.38690011937e-12, 9.57411996905e-11, 1.5748496951e-10, 2.09427336584e-10, 3.48985812471e-10, 7.17105541614e-10, 7.44453876322e-09, 8.38542746351e-09, 1.69915725934e-08, 1.33052076023e-08, 5.12575093481e-09, 9.4533425532e-10, 1.10525659736e-08, 5.86135762148e-09, 3.2153750773e-09, 2.48001441605e-09, 8.89356588374e-09, 2.51245979577e-09, 1.7800918517e-09, 1.7305400446e-09, 1.42494605004e-09, 8.91189788632e-10, 4.08269335006e-10, 2.75418909901e-10, 1.33967323346e-10, 5.0381478503e-12, 2.87133462623e-13]
        var: [7.5729188545e-12, 1.96755365778e-07, 5.95411506765e-07, 5.00304082607e-08, 1.66019333392e-07, 3.60531913657e-07, 1.10290301336e-07, 4.39107239458e-08, 1.92805330812e-07, 1.12573246724e-07, 6.72988065276e-09, 9.60875468081e-09, 1.16453415799e-08, 9.70765601238e-09, 1.3050221348e-08, 5.375762413e-08, 3.62898084916e-08, 5.71575924369e-08, 1.06731775418e-07, 1.34534573704e-07, 5.57268151624e-08, 1.14588045719e-08, 4.12368139635e-10, 1.03998594458e-10, 3.26458061972e-11, 7.79763691225e-14, 3.08673867284e-16]
    mfcc:
        mean: [-808.610839844, 139.986831665, -31.2393665314, 49.4873809814, -15.8866252899, -6.67144489288, -7.69740104675, -3.59214711189, -2.18845486641, -6.9841337204, -5.28764438629, -8.25682449341, -5.65825557709]
        cov: [[9540.5703125, -2244.38720703, 145.972381592, -561.39642334, -525.25994873, -115.809890747, -281.995147705, -259.913452148, 48.5066680908, 18.0833282471, 115.40196228, 52.5620117188, 5.51066255569], [-2244.38720703, 3044.79614258, -677.844116211, 108.70476532, 147.389221191, -98.0351409912, 17.6150226593, 136.526092529, -95.0801010132, -6.12602186203, -16.7243309021, 1.63520896435, 48.7977256775], [145.972381592, -677.844116211, 1162.21911621, 125.933761597, 40.5976600647, 90.3800582886, 20.740655899, -3.73459553719, 31.4366607666, -24.9180927277, 30.1403160095, 47.3809928894, 32.8453407288], [-561.39642334, 108.70476532, 125.933761597, 479.709228516, 166.100280762, 27.1773147583, -38.4001655579, 25.444272995, 17.3306312561, 4.25225257874, -12.3820352554, -7.25708723068, 35.8351287842], [-525.25994873, 147.389221191, 40.5976600647, 166.100280762, 314.699737549, 73.4467773438, -7.27961540222, 2.15117502213, 28.8014526367, 41.0153541565, -8.05044937134, -12.1244878769, 22.177822113], [-115.809890747, -98.0351409912, 90.3800582886, 27.1773147583, 73.4467773438, 169.213150024, 66.4097290039, 1.98151636124, 21.379327774, 19.2768173218, 10.2606611252, 13.0138444901, -3.45312857628], [-281.995147705, 17.6150226593, 20.740655899, -38.4001655579, -7.27961540222, 66.4097290039, 202.351989746, 75.7776947021, 28.1607208252, 12.6861038208, 12.8899154663, 12.8089036942, -3.1442258358], [-259.913452148, 136.526092529, -3.73459553719, 25.444272995, 2.15117502213, 1.98151636124, 75.7776947021, 143.440582275, 54.986000061, 6.57175064087, 2.07223629951, 15.142783165, 14.2270431519], [48.5066680908, -95.0801010132, 31.4366607666, 17.3306312561, 28.8014526367, 21.379327774, 28.1607208252, 54.986000061, 120.11933136, 51.764175415, 1.52020907402, 1.09520840645, -0.100118793547], [18.0833282471, -6.12602186203, -24.9180927277, 4.25225257874, 41.0153541565, 19.2768173218, 12.6861038208, 6.57175064087, 51.764175415, 126.589332581, 34.5236320496, -13.5539903641, -8.68658351898], [115.40196228, -16.7243309021, 30.1403160095, -12.3820352554, -8.05044937134, 10.2606611252, 12.8899154663, 2.07223629951, 1.52020907402, 34.5236320496, 84.4408721924, 29.7208003998, -1.76659595966], [52.5620117188, 1.63520896435, 47.3809928894, -7.25708723068, -12.1244878769, 13.0138444901, 12.8089036942, 15.142783165, 1.09520840645, -13.5539903641, 29.7208003998, 82.6567077637, 30.7601509094], [5.51066255569, 48.7977256775, 32.8453407288, 35.8351287842, 22.177822113, -3.45312857628, -3.1442258358, 14.2270431519, -0.100118793547, -8.68658351898, -1.76659595966, 30.7601509094, 71.6925048828]]
        icov: [[0.000159219664056, 0.000100709112303, 3.34639771609e-05, 0.000121578937978, 0.00018428232579, -1.28856599986e-05, 0.00022161839297, 0.000143417797517, -0.00017695009592, 2.07812227018e-05, -0.000235365951085, 4.18817071477e-05, -0.000254755577771], [0.000100709112303, 0.000526029267348, 0.000274029298453, 1.92699644685e-05, -0.000186246616067, 0.000201768329134, 0.000145548008732, -0.00057492783526, 0.000599350605626, -0.000135509239044, -0.000109531581984, -8.7571243057e-05, -0.000293860503007], [3.34639771609e-05, 0.000274029298453, 0.00112266640645, -0.000268817035249, -2.52950285358e-05, -0.000359507132089, 9.95866594167e-06, -4.88792511533e-06, -0.000169560284121, 0.000454626540886, -0.000506913929712, -0.000218383662286, -0.000441093347035], [0.000121578937978, 1.92699644685e-05, -0.000268817035249, 0.00291732372716, -0.0011686849175, -0.000196670924197, 0.00101199140772, -0.000787070544902, -7.16619833838e-05, 0.000281316722976, -0.000251659541391, 0.000721384363715, -0.00108661560807], [0.00018428232579, -0.000186246616067, -2.52950285358e-05, -0.0011686849175, 0.00511111458763, -0.00219440017827, 0.000784452364314, 0.000714542053174, -0.000911333539989, -0.00114851130638, 0.000273679121165, 0.000976185430773, -0.0016383662587], [-1.28856599986e-05, 0.000201768329134, -0.000359507132089, -0.000196670924197, -0.00219440017827, 0.00882480759174, -0.00346351950429, 0.00186582782771, -0.00062415440334, -0.000368001841707, 0.00027436617529, -0.00205078255385, 0.00154958805069], [0.00022161839297, 0.000145548008732, 9.95866594167e-06, 0.00101199140772, 0.000784452364314, -0.00346351950429, 0.00823353417218, -0.00446223700419, 0.000584096531384, -0.000370783905964, -0.00076206662925, 0.000347231660271, -1.25584688249e-06], [0.000143417797517, -0.00057492783526, -4.88792511533e-06, -0.000787070544902, 0.000714542053174, 0.00186582782771, -0.00446223700419, 0.0129223065451, -0.00657819584012, 0.00190603919327, -0.000629131507594, -0.000802784634288, -0.00156459375285], [-0.00017695009592, 0.000599350605626, -0.000169560284121, -7.16619833838e-05, -0.000911333539989, -0.00062415440334, 0.000584096531384, -0.00657819584012, 0.0148703763261, -0.00642257602885, 0.00347110815346, -0.00173983385321, 0.00137663655914], [2.07812227018e-05, -0.000135509239044, 0.000454626540886, 0.000281316722976, -0.00114851130638, -0.000368001841707, -0.000370783905964, 0.00190603919327, -0.00642257602885, 0.013346822001, -0.00717715034261, 0.00451052282006, -0.000819137087092], [-0.000235365951085, -0.000109531581984, -0.000506913929712, -0.000251659541391, 0.000273679121165, 0.00027436617529, -0.00076206662925, -0.000629131507594, 0.00347110815346, -0.00717715034261, 0.018377840519, -0.00857073813677, 0.00373607175425], [4.18817071477e-05, -8.7571243057e-05, -0.000218383662286, 0.000721384363715, 0.000976185430773, -0.00205078255385, 0.000347231660271, -0.000802784634288, -0.00173983385321, 0.00451052282006, -0.00857073813677, 0.0198754444718, -0.00862516462803], [-0.000254755577771, -0.000293860503007, -0.000441093347035, -0.00108661560807, -0.0016383662587, 0.00154958805069, -1.25584688249e-06, -0.00156459375285, 0.00137663655914, -0.000819137087092, 0.00373607175425, -0.00862516462803, 0.0195005908608]]
    spectral_contrast:
        mean: [2.40521558226e-07, -1.9704553722e-07, 1.43303509503e-07, -1.13338096241e-07, -1.69509291936e-07, 2.44942128802e-07, 2.15428212869e-06, 2.7345347462e-06, -4.20803303314e-07, -5.52208211957e-06, -8.36113088099e-07, -3.71141914002e-06]
        var: [0.000646166619845, 0.000979066127911, 0.002458330011, 0.00328542129137, 0.00494580669329, 0.00771547155455, 0.0967524275184, 0.144836679101, 0.241997376084, 0.688093245029, 1.31742727757, 5.11045598984]

rhythm:
    beats_loudness:
        dmean: 0.00667668553069
        dmean2: 0.0135568836704
        dvar: 1.64279845194e-05
        dvar2: 5.01977156091e-05
        max: 0.0208601094782
        mean: 0.00759987859055
        min: 0.00342363398522
        var: 1.92401985259e-05
    beats_loudness_bass:
        dmean: 0.870922386646
        dmean2: 1.739107728
        dvar: 0.00151357881259
        dvar2: 0.00407103449106
        max: 0.951072871685
        mean: 0.451021105051
        min: 0.00209707347676
        var: 0.190923735499
    bpm: 94.3460998535
    bpm_confidence: 0
    first_peak_bpm: 94
    first_peak_spread: 0
    first_peak_weight: 1
    onset_rate: 4.87215900421
    second_peak_bpm: 0
    second_peak_spread: 0
    second_peak_weight: 0
    beats_position: [0.0658785551786, 0.702346801758, 1.33881497383, 1.97528326511, 2.6117515564, 3.24821996689, 3.88468813896, 4.52115631104, 5.15762472153, 5.79409265518, 6.44029664993, 7.07570648193, 7.71111679077, 8.34652709961, 8.98193740845, 9.61734676361]
    bpm_estimates: [94.7004089355, 94.0076293945, 94.7707901001, 94.4232177734, 94.0627746582, 94.3218460083, 94.2746429443, 94.1313705444, 93.9926223755, 94.1284408569, 94.1660919189, 94.4991760254, 94.5052871704, 94.5798721313, 94.5759506226, 94.7412567139, 94.4698486328, 94.6600418091, 93.3556289673, 94.7412796021, 94.1600494385]
    bpm_intervals: [0.636468231678, 0.636468172073, 0.636468291283, 0.636468291283, 0.636468410492, 0.636468172073, 0.636468172073, 0.636468410492, 0.636467933655, 0.646203994751, 0.635409832001, 0.635410308838, 0.635410308838, 0.635410308838, 0.635409355164]
    onset_times: [0.0348299331963, 0.27863946557, 0.476009070873, 0.592108845711, 0.684988677502, 0.870748281479, 0.952018141747, 0.99845802784, 1.06811785698, 1.19582772255, 1.31192743778, 1.63700675964, 1.93886625767, 2.11301589012, 2.28716564178, 2.46131515503, 2.56580495834, 2.91410422325, 3.04181408882, 3.23918366432, 3.55265307426, 3.79646253586, 4.19120168686, 4.29569149017, 4.51628112793, 4.82975053787, 5.13160991669, 5.46829938889, 5.71210861206, 5.79337882996, 5.97913837433, 6.06040811539, 6.3622674942, 6.74539661407, 7.05886602402, 7.25623559952, 7.38394546509, 7.67419481277, 7.70902490616, 8.0224943161, 8.15020370483, 8.25469398499, 8.34757328033, 8.66104316711, 8.97451210022, 9.31120204926, 9.57823085785, 9.82204055786, 9.93814086914]
    rubato_start: []
    rubato_stop: []
    perceptual_tempo: "unknown"

sfx:
    inharmonicity:
        dmean: 0.0401117652655
        dmean2: 0.0726280361414
        dvar: 0.0027725934051
        dvar2: 0.00726035237312
        max: 0.395659089088
        mean: 0.037633612752
        min: 0
        var: 0.00274279597215
    oddtoevenharmonicenergyratio:
        dmean: 3.35978150368
        dmean2: 6.35968542099
        dvar: 76.986000061
        dvar2: 224.057266235
        max: 91.4060668945
        mean: 2.12133312225
        min: 0
        var: 44.0163040161
    pitch_after_max_to_before_max_energy_ratio: 34.4385185242
    pitch_centroid: 223.841369629
    pitch_max_to_total: 0.0253456216305
    pitch_min_to_total: 0.0714285746217
    tristimulus:
        dmean: [0.272469103336, 0.279770463705, 0.0989211723208]
        dmean2: [0.479598045349, 0.48031270504, 0.178996488452]
        dvar: [0.0538817606866, 0.0515365675092, 0.0155049553141]
        dvar2: [0.136275872588, 0.143916398287, 0.0404169298708]
        max: [1, 0.987798392773, 0.782373905182]
        mean: [0.470175981522, 0.403735607862, 0.087262481451]
        min: [0.0122015923262, 0, 0]
        var: [0.0830877050757, 0.0769802927971, 0.017378937453]

tonal:
    chords_changes_rate: 0.123853214085
    chords_number_rate: 0.0366972461343
    chords_strength:
        dmean: 0.0179333239794
        dmean2: 0.0224816445261
        dvar: 0.000207573495572
        dvar2: 0.000442435790319
        max: 0.70936691761
        mean: 0.505332708359
        min: 0.249343365431
        var: 0.0149566456676
    key_strength: 0.631294906139
    tuning_diatonic_strength: 0.63957798481
    tuning_equal_tempered_deviation: 0.354253947735
    tuning_frequency: 435.700531006
    tuning_nontempered_energy_ratio: 0.937486588955
    hpcp:
        dmean: [0.164832010865, 0.215502455831, 0.206287652254, 0.205519646406, 0.230830460787, 0.194376423955, 0.126992747188, 0.107277877629, 0.12584450841, 0.148725181818, 0.187929242849, 0.192931845784, 0.157042831182, 0.14998267591, 0.151014655828, 0.151310652494, 0.167183503509, 0.174299284816, 0.19369879365, 0.159480065107, 0.175388514996, 0.24630074203, 0.231263682246, 0.208246693015, 0.213503107429, 0.211244210601, 0.228100538254, 0.246807456017, 0.186908975244, 0.140200600028, 0.192624732852, 0.253259927034, 0.234085977077, 0.186967372894, 0.139700606465, 0.134569689631]
        dmean2: [0.292039901018, 0.374912440777, 0.358372956514, 0.362644165754, 0.404325217009, 0.344864159822, 0.222352698445, 0.176289334893, 0.20755931735, 0.246055245399, 0.308956831694, 0.321993410587, 0.268328011036, 0.250193536282, 0.252154499292, 0.259111762047, 0.286108285189, 0.300049841404, 0.33652433753, 0.278853863478, 0.301677584648, 0.443039923906, 0.395283252001, 0.357968658209, 0.362121790648, 0.347210496664, 0.385928362608, 0.44237112999, 0.353300243616, 0.243955120444, 0.329464018345, 0.424168914557, 0.398817509413, 0.326481997967, 0.237865537405, 0.237830907106]
        dvar: [0.0349634215236, 0.0585658997297, 0.055336996913, 0.0583677329123, 0.0738600045443, 0.061617821455, 0.0296192448586, 0.0259935744107, 0.0348889566958, 0.034078579396, 0.0377960130572, 0.0430186279118, 0.0284152347594, 0.0362610965967, 0.0415295176208, 0.0428965985775, 0.0424847491086, 0.0339928232133, 0.0546636506915, 0.040617313236, 0.0410618670285, 0.0782591924071, 0.0557652898133, 0.0545743145049, 0.0573024079204, 0.0544771440327, 0.0605850182474, 0.0799731314182, 0.0555785521865, 0.0296907518059, 0.0447340942919, 0.0762458518147, 0.0579115487635, 0.0651502236724, 0.0401282459497, 0.0418205335736]
        dvar2: [0.0952983275056, 0.167685434222, 0.14188529551, 0.153581157327, 0.200719356537, 0.168233409524, 0.079401306808, 0.070204846561, 0.091061167419, 0.0844584330916, 0.0876895338297, 0.0986131057143, 0.0762849524617, 0.0891281142831, 0.105969846249, 0.116248100996, 0.115027301013, 0.0781054869294, 0.14160951972, 0.102339163423, 0.107532970607, 0.195452034473, 0.149352326989, 0.145524486899, 0.157787486911, 0.13005964458, 0.142107859254, 0.211421266198, 0.15357388556, 0.0850128829479, 0.112676568329, 0.191942512989, 0.154019460082, 0.166918471456, 0.10310498625, 0.118466421962]
        max: [1, 1, 1, 1, 1, 1, 1, 1, 1, 1, 1, 1, 0.820944607258, 1, 1, 1, 1, 1, 1, 1, 1, 1, 1, 1, 1, 1, 1, 1, 1, 1, 1, 1, 1, 1, 1, 1]
        mean: [0.168163612485, 0.23199903965, 0.228309974074, 0.190398991108, 0.208626464009, 0.190801635385, 0.126615390182, 0.106548428535, 0.121121838689, 0.15722027421, 0.245967283845, 0.254893213511, 0.161626651883, 0.129555314779, 0.13377264142, 0.143617644906, 0.180701524019, 0.212653741241, 0.205972403288, 0.198766335845, 0.217953234911, 0.254529774189, 0.26860871911, 0.235186502337, 0.219006553292, 0.255686730146, 0.280053257942, 0.230342745781, 0.15024805069, 0.128638416529, 0.187409669161, 0.254115581512, 0.233637481928, 0.171910896897, 0.131003186107, 0.121932432055]
        min: [0.000789301877376, 0.00132402719464, 0.00252920482308, 0.00200214167126, 0.000300862506265, 0.000300994783174, 0.000358730205335, 0.000508304336108, 0.000269376207143, 0.000729881983716, 0.000776910805143, 0.000719432719052, 0.000770888349507, 0.000912628951482, 0.00122862262651, 0.00094809877919, 0.00162947026547, 0.00151702086441, 0.000401429424528, 0.00140842481051, 0.000423968333052, 0.000490056467243, 0.000497677712701, 0.00164709216915, 0.000940162804909, 0.00104200444184, 0.000927558925468, 0.000843726971652, 0.000197233486688, 0.00018277487834, 0.000379781500669, 0.0016430990072, 0.00170851172879, 0.00128129217774, 0.000946744752582, 0.000904843152966]
        var: [0.0347204729915, 0.06306347996, 0.065270781517, 0.0566837489605, 0.0806414484978, 0.0696298182011, 0.030952360481, 0.0285713039339, 0.0403936579823, 0.0456817559898, 0.0704792961478, 0.0833398476243, 0.0349681824446, 0.0408002957702, 0.0452561639249, 0.044331472367, 0.0537589266896, 0.0540066435933, 0.0671902447939, 0.0688301548362, 0.0725105106831, 0.0926889181137, 0.0811165943742, 0.0662558749318, 0.0683460533619, 0.0893265753984, 0.0996458604932, 0.0867054909468, 0.045748796314, 0.0303829330951, 0.0552480146289, 0.0931146368384, 0.0694824457169, 0.0634706541896, 0.0377155132592, 0.0313876345754]
    chords_histogram: [15.1376142502, 35.7798156738, 9.63302707672, 0, 0, 0, 2.29357790947, 0, 0, 0, 0, 0, 0, 0.458715587854, 0, 0, 0, 0, 0, 2.29357790947, 20.6422023773, 7.33944940567, 0, 6.42201852798]
    thpcp: [1, 0.822496235371, 0.536498129368, 0.459335535765, 0.669192969799, 0.907383084297, 0.834260880947, 0.613850712776, 0.467779546976, 0.435390144587, 0.600470125675, 0.828410446644, 0.815237700939, 0.679867088795, 0.74495279789, 0.681304812431, 0.452111840248, 0.380457729101, 0.432495743036, 0.56139421463, 0.878287553787, 0.910159766674, 0.57712829113, 0.462609559298, 0.477668583393, 0.512822628021, 0.645239830017, 0.759333193302, 0.735475838184, 0.709744751453, 0.778256356716, 0.908862054348, 0.959134399891, 0.839792072773, 0.782017529011, 0.912993252277]
    chords_key: "A"
    chords_scale: "minor"
    key_key: "F"
    key_scale: "major"
    chords_progression: ["D#", "D#", "D#", "D#", "D#", "D#", "D#", "D#", "D#", "D#", "D#", "D#", "D#", "D#", "D#", "D#", "D#", "D#", "D#", "D#", "D#", "D#", "D#", "D#", "D#", "D#", "D#", "D#", "D#", "D#", "Cm", "Cm", "Cm", "Cm", "Cm", "C", "C", "C", "C", "C", "C", "C", "C", "C", "C", "C", "F", "F", "F", "F", "F", "F", "Am", "F", "F", "F", "F", "F", "Am", "Am", "Am", "Am", "Am", "Am", "Am", "Am", "Am", "Am", "Am", "Am", "Am", "Am", "Am", "Am", "Am", "Am", "Am", "Am", "Am", "Am", "Am", "Am", "Am", "Am", "Am", "Am", "Am", "Am", "Am", "Am", "Am", "Am", "Am", "Am", "Am", "Am", "Am", "Am", "Am", "Am", "Am", "C", "C", "C", "C", "C", "C", "C", "C", "Am", "Am", "Am", "Am", "C", "Am", "Am", "Am", "Am", "Am", "Am", "Am", "Am", "Am", "Am", "Am", "Am", "Am", "Am", "Am", "Am", "F", "F", "F", "F", "F", "F", "F", "F", "F", "F", "F", "F", "F", "F", "F", "F", "F", "F", "F", "F", "C", "F", "F", "Dm", "Dm", "Dm", "Dm", "Dm", "Dm", "Dm", "Dm", "Dm", "Dm", "Dm", "Dm", "Am", "Dm", "Dm", "D#", "D#", "D#", "D", "D", "D", "D", "D#", "D#", "D#", "D#", "Am", "Am", "Am", "D#m", "D", "Am", "Am", "Am", "Am", "Am", "Am", "Am", "Am", "Am", "Am", "Gm", "Gm", "Gm", "Gm", "Gm", "Gm", "Gm", "Gm", "Gm", "Gm", "Gm", "Gm", "Gm", "Gm", "D#", "D#", "D#", "D#", "D#", "Gm", "Gm", "D#", "D#", "D#"]
