
metadata:
    version:
        essentia: "1.2.2"
    audio_properties:
        analysis_sample_rate: 44100
        bitrate: 128
        channels: 2
        equal_loudness: 1
        length: 10.0310201645
        replay_gain: -10.369474411
        downmix: "mix"
    tags:
        track: 26
        year: 0
        album: "Splitted by Mp3Splt v. 2.1"
        artist: "From 004.10 To 004.20"
        comment: "http://mp3splt.sf.net"
        genre: ""
        title: "05 Inside My Mind (Blue Skies)"

highlevel:
    ballroom:
        all:
            ChaChaCha: 0.113201789558
            Jive: 0.180645748973
            Quickstep: 0.0646674484015
            Rumba-American: 0.00132210319862
            Rumba-International: 0.027383480221
            Rumba-Misc: 0.0098357591778
            Samba: 0.597995102406
            Tango: 0.000735386973247
            VienneseWaltz: 0.00275135063566
            Waltz: 0.00146180728916
        probability: 0.597995102406
        value: "Samba"
    culture:
        all:
            non_western: 0.0284541193396
            western: 0.971545875072
        probability: 0.971545875072
        value: "western"
    gender:
        all:
            female: 0.878075540066
            male: 0.121924452484
        probability: 0.878075540066
        value: "female"
    genre_dortmund:
        all:
            alternative: 0.0542279817164
            blues: 0.0648000091314
            electronic: 0.0379952304065
            folkcountry: 0.0862447395921
            funksoulrnb: 0.0884935259819
            jazz: 0.464519351721
            pop: 0.102894984186
            raphiphop: 0.0443062968552
            rock: 0.0565178915858
        probability: 0.464519351721
        value: "jazz"
    genre_electronica:
        all:
            ambient: 0.0647527053952
            dnb: 0.545010983944
            house: 0.289010375738
            techno: 0.0169132351875
            trance: 0.0843127369881
        probability: 0.545010983944
        value: "dnb"
    genre_rosamerica:
        all:
            cla: 0.00838397815824
            dan: 0.482795238495
            hip: 0.0559254810214
            jaz: 0.0289182346314
            pop: 0.0685892850161
            rhy: 0.316671937704
            roc: 0.0316175743937
            spe: 0.00709827477112
        probability: 0.482795238495
        value: "dan"
    genre_tzanetakis:
        all:
            blu: 0.00134864810389
            cla: 0.000557422055863
            cou: 0.00737205799669
            dis: 0.068557202816
            hip: 0.136181667447
            jaz: 0.00330026051961
            met: 0.00643554888666
            pop: 0.735821127892
            reg: 0.0176079124212
            roc: 0.0228181518614
        probability: 0.735821127892
        value: "pop"
    live_studio:
        all:
            live: 0.392031699419
            studio: 0.607968270779
        probability: 0.607968270779
        value: "studio"
    mood:
        all:
            Cluster1: 0.339095711708
            Cluster2: 0.311672091484
            Cluster3: 0.128730237484
            Cluster4: 0.09848767519
            Cluster5: 0.122014299035
        probability: 0.339095711708
        value: "Cluster1"
    mood_acoustic:
        all:
            acoustic: 0.0989575907588
            not_acoustic: 0.901042401791
        probability: 0.901042401791
        value: "not_acoustic"
    mood_aggressive:
        all:
            aggressive: 0.0650357380509
            not_aggressive: 0.934964239597
        probability: 0.934964239597
        value: "not_aggressive"
    mood_electronic:
        all:
            electronic: 0.564654290676
            not_electronic: 0.435345679522
        probability: 0.564654290676
        value: "electronic"
    mood_happy:
        all:
            happy: 0.246184945107
            not_happy: 0.753815054893
        probability: 0.753815054893
        value: "not_happy"
    mood_party:
        all:
            not_party: 0.454752445221
            party: 0.545247554779
        probability: 0.545247554779
        value: "party"
    mood_relaxed:
        all:
            not_relaxed: 0.407003641129
            relaxed: 0.592996358871
        probability: 0.592996358871
        value: "relaxed"
    mood_sad:
        all:
            not_sad: 0.67836689949
            sad: 0.32163310051
        probability: 0.67836689949
        value: "not_sad"
    rhythm:
        all:
            fast: 0.210235416889
            medium: 0.760226547718
            slow: 0.0295380316675
        probability: 0.760226547718
        value: "medium"
    speech_music:
        all:
            music: 0.999980866909
            speech: 1.91271974472e-05
        probability: 0.999980866909
        value: "music"
    timbre:
        all:
            bright: 0.0291394367814
            dark: 0.970860540867
        probability: 0.970860540867
        value: "dark"
    voice_instrumental:
        all:
            instrumental: 0.646794497967
            voice: 0.353205472231
        probability: 0.646794497967
        value: "instrumental"

lowlevel:
    average_loudness: 0.954165399075
    barkbands_kurtosis:
        dmean: 1.70706307888
        dmean2: 2.72847151756
        dvar: 5.89099645615
        dvar2: 14.9266662598
        max: 24.0170555115
        mean: 1.07551562786
        min: -1.90898799896
        var: 11.8631162643
    barkbands_skewness:
        dmean: 0.544307112694
        dmean2: 0.840488433838
        dvar: 0.261634349823
        dvar2: 0.625637769699
        max: 4.41457414627
        mean: 1.04646325111
        min: -1.82989382744
        var: 0.935253858566
    barkbands_spread:
        dmean: 8.2058839798
        dmean2: 12.6571798325
        dvar: 57.2869949341
        dvar2: 127.563224792
        max: 76.3171463013
        mean: 32.4732208252
        min: 5.04034137726
        var: 225.651092529
    dissonance:
        dmean: 0.0257043018937
        dmean2: 0.0430566333234
        dvar: 0.000459276605397
        dvar2: 0.00125754124019
        max: 0.497489213943
        mean: 0.448432952166
        min: 0.30264467001
        var: 0.000971084169578
    hfc:
        dmean: 2.40636777878
        dmean2: 3.41990661621
        dvar: 14.8446769714
        dvar2: 31.7769069672
        max: 31.4954586029
        mean: 4.76344299316
        min: 0.213486224413
        var: 28.542049408
    pitch:
        dmean: 757.456176758
        dmean2: 1447.18444824
        dvar: 2125546.5
        dvar2: 4747059.5
        max: 5512.5
        mean: 1336.3927002
        min: 57.1984443665
        var: 3271002.25
    pitch_instantaneous_confidence:
        dmean: 0.101209424436
        dmean2: 0.16011877358
        dvar: 0.00734572950751
        dvar2: 0.0188294872642
        max: 0.903853356838
        mean: 0.489228755236
        min: 0.138689875603
        var: 0.0204806160182
    pitch_salience:
        dmean: 0.0679671764374
        dmean2: 0.108700722456
        dvar: 0.00349920312874
        dvar2: 0.00958466995507
        max: 0.812342047691
        mean: 0.571750164032
        min: 0.34057444334
        var: 0.00997690763324
    silence_rate_20dB:
        dmean: 0
        dmean2: 0
        dvar: 0
        dvar2: 0
        max: 1
        mean: 1
        min: 1
        var: 0
    silence_rate_30dB:
        dmean: 0
        dmean2: 0
        dvar: 0
        dvar2: 0
        max: 1
        mean: 1
        min: 1
        var: 0
    silence_rate_60dB:
        dmean: 0.138888895512
        dmean2: 0.278422266245
        dvar: 0.119599156082
        dvar2: 0.238027185202
        max: 1
        mean: 0.570438802242
        min: 0
        var: 0.245039388537
    spectral_centroid:
        dmean: 354.125
        dmean2: 534.06060791
        dvar: 154019.359375
        dvar2: 311137.84375
        max: 3686.69946289
        mean: 1227.40844727
        min: 216.12828064
        var: 556950.875
    spectral_complexity:
        dmean: 3.18793511391
        dmean2: 5.11162805557
        dvar: 23.9762859344
        dvar2: 45.773601532
        max: 47
        mean: 9.45370388031
        min: 0
        var: 41.1969451904
    spectral_crest:
        dmean: 2.25464749336
        dmean2: 3.74232935905
        dvar: 3.3150229454
        dvar2: 9.32128810883
        max: 19.2410984039
        mean: 8.14361763
        min: 3.51852059364
        var: 6.74509859085
    spectral_decrease:
        dmean: 3.97245181194e-10
        dmean2: 6.58674392806e-10
        dvar: 5.55857875311e-19
        dvar2: 1.49292865676e-18
        max: -1.02122260301e-11
        mean: -8.65226779112e-10
        min: -6.53918297289e-09
        var: 5.90473729585e-19
    spectral_energy:
        dmean: 0.00167807843536
        dmean2: 0.00272212573327
        dvar: 9.24453161133e-06
        dvar2: 2.44756411121e-05
        max: 0.0254312157631
        mean: 0.00369762443006
        min: 5.79071383981e-05
        var: 1.03764650703e-05
    spectral_energyband_high:
        dmean: 0.000322588864947
        dmean2: 0.000482644303702
        dvar: 2.45986797154e-07
        dvar2: 5.23220649029e-07
        max: 0.0054313861765
        mean: 0.000499618123285
        min: 4.87400848215e-06
        var: 5.94808057031e-07
    spectral_energyband_low:
        dmean: 0.000284724810626
        dmean2: 0.000510682817549
        dvar: 4.57752378225e-07
        dvar2: 1.30994590108e-06
        max: 0.00612017326057
        mean: 0.000454503344372
        min: 1.33444200401e-06
        var: 3.69994864968e-07
    spectral_energyband_middle_high:
        dmean: 0.000336397642968
        dmean2: 0.000516527623404
        dvar: 3.80402354949e-07
        dvar2: 8.63255536387e-07
        max: 0.00598059454933
        mean: 0.00082478672266
        min: 2.04641874006e-05
        var: 8.59464819314e-07
    spectral_energyband_middle_low:
        dmean: 0.00117016886361
        dmean2: 0.00200069113635
        dvar: 5.26737176187e-06
        dvar2: 1.49501729538e-05
        max: 0.0213448666036
        mean: 0.00191871239804
        min: 6.25281472821e-06
        var: 4.76562536278e-06
    spectral_flatness_db:
        dmean: 0.0181616656482
        dmean2: 0.0290883909911
        dvar: 0.000234893595916
        dvar2: 0.000566639064346
        max: 0.296373039484
        mean: 0.170953169465
        min: 0.104040928185
        var: 0.00115415721666
    spectral_flux:
        dmean: 0.0105105089024
        dmean2: 0.0162866842002
        dvar: 0.000209121164517
        dvar2: 0.000434083776781
        max: 0.122818730772
        mean: 0.0343715660274
        min: 0.00760967377573
        var: 0.000397542316932
    spectral_kurtosis:
        dmean: 1.22628414631
        dmean2: 1.95684170723
        dvar: 2.32148528099
        dvar2: 6.01331377029
        max: 19.5279350281
        mean: 2.52960109711
        min: -1.16833281517
        var: 6.27354001999
    spectral_rms:
        dmean: 0.000366711145034
        dmean2: 0.000571635784581
        dvar: 2.51412075158e-07
        dvar2: 6.20906860149e-07
        max: 0.00498105818406
        mean: 0.00178242416587
        min: 0.000237686283072
        var: 4.30397392392e-07
    spectral_rolloff:
        dmean: 779.091918945
        dmean2: 1234.0526123
        dvar: 906268.6875
        dvar2: 1887256.375
        max: 7149.0234375
        mean: 2499.34863281
        min: 172.265625
        var: 2670416
    spectral_skewness:
        dmean: 0.26735201478
        dmean2: 0.401288300753
        dvar: 0.0800304561853
        dvar2: 0.179919466376
        max: 3.42723679543
        mean: 1.23732888699
        min: 0.107078999281
        var: 0.31054008007
    spectral_spread:
        dmean: 639944
        dmean2: 966266
        dvar: 666223116288
        dvar2: 1.23904838861e+12
        max: 13686903
        mean: 5628429.5
        min: 2018710.375
        var: 3.49517827277e+12
    spectral_strongpeak:
        dmean: 0.294892758131
        dmean2: 0.501278877258
        dvar: 0.428709447384
        dvar2: 1.08250546455
        max: 7.97899150848
        mean: 0.423865199089
        min: 0.0128475688398
        var: 0.463918715715
    zerocrossingrate:
        dmean: 0.0140525307506
        dmean2: 0.0151730561629
        dvar: 0.000160714058438
        dvar2: 0.000186472956557
        max: 0.19189453125
        mean: 0.0825432687998
        min: 0.0224609375
        var: 0.00127575616352
    barkbands:
        dmean: [1.85322321045e-07, 9.98226532829e-05, 0.000221298221732, 0.000272012664936, 0.000607138033956, 0.000249179080129, 0.000184517688467, 0.000105179904494, 5.4511030612e-05, 0.000109120330308, 3.68475120922e-05, 2.99880721286e-05, 1.0437453966e-05, 2.671067341e-05, 1.70702733158e-05, 3.14470125886e-05, 3.4558637708e-05, 5.86676651437e-05, 0.000105477898614, 0.000168392216437, 0.000183871656191, 5.00391834066e-05, 6.39630388832e-06, 4.24132031185e-06, 1.25288113395e-06, 1.91890272561e-08, 2.5847160523e-10]
        dmean2: [2.94786474342e-07, 0.000172755957465, 0.00040650065057, 0.000437240407337, 0.00106299843173, 0.000418814568548, 0.000314463250106, 0.000197849469259, 9.33642513701e-05, 0.000172472486156, 6.1174709117e-05, 4.95216008858e-05, 1.78772606887e-05, 4.41010633949e-05, 2.82836081169e-05, 5.31948535354e-05, 5.53002682864e-05, 9.32840775931e-05, 0.000161813703016, 0.000273362908047, 0.000284039997496, 7.74644649937e-05, 9.53112612478e-06, 6.22595553068e-06, 1.90015703083e-06, 2.72099001108e-08, 3.78622522224e-10]
        dvar: [9.58196941388e-14, 3.14373664878e-08, 3.91376346442e-07, 4.94222263114e-07, 1.34707988764e-06, 1.52698888201e-07, 1.17379883591e-07, 9.9394057429e-08, 1.47488101732e-08, 3.15000328044e-08, 3.09883252392e-09, 3.10885672761e-09, 7.13676506781e-10, 1.95137794812e-09, 1.98785810035e-09, 2.71594502443e-09, 4.36872094056e-09, 2.10098818343e-08, 4.35820837197e-08, 8.09961377968e-08, 1.03603348123e-07, 7.08033320862e-09, 1.15681353385e-10, 1.81071754812e-10, 1.70898590418e-11, 1.32019423368e-15, 4.8356333409e-18]
        dvar2: [2.11118164509e-13, 9.46607272567e-08, 1.13003602564e-06, 1.24968676118e-06, 3.95105553253e-06, 4.19220100412e-07, 3.45704535221e-07, 2.95888554547e-07, 3.78955320457e-08, 8.41050109557e-08, 8.57865334325e-09, 8.48268477682e-09, 1.97571115024e-09, 4.92781460082e-09, 4.86174789316e-09, 6.6663612408e-09, 1.05024247077e-08, 4.08142319941e-08, 1.06573054381e-07, 2.03731374881e-07, 2.29448403388e-07, 1.67102314208e-08, 2.63425642411e-10, 3.78982678573e-10, 3.59722529542e-11, 2.95407060223e-15, 4.87420684081e-18]
        max: [4.41562087872e-06, 0.00134625879582, 0.00572597747669, 0.00826033763587, 0.0108276670799, 0.00307993032038, 0.00287070777267, 0.00213828706183, 0.00116321723908, 0.0024453192018, 0.000645040301606, 0.000552978774067, 0.000245233415626, 0.000486329576233, 0.000453301589005, 0.000417698960518, 0.000649129331578, 0.00119774427731, 0.00204617902637, 0.00370663800277, 0.00221196957864, 0.000761968665756, 9.07797075342e-05, 0.000241350819124, 5.48199095647e-05, 3.92394611026e-07, 4.5890850231e-08]
        mean: [4.93034974625e-07, 0.000185131299077, 0.000268884119578, 0.000365296815289, 0.000722365570255, 0.000360469741281, 0.000259078195086, 8.81712112459e-05, 7.27552469471e-05, 0.000273760873824, 5.90860399825e-05, 5.05674324813e-05, 1.3909459085e-05, 5.72141980228e-05, 2.25603253057e-05, 4.13247544202e-05, 5.13728664373e-05, 7.57399466238e-05, 0.000157227361342, 0.000247668329393, 0.000237652348005, 6.77644202369e-05, 9.50338016992e-06, 7.532149084e-06, 2.06907839129e-06, 2.60346375569e-08, 2.61297178339e-10]
        min: [1.85002888009e-10, 5.12655446983e-07, 7.40806171962e-07, 3.07611799144e-07, 3.70429830809e-07, 2.11055350974e-07, 1.14009674235e-06, 1.66086749687e-07, 1.5980300816e-07, 4.25332643772e-07, 1.03922443984e-08, 1.71523609538e-07, 8.10822982089e-08, 4.03256450454e-08, 8.5886753709e-08, 1.82254268566e-07, 8.91623528787e-07, 1.24185726236e-06, 3.21921334034e-06, 6.24740914645e-06, 9.63899765338e-07, 2.6238404871e-07, 4.51497079723e-08, 4.08192279977e-09, 3.284199801e-09, 1.88647111821e-10, 1.56222398299e-12]
        var: [4.57172440096e-13, 4.06828348787e-08, 2.63335266482e-07, 4.9460908258e-07, 1.14076419777e-06, 2.08099478982e-07, 1.38939427075e-07, 5.78466057277e-08, 2.12549551293e-08, 1.90163987668e-07, 7.56065698937e-09, 4.87877782618e-09, 7.02510105643e-10, 7.36002503388e-09, 2.38117991991e-09, 3.61353080791e-09, 6.66830635154e-09, 2.95285005336e-08, 5.40124318604e-08, 1.52317653601e-07, 1.68965684111e-07, 1.35179787364e-08, 2.30211835706e-10, 4.64733473926e-10, 3.33171545908e-11, 2.16406330112e-15, 4.86516989262e-18]
    mfcc:
        mean: [-740.600097656, 115.757965088, -11.2306680679, 63.1467094421, -19.6936035156, 1.06850242615, 2.28950667381, -6.04235649109, -2.48727917671, -5.42842102051, -12.2798051834, -6.87445926666, -2.9801223278]
        cov: [[2247.38793945, -812.030029297, -13.5734853745, -102.959281921, -252.928039551, 14.2819900513, -38.9269065857, -172.820297241, 33.4910240173, -135.915023804, 95.4021453857, -11.6633443832, -89.5870361328], [-812.030029297, 1129.79968262, -345.125976562, -38.8791503906, 84.34740448, -87.226020813, 93.6009674072, 87.1946792603, -88.6842880249, 74.9951629639, -58.3343658447, -89.6782531738, -53.8345947266], [-13.5734853745, -345.125976562, 546.757080078, -86.3940582275, 122.391601562, -1.1628651619, 16.6672058105, 8.92851448059, 18.401008606, 33.1155204773, -27.5367908478, 100.865791321, 55.7103271484], [-102.959281921, -38.8791503906, -86.3940582275, 364.464050293, -79.1685638428, 147.753051758, -50.1868209839, -16.1683063507, 57.6112365723, -52.5865364075, 55.5671463013, 6.06770324707, 71.0069656372], [-252.928039551, 84.34740448, 122.391601562, -79.1685638428, 198.076217651, -25.72631073, 43.608379364, 31.6745262146, -27.0143737793, 40.0167999268, -46.9348640442, 15.3069610596, -10.4234972], [14.2819900513, -87.226020813, -1.1628651619, 147.753051758, -25.72631073, 190.66368103, 17.6245956421, -1.77433550358, 36.8128356934, -7.18135404587, 35.0786819458, -9.42273235321, 27.7506351471], [-38.9269065857, 93.6009674072, 16.6672058105, -50.1868209839, 43.608379364, 17.6245956421, 196.168655396, 3.24209094048, -0.649143874645, 53.9142379761, -23.955953598, 0.210997819901, -26.979598999], [-172.820297241, 87.1946792603, 8.92851448059, -16.1683063507, 31.6745262146, -1.77433550358, 3.24209094048, 109.289428711, -0.202140599489, 24.8020343781, -12.2191953659, -4.91034078598, 9.1379327774], [33.4910240173, -88.6842880249, 18.401008606, 57.6112365723, -27.0143737793, 36.8128356934, -0.649143874645, -0.202140599489, 100.741447449, -11.5925674438, 16.3425483704, 21.3214492798, 8.23200798035], [-135.915023804, 74.9951629639, 33.1155204773, -52.5865364075, 40.0167999268, -7.18135404587, 53.9142379761, 24.8020343781, -11.5925674438, 97.8043136597, -18.5610580444, 4.04236793518, 2.73333120346], [95.4021453857, -58.3343658447, -27.5367908478, 55.5671463013, -46.9348640442, 35.0786819458, -23.955953598, -12.2191953659, 16.3425483704, -18.5610580444, 96.3587417603, -8.95630168915, 20.9201965332], [-11.6633443832, -89.6782531738, 100.865791321, 6.06770324707, 15.3069610596, -9.42273235321, 0.210997819901, -4.91034078598, 21.3214492798, 4.04236793518, -8.95630168915, 94.5059432983, 32.7212142944], [-89.5870361328, -53.8345947266, 55.7103271484, 71.0069656372, -10.4234972, 27.7506351471, -26.979598999, 9.1379327774, 8.23200798035, 2.73333120346, 20.9201965332, 32.7212142944, 128.67590332]]
        icov: [[0.00089691975154, 0.000629644375294, 0.000215118823689, 0.000590847339481, 0.000775837921537, -0.000106229366793, -0.000325645029079, 0.000539114058483, 0.000213261839235, 0.000662371050566, -0.00038700614823, 5.78308936383e-05, 0.00046839407878], [0.000629644375294, 0.00208318256773, 0.00131029204931, -8.78379651112e-05, -0.000373562041204, 0.000798802124336, -0.000850783311762, -0.000557534513064, 0.000856567814481, -0.000299751409329, 9.75298389676e-05, 0.000515452295076, 0.000254413404036], [0.000215118823689, 0.00131029204931, 0.00381362228654, 0.00095687340945, -0.00201482395642, -0.000371467904188, -0.000192091523786, -0.000193228348508, -9.65293511399e-05, -0.000391154550016, 0.000168656129972, -0.00216274824925, -0.00105379940942], [0.000590847339481, -8.78379651112e-05, 0.00095687340945, 0.00623899325728, 0.000980852404609, -0.00412423163652, 0.000819358334411, 0.00099212618079, -0.00147768366151, 0.00231814174913, -0.000626349879894, -0.00108940107748, -0.00198812875897], [0.000775837921537, -0.000373562041204, -0.00201482395642, 0.000980852404609, 0.0086610680446, -0.0004909344716, -0.000776733562816, -0.000596714671701, 0.00143088120967, 3.26463941747e-06, 0.00148560339585, -0.000224293471547, 0.00112581171561], [-0.000106229366793, 0.000798802124336, -0.000371467904188, -0.00412423163652, -0.0004909344716, 0.00942103471607, -0.00202262355015, -0.000796696345787, -0.000884742243215, -0.00107848725747, -0.00120592571329, 0.00256027863361, -0.000117600342492], [-0.000325645029079, -0.000850783311762, -0.000192091523786, 0.000819358334411, -0.000776733562816, -0.00202262355015, 0.00713655678555, 0.000996053568088, -0.000943145540077, -0.00327579840086, 0.000785230891779, -0.000660061254166, 0.00101734045893], [0.000539114058483, -0.000557534513064, -0.000193228348508, 0.00099212618079, -0.000596714671701, -0.000796696345787, 0.000996053568088, 0.0112699121237, -0.00143355468754, -0.00154799735174, 0.00043946041842, 0.00106023589615, -0.00100621208549], [0.000213261839235, 0.000856567814481, -9.65293511399e-05, -0.00147768366151, 0.00143088120967, -0.000884742243215, -0.000943145540077, -0.00143355468754, 0.0128789106384, 0.000527063268237, -0.000979821779765, -0.00294706970453, 0.0016484267544], [0.000662371050566, -0.000299751409329, -0.000391154550016, 0.00231814174913, 3.26463941747e-06, -0.00107848725747, -0.00327579840086, -0.00154799735174, 0.000527063268237, 0.0150212077424, 0.000171670893906, -0.000374379829736, -0.00140367739368], [-0.00038700614823, 9.75298389676e-05, 0.000168656129972, -0.000626349879894, 0.00148560339585, -0.00120592571329, 0.000785230891779, 0.00043946041842, -0.000979821779765, 0.000171670893906, 0.0134421233088, 0.00175000668969, -0.0020135755185], [5.78308936383e-05, 0.000515452295076, -0.00216274824925, -0.00108940107748, -0.000224293471547, 0.00256027863361, -0.000660061254166, 0.00106023589615, -0.00294706970453, -0.000374379829736, 0.00175000668969, 0.0157153848559, -0.00307489326224], [0.00046839407878, 0.000254413404036, -0.00105379940942, -0.00198812875897, 0.00112581171561, -0.000117600342492, 0.00101734045893, -0.00100621208549, 0.0016484267544, -0.00140367739368, -0.0020135755185, -0.00307489326224, 0.0111923273653]]
    spectral_contrast:
        mean: [-3.68289562402e-07, 6.1876039581e-07, 1.69319619658e-07, 4.17301492917e-07, 4.8558126764e-07, -1.05791343685e-07, 1.86809506886e-06, -3.77213245883e-06, -1.22217113585e-06, 1.88989497474e-06, 3.10885820909e-06, 1.39270662203e-06]
        var: [0.000760253577027, 0.0011056138901, 0.00240148766898, 0.00311798159964, 0.00333991204388, 0.00750920828432, 0.0435721687973, 0.0984153747559, 0.166896745563, 0.386713057756, 0.549887537956, 1.99789249897]

rhythm:
    beats_loudness:
        dmean: 0.00401193043217
        dmean2: 0.00696378434077
        dvar: 9.62842659646e-06
        dvar2: 2.62463108811e-05
        max: 0.0116184465587
        mean: 0.00561270583421
        min: 0.00205091736279
        var: 9.887799024e-06
    beats_loudness_bass:
        dmean: 0.215683281422
        dmean2: 0.373178958893
        dvar: 0.0330558419228
        dvar2: 0.0787272751331
        max: 0.78111076355
        mean: 0.191474705935
        min: 0.0124626513571
        var: 0.0341232195497
    bpm: 97.9312667847
    bpm_confidence: 0
    first_peak_bpm: 98
    first_peak_spread: 0.100000023842
    first_peak_weight: 0.473684221506
    onset_rate: 4.78515625
    second_peak_bpm: 147
    second_peak_spread: 0
    second_peak_weight: 0.473684221506
    beats_position: [0.0973152294755, 0.709995687008, 1.32267618179, 1.93535661697, 2.54803705215, 3.16071748734, 3.7733976841, 4.38607788086, 4.99875831604, 5.61143875122, 6.24672698975, 6.65473127365, 7.06273508072, 7.47073984146, 7.87874412537, 8.28674793243, 8.6947517395, 9.10275650024, 9.51076126099, 9.91876506805]
    bpm_estimates: [97.9896316528, 97.9072036743, 98.3465270996, 97.4014816284, 98.0115127563]
    bpm_intervals: [0.612680435181, 0.612680494785, 0.612680435181, 0.612680435181, 0.612680435181, 0.612680196762, 0.612680196762, 0.612680435181, 0.612680435181, 0.635288238525, 0.408004283905, 0.408003807068, 0.408004760742, 0.408004283905, 0.408003807068, 0.408003807068, 0.408004760742, 0.408004760742, 0.408003807068]
    onset_times: [0.0348299331963, 0.232199549675, 0.441179126501, 0.684988677502, 0.847528338432, 1.05650794506, 1.09133791924, 1.27709746361, 1.62539684772, 1.69505667686, 1.83437645435, 1.95047616959, 2.08979582787, 2.2523355484, 2.49614500999, 2.76317453384, 2.90249443054, 3.15791392326, 3.30884361267, 3.7151927948, 3.94739222527, 4.1679816246, 4.3073015213, 4.42340135574, 4.56272125244, 4.7020406723, 4.79492044449, 5.20126962662, 5.81659841537, 6.1068482399, 6.24616765976, 6.51319742203, 6.68734693527, 6.80344676971, 6.91954660416, 7.05886602402, 7.46521520615, 7.70902490616, 7.79029464722, 7.8831744194, 8.12698459625, 8.27791404724, 8.70748329163, 9.12544250488, 9.33442211151, 9.53179168701, 9.74077129364, 9.93814086914]
    rubato_start: [6.65473127365]
    rubato_stop: [7.06273508072]
    perceptual_tempo: "unknown"

sfx:
    inharmonicity:
        dmean: 0.0372910164297
        dmean2: 0.0660326704383
        dvar: 0.00265514594503
        dvar2: 0.00781520269811
        max: 0.333085000515
        mean: 0.0340641699731
        min: 4.00863282266e-05
        var: 0.00234773941338
    oddtoevenharmonicenergyratio:
        dmean: 1.69680130482
        dmean2: 3.11549329758
        dvar: 16.8314876556
        dvar2: 48.9967575073
        max: 47.2300300598
        mean: 1.24346983433
        min: 7.44118442526e-05
        var: 10.1440286636
    pitch_after_max_to_before_max_energy_ratio: 4.40403795242
    pitch_centroid: 194.629562378
    pitch_max_to_total: 0.104166664183
    pitch_min_to_total: 0.965277791023
    tristimulus:
        dmean: [0.242885127664, 0.255847126245, 0.132537722588]
        dmean2: [0.418716222048, 0.446624457836, 0.227964669466]
        dvar: [0.0405050963163, 0.04484212026, 0.0241336431354]
        dvar2: [0.104464314878, 0.119130700827, 0.0636985227466]
        max: [0.971960365772, 0.9823153615, 0.958702743053]
        mean: [0.445073962212, 0.40248093009, 0.121753387153]
        min: [0.0139283183962, 0, 0]
        var: [0.0738075375557, 0.0685667768121, 0.0273044463247]

tonal:
    chords_changes_rate: 0.0599078349769
    chords_number_rate: 0.0506912432611
    chords_strength:
        dmean: 0.00887558609247
        dmean2: 0.00917241536081
        dvar: 4.81177448819e-05
        dvar2: 6.15570315858e-05
        max: 0.640841603279
        mean: 0.484191656113
        min: 0.301894009113
        var: 0.00552743533626
    key_strength: 0.555995106697
    tuning_diatonic_strength: 0.483389526606
    tuning_equal_tempered_deviation: 0.0969861596823
    tuning_frequency: 439.238189697
    tuning_nontempered_energy_ratio: 0.742395401001
    hpcp:
        dmean: [0.126071631908, 0.167026937008, 0.18916541338, 0.181242600083, 0.168257161975, 0.119426287711, 0.10092984885, 0.116255141795, 0.151898443699, 0.166649565101, 0.121326439083, 0.0885701775551, 0.0794864594936, 0.0683877542615, 0.0868860557675, 0.121987484396, 0.121872097254, 0.140269353986, 0.125372588634, 0.0949860587716, 0.0892156511545, 0.092609770596, 0.0876663327217, 0.120608985424, 0.137048602104, 0.107871361077, 0.0982341319323, 0.0813282430172, 0.0797621682286, 0.138815820217, 0.190241992474, 0.182356640697, 0.113397680223, 0.0945509374142, 0.106137469411, 0.128085017204]
        dmean2: [0.224546164274, 0.298845499754, 0.343654900789, 0.297111362219, 0.288778275251, 0.220116719604, 0.180997595191, 0.197106420994, 0.259242385626, 0.266335904598, 0.194273725152, 0.147247895598, 0.131425514817, 0.117257133126, 0.15152066946, 0.211811438203, 0.202305138111, 0.235022306442, 0.203157410026, 0.170362487435, 0.159421399236, 0.167970314622, 0.151970997453, 0.218101650476, 0.2315210253, 0.190773740411, 0.17827449739, 0.147298797965, 0.136281818151, 0.237648770213, 0.332902163267, 0.311111479998, 0.188955456018, 0.171195119619, 0.181583225727, 0.222270905972]
        dvar: [0.0421928800642, 0.0459742471576, 0.0428632944822, 0.044654302299, 0.0427237190306, 0.0276379380375, 0.0316959954798, 0.0254238601774, 0.0324641168118, 0.0357931368053, 0.0218028668314, 0.0158232375979, 0.0196236614138, 0.0118512948975, 0.0145251015201, 0.0371267572045, 0.0277216173708, 0.0473268218338, 0.0365767627954, 0.0270375926048, 0.0193618424237, 0.0334365516901, 0.0249616932124, 0.034461800009, 0.0373487435281, 0.0312966257334, 0.0339337028563, 0.0282879248261, 0.0209944397211, 0.0289351269603, 0.0565169081092, 0.0455701164901, 0.0246816370636, 0.0294731780887, 0.0259750057012, 0.0402182787657]
        dvar2: [0.114501066506, 0.132175967097, 0.127847701311, 0.113705039024, 0.108791381121, 0.0788402110338, 0.0931275039911, 0.0705322995782, 0.0907062441111, 0.101150274277, 0.0504615269601, 0.0406332314014, 0.0529944486916, 0.0306265633553, 0.0430764071643, 0.0993554592133, 0.0691751539707, 0.129293829203, 0.0856544077396, 0.0728263556957, 0.0571682304144, 0.0963473618031, 0.0702589899302, 0.0987528264523, 0.108089402318, 0.0824254229665, 0.101123616099, 0.0870892032981, 0.0525876656175, 0.0727966800332, 0.146111309528, 0.118342235684, 0.0587229132652, 0.085514806211, 0.0712526068091, 0.123263262212]
        max: [1, 1, 1, 1, 1, 1, 1, 1, 1, 1, 1, 0.936999440193, 1, 0.749695777893, 0.729176104069, 1, 1, 1, 1, 1, 0.990948855877, 1, 0.960943639278, 1, 1, 1, 1, 1, 0.966109752655, 1, 1, 1, 1, 1, 1, 1]
        mean: [0.21450945735, 0.183504700661, 0.214547604322, 0.32600826025, 0.259034663439, 0.119225084782, 0.0968376249075, 0.116901881993, 0.203545436263, 0.317516416311, 0.248531281948, 0.10615413636, 0.0740696042776, 0.0708720237017, 0.099439330399, 0.170701518655, 0.173926010728, 0.155609056354, 0.155510231853, 0.0971214100718, 0.101479850709, 0.141518950462, 0.108231090009, 0.118383362889, 0.186822339892, 0.175656139851, 0.109956480563, 0.0718453153968, 0.0811719149351, 0.198588639498, 0.32104575634, 0.245465189219, 0.174851208925, 0.214232578874, 0.165220856667, 0.159426167607]
        min: [0.000432232423918, 0.00195367075503, 0.000669166678563, 0.000487189507112, 0.000796075386461, 0.00123387982603, 0.000752417370677, 0.000527447788045, 0.000477188877994, 0.000628845766187, 0.00192254269496, 0.00152910407633, 0.00061915902188, 0.000772763160057, 0.00115149654448, 0.000901900173631, 0.000576768419705, 0.000275432656053, 0.000366715918062, 0.00022890647233, 0.000739228678867, 0.000148115315824, 0.000252685305895, 0.000353765994078, 0.000479703565361, 0.000472573097795, 0.000237444648519, 0.00034233785118, 0.000418039358919, 0.00281553063542, 0.00234662694857, 0.00840738229454, 0.000603072578087, 0.000275746569969, 0.00106324767694, 0.00122352445032]
        var: [0.104789845645, 0.0626064166427, 0.0502187088132, 0.107378646731, 0.0758452937007, 0.0245611555874, 0.0245913490653, 0.0255567077547, 0.0410394109786, 0.0933370664716, 0.0762174651027, 0.0209437590092, 0.0157190486789, 0.0115556167439, 0.0138696953654, 0.0575252622366, 0.0596027858555, 0.0509346537292, 0.0591425932944, 0.0298462640494, 0.0267473757267, 0.0735275521874, 0.0357909239829, 0.0380092002451, 0.0685679167509, 0.073643065989, 0.0378758832812, 0.0250211302191, 0.0245839226991, 0.0525233149529, 0.102239735425, 0.0596474409103, 0.0552632212639, 0.120703674853, 0.0606349594891, 0.0585456676781]
    chords_histogram: [1.38248848915, 7.8341012001, 8.75576019287, 0, 5.0691242218, 3.68663597107, 13.8248844147, 5.0691242218, 0, 0, 0, 0, 0, 0, 2.7649769783, 0, 0, 0, 0, 0, 0, 24.4239635468, 2.30414748192, 24.8847923279]
    thpcp: [1, 0.794564723969, 0.365711838007, 0.297040402889, 0.358585655689, 0.624356687069, 0.973952054977, 0.762346565723, 0.325617939234, 0.227201610804, 0.21739333868, 0.305020898581, 0.523611009121, 0.53350186348, 0.47731629014, 0.477013170719, 0.297910898924, 0.311280012131, 0.434096217155, 0.331988811493, 0.363129943609, 0.573060154915, 0.538808882236, 0.337281256914, 0.220378816128, 0.248987302184, 0.609152197838, 0.984777987003, 0.752941608429, 0.536339819431, 0.65713852644, 0.506799578667, 0.489024937153, 0.657987773418, 0.562883615494, 0.658104836941]
    chords_key: "C"
    chords_scale: "minor"
    key_key: "D#"
    key_scale: "major"
    chords_progression: ["Am", "Am", "Am", "Am", "Am", "Am", "Am", "Am", "C", "C", "C", "C", "C", "C", "C", "C", "C", "C", "C", "C", "C", "C", "C", "C", "C", "C", "C", "C", "C", "C", "C", "C", "C", "C", "C", "C", "C", "C", "Em", "Em", "Em", "Em", "Em", "Em", "Em", "Em", "Em", "Em", "Em", "E", "E", "E", "E", "E", "E", "Fm", "Fm", "Fm", "Fm", "Fm", "Fm", "Fm", "Fm", "Fm", "Fm", "Fm", "Fm", "Fm", "Fm", "Fm", "Fm", "Fm", "Fm", "Fm", "Fm", "Fm", "Fm", "Fm", "Fm", "Fm", "Fm", "Fm", "Fm", "Fm", "Fm", "Fm", "Fm", "Fm", "Fm", "Fm", "Fm", "Fm", "Fm", "Fm", "Fm", "Fm", "Fm", "Fm", "Fm", "Fm", "Fm", "Fm", "Fm", "Fm", "Fm", "Fm", "Fm", "Fm", "G#", "G#", "G#", "G#", "G#", "Cm", "Cm", "Cm", "Cm", "Cm", "Cm", "Cm", "Cm", "Cm", "Cm", "Cm", "Cm", "Cm", "Cm", "Cm", "Cm", "Cm", "Cm", "F", "F", "F", "F", "F", "F", "A#", "A#", "A#", "A#", "A#", "A#", "A#", "A#", "A#", "A#", "A#", "A#", "A#", "A#", "A#", "A#", "A#", "A#", "A#", "Gm", "Gm", "Gm", "Gm", "Gm", "Gm", "Gm", "Gm", "D#", "D#", "D#", "Gm", "Gm", "Gm", "Gm", "Gm", "Gm", "Gm", "Gm", "Gm", "Cm", "Cm", "Cm", "Cm", "Cm", "Cm", "Cm", "Cm", "Cm", "Cm", "Cm", "Cm", "Cm", "Cm", "Cm", "Cm", "Cm", "Cm", "Cm", "Cm", "Cm", "Cm", "Cm", "Cm", "Cm", "Cm", "Cm", "Cm", "Cm", "Cm", "Cm", "Cm", "Cm", "Cm", "Cm", "Cm", "F", "F", "F", "F", "F"]
