
metadata:
    version:
        essentia: "1.2.2"
    audio_properties:
        analysis_sample_rate: 44100
        bitrate: 128
        channels: 2
        equal_loudness: 1
        length: 9.97877597809
        replay_gain: -10.5219707489
        downmix: "mix"
    tags:
        track: 10
        year: 0
        album: "Splitted by Mp3Splt v. 2.1"
        artist: "From 001.30 To 001.40"
        comment: "http://mp3splt.sf.net"
        genre: ""
        title: "04 Twin Tub With Guitar.mp3"

highlevel:
    ballroom:
        all:
            ChaChaCha: 0.00801757816225
            Jive: 0.948823392391
            Quickstep: 0.00175963528454
            Rumba-American: 4.39621617261e-05
            Rumba-International: 0.000235180268646
            Rumba-Misc: 0.00010822686454
            Samba: 0.0390834361315
            Tango: 9.11485112738e-05
            VienneseWaltz: 0.00171786744613
            Waltz: 0.000119560827443
        probability: 0.948823392391
        value: "Jive"
    culture:
        all:
            non_western: 0.0120708420873
            western: 0.987929165363
        probability: 0.987929165363
        value: "western"
    gender:
        all:
            female: 0.601819753647
            male: 0.398180216551
        probability: 0.601819753647
        value: "female"
    genre_dortmund:
        all:
            alternative: 0.122514568269
            blues: 0.00130815187003
            electronic: 0.0912288427353
            folkcountry: 0.00740981893614
            funksoulrnb: 0.00390061270446
            jazz: 0.0022848660592
            pop: 0.0324609354138
            raphiphop: 0.00173117872328
            rock: 0.737161040306
        probability: 0.737161040306
        value: "rock"
    genre_electronica:
        all:
            ambient: 0.103781372309
            dnb: 0.0340037830174
            house: 0.0030201417394
            techno: 0.0136266807094
            trance: 0.84556800127
        probability: 0.84556800127
        value: "trance"
    genre_rosamerica:
        all:
            cla: 0.00304362736642
            dan: 0.00803175382316
            hip: 0.00181692594197
            jaz: 0.000522683840245
            pop: 0.000956847332418
            rhy: 0.000980029464699
            roc: 0.983953237534
            spe: 0.000694921880495
        probability: 0.983953237534
        value: "roc"
    genre_tzanetakis:
        all:
            blu: 0.0328806117177
            cla: 0.0580904223025
            cou: 0.0684640035033
            dis: 0.0277335252613
            hip: 0.0305301677436
            jaz: 0.0323819927871
            met: 0.575174570084
            pop: 0.0490827672184
            reg: 0.029826277867
            roc: 0.0958356782794
        probability: 0.575174570084
        value: "met"
    live_studio:
        all:
            live: 0.093905813992
            studio: 0.906094193459
        probability: 0.906094193459
        value: "studio"
    mood:
        all:
            Cluster1: 0.218305498362
            Cluster2: 0.00960568059236
            Cluster3: 0.000616105215158
            Cluster4: 0.00516827590764
            Cluster5: 0.766304433346
        probability: 0.766304433346
        value: "Cluster5"
    mood_acoustic:
        all:
            acoustic: 0.0290472768247
            not_acoustic: 0.970952749252
        probability: 0.970952749252
        value: "not_acoustic"
    mood_aggressive:
        all:
            aggressive: 0.999893248081
            not_aggressive: 0.000106764011434
        probability: 0.999893248081
        value: "aggressive"
    mood_electronic:
        all:
            electronic: 0.258157104254
            not_electronic: 0.741842865944
        probability: 0.741842865944
        value: "not_electronic"
    mood_happy:
        all:
            happy: 0.0797351375222
            not_happy: 0.920264840126
        probability: 0.920264840126
        value: "not_happy"
    mood_party:
        all:
            not_party: 0.215832680464
            party: 0.784167289734
        probability: 0.784167289734
        value: "party"
    mood_relaxed:
        all:
            not_relaxed: 0.746461093426
            relaxed: 0.253538936377
        probability: 0.746461093426
        value: "not_relaxed"
    mood_sad:
        all:
            not_sad: 0.999577820301
            sad: 0.000422197539592
        probability: 0.999577820301
        value: "not_sad"
    rhythm:
        all:
            fast: 0.301906615496
            medium: 0.213188692927
            slow: 0.484904706478
        probability: 0.484904706478
        value: "slow"
    speech_music:
        all:
            music: 0.999986171722
            speech: 1.38216655614e-05
        probability: 0.999986171722
        value: "music"
    timbre:
        all:
            bright: 0.417847067118
            dark: 0.58215290308
        probability: 0.58215290308
        value: "dark"
    voice_instrumental:
        all:
            instrumental: 0.995289087296
            voice: 0.00471088849008
        probability: 0.995289087296
        value: "instrumental"

lowlevel:
    average_loudness: 0.989222943783
    barkbands_kurtosis:
        dmean: 0.812913656235
        dmean2: 1.32268619537
        dvar: 0.571279227734
        dvar2: 1.36606323719
        max: 5.47184181213
        mean: -0.263872146606
        min: -1.71150302887
        var: 1.19003307819
    barkbands_skewness:
        dmean: 0.325417101383
        dmean2: 0.535946905613
        dvar: 0.0671378523111
        dvar2: 0.1845497787
        max: 0.0616144277155
        mean: -0.855721712112
        min: -2.26402616501
        var: 0.144074544311
    barkbands_spread:
        dmean: 5.91649246216
        dmean2: 9.41794967651
        dvar: 19.6079902649
        dvar2: 50.4805145264
        max: 54.8498687744
        mean: 31.9972171783
        min: 6.63244962692
        var: 62.1375846863
    dissonance:
        dmean: 0.00627548666671
        dmean2: 0.0108940163627
        dvar: 4.07782536058e-05
        dvar2: 0.000110971508548
        max: 0.499540418386
        mean: 0.489159673452
        min: 0.428736567497
        var: 4.74299376947e-05
    hfc:
        dmean: 3.86376929283
        dmean2: 6.21692752838
        dvar: 13.0041255951
        dvar2: 27.2801475525
        max: 38.4038772583
        mean: 13.6985149384
        min: 0.395118027925
        var: 23.3776454926
    pitch:
        dmean: 1331.22888184
        dmean2: 2434.38745117
        dvar: 1266349.625
        dvar2: 3307092.25
        max: 4009.09082031
        mean: 1394.7668457
        min: 68.6915893555
        var: 1465149.375
    pitch_instantaneous_confidence:
        dmean: 0.0633532330394
        dmean2: 0.106897883117
        dvar: 0.00271953619085
        dvar2: 0.00769803859293
        max: 0.522264897823
        mean: 0.270490378141
        min: 0.123345017433
        var: 0.00482959579676
    pitch_salience:
        dmean: 0.0428481660783
        dmean2: 0.0708385556936
        dvar: 0.000864461122546
        dvar2: 0.0027054452803
        max: 0.83738553524
        mean: 0.731674253941
        min: 0.584862649441
        var: 0.00188259768765
    silence_rate_20dB:
        dmean: 0
        dmean2: 0
        dvar: 0
        dvar2: 0
        max: 1
        mean: 1
        min: 1
        var: 0
    silence_rate_30dB:
        dmean: 0
        dmean2: 0
        dvar: 0
        dvar2: 0
        max: 1
        mean: 1
        min: 1
        var: 0
    silence_rate_60dB:
        dmean: 0.0232558138669
        dmean2: 0.0442890450358
        dvar: 0.0227148868144
        dvar2: 0.0609751529992
        max: 1
        mean: 0.0185614842921
        min: 0
        var: 0.0182171314955
    spectral_centroid:
        dmean: 216.433380127
        dmean2: 363.200592041
        dvar: 33242.484375
        dvar2: 97551.8046875
        max: 3163.07373047
        mean: 2297.34619141
        min: 1520.16503906
        var: 56651.9492188
    spectral_complexity:
        dmean: 5.8251748085
        dmean2: 9.13084125519
        dvar: 23.5568256378
        dvar2: 51.2820014954
        max: 48
        mean: 27.6395339966
        min: 0
        var: 47.1700744629
    spectral_crest:
        dmean: 1.50359201431
        dmean2: 2.56235647202
        dvar: 1.51335644722
        dvar2: 4.0387301445
        max: 11.9026842117
        mean: 5.42488861084
        min: 2.63763809204
        var: 2.71721076965
    spectral_decrease:
        dmean: 3.43937545111e-10
        dmean2: 5.23848076028e-10
        dvar: 1.22928422355e-19
        dvar2: 2.82968380441e-19
        max: -2.36014870841e-11
        mean: -1.25358401437e-09
        min: -3.79475917356e-09
        var: 1.9156403095e-19
    spectral_energy:
        dmean: 0.00162541656755
        dmean2: 0.00249775103293
        dvar: 2.61018999481e-06
        dvar2: 5.81987706028e-06
        max: 0.0178056303412
        mean: 0.00597380986437
        min: 0.0001249157649
        var: 4.25847156293e-06
    spectral_energyband_high:
        dmean: 0.000340450002113
        dmean2: 0.000566754548345
        dvar: 1.18650611114e-07
        dvar2: 2.89002713316e-07
        max: 0.00271282717586
        mean: 0.000844274763949
        min: 2.06996992347e-05
        var: 1.69802945038e-07
    spectral_energyband_low:
        dmean: 0.000164996177773
        dmean2: 0.000261868262896
        dvar: 4.89514206947e-08
        dvar2: 1.24397331547e-07
        max: 0.002077691257
        mean: 0.000357887969585
        min: 3.74779540735e-09
        var: 9.58772616855e-08
    spectral_energyband_middle_high:
        dmean: 0.00104201037902
        dmean2: 0.00160977523774
        dvar: 8.32935199924e-07
        dvar2: 1.81352038453e-06
        max: 0.0122604453936
        mean: 0.00371232698672
        min: 0.000100893354102
        var: 1.76936009666e-06
    spectral_energyband_middle_low:
        dmean: 0.000520152156241
        dmean2: 0.000846871524118
        dvar: 6.29453495549e-07
        dvar2: 1.63082347626e-06
        max: 0.00594951910898
        mean: 0.00105920166243
        min: 3.31906130668e-06
        var: 6.07850495271e-07
    spectral_flatness_db:
        dmean: 0.0105324117467
        dmean2: 0.0173291992396
        dvar: 6.72860842315e-05
        dvar2: 0.000162851225468
        max: 0.259154647589
        mean: 0.109890401363
        min: 0.0569354258478
        var: 0.000219240420847
    spectral_flux:
        dmean: 0.00680690538138
        dmean2: 0.0101756351069
        dvar: 4.71209459647e-05
        dvar2: 8.81325031514e-05
        max: 0.0914227515459
        mean: 0.0485634244978
        min: 0.0111765721813
        var: 0.000100123084849
    spectral_kurtosis:
        dmean: 0.549810945988
        dmean2: 0.887474536896
        dvar: 0.278058230877
        dvar2: 0.612061560154
        max: 8.70832538605
        mean: 2.64541053772
        min: 1.21725082397
        var: 0.634969472885
    spectral_rms:
        dmean: 0.000322215841152
        dmean2: 0.000492597057018
        dvar: 8.77549197753e-08
        dvar2: 1.84293199368e-07
        max: 0.00416789483279
        mean: 0.00237999553792
        min: 0.000349097448634
        var: 1.63728245184e-07
    spectral_rolloff:
        dmean: 299.607635498
        dmean2: 520.419372559
        dvar: 58319.609375
        dvar2: 162345.96875
        max: 4478.90625
        mean: 3895.10791016
        min: 2756.25
        var: 104720.945312
    spectral_skewness:
        dmean: 0.101024873555
        dmean2: 0.165233284235
        dvar: 0.00945952627808
        dvar2: 0.0196003671736
        max: 2.47848534584
        mean: 1.26016032696
        min: 0.757317364216
        var: 0.0196118559688
    spectral_spread:
        dmean: 363808.0625
        dmean2: 575762.75
        dvar: 132135321600
        dvar2: 253417291776
        max: 10376368
        mean: 5067728.5
        min: 2086215.375
        var: 328057651200
    spectral_strongpeak:
        dmean: 0.685411274433
        dmean2: 1.16579496861
        dvar: 0.436219424009
        dvar2: 0.979342222214
        max: 4.9433465004
        mean: 0.946042835712
        min: 0.0116258170456
        var: 0.892921507359
    zerocrossingrate:
        dmean: 0.00548263592646
        dmean2: 0.00702874036506
        dvar: 2.20321035158e-05
        dvar2: 3.22924970533e-05
        max: 0.14453125
        mean: 0.122077122331
        min: 0.044921875
        var: 8.67443741299e-05
    barkbands:
        dmean: [1.40976362673e-06, 8.90685478225e-05, 9.91087581497e-05, 9.52688133111e-05, 0.00030382926343, 0.000105437626189, 9.66104053077e-05, 6.92629037076e-05, 7.2240101872e-05, 4.44705328846e-05, 8.85664703674e-05, 7.01073440723e-05, 3.58071811206e-05, 7.03393670847e-05, 0.000147224607645, 0.000331976974849, 0.000516276806593, 0.000177740614163, 0.00024027681502, 0.000283302651951, 0.000198472218472, 3.09878378175e-05, 7.78222238296e-06, 3.81509062208e-06, 1.68184533322e-06, 5.15817610847e-08, 8.018703479e-10]
        dmean2: [2.23944402933e-06, 0.000144888923387, 0.000157625123393, 0.000152874286869, 0.000510440266225, 0.000169807477505, 0.00015414399968, 0.000113164089271, 0.000121242141176, 7.65013319324e-05, 0.000143747049151, 0.000118269708764, 6.1146565713e-05, 0.000117314368254, 0.00023928086739, 0.00055342190899, 0.000858171842992, 0.000298449333059, 0.000415017741034, 0.000463505944936, 0.000337322009727, 4.77065332234e-05, 1.25288879644e-05, 5.32592775926e-06, 2.56301609625e-06, 8.48460359748e-08, 1.11931730551e-09]
        dvar: [3.14693908952e-12, 1.39739553262e-08, 2.77574407903e-08, 1.50398289378e-08, 3.798089665e-07, 1.79720895943e-08, 1.17007825651e-08, 5.57167956217e-09, 4.77119854736e-09, 1.84229975719e-09, 8.53527737377e-09, 3.78764486442e-09, 1.12864517732e-09, 4.03893274381e-09, 1.93700611106e-08, 9.59922701327e-08, 2.42365445047e-07, 2.57082266586e-08, 4.5888157274e-08, 8.10147255947e-08, 3.37766472569e-08, 7.67392038803e-10, 3.99120597683e-11, 1.11018303925e-11, 3.47674103049e-12, 1.92287003411e-15, 5.95192317283e-17]
        dvar2: [7.3597577685e-12, 3.72530521986e-08, 6.34834549373e-08, 3.71811132993e-08, 9.98032192001e-07, 4.39051461854e-08, 2.90315682605e-08, 1.50306878055e-08, 1.18949365913e-08, 4.85897189151e-09, 2.03668122367e-08, 9.26836474235e-09, 3.02405078756e-09, 1.02576906968e-08, 5.13856761586e-08, 2.27188024837e-07, 5.73908778279e-07, 7.0980817668e-08, 1.15927875299e-07, 1.97902082277e-07, 8.99132999166e-08, 1.81385850784e-09, 1.02702402138e-10, 2.60873839891e-11, 8.85873579354e-12, 4.81390762078e-15, 5.85070869134e-17]
        max: [1.56307523866e-05, 0.0010108044371, 0.00182800088078, 0.00128129892983, 0.00405478291214, 0.00117603852414, 0.000986781320535, 0.000589934992604, 0.000497924978845, 0.000423859950388, 0.000730736763217, 0.00047135935165, 0.000249759876169, 0.000532985548489, 0.00107213109732, 0.00373111572117, 0.00508372718468, 0.00150650902651, 0.00175640988164, 0.00202503660694, 0.00152477005031, 0.000309066672344, 6.54217146803e-05, 3.44642030541e-05, 1.8749578885e-05, 3.66451530454e-07, 1.62560354511e-07]
        mean: [2.0149386728e-06, 0.000169857492438, 0.00018613874272, 0.000137678536703, 0.000335878372425, 0.000161028277944, 0.000157464150107, 0.000113663161756, 0.000139312585816, 7.77161112637e-05, 0.000142584991409, 0.000139855910675, 6.07657020737e-05, 0.000123536679894, 0.0002720085904, 0.000637337216176, 0.00105051253922, 0.000384141516406, 0.00057017110521, 0.000553416495677, 0.00041145135765, 0.000106167244667, 2.19149787881e-05, 1.38279610837e-05, 5.22197342434e-06, 1.47273922835e-07, 8.20462697781e-10]
        min: [1.28336291247e-11, 7.27934490463e-10, 2.91650970041e-09, 2.9030799098e-08, 4.32788738181e-08, 8.73132393053e-08, 6.3043796672e-07, 3.40423127909e-07, 2.07996185964e-06, 1.71468070675e-06, 9.25560755149e-07, 3.99253423211e-07, 3.37830982744e-07, 2.68187022812e-07, 2.41408724833e-06, 1.0071734323e-05, 2.35079332924e-05, 1.55130201165e-05, 2.50994162343e-05, 3.17836493196e-05, 7.34641753297e-06, 2.1906166694e-06, 1.13796275514e-07, 1.39396361121e-08, 1.55736468166e-09, 1.39450768641e-11, 1.30317501582e-12]
        var: [5.43804844905e-12, 2.61254218259e-08, 6.97416098205e-08, 2.31662955485e-08, 3.05876625362e-07, 2.32729977512e-08, 1.6924690982e-08, 7.13576486788e-09, 8.02121746801e-09, 2.34369479379e-09, 1.41573686108e-08, 6.22328721889e-09, 1.54576873523e-09, 5.88025406145e-09, 3.11415178089e-08, 1.90956640722e-07, 4.12552310536e-07, 3.47591040395e-08, 6.17490911736e-08, 1.05980284104e-07, 4.98857204434e-08, 1.99855310079e-09, 1.01385129458e-10, 5.15909918952e-11, 7.14363073903e-12, 4.23231870557e-15, 6.12787640052e-17]
    mfcc:
        mean: [-653.605834961, 76.3783721924, -48.5770339966, 49.983127594, -5.17274618149, -1.98499488831, -3.06248784065, 0.411099761724, 7.78717517853, -3.92592144012, -8.03274917603, 1.03773164749, 2.57219099998]
        cov: [[505.00213623, 9.56271648407, 100.26008606, 12.1482887268, 66.3519210815, 28.4027862549, 17.4158535004, -35.5845947266, -27.6015987396, -12.6518363953, -23.2507991791, 0.141738861799, -21.2482433319], [9.56271648407, 103.468330383, 2.38983654976, 14.2477941513, 3.49538326263, 7.04267549515, 9.88339138031, 6.13578081131, 8.54445934296, -0.825651943684, 13.1650705338, -8.54242897034, 10.8927698135], [100.26008606, 2.38983654976, 113.141914368, 9.8807849884, 14.9085330963, 7.57635498047, 14.8718881607, -2.02957248688, -14.9885044098, 3.97412753105, 1.48783659935, 3.36179971695, -9.87900829315], [12.1482887268, 14.2477941513, 9.8807849884, 48.7054519653, 12.4946126938, 4.05108308792, 4.71000337601, -2.23785066605, 5.07550144196, 2.68178081512, -0.663192331791, 0.236464828253, -0.790538370609], [66.3519210815, 3.49538326263, 14.9085330963, 12.4946126938, 63.6399345398, 32.7857475281, 9.33678817749, 10.3050518036, 20.7092781067, 14.2746458054, 2.25800919533, 4.09653186798, 2.80963969231], [28.4027862549, 7.04267549515, 7.57635498047, 4.05108308792, 32.7857475281, 40.9465446472, 17.7064380646, 11.456448555, 10.8346452713, 6.38605165482, 3.25407791138, -0.16337877512, 5.15370035172], [17.4158535004, 9.88339138031, 14.8718881607, 4.71000337601, 9.33678817749, 17.7064380646, 45.3661003113, 21.5139350891, 6.59796190262, 6.14454269409, 6.0055680275, 1.00046265125, 5.70747423172], [-35.5845947266, 6.13578081131, -2.02957248688, -2.23785066605, 10.3050518036, 11.456448555, 21.5139350891, 43.4931373596, 24.9527397156, 10.8469381332, 10.1027193069, 3.44993925095, 10.1959161758], [-27.6015987396, 8.54445934296, -14.9885044098, 5.07550144196, 20.7092781067, 10.8346452713, 6.59796190262, 24.9527397156, 52.1564064026, 27.1679706573, 14.6999664307, 10.1015548706, 12.1855754852], [-12.6518363953, -0.825651943684, 3.97412753105, 2.68178081512, 14.2746458054, 6.38605165482, 6.14454269409, 10.8469381332, 27.1679706573, 41.715045929, 23.0174350739, 10.5344390869, 6.54618692398], [-23.2507991791, 13.1650705338, 1.48783659935, -0.663192331791, 2.25800919533, 3.25407791138, 6.0055680275, 10.1027193069, 14.6999664307, 23.0174350739, 38.885799408, 17.7781066895, 12.0028514862], [0.141738861799, -8.54242897034, 3.36179971695, 0.236464828253, 4.09653186798, -0.16337877512, 1.00046265125, 3.44993925095, 10.1015548706, 10.5344390869, 17.7781066895, 35.9304695129, 16.950138092], [-21.2482433319, 10.8927698135, -9.87900829315, -0.790538370609, 2.80963969231, 5.15370035172, 5.70747423172, 10.1959161758, 12.1855754852, 6.54618692398, 12.0028514862, 16.950138092, 33.3701477051]]
        icov: [[0.00342931784689, -0.000837454921566, -0.00210143858567, 0.00124597235117, -0.00436943257228, 0.000972254725639, -0.00243278150447, 0.00395983736962, 0.000221209367737, 0.000978415249847, 0.00163087341934, -0.00156824477017, 0.00122555997223], [-0.000837454921566, 0.0137910237536, -0.000837610568851, -0.00389852537774, 0.000880405481439, 3.48039793607e-05, -0.00122973113321, 0.00180107133929, -0.00477636186406, 0.00716537516564, -0.010845862329, 0.0111645618454, -0.00722604664043], [-0.00210143858567, -0.000837610568851, 0.0128386933357, -0.00202208338305, -0.00091760471696, 0.000334947631927, -0.00205578538589, -0.00379770854488, 0.00752973742783, -0.00501476228237, 0.000320052815368, -0.00363227189519, 0.00418975623325], [0.00124597235117, -0.00389852537774, -0.00202208338305, 0.0243767481297, -0.00669014221057, 0.00371817685664, -0.00487690465525, 0.00658707041293, -0.00344777782448, 0.000417521398049, 0.00314934318885, -0.00230912817642, 0.00207257317379], [-0.00436943257228, 0.000880405481439, -0.00091760471696, -0.00669014221057, 0.0399462021887, -0.0280425045639, 0.00919021852314, -0.00563194882125, -0.00811908952892, -0.0071705491282, 0.00528020039201, -0.0030382508412, 0.00163224781863], [0.000972254725639, 3.48039793607e-05, 0.000334947631927, 0.00371817685664, -0.0280425045639, 0.0524404905736, -0.0162294283509, 0.00249406113289, 3.89966371586e-05, 0.00503676850349, -0.00477278418839, 0.00725341495126, -0.00589903676882], [-0.00243278150447, -0.00122973113321, -0.00205578538589, -0.00487690465525, 0.00919021852314, -0.0162294283509, 0.0391200780869, -0.0218712314963, 0.00733573036268, -0.00585580803454, 0.000688641739544, 6.93822657922e-05, -0.00196041795425], [0.00395983736962, 0.00180107133929, -0.00379770854488, 0.00658707041293, -0.00563194882125, 0.00249406113289, -0.0218712314963, 0.0506002232432, -0.0235389564186, 0.0109137492254, -0.00643904181197, 0.00608421908692, -0.00498513085768], [0.000221209367737, -0.00477636186406, 0.00752973742783, -0.00344777782448, -0.00811908952892, 3.89966371586e-05, 0.00733573036268, -0.0235389564186, 0.0500552244484, -0.0277166273445, 0.00856965780258, -0.00847840122879, -0.00115466676652], [0.000978415249847, 0.00716537516564, -0.00501476228237, 0.000417521398049, -0.0071705491282, 0.00503676850349, -0.00585580803454, 0.0109137492254, -0.0277166273445, 0.0576358288527, -0.0310510210693, 0.00836145598441, 3.84771665267e-05], [0.00163087341934, -0.010845862329, 0.000320052815368, 0.00314934318885, 0.00528020039201, -0.00477278418839, 0.000688641739544, -0.00643904181197, 0.00856965780258, -0.0310510210693, 0.0583875775337, -0.0257712360471, 0.00194119289517], [-0.00156824477017, 0.0111645618454, -0.00363227189519, -0.00230912817642, -0.0030382508412, 0.00725341495126, 6.93822657922e-05, 0.00608421908692, -0.00847840122879, 0.00836145598441, -0.0257712360471, 0.0556012243032, -0.0260250996798], [0.00122555997223, -0.00722604664043, 0.00418975623325, 0.00207257317379, 0.00163224781863, -0.00589903676882, -0.00196041795425, -0.00498513085768, -0.00115466676652, 3.84771665267e-05, 0.00194119289517, -0.0260250996798, 0.0499626845121]]
    spectral_contrast:
        mean: [-1.19113991559e-07, 2.4945583732e-07, 2.39354221776e-07, -2.39076996422e-07, -4.60030022964e-08, 3.89071914242e-07, -8.87554733708e-07, 1.99384476218e-06, -2.29297688747e-06, -1.57397846579e-06, 4.08229425375e-06, 2.77480421573e-06]
        var: [0.000173430278664, 0.000295368517982, 0.000711577362381, 0.000835725164507, 0.0013120045187, 0.0023658759892, 0.0308339055628, 0.0433301888406, 0.0672904625535, 0.0882180929184, 0.123677186668, 0.40942081809]

rhythm:
    beats_loudness:
        dmean: 0.00139675964601
        dmean2: 0.00212935032323
        dvar: 8.97061681826e-07
        dvar2: 2.02196133614e-06
        max: 0.0120102157816
        mean: 0.00990799441934
        min: 0.00686578731984
        var: 1.59019759849e-06
    beats_loudness_bass:
        dmean: 0.044235445559
        dmean2: 0.0827646628022
        dvar: 0.00259313755669
        dvar2: 0.00671254377812
        max: 0.22731114924
        mean: 0.0612484328449
        min: 0.0137360328808
        var: 0.00193622417282
    bpm: 141.129852295
    bpm_confidence: 0
    first_peak_bpm: 141
    first_peak_spread: 0
    first_peak_weight: 0.95454543829
    onset_rate: 3.70786976814
    second_peak_bpm: 131
    second_peak_spread: 0
    second_peak_weight: 0.0454545468092
    beats_position: [0.302374541759, 0.727465331554, 1.15255618095, 1.57764697075, 2.00273776054, 2.42782831192, 2.85291910172, 3.27800989151, 3.70310044289, 4.12819099426, 4.55328178406, 4.97837257385, 5.40346336365, 5.82855415344, 6.28797101974, 6.71313714981, 7.13830280304, 7.56346797943, 7.98863363266, 8.41379928589, 8.83896541595, 9.26413059235, 9.68929672241]
    bpm_estimates: [141.19670105, 141.106704712, 141.118850708, 141.16305542, 141.126281738, 141.291412354, 141.203140259, 140.943939209, 141.196624756, 140.843765259, 141.078109741, 141.289505005]
    bpm_intervals: [0.425090789795, 0.4250908494, 0.425090789795, 0.425090789795, 0.425090551376, 0.425090789795, 0.425090789795, 0.425090551376, 0.425090551376, 0.425090789795, 0.425090789795, 0.425090789795, 0.425090789795, 0.459416866302, 0.425166130066, 0.425165653229, 0.425165176392, 0.425165653229, 0.425165653229, 0.425166130066, 0.425165176392, 0.425166130066]
    onset_times: [0.0464399084449, 0.301859408617, 0.53405892849, 0.626938760281, 0.731428563595, 0.940408170223, 1.14938771725, 1.47446715832, 1.59056687355, 2.00852608681, 2.2523355484, 2.4497051239, 2.87927436829, 3.29723358154, 3.72680282593, 3.95900225639, 4.06349229813, 4.15637207031, 4.58594083786, 5.01551008224, 5.4334692955, 5.86303853989, 6.28099775314, 6.60607719421, 6.72217702866, 7.14013624191, 7.38394546509, 7.58131504059, 7.99927425385, 8.31274414062, 8.44045352936, 8.66104316711, 8.84680271149, 9.2067117691, 9.287981987, 9.52018165588, 9.70594120026]
    rubato_start: []
    rubato_stop: []
    perceptual_tempo: "unknown"

sfx:
    inharmonicity:
        dmean: 0.0583160407841
        dmean2: 0.0998653694987
        dvar: 0.00286252470687
        dvar2: 0.0078199673444
        max: 0.33898499608
        mean: 0.0757379382849
        min: 0.00126560707577
        var: 0.00339433713816
    oddtoevenharmonicenergyratio:
        dmean: 2.39535951614
        dmean2: 4.51687240601
        dvar: 68.6600646973
        dvar2: 200.909210205
        max: 116.410766602
        mean: 1.74543178082
        min: 0.0130060352385
        var: 38.108833313
    pitch_after_max_to_before_max_energy_ratio: 3.92641639709
    pitch_centroid: 209.821563721
    pitch_max_to_total: 0.197674423456
    pitch_min_to_total: 0.767441868782
    tristimulus:
        dmean: [0.144124180079, 0.223875373602, 0.171373814344]
        dmean2: [0.251888632774, 0.392304450274, 0.296135127544]
        dvar: [0.0148588856682, 0.0366509743035, 0.0175868589431]
        dvar2: [0.0426425337791, 0.10615349561, 0.0505756139755]
        max: [0.766163110733, 0.939521968365, 0.665646016598]
        mean: [0.230170488358, 0.518787622452, 0.203034207225]
        min: [0.0203408263624, 0, 0]
        var: [0.0176832713187, 0.0442707501352, 0.0244535151869]

tonal:
    chords_changes_rate: 0.087962962687
    chords_number_rate: 0.0231481473893
    chords_strength:
        dmean: 0.00753420125693
        dmean2: 0.00873226858675
        dvar: 2.78765110124e-05
        dvar2: 4.27318263974e-05
        max: 0.717974603176
        mean: 0.563309371471
        min: 0.448473393917
        var: 0.0043741799891
    key_strength: 0.56600612402
    tuning_diatonic_strength: 0.601109921932
    tuning_equal_tempered_deviation: 0.171219468117
    tuning_frequency: 447.691040039
    tuning_nontempered_energy_ratio: 0.830263435841
    hpcp:
        dmean: [0.130192950368, 0.117700241506, 0.127248048782, 0.143510848284, 0.153771847486, 0.208303198218, 0.225600659847, 0.149955630302, 0.127490609884, 0.128285095096, 0.190807536244, 0.239675194025, 0.229830220342, 0.203900560737, 0.201209798455, 0.197848334908, 0.180326223373, 0.195584923029, 0.201234832406, 0.174548521638, 0.241200044751, 0.244669273496, 0.194921091199, 0.122072175145, 0.0685604736209, 0.0662609189749, 0.0758808925748, 0.100773409009, 0.11164303869, 0.121698744595, 0.126896545291, 0.149432703853, 0.19969701767, 0.203501805663, 0.195551499724, 0.185597002506]
        dmean2: [0.223179578781, 0.203464061022, 0.2183945328, 0.251762092113, 0.259934306145, 0.357332646847, 0.388848096132, 0.262850284576, 0.21668857336, 0.222603574395, 0.321080714464, 0.408491700888, 0.404193222523, 0.341869026423, 0.331444144249, 0.320026367903, 0.301358550787, 0.344289839268, 0.348041146994, 0.288226127625, 0.421189665794, 0.418460965157, 0.3392598629, 0.223325833678, 0.121491193771, 0.117524184287, 0.122229389846, 0.168419003487, 0.196510985494, 0.212385118008, 0.213861569762, 0.25165399909, 0.332028508186, 0.348761558533, 0.350563883781, 0.31692764163]
        dvar: [0.0120066208765, 0.0126591771841, 0.0151636293158, 0.0218517258763, 0.0239919181913, 0.0325053557754, 0.0358753465116, 0.0192862357944, 0.0158491618931, 0.0130482837558, 0.0210434999317, 0.0221236925572, 0.0361437536776, 0.0238530933857, 0.0230870433152, 0.0286403149366, 0.0207039415836, 0.0299805738032, 0.0301358401775, 0.0219639521092, 0.0370811745524, 0.0343328416348, 0.0304063353688, 0.0189737528563, 0.00466047367081, 0.00278286472894, 0.00453235767782, 0.00831447262317, 0.0132127739489, 0.0221882406622, 0.0163470953703, 0.0256384741515, 0.0382022336125, 0.0414816625416, 0.0319039933383, 0.0285245627165]
        dvar2: [0.0312843732536, 0.038297727704, 0.045006994158, 0.0604710318148, 0.0673335343599, 0.0786133781075, 0.0982608497143, 0.0552734099329, 0.0465484075248, 0.0344077311456, 0.0654274448752, 0.0674639940262, 0.0933327302337, 0.065293751657, 0.0689507946372, 0.0806206390262, 0.0587575621903, 0.0673394799232, 0.0699957534671, 0.0550021901727, 0.104591719806, 0.0902135893703, 0.0944428369403, 0.0546016618609, 0.0142082376406, 0.00765971373767, 0.0106824785471, 0.021535506472, 0.0367734394968, 0.0659281909466, 0.0493424981833, 0.0697016790509, 0.103414990008, 0.106698699296, 0.091654881835, 0.0782861784101]
        max: [0.847478568554, 0.930118441582, 1, 1, 1, 1, 1, 1, 0.879761993885, 0.816363096237, 1, 1, 1, 1, 1, 1, 1, 1, 1, 0.986810684204, 1, 1, 1, 0.853328883648, 0.504465997219, 0.34373831749, 0.502874016762, 0.613559126854, 1, 0.989715576172, 1, 1, 1, 1, 1, 1]
        mean: [0.317693889141, 0.251307815313, 0.26824042201, 0.27165132761, 0.301330834627, 0.50936037302, 0.546278774738, 0.321073919535, 0.230395048857, 0.283549576998, 0.413825422525, 0.577439725399, 0.602730691433, 0.514014780521, 0.4548612535, 0.418129235506, 0.392245709896, 0.450648486614, 0.439218848944, 0.391513615847, 0.583815455437, 0.620623290539, 0.363903284073, 0.179019421339, 0.119519881904, 0.118687480688, 0.176371172071, 0.209763631225, 0.187176972628, 0.193302035332, 0.238444209099, 0.289742350578, 0.343058466911, 0.330896615982, 0.359018921852, 0.407406032085]
        min: [0.082777030766, 0.0526703558862, 0.0285257492214, 0.0584406666458, 0.0643718466163, 0.0707266181707, 0.0505200996995, 0.0425385832787, 0.052318226546, 0.0533694513142, 0.0778292268515, 0.166949227452, 0.127358704805, 0.115880191326, 0.0835657790303, 0.068410679698, 0.05365473032, 0.110139451921, 0.105035081506, 0.0593931525946, 0.064288161695, 0.0679640620947, 0.0376203916967, 0.0315767563879, 0.0116996932775, 0.0159442741424, 0.0129723260179, 0.0170348770916, 0.0200083851814, 0.0294754393399, 0.0328444503248, 0.0381987355649, 0.0232646428049, 0.0415886826813, 0.0827666670084, 0.0796671435237]
        var: [0.0205483604223, 0.0138231096789, 0.0195833723992, 0.0236140917987, 0.027442291379, 0.0700018033385, 0.0692383572459, 0.0229214858264, 0.0167611576617, 0.0173832532018, 0.0333267897367, 0.0478843152523, 0.0572544336319, 0.0507598184049, 0.0459928028286, 0.0493360608816, 0.0375245660543, 0.0503023825586, 0.0499448701739, 0.0404255650938, 0.0725887343287, 0.0738493949175, 0.0375418663025, 0.0176332909614, 0.00513377971947, 0.0039707091637, 0.00864725280553, 0.0137010477483, 0.0139388013631, 0.0186817180365, 0.0186884533614, 0.0319642573595, 0.0510890483856, 0.0478718280792, 0.0397331938148, 0.0489218793809]
    chords_histogram: [27.7777786255, 1.38888883591, 0, 0, 0, 0, 0, 0, 0, 0, 0, 0, 0, 0, 38.8888893127, 27.7777786255, 4.16666650772, 0, 0, 0, 0, 0, 0, 0]
    thpcp: [1, 0.586351335049, 0.288451015949, 0.192580401897, 0.19123916328, 0.284183949232, 0.337988644838, 0.301595151424, 0.311464369297, 0.384201198816, 0.466857045889, 0.552764415741, 0.533168196678, 0.578481197357, 0.656446576118, 0.511894881725, 0.40492811799, 0.432211339474, 0.437707275152, 0.485529363155, 0.820723891258, 0.880209922791, 0.517341077328, 0.37123170495, 0.456878721714, 0.666790008545, 0.930419027805, 0.971169948578, 0.828223466873, 0.732910394669, 0.673724710941, 0.632018983364, 0.726122438908, 0.707706034184, 0.630839407444, 0.940692126751]
    chords_key: "A"
    chords_scale: "major"
    key_key: "G#"
    key_scale: "major"
    chords_progression: ["Cm", "Cm", "G#", "G#", "G#", "Cm", "G#", "G#", "G#", "G#", "G#", "G#", "G#", "G#", "G#", "G#", "G#", "G#", "G#", "G#", "G#", "G#", "G#", "G#", "G#", "G#", "G#", "G#", "A", "A", "A", "G#", "G#", "A", "A", "A", "A", "A", "A", "A", "A", "A", "A", "A", "A", "A", "A", "A", "A", "A", "A", "A", "A", "A", "A", "A", "A", "A", "A", "A", "A", "A", "A", "A", "A", "A", "A", "A", "A", "A", "A", "A", "A", "A", "A", "A", "A", "A", "A", "A", "A", "A", "A", "A", "A", "A", "A", "A", "A", "G#", "G#", "G#", "G#", "G#", "G#", "G#", "G#", "G#", "G#", "G#", "G#", "G#", "G#", "G#", "G#", "G#", "G#", "G#", "G#", "G#", "G#", "G#", "G#", "G#", "G#", "G#", "G#", "G#", "G#", "G#", "G#", "A", "A", "A", "A", "A", "A", "A", "E", "E", "E", "E", "E", "A", "A", "A", "A", "E", "E", "E", "E", "A", "A", "A", "A", "A", "A", "A", "A", "C#m", "C#m", "C#m", "A", "A", "A", "C#m", "C#m", "C#m", "A", "A", "A", "C#m", "C#m", "C#m", "C#m", "C#m", "C#m", "C#m", "C#m", "C#m", "C#m", "C#m", "C#m", "C#m", "C#m", "C#m", "C#m", "C#m", "C#m", "C#m", "C#m", "C#m", "C#m", "C#m", "C#m", "C#m", "C#m", "C#m", "C#m", "C#m", "C#m", "C#m", "C#m", "C#m", "C#m", "C#m", "C#m", "C#m", "C#m", "G#", "C#m", "C#m", "C#m", "C#m", "C#m", "C#m", "C#m", "C#m", "C#m", "C#m", "C#m", "C#m", "C#m", "C#m", "C#m", "C#m"]
