
metadata:
    version:
        essentia: "1.2.2"
    audio_properties:
        analysis_sample_rate: 44100
        bitrate: 128
        channels: 2
        equal_loudness: 1
        length: 10.0310201645
        replay_gain: -12.9031887054
        downmix: "mix"
    tags:
        track: 6
        year: 0
        album: "Splitted by Mp3Splt v. 2.1"
        artist: "From 000.50 To 001.00"
        comment: "http://mp3splt.sf.net"
        genre: ""
        title: "08 Improved Industrial Dwellin"

highlevel:
    ballroom:
        all:
            ChaChaCha: 0.246022239327
            Jive: 0.233710095286
            Quickstep: 0.0315759330988
            Rumba-American: 0.00784605368972
            Rumba-International: 0.0940968096256
            Rumba-Misc: 0.0178822595626
            Samba: 0.294225901365
            Tango: 0.0150732723996
            VienneseWaltz: 0.0450191497803
            Waltz: 0.0145482979715
        probability: 0.294225901365
        value: "Samba"
    culture:
        all:
            non_western: 0.169697001576
            western: 0.830303013325
        probability: 0.830303013325
        value: "western"
    gender:
        all:
            female: 0.531112730503
            male: 0.468887269497
        probability: 0.531112730503
        value: "female"
    genre_dortmund:
        all:
            alternative: 0.0452312640846
            blues: 0.0188528951257
            electronic: 0.281993001699
            folkcountry: 0.0179548673332
            funksoulrnb: 0.0186016019434
            jazz: 0.0651910528541
            pop: 0.0223543122411
            raphiphop: 0.00553993647918
            rock: 0.524281084538
        probability: 0.524281084538
        value: "rock"
    genre_electronica:
        all:
            ambient: 0.0701769068837
            dnb: 0.544307053089
            house: 0.0224083028734
            techno: 0.219617590308
            trance: 0.143490165472
        probability: 0.544307053089
        value: "dnb"
    genre_rosamerica:
        all:
            cla: 0.00585027271882
            dan: 0.110712110996
            hip: 0.0113342553377
            jaz: 0.00612751068547
            pop: 0.0557875819504
            rhy: 0.00959018338472
            roc: 0.79841697216
            spe: 0.00218112277798
        probability: 0.79841697216
        value: "roc"
    genre_tzanetakis:
        all:
            blu: 0.00395781034604
            cla: 0.00390935828909
            cou: 0.00812200922519
            dis: 0.212016865611
            hip: 0.0719134062529
            jaz: 0.0162215996534
            met: 0.0606910549104
            pop: 0.449465155602
            reg: 0.0534710921347
            roc: 0.12023165077
        probability: 0.449465155602
        value: "pop"
    live_studio:
        all:
            live: 0.0113923605531
            studio: 0.988607645035
        probability: 0.988607645035
        value: "studio"
    mood:
        all:
            Cluster1: 0.399431854486
            Cluster2: 0.0699601396918
            Cluster3: 0.0421013534069
            Cluster4: 0.0727162882686
            Cluster5: 0.415790379047
        probability: 0.415790379047
        value: "Cluster5"
    mood_acoustic:
        all:
            acoustic: 0.0416873022914
            not_acoustic: 0.958312690258
        probability: 0.958312690258
        value: "not_acoustic"
    mood_aggressive:
        all:
            aggressive: 0.908089458942
            not_aggressive: 0.0919105261564
        probability: 0.908089458942
        value: "aggressive"
    mood_electronic:
        all:
            electronic: 0.79730117321
            not_electronic: 0.20269882679
        probability: 0.79730117321
        value: "electronic"
    mood_happy:
        all:
            happy: 0.630540788174
            not_happy: 0.369459241629
        probability: 0.630540788174
        value: "happy"
    mood_party:
        all:
            not_party: 0.423292666674
            party: 0.576707303524
        probability: 0.576707303524
        value: "party"
    mood_relaxed:
        all:
            not_relaxed: 0.259623497725
            relaxed: 0.740376472473
        probability: 0.740376472473
        value: "relaxed"
    mood_sad:
        all:
            not_sad: 0.0891663506627
            sad: 0.910833656788
        probability: 0.910833656788
        value: "sad"
    rhythm:
        all:
            fast: 0.688635766506
            medium: 0.200645104051
            slow: 0.110719099641
        probability: 0.688635766506
        value: "fast"
    speech_music:
        all:
            music: 0.01063992735
            speech: 0.98936009407
        probability: 0.98936009407
        value: "speech"
    timbre:
        all:
            bright: 0.0396565571427
            dark: 0.960343420506
        probability: 0.960343420506
        value: "dark"
    voice_instrumental:
        all:
            instrumental: 0.987504541874
            voice: 0.0124954683706
        probability: 0.987504541874
        value: "instrumental"

lowlevel:
    average_loudness: 0.979604184628
    barkbands_kurtosis:
        dmean: 1.44818866253
        dmean2: 2.32308459282
        dvar: 10.0859003067
        dvar2: 25.2886962891
        max: 31.6996192932
        mean: 0.252004563808
        min: -1.80542898178
        var: 11.2539777756
    barkbands_skewness:
        dmean: 0.52188116312
        dmean2: 0.768466949463
        dvar: 0.289358615875
        dvar2: 0.561976313591
        max: 5.2449297905
        mean: 0.552002370358
        min: -1.39959990978
        var: 1.00183057785
    barkbands_spread:
        dmean: 5.12376213074
        dmean2: 8.00187015533
        dvar: 20.2014446259
        dvar2: 44.9587631226
        max: 47.6466178894
        mean: 26.9361801147
        min: 4.01868391037
        var: 77.6329116821
    dissonance:
        dmean: 0.0165295936167
        dmean2: 0.0278537198901
        dvar: 0.000248611177085
        dvar2: 0.000609947543126
        max: 0.498608738184
        mean: 0.465966999531
        min: 0.354902327061
        var: 0.000620148610324
    hfc:
        dmean: 1.80579984188
        dmean2: 2.51616215706
        dvar: 8.71386528015
        dvar2: 14.9870510101
        max: 29.9422054291
        mean: 4.44676446915
        min: 0.0610034652054
        var: 18.0253582001
    pitch:
        dmean: 401.878601074
        dmean2: 743.885375977
        dvar: 544220.5625
        dvar2: 1108947.625
        max: 3675
        mean: 638.630493164
        min: 84
        var: 683522.375
    pitch_instantaneous_confidence:
        dmean: 0.0850940942764
        dmean2: 0.135922208428
        dvar: 0.00495441490784
        dvar2: 0.0116214333102
        max: 0.714887022972
        mean: 0.385265976191
        min: 0.138982355595
        var: 0.0172045025975
    pitch_salience:
        dmean: 0.0725842267275
        dmean2: 0.123579949141
        dvar: 0.00413320446387
        dvar2: 0.0107614342123
        max: 0.815971553326
        mean: 0.586081445217
        min: 0.290340334177
        var: 0.0140242101625
    silence_rate_20dB:
        dmean: 0
        dmean2: 0
        dvar: 0
        dvar2: 0
        max: 1
        mean: 1
        min: 1
        var: 0
    silence_rate_30dB:
        dmean: 0
        dmean2: 0
        dvar: 0
        dvar2: 0
        max: 1
        mean: 1
        min: 1
        var: 0
    silence_rate_60dB:
        dmean: 0.194444447756
        dmean2: 0.387470990419
        dvar: 0.156635344028
        dvar2: 0.288380503654
        max: 1
        mean: 0.478060036898
        min: 0
        var: 0.24951864779
    spectral_centroid:
        dmean: 231.998901367
        dmean2: 348.358184814
        dvar: 45048.1054688
        dvar2: 89475.703125
        max: 2546.74804688
        mean: 1141.32336426
        min: 232.696716309
        var: 264533.5625
    spectral_complexity:
        dmean: 3.79582357407
        dmean2: 5.33953475952
        dvar: 22.7749919891
        dvar2: 37.5963745117
        max: 38
        mean: 11.7083330154
        min: 0
        var: 63.7112960815
    spectral_crest:
        dmean: 2.52597975731
        dmean2: 4.30031919479
        dvar: 5.04526424408
        dvar2: 13.7334327698
        max: 18.2767562866
        mean: 7.75886726379
        min: 3.0040538311
        var: 9.43125247955
    spectral_decrease:
        dmean: 4.28890645221e-10
        dmean2: 6.23966711633e-10
        dvar: 2.48377031393e-19
        dvar2: 4.89928737058e-19
        max: -2.70211891057e-11
        mean: -9.63127355647e-10
        min: -3.45722006578e-09
        var: 4.87243863886e-19
    spectral_energy:
        dmean: 0.00176402344368
        dmean2: 0.0025547943078
        dvar: 4.20758806285e-06
        dvar2: 8.12422149465e-06
        max: 0.0150528820232
        mean: 0.00403839815408
        min: 0.000107517153083
        var: 8.42748886498e-06
    spectral_energyband_high:
        dmean: 6.57721029711e-05
        dmean2: 9.72781708697e-05
        dvar: 9.60853085985e-09
        dvar2: 1.82935462334e-08
        max: 0.000924360589124
        mean: 0.000113047579362
        min: 6.58068813664e-07
        var: 1.82978983077e-08
    spectral_energyband_low:
        dmean: 0.000388319138438
        dmean2: 0.00062182766851
        dvar: 3.13664429541e-07
        dvar2: 7.30153658424e-07
        max: 0.00393666978925
        mean: 0.000572739867494
        min: 2.90978096018e-06
        var: 5.17042167303e-07
    spectral_energyband_middle_high:
        dmean: 0.000609768612776
        dmean2: 0.000866882735863
        dvar: 8.23047287213e-07
        dvar2: 1.42009162118e-06
        max: 0.00912980362773
        mean: 0.00156934559345
        min: 2.06398653972e-05
        var: 1.78071650225e-06
    spectral_energyband_middle_low:
        dmean: 0.00116465345491
        dmean2: 0.00184517132584
        dvar: 2.46643389801e-06
        dvar2: 5.46646424482e-06
        max: 0.0122507652268
        mean: 0.00178301159758
        min: 5.22919217474e-05
        var: 3.6139185795e-06
    spectral_flatness_db:
        dmean: 0.0235751457512
        dmean2: 0.037040669471
        dvar: 0.000424416270107
        dvar2: 0.000954128743615
        max: 0.272977381945
        mean: 0.160878673196
        min: 0.0762674435973
        var: 0.00161051552277
    spectral_flux:
        dmean: 0.0110744675621
        dmean2: 0.0168799497187
        dvar: 0.000148206774611
        dvar2: 0.000284487381577
        max: 0.0973661541939
        mean: 0.0370556041598
        min: 0.00682339817286
        var: 0.000321867642924
    spectral_kurtosis:
        dmean: 3.0436770916
        dmean2: 5.04710006714
        dvar: 7.74279212952
        dvar2: 18.9663925171
        max: 22.8564624786
        mean: 7.54160881042
        min: 1.45379257202
        var: 12.5865516663
    spectral_rms:
        dmean: 0.000402335776016
        dmean2: 0.000571017153561
        dvar: 1.75064812424e-07
        dvar2: 3.06558263219e-07
        max: 0.00383219751529
        mean: 0.00186837010551
        min: 0.000323874643072
        var: 4.49093079169e-07
    spectral_rolloff:
        dmean: 396.540374756
        dmean2: 647.347717285
        dvar: 194952.484375
        dvar2: 370297
        max: 3875.9765625
        mean: 2202.3190918
        min: 193.798828125
        var: 871596.4375
    spectral_skewness:
        dmean: 0.320677578449
        dmean2: 0.524973094463
        dvar: 0.0704161375761
        dvar2: 0.187871173024
        max: 3.37098145485
        mean: 1.96486973763
        min: 0.970174968243
        var: 0.18065059185
    spectral_spread:
        dmean: 1039109.9375
        dmean2: 1581914.5
        dvar: 1.42387288474e+12
        dvar2: 2.79606801203e+12
        max: 15688310
        mean: 3742590.25
        min: 1888499.25
        var: 2.17161518285e+12
    spectral_strongpeak:
        dmean: 0.313734382391
        dmean2: 0.554935753345
        dvar: 0.32670417428
        dvar2: 0.756439983845
        max: 4.61736917496
        mean: 0.454732477665
        min: 0.0105020049959
        var: 0.534811675549
    zerocrossingrate:
        dmean: 0.00794958136976
        dmean2: 0.00946357194334
        dvar: 4.11878136219e-05
        dvar2: 5.47517192899e-05
        max: 0.12353515625
        mean: 0.068887218833
        min: 0.02001953125
        var: 0.000546339317225
    barkbands:
        dmean: [1.13917428735e-06, 0.000131579959998, 0.000335048069246, 0.000624981999863, 0.00051653542323, 0.000119056414405, 5.51570810785e-05, 5.07533295604e-05, 5.53941936232e-05, 0.000133590438054, 5.1130708016e-05, 4.53653847217e-05, 3.05077028315e-05, 5.78913386562e-05, 9.03041145648e-05, 9.59617755143e-05, 9.09509035409e-05, 0.000194737323909, 9.63049606071e-05, 7.32852931833e-05, 2.86106551357e-05, 9.20293769013e-06, 2.79780942947e-06, 1.16114313187e-06, 1.04935247691e-06, 9.62784270087e-08, 3.61431484741e-09]
        dmean2: [1.80898450708e-06, 0.000213374645682, 0.000560809508897, 0.0010447135428, 0.000846418435685, 0.000197084547835, 9.18400764931e-05, 8.52948869579e-05, 8.84095279616e-05, 0.000206794124097, 8.73171156854e-05, 7.49851096771e-05, 4.89998565172e-05, 9.5823466836e-05, 0.000150664433022, 0.000165262710652, 0.000127458610223, 0.000300661951769, 0.000142805860378, 0.000111248940811, 4.20157812187e-05, 1.49609395521e-05, 4.68487814942e-06, 1.93532355297e-06, 1.78927155048e-06, 1.65619184145e-07, 3.844442098e-09]
        dvar: [3.92459936077e-12, 3.63957468608e-08, 2.816043434e-07, 1.16316505228e-06, 6.08769198607e-07, 5.41837827939e-08, 2.09558503883e-08, 4.35499325491e-09, 5.73766234524e-09, 4.30608828594e-08, 4.62553373382e-09, 2.91074475633e-09, 1.69427838426e-09, 6.61676091696e-09, 1.38614284495e-08, 2.07443928701e-08, 3.17321990906e-08, 1.54990360102e-07, 4.35194422721e-08, 1.5078409632e-08, 2.78264900011e-09, 2.4703936119e-10, 2.0619735086e-11, 3.98304956725e-12, 5.19126668735e-12, 4.94339947666e-14, 4.70427233477e-15]
        dvar2: [9.1724666057e-12, 7.17606525313e-08, 7.45267811908e-07, 2.69430574917e-06, 1.49485390466e-06, 1.38497696867e-07, 5.77962531167e-08, 1.17801173261e-08, 1.15622365016e-08, 8.51990407114e-08, 1.17870602168e-08, 7.98927235479e-09, 4.38146408044e-09, 1.43259262231e-08, 3.40711743263e-08, 5.95383333746e-08, 7.2543102192e-08, 3.26203007717e-07, 9.00479335542e-08, 3.30037828178e-08, 6.16037043599e-09, 6.32477792362e-10, 5.32826283095e-11, 1.03516431538e-11, 1.38554862028e-11, 1.25562429378e-13, 4.71462731255e-15]
        max: [1.20564236568e-05, 0.00151586544234, 0.00314952945337, 0.00752227986231, 0.00560271413997, 0.00345613574609, 0.00226980238222, 0.000471291074064, 0.00069167977199, 0.00200151395984, 0.00069552345667, 0.000411831308156, 0.000351294060238, 0.00077204965055, 0.000880953622982, 0.00111766322516, 0.00171685952228, 0.00415332429111, 0.00218073651195, 0.000966517487541, 0.000586078676861, 9.98159230221e-05, 2.56730236288e-05, 1.19231408462e-05, 1.47012533489e-05, 1.45305875776e-06, 1.42611736464e-06]
        mean: [1.39865494475e-06, 0.000191002487554, 0.0003805947199, 0.000635833595879, 0.000699410331436, 0.000150990686961, 8.94854165381e-05, 7.43570635677e-05, 9.93523935904e-05, 0.000244633993134, 8.19339984446e-05, 7.48760212446e-05, 5.17820772075e-05, 0.000102071157016, 0.000161690040841, 0.000161669013323, 0.00014200170699, 0.000389637862099, 0.000132877903525, 0.000119882977742, 3.85909661418e-05, 9.7750526038e-06, 2.56395173892e-06, 1.01888053905e-06, 8.88607758043e-07, 7.87418841242e-08, 3.70010355688e-09]
        min: [7.76480268971e-10, 4.08440911315e-07, 8.26354437322e-07, 8.15282987787e-07, 5.32920603291e-06, 2.89387912744e-06, 5.05109824189e-07, 5.30174872893e-07, 1.52169457124e-06, 2.23098913921e-06, 5.87673298469e-07, 1.67993175637e-06, 1.38901577884e-06, 5.98015105879e-07, 2.07796460927e-06, 2.33421519624e-06, 9.01287648958e-07, 7.19576610209e-06, 5.08660207288e-07, 5.58570832254e-07, 2.0144688051e-07, 1.61849289526e-08, 4.097923334e-09, 9.33697896777e-10, 5.07650310677e-10, 2.95739786826e-11, 5.0950230146e-11]
        var: [4.92071834668e-12, 6.56786909303e-08, 3.43296818528e-07, 1.34508422889e-06, 7.52533367177e-07, 8.15813550048e-08, 1.72647141028e-08, 5.84998582909e-09, 1.28943051791e-08, 8.25444317343e-08, 6.89498147466e-09, 5.67076163804e-09, 2.86779933134e-09, 1.25271286677e-08, 2.62284967079e-08, 2.60280259567e-08, 5.17050082749e-08, 2.54630521113e-07, 6.39531094748e-08, 2.3971653107e-08, 4.28928759177e-09, 2.37016434257e-10, 1.80417503853e-11, 3.41086273808e-12, 3.91330067309e-12, 3.74467946614e-14, 4.69457296049e-15]
    mfcc:
        mean: [-744.025390625, 149.919372559, -60.8901329041, 48.6375198364, -4.20350408554, -0.9435095191, 3.77514243126, 1.60985314846, 3.40235424042, -1.35739350319, -8.80348873138, -12.1484661102, -8.69942760468]
        cov: [[2879.34985352, -1390.61206055, 338.51159668, -8.421875, 251.166061401, 61.5870552063, -57.6627998352, -126.316345215, -178.122940063, -238.755950928, -43.5553398132, -14.1692247391, 28.5101890564], [-1390.61206055, 1164.98547363, -170.710479736, 189.977294922, -97.4681091309, -23.3311195374, 40.6027832031, 68.713722229, 93.8951187134, 134.6771698, 2.28277134895, -2.30331039429, -55.1564598083], [338.51159668, -170.710479736, 591.014404297, -6.76082706451, 115.295516968, 34.4111595154, -9.63599491119, 57.2630653381, 19.6111373901, 5.32032442093, 21.8815555573, 5.11868333817, -2.37376260757], [-8.421875, 189.977294922, -6.76082706451, 279.667694092, 13.4499320984, 7.35831928253, 20.445142746, 20.6457633972, -3.5240342617, 7.13435935974, -17.4400348663, -6.33360052109, -44.1928596497], [251.166061401, -97.4681091309, 115.295516968, 13.4499320984, 145.992721558, 58.1682167053, 41.6955070496, 32.7968673706, 14.6079778671, -16.9102020264, 17.2910919189, 16.5028171539, 14.7221298218], [61.5870552063, -23.3311195374, 34.4111595154, 7.35831928253, 58.1682167053, 112.397514343, 61.8467712402, 45.7677497864, 29.5466556549, -1.61690413952, 1.12795615196, 4.9953956604, 11.849729538], [-57.6627998352, 40.6027832031, -9.63599491119, 20.445142746, 41.6955070496, 61.8467712402, 92.8794937134, 50.0312576294, 44.5136489868, 14.9187479019, 8.62417125702, 15.2836027145, 10.8703022003], [-126.316345215, 68.713722229, 57.2630653381, 20.6457633972, 32.7968673706, 45.7677497864, 50.0312576294, 86.3854217529, 54.0709114075, 28.7604961395, 12.9984588623, 5.42704343796, -3.10050344467], [-178.122940063, 93.8951187134, 19.6111373901, -3.5240342617, 14.6079778671, 29.5466556549, 44.5136489868, 54.0709114075, 74.3784713745, 41.9308166504, 20.0249843597, 15.4472818375, 7.46608448029], [-238.755950928, 134.6771698, 5.32032442093, 7.13435935974, -16.9102020264, -1.61690413952, 14.9187479019, 28.7604961395, 41.9308166504, 59.5525970459, 21.7931613922, 14.5054540634, 2.11867833138], [-43.5553398132, 2.28277134895, 21.8815555573, -17.4400348663, 17.2910919189, 1.12795615196, 8.62417125702, 12.9984588623, 20.0249843597, 21.7931613922, 42.617061615, 32.7961235046, 23.8334903717], [-14.1692247391, -2.30331039429, 5.11868333817, -6.33360052109, 16.5028171539, 4.9953956604, 15.2836027145, 5.42704343796, 15.4472818375, 14.5054540634, 32.7961235046, 56.987651825, 40.37890625], [28.5101890564, -55.1564598083, -2.37376260757, -44.1928596497, 14.7221298218, 11.849729538, 10.8703022003, -3.10050344467, 7.46608448029, 2.11867833138, 23.8334903717, 40.37890625, 61.7293624878]]
        icov: [[0.00128886988387, 0.00133987457957, -0.000254124111962, -0.000876159756444, -0.00120428192895, -0.000323211716022, 0.000263913621893, 0.00126861128956, -4.86124845338e-05, 0.00111008563545, 0.000644579413347, -0.000354955263902, 0.000282504421193], [0.00133987457957, 0.00291621172801, 0.000145848200191, -0.00171547487844, -0.0010047275573, -0.00011924339924, 0.000376655196305, 0.00105841725599, -0.000655968440697, -0.00198526564054, 0.00173493358307, -0.000590084819123, 0.000877304119058], [-0.000254124111962, 0.000145848200191, 0.00251017790288, 0.000179245122126, -0.00182685430627, -9.92282875814e-05, 0.00226382957771, -0.00229207589291, 0.000188994104974, -0.00174223538488, 0.000148667168105, -0.000159891293151, 0.000497633533087], [-0.000876159756444, -0.00171547487844, 0.000179245122126, 0.0058499481529, -0.000289115472697, 0.000262181973085, -0.00129124138039, -0.00211300794035, 0.00300372112542, -0.0011712347623, 0.00232821842656, -0.00430006813258, 0.00479745259508], [-0.00120428192895, -0.0010047275573, -0.00182685430627, -0.000289115472697, 0.0142777757719, -0.00314951734617, -0.00371610349976, -0.00178911036346, -0.00100234523416, 0.00699938740581, -0.00804812274873, 0.000237662301515, -2.19364119403e-05], [-0.000323211716022, -0.00011924339924, -9.92282875814e-05, 0.000262181973085, -0.00314951734617, 0.0176242049783, -0.00824877526611, -0.00481142336503, -0.000416026276071, 0.00138168374542, 0.00356339011341, 0.00283313984983, -0.0044206706807], [0.000263913621893, 0.000376655196305, 0.00226382957771, -0.00129124138039, -0.00371610349976, -0.00824877526611, 0.0258432812989, -0.00568059785292, -0.00827469676733, 0.000563879148103, 0.00451578292996, -0.00502907671034, -0.000461607676698], [0.00126861128956, 0.00105841725599, -0.00229207589291, -0.00211300794035, -0.00178911036346, -0.00481142336503, -0.00568059785292, 0.0306521840394, -0.0142488153651, -0.000547717674635, -0.00332128978334, 0.00329265394248, 0.00351984123699], [-4.86124845338e-05, -0.000655968440697, 0.000188994104974, 0.00300372112542, -0.00100234523416, -0.000416026276071, -0.00827469676733, -0.0142488153651, 0.0409791320562, -0.0186062529683, -0.000885082408786, -0.00138861511368, -0.000413328787545], [0.00111008563545, -0.00198526564054, -0.00174223538488, -0.0011712347623, 0.00699938740581, 0.00138168374542, 0.000563879148103, -0.000547717674635, -0.0186062529683, 0.0479162223637, -0.0177778396755, -0.000964231439866, 0.00284707848914], [0.000644579413347, 0.00173493358307, 0.000148667168105, 0.00232821842656, -0.00804812274873, 0.00356339011341, 0.00451578292996, -0.00332128978334, -0.000885082408786, -0.0177778396755, 0.0588877461851, -0.0264481250197, -0.00152029120363], [-0.000354955263902, -0.000590084819123, -0.000159891293151, -0.00430006813258, 0.000237662301515, 0.00283313984983, -0.00502907671034, 0.00329265394248, -0.00138861511368, -0.000964231439866, -0.0264481250197, 0.0527081042528, -0.0270627681166], [0.000282504421193, 0.000877304119058, 0.000497633533087, 0.00479745259508, -2.19364119403e-05, -0.0044206706807, -0.000461607676698, 0.00351984123699, -0.000413328787545, 0.00284707848914, -0.00152029120363, -0.0270627681166, 0.0396605357528]]
    spectral_contrast:
        mean: [-1.72691343892e-07, 1.96819499365e-07, -3.24755632164e-07, 3.32301084427e-08, -3.83394450409e-07, -1.64361182442e-07, 2.73860587185e-06, -1.11910480882e-06, 2.85646979137e-06, 2.72815418612e-06, 6.10671634149e-07, 1.78648360816e-06]
        var: [0.000312654621666, 0.000392247515265, 0.00111331173684, 0.00141604838427, 0.00195719464682, 0.00780881009996, 0.0569460093975, 0.113111004233, 0.221130177379, 0.270652741194, 0.342141270638, 2.00965237617]

rhythm:
    beats_loudness:
        dmean: 0.00218999269418
        dmean2: 0.0044039147906
        dvar: 2.60815795627e-06
        dvar2: 7.50820800022e-06
        max: 0.00968414451927
        mean: 0.0064618838951
        min: 0.00258211861365
        var: 3.41150621352e-06
    beats_loudness_bass:
        dmean: 0.385689049959
        dmean2: 0.76828879118
        dvar: 0.0103025203571
        dvar2: 0.0248651616275
        max: 0.727856040001
        mean: 0.392765969038
        min: 0.130817621946
        var: 0.0439671911299
    bpm: 99.5640640259
    bpm_confidence: 0
    first_peak_bpm: 100
    first_peak_spread: 0
    first_peak_weight: 0.9375
    onset_rate: 6.08113574982
    second_peak_bpm: 95
    second_peak_spread: 0
    second_peak_weight: 0.0625
    beats_position: [0.0256293397397, 0.627943456173, 1.23025751114, 1.83257174492, 2.4348859787, 3.03719973564, 3.639513731, 4.24182796478, 4.84414196014, 5.44645595551, 6.07896089554, 6.68193912506, 7.28491783142, 7.88789653778, 8.49087524414, 9.09385299683, 9.69683265686]
    bpm_estimates: [99.7192611694, 99.503868103, 99.5692596436, 99.5953598022, 100.130172729, 99.6918716431, 99.5281829834, 99.4958496094, 99.4594955444, 99.4682617188, 99.5916213989, 99.4822463989, 99.5719985962, 99.3500289917, 99.744140625, 99.5818710327, 99.4406890869, 99.4103164673, 99.3825836182]
    bpm_intervals: [0.602314114571, 0.602314054966, 0.60231423378, 0.60231423378, 0.602313756943, 0.602313995361, 0.60231423378, 0.602313995361, 0.602313995361, 0.632504940033, 0.602978229523, 0.60297870636, 0.60297870636, 0.60297870636, 0.602977752686, 0.602979660034]
    onset_times: [0.0348299331963, 0.18575963378, 0.336689352989, 0.522448956966, 0.638548731804, 0.789478480816, 1.07972788811, 1.23065757751, 1.39319729805, 1.47446715832, 1.53251695633, 1.70666670799, 1.83437645435, 2.00852608681, 2.13623571396, 2.31038546562, 2.42648530006, 2.61224484444, 2.76317453384, 3.04181408882, 3.21596360207, 3.50621318817, 3.66875290871, 3.81968259811, 3.90095233917, 3.95900225639, 4.13315200806, 4.26086187363, 4.446621418, 4.56272125244, 4.87619066238, 5.02712011337, 5.18966007233, 5.38702964783, 5.47990942001, 5.64244890213, 5.93269824982, 6.08362817764, 6.24616765976, 6.32743787766, 6.38548755646, 6.54802703857, 6.68734693527, 6.84988641739, 6.98920631409, 7.2910656929, 7.45360565186, 7.60453510284, 7.89478445053, 8.05732440948, 8.34757328033, 8.51011371613, 8.75392246246, 8.8119726181, 8.97451210022, 9.11383247375, 9.27637195587, 9.42730140686, 9.71755123138, 9.8800907135, 10.0194101334]
    rubato_start: []
    rubato_stop: []
    perceptual_tempo: "unknown"

sfx:
    inharmonicity:
        dmean: 0.0349819250405
        dmean2: 0.0611652061343
        dvar: 0.00244418741204
        dvar2: 0.00690831895918
        max: 0.404519587755
        mean: 0.0369837582111
        min: 0
        var: 0.00250254315324
    oddtoevenharmonicenergyratio:
        dmean: 3.45152282715
        dmean2: 6.70256710052
        dvar: 424.809387207
        dvar2: 1271.93981934
        max: 275.38067627
        mean: 2.02302455902
        min: 0
        var: 215.270401001
    pitch_after_max_to_before_max_energy_ratio: 27.4577274323
    pitch_centroid: 228.624435425
    pitch_max_to_total: 0.0648148134351
    pitch_min_to_total: 0.175925925374
    tristimulus:
        dmean: [0.191880866885, 0.219195634127, 0.105996444821]
        dmean2: [0.325371474028, 0.378118991852, 0.186103656888]
        dvar: [0.0327882803977, 0.0399872735143, 0.00971770565957]
        dvar2: [0.0926430374384, 0.116307705641, 0.0267052147537]
        max: [1, 0.938655376434, 0.583417356014]
        mean: [0.438093543053, 0.422597467899, 0.109051093459]
        min: [0.00765746179968, 0, 0]
        var: [0.0530758202076, 0.0499000810087, 0.0127345407382]

tonal:
    chords_changes_rate: 0.055299539119
    chords_number_rate: 0.0276497695595
    chords_strength:
        dmean: 0.0106197483838
        dmean2: 0.0109011083841
        dvar: 6.55546027701e-05
        dvar2: 8.66771370056e-05
        max: 0.593113899231
        mean: 0.367072612047
        min: 0.230782657862
        var: 0.00672366749495
    key_strength: 0.3974865973
    tuning_diatonic_strength: 0.241635769606
    tuning_equal_tempered_deviation: 0.16268157959
    tuning_frequency: 449.504882812
    tuning_nontempered_energy_ratio: 0.6886972785
    hpcp:
        dmean: [0.152352035046, 0.144970983267, 0.119952917099, 0.124050490558, 0.154075175524, 0.2355620116, 0.221848383546, 0.207393333316, 0.182490766048, 0.170650750399, 0.208085373044, 0.213679254055, 0.158513829112, 0.113814897835, 0.0813156217337, 0.116508372128, 0.1658821702, 0.17211663723, 0.160804778337, 0.157996967435, 0.15830861032, 0.185287833214, 0.265721142292, 0.270000755787, 0.276784718037, 0.203878700733, 0.198473736644, 0.186469271779, 0.1539645046, 0.159588038921, 0.165256872773, 0.112296395004, 0.116966687143, 0.113626718521, 0.110750235617, 0.120257094502]
        dmean2: [0.263496100903, 0.252251476049, 0.205596491694, 0.217434301972, 0.27183714509, 0.419097781181, 0.376234322786, 0.364211678505, 0.327199548483, 0.304960489273, 0.378052711487, 0.390216231346, 0.282409697771, 0.205295503139, 0.144040495157, 0.210890695453, 0.308398365974, 0.307835668325, 0.288697779179, 0.270979195833, 0.275859206915, 0.321023881435, 0.477739989758, 0.483886927366, 0.490992456675, 0.362480163574, 0.353371858597, 0.330471873283, 0.28137460351, 0.28583663702, 0.292308539152, 0.195962309837, 0.204408973455, 0.198937356472, 0.177497237921, 0.200250178576]
        dvar: [0.0295053720474, 0.0343060940504, 0.0272762291133, 0.0292529482394, 0.0456537976861, 0.0561365038157, 0.0550645552576, 0.0457692667842, 0.0578905381262, 0.0439535565674, 0.0601794049144, 0.07345739007, 0.0485029742122, 0.0342495292425, 0.017837267369, 0.0273890458047, 0.0603315755725, 0.0626781135798, 0.0558814369142, 0.0477238707244, 0.0537739731371, 0.0489115044475, 0.078496709466, 0.0589700490236, 0.0546484440565, 0.0378245860338, 0.0577520057559, 0.0496906936169, 0.0493490733206, 0.0374205857515, 0.0437220558524, 0.0206109173596, 0.0183966290206, 0.0136466408148, 0.0150727098808, 0.0189899876714]
        dvar2: [0.0818366035819, 0.092840090394, 0.0729053616524, 0.0744922012091, 0.114215679467, 0.153935477138, 0.133676022291, 0.114996515214, 0.158043116331, 0.127018839121, 0.162355646491, 0.192441925406, 0.133084282279, 0.0856084004045, 0.0477751605213, 0.0759278833866, 0.166246578097, 0.1706584692, 0.141024917364, 0.127230495214, 0.142631098628, 0.125579312444, 0.228468731046, 0.163215011358, 0.15846298635, 0.110081359744, 0.161885306239, 0.139540046453, 0.134449481964, 0.103963434696, 0.121101088822, 0.0544484369457, 0.0529339313507, 0.038318708539, 0.0356637835503, 0.0478346459568]
        max: [1, 1, 1, 1, 1, 1, 1, 1, 1, 1, 1, 1, 1, 1, 1, 1, 1, 1, 1, 1, 1, 1, 1, 1, 1, 1, 1, 1, 1, 1, 1, 0.897959113121, 0.916002750397, 0.657886683941, 0.782639920712, 0.866795182228]
        mean: [0.266347885132, 0.212019115686, 0.152356937528, 0.166494995356, 0.197020530701, 0.383996933699, 0.49490442872, 0.311602443457, 0.186038300395, 0.187604695559, 0.201322510839, 0.193296387792, 0.152476087213, 0.109812915325, 0.0917397364974, 0.121339768171, 0.151973605156, 0.161485493183, 0.163090273738, 0.164386838675, 0.167478874326, 0.191811159253, 0.233942836523, 0.371136397123, 0.45312923193, 0.300893753767, 0.215141519904, 0.206196323037, 0.158962875605, 0.223305851221, 0.244360238314, 0.168521896005, 0.155174657702, 0.150003373623, 0.142667070031, 0.204219385982]
        min: [0.0121944164857, 0.00998277589679, 0.00295577663928, 0.00298239849508, 0.00408383831382, 0.00574087770656, 0.00809103623033, 0.00862656719983, 0.00439919577911, 0.00482891825959, 0.00241312477738, 0.000792603765149, 0.000518376706168, 0.00131984299514, 0.0010979634244, 0.00108162150718, 0.00156779133249, 0.00313032977283, 0.000767761433963, 0.00168681610376, 0.00168515741825, 0.00128498661797, 0.00215137610212, 0.00953362509608, 0.00821506418288, 0.0149556659162, 0.00431516999379, 0.00563040701672, 0.0113662062213, 0.00108205422293, 0.0014911639737, 0.00188102212269, 0.00114958547056, 0.00206069764681, 0.0017846703995, 0.00523315416649]
        var: [0.054296053946, 0.0466545857489, 0.0370645560324, 0.0406709909439, 0.05786331743, 0.0872162953019, 0.134803682566, 0.0632450208068, 0.0515021272004, 0.0401071496308, 0.0561887994409, 0.0600877515972, 0.0420022308826, 0.0275044292212, 0.0156743600965, 0.0257256627083, 0.0452140644193, 0.0479835681617, 0.0484067313373, 0.0465100891888, 0.0522117614746, 0.0538663230836, 0.0780058205128, 0.0736960098147, 0.0919896662235, 0.0480944402516, 0.0570177920163, 0.0473323501647, 0.0407001487911, 0.0612540692091, 0.0834738761187, 0.0285899378359, 0.0327112190425, 0.0227707568556, 0.0249533765018, 0.0357420183718]
    chords_histogram: [34.562210083, 0, 0, 0, 0, 0, 0, 5.5299539566, 0, 14.7465438843, 0, 0, 5.0691242218, 0, 0, 0, 0, 0, 0, 2.7649769783, 0, 36.4055290222, 0, 0.921658992767]
    thpcp: [1, 0.629621446133, 0.375907540321, 0.379072576761, 0.406790673733, 0.390573173761, 0.3080919981, 0.221887111664, 0.185368597507, 0.245178177953, 0.307076662779, 0.326296329498, 0.329538911581, 0.332158744335, 0.338406503201, 0.387572109699, 0.472703069448, 0.7499153018, 0.915589392185, 0.607983529568, 0.43471327424, 0.416638672352, 0.321199148893, 0.451210051775, 0.493752390146, 0.34051400423, 0.313544690609, 0.303095638752, 0.288271963596, 0.412644088268, 0.538180470467, 0.428404152393, 0.307851225138, 0.336418479681, 0.398098140955, 0.775901198387]
    chords_key: "F"
    chords_scale: "major"
    key_key: "E"
    key_scale: "minor"
    chords_progression: ["B", "B", "B", "B", "B", "B", "B", "B", "B", "B", "B", "B", "B", "B", "E", "E", "E", "E", "E", "E", "E", "E", "E", "E", "E", "E", "Em", "Em", "Em", "Em", "Em", "Em", "Em", "Em", "Em", "Em", "Em", "Em", "Em", "Em", "Em", "Em", "Em", "Em", "Em", "Em", "Em", "Em", "Em", "Em", "C", "C", "Em", "F", "F", "F", "F", "F", "F", "F", "F", "F", "F", "F", "F", "F", "F", "F", "F", "F", "F", "F", "F", "F", "F", "F", "F", "F", "F", "F", "F", "F", "F", "F", "F", "F", "F", "F", "F", "F", "F", "F", "F", "A#", "A#", "B", "B", "B", "B", "B", "B", "B", "B", "B", "B", "B", "B", "B", "B", "B", "B", "B", "B", "Em", "Em", "Em", "Em", "Em", "Em", "Em", "Em", "Em", "Em", "Em", "Em", "Em", "Em", "Em", "Em", "Em", "Em", "Em", "Em", "Em", "Em", "Em", "Em", "Em", "Em", "Em", "Em", "Em", "Em", "Em", "Em", "Em", "Em", "Em", "Em", "Em", "Em", "Em", "Em", "Em", "Em", "Em", "Em", "Em", "Em", "Em", "Em", "Em", "Em", "F", "F", "F", "F", "F", "F", "F", "F", "F", "F", "F", "F", "F", "F", "F", "F", "F", "F", "F", "F", "F", "F", "F", "F", "F", "F", "F", "F", "F", "F", "F", "F", "F", "F", "F", "F", "F", "F", "F", "A#m", "A#m", "A#", "A#", "A#", "A#", "A#m", "A#m", "A#m", "A#m", "A#m", "A#m", "A#m", "A#m", "A#m"]
