
metadata:
    version:
        essentia: "1.2.2"
    audio_properties:
        analysis_sample_rate: 44100
        bitrate: 128
        channels: 2
        equal_loudness: 1
        length: 10.0048980713
        replay_gain: -6.01069259644
        downmix: "mix"
    tags:
        track: 9
        year: 0
        album: "Splitted by Mp3Splt v. 2.1"
        artist: "From 001.20 To 001.30"
        comment: "http://mp3splt.sf.net"
        genre: ""
        title: "05 Wow.mp3"

highlevel:
    ballroom:
        all:
            ChaChaCha: 0.0266039557755
            Jive: 0.105837143958
            Quickstep: 0.157237246633
            Rumba-American: 0.0173592492938
            Rumba-International: 0.0897438824177
            Rumba-Misc: 0.0485678352416
            Samba: 0.036132209003
            Tango: 0.0448678210378
            VienneseWaltz: 0.373537361622
            Waltz: 0.10011331737
        probability: 0.373537361622
        value: "VienneseWaltz"
    culture:
        all:
            non_western: 0.0937468111515
            western: 0.906253159046
        probability: 0.906253159046
        value: "western"
    gender:
        all:
            female: 0.803659081459
            male: 0.19634090364
        probability: 0.803659081459
        value: "female"
    genre_dortmund:
        all:
            alternative: 0.0646015107632
            blues: 0.0380687788129
            electronic: 0.0269598606974
            folkcountry: 0.387396037579
            funksoulrnb: 0.0412910543382
            jazz: 0.16985720396
            pop: 0.157808616757
            raphiphop: 0.00197870470583
            rock: 0.112038217485
        probability: 0.387396037579
        value: "folkcountry"
    genre_electronica:
        all:
            ambient: 0.742270767689
            dnb: 0.0328034311533
            house: 0.0254446733743
            techno: 0.00293054222129
            trance: 0.19655059278
        probability: 0.742270767689
        value: "ambient"
    genre_rosamerica:
        all:
            cla: 0.083353959024
            dan: 0.029212795198
            hip: 0.00414370838553
            jaz: 0.0195801127702
            pop: 0.616729795933
            rhy: 0.0541419163346
            roc: 0.190185084939
            spe: 0.00265259994194
        probability: 0.616729795933
        value: "pop"
    genre_tzanetakis:
        all:
            blu: 0.00567602273077
            cla: 0.122205175459
            cou: 0.203255414963
            dis: 0.0708850175142
            hip: 0.00207887566648
            jaz: 0.0794776454568
            met: 0.00318178511225
            pop: 0.105749517679
            reg: 0.0201669484377
            roc: 0.387323617935
        probability: 0.387323617935
        value: "roc"
    live_studio:
        all:
            live: 0.00550362840295
            studio: 0.99449634552
        probability: 0.99449634552
        value: "studio"
    mood:
        all:
            Cluster1: 0.137134939432
            Cluster2: 0.174916893244
            Cluster3: 0.573882937431
            Cluster4: 0.101477794349
            Cluster5: 0.0125874197111
        probability: 0.573882937431
        value: "Cluster3"
    mood_acoustic:
        all:
            acoustic: 0.25078690052
            not_acoustic: 0.74921309948
        probability: 0.74921309948
        value: "not_acoustic"
    mood_aggressive:
        all:
            aggressive: 0.00630630133674
            not_aggressive: 0.993693709373
        probability: 0.993693709373
        value: "not_aggressive"
    mood_electronic:
        all:
            electronic: 0.13517665863
            not_electronic: 0.86482334137
        probability: 0.86482334137
        value: "not_electronic"
    mood_happy:
        all:
            happy: 0.602268695831
            not_happy: 0.397731333971
        probability: 0.602268695831
        value: "happy"
    mood_party:
        all:
            not_party: 0.919715642929
            party: 0.0802843421698
        probability: 0.919715642929
        value: "not_party"
    mood_relaxed:
        all:
            not_relaxed: 0.233641549945
            relaxed: 0.766358435154
        probability: 0.766358435154
        value: "relaxed"
    mood_sad:
        all:
            not_sad: 0.239857807755
            sad: 0.760142207146
        probability: 0.760142207146
        value: "sad"
    rhythm:
        all:
            fast: 0.297331124544
            medium: 0.11668394506
            slow: 0.585984945297
        probability: 0.585984945297
        value: "slow"
    speech_music:
        all:
            music: 0.999722361565
            speech: 0.000277651735814
        probability: 0.999722361565
        value: "music"
    timbre:
        all:
            bright: 0.999992609024
            dark: 7.37661321182e-06
        probability: 0.999992609024
        value: "bright"
    voice_instrumental:
        all:
            instrumental: 0.547802984715
            voice: 0.452196985483
        probability: 0.547802984715
        value: "instrumental"

lowlevel:
    average_loudness: 0.965788304806
    barkbands_kurtosis:
        dmean: 1.11391162872
        dmean2: 1.78963851929
        dvar: 2.78622341156
        dvar2: 7.60680770874
        max: 14.9556102753
        mean: 0.756592154503
        min: -1.73284971714
        var: 6.27713871002
    barkbands_skewness:
        dmean: 0.342366635799
        dmean2: 0.519146502018
        dvar: 0.113434411585
        dvar2: 0.278677016497
        max: 3.84813714027
        mean: 0.969837188721
        min: -1.0929929018
        var: 0.72168046236
    barkbands_spread:
        dmean: 3.70889949799
        dmean2: 5.71389245987
        dvar: 11.227347374
        dvar2: 26.2481784821
        max: 56.6501998901
        mean: 22.5409183502
        min: 8.19962310791
        var: 45.953502655
    dissonance:
        dmean: 0.0300293359905
        dmean2: 0.0506798401475
        dvar: 0.000708335312083
        dvar2: 0.00195231521502
        max: 0.49356096983
        mean: 0.427587211132
        min: 0.305273532867
        var: 0.00141730636824
    hfc:
        dmean: 1.07282495499
        dmean2: 1.42177927494
        dvar: 1.83588695526
        dvar2: 2.89267230034
        max: 20.6642074585
        mean: 5.52339601517
        min: 1.36689470764e-06
        var: 14.9154653549
    pitch:
        dmean: 131.179672241
        dmean2: 248.830856323
        dvar: 223397.203125
        dvar2: 634966.125
        max: 3675
        mean: 302.3230896
        min: 73.2558135986
        var: 125892.078125
    pitch_instantaneous_confidence:
        dmean: 0.0716655552387
        dmean2: 0.105787105858
        dvar: 0.00538797769696
        dvar2: 0.0109529681504
        max: 0.89697521925
        mean: 0.547090649605
        min: 0.0563681125641
        var: 0.022873358801
    pitch_salience:
        dmean: 0.0541781894863
        dmean2: 0.0897664800286
        dvar: 0.00265833432786
        dvar2: 0.0062423418276
        max: 0.954204916954
        mean: 0.559964358807
        min: 0.324227690697
        var: 0.00603870349005
    silence_rate_20dB:
        dmean: 0
        dmean2: 0
        dvar: 0
        dvar2: 0
        max: 1
        mean: 1
        min: 1
        var: 0
    silence_rate_30dB:
        dmean: 0
        dmean2: 0
        dvar: 0
        dvar2: 0
        max: 1
        mean: 1
        min: 1
        var: 0
    silence_rate_60dB:
        dmean: 0.0672853812575
        dmean2: 0.134883716702
        dvar: 0.0627584755421
        dvar2: 0.13529394567
        max: 1
        mean: 0.266203701496
        min: 0
        var: 0.195339038968
    spectral_centroid:
        dmean: 158.451248169
        dmean2: 243.156143188
        dvar: 23626.2421875
        dvar2: 49249.0273438
        max: 2340.27929688
        mean: 1056.13977051
        min: 285.682647705
        var: 140483.296875
    spectral_complexity:
        dmean: 1.85116279125
        dmean2: 2.9603729248
        dvar: 2.59645438194
        dvar2: 5.75367450714
        max: 22
        mean: 11.2134571075
        min: 0
        var: 21.0913314819
    spectral_crest:
        dmean: 1.90713202953
        dmean2: 3.09338784218
        dvar: 3.20583534241
        dvar2: 8.96708965302
        max: 20.8265705109
        mean: 7.95145320892
        min: 3.30685520172
        var: 8.90281295776
    spectral_decrease:
        dmean: 2.84889140056e-10
        dmean2: 4.40918607181e-10
        dvar: 1.28780531319e-19
        dvar2: 3.01287897769e-19
        max: -5.16076157757e-16
        mean: -1.19705390045e-09
        min: -4.51772086407e-09
        var: 4.05517307841e-19
    spectral_energy:
        dmean: 0.00114937650505
        dmean2: 0.00175677018706
        dvar: 2.02543606065e-06
        dvar2: 4.64358481622e-06
        max: 0.0183045379817
        mean: 0.00501894252375
        min: 2.07177652811e-09
        var: 7.20186972103e-06
    spectral_energyband_high:
        dmean: 2.56604726019e-05
        dmean2: 3.95610659325e-05
        dvar: 9.87648407502e-10
        dvar2: 2.29511010197e-09
        max: 0.000380313489586
        mean: 7.99118788564e-05
        min: 2.86720439058e-11
        var: 2.57724019903e-09
    spectral_energyband_low:
        dmean: 0.000161754651344
        dmean2: 0.000277438521152
        dvar: 1.28720685666e-07
        dvar2: 3.41152997407e-07
        max: 0.0039761424996
        mean: 0.000225916024647
        min: 2.57803195458e-10
        var: 1.30338719373e-07
    spectral_energyband_middle_high:
        dmean: 0.00049952941481
        dmean2: 0.000676848459989
        dvar: 4.69174864293e-07
        dvar2: 8.15956525457e-07
        max: 0.00740015180781
        mean: 0.00208827387542
        min: 3.13461118173e-10
        var: 3.0145852179e-06
    spectral_energyband_middle_low:
        dmean: 0.000844212656375
        dmean2: 0.00131659687031
        dvar: 1.24197424611e-06
        dvar2: 3.17549279316e-06
        max: 0.0115744536743
        mean: 0.00262483675033
        min: 1.43954559384e-09
        var: 2.8303199997e-06
    spectral_flatness_db:
        dmean: 0.0151336938143
        dmean2: 0.0236951857805
        dvar: 0.000194628795725
        dvar2: 0.000460155191831
        max: 0.276305824518
        mean: 0.168020963669
        min: 0.0794199481606
        var: 0.000688334926963
    spectral_flux:
        dmean: 0.0090919137001
        dmean2: 0.0141938440502
        dvar: 9.61900223047e-05
        dvar2: 0.000230816862313
        max: 0.105695210397
        mean: 0.0353619195521
        min: 4.55167719338e-05
        var: 0.000280216801912
    spectral_kurtosis:
        dmean: 1.13132786751
        dmean2: 1.88924694061
        dvar: 1.45997488499
        dvar2: 3.63573384285
        max: 16.4590835571
        mean: 5.04376506805
        min: 0.20752286911
        var: 4.74590301514
    spectral_rms:
        dmean: 0.000248143798672
        dmean2: 0.000370413443306
        dvar: 7.40219050499e-08
        dvar2: 1.59699041546e-07
        max: 0.00422588316724
        mean: 0.00211876980029
        min: 1.42170506479e-06
        var: 4.07348892395e-07
    spectral_rolloff:
        dmean: 494.061706543
        dmean2: 835.930053711
        dvar: 349346.8125
        dvar2: 769807.5
        max: 5124.90234375
        mean: 2028.96728516
        min: 279.931640625
        var: 1096409.375
    spectral_skewness:
        dmean: 0.150402903557
        dmean2: 0.24900008738
        dvar: 0.0181450396776
        dvar2: 0.0421437211335
        max: 2.93368864059
        mean: 1.82164347172
        min: 0.739019870758
        var: 0.0804114192724
    spectral_spread:
        dmean: 512885.34375
        dmean2: 728122.0625
        dvar: 764170141696
        dvar2: 1.06524875162e+12
        max: 21794526
        mean: 4852790.5
        min: 2365055.25
        var: 2.25019035648e+12
    spectral_strongpeak:
        dmean: 0.331328302622
        dmean2: 0.540687918663
        dvar: 0.3469145298
        dvar2: 0.690514326096
        max: 7.23100662231
        mean: 0.762839853764
        min: 0
        var: 0.841782152653
    zerocrossingrate:
        dmean: 0.00684275059029
        dmean2: 0.00835313741118
        dvar: 3.98901138396e-05
        dvar2: 5.99620252615e-05
        max: 0.1396484375
        mean: 0.0667891725898
        min: 0.02783203125
        var: 0.000285469839582
    barkbands:
        dmean: [5.30795709608e-08, 3.6091219954e-05, 0.000136225338792, 0.000246009323746, 0.000396935734898, 0.000148983977851, 0.000184041142347, 0.000222705493798, 7.11707762093e-05, 0.000153396758833, 0.00023126891756, 9.49149034568e-05, 3.71506321244e-05, 0.000124843179947, 5.88178590988e-05, 5.05987045472e-05, 5.14500461577e-05, 4.22779921792e-05, 0.00014038849622, 5.19471541338e-05, 9.65907747741e-06, 5.70962447455e-06, 1.38487473578e-06, 6.18291664978e-07, 4.86904696118e-07, 2.84139822782e-08, 2.70791666868e-10]
        dmean2: [7.11769416739e-08, 5.99897794018e-05, 0.000236298903474, 0.000420349329943, 0.000668448861688, 0.000213581020944, 0.000279462226899, 0.000348414876498, 0.000105172941403, 0.000230607925914, 0.000342893443303, 0.000154369554366, 5.98745864409e-05, 0.000179902490345, 9.82718265732e-05, 8.11161007732e-05, 7.91750135249e-05, 6.79993972881e-05, 0.000212580780499, 8.35230603116e-05, 1.58199309226e-05, 9.3703129096e-06, 2.17651995627e-06, 9.23507286643e-07, 6.95210928825e-07, 3.96305033235e-08, 4.59131843655e-10]
        dvar: [1.40653805335e-13, 1.1009284151e-08, 7.98003227942e-08, 6.22843970177e-07, 3.10741711473e-07, 3.14397929913e-08, 6.43303081915e-08, 1.3588673653e-07, 1.35622082453e-08, 4.80874824405e-08, 1.43557599586e-07, 1.01425861487e-07, 1.8138219815e-08, 5.63540041298e-08, 3.56754874531e-08, 4.74789407789e-09, 1.77849504013e-08, 3.30113070213e-09, 4.19451886557e-08, 9.5412042711e-09, 8.95221882735e-11, 3.98450959727e-11, 5.02984156062e-12, 6.52518783364e-13, 5.18659767912e-13, 2.71518952341e-15, 4.38575606871e-19]
        dvar2: [1.48768936623e-13, 2.68261750591e-08, 2.13634635315e-07, 1.59397279731e-06, 9.78849925559e-07, 7.89418450609e-08, 1.58475629064e-07, 3.303669871e-07, 2.68629314348e-08, 1.07380429881e-07, 2.90494483579e-07, 2.7816184911e-07, 3.93115655584e-08, 9.90530750755e-08, 7.66772245697e-08, 1.07279793937e-08, 1.62262470127e-08, 8.02311994619e-09, 7.92289469587e-08, 1.86421527104e-08, 2.23259147281e-10, 9.73046782038e-11, 1.16412964338e-11, 1.30700745365e-12, 9.15448706423e-13, 5.50779828172e-15, 5.83441195114e-19]
        max: [7.62457148085e-06, 0.00126035197172, 0.00271566328593, 0.00756669882685, 0.00451368326321, 0.00283374590799, 0.00345334969461, 0.00328973843716, 0.00227952725254, 0.00215576542541, 0.00473809661344, 0.00336850830354, 0.0019647849258, 0.00479886122048, 0.00379265379161, 0.00110022409353, 0.00298712193035, 0.000911897048354, 0.00273674773052, 0.00126528937835, 0.000114546775876, 6.37269768049e-05, 2.91467185889e-05, 9.24872892938e-06, 9.3900880529e-06, 6.55506369185e-07, 1.27281394313e-08]
        mean: [6.06242736012e-08, 4.55257904832e-05, 0.000180339178769, 0.000268539384706, 0.00086552783614, 0.000450210674899, 0.000386058061849, 0.000372874637833, 0.000167315170984, 0.000265852926532, 0.000500379072037, 0.000121213233797, 6.64689650876e-05, 0.000306304660626, 0.000128733256133, 0.000124190759379, 0.000115779133921, 8.96166748134e-05, 0.000402569799917, 0.000116735252959, 2.55062113865e-05, 1.37437527883e-05, 2.86353133561e-06, 1.49189304466e-06, 9.98753193926e-07, 4.83424820175e-08, 2.99499786083e-10]
        min: [1.87841044802e-11, 1.21906554296e-10, 1.0304052056e-10, 1.13087823828e-10, 3.08996800369e-10, 3.31246474694e-10, 2.75335448885e-10, 1.92830557078e-10, 1.95145399839e-10, 1.13301278082e-10, 3.01515479251e-11, 8.44246287462e-12, 3.62836601042e-11, 4.03013664108e-11, 1.8366277249e-11, 7.88115579742e-12, 1.06240346381e-11, 2.51499411574e-11, 3.95698196431e-11, 1.30577345811e-11, 4.86517076626e-12, 4.13986249795e-12, 5.71650452669e-12, 2.05896649556e-12, 1.83544650832e-12, 1.69223684544e-12, 1.85690980821e-13]
        var: [1.42247243715e-13, 1.43086413829e-08, 7.6046639208e-08, 4.91059836349e-07, 6.68918005431e-07, 1.51132269366e-07, 1.8957030079e-07, 2.73684435115e-07, 7.22300086409e-08, 9.5782134224e-08, 4.40307502458e-07, 8.75175913961e-08, 3.46578730159e-08, 2.59686316895e-07, 1.83488623406e-07, 2.37238779732e-08, 9.08064308192e-08, 6.39772901323e-09, 1.92864405335e-07, 2.71769557969e-08, 2.53012583107e-10, 8.85509235382e-11, 7.30658589188e-12, 1.43704774642e-12, 1.12161115898e-12, 5.22980291546e-15, 4.66799888251e-19]
    mfcc:
        mean: [-720.697143555, 131.254013062, -39.4079170227, 38.97864151, -21.1803741455, -13.5661325455, -1.39091873169, -9.43444728851, -14.1959381104, -7.42131185532, -8.33789920807, -14.9854202271, -0.914606869221]
        cov: [[2935.77539062, -28.9561634064, -362.151550293, -301.297058105, -118.340354919, -64.860168457, 140.703155518, -39.1918106079, 13.7720403671, 94.0387954712, -12.673579216, -79.6716384888, 162.717483521], [-28.9561634064, 352.634796143, -167.435379028, 13.8314819336, -8.55223274231, -20.0246009827, 32.9219436646, -33.0749397278, -24.4930877686, 4.99249458313, -22.4693241119, -3.41734099388, 42.0319252014], [-362.151550293, -167.435379028, 495.612579346, 118.619827271, 7.7857170105, 44.4078292847, -39.5035400391, 65.5924682617, 58.9847564697, -63.0094985962, 20.590133667, 46.4939422607, -62.0791511536], [-301.297058105, 13.8314819336, 118.619827271, 195.691085815, 78.7779922485, 30.1834316254, -33.881603241, 8.98704814911, 15.9533176422, -37.5059013367, -12.2801017761, 21.5355644226, -39.2538528442], [-118.340354919, -8.55223274231, 7.7857170105, 78.7779922485, 124.567596436, 42.7406578064, -13.4629487991, -7.55612850189, 3.61418819427, -0.735549032688, 5.1656794548, 8.92241382599, -18.3296794891], [-64.860168457, -20.0246009827, 44.4078292847, 30.1834316254, 42.7406578064, 97.7615203857, 14.6227960587, 17.2294654846, 9.53496742249, 0.077705912292, 19.8078784943, 10.9205160141, -8.73982810974], [140.703155518, 32.9219436646, -39.5035400391, -33.881603241, -13.4629487991, 14.6227960587, 96.8559036255, 16.4926490784, -10.8641853333, 24.4366188049, 6.77958250046, -15.7939739227, 14.0194768906], [-39.1918106079, -33.0749397278, 65.5924682617, 8.98704814911, -7.55612850189, 17.2294654846, 16.4926490784, 70.5401229858, 26.007730484, -0.246543958783, 18.5929851532, 3.57768177986, -3.70341110229], [13.7720403671, -24.4930877686, 58.9847564697, 15.9533176422, 3.61418819427, 9.53496742249, -10.8641853333, 26.007730484, 72.1802749634, 19.2517490387, 15.5114459991, 13.8105726242, 6.40402984619], [94.0387954712, 4.99249458313, -63.0094985962, -37.5059013367, -0.735549032688, 0.077705912292, 24.4366188049, -0.246543958783, 19.2517490387, 83.8312988281, 29.0848522186, -5.44047164917, 26.6445941925], [-12.673579216, -22.4693241119, 20.590133667, -12.2801017761, 5.1656794548, 19.8078784943, 6.77958250046, 18.5929851532, 15.5114459991, 29.0848522186, 62.5620727539, 18.735376358, 6.79630947113], [-79.6716384888, -3.41734099388, 46.4939422607, 21.5355644226, 8.92241382599, 10.9205160141, -15.7939739227, 3.57768177986, 13.8105726242, -5.44047164917, 18.735376358, 53.5825119019, 9.56825828552], [162.717483521, 42.0319252014, -62.0791511536, -39.2538528442, -18.3296794891, -8.73982810974, 14.0194768906, -3.70341110229, 6.40402984619, 26.6445941925, 6.79630947113, 9.56825828552, 69.6962585449]]
        icov: [[0.000509217847139, 0.000328321999405, 0.000235565967159, 0.00032018852653, 4.08693413192e-05, 0.000112058602099, -0.000687995750923, 0.000489499652758, -0.000686291081365, 0.000445276062237, -6.4684732024e-06, 0.000581722706556, -0.000993897207081], [0.000328321999405, 0.00440333690494, 0.00171095458791, -0.00199345056899, 0.00116789783351, 0.00032617468969, -0.00219810777344, 0.00153491867241, -0.000623806321528, 0.00130546139553, 0.000173284686753, -0.000233061000472, -0.00257572112605], [0.000235565967159, 0.00171095458791, 0.004361838568, -0.00203375681303, 0.00187977519818, -0.000642103492282, -0.000694685615599, -0.000966497929767, -0.00261568138376, 0.00264163385145, -0.000942423357628, -0.00177750643343, 0.00122650619596], [0.00032018852653, -0.00199345056899, -0.00203375681303, 0.0109424423426, -0.00614403001964, 2.09620611713e-05, 0.00128529325593, -0.00131494179368, -0.00131200440228, 0.000991794280708, 0.00307022966444, -0.0018917027628, 0.00256619020365], [4.08693413192e-05, 0.00116789783351, 0.00187977519818, -0.00614403001964, 0.0141146341339, -0.00503772683442, 0.000670582056046, 0.00259164674208, -7.19681556802e-05, -0.00150736130308, -0.00114122487139, -0.000280566659058, 0.00123002287], [0.000112058602099, 0.00032617468969, -0.000642103492282, 2.09620611713e-05, -0.00503772683442, 0.0144590213895, -0.00359670980833, -0.00121332798153, -0.000708507548552, 0.00166243989952, -0.00341206300072, -0.000806865864433, 1.86441661754e-06], [-0.000687995750923, -0.00219810777344, -0.000694685615599, 0.00128529325593, 0.000670582056046, -0.00359670980833, 0.0161526147276, -0.00620210496709, 0.00549471424893, -0.00536395329982, 0.00113575020805, 0.00230779522099, 0.000301812397083], [0.000489499652758, 0.00153491867241, -0.000966497929767, -0.00131494179368, 0.00259164674208, -0.00121332798153, -0.00620210496709, 0.0226228050888, -0.00801978539675, 0.00475112674758, -0.00632684212178, 0.00372897810303, -0.00166527729016], [-0.000686291081365, -0.000623806321528, -0.00261568138376, -0.00131200440228, -7.19681556802e-05, -0.000708507548552, 0.00549471424893, -0.00801978539675, 0.022747432813, -0.00914277695119, 0.00195418228395, -0.00323518714868, -0.00107078778092], [0.000445276062237, 0.00130546139553, 0.00264163385145, 0.000991794280708, -0.00150736130308, 0.00166243989952, -0.00536395329982, 0.00475112674758, -0.00914277695119, 0.0234245806932, -0.0110622150823, 0.00566886132583, -0.00558644998819], [-6.4684732024e-06, 0.000173284686753, -0.000942423357628, 0.00307022966444, -0.00114122487139, -0.00341206300072, 0.00113575020805, -0.00632684212178, 0.00195418228395, -0.0110622150823, 0.0274099763483, -0.010395812802, 0.00231155310757], [0.000581722706556, -0.000233061000472, -0.00177750643343, -0.0018917027628, -0.000280566659058, -0.000806865864433, 0.00230779522099, 0.00372897810303, -0.00323518714868, 0.00566886132583, -0.010395812802, 0.029138751328, -0.00916379317641], [-0.000993897207081, -0.00257572112605, 0.00122650619596, 0.00256619020365, 0.00123002287, 1.86441661754e-06, 0.000301812397083, -0.00166527729016, -0.00107078778092, -0.00558644998819, 0.00231155310757, -0.00916379317641, 0.0242007486522]]
    spectral_contrast:
        mean: [-5.2779842008e-07, 1.513280381e-07, -1.38393232874e-07, 4.92369281346e-07, 7.61203864386e-07, 2.65489603635e-07, 1.7666346821e-06, -9.69716438703e-07, 4.49804156233e-06, -4.06141361964e-06, 1.06762847452e-07, 3.6210858525e-06]
        var: [0.000394331320422, 0.000698855379596, 0.00147581438068, 0.00236087548546, 0.00459726713598, 0.00713975913823, 0.0358677580953, 0.0906440988183, 0.110331967473, 0.232685387135, 0.309480845928, 1.23938345909]

rhythm:
    beats_loudness:
        dmean: 0.00258391792886
        dmean2: 0.00469137914479
        dvar: 3.35823710884e-06
        dvar2: 1.02710655483e-05
        max: 0.0104568917304
        mean: 0.00622940901667
        min: 0.00177221186459
        var: 7.12159544491e-06
    beats_loudness_bass:
        dmean: 0.0820553675294
        dmean2: 0.142499640584
        dvar: 0.00578313041478
        dvar2: 0.0100710382685
        max: 0.353026300669
        mean: 0.112046696246
        min: 0.00578417722136
        var: 0.0110367266461
    bpm: 124.40914917
    bpm_confidence: 0
    first_peak_bpm: 124
    first_peak_spread: 0
    first_peak_weight: 0.947368383408
    onset_rate: 1.69916772842
    second_peak_bpm: 119
    second_peak_spread: 0
    second_peak_weight: 0.0526315793395
    beats_position: [0.26718711853, 0.75093883276, 1.23469054699, 1.71844220161, 2.20219397545, 2.68594574928, 3.1696972847, 3.65344905853, 4.13720083237, 4.6209526062, 5.10470438004, 5.58845615387, 6.09206628799, 6.57251548767, 7.05296468735, 7.5334148407, 8.01386451721, 8.49431419373, 8.97476291656, 9.45521354675]
    bpm_estimates: [122.075454712, 124.490394592, 124.512214661, 124.55973053, 124.613098145, 124.277519226, 124.339950562, 123.934822083, 123.515380859, 124.975967407, 123.464263916, 124.486961365, 124.648277283, 126.602668762, 124.474937439, 125.574714661]
    bpm_intervals: [0.48375171423, 0.48375171423, 0.483751654625, 0.483751773834, 0.483751773834, 0.483751535416, 0.483751773834, 0.483751773834, 0.483751773834, 0.483751773834, 0.483751773834, 0.503610134125, 0.480449199677, 0.480449199677, 0.480450153351, 0.480449676514, 0.480449676514, 0.480448722839, 0.480450630188]
    onset_times: [0.0464399084449, 0.731428563595, 1.45124721527, 1.71827661991, 2.18267583847, 2.65868473053, 3.66875290871, 4.6439909935, 5.60761928558, 6.57124710083, 6.64090681076, 7.52326536179, 8.48689365387, 8.85841274261, 8.893242836, 9.47374153137, 9.86848068237]
    rubato_start: []
    rubato_stop: []
    perceptual_tempo: "unknown"

sfx:
    inharmonicity:
        dmean: 0.0372244864702
        dmean2: 0.0651631504297
        dvar: 0.00193578272592
        dvar2: 0.00575694954023
        max: 0.373947739601
        mean: 0.0387624278665
        min: 0
        var: 0.00220481003635
    oddtoevenharmonicenergyratio:
        dmean: 2.74156832695
        dmean2: 5.03623199463
        dvar: 54.2512817383
        dvar2: 154.947814941
        max: 72.8372421265
        mean: 2.10616993904
        min: 0
        var: 34.4134521484
    pitch_after_max_to_before_max_energy_ratio: 0.288390636444
    pitch_centroid: 218.336730957
    pitch_max_to_total: 0.756380498409
    pitch_min_to_total: 0.250580042601
    tristimulus:
        dmean: [0.204266116023, 0.21169655025, 0.0781020522118]
        dmean2: [0.35823649168, 0.365437448025, 0.134569838643]
        dvar: [0.0374549105763, 0.0383243747056, 0.00696702767164]
        dvar2: [0.093239814043, 0.104945465922, 0.0184440594167]
        max: [1, 0.929681122303, 0.689485728741]
        mean: [0.386227190495, 0.498565077782, 0.10170006752]
        min: [0.0120296869427, 0, 0]
        var: [0.0619161874056, 0.0590035878122, 0.00969592668116]

tonal:
    chords_changes_rate: 0.0416666679084
    chords_number_rate: 0.0231481473893
    chords_strength:
        dmean: 0.0105052683502
        dmean2: 0.00610374379903
        dvar: 6.52860107948e-05
        dvar2: 2.86236136162e-05
        max: 0.689605772495
        mean: 0.527403414249
        min: 0.281934827566
        var: 0.00922052375972
    key_strength: 0.816997170448
    tuning_diatonic_strength: 0.645396769047
    tuning_equal_tempered_deviation: 0.0423031300306
    tuning_frequency: 436.960693359
    tuning_nontempered_energy_ratio: 0.660409331322
    hpcp:
        dmean: [0.119821973145, 0.129178613424, 0.091258764267, 0.0608935393393, 0.0538332909346, 0.121044807136, 0.148593351245, 0.168973580003, 0.162958562374, 0.150146171451, 0.133645057678, 0.0423749871552, 0.0374057404697, 0.0570622384548, 0.0743334591389, 0.100115597248, 0.0941083803773, 0.064613468945, 0.0668699890375, 0.0707190111279, 0.0938089117408, 0.105951346457, 0.0568590648472, 0.0300971250981, 0.0295811034739, 0.0370390452445, 0.0585870295763, 0.0882845520973, 0.101308301091, 0.116119198501, 0.148967966437, 0.117377780378, 0.04821761325, 0.0394902192056, 0.049976631999, 0.100375935435]
        dmean2: [0.18859782815, 0.214428201318, 0.151373565197, 0.101352520287, 0.0950804576278, 0.208987429738, 0.250089615583, 0.280704051256, 0.274526417255, 0.23915630579, 0.219285607338, 0.0740183368325, 0.0623601712286, 0.0974625200033, 0.119535259902, 0.153626307845, 0.161672860384, 0.112806230783, 0.119193226099, 0.125911101699, 0.149023607373, 0.165853843093, 0.0909510850906, 0.0528053082526, 0.0521882772446, 0.064674012363, 0.0954400151968, 0.138949468732, 0.167507991195, 0.19027608633, 0.24091668427, 0.19777931273, 0.0828986018896, 0.062972061336, 0.0823282822967, 0.16810272634]
        dvar: [0.0308841969818, 0.0259755551815, 0.020637974143, 0.00984905846417, 0.0180569607764, 0.0334694944322, 0.0510020367801, 0.0413572117686, 0.0330430455506, 0.0450637899339, 0.0328599028289, 0.00648299977183, 0.00872015953064, 0.0201620236039, 0.01439526584, 0.0248894505203, 0.0282914396375, 0.0236666109413, 0.0305167865008, 0.0257603581995, 0.020631339401, 0.0228584762663, 0.00820450577885, 0.0078731905669, 0.00748688168824, 0.0104359192774, 0.0110688796267, 0.0192347280681, 0.0219489857554, 0.0238472055644, 0.0338797196746, 0.0237961355597, 0.00692766578868, 0.010169941932, 0.0113394623622, 0.0207616630942]
        dvar2: [0.060650780797, 0.0657577142119, 0.0591846816242, 0.0235481690615, 0.0472875162959, 0.0831491276622, 0.118633314967, 0.090662099421, 0.087509483099, 0.0957595705986, 0.0788114666939, 0.0169535093009, 0.0191191714257, 0.0557520575821, 0.0361358709633, 0.0558355040848, 0.0734735354781, 0.0655306577682, 0.0790272504091, 0.0681891143322, 0.0486426837742, 0.056812223047, 0.0143696526065, 0.0205277353525, 0.0198985543102, 0.0260447841138, 0.0240590553731, 0.0397482439876, 0.0568632595241, 0.0613200962543, 0.0797393321991, 0.0615019164979, 0.0188248753548, 0.024993326515, 0.0269482135773, 0.0509717203677]
        max: [1, 1, 1, 1, 1, 1, 1, 1, 1, 1, 1, 0.690384268761, 0.75926721096, 0.920610129833, 1, 1, 1, 1, 1, 1, 1, 1, 1, 0.661120593548, 0.629218220711, 0.728421568871, 0.881847500801, 1, 0.955016851425, 1, 1, 1, 0.60413980484, 0.842644631863, 1, 0.980610668659]
        mean: [0.307718068361, 0.231589570642, 0.104098662734, 0.0613594539464, 0.0527530349791, 0.167207360268, 0.313097923994, 0.258859276772, 0.294978111982, 0.403057098389, 0.219064697623, 0.0444891639054, 0.0383553467691, 0.049595810473, 0.158484950662, 0.253048151731, 0.152970001101, 0.0602761954069, 0.0570603422821, 0.0612718388438, 0.152977973223, 0.196157664061, 0.0898179039359, 0.0268115773797, 0.0267737302929, 0.0348520427942, 0.0783892944455, 0.133405864239, 0.122747428715, 0.228328451514, 0.386995077133, 0.243274971843, 0.0556975565851, 0.0429400764406, 0.0539671182632, 0.169422522187]
        min: [0.00315381702967, 0.00318297185004, 0.00212895148434, 0.00163775845431, 0.00119162281044, 0.00145335437264, 0.00205346080475, 0.00260461121798, 0.000960438919719, 0.000811351230368, 0.000749306753278, 0.00106515327934, 0.000598493439611, 0.000371198286302, 0.00197016913444, 0.00237794360146, 0.00264118541963, 0.00106042809784, 0.000316990131978, 0.000466283207061, 0.000624389795121, 0.0014067273587, 0.00235202745534, 0.000774846877903, 0.000192499559489, 0.00034522623173, 0.000387078500353, 0.000378251104848, 0.00119909411296, 0.00407630577683, 0.00147949322127, 0.00154949061107, 0.00265723024495, 0.000483738956973, 0.000554400263354, 0.00151621724945]
        var: [0.136578887701, 0.0680805817246, 0.0181302335113, 0.00975428335369, 0.015734475106, 0.0488363206387, 0.131100520492, 0.0745810195804, 0.0855006501079, 0.156795501709, 0.0594547018409, 0.00567241245881, 0.0090781506151, 0.0149828717113, 0.0546314641833, 0.105526559055, 0.0411428287625, 0.0204646233469, 0.0280836187303, 0.0206535235047, 0.0431702174246, 0.056160274893, 0.0126335090026, 0.00533644855022, 0.00613210583106, 0.0105631053448, 0.0165228415281, 0.0381096191704, 0.0268573798239, 0.0470937229693, 0.118245467544, 0.0532549135387, 0.00688568269834, 0.0107322651893, 0.0146144963801, 0.0471995808184]
    chords_histogram: [31.9444446564, 12.9629631042, 15.7407407761, 0.462962955236, 17.5925922394, 0, 0, 0, 0, 0, 0, 0, 0, 0, 0, 0, 0, 0, 0, 0, 0, 0, 0, 21.2962970734]
    thpcp: [1, 0.543507874012, 0.110379308462, 0.0951610729098, 0.123049095273, 0.393207192421, 0.627822101116, 0.379524379969, 0.149547532201, 0.141568884254, 0.152017757297, 0.379544168711, 0.486674636602, 0.222841635346, 0.0665205419064, 0.0664266422391, 0.0864692479372, 0.194486826658, 0.330985039473, 0.304541051388, 0.566491603851, 0.960149526596, 0.603574454784, 0.138187751174, 0.106535963714, 0.133894473314, 0.420343726873, 0.763460218906, 0.574582517147, 0.258272737265, 0.152235135436, 0.130882292986, 0.414847820997, 0.776807844639, 0.642239689827, 0.731851935387]
    chords_key: "C"
    chords_scale: "major"
    key_key: "C"
    key_scale: "major"
    chords_progression: ["D", "D", "D", "D", "D", "D", "D", "D", "D", "D", "D", "D", "D", "D", "D", "D", "D", "D", "D", "D", "D", "D", "D", "D", "D", "D", "D", "D", "D", "D", "D", "D", "D", "D", "D", "D", "Bm", "D", "D", "C", "C", "C", "C", "C", "C", "C", "C", "C", "C", "C", "C", "C", "C", "C", "C", "C", "C", "C", "C", "C", "C", "C", "C", "C", "C", "C", "C", "C", "C", "C", "C", "C", "C", "C", "C", "C", "C", "C", "C", "C", "C", "C", "C", "C", "C", "C", "C", "C", "C", "C", "C", "C", "C", "C", "C", "C", "C", "C", "C", "C", "C", "C", "C", "C", "G", "G", "C", "Em", "Em", "Em", "Em", "Em", "Em", "Em", "Em", "Em", "Em", "Em", "Em", "Em", "Em", "Em", "Em", "Em", "Em", "Em", "Em", "Em", "Em", "Em", "Em", "Em", "Em", "Em", "Em", "Am", "Am", "Am", "Am", "Am", "Am", "Am", "Am", "Am", "Am", "Am", "Am", "Am", "Am", "Am", "Am", "Am", "Am", "Am", "Am", "Am", "Am", "Am", "Am", "Am", "Am", "Am", "Am", "Am", "Am", "Am", "Am", "Am", "Am", "Am", "Am", "Am", "Am", "Am", "Am", "Am", "Am", "Am", "Am", "Am", "Am", "C", "C", "C", "G", "G", "G", "G", "G", "G", "G", "G", "G", "G", "G", "G", "G", "G", "G", "G", "G", "G", "G", "G", "G", "G", "G", "G", "G", "G", "G", "G", "G", "G", "G", "G"]
