
metadata:
    version:
        essentia: "1.2.2"
    audio_properties:
        analysis_sample_rate: 44100
        bitrate: 128
        channels: 2
        equal_loudness: 1
        length: 10.0310201645
        replay_gain: -11.7004089355
        downmix: "mix"
    tags:
        track: 22
        year: 0
        album: "Splitted by Mp3Splt v. 2.1"
        artist: "From 003.30 To 003.40"
        comment: "http://mp3splt.sf.net"
        genre: ""
        title: "05 Slowmotion.mp3"

highlevel:
    ballroom:
        all:
            ChaChaCha: 0.112529464066
            Jive: 0.508787751198
            Quickstep: 0.0220011789352
            Rumba-American: 0.000393051072024
            Rumba-International: 0.000664302788209
            Rumba-Misc: 0.000278103427263
            Samba: 0.351428776979
            Tango: 0.000552193494514
            VienneseWaltz: 0.00245433719829
            Waltz: 0.000910862756427
        probability: 0.508787751198
        value: "Jive"
    culture:
        all:
            non_western: 0.457630097866
            western: 0.542369902134
        probability: 0.542369902134
        value: "western"
    gender:
        all:
            female: 0.0924590826035
            male: 0.907540917397
        probability: 0.907540917397
        value: "male"
    genre_dortmund:
        all:
            alternative: 0.0525663681328
            blues: 0.0391216240823
            electronic: 0.101488016546
            folkcountry: 0.0227754674852
            funksoulrnb: 0.036655690521
            jazz: 0.195276975632
            pop: 0.0152546372265
            raphiphop: 0.0635878965259
            rock: 0.473273336887
        probability: 0.473273336887
        value: "rock"
    genre_electronica:
        all:
            ambient: 0.0556330047548
            dnb: 0.604238569736
            house: 0.053416788578
            techno: 0.231678828597
            trance: 0.0550328306854
        probability: 0.604238569736
        value: "dnb"
    genre_rosamerica:
        all:
            cla: 0.0151951815933
            dan: 0.245313555002
            hip: 0.403476506472
            jaz: 0.00708046136424
            pop: 0.00894537102431
            rhy: 0.0157361906022
            roc: 0.29803737998
            spe: 0.00621534138918
        probability: 0.403476506472
        value: "hip"
    genre_tzanetakis:
        all:
            blu: 0.00343089946546
            cla: 0.00397058622912
            cou: 0.00445475755259
            dis: 0.133799135685
            hip: 0.200467348099
            jaz: 0.0189906209707
            met: 0.537313640118
            pop: 0.0356607958674
            reg: 0.0225645750761
            roc: 0.0393476597965
        probability: 0.537313640118
        value: "met"
    live_studio:
        all:
            live: 0.473558723927
            studio: 0.526441276073
        probability: 0.526441276073
        value: "studio"
    mood:
        all:
            Cluster1: 0.210190162063
            Cluster2: 0.0285194870085
            Cluster3: 0.00308004301041
            Cluster4: 0.0267603844404
            Cluster5: 0.731449902058
        probability: 0.731449902058
        value: "Cluster5"
    mood_acoustic:
        all:
            acoustic: 0.00516215665266
            not_acoustic: 0.99483782053
        probability: 0.99483782053
        value: "not_acoustic"
    mood_aggressive:
        all:
            aggressive: 0.983206927776
            not_aggressive: 0.0167930684984
        probability: 0.983206927776
        value: "aggressive"
    mood_electronic:
        all:
            electronic: 0.857328116894
            not_electronic: 0.142671883106
        probability: 0.857328116894
        value: "electronic"
    mood_happy:
        all:
            happy: 0.287511229515
            not_happy: 0.712488770485
        probability: 0.712488770485
        value: "not_happy"
    mood_party:
        all:
            not_party: 0.0841695964336
            party: 0.915830373764
        probability: 0.915830373764
        value: "party"
    mood_relaxed:
        all:
            not_relaxed: 0.928906142712
            relaxed: 0.0710938870907
        probability: 0.928906142712
        value: "not_relaxed"
    mood_sad:
        all:
            not_sad: 0.997210741043
            sad: 0.00278924568556
        probability: 0.997210741043
        value: "not_sad"
    rhythm:
        all:
            fast: 0.658155322075
            medium: 0.270890921354
            slow: 0.0709537640214
        probability: 0.658155322075
        value: "fast"
    speech_music:
        all:
            music: 0.987606823444
            speech: 0.0123931616545
        probability: 0.987606823444
        value: "music"
    timbre:
        all:
            bright: 0.0050353477709
            dark: 0.994964659214
        probability: 0.994964659214
        value: "dark"
    voice_instrumental:
        all:
            instrumental: 0.862620592117
            voice: 0.137379422784
        probability: 0.862620592117
        value: "instrumental"

lowlevel:
    average_loudness: 0.864860475063
    barkbands_kurtosis:
        dmean: 1.31701231003
        dmean2: 2.07738542557
        dvar: 2.40443468094
        dvar2: 4.85574150085
        max: 15.0465202332
        mean: 1.81292772293
        min: -1.88870120049
        var: 13.2115373611
    barkbands_skewness:
        dmean: 0.420123010874
        dmean2: 0.664718031883
        dvar: 0.18453720212
        dvar2: 0.334205955267
        max: 2.30210876465
        mean: -1.19134163857
        min: -3.29430222511
        var: 1.15864861012
    barkbands_spread:
        dmean: 5.81835889816
        dmean2: 9.45393943787
        dvar: 37.8995170593
        dvar2: 66.2917251587
        max: 61.9037055969
        mean: 29.2630138397
        min: 3.52374505997
        var: 233.041152954
    dissonance:
        dmean: 0.00824283249676
        dmean2: 0.0145709961653
        dvar: 9.12590767257e-05
        dvar2: 0.000245783594437
        max: 0.499951034784
        mean: 0.483856827021
        min: 0.401396542788
        var: 0.000242504553171
    hfc:
        dmean: 2.17913341522
        dmean2: 3.20098876953
        dvar: 5.60883283615
        dvar2: 13.0639982224
        max: 35.514793396
        mean: 8.7774477005
        min: 0.191952839494
        var: 48.1431503296
    pitch:
        dmean: 812.253295898
        dmean2: 1589.69116211
        dvar: 1986181.625
        dvar2: 4851826.5
        max: 4900
        mean: 2853.21606445
        min: 101.379310608
        var: 2248241.5
    pitch_instantaneous_confidence:
        dmean: 0.0813477411866
        dmean2: 0.131138220429
        dvar: 0.00446863984689
        dvar2: 0.0113455466926
        max: 0.761824607849
        mean: 0.465279787779
        min: 0.183198034763
        var: 0.0111655313522
    pitch_salience:
        dmean: 0.0600128956139
        dmean2: 0.0963030159473
        dvar: 0.00417134398594
        dvar2: 0.00906865112484
        max: 0.850276350975
        mean: 0.680877923965
        min: 0.203153550625
        var: 0.0114850923419
    silence_rate_20dB:
        dmean: 0
        dmean2: 0
        dvar: 0
        dvar2: 0
        max: 1
        mean: 1
        min: 1
        var: 0
    silence_rate_30dB:
        dmean: 0
        dmean2: 0
        dvar: 0
        dvar2: 0
        max: 1
        mean: 1
        min: 1
        var: 0
    silence_rate_60dB:
        dmean: 0.041763342917
        dmean2: 0.0837209299207
        dvar: 0.0400191619992
        dvar2: 0.0860141217709
        max: 1
        mean: 0.518518507481
        min: 0
        var: 0.249657660723
    spectral_centroid:
        dmean: 269.982757568
        dmean2: 420.233886719
        dvar: 106633.671875
        dvar2: 189760.265625
        max: 4346.88378906
        mean: 2572.97729492
        min: 496.321716309
        var: 487354.875
    spectral_complexity:
        dmean: 3.06060600281
        dmean2: 4.59112167358
        dvar: 9.28305530548
        dvar2: 17.6762733459
        max: 41
        mean: 12.8953485489
        min: 0
        var: 94.3495101929
    spectral_crest:
        dmean: 1.83325624466
        dmean2: 3.06732940674
        dvar: 2.81340360641
        dvar2: 7.3782377243
        max: 17.8187980652
        mean: 7.90829753876
        min: 3.09066963196
        var: 4.84452056885
    spectral_decrease:
        dmean: 2.10259185063e-10
        dmean2: 3.05795194722e-10
        dvar: 7.94977566578e-20
        dvar2: 1.72714226227e-19
        max: -1.35584894007e-11
        mean: -7.76056219287e-10
        min: -3.73032271739e-09
        var: 4.18337392414e-19
    spectral_energy:
        dmean: 0.000958954973612
        dmean2: 0.00137294374872
        dvar: 1.37826964419e-06
        dvar2: 3.0481662634e-06
        max: 0.0159058086574
        mean: 0.00372515409254
        min: 6.91884706612e-05
        var: 8.92303069122e-06
    spectral_energyband_high:
        dmean: 0.000164259923622
        dmean2: 0.000241435642238
        dvar: 4.11749532248e-08
        dvar2: 7.63330803011e-08
        max: 0.00305618834682
        mean: 0.000467373320134
        min: 8.82913445821e-06
        var: 2.05726081504e-07
    spectral_energyband_low:
        dmean: 0.000313318829285
        dmean2: 0.000526410876773
        dvar: 7.16899137387e-07
        dvar2: 1.8188067088e-06
        max: 0.00658966228366
        mean: 0.000389189459383
        min: 1.68646820953e-07
        var: 9.06024126834e-07
    spectral_energyband_middle_high:
        dmean: 0.000555051956326
        dmean2: 0.000835188722704
        dvar: 4.07574987094e-07
        dvar2: 1.006067464e-06
        max: 0.00937782414258
        mean: 0.00211440445855
        min: 4.69377082482e-05
        var: 3.05832304548e-06
    spectral_energyband_middle_low:
        dmean: 0.000330654002028
        dmean2: 0.000523901777342
        dvar: 3.65360051546e-07
        dvar2: 9.88709757621e-07
        max: 0.00701822061092
        mean: 0.000754140259232
        min: 8.04172486824e-07
        var: 7.86145221809e-07
    spectral_flatness_db:
        dmean: 0.0166660398245
        dmean2: 0.0264852195978
        dvar: 0.000232729726122
        dvar2: 0.000493804691359
        max: 0.288315355778
        mean: 0.182832702994
        min: 0.127562150359
        var: 0.00069845438702
    spectral_flux:
        dmean: 0.00681436760351
        dmean2: 0.00992882065475
        dvar: 5.09536512254e-05
        dvar2: 0.000109916582005
        max: 0.0954296588898
        mean: 0.0359080135822
        min: 0.00489649316296
        var: 0.000294875790132
    spectral_kurtosis:
        dmean: 1.21825778484
        dmean2: 2.07351446152
        dvar: 1.7446192503
        dvar2: 4.78936767578
        max: 10.9805288315
        mean: 2.9112830162
        min: 0.063839673996
        var: 3.21301817894
    spectral_rms:
        dmean: 0.000241617497522
        dmean2: 0.000334791984642
        dvar: 5.46777414456e-08
        dvar2: 1.06043273718e-07
        max: 0.00393927190453
        mean: 0.0017355508171
        min: 0.00025980945793
        var: 6.22158268015e-07
    spectral_rolloff:
        dmean: 210.212127686
        dmean2: 329.991088867
        dvar: 130227.601562
        dvar2: 253530.3125
        max: 5964.69726562
        mean: 3919.99536133
        min: 129.19921875
        var: 265685.84375
    spectral_skewness:
        dmean: 0.174095720053
        dmean2: 0.279127985239
        dvar: 0.0273877941072
        dvar2: 0.0693119093776
        max: 2.05781316757
        mean: 0.835263490677
        min: 0.127930223942
        var: 0.0960955619812
    spectral_spread:
        dmean: 280739.09375
        dmean2: 399458.53125
        dvar: 77322551296
        dvar2: 142153105408
        max: 6287838
        mean: 3481233
        min: 1886057.625
        var: 540205875200
    spectral_strongpeak:
        dmean: 0.677787780762
        dmean2: 1.19860208035
        dvar: 0.758417785168
        dvar2: 2.02107048035
        max: 6.04041242599
        mean: 0.960247397423
        min: 0.0101305656135
        var: 0.98933172226
    zerocrossingrate:
        dmean: 0.0083918357268
        dmean2: 0.0101557932794
        dvar: 8.88557187864e-05
        dvar2: 0.000111568064312
        max: 0.2080078125
        mean: 0.131035387516
        min: 0.03759765625
        var: 0.000638619763777
    barkbands:
        dmean: [1.78375685778e-07, 0.000109252592665, 0.000263143127086, 0.000203137009521, 8.75769546838e-05, 8.31294528325e-05, 2.92488221021e-05, 4.47271158919e-05, 3.74771807401e-05, 3.01272721117e-05, 1.63867298397e-05, 3.20409744745e-05, 2.59614389506e-05, 2.5474715585e-05, 3.76359639631e-05, 5.31546029379e-05, 0.000114694717922, 0.000129244086565, 0.000316989026032, 0.000196159482584, 9.46224317886e-05, 2.60580363829e-05, 3.78028335035e-06, 8.44485782636e-07, 3.24644929606e-07, 3.61043017705e-09, 1.26828478275e-10]
        dmean2: [1.99187326189e-07, 0.000191541636013, 0.000458258757135, 0.000349051028024, 0.000142960736412, 0.000123584948597, 4.52186977782e-05, 6.72290843795e-05, 5.83342371101e-05, 4.44457073172e-05, 2.69438241958e-05, 5.03850751556e-05, 4.00542194257e-05, 4.20302640123e-05, 5.89470473642e-05, 8.3535342128e-05, 0.000185439261259, 0.000211136517464, 0.000494867214002, 0.000301230931655, 0.000145290920045, 3.91244757338e-05, 5.66195058127e-06, 1.20459526443e-06, 4.76167571151e-07, 6.04204952737e-09, 2.33036395736e-10]
        dvar: [4.34120361187e-12, 7.94687977645e-08, 6.09617814007e-07, 2.11951999063e-07, 3.72273412097e-08, 1.71619678468e-08, 6.32434238312e-09, 1.06950972523e-08, 6.26163743078e-09, 4.67803307203e-09, 7.30964344609e-10, 3.15775028348e-09, 1.39837152968e-09, 1.11022313565e-09, 2.88541568416e-09, 5.16585352273e-09, 2.2981209824e-08, 2.19927844824e-08, 2.09185387234e-07, 5.43957874299e-08, 1.60452504616e-08, 2.28419438919e-09, 7.44575720524e-11, 5.85661337135e-12, 1.11812566584e-12, 1.34150642966e-16, 4.50014364445e-20]
        dvar2: [4.37531001013e-12, 2.08461187867e-07, 1.64513073742e-06, 6.1169765786e-07, 9.75598482e-08, 3.74015201032e-08, 1.45893652714e-08, 2.16999254121e-08, 1.44648319989e-08, 9.36894739567e-09, 1.89221438518e-09, 7.84048648228e-09, 3.2901779079e-09, 2.88675550131e-09, 7.10601266718e-09, 1.2520698256e-08, 4.74561687724e-08, 5.90853090898e-08, 5.75278363613e-07, 1.29593772158e-07, 3.62970205003e-08, 3.78808007184e-09, 1.64140298575e-10, 1.29993481257e-11, 2.00125810021e-12, 4.61323101014e-16, 1.25973325889e-19]
        max: [4.30378677265e-05, 0.00170403055381, 0.00588511954993, 0.00473177526146, 0.00207698624581, 0.00179837667383, 0.00125559663866, 0.00168987794314, 0.000743920449167, 0.000882330234163, 0.000232042279094, 0.000832105753943, 0.000447024969617, 0.000354754651198, 0.000788027944509, 0.000839619780891, 0.0017812930746, 0.00134396995418, 0.0061222682707, 0.00333739514463, 0.00133192795329, 0.000639377627522, 0.000120844626508, 4.97682885907e-05, 1.92948518816e-05, 1.51996232489e-07, 2.13048800823e-09]
        mean: [1.86259001111e-07, 0.000126025814097, 0.000263026566245, 0.000248473836109, 0.000121685254271, 0.000168201571796, 4.31579392171e-05, 7.82483984949e-05, 7.78547473601e-05, 4.47498168796e-05, 2.56788880506e-05, 6.66566993459e-05, 4.42779783043e-05, 5.08190969413e-05, 7.144153642e-05, 0.000107255007606, 0.000254141748883, 0.000308316171868, 0.000820259971078, 0.00052404840244, 0.000207297853194, 6.30867434666e-05, 7.81844846642e-06, 1.79010180545e-06, 6.52125038414e-07, 5.82062931187e-09, 1.10957673605e-10]
        min: [6.80882086823e-12, 3.06252090354e-08, 1.8370624133e-08, 1.52725050384e-08, 9.7575842517e-08, 5.63074245008e-08, 5.21427701017e-08, 1.44990570661e-08, 1.32235253858e-08, 6.18887696646e-08, 1.0572060205e-07, 1.66976121818e-07, 2.9132050372e-07, 1.16441992759e-06, 2.1379669306e-06, 2.2260633159e-06, 2.46247327595e-06, 8.56508995639e-06, 9.90009993984e-06, 1.91539402294e-05, 2.07434504773e-06, 1.97731779394e-07, 1.06143227541e-08, 5.99988891903e-10, 2.34409686106e-10, 4.06515055992e-12, 1.79244453617e-14]
        var: [4.36156015818e-12, 1.0467288547e-07, 5.53734764708e-07, 1.90154011648e-07, 4.93500493803e-08, 6.86427696905e-08, 7.90557042052e-09, 3.63083820787e-08, 1.96712299783e-08, 1.05886197588e-08, 1.4051740882e-09, 1.59434936364e-08, 3.33376926065e-09, 3.03965475013e-09, 6.82071288338e-09, 1.38957414464e-08, 6.82287506493e-08, 6.40861870238e-08, 7.6900920476e-07, 2.57312791518e-07, 4.79688395671e-08, 9.98269644725e-09, 1.93595028897e-10, 1.2254119594e-11, 2.4660466811e-12, 1.70612261442e-16, 3.88316513518e-20]
    mfcc:
        mean: [-740.761901855, 75.3335418701, -70.9089813232, 74.477935791, -17.0750541687, 2.11349916458, 1.80991911888, -4.29287433624, -5.37825679779, -3.67380785942, -1.79105424881, -3.75574016571, -3.40389823914]
        cov: [[4396.88037109, 667.978210449, 887.74798584, -60.2715454102, -337.893127441, -317.980010986, -237.347595215, 178.279052734, -16.9254226685, -233.578384399, -115.279647827, -150.277938843, -29.7908706665], [667.978210449, 809.214477539, 86.1893844604, 138.405456543, -77.3343963623, -56.7314147949, 30.685842514, 103.73664856, 23.3030891418, 13.5522861481, 31.8336277008, 21.6602268219, 42.4751701355], [887.74798584, 86.1893844604, 563.423706055, 19.7559566498, 28.708574295, 12.291973114, -3.50887346268, 117.94669342, 62.9388961792, -66.2575683594, -25.2890815735, -2.39122414589, 5.41480875015], [-60.2715454102, 138.405456543, 19.7559566498, 209.207611084, 73.7836914062, 91.1543807983, -11.1940603256, -4.89839744568, 4.70479536057, 28.294172287, 12.0471849442, 11.8927364349, 29.1595802307], [-337.893127441, -77.3343963623, 28.708574295, 73.7836914062, 175.540679932, 76.1087036133, 62.0280685425, -21.2106189728, 26.4179725647, 25.1700057983, 24.2755336761, 19.7810649872, 16.2510700226], [-317.980010986, -56.7314147949, 12.291973114, 91.1543807983, 76.1087036133, 192.116638184, 53.7408943176, 58.2023162842, 37.8456382751, 45.1791915894, 18.3441390991, 27.6539096832, 16.6088027954], [-237.347595215, 30.685842514, -3.50887346268, -11.1940603256, 62.0280685425, 53.7408943176, 154.243438721, 57.8207359314, 54.5737419128, 37.7145118713, 46.0050544739, 30.5531024933, 21.3494091034], [178.279052734, 103.73664856, 117.94669342, -4.89839744568, -21.2106189728, 58.2023162842, 57.8207359314, 167.210922241, 64.7147827148, 38.2970123291, 26.4028491974, 36.7601966858, 12.6732521057], [-16.9254226685, 23.3030891418, 62.9388961792, 4.70479536057, 26.4179725647, 37.8456382751, 54.5737419128, 64.7147827148, 111.839233398, 45.6045913696, 39.1417617798, 23.9462070465, 20.0795478821], [-233.578384399, 13.5522861481, -66.2575683594, 28.294172287, 25.1700057983, 45.1791915894, 37.7145118713, 38.2970123291, 45.6045913696, 102.937065125, 48.6925544739, 43.3887634277, 17.0942173004], [-115.279647827, 31.8336277008, -25.2890815735, 12.0471849442, 24.2755336761, 18.3441390991, 46.0050544739, 26.4028491974, 39.1417617798, 48.6925544739, 74.2945022583, 32.7454490662, 19.7280483246], [-150.277938843, 21.6602268219, -2.39122414589, 11.8927364349, 19.7810649872, 27.6539096832, 30.5531024933, 36.7601966858, 23.9462070465, 43.3887634277, 32.7454490662, 60.2562561035, 15.446182251], [-29.7908706665, 42.4751701355, 5.41480875015, 29.1595802307, 16.2510700226, 16.6088027954, 21.3494091034, 12.6732521057, 20.0795478821, 17.0942173004, 19.7280483246, 15.446182251, 48.7394485474]]
        icov: [[0.000635312928353, -0.000293969758786, -0.000948102853727, -5.55215483473e-05, 0.000676026567817, 0.000591301650275, 0.000480653368868, -0.000420209253207, 0.000215209438466, -2.62982011918e-05, -0.000381890800782, 0.00134871946648, -9.74130889517e-05], [-0.000293969758786, 0.00272944686003, 0.000434554822277, -0.00372876739129, 0.00161715364084, 0.00252009811811, -0.00207973108627, -0.00168536859564, 9.65960352914e-05, 0.000604840402957, -9.47310109041e-05, -0.000897634541616, -0.000353640061803], [-0.000948102853727, 0.000434554822277, 0.00480582239106, -0.000448363949545, -0.00304303620942, 0.000119867640024, 0.000827625801321, -0.00299001578242, -0.00249654660001, 0.00405100686476, 0.00134331861045, -0.00255815102719, 3.95548231609e-05], [-5.55215483473e-05, -0.00372876739129, -0.000448363949545, 0.0136471362785, -0.00534217059612, -0.00758002325892, 0.00583057710901, 0.00322194281034, 0.00118853827007, -0.00265472894534, -0.000544650712982, 0.00149469752796, -0.00373863521963], [0.000676026567817, 0.00161715364084, -0.00304303620942, -0.00534217059612, 0.013870392926, -0.000463125354145, -0.00625320430845, 0.00507213966921, -0.000465555320261, -0.000965165148955, -0.00105965998955, -0.000964149367064, 0.000756117398851], [0.000591301650275, 0.00252009811811, 0.000119867640024, -0.00758002325892, -0.000463125354145, 0.0132334558293, -0.00271930545568, -0.00656479084864, -0.000205182208447, -0.000220404661377, 0.00185893080197, 0.000651160080452, 0.000432890868979], [0.000480653368868, -0.00207973108627, 0.000827625801321, 0.00583057710901, -0.00625320430845, -0.00271930545568, 0.0144133083522, -0.00360039062798, -0.00187690544408, 0.00161281449255, -0.00398995634168, 0.00140110729262, -0.00246112747118], [-0.000420209253207, -0.00168536859564, -0.00299001578242, 0.00322194281034, 0.00507213966921, -0.00656479084864, -0.00360039062798, 0.0167555082589, -0.00287053035572, -0.0040330151096, 0.000772510131355, -0.00493596773595, 0.00123133836314], [0.000215209438466, 9.65960352914e-05, -0.00249654660001, 0.00118853827007, -0.000465555320261, -0.000205182208447, -0.00187690544408, -0.00287053035572, 0.0166751071811, -0.00609365617856, -0.00408030347899, 0.00383748533204, -0.00288980756886], [-2.62982011918e-05, 0.000604840402957, 0.00405100686476, -0.00265472894534, -0.000965165148955, -0.000220404661377, 0.00161281449255, -0.0040330151096, -0.00609365617856, 0.0233074519783, -0.00611491594464, -0.00881674047559, 0.000939303892665], [-0.000381890800782, -9.47310109041e-05, 0.00134331861045, -0.000544650712982, -0.00105965998955, 0.00185893080197, -0.00398995634168, 0.000772510131355, -0.00408030347899, -0.00611491594464, 0.0254811085761, -0.00675013335422, -0.0030565506313], [0.00134871946648, -0.000897634541616, -0.00255815102719, 0.00149469752796, -0.000964149367064, 0.000651160080452, 0.00140110729262, -0.00493596773595, 0.00383748533204, -0.00881674047559, -0.00675013335422, 0.0317335128784, -0.00404733931646], [-9.74130889517e-05, -0.000353640061803, 3.95548231609e-05, -0.00373863521963, 0.000756117398851, 0.000432890868979, -0.00246112747118, 0.00123133836314, -0.00288980756886, 0.000939303892665, -0.0030565506313, -0.00404733931646, 0.0267374347895]]
    spectral_contrast:
        mean: [-1.47690428776e-07, 3.14362523568e-07, 3.26092859382e-08, -8.38146974047e-08, 1.25633249581e-07, -2.04665710157e-07, -1.29293562168e-06, -8.69396103553e-07, 9.11257984626e-07, -2.3220861749e-06, -3.38748441209e-06, 2.62198068413e-06]
        var: [0.000338423415087, 0.000805834017228, 0.000989724183455, 0.00236554234289, 0.00362105690874, 0.0101876826957, 0.030462667346, 0.0780710875988, 0.129890233278, 0.31733673811, 0.516028285027, 2.31777644157]

rhythm:
    beats_loudness:
        dmean: 0.0024977477733
        dmean2: 0.00428134715185
        dvar: 5.22760228705e-06
        dvar2: 2.03540166694e-05
        max: 0.0129255587235
        mean: 0.00416343007237
        min: 0.000504379509948
        var: 1.09566726678e-05
    beats_loudness_bass:
        dmean: 0.183394432068
        dmean2: 0.297108322382
        dvar: 0.0424093864858
        dvar2: 0.139254570007
        max: 0.751071453094
        mean: 0.167531058192
        min: 0.00460808165371
        var: 0.0423582047224
    bpm: 100.34186554
    bpm_confidence: 0
    first_peak_bpm: 100
    first_peak_spread: 0
    first_peak_weight: 0.5
    onset_rate: 4.38639307022
    second_peak_bpm: 134
    second_peak_spread: 0
    second_peak_weight: 0.444444447756
    beats_position: [0.257884323597, 0.855848908424, 1.45381343365, 2.05177807808, 2.64974284172, 3.24770712852, 3.84567165375, 4.44363641739, 5.04160070419, 5.639564991, 6.11140727997, 6.55866765976, 7.00592803955, 7.45318841934, 7.90044975281, 8.34771060944, 8.79497051239, 9.24223232269, 9.68949222565]
    bpm_estimates: [100.638076782, 100.309173584, 100.7498703, 100.885795593, 99.728553772, 100.291976929, 99.8426132202, 100.288879395]
    bpm_intervals: [0.597964584827, 0.597964525223, 0.597964644432, 0.597964763641, 0.597964286804, 0.597964525223, 0.597964763641, 0.597964286804, 0.597964286804, 0.471842288971, 0.447260379791, 0.447260379791, 0.447260379791, 0.447261333466, 0.447260856628, 0.447259902954, 0.447261810303, 0.447259902954]
    onset_times: [0.0580498874187, 0.290249437094, 0.684988677502, 0.743038535118, 1.01006805897, 1.45124721527, 1.62539684772, 1.90403628349, 2.07818603516, 2.20589566231, 2.49614500999, 2.65868473053, 2.9837641716, 3.13469386101, 3.43655323982, 3.5758728981, 3.7151927948, 3.87773251534, 4.15637207031, 4.31891155243, 4.77170085907, 5.36380958557, 5.65405893326, 5.9675283432, 6.26938772202, 6.40870761871, 6.71056699753, 6.86149644852, 7.00081634521, 7.16335582733, 7.30267572403, 7.46521520615, 7.75546503067, 7.91800451279, 8.05732440948, 8.35918331146, 8.66104316711, 8.80036258698, 9.10222244263, 9.27637195587, 9.41569137573, 9.5666217804, 9.70594120026, 9.85687065125]
    rubato_start: [6.11140727997]
    rubato_stop: [6.55866765976]
    perceptual_tempo: "unknown"

sfx:
    inharmonicity:
        dmean: 0.0688604041934
        dmean2: 0.125538706779
        dvar: 0.00478741852567
        dvar2: 0.0132760498673
        max: 0.40459549427
        mean: 0.0775759667158
        min: 0.000442941556685
        var: 0.00490212487057
    oddtoevenharmonicenergyratio:
        dmean: 3.78790402412
        dmean2: 7.17279958725
        dvar: 188.636962891
        dvar2: 557.382629395
        max: 177.233169556
        mean: 2.60947871208
        min: 0.00157461524941
        var: 101.638282776
    pitch_after_max_to_before_max_energy_ratio: 3.01104092598
    pitch_centroid: 216.487487793
    pitch_max_to_total: 0.300000011921
    pitch_min_to_total: 0.276744186878
    tristimulus:
        dmean: [0.136703878641, 0.314725697041, 0.225334972143]
        dmean2: [0.238912433386, 0.558072090149, 0.401532113552]
        dvar: [0.0197052918375, 0.0622051171958, 0.0394590832293]
        dvar2: [0.0504083000124, 0.159760162234, 0.108914189041]
        max: [0.792935311794, 0.989846885204, 0.796025812626]
        mean: [0.186894357204, 0.513830125332, 0.2070068717]
        min: [0.00774244405329, 0, 0]
        var: [0.0292004141957, 0.091188326478, 0.0487055666745]

tonal:
    chords_changes_rate: 0.138888895512
    chords_number_rate: 0.037037037313
    chords_strength:
        dmean: 0.0134445456788
        dmean2: 0.0161891430616
        dvar: 0.000121859528008
        dvar2: 0.000184188189451
        max: 0.673585951328
        mean: 0.446206271648
        min: 0.315767407417
        var: 0.00624196743593
    key_strength: 0.360979944468
    tuning_diatonic_strength: 0.433231145144
    tuning_equal_tempered_deviation: 0.237574458122
    tuning_frequency: 432.441040039
    tuning_nontempered_energy_ratio: 0.881566226482
    hpcp:
        dmean: [0.170167505741, 0.167356088758, 0.19059638679, 0.218419507146, 0.165966033936, 0.187302574515, 0.19815517962, 0.204401865602, 0.204976052046, 0.177787423134, 0.146539583802, 0.127268239856, 0.145876199007, 0.144473388791, 0.141952127218, 0.12747964263, 0.123461939394, 0.144104450941, 0.158499270678, 0.136276915669, 0.167433470488, 0.214848294854, 0.185052514076, 0.163697779179, 0.186291694641, 0.210955798626, 0.175913363695, 0.171104639769, 0.176730364561, 0.183488503098, 0.172807246447, 0.181374326348, 0.147278875113, 0.145610675216, 0.153634309769, 0.164168924093]
        dmean2: [0.285396456718, 0.27229899168, 0.294173032045, 0.363159865141, 0.26789394021, 0.306973218918, 0.335838854313, 0.35150924325, 0.361349403858, 0.306561857462, 0.249228522182, 0.211939230561, 0.242234513164, 0.235775828362, 0.226025566459, 0.208416000009, 0.201890408993, 0.242603853345, 0.264821112156, 0.233954802155, 0.291247546673, 0.35024279356, 0.295169264078, 0.277097314596, 0.324832051992, 0.368403166533, 0.307458221912, 0.299991458654, 0.309490144253, 0.306159317493, 0.283259928226, 0.303765565157, 0.247739762068, 0.241479873657, 0.256875932217, 0.273066937923]
        dvar: [0.0209435857832, 0.0251199193299, 0.0273936800659, 0.0341748632491, 0.0185551270843, 0.035131841898, 0.0314655974507, 0.0427902750671, 0.0501083359122, 0.0390182025731, 0.0328028872609, 0.0227226316929, 0.0299639217556, 0.0344841815531, 0.0230428539217, 0.0187272299081, 0.0183743387461, 0.0272344276309, 0.0297856517136, 0.0271164048463, 0.0331769734621, 0.0553974993527, 0.0410318784416, 0.0329342223704, 0.0452815443277, 0.0434554293752, 0.0381099656224, 0.0467042773962, 0.0476534329355, 0.0463766045868, 0.0367868691683, 0.0287866573781, 0.025307809934, 0.0271373800933, 0.0303240567446, 0.0206145308912]
        dvar2: [0.0523494295776, 0.0642486661673, 0.0756056010723, 0.069864295423, 0.05243088305, 0.0811896845698, 0.0885059088469, 0.121087178588, 0.153342932463, 0.113625854254, 0.0921371430159, 0.0641710683703, 0.0787140056491, 0.0831736326218, 0.0584979914129, 0.0453220307827, 0.0482725277543, 0.0693107694387, 0.072441354394, 0.0639209449291, 0.0928743183613, 0.150698781013, 0.0994981005788, 0.0812021270394, 0.129782423377, 0.116077274084, 0.101085849106, 0.113717712462, 0.115672558546, 0.123183555901, 0.0806446969509, 0.0809996202588, 0.0761997103691, 0.075602248311, 0.0814290344715, 0.0520225465298]
        max: [1, 1, 1, 1, 1, 1, 1, 1, 1, 1, 1, 1, 1, 1, 1, 1, 1, 1, 1, 1, 1, 1, 1, 1, 1, 1, 1, 1, 1, 1, 1, 1, 1, 0.986495912075, 1, 1]
        mean: [0.329871177673, 0.34679454565, 0.399712026119, 0.40955349803, 0.426250189543, 0.492367327213, 0.435812681913, 0.349292576313, 0.32800719142, 0.28499725461, 0.231274217367, 0.228884905577, 0.253861188889, 0.241419509053, 0.217942938209, 0.209253758192, 0.21241928637, 0.234430134296, 0.250831544399, 0.214996278286, 0.203413680196, 0.26866337657, 0.293765425682, 0.243964746594, 0.276931524277, 0.330910950899, 0.25999122858, 0.22350910306, 0.23368896544, 0.247277289629, 0.296079427004, 0.29104667902, 0.269769728184, 0.299665182829, 0.295884817839, 0.298479765654]
        min: [0.0141893941909, 0.0115339672193, 0.00722546549514, 0.0106148133054, 0.0120368208736, 0.0139712337404, 0.0119472276419, 0.0112376715988, 0.0146879320964, 0.0145063959062, 0.017324924469, 0.0231819618493, 0.0155017757788, 0.00983319897205, 0.01576725021, 0.0179184153676, 0.0168181154877, 0.011881978251, 0.0117938648909, 0.00887789670378, 0.0056964517571, 0.00518156355247, 0.0122250728309, 0.0115589573979, 0.0121157085523, 0.0149619020522, 0.0155558995903, 0.0100611923262, 0.00855577085167, 0.00743623962626, 0.0146963456646, 0.0159368477762, 0.010517090559, 0.00937660317868, 0.0166345927864, 0.0141779771075]
        var: [0.0439742319286, 0.0499216802418, 0.0644318535924, 0.0798543095589, 0.0694971308112, 0.124186612666, 0.100220344961, 0.0712703838944, 0.0625997111201, 0.0474328659475, 0.0343048833311, 0.02658434771, 0.0387626029551, 0.0467765852809, 0.0299602579325, 0.0258759111166, 0.0253176726401, 0.0347900688648, 0.0423023886979, 0.0391321480274, 0.0376037843525, 0.0765999034047, 0.0830271393061, 0.0484830550849, 0.0570154413581, 0.0715972706676, 0.0445167012513, 0.0521528050303, 0.0587448105216, 0.0604399181902, 0.0624221265316, 0.0478244610131, 0.0325395278633, 0.0404057651758, 0.042131986469, 0.0376563407481]
    chords_histogram: [0, 1.85185182095, 0.925925910473, 3.70370364189, 0, 0, 0, 0, 21.7592601776, 2.31481480598, 0, 0, 19.9074077606, 0, 0, 6.01851844788, 0, 32.8703689575, 0, 0, 0, 0, 10.6481485367, 0]
    thpcp: [1, 0.885137319565, 0.709414601326, 0.666183888912, 0.57883054018, 0.469718843699, 0.464866161346, 0.515593111515, 0.490323990583, 0.442642986774, 0.424995213747, 0.431424409151, 0.476128548384, 0.509439885616, 0.436658293009, 0.413133978844, 0.545656383038, 0.596638739109, 0.495493382215, 0.562449038029, 0.67208147049, 0.528043210506, 0.453947871923, 0.47462323308, 0.502221167088, 0.601338505745, 0.591116964817, 0.547903418541, 0.608621180058, 0.600943267345, 0.606213569641, 0.669969677925, 0.704341113567, 0.811816692352, 0.831804811954, 0.865715801716]
    chords_key: "A#"
    chords_scale: "minor"
    key_key: "A#"
    key_scale: "major"
    chords_progression: ["D#m", "D#m", "D", "D", "Dm", "D#m", "D#m", "D#m", "D#m", "D#m", "D#m", "D#", "D#", "D#", "D#", "D#", "D#m", "D#m", "D#m", "D", "D", "D", "D#m", "F#m", "F#m", "F#m", "F#m", "F#m", "D", "D", "D", "D", "D", "D", "D", "D", "D", "D", "D", "D", "D", "D", "D", "D", "D", "D", "D", "D", "D", "D", "D", "D", "D", "D", "D", "D", "D", "D", "D", "D", "D", "D", "D", "D", "D", "D", "D", "D", "D", "Dm", "D", "Dm", "Dm", "F", "F", "Am", "Am", "Am", "Am", "Am", "Am", "Am", "D#m", "E", "E", "E", "E", "Am", "E", "E", "E", "E", "E", "E", "E", "E", "E", "E", "E", "E", "E", "E", "E", "E", "E", "E", "E", "E", "E", "E", "E", "E", "E", "E", "E", "E", "E", "E", "E", "E", "E", "E", "E", "E", "D#", "D#", "D#", "D#", "D#", "E", "D#", "E", "E", "D#", "D#", "D#", "A#m", "A#m", "A#m", "A#m", "A#m", "A#m", "A#m", "A#m", "A#m", "A#m", "A#m", "A#m", "A#m", "A#m", "A#m", "A#m", "A#m", "A#m", "A#m", "A#m", "A#m", "A#m", "A#m", "A#m", "A#m", "A#m", "A#m", "A#m", "A#m", "A#m", "A#m", "A#m", "D#", "A#m", "A#m", "A#m", "A#m", "A#m", "A#m", "A#m", "A#m", "A#m", "A#m", "A#m", "D#", "D#", "D#", "D#", "A#m", "D#", "D#", "D#", "D#", "A#m", "A#m", "A#m", "A#m", "A#m", "A#m", "A#m", "A#m", "A#m", "A#m", "A#m", "A#m", "A#m", "A#m", "A#m", "A#m", "A#m", "A#m", "A#m", "A#m", "A#m", "A#m", "A#m", "A#m", "A#m", "A#m", "A#m"]
