
metadata:
    version:
        essentia: "1.2.2"
    audio_properties:
        analysis_sample_rate: 44100
        bitrate: 128
        channels: 2
        equal_loudness: 1
        length: 10.0048980713
        replay_gain: -10.0304355621
        downmix: "mix"
    tags:
        track: 4
        year: 0
        album: "Splitted by Mp3Splt v. 2.1"
        artist: "From 000.30 To 000.40"
        comment: "http://mp3splt.sf.net"
        genre: ""
        title: "11 Tin Cup Chalice.mp3"

highlevel:
    ballroom:
        all:
            ChaChaCha: 0.0438933856785
            Jive: 0.0695402920246
            Quickstep: 0.354572921991
            Rumba-American: 0.0173260606825
            Rumba-International: 0.22382697463
            Rumba-Misc: 0.0763045474887
            Samba: 0.104352854192
            Tango: 0.0254727322608
            VienneseWaltz: 0.0500876270235
            Waltz: 0.0346225984395
        probability: 0.354572921991
        value: "Quickstep"
    culture:
        all:
            non_western: 0.0118363024667
            western: 0.988163709641
        probability: 0.988163709641
        value: "western"
    gender:
        all:
            female: 0.507545948029
            male: 0.492454022169
        probability: 0.507545948029
        value: "female"
    genre_dortmund:
        all:
            alternative: 0.0260333716869
            blues: 0.0306962635368
            electronic: 0.0103815337643
            folkcountry: 0.476787418127
            funksoulrnb: 0.0138442665339
            jazz: 0.230693370104
            pop: 0.163018748164
            raphiphop: 0.00823697447777
            rock: 0.0403080396354
        probability: 0.476787418127
        value: "folkcountry"
    genre_electronica:
        all:
            ambient: 0.778002977371
            dnb: 0.0404542200267
            house: 0.111303910613
            techno: 0.0178841557354
            trance: 0.0523547492921
        probability: 0.778002977371
        value: "ambient"
    genre_rosamerica:
        all:
            cla: 0.0141975115985
            dan: 0.00937685370445
            hip: 0.00519721629098
            jaz: 0.0504008047283
            pop: 0.183274373412
            rhy: 0.715706050396
            roc: 0.0177149660885
            spe: 0.00413223356009
        probability: 0.715706050396
        value: "rhy"
    genre_tzanetakis:
        all:
            blu: 0.00601843837649
            cla: 0.00461544515565
            cou: 0.125948160887
            dis: 0.0283136684448
            hip: 0.00346388923936
            jaz: 0.00892081856728
            met: 0.0028114952147
            pop: 0.675993382931
            reg: 0.0984808132052
            roc: 0.0454339012504
        probability: 0.675993382931
        value: "pop"
    live_studio:
        all:
            live: 1.50346878058e-07
            studio: 0.999999821186
        probability: 0.999999821186
        value: "studio"
    mood:
        all:
            Cluster1: 0.227977246046
            Cluster2: 0.35813575983
            Cluster3: 0.23895047605
            Cluster4: 0.155316248536
            Cluster5: 0.0196202713996
        probability: 0.35813575983
        value: "Cluster2"
    mood_acoustic:
        all:
            acoustic: 0.889108717442
            not_acoustic: 0.110891275108
        probability: 0.889108717442
        value: "acoustic"
    mood_aggressive:
        all:
            aggressive: 3.55587417289e-06
            not_aggressive: 0.999996423721
        probability: 0.999996423721
        value: "not_aggressive"
    mood_electronic:
        all:
            electronic: 0.0453460253775
            not_electronic: 0.954653978348
        probability: 0.954653978348
        value: "not_electronic"
    mood_happy:
        all:
            happy: 0.420865654945
            not_happy: 0.579134345055
        probability: 0.579134345055
        value: "not_happy"
    mood_party:
        all:
            not_party: 0.877859652042
            party: 0.122140355408
        probability: 0.877859652042
        value: "not_party"
    mood_relaxed:
        all:
            not_relaxed: 0.259623497725
            relaxed: 0.740376472473
        probability: 0.740376472473
        value: "relaxed"
    mood_sad:
        all:
            not_sad: 0.00291791465133
            sad: 0.99708211422
        probability: 0.99708211422
        value: "sad"
    rhythm:
        all:
            fast: 0.408065497875
            medium: 0.536949455738
            slow: 0.0549850389361
        probability: 0.536949455738
        value: "medium"
    speech_music:
        all:
            music: 0.00282857613638
            speech: 0.997171401978
        probability: 0.997171401978
        value: "speech"
    timbre:
        all:
            bright: 0.900733351707
            dark: 0.0992666780949
        probability: 0.900733351707
        value: "bright"
    voice_instrumental:
        all:
            instrumental: 0.210007399321
            voice: 0.789992570877
        probability: 0.789992570877
        value: "voice"

lowlevel:
    average_loudness: 0.955784857273
    barkbands_kurtosis:
        dmean: 2.10567975044
        dmean2: 3.03031897545
        dvar: 8.94771766663
        dvar2: 16.4369316101
        max: 45.7174072266
        mean: 4.64751291275
        min: -1.85046422482
        var: 64.9065704346
    barkbands_skewness:
        dmean: 0.420133590698
        dmean2: 0.606515169144
        dvar: 0.145433217287
        dvar2: 0.321475952864
        max: 5.4944691658
        mean: 1.49676585197
        min: -1.38458383083
        var: 1.59853112698
    barkbands_spread:
        dmean: 4.17787981033
        dmean2: 6.44830131531
        dvar: 28.4953155518
        dvar2: 56.2560653687
        max: 63.2109985352
        mean: 21.066242218
        min: 2.29905033112
        var: 172.258132935
    dissonance:
        dmean: 0.0247427206486
        dmean2: 0.0408191494644
        dvar: 0.000465749908471
        dvar2: 0.0011648357613
        max: 0.498697668314
        mean: 0.432617813349
        min: 0.323089838028
        var: 0.00128132419195
    hfc:
        dmean: 1.12118792534
        dmean2: 1.50365781784
        dvar: 6.39535570145
        dvar2: 11.06254673
        max: 29.7746295929
        mean: 3.61043119431
        min: 0.054704092443
        var: 28.5591850281
    pitch:
        dmean: 237.748672485
        dmean2: 467.783111572
        dvar: 655246.1875
        dvar2: 1686646.5
        max: 4900
        mean: 534.406433105
        min: 71.2439422607
        var: 1059154.75
    pitch_instantaneous_confidence:
        dmean: 0.0785769820213
        dmean2: 0.116546489298
        dvar: 0.0064990138635
        dvar2: 0.0155031578615
        max: 0.902700424194
        mean: 0.557896316051
        min: 0.155876398087
        var: 0.0276138521731
    pitch_salience:
        dmean: 0.0515851341188
        dmean2: 0.0796278938651
        dvar: 0.00251246499829
        dvar2: 0.00560676399618
        max: 0.813351511955
        mean: 0.579177439213
        min: 0.289167761803
        var: 0.00903601571918
    silence_rate_20dB:
        dmean: 0
        dmean2: 0
        dvar: 0
        dvar2: 0
        max: 1
        mean: 1
        min: 1
        var: 0
    silence_rate_30dB:
        dmean: 0
        dmean2: 0
        dvar: 0
        dvar2: 0
        max: 1
        mean: 1
        min: 1
        var: 0
    silence_rate_60dB:
        dmean: 0.106728538871
        dmean2: 0.213953495026
        dvar: 0.0953373461962
        dvar2: 0.186782181263
        max: 1
        mean: 0.611111104488
        min: 0
        var: 0.237654656172
    spectral_centroid:
        dmean: 167.285552979
        dmean2: 239.147018433
        dvar: 45862.234375
        dvar2: 93246.125
        max: 2956.94311523
        mean: 970.506103516
        min: 246.39012146
        var: 391098.78125
    spectral_complexity:
        dmean: 1.87906980515
        dmean2: 2.89044284821
        dvar: 10.4272451401
        dvar2: 22.7082862854
        max: 37
        mean: 7.21577739716
        min: 0
        var: 29.793346405
    spectral_crest:
        dmean: 2.08404254913
        dmean2: 3.20350623131
        dvar: 3.22961735725
        dvar2: 7.8415594101
        max: 20.3650856018
        mean: 9.67203807831
        min: 3.02226877213
        var: 11.4886436462
    spectral_decrease:
        dmean: 2.39861158713e-10
        dmean2: 3.53238022166e-10
        dvar: 2.50328608952e-19
        dvar2: 4.75628955616e-19
        max: -7.11332208414e-12
        mean: -7.69720898131e-10
        min: -5.14228748472e-09
        var: 6.12970095416e-19
    spectral_energy:
        dmean: 0.000989057822153
        dmean2: 0.00145197438542
        dvar: 4.28842668043e-06
        dvar2: 7.99489043857e-06
        max: 0.0217298455536
        mean: 0.0032325827051
        min: 3.1809151551e-05
        var: 1.12367470138e-05
    spectral_energyband_high:
        dmean: 5.75482117711e-05
        dmean2: 8.37068073452e-05
        dvar: 1.8431554949e-08
        dvar2: 4.28213091652e-08
        max: 0.00171375344507
        mean: 0.00013258686522
        min: 7.69786012711e-08
        var: 7.13779115813e-08
    spectral_energyband_low:
        dmean: 0.000105272782093
        dmean2: 0.000169885024661
        dvar: 8.21982411026e-08
        dvar2: 2.04396727099e-07
        max: 0.00241870013997
        mean: 0.000184696298675
        min: 5.50494064555e-07
        var: 8.96850167464e-08
    spectral_energyband_middle_high:
        dmean: 0.000322892534314
        dmean2: 0.000416270951973
        dvar: 7.33986837531e-07
        dvar2: 1.09086249722e-06
        max: 0.0119503149763
        mean: 0.000978053081781
        min: 6.15391718384e-06
        var: 3.28772648572e-06
    spectral_energyband_middle_low:
        dmean: 0.000704327074345
        dmean2: 0.0010901412461
        dvar: 2.21873415285e-06
        dvar2: 5.06480455442e-06
        max: 0.0139194857329
        mean: 0.00193723174743
        min: 1.33952289616e-05
        var: 3.79577613785e-06
    spectral_flatness_db:
        dmean: 0.0195712354034
        dmean2: 0.0271588861942
        dvar: 0.00032288453076
        dvar2: 0.00064773770282
        max: 0.306691139936
        mean: 0.197623670101
        min: 0.0368013381958
        var: 0.00220041302964
    spectral_flux:
        dmean: 0.00958190485835
        dmean2: 0.0144859263673
        dvar: 0.000190438411664
        dvar2: 0.000410948036006
        max: 0.126963600516
        mean: 0.0249589793384
        min: 0.00303626875393
        var: 0.000449342245702
    spectral_kurtosis:
        dmean: 2.54759669304
        dmean2: 4.03590965271
        dvar: 9.5407333374
        dvar2: 20.932756424
        max: 36.2548179626
        mean: 6.52949619293
        min: -0.719836950302
        var: 29.9494552612
    spectral_rms:
        dmean: 0.000248211348662
        dmean2: 0.000349702546373
        dvar: 1.73474688836e-07
        dvar2: 2.75653462722e-07
        max: 0.00460432935506
        mean: 0.00158103147987
        min: 0.000176162764546
        var: 6.54074710837e-07
    spectral_rolloff:
        dmean: 362.15814209
        dmean2: 603.832885742
        dvar: 452229.0625
        dvar2: 910990.9375
        max: 5641.69921875
        mean: 1812.83483887
        min: 236.865234375
        var: 1904330.75
    spectral_skewness:
        dmean: 0.296086221933
        dmean2: 0.442306548357
        dvar: 0.101334251463
        dvar2: 0.183260664344
        max: 4.58956003189
        mean: 1.93504357338
        min: 0.507209122181
        var: 0.573151409626
    spectral_spread:
        dmean: 933227.6875
        dmean2: 1103489.125
        dvar: 2.31168304742e+12
        dvar2: 2.60392301363e+12
        max: 27249278
        mean: 5028545.5
        min: 1663697.375
        var: 7.28889399706e+12
    spectral_strongpeak:
        dmean: 0.338526695967
        dmean2: 0.544846177101
        dvar: 0.472347795963
        dvar2: 1.06018388271
        max: 7.97885417938
        mean: 0.706804573536
        min: 0
        var: 1.24140226841
    zerocrossingrate:
        dmean: 0.00768077746034
        dmean2: 0.00867979694158
        dvar: 6.97084687999e-05
        dvar2: 7.90740959928e-05
        max: 0.154296875
        mean: 0.0611257888377
        min: 0.0126953125
        var: 0.00115658529103
    barkbands:
        dmean: [6.09805397289e-08, 5.29045828443e-05, 6.57928540022e-05, 9.08307993086e-05, 0.000241165922489, 0.000176542176632, 0.000308503571432, 8.01759888418e-05, 8.99692095118e-05, 5.72639437451e-05, 6.04156521149e-05, 3.25122164213e-05, 3.02695134451e-05, 6.8329165515e-05, 4.37865928689e-05, 2.57914634858e-05, 2.75010152109e-05, 7.08129446139e-05, 7.78407120379e-05, 6.12928561168e-05, 2.93206885544e-05, 7.43357577448e-06, 1.30901446482e-06, 1.33261323754e-06, 1.33386481593e-06, 5.25566186127e-08, 3.61108609681e-09]
        dmean2: [8.28792963148e-08, 9.24898486119e-05, 0.000109979446279, 0.000146709935507, 0.000365187384887, 0.000275155180134, 0.000474444532301, 0.000123262099805, 0.00013754448446, 9.43684426602e-05, 9.62033227552e-05, 5.29563949385e-05, 4.76494496979e-05, 9.42177211982e-05, 6.29125861451e-05, 3.7280813558e-05, 3.72221766156e-05, 0.000113150766992, 0.000104687867861, 8.56964979903e-05, 4.20186079282e-05, 1.16778137453e-05, 1.85089629667e-06, 1.9076605895e-06, 1.94879930859e-06, 7.55823137411e-08, 3.72999142684e-09]
        dvar: [3.71410584579e-13, 2.28796732671e-08, 3.46162316589e-08, 2.66850701536e-08, 3.27275358813e-07, 3.03301646909e-07, 6.01659564836e-07, 4.80162576366e-08, 6.93541934993e-08, 5.8563333738e-08, 1.20412053661e-07, 9.27400645168e-09, 8.95100971121e-09, 7.53184892233e-08, 1.81663821763e-08, 3.83258225156e-09, 1.0108006876e-08, 5.44764944266e-08, 5.71792746484e-08, 2.11382715776e-08, 4.10765021996e-09, 6.26724283581e-10, 8.35738596383e-12, 7.56313848355e-12, 8.58510745133e-12, 1.63644122667e-14, 5.16644993321e-15]
        dvar2: [3.82933458163e-13, 6.09020176512e-08, 9.19324421034e-08, 6.64284058871e-08, 8.08445179246e-07, 7.09231187557e-07, 1.59678836553e-06, 1.13792978595e-07, 1.61111827879e-07, 1.9286116526e-07, 2.93450256095e-07, 2.41566375792e-08, 2.0994493255e-08, 1.50321056935e-07, 4.38158522797e-08, 9.81515047016e-09, 1.22720713591e-08, 1.30148563926e-07, 7.56192974904e-08, 3.97220674131e-08, 8.73531824652e-09, 1.69653435744e-09, 1.89555957736e-11, 1.45628595988e-11, 1.79586154975e-11, 2.88463744807e-14, 5.16506418731e-15]
        max: [1.25901460706e-05, 0.00132713560015, 0.00163995730691, 0.0013724246528, 0.00838757306337, 0.00724565703422, 0.00916508771479, 0.00280206720345, 0.00330985058099, 0.00280043273233, 0.00522791827098, 0.00115409342106, 0.00148845289368, 0.00462370412424, 0.00207553477958, 0.000702533230651, 0.00205734954216, 0.00250411313027, 0.00423913495615, 0.00282851164229, 0.000827834708616, 0.000374514347641, 3.69917324861e-05, 2.30781552091e-05, 2.3832959414e-05, 1.4654348206e-06, 1.49424670326e-06]
        mean: [8.71100738209e-08, 6.43904859317e-05, 0.000120234333735, 0.000173668158823, 0.000511517107952, 0.0003486253554, 0.000543069851119, 0.000183713025763, 0.000168629892869, 7.67918172642e-05, 7.56469889893e-05, 5.36873922101e-05, 5.50619988644e-05, 0.000152650070959, 9.10644739633e-05, 4.43739772891e-05, 4.92686522193e-05, 0.000103665843199, 0.0001827555825, 0.000155468136654, 6.25757820671e-05, 9.90141779766e-06, 2.01448483494e-06, 1.86076329101e-06, 1.79146081791e-06, 6.62416823616e-08, 3.59610941025e-09]
        min: [1.99945282553e-10, 1.1247806242e-07, 4.34389107795e-07, 1.25145263041e-07, 1.47220862345e-06, 4.84660904476e-06, 4.20158767156e-06, 8.25659014936e-07, 4.22171211767e-07, 5.10682802712e-08, 2.25539515952e-08, 2.87021286738e-08, 1.47610110801e-08, 6.54876686212e-08, 1.23440003108e-07, 9.47706482179e-08, 1.34558774789e-07, 3.34215343401e-07, 4.3957979301e-07, 7.27050633031e-08, 1.31158284233e-08, 1.51842041163e-08, 1.47393919292e-09, 2.30568675263e-09, 8.01124167005e-10, 1.36341382628e-10, 4.70785486062e-15]
        var: [3.75134981672e-13, 1.71622769329e-08, 3.96998238728e-08, 6.14576265434e-08, 4.3612581635e-07, 3.45140676927e-07, 8.39823712795e-07, 1.36366864467e-07, 1.19407786769e-07, 5.95593299124e-08, 1.84580770224e-07, 1.89087074887e-08, 2.17175184503e-08, 3.22767164107e-07, 3.9668403673e-08, 6.8960415156e-09, 2.85824786062e-08, 8.50682582154e-08, 2.45538700483e-07, 1.44735039953e-07, 1.8122628731e-08, 5.50247014619e-10, 1.31831594252e-11, 1.27737855016e-11, 1.33036411748e-11, 2.22688095855e-14, 5.16758495736e-15]
    mfcc:
        mean: [-788.269592285, 141.771469116, -19.0949516296, 55.3853225708, -16.4910583496, -13.3251123428, -1.71458756924, -20.1988716125, -6.10632181168, -0.663748145103, -0.492280483246, -4.29088020325, -0.43264606595]
        cov: [[5166.13623047, -1350.57849121, -735.149414062, -566.598999023, -315.701385498, 129.623962402, 266.70425415, -231.080307007, 105.861785889, 102.004272461, -28.5538425446, -19.5442409515, -192.667358398], [-1350.57849121, 1734.42480469, -423.996398926, 89.830696106, 54.9259681702, -2.36419534683, -129.064498901, -20.2433204651, -84.3139572144, 13.7338171005, 24.0833568573, -73.6729507446, -91.8711700439], [-735.149414062, -423.996398926, 956.23046875, 96.722946167, 145.139450073, -46.3437080383, -50.8944778442, 188.592529297, 36.9270362854, -104.804779053, -3.62985658646, 33.4810333252, 76.8359298706], [-566.598999023, 89.830696106, 96.722946167, 347.814544678, 73.9518508911, -89.0563964844, -37.1996421814, 70.3025588989, 6.88348054886, -22.5734958649, -17.5386886597, 23.3973293304, 55.3321495056], [-315.701385498, 54.9259681702, 145.139450073, 73.9518508911, 243.590057373, -47.1640167236, -117.896583557, 74.6316146851, 36.0681381226, -53.3604393005, -23.3826217651, 9.36920833588, 34.3000259399], [129.623962402, -2.36419534683, -46.3437080383, -89.0563964844, -47.1640167236, 171.959442139, 97.2960510254, -81.8148269653, -13.4666051865, 33.1066856384, 14.5228643417, -6.42148828506, -40.4785842896], [266.70425415, -129.064498901, -50.8944778442, -37.1996421814, -117.896583557, 97.2960510254, 201.898147583, -43.0041275024, -32.761177063, 40.4756965637, 24.7377796173, -5.19494628906, -35.9765472412], [-231.080307007, -20.2433204651, 188.592529297, 70.3025588989, 74.6316146851, -81.8148269653, -43.0041275024, 186.062042236, 32.4958267212, -62.0306739807, -2.1139960289, 0.864919304848, 22.3934192657], [105.861785889, -84.3139572144, 36.9270362854, 6.88348054886, 36.0681381226, -13.4666051865, -32.761177063, 32.4958267212, 70.8148345947, -4.45762777328, -19.8000144958, 6.99471282959, 0.451556831598], [102.004272461, 13.7338171005, -104.804779053, -22.5734958649, -53.3604393005, 33.1066856384, 40.4756965637, -62.0306739807, -4.45762777328, 106.86693573, 24.8541660309, -37.2489814758, -16.1610012054], [-28.5538425446, 24.0833568573, -3.62985658646, -17.5386886597, -23.3826217651, 14.5228643417, 24.7377796173, -2.1139960289, -19.8000144958, 24.8541660309, 53.9163093567, -0.722913146019, -13.1256494522], [-19.5442409515, -73.6729507446, 33.4810333252, 23.3973293304, 9.36920833588, -6.42148828506, -5.19494628906, 0.864919304848, 6.99471282959, -37.2489814758, -0.722913146019, 75.5027923584, 26.7493247986], [-192.667358398, -91.8711700439, 76.8359298706, 55.3321495056, 34.3000259399, -40.4785842896, -35.9765472412, 22.3934192657, 0.451556831598, -16.1610012054, -13.1256494522, 26.7493247986, 95.9816131592]]
        icov: [[0.000489036727231, 0.000477136578411, 0.000491604325362, 0.000453188462416, 2.35232146224e-05, 0.000313934084261, -0.000252865545917, 0.000146712380229, -0.000560440181289, 0.000255171762547, 0.000148781880853, 0.000131452761707, 0.000807856500614], [0.000477136578411, 0.00144010013901, 0.00097030919278, -9.99615804176e-05, -7.19732051948e-05, -0.000495612388477, 0.00108842004556, -0.000471653504064, 0.00111111218575, 0.000239128552494, -2.21151767619e-05, 0.000541996734682, 0.00183274515439], [0.000491604325362, 0.00097030919278, 0.00222693616524, 9.44783023442e-05, -0.000401076336857, -0.000660849385895, 0.00025245550205, -0.00128133059479, -0.000136226823088, 0.00116256938782, -0.000663251674268, 0.000561431283131, 0.000285804359009], [0.000453188462416, -9.99615804176e-05, 9.44783023442e-05, 0.00457469420508, -0.00101550843101, 0.00245387922041, -0.00184143555816, -0.000479770911625, -0.000354248855729, -0.00129139656201, 0.00180077750701, -0.00159963557962, -0.000603073567618], [2.35232146224e-05, -7.19732051948e-05, -0.000401076336857, -0.00101550843101, 0.00718938279897, -0.0020196235273, 0.00388894509524, -0.00123887613881, -0.00142718583811, 0.00146221823525, 0.000151247470058, 0.000758989655878, -0.000727312988602], [0.000313934084261, -0.000495612388477, -0.000660849385895, 0.00245387922041, -0.0020196235273, 0.0126733910292, -0.00692352792248, 0.0056637423113, -0.00362969795242, 0.00104573275894, -0.00122745754197, 0.000272764329566, 0.00136944430415], [-0.000252865545917, 0.00108842004556, 0.00025245550205, -0.00184143555816, 0.00388894509524, -0.00692352792248, 0.0124330604449, -0.00387613708153, 0.00613429164514, -0.00303131318651, 0.000776438915636, -0.00172821281012, 0.00269720610231], [0.000146712380229, -0.000471653504064, -0.00128133059479, -0.000479770911625, -0.00123887613881, 0.0056637423113, -0.00387613708153, 0.0135747399181, -0.00844227988273, 0.0087356986478, -0.00719847762957, 0.00618270924315, -0.00184019620065], [-0.000560440181289, 0.00111111218575, -0.000136226823088, -0.000354248855729, -0.00142718583811, -0.00362969795242, 0.00613429164514, -0.00844227988273, 0.0265852753073, -0.0102088758722, 0.0119934314862, -0.0078288661316, 0.0054779946804], [0.000255171762547, 0.000239128552494, 0.00116256938782, -0.00129139656201, 0.00146221823525, 0.00104573275894, -0.00303131318651, 0.0087356986478, -0.0102088758722, 0.0234477315098, -0.0136726358905, 0.0137242497876, -0.00439948542044], [0.000148781880853, -2.21151767619e-05, -0.000663251674268, 0.00180077750701, 0.000151247470058, -0.00122745754197, 0.000776438915636, -0.00719847762957, 0.0119934314862, -0.0136726358905, 0.0309175476432, -0.00984304677695, 0.00578174786642], [0.000131452761707, 0.000541996734682, 0.000561431283131, -0.00159963557962, 0.000758989655878, 0.000272764329566, -0.00172821281012, 0.00618270924315, -0.0078288661316, 0.0137242497876, -0.00984304677695, 0.0235131513327, -0.00654240092263], [0.000807856500614, 0.00183274515439, 0.000285804359009, -0.000603073567618, -0.000727312988602, 0.00136944430415, 0.00269720610231, -0.00184019620065, 0.0054779946804, -0.00439948542044, 0.00578174786642, -0.00654240092263, 0.0180386435241]]
    spectral_contrast:
        mean: [-3.5229922446e-07, -1.75978911443e-07, 7.08946060968e-07, 2.69927966201e-07, -2.05366347927e-07, -6.44933322747e-07, -6.81097162669e-07, -1.66405516211e-06, 3.57472276846e-06, -2.8350237713e-08, -1.26400564682e-07, 5.65013306186e-06]
        var: [0.000704227015376, 0.00148760923184, 0.00198951084167, 0.00269853975624, 0.0049026873894, 0.00937349628657, 0.0582977160811, 0.126392573118, 0.13124370575, 0.298708200455, 0.675865590572, 2.49100184441]

rhythm:
    beats_loudness:
        dmean: 0.00463474169374
        dmean2: 0.00782079901546
        dvar: 1.23308782349e-05
        dvar2: 4.6067416406e-05
        max: 0.0163708589971
        mean: 0.00749081280082
        min: 0.000904712127522
        var: 1.8149983589e-05
    beats_loudness_bass:
        dmean: 0.111128613353
        dmean2: 0.210022732615
        dvar: 0.00880113430321
        dvar2: 0.0227956473827
        max: 0.390977978706
        mean: 0.10219322145
        min: 0.00511827226728
        var: 0.0106004001573
    bpm: 72.5077285767
    bpm_confidence: 0
    first_peak_bpm: 146
    first_peak_spread: 0.111111104488
    first_peak_weight: 0.5
    onset_rate: 3.89809083939
    second_peak_bpm: 73
    second_peak_spread: 0
    second_peak_weight: 0.4375
    beats_position: [0.0716307908297, 0.899131476879, 1.72663223743, 2.55413293839, 3.38163375854, 4.2091345787, 5.03663492203, 5.86413574219, 6.28043651581, 6.6919670105, 7.10349750519, 7.51502895355, 7.92656040192, 8.33809089661, 8.7496213913, 9.16115283966, 9.57268428802]
    bpm_estimates: [72.59765625, 72.4234924316, 72.6247329712, 72.3059921265, 72.5302276611, 72.6913146973, 72.3806838989]
    bpm_intervals: [0.827500700951, 0.827500760555, 0.827500700951, 0.82750082016, 0.82750082016, 0.827500343323, 0.82750082016, 0.416300773621, 0.41153049469, 0.41153049469, 0.411531448364, 0.411531448364, 0.41153049469, 0.41153049469, 0.411531448364, 0.411531448364]
    onset_times: [0.0348299331963, 0.301859408617, 0.46439909935, 0.696598649025, 0.882358253002, 1.31192743778, 1.50929701328, 1.70666670799, 2.14784574509, 2.33360552788, 2.4497051239, 2.53097510338, 2.94893431664, 3.36689352989, 3.79646253586, 4.04027223587, 4.19120168686, 4.63238096237, 4.85297060013, 5.0387301445, 5.27092981339, 5.44507932663, 5.67727899551, 5.83981847763, 6.15328788757, 6.26938772202, 6.67573690414, 7.11691617966, 7.52326536179, 7.92961454391, 8.17342376709, 8.34757328033, 8.56816291809, 8.76553249359, 8.97451210022, 9.16027164459, 9.6014509201, 9.82204055786, 9.99619007111]
    rubato_start: [6.28043651581]
    rubato_stop: [6.6919670105]
    perceptual_tempo: "unknown"

sfx:
    inharmonicity:
        dmean: 0.0326461233199
        dmean2: 0.0595583841205
        dvar: 0.00219862232916
        dvar2: 0.0067082978785
        max: 0.337609380484
        mean: 0.0306272972375
        min: 0
        var: 0.00198551360518
    oddtoevenharmonicenergyratio:
        dmean: 3.46676278114
        dmean2: 6.50216197968
        dvar: 176.123794556
        dvar2: 518.344055176
        max: 146.668960571
        mean: 2.24024057388
        min: 0
        var: 94.3232727051
    pitch_after_max_to_before_max_energy_ratio: 0.914457917213
    pitch_centroid: 226.242950439
    pitch_max_to_total: 0.654292345047
    pitch_min_to_total: 0.979118347168
    tristimulus:
        dmean: [0.224395349622, 0.230586349964, 0.0722714811563]
        dmean2: [0.392254531384, 0.404104083776, 0.127397537231]
        dvar: [0.0429538786411, 0.0466766059399, 0.00863714516163]
        dvar2: [0.107301682234, 0.118378326297, 0.0234922282398]
        max: [1, 0.951440215111, 0.684334516525]
        mean: [0.497483104467, 0.392805874348, 0.0850448980927]
        min: [0.0193917434663, 0, 0]
        var: [0.0732072740793, 0.0659667775035, 0.0114900320768]

tonal:
    chords_changes_rate: 0.0138248847798
    chords_number_rate: 0.0138248847798
    chords_strength:
        dmean: 0.00992522016168
        dmean2: 0.00738368183374
        dvar: 7.33944179956e-05
        dvar2: 7.24450073903e-05
        max: 0.753100275993
        mean: 0.553533315659
        min: 0.319464325905
        var: 0.0106826201081
    key_strength: 0.822865009308
    tuning_diatonic_strength: 0.660437881947
    tuning_equal_tempered_deviation: 0.0424637831748
    tuning_frequency: 441.782684326
    tuning_nontempered_energy_ratio: 0.643081307411
    hpcp:
        dmean: [0.169092863798, 0.161619186401, 0.108070716262, 0.116123281419, 0.102816283703, 0.0869348570704, 0.0895688161254, 0.0795454308391, 0.0861500427127, 0.0689743235707, 0.0520535446703, 0.0659781396389, 0.0756820365787, 0.0859013423324, 0.137010514736, 0.147556051612, 0.122262462974, 0.0589001327753, 0.0348201319575, 0.0445380732417, 0.0785070881248, 0.0965588614345, 0.0641758739948, 0.0357599258423, 0.0394141152501, 0.0718120783567, 0.138726428151, 0.133247077465, 0.0948091894388, 0.0918259695172, 0.114225909114, 0.121750019491, 0.0777658298612, 0.0692933946848, 0.111703887582, 0.188289940357]
        dmean2: [0.262031525373, 0.270956426859, 0.194093197584, 0.194122940302, 0.176966488361, 0.145964607596, 0.145662546158, 0.129063561559, 0.131847083569, 0.114260479808, 0.0940916761756, 0.113627701998, 0.118436262012, 0.140229851007, 0.213179066777, 0.230461716652, 0.19588714838, 0.106390446424, 0.0587692335248, 0.0794778615236, 0.126959979534, 0.159986913204, 0.106442816556, 0.057991348207, 0.0700401589274, 0.127035260201, 0.222255244851, 0.215249195695, 0.156357184052, 0.152198776603, 0.194126471877, 0.195453062654, 0.129585653543, 0.109926998615, 0.186162278056, 0.297892391682]
        dvar: [0.0410936512053, 0.035534594208, 0.0335078649223, 0.0393643081188, 0.0342519059777, 0.0237341430038, 0.0288237016648, 0.0219573266804, 0.0239299535751, 0.0183838773519, 0.0189329609275, 0.0211752634495, 0.0160167142749, 0.0148955322802, 0.031294375658, 0.0339893773198, 0.0222379118204, 0.00938551966101, 0.00391629664227, 0.0087706791237, 0.0155818294734, 0.0232642330229, 0.0132987182587, 0.00730973901227, 0.012847840786, 0.0129333753139, 0.0361264273524, 0.0380179584026, 0.0231991447508, 0.0258755590767, 0.0492616407573, 0.0455456227064, 0.0241941343993, 0.0179537832737, 0.0218110922724, 0.040705088526]
        dvar2: [0.0727573335171, 0.100817292929, 0.0885088294744, 0.0853087827563, 0.073723487556, 0.055366884917, 0.0601923167706, 0.0555817820132, 0.0552141182125, 0.047845043242, 0.0530838221312, 0.0589837580919, 0.0297874379903, 0.0381689742208, 0.0848657488823, 0.0657273158431, 0.0544681921601, 0.0223528388888, 0.0105033870786, 0.0248086284846, 0.0355193056166, 0.0582489557564, 0.0374863930047, 0.0175577569753, 0.0374244898558, 0.0332076922059, 0.0848254859447, 0.0854455977678, 0.0651239007711, 0.0634430646896, 0.0942832306027, 0.111051045358, 0.0523277111351, 0.0431763939559, 0.0564382635057, 0.0992606431246]
        max: [1, 1, 1, 1, 1, 1, 1, 1, 1, 0.818767607212, 1, 1, 1, 0.811294734478, 1, 1, 1, 0.945086419582, 0.406536281109, 0.649883925915, 0.986462652683, 1, 0.918208956718, 0.756770372391, 1, 1, 1, 1, 1, 1, 1, 1, 1, 1, 1, 1]
        mean: [0.560457527637, 0.319926202297, 0.113826692104, 0.135001853108, 0.118528813124, 0.110046051443, 0.122326351702, 0.101488806307, 0.0992236435413, 0.0797471925616, 0.0489923022687, 0.106613464653, 0.169167995453, 0.130635231733, 0.228124678135, 0.349344313145, 0.200794056058, 0.0548177622259, 0.0310322102159, 0.0383510105312, 0.0991441458464, 0.13725759089, 0.0815310254693, 0.0344907529652, 0.0378289781511, 0.0689788013697, 0.184520021081, 0.237729623914, 0.130111336708, 0.116945832968, 0.211596280336, 0.176385238767, 0.0981316715479, 0.0840860158205, 0.125172555447, 0.37866422534]
        min: [0.00692185433581, 0.00354792224243, 0.000247348507401, 0.000304432498524, 0.000552158220671, 0.000838970241603, 0.000486278324388, 0.000503888179082, 0.000226997770369, 0.000276147533441, 0.000384601793485, 0.000832374324091, 0.00167015485931, 0.00114517449401, 0.00053265877068, 0, 0.000554563710466, 0.000214552055695, 0.000169773673406, 0.000138311079354, 0.000271040247753, 0.000747814832721, 0.00106034625787, 0.000195134969545, 0.000117584655527, 0.000194259802811, 0.000269426265731, 0.000877172977198, 0.000136614980875, 0.000988535233773, 0.000513034057803, 0.000388331973227, 0.000314391450956, 0.000781769282185, 0.00119686720427, 0.00409688008949]
        var: [0.142043814063, 0.0732329115272, 0.03199185431, 0.0577103458345, 0.0419432632625, 0.0339777767658, 0.0548108071089, 0.0249905698001, 0.0312532559037, 0.0181774869561, 0.012811451219, 0.034152045846, 0.0743053108454, 0.0287013258785, 0.0576101988554, 0.110546164215, 0.0449348837137, 0.0103591550142, 0.00333271920681, 0.00673870323226, 0.0212987046689, 0.0360231436789, 0.0159339234233, 0.00792732462287, 0.0105178849772, 0.0142720723525, 0.0526781380177, 0.0880474001169, 0.0353504754603, 0.0369969420135, 0.114018201828, 0.0701612308621, 0.0439020358026, 0.0257686264813, 0.0303400363773, 0.0797829777002]
    chords_histogram: [63.1336402893, 0, 33.1797218323, 3.68663597107, 0, 0, 0, 0, 0, 0, 0, 0, 0, 0, 0, 0, 0, 0, 0, 0, 0, 0, 0, 0]
    thpcp: [1, 0.570830404758, 0.203096017241, 0.240877941251, 0.211485803127, 0.196350380778, 0.21826158464, 0.181082069874, 0.177040427923, 0.142289444804, 0.0874148383737, 0.190225765109, 0.301839113235, 0.233086764812, 0.407032936811, 0.623319864273, 0.358268111944, 0.0978089496493, 0.0553694218397, 0.0684280395508, 0.17689858377, 0.244902744889, 0.145472258329, 0.061540350318, 0.0674965977669, 0.12307587266, 0.329231053591, 0.424170643091, 0.23215200007, 0.208661362529, 0.377542048693, 0.314716517925, 0.175092071295, 0.150031015277, 0.223339945078, 0.675634086132]
    chords_key: "D"
    chords_scale: "major"
    key_key: "D"
    key_scale: "major"
    chords_progression: ["A", "A", "A", "A", "A", "A", "A", "A", "A", "A", "A", "A", "A", "A", "A", "A", "A", "A", "A", "A", "A", "A", "A", "A", "A", "A", "A", "A", "A", "A", "A", "A", "A", "A", "A", "A", "A", "A", "A", "A", "A", "A", "A", "A", "A", "A", "A", "A", "A", "A", "A", "A", "C#m", "C#m", "C#m", "C#m", "C#m", "C#m", "C#m", "C#m", "A", "A", "A", "A", "A", "A", "A", "A", "A", "A", "A", "A", "A", "A", "A", "A", "A", "A", "A", "A", "D", "D", "D", "D", "D", "D", "D", "D", "D", "D", "D", "D", "D", "D", "D", "D", "D", "D", "D", "D", "D", "D", "D", "D", "D", "D", "D", "D", "D", "D", "D", "D", "D", "D", "D", "D", "D", "D", "D", "D", "D", "D", "D", "D", "D", "D", "D", "D", "D", "D", "D", "D", "D", "D", "D", "D", "D", "D", "D", "D", "D", "D", "D", "D", "D", "D", "D", "D", "D", "D", "D", "D", "D", "D", "D", "D", "D", "D", "D", "D", "D", "D", "D", "D", "D", "D", "D", "D", "D", "D", "D", "D", "D", "D", "D", "D", "D", "D", "D", "D", "D", "D", "D", "D", "D", "D", "D", "D", "D", "D", "D", "D", "D", "D", "D", "D", "D", "D", "D", "D", "D", "D", "D", "D", "D", "D", "D", "D", "D", "D", "D", "D", "D", "D", "D", "D", "D"]
