
metadata:
    version:
        essentia: "1.2.2"
    audio_properties:
        analysis_sample_rate: 44100
        bitrate: 128
        channels: 2
        equal_loudness: 1
        length: 10.0048980713
        replay_gain: -10.7201519012
        downmix: "mix"
    tags:
        track: 23
        year: 0
        album: "Splitted by Mp3Splt v. 2.1"
        artist: "From 003.40 To 003.50"
        comment: "http://mp3splt.sf.net"
        genre: ""
        title: "09 Glow.mp3"

highlevel:
    ballroom:
        all:
            ChaChaCha: 0.102191068232
            Jive: 0.143344134092
            Quickstep: 0.0331584624946
            Rumba-American: 0.00617503328249
            Rumba-International: 0.107070207596
            Rumba-Misc: 0.0139467939734
            Samba: 0.569752693176
            Tango: 0.00479500880465
            VienneseWaltz: 0.0138375815004
            Waltz: 0.00572899449617
        probability: 0.569752693176
        value: "Samba"
    culture:
        all:
            non_western: 0.021728310734
            western: 0.978271663189
        probability: 0.978271663189
        value: "western"
    gender:
        all:
            female: 0.471250921488
            male: 0.52874904871
        probability: 0.52874904871
        value: "male"
    genre_dortmund:
        all:
            alternative: 0.0195901580155
            blues: 0.00421529822052
            electronic: 0.714964807034
            folkcountry: 0.0206085089594
            funksoulrnb: 0.0095473844558
            jazz: 0.0799185782671
            pop: 0.0714683234692
            raphiphop: 0.038141656667
            rock: 0.0415452793241
        probability: 0.714964807034
        value: "electronic"
    genre_electronica:
        all:
            ambient: 0.0485910438001
            dnb: 0.546032488346
            house: 0.0305066946894
            techno: 0.0546828843653
            trance: 0.320186883211
        probability: 0.546032488346
        value: "dnb"
    genre_rosamerica:
        all:
            cla: 0.011119495146
            dan: 0.583296954632
            hip: 0.0292617697269
            jaz: 0.0597509928048
            pop: 0.122741281986
            rhy: 0.0511571355164
            roc: 0.13574424386
            spe: 0.00692812446505
        probability: 0.583296954632
        value: "dan"
    genre_tzanetakis:
        all:
            blu: 0.00323409796692
            cla: 0.00334778707474
            cou: 0.0164668411016
            dis: 0.0727358609438
            hip: 0.0296523999423
            jaz: 0.0767873972654
            met: 0.012091986835
            pop: 0.638741254807
            reg: 0.0724336653948
            roc: 0.0745087191463
        probability: 0.638741254807
        value: "pop"
    live_studio:
        all:
            live: 0.641634106636
            studio: 0.358365893364
        probability: 0.641634106636
        value: "live"
    mood:
        all:
            Cluster1: 0.342715263367
            Cluster2: 0.293557852507
            Cluster3: 0.0445080883801
            Cluster4: 0.170448288321
            Cluster5: 0.14877051115
        probability: 0.342715263367
        value: "Cluster1"
    mood_acoustic:
        all:
            acoustic: 0.227300316095
            not_acoustic: 0.772699713707
        probability: 0.772699713707
        value: "not_acoustic"
    mood_aggressive:
        all:
            aggressive: 0.118159264326
            not_aggressive: 0.881840765476
        probability: 0.881840765476
        value: "not_aggressive"
    mood_electronic:
        all:
            electronic: 0.976727187634
            not_electronic: 0.0232728365809
        probability: 0.976727187634
        value: "electronic"
    mood_happy:
        all:
            happy: 0.245806634426
            not_happy: 0.754193365574
        probability: 0.754193365574
        value: "not_happy"
    mood_party:
        all:
            not_party: 0.697075664997
            party: 0.302924335003
        probability: 0.697075664997
        value: "not_party"
    mood_relaxed:
        all:
            not_relaxed: 0.259623497725
            relaxed: 0.740376472473
        probability: 0.740376472473
        value: "relaxed"
    mood_sad:
        all:
            not_sad: 0.0220707971603
            sad: 0.9779291749
        probability: 0.9779291749
        value: "sad"
    rhythm:
        all:
            fast: 0.770867586136
            medium: 0.186697617173
            slow: 0.0424347855151
        probability: 0.770867586136
        value: "fast"
    speech_music:
        all:
            music: 1.08286230898e-05
            speech: 0.999989151955
        probability: 0.999989151955
        value: "speech"
    timbre:
        all:
            bright: 0.127365425229
            dark: 0.872634589672
        probability: 0.872634589672
        value: "dark"
    voice_instrumental:
        all:
            instrumental: 0.842117726803
            voice: 0.157882302999
        probability: 0.842117726803
        value: "instrumental"

lowlevel:
    average_loudness: 0.979701042175
    barkbands_kurtosis:
        dmean: 2.08430457115
        dmean2: 3.28451943398
        dvar: 8.59550571442
        dvar2: 21.6701545715
        max: 26.1997318268
        mean: 1.81936585903
        min: -1.87501049042
        var: 17.6786499023
    barkbands_skewness:
        dmean: 0.557410895824
        dmean2: 0.842306792736
        dvar: 0.288167476654
        dvar2: 0.629516303539
        max: 4.64107275009
        mean: 1.17968392372
        min: -1.54358005524
        var: 0.970931529999
    barkbands_spread:
        dmean: 8.06665992737
        dmean2: 12.3145465851
        dvar: 62.9761657715
        dvar2: 127.477638245
        max: 65.766166687
        mean: 27.8014583588
        min: 4.41647005081
        var: 186.303314209
    dissonance:
        dmean: 0.0218530260026
        dmean2: 0.0360983461142
        dvar: 0.000393285503378
        dvar2: 0.000966176623479
        max: 0.495391458273
        mean: 0.450294852257
        min: 0.228491440415
        var: 0.000963816652074
    hfc:
        dmean: 2.13302302361
        dmean2: 3.20674538612
        dvar: 6.49782896042
        dvar2: 14.5025167465
        max: 19.0905361176
        mean: 4.39820623398
        min: 4.36200207332e-06
        var: 13.3008947372
    pitch:
        dmean: 895.432495117
        dmean2: 1734.77575684
        dvar: 2399039.5
        dvar2: 4722321.5
        max: 4410
        mean: 1283.13476562
        min: 64.7577056885
        var: 3107277.5
    pitch_instantaneous_confidence:
        dmean: 0.0891767069697
        dmean2: 0.14545480907
        dvar: 0.00573898293078
        dvar2: 0.0132939200848
        max: 0.813464701176
        mean: 0.404571712017
        min: 0.14322334528
        var: 0.0158301759511
    pitch_salience:
        dmean: 0.0631542652845
        dmean2: 0.101765275002
        dvar: 0.00277179339901
        dvar2: 0.00646299123764
        max: 0.929804027081
        mean: 0.609569728374
        min: 0.296458780766
        var: 0.00739483721554
    silence_rate_20dB:
        dmean: 0
        dmean2: 0
        dvar: 0
        dvar2: 0
        max: 1
        mean: 1
        min: 1
        var: 0
    silence_rate_30dB:
        dmean: 0
        dmean2: 0
        dvar: 0
        dvar2: 0
        max: 1
        mean: 1
        min: 1
        var: 0
    silence_rate_60dB:
        dmean: 0.167053371668
        dmean2: 0.332558125257
        dvar: 0.139147177339
        dvar2: 0.249870970845
        max: 1
        mean: 0.511574089527
        min: 0
        var: 0.249867230654
    spectral_centroid:
        dmean: 345.380371094
        dmean2: 535.922058105
        dvar: 175823.984375
        dvar2: 385022.875
        max: 3147.39379883
        mean: 1049.4152832
        min: 225.253921509
        var: 411257.40625
    spectral_complexity:
        dmean: 3.16744184494
        dmean2: 4.80186462402
        dvar: 11.5812654495
        dvar2: 21.8465270996
        max: 34
        mean: 10.5359630585
        min: 0
        var: 34.5920906067
    spectral_crest:
        dmean: 2.16434001923
        dmean2: 3.47133612633
        dvar: 4.43619728088
        dvar2: 10.2340183258
        max: 20.5576858521
        mean: 8.0049238205
        min: 2.90191268921
        var: 9.78207588196
    spectral_decrease:
        dmean: 3.30135252469e-10
        dmean2: 4.72333838708e-10
        dvar: 2.3701611927e-19
        dvar2: 5.47143992847e-19
        max: -1.50913710866e-15
        mean: -1.01465291724e-09
        min: -4.94592544698e-09
        var: 4.87727195857e-19
    spectral_energy:
        dmean: 0.00140437216032
        dmean2: 0.00202441471629
        dvar: 3.75832087229e-06
        dvar2: 8.55241523823e-06
        max: 0.0198703855276
        mean: 0.0042284601368
        min: 6.09147710051e-09
        var: 8.03684542916e-06
    spectral_energyband_high:
        dmean: 0.000229517216212
        dmean2: 0.000374971685233
        dvar: 1.14878858426e-07
        dvar2: 2.89526610686e-07
        max: 0.0021852417849
        mean: 0.000311258452712
        min: 1.30616670257e-10
        var: 1.38774723268e-07
    spectral_energyband_low:
        dmean: 0.000394602189772
        dmean2: 0.000600441300776
        dvar: 4.39959421783e-07
        dvar2: 1.07159439722e-06
        max: 0.00525663699955
        mean: 0.000691048218869
        min: 9.47960598907e-10
        var: 5.72431076762e-07
    spectral_energyband_middle_high:
        dmean: 0.000378275901312
        dmean2: 0.000525476760231
        dvar: 2.89751682203e-07
        dvar2: 5.93580750774e-07
        max: 0.00554868904874
        mean: 0.000939515943173
        min: 8.23672408057e-10
        var: 9.68297626969e-07
    spectral_energyband_middle_low:
        dmean: 0.00110068591312
        dmean2: 0.00172852911055
        dvar: 4.04027514378e-06
        dvar2: 1.08381500468e-05
        max: 0.016248639673
        mean: 0.00228660274297
        min: 4.01472233236e-09
        var: 4.96735174238e-06
    spectral_flatness_db:
        dmean: 0.0185536015779
        dmean2: 0.0288576241583
        dvar: 0.000253795617027
        dvar2: 0.00054671545513
        max: 0.247491851449
        mean: 0.164644822478
        min: 0.0772190243006
        var: 0.00104070443194
    spectral_flux:
        dmean: 0.0104597564787
        dmean2: 0.0149611169472
        dvar: 0.000151933840243
        dvar2: 0.000270977558102
        max: 0.0967789143324
        mean: 0.034368596971
        min: 7.80479167588e-05
        var: 0.000332436989993
    spectral_kurtosis:
        dmean: 2.0500767231
        dmean2: 3.26382923126
        dvar: 4.90978097916
        dvar2: 12.1332082748
        max: 17.7863807678
        mean: 3.44991779327
        min: -0.161660432816
        var: 8.86044979095
    spectral_rms:
        dmean: 0.000308856077027
        dmean2: 0.000431430933531
        dvar: 1.21949994991e-07
        dvar2: 2.46832144057e-07
        max: 0.00440292432904
        mean: 0.00193991488777
        min: 2.4378073249e-06
        var: 3.62055089909e-07
    spectral_rolloff:
        dmean: 779.300720215
        dmean2: 1342.83825684
        dvar: 1082409.125
        dvar2: 2131624.5
        max: 5038.76953125
        mean: 2152.02172852
        min: 193.798828125
        var: 2359721.25
    spectral_skewness:
        dmean: 0.392677009106
        dmean2: 0.582128226757
        dvar: 0.128307536244
        dvar2: 0.312146604061
        max: 3.43744015694
        mean: 1.38840293884
        min: 0.373181194067
        var: 0.339121162891
    spectral_spread:
        dmean: 681939.4375
        dmean2: 992719.375
        dvar: 1.79223370138e+12
        dvar2: 2.08701109043e+12
        max: 24219478
        mean: 4667638
        min: 2341008.25
        var: 2.74859740365e+12
    spectral_strongpeak:
        dmean: 0.205054983497
        dmean2: 0.325568109751
        dvar: 0.132971301675
        dvar2: 0.274795562029
        max: 2.59971046448
        mean: 0.41055598855
        min: 0
        var: 0.236876890063
    zerocrossingrate:
        dmean: 0.0136741464958
        dmean2: 0.0166948940605
        dvar: 0.000150460924488
        dvar2: 0.000230803823797
        max: 0.1552734375
        mean: 0.068250618875
        min: 0.01318359375
        var: 0.00086523394566
    barkbands:
        dmean: [9.3981941518e-07, 0.00022615895432, 0.000250792567385, 0.000269608543022, 0.000659984711092, 0.000146742808283, 0.000107920881419, 0.000240870111156, 8.98619982763e-05, 9.5227806014e-05, 4.98031040479e-05, 6.03330481681e-05, 2.75583497569e-05, 2.23403312702e-05, 2.47036841756e-05, 3.35545191774e-05, 4.35618349002e-05, 7.23895500414e-05, 0.000132980712806, 0.00014564920275, 0.000110656314064, 2.42442074523e-05, 8.11888276075e-06, 2.49420281762e-06, 3.53171657252e-07, 1.4381251745e-08, 3.56339513452e-09]
        dmean2: [1.06224865704e-06, 0.0003538246674, 0.000440040341346, 0.000474224594655, 0.00116494391114, 0.000208744284464, 0.000165438948898, 0.000302638305584, 0.000126668135636, 0.000122442448628, 7.83025607234e-05, 8.72818854987e-05, 4.52289714303e-05, 3.88679582102e-05, 3.79011726181e-05, 4.91983155371e-05, 6.53162132949e-05, 0.000112099049147, 0.00020077858062, 0.000230567282415, 0.000193080108147, 3.87765176129e-05, 1.34562387757e-05, 4.0403915591e-06, 5.11436212491e-07, 1.99367011788e-08, 3.69331965011e-09]
        dvar: [3.08989379222e-12, 1.18667145443e-07, 2.88423194661e-07, 3.50155573869e-07, 2.45389833253e-06, 3.32325846841e-08, 1.8626325371e-08, 5.95150481786e-07, 2.22900418123e-08, 2.75983982334e-08, 7.24353110826e-09, 2.78886940208e-08, 1.95325289276e-09, 2.40119235606e-09, 1.8971975102e-09, 3.87059762019e-09, 1.11177911322e-08, 2.64082800072e-08, 6.81420857518e-08, 2.90808337411e-08, 3.0235288051e-08, 1.64776792211e-09, 2.50846426963e-10, 2.67032715384e-11, 3.93243299252e-13, 4.77308147975e-15, 4.98379617198e-15]
        dvar2: [3.13539320375e-12, 2.70636633104e-07, 8.01750218216e-07, 1.02115234313e-06, 7.08182551534e-06, 6.92179042971e-08, 4.48118520069e-08, 8.12844291431e-07, 4.26888604466e-08, 3.05109111309e-08, 1.48499843533e-08, 5.12961015886e-08, 5.05393371597e-09, 7.23892279453e-09, 3.97554256182e-09, 9.94899984619e-09, 2.15052651242e-08, 6.91666812713e-08, 1.40274252658e-07, 6.98308113556e-08, 7.97250834239e-08, 3.9754115555e-09, 6.79791500868e-10, 6.8649315399e-11, 9.0591477462e-13, 5.08287403933e-15, 4.98125337907e-15]
        max: [2.54208589467e-05, 0.00249477382749, 0.00353480037302, 0.00443617906421, 0.0114164054394, 0.00190978869796, 0.00117618613876, 0.0102459918708, 0.00219013425522, 0.00323047209531, 0.00103296106681, 0.00184656062629, 0.000558828585781, 0.000487099256134, 0.000533106911462, 0.000557922583539, 0.00149734260049, 0.00225430470891, 0.00272352294996, 0.000962707214057, 0.00132097105961, 0.000239620057982, 9.26495122258e-05, 3.05707399093e-05, 4.11479732065e-06, 1.40583892971e-06, 1.46775198573e-06]
        mean: [1.40261283832e-06, 0.000392874586396, 0.000296808633721, 0.000302561296849, 0.000786186777987, 0.000351056834916, 0.000210195255931, 0.000379775301553, 0.000172395783011, 0.000221595430048, 8.1760372268e-05, 0.000111826324428, 4.86330900458e-05, 2.92573822662e-05, 4.03672856919e-05, 5.29267599632e-05, 7.18162991689e-05, 0.000108548447315, 0.000181928277016, 0.000201268776436, 0.000146015154314, 2.76198388747e-05, 8.47133560455e-06, 2.65249423137e-06, 4.94694916142e-07, 2.09488053571e-08, 3.53905060813e-09]
        min: [3.42306516465e-10, 4.87417217698e-10, 2.89832019496e-10, 2.58193577629e-10, 5.81258430277e-10, 6.07067840441e-10, 6.45288378287e-10, 7.43898498357e-10, 1.08080255856e-09, 3.59711066489e-10, 4.92613588809e-11, 6.92067323588e-12, 7.79625600189e-11, 9.59360021979e-11, 4.46605738502e-11, 5.76469427749e-11, 5.22780568835e-11, 6.85720369376e-11, 7.13152176202e-11, 7.42887348859e-11, 4.1472995177e-11, 1.93366624796e-11, 4.43967432262e-12, 7.1547030453e-12, 7.37658458622e-12, 7.17405128359e-12, 2.53110029545e-14]
        var: [6.46326568654e-12, 1.76264407514e-07, 2.16806839148e-07, 2.49310176059e-07, 1.768937409e-06, 1.09963202988e-07, 4.16066967546e-08, 1.24831285575e-06, 7.00890510075e-08, 1.72400618226e-07, 1.54266963648e-08, 7.69040866544e-08, 4.31075752871e-09, 2.68129252134e-09, 3.64430197131e-09, 7.71678010381e-09, 2.54542573686e-08, 4.15558609745e-08, 9.46876639318e-08, 4.5147267258e-08, 3.39259429438e-08, 1.76035008792e-09, 2.33249058956e-10, 2.6149540866e-11, 5.36469956999e-13, 5.01817427469e-15, 4.98589808424e-15]
    mfcc:
        mean: [-731.553955078, 132.660324097, -22.3434867859, 59.7759361267, -28.5737247467, 1.55733907223, 4.61040210724, -1.04825329781, -1.51754879951, 0.318755596876, -6.00772285461, -0.412259459496, -3.42154598236]
        cov: [[2790.15942383, -757.240966797, -436.824432373, 47.0267219543, -207.299606323, -64.9030151367, -110.413497925, -18.0334014893, -67.3092346191, 10.7166900635, -41.5657653809, 4.15863513947, -27.0364398956], [-757.240966797, 1255.23400879, -228.888259888, 20.1087245941, 219.763870239, 3.75382041931, 106.484237671, 103.227592468, 137.665847778, -2.37388825417, 70.08228302, -69.5436019897, -1.25331962109], [-436.824432373, -228.888259888, 659.157348633, 62.0265731812, -7.2144203186, 78.2552719116, 45.0964126587, -11.7315187454, -40.3570785522, 2.08971619606, -19.9949398041, 51.907989502, 28.7655391693], [47.0267219543, 20.1087245941, 62.0265731812, 303.967041016, 102.660316467, -5.11625766754, -5.39270973206, 15.3281869888, 35.1951026917, 14.9204778671, 38.5947341919, 11.0571298599, 6.72370767593], [-207.299606323, 219.763870239, -7.2144203186, 102.660316467, 184.160995483, 52.190071106, 40.5591812134, 29.4475440979, 49.567440033, -0.535430848598, 20.8130207062, -12.133975029, 7.99943065643], [-64.9030151367, 3.75382041931, 78.2552719116, -5.11625766754, 52.190071106, 135.363067627, 58.0994606018, 33.9071502686, 18.2719993591, -4.13682937622, -14.9668216705, -10.7549467087, 5.20367288589], [-110.413497925, 106.484237671, 45.0964126587, -5.39270973206, 40.5591812134, 58.0994606018, 111.147209167, 57.7578811646, 24.5675582886, -7.56204175949, -1.29175269604, -12.4929418564, 10.1261587143], [-18.0334014893, 103.227592468, -11.7315187454, 15.3281869888, 29.4475440979, 33.9071502686, 57.7578811646, 100.920036316, 53.6723251343, 11.4218444824, 6.99359989166, -9.25110340118, -1.85023391247], [-67.3092346191, 137.665847778, -40.3570785522, 35.1951026917, 49.567440033, 18.2719993591, 24.5675582886, 53.6723251343, 79.6772003174, 34.4368591309, 24.0636482239, -7.97020673752, 0.849560379982], [10.7166900635, -2.37388825417, 2.08971619606, 14.9204778671, -0.535430848598, -4.13682937622, -7.56204175949, 11.4218444824, 34.4368591309, 64.8958969116, 29.4749279022, 12.1844644547, -0.71037709713], [-41.5657653809, 70.08228302, -19.9949398041, 38.5947341919, 20.8130207062, -14.9668216705, -1.29175269604, 6.99359989166, 24.0636482239, 29.4749279022, 61.1592788696, 28.0190639496, 11.8665618896], [4.15863513947, -69.5436019897, 51.907989502, 11.0571298599, -12.133975029, -10.7549467087, -12.4929418564, -9.25110340118, -7.97020673752, 12.1844644547, 28.0190639496, 65.7442016602, 30.7400398254], [-27.0364398956, -1.25331962109, 28.7655391693, 6.72370767593, 7.99943065643, 5.20367288589, 10.1261587143, -1.85023391247, 0.849560379982, -0.71037709713, 11.8665618896, 30.7400398254, 46.7709388733]]
        icov: [[0.000619483122136, 0.000365880754543, 0.000666025734972, -0.000497691857163, 0.00052198121557, -0.000252599595115, 1.7077443772e-05, -0.000459536910057, 0.000521451700479, -0.00035667757038, 0.00037080567563, -7.73646315793e-05, -0.000111345514597], [0.000365880754543, 0.00177440524567, 0.000450005405582, 0.000486226461362, -0.00124083727133, 0.00092915026471, -0.000684405502398, -0.000407688552514, -0.00143003405537, 0.00125998887233, -0.00206110579893, 0.00185732147656, -0.000499385641888], [0.000666025734972, 0.000450005405582, 0.00289417337626, -0.00140962854493, 0.000903109263163, -0.00142695032991, -0.00139942055102, 7.25282734493e-05, 0.00181615923066, -0.00165352353361, 0.00224702362902, -0.00240658503026, 8.33620142657e-05], [-0.000497691857163, 0.000486226461362, -0.00140962854493, 0.00563003355637, -0.00408956874162, 0.00194483972155, 0.00134776090272, -0.000723829260096, -0.00165990006644, 0.00148884800728, -0.00369654572569, 0.00157358427532, -9.80159529718e-05], [0.00052198121557, -0.00124083727133, 0.000903109263163, -0.00408956874162, 0.0120365759358, -0.00461332453415, -0.00116095528938, 0.00258008344099, -0.0038790772669, 0.00218413746916, -0.000171051957295, -0.000311572366627, -0.000539205328096], [-0.000252599595115, 0.00092915026471, -0.00142695032991, 0.00194483972155, -0.00461332453415, 0.0125798676163, -0.00425704941154, -0.000872667995282, -0.00201696017757, -8.04673709354e-06, 0.00208360748366, 0.00118361203931, -0.000516576343216], [1.7077443772e-05, -0.000684405502398, -0.00139942055102, 0.00134776090272, -0.00116095528938, -0.00425704941154, 0.0186459515244, -0.00989892706275, 0.00327722425573, 0.00197424623184, -0.00328969606198, 0.00562766846269, -0.00599154038355], [-0.000459536910057, -0.000407688552514, 7.25282734493e-05, -0.000723829260096, 0.00258008344099, -0.000872667995282, -0.00989892706275, 0.0232025645673, -0.0160097070038, 0.0032313298434, 0.00256193964742, -0.00472906511277, 0.00529778469354], [0.000521451700479, -0.00143003405537, 0.00181615923066, -0.00165990006644, -0.0038790772669, -0.00201696017757, 0.00327722425573, -0.0160097070038, 0.0386145114899, -0.0175041668117, -0.00208027730696, 0.00597880827263, -0.00543928751722], [-0.00035667757038, 0.00125998887233, -0.00165352353361, 0.00148884800728, 0.00218413746916, -8.04673709354e-06, 0.00197424623184, 0.0032313298434, -0.0175041668117, 0.0299698710442, -0.0122503293678, -0.000878624327015, 0.00441697333008], [0.00037080567563, -0.00206110579893, 0.00224702362902, -0.00369654572569, -0.000171051957295, 0.00208360748366, -0.00328969606198, 0.00256193964742, -0.00208027730696, -0.0122503293678, 0.0367800965905, -0.0180428735912, 0.00229818094522], [-7.73646315793e-05, 0.00185732147656, -0.00240658503026, 0.00157358427532, -0.000311572366627, 0.00118361203931, 0.00562766846269, -0.00472906511277, 0.00597880827263, -0.000878624327015, -0.0180428735912, 0.037469111383, -0.0203955583274], [-0.000111345514597, -0.000499385641888, 8.33620142657e-05, -9.80159529718e-05, -0.000539205328096, -0.000516576343216, -0.00599154038355, 0.00529778469354, -0.00543928751722, 0.00441697333008, 0.00229818094522, -0.0203955583274, 0.0359100587666]]
    spectral_contrast:
        mean: [-3.46261856521e-07, -7.42465076087e-08, -1.29779039071e-07, 8.51198578289e-08, 3.99288893504e-07, 6.67094923301e-07, 2.93445691568e-06, -1.40675945204e-06, -1.85351780146e-06, -2.90361754196e-06, -3.06479887513e-06, -3.73780585505e-06]
        var: [0.000387841690099, 0.000520874978974, 0.00100788415875, 0.00307729840279, 0.00422321073711, 0.00457782531157, 0.0543363429606, 0.11409497261, 0.159540608525, 0.324797064066, 0.592843174934, 1.27848815918]

rhythm:
    beats_loudness:
        dmean: 0.00135533162393
        dmean2: 0.00224547157995
        dvar: 9.34865965974e-07
        dvar2: 2.08751976061e-06
        max: 0.00960774067789
        mean: 0.00742413382977
        min: 0.00519392360002
        var: 1.72494037542e-06
    beats_loudness_bass:
        dmean: 0.373061090708
        dmean2: 0.747977256775
        dvar: 0.0159198548645
        dvar2: 0.0496413968503
        max: 0.79559648037
        mean: 0.437994271517
        min: 0.0307080633938
        var: 0.0497886464
    bpm: 128.206329346
    bpm_confidence: 0
    first_peak_bpm: 128
    first_peak_spread: 0
    first_peak_weight: 0.949999988079
    onset_rate: 6.69672012329
    second_peak_bpm: 119
    second_peak_spread: 0
    second_peak_weight: 0.0500000007451
    beats_position: [0.140153959394, 0.60882216692, 1.07749044895, 1.54615855217, 2.0148267746, 2.48349475861, 2.95216298103, 3.42083120346, 3.88949918747, 4.35816764832, 4.82683563232, 5.29550361633, 5.76417207718, 6.26672554016, 6.73412895203, 7.20153284073, 7.66893625259, 8.1363401413, 8.60374355316, 9.07114696503, 9.53855037689]
    bpm_estimates: [128.125396729, 128.030838013, 127.871742249, 127.831825256, 128.584136963, 128.058044434, 127.845375061, 128.037322998, 127.819946289, 128.262893677, 128.056259155, 127.997955322, 127.748291016, 129.350418091, 129.014434814, 129.420227051, 127.954277039, 127.921539307, 127.988998413]
    bpm_intervals: [0.468668222427, 0.468668282032, 0.468668103218, 0.468668222427, 0.468667984009, 0.468668222427, 0.468668222427, 0.468667984009, 0.468668460846, 0.468667984009, 0.468667984009, 0.468668460846, 0.502553462982, 0.467403411865, 0.467403888702, 0.467403411865, 0.467403888702, 0.467403411865, 0.467403411865, 0.467403411865]
    onset_times: [0.0580498874187, 0.290249437094, 0.383129239082, 0.53405892849, 0.777868509293, 0.847528338432, 1.07972788811, 1.24226760864, 1.31192743778, 1.47446715832, 1.71827661991, 1.78793644905, 2.04335594177, 2.17106580734, 2.2523355484, 2.42648530006, 2.51936507225, 2.65868473053, 2.72834467888, 2.96054410934, 3.12308382988, 3.19274377823, 3.36689352989, 3.43655323982, 3.59909296036, 3.66875290871, 3.84290242195, 4.06349229813, 4.14476203918, 4.29569149017, 4.41179132462, 4.53950119019, 4.60916090012, 4.85297060013, 5.00390005112, 5.08517026901, 5.23609972, 5.56117916107, 5.79337882996, 6.03718805313, 6.18811798096, 6.43192720413, 6.5015873909, 6.73378705978, 6.88471651077, 6.96598625183, 7.12852621078, 7.20979595184, 7.37233543396, 7.44199562073, 7.61614513397, 7.8251247406, 7.91800451279, 8.06893444061, 8.17342376709, 8.31274414062, 8.38240337372, 8.62621307373, 8.77714252472, 8.84680271149, 9.02095222473, 9.07900238037, 9.32281208038, 9.5666217804, 9.70594120026, 9.79882049561, 9.94975090027]
    rubato_start: []
    rubato_stop: []
    perceptual_tempo: "unknown"

sfx:
    inharmonicity:
        dmean: 0.0432274714112
        dmean2: 0.0752246007323
        dvar: 0.00377944880165
        dvar2: 0.0104256141931
        max: 0.371780276299
        mean: 0.0458735562861
        min: 0.000125582402688
        var: 0.00375672057271
    oddtoevenharmonicenergyratio:
        dmean: 2.45288801193
        dmean2: 4.64375972748
        dvar: 183.132583618
        dvar2: 545.629577637
        max: 192.706375122
        mean: 1.72179150581
        min: 0.000229565121117
        var: 94.1201934814
    pitch_after_max_to_before_max_energy_ratio: 96.6167297363
    pitch_centroid: 228.179794312
    pitch_max_to_total: 0.0348027832806
    pitch_min_to_total: 0.174013927579
    tristimulus:
        dmean: [0.197583332658, 0.239731937647, 0.150660455227]
        dmean2: [0.337029308081, 0.408594042063, 0.271125227213]
        dvar: [0.0330657102168, 0.0407224483788, 0.0325938351452]
        dvar2: [0.0752148479223, 0.112364023924, 0.0840498507023]
        max: [0.977467417717, 0.982748389244, 0.833860099316]
        mean: [0.38348081708, 0.439173787832, 0.147313505411]
        min: [0.00783197022974, 0, 0]
        var: [0.065673738718, 0.0603705085814, 0.0356363095343]

tonal:
    chords_changes_rate: 0.0230414755642
    chords_number_rate: 0.00921658985317
    chords_strength:
        dmean: 0.00570683088154
        dmean2: 0.00664931349456
        dvar: 2.08225847018e-05
        dvar2: 2.75631773548e-05
        max: 0.605783164501
        mean: 0.448068290949
        min: 0.38394638896
        var: 0.00209619197994
    key_strength: 0.56066685915
    tuning_diatonic_strength: 0.469893723726
    tuning_equal_tempered_deviation: 0.074558570981
    tuning_frequency: 438.224517822
    tuning_nontempered_energy_ratio: 0.691140890121
    hpcp:
        dmean: [0.111128203571, 0.141066998243, 0.109848208725, 0.102495916188, 0.070547901094, 0.0487099550664, 0.0577918589115, 0.0609605386853, 0.0711698532104, 0.101181492209, 0.108024775982, 0.0813543945551, 0.102407544851, 0.131635025144, 0.108390249312, 0.178167328238, 0.150372713804, 0.0570832900703, 0.0361539460719, 0.0303128920496, 0.0336758941412, 0.0464399904013, 0.0864547342062, 0.180967539549, 0.220296382904, 0.167488440871, 0.0866506993771, 0.0887964740396, 0.125287443399, 0.194024309516, 0.178334355354, 0.206474170089, 0.10300001502, 0.0676927343011, 0.0515136569738, 0.0646708384156]
        dmean2: [0.201703578234, 0.254100143909, 0.18629360199, 0.177398100495, 0.125529944897, 0.0839803144336, 0.0961410850286, 0.102361254394, 0.123201258481, 0.171778813004, 0.180470794439, 0.140483215451, 0.171450540423, 0.223663717508, 0.170297935605, 0.271046131849, 0.233687236905, 0.0945718884468, 0.0610191524029, 0.0511843301356, 0.0591320097446, 0.0860438644886, 0.150780588388, 0.31084561348, 0.367543250322, 0.285032868385, 0.145954757929, 0.152680560946, 0.221186637878, 0.323585629463, 0.289462655783, 0.33806142211, 0.186643198133, 0.122279882431, 0.0907960757613, 0.118462078273]
        dvar: [0.0262807514518, 0.0364721678197, 0.0237302910537, 0.0217669941485, 0.00715229613706, 0.00365173211321, 0.00609872909263, 0.00894871540368, 0.0107599720359, 0.0170411448926, 0.0207829996943, 0.0128340478987, 0.0148381395265, 0.0219994429499, 0.0136903356761, 0.0407818853855, 0.0326767340302, 0.00415809638798, 0.00229448336177, 0.00183499162085, 0.00543611636385, 0.0140427220613, 0.0237405188382, 0.0479717105627, 0.0718462988734, 0.0381486266851, 0.0205005630851, 0.0211549401283, 0.0346554592252, 0.0277828220278, 0.0572143048048, 0.0378385037184, 0.0305538866669, 0.0147506734356, 0.0033130988013, 0.00563515443355]
        dvar2: [0.0715703815222, 0.0947427973151, 0.0598358921707, 0.0529904440045, 0.0162104535848, 0.00952053721994, 0.0175089109689, 0.025021513924, 0.0286804977804, 0.0388262607157, 0.0503933317959, 0.0308962613344, 0.0327340438962, 0.0503731667995, 0.0309178382158, 0.0691900029778, 0.0530746243894, 0.0089746909216, 0.00562587380409, 0.00492569524795, 0.0156361442059, 0.0407267473638, 0.064015224576, 0.125636830926, 0.148975357413, 0.0813179090619, 0.0541316941381, 0.0541647188365, 0.0936921462417, 0.0714550763369, 0.112313255668, 0.0995595157146, 0.0848193839192, 0.0428889729083, 0.00944810267538, 0.0155440093949]
        max: [0.910366356373, 1, 1, 1, 0.487454295158, 0.363894879818, 0.715130507946, 0.774588465691, 0.880223155022, 0.781219899654, 0.816809296608, 0.643721282482, 0.79298377037, 0.920851588249, 0.710576176643, 1, 1, 0.558187365532, 0.375277012587, 0.280399739742, 0.528988301754, 0.867189824581, 1, 1, 1, 1, 0.791390180588, 0.900528550148, 1, 1, 1, 1, 1, 0.677109062672, 0.368469744921, 0.410807192326]
        mean: [0.115271233022, 0.135025367141, 0.124179922044, 0.127071484923, 0.091416478157, 0.0617879740894, 0.0712770074606, 0.0707337856293, 0.0867767184973, 0.129073694348, 0.129474461079, 0.0974352806807, 0.118061833084, 0.150370880961, 0.165826022625, 0.287495702505, 0.257023990154, 0.0871927961707, 0.0413257218897, 0.0308055914938, 0.0305969621986, 0.0361895561218, 0.0711267217994, 0.236552998424, 0.38255739212, 0.249631524086, 0.0870639234781, 0.0782802924514, 0.105534724891, 0.394624114037, 0.739331662655, 0.473929554224, 0.100655131042, 0.0631048306823, 0.0586574450135, 0.066851913929]
        min: [0, 0, 0, 0, 0, 0, 0, 0, 0, 0, 0, 0, 0, 0, 0, 0, 0, 0, 0, 0, 0, 0, 0, 0, 0, 0, 0, 0, 0, 0, 0, 0, 0, 0, 0, 0]
        var: [0.0241683125496, 0.0390552207828, 0.0257053915411, 0.0225889999419, 0.00846828240901, 0.00391183514148, 0.00616702903062, 0.00872059166431, 0.0111216278747, 0.0212705098093, 0.0240385867655, 0.014732892625, 0.0196569785476, 0.0296148266643, 0.0243834946305, 0.0860250964761, 0.0804682672024, 0.00885629281402, 0.00282932841219, 0.00187198468484, 0.0036879919935, 0.00806078314781, 0.0171549264342, 0.066862732172, 0.142970219254, 0.0647226050496, 0.0191673543304, 0.0198154710233, 0.0291479155421, 0.0583114586771, 0.121403127909, 0.0655041858554, 0.0213819686323, 0.0103248432279, 0.00439551146701, 0.00529618700966]
    chords_histogram: [0, 0, 97.695854187, 2.30414748192, 0, 0, 0, 0, 0, 0, 0, 0, 0, 0, 0, 0, 0, 0, 0, 0, 0, 0, 0, 0]
    thpcp: [1, 0.641024291515, 0.136143401265, 0.0853538885713, 0.0793384760618, 0.0904220864177, 0.15591275692, 0.182631656528, 0.167962402105, 0.171873450279, 0.123647451401, 0.0835727453232, 0.096407353878, 0.0956726074219, 0.117371842265, 0.174581587315, 0.175123646855, 0.13178832829, 0.159687235951, 0.203387588263, 0.224291786551, 0.388858914375, 0.347643703222, 0.11793461442, 0.0558960549533, 0.0416668094695, 0.0413846224546, 0.0489490143955, 0.0962040796876, 0.319955170155, 0.517436802387, 0.337644845247, 0.117760308087, 0.105879805982, 0.14274340868, 0.533757925034]
    chords_key: "G"
    chords_scale: "minor"
    key_key: "C"
    key_scale: "minor"
    chords_progression: ["Gm", "Gm", "Gm", "Gm", "Gm", "Gm", "Gm", "Gm", "Gm", "Gm", "Gm", "Gm", "Gm", "Gm", "Gm", "Gm", "Gm", "Gm", "Gm", "Gm", "Gm", "Gm", "Gm", "Gm", "Gm", "Gm", "Gm", "Gm", "Gm", "Gm", "Gm", "Gm", "Gm", "Gm", "Gm", "Gm", "Gm", "Gm", "Gm", "Gm", "Gm", "Gm", "Gm", "Gm", "Gm", "Gm", "Gm", "Gm", "Gm", "Gm", "Gm", "Gm", "Gm", "Gm", "Gm", "Gm", "Gm", "Gm", "Gm", "Gm", "Gm", "Gm", "Gm", "Gm", "Gm", "Gm", "Gm", "Gm", "Gm", "Gm", "Gm", "Gm", "Gm", "Gm", "Gm", "Gm", "Gm", "Gm", "Gm", "Gm", "Gm", "Gm", "Gm", "Gm", "Gm", "Gm", "Gm", "Gm", "Gm", "Gm", "Gm", "Gm", "Gm", "Gm", "Gm", "Gm", "Gm", "Gm", "Gm", "Gm", "Gm", "Gm", "Gm", "Gm", "Gm", "Gm", "Gm", "Gm", "Gm", "Gm", "Gm", "Gm", "Gm", "Gm", "Gm", "Gm", "Gm", "Gm", "Gm", "Gm", "Gm", "Gm", "Gm", "Gm", "Gm", "Gm", "Gm", "Gm", "Gm", "Gm", "Gm", "Gm", "Gm", "Gm", "Gm", "Gm", "Gm", "Gm", "Gm", "Gm", "Gm", "Gm", "Gm", "Gm", "Gm", "Gm", "Gm", "Gm", "Gm", "Gm", "Gm", "Gm", "Gm", "Gm", "Gm", "Gm", "Gm", "Gm", "Gm", "Gm", "Gm", "Gm", "Gm", "Gm", "Gm", "Gm", "Gm", "Gm", "Gm", "Gm", "Gm", "Gm", "Gm", "Gm", "Gm", "Gm", "Gm", "Gm", "Gm", "Gm", "Gm", "Gm", "Gm", "Gm", "Gm", "Gm", "Gm", "Gm", "Gm", "Gm", "Gm", "Gm", "Gm", "Gm", "Gm", "Gm", "Gm", "Gm", "Gm", "Gm", "Gm", "Gm", "A#", "A#", "Gm", "Gm", "Gm", "Gm", "Gm", "Gm", "Gm", "Gm", "A#", "Gm", "Gm", "A#", "A#"]
