
metadata:
    version:
        essentia: "1.2.2"
    audio_properties:
        analysis_sample_rate: 44100
        bitrate: 128
        channels: 2
        equal_loudness: 1
        length: 10.0310201645
        replay_gain: -6.78120994568
        downmix: "mix"
    tags:
        track: 41
        year: 0
        album: "Splitted by Mp3Splt v. 2.1"
        artist: "From 006.40 To 006.50"
        comment: "http://mp3splt.sf.net"
        genre: ""
        title: "09 The Same Deep Water as You."

highlevel:
    ballroom:
        all:
            ChaChaCha: 0.00400858186185
            Jive: 0.0184139274061
            Quickstep: 0.0157801471651
            Rumba-American: 0.00858227349818
            Rumba-International: 0.0361519865692
            Rumba-Misc: 0.0168696120381
            Samba: 0.00799379590899
            Tango: 0.151834771037
            VienneseWaltz: 0.548532605171
            Waltz: 0.1918322891
        probability: 0.548532605171
        value: "VienneseWaltz"
    culture:
        all:
            non_western: 0.00555429654196
            western: 0.994445681572
        probability: 0.994445681572
        value: "western"
    gender:
        all:
            female: 0.878457665443
            male: 0.121542356908
        probability: 0.878457665443
        value: "female"
    genre_dortmund:
        all:
            alternative: 0.116883009672
            blues: 0.103895112872
            electronic: 0.142560213804
            folkcountry: 0.279120564461
            funksoulrnb: 0.0402075722814
            jazz: 0.0664159953594
            pop: 0.0640415549278
            raphiphop: 0.00240379921161
            rock: 0.184472188354
        probability: 0.279120564461
        value: "folkcountry"
    genre_electronica:
        all:
            ambient: 0.693017303944
            dnb: 0.0268081873655
            house: 0.0184049010277
            techno: 0.0050088991411
            trance: 0.256760686636
        probability: 0.693017303944
        value: "ambient"
    genre_rosamerica:
        all:
            cla: 0.327685683966
            dan: 0.00982135999948
            hip: 0.00301884883083
            jaz: 0.015594560653
            pop: 0.0788685008883
            rhy: 0.0362021401525
            roc: 0.526610851288
            spe: 0.00219803256914
        probability: 0.526610851288
        value: "roc"
    genre_tzanetakis:
        all:
            blu: 0.0348033308983
            cla: 0.357715964317
            cou: 0.11280336231
            dis: 0.0178831089288
            hip: 0.00409128330648
            jaz: 0.0187634695321
            met: 0.01065481361
            pop: 0.0130630144849
            reg: 0.00924281869084
            roc: 0.420978844166
        probability: 0.420978844166
        value: "roc"
    live_studio:
        all:
            live: 0.075809456408
            studio: 0.92419052124
        probability: 0.92419052124
        value: "studio"
    mood:
        all:
            Cluster1: 0.124211341143
            Cluster2: 0.202585443854
            Cluster3: 0.524218976498
            Cluster4: 0.113057456911
            Cluster5: 0.0359267666936
        probability: 0.524218976498
        value: "Cluster3"
    mood_acoustic:
        all:
            acoustic: 0.0450660102069
            not_acoustic: 0.954934000969
        probability: 0.954934000969
        value: "not_acoustic"
    mood_aggressive:
        all:
            aggressive: 0.0598314665258
            not_aggressive: 0.940168559551
        probability: 0.940168559551
        value: "not_aggressive"
    mood_electronic:
        all:
            electronic: 0.242121100426
            not_electronic: 0.757878899574
        probability: 0.757878899574
        value: "not_electronic"
    mood_happy:
        all:
            happy: 0.628089010715
            not_happy: 0.371910959482
        probability: 0.628089010715
        value: "happy"
    mood_party:
        all:
            not_party: 0.931859612465
            party: 0.0681403651834
        probability: 0.931859612465
        value: "not_party"
    mood_relaxed:
        all:
            not_relaxed: 0.594555199146
            relaxed: 0.405444771051
        probability: 0.594555199146
        value: "not_relaxed"
    mood_sad:
        all:
            not_sad: 0.338120609522
            sad: 0.66187942028
        probability: 0.66187942028
        value: "sad"
    rhythm:
        all:
            fast: 0.101120963693
            medium: 0.0569227151573
            slow: 0.841956317425
        probability: 0.841956317425
        value: "slow"
    speech_music:
        all:
            music: 0.999443352222
            speech: 0.000556640268769
        probability: 0.999443352222
        value: "music"
    timbre:
        all:
            bright: 0.927223980427
            dark: 0.0727760121226
        probability: 0.927223980427
        value: "bright"
    voice_instrumental:
        all:
            instrumental: 0.968417286873
            voice: 0.0315827392042
        probability: 0.968417286873
        value: "instrumental"

lowlevel:
    average_loudness: 0.970548272133
    barkbands_kurtosis:
        dmean: 0.744510293007
        dmean2: 1.21557176113
        dvar: 0.694696545601
        dvar2: 1.8540405035
        max: 6.45495128632
        mean: -0.29310131073
        min: -1.7239882946
        var: 1.32561230659
    barkbands_skewness:
        dmean: 0.377300947905
        dmean2: 0.589114129543
        dvar: 0.107009485364
        dvar2: 0.2554461658
        max: 2.55321073532
        mean: 0.455550193787
        min: -1.81435191631
        var: 0.493616610765
    barkbands_spread:
        dmean: 3.87213087082
        dmean2: 6.25892686844
        dvar: 10.4297065735
        dvar2: 29.0987071991
        max: 42.3030395508
        mean: 22.2106647491
        min: 6.89368581772
        var: 34.7475357056
    dissonance:
        dmean: 0.0282420292497
        dmean2: 0.0481953881681
        dvar: 0.000502451497596
        dvar2: 0.00139707315248
        max: 0.496970325708
        mean: 0.443715691566
        min: 0.262750357389
        var: 0.00115525664296
    hfc:
        dmean: 1.75361180305
        dmean2: 2.7920820713
        dvar: 7.11995315552
        dvar2: 16.8983211517
        max: 26.9825820923
        mean: 5.44445705414
        min: 0.991801321507
        var: 16.2875118256
    pitch:
        dmean: 126.050292969
        dmean2: 240.979324341
        dvar: 130256.15625
        dvar2: 377387.0625
        max: 4009.09082031
        mean: 323.368011475
        min: 83.6812133789
        var: 76906.921875
    pitch_instantaneous_confidence:
        dmean: 0.0821464136243
        dmean2: 0.134953558445
        dvar: 0.00605276925489
        dvar2: 0.0131190204993
        max: 0.923229634762
        mean: 0.503205776215
        min: 0.205682456493
        var: 0.0311964266002
    pitch_salience:
        dmean: 0.0565571784973
        dmean2: 0.093850761652
        dvar: 0.00235371501185
        dvar2: 0.00662670563906
        max: 0.79001891613
        mean: 0.573787748814
        min: 0.374570339918
        var: 0.0051371329464
    silence_rate_20dB:
        dmean: 0
        dmean2: 0
        dvar: 0
        dvar2: 0
        max: 1
        mean: 1
        min: 1
        var: 0
    silence_rate_30dB:
        dmean: 0
        dmean2: 0
        dvar: 0
        dvar2: 0
        max: 1
        mean: 1
        min: 1
        var: 0
    silence_rate_60dB:
        dmean: 0.1252900213
        dmean2: 0.248837202787
        dvar: 0.109592348337
        dvar2: 0.224126920104
        max: 1
        mean: 0.307870358229
        min: 0
        var: 0.213086396456
    spectral_centroid:
        dmean: 166.965896606
        dmean2: 264.686096191
        dvar: 20482.6191406
        dvar2: 51793.1875
        max: 2070.43701172
        mean: 1147.28186035
        min: 482.828338623
        var: 98812.625
    spectral_complexity:
        dmean: 2.02330994606
        dmean2: 3.25934576988
        dvar: 2.94118213654
        dvar2: 6.80889940262
        max: 23
        mean: 12.1395349503
        min: 5
        var: 8.72937679291
    spectral_crest:
        dmean: 1.95904147625
        dmean2: 3.31860780716
        dvar: 3.2193543911
        dvar2: 8.36305236816
        max: 17.9235553741
        mean: 7.14161539078
        min: 3.03044629097
        var: 6.7145614624
    spectral_decrease:
        dmean: 3.2664834726e-10
        dmean2: 5.00588182017e-10
        dvar: 1.92921421411e-19
        dvar2: 4.61260259689e-19
        max: -2.3683141559e-10
        mean: -1.07938180616e-09
        min: -4.75532990762e-09
        var: 3.41152393975e-19
    spectral_energy:
        dmean: 0.00137272104621
        dmean2: 0.00211109174415
        dvar: 3.39612279276e-06
        dvar2: 8.0418330981e-06
        max: 0.0188025627285
        mean: 0.00456766271964
        min: 0.000983814359643
        var: 6.32564979242e-06
    spectral_energyband_high:
        dmean: 2.93534722005e-05
        dmean2: 4.71459061373e-05
        dvar: 1.69092229108e-09
        dvar2: 3.41838979345e-09
        max: 0.000578227685764
        mean: 7.20422831364e-05
        min: 9.3612834462e-06
        var: 5.98764504645e-09
    spectral_energyband_low:
        dmean: 9.93097346509e-05
        dmean2: 0.000163592310855
        dvar: 2.59330121821e-08
        dvar2: 6.56801404375e-08
        max: 0.0014374551829
        mean: 0.000165818113601
        min: 4.93420793646e-06
        var: 3.10079713017e-08
    spectral_energyband_middle_high:
        dmean: 0.000890739378519
        dmean2: 0.00139543775003
        dvar: 1.88010028523e-06
        dvar2: 4.34536696048e-06
        max: 0.0132462568581
        mean: 0.00228911451995
        min: 0.000279036408756
        var: 4.41674865215e-06
    spectral_energyband_middle_low:
        dmean: 0.000689251814038
        dmean2: 0.00110707106069
        dvar: 1.49548429818e-06
        dvar2: 3.79577090825e-06
        max: 0.0159578006715
        mean: 0.00204067933373
        min: 0.000389163411455
        var: 1.86615420716e-06
    spectral_flatness_db:
        dmean: 0.0156928095967
        dmean2: 0.0245782192796
        dvar: 0.000196148714167
        dvar2: 0.000495364540257
        max: 0.265793949366
        mean: 0.181890755892
        min: 0.122739553452
        var: 0.000707897706889
    spectral_flux:
        dmean: 0.00789832696319
        dmean2: 0.0129166310653
        dvar: 9.82477140496e-05
        dvar2: 0.000238895663642
        max: 0.112321764231
        mean: 0.0351711511612
        min: 0.0179330408573
        var: 0.000163301127031
    spectral_kurtosis:
        dmean: 2.75996232033
        dmean2: 4.68192625046
        dvar: 6.51443910599
        dvar2: 20.3271350861
        max: 24.4089565277
        mean: 7.10440826416
        min: 1.59541559219
        var: 12.2843446732
    spectral_rms:
        dmean: 0.000296414684271
        dmean2: 0.00044773684931
        dvar: 1.06835877034e-07
        dvar2: 2.38726357793e-07
        max: 0.00428298534825
        mean: 0.00204556481913
        min: 0.000979703501798
        var: 2.71921095418e-07
    spectral_rolloff:
        dmean: 391.110931396
        dmean2: 682.97454834
        dvar: 166010.375
        dvar2: 427818.21875
        max: 3552.97851562
        mean: 2159.67993164
        min: 495.263671875
        var: 365826.5625
    spectral_skewness:
        dmean: 0.279048621655
        dmean2: 0.46435123682
        dvar: 0.0532351844013
        dvar2: 0.16074064374
        max: 3.09764671326
        mean: 1.76205527782
        min: 0.930241882801
        var: 0.137340202928
    spectral_spread:
        dmean: 270169.21875
        dmean2: 402704
        dvar: 72343707648
        dvar2: 139494965248
        max: 5285422.5
        mean: 2932342.75
        min: 1822039.5
        var: 454139117568
    spectral_strongpeak:
        dmean: 0.613797128201
        dmean2: 1.0484623909
        dvar: 0.688597261906
        dvar2: 1.69459152222
        max: 7.41068696976
        mean: 1.04520237446
        min: 0.0298069752753
        var: 1.40929365158
    zerocrossingrate:
        dmean: 0.0058741713874
        dmean2: 0.00742461299524
        dvar: 2.0517680241e-05
        dvar2: 2.97788883472e-05
        max: 0.10107421875
        mean: 0.0684399977326
        min: 0.03173828125
        var: 0.000184775184607
    barkbands:
        dmean: [3.88088551517e-07, 2.70344025921e-05, 8.70090079843e-05, 0.000189173646504, 0.000279137020698, 0.000238163134782, 0.00020796591707, 0.000124932761537, 0.000108384090709, 0.000136828937684, 0.000221700553084, 0.00011655563867, 7.85690644989e-05, 0.000148513892782, 0.00017635646509, 0.000243726652116, 0.000254734215559, 7.00674936525e-05, 6.66044725222e-05, 4.10106622439e-05, 1.66499667102e-05, 3.89115893995e-06, 4.90326726776e-07, 1.20175073448e-07, 4.83367230686e-08, 4.28318669421e-09, 2.10367820386e-10]
        dmean2: [5.28188820681e-07, 4.21440527134e-05, 0.000151252519572, 0.000326569046592, 0.000487991695991, 0.000397293362767, 0.000295767298667, 0.000209782476304, 0.000167630962096, 0.000209895093576, 0.000313717348035, 0.000173672349774, 0.000120294484077, 0.000212396975257, 0.000278606254142, 0.000421910983277, 0.000440274685388, 0.000119873198855, 0.000108266729512, 6.6605869506e-05, 2.76806986221e-05, 6.29918986306e-06, 7.97853147105e-07, 1.5940713638e-07, 6.72292372883e-08, 5.68318014871e-09, 3.86484871884e-10]
        dvar: [8.37108756879e-13, 4.8637174288e-09, 2.09363530956e-08, 1.84929163538e-07, 1.34238419491e-07, 3.66419129705e-07, 4.54943069883e-08, 1.54652575191e-08, 1.67611187152e-08, 2.59950745374e-08, 3.14170790716e-07, 5.79511016952e-08, 6.22159319619e-08, 1.54894721049e-07, 1.44192483731e-07, 4.51796438483e-07, 2.08463958984e-07, 1.50419658951e-08, 5.82872416999e-09, 3.9010203956e-09, 3.01619562659e-10, 1.75886596954e-11, 1.21409913373e-12, 7.58816905253e-14, 1.72505527251e-14, 7.23808380798e-17, 8.01020120952e-20]
        dvar2: [1.32885705478e-12, 1.13756977171e-08, 5.84933914638e-08, 5.15996077866e-07, 3.72118819314e-07, 9.33085232191e-07, 9.69235074422e-08, 4.15581205004e-08, 3.41362280665e-08, 4.76994266307e-08, 6.86780651904e-07, 1.0765540992e-07, 1.39500144769e-07, 2.72483703156e-07, 2.95909273973e-07, 1.33314404138e-06, 5.36088577974e-07, 4.31239683962e-08, 1.48977878922e-08, 9.27180732191e-09, 6.73517686067e-10, 3.8713161149e-11, 2.27278764385e-12, 1.01561337465e-13, 2.93492037314e-14, 1.28265881565e-16, 2.47053826756e-19]
        max: [8.78742594068e-06, 0.000501804926898, 0.00113966502249, 0.00451144343242, 0.00344314146787, 0.00764195108786, 0.00219604326412, 0.0011873486219, 0.00108169217128, 0.00192787637934, 0.00530973449349, 0.00252698548138, 0.00345294782892, 0.00511861452833, 0.00384791521356, 0.00698970491067, 0.00592881813645, 0.0013948463602, 0.000813349848613, 0.000720179756172, 0.000210125450394, 5.83475120948e-05, 1.48467142935e-05, 3.88027456211e-06, 1.89367392522e-06, 1.04072917395e-07, 2.47044451562e-09]
        mean: [4.54142622175e-07, 2.74845860986e-05, 0.000137893497595, 0.000265858252533, 0.000452743814094, 0.000402149104048, 0.000487160345074, 0.000214667146793, 0.000177189009264, 0.000237944041146, 0.000319431681419, 0.000178859991138, 0.000104149177787, 0.000247783900704, 0.000254296523053, 0.000337213277817, 0.00033676440944, 0.000123766687466, 0.000135721667903, 7.78101530159e-05, 3.736355211e-05, 9.48828710534e-06, 1.07477239908e-06, 2.85384544441e-07, 1.07664959614e-07, 6.63135546475e-09, 1.89764717828e-10]
        min: [1.88598692219e-10, 1.27182417486e-07, 1.21456332636e-06, 3.9709889279e-06, 1.68947208294e-05, 8.86573616299e-06, 1.33440407808e-05, 7.70203951106e-06, 3.83499127565e-06, 9.89891577774e-06, 2.30853174799e-06, 1.66866334439e-06, 3.43804208569e-06, 1.78608559054e-06, 5.13108216182e-06, 5.98510041527e-06, 1.29861446112e-05, 5.86750502407e-06, 1.42049211718e-05, 5.31402974957e-06, 3.73086072614e-06, 1.05196511413e-06, 4.38227658606e-08, 9.853276417e-09, 1.94234939244e-09, 1.29420058004e-10, 1.21641184538e-12]
        var: [1.44930139938e-12, 5.30475841032e-09, 2.16252118435e-08, 1.57157401759e-07, 2.24144827143e-07, 4.06690560339e-07, 1.63956713095e-07, 3.19980024699e-08, 3.40366881346e-08, 6.18454691903e-08, 5.32142848897e-07, 1.1740538497e-07, 7.41580734598e-08, 4.12667617411e-07, 2.79130148328e-07, 6.50670074265e-07, 2.62518511818e-07, 1.79317733995e-08, 1.30285453537e-08, 8.84089956799e-09, 1.04819586344e-09, 7.51228107498e-11, 4.4208981094e-12, 3.36552617372e-13, 6.1296257512e-14, 1.51839218769e-16, 6.67560215984e-20]
    mfcc:
        mean: [-735.505981445, 159.356109619, -76.0529327393, 51.4307861328, -25.5035972595, -7.83501338959, -17.4082889557, -8.3047208786, -4.66827917099, -9.35356807709, -10.0091991425, -7.65226697922, -4.12435483932]
        cov: [[693.953674316, -320.985748291, 141.074203491, -67.014465332, 87.249420166, -10.9878377914, 35.5339698792, -45.9464035034, -38.142906189, -17.7347259521, -34.7442092896, -2.38536953926, 15.2993612289], [-320.985748291, 402.55960083, -154.071258545, -16.4220352173, -17.6936149597, 49.584980011, 23.1970062256, 23.6413402557, 5.9864654541, -14.3150806427, 20.4412078857, 54.4278144836, 1.57215583324], [141.074203491, -154.071258545, 344.470611572, 33.8617095947, -20.022693634, -25.7411880493, 41.724811554, -5.46760797501, -29.9723243713, -27.3923683167, -24.8265590668, -2.09708929062, 9.98322296143], [-67.014465332, -16.4220352173, 33.8617095947, 142.927001953, 11.2687273026, -30.7907314301, -49.7961730957, 16.2070713043, 38.9258842468, 23.957233429, 0.324392735958, -36.0468902588, 17.2885932922], [87.249420166, -17.6936149597, -20.022693634, 11.2687273026, 133.498153687, 18.539390564, -9.30993556976, -17.6036605835, 13.9962816238, 8.28479671478, 1.65874743462, 5.90092277527, 25.3862323761], [-10.9878377914, 49.584980011, -25.7411880493, -30.7907314301, 18.539390564, 76.7343902588, 37.0868186951, -10.2584991455, -11.4853696823, 5.53232955933, 15.006319046, 31.0880432129, -0.549048364162], [35.5339698792, 23.1970062256, 41.724811554, -49.7961730957, -9.30993556976, 37.0868186951, 120.510314941, 17.7403182983, -39.0248413086, -17.5931167603, 21.2754135132, 45.0833244324, 3.68133163452], [-45.9464035034, 23.6413402557, -5.46760797501, 16.2070713043, -17.6036605835, -10.2584991455, 17.7403182983, 69.126373291, 29.8067245483, 9.00264835358, 15.4460325241, 10.8989915848, 6.71729278564], [-38.142906189, 5.9864654541, -29.9723243713, 38.9258842468, 13.9962816238, -11.4853696823, -39.0248413086, 29.8067245483, 101.151222229, 58.831817627, 14.9570417404, -7.9327955246, 4.28772115707], [-17.7347259521, -14.3150806427, -27.3923683167, 23.957233429, 8.28479671478, 5.53232955933, -17.5931167603, 9.00264835358, 58.831817627, 97.2969360352, 39.1725120544, 5.34798622131, -5.18995714188], [-34.7442092896, 20.4412078857, -24.8265590668, 0.324392735958, 1.65874743462, 15.006319046, 21.2754135132, 15.4460325241, 14.9570417404, 39.1725120544, 73.1726379395, 39.9444465637, 2.41441082954], [-2.38536953926, 54.4278144836, -2.09708929062, -36.0468902588, 5.90092277527, 31.0880432129, 45.0833244324, 10.8989915848, -7.9327955246, 5.34798622131, 39.9444465637, 98.2914581299, 11.6871490479], [15.2993612289, 1.57215583324, 9.98322296143, 17.2885932922, 25.3862323761, -0.549048364162, 3.68133163452, 6.71729278564, 4.28772115707, -5.18995714188, 2.41441082954, 11.6871490479, 55.965637207]]
        icov: [[0.00315421423875, 0.00242829066701, -0.000175557244802, 0.00145625614095, -0.00183270056732, 0.000562429602724, -0.00109964655712, 0.000724728917703, -8.8353168394e-05, -0.000115557239042, 0.00144211947918, -0.000920884660445, -0.000400696822908], [0.00242829066701, 0.005716629792, 0.00177693739533, -0.000152379026986, -0.000273412413662, -0.00149769266136, -0.00139480386861, 0.00022864388302, -0.00108087458648, 0.0017917441437, 0.00165891903453, -0.00286161131226, -0.000145697791595], [-0.000175557244802, 0.00177693739533, 0.00474395556375, -0.00262141786516, 0.00117525609676, 0.00100197363645, -0.00308565818705, 0.00138932862319, -0.000340456521371, 0.000840969209094, 0.00205713231117, -0.00186958990525, -0.000119674266898], [0.00145625614095, -0.000152379026986, -0.00262141786516, 0.0123343737796, -0.00201289402321, 0.0013235823717, 0.00406207656488, -0.00292355776764, -0.000232513441006, -0.00187767937314, -0.00206978060305, 0.00410922337323, -0.00365186366253], [-0.00183270056732, -0.000273412413662, 0.00117525609676, -0.00201289402321, 0.0108829699457, -0.00310821621679, 0.000324249151163, 0.00322057818994, -0.0026308442466, 0.00103568984196, -0.000439413619461, -0.000390145432903, -0.00405604299158], [0.000562429602724, -0.00149769266136, 0.00100197363645, 0.0013235823717, -0.00310821621679, 0.0208001323044, -0.00652970187366, 0.0051286322996, 0.000171167601366, -0.00289977970533, 0.000673776550684, -0.00283844955266, 0.00101027346682], [-0.00109964655712, -0.00139480386861, -0.00308565818705, 0.00406207656488, 0.000324249151163, -0.00652970187366, 0.0181389860809, -0.0087245889008, 0.00670324452221, -0.000274661695585, -0.00403682468459, -0.000832067453302, -0.000912858406082], [0.000724728917703, 0.00022864388302, 0.00138932862319, -0.00292355776764, 0.00322057818994, 0.0051286322996, -0.0087245889008, 0.0245380476117, -0.0109394658357, 0.00431512948126, -0.00205448362976, -0.00177470315248, -0.00163358193822], [-8.8353168394e-05, -0.00108087458648, -0.000340456521371, -0.000232513441006, -0.0026308442466, 0.000171167601366, 0.00670324452221, -0.0109394658357, 0.023347530514, -0.0129713900387, 0.00249659200199, 0.000432813656516, -0.000935523188673], [-0.000115557239042, 0.0017917441437, 0.000840969209094, -0.00187767937314, 0.00103568984196, -0.00289977970533, -0.000274661695585, 0.00431512948126, -0.0129713900387, 0.0230828542262, -0.0105926543474, 0.000493776984513, 0.0029014153406], [0.00144211947918, 0.00165891903453, 0.00205713231117, -0.00206978060305, -0.000439413619461, 0.000673776550684, -0.00403682468459, -0.00205448362976, 0.00249659200199, -0.0105926543474, 0.0265471618623, -0.00974842812866, 0.000266540446319], [-0.000920884660445, -0.00286161131226, -0.00186958990525, 0.00410922337323, -0.000390145432903, -0.00283844955266, -0.000832067453302, -0.00177470315248, 0.000432813656516, 0.000493776984513, -0.00974842812866, 0.0191179011017, -0.0037460536696], [-0.000400696822908, -0.000145697791595, -0.000119674266898, -0.00365186366253, -0.00405604299158, 0.00101027346682, -0.000912858406082, -0.00163358193822, -0.000935523188673, 0.0029014153406, 0.000266540446319, -0.0037460536696, 0.022348580882]]
    spectral_contrast:
        mean: [2.63006569412e-07, 2.33445746289e-07, 2.68220894384e-08, -3.59781836323e-07, 1.11689402615e-07, 2.04830328698e-07, 7.21008291293e-07, 2.70802615887e-06, 1.14115174199e-07, 2.66723850473e-06, -2.26767951972e-06, -1.58886234658e-06]
        var: [0.000350033689756, 0.000756570952944, 0.00156502157915, 0.00238649640232, 0.00309769948944, 0.00477034552023, 0.0376755706966, 0.0585099570453, 0.0873448625207, 0.154894128442, 0.365516543388, 1.48671913147]

rhythm:
    beats_loudness:
        dmean: 0.00240328768268
        dmean2: 0.00400022370741
        dvar: 4.57268333776e-06
        dvar2: 7.08100469637e-06
        max: 0.0102616259828
        mean: 0.00655125686899
        min: 0.00241973763332
        var: 5.88182047068e-06
    beats_loudness_bass:
        dmean: 0.0632686391473
        dmean2: 0.115316338837
        dvar: 0.00193526933435
        dvar2: 0.00430665072054
        max: 0.203550338745
        mean: 0.0912487879395
        min: 0.0223376937211
        var: 0.00299021275714
    bpm: 100.389541626
    bpm_confidence: 0
    first_peak_bpm: 100
    first_peak_spread: 0
    first_peak_weight: 0.9375
    onset_rate: 2.8910317421
    second_peak_bpm: 92
    second_peak_spread: 0
    second_peak_weight: 0.0625
    beats_position: [0.197209402919, 0.794962048531, 1.39271473885, 1.99046730995, 2.58821988106, 3.18597245216, 3.78372502327, 4.38147783279, 4.9792304039, 5.57698297501, 6.2265253067, 6.82407236099, 7.42161846161, 8.01916503906, 8.61671161652, 9.2142572403, 9.81180381775]
    bpm_estimates: [100.526443481, 100.379798889, 100.244056702, 100.36555481, 101.343650818, 100.301383972, 99.5599822998, 100.388000488, 100.291275024, 100.36681366, 100.412223816, 100.382072449, 100.556098938, 100.336181641]
    bpm_intervals: [0.597752630711, 0.597752690315, 0.597752571106, 0.597752571106, 0.597752571106, 0.597752571106, 0.597752809525, 0.597752571106, 0.597752571106, 0.649542331696, 0.597547054291, 0.597546100616, 0.597546577454, 0.597546577454, 0.597545623779, 0.597546577454]
    onset_times: [0.0580498874187, 0.220589563251, 0.487619042397, 0.615328788757, 0.650158703327, 0.789478480816, 1.39319729805, 1.83437645435, 2.29877543449, 2.60063481331, 2.89088439941, 3.03020405769, 3.19274377823, 3.79646253586, 4.37696123123, 4.67882108688, 5.01551008224, 5.59600925446, 6.19972801208, 6.52480745316, 7.10530614853, 7.69741487503, 7.99927425385, 8.32435417175, 8.60299301147, 9.03256225586, 9.24154186249, 9.46213150024, 9.83365058899]
    rubato_start: []
    rubato_stop: []
    perceptual_tempo: "unknown"

sfx:
    inharmonicity:
        dmean: 0.0398674048483
        dmean2: 0.0700863748789
        dvar: 0.00217474042438
        dvar2: 0.00635123858228
        max: 0.329847097397
        mean: 0.0413960404694
        min: 0.000167722653714
        var: 0.0019942773506
    oddtoevenharmonicenergyratio:
        dmean: 2.8931221962
        dmean2: 5.56381940842
        dvar: 222.1927948
        dvar2: 664.257324219
        max: 212.966781616
        mean: 1.81082391739
        min: 0.000525739393197
        var: 113.868263245
    pitch_after_max_to_before_max_energy_ratio: 1.39161014557
    pitch_centroid: 221.852722168
    pitch_max_to_total: 0.31627908349
    pitch_min_to_total: 0.746511638165
    tristimulus:
        dmean: [0.213449656963, 0.217245072126, 0.0893536433578]
        dmean2: [0.373162209988, 0.385203033686, 0.157089501619]
        dvar: [0.0329193286598, 0.035450335592, 0.00652425177395]
        dvar2: [0.0906953811646, 0.102169819176, 0.0178391039371]
        max: [0.950075209141, 0.99645781517, 0.571343183517]
        mean: [0.385266333818, 0.506047725677, 0.100732252002]
        min: [0.00224439823069, 0, 0]
        var: [0.0512920618057, 0.0486663170159, 0.00860663782805]

tonal:
    chords_changes_rate: 0.0277777779847
    chords_number_rate: 0.0231481473893
    chords_strength:
        dmean: 0.00707265269011
        dmean2: 0.00603917706758
        dvar: 2.64824175247e-05
        dvar2: 3.02987609757e-05
        max: 0.644696652889
        mean: 0.540332376957
        min: 0.361901879311
        var: 0.00331472116522
    key_strength: 0.696540355682
    tuning_diatonic_strength: 0.530214726925
    tuning_equal_tempered_deviation: 0.0476423949003
    tuning_frequency: 442.03793335
    tuning_nontempered_energy_ratio: 0.638599038124
    hpcp:
        dmean: [0.171215578914, 0.129616737366, 0.0425635464489, 0.0364407263696, 0.0368551015854, 0.0949224978685, 0.177513509989, 0.152350708842, 0.121321335435, 0.155244410038, 0.149199306965, 0.0924749523401, 0.081788636744, 0.0751051008701, 0.139918997884, 0.156051248312, 0.104087084532, 0.070871591568, 0.0783297419548, 0.0776175633073, 0.15665088594, 0.214355111122, 0.15073171258, 0.041496258229, 0.0105696329847, 0.00927277933806, 0.0220552310348, 0.0367716141045, 0.0469982251525, 0.0856327414513, 0.12705694139, 0.091091811657, 0.0391926690936, 0.0340960845351, 0.0446094237268, 0.126933455467]
        dmean2: [0.296564698219, 0.213700771332, 0.0708708241582, 0.0651759728789, 0.0642517209053, 0.14488747716, 0.278884381056, 0.246382370591, 0.196042224765, 0.255703151226, 0.243774056435, 0.160214841366, 0.135614782572, 0.130388274789, 0.231933102012, 0.260451942682, 0.180467635393, 0.124176964164, 0.13395537436, 0.136238440871, 0.253632187843, 0.341086357832, 0.250120699406, 0.0733427628875, 0.0180316343904, 0.0147952167317, 0.0366109646857, 0.0603748783469, 0.0773957073689, 0.133534803987, 0.205519542098, 0.156255483627, 0.0636238902807, 0.0541228987277, 0.0745130479336, 0.206102803349]
        dvar: [0.0441153235734, 0.0173898208886, 0.00361260958016, 0.00690652569756, 0.00477448571473, 0.00816789083183, 0.0330660715699, 0.0239534713328, 0.0182592384517, 0.0378707870841, 0.0330951362848, 0.0114732040092, 0.020280642435, 0.0132241463289, 0.0301384031773, 0.0346322245896, 0.0226204991341, 0.0259944628924, 0.026205567643, 0.0111260060221, 0.0244269948453, 0.0562926270068, 0.0253201313317, 0.00362300383858, 0.00032623228617, 0.000225295385462, 0.00096857373137, 0.00265092705376, 0.00285515654832, 0.00696776434779, 0.0244074352086, 0.0238717496395, 0.00291547295637, 0.00259245047346, 0.00370337767527, 0.0185692571104]
        dvar2: [0.0968539491296, 0.0434930585325, 0.00851980224252, 0.0194415710866, 0.013227536343, 0.0172241255641, 0.0709743723273, 0.062313247472, 0.0473331809044, 0.0847052484751, 0.0838371887803, 0.0289942733943, 0.0447870343924, 0.0352935232222, 0.0821121484041, 0.08708332479, 0.0593821033835, 0.0577797219157, 0.0560520291328, 0.0273110885173, 0.055200971663, 0.12060046196, 0.0668410882354, 0.0109313763678, 0.000934820389375, 0.000557330902666, 0.00251044589095, 0.00662739900872, 0.00645721703768, 0.0179830174893, 0.0633079484105, 0.0589514449239, 0.00683364691213, 0.00524621037766, 0.0077676679939, 0.0406399965286]
        max: [1, 0.988124012947, 0.382998347282, 0.55159008503, 0.532362401485, 0.619513213634, 1, 1, 1, 1, 1, 0.778700351715, 1, 0.831890523434, 1, 1, 1, 1, 1, 0.618667423725, 0.999727666378, 1, 1, 0.379861652851, 0.129200965166, 0.139914572239, 0.250841885805, 0.575523257256, 0.501172184944, 1, 1, 1, 0.412666380405, 0.594775080681, 0.543151199818, 1]
        mean: [0.472963362932, 0.266136586666, 0.0468382500112, 0.0314893461764, 0.0367247797549, 0.186386868358, 0.41532227397, 0.31065428257, 0.194963678718, 0.350248843431, 0.278622508049, 0.135558977723, 0.133102655411, 0.102000683546, 0.210710346699, 0.274584382772, 0.140254631639, 0.0779359638691, 0.0926529541612, 0.0924858227372, 0.302435725927, 0.503664135933, 0.282290190458, 0.0453731827438, 0.0133240241557, 0.0121353147551, 0.0308456346393, 0.0564646944404, 0.0779944956303, 0.155458822846, 0.22623462975, 0.147355780005, 0.0603906922042, 0.0492432080209, 0.0591700263321, 0.277663946152]
        min: [0.0031166698318, 0.00276898988523, 0.00121637724806, 0.000987029983662, 0.00118913326878, 0.00248304544948, 0.00891194120049, 0.00355396233499, 0.00207777391188, 0.000687921536155, 0.00219519110397, 0.00497740553692, 0.00102348113433, 0.00109155487735, 0.00290002324618, 0.00168000569101, 0.00177742296364, 0.00114198680967, 0.000576037156861, 0.00166002952028, 0.0290935263038, 0.00790347717702, 0.00972362048924, 0.000248436146649, 0.00036423758138, 0.000476272805827, 0.000605601409916, 0.000793439918198, 0.00182248384226, 0.0157333593816, 0.00635147141293, 0.00296080252156, 0.00129471125547, 0.0010164140258, 0.0010246190941, 0.00122470001224]
        var: [0.139117971063, 0.0493885912001, 0.00389125896618, 0.00455094594508, 0.00369996973313, 0.025418875739, 0.116950474679, 0.0690972805023, 0.0338094867766, 0.137929052114, 0.0945998579264, 0.0189505591989, 0.0467960387468, 0.0150945726782, 0.052139416337, 0.0799789056182, 0.0288960598409, 0.0272229108959, 0.0338019765913, 0.0161961577833, 0.0512244962156, 0.127827361226, 0.0465786717832, 0.00348750967532, 0.000377117103199, 0.000288947834633, 0.00144367676694, 0.005061769858, 0.00634481944144, 0.0225265305489, 0.0584684461355, 0.0485756248236, 0.00476197572425, 0.00468649202958, 0.00591628486291, 0.0579659864306]
    chords_histogram: [38.8888893127, 20.3703708649, 13.4259262085, 8.79629611969, 0, 0, 0, 18.5185184479, 0, 0, 0, 0, 0, 0, 0, 0, 0, 0, 0, 0, 0, 0, 0, 0]
    thpcp: [1, 0.56047308445, 0.0900861918926, 0.0264541842043, 0.024094061926, 0.0612424686551, 0.11210783571, 0.154854178429, 0.308655738831, 0.44917756319, 0.292567551136, 0.119902707636, 0.0977699309587, 0.117479130626, 0.551287889481, 0.939045131207, 0.52840089798, 0.0929950103164, 0.0625205263495, 0.0729152187705, 0.370061814785, 0.824601650238, 0.616788566113, 0.387090653181, 0.695401608944, 0.553191065788, 0.269145578146, 0.264268666506, 0.202517271042, 0.418354868889, 0.545173585415, 0.278468579054, 0.154737964272, 0.18395781517, 0.183625981212, 0.600471019745]
    chords_key: "A"
    chords_scale: "minor"
    key_key: "A"
    key_scale: "minor"
    chords_progression: ["C", "C", "C", "C", "C", "C", "C", "C", "C", "C", "C", "C", "C", "C", "C", "Am", "Am", "Am", "Am", "Am", "Am", "Am", "Am", "Am", "Am", "Am", "Am", "Am", "Am", "Am", "Am", "Am", "Am", "Am", "Am", "Am", "Am", "Am", "Am", "Am", "Am", "Am", "Am", "Am", "Am", "Am", "Am", "Am", "Am", "Am", "Am", "Am", "Am", "Am", "Am", "Am", "Am", "Am", "Am", "Am", "Am", "Am", "Am", "Am", "Am", "Am", "Am", "Am", "Am", "Am", "Am", "Am", "Am", "Am", "Am", "Am", "Am", "Am", "Am", "Am", "Am", "Am", "Am", "Am", "Am", "Am", "Am", "Am", "Am", "Am", "Am", "Am", "Am", "Am", "Am", "Am", "Am", "Am", "Am", "A", "A", "A", "A", "A", "A", "A", "A", "A", "A", "A", "A", "A", "A", "A", "A", "A", "A", "A", "A", "A", "A", "A", "A", "A", "A", "A", "A", "A", "A", "A", "A", "A", "A", "A", "A", "A", "A", "A", "A", "Em", "Em", "Em", "Em", "Em", "Em", "Em", "Em", "Em", "Em", "Em", "G", "G", "G", "G", "G", "G", "G", "G", "G", "G", "G", "G", "G", "G", "G", "G", "G", "G", "G", "Em", "Em", "Em", "Em", "Em", "Em", "Em", "Em", "Em", "Em", "Em", "Em", "Em", "Em", "Em", "Em", "Em", "Em", "C", "C", "C", "C", "C", "C", "C", "C", "C", "C", "C", "C", "C", "C", "C", "C", "C", "C", "C", "C", "C", "C", "C", "C", "C", "C", "C", "C", "C"]
