
metadata:
    version:
        essentia: "1.2.2"
    audio_properties:
        analysis_sample_rate: 44100
        bitrate: 128
        channels: 2
        equal_loudness: 1
        length: 9.97877597809
        replay_gain: -13.3587341309
        downmix: "mix"
    tags:
        track: 22
        year: 0
        album: "Splitted by Mp3Splt v. 2.1"
        artist: "From 003.30 To 003.40"
        comment: "http://mp3splt.sf.net"
        genre: ""
        title: "07 I Believe in Symmetry.mp3"

highlevel:
    ballroom:
        all:
            ChaChaCha: 0.0474032051861
            Jive: 0.34946501255
            Quickstep: 0.0930273085833
            Rumba-American: 0.00834121461958
            Rumba-International: 0.0239278245717
            Rumba-Misc: 0.0322648622096
            Samba: 0.0510507710278
            Tango: 0.0280539467931
            VienneseWaltz: 0.338900119066
            Waltz: 0.0275657512248
        probability: 0.34946501255
        value: "Jive"
    culture:
        all:
            non_western: 0.012540532276
            western: 0.987459480762
        probability: 0.987459480762
        value: "western"
    gender:
        all:
            female: 0.171981573105
            male: 0.828018426895
        probability: 0.828018426895
        value: "male"
    genre_dortmund:
        all:
            alternative: 0.199336886406
            blues: 0.00834031496197
            electronic: 0.00641888938844
            folkcountry: 0.0263640414923
            funksoulrnb: 0.00823769625276
            jazz: 0.00813714321703
            pop: 0.0589511729777
            raphiphop: 0.000475134729641
            rock: 0.683738708496
        probability: 0.683738708496
        value: "rock"
    genre_electronica:
        all:
            ambient: 0.264026373625
            dnb: 0.152372211218
            house: 0.014072239399
            techno: 0.0171558018774
            trance: 0.552373409271
        probability: 0.552373409271
        value: "trance"
    genre_rosamerica:
        all:
            cla: 0.00715820491314
            dan: 0.00260895839892
            hip: 0.000615992059465
            jaz: 0.00103214627597
            pop: 0.0059605576098
            rhy: 0.00104137172457
            roc: 0.981266856194
            spe: 0.000315918994602
        probability: 0.981266856194
        value: "roc"
    genre_tzanetakis:
        all:
            blu: 0.0121227987111
            cla: 0.0473238229752
            cou: 0.125152781606
            dis: 0.0266394708306
            hip: 0.00460124667734
            jaz: 0.0326582044363
            met: 0.0841432511806
            pop: 0.01692311652
            reg: 0.00530556868762
            roc: 0.645129740238
        probability: 0.645129740238
        value: "roc"
    live_studio:
        all:
            live: 0.780661404133
            studio: 0.219338625669
        probability: 0.780661404133
        value: "live"
    mood:
        all:
            Cluster1: 0.356897652149
            Cluster2: 0.116403542459
            Cluster3: 0.108765251935
            Cluster4: 0.0698830932379
            Cluster5: 0.348050475121
        probability: 0.356897652149
        value: "Cluster1"
    mood_acoustic:
        all:
            acoustic: 0.00892816949636
            not_acoustic: 0.991071820259
        probability: 0.991071820259
        value: "not_acoustic"
    mood_aggressive:
        all:
            aggressive: 0.940193355083
            not_aggressive: 0.0598066188395
        probability: 0.940193355083
        value: "aggressive"
    mood_electronic:
        all:
            electronic: 0.0570347607136
            not_electronic: 0.942965269089
        probability: 0.942965269089
        value: "not_electronic"
    mood_happy:
        all:
            happy: 0.649948835373
            not_happy: 0.350051164627
        probability: 0.649948835373
        value: "happy"
    mood_party:
        all:
            not_party: 0.776572465897
            party: 0.223427519202
        probability: 0.776572465897
        value: "not_party"
    mood_relaxed:
        all:
            not_relaxed: 0.875267744064
            relaxed: 0.124732233584
        probability: 0.875267744064
        value: "not_relaxed"
    mood_sad:
        all:
            not_sad: 0.742361426353
            sad: 0.257638573647
        probability: 0.742361426353
        value: "not_sad"
    rhythm:
        all:
            fast: 0.742032766342
            medium: 0.172728762031
            slow: 0.0852384492755
        probability: 0.742032766342
        value: "fast"
    speech_music:
        all:
            music: 0.999738335609
            speech: 0.000261684617726
        probability: 0.999738335609
        value: "music"
    timbre:
        all:
            bright: 0.942143023014
            dark: 0.0578569658101
        probability: 0.942143023014
        value: "bright"
    voice_instrumental:
        all:
            instrumental: 0.313226789236
            voice: 0.686773240566
        probability: 0.686773240566
        value: "voice"

lowlevel:
    average_loudness: 0.984498023987
    barkbands_kurtosis:
        dmean: 0.365769326687
        dmean2: 0.613563358784
        dvar: 0.1554492414
        dvar2: 0.389084100723
        max: 1.32887458801
        mean: -1.08605384827
        min: -1.78382027149
        var: 0.295730382204
    barkbands_skewness:
        dmean: 0.331310242414
        dmean2: 0.545368134975
        dvar: 0.0676622614264
        dvar2: 0.173742979765
        max: 1.49638581276
        mean: 0.180881336331
        min: -0.970541775227
        var: 0.197180956602
    barkbands_spread:
        dmean: 4.2617931366
        dmean2: 6.45358037949
        dvar: 11.532995224
        dvar2: 27.1454143524
        max: 54.4835968018
        mean: 30.9084777832
        min: 11.5003070831
        var: 51.4894981384
    dissonance:
        dmean: 0.0145171871409
        dmean2: 0.0236756820232
        dvar: 0.000158966620802
        dvar2: 0.000400579941925
        max: 0.498582333326
        mean: 0.469474226236
        min: 0.389542341232
        var: 0.000359518511686
    hfc:
        dmean: 1.61738872528
        dmean2: 2.38842153549
        dvar: 2.03066778183
        dvar2: 3.87476468086
        max: 18.5973472595
        mean: 8.4904127121
        min: 0.828495144844
        var: 6.75771045685
    pitch:
        dmean: 433.922729492
        dmean2: 832.432312012
        dvar: 823455.5
        dvar2: 2086450.75
        max: 4009.09082031
        mean: 498.842590332
        min: 82.7392120361
        var: 673807.5
    pitch_instantaneous_confidence:
        dmean: 0.0853946805
        dmean2: 0.140865132213
        dvar: 0.00460190745071
        dvar2: 0.0125848948956
        max: 0.692498147488
        mean: 0.358360141516
        min: 0.139573454857
        var: 0.012218224816
    pitch_salience:
        dmean: 0.055685993284
        dmean2: 0.0904490798712
        dvar: 0.00185272295494
        dvar2: 0.00496138166636
        max: 0.776685476303
        mean: 0.628337979317
        min: 0.420829534531
        var: 0.00520663894713
    silence_rate_20dB:
        dmean: 0
        dmean2: 0
        dvar: 0
        dvar2: 0
        max: 1
        mean: 1
        min: 1
        var: 0
    silence_rate_30dB:
        dmean: 0
        dmean2: 0
        dvar: 0
        dvar2: 0
        max: 1
        mean: 1
        min: 1
        var: 0
    silence_rate_60dB:
        dmean: 0.0326340310276
        dmean2: 0.0630841106176
        dvar: 0.031569223851
        dvar2: 0.0731226205826
        max: 1
        mean: 0.0348837226629
        min: 0
        var: 0.0336668677628
    spectral_centroid:
        dmean: 219.690704346
        dmean2: 348.61807251
        dvar: 34966.8320312
        dvar2: 90968.328125
        max: 2851.40039062
        mean: 1454.81591797
        min: 764.447631836
        var: 108700.65625
    spectral_complexity:
        dmean: 3.59484767914
        dmean2: 5.41549301147
        dvar: 8.24565219879
        dvar2: 16.2334728241
        max: 35
        mean: 18.8247661591
        min: 1
        var: 24.0884532928
    spectral_crest:
        dmean: 2.29682397842
        dmean2: 3.84369945526
        dvar: 3.7416074276
        dvar2: 11.0831270218
        max: 16.8758964539
        mean: 6.59930372238
        min: 2.58506250381
        var: 6.6708407402
    spectral_decrease:
        dmean: 2.9312918759e-10
        dmean2: 4.55505189123e-10
        dvar: 8.2742863749e-20
        dvar2: 1.91527402359e-19
        max: -1.34726313439e-10
        mean: -1.38293088092e-09
        min: -3.17744031086e-09
        var: 2.08578619162e-19
    spectral_energy:
        dmean: 0.00119432678912
        dmean2: 0.00184160564095
        dvar: 1.3732029629e-06
        dvar2: 3.07592790705e-06
        max: 0.0132342334837
        mean: 0.00598960462958
        min: 0.000583635992371
        var: 3.53717564394e-06
    spectral_energyband_high:
        dmean: 0.000114931390272
        dmean2: 0.000163898279425
        dvar: 2.07348769266e-08
        dvar2: 4.62579592408e-08
        max: 0.00234557013027
        mean: 0.000285536603769
        min: 1.58234179253e-05
        var: 5.45657137252e-08
    spectral_energyband_low:
        dmean: 0.000168988874066
        dmean2: 0.000280331558315
        dvar: 4.42320740035e-08
        dvar2: 1.26059930494e-07
        max: 0.00162745127454
        mean: 0.000305239635054
        min: 5.22215668752e-06
        var: 7.55641380579e-08
    spectral_energyband_middle_high:
        dmean: 0.0006041759043
        dmean2: 0.000942385871895
        dvar: 2.46900327738e-07
        dvar2: 6.10999052242e-07
        max: 0.00558726582676
        mean: 0.00272543355823
        min: 0.000274521269603
        var: 7.10454230557e-07
    spectral_energyband_middle_low:
        dmean: 0.000969259534031
        dmean2: 0.00154154049233
        dvar: 9.71754730017e-07
        dvar2: 2.48941000791e-06
        max: 0.00859654601663
        mean: 0.00267339358106
        min: 0.000195659464225
        var: 2.12899840335e-06
    spectral_flatness_db:
        dmean: 0.0171012412757
        dmean2: 0.0236118361354
        dvar: 0.000170423387317
        dvar2: 0.000383629405405
        max: 0.216566264629
        mean: 0.144203424454
        min: 0.0775033161044
        var: 0.000609696318861
    spectral_flux:
        dmean: 0.00716588413343
        dmean2: 0.0105918897316
        dvar: 3.9895545342e-05
        dvar2: 8.35881874082e-05
        max: 0.0838041231036
        mean: 0.0440144278109
        min: 0.0236716363579
        var: 9.50543762883e-05
    spectral_kurtosis:
        dmean: 1.265422225
        dmean2: 2.08187818527
        dvar: 1.30941092968
        dvar2: 3.84591770172
        max: 12.1274013519
        mean: 4.12255001068
        min: 0.689291715622
        var: 2.67431783676
    spectral_rms:
        dmean: 0.000239012078964
        dmean2: 0.000363581522834
        dvar: 5.0256865336e-08
        dvar2: 1.04449661364e-07
        max: 0.0035932501778
        mean: 0.00238683726639
        min: 0.000754586653784
        var: 1.46524868683e-07
    spectral_rolloff:
        dmean: 312.307098389
        dmean2: 501.581970215
        dvar: 93952.7890625
        dvar2: 217665.953125
        max: 5447.90039062
        mean: 2857.22436523
        min: 1141.25976562
        var: 257698.984375
    spectral_skewness:
        dmean: 0.17019777
        dmean2: 0.271863400936
        dvar: 0.0187939666212
        dvar2: 0.0502374060452
        max: 3.06603240967
        mean: 1.49058580399
        min: 0.659336745739
        var: 0.0578582361341
    spectral_spread:
        dmean: 601242.6875
        dmean2: 741786.1875
        dvar: 480350011392
        dvar2: 832389840896
        max: 9845354
        mean: 4287398
        min: 2832194
        var: 1.45091172762e+12
    spectral_strongpeak:
        dmean: 0.667677998543
        dmean2: 1.17073094845
        dvar: 0.879842340946
        dvar2: 2.02963614464
        max: 5.33549165726
        mean: 0.904637634754
        min: 0.0129413781688
        var: 1.11801373959
    zerocrossingrate:
        dmean: 0.00701089529321
        dmean2: 0.00856440700591
        dvar: 3.4131371649e-05
        dvar2: 4.83619587612e-05
        max: 0.1435546875
        mean: 0.0864668488503
        min: 0.02783203125
        var: 0.000244805269176
    barkbands:
        dmean: [6.56810144051e-08, 6.01965693932e-05, 0.000128914645757, 0.000243078058702, 0.000432718021329, 0.000203988558496, 0.000156216614414, 0.000255323189776, 0.000375488423742, 0.000144214936881, 0.000165845820447, 8.30162243801e-05, 9.20922757359e-05, 9.14518095669e-05, 9.56568255788e-05, 0.000119727315905, 0.000304694258375, 0.000132686560391, 0.000126286919112, 8.69994255481e-05, 5.80408122914e-05, 1.95904704015e-05, 5.2023851822e-06, 2.62294406639e-06, 1.51757353706e-06, 8.01487516355e-08, 7.37438055065e-10]
        dmean2: [1.02805437052e-07, 0.000103496655356, 0.000212977844058, 0.000409362051869, 0.000716810580343, 0.000298009166727, 0.000255918508628, 0.000410013657529, 0.000644068815745, 0.000232815902564, 0.000259082473349, 0.000131835317006, 0.000151974512846, 0.000158372160513, 0.00016167468857, 0.000204916359507, 0.000485584023409, 0.000223143797484, 0.000199252273887, 0.000134894100484, 8.95126140676e-05, 2.77197250398e-05, 7.54979328121e-06, 3.45647345057e-06, 1.99221631192e-06, 1.09750047272e-07, 1.09028963635e-09]
        dvar: [3.92227313725e-14, 6.10471495577e-09, 3.21540376547e-08, 1.75654392365e-07, 2.91455137358e-07, 5.97793459178e-08, 7.1684929992e-08, 2.41042783955e-07, 4.52877003454e-07, 7.87309559769e-08, 5.19501206497e-08, 4.71203911445e-08, 2.76876530592e-08, 1.4821747385e-08, 1.03239479188e-08, 1.27750547918e-08, 9.93816726691e-08, 1.62228079859e-08, 1.45435734566e-08, 1.17832090751e-08, 5.07172748243e-09, 1.32490507454e-09, 9.1076826636e-11, 2.42611781359e-11, 1.05022848057e-11, 2.19105027904e-14, 1.22112405579e-17]
        dvar2: [5.45731232285e-14, 1.75094037047e-08, 9.07240504944e-08, 5.04113131683e-07, 7.78853916472e-07, 1.0113751614e-07, 1.81267935773e-07, 5.71585303533e-07, 1.2320241467e-06, 2.00612532808e-07, 1.26255159216e-07, 1.29065853116e-07, 6.36130934595e-08, 3.73989230695e-08, 2.54628158558e-08, 3.66012358199e-08, 2.47845008516e-07, 4.39744631819e-08, 4.04374418395e-08, 2.27771970174e-08, 1.09564481932e-08, 2.90923307666e-09, 2.11837825059e-10, 4.38465132258e-11, 1.92816422551e-11, 4.35138883747e-14, 1.29787450524e-17]
        max: [3.63312165064e-06, 0.000636062119156, 0.00139457429759, 0.00465821474791, 0.0044811591506, 0.00491301342845, 0.00232244725339, 0.0058821560815, 0.0054061464034, 0.00240578409284, 0.00239130109549, 0.00369180296548, 0.00200871331617, 0.00100423709955, 0.00117614655755, 0.00102455308661, 0.00306412088685, 0.000920402293559, 0.00157310557552, 0.00194819329772, 0.00077637063805, 0.000548585841898, 0.000108139633085, 6.74868933856e-05, 5.07504446432e-05, 1.67563757714e-06, 7.14103904897e-08]
        mean: [5.94836251366e-08, 9.82357014436e-05, 0.000206951852306, 0.000389600434573, 0.000649569206871, 0.000426787213655, 0.000232563965255, 0.000377336808015, 0.000554681348149, 0.000205136500881, 0.00028499297332, 0.000140543212183, 0.000138218936627, 0.000143267956446, 0.00018018753326, 0.000262177083641, 0.000681049656123, 0.000304276967654, 0.000321966886986, 0.000207069053431, 0.000134527304908, 3.53490941052e-05, 8.46302646096e-06, 4.23648680226e-06, 2.25444614443e-06, 1.06820351675e-07, 7.69747432461e-10]
        min: [1.0362858488e-10, 1.26361015873e-07, 1.41597774928e-06, 3.1152333122e-06, 1.98890957108e-05, 8.94321510714e-06, 9.88261672319e-06, 4.56928819403e-06, 1.26968106997e-05, 1.16885821626e-05, 1.51281255967e-05, 8.68170354806e-06, 7.78359299147e-06, 6.31590091871e-06, 4.84836664327e-06, 3.25001092278e-05, 5.59644431632e-05, 1.39157755257e-05, 6.18303602096e-05, 9.01918429008e-06, 8.36806793814e-06, 1.46428646985e-06, 3.3543238942e-07, 1.32655273433e-07, 3.93952284128e-08, 1.15877474283e-09, 1.02207977325e-12]
        var: [4.11816136476e-14, 8.86501450026e-09, 5.81785855047e-08, 2.14287425138e-07, 4.44488961193e-07, 2.14253745412e-07, 7.61547198636e-08, 4.45868494126e-07, 8.57404870658e-07, 1.07532919458e-07, 7.80743434348e-08, 6.4350999196e-08, 3.97165145216e-08, 1.84729351815e-08, 2.2892491458e-08, 2.6922773344e-08, 2.64314621745e-07, 2.75495786184e-08, 3.18405923849e-08, 3.22377822215e-08, 9.63814628108e-09, 2.31227881287e-09, 1.46641782051e-10, 5.86846266026e-11, 2.68651160346e-11, 4.57138734961e-14, 1.28018897015e-17]
    mfcc:
        mean: [-677.443847656, 120.384353638, -56.455871582, 48.0171737671, -14.3133392334, -7.37250518799, -5.76999521255, -1.74980819225, 0.747687876225, -8.76184654236, -8.89376449585, -3.46140956879, -6.4504532814]
        cov: [[544.302856445, -301.909973145, 239.332107544, -99.9004592896, 40.916885376, -16.1199951172, -24.5144996643, 11.6361351013, 5.34711170197, 29.1664791107, 2.10352993011, -14.4334554672, -11.3892459869], [-301.909973145, 422.645019531, -202.6875, 50.8355026245, -75.9455032349, -14.0010299683, 29.6245079041, 9.57908630371, 0.993751883507, 6.30284976959, 12.2649803162, 19.2434272766, -1.98313891888], [239.332107544, -202.6875, 249.83821106, -8.07383537292, 72.5833129883, 18.9252128601, 5.62738084793, 16.3402729034, 16.5790748596, 17.3667201996, 8.79729652405, -6.18402099609, 8.99947738647], [-99.9004592896, 50.8355026245, -8.07383537292, 138.857467651, 50.8919334412, 30.5537319183, 1.2695543766, -12.3076839447, -4.41837072372, -21.5771007538, -5.50821828842, 5.26793670654, 10.36186409], [40.916885376, -75.9455032349, 72.5833129883, 50.8919334412, 126.544029236, 38.0052146912, -6.08297157288, -10.6590242386, 3.25887036324, -8.82767105103, -4.84702253342, -7.7560710907, -1.34698390961], [-16.1199951172, -14.0010299683, 18.9252128601, 30.5537319183, 38.0052146912, 67.691116333, 29.0512657166, 5.10720825195, 3.1788008213, -0.18465590477, -1.48663890362, 1.76621997356, 11.1299972534], [-24.5144996643, 29.6245079041, 5.62738084793, 1.2695543766, -6.08297157288, 29.0512657166, 82.4568862915, 41.6048049927, 13.9906463623, 9.11240005493, 9.70480632782, 11.0126590729, 15.4268388748], [11.6361351013, 9.57908630371, 16.3402729034, -12.3076839447, -10.6590242386, 5.10720825195, 41.6048049927, 74.2360305786, 37.6627960205, 19.9554271698, -1.62958180904, 1.58267605305, 12.83086586], [5.34711170197, 0.993751883507, 16.5790748596, -4.41837072372, 3.25887036324, 3.1788008213, 13.9906463623, 37.6627960205, 71.6099624634, 33.4398193359, -0.0781566798687, -8.11107158661, 4.19088888168], [29.1664791107, 6.30284976959, 17.3667201996, -21.5771007538, -8.82767105103, -0.18465590477, 9.11240005493, 19.9554271698, 33.4398193359, 74.7400360107, 32.5572738647, -3.515635252, -6.3316488266], [2.10352993011, 12.2649803162, 8.79729652405, -5.50821828842, -4.84702253342, -1.48663890362, 9.70480632782, -1.62958180904, -0.0781566798687, 32.5572738647, 57.8379173279, 20.1993770599, 0.118567332625], [-14.4334554672, 19.2434272766, -6.18402099609, 5.26793670654, -7.7560710907, 1.76621997356, 11.0126590729, 1.58267605305, -8.11107158661, -3.515635252, 20.1993770599, 47.157699585, 17.5943126678], [-11.3892459869, -1.98313891888, 8.99947738647, 10.36186409, -1.34698390961, 11.1299972534, 15.4268388748, 12.83086586, 4.19088888168, -6.3316488266, 0.118567332625, 17.5943126678, 46.8280410767]]
        icov: [[0.00465466454625, 0.00151014979929, -0.00328573142178, 0.00214316835627, 1.52442032686e-06, 0.000884808949195, 0.000815275881905, -0.000735490757506, 0.00125689408742, -0.00151786755305, 0.00124781031627, -0.000899777398445, 0.00109313777648], [0.00151014979929, 0.00532795488834, 0.00243380619213, -0.0018581841141, 0.00131088925991, 0.00146148807835, -0.00162953534164, -0.000600402767304, 0.000248793861829, -0.00170479691587, 2.37571057369e-05, -0.00112820160575, 0.00109910080209], [-0.00328573142178, 0.00243380619213, 0.0102718379349, -0.00181402696762, -0.00300173973665, 0.000440624746261, -0.00167706434149, -0.00105662737042, -0.000816610932816, -0.00051779410569, -0.00215600128286, 0.000945055566262, -0.00196434091777], [0.00214316835627, -0.0018581841141, -0.00181402696762, 0.0121368952096, -0.00454092444852, -0.00277870870195, 0.00168313831091, 0.000779484864324, -0.000456849578768, 0.0023974259384, -0.000140049000038, -0.000490765611175, -0.00158286525402], [1.52442032686e-06, 0.00131088925991, -0.00300173973665, -0.00454092444852, 0.0146123198792, -0.00649836007506, 0.00231002946384, 0.000902709551156, -0.00191559758969, 0.00204287259839, -0.0010362858884, 0.00091528048506, 0.00270042917691], [0.000884808949195, 0.00146148807835, 0.000440624746261, -0.00277870870195, -0.00649836007506, 0.0251086615026, -0.011068505235, 0.00390576128848, 0.00109495397191, -0.00418037595227, 0.00373643357307, 5.61609813303e-05, -0.00346502987668], [0.000815275881905, -0.00162953534164, -0.00167706434149, 0.00168313831091, 0.00231002946384, -0.011068505235, 0.0240768045187, -0.0132387783378, 0.00171643448994, 0.00287106237374, -0.00509724160656, -0.00082216860028, -0.000971617002506], [-0.000735490757506, -0.000600402767304, -0.00105662737042, 0.000779484864324, 0.000902709551156, 0.00390576128848, -0.0132387783378, 0.0282962303609, -0.0106241488829, -0.00314970803447, 0.00581090059131, -0.0013214093633, -0.00346119352616], [0.00125689408742, 0.000248793861829, -0.000816610932816, -0.000456849578768, -0.00191559758969, 0.00109495397191, 0.00171643448994, -0.0106241488829, 0.0250552948564, -0.0116192866117, 0.00523876352236, 0.00172369240317, -0.00186980736908], [-0.00151786755305, -0.00170479691587, -0.00051779410569, 0.0023974259384, 0.00204287259839, -0.00418037595227, 0.00287106237374, -0.00314970803447, -0.0116192866117, 0.0297085996717, -0.0190727971494, 0.00729002384469, 0.00246325111948], [0.00124781031627, 2.37571057369e-05, -0.00215600128286, -0.000140049000038, -0.0010362858884, 0.00373643357307, -0.00509724160656, 0.00581090059131, 0.00523876352236, -0.0190727971494, 0.0347728952765, -0.0156138436869, 0.00264970399439], [-0.000899777398445, -0.00112820160575, 0.000945055566262, -0.000490765611175, 0.00091528048506, 5.61609813303e-05, -0.00082216860028, -0.0013214093633, 0.00172369240317, 0.00729002384469, -0.0156138436869, 0.0337776355445, -0.0115137798712], [0.00109313777648, 0.00109910080209, -0.00196434091777, -0.00158286525402, 0.00270042917691, -0.00346502987668, -0.000971617002506, -0.00346119352616, -0.00186980736908, 0.00246325111948, 0.00264970399439, -0.0115137798712, 0.029384251684]]
    spectral_contrast:
        mean: [4.25875526844e-07, 1.3767906637e-07, -3.04481545754e-07, 2.0001674983e-08, -3.93871118831e-07, -1.76672756425e-07, 2.55770783042e-06, -2.80573544842e-06, 2.49803349561e-07, 9.62030071605e-07, -5.80727501642e-08, -2.17960814552e-06]
        var: [0.000289587012958, 0.000447207916295, 0.000788319914136, 0.00245203380473, 0.00260314764455, 0.0036085867323, 0.0314998477697, 0.0546640828252, 0.101955235004, 0.151295974851, 0.342540711164, 0.612180888653]

rhythm:
    beats_loudness:
        dmean: 0.00179178116377
        dmean2: 0.00289965514094
        dvar: 1.44434636695e-06
        dvar2: 3.071967285e-06
        max: 0.0103897023946
        mean: 0.0073980637826
        min: 0.00481338659301
        var: 2.63510946752e-06
    beats_loudness_bass:
        dmean: 0.0937331020832
        dmean2: 0.157586231828
        dvar: 0.00612646341324
        dvar2: 0.0159456767142
        max: 0.346025407314
        mean: 0.118694491684
        min: 0.0111949378625
        var: 0.00617134571075
    bpm: 107.567169189
    bpm_confidence: 0
    first_peak_bpm: 108
    first_peak_spread: 0
    first_peak_weight: 0.941176474094
    onset_rate: 4.30914592743
    second_peak_bpm: 148
    second_peak_spread: 0
    second_peak_weight: 0.0588235296309
    beats_position: [0.106961622834, 0.66497951746, 1.22299742699, 1.78101539612, 2.33903336525, 2.89705133438, 3.45506930351, 4.01308727264, 4.57110548019, 5.12912321091, 5.68714141846, 6.09173679352, 6.64929246902, 7.20684957504, 7.76440525055, 8.32196140289, 8.87951755524, 9.43707370758]
    bpm_estimates: [107.349143982, 107.508766174, 107.254013062, 107.582061768, 107.990959167, 107.528083801, 107.454063416, 108.360389709, 107.437202454, 106.699317932, 108.811050415, 106.906288147, 107.491920471]
    bpm_intervals: [0.558017909527, 0.558017909527, 0.558017969131, 0.558017969131, 0.558017969131, 0.558017969131, 0.558017969131, 0.55801820755, 0.558017730713, 0.55801820755, 0.404595375061, 0.557555675507, 0.557557106018, 0.557555675507, 0.557556152344, 0.557556152344, 0.557556152344]
    onset_times: [0.0464399084449, 0.301859408617, 0.661768734455, 0.847528338432, 1.03328800201, 1.2190476656, 1.40480720997, 1.78793644905, 2.17106580734, 2.54258513451, 2.92571425438, 3.12308382988, 3.28562355042, 3.48299312592, 3.66875290871, 3.84290242195, 4.04027223587, 4.42340135574, 4.81814050674, 5.15482997894, 5.3754196167, 5.53795909882, 5.72371864319, 5.93269824982, 6.1068482399, 6.29260778427, 6.5015873909, 6.66412687302, 6.87310647964, 7.0356464386, 7.22140598297, 7.40716552734, 7.59292507172, 7.90639448166, 8.103764534, 8.18503379822, 8.53333377838, 8.71909332275, 8.90485286713, 9.27637195587, 9.47374153137, 9.67111110687, 9.83365058899]
    rubato_start: []
    rubato_stop: []
    perceptual_tempo: "unknown"

sfx:
    inharmonicity:
        dmean: 0.0475696846843
        dmean2: 0.0833997800946
        dvar: 0.00253794179298
        dvar2: 0.00749054551125
        max: 0.288138717413
        mean: 0.0570685267448
        min: 0.00180907221511
        var: 0.00254168524407
    oddtoevenharmonicenergyratio:
        dmean: 1.20026683807
        dmean2: 2.17343258858
        dvar: 4.40547513962
        dvar2: 12.2855024338
        max: 17.2149600983
        mean: 0.951000809669
        min: 0.001785456785
        var: 3.05578708649
    pitch_after_max_to_before_max_energy_ratio: 24.1380081177
    pitch_centroid: 212.161361694
    pitch_max_to_total: 0.00233644852415
    pitch_min_to_total: 0.0303738322109
    tristimulus:
        dmean: [0.176153093576, 0.220060527325, 0.133499026299]
        dmean2: [0.301899582148, 0.380344003439, 0.236731693149]
        dvar: [0.0193491075188, 0.0378837659955, 0.0128162996843]
        dvar2: [0.0564457811415, 0.105503365397, 0.0342787243426]
        max: [0.861142992973, 0.949497461319, 0.538351714611]
        mean: [0.35172867775, 0.427170872688, 0.158271342516]
        min: [0.050502538681, 0, 0]
        var: [0.0315560586751, 0.0481692999601, 0.0183802396059]

tonal:
    chords_changes_rate: 0.0511627905071
    chords_number_rate: 0.0279069766402
    chords_strength:
        dmean: 0.00773000530899
        dmean2: 0.00741120940074
        dvar: 5.15419378644e-05
        dvar2: 4.40812727902e-05
        max: 0.635499477386
        mean: 0.518765926361
        min: 0.360785901546
        var: 0.00553981820121
    key_strength: 0.67877805233
    tuning_diatonic_strength: 0.560121238232
    tuning_equal_tempered_deviation: 0.0396050959826
    tuning_frequency: 440.508575439
    tuning_nontempered_energy_ratio: 0.678610980511
    hpcp:
        dmean: [0.185912117362, 0.149807453156, 0.10035392642, 0.0706178173423, 0.0549327582121, 0.0989804565907, 0.174917697906, 0.123810730875, 0.121705658734, 0.132249861956, 0.0901748165488, 0.0636151134968, 0.0703773573041, 0.0850110799074, 0.121793262661, 0.165472745895, 0.175558060408, 0.118878088892, 0.0905024707317, 0.102034568787, 0.157772988081, 0.166369765997, 0.181992694736, 0.141531333327, 0.103248551488, 0.0696008503437, 0.0796556398273, 0.0895511358976, 0.0963762104511, 0.139271944761, 0.164142876863, 0.147702023387, 0.118435814977, 0.132427051663, 0.147896021605, 0.156967580318]
        dmean2: [0.303132355213, 0.238130629063, 0.161454766989, 0.112891532481, 0.0899921283126, 0.164313226938, 0.28641140461, 0.19922208786, 0.198804572225, 0.214290723205, 0.145097956061, 0.100663289428, 0.113341189921, 0.142773658037, 0.199462801218, 0.275199651718, 0.29790943861, 0.18885961175, 0.153642907739, 0.180877745152, 0.268693208694, 0.27501347661, 0.302302211523, 0.244490370154, 0.183208212256, 0.112117677927, 0.132477581501, 0.138445675373, 0.153571292758, 0.225385069847, 0.267388343811, 0.261364549398, 0.201814129949, 0.240618616343, 0.263492673635, 0.268231362104]
        dvar: [0.0349495559931, 0.0295258332044, 0.0176631994545, 0.00932221952826, 0.005508616101, 0.00856518559158, 0.0350175090134, 0.0201860144734, 0.0210805032402, 0.0261617414653, 0.0112086720765, 0.00485855620354, 0.00880196597427, 0.0132242180407, 0.0228271167725, 0.0381654314697, 0.036696638912, 0.0214365553111, 0.0129445279017, 0.0241113193333, 0.0288721062243, 0.0338207930326, 0.0325005911291, 0.0275896657258, 0.0205308552831, 0.0111776534468, 0.0129810115322, 0.0144141018391, 0.0136852450669, 0.0289925877005, 0.0315506868064, 0.0428011715412, 0.0290207322687, 0.0480239316821, 0.0386084318161, 0.0355571098626]
        dvar2: [0.0831532254815, 0.0795999392867, 0.0469821281731, 0.0221914555877, 0.0139874462038, 0.0228847451508, 0.0782697275281, 0.0439283661544, 0.0585064813495, 0.0559658296406, 0.0256473254412, 0.0119059067219, 0.0195936802775, 0.0338006876409, 0.0623919256032, 0.0953534767032, 0.089622810483, 0.0549459531903, 0.0323928594589, 0.0694622546434, 0.0790909454226, 0.077663294971, 0.0870687365532, 0.0636731907725, 0.0486860126257, 0.0260154884309, 0.0348533317447, 0.0264473855495, 0.0299938358366, 0.0723654925823, 0.0795403122902, 0.129203423858, 0.0729400292039, 0.130159765482, 0.10105509311, 0.0746953710914]
        max: [1, 1, 1, 0.798858582973, 0.538277447224, 0.601271092892, 1, 0.87531208992, 1, 1, 1, 0.613972783089, 0.803594052792, 0.997273504734, 1, 1, 1, 1, 0.846807420254, 1, 1, 1, 1, 1, 1, 1, 0.887331426144, 1, 0.879952788353, 1, 1, 1, 1, 1, 1, 1]
        mean: [0.316171228886, 0.226822555065, 0.136758878827, 0.096448674798, 0.0734435841441, 0.158104464412, 0.271614402533, 0.221814259887, 0.196686714888, 0.241114661098, 0.158632576466, 0.100722447038, 0.10951475054, 0.112919680774, 0.240854695439, 0.425405591726, 0.3420573771, 0.161104083061, 0.111854411662, 0.112271241844, 0.316358476877, 0.562569618225, 0.437644720078, 0.199639216065, 0.116593420506, 0.0878585651517, 0.117723055184, 0.157423079014, 0.153410404921, 0.19813413918, 0.246402949095, 0.186489284039, 0.138230860233, 0.136379227042, 0.152392745018, 0.251124054193]
        min: [0.0106144612655, 0.019688423723, 0.0112330811098, 0.00813735462725, 0.00505477515981, 0.0122754285112, 0.0269481390715, 0.0161905139685, 0.0159010142088, 0.0171850118786, 0.0164262671024, 0.0107040777802, 0.00931168906391, 0.00937882438302, 0.0145474588498, 0.0114996144548, 0.0140371946618, 0.00873544625938, 0.00456037418917, 0.0078519359231, 0.0105175469071, 0.0137287955731, 0.0155620165169, 0.00751071376726, 0.00604512030259, 0.00722559867427, 0.00756088411435, 0.0114624109119, 0.0102299759164, 0.00652030436322, 0.0144939320162, 0.0109199890867, 0.00593689549714, 0.0082892337814, 0.0122173400596, 0.0118780788034]
        var: [0.077084235847, 0.0419435016811, 0.0229717884213, 0.0124553544447, 0.00552485371009, 0.0143283959478, 0.0599647052586, 0.0377730429173, 0.035985019058, 0.0601852908731, 0.0261406060308, 0.00816036202013, 0.0121174249798, 0.0142092192546, 0.0439109578729, 0.122787989676, 0.0853079482913, 0.0295627675951, 0.013084766455, 0.0190615206957, 0.0602309592068, 0.142148911953, 0.0952931195498, 0.0550511963665, 0.028590131551, 0.0155308246613, 0.0159116964787, 0.032297398895, 0.024113599211, 0.0417501628399, 0.0571828782558, 0.0431139953434, 0.0297468807548, 0.0364921614528, 0.0356531180441, 0.068221129477]
    chords_histogram: [44.1860466003, 5.11627912521, 7.44186067581, 17.6744194031, 0, 10.6976747513, 0, 0, 0, 0, 0, 0, 0, 0, 0, 0, 0, 0, 0, 0, 0, 0, 14.8837213516, 0]
    thpcp: [1, 0.777938783169, 0.354870229959, 0.207251548767, 0.156173676252, 0.209259524941, 0.279828608036, 0.272695869207, 0.352194875479, 0.43799546361, 0.331495463848, 0.245713338256, 0.24242195487, 0.270886898041, 0.446387529373, 0.56201261282, 0.40319019556, 0.24309681356, 0.171443089843, 0.130550220609, 0.281039834023, 0.482810288668, 0.394287675619, 0.349622011185, 0.428595244884, 0.281978577375, 0.17903997004, 0.194668799639, 0.200721263885, 0.428133130074, 0.756183028221, 0.608026742935, 0.286371827126, 0.198827683926, 0.199568614364, 0.562345445156]
    chords_key: "A"
    chords_scale: "minor"
    key_key: "A"
    key_scale: "minor"
    chords_progression: ["C", "C", "C", "C", "C", "C", "C", "C", "C", "C", "C", "Am", "Am", "Am", "Am", "Am", "Am", "Am", "Am", "Am", "Am", "Am", "Am", "Am", "Am", "Am", "Am", "Am", "Am", "Am", "Am", "Am", "Am", "Am", "Am", "Am", "Am", "Am", "Am", "Am", "Am", "Am", "Am", "Am", "Am", "Am", "Am", "Am", "Am", "Am", "Am", "Am", "Am", "Am", "Am", "Am", "Am", "Am", "Am", "Am", "Am", "Em", "Em", "Em", "Em", "Am", "Em", "Em", "Em", "Em", "Em", "Em", "Em", "Am", "Am", "Am", "Am", "Am", "Am", "Am", "Am", "Am", "Am", "Am", "Am", "Am", "Am", "Am", "Am", "Am", "Am", "Am", "Am", "Am", "Am", "Am", "Am", "Am", "Am", "Am", "Am", "Am", "Am", "Am", "Am", "Am", "Am", "Am", "Am", "Am", "Am", "Am", "Am", "Am", "Em", "Em", "Em", "Em", "Em", "G", "G", "G", "G", "G", "G", "G", "G", "G", "G", "G", "G", "G", "G", "G", "G", "G", "G", "G", "G", "G", "G", "G", "G", "G", "G", "G", "G", "G", "G", "G", "G", "G", "G", "G", "G", "G", "G", "Dm", "Dm", "Dm", "Dm", "Dm", "Dm", "Dm", "Dm", "Dm", "Dm", "Dm", "Dm", "Dm", "Dm", "Dm", "Dm", "Dm", "Dm", "Dm", "Dm", "Dm", "Dm", "Dm", "Dm", "Dm", "Dm", "Dm", "Dm", "Dm", "Dm", "Dm", "Dm", "D", "D", "D", "D", "D", "D", "D", "D", "D", "D", "D", "D", "D", "D", "D", "D", "Am", "Am", "Am", "D", "D", "D", "D", "D", "D", "D"]
