
metadata:
    version:
        essentia: "1.2.2"
    audio_properties:
        analysis_sample_rate: 44100
        bitrate: 128
        channels: 2
        equal_loudness: 1
        length: 10.0571432114
        replay_gain: -0.666242599487
        downmix: "mix"
    tags:
        track: 1
        year: 0
        album: "Splitted by Mp3Splt v. 2.1"
        artist: "From 000.00 To 000.10"
        comment: "http://mp3splt.sf.net"
        genre: ""
        title: "11 Cool Waves.mp3"

highlevel:
    ballroom:
        all:
            ChaChaCha: 0.000517217325978
            Jive: 0.000612037023529
            Quickstep: 0.00399715127423
            Rumba-American: 0.00189136876725
            Rumba-International: 0.0571298711002
            Rumba-Misc: 0.0669330656528
            Samba: 0.000607068475801
            Tango: 0.00354868336581
            VienneseWaltz: 0.200699836016
            Waltz: 0.664063692093
        probability: 0.664063692093
        value: "Waltz"
    culture:
        all:
            non_western: 0.0342785865068
            western: 0.965721428394
        probability: 0.965721428394
        value: "western"
    gender:
        all:
            female: 0.892933189869
            male: 0.10706680268
        probability: 0.892933189869
        value: "female"
    genre_dortmund:
        all:
            alternative: 0.313190490007
            blues: 0.00259358948097
            electronic: 0.156934797764
            folkcountry: 0.155895099044
            funksoulrnb: 0.00685033062473
            jazz: 0.201246216893
            pop: 0.0997655168176
            raphiphop: 0.000943357415963
            rock: 0.0625805854797
        probability: 0.313190490007
        value: "alternative"
    genre_electronica:
        all:
            ambient: 0.978203296661
            dnb: 0.00423152558506
            house: 0.00705177988857
            techno: 0.0015734215267
            trance: 0.0089399786666
        probability: 0.978203296661
        value: "ambient"
    genre_rosamerica:
        all:
            cla: 0.563783288002
            dan: 0.00939299538732
            hip: 0.00348733714782
            jaz: 0.067929148674
            pop: 0.0718793645501
            rhy: 0.0663032531738
            roc: 0.212531536818
            spe: 0.00469306390733
        probability: 0.563783288002
        value: "cla"
    genre_tzanetakis:
        all:
            blu: 0.0197994355112
            cla: 0.624790608883
            cou: 0.0830756574869
            dis: 0.0180617123842
            hip: 0.00448715314269
            jaz: 0.0831773281097
            met: 0.0154479723424
            pop: 0.0226964969188
            reg: 0.0140167437494
            roc: 0.114446900785
        probability: 0.624790608883
        value: "cla"
    live_studio:
        all:
            live: 0.136313527822
            studio: 0.86368650198
        probability: 0.86368650198
        value: "studio"
    mood:
        all:
            Cluster1: 0.0577026791871
            Cluster2: 0.293218553066
            Cluster3: 0.593421578407
            Cluster4: 0.037227768451
            Cluster5: 0.018429428339
        probability: 0.593421578407
        value: "Cluster3"
    mood_acoustic:
        all:
            acoustic: 0.269140094519
            not_acoustic: 0.730859935284
        probability: 0.730859935284
        value: "not_acoustic"
    mood_aggressive:
        all:
            aggressive: 0.00718057481572
            not_aggressive: 0.992819428444
        probability: 0.992819428444
        value: "not_aggressive"
    mood_electronic:
        all:
            electronic: 0.3541277349
            not_electronic: 0.645872294903
        probability: 0.645872294903
        value: "not_electronic"
    mood_happy:
        all:
            happy: 0.129054829478
            not_happy: 0.870945155621
        probability: 0.870945155621
        value: "not_happy"
    mood_party:
        all:
            not_party: 0.989422678947
            party: 0.0105773145333
        probability: 0.989422678947
        value: "not_party"
    mood_relaxed:
        all:
            not_relaxed: 0.259622305632
            relaxed: 0.740377664566
        probability: 0.740377664566
        value: "relaxed"
    mood_sad:
        all:
            not_sad: 0.0391518138349
            sad: 0.960848212242
        probability: 0.960848212242
        value: "sad"
    rhythm:
        all:
            fast: 0.0121189001948
            medium: 0.253599047661
            slow: 0.734282076359
        probability: 0.734282076359
        value: "slow"
    speech_music:
        all:
            music: 0.225613057613
            speech: 0.774386942387
        probability: 0.774386942387
        value: "speech"
    timbre:
        all:
            bright: 0.541749417782
            dark: 0.458250582218
        probability: 0.541749417782
        value: "bright"
    voice_instrumental:
        all:
            instrumental: 0.999998867512
            voice: 1.15737464057e-06
        probability: 0.999998867512
        value: "instrumental"

lowlevel:
    average_loudness: 0.976680934429
    barkbands_kurtosis:
        dmean: 1.42598235607
        dmean2: 2.06671357155
        dvar: 2.87634301186
        dvar2: 5.20799207687
        max: 35.6595497131
        mean: 3.84487390518
        min: -1.60954892635
        var: 27.0768127441
    barkbands_skewness:
        dmean: 0.297678887844
        dmean2: 0.424079239368
        dvar: 0.0666537955403
        dvar2: 0.133707433939
        max: 5.24416065216
        mean: 1.73808455467
        min: 0.401644855738
        var: 0.630155444145
    barkbands_spread:
        dmean: 1.6992855072
        dmean2: 2.37333083153
        dvar: 7.67519044876
        dvar2: 8.2205696106
        max: 61.5357017517
        mean: 11.4107656479
        min: 1.88867592812
        var: 23.04388237
    dissonance:
        dmean: 0.0247778911144
        dmean2: 0.040245000273
        dvar: 0.000678777811117
        dvar2: 0.00147861987352
        max: 0.494248509407
        mean: 0.411713212729
        min: 0.0309406872839
        var: 0.00194987782743
    hfc:
        dmean: 0.37533724308
        dmean2: 0.505001544952
        dvar: 0.133422598243
        dvar2: 0.287754803896
        max: 8.37882709503
        mean: 2.9973218441
        min: 0.000309405120788
        var: 1.354388237
    pitch:
        dmean: 61.8837471008
        dmean2: 111.09413147
        dvar: 39274.625
        dvar2: 47987.671875
        max: 4009.09082031
        mean: 221.185470581
        min: 73.0132446289
        var: 44615.796875
    pitch_instantaneous_confidence:
        dmean: 0.0474015697837
        dmean2: 0.0653002560139
        dvar: 0.00192292861175
        dvar2: 0.00452403444797
        max: 0.882360756397
        mean: 0.524905383587
        min: 0.270084619522
        var: 0.018527476117
    pitch_salience:
        dmean: 0.0407896339893
        dmean2: 0.0562139749527
        dvar: 0.00131937407423
        dvar2: 0.00311345909722
        max: 0.932601034641
        mean: 0.520925283432
        min: 0.178324609995
        var: 0.00946772843599
    silence_rate_20dB:
        dmean: 0
        dmean2: 0
        dvar: 0
        dvar2: 0
        max: 1
        mean: 1
        min: 1
        var: 0
    silence_rate_30dB:
        dmean: 0
        dmean2: 0
        dvar: 0
        dvar2: 0
        max: 1
        mean: 1
        min: 1
        var: 0
    silence_rate_60dB:
        dmean: 0.0839160829782
        dmean2: 0.168224304914
        dvar: 0.0768742263317
        dvar2: 0.177308410406
        max: 1
        mean: 0.172093018889
        min: 0
        var: 0.142477214336
    spectral_centroid:
        dmean: 56.4921684265
        dmean2: 77.1123733521
        dvar: 4806.67382812
        dvar2: 6083.59716797
        max: 1515.4128418
        mean: 605.059387207
        min: 323.746398926
        var: 18923.7539062
    spectral_complexity:
        dmean: 1.53191494942
        dmean2: 2.47867298126
        dvar: 1.56813287735
        dvar2: 3.65712571144
        max: 18
        mean: 10.7240562439
        min: 0
        var: 6.46866750717
    spectral_crest:
        dmean: 1.64970374107
        dmean2: 2.30624079704
        dvar: 2.75229644775
        dvar2: 7.39910936356
        max: 24.6095561981
        mean: 11.8904905319
        min: 4.77543115616
        var: 18.4621543884
    spectral_decrease:
        dmean: 2.01029040636e-10
        dmean2: 2.52581816573e-10
        dvar: 5.05948091284e-20
        dvar2: 1.34148377732e-19
        max: -4.66606089975e-14
        mean: -1.33388056156e-09
        min: -4.64698235447e-09
        var: 4.76325648486e-19
    spectral_energy:
        dmean: 0.000787726079579
        dmean2: 0.000991824432276
        dvar: 7.70058306898e-07
        dvar2: 2.02966066354e-06
        max: 0.0182813070714
        mean: 0.00530623551458
        min: 2.0417212454e-07
        var: 7.29781368136e-06
    spectral_energyband_high:
        dmean: 9.11468578124e-06
        dmean2: 1.44575869854e-05
        dvar: 9.14321743317e-11
        dvar2: 2.24235435775e-10
        max: 0.000102744284959
        mean: 2.82149667328e-05
        min: 1.1234206454e-08
        var: 3.40530159626e-10
    spectral_energyband_low:
        dmean: 2.77262915915e-05
        dmean2: 4.41855772806e-05
        dvar: 7.99941557439e-10
        dvar2: 2.17747175846e-09
        max: 0.000387868116377
        mean: 9.37745571719e-05
        min: 3.64679264564e-09
        var: 2.71244737782e-09
    spectral_energyband_middle_high:
        dmean: 0.000164634620887
        dmean2: 0.000240481836954
        dvar: 2.11842188236e-08
        dvar2: 4.57748008387e-08
        max: 0.00204751337878
        mean: 0.000806535826996
        min: 8.79833379486e-08
        var: 1.01863406599e-07
    spectral_energyband_middle_low:
        dmean: 0.000748476071749
        dmean2: 0.000918139354326
        dvar: 7.10675294613e-07
        dvar2: 1.9512065137e-06
        max: 0.0166942030191
        mean: 0.00437771389261
        min: 1.00684026449e-07
        var: 6.85297845848e-06
    spectral_flatness_db:
        dmean: 0.0135593982413
        dmean2: 0.0200028643012
        dvar: 0.000147098835441
        dvar2: 0.000303769425955
        max: 0.354031503201
        mean: 0.250852793455
        min: 0.058824736625
        var: 0.00103399401996
    spectral_flux:
        dmean: 0.00427929311991
        dmean2: 0.00694371759892
        dvar: 1.88086069102e-05
        dvar2: 4.1789990064e-05
        max: 0.0690058469772
        mean: 0.0205176863819
        min: 0.000875275349244
        var: 5.86699861742e-05
    spectral_kurtosis:
        dmean: 6.87278699875
        dmean2: 11.8805351257
        dvar: 32.7700080872
        dvar2: 101.361816406
        max: 56.5985374451
        mean: 16.5573577881
        min: 0.970698595047
        var: 74.8565750122
    spectral_rms:
        dmean: 0.000172617845237
        dmean2: 0.000213599589188
        dvar: 3.28805995764e-08
        dvar2: 7.03355169662e-08
        max: 0.00422320049256
        mean: 0.00221000844613
        min: 1.41135506055e-05
        var: 2.92677242442e-07
    spectral_rolloff:
        dmean: 155.772003174
        dmean2: 257.633026123
        dvar: 63305.5429688
        dvar2: 101091.367188
        max: 3983.64257812
        mean: 928.060424805
        min: 344.53125
        var: 136621
    spectral_skewness:
        dmean: 0.508405983448
        dmean2: 0.873461306095
        dvar: 0.171373352408
        dvar2: 0.519052922726
        max: 5.6012506485
        mean: 2.68459653854
        min: 1.13501358032
        var: 0.43906262517
    spectral_spread:
        dmean: 245008.328125
        dmean2: 318867.15625
        dvar: 990900322304
        dvar2: 489415606272
        max: 31864394
        mean: 2175561.5
        min: 1300825.25
        var: 2.86761916826e+12
    spectral_strongpeak:
        dmean: 0.15258949995
        dmean2: 0.236370429397
        dvar: 0.0405798107386
        dvar2: 0.0900255814195
        max: 1.6767168045
        mean: 0.594642341137
        min: 0.000404094258556
        var: 0.151974841952
    zerocrossingrate:
        dmean: 0.00376542191952
        dmean2: 0.00479603279382
        dvar: 1.75397526618e-05
        dvar2: 1.53161745402e-05
        max: 0.11083984375
        mean: 0.0368203222752
        min: 0.00439453125
        var: 0.000100395845948
    barkbands:
        dmean: [5.99364424758e-09, 5.22687560078e-06, 2.47131374636e-05, 4.63821670564e-05, 0.000342421932146, 0.000481575727463, 7.0790942118e-05, 6.63769242237e-05, 0.00017413556634, 7.50455146772e-05, 1.02662688732e-05, 9.27518849494e-05, 3.0689927371e-05, 2.67364521278e-05, 3.78321383323e-05, 4.46434642072e-05, 2.51486926572e-05, 1.00895713331e-05, 7.72736348154e-06, 8.67857579578e-06, 2.85940495814e-06, 1.6929803337e-07, 1.90100930553e-08, 1.49225840573e-08, 1.98384846328e-08, 3.88390830608e-09, 4.09427913795e-09]
        dmean2: [1.04516617583e-08, 8.14372469904e-06, 3.94074086216e-05, 7.54330976633e-05, 0.000497113447636, 0.000536241044756, 9.86511076917e-05, 6.84629485477e-05, 0.000149490791955, 0.000100651333923, 1.23567169794e-05, 0.00014180407743, 3.96923678636e-05, 3.92651636503e-05, 6.31801231066e-05, 7.25755598978e-05, 4.23249257437e-05, 1.63951499417e-05, 1.25717151604e-05, 1.39615385706e-05, 4.72809506391e-06, 2.60963446408e-07, 3.1518190724e-08, 2.0753303076e-08, 3.11709911216e-08, 5.89797055639e-09, 6.21872819906e-09]
        dvar: [4.04152294601e-16, 4.96248493687e-11, 5.80412440332e-10, 4.62223903597e-09, 1.85180510925e-07, 4.90361514949e-07, 1.96423641796e-08, 5.91608007028e-09, 3.68852788313e-08, 6.38822417187e-09, 1.50815970823e-10, 8.86580675541e-09, 3.49169959613e-09, 5.88515347566e-10, 1.41359179917e-09, 1.84463455621e-09, 8.24826040802e-10, 1.04968901626e-10, 6.50779569122e-11, 7.87900508725e-11, 2.45652595487e-11, 6.72328065074e-14, 4.03205385882e-15, 4.03191409838e-15, 7.14364463715e-15, 2.76536648466e-15, 3.1573720621e-15]
        dvar2: [1.01895967148e-15, 1.35406491575e-10, 1.53010015769e-09, 1.34934055041e-08, 5.04010984059e-07, 1.31970909933e-06, 5.19921350417e-08, 6.53201848166e-09, 2.95924991178e-08, 1.17157803459e-08, 2.44692710538e-10, 2.00977705589e-08, 4.86068918448e-09, 1.18730758558e-09, 3.79656528438e-09, 4.66511229646e-09, 2.06459183083e-09, 2.81864531715e-10, 1.8520004974e-10, 1.98530705764e-10, 5.16167282527e-11, 1.35371084459e-13, 1.0103541132e-14, 9.29444509638e-15, 1.58034596152e-14, 6.93138199221e-15, 7.91490540507e-15]
        max: [2.91893798021e-07, 0.000100823563116, 0.000287031609332, 0.000828869175166, 0.00423366343603, 0.015069055371, 0.00194379710592, 0.00103001832031, 0.00423343013972, 0.000973437156063, 0.000235298459302, 0.000841275090352, 0.00111779186409, 0.000274572172202, 0.000365405314369, 0.000378653436201, 0.000423343648436, 9.40451063798e-05, 9.70281398622e-05, 9.35837160796e-05, 8.79502185853e-05, 3.97572648581e-06, 9.37928859912e-07, 8.30638612115e-07, 1.13912358302e-06, 7.6782407632e-07, 8.2012348912e-07]
        mean: [5.89889737057e-09, 1.82611966011e-05, 7.55089640734e-05, 0.000155252069817, 0.0011641390156, 0.00201301951893, 0.000151551081217, 0.000205675562029, 0.000683130987454, 0.000192683393834, 2.86318536382e-05, 0.000177331574378, 6.06641078775e-05, 7.47777885408e-05, 8.29121781862e-05, 8.42198132887e-05, 5.43456735613e-05, 2.64039244939e-05, 2.16354692384e-05, 2.7465976018e-05, 7.91014554125e-06, 5.65550749343e-07, 4.85207749534e-08, 3.98008133118e-08, 5.64853337437e-08, 2.32705232861e-09, 2.1242025916e-09]
        min: [1.47983292287e-10, 1.44697143156e-09, 1.96200611313e-09, 2.838855373e-09, 8.61202931191e-09, 4.26098090145e-09, 1.84022064253e-09, 2.41853603811e-09, 7.98500643384e-09, 5.0683621744e-09, 6.43030573233e-10, 8.04520228215e-10, 3.23098547916e-09, 3.50749385092e-09, 2.60663546303e-10, 4.44090009211e-09, 3.17429105223e-09, 3.55710549904e-09, 5.56174217792e-09, 9.22314846719e-09, 2.495899043e-09, 1.550795381e-09, 6.8401939668e-10, 3.08360670331e-10, 2.36602043513e-10, 4.12487648205e-11, 1.97164685837e-13]
        var: [2.13226594897e-16, 2.48047998808e-10, 1.75803194224e-09, 3.3382452358e-08, 5.55390045065e-07, 6.69266592013e-06, 4.58678073301e-08, 4.60457734164e-08, 6.16609725057e-07, 2.30521575162e-08, 1.16861609278e-09, 2.2416751122e-08, 9.64856017305e-09, 2.37763364552e-09, 3.07912140229e-09, 3.80475162487e-09, 1.71593206311e-09, 2.82020934383e-10, 1.79295300828e-10, 2.24579327357e-10, 1.33269811853e-10, 4.63105302804e-13, 3.35575840153e-15, 8.02701190971e-15, 2.15063596543e-14, 1.38564976347e-15, 1.58192307334e-15]
    mfcc:
        mean: [-785.092407227, 213.978363037, -78.7863006592, 45.3730430603, -22.5689105988, -14.1131916046, -6.29579305649, -17.7260932922, -4.27144479752, -10.8183050156, -19.3156375885, -14.3223600388, -7.69210863113]
        cov: [[1318.20861816, -50.4458465576, -73.2011184692, -111.156509399, -51.6706466675, -67.2723464966, -24.1922645569, -124.768226624, 11.3494720459, -89.9791946411, -18.2502307892, 2.22061252594, 11.0281028748], [-50.4458465576, 592.039672852, -176.667816162, 130.116363525, 10.3828678131, 33.6857719421, -35.3790054321, 123.511024475, -21.526473999, 105.031906128, -53.8508033752, -54.4227371216, -0.760704100132], [-73.2011184692, -176.667816162, 200.321533203, -48.7726783752, -4.42468738556, -23.4028339386, -12.0169725418, -75.5138778687, 2.61534428596, -56.1698608398, 39.7360191345, 39.1159324646, -4.5232758522], [-111.156509399, 130.116363525, -48.7726783752, 117.764205933, 35.5792350769, 18.4582080841, -15.0520563126, 43.7199707031, -7.7172293663, 37.4939079285, -15.689084053, -15.7592811584, 12.9862203598], [-51.6706466675, 10.3828678131, -4.42468738556, 35.5792350769, 67.3764572144, 31.9973697662, 6.39208889008, 5.17432689667, -11.3600282669, -10.4404039383, -10.5589437485, 1.21167755127, 11.6248188019], [-67.2723464966, 33.6857719421, -23.4028339386, 18.4582080841, 31.9973697662, 69.7977371216, 33.2264633179, 17.6426563263, -13.115860939, -7.47435092926, -7.34483242035, -0.811434209347, 4.88016986847], [-24.1922645569, -35.3790054321, -12.0169725418, -15.0520563126, 6.39208889008, 33.2264633179, 69.5876312256, 15.0846939087, 3.66024541855, -7.06882333755, -11.4095087051, -9.47725009918, -10.9931440353], [-124.768226624, 123.511024475, -75.5138778687, 43.7199707031, 5.17432689667, 17.6426563263, 15.0846939087, 104.421432495, 19.7546710968, 52.546836853, -24.0363006592, -31.4919872284, -11.4008407593], [11.3494720459, -21.526473999, 2.61534428596, -7.7172293663, -11.3600282669, -13.115860939, 3.66024541855, 19.7546710968, 61.2006492615, 33.5675392151, 2.99023461342, -6.85347175598, -15.9485263824], [-89.9791946411, 105.031906128, -56.1698608398, 37.4939079285, -10.4404039383, -7.47435092926, -7.06882333755, 52.546836853, 33.5675392151, 108.955085754, 9.59134197235, -22.1226444244, -19.569770813], [-18.2502307892, -53.8508033752, 39.7360191345, -15.689084053, -10.5589437485, -7.34483242035, -11.4095087051, -24.0363006592, 2.99023461342, 9.59134197235, 64.6707992554, 28.0536193848, -5.25594902039], [2.22061252594, -54.4227371216, 39.1159324646, -15.7592811584, 1.21167755127, -0.811434209347, -9.47725009918, -31.4919872284, -6.85347175598, -22.1226444244, 28.0536193848, 60.9455604553, 20.7541656494], [11.0281028748, -0.760704100132, -4.5232758522, 12.9862203598, 11.6248188019, 4.88016986847, -10.9931440353, -11.4008407593, -15.9485263824, -19.569770813, -5.25594902039, 20.7541656494, 62.0868721008]]
        icov: [[0.00132949103136, -0.000468376616482, 0.00181864574552, 0.000730291765649, 5.26055146111e-06, 0.00116187601816, -0.000104286824353, 0.00247884867713, -0.00186403119005, 0.00179470155854, -0.000270232034381, 0.000396499934141, 1.37171600727e-05], [-0.000468376616482, 0.00393063249066, 0.000424371304689, -0.00184276443906, 0.001634899294, -0.00284692109562, 0.00333011196926, -0.00280824536458, 0.00327552529052, -0.00293097365648, 0.00238325144164, -0.000273534533335, 0.000750079518184], [0.00181864574552, 0.000424371304689, 0.0116315651685, 0.000542327528819, -0.000985823106021, 0.0029622411821, 0.000812345708255, 0.00628781039268, -0.00488853547722, 0.00603930465877, -0.00346255069599, -0.00116222724319, 0.00240955734625], [0.000730291765649, -0.00184276443906, 0.000542327528819, 0.0168824270368, -0.00787170510739, -0.00012206959218, 0.00367961497977, -0.00201201438904, 0.00148955034092, -0.00338825280778, 0.000409894972108, 0.00185384135693, -0.00314878718928], [5.26055146111e-06, 0.001634899294, -0.000985823106021, -0.00787170510739, 0.0245435256511, -0.0109596503899, 0.00229479768313, 0.00075526535511, 0.000309501541778, 0.00135022960603, 0.00358634069562, -0.000776190252509, -0.000527045107447], [0.00116187601816, -0.00284692109562, 0.0029622411821, -0.00012206959218, -0.0109596503899, 0.0300586186349, -0.0146778570488, 0.00015589875693, 0.00100858754013, 0.00488294381648, -0.0049513913691, -0.00160771224182, -0.000964363105595], [-0.000104286824353, 0.00333011196926, 0.000812345708255, 0.00367961497977, 0.00229479768313, -0.0146778570488, 0.026134820655, -0.00416733883321, -7.29128732928e-05, -0.000672827474773, 0.00468038488179, 0.00143767893314, 0.00361996167339], [0.00247884867713, -0.00280824536458, 0.00628781039268, -0.00201201438904, 0.00075526535511, 0.00015589875693, -0.00416733883321, 0.0250193476677, -0.00903597939759, -0.000233330880292, 0.00206054118462, 0.00273246690631, 0.000973293848801], [-0.00186403119005, 0.00327552529052, -0.00488853547722, 0.00148955034092, 0.000309501541778, 0.00100858754013, -7.29128732928e-05, -0.00903597939759, 0.0283970255405, -0.0123816858977, 0.00397239113227, -0.00207592989318, 0.00231611216441], [0.00179470155854, -0.00293097365648, 0.00603930465877, -0.00338825280778, 0.00135022960603, 0.00488294381648, -0.000672827474773, -0.000233330880292, -0.0123816858977, 0.0242006313056, -0.0103513486683, 0.00374705344439, 0.00231404625811], [-0.000270232034381, 0.00238325144164, -0.00346255069599, 0.000409894972108, 0.00358634069562, -0.0049513913691, 0.00468038488179, 0.00206054118462, 0.00397239113227, -0.0103513486683, 0.0280151832849, -0.0116849001497, 0.00469925673679], [0.000396499934141, -0.000273534533335, -0.00116222724319, 0.00185384135693, -0.000776190252509, -0.00160771224182, 0.00143767893314, 0.00273246690631, -0.00207592989318, 0.00374705344439, -0.0116849001497, 0.0287324115634, -0.00946412142366], [1.37171600727e-05, 0.000750079518184, 0.00240955734625, -0.00314878718928, -0.000527045107447, -0.000964363105595, 0.00361996167339, 0.000973293848801, 0.00231611216441, 0.00231404625811, 0.00469925673679, -0.00946412142366, 0.0228273123503]]
    spectral_contrast:
        mean: [3.09598853221e-08, -2.43857158466e-07, -1.90130378996e-07, 1.20439338502e-07, 3.67468260265e-07, -3.14681585678e-07, 8.03819261819e-07, -9.04612917907e-08, 2.50227039089e-08, 5.05444586452e-06, 7.19191916687e-07, -1.31580065954e-07]
        var: [0.000279147614492, 0.000352289673174, 0.00101984315552, 0.00156571296975, 0.00313732307404, 0.00511898938566, 0.0472462251782, 0.0598600134254, 0.166196942329, 0.198947042227, 0.336604684591, 0.657068789005]

rhythm:
    beats_loudness:
        dmean: 0.00258168647997
        dmean2: 0.00439648330212
        dvar: 6.27357258054e-06
        dvar2: 1.43556662806e-05
        max: 0.0125264236704
        mean: 0.00584449339658
        min: 0.0030706517864
        var: 7.59785007176e-06
    beats_loudness_bass:
        dmean: 0.0204733517021
        dmean2: 0.0377794466913
        dvar: 0.000183382086107
        dvar2: 0.000379177567083
        max: 0.076985873282
        mean: 0.0348311699927
        min: 0.00671226577833
        var: 0.000379128323402
    bpm: 103.576705933
    bpm_confidence: 0
    first_peak_bpm: 106
    first_peak_spread: 0.357142865658
    first_peak_weight: 0.600000023842
    onset_rate: 1.49147725105
    second_peak_bpm: 73
    second_peak_spread: 0
    second_peak_weight: 0.0666666701436
    beats_position: [0.792071461678, 1.35788846016, 1.92370545864, 2.48952245712, 3.0553393364, 3.62115645409, 4.18697357178, 4.75279045105, 5.31860733032, 5.88442468643, 6.7023191452, 7.29213571548, 7.8819527626, 8.47176933289, 9.06158542633, 9.65140247345]
    bpm_estimates: [105.63899231, 106.260902405, 106.226509094, 101.792488098, 102.237052917, 101.342849731, 101.538131714]
    bpm_intervals: [0.565816998482, 0.565816998482, 0.565816998482, 0.565816879272, 0.565817117691, 0.565817117691, 0.565816879272, 0.565816879272, 0.56581735611, 0.817894458771, 0.589816570282, 0.589817047119, 0.589816570282, 0.589816093445, 0.589817047119]
    onset_times: [0.27863946557, 0.383129239082, 0.96362811327, 1.77632653713, 2.19428563118, 3.68036270142, 4.33052158356, 5.20126962662, 5.56117916107, 6.5015873909, 7.8831744194, 8.47528362274, 8.77714252472, 9.06739234924, 9.14866256714]
    rubato_start: []
    rubato_stop: []
    perceptual_tempo: "unknown"

sfx:
    inharmonicity:
        dmean: 0.0344158597291
        dmean2: 0.0605237595737
        dvar: 0.00202008127235
        dvar2: 0.00545733422041
        max: 0.308652102947
        mean: 0.0339841917157
        min: 5.40376713616e-05
        var: 0.00217248685658
    oddtoevenharmonicenergyratio:
        dmean: 3.58863353729
        dmean2: 6.67233610153
        dvar: 82.9310073853
        dvar2: 235.329544067
        max: 80.5619735718
        mean: 2.53327131271
        min: 0.000855445221532
        var: 50.9967765808
    pitch_after_max_to_before_max_energy_ratio: 2.4675526619
    pitch_centroid: 194.346160889
    pitch_max_to_total: 0
    pitch_min_to_total: 0.601415097713
    tristimulus:
        dmean: [0.212450072169, 0.218055635691, 0.0550894327462]
        dmean2: [0.364317268133, 0.370013922453, 0.098676726222]
        dvar: [0.042043928057, 0.0445289425552, 0.00312067987397]
        dvar2: [0.107642166317, 0.114718176425, 0.00911236274987]
        max: [0.960661947727, 0.967587649822, 0.298901081085]
        mean: [0.437285035849, 0.491145074368, 0.0540613308549]
        min: [0.00449117086828, 0, 0]
        var: [0.0599966645241, 0.0579114183784, 0.00356115307659]

tonal:
    chords_changes_rate: 0.0140845067799
    chords_number_rate: 0.0140845067799
    chords_strength:
        dmean: 0.00662309443578
        dmean2: 0.00383191951551
        dvar: 2.56903313129e-05
        dvar2: 1.55890629685e-05
        max: 0.660004854202
        mean: 0.570232748985
        min: 0.385358214378
        var: 0.00355291203596
    key_strength: 0.788214027882
    tuning_diatonic_strength: 0.536658704281
    tuning_equal_tempered_deviation: 0.0530814006925
    tuning_frequency: 440.763122559
    tuning_nontempered_energy_ratio: 0.622533082962
    hpcp:
        dmean: [0.109479829669, 0.0604141876101, 0.00790848024189, 0.00616258895025, 0.0103840325028, 0.0357262603939, 0.0316269546747, 0.0247568450868, 0.00871853809804, 0.00375530007295, 0.0194857046008, 0.090028077364, 0.108837082982, 0.0649365410209, 0.0514671094716, 0.0302162934095, 0.0354551747441, 0.00644502369687, 0.00392343988642, 0.0218316745013, 0.0829816460609, 0.0726418569684, 0.0693943202496, 0.00638799881563, 0.00279025756754, 0.00955853052437, 0.0521577857435, 0.0633598342538, 0.0406018868089, 0.0116741508245, 0.00440729502589, 0.00460945162922, 0.0167122557759, 0.0271638017148, 0.0445290915668, 0.103757120669]
        dmean2: [0.149346709251, 0.0995889753103, 0.0132736749947, 0.0091056227684, 0.0179232135415, 0.0604842565954, 0.0493212975562, 0.0390788577497, 0.0137279173359, 0.00523484358564, 0.0299595426768, 0.12625412643, 0.150948002934, 0.0969424620271, 0.0768584385514, 0.050825253129, 0.0505377724767, 0.0113464957103, 0.00626200763509, 0.0355745851994, 0.108917117119, 0.0964292883873, 0.0920091792941, 0.0103929527104, 0.00472204666585, 0.0166413318366, 0.072359085083, 0.0783427283168, 0.0555094778538, 0.0177278053015, 0.00613733986393, 0.0072555532679, 0.027052398771, 0.039553783834, 0.072987228632, 0.154783725739]
        dvar: [0.0153359835967, 0.00649664830416, 0.00022778523271, 0.000126089144032, 0.00048693723511, 0.0080335335806, 0.00652821781114, 0.00290000461973, 0.000250339944614, 0.000106673913251, 0.00174562446773, 0.0142067437991, 0.0218998417258, 0.0076790265739, 0.0112319188192, 0.013096225448, 0.00605047354475, 0.000176337664016, 4.70328523079e-05, 0.00301098125055, 0.0127797834575, 0.0156023427844, 0.00891850702465, 0.00014947593445, 3.33029674948e-05, 0.00191358465236, 0.00976886972785, 0.0154950944707, 0.00414228672162, 0.000222213056986, 5.24638853676e-05, 0.000157500981004, 0.000731754989829, 0.00449865637347, 0.00996863283217, 0.0117225041613]
        dvar2: [0.0325962938368, 0.0185041930526, 0.000676166557241, 0.000304606364807, 0.00154553877655, 0.0240484438837, 0.0122712440789, 0.00703067705035, 0.00066045136191, 0.000121471799503, 0.00451054889709, 0.0315986648202, 0.0383672267199, 0.0177062060684, 0.0226331222802, 0.0289141535759, 0.0147152245045, 0.000468848855235, 0.00011719489703, 0.00848509371281, 0.0251934342086, 0.0264928918332, 0.01869902201, 0.000284286186798, 0.00010011948325, 0.00559838395566, 0.0204230435193, 0.020217012614, 0.00839928444475, 0.000360189151252, 7.00902746757e-05, 0.000388442422263, 0.00162016344257, 0.00474420376122, 0.0232480764389, 0.0323870591819]
        max: [1, 0.712179005146, 0.142545506358, 0.103324785829, 0.205361247063, 0.936159849167, 1, 0.638445794582, 0.138101920485, 0.140870392323, 0.469154685736, 1, 1, 0.628253817558, 1, 1, 0.777464866638, 0.0993204787374, 0.0755895003676, 0.429196029902, 1, 1, 0.74495023489, 0.112674668431, 0.0634295120835, 0.475357204676, 1, 1, 0.592866718769, 0.154785364866, 0.0875107944012, 0.116753138602, 0.251075029373, 1, 0.957026839256, 0.829790234566]
        mean: [0.337033122778, 0.124171622097, 0.0131695317104, 0.0120172388852, 0.0144110172987, 0.0561580732465, 0.0820708274841, 0.0465242043138, 0.0148198381066, 0.00682540051639, 0.0316872894764, 0.230822220445, 0.330518484116, 0.146426230669, 0.168015867472, 0.240529760718, 0.0939548015594, 0.00780320540071, 0.00752227054909, 0.0255467835814, 0.308504253626, 0.543588578701, 0.262933582067, 0.00933255255222, 0.0044307615608, 0.00975564401597, 0.177103415132, 0.304419457912, 0.152581423521, 0.0241640675813, 0.00857203267515, 0.00696129910648, 0.0308703482151, 0.0540348403156, 0.0657164752483, 0.254834324121]
        min: [0, 0, 0, 0, 0.000103620994196, 0.00200947117992, 0.00362622318789, 0.00130937935319, 0.000117278577818, 0.00010817166185, 0.000416118797148, 0.00283559900708, 0.00726954126731, 0.00188173004426, 0, 0, 0, 0, 0, 8.33533267723e-05, 0.0168735738844, 0.015264602378, 4.8177807912e-05, 0, 0, 0, 0, 0, 0.000214111059904, 0.000146621241583, 9.38992598094e-05, 0.000121945238789, 0.00109875027556, 0.000585467380006, 0.00129204301629, 0.0123834321275]
        var: [0.0674382150173, 0.0121835395694, 0.00025545412791, 0.000266492250375, 0.000427604623837, 0.0119524952024, 0.0272086579353, 0.0083685182035, 0.000425294914749, 0.000136455753818, 0.0018553949194, 0.04278229177, 0.107042871416, 0.0238930769265, 0.0834191218019, 0.168965801597, 0.028275847435, 0.000158318202011, 0.00015802445705, 0.00228512031026, 0.0560080036521, 0.178518503904, 0.0529477931559, 0.000231709243963, 4.87844808958e-05, 0.00111814215779, 0.0520149953663, 0.153641134501, 0.0339201949537, 0.00043548620306, 8.3032384282e-05, 0.000116794442874, 0.00120945379604, 0.00876273680478, 0.0144546600059, 0.0353800579906]
    chords_histogram: [48.3568077087, 0, 0, 0, 0, 0, 0, 0, 0, 0, 0, 0, 0, 0, 0, 0, 0, 0, 0, 0, 0, 0, 27.6995296478, 23.9436626434]
    thpcp: [1, 0.48369961977, 0.017168411985, 0.00815094634891, 0.017946742475, 0.325804144144, 0.560018122196, 0.280692845583, 0.0444528609514, 0.0157693400979, 0.0128061911091, 0.0567899122834, 0.09940392524, 0.120893776417, 0.468800008297, 0.620015084743, 0.228429421782, 0.024227021262, 0.022107232362, 0.0265108905733, 0.103309884667, 0.150979682803, 0.0855871662498, 0.0272629689425, 0.0125561878085, 0.0582927800715, 0.424626678228, 0.608030617237, 0.269369572401, 0.309086441994, 0.442484945059, 0.172841757536, 0.014354984276, 0.013838169165, 0.0469965413213, 0.567532598972]
    chords_key: "A"
    chords_scale: "major"
    key_key: "A"
    key_scale: "major"
    chords_progression: ["A", "A", "A", "A", "A", "A", "A", "A", "A", "A", "A", "A", "A", "A", "A", "A", "A", "A", "A", "A", "A", "A", "A", "A", "A", "A", "A", "A", "A", "A", "A", "A", "A", "A", "A", "A", "A", "A", "A", "A", "A", "A", "A", "A", "A", "A", "A", "A", "A", "A", "A", "A", "A", "A", "A", "A", "A", "F#m", "F#m", "F#m", "F#m", "F#m", "F#m", "F#m", "F#m", "F#m", "F#m", "F#m", "F#m", "F#m", "F#m", "F#m", "F#m", "F#m", "F#m", "F#m", "F#m", "F#m", "F#m", "F#m", "F#m", "F#m", "F#m", "F#m", "F#m", "F#m", "F#m", "F#m", "F#m", "F#m", "F#m", "F#m", "F#m", "F#m", "F#m", "F#m", "F#m", "F#m", "F#m", "F#m", "F#m", "F#m", "F#m", "F#m", "F#m", "F#m", "F#m", "F#m", "D", "D", "D", "D", "D", "D", "D", "D", "D", "D", "D", "D", "D", "D", "D", "D", "D", "D", "D", "D", "D", "D", "D", "D", "D", "D", "D", "D", "D", "D", "D", "D", "D", "D", "D", "D", "D", "D", "D", "D", "D", "D", "D", "D", "D", "D", "D", "D", "D", "D", "D", "D", "D", "D", "D", "D", "D", "D", "D", "A", "A", "A", "A", "A", "A", "A", "A", "A", "A", "A", "A", "A", "A", "A", "A", "A", "A", "A", "A", "A", "A", "A", "A", "A", "A", "A", "A", "A", "A", "A", "A", "A", "A", "A", "A", "A", "A", "A", "A", "A", "A", "A", "A", "A", "A"]
