
metadata:
    version:
        essentia: "1.2.2"
    audio_properties:
        analysis_sample_rate: 44100
        bitrate: 128
        channels: 2
        equal_loudness: 1
        length: 10.0571432114
        replay_gain: -9.13002586365
        downmix: "mix"
    tags:
        track: 3
        year: 0
        album: "Splitted by Mp3Splt v. 2.1"
        artist: "From 000.20 To 000.30"
        comment: "http://mp3splt.sf.net"
        genre: ""
        title: "08 40.mp3"

highlevel:
    ballroom:
        all:
            ChaChaCha: 0.0168565250933
            Jive: 0.0436086282134
            Quickstep: 0.0957688465714
            Rumba-American: 0.0264594070613
            Rumba-International: 0.151498019695
            Rumba-Misc: 0.129555746913
            Samba: 0.0150263942778
            Tango: 0.0290168598294
            VienneseWaltz: 0.343617349863
            Waltz: 0.148592218757
        probability: 0.343617349863
        value: "VienneseWaltz"
    culture:
        all:
            non_western: 0.467445939779
            western: 0.532554030418
        probability: 0.532554030418
        value: "western"
    gender:
        all:
            female: 0.494517505169
            male: 0.505482494831
        probability: 0.505482494831
        value: "male"
    genre_dortmund:
        all:
            alternative: 0.119075842202
            blues: 0.0301655866206
            electronic: 0.0411494970322
            folkcountry: 0.217033565044
            funksoulrnb: 0.054568041116
            jazz: 0.0572953298688
            pop: 0.0832247808576
            raphiphop: 0.00212415633723
            rock: 0.395363211632
        probability: 0.395363211632
        value: "rock"
    genre_electronica:
        all:
            ambient: 0.674679934978
            dnb: 0.028205005452
            house: 0.00357481953688
            techno: 0.00138549425174
            trance: 0.292154759169
        probability: 0.674679934978
        value: "ambient"
    genre_rosamerica:
        all:
            cla: 0.111323207617
            dan: 0.0190490353853
            hip: 0.0148534504697
            jaz: 0.329982191324
            pop: 0.204627558589
            rhy: 0.077339887619
            roc: 0.237386643887
            spe: 0.00543802184984
        probability: 0.329982191324
        value: "jaz"
    genre_tzanetakis:
        all:
            blu: 0.00449473923072
            cla: 0.0376413613558
            cou: 0.586348712444
            dis: 0.0195264704525
            hip: 0.00248626619577
            jaz: 0.123854108155
            met: 0.00596073176712
            pop: 0.0667117238045
            reg: 0.0192097052932
            roc: 0.133766174316
        probability: 0.586348712444
        value: "cou"
    live_studio:
        all:
            live: 0.482981652021
            studio: 0.517018318176
        probability: 0.517018318176
        value: "studio"
    mood:
        all:
            Cluster1: 0.170864716172
            Cluster2: 0.286417603493
            Cluster3: 0.300675809383
            Cluster4: 0.11161262542
            Cluster5: 0.130429252982
        probability: 0.300675809383
        value: "Cluster3"
    mood_acoustic:
        all:
            acoustic: 0.618961751461
            not_acoustic: 0.381038218737
        probability: 0.618961751461
        value: "acoustic"
    mood_aggressive:
        all:
            aggressive: 0.0410156212747
            not_aggressive: 0.958984375
        probability: 0.958984375
        value: "not_aggressive"
    mood_electronic:
        all:
            electronic: 0.143130242825
            not_electronic: 0.856869757175
        probability: 0.856869757175
        value: "not_electronic"
    mood_happy:
        all:
            happy: 0.267801612616
            not_happy: 0.732198357582
        probability: 0.732198357582
        value: "not_happy"
    mood_party:
        all:
            not_party: 0.914317965508
            party: 0.0856820344925
        probability: 0.914317965508
        value: "not_party"
    mood_relaxed:
        all:
            not_relaxed: 0.18529766798
            relaxed: 0.81470233202
        probability: 0.81470233202
        value: "relaxed"
    mood_sad:
        all:
            not_sad: 0.283315628767
            sad: 0.716684401035
        probability: 0.716684401035
        value: "sad"
    rhythm:
        all:
            fast: 0.0566812828183
            medium: 0.931745350361
            slow: 0.0115733556449
        probability: 0.931745350361
        value: "medium"
    speech_music:
        all:
            music: 0.999722599983
            speech: 0.000277414917946
        probability: 0.999722599983
        value: "music"
    timbre:
        all:
            bright: 0.665131151676
            dark: 0.334868848324
        probability: 0.665131151676
        value: "bright"
    voice_instrumental:
        all:
            instrumental: 0.0489790290594
            voice: 0.951020956039
        probability: 0.951020956039
        value: "voice"

lowlevel:
    average_loudness: 0.9737637043
    barkbands_kurtosis:
        dmean: 1.06531238556
        dmean2: 1.68935418129
        dvar: 1.96114122868
        dvar2: 4.54744243622
        max: 15.9534435272
        mean: 1.41768264771
        min: -1.7774002552
        var: 8.53597736359
    barkbands_skewness:
        dmean: 0.296021431684
        dmean2: 0.460959196091
        dvar: 0.0766205787659
        dvar2: 0.167161524296
        max: 3.4836025238
        mean: 0.948119044304
        min: -1.30456030369
        var: 0.864592254162
    barkbands_spread:
        dmean: 3.63984298706
        dmean2: 5.74337434769
        dvar: 13.7872600555
        dvar2: 31.7854824066
        max: 50.1325912476
        mean: 19.621679306
        min: 2.9012761116
        var: 91.1109771729
    dissonance:
        dmean: 0.0264226906002
        dmean2: 0.0432412065566
        dvar: 0.000839870364871
        dvar2: 0.00177897245158
        max: 0.499994695187
        mean: 0.448593080044
        min: 0.0302367024124
        var: 0.00133893394377
    hfc:
        dmean: 1.2051128149
        dmean2: 1.74924886227
        dvar: 2.55341601372
        dvar2: 5.36126661301
        max: 23.2448120117
        mean: 5.01321649551
        min: 0.000857126142364
        var: 14.5547075272
    pitch:
        dmean: 124.116981506
        dmean2: 235.081802368
        dvar: 216426.375
        dvar2: 574807
        max: 4009.09082031
        mean: 289.968475342
        min: 78.1914901733
        var: 146229.0625
    pitch_instantaneous_confidence:
        dmean: 0.0779846012592
        dmean2: 0.120018847287
        dvar: 0.00524278031662
        dvar2: 0.0121611161157
        max: 0.877028226852
        mean: 0.546721160412
        min: 0.196717381477
        var: 0.0231081154197
    pitch_salience:
        dmean: 0.0543666221201
        dmean2: 0.0891233310103
        dvar: 0.00236536515877
        dvar2: 0.00594992702827
        max: 0.955407857895
        mean: 0.548539400101
        min: 0.288735866547
        var: 0.00801662355661
    silence_rate_20dB:
        dmean: 0
        dmean2: 0
        dvar: 0
        dvar2: 0
        max: 1
        mean: 1
        min: 1
        var: 0
    silence_rate_30dB:
        dmean: 0
        dmean2: 0
        dvar: 0
        dvar2: 0
        max: 1
        mean: 1
        min: 1
        var: 0
    silence_rate_60dB:
        dmean: 0.106235563755
        dmean2: 0.212962970138
        dvar: 0.0949498862028
        dvar2: 0.213907152414
        max: 1
        mean: 0.232718899846
        min: 0
        var: 0.178561255336
    spectral_centroid:
        dmean: 131.208190918
        dmean2: 213.827865601
        dvar: 21959.1015625
        dvar2: 51581.7460938
        max: 2358.42089844
        mean: 968.126281738
        min: 331.786193848
        var: 212299.171875
    spectral_complexity:
        dmean: 1.95823669434
        dmean2: 3.04418611526
        dvar: 5.67343235016
        dvar2: 12.6608409882
        max: 28
        mean: 9.89814853668
        min: 0
        var: 19.7303733826
    spectral_crest:
        dmean: 2.05292487144
        dmean2: 3.32911229134
        dvar: 3.56347632408
        dvar2: 9.1060590744
        max: 21.5355186462
        mean: 9.4538192749
        min: 3.72416758537
        var: 14.6234912872
    spectral_decrease:
        dmean: 2.90019369631e-10
        dmean2: 4.44348002837e-10
        dvar: 1.69957065224e-19
        dvar2: 4.13762489091e-19
        max: -8.99386427421e-14
        mean: -1.20808041348e-09
        min: -5.85376724871e-09
        var: 4.01443753517e-19
    spectral_energy:
        dmean: 0.00118416990153
        dmean2: 0.00180133187678
        dvar: 2.75127763416e-06
        dvar2: 6.60585192236e-06
        max: 0.0240220837295
        mean: 0.00501428870484
        min: 4.17193547264e-07
        var: 6.98718349668e-06
    spectral_energyband_high:
        dmean: 3.84509694413e-05
        dmean2: 5.71694690734e-05
        dvar: 4.70727412605e-09
        dvar2: 1.0486805202e-08
        max: 0.000778129964601
        mean: 8.05487070465e-05
        min: 1.34698110443e-08
        var: 1.21368728401e-08
    spectral_energyband_low:
        dmean: 6.43220701022e-05
        dmean2: 0.000108624815766
        dvar: 1.71143028638e-08
        dvar2: 4.59381084283e-08
        max: 0.000922472099774
        mean: 8.15817184048e-05
        min: 2.31230457004e-09
        var: 1.36050957167e-08
    spectral_energyband_middle_high:
        dmean: 0.000442479009507
        dmean2: 0.000615309691057
        dvar: 3.81985756803e-07
        dvar2: 8.36810443161e-07
        max: 0.00984621420503
        mean: 0.00162731052842
        min: 3.57272313067e-07
        var: 2.42750775215e-06
    spectral_energyband_middle_low:
        dmean: 0.000954045914114
        dmean2: 0.00148911494762
        dvar: 1.93171354113e-06
        dvar2: 4.95130007039e-06
        max: 0.0135339507833
        mean: 0.00322484993376
        min: 4.39489795667e-08
        var: 3.78723075301e-06
    spectral_flatness_db:
        dmean: 0.019248533994
        dmean2: 0.0287065748125
        dvar: 0.000379658740712
        dvar2: 0.000739797658753
        max: 0.316103160381
        mean: 0.191008672118
        min: 0.0846247226
        var: 0.00148442469072
    spectral_flux:
        dmean: 0.0087570277974
        dmean2: 0.0131825003773
        dvar: 9.00465602172e-05
        dvar2: 0.000190997539903
        max: 0.108868822455
        mean: 0.0317478887737
        min: 0.00624521123245
        var: 0.000244791910518
    spectral_kurtosis:
        dmean: 2.53567171097
        dmean2: 4.10220384598
        dvar: 8.32716941833
        dvar2: 20.0769939423
        max: 28.3233203888
        mean: 7.10321760178
        min: -0.606416940689
        var: 18.9092731476
    spectral_rms:
        dmean: 0.000249752687523
        dmean2: 0.000372489710571
        dvar: 8.1349170955e-08
        dvar2: 1.69717978338e-07
        max: 0.00484109297395
        mean: 0.00214098487049
        min: 2.01746897801e-05
        var: 3.08172161567e-07
    spectral_rolloff:
        dmean: 298.716888428
        dmean2: 512.339904785
        dvar: 196642.9375
        dvar2: 437603.84375
        max: 4974.16992188
        mean: 1717.12341309
        min: 452.197265625
        var: 1049722.75
    spectral_skewness:
        dmean: 0.284192979336
        dmean2: 0.447043627501
        dvar: 0.0905423983932
        dvar2: 0.220020189881
        max: 3.93965792656
        mean: 1.97349977493
        min: 0.415292263031
        var: 0.333038181067
    spectral_spread:
        dmean: 649682.5625
        dmean2: 892293.5
        dvar: 863209783296
        dvar2: 1.44729649971e+12
        max: 17609720
        mean: 3825040
        min: 1667107.75
        var: 2.1239553065e+12
    spectral_strongpeak:
        dmean: 0.407592266798
        dmean2: 0.678035736084
        dvar: 0.488023489714
        dvar2: 1.08935976028
        max: 7.17995405197
        mean: 0.827468037605
        min: 0.000402856618166
        var: 1.01900911331
    zerocrossingrate:
        dmean: 0.00577780604362
        dmean2: 0.00755927525461
        dvar: 3.4237109503e-05
        dvar2: 4.37533562945e-05
        max: 0.126953125
        mean: 0.0570814348757
        min: 0.005859375
        var: 0.000548447598703
    barkbands:
        dmean: [6.88582275643e-08, 1.80424176506e-05, 5.29269273102e-05, 0.000209734236705, 0.000407455198001, 0.000128175728605, 0.000231141908444, 0.000203314993996, 0.00034571334254, 8.89666480361e-05, 6.14438904449e-05, 8.32967707538e-05, 8.12765574665e-05, 7.26683065295e-05, 4.54118271591e-05, 7.51540574129e-05, 6.62849488435e-05, 0.000137451817864, 5.93818549532e-05, 5.97095677222e-05, 1.4411306438e-05, 6.60382420392e-06, 2.49884578807e-06, 1.23783956951e-06, 5.91155867369e-07, 8.91950602266e-09, 3.56444346261e-10]
        dmean2: [1.09817307248e-07, 3.09491661028e-05, 9.39073725021e-05, 0.00035497744102, 0.000661967671476, 0.000202423834708, 0.000334938667947, 0.000312910589855, 0.000533555168658, 0.000124460973893, 8.9848668722e-05, 0.000115925358841, 0.000126681072288, 0.000108555366751, 7.09224696038e-05, 0.000114766284241, 0.000106929495814, 0.000231187004829, 9.91957494989e-05, 9.16704302654e-05, 2.30848527281e-05, 1.02820331449e-05, 3.87550971936e-06, 2.06754907595e-06, 9.29993120735e-07, 1.34615030234e-08, 5.8292309868e-10]
        dvar: [2.05067591326e-14, 2.03772088092e-09, 1.20628849132e-08, 1.93084630951e-07, 6.84839335463e-07, 5.78360008774e-08, 2.72972130233e-07, 2.57987096575e-07, 3.33691076548e-07, 6.36856896108e-08, 1.09817026583e-08, 4.70438052957e-08, 2.56435725987e-08, 1.7126609464e-08, 6.70780364587e-09, 2.25644711804e-08, 1.09659579195e-08, 1.21178331369e-07, 7.7435240442e-09, 1.02842836469e-08, 7.85952469773e-10, 1.38699329799e-10, 2.30924741135e-11, 8.32183367355e-12, 7.59012644402e-12, 2.29016162537e-16, 4.78432167314e-18]
        dvar2: [4.2198971368e-14, 5.29393684445e-09, 3.40822623457e-08, 5.67373547256e-07, 1.84321845609e-06, 1.2074822564e-07, 5.02738487285e-07, 5.16979298482e-07, 7.99914857907e-07, 1.42522495139e-07, 2.20012914554e-08, 9.99568214866e-08, 6.54183267557e-08, 3.75955835352e-08, 1.31517827739e-08, 4.73220573838e-08, 2.85040258063e-08, 3.01759740751e-07, 1.97498870591e-08, 2.27572911626e-08, 1.89034787823e-09, 2.83847917393e-10, 4.9684274056e-11, 1.97682235165e-11, 2.29252953426e-11, 5.62731050129e-16, 1.1873521739e-17]
        max: [1.18046136777e-06, 0.000309595867293, 0.000816985615529, 0.00591533677652, 0.00781414099038, 0.00355447945185, 0.00632703863084, 0.00719559425488, 0.00642429525033, 0.00377982598729, 0.00164330855478, 0.00450805481523, 0.00155250856187, 0.00169770023786, 0.00098021782469, 0.00210554152727, 0.0010248812614, 0.00484953820705, 0.000789531914052, 0.00137566565536, 0.000369047949789, 0.000140447547892, 8.54371392052e-05, 4.11849978263e-05, 5.1150451327e-05, 2.74990497928e-07, 3.29281490963e-08]
        mean: [9.19956590906e-08, 1.71259198396e-05, 6.43665553071e-05, 0.000563866458833, 0.000846862734761, 0.000272663397482, 0.00037536691525, 0.000330436712829, 0.000828038086183, 0.000156358553795, 0.000129922234919, 0.000178718124516, 0.000152449618327, 0.000133259527502, 8.17169348011e-05, 0.000177994355909, 0.000126588201965, 0.000247875315836, 0.000129244697746, 0.00015913239622, 2.31872272707e-05, 1.23437148432e-05, 4.22103403253e-06, 1.77626804998e-06, 6.73305009968e-07, 1.29191501941e-08, 2.83522344491e-10]
        min: [4.41120751038e-11, 8.52767578774e-10, 1.42071199249e-09, 1.95821514559e-09, 5.42576827911e-09, 7.47325223927e-09, 1.36581359556e-08, 1.13416511738e-08, 2.75253730919e-09, 2.37148611859e-08, 2.7848178874e-08, 1.17455734028e-08, 1.00412700377e-08, 4.06813498444e-08, 5.45283782571e-08, 7.2963651121e-08, 3.48790827331e-08, 3.75302064981e-08, 1.86269151214e-08, 3.32319665119e-08, 2.43094655517e-09, 1.17108811537e-09, 7.243265987e-10, 5.62735635867e-10, 4.77759609652e-10, 7.22165244271e-11, 1.97425474406e-12]
        var: [2.39314217586e-14, 1.51740164878e-09, 8.61578097755e-09, 2.53232144587e-07, 1.10106407192e-06, 1.6062834618e-07, 6.4093472929e-07, 4.67937439907e-07, 7.59256806759e-07, 1.23016832276e-07, 4.20617922714e-08, 1.54779101535e-07, 6.30844922966e-08, 4.17970049682e-08, 1.58693769237e-08, 1.05727224309e-07, 2.69610964665e-08, 2.46354971978e-07, 2.2043757042e-08, 5.92499205254e-08, 1.45101164417e-09, 4.92105023397e-10, 7.18532386368e-11, 1.9300042467e-11, 1.01602441738e-11, 4.68365121179e-16, 2.53666122457e-18]
    mfcc:
        mean: [-737.335632324, 144.773178101, -51.9557228088, 35.2931785583, -19.1971340179, -13.4907894135, -8.68365859985, -1.10384607315, -11.9653263092, -2.42614388466, -8.60619735718, -13.0015258789, -11.8587322235]
        cov: [[2027.65979004, -665.198242188, -47.9161529541, 56.2568397522, 46.96326828, 61.3622169495, 28.9489154816, 32.5440979004, -72.9904174805, -34.2960739136, 43.0111312866, 15.6756744385, 31.573507309], [-665.198242188, 837.265380859, -225.627578735, -170.218292236, -136.331848145, -75.6240844727, 51.0782928467, -54.9385070801, -57.0605506897, 17.8805465698, 26.3874874115, 19.6282672882, -32.0800819397], [-47.9161529541, -225.627578735, 539.774414062, -35.2058563232, -83.2560653687, 77.6151275635, -6.11843776703, -41.7930107117, 68.0660858154, -7.38197660446, 36.883026123, 32.7550773621, -7.3709397316], [56.2568397522, -170.218292236, -35.2058563232, 288.071044922, 136.86756897, -19.840089798, -96.3293609619, 27.13971138, 51.562461853, 9.47313308716, -55.1450843811, -18.5143928528, 43.1736106873], [46.96326828, -136.331848145, -83.2560653687, 136.86756897, 247.951416016, -19.6144123077, -83.5549468994, 38.5157051086, 42.3865280151, 38.487323761, -51.2531929016, -15.7449979782, 43.3855056763], [61.3622169495, -75.6240844727, 77.6151275635, -19.840089798, -19.6144123077, 113.182250977, 50.5661849976, 14.4294748306, 5.96358203888, -17.7979774475, 19.294467926, 0.246216729283, -27.5967788696], [28.9489154816, 51.0782928467, -6.11843776703, -96.3293609619, -83.5549468994, 50.5661849976, 177.152603149, 28.9323654175, -31.248085022, -30.9769878387, 34.6783828735, -2.30917596817, -28.5011825562], [32.5440979004, -54.9385070801, -41.7930107117, 27.13971138, 38.5157051086, 14.4294748306, 28.9323654175, 103.658462524, 19.2111301422, -0.476490706205, -8.45331668854, 3.54560732841, 1.65169227123], [-72.9904174805, -57.0605506897, 68.0660858154, 51.562461853, 42.3865280151, 5.96358203888, -31.248085022, 19.2111301422, 93.6482315063, 20.9786949158, -4.42136335373, 3.72956514359, 2.71417713165], [-34.2960739136, 17.8805465698, -7.38197660446, 9.47313308716, 38.487323761, -17.7979774475, -30.9769878387, -0.476490706205, 20.9786949158, 94.0473022461, 10.1506738663, 12.921831131, 9.16984558105], [43.0111312866, 26.3874874115, 36.883026123, -55.1450843811, -51.2531929016, 19.294467926, 34.6783828735, -8.45331668854, -4.42136335373, 10.1506738663, 83.4445877075, 26.4377307892, -16.2254276276], [15.6756744385, 19.6282672882, 32.7550773621, -18.5143928528, -15.7449979782, 0.246216729283, -2.30917596817, 3.54560732841, 3.72956514359, 12.921831131, 26.4377307892, 61.2465820312, 13.8165426254], [31.573507309, -32.0800819397, -7.3709397316, 43.1736106873, 43.3855056763, -27.5967788696, -28.5011825562, 1.65169227123, 2.71417713165, 9.16984558105, -16.2254276276, 13.8165426254, 78.1156158447]]
        icov: [[0.000850109849125, 0.000935785064939, 0.000519407738466, 7.96797321527e-05, 0.000175871828105, -0.000119609241665, -7.02533361618e-05, 0.000241517918766, 0.000653545430396, 5.11977959832e-05, -0.000568310671952, -0.000506288895849, -0.000182217045221], [0.000935785064939, 0.00298832822591, 0.00165504019242, 0.000877662794665, 0.00114592560567, 0.00072971067857, -0.000381301128073, 0.00133072584867, 4.31764201494e-05, -0.000444280565716, -0.000164606084581, -0.00151287158951, 0.000258224899881], [0.000519407738466, 0.00165504019242, 0.00377298332751, 0.000767705845647, 0.00176124239806, -0.00176539074164, 0.00043114068103, 0.00205284450203, -0.00265844957903, 0.000111559813377, -0.00019304122543, -0.001701763249, -0.000746345147491], [7.96797321527e-05, 0.000877662794665, 0.000767705845647, 0.00619218824431, -0.00112735992298, -0.000307092617732, 0.00203969003633, -0.000485150900204, -0.00216840836219, 0.000783513241913, 0.00111106270924, 0.000843173707835, -0.00168456719257], [0.000175871828105, 0.00114592560567, 0.00176124239806, -0.00112735992298, 0.00823202263564, -0.00126628321595, 0.00207365653478, -0.00143271533307, -0.00180432514753, -0.00252038100734, 0.0017630723305, 0.00103239854798, -0.00250159786083], [-0.000119609241665, 0.00072971067857, -0.00176539074164, -0.000307092617732, -0.00126628321595, 0.0134785613045, -0.00357838231139, -0.000761526171118, 7.65901131672e-06, 0.00139372784179, -0.00126705074217, -0.000515455380082, 0.00419079558924], [-7.02533361618e-05, -0.000381301128073, 0.00043114068103, 0.00203969003633, 0.00207365653478, -0.00357838231139, 0.010458140634, -0.00426127016544, 0.00141014996916, 0.00145711377263, -0.00246422318742, 0.00259150518104, -0.000915121636353], [0.000241517918766, 0.00133072584867, 0.00205284450203, -0.000485150900204, -0.00143271533307, -0.000761526171118, -0.00426127016544, 0.0140099218115, -0.00365527928807, 0.000226592863328, 0.0018660784699, -0.00387179083191, 0.000759251066484], [0.000653545430396, 4.31764201494e-05, -0.00265844957903, -0.00216840836219, -0.00180432514753, 7.65901131672e-06, 0.00141014996916, -0.00365527928807, 0.0168033558875, -0.0023653828539, -0.0011402675882, -4.35163310613e-05, 0.00176248000935], [5.11977959832e-05, -0.000444280565716, 0.000111559813377, 0.000783513241913, -0.00252038100734, 0.00139372784179, 0.00145711377263, 0.000226592863328, -0.0023653828539, 0.0135418642312, -0.0031350676436, -0.0016483614454, -7.37129303161e-05], [-0.000568310671952, -0.000164606084581, -0.00019304122543, 0.00111106270924, 0.0017630723305, -0.00126705074217, -0.00246422318742, 0.0018660784699, -0.0011402675882, -0.0031350676436, 0.0188530981541, -0.00713284313679, 0.00274966144934], [-0.000506288895849, -0.00151287158951, -0.001701763249, 0.000843173707835, 0.00103239854798, -0.000515455380082, 0.00259150518104, -0.00387179083191, -4.35163310613e-05, -0.0016483614454, -0.00713284313679, 0.0235286261886, -0.00621948111802], [-0.000182217045221, 0.000258224899881, -0.000746345147491, -0.00168456719257, -0.00250159786083, 0.00419079558924, -0.000915121636353, 0.000759251066484, 0.00176248000935, -7.37129303161e-05, 0.00274966144934, -0.00621948111802, 0.0179804321378]]
    spectral_contrast:
        mean: [6.61756445197e-08, 3.69355632301e-07, 1.5873875725e-07, -1.87747730251e-07, 3.89499803077e-07, -1.03204335744e-07, -9.34461468205e-07, 1.1627045069e-06, -7.21188598618e-07, 1.8096632175e-06, -3.04949503516e-06, -1.13690339276e-06]
        var: [0.000615458469838, 0.000711040978786, 0.00256044301204, 0.00339227006771, 0.00432312162593, 0.0068608741276, 0.0393327064812, 0.0940449163318, 0.143993377686, 0.222560420632, 0.303688079119, 1.01278996468]

rhythm:
    beats_loudness:
        dmean: 0.0030645984225
        dmean2: 0.00551786459982
        dvar: 4.41929296358e-06
        dvar2: 9.60824763752e-06
        max: 0.0102702425793
        mean: 0.00573720410466
        min: 0.0014432570897
        var: 6.81670462654e-06
    beats_loudness_bass:
        dmean: 0.0779947116971
        dmean2: 0.138607501984
        dvar: 0.00452238926664
        dvar2: 0.0137684047222
        max: 0.249701112509
        mean: 0.0905558243394
        min: 0.00181883107871
        var: 0.00585943413898
    bpm: 148.517471313
    bpm_confidence: 0
    first_peak_bpm: 149
    first_peak_spread: 0
    first_peak_weight: 0.956521749496
    onset_rate: 3.57954549789
    second_peak_bpm: 104
    second_peak_spread: 0
    second_peak_weight: 0.0434782616794
    beats_position: [0.211024835706, 0.614715337753, 1.01840591431, 1.42209637165, 1.82578682899, 2.22947740555, 2.63316774368, 3.03685832024, 3.44054865837, 3.84423923492, 4.24792957306, 4.65162038803, 5.05531072617, 5.4590010643, 5.86269140244, 6.4404964447, 6.84484100342, 7.24918556213, 7.65353012085, 8.05787563324, 8.46221923828, 8.86656475067, 9.27090835571, 9.6752538681]
    bpm_estimates: [148.512985229, 149.703765869, 148.389190674, 148.147094727, 148.400650024, 147.416442871, 148.215332031, 151.444213867, 147.423019409, 147.52204895]
    bpm_intervals: [0.403690516949, 0.403690576553, 0.403690457344, 0.403690457344, 0.403690576553, 0.403690338135, 0.403690576553, 0.403690338135, 0.403690576553, 0.403690338135, 0.403690814972, 0.403690338135, 0.403690338135, 0.403690338135, 0.577805042267, 0.404344558716, 0.404344558716, 0.404344558716, 0.40434551239, 0.404343605042, 0.40434551239, 0.404343605042, 0.40434551239]
    onset_times: [0.0580498874187, 0.162539675832, 0.371519267559, 0.580498874187, 0.719818592072, 0.975238084793, 1.18421769142, 1.369977355, 1.81115651131, 1.99691605568, 2.20589566231, 2.62385487556, 3.01859402657, 3.27401351929, 3.83129262924, 4.06349229813, 4.22603178024, 4.45823144913, 4.63238096237, 5.25931978226, 5.47990942001, 5.73532867432, 5.87464857101, 6.09523820877, 6.29260778427, 6.68734693527, 6.78022670746, 6.90793657303, 7.33750581741, 7.51165533066, 7.72063493729, 7.91800451279, 8.35918331146, 8.6146030426, 9.16027164459, 9.5666217804]
    rubato_start: []
    rubato_stop: []
    perceptual_tempo: "unknown"

sfx:
    inharmonicity:
        dmean: 0.0345157831907
        dmean2: 0.0615302734077
        dvar: 0.00277455640025
        dvar2: 0.00774743035436
        max: 0.400567442179
        mean: 0.0323677025735
        min: 0.000168560552993
        var: 0.00235685100779
    oddtoevenharmonicenergyratio:
        dmean: 1.41131591797
        dmean2: 2.63858366013
        dvar: 17.4524211884
        dvar2: 54.3866004944
        max: 36.6160316467
        mean: 1.01981830597
        min: 0.000286857190076
        var: 9.97362422943
    pitch_after_max_to_before_max_energy_ratio: 1.08477151394
    pitch_centroid: 215.915176392
    pitch_max_to_total: 0.476851850748
    pitch_min_to_total: 0.425925940275
    tristimulus:
        dmean: [0.18010558188, 0.187941387296, 0.0790065228939]
        dmean2: [0.314093291759, 0.328160107136, 0.140809506178]
        dvar: [0.0310937631875, 0.0319471396506, 0.00828825496137]
        dvar2: [0.0872988700867, 0.091522783041, 0.025918642059]
        max: [0.935048699379, 0.961191296577, 0.539772093296]
        mean: [0.469808936119, 0.41786685586, 0.0867885276675]
        min: [0.00450050784275, 0, 0]
        var: [0.052231900394, 0.0478199273348, 0.00919223576784]

tonal:
    chords_changes_rate: 0.0276497695595
    chords_number_rate: 0.0184331797063
    chords_strength:
        dmean: 0.00681052450091
        dmean2: 0.00574990082532
        dvar: 3.661786468e-05
        dvar2: 2.75911770586e-05
        max: 0.662173390388
        mean: 0.468871206045
        min: 0.307975322008
        var: 0.0107916258276
    key_strength: 0.739488959312
    tuning_diatonic_strength: 0.607171714306
    tuning_equal_tempered_deviation: 0.0656996145844
    tuning_frequency: 441.272583008
    tuning_nontempered_energy_ratio: 0.66490149498
    hpcp:
        dmean: [0.0353610888124, 0.0304968263954, 0.0430760718882, 0.0657671913505, 0.0630834549665, 0.0431561209261, 0.0269605964422, 0.0330463312566, 0.0573829002678, 0.0683479085565, 0.0802479833364, 0.0817475616932, 0.0652516633272, 0.0520848184824, 0.0406983047724, 0.0487302616239, 0.056607041508, 0.120779819787, 0.154125720263, 0.178321480751, 0.093441516161, 0.051798813045, 0.0542575456202, 0.115106150508, 0.139744669199, 0.124928168952, 0.0674263611436, 0.0534065440297, 0.0412708967924, 0.0454688630998, 0.0504266805947, 0.0808245241642, 0.145827263594, 0.148185059428, 0.154229611158, 0.0822434052825]
        dmean2: [0.0595819950104, 0.0543612204492, 0.0761893987656, 0.105764776468, 0.107140429318, 0.0750077068806, 0.045178629458, 0.0566036589444, 0.0991309434175, 0.108032174408, 0.130146175623, 0.139650449157, 0.105739600956, 0.086312122643, 0.0706612467766, 0.085505142808, 0.102608703077, 0.206777647138, 0.268772602081, 0.300072878599, 0.165447086096, 0.095804437995, 0.0925981774926, 0.191967412829, 0.226032316685, 0.197942972183, 0.116478838027, 0.0930957794189, 0.0768742635846, 0.0846030563116, 0.0927101746202, 0.138230636716, 0.248514577746, 0.24680480361, 0.258645266294, 0.143631994724]
        dvar: [0.00781625881791, 0.00645762355998, 0.00428627850488, 0.0114086912945, 0.0159286223352, 0.0111717265099, 0.0024928743951, 0.00455473922193, 0.0184557922184, 0.0195391252637, 0.0221089217812, 0.0163059718907, 0.012964467518, 0.00877586193383, 0.00624725595117, 0.017394034192, 0.0195692740381, 0.0207307096571, 0.0449619069695, 0.0390459150076, 0.0240765642375, 0.0261073689908, 0.0125026702881, 0.0191868897527, 0.0328653231263, 0.0214996896684, 0.0194169655442, 0.0203609261662, 0.01466494333, 0.0161087363958, 0.0143238659948, 0.0213207248598, 0.0320332497358, 0.0382957048714, 0.0345716997981, 0.0212835799903]
        dvar2: [0.0167882628739, 0.0181189253926, 0.0118627259508, 0.0277581363916, 0.0347378030419, 0.0303767062724, 0.0060350978747, 0.0123735154048, 0.0515426024795, 0.0410641655326, 0.0547661669552, 0.0410520210862, 0.0270582083613, 0.0214491784573, 0.0169113390148, 0.0499680861831, 0.0561141967773, 0.0621545389295, 0.112162068486, 0.11265616864, 0.0698831528425, 0.0747104138136, 0.0268469788134, 0.0515845716, 0.0827628448606, 0.0542331971228, 0.0516858696938, 0.0567156709731, 0.0421770364046, 0.0465829409659, 0.0389538668096, 0.0573306456208, 0.0937157720327, 0.0944860950112, 0.0809058174491, 0.0524316430092]
        max: [0.843903899193, 0.685930371284, 0.391362756491, 0.998105347157, 1, 1, 0.401222556829, 0.417116552591, 1, 1, 1, 1, 1, 0.807033061981, 0.563276529312, 1, 1, 1, 1, 1, 0.966060161591, 1, 1, 1, 1, 1, 1, 1, 1, 0.943604946136, 1, 1, 1, 1, 1, 1]
        mean: [0.0406603105366, 0.0299099739641, 0.0605728663504, 0.123865514994, 0.105455338955, 0.043577875942, 0.0302983205765, 0.033776152879, 0.0664877891541, 0.107930958271, 0.119526349008, 0.160440042615, 0.148105204105, 0.0667302235961, 0.042545735836, 0.045240689069, 0.0491302274168, 0.22433245182, 0.543245255947, 0.417455792427, 0.0941968113184, 0.040146112442, 0.0585120618343, 0.255337685347, 0.443134665489, 0.269929051399, 0.0735543891788, 0.0503808520734, 0.0346147194505, 0.0472425371408, 0.0637331977487, 0.082431435585, 0.245179325342, 0.406047672033, 0.276630997658, 0.090808480978]
        min: [0.000889286573511, 0.000745046942029, 0.000444113975391, 0.000957494718023, 0.00151386030484, 0.00163499428891, 0.000987874576822, 0.000652249145787, 0.00260734069161, 0.00325812213123, 0.00307671888731, 0.00229856860824, 0.00249761203304, 0.00195217411965, 0.00155273638666, 0.00073223747313, 0.00060006469721, 0.0030000063125, 0.00339470570907, 0.00495483027771, 0.000788825913332, 0.00032956621726, 0.000748963851947, 0.00510797137395, 0.00875773094594, 0.00312823569402, 0.00057604216272, 0.000322801235598, 0.000792962673586, 0.000720228068531, 0.000476691668155, 0.00093913305318, 0.00271196709946, 0.00800423976034, 0.00666609220207, 0.0019158043433]
        var: [0.00922167208046, 0.00483066914603, 0.00569176347926, 0.0298816114664, 0.0247886925936, 0.00809065531939, 0.00258083082736, 0.00360704213381, 0.0155041590333, 0.0411696135998, 0.0341386310756, 0.0648448467255, 0.0575423911214, 0.0130432071164, 0.00525582814589, 0.0111189158633, 0.0142400516197, 0.0372565761209, 0.157349944115, 0.09543171525, 0.0215451605618, 0.0156534742564, 0.0161422472447, 0.0583888590336, 0.132580950856, 0.0561029054224, 0.0168548915535, 0.0177897308022, 0.00947396177799, 0.0102533400059, 0.0111739477143, 0.0208289436996, 0.0640679225326, 0.124909736216, 0.0643087700009, 0.0239304788411]
    chords_histogram: [47.4654388428, 0, 0, 0, 0, 0, 0, 0, 0, 0, 0, 0, 0, 0, 0, 0, 0, 9.21658992767, 0, 0, 0, 0, 14.7465438843, 28.571428299]
    thpcp: [1, 0.768448114395, 0.173396468163, 0.0739005282521, 0.107708372176, 0.470022857189, 0.81571751833, 0.496882468462, 0.135398119688, 0.0927405282855, 0.0637184008956, 0.0869635492563, 0.117319382727, 0.151738896966, 0.451323449612, 0.747448146343, 0.509219348431, 0.16715927422, 0.0748470574617, 0.0550579577684, 0.11150187999, 0.228010296822, 0.194121047854, 0.0802176818252, 0.0557728223503, 0.0621747784317, 0.122390002012, 0.198678135872, 0.220022812486, 0.295336306095, 0.27263045311, 0.122836276889, 0.0783177316189, 0.0832785740495, 0.0904383957386, 0.41294875741]
    chords_key: "G#"
    chords_scale: "major"
    key_key: "G#"
    key_scale: "major"
    chords_progression: ["C#", "C#", "C#", "C#", "C#", "C#", "C#", "C#", "C#", "C#", "C#", "C#", "C#", "C#", "C#", "C#", "C#", "C#", "C#", "C#", "C#", "C#", "C#", "C#", "C#", "C#", "C#", "C#", "C#", "Fm", "C#", "C#", "C#", "G#m", "G#m", "G#m", "G#m", "G#m", "G#m", "G#m", "G#m", "G#m", "G#m", "G#m", "G#m", "G#m", "G#m", "G#m", "G#m", "G#m", "G#m", "G#m", "G#m", "G#", "G#", "G#", "G#", "G#", "G#", "G#", "G#", "G#", "G#", "G#", "G#", "G#", "G#", "G#", "G#", "G#", "G#", "G#", "G#", "G#", "G#", "G#", "G#", "G#", "G#", "G#", "G#", "G#", "G#", "G#", "G#", "G#", "G#", "G#", "G#", "G#", "G#", "G#", "G#", "G#", "G#", "G#", "G#", "G#", "G#", "G#", "G#", "G#", "G#", "G#", "G#", "G#", "G#", "G#", "G#", "G#", "G#", "G#", "G#", "G#", "G#", "G#", "Fm", "Fm", "Fm", "Fm", "Fm", "Fm", "Fm", "Fm", "Fm", "Fm", "Fm", "Fm", "Fm", "Fm", "Fm", "Fm", "Fm", "Fm", "Fm", "Fm", "Fm", "Fm", "Fm", "Fm", "Fm", "Fm", "Fm", "Fm", "Fm", "Fm", "Fm", "Fm", "Fm", "Fm", "Fm", "Fm", "Fm", "Fm", "Fm", "Fm", "Fm", "Fm", "Fm", "Fm", "Fm", "Fm", "Fm", "Fm", "Fm", "Fm", "Fm", "Fm", "Fm", "Fm", "Fm", "Fm", "Fm", "Fm", "Fm", "Fm", "Fm", "G#", "G#", "G#", "G#", "G#", "G#", "G#", "G#", "G#", "G#", "G#", "G#", "G#", "G#", "G#", "G#", "G#", "G#", "G#", "G#", "G#", "G#", "G#", "G#", "G#", "G#", "G#", "G#", "G#", "G#", "G#", "G#", "G#", "G#", "G#", "G#", "G#", "G#", "G#", "G#"]
