
metadata:
    version:
        essentia: "1.2.2"
    audio_properties:
        analysis_sample_rate: 44100
        bitrate: 128
        channels: 2
        equal_loudness: 1
        length: 10.0571432114
        replay_gain: -9.55976676941
        downmix: "mix"
    tags:
        track: 33
        year: 0
        album: "Splitted by Mp3Splt v. 2.1"
        artist: "From 005.20 To 005.30"
        comment: "http://mp3splt.sf.net"
        genre: ""
        title: "04 Solar Temple.mp3"

highlevel:
    ballroom:
        all:
            ChaChaCha: 0.205466091633
            Jive: 0.157111883163
            Quickstep: 0.0256203133613
            Rumba-American: 0.00764525355771
            Rumba-International: 0.11413589865
            Rumba-Misc: 0.0824790373445
            Samba: 0.369356840849
            Tango: 0.0127619514242
            VienneseWaltz: 0.0159364305437
            Waltz: 0.00948628503829
        probability: 0.369356840849
        value: "Samba"
    culture:
        all:
            non_western: 0.00440108077601
            western: 0.995598912239
        probability: 0.995598912239
        value: "western"
    gender:
        all:
            female: 0.783121347427
            male: 0.216878637671
        probability: 0.783121347427
        value: "female"
    genre_dortmund:
        all:
            alternative: 0.0414668656886
            blues: 0.00685230642557
            electronic: 0.491987019777
            folkcountry: 0.0637860149145
            funksoulrnb: 0.0353537537158
            jazz: 0.0262330975384
            pop: 0.126156628132
            raphiphop: 0.0555209368467
            rock: 0.152643367648
        probability: 0.491987019777
        value: "electronic"
    genre_electronica:
        all:
            ambient: 0.0556948818266
            dnb: 0.101598337293
            house: 0.0033329972066
            techno: 0.00418772222474
            trance: 0.835186064243
        probability: 0.835186064243
        value: "trance"
    genre_rosamerica:
        all:
            cla: 0.0403281934559
            dan: 0.556493282318
            hip: 0.0147938420996
            jaz: 0.0123530495912
            pop: 0.227047011256
            rhy: 0.0129719311371
            roc: 0.133342862129
            spe: 0.00266983127221
        probability: 0.556493282318
        value: "dan"
    genre_tzanetakis:
        all:
            blu: 0.0138446390629
            cla: 0.0232180822641
            cou: 0.110959351063
            dis: 0.187308296561
            hip: 0.0142412744462
            jaz: 0.0712510496378
            met: 0.0252976920456
            pop: 0.318516224623
            reg: 0.0226341728121
            roc: 0.212729200721
        probability: 0.318516224623
        value: "pop"
    live_studio:
        all:
            live: 0.889555573463
            studio: 0.110444426537
        probability: 0.889555573463
        value: "live"
    mood:
        all:
            Cluster1: 0.442466437817
            Cluster2: 0.115403413773
            Cluster3: 0.0452881455421
            Cluster4: 0.0640229210258
            Cluster5: 0.332819074392
        probability: 0.442466437817
        value: "Cluster1"
    mood_acoustic:
        all:
            acoustic: 0.00496282009408
            not_acoustic: 0.995037198067
        probability: 0.995037198067
        value: "not_acoustic"
    mood_aggressive:
        all:
            aggressive: 0.699982583523
            not_aggressive: 0.300017386675
        probability: 0.699982583523
        value: "aggressive"
    mood_electronic:
        all:
            electronic: 0.985184490681
            not_electronic: 0.014815511182
        probability: 0.985184490681
        value: "electronic"
    mood_happy:
        all:
            happy: 0.791870415211
            not_happy: 0.208129569888
        probability: 0.791870415211
        value: "happy"
    mood_party:
        all:
            not_party: 0.354361712933
            party: 0.645638287067
        probability: 0.645638287067
        value: "party"
    mood_relaxed:
        all:
            not_relaxed: 0.90256267786
            relaxed: 0.0974373519421
        probability: 0.90256267786
        value: "not_relaxed"
    mood_sad:
        all:
            not_sad: 0.88577747345
            sad: 0.114222534001
        probability: 0.88577747345
        value: "not_sad"
    rhythm:
        all:
            fast: 0.131489247084
            medium: 0.855646729469
            slow: 0.0128639917821
        probability: 0.855646729469
        value: "medium"
    speech_music:
        all:
            music: 0.999998688698
            speech: 1.2963238305e-06
        probability: 0.999998688698
        value: "music"
    timbre:
        all:
            bright: 0.397027939558
            dark: 0.60297203064
        probability: 0.60297203064
        value: "dark"
    voice_instrumental:
        all:
            instrumental: 0.061453409493
            voice: 0.938546597958
        probability: 0.938546597958
        value: "voice"

lowlevel:
    average_loudness: 0.97598618269
    barkbands_kurtosis:
        dmean: 0.388654112816
        dmean2: 0.63085269928
        dvar: 0.165269434452
        dvar2: 0.384454101324
        max: 2.53710079193
        mean: -0.969169676304
        min: -1.7268204689
        var: 0.2751955688
    barkbands_skewness:
        dmean: 0.31734213233
        dmean2: 0.50767070055
        dvar: 0.0744936540723
        dvar2: 0.181146740913
        max: 1.95770025253
        mean: 0.280425846577
        min: -1.37379038334
        var: 0.244672954082
    barkbands_spread:
        dmean: 5.2743935585
        dmean2: 7.97292804718
        dvar: 20.5442256927
        dvar2: 43.7501602173
        max: 60.2733612061
        mean: 32.3886756897
        min: 16.075214386
        var: 46.8530578613
    dissonance:
        dmean: 0.0187851786613
        dmean2: 0.0305055249482
        dvar: 0.000575071724597
        dvar2: 0.000898558064364
        max: 0.499995470047
        mean: 0.461811035872
        min: 0.037931650877
        var: 0.000916053482797
    hfc:
        dmean: 3.20904040337
        dmean2: 4.43717575073
        dvar: 32.5431594849
        dvar2: 69.2038345337
        max: 59.4567298889
        mean: 8.25651168823
        min: 0.00062031194102
        var: 63.8899612427
    pitch:
        dmean: 250.814620972
        dmean2: 475.814758301
        dvar: 498821.3125
        dvar2: 1263843
        max: 4410
        mean: 426.10760498
        min: 88.0239486694
        var: 559007.25
    pitch_instantaneous_confidence:
        dmean: 0.0793079808354
        dmean2: 0.12350500375
        dvar: 0.00404434558004
        dvar2: 0.00986628606915
        max: 0.719418048859
        mean: 0.403414577246
        min: 0.183831214905
        var: 0.0128341307864
    pitch_salience:
        dmean: 0.0562235563993
        dmean2: 0.0894550234079
        dvar: 0.00236078281887
        dvar2: 0.0056374152191
        max: 0.958246350288
        mean: 0.611897945404
        min: 0.419370770454
        var: 0.00522580742836
    silence_rate_20dB:
        dmean: 0
        dmean2: 0
        dvar: 0
        dvar2: 0
        max: 1
        mean: 1
        min: 1
        var: 0
    silence_rate_30dB:
        dmean: 0
        dmean2: 0
        dvar: 0
        dvar2: 0
        max: 1
        mean: 1
        min: 1
        var: 0
    silence_rate_60dB:
        dmean: 0.14780600369
        dmean2: 0.296296298504
        dvar: 0.125959485769
        dvar2: 0.259430766106
        max: 1
        mean: 0.246543779969
        min: 0
        var: 0.18575951457
    spectral_centroid:
        dmean: 281.482116699
        dmean2: 449.230041504
        dvar: 82157.203125
        dvar2: 203939.03125
        max: 3354.70092773
        mean: 1568.85986328
        min: 715.348632812
        var: 198482.796875
    spectral_complexity:
        dmean: 3.62877035141
        dmean2: 5.43023252487
        dvar: 18.0060482025
        dvar2: 33.3288726807
        max: 51
        mean: 16.3796291351
        min: 0
        var: 64.8790664673
    spectral_crest:
        dmean: 1.47774672508
        dmean2: 2.39494967461
        dvar: 1.56789135933
        dvar2: 3.89619541168
        max: 17.0863170624
        mean: 5.57365703583
        min: 2.77248215675
        var: 3.43138337135
    spectral_decrease:
        dmean: 3.24570842425e-10
        dmean2: 4.76788108994e-10
        dvar: 2.24054638511e-19
        dvar2: 4.9008946859e-19
        max: -1.19430669781e-13
        mean: -1.10399678288e-09
        min: -5.24526022616e-09
        var: 4.27823060239e-19
    spectral_energy:
        dmean: 0.00147338246461
        dmean2: 0.00213149306364
        dvar: 5.07532831762e-06
        dvar2: 1.09667316792e-05
        max: 0.0244195535779
        mean: 0.00491562718526
        min: 5.07023855789e-07
        var: 9.78536536422e-06
    spectral_energyband_high:
        dmean: 0.000369282293832
        dmean2: 0.000527172989678
        dvar: 5.35622234565e-07
        dvar2: 1.17615957151e-06
        max: 0.0072616985999
        mean: 0.000589777191635
        min: 3.33838805489e-08
        var: 8.87981173037e-07
    spectral_energyband_low:
        dmean: 0.000165623947396
        dmean2: 0.000263691530563
        dvar: 7.61033405183e-08
        dvar2: 1.94543659404e-07
        max: 0.0020366651006
        mean: 0.000236200299696
        min: 6.42363184866e-09
        var: 8.7647059388e-08
    spectral_energyband_middle_high:
        dmean: 0.000582591921557
        dmean2: 0.000891204515938
        dvar: 6.73219517466e-07
        dvar2: 1.43036879763e-06
        max: 0.0108562260866
        mean: 0.0019813561812
        min: 1.64299663652e-07
        var: 1.97911617761e-06
    spectral_energyband_middle_low:
        dmean: 0.000771323859226
        dmean2: 0.00121665385086
        dvar: 9.73374653768e-07
        dvar2: 2.17633896682e-06
        max: 0.00911241024733
        mean: 0.00210728403181
        min: 3.01338786812e-07
        var: 1.65269420904e-06
    spectral_flatness_db:
        dmean: 0.0125364912674
        dmean2: 0.0192015953362
        dvar: 9.03485852177e-05
        dvar2: 0.000216386601096
        max: 0.180745601654
        mean: 0.118526823819
        min: 0.0801286771894
        var: 0.000312009302434
    spectral_flux:
        dmean: 0.00835485383868
        dmean2: 0.0121684540063
        dvar: 9.31585091166e-05
        dvar2: 0.000211508915527
        max: 0.11447827518
        mean: 0.0408604927361
        min: 0.0200524609536
        var: 0.000236249252339
    spectral_kurtosis:
        dmean: 1.04848504066
        dmean2: 1.62169086933
        dvar: 1.21336889267
        dvar2: 2.66013836861
        max: 10.9550218582
        mean: 2.3541200161
        min: -0.0449979305267
        var: 2.51228952408
    spectral_rms:
        dmean: 0.000297554419376
        dmean2: 0.000428946630564
        dvar: 1.23331290069e-07
        dvar2: 2.4867722459e-07
        max: 0.00488097872585
        mean: 0.00211491249502
        min: 2.22408962145e-05
        var: 3.22880794101e-07
    spectral_rolloff:
        dmean: 590.838500977
        dmean2: 954.020874023
        dvar: 327544.5
        dvar2: 809330.0625
        max: 5060.30273438
        mean: 3240.49853516
        min: 1464.2578125
        var: 619762.6875
    spectral_skewness:
        dmean: 0.204031482339
        dmean2: 0.30530077219
        dvar: 0.0387890376151
        dvar2: 0.0855548530817
        max: 2.76118707657
        mean: 1.28105854988
        min: 0.606714248657
        var: 0.0970861762762
    spectral_spread:
        dmean: 660880.0625
        dmean2: 876443.5625
        dvar: 512312868864
        dvar2: 794935951360
        max: 17084544
        mean: 5197652
        min: 2671111.75
        var: 1.21193483469e+12
    spectral_strongpeak:
        dmean: 0.449825555086
        dmean2: 0.81155693531
        dvar: 0.547464549541
        dvar2: 1.48507452011
        max: 6.37605667114
        mean: 0.569442808628
        min: 0.000342390005244
        var: 0.478044241667
    zerocrossingrate:
        dmean: 0.00989704206586
        dmean2: 0.0119980927557
        dvar: 6.82014069753e-05
        dvar2: 8.46005204949e-05
        max: 0.1611328125
        mean: 0.0960128232837
        min: 0.00244140625
        var: 0.000375922158128
    barkbands:
        dmean: [9.58364125836e-06, 7.43752825656e-05, 0.000118344993098, 0.000131544511532, 0.00038098442019, 0.000236714418861, 0.000129372827359, 0.000214227518882, 0.000123885576613, 9.06924688024e-05, 5.04376985191e-05, 7.9408971942e-05, 8.23214068078e-05, 0.00017924963322, 8.63652167027e-05, 8.14813465695e-05, 0.000112675741548, 0.000135909736855, 0.000171016043168, 0.00021115130221, 0.000163212229381, 8.54693353176e-05, 1.51636631927e-05, 8.86618272489e-06, 2.6466309464e-06, 2.49116887119e-08, 1.00105146394e-09]
        dmean2: [1.56332334882e-05, 0.000112463916594, 0.000204393960303, 0.000220280344365, 0.000616975536104, 0.00040042528417, 0.000194636158994, 0.000341660052072, 0.000183662094059, 0.000138401184813, 7.36524307285e-05, 0.000130750762764, 0.00013781459711, 0.000313287222525, 0.000137595852721, 0.000126843136968, 0.000173147607711, 0.000220302099478, 0.000267120864009, 0.000326275039697, 0.000252354919212, 0.000131401611725, 2.25161220442e-05, 1.29450472741e-05, 3.91508456232e-06, 3.96235186884e-08, 1.56488366709e-09]
        dvar: [1.89184196087e-10, 1.61675668409e-08, 5.09846920238e-08, 6.87450025794e-08, 4.07120154478e-07, 8.3822449426e-08, 8.10935461004e-08, 6.06058989661e-08, 2.40273561047e-08, 1.11222391297e-08, 5.83941650589e-09, 8.81363959593e-09, 1.02191650697e-08, 3.66402801433e-08, 1.00532995262e-08, 3.02884473058e-08, 3.22809761144e-08, 5.29475840949e-08, 4.58481146381e-08, 1.94458749547e-07, 8.74618919511e-08, 2.34754296002e-08, 6.83774703525e-10, 1.91707469344e-10, 1.731687016e-11, 1.42621247725e-15, 1.41088411905e-16]
        dvar2: [5.46909129095e-10, 3.38833672231e-08, 1.3919057551e-07, 1.87444840094e-07, 9.80063077805e-07, 2.21013337409e-07, 1.34321169298e-07, 1.41899477057e-07, 5.50386936027e-08, 2.36075781146e-08, 1.37519275967e-08, 2.14013269328e-08, 2.73546323371e-08, 9.53032994744e-08, 2.57129535441e-08, 7.12383823043e-08, 6.85166554604e-08, 1.20337972476e-07, 8.27200494768e-08, 4.29039147321e-07, 1.93327309717e-07, 5.26109360521e-08, 1.61978097601e-09, 4.17154283339e-10, 3.73441763624e-11, 3.43576511032e-15, 3.52764076241e-16]
        max: [0.000102126468846, 0.00124305509962, 0.00114834215492, 0.00274902535602, 0.00713387457654, 0.00267231184989, 0.00512943230569, 0.00195243745111, 0.00141986936796, 0.00100939173717, 0.000861098407768, 0.000869073090144, 0.00107100792229, 0.00152576097753, 0.00123511406127, 0.00215414143167, 0.00254700146616, 0.00264616496861, 0.00205128407106, 0.00478762062266, 0.00235015200451, 0.0013950788416, 0.000236572697759, 0.000105355058622, 3.77011310775e-05, 2.86896153057e-07, 1.75570164629e-07]
        mean: [1.29419895529e-05, 0.000113733294711, 0.000110536449938, 0.000146014310303, 0.000535965431482, 0.000491339305881, 0.000244606781052, 0.000424028810812, 0.000215282881982, 0.000166663448908, 8.54966638144e-05, 0.000125851875055, 0.00013769416546, 0.000297297781799, 0.000162744676345, 0.000130535947392, 0.000217826818698, 0.000211896767723, 0.000334092241246, 0.000368583685486, 0.000224031507969, 0.000120869139209, 2.18201639655e-05, 1.23649042507e-05, 3.37705273523e-06, 3.42988570878e-08, 5.67769165016e-10]
        min: [2.84674372963e-09, 3.56403551116e-09, 1.44966039173e-09, 6.79448830532e-10, 3.32271499204e-09, 2.69632529637e-08, 7.16554282576e-08, 9.57582528827e-08, 9.4936979167e-08, 4.15275813737e-08, 2.29086740688e-08, 1.49794558979e-08, 3.37332615175e-08, 1.31177646523e-08, 6.37419361738e-09, 1.96122473817e-09, 4.83326711986e-09, 1.64918869672e-08, 1.55697286175e-08, 5.22651877333e-09, 1.2920857273e-08, 1.29933690474e-08, 1.30304700363e-09, 5.09455255759e-10, 5.31190147424e-10, 3.78717446292e-10, 3.18746521148e-13]
        var: [2.29682675656e-10, 2.75874612043e-08, 3.93204757643e-08, 6.49036238087e-08, 4.91081436849e-07, 1.3499339957e-07, 2.36194281911e-07, 1.23841701338e-07, 4.96883565404e-08, 2.71757230053e-08, 9.0721883339e-09, 1.57737787276e-08, 1.96818206177e-08, 5.95966866968e-08, 2.75891149926e-08, 4.67480596456e-08, 9.69599298628e-08, 7.78271314061e-08, 1.17112499254e-07, 3.14197194484e-07, 1.21853659607e-07, 4.02235791341e-08, 9.28135290845e-10, 2.74311656723e-10, 2.57312244428e-11, 1.81415864929e-15, 7.11129621066e-17]
    mfcc:
        mean: [-678.247741699, 98.6794891357, -38.3473854065, 36.2112350464, -20.045545578, -2.0278775692, -9.15015029907, -13.6558523178, -8.28895282745, 2.59052157402, 0.613427639008, 1.03619396687, -6.35008525848]
        cov: [[1556.88952637, -430.150146484, 165.338348389, 116.64881897, 35.8268356323, 60.2092475891, 17.7733078003, 35.4539146423, 11.2638874054, -87.3555755615, -45.7258415222, -89.629737854, -38.100227356], [-430.150146484, 458.17376709, -96.0096969604, 11.863158226, 78.240196228, 8.76985359192, 39.4536094666, 7.78243255615, 25.7291088104, 62.8892021179, -21.8810634613, 17.9196815491, -9.56400585175], [165.338348389, -96.0096969604, 224.029998779, 53.4139938354, 30.6542758942, 31.806470871, 31.3346424103, 9.44290351868, 0.377189517021, -1.63913226128, 31.6958446503, -18.9796562195, -3.97488689423], [116.64881897, 11.863158226, 53.4139938354, 117.834831238, 69.8146133423, 44.1934814453, 37.6896972656, 10.6102905273, 20.5141506195, 8.08699607849, -5.56691837311, -5.07567977905, -10.2469577789], [35.8268356323, 78.240196228, 30.6542758942, 69.8146133423, 138.438644409, 53.6823158264, 49.0560417175, 15.5010128021, 28.3582038879, 18.3105010986, -9.21809959412, -18.330450058, 3.92564129829], [60.2092475891, 8.76985359192, 31.806470871, 44.1934814453, 53.6823158264, 97.4172973633, 57.6419448853, 23.3018131256, 15.9401941299, 4.8847413063, -1.3068215847, -0.599296569824, -8.93792533875], [17.7733078003, 39.4536094666, 31.3346424103, 37.6896972656, 49.0560417175, 57.6419448853, 113.40007019, 38.5592651367, 15.3871946335, 19.3264770508, 15.7620811462, -1.88436555862, 1.14064490795], [35.4539146423, 7.78243255615, 9.44290351868, 10.6102905273, 15.5010128021, 23.3018131256, 38.5592651367, 61.7958106995, 29.3948497772, 5.31832695007, 2.28404307365, -1.24803125858, 2.94363164902], [11.2638874054, 25.7291088104, 0.377189517021, 20.5141506195, 28.3582038879, 15.9401941299, 15.3871946335, 29.3948497772, 60.766910553, 20.3170700073, -4.77003192902, 0.217143967748, 5.90484189987], [-87.3555755615, 62.8892021179, -1.63913226128, 8.08699607849, 18.3105010986, 4.8847413063, 19.3264770508, 5.31832695007, 20.3170700073, 66.795135498, 24.0491752625, 15.0456771851, 6.54266548157], [-45.7258415222, -21.8810634613, 31.6958446503, -5.56691837311, -9.21809959412, -1.3068215847, 15.7620811462, 2.28404307365, -4.77003192902, 24.0491752625, 66.0187683105, 26.4509944916, 10.4620733261], [-89.629737854, 17.9196815491, -18.9796562195, -5.07567977905, -18.330450058, -0.599296569824, -1.88436555862, -1.24803125858, 0.217143967748, 15.0456771851, 26.4509944916, 62.9178466797, 23.5331325531], [-38.100227356, -9.56400585175, -3.97488689423, -10.2469577789, 3.92564129829, -8.93792533875, 1.14064490795, 2.94363164902, 5.90484189987, 6.54266548157, 10.4620733261, 23.5331325531, 54.3921699524]]
        icov: [[0.00112245592754, 0.00111129507422, -0.000138407151098, -0.000816723273601, -0.000313672673656, 2.87912862404e-05, -8.66439586389e-05, -0.000538025982678, -5.26220464963e-05, 0.000247506686719, 0.000764851516578, 0.000508606957737, 0.000484753225464], [0.00111129507422, 0.00477415090427, 0.000956807110924, 0.00027262873482, -0.00320880161598, 0.00165541365277, -0.00156910123769, -0.00049601047067, 0.000338294921676, -0.00290851038881, 0.00342680257745, -0.00229072244838, 0.00294763199054], [-0.000138407151098, 0.000956807110924, 0.00674842344597, -0.00276936707087, -0.000162827418535, -0.00101295986678, -4.73682048323e-05, -0.000141684824484, 0.000511285790708, 0.000378625292797, -0.00462895864621, 0.00343420612626, -0.000799833214842], [-0.000816723273601, 0.00027262873482, -0.00276936707087, 0.0160595178604, -0.00679855654016, -0.000407639076002, -0.00230784551241, 0.00220380560495, -0.00259785307571, -0.000505223521031, 0.00330244004726, -0.00588420126587, 0.00490516563877], [-0.000313672673656, -0.00320880161598, -0.000162827418535, -0.00679855654016, 0.0166021008044, -0.00587275624275, -0.000543988717254, 0.00204202532768, -0.00266693113372, -0.000413818226662, -0.00169655925129, 0.00819634087384, -0.00721955252811], [2.87912862404e-05, 0.00165541365277, -0.00101295986678, -0.000407639076002, -0.00587275624275, 0.0194512344897, -0.00783583428711, -0.00116842263378, -0.000938676472288, 0.000862944114488, 0.00380692770705, -0.00665805488825, 0.00615464570001], [-8.66439586389e-05, -0.00156910123769, -4.73682048323e-05, -0.00230784551241, -0.000543988717254, -0.00783583428711, 0.0179893448949, -0.00884112436324, 0.00409063603729, -0.00218580756336, -0.00500395009294, 0.00392780127004, -0.00284002441913], [-0.000538025982678, -0.00049601047067, -0.000141684824484, 0.00220380560495, 0.00204202532768, -0.00116842263378, -0.00884112436324, 0.0279116481543, -0.0137366196141, 0.00401533115655, -0.00133954547346, 0.000243558592047, -0.00056324043544], [-5.26220464963e-05, 0.000338294921676, 0.000511285790708, -0.00259785307571, -0.00266693113372, -0.000938676472288, 0.00409063603729, -0.0137366196141, 0.0279842168093, -0.00923726521432, 0.00450582895428, 8.8473558435e-07, -0.00252748210914], [0.000247506686719, -0.00290851038881, 0.000378625292797, -0.000505223521031, -0.000413818226662, 0.000862944114488, -0.00218580756336, 0.00401533115655, -0.00923726521432, 0.0250933673233, -0.0102849062532, -0.000385453633498, -0.000275931204669], [0.000764851516578, 0.00342680257745, -0.00462895864621, 0.00330244004726, -0.00169655925129, 0.00380692770705, -0.00500395009294, -0.00133954547346, 0.00450582895428, -0.0102849062532, 0.0290084462613, -0.0124951703474, 0.0029220902361], [0.000508606957737, -0.00229072244838, 0.00343420612626, -0.00588420126587, 0.00819634087384, -0.00665805488825, 0.00392780127004, 0.000243558592047, 8.8473558435e-07, -0.000385453633498, -0.0124951703474, 0.0306765381247, -0.0135080153123], [0.000484753225464, 0.00294763199054, -0.000799833214842, 0.00490516563877, -0.00721955252811, 0.00615464570001, -0.00284002441913, -0.00056324043544, -0.00252748210914, -0.000275931204669, 0.0029220902361, -0.0135080153123, 0.0273207928985]]
    spectral_contrast:
        mean: [2.36771512618e-07, 1.94508444906e-07, -6.35644880731e-07, -5.57336193197e-07, -2.3945338512e-07, 3.98744042229e-08, 2.39618952946e-06, 1.91949038708e-06, -6.06698040428e-06, 2.14963051803e-07, 1.8256681642e-06, -4.41515890515e-09]
        var: [0.000333106378093, 0.000769589969423, 0.000971027708147, 0.00162033259403, 0.00207020738162, 0.00329784792848, 0.0514971353114, 0.0706588551402, 0.146086201072, 0.255268663168, 0.41598251462, 1.27123355865]

rhythm:
    beats_loudness:
        dmean: 0.00605763867497
        dmean2: 0.0121802687645
        dvar: 1.89308702829e-05
        dvar2: 5.18373635714e-05
        max: 0.0173337142915
        mean: 0.00901687890291
        min: 0.00334029342048
        var: 1.88296726265e-05
    beats_loudness_bass:
        dmean: 0.0971973240376
        dmean2: 0.168476521969
        dvar: 0.0037513312418
        dvar2: 0.013322503306
        max: 0.215987235308
        mean: 0.0827971994877
        min: 0.0013243247522
        var: 0.00564569886774
    bpm: 86.1962432861
    bpm_confidence: 0
    first_peak_bpm: 172
    first_peak_spread: 0
    first_peak_weight: 0.526315808296
    onset_rate: 4.57386350632
    second_peak_bpm: 86
    second_peak_spread: 0
    second_peak_weight: 0.421052634716
    beats_position: [0.347111910582, 1.0431984663, 1.73928499222, 2.43537163734, 3.13145828247, 3.8275449276, 4.52363157272, 5.21971845627, 5.91580486298, 6.28136253357, 6.6296248436, 6.97788763046, 7.32615089417, 7.67441320419, 8.02267551422, 8.37093830109, 8.71920013428, 9.06746387482, 9.41572570801, 9.76398849487]
    bpm_estimates: [86.3721466064, 86.1331939697, 86.2950820923, 86.1463546753, 86.2127990723, 86.0893859863, 86.2119979858, 86.1432723999, 86.1824798584, 86.175743103]
    bpm_intervals: [0.696086525917, 0.696086525917, 0.696086645126, 0.696086645126, 0.696086645126, 0.696086645126, 0.696086883545, 0.696086406708, 0.365557670593, 0.348262310028, 0.348262786865, 0.348263263702, 0.348262310028, 0.348262310028, 0.348262786865, 0.348261833191, 0.34826374054, 0.348261833191, 0.348262786865]
    onset_times: [0.0580498874187, 0.232199549675, 0.348299324512, 0.708208620548, 0.917188227177, 1.03328800201, 1.25387752056, 1.38158726692, 1.59056687355, 1.72988665104, 2.08979582787, 2.29877543449, 2.43809533119, 2.79800462723, 3.14630389214, 3.48299312592, 3.84290242195, 4.07510185242, 4.19120168686, 4.38857126236, 4.53950119019, 4.88780021667, 5.11999988556, 5.23609972, 5.46829938889, 5.59600925446, 5.81659841537, 5.94430828094, 6.3042178154, 6.5015873909, 6.62929725647, 6.86149644852, 6.97759628296, 7.18657588959, 7.32589578629, 7.67419481277, 7.90639448166, 8.03410434723, 8.26630401611, 8.38240337372, 8.73070335388, 9.0906124115, 9.42730140686, 9.65950107574, 9.77560043335, 9.98458003998]
    rubato_start: [6.28136253357]
    rubato_stop: [6.6296248436]
    perceptual_tempo: "unknown"

sfx:
    inharmonicity:
        dmean: 0.056448161602
        dmean2: 0.100302517414
        dvar: 0.00326273753308
        dvar2: 0.00880498439074
        max: 0.349718302488
        mean: 0.0609801486135
        min: 0.000106589235656
        var: 0.00360305211507
    oddtoevenharmonicenergyratio:
        dmean: 1.97928416729
        dmean2: 3.63683009148
        dvar: 17.5259304047
        dvar2: 49.5906333923
        max: 43.1273384094
        mean: 1.49982738495
        min: 0.00149009167217
        var: 11.3836364746
    pitch_after_max_to_before_max_energy_ratio: 2.31264472008
    pitch_centroid: 204.011108398
    pitch_max_to_total: 0.171296298504
    pitch_min_to_total: 0.0833333358169
    tristimulus:
        dmean: [0.19144770503, 0.226207762957, 0.133033528924]
        dmean2: [0.326981335878, 0.390537917614, 0.23544895649]
        dvar: [0.0251719858497, 0.0340363048017, 0.0124189769849]
        dvar2: [0.070639334619, 0.0940853282809, 0.0338543653488]
        max: [0.962833046913, 0.970200479031, 0.591211140156]
        mean: [0.341189235449, 0.469230800867, 0.153345376253]
        min: [0.0171972513199, 0, 0]
        var: [0.0398800671101, 0.047609783709, 0.0160418171436]

tonal:
    chords_changes_rate: 0.0138248847798
    chords_number_rate: 0.0138248847798
    chords_strength:
        dmean: 0.00642661051825
        dmean2: 0.00575290620327
        dvar: 2.21918035095e-05
        dvar2: 2.07080902328e-05
        max: 0.70702534914
        mean: 0.568596482277
        min: 0.338616341352
        var: 0.00801150221378
    key_strength: 0.772004663944
    tuning_diatonic_strength: 0.572445094585
    tuning_equal_tempered_deviation: 0.0246295314282
    tuning_frequency: 440.254241943
    tuning_nontempered_energy_ratio: 0.618969976902
    hpcp:
        dmean: [0.10313937068, 0.096737191081, 0.14544056356, 0.182916387916, 0.122064098716, 0.071188673377, 0.0735501721501, 0.0725063458085, 0.159101456404, 0.193553090096, 0.194921970367, 0.119155868888, 0.0798742473125, 0.13433085382, 0.173332437873, 0.172728076577, 0.129721403122, 0.134141474962, 0.192698895931, 0.138881891966, 0.0938576161861, 0.0938845202327, 0.0860471650958, 0.118157818913, 0.152075693011, 0.128765434027, 0.0863339230418, 0.0902013927698, 0.0825955495238, 0.148514434695, 0.217331409454, 0.161585107446, 0.0969327613711, 0.0969873294234, 0.104772597551, 0.113263338804]
        dmean2: [0.167912751436, 0.169675514102, 0.24021217227, 0.30135768652, 0.201525047421, 0.120546713471, 0.130207926035, 0.127968266606, 0.258298367262, 0.30535325408, 0.3104608953, 0.204151824117, 0.133040249348, 0.222805991769, 0.278636485338, 0.276238977909, 0.214085012674, 0.220426574349, 0.316121667624, 0.222219884396, 0.147549375892, 0.152191102505, 0.148289993405, 0.184790849686, 0.230543777347, 0.211875081062, 0.146504253149, 0.156118199229, 0.142618075013, 0.237144097686, 0.366778314114, 0.263834863901, 0.163917884231, 0.164543792605, 0.169957518578, 0.180813774467]
        dvar: [0.0148953450844, 0.0197208877653, 0.0255148503929, 0.0337505787611, 0.0178811773658, 0.00973486062139, 0.00828423071653, 0.00731553183869, 0.0160630270839, 0.0322717763484, 0.0296271592379, 0.0202700886875, 0.0118353962898, 0.0358447469771, 0.0302094891667, 0.0294968206435, 0.0167722292244, 0.0165935084224, 0.0404007732868, 0.0194886289537, 0.0137312766165, 0.012645887211, 0.0198655463755, 0.0197380892932, 0.0263178832829, 0.0269231200218, 0.0124937556684, 0.0240715295076, 0.0201907046139, 0.0158969834447, 0.0433164872229, 0.0200015939772, 0.0130765493959, 0.0238993633538, 0.0183576550335, 0.0228893123567]
        dvar2: [0.0355356670916, 0.0526397526264, 0.0584482587874, 0.0807105898857, 0.0440298207104, 0.0253288876265, 0.0205147247761, 0.0208581723273, 0.0391807258129, 0.0552739873528, 0.0666886121035, 0.0500264056027, 0.0307077206671, 0.0881365910172, 0.0730420872569, 0.0664393380284, 0.0392109677196, 0.0376109667122, 0.0794086456299, 0.051483836025, 0.0320890620351, 0.0294924899936, 0.056536976248, 0.0524291135371, 0.0618007443845, 0.0752091705799, 0.0322354212403, 0.0680511444807, 0.0561460964382, 0.0372135676444, 0.0824450105429, 0.0504834614694, 0.0365167073905, 0.0632810518146, 0.0457049384713, 0.0499167703092]
        max: [1, 1, 1, 1, 0.970391392708, 0.744578957558, 0.557509422302, 0.609174191952, 0.990341424942, 1, 1, 1, 0.657349348068, 1, 1, 1, 1, 0.975170552731, 1, 0.833535254002, 1, 1, 1, 1, 1, 1, 0.834744572639, 1, 1, 1, 1, 0.930914163589, 0.943801939487, 1, 0.883473932743, 1]
        mean: [0.166660040617, 0.135717451572, 0.219092309475, 0.28936958313, 0.177598625422, 0.102448031306, 0.0994448363781, 0.0886986479163, 0.322871595621, 0.589558839798, 0.416507661343, 0.142502814531, 0.0860642120242, 0.14282220602, 0.301809638739, 0.402846157551, 0.256951600313, 0.246477082372, 0.381835877895, 0.246787756681, 0.126467123628, 0.136194586754, 0.10945738852, 0.182287201285, 0.283252298832, 0.197902411222, 0.103745244443, 0.0943203046918, 0.0934588760138, 0.394742399454, 0.688646674156, 0.421880036592, 0.144198834896, 0.136639788747, 0.133547842503, 0.160415172577]
        min: [0.0117076290771, 0.0135689731687, 0.00993967149407, 0.0101163722575, 0.00788910407573, 0.0125881899148, 0.00448305672035, 0.0054136174731, 0.0167281124741, 0.0423703044653, 0.0246371831745, 0.00429053185508, 0.00152749556582, 0.00328412721865, 0.0199204310775, 0.0395334102213, 0.0268172118813, 0.00592255871743, 0.00514374859631, 0.00530295120552, 0.00423021242023, 0.00394024001434, 0.00443806964904, 0.00280128791928, 0.0037906114012, 0.00288908183575, 0.00296377483755, 0.00218359287828, 0.0053122988902, 0.0441216938198, 0.0964098200202, 0.0541829578578, 0.00435115257278, 0.00166747486219, 0.00454633822665, 0.0100201517344]
        var: [0.0277339201421, 0.0196489915252, 0.0370946712792, 0.0581986159086, 0.0278446283191, 0.0108955157921, 0.00941382255405, 0.00768199982122, 0.0384610928595, 0.0964147150517, 0.058648981154, 0.0213412120938, 0.0118075469509, 0.0388307273388, 0.0619382895529, 0.0881881639361, 0.0425812415779, 0.0358247309923, 0.107874900103, 0.0418457649648, 0.0224551521242, 0.0248201657087, 0.0206850226969, 0.0363640412688, 0.0820393040776, 0.0428845137358, 0.0158783886582, 0.020088871941, 0.0156063046306, 0.0349249541759, 0.0864256545901, 0.0355725735426, 0.0168980285525, 0.0335262976587, 0.0263163540512, 0.0368938222528]
    chords_histogram: [68.6635971069, 0, 26.2672805786, 0, 0, 0, 0, 0, 0, 0, 0, 0, 0, 0, 0, 0, 0, 0, 0, 0, 0, 0, 5.0691242218, 0]
    thpcp: [1, 0.612621903419, 0.209394514561, 0.198417842388, 0.193927958608, 0.232942640781, 0.242010951042, 0.197078496218, 0.318149089813, 0.420200377703, 0.25789514184, 0.148767188191, 0.144406184554, 0.128801390529, 0.468849420547, 0.856112241745, 0.604820549488, 0.206931680441, 0.124975860119, 0.207395479083, 0.438264846802, 0.584982335567, 0.373125463724, 0.35791516304, 0.554472863674, 0.358366280794, 0.183645874262, 0.19777135551, 0.158945649862, 0.264703512192, 0.411317318678, 0.28737872839, 0.150650903583, 0.136964723468, 0.13571383059, 0.573214709759]
    chords_key: "C"
    chords_scale: "minor"
    key_key: "C"
    key_scale: "minor"
    chords_progression: ["Fm", "Fm", "Fm", "Fm", "Fm", "Fm", "Fm", "Fm", "Fm", "Fm", "Fm", "Cm", "Cm", "Cm", "Cm", "Cm", "Cm", "Cm", "Cm", "Cm", "Cm", "Cm", "Cm", "Cm", "Cm", "Cm", "Cm", "Cm", "Cm", "Cm", "Cm", "Cm", "Cm", "Cm", "Cm", "Cm", "Cm", "Cm", "Cm", "Cm", "Cm", "Cm", "Cm", "Cm", "Cm", "Cm", "Cm", "Cm", "Cm", "Cm", "Cm", "Cm", "Cm", "Cm", "Cm", "Cm", "Cm", "Cm", "Cm", "Cm", "Cm", "Cm", "Cm", "Cm", "Cm", "Cm", "Cm", "Cm", "Cm", "Cm", "Cm", "Cm", "Cm", "Cm", "Cm", "Cm", "Cm", "Cm", "Cm", "Cm", "Cm", "Cm", "Cm", "Cm", "Cm", "Cm", "Cm", "Cm", "Cm", "Cm", "Cm", "Cm", "Cm", "Cm", "Cm", "Cm", "Cm", "Cm", "Cm", "Cm", "Cm", "Cm", "Cm", "Cm", "Cm", "Cm", "Cm", "Cm", "Cm", "Cm", "Cm", "Cm", "Cm", "Cm", "Cm", "Cm", "Cm", "Cm", "Cm", "Cm", "Cm", "Cm", "Cm", "Cm", "Cm", "Cm", "Cm", "Cm", "Cm", "Cm", "Cm", "Cm", "Cm", "Cm", "Cm", "Cm", "Cm", "Cm", "Cm", "Cm", "Cm", "Cm", "Cm", "Cm", "Cm", "Cm", "Cm", "Cm", "Cm", "Cm", "Cm", "Cm", "Cm", "Cm", "Cm", "Cm", "Cm", "Cm", "Gm", "Gm", "Gm", "Gm", "Gm", "Gm", "Gm", "Gm", "Gm", "Gm", "Gm", "Gm", "Gm", "Gm", "Gm", "Gm", "Gm", "Gm", "Gm", "Gm", "Gm", "Gm", "Gm", "Gm", "Gm", "Gm", "Gm", "Gm", "Gm", "Gm", "Gm", "Gm", "Gm", "Gm", "Gm", "Gm", "Gm", "Gm", "Gm", "Gm", "Gm", "Gm", "Gm", "Gm", "Gm", "Gm", "Gm", "Gm", "Gm", "Gm", "Gm", "Gm", "Gm", "Gm", "Gm", "Gm", "Gm", "Cm", "Cm"]
