
metadata:
    version:
        essentia: "1.2.2"
    audio_properties:
        analysis_sample_rate: 44100
        bitrate: 128
        channels: 2
        equal_loudness: 1
        length: 10.0310201645
        replay_gain: 1.09844779968
        downmix: "mix"
    tags:
        track: 1
        year: 0
        album: "Splitted by Mp3Splt v. 2.1"
        artist: "From 000.00 To 000.10"
        comment: "http://mp3splt.sf.net"
        genre: ""
        title: "13 Bring on the Girls.mp3"

highlevel:
    ballroom:
        all:
            ChaChaCha: 0.00329622975551
            Jive: 0.000607729540206
            Quickstep: 0.000710757507477
            Rumba-American: 0.00409157993272
            Rumba-International: 0.297160297632
            Rumba-Misc: 0.668920278549
            Samba: 0.000791936588939
            Tango: 0.000517288222909
            VienneseWaltz: 0.00900301430374
            Waltz: 0.0149009265006
        probability: 0.668920278549
        value: "Rumba-Misc"
    culture:
        all:
            non_western: 0.0670977756381
            western: 0.932902216911
        probability: 0.932902216911
        value: "western"
    gender:
        all:
            female: 0.847211718559
            male: 0.152788296342
        probability: 0.847211718559
        value: "female"
    genre_dortmund:
        all:
            alternative: 0.02186762169
            blues: 0.00493334094062
            electronic: 0.0630327612162
            folkcountry: 0.0373139604926
            funksoulrnb: 0.0144914351404
            jazz: 0.763362467289
            pop: 0.0764117613435
            raphiphop: 0.000892561220098
            rock: 0.0176941026002
        probability: 0.763362467289
        value: "jazz"
    genre_electronica:
        all:
            ambient: 0.780401289463
            dnb: 0.0149333979934
            house: 0.15774308145
            techno: 0.0288971383125
            trance: 0.0180250927806
        probability: 0.780401289463
        value: "ambient"
    genre_rosamerica:
        all:
            cla: 0.0854569450021
            dan: 0.0523827187717
            hip: 0.0188837051392
            jaz: 0.363710433245
            pop: 0.0917862132192
            rhy: 0.253056257963
            roc: 0.121321760118
            spe: 0.013401966542
        probability: 0.363710433245
        value: "jaz"
    genre_tzanetakis:
        all:
            blu: 0.242789119482
            cla: 0.0692127346992
            cou: 0.132785409689
            dis: 0.0660804584622
            hip: 0.043621443212
            jaz: 0.113974861801
            met: 0.0249405279756
            pop: 0.117704831064
            reg: 0.0394593849778
            roc: 0.149431213737
        probability: 0.242789119482
        value: "blu"
    live_studio:
        all:
            live: 0.0599423497915
            studio: 0.940057635307
        probability: 0.940057635307
        value: "studio"
    mood:
        all:
            Cluster1: 0.142674341798
            Cluster2: 0.100765965879
            Cluster3: 0.634571254253
            Cluster4: 0.0848504826427
            Cluster5: 0.0371379442513
        probability: 0.634571254253
        value: "Cluster3"
    mood_acoustic:
        all:
            acoustic: 0.708260953426
            not_acoustic: 0.291739046574
        probability: 0.708260953426
        value: "acoustic"
    mood_aggressive:
        all:
            aggressive: 0.0216494183987
            not_aggressive: 0.978350579739
        probability: 0.978350579739
        value: "not_aggressive"
    mood_electronic:
        all:
            electronic: 0.598308682442
            not_electronic: 0.401691317558
        probability: 0.598308682442
        value: "electronic"
    mood_happy:
        all:
            happy: 0.0162694267929
            not_happy: 0.983730554581
        probability: 0.983730554581
        value: "not_happy"
    mood_party:
        all:
            not_party: 0.984101831913
            party: 0.0158981774002
        probability: 0.984101831913
        value: "not_party"
    mood_relaxed:
        all:
            not_relaxed: 0.0789169892669
            relaxed: 0.921083033085
        probability: 0.921083033085
        value: "relaxed"
    mood_sad:
        all:
            not_sad: 0.053176369518
            sad: 0.946823656559
        probability: 0.946823656559
        value: "sad"
    rhythm:
        all:
            fast: 0.157521128654
            medium: 0.691329717636
            slow: 0.151149138808
        probability: 0.691329717636
        value: "medium"
    speech_music:
        all:
            music: 0.999977946281
            speech: 2.20702313527e-05
        probability: 0.999977946281
        value: "music"
    timbre:
        all:
            bright: 0.607640206814
            dark: 0.392359793186
        probability: 0.607640206814
        value: "bright"
    voice_instrumental:
        all:
            instrumental: 0.990819990635
            voice: 0.00918000936508
        probability: 0.990819990635
        value: "instrumental"

lowlevel:
    average_loudness: 0.94178211689
    barkbands_kurtosis:
        dmean: 6.95595169067
        dmean2: 12.110285759
        dvar: 100.752304077
        dvar2: 294.923828125
        max: 87.9815979004
        mean: 16.854757309
        min: -0.923755884171
        var: 253.425842285
    barkbands_skewness:
        dmean: 0.601698756218
        dmean2: 1.04566800594
        dvar: 0.443723022938
        dvar2: 1.26846194267
        max: 7.65703725815
        mean: 3.00839424133
        min: 0.383411318064
        var: 1.43440210819
    barkbands_spread:
        dmean: 2.75782322884
        dmean2: 4.83721351624
        dvar: 23.3302555084
        dvar2: 65.8923721313
        max: 39.6446151733
        mean: 6.37267589569
        min: 1.36542487144
        var: 20.441286087
    dissonance:
        dmean: 0.0468791276217
        dmean2: 0.0759852007031
        dvar: 0.00158766505774
        dvar2: 0.00363746681251
        max: 0.496277570724
        mean: 0.365456968546
        min: 0.128199607134
        var: 0.00526093924418
    hfc:
        dmean: 0.356258481741
        dmean2: 0.497132956982
        dvar: 0.256407320499
        dvar2: 0.4416898489
        max: 7.11636590958
        mean: 1.31167852879
        min: 0.0167157966644
        var: 1.37919270992
    pitch:
        dmean: 25.3397312164
        dmean2: 46.8461227417
        dvar: 2678.79663086
        dvar2: 7236.66796875
        max: 518.823547363
        mean: 182.813995361
        min: 58.7217025757
        var: 3416.96679688
    pitch_instantaneous_confidence:
        dmean: 0.0758646056056
        dmean2: 0.12293253094
        dvar: 0.00923979654908
        dvar2: 0.0220944769681
        max: 0.927030801773
        mean: 0.604004263878
        min: 0.177911877632
        var: 0.0386459752917
    pitch_salience:
        dmean: 0.0503153540194
        dmean2: 0.0845138132572
        dvar: 0.00307051581331
        dvar2: 0.00752682238817
        max: 0.896102488041
        mean: 0.48072385788
        min: 0.281016439199
        var: 0.00828820373863
    silence_rate_20dB:
        dmean: 0
        dmean2: 0
        dvar: 0
        dvar2: 0
        max: 1
        mean: 1
        min: 1
        var: 0
    silence_rate_30dB:
        dmean: 0
        dmean2: 0
        dvar: 0
        dvar2: 0
        max: 1
        mean: 1
        min: 1
        var: 0
    silence_rate_60dB:
        dmean: 0.121428571641
        dmean2: 0.24343675375
        dvar: 0.106683701277
        dvar2: 0.241455495358
        max: 1
        mean: 0.54156768322
        min: 0
        var: 0.248272046447
    spectral_centroid:
        dmean: 72.2568130493
        dmean2: 128.686584473
        dvar: 14415.5556641
        dvar2: 38748.375
        max: 1157.49597168
        mean: 341.370605469
        min: 170.494796753
        var: 18380.3867188
    spectral_complexity:
        dmean: 0.788697779179
        dmean2: 1.3201969862
        dvar: 1.27721714973
        dvar2: 2.73984479904
        max: 13
        mean: 4.86519622803
        min: 0
        var: 3.93525576591
    spectral_crest:
        dmean: 2.37574839592
        dmean2: 4.075278759
        dvar: 3.88244438171
        dvar2: 10.7624416351
        max: 19.992193222
        mean: 12.0913209915
        min: 4.64490795135
        var: 8.46565246582
    spectral_decrease:
        dmean: 3.11910275386e-10
        dmean2: 4.97762608909e-10
        dvar: 1.6495254497e-19
        dvar2: 4.13431254954e-19
        max: -3.54472419299e-12
        mean: -9.54051837532e-10
        min: -5.14959097586e-09
        var: 5.6292509967e-19
    spectral_energy:
        dmean: 0.00120589276776
        dmean2: 0.0019134725444
        dvar: 2.45440492108e-06
        dvar2: 6.10969800618e-06
        max: 0.0199763253331
        mean: 0.00371978501789
        min: 1.48947674461e-05
        var: 8.58316525409e-06
    spectral_energyband_high:
        dmean: 1.02368121588e-05
        dmean2: 1.70703551703e-05
        dvar: 6.72150057834e-10
        dvar2: 1.7858867718e-09
        max: 0.000213568462641
        mean: 1.23116842587e-05
        min: 7.20502946194e-09
        var: 5.77994374584e-10
    spectral_energyband_low:
        dmean: 0.000182502393727
        dmean2: 0.000293105695164
        dvar: 8.16275473881e-08
        dvar2: 2.0729638095e-07
        max: 0.00223861867562
        mean: 0.000443484052084
        min: 9.71332614341e-09
        var: 1.68479886042e-07
    spectral_energyband_middle_high:
        dmean: 7.14287816663e-05
        dmean2: 8.60557265696e-05
        dvar: 2.05460111147e-08
        dvar2: 3.83705689444e-08
        max: 0.00161958904937
        mean: 0.000234325503698
        min: 1.15079069474e-06
        var: 9.26983503291e-08
    spectral_energyband_middle_low:
        dmean: 0.00108964578249
        dmean2: 0.00179420213681
        dvar: 2.09530435313e-06
        dvar2: 5.58401052331e-06
        max: 0.0170234106481
        mean: 0.00302940513939
        min: 6.87605643179e-06
        var: 6.58131193632e-06
    spectral_flatness_db:
        dmean: 0.0357133746147
        dmean2: 0.0568344965577
        dvar: 0.0018200915074
        dvar2: 0.00433843769133
        max: 0.536733806133
        mean: 0.309440433979
        min: 0.103768773377
        var: 0.00843136105686
    spectral_flux:
        dmean: 0.00847914908081
        dmean2: 0.0125719318166
        dvar: 8.42534718686e-05
        dvar2: 0.000166539044585
        max: 0.0866273343563
        mean: 0.0205396655947
        min: 0.00278680841438
        var: 0.000219286011998
    spectral_kurtosis:
        dmean: 9.63914299011
        dmean2: 16.3230705261
        dvar: 359.549072266
        dvar2: 959.899475098
        max: 181.245727539
        mean: 25.2294540405
        min: -0.487148523331
        var: 1493.87487793
    spectral_rms:
        dmean: 0.00029949832242
        dmean2: 0.000462364201667
        dvar: 9.20012581673e-08
        dvar2: 2.18571742039e-07
        max: 0.00441464595497
        mean: 0.0017790524289
        min: 0.000120546588732
        var: 4.64031387537e-07
    spectral_rolloff:
        dmean: 126.818313599
        dmean2: 238.191177368
        dvar: 74880.96875
        dvar2: 205827.171875
        max: 2863.91601562
        mean: 446.866546631
        min: 172.265625
        var: 67694.765625
    spectral_skewness:
        dmean: 0.710071623325
        dmean2: 1.20559704304
        dvar: 1.23686504364
        dvar2: 3.2484498024
        max: 11.1448440552
        mean: 3.49138236046
        min: 0.704610705376
        var: 4.59456300735
    spectral_spread:
        dmean: 1072456.75
        dmean2: 1723477.875
        dvar: 3.28987757773e+12
        dvar2: 7.34043045888e+12
        max: 15460261
        mean: 5103266.5
        min: 548884.75
        var: 1.12046773371e+13
    spectral_strongpeak:
        dmean: 0.100897803903
        dmean2: 0.165199637413
        dvar: 0.0124789504334
        dvar2: 0.0307308919728
        max: 0.894867241383
        mean: 0.292333215475
        min: 0.00303702987731
        var: 0.0313383042812
    zerocrossingrate:
        dmean: 0.00466206623241
        dmean2: 0.00624783523381
        dvar: 2.71345252258e-05
        dvar2: 3.44638356182e-05
        max: 0.09912109375
        mean: 0.0249382462353
        min: 0.00830078125
        var: 9.53521230258e-05
    barkbands:
        dmean: [6.10471090567e-07, 4.86337921757e-05, 0.000152034364874, 0.000524597708136, 0.000495106680319, 0.000230001824093, 0.000138172195875, 1.53468245117e-05, 2.85322184936e-05, 1.97451172426e-05, 8.23414393381e-06, 7.93551407696e-06, 1.22748670037e-05, 1.12872166937e-05, 2.02003866434e-05, 3.28476949107e-06, 2.51045139521e-06, 5.82229131396e-06, 3.42335897585e-06, 4.86941962663e-06, 2.03989065994e-06, 1.77797528522e-06, 1.21390985441e-06, 1.55407929014e-06, 1.1043472341e-06, 9.31414376737e-08, 1.23488363979e-09]
        dmean2: [6.33514332549e-07, 8.00142224762e-05, 0.000236179941567, 0.000896682264283, 0.000860357366037, 0.000302386149997, 0.000201043745619, 2.39458913711e-05, 4.29035681009e-05, 2.53812813753e-05, 1.27997936943e-05, 1.25949700305e-05, 1.42894787132e-05, 1.28705796669e-05, 2.36781379499e-05, 5.19849299963e-06, 4.19991192757e-06, 9.96904418571e-06, 5.11437929163e-06, 8.06721618574e-06, 3.73478678739e-06, 3.32912236445e-06, 1.90491221019e-06, 2.59084481513e-06, 1.65451501744e-06, 1.42767618172e-07, 1.47268197637e-09]
        dvar: [1.27255816995e-10, 9.59006740686e-09, 6.26560137107e-08, 7.36837932891e-07, 7.23798166291e-07, 1.80826475571e-07, 7.59526912475e-08, 1.01498831562e-09, 4.42729586325e-09, 1.90949878132e-09, 9.46474676411e-10, 7.99582233757e-10, 2.09753237002e-09, 1.61678814781e-09, 3.60596930093e-09, 9.11100986323e-11, 4.14010388472e-11, 3.99848348875e-10, 1.4059581277e-10, 1.2997546095e-10, 2.01318978849e-11, 2.59458392271e-11, 9.45737932412e-12, 1.59942337152e-11, 7.29313050923e-12, 5.33002190561e-14, 3.66025885807e-16]
        dvar2: [1.27239524472e-10, 3.02826848042e-08, 1.58942185635e-07, 2.11754718293e-06, 2.36275423049e-06, 3.57442985432e-07, 1.55993845397e-07, 2.2801029953e-09, 1.16922578286e-08, 3.81285625295e-09, 2.46669107362e-09, 1.50659906772e-09, 2.91701374167e-09, 1.87623960812e-09, 5.73957015249e-09, 2.08344716479e-10, 1.01304284406e-10, 1.08191744452e-09, 3.09209380323e-10, 3.21180609886e-10, 5.52435250323e-11, 7.50331116683e-11, 2.41457895345e-11, 4.24436319424e-11, 1.83130507286e-11, 1.33248257263e-13, 3.69663971725e-16]
        max: [0.000228185585001, 0.00072011735756, 0.0020586354658, 0.0110527314246, 0.00783298071474, 0.00586272217333, 0.00385398440994, 0.000496017222758, 0.00100668519735, 0.000619093887508, 0.000410689302953, 0.000388345360989, 0.000742550182622, 0.000546586932614, 0.000809477933217, 0.000102519828943, 5.19503955729e-05, 0.000253665581113, 0.000134411267936, 0.000108688407636, 3.52283241227e-05, 3.69058943761e-05, 2.35461811826e-05, 2.60681808868e-05, 1.94411222765e-05, 1.56354417413e-06, 3.8683413095e-07]
        mean: [7.472475545e-07, 0.000114093672892, 0.000328903319314, 0.000859253865201, 0.000999165931717, 0.000622573425062, 0.000415515329223, 3.59865152859e-05, 7.95220184955e-05, 7.37275549909e-05, 1.39565527206e-05, 1.79859544005e-05, 3.70501729776e-05, 2.95681147691e-05, 5.99889281148e-05, 4.18893569076e-06, 2.54290671364e-06, 4.94786536365e-06, 4.10592247135e-06, 6.42412169327e-06, 3.13324881063e-06, 1.72426268819e-06, 1.45565036291e-06, 1.7263873815e-06, 1.40763461332e-06, 9.1584063e-08, 1.16272880213e-09]
        min: [1.0049801269e-11, 9.10635511442e-10, 7.0601138269e-09, 8.54150385976e-08, 6.92818503012e-07, 1.8411300573e-07, 9.37912545851e-07, 2.20437339493e-08, 1.19146712052e-07, 7.80967255309e-08, 2.67081627925e-08, 1.18684315709e-08, 5.28717203352e-09, 3.85534493219e-09, 1.51480854527e-08, 1.69157382546e-10, 8.06550204402e-09, 7.362320531e-09, 3.84199427828e-09, 3.72729580533e-09, 1.04118969002e-09, 6.78816058919e-10, 6.41202368978e-11, 1.53927467994e-10, 5.38416429496e-11, 9.5134334438e-12, 2.75868297119e-14]
        var: [1.27164764829e-10, 1.81132318033e-08, 1.12598208091e-07, 1.13328860607e-06, 1.47374339576e-06, 8.0850378481e-07, 3.72059815845e-07, 5.46103917642e-09, 2.1077875445e-08, 1.53739421194e-08, 1.66555524928e-09, 3.8799892188e-09, 1.10364002381e-08, 7.37437977349e-09, 1.88144291258e-08, 1.45276499164e-10, 4.03468265742e-11, 3.16792009292e-10, 1.28600574634e-10, 1.34720623546e-10, 1.84745448106e-11, 1.58074733858e-11, 8.89041097685e-12, 1.35981581897e-11, 8.00429167391e-12, 5.29979062209e-14, 3.65634688935e-16]
    mfcc:
        mean: [-867.856872559, 171.742050171, 31.8013057709, 41.8584022522, -11.0557689667, -12.3082876205, -4.96679973602, -19.5118350983, -12.0419406891, 1.19083571434, -8.70102214813, -15.5098962784, -13.0244112015]
        cov: [[6406.13769531, -2625.29956055, 1704.83740234, 18.6677474976, 217.726348877, 543.169067383, 712.154785156, 595.857849121, 513.363647461, 274.911254883, 545.256530762, 632.924499512, 320.022979736], [-2625.29956055, 2690.20117188, -2223.02783203, -635.626342773, 103.940177917, -230.665115356, -754.274719238, -800.451599121, -525.09375, -146.830444336, -405.634277344, -633.641601562, -376.759399414], [1704.83740234, -2223.02783203, 2807.99072266, 827.465454102, -125.496208191, 358.945129395, 874.18951416, 840.29486084, 380.865783691, 100.432151794, 647.887084961, 859.993835449, 251.538513184], [18.6677474976, -635.626342773, 827.465454102, 586.278320312, -82.1165237427, 70.8851776123, 296.534729004, 334.975646973, 133.436386108, 67.86668396, 223.075134277, 269.329223633, 79.495262146], [217.726348877, 103.940177917, -125.496208191, -82.1165237427, 137.717437744, 56.1392669678, -76.3221054077, -70.0443725586, 2.26697349548, 15.6316413879, -33.5633621216, -61.9639511108, -20.8314113617], [543.169067383, -230.665115356, 358.945129395, 70.8851776123, 56.1392669678, 178.797332764, 145.611221313, 90.1773834229, 3.76809859276, -4.79025554657, 183.011611938, 188.358505249, -10.2697601318], [712.154785156, -754.274719238, 874.18951416, 296.534729004, -76.3221054077, 145.611221313, 431.98260498, 347.003326416, 16.9240760803, -44.3047676086, 338.833374023, 426.02154541, 58.7391967773], [595.857849121, -800.451599121, 840.29486084, 334.975646973, -70.0443725586, 90.1773834229, 347.003326416, 407.173553467, 138.960891724, -9.7764377594, 261.398773193, 340.465911865, 74.3292694092], [513.363647461, -525.09375, 380.865783691, 133.436386108, 2.26697349548, 3.76809859276, 16.9240760803, 138.960891724, 340.318359375, 179.431564331, -116.5337677, -84.8560943604, 145.614181519], [274.911254883, -146.830444336, 100.432151794, 67.86668396, 15.6316413879, -4.79025554657, -44.3047676086, -9.7764377594, 179.431564331, 238.818954468, -75.9096221924, -176.347442627, 38.4249687195], [545.256530762, -405.634277344, 647.887084961, 223.075134277, -33.5633621216, 183.011611938, 338.833374023, 261.398773193, -116.5337677, -75.9096221924, 506.03125, 475.193939209, -97.6493911743], [632.924499512, -633.641601562, 859.993835449, 269.329223633, -61.9639511108, 188.358505249, 426.02154541, 340.465911865, -84.8560943604, -176.347442627, 475.193939209, 658.190185547, 32.2542800903], [320.022979736, -376.759399414, 251.538513184, 79.495262146, -20.8314113617, -10.2697601318, 58.7391967773, 74.3292694092, 145.614181519, 38.4249687195, -97.6493911743, 32.2542800903, 191.875274658]]
        icov: [[0.000644412764814, 0.000721860735212, 0.000489944242872, 0.000926367938519, -0.000773527019192, -0.000831619661767, -0.000746508827433, 0.000107440442662, -0.000387820822652, -0.000816302606836, -0.000601893523708, -0.000163489181432, -0.000446093472419], [0.000721860735212, 0.00295481039211, 0.0013167130528, 0.000380406301701, 0.000197577435756, -0.00250575435348, 0.00155202904716, 0.000230092060519, 0.00204487284645, -0.00193974003196, 0.00147566234227, -0.00152720394544, 0.00188163446728], [0.000489944242872, 0.0013167130528, 0.00237599899992, -6.64883991703e-05, -4.4756456191e-05, -0.00193425558973, -0.00182874768507, 0.000295277510304, -0.00119395065121, -0.00115622859448, 7.61742703617e-05, -0.00123899918981, 0.00040276767686], [0.000926367938519, 0.000380406301701, -6.64883991703e-05, 0.00554147735238, -0.000487154960865, -0.00105713121593, -0.000113680544018, -0.00401700986549, 0.00119403493591, -0.00379025563598, -0.000654735486023, -0.000592592055909, -0.00190607528202], [-0.000773527019192, 0.000197577435756, -4.4756456191e-05, -0.000487154960865, 0.0163945462555, -0.0113471094519, 0.00910859182477, -0.00465839449316, 0.00477909343317, -0.000992060871795, 0.00359690585174, 0.000225978525123, 0.00049170613056], [-0.000831619661767, -0.00250575435348, -0.00193425558973, -0.00105713121593, -0.0113471094519, 0.0240971054882, -0.0113766435534, 0.0117187332362, -0.0105358576402, 0.00563969230279, -0.00774494046345, 0.000365251413314, 0.00130474613979], [-0.000746508827433, 0.00155202904716, -0.00182874768507, -0.000113680544018, 0.00910859182477, -0.0113766435534, 0.0291028488427, -0.0188726559281, 0.0186439994723, -0.0079583376646, 0.00509017147124, -0.00352836004458, -0.00385288777761], [0.000107440442662, 0.000230092060519, 0.000295277510304, -0.00401700986549, -0.00465839449316, 0.0117187332362, -0.0188726559281, 0.0293500702828, -0.02121671848, 0.0133100030944, -0.0102722868323, 0.00267645530403, 0.00383727182634], [-0.000387820822652, 0.00204487284645, -0.00119395065121, 0.00119403493591, 0.00477909343317, -0.0105358576402, 0.0186439994723, -0.02121671848, 0.0283986143768, -0.016030875966, 0.0135625945404, -0.00451877294108, -0.0024804698769], [-0.000816302606836, -0.00193974003196, -0.00115622859448, -0.00379025563598, -0.000992060871795, 0.00563969230279, -0.0079583376646, 0.0133100030944, -0.016030875966, 0.0229042936116, -0.0153705785051, 0.0139242531732, -0.00447091879323], [-0.000601893523708, 0.00147566234227, 7.61742703617e-05, -0.000654735486023, 0.00359690585174, -0.00774494046345, 0.00509017147124, -0.0102722868323, 0.0135625945404, -0.0153705785051, 0.0311012100428, -0.0189775396138, 0.0182735100389], [-0.000163489181432, -0.00152720394544, -0.00123899918981, -0.000592592055909, 0.000225978525123, 0.000365251413314, -0.00352836004458, 0.00267645530403, -0.00451877294108, 0.0139242531732, -0.0189775396138, 0.020380506292, -0.0132121061906], [-0.000446093472419, 0.00188163446728, 0.00040276767686, -0.00190607528202, 0.00049170613056, 0.00130474613979, -0.00385288777761, 0.00383727182634, -0.0024804698769, -0.00447091879323, 0.0182735100389, -0.0132121061906, 0.0240268744528]]
    spectral_contrast:
        mean: [-3.32536956194e-07, 1.11151521764e-07, -5.90385482724e-08, -3.96451227402e-08, 1.5270038034e-07, 5.6346840438e-07, 1.14015801955e-06, -1.86907311672e-06, -2.00318345378e-06, 4.38503184341e-06, 1.34724029976e-06, 4.56384577774e-06]
        var: [0.000218003144255, 0.000721998570953, 0.00108228635509, 0.00174081232399, 0.00196540378965, 0.0152803333476, 0.107820808887, 0.132173120975, 0.224355190992, 0.395470142365, 1.57392692566, 5.13506650925]

rhythm:
    beats_loudness:
        dmean: 0.00340932328254
        dmean2: 0.0053651672788
        dvar: 9.37980257731e-06
        dvar2: 1.50256191773e-05
        max: 0.013149256818
        mean: 0.00667520565912
        min: 0.00112795922905
        var: 1.24555517687e-05
    beats_loudness_bass:
        dmean: 0.209929049015
        dmean2: 0.374910980463
        dvar: 0.0212680697441
        dvar2: 0.0303837675601
        max: 0.794113457203
        mean: 0.335265487432
        min: 8.13987844595e-06
        var: 0.0551489070058
    bpm: 111.312858582
    bpm_confidence: 0
    first_peak_bpm: 111
    first_peak_spread: 0.0625
    first_peak_weight: 0.9375
    onset_rate: 3.38948559761
    second_peak_bpm: 0
    second_peak_spread: 0
    second_peak_weight: 0
    beats_position: [0.779082298279, 1.31841564178, 1.85774886608, 2.3970823288, 2.93641543388, 3.47574853897, 4.01508188248, 4.55441474915, 5.09374809265, 5.63308143616, 6.195956707, 6.73471784592, 7.27347898483, 7.81224107742, 8.35100269318, 8.88976383209, 9.42852592468]
    bpm_estimates: [111.365180969, 111.203208923, 112.127029419, 111.257583618, 111.031257629, 110.837173462, 111.193405151, 111.157348633, 111.162750244, 111.158927917, 111.387863159, 111.201751709, 111.35446167, 111.391212463, 113.421417236, 110.850418091, 110.795326233, 111.152236938, 111.173606873, 111.179634094, 111.168212891]
    bpm_intervals: [0.539333343506, 0.539333224297, 0.539333462715, 0.539333105087, 0.539333105087, 0.539333343506, 0.539332866669, 0.539333343506, 0.539333343506, 0.562875270844, 0.538761138916, 0.538761138916, 0.53876209259, 0.538761615753, 0.538761138916, 0.53876209259]
    onset_times: [0.603718817234, 0.777868509293, 1.17260766029, 1.33514738083, 1.8575963974, 2.21750569344, 2.3916554451, 2.68190479279, 2.82122445107, 2.93732428551, 3.15791392326, 3.29723358154, 3.48299312592, 4.01705217361, 4.38857126236, 4.56272125244, 4.93424034119, 5.10838985443, 5.46829938889, 5.65405893326, 6.04879808426, 6.18811798096, 6.54802703857, 6.73378705978, 7.26784563065, 7.63936519623, 7.81351470947, 8.35918331146, 8.71909332275, 8.893242836, 9.26476192474, 9.43891143799, 9.79882049561, 9.98458003998]
    rubato_start: []
    rubato_stop: []
    perceptual_tempo: "unknown"

sfx:
    inharmonicity:
        dmean: 0.0149995842949
        dmean2: 0.0271479468793
        dvar: 0.000422712735599
        dvar2: 0.00126553990413
        max: 0.131228893995
        mean: 0.0136987604201
        min: 1.40278785921e-07
        var: 0.000417297094828
    oddtoevenharmonicenergyratio:
        dmean: 0.831971406937
        dmean2: 1.54211711884
        dvar: 10.4246339798
        dvar2: 30.132894516
        max: 38.4603767395
        mean: 0.775454878807
        min: 1.57765316544e-06
        var: 6.25406503677
    pitch_after_max_to_before_max_energy_ratio: 55.836227417
    pitch_centroid: 202.796722412
    pitch_max_to_total: 0
    pitch_min_to_total: 0.840686261654
    tristimulus:
        dmean: [0.171208560467, 0.159655839205, 0.0220361892134]
        dmean2: [0.304691046476, 0.285967737436, 0.04145687446]
        dvar: [0.0374593287706, 0.0361218415201, 0.00115181063302]
        dvar2: [0.108419783413, 0.101197324693, 0.00343964272179]
        max: [0.998562097549, 0.994789421558, 0.213820755482]
        mean: [0.598805904388, 0.37506583333, 0.0214969925582]
        min: [0.000260246335529, 0, 0]
        var: [0.0861067697406, 0.0801800563931, 0.00112549751066]

tonal:
    chords_changes_rate: 0.127450987697
    chords_number_rate: 0.0490196086466
    chords_strength:
        dmean: 0.0113474810496
        dmean2: 0.00930896028876
        dvar: 6.48592613288e-05
        dvar2: 9.25616695895e-05
        max: 0.508925676346
        mean: 0.350344449282
        min: 0.20923961699
        var: 0.00515442434698
    key_strength: 0.579297840595
    tuning_diatonic_strength: 0.385892033577
    tuning_equal_tempered_deviation: 0.144153237343
    tuning_frequency: 439.745910645
    tuning_nontempered_energy_ratio: 0.668739438057
    hpcp:
        dmean: [0.10181311518, 0.103513784707, 0.106436632574, 0.108385004103, 0.0844779461622, 0.0466228686273, 0.0344471186399, 0.0412148721516, 0.0242335945368, 0.0113699510694, 0.00696101039648, 0.00606370344758, 0.015616029501, 0.0433662906289, 0.0653071179986, 0.0754575133324, 0.0735028088093, 0.0715614557266, 0.0551811978221, 0.0894795879722, 0.138390824199, 0.107229307294, 0.136417657137, 0.122818611562, 0.0428517125547, 0.0457897558808, 0.0489097088575, 0.0448687523603, 0.0318335480988, 0.0697459802032, 0.0853029936552, 0.0487236902118, 0.0174341127276, 0.010352707468, 0.0236851237714, 0.0887547358871]
        dmean2: [0.148997291923, 0.173772677779, 0.196314021945, 0.193765088916, 0.132801026106, 0.0809041559696, 0.0581751018763, 0.0724041238427, 0.045871630311, 0.0215522442013, 0.0119498409331, 0.00955673027784, 0.0258463397622, 0.0794785395265, 0.105013214052, 0.123072460294, 0.121826037765, 0.121433228254, 0.0998908504844, 0.154522702098, 0.240581527352, 0.171946361661, 0.245749235153, 0.240070402622, 0.0800550654531, 0.0871902406216, 0.094752907753, 0.0837286859751, 0.0551301985979, 0.114332154393, 0.133737355471, 0.0777620524168, 0.0297624617815, 0.017950233072, 0.0423865281045, 0.145163714886]
        dvar: [0.04108447209, 0.0330788567662, 0.0438151918352, 0.0523266643286, 0.0250567235053, 0.0178310833871, 0.0115958396345, 0.0147194806486, 0.0110396631062, 0.0027655060403, 0.000261857116129, 0.000202202805667, 0.00510216737166, 0.0155188813806, 0.0215332023799, 0.0298796501011, 0.0333503261209, 0.0347680673003, 0.020910680294, 0.036885689944, 0.0593933984637, 0.0429423116148, 0.0513188540936, 0.0603515580297, 0.0149430921301, 0.0218966677785, 0.0214105173945, 0.0252331309021, 0.00531999161467, 0.0182654745877, 0.0357120037079, 0.00717963511124, 0.00233436957933, 0.00133846933022, 0.00165356672369, 0.0176843907684]
        dvar2: [0.0598278008401, 0.0798686593771, 0.121241927147, 0.120215922594, 0.0621717758477, 0.0437705032527, 0.0242898762226, 0.0410507805645, 0.0323676653206, 0.00808060541749, 0.000676096067764, 0.000283479923382, 0.00783680099994, 0.038832668215, 0.047900531441, 0.0696521699429, 0.0857508182526, 0.0889217182994, 0.0451380796731, 0.0908328741789, 0.155086562037, 0.0794592499733, 0.148236319423, 0.210450336337, 0.0341023094952, 0.0746753513813, 0.0635023489594, 0.0700064152479, 0.01374909468, 0.0408274382353, 0.0676413923502, 0.0146585321054, 0.00636119069532, 0.00384865887463, 0.00477505475283, 0.0391327105463]
        max: [1, 1, 1, 1, 1, 1, 1, 0.981753706932, 1, 0.512899756432, 0.146661296487, 0.181359127164, 0.884018838406, 0.8330925107, 0.970584213734, 1, 1, 1, 1, 1, 1, 1, 1, 1, 1, 1, 0.981302320957, 1, 0.711942374706, 0.816806912422, 1, 0.619083344936, 0.463953644037, 0.357172071934, 0.196018517017, 0.800334811211]
        mean: [0.31766089797, 0.178952738643, 0.109310038388, 0.161924943328, 0.105395458639, 0.0595760755241, 0.0725589618087, 0.0456980206072, 0.0150955943391, 0.00744520733133, 0.00839751306921, 0.00930760428309, 0.0128654288128, 0.028700536117, 0.0781449452043, 0.121188059449, 0.0983402952552, 0.0576481632888, 0.0569611825049, 0.109846360981, 0.265374302864, 0.336255252361, 0.191945895553, 0.0918064415455, 0.0728468671441, 0.038243804127, 0.0443137958646, 0.0571016296744, 0.0387988872826, 0.135180845857, 0.209715038538, 0.102097928524, 0.0244025569409, 0.0132412863895, 0.0197304151952, 0.187643364072]
        min: [2.82876662823e-05, 9.86413870123e-05, 2.16040043597e-05, 3.77309333999e-05, 2.95569388982e-05, 1.08378326331e-05, 1.77682304638e-05, 2.18503555516e-05, 1.28378787849e-05, 2.82593123302e-06, 3.68314817933e-06, 5.59753470952e-06, 7.49416312829e-06, 1.35854161272e-05, 2.14630526898e-05, 2.06658405659e-05, 1.2388295545e-05, 8.4708126451e-06, 1.02392978079e-05, 4.82634004584e-06, 4.72463216283e-06, 4.616071692e-06, 9.9960998341e-06, 5.26163603354e-06, 6.99033535057e-06, 3.47945160684e-06, 4.14031273976e-06, 2.83332451545e-06, 2.92812342195e-06, 1.40531974466e-05, 3.99962118536e-05, 8.5840394604e-05, 8.14603663457e-06, 9.3234320957e-06, 2.00229278562e-05, 1.96736091311e-05]
        var: [0.168747380376, 0.0604081265628, 0.0525073856115, 0.0999013930559, 0.0446912311018, 0.0265845861286, 0.0378712639213, 0.0156630016863, 0.00597407575697, 0.00151936232578, 0.000296700774925, 0.000297707971185, 0.00455561513081, 0.010475024581, 0.0308803804219, 0.0682666525245, 0.0501824654639, 0.0321631766856, 0.0291873030365, 0.0611257255077, 0.115643240511, 0.172003909945, 0.0599948577583, 0.0458278767765, 0.0476104170084, 0.0184722989798, 0.0202063135803, 0.0378443039954, 0.00770211825147, 0.0446738786995, 0.120347984135, 0.0240403246135, 0.00373872183263, 0.00166562525555, 0.00156237487681, 0.056404940784]
    chords_histogram: [0.490196079016, 0, 31.862745285, 8.82352924347, 4.41176462173, 1.47058820724, 0, 3.92156863213, 14.2156858444, 21.0784320831, 0, 0, 0, 0, 2.45098042488, 0, 0, 0, 0, 0, 0, 2.94117641449, 8.33333301544, 0]
    thpcp: [1, 0.570833921432, 0.273026049137, 0.216641575098, 0.113734446466, 0.131786182523, 0.169816315174, 0.115385219455, 0.402018547058, 0.623678088188, 0.303632229567, 0.0725715234876, 0.0393786765635, 0.0586768984795, 0.558038473129, 0.9447016716, 0.532193124294, 0.325080543756, 0.481553643942, 0.31343883276, 0.177175149322, 0.215785369277, 0.135902777314, 0.0448932610452, 0.0221415348351, 0.0249736271799, 0.0276801753789, 0.0382608994842, 0.0853534191847, 0.232397690415, 0.360404968262, 0.292457282543, 0.171441674232, 0.169398635626, 0.326675534248, 0.789204955101]
    chords_key: "A"
    chords_scale: "minor"
    key_key: "D"
    key_scale: "minor"
    chords_progression: ["D", "D", "D", "Dm", "D", "D", "D", "Am", "Am", "Am", "Am", "Am", "Am", "Am", "Am", "Am", "Am", "Am", "Am", "Am", "Am", "Am", "Am", "Am", "Am", "Am", "Am", "Am", "Am", "Am", "Am", "Am", "Am", "Am", "Am", "Am", "Am", "Am", "Am", "Am", "Am", "Am", "A", "A", "A", "Em", "A", "A", "A", "A", "A", "A", "A", "A", "A", "A", "A", "A", "A", "A", "A", "D#", "D#", "A", "A", "A", "A", "A", "A", "A", "A", "A", "A", "A", "A", "D#", "Gm", "Gm", "Gm", "Gm", "Gm", "Gm", "Gm", "Gm", "Gm", "D", "Gm", "Gm", "Gm", "Gm", "Gm", "Gm", "Gm", "Gm", "D#", "F#m", "F#m", "F#m", "F#m", "F#m", "F#m", "A", "A", "A", "A", "A", "A", "D#", "D#", "Am", "Am", "Am", "Am", "Am", "Am", "Am", "Am", "Am", "Am", "Am", "Am", "Am", "Am", "Am", "Am", "Am", "Am", "C", "C", "C", "C", "C", "C", "C", "C", "C", "C", "C", "C", "C", "C", "C", "C", "C", "C", "Am", "Am", "Am", "Am", "Am", "Am", "Am", "Am", "Am", "Am", "Am", "Am", "A", "A", "A", "A", "A", "D#m", "D#m", "D#m", "D#m", "D#m", "Em", "Em", "Em", "Em", "Em", "Em", "Em", "Em", "A", "A", "F#m", "F#m", "F#m", "F#m", "F#m", "F#m", "F#m", "F#m", "F#m", "F#m", "F#m", "F#m", "F#m", "F#m", "F#m", "F#m", "F#m", "F#m", "F#m", "F#m", "F#m", "F#m", "F#m", "G", "G", "G", "D"]
