
metadata:
    version:
        essentia: "1.2.2"
    audio_properties:
        analysis_sample_rate: 44100
        bitrate: 128
        channels: 2
        equal_loudness: 1
        length: 10.1093873978
        replay_gain: -6.9946937561
        downmix: "mix"
    tags:
        track: 1
        year: 0
        album: "Splitted by Mp3Splt v. 2.1"
        artist: "From 000.00 To 000.10"
        comment: "http://mp3splt.sf.net"
        genre: ""
        title: "04 I Can't Stop.mp3"

highlevel:
    ballroom:
        all:
            ChaChaCha: 0.469237118959
            Jive: 0.214276045561
            Quickstep: 0.128061905503
            Rumba-American: 0.00360755552538
            Rumba-International: 0.00924072321504
            Rumba-Misc: 0.0039937463589
            Samba: 0.142857432365
            Tango: 0.0180638357997
            VienneseWaltz: 0.00637722434476
            Waltz: 0.00428441818804
        probability: 0.469237118959
        value: "ChaChaCha"
    culture:
        all:
            non_western: 0.5
            western: 0.5
        probability: 0.5
        value: "non_western"
    gender:
        all:
            female: 0.834311306477
            male: 0.165688663721
        probability: 0.834311306477
        value: "female"
    genre_dortmund:
        all:
            alternative: 0.118160367012
            blues: 0.0209014974535
            electronic: 0.151192843914
            folkcountry: 0.107761889696
            funksoulrnb: 0.0453662574291
            jazz: 0.0762837156653
            pop: 0.149843752384
            raphiphop: 0.0518155880272
            rock: 0.278674095869
        probability: 0.278674095869
        value: "rock"
    genre_electronica:
        all:
            ambient: 0.509440422058
            dnb: 0.123502440751
            house: 0.165611505508
            techno: 0.0743707790971
            trance: 0.127074837685
        probability: 0.509440422058
        value: "ambient"
    genre_rosamerica:
        all:
            cla: 0.0391428731382
            dan: 0.0996991470456
            hip: 0.0202405825257
            jaz: 0.00803900044411
            pop: 0.687869012356
            rhy: 0.0524138249457
            roc: 0.0882115960121
            spe: 0.00438397331163
        probability: 0.687869012356
        value: "pop"
    genre_tzanetakis:
        all:
            blu: 0.00283891498111
            cla: 0.0128311729059
            cou: 0.0837624296546
            dis: 0.418290317059
            hip: 0.00915055070072
            jaz: 0.00634918082505
            met: 0.0130896698684
            pop: 0.220246210694
            reg: 0.0645632967353
            roc: 0.168878257275
        probability: 0.418290317059
        value: "dis"
    live_studio:
        all:
            live: 0.0191297437996
            studio: 0.980870246887
        probability: 0.980870246887
        value: "studio"
    mood:
        all:
            Cluster1: 0.224454253912
            Cluster2: 0.255579918623
            Cluster3: 0.249779894948
            Cluster4: 0.0951406210661
            Cluster5: 0.175045311451
        probability: 0.255579918623
        value: "Cluster2"
    mood_acoustic:
        all:
            acoustic: 0.0486851446331
            not_acoustic: 0.951314866543
        probability: 0.951314866543
        value: "not_acoustic"
    mood_aggressive:
        all:
            aggressive: 0.0159254409373
            not_aggressive: 0.984074532986
        probability: 0.984074532986
        value: "not_aggressive"
    mood_electronic:
        all:
            electronic: 0.480783998966
            not_electronic: 0.519216001034
        probability: 0.519216001034
        value: "not_electronic"
    mood_happy:
        all:
            happy: 0.69732093811
            not_happy: 0.30267906189
        probability: 0.69732093811
        value: "happy"
    mood_party:
        all:
            not_party: 0.577931582928
            party: 0.422068417072
        probability: 0.577931582928
        value: "not_party"
    mood_relaxed:
        all:
            not_relaxed: 0.855413973331
            relaxed: 0.144586056471
        probability: 0.855413973331
        value: "not_relaxed"
    mood_sad:
        all:
            not_sad: 0.536007940769
            sad: 0.463992059231
        probability: 0.536007940769
        value: "not_sad"
    rhythm:
        all:
            fast: 0.92912620306
            medium: 0.0209821537137
            slow: 0.0498916655779
        probability: 0.92912620306
        value: "fast"
    speech_music:
        all:
            music: 0.984723031521
            speech: 0.0152769926935
        probability: 0.984723031521
        value: "music"
    timbre:
        all:
            bright: 0.999988138676
            dark: 1.18695170386e-05
        probability: 0.999988138676
        value: "bright"
    voice_instrumental:
        all:
            instrumental: 0.95029592514
            voice: 0.0497040934861
        probability: 0.95029592514
        value: "instrumental"

lowlevel:
    average_loudness: 0.877804219723
    barkbands_kurtosis:
        dmean: 1.82148635387
        dmean2: 3.20265007019
        dvar: 12.4133405685
        dvar2: 39.081237793
        max: 21.8106403351
        mean: 0.845241010189
        min: -1.89832305908
        var: 15.4122447968
    barkbands_skewness:
        dmean: 0.596458137035
        dmean2: 0.989372372627
        dvar: 0.503274321556
        dvar2: 1.45828294754
        max: 4.27273130417
        mean: 0.645773947239
        min: -2.4128537178
        var: 1.1797734499
    barkbands_spread:
        dmean: 4.98887586594
        dmean2: 7.72933149338
        dvar: 32.7019386292
        dvar2: 71.5765380859
        max: 59.7478866577
        mean: 22.2726383209
        min: 2.44756937027
        var: 120.697715759
    dissonance:
        dmean: 0.0278629399836
        dmean2: 0.0491503998637
        dvar: 0.00226509245113
        dvar2: 0.00706364586949
        max: 0.499999970198
        mean: 0.461784303188
        min: 0.190967455506
        var: 0.00184538622852
    hfc:
        dmean: 3.2387342453
        dmean2: 5.25042390823
        dvar: 43.2903442383
        dvar2: 114.239952087
        max: 61.9164733887
        mean: 6.35476016998
        min: 0.00110824336298
        var: 71.9008178711
    pitch:
        dmean: 398.510101318
        dmean2: 777.279846191
        dvar: 791293.4375
        dvar2: 1996682.75
        max: 4410
        mean: 503.85357666
        min: 56.3218383789
        var: 574197.9375
    pitch_instantaneous_confidence:
        dmean: 0.0956576019526
        dmean2: 0.151221558452
        dvar: 0.00835175253451
        dvar2: 0.0211776420474
        max: 0.88234513998
        mean: 0.483478933573
        min: 0.157208919525
        var: 0.0311371088028
    pitch_salience:
        dmean: 0.0705224499106
        dmean2: 0.117100797594
        dvar: 0.00497762812302
        dvar2: 0.0143816098571
        max: 0.89359664917
        mean: 0.638584673405
        min: 0.268323898315
        var: 0.00957253202796
    silence_rate_20dB:
        dmean: 0
        dmean2: 0
        dvar: 0
        dvar2: 0
        max: 1
        mean: 1
        min: 1
        var: 0
    silence_rate_30dB:
        dmean: 0
        dmean2: 0
        dvar: 0
        dvar2: 0
        max: 1
        mean: 1
        min: 1
        var: 0
    silence_rate_60dB:
        dmean: 0.116009280086
        dmean2: 0.232558146119
        dvar: 0.102551206946
        dvar2: 0.197079911828
        max: 1
        mean: 0.60185188055
        min: 0
        var: 0.23962713778
    spectral_centroid:
        dmean: 294.938537598
        dmean2: 470.139892578
        dvar: 137032.5625
        dvar2: 340220.3125
        max: 3026.27172852
        mean: 1358.59875488
        min: 236.112258911
        var: 376835.09375
    spectral_complexity:
        dmean: 3.26117658615
        dmean2: 5.12264156342
        dvar: 17.7459011078
        dvar2: 40.1925086975
        max: 47
        mean: 10.9718313217
        min: 0
        var: 65.623626709
    spectral_crest:
        dmean: 2.37414765358
        dmean2: 3.98510551453
        dvar: 6.43709278107
        dvar2: 19.5819969177
        max: 22.9528141022
        mean: 7.9802646637
        min: 2.73761630058
        var: 18.2641944885
    spectral_decrease:
        dmean: 2.97317642728e-10
        dmean2: 4.58830057282e-10
        dvar: 1.92428744883e-19
        dvar2: 4.73940524889e-19
        max: -2.42742051503e-13
        mean: -8.03187127918e-10
        min: -5.20610399235e-09
        var: 4.94698725759e-19
    spectral_energy:
        dmean: 0.00139982812107
        dmean2: 0.00217301095836
        dvar: 4.85404780193e-06
        dvar2: 1.21917819342e-05
        max: 0.0252650361508
        mean: 0.00360781047493
        min: 1.01667603758e-06
        var: 1.1426049241e-05
    spectral_energyband_high:
        dmean: 0.000198580659344
        dmean2: 0.000300517160213
        dvar: 2.31146017882e-07
        dvar2: 5.88750197039e-07
        max: 0.00700716394931
        mean: 0.000303058302961
        min: 1.10005551335e-08
        var: 3.69241689668e-07
    spectral_energyband_low:
        dmean: 0.000154103472596
        dmean2: 0.00024237143225
        dvar: 1.00270717951e-07
        dvar2: 2.56356742057e-07
        max: 0.00219418643974
        mean: 0.000185771772522
        min: 5.9229662841e-11
        var: 1.04265019729e-07
    spectral_energyband_middle_high:
        dmean: 0.000842128763907
        dmean2: 0.00141834351234
        dvar: 2.53842677012e-06
        dvar2: 6.86739622324e-06
        max: 0.0102001354098
        mean: 0.00174657744355
        min: 4.13840183455e-07
        var: 4.21023605668e-06
    spectral_energyband_middle_low:
        dmean: 0.000566172064282
        dmean2: 0.000888644368388
        dvar: 6.0741353991e-07
        dvar2: 1.61370428486e-06
        max: 0.0107383942232
        mean: 0.00137239973992
        min: 5.91610557876e-07
        var: 1.26169891246e-06
    spectral_flatness_db:
        dmean: 0.0267729088664
        dmean2: 0.0422675870359
        dvar: 0.000810839701444
        dvar2: 0.00257960124873
        max: 0.385837554932
        mean: 0.166023403406
        min: 0.0513695478439
        var: 0.00440457556397
    spectral_flux:
        dmean: 0.00986222922802
        dmean2: 0.0153496973217
        dvar: 0.00015361669648
        dvar2: 0.000277215091046
        max: 0.126465260983
        mean: 0.0327266193926
        min: 0.00187697133515
        var: 0.000419659452746
    spectral_kurtosis:
        dmean: 3.09653496742
        dmean2: 5.07202100754
        dvar: 16.6589851379
        dvar2: 47.6729888916
        max: 33.229434967
        mean: 6.77137041092
        min: 0.32660651207
        var: 25.7504882812
    spectral_rms:
        dmean: 0.000357299373718
        dmean2: 0.00055221101502
        dvar: 1.57995074801e-07
        dvar2: 3.79978644105e-07
        max: 0.00496475724503
        mean: 0.00167324044742
        min: 3.14941098623e-05
        var: 7.20079867733e-07
    spectral_rolloff:
        dmean: 494.45300293
        dmean2: 844.16217041
        dvar: 289247.875
        dvar2: 601236.4375
        max: 5211.03515625
        mean: 2413.79125977
        min: 215.33203125
        var: 1226813.5
    spectral_skewness:
        dmean: 0.337890118361
        dmean2: 0.536672592163
        dvar: 0.151043981314
        dvar2: 0.411697775126
        max: 4.54992961884
        mean: 1.94503080845
        min: 0.702892124653
        var: 0.379484117031
    spectral_spread:
        dmean: 1138106.25
        dmean2: 1463032.125
        dvar: 1.47983905587e+12
        dvar2: 2.0492409897e+12
        max: 26145856
        mean: 4615029
        min: 1717610.625
        var: 3.96402281677e+12
    spectral_strongpeak:
        dmean: 0.441772311926
        dmean2: 0.755915164948
        dvar: 0.742442071438
        dvar2: 1.86681759357
        max: 7.66886520386
        mean: 0.72280728817
        min: 0.0013266725
        var: 1.36534297466
    zerocrossingrate:
        dmean: 0.00858111213893
        dmean2: 0.00977829284966
        dvar: 5.81976564717e-05
        dvar2: 7.50696635805e-05
        max: 0.150390625
        mean: 0.0733831673861
        min: 0.02197265625
        var: 0.000630948343314
    barkbands:
        dmean: [2.36337811543e-07, 5.11335201736e-05, 0.000113856847747, 0.000141694166814, 0.000155642977916, 0.000101982186607, 0.000142113538459, 4.86532517243e-05, 0.000233550774283, 7.75388834882e-05, 3.47039276676e-05, 3.76831339963e-05, 8.0081197666e-05, 8.45939939609e-05, 7.84497897257e-05, 7.3969400546e-05, 0.00017479705275, 0.000181534967851, 0.000311014940962, 0.00018775917124, 0.000124184021843, 3.29956201313e-05, 5.49734340893e-06, 3.17921922033e-06, 2.03018680622e-06, 1.31949079218e-07, 1.51488177558e-09]
        dmean2: [3.68151887642e-07, 8.10757774161e-05, 0.00018675289175, 0.000223268303671, 0.000252124504186, 0.00015161576448, 0.000215193431359, 7.59868562454e-05, 0.000402180827223, 0.000129580730572, 5.01552385685e-05, 5.84842491662e-05, 0.000124875325128, 0.000133842593641, 0.000120282536955, 0.000121453645988, 0.000298387778457, 0.00032330135582, 0.000550835917238, 0.000317717640428, 0.000202698633075, 5.0841463235e-05, 8.91866875463e-06, 4.61495028503e-06, 2.74647413789e-06, 1.84246289336e-07, 2.38061703683e-09]
        dvar: [1.86939886856e-13, 1.32390454155e-08, 5.59453248172e-08, 1.49128041471e-07, 1.20802198467e-07, 2.26889778077e-08, 3.2310065734e-08, 6.6709873181e-09, 1.09213850408e-07, 9.89976811638e-09, 4.01471034195e-09, 3.09833958489e-09, 1.39166269619e-08, 3.3874595573e-08, 1.46801779621e-08, 1.90940756539e-08, 1.08897182827e-07, 1.97574564709e-07, 4.34009848505e-07, 1.53411107817e-07, 6.91748880399e-08, 5.88090953713e-09, 1.89066165501e-10, 3.91430776681e-11, 1.08482433106e-11, 4.53737321695e-14, 2.56310105196e-16]
        dvar2: [4.88230441319e-13, 2.91595139146e-08, 1.5134166631e-07, 3.85688480264e-07, 3.42734438163e-07, 5.00857098018e-08, 7.94267265292e-08, 1.46826089065e-08, 3.25697982362e-07, 2.9100750254e-08, 8.57328874559e-09, 6.77944766991e-09, 3.45910038391e-08, 8.77817711853e-08, 3.28511333691e-08, 4.60831586224e-08, 2.773845722e-07, 5.62001446269e-07, 1.21604580272e-06, 3.91465675875e-07, 1.7082167858e-07, 1.19524727893e-08, 4.21651047411e-10, 8.41509917304e-11, 2.06467776903e-11, 8.6398519361e-14, 6.58387857291e-16]
        max: [3.26114081872e-06, 0.000994363916107, 0.00176520156674, 0.00572877656668, 0.00363249704242, 0.00196975655854, 0.00175259984098, 0.000996900955215, 0.0023181787692, 0.000873176206369, 0.000743115961086, 0.000554104510229, 0.00127281364985, 0.0017968172906, 0.0019065431552, 0.0019086037064, 0.00282568950206, 0.00281080510467, 0.00400739349425, 0.00382779189385, 0.00293598580174, 0.00102801830508, 0.000178556947503, 7.37773370929e-05, 2.50041866821e-05, 1.59412809353e-06, 2.5045258667e-07]
        mean: [3.46530612205e-07, 5.98137667112e-05, 0.000125617778394, 0.000179458817001, 0.000190107253729, 0.000227295720833, 0.000385782244848, 8.97907011677e-05, 0.00028082949575, 0.000106578940176, 6.25462052994e-05, 7.1623158874e-05, 0.000163859134773, 0.000135742026032, 0.000129667489091, 0.000120693483041, 0.000242237583734, 0.000192802646779, 0.000327656947775, 0.000270168326097, 0.000177029272891, 5.26409639861e-05, 7.71004397393e-06, 4.79655591334e-06, 2.84761608782e-06, 1.68797726019e-07, 1.07837350161e-09]
        min: [1.18606405079e-13, 1.02668602786e-11, 8.90234327228e-12, 4.49194084706e-11, 1.51580115126e-09, 1.73873345943e-07, 1.1777499509e-07, 2.76526623821e-08, 1.48219044149e-07, 8.40335374619e-08, 1.18010117234e-08, 2.43186164539e-08, 2.19821227887e-08, 2.48433345007e-08, 1.54651928597e-07, 1.35145530322e-08, 6.2238174614e-09, 1.60298228025e-08, 1.05602424583e-08, 1.82666788362e-08, 3.85703424755e-09, 1.01604546998e-09, 2.32963509594e-10, 1.85947285347e-10, 1.49781700931e-10, 1.2624885512e-11, 2.1746301049e-13]
        var: [3.38134820707e-13, 1.59609783168e-08, 5.00544992121e-08, 1.48844591763e-07, 1.25012860508e-07, 7.08434129137e-08, 1.09225993583e-07, 1.40537723681e-08, 1.13306619198e-07, 1.53115351509e-08, 1.02289989812e-08, 8.14208789279e-09, 3.51130040599e-08, 5.45889662362e-08, 3.21759934252e-08, 4.08470164359e-08, 1.68396965705e-07, 1.64383621382e-07, 3.77138235308e-07, 2.68103008239e-07, 1.16514684123e-07, 1.45857628198e-08, 3.91065041461e-10, 7.00214747296e-11, 2.22327260768e-11, 7.5962768519e-14, 1.49574451191e-16]
    mfcc:
        mean: [-759.995544434, 118.737228394, -61.8019638062, 26.2354354858, -24.9030361176, -17.8258666992, -11.1243171692, -14.8058300018, -5.10323953629, -4.31466436386, -0.133883297443, -2.77772092819, -4.82067584991]
        cov: [[14144.0019531, -1665.16101074, 2590.05175781, 1998.4876709, 1757.97961426, 1712.81335449, 1014.56115723, 490.605987549, -22.0108127594, -243.129486084, 505.82913208, 468.686798096, 0.786061882973], [-1665.16101074, 1054.54516602, -217.723449707, -232.372039795, -7.46928548813, -79.8869400024, -48.8874282837, -37.147354126, -28.6543102264, 52.8142585754, -8.7624835968, 36.8145065308, 15.7211904526], [2590.05175781, -217.723449707, 1155.61816406, 404.406555176, 625.523376465, 546.788879395, 289.101135254, 185.357147217, -5.18190813065, -22.2195701599, 160.109985352, 106.269760132, -4.9154176712], [1998.4876709, -232.372039795, 404.406555176, 501.123779297, 294.627044678, 271.825653076, 173.835388184, 77.4697113037, 10.0777769089, -27.9679946899, 80.611038208, 69.3170013428, -17.5156517029], [1757.97961426, -7.46928548813, 625.523376465, 294.627044678, 511.26651001, 407.281799316, 213.928710938, 126.49269104, -16.3044033051, -24.6819972992, 114.511535645, 107.37625885, 22.3068180084], [1712.81335449, -79.8869400024, 546.788879395, 271.825653076, 407.281799316, 448.6456604, 216.911849976, 95.6059951782, -26.5776672363, -40.0185623169, 90.8577423096, 89.2474517822, 15.5084018707], [1014.56115723, -48.8874282837, 289.101135254, 173.835388184, 213.928710938, 216.911849976, 179.825881958, 68.8355255127, 1.74951016903, -20.8634471893, 55.0332107544, 60.6123886108, 13.5833883286], [490.605987549, -37.147354126, 185.357147217, 77.4697113037, 126.49269104, 95.6059951782, 68.8355255127, 105.327331543, 8.43278503418, -7.89524507523, 27.2594490051, 26.5369281769, 6.37425374985], [-22.0108127594, -28.6543102264, -5.18190813065, 10.0777769089, -16.3044033051, -26.5776672363, 1.74951016903, 8.43278503418, 61.3725547791, 22.4164447784, -9.38400363922, -12.8831062317, -6.87962532043], [-243.129486084, 52.8142585754, -22.2195701599, -27.9679946899, -24.6819972992, -40.0185623169, -20.8634471893, -7.89524507523, 22.4164447784, 59.4309844971, 14.6170578003, -3.63532972336, -3.7460372448], [505.82913208, -8.7624835968, 160.109985352, 80.611038208, 114.511535645, 90.8577423096, 55.0332107544, 27.2594490051, -9.38400363922, 14.6170578003, 100.267707825, 68.0124511719, 15.1889123917], [468.686798096, 36.8145065308, 106.269760132, 69.3170013428, 107.37625885, 89.2474517822, 60.6123886108, 26.5369281769, -12.8831062317, -3.63532972336, 68.0124511719, 97.3045806885, 35.9199523926], [0.786061882973, 15.7211904526, -4.9154176712, -17.5156517029, 22.3068180084, 15.5084018707, 13.5833883286, 6.37425374985, -6.87962532043, -3.7460372448, 15.1889123917, 35.9199523926, 65.2844467163]]
        icov: [[0.000278311606962, 0.000276207661955, -8.41468208819e-05, -0.000520945817698, -0.000186782883247, -0.000210171026993, -0.000165791730979, 2.53757680184e-05, -6.14058953943e-05, 0.000372798735043, -9.20548554859e-05, -0.000507167540491, 0.000245181203354], [0.000276207661955, 0.00169535935856, 0.000448719831184, 0.000332015799358, -0.00160476891324, 0.000203187868465, -0.000514455779921, 0.000340938480804, 0.000873357988894, -0.00135832256638, 0.00106472580228, -0.0019886600785, 0.00114564073738], [-8.41468208819e-05, 0.000448719831184, 0.00341238197871, 0.000406690232921, -0.00286835222505, -0.00110822287388, -0.000271672586678, -0.00120545667596, -0.000168978018337, -0.000804290990345, -0.00174664752558, 0.00165875686798, 0.00110631179996], [-0.000520945817698, 0.000332015799358, 0.000406690232921, 0.00519779883325, -0.00143067585304, 0.000269625918008, -0.00140714540612, 0.000515527965035, -0.000986258033663, -0.000129740597913, -0.000220796559006, -0.000502033741213, 0.00223494810052], [-0.000186782883247, -0.00160476891324, -0.00286835222505, -0.00143067585304, 0.0125387804583, -0.00576194748282, 0.000737202703021, -0.00318645057268, -0.00030725452234, 0.000335805787472, -0.00133605487645, -0.000742334406823, -0.00226278789341], [-0.000210171026993, 0.000203187868465, -0.00110822287388, 0.000269625918008, -0.00576194748282, 0.0118662957102, -0.00585767254233, 0.00229000905529, 0.00315797631629, 0.00106419005897, 0.00112732371781, 5.22405607626e-05, 0.000190434468095], [-0.000165791730979, -0.000514455779921, -0.000271672586678, -0.00140714540612, 0.000737202703021, -0.00585767254233, 0.016964668408, -0.00323286629282, -0.00404005683959, 0.00229370174929, -0.000391563109588, -0.00259600882418, -0.0011212809477], [2.53757680184e-05, 0.000340938480804, -0.00120545667596, 0.000515527965035, -0.00318645057268, 0.00229000905529, -0.00323286629282, 0.0154435634613, -0.00252128881402, 0.00146957498509, 0.000611274328548, -0.000691023131367, -0.000268695817795], [-6.14058953943e-05, 0.000873357988894, -0.000168978018337, -0.000986258033663, -0.00030725452234, 0.00315797631629, -0.00404005683959, -0.00252128881402, 0.0237462632358, -0.0116058615968, 0.00559081463143, 0.000151681480929, 0.000406878127251], [0.000372798735043, -0.00135832256638, -0.000804290990345, -0.000129740597913, 0.000335805787472, 0.00106419005897, 0.00229370174929, 0.00146957498509, -0.0116058615968, 0.0285845398903, -0.0117538878694, 0.00423794612288, 5.90320960328e-05], [-9.20548554859e-05, 0.00106472580228, -0.00174664752558, -0.000220796559006, -0.00133605487645, 0.00112732371781, -0.000391563109588, 0.000611274328548, 0.00559081463143, -0.0117538878694, 0.0277383551002, -0.0175221860409, 0.00286647165194], [-0.000507167540491, -0.0019886600785, 0.00165875686798, -0.000502033741213, -0.000742334406823, 5.22405607626e-05, -0.00259600882418, -0.000691023131367, 0.000151681480929, 0.00423794612288, -0.0175221860409, 0.0312860608101, -0.0115539422259], [0.000245181203354, 0.00114564073738, 0.00110631179996, 0.00223494810052, -0.00226278789341, 0.000190434468095, -0.0011212809477, -0.000268695817795, 0.000406878127251, 5.90320960328e-05, 0.00286647165194, -0.0115539422259, 0.0224455539137]]
    spectral_contrast:
        mean: [-1.20031302231e-07, -2.55173642216e-08, -2.89488298222e-07, 2.34745755279e-07, 1.22847126249e-07, 3.68016713992e-07, -2.61032664639e-06, 3.22424739352e-06, -2.8336691571e-07, -1.05805236217e-06, 5.74918976781e-06, 3.48113502469e-07]
        var: [0.00043712349725, 0.00105386739597, 0.00195075420197, 0.00254213716835, 0.00449390942231, 0.00479407561943, 0.0612989477813, 0.100108742714, 0.156353384256, 0.486907243729, 0.873833358288, 7.64897155762]

rhythm:
    beats_loudness:
        dmean: 0.00206736614928
        dmean2: 0.00368581642397
        dvar: 4.13823909184e-06
        dvar2: 9.16650424188e-06
        max: 0.0149243678898
        mean: 0.00561808748171
        min: 3.94423404941e-05
        var: 1.22592082334e-05
    beats_loudness_bass:
        dmean: 0.117421366274
        dmean2: 0.200093582273
        dvar: 0.00727769266814
        dvar2: 0.0139831714332
        max: 0.523644685745
        mean: 0.250996142626
        min: 6.44027977614e-06
        var: 0.020951366052
    bpm: 129.989196777
    bpm_confidence: 0
    first_peak_bpm: 131
    first_peak_spread: 0.421052634716
    first_peak_weight: 0.550000011921
    onset_rate: 3.75888228416
    second_peak_bpm: 120
    second_peak_spread: 0
    second_peak_weight: 0.0500000007451
    beats_position: [0.632927656174, 1.09249305725, 1.55205845833, 2.01162385941, 2.47118926048, 2.93075489998, 3.39032030106, 3.84988594055, 4.30945158005, 4.76901721954, 5.22858285904, 5.68814849854, 6.18875837326, 6.6521654129, 7.11557292938, 7.5789809227, 8.04238796234, 8.50579547882, 8.9692029953, 9.43261051178, 9.89601707458]
    bpm_estimates: [130.472610474, 130.330474854, 130.581436157, 131.69859314, 130.2862854, 130.312026978, 130.296081543, 130.371780396, 130.685913086, 129.399078369, 129.485488892, 129.455047607, 129.677017212, 129.069229126, 129.519561768, 129.421554565, 129.360488892, 129.603424072, 129.768630981]
    bpm_intervals: [0.459565401077, 0.459565401077, 0.459565401077, 0.459565401077, 0.459565639496, 0.459565401077, 0.459565639496, 0.459565639496, 0.459565639496, 0.459565639496, 0.459565639496, 0.500609874725, 0.463407039642, 0.463407516479, 0.463407993317, 0.463407039642, 0.463407516479, 0.463407516479, 0.463407516479, 0.463406562805]
    onset_times: [1.2190476656, 1.34675741196, 1.43963718414, 1.55573701859, 1.77632653713, 1.98530614376, 2.27555561066, 2.47292518616, 2.84444451332, 2.93732428551, 3.16952371597, 3.39011335373, 3.75002264977, 3.85451245308, 4.09832191467, 4.31891155243, 4.69043064117, 4.7833108902, 5.02712011337, 5.24770975113, 5.49151945114, 5.70049905777, 5.95591831207, 6.17650794983, 6.57124710083, 6.65251684189, 6.88471651077, 7.11691617966, 7.4884352684, 7.56970500946, 7.84834480286, 8.04571437836, 8.28952407837, 8.53333377838, 8.97451210022, 9.43891143799, 9.682721138, 9.90331077576]
    rubato_start: []
    rubato_stop: []
    perceptual_tempo: "unknown"

sfx:
    inharmonicity:
        dmean: 0.0671745240688
        dmean2: 0.120098762214
        dvar: 0.00497818598524
        dvar2: 0.0135852955282
        max: 0.335044115782
        mean: 0.0653323307633
        min: 4.70171789857e-06
        var: 0.00534441648051
    oddtoevenharmonicenergyratio:
        dmean: 9.07699871063
        dmean2: 17.2819480896
        dvar: 781.696899414
        dvar2: 2625.87402344
        max: 210.479934692
        mean: 5.54667329788
        min: 8.88927243068e-05
        var: 430.511962891
    pitch_after_max_to_before_max_energy_ratio: 0.204146698117
    pitch_centroid: 220.20324707
    pitch_max_to_total: 0.906103312969
    pitch_min_to_total: 0.732394337654
    tristimulus:
        dmean: [0.211783722043, 0.270594418049, 0.109696239233]
        dmean2: [0.372282683849, 0.481776863337, 0.19563998282]
        dvar: [0.0422173552215, 0.0566091276705, 0.0126371979713]
        dvar2: [0.104674294591, 0.154097005725, 0.0360896959901]
        max: [0.973831415176, 0.987099051476, 0.620140910149]
        mean: [0.312844723463, 0.52116304636, 0.113269038498]
        min: [0.00166164059192, 0, 0]
        var: [0.0528419166803, 0.0703418105841, 0.014632419683]

tonal:
    chords_changes_rate: 0.0373831763864
    chords_number_rate: 0.0280373822898
    chords_strength:
        dmean: 0.00946018751711
        dmean2: 0.00625323457643
        dvar: 8.20976274554e-05
        dvar2: 4.52900058008e-05
        max: 0.706759989262
        mean: 0.563941538334
        min: 0.344387620687
        var: 0.00911408104002
    key_strength: 0.672820091248
    tuning_diatonic_strength: 0.541687250137
    tuning_equal_tempered_deviation: 0.0475926175714
    tuning_frequency: 440.508575439
    tuning_nontempered_energy_ratio: 0.663739979267
    hpcp:
        dmean: [0.12839871645, 0.101776860654, 0.0675597339869, 0.0679389536381, 0.0648526325822, 0.125778198242, 0.166677460074, 0.108556739986, 0.0419802293181, 0.0354749821126, 0.0415768139064, 0.0682740285993, 0.0883819684386, 0.0887739136815, 0.1018653512, 0.0874046459794, 0.0554132983088, 0.0442148260772, 0.0590350590646, 0.0711467713118, 0.135202497244, 0.145161360502, 0.161957398057, 0.114016734064, 0.0998408719897, 0.131974607706, 0.144835665822, 0.169825389981, 0.141903996468, 0.113202214241, 0.102941572666, 0.134364008904, 0.199531301856, 0.172578930855, 0.115675412118, 0.115065984428]
        dmean2: [0.217397198081, 0.181623309851, 0.118818409741, 0.121524989605, 0.113636486232, 0.204597309232, 0.27091217041, 0.174263268709, 0.0708934515715, 0.0597755536437, 0.070592366159, 0.114739887416, 0.147888541222, 0.149757087231, 0.165143042803, 0.148313358426, 0.0855191573501, 0.0729334056377, 0.0979916080832, 0.119986563921, 0.23160853982, 0.233258649707, 0.271419674158, 0.207228347659, 0.167713955045, 0.234008699656, 0.250447720289, 0.295658826828, 0.238761276007, 0.197699368, 0.169303745031, 0.233592644334, 0.333690345287, 0.280426770449, 0.19550126791, 0.196490392089]
        dvar: [0.0372919589281, 0.0249071270227, 0.0140123646706, 0.0124717522413, 0.00599267845973, 0.0175279360265, 0.038645748049, 0.0141569906846, 0.0029872902669, 0.00277022155933, 0.00278278952464, 0.0122103095055, 0.0191759392619, 0.0149007989094, 0.0159524623305, 0.0259897690266, 0.0105689577758, 0.00602286309004, 0.0106727750972, 0.0110103599727, 0.0181438289583, 0.031499478966, 0.0280397813767, 0.0307841673493, 0.0213962048292, 0.0419969968498, 0.0324218459427, 0.044588662684, 0.033728569746, 0.0254703350365, 0.0193688217551, 0.0276672299951, 0.0370271541178, 0.0302873328328, 0.0210624206811, 0.0297598689795]
        dvar2: [0.095741532743, 0.0683313533664, 0.0394149757922, 0.0344612412155, 0.0149114765227, 0.0445085056126, 0.0955737158656, 0.0352356769145, 0.00762442359701, 0.00713708112016, 0.0078485077247, 0.0345218032598, 0.0497781448066, 0.0424962453544, 0.0413004532456, 0.0614071339369, 0.0236378647387, 0.0159478038549, 0.0262717977166, 0.0247600711882, 0.0510890297592, 0.0642701536417, 0.0878425985575, 0.0868092402816, 0.0548398196697, 0.111849039793, 0.0899595022202, 0.125161886215, 0.0908546000719, 0.0651775225997, 0.0458728671074, 0.0743754729629, 0.096281260252, 0.0768507197499, 0.0625728443265, 0.0838822796941]
        max: [1, 1, 0.96029394865, 0.963296115398, 0.479049503803, 1, 1, 1, 0.440833240747, 0.368366062641, 0.366833895445, 1, 1, 1, 1, 1, 1, 0.748758554459, 1, 1, 1, 1, 1, 0.961864948273, 0.887232601643, 1, 1, 1, 1, 0.84796410799, 1, 1, 1, 1, 0.905194759369, 1]
        mean: [0.218560382724, 0.13503728807, 0.0741228535771, 0.0771265551448, 0.0831435546279, 0.261349648237, 0.405968010426, 0.224317282438, 0.0604897513986, 0.0496656633914, 0.0558361932635, 0.088458865881, 0.122057296336, 0.135318174958, 0.17258054018, 0.17785872519, 0.105009615421, 0.0698631182313, 0.0814058706164, 0.0859611704946, 0.327859640121, 0.544961988926, 0.322827607393, 0.102772027254, 0.0950756147504, 0.151041224599, 0.275713115931, 0.31843483448, 0.197836741805, 0.11890796572, 0.130079701543, 0.172758847475, 0.401236087084, 0.442800402641, 0.195789441466, 0.168958455324]
        min: [0.000737688562367, 0.00297157862224, 0.00366044184193, 0.00232594273984, 0.0024684863165, 0.00218768161722, 0.00415046093985, 0.00405350513756, 0.000889905786607, 0.000618890859187, 0.0018249762943, 0.00181179610081, 0.000859067426063, 0.00149499962572, 0.00159369932953, 0.00128885824233, 0.00100400403608, 0.000618362915702, 0.000231710306252, 0.000436387286754, 0.000710859894753, 0.000519015768077, 0.000732795684598, 0.000281119981082, 0.00155020412058, 0.0015853807563, 0.00241932622157, 0.00370580959134, 0.000763043237384, 0.000657306460198, 0.000579505402129, 0.00107253692113, 0.000935258402023, 0.00131229043473, 0.00351173081435, 0.000754429202061]
        var: [0.0893204286695, 0.0335661023855, 0.0126535166055, 0.0159056205302, 0.00926022045314, 0.0422707535326, 0.103531144559, 0.0323975160718, 0.00423232652247, 0.00344007229432, 0.00346868578345, 0.0116331130266, 0.0299108270556, 0.0213515292853, 0.0307447351515, 0.0714285895228, 0.0342763997614, 0.00639855349436, 0.0120122376829, 0.0146981440485, 0.0608133375645, 0.155864551663, 0.0635001212358, 0.0234593693167, 0.0181115847081, 0.0560977831483, 0.0955777391791, 0.101769864559, 0.0505238622427, 0.0264246556908, 0.0356291644275, 0.0340254455805, 0.0970231369138, 0.124734438956, 0.0281288754195, 0.0498723760247]
    chords_histogram: [58.4112167358, 0, 0, 0, 0, 3.27102804184, 0, 0, 0, 0, 0, 0, 12.1495323181, 0, 0, 0, 0, 0, 0, 1.40186917782, 14.0186920166, 0, 10.7476634979, 0]
    thpcp: [1, 0.592385530472, 0.188585683703, 0.174462839961, 0.277159184217, 0.505930900574, 0.584324836731, 0.363028526306, 0.218194976449, 0.238694995642, 0.317010819912, 0.73626434803, 0.812534451485, 0.359271734953, 0.310037136078, 0.401056200266, 0.247792124748, 0.136014714837, 0.14152649045, 0.152567625046, 0.479574084282, 0.744947373867, 0.411620050669, 0.110998108983, 0.0911360159516, 0.102458879352, 0.162321165204, 0.223973959684, 0.248307541013, 0.316683620214, 0.326369047165, 0.192691639066, 0.12819814682, 0.149378985167, 0.157737925649, 0.601619303226]
    chords_key: "E"
    chords_scale: "major"
    key_key: "E"
    key_scale: "major"
    chords_progression: ["A#m", "A#", "A#", "A#", "A#", "A#", "A#", "A#", "A#", "A#", "A#", "A#", "A#", "A#m", "A#m", "A#m", "A#m", "A#m", "A#m", "A#", "A#", "A#", "A#", "A#", "A#", "A#", "A#", "A#", "A#", "A#", "A#", "A#", "A#", "E", "E", "E", "E", "E", "E", "E", "E", "E", "E", "E", "E", "E", "E", "E", "E", "E", "E", "E", "E", "E", "E", "E", "E", "E", "E", "E", "E", "E", "E", "E", "E", "E", "E", "E", "E", "E", "E", "E", "E", "E", "E", "E", "E", "E", "E", "E", "E", "E", "E", "E", "E", "E", "E", "E", "E", "E", "E", "E", "E", "E", "E", "E", "E", "E", "E", "E", "E", "E", "E", "E", "E", "E", "E", "E", "E", "E", "E", "E", "E", "E", "E", "E", "E", "E", "E", "E", "E", "E", "E", "E", "E", "E", "E", "E", "E", "E", "E", "E", "E", "E", "A", "A", "A", "A", "A", "A", "A", "A", "A", "A", "A", "A", "A", "A", "A", "A", "A", "A", "A", "A", "A", "A", "A", "D", "D", "D", "D", "D", "D", "D", "D", "D", "D", "D", "D", "D", "D", "D", "D", "D", "D", "D", "D", "D", "D", "D", "D", "D", "D", "D", "D", "D", "D", "Bm", "Bm", "Bm", "E", "E", "E", "E", "E", "E", "E", "E", "E", "E", "E", "E", "E", "E", "E", "E", "E", "E", "E", "E", "E", "E", "E", "E"]
