
metadata:
    version:
        essentia: "1.2.2"
    audio_properties:
        analysis_sample_rate: 44100
        bitrate: 128
        channels: 2
        equal_loudness: 1
        length: 10.0310201645
        replay_gain: -13.3599758148
        downmix: "mix"
    tags:
        track: 6
        year: 0
        album: "Splitted by Mp3Splt v. 2.1"
        artist: "From 000.50 To 001.00"
        comment: "http://mp3splt.sf.net"
        genre: ""
        title: "09 my favorite peanuts.mp3"

highlevel:
    ballroom:
        all:
            ChaChaCha: 0.245398372412
            Jive: 0.228109329939
            Quickstep: 0.106630809605
            Rumba-American: 0.0145358564332
            Rumba-International: 0.114810198545
            Rumba-Misc: 0.0310652386397
            Samba: 0.202838167548
            Tango: 0.0128700872883
            VienneseWaltz: 0.0217841286212
            Waltz: 0.0219578072429
        probability: 0.245398372412
        value: "ChaChaCha"
    culture:
        all:
            non_western: 0.839384555817
            western: 0.160615414381
        probability: 0.839384555817
        value: "non_western"
    gender:
        all:
            female: 0.601515769958
            male: 0.398484200239
        probability: 0.601515769958
        value: "female"
    genre_dortmund:
        all:
            alternative: 0.0909259170294
            blues: 0.0172545053065
            electronic: 0.31732955575
            folkcountry: 0.0695185363293
            funksoulrnb: 0.0287331771106
            jazz: 0.28041779995
            pop: 0.0698714330792
            raphiphop: 0.0179592519999
            rock: 0.107989840209
        probability: 0.31732955575
        value: "electronic"
    genre_electronica:
        all:
            ambient: 0.644587635994
            dnb: 0.139509186149
            house: 0.011857945472
            techno: 0.0181896742433
            trance: 0.185855582356
        probability: 0.644587635994
        value: "ambient"
    genre_rosamerica:
        all:
            cla: 0.103932127357
            dan: 0.240985870361
            hip: 0.321544498205
            jaz: 0.0567383989692
            pop: 0.0537093840539
            rhy: 0.109670326114
            roc: 0.0868158191442
            spe: 0.0266035776585
        probability: 0.321544498205
        value: "hip"
    genre_tzanetakis:
        all:
            blu: 0.0450795032084
            cla: 0.0406742356718
            cou: 0.0442230440676
            dis: 0.0634323358536
            hip: 0.113894619048
            jaz: 0.11528069526
            met: 0.0260710865259
            pop: 0.177816331387
            reg: 0.178785532713
            roc: 0.19474260509
        probability: 0.19474260509
        value: "roc"
    live_studio:
        all:
            live: 0.0431745797396
            studio: 0.956825435162
        probability: 0.956825435162
        value: "studio"
    mood:
        all:
            Cluster1: 0.288449138403
            Cluster2: 0.0923604741693
            Cluster3: 0.0819567963481
            Cluster4: 0.266770809889
            Cluster5: 0.270462781191
        probability: 0.288449138403
        value: "Cluster1"
    mood_acoustic:
        all:
            acoustic: 0.572884976864
            not_acoustic: 0.427114993334
        probability: 0.572884976864
        value: "acoustic"
    mood_aggressive:
        all:
            aggressive: 0.201159641147
            not_aggressive: 0.798840343952
        probability: 0.798840343952
        value: "not_aggressive"
    mood_electronic:
        all:
            electronic: 0.780961990356
            not_electronic: 0.219037994742
        probability: 0.780961990356
        value: "electronic"
    mood_happy:
        all:
            happy: 0.190128430724
            not_happy: 0.809871554375
        probability: 0.809871554375
        value: "not_happy"
    mood_party:
        all:
            not_party: 0.661868929863
            party: 0.338131070137
        probability: 0.661868929863
        value: "not_party"
    mood_relaxed:
        all:
            not_relaxed: 0.287366896868
            relaxed: 0.71263307333
        probability: 0.71263307333
        value: "relaxed"
    mood_sad:
        all:
            not_sad: 0.247156098485
            sad: 0.752843916416
        probability: 0.752843916416
        value: "sad"
    rhythm:
        all:
            fast: 0.831816613674
            medium: 0.121053904295
            slow: 0.0471294820309
        probability: 0.831816613674
        value: "fast"
    speech_music:
        all:
            music: 0.910430014133
            speech: 0.0895699858665
        probability: 0.910430014133
        value: "music"
    timbre:
        all:
            bright: 0.395814418793
            dark: 0.604185581207
        probability: 0.604185581207
        value: "dark"
    voice_instrumental:
        all:
            instrumental: 0.697357773781
            voice: 0.302642256021
        probability: 0.697357773781
        value: "instrumental"

lowlevel:
    average_loudness: 0.970426678658
    barkbands_kurtosis:
        dmean: 2.6569211483
        dmean2: 4.13199615479
        dvar: 8.970287323
        dvar2: 19.1133785248
        max: 33.532043457
        mean: 3.99189043045
        min: -1.58741557598
        var: 24.7987442017
    barkbands_skewness:
        dmean: 0.510810315609
        dmean2: 0.783367574215
        dvar: 0.23344296217
        dvar2: 0.547623336315
        max: 4.82181024551
        mean: 1.81845927238
        min: 0.177230373025
        var: 0.58979421854
    barkbands_spread:
        dmean: 5.97092580795
        dmean2: 9.04510879517
        dvar: 35.5032997131
        dvar2: 80.8390350342
        max: 52.0003433228
        mean: 19.0351295471
        min: 2.29146814346
        var: 93.0914230347
    dissonance:
        dmean: 0.025126548484
        dmean2: 0.040761616081
        dvar: 0.000572912103962
        dvar2: 0.0013627903536
        max: 0.499771565199
        mean: 0.451743066311
        min: 0.276194751263
        var: 0.00127251201775
    hfc:
        dmean: 1.15047895908
        dmean2: 1.75317966938
        dvar: 3.90211653709
        dvar2: 7.84431028366
        max: 13.4595041275
        mean: 1.76002681255
        min: 0.00490323314443
        var: 5.35316133499
    pitch:
        dmean: 255.137161255
        dmean2: 490.388641357
        dvar: 582555.5
        dvar2: 1625806.875
        max: 4410
        mean: 337.527587891
        min: 61.9382019043
        var: 355245.125
    pitch_instantaneous_confidence:
        dmean: 0.0794361159205
        dmean2: 0.127465859056
        dvar: 0.00509054819122
        dvar2: 0.0121241183951
        max: 0.860100865364
        mean: 0.362274289131
        min: 0.135102927685
        var: 0.0173573400825
    pitch_salience:
        dmean: 0.0769387409091
        dmean2: 0.125859856606
        dvar: 0.0051039122045
        dvar2: 0.0126453004777
        max: 0.852175176144
        mean: 0.650087296963
        min: 0.226413533092
        var: 0.00998955126852
    silence_rate_20dB:
        dmean: 0
        dmean2: 0
        dvar: 0
        dvar2: 0
        max: 1
        mean: 1
        min: 1
        var: 0
    silence_rate_30dB:
        dmean: 0
        dmean2: 0
        dvar: 0
        dvar2: 0
        max: 1
        mean: 1
        min: 1
        var: 0
    silence_rate_60dB:
        dmean: 0.194444447756
        dmean2: 0.389791190624
        dvar: 0.15663535893
        dvar2: 0.25641566515
        max: 1
        mean: 0.739030003548
        min: 0
        var: 0.192864745855
    spectral_centroid:
        dmean: 188.985366821
        dmean2: 282.08416748
        dvar: 50125.8867188
        dvar2: 115771.554688
        max: 2201.02148438
        mean: 779.317321777
        min: 284.485137939
        var: 94629.5625
    spectral_complexity:
        dmean: 2.40835261345
        dmean2: 3.83953499794
        dvar: 10.4039974213
        dvar2: 21.353313446
        max: 25
        mean: 5.54629611969
        min: 0
        var: 14.4237709045
    spectral_crest:
        dmean: 2.91542601585
        dmean2: 4.61367464066
        dvar: 8.5385427475
        dvar2: 20.5984096527
        max: 22.6571655273
        mean: 9.94403171539
        min: 2.95009827614
        var: 15.8474979401
    spectral_decrease:
        dmean: 5.18347642586e-10
        dmean2: 8.56346382694e-10
        dvar: 7.57325623413e-19
        dvar2: 1.90964343101e-18
        max: -1.61460287414e-12
        mean: -6.41918074251e-10
        min: -5.1828195069e-09
        var: 7.14122600405e-19
    spectral_energy:
        dmean: 0.00205786619335
        dmean2: 0.00338377174921
        dvar: 1.18672896861e-05
        dvar2: 2.96560410789e-05
        max: 0.0207424815744
        mean: 0.00258238730021
        min: 6.53860752209e-06
        var: 1.14404929263e-05
    spectral_energyband_high:
        dmean: 5.1186321798e-05
        dmean2: 6.99809097569e-05
        dvar: 1.12270495123e-08
        dvar2: 2.05454622204e-08
        max: 0.000815293577034
        mean: 7.53568601795e-05
        min: 1.50778816987e-07
        var: 1.75468652941e-08
    spectral_energyband_low:
        dmean: 0.000144701116369
        dmean2: 0.000238017266383
        dvar: 8.58233875078e-08
        dvar2: 2.2238270958e-07
        max: 0.00172874168493
        mean: 0.000163796270499
        min: 6.22673965722e-08
        var: 8.48521892749e-08
    spectral_energyband_middle_high:
        dmean: 0.000228287812206
        dmean2: 0.000343879510183
        dvar: 1.72957811628e-07
        dvar2: 3.76880109343e-07
        max: 0.00293102231808
        mean: 0.000344503525412
        min: 1.46615229824e-06
        var: 2.06016551374e-07
    spectral_energyband_middle_low:
        dmean: 0.00172445597127
        dmean2: 0.00293105607852
        dvar: 8.86340603756e-06
        dvar2: 2.26512984227e-05
        max: 0.0173890795559
        mean: 0.00199872185476
        min: 4.85918371851e-06
        var: 7.95439336798e-06
    spectral_flatness_db:
        dmean: 0.0254620201886
        dmean2: 0.0394298546016
        dvar: 0.000544619106222
        dvar2: 0.00131614331622
        max: 0.269568830729
        mean: 0.156759247184
        min: 0.0673738643527
        var: 0.00130398035981
    spectral_flux:
        dmean: 0.015325140208
        dmean2: 0.0251011475921
        dvar: 0.000421672477387
        dvar2: 0.000924741616473
        max: 0.132497265935
        mean: 0.0293010249734
        min: 0.00255706999451
        var: 0.000620657927357
    spectral_kurtosis:
        dmean: 1.3214867115
        dmean2: 1.99258804321
        dvar: 1.27978658676
        dvar2: 3.26885867119
        max: 11.9566717148
        mean: 3.95454716682
        min: 0.213769197464
        var: 3.9338927269
    spectral_rms:
        dmean: 0.000515041581821
        dmean2: 0.000788803910837
        dvar: 4.80039602735e-07
        dvar2: 1.14633996873e-06
        max: 0.00449850736186
        mean: 0.00137209787499
        min: 7.98694527475e-05
        var: 6.36748382021e-07
    spectral_rolloff:
        dmean: 590.688903809
        dmean2: 965.18762207
        dvar: 666754.5
        dvar2: 1555122.75
        max: 5167.96875
        mean: 1325.88623047
        min: 236.865234375
        var: 1061213.375
    spectral_skewness:
        dmean: 0.231790319085
        dmean2: 0.335781008005
        dvar: 0.0343030430377
        dvar2: 0.0760781690478
        max: 2.83966588974
        mean: 1.73478782177
        min: 0.88490831852
        var: 0.131759151816
    spectral_spread:
        dmean: 909621.875
        dmean2: 1361944.375
        dvar: 1.18162312397e+12
        dvar2: 2.09466425344e+12
        max: 20607006
        mean: 5942872.5
        min: 3411943.25
        var: 2.59128505139e+12
    spectral_strongpeak:
        dmean: 0.140154033899
        dmean2: 0.218345806003
        dvar: 0.0253537464887
        dvar2: 0.056573394686
        max: 1.60739409924
        mean: 0.265634030104
        min: 0.00681404955685
        var: 0.0735960155725
    zerocrossingrate:
        dmean: 0.00961041729897
        dmean2: 0.0112736187875
        dvar: 7.19799936633e-05
        dvar2: 0.000102768754005
        max: 0.14501953125
        mean: 0.0567107014358
        min: 0.02587890625
        var: 0.000377272604965
    barkbands:
        dmean: [5.07686081619e-07, 5.81277054152e-05, 0.000110310822492, 0.000226733711315, 0.001202048501, 0.000132196510094, 0.000104561666376, 0.000202421404538, 6.7949622462e-05, 4.72975516459e-05, 3.53439281753e-05, 2.26093416131e-05, 1.34459533001e-05, 1.17189174489e-05, 1.06363804662e-05, 1.85249500646e-05, 2.19141275011e-05, 2.86225131276e-05, 4.43043172709e-05, 3.73234397557e-05, 2.70422569884e-05, 6.78361675455e-06, 2.27035911848e-06, 1.17726665394e-06, 9.09468724331e-07, 7.39386365467e-08, 1.13834519588e-09]
        dmean2: [7.21406649973e-07, 9.84967118711e-05, 0.000185609678738, 0.0004184244317, 0.00207958859392, 0.000215328502236, 0.00016365943884, 0.00030893451185, 0.000112869027362, 7.86680320743e-05, 5.92750475334e-05, 3.63101171388e-05, 2.23558727157e-05, 1.86847973964e-05, 1.69400263985e-05, 2.98577051581e-05, 3.50604532287e-05, 4.34044959547e-05, 6.93288384355e-05, 5.34037390025e-05, 3.89180531783e-05, 9.28490135266e-06, 3.26347776536e-06, 1.60356330525e-06, 1.26683710278e-06, 1.08032715218e-07, 1.33281818915e-09]
        dvar: [9.66263202264e-13, 1.21096190853e-08, 5.70287248536e-08, 2.69046182666e-07, 6.44677311357e-06, 3.64710217582e-08, 1.95380156498e-08, 1.83309325053e-07, 9.06673669476e-09, 8.34533953054e-09, 4.56900473012e-09, 9.99614946373e-10, 8.03227928614e-10, 2.70614142206e-10, 3.11242281947e-10, 2.06382777534e-09, 2.12926942744e-09, 3.71376995822e-09, 9.0358387439e-09, 4.15540446497e-09, 3.4548506278e-09, 1.7073641112e-10, 2.07486475917e-11, 6.03637495891e-12, 3.34880582466e-12, 2.26845790958e-14, 2.9570002245e-16]
        dvar2: [1.80552447993e-12, 3.20832285183e-08, 1.53522435653e-07, 7.61635419622e-07, 1.62194719451e-05, 8.71115091172e-08, 4.77106638641e-08, 2.66270916427e-07, 2.48059279784e-08, 2.19352358499e-08, 1.20778960166e-08, 2.46725173625e-09, 2.25272711596e-09, 6.01225291774e-10, 6.83279322011e-10, 5.02964425664e-09, 5.05127317751e-09, 8.44325054317e-09, 1.89548128304e-08, 7.74316699648e-09, 6.79829570416e-09, 3.36758371189e-10, 4.36751537713e-11, 1.30786527441e-11, 6.99377101371e-12, 5.03557732892e-14, 2.96378125263e-16]
        max: [5.64527545066e-06, 0.000595742894802, 0.00153871183284, 0.00293903006241, 0.0152719989419, 0.00181168271229, 0.00137181510217, 0.00609862757847, 0.000589962175582, 0.000697761017364, 0.000594254292082, 0.000225133568165, 0.000375317293219, 0.000130286323838, 0.000157696864335, 0.000399906013627, 0.000400356570026, 0.000484393967781, 0.000992204993963, 0.000456052395748, 0.000458325550426, 0.000104719016235, 3.13305281452e-05, 2.13458115468e-05, 1.62111264217e-05, 1.18891125567e-06, 3.57581370736e-07]
        mean: [5.02044940731e-07, 5.91851312493e-05, 0.000104119892057, 0.000176227214979, 0.00094254052965, 0.000259562191786, 0.000205274554901, 0.000313368014758, 9.87194580375e-05, 5.25786344951e-05, 5.07466866111e-05, 3.60235208063e-05, 1.9653029085e-05, 1.79176277015e-05, 1.38937502925e-05, 1.83982283488e-05, 2.23880524572e-05, 3.40148217219e-05, 5.4920277762e-05, 4.96214452141e-05, 3.64738589269e-05, 1.02182284536e-05, 3.10821019411e-06, 1.61437287716e-06, 1.22628603094e-06, 9.09781476821e-08, 1.1535929989e-09]
        min: [4.06353672933e-10, 7.58538210022e-09, 5.43744675952e-08, 4.55639508345e-08, 7.5211693229e-07, 2.18050126932e-06, 7.29156852231e-07, 6.38160656763e-07, 4.35567699242e-07, 4.21242702942e-07, 5.41221197636e-07, 1.59173652037e-07, 5.49541523398e-09, 8.63177049837e-08, 4.32143281159e-08, 4.03725586295e-09, 4.64566056735e-08, 6.32376924159e-08, 1.19301574841e-07, 1.56845871402e-07, 1.87590920575e-08, 1.2721880438e-08, 1.1034074987e-08, 4.40721503736e-09, 1.42206246778e-09, 1.56306620425e-10, 1.55825076827e-14]
        var: [1.2536289281e-12, 1.29964075057e-08, 4.52223538616e-08, 1.74800575792e-07, 5.13445593242e-06, 7.90509773196e-08, 5.69775089332e-08, 6.72108512845e-07, 9.29223542556e-09, 7.48684669816e-09, 4.65097649283e-09, 1.40601152943e-09, 6.88323287257e-10, 4.50633363958e-10, 3.93037213886e-10, 1.90979276837e-09, 2.14727791104e-09, 4.04790023723e-09, 1.01824388921e-08, 6.5171139596e-09, 4.84335194173e-09, 2.6486229876e-10, 2.95673797945e-11, 8.46163850793e-12, 5.09185835856e-12, 3.17026136246e-14, 2.95128645787e-16]
    mfcc:
        mean: [-774.169799805, 126.83946228, -13.6566963196, 38.3052558899, -31.0120849609, -11.1430978775, -2.30062913895, -11.7632675171, -8.50181770325, -8.49566745758, -2.87291693687, -6.19148159027, -4.12519550323]
        cov: [[2433.6784668, -333.150543213, -158.921005249, 82.9107055664, 179.221176147, -47.6622467041, -69.6935424805, -57.750164032, -41.1700325012, -153.680419922, -181.061645508, -156.508407593, -83.0615692139], [-333.150543213, 568.071960449, -45.4073028564, 19.7856788635, -22.30818367, 1.07253491879, 30.9973583221, 34.8889389038, -7.8263130188, 52.9174613953, 27.2776603699, -1.56024825573, 27.9564800262], [-158.921005249, -45.4073028564, 211.305877686, 86.8828582764, 63.3848190308, 74.668510437, 61.0725364685, 61.3873062134, 71.7759399414, 16.6953639984, 21.2804470062, 33.0206260681, 16.3604202271], [82.9107055664, 19.7856788635, 86.8828582764, 175.69291687, 111.685745239, 57.4022636414, 35.5852165222, 44.766582489, 35.3503913879, -11.2625646591, -29.7045726776, -14.6391925812, -12.886677742], [179.221176147, -22.30818367, 63.3848190308, 111.685745239, 145.661819458, 78.3695373535, 37.5854873657, 26.977437973, 24.2584266663, -6.43840074539, -12.0488176346, -16.4172306061, -14.8792552948], [-47.6622467041, 1.07253491879, 74.668510437, 57.4022636414, 78.3695373535, 102.144371033, 59.7176208496, 36.9848403931, 37.7577667236, 20.5220756531, 23.0930480957, 14.2279548645, 2.11048460007], [-69.6935424805, 30.9973583221, 61.0725364685, 35.5852165222, 37.5854873657, 59.7176208496, 66.1127319336, 46.2545967102, 29.8707332611, 12.6237726212, 11.1203985214, 12.6467075348, 7.71423435211], [-57.750164032, 34.8889389038, 61.3873062134, 44.766582489, 26.977437973, 36.9848403931, 46.2545967102, 70.7817611694, 47.6154174805, 6.11199331284, -2.2136785984, 11.6210918427, 8.01908969879], [-41.1700325012, -7.8263130188, 71.7759399414, 35.3503913879, 24.2584266663, 37.7577667236, 29.8707332611, 47.6154174805, 72.4323654175, 26.5349750519, 12.4727296829, 19.4766960144, 6.31145524979], [-153.680419922, 52.9174613953, 16.6953639984, -11.2625646591, -6.43840074539, 20.5220756531, 12.6237726212, 6.11199331284, 26.5349750519, 68.1847915649, 61.7556114197, 31.6012954712, 11.2963266373], [-181.061645508, 27.2776603699, 21.2804470062, -29.7045726776, -12.0488176346, 23.0930480957, 11.1203985214, -2.2136785984, 12.4727296829, 61.7556114197, 100.37021637, 55.6043052673, 17.527715683], [-156.508407593, -1.56024825573, 33.0206260681, -14.6391925812, -16.4172306061, 14.2279548645, 12.6467075348, 11.6210918427, 19.4766960144, 31.6012954712, 55.6043052673, 63.4751014709, 26.260679245], [-83.0615692139, 27.9564800262, 16.3604202271, -12.886677742, -14.8792552948, 2.11048460007, 7.71423435211, 8.01908969879, 6.31145524979, 11.2963266373, 17.527715683, 26.260679245, 40.2813720703]]
        icov: [[0.000722995377146, 0.000325266591972, 0.000888894195668, 0.000105502425868, -0.00157096877228, 0.00112641928717, -0.00053068617126, 0.000609719427302, -0.0013243885478, 0.00117149786092, -0.000335611199262, 0.00093023525551, -0.000302668224322], [0.000325266591972, 0.00283184484579, 0.00153336499352, -0.00148363411427, 0.000376912794309, 0.000868671224453, -0.00130974617787, -0.00250826077536, 0.00199851812795, -0.00306521984749, -0.000422213663114, 0.00270551838912, -0.00258185062557], [0.000888894195668, 0.00153336499352, 0.0118385609239, -0.00408268813044, -0.000996291986667, 0.000733017339371, -0.0059585031122, 0.00203753472306, -0.00912299286574, 0.00529292691499, -0.00399606442079, 0.00077356537804, -0.00383699405938], [0.000105502425868, -0.00148363411427, -0.00408268813044, 0.0155523233116, -0.0110578294843, 0.00142800353933, 0.00332664512098, -0.00437356811017, 0.00100520893466, -0.00170536723454, 0.00617537042126, -0.0036070139613, 0.00394025025889], [-0.00157096877228, 0.000376912794309, -0.000996291986667, -0.0110578294843, 0.0259534027427, -0.0173477176577, 0.00409621326253, -0.000427641469287, 0.00340772955678, 0.000451869564131, -0.0029607466422, 0.0050967540592, 0.00046733795898], [0.00112641928717, 0.000868671224453, 0.000733017339371, 0.00142800353933, -0.0173477176577, 0.0403895378113, -0.0289859138429, 0.00978394597769, -0.0102311866358, 0.00181189225987, -0.00617998000234, 0.00073170370888, 0.000265183101874], [-0.00053068617126, -0.00130974617787, -0.0059585031122, 0.00332664512098, 0.00409621326253, -0.0289859138429, 0.0577698796988, -0.03062771447, 0.0159672982991, -0.00686915451661, 0.00476607540622, -0.00129117444158, -0.000442977470811], [0.000609719427302, -0.00250826077536, 0.00203753472306, -0.00437356811017, -0.000427641469287, 0.00978394597769, -0.03062771447, 0.051657717675, -0.0303824264556, 0.0144617054611, -0.00118469225708, -0.0025250480976, -0.00145109393634], [-0.0013243885478, 0.00199851812795, -0.00912299286574, 0.00100520893466, 0.00340772955678, -0.0102311866358, 0.0159672982991, -0.0303824264556, 0.0491121932864, -0.028362294659, 0.0148712312803, -0.00825888384134, 0.00386628229171], [0.00117149786092, -0.00306521984749, 0.00529292691499, -0.00170536723454, 0.000451869564131, 0.00181189225987, -0.00686915451661, 0.0144617054611, -0.028362294659, 0.0540977604687, -0.0324355401099, 0.00921981967986, -0.00226775207557], [-0.000335611199262, -0.000422213663114, -0.00399606442079, 0.00617537042126, -0.0029607466422, -0.00617998000234, 0.00476607540622, -0.00118469225708, 0.0148712312803, -0.0324355401099, 0.0453569591045, -0.0286942068487, 0.00748921744525], [0.00093023525551, 0.00270551838912, 0.00077356537804, -0.0036070139613, 0.0050967540592, 0.00073170370888, -0.00129117444158, -0.0025250480976, -0.00825888384134, 0.00921981967986, -0.0286942068487, 0.0502819083631, -0.0204194933176], [-0.000302668224322, -0.00258185062557, -0.00383699405938, 0.00394025025889, 0.00046733795898, 0.000265183101874, -0.000442977470811, -0.00145109393634, 0.00386628229171, -0.00226775207557, 0.00748921744525, -0.0204194933176, 0.0394280254841]]
    spectral_contrast:
        mean: [-2.21280728852e-07, -6.54814655832e-08, -2.41053555783e-07, -2.74934194522e-07, -4.79562118016e-07, 1.31363904643e-07, -2.72691249847e-06, 2.95622476187e-06, 1.04308128357e-07, -2.00287809093e-06, 9.45809802033e-07, -3.05846333504e-06]
        var: [0.000139664451126, 0.000242966576479, 0.000936428026762, 0.00121055415366, 0.00324136717245, 0.00452044932172, 0.0385100655258, 0.0780351310968, 0.11406339705, 0.277990847826, 0.621474742889, 1.29572069645]

rhythm:
    beats_loudness:
        dmean: 0.00165378046222
        dmean2: 0.00278815883212
        dvar: 1.50034111357e-06
        dvar2: 3.53119708052e-06
        max: 0.00938056129962
        mean: 0.00625697476789
        min: 0.00337706482969
        var: 2.4823914373e-06
    beats_loudness_bass:
        dmean: 0.0151770450175
        dmean2: 0.0287131294608
        dvar: 5.39494358236e-05
        dvar2: 0.000131882625283
        max: 0.0320323929191
        mean: 0.0129466410726
        min: 0.00140663352795
        var: 0.000109741129563
    bpm: 81.8974151611
    bpm_confidence: 0
    first_peak_bpm: 82
    first_peak_spread: 0
    first_peak_weight: 0.923076927662
    onset_rate: 5.78206348419
    second_peak_bpm: 76
    second_peak_spread: 0
    second_peak_weight: 0.0769230797887
    beats_position: [0.226848468184, 0.957283318043, 1.68771827221, 2.41815304756, 3.14858794212, 3.87902283669, 4.60945796967, 5.33989286423, 6.13276004791, 6.86781072617, 7.60286188126, 8.33791351318, 9.07296466827, 9.80801582336]
    bpm_estimates: [82.2481765747, 82.1563644409, 82.1513442993, 81.949432373, 82.2565994263, 81.9887771606, 82.0668945312, 82.1415710449, 82.231880188, 82.2061080933, 82.1753158569, 81.5402450562, 81.5717697144, 81.4337921143, 81.5687484741, 81.5670318604, 81.5286941528, 81.5237045288, 81.7476196289, 81.7056121826, 82.0862350464]
    bpm_intervals: [0.730434834957, 0.730434954166, 0.730434775352, 0.730434894562, 0.730434894562, 0.73043513298, 0.730434894562, 0.792867183685, 0.735050678253, 0.73505115509, 0.735051631927, 0.73505115509, 0.73505115509]
    onset_times: [0.0464399084449, 0.127709746361, 0.232199549675, 0.592108845711, 0.777868509293, 0.952018141747, 1.16099774837, 1.31192743778, 1.54412698746, 1.69505667686, 1.90403628349, 2.07818603516, 2.2523355484, 2.41487526894, 2.63546490669, 2.77478456497, 3.00698423386, 3.15791392326, 3.5178232193, 3.70358276367, 3.88934230804, 4.13315200806, 4.1679816246, 4.2492518425, 4.5046710968, 4.62077093124, 4.841360569, 5.01551008224, 5.20126962662, 5.36380958557, 5.58439922333, 5.74693870544, 5.95591831207, 6.03718805313, 6.13006782532, 6.31582784653, 6.48997735977, 6.67573690414, 6.8382768631, 7.08208608627, 7.22140598297, 7.44199562073, 7.51165533066, 7.60453510284, 7.80190467834, 7.97605419159, 8.16181373596, 8.33596324921, 8.54494285583, 8.70748329163, 8.90485286713, 8.99773216248, 9.07900238037, 9.26476192474, 9.43891143799, 9.63628101349, 9.79882049561, 10.0310201645]
    rubato_start: []
    rubato_stop: []
    perceptual_tempo: "unknown"

sfx:
    inharmonicity:
        dmean: 0.0315070301294
        dmean2: 0.0567651763558
        dvar: 0.00176944874693
        dvar2: 0.00486447708681
        max: 0.265433698893
        mean: 0.028099026531
        min: 6.05895838817e-05
        var: 0.00161999755073
    oddtoevenharmonicenergyratio:
        dmean: 3.32749056816
        dmean2: 6.42178010941
        dvar: 362.434051514
        dvar2: 1072.58068848
        max: 220.951446533
        mean: 1.95127427578
        min: 0.00047480117064
        var: 188.235183716
    pitch_after_max_to_before_max_energy_ratio: 5.87513208389
    pitch_centroid: 219.022155762
    pitch_max_to_total: 0.254629641771
    pitch_min_to_total: 0.13425925374
    tristimulus:
        dmean: [0.214407771826, 0.207504838705, 0.083937369287]
        dmean2: [0.371646225452, 0.360121935606, 0.147677659988]
        dvar: [0.0342692807317, 0.0334136225283, 0.00580219039693]
        dvar2: [0.0881371945143, 0.0873169004917, 0.0174905043095]
        max: [0.962637841702, 0.989176034927, 0.466530174017]
        mean: [0.521202206612, 0.3638907969, 0.0957259088755]
        min: [0.0108240591362, 0, 0]
        var: [0.052385956049, 0.0461391285062, 0.00686843506992]

tonal:
    chords_changes_rate: 0.0322580635548
    chords_number_rate: 0.0184331797063
    chords_strength:
        dmean: 0.00827741157264
        dmean2: 0.00882428046316
        dvar: 5.10195131938e-05
        dvar2: 7.27982260287e-05
        max: 0.72544246912
        mean: 0.605300545692
        min: 0.40493735671
        var: 0.00547353178263
    key_strength: 0.624137878418
    tuning_diatonic_strength: 0.492059260607
    tuning_equal_tempered_deviation: 0.398942410946
    tuning_frequency: 454.202880859
    tuning_nontempered_energy_ratio: 0.984233021736
    hpcp:
        dmean: [0.181015789509, 0.178088694811, 0.189432933927, 0.254065185785, 0.24487182498, 0.151975348592, 0.13556869328, 0.172591656446, 0.181765392423, 0.131793126464, 0.0973803624511, 0.12165851146, 0.120767295361, 0.0756546109915, 0.0750337094069, 0.130966842175, 0.253814071417, 0.23429492116, 0.11833255738, 0.0920435860753, 0.103699840605, 0.115224801004, 0.112938396633, 0.108074650168, 0.112623147666, 0.160486981273, 0.13467592001, 0.0891187116504, 0.0821484550834, 0.0821826308966, 0.105382837355, 0.200069963932, 0.231187358499, 0.174381375313, 0.138962745667, 0.165758922696]
        dmean2: [0.325710147619, 0.311367750168, 0.323705792427, 0.445893317461, 0.431195944548, 0.275732398033, 0.242289304733, 0.285162508488, 0.315262526274, 0.237494200468, 0.168102860451, 0.213282763958, 0.210917085409, 0.130551204085, 0.135987758636, 0.228422105312, 0.417082458735, 0.372350484133, 0.209144413471, 0.167214781046, 0.186782300472, 0.199392080307, 0.195994406939, 0.186964765191, 0.189959481359, 0.267745137215, 0.233540505171, 0.159198358655, 0.148576855659, 0.155211165547, 0.194604203105, 0.311079025269, 0.384954124689, 0.309861510992, 0.258718550205, 0.303286612034]
        dvar: [0.0646213367581, 0.0492445230484, 0.0427359603345, 0.0842513218522, 0.0886513069272, 0.0449363663793, 0.0263524204493, 0.0448501631618, 0.0480991266668, 0.0248827859759, 0.0138887651265, 0.0258957892656, 0.0314449258149, 0.0109202330932, 0.0216490272433, 0.0263117905706, 0.0705451369286, 0.0581048540771, 0.0255317334086, 0.0343239530921, 0.0274714101106, 0.0334813594818, 0.0357460081577, 0.0271149724722, 0.0188673157245, 0.0353829599917, 0.0400475673378, 0.0203288942575, 0.0176282282919, 0.0190404299647, 0.0315026007593, 0.0401525497437, 0.0644450932741, 0.0490023456514, 0.0389013513923, 0.0783084928989]
        dvar2: [0.173622563481, 0.144646465778, 0.109830349684, 0.220907256007, 0.263124734163, 0.126078233123, 0.0683123767376, 0.0942005217075, 0.107877999544, 0.070546194911, 0.0406022854149, 0.0740932077169, 0.0822509974241, 0.0297410152853, 0.0609907843173, 0.0808782055974, 0.156216993928, 0.12830337882, 0.0683838054538, 0.094520419836, 0.0778248310089, 0.098431237042, 0.102018676698, 0.0729775950313, 0.0487399175763, 0.0971249267459, 0.117730394006, 0.0511931069195, 0.0504410527647, 0.0531574971974, 0.0909460708499, 0.0999565199018, 0.156171903014, 0.141671597958, 0.10405484587, 0.216307103634]
        max: [1, 1, 1, 1, 1, 1, 0.873197674751, 1, 1, 0.896712601185, 0.660667657852, 1, 1, 0.755229771137, 1, 1, 1, 1, 1, 1, 0.903169691563, 1, 1, 1, 0.941763281822, 1, 1, 1, 0.819372713566, 0.849858939648, 1, 1, 1, 1, 1, 1]
        mean: [0.144744306803, 0.213105589151, 0.251592874527, 0.245531946421, 0.233038544655, 0.155267089605, 0.142616257071, 0.269932121038, 0.274404555559, 0.144633576274, 0.109034016728, 0.1265014112, 0.119600020349, 0.080433242023, 0.0657622367144, 0.16307233274, 0.465776562691, 0.432784587145, 0.130287840962, 0.07063780725, 0.0893953368068, 0.108568757772, 0.115987710655, 0.111537359655, 0.154873400927, 0.234202235937, 0.183244735003, 0.0841061025858, 0.0689417719841, 0.069318883121, 0.0997959673405, 0.323377221823, 0.392109751701, 0.193598747253, 0.111368782818, 0.125965878367]
        min: [0.00199216092005, 0.00865755882114, 0.00812767725438, 0.00377004477195, 0.00125517242122, 0.00166360894218, 0.0057202023454, 0.00325684389099, 0.00310758990236, 0.00485972454771, 0.00142354774289, 1.68296224956e-07, 0.00032222570735, 0.000695118855219, 0.00108258228283, 0.00267500127666, 0.00478134816512, 0.00331553583965, 9.16624994716e-05, 0.000389288354199, 0.0012116121361, 0.000686060113367, 0, 0.000388659100281, 0.00325806089677, 0.00416035484523, 0.00198893761262, 0.000807574077044, 0.00100441940594, 0.00166133069433, 0.00419655581936, 0.007615710143, 0.00916023459285, 0.00501478929073, 0.0011418312788, 0.000926910841372]
        var: [0.0525517016649, 0.0520458705723, 0.0543374493718, 0.0876090824604, 0.0965892970562, 0.048451397568, 0.0249726511538, 0.0955352783203, 0.0986592099071, 0.0249481964856, 0.0151992877945, 0.025366904214, 0.0308166425675, 0.0116691915318, 0.0150285270065, 0.0256745051593, 0.138012304902, 0.11924059689, 0.0229472406209, 0.0224299877882, 0.0206478089094, 0.0339869521558, 0.0367099866271, 0.0285721533, 0.0264529436827, 0.0729157403111, 0.0701788663864, 0.0187363214791, 0.0126605965197, 0.0130081064999, 0.0220245867968, 0.0995173975825, 0.136576324701, 0.0418327078223, 0.0324834883213, 0.054897390306]
    chords_histogram: [69.5852508545, 0, 0.921658992767, 0, 0, 0, 0, 0, 0, 0, 0, 0, 0, 0, 0, 0, 0, 8.29493045807, 19.8156681061, 0, 0, 0, 0, 1.38248848915]
    thpcp: [1, 0.929167807102, 0.27972176671, 0.151655986905, 0.19192750752, 0.233091935515, 0.249020069838, 0.239465370774, 0.332505792379, 0.502820968628, 0.393417686224, 0.180571779609, 0.148014679551, 0.148824319243, 0.21425716579, 0.694275438786, 0.841840863228, 0.415647238493, 0.239103451371, 0.270442724228, 0.310759097338, 0.457527518272, 0.540157854557, 0.527145326138, 0.500322580338, 0.333351016045, 0.306190282106, 0.579531371593, 0.589133441448, 0.310521364212, 0.234090819955, 0.271592468023, 0.256775528193, 0.172686323524, 0.141188383102, 0.350108504295]
    chords_key: "G"
    chords_scale: "major"
    key_key: "G"
    key_scale: "major"
    chords_progression: ["G", "G", "G", "G", "G", "G", "G", "G", "G", "G", "G", "G", "G", "G", "G", "G", "G", "G", "G", "G", "G", "G", "G", "G", "G", "G", "G", "G", "G", "G", "G", "G", "G", "G", "G", "G", "Em", "Em", "Em", "G", "G", "G", "G", "G", "G", "G", "G", "G", "G", "G", "G", "G", "G", "G", "G", "G", "G", "G", "G", "G", "G", "G", "G", "G", "G", "G", "G", "G", "G", "G", "G", "G", "G", "G", "G", "G", "G", "G", "G", "G", "G", "G", "G", "G", "G", "G", "G", "G", "G", "G", "G", "G", "G", "G", "G", "G", "G", "G", "G", "G", "G", "G", "G", "G", "G", "G", "G", "G", "G", "G", "G", "G", "G", "G", "G", "G", "G", "G", "G", "G", "G", "G", "G", "G", "G", "G", "Gm", "Gm", "Gm", "Gm", "Gm", "Gm", "Gm", "Gm", "Gm", "Gm", "Gm", "Gm", "A#", "A#", "A#", "A#", "A#", "A#", "A#", "A#", "A#", "A#", "A#", "A#", "A#", "A#", "A#", "A#", "A#", "A#", "A#", "A#", "A#", "A#", "A#", "A#", "A#", "A#", "A#", "A#", "A#", "A#", "A#", "A#", "A#", "A#", "A#", "A#", "A#", "A#", "A#", "A#", "A#", "A#", "A#", "G", "G", "G", "G", "G", "G", "G", "G", "G", "G", "G", "G", "G", "G", "G", "G", "G", "G", "G", "G", "G", "G", "G", "G", "G", "G", "G", "G", "Gm", "Gm", "Gm", "Gm", "Gm", "Gm", "D", "D"]
