
metadata:
    version:
        essentia: "1.2.2"
    audio_properties:
        analysis_sample_rate: 44100
        bitrate: 128
        channels: 2
        equal_loudness: 1
        length: 10.0310201645
        replay_gain: -13.7930927277
        downmix: "mix"
    tags:
        track: 13
        year: 0
        album: "Splitted by Mp3Splt v. 2.1"
        artist: "From 002.00 To 002.10"
        comment: "http://mp3splt.sf.net"
        genre: ""
        title: "09 Cool Scene.mp3"

highlevel:
    ballroom:
        all:
            ChaChaCha: 0.104099281132
            Jive: 0.579733133316
            Quickstep: 0.032582603395
            Rumba-American: 0.00301261385903
            Rumba-International: 0.0461292639375
            Rumba-Misc: 0.0156412050128
            Samba: 0.180207893252
            Tango: 0.0030631814152
            VienneseWaltz: 0.0300507731736
            Waltz: 0.00548002496362
        probability: 0.579733133316
        value: "Jive"
    culture:
        all:
            non_western: 0.0559630170465
            western: 0.944036960602
        probability: 0.944036960602
        value: "western"
    gender:
        all:
            female: 0.257738798857
            male: 0.742261171341
        probability: 0.742261171341
        value: "male"
    genre_dortmund:
        all:
            alternative: 0.212901160121
            blues: 0.00365894054994
            electronic: 0.151423752308
            folkcountry: 0.0715346708894
            funksoulrnb: 0.00762954493985
            jazz: 0.0165414344519
            pop: 0.199852123857
            raphiphop: 0.00496798846871
            rock: 0.331490367651
        probability: 0.331490367651
        value: "rock"
    genre_electronica:
        all:
            ambient: 0.104268088937
            dnb: 0.0386438146234
            house: 0.0174722801894
            techno: 0.0102797094733
            trance: 0.829336106777
        probability: 0.829336106777
        value: "trance"
    genre_rosamerica:
        all:
            cla: 0.0120959896594
            dan: 0.283307343721
            hip: 0.00589882116765
            jaz: 0.0137794790789
            pop: 0.141839742661
            rhy: 0.0162588842213
            roc: 0.522880852222
            spe: 0.0039389017038
        probability: 0.522880852222
        value: "roc"
    genre_tzanetakis:
        all:
            blu: 0.0112653877586
            cla: 0.0224123634398
            cou: 0.0659856945276
            dis: 0.0852426066995
            hip: 0.00631631398574
            jaz: 0.271509051323
            met: 0.0359685495496
            pop: 0.220916435122
            reg: 0.0249038636684
            roc: 0.255479753017
        probability: 0.271509051323
        value: "jaz"
    live_studio:
        all:
            live: 0.397673606873
            studio: 0.602326393127
        probability: 0.602326393127
        value: "studio"
    mood:
        all:
            Cluster1: 0.538564503193
            Cluster2: 0.181792736053
            Cluster3: 0.0808823406696
            Cluster4: 0.108338095248
            Cluster5: 0.0904223397374
        probability: 0.538564503193
        value: "Cluster1"
    mood_acoustic:
        all:
            acoustic: 0.0172968767583
            not_acoustic: 0.982703149319
        probability: 0.982703149319
        value: "not_acoustic"
    mood_aggressive:
        all:
            aggressive: 0.201740294695
            not_aggressive: 0.798259675503
        probability: 0.798259675503
        value: "not_aggressive"
    mood_electronic:
        all:
            electronic: 0.826776444912
            not_electronic: 0.173223555088
        probability: 0.826776444912
        value: "electronic"
    mood_happy:
        all:
            happy: 0.527631819248
            not_happy: 0.472368180752
        probability: 0.527631819248
        value: "happy"
    mood_party:
        all:
            not_party: 0.700430333614
            party: 0.299569666386
        probability: 0.700430333614
        value: "not_party"
    mood_relaxed:
        all:
            not_relaxed: 0.259623497725
            relaxed: 0.740376472473
        probability: 0.740376472473
        value: "relaxed"
    mood_sad:
        all:
            not_sad: 0.189020603895
            sad: 0.810979366302
        probability: 0.810979366302
        value: "sad"
    rhythm:
        all:
            fast: 0.963729083538
            medium: 0.0229932349175
            slow: 0.0132776536047
        probability: 0.963729083538
        value: "fast"
    speech_music:
        all:
            music: 0.898278772831
            speech: 0.101721212268
        probability: 0.898278772831
        value: "music"
    timbre:
        all:
            bright: 0.658097565174
            dark: 0.341902464628
        probability: 0.658097565174
        value: "bright"
    voice_instrumental:
        all:
            instrumental: 0.142766579986
            voice: 0.857233405113
        probability: 0.857233405113
        value: "voice"

lowlevel:
    average_loudness: 0.982393741608
    barkbands_kurtosis:
        dmean: 0.696557939053
        dmean2: 1.14013624191
        dvar: 0.657147049904
        dvar2: 1.78469455242
        max: 6.28603458405
        mean: -0.43434458971
        min: -1.77147948742
        var: 1.43179309368
    barkbands_skewness:
        dmean: 0.364137649536
        dmean2: 0.56368792057
        dvar: 0.105312056839
        dvar2: 0.266877561808
        max: 2.12214183807
        mean: 0.702224850655
        min: -2.62373995781
        var: 0.416879802942
    barkbands_spread:
        dmean: 5.40045595169
        dmean2: 8.16331291199
        dvar: 22.5347900391
        dvar2: 52.8309669495
        max: 62.0719261169
        mean: 32.8928108215
        min: 15.1320066452
        var: 74.9047622681
    dissonance:
        dmean: 0.0145559655502
        dmean2: 0.0236162431538
        dvar: 0.000205817996175
        dvar2: 0.000489294528961
        max: 0.498685926199
        mean: 0.461471915245
        min: 0.315508663654
        var: 0.000444573379355
    hfc:
        dmean: 2.14135146141
        dmean2: 3.16861081123
        dvar: 9.84939670563
        dvar2: 20.3877391815
        max: 50.5346946716
        mean: 6.98246860504
        min: 1.89177250862
        var: 18.7208976746
    pitch:
        dmean: 543.85546875
        dmean2: 1055.00756836
        dvar: 1407948.625
        dvar2: 3565516.25
        max: 5512.5
        mean: 640.342651367
        min: 97.1365661621
        var: 1430887.25
    pitch_instantaneous_confidence:
        dmean: 0.0675249323249
        dmean2: 0.104803293943
        dvar: 0.00372497085482
        dvar2: 0.00772027485073
        max: 0.693966150284
        mean: 0.362001895905
        min: 0.158020734787
        var: 0.0122095355764
    pitch_salience:
        dmean: 0.0545750670135
        dmean2: 0.0907360389829
        dvar: 0.00214586034417
        dvar2: 0.00613063527271
        max: 0.792064070702
        mean: 0.623616993427
        min: 0.400139987469
        var: 0.00478219659999
    silence_rate_20dB:
        dmean: 0
        dmean2: 0
        dvar: 0
        dvar2: 0
        max: 1
        mean: 1
        min: 1
        var: 0
    silence_rate_30dB:
        dmean: 0
        dmean2: 0
        dvar: 0
        dvar2: 0
        max: 1
        mean: 1
        min: 1
        var: 0
    silence_rate_60dB:
        dmean: 0.078886307776
        dmean2: 0.15581394732
        dvar: 0.0726636573672
        dvar2: 0.154790982604
        max: 1
        mean: 0.113425925374
        min: 0
        var: 0.100560970604
    spectral_centroid:
        dmean: 258.639007568
        dmean2: 405.34262085
        dvar: 70646.2578125
        dvar2: 160831.4375
        max: 4048.95874023
        mean: 1318.25085449
        min: 585.523071289
        var: 234419.5
    spectral_complexity:
        dmean: 3.67365956306
        dmean2: 5.83411216736
        dvar: 15.3293857574
        dvar2: 35.2504844666
        max: 38
        mean: 15.0534887314
        min: 5
        var: 33.4831581116
    spectral_crest:
        dmean: 1.56563341618
        dmean2: 2.5896859169
        dvar: 2.07358574867
        dvar2: 5.49951553345
        max: 18.1240959167
        mean: 6.32272815704
        min: 2.58174705505
        var: 4.61694383621
    spectral_decrease:
        dmean: 3.60176027892e-10
        dmean2: 5.73786018698e-10
        dvar: 2.74209390784e-19
        dvar2: 6.0859410318e-19
        max: -3.76117414991e-10
        mean: -1.25614296742e-09
        min: -4.85818230089e-09
        var: 3.52955149792e-19
    spectral_energy:
        dmean: 0.00151551340241
        dmean2: 0.0023867955897
        dvar: 4.63743890577e-06
        dvar2: 1.02090598375e-05
        max: 0.0201238375157
        mean: 0.00537430122495
        min: 0.00172904704232
        var: 6.24276526651e-06
    spectral_energyband_high:
        dmean: 0.000215295440285
        dmean2: 0.000317047728458
        dvar: 2.17701995098e-07
        dvar2: 3.98796686341e-07
        max: 0.00893326010555
        mean: 0.000448999955552
        min: 4.34603389294e-05
        var: 3.85482479714e-07
    spectral_energyband_low:
        dmean: 0.000339667312801
        dmean2: 0.00059183727717
        dvar: 3.9231403548e-07
        dvar2: 1.02537660496e-06
        max: 0.0037547191605
        mean: 0.000344208237948
        min: 8.49086609378e-06
        var: 3.09945647814e-07
    spectral_energyband_middle_high:
        dmean: 0.000429891573731
        dmean2: 0.000650975620374
        dvar: 2.76437674529e-07
        dvar2: 6.79010838667e-07
        max: 0.00640623271465
        mean: 0.00162379746325
        min: 0.000552991987206
        var: 5.79947140977e-07
    spectral_energyband_middle_low:
        dmean: 0.00100812863093
        dmean2: 0.00160514330491
        dvar: 2.51886581282e-06
        dvar2: 6.00972271059e-06
        max: 0.0136129930615
        mean: 0.00295727304183
        min: 0.000237947504502
        var: 3.20372737406e-06
    spectral_flatness_db:
        dmean: 0.0140997767448
        dmean2: 0.0221845209599
        dvar: 0.000130638858536
        dvar2: 0.00030491311918
        max: 0.183850735426
        mean: 0.126296028495
        min: 0.0815709978342
        var: 0.000334719225066
    spectral_flux:
        dmean: 0.00858862418681
        dmean2: 0.0124086039141
        dvar: 0.000113756410428
        dvar2: 0.000181465977221
        max: 0.107507787645
        mean: 0.0379711538553
        min: 0.0158145073801
        var: 0.000254187500104
    spectral_kurtosis:
        dmean: 0.630263507366
        dmean2: 1.02450799942
        dvar: 0.340335488319
        dvar2: 0.885123610497
        max: 6.16888904572
        mean: 2.31216931343
        min: -0.319331407547
        var: 0.863962829113
    spectral_rms:
        dmean: 0.000299238832667
        dmean2: 0.000459429924376
        dvar: 1.3127174725e-07
        dvar2: 2.81360286181e-07
        max: 0.00443091569468
        mean: 0.0022405651398
        min: 0.00129879754968
        var: 2.2308317682e-07
    spectral_rolloff:
        dmean: 578.233947754
        dmean2: 961.799865723
        dvar: 366331.71875
        dvar2: 949459
        max: 6029.296875
        mean: 2768.01782227
        min: 710.595703125
        var: 899394.875
    spectral_skewness:
        dmean: 0.13444198668
        dmean2: 0.209662690759
        dvar: 0.014764749445
        dvar2: 0.0357537306845
        max: 2.4644112587
        mean: 1.31012642384
        min: 0.332281142473
        var: 0.046863630414
    spectral_spread:
        dmean: 607842.375
        dmean2: 894436.875
        dvar: 629472952320
        dvar2: 932634099712
        max: 17160310
        mean: 5912523.5
        min: 3393110.75
        var: 1.34119371571e+12
    spectral_strongpeak:
        dmean: 0.242479145527
        dmean2: 0.420764774084
        dvar: 0.186055928469
        dvar2: 0.475563406944
        max: 4.57260227203
        mean: 0.457434892654
        min: 0.0362833328545
        var: 0.198606848717
    zerocrossingrate:
        dmean: 0.00899052154273
        dmean2: 0.010971496813
        dvar: 7.24025812815e-05
        dvar2: 8.34546226542e-05
        max: 0.19189453125
        mean: 0.0837640836835
        min: 0.02880859375
        var: 0.000487930927193
    barkbands:
        dmean: [3.21843430129e-07, 8.28717311379e-05, 0.000278783874819, 0.000430236948887, 0.000406025443226, 0.000308100163238, 0.000167515536305, 0.000150563748321, 8.89698931132e-05, 6.17510522716e-05, 6.37223565718e-05, 7.96700333012e-05, 4.10929606005e-05, 6.48391796858e-05, 5.30470097146e-05, 8.40548964334e-05, 7.87350581959e-05, 0.000137094742968, 9.99416079139e-05, 0.000160726107424, 0.00010040444613, 4.53790235042e-05, 1.01495124909e-05, 4.57912801721e-06, 2.35329480347e-06, 1.32173738621e-07, 3.03465785834e-09]
        dmean2: [4.95079177654e-07, 0.000153583605425, 0.00048323610099, 0.000736692571081, 0.000665102677885, 0.000472042593174, 0.000253734353464, 0.000234500650549, 0.000149567917106, 9.45324864006e-05, 0.000102182348201, 0.00012803550635, 6.43937819405e-05, 9.6905096143e-05, 8.96011551959e-05, 0.000131976616103, 0.000122532568639, 0.000223969560466, 0.000158850452863, 0.000255482416833, 0.000152904569404, 7.20238240319e-05, 1.55158031703e-05, 7.07139452061e-06, 3.43112810697e-06, 1.75565304517e-07, 3.3542919553e-09]
        dvar: [1.08201826405e-12, 3.56879112928e-08, 2.84273284024e-07, 4.90571949285e-07, 3.82816466526e-07, 2.84187052557e-07, 4.74487329427e-08, 5.91129705185e-08, 4.15571186352e-08, 8.0608604236e-09, 4.83447726296e-09, 7.71623920315e-09, 2.31719088362e-09, 4.54911752712e-09, 3.29988769643e-09, 1.4489016209e-08, 7.79009479146e-09, 3.32352882992e-08, 2.11628723434e-08, 9.69488027636e-08, 3.90808168049e-08, 1.68697109615e-08, 2.94826940639e-10, 9.71638880465e-11, 1.83163033352e-11, 1.01132386428e-13, 2.77660004736e-15]
        dvar2: [1.72664844662e-12, 1.01815331277e-07, 7.31465661374e-07, 1.27369298752e-06, 1.00230488442e-06, 7.80078948992e-07, 1.17304978176e-07, 1.47268778505e-07, 1.21133851394e-07, 1.67460996181e-08, 1.20855299102e-08, 1.95073734943e-08, 5.15932052636e-09, 9.60963486563e-09, 9.24911613964e-09, 2.98389579712e-08, 1.81959869394e-08, 8.86229685193e-08, 5.09977589047e-08, 1.90019633806e-07, 6.86221852675e-08, 4.36717932928e-08, 6.97934599003e-10, 2.25007179555e-10, 3.94370543166e-11, 1.2405003511e-13, 2.78349426028e-15]
        max: [1.78395948751e-05, 0.00161639589351, 0.00361880287528, 0.00667819567025, 0.00530426576734, 0.00572070665658, 0.00205525034107, 0.00190175138414, 0.00183362560347, 0.00156725046691, 0.000592690135818, 0.000998571398668, 0.000400085817091, 0.000609806797002, 0.000584142806474, 0.00145808013622, 0.000911682320293, 0.00232142349705, 0.00160868046805, 0.00517530459911, 0.00352457072586, 0.00164370669518, 0.000239117784076, 0.000125967795611, 6.0028367443e-05, 6.98748272043e-06, 1.0931040606e-06]
        mean: [3.60555162615e-07, 7.94933002908e-05, 0.000264380912995, 0.000524219998624, 0.000791763770394, 0.000716933049262, 0.000477831752505, 0.000293997349218, 0.000125674181618, 0.000109786495159, 0.000104845916212, 0.000162300479133, 7.96850945335e-05, 0.000131499822601, 0.000101538273157, 0.000175685796421, 0.000161812960869, 0.000272710254649, 0.000194249543711, 0.000299043633277, 0.000188965554116, 8.67639028002e-05, 1.90315458894e-05, 7.45133593227e-06, 4.0753848225e-06, 2.00718346832e-07, 3.07060132876e-09]
        min: [4.56457788234e-10, 1.3368324403e-07, 5.87248041484e-06, 3.76114849132e-06, 4.7994639317e-05, 2.57146730291e-05, 1.03369438875e-05, 4.16905277234e-06, 2.64642312686e-06, 3.46912111127e-06, 2.00920931093e-06, 1.37329043355e-05, 6.11298764852e-06, 1.06957004391e-05, 8.91474883247e-06, 5.57324756301e-06, 1.31231872729e-05, 2.09612899198e-05, 1.61200623552e-05, 2.75272450381e-05, 1.40884940265e-05, 3.5085502077e-06, 9.98339942271e-07, 3.04273697793e-07, 1.32430713506e-07, 7.30849825104e-09, 6.07502763372e-13]
        var: [1.05653691091e-12, 2.34481412065e-08, 2.27853519164e-07, 4.53007970691e-07, 4.41380905158e-07, 4.44114505171e-07, 1.79157609637e-07, 9.81861703053e-08, 5.14796809625e-08, 1.86783832845e-08, 9.51471079702e-09, 1.41469369552e-08, 4.44674608246e-09, 1.050752374e-08, 5.9303482125e-09, 5.07326660681e-08, 2.13007655958e-08, 5.9309819278e-08, 3.24914495309e-08, 1.56081881642e-07, 6.53035954201e-08, 1.89951592233e-08, 4.29683039149e-10, 1.15368735398e-10, 2.82107791988e-11, 2.98801348247e-13, 2.77032056861e-15]
    mfcc:
        mean: [-676.369262695, 102.218894958, -29.5303325653, 43.2253646851, -17.032491684, 0.757899105549, -7.40096187592, -10.5646772385, -10.6106367111, -12.1262464523, -5.35575056076, -2.96611094475, -1.44408750534]
        cov: [[535.932189941, -212.354034424, 90.4845809937, 28.3781299591, 11.4968280792, -87.5293807983, -70.1185836792, 3.58390545845, 24.7818984985, 18.0324172974, -0.865010142326, 15.225361824, -11.1968536377], [-212.354034424, 350.747131348, -9.40122413635, -38.7932243347, -26.9485588074, 7.36195087433, 4.02445602417, -0.889420509338, -0.834504127502, 10.4982128143, 22.7694358826, 26.1965503693, 7.06797790527], [90.4845809937, -9.40122413635, 204.786697388, -30.26288414, 2.05654120445, 11.070473671, 10.6973972321, -23.9849834442, 4.73823404312, 10.8199462891, 34.2525367737, 29.9538707733, 20.4685783386], [28.3781299591, -38.7932243347, -30.26288414, 174.765884399, 98.3094100952, 8.42924785614, 16.9892539978, 21.1282043457, 21.7894649506, 8.64295005798, -11.262172699, 3.90938687325, 31.6007289886], [11.4968280792, -26.9485588074, 2.05654120445, 98.3094100952, 168.743682861, 27.4741477966, 15.2068443298, 34.3909988403, 29.0314483643, 0.423260122538, -11.4564981461, 13.7952384949, 25.242515564], [-87.5293807983, 7.36195087433, 11.070473671, 8.42924785614, 27.4741477966, 100.448829651, 54.4131126404, 20.7598152161, 4.18230772018, 5.22587156296, 1.32835352421, -10.8585319519, -4.79139137268], [-70.1185836792, 4.02445602417, 10.6973972321, 16.9892539978, 15.2068443298, 54.4131126404, 121.816116333, 24.6170120239, 15.3364276886, 22.1894664764, -7.02604150772, -14.2746133804, -21.9464073181], [3.58390545845, -0.889420509338, -23.9849834442, 21.1282043457, 34.3909988403, 20.7598152161, 24.6170120239, 90.8029327393, 44.3767242432, 29.1461772919, -5.56053781509, -2.33553218842, -9.83592605591], [24.7818984985, -0.834504127502, 4.73823404312, 21.7894649506, 29.0314483643, 4.18230772018, 15.3364276886, 44.3767242432, 62.1749534607, 31.5743865967, -7.66033649445, 0.118664942682, -3.61243391037], [18.0324172974, 10.4982128143, 10.8199462891, 8.64295005798, 0.423260122538, 5.22587156296, 22.1894664764, 29.1461772919, 31.5743865967, 64.999130249, 10.4172887802, -2.9239923954, -19.6340961456], [-0.865010142326, 22.7694358826, 34.2525367737, -11.262172699, -11.4564981461, 1.32835352421, -7.02604150772, -5.56053781509, -7.66033649445, 10.4172887802, 59.8753700256, 23.0168361664, 9.86217498779], [15.225361824, 26.1965503693, 29.9538707733, 3.90938687325, 13.7952384949, -10.8585319519, -14.2746133804, -2.33553218842, 0.118664942682, -2.9239923954, 23.0168361664, 54.0832710266, 33.823802948], [-11.1968536377, 7.06797790527, 20.4685783386, 31.6007289886, 25.242515564, -4.79139137268, -21.9464073181, -9.83592605591, -3.61243391037, -19.6340961456, 9.86217498779, 33.823802948, 74.1334228516]]
        icov: [[0.00412409333512, 0.00228893198073, -0.0023696324788, -0.00128852110356, 0.00034015320125, 0.00272956793196, 0.00211719167419, -0.00104832043871, -0.000574376201257, -0.000512306345627, 0.000781117356382, -0.00200028973632, 0.00280151562765], [0.00228893198073, 0.00448323320597, -0.000484442571178, 0.000144175151945, 0.000443224416813, 0.000960357137956, 0.000864077243023, -0.000118651529192, -0.000692544039339, -0.00101823138539, -0.000172438914888, -0.00300669367425, 0.0012331220787], [-0.0023696324788, -0.000484442571178, 0.00829335022718, 0.00302992900833, -0.00124007405248, -0.00247872900218, -0.00248371204361, 0.00427875341848, -0.00237075285986, -0.00129665434361, -0.00316530559212, -0.00123290286865, -0.00327397580259], [-0.00128852110356, 0.000144175151945, 0.00302992900833, 0.0109911542386, -0.00574246188626, 0.000449254876003, -0.00260201026686, 0.00152430974413, -0.000292835058644, -0.00297423568554, -0.00056078529451, 0.00277838390321, -0.00630886154249], [0.00034015320125, 0.000443224416813, -0.00124007405248, -0.00574246188626, 0.0108529748395, -0.00258149486035, 0.00104490399826, -0.00225540436804, -0.00262465467677, 0.00266973813996, 0.00192766927648, -0.00354074197821, 0.00088534806855], [0.00272956793196, 0.000960357137956, -0.00247872900218, 0.000449254876003, -0.00258149486035, 0.0169493649155, -0.00493303034455, -0.00386278214864, 0.00238257972524, 0.000712186214514, -0.00182408094406, 0.00371764134616, -0.000333629897796], [0.00211719167419, 0.000864077243023, -0.00248371204361, -0.00260201026686, 0.00104490399826, -0.00493303034455, 0.0136990351602, -0.00150986644439, -0.000380879180739, -0.00238820374943, 0.00251280050725, -0.00139771820977, 0.00486517418176], [-0.00104832043871, -0.000118651529192, 0.00427875341848, 0.00152430974413, -0.00225540436804, -0.00386278214864, -0.00150986644439, 0.0208347346634, -0.0122768562287, -0.00289703067392, -0.00119665951934, -0.00171922857407, 0.000435576657765], [-0.000574376201257, -0.000692544039339, -0.00237075285986, -0.000292835058644, -0.00262465467677, 0.00238257972524, -0.000380879180739, -0.0122768562287, 0.0330300964415, -0.011607574299, 0.00626561325043, 0.000530031800736, -0.00247535388917], [-0.000512306345627, -0.00101823138539, -0.00129665434361, -0.00297423568554, 0.00266973813996, 0.000712186214514, -0.00238820374943, -0.00289703067392, -0.011607574299, 0.0272778589278, -0.00701214745641, 0.000289504067041, 0.00715076504275], [0.000781117356382, -0.000172438914888, -0.00316530559212, -0.00056078529451, 0.00192766927648, -0.00182408094406, 0.00251280050725, -0.00119665951934, 0.00626561325043, -0.00701214745641, 0.0248279292136, -0.0100383106619, 0.000783538096584], [-0.00200028973632, -0.00300669367425, -0.00123290286865, 0.00277838390321, -0.00354074197821, 0.00371764134616, -0.00139771820977, -0.00171922857407, 0.000530031800736, 0.000289504067041, -0.0100383106619, 0.0358491688967, -0.0149738248438], [0.00280151562765, 0.0012331220787, -0.00327397580259, -0.00630886154249, 0.00088534806855, -0.000333629897796, 0.00486517418176, 0.000435576657765, -0.00247535388917, 0.00715076504275, 0.000783538096584, -0.0149738248438, 0.0270639359951]]
    spectral_contrast:
        mean: [5.11473672304e-07, -3.09762214101e-07, 5.01441412837e-08, 1.62396673886e-08, -4.06732397096e-07, 2.80003206399e-07, 4.47787670055e-06, 3.95885734861e-07, -3.62756651384e-07, -3.01488603327e-06, 1.49510628944e-06, 3.69895332142e-07]
        var: [0.000457327580079, 0.000548128737137, 0.00101705861744, 0.00132451497484, 0.00244003208354, 0.00389204663225, 0.0384496636689, 0.0789757072926, 0.118654213846, 0.180111944675, 0.418594777584, 0.514451861382]

rhythm:
    beats_loudness:
        dmean: 0.00420774891973
        dmean2: 0.008156391792
        dvar: 1.18892185128e-05
        dvar2: 4.13095840486e-05
        max: 0.01412634179
        mean: 0.00731398398057
        min: 0.00318110594526
        var: 8.88266185939e-06
    beats_loudness_bass:
        dmean: 0.274256527424
        dmean2: 0.531451463699
        dvar: 0.0260786358267
        dvar2: 0.0659404173493
        max: 0.630289852619
        mean: 0.244676858187
        min: 0.016291687265
        var: 0.0352173931897
    bpm: 124.905128479
    bpm_confidence: 0
    first_peak_bpm: 125
    first_peak_spread: 0
    first_peak_weight: 0.949999988079
    onset_rate: 4.18701171875
    second_peak_bpm: 118
    second_peak_spread: 0
    second_peak_weight: 0.0500000007451
    beats_position: [0.158552572131, 0.638689875603, 1.11882722378, 1.59896445274, 2.07910180092, 2.55923914909, 3.03937625885, 3.51951384544, 3.99965119362, 4.47978878021, 4.95992612839, 5.44006347656, 5.92020130157, 6.43005371094, 6.91058778763, 7.39112234116, 7.87165641785, 8.35219097137, 8.8327255249, 9.31325912476, 9.79379367828]
    bpm_estimates: [124.926422119, 124.677940369, 125.123817444, 125.503181458, 124.833824158, 125.88835144, 123.816978455, 124.96962738, 124.652435303, 124.698158264, 125.154266357, 124.541099548, 124.915046692, 124.660522461, 124.93926239, 124.586906433, 125.49949646]
    bpm_intervals: [0.48013728857, 0.480137348175, 0.480137228966, 0.480137348175, 0.480137348175, 0.480137109756, 0.480137586594, 0.480137348175, 0.480137586594, 0.480137348175, 0.480137348175, 0.480137825012, 0.509852409363, 0.480534076691, 0.480534553528, 0.480534076691, 0.480534553528, 0.480534553528, 0.480533599854, 0.480534553528]
    onset_times: [0.0580498874187, 0.150929704309, 0.615328788757, 0.859138309956, 1.09133791924, 1.35836732388, 1.59056687355, 1.764716506, 2.0549659729, 2.27555561066, 2.48453521729, 2.55419492722, 2.79800462723, 2.90249443054, 3.27401351929, 3.5178232193, 3.78485250473, 3.99383211136, 4.26086187363, 4.48145103455, 4.73687076569, 4.96907043457, 5.25931978226, 5.41024923325, 5.87464857101, 6.33904743195, 6.43192720413, 6.67573690414, 6.8963265419, 7.1517457962, 7.40716552734, 7.63936519623, 7.8831744194, 8.11537456512, 8.35918331146, 8.60299301147, 8.73070335388, 8.84680271149, 9.21832180023, 9.33442211151, 9.57823085785, 9.81043052673]
    rubato_start: []
    rubato_stop: []
    perceptual_tempo: "unknown"

sfx:
    inharmonicity:
        dmean: 0.0510381646454
        dmean2: 0.0907208919525
        dvar: 0.0036907652393
        dvar2: 0.0109211979434
        max: 0.43759560585
        mean: 0.0532834045589
        min: 1.68482238223e-05
        var: 0.0033324167598
    oddtoevenharmonicenergyratio:
        dmean: 1.70758450031
        dmean2: 3.12234687805
        dvar: 11.6504812241
        dvar2: 33.0340232849
        max: 31.7500114441
        mean: 1.25643002987
        min: 0.00181969522964
        var: 7.24675178528
    pitch_after_max_to_before_max_energy_ratio: 0.111392170191
    pitch_centroid: 201.542419434
    pitch_max_to_total: 0.920930206776
    pitch_min_to_total: 0.946511626244
    tristimulus:
        dmean: [0.211822748184, 0.229362800717, 0.118505805731]
        dmean2: [0.369987994432, 0.397433191538, 0.206741437316]
        dvar: [0.0281009804457, 0.0354553200305, 0.00946243200451]
        dvar2: [0.0811887905002, 0.0998057723045, 0.0268965680152]
        max: [0.959087371826, 0.89280462265, 0.5608984828]
        mean: [0.374474555254, 0.447575300932, 0.135344862938]
        min: [0.0105041395873, 0, 0]
        var: [0.0430660024285, 0.0481546744704, 0.0135511532426]

tonal:
    chords_changes_rate: 0.0277777779847
    chords_number_rate: 0.0185185186565
    chords_strength:
        dmean: 0.00489336857572
        dmean2: 0.0051033180207
        dvar: 1.6974110622e-05
        dvar2: 1.49731322381e-05
        max: 0.688699126244
        mean: 0.616017580032
        min: 0.489514291286
        var: 0.00174253655132
    key_strength: 0.746329545975
    tuning_diatonic_strength: 0.547977149487
    tuning_equal_tempered_deviation: 0.0584477111697
    tuning_frequency: 440
    tuning_nontempered_energy_ratio: 0.643175840378
    hpcp:
        dmean: [0.0745385289192, 0.0559075698256, 0.0582305192947, 0.0659715905786, 0.0708857104182, 0.120312191546, 0.166360601783, 0.117359630764, 0.0555167123675, 0.0514913275838, 0.0689031034708, 0.110722847283, 0.147548913956, 0.127289265394, 0.15398222208, 0.183636948466, 0.222441315651, 0.179771259427, 0.0997489020228, 0.0642170608044, 0.0628893598914, 0.0539922453463, 0.0627409517765, 0.075470559299, 0.0703258812428, 0.0802914202213, 0.145214706659, 0.142879232764, 0.175854921341, 0.191336199641, 0.17100584507, 0.140385761857, 0.0691203698516, 0.060075160116, 0.0637985914946, 0.0671081766486]
        dmean2: [0.119621276855, 0.0912885293365, 0.099225781858, 0.115435019135, 0.123056136072, 0.200397491455, 0.269346803427, 0.196087956429, 0.0943357720971, 0.0872278511524, 0.114895761013, 0.190789178014, 0.247900724411, 0.200204238296, 0.254457682371, 0.30638602376, 0.36544123292, 0.298981308937, 0.167311772704, 0.110297344625, 0.108473315835, 0.0884354636073, 0.100697681308, 0.126115053892, 0.122295297682, 0.143195644021, 0.251791417599, 0.232510060072, 0.318583518267, 0.333883881569, 0.294778972864, 0.232055127621, 0.119738541543, 0.0989102423191, 0.108212329447, 0.105364918709]
        dvar: [0.0124518927187, 0.00963761284947, 0.00965097919106, 0.0116393510252, 0.0133114717901, 0.0134751116857, 0.0281569547951, 0.013818345964, 0.00620661117136, 0.0142333870754, 0.0142959840596, 0.0284780599177, 0.043896228075, 0.0293600130826, 0.034002494067, 0.0340208783746, 0.0582519061863, 0.0496825799346, 0.0253329779953, 0.0159493107349, 0.0219760946929, 0.0123959742486, 0.00758701143786, 0.0167658403516, 0.019184300676, 0.0173716507852, 0.0319555364549, 0.0307729672641, 0.0316898711026, 0.0412476956844, 0.0510213971138, 0.024007819593, 0.0131544759497, 0.0116548938677, 0.0142470765859, 0.00778120849282]
        dvar2: [0.0281451586634, 0.0219499506056, 0.0262869205326, 0.0322515256703, 0.0350524932146, 0.0385217666626, 0.0763098075986, 0.0382793918252, 0.0161032602191, 0.033820938319, 0.0361953526735, 0.0719316080213, 0.1026956141, 0.0686677023768, 0.0880147814751, 0.0724145174026, 0.152199417353, 0.130549639463, 0.0643685162067, 0.0428352318704, 0.0615391507745, 0.0318013466895, 0.0184932816774, 0.0443486645818, 0.0524310320616, 0.0489331968129, 0.0888172388077, 0.0773142576218, 0.0976494327188, 0.117520205677, 0.12210431695, 0.0704667568207, 0.0344249047339, 0.0240707527846, 0.0384197942913, 0.0183024406433]
        max: [0.903138756752, 0.963391661644, 0.896661639214, 0.691226601601, 0.886078774929, 1, 1, 0.813994646072, 0.604681432247, 1, 1, 1, 1, 1, 1, 1, 1, 1, 1, 0.977404713631, 1, 0.884678244591, 0.784564316273, 0.936461746693, 1, 0.861805677414, 1, 1, 1, 1, 1, 1, 1, 1, 1, 0.679739832878]
        mean: [0.115395486355, 0.0782383158803, 0.0714028403163, 0.0828589126468, 0.090231269598, 0.312217116356, 0.497040510178, 0.275484323502, 0.0728984549642, 0.0641322880983, 0.0803998485208, 0.143484041095, 0.193292602897, 0.169517204165, 0.258658409119, 0.389429271221, 0.313945710659, 0.197558104992, 0.125739946961, 0.0716132521629, 0.0619402639568, 0.0598481371999, 0.0878977254033, 0.104260347784, 0.0794563814998, 0.0853754580021, 0.268724560738, 0.39863884449, 0.280004173517, 0.393472164869, 0.491964191198, 0.235815614462, 0.0722687393427, 0.070568330586, 0.0739713087678, 0.102720230818]
        min: [0.00780650507659, 0.00309899100102, 0.00370706990361, 0.00674716942012, 0.00744932377711, 0.0296177230775, 0.0503540597856, 0.0222397819161, 0.00586818624288, 0.00455076899379, 0.0040022698231, 0.00858720298856, 0.00685139652342, 0.0101062478498, 0.0101966615766, 0.00899406708777, 0.0107702370733, 0.00869412347674, 0.0104984864593, 0.0057609914802, 0.00162583461497, 0.00154117355123, 0.00146175990812, 0.00177020952106, 0.00157391291577, 0.00240013329312, 0.0178582407534, 0.0190434511751, 0.0264554880559, 0.000816203886643, 0.00132594222669, 0.00208585034125, 0.00293199461885, 0.00141112774145, 0.00523522635922, 0.00854171905667]
        var: [0.01847066544, 0.0156494453549, 0.0104990350083, 0.012282778509, 0.0142584694549, 0.0319582298398, 0.0958371162415, 0.0308815445751, 0.00655446574092, 0.012955551967, 0.013357007876, 0.028043134138, 0.0486156083643, 0.0365679673851, 0.0539626069367, 0.0989680662751, 0.0817894861102, 0.0521917305887, 0.0249137766659, 0.0133190816268, 0.0170580968261, 0.0134547008201, 0.0132483504713, 0.0194892641157, 0.0170833058655, 0.0165407471359, 0.0700440108776, 0.127312421799, 0.0400858707726, 0.10352870822, 0.169681459665, 0.0481658726931, 0.0117861665785, 0.0164516437799, 0.0146092185751, 0.0118644814938]
    chords_histogram: [33.796295166, 0, 0, 0, 0, 0, 0, 7.87037038803, 0, 0, 0, 0, 0, 0, 0, 0, 4.16666650772, 0, 0, 0, 0, 0, 0, 54.1666679382]
    thpcp: [1, 0.554249227047, 0.146665021777, 0.12902829051, 0.161757141352, 0.288676768541, 0.388887017965, 0.34105309844, 0.52039706707, 0.783496022224, 0.631630003452, 0.397468805313, 0.252977252007, 0.144079312682, 0.124618142843, 0.120408974588, 0.176842182875, 0.209762275219, 0.159858971834, 0.171767607331, 0.540649235249, 0.802024841309, 0.563342750072, 0.791629970074, 0.989786922932, 0.474439412355, 0.145398080349, 0.141977027059, 0.14882349968, 0.206663697958, 0.232165157795, 0.157408326864, 0.143655970693, 0.166704550385, 0.181537047029, 0.628152251244]
    chords_key: "G"
    chords_scale: "major"
    key_key: "B"
    key_scale: "minor"
    chords_progression: ["G", "G", "G", "G", "G", "G", "G", "G", "G", "G", "G", "G", "G", "G", "G", "G", "G", "G", "G", "G", "G", "G", "G", "G", "G", "G", "G", "G", "G", "G", "G", "G", "Gm", "Gm", "Gm", "Gm", "Gm", "Gm", "Gm", "Gm", "Gm", "G", "G", "G", "G", "G", "G", "G", "G", "G", "G", "G", "G", "G", "G", "Bm", "Bm", "Bm", "Bm", "Bm", "Bm", "Bm", "Bm", "Bm", "Bm", "Bm", "Bm", "Bm", "Bm", "Bm", "Bm", "Bm", "Bm", "Bm", "Bm", "Bm", "Bm", "Bm", "Bm", "Bm", "Bm", "Bm", "B", "B", "B", "B", "B", "B", "B", "B", "B", "B", "B", "B", "B", "B", "B", "B", "B", "Bm", "Bm", "Bm", "Bm", "Bm", "Bm", "Bm", "Bm", "Bm", "Bm", "Bm", "Bm", "Bm", "Bm", "Bm", "Bm", "Bm", "Bm", "Bm", "Bm", "Bm", "Bm", "Bm", "Bm", "Bm", "Bm", "Bm", "Bm", "Bm", "Bm", "Bm", "Bm", "Bm", "Bm", "Bm", "Bm", "Bm", "Bm", "Bm", "Bm", "Bm", "Bm", "Bm", "Bm", "Bm", "Bm", "G", "G", "G", "G", "G", "G", "G", "G", "G", "G", "G", "G", "G", "G", "G", "G", "G", "G", "G", "G", "G", "G", "G", "G", "G", "G", "G", "G", "G", "G", "G", "G", "G", "G", "G", "G", "G", "G", "G", "G", "G", "G", "G", "G", "G", "G", "G", "G", "G", "G", "G", "G", "G", "G", "G", "G", "G", "G", "G", "G", "G", "G", "G", "G", "G", "G", "G", "G", "G", "G", "G"]
