
metadata:
    version:
        essentia: "1.2.2"
    audio_properties:
        analysis_sample_rate: 44100
        bitrate: 128
        channels: 2
        equal_loudness: 1
        length: 2.82122445107
        replay_gain: -2.52000427246
        downmix: "mix"
    tags:
        track: 24
        year: 0
        album: "Splitted by Mp3Splt v. 2.1"
        artist: "From 003.50 To 004.00"
        comment: "http://mp3splt.sf.net"
        genre: ""
        title: "02 Little Girls [-].mp3"

highlevel:
    ballroom:
        all:
            ChaChaCha: 0.00237241154537
            Jive: 0.000499516085256
            Quickstep: 0.00171178276651
            Rumba-American: 0.000155827496201
            Rumba-International: 0.00018821984122
            Rumba-Misc: 0.000429062842159
            Samba: 0.000957054784521
            Tango: 0.959758877754
            VienneseWaltz: 0.00746692391112
            Waltz: 0.0264603197575
        probability: 0.959758877754
        value: "Tango"
    culture:
        all:
            non_western: 0.860945820808
            western: 0.13905416429
        probability: 0.860945820808
        value: "non_western"
    gender:
        all:
            female: 0.706744253635
            male: 0.293255716562
        probability: 0.706744253635
        value: "female"
    genre_dortmund:
        all:
            alternative: 0.113695397973
            blues: 0.0694271624088
            electronic: 0.0898532941937
            folkcountry: 0.0458690524101
            funksoulrnb: 0.00647077756003
            jazz: 0.589203357697
            pop: 0.0337348803878
            raphiphop: 0.00410898355767
            rock: 0.0476370975375
        probability: 0.589203357697
        value: "jazz"
    genre_electronica:
        all:
            ambient: 0.617932796478
            dnb: 0.0199798457325
            house: 0.289983153343
            techno: 0.0202443953604
            trance: 0.0518597997725
        probability: 0.617932796478
        value: "ambient"
    genre_rosamerica:
        all:
            cla: 0.538540244102
            dan: 0.0113215027377
            hip: 0.00691371457651
            jaz: 0.257645875216
            pop: 0.0148278735578
            rhy: 0.129644066095
            roc: 0.0276644490659
            spe: 0.0134422676638
        probability: 0.538540244102
        value: "cla"
    genre_tzanetakis:
        all:
            blu: 0.0760320350528
            cla: 0.534628510475
            cou: 0.0106730768457
            dis: 0.0133589915931
            hip: 0.00974126905203
            jaz: 0.242356300354
            met: 0.016905291006
            pop: 0.0124446116388
            reg: 0.0546604953706
            roc: 0.0291993990541
        probability: 0.534628510475
        value: "cla"
    live_studio:
        all:
            live: 0.24512116611
            studio: 0.754878818989
        probability: 0.754878818989
        value: "studio"
    mood:
        all:
            Cluster1: 0.151998952031
            Cluster2: 0.354314744473
            Cluster3: 0.163514852524
            Cluster4: 0.149303019047
            Cluster5: 0.180868431926
        probability: 0.354314744473
        value: "Cluster2"
    mood_acoustic:
        all:
            acoustic: 0.241181686521
            not_acoustic: 0.758818328381
        probability: 0.758818328381
        value: "not_acoustic"
    mood_aggressive:
        all:
            aggressive: 0.133916884661
            not_aggressive: 0.866083085537
        probability: 0.866083085537
        value: "not_aggressive"
    mood_electronic:
        all:
            electronic: 0.807277143002
            not_electronic: 0.192722856998
        probability: 0.807277143002
        value: "electronic"
    mood_happy:
        all:
            happy: 0.155580043793
            not_happy: 0.844419956207
        probability: 0.844419956207
        value: "not_happy"
    mood_party:
        all:
            not_party: 0.866428434849
            party: 0.133571594954
        probability: 0.866428434849
        value: "not_party"
    mood_relaxed:
        all:
            not_relaxed: 0.0714756920934
            relaxed: 0.928524315357
        probability: 0.928524315357
        value: "relaxed"
    mood_sad:
        all:
            not_sad: 0.225696533918
            sad: 0.774303436279
        probability: 0.774303436279
        value: "sad"
    rhythm:
        all:
            fast: 0.0331909023225
            medium: 0.520720541477
            slow: 0.446088522673
        probability: 0.520720541477
        value: "medium"
    speech_music:
        all:
            music: 0.0533402152359
            speech: 0.946659803391
        probability: 0.946659803391
        value: "speech"
    timbre:
        all:
            bright: 0.459777802229
            dark: 0.540222167969
        probability: 0.540222167969
        value: "dark"
    voice_instrumental:
        all:
            instrumental: 0.993911206722
            voice: 0.00608879234642
        probability: 0.993911206722
        value: "instrumental"

lowlevel:
    average_loudness: 0.87491518259
    barkbands_kurtosis:
        dmean: 2.60435533524
        dmean2: 3.89381361008
        dvar: 92.4724121094
        dvar2: 211.481079102
        max: 97.2479248047
        mean: 3.23413968086
        min: -1.68907892704
        var: 211.66960144
    barkbands_skewness:
        dmean: 0.349330157042
        dmean2: 0.508537828922
        dvar: 0.606340229511
        dvar2: 1.05204355717
        max: 9.18152236938
        mean: -0.196715205908
        min: -2.81745958328
        var: 3.4304599762
    barkbands_spread:
        dmean: 3.03262090683
        dmean2: 4.40734434128
        dvar: 13.7726240158
        dvar2: 28.5506763458
        max: 39.5686264038
        mean: 17.1036548615
        min: 1.3739631176
        var: 57.6083145142
    dissonance:
        dmean: 0.0229874849319
        dmean2: 0.0361274890602
        dvar: 0.000588396913372
        dvar2: 0.00127725175116
        max: 0.498135685921
        mean: 0.453585356474
        min: 0.261880397797
        var: 0.00155707728118
    hfc:
        dmean: 0.90687340498
        dmean2: 0.873555183411
        dvar: 3.66446709633
        dvar2: 3.04759597778
        max: 29.7120380402
        mean: 6.00201702118
        min: 0.00135268771555
        var: 56.8722686768
    pitch:
        dmean: 325.410705566
        dmean2: 593.446960449
        dvar: 291688.65625
        dvar2: 638738.75
        max: 4410
        mean: 835.350830078
        min: 123.529411316
        var: 617499.0625
    pitch_instantaneous_confidence:
        dmean: 0.0709536746144
        dmean2: 0.1067038849
        dvar: 0.0098795844242
        dvar2: 0.0225318521261
        max: 0.978340506554
        mean: 0.750632882118
        min: 0.240128993988
        var: 0.0316329337656
    pitch_salience:
        dmean: 0.0533046200871
        dmean2: 0.0782350897789
        dvar: 0.00517699075863
        dvar2: 0.0100623099133
        max: 0.783084750175
        mean: 0.623363375664
        min: 0.157292470336
        var: 0.0109610557556
    silence_rate_20dB:
        dmean: 0
        dmean2: 0
        dvar: 0
        dvar2: 0
        max: 1
        mean: 1
        min: 1
        var: 0
    silence_rate_30dB:
        dmean: 0
        dmean2: 0
        dvar: 0
        dvar2: 0
        max: 1
        mean: 1
        min: 1
        var: 0
    silence_rate_60dB:
        dmean: 0.0175438597798
        dmean2: 0.0353982299566
        dvar: 0.017236083746
        dvar2: 0.0341452583671
        max: 1
        mean: 0.765217363834
        min: 0
        var: 0.179659411311
    spectral_centroid:
        dmean: 137.138092041
        dmean2: 193.693389893
        dvar: 50300.8359375
        dvar2: 72229.2890625
        max: 4001.32910156
        mean: 2307.46972656
        min: 253.929672241
        var: 522709.6875
    spectral_complexity:
        dmean: 1.19230771065
        dmean2: 1.45631062984
        dvar: 4.84763813019
        dvar2: 4.7335319519
        max: 27
        mean: 6.04761886597
        min: 0
        var: 44.4834365845
    spectral_crest:
        dmean: 1.42298686504
        dmean2: 2.18225264549
        dvar: 4.66513776779
        dvar2: 9.52160453796
        max: 25.6674537659
        mean: 8.89597034454
        min: 3.93979763985
        var: 17.5729618073
    spectral_decrease:
        dmean: 8.23791729276e-11
        dmean2: 8.00344096552e-11
        dvar: 3.06293090107e-20
        dvar2: 2.84068750376e-20
        max: -1.20672298109e-12
        mean: -5.07034747521e-10
        min: -2.56844456814e-09
        var: 4.29465375647e-19
    spectral_energy:
        dmean: 0.000386932428228
        dmean2: 0.000371890608221
        dvar: 6.85734164563e-07
        dvar2: 5.93707397911e-07
        max: 0.0123512428254
        mean: 0.00245806598105
        min: 4.6771401685e-06
        var: 9.96100789052e-06
    spectral_energyband_high:
        dmean: 4.96156026202e-05
        dmean2: 6.92158282618e-05
        dvar: 1.66707074811e-08
        dvar2: 2.26487664179e-08
        max: 0.00171051814687
        mean: 0.000404192047426
        min: 4.44179848458e-09
        var: 2.42749479185e-07
    spectral_energyband_low:
        dmean: 1.47163991642e-05
        dmean2: 2.37381100305e-05
        dvar: 2.02131311688e-09
        dvar2: 5.79605297091e-09
        max: 0.000386583415093
        mean: 1.35968593895e-05
        min: 2.22504503711e-09
        var: 1.9068653323e-09
    spectral_energyband_middle_high:
        dmean: 0.000314253993565
        dmean2: 0.000294800207485
        dvar: 4.58343436094e-07
        dvar2: 4.73263469303e-07
        max: 0.0102767525241
        mean: 0.00182937923819
        min: 2.37159412109e-08
        var: 5.54404778086e-06
    spectral_energyband_middle_low:
        dmean: 6.66106207063e-05
        dmean2: 0.000102330377558
        dvar: 2.53183838339e-08
        dvar2: 5.22776133494e-08
        max: 0.00151360209566
        mean: 0.000210900281672
        min: 2.08729446172e-07
        var: 1.15818743041e-07
    spectral_flatness_db:
        dmean: 0.01879568398
        dmean2: 0.0265354793519
        dvar: 0.000341275852406
        dvar2: 0.000717095797881
        max: 0.479029268026
        mean: 0.325108617544
        min: 0.187987014651
        var: 0.00602672202513
    spectral_flux:
        dmean: 0.00303922849707
        dmean2: 0.00399096030742
        dvar: 4.55912741018e-05
        dvar2: 5.37844498467e-05
        max: 0.0691780224442
        mean: 0.0143457427621
        min: 0.000278807769064
        var: 0.000227290278417
    spectral_kurtosis:
        dmean: 3.56681728363
        dmean2: 6.09138345718
        dvar: 27.716299057
        dvar2: 75.690284729
        max: 33.836730957
        mean: 4.78064012527
        min: -0.319053173065
        var: 39.9243087769
    spectral_rms:
        dmean: 0.000104397295217
        dmean2: 0.000107343468699
        dvar: 5.20890921507e-08
        dvar2: 3.01900833222e-08
        max: 0.00347131001763
        mean: 0.00123915658332
        min: 6.75504561514e-05
        var: 8.62603940277e-07
    spectral_rolloff:
        dmean: 167.089370728
        dmean2: 269.687683105
        dvar: 109896.296875
        dvar2: 208843.09375
        max: 4737.3046875
        mean: 3847.06225586
        min: 258.3984375
        var: 1522048.625
    spectral_skewness:
        dmean: 0.362852990627
        dmean2: 0.581686675549
        dvar: 0.241293981671
        dvar2: 0.590493202209
        max: 4.47867059708
        mean: 0.830173909664
        min: -0.432465732098
        var: 0.676494181156
    spectral_spread:
        dmean: 169836.34375
        dmean2: 267301.5625
        dvar: 52319838208
        dvar2: 114429214720
        max: 3766228.25
        mean: 2227500.75
        min: 1232141.625
        var: 98456215552
    spectral_strongpeak:
        dmean: 0.281081587076
        dmean2: 0.498781949282
        dvar: 0.366256356239
        dvar2: 1.00423657894
        max: 4.88208723068
        mean: 0.992393732071
        min: 0.00351698882878
        var: 0.492327332497
    zerocrossingrate:
        dmean: 0.00590632529929
        dmean2: 0.00603003660217
        dvar: 8.718106983e-05
        dvar2: 5.63163521292e-05
        max: 0.19189453125
        mean: 0.114485673606
        min: 0.01123046875
        var: 0.00120696600061
    barkbands:
        dmean: [2.54522541931e-10, 9.41994073855e-07, 1.41004629768e-05, 2.55905979429e-05, 5.60460648558e-05, 3.07882110064e-05, 1.20312606668e-05, 8.80976222106e-06, 1.61519419635e-05, 6.59914030621e-06, 7.66931043472e-06, 7.2449700383e-05, 5.41263761988e-06, 4.52140375273e-05, 3.69376066374e-05, 7.1647540608e-05, 0.000125990613014, 1.88619924302e-05, 7.44283170206e-05, 2.58242816926e-05, 4.57957539766e-05, 2.37608801967e-07, 1.87569266785e-08, 2.6312412249e-09, 2.04237349255e-10, 3.44790342111e-11, 3.15408220375e-11]
        dmean2: [4.34562025253e-10, 1.44184798501e-06, 2.28632998187e-05, 3.66987296729e-05, 8.96342244232e-05, 4.76760760648e-05, 2.0093510102e-05, 1.49066227095e-05, 2.54243132076e-05, 1.09619322757e-05, 1.28663332362e-05, 0.000107833904622, 8.8241404228e-06, 6.6805339884e-05, 5.77645259909e-05, 0.000124855141621, 0.00016739720013, 2.63249748969e-05, 0.00010192427726, 3.65752603102e-05, 6.31305520074e-05, 4.10588114619e-07, 2.80854806078e-08, 4.44720615889e-09, 3.27939758682e-10, 5.72481437255e-11, 5.73186359487e-11]
        dvar: [7.31899849142e-19, 6.89675486859e-12, 1.96905869387e-09, 3.14533687984e-09, 1.99386001043e-08, 6.51134968166e-09, 7.54881157583e-10, 3.78835574022e-10, 1.97414218306e-09, 3.38258560051e-10, 3.38524319687e-10, 3.5400610443e-08, 2.69833183575e-10, 2.48268925418e-08, 1.08009547972e-08, 7.28988567289e-08, 5.97937201974e-08, 1.96073868253e-09, 2.45635476404e-08, 1.7511864181e-09, 1.38305065178e-08, 4.66507529221e-13, 1.85854402276e-15, 1.8186555075e-17, 1.25998141307e-19, 1.14535014218e-20, 1.29449080662e-20]
        dvar2: [1.60989292595e-18, 1.91620087853e-11, 5.69268898687e-09, 7.20975812385e-09, 5.15661682243e-08, 1.54647548101e-08, 1.88084725572e-09, 1.1299722269e-09, 4.61453097955e-09, 7.00471403103e-10, 1.03141595265e-09, 5.61142918798e-08, 7.31111282626e-10, 5.54906911532e-08, 2.45179432312e-08, 2.1840133968e-07, 9.41095237295e-08, 4.1072287793e-09, 4.27534061487e-08, 2.93506308147e-09, 2.1210022183e-08, 1.40646229472e-12, 3.06339714473e-15, 5.75922780954e-17, 2.60781044118e-19, 3.35370104225e-20, 3.81839753945e-20]
        max: [7.99471511215e-09, 1.8708566131e-05, 0.000376272306312, 0.000375181611162, 0.00133721006569, 0.000532654405106, 0.000208723024116, 0.000108338463178, 0.00044128819718, 0.000156804220751, 0.000135638547363, 0.00240237056278, 0.000149950094055, 0.00145942298695, 0.00079994549742, 0.00220319768414, 0.00320489541627, 0.000419329648139, 0.0021887246985, 0.000434342306107, 0.00154109334107, 5.7401966842e-06, 4.7326940944e-07, 4.24123633991e-08, 3.5103486784e-09, 8.85387430039e-10, 8.96772989201e-10]
        mean: [3.25054122507e-10, 1.09932045689e-06, 1.2497296666e-05, 3.38600657415e-05, 7.80951304478e-05, 4.79305308545e-05, 1.7001051674e-05, 1.08400117824e-05, 2.05439719139e-05, 8.27272106108e-06, 1.06755769593e-05, 0.000580955005717, 6.83280723024e-06, 5.80794585403e-05, 5.0005637604e-05, 9.49305685936e-05, 0.000579099636525, 3.24779066432e-05, 0.000372976821382, 7.13586487109e-05, 0.000369917484932, 5.21519154972e-07, 8.78080328448e-08, 8.25376922364e-09, 6.63700649994e-10, 4.27219301602e-11, 2.46839441248e-11]
        min: [3.06603321291e-13, 6.7763440692e-11, 3.1494779007e-10, 2.14067430448e-09, 7.8026829442e-08, 2.79769296618e-09, 2.33756747292e-09, 7.67806707103e-10, 2.87304779967e-09, 3.46894069025e-10, 2.84809453799e-10, 2.72395106471e-10, 1.91214197254e-10, 4.12165079844e-10, 4.42748032681e-10, 1.79228965003e-09, 3.44808404051e-09, 1.82837900375e-09, 3.2101770131e-09, 3.54407703185e-09, 2.44805908878e-09, 1.0393070432e-10, 2.34549497879e-11, 1.48033512531e-11, 3.30476596609e-12, 9.73259084544e-14, 5.03195211261e-15]
        var: [1.27216459443e-18, 8.16473885029e-12, 1.77170500493e-09, 5.32733590575e-09, 3.20285522548e-08, 1.209863143e-08, 1.06139219636e-09, 4.59698779043e-10, 3.2246580961e-09, 4.50134096663e-10, 5.77218273179e-10, 4.61211840275e-07, 3.14602732754e-10, 3.02969525023e-08, 1.72577205859e-08, 6.13314341535e-08, 5.53831171146e-07, 4.28375868111e-09, 2.39743286556e-07, 6.8590044755e-09, 2.02068434874e-07, 6.74906202973e-13, 1.41280318336e-14, 1.19536187957e-16, 8.16337153602e-19, 9.4945527465e-21, 8.83134372672e-21]
    mfcc:
        mean: [-909.114929199, 125.559074402, -135.458496094, 85.593963623, -36.325717926, 6.13944339752, 1.0261169672, -23.7237892151, -14.8921861649, -22.8148555756, -35.6143913269, 14.5759735107, -5.58754634857]
        cov: [[17163.953125, -599.099975586, -2053.18115234, 526.176940918, -781.523498535, 717.786132812, 160.980743408, 347.571228027, 10.5120983124, 58.6376113892, -94.9668655396, 741.917358398, 228.07170105], [-599.099975586, 2899.61083984, 1350.2142334, 46.052482605, 13.9461555481, -718.706970215, -482.981445312, -71.4459152222, 385.940429688, 452.419891357, 352.29888916, -510.923950195, -246.553543091], [-2053.18115234, 1350.2142334, 1321.78295898, 48.4710044861, 151.713882446, -374.763366699, -186.40524292, -1.17683053017, 168.485610962, 108.287475586, 142.623306274, -216.552352905, -84.5430450439], [526.176940918, 46.052482605, 48.4710044861, 179.907012939, -13.0960950851, 17.6911582947, 8.13324069977, 21.0658168793, 46.1993942261, -2.11231589317, 6.05922746658, 42.067440033, 33.2453575134], [-781.523498535, 13.9461555481, 151.713882446, -13.0960950851, 176.063156128, 26.5055236816, 18.3582954407, -7.25068092346, 6.92952156067, 13.8716745377, 36.1968078613, -24.8275947571, -23.5541801453], [717.786132812, -718.706970215, -374.763366699, 17.6911582947, 26.5055236816, 272.871643066, 150.549118042, 31.2290248871, -79.3714675903, -83.8587341309, -65.911605835, 166.464828491, 70.6293258667], [160.980743408, -482.981445312, -186.40524292, 8.13324069977, 18.3582954407, 150.549118042, 147.673126221, 67.1002960205, -50.1470718384, -86.1204452515, -67.0519638062, 120.367584229, 67.2303924561], [347.571228027, -71.4459152222, -1.17683053017, 21.0658168793, -7.25068092346, 31.2290248871, 67.1002960205, 114.69859314, 1.20387852192, -29.4209270477, -24.8322753906, 60.7961654663, 49.965045929], [10.5120983124, 385.940429688, 168.485610962, 46.1993942261, 6.92952156067, -79.3714675903, -50.1470718384, 1.20387852192, 120.290611267, 90.2037506104, 60.6683959961, -59.7335166931, -32.1698493958], [58.6376113892, 452.419891357, 108.287475586, -2.11231589317, 13.8716745377, -83.8587341309, -86.1204452515, -29.4209270477, 90.2037506104, 145.998809814, 107.444229126, -89.6516799927, -55.6216773987], [-94.9668655396, 352.29888916, 142.623306274, 6.05922746658, 36.1968078613, -65.911605835, -67.0519638062, -24.8322753906, 60.6683959961, 107.444229126, 109.956573486, -55.3637428284, -32.3145103455], [741.917358398, -510.923950195, -216.552352905, 42.067440033, -24.8275947571, 166.464828491, 120.367584229, 60.7961654663, -59.7335166931, -89.6516799927, -55.3637428284, 202.138824463, 102.085853577], [228.07170105, -246.553543091, -84.5430450439, 33.2453575134, -23.5541801453, 70.6293258667, 67.2303924561, 49.965045929, -32.1698493958, -55.6216773987, -32.3145103455, 102.085853577, 94.2765045166]]
        icov: [[0.00021548064251, -0.000480814545881, 0.000405112339649, -0.000358700315701, 0.000634060997982, -0.00121291878168, 0.000871787779033, -0.000808537763078, 0.000109207139758, 0.000420010328526, -5.05675743625e-05, -0.000921702478081, 0.000850763171911], [-0.000480814545881, 0.00417418545112, -0.00246880459599, 9.90396802081e-05, -0.000609827169683, 0.00540257198736, 0.000349115463905, -5.00998576172e-05, -0.000663861515932, -0.00661729229614, 0.000849816540722, 0.00274160387926, -0.00139953440521], [0.000405112339649, -0.00246880459599, 0.00366727286018, -0.000527880503796, -0.0013646784937, -0.000977209419943, 0.00159229640849, -0.00146246829536, -0.00167963700369, 0.00713620707393, -0.00279698753729, -0.00226064701565, 0.00119534670375], [-0.000358700315701, 9.90396802081e-05, -0.000527880503796, 0.0092485351488, -0.000402397447033, -0.00133749656379, 0.00145976350177, 0.00138703803532, -0.00741931330413, 0.00640617171302, -0.00289901928045, 0.000722621916793, -0.00401089433581], [0.000634060997982, -0.000609827169683, -0.0013646784937, -0.000402397447033, 0.0136549668387, -0.00861768703908, -0.00180739769712, -0.00234604277648, 0.000291406031465, 0.00505381403491, -0.00931268185377, 0.00222022458911, 0.00567426998168], [-0.00121291878168, 0.00540257198736, -0.000977209419943, -0.00133749656379, -0.00861768703908, 0.0285836067051, -0.0144898407161, 0.00778455752879, 0.00384272891097, -0.0155880898237, 0.00638449750841, -0.00390570680611, -0.00216918135993], [0.000871787779033, 0.000349115463905, 0.00159229640849, 0.00145976350177, -0.00180739769712, -0.0144898407161, 0.0393455028534, -0.0160981677473, -0.00714010884985, 0.00781303178519, 0.00325917056762, -0.00541953602806, -0.000246561859967], [-0.000808537763078, -5.00998576172e-05, -0.00146246829536, 0.00138703803532, -0.00234604277648, 0.00778455752879, -0.0160981677473, 0.0209753978997, -0.000525872921571, -0.00447530392557, 0.00426577962935, 0.000713477784302, -0.00816067680717], [0.000109207139758, -0.000663861515932, -0.00167963700369, -0.00741931330413, 0.000291406031465, 0.00384272891097, -0.00714010884985, -0.000525872921571, 0.0275769103318, -0.0240083970129, 0.0105660781264, -0.00205536256544, 0.00276688812301], [0.000420010328526, -0.00661729229614, 0.00713620707393, 0.00640617171302, 0.00505381403491, -0.0155880898237, 0.00781303178519, -0.00447530392557, -0.0240083970129, 0.0737032443285, -0.0485378392041, 0.00732046319172, 0.0062872688286], [-5.05675743625e-05, 0.000849816540722, -0.00279698753729, -0.00289901928045, -0.00931268185377, 0.00638449750841, 0.00325917056762, 0.00426577962935, 0.0105660781264, -0.0485378392041, 0.0547032728791, -0.00984831340611, -0.00645264750347], [-0.000921702478081, 0.00274160387926, -0.00226064701565, 0.000722621916793, 0.00222022458911, -0.00390570680611, -0.00541953602806, 0.000713477784302, -0.00205536256544, 0.00732046319172, -0.00984831340611, 0.0262517631054, -0.0140993688256], [0.000850763171911, -0.00139953440521, 0.00119534670375, -0.00401089433581, 0.00567426998168, -0.00216918135993, -0.000246561859967, -0.00816067680717, 0.00276688812301, 0.0062872688286, -0.00645264750347, -0.0140993688256, 0.0326278880239]]
    spectral_contrast:
        mean: [-1.68684692881e-07, 2.27065317659e-08, 2.28679610359e-07, 7.69893304664e-08, 3.06822016682e-07, -3.86294857435e-07, -2.23403890232e-06, -6.81195970742e-08, 2.64474329015e-06, 1.84490573929e-07, 1.82333451448e-06, 1.3487679098e-06]
        var: [0.000195152810193, 0.000674858281855, 0.00167019327637, 0.00179087335709, 0.00341522903182, 0.0124398795888, 0.059616509825, 0.101784296334, 0.141879305243, 0.54667109251, 1.02013528347, 10.3414897919]

rhythm:
    beats_loudness:
        dmean: 0.0011506807059
        dmean2: 0.00167114799842
        dvar: 2.44395914706e-06
        dvar2: 3.03298770632e-06
        max: 0.00797206163406
        mean: 0.00272679002956
        min: 9.07304456632e-06
        var: 9.40911013458e-06
    beats_loudness_bass:
        dmean: 0.0234391056001
        dmean2: 0.0305557250977
        dvar: 0.00198856811039
        dvar2: 0.00204300973564
        max: 0.138180956244
        mean: 0.0228547863662
        min: 2.19074609049e-05
        var: 0.00192345771939
    bpm: 183.655563354
    bpm_confidence: 0
    first_peak_bpm: 184
    first_peak_spread: 0
    first_peak_weight: 1
    onset_rate: 1.41782402992
    second_peak_bpm: 0
    second_peak_spread: 0
    second_peak_weight: 0
    beats_position: [0.0507319457829, 0.377484977245, 0.704237997532, 1.03099095821, 1.3577439785, 1.68449699879, 2.01125001907, 2.33800315857]
    bpm_estimates: [180.142425537, 183.504165649, 186.782394409, 184.193252563]
    bpm_intervals: [0.326753020287, 0.326753020287, 0.326752960682, 0.326753020287, 0.326753020287, 0.326753020287, 0.326753139496]
    onset_times: [0.0464399084449, 1.54412698746, 1.96208620071, 2.04335594177]
    rubato_start: []
    rubato_stop: []
    perceptual_tempo: "unknown"

sfx:
    inharmonicity:
        dmean: 0.0612473227084
        dmean2: 0.111187070608
        dvar: 0.00311749381945
        dvar2: 0.00883137714118
        max: 0.295721054077
        mean: 0.0659523159266
        min: 0.000145091209561
        var: 0.0036425346043
    oddtoevenharmonicenergyratio:
        dmean: 10.6002569199
        dmean2: 21.207818985
        dvar: 4158.70410156
        dvar2: 12527.0869141
        max: 470.86151123
        mean: 5.72982740402
        min: 0.00239879614674
        var: 2084.6875
    pitch_after_max_to_before_max_energy_ratio: 0.456879794598
    pitch_centroid: 59.9785346985
    pitch_max_to_total: 0.847619056702
    pitch_min_to_total: 0.647619068623
    tristimulus:
        dmean: [0.169445350766, 0.21874140203, 0.16387295723]
        dmean2: [0.287924766541, 0.380673676729, 0.279509246349]
        dvar: [0.0254506580532, 0.0392071381211, 0.0221568420529]
        dvar2: [0.0624352581799, 0.100706025958, 0.0601375997066]
        max: [0.889246404171, 0.993778049946, 0.862300872803]
        mean: [0.244906902313, 0.525602459908, 0.214928388596]
        min: [0.000782440009061, 0, 0]
        var: [0.0561223439872, 0.0555531680584, 0.0347209461033]

tonal:
    chords_changes_rate: 0.113207548857
    chords_number_rate: 0.0566037744284
    chords_strength:
        dmean: 0.00678161112592
        dmean2: 0.00649071484804
        dvar: 2.56206640188e-05
        dvar2: 3.76145944756e-05
        max: 0.462799280882
        mean: 0.393979012966
        min: 0.346034795046
        var: 0.00139087438583
    key_strength: 0.646053731441
    tuning_diatonic_strength: 0.334000319242
    tuning_equal_tempered_deviation: 0.158866882324
    tuning_frequency: 443.572570801
    tuning_nontempered_energy_ratio: 0.739849090576
    hpcp:
        dmean: [0.0408033765852, 0.0353625752032, 0.0943823233247, 0.0869151353836, 0.0417886897922, 0.0687765926123, 0.0440776608884, 0.07771076262, 0.0799551308155, 0.043504294008, 0.0326088070869, 0.0475716516376, 0.0496740341187, 0.0646013319492, 0.0739760547876, 0.0558576062322, 0.0316744409502, 0.0798223763704, 0.063847117126, 0.0244940016419, 0.0355785936117, 0.0359214916825, 0.0227766763419, 0.0345836617053, 0.031428668648, 0.0166074037552, 0.011890350841, 0.0173360928893, 0.0343477614224, 0.0395282357931, 0.0360147505999, 0.044114086777, 0.043832719326, 0.0366695672274, 0.0248079169542, 0.0342147275805]
        dmean2: [0.0607462115586, 0.0484799221158, 0.127917274833, 0.131518661976, 0.0753589868546, 0.114715620875, 0.0815355330706, 0.125192120671, 0.145647406578, 0.0720075815916, 0.0480012670159, 0.065078869462, 0.0658355504274, 0.0986831113696, 0.105554901063, 0.0654810369015, 0.0470377467573, 0.135233357549, 0.111053109169, 0.0363425835967, 0.0604929551482, 0.0634803548455, 0.0368034616113, 0.0572657100856, 0.047783728689, 0.0228670910001, 0.0191602893174, 0.022704930976, 0.0441282279789, 0.0583679564297, 0.061762444675, 0.0712599530816, 0.0620359145105, 0.0506791584194, 0.0389763787389, 0.0525057800114]
        dvar: [0.00338617502712, 0.0029474508483, 0.0387847200036, 0.0403778739274, 0.00759560056031, 0.0256815440953, 0.0147715797648, 0.029569901526, 0.0371227823198, 0.00818368792534, 0.0057887560688, 0.00596912251785, 0.00707083614543, 0.0215055327863, 0.0245262160897, 0.0178826488554, 0.00236052041873, 0.0369260422885, 0.0239551458508, 0.00185221387073, 0.00557628739625, 0.00369323207997, 0.00138576724567, 0.00697056716308, 0.00521777570248, 0.00145018124022, 0.000196157721803, 0.00104302295949, 0.0116386665031, 0.0134061044082, 0.00735114095733, 0.00489358836785, 0.00182875699829, 0.00318326032721, 0.00224164570682, 0.00351332384162]
        dvar2: [0.00932469218969, 0.00524542247877, 0.0664330497384, 0.097941018641, 0.0216797739267, 0.0632003471255, 0.0291125867516, 0.0710923969746, 0.0765687078238, 0.0203938372433, 0.0144643243402, 0.0114941289648, 0.0102732507512, 0.0367490760982, 0.0366678871214, 0.0177436228842, 0.00532645639032, 0.0833874568343, 0.0605594962835, 0.00432879664004, 0.0115041732788, 0.00937492400408, 0.00372592080384, 0.0188918877393, 0.0110926870257, 0.00175464956556, 0.000448260718258, 0.0017175655812, 0.0122288390994, 0.0156720988452, 0.0182209052145, 0.0115528712049, 0.00394522957504, 0.00506371119991, 0.00558548280969, 0.00980392936617]
        max: [0.319129735231, 0.475834310055, 1, 1, 0.473896801472, 1, 1, 1, 1, 0.584227263927, 0.55191129446, 0.553825676441, 0.560516655445, 1, 1, 1, 0.696474075317, 1, 0.849365472794, 0.288504958153, 0.45594483614, 0.304973632097, 0.19318023324, 0.463360130787, 0.38990059495, 0.299418002367, 0.0804572924972, 0.176289185882, 0.816225469112, 0.782382786274, 0.546567261219, 0.481761693954, 0.28262463212, 0.465575397015, 0.293427199125, 0.347066879272]
        mean: [0.146157339215, 0.158540636301, 0.226389184594, 0.168752640486, 0.0455971546471, 0.0826341509819, 0.113074317575, 0.100215166807, 0.0962854251266, 0.0733930915594, 0.0479824542999, 0.0696169361472, 0.0873855352402, 0.0940855145454, 0.391569525003, 0.665546417236, 0.446719437838, 0.276569932699, 0.176554992795, 0.0350689925253, 0.0449855588377, 0.0409734398127, 0.0269004888833, 0.0312362462282, 0.0294947717339, 0.01943481341, 0.0149369556457, 0.0205108188093, 0.0370040982962, 0.0494275614619, 0.04959012568, 0.0587971396744, 0.0681979730725, 0.0545062161982, 0.036787558347, 0.0863032191992]
        min: [0.000839240674395, 0.00036124678445, 0.000379177072318, 0.000367945263861, 0.000357525656, 0.000516203697771, 0.000271392404102, 0.000409526837757, 0.000774842163082, 0.000709040497895, 0.000492969760671, 0.00110168161336, 0.00190827576444, 0.00121826631948, 0.000825316819828, 0.000778920133598, 0.00118565163575, 0.000626871013083, 0.0036931890063, 0.00280929543078, 0.000652719754726, 0.00149548554327, 0.000450462830486, 5.54265425308e-05, 4.63184078399e-05, 6.765712169e-05, 0.000120229655295, 8.95246339496e-05, 7.04963604221e-05, 0.000185386234079, 0.000494113483001, 0.000617547659203, 0.000572500110138, 0.0004859068722, 0.000179024966201, 0.00160966289695]
        var: [0.00861234404147, 0.0133345648646, 0.121389828622, 0.0662507489324, 0.006011699792, 0.0344310067594, 0.0666153132915, 0.0422397106886, 0.0426804199815, 0.0139401443303, 0.00773443095386, 0.0135683575645, 0.0197111796588, 0.0365245640278, 0.0525301620364, 0.172337070107, 0.0244858395308, 0.156960278749, 0.0603817515075, 0.00273084267974, 0.00610367301852, 0.00392726063728, 0.00160823646002, 0.00498374737799, 0.00497797457501, 0.00196586363018, 0.000317304686178, 0.00117717462126, 0.0127875693142, 0.0163157843053, 0.0100999642164, 0.0062788319774, 0.0046831346117, 0.00600075721741, 0.00304699898697, 0.00327076343819]
    chords_histogram: [15.0943393707, 0, 0, 0, 0, 0, 0, 79.2452850342, 5.66037750244, 0, 0, 0, 0, 0, 0, 0, 0, 0, 0, 0, 0, 0, 0, 0]
    thpcp: [1, 0.671207010746, 0.415553182364, 0.265278249979, 0.0526920296252, 0.067591920495, 0.0615636110306, 0.040418650955, 0.0469332337379, 0.0443166270852, 0.0292012896389, 0.0224431455135, 0.0308180134743, 0.0555995739996, 0.0742661356926, 0.0745103955269, 0.0883441641927, 0.102469146252, 0.0818969383836, 0.0552742183208, 0.129672721028, 0.219605028629, 0.238211244345, 0.340155363083, 0.253555029631, 0.0685108527541, 0.124159865081, 0.169896960258, 0.150575771928, 0.144671246409, 0.110274940729, 0.0720948278904, 0.104601174593, 0.131298929453, 0.14136582613, 0.588342905045]
    chords_key: "G"
    chords_scale: "major"
    key_key: "G"
    key_scale: "minor"
    chords_progression: ["Gm", "Gm", "G", "G", "G", "G", "G", "G", "G", "G", "G", "G", "G", "G", "G", "G", "G", "G", "G", "Gm", "Gm", "G", "G", "G", "G", "G", "G", "G", "G", "G", "G", "G", "G", "G", "G", "G", "G", "G", "G", "G", "Bm", "Bm", "Bm", "G", "G", "G", "G", "G", "G", "Gm", "Gm", "Gm", "Gm"]
