
metadata:
    version:
        essentia: "1.2.2"
    audio_properties:
        analysis_sample_rate: 44100
        bitrate: 128
        channels: 2
        equal_loudness: 1
        length: 10.0310201645
        replay_gain: -10.8821964264
        downmix: "mix"
    tags:
        track: 17
        year: 0
        album: "Splitted by Mp3Splt v. 2.1"
        artist: "From 002.40 To 002.50"
        comment: "http://mp3splt.sf.net"
        genre: ""
        title: "05 [Untitled].mp3"

highlevel:
    ballroom:
        all:
            ChaChaCha: 0.122252628207
            Jive: 0.295831084251
            Quickstep: 0.111495636404
            Rumba-American: 0.00169275829103
            Rumba-International: 0.0032663824968
            Rumba-Misc: 0.00236985064112
            Samba: 0.461570113897
            Tango: 0.000379981996957
            VienneseWaltz: 0.000639234320261
            Waltz: 0.000502324895933
        probability: 0.461570113897
        value: "Samba"
    culture:
        all:
            non_western: 0.247506931424
            western: 0.752493083477
        probability: 0.752493083477
        value: "western"
    gender:
        all:
            female: 1.00769566416e-05
            male: 0.999989926815
        probability: 0.999989926815
        value: "male"
    genre_dortmund:
        all:
            alternative: 0.00189246609807
            blues: 0.00900162942708
            electronic: 0.0080376425758
            folkcountry: 0.00301596638747
            funksoulrnb: 0.0125915752724
            jazz: 0.0505255460739
            pop: 0.00807416345924
            raphiphop: 0.891712009907
            rock: 0.0151489712298
        probability: 0.891712009907
        value: "raphiphop"
    genre_electronica:
        all:
            ambient: 0.0776208639145
            dnb: 0.783071160316
            house: 0.0768738389015
            techno: 0.0417317338288
            trance: 0.0207023769617
        probability: 0.783071160316
        value: "dnb"
    genre_rosamerica:
        all:
            cla: 0.000987516716123
            dan: 0.0115453638136
            hip: 0.96053057909
            jaz: 0.00186818477232
            pop: 0.0032841952052
            rhy: 0.00624727504328
            roc: 0.0030223724898
            spe: 0.0125145167112
        probability: 0.96053057909
        value: "hip"
    genre_tzanetakis:
        all:
            blu: 8.37544648675e-05
            cla: 0.000181027106009
            cou: 0.000410778680816
            dis: 0.00704130949453
            hip: 0.909059047699
            jaz: 0.000652825518046
            met: 0.000755296496209
            pop: 0.0679039731622
            reg: 0.0128638660535
            roc: 0.00104813301004
        probability: 0.909059047699
        value: "hip"
    live_studio:
        all:
            live: 0.0326120853424
            studio: 0.967387914658
        probability: 0.967387914658
        value: "studio"
    mood:
        all:
            Cluster1: 0.211381450295
            Cluster2: 0.237024664879
            Cluster3: 0.0222950261086
            Cluster4: 0.18074208498
            Cluster5: 0.348556756973
        probability: 0.348556756973
        value: "Cluster5"
    mood_acoustic:
        all:
            acoustic: 0.0659025162458
            not_acoustic: 0.934097468853
        probability: 0.934097468853
        value: "not_acoustic"
    mood_aggressive:
        all:
            aggressive: 0.640205919743
            not_aggressive: 0.359794050455
        probability: 0.640205919743
        value: "aggressive"
    mood_electronic:
        all:
            electronic: 0.806509435177
            not_electronic: 0.193490535021
        probability: 0.806509435177
        value: "electronic"
    mood_happy:
        all:
            happy: 0.441499054432
            not_happy: 0.558500945568
        probability: 0.558500945568
        value: "not_happy"
    mood_party:
        all:
            not_party: 0.0781723335385
            party: 0.921827673912
        probability: 0.921827673912
        value: "party"
    mood_relaxed:
        all:
            not_relaxed: 0.846203625202
            relaxed: 0.153796374798
        probability: 0.846203625202
        value: "not_relaxed"
    mood_sad:
        all:
            not_sad: 0.946939587593
            sad: 0.0530604012311
        probability: 0.946939587593
        value: "not_sad"
    rhythm:
        all:
            fast: 0.913109242916
            medium: 0.081275254488
            slow: 0.00561547884718
        probability: 0.913109242916
        value: "fast"
    speech_music:
        all:
            music: 0.260451048613
            speech: 0.73954898119
        probability: 0.73954898119
        value: "speech"
    timbre:
        all:
            bright: 0.00564588513225
            dark: 0.994354128838
        probability: 0.994354128838
        value: "dark"
    voice_instrumental:
        all:
            instrumental: 0.0176945179701
            voice: 0.982305467129
        probability: 0.982305467129
        value: "voice"

lowlevel:
    average_loudness: 0.959069728851
    barkbands_kurtosis:
        dmean: 2.39466714859
        dmean2: 3.85911417007
        dvar: 12.6355857849
        dvar2: 34.5399169922
        max: 40.5779953003
        mean: 1.34058773518
        min: -1.87694096565
        var: 20.3798999786
    barkbands_skewness:
        dmean: 0.783058106899
        dmean2: 1.21166598797
        dvar: 0.558910131454
        dvar2: 1.32068252563
        max: 5.53318500519
        mean: 0.73126655817
        min: -3.39641666412
        var: 1.71717119217
    barkbands_spread:
        dmean: 10.0248889923
        dmean2: 15.9989385605
        dvar: 86.2033996582
        dvar2: 206.937667847
        max: 80.6487426758
        mean: 31.4628887177
        min: 2.48457789421
        var: 237.657897949
    dissonance:
        dmean: 0.0275142788887
        dmean2: 0.04417424649
        dvar: 0.000922478735447
        dvar2: 0.00204107793979
        max: 0.499344527721
        mean: 0.448801457882
        min: 0.180108964443
        var: 0.00307085062377
    hfc:
        dmean: 2.31141614914
        dmean2: 3.37612819672
        dvar: 7.68145084381
        dvar2: 14.6054868698
        max: 24.7173347473
        mean: 4.37406682968
        min: 0.00984181463718
        var: 20.6646251678
    pitch:
        dmean: 921.909667969
        dmean2: 1760.0065918
        dvar: 2135742.5
        dvar2: 4596215
        max: 4410
        mean: 1464.08093262
        min: 106.779663086
        var: 3002155.25
    pitch_instantaneous_confidence:
        dmean: 0.114590153098
        dmean2: 0.187573313713
        dvar: 0.00967315398157
        dvar2: 0.0232787802815
        max: 0.864937067032
        mean: 0.429646521807
        min: 0.131020367146
        var: 0.0319894850254
    pitch_salience:
        dmean: 0.0882108211517
        dmean2: 0.137794241309
        dvar: 0.00589487282559
        dvar2: 0.0141341043636
        max: 0.88228559494
        mean: 0.628839254379
        min: 0.217536762357
        var: 0.0139497863129
    silence_rate_20dB:
        dmean: 0
        dmean2: 0
        dvar: 0
        dvar2: 0
        max: 1
        mean: 1
        min: 1
        var: 0
    silence_rate_30dB:
        dmean: 0
        dmean2: 0
        dvar: 0
        dvar2: 0
        max: 1
        mean: 1
        min: 1
        var: 0
    silence_rate_60dB:
        dmean: 0.175925925374
        dmean2: 0.352668225765
        dvar: 0.144975453615
        dvar2: 0.242213889956
        max: 1
        mean: 0.621247112751
        min: 0
        var: 0.235300064087
    spectral_centroid:
        dmean: 491.160675049
        dmean2: 766.772583008
        dvar: 297192.4375
        dvar2: 635079.75
        max: 5549.38378906
        mean: 1510.04296875
        min: 254.708526611
        var: 779424.3125
    spectral_complexity:
        dmean: 3.73085856438
        dmean2: 5.36279058456
        dvar: 16.2802371979
        dvar2: 29.4777908325
        max: 34
        mean: 7.36574077606
        min: 0
        var: 46.4727096558
    spectral_crest:
        dmean: 3.04679369926
        dmean2: 4.85805511475
        dvar: 7.62671136856
        dvar2: 18.9957122803
        max: 22.7418384552
        mean: 8.51089191437
        min: 2.90669631958
        var: 17.5531711578
    spectral_decrease:
        dmean: 4.90702423139e-10
        dmean2: 7.28104854186e-10
        dvar: 4.84389780579e-19
        dvar2: 1.11888947449e-18
        max: -4.41458198122e-12
        mean: -7.75704001033e-10
        min: -4.46316761327e-09
        var: 7.07304719302e-19
    spectral_energy:
        dmean: 0.00203118147328
        dmean2: 0.00299054780044
        dvar: 7.76460365159e-06
        dvar2: 1.75365530595e-05
        max: 0.0180231444538
        mean: 0.00332442368381
        min: 1.75541936187e-05
        var: 1.2098089428e-05
    spectral_energyband_high:
        dmean: 0.000211948616197
        dmean2: 0.000333281757776
        dvar: 1.0799085004e-07
        dvar2: 2.48923868185e-07
        max: 0.00325091253035
        mean: 0.000317608180922
        min: 4.52363124737e-08
        var: 1.78893898806e-07
    spectral_energyband_low:
        dmean: 0.000252932892181
        dmean2: 0.000432848959463
        dvar: 2.74962815183e-07
        dvar2: 7.55020323595e-07
        max: 0.00429482478648
        mean: 0.00028621222009
        min: 7.71406121203e-08
        var: 2.53878425838e-07
    spectral_energyband_middle_high:
        dmean: 0.000490763282869
        dmean2: 0.000699913071003
        dvar: 3.32340619025e-07
        dvar2: 6.28767736544e-07
        max: 0.00571713177487
        mean: 0.000881865096744
        min: 2.08067854146e-06
        var: 9.86583017948e-07
    spectral_energyband_middle_low:
        dmean: 0.00140373839531
        dmean2: 0.00213495572098
        dvar: 4.81244251205e-06
        dvar2: 1.14857457447e-05
        max: 0.0162342544645
        mean: 0.0018387385644
        min: 6.52028029435e-06
        var: 6.53807592244e-06
    spectral_flatness_db:
        dmean: 0.0265204217285
        dmean2: 0.0420281179249
        dvar: 0.000614476506598
        dvar2: 0.00145120650996
        max: 0.328212171793
        mean: 0.161365881562
        min: 0.0683755651116
        var: 0.00231727375649
    spectral_flux:
        dmean: 0.0145698515698
        dmean2: 0.0209057573229
        dvar: 0.000265992188361
        dvar2: 0.000553575402591
        max: 0.123537831008
        mean: 0.0402647517622
        min: 0.00418977253139
        var: 0.000501984090079
    spectral_kurtosis:
        dmean: 1.41698825359
        dmean2: 2.29087162018
        dvar: 2.92362046242
        dvar2: 6.3090171814
        max: 22.0946464539
        mean: 2.69203782082
        min: -1.28925335407
        var: 5.13508987427
    spectral_rms:
        dmean: 0.000537629995961
        dmean2: 0.000743397162296
        dvar: 3.26410429352e-07
        dvar2: 6.61261367441e-07
        max: 0.00419327523559
        mean: 0.00158017000649
        min: 0.000130866508698
        var: 7.46405191876e-07
    spectral_rolloff:
        dmean: 915.885131836
        dmean2: 1536.71972656
        dvar: 1202650.625
        dvar2: 2531144
        max: 9905.2734375
        mean: 2855.89086914
        min: 107.666015625
        var: 2729913.25
    spectral_skewness:
        dmean: 0.309320300817
        dmean2: 0.467836469412
        dvar: 0.0903080776334
        dvar2: 0.191797271371
        max: 3.84506964684
        mean: 1.25939106941
        min: -0.215261936188
        var: 0.251049667597
    spectral_spread:
        dmean: 1019030.4375
        dmean2: 1546742.875
        dvar: 1.31639934976e+12
        dvar2: 2.8964856791e+12
        max: 15627366
        mean: 5620294
        min: 2990274.5
        var: 3.09187654451e+12
    spectral_strongpeak:
        dmean: 0.296115636826
        dmean2: 0.496909379959
        dvar: 0.197402834892
        dvar2: 0.530861020088
        max: 3.09306502342
        mean: 0.39135876298
        min: 0.00599132943898
        var: 0.242619156837
    zerocrossingrate:
        dmean: 0.017055856064
        dmean2: 0.0194120183587
        dvar: 0.000266241200734
        dvar2: 0.000340075464919
        max: 0.29345703125
        mean: 0.0898505300283
        min: 0.01025390625
        var: 0.00166115665343
    barkbands:
        dmean: [1.71505490698e-07, 8.07070391602e-05, 0.000211818653042, 0.000268566713203, 0.000318390491884, 0.000457416550489, 0.000338680576533, 0.000292419397738, 0.000153109896928, 9.88923056866e-05, 7.73838328314e-05, 5.74010155105e-05, 3.46739434463e-05, 4.05467799283e-05, 4.29487263318e-05, 5.94495213591e-05, 4.64745317004e-05, 6.54983523418e-05, 0.000111649431346, 0.000158328592079, 0.000110986591608, 3.15123797918e-05, 3.61901584256e-06, 2.41076486418e-06, 2.548682005e-06, 1.56330145273e-07, 1.81098691598e-10]
        dmean2: [2.70003226888e-07, 0.000130055908812, 0.000381702557206, 0.000481141207274, 0.000520601752214, 0.000748133461457, 0.000543285219464, 0.000469376216643, 0.0002482488635, 0.000154392080731, 0.000124212543597, 8.81838786881e-05, 5.63496432733e-05, 6.37386692688e-05, 6.95467824698e-05, 9.40035824897e-05, 7.35763896955e-05, 0.00010743796156, 0.000160565658007, 0.000236523672356, 0.000177164110937, 4.99481539009e-05, 5.39509665032e-06, 3.76212346964e-06, 4.28017938248e-06, 2.82021971998e-07, 3.17772058667e-10]
        dvar: [1.23499572114e-13, 2.73620166524e-08, 2.02578931408e-07, 5.12213432557e-07, 4.61880290459e-07, 1.33023979743e-06, 5.54249879769e-07, 7.11902828243e-07, 1.3317580283e-07, 6.85751047058e-08, 3.93584898006e-08, 1.32645974205e-08, 4.64637084363e-09, 9.91950965812e-09, 1.52172674461e-08, 1.6151354032e-08, 4.83148809849e-09, 1.14795302153e-08, 3.12871151209e-08, 7.15445480637e-08, 3.09742773652e-08, 2.08133954516e-09, 2.04742143378e-11, 1.83907125639e-11, 2.9607771096e-11, 1.70266253353e-13, 2.80544069162e-19]
        dvar2: [2.58616533137e-13, 6.83480294583e-08, 5.78739559387e-07, 1.49988602516e-06, 1.12571797217e-06, 3.15143688567e-06, 1.2754483123e-06, 1.70278860878e-06, 3.50877940036e-07, 1.53178945084e-07, 9.73767058099e-08, 3.00447418056e-08, 1.21054686275e-08, 2.11129034255e-08, 3.81855578269e-08, 3.92649077696e-08, 1.21365451022e-08, 2.67202633353e-08, 7.18079036233e-08, 1.65088010817e-07, 7.76708617423e-08, 5.11305131567e-09, 4.5069482868e-11, 3.96078864151e-11, 6.80459646962e-11, 4.52246150685e-13, 4.53949637435e-19]
        max: [3.66066115021e-06, 0.00133232271764, 0.00336478976533, 0.00647737365216, 0.00501384818926, 0.0148259783164, 0.00766608724371, 0.00865995977074, 0.00383599149063, 0.00325069739483, 0.00207122787833, 0.00105311640073, 0.00069585966412, 0.00120725424495, 0.00146555772517, 0.00123743666336, 0.000593099219259, 0.00102508510463, 0.00225171074271, 0.00322679616511, 0.00143033312634, 0.000519392429851, 4.43272110715e-05, 7.6706695836e-05, 6.65368424961e-05, 2.72399347523e-06, 9.41723765635e-09]
        mean: [1.79744603201e-07, 8.08740514913e-05, 0.000205161632039, 0.000208907295018, 0.000305226247292, 0.000471982115414, 0.000356184289558, 0.000317511265166, 0.000164346885867, 0.000108017105958, 7.51623811084e-05, 6.19789643679e-05, 3.53070936399e-05, 4.07738298236e-05, 4.39112263848e-05, 7.3323630204e-05, 6.4203668444e-05, 9.89788823063e-05, 0.000174148590304, 0.000237198168179, 0.00014314573491, 4.58648464701e-05, 6.12123403698e-06, 3.14934868584e-06, 2.64728623733e-06, 1.21645328477e-07, 1.4634581047e-10]
        min: [1.78800710349e-10, 2.30256240741e-08, 5.26970147519e-08, 1.19003452426e-07, 7.04351975855e-07, 6.9978460715e-07, 6.07829178989e-07, 3.35240486038e-07, 1.44617700926e-07, 1.46173206872e-08, 2.93002031526e-08, 9.61634327723e-08, 1.1079755069e-07, 9.32993060587e-08, 4.62520688416e-08, 2.02161004381e-07, 3.28545695538e-07, 4.77162060974e-08, 9.66013402603e-08, 8.89424498496e-08, 1.55757291509e-08, 1.7399873542e-08, 5.72919711672e-10, 5.46432732396e-10, 7.53108686524e-10, 7.59365070824e-11, 5.06172455838e-14]
        var: [1.61467979829e-13, 2.6586382873e-08, 1.59850458203e-07, 3.22166101796e-07, 4.64146438617e-07, 1.48606443418e-06, 6.84958024522e-07, 8.49486866628e-07, 1.30029519596e-07, 8.94478446867e-08, 3.83169158624e-08, 1.69961236196e-08, 4.59580196122e-09, 1.25629231462e-08, 1.5083223559e-08, 1.96238900685e-08, 7.22214643645e-09, 2.41954563052e-08, 7.72179262754e-08, 1.30057443926e-07, 4.13890113293e-08, 4.22193791039e-09, 5.47381688587e-11, 3.68768592052e-11, 4.09002588742e-11, 1.22721941658e-13, 2.60445855024e-19]
    mfcc:
        mean: [-755.098815918, 99.1524581909, -23.7920398712, 54.7292480469, -25.6008682251, -7.20054864883, -2.25658202171, -8.72298812866, -0.115170665085, -6.29323005676, -3.93865156174, -2.38441419601, -1.36629652977]
        cov: [[4607.27490234, -388.625366211, -335.843536377, -100.803726196, -252.641662598, 26.2497844696, 0.739182472229, -28.6648464203, 0.880958914757, 42.3309288025, -58.8959960938, -69.8761901855, -42.2846984863], [-388.625366211, 1180.39221191, -6.23415184021, -226.742996216, -237.184326172, -142.974395752, -15.8600063324, -46.7224960327, -73.4177398682, -48.2238464355, -55.1352462769, -8.89734649658, 48.3673973083], [-335.843536377, -6.23415184021, 479.257476807, 86.4234848022, -10.2663202286, -16.0563220978, 52.237865448, 56.5558929443, 24.5610790253, -11.2150812149, 15.2290525436, 17.1754322052, -10.4909944534], [-100.803726196, -226.742996216, 86.4234848022, 510.03024292, 164.945602417, 64.3171463013, -39.858089447, 72.3942260742, 75.1388473511, 21.8149986267, 0.637576401234, 29.8442211151, 12.2528162003], [-252.641662598, -237.184326172, -10.2663202286, 164.945602417, 453.780456543, 193.193756104, 33.7127571106, 49.1096191406, 29.1653690338, -5.5150551796, 33.7364578247, 29.2667312622, 17.8852539062], [26.2497844696, -142.974395752, -16.0563220978, 64.3171463013, 193.193756104, 274.813812256, 124.535011292, 83.7739257812, 23.2546272278, -0.694920778275, 66.7247695923, 29.6060504913, -1.89457976818], [0.739182472229, -15.8600063324, 52.237865448, -39.858089447, 33.7127571106, 124.535011292, 216.554763794, 138.375259399, 17.9877967834, 24.1165523529, 75.1404876709, 20.2562122345, -3.27138900757], [-28.6648464203, -46.7224960327, 56.5558929443, 72.3942260742, 49.1096191406, 83.7739257812, 138.375259399, 252.013137817, 50.23695755, 9.27893638611, 64.1925811768, 16.9688339233, 16.2743740082], [0.880958914757, -73.4177398682, 24.5610790253, 75.1388473511, 29.1653690338, 23.2546272278, 17.9877967834, 50.23695755, 123.129295349, 54.582069397, 11.3547801971, 3.5557820797, 8.67122840881], [42.3309288025, -48.2238464355, -11.2150812149, 21.8149986267, -5.5150551796, -0.694920778275, 24.1165523529, 9.27893638611, 54.582069397, 121.665565491, 47.251247406, 5.03451347351, -0.95932751894], [-58.8959960938, -55.1352462769, 15.2290525436, 0.637576401234, 33.7364578247, 66.7247695923, 75.1404876709, 64.1925811768, 11.3547801971, 47.251247406, 116.681938171, 30.8001327515, -7.59290885925], [-69.8761901855, -8.89734649658, 17.1754322052, 29.8442211151, 29.2667312622, 29.6060504913, 20.2562122345, 16.9688339233, 3.5557820797, 5.03451347351, 30.8001327515, 61.7895698547, 22.4178314209], [-42.2846984863, 48.3673973083, -10.4909944534, 12.2528162003, 17.8852539062, -1.89457976818, -3.27138900757, 16.2743740082, 8.67122840881, -0.95932751894, -7.59290885925, 22.4178314209, 61.7960739136]]
        icov: [[0.00026318943128, 0.000128995248815, 0.000171128325746, 1.23372819871e-05, 0.000272355013294, -0.000203618910746, -1.85504777619e-05, -4.86479220854e-05, 6.62932943669e-05, -0.000147846600157, 0.000270078046015, 0.000120533331938, 1.03547627077e-05], [0.000128995248815, 0.00115015159827, 3.5682151065e-05, 0.000286580645479, 0.00052291364409, 0.00011494536011, -0.000215175445192, 1.53495766426e-05, 0.000370921159629, 0.000121698300063, 0.000326881243382, 0.000124809754197, -0.00108123966493], [0.000171128325746, 3.5682151065e-05, 0.00256854505278, -0.000588073569816, 0.000166769168573, 0.000863710185513, -0.00124637875706, 8.59645588207e-05, -0.000619922764599, 0.000897893507499, -9.48307861108e-05, -0.000638567085844, 0.000852348166518], [1.23372819871e-05, 0.000286580645479, -0.000588073569816, 0.00310062197968, -0.000644498853944, -0.000711491389666, 0.00217129290104, -0.0015922866296, -0.000677553645801, -0.000921890954487, 0.00116528687067, -0.00157912040595, 0.000565319904126], [0.000272355013294, 0.00052291364409, 0.000166769168573, -0.000644498853944, 0.00405380642042, -0.00288055185229, 0.000779294292443, 2.87584807666e-05, 0.000154355278937, 0.000127394567244, 8.79976068973e-05, 0.000293409451842, -0.00141002738383], [-0.000203618910746, 0.00011494536011, 0.000863710185513, -0.000711491389666, -0.00288055185229, 0.00861186068505, -0.0048144957982, 0.00116940261796, -0.00140930514317, 0.00275141955353, -0.00250259647146, -0.0008077826933, 0.000819306413177], [-1.85504777619e-05, -0.000215175445192, -0.00124637875706, 0.00217129290104, 0.000779294292443, -0.0048144957982, 0.0120893977582, -0.00553000578657, 0.0012362630805, -0.00274253357202, -0.000774203857873, -0.00121912744362, 0.00136790052056], [-4.86479220854e-05, 1.53495766426e-05, 8.59645588207e-05, -0.0015922866296, 2.87584807666e-05, 0.00116940261796, -0.00553000578657, 0.00850476417691, -0.0029530369211, 0.003438196145, -0.00378454383463, 0.00250629964285, -0.0031264713034], [6.62932943669e-05, 0.000370921159629, -0.000619922764599, -0.000677553645801, 0.000154355278937, -0.00140930514317, 0.0012362630805, -0.0029530369211, 0.012981983833, -0.00696334661916, 0.00332435104065, 0.000178759975825, -0.00104670657311], [-0.000147846600157, 0.000121698300063, 0.000897893507499, -0.000921890954487, 0.000127394567244, 0.00275141955353, -0.00274253357202, 0.003438196145, -0.00696334661916, 0.0149764129892, -0.00795460212976, 0.00229984661564, -0.00146647670772], [0.000270078046015, 0.000326881243382, -9.48307861108e-05, 0.00116528687067, 8.79976068973e-05, -0.00250259647146, -0.000774203857873, -0.00378454383463, 0.00332435104065, -0.00795460212976, 0.018271042034, -0.0082668652758, 0.00518929818645], [0.000120533331938, 0.000124809754197, -0.000638567085844, -0.00157912040595, 0.000293409451842, -0.0008077826933, -0.00121912744362, 0.00250629964285, 0.000178759975825, 0.00229984661564, -0.0082668652758, 0.0250575970858, -0.0107400938869], [1.03547627077e-05, -0.00108123966493, 0.000852348166518, 0.000565319904126, -0.00141002738383, 0.000819306413177, 0.00136790052056, -0.0031264713034, -0.00104670657311, -0.00146647670772, 0.00518929818645, -0.0107400938869, 0.0230551529676]]
    spectral_contrast:
        mean: [-1.69384293258e-07, 1.84775373668e-07, -1.79848740345e-07, -9.86339614428e-08, 2.0415798474e-07, 1.514261605e-08, -2.16122020902e-06, -3.58866191164e-06, 7.98005487468e-07, -2.29726239809e-07, -1.00720809471e-08, -9.327023065e-08]
        var: [0.000474712491268, 0.00120942096692, 0.00236849300563, 0.00281659513712, 0.00516938650981, 0.0138963293284, 0.0876876264811, 0.145996913314, 0.198741897941, 0.42852935195, 0.489434301853, 2.47967171669]

rhythm:
    beats_loudness:
        dmean: 0.00325752189383
        dmean2: 0.00574462953955
        dvar: 6.2937660914e-06
        dvar2: 2.20656129386e-05
        max: 0.0139095569029
        mean: 0.00568599067628
        min: 0.00143754051533
        var: 1.02492494989e-05
    beats_loudness_bass:
        dmean: 0.256647497416
        dmean2: 0.450148195028
        dvar: 0.0357914753258
        dvar2: 0.128267928958
        max: 0.731956899166
        mean: 0.207892686129
        min: 0.00271201925352
        var: 0.0553170628846
    bpm: 98.5163497925
    bpm_confidence: 0
    first_peak_bpm: 99
    first_peak_spread: 0
    first_peak_weight: 0.933333396912
    onset_rate: 5.4829916954
    second_peak_bpm: 66
    second_peak_spread: 0
    second_peak_weight: 0.0666666701436
    beats_position: [0.216492965817, 0.825143098831, 1.43379318714, 2.04244327545, 2.65109324455, 3.25974345207, 3.86839342117, 4.47704362869, 5.08569383621, 5.98986101151, 6.59917593002, 7.20849132538, 7.81780576706, 8.42712116241, 9.03643608093, 9.64575099945]
    bpm_estimates: [98.6622390747, 98.8218765259, 98.7466659546, 98.3239517212, 98.77709198, 97.6541900635, 99.0788497925, 98.5538330078, 98.4468154907, 98.5202102661, 98.34375, 98.5567398071, 98.4266815186, 98.318862915, 98.3757629395, 98.6544418335, 98.5160980225]
    bpm_intervals: [0.608650147915, 0.60865008831, 0.60865008831, 0.608649969101, 0.60865020752, 0.608649969101, 0.60865020752, 0.60865020752, 0.904167175293, 0.609314918518, 0.609315395355, 0.609314441681, 0.609315395355, 0.609314918518, 0.609314918518]
    onset_times: [0.0464399084449, 0.325079351664, 0.789478480816, 0.96362811327, 1.09133791924, 1.27709746361, 1.40480720997, 1.5673469305, 1.69505667686, 1.89242625237, 2.02013611794, 2.18267583847, 2.33360552788, 2.60063481331, 2.63546490669, 2.79800462723, 2.92571425438, 3.11147403717, 3.25079369545, 3.39011335373, 3.55265307426, 3.70358276367, 3.84290242195, 4.04027223587, 4.14476203918, 4.3073015213, 4.48145103455, 4.74848079681, 5.0967798233, 5.21287965775, 5.39863967896, 5.67727899551, 5.83981847763, 5.97913837433, 6.26938772202, 6.45514726639, 6.58285713196, 6.7570066452, 6.90793657303, 7.05886602402, 7.20979595184, 7.51165533066, 7.66258525848, 7.81351470947, 7.98766422272, 8.12698459625, 8.3011341095, 8.44045352936, 8.71909332275, 8.90485286713, 9.04417228699, 9.2067117691, 9.34603214264, 9.65950107574, 9.94975090027]
    rubato_start: []
    rubato_stop: []
    perceptual_tempo: "unknown"

sfx:
    inharmonicity:
        dmean: 0.0514159686863
        dmean2: 0.0920819938183
        dvar: 0.00373397744261
        dvar2: 0.0111612519249
        max: 0.446636766195
        mean: 0.0514864474535
        min: 0
        var: 0.00367852929048
    oddtoevenharmonicenergyratio:
        dmean: 5.3472776413
        dmean2: 10.3631134033
        dvar: 994.541320801
        dvar2: 2968.07836914
        max: 449.842254639
        mean: 3.20493960381
        min: 0
        var: 506.586761475
    pitch_after_max_to_before_max_energy_ratio: 65.8347854614
    pitch_centroid: 230.839859009
    pitch_max_to_total: 0.0185185186565
    pitch_min_to_total: 0.766203701496
    tristimulus:
        dmean: [0.239866271615, 0.26215711236, 0.15292082727]
        dmean2: [0.424395561218, 0.457704812288, 0.270217359066]
        dvar: [0.0423338152468, 0.0501078702509, 0.0253809746355]
        dvar2: [0.11220920831, 0.126679226756, 0.0694327056408]
        max: [1, 0.971293151379, 0.764247477055]
        mean: [0.360484063625, 0.433046340942, 0.153128519654]
        min: [0.00164239678998, 0, 0]
        var: [0.0643720477819, 0.0709334015846, 0.0329065769911]

tonal:
    chords_changes_rate: 0.161290317774
    chords_number_rate: 0.0506912432611
    chords_strength:
        dmean: 0.0234122276306
        dmean2: 0.0325362868607
        dvar: 0.00030612028786
        dvar2: 0.000663292594254
        max: 0.574193060398
        mean: 0.416737437248
        min: 0.262525469065
        var: 0.00451781554148
    key_strength: 0.337054997683
    tuning_diatonic_strength: 0.304195255041
    tuning_equal_tempered_deviation: 0.23628538847
    tuning_frequency: 432.940917969
    tuning_nontempered_energy_ratio: 0.875416338444
    hpcp:
        dmean: [0.191379413009, 0.199226737022, 0.221938803792, 0.211110234261, 0.229752078652, 0.238362923265, 0.218131378293, 0.204336389899, 0.226191610098, 0.230616405606, 0.212220445275, 0.217287674546, 0.264056414366, 0.269260376692, 0.206827610731, 0.180830582976, 0.188563138247, 0.204335510731, 0.201060175896, 0.15601952374, 0.178102552891, 0.21586291492, 0.199296966195, 0.198234051466, 0.202736437321, 0.223689451814, 0.206939414144, 0.178723841906, 0.163622438908, 0.161963403225, 0.211520314217, 0.227578252554, 0.226798951626, 0.227480605245, 0.190623447299, 0.206179410219]
        dmean2: [0.330318361521, 0.345247834921, 0.387457489967, 0.361796826124, 0.418479859829, 0.420933961868, 0.381081044674, 0.354371935129, 0.393839001656, 0.394926905632, 0.380162745714, 0.38813495636, 0.481243789196, 0.492270112038, 0.369941860437, 0.321185737848, 0.328831583261, 0.349654853344, 0.349882900715, 0.27466621995, 0.304284781218, 0.380560904741, 0.358184069395, 0.346287548542, 0.354831844568, 0.398185878992, 0.364197492599, 0.307216405869, 0.27712777257, 0.278845489025, 0.373267382383, 0.405285090208, 0.40992218256, 0.417584240437, 0.328421086073, 0.355186581612]
        dvar: [0.0505589209497, 0.0548628345132, 0.0564792826772, 0.0547331981361, 0.0624479800463, 0.0661157518625, 0.0571560524404, 0.0547262765467, 0.0563967749476, 0.0565544590354, 0.0518367104232, 0.0550556704402, 0.081107839942, 0.0802965015173, 0.051515031606, 0.0525116883218, 0.0458111949265, 0.0594264417887, 0.0574901178479, 0.0339331813157, 0.0489487573504, 0.0642559602857, 0.0471106804907, 0.0459244921803, 0.0538094490767, 0.0682919174433, 0.0521815121174, 0.0472847856581, 0.0440227426589, 0.0369634106755, 0.0579709745944, 0.0695539861917, 0.0583598278463, 0.0675752535462, 0.0494078435004, 0.054610863328]
        dvar2: [0.12944124639, 0.148682519794, 0.15441454947, 0.14593757689, 0.161513596773, 0.186354413629, 0.145219996572, 0.148134037852, 0.152720972896, 0.150927826762, 0.144313797355, 0.157522425056, 0.225545316935, 0.221761077642, 0.144009500742, 0.135896474123, 0.115138806403, 0.164534240961, 0.154147729278, 0.0914517864585, 0.140563085675, 0.164939031005, 0.131848275661, 0.12990771234, 0.155340880156, 0.184737980366, 0.139899373055, 0.131433874369, 0.113126046956, 0.0966134890914, 0.133821293712, 0.180599927902, 0.16132953763, 0.202812954783, 0.152033105493, 0.150533095002]
        max: [1, 1, 1, 1, 1, 1, 1, 1, 1, 1, 1, 1, 1, 1, 1, 1, 1, 1, 1, 1, 1, 1, 1, 1, 1, 1, 1, 1, 1, 0.912902593613, 1, 1, 1, 1, 1, 1]
        mean: [0.227621644735, 0.230180561543, 0.258327841759, 0.250977009535, 0.234313800931, 0.24853104353, 0.247275829315, 0.235680580139, 0.245167136192, 0.249770015478, 0.227591589093, 0.217462420464, 0.243176802993, 0.256537169218, 0.21968986094, 0.199525356293, 0.20489770174, 0.224536001682, 0.225086420774, 0.175284162164, 0.175841987133, 0.214923858643, 0.224175840616, 0.215167492628, 0.219665527344, 0.229824259877, 0.212725743651, 0.19375012815, 0.166177138686, 0.1718531847, 0.228376418352, 0.238679811358, 0.218307763338, 0.203810483217, 0.199018657207, 0.220944136381]
        min: [0.00147466734052, 0.00105582841206, 0.00122832728084, 0.00115583196748, 0.000663196900859, 0.000870270829182, 0.00272617698647, 0.00305803655647, 0.00430393777788, 0.00135907169897, 0.000616089440882, 0.000294026627671, 0.000439246592578, 0.000577354279812, 0.000413110625232, 0.00112118525431, 0.00304921343923, 0.0023956366349, 0.00194606662262, 0.000337346689776, 0.000217894237721, 0.00059477094328, 0, 0.000353404757334, 0.000306687463308, 0.00033124955371, 0.000130073633045, 0.000159307266586, 0.000314975215588, 0.000373106624465, 0.000527445983607, 0.000449230050435, 0.000398495845729, 0.00286878971383, 0.00155990931671, 0.00226555182599]
        var: [0.0645852982998, 0.0639680325985, 0.0708886384964, 0.0693807452917, 0.0690059363842, 0.0743151903152, 0.0654324442148, 0.0615306086838, 0.0675174444914, 0.0700613483787, 0.0568375773728, 0.0562674999237, 0.0770777091384, 0.0804255902767, 0.0565303117037, 0.0583138503134, 0.0547184236348, 0.0670791566372, 0.0684459283948, 0.0397507995367, 0.0511388108134, 0.0724948123097, 0.0642534196377, 0.0626385435462, 0.0625717416406, 0.0736014395952, 0.0619929805398, 0.0569989308715, 0.0483681336045, 0.0423724278808, 0.0731966942549, 0.0728211775422, 0.0587663166225, 0.0602939873934, 0.048977393657, 0.0666525736451]
    chords_histogram: [23.9631328583, 1.38248848915, 5.0691242218, 0.460829496384, 0.921658992767, 0, 0, 0, 11.9815664291, 11.9815664291, 7.8341012001, 1.38248848915, 13.8248844147, 7.37327194214, 0, 0, 0, 11.520737648, 0, 0, 0.921658992767, 0, 0, 1.38248848915]
    thpcp: [1, 0.97154456377, 0.907040417194, 0.962076127529, 0.957217097282, 0.912331342697, 0.94905424118, 0.966872215271, 0.881018400192, 0.841807901859, 0.941349565983, 0.993068218231, 0.850430428982, 0.772372663021, 0.793169260025, 0.869190096855, 0.871320784092, 0.678533732891, 0.680693149567, 0.831981003284, 0.867795884609, 0.832924127579, 0.850336253643, 0.889661192894, 0.82347202301, 0.750016450882, 0.643280029297, 0.665252268314, 0.884056568146, 0.923941493034, 0.845080256462, 0.788960576057, 0.770411193371, 0.855285823345, 0.881134748459, 0.891040444374]
    chords_key: "A#"
    chords_scale: "minor"
    key_key: "A#"
    key_scale: "minor"
    chords_progression: ["F", "F", "F", "Am", "Am", "Am", "Am", "Am", "F", "F", "F", "F", "F", "F", "F", "F", "F", "F", "F", "F", "F", "F", "F", "F", "Am", "F", "F", "Am", "Am", "Am", "Am", "Am", "Am", "Am", "Am", "Am", "Am", "Am", "F", "F", "F", "F", "F", "Fm", "Cm", "G#", "Fm", "Fm", "Fm", "G", "G", "G", "G", "Fm", "Fm", "Fm", "Fm", "Fm", "Fm", "Fm", "Em", "C", "Cm", "C", "C", "Em", "Em", "Em", "Em", "Em", "Em", "Em", "Em", "Em", "Em", "Em", "Em", "Em", "Em", "Em", "Em", "Em", "Em", "Em", "Em", "Em", "Em", "Em", "Em", "Em", "Em", "Em", "Em", "Em", "G#m", "G#m", "G", "G", "G", "G", "G", "G", "G", "G", "G", "G", "G", "G", "F#", "F#", "F#", "A#m", "A#m", "A#m", "A", "A", "A", "A#m", "A#m", "A", "A#m", "A#m", "A#m", "A#m", "A#m", "A#m", "A#m", "A#m", "A#m", "A#m", "A#m", "A#m", "A#m", "A#m", "A#m", "A#m", "A#m", "A#m", "A#m", "A#m", "A#m", "A#m", "C#", "C#", "C#", "Dm", "Dm", "Dm", "Dm", "Dm", "Dm", "Dm", "Dm", "Dm", "Dm", "Dm", "Dm", "Dm", "Dm", "Dm", "Dm", "Dm", "Dm", "Dm", "Dm", "Dm", "A", "A", "A", "A", "A", "A", "A", "A", "A", "A", "A", "A", "A", "A", "A", "A", "A#m", "A#m", "A#m", "A#m", "A#m", "A#m", "A#m", "A#m", "A#m", "A#m", "A", "A#m", "A", "A", "Dm", "Dm", "Dm", "Dm", "Dm", "A", "A", "A#m", "A#m", "A#m", "A#m", "A#m", "A#m", "A#m", "A#m", "A#m", "A#m", "A#m", "A#m", "A#m", "A#m"]
