
metadata:
    version:
        essentia: "1.2.2"
    audio_properties:
        analysis_sample_rate: 44100
        bitrate: 128
        channels: 2
        equal_loudness: 1
        length: 10.0310201645
        replay_gain: -12.4315509796
        downmix: "mix"
    tags:
        track: 31
        year: 0
        album: "Splitted by Mp3Splt v. 2.1"
        artist: "From 005.00 To 005.10"
        comment: "http://mp3splt.sf.net"
        genre: ""
        title: "01 Crystal.mp3"

highlevel:
    ballroom:
        all:
            ChaChaCha: 0.0515103451908
            Jive: 0.346839547157
            Quickstep: 0.111396208405
            Rumba-American: 0.0164897833019
            Rumba-International: 0.120117977262
            Rumba-Misc: 0.0959107503295
            Samba: 0.149010926485
            Tango: 0.00994141027331
            VienneseWaltz: 0.080290786922
            Waltz: 0.0184922777116
        probability: 0.346839547157
        value: "Jive"
    culture:
        all:
            non_western: 0.193875223398
            western: 0.806124806404
        probability: 0.806124806404
        value: "western"
    gender:
        all:
            female: 0.655838668346
            male: 0.344161331654
        probability: 0.655838668346
        value: "female"
    genre_dortmund:
        all:
            alternative: 0.333290278912
            blues: 0.00183534482494
            electronic: 0.0447679013014
            folkcountry: 0.0323827378452
            funksoulrnb: 0.0138633726165
            jazz: 0.00781321339309
            pop: 0.0759939700365
            raphiphop: 0.00185915105976
            rock: 0.488194048405
        probability: 0.488194048405
        value: "rock"
    genre_electronica:
        all:
            ambient: 0.257162839174
            dnb: 0.0755417272449
            house: 0.00434294110164
            techno: 0.00618776818737
            trance: 0.656764686108
        probability: 0.656764686108
        value: "trance"
    genre_rosamerica:
        all:
            cla: 0.00220288429409
            dan: 0.0239725336432
            hip: 0.0015267933486
            jaz: 0.00323090166785
            pop: 0.0209644474089
            rhy: 0.00651291571558
            roc: 0.940052390099
            spe: 0.00153710506856
        probability: 0.940052390099
        value: "roc"
    genre_tzanetakis:
        all:
            blu: 0.00702576665208
            cla: 0.0191801264882
            cou: 0.0818903148174
            dis: 0.0487486422062
            hip: 0.0121363578364
            jaz: 0.174917399883
            met: 0.0373158603907
            pop: 0.251881033182
            reg: 0.0390482060611
            roc: 0.327856302261
        probability: 0.327856302261
        value: "roc"
    live_studio:
        all:
            live: 0.953530430794
            studio: 0.0464695580304
        probability: 0.953530430794
        value: "live"
    mood:
        all:
            Cluster1: 0.536998450756
            Cluster2: 0.0554325804114
            Cluster3: 0.133684560657
            Cluster4: 0.0229531694204
            Cluster5: 0.250931233168
        probability: 0.536998450756
        value: "Cluster1"
    mood_acoustic:
        all:
            acoustic: 0.0858203172684
            not_acoustic: 0.914179682732
        probability: 0.914179682732
        value: "not_acoustic"
    mood_aggressive:
        all:
            aggressive: 0.338325232267
            not_aggressive: 0.66167473793
        probability: 0.66167473793
        value: "not_aggressive"
    mood_electronic:
        all:
            electronic: 0.296347856522
            not_electronic: 0.703652143478
        probability: 0.703652143478
        value: "not_electronic"
    mood_happy:
        all:
            happy: 0.78408831358
            not_happy: 0.21591168642
        probability: 0.78408831358
        value: "happy"
    mood_party:
        all:
            not_party: 0.740315556526
            party: 0.259684443474
        probability: 0.740315556526
        value: "not_party"
    mood_relaxed:
        all:
            not_relaxed: 0.293202012777
            relaxed: 0.70679795742
        probability: 0.70679795742
        value: "relaxed"
    mood_sad:
        all:
            not_sad: 0.373304873705
            sad: 0.626695096493
        probability: 0.626695096493
        value: "sad"
    rhythm:
        all:
            fast: 0.0975404679775
            medium: 0.588136255741
            slow: 0.314323246479
        probability: 0.588136255741
        value: "medium"
    speech_music:
        all:
            music: 0.972206652164
            speech: 0.0277933571488
        probability: 0.972206652164
        value: "music"
    timbre:
        all:
            bright: 0.23240454495
            dark: 0.767595469952
        probability: 0.767595469952
        value: "dark"
    voice_instrumental:
        all:
            instrumental: 0.0470489598811
            voice: 0.952951014042
        probability: 0.952951014042
        value: "voice"

lowlevel:
    average_loudness: 0.98368281126
    barkbands_kurtosis:
        dmean: 1.25520515442
        dmean2: 1.86532735825
        dvar: 2.52641797066
        dvar2: 4.33529996872
        max: 18.8557338715
        mean: 2.03123879433
        min: -1.70840442181
        var: 9.39960098267
    barkbands_skewness:
        dmean: 0.331391453743
        dmean2: 0.505738854408
        dvar: 0.12167108804
        dvar2: 0.239311799407
        max: 4.17608737946
        mean: 1.19392645359
        min: -0.688476920128
        var: 0.52244246006
    barkbands_spread:
        dmean: 4.68845796585
        dmean2: 6.71282720566
        dvar: 30.0712051392
        dvar2: 51.0760002136
        max: 47.1171302795
        mean: 19.6741943359
        min: 6.35257053375
        var: 82.2005844116
    dissonance:
        dmean: 0.0185371600091
        dmean2: 0.0308424569666
        dvar: 0.000282344350126
        dvar2: 0.00082473346265
        max: 0.499999940395
        mean: 0.469577968121
        min: 0.373542606831
        var: 0.000563442474231
    hfc:
        dmean: 1.55704450607
        dmean2: 2.3173365593
        dvar: 5.41201496124
        dvar2: 10.3947086334
        max: 18.6378269196
        mean: 5.06353187561
        min: 0.0190975088626
        var: 9.67463970184
    pitch:
        dmean: 336.730682373
        dmean2: 639.331481934
        dvar: 699008.75
        dvar2: 1706738.25
        max: 4009.09082031
        mean: 446.221679688
        min: 51.8823547363
        var: 622178.0625
    pitch_instantaneous_confidence:
        dmean: 0.0752167478204
        dmean2: 0.121235504746
        dvar: 0.00439904211089
        dvar2: 0.0117359980941
        max: 0.665175795555
        mean: 0.336846470833
        min: 0.136650502682
        var: 0.0123831136152
    pitch_salience:
        dmean: 0.0522313788533
        dmean2: 0.0800198316574
        dvar: 0.0017864909023
        dvar2: 0.00474785128608
        max: 0.826587855816
        mean: 0.672372043133
        min: 0.340292483568
        var: 0.00499854888767
    silence_rate_20dB:
        dmean: 0
        dmean2: 0
        dvar: 0
        dvar2: 0
        max: 1
        mean: 1
        min: 1
        var: 0
    silence_rate_30dB:
        dmean: 0
        dmean2: 0
        dvar: 0
        dvar2: 0
        max: 1
        mean: 1
        min: 1
        var: 0
    silence_rate_60dB:
        dmean: 0.0208333339542
        dmean2: 0.041763342917
        dvar: 0.0203992519528
        dvar2: 0.0446593239903
        max: 1
        mean: 0.0300230942667
        min: 0
        var: 0.0291216429323
    spectral_centroid:
        dmean: 169.89213562
        dmean2: 248.647293091
        dvar: 45478.9140625
        dvar2: 87187.984375
        max: 1965.21130371
        mean: 774.191772461
        min: 284.553619385
        var: 102972.445312
    spectral_complexity:
        dmean: 3.3735499382
        dmean2: 5.39767456055
        dvar: 14.707362175
        dvar2: 27.2163009644
        max: 42
        mean: 15.3657407761
        min: 0
        var: 45.6023178101
    spectral_crest:
        dmean: 1.56398117542
        dmean2: 2.43845558167
        dvar: 2.29804944992
        dvar2: 4.82154226303
        max: 17.0086669922
        mean: 7.50832843781
        min: 2.7507121563
        var: 7.72191286087
    spectral_decrease:
        dmean: 2.22435458941e-10
        dmean2: 3.30595661957e-10
        dvar: 4.91794481703e-20
        dvar2: 9.78214874364e-20
        max: -1.73231828188e-11
        mean: -1.55676238567e-09
        min: -2.86044077313e-09
        var: 1.87735503033e-19
    spectral_energy:
        dmean: 0.000937796954531
        dmean2: 0.00140092568472
        dvar: 9.76838009592e-07
        dvar2: 1.88110459476e-06
        max: 0.01248646155
        mean: 0.00633485801518
        min: 6.71137968311e-05
        var: 3.3087023894e-06
    spectral_energyband_high:
        dmean: 6.29089845461e-05
        dmean2: 9.56528529059e-05
        dvar: 6.49991971358e-09
        dvar2: 1.42293217209e-08
        max: 0.00052763329586
        mean: 0.000101046040072
        min: 4.49391421853e-07
        var: 8.19527112839e-09
    spectral_energyband_low:
        dmean: 0.000288278533844
        dmean2: 0.000442763091996
        dvar: 1.04496230335e-07
        dvar2: 2.30625232689e-07
        max: 0.00350492331199
        mean: 0.00101677945349
        min: 1.46203301483e-05
        var: 3.94049152419e-07
    spectral_energyband_middle_high:
        dmean: 0.0005345477839
        dmean2: 0.000797492568381
        dvar: 6.56519262066e-07
        dvar2: 1.26238921894e-06
        max: 0.00704419612885
        mean: 0.00162040395662
        min: 2.71373460237e-06
        var: 1.77144852387e-06
    spectral_energyband_middle_low:
        dmean: 0.000671685964335
        dmean2: 0.00103122089058
        dvar: 4.09966958159e-07
        dvar2: 8.39139829623e-07
        max: 0.00803216453642
        mean: 0.00359662529081
        min: 4.932621232e-05
        var: 1.88669389445e-06
    spectral_flatness_db:
        dmean: 0.0171016789973
        dmean2: 0.024144647643
        dvar: 0.000199995847652
        dvar2: 0.000432723289123
        max: 0.213773608208
        mean: 0.143718644977
        min: 0.086520075798
        var: 0.00063683046028
    spectral_flux:
        dmean: 0.00894839316607
        dmean2: 0.0127464020625
        dvar: 8.42983572511e-05
        dvar2: 0.00016204349231
        max: 0.0889181643724
        mean: 0.0365211851895
        min: 0.00819230079651
        var: 0.000184405711479
    spectral_kurtosis:
        dmean: 1.99659061432
        dmean2: 2.83676075935
        dvar: 2.79149055481
        dvar2: 6.11249017715
        max: 19.6751689911
        mean: 5.86780643463
        min: 1.29741048813
        var: 6.88592290878
    spectral_rms:
        dmean: 0.000184984310181
        dmean2: 0.000274886522675
        dvar: 3.79510218806e-08
        dvar2: 6.68614816846e-08
        max: 0.00349025987089
        mean: 0.00245817867108
        min: 0.000255884486251
        var: 1.37706464898e-07
    spectral_rolloff:
        dmean: 465.087005615
        dmean2: 757.517578125
        dvar: 516506.21875
        dvar2: 1022850.4375
        max: 3703.7109375
        mean: 1434.10168457
        min: 215.33203125
        var: 825927.125
    spectral_skewness:
        dmean: 0.298278748989
        dmean2: 0.418740421534
        dvar: 0.0587568953633
        dvar2: 0.111448943615
        max: 3.90316915512
        mean: 2.11531639099
        min: 1.23916387558
        var: 0.159275874496
    spectral_spread:
        dmean: 1018358.75
        dmean2: 1496397.375
        dvar: 730261749760
        dvar2: 1.79057799987e+12
        max: 9147636
        mean: 5402714.5
        min: 3110933
        var: 1.84274282086e+12
    spectral_strongpeak:
        dmean: 0.192073300481
        dmean2: 0.327834516764
        dvar: 0.104445941746
        dvar2: 0.264563381672
        max: 2.35933089256
        mean: 0.416417449713
        min: 0.0111912405118
        var: 0.1468449682
    zerocrossingrate:
        dmean: 0.00929093826562
        dmean2: 0.0113939866424
        dvar: 7.05573693267e-05
        dvar2: 8.84798209881e-05
        max: 0.0947265625
        mean: 0.0497402623296
        min: 0.009765625
        var: 0.000293252174743
    barkbands:
        dmean: [3.04347338442e-07, 7.04752528691e-05, 0.000255525927059, 0.000212407292565, 0.000306593487039, 0.000257123931078, 0.000241206667852, 0.000202316616196, 0.000222127040615, 0.000142060045619, 9.95918162516e-05, 9.26664142753e-05, 7.20365860616e-05, 6.84027763782e-05, 5.5177246395e-05, 6.98830772308e-05, 5.30716533831e-05, 8.54996251292e-05, 0.00013602594845, 9.02274477994e-05, 2.40020635829e-05, 1.07725090857e-05, 5.65028858546e-06, 3.19894093082e-06, 2.23668303079e-06, 1.34839950761e-07, 5.6373583579e-10]
        dmean2: [4.69942165182e-07, 0.000113609487016, 0.000388897256926, 0.000349056441337, 0.000463165779365, 0.000361998245353, 0.000342828541761, 0.000316578807542, 0.000365831365343, 0.000232590158703, 0.000157076065079, 0.000149152590893, 0.000113837340905, 0.000116858398542, 8.79439903656e-05, 0.000104779093817, 8.68023635121e-05, 0.000132662913529, 0.000219852852752, 0.000142150340253, 3.60300000466e-05, 1.76060693775e-05, 9.41695816437e-06, 5.01636532135e-06, 3.74929027203e-06, 2.29471510238e-07, 8.5497292579e-10]
        dvar: [1.14062893245e-13, 5.46646150568e-09, 9.13495270538e-08, 5.74136400644e-08, 1.12734767299e-07, 1.49765170931e-07, 1.34530679929e-07, 1.09565675643e-07, 7.57299005727e-08, 4.77624872985e-08, 2.13416289085e-08, 4.77163304424e-08, 2.74004445799e-08, 1.40683056316e-08, 7.01887348242e-09, 1.38782896286e-08, 1.07780229186e-08, 1.46637431087e-08, 6.95816524399e-08, 2.17466915586e-08, 1.02977626426e-09, 2.02292141371e-10, 4.51199633211e-11, 1.30645910756e-11, 7.9750988799e-12, 2.565703116e-14, 1.58930429711e-17]
        dvar2: [2.60126555712e-13, 1.20035519302e-08, 1.97351766928e-07, 1.34583089562e-07, 2.67330506176e-07, 2.80211310155e-07, 2.23559453616e-07, 2.80047373735e-07, 1.65147284292e-07, 1.1971039271e-07, 5.50135332844e-08, 8.24221260132e-08, 6.32587386917e-08, 4.02799855692e-08, 1.66970881565e-08, 2.86589791898e-08, 1.96924325735e-08, 3.45417632275e-08, 1.44284356907e-07, 4.73023789027e-08, 2.14542295041e-09, 5.11869546749e-10, 1.1609373185e-10, 3.20480517124e-11, 2.15178881657e-11, 6.61869918681e-14, 1.60658277662e-17]
        max: [3.62986202163e-06, 0.00069903669646, 0.0034312158823, 0.00279867276549, 0.00383315072395, 0.0056329164654, 0.00472761457786, 0.003915483132, 0.00316799385473, 0.00375072285533, 0.00190219469368, 0.0037817931734, 0.00348350428976, 0.000981076736934, 0.000664925260935, 0.00113325251732, 0.000968729611486, 0.000922696432099, 0.00186351605225, 0.0010806088103, 0.000244723400101, 9.46882646531e-05, 4.11623695982e-05, 2.20493639063e-05, 2.00489084818e-05, 1.09386348868e-06, 8.30494784054e-08]
        mean: [5.49420064999e-07, 0.000194365682546, 0.000821871450171, 0.000457517540781, 0.000830679084174, 0.000664310937282, 0.000680112163536, 0.000405463622883, 0.000517317675985, 0.000282424560282, 0.000202887124033, 0.000194500331418, 0.000139140975079, 0.0001117548818, 0.000106285144284, 0.000143340119394, 9.6415700682e-05, 0.000134898073156, 0.000166811456438, 0.000118585878226, 3.93137743231e-05, 1.31577216962e-05, 5.84587223784e-06, 4.17803494202e-06, 2.95614267998e-06, 1.77423260084e-07, 6.787437834e-10]
        min: [5.65528468499e-09, 8.76142166817e-07, 9.86140094028e-06, 2.1759392439e-06, 1.78191257874e-05, 1.15578745863e-06, 8.26518032682e-07, 2.32151478485e-07, 3.39350592071e-08, 2.37593241081e-07, 4.49168027217e-07, 1.94241124518e-07, 2.99814672644e-07, 5.85018966603e-08, 5.73257281644e-08, 3.78111565169e-07, 1.27733272848e-07, 2.93615755709e-07, 3.98892154863e-07, 3.17437638842e-07, 2.78203401649e-07, 2.67773270224e-08, 1.70815965816e-08, 1.15374110266e-08, 2.28512639922e-08, 7.36786909261e-10, 3.01474990805e-12]
        var: [3.99193997086e-13, 2.34306156699e-08, 4.08796012152e-07, 1.56187056177e-07, 5.23122025697e-07, 6.34067077954e-07, 7.00033581325e-07, 2.06531268532e-07, 2.29760658499e-07, 9.09933106641e-08, 4.18913295164e-08, 1.36139263418e-07, 6.64750956503e-08, 1.68712173121e-08, 1.44931222579e-08, 4.48234693806e-08, 1.78582961752e-08, 2.66889088607e-08, 7.98776440547e-08, 2.6806187492e-08, 1.36889455327e-09, 1.88477886076e-10, 3.95430493905e-11, 1.65986252521e-11, 7.32437721584e-12, 2.46768107521e-14, 1.58901461846e-17]
    mfcc:
        mean: [-693.387634277, 143.122039795, -21.5370559692, 30.1539745331, -11.4449176788, -8.3931722641, 2.82579541206, -2.79045152664, -0.919762313366, -0.60269421339, -2.97671079636, -4.24293899536, -3.19965028763]
        cov: [[970.19354248, -363.447967529, -273.274627686, -65.7046356201, 33.7113647461, -5.51043462753, 3.2596848011, 4.55563926697, -67.30859375, 41.9197463989, -23.5502643585, -13.742269516, -11.376868248], [-363.447967529, 409.135650635, -61.2676582336, -27.5517482758, -21.1233558655, 4.84076976776, -9.98569583893, -22.7876186371, 42.7759399414, -31.9798984528, 20.5563297272, -0.41576731205, 16.1578369141], [-273.274627686, -61.2676582336, 513.988037109, -7.35162353516, -85.5307617188, -22.1972045898, -33.6535072327, 24.0778121948, 0.229726657271, -2.61497330666, 5.96769189835, 33.5136184692, -16.6846790314], [-65.7046356201, -27.5517482758, -7.35162353516, 180.62828064, 20.8059558868, -41.7146492004, 7.21961450577, -16.8440666199, 9.36118412018, 6.84828567505, -2.20495939255, -21.380405426, -10.1646966934], [33.7113647461, -21.1233558655, -85.5307617188, 20.8059558868, 112.960700989, 24.3878955841, -4.70044755936, 6.45677089691, -6.77427148819, -4.80186367035, -22.4273509979, -21.4979534149, -1.36043691635], [-5.51043462753, 4.84076976776, -22.1972045898, -41.7146492004, 24.3878955841, 61.0258255005, 11.767244339, 8.21095275879, -1.17346739769, -15.3513565063, -10.5313453674, -2.3973197937, -0.344443082809], [3.2596848011, -9.98569583893, -33.6535072327, 7.21961450577, -4.70044755936, 11.767244339, 54.0208511353, 9.84568595886, -1.51002085209, 2.05034136772, 2.51295280457, 0.392626315355, -7.19360589981], [4.55563926697, -22.7876186371, 24.0778121948, -16.8440666199, 6.45677089691, 8.21095275879, 9.84568595886, 36.8614730835, 11.2321081161, 6.58509397507, -0.615823507309, -2.67652535439, -8.89201831818], [-67.30859375, 42.7759399414, 0.229726657271, 9.36118412018, -6.77427148819, -1.17346739769, -1.51002085209, 11.2321081161, 44.2187995911, 14.0992679596, 9.02528762817, -3.54786348343, -6.77641248703], [41.9197463989, -31.9798984528, -2.61497330666, 6.84828567505, -4.80186367035, -15.3513565063, 2.05034136772, 6.58509397507, 14.0992679596, 47.7978477478, 22.1469745636, 6.99338340759, 0.467633128166], [-23.5502643585, 20.5563297272, 5.96769189835, -2.20495939255, -22.4273509979, -10.5313453674, 2.51295280457, -0.615823507309, 9.02528762817, 22.1469745636, 44.4248504639, 26.3492794037, 10.7305374146], [-13.742269516, -0.41576731205, 33.5136184692, -21.380405426, -21.4979534149, -2.3973197937, 0.392626315355, -2.67652535439, -3.54786348343, 6.99338340759, 26.3492794037, 47.4591827393, 26.7029399872], [-11.376868248, 16.1578369141, -16.6846790314, -10.1646966934, -1.36043691635, -0.344443082809, -7.19360589981, -8.89201831818, -6.77641248703, 0.467633128166, 10.7305374146, 26.7029399872, 49.3417053223]]
        icov: [[0.00319495913573, 0.00281400373206, 0.00259306514636, 0.00155160715804, 0.00138984725345, 0.00100783852395, 0.00211663544178, -0.000813716964331, 0.00284796231426, -0.00187517947052, 0.00134532398079, -0.000825654249638, 0.00178210902959], [0.00281400373206, 0.00673613045365, 0.00231554685161, 0.00320323952474, 0.000595786084887, 0.00245163799264, 0.000782802584581, 0.00332252634689, -0.00416497187689, 0.00468486174941, -0.00386558566242, 0.00275903823785, -0.000636611424852], [0.00259306514636, 0.00231554685161, 0.00527469767258, -8.78875216586e-05, 0.00404570717365, -4.42752862e-05, 0.00540020177141, -0.00466758944094, 0.00373897375539, -0.00153960287571, 0.00332182669081, -0.00522604724392, 0.00429644575343], [0.00155160715804, 0.00320323952474, -8.78875216586e-05, 0.0110689187422, -0.00445100525394, 0.00946195330471, -0.00532103283331, 0.00827215146273, -0.00581381423399, 0.00334580056369, -0.00358293415047, 0.00624118139967, -0.0012109259842], [0.00138984725345, 0.000595786084887, 0.00404570717365, -0.00445100525394, 0.016618764028, -0.0086228819564, 0.00825752690434, -0.00881706178188, 0.00769203109667, -0.00559961749241, 0.00697034364566, -0.000719418399967, 0.000572341610678], [0.00100783852395, 0.00245163799264, -4.42752862e-05, 0.00946195330471, -0.0086228819564, 0.029957415536, -0.00953848659992, 0.00336945825256, -0.00776332709938, 0.01074934192, -0.00131154782139, 0.00177356146742, -0.00129089551046], [0.00211663544178, 0.000782802584581, 0.00540020177141, -0.00532103283331, 0.00825752690434, -0.00953848659992, 0.029417142272, -0.0137989940122, 0.0107615431771, -0.00540513033047, 0.00316264526919, -0.00809142086655, 0.00814501941204], [-0.000813716964331, 0.00332252634689, -0.00466758944094, 0.00827215146273, -0.00881706178188, 0.00336945825256, -0.0137989940122, 0.0462932623923, -0.0191399846226, 0.00262666703202, -0.00434893742204, 0.00644611148164, -0.000234824154177], [0.00284796231426, -0.00416497187689, 0.00373897375539, -0.00581381423399, 0.00769203109667, -0.00776332709938, 0.0107615431771, -0.0191399846226, 0.0443499907851, -0.0183033067733, 0.00379631691612, -0.0027434353251, 0.00728819146752], [-0.00187517947052, 0.00468486174941, -0.00153960287571, 0.00334580056369, -0.00559961749241, 0.01074934192, -0.00540513033047, 0.00262666703202, -0.0183033067733, 0.0435814186931, -0.0249000899494, 0.00885590910912, -0.00449618324637], [0.00134532398079, -0.00386558566242, 0.00332182669081, -0.00358293415047, 0.00697034364566, -0.00131154782139, 0.00316264526919, -0.00434893742204, 0.00379631691612, -0.0249000899494, 0.0564404241741, -0.0326555296779, 0.00797727331519], [-0.000825654249638, 0.00275903823785, -0.00522604724392, 0.00624118139967, -0.000719418399967, 0.00177356146742, -0.00809142086655, 0.00644611148164, -0.0027434353251, 0.00885590910912, -0.0326555296779, 0.0594338998199, -0.0271244067699], [0.00178210902959, -0.000636611424852, 0.00429644575343, -0.0012109259842, 0.000572341610678, -0.00129089551046, 0.00814501941204, -0.000234824154177, 0.00728819146752, -0.00449618324637, 0.00797727331519, -0.0271244067699, 0.0372294895351]]
    spectral_contrast:
        mean: [-6.25594395842e-07, 3.05767002828e-07, -1.15803061362e-07, -1.59230296504e-07, -2.68669310799e-07, 4.72559991138e-09, 8.53056974393e-07, 9.28390647914e-07, 2.95884632351e-07, 9.63815409705e-07, 5.13179429618e-06, -3.19929995385e-06]
        var: [0.000174883723957, 0.000442618445959, 0.000791342521552, 0.00185533461627, 0.00218561571091, 0.00310634193011, 0.0477826818824, 0.0964768379927, 0.140565380454, 0.164221704006, 0.245488703251, 0.5682554245]

rhythm:
    beats_loudness:
        dmean: 0.00254919123836
        dmean2: 0.00381763279438
        dvar: 4.30195950685e-06
        dvar2: 1.30920179799e-05
        max: 0.010769540444
        mean: 0.00640172464773
        min: 0.00319565576501
        var: 4.45115301773e-06
    beats_loudness_bass:
        dmean: 0.15556743741
        dmean2: 0.275278627872
        dvar: 0.00857487600297
        dvar2: 0.0271893106401
        max: 0.519441187382
        mean: 0.187328964472
        min: 0.0401432476938
        var: 0.0137686990201
    bpm: 136.489822388
    bpm_confidence: 0
    first_peak_bpm: 137
    first_peak_spread: 0
    first_peak_weight: 0.952381014824
    onset_rate: 3.68855810165
    second_peak_bpm: 90
    second_peak_spread: 0
    second_peak_weight: 0.047619048506
    beats_position: [0.0731837227941, 0.512268602848, 0.951353549957, 1.39043843746, 1.82952344418, 2.26860833168, 2.70769309998, 3.14677786827, 3.58586263657, 4.02494764328, 4.46403217316, 4.90311717987, 5.34220170975, 5.78128671646, 6.44500398636, 6.88512897491, 7.32525491714, 7.7653799057, 8.20550537109, 8.64563083649, 9.08575630188, 9.52588176727]
    bpm_estimates: [136.792205811, 136.632736206, 136.297866821, 137.268783569, 136.466842651, 136.434326172, 136.646514893, 136.843688965, 136.500701904, 134.198806763, 137.392700195, 136.410079956, 136.441635132, 136.530456543]
    bpm_intervals: [0.439084887505, 0.439084947109, 0.439084887505, 0.439085006714, 0.439084887505, 0.439084768295, 0.439084768295, 0.439084768295, 0.439085006714, 0.439084529877, 0.439085006714, 0.439084529877, 0.439085006714, 0.663717269897, 0.440124988556, 0.44012594223, 0.440124988556, 0.440125465393, 0.440125465393, 0.440125465393, 0.440125465393]
    onset_times: [0.0464399084449, 0.545668959618, 0.777868509293, 1.11455786228, 1.2190476656, 1.46285712719, 1.64861679077, 1.88081634045, 2.32199549675, 2.54258513451, 2.99537420273, 3.20435380936, 3.41333341599, 3.64553284645, 4.07510185242, 4.22603178024, 4.3073015213, 4.52789115906, 4.76009082794, 4.9806804657, 5.41024923325, 5.86303853989, 6.06040811539, 6.29260778427, 6.52480745316, 6.74539661407, 6.9543762207, 7.17496585846, 7.6277551651, 7.83673477173, 8.05732440948, 8.52172374725, 8.71909332275, 8.93968296051, 9.39247131348, 9.6014509201, 9.83365058899]
    rubato_start: []
    rubato_stop: []
    perceptual_tempo: "unknown"

sfx:
    inharmonicity:
        dmean: 0.0346575640142
        dmean2: 0.0616494007409
        dvar: 0.0023100990802
        dvar2: 0.00676465313882
        max: 0.374981343746
        mean: 0.037366732955
        min: 0.000318183418131
        var: 0.00206277216785
    oddtoevenharmonicenergyratio:
        dmean: 1.93646752834
        dmean2: 3.5756316185
        dvar: 13.7841262817
        dvar2: 38.2570266724
        max: 40.5071525574
        mean: 1.58457243443
        min: 0.000667087559123
        var: 10.5078954697
    pitch_after_max_to_before_max_energy_ratio: 21.0898895264
    pitch_centroid: 194.189682007
    pitch_max_to_total: 0.0532407425344
    pitch_min_to_total: 0.050925925374
    tristimulus:
        dmean: [0.186131417751, 0.186078265309, 0.0807373076677]
        dmean2: [0.319531172514, 0.317797154188, 0.142085939646]
        dvar: [0.0268566217273, 0.0295060519129, 0.00681352661923]
        dvar2: [0.069703631103, 0.0755132064223, 0.0185140725225]
        max: [0.942724168301, 0.910606622696, 0.574680089951]
        mean: [0.399060934782, 0.483950346708, 0.10253161937]
        min: [0.0231714565307, 0, 0]
        var: [0.0478942170739, 0.0464890487492, 0.00818976759911]

tonal:
    chords_changes_rate: 0.0322580635548
    chords_number_rate: 0.0230414755642
    chords_strength:
        dmean: 0.00815445370972
        dmean2: 0.00859512761235
        dvar: 4.03231024393e-05
        dvar2: 4.41013326054e-05
        max: 0.738136708736
        mean: 0.559946000576
        min: 0.439381927252
        var: 0.00487648509443
    key_strength: 0.814250290394
    tuning_diatonic_strength: 0.593050479889
    tuning_equal_tempered_deviation: 0.123913735151
    tuning_frequency: 439.491973877
    tuning_nontempered_energy_ratio: 0.717787742615
    hpcp:
        dmean: [0.109644606709, 0.0860660150647, 0.101074941456, 0.122659221292, 0.144409254193, 0.146660491824, 0.116325654089, 0.122559197247, 0.0932593867183, 0.089683867991, 0.0943675935268, 0.100737981498, 0.124735631049, 0.13810941577, 0.0904157236218, 0.0690441951156, 0.0777663215995, 0.111088000238, 0.137449681759, 0.128336638212, 0.105687990785, 0.0934478864074, 0.0901314392686, 0.100367747247, 0.0871872529387, 0.0981228873134, 0.14094337821, 0.148586019874, 0.134636774659, 0.0778515040874, 0.0869725421071, 0.105690829456, 0.107773676515, 0.140146717429, 0.165698215365, 0.145274266601]
        dmean2: [0.197602838278, 0.157947897911, 0.170065820217, 0.208127781749, 0.254844248295, 0.2436157763, 0.208210855722, 0.215420514345, 0.162441879511, 0.15845823288, 0.174019917846, 0.154973745346, 0.21652084589, 0.248266085982, 0.157439917326, 0.126906812191, 0.141359895468, 0.188222065568, 0.226310089231, 0.220084965229, 0.176926255226, 0.160259798169, 0.152410849929, 0.176720529795, 0.15404574573, 0.163032442331, 0.230598449707, 0.246000349522, 0.234269931912, 0.135673627257, 0.157498002052, 0.195224508643, 0.177319854498, 0.239158719778, 0.278073638678, 0.248096212745]
        dvar: [0.0318918190897, 0.0198481045663, 0.0200684592128, 0.0239406190813, 0.0376475341618, 0.0322971083224, 0.038434471935, 0.0279773361981, 0.020952321589, 0.0185780264437, 0.0247837398201, 0.0129162780941, 0.0388217046857, 0.0375932753086, 0.0173606704921, 0.01691342704, 0.0157513283193, 0.022048689425, 0.0322973690927, 0.0311077553779, 0.0294106118381, 0.0292817596346, 0.022666124627, 0.0250446721911, 0.0210879538208, 0.0160090643913, 0.0303785782307, 0.0343858748674, 0.0301413536072, 0.0143015468493, 0.0242091286927, 0.0307654496282, 0.0214886274189, 0.0355599448085, 0.0415530130267, 0.0473916754127]
        dvar2: [0.0903104841709, 0.055015143007, 0.0493569672108, 0.0583645328879, 0.100270561874, 0.0823049172759, 0.0969047993422, 0.0735485702753, 0.0549472011626, 0.0489656180143, 0.069134503603, 0.0304094068706, 0.0945049673319, 0.105655640364, 0.0495305582881, 0.047627992928, 0.0455589331686, 0.0601301006973, 0.0768697932363, 0.0840862244368, 0.0718171223998, 0.076208896935, 0.0596020147204, 0.0695831850171, 0.0571129992604, 0.0400076918304, 0.0804782509804, 0.0783415958285, 0.0816847160459, 0.0355601236224, 0.0617843419313, 0.0839500278234, 0.0566324181855, 0.0909209772944, 0.101676926017, 0.113625876606]
        max: [0.974648475647, 1, 1, 1, 1, 1, 1, 1, 0.897861838341, 0.992205440998, 1, 1, 1, 1, 0.737488865852, 1, 0.902472198009, 0.954593658447, 1, 1, 1, 1, 1, 0.942049324512, 1, 0.87258452177, 1, 1, 1, 0.821242272854, 1, 1, 1, 1, 1, 1]
        mean: [0.111451208591, 0.0805871263146, 0.134482130408, 0.166078388691, 0.149422243237, 0.268468677998, 0.338302820921, 0.20626424253, 0.116556413472, 0.102594636381, 0.0951698198915, 0.193634614348, 0.305544108152, 0.214997574687, 0.0876633450389, 0.0661218389869, 0.0789544433355, 0.171144932508, 0.239024356008, 0.178313210607, 0.126118138433, 0.10517437011, 0.100540168583, 0.113944232464, 0.097408361733, 0.116205736995, 0.281479686499, 0.356966912746, 0.198754504323, 0.0943447500467, 0.0906052216887, 0.0991843119264, 0.196460753679, 0.296577811241, 0.247099667788, 0.164433896542]
        min: [0.00189242674969, 0.00134656741284, 0.00232010241598, 0.00226823426783, 0.00157934636809, 0.00161625992041, 0.00199509784579, 0.00317989452742, 0.00247938744724, 0.00148561864626, 0.00151669338811, 0.00291669461876, 0.00380446598865, 0.00341926142573, 0.00175414781552, 0.00194377067965, 0.00228521879762, 0.00131963589229, 0.00518120359629, 0.00450459681451, 0.000890017370693, 0.00166210404132, 0.00286530237645, 0.0023640403524, 0.0010301155271, 0.000728884187993, 0.00324908643961, 0.00364453438669, 0.0022628873121, 0.000811298494227, 0.00158706761431, 0.00316366669722, 0.00271818391047, 0.0010090629803, 0.00373487500474, 0.0038123971317]
        var: [0.0279993135482, 0.0136893298477, 0.0281785540283, 0.0385443530977, 0.0336004085839, 0.0879178568721, 0.15784829855, 0.053672477603, 0.0211499985307, 0.0207187663764, 0.0223249085248, 0.050007995218, 0.13362069428, 0.0584461800754, 0.0144001804292, 0.0115482481197, 0.0123029723763, 0.0307416599244, 0.0728245005012, 0.0448850430548, 0.0383724980056, 0.0283067151904, 0.0237658061087, 0.0246740039438, 0.0193798989058, 0.019676623866, 0.0734816938639, 0.121126919985, 0.0423400364816, 0.0175086278468, 0.0225307792425, 0.0226138997823, 0.0495278313756, 0.108768455684, 0.0676360055804, 0.0545811206102]
    chords_histogram: [36.8663597107, 0, 19.8156681061, 0, 14.7465438843, 0, 14.7465438843, 0, 0, 0, 0, 0, 0, 0, 0, 0, 0, 0, 0, 0, 0, 0, 0, 13.8248844147]
    thpcp: [1, 0.556786894798, 0.264295518398, 0.253819674253, 0.27785295248, 0.550361216068, 0.830827176571, 0.69222009182, 0.46064183116, 0.312217205763, 0.225755169988, 0.376735568047, 0.465248703957, 0.418588489294, 0.752082824707, 0.947714805603, 0.577824532986, 0.326518803835, 0.287406563759, 0.266606837511, 0.542444169521, 0.855945169926, 0.602289915085, 0.245578348637, 0.185232400894, 0.221181407571, 0.479442000389, 0.669598042965, 0.499523073435, 0.353304833174, 0.294633388519, 0.281651228666, 0.319201111794, 0.272877842188, 0.325536429882, 0.788531601429]
    chords_key: "B"
    chords_scale: "major"
    key_key: "B"
    key_scale: "major"
    chords_progression: ["G#", "G#", "G#", "G#", "G#", "G#", "G#", "G#", "G#", "G#", "G#", "G#", "G#m", "G#m", "G#m", "G#m", "G#m", "G#m", "G#m", "G#m", "G#m", "G#m", "G#m", "G#m", "G#m", "G#m", "G#m", "G#m", "G#m", "B", "B", "B", "B", "B", "B", "B", "B", "B", "B", "B", "B", "B", "B", "B", "B", "B", "B", "B", "B", "B", "B", "B", "B", "B", "B", "B", "B", "B", "B", "B", "B", "B", "B", "B", "B", "F#", "F#", "F#", "F#", "F#", "F#", "F#", "F#", "F#", "F#", "F#", "F#", "F#", "F#", "F#", "F#", "F#", "F#", "F#", "F#", "F#", "F#", "F#", "F#", "F#", "F#", "F#", "F#", "F#", "F#", "F#", "F#", "F#", "F#", "F#", "F#", "F#", "F#", "F#", "F#", "F#", "F#", "F#", "C#", "C#", "C#", "C#", "C#", "C#", "C#", "C#", "C#", "C#", "C#", "C#", "C#", "C#", "C#", "C#", "C#", "C#", "C#", "C#", "C#", "C#", "C#", "C#", "C#", "C#", "C#", "C#", "C#", "C#", "C#", "C#", "G#", "G#", "G#", "G#", "G#", "G#", "G#", "G#", "G#", "G#", "G#", "G#", "G#", "G#", "G#", "G#", "G#", "G#", "G#", "G#", "G#m", "G#m", "G#m", "G#m", "G#m", "G#m", "G#m", "G#m", "G#m", "G#m", "G#m", "G#m", "G#m", "B", "B", "B", "B", "B", "B", "B", "B", "B", "B", "B", "B", "B", "B", "B", "B", "B", "B", "B", "B", "B", "B", "B", "B", "B", "B", "B", "B", "B", "B", "B", "B", "B", "B", "B", "B", "B", "B", "B", "B", "B", "B", "B", "B"]
