
metadata:
    version:
        essentia: "1.2.2"
    audio_properties:
        analysis_sample_rate: 44100
        bitrate: 128
        channels: 2
        equal_loudness: 1
        length: 10.0310201645
        replay_gain: -14.22889328
        downmix: "mix"
    tags:
        track: 8
        year: 0
        album: "Splitted by Mp3Splt v. 2.1"
        artist: "From 001.10 To 001.20"
        comment: "http://mp3splt.sf.net"
        genre: ""
        title: "11 New Dawn Fades.mp3"

highlevel:
    ballroom:
        all:
            ChaChaCha: 0.0368380062282
            Jive: 0.185398310423
            Quickstep: 0.0333964638412
            Rumba-American: 0.00903236400336
            Rumba-International: 0.0180346183479
            Rumba-Misc: 0.0139563465491
            Samba: 0.0306336171925
            Tango: 0.047656994313
            VienneseWaltz: 0.465859234333
            Waltz: 0.159194052219
        probability: 0.465859234333
        value: "VienneseWaltz"
    culture:
        all:
            non_western: 0.0626564398408
            western: 0.937343537807
        probability: 0.937343537807
        value: "western"
    gender:
        all:
            female: 0.532995581627
            male: 0.467004448175
        probability: 0.532995581627
        value: "female"
    genre_dortmund:
        all:
            alternative: 0.116474568844
            blues: 0.0264050476253
            electronic: 0.0289329662919
            folkcountry: 0.0163836143911
            funksoulrnb: 0.00800007581711
            jazz: 0.0102920578793
            pop: 0.00688403844833
            raphiphop: 0.000858011422679
            rock: 0.785769641399
        probability: 0.785769641399
        value: "rock"
    genre_electronica:
        all:
            ambient: 0.504505336285
            dnb: 0.224558264017
            house: 0.0253384504467
            techno: 0.134537130594
            trance: 0.111060798168
        probability: 0.504505336285
        value: "ambient"
    genre_rosamerica:
        all:
            cla: 0.0827436894178
            dan: 0.00780922174454
            hip: 0.0217089820653
            jaz: 0.0044386186637
            pop: 0.00437289569527
            rhy: 0.00375319062732
            roc: 0.872412204742
            spe: 0.00276118679903
        probability: 0.872412204742
        value: "roc"
    genre_tzanetakis:
        all:
            blu: 0.0231863111258
            cla: 0.0463095903397
            cou: 0.0373906828463
            dis: 0.0201225504279
            hip: 0.0196988023818
            jaz: 0.0210959333926
            met: 0.724818110466
            pop: 0.00718873133883
            reg: 0.012475005351
            roc: 0.0877142846584
        probability: 0.724818110466
        value: "met"
    live_studio:
        all:
            live: 0.51360887289
            studio: 0.48639112711
        probability: 0.51360887289
        value: "live"
    mood:
        all:
            Cluster1: 0.385114133358
            Cluster2: 0.0131302466616
            Cluster3: 0.0104073397815
            Cluster4: 0.0212324354798
            Cluster5: 0.570115864277
        probability: 0.570115864277
        value: "Cluster5"
    mood_acoustic:
        all:
            acoustic: 0.0385758951306
            not_acoustic: 0.96142411232
        probability: 0.96142411232
        value: "not_acoustic"
    mood_aggressive:
        all:
            aggressive: 0.999425768852
            not_aggressive: 0.00057424348779
        probability: 0.999425768852
        value: "aggressive"
    mood_electronic:
        all:
            electronic: 0.249405249953
            not_electronic: 0.750594735146
        probability: 0.750594735146
        value: "not_electronic"
    mood_happy:
        all:
            happy: 0.0287623051554
            not_happy: 0.971237719059
        probability: 0.971237719059
        value: "not_happy"
    mood_party:
        all:
            not_party: 0.477970302105
            party: 0.522029697895
        probability: 0.522029697895
        value: "party"
    mood_relaxed:
        all:
            not_relaxed: 0.932563722134
            relaxed: 0.0674362853169
        probability: 0.932563722134
        value: "not_relaxed"
    mood_sad:
        all:
            not_sad: 0.996129930019
            sad: 0.00387004110962
        probability: 0.996129930019
        value: "not_sad"
    rhythm:
        all:
            fast: 0.322730332613
            medium: 0.0535027980804
            slow: 0.623766839504
        probability: 0.623766839504
        value: "slow"
    speech_music:
        all:
            music: 0.998097002506
            speech: 0.00190299795941
        probability: 0.998097002506
        value: "music"
    timbre:
        all:
            bright: 0.792780458927
            dark: 0.207219570875
        probability: 0.792780458927
        value: "bright"
    voice_instrumental:
        all:
            instrumental: 0.999990344048
            voice: 9.64798073255e-06
        probability: 0.999990344048
        value: "instrumental"

lowlevel:
    average_loudness: 0.980701386929
    barkbands_kurtosis:
        dmean: 1.36881458759
        dmean2: 2.31097102165
        dvar: 1.71852242947
        dvar2: 4.38483047485
        max: 15.1740970612
        mean: 0.734096586704
        min: -1.80055510998
        var: 4.25302314758
    barkbands_skewness:
        dmean: 0.442577213049
        dmean2: 0.744788646698
        dvar: 0.153352439404
        dvar2: 0.410064518452
        max: 0.747238516808
        mean: -1.28936910629
        min: -3.56800246239
        var: 0.386563897133
    barkbands_spread:
        dmean: 6.90981626511
        dmean2: 11.9085168839
        dvar: 37.6759338379
        dvar2: 102.970710754
        max: 52.4136314392
        mean: 27.6861133575
        min: 6.33454608917
        var: 76.3455276489
    dissonance:
        dmean: 0.00559890316799
        dmean2: 0.00947300996631
        dvar: 5.01814611198e-05
        dvar2: 9.56076255534e-05
        max: 0.500000059605
        mean: 0.49158936739
        min: 0.380138218403
        var: 6.92992471159e-05
    hfc:
        dmean: 2.79728770256
        dmean2: 4.49693441391
        dvar: 6.51132011414
        dvar2: 16.1293449402
        max: 27.1137371063
        mean: 13.0659351349
        min: 8.91786021384e-06
        var: 24.1825847626
    pitch:
        dmean: 431.887878418
        dmean2: 814.124694824
        dvar: 675296.3125
        dvar2: 1619505.125
        max: 3675
        mean: 2708.49804688
        min: 81.8181838989
        var: 929961.9375
    pitch_instantaneous_confidence:
        dmean: 0.0742293298244
        dmean2: 0.122136376798
        dvar: 0.00336427148432
        dvar2: 0.0090775936842
        max: 0.807089686394
        mean: 0.468467175961
        min: 0.194298684597
        var: 0.00918827299029
    pitch_salience:
        dmean: 0.0509924776852
        dmean2: 0.0869135633111
        dvar: 0.00190038233995
        dvar2: 0.00517115369439
        max: 0.980740725994
        mean: 0.696948647499
        min: 0.508790075779
        var: 0.00349711440504
    silence_rate_20dB:
        dmean: 0
        dmean2: 0
        dvar: 0
        dvar2: 0
        max: 1
        mean: 1
        min: 1
        var: 0
    silence_rate_30dB:
        dmean: 0
        dmean2: 0
        dvar: 0
        dvar2: 0
        max: 1
        mean: 1
        min: 1
        var: 0
    silence_rate_60dB:
        dmean: 0.0439814813435
        dmean2: 0.0881670564413
        dvar: 0.0420469939709
        dvar2: 0.108236290514
        max: 1
        mean: 0.0461893752217
        min: 0
        var: 0.0440560132265
    spectral_centroid:
        dmean: 218.352630615
        dmean2: 366.053497314
        dvar: 45102.421875
        dvar2: 117466.03125
        max: 3312.19604492
        mean: 2194.78686523
        min: 995.202636719
        var: 105481.507812
    spectral_complexity:
        dmean: 3.48491883278
        dmean2: 5.85348844528
        dvar: 9.79038047791
        dvar2: 22.8599567413
        max: 37
        mean: 22.0416660309
        min: 0
        var: 25.0260257721
    spectral_crest:
        dmean: 1.6749856472
        dmean2: 2.82709527016
        dvar: 2.04886627197
        dvar2: 5.7799282074
        max: 16.2105140686
        mean: 7.50967025757
        min: 3.18412971497
        var: 3.65424132347
    spectral_decrease:
        dmean: 2.41076769658e-10
        dmean2: 3.80333098349e-10
        dvar: 5.32960869721e-20
        dvar2: 1.23816685086e-19
        max: -4.99056883567e-16
        mean: -1.25767674053e-09
        min: -2.77635003876e-09
        var: 1.90639307649e-19
    spectral_energy:
        dmean: 0.00112236547284
        dmean2: 0.0017831006553
        dvar: 1.09161953787e-06
        dvar2: 2.47083971772e-06
        max: 0.0129378763959
        mean: 0.00593188311905
        min: 2.6924336094e-09
        var: 4.19695061282e-06
    spectral_energyband_high:
        dmean: 4.53060129075e-05
        dmean2: 7.48214952182e-05
        dvar: 3.34719585382e-09
        dvar2: 7.94344146016e-09
        max: 0.000872105534654
        mean: 0.000124744547065
        min: 1.19315279878e-10
        var: 9.96736293501e-09
    spectral_energyband_low:
        dmean: 0.000222840229981
        dmean2: 0.000405382888857
        dvar: 1.30422279199e-07
        dvar2: 3.6723241692e-07
        max: 0.00254086917266
        mean: 0.000283360452158
        min: 2.03344754229e-11
        var: 9.63747126548e-08
    spectral_energyband_middle_high:
        dmean: 0.00100474455394
        dmean2: 0.00159446278121
        dvar: 8.93461333362e-07
        dvar2: 2.18359400606e-06
        max: 0.0111251054332
        mean: 0.00463224994019
        min: 2.46959253047e-09
        var: 3.58286183655e-06
    spectral_energyband_middle_low:
        dmean: 0.000360032659955
        dmean2: 0.00063538888935
        dvar: 3.29899393137e-07
        dvar2: 9.17654745081e-07
        max: 0.00479698041454
        mean: 0.000891526753549
        min: 7.89095455644e-11
        var: 3.78637452059e-07
    spectral_flatness_db:
        dmean: 0.0145362988114
        dmean2: 0.0229195374995
        dvar: 0.000142574892379
        dvar2: 0.000313066557283
        max: 0.299322277308
        mean: 0.221939489245
        min: 0.136330977082
        var: 0.000472571962746
    spectral_flux:
        dmean: 0.00710014626384
        dmean2: 0.0106793055311
        dvar: 3.81257013942e-05
        dvar2: 8.13547085272e-05
        max: 0.0828628018498
        mean: 0.0463903918862
        min: 5.18886663485e-05
        var: 0.000123450518004
    spectral_kurtosis:
        dmean: 4.54066371918
        dmean2: 7.98504304886
        dvar: 11.7204332352
        dvar2: 35.6626014709
        max: 24.1996307373
        mean: 7.9364733696
        min: 0.365686178207
        var: 19.1212329865
    spectral_rms:
        dmean: 0.000228633696679
        dmean2: 0.000355629308615
        dvar: 4.21106456372e-08
        dvar2: 9.20099125779e-08
        max: 0.00355279026553
        mean: 0.00236806622706
        min: 1.620729563e-06
        var: 1.79461736138e-07
    spectral_rolloff:
        dmean: 122.654335022
        dmean2: 202.462142944
        dvar: 15787.8710938
        dvar2: 41782.2226562
        max: 4005.17578125
        mean: 3282.16918945
        min: 2347.11914062
        var: 42956.2773438
    spectral_skewness:
        dmean: 0.405360996723
        dmean2: 0.707813680172
        dvar: 0.114858396351
        dvar2: 0.302909433842
        max: 3.97733306885
        mean: 0.911440730095
        min: 0.0840406119823
        var: 0.183366909623
    spectral_spread:
        dmean: 215323.34375
        dmean2: 323611.15625
        dvar: 841897213952
        dvar2: 877811728384
        max: 20378228
        mean: 1948490.25
        min: 1205282.25
        var: 881399431168
    spectral_strongpeak:
        dmean: 0.956938147545
        dmean2: 1.676638484
        dvar: 1.06450653076
        dvar2: 2.82396697998
        max: 5.69114971161
        mean: 1.29574692249
        min: 8.62342785695e-05
        var: 1.56916797161
    zerocrossingrate:
        dmean: 0.0056701800786
        dmean2: 0.0074854651466
        dvar: 3.62375831173e-05
        dvar2: 4.89695776196e-05
        max: 0.140625
        mean: 0.112261734903
        min: 0.05712890625
        var: 0.000158776034368
    barkbands:
        dmean: [3.73201594073e-08, 6.47413908155e-05, 0.000178611575393, 0.000266319024377, 0.000121795004816, 3.89195156458e-05, 3.35916483891e-05, 2.93635803246e-05, 3.51354537997e-05, 3.40299447998e-05, 2.51474539255e-05, 4.89778176416e-05, 5.58767060284e-05, 8.63569366629e-05, 0.000153757093358, 0.000247502641287, 0.00051630003145, 0.000300816405797, 0.000496888940688, 9.38553712331e-05, 1.77995443664e-05, 1.76682863184e-06, 6.41900186338e-08, 9.97569671313e-09, 3.69792552135e-09, 5.48216305685e-10, 5.17047182846e-10]
        dmean2: [5.00704402384e-08, 0.000115643328172, 0.000332056195475, 0.000471937906696, 0.00020872168534, 6.3254548877e-05, 5.64659603697e-05, 5.03188784933e-05, 5.7833858591e-05, 5.55764927412e-05, 4.37840571976e-05, 8.35962491692e-05, 9.35033385758e-05, 0.000142983888509, 0.000253716891166, 0.000406313367421, 0.000842350593302, 0.000491413404234, 0.000842309964355, 0.00015108876687, 2.8897440643e-05, 3.0037185752e-06, 9.70724371996e-08, 1.50377363894e-08, 5.84993431474e-09, 7.82055975534e-10, 7.32970573125e-10]
        dvar: [1.13271412107e-13, 1.19224701223e-08, 9.27733196932e-08, 1.5666644515e-07, 3.08512220215e-08, 4.78670214576e-09, 2.16480700033e-09, 1.55950330427e-09, 2.26540497472e-09, 1.42681066961e-09, 1.11458253738e-09, 2.78645639895e-09, 3.94339494392e-09, 9.3249576949e-09, 8.00334163387e-08, 6.79643008539e-08, 2.08349632658e-07, 7.87620066944e-08, 2.28158995697e-07, 1.04955075741e-08, 5.7867310943e-10, 4.97840961164e-12, 6.70945258377e-15, 2.35824110441e-16, 5.61189503105e-17, 2.8355791103e-17, 2.87784770873e-17]
        dvar2: [1.14552979732e-13, 3.19536965776e-08, 2.70026646376e-07, 4.36830219996e-07, 8.5744680689e-08, 1.40950255911e-08, 6.93331880797e-09, 4.36376579316e-09, 5.44021627746e-09, 3.43935457892e-09, 3.20165738366e-09, 7.37281036223e-09, 1.05184563282e-08, 2.30972627691e-08, 1.96103897565e-07, 1.55746917585e-07, 5.37319237992e-07, 2.09998958667e-07, 6.42301188236e-07, 2.33890631307e-08, 1.47024803443e-09, 1.38653585141e-11, 1.43811608536e-14, 4.56041691769e-16, 7.70016608874e-17, 2.85883909825e-17, 2.90026529594e-17]
        max: [6.98691792422e-06, 0.000601664651185, 0.00217621447518, 0.00323296524584, 0.00183553074021, 0.000828099262435, 0.000413631903939, 0.000358192948624, 0.000516648578923, 0.000377792021027, 0.000393959693611, 0.000499813642818, 0.000484183925437, 0.000968040490989, 0.00420649722219, 0.00435736728832, 0.00504117365927, 0.00317802769132, 0.00420990819111, 0.00133897736669, 0.000402394915, 2.54482147284e-05, 1.32281024889e-06, 2.2395988708e-07, 1.44353847986e-07, 1.11305467954e-07, 1.11621069721e-07]
        mean: [3.51993456604e-08, 6.28428388154e-05, 0.000220490124775, 0.000417921284679, 0.00022886088118, 6.70488734613e-05, 6.07649380981e-05, 4.72778920084e-05, 5.85337438679e-05, 6.01843494223e-05, 3.87862564821e-05, 8.80289662746e-05, 9.92018904071e-05, 0.000163031712873, 0.000306617643218, 0.000550421769731, 0.00121909391601, 0.000732288812287, 0.00121486780699, 0.0002443336125, 4.72391802759e-05, 3.86287683796e-06, 1.1782571363e-07, 2.57372310131e-08, 9.84242998214e-09, 9.25578891309e-10, 4.6556541955e-10]
        min: [4.86527962015e-12, 9.58343040341e-12, 8.26844061969e-12, 8.81626542604e-12, 2.23609082639e-11, 2.0923495575e-11, 1.43903014505e-11, 6.8996856839e-12, 5.05982235277e-12, 1.67717966251e-12, 1.1902813804e-12, 4.98251743683e-12, 8.71455338447e-12, 1.68454573207e-11, 5.28486386597e-11, 2.11411079615e-11, 4.24431600976e-11, 4.94534302398e-10, 1.61564439605e-09, 2.4270041532e-10, 3.39611463951e-11, 2.08371583876e-11, 9.21495952461e-12, 7.02657506832e-12, 5.84215878799e-12, 5.10858976649e-12, 6.84880822302e-14]
        var: [1.13177567632e-13, 9.34439370326e-09, 6.88129304649e-08, 1.70137511191e-07, 6.81399043856e-08, 1.4023112449e-08, 4.39522152007e-09, 1.86628112964e-09, 3.33056204838e-09, 2.92474555685e-09, 1.19809528965e-09, 4.64531701994e-09, 5.95407279036e-09, 1.74999374991e-08, 2.23486978257e-07, 2.72067183005e-07, 5.26974588411e-07, 2.15302378592e-07, 4.55757231066e-07, 3.1264221434e-08, 1.3193648396e-09, 1.13766843168e-11, 2.55427579451e-14, 4.79125774801e-16, 7.03321366956e-17, 2.83573329676e-17, 2.87421274624e-17]
    mfcc:
        mean: [-747.465515137, 161.398757935, -128.925582886, 91.5987625122, -2.41695141792, -7.31859254837, 10.1558246613, -4.11253452301, 3.69544887543, -9.88970279694, -1.21280741692, -5.10039377213, -12.3032054901]
        cov: [[1680.77404785, 158.6980896, -102.657211304, 66.4189834595, -55.3238334656, 122.212059021, -6.41152667999, 36.1474075317, 49.8231887817, -15.4261407852, -16.9197750092, 17.1901187897, 7.94019365311], [158.6980896, 294.313323975, -60.890663147, -33.3259735107, 69.6774597168, -51.6317977905, 20.9397926331, -56.5645713806, 11.5088367462, -26.1240692139, 4.99585771561, 16.5189743042, -14.8707284927], [-102.657211304, -60.890663147, 201.572723389, 5.28532791138, -1.75935554504, 70.0521316528, -32.6126861572, 52.7110328674, -11.5543298721, 53.3942642212, 31.6549282074, 5.94414997101, 44.1178627014], [66.4189834595, -33.3259735107, 5.28532791138, 96.5409469604, -23.0190620422, 25.0965957642, 23.6897220612, -2.09324574471, 13.4165725708, -9.20153141022, 6.52573680878, 6.90436601639, 2.44914007187], [-55.3238334656, 69.6774597168, -1.75935554504, -23.0190620422, 123.814674377, -2.85055685043, -27.3756198883, -12.6814155579, 7.68629360199, 6.72208976746, -1.72797787189, 9.29334926605, 15.0650672913], [122.212059021, -51.6317977905, 70.0521316528, 25.0965957642, -2.85055685043, 110.194389343, 11.580988884, 44.8049964905, 4.44399929047, 26.6165237427, 23.018907547, 4.64189434052, 23.9609413147], [-6.41152667999, 20.9397926331, -32.6126861572, 23.6897220612, -27.3756198883, 11.580988884, 142.875579834, 13.2562351227, 26.9536933899, -2.54080438614, 17.7740936279, 22.111989975, -34.44921875], [36.1474075317, -56.5645713806, 52.7110328674, -2.09324574471, -12.6814155579, 44.8049964905, 13.2562351227, 91.4551620483, 7.16536998749, 31.0265312195, 13.2476196289, 7.05145740509, 13.0018911362], [49.8231887817, 11.5088367462, -11.5543298721, 13.4165725708, 7.68629360199, 4.44399929047, 26.9536933899, 7.16536998749, 60.8767700195, 15.185669899, 17.7104282379, 13.9179019928, 0.0904153436422], [-15.4261407852, -26.1240692139, 53.3942642212, -9.20153141022, 6.72208976746, 26.6165237427, -2.54080438614, 31.0265312195, 15.185669899, 65.11668396, 25.8367729187, 12.823433876, 19.2530212402], [-16.9197750092, 4.99585771561, 31.6549282074, 6.52573680878, -1.72797787189, 23.018907547, 17.7740936279, 13.2476196289, 17.7104282379, 25.8367729187, 59.7470283508, 22.8568592072, 13.8307676315], [17.1901187897, 16.5189743042, 5.94414997101, 6.90436601639, 9.29334926605, 4.64189434052, 22.111989975, 7.05145740509, 13.9179019928, 12.823433876, 22.8568592072, 47.6941642761, 12.3938875198], [7.94019365311, -14.8707284927, 44.1178627014, 2.44914007187, 15.0650672913, 23.9609413147, -34.44921875, 13.0018911362, 0.0904153436422, 19.2530212402, 13.8307676315, 12.3938875198, 58.7560501099]]
        icov: [[0.00114838744048, -0.00145253445953, 0.00134631735273, -0.000625472399406, 0.00154867384117, -0.00260385335423, 0.00144463765901, -0.00082300894428, -0.000914334959816, -0.000336241297191, 0.00132529542316, -0.000908530317247, 0.000177521651494], [-0.00145253445953, 0.00706911366433, -0.00166985916439, 0.00246798666194, -0.00466911541298, 0.00440959213302, -0.00315151689574, 0.00323360227048, 0.000591740710661, 0.00236507761292, -0.00324035342783, 0.000153022847371, -7.34154018573e-05], [0.00134631735273, -0.00166985916439, 0.0106664486229, -0.00155981397256, 0.00208813743666, -0.00599139323458, 0.00327184796333, -0.00302325561643, 0.00220492947847, -0.00503135239705, -0.000769240956288, -0.00026176229585, -0.00217182398774], [-0.000625472399406, 0.00246798666194, -0.00155981397256, 0.0143054574728, 0.000993277062662, -0.00214414834045, -0.00237618992105, 0.00354758277535, -0.0034376301337, 0.00486131198704, -0.000481915456476, -0.00162096635904, -0.00140671839472], [0.00154867384117, -0.00466911541298, 0.00208813743666, 0.000993277062662, 0.0132398540154, -0.0054396437481, 0.00440388824791, -9.70090331975e-05, -0.00336276460439, -0.00183912890498, 0.00428467197344, -0.0036897319369, -0.00119566568173], [-0.00260385335423, 0.00440959213302, -0.00599139323458, -0.00214414834045, -0.0054396437481, 0.0216231532395, -0.00603804225102, -0.00262032588944, 0.00313092931174, 0.000300064188195, -0.00603816471994, 0.00559882959351, -0.00419038487598], [0.00144463765901, -0.00315151689574, 0.00327184796333, -0.00237618992105, 0.00440388824791, -0.00603804225102, 0.014142639935, -0.00329460226931, -0.00385599443689, -6.39741701889e-05, 2.50991724897e-05, -0.00690672174096, 0.00848154723644], [-0.00082300894428, 0.00323360227048, -0.00302325561643, 0.00354758277535, -9.70090331975e-05, -0.00262032588944, -0.00329460226931, 0.0180737469345, -0.00099327263888, -0.00332373520359, 0.000937067263294, -0.00090826844098, -0.000724217155948], [-0.000914334959816, 0.000591740710661, 0.00220492947847, -0.0034376301337, -0.00336276460439, 0.00313092931174, -0.00385599443689, -0.00099327263888, 0.0232746675611, -0.00610787374899, -0.00521977478638, 0.000120985496324, -0.000525811221451], [-0.000336241297191, 0.00236507761292, -0.00503135239705, 0.00486131198704, -0.00183912890498, 0.000300064188195, -6.39741701889e-05, -0.00332373520359, -0.00610787374899, 0.0276311933994, -0.00653493963182, -0.00196501705796, -0.00182551075704], [0.00132529542316, -0.00324035342783, -0.000769240956288, -0.000481915456476, 0.00428467197344, -0.00603816471994, 2.50991724897e-05, 0.000937067263294, -0.00521977478638, -0.00653493963182, 0.0285000186414, -0.00950117222965, -0.00178553757723], [-0.000908530317247, 0.000153022847371, -0.00026176229585, -0.00162096635904, -0.0036897319369, 0.00559882959351, -0.00690672174096, -0.00090826844098, 0.000120985496324, -0.00196501705796, -0.00950117222965, 0.0323258638382, -0.00869858171791], [0.000177521651494, -7.34154018573e-05, -0.00217182398774, -0.00140671839472, -0.00119566568173, -0.00419038487598, 0.00848154723644, -0.000724217155948, -0.000525811221451, -0.00182551075704, -0.00178553757723, -0.00869858171791, 0.0286689810455]]
    spectral_contrast:
        mean: [-1.88196153772e-07, 3.51832980527e-08, -1.25621838265e-07, -5.37407629508e-07, 4.92911098604e-08, -1.39249976883e-07, -1.60046056408e-06, 1.19616311167e-06, -1.62201899911e-06, 2.27711825573e-06, 1.02321303075e-06, 7.89554576386e-07]
        var: [0.000379537959816, 0.00050420104526, 0.000911328708753, 0.00119402469136, 0.00209325156175, 0.00367046752945, 0.0588341504335, 0.0635702610016, 0.106123112142, 0.126133516431, 0.277396142483, 0.943822562695]

rhythm:
    beats_loudness:
        dmean: 0.00259163579904
        dmean2: 0.00444757845253
        dvar: 1.9663752937e-06
        dvar2: 5.8468149291e-06
        max: 0.0118503710255
        mean: 0.00689321476966
        min: 0.00278651900589
        var: 4.45453451903e-06
    beats_loudness_bass:
        dmean: 0.102821141481
        dmean2: 0.200263813138
        dvar: 0.00711107533425
        dvar2: 0.016052082181
        max: 0.310130089521
        mean: 0.133726879954
        min: 0.0423681177199
        var: 0.00645459303632
    bpm: 115.048316956
    bpm_confidence: 0
    first_peak_bpm: 151
    first_peak_spread: 0
    first_peak_weight: 0.636363625526
    onset_rate: 2.392578125
    second_peak_bpm: 115
    second_peak_spread: 0
    second_peak_weight: 0.318181812763
    beats_position: [0.145034939051, 0.542994260788, 0.940953612328, 1.33891296387, 1.73687231541, 2.13483166695, 2.53279089928, 2.93075037003, 3.32870960236, 3.72666883469, 4.12462806702, 4.52258729935, 4.92054605484, 5.31850528717, 5.7164645195, 6.09676647186, 6.61828708649, 7.13980770111, 7.66132926941, 8.18284988403, 8.70437049866, 9.22589111328, 9.74741268158]
    bpm_estimates: [114.925506592, 115.264045715, 114.955413818]
    bpm_intervals: [0.397959321737, 0.39795935154, 0.39795935154, 0.39795935154, 0.39795935154, 0.39795923233, 0.397959470749, 0.39795923233, 0.39795923233, 0.39795923233, 0.39795923233, 0.397958755493, 0.39795923233, 0.39795923233, 0.380301952362, 0.521520614624, 0.521520614624, 0.521521568298, 0.521520614624, 0.521520614624, 0.521520614624, 0.521521568298]
    onset_times: [0.0464399084449, 0.53405892849, 0.917188227177, 1.70666670799, 2.13623571396, 2.72834467888, 2.93732428551, 3.34367346764, 3.3785033226, 3.84290242195, 4.14476203918, 4.94585037231, 5.44507932663, 5.61922883987, 5.99074840546, 6.18811798096, 7.02403640747, 7.2910656929, 8.04571437836, 8.2198638916, 8.64943313599, 9.07900238037, 9.4853515625, 9.682721138]
    rubato_start: [6.61828708649]
    rubato_stop: [7.13980770111]
    perceptual_tempo: "unknown"

sfx:
    inharmonicity:
        dmean: 0.0674159824848
        dmean2: 0.116951435804
        dvar: 0.00440909620374
        dvar2: 0.0125422924757
        max: 0.427757054567
        mean: 0.0827674567699
        min: 0
        var: 0.00552908843383
    oddtoevenharmonicenergyratio:
        dmean: 3.20852184296
        dmean2: 5.8731174469
        dvar: 51.0075721741
        dvar2: 149.114395142
        max: 75.9467926025
        mean: 2.3973133564
        min: 0
        var: 33.7267875671
    pitch_after_max_to_before_max_energy_ratio: 0.209614902735
    pitch_centroid: 201.787200928
    pitch_max_to_total: 0.775462985039
    pitch_min_to_total: 0.793981492519
    tristimulus:
        dmean: [0.150502443314, 0.356360554695, 0.184875547886]
        dmean2: [0.259292751551, 0.636460840702, 0.339620232582]
        dvar: [0.0251191481948, 0.0838816910982, 0.0344937108457]
        dvar2: [0.0670974627137, 0.207941651344, 0.0846828296781]
        max: [1, 0.982184529305, 0.699563741684]
        mean: [0.2124799788, 0.454405218363, 0.158957079053]
        min: [0.00162335869391, 0, 0]
        var: [0.0269969590008, 0.110490210354, 0.0411887727678]

tonal:
    chords_changes_rate: 0.0833333358169
    chords_number_rate: 0.037037037313
    chords_strength:
        dmean: 0.00776827335358
        dmean2: 0.00783031433821
        dvar: 2.97190490528e-05
        dvar2: 3.82441612601e-05
        max: 0.688871920109
        mean: 0.50493478775
        min: 0.32563239336
        var: 0.00827736034989
    key_strength: 0.431864112616
    tuning_diatonic_strength: 0.377091526985
    tuning_equal_tempered_deviation: 0.160857155919
    tuning_frequency: 439.238189697
    tuning_nontempered_energy_ratio: 0.808965563774
    hpcp:
        dmean: [0.135845854878, 0.11773301661, 0.117464914918, 0.131231442094, 0.110671162605, 0.0782648324966, 0.0785385519266, 0.0810538455844, 0.114751175046, 0.143768399954, 0.123455993831, 0.104325830936, 0.133176073432, 0.161374285817, 0.177489057183, 0.19105425477, 0.182788938284, 0.159576192498, 0.147769391537, 0.190640673041, 0.219616115093, 0.223912850022, 0.209721148014, 0.174412339926, 0.12334227562, 0.113432213664, 0.111410595477, 0.119145169854, 0.125330239534, 0.12495752424, 0.17677859962, 0.194226279855, 0.221092537045, 0.185453265905, 0.146208018064, 0.133767172694]
        dmean2: [0.22598336637, 0.201668083668, 0.189976483583, 0.221060156822, 0.180326193571, 0.120797261596, 0.12694016099, 0.137382492423, 0.177192032337, 0.231196001172, 0.214296147227, 0.178742915392, 0.223896726966, 0.261784166098, 0.283512473106, 0.315610557795, 0.294344246387, 0.265999525785, 0.241356343031, 0.317292690277, 0.361159235239, 0.378986120224, 0.363983184099, 0.291543215513, 0.211482480168, 0.192741543055, 0.189621761441, 0.209510058165, 0.215340912342, 0.20322060585, 0.297690838575, 0.316607713699, 0.380050688982, 0.311110109091, 0.252250134945, 0.22316378355]
        dvar: [0.0196950118989, 0.0125539638102, 0.0140143316239, 0.0289921779186, 0.0188349764794, 0.00813981797546, 0.00803406443447, 0.0118056349456, 0.0193963497877, 0.0420438051224, 0.0237904600799, 0.0199952702969, 0.0246108062565, 0.0234623979777, 0.0241580363363, 0.0274094138294, 0.0265632513911, 0.032974537462, 0.0224341806024, 0.0271367114037, 0.0301543399692, 0.0422602370381, 0.0341557785869, 0.0374213866889, 0.0255460049957, 0.0171309709549, 0.0168086700141, 0.0182227585465, 0.0233534015715, 0.0130512127653, 0.0284942295402, 0.0279607754201, 0.032068990171, 0.0282770991325, 0.0196604263037, 0.018952915445]
        dvar2: [0.0520708374679, 0.0333526618779, 0.0362864024937, 0.0692444220185, 0.0519228503108, 0.0185313019902, 0.0198977813125, 0.0335082262754, 0.0482001379132, 0.101854965091, 0.0695629939437, 0.055915478617, 0.0680548250675, 0.0614892244339, 0.0624363906682, 0.0731921568513, 0.0706481859088, 0.0852378234267, 0.0614599511027, 0.0774059891701, 0.0688409954309, 0.101494662464, 0.0943346098065, 0.106005005538, 0.0716347545385, 0.047241371125, 0.0454473048449, 0.0486509539187, 0.0624371469021, 0.0334700793028, 0.0630406066775, 0.0661346316338, 0.0721563324332, 0.0757276043296, 0.0516055971384, 0.0491850972176]
        max: [1, 0.743114650249, 1, 1, 1, 1, 1, 0.841788113117, 1, 1, 1, 0.97669917345, 1, 1, 1, 1, 1, 1, 0.982340931892, 1, 1, 1, 1, 1, 0.968314886093, 0.882669210434, 1, 1, 1, 1, 1, 1, 1, 1, 1, 1]
        mean: [0.291046321392, 0.232978731394, 0.22420988977, 0.224355220795, 0.181213796139, 0.153643429279, 0.154357805848, 0.14715257287, 0.211961269379, 0.276839762926, 0.209874629974, 0.165369167924, 0.216308772564, 0.29014018178, 0.380975335836, 0.402826189995, 0.32753482461, 0.266286879778, 0.269216746092, 0.338905692101, 0.527169346809, 0.614737033844, 0.431520789862, 0.253977626562, 0.192935734987, 0.185223013163, 0.195299908519, 0.211600750685, 0.208939567208, 0.285292088985, 0.45614400506, 0.557377398014, 0.526118993759, 0.418874740601, 0.345250934362, 0.324498057365]
        min: [0.0219862330705, 0.0222593955696, 0.0179044511169, 0.0211470760405, 0.0275444183499, 0.0250524897128, 0.0235159862787, 0.0256725605577, 0.0136800128967, 0.0123195182532, 0.00941958744079, 0.014799519442, 0.017798833549, 0.0324720665812, 0.0247030109167, 0.0504525154829, 0.0306351874024, 0.035047121346, 0.0363740324974, 0.0468618385494, 0.0832416340709, 0.0543757602572, 0.0577439144254, 0.029233859852, 0.0105323279276, 0.0155673017725, 0.0257674846798, 0.0278632193804, 0.0298429019749, 0.0229230225086, 0.0202946867794, 0.0219291094691, 0.0377224311233, 0.0362357497215, 0.0265826098621, 0.0202316045761]
        var: [0.0435105748475, 0.0200230404735, 0.0228929370642, 0.0393310040236, 0.0254350677133, 0.0178817473352, 0.0182909537107, 0.0162116922438, 0.0460197068751, 0.100706368685, 0.0387807525694, 0.0207073073834, 0.0275686401874, 0.0379389487207, 0.0511216260493, 0.0623806715012, 0.0549035035074, 0.0493027865887, 0.034252282232, 0.0404052995145, 0.0641634240746, 0.0903158634901, 0.0512841418386, 0.0411212258041, 0.0271647591144, 0.0205127131194, 0.0191783048213, 0.0312845259905, 0.0303248409182, 0.0350826904178, 0.0848889499903, 0.0889228060842, 0.0791247338057, 0.0570531152189, 0.0490589663386, 0.0505498349667]
    chords_histogram: [0, 0, 0, 0, 0, 0, 0, 4.16666650772, 12.9629631042, 1.85185182095, 0, 0, 0, 0, 0, 34.7222213745, 3.24074077606, 0, 0, 0, 0, 9.72222232819, 22.2222213745, 11.1111106873]
    thpcp: [1, 0.701959967613, 0.413148403168, 0.313850849867, 0.301304459572, 0.317696660757, 0.344213455915, 0.339884459972, 0.464088022709, 0.742014825344, 0.906692385674, 0.855843961239, 0.681388497353, 0.561623752117, 0.527864813805, 0.473448485136, 0.378989249468, 0.364724874496, 0.36496129632, 0.29478263855, 0.249933585525, 0.251095682383, 0.239374831319, 0.344799906015, 0.450338512659, 0.341405540705, 0.269007980824, 0.35187202692, 0.471974462271, 0.61973708868, 0.655282139778, 0.532804787159, 0.433172017336, 0.437938064337, 0.551301896572, 0.857552587986]
    chords_key: "C"
    chords_scale: "major"
    key_key: "G#"
    key_scale: "minor"
    chords_progression: ["C", "C", "C", "C", "C", "C", "C", "C", "C", "C", "C", "C", "C", "C", "C", "C", "C", "C", "C", "C", "C", "C", "C", "C", "C", "C", "C", "C", "C", "C", "C", "C", "C", "C", "C", "C", "C", "C", "C", "C", "C", "C", "C", "C", "C", "C", "C", "C", "C", "C", "C", "C", "C", "C", "C", "C", "C", "C", "C", "C", "C", "C", "C", "C", "C", "C", "C", "C", "C", "C", "C", "C", "C", "C", "C", "Cm", "Cm", "Cm", "Cm", "Cm", "Cm", "Cm", "Cm", "Cm", "C#m", "G#", "C#m", "G#", "G#", "G#", "G#", "G#", "G#", "G#", "G#", "C#m", "Cm", "Cm", "Cm", "Cm", "Cm", "C#m", "C#m", "C#m", "C#m", "C#m", "C#m", "C#m", "Cm", "Cm", "Cm", "Cm", "Cm", "Cm", "Cm", "Cm", "Cm", "Cm", "Cm", "Cm", "Cm", "C#m", "Cm", "C#m", "C#m", "C#m", "C#m", "C#m", "C#m", "C#m", "C#m", "C#m", "C#m", "C#m", "C#m", "C#m", "C#m", "C#m", "C#m", "C#m", "C#m", "C#m", "C#m", "C#m", "C#m", "C#m", "C#m", "C#m", "C#m", "C#m", "C#m", "C#m", "C#m", "C#m", "C#m", "C#m", "C#m", "E", "E", "E", "E", "E", "E", "E", "E", "E", "E", "E", "E", "E", "E", "E", "E", "E", "E", "E", "E", "E", "E", "E", "E", "Em", "Em", "Em", "Em", "Em", "Em", "Em", "D#", "C#m", "C#m", "C#m", "D#", "D#", "D#", "A", "A", "A", "A", "A", "A", "A", "A", "A", "A", "A", "A", "A", "A", "A", "A", "A", "A", "A", "A", "A"]
