
metadata:
    version:
        essentia: "1.2.2"
    audio_properties:
        analysis_sample_rate: 44100
        bitrate: 128
        channels: 2
        equal_loudness: 1
        length: 10.0571432114
        replay_gain: -6.53491592407
        downmix: "mix"
    tags:
        track: 23
        year: 0
        album: "Splitted by Mp3Splt v. 2.1"
        artist: "From 003.40 To 003.50"
        comment: "http://mp3splt.sf.net"
        genre: ""
        title: "06 Papua New Guinea.mp3"

highlevel:
    ballroom:
        all:
            ChaChaCha: 0.196153074503
            Jive: 0.0905272066593
            Quickstep: 0.00992809515446
            Rumba-American: 0.0013838133309
            Rumba-International: 0.00700543308631
            Rumba-Misc: 0.00729972543195
            Samba: 0.675059497356
            Tango: 0.00228544487618
            VienneseWaltz: 0.00875151529908
            Waltz: 0.00160620489623
        probability: 0.675059497356
        value: "Samba"
    culture:
        all:
            non_western: 0.112300515175
            western: 0.887699484825
        probability: 0.887699484825
        value: "western"
    gender:
        all:
            female: 0.804725050926
            male: 0.195274934173
        probability: 0.804725050926
        value: "female"
    genre_dortmund:
        all:
            alternative: 0.0921288207173
            blues: 0.0119335362688
            electronic: 0.310933709145
            folkcountry: 0.0541202835739
            funksoulrnb: 0.0145355677232
            jazz: 0.0411781594157
            pop: 0.203243464231
            raphiphop: 0.00759750325233
            rock: 0.264328956604
        probability: 0.310933709145
        value: "electronic"
    genre_electronica:
        all:
            ambient: 0.0344935283065
            dnb: 0.0518891327083
            house: 0.00141507328954
            techno: 0.00547540048137
            trance: 0.906726837158
        probability: 0.906726837158
        value: "trance"
    genre_rosamerica:
        all:
            cla: 0.00972346123308
            dan: 0.714409291744
            hip: 0.0259830299765
            jaz: 0.00540107721463
            pop: 0.0132628427818
            rhy: 0.00813742913306
            roc: 0.22162528336
            spe: 0.00145757594146
        probability: 0.714409291744
        value: "dan"
    genre_tzanetakis:
        all:
            blu: 0.0237678866833
            cla: 0.0289232674986
            cou: 0.102222174406
            dis: 0.17890419066
            hip: 0.0657768025994
            jaz: 0.134790465236
            met: 0.0759216025472
            pop: 0.193424269557
            reg: 0.0809717476368
            roc: 0.115297593176
        probability: 0.193424269557
        value: "pop"
    live_studio:
        all:
            live: 0.4040543437
            studio: 0.5959456563
        probability: 0.5959456563
        value: "studio"
    mood:
        all:
            Cluster1: 0.47155880928
            Cluster2: 0.0499598123133
            Cluster3: 0.0460150428116
            Cluster4: 0.0347903631628
            Cluster5: 0.397675961256
        probability: 0.47155880928
        value: "Cluster1"
    mood_acoustic:
        all:
            acoustic: 0.0185978692025
            not_acoustic: 0.981402158737
        probability: 0.981402158737
        value: "not_acoustic"
    mood_aggressive:
        all:
            aggressive: 0.536212205887
            not_aggressive: 0.463787823915
        probability: 0.536212205887
        value: "aggressive"
    mood_electronic:
        all:
            electronic: 0.978243529797
            not_electronic: 0.0217564497143
        probability: 0.978243529797
        value: "electronic"
    mood_happy:
        all:
            happy: 0.266870051622
            not_happy: 0.733129918575
        probability: 0.733129918575
        value: "not_happy"
    mood_party:
        all:
            not_party: 0.527928054333
            party: 0.472071915865
        probability: 0.527928054333
        value: "not_party"
    mood_relaxed:
        all:
            not_relaxed: 0.811132967472
            relaxed: 0.188867032528
        probability: 0.811132967472
        value: "not_relaxed"
    mood_sad:
        all:
            not_sad: 0.721727371216
            sad: 0.278272628784
        probability: 0.721727371216
        value: "not_sad"
    rhythm:
        all:
            fast: 0.583704352379
            medium: 0.381126731634
            slow: 0.0351689048111
        probability: 0.583704352379
        value: "fast"
    speech_music:
        all:
            music: 0.999991297722
            speech: 8.70947587828e-06
        probability: 0.999991297722
        value: "music"
    timbre:
        all:
            bright: 0.155569404364
            dark: 0.844430625439
        probability: 0.844430625439
        value: "dark"
    voice_instrumental:
        all:
            instrumental: 0.980141818523
            voice: 0.0198581963778
        probability: 0.980141818523
        value: "instrumental"

lowlevel:
    average_loudness: 0.980933487415
    barkbands_kurtosis:
        dmean: 0.623497962952
        dmean2: 1.05542898178
        dvar: 0.760136425495
        dvar2: 1.89359080791
        max: 6.38155937195
        mean: -0.677147865295
        min: -1.74655091763
        var: 0.961356401443
    barkbands_skewness:
        dmean: 0.401360452175
        dmean2: 0.648263573647
        dvar: 0.148617506027
        dvar2: 0.336029946804
        max: 2.64814019203
        mean: 0.50951564312
        min: -1.40310823917
        var: 0.319340109825
    barkbands_spread:
        dmean: 6.00671243668
        dmean2: 9.66958427429
        dvar: 24.8867053986
        dvar2: 59.9764099121
        max: 61.2655410767
        mean: 35.4945220947
        min: 13.8780908585
        var: 68.3841323853
    dissonance:
        dmean: 0.0249174218625
        dmean2: 0.0410982295871
        dvar: 0.000687738356646
        dvar2: 0.00137231254485
        max: 0.499439835548
        mean: 0.454433858395
        min: 0.038312189281
        var: 0.00106901128311
    hfc:
        dmean: 2.24026274681
        dmean2: 3.26294898987
        dvar: 8.84742832184
        dvar2: 21.9561691284
        max: 26.3378868103
        mean: 5.50892066956
        min: 0.000677907490171
        var: 12.3456754684
    pitch:
        dmean: 497.924224854
        dmean2: 965.289794922
        dvar: 1175286.625
        dvar2: 3197434
        max: 4410
        mean: 619.695983887
        min: 84
        var: 835516
    pitch_instantaneous_confidence:
        dmean: 0.111498236656
        dmean2: 0.179801076651
        dvar: 0.00823518075049
        dvar2: 0.0169475004077
        max: 0.85142159462
        mean: 0.440263092518
        min: 0.169724702835
        var: 0.0214925445616
    pitch_salience:
        dmean: 0.0688820183277
        dmean2: 0.106964871287
        dvar: 0.00330752087757
        dvar2: 0.00809357967228
        max: 0.905934751034
        mean: 0.558961689472
        min: 0.317059069872
        var: 0.00834685750306
    silence_rate_20dB:
        dmean: 0
        dmean2: 0
        dvar: 0
        dvar2: 0
        max: 1
        mean: 1
        min: 1
        var: 0
    silence_rate_30dB:
        dmean: 0
        dmean2: 0
        dvar: 0
        dvar2: 0
        max: 1
        mean: 1
        min: 1
        var: 0
    silence_rate_60dB:
        dmean: 0.230414748192
        dmean2: 0.461893767118
        dvar: 0.177323549986
        dvar2: 0.299356758595
        max: 1
        mean: 0.372413784266
        min: 0
        var: 0.233722642064
    spectral_centroid:
        dmean: 276.018249512
        dmean2: 446.160919189
        dvar: 67637.8984375
        dvar2: 161741.859375
        max: 2606.9855957
        mean: 1317.28894043
        min: 435.611633301
        var: 162247.984375
    spectral_complexity:
        dmean: 3.95842957497
        dmean2: 5.84722232819
        dvar: 18.4463233948
        dvar2: 43.1664466858
        max: 39
        mean: 12.0115203857
        min: 0
        var: 31.108171463
    spectral_crest:
        dmean: 1.93659675121
        dmean2: 3.33301210403
        dvar: 4.09117937088
        dvar2: 11.1288890839
        max: 19.9750366211
        mean: 6.35326337814
        min: 2.51844406128
        var: 5.17649745941
    spectral_decrease:
        dmean: 5.03490749093e-10
        dmean2: 7.48080430935e-10
        dvar: 3.80625478656e-19
        dvar2: 8.7936867817e-19
        max: -8.25117629929e-14
        mean: -1.06725439597e-09
        min: -4.08333278301e-09
        var: 5.26154956888e-19
    spectral_energy:
        dmean: 0.00207581976429
        dmean2: 0.00306160352193
        dvar: 6.43304019832e-06
        dvar2: 1.49339784912e-05
        max: 0.0173145290464
        mean: 0.00452773878351
        min: 3.72906811208e-07
        var: 8.98658981896e-06
    spectral_energyband_high:
        dmean: 0.000195624728804
        dmean2: 0.000310488423565
        dvar: 5.22397378688e-08
        dvar2: 1.29465462351e-07
        max: 0.00217448128387
        mean: 0.000389239867218
        min: 7.48750395019e-08
        var: 7.08670881977e-08
    spectral_energyband_low:
        dmean: 0.000490667182021
        dmean2: 0.000763658899814
        dvar: 6.11189193478e-07
        dvar2: 1.50879429839e-06
        max: 0.00647298293188
        mean: 0.000850439362694
        min: 6.44321431764e-08
        var: 7.7466120274e-07
    spectral_energyband_middle_high:
        dmean: 0.000650764734019
        dmean2: 0.000999214709736
        dvar: 6.43179475901e-07
        dvar2: 1.61818104516e-06
        max: 0.00796983018517
        mean: 0.00159013492521
        min: 1.23578885791e-07
        var: 1.15286809432e-06
    spectral_energyband_middle_low:
        dmean: 0.00118451879825
        dmean2: 0.00181766005699
        dvar: 2.66784627456e-06
        dvar2: 6.41527367407e-06
        max: 0.00987584143877
        mean: 0.00169780477881
        min: 9.93894033741e-08
        var: 2.83687222691e-06
    spectral_flatness_db:
        dmean: 0.0149264475331
        dmean2: 0.0238647926599
        dvar: 0.000157366041094
        dvar2: 0.000429156119935
        max: 0.199397042394
        mean: 0.132279604673
        min: 0.0666687116027
        var: 0.000324330845615
    spectral_flux:
        dmean: 0.0112462397665
        dmean2: 0.0176780931652
        dvar: 0.000160621115356
        dvar2: 0.000322228617733
        max: 0.104147791862
        mean: 0.0399408265948
        min: 0.00589495198801
        var: 0.000271677214187
    spectral_kurtosis:
        dmean: 0.88496607542
        dmean2: 1.49119973183
        dvar: 0.704246103764
        dvar2: 1.88394057751
        max: 9.15855312347
        mean: 2.44479227066
        min: 0.582654714584
        var: 1.13626432419
    spectral_rms:
        dmean: 0.000449793384178
        dmean2: 0.000628994836006
        dvar: 2.08114471434e-07
        dvar2: 4.48904074801e-07
        max: 0.00411001499742
        mean: 0.0020074674394
        min: 1.9073844669e-05
        var: 3.87378918276e-07
    spectral_rolloff:
        dmean: 667.429260254
        dmean2: 1161.94543457
        dvar: 429520.96875
        dvar2: 1013923.75
        max: 4866.50390625
        mean: 2947.91650391
        min: 344.53125
        var: 879155.5625
    spectral_skewness:
        dmean: 0.174467757344
        dmean2: 0.281330674887
        dvar: 0.0249496307224
        dvar2: 0.0587072148919
        max: 2.38431286812
        mean: 1.27492940426
        min: 0.629676938057
        var: 0.0613987185061
    spectral_spread:
        dmean: 376999.4375
        dmean2: 573387.4375
        dvar: 224381894656
        dvar2: 278546022400
        max: 15806216
        mean: 5250979
        min: 3942292.5
        var: 686235320320
    spectral_strongpeak:
        dmean: 0.383403986692
        dmean2: 0.67089432478
        dvar: 0.289847761393
        dvar2: 0.700410604477
        max: 3.2003891468
        mean: 0.450271636248
        min: 0
        var: 0.366991132498
    zerocrossingrate:
        dmean: 0.00947581417859
        dmean2: 0.0117244012654
        dvar: 6.45054096822e-05
        dvar2: 8.82673048181e-05
        max: 0.142578125
        mean: 0.0868881866336
        min: 0.005859375
        var: 0.000303590262774
    barkbands:
        dmean: [1.57465865414e-06, 0.000177533249371, 0.000380314362701, 0.00036566547351, 0.000451670290204, 0.000209453632124, 0.000179207927431, 0.000141829601489, 6.86256898916e-05, 0.000316015677527, 5.39741922694e-05, 7.45726574678e-05, 1.84896307474e-05, 0.000230831035879, 1.99311743927e-05, 3.29756658175e-05, 6.50291840429e-05, 9.18664227356e-05, 0.000131937369588, 0.000184558986803, 6.35696196696e-05, 2.37213425862e-05, 5.31964997208e-06, 1.47385026139e-06, 4.61495091031e-07, 1.22730501317e-08, 5.46173939409e-10]
        dmean2: [2.39648193201e-06, 0.000282357941614, 0.000626540684607, 0.000597435922828, 0.000764300988521, 0.000335245014867, 0.000282121618511, 0.000219798865146, 0.000109847074782, 0.000515132443979, 8.67468625074e-05, 0.000125092235976, 3.05912290059e-05, 0.000386815692764, 3.31826449838e-05, 5.25243303855e-05, 0.000105480226921, 0.000158507158631, 0.000210742742638, 0.000309454771923, 9.30068417802e-05, 3.62460596079e-05, 7.56569261284e-06, 2.0639010927e-06, 6.83013468006e-07, 1.84704873618e-08, 9.47825595787e-10]
        dvar: [2.54070098293e-11, 5.30638821772e-08, 5.13462566687e-07, 3.10880807319e-07, 7.43349005461e-07, 1.42115638369e-07, 6.53501928127e-08, 4.44773711195e-08, 1.29825243889e-08, 2.48347362231e-07, 4.98222130219e-09, 7.65772867339e-09, 5.43867728631e-10, 2.68265182513e-07, 6.0737781471e-10, 1.78103209958e-09, 1.05801802874e-08, 3.43087300791e-08, 2.32486900842e-08, 7.0500114191e-08, 8.31316349093e-09, 1.26238752785e-09, 2.72590231637e-11, 4.25124605657e-12, 2.41854550709e-13, 3.58682083685e-16, 7.37126782753e-18]
        dvar2: [6.38753841486e-11, 1.2337352473e-07, 1.29636180191e-06, 7.7600810755e-07, 1.99560781766e-06, 3.7528857888e-07, 1.59292113722e-07, 1.04806673562e-07, 3.28987503906e-08, 6.45148247713e-07, 1.28912409636e-08, 2.25117364749e-08, 1.42494460675e-09, 6.70247800372e-07, 1.62940039239e-09, 4.29241753253e-09, 2.86195973587e-08, 9.47037577248e-08, 5.68790703426e-08, 1.90310430526e-07, 1.84680946091e-08, 2.96477531414e-09, 5.45820853792e-11, 6.48893265509e-12, 5.74137037825e-13, 7.61079908355e-16, 1.87934062052e-17]
        max: [7.29743915144e-05, 0.00208866409957, 0.00603437284008, 0.00410419143736, 0.00587064540014, 0.00275574601255, 0.00192147411872, 0.00180518487468, 0.000831689219922, 0.00578759517521, 0.000623506726697, 0.000714268302545, 0.000163393822731, 0.00692871585488, 0.000159525545314, 0.000292129785521, 0.000788534118328, 0.00161067582667, 0.00152361975051, 0.00246026529931, 0.000757502682973, 0.000382900936529, 4.16128059442e-05, 3.91063949792e-05, 5.4060938055e-06, 3.54899867716e-07, 3.86236109762e-08]
        mean: [2.26063298214e-06, 0.000325439410517, 0.000522862188518, 0.000450812018244, 0.000430676213, 0.000253420264926, 0.000236463281908, 0.00018509264919, 8.07364631328e-05, 0.000475205306429, 6.16980323684e-05, 0.000106606355985, 2.3115078875e-05, 0.000342878891388, 2.73930345429e-05, 5.1112681831e-05, 8.94322365639e-05, 0.0001353052794, 0.000244211580139, 0.00032708857907, 0.000105975930637, 3.48309113178e-05, 9.44721705309e-06, 4.64664481115e-06, 9.9904173112e-07, 3.20342863347e-08, 4.37755554028e-10]
        min: [1.77344250396e-09, 3.2169655384e-08, 2.17009876735e-08, 2.10997939121e-08, 4.2039140169e-08, 1.71100165147e-08, 1.44299205918e-09, 4.18111278933e-09, 1.22502168409e-08, 5.52545209587e-09, 3.04514236049e-09, 2.56640353413e-09, 1.41562761513e-08, 1.70146794432e-08, 6.2067373463e-09, 2.41534037215e-09, 3.67794750211e-09, 4.16094643185e-08, 1.45162353249e-08, 7.70790009597e-08, 7.88477017011e-09, 1.5144423493e-09, 8.09680100744e-10, 7.50432771479e-10, 4.58593746311e-10, 2.60433785648e-10, 3.19572146523e-12]
        var: [1.59696648266e-11, 1.06723028637e-07, 4.80362700728e-07, 3.92643840996e-07, 5.39742359251e-07, 1.29656996251e-07, 9.02957992821e-08, 5.90400333067e-08, 1.38196716293e-08, 3.67872246443e-07, 5.41626032913e-09, 9.86560788618e-09, 5.64171598327e-10, 3.32800823344e-07, 8.14555034534e-10, 2.33128272242e-09, 1.24770487275e-08, 2.93631661208e-08, 3.23472271191e-08, 6.66155202111e-08, 1.23669110508e-08, 1.63410629472e-09, 5.00000631176e-11, 3.47872668172e-11, 5.41043718074e-13, 2.12464958753e-15, 3.81089015161e-18]
    mfcc:
        mean: [-700.496643066, 109.956764221, -27.8083209991, 50.6562919617, -17.6796092987, 3.6083419323, 10.872253418, -0.9645575881, -2.37472867966, 6.76965427399, -2.8895714283, -5.20134687424, -7.66447257996]
        cov: [[1585.34265137, 52.4174766541, 87.8280715942, 90.4626159668, -45.7901191711, -22.3456687927, -155.603408813, 17.850566864, 42.9930305481, -117.12638092, -13.3166313171, 2.91979384422, -1.89783418179], [52.4174766541, 160.849227905, 9.33557891846, 1.42807948589, -2.86013102531, -24.2575321198, -7.49703645706, 12.3997650146, 5.13403701782, 7.71085643768, 1.41126430035, 6.9835190773, 25.9119987488], [87.8280715942, 9.33557891846, 160.374588013, 23.1979618073, 36.0915145874, 39.1963043213, 13.1147022247, 10.8065252304, 15.4083948135, -6.06974172592, -23.4526329041, -14.4520397186, -30.3765277863], [90.4626159668, 1.42807948589, 23.1979618073, 169.380249023, 24.4611740112, 48.6970252991, -23.8065319061, 10.5648412704, 20.1138381958, -34.6090927124, 18.1479129791, 6.59409427643, 6.39377975464], [-45.7901191711, -2.86013102531, 36.0915145874, 24.4611740112, 101.750350952, 46.5193252563, 45.8249664307, 6.14199352264, 3.4344124794, 23.3523807526, -5.79374742508, -7.64097976685, -27.5358200073], [-22.3456687927, -24.2575321198, 39.1963043213, 48.6970252991, 46.5193252563, 120.753410339, 48.0238990784, 13.0339832306, 17.4981784821, 20.2793254852, 23.7207107544, -13.6474123001, -13.5604171753], [-155.603408813, -7.49703645706, 13.1147022247, -23.8065319061, 45.8249664307, 48.0238990784, 140.61618042, 32.6439971924, 5.83380508423, 57.5645599365, 7.73903560638, -14.5337295532, -22.4512710571], [17.850566864, 12.3997650146, 10.8065252304, 10.5648412704, 6.14199352264, 13.0339832306, 32.6439971924, 62.8710594177, 26.2834472656, 10.9630117416, -0.711251080036, -4.26496744156, 1.63405358791], [42.9930305481, 5.13403701782, 15.4083948135, 20.1138381958, 3.4344124794, 17.4981784821, 5.83380508423, 26.2834472656, 54.9966201782, 14.8184604645, 7.65823221207, -1.51960754395, -8.47787666321], [-117.12638092, 7.71085643768, -6.06974172592, -34.6090927124, 23.3523807526, 20.2793254852, 57.5645599365, 10.9630117416, 14.8184604645, 92.8299942017, 28.3870506287, -15.9017925262, -11.4531812668], [-13.3166313171, 1.41126430035, -23.4526329041, 18.1479129791, -5.79374742508, 23.7207107544, 7.73903560638, -0.711251080036, 7.65823221207, 28.3870506287, 62.8238639832, 8.57274055481, 3.95679926872], [2.91979384422, 6.9835190773, -14.4520397186, 6.59409427643, -7.64097976685, -13.6474123001, -14.5337295532, -4.26496744156, -1.51960754395, -15.9017925262, 8.57274055481, 50.7137336731, 27.5425453186], [-1.89783418179, 25.9119987488, -30.3765277863, 6.39377975464, -27.5358200073, -13.5604171753, -22.4512710571, 1.63405358791, -8.47787666321, -11.4531812668, 3.95679926872, 27.5425453186, 70.5031967163]]
        icov: [[0.000817632011604, -0.000232308550039, -0.000408183637774, 2.39641904045e-05, 2.03322670131e-05, 4.66771307401e-05, 0.000751376966946, -0.000448083330411, -0.000534451566637, 0.000919621321373, -0.000499155488797, 0.000314305128995, 0.000186277276953], [-0.000232308550039, 0.00751714082435, -0.00141547969542, -0.000241670029936, -0.00132398540154, 0.00283238338307, -4.25412690674e-05, -0.00102621689439, -0.000464783108328, -0.00109423929825, -0.00121934956405, 0.00103054742794, -0.0038868621923], [-0.000408183637774, -0.00141547969542, 0.00890754256397, -0.000439851661213, -0.000575049838517, -0.00345627288334, 0.000371620524675, -0.000229366807616, -0.000717814080417, -0.000351173104718, 0.00475804228336, -0.00100943550933, 0.00360521464609], [2.39641904045e-05, -0.000241670029936, -0.000439851661213, 0.00985742267221, -0.00386532722041, -0.00258140172809, 0.0017569528427, -0.00114988279529, -0.00334463454783, 0.00643674144521, -0.00521269347519, 0.00172184675466, -0.00215064664371], [2.03322670131e-05, -0.00132398540154, -0.000575049838517, -0.00386532722041, 0.0175169445574, -0.00533934636042, -0.00208020675927, 0.000496597203892, 0.00386049388908, -0.00643177796155, 0.00761852832511, -0.00582064082846, 0.0069961566478], [4.66771307401e-05, 0.00283238338307, -0.00345627288334, -0.00258140172809, -0.00533934636042, 0.0166661348194, -0.00484980875626, 0.00158088211901, -0.00375134986825, 0.0026680175215, -0.00804108288139, 0.00599883543327, -0.00466549582779], [0.000751376966946, -4.25412690674e-05, 0.000371620524675, 0.0017569528427, -0.00208020675927, -0.00484980875626, 0.015151350759, -0.00826803315431, 0.00465998146683, -0.00648767966777, 0.00192221347243, -0.00231155171059, 0.00360944657587], [-0.000448083330411, -0.00102621689439, -0.000229366807616, -0.00114988279529, 0.000496597203892, 0.00158088211901, -0.00826803315431, 0.0255191791803, -0.0123636396602, 0.0022705970332, 0.00126900698524, 0.00327523984015, -0.00482434500009], [-0.000534451566637, -0.000464783108328, -0.000717814080417, -0.00334463454783, 0.00386049388908, -0.00375134986825, 0.00465998146683, -0.0123636396602, 0.0294545423239, -0.00917831063271, 0.00259378412738, -0.00602397369221, 0.00696578714997], [0.000919621321373, -0.00109423929825, -0.000351173104718, 0.00643674144521, -0.00643177796155, 0.0026680175215, -0.00648767966777, 0.0022705970332, -0.00917831063271, 0.0262198373675, -0.0143630150706, 0.0099863531068, -0.00436498178169], [-0.000499155488797, -0.00121934956405, 0.00475804228336, -0.00521269347519, 0.00761852832511, -0.00804108288139, 0.00192221347243, 0.00126900698524, 0.00259378412738, -0.0143630150706, 0.0299095045775, -0.0105342408642, 0.00538438046351], [0.000314305128995, 0.00103054742794, -0.00100943550933, 0.00172184675466, -0.00582064082846, 0.00599883543327, -0.00231155171059, 0.00327523984015, -0.00602397369221, 0.0099863531068, -0.0105342408642, 0.0315944738686, -0.0137463733554], [0.000186277276953, -0.0038868621923, 0.00360521464609, -0.00215064664371, 0.0069961566478, -0.00466549582779, 0.00360944657587, -0.00482434500009, 0.00696578714997, -0.00436498178169, 0.00538438046351, -0.0137463733554, 0.0256584212184]]
    spectral_contrast:
        mean: [-3.92082512235e-07, 1.89337455936e-07, 1.88839596738e-10, -4.61523995909e-07, -2.41852035288e-07, 5.86364137689e-07, -1.4465113054e-06, 2.04523598768e-06, 3.34822902914e-06, -1.86106581168e-06, -1.28774877339e-06, -5.14193061463e-07]
        var: [0.000392161076888, 0.000572971242946, 0.00126729963813, 0.00213905377313, 0.00350397941656, 0.00468045379966, 0.04153547436, 0.0623926483095, 0.0810011178255, 0.13130787015, 0.168978586793, 1.04790878296]

rhythm:
    beats_loudness:
        dmean: 0.0028087226674
        dmean2: 0.00514326896518
        dvar: 4.10539269069e-06
        dvar2: 1.00485467556e-05
        max: 0.0112450886518
        mean: 0.0064148386009
        min: 0.00264226761647
        var: 5.27651263837e-06
    beats_loudness_bass:
        dmean: 0.184653833508
        dmean2: 0.33439540863
        dvar: 0.0178454685956
        dvar2: 0.049639493227
        max: 0.666246831417
        mean: 0.35378202796
        min: 0.0540807135403
        var: 0.0289939977229
    bpm: 125.792480469
    bpm_confidence: 0
    first_peak_bpm: 126
    first_peak_spread: 0
    first_peak_weight: 0.949999988079
    onset_rate: 5.86647748947
    second_peak_bpm: 79
    second_peak_spread: 0
    second_peak_weight: 0.0500000007451
    beats_position: [0.0450848825276, 0.522594928741, 1.00010490417, 1.47761487961, 1.95512485504, 2.43263483047, 2.91014480591, 3.38765478134, 3.86516475677, 4.34267473221, 4.82018470764, 5.29769420624, 6.06002664566, 6.53647470474, 7.01292133331, 7.4893693924, 7.96581697464, 8.44226455688, 8.91871166229, 9.39515972137, 9.87160682678]
    bpm_estimates: [125.663276672, 125.794189453, 125.761283875, 125.025611877, 125.799438477, 125.877799988, 125.843338013, 125.629165649, 125.050697327, 126.082061768, 125.966362, 126.074378967, 125.976036072, 125.519706726, 125.728302002, 126.105331421, 126.046737671, 126.148651123, 125.842658997, 125.914558411]
    bpm_intervals: [0.477510035038, 0.477509975433, 0.477509975433, 0.477509975433, 0.477509975433, 0.477509975433, 0.477509975433, 0.477509975433, 0.477509975433, 0.477509975433, 0.477509498596, 0.762332439423, 0.476448059082, 0.476446628571, 0.476448059082, 0.476447582245, 0.476447582245, 0.476447105408, 0.476448059082, 0.476447105408]
    onset_times: [0.0348299331963, 0.27863946557, 0.522448956966, 0.661768734455, 0.766258478165, 0.905578255653, 0.99845802784, 1.1261677742, 1.24226760864, 1.38158726692, 1.48607707024, 1.71827661991, 1.96208620071, 2.19428563118, 2.42648530006, 2.69351482391, 2.92571425438, 3.16952371597, 3.30884361267, 3.41333341599, 3.63392281532, 3.79646253586, 3.88934230804, 4.02866220474, 4.12154197693, 4.36535167694, 4.5046710968, 4.63238096237, 4.74848079681, 4.85297060013, 5.08517026901, 5.22448968887, 5.32897949219, 5.46829938889, 5.5727891922, 5.80498886108, 6.04879808426, 6.29260778427, 6.53641700745, 6.78022670746, 7.00081634521, 7.16335582733, 7.25623559952, 7.4884352684, 7.6277551651, 7.73224496841, 7.9644446373, 8.2198638916, 8.33596324921, 8.46367359161, 8.59138298035, 8.6958732605, 8.8119726181, 8.92807292938, 9.07900238037, 9.17188167572, 9.4040813446, 9.64789104462, 9.89170074463]
    rubato_start: []
    rubato_stop: []
    perceptual_tempo: "unknown"

sfx:
    inharmonicity:
        dmean: 0.0508604198694
        dmean2: 0.0914065167308
        dvar: 0.00317898299545
        dvar2: 0.00889955926687
        max: 0.362874954939
        mean: 0.052581705153
        min: 0.000440831208834
        var: 0.00292492099106
    oddtoevenharmonicenergyratio:
        dmean: 1.70239150524
        dmean2: 3.13268613815
        dvar: 18.8224239349
        dvar2: 54.6258964539
        max: 43.80676651
        mean: 1.32601046562
        min: 0.00300428410992
        var: 12.1733579636
    pitch_after_max_to_before_max_energy_ratio: 3.29536437988
    pitch_centroid: 210.411819458
    pitch_max_to_total: 0.149769589305
    pitch_min_to_total: 0.827188968658
    tristimulus:
        dmean: [0.199077427387, 0.231303334236, 0.143002986908]
        dmean2: [0.346628576517, 0.394204080105, 0.25340038538]
        dvar: [0.0313759855926, 0.0342554785311, 0.0146775897592]
        dvar2: [0.0827473029494, 0.0992226675153, 0.0445995815098]
        max: [0.897743463516, 0.93811750412, 0.676317751408]
        mean: [0.343614041805, 0.482027024031, 0.145443513989]
        min: [0.0212969575077, 0, 0]
        var: [0.0437955446541, 0.0510169751942, 0.0170285124332]

tonal:
    chords_changes_rate: 0.050458714366
    chords_number_rate: 0.0137614682317
    chords_strength:
        dmean: 0.00591500243172
        dmean2: 0.00733588356525
        dvar: 2.25238127314e-05
        dvar2: 3.26269764628e-05
        max: 0.739313364029
        mean: 0.633361518383
        min: 0.504682958126
        var: 0.00330106797628
    key_strength: 0.839197456837
    tuning_diatonic_strength: 0.699881970882
    tuning_equal_tempered_deviation: 0.118581838906
    tuning_frequency: 438.984558105
    tuning_nontempered_energy_ratio: 0.784746110439
    hpcp:
        dmean: [0.109371230006, 0.138515889645, 0.175491556525, 0.214329242706, 0.176915362477, 0.119695268571, 0.104077540338, 0.110741361976, 0.151869758964, 0.206152707338, 0.163588196039, 0.0852635800838, 0.0595094710588, 0.0824526846409, 0.0984845086932, 0.14826837182, 0.196456342936, 0.240970999002, 0.247414812446, 0.175289541483, 0.108377538621, 0.0643051043153, 0.0431322976947, 0.0825812444091, 0.114014521241, 0.106842145324, 0.0704936683178, 0.0412911735475, 0.0320472382009, 0.0625421479344, 0.1772287637, 0.22014683485, 0.238087132573, 0.225629553199, 0.20820222795, 0.118393287063]
        dmean2: [0.195842429996, 0.257007479668, 0.305977016687, 0.35982337594, 0.309669286013, 0.222786560655, 0.185414761305, 0.19480343163, 0.264538019896, 0.345537930727, 0.270852833986, 0.146529167891, 0.104725897312, 0.150736153126, 0.177282810211, 0.259839773178, 0.342623353004, 0.409524291754, 0.417665243149, 0.309589982033, 0.198503240943, 0.118092551827, 0.0736105442047, 0.138383969665, 0.182325839996, 0.17875020206, 0.121512651443, 0.0732592195272, 0.0562369786203, 0.107121676207, 0.309750109911, 0.37946420908, 0.409482002258, 0.400004565716, 0.345352500677, 0.209419354796]
        dvar: [0.0296144448221, 0.0396627523005, 0.0427131727338, 0.0526359826326, 0.0376297570765, 0.0342533327639, 0.0286061745137, 0.0291168186814, 0.0226282253861, 0.0422306619585, 0.0322577916086, 0.0166032761335, 0.0106151849031, 0.0214383006096, 0.0195720102638, 0.0405561514199, 0.040897898376, 0.048170376569, 0.0443830154836, 0.0356308668852, 0.0275835357606, 0.0139194047078, 0.00642491923645, 0.0117871528491, 0.0176457650959, 0.0165940113366, 0.0087462104857, 0.00268309027888, 0.0017298014136, 0.00621275184676, 0.0320003852248, 0.0355467088521, 0.03357033059, 0.0512172915041, 0.0287800431252, 0.0203723032027]
        dvar2: [0.0860416740179, 0.111072286963, 0.12201474607, 0.117456667125, 0.106993228197, 0.100266568363, 0.0789781585336, 0.0818564891815, 0.0578505285084, 0.113246761262, 0.0781215056777, 0.0440051369369, 0.0289188176394, 0.0613354258239, 0.0525083951652, 0.111214034259, 0.111348628998, 0.115596346557, 0.126336365938, 0.0953925549984, 0.0763517469168, 0.0380334928632, 0.0162604283541, 0.0311322230846, 0.0396897122264, 0.0399285368621, 0.0237999279052, 0.00730078713968, 0.00489303423092, 0.016970878467, 0.0874531790614, 0.0972682461143, 0.0928481891751, 0.110816948116, 0.0834804847836, 0.0527301877737]
        max: [1, 1, 1, 1, 1, 1, 1, 1, 1, 1, 1, 1, 0.851192474365, 1, 0.75440621376, 1, 1, 1, 1, 1, 1, 0.850283622742, 0.680705904961, 0.694541454315, 1, 1, 0.898220181465, 0.339434474707, 0.217013686895, 0.48106238246, 1, 1, 1, 1, 1, 1]
        mean: [0.094559751451, 0.111273653805, 0.202669873834, 0.295268237591, 0.208461865783, 0.104549147189, 0.104892022908, 0.142027541995, 0.260471999645, 0.368445754051, 0.262649387121, 0.102986454964, 0.0644812658429, 0.0717107579112, 0.0910128578544, 0.149719715118, 0.226785391569, 0.385481357574, 0.417940616608, 0.215893134475, 0.0872143208981, 0.0485553406179, 0.0397006347775, 0.106622301042, 0.202847361565, 0.17626863718, 0.0929171442986, 0.0510488376021, 0.032954800874, 0.082415997982, 0.288908571005, 0.390992611647, 0.56857252121, 0.742382347584, 0.428096711636, 0.129495158792]
        min: [0.00220901076682, 0.00298828072846, 0.00734097091481, 0.00857314839959, 0.00530808279291, 0.00226669595577, 0.00331096770242, 0.00783579796553, 0.0157576408237, 0.0169529821724, 0.0102369450033, 0.00265519181266, 0.00237215845846, 0.00284570129588, 0.00449369754642, 0.00626705680043, 0.00910147745162, 0.0211282931268, 0.0292333699763, 0.0162417590618, 0.00188837165479, 0.000886492955033, 0.000661118072458, 0.00078035070328, 0.00197071861476, 0.00436094449833, 0.00401011668146, 0.00186768418644, 0.00048110858188, 0.00122365518473, 0.00218404922634, 0.0243319682777, 0.0493838302791, 0.0792701989412, 0.0377233847976, 0.00364907388575]
        var: [0.0213162824512, 0.0290644261986, 0.0488266982138, 0.0977428779006, 0.0482823066413, 0.0242429301143, 0.0225107967854, 0.0226245298982, 0.0327749699354, 0.0754894018173, 0.057715844363, 0.0168623961508, 0.00831486191601, 0.0144698424265, 0.0158329997212, 0.0370960943401, 0.0470894053578, 0.0864377841353, 0.083939909935, 0.0381290875375, 0.0203348789364, 0.00974702462554, 0.0057422965765, 0.0158036593348, 0.053289052099, 0.0348912812769, 0.0114476112649, 0.00350414635614, 0.00163960119244, 0.00762000726536, 0.0709088891745, 0.074017226696, 0.0562013760209, 0.079381018877, 0.0610958226025, 0.0206039976329]
    chords_histogram: [48.1651382446, 0, 0, 0, 0, 0, 0, 0, 0, 0, 24.3119258881, 0, 0, 0, 0, 0, 0, 0, 0, 0, 0, 0, 0, 27.5229358673]
    thpcp: [1, 0.57665258646, 0.174431890249, 0.127373382449, 0.149887263775, 0.272999316454, 0.39773067832, 0.280801206827, 0.140829250216, 0.141291111708, 0.191313192248, 0.350859642029, 0.49630188942, 0.353792607784, 0.138724282384, 0.0868572220206, 0.0965954512358, 0.122595667839, 0.201674669981, 0.305483281612, 0.519249081612, 0.562972187996, 0.290811240673, 0.117478981614, 0.0654047653079, 0.0534773431718, 0.143621817231, 0.273238390684, 0.237436458468, 0.125160768628, 0.0687635391951, 0.0443906039, 0.111015565693, 0.389164119959, 0.526672840118, 0.765875577927]
    chords_key: "G#"
    chords_scale: "major"
    key_key: "G#"
    key_scale: "major"
    chords_progression: ["Fm", "Fm", "Fm", "Fm", "Fm", "Fm", "Fm", "Fm", "Fm", "Fm", "Fm", "Fm", "Fm", "Fm", "Fm", "Fm", "Fm", "Fm", "Fm", "Fm", "Fm", "Fm", "Fm", "Fm", "Fm", "Fm", "Fm", "Fm", "Fm", "G#", "G#", "G#", "G#", "G#", "G#", "G#", "G#", "G#", "G#", "G#", "G#", "G#", "G#", "G#", "G#", "G#", "G#", "G#", "G#", "G#", "G#", "G#", "G#", "G#", "G#", "G#", "G#", "G#", "G#", "G#", "G#", "G#", "G#", "G#", "G#", "G#", "G#", "G#", "G#", "G#", "G#", "G#", "G#", "G#", "G#", "G#", "G#", "G", "G#", "G#", "G#", "G", "G", "G", "G", "G", "G", "G", "G", "G", "G", "G", "G", "G", "G", "G", "G", "G", "G", "G", "G", "G", "G", "G", "G", "G", "G", "G", "G", "G", "G", "G", "G", "G", "G", "G", "G", "G", "G", "G", "G", "G", "G", "G", "G", "G", "G", "G", "G", "G", "G", "G", "G", "G#", "G#", "G#", "G#", "G#", "G#", "G#", "G#", "G#", "G#", "G#", "G#", "G#", "G#", "G#", "G#", "G#", "G#", "G#", "G#", "G#", "G#", "G#", "G#", "G#", "G#", "G#", "Fm", "Fm", "Fm", "Fm", "G#", "Fm", "Fm", "Fm", "Fm", "Fm", "Fm", "Fm", "Fm", "Fm", "G#", "G#", "Fm", "Fm", "Fm", "Fm", "Fm", "Fm", "Fm", "Fm", "Fm", "Fm", "Fm", "Fm", "Fm", "Fm", "Fm", "Fm", "Fm", "Fm", "G#", "G#", "G#", "G#", "G#", "G#", "G#", "G#", "G#", "G#", "G#", "G#", "G#", "G#", "G#", "G#", "G#", "G#", "G#", "G#", "G#", "G#", "G#", "G#"]
