
metadata:
    version:
        essentia: "1.2.2"
    audio_properties:
        analysis_sample_rate: 44100
        bitrate: 128
        channels: 2
        equal_loudness: 1
        length: 10.0310201645
        replay_gain: -12.5722675323
        downmix: "mix"
    tags:
        track: 16
        year: 0
        album: "Splitted by Mp3Splt v. 2.1"
        artist: "From 002.30 To 002.40"
        comment: "http://mp3splt.sf.net"
        genre: ""
        title: "06 Growing Old Disgracefully.m"

highlevel:
    ballroom:
        all:
            ChaChaCha: 0.0291924308985
            Jive: 0.882398188114
            Quickstep: 0.0298271067441
            Rumba-American: 0.000610473973211
            Rumba-International: 0.001033290755
            Rumba-Misc: 0.00108562794048
            Samba: 0.027924541384
            Tango: 0.00228393054567
            VienneseWaltz: 0.0239414516836
            Waltz: 0.00170296162833
        probability: 0.882398188114
        value: "Jive"
    culture:
        all:
            non_western: 0.0463342964649
            western: 0.953665673733
        probability: 0.953665673733
        value: "western"
    gender:
        all:
            female: 0.322088956833
            male: 0.677911043167
        probability: 0.677911043167
        value: "male"
    genre_dortmund:
        all:
            alternative: 0.195926994085
            blues: 0.00246976269409
            electronic: 0.0593558065593
            folkcountry: 0.159143745899
            funksoulrnb: 0.00530414516106
            jazz: 0.00385749945417
            pop: 0.0562801398337
            raphiphop: 0.00161506864242
            rock: 0.516046822071
        probability: 0.516046822071
        value: "rock"
    genre_electronica:
        all:
            ambient: 0.192062646151
            dnb: 0.0979138165712
            house: 0.00651114620268
            techno: 0.0146882096305
            trance: 0.688824176788
        probability: 0.688824176788
        value: "trance"
    genre_rosamerica:
        all:
            cla: 0.0108538381755
            dan: 0.0172923449427
            hip: 0.0045995474793
            jaz: 0.00173819216434
            pop: 0.00791533757001
            rhy: 0.00132349831983
            roc: 0.955486893654
            spe: 0.000790338555817
        probability: 0.955486893654
        value: "roc"
    genre_tzanetakis:
        all:
            blu: 0.0184563640505
            cla: 0.0255289915949
            cou: 0.0946892127395
            dis: 0.0485599376261
            hip: 0.0101923728362
            jaz: 0.0195369534194
            met: 0.0772280544043
            pop: 0.0373559705913
            reg: 0.0240900162607
            roc: 0.644362151623
        probability: 0.644362151623
        value: "roc"
    live_studio:
        all:
            live: 0.123940572143
            studio: 0.876059412956
        probability: 0.876059412956
        value: "studio"
    mood:
        all:
            Cluster1: 0.509593248367
            Cluster2: 0.109787255526
            Cluster3: 0.0218527168036
            Cluster4: 0.101036779583
            Cluster5: 0.257730007172
        probability: 0.509593248367
        value: "Cluster1"
    mood_acoustic:
        all:
            acoustic: 0.0148368710652
            not_acoustic: 0.985163152218
        probability: 0.985163152218
        value: "not_acoustic"
    mood_aggressive:
        all:
            aggressive: 0.96074783802
            not_aggressive: 0.039252191782
        probability: 0.96074783802
        value: "aggressive"
    mood_electronic:
        all:
            electronic: 0.402851730585
            not_electronic: 0.597148239613
        probability: 0.597148239613
        value: "not_electronic"
    mood_happy:
        all:
            happy: 0.696186840534
            not_happy: 0.303813159466
        probability: 0.696186840534
        value: "happy"
    mood_party:
        all:
            not_party: 0.314838260412
            party: 0.685161709785
        probability: 0.685161709785
        value: "party"
    mood_relaxed:
        all:
            not_relaxed: 0.269814938307
            relaxed: 0.730185091496
        probability: 0.730185091496
        value: "relaxed"
    mood_sad:
        all:
            not_sad: 0.98013228178
            sad: 0.019867701456
        probability: 0.98013228178
        value: "not_sad"
    rhythm:
        all:
            fast: 0.761541187763
            medium: 0.191839516163
            slow: 0.0466192923486
        probability: 0.761541187763
        value: "fast"
    speech_music:
        all:
            music: 0.995083212852
            speech: 0.00491679552943
        probability: 0.995083212852
        value: "music"
    timbre:
        all:
            bright: 0.131131127477
            dark: 0.868868887424
        probability: 0.868868887424
        value: "dark"
    voice_instrumental:
        all:
            instrumental: 0.350776165724
            voice: 0.649223804474
        probability: 0.649223804474
        value: "voice"

lowlevel:
    average_loudness: 0.985495567322
    barkbands_kurtosis:
        dmean: 0.31299418211
        dmean2: 0.520350813866
        dvar: 0.114138901234
        dvar2: 0.273642838001
        max: 1.48236227036
        mean: -1.06425976753
        min: -1.70861434937
        var: 0.205672308803
    barkbands_skewness:
        dmean: 0.287827789783
        dmean2: 0.456734210253
        dvar: 0.0552078858018
        dvar2: 0.141301378608
        max: 0.876156508923
        mean: -0.298315227032
        min: -1.65067374706
        var: 0.157090783119
    barkbands_spread:
        dmean: 3.91157960892
        dmean2: 6.2013335228
        dvar: 10.2723836899
        dvar2: 26.3004779816
        max: 48.6823616028
        mean: 31.6179866791
        min: 15.7681283951
        var: 28.4944725037
    dissonance:
        dmean: 0.0130941225216
        dmean2: 0.0222429297864
        dvar: 0.000150778549141
        dvar2: 0.00040873143007
        max: 0.499880939722
        mean: 0.478196680546
        min: 0.403768777847
        var: 0.000212312312215
    hfc:
        dmean: 2.860268116
        dmean2: 3.96333551407
        dvar: 9.20048236847
        dvar2: 17.6869468689
        max: 32.3585624695
        mean: 10.4694461823
        min: 3.17232680321
        var: 25.9833755493
    pitch:
        dmean: 559.922912598
        dmean2: 1084.94628906
        dvar: 1306923.75
        dvar2: 3691780.25
        max: 4410
        mean: 643.597900391
        min: 83.3648376465
        var: 1142076.125
    pitch_instantaneous_confidence:
        dmean: 0.0908609554172
        dmean2: 0.139003813267
        dvar: 0.00544177973643
        dvar2: 0.0120406039059
        max: 0.704701662064
        mean: 0.361059546471
        min: 0.142674565315
        var: 0.0186271574348
    pitch_salience:
        dmean: 0.0448750331998
        dmean2: 0.0729864835739
        dvar: 0.00144784408621
        dvar2: 0.00384844606742
        max: 0.819606244564
        mean: 0.699441671371
        min: 0.455934166908
        var: 0.00304609490559
    silence_rate_20dB:
        dmean: 0
        dmean2: 0
        dvar: 0
        dvar2: 0
        max: 1
        mean: 1
        min: 1
        var: 0
    silence_rate_30dB:
        dmean: 0
        dmean2: 0
        dvar: 0
        dvar2: 0
        max: 1
        mean: 1
        min: 1
        var: 0
    silence_rate_60dB:
        dmean: 0.111368909478
        dmean2: 0.220930233598
        dvar: 0.0989658609033
        dvar2: 0.209329500794
        max: 1
        mean: 0.115740738809
        min: 0
        var: 0.102344878018
    spectral_centroid:
        dmean: 218.914306641
        dmean2: 348.726165771
        dvar: 32776.1992188
        dvar2: 80371.8125
        max: 2841.41455078
        mean: 1904.42236328
        min: 1139.48986816
        var: 96629.265625
    spectral_complexity:
        dmean: 4.35897445679
        dmean2: 6.65186929703
        dvar: 13.5960922241
        dvar2: 29.5259456635
        max: 43
        mean: 22.2906970978
        min: 8
        var: 40.7969169617
    spectral_crest:
        dmean: 1.48864090443
        dmean2: 2.50154352188
        dvar: 2.17735671997
        dvar2: 5.64265394211
        max: 12.6382322311
        mean: 4.96063327789
        min: 2.43957257271
        var: 3.26050114632
    spectral_decrease:
        dmean: 2.97258356818e-10
        dmean2: 4.22216400731e-10
        dvar: 9.67082509659e-20
        dvar2: 2.18719607903e-19
        max: -4.4414535938e-10
        mean: -1.18193832499e-09
        min: -3.03584157813e-09
        var: 2.28525730667e-19
    spectral_energy:
        dmean: 0.00135156454053
        dmean2: 0.00190527515952
        dvar: 2.00046838472e-06
        dvar2: 4.33564400737e-06
        max: 0.014288588427
        mean: 0.00541051477194
        min: 0.00196404359303
        var: 4.95158610647e-06
    spectral_energyband_high:
        dmean: 0.000226425865549
        dmean2: 0.000333778880304
        dvar: 7.7894732442e-08
        dvar2: 1.58979943876e-07
        max: 0.00299669569358
        mean: 0.000541647721548
        min: 7.58038077038e-05
        var: 1.83562718803e-07
    spectral_energyband_low:
        dmean: 0.000127076491481
        dmean2: 0.000202267576242
        dvar: 1.40496325685e-08
        dvar2: 3.35340146762e-08
        max: 0.000929968780838
        mean: 0.000246209994657
        min: 2.11363367271e-05
        var: 2.6252511276e-08
    spectral_energyband_middle_high:
        dmean: 0.000834003905766
        dmean2: 0.00118684396148
        dvar: 7.3255927191e-07
        dvar2: 1.35838183724e-06
        max: 0.00965236965567
        mean: 0.00312352762558
        min: 0.000942617829423
        var: 2.29118450079e-06
    spectral_energyband_middle_low:
        dmean: 0.000586212845519
        dmean2: 0.000933801929932
        dvar: 5.97792734425e-07
        dvar2: 1.53022494942e-06
        max: 0.00726740853861
        mean: 0.00149911362678
        min: 0.00034368870547
        var: 8.85266047135e-07
    spectral_flatness_db:
        dmean: 0.0128973610699
        dmean2: 0.0194431710988
        dvar: 0.00011273817654
        dvar2: 0.000247166724876
        max: 0.185053125024
        mean: 0.128368899226
        min: 0.0802882611752
        var: 0.000300307525322
    spectral_flux:
        dmean: 0.00799813680351
        dmean2: 0.0117924986407
        dvar: 6.55068652122e-05
        dvar2: 0.000137013514177
        max: 0.0973023474216
        mean: 0.0449981465936
        min: 0.0216940250248
        var: 0.000150602703798
    spectral_kurtosis:
        dmean: 0.856431603432
        dmean2: 1.43372941017
        dvar: 0.636920690536
        dvar2: 1.68556940556
        max: 8.14677429199
        mean: 3.61797237396
        min: 0.67326593399
        var: 1.25207281113
    spectral_rms:
        dmean: 0.000281413755147
        dmean2: 0.000392335088691
        dvar: 7.43612034171e-08
        dvar2: 1.57389550282e-07
        max: 0.00373364239931
        mean: 0.00225196685642
        min: 0.00138424709439
        var: 2.07199605029e-07
    spectral_rolloff:
        dmean: 285.051177979
        dmean2: 459.592956543
        dvar: 63725.8359375
        dvar2: 156501.046875
        max: 4974.16992188
        mean: 3505.65722656
        min: 2476.31835938
        var: 166167.59375
    spectral_skewness:
        dmean: 0.146617874503
        dmean2: 0.231255367398
        dvar: 0.0179947260767
        dvar2: 0.0391603671014
        max: 2.56420207024
        mean: 1.38661324978
        min: 0.583309412003
        var: 0.0418485105038
    spectral_spread:
        dmean: 489384.5625
        dmean2: 697547.0625
        dvar: 364865421312
        dvar2: 579592912896
        max: 12345474
        mean: 4340590.5
        min: 2850874.5
        var: 763264565248
    spectral_strongpeak:
        dmean: 0.65767210722
        dmean2: 1.12250781059
        dvar: 0.673447310925
        dvar2: 1.60325610638
        max: 5.32117557526
        mean: 0.91666328907
        min: 0.0211715996265
        var: 0.969987511635
    zerocrossingrate:
        dmean: 0.00592197524384
        dmean2: 0.00738696521148
        dvar: 2.87613711407e-05
        dvar2: 4.03762533097e-05
        max: 0.14599609375
        mean: 0.104045920074
        min: 0.05517578125
        var: 0.000149647908984
    barkbands:
        dmean: [1.57936341338e-07, 6.21985964244e-05, 8.36068284116e-05, 7.82879214967e-05, 0.000231757963775, 9.03143663891e-05, 0.000150869062054, 0.000210578204133, 0.000173143082066, 0.000198958499823, 0.000140990421642, 6.95111521054e-05, 8.88707872946e-05, 9.9338045402e-05, 0.000144506120705, 0.000105080114736, 0.000133021196234, 0.000292076467304, 0.000232372025494, 0.000225667638006, 0.000111427340016, 1.8718685169e-05, 4.24734253102e-06, 1.64875041264e-06, 1.41749285376e-06, 1.14703020415e-07, 1.85492832205e-09]
        dmean2: [2.31522093941e-07, 9.38424054766e-05, 0.000137901384733, 0.000130375134177, 0.000397299678298, 0.000144099307363, 0.000251711433521, 0.000350706628524, 0.000259580643615, 0.000331154704327, 0.000223094961257, 0.000112592919322, 0.000138313189382, 0.000155202971655, 0.000239645974943, 0.000170303930645, 0.000218266359298, 0.00046761194244, 0.000339819525834, 0.000354123243596, 0.000168787926668, 2.94523688353e-05, 6.09628705206e-06, 2.37133758674e-06, 1.92190987036e-06, 1.69432013308e-07, 2.17235829325e-09]
        dvar: [6.6397028934e-13, 4.05298994366e-09, 5.97786664613e-09, 1.00439718764e-08, 8.38961682348e-08, 1.07858619813e-08, 4.47859029862e-08, 2.31545541851e-07, 1.14612184632e-07, 1.88673908497e-07, 4.27418207494e-08, 9.4740322254e-09, 1.78315300303e-08, 2.23004779087e-08, 3.30208109744e-08, 1.44030725124e-08, 1.64692437465e-08, 1.03064088819e-07, 7.60154961199e-08, 6.678093456e-08, 2.16433218014e-08, 1.06410291689e-09, 3.22002632891e-11, 4.61306470453e-12, 4.45470223209e-12, 4.2787391604e-14, 8.38721912915e-16]
        dvar2: [7.34827671801e-13, 8.8571683321e-09, 1.55447885675e-08, 2.63589683414e-08, 2.3867758614e-07, 2.94408017965e-08, 1.14208020818e-07, 5.56428574328e-07, 2.44125203608e-07, 4.477112725e-07, 1.1169646541e-07, 1.90999625005e-08, 4.13701890523e-08, 5.7005454579e-08, 7.92409267092e-08, 3.59933807204e-08, 3.89313328242e-08, 2.15020605765e-07, 1.50703726831e-07, 1.54105990191e-07, 4.73482586472e-08, 2.45065789883e-09, 6.65965824154e-11, 8.89668720638e-12, 8.42129404405e-12, 1.00068431731e-13, 8.42052340585e-16]
        max: [1.62548349181e-05, 0.000490261882078, 0.000568548392039, 0.000798587745521, 0.00215225969441, 0.00113564578351, 0.00248981988989, 0.00515541061759, 0.00449874252081, 0.00449350336567, 0.00265071727335, 0.00124065892305, 0.00157883169595, 0.0013469447149, 0.00179985340219, 0.00154705287423, 0.00149732315913, 0.00313960621133, 0.00341161200777, 0.00253701466136, 0.00159142084885, 0.000415751128457, 5.4899850511e-05, 2.11891565414e-05, 1.8810182155e-05, 1.48924254972e-06, 6.00682881213e-07]
        mean: [1.59085686846e-07, 0.000108124033432, 0.000137948998599, 0.000110433640657, 0.000357676966814, 0.000186547651538, 0.000240714449319, 0.000253714475548, 0.000300854735542, 0.000274401303614, 0.000267761613941, 0.000111852161353, 0.000155227695359, 0.000172439860762, 0.000288948649541, 0.000232091595535, 0.000312272604788, 0.000616261735559, 0.000532165402547, 0.000464664422907, 0.000230768389883, 3.91751746065e-05, 9.29932048166e-06, 4.22736184191e-06, 2.66838696916e-06, 1.18947028227e-07, 1.79071379947e-09]
        min: [1.42394651625e-10, 1.88245451227e-06, 2.38084908233e-06, 4.72749297842e-06, 7.53919084673e-06, 1.4226849089e-05, 2.57821375271e-05, 7.10950280336e-06, 1.94493259187e-05, 1.27977664306e-05, 1.11908339022e-05, 6.76189483784e-06, 1.10375331133e-05, 1.39262956509e-05, 3.10016803269e-05, 3.2329971873e-05, 3.48474859493e-05, 8.36238541524e-05, 7.87744938862e-05, 5.57820821996e-05, 3.19139544445e-05, 3.69446524928e-06, 1.07727487375e-06, 4.32508500126e-07, 1.10792889529e-07, 3.89979493143e-10, 1.37408313894e-13]
        var: [6.6556254865e-13, 9.03442032296e-09, 9.21555276534e-09, 1.04160564618e-08, 9.29009829065e-08, 2.03777350549e-08, 6.62242030103e-08, 2.32001866607e-07, 1.97174614414e-07, 2.32403792211e-07, 1.15904974507e-07, 1.72300751444e-08, 3.05726928218e-08, 3.07952205958e-08, 6.69612489901e-08, 2.13440998209e-08, 2.95825284269e-08, 2.17896854338e-07, 1.70675917843e-07, 1.36162682907e-07, 4.3509007952e-08, 1.83837634005e-09, 7.22362933359e-11, 1.17015008794e-11, 8.87587139203e-12, 4.64918664819e-14, 8.36957860924e-16]
    mfcc:
        mean: [-670.123840332, 104.767929077, -57.9182624817, 46.4531745911, -14.8613033295, -8.50304031372, 2.18568992615, -3.76000118256, 0.406148403883, -1.51837337017, -4.95519161224, -3.04289078712, -4.47816038132]
        cov: [[457.25213623, -150.183898926, 49.0608291626, -16.2061882019, -21.0486030579, 15.0326519012, 55.0995101929, -23.6162204742, -19.9149799347, 11.5853786469, 21.3796043396, -29.8672714233, -13.3566913605], [-150.183898926, 228.590438843, -80.4267501831, 7.44170379639, -4.65537881851, -17.6614646912, 18.8761100769, 5.12943077087, 10.6463060379, 13.6658735275, -3.05150437355, 22.8310203552, -7.73957586288], [49.0608291626, -80.4267501831, 151.627502441, 12.837428093, 24.4085922241, 12.9952335358, -44.0095558167, -2.59436488152, 11.755522728, -11.1147260666, 9.04757976532, 2.98119664192, 21.8698921204], [-16.2061882019, 7.44170379639, 12.837428093, 70.8137969971, 18.6814212799, 7.76778697968, -8.82814216614, 6.64334774017, 10.1338701248, -1.14019632339, -8.01637363434, 3.67405843735, 9.72174835205], [-21.0486030579, -4.65537881851, 24.4085922241, 18.6814212799, 71.7620315552, 2.91200304031, -10.8727178574, 11.4240684509, 10.9452180862, -1.35389089584, 11.2886390686, 3.77984786034, 15.5937547684], [15.0326519012, -17.6614646912, 12.9952335358, 7.76778697968, 2.91200304031, 58.6407585144, 21.8502120972, -1.58661901951, -8.22556114197, -4.907102108, -4.4589138031, 3.58189320564, 6.81821918488], [55.0995101929, 18.8761100769, -44.0095558167, -8.82814216614, -10.8727178574, 21.8502120972, 101.178092957, 13.8205127716, -10.421210289, 4.69365978241, -1.09172022343, 5.18183231354, 2.63009762764], [-23.6162204742, 5.12943077087, -2.59436488152, 6.64334774017, 11.4240684509, -1.58661901951, 13.8205127716, 47.8819885254, 23.1212978363, 7.51773643494, 3.31635022163, 0.487072646618, 2.64185070992], [-19.9149799347, 10.6463060379, 11.755522728, 10.1338701248, 10.9452180862, -8.22556114197, -10.421210289, 23.1212978363, 60.9718360901, 25.875579834, 4.00471401215, 4.98835802078, -3.55828881264], [11.5853786469, 13.6658735275, -11.1147260666, -1.14019632339, -1.35389089584, -4.907102108, 4.69365978241, 7.51773643494, 25.875579834, 46.678352356, 12.3862171173, 2.87409448624, -6.61468839645], [21.3796043396, -3.05150437355, 9.04757976532, -8.01637363434, 11.2886390686, -4.4589138031, -1.09172022343, 3.31635022163, 4.00471401215, 12.3862171173, 41.3744087219, 12.1160774231, 3.89826083183], [-29.8672714233, 22.8310203552, 2.98119664192, 3.67405843735, 3.77984786034, 3.58189320564, 5.18183231354, 0.487072646618, 4.98835802078, 2.87409448624, 12.1160774231, 41.4435653687, 16.0087985992], [-13.3566913605, -7.73957586288, 21.8698921204, 9.72174835205, 15.5937547684, 6.81821918488, 2.63009762764, 2.64185070992, -3.55828881264, -6.61468839645, 3.89826083183, 16.0087985992, 46.3589935303]]
        icov: [[0.0041551431641, 0.00241038762033, -0.00156496011186, -0.000848648778629, 0.000948933535255, 0.00108715996612, -0.0041409288533, 0.00309001444839, 0.000104855236714, -0.0013762912713, -0.00275601772591, 0.00255902647041, 0.00125529163051], [0.00241038762033, 0.00756341265514, 0.00230325502343, -0.00140769523568, -6.46343250992e-05, 0.00206160219386, -0.00251160259359, 0.00204944703728, -0.00080246780999, -0.00121833221056, -0.000377912801923, -0.00269332900643, 0.00163645599969], [-0.00156496011186, 0.00230325502343, 0.0117784161121, -0.000177486130269, -0.0013969889842, -0.00334169249982, 0.00571021111682, -0.000122266370454, -0.00390069256537, 0.00358403054997, -0.00137441349216, -0.00129190413281, -0.00416754698381], [-0.000848648778629, -0.00140769523568, -0.000177486130269, 0.0172493662685, -0.00398477585986, -0.00272884150036, 0.00263558235019, -0.00200951704755, -0.00160422024783, -0.000189684986253, 0.00563886575401, -0.00158014125191, -0.00238509546034], [0.000948933535255, -6.46343250992e-05, -0.0013969889842, -0.00398477585986, 0.0185393039137, -0.000941437319852, 0.000538218242582, -0.00216038548388, -0.00241048634052, 0.00239579309709, -0.0070029059425, 0.00351472152397, -0.00471576908603], [0.00108715996612, 0.00206160219386, -0.00334169249982, -0.00272884150036, -0.000941437319852, 0.0218723975122, -0.00739652523771, 0.00233634235337, 0.00250301556662, -0.000940579222515, 0.00259623141028, -0.00205921218731, 0.000743090757169], [-0.0041409288533, -0.00251160259359, 0.00571021111682, 0.00263558235019, 0.000538218242582, -0.00739652523771, 0.0189526658505, -0.00920313969254, 0.00351527496241, -0.000941241218243, 0.00288880919106, -0.00385174178518, -0.00328016187996], [0.00309001444839, 0.00204944703728, -0.000122266370454, -0.00200951704755, -0.00216038548388, 0.00233634235337, -0.00920313969254, 0.0320907495916, -0.0133538581431, 0.00263420492411, -0.00472610630095, 0.00536881061271, -0.00131771306042], [0.000104855236714, -0.00080246780999, -0.00390069256537, -0.00160422024783, -0.00241048634052, 0.00250301556662, 0.00351527496241, -0.0133538581431, 0.0314614102244, -0.0167394578457, 0.00562701467425, -0.00533767230809, 0.00447347387671], [-0.0013762912713, -0.00121833221056, 0.00358403054997, -0.000189684986253, 0.00239579309709, -0.000940579222515, -0.000941241218243, 0.00263420492411, -0.0167394578457, 0.0347206033766, -0.0105555923656, 0.0017138554249, 0.000949837558437], [-0.00275601772591, -0.000377912801923, -0.00137441349216, 0.00563886575401, -0.0070029059425, 0.00259623141028, 0.00288880919106, -0.00472610630095, 0.00562701467425, -0.0105555923656, 0.035903789103, -0.0129201486707, 0.00105620338582], [0.00255902647041, -0.00269332900643, -0.00129190413281, -0.00158014125191, 0.00351472152397, -0.00205921218731, -0.00385174178518, 0.00536881061271, -0.00533767230809, 0.0017138554249, -0.0129201486707, 0.0367062650621, -0.0114925643429], [0.00125529163051, 0.00163645599969, -0.00416754698381, -0.00238509546034, -0.00471576908603, 0.000743090757169, -0.00328016187996, -0.00131771306042, 0.00447347387671, 0.000949837558437, 0.00105620338582, -0.0114925643429, 0.0307687222958]]
    spectral_contrast:
        mean: [2.28239009914e-08, -2.44114801262e-07, -2.55056761489e-07, -1.11108946044e-07, -2.91490977133e-07, -8.43128518113e-08, 8.82356687271e-07, -1.78994139333e-06, -1.70912855424e-07, 1.17934030186e-06, -1.91157641893e-06, 1.90093771835e-06]
        var: [0.000377032498363, 0.000453839515103, 0.000844177382533, 0.00110728759319, 0.00229234038852, 0.00285472790711, 0.0267980117351, 0.0394675955176, 0.0731259211898, 0.0992657393217, 0.187808051705, 0.320986896753]

rhythm:
    beats_loudness:
        dmean: 0.00147371762432
        dmean2: 0.00289926771075
        dvar: 1.35682785185e-06
        dvar2: 3.43686315318e-06
        max: 0.0107209542766
        mean: 0.0087888520211
        min: 0.00624282751232
        var: 1.40334816479e-06
    beats_loudness_bass:
        dmean: 0.0291363932192
        dmean2: 0.055572707206
        dvar: 0.000577229599003
        dvar2: 0.0018191896379
        max: 0.111584424973
        mean: 0.0542144365609
        min: 0.0239164866507
        var: 0.000526805466507
    bpm: 86.430480957
    bpm_confidence: 0
    first_peak_bpm: 86
    first_peak_spread: 0.0714285969734
    first_peak_weight: 0.928571403027
    onset_rate: 4.2867026329
    second_peak_bpm: 0
    second_peak_spread: 0
    second_peak_weight: 0
    beats_position: [0.141401901841, 0.835666775703, 1.52993178368, 2.22419667244, 2.91846179962, 3.61272668839, 4.30699157715, 5.00125646591, 5.69552087784, 6.42311477661, 7.11722135544, 7.81132793427, 8.50543308258, 9.19953918457, 9.89364528656]
    bpm_estimates: [86.3599243164, 86.2873001099, 86.3864364624, 86.2553100586, 86.5996780396, 86.6469573975, 86.6672515869, 86.3491516113, 86.403717041, 86.3491210938]
    bpm_intervals: [0.694264888763, 0.694265007973, 0.694264888763, 0.694265127182, 0.694264888763, 0.694264888763, 0.694264888763, 0.694264411926, 0.727593898773, 0.694106578827, 0.694106578827, 0.694105148315, 0.69410610199, 0.69410610199]
    onset_times: [0.0580498874187, 0.150929704309, 0.49922901392, 0.812698423862, 1.02167797089, 1.19582772255, 1.369977355, 1.54412698746, 1.71827661991, 1.88081634045, 2.22911572456, 2.40326523781, 2.75156474113, 2.92571425438, 3.44816327095, 3.59909296036, 3.99383211136, 4.13315200806, 4.27247142792, 4.31891155243, 4.51628112793, 4.66721105576, 4.92263031006, 5.01551008224, 5.18966007233, 5.72371864319, 6.06040811539, 6.37387752533, 6.78022670746, 6.94276666641, 7.11691617966, 7.46521520615, 7.70902490616, 7.81351470947, 7.97605419159, 8.32435417175, 8.52172374725, 8.73070335388, 8.893242836, 9.18349170685, 9.54340171814, 9.70594120026, 9.90331077576]
    rubato_start: []
    rubato_stop: []
    perceptual_tempo: "unknown"

sfx:
    inharmonicity:
        dmean: 0.0566472038627
        dmean2: 0.0968848690391
        dvar: 0.0026666787453
        dvar2: 0.00710457004607
        max: 0.417925059795
        mean: 0.0819492638111
        min: 0.000579404993914
        var: 0.00346860685386
    oddtoevenharmonicenergyratio:
        dmean: 1.45312285423
        dmean2: 2.65959095955
        dvar: 7.46967124939
        dvar2: 21.9074401855
        max: 20.872428894
        mean: 1.20821928978
        min: 0.0137930577621
        var: 5.35293149948
    pitch_after_max_to_before_max_energy_ratio: 3.44190812111
    pitch_centroid: 254.392837524
    pitch_max_to_total: 0.420930236578
    pitch_min_to_total: 0.96046513319
    tristimulus:
        dmean: [0.135205760598, 0.179879188538, 0.157627984881]
        dmean2: [0.232303798199, 0.301507532597, 0.275189876556]
        dvar: [0.0120985284448, 0.0221304297447, 0.0157872829586]
        dvar2: [0.0330873019993, 0.0644720196724, 0.046371974051]
        max: [0.841773211956, 0.930611073971, 0.668567538261]
        mean: [0.294054597616, 0.475085586309, 0.202023148537]
        min: [0.0243024677038, 0, 0]
        var: [0.0187864396721, 0.0331375561655, 0.0206153113395]

tonal:
    chords_changes_rate: 0
    chords_number_rate: 0.00462962966412
    chords_strength:
        dmean: 0.00560537865385
        dmean2: 0.00734320702031
        dvar: 1.91984581761e-05
        dvar2: 3.16005207424e-05
        max: 0.814188361168
        mean: 0.708504915237
        min: 0.610353052616
        var: 0.00262689846568
    key_strength: 0.706159472466
    tuning_diatonic_strength: 0.675222694874
    tuning_equal_tempered_deviation: 0.0912061035633
    tuning_frequency: 438.731048584
    tuning_nontempered_energy_ratio: 0.744450867176
    hpcp:
        dmean: [0.26096329093, 0.213986411691, 0.138413369656, 0.116324082017, 0.143755063415, 0.15881383419, 0.170702561736, 0.199948936701, 0.21436162293, 0.234126791358, 0.207098945975, 0.164714157581, 0.142237976193, 0.122403636575, 0.116327613592, 0.104333087802, 0.0922155231237, 0.0956309065223, 0.0723132193089, 0.0676358416677, 0.0813811868429, 0.108677253127, 0.127704560757, 0.18670001626, 0.225806102157, 0.216716215014, 0.179044023156, 0.174958243966, 0.173633933067, 0.207119137049, 0.189629256725, 0.164934679866, 0.155953273177, 0.13109190762, 0.128812581301, 0.201101794839]
        dmean2: [0.431699067354, 0.377392202616, 0.246844872832, 0.198334768414, 0.239172250032, 0.262177616358, 0.274396747351, 0.327927559614, 0.357115924358, 0.376579672098, 0.335922092199, 0.278317809105, 0.236927956343, 0.197034180164, 0.196774810553, 0.175874680281, 0.146870166063, 0.159811556339, 0.12340272218, 0.116446964443, 0.14473310113, 0.189035832882, 0.217103227973, 0.295868217945, 0.367067635059, 0.359655827284, 0.300202846527, 0.295565724373, 0.281907528639, 0.355708390474, 0.318263441324, 0.263138562441, 0.261557668447, 0.220945984125, 0.215889424086, 0.338235378265]
        dvar: [0.0392088331282, 0.0416374355555, 0.0224130917341, 0.0172778386623, 0.025507574901, 0.0211482029408, 0.0285435467958, 0.0317765921354, 0.0337220840156, 0.0398984141648, 0.0278788469732, 0.0287603959441, 0.0215512979776, 0.0139024527743, 0.0187955237925, 0.0129001801834, 0.00776666216552, 0.00766229908913, 0.00401971628889, 0.00579478079453, 0.00702181924134, 0.0100283818319, 0.0162343196571, 0.0238579772413, 0.0397214442492, 0.0319720767438, 0.0346135087311, 0.039647243917, 0.0341134928167, 0.0398143306375, 0.0260214097798, 0.0288262404501, 0.0353634357452, 0.0206774696708, 0.0185791645199, 0.0292902272195]
        dvar2: [0.0923886969686, 0.118789806962, 0.0604201033711, 0.048362839967, 0.0637620612979, 0.0500465594232, 0.070207670331, 0.0852199420333, 0.0919477418065, 0.108554020524, 0.0833193957806, 0.0717239528894, 0.0537446513772, 0.0344863422215, 0.0520297400653, 0.0357901751995, 0.0201027281582, 0.0197885632515, 0.0100016379729, 0.0153934340924, 0.0180413294584, 0.0279666334391, 0.0433239117265, 0.0609405227005, 0.091745108366, 0.0830768793821, 0.0920111760497, 0.102215252817, 0.0732747167349, 0.0962243005633, 0.0629469081759, 0.0756327584386, 0.0915566757321, 0.054253231734, 0.0494841560721, 0.0690790489316]
        max: [1, 1, 1, 0.945275127888, 1, 1, 1, 1, 1, 1, 1, 1, 1, 1, 0.948403775692, 0.895137488842, 0.742063105106, 0.793102383614, 0.454643279314, 0.613606870174, 0.834425389767, 0.721139431, 1, 1, 1, 1, 1, 1, 1, 1, 1, 1, 1, 0.828218281269, 1, 1]
        mean: [0.531953215599, 0.371325105429, 0.218153223395, 0.222794950008, 0.248355522752, 0.28075042367, 0.314115256071, 0.345852732658, 0.410294026136, 0.531727910042, 0.463147222996, 0.290155529976, 0.240386947989, 0.222486406565, 0.210477843881, 0.190565481782, 0.188677176833, 0.196011140943, 0.152014240623, 0.10437207669, 0.123523920774, 0.180374398828, 0.213025569916, 0.379540503025, 0.584753096104, 0.44163697958, 0.244091063738, 0.245380908251, 0.282275527716, 0.344366252422, 0.389742672443, 0.349807053804, 0.259437978268, 0.206851422787, 0.214177787304, 0.384603708982]
        min: [0.068851351738, 0.0422447435558, 0.0349875092506, 0.0385159477592, 0.026217347011, 0.030097251758, 0.0246559027582, 0.0232721213251, 0.0374709777534, 0.0282588228583, 0.0301215574145, 0.0253729000688, 0.0300696175545, 0.0407178029418, 0.0286698993295, 0.0167940575629, 0.0250963140279, 0.0268437620252, 0.0172693803906, 0.0133433910087, 0.0105805648491, 0.014488492161, 0.0241695400327, 0.0573285259306, 0.0662263259292, 0.0504688322544, 0.0243089534342, 0.0143646169454, 0.0165448412299, 0.029239539057, 0.0420694388449, 0.0364098288119, 0.0195311754942, 0.00963311083615, 0.0252403151244, 0.041913099587]
        var: [0.0772662013769, 0.0520673319697, 0.0329279378057, 0.0290309898555, 0.0368459559977, 0.0409366562963, 0.0638189762831, 0.0708191171288, 0.0615146867931, 0.0740000531077, 0.0607124827802, 0.0399640575051, 0.033287666738, 0.0250157862902, 0.0212713796645, 0.015193332918, 0.0128997247666, 0.013193112798, 0.00783994421363, 0.00689927581698, 0.00826923642308, 0.0149489603937, 0.0217225644737, 0.0420863628387, 0.0843944847584, 0.0601637624204, 0.0407099723816, 0.048874411732, 0.0558707304299, 0.0591782294214, 0.0490780584514, 0.064674988389, 0.0527866147459, 0.026060918346, 0.0230185110122, 0.0461087189615]
    chords_histogram: [100, 0, 0, 0, 0, 0, 0, 0, 0, 0, 0, 0, 0, 0, 0, 0, 0, 0, 0, 0, 0, 0, 0, 0]
    thpcp: [1, 0.755253791809, 0.417425870895, 0.419631659985, 0.4827260077, 0.588908791542, 0.666508078575, 0.598213255405, 0.443670988083, 0.353741466999, 0.366270452738, 0.65771985054, 0.90970569849, 0.635011792183, 0.373068958521, 0.381006866693, 0.424718618393, 0.480117887259, 0.537175893784, 0.591450870037, 0.701653420925, 0.909320354462, 0.792038917542, 0.496201783419, 0.41109135747, 0.380479216576, 0.359943091869, 0.325890511274, 0.322661280632, 0.335203260183, 0.25996312499, 0.178489133716, 0.211241155863, 0.308462500572, 0.364300042391, 0.649061143398]
    chords_key: "F"
    chords_scale: "major"
    key_key: "F"
    key_scale: "major"
    chords_progression: ["F", "F", "F", "F", "F", "F", "F", "F", "F", "F", "F", "F", "F", "F", "F", "F", "F", "F", "F", "F", "F", "F", "F", "F", "F", "F", "F", "F", "F", "F", "F", "F", "F", "F", "F", "F", "F", "F", "F", "F", "F", "F", "F", "F", "F", "F", "F", "F", "F", "F", "F", "F", "F", "F", "F", "F", "F", "F", "F", "F", "F", "F", "F", "F", "F", "F", "F", "F", "F", "F", "F", "F", "F", "F", "F", "F", "F", "F", "F", "F", "F", "F", "F", "F", "F", "F", "F", "F", "F", "F", "F", "F", "F", "F", "F", "F", "F", "F", "F", "F", "F", "F", "F", "F", "F", "F", "F", "F", "F", "F", "F", "F", "F", "F", "F", "F", "F", "F", "F", "F", "F", "F", "F", "F", "F", "F", "F", "F", "F", "F", "F", "F", "F", "F", "F", "F", "F", "F", "F", "F", "F", "F", "F", "F", "F", "F", "F", "F", "F", "F", "F", "F", "F", "F", "F", "F", "F", "F", "F", "F", "F", "F", "F", "F", "F", "F", "F", "F", "F", "F", "F", "F", "F", "F", "F", "F", "F", "F", "F", "F", "F", "F", "F", "F", "F", "F", "F", "F", "F", "F", "F", "F", "F", "F", "F", "F", "F", "F", "F", "F", "F", "F", "F", "F", "F", "F", "F", "F", "F", "F", "F", "F", "F", "F", "F", "F"]
