
metadata:
    version:
        essentia: "1.2.2"
    audio_properties:
        analysis_sample_rate: 44100
        bitrate: 128
        channels: 2
        equal_loudness: 1
        length: 10.0310201645
        replay_gain: -11.845369339
        downmix: "mix"
    tags:
        track: 8
        year: 0
        album: "Splitted by Mp3Splt v. 2.1"
        artist: "From 001.10 To 001.20"
        comment: "http://mp3splt.sf.net"
        genre: ""
        title: "08 Silver Inches.mp3"

highlevel:
    ballroom:
        all:
            ChaChaCha: 0.00300339865498
            Jive: 0.00452397763729
            Quickstep: 0.013204745017
            Rumba-American: 0.00515626184642
            Rumba-International: 0.349390000105
            Rumba-Misc: 0.0650193989277
            Samba: 0.00465581845492
            Tango: 0.0235993526876
            VienneseWaltz: 0.176275998354
            Waltz: 0.355171024799
        probability: 0.355171024799
        value: "Waltz"
    culture:
        all:
            non_western: 0.451376438141
            western: 0.548623561859
        probability: 0.548623561859
        value: "western"
    gender:
        all:
            female: 0.951837718487
            male: 0.0481622666121
        probability: 0.951837718487
        value: "female"
    genre_dortmund:
        all:
            alternative: 0.353190779686
            blues: 0.00506294611841
            electronic: 0.0695008188486
            folkcountry: 0.277588009834
            funksoulrnb: 0.00594058446586
            jazz: 0.0641349181533
            pop: 0.142076551914
            raphiphop: 0.00151121418457
            rock: 0.0809941664338
        probability: 0.353190779686
        value: "alternative"
    genre_electronica:
        all:
            ambient: 0.940007388592
            dnb: 0.00972998235375
            house: 0.00659114774317
            techno: 0.00465585524216
            trance: 0.0390156395733
        probability: 0.940007388592
        value: "ambient"
    genre_rosamerica:
        all:
            cla: 0.471900045872
            dan: 0.0310136359185
            hip: 0.0114733232185
            jaz: 0.0336537361145
            pop: 0.0442895181477
            rhy: 0.032269757241
            roc: 0.370240777731
            spe: 0.00515922065824
        probability: 0.471900045872
        value: "cla"
    genre_tzanetakis:
        all:
            blu: 0.0408671014011
            cla: 0.230447649956
            cou: 0.13289783895
            dis: 0.0434315353632
            hip: 0.00826776400208
            jaz: 0.107583165169
            met: 0.0332278981805
            pop: 0.0188754666597
            reg: 0.0139292664826
            roc: 0.370472311974
        probability: 0.370472311974
        value: "roc"
    live_studio:
        all:
            live: 0.1475481987
            studio: 0.8524518013
        probability: 0.8524518013
        value: "studio"
    mood:
        all:
            Cluster1: 0.0379782691598
            Cluster2: 0.0602371841669
            Cluster3: 0.850295543671
            Cluster4: 0.0117717329413
            Cluster5: 0.0397172532976
        probability: 0.850295543671
        value: "Cluster3"
    mood_acoustic:
        all:
            acoustic: 0.360806852579
            not_acoustic: 0.639193177223
        probability: 0.639193177223
        value: "not_acoustic"
    mood_aggressive:
        all:
            aggressive: 0.0262467190623
            not_aggressive: 0.973753273487
        probability: 0.973753273487
        value: "not_aggressive"
    mood_electronic:
        all:
            electronic: 0.255151003599
            not_electronic: 0.744849026203
        probability: 0.744849026203
        value: "not_electronic"
    mood_happy:
        all:
            happy: 0.140800267458
            not_happy: 0.859199762344
        probability: 0.859199762344
        value: "not_happy"
    mood_party:
        all:
            not_party: 0.985193133354
            party: 0.0148068433627
        probability: 0.985193133354
        value: "not_party"
    mood_relaxed:
        all:
            not_relaxed: 0.00905392412096
            relaxed: 0.990946054459
        probability: 0.990946054459
        value: "relaxed"
    mood_sad:
        all:
            not_sad: 0.0688206255436
            sad: 0.931179404259
        probability: 0.931179404259
        value: "sad"
    rhythm:
        all:
            fast: 0.0175936874002
            medium: 0.145110189915
            slow: 0.837296128273
        probability: 0.837296128273
        value: "slow"
    speech_music:
        all:
            music: 0.979097425938
            speech: 0.0209025666118
        probability: 0.979097425938
        value: "music"
    timbre:
        all:
            bright: 0.958057165146
            dark: 0.0419428274035
        probability: 0.958057165146
        value: "bright"
    voice_instrumental:
        all:
            instrumental: 0.999999880791
            voice: 1.1919738796e-07
        probability: 0.999999880791
        value: "instrumental"

lowlevel:
    average_loudness: 0.973386108875
    barkbands_kurtosis:
        dmean: 2.01090145111
        dmean2: 2.92006731033
        dvar: 3.36646556854
        dvar2: 6.28344631195
        max: 23.8757381439
        mean: 6.7969083786
        min: -0.686251163483
        var: 12.7372179031
    barkbands_skewness:
        dmean: 0.326173245907
        dmean2: 0.473990499973
        dvar: 0.0741523578763
        dvar2: 0.152273744345
        max: 4.24254512787
        mean: 2.22513580322
        min: 0.722023427486
        var: 0.296289414167
    barkbands_spread:
        dmean: 1.9180816412
        dmean2: 2.88840413094
        dvar: 4.76249599457
        dvar2: 9.30347537994
        max: 24.5997848511
        mean: 9.16779708862
        min: 3.30120182037
        var: 11.884185791
    dissonance:
        dmean: 0.0234450511634
        dmean2: 0.0384360738099
        dvar: 0.000413236382883
        dvar2: 0.00102006993257
        max: 0.493139654398
        mean: 0.432528287172
        min: 0.302752614021
        var: 0.000863008084707
    hfc:
        dmean: 0.477460086346
        dmean2: 0.59246301651
        dvar: 0.492718309164
        dvar2: 0.688108086586
        max: 7.09552240372
        mean: 1.90509974957
        min: 0.0282438527793
        var: 1.77218711376
    pitch:
        dmean: 61.8375740051
        dmean2: 117.912063599
        dvar: 8328.27734375
        dvar2: 20297.203125
        max: 551.25
        mean: 156.14012146
        min: 73.3777008057
        var: 7841.53515625
    pitch_instantaneous_confidence:
        dmean: 0.0637256652117
        dmean2: 0.100768104196
        dvar: 0.0028400470037
        dvar2: 0.00648556323722
        max: 0.710008919239
        mean: 0.43004411459
        min: 0.192092120647
        var: 0.0096938079223
    pitch_salience:
        dmean: 0.0599498674273
        dmean2: 0.0924985781312
        dvar: 0.00243844650686
        dvar2: 0.00610964233056
        max: 0.852542877197
        mean: 0.646567523479
        min: 0.364690989256
        var: 0.00843516178429
    silence_rate_20dB:
        dmean: 0
        dmean2: 0
        dvar: 0
        dvar2: 0
        max: 1
        mean: 1
        min: 1
        var: 0
    silence_rate_30dB:
        dmean: 0
        dmean2: 0
        dvar: 0
        dvar2: 0
        max: 1
        mean: 1
        min: 1
        var: 0
    silence_rate_60dB:
        dmean: 0.106481485069
        dmean2: 0.211136892438
        dvar: 0.0951432064176
        dvar2: 0.17583887279
        max: 1
        mean: 0.461893767118
        min: 0
        var: 0.248548224568
    spectral_centroid:
        dmean: 52.3660774231
        dmean2: 73.5929489136
        dvar: 3285.69628906
        dvar2: 6728.5234375
        max: 908.471618652
        mean: 448.368774414
        min: 290.664642334
        var: 10160.4316406
    spectral_complexity:
        dmean: 1.38747096062
        dmean2: 2.15581393242
        dvar: 1.59696686268
        dvar2: 2.8571164608
        max: 16
        mean: 7.47222232819
        min: 0
        var: 5.08719825745
    spectral_crest:
        dmean: 1.81988120079
        dmean2: 2.77015018463
        dvar: 2.76539587975
        dvar2: 6.80064535141
        max: 19.1899929047
        mean: 9.90737247467
        min: 4.34895515442
        var: 7.84767389297
    spectral_decrease:
        dmean: 2.58558757738e-10
        dmean2: 3.41675604476e-10
        dvar: 1.1566482015e-19
        dvar2: 1.9495978831e-19
        max: -1.81940660454e-11
        mean: -1.07659148263e-09
        min: -4.48611903181e-09
        var: 4.66317486858e-19
    spectral_energy:
        dmean: 0.0010155106429
        dmean2: 0.00133870949503
        dvar: 1.79566768566e-06
        dvar2: 2.98784789265e-06
        max: 0.0175603386015
        mean: 0.0042360983789
        min: 7.12302498869e-05
        var: 7.23085486243e-06
    spectral_energyband_high:
        dmean: 7.67979963712e-06
        dmean2: 9.55555606197e-06
        dvar: 1.63629124139e-10
        dvar2: 2.72351030617e-10
        max: 0.000148910999997
        mean: 1.66033969435e-05
        min: 4.17360894289e-07
        var: 4.1901751513e-10
    spectral_energyband_low:
        dmean: 0.000153085333295
        dmean2: 0.000212716055103
        dvar: 6.66768400492e-08
        dvar2: 9.9645781404e-08
        max: 0.00521265203133
        mean: 0.000411020737374
        min: 1.22262690638e-06
        var: 3.18737335192e-07
    spectral_energyband_middle_high:
        dmean: 0.000112429712317
        dmean2: 0.000138608535053
        dvar: 1.89402147299e-08
        dvar2: 2.64565827024e-08
        max: 0.00168501224834
        mean: 0.00037295348011
        min: 3.25966379933e-06
        var: 7.2679405605e-08
    spectral_energyband_middle_low:
        dmean: 0.000922982289921
        dmean2: 0.00126838020515
        dvar: 1.60445313213e-06
        dvar2: 2.87101374852e-06
        max: 0.0162862818688
        mean: 0.00343552371487
        min: 5.27412412339e-05
        var: 5.5969208006e-06
    spectral_flatness_db:
        dmean: 0.0169866085052
        dmean2: 0.0244187563658
        dvar: 0.000225091454922
        dvar2: 0.000445208133897
        max: 0.31024736166
        mean: 0.22639285028
        min: 0.118029654026
        var: 0.00101208838169
    spectral_flux:
        dmean: 0.00629641441628
        dmean2: 0.00987743679434
        dvar: 6.0536662204e-05
        dvar2: 0.000120864897326
        max: 0.0872337073088
        mean: 0.0251817591488
        min: 0.00843980163336
        var: 0.000154246125021
    spectral_kurtosis:
        dmean: 4.73032283783
        dmean2: 8.25421142578
        dvar: 18.9719276428
        dvar2: 61.6518173218
        max: 40.6597747803
        mean: 12.4736509323
        min: 2.94059801102
        var: 30.0713253021
    spectral_rms:
        dmean: 0.000228999822866
        dmean2: 0.000298309285427
        dvar: 7.27215265783e-08
        dvar2: 1.05089497993e-07
        max: 0.00413908669725
        mean: 0.00194748130161
        min: 0.000263615103904
        var: 3.40099603591e-07
    spectral_rolloff:
        dmean: 112.11252594
        dmean2: 181.12928772
        dvar: 35823.2929688
        dvar2: 79360.3046875
        max: 2196.38671875
        mean: 591.365600586
        min: 258.3984375
        var: 50306.34375
    spectral_skewness:
        dmean: 0.389138281345
        dmean2: 0.671944856644
        dvar: 0.113551475108
        dvar2: 0.348817020655
        max: 4.81317186356
        mean: 2.64551877975
        min: 1.35642313957
        var: 0.221104726195
    spectral_spread:
        dmean: 390672.78125
        dmean2: 570325.3125
        dvar: 239501197312
        dvar2: 425845555200
        max: 6809746.5
        mean: 2812128.5
        min: 1610028.75
        var: 695392534528
    spectral_strongpeak:
        dmean: 0.140300899744
        dmean2: 0.214014068246
        dvar: 0.0276322439313
        dvar2: 0.0564968809485
        max: 1.44222378731
        mean: 0.351939052343
        min: 0.0106767341495
        var: 0.0731813013554
    zerocrossingrate:
        dmean: 0.00406145770103
        dmean2: 0.00491233635694
        dvar: 1.26109598568e-05
        dvar2: 1.81721570698e-05
        max: 0.06591796875
        mean: 0.030696162954
        min: 0.0107421875
        var: 6.36843687971e-05
    barkbands:
        dmean: [3.73882258486e-08, 4.10166867368e-05, 0.000128095634864, 0.000221966678509, 0.000310395291308, 0.000386970903492, 0.000424253958045, 0.000130033731693, 9.98866162263e-05, 6.19601851213e-05, 1.83478605322e-05, 2.26674328587e-05, 1.65228848346e-05, 1.35503751153e-05, 1.38990526466e-05, 1.94842414203e-05, 1.57468948601e-05, 1.23235377032e-05, 1.76405064849e-05, 7.48505863157e-06, 3.863213351e-06, 1.03471245438e-06, 2.32629943753e-07, 8.66888072437e-08, 6.65471944217e-08, 3.75304143319e-09, 2.3529733717e-10]
        dmean2: [5.12474791492e-08, 5.7178458519e-05, 0.000179710710654, 0.000354319461621, 0.000450655235909, 0.000537151878234, 0.000623428088147, 0.000203309085919, 0.000150273277541, 8.36543549667e-05, 2.94134151773e-05, 3.13248710881e-05, 2.58033505816e-05, 2.29926317843e-05, 2.1144245693e-05, 3.00445808534e-05, 2.53778725892e-05, 1.90380706044e-05, 2.6550846087e-05, 1.03274314824e-05, 5.20216553923e-06, 1.40328870657e-06, 3.3617757822e-07, 1.15497165609e-07, 9.32172170565e-08, 5.59276847056e-09, 3.88664322948e-10]
        dvar: [1.32404387137e-14, 6.65793153942e-09, 4.65804426142e-08, 9.72854081738e-08, 1.37798679134e-07, 3.63683739124e-07, 4.63317689992e-07, 9.39652693432e-08, 2.55260879101e-08, 4.77345807326e-09, 8.207032276e-10, 7.65128294056e-10, 7.75718378421e-10, 2.25211765903e-10, 3.07536940358e-10, 2.22989293697e-09, 4.25579016472e-10, 2.87855350667e-10, 2.09429629194e-09, 1.86423806947e-10, 3.82940068544e-11, 3.06197536944e-12, 1.86330768523e-13, 3.39635851181e-14, 2.04112985194e-14, 6.99284725567e-17, 1.56378949752e-18]
        dvar2: [2.66841026543e-14, 1.31286688188e-08, 7.0317007328e-08, 2.68119009661e-07, 2.74428202829e-07, 8.05789966307e-07, 9.62569856711e-07, 2.32535327882e-07, 5.53283285853e-08, 8.78486261513e-09, 2.07515160611e-09, 1.49778300873e-09, 1.6753073373e-09, 5.45459954981e-10, 6.39984176765e-10, 4.40141301183e-09, 1.00927621816e-09, 6.14317707814e-10, 5.26360466324e-09, 3.44943323904e-10, 7.23173049222e-11, 5.86082354523e-12, 3.69772788777e-13, 6.77806335364e-14, 3.92870584426e-14, 1.5017028593e-16, 1.69816271329e-18]
        max: [1.8893485958e-06, 0.00101064215414, 0.00447157071903, 0.00381313636899, 0.00556747522205, 0.00835962500423, 0.0073766973801, 0.00414867559448, 0.00163932598662, 0.00086326606106, 0.000336110271746, 0.000351844471879, 0.000457784393802, 0.000184828953934, 0.00018335475761, 0.000828328134958, 0.000217134162085, 0.000156073423568, 0.000508035940584, 0.000136271759402, 5.60957269045e-05, 1.49673560372e-05, 5.34245555173e-06, 2.17270417124e-06, 1.55803331836e-06, 9.43602458392e-08, 2.56764582929e-08]
        mean: [1.29644803337e-07, 9.19078302104e-05, 0.000318986159982, 0.00059300212888, 0.000823931419291, 0.000880373758264, 0.000755978689995, 0.000197942645173, 0.000180767194252, 0.000110192580905, 2.93507637252e-05, 4.11477885791e-05, 2.71086682915e-05, 2.17075576074e-05, 2.43176564254e-05, 3.31514202117e-05, 3.01121290249e-05, 2.53623329627e-05, 2.64988793788e-05, 1.38911364047e-05, 7.53437734602e-06, 1.96554924514e-06, 4.4860411208e-07, 1.688911766e-07, 1.21478393567e-07, 6.1009437502e-09, 2.0655800681e-10]
        min: [5.83074007913e-13, 1.6278279702e-07, 9.17097452202e-07, 2.82572909782e-06, 1.0504236343e-05, 3.23244512401e-06, 1.69846316567e-05, 1.29269028548e-06, 1.91397191429e-07, 3.15089721425e-07, 2.35339445709e-08, 2.71629915005e-07, 3.56520615696e-07, 1.14059936607e-07, 9.99145512992e-08, 1.41864262559e-07, 2.62271498741e-07, 1.87287497511e-07, 2.43075049866e-07, 1.45737635648e-06, 1.6592984764e-07, 4.41014762487e-08, 9.37255340006e-09, 3.15796411243e-09, 1.5875720738e-09, 2.66106945507e-11, 3.61244610343e-14]
        var: [1.07204562339e-13, 2.1412677853e-08, 2.33672011518e-07, 3.28900341628e-07, 5.35388835488e-07, 1.16068997613e-06, 9.26436541704e-07, 1.13458611395e-07, 5.00749166576e-08, 1.40276297245e-08, 1.15283094182e-09, 2.33686381357e-09, 1.18408305383e-09, 3.5340555482e-10, 6.10493822162e-10, 3.26111782023e-09, 8.1237777616e-10, 5.72720815217e-10, 2.24465424026e-09, 3.57730678413e-10, 8.2426829251e-11, 6.84240381368e-12, 4.21927114557e-13, 7.56685973645e-14, 5.6371153947e-14, 1.58442422928e-16, 1.55226108133e-18]
    mfcc:
        mean: [-782.546386719, 191.433074951, -35.725643158, 50.2659568787, -16.1077136993, -11.3427877426, -11.4411754608, -9.34913063049, -5.95973300934, -9.30075740814, -7.5017209053, -6.00280046463, -5.78648138046]
        cov: [[1616.62890625, -562.28338623, 281.241851807, -141.263397217, -67.2795410156, -62.6715278625, 0.873838305473, -64.9090652466, 6.88474082947, 10.9236602783, 81.8415222168, 40.5663642883, 94.7626266479], [-562.28338623, 464.417053223, -163.988891602, 70.413269043, 4.27639961243, 44.2787818909, 3.38193750381, 43.4571495056, 2.43187260628, -3.88153338432, -34.1203269958, 1.11426234245, -37.9733505249], [281.241851807, -163.988891602, 207.841934204, -32.5176582336, 33.391784668, 7.60970258713, 22.1142654419, -9.44252300262, 14.1391458511, 16.8719596863, 47.325378418, 20.9206161499, 48.0490875244], [-141.263397217, 70.413269043, -32.5176582336, 89.2551651001, 21.5282363892, 15.7328014374, -0.648086845875, 12.5928173065, 5.25830698013, 4.10046052933, -8.36603164673, 1.78290307522, -3.15617012978], [-67.2795410156, 4.27639961243, 33.391784668, 21.5282363892, 81.1589889526, 37.0362205505, 24.8735389709, 14.8060655594, 13.4645748138, 12.3665885925, 13.0815534592, 5.31195163727, 12.4896183014], [-62.6715278625, 44.2787818909, 7.60970258713, 15.7328014374, 37.0362205505, 61.8196296692, 28.6585597992, 20.2393226624, 14.6736888885, 6.32815265656, 7.37119007111, 4.66279172897, 3.92576122284], [0.873838305473, 3.38193750381, 22.1142654419, -0.648086845875, 24.8735389709, 28.6585597992, 51.9050979614, 23.6262569427, 11.7644815445, 3.60664629936, 2.9733581543, 1.65911090374, 5.99982786179], [-64.9090652466, 43.4571495056, -9.44252300262, 12.5928173065, 14.8060655594, 20.2393226624, 23.6262569427, 48.6696662903, 25.6031036377, 7.43323564529, 1.52962827682, -1.77664649487, 0.138321444392], [6.88474082947, 2.43187260628, 14.1391458511, 5.25830698013, 13.4645748138, 14.6736888885, 11.7644815445, 25.6031036377, 48.0424919128, 25.659078598, 12.4702568054, 1.61642205715, 4.63552427292], [10.9236602783, -3.88153338432, 16.8719596863, 4.10046052933, 12.3665885925, 6.32815265656, 3.60664629936, 7.43323564529, 25.659078598, 45.092124939, 24.3301067352, 9.3819694519, 9.67901706696], [81.8415222168, -34.1203269958, 47.325378418, -8.36603164673, 13.0815534592, 7.37119007111, 2.9733581543, 1.52962827682, 12.4702568054, 24.3301067352, 55.0352020264, 25.9422664642, 23.1718826294], [40.5663642883, 1.11426234245, 20.9206161499, 1.78290307522, 5.31195163727, 4.66279172897, 1.65911090374, -1.77664649487, 1.61642205715, 9.3819694519, 25.9422664642, 43.8953208923, 28.8373813629], [94.7626266479, -37.9733505249, 48.0490875244, -3.15617012978, 12.4896183014, 3.92576122284, 5.99982786179, 0.138321444392, 4.63552427292, 9.67901706696, 23.1718826294, 28.8373813629, 56.3995780945]]
        icov: [[0.00135447725188, 0.00119562761392, -0.00061691715382, 0.000474070751807, 0.00160650524776, -0.000192523104488, -0.000527783820871, 0.00068211031612, -0.000760154158343, 0.000447511556558, -0.000532534439117, -0.000343824242009, -0.000826296920422], [0.00119562761392, 0.00492959748954, 0.00174470129423, -0.000782779825386, 0.00170283159241, -0.00291654956527, 0.000573005527258, -0.00230938778259, 0.000800656329375, -0.000629762711469, 0.000838940555695, -0.00291825900786, 0.00074031134136], [-0.00061691715382, 0.00174470129423, 0.0101228803396, 0.00107005250175, -0.0032066104468, 0.000125003047287, -0.00314892525785, 0.00291141332127, -0.00218841829337, 0.0014874690678, -0.00488422159106, 0.00172770710196, -0.00427582720295], [0.000474070751807, -0.000782779825386, 0.00107005250175, 0.0149227371439, -0.00402319477871, -0.00143105734605, 0.00355470390059, -0.00221479847096, 0.000148437829921, -0.00179467420094, 0.0032746559009, -0.00221838662401, -0.000697616953403], [0.00160650524776, 0.00170283159241, -0.0032066104468, -0.00402319477871, 0.0222874637693, -0.00938256457448, -0.00407934235409, 0.000457125890534, 0.000313181313686, -0.00219432986341, -0.00191311608069, 0.00207748124376, -0.00282103405334], [-0.000192523104488, -0.00291654956527, 0.000125003047287, -0.00143105734605, -0.00938256457448, 0.0303471535444, -0.0114517696202, 0.000703292025719, -0.00501937465742, 0.00380354514346, -0.00384657946415, -0.000283041968942, 0.000840037420858], [-0.000527783820871, 0.000573005527258, -0.00314892525785, 0.00355470390059, -0.00407934235409, -0.0114517696202, 0.0349650233984, -0.0162295289338, 0.00485792849213, -0.00206205039285, 0.00597906531766, -0.00225220667198, 0.000824537943117], [0.00068211031612, -0.00230938778259, 0.00291141332127, -0.00221479847096, 0.000457125890534, 0.000703292025719, -0.0162295289338, 0.0432420149446, -0.0228972695768, 0.00819393619895, -0.00494220061228, 0.00489365775138, -0.0038308899384], [-0.000760154158343, 0.000800656329375, -0.00218841829337, 0.000148437829921, 0.000313181313686, -0.00501937465742, 0.00485792849213, -0.0228972695768, 0.045242395252, -0.0229722205549, 0.00299299205653, 0.00140801013913, 0.0017826607218], [0.000447511556558, -0.000629762711469, 0.0014874690678, -0.00179467420094, -0.00219432986341, 0.00380354514346, -0.00206205039285, 0.00819393619895, -0.0229722205549, 0.0424094237387, -0.0163995139301, 0.00183795264456, -0.00171511434019], [-0.000532534439117, 0.000838940555695, -0.00488422159106, 0.0032746559009, -0.00191311608069, -0.00384657946415, 0.00597906531766, -0.00494220061228, 0.00299299205653, -0.0163995139301, 0.0393932200968, -0.0179472770542, 0.00143155455589], [-0.000343824242009, -0.00291825900786, 0.00172770710196, -0.00221838662401, 0.00207748124376, -0.000283041968942, -0.00225220667198, 0.00489365775138, 0.00140801013913, 0.00183795264456, -0.0179472770542, 0.0454795472324, -0.0195073410869], [-0.000826296920422, 0.00074031134136, -0.00427582720295, -0.000697616953403, -0.00282103405334, 0.000840037420858, 0.000824537943117, -0.0038308899384, 0.0017826607218, -0.00171511434019, 0.00143155455589, -0.0195073410869, 0.033242918551]]
    spectral_contrast:
        mean: [-1.81252190146e-07, 1.91764058854e-07, 5.03746321101e-07, -2.1139297246e-07, 5.57327552997e-07, 7.67901326526e-07, 1.37008760248e-06, 2.06118943424e-06, 7.23120251678e-07, 4.64971435576e-06, -1.90679671164e-07, 1.26328734495e-06]
        var: [0.000202601033379, 0.000296166050248, 0.000519904890098, 0.0013063987717, 0.00225842627697, 0.00357463792898, 0.0310341455042, 0.0564704500139, 0.0797152966261, 0.173370242119, 0.316468000412, 1.07942831516]

rhythm:
    beats_loudness:
        dmean: 0.00250181858428
        dmean2: 0.00372801837511
        dvar: 8.55095731822e-06
        dvar2: 2.10478137888e-05
        max: 0.0170308630913
        mean: 0.00642628641799
        min: 0.00167541147675
        var: 1.63424319908e-05
    beats_loudness_bass:
        dmean: 0.118525527418
        dmean2: 0.210788622499
        dvar: 0.0159486737102
        dvar2: 0.0232282169163
        max: 0.494890451431
        mean: 0.21456053853
        min: 0.00871314201504
        var: 0.0254525598139
    bpm: 86.0422973633
    bpm_confidence: 0
    first_peak_bpm: 86
    first_peak_spread: 0
    first_peak_weight: 0.928571462631
    onset_rate: 2.8910317421
    second_peak_bpm: 107
    second_peak_spread: 0
    second_peak_weight: 0.0714285746217
    beats_position: [0.0447680465877, 0.745512664318, 1.44625735283, 2.14700198174, 2.84774661064, 3.54849123955, 4.24923610687, 4.94998073578, 5.65072536469, 6.21393680573, 6.90707874298, 7.60022115707, 8.29336261749, 8.98650455475, 9.679646492]
    bpm_estimates: [85.960975647, 85.2385253906, 85.5226287842, 86.0999984741, 85.7872695923, 85.4709091187, 86.2702484131, 85.6278381348, 85.1970291138, 85.0734710693, 86.2914276123, 86.2970199585, 86.9277267456, 87.2573852539, 86.9031295776, 86.1339797974, 86.2067642212, 86.4950027466]
    bpm_intervals: [0.700744628906, 0.700744688511, 0.700744628906, 0.700744628906, 0.700744628906, 0.700744867325, 0.700744628906, 0.700744628906, 0.56321144104, 0.693141937256, 0.693142414093, 0.693141460419, 0.693141937256, 0.693141937256]
    onset_times: [0.0348299331963, 0.371519267559, 0.719818592072, 1.06811785698, 1.33514738083, 1.40480720997, 1.764716506, 2.08979582787, 2.83283448219, 3.16952371597, 3.54104304314, 3.83129262924, 4.22603178024, 4.94585037231, 5.31736946106, 5.3754196167, 5.64244890213, 5.99074840546, 6.31582784653, 6.71056699753, 7.0356464386, 7.38394546509, 7.72063493729, 8.09215450287, 8.39401340485, 8.76553249359, 9.12544250488, 9.4853515625, 9.83365058899]
    rubato_start: []
    rubato_stop: []
    perceptual_tempo: "unknown"

sfx:
    inharmonicity:
        dmean: 0.0292808376253
        dmean2: 0.0521408952773
        dvar: 0.00168494193349
        dvar2: 0.00451363995671
        max: 0.326230496168
        mean: 0.0263060573488
        min: 0
        var: 0.00145015842281
    oddtoevenharmonicenergyratio:
        dmean: 2.78763532639
        dmean2: 5.24689722061
        dvar: 46.6834449768
        dvar2: 142.193481445
        max: 66.6212921143
        mean: 1.85690534115
        min: 0
        var: 27.4836807251
    pitch_after_max_to_before_max_energy_ratio: 32.3730506897
    pitch_centroid: 214.441146851
    pitch_max_to_total: 0.00462962966412
    pitch_min_to_total: 0.481481492519
    tristimulus:
        dmean: [0.233062103391, 0.239941716194, 0.0482980944216]
        dmean2: [0.409711688757, 0.422524243593, 0.0867377147079]
        dvar: [0.0457001924515, 0.0489540994167, 0.00261126714759]
        dvar2: [0.119620874524, 0.136618509889, 0.00783578678966]
        max: [1, 0.908017337322, 0.404017180204]
        mean: [0.474232405424, 0.457012534142, 0.0555343292654]
        min: [0.00317909521982, 0, 0]
        var: [0.0649576112628, 0.0639138072729, 0.00253570405766]

tonal:
    chords_changes_rate: 0.0322580635548
    chords_number_rate: 0.0230414755642
    chords_strength:
        dmean: 0.0101300720125
        dmean2: 0.00551163544878
        dvar: 5.52874043933e-05
        dvar2: 2.76266182482e-05
        max: 0.679224789143
        mean: 0.542467832565
        min: 0.282433569431
        var: 0.0102791152894
    key_strength: 0.913315951824
    tuning_diatonic_strength: 0.635548651218
    tuning_equal_tempered_deviation: 0.010108535178
    tuning_frequency: 439.745910645
    tuning_nontempered_energy_ratio: 0.602178573608
    hpcp:
        dmean: [0.0957567095757, 0.118625022471, 0.041521307081, 0.0222024172544, 0.0341910645366, 0.0690421387553, 0.100665479898, 0.0727967172861, 0.0237659178674, 0.0114250825718, 0.0118527114391, 0.0492905639112, 0.079417437315, 0.0675448104739, 0.0547058060765, 0.0436985567212, 0.0572126172483, 0.0352593101561, 0.0243000518531, 0.0565362721682, 0.144164934754, 0.134210035205, 0.128699406981, 0.032409992069, 0.0164525285363, 0.0371960476041, 0.0803433060646, 0.0946864709258, 0.0604534484446, 0.0177594069391, 0.0146235236898, 0.0249158702791, 0.0731231495738, 0.0937720909715, 0.0925348252058, 0.103126935661]
        dmean2: [0.151415064931, 0.195947602391, 0.0675633996725, 0.0371546335518, 0.0625237077475, 0.11371807009, 0.151698797941, 0.112443558872, 0.0419540330768, 0.0202320367098, 0.0203916113824, 0.0771147012711, 0.13207603991, 0.109973728657, 0.0854827910662, 0.0679397806525, 0.0963359177113, 0.059232391417, 0.0386080555618, 0.0928338095546, 0.234792366624, 0.225490316749, 0.203441351652, 0.0568146146834, 0.0302132405341, 0.06833294034, 0.122933879495, 0.150148615241, 0.100004278123, 0.0332374572754, 0.0244611669332, 0.0422477275133, 0.118860542774, 0.153992220759, 0.158039361238, 0.170166641474]
        dvar: [0.0266839601099, 0.0276601202786, 0.00364871881902, 0.00299140997231, 0.00574603909627, 0.0166283138096, 0.0268323179334, 0.0124732097611, 0.0025805963669, 0.000489809724968, 0.00062517519109, 0.0065959719941, 0.0248470921069, 0.01387714874, 0.00801916234195, 0.0116921113804, 0.0188322272152, 0.008574526757, 0.00587141280994, 0.0121966684237, 0.0342949219048, 0.0364617556334, 0.020054101944, 0.00252223177813, 0.00169220403768, 0.0130537534133, 0.0198003556579, 0.0256323888898, 0.0119818784297, 0.00167584349401, 0.00285874633119, 0.00590763008222, 0.0127904852852, 0.0226136613637, 0.0182088688016, 0.0166871920228]
        dvar2: [0.0592098012567, 0.0798479989171, 0.00785382650793, 0.00733344210312, 0.0165742971003, 0.0409862548113, 0.0454565808177, 0.0249346755445, 0.00759785529226, 0.00138040783349, 0.00150198710617, 0.0171655863523, 0.0635944679379, 0.034819714725, 0.0206416863948, 0.020839214325, 0.0499621331692, 0.0195663496852, 0.00932616088539, 0.0296949688345, 0.0922905951738, 0.0802228823304, 0.0486633256078, 0.0067104510963, 0.00486424239352, 0.0397152267396, 0.0529453158379, 0.0664906278253, 0.0336413010955, 0.00505211856216, 0.00727507518604, 0.0155230751261, 0.0338414534926, 0.0479490906, 0.0478468835354, 0.0438148267567]
        max: [1, 1, 0.482453525066, 0.47335010767, 0.411001652479, 1, 1, 0.898129999638, 0.389194518328, 0.163054481149, 0.192100510001, 0.737767100334, 1, 0.830469846725, 0.884383022785, 1, 1, 0.769483149052, 1, 1, 1, 1, 1, 0.299092948437, 0.392672270536, 0.885537147522, 1, 1, 0.859498560429, 0.313466727734, 0.514688313007, 0.596314013004, 0.805660068989, 1, 1, 1]
        mean: [0.371519446373, 0.233485132456, 0.0468742251396, 0.0257472712547, 0.026367533952, 0.114039771259, 0.207904413342, 0.126443013549, 0.0231540612876, 0.0121725481004, 0.013062665239, 0.0950522869825, 0.195610836148, 0.131285324693, 0.108523257077, 0.182523876429, 0.114349350333, 0.0316069312394, 0.0262191090733, 0.0563462376595, 0.318118691444, 0.522920429707, 0.271874427795, 0.0303831379861, 0.0144676184282, 0.033462151885, 0.146801456809, 0.212053284049, 0.101604968309, 0.0159768406302, 0.0119401849806, 0.0193514544517, 0.105988882482, 0.188377603889, 0.130081027746, 0.203234955668]
        min: [0.000592275406234, 0.000905319524463, 0.00108868407551, 0.000656664546113, 0.000596151221544, 0.000391740963096, 0.00037048838567, 0.00123840244487, 0.000549387419596, 0.000573061115574, 0.000334004958859, 0.00084004731616, 0.000788542267401, 0.00156798120588, 0.000562024360988, 0.000412314489949, 0.000384110258892, 0.00091064744629, 0.000258653715719, 0.000445286423201, 0.00166640384123, 0.00381489400752, 0.00238124188036, 0.000947263441049, 0.000483775045723, 0.00054997485131, 0.00099161954131, 0.000580603256822, 0.00202529877424, 0.000426303624408, 0.000389890483348, 0.000382494472433, 0.000764525146224, 0.00149998953566, 0.000981840188615, 0.00137329706922]
        var: [0.17244336009, 0.0733332335949, 0.00561342434958, 0.00381952035241, 0.00371778127737, 0.0298838037997, 0.0830618515611, 0.031828686595, 0.0017283760244, 0.000355079915607, 0.00056790211238, 0.0211613439023, 0.0943450555205, 0.0413025282323, 0.0285722650588, 0.112385667861, 0.0520127266645, 0.00692102639005, 0.00619073119015, 0.0133124887943, 0.0899134129286, 0.164218142629, 0.0535310432315, 0.00224834284745, 0.00129003659822, 0.0101245082915, 0.0576228871942, 0.0958454832435, 0.0234479513019, 0.00106639508158, 0.00156262540258, 0.00347784045152, 0.0213976446539, 0.0640342980623, 0.0287121739239, 0.0502343513072]
    chords_histogram: [25.8064517975, 6.91244220734, 34.1013832092, 0, 0, 0, 0, 0, 0, 0, 0, 0, 0, 0, 0, 0, 0, 0, 0, 0, 0, 0, 18.8940086365, 14.2857141495]
    thpcp: [1, 0.51991546154, 0.0581027939916, 0.0276669599116, 0.0639909058809, 0.280733823776, 0.405517309904, 0.194302916527, 0.0305531006306, 0.022833654657, 0.0370064973831, 0.202686443925, 0.360241442919, 0.248758748174, 0.388653695583, 0.710470318794, 0.44650220871, 0.0896393060684, 0.0492374561727, 0.0504236072302, 0.218082457781, 0.397583276033, 0.241801634431, 0.0442783646286, 0.0232780128717, 0.0249802153558, 0.181771993637, 0.374073803425, 0.25106176734, 0.207533016801, 0.349047124386, 0.218674480915, 0.0604430995882, 0.0501397699118, 0.107752986252, 0.608350098133]
    chords_key: "E"
    chords_scale: "major"
    key_key: "A"
    key_scale: "major"
    chords_progression: ["A", "A", "A", "A", "A", "A", "A", "A", "A", "A", "A", "A", "A", "A", "A", "A", "A", "A", "A", "A", "A", "A", "A", "A", "A", "A", "A", "A", "A", "A", "A", "A", "A", "A", "A", "A", "A", "A", "A", "A", "A", "A", "A", "A", "A", "A", "A", "A", "A", "A", "A", "A", "A", "C#m", "C#m", "C#m", "C#m", "E", "E", "E", "E", "E", "E", "E", "E", "E", "E", "E", "E", "E", "E", "E", "E", "E", "E", "E", "E", "E", "E", "E", "E", "E", "E", "E", "E", "E", "E", "E", "E", "E", "E", "E", "E", "E", "E", "A", "A", "A", "D", "D", "D", "D", "D", "D", "D", "D", "D", "D", "D", "D", "D", "D", "D", "D", "D", "D", "D", "D", "D", "D", "D", "D", "D", "D", "D", "D", "D", "D", "D", "D", "D", "D", "D", "D", "D", "D", "D", "D", "D", "E", "E", "E", "E", "E", "E", "E", "E", "E", "E", "E", "E", "E", "E", "E", "E", "E", "E", "E", "E", "E", "E", "E", "E", "E", "E", "E", "E", "E", "E", "E", "E", "E", "E", "E", "E", "C#m", "C#m", "C#m", "C#m", "C#m", "C#m", "C#m", "C#m", "C#m", "C#m", "C#m", "F#m", "F#m", "F#m", "F#m", "F#m", "F#m", "F#m", "F#m", "F#m", "F#m", "F#m", "F#m", "F#m", "F#m", "F#m", "F#m", "F#m", "F#m", "F#m", "F#m", "F#m", "F#m", "F#m", "F#m", "F#m", "F#m", "F#m", "F#m", "F#m", "F#m", "F#m"]
