
metadata:
    version:
        essentia: "1.2.2"
    audio_properties:
        analysis_sample_rate: 44100
        bitrate: 128
        channels: 2
        equal_loudness: 1
        length: 10.0310201645
        replay_gain: -11.0275363922
        downmix: "mix"
    tags:
        track: 13
        year: 0
        album: "Splitted by Mp3Splt v. 2.1"
        artist: "From 002.00 To 002.10"
        comment: "http://mp3splt.sf.net"
        genre: ""
        title: "16 La Correcion Exchange.mp3"

highlevel:
    ballroom:
        all:
            ChaChaCha: 0.603197932243
            Jive: 0.029304344207
            Quickstep: 0.0059436513111
            Rumba-American: 0.0147820329294
            Rumba-International: 0.126998752356
            Rumba-Misc: 0.133897706866
            Samba: 0.0620348714292
            Tango: 0.00561372423545
            VienneseWaltz: 0.00299656228162
            Waltz: 0.0152304219082
        probability: 0.603197932243
        value: "ChaChaCha"
    culture:
        all:
            non_western: 0.734077036381
            western: 0.265922993422
        probability: 0.734077036381
        value: "non_western"
    gender:
        all:
            female: 0.617022812366
            male: 0.382977187634
        probability: 0.617022812366
        value: "female"
    genre_dortmund:
        all:
            alternative: 0.0162977389991
            blues: 0.00825502444059
            electronic: 0.658551514149
            folkcountry: 0.0100641259924
            funksoulrnb: 0.0182868111879
            jazz: 0.246056690812
            pop: 0.013770589605
            raphiphop: 0.00701182009652
            rock: 0.0217057112604
        probability: 0.658551514149
        value: "electronic"
    genre_electronica:
        all:
            ambient: 0.905693948269
            dnb: 0.00719492742792
            house: 0.0593155287206
            techno: 0.0207750257105
            trance: 0.0070205652155
        probability: 0.905693948269
        value: "ambient"
    genre_rosamerica:
        all:
            cla: 0.0868061706424
            dan: 0.113667391241
            hip: 0.082398481667
            jaz: 0.213902428746
            pop: 0.0611585862935
            rhy: 0.304355233908
            roc: 0.0754142478108
            spe: 0.0622974559665
        probability: 0.304355233908
        value: "rhy"
    genre_tzanetakis:
        all:
            blu: 0.169796660542
            cla: 0.0915870890021
            cou: 0.023813996464
            dis: 0.0356286540627
            hip: 0.10749334842
            jaz: 0.0435633137822
            met: 0.0163306165487
            pop: 0.153034046292
            reg: 0.0774807780981
            roc: 0.281271517277
        probability: 0.281271517277
        value: "roc"
    live_studio:
        all:
            live: 0.230375781655
            studio: 0.769624233246
        probability: 0.769624233246
        value: "studio"
    mood:
        all:
            Cluster1: 0.172666624188
            Cluster2: 0.18536375463
            Cluster3: 0.301048189402
            Cluster4: 0.192702680826
            Cluster5: 0.148218750954
        probability: 0.301048189402
        value: "Cluster3"
    mood_acoustic:
        all:
            acoustic: 0.687423944473
            not_acoustic: 0.312576085329
        probability: 0.687423944473
        value: "acoustic"
    mood_aggressive:
        all:
            aggressive: 0.00286992848851
            not_aggressive: 0.997130095959
        probability: 0.997130095959
        value: "not_aggressive"
    mood_electronic:
        all:
            electronic: 0.623760223389
            not_electronic: 0.376239806414
        probability: 0.623760223389
        value: "electronic"
    mood_happy:
        all:
            happy: 0.0606512799859
            not_happy: 0.939348697662
        probability: 0.939348697662
        value: "not_happy"
    mood_party:
        all:
            not_party: 0.841036677361
            party: 0.158963307738
        probability: 0.841036677361
        value: "not_party"
    mood_relaxed:
        all:
            not_relaxed: 0.162080839276
            relaxed: 0.837919175625
        probability: 0.837919175625
        value: "relaxed"
    mood_sad:
        all:
            not_sad: 0.304679691792
            sad: 0.695320308208
        probability: 0.695320308208
        value: "sad"
    rhythm:
        all:
            fast: 0.725678265095
            medium: 0.255562543869
            slow: 0.0187591705471
        probability: 0.725678265095
        value: "fast"
    speech_music:
        all:
            music: 0.332036197186
            speech: 0.667963802814
        probability: 0.667963802814
        value: "speech"
    timbre:
        all:
            bright: 0.175303950906
            dark: 0.824696063995
        probability: 0.824696063995
        value: "dark"
    voice_instrumental:
        all:
            instrumental: 0.989610552788
            voice: 0.0103894174099
        probability: 0.989610552788
        value: "instrumental"

lowlevel:
    average_loudness: 0.744293093681
    barkbands_kurtosis:
        dmean: 20.8815917969
        dmean2: 32.6551895142
        dvar: 1697.33642578
        dvar2: 3931.77368164
        max: 411.736785889
        mean: 34.5091743469
        min: -1.82592558861
        var: 2553.18066406
    barkbands_skewness:
        dmean: 1.38693773746
        dmean2: 2.14935064316
        dvar: 2.79965186119
        dvar2: 6.22318077087
        max: 16.88215065
        mean: 3.5660572052
        min: -1.91721892357
        var: 7.6779718399
    barkbands_spread:
        dmean: 4.49607372284
        dmean2: 6.72188997269
        dvar: 54.5070800781
        dvar2: 110.59197998
        max: 58.3246917725
        mean: 13.2274436951
        min: 0.204363673925
        var: 280.299682617
    dissonance:
        dmean: 0.0421531610191
        dmean2: 0.0731711089611
        dvar: 0.00194127915893
        dvar2: 0.00504657253623
        max: 0.498169869184
        mean: 0.399088919163
        min: 0.231492549181
        var: 0.00621741032228
    hfc:
        dmean: 1.57377481461
        dmean2: 2.15611553192
        dvar: 19.9247512817
        dvar2: 34.1178207397
        max: 53.4737014771
        mean: 2.5823571682
        min: 0.000720603624359
        var: 41.4216003418
    pitch:
        dmean: 447.875488281
        dmean2: 843.840148926
        dvar: 1238452.625
        dvar2: 2876994.5
        max: 4900
        mean: 636.692382812
        min: 84.9710998535
        var: 1400699.875
    pitch_instantaneous_confidence:
        dmean: 0.0938374623656
        dmean2: 0.150949284434
        dvar: 0.00544953579083
        dvar2: 0.0144302910194
        max: 0.941631019115
        mean: 0.541692733765
        min: 0.133896350861
        var: 0.0434812866151
    pitch_salience:
        dmean: 0.0779983997345
        dmean2: 0.123438738286
        dvar: 0.00431576184928
        dvar2: 0.0102778207511
        max: 0.863120317459
        mean: 0.495803683996
        min: 0.100009791553
        var: 0.0257619842887
    silence_rate_20dB:
        dmean: 0
        dmean2: 0
        dvar: 0
        dvar2: 0
        max: 1
        mean: 1
        min: 1
        var: 0
    silence_rate_30dB:
        dmean: 0
        dmean2: 0
        dvar: 0
        dvar2: 0
        max: 1
        mean: 1
        min: 1
        var: 0
    silence_rate_60dB:
        dmean: 0.126213595271
        dmean2: 0.253041356802
        dvar: 0.110284000635
        dvar2: 0.237673550844
        max: 1
        mean: 0.772397100925
        min: 0
        var: 0.175800025463
    spectral_centroid:
        dmean: 194.394485474
        dmean2: 287.412078857
        dvar: 107381.75
        dvar2: 217204.9375
        max: 4006.0859375
        mean: 695.86730957
        min: 172.361709595
        var: 481811.59375
    spectral_complexity:
        dmean: 1.96410250664
        dmean2: 2.96401023865
        dvar: 25.4500198364
        dvar2: 47.3252067566
        max: 52
        mean: 4.64194393158
        min: 0
        var: 57.4676895142
    spectral_crest:
        dmean: 3.29671764374
        dmean2: 5.15245246887
        dvar: 7.0469083786
        dvar2: 17.5721073151
        max: 26.4104537964
        mean: 14.518488884
        min: 3.40169668198
        var: 38.4672546387
    spectral_decrease:
        dmean: 4.39890152082e-10
        dmean2: 6.28007479353e-10
        dvar: 9.34479483084e-19
        dvar2: 1.5434348574e-18
        max: -7.0117029587e-13
        mean: -7.58625440245e-10
        min: -1.04408162116e-08
        var: 1.88790946721e-18
    spectral_energy:
        dmean: 0.0017757632304
        dmean2: 0.00250932644121
        dvar: 1.55648904183e-05
        dvar2: 2.50375651376e-05
        max: 0.0436129830778
        mean: 0.00309745362028
        min: 2.71173939836e-06
        var: 3.24653265125e-05
    spectral_energyband_high:
        dmean: 0.00012099750893
        dmean2: 0.000165991194081
        dvar: 1.35965805725e-07
        dvar2: 1.93665741222e-07
        max: 0.00537969684228
        mean: 0.000177043955773
        min: 1.80313319831e-10
        var: 3.10503139644e-07
    spectral_energyband_low:
        dmean: 0.000278146006167
        dmean2: 0.00045991584193
        dvar: 8.24832625312e-07
        dvar2: 1.96866108126e-06
        max: 0.00695057213306
        mean: 0.000275408412563
        min: 9.00625615752e-11
        var: 7.97340021563e-07
    spectral_energyband_middle_high:
        dmean: 0.000292712444207
        dmean2: 0.00046496881987
        dvar: 1.20933191283e-06
        dvar2: 2.94530877909e-06
        max: 0.00990875903517
        mean: 0.000400031130994
        min: 1.13257216938e-08
        var: 1.5613661617e-06
    spectral_energyband_middle_low:
        dmean: 0.00134803983383
        dmean2: 0.00200390559621
        dvar: 8.89445709618e-06
        dvar2: 1.77201582119e-05
        max: 0.0309079345316
        mean: 0.00224496726878
        min: 1.09981851892e-06
        var: 1.51240292325e-05
    spectral_flatness_db:
        dmean: 0.0310012791306
        dmean2: 0.0488069839776
        dvar: 0.00089576310711
        dvar2: 0.00203908863477
        max: 0.537424266338
        mean: 0.295573562384
        min: 0.0645777732134
        var: 0.0185187403113
    spectral_flux:
        dmean: 0.0107571361586
        dmean2: 0.0169795658439
        dvar: 0.000290466326987
        dvar2: 0.00058758771047
        max: 0.166080012918
        mean: 0.0266527868807
        min: 0.0004904071684
        var: 0.0007352452958
    spectral_kurtosis:
        dmean: 5.68663358688
        dmean2: 9.51965332031
        dvar: 93.7764816284
        dvar2: 227.438659668
        max: 98.7445678711
        mean: 18.2972431183
        min: -0.606046915054
        var: 513.389282227
    spectral_rms:
        dmean: 0.000406542530982
        dmean2: 0.000578682753257
        dvar: 3.65304941852e-07
        dvar2: 5.44241572698e-07
        max: 0.00652297865599
        mean: 0.00137193140108
        min: 5.14353923791e-05
        var: 1.13971179871e-06
    spectral_rolloff:
        dmean: 391.0206604
        dmean2: 616.768432617
        dvar: 612838
        dvar2: 1180191.25
        max: 5663.23242188
        mean: 1240.61071777
        min: 172.265625
        var: 2289928.75
    spectral_skewness:
        dmean: 0.493349999189
        dmean2: 0.79241591692
        dvar: 0.375594139099
        dvar2: 0.863646805286
        max: 8.20402336121
        mean: 3.00330972672
        min: 0.435953021049
        var: 3.46763396263
    spectral_spread:
        dmean: 613790.875
        dmean2: 978734.75
        dvar: 505435783168
        dvar2: 987706425344
        max: 11641330
        mean: 4567235
        min: 1006527.1875
        var: 5.92269855949e+12
    spectral_strongpeak:
        dmean: 0.121018983424
        dmean2: 0.205593645573
        dvar: 0.0322849787772
        dvar2: 0.0918621569872
        max: 2.2574031353
        mean: 0.256348699331
        min: 0.00153976131696
        var: 0.0489365905523
    zerocrossingrate:
        dmean: 0.00835461728275
        dmean2: 0.0101672960445
        dvar: 0.000150016698171
        dvar2: 0.000180748684215
        max: 0.19970703125
        mean: 0.0420421399176
        min: 0.0107421875
        var: 0.00164220749866
    barkbands:
        dmean: [1.44185975159e-07, 0.000121529330499, 0.000179068476427, 0.000273518584436, 0.000846466631629, 0.000285774323856, 0.000233075174037, 3.47181703546e-05, 3.94105518353e-05, 2.29573906836e-05, 1.14616541396e-05, 9.91149772744e-06, 1.00461384136e-05, 2.1387662855e-05, 7.05666534486e-05, 6.45400868962e-05, 2.84850884782e-05, 5.11779871886e-05, 5.93716467847e-05, 6.42115774099e-05, 5.94776938669e-05, 2.72374672932e-05, 8.1842081272e-06, 2.81470966002e-06, 1.95578400053e-06, 1.10199309233e-07, 2.44787967674e-10]
        dmean2: [2.11696274732e-07, 0.000215856227442, 0.000297557504382, 0.000437941023847, 0.00132850848604, 0.000476659653941, 0.000357663375326, 5.31371006218e-05, 6.03525804763e-05, 3.78435070161e-05, 1.84154687304e-05, 1.53397486429e-05, 1.77529145731e-05, 3.87907057302e-05, 0.0001342719479, 0.00011688095401, 4.51079540653e-05, 8.3923645434e-05, 8.37791158119e-05, 8.70889853104e-05, 8.67415437824e-05, 4.19907555624e-05, 1.18788339023e-05, 3.88746093449e-06, 2.73512227977e-06, 1.6090119459e-07, 4.20867868334e-10]
        dvar: [4.48092138481e-13, 2.43106143216e-07, 3.13675855068e-07, 1.14605938961e-06, 2.34127219301e-06, 9.46727084283e-07, 1.20195764453e-07, 7.911098443e-09, 2.73631890479e-08, 3.65191499263e-09, 9.03381314199e-10, 1.36132083384e-09, 1.00220987065e-09, 6.63811494661e-09, 1.28428055746e-07, 1.17784026088e-07, 1.17510809972e-08, 3.93658829978e-08, 3.21735456055e-08, 3.88472400914e-08, 3.78737183837e-08, 6.80677514353e-09, 7.33970662026e-10, 4.44716312387e-11, 2.23400083155e-11, 8.96237701024e-14, 2.83692163477e-19]
        dvar2: [6.81006737547e-13, 6.21882463747e-07, 7.88418276443e-07, 2.60923184214e-06, 5.41653071195e-06, 2.37058839048e-06, 3.09244427399e-07, 1.91788416259e-08, 6.74313227478e-08, 9.07772790271e-09, 2.27068230885e-09, 3.39592176601e-09, 2.646588948e-09, 2.01415932821e-08, 3.78354258146e-07, 3.35560855547e-07, 2.43859350491e-08, 9.21984124602e-08, 6.62260788431e-08, 7.26641786741e-08, 6.49847606837e-08, 1.22551160331e-08, 1.36003619478e-09, 8.85238687909e-11, 4.36401366433e-11, 1.93425543594e-13, 7.5527778271e-19]
        max: [1.02788908407e-05, 0.00421613547951, 0.00436149863526, 0.0110314823687, 0.0157007146627, 0.0109367193654, 0.00274179503322, 0.00119269907009, 0.00207654456608, 0.00078263215255, 0.000291654025204, 0.000481295603095, 0.000372907088604, 0.000716230657417, 0.0028541921638, 0.00356801832095, 0.00110052083619, 0.00178855611011, 0.00233303708956, 0.00242757843807, 0.0024980425369, 0.00105723273009, 0.000338068406563, 6.31650327705e-05, 4.28538041888e-05, 3.10045265906e-06, 4.15974188428e-09]
        mean: [1.88494126974e-07, 9.99581607175e-05, 0.000175268331077, 0.000278674968285, 0.00112080888357, 0.000333708012477, 0.000411500019254, 5.7029294112e-05, 3.99066775572e-05, 3.06333422486e-05, 1.41000919029e-05, 1.28050760395e-05, 1.3390098502e-05, 2.04759580811e-05, 4.97420041938e-05, 5.20585781487e-05, 3.61007805623e-05, 6.30192807876e-05, 7.46201330912e-05, 8.0954094301e-05, 7.87278113421e-05, 3.64627449017e-05, 1.02897829493e-05, 4.11317887483e-06, 2.77780145552e-06, 1.4288514194e-07, 2.68001704162e-10]
        min: [9.77752424923e-14, 1.79363451175e-11, 3.82415973887e-11, 3.26746768531e-10, 4.47860806219e-08, 1.13078160169e-08, 8.39114164819e-08, 4.88497575724e-10, 1.08778008823e-09, 2.54355603246e-09, 1.1173852954e-09, 4.91978013883e-10, 8.58886017863e-10, 3.97190780266e-10, 1.69217556634e-10, 1.052777171e-10, 2.72717320948e-10, 3.56843943283e-10, 3.92016800965e-11, 1.01433063338e-10, 7.39756797485e-11, 1.11214752685e-11, 3.14193614702e-12, 1.95870316494e-12, 1.72595688826e-13, 1.38296958182e-14, 8.41436918209e-16]
        var: [9.89781390529e-13, 1.84646310686e-07, 2.95988797916e-07, 1.30225123485e-06, 3.36310654347e-06, 1.00034822026e-06, 2.70750433629e-07, 2.21976819148e-08, 2.63184141147e-08, 3.97903088256e-09, 1.17819498602e-09, 1.77826231518e-09, 1.31808175485e-09, 5.50678525002e-09, 7.55684652631e-08, 7.38114778187e-08, 1.59827369117e-08, 4.95696426128e-08, 5.86153667825e-08, 6.87143142386e-08, 7.32716500806e-08, 1.2921514525e-08, 1.20421173033e-09, 9.81767167563e-11, 4.60118401713e-11, 1.47715701975e-13, 3.65157640641e-19]
    mfcc:
        mean: [-897.041748047, 139.566421509, -9.7803478241, 37.7529296875, -26.6803035736, -21.6423187256, -21.9185237885, -27.904920578, -21.7428970337, -29.8053722382, -21.2868766785, -8.70450401306, -12.4515867233]
        cov: [[31872.4414062, -7333.29492188, 1123.26647949, 1329.18725586, 1676.14587402, 1632.10949707, 1630.31262207, 1588.23547363, 2060.78588867, 2346.46069336, 1978.56799316, 107.153236389, 1290.40014648], [-7333.29492188, 2607.43188477, -208.316604614, -279.815948486, -344.674835205, -422.536071777, -400.255371094, -392.473724365, -562.249328613, -667.538879395, -549.944885254, -63.5305099487, -383.397796631], [1123.26647949, -208.316604614, 240.30291748, 81.0622177124, 48.1822280884, 47.4046478271, 71.976524353, 73.7249984741, 51.3751220703, 61.5754356384, 77.2311248779, 6.15618848801, 54.390460968], [1329.18725586, -279.815948486, 81.0622177124, 292.383789062, 214.269424438, 229.451156616, 181.348464966, 175.250396729, 207.579589844, 211.586959839, 160.2578125, 2.82296991348, 75.8255081177], [1676.14587402, -344.674835205, 48.1822280884, 214.269424438, 266.096557617, 223.604202271, 188.899673462, 174.063796997, 218.466522217, 217.175582886, 172.565231323, 1.06451106071, 76.5664138794], [1632.10949707, -422.536071777, 47.4046478271, 229.451156616, 223.604202271, 279.754974365, 223.856811523, 179.895355225, 235.280807495, 246.763641357, 183.603179932, 1.43735730648, 81.1388702393], [1630.31262207, -400.255371094, 71.976524353, 181.348464966, 188.899673462, 223.856811523, 251.322952271, 196.256713867, 233.011260986, 236.030990601, 187.543685913, 17.3895187378, 85.5944595337], [1588.23547363, -392.473724365, 73.7249984741, 175.250396729, 174.063796997, 179.895355225, 196.256713867, 226.782653809, 219.943130493, 214.237747192, 182.815124512, 29.0661716461, 98.4300918579], [2060.78588867, -562.249328613, 51.3751220703, 207.579589844, 218.466522217, 235.280807495, 233.011260986, 219.943130493, 308.23828125, 299.884735107, 227.663894653, 31.3334617615, 120.632324219], [2346.46069336, -667.538879395, 61.5754356384, 211.586959839, 217.175582886, 246.763641357, 236.030990601, 214.237747192, 299.884735107, 348.679901123, 249.248016357, 26.3275966644, 137.024475098], [1978.56799316, -549.944885254, 77.2311248779, 160.2578125, 172.565231323, 183.603179932, 187.543685913, 182.815124512, 227.663894653, 249.248016357, 226.524887085, 37.3039550781, 117.580177307], [107.153236389, -63.5305099487, 6.15618848801, 2.82296991348, 1.06451106071, 1.43735730648, 17.3895187378, 29.0661716461, 31.3334617615, 26.3275966644, 37.3039550781, 53.6126785278, 30.1668376923], [1290.40014648, -383.397796631, 54.390460968, 75.8255081177, 76.5664138794, 81.1388702393, 85.5944595337, 98.4300918579, 120.632324219, 137.024475098, 117.580177307, 30.1668376923, 111.776756287]]
        icov: [[0.000137531358632, 0.000248292955803, -0.000264734757366, 0.000139846481034, -0.000456222856883, 0.000203043993679, -6.45801483188e-05, 6.88687714501e-06, -2.80629756162e-05, -5.38143904123e-05, -0.000204335330636, 0.000413673289586, -0.000294052413665], [0.000248292955803, 0.00163929769769, -0.00013724474411, -0.000925523869228, -0.00133469386492, 0.0015064664185, -0.00111425621435, -0.000286155613139, 0.000503991614096, 0.000677732110489, 0.00146356842015, -0.00053683941951, 0.00160761317238], [-0.000264734757366, -0.00013724474411, 0.00669758860022, -0.00327869341709, 0.0015238460619, 0.00256903260015, -0.00324747944251, -0.000363344122889, 0.0027752360329, 0.00190266012214, -0.0025084298104, 0.000952870352194, -0.00149738776963], [0.000139846481034, -0.000925523869228, -0.00327869341709, 0.0141580365598, -0.00371352513321, -0.00944096036255, 0.00549322878942, -0.00373612158, -0.00147572194692, -0.00203620758839, 0.000887182308361, 0.000853971985634, -0.00139243644662], [-0.000456222856883, -0.00133469386492, 0.0015238460619, -0.00371352513321, 0.0168784633279, -0.00646216841415, 0.00160390022211, -0.00149713619612, -0.00429454864934, 0.00290729291737, -0.00478106131777, 0.0034007919021, 0.000868109811563], [0.000203043993679, 0.0015064664185, 0.00256903260015, -0.00944096036255, -0.00646216841415, 0.0275804251432, -0.0144866285846, 0.00430542137474, 0.000697439478245, -0.00308081903495, -6.0993959778e-05, 0.00344522343948, 0.0018437593244], [-6.45801483188e-05, -0.00111425621435, -0.00324747944251, 0.00549322878942, 0.00160390022211, -0.0144866285846, 0.0265445522964, -0.00922481250018, -0.00562625192106, -0.00190099724568, -0.00305935367942, -4.89289086545e-05, 0.00362489186227], [6.88687714501e-06, -0.000286155613139, -0.000363344122889, -0.00373612158, -0.00149713619612, 0.00430542137474, -0.00922481250018, 0.0219958219677, -0.00733749195933, 0.00429000705481, -0.00558838294819, -0.000813992402982, -0.00399694731459], [-2.80629756162e-05, 0.000503991614096, 0.0027752360329, -0.00147572194692, -0.00429454864934, 0.000697439478245, -0.00562625192106, -0.00733749195933, 0.0323524326086, -0.0158205255866, 0.000430082494859, -0.00537293683738, 0.000384633691283], [-5.38143904123e-05, 0.000677732110489, 0.00190266012214, -0.00203620758839, 0.00290729291737, -0.00308081903495, -0.00190099724568, 0.00429000705481, -0.0158205255866, 0.0286524835974, -0.0127518307418, 0.00592757342383, -0.00491213938221], [-0.000204335330636, 0.00146356842015, -0.0025084298104, 0.000887182308361, -0.00478106131777, -6.0993959778e-05, -0.00305935367942, -0.00558838294819, 0.000430082494859, -0.0127518307418, 0.0376591347158, -0.0122499279678, -0.00255940458737], [0.000413673289586, -0.00053683941951, 0.000952870352194, 0.000853971985634, 0.0034007919021, 0.00344522343948, -4.89289086545e-05, -0.000813992402982, -0.00537293683738, 0.00592757342383, -0.0122499279678, 0.0309666600078, -0.00867547094822], [-0.000294052413665, 0.00160761317238, -0.00149738776963, -0.00139243644662, 0.000868109811563, 0.0018437593244, 0.00362489186227, -0.00399694731459, 0.000384633691283, -0.00491213938221, -0.00255940458737, -0.00867547094822, 0.028979530558]]
    spectral_contrast:
        mean: [2.18770296101e-07, 1.58586843213e-07, 2.28662315749e-07, -7.71687709289e-08, 3.51330129433e-08, -5.6685388472e-07, -3.26506938109e-06, -1.02951401004e-06, 2.37138078774e-06, 3.00614743765e-07, 1.10794519514e-06, 2.42686951424e-07]
        var: [0.000225714582484, 0.000473096442875, 0.00095502845943, 0.00121477351058, 0.00313559616916, 0.0145690506324, 0.0315229743719, 0.0698199421167, 0.119212441146, 0.228912740946, 0.772070348263, 18.1138973236]

rhythm:
    beats_loudness:
        dmean: 0.00667535373941
        dmean2: 0.0127722248435
        dvar: 6.99299926055e-05
        dvar2: 0.000249783159234
        max: 0.0312419608235
        mean: 0.00689446367323
        min: 1.58750049195e-06
        var: 8.7429456471e-05
    beats_loudness_bass:
        dmean: 0.0631478726864
        dmean2: 0.091194845736
        dvar: 0.0149353267625
        dvar2: 0.03187257424
        max: 0.609470546246
        mean: 0.108232192695
        min: 4.50405023003e-05
        var: 0.0346007198095
    bpm: 160.395294189
    bpm_confidence: 0
    first_peak_bpm: 161
    first_peak_spread: 0
    first_peak_weight: 0.960000038147
    onset_rate: 4.18701171875
    second_peak_bpm: 112
    second_peak_spread: 0
    second_peak_weight: 0.0399999991059
    beats_position: [0.163587406278, 0.535654008389, 0.907720565796, 1.27978718281, 1.65185368061, 2.02392029762, 2.39598703384, 2.76805377007, 3.14012050629, 3.51218700409, 3.88425374031, 4.25632047653, 4.62838697433, 5.00045394897, 5.37252044678, 5.74458694458, 6.27947568893, 6.65489625931, 7.03031730652, 7.40573835373, 7.7811589241, 8.15657997131, 8.53200054169, 8.90742206573, 9.28284263611, 9.65826416016]
    bpm_estimates: [162.186050415, 158.614013672, 157.3306427, 164.002960205, 164.427978516, 159.76890564, 159.692581177, 159.324874878, 161.038650513, 159.906814575, 159.768859863, 159.67817688, 159.398193359]
    bpm_intervals: [0.372066617012, 0.372066557407, 0.372066617012, 0.372066497803, 0.372066617012, 0.372066736221, 0.372066736221, 0.372066736221, 0.372066497803, 0.372066736221, 0.372066736221, 0.372066497803, 0.37206697464, 0.372066497803, 0.372066497803, 0.534888744354, 0.375420570374, 0.375421047211, 0.375421047211, 0.375420570374, 0.375421047211, 0.375420570374, 0.375421524048, 0.375420570374, 0.375421524048]
    onset_times: [0.0580498874187, 0.150929704309, 0.336689352989, 0.406349211931, 0.53405892849, 0.777868509293, 1.09133791924, 1.20743763447, 1.74149656296, 2.07818603516, 2.12462592125, 2.18267583847, 2.22911572456, 2.32199549675, 2.54258513451, 2.82122445107, 3.07664394379, 3.16952371597, 3.35528349876, 3.42494320869, 3.5758728981, 3.62231302261, 3.7151927948, 3.86612248421, 3.9125623703, 4.13315200806, 4.33052158356, 7.02403640747, 7.22140598297, 7.41877555847, 7.61614513397, 7.77868461609, 8.15020370483, 8.35918331146, 8.54494285583, 8.74231338501, 8.93968296051, 9.0906124115, 9.14866256714, 9.29959201813, 9.67111110687, 9.86848068237]
    rubato_start: []
    rubato_stop: []
    perceptual_tempo: "unknown"

sfx:
    inharmonicity:
        dmean: 0.0350089967251
        dmean2: 0.0640877485275
        dvar: 0.00358585035428
        dvar2: 0.00959226768464
        max: 0.375050872564
        mean: 0.0263372827321
        min: 1.72646878127e-07
        var: 0.00267626764253
    oddtoevenharmonicenergyratio:
        dmean: 158.247390747
        dmean2: 317.008972168
        dvar: 1584600.5
        dvar2: 4779029.5
        max: 16432.5644531
        mean: 79.2030029297
        min: 2.45700221058e-06
        var: 796529.9375
    pitch_after_max_to_before_max_energy_ratio: 2.62846922874
    pitch_centroid: 271.425079346
    pitch_max_to_total: 0.79795396328
    pitch_min_to_total: 0.0383631698787
    tristimulus:
        dmean: [0.272537022829, 0.257201701403, 0.0739299058914]
        dmean2: [0.493592917919, 0.45988625288, 0.128971144557]
        dvar: [0.0930903404951, 0.0851839184761, 0.0141589790583]
        dvar2: [0.232649073005, 0.234683766961, 0.0385917834938]
        max: [0.996468961239, 0.995489418507, 0.677776157856]
        mean: [0.640399575233, 0.272229135036, 0.0702014192939]
        min: [0.00139348651282, 0, 0]
        var: [0.114836283028, 0.0857122540474, 0.0144921373576]

tonal:
    chords_changes_rate: 0.0618556700647
    chords_number_rate: 0.0154639175162
    chords_strength:
        dmean: 0.00985877215862
        dmean2: 0.0103247575462
        dvar: 6.46296830382e-05
        dvar2: 7.2912327596e-05
        max: 0.545958697796
        mean: 0.398584455252
        min: 0.260278463364
        var: 0.00680296448991
    key_strength: 0.433671921492
    tuning_diatonic_strength: 0.478592902422
    tuning_equal_tempered_deviation: 0.300226926804
    tuning_frequency: 432.191345215
    tuning_nontempered_energy_ratio: 0.906255424023
    hpcp:
        dmean: [0.23971529305, 0.248814195395, 0.195368736982, 0.121398948133, 0.178227260709, 0.303997844458, 0.2499011904, 0.275515317917, 0.233102113008, 0.157872512937, 0.108220428228, 0.0725210830569, 0.053496863693, 0.0406352840364, 0.0518655069172, 0.0522985495627, 0.0685966536403, 0.0821233764291, 0.0831090286374, 0.0570401363075, 0.0600338876247, 0.101842112839, 0.110700637102, 0.0839881300926, 0.0577019788325, 0.0812383145094, 0.0748498812318, 0.0516813099384, 0.0769376978278, 0.101841174066, 0.128833085299, 0.183710381389, 0.229039162397, 0.183471307158, 0.110061429441, 0.135961264372]
        dmean2: [0.419349163771, 0.429769903421, 0.344525009394, 0.214616164565, 0.323190659285, 0.554677784443, 0.451981693506, 0.489602595568, 0.41943231225, 0.284024745226, 0.196951046586, 0.132832705975, 0.0946636870503, 0.0674240812659, 0.0834203064442, 0.0787075534463, 0.108762383461, 0.143349811435, 0.147421196103, 0.100059568882, 0.109047830105, 0.18360902369, 0.184813514352, 0.144846111536, 0.086896084249, 0.141148030758, 0.138068273664, 0.094067774713, 0.147186204791, 0.189134582877, 0.2367862463, 0.337371468544, 0.395911574364, 0.333735615015, 0.199753642082, 0.250986784697]
        dvar: [0.0624834038317, 0.0614962503314, 0.055178720504, 0.0416077934206, 0.0574077144265, 0.103117138147, 0.0746501535177, 0.0913757160306, 0.0639789998531, 0.0569592416286, 0.031591206789, 0.0151921138167, 0.0101701645181, 0.00735035538673, 0.014704563655, 0.0123362326995, 0.0208732821047, 0.0332255214453, 0.0416330210865, 0.0190033596009, 0.0181569140404, 0.0468830801547, 0.0420559830964, 0.0289276596159, 0.0127405337989, 0.0398166142404, 0.0402093566954, 0.0127191515639, 0.0387805253267, 0.0397244915366, 0.031331833452, 0.0418438091874, 0.0574208684266, 0.0520652867854, 0.0336111374199, 0.0349673368037]
        dvar2: [0.174544796348, 0.151134669781, 0.155483737588, 0.108139134943, 0.15573322773, 0.288372397423, 0.204095438123, 0.251438766718, 0.178079560399, 0.144212111831, 0.0850638747215, 0.042720567435, 0.026531631127, 0.0168884526938, 0.0369360521436, 0.0236963722855, 0.0518582649529, 0.0903824865818, 0.121376000345, 0.0531410574913, 0.0526429563761, 0.130446761847, 0.113159179688, 0.0842284336686, 0.0282306596637, 0.105677962303, 0.113141931593, 0.0378052964807, 0.12326014787, 0.122032992542, 0.0892450138927, 0.0991107150912, 0.137204438448, 0.14426125586, 0.0901132151484, 0.102963484824]
        max: [1, 1, 1, 1, 1, 1, 1, 1, 1, 1, 0.976740717888, 0.652267098427, 0.721846759319, 0.613959908485, 1, 1, 1, 1, 1, 1, 1, 1, 1, 1, 0.890226781368, 1, 1, 0.558035254478, 1, 1, 1, 1, 1, 1, 0.947030842304, 0.957236289978]
        mean: [0.259155929089, 0.33381357789, 0.222612768412, 0.115370504558, 0.139005407691, 0.269640117884, 0.429617315531, 0.40473023057, 0.249349713326, 0.154710665345, 0.101929046214, 0.075776129961, 0.0618876032531, 0.0530117675662, 0.0583264231682, 0.0705524161458, 0.0855029821396, 0.089823231101, 0.0760020315647, 0.0554086789489, 0.0592031925917, 0.0908845216036, 0.111180849373, 0.0943866968155, 0.0667969584465, 0.0604432150722, 0.0510374233127, 0.0423260964453, 0.0596213042736, 0.0826311707497, 0.117116495967, 0.218117803335, 0.25976228714, 0.165805488825, 0.0977785587311, 0.128453657031]
        min: [3.45710795955e-05, 5.18876513524e-05, 5.38193708053e-05, 2.51017936534e-05, 0, 4.46155499958e-05, 0.000103001402749, 0.000574213743676, 7.10354142939e-05, 3.20225044561e-05, 0, 0, 0, 1.05462402189e-06, 2.43722097366e-05, 2.57659503404e-05, 2.53701200563e-05, 6.97944706189e-05, 0.000126337108668, 7.2501024988e-05, 7.13848494343e-05, 0.000115933980851, 9.95963418973e-05, 8.57903796714e-05, 3.97004732804e-05, 1.85732380942e-06, 5.46479168406e-05, 8.59069841681e-05, 3.40606566169e-05, 2.88988794637e-05, 0.000100120829302, 0.000321089144563, 0.001000952092, 5.11471262143e-05, 1.26178956634e-05, 1.69432150869e-05]
        var: [0.0756510198116, 0.110681258142, 0.0721327587962, 0.0497571863234, 0.055251583457, 0.0996352359653, 0.149447500706, 0.145639523864, 0.086937867105, 0.0659110993147, 0.035938475281, 0.0199793595821, 0.0137281380594, 0.0114963473752, 0.0181109979749, 0.0216635446995, 0.0315411686897, 0.0376134254038, 0.0349863320589, 0.0171135962009, 0.0187863744795, 0.0435891598463, 0.0491515696049, 0.0344143398106, 0.0190514996648, 0.0298590138555, 0.0258217938244, 0.00955480895936, 0.0248955078423, 0.031643986702, 0.0299639236182, 0.0538103096187, 0.0887725874782, 0.0577393844724, 0.032022241503, 0.0357855260372]
    chords_histogram: [34.0206184387, 21.6494846344, 0, 0.515463888645, 0, 0, 0, 0.515463888645, 0, 0, 0, 0, 0, 0, 0, 0, 0, 0, 0, 0, 0, 0, 43.2989692688, 0]
    thpcp: [1, 0.94207149744, 0.580399572849, 0.360112726688, 0.237255439162, 0.17638053, 0.144052863121, 0.123392999172, 0.135763674974, 0.164221540093, 0.199021264911, 0.209077313542, 0.176906347275, 0.128972172737, 0.137804478407, 0.211547628045, 0.258790433407, 0.219699472189, 0.155480131507, 0.14069083333, 0.118797406554, 0.0985204651952, 0.138777703047, 0.192336693406, 0.272606551647, 0.50770252943, 0.60463643074, 0.38593763113, 0.227594554424, 0.298995524645, 0.603225052357, 0.777002155781, 0.518165290356, 0.26854249835, 0.32355633378, 0.627628624439]
    chords_key: "A"
    chords_scale: "minor"
    key_key: "E"
    key_scale: "minor"
    chords_progression: ["D", "G", "G", "G", "G", "G", "G", "G", "G", "G", "G", "G", "G", "G", "G", "G", "G", "G", "G", "G", "G", "G", "G", "G", "G", "G", "G", "G", "G", "G", "Em", "Em", "Em", "Em", "Em", "Em", "Em", "Em", "Em", "Em", "Em", "Em", "Em", "Em", "Am", "Am", "Am", "Am", "Am", "Am", "Am", "Am", "Am", "Am", "Am", "Am", "Am", "Am", "Am", "Am", "Am", "Am", "G", "G", "Am", "Am", "Am", "Am", "Am", "Am", "Am", "G", "G", "G", "G", "G", "G", "G", "G", "G", "Em", "G", "G", "Em", "Em", "E", "Em", "Em", "Em", "Em", "Em", "Em", "Em", "Em", "Em", "Em", "Em", "Em", "Em", "Em", "Em", "Em", "Em", "Em", "Em", "Em", "Em", "Em", "Em", "Em", "Em", "Em", "Em", "Em", "Em", "Em", "Em", "Em", "Em", "Em", "Em", "Em", "Em", "Em", "Em", "Em", "Em", "Em", "Em", "Em", "Em", "Em", "Em", "Em", "Em", "Am", "Am", "Am", "Am", "Am", "Am", "Am", "Am", "Am", "Am", "Am", "Am", "Am", "Am", "Am", "Am", "Am", "Am", "Am", "Am", "Am", "Am", "Am", "Am", "Am", "Am", "Am", "Am", "Am", "Am", "Am", "Am", "Am", "Am", "Am", "Am", "Am", "Am", "Am", "Am", "Am", "Am", "Am", "Am", "Am", "Am", "Am", "Am", "Am", "Am", "Am", "Am", "Am", "Am", "Am", "Am", "Am", "Am", "Am"]
