
metadata:
    version:
        essentia: "1.2.2"
    audio_properties:
        analysis_sample_rate: 44100
        bitrate: 128
        channels: 2
        equal_loudness: 1
        length: 10.0048980713
        replay_gain: -11.565032959
        downmix: "mix"
    tags:
        track: 16
        year: 0
        album: "Splitted by Mp3Splt v. 2.1"
        artist: "From 002.30 To 002.40"
        comment: "http://mp3splt.sf.net"
        genre: ""
        title: "11 Liquid Sky [-].mp3"

highlevel:
    ballroom:
        all:
            ChaChaCha: 0.52647036314
            Jive: 0.0687639862299
            Quickstep: 0.000908836838789
            Rumba-American: 0.000324954424286
            Rumba-International: 0.0047577037476
            Rumba-Misc: 0.000564471527468
            Samba: 0.398105472326
            Tango: 2.43904687522e-05
            VienneseWaltz: 4.18293639086e-05
            Waltz: 3.80236560886e-05
        probability: 0.52647036314
        value: "ChaChaCha"
    culture:
        all:
            non_western: 0.108242474496
            western: 0.891757547855
        probability: 0.891757547855
        value: "western"
    gender:
        all:
            female: 0.647768974304
            male: 0.352231025696
        probability: 0.647768974304
        value: "female"
    genre_dortmund:
        all:
            alternative: 0.00686427718028
            blues: 0.00330590433441
            electronic: 0.303196400404
            folkcountry: 0.00297228060663
            funksoulrnb: 0.0107759833336
            jazz: 0.329471319914
            pop: 0.0117848459631
            raphiphop: 0.273403912783
            rock: 0.0582250654697
        probability: 0.329471319914
        value: "jazz"
    genre_electronica:
        all:
            ambient: 0.830684959888
            dnb: 0.0400132760406
            house: 0.045795109123
            techno: 0.0687343999743
            trance: 0.0147722354159
        probability: 0.830684959888
        value: "ambient"
    genre_rosamerica:
        all:
            cla: 0.00669376878068
            dan: 0.235783144832
            hip: 0.565395534039
            jaz: 0.0117978965864
            pop: 0.0253985431045
            rhy: 0.112679332495
            roc: 0.0154397096485
            spe: 0.0268120784312
        probability: 0.565395534039
        value: "hip"
    genre_tzanetakis:
        all:
            blu: 0.00683462712914
            cla: 0.0114656165242
            cou: 0.00437563238665
            dis: 0.0571347773075
            hip: 0.486698418856
            jaz: 0.00701600546017
            met: 0.0192521307617
            pop: 0.206159189343
            reg: 0.171957552433
            roc: 0.0291060470045
        probability: 0.486698418856
        value: "hip"
    live_studio:
        all:
            live: 0.0279868431389
            studio: 0.972013175488
        probability: 0.972013175488
        value: "studio"
    mood:
        all:
            Cluster1: 0.120354957879
            Cluster2: 0.523581922054
            Cluster3: 0.0491744689643
            Cluster4: 0.208425536752
            Cluster5: 0.0984631106257
        probability: 0.523581922054
        value: "Cluster2"
    mood_acoustic:
        all:
            acoustic: 0.060845028609
            not_acoustic: 0.939154982567
        probability: 0.939154982567
        value: "not_acoustic"
    mood_aggressive:
        all:
            aggressive: 0.259483188391
            not_aggressive: 0.740516781807
        probability: 0.740516781807
        value: "not_aggressive"
    mood_electronic:
        all:
            electronic: 0.965937197208
            not_electronic: 0.0340628288686
        probability: 0.965937197208
        value: "electronic"
    mood_happy:
        all:
            happy: 0.249307200313
            not_happy: 0.750692784786
        probability: 0.750692784786
        value: "not_happy"
    mood_party:
        all:
            not_party: 0.0578396171331
            party: 0.942160367966
        probability: 0.942160367966
        value: "party"
    mood_relaxed:
        all:
            not_relaxed: 0.259623497725
            relaxed: 0.740376472473
        probability: 0.740376472473
        value: "relaxed"
    mood_sad:
        all:
            not_sad: 0.591759502888
            sad: 0.408240497112
        probability: 0.591759502888
        value: "not_sad"
    rhythm:
        all:
            fast: 0.292030394077
            medium: 0.648064315319
            slow: 0.0599052906036
        probability: 0.648064315319
        value: "medium"
    speech_music:
        all:
            music: 3.00000096379e-14
            speech: 1
        probability: 1
        value: "speech"
    timbre:
        all:
            bright: 0.372715204954
            dark: 0.627284765244
        probability: 0.627284765244
        value: "dark"
    voice_instrumental:
        all:
            instrumental: 0.954391598701
            voice: 0.0456084050238
        probability: 0.954391598701
        value: "instrumental"

lowlevel:
    average_loudness: 0.984558105469
    barkbands_kurtosis:
        dmean: 8.77548313141
        dmean2: 14.7126913071
        dvar: 174.639892578
        dvar2: 468.093444824
        max: 107.913536072
        mean: 6.80680704117
        min: -1.92487990856
        var: 170.925308228
    barkbands_skewness:
        dmean: 1.72252094746
        dmean2: 2.70740199089
        dvar: 2.89886283875
        dvar2: 6.70998048782
        max: 9.29937839508
        mean: 0.0345583073795
        min: -5.57960748672
        var: 6.3152256012
    barkbands_spread:
        dmean: 16.2416648865
        dmean2: 26.2717914581
        dvar: 198.520004272
        dvar2: 472.346405029
        max: 80.0360031128
        mean: 25.437828064
        min: 1.26491129398
        var: 334.282562256
    dissonance:
        dmean: 0.0442593581975
        dmean2: 0.070750169456
        dvar: 0.00358322774991
        dvar2: 0.00901747215539
        max: 0.499943554401
        mean: 0.451471030712
        min: 0.127367690206
        var: 0.00435607042164
    hfc:
        dmean: 6.68609666824
        dmean2: 11.0281419754
        dvar: 65.088180542
        dvar2: 153.207977295
        max: 39.4331741333
        mean: 5.76337862015
        min: 0.000131844848511
        var: 62.7495536804
    pitch:
        dmean: 1443.9074707
        dmean2: 2671.23193359
        dvar: 2802879.25
        dvar2: 5329767
        max: 4900
        mean: 2610.0078125
        min: 86.1328125
        var: 3601494.25
    pitch_instantaneous_confidence:
        dmean: 0.167257323861
        dmean2: 0.269776761532
        dvar: 0.0167487021536
        dvar2: 0.03790230304
        max: 0.932613193989
        mean: 0.499161958694
        min: 0.168104350567
        var: 0.0304934885353
    pitch_salience:
        dmean: 0.145144641399
        dmean2: 0.243241906166
        dvar: 0.017662698403
        dvar2: 0.0402051880956
        max: 0.975473463535
        mean: 0.613538622856
        min: 0.137871146202
        var: 0.0341776013374
    silence_rate_20dB:
        dmean: 0
        dmean2: 0
        dvar: 0
        dvar2: 0
        max: 1
        mean: 1
        min: 1
        var: 0
    silence_rate_30dB:
        dmean: 0
        dmean2: 0
        dvar: 0
        dvar2: 0
        max: 1
        mean: 1
        min: 1
        var: 0
    silence_rate_60dB:
        dmean: 0.305764406919
        dmean2: 0.613065302372
        dvar: 0.212272197008
        dvar2: 0.347769379616
        max: 1
        mean: 0.699999988079
        min: 0
        var: 0.209999442101
    spectral_centroid:
        dmean: 898.33026123
        dmean2: 1435.7121582
        dvar: 950548.3125
        dvar2: 1655196
        max: 4592.34277344
        mean: 2199.57592773
        min: 101.257293701
        var: 2314322.75
    spectral_complexity:
        dmean: 6.09016370773
        dmean2: 9.87123298645
        dvar: 44.1257820129
        dvar2: 99.7177352905
        max: 31
        mean: 5.71389627457
        min: 0
        var: 48.5966033936
    spectral_crest:
        dmean: 3.75224518776
        dmean2: 6.52537107468
        dvar: 9.21671199799
        dvar2: 23.9886016846
        max: 22.7017745972
        mean: 9.94529342651
        min: 2.97702288628
        var: 14.068441391
    spectral_decrease:
        dmean: 9.14389508555e-10
        dmean2: 1.49640111413e-09
        dvar: 1.99152686702e-18
        dvar2: 4.6124955804e-18
        max: -2.18365517319e-14
        mean: -7.83081932632e-10
        min: -7.27050153415e-09
        var: 1.95084116141e-18
    spectral_energy:
        dmean: 0.00404973514378
        dmean2: 0.00660408148542
        dvar: 3.18014936056e-05
        dvar2: 7.28863669792e-05
        max: 0.0290498491377
        mean: 0.00347828539088
        min: 1.04839934068e-07
        var: 3.22242449329e-05
    spectral_energyband_high:
        dmean: 0.000793733051978
        dmean2: 0.00132410915103
        dvar: 1.2886815739e-06
        dvar2: 3.28698911289e-06
        max: 0.00694098835811
        mean: 0.000632783048786
        min: 6.3294138819e-09
        var: 1.08281835765e-06
    spectral_energyband_low:
        dmean: 0.000445710786153
        dmean2: 0.000661958532874
        dvar: 1.17475497063e-06
        dvar2: 2.88548426397e-06
        max: 0.00639216694981
        mean: 0.000402305333409
        min: 1.45318057587e-09
        var: 1.16473415801e-06
    spectral_energyband_middle_high:
        dmean: 0.000898789672647
        dmean2: 0.00144835433457
        dvar: 1.3674116417e-06
        dvar2: 3.39062899002e-06
        max: 0.00683332048357
        mean: 0.000770052778535
        min: 3.16792103661e-08
        var: 1.31503111334e-06
    spectral_energyband_middle_low:
        dmean: 0.00218171835877
        dmean2: 0.00377057050355
        dvar: 2.32914080698e-05
        dvar2: 5.4656433349e-05
        max: 0.0259655527771
        mean: 0.00167314312421
        min: 3.68584318622e-09
        var: 2.06706481549e-05
    spectral_flatness_db:
        dmean: 0.0589450672269
        dmean2: 0.0956140086055
        dvar: 0.00204172963277
        dvar2: 0.00578878400847
        max: 0.392724066973
        mean: 0.204750463367
        min: 0.0422036796808
        var: 0.00341863534413
    spectral_flux:
        dmean: 0.0292681865394
        dmean2: 0.0485082119703
        dvar: 0.000939171353821
        dvar2: 0.00227925670333
        max: 0.166890799999
        mean: 0.0472390800714
        min: 0.000606715038884
        var: 0.00119593297131
    spectral_kurtosis:
        dmean: 4.18745994568
        dmean2: 6.68164110184
        dvar: 33.5462760925
        dvar2: 84.2183609009
        max: 43.4208679199
        mean: 4.46051883698
        min: -0.515742301941
        var: 37.4373817444
    spectral_rms:
        dmean: 0.00106632721145
        dmean2: 0.0016220061807
        dvar: 1.08284257294e-06
        dvar2: 2.5679414648e-06
        max: 0.005323656369
        mean: 0.00138798553962
        min: 1.01134992292e-05
        var: 1.46694492287e-06
    spectral_rolloff:
        dmean: 1424.89819336
        dmean2: 2474.60839844
        dvar: 2585019.75
        dvar2: 5204854
        max: 5792.43164062
        mean: 3367.51123047
        min: 107.666015625
        var: 4145744.5
    spectral_skewness:
        dmean: 0.647822678089
        dmean2: 1.02888059616
        dvar: 0.530544936657
        dvar2: 1.15348112583
        max: 5.48852539062
        mean: 1.22718501091
        min: 0.16288779676
        var: 0.814021527767
    spectral_spread:
        dmean: 1701474.625
        dmean2: 2828439.5
        dvar: 3.83326276813e+12
        dvar2: 9.74639228518e+12
        max: 21687722
        mean: 5209372
        min: 1611058.5
        var: 4.82743523738e+12
    spectral_strongpeak:
        dmean: 0.487884908915
        dmean2: 0.796289920807
        dvar: 0.47451877594
        dvar2: 1.09891629219
        max: 4.11675548553
        mean: 0.472640246153
        min: 0.000203341653105
        var: 0.612799167633
    zerocrossingrate:
        dmean: 0.0351055525243
        dmean2: 0.039295271039
        dvar: 0.000732700456865
        dvar2: 0.000919201702345
        max: 0.2138671875
        mean: 0.104709051549
        min: 0.00732421875
        var: 0.00367055460811
    barkbands:
        dmean: [6.56932144238e-08, 0.00018283490499, 0.0003714520426, 0.00109948369209, 0.000935448799282, 6.91851018928e-05, 2.96631606034e-05, 6.42458544462e-05, 2.95546287816e-05, 4.89843441756e-05, 2.02329174499e-05, 2.73917357845e-05, 3.57747812814e-05, 4.72568863188e-05, 3.52746101271e-05, 6.06120775046e-05, 8.66514601512e-05, 0.000175413457328, 0.000354821066139, 0.000374385155737, 0.000411138229538, 0.000148380408064, 3.05705762003e-05, 1.278603213e-05, 5.35597246198e-06, 5.32851487378e-08, 3.92886345679e-09]
        dmean2: [8.65819984597e-08, 0.000282326975139, 0.000688750762492, 0.00196273252368, 0.0016156565398, 0.000131185501232, 5.82970824325e-05, 0.000113445232273, 5.71081764065e-05, 8.51907389006e-05, 3.83308251912e-05, 4.95515159855e-05, 6.27525223535e-05, 8.57968625496e-05, 6.0751746787e-05, 0.00010743013263, 0.000151477492182, 0.000300776679069, 0.000610896327998, 0.000647298409604, 0.0007124687545, 0.000242948080995, 5.09330457135e-05, 2.13766234083e-05, 9.08175570657e-06, 8.86927153942e-08, 4.07048839079e-09]
        dvar: [1.22173118519e-14, 1.83150746125e-07, 1.22816049952e-06, 6.61892818243e-06, 5.21844003742e-06, 1.75762906451e-08, 6.53519549587e-09, 1.02886437148e-08, 7.37798799832e-09, 8.49165004979e-09, 1.42611544796e-09, 2.61952992631e-09, 3.86093423899e-09, 1.43162068866e-08, 4.40716263483e-09, 1.2666589555e-08, 2.4344243954e-08, 7.24555775378e-08, 4.11250397292e-07, 3.55595886958e-07, 4.41603987156e-07, 5.05318524802e-08, 2.27160490418e-09, 3.87613607877e-10, 7.28350921242e-11, 1.67908594743e-14, 5.19061239506e-15]
        dvar2: [1.9475257656e-14, 3.38644753128e-07, 3.48036337527e-06, 1.69111281139e-05, 1.10509427032e-05, 5.05080919311e-08, 1.87813515851e-08, 2.80413985365e-08, 2.14406004062e-08, 2.17888285192e-08, 4.13146894473e-09, 7.34255767298e-09, 1.01014236975e-08, 4.03452631303e-08, 1.1926844401e-08, 3.39557537643e-08, 6.5279003536e-08, 1.8989334194e-07, 1.11962344818e-06, 9.1694346338e-07, 1.18489481338e-06, 1.15819261737e-07, 5.55000578828e-09, 9.96228544103e-10, 1.59268889743e-10, 3.18078320573e-14, 5.19076316692e-15]
        max: [6.46513115043e-07, 0.00199413346127, 0.00572643149644, 0.0136617645621, 0.0142867993563, 0.000761051254813, 0.000428909843322, 0.000584854744375, 0.000484113785205, 0.000541758956388, 0.000209300706047, 0.000329903938109, 0.000437354814494, 0.00134129368234, 0.000439533090685, 0.000801767862868, 0.000941654609051, 0.00162653450388, 0.00580268772319, 0.00403200648725, 0.00499451998621, 0.00178233650513, 0.000219226771151, 0.000112061126856, 6.14018135821e-05, 1.76066146196e-06, 1.38209509259e-06]
        mean: [7.31765936735e-08, 0.000170672457898, 0.000231562036788, 0.000747603422496, 0.000790217891335, 5.11265498062e-05, 1.60841354955e-05, 4.8609530495e-05, 1.66288027685e-05, 3.4952583519e-05, 1.25552596728e-05, 1.82304065675e-05, 2.50239827437e-05, 3.20053841278e-05, 2.56505063589e-05, 4.35875917901e-05, 6.13233642071e-05, 0.00012718126527, 0.00027035822859, 0.000278555584373, 0.000318046659231, 0.000120812030218, 2.36185132962e-05, 9.57989959716e-06, 4.18383797296e-06, 4.01510398262e-08, 3.88475651647e-09]
        min: [5.30244251284e-11, 5.38754707513e-10, 2.39747499631e-10, 1.28638780184e-10, 6.08026462512e-10, 3.27594590344e-10, 2.53429027763e-10, 2.36969166512e-10, 4.47351072852e-10, 1.74110198481e-10, 1.94595700664e-10, 2.93898155812e-10, 5.58059820577e-10, 3.8462899532e-10, 1.02915631572e-09, 1.42000988745e-09, 1.62221791555e-09, 4.06933464703e-09, 4.88393014919e-09, 4.15649159535e-09, 2.56344900862e-09, 7.80266740108e-10, 6.64215210611e-11, 2.69239353035e-11, 2.032768745e-11, 1.04092385753e-12, 1.17255109702e-15]
        var: [2.0492989765e-14, 2.16316124124e-07, 7.32399485059e-07, 5.01370868733e-06, 5.24721917827e-06, 1.04369135556e-08, 3.54098061983e-09, 8.84429773862e-09, 3.95630461725e-09, 6.92676760394e-09, 8.69098959466e-10, 1.75188197282e-09, 2.97541280503e-09, 8.82856632245e-09, 3.15727954892e-09, 8.85080275737e-09, 1.72785572516e-08, 5.58620030233e-08, 2.81853601791e-07, 2.71061765034e-07, 3.23165892269e-07, 4.96751297874e-08, 2.02836925034e-09, 3.33175320666e-10, 7.74044994767e-11, 1.42984057347e-14, 5.18984117156e-15]
    mfcc:
        mean: [-841.154907227, 63.8385124207, -30.9181785583, 65.1655502319, -17.5369186401, 3.91890382767, -2.27652573586, -7.39139127731, -5.98317956924, -7.60665941238, -9.64852523804, -10.4825963974, -11.19510746]
        cov: [[22194.34375, -3219.37524414, -125.220245361, -513.737548828, -457.324615479, -56.2908287048, -229.61541748, -491.70010376, -678.674377441, -585.279968262, -481.673034668, -530.805664062, -568.57824707], [-3219.37524414, 5148.83251953, -169.553085327, 321.569885254, 602.974243164, 263.354064941, 458.987365723, 317.914855957, 319.014892578, 277.511199951, 186.533996582, -35.2471427917, -55.5307579041], [-125.220245361, -169.553085327, 1022.90582275, 266.786804199, 114.492904663, 63.3316574097, 123.940048218, 38.2429771423, 133.091171265, 77.0797805786, 24.5390224457, 85.298576355, 6.32669353485], [-513.737548828, 321.569885254, 266.786804199, 576.943237305, 333.627471924, 194.415328979, 198.689926147, 137.177749634, 85.8768844604, 61.5217514038, 26.3700294495, 50.3991203308, 1.65717816353], [-457.324615479, 602.974243164, 114.492904663, 333.627471924, 412.884399414, 218.873596191, 176.505859375, 139.957336426, 89.1972351074, 25.2909755707, 42.5268325806, 31.5345458984, 17.1697502136], [-56.2908287048, 263.354064941, 63.3316574097, 194.415328979, 218.873596191, 232.814697266, 150.941925049, 117.885269165, 80.2658843994, 16.080909729, 25.4323711395, 36.9815483093, 16.0535755157], [-229.61541748, 458.987365723, 123.940048218, 198.689926147, 176.505859375, 150.941925049, 245.781082153, 150.735321045, 113.266914368, 60.3774223328, 54.2092132568, 65.2230072021, 23.4104423523], [-491.70010376, 317.914855957, 38.2429771423, 137.177749634, 139.957336426, 117.885269165, 150.735321045, 167.537948608, 106.704170227, 54.7413749695, 54.9222106934, 41.9133491516, 37.4848709106], [-678.674377441, 319.014892578, 133.091171265, 85.8768844604, 89.1972351074, 80.2658843994, 113.266914368, 106.704170227, 165.006866455, 98.0697860718, 67.0215988159, 62.8497810364, 39.9544487], [-585.279968262, 277.511199951, 77.0797805786, 61.5217514038, 25.2909755707, 16.080909729, 60.3774223328, 54.7413749695, 98.0697860718, 126.709098816, 50.3147239685, 47.3290863037, 32.3110122681], [-481.673034668, 186.533996582, 24.5390224457, 26.3700294495, 42.5268325806, 25.4323711395, 54.2092132568, 54.9222106934, 67.0215988159, 50.3147239685, 95.8202896118, 49.3211555481, 25.684135437], [-530.805664062, -35.2471427917, 85.298576355, 50.3991203308, 31.5345458984, 36.9815483093, 65.2230072021, 41.9133491516, 62.8497810364, 47.3290863037, 49.3211555481, 96.7097244263, 53.3374519348], [-568.57824707, -55.5307579041, 6.32669353485, 1.65717816353, 17.1697502136, 16.0535755157, 23.4104423523, 37.4848709106, 39.9544487, 32.3110122681, 25.684135437, 53.3374519348, 77.6955184937]]
        icov: [[7.88429097156e-05, 7.33267952455e-05, -8.06932712294e-06, 0.000136452435981, -4.38164024672e-05, -0.000126008395455, -0.000336040713592, 0.000159528106451, 0.000152026623255, -0.000100391895103, 4.27571067121e-05, 0.000310408096993, 0.000423479039455], [7.33267952455e-05, 0.000449336599559, 0.000156985537615, 0.000401716970373, -0.00076106475899, 0.00021349558665, -0.00106141925789, 0.00043452825048, -0.000119740041555, -0.000930300797336, -0.000247958436375, 0.00110879924614, 0.000839897489641], [-8.06932712294e-06, 0.000156985537615, 0.00145573890768, -0.000590884359553, -0.000243346963543, 0.000601885782089, -0.000648182875011, 0.00120241765399, -0.00187430682126, 0.00011245085625, 0.000475307373563, -0.000669657194521, 0.000711491215043], [0.000136452435981, 0.000401716970373, -0.000590884359553, 0.00482306350023, -0.00353389233351, -0.000240707871853, -0.00159452692606, -0.00113167765085, 0.00248974817805, -0.00326490704902, 0.00144299201202, -0.000845911446959, 0.00326916598715], [-4.38164024672e-05, -0.00076106475899, -0.000243346963543, -0.00353389233351, 0.00869213510305, -0.0045559569262, 0.000869012787007, -0.000333199830493, -0.000509994104505, 0.00335476337932, -0.00195241579786, 0.00157574401237, -0.00341918598861], [-0.000126008395455, 0.00021349558665, 0.000601885782089, -0.000240707871853, -0.0045559569262, 0.0121445003897, -0.0024110621307, -0.00240210094489, -0.00333432015032, 0.00251333857886, 0.00234253657982, -0.00237051025033, 0.00109186116606], [-0.000336040713592, -0.00106141925789, -0.000648182875011, -0.00159452692606, 0.000869012787007, -0.0024110621307, 0.0160474088043, -0.00999154336751, -0.000187026351341, 0.0010831708787, 0.0015455117682, -0.00939174834639, 0.00274259806611], [0.000159528106451, 0.00043452825048, 0.00120241765399, -0.00113167765085, -0.000333199830493, -0.00240210094489, -0.00999154336751, 0.0223822873086, -0.00726048555225, 0.000928159162868, -0.0046716122888, 0.00930768065155, -0.00731146661565], [0.000152026623255, -0.000119740041555, -0.00187430682126, 0.00248974817805, -0.000509994104505, -0.00333432015032, -0.000187026351341, -0.00726048555225, 0.021890938282, -0.0106440745294, -0.00258587021381, -0.00252433749847, 0.00124435673933], [-0.000100391895103, -0.000930300797336, 0.00011245085625, -0.00326490704902, 0.00335476337932, 0.00251333857886, 0.0010831708787, 0.000928159162868, -0.0106440745294, 0.0199115276337, -0.00199515139684, -0.00199574884027, -0.00415122229606], [4.27571067121e-05, -0.000247958436375, 0.000475307373563, 0.00144299201202, -0.00195241579786, 0.00234253657982, 0.0015455117682, -0.0046716122888, -0.00258587021381, -0.00199515139684, 0.0194952972233, -0.0100093362853, 0.00438800221309], [0.000310408096993, 0.00110879924614, -0.000669657194521, -0.000845911446959, 0.00157574401237, -0.00237051025033, -0.00939174834639, 0.00930768065155, -0.00252433749847, -0.00199574884027, -0.0100093362853, 0.0321919247508, -0.0150451520458], [0.000423479039455, 0.000839897489641, 0.000711491215043, 0.00326916598715, -0.00341918598861, 0.00109186116606, 0.00274259806611, -0.00731146661565, 0.00124435673933, -0.00415122229606, 0.00438800221309, -0.0150451520458, 0.0296378098428]]
    spectral_contrast:
        mean: [-2.28267921898e-07, -1.5824870303e-08, 1.78321624134e-08, -7.17752826063e-08, -1.38211319722e-07, -7.92157095475e-08, 4.24703401336e-08, -2.75561865237e-06, 4.33554760093e-07, 8.69058453645e-07, 2.04507273338e-06, 5.47518175154e-06]
        var: [0.000424892554292, 0.000611757976003, 0.00140510685742, 0.00154488219414, 0.00695383176208, 0.0144647574052, 0.0740134865046, 0.127031683922, 0.35505476594, 0.687293052673, 2.04114961624, 9.65638446808]

rhythm:
    beats_loudness:
        dmean: 0.0230294782668
        dmean2: 0.0461911037564
        dvar: 6.97213636158e-07
        dvar2: 1.58134480444e-06
        max: 0.0254615619779
        mean: 0.0126067977399
        min: 0.000846398121212
        var: 0.000131440698169
    beats_loudness_bass:
        dmean: 0.092247992754
        dmean2: 0.184544369578
        dvar: 0.000885395333171
        dvar2: 0.00248631532304
        max: 0.112813152373
        mean: 0.0602081120014
        min: 0.000154399327585
        var: 0.00255033234134
    bpm: 111.456756592
    bpm_confidence: 0
    first_peak_bpm: 111
    first_peak_spread: 0.0555555820465
    first_peak_weight: 0.944444417953
    onset_rate: 7.39637708664
    second_peak_bpm: 0
    second_peak_spread: 0
    second_peak_weight: 0
    beats_position: [0.138842999935, 0.677147209644, 1.21545135975, 1.75375568867, 2.29205989838, 2.83036422729, 3.36866855621, 3.90697264671, 4.44527721405, 4.98358106613, 5.52188539505, 6.07586431503, 6.61421537399, 7.15256643295, 7.69091749191, 8.22926902771, 8.767619133, 9.30597019196, 9.84432220459]
    bpm_estimates: [111.633666992, 111.397743225, 111.659835815, 111.380104065, 111.319511414, 111.423675537, 111.503616333, 111.36870575, 111.464447021, 111.715400696, 111.371170044, 111.620567322, 111.309844971, 111.221092224, 111.393127441, 111.644973755, 111.337379456]
    bpm_intervals: [0.538304209709, 0.538304150105, 0.538304328918, 0.538304209709, 0.538304328918, 0.538304328918, 0.5383040905, 0.538304567337, 0.538303852081, 0.538304328918, 0.553978919983, 0.53835105896, 0.53835105896, 0.53835105896, 0.538351535797, 0.538350105286, 0.53835105896, 0.538352012634]
    onset_times: [0.116099774837, 0.255419492722, 0.394739240408, 0.53405892849, 0.661768734455, 0.812698423862, 0.9287981987, 1.06811785698, 1.20743763447, 1.33514738083, 1.47446715832, 1.60217690468, 1.74149656296, 1.89242625237, 2.00852608681, 2.14784574509, 2.28716564178, 2.41487526894, 2.55419492722, 2.69351482391, 2.82122445107, 2.97215414047, 3.09986400604, 3.23918366432, 3.3785033226, 3.50621318817, 3.63392281532, 3.77324271202, 3.9125623703, 4.051882267, 4.17959165573, 4.31891155243, 4.446621418, 4.58594083786, 4.72526073456, 4.85297060013, 4.99229001999, 5.14321994781, 5.25931978226, 5.39863967896, 5.53795909882, 5.66566896439, 5.80498886108, 5.93269824982, 6.07201814651, 6.22294807434, 6.33904743195, 6.47836732864, 6.61768722534, 6.74539661407, 6.88471651077, 7.02403640747, 7.1517457962, 7.30267572403, 7.41877555847, 7.55809545517, 7.69741487503, 7.8251247406, 7.9644446373, 8.103764534, 8.24308395386, 8.38240337372, 8.51011371613, 8.64943313599, 8.77714252472, 8.91646289825, 9.04417228699, 9.18349170685, 9.31120204926, 9.47374153137, 9.58984088898, 9.72916126251, 9.86848068237, 9.99619007111]
    rubato_start: []
    rubato_stop: []
    perceptual_tempo: "unknown"

sfx:
    inharmonicity:
        dmean: 0.0593065209687
        dmean2: 0.100149042904
        dvar: 0.00368414702825
        dvar2: 0.00928282830864
        max: 0.34990465641
        mean: 0.0600515268743
        min: 0
        var: 0.0049009853974
    oddtoevenharmonicenergyratio:
        dmean: 53.6968421936
        dmean2: 107.363922119
        dvar: 232389.984375
        dvar2: 696351.1875
        max: 5381.45166016
        mean: 27.1990776062
        min: 0
        var: 116601.609375
    pitch_after_max_to_before_max_energy_ratio: 10.0820922852
    pitch_centroid: 185.464309692
    pitch_max_to_total: 0.106267027557
    pitch_min_to_total: 0.223433241248
    tristimulus:
        dmean: [0.253559917212, 0.288116931915, 0.218119218946]
        dmean2: [0.439219564199, 0.500685334206, 0.390917479992]
        dvar: [0.0597924292088, 0.0555087998509, 0.0459782034159]
        dvar2: [0.138388052583, 0.155299559236, 0.121796697378]
        max: [1, 0.994179904461, 0.864899456501]
        mean: [0.345673531294, 0.367938876152, 0.205948129296]
        min: [0.00582000566646, 0, 0]
        var: [0.0805275961757, 0.0777961760759, 0.0548706576228]

tonal:
    chords_changes_rate: 0.0758293867111
    chords_number_rate: 0.00947867333889
    chords_strength:
        dmean: 0.0106135569513
        dmean2: 0.0146727338433
        dvar: 6.59380966681e-05
        dvar2: 9.76264636847e-05
        max: 0.528407454491
        mean: 0.455883622169
        min: 0.365489393473
        var: 0.00132819532882
    key_strength: 0.52202475071
    tuning_diatonic_strength: 0.48836940527
    tuning_equal_tempered_deviation: 0.204504191875
    tuning_frequency: 437.213165283
    tuning_nontempered_energy_ratio: 0.902486801147
    hpcp:
        dmean: [0.197540223598, 0.13960455358, 0.140733540058, 0.118050195277, 0.119999840856, 0.160346731544, 0.187065541744, 0.185256958008, 0.19940303266, 0.252021342516, 0.237707003951, 0.171127259731, 0.301915585995, 0.339361667633, 0.171135887504, 0.156796172261, 0.216376647353, 0.244220420718, 0.273571163416, 0.235488668084, 0.165262624621, 0.159629896283, 0.240632295609, 0.25352832675, 0.188379615545, 0.134305328131, 0.159854248166, 0.231625258923, 0.191070646048, 0.208081021905, 0.17767508328, 0.137292563915, 0.144877657294, 0.175499096513, 0.16181434691, 0.209664702415]
        dmean2: [0.325682431459, 0.239266589284, 0.237127333879, 0.204561695457, 0.20695476234, 0.284390926361, 0.332756757736, 0.331532478333, 0.362983077765, 0.428298413754, 0.388690888882, 0.275556474924, 0.498415827751, 0.579487979412, 0.278960734606, 0.26165702939, 0.360617518425, 0.427231311798, 0.484276950359, 0.433894872665, 0.307457327843, 0.287881523371, 0.438612490892, 0.484959661961, 0.344540476799, 0.246054887772, 0.30220463872, 0.420355558395, 0.338539332151, 0.379598140717, 0.328374624252, 0.243136495352, 0.239839583635, 0.285561323166, 0.264803081751, 0.355841487646]
        dvar: [0.0466130934656, 0.02228936553, 0.0287037231028, 0.026127807796, 0.0218472164124, 0.0434642657638, 0.0422078818083, 0.0507888160646, 0.0415527559817, 0.0594584569335, 0.0503557920456, 0.025119561702, 0.076223038137, 0.0998376384377, 0.0267299190164, 0.0248915739357, 0.0463309697807, 0.0536233820021, 0.0746515989304, 0.0756862163544, 0.0708096399903, 0.0549512691796, 0.0969835072756, 0.0951247513294, 0.0574804581702, 0.0473156385124, 0.0509882979095, 0.100932337344, 0.0555671267211, 0.0582408644259, 0.0570123270154, 0.0396654978395, 0.0245723538101, 0.0334304980934, 0.0290594175458, 0.0546813495457]
        dvar2: [0.118460156024, 0.0507146157324, 0.0643777400255, 0.0680960714817, 0.0562023557723, 0.103586807847, 0.100414693356, 0.132061436772, 0.103997834027, 0.161500021815, 0.126992315054, 0.0557595342398, 0.134209886193, 0.161529958248, 0.0704577937722, 0.0638667047024, 0.105593055487, 0.13458403945, 0.195119351149, 0.206619232893, 0.196777641773, 0.139159232378, 0.263554304838, 0.243225038052, 0.156154692173, 0.137586057186, 0.151380732656, 0.313484966755, 0.14386151731, 0.165813297033, 0.163832888007, 0.111678034067, 0.0649303346872, 0.0719823986292, 0.0660146996379, 0.130324333906]
        max: [1, 1, 1, 1, 0.787072896957, 1, 1, 1, 0.965525388718, 1, 1, 1, 1, 1, 1, 0.922429144382, 1, 1, 1, 1, 1, 1, 1, 1, 1, 1, 1, 1, 1, 1, 1, 1, 0.989730656147, 1, 1, 1]
        mean: [0.194294124842, 0.158707842231, 0.157213881612, 0.125888720155, 0.118709601462, 0.159421622753, 0.183177188039, 0.171823471785, 0.20458137989, 0.257836610079, 0.244738996029, 0.232508346438, 0.446823090315, 0.487838596106, 0.234191805124, 0.181453093886, 0.242358207703, 0.252308517694, 0.25033351779, 0.192718088627, 0.114598304033, 0.125942751765, 0.17807084322, 0.187519952655, 0.150081917644, 0.107091255486, 0.115819551051, 0.179155409336, 0.189935237169, 0.177046135068, 0.150727167726, 0.119300752878, 0.16798684001, 0.226563572884, 0.207332015038, 0.207848966122]
        min: [0.000447133614216, 0.000905735010747, 0.000779327063356, 0.000553043617401, 0.000493028433993, 0, 0.000382625177735, 0.000668738619424, 0.000724986020941, 2.74203430308e-05, 0, 0, 0.00025925366208, 0.00128183141351, 0.00167778343894, 0.000481891009258, 0.000440902833361, 0, 1.03367983684e-05, 0.000347484223312, 6.74362381687e-05, 0, 0, 0, 0, 0.000243400718318, 0.000431889755419, 0.00026840614737, 0.000343160150805, 0, 0, 2.83328827209e-05, 0.000606679415796, 0.00160039623734, 0.000875661557075, 0.000424103083787]
        var: [0.0595723092556, 0.0319832377136, 0.0338005833328, 0.0245414711535, 0.0226322822273, 0.0436616763473, 0.0460483506322, 0.0482982583344, 0.0488170646131, 0.0787607356906, 0.076402887702, 0.0469188243151, 0.128509789705, 0.157725960016, 0.0387926958501, 0.0358997322619, 0.0742646381259, 0.0747065544128, 0.0871313884854, 0.0654008984566, 0.0472638942301, 0.0480530038476, 0.0795951262116, 0.0811823606491, 0.0473593994975, 0.0319823138416, 0.0358127988875, 0.0862196683884, 0.066599406302, 0.051235768944, 0.0428450852633, 0.0290846638381, 0.027124196291, 0.0481037981808, 0.0410630591214, 0.0667222440243]
    chords_histogram: [78.1990509033, 0, 0, 0, 0, 0, 0, 21.8009471893, 0, 0, 0, 0, 0, 0, 0, 0, 0, 0, 0, 0, 0, 0, 0, 0]
    thpcp: [1, 0.480060011148, 0.371953129768, 0.496799975634, 0.517196714878, 0.513148248196, 0.395044773817, 0.234910279512, 0.258164793253, 0.365020006895, 0.384389340878, 0.307646661997, 0.219521895051, 0.237413674593, 0.367243200541, 0.389340311289, 0.362919479609, 0.308969348669, 0.244549646974, 0.344349205494, 0.464423209429, 0.425001263618, 0.426060944796, 0.398275434971, 0.325328588486, 0.322266191244, 0.258054047823, 0.243337869644, 0.326791733503, 0.375487267971, 0.352213770151, 0.419362843037, 0.528528511524, 0.501680254936, 0.476609170437, 0.915924012661]
    chords_key: "C#"
    chords_scale: "minor"
    key_key: "C#"
    key_scale: "minor"
    chords_progression: ["C#m", "C#m", "C#m", "C#m", "C#m", "C#m", "C#m", "C#m", "C#m", "C#m", "C#m", "C#m", "C#m", "C#m", "C#m", "C#m", "C#m", "C#m", "C#m", "C#m", "C#m", "C#m", "C#m", "C#m", "C#m", "C#m", "C#m", "C#m", "C#m", "C#m", "C#m", "C#m", "C#m", "C#m", "C#m", "C#m", "C#m", "C#m", "C#m", "C#m", "C#m", "C#m", "C#m", "C#m", "C#", "C#", "C#", "C#", "C#m", "C#m", "C#m", "C#m", "C#m", "C#m", "C#m", "C#m", "C#m", "C#", "C#", "C#", "C#m", "C#m", "C#", "C#", "C#", "C#", "C#", "C#", "C#m", "C#m", "C#m", "C#m", "C#m", "C#m", "C#m", "C#", "C#", "C#", "C#", "C#", "C#", "C#", "C#m", "C#m", "C#m", "C#m", "C#m", "C#m", "C#m", "C#m", "C#", "C#", "C#", "C#", "C#", "C#", "C#", "C#", "C#", "C#m", "C#m", "C#m", "C#m", "C#m", "C#m", "C#m", "C#m", "C#m", "C#m", "C#m", "C#m", "C#m", "C#m", "C#m", "C#m", "C#m", "C#m", "C#m", "C#m", "C#m", "C#m", "C#m", "C#m", "C#m", "C#m", "C#m", "C#m", "C#m", "C#m", "C#m", "C#m", "C#m", "C#m", "C#m", "C#m", "C#m", "C#m", "C#m", "C#m", "C#m", "C#m", "C#m", "C#m", "C#m", "C#m", "C#m", "C#m", "C#m", "C#m", "C#m", "C#m", "C#m", "C#m", "C#m", "C#m", "C#m", "C#m", "C#m", "C#m", "C#m", "C#m", "C#m", "C#m", "C#m", "C#m", "C#m", "C#m", "C#m", "C#m", "C#m", "C#m", "C#m", "C#m", "C#m", "C#m", "C#m", "C#m", "C#m", "C#m", "C#m", "C#m", "C#m", "C#m", "C#m", "C#m", "C#m", "C#m", "C#m", "C#", "C#m", "C#m", "C#m", "C#m", "C#", "C#", "C#", "C#", "C#", "C#m", "C#", "C#", "C#", "C#", "C#", "C#", "C#", "C#", "C#", "C#", "C#", "C#m"]
