
metadata:
    version:
        essentia: "1.2.2"
    audio_properties:
        analysis_sample_rate: 44100
        bitrate: 128
        channels: 2
        equal_loudness: 1
        length: 10.0310201645
        replay_gain: -8.72893714905
        downmix: "mix"
    tags:
        track: 5
        year: 0
        album: "Splitted by Mp3Splt v. 2.1"
        artist: "From 000.40 To 000.50"
        comment: "http://mp3splt.sf.net"
        genre: ""
        title: "11 How Do You Sleep.mp3"

highlevel:
    ballroom:
        all:
            ChaChaCha: 0.169072434306
            Jive: 0.41464433074
            Quickstep: 0.0283621009439
            Rumba-American: 0.00340453232639
            Rumba-International: 0.0606293082237
            Rumba-Misc: 0.0135763240978
            Samba: 0.268927007914
            Tango: 0.00507904496044
            VienneseWaltz: 0.0319081880152
            Waltz: 0.00439671147615
        probability: 0.41464433074
        value: "Jive"
    culture:
        all:
            non_western: 0.156813815236
            western: 0.843186199665
        probability: 0.843186199665
        value: "western"
    gender:
        all:
            female: 0.588974714279
            male: 0.411025285721
        probability: 0.588974714279
        value: "female"
    genre_dortmund:
        all:
            alternative: 0.224429920316
            blues: 0.0264671761543
            electronic: 0.0727683529258
            folkcountry: 0.0466882400215
            funksoulrnb: 0.00494618015364
            jazz: 0.123455636203
            pop: 0.0555627159774
            raphiphop: 0.0045170430094
            rock: 0.441164731979
        probability: 0.441164731979
        value: "rock"
    genre_electronica:
        all:
            ambient: 0.062989115715
            dnb: 0.139861181378
            house: 0.0123381000012
            techno: 0.0340417660773
            trance: 0.750769853592
        probability: 0.750769853592
        value: "trance"
    genre_rosamerica:
        all:
            cla: 0.00400346377864
            dan: 0.0427655428648
            hip: 0.00449238438159
            jaz: 0.00213106512092
            pop: 0.127570226789
            rhy: 0.0460933558643
            roc: 0.772056102753
            spe: 0.000887879636139
        probability: 0.772056102753
        value: "roc"
    genre_tzanetakis:
        all:
            blu: 0.00720306439325
            cla: 0.00318611203693
            cou: 0.167669147253
            dis: 0.0750990137458
            hip: 0.0186334829777
            jaz: 0.0214056801051
            met: 0.0918172299862
            pop: 0.127046048641
            reg: 0.0172222629189
            roc: 0.470717966557
        probability: 0.470717966557
        value: "roc"
    live_studio:
        all:
            live: 0.0332706384361
            studio: 0.966729342937
        probability: 0.966729342937
        value: "studio"
    mood:
        all:
            Cluster1: 0.24300815165
            Cluster2: 0.100452244282
            Cluster3: 0.228568896651
            Cluster4: 0.0275156553835
            Cluster5: 0.400455057621
        probability: 0.400455057621
        value: "Cluster5"
    mood_acoustic:
        all:
            acoustic: 0.0464532077312
            not_acoustic: 0.953546762466
        probability: 0.953546762466
        value: "not_acoustic"
    mood_aggressive:
        all:
            aggressive: 0.366286635399
            not_aggressive: 0.633713364601
        probability: 0.633713364601
        value: "not_aggressive"
    mood_electronic:
        all:
            electronic: 0.314026236534
            not_electronic: 0.685973763466
        probability: 0.685973763466
        value: "not_electronic"
    mood_happy:
        all:
            happy: 0.881117343903
            not_happy: 0.118882633746
        probability: 0.881117343903
        value: "happy"
    mood_party:
        all:
            not_party: 0.696802675724
            party: 0.303197294474
        probability: 0.696802675724
        value: "not_party"
    mood_relaxed:
        all:
            not_relaxed: 0.594282925129
            relaxed: 0.405717104673
        probability: 0.594282925129
        value: "not_relaxed"
    mood_sad:
        all:
            not_sad: 0.570639610291
            sad: 0.429360359907
        probability: 0.570639610291
        value: "not_sad"
    rhythm:
        all:
            fast: 0.289172977209
            medium: 0.286657691002
            slow: 0.424169331789
        probability: 0.424169331789
        value: "slow"
    speech_music:
        all:
            music: 0.999997735023
            speech: 2.24809673455e-06
        probability: 0.999997735023
        value: "music"
    timbre:
        all:
            bright: 0.792395234108
            dark: 0.207604780793
        probability: 0.792395234108
        value: "bright"
    voice_instrumental:
        all:
            instrumental: 0.33144685626
            voice: 0.668553113937
        probability: 0.668553113937
        value: "voice"

lowlevel:
    average_loudness: 0.972075819969
    barkbands_kurtosis:
        dmean: 0.948352336884
        dmean2: 1.4785541296
        dvar: 1.36897838116
        dvar2: 2.86621642113
        max: 11.0643625259
        mean: 0.505117893219
        min: -1.77503824234
        var: 5.44671106339
    barkbands_skewness:
        dmean: 0.392448633909
        dmean2: 0.628005206585
        dvar: 0.16052994132
        dvar2: 0.354780226946
        max: 3.10630631447
        mean: 0.997956454754
        min: -0.768223524094
        var: 0.652625620365
    barkbands_spread:
        dmean: 5.60804176331
        dmean2: 9.01892280579
        dvar: 35.548866272
        dvar2: 78.5907516479
        max: 62.8994293213
        mean: 32.9061584473
        min: 8.77409267426
        var: 122.279632568
    dissonance:
        dmean: 0.015968548134
        dmean2: 0.0270742531866
        dvar: 0.000159964445629
        dvar2: 0.000466933386633
        max: 0.499148160219
        mean: 0.465396463871
        min: 0.389655381441
        var: 0.000381858815672
    hfc:
        dmean: 2.35052776337
        dmean2: 3.55537581444
        dvar: 15.6355056763
        dvar2: 37.1199607849
        max: 36.9210968018
        mean: 5.92303085327
        min: 7.81400740379e-06
        var: 23.7374897003
    pitch:
        dmean: 446.433502197
        dmean2: 872.579345703
        dvar: 1225130
        dvar2: 3075449.5
        max: 4410
        mean: 548.477416992
        min: 82.4299087524
        var: 1095756.5
    pitch_instantaneous_confidence:
        dmean: 0.079576343298
        dmean2: 0.121561221778
        dvar: 0.00533431535587
        dvar2: 0.00994699634612
        max: 0.876357197762
        mean: 0.396667808294
        min: 0.153502464294
        var: 0.0200958885252
    pitch_salience:
        dmean: 0.0564359910786
        dmean2: 0.0922261178493
        dvar: 0.00246896129102
        dvar2: 0.0060571548529
        max: 0.961148738861
        mean: 0.61822116375
        min: 0.400588482618
        var: 0.00592002598569
    silence_rate_20dB:
        dmean: 0
        dmean2: 0
        dvar: 0
        dvar2: 0
        max: 1
        mean: 1
        min: 1
        var: 0
    silence_rate_30dB:
        dmean: 0
        dmean2: 0
        dvar: 0
        dvar2: 0
        max: 1
        mean: 1
        min: 1
        var: 0
    silence_rate_60dB:
        dmean: 0.0925925895572
        dmean2: 0.183294668794
        dvar: 0.0840192437172
        dvar2: 0.158978059888
        max: 1
        mean: 0.21247112751
        min: 0
        var: 0.167326509953
    spectral_centroid:
        dmean: 248.622650146
        dmean2: 405.549682617
        dvar: 100061.789062
        dvar2: 234841.328125
        max: 2893.67163086
        mean: 1067.45288086
        min: 311.78024292
        var: 240559.921875
    spectral_complexity:
        dmean: 3.64501166344
        dmean2: 5.77209281921
        dvar: 21.7509975433
        dvar2: 46.380569458
        max: 44
        mean: 12.9537038803
        min: 0
        var: 47.3867492676
    spectral_crest:
        dmean: 1.65791928768
        dmean2: 2.76357269287
        dvar: 2.41838884354
        dvar2: 5.85905647278
        max: 17.3893432617
        mean: 7.1147851944
        min: 3.07228469849
        var: 6.24087190628
    spectral_decrease:
        dmean: 3.65327323948e-10
        dmean2: 5.96622640181e-10
        dvar: 2.94146382251e-19
        dvar2: 7.50128169807e-19
        max: -8.06722278718e-16
        mean: -1.22623966536e-09
        min: -6.079328152e-09
        var: 3.77775376156e-19
    spectral_energy:
        dmean: 0.00155271496624
        dmean2: 0.00250768102705
        dvar: 5.14708972332e-06
        dvar2: 1.27447974592e-05
        max: 0.0251498706639
        mean: 0.00516534456983
        min: 3.7535019537e-09
        var: 7.02793840901e-06
    spectral_energyband_high:
        dmean: 0.000218241664697
        dmean2: 0.000357265933417
        dvar: 2.67954476385e-07
        dvar2: 7.049955002e-07
        max: 0.00542023871094
        mean: 0.000336581288138
        min: 2.65652638776e-10
        var: 2.41992864858e-07
    spectral_energyband_low:
        dmean: 0.00038329011295
        dmean2: 0.000659506593365
        dvar: 5.03833462062e-07
        dvar2: 1.41219186389e-06
        max: 0.00529487570748
        mean: 0.000895959732588
        min: 1.30517593261e-11
        var: 4.17836787392e-07
    spectral_energyband_middle_high:
        dmean: 0.000534725026228
        dmean2: 0.000814416678622
        dvar: 6.19084516984e-07
        dvar2: 1.39905330343e-06
        max: 0.0063609383069
        mean: 0.00144892639946
        min: 2.64089927704e-09
        var: 1.46554248204e-06
    spectral_energyband_middle_low:
        dmean: 0.000894512806553
        dmean2: 0.00148538057692
        dvar: 2.42964142672e-06
        dvar2: 6.83199687046e-06
        max: 0.0192045774311
        mean: 0.00248385127634
        min: 8.28531521169e-10
        var: 2.7254525321e-06
    spectral_flatness_db:
        dmean: 0.0128895305097
        dmean2: 0.0199277009815
        dvar: 0.00013134512119
        dvar2: 0.000281192362309
        max: 0.21878413856
        mean: 0.151883721352
        min: 0.094721890986
        var: 0.00048416282516
    spectral_flux:
        dmean: 0.0106048546731
        dmean2: 0.0155449789017
        dvar: 0.00013311317889
        dvar2: 0.000215244304854
        max: 0.114892065525
        mean: 0.036386616528
        min: 6.12658332102e-05
        var: 0.000297228369163
    spectral_kurtosis:
        dmean: 1.01590132713
        dmean2: 1.65531933308
        dvar: 1.24195313454
        dvar2: 2.66415977478
        max: 12.4200849533
        mean: 3.70562314987
        min: 0.263048410416
        var: 2.88154864311
    spectral_rms:
        dmean: 0.000315581768518
        dmean2: 0.000491749786306
        dvar: 1.49658617943e-07
        dvar2: 3.34923385026e-07
        max: 0.0049534291029
        mean: 0.00217991415411
        min: 1.91362300939e-06
        var: 2.87334302129e-07
    spectral_rolloff:
        dmean: 618.916748047
        dmean2: 997.086914062
        dvar: 497285.40625
        dvar2: 1025803.5625
        max: 5275.63476562
        mean: 2321.94580078
        min: 301.46484375
        var: 1673910.375
    spectral_skewness:
        dmean: 0.189255610108
        dmean2: 0.296234458685
        dvar: 0.0475476756692
        dvar2: 0.0973121672869
        max: 3.08156967163
        mean: 1.47000908852
        min: 0.484600275755
        var: 0.12836329639
    spectral_spread:
        dmean: 366372.59375
        dmean2: 528309.5
        dvar: 241859788800
        dvar2: 340240924672
        max: 9678432
        mean: 4869252.5
        min: 3102780.5
        var: 887894704128
    spectral_strongpeak:
        dmean: 0.356866180897
        dmean2: 0.653352558613
        dvar: 0.606783747673
        dvar2: 1.62681019306
        max: 5.11855363846
        mean: 0.408428817987
        min: 9.57302327151e-05
        var: 0.534399867058
    zerocrossingrate:
        dmean: 0.00934078637511
        dmean2: 0.0105809411034
        dvar: 6.31188086118e-05
        dvar2: 8.47933188197e-05
        max: 0.146484375
        mean: 0.0728646740317
        min: 0.029296875
        var: 0.000512745406013
    barkbands:
        dmean: [5.17583202964e-07, 0.000219576584641, 0.000229109005886, 0.000304025859805, 0.000513077073265, 0.000244732800638, 0.000186332224985, 6.92294925102e-05, 7.20230746083e-05, 9.52253030846e-05, 3.16420591844e-05, 2.64437967417e-05, 2.72944289463e-05, 8.06988173281e-05, 6.94552436471e-05, 0.000101025354525, 6.75212868373e-05, 9.89002874121e-05, 0.000150498221046, 0.000170388826518, 0.000121386372484, 3.62488717656e-05, 4.20288824898e-06, 1.05270521544e-06, 5.98871338298e-07, 3.82536420318e-08, 1.04871245021e-09]
        dmean2: [7.70510496295e-07, 0.000379411008907, 0.000412142166169, 0.000536533247214, 0.000876047241036, 0.000396896968596, 0.000296357320622, 0.000107585510705, 0.000116253904707, 0.00015548846568, 4.92322942591e-05, 4.40710755356e-05, 3.97585099563e-05, 0.000137893381179, 0.000106598279672, 0.000157326794579, 0.000111403562187, 0.000162997181178, 0.000242062291363, 0.000271575612715, 0.000201385031687, 6.02909603913e-05, 6.69124574415e-06, 1.55523366629e-06, 9.07550486318e-07, 5.60538815364e-08, 1.36690181396e-09]
        dvar: [1.54275106145e-12, 1.50881831473e-07, 1.91300642882e-07, 2.00375041004e-07, 8.79264405285e-07, 1.36782688287e-07, 6.91129145025e-08, 1.65910165606e-08, 1.07371933566e-08, 3.49173028269e-08, 3.77821285369e-09, 1.66813041158e-09, 1.49826528961e-09, 3.61186387465e-08, 1.59477373529e-08, 2.78882623661e-08, 1.07702637919e-08, 2.02710435104e-08, 5.16385085803e-08, 6.3483582835e-08, 1.10552299759e-07, 1.61583137981e-08, 1.23580867761e-10, 6.32084749125e-12, 2.22556174878e-12, 6.114647837e-15, 1.47068530687e-16]
        dvar2: [2.92512411862e-12, 4.08385716355e-07, 5.35497918008e-07, 5.5657210396e-07, 2.49555932896e-06, 3.57870789003e-07, 1.41737345416e-07, 3.22003863573e-08, 2.9697377002e-08, 8.43687928409e-08, 9.39150268664e-09, 4.25901891532e-09, 3.08128500492e-09, 1.00889096188e-07, 3.97305619515e-08, 6.85980268145e-08, 2.75250098269e-08, 4.85004072459e-08, 1.27239971448e-07, 1.52456777869e-07, 2.9966363968e-07, 4.61553497644e-08, 3.19395843107e-10, 1.5480745158e-11, 5.44659326321e-12, 1.37116194253e-14, 1.48490354898e-16]
        max: [1.37596307468e-05, 0.00291707273573, 0.0034145466052, 0.00533952191472, 0.00994463078678, 0.00313643855043, 0.00398580124602, 0.00205566664226, 0.00107300630771, 0.0017203243915, 0.00103085092269, 0.000378698430723, 0.0005155786057, 0.00209295772947, 0.00149904750288, 0.00192932737991, 0.000657115597278, 0.00125442340504, 0.00166270486079, 0.00200148974545, 0.00317994947545, 0.00170587061439, 0.000103454993223, 2.49192635238e-05, 1.64933226188e-05, 6.65730283345e-07, 2.52168547377e-07]
        mean: [5.47524564354e-07, 0.000484701275127, 0.000410742271924, 0.000558567116968, 0.00082101294538, 0.000432302971603, 0.000389029824873, 0.000138773451908, 0.000135002934257, 0.000164396493346, 5.97921061853e-05, 4.34208341176e-05, 4.96982793265e-05, 0.000135654699989, 0.000127798863105, 0.000160130701261, 0.000105213403003, 0.000164506054716, 0.000267728260951, 0.000304980931105, 0.000153412140207, 4.90976672154e-05, 5.96290146859e-06, 1.79174583081e-06, 1.02502508526e-06, 5.91463233945e-08, 1.12149667331e-09]
        min: [9.93423746043e-12, 7.78628984205e-12, 4.80828647297e-13, 1.2383391838e-12, 2.70651209777e-11, 8.966793974e-11, 1.78614123492e-10, 2.6165261624e-10, 2.61635768606e-10, 2.01822447643e-11, 2.68708111317e-11, 3.42742050019e-11, 9.95909084367e-12, 6.7431199513e-11, 6.60005605724e-10, 9.38500832603e-10, 3.20156262612e-10, 1.890339274e-10, 2.81096923516e-10, 2.63635530073e-10, 7.58744039819e-11, 1.31542910245e-11, 6.92613761483e-12, 4.40217437156e-12, 2.620209388e-12, 5.32812617811e-13, 6.08184889169e-13]
        var: [1.68920032042e-12, 1.68417628288e-07, 2.24625580358e-07, 2.74412940371e-07, 7.75602472913e-07, 2.35115393821e-07, 1.91967743035e-07, 4.67375755875e-08, 2.75564602248e-08, 6.63216184194e-08, 1.33194566487e-08, 2.46635600831e-09, 4.63133664752e-09, 5.12979632106e-08, 4.07519387124e-08, 5.4401358085e-08, 1.24206618324e-08, 3.3815471312e-08, 8.71457643825e-08, 1.14536121032e-07, 8.69203802267e-08, 1.12726796786e-08, 1.20646145851e-10, 8.10242064414e-12, 2.55669140373e-12, 7.64735310802e-15, 1.47040446251e-16]
    mfcc:
        mean: [-705.600463867, 127.529983521, -28.7407073975, 68.1457977295, -11.8354663849, 3.39982509613, -1.44433295727, -7.51609516144, 3.48235201836, -0.963731050491, -2.53763079643, -6.9760890007, -3.1522936821]
        cov: [[2570.66723633, -260.002044678, -198.753051758, 29.0280838013, -66.0849609375, 43.8100318909, -22.8182601929, -14.2247438431, -84.6632232666, 43.8034362793, -3.31850147247, -122.283859253, -10.4818696976], [-260.002044678, 451.151092529, -35.2027053833, -62.3165283203, -12.0627117157, -23.6630134583, 43.5478172302, -6.56272935867, -10.5604705811, -21.4019546509, 3.82411003113, 25.3720245361, 9.98718166351], [-198.753051758, -35.2027053833, 320.019744873, 22.5752563477, 8.01260280609, 4.44739103317, 11.6032857895, 9.22673797607, 36.8331604004, -63.7234077454, 0.432793170214, 73.1273193359, -27.1356067657], [29.0280838013, -62.3165283203, 22.5752563477, 165.257720947, 45.433719635, 11.8902454376, -11.0348434448, -10.6798601151, -0.175881281495, 0.1072454229, 8.4572095871, -5.29166030884, 4.50174188614], [-66.0849609375, -12.0627117157, 8.01260280609, 45.433719635, 97.8151092529, 21.3376598358, -8.83862876892, -12.4412412643, -4.55859708786, 17.1740550995, -0.951420605183, -11.608505249, 0.0265751034021], [43.8100318909, -23.6630134583, 4.44739103317, 11.8902454376, 21.3376598358, 61.7243270874, 27.1177330017, 5.47530031204, 0.452698260546, 4.00828075409, -0.551172435284, -5.84769153595, -11.8128356934], [-22.8182601929, 43.5478172302, 11.6032857895, -11.0348434448, -8.83862876892, 27.1177330017, 69.4706726074, 24.2445259094, 8.33165931702, -5.06538486481, -4.66457557678, 8.47785186768, -10.9997730255], [-14.2247438431, -6.56272935867, 9.22673797607, -10.6798601151, -12.4412412643, 5.47530031204, 24.2445259094, 60.0616989136, 19.2684783936, -7.08358430862, -4.07578849792, 0.441825062037, 0.0615661107004], [-84.6632232666, -10.5604705811, 36.8331604004, -0.175881281495, -4.55859708786, 0.452698260546, 8.33165931702, 19.2684783936, 59.6908073425, -6.19073534012, -3.62412762642, 23.2279853821, -8.32698154449], [43.8034362793, -21.4019546509, -63.7234077454, 0.1072454229, 17.1740550995, 4.00828075409, -5.06538486481, -7.08358430862, -6.19073534012, 85.8020782471, 14.6281957626, -43.0322341919, 1.27814924717], [-3.31850147247, 3.82411003113, 0.432793170214, 8.4572095871, -0.951420605183, -0.551172435284, -4.66457557678, -4.07578849792, -3.62412762642, 14.6281957626, 44.6560401917, 14.4258546829, -4.80186223984], [-122.283859253, 25.3720245361, 73.1273193359, -5.29166030884, -11.608505249, -5.84769153595, 8.47785186768, 0.441825062037, 23.2279853821, -43.0322341919, 14.4258546829, 87.1368942261, -0.176442220807], [-10.4818696976, 9.98718166351, -27.1356067657, 4.50174188614, 0.0265751034021, -11.8128356934, -10.9997730255, 0.0615661107004, -8.32698154449, 1.27814924717, -4.80186223984, -0.176442220807, 45.7133636475]]
        icov: [[0.000490229460411, 0.000262707675574, 0.000225630399655, -0.000119123207696, 0.000548089679796, -0.000406901119277, 7.61245755712e-05, 5.87056638324e-05, 0.000499221205246, 0.000147983359057, -6.31272851024e-05, 0.000403739803005, 0.00019517657347], [0.000262707675574, 0.00310078100301, 0.000649988360237, 0.0010522173252, -0.000804814859293, 0.00217616464943, -0.00341526046395, 0.00146971514914, 0.000362569582649, 0.00142394553404, -0.00122699944768, 0.000156151989358, -0.000698004325386], [0.000225630399655, 0.000649988360237, 0.00477091129869, -0.000459278118797, -0.000837861152831, 0.000422361481469, -0.000388984539313, -0.000190257051145, -0.000803877192084, 0.00220416835509, 0.000294007535558, -0.00268940697424, 0.00261571770534], [-0.000119123207696, 0.0010522173252, -0.000459278118797, 0.00789285451174, -0.00376656278968, 0.000200415131985, -0.000990633503534, 0.00166026724037, -0.00144942954648, 0.00236439704895, -0.0034259641543, 0.00210762908682, -0.00217559258454], [0.000548089679796, -0.000804814859293, -0.000837861152831, -0.00376656278968, 0.0150630883873, -0.00681180739775, 0.00433573219925, 0.00078264134936, 0.00138966366649, -0.00406008819118, 0.00314561463892, -0.000294271478197, 0.000144243778777], [-0.000406901119277, 0.00217616464943, 0.000422361481469, 0.000200415131985, -0.00681180739775, 0.025653321296, -0.0127212880179, 0.00159381446429, -0.00013404560741, 0.00181926705409, -0.00213990430348, 0.00179115030915, 0.00293894531205], [7.61245755712e-05, -0.00341526046395, -0.000388984539313, -0.000990633503534, 0.00433573219925, -0.0127212880179, 0.0267010387033, -0.00997727736831, 0.00228101853281, -0.00422035250813, 0.00606192089617, -0.00514164753258, 0.00492920354009], [5.87056638324e-05, 0.00146971514914, -0.000190257051145, 0.00166026724037, 0.00078264134936, 0.00159381446429, -0.00997727736831, 0.0242402292788, -0.00876994244754, 0.00462119281292, -0.00397800840437, 0.00624293088913, -0.00472656870261], [0.000499221205246, 0.000362569582649, -0.000803877192084, -0.00144942954648, 0.00138966366649, -0.00013404560741, 0.00228101853281, -0.00876994244754, 0.0250452049077, -0.00605779699981, 0.00752575555816, -0.00972194690257, 0.00571056688204], [0.000147983359057, 0.00142394553404, 0.00220416835509, 0.00236439704895, -0.00406008819118, 0.00181926705409, -0.00422035250813, 0.00462119281292, -0.00605779699981, 0.0228782705963, -0.0132008939981, 0.013148130849, -0.00282992399298], [-6.31272851024e-05, -0.00122699944768, 0.000294007535558, -0.0034259641543, 0.00314561463892, -0.00213990430348, 0.00606192089617, -0.00397800840437, 0.00752575555816, -0.0132008939981, 0.0338435992599, -0.0145945558324, 0.00691335974261], [0.000403739803005, 0.000156151989358, -0.00268940697424, 0.00210762908682, -0.000294271478197, 0.00179115030915, -0.00514164753258, 0.00624293088913, -0.00972194690257, 0.013148130849, -0.0145945558324, 0.0264204796404, -0.0060977418907], [0.00019517657347, -0.000698004325386, 0.00261571770534, -0.00217559258454, 0.000144243778777, 0.00293894531205, 0.00492920354009, -0.00472656870261, 0.00571056688204, -0.00282992399298, 0.00691335974261, -0.0060977418907, 0.0276134666055]]
    spectral_contrast:
        mean: [2.07133030727e-08, 3.27040829973e-08, -2.04701251505e-07, -1.67914009808e-07, 4.33838948766e-07, -2.61770622956e-07, 2.2390374852e-06, -2.68452004093e-06, 1.33607272801e-06, -1.89575882814e-06, -1.08350752726e-06, -9.86787995316e-07]
        var: [0.000274606281891, 0.00067157036392, 0.00162612937856, 0.0019951723516, 0.00277304649353, 0.00525846006349, 0.0392349101603, 0.0731243416667, 0.141544312239, 0.227875873446, 0.283081412315, 1.36327791214]

rhythm:
    beats_loudness:
        dmean: 0.00251413998194
        dmean2: 0.00506883347407
        dvar: 3.19135870086e-06
        dvar2: 9.32251987251e-06
        max: 0.0105783129111
        mean: 0.00690798740834
        min: 0.0029488785658
        var: 3.75472814085e-06
    beats_loudness_bass:
        dmean: 0.102620407939
        dmean2: 0.201396286488
        dvar: 0.00675237365067
        dvar2: 0.0134499119595
        max: 0.430286228657
        mean: 0.207261517644
        min: 0.106577426195
        var: 0.00948387477547
    bpm: 137.921127319
    bpm_confidence: 0
    first_peak_bpm: 138
    first_peak_spread: 0
    first_peak_weight: 0.95454543829
    onset_rate: 4.78515625
    second_peak_bpm: 126
    second_peak_spread: 0
    second_peak_weight: 0.0454545468092
    beats_position: [0.0637270659208, 0.498849332333, 0.933971583843, 1.36909377575, 1.80421602726, 2.23933839798, 2.67446041107, 3.109582901, 3.54470515251, 3.97982740402, 4.41494941711, 4.85007190704, 5.28519392014, 5.72031641006, 6.19800710678, 6.63297939301, 7.06795215607, 7.50292444229, 7.93789672852, 8.37286949158, 8.80784130096, 9.24281406403, 9.67778587341]
    bpm_estimates: [137.963607788, 138.062255859, 137.953430176, 137.578445435, 137.545928955, 137.917404175, 138.227584839, 137.746841431, 137.819732666, 137.63343811, 137.670074463, 138.031951904, 139.07208252, 137.74458313, 137.751617432, 137.717269897, 138.222808838]
    bpm_intervals: [0.435122251511, 0.435122251511, 0.435122191906, 0.435122251511, 0.43512237072, 0.435122013092, 0.435122489929, 0.435122251511, 0.435122251511, 0.435122013092, 0.435122489929, 0.435122013092, 0.435122489929, 0.477690696716, 0.434972286224, 0.434972763062, 0.434972286224, 0.434972286224, 0.434972763062, 0.434971809387, 0.434972763062, 0.434971809387]
    onset_times: [0.0464399084449, 0.267029464245, 0.301859408617, 0.336689352989, 0.476009070873, 0.708208620548, 0.9287981987, 1.14938771725, 1.35836732388, 1.57895696163, 1.78793644905, 2.24072551727, 2.46131515503, 2.68190479279, 2.90249443054, 3.09986400604, 3.34367346764, 3.47138333321, 3.55265307426, 3.76163268089, 3.9125623703, 3.98222231865, 4.21442174911, 4.42340135574, 4.60916090012, 4.85297060013, 5.02712011337, 5.29414987564, 5.73532867432, 5.95591831207, 6.19972801208, 6.39709758759, 6.62929725647, 6.84988641739, 7.07047605515, 7.25623559952, 7.4884352684, 7.72063493729, 7.94122457504, 8.16181373596, 8.37079334259, 8.59138298035, 8.8119726181, 9.04417228699, 9.25315189362, 9.47374153137, 9.682721138, 9.92653083801]
    rubato_start: []
    rubato_stop: []
    perceptual_tempo: "unknown"

sfx:
    inharmonicity:
        dmean: 0.0299160368741
        dmean2: 0.0531538501382
        dvar: 0.00125970528461
        dvar2: 0.00353049114347
        max: 0.23657694459
        mean: 0.0313200764358
        min: 0.000462214433355
        var: 0.00124526221771
    oddtoevenharmonicenergyratio:
        dmean: 1.1384768486
        dmean2: 2.1726269722
        dvar: 16.1046676636
        dvar2: 48.3308181763
        max: 43.5365142822
        mean: 0.850170195103
        min: 0.00104051118251
        var: 8.49868679047
    pitch_after_max_to_before_max_energy_ratio: 7.30370044708
    pitch_centroid: 195.630371094
    pitch_max_to_total: 0.219907402992
    pitch_min_to_total: 0.546296298504
    tristimulus:
        dmean: [0.19099868834, 0.195952251554, 0.0996014997363]
        dmean2: [0.338272213936, 0.342378258705, 0.173617824912]
        dvar: [0.0272718034685, 0.0295417364687, 0.00921404827386]
        dvar2: [0.0766006484628, 0.0848072320223, 0.0245543010533]
        max: [0.880569636822, 0.862379431725, 0.691569566727]
        mean: [0.446730673313, 0.415411114693, 0.115699663758]
        min: [0.0277094803751, 0, 0]
        var: [0.038530331105, 0.038066752255, 0.0115688545629]

tonal:
    chords_changes_rate: 0.050925925374
    chords_number_rate: 0.0185185186565
    chords_strength:
        dmean: 0.00857137236744
        dmean2: 0.00750696565956
        dvar: 3.99584350816e-05
        dvar2: 4.718663331e-05
        max: 0.719385623932
        mean: 0.555244743824
        min: 0.375181883574
        var: 0.00709880376235
    key_strength: 0.816377639771
    tuning_diatonic_strength: 0.618832290173
    tuning_equal_tempered_deviation: 0.0708137303591
    tuning_frequency: 441.272583008
    tuning_nontempered_energy_ratio: 0.663866996765
    hpcp:
        dmean: [0.143094733357, 0.114016033709, 0.0872095227242, 0.0909417942166, 0.0907622948289, 0.152945518494, 0.178817227483, 0.160254240036, 0.120116129518, 0.0681380853057, 0.0848939418793, 0.153806880116, 0.1762624681, 0.153138577938, 0.114294245839, 0.0956952720881, 0.0882131159306, 0.0709375813603, 0.0828330293298, 0.130212947726, 0.191553086042, 0.215389564633, 0.203346937895, 0.144764527678, 0.0870902389288, 0.0580994449556, 0.0753749385476, 0.0976461395621, 0.0716740787029, 0.0667379498482, 0.0742662847042, 0.0950790569186, 0.13502047956, 0.148665890098, 0.133225426078, 0.159337297082]
        dmean2: [0.244924262166, 0.197653755546, 0.140024125576, 0.147818773985, 0.154395803809, 0.255244553089, 0.295820564032, 0.256688952446, 0.207985013723, 0.121159434319, 0.154931351542, 0.26730003953, 0.288655996323, 0.243155881763, 0.187415972352, 0.162205919623, 0.152802854776, 0.120127469301, 0.148564338684, 0.238244637847, 0.334197074175, 0.356736332178, 0.343278259039, 0.257675021887, 0.161865487695, 0.0998919829726, 0.125337064266, 0.166482597589, 0.114786416292, 0.117260083556, 0.124581627548, 0.161097124219, 0.22293356061, 0.257862508297, 0.233186915517, 0.271846801043]
        dvar: [0.0330627001822, 0.0187101829797, 0.0111556677148, 0.0198680628091, 0.0248245075345, 0.0310820229352, 0.038911037147, 0.0358077585697, 0.03614429757, 0.0138058140874, 0.0262983758003, 0.0381774753332, 0.0472102984786, 0.0409089438617, 0.0234566126019, 0.0246089566499, 0.0263511482626, 0.0162300337106, 0.021359892562, 0.0411113090813, 0.0413098447025, 0.0636962503195, 0.0520829446614, 0.044214181602, 0.0289990250021, 0.012731003575, 0.0157735683024, 0.0343813747168, 0.0143700977787, 0.0206069815904, 0.0212846267968, 0.02865306288, 0.0396321006119, 0.0413543842733, 0.02522858046, 0.0408537946641]
        dvar2: [0.0762117356062, 0.0475977174938, 0.0278364513069, 0.0490365475416, 0.0628776848316, 0.0819624885917, 0.082736864686, 0.0736329182982, 0.0911033600569, 0.0381974689662, 0.0738961696625, 0.101068630815, 0.0954460725188, 0.0977327153087, 0.0596910044551, 0.052857901901, 0.0683366879821, 0.0447030812502, 0.0586605593562, 0.10860478133, 0.115246482193, 0.133213281631, 0.121316313744, 0.110482379794, 0.0806756839156, 0.0333774164319, 0.0401787050068, 0.0875242203474, 0.0307836979628, 0.0569876953959, 0.0554236210883, 0.0689962431788, 0.094267308712, 0.100632205606, 0.069712780416, 0.127220392227]
        max: [1, 0.903344750404, 0.746015548706, 0.945640563965, 1, 1, 1, 1, 1, 0.81832242012, 1, 1, 1, 1, 0.861793458462, 1, 1, 0.929284095764, 0.931504905224, 1, 1, 1, 1, 1, 1, 0.841127038002, 0.850597798824, 1, 1, 1, 1, 1, 1, 1, 1, 1]
        mean: [0.26001098752, 0.16993843019, 0.11914280802, 0.111772544682, 0.094159796834, 0.227950692177, 0.390636205673, 0.294931650162, 0.124360866845, 0.0700537860394, 0.0807785689831, 0.197190344334, 0.316852629185, 0.252213954926, 0.154097676277, 0.127680808306, 0.0936670452356, 0.0695332512259, 0.0715248957276, 0.109823554754, 0.335538327694, 0.536942720413, 0.359846949577, 0.12779456377, 0.0681852474809, 0.0591052025557, 0.0965883135796, 0.134870395064, 0.100704908371, 0.0644170790911, 0.0739776864648, 0.116628341377, 0.214838311076, 0.229736313224, 0.160846397281, 0.21517431736]
        min: [0.00302398344502, 0.00541013944894, 0.000984450452961, 0.00112634222023, 0.000915894284844, 0.0101481154561, 0.0170726664364, 0.0102102318779, 0.000980525277555, 0.00242457725108, 0.00233533675782, 0.00322111067362, 0.00236197351478, 0.00560355372727, 0.00516828708351, 0.00523662799969, 0.00250273710117, 0.00208731391467, 0.00200947001576, 0.00173963711131, 0.0158116444945, 0.0247436854988, 0.00856460724026, 0.00222922698595, 0.00170155521482, 0.00204326910898, 0.00186414737254, 0.00270872260444, 0.00188397895545, 0.00109444162808, 0.00108324363828, 0.00026680083829, 0.00561730517074, 0.00632816599682, 0.00580558041111, 0.00295692612417]
        var: [0.0841144099832, 0.0295189544559, 0.0184252429754, 0.0283683687449, 0.0246918909252, 0.0463379956782, 0.103773102164, 0.0757616236806, 0.0399982370436, 0.0105033796281, 0.0174329206347, 0.0459815040231, 0.117346554995, 0.0878314524889, 0.0342606790364, 0.0410507917404, 0.0293751135468, 0.0130868144333, 0.0146725429222, 0.0319405682385, 0.0600545443594, 0.131794571877, 0.0846419930458, 0.0376820787787, 0.0192333459854, 0.0127347642556, 0.0204313714057, 0.0477837957442, 0.024392882362, 0.0156255830079, 0.0218557156622, 0.0366434715688, 0.0752270072699, 0.0712025016546, 0.0275174416602, 0.0575970411301]
    chords_histogram: [34.7222213745, 9.25925922394, 45.8333320618, 0, 0, 0, 0, 0, 0, 0, 0, 0, 0, 0, 0, 0, 0, 0, 0, 10.1851854324, 0, 0, 0, 0]
    thpcp: [1, 0.670177519321, 0.238004088402, 0.126987934113, 0.110077299178, 0.179885700345, 0.251182079315, 0.187552422285, 0.119970113039, 0.137775748968, 0.21720816195, 0.400114029646, 0.427859991789, 0.299559682608, 0.400739789009, 0.484243422747, 0.316492646933, 0.221891090274, 0.20816475153, 0.175362840295, 0.424534469843, 0.727519333363, 0.549279510975, 0.23160918057, 0.130467891693, 0.150441691279, 0.367246508598, 0.590105056763, 0.469722270966, 0.286990910769, 0.237792238593, 0.174445137382, 0.129498451948, 0.133207678795, 0.204534947872, 0.624905228615]
    chords_key: "E"
    chords_scale: "major"
    key_key: "A"
    key_scale: "major"
    chords_progression: ["E", "E", "E", "E", "E", "E", "E", "E", "A", "A", "E", "E", "E", "E", "E", "E", "E", "E", "E", "E", "E", "E", "E", "E", "E", "E", "E", "E", "E", "E", "E", "E", "A", "A", "A", "A", "A", "A", "A", "A", "A", "A", "A", "A", "A", "A", "C#m", "A", "A", "A", "A", "A", "A", "A", "A", "A", "A", "A", "A", "A", "A", "A", "A", "A", "A", "A", "A", "A", "A", "A", "A", "A", "A", "A", "A", "A", "A", "A", "A", "A", "A", "A", "A", "A", "A", "A", "A", "A", "C#m", "C#m", "C#m", "C#m", "C#m", "E", "E", "E", "E", "E", "E", "E", "E", "E", "E", "E", "E", "E", "E", "E", "E", "E", "E", "E", "E", "E", "E", "E", "E", "E", "E", "E", "E", "E", "E", "E", "E", "E", "E", "E", "E", "E", "E", "E", "E", "E", "A", "A", "A", "A", "A", "A", "A", "A", "A", "A", "A", "A", "A", "A", "A", "A", "A", "A", "Em", "Em", "Em", "Em", "Em", "Em", "Em", "Em", "Em", "Em", "Em", "Em", "Em", "Em", "Em", "Em", "Em", "Em", "Em", "Em", "Em", "Em", "E", "E", "E", "E", "E", "E", "E", "E", "E", "E", "E", "E", "E", "E", "E", "E", "E", "E", "E", "E", "E", "E", "E", "E", "E", "E", "E", "E", "C#m", "C#m", "C#m", "C#m", "C#m", "C#m", "C#m", "C#m", "C#m", "C#m", "C#m", "C#m", "C#m", "C#m"]
