
metadata:
    version:
        essentia: "1.2.2"
    audio_properties:
        analysis_sample_rate: 44100
        bitrate: 128
        channels: 2
        equal_loudness: 1
        length: 10.0310201645
        replay_gain: -9.51568412781
        downmix: "mix"
    tags:
        track: 11
        year: 0
        album: "Splitted by Mp3Splt v. 2.1"
        artist: "From 001.40 To 001.50"
        comment: "http://mp3splt.sf.net"
        genre: ""
        title: "01 Clockwise.mp3"

highlevel:
    ballroom:
        all:
            ChaChaCha: 0.315337508917
            Jive: 0.0517089888453
            Quickstep: 0.00698297750205
            Rumba-American: 0.00187433650717
            Rumba-International: 0.0189433060586
            Rumba-Misc: 0.00774468947202
            Samba: 0.596435844898
            Tango: 0.000135562979267
            VienneseWaltz: 0.000493044382893
            Waltz: 0.000343771302141
        probability: 0.596435844898
        value: "Samba"
    culture:
        all:
            non_western: 0.688358426094
            western: 0.311641573906
        probability: 0.688358426094
        value: "non_western"
    gender:
        all:
            female: 0.569613158703
            male: 0.430386841297
        probability: 0.569613158703
        value: "female"
    genre_dortmund:
        all:
            alternative: 0.0154493013397
            blues: 0.0178502574563
            electronic: 0.245085701346
            folkcountry: 0.00738153234124
            funksoulrnb: 0.017398852855
            jazz: 0.168309360743
            pop: 0.0189352072775
            raphiphop: 0.467352837324
            rock: 0.0422369427979
        probability: 0.467352837324
        value: "raphiphop"
    genre_electronica:
        all:
            ambient: 0.026680951938
            dnb: 0.283572882414
            house: 0.25147074461
            techno: 0.405590981245
            trance: 0.03268443048
        probability: 0.405590981245
        value: "techno"
    genre_rosamerica:
        all:
            cla: 0.00916442926973
            dan: 0.160679325461
            hip: 0.553213238716
            jaz: 0.00869683176279
            pop: 0.00493548763916
            rhy: 0.242119446397
            roc: 0.00986567139626
            spe: 0.0113255828619
        probability: 0.553213238716
        value: "hip"
    genre_tzanetakis:
        all:
            blu: 0.00735879642889
            cla: 0.00501442002133
            cou: 0.00574361067265
            dis: 0.0534166544676
            hip: 0.578845500946
            jaz: 0.00441655609757
            met: 0.029466856271
            pop: 0.128065764904
            reg: 0.173591583967
            roc: 0.0140802385285
        probability: 0.578845500946
        value: "hip"
    live_studio:
        all:
            live: 0.0217801015824
            studio: 0.978219926357
        probability: 0.978219926357
        value: "studio"
    mood:
        all:
            Cluster1: 0.426803231239
            Cluster2: 0.09432836622
            Cluster3: 0.163262501359
            Cluster4: 0.0949609205127
            Cluster5: 0.22064499557
        probability: 0.426803231239
        value: "Cluster1"
    mood_acoustic:
        all:
            acoustic: 0.0469550676644
            not_acoustic: 0.953044950962
        probability: 0.953044950962
        value: "not_acoustic"
    mood_aggressive:
        all:
            aggressive: 0.708700954914
            not_aggressive: 0.291299045086
        probability: 0.708700954914
        value: "aggressive"
    mood_electronic:
        all:
            electronic: 0.983394265175
            not_electronic: 0.0166057441384
        probability: 0.983394265175
        value: "electronic"
    mood_happy:
        all:
            happy: 0.0934436246753
            not_happy: 0.906556367874
        probability: 0.906556367874
        value: "not_happy"
    mood_party:
        all:
            not_party: 0.123262271285
            party: 0.876737713814
        probability: 0.876737713814
        value: "party"
    mood_relaxed:
        all:
            not_relaxed: 0.259623497725
            relaxed: 0.740376472473
        probability: 0.740376472473
        value: "relaxed"
    mood_sad:
        all:
            not_sad: 0.582189619541
            sad: 0.417810350657
        probability: 0.582189619541
        value: "not_sad"
    rhythm:
        all:
            fast: 0.798302471638
            medium: 0.176024496555
            slow: 0.0256730411202
        probability: 0.798302471638
        value: "fast"
    speech_music:
        all:
            music: 0.0355185754597
            speech: 0.964481413364
        probability: 0.964481413364
        value: "speech"
    timbre:
        all:
            bright: 0.083204485476
            dark: 0.916795492172
        probability: 0.916795492172
        value: "dark"
    voice_instrumental:
        all:
            instrumental: 0.765053570271
            voice: 0.234946429729
        probability: 0.765053570271
        value: "instrumental"

lowlevel:
    average_loudness: 0.962490022182
    barkbands_kurtosis:
        dmean: 5.61169338226
        dmean2: 8.34708118439
        dvar: 55.1401748657
        dvar2: 105.241600037
        max: 69.6630172729
        mean: 6.59175300598
        min: -1.90911877155
        var: 124.632637024
    barkbands_skewness:
        dmean: 0.970572888851
        dmean2: 1.36900830269
        dvar: 0.74572122097
        dvar2: 1.54578530788
        max: 7.91297388077
        mean: 1.65175879002
        min: -4.14198446274
        var: 3.42814683914
    barkbands_spread:
        dmean: 10.5425577164
        dmean2: 15.6367588043
        dvar: 94.2127685547
        dvar2: 194.783218384
        max: 72.4199371338
        mean: 24.3790035248
        min: 1.17562937737
        var: 261.925079346
    dissonance:
        dmean: 0.0255894828588
        dmean2: 0.0403949245811
        dvar: 0.000681391917169
        dvar2: 0.00168124353513
        max: 0.499511808157
        mean: 0.452894181013
        min: 0.280363708735
        var: 0.00159783381969
    hfc:
        dmean: 1.75281834602
        dmean2: 2.37110328674
        dvar: 8.11023521423
        dvar2: 12.6791267395
        max: 32.1710090637
        mean: 2.97114706039
        min: 0.013160713017
        var: 21.9245738983
    pitch:
        dmean: 795.614257812
        dmean2: 1527.30895996
        dvar: 1988549.5
        dvar2: 4593288
        max: 4900
        mean: 1278.52111816
        min: 68.90625
        var: 2905797.75
    pitch_instantaneous_confidence:
        dmean: 0.101358644664
        dmean2: 0.163817211986
        dvar: 0.00682580564171
        dvar2: 0.0170791037381
        max: 0.750885903835
        mean: 0.378842175007
        min: 0.142748892307
        var: 0.0160866230726
    pitch_salience:
        dmean: 0.101770490408
        dmean2: 0.160552427173
        dvar: 0.0080679859966
        dvar2: 0.018251651898
        max: 0.865685582161
        mean: 0.579976201057
        min: 0.151890173554
        var: 0.0177912265062
    silence_rate_20dB:
        dmean: 0
        dmean2: 0
        dvar: 0
        dvar2: 0
        max: 1
        mean: 1
        min: 1
        var: 0
    silence_rate_30dB:
        dmean: 0
        dmean2: 0
        dvar: 0
        dvar2: 0
        max: 1
        mean: 1
        min: 1
        var: 0
    silence_rate_60dB:
        dmean: 0.157407402992
        dmean2: 0.313225060701
        dvar: 0.132629916072
        dvar2: 0.238315761089
        max: 1
        mean: 0.741339504719
        min: 0
        var: 0.191754862666
    spectral_centroid:
        dmean: 378.861053467
        dmean2: 543.002197266
        dvar: 234517.859375
        dvar2: 462891.09375
        max: 4487.20605469
        mean: 993.307678223
        min: 137.82383728
        var: 919387.6875
    spectral_complexity:
        dmean: 2.57540607452
        dmean2: 3.97441864014
        dvar: 11.5761079788
        dvar2: 18.8714466095
        max: 30
        mean: 5.50694465637
        min: 0
        var: 28.2082805634
    spectral_crest:
        dmean: 3.27582192421
        dmean2: 5.24468851089
        dvar: 7.54885005951
        dvar2: 17.6352653503
        max: 22.8156738281
        mean: 10.3674697876
        min: 2.76176548004
        var: 19.1184768677
    spectral_decrease:
        dmean: 4.82985318406e-10
        dmean2: 6.9733457897e-10
        dvar: 7.99464168371e-19
        dvar2: 1.66094392842e-18
        max: -1.37539122886e-12
        mean: -7.18470172245e-10
        min: -9.68203472951e-09
        var: 1.16270843686e-18
    spectral_energy:
        dmean: 0.00196119723842
        dmean2: 0.00279530580156
        dvar: 1.23874542624e-05
        dvar2: 2.51446963375e-05
        max: 0.0381061770022
        mean: 0.00298116402701
        min: 6.38475694359e-06
        var: 1.88121302926e-05
    spectral_energyband_high:
        dmean: 0.000143553741509
        dmean2: 0.000193444386241
        dvar: 6.87373358232e-08
        dvar2: 1.21520045582e-07
        max: 0.00299010588787
        mean: 0.000234619918047
        min: 5.27368854364e-07
        var: 2.05111078344e-07
    spectral_energyband_low:
        dmean: 0.000400098564569
        dmean2: 0.000593632517848
        dvar: 3.70236818981e-07
        dvar2: 8.35641969843e-07
        max: 0.00473991781473
        mean: 0.000583156186622
        min: 4.70023678645e-07
        var: 5.52164863166e-07
    spectral_energyband_middle_high:
        dmean: 0.000307301466819
        dmean2: 0.000438898307038
        dvar: 3.12734243835e-07
        dvar2: 5.7852031432e-07
        max: 0.00699018407613
        mean: 0.000485755910631
        min: 1.17997342386e-06
        var: 6.81796507251e-07
    spectral_energyband_middle_low:
        dmean: 0.0015388992615
        dmean2: 0.00246013863944
        dvar: 1.14748527267e-05
        dvar2: 2.59737043962e-05
        max: 0.034944884479
        mean: 0.00167760869954
        min: 2.85792725663e-06
        var: 1.24027465063e-05
    spectral_flatness_db:
        dmean: 0.0301563628018
        dmean2: 0.0457343049347
        dvar: 0.000602332118433
        dvar2: 0.00129337492399
        max: 0.359326452017
        mean: 0.181251645088
        min: 0.0804132223129
        var: 0.00240177800879
    spectral_flux:
        dmean: 0.0142154991627
        dmean2: 0.0207086093724
        dvar: 0.000330075796228
        dvar2: 0.000509053294081
        max: 0.179691374302
        mean: 0.0354374013841
        min: 0.00252680759877
        var: 0.000774639716838
    spectral_kurtosis:
        dmean: 1.77035427094
        dmean2: 2.69102239609
        dvar: 7.22783470154
        dvar2: 15.8574323654
        max: 35.3301506042
        mean: 3.53095126152
        min: -0.239495038986
        var: 14.4368953705
    spectral_rms:
        dmean: 0.000478284200653
        dmean2: 0.000664301624056
        dvar: 3.36504200504e-07
        dvar2: 5.92192691329e-07
        max: 0.00609727436677
        mean: 0.00145087752026
        min: 7.8924211266e-05
        var: 8.03407885996e-07
    spectral_rolloff:
        dmean: 792.78125
        dmean2: 1279.17272949
        dvar: 947570.0625
        dvar2: 2093112.125
        max: 5878.56445312
        mean: 1752.66223145
        min: 107.666015625
        var: 2718843.5
    spectral_skewness:
        dmean: 0.339868843555
        dmean2: 0.479944169521
        dvar: 0.117143273354
        dvar2: 0.238093182445
        max: 4.92093515396
        mean: 1.51494216919
        min: 0.338538199663
        var: 0.413075447083
    spectral_spread:
        dmean: 788608.25
        dmean2: 1155674.375
        dvar: 589676412928
        dvar2: 1.22612468941e+12
        max: 12566107
        mean: 5677796
        min: 2230887.25
        var: 1.7044593705e+12
    spectral_strongpeak:
        dmean: 0.163060814142
        dmean2: 0.257000982761
        dvar: 0.148346543312
        dvar2: 0.304026097059
        max: 4.36232948303
        mean: 0.248238429427
        min: 0.00528682162985
        var: 0.246357247233
    zerocrossingrate:
        dmean: 0.0152726667002
        dmean2: 0.0164982285351
        dvar: 0.000234239094425
        dvar2: 0.000214074229007
        max: 0.21142578125
        mean: 0.0642982795835
        min: 0.0087890625
        var: 0.00183588336222
    barkbands:
        dmean: [2.72318743555e-07, 0.000171576670255, 0.00029081426328, 0.000802393187769, 0.000775218999479, 0.000266500137514, 0.000100417695649, 4.54749933851e-05, 3.884155376e-05, 2.28934713959e-05, 1.73787921085e-05, 1.30242933665e-05, 1.10307528303e-05, 2.27328946494e-05, 1.15661423479e-05, 2.22798553295e-05, 5.99038430664e-05, 5.02211514686e-05, 0.000105087296106, 0.000118751966511, 5.66983217141e-05, 3.1891038816e-05, 5.28560258317e-06, 2.31897274716e-06, 9.16837734621e-07, 2.83636296672e-08, 2.32978525361e-09]
        dmean2: [4.26114297625e-07, 0.000247934454819, 0.000468590966193, 0.00132250564639, 0.001371996128, 0.000492406252306, 0.000170989980688, 7.81370254117e-05, 6.46689004498e-05, 3.76532261726e-05, 2.91643937089e-05, 2.16404823732e-05, 1.8184307919e-05, 3.67328684661e-05, 1.8362492483e-05, 3.3537256968e-05, 9.5104718639e-05, 7.51843472244e-05, 0.000165610865224, 0.000173302425537, 7.82260976848e-05, 4.30685831816e-05, 7.44936505725e-06, 3.19471769217e-06, 1.35728532769e-06, 4.04584490354e-08, 2.46287701344e-09]
        dvar: [5.10398743669e-13, 4.32646594106e-08, 3.18020795476e-07, 4.00737872042e-06, 6.59979377815e-06, 4.17676943698e-07, 3.48900321967e-08, 6.95271529239e-09, 4.10627443159e-09, 2.548024014e-09, 1.74327252633e-09, 1.11956877102e-09, 9.19455955817e-10, 3.89809340362e-09, 5.93911919644e-10, 4.13961043222e-09, 3.00944194009e-08, 1.10194191549e-08, 4.85586930665e-08, 4.63188492006e-08, 1.13501563703e-08, 8.46675085597e-09, 8.5822494944e-11, 1.65257755397e-11, 3.00976821591e-12, 5.52044109549e-15, 2.00499220769e-15]
        dvar2: [8.57744376827e-13, 8.07030957617e-08, 7.29360067453e-07, 1.04531072793e-05, 1.81507402885e-05, 1.18541152005e-06, 9.56229300186e-08, 1.81166281976e-08, 1.00313917173e-08, 5.41890621264e-09, 4.57057858227e-09, 2.82673617846e-09, 2.43620212892e-09, 9.62597912491e-09, 1.45079936953e-09, 9.78361391901e-09, 6.82645620032e-08, 2.61994586026e-08, 1.0768384584e-07, 9.17220646102e-08, 2.15764934808e-08, 1.88743083385e-08, 1.87127952023e-10, 2.91421782539e-11, 6.62026163056e-12, 7.91473853958e-15, 2.00957423242e-15]
        max: [1.10413038783e-05, 0.00146096479148, 0.00342169543728, 0.0179279390723, 0.0298270508647, 0.00503896130249, 0.00129803875461, 0.000542178808246, 0.000590942567214, 0.000593763426878, 0.000602123385761, 0.000478928443044, 0.000409522734117, 0.000579554471187, 0.000205936390557, 0.000703131605405, 0.00188012828585, 0.00154704146553, 0.00264659500681, 0.00197555334307, 0.00117040495388, 0.00143636600114, 0.000112062472908, 4.7552275646e-05, 1.97414028662e-05, 1.16642445391e-06, 9.31530962589e-07]
        mean: [3.09883148475e-07, 0.00029922943213, 0.000283641595161, 0.00069448328577, 0.000579438114073, 0.000202417373657, 0.000102644095023, 4.63356809632e-05, 4.58957692899e-05, 2.72873894573e-05, 1.91376111616e-05, 1.6001647964e-05, 1.29433992697e-05, 2.20120691665e-05, 1.48321023516e-05, 2.42793375946e-05, 6.6035107011e-05, 6.34895259282e-05, 0.000146431004396, 0.000168105005287, 8.47014671308e-05, 4.81083989143e-05, 8.2497135736e-06, 3.72004524252e-06, 1.38693485496e-06, 4.67655070224e-08, 2.31790830973e-09]
        min: [3.5751979155e-10, 1.2841132957e-07, 3.38615592455e-07, 2.13345344946e-07, 3.26631152348e-07, 2.42615612933e-07, 9.75752982413e-07, 1.64149980719e-07, 2.01948225254e-07, 9.35582562533e-08, 1.70890301909e-09, 3.73835296053e-10, 3.59615115464e-09, 3.28708366082e-10, 1.33259681068e-10, 3.2461233701e-10, 3.27427462921e-09, 2.1189208721e-10, 6.45243503072e-09, 7.12568937189e-09, 2.00301329301e-07, 6.84778171944e-08, 2.21344773621e-08, 1.45453107336e-08, 7.38894456731e-09, 9.7835010926e-11, 1.61249228488e-13]
        var: [5.73826847584e-13, 1.05849309762e-07, 3.2181617371e-07, 3.49753486262e-06, 4.21936374551e-06, 2.57944350324e-07, 2.9930792067e-08, 6.30700958126e-09, 4.30843494215e-09, 2.86624435297e-09, 1.77467718299e-09, 1.15680243162e-09, 8.23265233763e-10, 3.48660456062e-09, 8.75530981048e-10, 4.7577466411e-09, 4.00265491862e-08, 1.82280395222e-08, 9.26061787254e-08, 9.92000295241e-08, 2.5970939177e-08, 1.55052486406e-08, 2.3755591938e-10, 5.30375500463e-11, 8.34568872343e-12, 1.50982335358e-14, 2.00340486794e-15]
    mfcc:
        mean: [-787.754699707, 109.327812195, 1.33446872234, 60.2632369995, -13.7184772491, 3.12105584145, 2.18821668625, 0.0748905465007, 0.509900093079, 2.1552631855, 2.1135969162, -1.37988650799, -4.36294794083]
        cov: [[4893.49121094, -1385.49328613, -817.698059082, 476.042663574, 139.643035889, -83.9040298462, 68.0029830933, -52.7349739075, -293.437957764, -186.132125854, -197.003341675, -168.889007568, -71.1449584961], [-1385.49328613, 1895.39831543, 113.390159607, -421.294616699, 95.8520812988, 36.9037437439, -101.296203613, -13.2439069748, 51.0513763428, -76.8154296875, -49.5315933228, 38.6002388, -5.23902606964], [-817.698059082, 113.390159607, 749.344116211, 121.474456787, -34.2883605957, 28.3642921448, -15.2176990509, 23.8914470673, 114.21471405, 105.071258545, 45.7524108887, 4.45445680618, -8.88669013977], [476.042663574, -421.294616699, 121.474456787, 521.508911133, 133.123657227, -18.4314746857, 48.5334625244, 51.0583305359, 11.4743080139, 69.7956771851, 23.0655059814, -30.1245651245, -45.2353096008], [139.643035889, 95.8520812988, -34.2883605957, 133.123657227, 274.955383301, 91.9428482056, 2.86330246925, 11.9434633255, 10.3455295563, 6.36236906052, -16.6512870789, -20.4533557892, -31.8910503387], [-83.9040298462, 36.9037437439, 28.3642921448, -18.4314746857, 91.9428482056, 164.715652466, 90.1664352417, 26.1697406769, 14.7412033081, -0.0759174823761, -5.02333784103, 9.2142162323, 16.3846607208], [68.0029830933, -101.296203613, -15.2176990509, 48.5334625244, 2.86330246925, 90.1664352417, 205.473770142, 88.958656311, -11.8934059143, -2.1018550396, 20.5766620636, 14.0886478424, 22.6264972687], [-52.7349739075, -13.2439069748, 23.8914470673, 51.0583305359, 11.9434633255, 26.1697406769, 88.958656311, 132.295196533, 74.2392349243, 29.6361064911, 19.2743263245, 21.3921527863, 13.9222831726], [-293.437957764, 51.0513763428, 114.21471405, 11.4743080139, 10.3455295563, 14.7412033081, -11.8934059143, 74.2392349243, 161.23916626, 86.0813369751, 22.4446964264, 22.8695735931, 14.371878624], [-186.132125854, -76.8154296875, 105.071258545, 69.7956771851, 6.36236906052, -0.0759174823761, -2.1018550396, 29.6361064911, 86.0813369751, 127.58127594, 70.1195602417, 22.9482021332, -1.33959412575], [-197.003341675, -49.5315933228, 45.7524108887, 23.0655059814, -16.6512870789, -5.02333784103, 20.5766620636, 19.2743263245, 22.4446964264, 70.1195602417, 103.931365967, 49.1621398926, 9.96033096313], [-168.889007568, 38.6002388, 4.45445680618, -30.1245651245, -20.4533557892, 9.2142162323, 14.0886478424, 21.3921527863, 22.8695735931, 22.9482021332, 49.1621398926, 80.6677398682, 50.9878311157], [-71.1449584961, -5.23902606964, -8.88669013977, -45.2353096008, -31.8910503387, 16.3846607208, 22.6264972687, 13.9222831726, 14.371878624, -1.33959412575, 9.96033096313, 50.9878311157, 94.0226211548]]
        icov: [[0.000411295623053, 0.000231720536249, 0.000345302396454, -0.000240538924118, -0.00013400032185, 0.00013631436741, 2.39702276303e-05, -0.000170030238223, 0.000458388618426, -8.89139409992e-05, 0.000721012533177, 9.29629823077e-05, -6.88349291522e-06], [0.000231720536249, 0.0010118978098, -0.000233974511502, 0.000920486811083, -0.00116634718142, 0.000811721256468, -0.000134700720082, -0.000225815543672, 2.0576559109e-05, 0.000455990928458, 0.000839549349621, -0.000996775110252, 0.000636214390397], [0.000345302396454, -0.000233974511502, 0.00229544821195, -0.00144015066326, 0.00149679952301, -0.00160905870143, 0.000738054455724, 0.000327655667206, -0.000731203530449, -0.000459554285044, -0.000213639897993, 0.0010559016373, -0.000110462402517], [-0.000240538924118, 0.000920486811083, -0.00144015066326, 0.00482511240989, -0.00376275531016, 0.00367627618834, -0.00195185153279, -0.00100372836459, 0.00121213018429, -0.00218984321691, 0.00122616870794, -0.000846612034366, 0.000868741888553], [-0.00013400032185, -0.00116634718142, 0.00149679952301, -0.00376275531016, 0.0089323958382, -0.00789243541658, 0.00444255303591, -0.00165651540738, 0.000450262392405, -7.24333658582e-05, -0.00102069287095, 0.00153163308278, 0.00095374166267], [0.00013631436741, 0.000811721256468, -0.00160905870143, 0.00367627618834, -0.00789243541658, 0.0164669826627, -0.0103469928727, 0.00533387809992, -0.00333130173385, -5.25343893969e-05, 0.00334350671619, -0.00302928080782, -0.00028437646688], [2.39702276303e-05, -0.000134700720082, 0.000738054455724, -0.00195185153279, 0.00444255303591, -0.0103469928727, 0.0160995889455, -0.0127765769139, 0.0081426165998, -0.00109540880658, -0.00300486921333, 0.00359565834515, -0.0024230342824], [-0.000170030238223, -0.000225815543672, 0.000327655667206, -0.00100372836459, -0.00165651540738, 0.00533387809992, -0.0127765769139, 0.023163350299, -0.0151162389666, 0.00607586000115, -0.00161224266049, -0.0032298527658, 0.00187974143773], [0.000458388618426, 2.0576559109e-05, -0.000731203530449, 0.00121213018429, 0.000450262392405, -0.00333130173385, 0.0081426165998, -0.0151162389666, 0.0228105541319, -0.0155746107921, 0.00849232263863, -0.00145991391037, -0.00194245239254], [-8.89139409992e-05, 0.000455990928458, -0.000459554285044, -0.00218984321691, -7.24333658582e-05, -5.25343893969e-05, -0.00109540880658, 0.00607586000115, -0.0155746107921, 0.0274479258806, -0.017406899482, 0.00426132744178, 0.000514507642947], [0.000721012533177, 0.000839549349621, -0.000213639897993, 0.00122616870794, -0.00102069287095, 0.00334350671619, -0.00300486921333, -0.00161224266049, 0.00849232263863, -0.017406899482, 0.0296798981726, -0.0174146927893, 0.00594869581982], [9.29629823077e-05, -0.000996775110252, 0.0010559016373, -0.000846612034366, 0.00153163308278, -0.00302928080782, 0.00359565834515, -0.0032298527658, -0.00145991391037, 0.00426132744178, -0.0174146927893, 0.0333117470145, -0.015568383038], [-6.88349291522e-06, 0.000636214390397, -0.000110462402517, 0.000868741888553, 0.00095374166267, -0.00028437646688, -0.0024230342824, 0.00187974143773, -0.00194245239254, 0.000514507642947, 0.00594869581982, -0.015568383038, 0.0198680087924]]
    spectral_contrast:
        mean: [-3.54514838818e-07, 3.03688779013e-07, 6.51649827432e-07, -2.2151679957e-07, -6.02427761009e-08, -4.80424489524e-07, 9.51328757992e-08, -4.5309880079e-06, -5.09647315994e-06, -8.81100163497e-07, 1.460313797e-06, -3.09171491608e-06]
        var: [0.0003420158464, 0.00110120442696, 0.00169338926207, 0.00280258338898, 0.00428367266431, 0.00812446605414, 0.17147038877, 0.224105477333, 0.295720249414, 0.434818446636, 0.986529648304, 3.33255434036]

rhythm:
    beats_loudness:
        dmean: 0.00596059625968
        dmean2: 0.0115940775722
        dvar: 2.26175252465e-05
        dvar2: 6.31854054518e-05
        max: 0.0210623517632
        mean: 0.00842172559351
        min: 0.00327526219189
        var: 2.55070790445e-05
    beats_loudness_bass:
        dmean: 0.185218140483
        dmean2: 0.328876256943
        dvar: 0.0130117889494
        dvar2: 0.026178734377
        max: 0.898080945015
        mean: 0.688415288925
        min: 0.299664139748
        var: 0.0249155908823
    bpm: 108.495788574
    bpm_confidence: 0
    first_peak_bpm: 108
    first_peak_spread: 0
    first_peak_weight: 0.941176533699
    onset_rate: 5.88175439835
    second_peak_bpm: 102
    second_peak_spread: 0
    second_peak_weight: 0.0588235296309
    beats_position: [0.29965493083, 0.852834165096, 1.40601348877, 1.95919263363, 2.51237177849, 3.06555128098, 3.61873054504, 4.17190980911, 4.72508907318, 5.27826786041, 5.83144712448, 6.41872644424, 6.97153663635, 7.52434635162, 8.07715702057, 8.62996768951, 9.18277645111, 9.73558616638]
    bpm_estimates: [108.65385437, 108.370918274, 108.591423035, 108.498420715, 108.469406128, 108.440971375, 108.388633728, 108.376953125, 108.385612488, 108.594871521, 108.851135254, 108.559143066, 108.406349182, 108.331253052, 108.417533875, 108.59602356]
    bpm_intervals: [0.553179264069, 0.553179323673, 0.553179144859, 0.553179144859, 0.553179502487, 0.553179264069, 0.553179264069, 0.553179264069, 0.553178787231, 0.553179264069, 0.587279319763, 0.552810192108, 0.552809715271, 0.552810668945, 0.552810668945, 0.552808761597, 0.552809715271]
    onset_times: [0.0464399084449, 0.174149662256, 0.290249437094, 0.603718817234, 0.835918366909, 1.1261677742, 1.28870749474, 1.4164172411, 1.54412698746, 1.67183673382, 1.83437645435, 1.95047616959, 2.11301589012, 2.24072551727, 2.40326523781, 2.51936507225, 2.7863945961, 2.92571425438, 3.06503391266, 3.34367346764, 3.50621318817, 3.62231302261, 3.77324271202, 3.90095233917, 4.13315200806, 4.34213161469, 4.46984148026, 4.62077093124, 5.02712011337, 5.29414987564, 5.45668935776, 5.5727891922, 5.85142850876, 5.99074840546, 6.13006782532, 6.39709758759, 6.57124710083, 6.6989569664, 6.82666683197, 6.96598625183, 7.24462604523, 7.38394546509, 7.52326536179, 7.73224496841, 7.80190467834, 7.89478445053, 8.103764534, 8.23147392273, 8.35918331146, 8.47528362274, 8.63782310486, 8.80036258698, 8.91646289825, 9.07900238037, 9.19510173798, 9.29959201813, 9.5666217804, 9.74077129364, 9.94975090027]
    rubato_start: []
    rubato_stop: []
    perceptual_tempo: "unknown"

sfx:
    inharmonicity:
        dmean: 0.0361907929182
        dmean2: 0.0646908506751
        dvar: 0.00261069368571
        dvar2: 0.00729812076315
        max: 0.341123819351
        mean: 0.032534468919
        min: 1.98939710572e-06
        var: 0.0025282765273
    oddtoevenharmonicenergyratio:
        dmean: 2.50735044479
        dmean2: 4.81920862198
        dvar: 53.9917984009
        dvar2: 157.931030273
        max: 61.7444343567
        mean: 1.45960521698
        min: 5.70485963181e-06
        var: 29.8081645966
    pitch_after_max_to_before_max_energy_ratio: 81.6934661865
    pitch_centroid: 231.787094116
    pitch_max_to_total: 0
    pitch_min_to_total: 0.435185194016
    tristimulus:
        dmean: [0.242915928364, 0.268949836493, 0.116065196693]
        dmean2: [0.422536402941, 0.479100912809, 0.213242992759]
        dvar: [0.0454675666988, 0.0534203760326, 0.0240390375257]
        dvar2: [0.116277448833, 0.144877165556, 0.0661443173885]
        max: [0.9933796525, 0.995881319046, 0.935414075851]
        mean: [0.523727953434, 0.320352226496, 0.0953222364187]
        min: [0.00344833522104, 0, 0]
        var: [0.0855120271444, 0.0664999261498, 0.0243412815034]

tonal:
    chords_changes_rate: 0.119815669954
    chords_number_rate: 0.0230414755642
    chords_strength:
        dmean: 0.0151919070631
        dmean2: 0.0184894911945
        dvar: 0.000194107356947
        dvar2: 0.000257155013969
        max: 0.685318648815
        mean: 0.543699800968
        min: 0.363903075457
        var: 0.00621125940233
    key_strength: 0.631122589111
    tuning_diatonic_strength: 0.522757351398
    tuning_equal_tempered_deviation: 0.346000343561
    tuning_frequency: 450.284484863
    tuning_nontempered_energy_ratio: 0.931230187416
    hpcp:
        dmean: [0.125641644001, 0.120572127402, 0.160640582442, 0.198438167572, 0.19606846571, 0.19747248292, 0.152529165149, 0.163190066814, 0.163895770907, 0.144074231386, 0.137336269021, 0.146960914135, 0.132109597325, 0.159883514047, 0.185427382588, 0.193357095122, 0.283791184425, 0.298706024885, 0.282051086426, 0.319779396057, 0.26860550046, 0.23234693706, 0.138811215758, 0.0884765684605, 0.0736546888947, 0.0813882350922, 0.098967961967, 0.111383572221, 0.111898571253, 0.135409802198, 0.157017782331, 0.155273333192, 0.158194422722, 0.129371151328, 0.11007361114, 0.112934619188]
        dmean2: [0.219180375338, 0.200264751911, 0.281791001558, 0.356040209532, 0.350374937057, 0.351915240288, 0.262449413538, 0.27412289381, 0.282718718052, 0.246353790164, 0.244712606072, 0.265974491835, 0.218267247081, 0.28076094389, 0.3294891119, 0.332650750875, 0.530068695545, 0.551042973995, 0.49357432127, 0.570506215096, 0.464418619871, 0.413140296936, 0.245085030794, 0.159303247929, 0.129487633705, 0.144275471568, 0.174159914255, 0.191976353526, 0.180722787976, 0.230680823326, 0.27357634902, 0.263642221689, 0.269809186459, 0.223021820188, 0.183018356562, 0.194704934955]
        dvar: [0.0402900651097, 0.0243449937552, 0.0548849180341, 0.0718621835113, 0.0571068972349, 0.0601965002716, 0.0354350805283, 0.0507078841329, 0.0540537573397, 0.0543362051249, 0.0463597141206, 0.0589725486934, 0.0375809632242, 0.0516639947891, 0.0645729675889, 0.0536018162966, 0.0884638130665, 0.102141171694, 0.0696032196283, 0.0849515870214, 0.0707014575601, 0.0855445414782, 0.0458114407957, 0.0247077625245, 0.0183091331273, 0.0187613144517, 0.0308238491416, 0.0256632063538, 0.0210042577237, 0.0329818725586, 0.0472435317934, 0.0387855991721, 0.0357374250889, 0.0318614318967, 0.0315162874758, 0.0321817919612]
        dvar2: [0.119300089777, 0.0653402209282, 0.156754821539, 0.190390691161, 0.153087496758, 0.159348398447, 0.0958422496915, 0.134910494089, 0.127324983478, 0.141165539622, 0.130681306124, 0.175080612302, 0.0961040556431, 0.116276755929, 0.153656214476, 0.138565704226, 0.253111481667, 0.270146787167, 0.19078502059, 0.225865975022, 0.17717525363, 0.243543699384, 0.122516080737, 0.0621049962938, 0.0457678847015, 0.0478193052113, 0.0843135714531, 0.0676188692451, 0.0480849742889, 0.0927663519979, 0.131726935506, 0.101443871856, 0.0986354723573, 0.0954431965947, 0.0812866985798, 0.0823902562261]
        max: [1, 0.971634149551, 1, 1, 1, 1, 1, 1, 1, 1, 1, 1, 1, 1, 1, 1, 1, 1, 1, 1, 1, 1, 1, 1, 0.986187756062, 0.779339790344, 1, 1, 1, 1, 1, 1, 1, 0.939562916756, 1, 1]
        mean: [0.119150154293, 0.121040098369, 0.145139232278, 0.18371064961, 0.205380439758, 0.193959265947, 0.15565957129, 0.158868759871, 0.164334326982, 0.132189840078, 0.120613723993, 0.127495929599, 0.133202210069, 0.156941920519, 0.17018134892, 0.195949673653, 0.261856347322, 0.277939200401, 0.30911231041, 0.378999322653, 0.344188809395, 0.22520467639, 0.121816068888, 0.0771612226963, 0.0681551471353, 0.0752733051777, 0.0870834439993, 0.103207118809, 0.126434937119, 0.1390722543, 0.151126280427, 0.167238011956, 0.158777311444, 0.127813369036, 0.10959405452, 0.109740801156]
        min: [0.000593789096456, 0.000628389592748, 0.000786948832683, 0.00101741426624, 0.0025619880762, 0.002550347941, 0.000530748104211, 0.000371261703549, 0.000229844794376, 0.000356393342372, 4.24904974352e-05, 0.000165866818861, 0.000403099285904, 0.00100734538864, 0.00106473360211, 0.000586733571254, 0.000403638347052, 0.00106601265725, 0.00208568340167, 0.000621715909801, 0.000635416887235, 2.12499180634e-05, 3.40429505741e-05, 4.23820129072e-05, 0.000200157403015, 0.000864170666318, 5.23360267835e-06, 0.000566958740819, 0.000945686246268, 0.000867036287673, 0.000614091579337, 0.000589634873904, 0.000358694727765, 0.000226248754188, 0.000438368646428, 0.000433589768363]
        var: [0.0405953936279, 0.0334303453565, 0.0503202565014, 0.0669818297029, 0.0647499188781, 0.064192481339, 0.0385857075453, 0.0565062575042, 0.0653433129191, 0.0510188601911, 0.0427981689572, 0.0533643327653, 0.0440201796591, 0.055464014411, 0.0631401464343, 0.0632429718971, 0.0987846776843, 0.102661475539, 0.0978811606765, 0.119072303176, 0.119990222156, 0.0884572640061, 0.0431946925819, 0.0220568981022, 0.0180552601814, 0.0181817095727, 0.0258731804788, 0.025543436408, 0.0277948509902, 0.0341094024479, 0.0472385250032, 0.0471110492945, 0.0462002903223, 0.0346637368202, 0.0353663414717, 0.0331952050328]
    chords_histogram: [0, 37.7880172729, 0, 0, 0, 0, 0, 0, 12.4423961639, 27.6497688293, 0.460829496384, 0, 0, 0, 0, 0, 0, 15.6682024002, 5.99078321457, 0, 0, 0, 0, 0]
    thpcp: [1, 0.908151507378, 0.594208657742, 0.321415007114, 0.203591987491, 0.179829210043, 0.198610663414, 0.229772031307, 0.272314786911, 0.333602011204, 0.366945922375, 0.398750782013, 0.441262036562, 0.41893824935, 0.337239056826, 0.289166897535, 0.289554089308, 0.314380913973, 0.319367587566, 0.38295379281, 0.484725534916, 0.541901886463, 0.511766791344, 0.410712003708, 0.419179528952, 0.433600574732, 0.348786473274, 0.318242579699, 0.336401462555, 0.35145765543, 0.414095520973, 0.449028104544, 0.517018556595, 0.690915107727, 0.733350098133, 0.815601229668]
    chords_key: "B"
    chords_scale: "major"
    key_key: "G#"
    key_scale: "minor"
    chords_progression: ["G", "G", "B", "B", "B", "B", "B", "B", "B", "B", "B", "B", "B", "B", "B", "G", "G", "G", "B", "B", "B", "B", "B", "B", "B", "B", "B", "B", "B", "B", "B", "B", "B", "B", "B", "B", "B", "B", "B", "Bm", "Bm", "B", "B", "B", "Bm", "Bm", "Bm", "Bm", "Bm", "Bm", "Bm", "Bm", "Bm", "Bm", "Bm", "B", "B", "B", "B", "B", "B", "B", "B", "B", "B", "B", "B", "B", "B", "D#", "D#", "D#", "D#", "D#", "D#", "Cm", "D#", "Cm", "Cm", "Cm", "B", "B", "B", "B", "B", "B", "B", "B", "B", "B", "B", "B", "B", "B", "B", "Cm", "Cm", "Cm", "Cm", "Cm", "Cm", "Cm", "Cm", "Cm", "Cm", "Cm", "Cm", "Cm", "D#", "D#", "D#", "Cm", "Cm", "Cm", "Cm", "Cm", "Cm", "Cm", "Cm", "D#", "Cm", "D#", "G", "G", "D#", "B", "B", "B", "B", "B", "Cm", "B", "B", "B", "B", "B", "B", "B", "B", "B", "B", "B", "G", "G", "G", "G", "G", "G", "G", "G", "G", "G", "G", "G", "G", "G", "G", "G", "G", "G", "G", "G", "G", "G", "G", "G", "G", "G", "G", "Gm", "D#", "D#", "D#", "D#", "D#", "D#", "D#", "D#", "D#", "D#", "D#", "D#", "D#", "D#", "D#", "D#", "D#", "D#", "D#", "D#", "D#", "D#", "D#", "D#", "D#", "D#", "D#", "D#", "D#", "D#", "D#", "D#", "D#", "D#", "D#", "D#", "D#", "D#", "D#", "D#", "D#", "D#", "D#", "D#", "D#", "D#", "D#"]
