
metadata:
    version:
        essentia: "1.2.2"
    audio_properties:
        analysis_sample_rate: 44100
        bitrate: 128
        channels: 2
        equal_loudness: 1
        length: 10.0310201645
        replay_gain: -12.3603286743
        downmix: "mix"
    tags:
        track: 13
        year: 0
        album: "Splitted by Mp3Splt v. 2.1"
        artist: "From 002.00 To 002.10"
        comment: "http://mp3splt.sf.net"
        genre: ""
        title: "04 1979.mp3"

highlevel:
    ballroom:
        all:
            ChaChaCha: 0.0631056800485
            Jive: 0.215729832649
            Quickstep: 0.13583765924
            Rumba-American: 0.00926403328776
            Rumba-International: 0.307835519314
            Rumba-Misc: 0.00801483355463
            Samba: 0.230616211891
            Tango: 0.00560918077826
            VienneseWaltz: 0.00937460362911
            Waltz: 0.0146124381572
        probability: 0.307835519314
        value: "Rumba-International"
    culture:
        all:
            non_western: 0.0416212081909
            western: 0.958378791809
        probability: 0.958378791809
        value: "western"
    gender:
        all:
            female: 0.774845540524
            male: 0.225154459476
        probability: 0.774845540524
        value: "female"
    genre_dortmund:
        all:
            alternative: 0.113738313317
            blues: 0.0399399325252
            electronic: 0.112462945282
            folkcountry: 0.302969992161
            funksoulrnb: 0.0189416091889
            jazz: 0.184591844678
            pop: 0.0850384458899
            raphiphop: 0.0044901217334
            rock: 0.137826800346
        probability: 0.302969992161
        value: "folkcountry"
    genre_electronica:
        all:
            ambient: 0.458411544561
            dnb: 0.178662985563
            house: 0.0436382815242
            techno: 0.0288787651807
            trance: 0.290408402681
        probability: 0.458411544561
        value: "ambient"
    genre_rosamerica:
        all:
            cla: 0.0542673803866
            dan: 0.390489906073
            hip: 0.0252542644739
            jaz: 0.188569590449
            pop: 0.1332796067
            rhy: 0.114330098033
            roc: 0.0851225703955
            spe: 0.00868660025299
        probability: 0.390489906073
        value: "dan"
    genre_tzanetakis:
        all:
            blu: 0.0124637363479
            cla: 0.00869270041585
            cou: 0.143820732832
            dis: 0.107155427337
            hip: 0.0422027632594
            jaz: 0.0738347247243
            met: 0.0488763563335
            pop: 0.1061309129
            reg: 0.184620693326
            roc: 0.272201955318
        probability: 0.272201955318
        value: "roc"
    live_studio:
        all:
            live: 0.0926239714026
            studio: 0.907376050949
        probability: 0.907376050949
        value: "studio"
    mood:
        all:
            Cluster1: 0.242938563228
            Cluster2: 0.231730490923
            Cluster3: 0.267718732357
            Cluster4: 0.0816779881716
            Cluster5: 0.175934225321
        probability: 0.267718732357
        value: "Cluster3"
    mood_acoustic:
        all:
            acoustic: 0.354645371437
            not_acoustic: 0.645354628563
        probability: 0.645354628563
        value: "not_acoustic"
    mood_aggressive:
        all:
            aggressive: 0.0725186094642
            not_aggressive: 0.927481412888
        probability: 0.927481412888
        value: "not_aggressive"
    mood_electronic:
        all:
            electronic: 0.771586298943
            not_electronic: 0.228413701057
        probability: 0.771586298943
        value: "electronic"
    mood_happy:
        all:
            happy: 0.166909381747
            not_happy: 0.833090603352
        probability: 0.833090603352
        value: "not_happy"
    mood_party:
        all:
            not_party: 0.743069708347
            party: 0.256930321455
        probability: 0.743069708347
        value: "not_party"
    mood_relaxed:
        all:
            not_relaxed: 0.259602129459
            relaxed: 0.740397870541
        probability: 0.740397870541
        value: "relaxed"
    mood_sad:
        all:
            not_sad: 0.295688778162
            sad: 0.704311192036
        probability: 0.704311192036
        value: "sad"
    rhythm:
        all:
            fast: 0.399841666222
            medium: 0.271806329489
            slow: 0.328352034092
        probability: 0.399841666222
        value: "fast"
    speech_music:
        all:
            music: 0.975319325924
            speech: 0.0246806815267
        probability: 0.975319325924
        value: "music"
    timbre:
        all:
            bright: 0.167202651501
            dark: 0.832797348499
        probability: 0.832797348499
        value: "dark"
    voice_instrumental:
        all:
            instrumental: 0.928820073605
            voice: 0.0711799263954
        probability: 0.928820073605
        value: "instrumental"

lowlevel:
    average_loudness: 0.77593767643
    barkbands_kurtosis:
        dmean: 2.9749891758
        dmean2: 4.54153966904
        dvar: 15.5237398148
        dvar2: 34.205165863
        max: 37.4718208313
        mean: 4.06445121765
        min: -1.93183159828
        var: 47.2761878967
    barkbands_skewness:
        dmean: 0.667796671391
        dmean2: 1.07070982456
        dvar: 0.476577818394
        dvar2: 1.23605573177
        max: 5.00532341003
        mean: 1.32224321365
        min: -2.65871810913
        var: 2.29771590233
    barkbands_spread:
        dmean: 8.55054759979
        dmean2: 13.2250127792
        dvar: 100.38507843
        dvar2: 237.942962646
        max: 63.6121177673
        mean: 27.744966507
        min: 2.34334182739
        var: 259.988769531
    dissonance:
        dmean: 0.0187584105879
        dmean2: 0.0290120355785
        dvar: 0.000359561556252
        dvar2: 0.000717289571185
        max: 0.499025911093
        mean: 0.455249071121
        min: 0.310434788465
        var: 0.00107388256583
    hfc:
        dmean: 2.04293560982
        dmean2: 3.25201416016
        dvar: 10.2230052948
        dvar2: 26.7298927307
        max: 32.2436981201
        mean: 5.20374536514
        min: 0.00784018076956
        var: 46.0177230835
    pitch:
        dmean: 774.766113281
        dmean2: 1511.91760254
        dvar: 2121738
        dvar2: 4922306.5
        max: 4900
        mean: 1031.06433105
        min: 78.0531005859
        var: 2600811.75
    pitch_instantaneous_confidence:
        dmean: 0.0833856910467
        dmean2: 0.127953156829
        dvar: 0.00611452385783
        dvar2: 0.0139834377915
        max: 0.903386771679
        mean: 0.499257206917
        min: 0.169615805149
        var: 0.0339361429214
    pitch_salience:
        dmean: 0.0697316750884
        dmean2: 0.114879287779
        dvar: 0.00384100480005
        dvar2: 0.0102400816977
        max: 0.838235378265
        mean: 0.614831984043
        min: 0.364621251822
        var: 0.011098110117
    silence_rate_20dB:
        dmean: 0
        dmean2: 0
        dvar: 0
        dvar2: 0
        max: 1
        mean: 1
        min: 1
        var: 0
    silence_rate_30dB:
        dmean: 0
        dmean2: 0
        dvar: 0
        dvar2: 0
        max: 1
        mean: 1
        min: 1
        var: 0
    silence_rate_60dB:
        dmean: 0.138888895512
        dmean2: 0.276102095842
        dvar: 0.119599200785
        dvar2: 0.209150597453
        max: 1
        mean: 0.648960709572
        min: 0
        var: 0.227811127901
    spectral_centroid:
        dmean: 338.266052246
        dmean2: 549.836547852
        dvar: 194450.25
        dvar2: 506321.15625
        max: 4054.03979492
        mean: 1134.65612793
        min: 242.04510498
        var: 558133.75
    spectral_complexity:
        dmean: 2.23201847076
        dmean2: 3.85116267204
        dvar: 9.96935653687
        dvar2: 24.8475856781
        max: 27
        mean: 7.38425922394
        min: 0
        var: 24.1347198486
    spectral_crest:
        dmean: 2.48258423805
        dmean2: 4.08705663681
        dvar: 5.25233793259
        dvar2: 14.3337392807
        max: 20.6631679535
        mean: 9.97451972961
        min: 2.85094046593
        var: 12.2623109818
    spectral_decrease:
        dmean: 3.153434458e-10
        dmean2: 5.31302668527e-10
        dvar: 2.64719535357e-19
        dvar2: 6.946629697e-19
        max: -4.1801714e-12
        mean: -7.9932971353e-10
        min: -3.96528010427e-09
        var: 4.63342014797e-19
    spectral_energy:
        dmean: 0.00134809326846
        dmean2: 0.00223978306167
        dvar: 4.58189697383e-06
        dvar2: 1.19600117614e-05
        max: 0.0176798552275
        mean: 0.00348884938285
        min: 1.64880129887e-05
        var: 9.65312574408e-06
    spectral_energyband_high:
        dmean: 0.000152080625412
        dmean2: 0.000253577483818
        dvar: 7.16910975029e-08
        dvar2: 1.93555592887e-07
        max: 0.00209455890581
        mean: 0.000228553093621
        min: 4.7737131581e-07
        var: 8.5039104647e-08
    spectral_energyband_low:
        dmean: 0.00030086946208
        dmean2: 0.00052279146621
        dvar: 5.26867324879e-07
        dvar2: 1.41786961194e-06
        max: 0.00475723063573
        mean: 0.000362354476238
        min: 1.22258393276e-06
        var: 3.97669708718e-07
    spectral_energyband_middle_high:
        dmean: 0.000424539088272
        dmean2: 0.000663079146761
        dvar: 4.95385393151e-07
        dvar2: 1.25594817746e-06
        max: 0.00909271929413
        mean: 0.00129652069882
        min: 6.25054610737e-07
        var: 4.30202771895e-06
    spectral_energyband_middle_low:
        dmean: 0.000737677852158
        dmean2: 0.00127308780793
        dvar: 1.767714366e-06
        dvar2: 4.9273262448e-06
        max: 0.0124567504972
        mean: 0.00160141661763
        min: 1.4159985767e-05
        var: 1.68656777078e-06
    spectral_flatness_db:
        dmean: 0.0241157952696
        dmean2: 0.0345350280404
        dvar: 0.000471484760055
        dvar2: 0.000927753804717
        max: 0.319647312164
        mean: 0.17808316648
        min: 0.0837901905179
        var: 0.00199221959338
    spectral_flux:
        dmean: 0.010478977114
        dmean2: 0.0154565023258
        dvar: 0.000158836788614
        dvar2: 0.000284148263745
        max: 0.101031333208
        mean: 0.0291250832379
        min: 0.00406054360792
        var: 0.000312763062539
    spectral_kurtosis:
        dmean: 1.93537223339
        dmean2: 2.92769765854
        dvar: 6.7149848938
        dvar2: 13.399222374
        max: 26.4611854553
        mean: 4.01678562164
        min: -0.573288202286
        var: 16.8368587494
    spectral_rms:
        dmean: 0.000335756398272
        dmean2: 0.000532502715942
        dvar: 1.87008623698e-07
        dvar2: 4.55778632613e-07
        max: 0.00415314827114
        mean: 0.0016896558227
        min: 0.000126830069348
        var: 5.48818434254e-07
    spectral_rolloff:
        dmean: 765.002624512
        dmean2: 1328.8001709
        dvar: 1309165.75
        dvar2: 3186772
        max: 6136.96289062
        mean: 2090.61450195
        min: 215.33203125
        var: 2473496.75
    spectral_skewness:
        dmean: 0.314419716597
        dmean2: 0.450163334608
        dvar: 0.125793963671
        dvar2: 0.22019597888
        max: 4.20733976364
        mean: 1.50977301598
        min: 0.423490554094
        var: 0.451141029596
    spectral_spread:
        dmean: 955766.625
        dmean2: 1133372.625
        dvar: 939906367488
        dvar2: 1.34929606246e+12
        max: 12558606
        mean: 5690707.5
        min: 2275536.5
        var: 4.22206190387e+12
    spectral_strongpeak:
        dmean: 0.378102272749
        dmean2: 0.658486604691
        dvar: 0.9117795825
        dvar2: 2.42011404037
        max: 10.2011899948
        mean: 1.13835430145
        min: 0.00834227446467
        var: 5.00214624405
    zerocrossingrate:
        dmean: 0.0120824119076
        dmean2: 0.0126601103693
        dvar: 0.000149745479575
        dvar2: 0.000173316380824
        max: 0.17529296875
        mean: 0.0700649693608
        min: 0.01025390625
        var: 0.00130040524527
    barkbands:
        dmean: [1.28893702822e-07, 0.00010211787594, 0.000220287271077, 0.00025844265474, 0.000422190845711, 0.000219510198804, 7.2138478572e-05, 2.46292765951e-05, 2.35103416344e-05, 1.69734867086e-05, 1.23214113046e-05, 8.67783273861e-06, 8.4894209067e-06, 2.36360465351e-05, 1.25756923808e-05, 3.0162582334e-05, 5.7303954236e-05, 0.000196119130123, 0.000135218855576, 0.000114055830636, 6.4342697442e-05, 3.27418347297e-05, 5.95814253757e-06, 3.42394287145e-06, 2.6834950404e-06, 7.78282611691e-08, 1.98615501823e-09]
        dmean2: [1.93438893348e-07, 0.000183609314263, 0.000390385859646, 0.000449917715741, 0.000745192461181, 0.00035717774881, 0.000113853398943, 4.16546499764e-05, 3.88984772144e-05, 2.71947683359e-05, 1.97095650947e-05, 1.45325666381e-05, 1.35538048198e-05, 3.75037488993e-05, 2.07754437724e-05, 4.683851148e-05, 9.21833416214e-05, 0.000301689520711, 0.000235406710999, 0.000187521451153, 0.000108990687295, 5.55809128855e-05, 9.2167620096e-06, 4.8253082241e-06, 3.92156835005e-06, 1.10559298605e-07, 2.14757434058e-09]
        dvar: [3.69344176554e-14, 6.5594754517e-08, 2.93088504577e-07, 2.27028380095e-07, 8.29802445423e-07, 1.49008073436e-07, 1.72025860223e-08, 2.3132138427e-09, 2.60624521964e-09, 1.08143649591e-09, 5.60603841127e-10, 2.13433992702e-10, 5.30472443749e-10, 3.73441100265e-09, 1.10401732201e-09, 1.42063480979e-08, 1.03250448191e-08, 2.36889846406e-07, 6.30192431572e-08, 4.2014807633e-08, 1.37962539171e-08, 4.2039229875e-09, 1.927083354e-10, 5.66717887895e-11, 5.76897592197e-11, 3.28664911042e-14, 1.31477502276e-15]
        dvar2: [7.78664920086e-14, 1.82836274121e-07, 8.05639103874e-07, 6.29457076684e-07, 2.35682136918e-06, 4.06948259979e-07, 4.22864907534e-08, 6.40362429749e-09, 6.00306382381e-09, 2.061625759e-09, 9.86978276885e-10, 5.50802459198e-10, 1.02585440143e-09, 9.530729983e-09, 2.65859867454e-09, 3.23275379799e-08, 2.36401369591e-08, 6.17527859958e-07, 1.71455127429e-07, 9.950879587e-08, 3.76335158592e-08, 1.1889439655e-08, 4.89451257302e-10, 1.32824681809e-10, 1.41784139984e-10, 7.98390555599e-14, 1.3199274183e-15]
        max: [1.43165846112e-06, 0.00208955537528, 0.0034471093677, 0.00492239976302, 0.00930373650044, 0.00409100903198, 0.00197771075182, 0.000687533000018, 0.000819826847874, 0.00055031105876, 0.000354262738256, 0.00013243999274, 0.000449267798103, 0.000877250800841, 0.000444020202849, 0.00219690660015, 0.00115857692435, 0.00810204073787, 0.0020652494859, 0.00299753108993, 0.000952889036853, 0.000567958748434, 0.000173376858584, 8.4043451352e-05, 9.7979522252e-05, 2.01878083317e-06, 7.53966901357e-07]
        mean: [1.87975842891e-07, 0.000127650651848, 0.000234522362007, 0.000404989928938, 0.000502347073052, 0.000462216383312, 0.000145178069943, 4.46546910098e-05, 3.64902662113e-05, 3.17738122249e-05, 1.86035431398e-05, 1.31428178065e-05, 1.40119800562e-05, 3.79487646569e-05, 1.80391780304e-05, 3.80648853024e-05, 0.000134095665999, 0.000730180705432, 0.000167987571331, 0.000184307980817, 8.38603664306e-05, 4.32097149314e-05, 7.86542386777e-06, 4.42628652308e-06, 3.01001546177e-06, 8.38355092014e-08, 1.97808947e-09]
        min: [2.08077981928e-11, 4.41733789103e-07, 7.60381169584e-07, 4.98107851854e-07, 5.72489716433e-06, 2.41702105086e-06, 1.07135281269e-06, 4.65007843786e-07, 7.48964836816e-08, 5.7497353545e-09, 1.47633727465e-07, 6.36988133351e-08, 3.8887137066e-08, 3.04104830207e-08, 5.13342719444e-08, 3.52132301096e-09, 2.9240409205e-08, 3.71814756761e-08, 1.96742703906e-07, 1.04365611264e-07, 9.63952473398e-08, 8.095728532e-08, 1.22899637134e-08, 3.86207288372e-09, 3.54680862458e-09, 9.25310314481e-11, 1.58002747713e-13]
        var: [6.02449134416e-14, 4.87437823438e-08, 2.07970444421e-07, 4.29152493098e-07, 6.46374587632e-07, 2.24465225074e-07, 2.83972525494e-08, 2.79578871165e-09, 3.36961791803e-09, 3.51631279649e-09, 1.13017561976e-09, 3.38570366187e-10, 9.45276523723e-10, 8.26533064213e-09, 1.78297432374e-09, 1.48130698818e-08, 4.96715841791e-08, 2.39635392063e-06, 7.21196471432e-08, 1.04370364795e-07, 1.41436897749e-08, 4.09352862718e-09, 2.09498043913e-10, 6.75302730402e-11, 5.38921199333e-11, 3.25021178591e-14, 1.31216054969e-15]
    mfcc:
        mean: [-758.811950684, 115.655776978, -9.61854743958, 64.1997451782, -10.1565742493, -9.32865142822, -2.25737261772, -9.84134292603, -8.92730903625, -12.4448080063, -4.97165346146, -4.06895875931, -7.8507232666]
        cov: [[4221.39599609, -2029.08996582, -456.722412109, 594.316894531, 233.73600769, -71.3471069336, -41.789642334, 324.799041748, 198.261383057, -105.233398438, 192.223770142, -51.8017616272, -51.8001251221], [-2029.08996582, 1602.19372559, -105.530059814, -144.539199829, -0.0584852211177, 50.4742774963, 55.2631988525, -119.440246582, -87.4588012695, 71.1140441895, -33.5835533142, 87.4200515747, 32.9075813293], [-456.722412109, -105.530059814, 621.075500488, -326.121917725, -147.307998657, 88.1105194092, 4.33013963699, -98.5423812866, 1.4809461832, 47.4500198364, -92.9179077148, -48.8445167542, 56.3033218384], [594.316894531, -144.539199829, -326.121917725, 405.536407471, 164.310287476, -44.2013664246, -8.78654956818, 106.39251709, 34.864566803, -77.1644439697, 97.8564453125, 48.3035736084, -29.751203537], [233.73600769, -0.0584852211177, -147.307998657, 164.310287476, 236.204574585, -51.7087287903, 9.68992328644, 76.5244369507, 22.2388248444, 7.60471534729, 52.9856147766, 65.293296814, 3.47843885422], [-71.3471069336, 50.4742774963, 88.1105194092, -44.2013664246, -51.7087287903, 162.842102051, 26.333984375, -14.9645700455, 21.7986450195, -13.9346723557, 40.4866600037, -10.3883457184, 18.7417240143], [-41.789642334, 55.2631988525, 4.33013963699, -8.78654956818, 9.68992328644, 26.333984375, 89.2088775635, 26.4237689972, -5.45257234573, 13.0979337692, 12.0861501694, 12.6505775452, 7.14028072357], [324.799041748, -119.440246582, -98.5423812866, 106.39251709, 76.5244369507, -14.9645700455, 26.4237689972, 103.845092773, 32.9552345276, -14.6703910828, 37.1076202393, 23.9401397705, -1.54983913898], [198.261383057, -87.4588012695, 1.4809461832, 34.864566803, 22.2388248444, 21.7986450195, -5.45257234573, 32.9552345276, 88.3497772217, 4.55473041534, 27.2266979218, 1.40895819664, 8.77477645874], [-105.233398438, 71.1140441895, 47.4500198364, -77.1644439697, 7.60471534729, -13.9346723557, 13.0979337692, -14.6703910828, 4.55473041534, 97.2228775024, -25.2009830475, 3.20072221756, 22.7092342377], [192.223770142, -33.5835533142, -92.9179077148, 97.8564453125, 52.9856147766, 40.4866600037, 12.0861501694, 37.1076202393, 27.2266979218, -25.2009830475, 124.945617676, 37.9654541016, -16.5906295776], [-51.8017616272, 87.4200515747, -48.8445167542, 48.3035736084, 65.293296814, -10.3883457184, 12.6505775452, 23.9401397705, 1.40895819664, 3.20072221756, 37.9654541016, 68.7820663452, 7.94157886505], [-51.8001251221, 32.9075813293, 56.3033218384, -29.751203537, 3.47843885422, 18.7417240143, 7.14028072357, -1.54983913898, 8.77477645874, 22.7092342377, -16.5906295776, 7.94157886505, 52.9675521851]]
        icov: [[0.0011288493406, 0.00141396361869, 0.000924181949813, -0.000332639843691, -0.000270225922577, -0.000482529227156, -4.3233816541e-05, -0.000524204340763, -0.000486435747007, -0.000564831832889, -0.000232568243518, 0.000550598895643, -0.000597397505771], [0.00141396361869, 0.00281089590862, 0.00193212204613, 8.8476066594e-05, -0.000560127140488, -0.00137464993168, -0.000730159983505, 0.00104052980896, -0.000433662702562, -0.000875092227943, 0.000575692218263, -0.00126593583263, -0.000898445141502], [0.000924181949813, 0.00193212204613, 0.0046153748408, 0.00238037994131, -0.000548117735889, -0.00183205981739, -0.000703543017153, 0.00179380341433, -0.0014944607392, 0.000383718172088, 0.00137992599048, -0.000878422521055, -0.00238702399656], [-0.000332639843691, 8.8476066594e-05, 0.00238037994131, 0.00746042281389, -0.00262730754912, 0.000432221393567, 0.000424128898885, -0.000873083714396, -0.00102244294249, 0.00435457890853, -0.00117025722284, -0.000574462756049, -0.000761274481192], [-0.000270225922577, -0.000560127140488, -0.000548117735889, -0.00262730754912, 0.00892434641719, 0.00183523260057, 0.000630250608083, -0.00317243789323, 0.00016062305076, -0.00261026946828, -0.000848956231494, -0.0045732120052, -0.000710313615855], [-0.000482529227156, -0.00137464993168, -0.00183205981739, 0.000432221393567, 0.00183523260057, 0.0118550099432, -0.00326149514876, 0.00151313899551, -0.00217906641774, 0.0033151274547, -0.00688633695245, 0.00418135337532, -0.00510314060375], [-4.3233816541e-05, -0.000730159983505, -0.000703543017153, 0.000424128898885, 0.000630250608083, -0.00326149514876, 0.0158767979592, -0.00816964078695, 0.00414697406814, -0.00320116872899, -0.000501750037074, -0.000818785163574, 0.000781821727287], [-0.000524204340763, 0.00104052980896, 0.00179380341433, -0.000873083714396, -0.00317243789323, 0.00151313899551, -0.00816964078695, 0.0225046314299, -0.00611851923168, 0.00304727978073, 0.000743278709706, -0.00314970896579, -0.00171136471909], [-0.000486435747007, -0.000433662702562, -0.0014944607392, -0.00102244294249, 0.00016062305076, -0.00217906641774, 0.00414697406814, -0.00611851923168, 0.0166285410523, -0.00328096817248, -0.00284589035437, 0.00231248768978, -0.00175576086622], [-0.000564831832889, -0.000875092227943, 0.000383718172088, 0.00435457890853, -0.00261026946828, 0.0033151274547, -0.00320116872899, 0.00304727978073, -0.00328096817248, 0.0165327508003, 0.000312556658173, 0.000100584358734, -0.00491344183683], [-0.000232568243518, 0.000575692218263, 0.00137992599048, -0.00117025722284, -0.000848956231494, -0.00688633695245, -0.000501750037074, 0.000743278709706, -0.00284589035437, 0.000312556658173, 0.0175504274666, -0.00998090114444, 0.00720361154526], [0.000550598895643, -0.00126593583263, -0.000878422521055, -0.000574462756049, -0.0045732120052, 0.00418135337532, -0.000818785163574, -0.00314970896579, 0.00231248768978, 0.000100584358734, -0.00998090114444, 0.0288385786116, -0.00710123870522], [-0.000597397505771, -0.000898445141502, -0.00238702399656, -0.000761274481192, -0.000710313615855, -0.00510314060375, 0.000781821727287, -0.00171136471909, -0.00175576086622, -0.00491344183683, 0.00720361154526, -0.00710123870522, 0.0283785257488]]
    spectral_contrast:
        mean: [-6.84563076447e-07, 9.65126147889e-08, -1.93163202766e-07, -1.86109289757e-07, -2.0063102113e-07, 5.92804042299e-07, 7.16911415566e-07, 1.13828309622e-06, -3.06687979901e-06, 6.98009046118e-07, -2.80638545291e-07, 1.11427573302e-06]
        var: [0.000607319816481, 0.000839700864162, 0.00152919441462, 0.00243603740819, 0.0031484530773, 0.00367440562695, 0.0422399304807, 0.072301581502, 0.124546907842, 0.242716610432, 0.51574587822, 2.09037423134]

rhythm:
    beats_loudness:
        dmean: 0.0017942674458
        dmean2: 0.00311743747443
        dvar: 3.26462804878e-06
        dvar2: 9.06568311621e-06
        max: 0.0110489809886
        mean: 0.00504178181291
        min: 0.00139049591962
        var: 6.55904977975e-06
    beats_loudness_bass:
        dmean: 0.327916890383
        dmean2: 0.632295548916
        dvar: 0.0477463081479
        dvar2: 0.140283152461
        max: 0.721321463585
        mean: 0.231171354651
        min: 0.00782218854874
        var: 0.054017174989
    bpm: 127.722930908
    bpm_confidence: 0
    first_peak_bpm: 128
    first_peak_spread: 0
    first_peak_weight: 0.949999988079
    onset_rate: 4.18701171875
    second_peak_bpm: 116
    second_peak_spread: 0
    second_peak_weight: 0.0500000007451
    beats_position: [0.462393522263, 0.93183195591, 1.40127038956, 1.87070870399, 2.34014725685, 2.80958557129, 3.27902412415, 3.748462677, 4.21790122986, 4.68733930588, 5.15677785873, 5.62621641159, 6.14147377014, 6.6115732193, 7.08167171478, 7.5517706871, 8.02186965942, 8.49196815491, 8.96206665039, 9.43216514587, 9.90226459503]
    bpm_estimates: [127.840377808, 127.690414429, 127.9008255, 127.764862061, 128.093933105, 127.900001526, 127.675048828, 127.662330627, 127.783973694, 127.74911499, 127.684501648, 128.103988647, 127.888000488, 127.572685242, 127.666313171, 127.689910889, 126.960990906, 127.3855896]
    bpm_intervals: [0.469438433647, 0.469438433647, 0.469438314438, 0.469438552856, 0.469438314438, 0.469438552856, 0.469438552856, 0.469438552856, 0.469438076019, 0.469438552856, 0.469438552856, 0.515257358551, 0.470099449158, 0.470098495483, 0.470098972321, 0.470098972321, 0.470098495483, 0.470098495483, 0.470098495483, 0.470099449158]
    onset_times: [0.0464399084449, 0.220589563251, 0.452789127827, 0.696598649025, 0.9287981987, 1.17260766029, 1.369977355, 1.64861679077, 1.86920630932, 2.11301589012, 2.33360552788, 2.5890250206, 2.82122445107, 3.06503391266, 3.29723358154, 3.52943301201, 3.76163268089, 3.99383211136, 4.22603178024, 4.43501138687, 4.71365070343, 4.94585037231, 5.1780500412, 5.39863967896, 5.65405893326, 5.87464857101, 6.13006782532, 6.3622674942, 6.59446716309, 6.82666683197, 7.07047605515, 7.30267572403, 7.53487539291, 7.77868461609, 8.01088428497, 8.25469398499, 8.498503685, 8.63782310486, 8.96290206909, 9.2067117691, 9.67111110687, 9.91492080688]
    rubato_start: []
    rubato_stop: []
    perceptual_tempo: "unknown"

sfx:
    inharmonicity:
        dmean: 0.0372979640961
        dmean2: 0.0677690505981
        dvar: 0.00247892388143
        dvar2: 0.00737954583019
        max: 0.431663274765
        mean: 0.0392257198691
        min: 9.97984097921e-05
        var: 0.00217229709961
    oddtoevenharmonicenergyratio:
        dmean: 2.69719338417
        dmean2: 5.03660106659
        dvar: 154.678741455
        dvar2: 462.231384277
        max: 172.611938477
        mean: 1.77513957024
        min: 0.000244035938522
        var: 80.3793487549
    pitch_after_max_to_before_max_energy_ratio: 3.24921226501
    pitch_centroid: 197.609832764
    pitch_max_to_total: 0.24074074626
    pitch_min_to_total: 0.0578703694046
    tristimulus:
        dmean: [0.216871321201, 0.241865739226, 0.107846625149]
        dmean2: [0.37802824378, 0.420709133148, 0.190180391073]
        dvar: [0.0373792238533, 0.0459833219647, 0.0146199921146]
        dvar2: [0.102789141238, 0.131429940462, 0.0427274927497]
        max: [0.949268758297, 0.967783153057, 0.657765269279]
        mean: [0.438447892666, 0.401011824608, 0.118039809167]
        min: [0.01793448627, 0, 0]
        var: [0.0621295534074, 0.0649524852633, 0.0180062670261]

tonal:
    chords_changes_rate: 0.0368663594127
    chords_number_rate: 0.0230414755642
    chords_strength:
        dmean: 0.00971882883459
        dmean2: 0.00923198834062
        dvar: 6.08694463153e-05
        dvar2: 6.74379625707e-05
        max: 0.789041042328
        mean: 0.584759712219
        min: 0.327430903912
        var: 0.0166850537062
    key_strength: 0.748510062695
    tuning_diatonic_strength: 0.664098441601
    tuning_equal_tempered_deviation: 0.102029405534
    tuning_frequency: 443.060424805
    tuning_nontempered_energy_ratio: 0.71370613575
    hpcp:
        dmean: [0.139798298478, 0.138631999493, 0.108093157411, 0.0859855338931, 0.0621850900352, 0.0496277026832, 0.0522648133337, 0.0561751686037, 0.0712570101023, 0.0752624645829, 0.0622062347829, 0.0715265870094, 0.096897803247, 0.0949395596981, 0.0668761208653, 0.0877492725849, 0.126286238432, 0.172094255686, 0.1839261204, 0.173618406057, 0.0890952125192, 0.0559542924166, 0.0868839323521, 0.128709390759, 0.124235443771, 0.137960731983, 0.106023311615, 0.0972486808896, 0.0856473073363, 0.0834347754717, 0.107340589166, 0.149757370353, 0.185684993863, 0.198472306132, 0.226212367415, 0.183248594403]
        dmean2: [0.25137975812, 0.257201761007, 0.192171663046, 0.142293825746, 0.106674320996, 0.0891002193093, 0.0949413105845, 0.0995285585523, 0.11709228158, 0.122856594622, 0.10559990257, 0.130598753691, 0.175269767642, 0.170752882957, 0.113826781511, 0.158318713307, 0.227173492312, 0.29628354311, 0.308547079563, 0.298916846514, 0.159476190805, 0.104396730661, 0.16165061295, 0.21460776031, 0.215040549636, 0.227650955319, 0.188955143094, 0.178687334061, 0.155083373189, 0.144777685404, 0.185964882374, 0.264030486345, 0.321512550116, 0.344074934721, 0.388383328915, 0.322306543589]
        dvar: [0.0513721220195, 0.0564275234938, 0.0290358886123, 0.0207069087774, 0.0104465438053, 0.00933332834393, 0.0138138337061, 0.0125978542492, 0.0108853578568, 0.013843565248, 0.00657347077504, 0.0136484522372, 0.0319563187659, 0.0400898940861, 0.0137704079971, 0.0275724362582, 0.0412545278668, 0.0349827446043, 0.0573871359229, 0.0384090691805, 0.026116348803, 0.0152549874038, 0.0254624243826, 0.0317188426852, 0.0438794083893, 0.039801672101, 0.0411633588374, 0.0429911538959, 0.0316085889935, 0.029503794387, 0.0338397622108, 0.0507634617388, 0.0510450936854, 0.0630278065801, 0.0622869245708, 0.060773152858]
        dvar2: [0.141115501523, 0.159007713199, 0.0831744149327, 0.0519318766892, 0.0249437857419, 0.0280087161809, 0.0401786006987, 0.0358462780714, 0.0264895111322, 0.0335254147649, 0.0171579308808, 0.0400620363653, 0.0846173539758, 0.104287840426, 0.0381821207702, 0.0781249478459, 0.120851516724, 0.0930280610919, 0.13218267262, 0.107362560928, 0.0702845305204, 0.0434878095984, 0.0776394754648, 0.0839078202844, 0.112903960049, 0.096899420023, 0.0991990119219, 0.117692247033, 0.0836109593511, 0.0813410878181, 0.0935731902719, 0.140335902572, 0.136406376958, 0.161540150642, 0.163571506739, 0.162379354239]
        max: [1, 1, 0.918653309345, 1, 0.819583833218, 0.651786625385, 1, 0.832689702511, 1, 1, 0.594971895218, 0.677296042442, 0.887636303902, 1, 0.938198447227, 1, 1, 1, 1, 1, 1, 0.741017341614, 1, 1, 1, 1, 1, 1, 1, 1, 1, 1, 1, 1, 1, 1]
        mean: [0.119316451252, 0.107236996293, 0.114506758749, 0.122251354158, 0.0799974948168, 0.0451357886195, 0.0471755489707, 0.0575058199465, 0.106119640172, 0.127289563417, 0.0841607823968, 0.0704072490335, 0.085525020957, 0.0776904299855, 0.0641867443919, 0.0775234475732, 0.107268162072, 0.307657599449, 0.457058250904, 0.25985750556, 0.071665532887, 0.0488116294146, 0.0774231031537, 0.235875755548, 0.358654290438, 0.241764649749, 0.112886153162, 0.0805792659521, 0.07115534693, 0.0969620272517, 0.136102363467, 0.146488562226, 0.232051253319, 0.346851170063, 0.286691486835, 0.162055656314]
        min: [0.00182258500718, 0.000679885677528, 0.00161306303926, 0.00194380548783, 0.00277748843655, 0.000877555459738, 0.000780825910624, 0.000946114247199, 0.00170460506342, 0.00164297269657, 0.00253601232544, 0.001105414005, 0.000592831755057, 0.00117128679994, 0.00133012037259, 0.00118358968757, 0.000847285322379, 0.00228454452008, 0.000923724554013, 0.00117743597366, 0, 0.000205309319426, 0.000461671297671, 0.00131869851612, 0.00115302437916, 0.000867251015734, 0.000608750910033, 0.000832489400636, 0.000213796811295, 0, 0.000455607310869, 0.00113642332144, 0.000885640271008, 0.0017143136356, 0.00203784694895, 0.00190009537619]
        var: [0.0417722575366, 0.0395783372223, 0.0282178800553, 0.0323937796056, 0.0132425893098, 0.00657805614173, 0.00854850839823, 0.00866564270109, 0.0206671115011, 0.0325438119471, 0.0108921062201, 0.0113829197362, 0.0285276509821, 0.0336724631488, 0.0122599061579, 0.0190976094455, 0.0298343487084, 0.0672339946032, 0.136614263058, 0.0604932233691, 0.0210238285363, 0.0103345829993, 0.0200662594289, 0.0863327607512, 0.171705842018, 0.0852540135384, 0.0472763292491, 0.0297954641283, 0.0243507381529, 0.0295314993709, 0.04359414801, 0.0508467555046, 0.0736149400473, 0.128812670708, 0.0940442159772, 0.0563561432064]
    chords_histogram: [64.9769592285, 0, 1.84331798553, 0, 0, 10.5990781784, 10.1382484436, 0, 0, 0, 0, 0, 0, 0, 0, 0, 0, 0, 0, 0, 0, 0, 0, 12.4423961639]
    thpcp: [1, 0.568543493748, 0.156797379255, 0.106795206666, 0.169394388795, 0.516073703766, 0.78470146656, 0.528958082199, 0.246984168887, 0.176299765706, 0.15568113327, 0.212143704295, 0.297779023647, 0.320503056049, 0.507706105709, 0.758877396584, 0.627253711224, 0.354562371969, 0.261053055525, 0.234624356031, 0.250529915094, 0.267474353313, 0.175026908517, 0.0987528115511, 0.103215612471, 0.125817269087, 0.232179686427, 0.278497457504, 0.18413579464, 0.154044359922, 0.187120616436, 0.169979274273, 0.140434488654, 0.169613927603, 0.234692543745, 0.673125565052]
    chords_key: "G#"
    chords_scale: "major"
    key_key: "G#"
    key_scale: "major"
    chords_progression: ["G#", "G#", "G#", "G#", "G#", "G#", "G#", "G#", "G#", "G#", "G#", "G#", "G#", "G#", "G#", "G#", "G#", "G#", "G#", "G#", "G#", "G#", "G#", "G#", "G#", "G#", "G#", "G#", "G#", "G#", "G#", "G#", "G#", "G#", "G#", "G#", "G#", "G#", "G#", "G#", "G#", "G#", "G#", "G#", "G#", "G#", "G#", "G#", "G#", "G#", "G#", "G#", "G#", "G#", "G#", "G#", "G#", "G#", "G#", "G#", "G#", "G#", "G#", "G#", "G#", "G#", "G#", "G#", "G#", "G#", "G#", "G#", "G#", "G#", "G#", "G#", "G#", "G#", "G#", "G#", "G#", "G#", "G#", "G#", "G#", "G#", "G#", "G#", "Fm", "Fm", "Fm", "Fm", "Fm", "Fm", "Fm", "Fm", "Fm", "Fm", "Fm", "Fm", "Fm", "Fm", "Fm", "Fm", "Fm", "Fm", "Fm", "Fm", "Fm", "Fm", "Fm", "Fm", "F", "Fm", "F", "F", "F", "F", "F", "F", "F", "F", "F", "F", "F", "F", "F", "F", "F", "F", "F", "F", "F", "F", "F", "Fm", "Fm", "G#", "G#", "G#", "G#", "G#", "G#", "G#", "G#", "G#", "G#", "G#", "G#", "G#", "G#", "G#", "G#", "G#", "G#", "G#", "G#", "G#", "G#", "G#", "G#", "G#", "G#", "G#", "G#", "G#", "G#", "G#", "G#", "G#", "G#", "G#", "G#", "G#", "G#", "G#", "G#", "G#", "G#", "G#", "G#", "G#", "G#", "G#", "G#", "G#", "G#", "G#", "G#", "G#", "D#", "D#", "D#", "D#", "Dm", "Dm", "Dm", "Dm", "Dm", "Dm", "Dm", "Dm", "Dm", "Dm", "Dm", "Dm", "Dm", "Dm", "Dm", "Dm", "Dm", "Dm", "Dm", "Dm", "Dm", "Dm", "Dm"]
