
metadata:
    version:
        essentia: "1.2.2"
    audio_properties:
        analysis_sample_rate: 44100
        bitrate: 128
        channels: 2
        equal_loudness: 1
        length: 9.97877597809
        replay_gain: -1.5717086792
        downmix: "mix"
    tags:
        track: 2
        year: 0
        album: "Splitted by Mp3Splt v. 2.1"
        artist: "From 000.10 To 000.20"
        comment: "http://mp3splt.sf.net"
        genre: ""
        title: "07 Are Friends Electrik--Lodgi"

highlevel:
    ballroom:
        all:
            ChaChaCha: 0.582319617271
            Jive: 0.0317939519882
            Quickstep: 0.0301023032516
            Rumba-American: 0.0165216568857
            Rumba-International: 0.0264705363661
            Rumba-Misc: 0.161278799176
            Samba: 0.0269271954894
            Tango: 0.0246276240796
            VienneseWaltz: 0.0351565293968
            Waltz: 0.0648017972708
        probability: 0.582319617271
        value: "ChaChaCha"
    culture:
        all:
            non_western: 0.0868368372321
            western: 0.91316318512
        probability: 0.91316318512
        value: "western"
    gender:
        all:
            female: 0.666367948055
            male: 0.333632022142
        probability: 0.666367948055
        value: "female"
    genre_dortmund:
        all:
            alternative: 0.0783158317208
            blues: 0.0249323453754
            electronic: 0.234068751335
            folkcountry: 0.0956491082907
            funksoulrnb: 0.0157180372626
            jazz: 0.502149105072
            pop: 0.0242350567132
            raphiphop: 0.00552894966677
            rock: 0.0194028057158
        probability: 0.502149105072
        value: "jazz"
    genre_electronica:
        all:
            ambient: 0.905947625637
            dnb: 0.00271919579245
            house: 0.0746349543333
            techno: 0.0154134631157
            trance: 0.00128475076053
        probability: 0.905947625637
        value: "ambient"
    genre_rosamerica:
        all:
            cla: 0.76212990284
            dan: 0.0226464122534
            hip: 0.0143460873514
            jaz: 0.0444929599762
            pop: 0.0161836538464
            rhy: 0.070917762816
            roc: 0.0131646934897
            spe: 0.0561185255647
        probability: 0.76212990284
        value: "cla"
    genre_tzanetakis:
        all:
            blu: 0.248164102435
            cla: 0.368227362633
            cou: 0.0404059253633
            dis: 0.023579986766
            hip: 0.0503028556705
            jaz: 0.0542639568448
            met: 0.0224186740816
            pop: 0.0565322674811
            reg: 0.0958724617958
            roc: 0.0402324199677
        probability: 0.368227362633
        value: "cla"
    live_studio:
        all:
            live: 0.150043040514
            studio: 0.849956929684
        probability: 0.849956929684
        value: "studio"
    mood:
        all:
            Cluster1: 0.202098593116
            Cluster2: 0.113668523729
            Cluster3: 0.364891111851
            Cluster4: 0.214144930243
            Cluster5: 0.105196833611
        probability: 0.364891111851
        value: "Cluster3"
    mood_acoustic:
        all:
            acoustic: 0.522423148155
            not_acoustic: 0.477576851845
        probability: 0.522423148155
        value: "acoustic"
    mood_aggressive:
        all:
            aggressive: 1.235396212e-07
            not_aggressive: 0.999999880791
        probability: 0.999999880791
        value: "not_aggressive"
    mood_electronic:
        all:
            electronic: 0.795838296413
            not_electronic: 0.204161688685
        probability: 0.795838296413
        value: "electronic"
    mood_happy:
        all:
            happy: 0.0648968368769
            not_happy: 0.935103178024
        probability: 0.935103178024
        value: "not_happy"
    mood_party:
        all:
            not_party: 0.928091108799
            party: 0.0719088837504
        probability: 0.928091108799
        value: "not_party"
    mood_relaxed:
        all:
            not_relaxed: 0.145862579346
            relaxed: 0.854137420654
        probability: 0.854137420654
        value: "relaxed"
    mood_sad:
        all:
            not_sad: 0.283873140812
            sad: 0.716126859188
        probability: 0.716126859188
        value: "sad"
    rhythm:
        all:
            fast: 0.0158999711275
            medium: 0.353157669306
            slow: 0.630942344666
        probability: 0.630942344666
        value: "slow"
    speech_music:
        all:
            music: 0.999993085861
            speech: 6.93962783771e-06
        probability: 0.999993085861
        value: "music"
    timbre:
        all:
            bright: 0.245204359293
            dark: 0.754795610905
        probability: 0.754795610905
        value: "dark"
    voice_instrumental:
        all:
            instrumental: 0.992489397526
            voice: 0.00751059688628
        probability: 0.992489397526
        value: "instrumental"

lowlevel:
    average_loudness: 0.435396641493
    barkbands_kurtosis:
        dmean: 15.6963224411
        dmean2: 26.7961502075
        dvar: 1311.53295898
        dvar2: 3560.86181641
        max: 217.117843628
        mean: 19.1907901764
        min: -1.92800378799
        var: 1776.63867188
    barkbands_skewness:
        dmean: 1.0770367384
        dmean2: 1.78014647961
        dvar: 2.89916467667
        dvar2: 8.28702926636
        max: 10.8633184433
        mean: 1.31148886681
        min: -7.65112066269
        var: 8.62297058105
    barkbands_spread:
        dmean: 4.06266450882
        dmean2: 6.77536582947
        dvar: 58.3872070312
        dvar2: 163.768630981
        max: 53.7073326111
        mean: 7.95037794113
        min: 0.185671851039
        var: 126.745223999
    dissonance:
        dmean: 0.0454152934253
        dmean2: 0.0787859931588
        dvar: 0.002736230148
        dvar2: 0.00652267271653
        max: 0.499933421612
        mean: 0.354876488447
        min: 0.0650916546583
        var: 0.0129524311051
    hfc:
        dmean: 0.416142314672
        dmean2: 0.678087949753
        dvar: 1.18082213402
        dvar2: 3.26639580727
        max: 9.35855484009
        mean: 0.812726318836
        min: 0.00133993336931
        var: 1.93712294102
    pitch:
        dmean: 408.984588623
        dmean2: 777.40435791
        dvar: 920013.25
        dvar2: 2479014.5
        max: 4009.09082031
        mean: 831.342773438
        min: 96.4989089966
        var: 1704620.5
    pitch_instantaneous_confidence:
        dmean: 0.0831757709384
        dmean2: 0.132135510445
        dvar: 0.0089600328356
        dvar2: 0.0224103014916
        max: 0.977457106113
        mean: 0.550172805786
        min: 0.223128676414
        var: 0.0179878268391
    pitch_salience:
        dmean: 0.0686449185014
        dmean2: 0.112883076072
        dvar: 0.00730390567333
        dvar2: 0.0218168199062
        max: 0.90477257967
        mean: 0.509196639061
        min: 0.178768396378
        var: 0.0257920939475
    silence_rate_20dB:
        dmean: 0
        dmean2: 0
        dvar: 0
        dvar2: 0
        max: 1
        mean: 1
        min: 1
        var: 0
    silence_rate_30dB:
        dmean: 0
        dmean2: 0
        dvar: 0
        dvar2: 0
        max: 1
        mean: 1
        min: 1
        var: 0
    silence_rate_60dB:
        dmean: 0.0168539322913
        dmean2: 0.033802818507
        dvar: 0.0165698993951
        dvar2: 0.0326600931585
        max: 1
        mean: 0.843137264252
        min: 0
        var: 0.132256701589
    spectral_centroid:
        dmean: 185.48526001
        dmean2: 326.428497314
        dvar: 149651.59375
        dvar2: 438412.53125
        max: 3624.51928711
        mean: 854.972473145
        min: 149.763656616
        var: 1059884.25
    spectral_complexity:
        dmean: 0.380782932043
        dmean2: 0.685714304447
        dvar: 0.556071341038
        dvar2: 1.34408318996
        max: 8
        mean: 2.28014183044
        min: 0
        var: 3.8470518589
    spectral_crest:
        dmean: 1.80792963505
        dmean2: 2.73262906075
        dvar: 4.61616849899
        dvar2: 11.096660614
        max: 22.6015892029
        mean: 11.9447259903
        min: 5.39288425446
        var: 12.4818086624
    spectral_decrease:
        dmean: 1.3172270219e-10
        dmean2: 1.50566961676e-10
        dvar: 9.68956009123e-20
        dvar2: 1.16739043422e-19
        max: -2.98962894371e-13
        mean: -6.44871822608e-10
        min: -9.73263780679e-09
        var: 1.7955427577e-18
    spectral_energy:
        dmean: 0.000528341974132
        dmean2: 0.000623495259788
        dvar: 1.46262220824e-06
        dvar2: 1.82730764209e-06
        max: 0.0374398231506
        mean: 0.00250761024654
        min: 1.49636844071e-06
        var: 2.66060687864e-05
    spectral_energyband_high:
        dmean: 1.30188618641e-05
        dmean2: 2.24785726459e-05
        dvar: 2.64432409303e-09
        dvar2: 6.92613655318e-09
        max: 0.000423240358941
        mean: 9.05510023586e-06
        min: 1.48761369889e-09
        var: 1.80531090077e-09
    spectral_energyband_low:
        dmean: 9.57636893872e-06
        dmean2: 8.55457255966e-06
        dvar: 1.19452037151e-09
        dvar2: 8.42346414842e-10
        max: 0.00109807960689
        mean: 4.44949364464e-05
        min: 2.38844801714e-08
        var: 2.16457554103e-08
    spectral_energyband_middle_high:
        dmean: 9.0929264843e-05
        dmean2: 0.000160731113283
        dvar: 8.28538020414e-08
        dvar2: 2.33328108834e-07
        max: 0.00254890858196
        mean: 6.94453628967e-05
        min: 3.04614911073e-09
        var: 5.19340765948e-08
    spectral_energyband_middle_low:
        dmean: 0.000457550544525
        dmean2: 0.000476553832414
        dvar: 1.4304467868e-06
        dvar2: 1.68565395597e-06
        max: 0.0374209918082
        mean: 0.00238461745903
        min: 1.37798636501e-07
        var: 2.63319034275e-05
    spectral_flatness_db:
        dmean: 0.0419950410724
        dmean2: 0.0683563128114
        dvar: 0.00240215891972
        dvar2: 0.00579262664542
        max: 0.766016185284
        mean: 0.401178598404
        min: 0.0939332544804
        var: 0.0294347051531
    spectral_flux:
        dmean: 0.00494567723945
        dmean2: 0.00798243936151
        dvar: 5.16920990776e-05
        dvar2: 0.000103084996226
        max: 0.0492140576243
        mean: 0.00980397127569
        min: 0.000532460573595
        var: 9.70715700532e-05
    spectral_kurtosis:
        dmean: 39.096698761
        dmean2: 66.9298553467
        dvar: 3228.87792969
        dvar2: 8437.9140625
        max: 685.489135742
        mean: 98.2355422974
        min: 0.865711688995
        var: 15586.0957031
    spectral_rms:
        dmean: 0.000156415029778
        dmean2: 0.000208811936318
        dvar: 5.49134178129e-08
        dvar2: 1.09252127345e-07
        max: 0.00604372890666
        mean: 0.00109800463542
        min: 3.82082653232e-05
        var: 1.24083476294e-06
    spectral_rolloff:
        dmean: 216.941299438
        dmean2: 391.67364502
        dvar: 281618.84375
        dvar2: 752598.3125
        max: 4801.90429688
        mean: 1236.78540039
        min: 172.265625
        var: 2108409.25
    spectral_skewness:
        dmean: 1.61934149265
        dmean2: 2.76803898811
        dvar: 3.04702973366
        dvar2: 7.94179153442
        max: 22.7251873016
        mean: 6.54877328873
        min: -0.254740148783
        var: 27.3932628632
    spectral_spread:
        dmean: 863365.125
        dmean2: 1428969.75
        dvar: 1.88117588378e+12
        dvar2: 4.12440487526e+12
        max: 16153523
        mean: 2123244.5
        min: 208673.328125
        var: 3.44386148762e+12
    spectral_strongpeak:
        dmean: 0.133134543896
        dmean2: 0.215968981385
        dvar: 0.0852208063006
        dvar2: 0.205633029342
        max: 2.85481262207
        mean: 0.252838224173
        min: 0.00461417343467
        var: 0.117678798735
    zerocrossingrate:
        dmean: 0.0053797820583
        dmean2: 0.00751953106374
        dvar: 6.72263340675e-05
        dvar2: 0.000101339115645
        max: 0.16357421875
        mean: 0.0426051355898
        min: 0.00634765625
        var: 0.00220128637739
    barkbands:
        dmean: [1.36475986068e-09, 6.03032077606e-08, 9.55139239522e-06, 0.000146105667227, 0.000299600680592, 8.75869445736e-05, 2.47639691224e-05, 8.10295114206e-06, 5.33291540705e-06, 1.51953952354e-06, 8.79958463429e-07, 1.47695629948e-06, 1.37478389206e-06, 1.34193942358e-06, 2.47560114985e-06, 4.97952441947e-06, 8.48629042594e-06, 2.33702594414e-05, 3.77220640075e-05, 2.05506585189e-05, 2.78815787169e-06, 2.68598978437e-06, 8.01774149295e-08, 4.01707396236e-08, 3.26986437926e-08, 2.27575602807e-09, 3.12960296567e-10]
        dmean2: [2.29816654596e-09, 1.08019513334e-07, 8.50030846777e-06, 0.00011675528367, 0.000345545355231, 9.8276148492e-05, 2.63335987256e-05, 9.03156342247e-06, 6.12359235674e-06, 2.20537071982e-06, 1.06941047306e-06, 2.12407530853e-06, 1.9371898361e-06, 2.39262840296e-06, 4.36914933744e-06, 9.38798802963e-06, 1.55768721015e-05, 3.82748439733e-05, 7.11862012395e-05, 3.7686964788e-05, 5.05214120494e-06, 4.68309917778e-06, 1.32557360644e-07, 7.46398995943e-08, 6.06926775504e-08, 4.13507672548e-09, 3.59112350967e-10]
        dvar: [1.16729387122e-17, 3.06610172093e-14, 1.19403864574e-09, 2.06086667731e-07, 8.6746206307e-07, 4.74390553507e-08, 4.15133349918e-09, 8.27958812621e-10, 4.10257883221e-10, 2.01123041832e-11, 5.04394833192e-12, 1.60002133071e-11, 1.62523050573e-11, 2.24265467308e-11, 1.28571819857e-10, 2.61096727572e-10, 1.57240886978e-09, 8.26336954418e-09, 3.24937410312e-08, 6.35910257785e-09, 7.98741836561e-11, 1.45153861153e-10, 7.4552797475e-14, 1.25512783082e-14, 7.99214718657e-15, 9.62277073684e-17, 1.71457467974e-17]
        dvar2: [2.58716287571e-17, 7.63789734042e-14, 8.40817859782e-10, 1.27390023863e-07, 1.25327699152e-06, 7.56038573968e-08, 3.76531250623e-09, 1.67598857015e-09, 4.79874195936e-10, 3.49178741477e-11, 9.46366249255e-12, 4.06570020706e-11, 3.28947979966e-11, 6.53142262497e-11, 3.59348745205e-10, 7.47208017682e-10, 4.46390213682e-09, 1.99296099623e-08, 9.50496783503e-08, 1.82716881625e-08, 2.21065471484e-10, 3.88432896958e-10, 1.8493182246e-13, 3.55494069783e-14, 2.23762438564e-14, 2.51753491457e-16, 1.66816240275e-17]
        max: [3.64574965772e-08, 1.5686715642e-06, 0.00109804747626, 0.0135190747678, 0.0267253946513, 0.00503733288497, 0.00193549320102, 0.000517834734637, 0.000480300310301, 7.46985897422e-05, 3.43171268469e-05, 3.96666546294e-05, 5.40139517398e-05, 3.96429131797e-05, 0.000124372221762, 0.00011456082575, 0.000351784692612, 0.000774447165895, 0.00177390058525, 0.000756820780225, 5.36030711373e-05, 9.79608230409e-05, 2.51144729191e-06, 7.21703827367e-07, 6.36052448044e-07, 9.28116392629e-08, 7.0704203381e-08]
        mean: [1.54294876875e-09, 8.38891622834e-08, 4.44100223831e-05, 0.000635168340523, 0.0012917824788, 0.000327874935465, 9.29881425691e-05, 2.25364892685e-05, 1.36745284181e-05, 2.97771066471e-06, 2.44582156483e-06, 2.90864522867e-06, 2.18457853407e-06, 1.09414236249e-06, 1.97551207748e-06, 3.00658780361e-06, 5.33520915269e-06, 1.88455724128e-05, 2.18892109842e-05, 1.29460686367e-05, 1.75408536052e-06, 1.62776655088e-06, 5.69901104086e-08, 2.38890134341e-08, 2.04369854373e-08, 1.4184400321e-09, 3.06533021188e-10]
        min: [7.40497801965e-11, 9.71221325585e-09, 8.62010601788e-11, 5.93382620817e-10, 1.16375877823e-08, 2.02518997128e-08, 4.91500129485e-09, 6.98435753677e-10, 2.48919329593e-10, 1.25964697006e-10, 6.83916187572e-11, 4.14810200078e-11, 4.38932397373e-11, 3.49629804275e-11, 7.5051839743e-11, 8.28897506189e-11, 1.36550160068e-10, 4.99019492395e-10, 4.78943995574e-10, 5.59985890991e-10, 5.63294022538e-10, 1.93631902179e-10, 6.05796801612e-11, 1.98294661941e-11, 1.19229626172e-11, 1.10195550872e-13, 6.00386312728e-15]
        var: [1.05936665362e-17, 2.38590597339e-14, 2.16463789116e-08, 3.33239609063e-06, 1.14218055387e-05, 5.36214258773e-07, 6.22537612571e-08, 5.40324140985e-09, 2.79695266947e-09, 7.60475779571e-11, 3.1781501042e-11, 4.91228273336e-11, 4.19423801246e-11, 1.48615911244e-11, 8.74885441871e-11, 1.48716761128e-10, 9.30525156928e-10, 7.04287206332e-09, 1.75815308978e-08, 3.62459995351e-09, 4.9179077477e-11, 8.48031159184e-11, 5.80366714431e-14, 7.52076996329e-15, 4.91892149503e-15, 6.0666160661e-17, 1.76542660052e-17]
    mfcc:
        mean: [-1053.26623535, 191.47668457, -7.34924125671, 65.485458374, -14.3060274124, -16.7665424347, -12.0727777481, -23.7105445862, -23.6907615662, -26.6874485016, -15.170214653, -15.7766618729, -14.0410194397]
        cov: [[14163.4277344, -3410.3137207, -4238.91796875, -907.056213379, -1349.87915039, -1154.68981934, -798.292663574, -270.682159424, 65.747467041, 185.140762329, -107.652740479, 222.068313599, 317.818359375], [-3410.3137207, 6055.61328125, 2491.75512695, -672.266967773, -342.488983154, 106.957496643, -405.70135498, -422.019042969, -774.80267334, -923.851135254, -275.878997803, -171.573348999, -531.316589355], [-4238.91796875, 2491.75512695, 3343.01586914, 1085.39282227, 621.955383301, 55.8379325867, -129.570281982, -267.424316406, -305.367370605, -419.318054199, -415.901702881, -367.556549072, -387.364562988], [-907.056213379, -672.266967773, 1085.39282227, 1624.97436523, 604.309814453, -151.025741577, -97.3891067505, -130.660324097, -41.7268562317, 68.6088180542, -247.742553711, -309.222473145, -51.7007064819], [-1349.87915039, -342.488983154, 621.955383301, 604.309814453, 573.148681641, 212.235946655, 85.1436538696, -39.4707565308, -17.8721446991, -19.0764350891, -111.376014709, -107.987060547, -62.0539665222], [-1154.68981934, 106.957496643, 55.8379325867, -151.025741577, 212.235946655, 502.43951416, 182.605560303, 83.3174591064, -40.716594696, -98.7054977417, 20.8971595764, 48.2671012878, -71.1516189575], [-798.292663574, -405.70135498, -129.570281982, -97.3891067505, 85.1436538696, 182.605560303, 339.291259766, 156.651672363, 92.6431274414, 88.900177002, 28.921295166, 6.3570356369, 54.5141105652], [-270.682159424, -422.019042969, -267.424316406, -130.660324097, -39.4707565308, 83.3174591064, 156.651672363, 206.487457275, 169.504333496, 108.930076599, 65.1601715088, 45.9840431213, 45.0311393738], [65.747467041, -774.80267334, -305.367370605, -41.7268562317, -17.8721446991, -40.716594696, 92.6431274414, 169.504333496, 307.231964111, 194.026245117, 76.8913345337, 36.3857345581, 101.987976074], [185.140762329, -923.851135254, -419.318054199, 68.6088180542, -19.0764350891, -98.7054977417, 88.900177002, 108.930076599, 194.026245117, 276.198547363, 127.071205139, 43.4981842041, 124.621368408], [-107.652740479, -275.878997803, -415.901702881, -247.742553711, -111.376014709, 20.8971595764, 28.921295166, 65.1601715088, 76.8913345337, 127.071205139, 209.229782104, 112.798370361, 67.1879425049], [222.068313599, -171.573348999, -367.556549072, -309.222473145, -107.987060547, 48.2671012878, 6.3570356369, 45.9840431213, 36.3857345581, 43.4981842041, 112.798370361, 168.76625061, 51.5443344116], [317.818359375, -531.316589355, -387.364562988, -51.7007064819, -62.0539665222, -71.1516189575, 54.5141105652, 45.0311393738, 101.987976074, 124.621368408, 67.1879425049, 51.5443344116, 169.37272644]]
        icov: [[0.000621457002126, 0.00062323192833, 0.000549966411199, 0.000341510633007, 0.00121886318084, 0.000360234640539, 0.00105637055822, 0.00107420992572, 0.000182514471817, 0.00034421577584, 0.00212527182885, 0.000171048377524, 0.000864975620061], [0.00062323192833, 0.00156778271776, -0.000270886346698, 0.00104902591556, 0.00198228214867, 0.000266383547569, 0.0015652559232, 0.000682846060954, 0.00127433484886, 0.00153733370826, 0.0013788753422, 0.0012207061518, 0.000785170705058], [0.000549966411199, -0.000270886346698, 0.00189302698709, -0.000670637702569, 7.15028872946e-05, 0.000857846753206, -2.21574355237e-05, 0.00164798309561, -0.00123246293515, 0.000537376326974, 0.00223561772145, -0.000690500135534, 0.0018685858231], [0.000341510633007, 0.00104902591556, -0.000670637702569, 0.00330559909344, -0.00108071707655, 0.000546370283701, 0.00300227012485, -0.00139305111952, 0.00280834757723, -0.00203134585172, 0.00216910219751, 0.00331491511315, -0.00070287118433], [0.00121886318084, 0.00198228214867, 7.15028872946e-05, -0.00108071707655, 0.00947766005993, -0.00306839752011, 0.000732814776711, 0.00620745215565, -0.00126303394791, 0.000701966113411, 0.0046459636651, 4.83961412101e-05, 0.00244833203033], [0.000360234640539, 0.000266383547569, 0.000857846753206, 0.000546370283701, -0.00306839752011, 0.00675073731691, -0.00183226459194, -0.00235878187232, 0.000822252652142, 0.00495435623452, -0.00159811007325, -0.0015706315171, 0.00218846835196], [0.00105637055822, 0.0015652559232, -2.21574355237e-05, 0.00300227012485, 0.000732814776711, -0.00183226459194, 0.0107977678999, -0.00491003971547, 0.00469013722613, -0.00394659908488, 0.00577783957124, 0.00447064545006, -0.00245031318627], [0.00107420992572, 0.000682846060954, 0.00164798309561, -0.00139305111952, 0.00620745215565, -0.00235878187232, -0.00491003971547, 0.0207135472447, -0.00966938678175, 0.000218205561396, 0.00396260805428, -0.00288474978879, 0.00579462340102], [0.000182514471817, 0.00127433484886, -0.00123246293515, 0.00280834757723, -0.00126303394791, 0.000822252652142, 0.00469013722613, -0.00966938678175, 0.0128083517775, -0.00476520694792, 0.00175185059197, 0.00321777444333, -0.00324308127165], [0.00034421577584, 0.00153733370826, 0.000537376326974, -0.00203134585172, 0.000701966113411, 0.00495435623452, -0.00394659908488, 0.000218205561396, -0.00476520694792, 0.0206164196134, -0.00931452028453, -0.000329601229168, -0.000168263199157], [0.00212527182885, 0.0013788753422, 0.00223561772145, 0.00216910219751, 0.0046459636651, -0.00159811007325, 0.00577783957124, 0.00396260805428, 0.00175185059197, -0.00931452028453, 0.0213410351425, -0.00345841655508, 0.00261560431682], [0.000171048377524, 0.0012207061518, -0.000690500135534, 0.00331491511315, 4.83961412101e-05, -0.0015706315171, 0.00447064545006, -0.00288474978879, 0.00321777444333, -0.000329601229168, -0.00345841655508, 0.0153392171487, -0.00336427846923], [0.000864975620061, 0.000785170705058, 0.0018685858231, -0.00070287118433, 0.00244833203033, 0.00218846835196, -0.00245031318627, 0.00579462340102, -0.00324308127165, -0.000168263199157, 0.00261560431682, -0.00336427846923, 0.0139304064214]]
    spectral_contrast:
        mean: [3.87588698914e-08, -1.84177295637e-07, 1.16197355737e-07, 2.18154056597e-07, 5.09017297645e-07, 1.16398143746e-06, 2.89293893729e-06, -4.67896461487e-06, 1.5383070604e-06, 4.49021672466e-06, 5.90973684211e-07, 2.92527761303e-06]
        var: [0.000519653374795, 0.00121861300431, 0.00259609892964, 0.0040115560405, 0.00637681875378, 0.0267704166472, 0.0830618441105, 0.182102024555, 0.240598171949, 0.540498495102, 1.34692215919, 7.54746627808]

rhythm:
    beats_loudness:
        dmean: 0.00302488030866
        dmean2: 0.00560691906139
        dvar: 6.63608516334e-05
        dvar2: 0.000190045291674
        max: 0.033582713455
        mean: 0.00217012129724
        min: 4.39029612664e-08
        var: 4.09966742154e-05
    beats_loudness_bass:
        dmean: 0.0982716530561
        dmean2: 0.146237671375
        dvar: 0.0124095166102
        dvar2: 0.0150952646509
        max: 0.592170894146
        mean: 0.224116995931
        min: 0.000921289378311
        var: 0.0397820994258
    bpm: 122.775405884
    bpm_confidence: 0
    first_peak_bpm: 194
    first_peak_spread: 0
    first_peak_weight: 0.692307710648
    onset_rate: 3.30701875687
    second_peak_bpm: 123
    second_peak_spread: 0
    second_peak_weight: 0.269230782986
    beats_position: [0.30287399888, 0.61155295372, 0.920231938362, 1.228910923, 1.53758990765, 1.84626889229, 2.15494799614, 2.46362686157, 2.77230572701, 3.08098483086, 3.38966393471, 3.69834327698, 4.00702238083, 4.31570148468, 4.62438058853, 4.93305969238, 5.24173879623, 5.55041790009, 5.85909700394, 6.42720174789, 6.91589927673, 7.40459728241, 7.89329481125, 8.38199329376, 8.87069129944, 9.35938930511, 9.84808635712]
    bpm_estimates: [122.854614258, 122.840538025, 122.898429871, 122.508041382]
    bpm_intervals: [0.30867895484, 0.308678984642, 0.308678984642, 0.308678984642, 0.308678984642, 0.308679103851, 0.308678865433, 0.308678865433, 0.308679103851, 0.308679103851, 0.30867934227, 0.308679103851, 0.308679103851, 0.308679103851, 0.308679103851, 0.308679103851, 0.308679103851, 0.308679103851, 0.568104743958, 0.488697528839, 0.488698005676, 0.488697528839, 0.488698482513, 0.488698005676, 0.488698005676, 0.488697052002]
    onset_times: [0.0928798168898, 0.243809521198, 2.80961441994, 2.99537420273, 3.15791392326, 3.21596360207, 6.38548755646, 6.62929725647, 6.73378705978, 6.80344676971, 6.8382768631, 7.01242637634, 7.2330160141, 7.36072540283, 7.61614513397, 7.85995483398, 7.97605419159, 8.103764534, 8.2198638916, 8.34757328033, 8.47528362274, 8.59138298035, 8.71909332275, 8.84680271149, 8.96290206909, 9.0906124115, 9.2067117691, 9.33442211151, 9.46213150024, 9.57823085785, 9.70594120026, 9.82204055786, 9.94975090027]
    rubato_start: [6.91589927673]
    rubato_stop: [9.84808635712]
    perceptual_tempo: "unknown"

sfx:
    inharmonicity:
        dmean: 0.0687167868018
        dmean2: 0.121810488403
        dvar: 0.00964676588774
        dvar2: 0.0255389213562
        max: 0.458194375038
        mean: 0.0628234967589
        min: 0
        var: 0.00931670982391
    oddtoevenharmonicenergyratio:
        dmean: 1311.98571777
        dmean2: 2620.25048828
        dvar: 82503336
        dvar2: 247629392
        max: 79551.765625
        mean: 661.378173828
        min: 0
        var: 41541184
    pitch_after_max_to_before_max_energy_ratio: 1.65834224224
    pitch_centroid: 216.442749023
    pitch_max_to_total: 0.804964542389
    pitch_min_to_total: 0.319148927927
    tristimulus:
        dmean: [0.21275703609, 0.247039824724, 0.0906190797687]
        dmean2: [0.38508823514, 0.438791751862, 0.164526611567]
        dvar: [0.0625237599015, 0.0729288682342, 0.0208578035235]
        dvar2: [0.162120267749, 0.189148753881, 0.0629279240966]
        max: [1, 0.995810508728, 0.867002427578]
        mean: [0.501385748386, 0.380078345537, 0.0755324140191]
        min: [0.00219656224363, 0, 0]
        var: [0.112386621535, 0.101075723767, 0.0184191651642]

tonal:
    chords_changes_rate: 0.0349650345743
    chords_number_rate: 0.0279720276594
    chords_strength:
        dmean: 0.00456194579601
        dmean2: 0.00399878947064
        dvar: 1.33977746373e-05
        dvar2: 1.56444548338e-05
        max: 0.660413503647
        mean: 0.588656961918
        min: 0.497375428677
        var: 0.00185687036719
    key_strength: 0.816203594208
    tuning_diatonic_strength: 0.681064486504
    tuning_equal_tempered_deviation: 0.170192331076
    tuning_frequency: 436.708374023
    tuning_nontempered_energy_ratio: 0.724015116692
    hpcp:
        dmean: [0.0449895337224, 0.090673789382, 0.107389077544, 0.136187896132, 0.0974717289209, 0.0378100983799, 0.0319815762341, 0.0326641462743, 0.0372278168797, 0.0399070456624, 0.0258344933391, 0.0220996867865, 0.0343375056982, 0.057104293257, 0.10454813391, 0.112853653729, 0.110534384847, 0.0627234727144, 0.0367204993963, 0.0172973908484, 0.011503376998, 0.0251991320401, 0.0500511936843, 0.0892015770078, 0.115972548723, 0.126299872994, 0.0521098040044, 0.0361950285733, 0.0376090593636, 0.0760462582111, 0.0745415240526, 0.0427462346852, 0.0166169833392, 0.0117182778195, 0.012723647058, 0.0254689715803]
        dmean2: [0.0738006904721, 0.151010140777, 0.164527356625, 0.215471968055, 0.160817980766, 0.0655624344945, 0.0541296191514, 0.0519108958542, 0.0550297088921, 0.0559959299862, 0.03821734339, 0.0370109267533, 0.0603743493557, 0.102214723825, 0.15935318172, 0.195125713944, 0.19026774168, 0.105628401041, 0.0610970966518, 0.028474368155, 0.0191769562662, 0.044602394104, 0.0871409997344, 0.128185987473, 0.202117845416, 0.212949335575, 0.094428524375, 0.0591613426805, 0.0629426836967, 0.119348175824, 0.11373244226, 0.0659110918641, 0.0295128356665, 0.0199038852006, 0.0220367610455, 0.0444945804775]
        dvar: [0.00513136805966, 0.0248007960618, 0.0252372957766, 0.0403184890747, 0.0203133635223, 0.00743124540895, 0.0108949327841, 0.010565253906, 0.00391442421824, 0.00548947928473, 0.00314812804572, 0.00273037189618, 0.00620620278642, 0.0154599910602, 0.0209903232753, 0.0379688218236, 0.0285632610321, 0.0223110318184, 0.00974531471729, 0.00160456355661, 0.00079075578833, 0.00314469612204, 0.00824773404747, 0.0193720124662, 0.0460106953979, 0.0337011441588, 0.00969453901052, 0.00681266654283, 0.00589682301506, 0.01609031111, 0.0212873481214, 0.00418585771695, 0.000865252979565, 0.000675284012686, 0.000759228772949, 0.00216271914542]
        dvar2: [0.0147739388049, 0.0728104263544, 0.0555225051939, 0.083272986114, 0.0440693199635, 0.0183142963797, 0.0296455547214, 0.0277524609119, 0.00972247030586, 0.0113506456837, 0.00665594171733, 0.00653604371473, 0.0153729235753, 0.038039740175, 0.0482178665698, 0.0792841911316, 0.0734910592437, 0.0532507933676, 0.0233707707375, 0.00417907489464, 0.00201802700758, 0.00878026150167, 0.0225707180798, 0.0421340279281, 0.119197048247, 0.095034211874, 0.0303967278451, 0.0164077095687, 0.0130546567962, 0.0291634052992, 0.0372203215957, 0.00907701067626, 0.0022503931541, 0.00168471306097, 0.00194694870152, 0.00596405658871]
        max: [0.606910467148, 1, 1, 1, 0.992598950863, 0.517485618591, 0.739223241806, 0.755288362503, 0.442546665668, 0.7991091609, 0.365618944168, 0.314392209053, 0.547235846519, 0.79845058918, 1, 1, 1, 1, 0.699909865856, 0.294008642435, 0.256919324398, 0.275157779455, 0.404704004526, 0.99091476202, 1, 1, 0.61326944828, 0.610338747501, 0.531586229801, 0.954070329666, 1, 0.693426907063, 0.145964831114, 0.177649572492, 0.180472493172, 0.282496869564]
        mean: [0.078626036644, 0.18709371984, 0.407386064529, 0.415034413338, 0.17541718483, 0.0490505248308, 0.033621840179, 0.0346785373986, 0.0546002276242, 0.058371309191, 0.0339580029249, 0.0237467791885, 0.0307052694261, 0.0517937801778, 0.227042138577, 0.337815374136, 0.180762037635, 0.0584686510265, 0.0341314636171, 0.0177026093006, 0.0136121083051, 0.0207443665713, 0.0494940280914, 0.319820165634, 0.486471176147, 0.244794517756, 0.0645574852824, 0.0361152477562, 0.0450491458178, 0.230381652713, 0.308481186628, 0.119653195143, 0.019757239148, 0.0157810207456, 0.0176191274077, 0.0402459725738]
        min: [4.65456969323e-06, 1.6734871906e-06, 0, 0, 0, 0, 3.37457777277e-07, 0, 0, 0, 0, 0, 0, 1.7513308137e-07, 9.95372101897e-06, 7.82295410318e-06, 5.09362826051e-06, 0, 0, 0, 0, 0, 0, 0, 0, 0, 6.30191607343e-07, 0, 8.98962468909e-07, 9.89012391983e-07, 2.90843217954e-06, 8.75645400811e-06, 0, 0, 0, 2.72943680102e-06]
        var: [0.0142063647509, 0.0870615392923, 0.134962037206, 0.14164146781, 0.0428799763322, 0.0111600002274, 0.00935919955373, 0.0101619819179, 0.00831953622401, 0.0117753492668, 0.00490514235571, 0.00363626214676, 0.00644115172327, 0.014469685033, 0.0825498253107, 0.168170288205, 0.0495267510414, 0.0203991681337, 0.00912241078913, 0.00199424941093, 0.00110129872337, 0.00247342279181, 0.00707745552063, 0.104727655649, 0.201142653823, 0.061580311507, 0.0142756327987, 0.00743573112413, 0.00689766183496, 0.0855718627572, 0.161475732923, 0.0227886009961, 0.00128116307314, 0.00117831444368, 0.00143993250094, 0.00377617427148]
    chords_histogram: [58.7412605286, 5.59440565109, 0, 0, 0, 0, 6.99300718307, 0, 0, 0, 0, 0, 0, 0, 0, 0, 0, 0, 0, 0, 0, 0, 0, 28.6713294983]
    thpcp: [1, 0.503204584122, 0.132705673575, 0.0742392316461, 0.0926039367914, 0.473577201366, 0.634120166302, 0.245961531997, 0.0406133793294, 0.0324397869408, 0.0362182334065, 0.082730434835, 0.161625266075, 0.384593635798, 0.837431013584, 0.853153169155, 0.360591113567, 0.100829251111, 0.0691137388349, 0.0712859034538, 0.112237334251, 0.11998924613, 0.0698047578335, 0.0488143600523, 0.0631183758378, 0.106468342245, 0.466712415218, 0.694420099258, 0.371578097343, 0.120189346373, 0.0701613277197, 0.0363898426294, 0.027981325984, 0.0426425412297, 0.101740926504, 0.65742880106]
    chords_key: "A#"
    chords_scale: "major"
    key_key: "A#"
    key_scale: "major"
    chords_progression: ["A#", "A#", "A#", "A#", "A#", "A#", "A#", "A#", "A#", "A#", "A#", "A#", "A#", "Gm", "Gm", "Gm", "Gm", "Gm", "Gm", "Gm", "Gm", "Gm", "Gm", "Gm", "Gm", "Gm", "Gm", "Gm", "Gm", "Gm", "Gm", "Gm", "Gm", "Gm", "Gm", "Gm", "G", "G", "G", "G", "G", "G", "G", "G", "G", "G", "Gm", "Gm", "Gm", "Gm", "Gm", "Gm", "Gm", "Gm", "Gm", "Gm", "Gm", "Gm", "Gm", "Gm", "Gm", "Gm", "Gm", "Gm", "A#", "A#", "A#", "A#", "A#", "A#", "A#", "A#", "A#", "A#", "A#", "A#", "A#", "A#", "A#", "A#", "A#", "A#", "A#", "A#", "A#", "A#", "A#", "A#", "A#", "A#", "A#", "A#", "A#", "A#", "A#", "A#", "A#", "A#", "A#", "A#", "A#", "A#", "A#", "A#", "A#", "A#", "A#", "A#", "A#", "A#", "A#", "A#", "A#", "A#", "A#", "A#", "A#", "A#", "A#", "A#", "A#", "A#", "A#", "A#", "A#", "A#", "A#", "A#", "A#", "A#", "A#", "A#", "A#", "A#", "A#", "Dm", "Dm", "Dm", "Dm", "Dm", "Dm", "Dm", "Dm"]
