
metadata:
    version:
        essentia: "1.2.2"
    audio_properties:
        analysis_sample_rate: 44100
        bitrate: 128
        channels: 2
        equal_loudness: 1
        length: 10.0048980713
        replay_gain: -11.8395614624
        downmix: "mix"
    tags:
        track: 33
        year: 0
        album: "Splitted by Mp3Splt v. 2.1"
        artist: "From 005.20 To 005.30"
        comment: "http://mp3splt.sf.net"
        genre: ""
        title: "02 Isolation.mp3"

highlevel:
    ballroom:
        all:
            ChaChaCha: 0.24118129909
            Jive: 0.110011219978
            Quickstep: 0.037778083235
            Rumba-American: 0.00744439149275
            Rumba-International: 0.125397995114
            Rumba-Misc: 0.0236822273582
            Samba: 0.404459804296
            Tango: 0.0217176191509
            VienneseWaltz: 0.0129462964833
            Waltz: 0.0153810512275
        probability: 0.404459804296
        value: "Samba"
    culture:
        all:
            non_western: 0.228745684028
            western: 0.771254301071
        probability: 0.771254301071
        value: "western"
    gender:
        all:
            female: 0.51898419857
            male: 0.48101580143
        probability: 0.51898419857
        value: "female"
    genre_dortmund:
        all:
            alternative: 0.0106868138537
            blues: 0.00317247328348
            electronic: 0.918267428875
            folkcountry: 0.00107592833228
            funksoulrnb: 0.00233689229935
            jazz: 0.00540179479867
            pop: 0.00148987025023
            raphiphop: 0.00510963238776
            rock: 0.0524591580033
        probability: 0.918267428875
        value: "electronic"
    genre_electronica:
        all:
            ambient: 0.408219963312
            dnb: 0.288264304399
            house: 0.0562524683774
            techno: 0.228751644492
            trance: 0.0185116045177
        probability: 0.408219963312
        value: "ambient"
    genre_rosamerica:
        all:
            cla: 0.100539907813
            dan: 0.031624622643
            hip: 0.346397906542
            jaz: 0.00534104602411
            pop: 0.0350382179022
            rhy: 0.0104892523959
            roc: 0.458459228277
            spe: 0.0121098281816
        probability: 0.458459228277
        value: "roc"
    genre_tzanetakis:
        all:
            blu: 0.0137349097058
            cla: 0.0531105548143
            cou: 0.015039733611
            dis: 0.136107429862
            hip: 0.116746790707
            jaz: 0.0119044901803
            met: 0.09563370049
            pop: 0.0976025387645
            reg: 0.386003434658
            roc: 0.0741164162755
        probability: 0.386003434658
        value: "reg"
    live_studio:
        all:
            live: 0.263329416513
            studio: 0.736670553684
        probability: 0.736670553684
        value: "studio"
    mood:
        all:
            Cluster1: 0.114835381508
            Cluster2: 0.00512049486861
            Cluster3: 0.00225979927927
            Cluster4: 0.00297645572573
            Cluster5: 0.87480789423
        probability: 0.87480789423
        value: "Cluster5"
    mood_acoustic:
        all:
            acoustic: 0.0593038275838
            not_acoustic: 0.940696179867
        probability: 0.940696179867
        value: "not_acoustic"
    mood_aggressive:
        all:
            aggressive: 0.988289237022
            not_aggressive: 0.0117107629776
        probability: 0.988289237022
        value: "aggressive"
    mood_electronic:
        all:
            electronic: 0.937626540661
            not_electronic: 0.0623734407127
        probability: 0.937626540661
        value: "electronic"
    mood_happy:
        all:
            happy: 0.0210806075484
            not_happy: 0.978919386864
        probability: 0.978919386864
        value: "not_happy"
    mood_party:
        all:
            not_party: 0.156567111611
            party: 0.84343290329
        probability: 0.84343290329
        value: "party"
    mood_relaxed:
        all:
            not_relaxed: 0.451965689659
            relaxed: 0.548034310341
        probability: 0.548034310341
        value: "relaxed"
    mood_sad:
        all:
            not_sad: 0.992084562778
            sad: 0.00791543908417
        probability: 0.992084562778
        value: "not_sad"
    rhythm:
        all:
            fast: 0.397202283144
            medium: 0.357870787382
            slow: 0.244926929474
        probability: 0.397202283144
        value: "fast"
    speech_music:
        all:
            music: 0.993081271648
            speech: 0.00691872602329
        probability: 0.993081271648
        value: "music"
    timbre:
        all:
            bright: 0.0574202910066
            dark: 0.942579686642
        probability: 0.942579686642
        value: "dark"
    voice_instrumental:
        all:
            instrumental: 0.956918597221
            voice: 0.0430814176798
        probability: 0.956918597221
        value: "instrumental"

lowlevel:
    average_loudness: 0.367059618235
    barkbands_kurtosis:
        dmean: 1.74204492569
        dmean2: 2.27418327332
        dvar: 12.6525096893
        dvar2: 17.2623558044
        max: 95.8750457764
        mean: 3.57199954987
        min: -1.83617007732
        var: 145.857910156
    barkbands_skewness:
        dmean: 0.384036064148
        dmean2: 0.538977205753
        dvar: 0.128210604191
        dvar2: 0.25810277462
        max: 7.1257724762
        mean: -0.305299669504
        min: -2.78121495247
        var: 2.46360254288
    barkbands_spread:
        dmean: 4.29759693146
        dmean2: 6.27432584763
        dvar: 25.5812568665
        dvar2: 47.8337898254
        max: 58.1889877319
        mean: 21.0974121094
        min: 1.33795535564
        var: 162.091293335
    dissonance:
        dmean: 0.0161295663565
        dmean2: 0.025302240625
        dvar: 0.00044413638534
        dvar2: 0.000948709668592
        max: 0.499995797873
        mean: 0.476018816233
        min: 0.337350338697
        var: 0.000893342134077
    hfc:
        dmean: 1.20132672787
        dmean2: 1.78589653969
        dvar: 5.83676528931
        dvar2: 14.3161268234
        max: 32.539390564
        mean: 4.4399766922
        min: 0.0024071673397
        var: 51.9144477844
    pitch:
        dmean: 808.245483398
        dmean2: 1545.15539551
        dvar: 1225247.25
        dvar2: 3363952
        max: 3675
        mean: 1168.35632324
        min: 53.3252716064
        var: 1770898.625
    pitch_instantaneous_confidence:
        dmean: 0.077186152339
        dmean2: 0.128872931004
        dvar: 0.00358017720282
        dvar2: 0.00948417279869
        max: 0.699590861797
        mean: 0.331935018301
        min: 0.150350213051
        var: 0.00842423737049
    pitch_salience:
        dmean: 0.0456524714828
        dmean2: 0.0738155692816
        dvar: 0.001588645624
        dvar2: 0.00404767366126
        max: 0.833111643791
        mean: 0.679710268974
        min: 0.302295595407
        var: 0.00951943267137
    silence_rate_20dB:
        dmean: 0
        dmean2: 0
        dvar: 0
        dvar2: 0
        max: 1
        mean: 1
        min: 1
        var: 0
    silence_rate_30dB:
        dmean: 0
        dmean2: 0
        dvar: 0
        dvar2: 0
        max: 1
        mean: 1
        min: 1
        var: 0
    silence_rate_60dB:
        dmean: 0.0112994350493
        dmean2: 0.0226628892124
        dvar: 0.0111718224362
        dvar2: 0.0221492387354
        max: 1
        mean: 0.839436590672
        min: 0
        var: 0.134782254696
    spectral_centroid:
        dmean: 152.595535278
        dmean2: 222.294784546
        dvar: 32616.0039062
        dvar2: 60715.1796875
        max: 3114.41650391
        mean: 1545.15002441
        min: 58.4112281799
        var: 818883.5625
    spectral_complexity:
        dmean: 2.02898550034
        dmean2: 3.08727264404
        dvar: 9.70202636719
        dvar2: 21.1414928436
        max: 42
        mean: 7.18772554398
        min: 0
        var: 116.499259949
    spectral_crest:
        dmean: 1.50865852833
        dmean2: 2.54810714722
        dvar: 1.91279649734
        dvar2: 5.38527441025
        max: 16.7108631134
        mean: 6.51079368591
        min: 3.01434612274
        var: 5.67526197433
    spectral_decrease:
        dmean: 1.21802762321e-10
        dmean2: 1.89192550515e-10
        dvar: 5.32718111598e-20
        dvar2: 1.32065860067e-19
        max: -7.33171607193e-13
        mean: -4.16439049911e-10
        min: -2.86123191806e-09
        var: 3.72525571001e-19
    spectral_energy:
        dmean: 0.000560696062166
        dmean2: 0.000861647364218
        dvar: 1.14690487862e-06
        dvar2: 2.85245869236e-06
        max: 0.0137503612787
        mean: 0.00197445345111
        min: 3.06583342535e-06
        var: 8.66926529852e-06
    spectral_energyband_high:
        dmean: 4.41830125055e-05
        dmean2: 6.57587515889e-05
        dvar: 8.91956464244e-09
        dvar2: 1.87988895561e-08
        max: 0.00156464392785
        mean: 0.000155808593263
        min: 7.21277526594e-09
        var: 8.25525106052e-08
    spectral_energyband_low:
        dmean: 4.60774754174e-05
        dmean2: 7.29114253772e-05
        dvar: 1.64644795575e-08
        dvar2: 3.90081176249e-08
        max: 0.00137923844159
        mean: 8.58934945427e-05
        min: 4.79945683196e-09
        var: 2.19463753837e-08
    spectral_energyband_middle_high:
        dmean: 0.00044487483683
        dmean2: 0.00067998864688
        dvar: 8.1390021478e-07
        dvar2: 2.11313772525e-06
        max: 0.0133219733834
        mean: 0.00145843008067
        min: 5.17655074361e-08
        var: 5.68043287785e-06
    spectral_energyband_middle_low:
        dmean: 0.000163909018738
        dmean2: 0.000264605216216
        dvar: 1.93497641021e-07
        dvar2: 4.66787668074e-07
        max: 0.00377006153576
        mean: 0.000273037992883
        min: 1.42200207165e-07
        var: 2.99486202948e-07
    spectral_flatness_db:
        dmean: 0.0135785061866
        dmean2: 0.0214880760759
        dvar: 0.00017789247795
        dvar2: 0.000405847356888
        max: 0.348589748144
        mean: 0.196548044682
        min: 0.130748689175
        var: 0.00245833583176
    spectral_flux:
        dmean: 0.00337862689048
        dmean2: 0.00506683252752
        dvar: 2.5410865419e-05
        dvar2: 5.70115043956e-05
        max: 0.0794352218509
        mean: 0.0209743231535
        min: 0.00081480742665
        var: 0.000373695133021
    spectral_kurtosis:
        dmean: 3.61887860298
        dmean2: 6.37485027313
        dvar: 12.3918781281
        dvar2: 38.4363136292
        max: 38.4721565247
        mean: 12.5963287354
        min: 0.871386528015
        var: 88.913848877
    spectral_rms:
        dmean: 0.000154279681738
        dmean2: 0.000221579510253
        dvar: 4.68741170323e-08
        dvar2: 9.74601448434e-08
        max: 0.00366264744662
        mean: 0.00107440119609
        min: 5.46905575902e-05
        var: 7.71959378199e-07
    spectral_rolloff:
        dmean: 180.457626343
        dmean2: 310.704437256
        dvar: 46631.703125
        dvar2: 99506.09375
        max: 4392.7734375
        mean: 2389.95214844
        min: 86.1328125
        var: 1631756.625
    spectral_skewness:
        dmean: 0.287793040276
        dmean2: 0.493866175413
        dvar: 0.0582579262555
        dvar2: 0.177791237831
        max: 5.29403829575
        mean: 2.1672744751
        min: 0.494112223387
        var: 1.5543192625
    spectral_spread:
        dmean: 246983.1875
        dmean2: 385174.09375
        dvar: 68393725952
        dvar2: 155769536512
        max: 5496935
        mean: 2529265.5
        min: 1283922
        var: 761248743424
    spectral_strongpeak:
        dmean: 0.311213433743
        dmean2: 0.558408141136
        dvar: 0.284236073494
        dvar2: 0.769527852535
        max: 7.008705616
        mean: 0.551389992237
        min: 0
        var: 0.867310762405
    zerocrossingrate:
        dmean: 0.00524725439027
        dmean2: 0.00640269881114
        dvar: 4.36532536696e-05
        dvar2: 5.95435158175e-05
        max: 0.15673828125
        mean: 0.0782748311758
        min: 0.00244140625
        var: 0.00201678858139
    barkbands:
        dmean: [2.2860253921e-06, 2.45487553912e-05, 2.98794766422e-05, 4.88964105898e-05, 9.48197339312e-05, 2.9148068279e-05, 2.19581779675e-05, 9.52000573307e-06, 1.29181235025e-05, 9.83824156719e-06, 1.8562812329e-05, 1.88513549801e-05, 2.59598837147e-05, 3.06974543491e-05, 0.000108803840703, 9.21800092328e-05, 0.000211349411984, 8.28096162877e-05, 0.000113475543913, 5.71385280637e-05, 2.6451807571e-05, 4.16403781855e-06, 6.62758623093e-07, 9.34177748491e-08, 3.87788290368e-08, 1.70889613571e-09, 1.01013641896e-10]
        dmean2: [3.65986625184e-06, 3.76715979655e-05, 5.19877648912e-05, 8.34705133457e-05, 0.000155166126206, 4.39958348579e-05, 3.6533063394e-05, 1.54003628268e-05, 2.03401796171e-05, 1.63072872965e-05, 2.93629236694e-05, 3.13674136123e-05, 4.05502323702e-05, 5.34185310244e-05, 0.000175827692146, 0.00016243592836, 0.000332659110427, 0.000129026608192, 0.000193194500753, 8.56842452777e-05, 4.34750945715e-05, 6.39646032141e-06, 1.02380977296e-06, 1.41804065379e-07, 5.85843444867e-08, 2.71681721564e-09, 1.90097590447e-10]
        dvar: [9.25787398132e-12, 6.74619426988e-09, 8.68622418437e-09, 2.63647184084e-08, 5.68558142788e-08, 8.00696220438e-09, 4.61100846394e-09, 3.74605263476e-10, 5.71418357076e-10, 3.17178172615e-10, 8.56617055067e-10, 6.80744793868e-10, 1.32542787856e-09, 2.30022645376e-09, 7.99206958391e-08, 4.36107470136e-08, 4.36960647221e-07, 3.09879197857e-08, 6.52676845903e-08, 1.43440379574e-08, 4.20750456698e-09, 8.59724097468e-11, 2.74174346421e-12, 5.18108640843e-14, 1.22506121052e-14, 5.68279235048e-17, 8.01410317557e-20]
        dvar2: [2.19492930775e-11, 1.43378313666e-08, 2.46013307503e-08, 7.46849337929e-08, 1.48681536416e-07, 1.65191451629e-08, 1.20005925197e-08, 9.14503861527e-10, 1.69344016587e-09, 8.7368862145e-10, 2.21140306067e-09, 1.85851167789e-09, 3.68611963175e-09, 6.36766861462e-09, 1.91740156197e-07, 1.23357210668e-07, 1.16160890684e-06, 7.67714709582e-08, 1.82392412285e-07, 3.25881757135e-08, 9.47554568143e-09, 2.02957539663e-10, 5.56344467023e-12, 1.31655117038e-13, 2.80641361658e-14, 1.55465869742e-16, 2.58246485173e-19]
        max: [6.85493942001e-05, 0.00113205588423, 0.00110484915785, 0.00149971130304, 0.00210585840978, 0.000875660974998, 0.000814263010398, 0.000208180659683, 0.000250875425991, 0.000192534454982, 0.000220595175051, 0.000221101450734, 0.000388687243685, 0.000469170685392, 0.00423064967617, 0.00173075823113, 0.00823084264994, 0.00201769336127, 0.00309339049272, 0.0019868472591, 0.000839599466417, 0.000160051771672, 2.64764912572e-05, 2.88097135126e-06, 1.4095746792e-06, 9.24002847569e-08, 2.47178078006e-09]
        mean: [1.22398387248e-05, 4.42473647126e-05, 3.06917718262e-05, 4.68171565444e-05, 0.000123932593851, 3.70160996681e-05, 2.95726076729e-05, 1.36633389047e-05, 2.00844442588e-05, 1.67556427186e-05, 3.20762701449e-05, 3.66453532479e-05, 5.10203026352e-05, 5.59310319659e-05, 0.000224503470236, 0.000172522486537, 0.000337913690601, 0.000188466627151, 0.000254487822531, 0.000157310365466, 7.4387913628e-05, 1.19666610772e-05, 1.87534180895e-06, 2.4602996973e-07, 7.92383119119e-08, 2.9406814761e-09, 8.43918337989e-11]
        min: [2.58008111403e-11, 2.27636354211e-09, 2.27477547909e-09, 1.10885278737e-09, 1.27256933879e-08, 7.08398006921e-10, 7.39819983053e-09, 3.27528582034e-09, 5.04370589738e-09, 2.05473837944e-09, 1.52348278437e-09, 1.51867030063e-09, 1.30084376604e-09, 2.36094899186e-09, 2.15728035435e-09, 2.69196087643e-09, 5.78544057106e-09, 4.74700190267e-09, 5.09955544459e-09, 6.29265572982e-09, 2.42460029831e-09, 6.63989307981e-10, 1.10636375061e-10, 5.95643673273e-11, 5.16617790214e-11, 4.26501368944e-12, 1.81537320983e-14]
        var: [1.77960479686e-10, 9.34606170233e-09, 8.21605716794e-09, 2.40321877953e-08, 7.76116451107e-08, 1.0050615451e-08, 4.20390744438e-09, 6.58427867783e-10, 8.8914425822e-10, 6.0337373986e-10, 1.86312010264e-09, 1.75802739033e-09, 4.60385640721e-09, 5.87194026735e-09, 3.3725214621e-07, 9.83636283536e-08, 7.2955737096e-07, 1.12915429895e-07, 2.23878146244e-07, 8.24178130188e-08, 2.13673310157e-08, 5.69292002428e-10, 1.60210022332e-11, 2.67500838104e-13, 3.49110965017e-14, 6.90769463644e-17, 6.15104492815e-20]
    mfcc:
        mean: [-864.059204102, 148.167495728, -78.8092269897, 53.0102500916, 1.98653459549, 12.0417795181, 1.07476556301, -2.56504774094, -0.303057551384, -2.4061229229, -3.1099216938, -1.73721528053, 0.819071352482]
        cov: [[19344.0917969, -4777.01123047, -3973.66308594, 1203.67700195, -1600.45739746, -613.363464355, -781.740966797, 125.75087738, -80.4089584351, -190.040664673, -551.817871094, -287.281494141, -158.853042603], [-4777.01123047, 3654.02880859, 906.200378418, -930.841918945, 682.515930176, 237.724639893, 391.663635254, -177.458129883, -80.9657821655, 8.85318660736, 270.55670166, 92.1049346924, 11.6862277985], [-3973.66308594, 906.200378418, 2314.66455078, 262.049621582, 434.896759033, 76.2302474976, 131.738967896, -70.6189575195, 6.91044807434, -30.1178245544, 65.8277816772, 12.6907720566, 1.12618887424], [1203.67700195, -930.841918945, 262.049621582, 620.547424316, -84.5019302368, -45.7922897339, -81.4066238403, 38.5801582336, 25.5966186523, -9.64787006378, -66.3984222412, -24.116645813, -25.6404800415], [-1600.45739746, 682.515930176, 434.896759033, -84.5019302368, 413.806213379, 147.638183594, 110.988670349, -23.391368866, 24.53216362, 60.9123916626, 80.1147918701, 58.8244514465, 42.0548248291], [-613.363464355, 237.724639893, 76.2302474976, -45.7922897339, 147.638183594, 122.219696045, 74.8716659546, 12.2144298553, 9.96791553497, 37.614112854, 40.3662071228, 35.4561729431, 26.7490882874], [-781.740966797, 391.663635254, 131.738967896, -81.4066238403, 110.988670349, 74.8716659546, 100.667480469, 3.98124504089, 3.00019669533, 19.0519886017, 48.6095962524, 25.31508255, 11.2040729523], [125.75087738, -177.458129883, -70.6189575195, 38.5801582336, -23.391368866, 12.2144298553, 3.98124504089, 53.3112983704, 19.1948986053, 15.3646345139, -2.74733352661, 3.45056033134, 6.08466815948], [-80.4089584351, -80.9657821655, 6.91044807434, 25.5966186523, 24.53216362, 9.96791553497, 3.00019669533, 19.1948986053, 47.4271583557, 26.387348175, 8.24409866333, 11.1605901718, 8.56489658356], [-190.040664673, 8.85318660736, -30.1178245544, -9.64787006378, 60.9123916626, 37.614112854, 19.0519886017, 15.3646345139, 26.387348175, 58.0301094055, 28.1387825012, 23.7616901398, 14.4959688187], [-551.817871094, 270.55670166, 65.8277816772, -66.3984222412, 80.1147918701, 40.3662071228, 48.6095962524, -2.74733352661, 8.24409866333, 28.1387825012, 65.479888916, 31.0147686005, 14.6616420746], [-287.281494141, 92.1049346924, 12.6907720566, -24.116645813, 58.8244514465, 35.4561729431, 25.31508255, 3.45056033134, 11.1605901718, 23.7616901398, 31.0147686005, 48.1905326843, 25.5901241302], [-158.853042603, 11.6862277985, 1.12618887424, -25.6404800415, 42.0548248291, 26.7490882874, 11.2040729523, 6.08466815948, 8.56489658356, 14.4959688187, 14.6616420746, 25.5901241302, 46.8777160645]]
        icov: [[0.000166313198861, -6.27038098173e-05, 0.000307063892251, -0.000450490129879, 0.000132696397486, 1.52054499267e-05, 0.000397133058868, 0.000118485921121, 0.000109691929538, 6.99081501807e-05, 0.000311245385092, 0.000256194529356, -0.000191444516531], [-6.27038098173e-05, 0.00153447466437, -0.000356206553988, 0.00173046963755, -0.00139210862108, 0.000913757423405, -0.00319919153117, 0.00192536308896, 0.00094479607651, 0.00132500543259, -0.00214459071867, -0.000234811668633, 0.00181882944889], [0.000307063892251, -0.000356206553988, 0.00138324592263, -0.00168023747392, -0.000580056395847, 0.000740329036489, 9.81138218776e-05, 0.000511643185746, -0.000268133706413, 0.00116902624723, 0.000381200923584, 0.00105989421718, -0.000825169146992], [-0.000450490129879, 0.00173046963755, -0.00168023747392, 0.00536913983524, -0.00123838731088, -5.28814925929e-05, -0.00176218210254, -0.000259291293332, 3.55870156454e-07, 0.000689391279593, -0.00118223472964, -0.0019990936853, 0.00386292976327], [0.000132696397486, -0.00139210862108, -0.000580056395847, -0.00123838731088, 0.00840447749943, -0.00696412101388, 0.00262962281704, 0.00297725689597, -0.00289267743938, -0.00433988543227, 0.00140203058254, -0.000332544994308, -0.0028340711724], [1.52054499267e-05, 0.000913757423405, 0.000740329036489, -5.28814925929e-05, -0.00696412101388, 0.026042278856, -0.0155417332426, -0.00366397434846, 0.00583084207028, -0.00528605468571, 0.00316643458791, -0.00310064153746, -0.00337374629453], [0.000397133058868, -0.00319919153117, 9.81138218776e-05, -0.00176218210254, 0.00262962281704, -0.0155417332426, 0.0357971861959, -0.00922733265907, -0.00140030495822, 0.00335191329941, -0.00775854289532, 0.000382597791031, 0.00176533579361], [0.000118485921121, 0.00192536308896, 0.000511643185746, -0.000259291293332, 0.00297725689597, -0.00366397434846, -0.00922733265907, 0.0326264835894, -0.00848339498043, -0.00304601225071, 0.000825759489089, 0.00224324828014, -0.00183324411046], [0.000109691929538, 0.00094479607651, -0.000268133706413, 3.55870156454e-07, -0.00289267743938, 0.00583084207028, -0.00140030495822, -0.00848339498043, 0.0343023985624, -0.012670067139, 0.000103868449514, -0.00203560316004, -0.000424064230174], [6.99081501807e-05, 0.00132500543259, 0.00116902624723, 0.000689391279593, -0.00433988543227, -0.00528605468571, 0.00335191329941, -0.00304601225071, -0.012670067139, 0.0386036671698, -0.0134089719504, -0.00367780891247, 0.0033385399729], [0.000311245385092, -0.00214459071867, 0.000381200923584, -0.00118223472964, 0.00140203058254, 0.00316643458791, -0.00775854289532, 0.000825759489089, 0.000103868449514, -0.0134089719504, 0.0394190102816, -0.0126531338319, -0.00167803093791], [0.000256194529356, -0.000234811668633, 0.00105989421718, -0.0019990936853, -0.000332544994308, -0.00310064153746, 0.000382597791031, 0.00224324828014, -0.00203560316004, -0.00367780891247, -0.0126531338319, 0.0429585203528, -0.0164912398905], [-0.000191444516531, 0.00181882944889, -0.000825169146992, 0.00386292976327, -0.0028340711724, -0.00337374629453, 0.00176533579361, -0.00183324411046, -0.000424064230174, 0.0033385399729, -0.00167803093791, -0.0164912398905, 0.035218629986]]
    spectral_contrast:
        mean: [7.95584810476e-07, 3.90267871353e-07, -3.23185730622e-07, -1.05316779297e-07, -1.18012351891e-07, -2.9096264953e-08, 7.52051363406e-08, 3.31483602167e-06, 1.24879261421e-06, -6.25310804026e-07, 1.83870645287e-06, -1.49936886373e-06]
        var: [0.000268079224043, 0.000420784635935, 0.000719429168385, 0.00147884711623, 0.00156415998936, 0.00336083793081, 0.0695444270968, 0.103797517717, 0.20989908278, 0.882439374924, 1.5582947731, 8.23805332184]

rhythm:
    beats_loudness:
        dmean: 0.00231507164426
        dmean2: 0.00396076124161
        dvar: 1.09374377644e-05
        dvar2: 2.86329741357e-05
        max: 0.0104116685688
        mean: 0.00184333429206
        min: 1.93351978872e-09
        var: 9.38180255616e-06
    beats_loudness_bass:
        dmean: 0.140709280968
        dmean2: 0.194466516376
        dvar: 0.0160633027554
        dvar2: 0.0338598228991
        max: 0.788049638271
        mean: 0.222000539303
        min: 0.0205003134906
        var: 0.0370470993221
    bpm: 187.386856079
    bpm_confidence: 0
    first_peak_bpm: 118
    first_peak_spread: 0
    first_peak_weight: 0.529411792755
    onset_rate: 1.29936361313
    second_peak_bpm: 187
    second_peak_spread: 0
    second_peak_weight: 0.411764711142
    beats_position: [1.24003851414, 1.75006759167, 2.26009678841, 2.77012610435, 3.28015518188, 3.79018425941, 4.30021333694, 4.81024217606, 5.320271492, 5.83030033112, 6.10934877396, 6.42954206467, 6.74973535538, 7.06992912292, 7.39012336731, 7.71031665802, 8.03050994873, 8.35070323944]
    bpm_estimates: [187.455978394, 187.139205933, 187.565414429]
    bpm_intervals: [0.51002907753, 0.510029196739, 0.510029315948, 0.51002907753, 0.51002907753, 0.51002907753, 0.510028839111, 0.510029315948, 0.510028839111, 0.279048442841, 0.32019329071, 0.32019329071, 0.320193767548, 0.320194244385, 0.32019329071, 0.32019329071, 0.32019329071]
    onset_times: [1.24226760864, 1.75310659409, 1.84598636627, 2.2523355484, 2.40326523781, 2.61224484444, 4.12154197693, 4.63238096237, 4.73687076569, 6.57124710083, 6.66412687302, 7.24462604523, 7.67419481277]
    rubato_start: [6.42954206467]
    rubato_stop: [8.35070323944]
    perceptual_tempo: "unknown"

sfx:
    inharmonicity:
        dmean: 0.0547488518059
        dmean2: 0.0964193344116
        dvar: 0.00392658216879
        dvar2: 0.0110261086375
        max: 0.412455379963
        mean: 0.0629963427782
        min: 0
        var: 0.00475182710215
    oddtoevenharmonicenergyratio:
        dmean: 2.8520462513
        dmean2: 5.2301440239
        dvar: 95.8654937744
        dvar2: 271.831878662
        max: 93.2277526855
        mean: 2.08482646942
        min: 0
        var: 59.3333511353
    pitch_after_max_to_before_max_energy_ratio: 64.3184051514
    pitch_centroid: 93.8443527222
    pitch_max_to_total: 0
    pitch_min_to_total: 0.501805067062
    tristimulus:
        dmean: [0.149511128664, 0.239493027329, 0.110910698771]
        dmean2: [0.255506426096, 0.411521375179, 0.193510591984]
        dvar: [0.0234527550638, 0.0523997321725, 0.0167675744742]
        dvar2: [0.0583609230816, 0.143818572164, 0.0455711111426]
        max: [1, 0.9700294137, 0.597323596478]
        mean: [0.369242757559, 0.462192684412, 0.104526661336]
        min: [0.00688946433365, 0, 0]
        var: [0.0757509246469, 0.0816776677966, 0.0209070313722]

tonal:
    chords_changes_rate: 0.0287769790739
    chords_number_rate: 0.035971224308
    chords_strength:
        dmean: 0.00858252122998
        dmean2: 0.00943032559007
        dvar: 7.55826476961e-05
        dvar2: 0.000119395692309
        max: 0.670713067055
        mean: 0.522704958916
        min: 0.305274903774
        var: 0.0130092911422
    key_strength: 0.692629992962
    tuning_diatonic_strength: 0.533927321434
    tuning_equal_tempered_deviation: 0.165086016059
    tuning_frequency: 434.695007324
    tuning_nontempered_energy_ratio: 0.787050247192
    hpcp:
        dmean: [0.159687489271, 0.139768123627, 0.114761210978, 0.138365387917, 0.169807061553, 0.165093079209, 0.161949828267, 0.14380684495, 0.121731244028, 0.150794476271, 0.164089277387, 0.160305172205, 0.180148124695, 0.171709686518, 0.137871146202, 0.157243415713, 0.153423294425, 0.11728054285, 0.151495724916, 0.187596395612, 0.152078598738, 0.135999396443, 0.133613556623, 0.166225895286, 0.154934793711, 0.140652939677, 0.15800306201, 0.14513592422, 0.111317381263, 0.119813114405, 0.108136989176, 0.111744962633, 0.163040354848, 0.25007557869, 0.197649538517, 0.193367481232]
        dmean2: [0.26348221302, 0.227186888456, 0.194352149963, 0.23406611383, 0.290980309248, 0.277423083782, 0.278190821409, 0.240654736757, 0.209511756897, 0.253703594208, 0.272549569607, 0.265649646521, 0.319576144218, 0.296052932739, 0.225787892938, 0.262700527906, 0.261674761772, 0.196604803205, 0.260445058346, 0.332806378603, 0.269190430641, 0.230883866549, 0.236122488976, 0.293617159128, 0.254211068153, 0.227366611362, 0.258790075779, 0.238386839628, 0.178779363632, 0.194411769509, 0.183352530003, 0.175617530942, 0.267548084259, 0.398356318474, 0.325613379478, 0.341162264347]
        dvar: [0.0297123380005, 0.0233142003417, 0.0200991611928, 0.0277156941593, 0.0285540688783, 0.0306008346379, 0.0247025955468, 0.0307550989091, 0.0154716987163, 0.0281067378819, 0.0276311878115, 0.0218443330377, 0.0343752279878, 0.0257822033018, 0.018203953281, 0.0288299247622, 0.0338208414614, 0.0149878691882, 0.026347361505, 0.0372223854065, 0.0300115887076, 0.0219776704907, 0.0222210548818, 0.0275914035738, 0.0222806427628, 0.0152748618275, 0.0318503379822, 0.0262243449688, 0.0136219607666, 0.0152755910531, 0.0147822871804, 0.014667134732, 0.0190872419626, 0.0381689183414, 0.0249109808356, 0.0372396856546]
        dvar2: [0.0762650519609, 0.0584849752486, 0.0527803003788, 0.0712844058871, 0.0739093795419, 0.0899246111512, 0.0698478743434, 0.0838829427958, 0.0407136827707, 0.0797483846545, 0.0752370283008, 0.0568015724421, 0.103208139539, 0.080466337502, 0.0467004850507, 0.0728569552302, 0.0876428708434, 0.041380699724, 0.0605180822313, 0.0828478187323, 0.0772358328104, 0.0627625212073, 0.058817781508, 0.0720214098692, 0.0522031523287, 0.0370912142098, 0.0749250501394, 0.0626533851027, 0.030856942758, 0.0365856178105, 0.0357808172703, 0.0399709194899, 0.0539438165724, 0.11804907769, 0.0529733411968, 0.102261766791]
        max: [1, 1, 0.871297776699, 1, 1, 1, 1, 1, 0.816145181656, 1, 1, 1, 1, 1, 0.964531600475, 1, 1, 1, 1, 1, 1, 1, 0.962020039558, 0.987566769123, 1, 0.901262044907, 1, 1, 0.897593677044, 0.820887029171, 0.762905478477, 1, 1, 1, 1, 1]
        mean: [0.280985921621, 0.28661313653, 0.240066364408, 0.248441085219, 0.30269831419, 0.311619341373, 0.358046263456, 0.321205228567, 0.266257345676, 0.299296736717, 0.314933955669, 0.360626995564, 0.508942842484, 0.453183352947, 0.28721934557, 0.340804427862, 0.341744035482, 0.261286735535, 0.323762059212, 0.355110347271, 0.249066799879, 0.210363477468, 0.222577884793, 0.351895093918, 0.421650499105, 0.297012448311, 0.298644721508, 0.281662940979, 0.234603464603, 0.250438779593, 0.208153247833, 0.218501925468, 0.374590277672, 0.603061378002, 0.532551527023, 0.315371215343]
        min: [0.000687431776896, 0.00115478876978, 0.00091368262656, 0.000592809403315, 0.000473409920232, 0.0014085683506, 0.000474018743262, 0.000171894207597, 0.000555282342248, 0.000579766114242, 0.000567686685827, 0.0144953792915, 0.033813804388, 0.0227593034506, 0.00645765615627, 0.000654081231914, 0.000531702942681, 0.00100018666126, 0.015283709392, 0.0195008497685, 0.000707552651875, 0.00023126443557, 0.000243240545387, 0.0157968103886, 0.0293218772858, 0.0182790495455, 0.000773301231675, 0.000969893357251, 0.00177432422061, 0.00177779968362, 0.00178296945523, 0.00061603874201, 0.00310652889311, 0.038599755615, 0.0190327297896, 0.000512121187057]
        var: [0.0557743161917, 0.0512369200587, 0.0397632196546, 0.0475075058639, 0.0509963780642, 0.0451206751168, 0.0781040489674, 0.0939605906606, 0.0325787328184, 0.0613254904747, 0.0568281635642, 0.0479691289365, 0.0926664620638, 0.0734216272831, 0.0362657420337, 0.0893154069781, 0.101851142943, 0.0369504950941, 0.0457519032061, 0.0702968612313, 0.0468986332417, 0.0336274802685, 0.0322697795928, 0.044813554734, 0.0701804757118, 0.0361059457064, 0.0857716053724, 0.0723826736212, 0.033793579787, 0.0326892361045, 0.027383999899, 0.0328312180936, 0.0478490144014, 0.0767332985997, 0.0647158697248, 0.0633941441774]
    chords_histogram: [61.1510772705, 0, 0, 0, 0, 5.75539588928, 0, 0, 0, 0, 0, 0, 0, 0, 0, 0, 0, 5.75539588928, 5.0359711647, 22.3021583557, 0, 0, 0, 0]
    thpcp: [1, 0.883080124855, 0.522950470448, 0.465932548046, 0.475263625383, 0.398079484701, 0.411966502666, 0.501936137676, 0.516729056835, 0.593714475632, 0.532624423504, 0.441509544849, 0.496295660734, 0.522225379944, 0.597993850708, 0.84393209219, 0.751471340656, 0.476268857718, 0.565123975277, 0.566682040691, 0.433267235756, 0.536864221096, 0.588846087456, 0.41300407052, 0.348825991154, 0.369079977274, 0.58351457119, 0.699183404446, 0.492507815361, 0.49521446228, 0.467055171728, 0.389020860195, 0.415279090405, 0.345160961151, 0.362321197987, 0.621147871017]
    chords_key: "C#"
    chords_scale: "major"
    key_key: "C#"
    key_scale: "major"
    chords_progression: ["G#m", "G#m", "G#m", "G#m", "G#m", "G#m", "G#m", "G#m", "G#m", "G#m", "G#m", "G#m", "G#m", "G#m", "G#m", "G#m", "G#m", "G#m", "G#m", "G#m", "G#m", "G#m", "G#m", "G#m", "G#m", "G#m", "G#m", "G#m", "G#m", "G#m", "G#m", "E", "E", "E", "E", "E", "E", "E", "C#m", "C#m", "C#m", "C#m", "C#m", "C#m", "C#m", "C#m", "Gm", "Gm", "Gm", "Gm", "Gm", "Gm", "Gm", "Gm", "C#", "C#", "C#", "C#", "C#", "C#", "C#", "C#", "C#", "C#", "C#", "C#", "C#", "C#", "C#", "C#", "C#", "C#", "C#", "C#", "C#", "C#", "C#", "C#", "C#", "C#", "C#", "C#", "C#", "C#", "C#", "C#", "C#", "C#", "C#", "C#", "C#", "C#", "C#", "C#", "C#", "C#", "C#", "C#", "C#", "C#", "C#", "C#", "C#", "C#", "C#", "C#", "C#", "C#", "C#", "C#", "C#", "C#", "C#", "C#", "C#", "C#", "C#", "C#", "C#", "C#", "C#", "C#", "C#", "C#", "C#", "C#", "C#", "C#", "C#", "C#", "C#", "C#", "C#", "C#", "C#", "C#", "C#", "C#", "C#"]
